2.283497624842061313e+00,-4.889048616363870781e-01,-4.100176198428995278e-02,0.000000000000000000e+00,-1.462782429066097345e-01,-0.000000000000000000e+00,0.000000000000000000e+00,8.319593617746545711e-02,-1.887280973932942973e-01,-4.267263781086496136e-03,-0.000000000000000000e+00,-0.000000000000000000e+00,0.000000000000000000e+00,-2.100520542843540769e-02,-0.000000000000000000e+00,-0.000000000000000000e+00,-0.000000000000000000e+00,-0.000000000000000000e+00,0.000000000000000000e+00,0.000000000000000000e+00,-0.000000000000000000e+00,0.000000000000000000e+00,-0.000000000000000000e+00,-0.000000000000000000e+00,-5.198593303797799034e-03,-3.968821575859126649e-01,-0.000000000000000000e+00,-8.741230191699916885e-02,-6.270751163807261608e-02,-5.788405797618420001e-01,-0.000000000000000000e+00,-0.000000000000000000e+00,-0.000000000000000000e+00,-0.000000000000000000e+00,-0.000000000000000000e+00,-0.000000000000000000e+00,-0.000000000000000000e+00,-2.833713890730896745e-01,-0.000000000000000000e+00
-4.889048616363870781e-01,1.838698597009258862e+00,-0.000000000000000000e+00,0.000000000000000000e+00,-0.000000000000000000e+00,-0.000000000000000000e+00,0.000000000000000000e+00,3.009484431257414966e-02,-1.553027551224759606e-01,-2.282564954114745526e-01,-0.000000000000000000e+00,-0.000000000000000000e+00,0.000000000000000000e+00,-1.483991030314547321e-01,-0.000000000000000000e+00,-1.437906000721543842e-01,-0.000000000000000000e+00,-0.000000000000000000e+00,-0.000000000000000000e+00,0.000000000000000000e+00,0.000000000000000000e+00,-0.000000000000000000e+00,-0.000000000000000000e+00,-6.695911531790080251e-02,-0.000000000000000000e+00,-3.120159737876913170e-02,-4.913110967647622840e-02,-0.000000000000000000e+00,-0.000000000000000000e+00,-5.841420522613800792e-02,-0.000000000000000000e+00,-0.000000000000000000e+00,-0.000000000000000000e+00,-0.000000000000000000e+00,-0.000000000000000000e+00,-2.785637755263655202e-01,-0.000000000000000000e+00,-0.000000000000000000e+00,-3.583872635062491235e-02
-4.100176198428995278e-02,-0.000000000000000000e+00,2.175582629271151980e+00,-0.000000000000000000e+00,-3.995782102394586088e-01,0.000000000000000000e+00,-0.000000000000000000e+00,2.380340856031133712e-01,-2.819814297378903101e-01,-0.000000000000000000e+00,-0.000000000000000000e+00,-0.000000000000000000e+00,-0.000000000000000000e+00,-5.626577523003693793e-02,-0.000000000000000000e+00,-0.000000000000000000e+00,0.000000000000000000e+00,-1.798084688133007869e-01,-0.000000000000000000e+00,-0.000000000000000000e+00,-2.713148336771580016e-02,-1.442133184069065710e-01,-0.000000000000000000e+00,-0.000000000000000000e+00,-4.496354871337778121e-03,-2.636844494498055136e-01,-1.078556385742015372e-02,-0.000000000000000000e+00,-0.000000000000000000e+00,-2.211373062857100169e-01,-0.000000000000000000e+00,-0.000000000000000000e+00,-3.287194206771334448e-01,-2.283075026777078576e-01,0.000000000000000000e+00,-0.000000000000000000e+00,-0.000000000000000000e+00,-0.000000000000000000e+00,-0.000000000000000000e+00
0.000000000000000000e+00,0.000000000000000000e+00,-0.000000000000000000e+00,2.518004993833343530e+00,-0.000000000000000000e+00,1.434687084611514230e-01,-5.904995504837159404e-01,-0.000000000000000000e+00,-0.000000000000000000e+00,0.000000000000000000e+00,0.000000000000000000e+00,-0.000000000000000000e+00,-0.000000000000000000e+00,-0.000000000000000000e+00,-0.000000000000000000e+00,0.000000000000000000e+00,5.392006776152167280e-01,-0.000000000000000000e+00,-3.959094567935221298e-01,-1.020611805017330509e+00,-0.000000000000000000e+00,-0.000000000000000000e+00,4.460902086716811432e-02,0.000000000000000000e+00,-0.000000000000000000e+00,-0.000000000000000000e+00,-0.000000000000000000e+00,-0.000000000000000000e+00,-0.000000000000000000e+00,0.000000000000000000e+00,0.000000000000000000e+00,-0.000000000000000000e+00,1.753558756873305549e-02,-0.000000000000000000e+00,0.000000000000000000e+00,-0.000000000000000000e+00,-0.000000000000000000e+00,-0.000000000000000000e+00,-0.000000000000000000e+00
-1.462782429066097345e-01,-0.000000000000000000e+00,-3.995782102394586088e-01,-0.000000000000000000e+00,1.871223396663419747e+00,0.000000000000000000e+00,-0.000000000000000000e+00,5.869907549167254629e-02,-6.892998364599896288e-02,-0.000000000000000000e+00,0.000000000000000000e+00,-0.000000000000000000e+00,-0.000000000000000000e+00,-5.576502355301502512e-01,-0.000000000000000000e+00,-0.000000000000000000e+00,0.000000000000000000e+00,-1.227097509743821785e-01,-0.000000000000000000e+00,-0.000000000000000000e+00,-0.000000000000000000e+00,-0.000000000000000000e+00,-0.000000000000000000e+00,-0.000000000000000000e+00,-0.000000000000000000e+00,-1.518121786644243409e-01,-0.000000000000000000e+00,-1.368172789194625760e-02,-0.000000000000000000e+00,-1.049582282054860455e-01,-0.000000000000000000e+00,-0.000000000000000000e+00,-0.000000000000000000e+00,-0.000000000000000000e+00,-0.000000000000000000e+00,-0.000000000000000000e+00,-0.000000000000000000e+00,-2.601119634285928295e-02,-0.000000000000000000e+00
-0.000000000000000000e+00,-0.000000000000000000e+00,0.000000000000000000e+00,1.434687084611514230e-01,0.000000000000000000e+00,2.265988213685500963e+00,0.000000000000000000e+00,-1.066949351765829751e-01,2.275431748556932046e-02,-0.000000000000000000e+00,-1.403291462253953015e-01,4.290151976544139267e-01,-0.000000000000000000e+00,0.000000000000000000e+00,0.000000000000000000e+00,-1.580611591912283731e-01,-6.317104681283498557e-01,0.000000000000000000e+00,0.000000000000000000e+00,0.000000000000000000e+00,-0.000000000000000000e+00,-0.000000000000000000e+00,-1.362148125239315000e-01,-0.000000000000000000e+00,-0.000000000000000000e+00,0.000000000000000000e+00,0.000000000000000000e+00,-0.000000000000000000e+00,0.000000000000000000e+00,-0.000000000000000000e+00,-0.000000000000000000e+00,0.000000000000000000e+00,-8.912365020739919375e-02,2.475879611504923916e-01,-4.462027965836772858e-01,0.000000000000000000e+00,-0.000000000000000000e+00,1.240192267916522678e-01,9.028404245665336281e-02
0.000000000000000000e+00,0.000000000000000000e+00,-0.000000000000000000e+00,-5.904995504837159404e-01,-0.000000000000000000e+00,0.000000000000000000e+00,1.798039013565682742e+00,-0.000000000000000000e+00,0.000000000000000000e+00,0.000000000000000000e+00,0.000000000000000000e+00,0.000000000000000000e+00,-4.192004747050747659e-01,-0.000000000000000000e+00,0.000000000000000000e+00,0.000000000000000000e+00,0.000000000000000000e+00,-0.000000000000000000e+00,-0.000000000000000000e+00,-1.513813090268594230e-01,0.000000000000000000e+00,-2.575784319224571073e-01,0.000000000000000000e+00,-0.000000000000000000e+00,-0.000000000000000000e+00,-0.000000000000000000e+00,-3.491336194286118189e-02,-0.000000000000000000e+00,-8.766025787811246306e-02,0.000000000000000000e+00,-2.376228284392465917e-01,0.000000000000000000e+00,0.000000000000000000e+00,-0.000000000000000000e+00,-0.000000000000000000e+00,-1.674819985510836483e-03,-0.000000000000000000e+00,3.094934239150342898e-03,0.000000000000000000e+00
8.319593617746545711e-02,3.009484431257414966e-02,2.380340856031133712e-01,-0.000000000000000000e+00,5.869907549167254629e-02,-1.066949351765829751e-01,-0.000000000000000000e+00,1.352697817419210358e+00,0.000000000000000000e+00,0.000000000000000000e+00,0.000000000000000000e+00,0.000000000000000000e+00,-0.000000000000000000e+00,8.686716855126884462e-02,-0.000000000000000000e+00,-0.000000000000000000e+00,0.000000000000000000e+00,-0.000000000000000000e+00,-0.000000000000000000e+00,-0.000000000000000000e+00,-0.000000000000000000e+00,-5.163718112770848689e-02,0.000000000000000000e+00,0.000000000000000000e+00,0.000000000000000000e+00,3.831228610252829236e-02,0.000000000000000000e+00,-0.000000000000000000e+00,2.877105461115362153e-02,0.000000000000000000e+00,0.000000000000000000e+00,2.494480532496997083e-01,0.000000000000000000e+00,0.000000000000000000e+00,-5.779388499891711939e-02,0.000000000000000000e+00,-0.000000000000000000e+00,1.005017285431330509e-01,0.000000000000000000e+00
-1.887280973932942973e-01,-1.553027551224759606e-01,-2.819814297378903101e-01,-0.000000000000000000e+00,-6.892998364599896288e-02,2.275431748556932046e-02,0.000000000000000000e+00,0.000000000000000000e+00,3.021903496869634775e+00,-0.000000000000000000e+00,0.000000000000000000e+00,-3.696356313900220347e-01,0.000000000000000000e+00,-5.471169748691866175e-02,-1.059730968295151225e-02,-0.000000000000000000e+00,0.000000000000000000e+00,-5.686571292574464920e-01,-2.860915670239429394e-03,-0.000000000000000000e+00,0.000000000000000000e+00,-0.000000000000000000e+00,0.000000000000000000e+00,-0.000000000000000000e+00,-0.000000000000000000e+00,-2.518900532745430576e-01,-1.057181883287447964e-02,-0.000000000000000000e+00,-0.000000000000000000e+00,-0.000000000000000000e+00,0.000000000000000000e+00,-5.724711883097055587e-02,0.000000000000000000e+00,-3.906945395717239533e-01,0.000000000000000000e+00,-0.000000000000000000e+00,0.000000000000000000e+00,-3.831815872463074923e-02,-7.989909809193245227e-01
-4.267263781086496136e-03,-2.282564954114745526e-01,-0.000000000000000000e+00,0.000000000000000000e+00,-0.000000000000000000e+00,-0.000000000000000000e+00,0.000000000000000000e+00,0.000000000000000000e+00,-0.000000000000000000e+00,2.440153059557523374e+00,-0.000000000000000000e+00,-0.000000000000000000e+00,0.000000000000000000e+00,-0.000000000000000000e+00,0.000000000000000000e+00,-7.378643107018428848e-01,-0.000000000000000000e+00,-0.000000000000000000e+00,-0.000000000000000000e+00,0.000000000000000000e+00,-0.000000000000000000e+00,-0.000000000000000000e+00,-1.137675227828249813e-01,-8.639918696516665775e-02,-3.904318412654896875e-01,-0.000000000000000000e+00,-1.896933360050312434e-01,-0.000000000000000000e+00,-0.000000000000000000e+00,-6.872078577751538075e-01,-0.000000000000000000e+00,-0.000000000000000000e+00,-0.000000000000000000e+00,-0.000000000000000000e+00,-0.000000000000000000e+00,-7.208144363023816226e-02,-0.000000000000000000e+00,-0.000000000000000000e+00,-2.629461826211312164e-02
-0.000000000000000000e+00,-0.000000000000000000e+00,-0.000000000000000000e+00,0.000000000000000000e+00,0.000000000000000000e+00,-1.403291462253953015e-01,0.000000000000000000e+00,0.000000000000000000e+00,0.000000000000000000e+00,-0.000000000000000000e+00,1.923397865321101907e+00,2.765269770230230698e-02,-3.475968474525955032e-01,-0.000000000000000000e+00,0.000000000000000000e+00,-0.000000000000000000e+00,-8.008805359306279126e-01,0.000000000000000000e+00,0.000000000000000000e+00,-0.000000000000000000e+00,-4.971771669961996820e-02,-0.000000000000000000e+00,-1.099027078434672011e-01,-0.000000000000000000e+00,-0.000000000000000000e+00,-0.000000000000000000e+00,0.000000000000000000e+00,-1.620333331946714195e-01,-0.000000000000000000e+00,-0.000000000000000000e+00,-0.000000000000000000e+00,0.000000000000000000e+00,-1.778491016985047357e-01,0.000000000000000000e+00,-0.000000000000000000e+00,0.000000000000000000e+00,-1.862480979395483016e-01,0.000000000000000000e+00,2.883379882480491957e-02
-0.000000000000000000e+00,-0.000000000000000000e+00,-0.000000000000000000e+00,-0.000000000000000000e+00,-0.000000000000000000e+00,4.290151976544139267e-01,0.000000000000000000e+00,0.000000000000000000e+00,-3.696356313900220347e-01,-0.000000000000000000e+00,2.765269770230230698e-02,2.742575492838491336e+00,4.119480373974267889e-02,-0.000000000000000000e+00,-5.985094107885799986e-01,0.000000000000000000e+00,5.647747401280574231e-02,-4.121585976285529335e-02,-2.001683738513000133e-01,-0.000000000000000000e+00,0.000000000000000000e+00,0.000000000000000000e+00,0.000000000000000000e+00,-0.000000000000000000e+00,-0.000000000000000000e+00,-0.000000000000000000e+00,-1.402759281199687236e-01,0.000000000000000000e+00,-0.000000000000000000e+00,-0.000000000000000000e+00,0.000000000000000000e+00,-2.490392103717416761e-01,0.000000000000000000e+00,-2.283514207174633104e-01,9.490626458736187154e-02,-0.000000000000000000e+00,0.000000000000000000e+00,-1.301510511727395625e-01,-4.522750751568088146e-01
0.000000000000000000e+00,0.000000000000000000e+00,-0.000000000000000000e+00,-0.000000000000000000e+00,-0.000000000000000000e+00,-0.000000000000000000e+00,-4.192004747050747659e-01,-0.000000000000000000e+00,0.000000000000000000e+00,0.000000000000000000e+00,-3.475968474525955032e-01,4.119480373974267889e-02,1.795662710412266216e+00,-0.000000000000000000e+00,0.000000000000000000e+00,0.000000000000000000e+00,-0.000000000000000000e+00,-0.000000000000000000e+00,0.000000000000000000e+00,-2.943174566575136875e-01,-2.616487579655524254e-01,-1.117948866747829478e-01,0.000000000000000000e+00,0.000000000000000000e+00,0.000000000000000000e+00,-0.000000000000000000e+00,0.000000000000000000e+00,-2.546856365388678878e-01,-6.365270823287146051e-02,0.000000000000000000e+00,-0.000000000000000000e+00,0.000000000000000000e+00,-0.000000000000000000e+00,-0.000000000000000000e+00,-0.000000000000000000e+00,0.000000000000000000e+00,-5.719171042565889679e-02,0.000000000000000000e+00,3.546031035846364809e-01
-2.100520542843540769e-02,-1.483991030314547321e-01,-5.626577523003693793e-02,-0.000000000000000000e+00,-5.576502355301502512e-01,0.000000000000000000e+00,-0.000000000000000000e+00,8.686716855126884462e-02,-5.471169748691866175e-02,-0.000000000000000000e+00,-0.000000000000000000e+00,-0.000000000000000000e+00,-0.000000000000000000e+00,2.631189373570280932e+00,-0.000000000000000000e+00,-0.000000000000000000e+00,0.000000000000000000e+00,-0.000000000000000000e+00,-0.000000000000000000e+00,-0.000000000000000000e+00,-0.000000000000000000e+00,-0.000000000000000000e+00,-0.000000000000000000e+00,-2.757502417440214626e-01,-5.208611134424653288e-01,-1.549968659057325560e-01,-3.149379146304392418e-01,-0.000000000000000000e+00,-4.794915019016486313e-01,-0.000000000000000000e+00,-0.000000000000000000e+00,-0.000000000000000000e+00,-0.000000000000000000e+00,-1.237183449923144607e-02,-0.000000000000000000e+00,-2.533988855036244381e-01,-2.074376035062364121e-01,-0.000000000000000000e+00,-0.000000000000000000e+00
-0.000000000000000000e+00,-0.000000000000000000e+00,-0.000000000000000000e+00,-0.000000000000000000e+00,-0.000000000000000000e+00,0.000000000000000000e+00,0.000000000000000000e+00,-0.000000000000000000e+00,-1.059730968295151225e-02,0.000000000000000000e+00,0.000000000000000000e+00,-5.985094107885799986e-01,0.000000000000000000e+00,-0.000000000000000000e+00,2.141740009667607136e+00,0.000000000000000000e+00,0.000000000000000000e+00,-2.198727346454351084e-01,-1.113954967817415570e-01,-4.487052001016981345e-02,0.000000000000000000e+00,0.000000000000000000e+00,0.000000000000000000e+00,-0.000000000000000000e+00,-0.000000000000000000e+00,-3.026045501223649237e-01,-0.000000000000000000e+00,-0.000000000000000000e+00,-0.000000000000000000e+00,0.000000000000000000e+00,1.510134366404338180e-01,-7.872895614237943041e-02,0.000000000000000000e+00,-4.275191960938081737e-01,1.266778750693670352e-01,0.000000000000000000e+00,0.000000000000000000e+00,-1.848680736024197468e-01,-0.000000000000000000e+00
-0.000000000000000000e+00,-1.437906000721543842e-01,-0.000000000000000000e+00,0.000000000000000000e+00,-0.000000000000000000e+00,-1.580611591912283731e-01,0.000000000000000000e+00,-0.000000000000000000e+00,-0.000000000000000000e+00,-7.378643107018428848e-01,-0.000000000000000000e+00,0.000000000000000000e+00,0.000000000000000000e+00,-0.000000000000000000e+00,0.000000000000000000e+00,2.277272083800867097e+00,-0.000000000000000000e+00,-0.000000000000000000e+00,0.000000000000000000e+00,0.000000000000000000e+00,-0.000000000000000000e+00,-3.639359098112911195e-02,-4.981901802377524668e-01,-0.000000000000000000e+00,-0.000000000000000000e+00,-0.000000000000000000e+00,-0.000000000000000000e+00,-1.773395819413933205e-01,0.000000000000000000e+00,-3.964034149189619161e-01,-0.000000000000000000e+00,0.000000000000000000e+00,-1.311957639297293698e-01,0.000000000000000000e+00,-2.106439710262748843e-01,-0.000000000000000000e+00,-0.000000000000000000e+00,0.000000000000000000e+00,-0.000000000000000000e+00
-0.000000000000000000e+00,-0.000000000000000000e+00,0.000000000000000000e+00,5.392006776152167280e-01,0.000000000000000000e+00,-6.317104681283498557e-01,0.000000000000000000e+00,0.000000000000000000e+00,0.000000000000000000e+00,-0.000000000000000000e+00,-8.008805359306279126e-01,5.647747401280574231e-02,-0.000000000000000000e+00,0.000000000000000000e+00,0.000000000000000000e+00,-0.000000000000000000e+00,2.466670284695981152e+00,0.000000000000000000e+00,4.724285936174195677e-01,0.000000000000000000e+00,-0.000000000000000000e+00,0.000000000000000000e+00,-2.159919388088134828e-01,-0.000000000000000000e+00,-0.000000000000000000e+00,0.000000000000000000e+00,0.000000000000000000e+00,-0.000000000000000000e+00,-0.000000000000000000e+00,-0.000000000000000000e+00,-0.000000000000000000e+00,0.000000000000000000e+00,-9.510332697671956825e-02,0.000000000000000000e+00,-0.000000000000000000e+00,0.000000000000000000e+00,-0.000000000000000000e+00,0.000000000000000000e+00,0.000000000000000000e+00
-0.000000000000000000e+00,-0.000000000000000000e+00,-1.798084688133007869e-01,-0.000000000000000000e+00,-1.227097509743821785e-01,0.000000000000000000e+00,-0.000000000000000000e+00,-0.000000000000000000e+00,-5.686571292574464920e-01,-0.000000000000000000e+00,0.000000000000000000e+00,-4.121585976285529335e-02,-0.000000000000000000e+00,-0.000000000000000000e+00,-2.198727346454351084e-01,-0.000000000000000000e+00,0.000000000000000000e+00,2.871829885045324993e+00,-1.050694947072733809e+00,-1.769468587384052938e-01,-0.000000000000000000e+00,-1.489324672382782901e-03,0.000000000000000000e+00,-0.000000000000000000e+00,-3.813430188036276425e-02,-9.483378860905584962e-02,-2.001975456545335708e-01,-0.000000000000000000e+00,-0.000000000000000000e+00,-0.000000000000000000e+00,-0.000000000000000000e+00,-0.000000000000000000e+00,-0.000000000000000000e+00,-2.829073509688756483e-01,0.000000000000000000e+00,-0.000000000000000000e+00,-0.000000000000000000e+00,-0.000000000000000000e+00,-0.000000000000000000e+00
0.000000000000000000e+00,-0.000000000000000000e+00,-0.000000000000000000e+00,-3.959094567935221298e-01,-0.000000000000000000e+00,0.000000000000000000e+00,-0.000000000000000000e+00,-0.000000000000000000e+00,-2.860915670239429394e-03,-0.000000000000000000e+00,0.000000000000000000e+00,-2.001683738513000133e-01,0.000000000000000000e+00,-0.000000000000000000e+00,-1.113954967817415570e-01,0.000000000000000000e+00,4.724285936174195677e-01,-1.050694947072733809e+00,2.735605323392400923e+00,-2.928284294671363447e-02,0.000000000000000000e+00,-0.000000000000000000e+00,0.000000000000000000e+00,-0.000000000000000000e+00,-0.000000000000000000e+00,-0.000000000000000000e+00,-2.939029896635065864e-01,-0.000000000000000000e+00,-0.000000000000000000e+00,-0.000000000000000000e+00,0.000000000000000000e+00,-0.000000000000000000e+00,0.000000000000000000e+00,-2.675366677418632433e-01,0.000000000000000000e+00,-0.000000000000000000e+00,0.000000000000000000e+00,-0.000000000000000000e+00,-1.867560156156560305e-02
0.000000000000000000e+00,0.000000000000000000e+00,-0.000000000000000000e+00,-1.020611805017330509e+00,-0.000000000000000000e+00,0.000000000000000000e+00,-1.513813090268594230e-01,-0.000000000000000000e+00,-0.000000000000000000e+00,0.000000000000000000e+00,-0.000000000000000000e+00,-0.000000000000000000e+00,-2.943174566575136875e-01,-0.000000000000000000e+00,-4.487052001016981345e-02,0.000000000000000000e+00,0.000000000000000000e+00,-1.769468587384052938e-01,-2.928284294671363447e-02,2.352723813234341321e+00,-2.898697096161208936e-02,-1.729393195105972947e-01,0.000000000000000000e+00,0.000000000000000000e+00,-0.000000000000000000e+00,-0.000000000000000000e+00,-0.000000000000000000e+00,-1.963186607688785223e-01,-1.278617538407391674e-01,0.000000000000000000e+00,0.000000000000000000e+00,0.000000000000000000e+00,0.000000000000000000e+00,-3.651726830620598552e-01,-0.000000000000000000e+00,-0.000000000000000000e+00,-0.000000000000000000e+00,-0.000000000000000000e+00,0.000000000000000000e+00
-0.000000000000000000e+00,0.000000000000000000e+00,-2.713148336771580016e-02,-0.000000000000000000e+00,-0.000000000000000000e+00,-0.000000000000000000e+00,0.000000000000000000e+00,-0.000000000000000000e+00,0.000000000000000000e+00,-0.000000000000000000e+00,-4.971771669961996820e-02,0.000000000000000000e+00,-2.616487579655524254e-01,-0.000000000000000000e+00,0.000000000000000000e+00,-0.000000000000000000e+00,-0.000000000000000000e+00,-0.000000000000000000e+00,0.000000000000000000e+00,-2.898697096161208936e-02,1.820919543880663793e+00,-4.441357989627557901e-01,-0.000000000000000000e+00,0.000000000000000000e+00,-0.000000000000000000e+00,-0.000000000000000000e+00,0.000000000000000000e+00,-3.132082959024268254e-01,-0.000000000000000000e+00,-0.000000000000000000e+00,-0.000000000000000000e+00,2.284001782765553677e-03,-4.241312729041938345e-01,-0.000000000000000000e+00,-0.000000000000000000e+00,0.000000000000000000e+00,-1.185401000826625945e-01,0.000000000000000000e+00,0.000000000000000000e+00
0.000000000000000000e+00,-0.000000000000000000e+00,-1.442133184069065710e-01,-0.000000000000000000e+00,-0.000000000000000000e+00,-0.000000000000000000e+00,-2.575784319224571073e-01,-5.163718112770848689e-02,-0.000000000000000000e+00,-0.000000000000000000e+00,-0.000000000000000000e+00,0.000000000000000000e+00,-1.117948866747829478e-01,-0.000000000000000000e+00,0.000000000000000000e+00,-3.639359098112911195e-02,0.000000000000000000e+00,-1.489324672382782901e-03,-0.000000000000000000e+00,-1.729393195105972947e-01,-4.441357989627557901e-01,1.813532527991866150e+00,-0.000000000000000000e+00,0.000000000000000000e+00,-7.749771566705317138e-03,-0.000000000000000000e+00,-0.000000000000000000e+00,-9.159953877915986975e-02,-0.000000000000000000e+00,-0.000000000000000000e+00,-4.602023824540524971e-02,0.000000000000000000e+00,-2.364610565023456401e-01,-0.000000000000000000e+00,-2.382003248644251336e-01,-0.000000000000000000e+00,-5.945465791142329204e-02,0.000000000000000000e+00,-0.000000000000000000e+00
-0.000000000000000000e+00,-0.000000000000000000e+00,-0.000000000000000000e+00,4.460902086716811432e-02,-0.000000000000000000e+00,-1.362148125239315000e-01,0.000000000000000000e+00,0.000000000000000000e+00,0.000000000000000000e+00,-1.137675227828249813e-01,-1.099027078434672011e-01,0.000000000000000000e+00,0.000000000000000000e+00,-0.000000000000000000e+00,0.000000000000000000e+00,-4.981901802377524668e-01,-2.159919388088134828e-01,0.000000000000000000e+00,0.000000000000000000e+00,0.000000000000000000e+00,-0.000000000000000000e+00,-0.000000000000000000e+00,1.806432628946557761e+00,-0.000000000000000000e+00,-5.264058157986282183e-01,0.000000000000000000e+00,0.000000000000000000e+00,-0.000000000000000000e+00,-0.000000000000000000e+00,-6.359025693549935285e-03,-0.000000000000000000e+00,0.000000000000000000e+00,-9.080142098362643799e-02,0.000000000000000000e+00,-8.694551590342876335e-02,-0.000000000000000000e+00,-0.000000000000000000e+00,-0.000000000000000000e+00,-0.000000000000000000e+00
-0.000000000000000000e+00,-6.695911531790080251e-02,-0.000000000000000000e+00,0.000000000000000000e+00,-0.000000000000000000e+00,-0.000000000000000000e+00,-0.000000000000000000e+00,0.000000000000000000e+00,-0.000000000000000000e+00,-8.639918696516665775e-02,-0.000000000000000000e+00,-0.000000000000000000e+00,0.000000000000000000e+00,-2.757502417440214626e-01,-0.000000000000000000e+00,-0.000000000000000000e+00,-0.000000000000000000e+00,-0.000000000000000000e+00,-0.000000000000000000e+00,0.000000000000000000e+00,0.000000000000000000e+00,0.000000000000000000e+00,-0.000000000000000000e+00,1.230201235759541323e+00,-1.019501855531996792e-01,-0.000000000000000000e+00,-6.592137310761961300e-02,-0.000000000000000000e+00,-0.000000000000000000e+00,-0.000000000000000000e+00,-0.000000000000000000e+00,-1.164841967610741186e-01,0.000000000000000000e+00,-0.000000000000000000e+00,-0.000000000000000000e+00,0.000000000000000000e+00,-0.000000000000000000e+00,-0.000000000000000000e+00,-0.000000000000000000e+00
-5.198593303797799034e-03,-0.000000000000000000e+00,-4.496354871337778121e-03,-0.000000000000000000e+00,-0.000000000000000000e+00,-0.000000000000000000e+00,-0.000000000000000000e+00,0.000000000000000000e+00,-0.000000000000000000e+00,-3.904318412654896875e-01,-0.000000000000000000e+00,-0.000000000000000000e+00,0.000000000000000000e+00,-5.208611134424653288e-01,-0.000000000000000000e+00,-0.000000000000000000e+00,-0.000000000000000000e+00,-3.813430188036276425e-02,-0.000000000000000000e+00,-0.000000000000000000e+00,-0.000000000000000000e+00,-7.749771566705317138e-03,-5.264058157986282183e-01,-1.019501855531996792e-01,2.020924305108994457e+00,-0.000000000000000000e+00,-0.000000000000000000e+00,-8.237187821351872608e-02,-1.308110940729375650e-02,-0.000000000000000000e+00,-3.503326224830769497e-01,-0.000000000000000000e+00,-0.000000000000000000e+00,-0.000000000000000000e+00,-0.000000000000000000e+00,-0.000000000000000000e+00,-2.299123773620077166e-02,-0.000000000000000000e+00,-0.000000000000000000e+00
-3.968821575859126649e-01,-3.120159737876913170e-02,-2.636844494498055136e-01,-0.000000000000000000e+00,-1.518121786644243409e-01,0.000000000000000000e+00,-0.000000000000000000e+00,3.831228610252829236e-02,-2.518900532745430576e-01,-0.000000000000000000e+00,-0.000000000000000000e+00,-0.000000000000000000e+00,-0.000000000000000000e+00,-1.549968659057325560e-01,-3.026045501223649237e-01,-0.000000000000000000e+00,0.000000000000000000e+00,-9.483378860905584962e-02,-0.000000000000000000e+00,-0.000000000000000000e+00,-0.000000000000000000e+00,-0.000000000000000000e+00,0.000000000000000000e+00,-0.000000000000000000e+00,-0.000000000000000000e+00,2.603601285710535063e+00,-4.366935274442246273e-01,-7.651040523147809025e-02,-5.977972212615350056e-01,-0.000000000000000000e+00,-0.000000000000000000e+00,-5.165609809869130958e-02,-0.000000000000000000e+00,-0.000000000000000000e+00,0.000000000000000000e+00,-0.000000000000000000e+00,-0.000000000000000000e+00,-0.000000000000000000e+00,-0.000000000000000000e+00
-0.000000000000000000e+00,-4.913110967647622840e-02,-1.078556385742015372e-02,-0.000000000000000000e+00,-0.000000000000000000e+00,0.000000000000000000e+00,-3.491336194286118189e-02,0.000000000000000000e+00,-1.057181883287447964e-02,-1.896933360050312434e-01,0.000000000000000000e+00,-1.402759281199687236e-01,0.000000000000000000e+00,-3.149379146304392418e-01,-0.000000000000000000e+00,-0.000000000000000000e+00,0.000000000000000000e+00,-2.001975456545335708e-01,-2.939029896635065864e-01,-0.000000000000000000e+00,0.000000000000000000e+00,-0.000000000000000000e+00,0.000000000000000000e+00,-6.592137310761961300e-02,-0.000000000000000000e+00,-4.366935274442246273e-01,2.106550346096085047e+00,-0.000000000000000000e+00,-5.836355550457206220e-02,-0.000000000000000000e+00,-1.150815682899351301e-02,-6.446392901739879389e-02,0.000000000000000000e+00,-0.000000000000000000e+00,-0.000000000000000000e+00,-1.279453485724166839e-01,-0.000000000000000000e+00,-0.000000000000000000e+00,-1.558709951230158042e-01
-8.741230191699916885e-02,-0.000000000000000000e+00,-0.000000000000000000e+00,-0.000000000000000000e+00,-1.368172789194625760e-02,-0.000000000000000000e+00,-0.000000000000000000e+00,-0.000000000000000000e+00,-0.000000000000000000e+00,-0.000000000000000000e+00,-1.620333331946714195e-01,0.000000000000000000e+00,-2.546856365388678878e-01,-0.000000000000000000e+00,-0.000000000000000000e+00,-1.773395819413933205e-01,-0.000000000000000000e+00,-0.000000000000000000e+00,-0.000000000000000000e+00,-1.963186607688785223e-01,-3.132082959024268254e-01,-9.159953877915986975e-02,-0.000000000000000000e+00,-0.000000000000000000e+00,-8.237187821351872608e-02,-7.651040523147809025e-02,-0.000000000000000000e+00,1.832841878129415347e+00,-1.631105364700213278e-01,-0.000000000000000000e+00,-0.000000000000000000e+00,0.000000000000000000e+00,-1.742121120985374028e-01,-0.000000000000000000e+00,-1.823016374486395585e-01,-0.000000000000000000e+00,-1.506917680351544525e-02,-0.000000000000000000e+00,0.000000000000000000e+00
-6.270751163807261608e-02,-0.000000000000000000e+00,-0.000000000000000000e+00,-0.000000000000000000e+00,-0.000000000000000000e+00,0.000000000000000000e+00,-8.766025787811246306e-02,2.877105461115362153e-02,-0.000000000000000000e+00,-0.000000000000000000e+00,-0.000000000000000000e+00,-0.000000000000000000e+00,-6.365270823287146051e-02,-4.794915019016486313e-01,-0.000000000000000000e+00,0.000000000000000000e+00,-0.000000000000000000e+00,-0.000000000000000000e+00,-0.000000000000000000e+00,-1.278617538407391674e-01,-0.000000000000000000e+00,-0.000000000000000000e+00,-0.000000000000000000e+00,-0.000000000000000000e+00,-1.308110940729375650e-02,-5.977972212615350056e-01,-5.836355550457206220e-02,-1.631105364700213278e-01,2.015463464455188092e+00,-0.000000000000000000e+00,-3.057965328890358547e-01,-0.000000000000000000e+00,-0.000000000000000000e+00,-0.000000000000000000e+00,-0.000000000000000000e+00,-1.801677701088395811e-02,-2.174564552176130178e-02,-0.000000000000000000e+00,-0.000000000000000000e+00
-5.788405797618420001e-01,-5.841420522613800792e-02,-2.211373062857100169e-01,0.000000000000000000e+00,-1.049582282054860455e-01,-0.000000000000000000e+00,0.000000000000000000e+00,0.000000000000000000e+00,-0.000000000000000000e+00,-6.872078577751538075e-01,-0.000000000000000000e+00,-0.000000000000000000e+00,0.000000000000000000e+00,-0.000000000000000000e+00,0.000000000000000000e+00,-3.964034149189619161e-01,-0.000000000000000000e+00,-0.000000000000000000e+00,-0.000000000000000000e+00,0.000000000000000000e+00,-0.000000000000000000e+00,-0.000000000000000000e+00,-6.359025693549935285e-03,-0.000000000000000000e+00,-0.000000000000000000e+00,-0.000000000000000000e+00,-0.000000000000000000e+00,-0.000000000000000000e+00,-0.000000000000000000e+00,2.460728715945513567e+00,-0.000000000000000000e+00,-0.000000000000000000e+00,-0.000000000000000000e+00,-0.000000000000000000e+00,-0.000000000000000000e+00,-3.918036608397212350e-01,-0.000000000000000000e+00,-0.000000000000000000e+00,-1.301644057227796525e-01
-0.000000000000000000e+00,-0.000000000000000000e+00,-0.000000000000000000e+00,0.000000000000000000e+00,-0.000000000000000000e+00,-0.000000000000000000e+00,-2.376228284392465917e-01,0.000000000000000000e+00,0.000000000000000000e+00,-0.000000000000000000e+00,-0.000000000000000000e+00,0.000000000000000000e+00,-0.000000000000000000e+00,-0.000000000000000000e+00,1.510134366404338180e-01,-0.000000000000000000e+00,-0.000000000000000000e+00,-0.000000000000000000e+00,0.000000000000000000e+00,0.000000000000000000e+00,-0.000000000000000000e+00,-4.602023824540524971e-02,-0.000000000000000000e+00,-0.000000000000000000e+00,-3.503326224830769497e-01,-0.000000000000000000e+00,-1.150815682899351301e-02,-0.000000000000000000e+00,-3.057965328890358547e-01,-0.000000000000000000e+00,1.759910433896854975e+00,0.000000000000000000e+00,-2.232546488333545798e-01,0.000000000000000000e+00,-2.378684984276082104e-01,-0.000000000000000000e+00,-3.223854653927612501e-01,0.000000000000000000e+00,0.000000000000000000e+00
-0.000000000000000000e+00,-0.000000000000000000e+00,-0.000000000000000000e+00,-0.000000000000000000e+00,-0.000000000000000000e+00,0.000000000000000000e+00,0.000000000000000000e+00,2.494480532496997083e-01,-5.724711883097055587e-02,-0.000000000000000000e+00,0.000000000000000000e+00,-2.490392103717416761e-01,0.000000000000000000e+00,-0.000000000000000000e+00,-7.872895614237943041e-02,0.000000000000000000e+00,0.000000000000000000e+00,-0.000000000000000000e+00,-0.000000000000000000e+00,0.000000000000000000e+00,2.284001782765553677e-03,0.000000000000000000e+00,0.000000000000000000e+00,-1.164841967610741186e-01,-0.000000000000000000e+00,-5.165609809869130958e-02,-6.446392901739879389e-02,0.000000000000000000e+00,-0.000000000000000000e+00,-0.000000000000000000e+00,0.000000000000000000e+00,1.621550028507176000e+00,0.000000000000000000e+00,-0.000000000000000000e+00,7.578574415403129677e-03,-0.000000000000000000e+00,0.000000000000000000e+00,-1.096067075228391585e-01,-4.041310225808963374e-01
-0.000000000000000000e+00,-0.000000000000000000e+00,-3.287194206771334448e-01,1.753558756873305549e-02,-0.000000000000000000e+00,-8.912365020739919375e-02,0.000000000000000000e+00,0.000000000000000000e+00,0.000000000000000000e+00,-0.000000000000000000e+00,-1.778491016985047357e-01,0.000000000000000000e+00,-0.000000000000000000e+00,-0.000000000000000000e+00,0.000000000000000000e+00,-1.311957639297293698e-01,-9.510332697671956825e-02,-0.000000000000000000e+00,0.000000000000000000e+00,0.000000000000000000e+00,-4.241312729041938345e-01,-2.364610565023456401e-01,-9.080142098362643799e-02,0.000000000000000000e+00,-0.000000000000000000e+00,-0.000000000000000000e+00,0.000000000000000000e+00,-1.742121120985374028e-01,-0.000000000000000000e+00,-0.000000000000000000e+00,-2.232546488333545798e-01,0.000000000000000000e+00,1.878941889854735425e+00,0.000000000000000000e+00,-5.064686545310655152e-02,0.000000000000000000e+00,-4.724662971010383516e-02,0.000000000000000000e+00,0.000000000000000000e+00
-0.000000000000000000e+00,-0.000000000000000000e+00,-2.283075026777078576e-01,-0.000000000000000000e+00,-0.000000000000000000e+00,2.475879611504923916e-01,-0.000000000000000000e+00,0.000000000000000000e+00,-3.906945395717239533e-01,-0.000000000000000000e+00,0.000000000000000000e+00,-2.283514207174633104e-01,-0.000000000000000000e+00,-1.237183449923144607e-02,-4.275191960938081737e-01,0.000000000000000000e+00,0.000000000000000000e+00,-2.829073509688756483e-01,-2.675366677418632433e-01,-3.651726830620598552e-01,-0.000000000000000000e+00,-0.000000000000000000e+00,0.000000000000000000e+00,-0.000000000000000000e+00,-0.000000000000000000e+00,-0.000000000000000000e+00,-0.000000000000000000e+00,-0.000000000000000000e+00,-0.000000000000000000e+00,-0.000000000000000000e+00,0.000000000000000000e+00,-0.000000000000000000e+00,0.000000000000000000e+00,2.440836686489137541e+00,0.000000000000000000e+00,-0.000000000000000000e+00,0.000000000000000000e+00,-0.000000000000000000e+00,-7.752712156412232269e-02
-0.000000000000000000e+00,-0.000000000000000000e+00,0.000000000000000000e+00,0.000000000000000000e+00,-0.000000000000000000e+00,-4.462027965836772858e-01,-0.000000000000000000e+00,-5.779388499891711939e-02,0.000000000000000000e+00,-0.000000000000000000e+00,-0.000000000000000000e+00,9.490626458736187154e-02,-0.000000000000000000e+00,-0.000000000000000000e+00,1.266778750693670352e-01,-2.106439710262748843e-01,-0.000000000000000000e+00,0.000000000000000000e+00,0.000000000000000000e+00,-0.000000000000000000e+00,-0.000000000000000000e+00,-2.382003248644251336e-01,-8.694551590342876335e-02,-0.000000000000000000e+00,-0.000000000000000000e+00,0.000000000000000000e+00,-0.000000000000000000e+00,-1.823016374486395585e-01,-0.000000000000000000e+00,-0.000000000000000000e+00,-2.378684984276082104e-01,7.578574415403129677e-03,-5.064686545310655152e-02,0.000000000000000000e+00,2.198079974749856724e+00,-0.000000000000000000e+00,-8.307853458480211062e-01,6.268175067802679579e-02,0.000000000000000000e+00
-0.000000000000000000e+00,-2.785637755263655202e-01,-0.000000000000000000e+00,-0.000000000000000000e+00,-0.000000000000000000e+00,0.000000000000000000e+00,-1.674819985510836483e-03,0.000000000000000000e+00,-0.000000000000000000e+00,-7.208144363023816226e-02,0.000000000000000000e+00,-0.000000000000000000e+00,0.000000000000000000e+00,-2.533988855036244381e-01,0.000000000000000000e+00,-0.000000000000000000e+00,0.000000000000000000e+00,-0.000000000000000000e+00,-0.000000000000000000e+00,-0.000000000000000000e+00,0.000000000000000000e+00,-0.000000000000000000e+00,-0.000000000000000000e+00,0.000000000000000000e+00,-0.000000000000000000e+00,-0.000000000000000000e+00,-1.279453485724166839e-01,-0.000000000000000000e+00,-1.801677701088395811e-02,-3.918036608397212350e-01,-0.000000000000000000e+00,-0.000000000000000000e+00,0.000000000000000000e+00,-0.000000000000000000e+00,-0.000000000000000000e+00,1.617123446297459077e+00,-0.000000000000000000e+00,-0.000000000000000000e+00,-1.696764266657608267e-01
-0.000000000000000000e+00,-0.000000000000000000e+00,-0.000000000000000000e+00,-0.000000000000000000e+00,-0.000000000000000000e+00,-0.000000000000000000e+00,-0.000000000000000000e+00,-0.000000000000000000e+00,0.000000000000000000e+00,-0.000000000000000000e+00,-1.862480979395483016e-01,0.000000000000000000e+00,-5.719171042565889679e-02,-2.074376035062364121e-01,0.000000000000000000e+00,-0.000000000000000000e+00,-0.000000000000000000e+00,-0.000000000000000000e+00,0.000000000000000000e+00,-0.000000000000000000e+00,-1.185401000826625945e-01,-5.945465791142329204e-02,-0.000000000000000000e+00,-0.000000000000000000e+00,-2.299123773620077166e-02,-0.000000000000000000e+00,-0.000000000000000000e+00,-1.506917680351544525e-02,-2.174564552176130178e-02,-0.000000000000000000e+00,-3.223854653927612501e-01,0.000000000000000000e+00,-4.724662971010383516e-02,0.000000000000000000e+00,-8.307853458480211062e-01,-0.000000000000000000e+00,1.947077652684131355e+00,0.000000000000000000e+00,0.000000000000000000e+00
-2.833713890730896745e-01,-0.000000000000000000e+00,-0.000000000000000000e+00,-0.000000000000000000e+00,-2.601119634285928295e-02,1.240192267916522678e-01,3.094934239150342898e-03,1.005017285431330509e-01,-3.831815872463074923e-02,-0.000000000000000000e+00,0.000000000000000000e+00,-1.301510511727395625e-01,0.000000000000000000e+00,-0.000000000000000000e+00,-1.848680736024197468e-01,0.000000000000000000e+00,0.000000000000000000e+00,-0.000000000000000000e+00,-0.000000000000000000e+00,-0.000000000000000000e+00,0.000000000000000000e+00,0.000000000000000000e+00,-0.000000000000000000e+00,-0.000000000000000000e+00,-0.000000000000000000e+00,-0.000000000000000000e+00,-0.000000000000000000e+00,-0.000000000000000000e+00,-0.000000000000000000e+00,-0.000000000000000000e+00,0.000000000000000000e+00,-1.096067075228391585e-01,0.000000000000000000e+00,-0.000000000000000000e+00,6.268175067802679579e-02,-0.000000000000000000e+00,0.000000000000000000e+00,1.697778075762365502e+00,-4.599595174118237817e-01
-0.000000000000000000e+00,-3.583872635062491235e-02,-0.000000000000000000e+00,-0.000000000000000000e+00,-0.000000000000000000e+00,9.028404245665336281e-02,0.000000000000000000e+00,0.000000000000000000e+00,-7.989909809193245227e-01,-2.629461826211312164e-02,2.883379882480491957e-02,-4.522750751568088146e-01,3.546031035846364809e-01,-0.000000000000000000e+00,-0.000000000000000000e+00,-0.000000000000000000e+00,0.000000000000000000e+00,-0.000000000000000000e+00,-1.867560156156560305e-02,0.000000000000000000e+00,0.000000000000000000e+00,-0.000000000000000000e+00,-0.000000000000000000e+00,-0.000000000000000000e+00,-0.000000000000000000e+00,-0.000000000000000000e+00,-1.558709951230158042e-01,0.000000000000000000e+00,-0.000000000000000000e+00,-1.301644057227796525e-01,0.000000000000000000e+00,-4.041310225808963374e-01,0.000000000000000000e+00,-7.752712156412232269e-02,0.000000000000000000e+00,-1.696764266657608267e-01,0.000000000000000000e+00,-4.599595174118237817e-01,2.681389209451175759e+00
