1.583231075861067261e+00,-1.623245674635987457e-01,0.000000000000000000e+00,-0.000000000000000000e+00,-9.805111736346172613e-02,-0.000000000000000000e+00,-0.000000000000000000e+00,-0.000000000000000000e+00,-0.000000000000000000e+00,-0.000000000000000000e+00,-0.000000000000000000e+00,0.000000000000000000e+00,0.000000000000000000e+00,-2.854727981759366470e-02,0.000000000000000000e+00,-0.000000000000000000e+00,-0.000000000000000000e+00,0.000000000000000000e+00,-0.000000000000000000e+00,-0.000000000000000000e+00,-2.109006686224926264e-01,-0.000000000000000000e+00,-0.000000000000000000e+00,-0.000000000000000000e+00,-7.792088198550389810e-02,-0.000000000000000000e+00,-0.000000000000000000e+00,0.000000000000000000e+00,-0.000000000000000000e+00,-0.000000000000000000e+00,0.000000000000000000e+00,-0.000000000000000000e+00,0.000000000000000000e+00,-1.307411295174179533e-01,5.745084689779083459e-02,-0.000000000000000000e+00,-2.066355914761240364e-01,-6.298124541566744172e-01,-0.000000000000000000e+00
-1.623245674635987457e-01,1.806491084388757384e+00,0.000000000000000000e+00,-0.000000000000000000e+00,-0.000000000000000000e+00,-0.000000000000000000e+00,-0.000000000000000000e+00,-0.000000000000000000e+00,-1.889977518575469140e-01,-0.000000000000000000e+00,-0.000000000000000000e+00,0.000000000000000000e+00,2.490404358669784293e-03,-1.681488323123117856e-01,-0.000000000000000000e+00,-7.981319061528049930e-02,-0.000000000000000000e+00,1.207994385133967785e-01,-0.000000000000000000e+00,-0.000000000000000000e+00,-0.000000000000000000e+00,-0.000000000000000000e+00,-4.316557560313667441e-01,-0.000000000000000000e+00,-0.000000000000000000e+00,0.000000000000000000e+00,-2.880041997635462425e-01,0.000000000000000000e+00,-4.220541796279070335e-02,-0.000000000000000000e+00,0.000000000000000000e+00,-1.736799927773260421e-01,2.137194516944799019e-02,-7.062688620695685426e-02,-0.000000000000000000e+00,-0.000000000000000000e+00,-0.000000000000000000e+00,-0.000000000000000000e+00,-1.478998941379266741e-01
0.000000000000000000e+00,0.000000000000000000e+00,2.924757775936965842e+00,1.919656677530899302e-01,-0.000000000000000000e+00,1.540846815109849777e-01,9.636172051849387077e-02,4.838307847102639170e-01,2.606322235229665552e-01,-1.298808093106963366e-02,2.008893564191840397e-01,-0.000000000000000000e+00,-0.000000000000000000e+00,0.000000000000000000e+00,0.000000000000000000e+00,-0.000000000000000000e+00,0.000000000000000000e+00,-2.279042956066623105e-01,-0.000000000000000000e+00,1.927984311375282311e-01,2.839224291622000768e-02,0.000000000000000000e+00,0.000000000000000000e+00,0.000000000000000000e+00,-0.000000000000000000e+00,-2.665952721803647174e-01,0.000000000000000000e+00,-3.282728270329231535e-01,0.000000000000000000e+00,-0.000000000000000000e+00,-4.649854782848953372e-01,6.338836941973997885e-02,-1.192639831085283847e-01,0.000000000000000000e+00,0.000000000000000000e+00,-0.000000000000000000e+00,-0.000000000000000000e+00,0.000000000000000000e+00,0.000000000000000000e+00
-0.000000000000000000e+00,-0.000000000000000000e+00,1.919656677530899302e-01,2.135138110886319662e+00,0.000000000000000000e+00,-6.874425824440538388e-03,-8.684244651509355484e-02,-1.899763751437482939e-01,-2.032377383908891000e-01,0.000000000000000000e+00,-8.789840395052674060e-02,0.000000000000000000e+00,3.059031524818338066e-01,-1.003852768181598548e-01,-0.000000000000000000e+00,-0.000000000000000000e+00,-5.138740811181437274e-03,0.000000000000000000e+00,-0.000000000000000000e+00,-0.000000000000000000e+00,-0.000000000000000000e+00,-0.000000000000000000e+00,-1.059019215128359503e-01,-0.000000000000000000e+00,-0.000000000000000000e+00,9.339279007173993674e-02,-0.000000000000000000e+00,4.551226396687405584e-01,-0.000000000000000000e+00,0.000000000000000000e+00,8.929371509138023244e-02,-0.000000000000000000e+00,1.123768480659669555e-01,-0.000000000000000000e+00,-0.000000000000000000e+00,0.000000000000000000e+00,0.000000000000000000e+00,-0.000000000000000000e+00,-0.000000000000000000e+00
-9.805111736346172613e-02,-0.000000000000000000e+00,-0.000000000000000000e+00,0.000000000000000000e+00,1.466719052444978910e+00,0.000000000000000000e+00,0.000000000000000000e+00,0.000000000000000000e+00,0.000000000000000000e+00,-2.262053798566077134e-01,0.000000000000000000e+00,0.000000000000000000e+00,0.000000000000000000e+00,-0.000000000000000000e+00,0.000000000000000000e+00,-9.172713722165529160e-02,-0.000000000000000000e+00,-0.000000000000000000e+00,-1.392152666493455537e-01,4.280398456354157083e-03,0.000000000000000000e+00,0.000000000000000000e+00,-0.000000000000000000e+00,-0.000000000000000000e+00,-1.014891566894145086e-01,-3.798246874427906872e-01,-0.000000000000000000e+00,-0.000000000000000000e+00,-0.000000000000000000e+00,-1.630841314214337770e-03,-2.711025751908558226e-02,0.000000000000000000e+00,-1.539453616136605418e-01,-0.000000000000000000e+00,-0.000000000000000000e+00,-0.000000000000000000e+00,-3.524575641127800085e-01,-0.000000000000000000e+00,0.000000000000000000e+00
-0.000000000000000000e+00,-0.000000000000000000e+00,1.540846815109849777e-01,-6.874425824440538388e-03,0.000000000000000000e+00,2.493674776971336549e+00,-2.622977272190594178e-01,-1.247843549311576927e-01,-0.000000000000000000e+00,0.000000000000000000e+00,-5.324910145222242486e-01,0.000000000000000000e+00,2.251559319809755266e-01,-0.000000000000000000e+00,-0.000000000000000000e+00,-0.000000000000000000e+00,-3.356520633887105087e-01,2.310812400839450109e-02,-0.000000000000000000e+00,-1.954488139929603518e-01,-0.000000000000000000e+00,-3.648838212430843830e-02,-0.000000000000000000e+00,-0.000000000000000000e+00,0.000000000000000000e+00,0.000000000000000000e+00,-0.000000000000000000e+00,2.223278867653382188e-02,-0.000000000000000000e+00,0.000000000000000000e+00,9.197024299023712213e-02,-4.621275843980597875e-01,0.000000000000000000e+00,-4.576212300112411646e-02,-1.179188186806564287e-01,0.000000000000000000e+00,-0.000000000000000000e+00,0.000000000000000000e+00,-0.000000000000000000e+00
-0.000000000000000000e+00,-0.000000000000000000e+00,9.636172051849387077e-02,-8.684244651509355484e-02,0.000000000000000000e+00,-2.622977272190594178e-01,2.184968814392044489e+00,-7.406589622485593161e-02,-1.571912912522392680e-01,0.000000000000000000e+00,-2.013387833406993788e-01,3.686154186273872813e-01,0.000000000000000000e+00,-0.000000000000000000e+00,-0.000000000000000000e+00,0.000000000000000000e+00,-0.000000000000000000e+00,0.000000000000000000e+00,-0.000000000000000000e+00,-0.000000000000000000e+00,-2.318837194216695763e-01,-3.738505328389403193e-01,-0.000000000000000000e+00,-0.000000000000000000e+00,0.000000000000000000e+00,0.000000000000000000e+00,-0.000000000000000000e+00,5.094028904287694476e-02,-0.000000000000000000e+00,0.000000000000000000e+00,1.697843734978617403e-01,-3.610467656247068335e-02,0.000000000000000000e+00,-2.439059158597471355e-01,-0.000000000000000000e+00,0.000000000000000000e+00,-0.000000000000000000e+00,-0.000000000000000000e+00,-0.000000000000000000e+00
-0.000000000000000000e+00,-0.000000000000000000e+00,4.838307847102639170e-01,-1.899763751437482939e-01,0.000000000000000000e+00,-1.247843549311576927e-01,-7.406589622485593161e-02,2.932877060683880099e+00,-2.951955932503698699e-01,0.000000000000000000e+00,-1.950232967407443951e-01,0.000000000000000000e+00,0.000000000000000000e+00,-7.504199984657454990e-03,-0.000000000000000000e+00,0.000000000000000000e+00,-0.000000000000000000e+00,2.459504718229720277e-01,0.000000000000000000e+00,-2.005761899908587720e-01,-3.292327723733973893e-02,-0.000000000000000000e+00,-0.000000000000000000e+00,-0.000000000000000000e+00,0.000000000000000000e+00,2.524653739304547062e-01,-0.000000000000000000e+00,3.296911337901182182e-01,-0.000000000000000000e+00,0.000000000000000000e+00,4.496539141066070999e-01,-7.092210428003292710e-02,1.531105621461580912e-01,-0.000000000000000000e+00,-0.000000000000000000e+00,0.000000000000000000e+00,0.000000000000000000e+00,-0.000000000000000000e+00,-0.000000000000000000e+00
-0.000000000000000000e+00,-1.889977518575469140e-01,2.606322235229665552e-01,-2.032377383908891000e-01,0.000000000000000000e+00,-0.000000000000000000e+00,-1.571912912522392680e-01,-2.951955932503698699e-01,2.708580689250141393e+00,0.000000000000000000e+00,-4.198067917211584232e-02,0.000000000000000000e+00,0.000000000000000000e+00,-4.337599868607711073e-01,-0.000000000000000000e+00,-0.000000000000000000e+00,-7.540642383806149540e-02,0.000000000000000000e+00,-0.000000000000000000e+00,-0.000000000000000000e+00,-2.420459993762644757e-01,-0.000000000000000000e+00,-2.433242451103700410e-01,-0.000000000000000000e+00,-0.000000000000000000e+00,0.000000000000000000e+00,-0.000000000000000000e+00,2.214520139031185275e-01,-0.000000000000000000e+00,0.000000000000000000e+00,4.769089011868635902e-02,-0.000000000000000000e+00,1.257060293635582082e-01,-2.956172864526523947e-01,0.000000000000000000e+00,-0.000000000000000000e+00,-0.000000000000000000e+00,-0.000000000000000000e+00,-1.800582562870526315e-01
-0.000000000000000000e+00,-0.000000000000000000e+00,-1.298808093106963366e-02,0.000000000000000000e+00,-2.262053798566077134e-01,0.000000000000000000e+00,0.000000000000000000e+00,0.000000000000000000e+00,0.000000000000000000e+00,1.948189770608621085e+00,0.000000000000000000e+00,-0.000000000000000000e+00,-0.000000000000000000e+00,0.000000000000000000e+00,0.000000000000000000e+00,-4.309287385059560327e-01,0.000000000000000000e+00,-8.121256598723477355e-03,-0.000000000000000000e+00,4.985642543231896297e-03,0.000000000000000000e+00,0.000000000000000000e+00,0.000000000000000000e+00,0.000000000000000000e+00,-0.000000000000000000e+00,-4.473301345257142958e-01,-0.000000000000000000e+00,-2.252945276418308503e-03,-0.000000000000000000e+00,-4.879639801634978458e-01,-2.382148247714465650e-01,0.000000000000000000e+00,-0.000000000000000000e+00,0.000000000000000000e+00,0.000000000000000000e+00,-2.159846487932132464e-01,-0.000000000000000000e+00,-0.000000000000000000e+00,0.000000000000000000e+00
-0.000000000000000000e+00,-0.000000000000000000e+00,2.008893564191840397e-01,-8.789840395052674060e-02,0.000000000000000000e+00,-5.324910145222242486e-01,-2.013387833406993788e-01,-1.950232967407443951e-01,-4.198067917211584232e-02,0.000000000000000000e+00,2.654473288503943706e+00,0.000000000000000000e+00,1.041579280588100648e-01,-1.271356723755782403e-01,-0.000000000000000000e+00,-0.000000000000000000e+00,-6.086735350861042226e-01,1.400888134008264861e-02,-0.000000000000000000e+00,-1.857181549567438195e-02,-0.000000000000000000e+00,-0.000000000000000000e+00,-0.000000000000000000e+00,-0.000000000000000000e+00,0.000000000000000000e+00,0.000000000000000000e+00,-0.000000000000000000e+00,1.151725570770457535e-01,-0.000000000000000000e+00,0.000000000000000000e+00,6.405890466702153507e-02,-2.579924507131607370e-01,0.000000000000000000e+00,-1.348766457208857017e-01,-0.000000000000000000e+00,0.000000000000000000e+00,-0.000000000000000000e+00,-0.000000000000000000e+00,-0.000000000000000000e+00
0.000000000000000000e+00,0.000000000000000000e+00,-0.000000000000000000e+00,0.000000000000000000e+00,0.000000000000000000e+00,0.000000000000000000e+00,3.686154186273872813e-01,0.000000000000000000e+00,0.000000000000000000e+00,-0.000000000000000000e+00,0.000000000000000000e+00,1.432778094135926938e+00,-1.151695698049638034e-01,0.000000000000000000e+00,-0.000000000000000000e+00,0.000000000000000000e+00,0.000000000000000000e+00,-0.000000000000000000e+00,1.973257730620258388e-01,0.000000000000000000e+00,0.000000000000000000e+00,0.000000000000000000e+00,0.000000000000000000e+00,0.000000000000000000e+00,-0.000000000000000000e+00,-0.000000000000000000e+00,0.000000000000000000e+00,-0.000000000000000000e+00,3.257153348318556074e-02,-0.000000000000000000e+00,-0.000000000000000000e+00,9.569751707234228078e-02,-0.000000000000000000e+00,0.000000000000000000e+00,0.000000000000000000e+00,0.000000000000000000e+00,0.000000000000000000e+00,0.000000000000000000e+00,3.283794090971007273e-01
0.000000000000000000e+00,2.490404358669784293e-03,-0.000000000000000000e+00,3.059031524818338066e-01,0.000000000000000000e+00,2.251559319809755266e-01,0.000000000000000000e+00,0.000000000000000000e+00,0.000000000000000000e+00,-0.000000000000000000e+00,1.041579280588100648e-01,-1.151695698049638034e-01,1.646539505123397751e+00,1.408237717721230464e-01,0.000000000000000000e+00,0.000000000000000000e+00,0.000000000000000000e+00,-0.000000000000000000e+00,0.000000000000000000e+00,2.035145794916130239e-03,0.000000000000000000e+00,0.000000000000000000e+00,0.000000000000000000e+00,0.000000000000000000e+00,0.000000000000000000e+00,-0.000000000000000000e+00,0.000000000000000000e+00,-1.744876147410718836e-01,0.000000000000000000e+00,-0.000000000000000000e+00,-0.000000000000000000e+00,1.117893554577755744e-01,-0.000000000000000000e+00,1.838941347644291180e-01,0.000000000000000000e+00,0.000000000000000000e+00,0.000000000000000000e+00,0.000000000000000000e+00,0.000000000000000000e+00
-2.854727981759366470e-02,-1.681488323123117856e-01,0.000000000000000000e+00,-1.003852768181598548e-01,-0.000000000000000000e+00,-0.000000000000000000e+00,-0.000000000000000000e+00,-7.504199984657454990e-03,-4.337599868607711073e-01,0.000000000000000000e+00,-1.271356723755782403e-01,0.000000000000000000e+00,1.408237717721230464e-01,2.373594705659824999e+00,-0.000000000000000000e+00,-0.000000000000000000e+00,-3.173629560077936285e-01,0.000000000000000000e+00,-0.000000000000000000e+00,-0.000000000000000000e+00,-0.000000000000000000e+00,-0.000000000000000000e+00,-3.872990254760640405e-01,-1.189014302910578053e-01,-0.000000000000000000e+00,0.000000000000000000e+00,-0.000000000000000000e+00,3.929645517754309231e-02,-0.000000000000000000e+00,0.000000000000000000e+00,0.000000000000000000e+00,-4.729496836350555872e-02,0.000000000000000000e+00,-5.112214732810526074e-01,-0.000000000000000000e+00,-0.000000000000000000e+00,-0.000000000000000000e+00,-0.000000000000000000e+00,-6.176678909305730741e-02
0.000000000000000000e+00,-0.000000000000000000e+00,0.000000000000000000e+00,-0.000000000000000000e+00,0.000000000000000000e+00,-0.000000000000000000e+00,-0.000000000000000000e+00,-0.000000000000000000e+00,-0.000000000000000000e+00,0.000000000000000000e+00,-0.000000000000000000e+00,-0.000000000000000000e+00,0.000000000000000000e+00,-0.000000000000000000e+00,1.142234890440835260e+00,0.000000000000000000e+00,-0.000000000000000000e+00,3.975060350715511892e-01,0.000000000000000000e+00,-0.000000000000000000e+00,-0.000000000000000000e+00,-0.000000000000000000e+00,-0.000000000000000000e+00,-0.000000000000000000e+00,-0.000000000000000000e+00,2.635137716391892926e-03,0.000000000000000000e+00,0.000000000000000000e+00,0.000000000000000000e+00,2.709525732186904290e-02,0.000000000000000000e+00,-0.000000000000000000e+00,0.000000000000000000e+00,-0.000000000000000000e+00,0.000000000000000000e+00,0.000000000000000000e+00,0.000000000000000000e+00,0.000000000000000000e+00,-0.000000000000000000e+00
-0.000000000000000000e+00,-7.981319061528049930e-02,-0.000000000000000000e+00,-0.000000000000000000e+00,-9.172713722165529160e-02,-0.000000000000000000e+00,0.000000000000000000e+00,0.000000000000000000e+00,-0.000000000000000000e+00,-4.309287385059560327e-01,-0.000000000000000000e+00,0.000000000000000000e+00,0.000000000000000000e+00,-0.000000000000000000e+00,0.000000000000000000e+00,1.745697335120526716e+00,-0.000000000000000000e+00,-0.000000000000000000e+00,-0.000000000000000000e+00,0.000000000000000000e+00,-0.000000000000000000e+00,0.000000000000000000e+00,-2.563525388552259296e-02,0.000000000000000000e+00,-0.000000000000000000e+00,-0.000000000000000000e+00,-3.628925890074018445e-01,-0.000000000000000000e+00,-1.260255449427742092e-01,-2.969413285830810323e-01,-0.000000000000000000e+00,-0.000000000000000000e+00,0.000000000000000000e+00,-0.000000000000000000e+00,-0.000000000000000000e+00,-3.833128895652674339e-01,-0.000000000000000000e+00,-0.000000000000000000e+00,0.000000000000000000e+00
-0.000000000000000000e+00,-0.000000000000000000e+00,0.000000000000000000e+00,-5.138740811181437274e-03,-0.000000000000000000e+00,-3.356520633887105087e-01,-0.000000000000000000e+00,-0.000000000000000000e+00,-7.540642383806149540e-02,0.000000000000000000e+00,-6.086735350861042226e-01,0.000000000000000000e+00,0.000000000000000000e+00,-3.173629560077936285e-01,-0.000000000000000000e+00,-0.000000000000000000e+00,2.280217324586923056e+00,0.000000000000000000e+00,-0.000000000000000000e+00,-0.000000000000000000e+00,-5.891238928225567273e-02,-0.000000000000000000e+00,-3.121827966605598623e-02,-0.000000000000000000e+00,0.000000000000000000e+00,0.000000000000000000e+00,-0.000000000000000000e+00,0.000000000000000000e+00,-2.246118480206168999e-01,0.000000000000000000e+00,0.000000000000000000e+00,-3.184426226523406345e-01,0.000000000000000000e+00,-2.232914347011059619e-01,-0.000000000000000000e+00,-0.000000000000000000e+00,-0.000000000000000000e+00,-0.000000000000000000e+00,-0.000000000000000000e+00
0.000000000000000000e+00,1.207994385133967785e-01,-2.279042956066623105e-01,0.000000000000000000e+00,-0.000000000000000000e+00,2.310812400839450109e-02,0.000000000000000000e+00,2.459504718229720277e-01,0.000000000000000000e+00,-8.121256598723477355e-03,1.400888134008264861e-02,-0.000000000000000000e+00,-0.000000000000000000e+00,0.000000000000000000e+00,3.975060350715511892e-01,-0.000000000000000000e+00,0.000000000000000000e+00,2.016722939356715205e+00,-0.000000000000000000e+00,8.054597852230938049e-02,0.000000000000000000e+00,0.000000000000000000e+00,3.154508817251260033e-02,0.000000000000000000e+00,-0.000000000000000000e+00,-2.768785759593618279e-01,0.000000000000000000e+00,-3.513500143225305461e-01,0.000000000000000000e+00,-0.000000000000000000e+00,-9.220136893074312723e-02,8.925330253305309436e-02,-9.531601480214775546e-02,0.000000000000000000e+00,0.000000000000000000e+00,-0.000000000000000000e+00,-0.000000000000000000e+00,-0.000000000000000000e+00,0.000000000000000000e+00
-0.000000000000000000e+00,-0.000000000000000000e+00,-0.000000000000000000e+00,-0.000000000000000000e+00,-1.392152666493455537e-01,-0.000000000000000000e+00,-0.000000000000000000e+00,0.000000000000000000e+00,-0.000000000000000000e+00,-0.000000000000000000e+00,-0.000000000000000000e+00,1.973257730620258388e-01,0.000000000000000000e+00,-0.000000000000000000e+00,0.000000000000000000e+00,-0.000000000000000000e+00,-0.000000000000000000e+00,-0.000000000000000000e+00,1.462712999151949189e+00,0.000000000000000000e+00,-0.000000000000000000e+00,-0.000000000000000000e+00,-0.000000000000000000e+00,-0.000000000000000000e+00,-2.479266320796850442e-01,-0.000000000000000000e+00,-1.058158560205967880e-01,0.000000000000000000e+00,-0.000000000000000000e+00,-0.000000000000000000e+00,-0.000000000000000000e+00,-0.000000000000000000e+00,-0.000000000000000000e+00,-0.000000000000000000e+00,-0.000000000000000000e+00,-0.000000000000000000e+00,-1.350995944206189736e-01,-2.714969758278991119e-01,-3.373155212914671353e-01
-0.000000000000000000e+00,-0.000000000000000000e+00,1.927984311375282311e-01,-0.000000000000000000e+00,4.280398456354157083e-03,-1.954488139929603518e-01,-0.000000000000000000e+00,-2.005761899908587720e-01,-0.000000000000000000e+00,4.985642543231896297e-03,-1.857181549567438195e-02,0.000000000000000000e+00,2.035145794916130239e-03,-0.000000000000000000e+00,-0.000000000000000000e+00,0.000000000000000000e+00,-0.000000000000000000e+00,8.054597852230938049e-02,0.000000000000000000e+00,1.535317297191875374e+00,-0.000000000000000000e+00,-0.000000000000000000e+00,-0.000000000000000000e+00,0.000000000000000000e+00,0.000000000000000000e+00,6.985113016654825868e-02,-0.000000000000000000e+00,7.039939765482711165e-02,-0.000000000000000000e+00,0.000000000000000000e+00,1.808004503696646059e-01,-1.145212829705987562e-01,0.000000000000000000e+00,-0.000000000000000000e+00,-0.000000000000000000e+00,0.000000000000000000e+00,0.000000000000000000e+00,0.000000000000000000e+00,-0.000000000000000000e+00
-2.109006686224926264e-01,-0.000000000000000000e+00,2.839224291622000768e-02,-0.000000000000000000e+00,0.000000000000000000e+00,-0.000000000000000000e+00,-2.318837194216695763e-01,-3.292327723733973893e-02,-2.420459993762644757e-01,0.000000000000000000e+00,-0.000000000000000000e+00,0.000000000000000000e+00,0.000000000000000000e+00,-0.000000000000000000e+00,-0.000000000000000000e+00,-0.000000000000000000e+00,-5.891238928225567273e-02,0.000000000000000000e+00,-0.000000000000000000e+00,-0.000000000000000000e+00,1.563941020172665786e+00,-1.700333670920571305e-01,-0.000000000000000000e+00,-0.000000000000000000e+00,0.000000000000000000e+00,0.000000000000000000e+00,0.000000000000000000e+00,0.000000000000000000e+00,-0.000000000000000000e+00,0.000000000000000000e+00,1.979272055138943665e-01,-0.000000000000000000e+00,0.000000000000000000e+00,-1.597494349523689849e-01,0.000000000000000000e+00,-0.000000000000000000e+00,-0.000000000000000000e+00,-2.459025672751851722e-03,-0.000000000000000000e+00
-0.000000000000000000e+00,-0.000000000000000000e+00,0.000000000000000000e+00,-0.000000000000000000e+00,0.000000000000000000e+00,-3.648838212430843830e-02,-3.738505328389403193e-01,-0.000000000000000000e+00,-0.000000000000000000e+00,0.000000000000000000e+00,-0.000000000000000000e+00,0.000000000000000000e+00,0.000000000000000000e+00,-0.000000000000000000e+00,-0.000000000000000000e+00,0.000000000000000000e+00,-0.000000000000000000e+00,0.000000000000000000e+00,-0.000000000000000000e+00,-0.000000000000000000e+00,-1.700333670920571305e-01,1.279509435296325215e+00,-0.000000000000000000e+00,-0.000000000000000000e+00,0.000000000000000000e+00,0.000000000000000000e+00,0.000000000000000000e+00,0.000000000000000000e+00,-0.000000000000000000e+00,0.000000000000000000e+00,5.798465663117746693e-02,-6.732723357834709266e-02,0.000000000000000000e+00,-2.392954277367422694e-02,-0.000000000000000000e+00,-0.000000000000000000e+00,-2.057369941216765502e-02,-0.000000000000000000e+00,-0.000000000000000000e+00
-0.000000000000000000e+00,-4.316557560313667441e-01,0.000000000000000000e+00,-1.059019215128359503e-01,-0.000000000000000000e+00,-0.000000000000000000e+00,-0.000000000000000000e+00,-0.000000000000000000e+00,-2.433242451103700410e-01,0.000000000000000000e+00,-0.000000000000000000e+00,0.000000000000000000e+00,0.000000000000000000e+00,-3.872990254760640405e-01,-0.000000000000000000e+00,-2.563525388552259296e-02,-3.121827966605598623e-02,3.154508817251260033e-02,-0.000000000000000000e+00,-0.000000000000000000e+00,-0.000000000000000000e+00,-0.000000000000000000e+00,1.812821626196944536e+00,-4.271208369089234125e-02,-2.461450497048410513e-01,0.000000000000000000e+00,-0.000000000000000000e+00,8.262070131580541432e-02,-0.000000000000000000e+00,-0.000000000000000000e+00,0.000000000000000000e+00,-0.000000000000000000e+00,6.672884177811427842e-02,-5.105372636581958362e-02,-0.000000000000000000e+00,-0.000000000000000000e+00,-0.000000000000000000e+00,-0.000000000000000000e+00,-0.000000000000000000e+00
-0.000000000000000000e+00,-0.000000000000000000e+00,0.000000000000000000e+00,-0.000000000000000000e+00,-0.000000000000000000e+00,-0.000000000000000000e+00,-0.000000000000000000e+00,-0.000000000000000000e+00,-0.000000000000000000e+00,0.000000000000000000e+00,-0.000000000000000000e+00,0.000000000000000000e+00,0.000000000000000000e+00,-1.189014302910578053e-01,-0.000000000000000000e+00,0.000000000000000000e+00,-0.000000000000000000e+00,0.000000000000000000e+00,-0.000000000000000000e+00,0.000000000000000000e+00,-0.000000000000000000e+00,-0.000000000000000000e+00,-4.271208369089234125e-02,1.188776839329775736e+00,-3.364162663531125586e-01,0.000000000000000000e+00,-0.000000000000000000e+00,0.000000000000000000e+00,-0.000000000000000000e+00,0.000000000000000000e+00,0.000000000000000000e+00,-0.000000000000000000e+00,0.000000000000000000e+00,-0.000000000000000000e+00,-0.000000000000000000e+00,0.000000000000000000e+00,-0.000000000000000000e+00,-4.605645019323567277e-03,-1.540248934640935374e-01
-7.792088198550389810e-02,-0.000000000000000000e+00,-0.000000000000000000e+00,-0.000000000000000000e+00,-1.014891566894145086e-01,0.000000000000000000e+00,0.000000000000000000e+00,0.000000000000000000e+00,-0.000000000000000000e+00,-0.000000000000000000e+00,0.000000000000000000e+00,-0.000000000000000000e+00,0.000000000000000000e+00,-0.000000000000000000e+00,-0.000000000000000000e+00,-0.000000000000000000e+00,0.000000000000000000e+00,-0.000000000000000000e+00,-2.479266320796850442e-01,0.000000000000000000e+00,0.000000000000000000e+00,0.000000000000000000e+00,-2.461450497048410513e-01,-3.364162663531125586e-01,1.294353656827588184e+00,-0.000000000000000000e+00,-0.000000000000000000e+00,-0.000000000000000000e+00,-0.000000000000000000e+00,-0.000000000000000000e+00,-0.000000000000000000e+00,0.000000000000000000e+00,0.000000000000000000e+00,-0.000000000000000000e+00,0.000000000000000000e+00,-0.000000000000000000e+00,-0.000000000000000000e+00,-0.000000000000000000e+00,-0.000000000000000000e+00
-0.000000000000000000e+00,0.000000000000000000e+00,-2.665952721803647174e-01,9.339279007173993674e-02,-3.798246874427906872e-01,0.000000000000000000e+00,0.000000000000000000e+00,2.524653739304547062e-01,0.000000000000000000e+00,-4.473301345257142958e-01,0.000000000000000000e+00,-0.000000000000000000e+00,-0.000000000000000000e+00,0.000000000000000000e+00,2.635137716391892926e-03,-0.000000000000000000e+00,0.000000000000000000e+00,-2.768785759593618279e-01,-0.000000000000000000e+00,6.985113016654825868e-02,0.000000000000000000e+00,0.000000000000000000e+00,0.000000000000000000e+00,0.000000000000000000e+00,-0.000000000000000000e+00,2.393476530542623326e+00,-0.000000000000000000e+00,-3.272208042354818325e-01,-0.000000000000000000e+00,-2.818163859575079089e-02,-3.541739249747337670e-01,0.000000000000000000e+00,-1.442608465640586035e-01,0.000000000000000000e+00,0.000000000000000000e+00,-0.000000000000000000e+00,-0.000000000000000000e+00,-0.000000000000000000e+00,0.000000000000000000e+00
-0.000000000000000000e+00,-2.880041997635462425e-01,0.000000000000000000e+00,-0.000000000000000000e+00,-0.000000000000000000e+00,-0.000000000000000000e+00,-0.000000000000000000e+00,-0.000000000000000000e+00,-0.000000000000000000e+00,-0.000000000000000000e+00,-0.000000000000000000e+00,0.000000000000000000e+00,0.000000000000000000e+00,-0.000000000000000000e+00,0.000000000000000000e+00,-3.628925890074018445e-01,-0.000000000000000000e+00,0.000000000000000000e+00,-1.058158560205967880e-01,-0.000000000000000000e+00,0.000000000000000000e+00,0.000000000000000000e+00,-0.000000000000000000e+00,-0.000000000000000000e+00,-0.000000000000000000e+00,-0.000000000000000000e+00,1.473150587595958072e+00,0.000000000000000000e+00,-4.134412176054432231e-01,-0.000000000000000000e+00,-0.000000000000000000e+00,-0.000000000000000000e+00,-0.000000000000000000e+00,-0.000000000000000000e+00,-1.280708445100690596e-01,-0.000000000000000000e+00,-0.000000000000000000e+00,-0.000000000000000000e+00,-0.000000000000000000e+00
0.000000000000000000e+00,0.000000000000000000e+00,-3.282728270329231535e-01,4.551226396687405584e-01,-0.000000000000000000e+00,2.223278867653382188e-02,5.094028904287694476e-02,3.296911337901182182e-01,2.214520139031185275e-01,-2.252945276418308503e-03,1.151725570770457535e-01,-0.000000000000000000e+00,-1.744876147410718836e-01,3.929645517754309231e-02,0.000000000000000000e+00,-0.000000000000000000e+00,0.000000000000000000e+00,-3.513500143225305461e-01,0.000000000000000000e+00,7.039939765482711165e-02,0.000000000000000000e+00,0.000000000000000000e+00,8.262070131580541432e-02,0.000000000000000000e+00,-0.000000000000000000e+00,-3.272208042354818325e-01,0.000000000000000000e+00,2.861861324399415984e+00,0.000000000000000000e+00,-0.000000000000000000e+00,-2.341992405222123597e-01,0.000000000000000000e+00,-2.675953547508721497e-01,0.000000000000000000e+00,0.000000000000000000e+00,-0.000000000000000000e+00,-0.000000000000000000e+00,0.000000000000000000e+00,0.000000000000000000e+00
-0.000000000000000000e+00,-4.220541796279070335e-02,0.000000000000000000e+00,-0.000000000000000000e+00,-0.000000000000000000e+00,-0.000000000000000000e+00,-0.000000000000000000e+00,-0.000000000000000000e+00,-0.000000000000000000e+00,-0.000000000000000000e+00,-0.000000000000000000e+00,3.257153348318556074e-02,0.000000000000000000e+00,-0.000000000000000000e+00,0.000000000000000000e+00,-1.260255449427742092e-01,-2.246118480206168999e-01,0.000000000000000000e+00,-0.000000000000000000e+00,-0.000000000000000000e+00,-0.000000000000000000e+00,-0.000000000000000000e+00,-0.000000000000000000e+00,-0.000000000000000000e+00,-0.000000000000000000e+00,-0.000000000000000000e+00,-4.134412176054432231e-01,0.000000000000000000e+00,1.950954607800091667e+00,-0.000000000000000000e+00,0.000000000000000000e+00,-4.871738807323901521e-01,-0.000000000000000000e+00,-5.832607683220934064e-02,-8.336547473216053550e-02,-1.141925904834223821e-01,-5.989541710677396269e-01,-0.000000000000000000e+00,-0.000000000000000000e+00
-0.000000000000000000e+00,-0.000000000000000000e+00,-0.000000000000000000e+00,0.000000000000000000e+00,-1.630841314214337770e-03,0.000000000000000000e+00,0.000000000000000000e+00,0.000000000000000000e+00,0.000000000000000000e+00,-4.879639801634978458e-01,0.000000000000000000e+00,-0.000000000000000000e+00,-0.000000000000000000e+00,0.000000000000000000e+00,2.709525732186904290e-02,-2.969413285830810323e-01,0.000000000000000000e+00,-0.000000000000000000e+00,-0.000000000000000000e+00,0.000000000000000000e+00,0.000000000000000000e+00,0.000000000000000000e+00,-0.000000000000000000e+00,0.000000000000000000e+00,-0.000000000000000000e+00,-2.818163859575079089e-02,-0.000000000000000000e+00,-0.000000000000000000e+00,-0.000000000000000000e+00,1.683948051346614960e+00,-0.000000000000000000e+00,-0.000000000000000000e+00,-0.000000000000000000e+00,0.000000000000000000e+00,0.000000000000000000e+00,-5.296481198384529465e-01,-0.000000000000000000e+00,-0.000000000000000000e+00,0.000000000000000000e+00
0.000000000000000000e+00,0.000000000000000000e+00,-4.649854782848953372e-01,8.929371509138023244e-02,-2.711025751908558226e-02,9.197024299023712213e-02,1.697843734978617403e-01,4.496539141066070999e-01,4.769089011868635902e-02,-2.382148247714465650e-01,6.405890466702153507e-02,-0.000000000000000000e+00,-0.000000000000000000e+00,0.000000000000000000e+00,0.000000000000000000e+00,-0.000000000000000000e+00,0.000000000000000000e+00,-9.220136893074312723e-02,-0.000000000000000000e+00,1.808004503696646059e-01,1.979272055138943665e-01,5.798465663117746693e-02,0.000000000000000000e+00,0.000000000000000000e+00,-0.000000000000000000e+00,-3.541739249747337670e-01,-0.000000000000000000e+00,-2.341992405222123597e-01,0.000000000000000000e+00,-0.000000000000000000e+00,2.590907008025352898e+00,0.000000000000000000e+00,-1.799413444391004605e-02,0.000000000000000000e+00,-0.000000000000000000e+00,-0.000000000000000000e+00,-0.000000000000000000e+00,0.000000000000000000e+00,0.000000000000000000e+00
-0.000000000000000000e+00,-1.736799927773260421e-01,6.338836941973997885e-02,-0.000000000000000000e+00,0.000000000000000000e+00,-4.621275843980597875e-01,-3.610467656247068335e-02,-7.092210428003292710e-02,-0.000000000000000000e+00,0.000000000000000000e+00,-2.579924507131607370e-01,9.569751707234228078e-02,1.117893554577755744e-01,-4.729496836350555872e-02,-0.000000000000000000e+00,-0.000000000000000000e+00,-3.184426226523406345e-01,8.925330253305309436e-02,-0.000000000000000000e+00,-1.145212829705987562e-01,-0.000000000000000000e+00,-6.732723357834709266e-02,-0.000000000000000000e+00,-0.000000000000000000e+00,0.000000000000000000e+00,0.000000000000000000e+00,-0.000000000000000000e+00,0.000000000000000000e+00,-4.871738807323901521e-01,-0.000000000000000000e+00,0.000000000000000000e+00,2.302424603414767734e+00,0.000000000000000000e+00,-6.312708744700365471e-02,-2.981305533686187670e-02,-0.000000000000000000e+00,-0.000000000000000000e+00,-0.000000000000000000e+00,-0.000000000000000000e+00
0.000000000000000000e+00,2.137194516944799019e-02,-1.192639831085283847e-01,1.123768480659669555e-01,-1.539453616136605418e-01,0.000000000000000000e+00,0.000000000000000000e+00,1.531105621461580912e-01,1.257060293635582082e-01,-0.000000000000000000e+00,0.000000000000000000e+00,-0.000000000000000000e+00,-0.000000000000000000e+00,0.000000000000000000e+00,0.000000000000000000e+00,0.000000000000000000e+00,0.000000000000000000e+00,-9.531601480214775546e-02,-0.000000000000000000e+00,0.000000000000000000e+00,0.000000000000000000e+00,0.000000000000000000e+00,6.672884177811427842e-02,0.000000000000000000e+00,0.000000000000000000e+00,-1.442608465640586035e-01,-0.000000000000000000e+00,-2.675953547508721497e-01,-0.000000000000000000e+00,-0.000000000000000000e+00,-1.799413444391004605e-02,0.000000000000000000e+00,1.570622321924368903e+00,0.000000000000000000e+00,-1.168493850367849224e-01,-0.000000000000000000e+00,-0.000000000000000000e+00,0.000000000000000000e+00,0.000000000000000000e+00
-1.307411295174179533e-01,-7.062688620695685426e-02,0.000000000000000000e+00,-0.000000000000000000e+00,-0.000000000000000000e+00,-4.576212300112411646e-02,-2.439059158597471355e-01,-0.000000000000000000e+00,-2.956172864526523947e-01,0.000000000000000000e+00,-1.348766457208857017e-01,0.000000000000000000e+00,1.838941347644291180e-01,-5.112214732810526074e-01,-0.000000000000000000e+00,-0.000000000000000000e+00,-2.232914347011059619e-01,0.000000000000000000e+00,-0.000000000000000000e+00,-0.000000000000000000e+00,-1.597494349523689849e-01,-2.392954277367422694e-02,-5.105372636581958362e-02,-0.000000000000000000e+00,-0.000000000000000000e+00,0.000000000000000000e+00,-0.000000000000000000e+00,0.000000000000000000e+00,-5.832607683220934064e-02,0.000000000000000000e+00,0.000000000000000000e+00,-6.312708744700365471e-02,0.000000000000000000e+00,2.187082583837995919e+00,-0.000000000000000000e+00,-0.000000000000000000e+00,-5.409057482046408100e-02,-0.000000000000000000e+00,-0.000000000000000000e+00
5.745084689779083459e-02,-0.000000000000000000e+00,0.000000000000000000e+00,-0.000000000000000000e+00,-0.000000000000000000e+00,-1.179188186806564287e-01,-0.000000000000000000e+00,-0.000000000000000000e+00,0.000000000000000000e+00,0.000000000000000000e+00,-0.000000000000000000e+00,0.000000000000000000e+00,0.000000000000000000e+00,-0.000000000000000000e+00,0.000000000000000000e+00,-0.000000000000000000e+00,-0.000000000000000000e+00,0.000000000000000000e+00,-0.000000000000000000e+00,-0.000000000000000000e+00,0.000000000000000000e+00,-0.000000000000000000e+00,-0.000000000000000000e+00,-0.000000000000000000e+00,0.000000000000000000e+00,0.000000000000000000e+00,-1.280708445100690596e-01,0.000000000000000000e+00,-8.336547473216053550e-02,0.000000000000000000e+00,-0.000000000000000000e+00,-2.981305533686187670e-02,-1.168493850367849224e-01,-0.000000000000000000e+00,1.058190353075051382e+00,0.000000000000000000e+00,-0.000000000000000000e+00,0.000000000000000000e+00,-0.000000000000000000e+00
-0.000000000000000000e+00,-0.000000000000000000e+00,-0.000000000000000000e+00,0.000000000000000000e+00,-0.000000000000000000e+00,0.000000000000000000e+00,0.000000000000000000e+00,0.000000000000000000e+00,-0.000000000000000000e+00,-2.159846487932132464e-01,0.000000000000000000e+00,0.000000000000000000e+00,0.000000000000000000e+00,-0.000000000000000000e+00,0.000000000000000000e+00,-3.833128895652674339e-01,-0.000000000000000000e+00,-0.000000000000000000e+00,-0.000000000000000000e+00,0.000000000000000000e+00,-0.000000000000000000e+00,-0.000000000000000000e+00,-0.000000000000000000e+00,0.000000000000000000e+00,-0.000000000000000000e+00,-0.000000000000000000e+00,-0.000000000000000000e+00,-0.000000000000000000e+00,-1.141925904834223821e-01,-5.296481198384529465e-01,-0.000000000000000000e+00,-0.000000000000000000e+00,-0.000000000000000000e+00,-0.000000000000000000e+00,0.000000000000000000e+00,1.611640087485371131e+00,-1.036771760553489019e-01,-0.000000000000000000e+00,0.000000000000000000e+00
-2.066355914761240364e-01,-0.000000000000000000e+00,-0.000000000000000000e+00,0.000000000000000000e+00,-3.524575641127800085e-01,-0.000000000000000000e+00,-0.000000000000000000e+00,0.000000000000000000e+00,-0.000000000000000000e+00,-0.000000000000000000e+00,-0.000000000000000000e+00,0.000000000000000000e+00,0.000000000000000000e+00,-0.000000000000000000e+00,0.000000000000000000e+00,-0.000000000000000000e+00,-0.000000000000000000e+00,-0.000000000000000000e+00,-1.350995944206189736e-01,0.000000000000000000e+00,-0.000000000000000000e+00,-2.057369941216765502e-02,-0.000000000000000000e+00,-0.000000000000000000e+00,-0.000000000000000000e+00,-0.000000000000000000e+00,-0.000000000000000000e+00,-0.000000000000000000e+00,-5.989541710677396269e-01,-0.000000000000000000e+00,-0.000000000000000000e+00,-0.000000000000000000e+00,-0.000000000000000000e+00,-5.409057482046408100e-02,-0.000000000000000000e+00,-1.036771760553489019e-01,1.558092449757531472e+00,-1.267727710608788569e-02,-0.000000000000000000e+00
-6.298124541566744172e-01,-0.000000000000000000e+00,0.000000000000000000e+00,-0.000000000000000000e+00,-0.000000000000000000e+00,0.000000000000000000e+00,-0.000000000000000000e+00,-0.000000000000000000e+00,-0.000000000000000000e+00,-0.000000000000000000e+00,-0.000000000000000000e+00,0.000000000000000000e+00,0.000000000000000000e+00,-0.000000000000000000e+00,0.000000000000000000e+00,-0.000000000000000000e+00,-0.000000000000000000e+00,-0.000000000000000000e+00,-2.714969758278991119e-01,0.000000000000000000e+00,-2.459025672751851722e-03,-0.000000000000000000e+00,-0.000000000000000000e+00,-4.605645019323567277e-03,-0.000000000000000000e+00,-0.000000000000000000e+00,-0.000000000000000000e+00,0.000000000000000000e+00,-0.000000000000000000e+00,-0.000000000000000000e+00,0.000000000000000000e+00,-0.000000000000000000e+00,0.000000000000000000e+00,-0.000000000000000000e+00,0.000000000000000000e+00,-0.000000000000000000e+00,-1.267727710608788569e-02,1.482980384769425397e+00,-1.905916800415977386e-01
-0.000000000000000000e+00,-1.478998941379266741e-01,0.000000000000000000e+00,-0.000000000000000000e+00,0.000000000000000000e+00,-0.000000000000000000e+00,-0.000000000000000000e+00,-0.000000000000000000e+00,-1.800582562870526315e-01,0.000000000000000000e+00,-0.000000000000000000e+00,3.283794090971007273e-01,0.000000000000000000e+00,-6.176678909305730741e-02,-0.000000000000000000e+00,0.000000000000000000e+00,-0.000000000000000000e+00,0.000000000000000000e+00,-3.373155212914671353e-01,-0.000000000000000000e+00,-0.000000000000000000e+00,-0.000000000000000000e+00,-0.000000000000000000e+00,-1.540248934640935374e-01,-0.000000000000000000e+00,0.000000000000000000e+00,-0.000000000000000000e+00,0.000000000000000000e+00,-0.000000000000000000e+00,0.000000000000000000e+00,0.000000000000000000e+00,-0.000000000000000000e+00,0.000000000000000000e+00,-0.000000000000000000e+00,-0.000000000000000000e+00,0.000000000000000000e+00,-0.000000000000000000e+00,-1.905916800415977386e-01,1.508579183283493830e+00
