2.651167313940780978e+00,-3.255849619971577513e-01,-1.359249783546266910e-01,1.067320602196547390e-02,-0.000000000000000000e+00,-0.000000000000000000e+00,0.000000000000000000e+00,1.228661804811196079e-01,-0.000000000000000000e+00,-2.302929080271531870e-01,-1.991555219122997586e-02,-0.000000000000000000e+00,-0.000000000000000000e+00,-0.000000000000000000e+00,-0.000000000000000000e+00,-3.315062952819377018e-01,-6.280765262010097605e-02,0.000000000000000000e+00,0.000000000000000000e+00,-0.000000000000000000e+00,-0.000000000000000000e+00,-0.000000000000000000e+00,-2.590181015520056640e-01,-0.000000000000000000e+00,-0.000000000000000000e+00,-1.543585535238430062e-01,-1.895472657881550615e-01,-3.330815805729769874e-01,-1.373480549215902631e-02,-2.269071670586782496e-01,-0.000000000000000000e+00,-1.292896907069246981e-01,-0.000000000000000000e+00,-0.000000000000000000e+00,-9.100015785001222546e-02,-6.267062237519949175e-02,-0.000000000000000000e+00,-3.355579087337026006e-02,-1.238152667171346991e-02
-3.255849619971577513e-01,2.553247130768057538e+00,-7.539603057569030375e-02,0.000000000000000000e+00,-0.000000000000000000e+00,-0.000000000000000000e+00,0.000000000000000000e+00,1.064727763500414176e-01,-0.000000000000000000e+00,-3.811548236467686701e-01,-0.000000000000000000e+00,-0.000000000000000000e+00,0.000000000000000000e+00,-0.000000000000000000e+00,-0.000000000000000000e+00,-4.482454649294682625e-01,-0.000000000000000000e+00,0.000000000000000000e+00,2.102190961555002943e-02,0.000000000000000000e+00,-0.000000000000000000e+00,-0.000000000000000000e+00,-1.521990628259361766e-01,-0.000000000000000000e+00,-0.000000000000000000e+00,-1.302921532775163094e-01,-0.000000000000000000e+00,-2.101971659014515922e-02,-2.844592797766716252e-01,-0.000000000000000000e+00,-0.000000000000000000e+00,-2.499062114718924033e-01,-0.000000000000000000e+00,-0.000000000000000000e+00,-1.160947927192250984e-01,-8.421162835924589363e-02,-1.248067629848710197e-01,-0.000000000000000000e+00,-0.000000000000000000e+00
-1.359249783546266910e-01,-7.539603057569030375e-02,2.762991658871425837e+00,0.000000000000000000e+00,-8.806506213269693628e-02,-0.000000000000000000e+00,0.000000000000000000e+00,6.884498493755646376e-01,-2.177367227797132043e-01,-2.444188635969215054e-02,-1.482216908063703834e-02,-0.000000000000000000e+00,-0.000000000000000000e+00,-0.000000000000000000e+00,-0.000000000000000000e+00,-3.603454429318932173e-02,-8.838756098366178093e-02,0.000000000000000000e+00,0.000000000000000000e+00,-0.000000000000000000e+00,-3.047334591710229024e-01,-1.121538575155810458e-01,-6.216125652158083215e-02,-0.000000000000000000e+00,-4.553660613956908576e-02,-6.733931317948291251e-02,-4.926296942693606656e-02,-1.388576574044757816e-01,-1.246605940698056469e-01,-1.503318645584661994e-01,-6.802538789815402998e-02,-5.648375808880568699e-02,-1.768527994781191881e-01,-0.000000000000000000e+00,-5.525039309886111555e-02,-1.454842773120389177e-01,-0.000000000000000000e+00,-0.000000000000000000e+00,-0.000000000000000000e+00
1.067320602196547390e-02,0.000000000000000000e+00,0.000000000000000000e+00,1.041285637066267533e+00,0.000000000000000000e+00,-0.000000000000000000e+00,-1.629550044411890719e-01,-0.000000000000000000e+00,0.000000000000000000e+00,0.000000000000000000e+00,0.000000000000000000e+00,-0.000000000000000000e+00,-0.000000000000000000e+00,0.000000000000000000e+00,5.275310869466448560e-02,0.000000000000000000e+00,0.000000000000000000e+00,-0.000000000000000000e+00,-2.510703612239031154e-03,-0.000000000000000000e+00,0.000000000000000000e+00,0.000000000000000000e+00,0.000000000000000000e+00,0.000000000000000000e+00,0.000000000000000000e+00,0.000000000000000000e+00,0.000000000000000000e+00,2.966291122968994776e-02,0.000000000000000000e+00,7.848186129760395535e-02,1.575281869977413624e-02,0.000000000000000000e+00,0.000000000000000000e+00,0.000000000000000000e+00,0.000000000000000000e+00,0.000000000000000000e+00,0.000000000000000000e+00,0.000000000000000000e+00,0.000000000000000000e+00
-0.000000000000000000e+00,-0.000000000000000000e+00,-8.806506213269693628e-02,0.000000000000000000e+00,2.376591247447943811e+00,-0.000000000000000000e+00,-0.000000000000000000e+00,8.362293498247853896e-02,-5.163508511185133099e-01,-1.507238497179582692e-01,-0.000000000000000000e+00,-0.000000000000000000e+00,-0.000000000000000000e+00,-2.348263216121706243e-01,-0.000000000000000000e+00,-0.000000000000000000e+00,-3.860233964562520548e-02,0.000000000000000000e+00,3.444856802145513514e-02,-0.000000000000000000e+00,-0.000000000000000000e+00,-0.000000000000000000e+00,-6.400554475276849786e-02,-1.445095551484398000e-01,-2.703444275253775175e-01,-0.000000000000000000e+00,-1.946015945192099443e-03,-0.000000000000000000e+00,-0.000000000000000000e+00,-2.311230894615023124e-01,-1.292411375944226837e-01,-0.000000000000000000e+00,-3.409954141888626999e-01,-0.000000000000000000e+00,-0.000000000000000000e+00,-0.000000000000000000e+00,-0.000000000000000000e+00,-1.006545908153985147e-01,-4.473653250632075862e-02
-0.000000000000000000e+00,-0.000000000000000000e+00,-0.000000000000000000e+00,-0.000000000000000000e+00,-0.000000000000000000e+00,1.204469444956110857e+00,-0.000000000000000000e+00,0.000000000000000000e+00,-0.000000000000000000e+00,-0.000000000000000000e+00,-0.000000000000000000e+00,-0.000000000000000000e+00,0.000000000000000000e+00,-2.129956973805052778e-01,-0.000000000000000000e+00,-0.000000000000000000e+00,-3.798120253395714796e-01,-0.000000000000000000e+00,-0.000000000000000000e+00,-0.000000000000000000e+00,-0.000000000000000000e+00,-0.000000000000000000e+00,-0.000000000000000000e+00,-0.000000000000000000e+00,-0.000000000000000000e+00,-0.000000000000000000e+00,-0.000000000000000000e+00,-0.000000000000000000e+00,-0.000000000000000000e+00,-0.000000000000000000e+00,-0.000000000000000000e+00,-0.000000000000000000e+00,-0.000000000000000000e+00,-0.000000000000000000e+00,-4.856026096621687480e-03,-0.000000000000000000e+00,-0.000000000000000000e+00,-0.000000000000000000e+00,0.000000000000000000e+00
0.000000000000000000e+00,0.000000000000000000e+00,0.000000000000000000e+00,-1.629550044411890719e-01,-0.000000000000000000e+00,-0.000000000000000000e+00,1.074258389911233014e+00,-0.000000000000000000e+00,0.000000000000000000e+00,0.000000000000000000e+00,-0.000000000000000000e+00,-0.000000000000000000e+00,-0.000000000000000000e+00,-0.000000000000000000e+00,-0.000000000000000000e+00,0.000000000000000000e+00,-0.000000000000000000e+00,-0.000000000000000000e+00,-0.000000000000000000e+00,-2.319860890294597466e-01,-0.000000000000000000e+00,-0.000000000000000000e+00,-0.000000000000000000e+00,-0.000000000000000000e+00,-0.000000000000000000e+00,-0.000000000000000000e+00,0.000000000000000000e+00,-0.000000000000000000e+00,-0.000000000000000000e+00,0.000000000000000000e+00,0.000000000000000000e+00,-0.000000000000000000e+00,-0.000000000000000000e+00,0.000000000000000000e+00,-0.000000000000000000e+00,0.000000000000000000e+00,-0.000000000000000000e+00,-0.000000000000000000e+00,0.000000000000000000e+00
1.228661804811196079e-01,1.064727763500414176e-01,6.884498493755646376e-01,-0.000000000000000000e+00,8.362293498247853896e-02,0.000000000000000000e+00,-0.000000000000000000e+00,2.617136690761348916e+00,2.666591163128686492e-01,0.000000000000000000e+00,0.000000000000000000e+00,0.000000000000000000e+00,0.000000000000000000e+00,0.000000000000000000e+00,0.000000000000000000e+00,5.766473620851655935e-03,3.310073039107747084e-02,-0.000000000000000000e+00,-0.000000000000000000e+00,0.000000000000000000e+00,3.216376482145614779e-01,1.470742545276928492e-01,3.059528831362130080e-02,0.000000000000000000e+00,3.772728690249452232e-02,9.393631723399621658e-02,8.430590108611669530e-04,1.855420557838946272e-01,1.039650714402038101e-01,1.367673043047465675e-01,6.595647614996251462e-02,2.612051916229342699e-02,9.762329137277457602e-02,0.000000000000000000e+00,5.913458995374694382e-02,7.535759059064674192e-02,0.000000000000000000e+00,0.000000000000000000e+00,0.000000000000000000e+00
-0.000000000000000000e+00,-0.000000000000000000e+00,-2.177367227797132043e-01,0.000000000000000000e+00,-5.163508511185133099e-01,-0.000000000000000000e+00,0.000000000000000000e+00,2.666591163128686492e-01,2.403124691079888020e+00,-0.000000000000000000e+00,-0.000000000000000000e+00,-0.000000000000000000e+00,-0.000000000000000000e+00,-1.000148712229349951e-01,-0.000000000000000000e+00,-0.000000000000000000e+00,-8.063238965570659889e-02,0.000000000000000000e+00,0.000000000000000000e+00,-0.000000000000000000e+00,-0.000000000000000000e+00,-0.000000000000000000e+00,-0.000000000000000000e+00,-1.183879888950131049e-01,-7.487284236093042118e-03,-0.000000000000000000e+00,-0.000000000000000000e+00,-0.000000000000000000e+00,-0.000000000000000000e+00,-4.880220458515939774e-01,-2.033248552032844436e-02,-0.000000000000000000e+00,-4.062134874525090700e-01,-0.000000000000000000e+00,-0.000000000000000000e+00,-0.000000000000000000e+00,-0.000000000000000000e+00,-9.940879693516928295e-02,-7.021334111404145539e-02
-2.302929080271531870e-01,-3.811548236467686701e-01,-2.444188635969215054e-02,0.000000000000000000e+00,-1.507238497179582692e-01,-0.000000000000000000e+00,0.000000000000000000e+00,0.000000000000000000e+00,-0.000000000000000000e+00,2.593991086477119623e+00,-1.691267722399998341e-01,0.000000000000000000e+00,-0.000000000000000000e+00,-0.000000000000000000e+00,0.000000000000000000e+00,-3.626375291320173000e-01,-0.000000000000000000e+00,1.860744561133026442e-02,1.853893787094253176e-01,0.000000000000000000e+00,-0.000000000000000000e+00,-0.000000000000000000e+00,-2.043273235886215733e-01,-0.000000000000000000e+00,-0.000000000000000000e+00,-0.000000000000000000e+00,-4.328613546860506783e-02,-0.000000000000000000e+00,-0.000000000000000000e+00,-3.153558236017547367e-01,-0.000000000000000000e+00,-1.163291067024263964e-01,-0.000000000000000000e+00,-0.000000000000000000e+00,-0.000000000000000000e+00,-2.180214356758460037e-01,-0.000000000000000000e+00,-0.000000000000000000e+00,-3.529998118132605667e-01
-1.991555219122997586e-02,-0.000000000000000000e+00,-1.482216908063703834e-02,0.000000000000000000e+00,-0.000000000000000000e+00,-0.000000000000000000e+00,-0.000000000000000000e+00,0.000000000000000000e+00,-0.000000000000000000e+00,-1.691267722399998341e-01,1.909862461347722640e+00,0.000000000000000000e+00,-0.000000000000000000e+00,-0.000000000000000000e+00,0.000000000000000000e+00,-0.000000000000000000e+00,-7.846923375990658700e-01,0.000000000000000000e+00,0.000000000000000000e+00,0.000000000000000000e+00,-0.000000000000000000e+00,-0.000000000000000000e+00,-9.391797952268507443e-02,-0.000000000000000000e+00,-0.000000000000000000e+00,-0.000000000000000000e+00,-1.882746926143572253e-01,-0.000000000000000000e+00,-1.318985305978623013e-01,-2.299665213516170759e-02,-0.000000000000000000e+00,-1.414787927998129580e-01,-0.000000000000000000e+00,-0.000000000000000000e+00,-2.925672108044725765e-03,-0.000000000000000000e+00,-0.000000000000000000e+00,-0.000000000000000000e+00,-1.097366909871747703e-01
-0.000000000000000000e+00,-0.000000000000000000e+00,-0.000000000000000000e+00,-0.000000000000000000e+00,-0.000000000000000000e+00,-0.000000000000000000e+00,-0.000000000000000000e+00,0.000000000000000000e+00,-0.000000000000000000e+00,0.000000000000000000e+00,0.000000000000000000e+00,1.096421662699411881e+00,-0.000000000000000000e+00,-0.000000000000000000e+00,-2.308515667658566639e-01,0.000000000000000000e+00,0.000000000000000000e+00,-0.000000000000000000e+00,0.000000000000000000e+00,-1.344225762856700035e-01,-0.000000000000000000e+00,-4.307761098499601760e-02,-0.000000000000000000e+00,-0.000000000000000000e+00,-0.000000000000000000e+00,-0.000000000000000000e+00,0.000000000000000000e+00,-0.000000000000000000e+00,0.000000000000000000e+00,-0.000000000000000000e+00,-0.000000000000000000e+00,0.000000000000000000e+00,-0.000000000000000000e+00,-0.000000000000000000e+00,0.000000000000000000e+00,0.000000000000000000e+00,-0.000000000000000000e+00,-0.000000000000000000e+00,0.000000000000000000e+00
-0.000000000000000000e+00,0.000000000000000000e+00,-0.000000000000000000e+00,-0.000000000000000000e+00,-0.000000000000000000e+00,0.000000000000000000e+00,-0.000000000000000000e+00,0.000000000000000000e+00,-0.000000000000000000e+00,-0.000000000000000000e+00,-0.000000000000000000e+00,-0.000000000000000000e+00,1.080237986506606296e+00,-0.000000000000000000e+00,-0.000000000000000000e+00,0.000000000000000000e+00,-0.000000000000000000e+00,-0.000000000000000000e+00,0.000000000000000000e+00,-1.804339743955438724e-01,-0.000000000000000000e+00,-1.817488035794966872e-01,-0.000000000000000000e+00,-0.000000000000000000e+00,-0.000000000000000000e+00,0.000000000000000000e+00,-0.000000000000000000e+00,-0.000000000000000000e+00,0.000000000000000000e+00,-0.000000000000000000e+00,0.000000000000000000e+00,0.000000000000000000e+00,-0.000000000000000000e+00,0.000000000000000000e+00,-0.000000000000000000e+00,-0.000000000000000000e+00,0.000000000000000000e+00,-0.000000000000000000e+00,-1.267637122734184552e-02
-0.000000000000000000e+00,-0.000000000000000000e+00,-0.000000000000000000e+00,0.000000000000000000e+00,-2.348263216121706243e-01,-2.129956973805052778e-01,-0.000000000000000000e+00,0.000000000000000000e+00,-1.000148712229349951e-01,-0.000000000000000000e+00,-0.000000000000000000e+00,-0.000000000000000000e+00,-0.000000000000000000e+00,1.723482192135766811e+00,-9.151586640994598121e-02,-0.000000000000000000e+00,-0.000000000000000000e+00,-0.000000000000000000e+00,0.000000000000000000e+00,-1.294449365912646865e-01,-0.000000000000000000e+00,-6.344367658484204031e-02,-0.000000000000000000e+00,-5.278254815434167968e-01,-1.954670076374231125e-01,-0.000000000000000000e+00,-0.000000000000000000e+00,-0.000000000000000000e+00,-0.000000000000000000e+00,-0.000000000000000000e+00,-0.000000000000000000e+00,-0.000000000000000000e+00,-1.522380220328592160e-01,0.000000000000000000e+00,-0.000000000000000000e+00,-0.000000000000000000e+00,-0.000000000000000000e+00,-0.000000000000000000e+00,-0.000000000000000000e+00
-0.000000000000000000e+00,-0.000000000000000000e+00,-0.000000000000000000e+00,5.275310869466448560e-02,-0.000000000000000000e+00,-0.000000000000000000e+00,-0.000000000000000000e+00,0.000000000000000000e+00,-0.000000000000000000e+00,0.000000000000000000e+00,0.000000000000000000e+00,-2.308515667658566639e-01,-0.000000000000000000e+00,-9.151586640994598121e-02,1.279902611619577968e+00,-0.000000000000000000e+00,-0.000000000000000000e+00,-0.000000000000000000e+00,-0.000000000000000000e+00,-3.572558725818906211e-01,-0.000000000000000000e+00,-1.603092382804578164e-01,-0.000000000000000000e+00,-0.000000000000000000e+00,-0.000000000000000000e+00,-0.000000000000000000e+00,-0.000000000000000000e+00,-6.770055245813066946e-02,-0.000000000000000000e+00,-0.000000000000000000e+00,-0.000000000000000000e+00,0.000000000000000000e+00,-0.000000000000000000e+00,-0.000000000000000000e+00,-0.000000000000000000e+00,0.000000000000000000e+00,-0.000000000000000000e+00,-0.000000000000000000e+00,-0.000000000000000000e+00
-3.315062952819377018e-01,-4.482454649294682625e-01,-3.603454429318932173e-02,0.000000000000000000e+00,-0.000000000000000000e+00,-0.000000000000000000e+00,0.000000000000000000e+00,5.766473620851655935e-03,-0.000000000000000000e+00,-3.626375291320173000e-01,-0.000000000000000000e+00,0.000000000000000000e+00,0.000000000000000000e+00,-0.000000000000000000e+00,-0.000000000000000000e+00,2.526613404631864235e+00,-0.000000000000000000e+00,0.000000000000000000e+00,0.000000000000000000e+00,0.000000000000000000e+00,-0.000000000000000000e+00,-0.000000000000000000e+00,-1.579003525148153786e-02,-0.000000000000000000e+00,-0.000000000000000000e+00,-2.196543566117325208e-01,-0.000000000000000000e+00,-4.695125055218130061e-02,-1.301597922825902809e-01,-2.045179930361984422e-01,-0.000000000000000000e+00,-2.261146030560589326e-01,-0.000000000000000000e+00,-0.000000000000000000e+00,-9.971093690389663811e-02,-2.912596791373285310e-01,-3.412508102669007531e-02,-0.000000000000000000e+00,-0.000000000000000000e+00
-6.280765262010097605e-02,-0.000000000000000000e+00,-8.838756098366178093e-02,0.000000000000000000e+00,-3.860233964562520548e-02,-3.798120253395714796e-01,-0.000000000000000000e+00,3.310073039107747084e-02,-8.063238965570659889e-02,-0.000000000000000000e+00,-7.846923375990658700e-01,0.000000000000000000e+00,-0.000000000000000000e+00,-0.000000000000000000e+00,-0.000000000000000000e+00,-0.000000000000000000e+00,2.061173983708957103e+00,0.000000000000000000e+00,0.000000000000000000e+00,-0.000000000000000000e+00,-0.000000000000000000e+00,-0.000000000000000000e+00,-2.193927281463456114e-01,-0.000000000000000000e+00,-0.000000000000000000e+00,-1.721287688990580725e-02,-0.000000000000000000e+00,-5.666371491395254256e-02,-4.194289075955901641e-02,-0.000000000000000000e+00,-3.339299317724517269e-02,-8.147576811318005263e-02,-1.933196535287555473e-03,-0.000000000000000000e+00,-1.447508091790585261e-01,-0.000000000000000000e+00,-0.000000000000000000e+00,-0.000000000000000000e+00,-0.000000000000000000e+00
0.000000000000000000e+00,0.000000000000000000e+00,0.000000000000000000e+00,-0.000000000000000000e+00,0.000000000000000000e+00,-0.000000000000000000e+00,-0.000000000000000000e+00,-0.000000000000000000e+00,0.000000000000000000e+00,1.860744561133026442e-02,0.000000000000000000e+00,-0.000000000000000000e+00,-0.000000000000000000e+00,-0.000000000000000000e+00,-0.000000000000000000e+00,0.000000000000000000e+00,0.000000000000000000e+00,1.259779422042298203e+00,-2.769051755923111480e-01,-0.000000000000000000e+00,0.000000000000000000e+00,0.000000000000000000e+00,0.000000000000000000e+00,0.000000000000000000e+00,0.000000000000000000e+00,0.000000000000000000e+00,0.000000000000000000e+00,0.000000000000000000e+00,0.000000000000000000e+00,0.000000000000000000e+00,0.000000000000000000e+00,0.000000000000000000e+00,0.000000000000000000e+00,4.017483461152084878e-01,0.000000000000000000e+00,0.000000000000000000e+00,0.000000000000000000e+00,1.588287275252849295e-01,0.000000000000000000e+00
0.000000000000000000e+00,2.102190961555002943e-02,0.000000000000000000e+00,-2.510703612239031154e-03,3.444856802145513514e-02,-0.000000000000000000e+00,-0.000000000000000000e+00,-0.000000000000000000e+00,0.000000000000000000e+00,1.853893787094253176e-01,0.000000000000000000e+00,0.000000000000000000e+00,0.000000000000000000e+00,0.000000000000000000e+00,-0.000000000000000000e+00,0.000000000000000000e+00,0.000000000000000000e+00,-2.769051755923111480e-01,1.265921941156193942e+00,-0.000000000000000000e+00,0.000000000000000000e+00,0.000000000000000000e+00,0.000000000000000000e+00,0.000000000000000000e+00,0.000000000000000000e+00,0.000000000000000000e+00,0.000000000000000000e+00,0.000000000000000000e+00,0.000000000000000000e+00,7.918676228063201497e-03,0.000000000000000000e+00,0.000000000000000000e+00,0.000000000000000000e+00,0.000000000000000000e+00,0.000000000000000000e+00,0.000000000000000000e+00,0.000000000000000000e+00,0.000000000000000000e+00,2.894245688023822649e-01
-0.000000000000000000e+00,0.000000000000000000e+00,-0.000000000000000000e+00,-0.000000000000000000e+00,-0.000000000000000000e+00,-0.000000000000000000e+00,-2.319860890294597466e-01,0.000000000000000000e+00,-0.000000000000000000e+00,0.000000000000000000e+00,0.000000000000000000e+00,-1.344225762856700035e-01,-1.804339743955438724e-01,-1.294449365912646865e-01,-3.572558725818906211e-01,0.000000000000000000e+00,-0.000000000000000000e+00,-0.000000000000000000e+00,-0.000000000000000000e+00,1.332198732653278483e+00,-0.000000000000000000e+00,-1.565722011939623959e-01,-0.000000000000000000e+00,-0.000000000000000000e+00,-0.000000000000000000e+00,0.000000000000000000e+00,0.000000000000000000e+00,-0.000000000000000000e+00,0.000000000000000000e+00,0.000000000000000000e+00,0.000000000000000000e+00,0.000000000000000000e+00,-0.000000000000000000e+00,-0.000000000000000000e+00,0.000000000000000000e+00,0.000000000000000000e+00,0.000000000000000000e+00,-2.694184467064082364e-02,-0.000000000000000000e+00
-0.000000000000000000e+00,-0.000000000000000000e+00,-3.047334591710229024e-01,0.000000000000000000e+00,-0.000000000000000000e+00,-0.000000000000000000e+00,-0.000000000000000000e+00,3.216376482145614779e-01,-0.000000000000000000e+00,-0.000000000000000000e+00,-0.000000000000000000e+00,-0.000000000000000000e+00,-0.000000000000000000e+00,-0.000000000000000000e+00,-0.000000000000000000e+00,-0.000000000000000000e+00,-0.000000000000000000e+00,0.000000000000000000e+00,0.000000000000000000e+00,-0.000000000000000000e+00,2.120709791920981413e+00,-8.195111375819316146e-01,-2.008453577971560516e-02,-0.000000000000000000e+00,-0.000000000000000000e+00,-0.000000000000000000e+00,-0.000000000000000000e+00,-2.176676548786176391e-01,-0.000000000000000000e+00,-0.000000000000000000e+00,-0.000000000000000000e+00,-0.000000000000000000e+00,-2.217272212038877699e-01,-0.000000000000000000e+00,-0.000000000000000000e+00,-0.000000000000000000e+00,-0.000000000000000000e+00,-0.000000000000000000e+00,-0.000000000000000000e+00
-0.000000000000000000e+00,-0.000000000000000000e+00,-1.121538575155810458e-01,0.000000000000000000e+00,-0.000000000000000000e+00,-0.000000000000000000e+00,-0.000000000000000000e+00,1.470742545276928492e-01,-0.000000000000000000e+00,-0.000000000000000000e+00,-0.000000000000000000e+00,-4.307761098499601760e-02,-1.817488035794966872e-01,-6.344367658484204031e-02,-1.603092382804578164e-01,-0.000000000000000000e+00,-0.000000000000000000e+00,0.000000000000000000e+00,0.000000000000000000e+00,-1.565722011939623959e-01,-8.195111375819316146e-01,2.009882434422907149e+00,-4.774455918511737174e-02,-0.000000000000000000e+00,-0.000000000000000000e+00,-0.000000000000000000e+00,-0.000000000000000000e+00,-1.619235023108115401e-01,-0.000000000000000000e+00,-0.000000000000000000e+00,-0.000000000000000000e+00,-0.000000000000000000e+00,-1.337854404861245072e-01,-0.000000000000000000e+00,-0.000000000000000000e+00,-0.000000000000000000e+00,-0.000000000000000000e+00,-9.066165335188405838e-02,-0.000000000000000000e+00
-2.590181015520056640e-01,-1.521990628259361766e-01,-6.216125652158083215e-02,0.000000000000000000e+00,-6.400554475276849786e-02,-0.000000000000000000e+00,-0.000000000000000000e+00,3.059528831362130080e-02,-0.000000000000000000e+00,-2.043273235886215733e-01,-9.391797952268507443e-02,-0.000000000000000000e+00,-0.000000000000000000e+00,-0.000000000000000000e+00,-0.000000000000000000e+00,-1.579003525148153786e-02,-2.193927281463456114e-01,0.000000000000000000e+00,0.000000000000000000e+00,-0.000000000000000000e+00,-2.008453577971560516e-02,-4.774455918511737174e-02,2.266506444380735008e+00,-1.344785104816716703e-01,-4.249922247673426079e-01,-0.000000000000000000e+00,-1.010711233536157935e-03,-4.727870903491607907e-02,-0.000000000000000000e+00,-1.579114660682130744e-01,-0.000000000000000000e+00,-0.000000000000000000e+00,-1.004131944366321583e-01,-0.000000000000000000e+00,-0.000000000000000000e+00,-0.000000000000000000e+00,-0.000000000000000000e+00,-2.281789649666309261e-01,-1.180575855548411657e-01
-0.000000000000000000e+00,-0.000000000000000000e+00,-0.000000000000000000e+00,0.000000000000000000e+00,-1.445095551484398000e-01,-0.000000000000000000e+00,-0.000000000000000000e+00,0.000000000000000000e+00,-1.183879888950131049e-01,-0.000000000000000000e+00,-0.000000000000000000e+00,-0.000000000000000000e+00,-0.000000000000000000e+00,-5.278254815434167968e-01,-0.000000000000000000e+00,-0.000000000000000000e+00,-0.000000000000000000e+00,0.000000000000000000e+00,0.000000000000000000e+00,-0.000000000000000000e+00,-0.000000000000000000e+00,-0.000000000000000000e+00,-1.344785104816716703e-01,1.528046603910477641e+00,-2.022947989448719286e-01,-0.000000000000000000e+00,-0.000000000000000000e+00,-0.000000000000000000e+00,-0.000000000000000000e+00,-2.555272146652332130e-03,-0.000000000000000000e+00,-0.000000000000000000e+00,-0.000000000000000000e+00,-0.000000000000000000e+00,-0.000000000000000000e+00,-0.000000000000000000e+00,-0.000000000000000000e+00,-0.000000000000000000e+00,-0.000000000000000000e+00
-0.000000000000000000e+00,-0.000000000000000000e+00,-4.553660613956908576e-02,0.000000000000000000e+00,-2.703444275253775175e-01,-0.000000000000000000e+00,-0.000000000000000000e+00,3.772728690249452232e-02,-7.487284236093042118e-03,-0.000000000000000000e+00,-0.000000000000000000e+00,-0.000000000000000000e+00,-0.000000000000000000e+00,-1.954670076374231125e-01,-0.000000000000000000e+00,-0.000000000000000000e+00,-0.000000000000000000e+00,0.000000000000000000e+00,0.000000000000000000e+00,-0.000000000000000000e+00,-0.000000000000000000e+00,-0.000000000000000000e+00,-4.249922247673426079e-01,-2.022947989448719286e-01,1.928464312420306470e+00,-0.000000000000000000e+00,-1.755797197657421316e-01,-2.090032161094233787e-02,-0.000000000000000000e+00,-2.338871219956823941e-02,-2.294208425651695638e-01,-0.000000000000000000e+00,-6.278329002293596417e-02,-0.000000000000000000e+00,-1.362109161160964255e-01,-0.000000000000000000e+00,-0.000000000000000000e+00,-0.000000000000000000e+00,-0.000000000000000000e+00
-1.543585535238430062e-01,-1.302921532775163094e-01,-6.733931317948291251e-02,0.000000000000000000e+00,-0.000000000000000000e+00,-0.000000000000000000e+00,-0.000000000000000000e+00,9.393631723399621658e-02,-0.000000000000000000e+00,-0.000000000000000000e+00,-0.000000000000000000e+00,-0.000000000000000000e+00,0.000000000000000000e+00,-0.000000000000000000e+00,-0.000000000000000000e+00,-2.196543566117325208e-01,-1.721287688990580725e-02,0.000000000000000000e+00,0.000000000000000000e+00,0.000000000000000000e+00,-0.000000000000000000e+00,-0.000000000000000000e+00,-0.000000000000000000e+00,-0.000000000000000000e+00,-0.000000000000000000e+00,2.490795550196765795e+00,-6.229995119671019599e-02,-3.963722955683683380e-01,-2.510760282485160477e-01,-5.583240434381278941e-03,-3.780447613661350736e-01,-1.633090563145441210e-01,-0.000000000000000000e+00,-0.000000000000000000e+00,-1.624894243186067733e-01,-1.548599169587862867e-01,-2.573967142677465736e-01,-0.000000000000000000e+00,-0.000000000000000000e+00
-1.895472657881550615e-01,-0.000000000000000000e+00,-4.926296942693606656e-02,0.000000000000000000e+00,-1.946015945192099443e-03,-0.000000000000000000e+00,0.000000000000000000e+00,8.430590108611669530e-04,-0.000000000000000000e+00,-4.328613546860506783e-02,-1.882746926143572253e-01,0.000000000000000000e+00,-0.000000000000000000e+00,-0.000000000000000000e+00,-0.000000000000000000e+00,-0.000000000000000000e+00,-0.000000000000000000e+00,0.000000000000000000e+00,0.000000000000000000e+00,0.000000000000000000e+00,-0.000000000000000000e+00,-0.000000000000000000e+00,-1.010711233536157935e-03,-0.000000000000000000e+00,-1.755797197657421316e-01,-6.229995119671019599e-02,1.947810562362604525e+00,-0.000000000000000000e+00,-0.000000000000000000e+00,-0.000000000000000000e+00,-3.741479104443374282e-01,-6.444866090766580846e-02,-1.551829968556191208e-01,-0.000000000000000000e+00,-0.000000000000000000e+00,-2.261360746372005348e-01,-0.000000000000000000e+00,-1.162385592336500489e-01,-2.208414631693002284e-01
-3.330815805729769874e-01,-2.101971659014515922e-02,-1.388576574044757816e-01,2.966291122968994776e-02,-0.000000000000000000e+00,-0.000000000000000000e+00,-0.000000000000000000e+00,1.855420557838946272e-01,-0.000000000000000000e+00,-0.000000000000000000e+00,-0.000000000000000000e+00,-0.000000000000000000e+00,-0.000000000000000000e+00,-0.000000000000000000e+00,-6.770055245813066946e-02,-4.695125055218130061e-02,-5.666371491395254256e-02,0.000000000000000000e+00,0.000000000000000000e+00,-0.000000000000000000e+00,-2.176676548786176391e-01,-1.619235023108115401e-01,-4.727870903491607907e-02,-0.000000000000000000e+00,-2.090032161094233787e-02,-3.963722955683683380e-01,-0.000000000000000000e+00,2.097273010195318310e+00,-5.614983643311344252e-02,-0.000000000000000000e+00,-2.077554998994520508e-01,-1.509326781119643170e-02,-0.000000000000000000e+00,-2.688889939264125714e-02,-4.605634013899322088e-02,-0.000000000000000000e+00,-4.656925818594828334e-03,-0.000000000000000000e+00,-0.000000000000000000e+00
-1.373480549215902631e-02,-2.844592797766716252e-01,-1.246605940698056469e-01,0.000000000000000000e+00,-0.000000000000000000e+00,-0.000000000000000000e+00,-0.000000000000000000e+00,1.039650714402038101e-01,-0.000000000000000000e+00,-0.000000000000000000e+00,-1.318985305978623013e-01,0.000000000000000000e+00,0.000000000000000000e+00,-0.000000000000000000e+00,-0.000000000000000000e+00,-1.301597922825902809e-01,-4.194289075955901641e-02,0.000000000000000000e+00,0.000000000000000000e+00,0.000000000000000000e+00,-0.000000000000000000e+00,-0.000000000000000000e+00,-0.000000000000000000e+00,-0.000000000000000000e+00,-0.000000000000000000e+00,-2.510760282485160477e-01,-0.000000000000000000e+00,-5.614983643311344252e-02,2.583068447074075014e+00,-0.000000000000000000e+00,-1.036069636656493098e-01,-4.003052971071732191e-01,-0.000000000000000000e+00,-0.000000000000000000e+00,-4.479999447488832720e-01,-1.480087079246880932e-01,-3.646169310421931153e-01,-0.000000000000000000e+00,-0.000000000000000000e+00
-2.269071670586782496e-01,-0.000000000000000000e+00,-1.503318645584661994e-01,7.848186129760395535e-02,-2.311230894615023124e-01,-0.000000000000000000e+00,0.000000000000000000e+00,1.367673043047465675e-01,-4.880220458515939774e-01,-3.153558236017547367e-01,-2.299665213516170759e-02,-0.000000000000000000e+00,-0.000000000000000000e+00,-0.000000000000000000e+00,-0.000000000000000000e+00,-2.045179930361984422e-01,-0.000000000000000000e+00,0.000000000000000000e+00,7.918676228063201497e-03,0.000000000000000000e+00,-0.000000000000000000e+00,-0.000000000000000000e+00,-1.579114660682130744e-01,-2.555272146652332130e-03,-2.338871219956823941e-02,-5.583240434381278941e-03,-0.000000000000000000e+00,-0.000000000000000000e+00,-0.000000000000000000e+00,2.507233072248563399e+00,-5.031801489560005364e-02,-0.000000000000000000e+00,-1.807915976125310797e-01,-0.000000000000000000e+00,-0.000000000000000000e+00,-2.290315392046912146e-01,-0.000000000000000000e+00,-8.244317148270410844e-02,-0.000000000000000000e+00
-0.000000000000000000e+00,-0.000000000000000000e+00,-6.802538789815402998e-02,1.575281869977413624e-02,-1.292411375944226837e-01,-0.000000000000000000e+00,0.000000000000000000e+00,6.595647614996251462e-02,-2.033248552032844436e-02,-0.000000000000000000e+00,-0.000000000000000000e+00,-0.000000000000000000e+00,0.000000000000000000e+00,-0.000000000000000000e+00,-0.000000000000000000e+00,-0.000000000000000000e+00,-3.339299317724517269e-02,0.000000000000000000e+00,0.000000000000000000e+00,0.000000000000000000e+00,-0.000000000000000000e+00,-0.000000000000000000e+00,-0.000000000000000000e+00,-0.000000000000000000e+00,-2.294208425651695638e-01,-3.780447613661350736e-01,-3.741479104443374282e-01,-2.077554998994520508e-01,-1.036069636656493098e-01,-5.031801489560005364e-02,1.994388415947971893e+00,-8.963399158541508413e-03,-0.000000000000000000e+00,-0.000000000000000000e+00,-7.965610090978855751e-02,-9.456718520737182609e-02,-1.027963868543394117e-02,-0.000000000000000000e+00,-0.000000000000000000e+00
-1.292896907069246981e-01,-2.499062114718924033e-01,-5.648375808880568699e-02,0.000000000000000000e+00,-0.000000000000000000e+00,-0.000000000000000000e+00,-0.000000000000000000e+00,2.612051916229342699e-02,-0.000000000000000000e+00,-1.163291067024263964e-01,-1.414787927998129580e-01,0.000000000000000000e+00,0.000000000000000000e+00,-0.000000000000000000e+00,0.000000000000000000e+00,-2.261146030560589326e-01,-8.147576811318005263e-02,0.000000000000000000e+00,0.000000000000000000e+00,0.000000000000000000e+00,-0.000000000000000000e+00,-0.000000000000000000e+00,-0.000000000000000000e+00,-0.000000000000000000e+00,-0.000000000000000000e+00,-1.633090563145441210e-01,-6.444866090766580846e-02,-1.509326781119643170e-02,-4.003052971071732191e-01,-0.000000000000000000e+00,-8.963399158541508413e-03,2.535591261606619184e+00,-0.000000000000000000e+00,-0.000000000000000000e+00,-2.349904740746038556e-01,-3.406424571251665534e-01,-2.936311906558880525e-01,-0.000000000000000000e+00,-0.000000000000000000e+00
-0.000000000000000000e+00,-0.000000000000000000e+00,-1.768527994781191881e-01,0.000000000000000000e+00,-3.409954141888626999e-01,-0.000000000000000000e+00,-0.000000000000000000e+00,9.762329137277457602e-02,-4.062134874525090700e-01,-0.000000000000000000e+00,-0.000000000000000000e+00,-0.000000000000000000e+00,-0.000000000000000000e+00,-1.522380220328592160e-01,-0.000000000000000000e+00,-0.000000000000000000e+00,-1.933196535287555473e-03,0.000000000000000000e+00,0.000000000000000000e+00,-0.000000000000000000e+00,-2.217272212038877699e-01,-1.337854404861245072e-01,-1.004131944366321583e-01,-0.000000000000000000e+00,-6.278329002293596417e-02,-0.000000000000000000e+00,-1.551829968556191208e-01,-0.000000000000000000e+00,-0.000000000000000000e+00,-1.807915976125310797e-01,-0.000000000000000000e+00,-0.000000000000000000e+00,2.177724134038545145e+00,-0.000000000000000000e+00,-0.000000000000000000e+00,-2.374230983413336271e-02,-0.000000000000000000e+00,-2.794207665450043274e-02,-6.660312662262410366e-02
-0.000000000000000000e+00,-0.000000000000000000e+00,-0.000000000000000000e+00,0.000000000000000000e+00,-0.000000000000000000e+00,-0.000000000000000000e+00,0.000000000000000000e+00,0.000000000000000000e+00,-0.000000000000000000e+00,-0.000000000000000000e+00,-0.000000000000000000e+00,-0.000000000000000000e+00,0.000000000000000000e+00,0.000000000000000000e+00,-0.000000000000000000e+00,-0.000000000000000000e+00,-0.000000000000000000e+00,4.017483461152084878e-01,0.000000000000000000e+00,-0.000000000000000000e+00,-0.000000000000000000e+00,-0.000000000000000000e+00,-0.000000000000000000e+00,-0.000000000000000000e+00,-0.000000000000000000e+00,-0.000000000000000000e+00,-0.000000000000000000e+00,-2.688889939264125714e-02,-0.000000000000000000e+00,-0.000000000000000000e+00,-0.000000000000000000e+00,-0.000000000000000000e+00,-0.000000000000000000e+00,1.144006187525893115e+00,-0.000000000000000000e+00,-0.000000000000000000e+00,-0.000000000000000000e+00,-0.000000000000000000e+00,-0.000000000000000000e+00
-9.100015785001222546e-02,-1.160947927192250984e-01,-5.525039309886111555e-02,0.000000000000000000e+00,-0.000000000000000000e+00,-4.856026096621687480e-03,-0.000000000000000000e+00,5.913458995374694382e-02,-0.000000000000000000e+00,-0.000000000000000000e+00,-2.925672108044725765e-03,0.000000000000000000e+00,-0.000000000000000000e+00,-0.000000000000000000e+00,-0.000000000000000000e+00,-9.971093690389663811e-02,-1.447508091790585261e-01,0.000000000000000000e+00,0.000000000000000000e+00,0.000000000000000000e+00,-0.000000000000000000e+00,-0.000000000000000000e+00,-0.000000000000000000e+00,-0.000000000000000000e+00,-1.362109161160964255e-01,-1.624894243186067733e-01,-0.000000000000000000e+00,-4.605634013899322088e-02,-4.479999447488832720e-01,-0.000000000000000000e+00,-7.965610090978855751e-02,-2.349904740746038556e-01,-0.000000000000000000e+00,-0.000000000000000000e+00,2.379721442653619956e+00,-1.371976923743649379e-01,-5.300505385033073003e-01,-0.000000000000000000e+00,-0.000000000000000000e+00
-6.267062237519949175e-02,-8.421162835924589363e-02,-1.454842773120389177e-01,0.000000000000000000e+00,-0.000000000000000000e+00,-0.000000000000000000e+00,0.000000000000000000e+00,7.535759059064674192e-02,-0.000000000000000000e+00,-2.180214356758460037e-01,-0.000000000000000000e+00,0.000000000000000000e+00,-0.000000000000000000e+00,-0.000000000000000000e+00,0.000000000000000000e+00,-2.912596791373285310e-01,-0.000000000000000000e+00,0.000000000000000000e+00,0.000000000000000000e+00,0.000000000000000000e+00,-0.000000000000000000e+00,-0.000000000000000000e+00,-0.000000000000000000e+00,-0.000000000000000000e+00,-0.000000000000000000e+00,-1.548599169587862867e-01,-2.261360746372005348e-01,-0.000000000000000000e+00,-1.480087079246880932e-01,-2.290315392046912146e-01,-9.456718520737182609e-02,-3.406424571251665534e-01,-2.374230983413336271e-02,-0.000000000000000000e+00,-1.371976923743649379e-01,2.328798840344580956e+00,-3.145121134480013264e-02,-0.000000000000000000e+00,-0.000000000000000000e+00
-0.000000000000000000e+00,-1.248067629848710197e-01,-0.000000000000000000e+00,0.000000000000000000e+00,-0.000000000000000000e+00,-0.000000000000000000e+00,-0.000000000000000000e+00,0.000000000000000000e+00,-0.000000000000000000e+00,-0.000000000000000000e+00,-0.000000000000000000e+00,-0.000000000000000000e+00,0.000000000000000000e+00,-0.000000000000000000e+00,-0.000000000000000000e+00,-3.412508102669007531e-02,-0.000000000000000000e+00,0.000000000000000000e+00,0.000000000000000000e+00,0.000000000000000000e+00,-0.000000000000000000e+00,-0.000000000000000000e+00,-0.000000000000000000e+00,-0.000000000000000000e+00,-0.000000000000000000e+00,-2.573967142677465736e-01,-0.000000000000000000e+00,-4.656925818594828334e-03,-3.646169310421931153e-01,-0.000000000000000000e+00,-1.027963868543394117e-02,-2.936311906558880525e-01,-0.000000000000000000e+00,-0.000000000000000000e+00,-5.300505385033073003e-01,-3.145121134480013264e-02,1.970370412600193299e+00,-0.000000000000000000e+00,-0.000000000000000000e+00
-3.355579087337026006e-02,-0.000000000000000000e+00,-0.000000000000000000e+00,0.000000000000000000e+00,-1.006545908153985147e-01,-0.000000000000000000e+00,-0.000000000000000000e+00,0.000000000000000000e+00,-9.940879693516928295e-02,-0.000000000000000000e+00,-0.000000000000000000e+00,-0.000000000000000000e+00,-0.000000000000000000e+00,-0.000000000000000000e+00,-0.000000000000000000e+00,-0.000000000000000000e+00,-0.000000000000000000e+00,1.588287275252849295e-01,0.000000000000000000e+00,-2.694184467064082364e-02,-0.000000000000000000e+00,-9.066165335188405838e-02,-2.281789649666309261e-01,-0.000000000000000000e+00,-0.000000000000000000e+00,-0.000000000000000000e+00,-1.162385592336500489e-01,-0.000000000000000000e+00,-0.000000000000000000e+00,-8.244317148270410844e-02,-0.000000000000000000e+00,-0.000000000000000000e+00,-2.794207665450043274e-02,-0.000000000000000000e+00,-0.000000000000000000e+00,-0.000000000000000000e+00,-0.000000000000000000e+00,1.607333772916824444e+00,-4.511757159483336665e-01
-1.238152667171346991e-02,-0.000000000000000000e+00,-0.000000000000000000e+00,0.000000000000000000e+00,-4.473653250632075862e-02,0.000000000000000000e+00,0.000000000000000000e+00,0.000000000000000000e+00,-7.021334111404145539e-02,-3.529998118132605667e-01,-1.097366909871747703e-01,0.000000000000000000e+00,-1.267637122734184552e-02,-0.000000000000000000e+00,-0.000000000000000000e+00,-0.000000000000000000e+00,-0.000000000000000000e+00,0.000000000000000000e+00,2.894245688023822649e-01,-0.000000000000000000e+00,-0.000000000000000000e+00,-0.000000000000000000e+00,-1.180575855548411657e-01,-0.000000000000000000e+00,-0.000000000000000000e+00,-0.000000000000000000e+00,-2.208414631693002284e-01,-0.000000000000000000e+00,-0.000000000000000000e+00,-0.000000000000000000e+00,-0.000000000000000000e+00,-0.000000000000000000e+00,-6.660312662262410366e-02,-0.000000000000000000e+00,-0.000000000000000000e+00,-0.000000000000000000e+00,-0.000000000000000000e+00,-4.511757159483336665e-01,1.825029031251710565e+00
