2.163954639366940658e+00,-3.696099901449104164e-01,-0.000000000000000000e+00,-0.000000000000000000e+00,-4.148703054582483091e-02,-0.000000000000000000e+00,-0.000000000000000000e+00,1.303718588795557166e-02,-2.967184796187779527e-01,-0.000000000000000000e+00,-0.000000000000000000e+00,-0.000000000000000000e+00,0.000000000000000000e+00,-0.000000000000000000e+00,-1.209564443679280940e-02,-0.000000000000000000e+00,-0.000000000000000000e+00,0.000000000000000000e+00,-0.000000000000000000e+00,-0.000000000000000000e+00,-0.000000000000000000e+00,-0.000000000000000000e+00,-6.877516869899663599e-02,-1.374087430339420990e-01,-2.434813267653040680e-01,-8.611797856394957928e-02,-0.000000000000000000e+00,-0.000000000000000000e+00,-0.000000000000000000e+00,-3.276557795914750160e-01,-0.000000000000000000e+00,-0.000000000000000000e+00,-0.000000000000000000e+00,-0.000000000000000000e+00,-0.000000000000000000e+00,-7.702611116597424257e-02,-0.000000000000000000e+00,-4.556973934868243092e-01,-0.000000000000000000e+00
-3.696099901449104164e-01,2.484692688426143103e+00,-1.677415830420487253e-01,-0.000000000000000000e+00,-0.000000000000000000e+00,-0.000000000000000000e+00,-0.000000000000000000e+00,1.713461386068441672e-01,-2.208780646529434621e-01,-2.087856115465267226e-01,-0.000000000000000000e+00,-4.651481185816276620e-02,0.000000000000000000e+00,-7.672250093830659812e-02,-0.000000000000000000e+00,-1.258278093013118493e-01,-0.000000000000000000e+00,0.000000000000000000e+00,-1.139525377167489723e-01,-0.000000000000000000e+00,-6.875822475468555683e-02,-9.828262359098464962e-02,-7.637686205443927623e-02,-6.564212269811978140e-02,-1.507538474641201554e-01,-0.000000000000000000e+00,-2.492264251854541890e-04,-0.000000000000000000e+00,-0.000000000000000000e+00,-1.952754483163200439e-01,-1.435082021447489919e-01,-0.000000000000000000e+00,-8.834980082485292818e-02,-0.000000000000000000e+00,-0.000000000000000000e+00,-0.000000000000000000e+00,-0.000000000000000000e+00,-0.000000000000000000e+00,-3.188516091793327512e-01
-0.000000000000000000e+00,-1.677415830420487253e-01,2.779193917558600901e+00,-0.000000000000000000e+00,-6.076939096694014553e-02,-0.000000000000000000e+00,-0.000000000000000000e+00,6.987947380685283205e-01,-2.500129156778187478e-01,-0.000000000000000000e+00,-0.000000000000000000e+00,-2.384973232502719809e-01,0.000000000000000000e+00,-3.776987532657261754e-02,-0.000000000000000000e+00,-0.000000000000000000e+00,-0.000000000000000000e+00,0.000000000000000000e+00,-6.271228431760418219e-04,-0.000000000000000000e+00,-2.828370643380780924e-01,-2.183065212312183534e-01,-0.000000000000000000e+00,-9.520882578088493350e-03,-0.000000000000000000e+00,-6.059820525380622824e-02,-1.784012659096435305e-01,-1.047465072089283217e-01,-0.000000000000000000e+00,-0.000000000000000000e+00,-2.414789410983193274e-01,-0.000000000000000000e+00,-3.072283766297058127e-01,-0.000000000000000000e+00,-0.000000000000000000e+00,-0.000000000000000000e+00,-0.000000000000000000e+00,-0.000000000000000000e+00,-3.020036918280696175e-02
-0.000000000000000000e+00,-0.000000000000000000e+00,-0.000000000000000000e+00,1.262670126418207417e+00,-0.000000000000000000e+00,-0.000000000000000000e+00,-0.000000000000000000e+00,0.000000000000000000e+00,-0.000000000000000000e+00,-0.000000000000000000e+00,-3.570220775771212190e-02,-0.000000000000000000e+00,-0.000000000000000000e+00,-0.000000000000000000e+00,-0.000000000000000000e+00,-0.000000000000000000e+00,-0.000000000000000000e+00,-5.158136377034191339e-02,-1.955353164048397596e-01,-0.000000000000000000e+00,-1.503619266045872760e-01,-1.809429434679554471e-01,-0.000000000000000000e+00,-0.000000000000000000e+00,-0.000000000000000000e+00,-0.000000000000000000e+00,-0.000000000000000000e+00,-0.000000000000000000e+00,-0.000000000000000000e+00,-0.000000000000000000e+00,-0.000000000000000000e+00,-0.000000000000000000e+00,-1.900055399549840929e-01,0.000000000000000000e+00,-0.000000000000000000e+00,0.000000000000000000e+00,-0.000000000000000000e+00,-0.000000000000000000e+00,-0.000000000000000000e+00
-4.148703054582483091e-02,-0.000000000000000000e+00,-6.076939096694014553e-02,-0.000000000000000000e+00,1.771316859797389620e+00,0.000000000000000000e+00,0.000000000000000000e+00,2.692806343645639533e-01,-3.621354044909071979e-01,-9.590151943955139979e-02,-0.000000000000000000e+00,-0.000000000000000000e+00,0.000000000000000000e+00,-6.520318085313751844e-02,-0.000000000000000000e+00,-1.216084143421510555e-01,-0.000000000000000000e+00,0.000000000000000000e+00,-7.846578500983117377e-02,-0.000000000000000000e+00,-0.000000000000000000e+00,-0.000000000000000000e+00,-0.000000000000000000e+00,-0.000000000000000000e+00,-0.000000000000000000e+00,-0.000000000000000000e+00,-0.000000000000000000e+00,-0.000000000000000000e+00,-0.000000000000000000e+00,-0.000000000000000000e+00,-0.000000000000000000e+00,-0.000000000000000000e+00,-0.000000000000000000e+00,-5.047132694597111779e-01,-0.000000000000000000e+00,-0.000000000000000000e+00,-0.000000000000000000e+00,-0.000000000000000000e+00,-0.000000000000000000e+00
-0.000000000000000000e+00,-0.000000000000000000e+00,-0.000000000000000000e+00,-0.000000000000000000e+00,0.000000000000000000e+00,1.480237575703773123e+00,-0.000000000000000000e+00,0.000000000000000000e+00,0.000000000000000000e+00,0.000000000000000000e+00,-0.000000000000000000e+00,2.452251975529328235e-02,2.033026076877350596e-01,-0.000000000000000000e+00,0.000000000000000000e+00,0.000000000000000000e+00,-2.279799201368309103e-01,0.000000000000000000e+00,0.000000000000000000e+00,0.000000000000000000e+00,-0.000000000000000000e+00,0.000000000000000000e+00,-0.000000000000000000e+00,-0.000000000000000000e+00,-0.000000000000000000e+00,-0.000000000000000000e+00,-0.000000000000000000e+00,-0.000000000000000000e+00,-2.819012473170399713e-01,-0.000000000000000000e+00,-0.000000000000000000e+00,-2.442668900507173890e-01,-0.000000000000000000e+00,1.851033634939741046e-01,-0.000000000000000000e+00,2.710186705058572482e-02,-2.232941700577892041e-01,0.000000000000000000e+00,8.765717981562706762e-02
-0.000000000000000000e+00,-0.000000000000000000e+00,-0.000000000000000000e+00,-0.000000000000000000e+00,0.000000000000000000e+00,-0.000000000000000000e+00,1.588013788954485639e+00,0.000000000000000000e+00,-0.000000000000000000e+00,0.000000000000000000e+00,-1.626949783947808925e-01,-0.000000000000000000e+00,-0.000000000000000000e+00,-0.000000000000000000e+00,0.000000000000000000e+00,-0.000000000000000000e+00,-2.426133620084175713e-01,0.000000000000000000e+00,-0.000000000000000000e+00,-0.000000000000000000e+00,-0.000000000000000000e+00,-0.000000000000000000e+00,-0.000000000000000000e+00,-0.000000000000000000e+00,-0.000000000000000000e+00,-0.000000000000000000e+00,-4.146930702890866405e-02,-9.388637595399416946e-02,-1.852296890216542091e-01,-0.000000000000000000e+00,-1.769760593353628120e-02,-8.665401628325192229e-02,-0.000000000000000000e+00,1.871961786471655923e-03,-2.341220763560594997e-01,0.000000000000000000e+00,-1.209249634439858584e-01,0.000000000000000000e+00,0.000000000000000000e+00
1.303718588795557166e-02,1.713461386068441672e-01,6.987947380685283205e-01,0.000000000000000000e+00,2.692806343645639533e-01,0.000000000000000000e+00,0.000000000000000000e+00,2.517387169947821857e+00,2.755561668234026707e-01,0.000000000000000000e+00,0.000000000000000000e+00,0.000000000000000000e+00,-0.000000000000000000e+00,0.000000000000000000e+00,0.000000000000000000e+00,0.000000000000000000e+00,0.000000000000000000e+00,-0.000000000000000000e+00,0.000000000000000000e+00,0.000000000000000000e+00,3.416906513962170711e-01,1.370551373450476229e-01,0.000000000000000000e+00,2.593349879678394365e-02,0.000000000000000000e+00,0.000000000000000000e+00,3.948292648603930755e-02,1.634450950686489601e-01,0.000000000000000000e+00,0.000000000000000000e+00,1.762359725273171807e-01,0.000000000000000000e+00,1.946345114589055070e-01,0.000000000000000000e+00,0.000000000000000000e+00,0.000000000000000000e+00,0.000000000000000000e+00,0.000000000000000000e+00,0.000000000000000000e+00
-2.967184796187779527e-01,-2.208780646529434621e-01,-2.500129156778187478e-01,-0.000000000000000000e+00,-3.621354044909071979e-01,0.000000000000000000e+00,-0.000000000000000000e+00,2.755561668234026707e-01,2.429299616374730686e+00,-6.447470586770130685e-02,-0.000000000000000000e+00,-4.938731429738306422e-02,0.000000000000000000e+00,-7.782053658236251503e-02,-0.000000000000000000e+00,-5.723745247538707115e-03,-0.000000000000000000e+00,0.000000000000000000e+00,-0.000000000000000000e+00,-0.000000000000000000e+00,-0.000000000000000000e+00,-0.000000000000000000e+00,-0.000000000000000000e+00,-1.650186824709447622e-02,-0.000000000000000000e+00,-1.638211511235779239e-01,-0.000000000000000000e+00,-0.000000000000000000e+00,-0.000000000000000000e+00,-2.171510549993568018e-01,-0.000000000000000000e+00,-0.000000000000000000e+00,-0.000000000000000000e+00,-2.002055811016377751e-01,-0.000000000000000000e+00,-0.000000000000000000e+00,-0.000000000000000000e+00,-2.711708904871117931e-01,-1.407476483928839228e-01
-0.000000000000000000e+00,-2.087856115465267226e-01,-0.000000000000000000e+00,-0.000000000000000000e+00,-9.590151943955139979e-02,0.000000000000000000e+00,0.000000000000000000e+00,0.000000000000000000e+00,-6.447470586770130685e-02,2.156517237690961153e+00,-0.000000000000000000e+00,-0.000000000000000000e+00,0.000000000000000000e+00,-1.127971725217873644e-01,-0.000000000000000000e+00,-8.602627763303456465e-01,-0.000000000000000000e+00,0.000000000000000000e+00,-0.000000000000000000e+00,-0.000000000000000000e+00,-0.000000000000000000e+00,-0.000000000000000000e+00,-1.796887622952952901e-01,-0.000000000000000000e+00,-3.038125248909645179e-02,-0.000000000000000000e+00,-0.000000000000000000e+00,-0.000000000000000000e+00,-0.000000000000000000e+00,-3.182111590937296008e-01,-0.000000000000000000e+00,-0.000000000000000000e+00,-0.000000000000000000e+00,-8.124194649839886276e-03,-0.000000000000000000e+00,-2.203403062055418193e-01,-0.000000000000000000e+00,-0.000000000000000000e+00,-3.497469278488418709e-02
-0.000000000000000000e+00,-0.000000000000000000e+00,-0.000000000000000000e+00,-3.570220775771212190e-02,-0.000000000000000000e+00,-0.000000000000000000e+00,-1.626949783947808925e-01,0.000000000000000000e+00,-0.000000000000000000e+00,-0.000000000000000000e+00,2.545251253061313168e+00,-0.000000000000000000e+00,0.000000000000000000e+00,-0.000000000000000000e+00,0.000000000000000000e+00,-0.000000000000000000e+00,-5.471959333164712058e-01,3.252157070525017041e-02,-0.000000000000000000e+00,-0.000000000000000000e+00,-3.622224752883409366e-02,-0.000000000000000000e+00,-0.000000000000000000e+00,-6.351934170311075711e-02,-2.932994314765032806e-01,-1.580163954238122948e-01,-1.869632364326946627e-01,-3.599958960468230829e-01,-1.125885728858815604e-01,-0.000000000000000000e+00,-9.125921179765889013e-02,-1.705209467257575440e-01,-1.916847395506585672e-01,0.000000000000000000e+00,-0.000000000000000000e+00,0.000000000000000000e+00,-1.562461755383015294e-01,-0.000000000000000000e+00,-0.000000000000000000e+00
-0.000000000000000000e+00,-4.651481185816276620e-02,-2.384973232502719809e-01,-0.000000000000000000e+00,-0.000000000000000000e+00,2.452251975529328235e-02,-0.000000000000000000e+00,0.000000000000000000e+00,-4.938731429738306422e-02,-0.000000000000000000e+00,-0.000000000000000000e+00,1.955330002514952481e+00,-0.000000000000000000e+00,-0.000000000000000000e+00,-0.000000000000000000e+00,-0.000000000000000000e+00,-0.000000000000000000e+00,0.000000000000000000e+00,-3.044404111763742704e-01,-1.573592855220068976e-01,-0.000000000000000000e+00,-2.892078464843481633e-01,-0.000000000000000000e+00,-0.000000000000000000e+00,-0.000000000000000000e+00,-0.000000000000000000e+00,-1.021085736370229563e-01,-0.000000000000000000e+00,0.000000000000000000e+00,-0.000000000000000000e+00,-1.430380886369869708e-01,-0.000000000000000000e+00,-0.000000000000000000e+00,-7.493953911253137430e-03,-0.000000000000000000e+00,-0.000000000000000000e+00,-0.000000000000000000e+00,-0.000000000000000000e+00,-5.444403561572194183e-01
0.000000000000000000e+00,0.000000000000000000e+00,0.000000000000000000e+00,-0.000000000000000000e+00,0.000000000000000000e+00,2.033026076877350596e-01,-0.000000000000000000e+00,-0.000000000000000000e+00,0.000000000000000000e+00,0.000000000000000000e+00,0.000000000000000000e+00,-0.000000000000000000e+00,1.039751725324201459e+00,0.000000000000000000e+00,-0.000000000000000000e+00,0.000000000000000000e+00,0.000000000000000000e+00,-0.000000000000000000e+00,-0.000000000000000000e+00,-0.000000000000000000e+00,0.000000000000000000e+00,-0.000000000000000000e+00,0.000000000000000000e+00,0.000000000000000000e+00,0.000000000000000000e+00,0.000000000000000000e+00,0.000000000000000000e+00,0.000000000000000000e+00,0.000000000000000000e+00,0.000000000000000000e+00,0.000000000000000000e+00,0.000000000000000000e+00,0.000000000000000000e+00,0.000000000000000000e+00,0.000000000000000000e+00,-0.000000000000000000e+00,0.000000000000000000e+00,-0.000000000000000000e+00,-0.000000000000000000e+00
-0.000000000000000000e+00,-7.672250093830659812e-02,-3.776987532657261754e-02,-0.000000000000000000e+00,-6.520318085313751844e-02,-0.000000000000000000e+00,-0.000000000000000000e+00,0.000000000000000000e+00,-7.782053658236251503e-02,-1.127971725217873644e-01,-0.000000000000000000e+00,-0.000000000000000000e+00,0.000000000000000000e+00,2.182247215808625462e+00,0.000000000000000000e+00,-8.950282008200058370e-02,-0.000000000000000000e+00,1.207792458516904893e-01,-0.000000000000000000e+00,-0.000000000000000000e+00,-0.000000000000000000e+00,-0.000000000000000000e+00,-1.713782435188818398e-01,-3.011895148476356199e-01,-1.952788148247309730e-01,-1.484324470624019954e-01,-2.609220210028264098e-01,-1.347020379177792937e-01,-0.000000000000000000e+00,-0.000000000000000000e+00,-2.971326564924502422e-01,-0.000000000000000000e+00,-0.000000000000000000e+00,-0.000000000000000000e+00,-5.159592735062675656e-02,-0.000000000000000000e+00,-9.067538775849515176e-02,-0.000000000000000000e+00,-0.000000000000000000e+00
-1.209564443679280940e-02,-0.000000000000000000e+00,-0.000000000000000000e+00,-0.000000000000000000e+00,-0.000000000000000000e+00,0.000000000000000000e+00,0.000000000000000000e+00,0.000000000000000000e+00,-0.000000000000000000e+00,-0.000000000000000000e+00,0.000000000000000000e+00,-0.000000000000000000e+00,-0.000000000000000000e+00,0.000000000000000000e+00,1.331268936606414988e+00,-0.000000000000000000e+00,0.000000000000000000e+00,-0.000000000000000000e+00,-0.000000000000000000e+00,-0.000000000000000000e+00,-0.000000000000000000e+00,-0.000000000000000000e+00,-0.000000000000000000e+00,-0.000000000000000000e+00,-0.000000000000000000e+00,-0.000000000000000000e+00,0.000000000000000000e+00,0.000000000000000000e+00,0.000000000000000000e+00,-0.000000000000000000e+00,0.000000000000000000e+00,0.000000000000000000e+00,0.000000000000000000e+00,-4.536453777937474729e-01,2.477452230661488786e-01,-1.919968254159175880e-01,0.000000000000000000e+00,-2.000159050745336231e-01,-0.000000000000000000e+00
-0.000000000000000000e+00,-1.258278093013118493e-01,-0.000000000000000000e+00,-0.000000000000000000e+00,-1.216084143421510555e-01,0.000000000000000000e+00,-0.000000000000000000e+00,0.000000000000000000e+00,-5.723745247538707115e-03,-8.602627763303456465e-01,-0.000000000000000000e+00,-0.000000000000000000e+00,0.000000000000000000e+00,-8.950282008200058370e-02,-0.000000000000000000e+00,1.888728946310764822e+00,-0.000000000000000000e+00,0.000000000000000000e+00,-0.000000000000000000e+00,-0.000000000000000000e+00,-0.000000000000000000e+00,-0.000000000000000000e+00,-0.000000000000000000e+00,-0.000000000000000000e+00,-0.000000000000000000e+00,-0.000000000000000000e+00,-0.000000000000000000e+00,-0.000000000000000000e+00,-0.000000000000000000e+00,-2.316697290525807085e-01,-0.000000000000000000e+00,-0.000000000000000000e+00,-0.000000000000000000e+00,-0.000000000000000000e+00,-0.000000000000000000e+00,-1.977547925931638639e-01,-0.000000000000000000e+00,-0.000000000000000000e+00,-0.000000000000000000e+00
-0.000000000000000000e+00,-0.000000000000000000e+00,-0.000000000000000000e+00,-0.000000000000000000e+00,-0.000000000000000000e+00,-2.279799201368309103e-01,-2.426133620084175713e-01,0.000000000000000000e+00,-0.000000000000000000e+00,-0.000000000000000000e+00,-5.471959333164712058e-01,-0.000000000000000000e+00,0.000000000000000000e+00,-0.000000000000000000e+00,0.000000000000000000e+00,-0.000000000000000000e+00,2.658500219244559037e+00,1.096886679066131354e-01,0.000000000000000000e+00,-0.000000000000000000e+00,-0.000000000000000000e+00,-0.000000000000000000e+00,-2.208466777710918830e-02,-7.734675562454985942e-02,-0.000000000000000000e+00,-1.203846364469991354e-01,-8.689287894172040283e-02,-1.908727929368166931e-01,-2.976516300341363608e-01,-0.000000000000000000e+00,-1.032354502090285508e-01,-2.897025864760211511e-01,-0.000000000000000000e+00,0.000000000000000000e+00,-3.054649061027582269e-01,0.000000000000000000e+00,-2.053612693417263824e-01,-0.000000000000000000e+00,0.000000000000000000e+00
0.000000000000000000e+00,0.000000000000000000e+00,0.000000000000000000e+00,-5.158136377034191339e-02,0.000000000000000000e+00,0.000000000000000000e+00,0.000000000000000000e+00,-0.000000000000000000e+00,0.000000000000000000e+00,0.000000000000000000e+00,3.252157070525017041e-02,0.000000000000000000e+00,-0.000000000000000000e+00,1.207792458516904893e-01,-0.000000000000000000e+00,0.000000000000000000e+00,1.096886679066131354e-01,1.087377882578364208e+00,-4.198068167819019036e-02,1.945343110541584639e-02,0.000000000000000000e+00,0.000000000000000000e+00,0.000000000000000000e+00,0.000000000000000000e+00,0.000000000000000000e+00,2.751455802723697455e-02,0.000000000000000000e+00,6.734630326392251898e-02,0.000000000000000000e+00,0.000000000000000000e+00,0.000000000000000000e+00,0.000000000000000000e+00,0.000000000000000000e+00,0.000000000000000000e+00,4.310031364937748355e-02,-0.000000000000000000e+00,0.000000000000000000e+00,0.000000000000000000e+00,0.000000000000000000e+00
-0.000000000000000000e+00,-1.139525377167489723e-01,-6.271228431760418219e-04,-1.955353164048397596e-01,-7.846578500983117377e-02,0.000000000000000000e+00,-0.000000000000000000e+00,0.000000000000000000e+00,-0.000000000000000000e+00,-0.000000000000000000e+00,-0.000000000000000000e+00,-3.044404111763742704e-01,-0.000000000000000000e+00,-0.000000000000000000e+00,-0.000000000000000000e+00,-0.000000000000000000e+00,0.000000000000000000e+00,-4.198068167819019036e-02,1.473204591717367506e+00,-0.000000000000000000e+00,-0.000000000000000000e+00,-1.046739867388599976e-01,-0.000000000000000000e+00,-0.000000000000000000e+00,-0.000000000000000000e+00,-0.000000000000000000e+00,-0.000000000000000000e+00,-0.000000000000000000e+00,0.000000000000000000e+00,-0.000000000000000000e+00,-0.000000000000000000e+00,-0.000000000000000000e+00,-0.000000000000000000e+00,-0.000000000000000000e+00,0.000000000000000000e+00,-0.000000000000000000e+00,-0.000000000000000000e+00,-0.000000000000000000e+00,-3.344991553183414013e-01
-0.000000000000000000e+00,-0.000000000000000000e+00,-0.000000000000000000e+00,-0.000000000000000000e+00,-0.000000000000000000e+00,0.000000000000000000e+00,-0.000000000000000000e+00,0.000000000000000000e+00,-0.000000000000000000e+00,-0.000000000000000000e+00,-0.000000000000000000e+00,-1.573592855220068976e-01,-0.000000000000000000e+00,-0.000000000000000000e+00,-0.000000000000000000e+00,-0.000000000000000000e+00,-0.000000000000000000e+00,1.945343110541584639e-02,-0.000000000000000000e+00,1.280490531490574346e+00,-0.000000000000000000e+00,-4.011083212450660684e-01,-2.943184584235745971e-02,-6.581088450974045823e-02,-6.167881658048284324e-03,-0.000000000000000000e+00,-5.626823614408254376e-02,-0.000000000000000000e+00,-0.000000000000000000e+00,-1.380776364271421586e-02,-0.000000000000000000e+00,-0.000000000000000000e+00,-0.000000000000000000e+00,-0.000000000000000000e+00,-0.000000000000000000e+00,-0.000000000000000000e+00,-0.000000000000000000e+00,-0.000000000000000000e+00,-0.000000000000000000e+00
-0.000000000000000000e+00,-6.875822475468555683e-02,-2.828370643380780924e-01,-1.503619266045872760e-01,-0.000000000000000000e+00,-0.000000000000000000e+00,-0.000000000000000000e+00,3.416906513962170711e-01,-0.000000000000000000e+00,-0.000000000000000000e+00,-3.622224752883409366e-02,-0.000000000000000000e+00,0.000000000000000000e+00,-0.000000000000000000e+00,-0.000000000000000000e+00,-0.000000000000000000e+00,-0.000000000000000000e+00,0.000000000000000000e+00,-0.000000000000000000e+00,-0.000000000000000000e+00,2.281472195619008492e+00,-4.316896843465892197e-01,-0.000000000000000000e+00,-0.000000000000000000e+00,-0.000000000000000000e+00,-0.000000000000000000e+00,-0.000000000000000000e+00,-1.844958319850606709e-01,-0.000000000000000000e+00,-0.000000000000000000e+00,-0.000000000000000000e+00,-0.000000000000000000e+00,-6.465610985279307554e-01,-0.000000000000000000e+00,-0.000000000000000000e+00,0.000000000000000000e+00,-0.000000000000000000e+00,-0.000000000000000000e+00,-0.000000000000000000e+00
-0.000000000000000000e+00,-9.828262359098464962e-02,-2.183065212312183534e-01,-1.809429434679554471e-01,-0.000000000000000000e+00,0.000000000000000000e+00,-0.000000000000000000e+00,1.370551373450476229e-01,-0.000000000000000000e+00,-0.000000000000000000e+00,-0.000000000000000000e+00,-2.892078464843481633e-01,-0.000000000000000000e+00,-0.000000000000000000e+00,-0.000000000000000000e+00,-0.000000000000000000e+00,-0.000000000000000000e+00,0.000000000000000000e+00,-1.046739867388599976e-01,-4.011083212450660684e-01,-4.316896843465892197e-01,2.215380713635194176e+00,-0.000000000000000000e+00,-0.000000000000000000e+00,-0.000000000000000000e+00,-0.000000000000000000e+00,-0.000000000000000000e+00,-0.000000000000000000e+00,-0.000000000000000000e+00,-0.000000000000000000e+00,-0.000000000000000000e+00,-0.000000000000000000e+00,-3.145746967313651221e-01,-0.000000000000000000e+00,-0.000000000000000000e+00,-0.000000000000000000e+00,-0.000000000000000000e+00,-0.000000000000000000e+00,-1.553233646688682024e-01
-6.877516869899663599e-02,-7.637686205443927623e-02,-0.000000000000000000e+00,-0.000000000000000000e+00,-0.000000000000000000e+00,-0.000000000000000000e+00,-0.000000000000000000e+00,0.000000000000000000e+00,-0.000000000000000000e+00,-1.796887622952952901e-01,-0.000000000000000000e+00,-0.000000000000000000e+00,0.000000000000000000e+00,-1.713782435188818398e-01,-0.000000000000000000e+00,-0.000000000000000000e+00,-2.208466777710918830e-02,0.000000000000000000e+00,-0.000000000000000000e+00,-2.943184584235745971e-02,-0.000000000000000000e+00,-0.000000000000000000e+00,1.949089428200318164e+00,-4.413718883094961964e-01,-5.554718567222661774e-01,-0.000000000000000000e+00,-0.000000000000000000e+00,-5.190647179070884826e-02,-0.000000000000000000e+00,-0.000000000000000000e+00,-0.000000000000000000e+00,-1.437466949313197240e-01,-0.000000000000000000e+00,-0.000000000000000000e+00,-0.000000000000000000e+00,-0.000000000000000000e+00,-0.000000000000000000e+00,-0.000000000000000000e+00,-0.000000000000000000e+00
-1.374087430339420990e-01,-6.564212269811978140e-02,-9.520882578088493350e-03,-0.000000000000000000e+00,-0.000000000000000000e+00,-0.000000000000000000e+00,-0.000000000000000000e+00,2.593349879678394365e-02,-1.650186824709447622e-02,-0.000000000000000000e+00,-6.351934170311075711e-02,-0.000000000000000000e+00,0.000000000000000000e+00,-3.011895148476356199e-01,-0.000000000000000000e+00,-0.000000000000000000e+00,-7.734675562454985942e-02,0.000000000000000000e+00,-0.000000000000000000e+00,-6.581088450974045823e-02,-0.000000000000000000e+00,-0.000000000000000000e+00,-4.413718883094961964e-01,2.290221905331509156e+00,-2.621853537270563139e-01,-2.636841322796200648e-01,-3.940166856552977659e-02,-1.804322073113964475e-01,-9.513660970514581372e-02,-1.004071960426811475e-02,-1.565546120006192088e-02,-8.544128752494971335e-02,-1.256147646586716071e-01,-0.000000000000000000e+00,-0.000000000000000000e+00,-0.000000000000000000e+00,-1.886857411697310041e-02,-0.000000000000000000e+00,-0.000000000000000000e+00
-2.434813267653040680e-01,-1.507538474641201554e-01,-0.000000000000000000e+00,-0.000000000000000000e+00,-0.000000000000000000e+00,-0.000000000000000000e+00,-0.000000000000000000e+00,0.000000000000000000e+00,-0.000000000000000000e+00,-3.038125248909645179e-02,-2.932994314765032806e-01,-0.000000000000000000e+00,0.000000000000000000e+00,-1.952788148247309730e-01,-0.000000000000000000e+00,-0.000000000000000000e+00,-0.000000000000000000e+00,0.000000000000000000e+00,-0.000000000000000000e+00,-6.167881658048284324e-03,-0.000000000000000000e+00,-0.000000000000000000e+00,-5.554718567222661774e-01,-2.621853537270563139e-01,2.372227176078090860e+00,-2.938233644496359709e-01,-0.000000000000000000e+00,-0.000000000000000000e+00,-0.000000000000000000e+00,-3.383255910376525843e-01,-0.000000000000000000e+00,-0.000000000000000000e+00,-2.553097106567278271e-03,-0.000000000000000000e+00,-0.000000000000000000e+00,-0.000000000000000000e+00,-0.000000000000000000e+00,-0.000000000000000000e+00,-0.000000000000000000e+00
-8.611797856394957928e-02,-0.000000000000000000e+00,-6.059820525380622824e-02,-0.000000000000000000e+00,-0.000000000000000000e+00,-0.000000000000000000e+00,-0.000000000000000000e+00,0.000000000000000000e+00,-1.638211511235779239e-01,-0.000000000000000000e+00,-1.580163954238122948e-01,-0.000000000000000000e+00,0.000000000000000000e+00,-1.484324470624019954e-01,-0.000000000000000000e+00,-0.000000000000000000e+00,-1.203846364469991354e-01,2.751455802723697455e-02,-0.000000000000000000e+00,-0.000000000000000000e+00,-0.000000000000000000e+00,-0.000000000000000000e+00,-0.000000000000000000e+00,-2.636841322796200648e-01,-2.938233644496359709e-01,2.467330059000069298e+00,-1.424889588266022855e-01,-1.694076231467879501e-01,-3.545196969355452477e-01,-1.796262866199530850e-01,-1.223319550120266080e-01,-0.000000000000000000e+00,-1.477805218428724643e-01,-0.000000000000000000e+00,-9.156308828061496263e-02,0.000000000000000000e+00,-0.000000000000000000e+00,-5.539184564812377892e-02,-0.000000000000000000e+00
-0.000000000000000000e+00,-2.492264251854541890e-04,-1.784012659096435305e-01,-0.000000000000000000e+00,-0.000000000000000000e+00,-0.000000000000000000e+00,-4.146930702890866405e-02,3.948292648603930755e-02,-0.000000000000000000e+00,-0.000000000000000000e+00,-1.869632364326946627e-01,-1.021085736370229563e-01,0.000000000000000000e+00,-2.609220210028264098e-01,0.000000000000000000e+00,-0.000000000000000000e+00,-8.689287894172040283e-02,0.000000000000000000e+00,-0.000000000000000000e+00,-5.626823614408254376e-02,-0.000000000000000000e+00,-0.000000000000000000e+00,-0.000000000000000000e+00,-3.940166856552977659e-02,-0.000000000000000000e+00,-1.424889588266022855e-01,2.660473877605234350e+00,-2.188620249571982812e-01,-0.000000000000000000e+00,-0.000000000000000000e+00,-5.956157891305251528e-01,-2.537298264679461735e-01,-2.542848982171934114e-01,-0.000000000000000000e+00,-9.526431569393459253e-02,0.000000000000000000e+00,-1.846059885731732297e-01,-0.000000000000000000e+00,-0.000000000000000000e+00
-0.000000000000000000e+00,-0.000000000000000000e+00,-1.047465072089283217e-01,-0.000000000000000000e+00,-0.000000000000000000e+00,-0.000000000000000000e+00,-9.388637595399416946e-02,1.634450950686489601e-01,-0.000000000000000000e+00,-0.000000000000000000e+00,-3.599958960468230829e-01,-0.000000000000000000e+00,0.000000000000000000e+00,-1.347020379177792937e-01,0.000000000000000000e+00,-0.000000000000000000e+00,-1.908727929368166931e-01,6.734630326392251898e-02,-0.000000000000000000e+00,-0.000000000000000000e+00,-1.844958319850606709e-01,-0.000000000000000000e+00,-5.190647179070884826e-02,-1.804322073113964475e-01,-0.000000000000000000e+00,-1.694076231467879501e-01,-2.188620249571982812e-01,2.566311942997140605e+00,-0.000000000000000000e+00,-0.000000000000000000e+00,-2.729163577156787368e-01,-2.393550336641480647e-01,-1.978590769926846793e-01,-0.000000000000000000e+00,-0.000000000000000000e+00,0.000000000000000000e+00,-3.033099018109679940e-02,-0.000000000000000000e+00,-0.000000000000000000e+00
-0.000000000000000000e+00,-0.000000000000000000e+00,-0.000000000000000000e+00,-0.000000000000000000e+00,-0.000000000000000000e+00,-2.819012473170399713e-01,-1.852296890216542091e-01,0.000000000000000000e+00,-0.000000000000000000e+00,-0.000000000000000000e+00,-1.125885728858815604e-01,0.000000000000000000e+00,0.000000000000000000e+00,-0.000000000000000000e+00,0.000000000000000000e+00,-0.000000000000000000e+00,-2.976516300341363608e-01,0.000000000000000000e+00,0.000000000000000000e+00,-0.000000000000000000e+00,-0.000000000000000000e+00,-0.000000000000000000e+00,-0.000000000000000000e+00,-9.513660970514581372e-02,-0.000000000000000000e+00,-3.545196969355452477e-01,-0.000000000000000000e+00,-0.000000000000000000e+00,2.557173547917012790e+00,-0.000000000000000000e+00,-0.000000000000000000e+00,-1.977827190413374014e-01,-0.000000000000000000e+00,0.000000000000000000e+00,-6.074612183978788105e-01,0.000000000000000000e+00,-4.579534803581002955e-01,-0.000000000000000000e+00,0.000000000000000000e+00
-3.276557795914750160e-01,-1.952754483163200439e-01,-0.000000000000000000e+00,-0.000000000000000000e+00,-0.000000000000000000e+00,-0.000000000000000000e+00,-0.000000000000000000e+00,0.000000000000000000e+00,-2.171510549993568018e-01,-3.182111590937296008e-01,-0.000000000000000000e+00,-0.000000000000000000e+00,0.000000000000000000e+00,-0.000000000000000000e+00,-0.000000000000000000e+00,-2.316697290525807085e-01,-0.000000000000000000e+00,0.000000000000000000e+00,-0.000000000000000000e+00,-1.380776364271421586e-02,-0.000000000000000000e+00,-0.000000000000000000e+00,-0.000000000000000000e+00,-1.004071960426811475e-02,-3.383255910376525843e-01,-1.796262866199530850e-01,-0.000000000000000000e+00,-0.000000000000000000e+00,-0.000000000000000000e+00,2.182420461305801140e+00,-0.000000000000000000e+00,-0.000000000000000000e+00,-0.000000000000000000e+00,-0.000000000000000000e+00,-0.000000000000000000e+00,-2.229873885039473924e-02,-0.000000000000000000e+00,-3.288450068097769075e-01,-0.000000000000000000e+00
-0.000000000000000000e+00,-1.435082021447489919e-01,-2.414789410983193274e-01,-0.000000000000000000e+00,-0.000000000000000000e+00,-0.000000000000000000e+00,-1.769760593353628120e-02,1.762359725273171807e-01,-0.000000000000000000e+00,-0.000000000000000000e+00,-9.125921179765889013e-02,-1.430380886369869708e-01,0.000000000000000000e+00,-2.971326564924502422e-01,0.000000000000000000e+00,-0.000000000000000000e+00,-1.032354502090285508e-01,0.000000000000000000e+00,-0.000000000000000000e+00,-0.000000000000000000e+00,-0.000000000000000000e+00,-0.000000000000000000e+00,-0.000000000000000000e+00,-1.565546120006192088e-02,-0.000000000000000000e+00,-1.223319550120266080e-01,-5.956157891305251528e-01,-2.729163577156787368e-01,-0.000000000000000000e+00,-0.000000000000000000e+00,2.716280345698234733e+00,-2.882152250316300512e-01,-1.469786538367921225e-01,-0.000000000000000000e+00,-2.717233552664061191e-02,0.000000000000000000e+00,-1.131688382760209638e-01,-0.000000000000000000e+00,-0.000000000000000000e+00
-0.000000000000000000e+00,-0.000000000000000000e+00,-0.000000000000000000e+00,-0.000000000000000000e+00,-0.000000000000000000e+00,-2.442668900507173890e-01,-8.665401628325192229e-02,0.000000000000000000e+00,-0.000000000000000000e+00,-0.000000000000000000e+00,-1.705209467257575440e-01,-0.000000000000000000e+00,0.000000000000000000e+00,-0.000000000000000000e+00,0.000000000000000000e+00,-0.000000000000000000e+00,-2.897025864760211511e-01,0.000000000000000000e+00,-0.000000000000000000e+00,-0.000000000000000000e+00,-0.000000000000000000e+00,-0.000000000000000000e+00,-1.437466949313197240e-01,-8.544128752494971335e-02,-0.000000000000000000e+00,-0.000000000000000000e+00,-2.537298264679461735e-01,-2.393550336641480647e-01,-1.977827190413374014e-01,-0.000000000000000000e+00,-2.882152250316300512e-01,2.634439279282937196e+00,-0.000000000000000000e+00,0.000000000000000000e+00,-1.193412143775919171e-01,0.000000000000000000e+00,-5.949780538102700245e-01,0.000000000000000000e+00,-0.000000000000000000e+00
-0.000000000000000000e+00,-8.834980082485292818e-02,-3.072283766297058127e-01,-1.900055399549840929e-01,-0.000000000000000000e+00,-0.000000000000000000e+00,-0.000000000000000000e+00,1.946345114589055070e-01,-0.000000000000000000e+00,-0.000000000000000000e+00,-1.916847395506585672e-01,-0.000000000000000000e+00,0.000000000000000000e+00,-0.000000000000000000e+00,0.000000000000000000e+00,-0.000000000000000000e+00,-0.000000000000000000e+00,0.000000000000000000e+00,-0.000000000000000000e+00,-0.000000000000000000e+00,-6.465610985279307554e-01,-3.145746967313651221e-01,-0.000000000000000000e+00,-1.256147646586716071e-01,-2.553097106567278271e-03,-1.477805218428724643e-01,-2.542848982171934114e-01,-1.978590769926846793e-01,-0.000000000000000000e+00,-0.000000000000000000e+00,-1.469786538367921225e-01,-0.000000000000000000e+00,2.686492785819441842e+00,-0.000000000000000000e+00,-0.000000000000000000e+00,0.000000000000000000e+00,-0.000000000000000000e+00,-0.000000000000000000e+00,-0.000000000000000000e+00
-0.000000000000000000e+00,-0.000000000000000000e+00,-0.000000000000000000e+00,0.000000000000000000e+00,-5.047132694597111779e-01,1.851033634939741046e-01,1.871961786471655923e-03,0.000000000000000000e+00,-2.002055811016377751e-01,-8.124194649839886276e-03,0.000000000000000000e+00,-7.493953911253137430e-03,0.000000000000000000e+00,-0.000000000000000000e+00,-4.536453777937474729e-01,-0.000000000000000000e+00,0.000000000000000000e+00,0.000000000000000000e+00,-0.000000000000000000e+00,-0.000000000000000000e+00,-0.000000000000000000e+00,-0.000000000000000000e+00,-0.000000000000000000e+00,-0.000000000000000000e+00,-0.000000000000000000e+00,-0.000000000000000000e+00,-0.000000000000000000e+00,-0.000000000000000000e+00,0.000000000000000000e+00,-0.000000000000000000e+00,-0.000000000000000000e+00,0.000000000000000000e+00,-0.000000000000000000e+00,1.864050469386912878e+00,0.000000000000000000e+00,-1.911720954169133790e-01,0.000000000000000000e+00,-5.410374640086142856e-02,-4.228320370447140042e-01
-0.000000000000000000e+00,-0.000000000000000000e+00,-0.000000000000000000e+00,-0.000000000000000000e+00,-0.000000000000000000e+00,-0.000000000000000000e+00,-2.341220763560594997e-01,0.000000000000000000e+00,-0.000000000000000000e+00,-0.000000000000000000e+00,-0.000000000000000000e+00,-0.000000000000000000e+00,0.000000000000000000e+00,-5.159592735062675656e-02,2.477452230661488786e-01,-0.000000000000000000e+00,-3.054649061027582269e-01,4.310031364937748355e-02,0.000000000000000000e+00,-0.000000000000000000e+00,-0.000000000000000000e+00,-0.000000000000000000e+00,-0.000000000000000000e+00,-0.000000000000000000e+00,-0.000000000000000000e+00,-9.156308828061496263e-02,-9.526431569393459253e-02,-0.000000000000000000e+00,-6.074612183978788105e-01,-0.000000000000000000e+00,-2.717233552664061191e-02,-1.193412143775919171e-01,-0.000000000000000000e+00,0.000000000000000000e+00,2.239605384673231558e+00,0.000000000000000000e+00,-4.811458061339888292e-01,-0.000000000000000000e+00,0.000000000000000000e+00
-7.702611116597424257e-02,-0.000000000000000000e+00,-0.000000000000000000e+00,0.000000000000000000e+00,-0.000000000000000000e+00,2.710186705058572482e-02,0.000000000000000000e+00,0.000000000000000000e+00,-0.000000000000000000e+00,-2.203403062055418193e-01,0.000000000000000000e+00,-0.000000000000000000e+00,-0.000000000000000000e+00,-0.000000000000000000e+00,-1.919968254159175880e-01,-1.977547925931638639e-01,0.000000000000000000e+00,-0.000000000000000000e+00,-0.000000000000000000e+00,-0.000000000000000000e+00,0.000000000000000000e+00,-0.000000000000000000e+00,-0.000000000000000000e+00,-0.000000000000000000e+00,-0.000000000000000000e+00,0.000000000000000000e+00,0.000000000000000000e+00,0.000000000000000000e+00,0.000000000000000000e+00,-2.229873885039473924e-02,0.000000000000000000e+00,0.000000000000000000e+00,0.000000000000000000e+00,-1.911720954169133790e-01,0.000000000000000000e+00,1.359167395921436094e+00,0.000000000000000000e+00,-0.000000000000000000e+00,-1.188583748711698473e-01
-0.000000000000000000e+00,-0.000000000000000000e+00,-0.000000000000000000e+00,-0.000000000000000000e+00,-0.000000000000000000e+00,-2.232941700577892041e-01,-1.209249634439858584e-01,0.000000000000000000e+00,-0.000000000000000000e+00,-0.000000000000000000e+00,-1.562461755383015294e-01,-0.000000000000000000e+00,0.000000000000000000e+00,-9.067538775849515176e-02,0.000000000000000000e+00,-0.000000000000000000e+00,-2.053612693417263824e-01,0.000000000000000000e+00,-0.000000000000000000e+00,-0.000000000000000000e+00,-0.000000000000000000e+00,-0.000000000000000000e+00,-0.000000000000000000e+00,-1.886857411697310041e-02,-0.000000000000000000e+00,-0.000000000000000000e+00,-1.846059885731732297e-01,-3.033099018109679940e-02,-4.579534803581002955e-01,-0.000000000000000000e+00,-1.131688382760209638e-01,-5.949780538102700245e-01,-0.000000000000000000e+00,0.000000000000000000e+00,-4.811458061339888292e-01,0.000000000000000000e+00,2.647614321997172837e+00,0.000000000000000000e+00,0.000000000000000000e+00
-4.556973934868243092e-01,-0.000000000000000000e+00,-0.000000000000000000e+00,-0.000000000000000000e+00,-0.000000000000000000e+00,0.000000000000000000e+00,0.000000000000000000e+00,0.000000000000000000e+00,-2.711708904871117931e-01,-0.000000000000000000e+00,-0.000000000000000000e+00,-0.000000000000000000e+00,-0.000000000000000000e+00,-0.000000000000000000e+00,-2.000159050745336231e-01,-0.000000000000000000e+00,-0.000000000000000000e+00,0.000000000000000000e+00,-0.000000000000000000e+00,-0.000000000000000000e+00,-0.000000000000000000e+00,-0.000000000000000000e+00,-0.000000000000000000e+00,-0.000000000000000000e+00,-0.000000000000000000e+00,-5.539184564812377892e-02,-0.000000000000000000e+00,-0.000000000000000000e+00,-0.000000000000000000e+00,-3.288450068097769075e-01,-0.000000000000000000e+00,0.000000000000000000e+00,-0.000000000000000000e+00,-5.410374640086142856e-02,-0.000000000000000000e+00,-0.000000000000000000e+00,0.000000000000000000e+00,1.703563365604358504e+00,-1.125182944165248056e-01
-0.000000000000000000e+00,-3.188516091793327512e-01,-3.020036918280696175e-02,-0.000000000000000000e+00,-0.000000000000000000e+00,8.765717981562706762e-02,0.000000000000000000e+00,0.000000000000000000e+00,-1.407476483928839228e-01,-3.497469278488418709e-02,-0.000000000000000000e+00,-5.444403561572194183e-01,-0.000000000000000000e+00,-0.000000000000000000e+00,-0.000000000000000000e+00,-0.000000000000000000e+00,0.000000000000000000e+00,0.000000000000000000e+00,-3.344991553183414013e-01,-0.000000000000000000e+00,-0.000000000000000000e+00,-1.553233646688682024e-01,-0.000000000000000000e+00,-0.000000000000000000e+00,-0.000000000000000000e+00,-0.000000000000000000e+00,-0.000000000000000000e+00,-0.000000000000000000e+00,0.000000000000000000e+00,-0.000000000000000000e+00,-0.000000000000000000e+00,-0.000000000000000000e+00,-0.000000000000000000e+00,-4.228320370447140042e-01,0.000000000000000000e+00,-1.188583748711698473e-01,0.000000000000000000e+00,-1.125182944165248056e-01,2.118590036196903004e+00
