2.351717446011214463e+00,-1.061824896345306968e+00,-0.000000000000000000e+00,0.000000000000000000e+00,-0.000000000000000000e+00,-0.000000000000000000e+00,-0.000000000000000000e+00,-0.000000000000000000e+00,-1.363881206833728599e-01,-0.000000000000000000e+00,-0.000000000000000000e+00,-0.000000000000000000e+00,0.000000000000000000e+00,-0.000000000000000000e+00,-0.000000000000000000e+00,-0.000000000000000000e+00,0.000000000000000000e+00,-0.000000000000000000e+00,-0.000000000000000000e+00,-0.000000000000000000e+00,0.000000000000000000e+00,-0.000000000000000000e+00,-0.000000000000000000e+00,-0.000000000000000000e+00,-5.061063890069323890e-01,-0.000000000000000000e+00,-0.000000000000000000e+00,-0.000000000000000000e+00,-0.000000000000000000e+00,-4.555885857597461452e-01,-0.000000000000000000e+00,-0.000000000000000000e+00,-0.000000000000000000e+00,-0.000000000000000000e+00,-0.000000000000000000e+00,-0.000000000000000000e+00,-0.000000000000000000e+00,0.000000000000000000e+00,-0.000000000000000000e+00
-1.061824896345306968e+00,2.444444074763192365e+00,0.000000000000000000e+00,0.000000000000000000e+00,0.000000000000000000e+00,-0.000000000000000000e+00,-0.000000000000000000e+00,-0.000000000000000000e+00,-0.000000000000000000e+00,-3.898867030510609899e-01,-9.651420761501870726e-02,-0.000000000000000000e+00,0.000000000000000000e+00,-0.000000000000000000e+00,-0.000000000000000000e+00,-2.757427565718963414e-01,0.000000000000000000e+00,-0.000000000000000000e+00,-0.000000000000000000e+00,-0.000000000000000000e+00,1.822159134183222451e-01,-0.000000000000000000e+00,-0.000000000000000000e+00,-0.000000000000000000e+00,-4.065595269381862970e-02,-0.000000000000000000e+00,-0.000000000000000000e+00,-0.000000000000000000e+00,-2.782322668714218850e-01,-3.237013513319629554e-02,-0.000000000000000000e+00,-0.000000000000000000e+00,-0.000000000000000000e+00,-0.000000000000000000e+00,-0.000000000000000000e+00,-7.240264816682669136e-02,-0.000000000000000000e+00,0.000000000000000000e+00,-0.000000000000000000e+00
-0.000000000000000000e+00,0.000000000000000000e+00,2.122761304579718900e+00,-0.000000000000000000e+00,-3.427134507922745266e-02,0.000000000000000000e+00,-0.000000000000000000e+00,1.228371352693802487e+00,-6.182548704860013622e-02,-0.000000000000000000e+00,-0.000000000000000000e+00,-0.000000000000000000e+00,0.000000000000000000e+00,-8.536168896962498254e-02,-0.000000000000000000e+00,-0.000000000000000000e+00,-0.000000000000000000e+00,-4.473068329888776201e-02,-0.000000000000000000e+00,0.000000000000000000e+00,-1.397391410193113692e-01,-0.000000000000000000e+00,-0.000000000000000000e+00,-0.000000000000000000e+00,-0.000000000000000000e+00,-0.000000000000000000e+00,-9.242570493128304115e-03,-2.964532504693894732e-01,0.000000000000000000e+00,0.000000000000000000e+00,-2.177572329815080643e-01,-0.000000000000000000e+00,-0.000000000000000000e+00,-1.049735629187431435e-01,0.000000000000000000e+00,0.000000000000000000e+00,0.000000000000000000e+00,-1.373494415530669699e-02,-0.000000000000000000e+00
0.000000000000000000e+00,0.000000000000000000e+00,-0.000000000000000000e+00,1.357805326472070639e+00,-8.457741045334410401e-02,-0.000000000000000000e+00,-3.280765139289777421e-01,0.000000000000000000e+00,0.000000000000000000e+00,0.000000000000000000e+00,-0.000000000000000000e+00,-0.000000000000000000e+00,-0.000000000000000000e+00,-0.000000000000000000e+00,-0.000000000000000000e+00,0.000000000000000000e+00,0.000000000000000000e+00,-0.000000000000000000e+00,-0.000000000000000000e+00,-0.000000000000000000e+00,-0.000000000000000000e+00,-6.574809875819158378e-02,0.000000000000000000e+00,0.000000000000000000e+00,0.000000000000000000e+00,0.000000000000000000e+00,-0.000000000000000000e+00,-2.480568738542704710e-01,-0.000000000000000000e+00,0.000000000000000000e+00,0.000000000000000000e+00,-0.000000000000000000e+00,-0.000000000000000000e+00,-2.247493756661214370e-01,0.000000000000000000e+00,0.000000000000000000e+00,0.000000000000000000e+00,0.000000000000000000e+00,0.000000000000000000e+00
-0.000000000000000000e+00,0.000000000000000000e+00,-3.427134507922745266e-02,-8.457741045334410401e-02,1.116081788113814754e+00,-0.000000000000000000e+00,-0.000000000000000000e+00,0.000000000000000000e+00,-9.862772571298494828e-02,-0.000000000000000000e+00,-0.000000000000000000e+00,-0.000000000000000000e+00,0.000000000000000000e+00,-1.163954680762684935e-01,-0.000000000000000000e+00,-0.000000000000000000e+00,-0.000000000000000000e+00,0.000000000000000000e+00,-0.000000000000000000e+00,0.000000000000000000e+00,0.000000000000000000e+00,-0.000000000000000000e+00,-0.000000000000000000e+00,-0.000000000000000000e+00,-0.000000000000000000e+00,-0.000000000000000000e+00,-0.000000000000000000e+00,-0.000000000000000000e+00,-0.000000000000000000e+00,0.000000000000000000e+00,-0.000000000000000000e+00,-0.000000000000000000e+00,-0.000000000000000000e+00,-1.704666395823163927e-01,-0.000000000000000000e+00,0.000000000000000000e+00,0.000000000000000000e+00,0.000000000000000000e+00,0.000000000000000000e+00
-0.000000000000000000e+00,-0.000000000000000000e+00,0.000000000000000000e+00,-0.000000000000000000e+00,-0.000000000000000000e+00,1.395188048337587805e+00,-0.000000000000000000e+00,0.000000000000000000e+00,0.000000000000000000e+00,-3.168613374456798193e-02,-0.000000000000000000e+00,-0.000000000000000000e+00,0.000000000000000000e+00,-0.000000000000000000e+00,-0.000000000000000000e+00,-0.000000000000000000e+00,-0.000000000000000000e+00,-0.000000000000000000e+00,-0.000000000000000000e+00,-0.000000000000000000e+00,2.475185490574835848e-02,-8.737855848577207041e-02,-0.000000000000000000e+00,-0.000000000000000000e+00,0.000000000000000000e+00,-0.000000000000000000e+00,0.000000000000000000e+00,0.000000000000000000e+00,-3.543911171477117650e-01,-0.000000000000000000e+00,0.000000000000000000e+00,-1.992716928103210328e-01,-0.000000000000000000e+00,-0.000000000000000000e+00,-2.232018218428387379e-01,-8.304915142289056793e-03,-0.000000000000000000e+00,0.000000000000000000e+00,0.000000000000000000e+00
-0.000000000000000000e+00,-0.000000000000000000e+00,-0.000000000000000000e+00,-3.280765139289777421e-01,-0.000000000000000000e+00,-0.000000000000000000e+00,1.658347598343590912e+00,0.000000000000000000e+00,0.000000000000000000e+00,-0.000000000000000000e+00,-0.000000000000000000e+00,-0.000000000000000000e+00,0.000000000000000000e+00,-0.000000000000000000e+00,-4.264319967072893180e-01,-0.000000000000000000e+00,-0.000000000000000000e+00,-0.000000000000000000e+00,-8.600275927901433748e-02,-0.000000000000000000e+00,1.069840831892023281e-01,-1.399872581097774404e-01,-0.000000000000000000e+00,-0.000000000000000000e+00,0.000000000000000000e+00,-0.000000000000000000e+00,-0.000000000000000000e+00,-3.826386129750613541e-01,-0.000000000000000000e+00,0.000000000000000000e+00,0.000000000000000000e+00,-0.000000000000000000e+00,0.000000000000000000e+00,-0.000000000000000000e+00,0.000000000000000000e+00,0.000000000000000000e+00,0.000000000000000000e+00,0.000000000000000000e+00,0.000000000000000000e+00
-0.000000000000000000e+00,-0.000000000000000000e+00,1.228371352693802487e+00,0.000000000000000000e+00,0.000000000000000000e+00,0.000000000000000000e+00,0.000000000000000000e+00,1.900690682682302679e+00,0.000000000000000000e+00,0.000000000000000000e+00,0.000000000000000000e+00,0.000000000000000000e+00,-0.000000000000000000e+00,1.426143181996399750e-02,0.000000000000000000e+00,0.000000000000000000e+00,0.000000000000000000e+00,0.000000000000000000e+00,0.000000000000000000e+00,-0.000000000000000000e+00,4.384590735865508820e-02,0.000000000000000000e+00,0.000000000000000000e+00,0.000000000000000000e+00,0.000000000000000000e+00,0.000000000000000000e+00,8.533004282848626054e-02,0.000000000000000000e+00,0.000000000000000000e+00,-0.000000000000000000e+00,9.484929620441089060e-02,0.000000000000000000e+00,3.041126244341345319e-02,0.000000000000000000e+00,0.000000000000000000e+00,0.000000000000000000e+00,-0.000000000000000000e+00,0.000000000000000000e+00,0.000000000000000000e+00
-1.363881206833728599e-01,-0.000000000000000000e+00,-6.182548704860013622e-02,0.000000000000000000e+00,-9.862772571298494828e-02,0.000000000000000000e+00,0.000000000000000000e+00,0.000000000000000000e+00,1.941071136316823820e+00,-0.000000000000000000e+00,-0.000000000000000000e+00,-0.000000000000000000e+00,0.000000000000000000e+00,-1.385342652867520008e-01,-0.000000000000000000e+00,-0.000000000000000000e+00,-0.000000000000000000e+00,-0.000000000000000000e+00,-2.096572386141232203e-01,0.000000000000000000e+00,-0.000000000000000000e+00,0.000000000000000000e+00,-5.299218814125419841e-02,-0.000000000000000000e+00,-5.265555715701533135e-01,-0.000000000000000000e+00,-0.000000000000000000e+00,-0.000000000000000000e+00,-0.000000000000000000e+00,-0.000000000000000000e+00,-3.774544315738196931e-01,-0.000000000000000000e+00,-0.000000000000000000e+00,-0.000000000000000000e+00,-0.000000000000000000e+00,-0.000000000000000000e+00,-0.000000000000000000e+00,-1.771412238705960193e-02,-3.541878049364188819e-01
-0.000000000000000000e+00,-3.898867030510609899e-01,-0.000000000000000000e+00,0.000000000000000000e+00,-0.000000000000000000e+00,-3.168613374456798193e-02,-0.000000000000000000e+00,0.000000000000000000e+00,-0.000000000000000000e+00,2.807995530689120223e+00,-0.000000000000000000e+00,-0.000000000000000000e+00,1.483040183584913019e-01,-1.583613760236797507e-01,-0.000000000000000000e+00,-1.134611676095009791e+00,-0.000000000000000000e+00,-0.000000000000000000e+00,-0.000000000000000000e+00,-0.000000000000000000e+00,2.535684621661949203e-02,-0.000000000000000000e+00,-3.437878927951219798e-02,-1.695971701567801360e-01,-1.270254033850637572e-02,-0.000000000000000000e+00,-0.000000000000000000e+00,-0.000000000000000000e+00,-0.000000000000000000e+00,-6.715147895606722317e-01,-0.000000000000000000e+00,-6.039293840795954132e-02,-0.000000000000000000e+00,-0.000000000000000000e+00,-0.000000000000000000e+00,-0.000000000000000000e+00,-0.000000000000000000e+00,0.000000000000000000e+00,-0.000000000000000000e+00
-0.000000000000000000e+00,-9.651420761501870726e-02,-0.000000000000000000e+00,-0.000000000000000000e+00,-0.000000000000000000e+00,-0.000000000000000000e+00,-0.000000000000000000e+00,0.000000000000000000e+00,-0.000000000000000000e+00,-0.000000000000000000e+00,2.209775786069077874e+00,-0.000000000000000000e+00,0.000000000000000000e+00,-9.605761331896492394e-02,-5.584043445636589775e-02,-0.000000000000000000e+00,-2.419907612402603936e-01,-8.945355437472507498e-02,-1.031467279049117641e-01,-0.000000000000000000e+00,0.000000000000000000e+00,-0.000000000000000000e+00,-1.002365453023204289e-01,-3.946125167410240997e-01,-0.000000000000000000e+00,-3.732086726301211965e-01,-7.106734148020006636e-02,-0.000000000000000000e+00,-1.211579196036746547e-01,-0.000000000000000000e+00,-0.000000000000000000e+00,-5.431309934950903084e-01,-0.000000000000000000e+00,-0.000000000000000000e+00,-0.000000000000000000e+00,-5.072539866265279168e-02,-0.000000000000000000e+00,-0.000000000000000000e+00,-0.000000000000000000e+00
-0.000000000000000000e+00,-0.000000000000000000e+00,-0.000000000000000000e+00,-0.000000000000000000e+00,-0.000000000000000000e+00,-0.000000000000000000e+00,-0.000000000000000000e+00,0.000000000000000000e+00,-0.000000000000000000e+00,-0.000000000000000000e+00,-0.000000000000000000e+00,2.503621830457066100e+00,-0.000000000000000000e+00,-0.000000000000000000e+00,-5.687389967384255396e-01,-0.000000000000000000e+00,-0.000000000000000000e+00,-1.235565247232528752e-01,-4.479100316584512520e-02,-3.417395669134846714e-01,0.000000000000000000e+00,-5.162658212158697246e-01,-0.000000000000000000e+00,-0.000000000000000000e+00,0.000000000000000000e+00,-0.000000000000000000e+00,-0.000000000000000000e+00,-0.000000000000000000e+00,-0.000000000000000000e+00,-0.000000000000000000e+00,-0.000000000000000000e+00,-1.398023436019763810e-01,-7.100747395110279525e-02,-6.873590063687615714e-01,-0.000000000000000000e+00,-0.000000000000000000e+00,-0.000000000000000000e+00,-0.000000000000000000e+00,-0.000000000000000000e+00
0.000000000000000000e+00,0.000000000000000000e+00,0.000000000000000000e+00,-0.000000000000000000e+00,0.000000000000000000e+00,0.000000000000000000e+00,0.000000000000000000e+00,-0.000000000000000000e+00,0.000000000000000000e+00,1.483040183584913019e-01,0.000000000000000000e+00,-0.000000000000000000e+00,1.303185630355377267e+00,0.000000000000000000e+00,-0.000000000000000000e+00,8.366506294746707539e-02,0.000000000000000000e+00,0.000000000000000000e+00,0.000000000000000000e+00,0.000000000000000000e+00,-1.886930261153799138e-01,-0.000000000000000000e+00,1.234100947568357171e-01,0.000000000000000000e+00,0.000000000000000000e+00,0.000000000000000000e+00,0.000000000000000000e+00,-0.000000000000000000e+00,0.000000000000000000e+00,0.000000000000000000e+00,7.675693370305224084e-02,0.000000000000000000e+00,0.000000000000000000e+00,0.000000000000000000e+00,0.000000000000000000e+00,0.000000000000000000e+00,2.616753201983076926e-01,0.000000000000000000e+00,0.000000000000000000e+00
-0.000000000000000000e+00,-0.000000000000000000e+00,-8.536168896962498254e-02,-0.000000000000000000e+00,-1.163954680762684935e-01,-0.000000000000000000e+00,-0.000000000000000000e+00,1.426143181996399750e-02,-1.385342652867520008e-01,-1.583613760236797507e-01,-9.605761331896492394e-02,-0.000000000000000000e+00,0.000000000000000000e+00,2.185957736919053485e+00,-0.000000000000000000e+00,-1.538713820756320572e-01,-1.313497708734734648e-01,-8.220362534116450182e-02,-8.064527718142204538e-02,-0.000000000000000000e+00,0.000000000000000000e+00,-0.000000000000000000e+00,-2.754556347890441126e-01,-5.095886754544910469e-01,-0.000000000000000000e+00,-0.000000000000000000e+00,-0.000000000000000000e+00,-0.000000000000000000e+00,-1.702278645082930808e-01,-0.000000000000000000e+00,-0.000000000000000000e+00,-6.715112228500216829e-02,-1.520106257905780855e-01,-1.458818207742801354e-01,-8.129983645204620982e-03,-9.349355148985563635e-03,-0.000000000000000000e+00,-0.000000000000000000e+00,-0.000000000000000000e+00
-0.000000000000000000e+00,-0.000000000000000000e+00,-0.000000000000000000e+00,-0.000000000000000000e+00,-0.000000000000000000e+00,-0.000000000000000000e+00,-4.264319967072893180e-01,0.000000000000000000e+00,-0.000000000000000000e+00,-0.000000000000000000e+00,-5.584043445636589775e-02,-5.687389967384255396e-01,-0.000000000000000000e+00,-0.000000000000000000e+00,2.411879576866680974e+00,-0.000000000000000000e+00,-6.107493103696609582e-02,-1.398154604130078839e-02,-4.606388515116109916e-01,-3.742388137084571437e-02,0.000000000000000000e+00,-2.223608919867249845e-01,-0.000000000000000000e+00,-4.870575737878637956e-02,0.000000000000000000e+00,-0.000000000000000000e+00,-0.000000000000000000e+00,-1.143762536557173942e-01,-0.000000000000000000e+00,-0.000000000000000000e+00,0.000000000000000000e+00,-7.006074738158127313e-02,-2.903904718318587458e-02,-3.996468818752157981e-01,-0.000000000000000000e+00,0.000000000000000000e+00,-0.000000000000000000e+00,-0.000000000000000000e+00,-0.000000000000000000e+00
-0.000000000000000000e+00,-2.757427565718963414e-01,-0.000000000000000000e+00,0.000000000000000000e+00,-0.000000000000000000e+00,-0.000000000000000000e+00,-0.000000000000000000e+00,0.000000000000000000e+00,-0.000000000000000000e+00,-1.134611676095009791e+00,-0.000000000000000000e+00,-0.000000000000000000e+00,8.366506294746707539e-02,-1.538713820756320572e-01,-0.000000000000000000e+00,2.936396524847730394e+00,-0.000000000000000000e+00,-0.000000000000000000e+00,-1.391049422175373029e-01,-0.000000000000000000e+00,4.699756053961744867e-02,-0.000000000000000000e+00,-4.134504940572681919e-01,-2.652431895766806796e-02,-0.000000000000000000e+00,-0.000000000000000000e+00,-0.000000000000000000e+00,-0.000000000000000000e+00,-8.042688102920333981e-02,-4.375590592792277800e-01,-0.000000000000000000e+00,-2.114224690181346900e-01,-0.000000000000000000e+00,-0.000000000000000000e+00,-8.755186954890098461e-02,-0.000000000000000000e+00,-0.000000000000000000e+00,0.000000000000000000e+00,-0.000000000000000000e+00
0.000000000000000000e+00,0.000000000000000000e+00,-0.000000000000000000e+00,0.000000000000000000e+00,-0.000000000000000000e+00,-0.000000000000000000e+00,-0.000000000000000000e+00,0.000000000000000000e+00,-0.000000000000000000e+00,-0.000000000000000000e+00,-2.419907612402603936e-01,-0.000000000000000000e+00,0.000000000000000000e+00,-1.313497708734734648e-01,-6.107493103696609582e-02,-0.000000000000000000e+00,1.530550060842191806e+00,-0.000000000000000000e+00,-0.000000000000000000e+00,-0.000000000000000000e+00,0.000000000000000000e+00,0.000000000000000000e+00,-1.653363863038637416e-01,-4.318542272014198602e-01,-0.000000000000000000e+00,-1.489329312591904375e-01,-0.000000000000000000e+00,-0.000000000000000000e+00,-0.000000000000000000e+00,-0.000000000000000000e+00,-0.000000000000000000e+00,-0.000000000000000000e+00,-0.000000000000000000e+00,-0.000000000000000000e+00,-0.000000000000000000e+00,-0.000000000000000000e+00,-0.000000000000000000e+00,-0.000000000000000000e+00,-0.000000000000000000e+00
-0.000000000000000000e+00,-0.000000000000000000e+00,-4.473068329888776201e-02,-0.000000000000000000e+00,0.000000000000000000e+00,-0.000000000000000000e+00,-0.000000000000000000e+00,0.000000000000000000e+00,-0.000000000000000000e+00,-0.000000000000000000e+00,-8.945355437472507498e-02,-1.235565247232528752e-01,0.000000000000000000e+00,-8.220362534116450182e-02,-1.398154604130078839e-02,-0.000000000000000000e+00,-0.000000000000000000e+00,1.928050635674305902e+00,-5.158828432904463135e-01,-0.000000000000000000e+00,0.000000000000000000e+00,-2.568763775135621263e-02,-0.000000000000000000e+00,-0.000000000000000000e+00,-0.000000000000000000e+00,-7.639156486817048897e-02,-0.000000000000000000e+00,-0.000000000000000000e+00,-3.871367704854126318e-02,-0.000000000000000000e+00,-0.000000000000000000e+00,-4.468048261259023324e-01,-2.674212577677638758e-01,-5.333297228002226165e-02,-0.000000000000000000e+00,-0.000000000000000000e+00,-0.000000000000000000e+00,-0.000000000000000000e+00,-0.000000000000000000e+00
-0.000000000000000000e+00,-0.000000000000000000e+00,-0.000000000000000000e+00,-0.000000000000000000e+00,-0.000000000000000000e+00,-0.000000000000000000e+00,-8.600275927901433748e-02,0.000000000000000000e+00,-2.096572386141232203e-01,-0.000000000000000000e+00,-1.031467279049117641e-01,-4.479100316584512520e-02,0.000000000000000000e+00,-8.064527718142204538e-02,-4.606388515116109916e-01,-1.391049422175373029e-01,-0.000000000000000000e+00,-5.158828432904463135e-01,2.090120473045945726e+00,-0.000000000000000000e+00,5.780537937777208146e-02,-2.877669097945619731e-02,-8.197458953040833232e-03,-0.000000000000000000e+00,-0.000000000000000000e+00,-0.000000000000000000e+00,-8.710603977955086452e-02,-2.037557793822383778e-01,-0.000000000000000000e+00,-0.000000000000000000e+00,-0.000000000000000000e+00,-0.000000000000000000e+00,-0.000000000000000000e+00,-1.218949012500355478e-01,-0.000000000000000000e+00,-0.000000000000000000e+00,-0.000000000000000000e+00,-4.740989397067713745e-02,-0.000000000000000000e+00
-0.000000000000000000e+00,-0.000000000000000000e+00,0.000000000000000000e+00,-0.000000000000000000e+00,0.000000000000000000e+00,-0.000000000000000000e+00,-0.000000000000000000e+00,-0.000000000000000000e+00,0.000000000000000000e+00,-0.000000000000000000e+00,-0.000000000000000000e+00,-3.417395669134846714e-01,0.000000000000000000e+00,-0.000000000000000000e+00,-3.742388137084571437e-02,-0.000000000000000000e+00,-0.000000000000000000e+00,-0.000000000000000000e+00,-0.000000000000000000e+00,1.462841050641284335e+00,0.000000000000000000e+00,-1.751945585949314932e-01,-0.000000000000000000e+00,0.000000000000000000e+00,0.000000000000000000e+00,-0.000000000000000000e+00,-0.000000000000000000e+00,0.000000000000000000e+00,-9.199800047674537573e-02,-0.000000000000000000e+00,0.000000000000000000e+00,-1.363485171602429324e-01,-0.000000000000000000e+00,-1.117780031653137392e-02,-0.000000000000000000e+00,-0.000000000000000000e+00,-2.527066930051181104e-01,0.000000000000000000e+00,0.000000000000000000e+00
0.000000000000000000e+00,1.822159134183222451e-01,-1.397391410193113692e-01,-0.000000000000000000e+00,0.000000000000000000e+00,2.475185490574835848e-02,1.069840831892023281e-01,4.384590735865508820e-02,-0.000000000000000000e+00,2.535684621661949203e-02,0.000000000000000000e+00,0.000000000000000000e+00,-1.886930261153799138e-01,0.000000000000000000e+00,0.000000000000000000e+00,4.699756053961744867e-02,0.000000000000000000e+00,0.000000000000000000e+00,5.780537937777208146e-02,0.000000000000000000e+00,1.288152566501985952e+00,0.000000000000000000e+00,0.000000000000000000e+00,0.000000000000000000e+00,0.000000000000000000e+00,0.000000000000000000e+00,-0.000000000000000000e+00,-0.000000000000000000e+00,1.711926545965573310e-01,0.000000000000000000e+00,-0.000000000000000000e+00,0.000000000000000000e+00,0.000000000000000000e+00,0.000000000000000000e+00,0.000000000000000000e+00,0.000000000000000000e+00,1.161983271352390740e-01,-0.000000000000000000e+00,-0.000000000000000000e+00
-0.000000000000000000e+00,-0.000000000000000000e+00,-0.000000000000000000e+00,-6.574809875819158378e-02,-0.000000000000000000e+00,-8.737855848577207041e-02,-1.399872581097774404e-01,0.000000000000000000e+00,0.000000000000000000e+00,-0.000000000000000000e+00,-0.000000000000000000e+00,-5.162658212158697246e-01,-0.000000000000000000e+00,-0.000000000000000000e+00,-2.223608919867249845e-01,-0.000000000000000000e+00,0.000000000000000000e+00,-2.568763775135621263e-02,-2.877669097945619731e-02,-1.751945585949314932e-01,0.000000000000000000e+00,1.977418095050714308e+00,-0.000000000000000000e+00,0.000000000000000000e+00,0.000000000000000000e+00,-0.000000000000000000e+00,-0.000000000000000000e+00,-0.000000000000000000e+00,-1.130734768326052408e-01,0.000000000000000000e+00,0.000000000000000000e+00,-0.000000000000000000e+00,-0.000000000000000000e+00,-4.482115604765738448e-01,-0.000000000000000000e+00,0.000000000000000000e+00,-0.000000000000000000e+00,0.000000000000000000e+00,-0.000000000000000000e+00
-0.000000000000000000e+00,-0.000000000000000000e+00,-0.000000000000000000e+00,0.000000000000000000e+00,-0.000000000000000000e+00,-0.000000000000000000e+00,-0.000000000000000000e+00,0.000000000000000000e+00,-5.299218814125419841e-02,-3.437878927951219798e-02,-1.002365453023204289e-01,-0.000000000000000000e+00,1.234100947568357171e-01,-2.754556347890441126e-01,-0.000000000000000000e+00,-4.134504940572681919e-01,-1.653363863038637416e-01,-0.000000000000000000e+00,-8.197458953040833232e-03,-0.000000000000000000e+00,0.000000000000000000e+00,-0.000000000000000000e+00,2.245034886037986066e+00,-0.000000000000000000e+00,-6.259179874159506163e-01,-1.897601003426516858e-02,-0.000000000000000000e+00,-0.000000000000000000e+00,-0.000000000000000000e+00,-0.000000000000000000e+00,-5.050083519623878303e-02,-0.000000000000000000e+00,-0.000000000000000000e+00,-0.000000000000000000e+00,-1.418531026755652513e-01,-2.431159891563100250e-01,-1.651354642854327426e-01,-0.000000000000000000e+00,-0.000000000000000000e+00
-0.000000000000000000e+00,-0.000000000000000000e+00,-0.000000000000000000e+00,0.000000000000000000e+00,-0.000000000000000000e+00,-0.000000000000000000e+00,-0.000000000000000000e+00,0.000000000000000000e+00,-0.000000000000000000e+00,-1.695971701567801360e-01,-3.946125167410240997e-01,-0.000000000000000000e+00,0.000000000000000000e+00,-5.095886754544910469e-01,-4.870575737878637956e-02,-2.652431895766806796e-02,-4.318542272014198602e-01,-0.000000000000000000e+00,-0.000000000000000000e+00,0.000000000000000000e+00,0.000000000000000000e+00,0.000000000000000000e+00,-0.000000000000000000e+00,1.855886684017292287e+00,-4.319297134329842108e-02,-0.000000000000000000e+00,-0.000000000000000000e+00,-0.000000000000000000e+00,-0.000000000000000000e+00,-1.818754934597142936e-02,-0.000000000000000000e+00,-0.000000000000000000e+00,-0.000000000000000000e+00,-0.000000000000000000e+00,-0.000000000000000000e+00,-0.000000000000000000e+00,0.000000000000000000e+00,-0.000000000000000000e+00,-0.000000000000000000e+00
-5.061063890069323890e-01,-4.065595269381862970e-02,-0.000000000000000000e+00,0.000000000000000000e+00,-0.000000000000000000e+00,0.000000000000000000e+00,0.000000000000000000e+00,0.000000000000000000e+00,-5.265555715701533135e-01,-1.270254033850637572e-02,-0.000000000000000000e+00,0.000000000000000000e+00,0.000000000000000000e+00,-0.000000000000000000e+00,0.000000000000000000e+00,-0.000000000000000000e+00,-0.000000000000000000e+00,-0.000000000000000000e+00,-0.000000000000000000e+00,0.000000000000000000e+00,0.000000000000000000e+00,0.000000000000000000e+00,-6.259179874159506163e-01,-4.319297134329842108e-02,2.280772784681229570e+00,-0.000000000000000000e+00,-0.000000000000000000e+00,-0.000000000000000000e+00,-0.000000000000000000e+00,-2.724579952649772707e-01,-1.916430947783887839e-01,-0.000000000000000000e+00,-0.000000000000000000e+00,0.000000000000000000e+00,-0.000000000000000000e+00,-2.613121414068899501e-02,-0.000000000000000000e+00,-0.000000000000000000e+00,-5.928101219958759743e-02
-0.000000000000000000e+00,-0.000000000000000000e+00,-0.000000000000000000e+00,0.000000000000000000e+00,-0.000000000000000000e+00,-0.000000000000000000e+00,-0.000000000000000000e+00,0.000000000000000000e+00,-0.000000000000000000e+00,-0.000000000000000000e+00,-3.732086726301211965e-01,-0.000000000000000000e+00,0.000000000000000000e+00,-0.000000000000000000e+00,-0.000000000000000000e+00,-0.000000000000000000e+00,-1.489329312591904375e-01,-7.639156486817048897e-02,-0.000000000000000000e+00,-0.000000000000000000e+00,0.000000000000000000e+00,-0.000000000000000000e+00,-1.897601003426516858e-02,-0.000000000000000000e+00,-0.000000000000000000e+00,1.735602954123650621e+00,-4.206663268294711933e-01,-0.000000000000000000e+00,-0.000000000000000000e+00,-0.000000000000000000e+00,-0.000000000000000000e+00,-0.000000000000000000e+00,-8.400463006918881814e-02,-0.000000000000000000e+00,-0.000000000000000000e+00,-0.000000000000000000e+00,-0.000000000000000000e+00,-4.886638511034277488e-01,-0.000000000000000000e+00
-0.000000000000000000e+00,-0.000000000000000000e+00,-9.242570493128304115e-03,-0.000000000000000000e+00,-0.000000000000000000e+00,0.000000000000000000e+00,-0.000000000000000000e+00,8.533004282848626054e-02,-0.000000000000000000e+00,-0.000000000000000000e+00,-7.106734148020006636e-02,-0.000000000000000000e+00,0.000000000000000000e+00,-0.000000000000000000e+00,-0.000000000000000000e+00,-0.000000000000000000e+00,-0.000000000000000000e+00,-0.000000000000000000e+00,-8.710603977955086452e-02,-0.000000000000000000e+00,-0.000000000000000000e+00,-0.000000000000000000e+00,-0.000000000000000000e+00,-0.000000000000000000e+00,-0.000000000000000000e+00,-4.206663268294711933e-01,1.935875891797676829e+00,-2.247954474670426916e-01,-0.000000000000000000e+00,0.000000000000000000e+00,-3.106872259921544255e-01,-0.000000000000000000e+00,-0.000000000000000000e+00,-0.000000000000000000e+00,0.000000000000000000e+00,-0.000000000000000000e+00,-0.000000000000000000e+00,-5.726408422445659202e-02,-6.661999631301392943e-01
-0.000000000000000000e+00,-0.000000000000000000e+00,-2.964532504693894732e-01,-2.480568738542704710e-01,-0.000000000000000000e+00,0.000000000000000000e+00,-3.826386129750613541e-01,0.000000000000000000e+00,-0.000000000000000000e+00,-0.000000000000000000e+00,-0.000000000000000000e+00,-0.000000000000000000e+00,-0.000000000000000000e+00,-0.000000000000000000e+00,-1.143762536557173942e-01,-0.000000000000000000e+00,-0.000000000000000000e+00,-0.000000000000000000e+00,-2.037557793822383778e-01,0.000000000000000000e+00,-0.000000000000000000e+00,-0.000000000000000000e+00,-0.000000000000000000e+00,-0.000000000000000000e+00,-0.000000000000000000e+00,-0.000000000000000000e+00,-2.247954474670426916e-01,1.626472457376251013e+00,0.000000000000000000e+00,0.000000000000000000e+00,-0.000000000000000000e+00,-0.000000000000000000e+00,-0.000000000000000000e+00,-0.000000000000000000e+00,0.000000000000000000e+00,0.000000000000000000e+00,0.000000000000000000e+00,-6.696201551159922105e-02,-1.215660144789632892e-02
-0.000000000000000000e+00,-2.782322668714218850e-01,0.000000000000000000e+00,-0.000000000000000000e+00,-0.000000000000000000e+00,-3.543911171477117650e-01,-0.000000000000000000e+00,0.000000000000000000e+00,-0.000000000000000000e+00,-0.000000000000000000e+00,-1.211579196036746547e-01,-0.000000000000000000e+00,0.000000000000000000e+00,-1.702278645082930808e-01,-0.000000000000000000e+00,-8.042688102920333981e-02,-0.000000000000000000e+00,-3.871367704854126318e-02,-0.000000000000000000e+00,-9.199800047674537573e-02,1.711926545965573310e-01,-1.130734768326052408e-01,-0.000000000000000000e+00,-0.000000000000000000e+00,-0.000000000000000000e+00,-0.000000000000000000e+00,-0.000000000000000000e+00,0.000000000000000000e+00,3.002556399580973423e+00,-0.000000000000000000e+00,-0.000000000000000000e+00,-7.552228367344113735e-01,-3.738469939505938977e-01,-1.979748641877453474e-01,-2.712246789675917813e-01,-2.237894122474710749e-03,-4.829500697718185354e-01,0.000000000000000000e+00,0.000000000000000000e+00
-4.555885857597461452e-01,-3.237013513319629554e-02,0.000000000000000000e+00,0.000000000000000000e+00,0.000000000000000000e+00,-0.000000000000000000e+00,0.000000000000000000e+00,-0.000000000000000000e+00,-0.000000000000000000e+00,-6.715147895606722317e-01,-0.000000000000000000e+00,-0.000000000000000000e+00,0.000000000000000000e+00,-0.000000000000000000e+00,-0.000000000000000000e+00,-4.375590592792277800e-01,-0.000000000000000000e+00,-0.000000000000000000e+00,-0.000000000000000000e+00,-0.000000000000000000e+00,0.000000000000000000e+00,0.000000000000000000e+00,-0.000000000000000000e+00,-1.818754934597142936e-02,-2.724579952649772707e-01,-0.000000000000000000e+00,0.000000000000000000e+00,0.000000000000000000e+00,-0.000000000000000000e+00,2.268671945099000720e+00,-0.000000000000000000e+00,-0.000000000000000000e+00,0.000000000000000000e+00,0.000000000000000000e+00,-0.000000000000000000e+00,-2.699277778608826228e-01,-0.000000000000000000e+00,0.000000000000000000e+00,-0.000000000000000000e+00
-0.000000000000000000e+00,-0.000000000000000000e+00,-2.177572329815080643e-01,0.000000000000000000e+00,-0.000000000000000000e+00,0.000000000000000000e+00,0.000000000000000000e+00,9.484929620441089060e-02,-3.774544315738196931e-01,-0.000000000000000000e+00,-0.000000000000000000e+00,-0.000000000000000000e+00,7.675693370305224084e-02,-0.000000000000000000e+00,0.000000000000000000e+00,-0.000000000000000000e+00,-0.000000000000000000e+00,-0.000000000000000000e+00,-0.000000000000000000e+00,0.000000000000000000e+00,-0.000000000000000000e+00,0.000000000000000000e+00,-5.050083519623878303e-02,-0.000000000000000000e+00,-1.916430947783887839e-01,-0.000000000000000000e+00,-3.106872259921544255e-01,-0.000000000000000000e+00,-0.000000000000000000e+00,-0.000000000000000000e+00,1.655517221286568308e+00,-0.000000000000000000e+00,-0.000000000000000000e+00,-0.000000000000000000e+00,-0.000000000000000000e+00,-0.000000000000000000e+00,-0.000000000000000000e+00,-0.000000000000000000e+00,-2.033903961574419494e-01
-0.000000000000000000e+00,-0.000000000000000000e+00,-0.000000000000000000e+00,-0.000000000000000000e+00,-0.000000000000000000e+00,-1.992716928103210328e-01,-0.000000000000000000e+00,0.000000000000000000e+00,-0.000000000000000000e+00,-6.039293840795954132e-02,-5.431309934950903084e-01,-1.398023436019763810e-01,0.000000000000000000e+00,-6.715112228500216829e-02,-7.006074738158127313e-02,-2.114224690181346900e-01,-0.000000000000000000e+00,-4.468048261259023324e-01,-0.000000000000000000e+00,-1.363485171602429324e-01,0.000000000000000000e+00,-0.000000000000000000e+00,-0.000000000000000000e+00,-0.000000000000000000e+00,-0.000000000000000000e+00,-0.000000000000000000e+00,-0.000000000000000000e+00,-0.000000000000000000e+00,-7.552228367344113735e-01,-0.000000000000000000e+00,-0.000000000000000000e+00,2.844226112265920925e+00,-6.835892797419251821e-02,-1.589658053865082923e-02,-3.671342720560898804e-02,-3.612435781917149036e-02,-3.392220411208735631e-01,0.000000000000000000e+00,-0.000000000000000000e+00
-0.000000000000000000e+00,-0.000000000000000000e+00,-0.000000000000000000e+00,-0.000000000000000000e+00,-0.000000000000000000e+00,-0.000000000000000000e+00,0.000000000000000000e+00,3.041126244341345319e-02,-0.000000000000000000e+00,-0.000000000000000000e+00,-0.000000000000000000e+00,-7.100747395110279525e-02,0.000000000000000000e+00,-1.520106257905780855e-01,-2.903904718318587458e-02,-0.000000000000000000e+00,-0.000000000000000000e+00,-2.674212577677638758e-01,-0.000000000000000000e+00,-0.000000000000000000e+00,0.000000000000000000e+00,-0.000000000000000000e+00,-0.000000000000000000e+00,-0.000000000000000000e+00,-0.000000000000000000e+00,-8.400463006918881814e-02,-0.000000000000000000e+00,-0.000000000000000000e+00,-3.738469939505938977e-01,0.000000000000000000e+00,-0.000000000000000000e+00,-6.835892797419251821e-02,1.757640228420643824e+00,-2.178116855385993644e-01,-2.173467063779043473e-01,-0.000000000000000000e+00,-6.294280752302847115e-02,-0.000000000000000000e+00,-0.000000000000000000e+00
-0.000000000000000000e+00,-0.000000000000000000e+00,-1.049735629187431435e-01,-2.247493756661214370e-01,-1.704666395823163927e-01,-0.000000000000000000e+00,-0.000000000000000000e+00,0.000000000000000000e+00,-0.000000000000000000e+00,-0.000000000000000000e+00,-0.000000000000000000e+00,-6.873590063687615714e-01,0.000000000000000000e+00,-1.458818207742801354e-01,-3.996468818752157981e-01,-0.000000000000000000e+00,-0.000000000000000000e+00,-5.333297228002226165e-02,-1.218949012500355478e-01,-1.117780031653137392e-02,0.000000000000000000e+00,-4.482115604765738448e-01,-0.000000000000000000e+00,-0.000000000000000000e+00,0.000000000000000000e+00,-0.000000000000000000e+00,-0.000000000000000000e+00,-0.000000000000000000e+00,-1.979748641877453474e-01,0.000000000000000000e+00,-0.000000000000000000e+00,-1.589658053865082923e-02,-2.178116855385993644e-01,2.540229098531021634e+00,-0.000000000000000000e+00,-0.000000000000000000e+00,-0.000000000000000000e+00,0.000000000000000000e+00,-0.000000000000000000e+00
-0.000000000000000000e+00,-0.000000000000000000e+00,0.000000000000000000e+00,0.000000000000000000e+00,-0.000000000000000000e+00,-2.232018218428387379e-01,0.000000000000000000e+00,0.000000000000000000e+00,-0.000000000000000000e+00,-0.000000000000000000e+00,-0.000000000000000000e+00,-0.000000000000000000e+00,0.000000000000000000e+00,-8.129983645204620982e-03,-0.000000000000000000e+00,-8.755186954890098461e-02,-0.000000000000000000e+00,-0.000000000000000000e+00,-0.000000000000000000e+00,-0.000000000000000000e+00,0.000000000000000000e+00,-0.000000000000000000e+00,-1.418531026755652513e-01,-0.000000000000000000e+00,-0.000000000000000000e+00,-0.000000000000000000e+00,0.000000000000000000e+00,0.000000000000000000e+00,-2.712246789675917813e-01,-0.000000000000000000e+00,-0.000000000000000000e+00,-3.671342720560898804e-02,-2.173467063779043473e-01,-0.000000000000000000e+00,1.590111232452245060e+00,-8.307583500288838463e-02,-2.562391476315754590e-01,0.000000000000000000e+00,0.000000000000000000e+00
-0.000000000000000000e+00,-7.240264816682669136e-02,0.000000000000000000e+00,0.000000000000000000e+00,0.000000000000000000e+00,-8.304915142289056793e-03,0.000000000000000000e+00,0.000000000000000000e+00,-0.000000000000000000e+00,-0.000000000000000000e+00,-5.072539866265279168e-02,-0.000000000000000000e+00,0.000000000000000000e+00,-9.349355148985563635e-03,0.000000000000000000e+00,-0.000000000000000000e+00,-0.000000000000000000e+00,-0.000000000000000000e+00,-0.000000000000000000e+00,-0.000000000000000000e+00,0.000000000000000000e+00,0.000000000000000000e+00,-2.431159891563100250e-01,-0.000000000000000000e+00,-2.613121414068899501e-02,-0.000000000000000000e+00,-0.000000000000000000e+00,0.000000000000000000e+00,-2.237894122474710749e-03,-2.699277778608826228e-01,-0.000000000000000000e+00,-3.612435781917149036e-02,-0.000000000000000000e+00,-0.000000000000000000e+00,-8.307583500288838463e-02,1.331182860007730895e+00,-8.147907907343951428e-02,-0.000000000000000000e+00,-0.000000000000000000e+00
-0.000000000000000000e+00,-0.000000000000000000e+00,0.000000000000000000e+00,0.000000000000000000e+00,0.000000000000000000e+00,-0.000000000000000000e+00,0.000000000000000000e+00,-0.000000000000000000e+00,-0.000000000000000000e+00,-0.000000000000000000e+00,-0.000000000000000000e+00,-0.000000000000000000e+00,2.616753201983076926e-01,-0.000000000000000000e+00,-0.000000000000000000e+00,-0.000000000000000000e+00,-0.000000000000000000e+00,-0.000000000000000000e+00,-0.000000000000000000e+00,-2.527066930051181104e-01,1.161983271352390740e-01,-0.000000000000000000e+00,-1.651354642854327426e-01,0.000000000000000000e+00,-0.000000000000000000e+00,-0.000000000000000000e+00,-0.000000000000000000e+00,0.000000000000000000e+00,-4.829500697718185354e-01,-0.000000000000000000e+00,-0.000000000000000000e+00,-3.392220411208735631e-01,-6.294280752302847115e-02,-0.000000000000000000e+00,-2.562391476315754590e-01,-8.147907907343951428e-02,2.002039952210325602e+00,0.000000000000000000e+00,-0.000000000000000000e+00
0.000000000000000000e+00,0.000000000000000000e+00,-1.373494415530669699e-02,0.000000000000000000e+00,0.000000000000000000e+00,0.000000000000000000e+00,0.000000000000000000e+00,0.000000000000000000e+00,-1.771412238705960193e-02,0.000000000000000000e+00,-0.000000000000000000e+00,-0.000000000000000000e+00,0.000000000000000000e+00,-0.000000000000000000e+00,-0.000000000000000000e+00,0.000000000000000000e+00,-0.000000000000000000e+00,-0.000000000000000000e+00,-4.740989397067713745e-02,0.000000000000000000e+00,-0.000000000000000000e+00,0.000000000000000000e+00,-0.000000000000000000e+00,-0.000000000000000000e+00,-0.000000000000000000e+00,-4.886638511034277488e-01,-5.726408422445659202e-02,-6.696201551159922105e-02,0.000000000000000000e+00,0.000000000000000000e+00,-0.000000000000000000e+00,0.000000000000000000e+00,-0.000000000000000000e+00,0.000000000000000000e+00,0.000000000000000000e+00,-0.000000000000000000e+00,0.000000000000000000e+00,1.515489825479741759e+00,-4.505425104925053215e-01
-0.000000000000000000e+00,-0.000000000000000000e+00,-0.000000000000000000e+00,0.000000000000000000e+00,0.000000000000000000e+00,0.000000000000000000e+00,0.000000000000000000e+00,0.000000000000000000e+00,-3.541878049364188819e-01,-0.000000000000000000e+00,-0.000000000000000000e+00,-0.000000000000000000e+00,0.000000000000000000e+00,-0.000000000000000000e+00,-0.000000000000000000e+00,-0.000000000000000000e+00,-0.000000000000000000e+00,-0.000000000000000000e+00,-0.000000000000000000e+00,0.000000000000000000e+00,-0.000000000000000000e+00,-0.000000000000000000e+00,-0.000000000000000000e+00,-0.000000000000000000e+00,-5.928101219958759743e-02,-0.000000000000000000e+00,-6.661999631301392943e-01,-1.215660144789632892e-02,0.000000000000000000e+00,-0.000000000000000000e+00,-2.033903961574419494e-01,-0.000000000000000000e+00,-0.000000000000000000e+00,-0.000000000000000000e+00,0.000000000000000000e+00,-0.000000000000000000e+00,-0.000000000000000000e+00,-4.505425104925053215e-01,1.892487741734698137e+00
