2.573060185091816443e+00,-9.321745598031678792e-01,-0.000000000000000000e+00,-0.000000000000000000e+00,-0.000000000000000000e+00,0.000000000000000000e+00,0.000000000000000000e+00,3.485949043761256139e-01,-4.114777924688939326e-01,-1.966728858103209410e-01,-0.000000000000000000e+00,-0.000000000000000000e+00,0.000000000000000000e+00,-0.000000000000000000e+00,-7.771968395877050517e-03,-3.716439095130693038e-01,0.000000000000000000e+00,-0.000000000000000000e+00,0.000000000000000000e+00,-4.056981268517229761e-02,0.000000000000000000e+00,-0.000000000000000000e+00,-0.000000000000000000e+00,0.000000000000000000e+00,-0.000000000000000000e+00,-2.110326618991117120e-01,-0.000000000000000000e+00,0.000000000000000000e+00,0.000000000000000000e+00,-2.060265891574656061e-01,-0.000000000000000000e+00,-0.000000000000000000e+00,0.000000000000000000e+00,-0.000000000000000000e+00,0.000000000000000000e+00,-0.000000000000000000e+00,0.000000000000000000e+00,-0.000000000000000000e+00,-1.890552326764181890e-02
-9.321745598031678792e-01,2.270172096155419261e+00,-0.000000000000000000e+00,-0.000000000000000000e+00,-0.000000000000000000e+00,0.000000000000000000e+00,0.000000000000000000e+00,7.163223117092892833e-02,-0.000000000000000000e+00,-3.202880975799314300e-01,0.000000000000000000e+00,-0.000000000000000000e+00,0.000000000000000000e+00,-0.000000000000000000e+00,-0.000000000000000000e+00,-3.559410230247255780e-01,5.030619808946048405e-02,-0.000000000000000000e+00,0.000000000000000000e+00,-0.000000000000000000e+00,3.751131379575035896e-02,-0.000000000000000000e+00,0.000000000000000000e+00,0.000000000000000000e+00,-0.000000000000000000e+00,-5.398501893191221673e-02,-0.000000000000000000e+00,0.000000000000000000e+00,0.000000000000000000e+00,-0.000000000000000000e+00,-0.000000000000000000e+00,0.000000000000000000e+00,5.382357226201742173e-03,-2.818099580773246737e-01,7.182695766858446240e-02,-0.000000000000000000e+00,0.000000000000000000e+00,-0.000000000000000000e+00,-8.617058849393439621e-03
-0.000000000000000000e+00,-0.000000000000000000e+00,1.996442137230264091e+00,-0.000000000000000000e+00,-4.098168862491888276e-01,0.000000000000000000e+00,0.000000000000000000e+00,5.381518765581730923e-01,-0.000000000000000000e+00,-0.000000000000000000e+00,0.000000000000000000e+00,-0.000000000000000000e+00,0.000000000000000000e+00,-2.653617573695468690e-01,-0.000000000000000000e+00,-0.000000000000000000e+00,-0.000000000000000000e+00,-0.000000000000000000e+00,-2.349125841039022278e-01,-0.000000000000000000e+00,-7.480857441237237504e-02,-7.170827601329203549e-02,-0.000000000000000000e+00,0.000000000000000000e+00,-0.000000000000000000e+00,-0.000000000000000000e+00,-0.000000000000000000e+00,0.000000000000000000e+00,0.000000000000000000e+00,-0.000000000000000000e+00,-1.029937823155319954e-01,-0.000000000000000000e+00,-1.764735023031941963e-01,-3.221469102562337095e-01,0.000000000000000000e+00,-0.000000000000000000e+00,0.000000000000000000e+00,-0.000000000000000000e+00,-0.000000000000000000e+00
-0.000000000000000000e+00,-0.000000000000000000e+00,-0.000000000000000000e+00,1.364940581503774286e+00,-3.083029132080138818e-02,0.000000000000000000e+00,-1.319441264942216308e-01,-0.000000000000000000e+00,-0.000000000000000000e+00,-0.000000000000000000e+00,0.000000000000000000e+00,-5.016955225378142424e-01,0.000000000000000000e+00,-0.000000000000000000e+00,0.000000000000000000e+00,-0.000000000000000000e+00,0.000000000000000000e+00,0.000000000000000000e+00,0.000000000000000000e+00,-0.000000000000000000e+00,0.000000000000000000e+00,-0.000000000000000000e+00,0.000000000000000000e+00,0.000000000000000000e+00,-0.000000000000000000e+00,0.000000000000000000e+00,-0.000000000000000000e+00,0.000000000000000000e+00,7.696100863009120753e-03,-0.000000000000000000e+00,-0.000000000000000000e+00,0.000000000000000000e+00,0.000000000000000000e+00,-2.811990974855359537e-01,0.000000000000000000e+00,-0.000000000000000000e+00,9.169973581861862177e-03,1.260127903730393351e-01,0.000000000000000000e+00
-0.000000000000000000e+00,-0.000000000000000000e+00,-4.098168862491888276e-01,-3.083029132080138818e-02,1.790349354921494163e+00,-0.000000000000000000e+00,-0.000000000000000000e+00,0.000000000000000000e+00,-0.000000000000000000e+00,-0.000000000000000000e+00,0.000000000000000000e+00,-7.675715489677636602e-03,0.000000000000000000e+00,-9.105073995070094017e-02,-0.000000000000000000e+00,-0.000000000000000000e+00,-0.000000000000000000e+00,-0.000000000000000000e+00,-2.072165126236911459e-01,0.000000000000000000e+00,-0.000000000000000000e+00,-6.615032443209006852e-02,-0.000000000000000000e+00,-0.000000000000000000e+00,-0.000000000000000000e+00,-0.000000000000000000e+00,-1.375595335377061412e-01,-0.000000000000000000e+00,-0.000000000000000000e+00,-4.952845304515413744e-02,-8.509560456879058932e-02,-0.000000000000000000e+00,-2.402219615314601098e-01,-4.806204307434056577e-01,0.000000000000000000e+00,-0.000000000000000000e+00,0.000000000000000000e+00,-0.000000000000000000e+00,-0.000000000000000000e+00
0.000000000000000000e+00,0.000000000000000000e+00,0.000000000000000000e+00,0.000000000000000000e+00,-0.000000000000000000e+00,1.568556285090686897e+00,-0.000000000000000000e+00,-8.584356130138023899e-02,-0.000000000000000000e+00,-0.000000000000000000e+00,-0.000000000000000000e+00,1.258819923612900793e-01,-4.960554089523099702e-02,-0.000000000000000000e+00,0.000000000000000000e+00,0.000000000000000000e+00,-1.309314966343445852e-01,0.000000000000000000e+00,0.000000000000000000e+00,0.000000000000000000e+00,-0.000000000000000000e+00,0.000000000000000000e+00,-0.000000000000000000e+00,-1.311288371332959383e-02,-0.000000000000000000e+00,-0.000000000000000000e+00,-0.000000000000000000e+00,-1.392080409592484358e-01,-0.000000000000000000e+00,-0.000000000000000000e+00,-0.000000000000000000e+00,-3.016280765403683839e-01,-1.488893163118948718e-02,0.000000000000000000e+00,-0.000000000000000000e+00,0.000000000000000000e+00,-4.114338913766046324e-01,-0.000000000000000000e+00,0.000000000000000000e+00
0.000000000000000000e+00,0.000000000000000000e+00,0.000000000000000000e+00,-1.319441264942216308e-01,-0.000000000000000000e+00,-0.000000000000000000e+00,1.016516906360175998e+00,0.000000000000000000e+00,-0.000000000000000000e+00,0.000000000000000000e+00,0.000000000000000000e+00,0.000000000000000000e+00,0.000000000000000000e+00,-0.000000000000000000e+00,3.725757265780125366e-02,-0.000000000000000000e+00,-0.000000000000000000e+00,0.000000000000000000e+00,0.000000000000000000e+00,-0.000000000000000000e+00,-0.000000000000000000e+00,-0.000000000000000000e+00,-0.000000000000000000e+00,-0.000000000000000000e+00,0.000000000000000000e+00,-0.000000000000000000e+00,-0.000000000000000000e+00,-0.000000000000000000e+00,0.000000000000000000e+00,-0.000000000000000000e+00,-0.000000000000000000e+00,-0.000000000000000000e+00,-0.000000000000000000e+00,-0.000000000000000000e+00,0.000000000000000000e+00,-0.000000000000000000e+00,0.000000000000000000e+00,0.000000000000000000e+00,0.000000000000000000e+00
3.485949043761256139e-01,7.163223117092892833e-02,5.381518765581730923e-01,-0.000000000000000000e+00,0.000000000000000000e+00,-8.584356130138023899e-02,0.000000000000000000e+00,1.537587909470931269e+00,7.860540872124202605e-02,0.000000000000000000e+00,-0.000000000000000000e+00,0.000000000000000000e+00,-0.000000000000000000e+00,0.000000000000000000e+00,0.000000000000000000e+00,0.000000000000000000e+00,-0.000000000000000000e+00,0.000000000000000000e+00,0.000000000000000000e+00,0.000000000000000000e+00,0.000000000000000000e+00,9.296982121570497234e-03,-0.000000000000000000e+00,-0.000000000000000000e+00,0.000000000000000000e+00,0.000000000000000000e+00,0.000000000000000000e+00,-0.000000000000000000e+00,-0.000000000000000000e+00,6.439877708729228878e-02,6.240835924293762493e-02,-0.000000000000000000e+00,-0.000000000000000000e+00,0.000000000000000000e+00,-0.000000000000000000e+00,0.000000000000000000e+00,-0.000000000000000000e+00,0.000000000000000000e+00,0.000000000000000000e+00
-4.114777924688939326e-01,-0.000000000000000000e+00,-0.000000000000000000e+00,-0.000000000000000000e+00,-0.000000000000000000e+00,-0.000000000000000000e+00,-0.000000000000000000e+00,7.860540872124202605e-02,2.044775451225747442e+00,-4.593487482693590640e-01,-0.000000000000000000e+00,-0.000000000000000000e+00,-0.000000000000000000e+00,-2.836510130927539369e-02,-0.000000000000000000e+00,-0.000000000000000000e+00,-0.000000000000000000e+00,-0.000000000000000000e+00,-0.000000000000000000e+00,-0.000000000000000000e+00,-0.000000000000000000e+00,-0.000000000000000000e+00,-0.000000000000000000e+00,-0.000000000000000000e+00,-1.243549256934851355e-01,-2.388228943293466827e-02,-1.943015878104465549e-02,-0.000000000000000000e+00,-0.000000000000000000e+00,-3.533840033620902488e-01,-1.922773107053336039e-01,-0.000000000000000000e+00,-0.000000000000000000e+00,-2.459002942069101194e-01,0.000000000000000000e+00,-0.000000000000000000e+00,-0.000000000000000000e+00,-0.000000000000000000e+00,-6.603364980580203603e-02
-1.966728858103209410e-01,-3.202880975799314300e-01,-0.000000000000000000e+00,-0.000000000000000000e+00,-0.000000000000000000e+00,-0.000000000000000000e+00,0.000000000000000000e+00,0.000000000000000000e+00,-4.593487482693590640e-01,2.540829339836788492e+00,0.000000000000000000e+00,-0.000000000000000000e+00,-0.000000000000000000e+00,-5.988729251770220918e-02,-0.000000000000000000e+00,-5.272922553325622985e-01,0.000000000000000000e+00,-0.000000000000000000e+00,-0.000000000000000000e+00,-0.000000000000000000e+00,-0.000000000000000000e+00,-1.557136941170000725e-02,-0.000000000000000000e+00,-0.000000000000000000e+00,-1.046966031850968676e-01,-1.536411637038443967e-01,-0.000000000000000000e+00,-0.000000000000000000e+00,0.000000000000000000e+00,-2.687963343164451735e-01,-1.286980745756225730e-01,-0.000000000000000000e+00,-0.000000000000000000e+00,-1.342966833279304606e-01,0.000000000000000000e+00,-0.000000000000000000e+00,-0.000000000000000000e+00,-6.140393488506155212e-02,-4.091155845517258083e-01
-0.000000000000000000e+00,0.000000000000000000e+00,0.000000000000000000e+00,0.000000000000000000e+00,0.000000000000000000e+00,-0.000000000000000000e+00,0.000000000000000000e+00,-0.000000000000000000e+00,-0.000000000000000000e+00,0.000000000000000000e+00,1.579641776583304402e+00,0.000000000000000000e+00,0.000000000000000000e+00,-0.000000000000000000e+00,4.227272647409888520e-03,0.000000000000000000e+00,-2.702940697397893111e-01,0.000000000000000000e+00,0.000000000000000000e+00,-0.000000000000000000e+00,-0.000000000000000000e+00,-0.000000000000000000e+00,-0.000000000000000000e+00,-2.489824190399105852e-01,-0.000000000000000000e+00,-0.000000000000000000e+00,-0.000000000000000000e+00,-0.000000000000000000e+00,-3.731149472132453543e-02,-0.000000000000000000e+00,-0.000000000000000000e+00,-1.269715609796383815e-01,-0.000000000000000000e+00,0.000000000000000000e+00,-0.000000000000000000e+00,2.415830339320257369e-01,-2.792686251354653537e-01,-0.000000000000000000e+00,0.000000000000000000e+00
-0.000000000000000000e+00,-0.000000000000000000e+00,-0.000000000000000000e+00,-5.016955225378142424e-01,-7.675715489677636602e-03,1.258819923612900793e-01,0.000000000000000000e+00,0.000000000000000000e+00,-0.000000000000000000e+00,-0.000000000000000000e+00,0.000000000000000000e+00,1.948338020518926683e+00,0.000000000000000000e+00,-0.000000000000000000e+00,-1.061474347818654046e-01,-0.000000000000000000e+00,0.000000000000000000e+00,-0.000000000000000000e+00,-0.000000000000000000e+00,-0.000000000000000000e+00,0.000000000000000000e+00,-0.000000000000000000e+00,0.000000000000000000e+00,5.256248979211203265e-02,-4.081628943026401335e-01,0.000000000000000000e+00,-0.000000000000000000e+00,0.000000000000000000e+00,0.000000000000000000e+00,-0.000000000000000000e+00,0.000000000000000000e+00,0.000000000000000000e+00,0.000000000000000000e+00,-1.224222255948351906e-01,2.348985895557444137e-01,-1.428925188411943499e-02,2.439355218760769217e-01,0.000000000000000000e+00,-3.097425847220005579e-01
0.000000000000000000e+00,0.000000000000000000e+00,0.000000000000000000e+00,0.000000000000000000e+00,0.000000000000000000e+00,-4.960554089523099702e-02,0.000000000000000000e+00,-0.000000000000000000e+00,-0.000000000000000000e+00,-0.000000000000000000e+00,0.000000000000000000e+00,0.000000000000000000e+00,1.043697014286622871e+00,-0.000000000000000000e+00,0.000000000000000000e+00,-0.000000000000000000e+00,-0.000000000000000000e+00,-0.000000000000000000e+00,-0.000000000000000000e+00,0.000000000000000000e+00,-0.000000000000000000e+00,0.000000000000000000e+00,-0.000000000000000000e+00,-0.000000000000000000e+00,-0.000000000000000000e+00,-0.000000000000000000e+00,-0.000000000000000000e+00,-0.000000000000000000e+00,-0.000000000000000000e+00,0.000000000000000000e+00,4.461535411310726951e-02,-0.000000000000000000e+00,-0.000000000000000000e+00,0.000000000000000000e+00,-0.000000000000000000e+00,-0.000000000000000000e+00,-1.879810391360500765e-01,0.000000000000000000e+00,0.000000000000000000e+00
-0.000000000000000000e+00,-0.000000000000000000e+00,-2.653617573695468690e-01,-0.000000000000000000e+00,-9.105073995070094017e-02,-0.000000000000000000e+00,-0.000000000000000000e+00,0.000000000000000000e+00,-2.836510130927539369e-02,-5.988729251770220918e-02,-0.000000000000000000e+00,-0.000000000000000000e+00,-0.000000000000000000e+00,1.374034093493608610e+00,0.000000000000000000e+00,-0.000000000000000000e+00,-0.000000000000000000e+00,-0.000000000000000000e+00,-0.000000000000000000e+00,-0.000000000000000000e+00,-2.364609645562242013e-02,-0.000000000000000000e+00,-0.000000000000000000e+00,-0.000000000000000000e+00,-2.403661540780652750e-01,0.000000000000000000e+00,-0.000000000000000000e+00,-0.000000000000000000e+00,-0.000000000000000000e+00,-8.103543053543924013e-02,-0.000000000000000000e+00,-0.000000000000000000e+00,-2.101532014954402561e-01,-7.869509354631336329e-02,-0.000000000000000000e+00,-0.000000000000000000e+00,-0.000000000000000000e+00,-0.000000000000000000e+00,-0.000000000000000000e+00
-7.771968395877050517e-03,-0.000000000000000000e+00,-0.000000000000000000e+00,0.000000000000000000e+00,-0.000000000000000000e+00,0.000000000000000000e+00,3.725757265780125366e-02,0.000000000000000000e+00,-0.000000000000000000e+00,-0.000000000000000000e+00,4.227272647409888520e-03,-1.061474347818654046e-01,0.000000000000000000e+00,0.000000000000000000e+00,1.702228206334402305e+00,-0.000000000000000000e+00,1.495586393148475302e-01,-6.379790682013292136e-01,-7.815139775032083069e-02,-0.000000000000000000e+00,0.000000000000000000e+00,-0.000000000000000000e+00,0.000000000000000000e+00,1.048836225926502302e-01,-0.000000000000000000e+00,-0.000000000000000000e+00,-0.000000000000000000e+00,0.000000000000000000e+00,0.000000000000000000e+00,-0.000000000000000000e+00,0.000000000000000000e+00,0.000000000000000000e+00,0.000000000000000000e+00,-0.000000000000000000e+00,0.000000000000000000e+00,-2.021747825232021734e-01,0.000000000000000000e+00,-0.000000000000000000e+00,-2.581541913601156923e-01
-3.716439095130693038e-01,-3.559410230247255780e-01,-0.000000000000000000e+00,-0.000000000000000000e+00,-0.000000000000000000e+00,0.000000000000000000e+00,-0.000000000000000000e+00,0.000000000000000000e+00,-0.000000000000000000e+00,-5.272922553325622985e-01,0.000000000000000000e+00,-0.000000000000000000e+00,-0.000000000000000000e+00,-0.000000000000000000e+00,-0.000000000000000000e+00,2.659428616281284796e+00,3.487117747841483317e-01,-2.615785912690720694e-01,0.000000000000000000e+00,-2.084135712352332415e-01,0.000000000000000000e+00,-0.000000000000000000e+00,0.000000000000000000e+00,0.000000000000000000e+00,-0.000000000000000000e+00,-3.276508966922994648e-02,-0.000000000000000000e+00,0.000000000000000000e+00,0.000000000000000000e+00,-0.000000000000000000e+00,-0.000000000000000000e+00,0.000000000000000000e+00,0.000000000000000000e+00,-1.195299025314481289e-01,4.512798912756296743e-01,-4.023875998236799423e-01,0.000000000000000000e+00,-0.000000000000000000e+00,-0.000000000000000000e+00
0.000000000000000000e+00,5.030619808946048405e-02,-0.000000000000000000e+00,0.000000000000000000e+00,-0.000000000000000000e+00,-1.309314966343445852e-01,-0.000000000000000000e+00,-0.000000000000000000e+00,-0.000000000000000000e+00,0.000000000000000000e+00,-2.702940697397893111e-01,0.000000000000000000e+00,-0.000000000000000000e+00,-0.000000000000000000e+00,1.495586393148475302e-01,3.487117747841483317e-01,2.752186222261836512e+00,0.000000000000000000e+00,-0.000000000000000000e+00,0.000000000000000000e+00,-1.943967133888241383e-01,-0.000000000000000000e+00,-0.000000000000000000e+00,-4.921105795637916724e-01,0.000000000000000000e+00,0.000000000000000000e+00,-0.000000000000000000e+00,-1.492358465435478405e-02,-1.519157062605304975e-01,-0.000000000000000000e+00,-0.000000000000000000e+00,-2.105947749276958492e-01,-3.475402051156643024e-01,0.000000000000000000e+00,-3.298744880304196325e-01,9.020645481480128736e-02,-3.758835449984341825e-01,-0.000000000000000000e+00,0.000000000000000000e+00
-0.000000000000000000e+00,-0.000000000000000000e+00,-0.000000000000000000e+00,0.000000000000000000e+00,-0.000000000000000000e+00,0.000000000000000000e+00,0.000000000000000000e+00,0.000000000000000000e+00,-0.000000000000000000e+00,-0.000000000000000000e+00,0.000000000000000000e+00,-0.000000000000000000e+00,-0.000000000000000000e+00,-0.000000000000000000e+00,-6.379790682013292136e-01,-2.615785912690720694e-01,0.000000000000000000e+00,1.845115125463882011e+00,-4.184252213120272512e-01,-2.350647806029959597e-01,-0.000000000000000000e+00,-0.000000000000000000e+00,0.000000000000000000e+00,5.618404710517425210e-02,-9.700526188018969431e-02,-0.000000000000000000e+00,-0.000000000000000000e+00,0.000000000000000000e+00,0.000000000000000000e+00,-0.000000000000000000e+00,0.000000000000000000e+00,0.000000000000000000e+00,0.000000000000000000e+00,-0.000000000000000000e+00,1.121675001669517474e-01,-0.000000000000000000e+00,0.000000000000000000e+00,0.000000000000000000e+00,-0.000000000000000000e+00
0.000000000000000000e+00,0.000000000000000000e+00,-2.349125841039022278e-01,0.000000000000000000e+00,-2.072165126236911459e-01,0.000000000000000000e+00,0.000000000000000000e+00,0.000000000000000000e+00,-0.000000000000000000e+00,-0.000000000000000000e+00,0.000000000000000000e+00,-0.000000000000000000e+00,-0.000000000000000000e+00,-0.000000000000000000e+00,-7.815139775032083069e-02,0.000000000000000000e+00,-0.000000000000000000e+00,-4.184252213120272512e-01,1.557164807889866331e+00,0.000000000000000000e+00,-1.219608475454333485e-01,-1.017166760892559835e-01,-0.000000000000000000e+00,0.000000000000000000e+00,-0.000000000000000000e+00,-0.000000000000000000e+00,-2.699608666366368204e-02,-0.000000000000000000e+00,-0.000000000000000000e+00,-0.000000000000000000e+00,-0.000000000000000000e+00,-0.000000000000000000e+00,-1.286870838425394348e-01,-0.000000000000000000e+00,-0.000000000000000000e+00,-0.000000000000000000e+00,-0.000000000000000000e+00,-0.000000000000000000e+00,-2.093462215413773031e-01
-4.056981268517229761e-02,-0.000000000000000000e+00,-0.000000000000000000e+00,-0.000000000000000000e+00,0.000000000000000000e+00,0.000000000000000000e+00,-0.000000000000000000e+00,0.000000000000000000e+00,-0.000000000000000000e+00,-0.000000000000000000e+00,-0.000000000000000000e+00,-0.000000000000000000e+00,0.000000000000000000e+00,-0.000000000000000000e+00,-0.000000000000000000e+00,-2.084135712352332415e-01,0.000000000000000000e+00,-2.350647806029959597e-01,0.000000000000000000e+00,1.364636822189546406e+00,0.000000000000000000e+00,-0.000000000000000000e+00,0.000000000000000000e+00,0.000000000000000000e+00,-1.392159706767724381e-01,0.000000000000000000e+00,0.000000000000000000e+00,0.000000000000000000e+00,1.007204036635987870e-01,-3.948739943904331501e-02,0.000000000000000000e+00,0.000000000000000000e+00,1.055522016344932201e-01,-0.000000000000000000e+00,1.271269414208941462e-01,-0.000000000000000000e+00,0.000000000000000000e+00,0.000000000000000000e+00,-7.552486901363836269e-02
0.000000000000000000e+00,3.751131379575035896e-02,-7.480857441237237504e-02,0.000000000000000000e+00,-0.000000000000000000e+00,-0.000000000000000000e+00,-0.000000000000000000e+00,0.000000000000000000e+00,-0.000000000000000000e+00,-0.000000000000000000e+00,-0.000000000000000000e+00,0.000000000000000000e+00,-0.000000000000000000e+00,-2.364609645562242013e-02,0.000000000000000000e+00,0.000000000000000000e+00,-1.943967133888241383e-01,-0.000000000000000000e+00,-1.219608475454333485e-01,0.000000000000000000e+00,2.037250263603561873e+00,-3.321882139816057511e-01,-0.000000000000000000e+00,-0.000000000000000000e+00,0.000000000000000000e+00,-0.000000000000000000e+00,-0.000000000000000000e+00,-2.124003456980228244e-01,-0.000000000000000000e+00,-0.000000000000000000e+00,-4.607843190601813160e-02,-1.916133764396851097e-02,-8.628812218583978844e-01,0.000000000000000000e+00,-3.911484197205089552e-02,0.000000000000000000e+00,-1.365696992965388656e-01,-1.530155396103627212e-02,0.000000000000000000e+00
-0.000000000000000000e+00,-0.000000000000000000e+00,-7.170827601329203549e-02,-0.000000000000000000e+00,-6.615032443209006852e-02,0.000000000000000000e+00,-0.000000000000000000e+00,9.296982121570497234e-03,-0.000000000000000000e+00,-1.557136941170000725e-02,-0.000000000000000000e+00,-0.000000000000000000e+00,0.000000000000000000e+00,-0.000000000000000000e+00,-0.000000000000000000e+00,-0.000000000000000000e+00,-0.000000000000000000e+00,-0.000000000000000000e+00,-1.017166760892559835e-01,-0.000000000000000000e+00,-3.321882139816057511e-01,1.280137908795880408e+00,-0.000000000000000000e+00,-0.000000000000000000e+00,-0.000000000000000000e+00,-0.000000000000000000e+00,-3.688435288447638322e-02,-0.000000000000000000e+00,-0.000000000000000000e+00,-1.646696099880962383e-01,-8.707456893501984430e-02,-0.000000000000000000e+00,-1.901702312564251818e-02,-0.000000000000000000e+00,-0.000000000000000000e+00,-0.000000000000000000e+00,-0.000000000000000000e+00,0.000000000000000000e+00,-0.000000000000000000e+00
-0.000000000000000000e+00,0.000000000000000000e+00,-0.000000000000000000e+00,0.000000000000000000e+00,-0.000000000000000000e+00,-0.000000000000000000e+00,-0.000000000000000000e+00,-0.000000000000000000e+00,-0.000000000000000000e+00,-0.000000000000000000e+00,-0.000000000000000000e+00,0.000000000000000000e+00,-0.000000000000000000e+00,-0.000000000000000000e+00,0.000000000000000000e+00,0.000000000000000000e+00,-0.000000000000000000e+00,0.000000000000000000e+00,-0.000000000000000000e+00,0.000000000000000000e+00,-0.000000000000000000e+00,-0.000000000000000000e+00,1.790635515245325493e+00,-3.069486239609766631e-01,-0.000000000000000000e+00,-1.533644676129059803e-01,-1.798047328747449103e-01,-2.745643795893795147e-01,-6.621527784090101842e-02,-3.267455498544037662e-02,-1.582679641105458890e-01,-2.895723581080020814e-01,-2.379703419765278327e-01,0.000000000000000000e+00,-0.000000000000000000e+00,-0.000000000000000000e+00,-0.000000000000000000e+00,-1.229733900942152347e-02,-0.000000000000000000e+00
0.000000000000000000e+00,0.000000000000000000e+00,0.000000000000000000e+00,0.000000000000000000e+00,-0.000000000000000000e+00,-1.311288371332959383e-02,-0.000000000000000000e+00,-0.000000000000000000e+00,-0.000000000000000000e+00,-0.000000000000000000e+00,-2.489824190399105852e-01,5.256248979211203265e-02,-0.000000000000000000e+00,-0.000000000000000000e+00,1.048836225926502302e-01,0.000000000000000000e+00,-4.921105795637916724e-01,5.618404710517425210e-02,0.000000000000000000e+00,0.000000000000000000e+00,-0.000000000000000000e+00,-0.000000000000000000e+00,-3.069486239609766631e-01,2.669782875763118568e+00,0.000000000000000000e+00,-0.000000000000000000e+00,-0.000000000000000000e+00,-3.751677984337115079e-01,-3.005816209443026854e-01,-0.000000000000000000e+00,-0.000000000000000000e+00,-3.217603364204876804e-01,-0.000000000000000000e+00,0.000000000000000000e+00,-3.960073310754621545e-01,0.000000000000000000e+00,-1.426375812142407495e-01,-7.283991307743770214e-04,0.000000000000000000e+00
-0.000000000000000000e+00,-0.000000000000000000e+00,-0.000000000000000000e+00,-0.000000000000000000e+00,-0.000000000000000000e+00,-0.000000000000000000e+00,0.000000000000000000e+00,0.000000000000000000e+00,-1.243549256934851355e-01,-1.046966031850968676e-01,-0.000000000000000000e+00,-4.081628943026401335e-01,-0.000000000000000000e+00,-2.403661540780652750e-01,-0.000000000000000000e+00,-0.000000000000000000e+00,0.000000000000000000e+00,-9.700526188018969431e-02,-0.000000000000000000e+00,-1.392159706767724381e-01,0.000000000000000000e+00,-0.000000000000000000e+00,-0.000000000000000000e+00,0.000000000000000000e+00,1.889052905396718440e+00,-0.000000000000000000e+00,-3.428190948530438487e-01,0.000000000000000000e+00,0.000000000000000000e+00,-0.000000000000000000e+00,0.000000000000000000e+00,-0.000000000000000000e+00,-0.000000000000000000e+00,-7.949127449338035112e-02,9.467257450817562203e-02,-2.010782399144339094e-01,0.000000000000000000e+00,0.000000000000000000e+00,-2.747797505275645369e-01
-2.110326618991117120e-01,-5.398501893191221673e-02,-0.000000000000000000e+00,0.000000000000000000e+00,-0.000000000000000000e+00,-0.000000000000000000e+00,-0.000000000000000000e+00,0.000000000000000000e+00,-2.388228943293466827e-02,-1.536411637038443967e-01,-0.000000000000000000e+00,0.000000000000000000e+00,-0.000000000000000000e+00,0.000000000000000000e+00,-0.000000000000000000e+00,-3.276508966922994648e-02,0.000000000000000000e+00,-0.000000000000000000e+00,-0.000000000000000000e+00,0.000000000000000000e+00,-0.000000000000000000e+00,-0.000000000000000000e+00,-1.533644676129059803e-01,-0.000000000000000000e+00,-0.000000000000000000e+00,1.641344718598325203e+00,-6.319406039639479111e-01,-1.719971553502485095e-01,-0.000000000000000000e+00,-0.000000000000000000e+00,-8.686135206875734982e-02,-3.534705184628289185e-03,-0.000000000000000000e+00,-0.000000000000000000e+00,-0.000000000000000000e+00,-1.356601785246867170e-02,-0.000000000000000000e+00,-0.000000000000000000e+00,-0.000000000000000000e+00
-0.000000000000000000e+00,-0.000000000000000000e+00,-0.000000000000000000e+00,-0.000000000000000000e+00,-1.375595335377061412e-01,-0.000000000000000000e+00,-0.000000000000000000e+00,0.000000000000000000e+00,-1.943015878104465549e-02,-0.000000000000000000e+00,-0.000000000000000000e+00,-0.000000000000000000e+00,-0.000000000000000000e+00,-0.000000000000000000e+00,-0.000000000000000000e+00,-0.000000000000000000e+00,-0.000000000000000000e+00,-0.000000000000000000e+00,-2.699608666366368204e-02,0.000000000000000000e+00,-0.000000000000000000e+00,-3.688435288447638322e-02,-1.798047328747449103e-01,-0.000000000000000000e+00,-3.428190948530438487e-01,-6.319406039639479111e-01,1.774930564131512956e+00,-0.000000000000000000e+00,-0.000000000000000000e+00,-0.000000000000000000e+00,-9.214227972160697611e-02,-2.049510364879548741e-01,-1.031181192469705632e-01,-0.000000000000000000e+00,-0.000000000000000000e+00,-0.000000000000000000e+00,-0.000000000000000000e+00,-0.000000000000000000e+00,-1.162775753147471530e-01
0.000000000000000000e+00,0.000000000000000000e+00,0.000000000000000000e+00,0.000000000000000000e+00,-0.000000000000000000e+00,-1.392080409592484358e-01,-0.000000000000000000e+00,-0.000000000000000000e+00,-0.000000000000000000e+00,-0.000000000000000000e+00,-0.000000000000000000e+00,0.000000000000000000e+00,-0.000000000000000000e+00,-0.000000000000000000e+00,0.000000000000000000e+00,0.000000000000000000e+00,-1.492358465435478405e-02,0.000000000000000000e+00,-0.000000000000000000e+00,0.000000000000000000e+00,-2.124003456980228244e-01,-0.000000000000000000e+00,-2.745643795893795147e-01,-3.751677984337115079e-01,0.000000000000000000e+00,-1.719971553502485095e-01,-0.000000000000000000e+00,2.668245500673972259e+00,-6.012843603317865604e-01,-0.000000000000000000e+00,-2.114887545630771692e-01,-2.849732287583254253e-01,-2.824803063182032559e-01,0.000000000000000000e+00,-3.136872211267877075e-01,0.000000000000000000e+00,-0.000000000000000000e+00,-2.086100796860958506e-01,0.000000000000000000e+00
0.000000000000000000e+00,0.000000000000000000e+00,0.000000000000000000e+00,7.696100863009120753e-03,-0.000000000000000000e+00,-0.000000000000000000e+00,0.000000000000000000e+00,-0.000000000000000000e+00,-0.000000000000000000e+00,0.000000000000000000e+00,-3.731149472132453543e-02,0.000000000000000000e+00,-0.000000000000000000e+00,-0.000000000000000000e+00,0.000000000000000000e+00,0.000000000000000000e+00,-1.519157062605304975e-01,0.000000000000000000e+00,-0.000000000000000000e+00,1.007204036635987870e-01,-0.000000000000000000e+00,-0.000000000000000000e+00,-6.621527784090101842e-02,-3.005816209443026854e-01,0.000000000000000000e+00,-0.000000000000000000e+00,-0.000000000000000000e+00,-6.012843603317865604e-01,2.828681826046190118e+00,-0.000000000000000000e+00,-4.569139322554830601e-02,-3.239180998039659642e-01,-2.842612512093984842e-02,0.000000000000000000e+00,-9.804907368070761020e-01,0.000000000000000000e+00,-2.074027911062485685e-01,-0.000000000000000000e+00,0.000000000000000000e+00
-2.060265891574656061e-01,-0.000000000000000000e+00,-0.000000000000000000e+00,-0.000000000000000000e+00,-4.952845304515413744e-02,-0.000000000000000000e+00,-0.000000000000000000e+00,6.439877708729228878e-02,-3.533840033620902488e-01,-2.687963343164451735e-01,-0.000000000000000000e+00,-0.000000000000000000e+00,0.000000000000000000e+00,-8.103543053543924013e-02,-0.000000000000000000e+00,-0.000000000000000000e+00,-0.000000000000000000e+00,-0.000000000000000000e+00,-0.000000000000000000e+00,-3.948739943904331501e-02,-0.000000000000000000e+00,-1.646696099880962383e-01,-3.267455498544037662e-02,-0.000000000000000000e+00,-0.000000000000000000e+00,-0.000000000000000000e+00,-0.000000000000000000e+00,-0.000000000000000000e+00,-0.000000000000000000e+00,1.935641033915591613e+00,-1.347538013801634627e-01,-0.000000000000000000e+00,-0.000000000000000000e+00,-6.765344573933836092e-02,-0.000000000000000000e+00,-0.000000000000000000e+00,-0.000000000000000000e+00,-3.508636807345215658e-01,-2.737017569204781564e-01
-0.000000000000000000e+00,-0.000000000000000000e+00,-1.029937823155319954e-01,-0.000000000000000000e+00,-8.509560456879058932e-02,-0.000000000000000000e+00,-0.000000000000000000e+00,6.240835924293762493e-02,-1.922773107053336039e-01,-1.286980745756225730e-01,-0.000000000000000000e+00,0.000000000000000000e+00,4.461535411310726951e-02,-0.000000000000000000e+00,0.000000000000000000e+00,-0.000000000000000000e+00,-0.000000000000000000e+00,0.000000000000000000e+00,-0.000000000000000000e+00,0.000000000000000000e+00,-4.607843190601813160e-02,-8.707456893501984430e-02,-1.582679641105458890e-01,-0.000000000000000000e+00,0.000000000000000000e+00,-8.686135206875734982e-02,-9.214227972160697611e-02,-2.114887545630771692e-01,-4.569139322554830601e-02,-1.347538013801634627e-01,1.724577934323201944e+00,-1.831524770964114979e-01,-4.086506988394574685e-02,-0.000000000000000000e+00,-0.000000000000000000e+00,0.000000000000000000e+00,-0.000000000000000000e+00,-3.050954123639845750e-01,-0.000000000000000000e+00
-0.000000000000000000e+00,0.000000000000000000e+00,-0.000000000000000000e+00,0.000000000000000000e+00,-0.000000000000000000e+00,-3.016280765403683839e-01,-0.000000000000000000e+00,-0.000000000000000000e+00,-0.000000000000000000e+00,-0.000000000000000000e+00,-1.269715609796383815e-01,0.000000000000000000e+00,-0.000000000000000000e+00,-0.000000000000000000e+00,0.000000000000000000e+00,0.000000000000000000e+00,-2.105947749276958492e-01,0.000000000000000000e+00,-0.000000000000000000e+00,0.000000000000000000e+00,-1.916133764396851097e-02,-0.000000000000000000e+00,-2.895723581080020814e-01,-3.217603364204876804e-01,-0.000000000000000000e+00,-3.534705184628289185e-03,-2.049510364879548741e-01,-2.849732287583254253e-01,-3.239180998039659642e-01,-0.000000000000000000e+00,-1.831524770964114979e-01,2.736053234559531866e+00,-7.532058057768364900e-02,0.000000000000000000e+00,-0.000000000000000000e+00,0.000000000000000000e+00,-7.068419534908915169e-01,-0.000000000000000000e+00,0.000000000000000000e+00
0.000000000000000000e+00,5.382357226201742173e-03,-1.764735023031941963e-01,0.000000000000000000e+00,-2.402219615314601098e-01,-1.488893163118948718e-02,-0.000000000000000000e+00,-0.000000000000000000e+00,-0.000000000000000000e+00,-0.000000000000000000e+00,-0.000000000000000000e+00,0.000000000000000000e+00,-0.000000000000000000e+00,-2.101532014954402561e-01,0.000000000000000000e+00,0.000000000000000000e+00,-3.475402051156643024e-01,0.000000000000000000e+00,-1.286870838425394348e-01,1.055522016344932201e-01,-8.628812218583978844e-01,-1.901702312564251818e-02,-2.379703419765278327e-01,-0.000000000000000000e+00,-0.000000000000000000e+00,-0.000000000000000000e+00,-1.031181192469705632e-01,-2.824803063182032559e-01,-2.842612512093984842e-02,-0.000000000000000000e+00,-4.086506988394574685e-02,-7.532058057768364900e-02,2.375396867031683179e+00,-0.000000000000000000e+00,-1.416976059635929180e-02,0.000000000000000000e+00,-0.000000000000000000e+00,-0.000000000000000000e+00,-0.000000000000000000e+00
-0.000000000000000000e+00,-2.818099580773246737e-01,-3.221469102562337095e-01,-2.811990974855359537e-01,-4.806204307434056577e-01,0.000000000000000000e+00,-0.000000000000000000e+00,0.000000000000000000e+00,-2.459002942069101194e-01,-1.342966833279304606e-01,0.000000000000000000e+00,-1.224222255948351906e-01,0.000000000000000000e+00,-7.869509354631336329e-02,-0.000000000000000000e+00,-1.195299025314481289e-01,0.000000000000000000e+00,-0.000000000000000000e+00,-0.000000000000000000e+00,-0.000000000000000000e+00,0.000000000000000000e+00,-0.000000000000000000e+00,0.000000000000000000e+00,0.000000000000000000e+00,-7.949127449338035112e-02,-0.000000000000000000e+00,-0.000000000000000000e+00,0.000000000000000000e+00,0.000000000000000000e+00,-6.765344573933836092e-02,-0.000000000000000000e+00,0.000000000000000000e+00,-0.000000000000000000e+00,2.203491657292004469e+00,1.787360756662817185e-01,-2.073460671801283239e-01,0.000000000000000000e+00,-0.000000000000000000e+00,-0.000000000000000000e+00
0.000000000000000000e+00,7.182695766858446240e-02,0.000000000000000000e+00,0.000000000000000000e+00,0.000000000000000000e+00,-0.000000000000000000e+00,0.000000000000000000e+00,-0.000000000000000000e+00,0.000000000000000000e+00,0.000000000000000000e+00,-0.000000000000000000e+00,2.348985895557444137e-01,-0.000000000000000000e+00,-0.000000000000000000e+00,0.000000000000000000e+00,4.512798912756296743e-01,-3.298744880304196325e-01,1.121675001669517474e-01,-0.000000000000000000e+00,1.271269414208941462e-01,-3.911484197205089552e-02,-0.000000000000000000e+00,-0.000000000000000000e+00,-3.960073310754621545e-01,9.467257450817562203e-02,-0.000000000000000000e+00,-0.000000000000000000e+00,-3.136872211267877075e-01,-9.804907368070761020e-01,-0.000000000000000000e+00,-0.000000000000000000e+00,-0.000000000000000000e+00,-1.416976059635929180e-02,1.787360756662817185e-01,3.109395095369075879e+00,1.365429609978903447e-01,-1.377662093463021820e-01,-0.000000000000000000e+00,0.000000000000000000e+00
-0.000000000000000000e+00,-0.000000000000000000e+00,-0.000000000000000000e+00,-0.000000000000000000e+00,-0.000000000000000000e+00,0.000000000000000000e+00,-0.000000000000000000e+00,0.000000000000000000e+00,-0.000000000000000000e+00,-0.000000000000000000e+00,2.415830339320257369e-01,-1.428925188411943499e-02,-0.000000000000000000e+00,-0.000000000000000000e+00,-2.021747825232021734e-01,-4.023875998236799423e-01,9.020645481480128736e-02,-0.000000000000000000e+00,-0.000000000000000000e+00,-0.000000000000000000e+00,0.000000000000000000e+00,-0.000000000000000000e+00,-0.000000000000000000e+00,0.000000000000000000e+00,-2.010782399144339094e-01,-1.356601785246867170e-02,-0.000000000000000000e+00,0.000000000000000000e+00,0.000000000000000000e+00,-0.000000000000000000e+00,0.000000000000000000e+00,0.000000000000000000e+00,0.000000000000000000e+00,-2.073460671801283239e-01,1.365429609978903447e-01,1.701421360014922390e+00,7.854265248824893186e-02,-0.000000000000000000e+00,-0.000000000000000000e+00
0.000000000000000000e+00,0.000000000000000000e+00,0.000000000000000000e+00,9.169973581861862177e-03,0.000000000000000000e+00,-4.114338913766046324e-01,0.000000000000000000e+00,-0.000000000000000000e+00,-0.000000000000000000e+00,-0.000000000000000000e+00,-2.792686251354653537e-01,2.439355218760769217e-01,-1.879810391360500765e-01,-0.000000000000000000e+00,0.000000000000000000e+00,0.000000000000000000e+00,-3.758835449984341825e-01,0.000000000000000000e+00,-0.000000000000000000e+00,0.000000000000000000e+00,-1.365696992965388656e-01,-0.000000000000000000e+00,-0.000000000000000000e+00,-1.426375812142407495e-01,0.000000000000000000e+00,-0.000000000000000000e+00,-0.000000000000000000e+00,-0.000000000000000000e+00,-2.074027911062485685e-01,-0.000000000000000000e+00,-0.000000000000000000e+00,-7.068419534908915169e-01,-0.000000000000000000e+00,0.000000000000000000e+00,-1.377662093463021820e-01,7.854265248824893186e-02,2.607699608540160252e+00,-0.000000000000000000e+00,0.000000000000000000e+00
-0.000000000000000000e+00,-0.000000000000000000e+00,-0.000000000000000000e+00,1.260127903730393351e-01,-0.000000000000000000e+00,-0.000000000000000000e+00,0.000000000000000000e+00,0.000000000000000000e+00,-0.000000000000000000e+00,-6.140393488506155212e-02,-0.000000000000000000e+00,0.000000000000000000e+00,0.000000000000000000e+00,-0.000000000000000000e+00,-0.000000000000000000e+00,-0.000000000000000000e+00,-0.000000000000000000e+00,0.000000000000000000e+00,-0.000000000000000000e+00,0.000000000000000000e+00,-1.530155396103627212e-02,0.000000000000000000e+00,-1.229733900942152347e-02,-7.283991307743770214e-04,0.000000000000000000e+00,-0.000000000000000000e+00,-0.000000000000000000e+00,-2.086100796860958506e-01,-0.000000000000000000e+00,-3.508636807345215658e-01,-3.050954123639845750e-01,-0.000000000000000000e+00,-0.000000000000000000e+00,-0.000000000000000000e+00,-0.000000000000000000e+00,-0.000000000000000000e+00,-0.000000000000000000e+00,1.404208048023435129e+00,-1.476978896343882353e-01
-1.890552326764181890e-02,-8.617058849393439621e-03,-0.000000000000000000e+00,0.000000000000000000e+00,-0.000000000000000000e+00,0.000000000000000000e+00,0.000000000000000000e+00,0.000000000000000000e+00,-6.603364980580203603e-02,-4.091155845517258083e-01,0.000000000000000000e+00,-3.097425847220005579e-01,0.000000000000000000e+00,-0.000000000000000000e+00,-2.581541913601156923e-01,-0.000000000000000000e+00,0.000000000000000000e+00,-0.000000000000000000e+00,-2.093462215413773031e-01,-7.552486901363836269e-02,0.000000000000000000e+00,-0.000000000000000000e+00,-0.000000000000000000e+00,0.000000000000000000e+00,-2.747797505275645369e-01,-0.000000000000000000e+00,-1.162775753147471530e-01,0.000000000000000000e+00,0.000000000000000000e+00,-2.737017569204781564e-01,-0.000000000000000000e+00,0.000000000000000000e+00,-0.000000000000000000e+00,-0.000000000000000000e+00,0.000000000000000000e+00,-0.000000000000000000e+00,0.000000000000000000e+00,-1.476978896343882353e-01,1.981978519190082721e+00
