2.146624237798609780e+00,0.000000000000000000e+00,-0.000000000000000000e+00,0.000000000000000000e+00,-8.100442249817178808e-02,0.000000000000000000e+00,0.000000000000000000e+00,0.000000000000000000e+00,-2.453825766774195838e-01,-4.598741701878935467e-02,-0.000000000000000000e+00,0.000000000000000000e+00,0.000000000000000000e+00,0.000000000000000000e+00,0.000000000000000000e+00,-4.092475068572545838e-01,8.858036267878484707e-03,-9.743764211438206424e-02,-0.000000000000000000e+00,-0.000000000000000000e+00,-0.000000000000000000e+00,5.097018008927554260e-04,-0.000000000000000000e+00,-0.000000000000000000e+00,0.000000000000000000e+00,-0.000000000000000000e+00,0.000000000000000000e+00,-0.000000000000000000e+00,-2.941756920232523886e-01,-5.936719791408540114e-01,1.663136664867822523e-01,0.000000000000000000e+00,0.000000000000000000e+00,0.000000000000000000e+00,9.390641940621569095e-02,-0.000000000000000000e+00,0.000000000000000000e+00,0.000000000000000000e+00,-0.000000000000000000e+00
0.000000000000000000e+00,2.024728093681095409e+00,-0.000000000000000000e+00,-1.756542352084630720e-01,-0.000000000000000000e+00,0.000000000000000000e+00,-3.067294402463681680e-01,0.000000000000000000e+00,-0.000000000000000000e+00,-5.331004308401007252e-01,0.000000000000000000e+00,-5.926045182054223703e-02,-8.354737869162251820e-03,-0.000000000000000000e+00,-0.000000000000000000e+00,0.000000000000000000e+00,-0.000000000000000000e+00,0.000000000000000000e+00,-0.000000000000000000e+00,0.000000000000000000e+00,0.000000000000000000e+00,-0.000000000000000000e+00,0.000000000000000000e+00,-0.000000000000000000e+00,-1.456586582127128437e-01,0.000000000000000000e+00,-5.515021101904309386e-01,0.000000000000000000e+00,0.000000000000000000e+00,0.000000000000000000e+00,-0.000000000000000000e+00,-1.510456433713107394e-01,-0.000000000000000000e+00,-0.000000000000000000e+00,-0.000000000000000000e+00,-0.000000000000000000e+00,-9.751942427172333172e-02,0.000000000000000000e+00,2.880286561539559531e-01
-0.000000000000000000e+00,-0.000000000000000000e+00,2.509899011117392664e+00,0.000000000000000000e+00,-3.624444893821500702e-01,-0.000000000000000000e+00,-0.000000000000000000e+00,8.670050259657182679e-01,-0.000000000000000000e+00,-0.000000000000000000e+00,-8.482736471526673705e-02,-0.000000000000000000e+00,0.000000000000000000e+00,-5.483147069226618903e-02,0.000000000000000000e+00,-0.000000000000000000e+00,-0.000000000000000000e+00,-0.000000000000000000e+00,-1.474513920833818159e-01,-2.079395277680927967e-01,-3.061290968413732938e-01,-0.000000000000000000e+00,-0.000000000000000000e+00,-1.258100958146126103e-01,-0.000000000000000000e+00,-0.000000000000000000e+00,-0.000000000000000000e+00,-0.000000000000000000e+00,-0.000000000000000000e+00,-0.000000000000000000e+00,-0.000000000000000000e+00,-0.000000000000000000e+00,-1.266462756310305637e-01,0.000000000000000000e+00,0.000000000000000000e+00,-3.516456504289144913e-01,-0.000000000000000000e+00,1.114401167352054578e-01,0.000000000000000000e+00
0.000000000000000000e+00,-1.756542352084630720e-01,0.000000000000000000e+00,1.515292965471168651e+00,0.000000000000000000e+00,0.000000000000000000e+00,-1.737901071736897007e-02,-0.000000000000000000e+00,0.000000000000000000e+00,-0.000000000000000000e+00,0.000000000000000000e+00,-6.656634810969476457e-02,-2.696828493217987566e-01,-0.000000000000000000e+00,-0.000000000000000000e+00,0.000000000000000000e+00,-0.000000000000000000e+00,0.000000000000000000e+00,-0.000000000000000000e+00,0.000000000000000000e+00,8.214507551420822951e-02,-7.343437551563604393e-02,0.000000000000000000e+00,0.000000000000000000e+00,-0.000000000000000000e+00,4.023951390085196700e-02,-0.000000000000000000e+00,4.149311988185071520e-01,8.521366286656574529e-02,0.000000000000000000e+00,-0.000000000000000000e+00,-0.000000000000000000e+00,-0.000000000000000000e+00,-0.000000000000000000e+00,-0.000000000000000000e+00,0.000000000000000000e+00,-0.000000000000000000e+00,-0.000000000000000000e+00,0.000000000000000000e+00
-8.100442249817178808e-02,-0.000000000000000000e+00,-3.624444893821500702e-01,0.000000000000000000e+00,2.132480580433659956e+00,0.000000000000000000e+00,-0.000000000000000000e+00,3.864021645986165376e-01,-5.860645425977213385e-01,-0.000000000000000000e+00,-0.000000000000000000e+00,-0.000000000000000000e+00,0.000000000000000000e+00,-0.000000000000000000e+00,0.000000000000000000e+00,-6.209971119142721624e-03,0.000000000000000000e+00,-1.530690815670724125e-01,-0.000000000000000000e+00,-5.810047898364237295e-02,-0.000000000000000000e+00,0.000000000000000000e+00,-0.000000000000000000e+00,-0.000000000000000000e+00,0.000000000000000000e+00,-0.000000000000000000e+00,0.000000000000000000e+00,-0.000000000000000000e+00,-0.000000000000000000e+00,-0.000000000000000000e+00,0.000000000000000000e+00,0.000000000000000000e+00,-0.000000000000000000e+00,4.001331923295288195e-01,0.000000000000000000e+00,-6.093778672824319564e-02,-0.000000000000000000e+00,3.039145180889300801e-02,-0.000000000000000000e+00
0.000000000000000000e+00,0.000000000000000000e+00,-0.000000000000000000e+00,0.000000000000000000e+00,0.000000000000000000e+00,1.118728745807387126e+00,-0.000000000000000000e+00,0.000000000000000000e+00,0.000000000000000000e+00,0.000000000000000000e+00,-9.300336863817354471e-02,0.000000000000000000e+00,-0.000000000000000000e+00,-1.223988408549012419e-01,0.000000000000000000e+00,0.000000000000000000e+00,-1.480499157672806460e-02,0.000000000000000000e+00,-0.000000000000000000e+00,-0.000000000000000000e+00,-0.000000000000000000e+00,-0.000000000000000000e+00,-0.000000000000000000e+00,-4.024259925037798613e-02,-1.239838246452089759e-01,-0.000000000000000000e+00,-0.000000000000000000e+00,-0.000000000000000000e+00,0.000000000000000000e+00,0.000000000000000000e+00,-0.000000000000000000e+00,-0.000000000000000000e+00,-1.461698944433652003e-01,-0.000000000000000000e+00,-0.000000000000000000e+00,-0.000000000000000000e+00,-0.000000000000000000e+00,0.000000000000000000e+00,0.000000000000000000e+00
0.000000000000000000e+00,-3.067294402463681680e-01,-0.000000000000000000e+00,-1.737901071736897007e-02,-0.000000000000000000e+00,-0.000000000000000000e+00,1.283398828425363458e+00,0.000000000000000000e+00,-0.000000000000000000e+00,-6.576581801262387783e-02,-0.000000000000000000e+00,-0.000000000000000000e+00,-0.000000000000000000e+00,-6.828604962588617593e-03,-0.000000000000000000e+00,0.000000000000000000e+00,-0.000000000000000000e+00,-0.000000000000000000e+00,-2.318754536613308048e-01,0.000000000000000000e+00,-0.000000000000000000e+00,-2.257480403523248746e-01,-0.000000000000000000e+00,-0.000000000000000000e+00,-0.000000000000000000e+00,0.000000000000000000e+00,-2.759636238158986316e-02,0.000000000000000000e+00,0.000000000000000000e+00,-0.000000000000000000e+00,-0.000000000000000000e+00,-0.000000000000000000e+00,-0.000000000000000000e+00,-0.000000000000000000e+00,-0.000000000000000000e+00,-0.000000000000000000e+00,-0.000000000000000000e+00,0.000000000000000000e+00,0.000000000000000000e+00
0.000000000000000000e+00,0.000000000000000000e+00,8.670050259657182679e-01,-0.000000000000000000e+00,3.864021645986165376e-01,0.000000000000000000e+00,0.000000000000000000e+00,2.337246656864687022e+00,0.000000000000000000e+00,4.885935921962713396e-02,1.252216959754075820e-01,0.000000000000000000e+00,-0.000000000000000000e+00,1.456812401164647719e-01,-0.000000000000000000e+00,0.000000000000000000e+00,0.000000000000000000e+00,0.000000000000000000e+00,1.287516246089366601e-01,4.036036773208955680e-02,1.635409700947327294e-01,0.000000000000000000e+00,0.000000000000000000e+00,0.000000000000000000e+00,0.000000000000000000e+00,1.823755931438652070e-02,0.000000000000000000e+00,0.000000000000000000e+00,0.000000000000000000e+00,0.000000000000000000e+00,0.000000000000000000e+00,0.000000000000000000e+00,0.000000000000000000e+00,-0.000000000000000000e+00,-0.000000000000000000e+00,4.081342777353949014e-01,0.000000000000000000e+00,-5.808707777849351529e-03,-0.000000000000000000e+00
-2.453825766774195838e-01,-0.000000000000000000e+00,-0.000000000000000000e+00,0.000000000000000000e+00,-5.860645425977213385e-01,0.000000000000000000e+00,-0.000000000000000000e+00,0.000000000000000000e+00,2.029983458003105312e+00,-8.851487944005861919e-02,-0.000000000000000000e+00,-0.000000000000000000e+00,0.000000000000000000e+00,-0.000000000000000000e+00,0.000000000000000000e+00,-6.677866024024255165e-02,0.000000000000000000e+00,-3.001577759576348203e-01,-1.529155199814032917e-01,-0.000000000000000000e+00,-0.000000000000000000e+00,0.000000000000000000e+00,-1.627995658135183293e-02,-0.000000000000000000e+00,0.000000000000000000e+00,-7.887914980232761664e-02,0.000000000000000000e+00,-0.000000000000000000e+00,-0.000000000000000000e+00,-3.164220181638700002e-01,0.000000000000000000e+00,0.000000000000000000e+00,0.000000000000000000e+00,5.514980497671056331e-03,0.000000000000000000e+00,-1.114164507515482821e-01,-0.000000000000000000e+00,3.134490611075418931e-02,-0.000000000000000000e+00
-4.598741701878935467e-02,-5.331004308401007252e-01,-0.000000000000000000e+00,-0.000000000000000000e+00,-0.000000000000000000e+00,0.000000000000000000e+00,-6.576581801262387783e-02,4.885935921962713396e-02,-8.851487944005861919e-02,1.477143370365169073e+00,-0.000000000000000000e+00,-0.000000000000000000e+00,-0.000000000000000000e+00,-0.000000000000000000e+00,0.000000000000000000e+00,-0.000000000000000000e+00,-0.000000000000000000e+00,-0.000000000000000000e+00,-1.979645564239425337e-01,-0.000000000000000000e+00,-0.000000000000000000e+00,-0.000000000000000000e+00,-0.000000000000000000e+00,-0.000000000000000000e+00,-0.000000000000000000e+00,-0.000000000000000000e+00,-0.000000000000000000e+00,-0.000000000000000000e+00,-0.000000000000000000e+00,-9.766206729294206468e-02,-0.000000000000000000e+00,-0.000000000000000000e+00,-0.000000000000000000e+00,0.000000000000000000e+00,0.000000000000000000e+00,-3.171502376127075529e-01,-0.000000000000000000e+00,0.000000000000000000e+00,0.000000000000000000e+00
-0.000000000000000000e+00,0.000000000000000000e+00,-8.482736471526673705e-02,0.000000000000000000e+00,-0.000000000000000000e+00,-9.300336863817354471e-02,-0.000000000000000000e+00,1.252216959754075820e-01,-0.000000000000000000e+00,-0.000000000000000000e+00,1.862816477542784899e+00,0.000000000000000000e+00,0.000000000000000000e+00,-1.926466712907917711e-01,7.005074171948351414e-02,-0.000000000000000000e+00,0.000000000000000000e+00,-6.593768513621704741e-02,-3.117389657478066012e-02,-0.000000000000000000e+00,-1.186821990854061010e-01,0.000000000000000000e+00,-4.513865627016437343e-01,-3.589107627927404787e-01,-0.000000000000000000e+00,-9.066709389444697897e-02,0.000000000000000000e+00,-1.057272356351343298e-02,-0.000000000000000000e+00,-0.000000000000000000e+00,0.000000000000000000e+00,0.000000000000000000e+00,-0.000000000000000000e+00,0.000000000000000000e+00,0.000000000000000000e+00,-0.000000000000000000e+00,-0.000000000000000000e+00,1.386260944931028138e-01,0.000000000000000000e+00
0.000000000000000000e+00,-5.926045182054223703e-02,-0.000000000000000000e+00,-6.656634810969476457e-02,-0.000000000000000000e+00,0.000000000000000000e+00,-0.000000000000000000e+00,0.000000000000000000e+00,-0.000000000000000000e+00,-0.000000000000000000e+00,0.000000000000000000e+00,1.011985544843255536e+00,-0.000000000000000000e+00,-0.000000000000000000e+00,-0.000000000000000000e+00,0.000000000000000000e+00,-0.000000000000000000e+00,0.000000000000000000e+00,-0.000000000000000000e+00,0.000000000000000000e+00,0.000000000000000000e+00,-0.000000000000000000e+00,0.000000000000000000e+00,0.000000000000000000e+00,-0.000000000000000000e+00,0.000000000000000000e+00,-0.000000000000000000e+00,0.000000000000000000e+00,0.000000000000000000e+00,0.000000000000000000e+00,-0.000000000000000000e+00,-1.700306970489298339e-02,-0.000000000000000000e+00,-0.000000000000000000e+00,-0.000000000000000000e+00,-0.000000000000000000e+00,-0.000000000000000000e+00,0.000000000000000000e+00,0.000000000000000000e+00
0.000000000000000000e+00,-8.354737869162251820e-03,0.000000000000000000e+00,-2.696828493217987566e-01,0.000000000000000000e+00,-0.000000000000000000e+00,-0.000000000000000000e+00,-0.000000000000000000e+00,0.000000000000000000e+00,-0.000000000000000000e+00,0.000000000000000000e+00,-0.000000000000000000e+00,2.792295741526853892e+00,-0.000000000000000000e+00,-2.147500535127534194e-01,2.459683442212259874e-01,-9.586327675183643759e-02,1.055902672635523343e-01,0.000000000000000000e+00,0.000000000000000000e+00,2.511507559476319762e-02,-1.210609043689136605e-01,8.191511937907405838e-02,0.000000000000000000e+00,-0.000000000000000000e+00,1.055208973418401697e-01,-2.933737690637511220e-01,5.100098652946932765e-01,2.626540797399517513e-01,0.000000000000000000e+00,-1.738221027190736123e-01,-2.134550302632782504e-01,-0.000000000000000000e+00,-2.570330969629622819e-01,-2.167036897576603560e-01,0.000000000000000000e+00,-0.000000000000000000e+00,-0.000000000000000000e+00,0.000000000000000000e+00
0.000000000000000000e+00,-0.000000000000000000e+00,-5.483147069226618903e-02,-0.000000000000000000e+00,-0.000000000000000000e+00,-1.223988408549012419e-01,-6.828604962588617593e-03,1.456812401164647719e-01,-0.000000000000000000e+00,-0.000000000000000000e+00,-1.926466712907917711e-01,-0.000000000000000000e+00,-0.000000000000000000e+00,1.880073336238102577e+00,0.000000000000000000e+00,-0.000000000000000000e+00,-0.000000000000000000e+00,-0.000000000000000000e+00,-9.950641780434267558e-02,-0.000000000000000000e+00,-0.000000000000000000e+00,-0.000000000000000000e+00,-0.000000000000000000e+00,-3.331814242974824869e-01,-4.681448192475433090e-01,-0.000000000000000000e+00,-0.000000000000000000e+00,-0.000000000000000000e+00,-0.000000000000000000e+00,0.000000000000000000e+00,-0.000000000000000000e+00,-0.000000000000000000e+00,-2.935086852316650674e-01,0.000000000000000000e+00,-0.000000000000000000e+00,-8.947375759953890562e-02,-3.529337629577478652e-01,6.829137598920122232e-02,0.000000000000000000e+00
0.000000000000000000e+00,-0.000000000000000000e+00,0.000000000000000000e+00,-0.000000000000000000e+00,0.000000000000000000e+00,0.000000000000000000e+00,-0.000000000000000000e+00,-0.000000000000000000e+00,0.000000000000000000e+00,0.000000000000000000e+00,7.005074171948351414e-02,-0.000000000000000000e+00,-2.147500535127534194e-01,0.000000000000000000e+00,2.168591687269839863e+00,1.807287140478716636e-01,-0.000000000000000000e+00,4.745328433671152646e-01,0.000000000000000000e+00,8.465809049626786542e-02,1.617146182559934531e-01,-0.000000000000000000e+00,1.620596550769289046e-01,0.000000000000000000e+00,-0.000000000000000000e+00,6.700351789438217798e-02,-0.000000000000000000e+00,2.719449235397976006e-01,1.832976770634256736e-01,9.346847703520588801e-02,-1.132264439762510275e-02,-8.648271656427643488e-04,-0.000000000000000000e+00,-0.000000000000000000e+00,-0.000000000000000000e+00,0.000000000000000000e+00,-0.000000000000000000e+00,-5.340490211393737058e-02,0.000000000000000000e+00
-4.092475068572545838e-01,0.000000000000000000e+00,-0.000000000000000000e+00,0.000000000000000000e+00,-6.209971119142721624e-03,0.000000000000000000e+00,0.000000000000000000e+00,0.000000000000000000e+00,-6.677866024024255165e-02,-0.000000000000000000e+00,-0.000000000000000000e+00,0.000000000000000000e+00,2.459683442212259874e-01,-0.000000000000000000e+00,1.807287140478716636e-01,2.982841483307820951e+00,5.944508975609254925e-02,-2.341892533334817839e-01,-0.000000000000000000e+00,-0.000000000000000000e+00,-0.000000000000000000e+00,0.000000000000000000e+00,-3.579723796274863479e-01,-0.000000000000000000e+00,0.000000000000000000e+00,-2.820273150244004823e-01,0.000000000000000000e+00,-3.088398405646609057e-01,-3.520182610440489857e-01,-4.064385308443456135e-01,0.000000000000000000e+00,1.477902187865230699e-02,0.000000000000000000e+00,7.547730231608953955e-02,1.587176948558555734e-01,-0.000000000000000000e+00,0.000000000000000000e+00,0.000000000000000000e+00,-0.000000000000000000e+00
8.858036267878484707e-03,-0.000000000000000000e+00,-0.000000000000000000e+00,-0.000000000000000000e+00,0.000000000000000000e+00,-1.480499157672806460e-02,-0.000000000000000000e+00,0.000000000000000000e+00,0.000000000000000000e+00,-0.000000000000000000e+00,0.000000000000000000e+00,-0.000000000000000000e+00,-9.586327675183643759e-02,-0.000000000000000000e+00,-0.000000000000000000e+00,5.944508975609254925e-02,2.015058979289339636e+00,0.000000000000000000e+00,0.000000000000000000e+00,0.000000000000000000e+00,0.000000000000000000e+00,-1.604952716614048147e-01,0.000000000000000000e+00,-0.000000000000000000e+00,-3.556684230306902256e-02,0.000000000000000000e+00,-1.531990163919901282e-01,0.000000000000000000e+00,0.000000000000000000e+00,1.683840170177121343e-01,-3.473613649180573026e-01,-3.813480892039718406e-01,-2.072335577988113631e-01,-0.000000000000000000e+00,-3.446381176196320339e-01,-0.000000000000000000e+00,-0.000000000000000000e+00,-0.000000000000000000e+00,6.641492603598124315e-03
-9.743764211438206424e-02,0.000000000000000000e+00,-0.000000000000000000e+00,0.000000000000000000e+00,-1.530690815670724125e-01,0.000000000000000000e+00,-0.000000000000000000e+00,0.000000000000000000e+00,-3.001577759576348203e-01,-0.000000000000000000e+00,-6.593768513621704741e-02,0.000000000000000000e+00,1.055902672635523343e-01,-0.000000000000000000e+00,4.745328433671152646e-01,-2.341892533334817839e-01,0.000000000000000000e+00,2.621290972147499510e+00,-1.990899337621772000e-02,-0.000000000000000000e+00,-1.286205025197248719e-01,0.000000000000000000e+00,-2.572431724105600503e-01,-0.000000000000000000e+00,0.000000000000000000e+00,-1.821168220600066778e-01,0.000000000000000000e+00,-1.705000163110936551e-01,-7.177272799663016178e-02,-2.190395092475140859e-01,3.377239593886826458e-02,0.000000000000000000e+00,0.000000000000000000e+00,6.879615943961551886e-05,0.000000000000000000e+00,-0.000000000000000000e+00,-0.000000000000000000e+00,2.476407029862983944e-01,-0.000000000000000000e+00
-0.000000000000000000e+00,-0.000000000000000000e+00,-1.474513920833818159e-01,-0.000000000000000000e+00,-0.000000000000000000e+00,-0.000000000000000000e+00,-2.318754536613308048e-01,1.287516246089366601e-01,-1.529155199814032917e-01,-1.979645564239425337e-01,-3.117389657478066012e-02,-0.000000000000000000e+00,0.000000000000000000e+00,-9.950641780434267558e-02,0.000000000000000000e+00,-0.000000000000000000e+00,0.000000000000000000e+00,-1.990899337621772000e-02,1.382553239358896846e+00,-0.000000000000000000e+00,-0.000000000000000000e+00,-0.000000000000000000e+00,-0.000000000000000000e+00,-0.000000000000000000e+00,-0.000000000000000000e+00,-0.000000000000000000e+00,-0.000000000000000000e+00,-0.000000000000000000e+00,-0.000000000000000000e+00,-0.000000000000000000e+00,-0.000000000000000000e+00,-0.000000000000000000e+00,-0.000000000000000000e+00,-0.000000000000000000e+00,0.000000000000000000e+00,-4.861701436388415898e-02,-0.000000000000000000e+00,0.000000000000000000e+00,2.282730823091485561e-01
-0.000000000000000000e+00,0.000000000000000000e+00,-2.079395277680927967e-01,0.000000000000000000e+00,-5.810047898364237295e-02,-0.000000000000000000e+00,0.000000000000000000e+00,4.036036773208955680e-02,-0.000000000000000000e+00,-0.000000000000000000e+00,-0.000000000000000000e+00,0.000000000000000000e+00,0.000000000000000000e+00,-0.000000000000000000e+00,8.465809049626786542e-02,-0.000000000000000000e+00,0.000000000000000000e+00,-0.000000000000000000e+00,-0.000000000000000000e+00,1.294179365115524005e+00,-2.876508454998775721e-01,-0.000000000000000000e+00,-0.000000000000000000e+00,-0.000000000000000000e+00,0.000000000000000000e+00,-0.000000000000000000e+00,0.000000000000000000e+00,-0.000000000000000000e+00,-6.488913937588118575e-02,-0.000000000000000000e+00,0.000000000000000000e+00,0.000000000000000000e+00,-0.000000000000000000e+00,3.820328847782197834e-02,0.000000000000000000e+00,-0.000000000000000000e+00,-0.000000000000000000e+00,0.000000000000000000e+00,-0.000000000000000000e+00
-0.000000000000000000e+00,0.000000000000000000e+00,-3.061290968413732938e-01,8.214507551420822951e-02,-0.000000000000000000e+00,-0.000000000000000000e+00,-0.000000000000000000e+00,1.635409700947327294e-01,-0.000000000000000000e+00,-0.000000000000000000e+00,-1.186821990854061010e-01,0.000000000000000000e+00,2.511507559476319762e-02,-0.000000000000000000e+00,1.617146182559934531e-01,-0.000000000000000000e+00,0.000000000000000000e+00,-1.286205025197248719e-01,-0.000000000000000000e+00,-2.876508454998775721e-01,2.331319639422981815e+00,0.000000000000000000e+00,-1.100151498447437814e-01,-1.321187690191293063e-01,0.000000000000000000e+00,-4.073275781374143811e-01,0.000000000000000000e+00,-3.054473916157391389e-01,-6.373504173922106553e-02,-0.000000000000000000e+00,0.000000000000000000e+00,0.000000000000000000e+00,-0.000000000000000000e+00,4.057144485665215711e-02,0.000000000000000000e+00,-3.573921820396189220e-02,-0.000000000000000000e+00,1.123564802703955756e-01,-0.000000000000000000e+00
5.097018008927554260e-04,-0.000000000000000000e+00,-0.000000000000000000e+00,-7.343437551563604393e-02,0.000000000000000000e+00,-0.000000000000000000e+00,-2.257480403523248746e-01,0.000000000000000000e+00,0.000000000000000000e+00,-0.000000000000000000e+00,0.000000000000000000e+00,-0.000000000000000000e+00,-1.210609043689136605e-01,-0.000000000000000000e+00,-0.000000000000000000e+00,0.000000000000000000e+00,-1.604952716614048147e-01,0.000000000000000000e+00,-0.000000000000000000e+00,-0.000000000000000000e+00,0.000000000000000000e+00,1.776425906595854753e+00,0.000000000000000000e+00,-0.000000000000000000e+00,-1.516115696510010602e-01,0.000000000000000000e+00,-2.340964824911131725e-01,0.000000000000000000e+00,0.000000000000000000e+00,0.000000000000000000e+00,-1.228324841996492472e-01,-1.421300607794457604e-01,-2.815126907156892400e-01,-0.000000000000000000e+00,-1.239974582384610197e-01,-0.000000000000000000e+00,-0.000000000000000000e+00,0.000000000000000000e+00,1.353473547027287949e-01
-0.000000000000000000e+00,0.000000000000000000e+00,-0.000000000000000000e+00,0.000000000000000000e+00,-0.000000000000000000e+00,-0.000000000000000000e+00,-0.000000000000000000e+00,0.000000000000000000e+00,-1.627995658135183293e-02,-0.000000000000000000e+00,-4.513865627016437343e-01,0.000000000000000000e+00,8.191511937907405838e-02,-0.000000000000000000e+00,1.620596550769289046e-01,-3.579723796274863479e-01,0.000000000000000000e+00,-2.572431724105600503e-01,-0.000000000000000000e+00,-0.000000000000000000e+00,-1.100151498447437814e-01,0.000000000000000000e+00,2.719489895673543156e+00,-1.631513311431357915e-01,0.000000000000000000e+00,-2.798156626549634374e-01,0.000000000000000000e+00,-2.364275207375723109e-01,-3.591805301717322374e-01,-1.624251205957642219e-01,0.000000000000000000e+00,0.000000000000000000e+00,-0.000000000000000000e+00,0.000000000000000000e+00,0.000000000000000000e+00,-1.339388828753079463e-01,-0.000000000000000000e+00,8.989291127785302427e-02,-0.000000000000000000e+00
-0.000000000000000000e+00,-0.000000000000000000e+00,-1.258100958146126103e-01,0.000000000000000000e+00,-0.000000000000000000e+00,-4.024259925037798613e-02,-0.000000000000000000e+00,0.000000000000000000e+00,-0.000000000000000000e+00,-0.000000000000000000e+00,-3.589107627927404787e-01,0.000000000000000000e+00,0.000000000000000000e+00,-3.331814242974824869e-01,0.000000000000000000e+00,-0.000000000000000000e+00,-0.000000000000000000e+00,-0.000000000000000000e+00,-0.000000000000000000e+00,-0.000000000000000000e+00,-1.321187690191293063e-01,-0.000000000000000000e+00,-1.631513311431357915e-01,1.757276107713103386e+00,-0.000000000000000000e+00,-2.195509617300459709e-02,-0.000000000000000000e+00,-0.000000000000000000e+00,-0.000000000000000000e+00,-0.000000000000000000e+00,-0.000000000000000000e+00,-0.000000000000000000e+00,-6.522062153526132777e-02,0.000000000000000000e+00,-0.000000000000000000e+00,-2.595365536105854187e-01,-4.355362118388374226e-02,1.605393001645295248e-01,0.000000000000000000e+00
0.000000000000000000e+00,-1.456586582127128437e-01,-0.000000000000000000e+00,-0.000000000000000000e+00,0.000000000000000000e+00,-1.239838246452089759e-01,-0.000000000000000000e+00,0.000000000000000000e+00,0.000000000000000000e+00,-0.000000000000000000e+00,-0.000000000000000000e+00,-0.000000000000000000e+00,-0.000000000000000000e+00,-4.681448192475433090e-01,-0.000000000000000000e+00,0.000000000000000000e+00,-3.556684230306902256e-02,0.000000000000000000e+00,-0.000000000000000000e+00,0.000000000000000000e+00,0.000000000000000000e+00,-1.516115696510010602e-01,0.000000000000000000e+00,-0.000000000000000000e+00,2.000665595539143471e+00,0.000000000000000000e+00,-1.743991608148232897e-01,0.000000000000000000e+00,0.000000000000000000e+00,0.000000000000000000e+00,-3.820390168917552343e-01,-1.186538782987355822e-01,-7.659308223638057467e-02,-0.000000000000000000e+00,-0.000000000000000000e+00,-0.000000000000000000e+00,-2.715821640184797880e-01,0.000000000000000000e+00,2.176659401616889145e-01
-0.000000000000000000e+00,0.000000000000000000e+00,-0.000000000000000000e+00,4.023951390085196700e-02,-0.000000000000000000e+00,-0.000000000000000000e+00,0.000000000000000000e+00,1.823755931438652070e-02,-7.887914980232761664e-02,-0.000000000000000000e+00,-9.066709389444697897e-02,0.000000000000000000e+00,1.055208973418401697e-01,-0.000000000000000000e+00,6.700351789438217798e-02,-2.820273150244004823e-01,0.000000000000000000e+00,-1.821168220600066778e-01,-0.000000000000000000e+00,-0.000000000000000000e+00,-4.073275781374143811e-01,0.000000000000000000e+00,-2.798156626549634374e-01,-2.195509617300459709e-02,0.000000000000000000e+00,2.785413762234390411e+00,0.000000000000000000e+00,-2.866232063515180006e-01,-4.250827645776183994e-01,-0.000000000000000000e+00,0.000000000000000000e+00,0.000000000000000000e+00,-0.000000000000000000e+00,6.827520918466181699e-02,0.000000000000000000e+00,-4.138147370896905208e-01,-0.000000000000000000e+00,1.801043653642580289e-01,-0.000000000000000000e+00
0.000000000000000000e+00,-5.515021101904309386e-01,-0.000000000000000000e+00,-0.000000000000000000e+00,0.000000000000000000e+00,-0.000000000000000000e+00,-2.759636238158986316e-02,0.000000000000000000e+00,0.000000000000000000e+00,-0.000000000000000000e+00,0.000000000000000000e+00,-0.000000000000000000e+00,-2.933737690637511220e-01,-0.000000000000000000e+00,-0.000000000000000000e+00,0.000000000000000000e+00,-1.531990163919901282e-01,0.000000000000000000e+00,-0.000000000000000000e+00,0.000000000000000000e+00,0.000000000000000000e+00,-2.340964824911131725e-01,0.000000000000000000e+00,-0.000000000000000000e+00,-1.743991608148232897e-01,0.000000000000000000e+00,2.659916910500759180e+00,2.823613706495738465e-02,0.000000000000000000e+00,0.000000000000000000e+00,-3.627230219530725441e-01,-5.501285830886952777e-01,-9.285707426084623128e-03,-0.000000000000000000e+00,-1.202501856765266774e-01,-0.000000000000000000e+00,-0.000000000000000000e+00,-0.000000000000000000e+00,4.042837415944611767e-01
-0.000000000000000000e+00,0.000000000000000000e+00,-0.000000000000000000e+00,4.149311988185071520e-01,-0.000000000000000000e+00,-0.000000000000000000e+00,0.000000000000000000e+00,0.000000000000000000e+00,-0.000000000000000000e+00,-0.000000000000000000e+00,-1.057272356351343298e-02,0.000000000000000000e+00,5.100098652946932765e-01,-0.000000000000000000e+00,2.719449235397976006e-01,-3.088398405646609057e-01,0.000000000000000000e+00,-1.705000163110936551e-01,-0.000000000000000000e+00,-0.000000000000000000e+00,-3.054473916157391389e-01,0.000000000000000000e+00,-2.364275207375723109e-01,-0.000000000000000000e+00,0.000000000000000000e+00,-2.866232063515180006e-01,2.823613706495738465e-02,2.897768825975783002e+00,-3.319182340261168651e-01,-0.000000000000000000e+00,0.000000000000000000e+00,6.887904624288151978e-02,0.000000000000000000e+00,5.908854717352828023e-02,1.026067808408561155e-01,-0.000000000000000000e+00,0.000000000000000000e+00,0.000000000000000000e+00,-0.000000000000000000e+00
-2.941756920232523886e-01,0.000000000000000000e+00,-0.000000000000000000e+00,8.521366286656574529e-02,-0.000000000000000000e+00,0.000000000000000000e+00,0.000000000000000000e+00,0.000000000000000000e+00,-0.000000000000000000e+00,-0.000000000000000000e+00,-0.000000000000000000e+00,0.000000000000000000e+00,2.626540797399517513e-01,-0.000000000000000000e+00,1.832976770634256736e-01,-3.520182610440489857e-01,0.000000000000000000e+00,-7.177272799663016178e-02,-0.000000000000000000e+00,-6.488913937588118575e-02,-6.373504173922106553e-02,0.000000000000000000e+00,-3.591805301717322374e-01,-0.000000000000000000e+00,0.000000000000000000e+00,-4.250827645776183994e-01,0.000000000000000000e+00,-3.319182340261168651e-01,2.694894371032773961e+00,-1.757009629023307817e-01,0.000000000000000000e+00,0.000000000000000000e+00,0.000000000000000000e+00,6.541338184594368277e-02,0.000000000000000000e+00,-7.642445877244018193e-03,-0.000000000000000000e+00,0.000000000000000000e+00,-0.000000000000000000e+00
-5.936719791408540114e-01,0.000000000000000000e+00,-0.000000000000000000e+00,0.000000000000000000e+00,-0.000000000000000000e+00,0.000000000000000000e+00,-0.000000000000000000e+00,0.000000000000000000e+00,-3.164220181638700002e-01,-9.766206729294206468e-02,-0.000000000000000000e+00,0.000000000000000000e+00,0.000000000000000000e+00,0.000000000000000000e+00,9.346847703520588801e-02,-4.064385308443456135e-01,1.683840170177121343e-01,-2.190395092475140859e-01,-0.000000000000000000e+00,-0.000000000000000000e+00,-0.000000000000000000e+00,0.000000000000000000e+00,-1.624251205957642219e-01,-0.000000000000000000e+00,0.000000000000000000e+00,-0.000000000000000000e+00,0.000000000000000000e+00,-0.000000000000000000e+00,-1.757009629023307817e-01,2.420801712669819583e+00,1.162441099197296795e-01,0.000000000000000000e+00,0.000000000000000000e+00,0.000000000000000000e+00,1.791552671002454578e-01,-0.000000000000000000e+00,0.000000000000000000e+00,0.000000000000000000e+00,-0.000000000000000000e+00
1.663136664867822523e-01,-0.000000000000000000e+00,-0.000000000000000000e+00,-0.000000000000000000e+00,0.000000000000000000e+00,-0.000000000000000000e+00,-0.000000000000000000e+00,0.000000000000000000e+00,0.000000000000000000e+00,-0.000000000000000000e+00,0.000000000000000000e+00,-0.000000000000000000e+00,-1.738221027190736123e-01,-0.000000000000000000e+00,-1.132264439762510275e-02,0.000000000000000000e+00,-3.473613649180573026e-01,3.377239593886826458e-02,-0.000000000000000000e+00,0.000000000000000000e+00,0.000000000000000000e+00,-1.228324841996492472e-01,0.000000000000000000e+00,-0.000000000000000000e+00,-3.820390168917552343e-01,0.000000000000000000e+00,-3.627230219530725441e-01,0.000000000000000000e+00,0.000000000000000000e+00,1.162441099197296795e-01,2.128304550576594956e+00,-2.850321679035869304e-01,-1.788689880489538198e-01,-2.648209743146712897e-02,-0.000000000000000000e+00,-0.000000000000000000e+00,-0.000000000000000000e+00,-0.000000000000000000e+00,0.000000000000000000e+00
0.000000000000000000e+00,-1.510456433713107394e-01,-0.000000000000000000e+00,-0.000000000000000000e+00,0.000000000000000000e+00,-0.000000000000000000e+00,-0.000000000000000000e+00,0.000000000000000000e+00,0.000000000000000000e+00,-0.000000000000000000e+00,0.000000000000000000e+00,-1.700306970489298339e-02,-2.134550302632782504e-01,-0.000000000000000000e+00,-8.648271656427643488e-04,1.477902187865230699e-02,-3.813480892039718406e-01,0.000000000000000000e+00,-0.000000000000000000e+00,0.000000000000000000e+00,0.000000000000000000e+00,-1.421300607794457604e-01,0.000000000000000000e+00,-0.000000000000000000e+00,-1.186538782987355822e-01,0.000000000000000000e+00,-5.501285830886952777e-01,6.887904624288151978e-02,0.000000000000000000e+00,0.000000000000000000e+00,-2.850321679035869304e-01,2.294157165452611391e+00,-0.000000000000000000e+00,-0.000000000000000000e+00,-2.669634427171476698e-01,-0.000000000000000000e+00,-2.902156505334183012e-02,-0.000000000000000000e+00,8.462442148344377635e-02
0.000000000000000000e+00,-0.000000000000000000e+00,-1.266462756310305637e-01,-0.000000000000000000e+00,-0.000000000000000000e+00,-1.461698944433652003e-01,-0.000000000000000000e+00,0.000000000000000000e+00,0.000000000000000000e+00,-0.000000000000000000e+00,-0.000000000000000000e+00,-0.000000000000000000e+00,-0.000000000000000000e+00,-2.935086852316650674e-01,-0.000000000000000000e+00,0.000000000000000000e+00,-2.072335577988113631e-01,0.000000000000000000e+00,-0.000000000000000000e+00,-0.000000000000000000e+00,-0.000000000000000000e+00,-2.815126907156892400e-01,-0.000000000000000000e+00,-6.522062153526132777e-02,-7.659308223638057467e-02,-0.000000000000000000e+00,-9.285707426084623128e-03,0.000000000000000000e+00,0.000000000000000000e+00,0.000000000000000000e+00,-1.788689880489538198e-01,-0.000000000000000000e+00,1.506524770386422851e+00,-0.000000000000000000e+00,-0.000000000000000000e+00,-2.902401517730395994e-02,-6.914989328915689681e-02,0.000000000000000000e+00,0.000000000000000000e+00
0.000000000000000000e+00,-0.000000000000000000e+00,0.000000000000000000e+00,-0.000000000000000000e+00,4.001331923295288195e-01,-0.000000000000000000e+00,-0.000000000000000000e+00,-0.000000000000000000e+00,5.514980497671056331e-03,0.000000000000000000e+00,0.000000000000000000e+00,-0.000000000000000000e+00,-2.570330969629622819e-01,0.000000000000000000e+00,-0.000000000000000000e+00,7.547730231608953955e-02,-0.000000000000000000e+00,6.879615943961551886e-05,-0.000000000000000000e+00,3.820328847782197834e-02,4.057144485665215711e-02,-0.000000000000000000e+00,0.000000000000000000e+00,0.000000000000000000e+00,-0.000000000000000000e+00,6.827520918466181699e-02,-0.000000000000000000e+00,5.908854717352828023e-02,6.541338184594368277e-02,0.000000000000000000e+00,-2.648209743146712897e-02,-0.000000000000000000e+00,-0.000000000000000000e+00,1.484846978064545242e+00,-9.034349217029220835e-02,0.000000000000000000e+00,-0.000000000000000000e+00,-0.000000000000000000e+00,0.000000000000000000e+00
9.390641940621569095e-02,-0.000000000000000000e+00,0.000000000000000000e+00,-0.000000000000000000e+00,0.000000000000000000e+00,-0.000000000000000000e+00,-0.000000000000000000e+00,-0.000000000000000000e+00,0.000000000000000000e+00,0.000000000000000000e+00,0.000000000000000000e+00,-0.000000000000000000e+00,-2.167036897576603560e-01,-0.000000000000000000e+00,-0.000000000000000000e+00,1.587176948558555734e-01,-3.446381176196320339e-01,0.000000000000000000e+00,0.000000000000000000e+00,0.000000000000000000e+00,0.000000000000000000e+00,-1.239974582384610197e-01,0.000000000000000000e+00,-0.000000000000000000e+00,-0.000000000000000000e+00,0.000000000000000000e+00,-1.202501856765266774e-01,1.026067808408561155e-01,0.000000000000000000e+00,1.791552671002454578e-01,-0.000000000000000000e+00,-2.669634427171476698e-01,-0.000000000000000000e+00,-9.034349217029220835e-02,2.015689637828756986e+00,0.000000000000000000e+00,-3.224511376185406064e-01,-0.000000000000000000e+00,9.574906569574222204e-02
-0.000000000000000000e+00,-0.000000000000000000e+00,-3.516456504289144913e-01,0.000000000000000000e+00,-6.093778672824319564e-02,-0.000000000000000000e+00,-0.000000000000000000e+00,4.081342777353949014e-01,-1.114164507515482821e-01,-3.171502376127075529e-01,-0.000000000000000000e+00,-0.000000000000000000e+00,0.000000000000000000e+00,-8.947375759953890562e-02,0.000000000000000000e+00,-0.000000000000000000e+00,-0.000000000000000000e+00,-0.000000000000000000e+00,-4.861701436388415898e-02,-0.000000000000000000e+00,-3.573921820396189220e-02,-0.000000000000000000e+00,-1.339388828753079463e-01,-2.595365536105854187e-01,-0.000000000000000000e+00,-4.138147370896905208e-01,-0.000000000000000000e+00,-0.000000000000000000e+00,-7.642445877244018193e-03,-0.000000000000000000e+00,-0.000000000000000000e+00,-0.000000000000000000e+00,-2.902401517730395994e-02,0.000000000000000000e+00,0.000000000000000000e+00,2.267690436239643059e+00,-1.619121000313400449e-02,2.016620440925338820e-01,0.000000000000000000e+00
0.000000000000000000e+00,-9.751942427172333172e-02,-0.000000000000000000e+00,-0.000000000000000000e+00,-0.000000000000000000e+00,-0.000000000000000000e+00,-0.000000000000000000e+00,0.000000000000000000e+00,-0.000000000000000000e+00,-0.000000000000000000e+00,-0.000000000000000000e+00,-0.000000000000000000e+00,-0.000000000000000000e+00,-3.529337629577478652e-01,-0.000000000000000000e+00,0.000000000000000000e+00,-0.000000000000000000e+00,-0.000000000000000000e+00,-0.000000000000000000e+00,-0.000000000000000000e+00,-0.000000000000000000e+00,-0.000000000000000000e+00,-0.000000000000000000e+00,-4.355362118388374226e-02,-2.715821640184797880e-01,-0.000000000000000000e+00,-0.000000000000000000e+00,0.000000000000000000e+00,-0.000000000000000000e+00,0.000000000000000000e+00,-0.000000000000000000e+00,-2.902156505334183012e-02,-6.914989328915689681e-02,-0.000000000000000000e+00,-3.224511376185406064e-01,-1.619121000313400449e-02,1.535989216452371409e+00,0.000000000000000000e+00,1.538831215337420344e-01
0.000000000000000000e+00,0.000000000000000000e+00,1.114401167352054578e-01,-0.000000000000000000e+00,3.039145180889300801e-02,0.000000000000000000e+00,0.000000000000000000e+00,-5.808707777849351529e-03,3.134490611075418931e-02,0.000000000000000000e+00,1.386260944931028138e-01,0.000000000000000000e+00,-0.000000000000000000e+00,6.829137598920122232e-02,-5.340490211393737058e-02,0.000000000000000000e+00,-0.000000000000000000e+00,2.476407029862983944e-01,0.000000000000000000e+00,0.000000000000000000e+00,1.123564802703955756e-01,0.000000000000000000e+00,8.989291127785302427e-02,1.605393001645295248e-01,0.000000000000000000e+00,1.801043653642580289e-01,-0.000000000000000000e+00,0.000000000000000000e+00,0.000000000000000000e+00,0.000000000000000000e+00,-0.000000000000000000e+00,-0.000000000000000000e+00,0.000000000000000000e+00,-0.000000000000000000e+00,-0.000000000000000000e+00,2.016620440925338820e-01,0.000000000000000000e+00,1.667204473483866689e+00,-0.000000000000000000e+00
-0.000000000000000000e+00,2.880286561539559531e-01,0.000000000000000000e+00,0.000000000000000000e+00,-0.000000000000000000e+00,0.000000000000000000e+00,0.000000000000000000e+00,-0.000000000000000000e+00,-0.000000000000000000e+00,0.000000000000000000e+00,0.000000000000000000e+00,0.000000000000000000e+00,0.000000000000000000e+00,0.000000000000000000e+00,0.000000000000000000e+00,-0.000000000000000000e+00,6.641492603598124315e-03,-0.000000000000000000e+00,2.282730823091485561e-01,-0.000000000000000000e+00,-0.000000000000000000e+00,1.353473547027287949e-01,-0.000000000000000000e+00,0.000000000000000000e+00,2.176659401616889145e-01,-0.000000000000000000e+00,4.042837415944611767e-01,-0.000000000000000000e+00,-0.000000000000000000e+00,-0.000000000000000000e+00,0.000000000000000000e+00,8.462442148344377635e-02,0.000000000000000000e+00,0.000000000000000000e+00,9.574906569574222204e-02,0.000000000000000000e+00,1.538831215337420344e-01,-0.000000000000000000e+00,1.723113693076719466e+00
