1.510421675862141377e+00,-0.000000000000000000e+00,-0.000000000000000000e+00,0.000000000000000000e+00,-0.000000000000000000e+00,0.000000000000000000e+00,0.000000000000000000e+00,0.000000000000000000e+00,-2.123773799416526220e-01,-0.000000000000000000e+00,0.000000000000000000e+00,-0.000000000000000000e+00,0.000000000000000000e+00,-0.000000000000000000e+00,-3.953577489280714341e-02,-3.250481798646962517e-01,-0.000000000000000000e+00,-0.000000000000000000e+00,-0.000000000000000000e+00,0.000000000000000000e+00,-0.000000000000000000e+00,0.000000000000000000e+00,0.000000000000000000e+00,0.000000000000000000e+00,-0.000000000000000000e+00,-0.000000000000000000e+00,-0.000000000000000000e+00,-0.000000000000000000e+00,-0.000000000000000000e+00,-1.600047306061928298e-01,-0.000000000000000000e+00,0.000000000000000000e+00,0.000000000000000000e+00,-5.911278812717536690e-02,0.000000000000000000e+00,-3.732363984728315764e-01,0.000000000000000000e+00,-1.718551688577183989e-01,-0.000000000000000000e+00
-0.000000000000000000e+00,2.349736262209841886e+00,-0.000000000000000000e+00,0.000000000000000000e+00,-0.000000000000000000e+00,-0.000000000000000000e+00,-0.000000000000000000e+00,3.178534884177748598e-02,-0.000000000000000000e+00,-4.388708735836093222e-01,-2.326228744069249454e-01,-2.236937590704358297e-02,0.000000000000000000e+00,-1.903597627628055566e-01,0.000000000000000000e+00,-1.307485414644799782e-01,-0.000000000000000000e+00,0.000000000000000000e+00,-0.000000000000000000e+00,0.000000000000000000e+00,-0.000000000000000000e+00,-0.000000000000000000e+00,-0.000000000000000000e+00,-0.000000000000000000e+00,-5.110901255463287662e-02,-0.000000000000000000e+00,-5.479493215688575614e-01,0.000000000000000000e+00,-0.000000000000000000e+00,-0.000000000000000000e+00,-1.588625776363446485e-01,-6.683082426497277684e-02,-2.034240158216896535e-02,-0.000000000000000000e+00,0.000000000000000000e+00,-0.000000000000000000e+00,-3.054430196084022553e-01,-0.000000000000000000e+00,-4.131117386632898736e-01
-0.000000000000000000e+00,-0.000000000000000000e+00,2.618943709432511646e+00,-0.000000000000000000e+00,-0.000000000000000000e+00,0.000000000000000000e+00,-3.046594395475123451e-01,1.077574532014075714e+00,-0.000000000000000000e+00,-0.000000000000000000e+00,-0.000000000000000000e+00,-0.000000000000000000e+00,4.209741927077173540e-01,-0.000000000000000000e+00,-0.000000000000000000e+00,-0.000000000000000000e+00,-0.000000000000000000e+00,-0.000000000000000000e+00,-4.115589949207717479e-01,0.000000000000000000e+00,0.000000000000000000e+00,-0.000000000000000000e+00,0.000000000000000000e+00,0.000000000000000000e+00,-0.000000000000000000e+00,-2.426889103714603424e-01,-5.676733672278694298e-01,-2.222751351856269431e-01,0.000000000000000000e+00,0.000000000000000000e+00,-0.000000000000000000e+00,0.000000000000000000e+00,-0.000000000000000000e+00,-0.000000000000000000e+00,0.000000000000000000e+00,-0.000000000000000000e+00,-0.000000000000000000e+00,-0.000000000000000000e+00,-0.000000000000000000e+00
0.000000000000000000e+00,0.000000000000000000e+00,-0.000000000000000000e+00,1.283818315827832679e+00,-0.000000000000000000e+00,0.000000000000000000e+00,-1.557751013345070601e-01,0.000000000000000000e+00,-0.000000000000000000e+00,0.000000000000000000e+00,0.000000000000000000e+00,0.000000000000000000e+00,-0.000000000000000000e+00,1.707192337508727734e-03,-0.000000000000000000e+00,0.000000000000000000e+00,0.000000000000000000e+00,-5.158785948477555561e-01,-4.312611094490636371e-02,-0.000000000000000000e+00,0.000000000000000000e+00,0.000000000000000000e+00,0.000000000000000000e+00,0.000000000000000000e+00,6.383278409121731500e-02,-0.000000000000000000e+00,0.000000000000000000e+00,-8.393294855965516277e-02,-0.000000000000000000e+00,-0.000000000000000000e+00,0.000000000000000000e+00,0.000000000000000000e+00,0.000000000000000000e+00,-0.000000000000000000e+00,-0.000000000000000000e+00,0.000000000000000000e+00,0.000000000000000000e+00,0.000000000000000000e+00,6.973870818378835254e-03
-0.000000000000000000e+00,-0.000000000000000000e+00,-0.000000000000000000e+00,-0.000000000000000000e+00,1.605839514424936443e+00,-0.000000000000000000e+00,-0.000000000000000000e+00,6.096467850324637228e-01,-9.151627712618815025e-02,-0.000000000000000000e+00,-0.000000000000000000e+00,-0.000000000000000000e+00,0.000000000000000000e+00,-1.717701175574874728e-01,0.000000000000000000e+00,-0.000000000000000000e+00,0.000000000000000000e+00,-0.000000000000000000e+00,-0.000000000000000000e+00,1.475757016018440504e-02,-0.000000000000000000e+00,0.000000000000000000e+00,-0.000000000000000000e+00,-0.000000000000000000e+00,-0.000000000000000000e+00,-0.000000000000000000e+00,-0.000000000000000000e+00,0.000000000000000000e+00,-0.000000000000000000e+00,-0.000000000000000000e+00,-0.000000000000000000e+00,-0.000000000000000000e+00,-0.000000000000000000e+00,-4.655988363271423847e-01,0.000000000000000000e+00,-0.000000000000000000e+00,-0.000000000000000000e+00,-0.000000000000000000e+00,-5.935869950002545248e-02
0.000000000000000000e+00,-0.000000000000000000e+00,0.000000000000000000e+00,0.000000000000000000e+00,-0.000000000000000000e+00,3.224915051051425952e+00,-0.000000000000000000e+00,0.000000000000000000e+00,0.000000000000000000e+00,-0.000000000000000000e+00,-1.613131158324618009e-01,-0.000000000000000000e+00,-3.529546219066834883e-02,-0.000000000000000000e+00,2.520914019801533956e-01,-0.000000000000000000e+00,-0.000000000000000000e+00,0.000000000000000000e+00,1.529839887995927683e-01,-0.000000000000000000e+00,-4.883020845504425500e-01,-0.000000000000000000e+00,-5.664670927777555598e-02,-5.931839621403501850e-01,-0.000000000000000000e+00,-0.000000000000000000e+00,-0.000000000000000000e+00,9.640823339771445108e-03,-4.567259133402547522e-01,-0.000000000000000000e+00,-2.027438044418713448e-01,-4.818556830556716131e-01,-1.275483764032246115e-01,0.000000000000000000e+00,-2.408538754574703622e-01,1.269787941827510702e-01,-2.527413515166780367e-01,0.000000000000000000e+00,-0.000000000000000000e+00
0.000000000000000000e+00,-0.000000000000000000e+00,-3.046594395475123451e-01,-1.557751013345070601e-01,-0.000000000000000000e+00,-0.000000000000000000e+00,1.336568695101198800e+00,5.217217116284208513e-03,-7.658482677568836938e-02,-0.000000000000000000e+00,-0.000000000000000000e+00,-0.000000000000000000e+00,0.000000000000000000e+00,-0.000000000000000000e+00,0.000000000000000000e+00,-0.000000000000000000e+00,0.000000000000000000e+00,0.000000000000000000e+00,-5.896591997084876802e-02,-0.000000000000000000e+00,-0.000000000000000000e+00,-3.373239980714786701e-01,-0.000000000000000000e+00,-0.000000000000000000e+00,-0.000000000000000000e+00,-0.000000000000000000e+00,-2.048965979077575078e-02,-0.000000000000000000e+00,-0.000000000000000000e+00,-0.000000000000000000e+00,-2.112031225601742612e-01,-0.000000000000000000e+00,-0.000000000000000000e+00,0.000000000000000000e+00,-0.000000000000000000e+00,0.000000000000000000e+00,-0.000000000000000000e+00,0.000000000000000000e+00,-0.000000000000000000e+00
0.000000000000000000e+00,3.178534884177748598e-02,1.077574532014075714e+00,0.000000000000000000e+00,6.096467850324637228e-01,0.000000000000000000e+00,5.217217116284208513e-03,2.431869719077663916e+00,6.582949966074565229e-02,0.000000000000000000e+00,0.000000000000000000e+00,0.000000000000000000e+00,-1.083003105967208501e-01,0.000000000000000000e+00,-0.000000000000000000e+00,0.000000000000000000e+00,0.000000000000000000e+00,0.000000000000000000e+00,0.000000000000000000e+00,-0.000000000000000000e+00,0.000000000000000000e+00,0.000000000000000000e+00,0.000000000000000000e+00,0.000000000000000000e+00,0.000000000000000000e+00,0.000000000000000000e+00,3.632831434832775042e-01,0.000000000000000000e+00,-0.000000000000000000e+00,0.000000000000000000e+00,2.358862558956018873e-01,0.000000000000000000e+00,1.084706304987735626e-01,0.000000000000000000e+00,-0.000000000000000000e+00,0.000000000000000000e+00,0.000000000000000000e+00,0.000000000000000000e+00,0.000000000000000000e+00
-2.123773799416526220e-01,-0.000000000000000000e+00,-0.000000000000000000e+00,-0.000000000000000000e+00,-9.151627712618815025e-02,0.000000000000000000e+00,-7.658482677568836938e-02,6.582949966074565229e-02,1.711462710784306118e+00,-0.000000000000000000e+00,0.000000000000000000e+00,-0.000000000000000000e+00,0.000000000000000000e+00,-1.497119645896585749e-01,-0.000000000000000000e+00,-4.595412693479007660e-02,0.000000000000000000e+00,-0.000000000000000000e+00,-1.666901778971716375e-01,-0.000000000000000000e+00,0.000000000000000000e+00,-0.000000000000000000e+00,-0.000000000000000000e+00,0.000000000000000000e+00,0.000000000000000000e+00,-5.451994645796225114e-02,-0.000000000000000000e+00,0.000000000000000000e+00,-0.000000000000000000e+00,-4.833716812535716612e-01,-0.000000000000000000e+00,-0.000000000000000000e+00,0.000000000000000000e+00,-1.296855890189524407e-01,-0.000000000000000000e+00,-1.861725026056195720e-01,-0.000000000000000000e+00,-0.000000000000000000e+00,-2.261696323894923644e-01
-0.000000000000000000e+00,-4.388708735836093222e-01,-0.000000000000000000e+00,0.000000000000000000e+00,-0.000000000000000000e+00,-0.000000000000000000e+00,-0.000000000000000000e+00,0.000000000000000000e+00,-0.000000000000000000e+00,2.950942256424011756e+00,-0.000000000000000000e+00,-5.453967661598542460e-02,0.000000000000000000e+00,-2.978477974896043268e-01,0.000000000000000000e+00,-1.044097390399571834e+00,0.000000000000000000e+00,0.000000000000000000e+00,-0.000000000000000000e+00,0.000000000000000000e+00,-0.000000000000000000e+00,0.000000000000000000e+00,-5.135450308546547493e-01,-9.092571928149772997e-02,-6.513933287346076462e-01,0.000000000000000000e+00,-0.000000000000000000e+00,0.000000000000000000e+00,-0.000000000000000000e+00,-0.000000000000000000e+00,-0.000000000000000000e+00,-0.000000000000000000e+00,-0.000000000000000000e+00,-0.000000000000000000e+00,0.000000000000000000e+00,-0.000000000000000000e+00,-0.000000000000000000e+00,0.000000000000000000e+00,-5.133847377929935674e-02
0.000000000000000000e+00,-2.326228744069249454e-01,-0.000000000000000000e+00,0.000000000000000000e+00,-0.000000000000000000e+00,-1.613131158324618009e-01,-0.000000000000000000e+00,0.000000000000000000e+00,0.000000000000000000e+00,-0.000000000000000000e+00,2.845032781633969332e+00,-0.000000000000000000e+00,0.000000000000000000e+00,-0.000000000000000000e+00,3.048726188053209607e-01,-0.000000000000000000e+00,-1.816162931455974905e-01,3.704776123648228503e-01,0.000000000000000000e+00,-0.000000000000000000e+00,-7.602188116332056489e-02,-2.560678277412756915e-02,-0.000000000000000000e+00,-1.694330045076532232e-01,-0.000000000000000000e+00,-0.000000000000000000e+00,-1.058050201853660000e-01,0.000000000000000000e+00,-0.000000000000000000e+00,0.000000000000000000e+00,-1.631929026256630499e-01,-0.000000000000000000e+00,-7.745823324073196625e-01,3.179087887101600222e-03,-0.000000000000000000e+00,2.549479211086466343e-02,-6.017377661323469740e-01,0.000000000000000000e+00,-0.000000000000000000e+00
-0.000000000000000000e+00,-2.236937590704358297e-02,-0.000000000000000000e+00,0.000000000000000000e+00,-0.000000000000000000e+00,-0.000000000000000000e+00,-0.000000000000000000e+00,0.000000000000000000e+00,-0.000000000000000000e+00,-5.453967661598542460e-02,-0.000000000000000000e+00,2.107458012390530655e+00,0.000000000000000000e+00,-0.000000000000000000e+00,-0.000000000000000000e+00,-1.857642859772141164e-01,0.000000000000000000e+00,0.000000000000000000e+00,-7.957874892478945328e-04,1.340309089721036795e-01,-0.000000000000000000e+00,0.000000000000000000e+00,-0.000000000000000000e+00,-0.000000000000000000e+00,-0.000000000000000000e+00,1.956552393401284895e-01,-1.247262196034991666e-01,1.815283794917754712e-01,0.000000000000000000e+00,-0.000000000000000000e+00,-0.000000000000000000e+00,-0.000000000000000000e+00,-0.000000000000000000e+00,-3.763931070505351917e-01,1.220844667526742875e-03,-6.725301578822844017e-02,-0.000000000000000000e+00,-0.000000000000000000e+00,-1.006003452998308401e+00
0.000000000000000000e+00,0.000000000000000000e+00,4.209741927077173540e-01,-0.000000000000000000e+00,0.000000000000000000e+00,-3.529546219066834883e-02,0.000000000000000000e+00,-1.083003105967208501e-01,0.000000000000000000e+00,0.000000000000000000e+00,0.000000000000000000e+00,0.000000000000000000e+00,1.360245607664994472e+00,-0.000000000000000000e+00,0.000000000000000000e+00,0.000000000000000000e+00,-0.000000000000000000e+00,-0.000000000000000000e+00,1.467711296705749013e-01,-1.009184426592041328e-01,-0.000000000000000000e+00,-0.000000000000000000e+00,0.000000000000000000e+00,-0.000000000000000000e+00,0.000000000000000000e+00,0.000000000000000000e+00,8.970141783854990170e-02,0.000000000000000000e+00,-1.037617910855469922e-01,0.000000000000000000e+00,0.000000000000000000e+00,-3.776927887665725708e-02,0.000000000000000000e+00,4.922033044364624438e-02,-1.372991767849296961e-02,0.000000000000000000e+00,-0.000000000000000000e+00,0.000000000000000000e+00,0.000000000000000000e+00
-0.000000000000000000e+00,-1.903597627628055566e-01,-0.000000000000000000e+00,1.707192337508727734e-03,-1.717701175574874728e-01,-0.000000000000000000e+00,-0.000000000000000000e+00,0.000000000000000000e+00,-1.497119645896585749e-01,-2.978477974896043268e-01,-0.000000000000000000e+00,-0.000000000000000000e+00,-0.000000000000000000e+00,2.004371272534535287e+00,0.000000000000000000e+00,-8.970315523963647009e-02,-0.000000000000000000e+00,0.000000000000000000e+00,0.000000000000000000e+00,0.000000000000000000e+00,-2.875141333214126932e-02,-0.000000000000000000e+00,-1.718239038816495867e-01,-5.693136369647697898e-02,-0.000000000000000000e+00,-0.000000000000000000e+00,-0.000000000000000000e+00,0.000000000000000000e+00,-7.151745121434824326e-02,-9.318891378992862073e-02,-4.441988764243605115e-01,-2.710793188099729911e-01,-0.000000000000000000e+00,-0.000000000000000000e+00,-0.000000000000000000e+00,-0.000000000000000000e+00,-5.372882781224220562e-03,0.000000000000000000e+00,-7.154245377486415092e-02
-3.953577489280714341e-02,0.000000000000000000e+00,-0.000000000000000000e+00,-0.000000000000000000e+00,0.000000000000000000e+00,2.520914019801533956e-01,0.000000000000000000e+00,-0.000000000000000000e+00,-0.000000000000000000e+00,0.000000000000000000e+00,3.048726188053209607e-01,-0.000000000000000000e+00,0.000000000000000000e+00,0.000000000000000000e+00,1.949670368279248001e+00,-0.000000000000000000e+00,0.000000000000000000e+00,-1.443553108731829571e-01,-4.440336021481505399e-03,0.000000000000000000e+00,3.536853397270492416e-01,0.000000000000000000e+00,0.000000000000000000e+00,0.000000000000000000e+00,0.000000000000000000e+00,-0.000000000000000000e+00,0.000000000000000000e+00,-1.396881058332619385e-01,0.000000000000000000e+00,-0.000000000000000000e+00,7.402542498901812373e-02,1.368107991076111529e-01,0.000000000000000000e+00,-6.706193390452913627e-02,0.000000000000000000e+00,-0.000000000000000000e+00,1.076028778511356615e-01,-3.700583577570878968e-01,0.000000000000000000e+00
-3.250481798646962517e-01,-1.307485414644799782e-01,-0.000000000000000000e+00,0.000000000000000000e+00,-0.000000000000000000e+00,-0.000000000000000000e+00,-0.000000000000000000e+00,0.000000000000000000e+00,-4.595412693479007660e-02,-1.044097390399571834e+00,-0.000000000000000000e+00,-1.857642859772141164e-01,0.000000000000000000e+00,-8.970315523963647009e-02,-0.000000000000000000e+00,2.422288704781368374e+00,0.000000000000000000e+00,0.000000000000000000e+00,-0.000000000000000000e+00,0.000000000000000000e+00,-0.000000000000000000e+00,0.000000000000000000e+00,-0.000000000000000000e+00,-0.000000000000000000e+00,-0.000000000000000000e+00,0.000000000000000000e+00,-0.000000000000000000e+00,0.000000000000000000e+00,-0.000000000000000000e+00,-6.237790336839722505e-01,-2.119000388463391713e-02,-0.000000000000000000e+00,-0.000000000000000000e+00,-5.632094083853998734e-02,-0.000000000000000000e+00,-0.000000000000000000e+00,-0.000000000000000000e+00,0.000000000000000000e+00,-7.389108806269524543e-02
-0.000000000000000000e+00,-0.000000000000000000e+00,-0.000000000000000000e+00,0.000000000000000000e+00,0.000000000000000000e+00,-0.000000000000000000e+00,0.000000000000000000e+00,0.000000000000000000e+00,0.000000000000000000e+00,0.000000000000000000e+00,-1.816162931455974905e-01,0.000000000000000000e+00,-0.000000000000000000e+00,-0.000000000000000000e+00,0.000000000000000000e+00,0.000000000000000000e+00,1.089441104868534849e+00,0.000000000000000000e+00,0.000000000000000000e+00,0.000000000000000000e+00,0.000000000000000000e+00,-3.326196218834342327e-02,-0.000000000000000000e+00,-0.000000000000000000e+00,-0.000000000000000000e+00,-0.000000000000000000e+00,-1.654592433171812038e-01,-2.727801067141041175e-02,0.000000000000000000e+00,3.954547148612488211e-02,0.000000000000000000e+00,-0.000000000000000000e+00,-4.011606986128722976e-03,9.794864480796600104e-02,0.000000000000000000e+00,0.000000000000000000e+00,-0.000000000000000000e+00,-2.558543324520299103e-02,0.000000000000000000e+00
-0.000000000000000000e+00,0.000000000000000000e+00,-0.000000000000000000e+00,-5.158785948477555561e-01,-0.000000000000000000e+00,0.000000000000000000e+00,0.000000000000000000e+00,0.000000000000000000e+00,-0.000000000000000000e+00,0.000000000000000000e+00,3.704776123648228503e-01,0.000000000000000000e+00,-0.000000000000000000e+00,0.000000000000000000e+00,-1.443553108731829571e-01,0.000000000000000000e+00,0.000000000000000000e+00,1.975600083154298803e+00,-4.641023291222886593e-01,0.000000000000000000e+00,3.191909275943678459e-01,0.000000000000000000e+00,0.000000000000000000e+00,0.000000000000000000e+00,0.000000000000000000e+00,-0.000000000000000000e+00,0.000000000000000000e+00,-4.408817511548138168e-02,0.000000000000000000e+00,-0.000000000000000000e+00,0.000000000000000000e+00,0.000000000000000000e+00,0.000000000000000000e+00,-1.366155095946152698e-01,0.000000000000000000e+00,-0.000000000000000000e+00,1.076277644359655006e-01,-0.000000000000000000e+00,0.000000000000000000e+00
-0.000000000000000000e+00,-0.000000000000000000e+00,-4.115589949207717479e-01,-4.312611094490636371e-02,-0.000000000000000000e+00,1.529839887995927683e-01,-5.896591997084876802e-02,0.000000000000000000e+00,-1.666901778971716375e-01,-0.000000000000000000e+00,0.000000000000000000e+00,-7.957874892478945328e-04,1.467711296705749013e-01,0.000000000000000000e+00,-4.440336021481505399e-03,-0.000000000000000000e+00,0.000000000000000000e+00,-4.641023291222886593e-01,1.887092992723788276e+00,0.000000000000000000e+00,2.212315693910249792e-01,0.000000000000000000e+00,0.000000000000000000e+00,0.000000000000000000e+00,-0.000000000000000000e+00,-0.000000000000000000e+00,-1.298984638165073813e-01,-0.000000000000000000e+00,0.000000000000000000e+00,-0.000000000000000000e+00,0.000000000000000000e+00,0.000000000000000000e+00,0.000000000000000000e+00,-2.593456597742488379e-01,2.354718492686153908e-01,-3.720160153789372343e-02,0.000000000000000000e+00,-0.000000000000000000e+00,-0.000000000000000000e+00
0.000000000000000000e+00,0.000000000000000000e+00,0.000000000000000000e+00,-0.000000000000000000e+00,1.475757016018440504e-02,-0.000000000000000000e+00,-0.000000000000000000e+00,-0.000000000000000000e+00,-0.000000000000000000e+00,0.000000000000000000e+00,-0.000000000000000000e+00,1.340309089721036795e-01,-1.009184426592041328e-01,0.000000000000000000e+00,0.000000000000000000e+00,0.000000000000000000e+00,0.000000000000000000e+00,0.000000000000000000e+00,0.000000000000000000e+00,1.471293579169295374e+00,-0.000000000000000000e+00,-3.393965528945283583e-01,0.000000000000000000e+00,-0.000000000000000000e+00,0.000000000000000000e+00,-8.851869364537057194e-02,0.000000000000000000e+00,-0.000000000000000000e+00,-0.000000000000000000e+00,-0.000000000000000000e+00,-0.000000000000000000e+00,-0.000000000000000000e+00,-0.000000000000000000e+00,1.396374820756138280e-01,-3.263851101268552268e-01,2.235873823365542301e-01,-0.000000000000000000e+00,4.033016268992448139e-02,2.261241267544135750e-02
-0.000000000000000000e+00,-0.000000000000000000e+00,0.000000000000000000e+00,0.000000000000000000e+00,-0.000000000000000000e+00,-4.883020845504425500e-01,-0.000000000000000000e+00,0.000000000000000000e+00,0.000000000000000000e+00,-0.000000000000000000e+00,-7.602188116332056489e-02,-0.000000000000000000e+00,-0.000000000000000000e+00,-2.875141333214126932e-02,3.536853397270492416e-01,-0.000000000000000000e+00,0.000000000000000000e+00,3.191909275943678459e-01,2.212315693910249792e-01,-0.000000000000000000e+00,2.574743652594840171e+00,-0.000000000000000000e+00,-0.000000000000000000e+00,-9.490580623352481981e-02,-0.000000000000000000e+00,0.000000000000000000e+00,-0.000000000000000000e+00,4.264791940037521156e-01,-4.576772667712722398e-01,-0.000000000000000000e+00,-2.811471215266461710e-01,-4.195333209404026459e-02,-0.000000000000000000e+00,0.000000000000000000e+00,-0.000000000000000000e+00,0.000000000000000000e+00,-7.442165354792608378e-02,0.000000000000000000e+00,-0.000000000000000000e+00
0.000000000000000000e+00,-0.000000000000000000e+00,-0.000000000000000000e+00,0.000000000000000000e+00,0.000000000000000000e+00,-0.000000000000000000e+00,-3.373239980714786701e-01,0.000000000000000000e+00,-0.000000000000000000e+00,0.000000000000000000e+00,-2.560678277412756915e-02,0.000000000000000000e+00,-0.000000000000000000e+00,-0.000000000000000000e+00,0.000000000000000000e+00,0.000000000000000000e+00,-3.326196218834342327e-02,0.000000000000000000e+00,0.000000000000000000e+00,-3.393965528945283583e-01,-0.000000000000000000e+00,1.790056152901816633e+00,0.000000000000000000e+00,-0.000000000000000000e+00,0.000000000000000000e+00,-6.689169709290027077e-02,-5.945252166620185880e-02,-0.000000000000000000e+00,-1.184323376982846371e-01,0.000000000000000000e+00,-9.486831455049556105e-02,-0.000000000000000000e+00,-4.038232217877447683e-01,9.141607879564769834e-02,-0.000000000000000000e+00,0.000000000000000000e+00,-3.332144611301128823e-01,0.000000000000000000e+00,0.000000000000000000e+00
0.000000000000000000e+00,-0.000000000000000000e+00,0.000000000000000000e+00,0.000000000000000000e+00,-0.000000000000000000e+00,-5.664670927777555598e-02,-0.000000000000000000e+00,0.000000000000000000e+00,-0.000000000000000000e+00,-5.135450308546547493e-01,-0.000000000000000000e+00,-0.000000000000000000e+00,0.000000000000000000e+00,-1.718239038816495867e-01,0.000000000000000000e+00,-0.000000000000000000e+00,-0.000000000000000000e+00,0.000000000000000000e+00,0.000000000000000000e+00,0.000000000000000000e+00,-0.000000000000000000e+00,0.000000000000000000e+00,2.804202577864034485e+00,-7.319184859785110575e-01,-1.055634400906915626e+00,0.000000000000000000e+00,-0.000000000000000000e+00,0.000000000000000000e+00,-0.000000000000000000e+00,-0.000000000000000000e+00,-0.000000000000000000e+00,-1.514489381188750816e-01,-6.286951774508772739e-02,-0.000000000000000000e+00,-0.000000000000000000e+00,0.000000000000000000e+00,-0.000000000000000000e+00,0.000000000000000000e+00,-0.000000000000000000e+00
0.000000000000000000e+00,-0.000000000000000000e+00,0.000000000000000000e+00,0.000000000000000000e+00,-0.000000000000000000e+00,-5.931839621403501850e-01,-0.000000000000000000e+00,0.000000000000000000e+00,0.000000000000000000e+00,-9.092571928149772997e-02,-1.694330045076532232e-01,-0.000000000000000000e+00,-0.000000000000000000e+00,-5.693136369647697898e-02,0.000000000000000000e+00,-0.000000000000000000e+00,-0.000000000000000000e+00,0.000000000000000000e+00,0.000000000000000000e+00,-0.000000000000000000e+00,-9.490580623352481981e-02,-0.000000000000000000e+00,-7.319184859785110575e-01,2.980908100368383273e+00,-2.813537186247161426e-01,-0.000000000000000000e+00,-0.000000000000000000e+00,0.000000000000000000e+00,-0.000000000000000000e+00,-0.000000000000000000e+00,-3.148288396253685062e-01,-3.356009647469129220e-01,-2.225554895542566636e-01,0.000000000000000000e+00,-1.207704715619362448e-02,1.499131369165848660e-01,-1.463651301581517516e-01,4.356200660423758392e-02,-0.000000000000000000e+00
-0.000000000000000000e+00,-5.110901255463287662e-02,-0.000000000000000000e+00,6.383278409121731500e-02,-0.000000000000000000e+00,-0.000000000000000000e+00,-0.000000000000000000e+00,0.000000000000000000e+00,0.000000000000000000e+00,-6.513933287346076462e-01,-0.000000000000000000e+00,-0.000000000000000000e+00,0.000000000000000000e+00,-0.000000000000000000e+00,0.000000000000000000e+00,-0.000000000000000000e+00,-0.000000000000000000e+00,0.000000000000000000e+00,-0.000000000000000000e+00,0.000000000000000000e+00,-0.000000000000000000e+00,0.000000000000000000e+00,-1.055634400906915626e+00,-2.813537186247161426e-01,2.392739810154197233e+00,0.000000000000000000e+00,-0.000000000000000000e+00,0.000000000000000000e+00,0.000000000000000000e+00,-0.000000000000000000e+00,-0.000000000000000000e+00,-0.000000000000000000e+00,-4.886145321061199920e-02,-0.000000000000000000e+00,0.000000000000000000e+00,0.000000000000000000e+00,-0.000000000000000000e+00,0.000000000000000000e+00,-0.000000000000000000e+00
-0.000000000000000000e+00,-0.000000000000000000e+00,-2.426889103714603424e-01,-0.000000000000000000e+00,-0.000000000000000000e+00,-0.000000000000000000e+00,-0.000000000000000000e+00,0.000000000000000000e+00,-5.451994645796225114e-02,0.000000000000000000e+00,-0.000000000000000000e+00,1.956552393401284895e-01,0.000000000000000000e+00,-0.000000000000000000e+00,-0.000000000000000000e+00,0.000000000000000000e+00,-0.000000000000000000e+00,-0.000000000000000000e+00,-0.000000000000000000e+00,-8.851869364537057194e-02,0.000000000000000000e+00,-6.689169709290027077e-02,0.000000000000000000e+00,-0.000000000000000000e+00,0.000000000000000000e+00,1.305311547159817787e+00,-0.000000000000000000e+00,-4.127897320182755680e-01,-0.000000000000000000e+00,-0.000000000000000000e+00,-0.000000000000000000e+00,0.000000000000000000e+00,-9.984775805568797680e-02,0.000000000000000000e+00,-1.620118450693191214e-01,0.000000000000000000e+00,0.000000000000000000e+00,-0.000000000000000000e+00,0.000000000000000000e+00
-0.000000000000000000e+00,-5.479493215688575614e-01,-5.676733672278694298e-01,0.000000000000000000e+00,-0.000000000000000000e+00,-0.000000000000000000e+00,-2.048965979077575078e-02,3.632831434832775042e-01,-0.000000000000000000e+00,-0.000000000000000000e+00,-1.058050201853660000e-01,-1.247262196034991666e-01,8.970141783854990170e-02,-0.000000000000000000e+00,0.000000000000000000e+00,-0.000000000000000000e+00,-1.654592433171812038e-01,0.000000000000000000e+00,-1.298984638165073813e-01,0.000000000000000000e+00,-0.000000000000000000e+00,-5.945252166620185880e-02,-0.000000000000000000e+00,-0.000000000000000000e+00,-0.000000000000000000e+00,-0.000000000000000000e+00,2.092718125218910430e+00,-0.000000000000000000e+00,0.000000000000000000e+00,0.000000000000000000e+00,-0.000000000000000000e+00,-0.000000000000000000e+00,-1.855509873877917992e-01,0.000000000000000000e+00,0.000000000000000000e+00,-0.000000000000000000e+00,-0.000000000000000000e+00,-0.000000000000000000e+00,-6.425008141185442612e-02
-0.000000000000000000e+00,0.000000000000000000e+00,-2.222751351856269431e-01,-8.393294855965516277e-02,0.000000000000000000e+00,9.640823339771445108e-03,-0.000000000000000000e+00,0.000000000000000000e+00,0.000000000000000000e+00,0.000000000000000000e+00,0.000000000000000000e+00,1.815283794917754712e-01,0.000000000000000000e+00,0.000000000000000000e+00,-1.396881058332619385e-01,0.000000000000000000e+00,-2.727801067141041175e-02,-4.408817511548138168e-02,-0.000000000000000000e+00,-0.000000000000000000e+00,4.264791940037521156e-01,-0.000000000000000000e+00,0.000000000000000000e+00,0.000000000000000000e+00,0.000000000000000000e+00,-4.127897320182755680e-01,-0.000000000000000000e+00,1.558074523758334218e+00,4.425982686542351968e-02,0.000000000000000000e+00,0.000000000000000000e+00,0.000000000000000000e+00,0.000000000000000000e+00,0.000000000000000000e+00,0.000000000000000000e+00,0.000000000000000000e+00,0.000000000000000000e+00,-0.000000000000000000e+00,2.399735573697562019e-01
-0.000000000000000000e+00,-0.000000000000000000e+00,0.000000000000000000e+00,-0.000000000000000000e+00,-0.000000000000000000e+00,-4.567259133402547522e-01,-0.000000000000000000e+00,-0.000000000000000000e+00,-0.000000000000000000e+00,-0.000000000000000000e+00,-0.000000000000000000e+00,0.000000000000000000e+00,-1.037617910855469922e-01,-7.151745121434824326e-02,0.000000000000000000e+00,-0.000000000000000000e+00,0.000000000000000000e+00,0.000000000000000000e+00,0.000000000000000000e+00,-0.000000000000000000e+00,-4.576772667712722398e-01,-1.184323376982846371e-01,-0.000000000000000000e+00,-0.000000000000000000e+00,0.000000000000000000e+00,-0.000000000000000000e+00,0.000000000000000000e+00,4.425982686542351968e-02,2.651810639857394847e+00,-8.126500346623570514e-02,-3.186244254760741135e-01,-0.000000000000000000e+00,-0.000000000000000000e+00,0.000000000000000000e+00,-1.122767781064985870e+00,0.000000000000000000e+00,-0.000000000000000000e+00,0.000000000000000000e+00,-0.000000000000000000e+00
-1.600047306061928298e-01,-0.000000000000000000e+00,0.000000000000000000e+00,-0.000000000000000000e+00,-0.000000000000000000e+00,-0.000000000000000000e+00,-0.000000000000000000e+00,0.000000000000000000e+00,-4.833716812535716612e-01,-0.000000000000000000e+00,0.000000000000000000e+00,-0.000000000000000000e+00,0.000000000000000000e+00,-9.318891378992862073e-02,-0.000000000000000000e+00,-6.237790336839722505e-01,3.954547148612488211e-02,-0.000000000000000000e+00,-0.000000000000000000e+00,-0.000000000000000000e+00,-0.000000000000000000e+00,0.000000000000000000e+00,-0.000000000000000000e+00,-0.000000000000000000e+00,-0.000000000000000000e+00,-0.000000000000000000e+00,0.000000000000000000e+00,0.000000000000000000e+00,-8.126500346623570514e-02,1.757930561695608018e+00,-0.000000000000000000e+00,-0.000000000000000000e+00,-0.000000000000000000e+00,-0.000000000000000000e+00,-2.914257350761905244e-02,-1.835122892378363013e-01,0.000000000000000000e+00,0.000000000000000000e+00,-0.000000000000000000e+00
-0.000000000000000000e+00,-1.588625776363446485e-01,-0.000000000000000000e+00,0.000000000000000000e+00,-0.000000000000000000e+00,-2.027438044418713448e-01,-2.112031225601742612e-01,2.358862558956018873e-01,-0.000000000000000000e+00,-0.000000000000000000e+00,-1.631929026256630499e-01,-0.000000000000000000e+00,0.000000000000000000e+00,-4.441988764243605115e-01,7.402542498901812373e-02,-2.119000388463391713e-02,0.000000000000000000e+00,0.000000000000000000e+00,0.000000000000000000e+00,-0.000000000000000000e+00,-2.811471215266461710e-01,-9.486831455049556105e-02,-0.000000000000000000e+00,-3.148288396253685062e-01,-0.000000000000000000e+00,-0.000000000000000000e+00,-0.000000000000000000e+00,0.000000000000000000e+00,-3.186244254760741135e-01,-0.000000000000000000e+00,2.653229857507016121e+00,-0.000000000000000000e+00,-4.003044985056936622e-01,-0.000000000000000000e+00,-4.459433802330049768e-02,0.000000000000000000e+00,-8.354241709427788487e-02,0.000000000000000000e+00,-8.762981474863477949e-03
0.000000000000000000e+00,-6.683082426497277684e-02,0.000000000000000000e+00,0.000000000000000000e+00,-0.000000000000000000e+00,-4.818556830556716131e-01,-0.000000000000000000e+00,0.000000000000000000e+00,-0.000000000000000000e+00,-0.000000000000000000e+00,-0.000000000000000000e+00,-0.000000000000000000e+00,-3.776927887665725708e-02,-2.710793188099729911e-01,1.368107991076111529e-01,-0.000000000000000000e+00,-0.000000000000000000e+00,0.000000000000000000e+00,0.000000000000000000e+00,-0.000000000000000000e+00,-4.195333209404026459e-02,-0.000000000000000000e+00,-1.514489381188750816e-01,-3.356009647469129220e-01,-0.000000000000000000e+00,0.000000000000000000e+00,-0.000000000000000000e+00,0.000000000000000000e+00,-0.000000000000000000e+00,-0.000000000000000000e+00,-0.000000000000000000e+00,2.614994218507465273e+00,-0.000000000000000000e+00,0.000000000000000000e+00,-0.000000000000000000e+00,0.000000000000000000e+00,-1.024651571443968123e+00,0.000000000000000000e+00,-0.000000000000000000e+00
0.000000000000000000e+00,-2.034240158216896535e-02,-0.000000000000000000e+00,0.000000000000000000e+00,-0.000000000000000000e+00,-1.275483764032246115e-01,-0.000000000000000000e+00,1.084706304987735626e-01,0.000000000000000000e+00,-0.000000000000000000e+00,-7.745823324073196625e-01,-0.000000000000000000e+00,0.000000000000000000e+00,-0.000000000000000000e+00,0.000000000000000000e+00,-0.000000000000000000e+00,-4.011606986128722976e-03,0.000000000000000000e+00,0.000000000000000000e+00,-0.000000000000000000e+00,-0.000000000000000000e+00,-4.038232217877447683e-01,-6.286951774508772739e-02,-2.225554895542566636e-01,-4.886145321061199920e-02,-9.984775805568797680e-02,-1.855509873877917992e-01,0.000000000000000000e+00,-0.000000000000000000e+00,-0.000000000000000000e+00,-4.003044985056936622e-01,-0.000000000000000000e+00,2.402114560897739004e+00,0.000000000000000000e+00,-0.000000000000000000e+00,1.416880006604233355e-01,-0.000000000000000000e+00,0.000000000000000000e+00,-0.000000000000000000e+00
-5.911278812717536690e-02,-0.000000000000000000e+00,-0.000000000000000000e+00,-0.000000000000000000e+00,-4.655988363271423847e-01,0.000000000000000000e+00,0.000000000000000000e+00,0.000000000000000000e+00,-1.296855890189524407e-01,-0.000000000000000000e+00,3.179087887101600222e-03,-3.763931070505351917e-01,4.922033044364624438e-02,-0.000000000000000000e+00,-6.706193390452913627e-02,-5.632094083853998734e-02,9.794864480796600104e-02,-1.366155095946152698e-01,-2.593456597742488379e-01,1.396374820756138280e-01,0.000000000000000000e+00,9.141607879564769834e-02,-0.000000000000000000e+00,0.000000000000000000e+00,-0.000000000000000000e+00,0.000000000000000000e+00,0.000000000000000000e+00,0.000000000000000000e+00,0.000000000000000000e+00,-0.000000000000000000e+00,-0.000000000000000000e+00,0.000000000000000000e+00,0.000000000000000000e+00,1.921731649096429795e+00,0.000000000000000000e+00,-3.180037591595386015e-01,1.457952596241798293e-01,-7.611994106960894013e-02,-6.474515448842392551e-02
0.000000000000000000e+00,0.000000000000000000e+00,0.000000000000000000e+00,-0.000000000000000000e+00,0.000000000000000000e+00,-2.408538754574703622e-01,-0.000000000000000000e+00,-0.000000000000000000e+00,-0.000000000000000000e+00,0.000000000000000000e+00,-0.000000000000000000e+00,1.220844667526742875e-03,-1.372991767849296961e-02,-0.000000000000000000e+00,0.000000000000000000e+00,-0.000000000000000000e+00,0.000000000000000000e+00,0.000000000000000000e+00,2.354718492686153908e-01,-3.263851101268552268e-01,-0.000000000000000000e+00,-0.000000000000000000e+00,-0.000000000000000000e+00,-1.207704715619362448e-02,0.000000000000000000e+00,-1.620118450693191214e-01,0.000000000000000000e+00,0.000000000000000000e+00,-1.122767781064985870e+00,-2.914257350761905244e-02,-4.459433802330049768e-02,-0.000000000000000000e+00,-0.000000000000000000e+00,0.000000000000000000e+00,2.281423622697446252e+00,0.000000000000000000e+00,-0.000000000000000000e+00,2.521212558560569916e-01,0.000000000000000000e+00
-3.732363984728315764e-01,-0.000000000000000000e+00,-0.000000000000000000e+00,0.000000000000000000e+00,-0.000000000000000000e+00,1.269787941827510702e-01,0.000000000000000000e+00,0.000000000000000000e+00,-1.861725026056195720e-01,-0.000000000000000000e+00,2.549479211086466343e-02,-6.725301578822844017e-02,0.000000000000000000e+00,-0.000000000000000000e+00,-0.000000000000000000e+00,-0.000000000000000000e+00,0.000000000000000000e+00,-0.000000000000000000e+00,-3.720160153789372343e-02,2.235873823365542301e-01,0.000000000000000000e+00,0.000000000000000000e+00,0.000000000000000000e+00,1.499131369165848660e-01,0.000000000000000000e+00,0.000000000000000000e+00,-0.000000000000000000e+00,0.000000000000000000e+00,0.000000000000000000e+00,-1.835122892378363013e-01,0.000000000000000000e+00,0.000000000000000000e+00,1.416880006604233355e-01,-3.180037591595386015e-01,0.000000000000000000e+00,1.701961745381564306e+00,0.000000000000000000e+00,-7.852444190801829982e-02,-7.002810226901437507e-02
0.000000000000000000e+00,-3.054430196084022553e-01,-0.000000000000000000e+00,0.000000000000000000e+00,-0.000000000000000000e+00,-2.527413515166780367e-01,-0.000000000000000000e+00,0.000000000000000000e+00,-0.000000000000000000e+00,-0.000000000000000000e+00,-6.017377661323469740e-01,-0.000000000000000000e+00,-0.000000000000000000e+00,-5.372882781224220562e-03,1.076028778511356615e-01,-0.000000000000000000e+00,-0.000000000000000000e+00,1.076277644359655006e-01,0.000000000000000000e+00,-0.000000000000000000e+00,-7.442165354792608378e-02,-3.332144611301128823e-01,-0.000000000000000000e+00,-1.463651301581517516e-01,-0.000000000000000000e+00,0.000000000000000000e+00,-0.000000000000000000e+00,0.000000000000000000e+00,-0.000000000000000000e+00,0.000000000000000000e+00,-8.354241709427788487e-02,-1.024651571443968123e+00,-0.000000000000000000e+00,1.457952596241798293e-01,-0.000000000000000000e+00,0.000000000000000000e+00,2.959309567108824535e+00,0.000000000000000000e+00,-0.000000000000000000e+00
-1.718551688577183989e-01,-0.000000000000000000e+00,-0.000000000000000000e+00,0.000000000000000000e+00,-0.000000000000000000e+00,0.000000000000000000e+00,0.000000000000000000e+00,0.000000000000000000e+00,-0.000000000000000000e+00,0.000000000000000000e+00,0.000000000000000000e+00,-0.000000000000000000e+00,0.000000000000000000e+00,0.000000000000000000e+00,-3.700583577570878968e-01,0.000000000000000000e+00,-2.558543324520299103e-02,-0.000000000000000000e+00,-0.000000000000000000e+00,4.033016268992448139e-02,0.000000000000000000e+00,0.000000000000000000e+00,0.000000000000000000e+00,4.356200660423758392e-02,0.000000000000000000e+00,-0.000000000000000000e+00,-0.000000000000000000e+00,-0.000000000000000000e+00,0.000000000000000000e+00,0.000000000000000000e+00,0.000000000000000000e+00,0.000000000000000000e+00,0.000000000000000000e+00,-7.611994106960894013e-02,2.521212558560569916e-01,-7.852444190801829982e-02,0.000000000000000000e+00,1.398833224532308295e+00,-2.369637223886122690e-01
-0.000000000000000000e+00,-4.131117386632898736e-01,-0.000000000000000000e+00,6.973870818378835254e-03,-5.935869950002545248e-02,-0.000000000000000000e+00,-0.000000000000000000e+00,0.000000000000000000e+00,-2.261696323894923644e-01,-5.133847377929935674e-02,-0.000000000000000000e+00,-1.006003452998308401e+00,0.000000000000000000e+00,-7.154245377486415092e-02,0.000000000000000000e+00,-7.389108806269524543e-02,0.000000000000000000e+00,0.000000000000000000e+00,-0.000000000000000000e+00,2.261241267544135750e-02,-0.000000000000000000e+00,0.000000000000000000e+00,-0.000000000000000000e+00,-0.000000000000000000e+00,-0.000000000000000000e+00,0.000000000000000000e+00,-6.425008141185442612e-02,2.399735573697562019e-01,-0.000000000000000000e+00,-0.000000000000000000e+00,-8.762981474863477949e-03,-0.000000000000000000e+00,-0.000000000000000000e+00,-6.474515448842392551e-02,0.000000000000000000e+00,-7.002810226901437507e-02,-0.000000000000000000e+00,-2.369637223886122690e-01,2.236603292491936568e+00
