2.344134197834775613e+00,-5.762033098664397501e-01,-5.115112780244455287e-02,0.000000000000000000e+00,-0.000000000000000000e+00,-0.000000000000000000e+00,-0.000000000000000000e+00,0.000000000000000000e+00,-2.615377422647496286e-01,-0.000000000000000000e+00,0.000000000000000000e+00,-0.000000000000000000e+00,-0.000000000000000000e+00,-0.000000000000000000e+00,-7.229320328874379135e-03,-6.373589587914486876e-02,0.000000000000000000e+00,-0.000000000000000000e+00,-0.000000000000000000e+00,-0.000000000000000000e+00,-2.096557614910440556e-02,-0.000000000000000000e+00,-1.394517573368192209e-01,-0.000000000000000000e+00,-0.000000000000000000e+00,-0.000000000000000000e+00,-0.000000000000000000e+00,-9.102619852137214251e-02,-7.441475636404380756e-02,-8.562158272601609957e-03,-0.000000000000000000e+00,-0.000000000000000000e+00,-0.000000000000000000e+00,-0.000000000000000000e+00,-0.000000000000000000e+00,-2.092383480983004418e-01,-0.000000000000000000e+00,-5.140599734164217338e-01,-4.325626214873316555e-01
-5.762033098664397501e-01,1.848239500333303642e+00,-0.000000000000000000e+00,-0.000000000000000000e+00,-0.000000000000000000e+00,0.000000000000000000e+00,-7.570085599817608611e-03,-0.000000000000000000e+00,-0.000000000000000000e+00,-0.000000000000000000e+00,0.000000000000000000e+00,-3.729784853611173810e-03,-0.000000000000000000e+00,-0.000000000000000000e+00,-0.000000000000000000e+00,-0.000000000000000000e+00,0.000000000000000000e+00,-1.470463496600524743e-02,-0.000000000000000000e+00,-0.000000000000000000e+00,-0.000000000000000000e+00,-0.000000000000000000e+00,-0.000000000000000000e+00,-0.000000000000000000e+00,-0.000000000000000000e+00,-0.000000000000000000e+00,-0.000000000000000000e+00,0.000000000000000000e+00,-0.000000000000000000e+00,-0.000000000000000000e+00,0.000000000000000000e+00,-0.000000000000000000e+00,-0.000000000000000000e+00,-0.000000000000000000e+00,-2.534442906981546062e-01,-5.210619508956219892e-02,-2.482534792402885382e-01,-0.000000000000000000e+00,-4.729181231091576509e-01
-5.115112780244455287e-02,-0.000000000000000000e+00,3.145999988672325554e+00,-0.000000000000000000e+00,-6.020604984266491044e-01,0.000000000000000000e+00,-0.000000000000000000e+00,7.166409396045353430e-01,-2.044401973955749519e-01,-6.579380534734345642e-02,0.000000000000000000e+00,-0.000000000000000000e+00,-0.000000000000000000e+00,-9.920130457815135028e-02,-0.000000000000000000e+00,-0.000000000000000000e+00,0.000000000000000000e+00,-0.000000000000000000e+00,-0.000000000000000000e+00,-0.000000000000000000e+00,-2.046679182307197531e-01,-5.029937775287287582e-01,-0.000000000000000000e+00,-9.002464350065358945e-02,-0.000000000000000000e+00,-0.000000000000000000e+00,-0.000000000000000000e+00,-0.000000000000000000e+00,-0.000000000000000000e+00,-1.303977815500707849e-01,-0.000000000000000000e+00,-0.000000000000000000e+00,-6.132946451755343364e-01,0.000000000000000000e+00,-0.000000000000000000e+00,-1.270231048459642409e-01,-0.000000000000000000e+00,-0.000000000000000000e+00,-0.000000000000000000e+00
0.000000000000000000e+00,-0.000000000000000000e+00,-0.000000000000000000e+00,1.460342420209037151e+00,0.000000000000000000e+00,2.657777163893531580e-01,-2.752474369685707911e-01,-0.000000000000000000e+00,-0.000000000000000000e+00,-7.894659724471397855e-02,3.911411373234065236e-02,-0.000000000000000000e+00,0.000000000000000000e+00,-0.000000000000000000e+00,0.000000000000000000e+00,0.000000000000000000e+00,3.594700280290600847e-01,-0.000000000000000000e+00,-0.000000000000000000e+00,0.000000000000000000e+00,-0.000000000000000000e+00,-0.000000000000000000e+00,0.000000000000000000e+00,-3.570141920414854897e-01,-0.000000000000000000e+00,-0.000000000000000000e+00,-0.000000000000000000e+00,2.998147189929027401e-01,-0.000000000000000000e+00,-0.000000000000000000e+00,3.888320207655216604e-02,-0.000000000000000000e+00,-0.000000000000000000e+00,0.000000000000000000e+00,-0.000000000000000000e+00,-0.000000000000000000e+00,-0.000000000000000000e+00,-0.000000000000000000e+00,-0.000000000000000000e+00
-0.000000000000000000e+00,-0.000000000000000000e+00,-6.020604984266491044e-01,0.000000000000000000e+00,2.306302434141481950e+00,0.000000000000000000e+00,-0.000000000000000000e+00,5.428335745693158021e-01,-2.306330109913434512e-01,-1.356733020218209296e-01,-0.000000000000000000e+00,-0.000000000000000000e+00,-4.008606459731851174e-02,-0.000000000000000000e+00,-0.000000000000000000e+00,-2.617675814319676830e-02,0.000000000000000000e+00,-0.000000000000000000e+00,-0.000000000000000000e+00,-0.000000000000000000e+00,-0.000000000000000000e+00,-0.000000000000000000e+00,-2.798085637641185563e-01,-0.000000000000000000e+00,-0.000000000000000000e+00,-1.820039815790374937e-01,-0.000000000000000000e+00,-0.000000000000000000e+00,-2.124837915114345319e-02,-1.325130194850810683e-01,-0.000000000000000000e+00,-0.000000000000000000e+00,-6.479201188331773498e-02,0.000000000000000000e+00,-0.000000000000000000e+00,-0.000000000000000000e+00,-0.000000000000000000e+00,-0.000000000000000000e+00,-3.137342132690674329e-02
-0.000000000000000000e+00,0.000000000000000000e+00,0.000000000000000000e+00,2.657777163893531580e-01,0.000000000000000000e+00,1.373942872807173199e+00,0.000000000000000000e+00,-0.000000000000000000e+00,-0.000000000000000000e+00,2.015481983444466357e-02,-1.379801811096205699e-01,-0.000000000000000000e+00,-0.000000000000000000e+00,-0.000000000000000000e+00,-0.000000000000000000e+00,-0.000000000000000000e+00,-8.099008237014417022e-02,-0.000000000000000000e+00,-0.000000000000000000e+00,-0.000000000000000000e+00,-0.000000000000000000e+00,0.000000000000000000e+00,-0.000000000000000000e+00,0.000000000000000000e+00,0.000000000000000000e+00,1.947975334537739855e-01,8.425873806819500489e-03,-2.019109273669191795e-01,0.000000000000000000e+00,-0.000000000000000000e+00,-3.823089435352397536e-01,0.000000000000000000e+00,0.000000000000000000e+00,-0.000000000000000000e+00,-0.000000000000000000e+00,0.000000000000000000e+00,0.000000000000000000e+00,-0.000000000000000000e+00,0.000000000000000000e+00
-0.000000000000000000e+00,-7.570085599817608611e-03,-0.000000000000000000e+00,-2.752474369685707911e-01,-0.000000000000000000e+00,0.000000000000000000e+00,1.958132765815065790e+00,-0.000000000000000000e+00,-8.814784916561255179e-02,-0.000000000000000000e+00,0.000000000000000000e+00,-0.000000000000000000e+00,-0.000000000000000000e+00,-0.000000000000000000e+00,-0.000000000000000000e+00,-0.000000000000000000e+00,0.000000000000000000e+00,-5.421549572357281521e-01,-4.329266162992640998e-01,-3.741492332603837262e-02,-1.436980690353919232e-01,-3.321079596150430246e-01,-0.000000000000000000e+00,-0.000000000000000000e+00,-0.000000000000000000e+00,0.000000000000000000e+00,-0.000000000000000000e+00,-0.000000000000000000e+00,0.000000000000000000e+00,-0.000000000000000000e+00,-0.000000000000000000e+00,-0.000000000000000000e+00,-0.000000000000000000e+00,-0.000000000000000000e+00,-0.000000000000000000e+00,-0.000000000000000000e+00,-0.000000000000000000e+00,-0.000000000000000000e+00,-0.000000000000000000e+00
0.000000000000000000e+00,-0.000000000000000000e+00,7.166409396045353430e-01,-0.000000000000000000e+00,5.428335745693158021e-01,-0.000000000000000000e+00,-0.000000000000000000e+00,2.467075629263129066e+00,0.000000000000000000e+00,0.000000000000000000e+00,0.000000000000000000e+00,-0.000000000000000000e+00,0.000000000000000000e+00,0.000000000000000000e+00,-0.000000000000000000e+00,0.000000000000000000e+00,-0.000000000000000000e+00,0.000000000000000000e+00,-0.000000000000000000e+00,-0.000000000000000000e+00,0.000000000000000000e+00,0.000000000000000000e+00,0.000000000000000000e+00,7.427960573319307425e-02,0.000000000000000000e+00,3.291519756690537007e-02,3.963107668092102909e-02,0.000000000000000000e+00,2.430755438524899448e-02,0.000000000000000000e+00,-0.000000000000000000e+00,2.216817952963628935e-02,7.025484532446772956e-01,-0.000000000000000000e+00,0.000000000000000000e+00,1.676779681223789786e-01,0.000000000000000000e+00,-0.000000000000000000e+00,0.000000000000000000e+00
-2.615377422647496286e-01,-0.000000000000000000e+00,-2.044401973955749519e-01,-0.000000000000000000e+00,-2.306330109913434512e-01,-0.000000000000000000e+00,-8.814784916561255179e-02,0.000000000000000000e+00,2.551809350082053562e+00,-0.000000000000000000e+00,0.000000000000000000e+00,-1.962060433526987835e-01,-0.000000000000000000e+00,-0.000000000000000000e+00,-0.000000000000000000e+00,-0.000000000000000000e+00,0.000000000000000000e+00,-3.445075489376321909e-01,-1.062280671866771553e-01,-1.599090457744505311e-01,-0.000000000000000000e+00,-2.812759974780321137e-01,-0.000000000000000000e+00,-0.000000000000000000e+00,-0.000000000000000000e+00,-0.000000000000000000e+00,-0.000000000000000000e+00,-0.000000000000000000e+00,-0.000000000000000000e+00,-2.332819819129312022e-01,-0.000000000000000000e+00,-0.000000000000000000e+00,-0.000000000000000000e+00,0.000000000000000000e+00,-0.000000000000000000e+00,-0.000000000000000000e+00,-0.000000000000000000e+00,-3.907857830889072126e-01,-2.289467004727992472e-01
-0.000000000000000000e+00,-0.000000000000000000e+00,-6.579380534734345642e-02,-7.894659724471397855e-02,-1.356733020218209296e-01,2.015481983444466357e-02,-0.000000000000000000e+00,0.000000000000000000e+00,-0.000000000000000000e+00,1.899656856356677581e+00,-0.000000000000000000e+00,-0.000000000000000000e+00,0.000000000000000000e+00,-0.000000000000000000e+00,-0.000000000000000000e+00,-2.396908989487812613e-01,0.000000000000000000e+00,-0.000000000000000000e+00,-0.000000000000000000e+00,-0.000000000000000000e+00,-0.000000000000000000e+00,-0.000000000000000000e+00,-0.000000000000000000e+00,-7.220124960064649988e-02,-2.229651270928337259e-01,-4.040369727174644709e-01,-1.035336041168295335e-01,0.000000000000000000e+00,-0.000000000000000000e+00,-1.952040338820499599e-01,0.000000000000000000e+00,-0.000000000000000000e+00,-2.807434915280590179e-02,0.000000000000000000e+00,0.000000000000000000e+00,-0.000000000000000000e+00,0.000000000000000000e+00,-0.000000000000000000e+00,-3.414100082747252296e-01
0.000000000000000000e+00,0.000000000000000000e+00,0.000000000000000000e+00,3.911411373234065236e-02,-0.000000000000000000e+00,-1.379801811096205699e-01,0.000000000000000000e+00,0.000000000000000000e+00,0.000000000000000000e+00,-0.000000000000000000e+00,1.421621703510726142e+00,-0.000000000000000000e+00,-0.000000000000000000e+00,-1.547416971451564816e-01,-0.000000000000000000e+00,-0.000000000000000000e+00,-3.177252080966360692e-01,0.000000000000000000e+00,0.000000000000000000e+00,0.000000000000000000e+00,0.000000000000000000e+00,0.000000000000000000e+00,-2.079581944198150567e-01,0.000000000000000000e+00,-0.000000000000000000e+00,-0.000000000000000000e+00,-2.262106958613853136e-01,-0.000000000000000000e+00,-0.000000000000000000e+00,-0.000000000000000000e+00,-9.400366563615933369e-02,-6.870371421458383587e-02,0.000000000000000000e+00,-0.000000000000000000e+00,-0.000000000000000000e+00,0.000000000000000000e+00,-0.000000000000000000e+00,0.000000000000000000e+00,-0.000000000000000000e+00
-0.000000000000000000e+00,-3.729784853611173810e-03,-0.000000000000000000e+00,-0.000000000000000000e+00,-0.000000000000000000e+00,-0.000000000000000000e+00,-0.000000000000000000e+00,-0.000000000000000000e+00,-1.962060433526987835e-01,-0.000000000000000000e+00,-0.000000000000000000e+00,2.735884317938557686e+00,-7.620441451510992503e-02,-0.000000000000000000e+00,-1.063505011646696197e+00,-0.000000000000000000e+00,0.000000000000000000e+00,-7.282667006473553251e-01,-2.263226634866832288e-01,-0.000000000000000000e+00,-0.000000000000000000e+00,-1.439217424796870037e-01,-4.306678505522593126e-02,-0.000000000000000000e+00,-5.349020170915125272e-02,0.000000000000000000e+00,-0.000000000000000000e+00,-0.000000000000000000e+00,0.000000000000000000e+00,-0.000000000000000000e+00,-1.332169675155163782e-02,0.000000000000000000e+00,-0.000000000000000000e+00,-0.000000000000000000e+00,-0.000000000000000000e+00,-0.000000000000000000e+00,0.000000000000000000e+00,-0.000000000000000000e+00,-1.481015053276070470e-01
-0.000000000000000000e+00,-0.000000000000000000e+00,-0.000000000000000000e+00,0.000000000000000000e+00,-4.008606459731851174e-02,-0.000000000000000000e+00,-0.000000000000000000e+00,0.000000000000000000e+00,-0.000000000000000000e+00,0.000000000000000000e+00,-0.000000000000000000e+00,-7.620441451510992503e-02,1.488899848311664664e+00,-0.000000000000000000e+00,-0.000000000000000000e+00,0.000000000000000000e+00,0.000000000000000000e+00,-4.486873797375713797e-03,-1.073435782711361364e-01,-0.000000000000000000e+00,-6.815168926223760804e-02,-0.000000000000000000e+00,-7.184835195143443598e-02,-0.000000000000000000e+00,-0.000000000000000000e+00,0.000000000000000000e+00,-0.000000000000000000e+00,-1.193394234065144749e-01,0.000000000000000000e+00,-0.000000000000000000e+00,-5.112925465699496019e-01,-0.000000000000000000e+00,-0.000000000000000000e+00,-0.000000000000000000e+00,-2.307332874856913851e-01,-0.000000000000000000e+00,-0.000000000000000000e+00,-0.000000000000000000e+00,-0.000000000000000000e+00
-0.000000000000000000e+00,-0.000000000000000000e+00,-9.920130457815135028e-02,-0.000000000000000000e+00,-0.000000000000000000e+00,-0.000000000000000000e+00,-0.000000000000000000e+00,0.000000000000000000e+00,-0.000000000000000000e+00,-0.000000000000000000e+00,-1.547416971451564816e-01,-0.000000000000000000e+00,-0.000000000000000000e+00,2.183248834170342878e+00,-0.000000000000000000e+00,-0.000000000000000000e+00,-0.000000000000000000e+00,-7.508069248590576450e-02,-3.214089498817977036e-02,-0.000000000000000000e+00,-0.000000000000000000e+00,-0.000000000000000000e+00,-5.911344434214473864e-01,-9.285375905647867689e-02,-4.545988118270808398e-01,-5.619475711667810047e-04,-1.946884268923696759e-01,-0.000000000000000000e+00,-5.540437958742355784e-02,-0.000000000000000000e+00,-0.000000000000000000e+00,-1.121936507112503284e-01,-0.000000000000000000e+00,-0.000000000000000000e+00,-2.302019334361697298e-02,-0.000000000000000000e+00,-4.859407513957095248e-02,-0.000000000000000000e+00,-2.430902729971293197e-01
-7.229320328874379135e-03,-0.000000000000000000e+00,-0.000000000000000000e+00,0.000000000000000000e+00,-0.000000000000000000e+00,-0.000000000000000000e+00,-0.000000000000000000e+00,-0.000000000000000000e+00,-0.000000000000000000e+00,-0.000000000000000000e+00,-0.000000000000000000e+00,-1.063505011646696197e+00,-0.000000000000000000e+00,-0.000000000000000000e+00,2.549703700388906480e+00,-0.000000000000000000e+00,0.000000000000000000e+00,-0.000000000000000000e+00,-3.296196047336115154e-01,-2.534346825276658777e-01,-0.000000000000000000e+00,-0.000000000000000000e+00,-2.002488473921288925e-01,-0.000000000000000000e+00,-0.000000000000000000e+00,0.000000000000000000e+00,-0.000000000000000000e+00,-0.000000000000000000e+00,-0.000000000000000000e+00,-0.000000000000000000e+00,-2.008668489057483797e-01,0.000000000000000000e+00,0.000000000000000000e+00,-2.339072855714700583e-01,-1.793757373264422139e-02,0.000000000000000000e+00,0.000000000000000000e+00,-3.565667749231653527e-01,-7.915640652829600277e-02
-6.373589587914486876e-02,-0.000000000000000000e+00,-0.000000000000000000e+00,0.000000000000000000e+00,-2.617675814319676830e-02,-0.000000000000000000e+00,-0.000000000000000000e+00,0.000000000000000000e+00,-0.000000000000000000e+00,-2.396908989487812613e-01,-0.000000000000000000e+00,-0.000000000000000000e+00,0.000000000000000000e+00,-0.000000000000000000e+00,-0.000000000000000000e+00,1.852493688485292056e+00,-2.641283818916480564e-01,-0.000000000000000000e+00,-0.000000000000000000e+00,-0.000000000000000000e+00,-0.000000000000000000e+00,-0.000000000000000000e+00,-0.000000000000000000e+00,-0.000000000000000000e+00,0.000000000000000000e+00,-2.183352025208382206e-03,0.000000000000000000e+00,-1.232894920358550001e-01,-2.351551282991563296e-01,-7.574669339006580016e-01,-0.000000000000000000e+00,0.000000000000000000e+00,-0.000000000000000000e+00,0.000000000000000000e+00,1.610637130540192863e-01,-0.000000000000000000e+00,0.000000000000000000e+00,-2.892348115441836787e-02,-9.744104397365868642e-02
0.000000000000000000e+00,0.000000000000000000e+00,0.000000000000000000e+00,3.594700280290600847e-01,0.000000000000000000e+00,-8.099008237014417022e-02,0.000000000000000000e+00,-0.000000000000000000e+00,0.000000000000000000e+00,0.000000000000000000e+00,-3.177252080966360692e-01,0.000000000000000000e+00,0.000000000000000000e+00,-0.000000000000000000e+00,0.000000000000000000e+00,-2.641283818916480564e-01,1.454388350931534513e+00,0.000000000000000000e+00,0.000000000000000000e+00,0.000000000000000000e+00,0.000000000000000000e+00,0.000000000000000000e+00,-0.000000000000000000e+00,0.000000000000000000e+00,0.000000000000000000e+00,-0.000000000000000000e+00,0.000000000000000000e+00,-9.529435315528274331e-02,-2.541045416963061965e-01,-0.000000000000000000e+00,-0.000000000000000000e+00,0.000000000000000000e+00,0.000000000000000000e+00,-0.000000000000000000e+00,0.000000000000000000e+00,0.000000000000000000e+00,-0.000000000000000000e+00,0.000000000000000000e+00,0.000000000000000000e+00
-0.000000000000000000e+00,-1.470463496600524743e-02,-0.000000000000000000e+00,-0.000000000000000000e+00,-0.000000000000000000e+00,-0.000000000000000000e+00,-5.421549572357281521e-01,0.000000000000000000e+00,-3.445075489376321909e-01,-0.000000000000000000e+00,0.000000000000000000e+00,-7.282667006473553251e-01,-4.486873797375713797e-03,-7.508069248590576450e-02,-0.000000000000000000e+00,-0.000000000000000000e+00,0.000000000000000000e+00,2.857679447025249786e+00,-8.361651149558341212e-01,-0.000000000000000000e+00,-3.245764791049580295e-02,-1.112348065154794979e-01,-0.000000000000000000e+00,-7.336007148278184120e-02,-0.000000000000000000e+00,-0.000000000000000000e+00,-0.000000000000000000e+00,-0.000000000000000000e+00,0.000000000000000000e+00,-0.000000000000000000e+00,-0.000000000000000000e+00,-0.000000000000000000e+00,-0.000000000000000000e+00,-0.000000000000000000e+00,-1.149378730884496741e-01,-0.000000000000000000e+00,-0.000000000000000000e+00,-0.000000000000000000e+00,-6.753589955057238969e-02
-0.000000000000000000e+00,-0.000000000000000000e+00,-0.000000000000000000e+00,-0.000000000000000000e+00,-0.000000000000000000e+00,-0.000000000000000000e+00,-4.329266162992640998e-01,-0.000000000000000000e+00,-1.062280671866771553e-01,-0.000000000000000000e+00,0.000000000000000000e+00,-2.263226634866832288e-01,-1.073435782711361364e-01,-3.214089498817977036e-02,-3.296196047336115154e-01,-0.000000000000000000e+00,0.000000000000000000e+00,-8.361651149558341212e-01,2.546172331576026515e+00,-7.867496583563218793e-02,-0.000000000000000000e+00,-1.208592047695666721e-01,-0.000000000000000000e+00,-0.000000000000000000e+00,-0.000000000000000000e+00,0.000000000000000000e+00,-0.000000000000000000e+00,-1.762529716694253429e-02,-0.000000000000000000e+00,-0.000000000000000000e+00,-0.000000000000000000e+00,-0.000000000000000000e+00,-0.000000000000000000e+00,-1.173492053056623963e-02,-7.465066647323662097e-02,-0.000000000000000000e+00,-0.000000000000000000e+00,-2.085916471223030200e-01,-0.000000000000000000e+00
-0.000000000000000000e+00,-0.000000000000000000e+00,-0.000000000000000000e+00,0.000000000000000000e+00,-0.000000000000000000e+00,-0.000000000000000000e+00,-3.741492332603837262e-02,-0.000000000000000000e+00,-1.599090457744505311e-01,-0.000000000000000000e+00,0.000000000000000000e+00,-0.000000000000000000e+00,-0.000000000000000000e+00,-0.000000000000000000e+00,-2.534346825276658777e-01,-0.000000000000000000e+00,0.000000000000000000e+00,-0.000000000000000000e+00,-7.867496583563218793e-02,1.812808536783660829e+00,-2.397940183449968066e-01,-4.494061613210336148e-01,-0.000000000000000000e+00,0.000000000000000000e+00,-0.000000000000000000e+00,0.000000000000000000e+00,0.000000000000000000e+00,-3.185957265081498790e-01,0.000000000000000000e+00,-0.000000000000000000e+00,-0.000000000000000000e+00,0.000000000000000000e+00,-0.000000000000000000e+00,-0.000000000000000000e+00,0.000000000000000000e+00,-0.000000000000000000e+00,0.000000000000000000e+00,-9.842903902163417651e-02,-0.000000000000000000e+00
-2.096557614910440556e-02,-0.000000000000000000e+00,-2.046679182307197531e-01,-0.000000000000000000e+00,-0.000000000000000000e+00,-0.000000000000000000e+00,-1.436980690353919232e-01,0.000000000000000000e+00,-0.000000000000000000e+00,-0.000000000000000000e+00,0.000000000000000000e+00,-0.000000000000000000e+00,-6.815168926223760804e-02,-0.000000000000000000e+00,-0.000000000000000000e+00,-0.000000000000000000e+00,0.000000000000000000e+00,-3.245764791049580295e-02,-0.000000000000000000e+00,-2.397940183449968066e-01,2.161369109361828578e+00,-6.462527399141034801e-01,-0.000000000000000000e+00,-0.000000000000000000e+00,-0.000000000000000000e+00,0.000000000000000000e+00,-0.000000000000000000e+00,-6.499494914245949884e-02,0.000000000000000000e+00,-0.000000000000000000e+00,-0.000000000000000000e+00,0.000000000000000000e+00,-4.176754149974085117e-01,-0.000000000000000000e+00,-0.000000000000000000e+00,-2.673775508215153196e-01,0.000000000000000000e+00,-0.000000000000000000e+00,-0.000000000000000000e+00
-0.000000000000000000e+00,-0.000000000000000000e+00,-5.029937775287287582e-01,-0.000000000000000000e+00,-0.000000000000000000e+00,0.000000000000000000e+00,-3.321079596150430246e-01,0.000000000000000000e+00,-2.812759974780321137e-01,-0.000000000000000000e+00,0.000000000000000000e+00,-1.439217424796870037e-01,-0.000000000000000000e+00,-0.000000000000000000e+00,-0.000000000000000000e+00,-0.000000000000000000e+00,0.000000000000000000e+00,-1.112348065154794979e-01,-1.208592047695666721e-01,-4.494061613210336148e-01,-6.462527399141034801e-01,2.613080051896313094e+00,-0.000000000000000000e+00,-0.000000000000000000e+00,-0.000000000000000000e+00,-0.000000000000000000e+00,-0.000000000000000000e+00,-1.715868585880526986e-02,0.000000000000000000e+00,-0.000000000000000000e+00,-0.000000000000000000e+00,-0.000000000000000000e+00,-9.749091904423849708e-02,-0.000000000000000000e+00,-0.000000000000000000e+00,-0.000000000000000000e+00,0.000000000000000000e+00,-0.000000000000000000e+00,-0.000000000000000000e+00
-1.394517573368192209e-01,-0.000000000000000000e+00,-0.000000000000000000e+00,0.000000000000000000e+00,-2.798085637641185563e-01,-0.000000000000000000e+00,-0.000000000000000000e+00,0.000000000000000000e+00,-0.000000000000000000e+00,-0.000000000000000000e+00,-2.079581944198150567e-01,-4.306678505522593126e-02,-7.184835195143443598e-02,-5.911344434214473864e-01,-2.002488473921288925e-01,-0.000000000000000000e+00,-0.000000000000000000e+00,-0.000000000000000000e+00,-0.000000000000000000e+00,-0.000000000000000000e+00,-0.000000000000000000e+00,-0.000000000000000000e+00,2.320016834496606783e+00,-8.025341523689627499e-02,-5.034200641836185097e-01,-1.286893081446126852e-01,-0.000000000000000000e+00,-0.000000000000000000e+00,-0.000000000000000000e+00,-0.000000000000000000e+00,-3.554404454762299242e-02,-0.000000000000000000e+00,-0.000000000000000000e+00,-0.000000000000000000e+00,-9.851408689182045153e-02,-0.000000000000000000e+00,-0.000000000000000000e+00,-0.000000000000000000e+00,-9.580910200501287222e-02
-0.000000000000000000e+00,-0.000000000000000000e+00,-9.002464350065358945e-02,-3.570141920414854897e-01,-0.000000000000000000e+00,0.000000000000000000e+00,-0.000000000000000000e+00,7.427960573319307425e-02,-0.000000000000000000e+00,-7.220124960064649988e-02,0.000000000000000000e+00,-0.000000000000000000e+00,-0.000000000000000000e+00,-9.285375905647867689e-02,-0.000000000000000000e+00,-0.000000000000000000e+00,0.000000000000000000e+00,-7.336007148278184120e-02,-0.000000000000000000e+00,0.000000000000000000e+00,-0.000000000000000000e+00,-0.000000000000000000e+00,-8.025341523689627499e-02,1.971963897990896886e+00,-6.196216830841306811e-01,-1.583949760145874908e-01,-1.751457100743942508e-01,1.942585327213074836e-02,-0.000000000000000000e+00,-0.000000000000000000e+00,0.000000000000000000e+00,-9.168963766850400654e-02,-9.115744067587840116e-02,-0.000000000000000000e+00,-4.531398979653555870e-02,-7.394292625617861214e-02,-0.000000000000000000e+00,-0.000000000000000000e+00,-0.000000000000000000e+00
-0.000000000000000000e+00,-0.000000000000000000e+00,-0.000000000000000000e+00,-0.000000000000000000e+00,-0.000000000000000000e+00,0.000000000000000000e+00,-0.000000000000000000e+00,0.000000000000000000e+00,-0.000000000000000000e+00,-2.229651270928337259e-01,-0.000000000000000000e+00,-5.349020170915125272e-02,-0.000000000000000000e+00,-4.545988118270808398e-01,-0.000000000000000000e+00,0.000000000000000000e+00,0.000000000000000000e+00,-0.000000000000000000e+00,-0.000000000000000000e+00,-0.000000000000000000e+00,-0.000000000000000000e+00,-0.000000000000000000e+00,-5.034200641836185097e-01,-6.196216830841306811e-01,2.617936258742791011e+00,-2.824113197449480001e-02,-7.434767873488371537e-01,0.000000000000000000e+00,-0.000000000000000000e+00,-0.000000000000000000e+00,-0.000000000000000000e+00,-0.000000000000000000e+00,-0.000000000000000000e+00,-0.000000000000000000e+00,-0.000000000000000000e+00,-0.000000000000000000e+00,-0.000000000000000000e+00,-0.000000000000000000e+00,-2.000016882253180528e-03
-0.000000000000000000e+00,-0.000000000000000000e+00,-0.000000000000000000e+00,-0.000000000000000000e+00,-1.820039815790374937e-01,1.947975334537739855e-01,0.000000000000000000e+00,3.291519756690537007e-02,-0.000000000000000000e+00,-4.040369727174644709e-01,-0.000000000000000000e+00,0.000000000000000000e+00,0.000000000000000000e+00,-5.619475711667810047e-04,0.000000000000000000e+00,-2.183352025208382206e-03,-0.000000000000000000e+00,-0.000000000000000000e+00,0.000000000000000000e+00,0.000000000000000000e+00,0.000000000000000000e+00,-0.000000000000000000e+00,-1.286893081446126852e-01,-1.583949760145874908e-01,-2.824113197449480001e-02,2.180757911223149659e+00,-4.115595519411176517e-01,0.000000000000000000e+00,-7.437371989107051107e-01,-0.000000000000000000e+00,0.000000000000000000e+00,-0.000000000000000000e+00,-0.000000000000000000e+00,0.000000000000000000e+00,0.000000000000000000e+00,-0.000000000000000000e+00,-0.000000000000000000e+00,-0.000000000000000000e+00,-6.581362973739687816e-02
-0.000000000000000000e+00,-0.000000000000000000e+00,-0.000000000000000000e+00,-0.000000000000000000e+00,-0.000000000000000000e+00,8.425873806819500489e-03,-0.000000000000000000e+00,3.963107668092102909e-02,-0.000000000000000000e+00,-1.035336041168295335e-01,-2.262106958613853136e-01,-0.000000000000000000e+00,-0.000000000000000000e+00,-1.946884268923696759e-01,-0.000000000000000000e+00,0.000000000000000000e+00,0.000000000000000000e+00,-0.000000000000000000e+00,-0.000000000000000000e+00,0.000000000000000000e+00,-0.000000000000000000e+00,-0.000000000000000000e+00,-0.000000000000000000e+00,-1.751457100743942508e-01,-7.434767873488371537e-01,-4.115595519411176517e-01,2.288286219289627610e+00,0.000000000000000000e+00,-0.000000000000000000e+00,0.000000000000000000e+00,-0.000000000000000000e+00,-4.342739652210503842e-01,-0.000000000000000000e+00,-0.000000000000000000e+00,-0.000000000000000000e+00,-0.000000000000000000e+00,-0.000000000000000000e+00,-0.000000000000000000e+00,-0.000000000000000000e+00
-9.102619852137214251e-02,0.000000000000000000e+00,-0.000000000000000000e+00,2.998147189929027401e-01,-0.000000000000000000e+00,-2.019109273669191795e-01,-0.000000000000000000e+00,0.000000000000000000e+00,-0.000000000000000000e+00,0.000000000000000000e+00,-0.000000000000000000e+00,-0.000000000000000000e+00,-1.193394234065144749e-01,-0.000000000000000000e+00,-0.000000000000000000e+00,-1.232894920358550001e-01,-9.529435315528274331e-02,-0.000000000000000000e+00,-1.762529716694253429e-02,-3.185957265081498790e-01,-6.499494914245949884e-02,-1.715868585880526986e-02,-0.000000000000000000e+00,1.942585327213074836e-02,0.000000000000000000e+00,0.000000000000000000e+00,0.000000000000000000e+00,1.795941285244609276e+00,-0.000000000000000000e+00,-2.061322071737348716e-01,-4.908611273279098186e-01,0.000000000000000000e+00,-0.000000000000000000e+00,-0.000000000000000000e+00,0.000000000000000000e+00,-0.000000000000000000e+00,0.000000000000000000e+00,-0.000000000000000000e+00,-0.000000000000000000e+00
-7.441475636404380756e-02,-0.000000000000000000e+00,-0.000000000000000000e+00,-0.000000000000000000e+00,-2.124837915114345319e-02,0.000000000000000000e+00,0.000000000000000000e+00,2.430755438524899448e-02,-0.000000000000000000e+00,-0.000000000000000000e+00,-0.000000000000000000e+00,0.000000000000000000e+00,0.000000000000000000e+00,-5.540437958742355784e-02,-0.000000000000000000e+00,-2.351551282991563296e-01,-2.541045416963061965e-01,0.000000000000000000e+00,-0.000000000000000000e+00,0.000000000000000000e+00,0.000000000000000000e+00,0.000000000000000000e+00,-0.000000000000000000e+00,-0.000000000000000000e+00,-0.000000000000000000e+00,-7.437371989107051107e-01,-0.000000000000000000e+00,-0.000000000000000000e+00,1.848908343663786535e+00,-0.000000000000000000e+00,0.000000000000000000e+00,-1.380466011227874934e-01,-0.000000000000000000e+00,-0.000000000000000000e+00,-0.000000000000000000e+00,-2.631699391982973008e-02,-2.488283518289451102e-01,-0.000000000000000000e+00,-0.000000000000000000e+00
-8.562158272601609957e-03,-0.000000000000000000e+00,-1.303977815500707849e-01,-0.000000000000000000e+00,-1.325130194850810683e-01,-0.000000000000000000e+00,-0.000000000000000000e+00,0.000000000000000000e+00,-2.332819819129312022e-01,-1.952040338820499599e-01,-0.000000000000000000e+00,-0.000000000000000000e+00,-0.000000000000000000e+00,-0.000000000000000000e+00,-0.000000000000000000e+00,-7.574669339006580016e-01,-0.000000000000000000e+00,-0.000000000000000000e+00,-0.000000000000000000e+00,-0.000000000000000000e+00,-0.000000000000000000e+00,-0.000000000000000000e+00,-0.000000000000000000e+00,-0.000000000000000000e+00,-0.000000000000000000e+00,-0.000000000000000000e+00,0.000000000000000000e+00,-2.061322071737348716e-01,-0.000000000000000000e+00,1.924739163324797442e+00,-0.000000000000000000e+00,0.000000000000000000e+00,-0.000000000000000000e+00,0.000000000000000000e+00,0.000000000000000000e+00,-1.478601128127083331e-01,0.000000000000000000e+00,-3.078882933629209159e-02,-0.000000000000000000e+00
-0.000000000000000000e+00,0.000000000000000000e+00,-0.000000000000000000e+00,3.888320207655216604e-02,-0.000000000000000000e+00,-3.823089435352397536e-01,-0.000000000000000000e+00,-0.000000000000000000e+00,-0.000000000000000000e+00,0.000000000000000000e+00,-9.400366563615933369e-02,-1.332169675155163782e-02,-5.112925465699496019e-01,-0.000000000000000000e+00,-2.008668489057483797e-01,-0.000000000000000000e+00,-0.000000000000000000e+00,-0.000000000000000000e+00,-0.000000000000000000e+00,-0.000000000000000000e+00,-0.000000000000000000e+00,-0.000000000000000000e+00,-3.554404454762299242e-02,0.000000000000000000e+00,-0.000000000000000000e+00,0.000000000000000000e+00,-0.000000000000000000e+00,-4.908611273279098186e-01,0.000000000000000000e+00,-0.000000000000000000e+00,1.785518711831293404e+00,0.000000000000000000e+00,0.000000000000000000e+00,-2.112935886799967300e-02,-0.000000000000000000e+00,0.000000000000000000e+00,0.000000000000000000e+00,-4.076294987001417500e-03,-0.000000000000000000e+00
-0.000000000000000000e+00,-0.000000000000000000e+00,-0.000000000000000000e+00,-0.000000000000000000e+00,-0.000000000000000000e+00,0.000000000000000000e+00,-0.000000000000000000e+00,2.216817952963628935e-02,-0.000000000000000000e+00,-0.000000000000000000e+00,-6.870371421458383587e-02,0.000000000000000000e+00,-0.000000000000000000e+00,-1.121936507112503284e-01,0.000000000000000000e+00,0.000000000000000000e+00,0.000000000000000000e+00,-0.000000000000000000e+00,-0.000000000000000000e+00,0.000000000000000000e+00,0.000000000000000000e+00,-0.000000000000000000e+00,-0.000000000000000000e+00,-9.168963766850400654e-02,-0.000000000000000000e+00,-0.000000000000000000e+00,-4.342739652210503842e-01,0.000000000000000000e+00,-1.380466011227874934e-01,0.000000000000000000e+00,0.000000000000000000e+00,1.652856361081024961e+00,-0.000000000000000000e+00,-0.000000000000000000e+00,-1.989897262400483757e-01,-0.000000000000000000e+00,-3.844160690323897844e-01,0.000000000000000000e+00,-0.000000000000000000e+00
-0.000000000000000000e+00,-0.000000000000000000e+00,-6.132946451755343364e-01,-0.000000000000000000e+00,-6.479201188331773498e-02,0.000000000000000000e+00,-0.000000000000000000e+00,7.025484532446772956e-01,-0.000000000000000000e+00,-2.807434915280590179e-02,0.000000000000000000e+00,-0.000000000000000000e+00,-0.000000000000000000e+00,-0.000000000000000000e+00,0.000000000000000000e+00,-0.000000000000000000e+00,0.000000000000000000e+00,-0.000000000000000000e+00,-0.000000000000000000e+00,-0.000000000000000000e+00,-4.176754149974085117e-01,-9.749091904423849708e-02,-0.000000000000000000e+00,-9.115744067587840116e-02,-0.000000000000000000e+00,-0.000000000000000000e+00,-0.000000000000000000e+00,-0.000000000000000000e+00,-0.000000000000000000e+00,-0.000000000000000000e+00,0.000000000000000000e+00,-0.000000000000000000e+00,2.371914192425447432e+00,0.000000000000000000e+00,-0.000000000000000000e+00,-2.180042166233148726e-01,-0.000000000000000000e+00,-0.000000000000000000e+00,-0.000000000000000000e+00
-0.000000000000000000e+00,-0.000000000000000000e+00,0.000000000000000000e+00,0.000000000000000000e+00,0.000000000000000000e+00,-0.000000000000000000e+00,-0.000000000000000000e+00,-0.000000000000000000e+00,0.000000000000000000e+00,0.000000000000000000e+00,-0.000000000000000000e+00,-0.000000000000000000e+00,-0.000000000000000000e+00,-0.000000000000000000e+00,-2.339072855714700583e-01,0.000000000000000000e+00,-0.000000000000000000e+00,-0.000000000000000000e+00,-1.173492053056623963e-02,-0.000000000000000000e+00,-0.000000000000000000e+00,-0.000000000000000000e+00,-0.000000000000000000e+00,-0.000000000000000000e+00,-0.000000000000000000e+00,0.000000000000000000e+00,-0.000000000000000000e+00,-0.000000000000000000e+00,-0.000000000000000000e+00,0.000000000000000000e+00,-2.112935886799967300e-02,-0.000000000000000000e+00,0.000000000000000000e+00,1.058830663263305549e+00,-0.000000000000000000e+00,0.000000000000000000e+00,-0.000000000000000000e+00,-0.000000000000000000e+00,0.000000000000000000e+00
-0.000000000000000000e+00,-2.534442906981546062e-01,-0.000000000000000000e+00,-0.000000000000000000e+00,-0.000000000000000000e+00,-0.000000000000000000e+00,-0.000000000000000000e+00,0.000000000000000000e+00,-0.000000000000000000e+00,0.000000000000000000e+00,-0.000000000000000000e+00,-0.000000000000000000e+00,-2.307332874856913851e-01,-2.302019334361697298e-02,-1.793757373264422139e-02,1.610637130540192863e-01,0.000000000000000000e+00,-1.149378730884496741e-01,-7.465066647323662097e-02,0.000000000000000000e+00,-0.000000000000000000e+00,-0.000000000000000000e+00,-9.851408689182045153e-02,-4.531398979653555870e-02,-0.000000000000000000e+00,0.000000000000000000e+00,-0.000000000000000000e+00,0.000000000000000000e+00,-0.000000000000000000e+00,0.000000000000000000e+00,-0.000000000000000000e+00,-1.989897262400483757e-01,-0.000000000000000000e+00,-0.000000000000000000e+00,1.736046600126581518e+00,-0.000000000000000000e+00,-6.326311285002792495e-01,-0.000000000000000000e+00,-0.000000000000000000e+00
-2.092383480983004418e-01,-5.210619508956219892e-02,-1.270231048459642409e-01,-0.000000000000000000e+00,-0.000000000000000000e+00,0.000000000000000000e+00,-0.000000000000000000e+00,1.676779681223789786e-01,-0.000000000000000000e+00,-0.000000000000000000e+00,0.000000000000000000e+00,-0.000000000000000000e+00,-0.000000000000000000e+00,-0.000000000000000000e+00,0.000000000000000000e+00,-0.000000000000000000e+00,0.000000000000000000e+00,-0.000000000000000000e+00,-0.000000000000000000e+00,-0.000000000000000000e+00,-2.673775508215153196e-01,-0.000000000000000000e+00,-0.000000000000000000e+00,-7.394292625617861214e-02,-0.000000000000000000e+00,-0.000000000000000000e+00,-0.000000000000000000e+00,-0.000000000000000000e+00,-2.631699391982973008e-02,-1.478601128127083331e-01,0.000000000000000000e+00,-0.000000000000000000e+00,-2.180042166233148726e-01,0.000000000000000000e+00,-0.000000000000000000e+00,1.588917577006691451e+00,-4.710068305313061532e-02,-0.000000000000000000e+00,-0.000000000000000000e+00
-0.000000000000000000e+00,-2.482534792402885382e-01,-0.000000000000000000e+00,-0.000000000000000000e+00,-0.000000000000000000e+00,0.000000000000000000e+00,-0.000000000000000000e+00,0.000000000000000000e+00,-0.000000000000000000e+00,0.000000000000000000e+00,-0.000000000000000000e+00,0.000000000000000000e+00,-0.000000000000000000e+00,-4.859407513957095248e-02,0.000000000000000000e+00,0.000000000000000000e+00,-0.000000000000000000e+00,-0.000000000000000000e+00,-0.000000000000000000e+00,0.000000000000000000e+00,0.000000000000000000e+00,0.000000000000000000e+00,-0.000000000000000000e+00,-0.000000000000000000e+00,-0.000000000000000000e+00,-0.000000000000000000e+00,-0.000000000000000000e+00,0.000000000000000000e+00,-2.488283518289451102e-01,0.000000000000000000e+00,0.000000000000000000e+00,-3.844160690323897844e-01,-0.000000000000000000e+00,-0.000000000000000000e+00,-6.326311285002792495e-01,-4.710068305313061532e-02,1.778251086093178390e+00,-0.000000000000000000e+00,-0.000000000000000000e+00
-5.140599734164217338e-01,-0.000000000000000000e+00,-0.000000000000000000e+00,-0.000000000000000000e+00,-0.000000000000000000e+00,-0.000000000000000000e+00,-0.000000000000000000e+00,-0.000000000000000000e+00,-3.907857830889072126e-01,-0.000000000000000000e+00,0.000000000000000000e+00,-0.000000000000000000e+00,-0.000000000000000000e+00,-0.000000000000000000e+00,-3.565667749231653527e-01,-2.892348115441836787e-02,0.000000000000000000e+00,-0.000000000000000000e+00,-2.085916471223030200e-01,-9.842903902163417651e-02,-0.000000000000000000e+00,-0.000000000000000000e+00,-0.000000000000000000e+00,-0.000000000000000000e+00,-0.000000000000000000e+00,-0.000000000000000000e+00,-0.000000000000000000e+00,-0.000000000000000000e+00,-0.000000000000000000e+00,-3.078882933629209159e-02,-4.076294987001417500e-03,0.000000000000000000e+00,-0.000000000000000000e+00,-0.000000000000000000e+00,-0.000000000000000000e+00,-0.000000000000000000e+00,-0.000000000000000000e+00,2.015387053138292028e+00,-1.995984882023643658e-01
-4.325626214873316555e-01,-4.729181231091576509e-01,-0.000000000000000000e+00,-0.000000000000000000e+00,-3.137342132690674329e-02,0.000000000000000000e+00,-0.000000000000000000e+00,0.000000000000000000e+00,-2.289467004727992472e-01,-3.414100082747252296e-01,-0.000000000000000000e+00,-1.481015053276070470e-01,-0.000000000000000000e+00,-2.430902729971293197e-01,-7.915640652829600277e-02,-9.744104397365868642e-02,0.000000000000000000e+00,-6.753589955057238969e-02,-0.000000000000000000e+00,-0.000000000000000000e+00,-0.000000000000000000e+00,-0.000000000000000000e+00,-9.580910200501287222e-02,-0.000000000000000000e+00,-2.000016882253180528e-03,-6.581362973739687816e-02,-0.000000000000000000e+00,-0.000000000000000000e+00,-0.000000000000000000e+00,-0.000000000000000000e+00,-0.000000000000000000e+00,-0.000000000000000000e+00,-0.000000000000000000e+00,0.000000000000000000e+00,-0.000000000000000000e+00,-0.000000000000000000e+00,-0.000000000000000000e+00,-1.995984882023643658e-01,2.364592000399783345e+00
