1.826730857856267098e+00,-8.385640254252700598e-02,-0.000000000000000000e+00,1.615851172020208240e-02,-0.000000000000000000e+00,0.000000000000000000e+00,0.000000000000000000e+00,1.521155768758577220e-01,-1.643446562388007626e-01,-1.098947203715640308e-01,-0.000000000000000000e+00,-6.050502392863506274e-02,-0.000000000000000000e+00,-0.000000000000000000e+00,-9.523352686573951023e-03,-1.993401898010279671e-01,-0.000000000000000000e+00,-0.000000000000000000e+00,-0.000000000000000000e+00,0.000000000000000000e+00,-0.000000000000000000e+00,-0.000000000000000000e+00,-1.735678253215315048e-01,0.000000000000000000e+00,-0.000000000000000000e+00,0.000000000000000000e+00,-0.000000000000000000e+00,-0.000000000000000000e+00,-6.632038788679205099e-02,-0.000000000000000000e+00,-1.165650598714826486e-01,-0.000000000000000000e+00,-0.000000000000000000e+00,-0.000000000000000000e+00,-0.000000000000000000e+00,-0.000000000000000000e+00,3.959943326123298302e-02,-5.754288789100490131e-01,-1.157229169008195530e-02
-8.385640254252700598e-02,1.547743812347967429e+00,-0.000000000000000000e+00,0.000000000000000000e+00,-0.000000000000000000e+00,-0.000000000000000000e+00,0.000000000000000000e+00,4.134735220213742179e-02,-8.259237982440265080e-02,-1.755200446255530122e-01,-0.000000000000000000e+00,-0.000000000000000000e+00,-0.000000000000000000e+00,-0.000000000000000000e+00,-0.000000000000000000e+00,-7.900779414800694622e-02,0.000000000000000000e+00,-0.000000000000000000e+00,-0.000000000000000000e+00,0.000000000000000000e+00,-0.000000000000000000e+00,0.000000000000000000e+00,-3.208265854728489797e-01,0.000000000000000000e+00,-1.003855925141456523e-01,-0.000000000000000000e+00,0.000000000000000000e+00,-0.000000000000000000e+00,-0.000000000000000000e+00,-0.000000000000000000e+00,-0.000000000000000000e+00,-0.000000000000000000e+00,-0.000000000000000000e+00,-0.000000000000000000e+00,-0.000000000000000000e+00,-0.000000000000000000e+00,0.000000000000000000e+00,-0.000000000000000000e+00,-3.349776569626314315e-01
-0.000000000000000000e+00,-0.000000000000000000e+00,1.229827618437117076e+00,-0.000000000000000000e+00,-0.000000000000000000e+00,0.000000000000000000e+00,-0.000000000000000000e+00,3.202196413218681009e-02,-0.000000000000000000e+00,-0.000000000000000000e+00,-2.479630710044724781e-02,-1.880363006240871326e-01,-0.000000000000000000e+00,-0.000000000000000000e+00,-0.000000000000000000e+00,-0.000000000000000000e+00,-0.000000000000000000e+00,-0.000000000000000000e+00,-0.000000000000000000e+00,-8.613957991087520250e-02,-6.865694713803225172e-03,-1.026625679539713010e-01,-0.000000000000000000e+00,-0.000000000000000000e+00,-0.000000000000000000e+00,-0.000000000000000000e+00,-0.000000000000000000e+00,-1.495271918487435792e-01,-0.000000000000000000e+00,-0.000000000000000000e+00,-0.000000000000000000e+00,-1.045101440875887029e-02,-1.840092062706375764e-01,-0.000000000000000000e+00,-0.000000000000000000e+00,-0.000000000000000000e+00,0.000000000000000000e+00,-0.000000000000000000e+00,-0.000000000000000000e+00
1.615851172020208240e-02,0.000000000000000000e+00,-0.000000000000000000e+00,1.305333509815363557e+00,4.619058589000125253e-03,-0.000000000000000000e+00,-5.103933970297473977e-01,-0.000000000000000000e+00,3.501218453034835726e-02,0.000000000000000000e+00,-0.000000000000000000e+00,0.000000000000000000e+00,-0.000000000000000000e+00,0.000000000000000000e+00,1.594107971606469054e-01,0.000000000000000000e+00,0.000000000000000000e+00,8.718436192417226838e-02,0.000000000000000000e+00,-3.529666869317280020e-02,-0.000000000000000000e+00,-0.000000000000000000e+00,0.000000000000000000e+00,0.000000000000000000e+00,0.000000000000000000e+00,0.000000000000000000e+00,1.285216464103412781e-01,-0.000000000000000000e+00,0.000000000000000000e+00,0.000000000000000000e+00,0.000000000000000000e+00,0.000000000000000000e+00,0.000000000000000000e+00,0.000000000000000000e+00,-0.000000000000000000e+00,-0.000000000000000000e+00,-0.000000000000000000e+00,1.814639747412482088e-02,0.000000000000000000e+00
-0.000000000000000000e+00,-0.000000000000000000e+00,-0.000000000000000000e+00,4.619058589000125253e-03,1.703467095082251692e+00,0.000000000000000000e+00,0.000000000000000000e+00,0.000000000000000000e+00,-1.115808496950252832e-01,-0.000000000000000000e+00,-0.000000000000000000e+00,-0.000000000000000000e+00,-0.000000000000000000e+00,-2.613892590946838013e-01,-3.210362197355093317e-02,-0.000000000000000000e+00,-0.000000000000000000e+00,-9.526773676041594419e-02,-2.170986295008038303e-01,0.000000000000000000e+00,-0.000000000000000000e+00,-0.000000000000000000e+00,-0.000000000000000000e+00,0.000000000000000000e+00,-0.000000000000000000e+00,-2.357961997314267644e-01,-2.390720223485052198e-01,-0.000000000000000000e+00,-0.000000000000000000e+00,-2.414024671544719169e-01,-3.836194516773477198e-02,-6.856722248614527393e-02,-0.000000000000000000e+00,-1.917754811153944416e-01,0.000000000000000000e+00,-1.316429976052971296e-01,0.000000000000000000e+00,-9.052009452428427805e-02,-0.000000000000000000e+00
0.000000000000000000e+00,-0.000000000000000000e+00,0.000000000000000000e+00,-0.000000000000000000e+00,0.000000000000000000e+00,1.123176929139539260e+00,-0.000000000000000000e+00,-0.000000000000000000e+00,0.000000000000000000e+00,0.000000000000000000e+00,0.000000000000000000e+00,0.000000000000000000e+00,-0.000000000000000000e+00,6.095488453302518733e-02,0.000000000000000000e+00,0.000000000000000000e+00,3.268486060473855814e-01,0.000000000000000000e+00,0.000000000000000000e+00,0.000000000000000000e+00,0.000000000000000000e+00,0.000000000000000000e+00,-0.000000000000000000e+00,0.000000000000000000e+00,0.000000000000000000e+00,0.000000000000000000e+00,0.000000000000000000e+00,0.000000000000000000e+00,0.000000000000000000e+00,0.000000000000000000e+00,0.000000000000000000e+00,0.000000000000000000e+00,1.962649236925886539e-02,1.665713964502746336e-02,5.191998237471000255e-02,0.000000000000000000e+00,-3.310275281307840239e-02,0.000000000000000000e+00,0.000000000000000000e+00
0.000000000000000000e+00,0.000000000000000000e+00,-0.000000000000000000e+00,-5.103933970297473977e-01,0.000000000000000000e+00,-0.000000000000000000e+00,1.222130890363364975e+00,0.000000000000000000e+00,0.000000000000000000e+00,0.000000000000000000e+00,1.314966193081091445e-02,8.597096862375615614e-03,-0.000000000000000000e+00,0.000000000000000000e+00,0.000000000000000000e+00,0.000000000000000000e+00,0.000000000000000000e+00,0.000000000000000000e+00,0.000000000000000000e+00,-7.089684191611882180e-02,-0.000000000000000000e+00,-0.000000000000000000e+00,0.000000000000000000e+00,0.000000000000000000e+00,0.000000000000000000e+00,-0.000000000000000000e+00,0.000000000000000000e+00,-0.000000000000000000e+00,0.000000000000000000e+00,0.000000000000000000e+00,0.000000000000000000e+00,0.000000000000000000e+00,0.000000000000000000e+00,0.000000000000000000e+00,0.000000000000000000e+00,-0.000000000000000000e+00,-0.000000000000000000e+00,0.000000000000000000e+00,0.000000000000000000e+00
1.521155768758577220e-01,4.134735220213742179e-02,3.202196413218681009e-02,-0.000000000000000000e+00,0.000000000000000000e+00,-0.000000000000000000e+00,0.000000000000000000e+00,1.094595907929890366e+00,3.714599377177355000e-02,1.473324633346799820e-02,-0.000000000000000000e+00,0.000000000000000000e+00,0.000000000000000000e+00,1.153030605188596902e-01,0.000000000000000000e+00,2.935823916387758289e-02,0.000000000000000000e+00,0.000000000000000000e+00,0.000000000000000000e+00,0.000000000000000000e+00,0.000000000000000000e+00,0.000000000000000000e+00,0.000000000000000000e+00,-0.000000000000000000e+00,0.000000000000000000e+00,0.000000000000000000e+00,0.000000000000000000e+00,0.000000000000000000e+00,0.000000000000000000e+00,0.000000000000000000e+00,2.969277742188795866e-03,0.000000000000000000e+00,0.000000000000000000e+00,0.000000000000000000e+00,-0.000000000000000000e+00,0.000000000000000000e+00,-2.679698616072301656e-02,0.000000000000000000e+00,0.000000000000000000e+00
-1.643446562388007626e-01,-8.259237982440265080e-02,-0.000000000000000000e+00,3.501218453034835726e-02,-1.115808496950252832e-01,0.000000000000000000e+00,0.000000000000000000e+00,3.714599377177355000e-02,2.131336783317030026e+00,-1.898961207306937571e-01,-0.000000000000000000e+00,-2.027241502168695975e-01,-0.000000000000000000e+00,-5.051246173460603034e-02,-1.433953762025708123e-01,-6.771126372831359763e-02,-0.000000000000000000e+00,-2.910017272347357742e-01,-0.000000000000000000e+00,0.000000000000000000e+00,-0.000000000000000000e+00,-0.000000000000000000e+00,-0.000000000000000000e+00,0.000000000000000000e+00,-2.827727121837888546e-01,-0.000000000000000000e+00,-0.000000000000000000e+00,-0.000000000000000000e+00,-9.815801017408488927e-02,-1.323761546610478512e-01,-0.000000000000000000e+00,-1.345316747377209576e-01,-0.000000000000000000e+00,-1.276562039515989344e-01,-0.000000000000000000e+00,-0.000000000000000000e+00,0.000000000000000000e+00,-4.741969319300585323e-02,-2.068772582687818939e-01
-1.098947203715640308e-01,-1.755200446255530122e-01,-0.000000000000000000e+00,0.000000000000000000e+00,-0.000000000000000000e+00,0.000000000000000000e+00,0.000000000000000000e+00,1.473324633346799820e-02,-1.898961207306937571e-01,2.640924997256134166e+00,-0.000000000000000000e+00,-1.925819311118237565e-01,-0.000000000000000000e+00,-7.824883231297456720e-02,-1.920591715249162501e-01,-6.317730696123332601e-01,-0.000000000000000000e+00,-0.000000000000000000e+00,-0.000000000000000000e+00,-0.000000000000000000e+00,-0.000000000000000000e+00,-0.000000000000000000e+00,-0.000000000000000000e+00,0.000000000000000000e+00,-1.138625167489855233e-01,-0.000000000000000000e+00,-0.000000000000000000e+00,-3.803973769518028542e-02,-1.175378171866199584e-01,-0.000000000000000000e+00,-0.000000000000000000e+00,-4.993817784344734695e-02,-9.791831476026768843e-02,-0.000000000000000000e+00,-0.000000000000000000e+00,-0.000000000000000000e+00,8.226446467382451944e-02,-2.725318154724268305e-01,-4.668462505810389573e-01
-0.000000000000000000e+00,-0.000000000000000000e+00,-2.479630710044724781e-02,-0.000000000000000000e+00,-0.000000000000000000e+00,0.000000000000000000e+00,1.314966193081091445e-02,-0.000000000000000000e+00,-0.000000000000000000e+00,-0.000000000000000000e+00,1.117897729046520405e+00,-9.547315005993929626e-02,-0.000000000000000000e+00,-0.000000000000000000e+00,-0.000000000000000000e+00,-0.000000000000000000e+00,-1.482498420172942144e-01,-0.000000000000000000e+00,-0.000000000000000000e+00,0.000000000000000000e+00,-0.000000000000000000e+00,-0.000000000000000000e+00,-0.000000000000000000e+00,-0.000000000000000000e+00,-0.000000000000000000e+00,0.000000000000000000e+00,-0.000000000000000000e+00,-0.000000000000000000e+00,-0.000000000000000000e+00,-0.000000000000000000e+00,-0.000000000000000000e+00,-0.000000000000000000e+00,-2.199029348058139932e-01,-0.000000000000000000e+00,-0.000000000000000000e+00,-0.000000000000000000e+00,0.000000000000000000e+00,-0.000000000000000000e+00,-0.000000000000000000e+00
-6.050502392863506274e-02,-0.000000000000000000e+00,-1.880363006240871326e-01,0.000000000000000000e+00,-0.000000000000000000e+00,0.000000000000000000e+00,8.597096862375615614e-03,0.000000000000000000e+00,-2.027241502168695975e-01,-1.925819311118237565e-01,-9.547315005993929626e-02,2.228407799975898218e+00,-3.941416514409261385e-03,-3.926530688001304142e-02,-4.282453574585768363e-01,-2.404736694155628074e-01,-0.000000000000000000e+00,-1.778666223457862350e-01,-0.000000000000000000e+00,-0.000000000000000000e+00,-4.323421313661209714e-02,-0.000000000000000000e+00,-2.051576440249922861e-01,-0.000000000000000000e+00,-8.770184893053869016e-03,0.000000000000000000e+00,-0.000000000000000000e+00,-0.000000000000000000e+00,-1.444969664149704791e-01,-0.000000000000000000e+00,-0.000000000000000000e+00,-0.000000000000000000e+00,-1.663878976810067301e-01,-0.000000000000000000e+00,-1.733342364867087801e-02,-0.000000000000000000e+00,0.000000000000000000e+00,-0.000000000000000000e+00,-2.436859017405809402e-01
-0.000000000000000000e+00,-0.000000000000000000e+00,-0.000000000000000000e+00,-0.000000000000000000e+00,-0.000000000000000000e+00,-0.000000000000000000e+00,-0.000000000000000000e+00,0.000000000000000000e+00,-0.000000000000000000e+00,-0.000000000000000000e+00,-0.000000000000000000e+00,-3.941416514409261385e-03,1.032374494709237256e+00,-0.000000000000000000e+00,-0.000000000000000000e+00,-9.645743302060255653e-02,-0.000000000000000000e+00,-0.000000000000000000e+00,0.000000000000000000e+00,-2.942378168043231074e-02,-0.000000000000000000e+00,-4.253173561797545660e-02,-0.000000000000000000e+00,0.000000000000000000e+00,-0.000000000000000000e+00,0.000000000000000000e+00,0.000000000000000000e+00,-0.000000000000000000e+00,-4.982974784188093365e-02,0.000000000000000000e+00,-4.714872021707517541e-02,-0.000000000000000000e+00,-0.000000000000000000e+00,0.000000000000000000e+00,-0.000000000000000000e+00,-0.000000000000000000e+00,0.000000000000000000e+00,-0.000000000000000000e+00,-0.000000000000000000e+00
-0.000000000000000000e+00,-0.000000000000000000e+00,-0.000000000000000000e+00,0.000000000000000000e+00,-2.613892590946838013e-01,6.095488453302518733e-02,0.000000000000000000e+00,1.153030605188596902e-01,-5.051246173460603034e-02,-7.824883231297456720e-02,-0.000000000000000000e+00,-3.926530688001304142e-02,-0.000000000000000000e+00,1.784184159508222844e+00,-1.347608216912387358e-01,-1.864288395657696384e-01,-0.000000000000000000e+00,-0.000000000000000000e+00,-0.000000000000000000e+00,-0.000000000000000000e+00,-0.000000000000000000e+00,-0.000000000000000000e+00,-0.000000000000000000e+00,0.000000000000000000e+00,-0.000000000000000000e+00,-0.000000000000000000e+00,-1.697272314415706196e-01,-1.573521301939269368e-01,-6.432940828784226850e-02,-2.023849111264078987e-02,-1.024655439426035014e-01,-8.529087357752641874e-02,-1.360980673759370208e-01,-0.000000000000000000e+00,-0.000000000000000000e+00,-7.101232004255339514e-02,1.681339352829142320e-01,-0.000000000000000000e+00,-7.289242191486633438e-02
-9.523352686573951023e-03,-0.000000000000000000e+00,-0.000000000000000000e+00,1.594107971606469054e-01,-3.210362197355093317e-02,0.000000000000000000e+00,0.000000000000000000e+00,0.000000000000000000e+00,-1.433953762025708123e-01,-1.920591715249162501e-01,-0.000000000000000000e+00,-4.282453574585768363e-01,-0.000000000000000000e+00,-1.347608216912387358e-01,1.796985847919482460e+00,-1.186816921234322281e-01,-0.000000000000000000e+00,-5.583567931045851224e-02,-0.000000000000000000e+00,-0.000000000000000000e+00,-0.000000000000000000e+00,-0.000000000000000000e+00,-0.000000000000000000e+00,0.000000000000000000e+00,-0.000000000000000000e+00,-0.000000000000000000e+00,-0.000000000000000000e+00,-8.142002150598754567e-03,-3.273140337809805206e-02,-0.000000000000000000e+00,-5.997284248370524790e-02,-3.798258903414045845e-02,-0.000000000000000000e+00,-1.258853200499152891e-01,-0.000000000000000000e+00,-0.000000000000000000e+00,0.000000000000000000e+00,-2.155554936711603642e-01,-6.208120647221785846e-03
-1.993401898010279671e-01,-7.900779414800694622e-02,-0.000000000000000000e+00,0.000000000000000000e+00,-0.000000000000000000e+00,0.000000000000000000e+00,0.000000000000000000e+00,2.935823916387758289e-02,-6.771126372831359763e-02,-6.317730696123332601e-01,-0.000000000000000000e+00,-2.404736694155628074e-01,-9.645743302060255653e-02,-1.864288395657696384e-01,-1.186816921234322281e-01,2.593525780476485743e+00,-0.000000000000000000e+00,-0.000000000000000000e+00,-0.000000000000000000e+00,-0.000000000000000000e+00,-6.775021746063060457e-02,-0.000000000000000000e+00,-0.000000000000000000e+00,0.000000000000000000e+00,-1.607337941638120882e-01,-0.000000000000000000e+00,-0.000000000000000000e+00,-2.212208436456424288e-01,-8.274877088736526387e-02,-0.000000000000000000e+00,-0.000000000000000000e+00,-0.000000000000000000e+00,-7.958266021904034093e-02,-0.000000000000000000e+00,-0.000000000000000000e+00,-6.455038788198384780e-02,1.799814046602126738e-01,-1.084479719991048030e-01,-3.196497806407559428e-01
-0.000000000000000000e+00,0.000000000000000000e+00,-0.000000000000000000e+00,0.000000000000000000e+00,-0.000000000000000000e+00,3.268486060473855814e-01,0.000000000000000000e+00,0.000000000000000000e+00,-0.000000000000000000e+00,-0.000000000000000000e+00,-1.482498420172942144e-01,-0.000000000000000000e+00,-0.000000000000000000e+00,-0.000000000000000000e+00,-0.000000000000000000e+00,-0.000000000000000000e+00,1.216106787755649066e+00,-0.000000000000000000e+00,-0.000000000000000000e+00,-0.000000000000000000e+00,-0.000000000000000000e+00,-2.065889325956667480e-02,0.000000000000000000e+00,0.000000000000000000e+00,-0.000000000000000000e+00,-0.000000000000000000e+00,-2.808681943429797156e-02,-1.676888488589579618e-01,-0.000000000000000000e+00,-0.000000000000000000e+00,-0.000000000000000000e+00,-0.000000000000000000e+00,-1.181205691115184003e-01,-0.000000000000000000e+00,-0.000000000000000000e+00,-0.000000000000000000e+00,0.000000000000000000e+00,-0.000000000000000000e+00,-0.000000000000000000e+00
-0.000000000000000000e+00,-0.000000000000000000e+00,-0.000000000000000000e+00,8.718436192417226838e-02,-9.526773676041594419e-02,0.000000000000000000e+00,0.000000000000000000e+00,0.000000000000000000e+00,-2.910017272347357742e-01,-0.000000000000000000e+00,-0.000000000000000000e+00,-1.778666223457862350e-01,-0.000000000000000000e+00,-0.000000000000000000e+00,-5.583567931045851224e-02,-0.000000000000000000e+00,-0.000000000000000000e+00,1.815354284198441359e+00,-7.217311213101541556e-01,0.000000000000000000e+00,-0.000000000000000000e+00,-0.000000000000000000e+00,-0.000000000000000000e+00,-0.000000000000000000e+00,-0.000000000000000000e+00,-0.000000000000000000e+00,-0.000000000000000000e+00,-0.000000000000000000e+00,-0.000000000000000000e+00,-0.000000000000000000e+00,-0.000000000000000000e+00,-2.703391241345950644e-02,-0.000000000000000000e+00,-2.766872253777552526e-01,-0.000000000000000000e+00,-0.000000000000000000e+00,0.000000000000000000e+00,-0.000000000000000000e+00,-0.000000000000000000e+00
-0.000000000000000000e+00,-0.000000000000000000e+00,-0.000000000000000000e+00,0.000000000000000000e+00,-2.170986295008038303e-01,0.000000000000000000e+00,0.000000000000000000e+00,0.000000000000000000e+00,-0.000000000000000000e+00,-0.000000000000000000e+00,-0.000000000000000000e+00,-0.000000000000000000e+00,0.000000000000000000e+00,-0.000000000000000000e+00,-0.000000000000000000e+00,-0.000000000000000000e+00,-0.000000000000000000e+00,-7.217311213101541556e-01,1.627234376507221913e+00,1.339368949250920315e-01,-0.000000000000000000e+00,0.000000000000000000e+00,0.000000000000000000e+00,0.000000000000000000e+00,-0.000000000000000000e+00,-0.000000000000000000e+00,-1.585948854410517556e-02,-0.000000000000000000e+00,-0.000000000000000000e+00,-0.000000000000000000e+00,-0.000000000000000000e+00,-0.000000000000000000e+00,-0.000000000000000000e+00,-2.804116952417213260e-01,-0.000000000000000000e+00,-0.000000000000000000e+00,0.000000000000000000e+00,-0.000000000000000000e+00,-0.000000000000000000e+00
0.000000000000000000e+00,0.000000000000000000e+00,-8.613957991087520250e-02,-3.529666869317280020e-02,0.000000000000000000e+00,0.000000000000000000e+00,-7.089684191611882180e-02,0.000000000000000000e+00,0.000000000000000000e+00,-0.000000000000000000e+00,0.000000000000000000e+00,-0.000000000000000000e+00,-2.942378168043231074e-02,-0.000000000000000000e+00,-0.000000000000000000e+00,-0.000000000000000000e+00,-0.000000000000000000e+00,0.000000000000000000e+00,1.339368949250920315e-01,1.088276883383487048e+00,-0.000000000000000000e+00,-1.800077090939157243e-01,0.000000000000000000e+00,0.000000000000000000e+00,0.000000000000000000e+00,0.000000000000000000e+00,0.000000000000000000e+00,-9.993854031920731962e-02,-0.000000000000000000e+00,0.000000000000000000e+00,0.000000000000000000e+00,-0.000000000000000000e+00,-0.000000000000000000e+00,0.000000000000000000e+00,-0.000000000000000000e+00,-0.000000000000000000e+00,0.000000000000000000e+00,0.000000000000000000e+00,-0.000000000000000000e+00
-0.000000000000000000e+00,-0.000000000000000000e+00,-6.865694713803225172e-03,-0.000000000000000000e+00,-0.000000000000000000e+00,0.000000000000000000e+00,-0.000000000000000000e+00,0.000000000000000000e+00,-0.000000000000000000e+00,-0.000000000000000000e+00,-0.000000000000000000e+00,-4.323421313661209714e-02,-0.000000000000000000e+00,-0.000000000000000000e+00,-0.000000000000000000e+00,-6.775021746063060457e-02,-0.000000000000000000e+00,-0.000000000000000000e+00,-0.000000000000000000e+00,-0.000000000000000000e+00,1.746574880984625988e+00,-2.275193325914578457e-01,-0.000000000000000000e+00,-0.000000000000000000e+00,-2.220862481163674018e-01,0.000000000000000000e+00,-0.000000000000000000e+00,-2.106430122523200166e-01,-2.023348092924611430e-01,-0.000000000000000000e+00,-4.238127766020575483e-03,-0.000000000000000000e+00,-4.520142386996005568e-01,-0.000000000000000000e+00,-1.615479638964588405e-01,-0.000000000000000000e+00,0.000000000000000000e+00,-0.000000000000000000e+00,-1.599762408138197603e-02
-0.000000000000000000e+00,0.000000000000000000e+00,-1.026625679539713010e-01,-0.000000000000000000e+00,-0.000000000000000000e+00,0.000000000000000000e+00,-0.000000000000000000e+00,0.000000000000000000e+00,-0.000000000000000000e+00,-0.000000000000000000e+00,-0.000000000000000000e+00,-0.000000000000000000e+00,-4.253173561797545660e-02,-0.000000000000000000e+00,-0.000000000000000000e+00,-0.000000000000000000e+00,-2.065889325956667480e-02,-0.000000000000000000e+00,0.000000000000000000e+00,-1.800077090939157243e-01,-2.275193325914578457e-01,1.347440915223739211e+00,-0.000000000000000000e+00,-0.000000000000000000e+00,-0.000000000000000000e+00,-0.000000000000000000e+00,-0.000000000000000000e+00,-3.185593053588190449e-01,-0.000000000000000000e+00,-0.000000000000000000e+00,-0.000000000000000000e+00,-0.000000000000000000e+00,-1.122540838129674201e-01,-0.000000000000000000e+00,-3.609816728229717220e-02,-0.000000000000000000e+00,0.000000000000000000e+00,-0.000000000000000000e+00,-0.000000000000000000e+00
-1.735678253215315048e-01,-3.208265854728489797e-01,-0.000000000000000000e+00,0.000000000000000000e+00,-0.000000000000000000e+00,-0.000000000000000000e+00,0.000000000000000000e+00,0.000000000000000000e+00,-0.000000000000000000e+00,-0.000000000000000000e+00,-0.000000000000000000e+00,-2.051576440249922861e-01,-0.000000000000000000e+00,-0.000000000000000000e+00,-0.000000000000000000e+00,-0.000000000000000000e+00,0.000000000000000000e+00,-0.000000000000000000e+00,0.000000000000000000e+00,0.000000000000000000e+00,-0.000000000000000000e+00,-0.000000000000000000e+00,1.628474337884679546e+00,-0.000000000000000000e+00,-5.749309299141871499e-01,0.000000000000000000e+00,-0.000000000000000000e+00,-0.000000000000000000e+00,-2.981225462719208283e-02,-0.000000000000000000e+00,-0.000000000000000000e+00,-0.000000000000000000e+00,-0.000000000000000000e+00,-0.000000000000000000e+00,-0.000000000000000000e+00,-0.000000000000000000e+00,0.000000000000000000e+00,-0.000000000000000000e+00,-0.000000000000000000e+00
0.000000000000000000e+00,0.000000000000000000e+00,-0.000000000000000000e+00,0.000000000000000000e+00,0.000000000000000000e+00,0.000000000000000000e+00,0.000000000000000000e+00,-0.000000000000000000e+00,0.000000000000000000e+00,0.000000000000000000e+00,-0.000000000000000000e+00,-0.000000000000000000e+00,0.000000000000000000e+00,0.000000000000000000e+00,0.000000000000000000e+00,0.000000000000000000e+00,0.000000000000000000e+00,-0.000000000000000000e+00,0.000000000000000000e+00,0.000000000000000000e+00,-0.000000000000000000e+00,-0.000000000000000000e+00,-0.000000000000000000e+00,1.040758042276999307e+00,-0.000000000000000000e+00,1.590465020943288843e-01,-0.000000000000000000e+00,0.000000000000000000e+00,-0.000000000000000000e+00,-0.000000000000000000e+00,0.000000000000000000e+00,-0.000000000000000000e+00,0.000000000000000000e+00,0.000000000000000000e+00,-0.000000000000000000e+00,9.285957877928166515e-02,-0.000000000000000000e+00,0.000000000000000000e+00,0.000000000000000000e+00
-0.000000000000000000e+00,-1.003855925141456523e-01,-0.000000000000000000e+00,0.000000000000000000e+00,-0.000000000000000000e+00,0.000000000000000000e+00,0.000000000000000000e+00,0.000000000000000000e+00,-2.827727121837888546e-01,-1.138625167489855233e-01,-0.000000000000000000e+00,-8.770184893053869016e-03,-0.000000000000000000e+00,-0.000000000000000000e+00,-0.000000000000000000e+00,-1.607337941638120882e-01,-0.000000000000000000e+00,-0.000000000000000000e+00,-0.000000000000000000e+00,0.000000000000000000e+00,-2.220862481163674018e-01,-0.000000000000000000e+00,-5.749309299141871499e-01,-0.000000000000000000e+00,1.974150382692962058e+00,0.000000000000000000e+00,-0.000000000000000000e+00,-0.000000000000000000e+00,-1.947107660179919764e-01,-7.052262325589184200e-02,-0.000000000000000000e+00,-1.284812401801684878e-01,-0.000000000000000000e+00,-0.000000000000000000e+00,-7.939909911431274406e-03,-0.000000000000000000e+00,0.000000000000000000e+00,-0.000000000000000000e+00,-1.107507882259201604e-01
0.000000000000000000e+00,-0.000000000000000000e+00,-0.000000000000000000e+00,0.000000000000000000e+00,-2.357961997314267644e-01,0.000000000000000000e+00,-0.000000000000000000e+00,0.000000000000000000e+00,-0.000000000000000000e+00,-0.000000000000000000e+00,0.000000000000000000e+00,0.000000000000000000e+00,0.000000000000000000e+00,-0.000000000000000000e+00,-0.000000000000000000e+00,-0.000000000000000000e+00,-0.000000000000000000e+00,-0.000000000000000000e+00,-0.000000000000000000e+00,0.000000000000000000e+00,0.000000000000000000e+00,-0.000000000000000000e+00,0.000000000000000000e+00,1.590465020943288843e-01,0.000000000000000000e+00,1.180702163091672974e+00,-8.412662674290347087e-02,-0.000000000000000000e+00,-0.000000000000000000e+00,-2.518172467504333802e-03,-0.000000000000000000e+00,-0.000000000000000000e+00,-0.000000000000000000e+00,-0.000000000000000000e+00,2.078949298630308751e-02,-2.354894168798666587e-01,0.000000000000000000e+00,0.000000000000000000e+00,-0.000000000000000000e+00
-0.000000000000000000e+00,0.000000000000000000e+00,-0.000000000000000000e+00,1.285216464103412781e-01,-2.390720223485052198e-01,0.000000000000000000e+00,0.000000000000000000e+00,0.000000000000000000e+00,-0.000000000000000000e+00,-0.000000000000000000e+00,-0.000000000000000000e+00,-0.000000000000000000e+00,0.000000000000000000e+00,-1.697272314415706196e-01,-0.000000000000000000e+00,-0.000000000000000000e+00,-2.808681943429797156e-02,-0.000000000000000000e+00,-1.585948854410517556e-02,0.000000000000000000e+00,-0.000000000000000000e+00,-0.000000000000000000e+00,-0.000000000000000000e+00,-0.000000000000000000e+00,-0.000000000000000000e+00,-8.412662674290347087e-02,1.273532488065454382e+00,-0.000000000000000000e+00,-0.000000000000000000e+00,-2.342424217369945827e-01,-4.634024712534669244e-02,-0.000000000000000000e+00,-0.000000000000000000e+00,-0.000000000000000000e+00,-0.000000000000000000e+00,-0.000000000000000000e+00,2.229199269719084678e-02,-0.000000000000000000e+00,-0.000000000000000000e+00
-0.000000000000000000e+00,-0.000000000000000000e+00,-1.495271918487435792e-01,-0.000000000000000000e+00,-0.000000000000000000e+00,0.000000000000000000e+00,-0.000000000000000000e+00,0.000000000000000000e+00,-0.000000000000000000e+00,-3.803973769518028542e-02,-0.000000000000000000e+00,-0.000000000000000000e+00,-0.000000000000000000e+00,-1.573521301939269368e-01,-8.142002150598754567e-03,-2.212208436456424288e-01,-1.676888488589579618e-01,-0.000000000000000000e+00,-0.000000000000000000e+00,-9.993854031920731962e-02,-2.106430122523200166e-01,-3.185593053588190449e-01,-0.000000000000000000e+00,0.000000000000000000e+00,-0.000000000000000000e+00,-0.000000000000000000e+00,-0.000000000000000000e+00,2.063191172242621274e+00,-1.481309172897793958e-01,-0.000000000000000000e+00,-0.000000000000000000e+00,-1.029981074767261362e-01,-5.119257437652080522e-01,-0.000000000000000000e+00,-1.866443393913004567e-02,-1.018149917682423800e-01,1.213798473360388902e-01,-0.000000000000000000e+00,-0.000000000000000000e+00
-6.632038788679205099e-02,-0.000000000000000000e+00,-0.000000000000000000e+00,0.000000000000000000e+00,-0.000000000000000000e+00,0.000000000000000000e+00,0.000000000000000000e+00,0.000000000000000000e+00,-9.815801017408488927e-02,-1.175378171866199584e-01,-0.000000000000000000e+00,-1.444969664149704791e-01,-4.982974784188093365e-02,-6.432940828784226850e-02,-3.273140337809805206e-02,-8.274877088736526387e-02,-0.000000000000000000e+00,-0.000000000000000000e+00,-0.000000000000000000e+00,-0.000000000000000000e+00,-2.023348092924611430e-01,-0.000000000000000000e+00,-2.981225462719208283e-02,-0.000000000000000000e+00,-1.947107660179919764e-01,-0.000000000000000000e+00,-0.000000000000000000e+00,-1.481309172897793958e-01,2.015955036644033527e+00,-0.000000000000000000e+00,-2.135542059880508325e-01,-1.453153123782646161e-01,-1.968541088358606028e-01,-0.000000000000000000e+00,-0.000000000000000000e+00,-0.000000000000000000e+00,0.000000000000000000e+00,-0.000000000000000000e+00,-3.043492361196639684e-01
-0.000000000000000000e+00,-0.000000000000000000e+00,-0.000000000000000000e+00,0.000000000000000000e+00,-2.414024671544719169e-01,0.000000000000000000e+00,0.000000000000000000e+00,0.000000000000000000e+00,-1.323761546610478512e-01,-0.000000000000000000e+00,-0.000000000000000000e+00,-0.000000000000000000e+00,0.000000000000000000e+00,-2.023849111264078987e-02,-0.000000000000000000e+00,-0.000000000000000000e+00,-0.000000000000000000e+00,-0.000000000000000000e+00,-0.000000000000000000e+00,0.000000000000000000e+00,-0.000000000000000000e+00,-0.000000000000000000e+00,-0.000000000000000000e+00,-0.000000000000000000e+00,-7.052262325589184200e-02,-2.518172467504333802e-03,-2.342424217369945827e-01,-0.000000000000000000e+00,-0.000000000000000000e+00,1.272635839958085269e+00,-0.000000000000000000e+00,-4.696298762700479995e-02,-0.000000000000000000e+00,-0.000000000000000000e+00,-0.000000000000000000e+00,-1.410962271961856973e-01,0.000000000000000000e+00,-0.000000000000000000e+00,-0.000000000000000000e+00
-1.165650598714826486e-01,-0.000000000000000000e+00,-0.000000000000000000e+00,0.000000000000000000e+00,-3.836194516773477198e-02,0.000000000000000000e+00,0.000000000000000000e+00,2.969277742188795866e-03,-0.000000000000000000e+00,-0.000000000000000000e+00,-0.000000000000000000e+00,-0.000000000000000000e+00,-4.714872021707517541e-02,-1.024655439426035014e-01,-5.997284248370524790e-02,-0.000000000000000000e+00,-0.000000000000000000e+00,-0.000000000000000000e+00,-0.000000000000000000e+00,0.000000000000000000e+00,-4.238127766020575483e-03,-0.000000000000000000e+00,-0.000000000000000000e+00,0.000000000000000000e+00,-0.000000000000000000e+00,-0.000000000000000000e+00,-4.634024712534669244e-02,-0.000000000000000000e+00,-2.135542059880508325e-01,-0.000000000000000000e+00,1.332054898240915053e+00,-0.000000000000000000e+00,-0.000000000000000000e+00,0.000000000000000000e+00,-0.000000000000000000e+00,-0.000000000000000000e+00,2.234946753750641224e-01,-1.607461553548217570e-01,-0.000000000000000000e+00
-0.000000000000000000e+00,-0.000000000000000000e+00,-1.045101440875887029e-02,0.000000000000000000e+00,-6.856722248614527393e-02,0.000000000000000000e+00,0.000000000000000000e+00,0.000000000000000000e+00,-1.345316747377209576e-01,-4.993817784344734695e-02,-0.000000000000000000e+00,-0.000000000000000000e+00,-0.000000000000000000e+00,-8.529087357752641874e-02,-3.798258903414045845e-02,-0.000000000000000000e+00,-0.000000000000000000e+00,-2.703391241345950644e-02,-0.000000000000000000e+00,-0.000000000000000000e+00,-0.000000000000000000e+00,-0.000000000000000000e+00,-0.000000000000000000e+00,-0.000000000000000000e+00,-1.284812401801684878e-01,-0.000000000000000000e+00,-0.000000000000000000e+00,-1.029981074767261362e-01,-1.453153123782646161e-01,-4.696298762700479995e-02,-0.000000000000000000e+00,1.441421851881361516e+00,-2.228017305727265918e-01,-7.416709479038272046e-02,-0.000000000000000000e+00,-5.108233665001474938e-02,0.000000000000000000e+00,-0.000000000000000000e+00,-0.000000000000000000e+00
-0.000000000000000000e+00,-0.000000000000000000e+00,-1.840092062706375764e-01,0.000000000000000000e+00,-0.000000000000000000e+00,1.962649236925886539e-02,0.000000000000000000e+00,0.000000000000000000e+00,-0.000000000000000000e+00,-9.791831476026768843e-02,-2.199029348058139932e-01,-1.663878976810067301e-01,-0.000000000000000000e+00,-1.360980673759370208e-01,-0.000000000000000000e+00,-7.958266021904034093e-02,-1.181205691115184003e-01,-0.000000000000000000e+00,-0.000000000000000000e+00,-0.000000000000000000e+00,-4.520142386996005568e-01,-1.122540838129674201e-01,-0.000000000000000000e+00,0.000000000000000000e+00,-0.000000000000000000e+00,-0.000000000000000000e+00,-0.000000000000000000e+00,-5.119257437652080522e-01,-1.968541088358606028e-01,-0.000000000000000000e+00,-0.000000000000000000e+00,-2.228017305727265918e-01,2.383236261212602347e+00,-0.000000000000000000e+00,-1.917102317592359884e-01,-0.000000000000000000e+00,0.000000000000000000e+00,-0.000000000000000000e+00,-1.820974441550164691e-01
-0.000000000000000000e+00,-0.000000000000000000e+00,-0.000000000000000000e+00,0.000000000000000000e+00,-1.917754811153944416e-01,1.665713964502746336e-02,0.000000000000000000e+00,0.000000000000000000e+00,-1.276562039515989344e-01,-0.000000000000000000e+00,-0.000000000000000000e+00,-0.000000000000000000e+00,0.000000000000000000e+00,-0.000000000000000000e+00,-1.258853200499152891e-01,-0.000000000000000000e+00,-0.000000000000000000e+00,-2.766872253777552526e-01,-2.804116952417213260e-01,0.000000000000000000e+00,-0.000000000000000000e+00,-0.000000000000000000e+00,-0.000000000000000000e+00,0.000000000000000000e+00,-0.000000000000000000e+00,-0.000000000000000000e+00,-0.000000000000000000e+00,-0.000000000000000000e+00,-0.000000000000000000e+00,-0.000000000000000000e+00,0.000000000000000000e+00,-7.416709479038272046e-02,-0.000000000000000000e+00,1.418105052320163262e+00,-0.000000000000000000e+00,-0.000000000000000000e+00,0.000000000000000000e+00,-0.000000000000000000e+00,-0.000000000000000000e+00
-0.000000000000000000e+00,-0.000000000000000000e+00,-0.000000000000000000e+00,-0.000000000000000000e+00,0.000000000000000000e+00,5.191998237471000255e-02,0.000000000000000000e+00,-0.000000000000000000e+00,-0.000000000000000000e+00,-0.000000000000000000e+00,-0.000000000000000000e+00,-1.733342364867087801e-02,-0.000000000000000000e+00,-0.000000000000000000e+00,-0.000000000000000000e+00,-0.000000000000000000e+00,-0.000000000000000000e+00,-0.000000000000000000e+00,-0.000000000000000000e+00,-0.000000000000000000e+00,-1.615479638964588405e-01,-3.609816728229717220e-02,-0.000000000000000000e+00,-0.000000000000000000e+00,-7.939909911431274406e-03,2.078949298630308751e-02,-0.000000000000000000e+00,-1.866443393913004567e-02,-0.000000000000000000e+00,-0.000000000000000000e+00,-0.000000000000000000e+00,-0.000000000000000000e+00,-1.917102317592359884e-01,-0.000000000000000000e+00,1.119689422718187055e+00,-0.000000000000000000e+00,0.000000000000000000e+00,-0.000000000000000000e+00,-0.000000000000000000e+00
-0.000000000000000000e+00,-0.000000000000000000e+00,-0.000000000000000000e+00,-0.000000000000000000e+00,-1.316429976052971296e-01,0.000000000000000000e+00,-0.000000000000000000e+00,0.000000000000000000e+00,-0.000000000000000000e+00,-0.000000000000000000e+00,-0.000000000000000000e+00,-0.000000000000000000e+00,-0.000000000000000000e+00,-7.101232004255339514e-02,-0.000000000000000000e+00,-6.455038788198384780e-02,-0.000000000000000000e+00,-0.000000000000000000e+00,-0.000000000000000000e+00,-0.000000000000000000e+00,-0.000000000000000000e+00,-0.000000000000000000e+00,-0.000000000000000000e+00,9.285957877928166515e-02,-0.000000000000000000e+00,-2.354894168798666587e-01,-0.000000000000000000e+00,-1.018149917682423800e-01,-0.000000000000000000e+00,-1.410962271961856973e-01,-0.000000000000000000e+00,-5.108233665001474938e-02,-0.000000000000000000e+00,-0.000000000000000000e+00,-0.000000000000000000e+00,1.221219078699750771e+00,0.000000000000000000e+00,-0.000000000000000000e+00,-0.000000000000000000e+00
3.959943326123298302e-02,0.000000000000000000e+00,0.000000000000000000e+00,-0.000000000000000000e+00,0.000000000000000000e+00,-3.310275281307840239e-02,-0.000000000000000000e+00,-2.679698616072301656e-02,0.000000000000000000e+00,8.226446467382451944e-02,0.000000000000000000e+00,0.000000000000000000e+00,0.000000000000000000e+00,1.681339352829142320e-01,0.000000000000000000e+00,1.799814046602126738e-01,0.000000000000000000e+00,0.000000000000000000e+00,0.000000000000000000e+00,0.000000000000000000e+00,0.000000000000000000e+00,0.000000000000000000e+00,0.000000000000000000e+00,-0.000000000000000000e+00,0.000000000000000000e+00,0.000000000000000000e+00,2.229199269719084678e-02,1.213798473360388902e-01,0.000000000000000000e+00,0.000000000000000000e+00,2.234946753750641224e-01,0.000000000000000000e+00,0.000000000000000000e+00,0.000000000000000000e+00,0.000000000000000000e+00,0.000000000000000000e+00,1.306120811730258957e+00,2.405196474747380714e-02,0.000000000000000000e+00
-5.754288789100490131e-01,-0.000000000000000000e+00,-0.000000000000000000e+00,1.814639747412482088e-02,-9.052009452428427805e-02,0.000000000000000000e+00,0.000000000000000000e+00,0.000000000000000000e+00,-4.741969319300585323e-02,-2.725318154724268305e-01,-0.000000000000000000e+00,-0.000000000000000000e+00,-0.000000000000000000e+00,-0.000000000000000000e+00,-2.155554936711603642e-01,-1.084479719991048030e-01,-0.000000000000000000e+00,-0.000000000000000000e+00,-0.000000000000000000e+00,0.000000000000000000e+00,-0.000000000000000000e+00,-0.000000000000000000e+00,-0.000000000000000000e+00,0.000000000000000000e+00,-0.000000000000000000e+00,0.000000000000000000e+00,-0.000000000000000000e+00,-0.000000000000000000e+00,-0.000000000000000000e+00,-0.000000000000000000e+00,-1.607461553548217570e-01,-0.000000000000000000e+00,-0.000000000000000000e+00,-0.000000000000000000e+00,-0.000000000000000000e+00,-0.000000000000000000e+00,2.405196474747380714e-02,1.861890285419489866e+00,-2.048776507116605028e-01
-1.157229169008195530e-02,-3.349776569626314315e-01,-0.000000000000000000e+00,0.000000000000000000e+00,-0.000000000000000000e+00,0.000000000000000000e+00,0.000000000000000000e+00,0.000000000000000000e+00,-2.068772582687818939e-01,-4.668462505810389573e-01,-0.000000000000000000e+00,-2.436859017405809402e-01,-0.000000000000000000e+00,-7.289242191486633438e-02,-6.208120647221785846e-03,-3.196497806407559428e-01,-0.000000000000000000e+00,-0.000000000000000000e+00,-0.000000000000000000e+00,-0.000000000000000000e+00,-1.599762408138197603e-02,-0.000000000000000000e+00,-0.000000000000000000e+00,0.000000000000000000e+00,-1.107507882259201604e-01,-0.000000000000000000e+00,-0.000000000000000000e+00,-0.000000000000000000e+00,-3.043492361196639684e-01,-0.000000000000000000e+00,-0.000000000000000000e+00,-0.000000000000000000e+00,-1.820974441550164691e-01,-0.000000000000000000e+00,-0.000000000000000000e+00,-0.000000000000000000e+00,0.000000000000000000e+00,-2.048776507116605028e-01,2.419737052107668873e+00
