1.695587852438314558e+00,-0.000000000000000000e+00,-0.000000000000000000e+00,0.000000000000000000e+00,-0.000000000000000000e+00,-0.000000000000000000e+00,0.000000000000000000e+00,0.000000000000000000e+00,0.000000000000000000e+00,-8.281581968528291260e-02,-3.405749269755752040e-02,-0.000000000000000000e+00,0.000000000000000000e+00,-1.612804226359557669e-01,-0.000000000000000000e+00,-3.759907175282239944e-01,-0.000000000000000000e+00,0.000000000000000000e+00,0.000000000000000000e+00,-0.000000000000000000e+00,-0.000000000000000000e+00,-0.000000000000000000e+00,-0.000000000000000000e+00,-0.000000000000000000e+00,-1.525140688245371634e-01,-4.729664868355231699e-01,-0.000000000000000000e+00,-0.000000000000000000e+00,-0.000000000000000000e+00,-0.000000000000000000e+00,-8.856601844814997182e-02,-0.000000000000000000e+00,-0.000000000000000000e+00,-2.632615351977833917e-01,-1.445961222512640310e-01,-0.000000000000000000e+00,-0.000000000000000000e+00,-0.000000000000000000e+00,0.000000000000000000e+00
-0.000000000000000000e+00,2.651136449953349850e+00,-0.000000000000000000e+00,-2.731149612705381646e-02,-5.060212733549694641e-02,3.506562114799942620e-01,-6.449682230084092388e-03,0.000000000000000000e+00,-1.264805568890181864e-01,-1.476120960856171782e-01,-0.000000000000000000e+00,3.679872168636266205e-01,0.000000000000000000e+00,-0.000000000000000000e+00,0.000000000000000000e+00,-1.487820340610845615e-01,2.848781965577608655e-01,-0.000000000000000000e+00,-0.000000000000000000e+00,-0.000000000000000000e+00,0.000000000000000000e+00,-0.000000000000000000e+00,-0.000000000000000000e+00,-6.568527595564949140e-02,-0.000000000000000000e+00,-0.000000000000000000e+00,-2.865192709860499010e-01,0.000000000000000000e+00,-0.000000000000000000e+00,-6.316176751332459594e-01,-0.000000000000000000e+00,-0.000000000000000000e+00,5.240972360881292202e-02,0.000000000000000000e+00,0.000000000000000000e+00,-0.000000000000000000e+00,0.000000000000000000e+00,-0.000000000000000000e+00,-3.022247714960658027e-01
-0.000000000000000000e+00,-0.000000000000000000e+00,2.409518189231413476e+00,-0.000000000000000000e+00,-2.794466608527128026e-01,0.000000000000000000e+00,-0.000000000000000000e+00,1.065691856057420228e+00,-0.000000000000000000e+00,-9.362800973013438166e-02,0.000000000000000000e+00,-0.000000000000000000e+00,0.000000000000000000e+00,-0.000000000000000000e+00,0.000000000000000000e+00,-0.000000000000000000e+00,0.000000000000000000e+00,-0.000000000000000000e+00,-0.000000000000000000e+00,-1.629891338193950046e-01,-1.073296011500117358e-01,-3.885509176533115117e-01,-4.168333172057764324e-02,-8.524990376543131743e-02,-0.000000000000000000e+00,-9.458955895713092032e-02,-1.414523071575857389e-02,-0.000000000000000000e+00,-0.000000000000000000e+00,-0.000000000000000000e+00,-0.000000000000000000e+00,-0.000000000000000000e+00,-0.000000000000000000e+00,-0.000000000000000000e+00,0.000000000000000000e+00,0.000000000000000000e+00,-0.000000000000000000e+00,-1.427623977973204450e-01,-0.000000000000000000e+00
0.000000000000000000e+00,-2.731149612705381646e-02,-0.000000000000000000e+00,2.851457674486682858e+00,-2.412137321646866950e-01,3.916048460603386294e-01,-0.000000000000000000e+00,0.000000000000000000e+00,-2.847735433818943118e-01,-1.500154156419718048e-02,0.000000000000000000e+00,0.000000000000000000e+00,2.076035085741469721e-01,-0.000000000000000000e+00,4.239305908751763718e-01,-0.000000000000000000e+00,2.077922060238578672e-01,-7.871824450983688770e-02,-1.359903909031997538e-01,-1.262994724722176498e-01,-0.000000000000000000e+00,-0.000000000000000000e+00,-0.000000000000000000e+00,-8.811292200082725123e-02,0.000000000000000000e+00,-0.000000000000000000e+00,-0.000000000000000000e+00,0.000000000000000000e+00,-0.000000000000000000e+00,-5.565477162037140747e-03,-0.000000000000000000e+00,-0.000000000000000000e+00,9.486041299229371060e-02,0.000000000000000000e+00,1.193858332825290247e-01,0.000000000000000000e+00,0.000000000000000000e+00,-3.669964603009666648e-01,-2.075897444544659576e-01
-0.000000000000000000e+00,-5.060212733549694641e-02,-2.794466608527128026e-01,-2.412137321646866950e-01,2.625597738410216042e+00,0.000000000000000000e+00,-0.000000000000000000e+00,0.000000000000000000e+00,-2.782655767239343714e-01,-2.455540914951434006e-01,-0.000000000000000000e+00,0.000000000000000000e+00,0.000000000000000000e+00,-0.000000000000000000e+00,3.080990867405078437e-01,-0.000000000000000000e+00,0.000000000000000000e+00,-6.978525404076474370e-02,-1.928350380232127237e-01,-0.000000000000000000e+00,-0.000000000000000000e+00,-2.517512015435043049e-02,-0.000000000000000000e+00,-2.191709405796521959e-01,-0.000000000000000000e+00,-0.000000000000000000e+00,-9.815560593424078883e-02,0.000000000000000000e+00,-0.000000000000000000e+00,-3.226613359502376044e-01,-0.000000000000000000e+00,-3.794500267376373082e-02,0.000000000000000000e+00,0.000000000000000000e+00,0.000000000000000000e+00,0.000000000000000000e+00,0.000000000000000000e+00,-2.573098384015017892e-01,-1.554229326742901096e-01
-0.000000000000000000e+00,3.506562114799942620e-01,0.000000000000000000e+00,3.916048460603386294e-01,0.000000000000000000e+00,2.666427992883845022e+00,0.000000000000000000e+00,-0.000000000000000000e+00,7.935862559095525903e-02,0.000000000000000000e+00,-0.000000000000000000e+00,-0.000000000000000000e+00,-8.373956457857546776e-02,0.000000000000000000e+00,-1.636985666288087171e-01,0.000000000000000000e+00,-6.102036562927661834e-01,0.000000000000000000e+00,0.000000000000000000e+00,1.613702862349936373e-01,0.000000000000000000e+00,0.000000000000000000e+00,0.000000000000000000e+00,6.517871258373739152e-02,-0.000000000000000000e+00,0.000000000000000000e+00,0.000000000000000000e+00,-0.000000000000000000e+00,0.000000000000000000e+00,1.148859388014403793e-01,0.000000000000000000e+00,0.000000000000000000e+00,-3.205642075695872562e-01,-0.000000000000000000e+00,-7.142293687545294431e-04,0.000000000000000000e+00,-7.369468590297226229e-02,2.558675942661933211e-01,1.265163591254339637e-01
0.000000000000000000e+00,-6.449682230084092388e-03,-0.000000000000000000e+00,-0.000000000000000000e+00,-0.000000000000000000e+00,0.000000000000000000e+00,1.407942654994296161e+00,-0.000000000000000000e+00,-2.911387305878144691e-02,-0.000000000000000000e+00,-3.837339536276725138e-02,3.510661663746087457e-01,0.000000000000000000e+00,-0.000000000000000000e+00,0.000000000000000000e+00,-0.000000000000000000e+00,7.925271993629039169e-02,-1.242458817805180138e-01,-0.000000000000000000e+00,-0.000000000000000000e+00,0.000000000000000000e+00,-0.000000000000000000e+00,-9.334903071588569745e-02,-0.000000000000000000e+00,-0.000000000000000000e+00,0.000000000000000000e+00,-1.124694917873053299e-02,0.000000000000000000e+00,-2.066832222763446414e-01,-0.000000000000000000e+00,-0.000000000000000000e+00,-0.000000000000000000e+00,0.000000000000000000e+00,6.743802934734151322e-02,0.000000000000000000e+00,-0.000000000000000000e+00,0.000000000000000000e+00,-0.000000000000000000e+00,-1.557657312747263434e-01
0.000000000000000000e+00,0.000000000000000000e+00,1.065691856057420228e+00,0.000000000000000000e+00,0.000000000000000000e+00,-0.000000000000000000e+00,-0.000000000000000000e+00,2.232654653544595025e+00,0.000000000000000000e+00,0.000000000000000000e+00,-0.000000000000000000e+00,0.000000000000000000e+00,-0.000000000000000000e+00,0.000000000000000000e+00,-0.000000000000000000e+00,0.000000000000000000e+00,-0.000000000000000000e+00,0.000000000000000000e+00,0.000000000000000000e+00,1.197883981894174443e-01,3.774679624014641854e-01,3.784876540118707333e-01,7.653909099113183345e-03,0.000000000000000000e+00,0.000000000000000000e+00,1.456407595617661421e-01,0.000000000000000000e+00,0.000000000000000000e+00,0.000000000000000000e+00,0.000000000000000000e+00,0.000000000000000000e+00,0.000000000000000000e+00,0.000000000000000000e+00,0.000000000000000000e+00,-0.000000000000000000e+00,-0.000000000000000000e+00,0.000000000000000000e+00,0.000000000000000000e+00,0.000000000000000000e+00
0.000000000000000000e+00,-1.264805568890181864e-01,-0.000000000000000000e+00,-2.847735433818943118e-01,-2.782655767239343714e-01,7.935862559095525903e-02,-2.911387305878144691e-02,0.000000000000000000e+00,2.936530329988358723e+00,-0.000000000000000000e+00,0.000000000000000000e+00,0.000000000000000000e+00,0.000000000000000000e+00,-0.000000000000000000e+00,3.174855466068021159e-01,-0.000000000000000000e+00,0.000000000000000000e+00,-3.919632578403541845e-01,-4.519293716381250214e-01,-0.000000000000000000e+00,0.000000000000000000e+00,-0.000000000000000000e+00,-0.000000000000000000e+00,-1.318945413626623486e-01,-0.000000000000000000e+00,0.000000000000000000e+00,-0.000000000000000000e+00,2.003685402949722250e-01,-0.000000000000000000e+00,-5.275278970412939500e-02,-0.000000000000000000e+00,-0.000000000000000000e+00,6.585592518465702150e-02,0.000000000000000000e+00,0.000000000000000000e+00,0.000000000000000000e+00,0.000000000000000000e+00,-1.980092736100937667e-01,-4.398867348601610550e-01
-8.281581968528291260e-02,-1.476120960856171782e-01,-9.362800973013438166e-02,-1.500154156419718048e-02,-2.455540914951434006e-01,0.000000000000000000e+00,-0.000000000000000000e+00,0.000000000000000000e+00,-0.000000000000000000e+00,2.145724282705285813e+00,-0.000000000000000000e+00,0.000000000000000000e+00,7.377299356438835054e-02,-0.000000000000000000e+00,7.062716593562073930e-02,-3.090666608055131492e-02,0.000000000000000000e+00,-0.000000000000000000e+00,-0.000000000000000000e+00,-0.000000000000000000e+00,-0.000000000000000000e+00,-2.290453478464539172e-01,-0.000000000000000000e+00,-1.240184833473936682e-01,-0.000000000000000000e+00,-1.110037791390669076e-01,-3.802683037860638549e-01,0.000000000000000000e+00,-0.000000000000000000e+00,-4.556330401184878198e-01,-0.000000000000000000e+00,-0.000000000000000000e+00,0.000000000000000000e+00,-0.000000000000000000e+00,0.000000000000000000e+00,-0.000000000000000000e+00,0.000000000000000000e+00,-1.483104838540128256e-01,-0.000000000000000000e+00
-3.405749269755752040e-02,-0.000000000000000000e+00,0.000000000000000000e+00,0.000000000000000000e+00,-0.000000000000000000e+00,-0.000000000000000000e+00,-3.837339536276725138e-02,-0.000000000000000000e+00,0.000000000000000000e+00,-0.000000000000000000e+00,1.441361988552029239e+00,0.000000000000000000e+00,-0.000000000000000000e+00,-0.000000000000000000e+00,-0.000000000000000000e+00,-0.000000000000000000e+00,-0.000000000000000000e+00,0.000000000000000000e+00,0.000000000000000000e+00,0.000000000000000000e+00,0.000000000000000000e+00,0.000000000000000000e+00,-0.000000000000000000e+00,-0.000000000000000000e+00,-5.284571277798337796e-01,-0.000000000000000000e+00,-0.000000000000000000e+00,-0.000000000000000000e+00,-1.335656943052577206e-01,-0.000000000000000000e+00,-1.666981321896506552e-01,-1.212530852016453914e-01,-0.000000000000000000e+00,-0.000000000000000000e+00,-9.697044564089662977e-02,-0.000000000000000000e+00,-0.000000000000000000e+00,0.000000000000000000e+00,-0.000000000000000000e+00
-0.000000000000000000e+00,3.679872168636266205e-01,-0.000000000000000000e+00,0.000000000000000000e+00,0.000000000000000000e+00,-0.000000000000000000e+00,3.510661663746087457e-01,0.000000000000000000e+00,0.000000000000000000e+00,0.000000000000000000e+00,0.000000000000000000e+00,1.589221958730660633e+00,0.000000000000000000e+00,0.000000000000000000e+00,-0.000000000000000000e+00,1.131478233869063002e-02,-2.239758648975674268e-02,0.000000000000000000e+00,0.000000000000000000e+00,-0.000000000000000000e+00,-1.078201452738179918e-02,0.000000000000000000e+00,0.000000000000000000e+00,0.000000000000000000e+00,0.000000000000000000e+00,-0.000000000000000000e+00,0.000000000000000000e+00,-2.741205485655909824e-01,0.000000000000000000e+00,1.149382623249400187e-01,7.811086435562931973e-02,0.000000000000000000e+00,-6.204769908881072743e-02,-3.477991235479731356e-03,-0.000000000000000000e+00,0.000000000000000000e+00,-0.000000000000000000e+00,0.000000000000000000e+00,9.208414187564305242e-02
0.000000000000000000e+00,0.000000000000000000e+00,0.000000000000000000e+00,2.076035085741469721e-01,0.000000000000000000e+00,-8.373956457857546776e-02,0.000000000000000000e+00,-0.000000000000000000e+00,0.000000000000000000e+00,7.377299356438835054e-02,-0.000000000000000000e+00,0.000000000000000000e+00,1.582613187906945162e+00,0.000000000000000000e+00,-1.835762645140031346e-01,0.000000000000000000e+00,-0.000000000000000000e+00,0.000000000000000000e+00,0.000000000000000000e+00,3.361687795391426481e-01,0.000000000000000000e+00,0.000000000000000000e+00,0.000000000000000000e+00,0.000000000000000000e+00,-0.000000000000000000e+00,0.000000000000000000e+00,0.000000000000000000e+00,-0.000000000000000000e+00,0.000000000000000000e+00,0.000000000000000000e+00,-0.000000000000000000e+00,-0.000000000000000000e+00,-0.000000000000000000e+00,0.000000000000000000e+00,-3.029818420635714826e-01,-0.000000000000000000e+00,-0.000000000000000000e+00,1.350809909443071166e-01,0.000000000000000000e+00
-1.612804226359557669e-01,-0.000000000000000000e+00,-0.000000000000000000e+00,-0.000000000000000000e+00,-0.000000000000000000e+00,0.000000000000000000e+00,-0.000000000000000000e+00,0.000000000000000000e+00,-0.000000000000000000e+00,-0.000000000000000000e+00,-0.000000000000000000e+00,0.000000000000000000e+00,0.000000000000000000e+00,1.676073740746779839e+00,0.000000000000000000e+00,-4.762636187948944277e-01,2.623569478742993066e-02,0.000000000000000000e+00,0.000000000000000000e+00,-0.000000000000000000e+00,-0.000000000000000000e+00,-2.189118669244404514e-01,-0.000000000000000000e+00,-0.000000000000000000e+00,-8.128983573572914900e-02,-2.320101544798029991e-01,-1.595511296810482871e-01,-0.000000000000000000e+00,-0.000000000000000000e+00,-7.104026563242619996e-02,-0.000000000000000000e+00,0.000000000000000000e+00,-0.000000000000000000e+00,-7.200707863715806456e-02,-0.000000000000000000e+00,-1.226380692332309091e-01,0.000000000000000000e+00,-0.000000000000000000e+00,-0.000000000000000000e+00
-0.000000000000000000e+00,0.000000000000000000e+00,0.000000000000000000e+00,4.239305908751763718e-01,3.080990867405078437e-01,-1.636985666288087171e-01,0.000000000000000000e+00,-0.000000000000000000e+00,3.174855466068021159e-01,7.062716593562073930e-02,-0.000000000000000000e+00,-0.000000000000000000e+00,-1.835762645140031346e-01,0.000000000000000000e+00,2.830861290549668841e+00,0.000000000000000000e+00,-0.000000000000000000e+00,3.933902460921211430e-01,3.424178155918004007e-01,0.000000000000000000e+00,0.000000000000000000e+00,0.000000000000000000e+00,0.000000000000000000e+00,1.261194396917941253e-02,0.000000000000000000e+00,0.000000000000000000e+00,0.000000000000000000e+00,-0.000000000000000000e+00,0.000000000000000000e+00,0.000000000000000000e+00,0.000000000000000000e+00,0.000000000000000000e+00,-0.000000000000000000e+00,-0.000000000000000000e+00,-6.309682877609094909e-02,-0.000000000000000000e+00,-0.000000000000000000e+00,4.246733794457153155e-01,1.912197580089464999e-01
-3.759907175282239944e-01,-1.487820340610845615e-01,-0.000000000000000000e+00,-0.000000000000000000e+00,-0.000000000000000000e+00,0.000000000000000000e+00,-0.000000000000000000e+00,0.000000000000000000e+00,-0.000000000000000000e+00,-3.090666608055131492e-02,-0.000000000000000000e+00,1.131478233869063002e-02,0.000000000000000000e+00,-4.762636187948944277e-01,0.000000000000000000e+00,2.164406494376493129e+00,0.000000000000000000e+00,0.000000000000000000e+00,0.000000000000000000e+00,-0.000000000000000000e+00,-0.000000000000000000e+00,-0.000000000000000000e+00,-0.000000000000000000e+00,-0.000000000000000000e+00,-0.000000000000000000e+00,-0.000000000000000000e+00,-2.316642961345442286e-01,-0.000000000000000000e+00,-0.000000000000000000e+00,-2.792753607033683916e-01,-2.922465402652087985e-01,-0.000000000000000000e+00,0.000000000000000000e+00,-0.000000000000000000e+00,-0.000000000000000000e+00,-6.220992590291423152e-01,0.000000000000000000e+00,-0.000000000000000000e+00,-0.000000000000000000e+00
-0.000000000000000000e+00,2.848781965577608655e-01,0.000000000000000000e+00,2.077922060238578672e-01,0.000000000000000000e+00,-6.102036562927661834e-01,7.925271993629039169e-02,-0.000000000000000000e+00,0.000000000000000000e+00,0.000000000000000000e+00,-0.000000000000000000e+00,-2.239758648975674268e-02,-0.000000000000000000e+00,2.623569478742993066e-02,-0.000000000000000000e+00,0.000000000000000000e+00,2.205059214182927274e+00,0.000000000000000000e+00,0.000000000000000000e+00,1.357874954276840906e-01,0.000000000000000000e+00,1.004775617958555967e-01,0.000000000000000000e+00,1.253939966438436804e-01,0.000000000000000000e+00,0.000000000000000000e+00,1.183640661406866329e-01,-0.000000000000000000e+00,0.000000000000000000e+00,0.000000000000000000e+00,0.000000000000000000e+00,0.000000000000000000e+00,-3.481044449751603126e-02,-0.000000000000000000e+00,-0.000000000000000000e+00,0.000000000000000000e+00,-0.000000000000000000e+00,1.952305681678502547e-01,1.918258826519765592e-01
0.000000000000000000e+00,-0.000000000000000000e+00,-0.000000000000000000e+00,-7.871824450983688770e-02,-6.978525404076474370e-02,0.000000000000000000e+00,-1.242458817805180138e-01,0.000000000000000000e+00,-3.919632578403541845e-01,-0.000000000000000000e+00,0.000000000000000000e+00,0.000000000000000000e+00,0.000000000000000000e+00,0.000000000000000000e+00,3.933902460921211430e-01,0.000000000000000000e+00,0.000000000000000000e+00,2.556811219123936052e+00,-6.730057968796248069e-01,-0.000000000000000000e+00,0.000000000000000000e+00,-0.000000000000000000e+00,-0.000000000000000000e+00,-0.000000000000000000e+00,-0.000000000000000000e+00,0.000000000000000000e+00,-0.000000000000000000e+00,0.000000000000000000e+00,-0.000000000000000000e+00,-0.000000000000000000e+00,-0.000000000000000000e+00,-6.715204982464165195e-02,7.009163596241667349e-02,4.187492980791079344e-01,9.157694966886429505e-03,2.319951313146122185e-02,0.000000000000000000e+00,-6.500626546842964981e-02,-2.634024453779849617e-01
0.000000000000000000e+00,-0.000000000000000000e+00,-0.000000000000000000e+00,-1.359903909031997538e-01,-1.928350380232127237e-01,0.000000000000000000e+00,-0.000000000000000000e+00,0.000000000000000000e+00,-4.519293716381250214e-01,-0.000000000000000000e+00,0.000000000000000000e+00,0.000000000000000000e+00,0.000000000000000000e+00,0.000000000000000000e+00,3.424178155918004007e-01,0.000000000000000000e+00,0.000000000000000000e+00,-6.730057968796248069e-01,2.615431030097838949e+00,-0.000000000000000000e+00,0.000000000000000000e+00,-0.000000000000000000e+00,-0.000000000000000000e+00,-0.000000000000000000e+00,-0.000000000000000000e+00,0.000000000000000000e+00,-0.000000000000000000e+00,1.412796781692046422e-01,-0.000000000000000000e+00,-0.000000000000000000e+00,-0.000000000000000000e+00,-8.733960180701497156e-02,1.081865275086105541e-02,3.128946395770265676e-01,0.000000000000000000e+00,7.279609688917912380e-02,0.000000000000000000e+00,-4.034441006488464002e-03,-2.922144291345081246e-01
-0.000000000000000000e+00,-0.000000000000000000e+00,-1.629891338193950046e-01,-1.262994724722176498e-01,-0.000000000000000000e+00,1.613702862349936373e-01,-0.000000000000000000e+00,1.197883981894174443e-01,-0.000000000000000000e+00,-0.000000000000000000e+00,0.000000000000000000e+00,-0.000000000000000000e+00,3.361687795391426481e-01,-0.000000000000000000e+00,0.000000000000000000e+00,-0.000000000000000000e+00,1.357874954276840906e-01,-0.000000000000000000e+00,-0.000000000000000000e+00,1.945519937515094888e+00,-1.765416608957524613e-01,-3.732493274114445647e-01,-0.000000000000000000e+00,-0.000000000000000000e+00,0.000000000000000000e+00,-0.000000000000000000e+00,-0.000000000000000000e+00,0.000000000000000000e+00,-0.000000000000000000e+00,-0.000000000000000000e+00,0.000000000000000000e+00,0.000000000000000000e+00,0.000000000000000000e+00,-0.000000000000000000e+00,0.000000000000000000e+00,0.000000000000000000e+00,0.000000000000000000e+00,-3.667756628332058400e-01,-0.000000000000000000e+00
-0.000000000000000000e+00,0.000000000000000000e+00,-1.073296011500117358e-01,-0.000000000000000000e+00,-0.000000000000000000e+00,0.000000000000000000e+00,0.000000000000000000e+00,3.774679624014641854e-01,0.000000000000000000e+00,-0.000000000000000000e+00,0.000000000000000000e+00,-1.078201452738179918e-02,0.000000000000000000e+00,-0.000000000000000000e+00,0.000000000000000000e+00,-0.000000000000000000e+00,0.000000000000000000e+00,0.000000000000000000e+00,0.000000000000000000e+00,-1.765416608957524613e-01,1.921844424450017463e+00,-7.605618745507744527e-02,-0.000000000000000000e+00,-0.000000000000000000e+00,-0.000000000000000000e+00,-7.080522099788292278e-01,-0.000000000000000000e+00,-3.605775358381680396e-01,-0.000000000000000000e+00,0.000000000000000000e+00,-0.000000000000000000e+00,0.000000000000000000e+00,-0.000000000000000000e+00,-2.887850986623711202e-01,-0.000000000000000000e+00,-0.000000000000000000e+00,-0.000000000000000000e+00,-0.000000000000000000e+00,0.000000000000000000e+00
-0.000000000000000000e+00,-0.000000000000000000e+00,-3.885509176533115117e-01,-0.000000000000000000e+00,-2.517512015435043049e-02,0.000000000000000000e+00,-0.000000000000000000e+00,3.784876540118707333e-01,-0.000000000000000000e+00,-2.290453478464539172e-01,0.000000000000000000e+00,0.000000000000000000e+00,0.000000000000000000e+00,-2.189118669244404514e-01,0.000000000000000000e+00,-0.000000000000000000e+00,1.004775617958555967e-01,-0.000000000000000000e+00,-0.000000000000000000e+00,-3.732493274114445647e-01,-7.605618745507744527e-02,1.965786806359339334e+00,-0.000000000000000000e+00,-0.000000000000000000e+00,-0.000000000000000000e+00,-1.875529637962440599e-02,-1.296118034275142716e-01,-0.000000000000000000e+00,-0.000000000000000000e+00,-0.000000000000000000e+00,-0.000000000000000000e+00,-0.000000000000000000e+00,-0.000000000000000000e+00,-0.000000000000000000e+00,0.000000000000000000e+00,-0.000000000000000000e+00,0.000000000000000000e+00,-3.454665497541899817e-04,-0.000000000000000000e+00
-0.000000000000000000e+00,-0.000000000000000000e+00,-4.168333172057764324e-02,-0.000000000000000000e+00,-0.000000000000000000e+00,0.000000000000000000e+00,-9.334903071588569745e-02,7.653909099113183345e-03,-0.000000000000000000e+00,-0.000000000000000000e+00,-0.000000000000000000e+00,0.000000000000000000e+00,0.000000000000000000e+00,-0.000000000000000000e+00,0.000000000000000000e+00,-0.000000000000000000e+00,0.000000000000000000e+00,-0.000000000000000000e+00,-0.000000000000000000e+00,-0.000000000000000000e+00,-0.000000000000000000e+00,-0.000000000000000000e+00,1.620052887608810943e+00,-4.497063419398915074e-01,-2.904612774636110006e-01,-0.000000000000000000e+00,-0.000000000000000000e+00,-0.000000000000000000e+00,-4.204606888841948553e-01,-0.000000000000000000e+00,-0.000000000000000000e+00,-0.000000000000000000e+00,-0.000000000000000000e+00,0.000000000000000000e+00,-0.000000000000000000e+00,0.000000000000000000e+00,-1.395147357309256264e-01,-0.000000000000000000e+00,-0.000000000000000000e+00
-0.000000000000000000e+00,-6.568527595564949140e-02,-8.524990376543131743e-02,-8.811292200082725123e-02,-2.191709405796521959e-01,6.517871258373739152e-02,-0.000000000000000000e+00,0.000000000000000000e+00,-1.318945413626623486e-01,-1.240184833473936682e-01,-0.000000000000000000e+00,0.000000000000000000e+00,0.000000000000000000e+00,-0.000000000000000000e+00,1.261194396917941253e-02,-0.000000000000000000e+00,1.253939966438436804e-01,-0.000000000000000000e+00,-0.000000000000000000e+00,-0.000000000000000000e+00,-0.000000000000000000e+00,-0.000000000000000000e+00,-4.497063419398915074e-01,2.151266425951857464e+00,-0.000000000000000000e+00,-0.000000000000000000e+00,-1.498445966038680632e-01,0.000000000000000000e+00,-2.585691681991330593e-01,-0.000000000000000000e+00,-0.000000000000000000e+00,-4.964522838273217886e-02,0.000000000000000000e+00,0.000000000000000000e+00,0.000000000000000000e+00,0.000000000000000000e+00,-0.000000000000000000e+00,-3.534220380243521809e-01,-1.235662494628576163e-01
-1.525140688245371634e-01,-0.000000000000000000e+00,-0.000000000000000000e+00,0.000000000000000000e+00,-0.000000000000000000e+00,-0.000000000000000000e+00,-0.000000000000000000e+00,0.000000000000000000e+00,-0.000000000000000000e+00,-0.000000000000000000e+00,-5.284571277798337796e-01,0.000000000000000000e+00,-0.000000000000000000e+00,-8.128983573572914900e-02,0.000000000000000000e+00,-0.000000000000000000e+00,0.000000000000000000e+00,-0.000000000000000000e+00,-0.000000000000000000e+00,0.000000000000000000e+00,-0.000000000000000000e+00,-0.000000000000000000e+00,-2.904612774636110006e-01,-0.000000000000000000e+00,2.029435727901049979e+00,-1.115667553513231269e-01,-0.000000000000000000e+00,-0.000000000000000000e+00,-5.253182135610163783e-01,-0.000000000000000000e+00,-8.107985224278430048e-02,-1.874085867089702873e-01,-0.000000000000000000e+00,-0.000000000000000000e+00,-2.156436267086739023e-01,-0.000000000000000000e+00,-2.298963902999912878e-01,-0.000000000000000000e+00,-0.000000000000000000e+00
-4.729664868355231699e-01,-0.000000000000000000e+00,-9.458955895713092032e-02,-0.000000000000000000e+00,-0.000000000000000000e+00,0.000000000000000000e+00,0.000000000000000000e+00,1.456407595617661421e-01,0.000000000000000000e+00,-1.110037791390669076e-01,-0.000000000000000000e+00,-0.000000000000000000e+00,0.000000000000000000e+00,-2.320101544798029991e-01,0.000000000000000000e+00,-0.000000000000000000e+00,0.000000000000000000e+00,0.000000000000000000e+00,0.000000000000000000e+00,-0.000000000000000000e+00,-7.080522099788292278e-01,-1.875529637962440599e-02,-0.000000000000000000e+00,-0.000000000000000000e+00,-1.115667553513231269e-01,1.997577463766561534e+00,-0.000000000000000000e+00,-1.104648720314091170e-01,-2.807923933348447851e-02,-0.000000000000000000e+00,-0.000000000000000000e+00,-0.000000000000000000e+00,-0.000000000000000000e+00,-1.419624525912008273e-01,-0.000000000000000000e+00,-0.000000000000000000e+00,-0.000000000000000000e+00,-0.000000000000000000e+00,0.000000000000000000e+00
-0.000000000000000000e+00,-2.865192709860499010e-01,-1.414523071575857389e-02,-0.000000000000000000e+00,-9.815560593424078883e-02,0.000000000000000000e+00,-1.124694917873053299e-02,0.000000000000000000e+00,-0.000000000000000000e+00,-3.802683037860638549e-01,-0.000000000000000000e+00,0.000000000000000000e+00,0.000000000000000000e+00,-1.595511296810482871e-01,0.000000000000000000e+00,-2.316642961345442286e-01,1.183640661406866329e-01,-0.000000000000000000e+00,-0.000000000000000000e+00,-0.000000000000000000e+00,-0.000000000000000000e+00,-1.296118034275142716e-01,-0.000000000000000000e+00,-1.498445966038680632e-01,-0.000000000000000000e+00,-0.000000000000000000e+00,2.115534408203448624e+00,0.000000000000000000e+00,-4.223856235461872013e-03,-2.020948646827060158e-01,-3.474084978245604582e-01,-8.163710276225540075e-02,0.000000000000000000e+00,0.000000000000000000e+00,0.000000000000000000e+00,-0.000000000000000000e+00,0.000000000000000000e+00,-4.685082381695030579e-02,-0.000000000000000000e+00
-0.000000000000000000e+00,0.000000000000000000e+00,-0.000000000000000000e+00,0.000000000000000000e+00,0.000000000000000000e+00,-0.000000000000000000e+00,0.000000000000000000e+00,0.000000000000000000e+00,2.003685402949722250e-01,0.000000000000000000e+00,-0.000000000000000000e+00,-2.741205485655909824e-01,-0.000000000000000000e+00,-0.000000000000000000e+00,-0.000000000000000000e+00,-0.000000000000000000e+00,-0.000000000000000000e+00,0.000000000000000000e+00,1.412796781692046422e-01,0.000000000000000000e+00,-3.605775358381680396e-01,-0.000000000000000000e+00,-0.000000000000000000e+00,0.000000000000000000e+00,-0.000000000000000000e+00,-1.104648720314091170e-01,0.000000000000000000e+00,2.254461538931084696e+00,-0.000000000000000000e+00,0.000000000000000000e+00,-0.000000000000000000e+00,0.000000000000000000e+00,-6.985658716953458969e-01,-3.068987419534975336e-01,-4.686188424429271748e-02,-0.000000000000000000e+00,-1.865823522324278616e-01,0.000000000000000000e+00,3.188488758160686332e-01
-0.000000000000000000e+00,-0.000000000000000000e+00,-0.000000000000000000e+00,-0.000000000000000000e+00,-0.000000000000000000e+00,0.000000000000000000e+00,-2.066832222763446414e-01,0.000000000000000000e+00,-0.000000000000000000e+00,-0.000000000000000000e+00,-1.335656943052577206e-01,0.000000000000000000e+00,0.000000000000000000e+00,-0.000000000000000000e+00,0.000000000000000000e+00,-0.000000000000000000e+00,0.000000000000000000e+00,-0.000000000000000000e+00,-0.000000000000000000e+00,-0.000000000000000000e+00,-0.000000000000000000e+00,-0.000000000000000000e+00,-4.204606888841948553e-01,-2.585691681991330593e-01,-5.253182135610163783e-01,-2.807923933348447851e-02,-4.223856235461872013e-03,-0.000000000000000000e+00,1.880023962213627220e+00,-0.000000000000000000e+00,-0.000000000000000000e+00,-2.892531436644412146e-01,-0.000000000000000000e+00,0.000000000000000000e+00,-0.000000000000000000e+00,0.000000000000000000e+00,-8.356499585832091737e-02,-0.000000000000000000e+00,-0.000000000000000000e+00
-0.000000000000000000e+00,-6.316176751332459594e-01,-0.000000000000000000e+00,-5.565477162037140747e-03,-3.226613359502376044e-01,1.148859388014403793e-01,-0.000000000000000000e+00,0.000000000000000000e+00,-5.275278970412939500e-02,-4.556330401184878198e-01,-0.000000000000000000e+00,1.149382623249400187e-01,0.000000000000000000e+00,-7.104026563242619996e-02,0.000000000000000000e+00,-2.792753607033683916e-01,0.000000000000000000e+00,-0.000000000000000000e+00,-0.000000000000000000e+00,-0.000000000000000000e+00,0.000000000000000000e+00,-0.000000000000000000e+00,-0.000000000000000000e+00,-0.000000000000000000e+00,-0.000000000000000000e+00,-0.000000000000000000e+00,-2.020948646827060158e-01,0.000000000000000000e+00,-0.000000000000000000e+00,2.317337274808330960e+00,-0.000000000000000000e+00,-0.000000000000000000e+00,0.000000000000000000e+00,0.000000000000000000e+00,0.000000000000000000e+00,-0.000000000000000000e+00,0.000000000000000000e+00,-0.000000000000000000e+00,-6.868049348590146708e-02
-8.856601844814997182e-02,-0.000000000000000000e+00,-0.000000000000000000e+00,-0.000000000000000000e+00,-0.000000000000000000e+00,0.000000000000000000e+00,-0.000000000000000000e+00,0.000000000000000000e+00,-0.000000000000000000e+00,-0.000000000000000000e+00,-1.666981321896506552e-01,7.811086435562931973e-02,-0.000000000000000000e+00,-0.000000000000000000e+00,0.000000000000000000e+00,-2.922465402652087985e-01,0.000000000000000000e+00,-0.000000000000000000e+00,-0.000000000000000000e+00,0.000000000000000000e+00,-0.000000000000000000e+00,-0.000000000000000000e+00,-0.000000000000000000e+00,-0.000000000000000000e+00,-8.107985224278430048e-02,-0.000000000000000000e+00,-3.474084978245604582e-01,-0.000000000000000000e+00,-0.000000000000000000e+00,-0.000000000000000000e+00,1.446602633858388387e+00,-1.834086311392262303e-01,-0.000000000000000000e+00,0.000000000000000000e+00,-0.000000000000000000e+00,-0.000000000000000000e+00,-0.000000000000000000e+00,-0.000000000000000000e+00,-0.000000000000000000e+00
-0.000000000000000000e+00,-0.000000000000000000e+00,-0.000000000000000000e+00,-0.000000000000000000e+00,-3.794500267376373082e-02,0.000000000000000000e+00,-0.000000000000000000e+00,0.000000000000000000e+00,-0.000000000000000000e+00,-0.000000000000000000e+00,-1.212530852016453914e-01,0.000000000000000000e+00,-0.000000000000000000e+00,0.000000000000000000e+00,0.000000000000000000e+00,-0.000000000000000000e+00,0.000000000000000000e+00,-6.715204982464165195e-02,-8.733960180701497156e-02,0.000000000000000000e+00,0.000000000000000000e+00,-0.000000000000000000e+00,-0.000000000000000000e+00,-4.964522838273217886e-02,-1.874085867089702873e-01,-0.000000000000000000e+00,-8.163710276225540075e-02,0.000000000000000000e+00,-2.892531436644412146e-01,-0.000000000000000000e+00,-1.834086311392262303e-01,1.407434801517537526e+00,-0.000000000000000000e+00,9.128945657643648681e-02,-0.000000000000000000e+00,8.919350757540220331e-02,-1.219598521023895765e-01,-0.000000000000000000e+00,-0.000000000000000000e+00
-0.000000000000000000e+00,5.240972360881292202e-02,-0.000000000000000000e+00,9.486041299229371060e-02,0.000000000000000000e+00,-3.205642075695872562e-01,0.000000000000000000e+00,0.000000000000000000e+00,6.585592518465702150e-02,0.000000000000000000e+00,-0.000000000000000000e+00,-6.204769908881072743e-02,-0.000000000000000000e+00,-0.000000000000000000e+00,-0.000000000000000000e+00,0.000000000000000000e+00,-3.481044449751603126e-02,7.009163596241667349e-02,1.081865275086105541e-02,0.000000000000000000e+00,-0.000000000000000000e+00,-0.000000000000000000e+00,-0.000000000000000000e+00,0.000000000000000000e+00,-0.000000000000000000e+00,-0.000000000000000000e+00,0.000000000000000000e+00,-6.985658716953458969e-01,-0.000000000000000000e+00,0.000000000000000000e+00,-0.000000000000000000e+00,-0.000000000000000000e+00,2.146187653035113829e+00,-2.832439520684302495e-04,-2.997456856793849211e-01,-0.000000000000000000e+00,-3.441032893327085063e-01,0.000000000000000000e+00,1.571578436443298865e-01
-2.632615351977833917e-01,0.000000000000000000e+00,-0.000000000000000000e+00,0.000000000000000000e+00,0.000000000000000000e+00,-0.000000000000000000e+00,6.743802934734151322e-02,0.000000000000000000e+00,0.000000000000000000e+00,-0.000000000000000000e+00,-0.000000000000000000e+00,-3.477991235479731356e-03,0.000000000000000000e+00,-7.200707863715806456e-02,-0.000000000000000000e+00,-0.000000000000000000e+00,-0.000000000000000000e+00,4.187492980791079344e-01,3.128946395770265676e-01,-0.000000000000000000e+00,-2.887850986623711202e-01,-0.000000000000000000e+00,0.000000000000000000e+00,0.000000000000000000e+00,-0.000000000000000000e+00,-1.419624525912008273e-01,0.000000000000000000e+00,-3.068987419534975336e-01,0.000000000000000000e+00,0.000000000000000000e+00,0.000000000000000000e+00,9.128945657643648681e-02,-2.832439520684302495e-04,1.846698894121916235e+00,-0.000000000000000000e+00,-2.755651323121297014e-01,-0.000000000000000000e+00,0.000000000000000000e+00,0.000000000000000000e+00
-1.445961222512640310e-01,0.000000000000000000e+00,0.000000000000000000e+00,1.193858332825290247e-01,0.000000000000000000e+00,-7.142293687545294431e-04,0.000000000000000000e+00,-0.000000000000000000e+00,0.000000000000000000e+00,0.000000000000000000e+00,-9.697044564089662977e-02,-0.000000000000000000e+00,-3.029818420635714826e-01,-0.000000000000000000e+00,-6.309682877609094909e-02,-0.000000000000000000e+00,-0.000000000000000000e+00,9.157694966886429505e-03,0.000000000000000000e+00,0.000000000000000000e+00,-0.000000000000000000e+00,0.000000000000000000e+00,-0.000000000000000000e+00,0.000000000000000000e+00,-2.156436267086739023e-01,-0.000000000000000000e+00,0.000000000000000000e+00,-4.686188424429271748e-02,-0.000000000000000000e+00,0.000000000000000000e+00,-0.000000000000000000e+00,-0.000000000000000000e+00,-2.997456856793849211e-01,-0.000000000000000000e+00,1.652530267451824963e+00,-0.000000000000000000e+00,-4.551785915045392650e-01,0.000000000000000000e+00,0.000000000000000000e+00
-0.000000000000000000e+00,-0.000000000000000000e+00,0.000000000000000000e+00,0.000000000000000000e+00,0.000000000000000000e+00,0.000000000000000000e+00,-0.000000000000000000e+00,-0.000000000000000000e+00,0.000000000000000000e+00,-0.000000000000000000e+00,-0.000000000000000000e+00,0.000000000000000000e+00,-0.000000000000000000e+00,-1.226380692332309091e-01,-0.000000000000000000e+00,-6.220992590291423152e-01,0.000000000000000000e+00,2.319951313146122185e-02,7.279609688917912380e-02,0.000000000000000000e+00,-0.000000000000000000e+00,-0.000000000000000000e+00,0.000000000000000000e+00,0.000000000000000000e+00,-0.000000000000000000e+00,-0.000000000000000000e+00,-0.000000000000000000e+00,-0.000000000000000000e+00,0.000000000000000000e+00,-0.000000000000000000e+00,-0.000000000000000000e+00,8.919350757540220331e-02,-0.000000000000000000e+00,-2.755651323121297014e-01,-0.000000000000000000e+00,1.433500706050663931e+00,3.973026631236504375e-02,0.000000000000000000e+00,0.000000000000000000e+00
-0.000000000000000000e+00,0.000000000000000000e+00,-0.000000000000000000e+00,0.000000000000000000e+00,0.000000000000000000e+00,-7.369468590297226229e-02,0.000000000000000000e+00,0.000000000000000000e+00,0.000000000000000000e+00,0.000000000000000000e+00,-0.000000000000000000e+00,-0.000000000000000000e+00,-0.000000000000000000e+00,0.000000000000000000e+00,-0.000000000000000000e+00,0.000000000000000000e+00,-0.000000000000000000e+00,0.000000000000000000e+00,0.000000000000000000e+00,0.000000000000000000e+00,-0.000000000000000000e+00,0.000000000000000000e+00,-1.395147357309256264e-01,-0.000000000000000000e+00,-2.298963902999912878e-01,-0.000000000000000000e+00,0.000000000000000000e+00,-1.865823522324278616e-01,-8.356499585832091737e-02,0.000000000000000000e+00,-0.000000000000000000e+00,-1.219598521023895765e-01,-3.441032893327085063e-01,-0.000000000000000000e+00,-4.551785915045392650e-01,3.973026631236504375e-02,1.597860913688054385e+00,0.000000000000000000e+00,0.000000000000000000e+00
-0.000000000000000000e+00,-0.000000000000000000e+00,-1.427623977973204450e-01,-3.669964603009666648e-01,-2.573098384015017892e-01,2.558675942661933211e-01,-0.000000000000000000e+00,0.000000000000000000e+00,-1.980092736100937667e-01,-1.483104838540128256e-01,0.000000000000000000e+00,0.000000000000000000e+00,1.350809909443071166e-01,-0.000000000000000000e+00,4.246733794457153155e-01,-0.000000000000000000e+00,1.952305681678502547e-01,-6.500626546842964981e-02,-4.034441006488464002e-03,-3.667756628332058400e-01,-0.000000000000000000e+00,-3.454665497541899817e-04,-0.000000000000000000e+00,-3.534220380243521809e-01,-0.000000000000000000e+00,-0.000000000000000000e+00,-4.685082381695030579e-02,0.000000000000000000e+00,-0.000000000000000000e+00,-0.000000000000000000e+00,-0.000000000000000000e+00,-0.000000000000000000e+00,0.000000000000000000e+00,0.000000000000000000e+00,0.000000000000000000e+00,0.000000000000000000e+00,0.000000000000000000e+00,2.852826808787759294e+00,-9.878556162693906406e-02
0.000000000000000000e+00,-3.022247714960658027e-01,-0.000000000000000000e+00,-2.075897444544659576e-01,-1.554229326742901096e-01,1.265163591254339637e-01,-1.557657312747263434e-01,0.000000000000000000e+00,-4.398867348601610550e-01,-0.000000000000000000e+00,-0.000000000000000000e+00,9.208414187564305242e-02,0.000000000000000000e+00,-0.000000000000000000e+00,1.912197580089464999e-01,-0.000000000000000000e+00,1.918258826519765592e-01,-2.634024453779849617e-01,-2.922144291345081246e-01,-0.000000000000000000e+00,0.000000000000000000e+00,-0.000000000000000000e+00,-0.000000000000000000e+00,-1.235662494628576163e-01,-0.000000000000000000e+00,0.000000000000000000e+00,-0.000000000000000000e+00,3.188488758160686332e-01,-0.000000000000000000e+00,-6.868049348590146708e-02,-0.000000000000000000e+00,-0.000000000000000000e+00,1.571578436443298865e-01,0.000000000000000000e+00,0.000000000000000000e+00,0.000000000000000000e+00,0.000000000000000000e+00,-9.878556162693906406e-02,2.914056359101591109e+00
