1.636089517687197681e+00,-0.000000000000000000e+00,-0.000000000000000000e+00,-0.000000000000000000e+00,-0.000000000000000000e+00,0.000000000000000000e+00,0.000000000000000000e+00,-0.000000000000000000e+00,-0.000000000000000000e+00,-0.000000000000000000e+00,0.000000000000000000e+00,-0.000000000000000000e+00,-0.000000000000000000e+00,0.000000000000000000e+00,-1.696180029539614553e-01,-1.880216892582621813e-01,-0.000000000000000000e+00,-0.000000000000000000e+00,-0.000000000000000000e+00,-1.026074618191219895e-01,0.000000000000000000e+00,1.692470493936827081e-01,-6.526271742911091134e-02,-0.000000000000000000e+00,-0.000000000000000000e+00,-3.905595848145828608e-01,0.000000000000000000e+00,-0.000000000000000000e+00,-2.880222062268160133e-01,-2.605560434496948519e-01,3.338535611085955979e-01,-0.000000000000000000e+00,0.000000000000000000e+00,-0.000000000000000000e+00,-0.000000000000000000e+00,-0.000000000000000000e+00,-0.000000000000000000e+00,-1.529779456028272089e-01,0.000000000000000000e+00
-0.000000000000000000e+00,2.296420323128454566e+00,-1.487926651597464289e-01,-0.000000000000000000e+00,-1.490257733566921206e-01,1.485410119714224847e-02,-0.000000000000000000e+00,0.000000000000000000e+00,-4.934216455951477287e-01,-0.000000000000000000e+00,0.000000000000000000e+00,0.000000000000000000e+00,0.000000000000000000e+00,-0.000000000000000000e+00,-0.000000000000000000e+00,-5.038992122598534573e-01,0.000000000000000000e+00,0.000000000000000000e+00,-0.000000000000000000e+00,-0.000000000000000000e+00,0.000000000000000000e+00,-0.000000000000000000e+00,-3.381181143501573172e-01,-0.000000000000000000e+00,-0.000000000000000000e+00,-0.000000000000000000e+00,-0.000000000000000000e+00,-0.000000000000000000e+00,-0.000000000000000000e+00,-1.708339475391372833e-02,-0.000000000000000000e+00,-0.000000000000000000e+00,0.000000000000000000e+00,-5.030772205898978999e-01,-0.000000000000000000e+00,0.000000000000000000e+00,-0.000000000000000000e+00,-3.492137720051442795e-02,-1.613820442733511218e-01
-0.000000000000000000e+00,-1.487926651597464289e-01,2.901635977091804985e+00,0.000000000000000000e+00,-1.869339138956005453e-01,-0.000000000000000000e+00,-0.000000000000000000e+00,1.636475814478569824e+00,-0.000000000000000000e+00,-0.000000000000000000e+00,-0.000000000000000000e+00,-0.000000000000000000e+00,0.000000000000000000e+00,-8.061233449570991139e-02,-0.000000000000000000e+00,-0.000000000000000000e+00,0.000000000000000000e+00,0.000000000000000000e+00,-0.000000000000000000e+00,-3.356113934413784694e-01,-5.862624595199716210e-02,-2.100047052424877381e-01,-0.000000000000000000e+00,-0.000000000000000000e+00,-2.012123753340974153e-01,-0.000000000000000000e+00,-0.000000000000000000e+00,-0.000000000000000000e+00,-0.000000000000000000e+00,-0.000000000000000000e+00,-1.197351159331501991e-01,-0.000000000000000000e+00,-1.427894814807190715e-01,-0.000000000000000000e+00,-0.000000000000000000e+00,-0.000000000000000000e+00,-9.406594554129747709e-02,-0.000000000000000000e+00,-0.000000000000000000e+00
-0.000000000000000000e+00,-0.000000000000000000e+00,0.000000000000000000e+00,1.278283149067670266e+00,0.000000000000000000e+00,0.000000000000000000e+00,-0.000000000000000000e+00,-0.000000000000000000e+00,-1.374355548463712662e-01,-0.000000000000000000e+00,0.000000000000000000e+00,1.214278789070633718e-01,-0.000000000000000000e+00,-0.000000000000000000e+00,0.000000000000000000e+00,-0.000000000000000000e+00,-1.310906719230878481e-01,-8.877984279591240313e-02,-7.047611983442600425e-02,-0.000000000000000000e+00,1.310791466117739168e-01,0.000000000000000000e+00,-0.000000000000000000e+00,-2.278562267934964441e-02,7.488784351551209216e-03,0.000000000000000000e+00,0.000000000000000000e+00,2.528456954041106153e-01,-0.000000000000000000e+00,-0.000000000000000000e+00,0.000000000000000000e+00,-2.571826917431419349e-02,2.119867604613828727e-01,0.000000000000000000e+00,-0.000000000000000000e+00,0.000000000000000000e+00,0.000000000000000000e+00,-0.000000000000000000e+00,-0.000000000000000000e+00
-0.000000000000000000e+00,-1.490257733566921206e-01,-1.869339138956005453e-01,0.000000000000000000e+00,1.768089765124502222e+00,0.000000000000000000e+00,-0.000000000000000000e+00,3.345627617577467405e-01,-1.794406830741268888e-01,-1.008816059837071566e-01,-0.000000000000000000e+00,0.000000000000000000e+00,0.000000000000000000e+00,-1.625229857174680381e-01,-0.000000000000000000e+00,-0.000000000000000000e+00,-0.000000000000000000e+00,0.000000000000000000e+00,-1.002154949862097688e-01,-0.000000000000000000e+00,-0.000000000000000000e+00,-0.000000000000000000e+00,-2.977597422365232428e-03,-0.000000000000000000e+00,-0.000000000000000000e+00,-0.000000000000000000e+00,-0.000000000000000000e+00,-3.006706259351131227e-01,-0.000000000000000000e+00,-1.941201421161630469e-01,-0.000000000000000000e+00,0.000000000000000000e+00,-0.000000000000000000e+00,-1.455587121284113439e-01,-0.000000000000000000e+00,-1.375005960107927305e-01,-0.000000000000000000e+00,-0.000000000000000000e+00,-0.000000000000000000e+00
0.000000000000000000e+00,1.485410119714224847e-02,-0.000000000000000000e+00,0.000000000000000000e+00,0.000000000000000000e+00,2.191624525492819942e+00,0.000000000000000000e+00,0.000000000000000000e+00,1.102292231938694494e-01,0.000000000000000000e+00,-9.517556716583110976e-01,-2.534273791218306648e-01,-0.000000000000000000e+00,-0.000000000000000000e+00,-0.000000000000000000e+00,0.000000000000000000e+00,-0.000000000000000000e+00,-0.000000000000000000e+00,0.000000000000000000e+00,-0.000000000000000000e+00,-1.627994852293893624e-01,-0.000000000000000000e+00,-0.000000000000000000e+00,0.000000000000000000e+00,-3.354198440213527754e-01,-3.316601711060285229e-02,-0.000000000000000000e+00,-0.000000000000000000e+00,-0.000000000000000000e+00,0.000000000000000000e+00,-0.000000000000000000e+00,-7.165879906252531351e-02,-0.000000000000000000e+00,1.897261076036227956e-01,-9.003229683421463958e-02,-3.322421876710134753e-02,-3.666219876088171875e-02,0.000000000000000000e+00,3.686795917160982650e-01
0.000000000000000000e+00,-0.000000000000000000e+00,-0.000000000000000000e+00,-0.000000000000000000e+00,-0.000000000000000000e+00,0.000000000000000000e+00,2.751176871224041864e+00,0.000000000000000000e+00,-3.235127545507359148e-01,-0.000000000000000000e+00,-0.000000000000000000e+00,3.401682017639086064e-01,0.000000000000000000e+00,-0.000000000000000000e+00,-0.000000000000000000e+00,-0.000000000000000000e+00,-0.000000000000000000e+00,-0.000000000000000000e+00,-7.355267248167695060e-01,-0.000000000000000000e+00,0.000000000000000000e+00,-2.413096649255342396e-01,-0.000000000000000000e+00,-2.517049854585700630e-01,-0.000000000000000000e+00,7.178577230743088400e-02,-0.000000000000000000e+00,0.000000000000000000e+00,1.273526198432116396e-01,-0.000000000000000000e+00,-1.155455654450181363e-01,-0.000000000000000000e+00,0.000000000000000000e+00,-0.000000000000000000e+00,0.000000000000000000e+00,0.000000000000000000e+00,0.000000000000000000e+00,-1.605610787241621568e-02,-9.347755358143182702e-01
-0.000000000000000000e+00,0.000000000000000000e+00,1.636475814478569824e+00,-0.000000000000000000e+00,3.345627617577467405e-01,0.000000000000000000e+00,0.000000000000000000e+00,2.851012815540276968e+00,0.000000000000000000e+00,0.000000000000000000e+00,0.000000000000000000e+00,0.000000000000000000e+00,-0.000000000000000000e+00,4.728023466329888541e-02,0.000000000000000000e+00,0.000000000000000000e+00,-0.000000000000000000e+00,-0.000000000000000000e+00,0.000000000000000000e+00,7.418670310239405818e-02,2.401262268307642056e-01,4.598050196345414981e-02,0.000000000000000000e+00,-0.000000000000000000e+00,8.653960518033987359e-02,0.000000000000000000e+00,0.000000000000000000e+00,0.000000000000000000e+00,0.000000000000000000e+00,0.000000000000000000e+00,6.173836262619333826e-02,0.000000000000000000e+00,4.132404460094437071e-01,0.000000000000000000e+00,0.000000000000000000e+00,0.000000000000000000e+00,0.000000000000000000e+00,-0.000000000000000000e+00,-0.000000000000000000e+00
-0.000000000000000000e+00,-4.934216455951477287e-01,-0.000000000000000000e+00,-1.374355548463712662e-01,-1.794406830741268888e-01,1.102292231938694494e-01,-3.235127545507359148e-01,0.000000000000000000e+00,2.546851982444483298e+00,-0.000000000000000000e+00,0.000000000000000000e+00,2.232807012049448092e-01,0.000000000000000000e+00,-0.000000000000000000e+00,-0.000000000000000000e+00,-0.000000000000000000e+00,-0.000000000000000000e+00,-0.000000000000000000e+00,-1.809932548625487470e-01,-0.000000000000000000e+00,7.607835151053361777e-02,0.000000000000000000e+00,-1.153154900958421325e-01,-0.000000000000000000e+00,-0.000000000000000000e+00,0.000000000000000000e+00,-0.000000000000000000e+00,0.000000000000000000e+00,0.000000000000000000e+00,-6.174987539059020314e-01,-0.000000000000000000e+00,-0.000000000000000000e+00,0.000000000000000000e+00,-9.405337212277356529e-02,0.000000000000000000e+00,0.000000000000000000e+00,0.000000000000000000e+00,-6.525461490648929233e-03,-3.799627280848676958e-01
-0.000000000000000000e+00,-0.000000000000000000e+00,-0.000000000000000000e+00,-0.000000000000000000e+00,-1.008816059837071566e-01,0.000000000000000000e+00,-0.000000000000000000e+00,0.000000000000000000e+00,-0.000000000000000000e+00,2.555241261834713562e+00,-0.000000000000000000e+00,0.000000000000000000e+00,0.000000000000000000e+00,0.000000000000000000e+00,-0.000000000000000000e+00,-1.204503610472285047e+00,-0.000000000000000000e+00,0.000000000000000000e+00,-1.602928518892150489e-01,-0.000000000000000000e+00,0.000000000000000000e+00,-0.000000000000000000e+00,-2.136176724122753057e-01,-0.000000000000000000e+00,-0.000000000000000000e+00,-0.000000000000000000e+00,-2.554709699734746819e-01,-0.000000000000000000e+00,-0.000000000000000000e+00,-3.650370470734862205e-01,-0.000000000000000000e+00,-0.000000000000000000e+00,0.000000000000000000e+00,-0.000000000000000000e+00,-1.309761097959033782e-01,-3.237959790797809156e-01,-0.000000000000000000e+00,-0.000000000000000000e+00,-0.000000000000000000e+00
0.000000000000000000e+00,0.000000000000000000e+00,-0.000000000000000000e+00,0.000000000000000000e+00,-0.000000000000000000e+00,-9.517556716583110976e-01,-0.000000000000000000e+00,0.000000000000000000e+00,0.000000000000000000e+00,-0.000000000000000000e+00,1.961382831518522440e+00,-0.000000000000000000e+00,-0.000000000000000000e+00,-0.000000000000000000e+00,-0.000000000000000000e+00,0.000000000000000000e+00,-6.033220236032122985e-01,-0.000000000000000000e+00,-0.000000000000000000e+00,-0.000000000000000000e+00,-1.457827876902815789e-01,-0.000000000000000000e+00,-0.000000000000000000e+00,-0.000000000000000000e+00,-0.000000000000000000e+00,-0.000000000000000000e+00,-0.000000000000000000e+00,-0.000000000000000000e+00,-0.000000000000000000e+00,0.000000000000000000e+00,-0.000000000000000000e+00,-0.000000000000000000e+00,-1.385451180345862177e-01,0.000000000000000000e+00,-0.000000000000000000e+00,-0.000000000000000000e+00,-0.000000000000000000e+00,0.000000000000000000e+00,0.000000000000000000e+00
-0.000000000000000000e+00,0.000000000000000000e+00,-0.000000000000000000e+00,1.214278789070633718e-01,0.000000000000000000e+00,-2.534273791218306648e-01,3.401682017639086064e-01,0.000000000000000000e+00,2.232807012049448092e-01,0.000000000000000000e+00,-0.000000000000000000e+00,1.921759878595649784e+00,-0.000000000000000000e+00,-0.000000000000000000e+00,-0.000000000000000000e+00,0.000000000000000000e+00,0.000000000000000000e+00,-0.000000000000000000e+00,3.907441282657710957e-01,-0.000000000000000000e+00,-9.564909821483952301e-02,-0.000000000000000000e+00,0.000000000000000000e+00,0.000000000000000000e+00,-0.000000000000000000e+00,-0.000000000000000000e+00,0.000000000000000000e+00,-0.000000000000000000e+00,-0.000000000000000000e+00,1.177488678804778782e-01,0.000000000000000000e+00,-0.000000000000000000e+00,-6.352396452294667428e-02,0.000000000000000000e+00,-0.000000000000000000e+00,-0.000000000000000000e+00,-1.103990001800924103e-01,0.000000000000000000e+00,2.735992969218855597e-01
-0.000000000000000000e+00,0.000000000000000000e+00,0.000000000000000000e+00,-0.000000000000000000e+00,0.000000000000000000e+00,-0.000000000000000000e+00,0.000000000000000000e+00,-0.000000000000000000e+00,0.000000000000000000e+00,0.000000000000000000e+00,-0.000000000000000000e+00,-0.000000000000000000e+00,1.302873261985825204e+00,0.000000000000000000e+00,-2.266315215290541918e-01,0.000000000000000000e+00,-6.432371415269393100e-02,0.000000000000000000e+00,0.000000000000000000e+00,-0.000000000000000000e+00,-0.000000000000000000e+00,0.000000000000000000e+00,0.000000000000000000e+00,-0.000000000000000000e+00,0.000000000000000000e+00,-0.000000000000000000e+00,1.323910053362757910e-01,-0.000000000000000000e+00,0.000000000000000000e+00,0.000000000000000000e+00,4.843013844197177065e-01,5.836387858791629302e-02,0.000000000000000000e+00,0.000000000000000000e+00,0.000000000000000000e+00,5.062230549185766509e-02,0.000000000000000000e+00,-0.000000000000000000e+00,0.000000000000000000e+00
0.000000000000000000e+00,-0.000000000000000000e+00,-8.061233449570991139e-02,-0.000000000000000000e+00,-1.625229857174680381e-01,-0.000000000000000000e+00,-0.000000000000000000e+00,4.728023466329888541e-02,-0.000000000000000000e+00,0.000000000000000000e+00,-0.000000000000000000e+00,-0.000000000000000000e+00,0.000000000000000000e+00,1.358774257538701846e+00,0.000000000000000000e+00,0.000000000000000000e+00,-0.000000000000000000e+00,-0.000000000000000000e+00,-0.000000000000000000e+00,-0.000000000000000000e+00,-0.000000000000000000e+00,-0.000000000000000000e+00,-0.000000000000000000e+00,-1.769667463576204275e-02,-0.000000000000000000e+00,0.000000000000000000e+00,0.000000000000000000e+00,0.000000000000000000e+00,-0.000000000000000000e+00,0.000000000000000000e+00,-9.469775943402709839e-02,-8.807287759428009122e-02,-3.504896791836307202e-01,-0.000000000000000000e+00,-0.000000000000000000e+00,-0.000000000000000000e+00,-1.808409489921383451e-01,6.707283475394672234e-02,0.000000000000000000e+00
-1.696180029539614553e-01,-0.000000000000000000e+00,-0.000000000000000000e+00,0.000000000000000000e+00,-0.000000000000000000e+00,-0.000000000000000000e+00,-0.000000000000000000e+00,0.000000000000000000e+00,-0.000000000000000000e+00,-0.000000000000000000e+00,-0.000000000000000000e+00,-0.000000000000000000e+00,-2.266315215290541918e-01,0.000000000000000000e+00,1.387948716863383725e+00,-0.000000000000000000e+00,-0.000000000000000000e+00,-0.000000000000000000e+00,-0.000000000000000000e+00,-3.428629838323436485e-01,-0.000000000000000000e+00,-0.000000000000000000e+00,-0.000000000000000000e+00,-0.000000000000000000e+00,-2.151567810607217524e-01,-0.000000000000000000e+00,0.000000000000000000e+00,-0.000000000000000000e+00,0.000000000000000000e+00,-0.000000000000000000e+00,0.000000000000000000e+00,0.000000000000000000e+00,2.539445388784528079e-02,-0.000000000000000000e+00,0.000000000000000000e+00,0.000000000000000000e+00,0.000000000000000000e+00,-3.382228983954919665e-01,-0.000000000000000000e+00
-1.880216892582621813e-01,-5.038992122598534573e-01,-0.000000000000000000e+00,-0.000000000000000000e+00,-0.000000000000000000e+00,0.000000000000000000e+00,-0.000000000000000000e+00,0.000000000000000000e+00,-0.000000000000000000e+00,-1.204503610472285047e+00,0.000000000000000000e+00,0.000000000000000000e+00,0.000000000000000000e+00,0.000000000000000000e+00,-0.000000000000000000e+00,3.080482119214194903e+00,0.000000000000000000e+00,0.000000000000000000e+00,-0.000000000000000000e+00,-0.000000000000000000e+00,0.000000000000000000e+00,0.000000000000000000e+00,-2.768844778763115966e-01,-0.000000000000000000e+00,-0.000000000000000000e+00,-0.000000000000000000e+00,-0.000000000000000000e+00,-0.000000000000000000e+00,-0.000000000000000000e+00,-6.440596753218968962e-01,-0.000000000000000000e+00,-0.000000000000000000e+00,0.000000000000000000e+00,-2.757253586056883088e-01,-0.000000000000000000e+00,-0.000000000000000000e+00,-0.000000000000000000e+00,-1.913109026966909876e-01,-0.000000000000000000e+00
-0.000000000000000000e+00,0.000000000000000000e+00,0.000000000000000000e+00,-1.310906719230878481e-01,-0.000000000000000000e+00,-0.000000000000000000e+00,-0.000000000000000000e+00,-0.000000000000000000e+00,-0.000000000000000000e+00,-0.000000000000000000e+00,-6.033220236032122985e-01,0.000000000000000000e+00,-6.432371415269393100e-02,-0.000000000000000000e+00,-0.000000000000000000e+00,0.000000000000000000e+00,1.332811966241892021e+00,-8.054649677940695085e-02,-0.000000000000000000e+00,0.000000000000000000e+00,0.000000000000000000e+00,0.000000000000000000e+00,-0.000000000000000000e+00,-0.000000000000000000e+00,0.000000000000000000e+00,-0.000000000000000000e+00,0.000000000000000000e+00,0.000000000000000000e+00,-0.000000000000000000e+00,0.000000000000000000e+00,7.340053251720218483e-03,-0.000000000000000000e+00,0.000000000000000000e+00,1.586218428347302423e-01,-0.000000000000000000e+00,-0.000000000000000000e+00,0.000000000000000000e+00,0.000000000000000000e+00,0.000000000000000000e+00
-0.000000000000000000e+00,0.000000000000000000e+00,0.000000000000000000e+00,-8.877984279591240313e-02,0.000000000000000000e+00,-0.000000000000000000e+00,-0.000000000000000000e+00,-0.000000000000000000e+00,-0.000000000000000000e+00,0.000000000000000000e+00,-0.000000000000000000e+00,-0.000000000000000000e+00,0.000000000000000000e+00,-0.000000000000000000e+00,-0.000000000000000000e+00,0.000000000000000000e+00,-8.054649677940695085e-02,1.028561537552293625e+00,-0.000000000000000000e+00,-0.000000000000000000e+00,0.000000000000000000e+00,-0.000000000000000000e+00,-0.000000000000000000e+00,-0.000000000000000000e+00,-0.000000000000000000e+00,0.000000000000000000e+00,0.000000000000000000e+00,2.359222210653257653e-03,-0.000000000000000000e+00,0.000000000000000000e+00,0.000000000000000000e+00,-8.833062105197549141e-02,0.000000000000000000e+00,8.661577697742423032e-02,0.000000000000000000e+00,0.000000000000000000e+00,0.000000000000000000e+00,-0.000000000000000000e+00,-0.000000000000000000e+00
-0.000000000000000000e+00,-0.000000000000000000e+00,-0.000000000000000000e+00,-7.047611983442600425e-02,-1.002154949862097688e-01,0.000000000000000000e+00,-7.355267248167695060e-01,0.000000000000000000e+00,-1.809932548625487470e-01,-1.602928518892150489e-01,-0.000000000000000000e+00,3.907441282657710957e-01,0.000000000000000000e+00,-0.000000000000000000e+00,-0.000000000000000000e+00,-0.000000000000000000e+00,-0.000000000000000000e+00,-0.000000000000000000e+00,2.161484167568256787e+00,-0.000000000000000000e+00,0.000000000000000000e+00,-0.000000000000000000e+00,-1.855758418935471443e-01,-0.000000000000000000e+00,-0.000000000000000000e+00,0.000000000000000000e+00,-3.301604342785591784e-01,0.000000000000000000e+00,0.000000000000000000e+00,-9.490366791260725077e-02,-0.000000000000000000e+00,-0.000000000000000000e+00,0.000000000000000000e+00,-0.000000000000000000e+00,-0.000000000000000000e+00,-0.000000000000000000e+00,-0.000000000000000000e+00,-0.000000000000000000e+00,-2.558897112562308340e-02
-1.026074618191219895e-01,-0.000000000000000000e+00,-3.356113934413784694e-01,-0.000000000000000000e+00,-0.000000000000000000e+00,-0.000000000000000000e+00,-0.000000000000000000e+00,7.418670310239405818e-02,-0.000000000000000000e+00,-0.000000000000000000e+00,-0.000000000000000000e+00,-0.000000000000000000e+00,-0.000000000000000000e+00,-0.000000000000000000e+00,-3.428629838323436485e-01,-0.000000000000000000e+00,0.000000000000000000e+00,-0.000000000000000000e+00,-0.000000000000000000e+00,1.567515196422003321e+00,-0.000000000000000000e+00,-1.748518482949555086e-01,-2.640864289389679431e-01,-0.000000000000000000e+00,-0.000000000000000000e+00,-0.000000000000000000e+00,-0.000000000000000000e+00,-0.000000000000000000e+00,-0.000000000000000000e+00,-0.000000000000000000e+00,-0.000000000000000000e+00,-4.705443020428298762e-02,0.000000000000000000e+00,-7.130111136133070182e-02,-0.000000000000000000e+00,-0.000000000000000000e+00,-8.895286831789292470e-02,-1.079568739982820075e-01,-0.000000000000000000e+00
0.000000000000000000e+00,0.000000000000000000e+00,-5.862624595199716210e-02,1.310791466117739168e-01,-0.000000000000000000e+00,-1.627994852293893624e-01,0.000000000000000000e+00,2.401262268307642056e-01,7.607835151053361777e-02,0.000000000000000000e+00,-1.457827876902815789e-01,-9.564909821483952301e-02,-0.000000000000000000e+00,-0.000000000000000000e+00,-0.000000000000000000e+00,0.000000000000000000e+00,0.000000000000000000e+00,0.000000000000000000e+00,0.000000000000000000e+00,-0.000000000000000000e+00,1.862471458402163549e+00,-0.000000000000000000e+00,0.000000000000000000e+00,0.000000000000000000e+00,-0.000000000000000000e+00,-0.000000000000000000e+00,0.000000000000000000e+00,-6.488890083011870091e-01,0.000000000000000000e+00,1.420438734500752967e-03,-0.000000000000000000e+00,0.000000000000000000e+00,-4.033160287752520223e-01,0.000000000000000000e+00,0.000000000000000000e+00,-0.000000000000000000e+00,-0.000000000000000000e+00,0.000000000000000000e+00,2.238481869070939030e-04
1.692470493936827081e-01,-0.000000000000000000e+00,-2.100047052424877381e-01,0.000000000000000000e+00,-0.000000000000000000e+00,-0.000000000000000000e+00,-2.413096649255342396e-01,4.598050196345414981e-02,0.000000000000000000e+00,-0.000000000000000000e+00,-0.000000000000000000e+00,-0.000000000000000000e+00,0.000000000000000000e+00,-0.000000000000000000e+00,-0.000000000000000000e+00,0.000000000000000000e+00,0.000000000000000000e+00,-0.000000000000000000e+00,-0.000000000000000000e+00,-1.748518482949555086e-01,-0.000000000000000000e+00,1.945561981729889034e+00,-0.000000000000000000e+00,-0.000000000000000000e+00,-8.050629571052833611e-02,0.000000000000000000e+00,-1.096542272153407105e-01,0.000000000000000000e+00,7.283139551730771766e-02,0.000000000000000000e+00,-9.653022398081843036e-01,-0.000000000000000000e+00,-0.000000000000000000e+00,-0.000000000000000000e+00,0.000000000000000000e+00,0.000000000000000000e+00,-0.000000000000000000e+00,-0.000000000000000000e+00,-0.000000000000000000e+00
-6.526271742911091134e-02,-3.381181143501573172e-01,-0.000000000000000000e+00,-0.000000000000000000e+00,-2.977597422365232428e-03,-0.000000000000000000e+00,-0.000000000000000000e+00,0.000000000000000000e+00,-1.153154900958421325e-01,-2.136176724122753057e-01,-0.000000000000000000e+00,0.000000000000000000e+00,0.000000000000000000e+00,-0.000000000000000000e+00,-0.000000000000000000e+00,-2.768844778763115966e-01,-0.000000000000000000e+00,-0.000000000000000000e+00,-1.855758418935471443e-01,-2.640864289389679431e-01,0.000000000000000000e+00,-0.000000000000000000e+00,2.232860203654047027e+00,-1.070545780190474416e-01,-3.754385870601756880e-01,-0.000000000000000000e+00,-0.000000000000000000e+00,-0.000000000000000000e+00,-0.000000000000000000e+00,-1.944692060114445731e-01,-0.000000000000000000e+00,-3.227068614685968950e-01,0.000000000000000000e+00,-9.358909477244924113e-02,-1.268499617038029714e-01,-0.000000000000000000e+00,-0.000000000000000000e+00,-9.473972528037014063e-02,-0.000000000000000000e+00
-0.000000000000000000e+00,-0.000000000000000000e+00,-0.000000000000000000e+00,-2.278562267934964441e-02,-0.000000000000000000e+00,0.000000000000000000e+00,-2.517049854585700630e-01,-0.000000000000000000e+00,-0.000000000000000000e+00,-0.000000000000000000e+00,-0.000000000000000000e+00,0.000000000000000000e+00,-0.000000000000000000e+00,-1.769667463576204275e-02,-0.000000000000000000e+00,-0.000000000000000000e+00,-0.000000000000000000e+00,-0.000000000000000000e+00,-0.000000000000000000e+00,-0.000000000000000000e+00,0.000000000000000000e+00,-0.000000000000000000e+00,-1.070545780190474416e-01,1.254456281956596753e+00,-0.000000000000000000e+00,0.000000000000000000e+00,-0.000000000000000000e+00,0.000000000000000000e+00,0.000000000000000000e+00,-0.000000000000000000e+00,-0.000000000000000000e+00,-0.000000000000000000e+00,0.000000000000000000e+00,-0.000000000000000000e+00,-0.000000000000000000e+00,3.769151601464333368e-01,-0.000000000000000000e+00,-6.168723924747859105e-02,-8.117465552033766019e-02
-0.000000000000000000e+00,-0.000000000000000000e+00,-2.012123753340974153e-01,7.488784351551209216e-03,-0.000000000000000000e+00,-3.354198440213527754e-01,-0.000000000000000000e+00,8.653960518033987359e-02,-0.000000000000000000e+00,-0.000000000000000000e+00,-0.000000000000000000e+00,-0.000000000000000000e+00,0.000000000000000000e+00,-0.000000000000000000e+00,-2.151567810607217524e-01,-0.000000000000000000e+00,0.000000000000000000e+00,-0.000000000000000000e+00,-0.000000000000000000e+00,-0.000000000000000000e+00,-0.000000000000000000e+00,-8.050629571052833611e-02,-3.754385870601756880e-01,-0.000000000000000000e+00,1.534538975800527449e+00,-0.000000000000000000e+00,-0.000000000000000000e+00,-7.653028691418513330e-02,-0.000000000000000000e+00,-0.000000000000000000e+00,-1.743253508852915176e-02,-0.000000000000000000e+00,-0.000000000000000000e+00,-0.000000000000000000e+00,-1.107694895594880762e-02,-0.000000000000000000e+00,-2.120525557055363830e-01,-0.000000000000000000e+00,0.000000000000000000e+00
-3.905595848145828608e-01,-0.000000000000000000e+00,-0.000000000000000000e+00,0.000000000000000000e+00,-0.000000000000000000e+00,-3.316601711060285229e-02,7.178577230743088400e-02,0.000000000000000000e+00,0.000000000000000000e+00,-0.000000000000000000e+00,-0.000000000000000000e+00,-0.000000000000000000e+00,-0.000000000000000000e+00,0.000000000000000000e+00,-0.000000000000000000e+00,-0.000000000000000000e+00,-0.000000000000000000e+00,0.000000000000000000e+00,0.000000000000000000e+00,-0.000000000000000000e+00,-0.000000000000000000e+00,0.000000000000000000e+00,-0.000000000000000000e+00,0.000000000000000000e+00,-0.000000000000000000e+00,2.012706106518153515e+00,-0.000000000000000000e+00,-3.966686703959361737e-01,-4.221093218461570706e-01,-0.000000000000000000e+00,0.000000000000000000e+00,-0.000000000000000000e+00,-0.000000000000000000e+00,-0.000000000000000000e+00,-2.564817354055854981e-01,-2.939285622412020627e-01,-1.339001355388348413e-01,-0.000000000000000000e+00,2.925193820004405310e-01
0.000000000000000000e+00,-0.000000000000000000e+00,-0.000000000000000000e+00,0.000000000000000000e+00,-0.000000000000000000e+00,-0.000000000000000000e+00,-0.000000000000000000e+00,0.000000000000000000e+00,-0.000000000000000000e+00,-2.554709699734746819e-01,-0.000000000000000000e+00,0.000000000000000000e+00,1.323910053362757910e-01,0.000000000000000000e+00,0.000000000000000000e+00,-0.000000000000000000e+00,0.000000000000000000e+00,0.000000000000000000e+00,-3.301604342785591784e-01,-0.000000000000000000e+00,0.000000000000000000e+00,-1.096542272153407105e-01,-0.000000000000000000e+00,-0.000000000000000000e+00,-0.000000000000000000e+00,-0.000000000000000000e+00,1.599009653559684940e+00,0.000000000000000000e+00,0.000000000000000000e+00,-0.000000000000000000e+00,-5.081616527261254568e-01,-4.190948843550482833e-02,-0.000000000000000000e+00,-0.000000000000000000e+00,-4.157553901115292050e-02,-0.000000000000000000e+00,-0.000000000000000000e+00,-1.682439625764663854e-02,-7.091644024012525027e-02
-0.000000000000000000e+00,-0.000000000000000000e+00,-0.000000000000000000e+00,2.528456954041106153e-01,-3.006706259351131227e-01,-0.000000000000000000e+00,0.000000000000000000e+00,0.000000000000000000e+00,0.000000000000000000e+00,-0.000000000000000000e+00,-0.000000000000000000e+00,-0.000000000000000000e+00,-0.000000000000000000e+00,0.000000000000000000e+00,-0.000000000000000000e+00,-0.000000000000000000e+00,0.000000000000000000e+00,2.359222210653257653e-03,0.000000000000000000e+00,-0.000000000000000000e+00,-6.488890083011870091e-01,0.000000000000000000e+00,-0.000000000000000000e+00,0.000000000000000000e+00,-7.653028691418513330e-02,-3.966686703959361737e-01,0.000000000000000000e+00,1.732902426433252874e+00,-0.000000000000000000e+00,-0.000000000000000000e+00,0.000000000000000000e+00,0.000000000000000000e+00,-0.000000000000000000e+00,-0.000000000000000000e+00,-0.000000000000000000e+00,-0.000000000000000000e+00,-0.000000000000000000e+00,-0.000000000000000000e+00,4.025864806743928437e-02
-2.880222062268160133e-01,-0.000000000000000000e+00,-0.000000000000000000e+00,-0.000000000000000000e+00,-0.000000000000000000e+00,-0.000000000000000000e+00,1.273526198432116396e-01,0.000000000000000000e+00,0.000000000000000000e+00,-0.000000000000000000e+00,-0.000000000000000000e+00,-0.000000000000000000e+00,0.000000000000000000e+00,-0.000000000000000000e+00,0.000000000000000000e+00,-0.000000000000000000e+00,-0.000000000000000000e+00,-0.000000000000000000e+00,0.000000000000000000e+00,-0.000000000000000000e+00,0.000000000000000000e+00,7.283139551730771766e-02,-0.000000000000000000e+00,0.000000000000000000e+00,-0.000000000000000000e+00,-4.221093218461570706e-01,0.000000000000000000e+00,-0.000000000000000000e+00,2.258698017540083480e+00,-0.000000000000000000e+00,0.000000000000000000e+00,-2.525129749995455586e-01,-0.000000000000000000e+00,0.000000000000000000e+00,-6.344566281372125971e-01,-1.532408381373966677e-01,-4.243357979345545039e-01,0.000000000000000000e+00,1.961741952783654375e-01
-2.605560434496948519e-01,-1.708339475391372833e-02,-0.000000000000000000e+00,-0.000000000000000000e+00,-1.941201421161630469e-01,0.000000000000000000e+00,-0.000000000000000000e+00,0.000000000000000000e+00,-6.174987539059020314e-01,-3.650370470734862205e-01,0.000000000000000000e+00,1.177488678804778782e-01,0.000000000000000000e+00,0.000000000000000000e+00,-0.000000000000000000e+00,-6.440596753218968962e-01,0.000000000000000000e+00,0.000000000000000000e+00,-9.490366791260725077e-02,-0.000000000000000000e+00,1.420438734500752967e-03,0.000000000000000000e+00,-1.944692060114445731e-01,-0.000000000000000000e+00,-0.000000000000000000e+00,-0.000000000000000000e+00,-0.000000000000000000e+00,-0.000000000000000000e+00,-0.000000000000000000e+00,2.529865582075626840e+00,-0.000000000000000000e+00,-0.000000000000000000e+00,0.000000000000000000e+00,-2.133781747157809383e-01,-0.000000000000000000e+00,-0.000000000000000000e+00,-0.000000000000000000e+00,-0.000000000000000000e+00,-0.000000000000000000e+00
3.338535611085955979e-01,-0.000000000000000000e+00,-1.197351159331501991e-01,0.000000000000000000e+00,-0.000000000000000000e+00,-0.000000000000000000e+00,-1.155455654450181363e-01,6.173836262619333826e-02,-0.000000000000000000e+00,-0.000000000000000000e+00,-0.000000000000000000e+00,0.000000000000000000e+00,4.843013844197177065e-01,-9.469775943402709839e-02,0.000000000000000000e+00,-0.000000000000000000e+00,7.340053251720218483e-03,0.000000000000000000e+00,-0.000000000000000000e+00,-0.000000000000000000e+00,-0.000000000000000000e+00,-9.653022398081843036e-01,-0.000000000000000000e+00,-0.000000000000000000e+00,-1.743253508852915176e-02,0.000000000000000000e+00,-5.081616527261254568e-01,0.000000000000000000e+00,0.000000000000000000e+00,-0.000000000000000000e+00,2.405795579416233121e+00,-4.574100264471545746e-02,-3.003478404455394157e-01,-0.000000000000000000e+00,-0.000000000000000000e+00,-0.000000000000000000e+00,-0.000000000000000000e+00,0.000000000000000000e+00,-0.000000000000000000e+00
-0.000000000000000000e+00,-0.000000000000000000e+00,-0.000000000000000000e+00,-2.571826917431419349e-02,0.000000000000000000e+00,-7.165879906252531351e-02,-0.000000000000000000e+00,0.000000000000000000e+00,-0.000000000000000000e+00,-0.000000000000000000e+00,-0.000000000000000000e+00,-0.000000000000000000e+00,5.836387858791629302e-02,-8.807287759428009122e-02,0.000000000000000000e+00,-0.000000000000000000e+00,-0.000000000000000000e+00,-8.833062105197549141e-02,-0.000000000000000000e+00,-4.705443020428298762e-02,0.000000000000000000e+00,-0.000000000000000000e+00,-3.227068614685968950e-01,-0.000000000000000000e+00,-0.000000000000000000e+00,-0.000000000000000000e+00,-4.190948843550482833e-02,0.000000000000000000e+00,-2.525129749995455586e-01,-0.000000000000000000e+00,-4.574100264471545746e-02,1.457348983118943231e+00,-0.000000000000000000e+00,0.000000000000000000e+00,-1.739726631475282947e-01,-0.000000000000000000e+00,-2.084040490843259152e-01,-0.000000000000000000e+00,-0.000000000000000000e+00
0.000000000000000000e+00,0.000000000000000000e+00,-1.427894814807190715e-01,2.119867604613828727e-01,-0.000000000000000000e+00,-0.000000000000000000e+00,0.000000000000000000e+00,4.132404460094437071e-01,0.000000000000000000e+00,0.000000000000000000e+00,-1.385451180345862177e-01,-6.352396452294667428e-02,0.000000000000000000e+00,-3.504896791836307202e-01,2.539445388784528079e-02,0.000000000000000000e+00,0.000000000000000000e+00,0.000000000000000000e+00,0.000000000000000000e+00,0.000000000000000000e+00,-4.033160287752520223e-01,-0.000000000000000000e+00,0.000000000000000000e+00,0.000000000000000000e+00,-0.000000000000000000e+00,-0.000000000000000000e+00,-0.000000000000000000e+00,-0.000000000000000000e+00,-0.000000000000000000e+00,0.000000000000000000e+00,-3.003478404455394157e-01,-0.000000000000000000e+00,2.034390789682718026e+00,0.000000000000000000e+00,-0.000000000000000000e+00,-0.000000000000000000e+00,-2.350654480279701919e-01,3.329445425204584086e-01,0.000000000000000000e+00
-0.000000000000000000e+00,-5.030772205898978999e-01,-0.000000000000000000e+00,0.000000000000000000e+00,-1.455587121284113439e-01,1.897261076036227956e-01,-0.000000000000000000e+00,0.000000000000000000e+00,-9.405337212277356529e-02,-0.000000000000000000e+00,0.000000000000000000e+00,0.000000000000000000e+00,0.000000000000000000e+00,-0.000000000000000000e+00,-0.000000000000000000e+00,-2.757253586056883088e-01,1.586218428347302423e-01,8.661577697742423032e-02,-0.000000000000000000e+00,-7.130111136133070182e-02,0.000000000000000000e+00,-0.000000000000000000e+00,-9.358909477244924113e-02,-0.000000000000000000e+00,-0.000000000000000000e+00,-0.000000000000000000e+00,-0.000000000000000000e+00,-0.000000000000000000e+00,0.000000000000000000e+00,-2.133781747157809383e-01,-0.000000000000000000e+00,0.000000000000000000e+00,0.000000000000000000e+00,1.886111410494178742e+00,-0.000000000000000000e+00,0.000000000000000000e+00,-0.000000000000000000e+00,-1.535229989169068776e-01,-2.266710435267682566e-02
-0.000000000000000000e+00,-0.000000000000000000e+00,-0.000000000000000000e+00,-0.000000000000000000e+00,-0.000000000000000000e+00,-9.003229683421463958e-02,0.000000000000000000e+00,0.000000000000000000e+00,0.000000000000000000e+00,-1.309761097959033782e-01,-0.000000000000000000e+00,-0.000000000000000000e+00,0.000000000000000000e+00,-0.000000000000000000e+00,0.000000000000000000e+00,-0.000000000000000000e+00,-0.000000000000000000e+00,0.000000000000000000e+00,-0.000000000000000000e+00,-0.000000000000000000e+00,0.000000000000000000e+00,0.000000000000000000e+00,-1.268499617038029714e-01,-0.000000000000000000e+00,-1.107694895594880762e-02,-2.564817354055854981e-01,-4.157553901115292050e-02,-0.000000000000000000e+00,-6.344566281372125971e-01,-0.000000000000000000e+00,-0.000000000000000000e+00,-1.739726631475282947e-01,-0.000000000000000000e+00,-0.000000000000000000e+00,2.188657286758751042e+00,-4.113838046629650358e-02,-7.244094256698937473e-01,-0.000000000000000000e+00,0.000000000000000000e+00
-0.000000000000000000e+00,0.000000000000000000e+00,-0.000000000000000000e+00,0.000000000000000000e+00,-1.375005960107927305e-01,-3.322421876710134753e-02,0.000000000000000000e+00,0.000000000000000000e+00,0.000000000000000000e+00,-3.237959790797809156e-01,-0.000000000000000000e+00,-0.000000000000000000e+00,5.062230549185766509e-02,-0.000000000000000000e+00,0.000000000000000000e+00,-0.000000000000000000e+00,-0.000000000000000000e+00,0.000000000000000000e+00,-0.000000000000000000e+00,-0.000000000000000000e+00,-0.000000000000000000e+00,0.000000000000000000e+00,-0.000000000000000000e+00,3.769151601464333368e-01,-0.000000000000000000e+00,-2.939285622412020627e-01,-0.000000000000000000e+00,-0.000000000000000000e+00,-1.532408381373966677e-01,-0.000000000000000000e+00,-0.000000000000000000e+00,-0.000000000000000000e+00,-0.000000000000000000e+00,0.000000000000000000e+00,-4.113838046629650358e-02,1.504950299672988878e+00,-1.167442909185310573e-01,8.117823374612104237e-02,0.000000000000000000e+00
-0.000000000000000000e+00,-0.000000000000000000e+00,-9.406594554129747709e-02,0.000000000000000000e+00,-0.000000000000000000e+00,-3.666219876088171875e-02,0.000000000000000000e+00,0.000000000000000000e+00,0.000000000000000000e+00,-0.000000000000000000e+00,-0.000000000000000000e+00,-1.103990001800924103e-01,0.000000000000000000e+00,-1.808409489921383451e-01,0.000000000000000000e+00,-0.000000000000000000e+00,0.000000000000000000e+00,0.000000000000000000e+00,-0.000000000000000000e+00,-8.895286831789292470e-02,-0.000000000000000000e+00,-0.000000000000000000e+00,-0.000000000000000000e+00,-0.000000000000000000e+00,-2.120525557055363830e-01,-1.339001355388348413e-01,-0.000000000000000000e+00,-0.000000000000000000e+00,-4.243357979345545039e-01,-0.000000000000000000e+00,-0.000000000000000000e+00,-2.084040490843259152e-01,-2.350654480279701919e-01,-0.000000000000000000e+00,-7.244094256698937473e-01,-1.167442909185310573e-01,2.236240998012192005e+00,0.000000000000000000e+00,0.000000000000000000e+00
-1.529779456028272089e-01,-3.492137720051442795e-02,-0.000000000000000000e+00,-0.000000000000000000e+00,-0.000000000000000000e+00,0.000000000000000000e+00,-1.605610787241621568e-02,-0.000000000000000000e+00,-6.525461490648929233e-03,-0.000000000000000000e+00,0.000000000000000000e+00,0.000000000000000000e+00,-0.000000000000000000e+00,6.707283475394672234e-02,-3.382228983954919665e-01,-1.913109026966909876e-01,0.000000000000000000e+00,-0.000000000000000000e+00,-0.000000000000000000e+00,-1.079568739982820075e-01,0.000000000000000000e+00,-0.000000000000000000e+00,-9.473972528037014063e-02,-6.168723924747859105e-02,-0.000000000000000000e+00,-0.000000000000000000e+00,-1.682439625764663854e-02,-0.000000000000000000e+00,0.000000000000000000e+00,-0.000000000000000000e+00,0.000000000000000000e+00,-0.000000000000000000e+00,3.329445425204584086e-01,-1.535229989169068776e-01,-0.000000000000000000e+00,8.117823374612104237e-02,0.000000000000000000e+00,1.644614517415275312e+00,-3.863837128060420567e-01
0.000000000000000000e+00,-1.613820442733511218e-01,-0.000000000000000000e+00,-0.000000000000000000e+00,-0.000000000000000000e+00,3.686795917160982650e-01,-9.347755358143182702e-01,-0.000000000000000000e+00,-3.799627280848676958e-01,-0.000000000000000000e+00,0.000000000000000000e+00,2.735992969218855597e-01,0.000000000000000000e+00,0.000000000000000000e+00,-0.000000000000000000e+00,-0.000000000000000000e+00,0.000000000000000000e+00,-0.000000000000000000e+00,-2.558897112562308340e-02,-0.000000000000000000e+00,2.238481869070939030e-04,-0.000000000000000000e+00,-0.000000000000000000e+00,-8.117465552033766019e-02,0.000000000000000000e+00,2.925193820004405310e-01,-7.091644024012525027e-02,4.025864806743928437e-02,1.961741952783654375e-01,-0.000000000000000000e+00,-0.000000000000000000e+00,-0.000000000000000000e+00,0.000000000000000000e+00,-2.266710435267682566e-02,0.000000000000000000e+00,0.000000000000000000e+00,0.000000000000000000e+00,-3.863837128060420567e-01,2.675175684427534950e+00
