2.303954862581792273e+00,-4.961133016153712605e-01,-0.000000000000000000e+00,0.000000000000000000e+00,-0.000000000000000000e+00,0.000000000000000000e+00,-0.000000000000000000e+00,0.000000000000000000e+00,-2.119159660934219480e-01,-1.524598404038644273e-01,0.000000000000000000e+00,-0.000000000000000000e+00,-0.000000000000000000e+00,-0.000000000000000000e+00,-0.000000000000000000e+00,-1.393366009235441905e-01,1.650495581454586302e-02,-2.699600024117579378e-02,-7.384085945106289017e-02,-1.034357487430820483e-01,-0.000000000000000000e+00,0.000000000000000000e+00,-0.000000000000000000e+00,0.000000000000000000e+00,-0.000000000000000000e+00,-1.099937373829548704e-01,-0.000000000000000000e+00,-0.000000000000000000e+00,0.000000000000000000e+00,-0.000000000000000000e+00,-0.000000000000000000e+00,-0.000000000000000000e+00,0.000000000000000000e+00,-0.000000000000000000e+00,-2.452014582163762335e-01,-0.000000000000000000e+00,-4.076584821643898515e-02,-4.315470209875092999e-01,-2.688185287323648365e-01
-4.961133016153712605e-01,2.429048765662116249e+00,-0.000000000000000000e+00,0.000000000000000000e+00,-0.000000000000000000e+00,0.000000000000000000e+00,-0.000000000000000000e+00,-0.000000000000000000e+00,-6.041709662643096612e-02,-2.584908238969708116e-01,0.000000000000000000e+00,-3.413730122274054590e-01,-0.000000000000000000e+00,-0.000000000000000000e+00,-0.000000000000000000e+00,-1.234134738356973265e-01,0.000000000000000000e+00,-1.282603516699634127e-01,-0.000000000000000000e+00,-0.000000000000000000e+00,-0.000000000000000000e+00,0.000000000000000000e+00,-0.000000000000000000e+00,1.672521718532098967e-01,-6.804096121891986537e-02,-0.000000000000000000e+00,-0.000000000000000000e+00,-0.000000000000000000e+00,0.000000000000000000e+00,-1.573230147709749338e-01,-0.000000000000000000e+00,-0.000000000000000000e+00,5.693908584882717561e-02,-1.023376226478421719e-01,-3.137347432703178063e-01,-0.000000000000000000e+00,-0.000000000000000000e+00,-2.978064252096343512e-01,-0.000000000000000000e+00
-0.000000000000000000e+00,-0.000000000000000000e+00,2.300646735144536770e+00,0.000000000000000000e+00,-3.527685305134800609e-01,-0.000000000000000000e+00,-0.000000000000000000e+00,1.100789687097165626e+00,-0.000000000000000000e+00,-0.000000000000000000e+00,0.000000000000000000e+00,-0.000000000000000000e+00,-0.000000000000000000e+00,-1.050772100278979382e-02,-0.000000000000000000e+00,-0.000000000000000000e+00,0.000000000000000000e+00,-0.000000000000000000e+00,-4.288408077478471359e-02,-2.065751090270097068e-01,-2.351432824085580298e-01,-1.071534388345929262e-01,-0.000000000000000000e+00,-0.000000000000000000e+00,-0.000000000000000000e+00,-7.496330550366538115e-02,-0.000000000000000000e+00,-0.000000000000000000e+00,-0.000000000000000000e+00,-0.000000000000000000e+00,-0.000000000000000000e+00,-0.000000000000000000e+00,-3.964134165486647016e-02,-0.000000000000000000e+00,-0.000000000000000000e+00,-3.173742002747954594e-01,-0.000000000000000000e+00,-0.000000000000000000e+00,-0.000000000000000000e+00
0.000000000000000000e+00,0.000000000000000000e+00,0.000000000000000000e+00,1.345199413898041874e+00,0.000000000000000000e+00,0.000000000000000000e+00,0.000000000000000000e+00,-0.000000000000000000e+00,0.000000000000000000e+00,0.000000000000000000e+00,-0.000000000000000000e+00,0.000000000000000000e+00,0.000000000000000000e+00,2.613880926835824431e-02,1.287080031429159444e-01,0.000000000000000000e+00,-0.000000000000000000e+00,0.000000000000000000e+00,0.000000000000000000e+00,0.000000000000000000e+00,0.000000000000000000e+00,0.000000000000000000e+00,0.000000000000000000e+00,0.000000000000000000e+00,0.000000000000000000e+00,2.032865128408783695e-01,0.000000000000000000e+00,4.209604343747981869e-01,7.756282460026719949e-02,0.000000000000000000e+00,7.172179586808567764e-02,-0.000000000000000000e+00,0.000000000000000000e+00,0.000000000000000000e+00,0.000000000000000000e+00,0.000000000000000000e+00,0.000000000000000000e+00,0.000000000000000000e+00,0.000000000000000000e+00
-0.000000000000000000e+00,-0.000000000000000000e+00,-3.527685305134800609e-01,0.000000000000000000e+00,1.750372952926751768e+00,-0.000000000000000000e+00,-0.000000000000000000e+00,1.219423651541077097e-01,-0.000000000000000000e+00,-0.000000000000000000e+00,-0.000000000000000000e+00,-0.000000000000000000e+00,-0.000000000000000000e+00,-1.801554952376246133e-01,-0.000000000000000000e+00,-0.000000000000000000e+00,0.000000000000000000e+00,-0.000000000000000000e+00,-0.000000000000000000e+00,-0.000000000000000000e+00,-0.000000000000000000e+00,-1.145361997494825229e-01,-2.721097502702624071e-01,-0.000000000000000000e+00,-0.000000000000000000e+00,-1.649298180883002063e-01,-0.000000000000000000e+00,-0.000000000000000000e+00,-0.000000000000000000e+00,-0.000000000000000000e+00,-0.000000000000000000e+00,-0.000000000000000000e+00,-4.699106663102844972e-01,-0.000000000000000000e+00,-0.000000000000000000e+00,-5.665600341297528930e-02,-0.000000000000000000e+00,-0.000000000000000000e+00,-0.000000000000000000e+00
0.000000000000000000e+00,0.000000000000000000e+00,-0.000000000000000000e+00,0.000000000000000000e+00,-0.000000000000000000e+00,1.147917106410661248e+00,0.000000000000000000e+00,0.000000000000000000e+00,0.000000000000000000e+00,0.000000000000000000e+00,-0.000000000000000000e+00,0.000000000000000000e+00,0.000000000000000000e+00,-1.232759381686000244e-01,0.000000000000000000e+00,0.000000000000000000e+00,-0.000000000000000000e+00,0.000000000000000000e+00,0.000000000000000000e+00,0.000000000000000000e+00,-0.000000000000000000e+00,-0.000000000000000000e+00,-1.006594616034921369e-01,-0.000000000000000000e+00,0.000000000000000000e+00,-0.000000000000000000e+00,-0.000000000000000000e+00,-4.567631346761837768e-02,-0.000000000000000000e+00,0.000000000000000000e+00,-0.000000000000000000e+00,-0.000000000000000000e+00,-2.900203527233047307e-01,0.000000000000000000e+00,0.000000000000000000e+00,-0.000000000000000000e+00,-0.000000000000000000e+00,0.000000000000000000e+00,0.000000000000000000e+00
-0.000000000000000000e+00,-0.000000000000000000e+00,-0.000000000000000000e+00,0.000000000000000000e+00,-0.000000000000000000e+00,0.000000000000000000e+00,1.219557033051301698e+00,0.000000000000000000e+00,-0.000000000000000000e+00,-0.000000000000000000e+00,0.000000000000000000e+00,-0.000000000000000000e+00,-1.712094371058132600e-02,-0.000000000000000000e+00,-0.000000000000000000e+00,-0.000000000000000000e+00,0.000000000000000000e+00,-1.292834441076311791e-01,-7.009218081205496886e-02,-0.000000000000000000e+00,-0.000000000000000000e+00,-0.000000000000000000e+00,-0.000000000000000000e+00,0.000000000000000000e+00,-0.000000000000000000e+00,-0.000000000000000000e+00,-1.488207332967625418e-01,-0.000000000000000000e+00,0.000000000000000000e+00,-0.000000000000000000e+00,-0.000000000000000000e+00,-0.000000000000000000e+00,0.000000000000000000e+00,-1.468332024540344727e-01,-0.000000000000000000e+00,-0.000000000000000000e+00,-0.000000000000000000e+00,-7.080545566843812755e-02,-1.129639911230975735e-01
0.000000000000000000e+00,-0.000000000000000000e+00,1.100789687097165626e+00,-0.000000000000000000e+00,1.219423651541077097e-01,0.000000000000000000e+00,0.000000000000000000e+00,2.027063654335412579e+00,0.000000000000000000e+00,0.000000000000000000e+00,-0.000000000000000000e+00,-0.000000000000000000e+00,0.000000000000000000e+00,0.000000000000000000e+00,0.000000000000000000e+00,0.000000000000000000e+00,-0.000000000000000000e+00,0.000000000000000000e+00,0.000000000000000000e+00,3.776794010934449858e-02,1.176738775652030750e-01,1.974143442114818237e-01,0.000000000000000000e+00,0.000000000000000000e+00,0.000000000000000000e+00,0.000000000000000000e+00,0.000000000000000000e+00,0.000000000000000000e+00,0.000000000000000000e+00,-0.000000000000000000e+00,0.000000000000000000e+00,0.000000000000000000e+00,2.090428127217923704e-01,0.000000000000000000e+00,0.000000000000000000e+00,7.508737754809658056e-03,0.000000000000000000e+00,0.000000000000000000e+00,0.000000000000000000e+00
-2.119159660934219480e-01,-6.041709662643096612e-02,-0.000000000000000000e+00,0.000000000000000000e+00,-0.000000000000000000e+00,0.000000000000000000e+00,-0.000000000000000000e+00,0.000000000000000000e+00,2.224288051176896985e+00,-9.265655752211524043e-02,0.000000000000000000e+00,-0.000000000000000000e+00,-0.000000000000000000e+00,-0.000000000000000000e+00,-0.000000000000000000e+00,-2.049690578798502860e-01,0.000000000000000000e+00,-2.056385756264322850e-01,-1.377691918078301214e-01,-1.352068247467101136e-01,-0.000000000000000000e+00,-0.000000000000000000e+00,-1.332744791464956780e-01,0.000000000000000000e+00,-7.491545636071131331e-02,-0.000000000000000000e+00,-0.000000000000000000e+00,-0.000000000000000000e+00,0.000000000000000000e+00,-0.000000000000000000e+00,-0.000000000000000000e+00,-0.000000000000000000e+00,0.000000000000000000e+00,-3.602576451695504445e-01,-0.000000000000000000e+00,-9.225260151822778365e-02,-0.000000000000000000e+00,-1.371520811017245545e-01,-3.788912160857668132e-01
-1.524598404038644273e-01,-2.584908238969708116e-01,-0.000000000000000000e+00,0.000000000000000000e+00,-0.000000000000000000e+00,0.000000000000000000e+00,-0.000000000000000000e+00,0.000000000000000000e+00,-9.265655752211524043e-02,2.724307922471145726e+00,0.000000000000000000e+00,-2.491569890335638415e-01,-0.000000000000000000e+00,-0.000000000000000000e+00,-0.000000000000000000e+00,-5.048494185638361387e-01,1.436369398531388286e-01,-2.254161058421171315e-01,-1.965566860939755023e-01,-0.000000000000000000e+00,-0.000000000000000000e+00,-0.000000000000000000e+00,-0.000000000000000000e+00,9.955660840920653454e-02,-5.159739674121704978e-01,-0.000000000000000000e+00,-0.000000000000000000e+00,-0.000000000000000000e+00,0.000000000000000000e+00,-1.520562284582292756e-01,-0.000000000000000000e+00,-0.000000000000000000e+00,0.000000000000000000e+00,-1.417793960767438077e-01,-0.000000000000000000e+00,-0.000000000000000000e+00,-0.000000000000000000e+00,-1.569221727532232602e-01,-0.000000000000000000e+00
0.000000000000000000e+00,0.000000000000000000e+00,0.000000000000000000e+00,-0.000000000000000000e+00,-0.000000000000000000e+00,-0.000000000000000000e+00,0.000000000000000000e+00,-0.000000000000000000e+00,0.000000000000000000e+00,0.000000000000000000e+00,1.255023628198764785e+00,4.529103329481911078e-01,-0.000000000000000000e+00,0.000000000000000000e+00,1.991278201009990811e-01,0.000000000000000000e+00,-0.000000000000000000e+00,2.538064123974719324e-02,0.000000000000000000e+00,0.000000000000000000e+00,0.000000000000000000e+00,0.000000000000000000e+00,0.000000000000000000e+00,-0.000000000000000000e+00,0.000000000000000000e+00,-0.000000000000000000e+00,-0.000000000000000000e+00,0.000000000000000000e+00,-0.000000000000000000e+00,0.000000000000000000e+00,-0.000000000000000000e+00,0.000000000000000000e+00,-8.228955228741000050e-02,0.000000000000000000e+00,0.000000000000000000e+00,-0.000000000000000000e+00,0.000000000000000000e+00,0.000000000000000000e+00,0.000000000000000000e+00
-0.000000000000000000e+00,-3.413730122274054590e-01,-0.000000000000000000e+00,0.000000000000000000e+00,-0.000000000000000000e+00,0.000000000000000000e+00,-0.000000000000000000e+00,-0.000000000000000000e+00,-0.000000000000000000e+00,-2.491569890335638415e-01,4.529103329481911078e-01,2.539270375848387218e+00,-0.000000000000000000e+00,-0.000000000000000000e+00,-2.376440140668565904e-01,-3.165638015040294073e-01,0.000000000000000000e+00,-3.836626564813732654e-01,-0.000000000000000000e+00,-0.000000000000000000e+00,-0.000000000000000000e+00,-0.000000000000000000e+00,-0.000000000000000000e+00,1.114429427722023608e-01,-0.000000000000000000e+00,-0.000000000000000000e+00,-0.000000000000000000e+00,-0.000000000000000000e+00,1.151566020771935088e-02,-4.617344335767667451e-01,-0.000000000000000000e+00,-0.000000000000000000e+00,0.000000000000000000e+00,-3.207651883301095297e-01,-0.000000000000000000e+00,-0.000000000000000000e+00,-0.000000000000000000e+00,-0.000000000000000000e+00,-0.000000000000000000e+00
-0.000000000000000000e+00,-0.000000000000000000e+00,-0.000000000000000000e+00,0.000000000000000000e+00,-0.000000000000000000e+00,0.000000000000000000e+00,-1.712094371058132600e-02,0.000000000000000000e+00,-0.000000000000000000e+00,-0.000000000000000000e+00,-0.000000000000000000e+00,-0.000000000000000000e+00,1.392819371799717709e+00,-0.000000000000000000e+00,-0.000000000000000000e+00,-0.000000000000000000e+00,0.000000000000000000e+00,-0.000000000000000000e+00,-0.000000000000000000e+00,-0.000000000000000000e+00,-0.000000000000000000e+00,-3.001776918410855449e-02,-0.000000000000000000e+00,0.000000000000000000e+00,-5.765018502544930201e-02,-0.000000000000000000e+00,-3.709730472696323722e-01,-0.000000000000000000e+00,0.000000000000000000e+00,-0.000000000000000000e+00,-0.000000000000000000e+00,-5.272155404615024299e-01,-0.000000000000000000e+00,-4.021255332618752648e-02,-0.000000000000000000e+00,-0.000000000000000000e+00,-0.000000000000000000e+00,-1.819854031994222465e-02,-0.000000000000000000e+00
-0.000000000000000000e+00,-0.000000000000000000e+00,-1.050772100278979382e-02,2.613880926835824431e-02,-1.801554952376246133e-01,-1.232759381686000244e-01,-0.000000000000000000e+00,0.000000000000000000e+00,-0.000000000000000000e+00,-0.000000000000000000e+00,0.000000000000000000e+00,-0.000000000000000000e+00,-0.000000000000000000e+00,1.385473537089128904e+00,-0.000000000000000000e+00,-0.000000000000000000e+00,0.000000000000000000e+00,-0.000000000000000000e+00,-0.000000000000000000e+00,-0.000000000000000000e+00,-6.021998141636427521e-02,-4.768692281973734015e-02,-4.338070848532177837e-01,-0.000000000000000000e+00,-0.000000000000000000e+00,-0.000000000000000000e+00,-0.000000000000000000e+00,-0.000000000000000000e+00,-0.000000000000000000e+00,-0.000000000000000000e+00,-0.000000000000000000e+00,-0.000000000000000000e+00,-1.512377301044563471e-01,-5.429849178227718481e-02,-0.000000000000000000e+00,-0.000000000000000000e+00,-0.000000000000000000e+00,-0.000000000000000000e+00,-0.000000000000000000e+00
-0.000000000000000000e+00,-0.000000000000000000e+00,-0.000000000000000000e+00,1.287080031429159444e-01,-0.000000000000000000e+00,0.000000000000000000e+00,-0.000000000000000000e+00,0.000000000000000000e+00,-0.000000000000000000e+00,-0.000000000000000000e+00,1.991278201009990811e-01,-2.376440140668565904e-01,-0.000000000000000000e+00,-0.000000000000000000e+00,1.168999432642768399e+00,-0.000000000000000000e+00,0.000000000000000000e+00,-0.000000000000000000e+00,-0.000000000000000000e+00,-0.000000000000000000e+00,-0.000000000000000000e+00,-0.000000000000000000e+00,-0.000000000000000000e+00,0.000000000000000000e+00,-0.000000000000000000e+00,-0.000000000000000000e+00,0.000000000000000000e+00,-0.000000000000000000e+00,0.000000000000000000e+00,-4.327640956429624347e-02,0.000000000000000000e+00,-0.000000000000000000e+00,0.000000000000000000e+00,-2.289535922734304424e-02,-0.000000000000000000e+00,0.000000000000000000e+00,-0.000000000000000000e+00,-0.000000000000000000e+00,-0.000000000000000000e+00
-1.393366009235441905e-01,-1.234134738356973265e-01,-0.000000000000000000e+00,0.000000000000000000e+00,-0.000000000000000000e+00,0.000000000000000000e+00,-0.000000000000000000e+00,0.000000000000000000e+00,-2.049690578798502860e-01,-5.048494185638361387e-01,0.000000000000000000e+00,-3.165638015040294073e-01,-0.000000000000000000e+00,-0.000000000000000000e+00,-0.000000000000000000e+00,2.611094554962231751e+00,0.000000000000000000e+00,-1.816299343346422790e-01,-2.302180899981389472e-01,-0.000000000000000000e+00,-0.000000000000000000e+00,-0.000000000000000000e+00,-1.450394292516359041e-01,0.000000000000000000e+00,-3.778175893740858826e-01,-0.000000000000000000e+00,-0.000000000000000000e+00,-0.000000000000000000e+00,2.063317093854102197e-02,-2.017869892026979972e-01,-0.000000000000000000e+00,-0.000000000000000000e+00,0.000000000000000000e+00,-1.825319146693059058e-01,-0.000000000000000000e+00,-0.000000000000000000e+00,-0.000000000000000000e+00,-4.070742215920936796e-02,-5.959784490207914280e-03
1.650495581454586302e-02,0.000000000000000000e+00,0.000000000000000000e+00,-0.000000000000000000e+00,0.000000000000000000e+00,-0.000000000000000000e+00,0.000000000000000000e+00,-0.000000000000000000e+00,0.000000000000000000e+00,1.436369398531388286e-01,-0.000000000000000000e+00,0.000000000000000000e+00,0.000000000000000000e+00,0.000000000000000000e+00,0.000000000000000000e+00,0.000000000000000000e+00,1.082842718235557999e+00,0.000000000000000000e+00,0.000000000000000000e+00,0.000000000000000000e+00,0.000000000000000000e+00,0.000000000000000000e+00,0.000000000000000000e+00,-7.716609650965543243e-02,0.000000000000000000e+00,0.000000000000000000e+00,0.000000000000000000e+00,0.000000000000000000e+00,-0.000000000000000000e+00,0.000000000000000000e+00,0.000000000000000000e+00,0.000000000000000000e+00,-0.000000000000000000e+00,1.446842629511038703e-01,0.000000000000000000e+00,0.000000000000000000e+00,0.000000000000000000e+00,0.000000000000000000e+00,0.000000000000000000e+00
-2.699600024117579378e-02,-1.282603516699634127e-01,-0.000000000000000000e+00,0.000000000000000000e+00,-0.000000000000000000e+00,0.000000000000000000e+00,-1.292834441076311791e-01,0.000000000000000000e+00,-2.056385756264322850e-01,-2.254161058421171315e-01,2.538064123974719324e-02,-3.836626564813732654e-01,-0.000000000000000000e+00,-0.000000000000000000e+00,-0.000000000000000000e+00,-1.816299343346422790e-01,0.000000000000000000e+00,2.308056720864089861e+00,-4.887659210857520087e-01,-3.024491264615179840e-03,-0.000000000000000000e+00,-0.000000000000000000e+00,-0.000000000000000000e+00,0.000000000000000000e+00,-8.212448615742692914e-02,-2.850547758938851844e-02,-0.000000000000000000e+00,-1.297396363037784653e-03,0.000000000000000000e+00,-0.000000000000000000e+00,-0.000000000000000000e+00,-0.000000000000000000e+00,0.000000000000000000e+00,-1.048200688880217973e-01,-0.000000000000000000e+00,-0.000000000000000000e+00,-0.000000000000000000e+00,-2.536360587702787828e-01,-0.000000000000000000e+00
-7.384085945106289017e-02,-0.000000000000000000e+00,-4.288408077478471359e-02,0.000000000000000000e+00,-0.000000000000000000e+00,0.000000000000000000e+00,-7.009218081205496886e-02,0.000000000000000000e+00,-1.377691918078301214e-01,-1.965566860939755023e-01,0.000000000000000000e+00,-0.000000000000000000e+00,-0.000000000000000000e+00,-0.000000000000000000e+00,-0.000000000000000000e+00,-2.302180899981389472e-01,0.000000000000000000e+00,-4.887659210857520087e-01,2.193652622495524174e+00,-1.264828114449566832e-01,-6.764446266218451277e-03,-0.000000000000000000e+00,-0.000000000000000000e+00,0.000000000000000000e+00,-1.603533770001814573e-01,-0.000000000000000000e+00,-0.000000000000000000e+00,-0.000000000000000000e+00,0.000000000000000000e+00,-7.996968469177136163e-02,-0.000000000000000000e+00,-0.000000000000000000e+00,0.000000000000000000e+00,-2.329855188730678775e-02,-0.000000000000000000e+00,-0.000000000000000000e+00,-0.000000000000000000e+00,-1.513197639635641967e-01,-3.664534365203448441e-01
-1.034357487430820483e-01,-0.000000000000000000e+00,-2.065751090270097068e-01,0.000000000000000000e+00,-0.000000000000000000e+00,0.000000000000000000e+00,-0.000000000000000000e+00,3.776794010934449858e-02,-1.352068247467101136e-01,-0.000000000000000000e+00,0.000000000000000000e+00,-0.000000000000000000e+00,-0.000000000000000000e+00,-0.000000000000000000e+00,-0.000000000000000000e+00,-0.000000000000000000e+00,0.000000000000000000e+00,-3.024491264615179840e-03,-1.264828114449566832e-01,1.217206036433917449e+00,-0.000000000000000000e+00,-0.000000000000000000e+00,-0.000000000000000000e+00,0.000000000000000000e+00,-0.000000000000000000e+00,-0.000000000000000000e+00,-0.000000000000000000e+00,-0.000000000000000000e+00,0.000000000000000000e+00,-0.000000000000000000e+00,-0.000000000000000000e+00,-0.000000000000000000e+00,0.000000000000000000e+00,-6.787519052540511022e-02,-3.377803572056990028e-02,-0.000000000000000000e+00,-0.000000000000000000e+00,-0.000000000000000000e+00,-2.166510046980637746e-02
-0.000000000000000000e+00,-0.000000000000000000e+00,-2.351432824085580298e-01,0.000000000000000000e+00,-0.000000000000000000e+00,-0.000000000000000000e+00,-0.000000000000000000e+00,1.176738775652030750e-01,-0.000000000000000000e+00,-0.000000000000000000e+00,0.000000000000000000e+00,-0.000000000000000000e+00,-0.000000000000000000e+00,-6.021998141636427521e-02,-0.000000000000000000e+00,-0.000000000000000000e+00,0.000000000000000000e+00,-0.000000000000000000e+00,-6.764446266218451277e-03,-0.000000000000000000e+00,1.437968842434631300e+00,-5.653186686572142516e-01,-0.000000000000000000e+00,0.000000000000000000e+00,-0.000000000000000000e+00,-0.000000000000000000e+00,-0.000000000000000000e+00,-0.000000000000000000e+00,0.000000000000000000e+00,-0.000000000000000000e+00,0.000000000000000000e+00,-0.000000000000000000e+00,-0.000000000000000000e+00,-0.000000000000000000e+00,-0.000000000000000000e+00,-0.000000000000000000e+00,0.000000000000000000e+00,-0.000000000000000000e+00,-0.000000000000000000e+00
0.000000000000000000e+00,0.000000000000000000e+00,-1.071534388345929262e-01,0.000000000000000000e+00,-1.145361997494825229e-01,-0.000000000000000000e+00,-0.000000000000000000e+00,1.974143442114818237e-01,-0.000000000000000000e+00,-0.000000000000000000e+00,0.000000000000000000e+00,-0.000000000000000000e+00,-3.001776918410855449e-02,-4.768692281973734015e-02,-0.000000000000000000e+00,-0.000000000000000000e+00,0.000000000000000000e+00,-0.000000000000000000e+00,-0.000000000000000000e+00,-0.000000000000000000e+00,-5.653186686572142516e-01,1.616343448404074623e+00,-0.000000000000000000e+00,-0.000000000000000000e+00,-0.000000000000000000e+00,-0.000000000000000000e+00,-0.000000000000000000e+00,-0.000000000000000000e+00,-0.000000000000000000e+00,-0.000000000000000000e+00,0.000000000000000000e+00,-2.202717034861743223e-02,-2.952883866300669014e-01,-0.000000000000000000e+00,0.000000000000000000e+00,-7.839595601105515954e-02,0.000000000000000000e+00,-0.000000000000000000e+00,-0.000000000000000000e+00
-0.000000000000000000e+00,-0.000000000000000000e+00,-0.000000000000000000e+00,0.000000000000000000e+00,-2.721097502702624071e-01,-1.006594616034921369e-01,-0.000000000000000000e+00,0.000000000000000000e+00,-1.332744791464956780e-01,-0.000000000000000000e+00,0.000000000000000000e+00,-0.000000000000000000e+00,-0.000000000000000000e+00,-4.338070848532177837e-01,-0.000000000000000000e+00,-1.450394292516359041e-01,0.000000000000000000e+00,-0.000000000000000000e+00,-0.000000000000000000e+00,-0.000000000000000000e+00,-0.000000000000000000e+00,-0.000000000000000000e+00,1.738168203266731604e+00,-0.000000000000000000e+00,-9.797421477375335697e-02,-0.000000000000000000e+00,-0.000000000000000000e+00,-1.775535717869995145e-01,0.000000000000000000e+00,-0.000000000000000000e+00,-0.000000000000000000e+00,-0.000000000000000000e+00,-0.000000000000000000e+00,-2.294385414485979047e-01,-0.000000000000000000e+00,-2.414949150561132574e-01,-0.000000000000000000e+00,-0.000000000000000000e+00,-0.000000000000000000e+00
0.000000000000000000e+00,1.672521718532098967e-01,-0.000000000000000000e+00,0.000000000000000000e+00,-0.000000000000000000e+00,-0.000000000000000000e+00,0.000000000000000000e+00,0.000000000000000000e+00,0.000000000000000000e+00,9.955660840920653454e-02,-0.000000000000000000e+00,1.114429427722023608e-01,0.000000000000000000e+00,-0.000000000000000000e+00,0.000000000000000000e+00,0.000000000000000000e+00,-7.716609650965543243e-02,0.000000000000000000e+00,0.000000000000000000e+00,0.000000000000000000e+00,0.000000000000000000e+00,-0.000000000000000000e+00,-0.000000000000000000e+00,1.114579855961408628e+00,4.903749348414553066e-03,-0.000000000000000000e+00,-0.000000000000000000e+00,-0.000000000000000000e+00,-0.000000000000000000e+00,0.000000000000000000e+00,-0.000000000000000000e+00,0.000000000000000000e+00,-7.623515648086563734e-02,0.000000000000000000e+00,0.000000000000000000e+00,0.000000000000000000e+00,0.000000000000000000e+00,0.000000000000000000e+00,0.000000000000000000e+00
-0.000000000000000000e+00,-6.804096121891986537e-02,-0.000000000000000000e+00,0.000000000000000000e+00,-0.000000000000000000e+00,0.000000000000000000e+00,-0.000000000000000000e+00,0.000000000000000000e+00,-7.491545636071131331e-02,-5.159739674121704978e-01,0.000000000000000000e+00,-0.000000000000000000e+00,-5.765018502544930201e-02,-0.000000000000000000e+00,-0.000000000000000000e+00,-3.778175893740858826e-01,0.000000000000000000e+00,-8.212448615742692914e-02,-1.603533770001814573e-01,-0.000000000000000000e+00,-0.000000000000000000e+00,-0.000000000000000000e+00,-9.797421477375335697e-02,4.903749348414553066e-03,2.435076630849895896e+00,-0.000000000000000000e+00,-0.000000000000000000e+00,-0.000000000000000000e+00,0.000000000000000000e+00,-1.861178914428210929e-01,-0.000000000000000000e+00,-4.625727699046208036e-02,0.000000000000000000e+00,-2.180133063887559064e-01,-1.937106793412969249e-02,-1.689327408211363513e-01,-0.000000000000000000e+00,-2.208273930182666767e-01,-2.341319026267865699e-01
-1.099937373829548704e-01,-0.000000000000000000e+00,-7.496330550366538115e-02,2.032865128408783695e-01,-1.649298180883002063e-01,-0.000000000000000000e+00,-0.000000000000000000e+00,0.000000000000000000e+00,-0.000000000000000000e+00,-0.000000000000000000e+00,-0.000000000000000000e+00,-0.000000000000000000e+00,-0.000000000000000000e+00,-0.000000000000000000e+00,-0.000000000000000000e+00,-0.000000000000000000e+00,0.000000000000000000e+00,-2.850547758938851844e-02,-0.000000000000000000e+00,-0.000000000000000000e+00,-0.000000000000000000e+00,-0.000000000000000000e+00,-0.000000000000000000e+00,-0.000000000000000000e+00,-0.000000000000000000e+00,2.178024241528806471e+00,-5.454000637923811512e-01,-7.193934106881814117e-01,-0.000000000000000000e+00,-0.000000000000000000e+00,-2.941278916207787364e-01,0.000000000000000000e+00,-0.000000000000000000e+00,-1.922774510700739001e-02,-0.000000000000000000e+00,-4.405600557484546514e-02,-1.806689039888193515e-01,-3.003848118625827152e-02,-0.000000000000000000e+00
-0.000000000000000000e+00,-0.000000000000000000e+00,-0.000000000000000000e+00,0.000000000000000000e+00,-0.000000000000000000e+00,-0.000000000000000000e+00,-1.488207332967625418e-01,0.000000000000000000e+00,-0.000000000000000000e+00,-0.000000000000000000e+00,-0.000000000000000000e+00,-0.000000000000000000e+00,-3.709730472696323722e-01,-0.000000000000000000e+00,0.000000000000000000e+00,-0.000000000000000000e+00,0.000000000000000000e+00,-0.000000000000000000e+00,-0.000000000000000000e+00,-0.000000000000000000e+00,-0.000000000000000000e+00,-0.000000000000000000e+00,-0.000000000000000000e+00,-0.000000000000000000e+00,-0.000000000000000000e+00,-5.454000637923811512e-01,1.669059676484766275e+00,-6.512595261059959950e-02,-0.000000000000000000e+00,-0.000000000000000000e+00,-1.409556418435843061e-01,-0.000000000000000000e+00,-0.000000000000000000e+00,-0.000000000000000000e+00,-8.428341817008709602e-02,-7.326520281658144285e-02,-0.000000000000000000e+00,-0.000000000000000000e+00,-2.186073558163079689e-01
-0.000000000000000000e+00,-0.000000000000000000e+00,-0.000000000000000000e+00,4.209604343747981869e-01,-0.000000000000000000e+00,-4.567631346761837768e-02,-0.000000000000000000e+00,0.000000000000000000e+00,-0.000000000000000000e+00,-0.000000000000000000e+00,0.000000000000000000e+00,-0.000000000000000000e+00,-0.000000000000000000e+00,-0.000000000000000000e+00,-0.000000000000000000e+00,-0.000000000000000000e+00,0.000000000000000000e+00,-1.297396363037784653e-03,-0.000000000000000000e+00,-0.000000000000000000e+00,-0.000000000000000000e+00,-0.000000000000000000e+00,-1.775535717869995145e-01,-0.000000000000000000e+00,-0.000000000000000000e+00,-7.193934106881814117e-01,-6.512595261059959950e-02,2.064267924367563456e+00,-1.866883094555771005e-01,-0.000000000000000000e+00,-4.647256214106212369e-01,0.000000000000000000e+00,-0.000000000000000000e+00,-0.000000000000000000e+00,-0.000000000000000000e+00,-0.000000000000000000e+00,-6.363213676546566888e-02,-0.000000000000000000e+00,-0.000000000000000000e+00
0.000000000000000000e+00,0.000000000000000000e+00,-0.000000000000000000e+00,7.756282460026719949e-02,-0.000000000000000000e+00,-0.000000000000000000e+00,0.000000000000000000e+00,0.000000000000000000e+00,0.000000000000000000e+00,0.000000000000000000e+00,-0.000000000000000000e+00,1.151566020771935088e-02,0.000000000000000000e+00,-0.000000000000000000e+00,0.000000000000000000e+00,2.063317093854102197e-02,-0.000000000000000000e+00,0.000000000000000000e+00,0.000000000000000000e+00,0.000000000000000000e+00,0.000000000000000000e+00,-0.000000000000000000e+00,0.000000000000000000e+00,-0.000000000000000000e+00,0.000000000000000000e+00,-0.000000000000000000e+00,-0.000000000000000000e+00,-1.866883094555771005e-01,1.176705199355370768e+00,0.000000000000000000e+00,-2.441080950065776523e-01,0.000000000000000000e+00,-0.000000000000000000e+00,0.000000000000000000e+00,0.000000000000000000e+00,-0.000000000000000000e+00,-1.107311409855080836e-01,0.000000000000000000e+00,2.539136291940214535e-02
-0.000000000000000000e+00,-1.573230147709749338e-01,-0.000000000000000000e+00,0.000000000000000000e+00,-0.000000000000000000e+00,0.000000000000000000e+00,-0.000000000000000000e+00,-0.000000000000000000e+00,-0.000000000000000000e+00,-1.520562284582292756e-01,0.000000000000000000e+00,-4.617344335767667451e-01,-0.000000000000000000e+00,-0.000000000000000000e+00,-4.327640956429624347e-02,-2.017869892026979972e-01,0.000000000000000000e+00,-0.000000000000000000e+00,-7.996968469177136163e-02,-0.000000000000000000e+00,-0.000000000000000000e+00,-0.000000000000000000e+00,-0.000000000000000000e+00,0.000000000000000000e+00,-1.861178914428210929e-01,-0.000000000000000000e+00,-0.000000000000000000e+00,-0.000000000000000000e+00,0.000000000000000000e+00,1.778561659842561760e+00,-0.000000000000000000e+00,-0.000000000000000000e+00,0.000000000000000000e+00,-1.528403188311906746e-01,-0.000000000000000000e+00,-0.000000000000000000e+00,-0.000000000000000000e+00,-2.762865761855263710e-02,-0.000000000000000000e+00
-0.000000000000000000e+00,-0.000000000000000000e+00,-0.000000000000000000e+00,7.172179586808567764e-02,-0.000000000000000000e+00,-0.000000000000000000e+00,-0.000000000000000000e+00,0.000000000000000000e+00,-0.000000000000000000e+00,-0.000000000000000000e+00,-0.000000000000000000e+00,-0.000000000000000000e+00,-0.000000000000000000e+00,-0.000000000000000000e+00,0.000000000000000000e+00,-0.000000000000000000e+00,0.000000000000000000e+00,-0.000000000000000000e+00,-0.000000000000000000e+00,-0.000000000000000000e+00,0.000000000000000000e+00,0.000000000000000000e+00,-0.000000000000000000e+00,-0.000000000000000000e+00,-0.000000000000000000e+00,-2.941278916207787364e-01,-1.409556418435843061e-01,-4.647256214106212369e-01,-2.441080950065776523e-01,-0.000000000000000000e+00,1.602612608826459173e+00,0.000000000000000000e+00,-0.000000000000000000e+00,-0.000000000000000000e+00,-0.000000000000000000e+00,-0.000000000000000000e+00,-1.512724990569354055e-01,-0.000000000000000000e+00,-0.000000000000000000e+00
-0.000000000000000000e+00,-0.000000000000000000e+00,-0.000000000000000000e+00,-0.000000000000000000e+00,-0.000000000000000000e+00,-0.000000000000000000e+00,-0.000000000000000000e+00,0.000000000000000000e+00,-0.000000000000000000e+00,-0.000000000000000000e+00,0.000000000000000000e+00,-0.000000000000000000e+00,-5.272155404615024299e-01,-0.000000000000000000e+00,-0.000000000000000000e+00,-0.000000000000000000e+00,0.000000000000000000e+00,-0.000000000000000000e+00,-0.000000000000000000e+00,-0.000000000000000000e+00,-0.000000000000000000e+00,-2.202717034861743223e-02,-0.000000000000000000e+00,0.000000000000000000e+00,-4.625727699046208036e-02,0.000000000000000000e+00,-0.000000000000000000e+00,0.000000000000000000e+00,0.000000000000000000e+00,-0.000000000000000000e+00,0.000000000000000000e+00,1.236973302450078194e+00,-0.000000000000000000e+00,-0.000000000000000000e+00,-0.000000000000000000e+00,-0.000000000000000000e+00,0.000000000000000000e+00,-0.000000000000000000e+00,-0.000000000000000000e+00
0.000000000000000000e+00,5.693908584882717561e-02,-3.964134165486647016e-02,0.000000000000000000e+00,-4.699106663102844972e-01,-2.900203527233047307e-01,0.000000000000000000e+00,2.090428127217923704e-01,0.000000000000000000e+00,0.000000000000000000e+00,-8.228955228741000050e-02,0.000000000000000000e+00,-0.000000000000000000e+00,-1.512377301044563471e-01,0.000000000000000000e+00,0.000000000000000000e+00,-0.000000000000000000e+00,0.000000000000000000e+00,0.000000000000000000e+00,0.000000000000000000e+00,-0.000000000000000000e+00,-2.952883866300669014e-01,-0.000000000000000000e+00,-7.623515648086563734e-02,0.000000000000000000e+00,-0.000000000000000000e+00,-0.000000000000000000e+00,-0.000000000000000000e+00,-0.000000000000000000e+00,0.000000000000000000e+00,-0.000000000000000000e+00,-0.000000000000000000e+00,1.593683220699769088e+00,0.000000000000000000e+00,0.000000000000000000e+00,-0.000000000000000000e+00,0.000000000000000000e+00,0.000000000000000000e+00,0.000000000000000000e+00
-0.000000000000000000e+00,-1.023376226478421719e-01,-0.000000000000000000e+00,0.000000000000000000e+00,-0.000000000000000000e+00,0.000000000000000000e+00,-1.468332024540344727e-01,0.000000000000000000e+00,-3.602576451695504445e-01,-1.417793960767438077e-01,0.000000000000000000e+00,-3.207651883301095297e-01,-4.021255332618752648e-02,-5.429849178227718481e-02,-2.289535922734304424e-02,-1.825319146693059058e-01,1.446842629511038703e-01,-1.048200688880217973e-01,-2.329855188730678775e-02,-6.787519052540511022e-02,-0.000000000000000000e+00,-0.000000000000000000e+00,-2.294385414485979047e-01,0.000000000000000000e+00,-2.180133063887559064e-01,-1.922774510700739001e-02,-0.000000000000000000e+00,-0.000000000000000000e+00,0.000000000000000000e+00,-1.528403188311906746e-01,-0.000000000000000000e+00,-0.000000000000000000e+00,0.000000000000000000e+00,2.467921743270665047e+00,-1.438158566005764138e-01,-0.000000000000000000e+00,-0.000000000000000000e+00,-2.719429745875742710e-01,-6.242220370119878209e-02
-2.452014582163762335e-01,-3.137347432703178063e-01,-0.000000000000000000e+00,0.000000000000000000e+00,-0.000000000000000000e+00,0.000000000000000000e+00,-0.000000000000000000e+00,0.000000000000000000e+00,-0.000000000000000000e+00,-0.000000000000000000e+00,0.000000000000000000e+00,-0.000000000000000000e+00,-0.000000000000000000e+00,-0.000000000000000000e+00,-0.000000000000000000e+00,-0.000000000000000000e+00,0.000000000000000000e+00,-0.000000000000000000e+00,-0.000000000000000000e+00,-3.377803572056990028e-02,-0.000000000000000000e+00,0.000000000000000000e+00,-0.000000000000000000e+00,0.000000000000000000e+00,-1.937106793412969249e-02,-0.000000000000000000e+00,-8.428341817008709602e-02,-0.000000000000000000e+00,0.000000000000000000e+00,-0.000000000000000000e+00,-0.000000000000000000e+00,-0.000000000000000000e+00,0.000000000000000000e+00,-1.438158566005764138e-01,1.918991394576767817e+00,-0.000000000000000000e+00,-6.873569849450611446e-01,-2.830199740665308439e-01,-0.000000000000000000e+00
-0.000000000000000000e+00,-0.000000000000000000e+00,-3.173742002747954594e-01,0.000000000000000000e+00,-5.665600341297528930e-02,-0.000000000000000000e+00,-0.000000000000000000e+00,7.508737754809658056e-03,-9.225260151822778365e-02,-0.000000000000000000e+00,-0.000000000000000000e+00,-0.000000000000000000e+00,-0.000000000000000000e+00,-0.000000000000000000e+00,0.000000000000000000e+00,-0.000000000000000000e+00,0.000000000000000000e+00,-0.000000000000000000e+00,-0.000000000000000000e+00,-0.000000000000000000e+00,-0.000000000000000000e+00,-7.839595601105515954e-02,-2.414949150561132574e-01,0.000000000000000000e+00,-1.689327408211363513e-01,-4.405600557484546514e-02,-7.326520281658144285e-02,-0.000000000000000000e+00,-0.000000000000000000e+00,-0.000000000000000000e+00,-0.000000000000000000e+00,-0.000000000000000000e+00,-0.000000000000000000e+00,-0.000000000000000000e+00,-0.000000000000000000e+00,1.426279775398669125e+00,-0.000000000000000000e+00,-0.000000000000000000e+00,-1.077673881288012253e-01
-4.076584821643898515e-02,-0.000000000000000000e+00,-0.000000000000000000e+00,0.000000000000000000e+00,-0.000000000000000000e+00,-0.000000000000000000e+00,-0.000000000000000000e+00,0.000000000000000000e+00,-0.000000000000000000e+00,-0.000000000000000000e+00,0.000000000000000000e+00,-0.000000000000000000e+00,-0.000000000000000000e+00,-0.000000000000000000e+00,-0.000000000000000000e+00,-0.000000000000000000e+00,0.000000000000000000e+00,-0.000000000000000000e+00,-0.000000000000000000e+00,-0.000000000000000000e+00,0.000000000000000000e+00,0.000000000000000000e+00,-0.000000000000000000e+00,0.000000000000000000e+00,-0.000000000000000000e+00,-1.806689039888193515e-01,-0.000000000000000000e+00,-6.363213676546566888e-02,-1.107311409855080836e-01,-0.000000000000000000e+00,-1.512724990569354055e-01,0.000000000000000000e+00,0.000000000000000000e+00,-0.000000000000000000e+00,-6.873569849450611446e-01,-0.000000000000000000e+00,1.544010791327719234e+00,-0.000000000000000000e+00,-0.000000000000000000e+00
-4.315470209875092999e-01,-2.978064252096343512e-01,-0.000000000000000000e+00,0.000000000000000000e+00,-0.000000000000000000e+00,0.000000000000000000e+00,-7.080545566843812755e-02,0.000000000000000000e+00,-1.371520811017245545e-01,-1.569221727532232602e-01,0.000000000000000000e+00,-0.000000000000000000e+00,-1.819854031994222465e-02,-0.000000000000000000e+00,-0.000000000000000000e+00,-4.070742215920936796e-02,0.000000000000000000e+00,-2.536360587702787828e-01,-1.513197639635641967e-01,-0.000000000000000000e+00,-0.000000000000000000e+00,-0.000000000000000000e+00,-0.000000000000000000e+00,0.000000000000000000e+00,-2.208273930182666767e-01,-3.003848118625827152e-02,-0.000000000000000000e+00,-0.000000000000000000e+00,0.000000000000000000e+00,-2.762865761855263710e-02,-0.000000000000000000e+00,-0.000000000000000000e+00,0.000000000000000000e+00,-2.719429745875742710e-01,-2.830199740665308439e-01,-0.000000000000000000e+00,-0.000000000000000000e+00,2.720603917791501125e+00,-4.729700911041559430e-01
-2.688185287323648365e-01,-0.000000000000000000e+00,-0.000000000000000000e+00,0.000000000000000000e+00,-0.000000000000000000e+00,0.000000000000000000e+00,-1.129639911230975735e-01,0.000000000000000000e+00,-3.788912160857668132e-01,-0.000000000000000000e+00,0.000000000000000000e+00,-0.000000000000000000e+00,-0.000000000000000000e+00,-0.000000000000000000e+00,-0.000000000000000000e+00,-5.959784490207914280e-03,0.000000000000000000e+00,-0.000000000000000000e+00,-3.664534365203448441e-01,-2.166510046980637746e-02,-0.000000000000000000e+00,-0.000000000000000000e+00,-0.000000000000000000e+00,0.000000000000000000e+00,-2.341319026267865699e-01,-0.000000000000000000e+00,-2.186073558163079689e-01,-0.000000000000000000e+00,2.539136291940214535e-02,-0.000000000000000000e+00,-0.000000000000000000e+00,-0.000000000000000000e+00,0.000000000000000000e+00,-6.242220370119878209e-02,-0.000000000000000000e+00,-1.077673881288012253e-01,-0.000000000000000000e+00,-4.729700911041559430e-01,2.233297752542642289e+00
