1.435938566713080622e+00,-0.000000000000000000e+00,-0.000000000000000000e+00,0.000000000000000000e+00,-0.000000000000000000e+00,-0.000000000000000000e+00,-0.000000000000000000e+00,0.000000000000000000e+00,-2.176773130092912456e-01,-0.000000000000000000e+00,-0.000000000000000000e+00,-0.000000000000000000e+00,0.000000000000000000e+00,0.000000000000000000e+00,-0.000000000000000000e+00,-1.509522369244209461e-01,-0.000000000000000000e+00,-0.000000000000000000e+00,0.000000000000000000e+00,-0.000000000000000000e+00,-0.000000000000000000e+00,-0.000000000000000000e+00,-0.000000000000000000e+00,-0.000000000000000000e+00,-0.000000000000000000e+00,-3.293362718366144581e-01,0.000000000000000000e+00,-6.014713296043346091e-02,-3.927474606081404751e-01,-7.014038607335253139e-02,0.000000000000000000e+00,0.000000000000000000e+00,-0.000000000000000000e+00,-0.000000000000000000e+00,-0.000000000000000000e+00,-0.000000000000000000e+00,0.000000000000000000e+00,-9.455109334975714264e-02,-0.000000000000000000e+00
-0.000000000000000000e+00,1.578364907242056692e+00,0.000000000000000000e+00,-0.000000000000000000e+00,-3.701453654920783265e-01,1.832931269749913383e-01,0.000000000000000000e+00,-0.000000000000000000e+00,-9.865138383021815338e-02,-0.000000000000000000e+00,-0.000000000000000000e+00,1.015583312621494011e-01,0.000000000000000000e+00,-0.000000000000000000e+00,8.603778858696041476e-02,0.000000000000000000e+00,0.000000000000000000e+00,0.000000000000000000e+00,-2.710264918120606215e-01,0.000000000000000000e+00,1.075976309707529360e-01,-0.000000000000000000e+00,0.000000000000000000e+00,0.000000000000000000e+00,-0.000000000000000000e+00,-0.000000000000000000e+00,-0.000000000000000000e+00,1.652748699476270719e-02,0.000000000000000000e+00,-0.000000000000000000e+00,0.000000000000000000e+00,-0.000000000000000000e+00,5.397128086154672974e-03,-0.000000000000000000e+00,2.022124306857131515e-01,-0.000000000000000000e+00,-0.000000000000000000e+00,0.000000000000000000e+00,-2.851729667082888997e-01
-0.000000000000000000e+00,0.000000000000000000e+00,2.969175213276145087e+00,0.000000000000000000e+00,0.000000000000000000e+00,-0.000000000000000000e+00,-0.000000000000000000e+00,7.717501750526888360e-01,0.000000000000000000e+00,0.000000000000000000e+00,-0.000000000000000000e+00,-0.000000000000000000e+00,-1.614476752086069222e-01,1.090090732946033397e-01,-2.591762383303846118e-01,0.000000000000000000e+00,-1.791720093767383004e-01,0.000000000000000000e+00,0.000000000000000000e+00,-0.000000000000000000e+00,-0.000000000000000000e+00,-1.429031073343077218e-01,-0.000000000000000000e+00,-0.000000000000000000e+00,0.000000000000000000e+00,0.000000000000000000e+00,4.917946293644853001e-02,-1.016486017313990992e-01,-0.000000000000000000e+00,-0.000000000000000000e+00,-2.683896437130940393e-01,-0.000000000000000000e+00,-1.150033190814514716e+00,0.000000000000000000e+00,-3.134247702337721320e-01,0.000000000000000000e+00,-0.000000000000000000e+00,0.000000000000000000e+00,0.000000000000000000e+00
0.000000000000000000e+00,-0.000000000000000000e+00,0.000000000000000000e+00,1.293102543304283758e+00,-6.381387261299908444e-03,0.000000000000000000e+00,-4.529024327208884815e-01,-0.000000000000000000e+00,1.344871818685979825e-01,0.000000000000000000e+00,-0.000000000000000000e+00,0.000000000000000000e+00,0.000000000000000000e+00,-0.000000000000000000e+00,2.013522175846903517e-01,0.000000000000000000e+00,-0.000000000000000000e+00,0.000000000000000000e+00,-0.000000000000000000e+00,-4.691527969002066978e-02,0.000000000000000000e+00,0.000000000000000000e+00,1.515928719122073831e-01,0.000000000000000000e+00,0.000000000000000000e+00,-0.000000000000000000e+00,-0.000000000000000000e+00,-0.000000000000000000e+00,0.000000000000000000e+00,-0.000000000000000000e+00,-0.000000000000000000e+00,0.000000000000000000e+00,0.000000000000000000e+00,9.220879639993784238e-02,0.000000000000000000e+00,-0.000000000000000000e+00,0.000000000000000000e+00,0.000000000000000000e+00,0.000000000000000000e+00
-0.000000000000000000e+00,-3.701453654920783265e-01,0.000000000000000000e+00,-6.381387261299908444e-03,1.997923424985980523e+00,0.000000000000000000e+00,-0.000000000000000000e+00,-0.000000000000000000e+00,-0.000000000000000000e+00,0.000000000000000000e+00,-2.717920435925531494e-02,0.000000000000000000e+00,2.004134566696982866e-01,-1.498753734880490032e-02,0.000000000000000000e+00,-0.000000000000000000e+00,-0.000000000000000000e+00,-0.000000000000000000e+00,-2.731584782437678979e-02,-0.000000000000000000e+00,0.000000000000000000e+00,0.000000000000000000e+00,0.000000000000000000e+00,0.000000000000000000e+00,-0.000000000000000000e+00,-5.109658485925354654e-01,-4.232381866293962736e-01,0.000000000000000000e+00,0.000000000000000000e+00,-5.099240106847417048e-02,-0.000000000000000000e+00,0.000000000000000000e+00,0.000000000000000000e+00,-2.661056756022360803e-01,3.302528627374409220e-01,-1.790817921464899487e-01,0.000000000000000000e+00,0.000000000000000000e+00,-0.000000000000000000e+00
-0.000000000000000000e+00,1.832931269749913383e-01,-0.000000000000000000e+00,0.000000000000000000e+00,0.000000000000000000e+00,1.688809387727465250e+00,0.000000000000000000e+00,0.000000000000000000e+00,0.000000000000000000e+00,0.000000000000000000e+00,-0.000000000000000000e+00,-1.792504600782587609e-01,-0.000000000000000000e+00,0.000000000000000000e+00,-0.000000000000000000e+00,-0.000000000000000000e+00,-0.000000000000000000e+00,-0.000000000000000000e+00,7.875715253847052899e-02,-0.000000000000000000e+00,-0.000000000000000000e+00,-0.000000000000000000e+00,-1.989172328333086159e-01,-1.640980495897616520e-01,-5.094414483321537540e-02,0.000000000000000000e+00,-0.000000000000000000e+00,-0.000000000000000000e+00,-4.464334311299867353e-01,3.914430595216817493e-02,-0.000000000000000000e+00,-0.000000000000000000e+00,-1.797567265749728804e-01,0.000000000000000000e+00,-1.603048174763110623e-01,0.000000000000000000e+00,-0.000000000000000000e+00,-0.000000000000000000e+00,0.000000000000000000e+00
-0.000000000000000000e+00,0.000000000000000000e+00,-0.000000000000000000e+00,-4.529024327208884815e-01,-0.000000000000000000e+00,0.000000000000000000e+00,1.526391887482215548e+00,0.000000000000000000e+00,3.936674901875014676e-02,-0.000000000000000000e+00,-0.000000000000000000e+00,0.000000000000000000e+00,-0.000000000000000000e+00,0.000000000000000000e+00,-0.000000000000000000e+00,-0.000000000000000000e+00,0.000000000000000000e+00,0.000000000000000000e+00,0.000000000000000000e+00,-0.000000000000000000e+00,0.000000000000000000e+00,-0.000000000000000000e+00,1.613526983121583713e-01,0.000000000000000000e+00,6.548373915809208023e-02,-0.000000000000000000e+00,0.000000000000000000e+00,-4.786273791859424476e-01,0.000000000000000000e+00,-4.009732812577754268e-01,-0.000000000000000000e+00,6.041427026175597015e-02,-0.000000000000000000e+00,0.000000000000000000e+00,0.000000000000000000e+00,0.000000000000000000e+00,2.495630845544351967e-02,-0.000000000000000000e+00,0.000000000000000000e+00
0.000000000000000000e+00,-0.000000000000000000e+00,7.717501750526888360e-01,-0.000000000000000000e+00,-0.000000000000000000e+00,0.000000000000000000e+00,0.000000000000000000e+00,2.012147730021215608e+00,-0.000000000000000000e+00,0.000000000000000000e+00,0.000000000000000000e+00,0.000000000000000000e+00,0.000000000000000000e+00,-9.887681370452507112e-02,1.205150091682595653e-01,6.511643702706933212e-02,1.266319946099159488e-01,0.000000000000000000e+00,-1.912899617518328266e-01,0.000000000000000000e+00,0.000000000000000000e+00,0.000000000000000000e+00,0.000000000000000000e+00,0.000000000000000000e+00,-0.000000000000000000e+00,-0.000000000000000000e+00,-0.000000000000000000e+00,2.806247021137922570e-01,9.843018977311138173e-02,0.000000000000000000e+00,0.000000000000000000e+00,-0.000000000000000000e+00,1.826802157361130663e-02,-0.000000000000000000e+00,2.388561543063272286e-01,-0.000000000000000000e+00,0.000000000000000000e+00,0.000000000000000000e+00,-0.000000000000000000e+00
-2.176773130092912456e-01,-9.865138383021815338e-02,0.000000000000000000e+00,1.344871818685979825e-01,-0.000000000000000000e+00,0.000000000000000000e+00,3.936674901875014676e-02,-0.000000000000000000e+00,1.686730672449321622e+00,-0.000000000000000000e+00,-0.000000000000000000e+00,-0.000000000000000000e+00,0.000000000000000000e+00,-6.494898603161489148e-02,-0.000000000000000000e+00,-1.297125855781799675e-01,-0.000000000000000000e+00,-0.000000000000000000e+00,-0.000000000000000000e+00,0.000000000000000000e+00,-0.000000000000000000e+00,0.000000000000000000e+00,-2.547198837554159878e-02,-0.000000000000000000e+00,-3.071590033863241809e-01,-2.948917292290793579e-01,-0.000000000000000000e+00,0.000000000000000000e+00,-0.000000000000000000e+00,-0.000000000000000000e+00,0.000000000000000000e+00,-0.000000000000000000e+00,0.000000000000000000e+00,-3.536234102709494564e-01,0.000000000000000000e+00,-0.000000000000000000e+00,-0.000000000000000000e+00,-8.692939648139250131e-02,-2.114711779143617076e-01
-0.000000000000000000e+00,-0.000000000000000000e+00,0.000000000000000000e+00,0.000000000000000000e+00,0.000000000000000000e+00,0.000000000000000000e+00,-0.000000000000000000e+00,0.000000000000000000e+00,-0.000000000000000000e+00,1.964375218022186731e+00,0.000000000000000000e+00,-1.895197517612149177e-02,0.000000000000000000e+00,0.000000000000000000e+00,-0.000000000000000000e+00,-9.590524643567681640e-01,-0.000000000000000000e+00,-8.933793670261951092e-02,0.000000000000000000e+00,0.000000000000000000e+00,0.000000000000000000e+00,0.000000000000000000e+00,0.000000000000000000e+00,-0.000000000000000000e+00,0.000000000000000000e+00,-0.000000000000000000e+00,0.000000000000000000e+00,-0.000000000000000000e+00,-0.000000000000000000e+00,0.000000000000000000e+00,5.446836703552938169e-02,0.000000000000000000e+00,0.000000000000000000e+00,-2.035734964841266759e-02,0.000000000000000000e+00,0.000000000000000000e+00,-0.000000000000000000e+00,-5.085522947612850508e-01,-2.454712009673503670e-01
-0.000000000000000000e+00,-0.000000000000000000e+00,-0.000000000000000000e+00,-0.000000000000000000e+00,-2.717920435925531494e-02,-0.000000000000000000e+00,-0.000000000000000000e+00,0.000000000000000000e+00,-0.000000000000000000e+00,0.000000000000000000e+00,1.283634818734681993e+00,-1.700127056026072558e-02,0.000000000000000000e+00,-0.000000000000000000e+00,0.000000000000000000e+00,-0.000000000000000000e+00,-5.886685671130494901e-01,-0.000000000000000000e+00,0.000000000000000000e+00,-0.000000000000000000e+00,-0.000000000000000000e+00,3.890055236149485935e-04,0.000000000000000000e+00,-0.000000000000000000e+00,-0.000000000000000000e+00,-3.712831760851816737e-02,-0.000000000000000000e+00,-3.662190753726508180e-02,-0.000000000000000000e+00,-0.000000000000000000e+00,0.000000000000000000e+00,-0.000000000000000000e+00,-0.000000000000000000e+00,-0.000000000000000000e+00,-0.000000000000000000e+00,-0.000000000000000000e+00,-0.000000000000000000e+00,-0.000000000000000000e+00,0.000000000000000000e+00
-0.000000000000000000e+00,1.015583312621494011e-01,-0.000000000000000000e+00,0.000000000000000000e+00,0.000000000000000000e+00,-1.792504600782587609e-01,0.000000000000000000e+00,0.000000000000000000e+00,-0.000000000000000000e+00,-1.895197517612149177e-02,-1.700127056026072558e-02,1.495561961099859838e+00,0.000000000000000000e+00,-0.000000000000000000e+00,-1.933800802168772481e-01,-0.000000000000000000e+00,-0.000000000000000000e+00,-1.844629855388003337e-01,0.000000000000000000e+00,-0.000000000000000000e+00,-0.000000000000000000e+00,1.187301713048019292e-01,0.000000000000000000e+00,-3.439749697879950774e-01,-0.000000000000000000e+00,-0.000000000000000000e+00,0.000000000000000000e+00,-0.000000000000000000e+00,-8.807414009265458754e-02,0.000000000000000000e+00,0.000000000000000000e+00,0.000000000000000000e+00,-0.000000000000000000e+00,-7.454565340758194381e-02,-0.000000000000000000e+00,0.000000000000000000e+00,0.000000000000000000e+00,-2.863411699903435914e-01,-5.028384582147139154e-02
0.000000000000000000e+00,0.000000000000000000e+00,-1.614476752086069222e-01,0.000000000000000000e+00,2.004134566696982866e-01,-0.000000000000000000e+00,-0.000000000000000000e+00,0.000000000000000000e+00,0.000000000000000000e+00,0.000000000000000000e+00,0.000000000000000000e+00,0.000000000000000000e+00,1.155950363017658633e+00,1.768738154036184618e-01,-0.000000000000000000e+00,0.000000000000000000e+00,-0.000000000000000000e+00,0.000000000000000000e+00,0.000000000000000000e+00,0.000000000000000000e+00,-0.000000000000000000e+00,-1.397230832406763136e-02,-0.000000000000000000e+00,0.000000000000000000e+00,7.875048546394860724e-03,5.905748527188200980e-02,1.547869820710748995e-02,-0.000000000000000000e+00,-0.000000000000000000e+00,0.000000000000000000e+00,-0.000000000000000000e+00,0.000000000000000000e+00,-0.000000000000000000e+00,0.000000000000000000e+00,-0.000000000000000000e+00,0.000000000000000000e+00,0.000000000000000000e+00,0.000000000000000000e+00,0.000000000000000000e+00
0.000000000000000000e+00,-0.000000000000000000e+00,1.090090732946033397e-01,-0.000000000000000000e+00,-1.498753734880490032e-02,0.000000000000000000e+00,0.000000000000000000e+00,-9.887681370452507112e-02,-6.494898603161489148e-02,0.000000000000000000e+00,-0.000000000000000000e+00,-0.000000000000000000e+00,1.768738154036184618e-01,1.326517337298348309e+00,-0.000000000000000000e+00,0.000000000000000000e+00,0.000000000000000000e+00,-0.000000000000000000e+00,-0.000000000000000000e+00,-3.913279164254095804e-02,0.000000000000000000e+00,5.513824622947833404e-02,-0.000000000000000000e+00,-2.813526141494731014e-01,-9.705002376126352359e-02,-2.292172113894563878e-01,-1.279143484612990933e-01,0.000000000000000000e+00,0.000000000000000000e+00,-0.000000000000000000e+00,0.000000000000000000e+00,-0.000000000000000000e+00,0.000000000000000000e+00,-0.000000000000000000e+00,4.263452442078723842e-02,0.000000000000000000e+00,0.000000000000000000e+00,-0.000000000000000000e+00,-0.000000000000000000e+00
-0.000000000000000000e+00,8.603778858696041476e-02,-2.591762383303846118e-01,2.013522175846903517e-01,0.000000000000000000e+00,-0.000000000000000000e+00,-0.000000000000000000e+00,1.205150091682595653e-01,-0.000000000000000000e+00,-0.000000000000000000e+00,0.000000000000000000e+00,-1.933800802168772481e-01,-0.000000000000000000e+00,-0.000000000000000000e+00,1.486656010340338785e+00,-0.000000000000000000e+00,-4.352136086492518208e-02,-1.830135284628017500e-01,0.000000000000000000e+00,-0.000000000000000000e+00,-7.344607578338806231e-02,-0.000000000000000000e+00,-0.000000000000000000e+00,-0.000000000000000000e+00,1.583864474320938187e-02,-0.000000000000000000e+00,8.972650266388881857e-02,-1.196211074919123624e-01,-1.115695934792968053e-01,-0.000000000000000000e+00,-0.000000000000000000e+00,-0.000000000000000000e+00,-0.000000000000000000e+00,-6.022843900749361157e-02,-0.000000000000000000e+00,9.846652743563170940e-02,0.000000000000000000e+00,-1.534904465917076577e-01,-0.000000000000000000e+00
-1.509522369244209461e-01,0.000000000000000000e+00,0.000000000000000000e+00,0.000000000000000000e+00,-0.000000000000000000e+00,-0.000000000000000000e+00,-0.000000000000000000e+00,6.511643702706933212e-02,-1.297125855781799675e-01,-9.590524643567681640e-01,-0.000000000000000000e+00,-0.000000000000000000e+00,0.000000000000000000e+00,0.000000000000000000e+00,-0.000000000000000000e+00,1.800157301938364096e+00,-0.000000000000000000e+00,-4.268742700099854848e-02,1.278513574534627106e-01,-0.000000000000000000e+00,0.000000000000000000e+00,0.000000000000000000e+00,0.000000000000000000e+00,-0.000000000000000000e+00,-0.000000000000000000e+00,-0.000000000000000000e+00,0.000000000000000000e+00,-0.000000000000000000e+00,-2.514551201263707375e-02,-0.000000000000000000e+00,0.000000000000000000e+00,1.537085302864036329e-01,0.000000000000000000e+00,-6.983530560011987076e-02,-0.000000000000000000e+00,-3.187363945596153464e-02,0.000000000000000000e+00,-1.055365306927207453e-01,0.000000000000000000e+00
-0.000000000000000000e+00,0.000000000000000000e+00,-1.791720093767383004e-01,-0.000000000000000000e+00,-0.000000000000000000e+00,-0.000000000000000000e+00,0.000000000000000000e+00,1.266319946099159488e-01,-0.000000000000000000e+00,-0.000000000000000000e+00,-5.886685671130494901e-01,-0.000000000000000000e+00,-0.000000000000000000e+00,0.000000000000000000e+00,-4.352136086492518208e-02,-0.000000000000000000e+00,1.557673668036311465e+00,-0.000000000000000000e+00,0.000000000000000000e+00,-0.000000000000000000e+00,-7.178450636295172216e-03,-0.000000000000000000e+00,-0.000000000000000000e+00,-0.000000000000000000e+00,0.000000000000000000e+00,-0.000000000000000000e+00,0.000000000000000000e+00,-1.283343825891677115e-01,-0.000000000000000000e+00,-0.000000000000000000e+00,-0.000000000000000000e+00,-1.349484612601623834e-01,-2.208721134901722449e-01,-0.000000000000000000e+00,-0.000000000000000000e+00,0.000000000000000000e+00,-4.537566898664109095e-03,-0.000000000000000000e+00,-0.000000000000000000e+00
-0.000000000000000000e+00,0.000000000000000000e+00,0.000000000000000000e+00,0.000000000000000000e+00,-0.000000000000000000e+00,-0.000000000000000000e+00,0.000000000000000000e+00,0.000000000000000000e+00,-0.000000000000000000e+00,-8.933793670261951092e-02,-0.000000000000000000e+00,-1.844629855388003337e-01,0.000000000000000000e+00,-0.000000000000000000e+00,-1.830135284628017500e-01,-4.268742700099854848e-02,-0.000000000000000000e+00,1.257429836524221800e+00,-1.632111879840938695e-01,0.000000000000000000e+00,-0.000000000000000000e+00,0.000000000000000000e+00,0.000000000000000000e+00,-0.000000000000000000e+00,0.000000000000000000e+00,-0.000000000000000000e+00,5.371607942269442104e-02,-0.000000000000000000e+00,-0.000000000000000000e+00,0.000000000000000000e+00,0.000000000000000000e+00,0.000000000000000000e+00,0.000000000000000000e+00,-3.494236962399359658e-01,-0.000000000000000000e+00,0.000000000000000000e+00,-7.831247072487244887e-03,-0.000000000000000000e+00,-2.581911783144730937e-02
0.000000000000000000e+00,-2.710264918120606215e-01,0.000000000000000000e+00,-0.000000000000000000e+00,-2.731584782437678979e-02,7.875715253847052899e-02,0.000000000000000000e+00,-1.912899617518328266e-01,-0.000000000000000000e+00,0.000000000000000000e+00,0.000000000000000000e+00,0.000000000000000000e+00,0.000000000000000000e+00,-0.000000000000000000e+00,0.000000000000000000e+00,1.278513574534627106e-01,0.000000000000000000e+00,-1.632111879840938695e-01,1.686177529336745806e+00,0.000000000000000000e+00,0.000000000000000000e+00,0.000000000000000000e+00,0.000000000000000000e+00,0.000000000000000000e+00,0.000000000000000000e+00,0.000000000000000000e+00,0.000000000000000000e+00,3.008381923434446659e-01,4.859376159342407298e-01,0.000000000000000000e+00,0.000000000000000000e+00,-0.000000000000000000e+00,0.000000000000000000e+00,-0.000000000000000000e+00,0.000000000000000000e+00,0.000000000000000000e+00,-4.030202289997872334e-02,5.849102330542474588e-03,-1.824646254216074071e-01
-0.000000000000000000e+00,0.000000000000000000e+00,-0.000000000000000000e+00,-4.691527969002066978e-02,-0.000000000000000000e+00,-0.000000000000000000e+00,-0.000000000000000000e+00,0.000000000000000000e+00,0.000000000000000000e+00,0.000000000000000000e+00,-0.000000000000000000e+00,-0.000000000000000000e+00,0.000000000000000000e+00,-3.913279164254095804e-02,-0.000000000000000000e+00,-0.000000000000000000e+00,-0.000000000000000000e+00,0.000000000000000000e+00,0.000000000000000000e+00,1.033775302409485786e+00,-0.000000000000000000e+00,0.000000000000000000e+00,-0.000000000000000000e+00,-1.551661450596446001e-01,-3.671014218534341018e-03,-0.000000000000000000e+00,-0.000000000000000000e+00,-4.027596345364261102e-03,-2.963394635555352888e-02,-0.000000000000000000e+00,-0.000000000000000000e+00,0.000000000000000000e+00,-0.000000000000000000e+00,0.000000000000000000e+00,-0.000000000000000000e+00,-0.000000000000000000e+00,0.000000000000000000e+00,-0.000000000000000000e+00,0.000000000000000000e+00
-0.000000000000000000e+00,1.075976309707529360e-01,-0.000000000000000000e+00,0.000000000000000000e+00,0.000000000000000000e+00,-0.000000000000000000e+00,0.000000000000000000e+00,0.000000000000000000e+00,-0.000000000000000000e+00,0.000000000000000000e+00,-0.000000000000000000e+00,-0.000000000000000000e+00,-0.000000000000000000e+00,0.000000000000000000e+00,-7.344607578338806231e-02,0.000000000000000000e+00,-7.178450636295172216e-03,-0.000000000000000000e+00,0.000000000000000000e+00,-0.000000000000000000e+00,1.118501261228762145e+00,0.000000000000000000e+00,-0.000000000000000000e+00,-0.000000000000000000e+00,-0.000000000000000000e+00,0.000000000000000000e+00,0.000000000000000000e+00,-0.000000000000000000e+00,-4.325154372370398903e-02,-0.000000000000000000e+00,-0.000000000000000000e+00,-0.000000000000000000e+00,-2.443576114197165139e-01,-0.000000000000000000e+00,-0.000000000000000000e+00,0.000000000000000000e+00,-0.000000000000000000e+00,-0.000000000000000000e+00,0.000000000000000000e+00
-0.000000000000000000e+00,-0.000000000000000000e+00,-1.429031073343077218e-01,0.000000000000000000e+00,0.000000000000000000e+00,-0.000000000000000000e+00,-0.000000000000000000e+00,0.000000000000000000e+00,0.000000000000000000e+00,0.000000000000000000e+00,3.890055236149485935e-04,1.187301713048019292e-01,-1.397230832406763136e-02,5.513824622947833404e-02,-0.000000000000000000e+00,0.000000000000000000e+00,-0.000000000000000000e+00,0.000000000000000000e+00,0.000000000000000000e+00,0.000000000000000000e+00,0.000000000000000000e+00,1.169642061960579849e+00,-8.346768324628253688e-02,0.000000000000000000e+00,0.000000000000000000e+00,0.000000000000000000e+00,-0.000000000000000000e+00,-0.000000000000000000e+00,-0.000000000000000000e+00,0.000000000000000000e+00,-2.802758134512358668e-01,-9.484626794059294874e-02,-3.792161432943452759e-02,0.000000000000000000e+00,-0.000000000000000000e+00,-0.000000000000000000e+00,-0.000000000000000000e+00,0.000000000000000000e+00,0.000000000000000000e+00
-0.000000000000000000e+00,0.000000000000000000e+00,-0.000000000000000000e+00,1.515928719122073831e-01,0.000000000000000000e+00,-1.989172328333086159e-01,1.613526983121583713e-01,0.000000000000000000e+00,-2.547198837554159878e-02,0.000000000000000000e+00,0.000000000000000000e+00,0.000000000000000000e+00,-0.000000000000000000e+00,-0.000000000000000000e+00,-0.000000000000000000e+00,0.000000000000000000e+00,-0.000000000000000000e+00,0.000000000000000000e+00,0.000000000000000000e+00,-0.000000000000000000e+00,-0.000000000000000000e+00,-8.346768324628253688e-02,1.467332598390136633e+00,-2.342305032971044032e-01,-2.592793925900223617e-01,-0.000000000000000000e+00,-0.000000000000000000e+00,0.000000000000000000e+00,-5.038145313062874359e-02,0.000000000000000000e+00,-0.000000000000000000e+00,-3.236399626820226638e-01,-7.039516801507740562e-02,-0.000000000000000000e+00,-3.725336820115098674e-02,0.000000000000000000e+00,-0.000000000000000000e+00,-0.000000000000000000e+00,-0.000000000000000000e+00
-0.000000000000000000e+00,0.000000000000000000e+00,-0.000000000000000000e+00,0.000000000000000000e+00,0.000000000000000000e+00,-1.640980495897616520e-01,0.000000000000000000e+00,0.000000000000000000e+00,-0.000000000000000000e+00,-0.000000000000000000e+00,-0.000000000000000000e+00,-3.439749697879950774e-01,0.000000000000000000e+00,-2.813526141494731014e-01,-0.000000000000000000e+00,-0.000000000000000000e+00,-0.000000000000000000e+00,-0.000000000000000000e+00,0.000000000000000000e+00,-1.551661450596446001e-01,-0.000000000000000000e+00,0.000000000000000000e+00,-2.342305032971044032e-01,1.809207764411881136e+00,-4.660824223188810844e-01,-0.000000000000000000e+00,-0.000000000000000000e+00,0.000000000000000000e+00,-4.312443384164210691e-01,0.000000000000000000e+00,-0.000000000000000000e+00,-0.000000000000000000e+00,-0.000000000000000000e+00,-0.000000000000000000e+00,-0.000000000000000000e+00,0.000000000000000000e+00,-0.000000000000000000e+00,-0.000000000000000000e+00,-0.000000000000000000e+00
-0.000000000000000000e+00,-0.000000000000000000e+00,0.000000000000000000e+00,0.000000000000000000e+00,-0.000000000000000000e+00,-5.094414483321537540e-02,6.548373915809208023e-02,-0.000000000000000000e+00,-3.071590033863241809e-01,0.000000000000000000e+00,-0.000000000000000000e+00,-0.000000000000000000e+00,7.875048546394860724e-03,-9.705002376126352359e-02,1.583864474320938187e-02,-0.000000000000000000e+00,0.000000000000000000e+00,0.000000000000000000e+00,0.000000000000000000e+00,-3.671014218534341018e-03,-0.000000000000000000e+00,0.000000000000000000e+00,-2.592793925900223617e-01,-4.660824223188810844e-01,1.470960773652073339e+00,-0.000000000000000000e+00,-9.851785656037084782e-02,0.000000000000000000e+00,-0.000000000000000000e+00,-0.000000000000000000e+00,0.000000000000000000e+00,0.000000000000000000e+00,0.000000000000000000e+00,-0.000000000000000000e+00,-0.000000000000000000e+00,-0.000000000000000000e+00,-0.000000000000000000e+00,-0.000000000000000000e+00,0.000000000000000000e+00
-3.293362718366144581e-01,-0.000000000000000000e+00,0.000000000000000000e+00,-0.000000000000000000e+00,-5.109658485925354654e-01,0.000000000000000000e+00,-0.000000000000000000e+00,-0.000000000000000000e+00,-2.948917292290793579e-01,-0.000000000000000000e+00,-3.712831760851816737e-02,-0.000000000000000000e+00,5.905748527188200980e-02,-2.292172113894563878e-01,-0.000000000000000000e+00,-0.000000000000000000e+00,-0.000000000000000000e+00,-0.000000000000000000e+00,0.000000000000000000e+00,-0.000000000000000000e+00,0.000000000000000000e+00,0.000000000000000000e+00,-0.000000000000000000e+00,-0.000000000000000000e+00,-0.000000000000000000e+00,2.066775006232820289e+00,-3.485641816122418413e-01,-0.000000000000000000e+00,-0.000000000000000000e+00,-2.354972622820530048e-01,0.000000000000000000e+00,-0.000000000000000000e+00,0.000000000000000000e+00,-2.673524593257520787e-01,9.726895757570583681e-03,-7.365058251800372935e-02,0.000000000000000000e+00,-2.434602030664055894e-01,-0.000000000000000000e+00
0.000000000000000000e+00,-0.000000000000000000e+00,4.917946293644853001e-02,-0.000000000000000000e+00,-4.232381866293962736e-01,-0.000000000000000000e+00,0.000000000000000000e+00,-0.000000000000000000e+00,-0.000000000000000000e+00,0.000000000000000000e+00,-0.000000000000000000e+00,0.000000000000000000e+00,1.547869820710748995e-02,-1.279143484612990933e-01,8.972650266388881857e-02,0.000000000000000000e+00,0.000000000000000000e+00,5.371607942269442104e-02,0.000000000000000000e+00,-0.000000000000000000e+00,0.000000000000000000e+00,-0.000000000000000000e+00,-0.000000000000000000e+00,-0.000000000000000000e+00,-9.851785656037084782e-02,-3.485641816122418413e-01,1.562644658234958017e+00,0.000000000000000000e+00,-0.000000000000000000e+00,-0.000000000000000000e+00,-0.000000000000000000e+00,-0.000000000000000000e+00,0.000000000000000000e+00,-0.000000000000000000e+00,9.490640144119284749e-02,-1.429477552773818216e-01,2.289894756147525245e-01,-0.000000000000000000e+00,-0.000000000000000000e+00
-6.014713296043346091e-02,1.652748699476270719e-02,-1.016486017313990992e-01,-0.000000000000000000e+00,0.000000000000000000e+00,-0.000000000000000000e+00,-4.786273791859424476e-01,2.806247021137922570e-01,0.000000000000000000e+00,-0.000000000000000000e+00,-3.662190753726508180e-02,-0.000000000000000000e+00,-0.000000000000000000e+00,0.000000000000000000e+00,-1.196211074919123624e-01,-0.000000000000000000e+00,-1.283343825891677115e-01,-0.000000000000000000e+00,3.008381923434446659e-01,-4.027596345364261102e-03,-0.000000000000000000e+00,-0.000000000000000000e+00,0.000000000000000000e+00,0.000000000000000000e+00,0.000000000000000000e+00,-0.000000000000000000e+00,0.000000000000000000e+00,1.875154366563963837e+00,-2.454264007010928672e-01,-0.000000000000000000e+00,-3.326282738538059724e-02,0.000000000000000000e+00,-2.915448707292535024e-01,0.000000000000000000e+00,-0.000000000000000000e+00,-0.000000000000000000e+00,0.000000000000000000e+00,-0.000000000000000000e+00,4.839131697759415339e-03
-3.927474606081404751e-01,0.000000000000000000e+00,-0.000000000000000000e+00,0.000000000000000000e+00,0.000000000000000000e+00,-4.464334311299867353e-01,0.000000000000000000e+00,9.843018977311138173e-02,-0.000000000000000000e+00,-0.000000000000000000e+00,-0.000000000000000000e+00,-8.807414009265458754e-02,-0.000000000000000000e+00,0.000000000000000000e+00,-1.115695934792968053e-01,-2.514551201263707375e-02,-0.000000000000000000e+00,-0.000000000000000000e+00,4.859376159342407298e-01,-2.963394635555352888e-02,-4.325154372370398903e-02,-0.000000000000000000e+00,-5.038145313062874359e-02,-4.312443384164210691e-01,-0.000000000000000000e+00,-0.000000000000000000e+00,-0.000000000000000000e+00,-2.454264007010928672e-01,2.534829338090952788e+00,-0.000000000000000000e+00,-0.000000000000000000e+00,0.000000000000000000e+00,-3.935213841052945249e-01,-0.000000000000000000e+00,-3.412851011154564573e-01,-0.000000000000000000e+00,-0.000000000000000000e+00,-7.095202852065242427e-02,0.000000000000000000e+00
-7.014038607335253139e-02,-0.000000000000000000e+00,-0.000000000000000000e+00,-0.000000000000000000e+00,-5.099240106847417048e-02,3.914430595216817493e-02,-4.009732812577754268e-01,0.000000000000000000e+00,-0.000000000000000000e+00,0.000000000000000000e+00,-0.000000000000000000e+00,0.000000000000000000e+00,0.000000000000000000e+00,-0.000000000000000000e+00,-0.000000000000000000e+00,-0.000000000000000000e+00,-0.000000000000000000e+00,0.000000000000000000e+00,0.000000000000000000e+00,-0.000000000000000000e+00,-0.000000000000000000e+00,0.000000000000000000e+00,0.000000000000000000e+00,0.000000000000000000e+00,-0.000000000000000000e+00,-2.354972622820530048e-01,-0.000000000000000000e+00,-0.000000000000000000e+00,-0.000000000000000000e+00,1.306004201116275132e+00,-0.000000000000000000e+00,6.973867914705567106e-02,-0.000000000000000000e+00,-0.000000000000000000e+00,0.000000000000000000e+00,-1.902853255502649776e-01,1.473248871411525218e-01,0.000000000000000000e+00,5.721273591302904020e-03
0.000000000000000000e+00,0.000000000000000000e+00,-2.683896437130940393e-01,-0.000000000000000000e+00,-0.000000000000000000e+00,-0.000000000000000000e+00,-0.000000000000000000e+00,0.000000000000000000e+00,0.000000000000000000e+00,5.446836703552938169e-02,0.000000000000000000e+00,0.000000000000000000e+00,-0.000000000000000000e+00,0.000000000000000000e+00,-0.000000000000000000e+00,0.000000000000000000e+00,-0.000000000000000000e+00,0.000000000000000000e+00,0.000000000000000000e+00,-0.000000000000000000e+00,-0.000000000000000000e+00,-2.802758134512358668e-01,-0.000000000000000000e+00,-0.000000000000000000e+00,0.000000000000000000e+00,0.000000000000000000e+00,-0.000000000000000000e+00,-3.326282738538059724e-02,-0.000000000000000000e+00,-0.000000000000000000e+00,1.347317189187592579e+00,-0.000000000000000000e+00,-3.072071897146431141e-01,0.000000000000000000e+00,-0.000000000000000000e+00,-0.000000000000000000e+00,-0.000000000000000000e+00,0.000000000000000000e+00,0.000000000000000000e+00
0.000000000000000000e+00,-0.000000000000000000e+00,-0.000000000000000000e+00,0.000000000000000000e+00,0.000000000000000000e+00,-0.000000000000000000e+00,6.041427026175597015e-02,-0.000000000000000000e+00,-0.000000000000000000e+00,0.000000000000000000e+00,-0.000000000000000000e+00,0.000000000000000000e+00,0.000000000000000000e+00,-0.000000000000000000e+00,-0.000000000000000000e+00,1.537085302864036329e-01,-1.349484612601623834e-01,0.000000000000000000e+00,-0.000000000000000000e+00,0.000000000000000000e+00,-0.000000000000000000e+00,-9.484626794059294874e-02,-3.236399626820226638e-01,-0.000000000000000000e+00,0.000000000000000000e+00,-0.000000000000000000e+00,-0.000000000000000000e+00,0.000000000000000000e+00,0.000000000000000000e+00,6.973867914705567106e-02,-0.000000000000000000e+00,1.217044518644540441e+00,-0.000000000000000000e+00,-0.000000000000000000e+00,0.000000000000000000e+00,0.000000000000000000e+00,-1.715090676358484445e-01,0.000000000000000000e+00,-1.570441121211209601e-01
-0.000000000000000000e+00,5.397128086154672974e-03,-1.150033190814514716e+00,0.000000000000000000e+00,0.000000000000000000e+00,-1.797567265749728804e-01,-0.000000000000000000e+00,1.826802157361130663e-02,0.000000000000000000e+00,0.000000000000000000e+00,-0.000000000000000000e+00,-0.000000000000000000e+00,-0.000000000000000000e+00,0.000000000000000000e+00,-0.000000000000000000e+00,0.000000000000000000e+00,-2.208721134901722449e-01,0.000000000000000000e+00,0.000000000000000000e+00,-0.000000000000000000e+00,-2.443576114197165139e-01,-3.792161432943452759e-02,-7.039516801507740562e-02,-0.000000000000000000e+00,0.000000000000000000e+00,0.000000000000000000e+00,0.000000000000000000e+00,-2.915448707292535024e-01,-3.935213841052945249e-01,-0.000000000000000000e+00,-3.072071897146431141e-01,-0.000000000000000000e+00,2.787746709990224225e+00,0.000000000000000000e+00,-2.806256351526839055e-01,-0.000000000000000000e+00,-0.000000000000000000e+00,0.000000000000000000e+00,0.000000000000000000e+00
-0.000000000000000000e+00,-0.000000000000000000e+00,0.000000000000000000e+00,9.220879639993784238e-02,-2.661056756022360803e-01,0.000000000000000000e+00,0.000000000000000000e+00,-0.000000000000000000e+00,-3.536234102709494564e-01,-2.035734964841266759e-02,-0.000000000000000000e+00,-7.454565340758194381e-02,0.000000000000000000e+00,-0.000000000000000000e+00,-6.022843900749361157e-02,-6.983530560011987076e-02,-0.000000000000000000e+00,-3.494236962399359658e-01,-0.000000000000000000e+00,0.000000000000000000e+00,-0.000000000000000000e+00,0.000000000000000000e+00,-0.000000000000000000e+00,-0.000000000000000000e+00,-0.000000000000000000e+00,-2.673524593257520787e-01,-0.000000000000000000e+00,0.000000000000000000e+00,-0.000000000000000000e+00,-0.000000000000000000e+00,0.000000000000000000e+00,-0.000000000000000000e+00,0.000000000000000000e+00,1.640033453017413434e+00,0.000000000000000000e+00,-0.000000000000000000e+00,-0.000000000000000000e+00,-0.000000000000000000e+00,-2.079510806616815533e-01
-0.000000000000000000e+00,2.022124306857131515e-01,-3.134247702337721320e-01,0.000000000000000000e+00,3.302528627374409220e-01,-1.603048174763110623e-01,0.000000000000000000e+00,2.388561543063272286e-01,0.000000000000000000e+00,0.000000000000000000e+00,-0.000000000000000000e+00,-0.000000000000000000e+00,-0.000000000000000000e+00,4.263452442078723842e-02,-0.000000000000000000e+00,-0.000000000000000000e+00,-0.000000000000000000e+00,-0.000000000000000000e+00,0.000000000000000000e+00,-0.000000000000000000e+00,-0.000000000000000000e+00,-0.000000000000000000e+00,-3.725336820115098674e-02,-0.000000000000000000e+00,-0.000000000000000000e+00,9.726895757570583681e-03,9.490640144119284749e-02,-0.000000000000000000e+00,-3.412851011154564573e-01,0.000000000000000000e+00,-0.000000000000000000e+00,0.000000000000000000e+00,-2.806256351526839055e-01,0.000000000000000000e+00,1.958520253717519699e+00,0.000000000000000000e+00,-0.000000000000000000e+00,0.000000000000000000e+00,4.188131538051703684e-02
-0.000000000000000000e+00,-0.000000000000000000e+00,0.000000000000000000e+00,-0.000000000000000000e+00,-1.790817921464899487e-01,0.000000000000000000e+00,0.000000000000000000e+00,-0.000000000000000000e+00,-0.000000000000000000e+00,0.000000000000000000e+00,-0.000000000000000000e+00,0.000000000000000000e+00,0.000000000000000000e+00,0.000000000000000000e+00,9.846652743563170940e-02,-3.187363945596153464e-02,0.000000000000000000e+00,0.000000000000000000e+00,0.000000000000000000e+00,-0.000000000000000000e+00,0.000000000000000000e+00,-0.000000000000000000e+00,0.000000000000000000e+00,0.000000000000000000e+00,-0.000000000000000000e+00,-7.365058251800372935e-02,-1.429477552773818216e-01,-0.000000000000000000e+00,-0.000000000000000000e+00,-1.902853255502649776e-01,-0.000000000000000000e+00,0.000000000000000000e+00,-0.000000000000000000e+00,-0.000000000000000000e+00,0.000000000000000000e+00,1.163033508584326636e+00,0.000000000000000000e+00,0.000000000000000000e+00,7.752253365737413193e-02
0.000000000000000000e+00,-0.000000000000000000e+00,-0.000000000000000000e+00,0.000000000000000000e+00,0.000000000000000000e+00,-0.000000000000000000e+00,2.495630845544351967e-02,0.000000000000000000e+00,-0.000000000000000000e+00,-0.000000000000000000e+00,-0.000000000000000000e+00,0.000000000000000000e+00,0.000000000000000000e+00,0.000000000000000000e+00,0.000000000000000000e+00,0.000000000000000000e+00,-4.537566898664109095e-03,-7.831247072487244887e-03,-4.030202289997872334e-02,0.000000000000000000e+00,-0.000000000000000000e+00,-0.000000000000000000e+00,-0.000000000000000000e+00,-0.000000000000000000e+00,-0.000000000000000000e+00,0.000000000000000000e+00,2.289894756147525245e-01,0.000000000000000000e+00,-0.000000000000000000e+00,1.473248871411525218e-01,-0.000000000000000000e+00,-1.715090676358484445e-01,-0.000000000000000000e+00,-0.000000000000000000e+00,-0.000000000000000000e+00,0.000000000000000000e+00,1.118909924679737156e+00,0.000000000000000000e+00,-4.869526143887720204e-02
-9.455109334975714264e-02,0.000000000000000000e+00,0.000000000000000000e+00,0.000000000000000000e+00,0.000000000000000000e+00,-0.000000000000000000e+00,-0.000000000000000000e+00,0.000000000000000000e+00,-8.692939648139250131e-02,-5.085522947612850508e-01,-0.000000000000000000e+00,-2.863411699903435914e-01,0.000000000000000000e+00,-0.000000000000000000e+00,-1.534904465917076577e-01,-1.055365306927207453e-01,-0.000000000000000000e+00,-0.000000000000000000e+00,5.849102330542474588e-03,-0.000000000000000000e+00,-0.000000000000000000e+00,0.000000000000000000e+00,-0.000000000000000000e+00,-0.000000000000000000e+00,-0.000000000000000000e+00,-2.434602030664055894e-01,-0.000000000000000000e+00,-0.000000000000000000e+00,-7.095202852065242427e-02,0.000000000000000000e+00,0.000000000000000000e+00,0.000000000000000000e+00,0.000000000000000000e+00,-0.000000000000000000e+00,0.000000000000000000e+00,0.000000000000000000e+00,0.000000000000000000e+00,1.620856005362776520e+00,-9.823552660392846636e-02
-0.000000000000000000e+00,-2.851729667082888997e-01,0.000000000000000000e+00,0.000000000000000000e+00,-0.000000000000000000e+00,0.000000000000000000e+00,0.000000000000000000e+00,-0.000000000000000000e+00,-2.114711779143617076e-01,-2.454712009673503670e-01,0.000000000000000000e+00,-5.028384582147139154e-02,0.000000000000000000e+00,-0.000000000000000000e+00,-0.000000000000000000e+00,0.000000000000000000e+00,-0.000000000000000000e+00,-2.581911783144730937e-02,-1.824646254216074071e-01,0.000000000000000000e+00,0.000000000000000000e+00,0.000000000000000000e+00,-0.000000000000000000e+00,-0.000000000000000000e+00,0.000000000000000000e+00,-0.000000000000000000e+00,-0.000000000000000000e+00,4.839131697759415339e-03,0.000000000000000000e+00,5.721273591302904020e-03,0.000000000000000000e+00,-1.570441121211209601e-01,0.000000000000000000e+00,-2.079510806616815533e-01,4.188131538051703684e-02,7.752253365737413193e-02,-4.869526143887720204e-02,-9.823552660392846636e-02,1.409250678761937214e+00
