2.260812082642571053e+00,-4.435904179719332152e-01,-0.000000000000000000e+00,0.000000000000000000e+00,-0.000000000000000000e+00,-0.000000000000000000e+00,0.000000000000000000e+00,0.000000000000000000e+00,-0.000000000000000000e+00,-8.209418811338176081e-02,-0.000000000000000000e+00,0.000000000000000000e+00,-0.000000000000000000e+00,-4.510795433282991374e-01,-0.000000000000000000e+00,-0.000000000000000000e+00,-0.000000000000000000e+00,0.000000000000000000e+00,0.000000000000000000e+00,0.000000000000000000e+00,0.000000000000000000e+00,0.000000000000000000e+00,-0.000000000000000000e+00,-0.000000000000000000e+00,-6.236127968351018458e-02,-0.000000000000000000e+00,-0.000000000000000000e+00,-0.000000000000000000e+00,-2.126695621597736452e-02,-5.824577748036036118e-01,-0.000000000000000000e+00,-0.000000000000000000e+00,-0.000000000000000000e+00,0.000000000000000000e+00,-0.000000000000000000e+00,-0.000000000000000000e+00,-0.000000000000000000e+00,-6.695313221244847401e-01,-0.000000000000000000e+00
-4.435904179719332152e-01,2.058143534969940180e+00,0.000000000000000000e+00,0.000000000000000000e+00,-0.000000000000000000e+00,-0.000000000000000000e+00,0.000000000000000000e+00,-0.000000000000000000e+00,-0.000000000000000000e+00,-7.341432869818277362e-01,-0.000000000000000000e+00,-0.000000000000000000e+00,-0.000000000000000000e+00,-0.000000000000000000e+00,1.720141314326223067e-02,-2.386386987740004850e-01,0.000000000000000000e+00,-0.000000000000000000e+00,-3.647565572750822993e-02,1.273604771626742349e-01,0.000000000000000000e+00,-0.000000000000000000e+00,-0.000000000000000000e+00,-0.000000000000000000e+00,-0.000000000000000000e+00,0.000000000000000000e+00,-0.000000000000000000e+00,0.000000000000000000e+00,-0.000000000000000000e+00,-0.000000000000000000e+00,-4.466709547888554621e-02,-0.000000000000000000e+00,2.882984869632333746e-02,-0.000000000000000000e+00,-0.000000000000000000e+00,-0.000000000000000000e+00,-0.000000000000000000e+00,-0.000000000000000000e+00,-4.251691846670258568e-01
-0.000000000000000000e+00,0.000000000000000000e+00,2.490049046711381830e+00,-0.000000000000000000e+00,-2.907489405907153768e-01,0.000000000000000000e+00,-0.000000000000000000e+00,1.584647954113046708e+00,-0.000000000000000000e+00,0.000000000000000000e+00,0.000000000000000000e+00,0.000000000000000000e+00,2.391249823031437460e-01,-0.000000000000000000e+00,-0.000000000000000000e+00,0.000000000000000000e+00,-9.983466160046408633e-02,0.000000000000000000e+00,0.000000000000000000e+00,-0.000000000000000000e+00,-0.000000000000000000e+00,-0.000000000000000000e+00,-0.000000000000000000e+00,-0.000000000000000000e+00,-0.000000000000000000e+00,-1.190866540897437403e-01,-4.406675651096630258e-02,-2.244282611915995040e-01,-0.000000000000000000e+00,0.000000000000000000e+00,-0.000000000000000000e+00,0.000000000000000000e+00,-1.659371673330178598e-01,-0.000000000000000000e+00,-0.000000000000000000e+00,-0.000000000000000000e+00,0.000000000000000000e+00,0.000000000000000000e+00,0.000000000000000000e+00
0.000000000000000000e+00,0.000000000000000000e+00,-0.000000000000000000e+00,1.755321539137900677e+00,0.000000000000000000e+00,0.000000000000000000e+00,-3.629129209121645938e-01,0.000000000000000000e+00,0.000000000000000000e+00,0.000000000000000000e+00,9.514908289040879819e-02,-0.000000000000000000e+00,0.000000000000000000e+00,3.253950929390051483e-01,7.557659727279482376e-02,-0.000000000000000000e+00,-0.000000000000000000e+00,-0.000000000000000000e+00,-0.000000000000000000e+00,-0.000000000000000000e+00,-2.617802758771531346e-01,-0.000000000000000000e+00,-9.275736788450816839e-02,0.000000000000000000e+00,-0.000000000000000000e+00,0.000000000000000000e+00,0.000000000000000000e+00,-0.000000000000000000e+00,1.280455816033748348e-02,0.000000000000000000e+00,0.000000000000000000e+00,0.000000000000000000e+00,-0.000000000000000000e+00,-0.000000000000000000e+00,0.000000000000000000e+00,-0.000000000000000000e+00,2.260236282262703400e-01,3.183553886941237199e-01,0.000000000000000000e+00
-0.000000000000000000e+00,-0.000000000000000000e+00,-2.907489405907153768e-01,0.000000000000000000e+00,1.552932485323047063e+00,-0.000000000000000000e+00,0.000000000000000000e+00,1.573470406253049680e-02,-5.239064707235281393e-01,-0.000000000000000000e+00,-0.000000000000000000e+00,-0.000000000000000000e+00,0.000000000000000000e+00,-9.234962586461406553e-02,-0.000000000000000000e+00,-0.000000000000000000e+00,-0.000000000000000000e+00,0.000000000000000000e+00,-0.000000000000000000e+00,1.731160266622939689e-02,8.441867992133439413e-02,0.000000000000000000e+00,-0.000000000000000000e+00,-0.000000000000000000e+00,-0.000000000000000000e+00,-0.000000000000000000e+00,-2.006812721206658462e-02,0.000000000000000000e+00,-0.000000000000000000e+00,-0.000000000000000000e+00,-3.509519018335665042e-01,-7.060852662138443481e-02,0.000000000000000000e+00,-1.289920810314883481e-01,-0.000000000000000000e+00,-1.713209624292172384e-02,-0.000000000000000000e+00,-0.000000000000000000e+00,-0.000000000000000000e+00
-0.000000000000000000e+00,-0.000000000000000000e+00,0.000000000000000000e+00,0.000000000000000000e+00,-0.000000000000000000e+00,2.669993678671378490e+00,-8.368378151392109887e-02,0.000000000000000000e+00,-0.000000000000000000e+00,0.000000000000000000e+00,-0.000000000000000000e+00,1.502488358506134658e-01,-0.000000000000000000e+00,-0.000000000000000000e+00,0.000000000000000000e+00,0.000000000000000000e+00,-0.000000000000000000e+00,1.206180799483610316e-01,0.000000000000000000e+00,0.000000000000000000e+00,0.000000000000000000e+00,0.000000000000000000e+00,-0.000000000000000000e+00,-9.999860691348763098e-01,-0.000000000000000000e+00,-0.000000000000000000e+00,-0.000000000000000000e+00,0.000000000000000000e+00,-4.647737718629875725e-01,-1.362477244191323267e-01,-0.000000000000000000e+00,-1.948357373055471797e-01,-0.000000000000000000e+00,1.067553711257845095e-01,-4.313714564216859504e-01,2.901959232372733691e-02,-4.392651068146060517e-02,-0.000000000000000000e+00,0.000000000000000000e+00
0.000000000000000000e+00,0.000000000000000000e+00,-0.000000000000000000e+00,-3.629129209121645938e-01,0.000000000000000000e+00,-8.368378151392109887e-02,1.440202043342196925e+00,0.000000000000000000e+00,4.207987045088166372e-02,0.000000000000000000e+00,0.000000000000000000e+00,0.000000000000000000e+00,-0.000000000000000000e+00,1.371334174379949533e-01,2.331855064104218778e-01,0.000000000000000000e+00,0.000000000000000000e+00,-0.000000000000000000e+00,0.000000000000000000e+00,0.000000000000000000e+00,-1.873962204621588967e-01,-2.268244352812948117e-03,-9.309443742357892404e-02,-1.569286066566946691e-01,-0.000000000000000000e+00,0.000000000000000000e+00,3.003745736950746287e-02,0.000000000000000000e+00,-0.000000000000000000e+00,-0.000000000000000000e+00,-5.138805890640813639e-02,0.000000000000000000e+00,-0.000000000000000000e+00,0.000000000000000000e+00,-0.000000000000000000e+00,0.000000000000000000e+00,0.000000000000000000e+00,7.324665211802369735e-02,2.698450953490078574e-01
0.000000000000000000e+00,-0.000000000000000000e+00,1.584647954113046708e+00,0.000000000000000000e+00,1.573470406253049680e-02,0.000000000000000000e+00,0.000000000000000000e+00,2.441347350876686750e+00,0.000000000000000000e+00,-0.000000000000000000e+00,-0.000000000000000000e+00,-0.000000000000000000e+00,-0.000000000000000000e+00,0.000000000000000000e+00,-0.000000000000000000e+00,-0.000000000000000000e+00,0.000000000000000000e+00,-0.000000000000000000e+00,-0.000000000000000000e+00,0.000000000000000000e+00,1.973624292073769548e-01,0.000000000000000000e+00,0.000000000000000000e+00,3.640615010590788486e-02,1.656048780903444650e-01,0.000000000000000000e+00,0.000000000000000000e+00,0.000000000000000000e+00,0.000000000000000000e+00,0.000000000000000000e+00,2.707142551795636010e-01,-0.000000000000000000e+00,3.106882815090838967e-01,0.000000000000000000e+00,0.000000000000000000e+00,0.000000000000000000e+00,-0.000000000000000000e+00,-0.000000000000000000e+00,-0.000000000000000000e+00
-0.000000000000000000e+00,-0.000000000000000000e+00,-0.000000000000000000e+00,0.000000000000000000e+00,-5.239064707235281393e-01,-0.000000000000000000e+00,4.207987045088166372e-02,0.000000000000000000e+00,1.863084664758473119e+00,-0.000000000000000000e+00,-0.000000000000000000e+00,0.000000000000000000e+00,0.000000000000000000e+00,-1.626009440639421544e-01,-5.339250902126731202e-02,-0.000000000000000000e+00,-6.245392291317364286e-02,0.000000000000000000e+00,-0.000000000000000000e+00,0.000000000000000000e+00,1.178017858493303309e-02,2.033928235501963611e-01,-0.000000000000000000e+00,-0.000000000000000000e+00,-0.000000000000000000e+00,-7.643997576295794016e-02,-0.000000000000000000e+00,-0.000000000000000000e+00,-0.000000000000000000e+00,-3.418618332958413553e-01,-0.000000000000000000e+00,-0.000000000000000000e+00,0.000000000000000000e+00,-0.000000000000000000e+00,-0.000000000000000000e+00,-0.000000000000000000e+00,-0.000000000000000000e+00,-2.541963035150639483e-01,-3.513885938271532616e-01
-8.209418811338176081e-02,-7.341432869818277362e-01,0.000000000000000000e+00,0.000000000000000000e+00,-0.000000000000000000e+00,0.000000000000000000e+00,0.000000000000000000e+00,-0.000000000000000000e+00,-0.000000000000000000e+00,2.380961859327049179e+00,0.000000000000000000e+00,-0.000000000000000000e+00,-0.000000000000000000e+00,-0.000000000000000000e+00,0.000000000000000000e+00,-7.352573565489722851e-01,0.000000000000000000e+00,-0.000000000000000000e+00,-0.000000000000000000e+00,0.000000000000000000e+00,0.000000000000000000e+00,0.000000000000000000e+00,-1.187530733026586210e-01,-0.000000000000000000e+00,-1.849400490391284457e-01,0.000000000000000000e+00,0.000000000000000000e+00,0.000000000000000000e+00,0.000000000000000000e+00,-2.676979982979380557e-01,-0.000000000000000000e+00,-0.000000000000000000e+00,0.000000000000000000e+00,-0.000000000000000000e+00,0.000000000000000000e+00,-1.632536719453651086e-01,0.000000000000000000e+00,-0.000000000000000000e+00,-2.887993838029302984e-01
-0.000000000000000000e+00,-0.000000000000000000e+00,0.000000000000000000e+00,9.514908289040879819e-02,-0.000000000000000000e+00,-0.000000000000000000e+00,0.000000000000000000e+00,-0.000000000000000000e+00,-0.000000000000000000e+00,0.000000000000000000e+00,2.043424341027936908e+00,0.000000000000000000e+00,-0.000000000000000000e+00,-1.709575421802057571e-01,-0.000000000000000000e+00,0.000000000000000000e+00,-0.000000000000000000e+00,2.254135165575336663e-01,0.000000000000000000e+00,0.000000000000000000e+00,2.876096806550697271e-02,4.394510101110400691e-02,0.000000000000000000e+00,-0.000000000000000000e+00,0.000000000000000000e+00,-1.446926842381275960e-02,-4.499249778815788553e-02,0.000000000000000000e+00,-2.986911857313029328e-01,-0.000000000000000000e+00,-0.000000000000000000e+00,-3.979738997156949676e-01,0.000000000000000000e+00,2.600446488707641030e-02,-1.932912407637975005e-01,0.000000000000000000e+00,-3.618141518521587052e-01,-6.325801935841022551e-03,-0.000000000000000000e+00
0.000000000000000000e+00,-0.000000000000000000e+00,0.000000000000000000e+00,-0.000000000000000000e+00,-0.000000000000000000e+00,1.502488358506134658e-01,0.000000000000000000e+00,-0.000000000000000000e+00,0.000000000000000000e+00,-0.000000000000000000e+00,0.000000000000000000e+00,2.031397375140394868e+00,0.000000000000000000e+00,0.000000000000000000e+00,0.000000000000000000e+00,-0.000000000000000000e+00,0.000000000000000000e+00,-0.000000000000000000e+00,-6.793614458983639193e-02,1.553610226350700570e-02,0.000000000000000000e+00,-0.000000000000000000e+00,-0.000000000000000000e+00,0.000000000000000000e+00,-0.000000000000000000e+00,4.954427173615980617e-01,0.000000000000000000e+00,0.000000000000000000e+00,2.829018761007707217e-01,0.000000000000000000e+00,-0.000000000000000000e+00,0.000000000000000000e+00,7.040449579759773535e-02,-4.153818939125443754e-01,2.156971276246844871e-01,-2.096244401595558082e-02,1.344892325376679208e-02,1.261440016450152968e-01,-2.806718415608902006e-01
-0.000000000000000000e+00,-0.000000000000000000e+00,2.391249823031437460e-01,0.000000000000000000e+00,0.000000000000000000e+00,-0.000000000000000000e+00,-0.000000000000000000e+00,-0.000000000000000000e+00,0.000000000000000000e+00,-0.000000000000000000e+00,-0.000000000000000000e+00,0.000000000000000000e+00,1.072584068151355652e+00,0.000000000000000000e+00,0.000000000000000000e+00,0.000000000000000000e+00,0.000000000000000000e+00,0.000000000000000000e+00,0.000000000000000000e+00,-0.000000000000000000e+00,-0.000000000000000000e+00,-3.566087396974814555e-02,-0.000000000000000000e+00,-0.000000000000000000e+00,0.000000000000000000e+00,0.000000000000000000e+00,0.000000000000000000e+00,1.611492990844936093e-02,-0.000000000000000000e+00,-0.000000000000000000e+00,1.760551705950515189e-02,-0.000000000000000000e+00,-0.000000000000000000e+00,1.224043042573482731e-01,-0.000000000000000000e+00,3.651580526408412103e-02,-0.000000000000000000e+00,-0.000000000000000000e+00,0.000000000000000000e+00
-4.510795433282991374e-01,-0.000000000000000000e+00,-0.000000000000000000e+00,3.253950929390051483e-01,-9.234962586461406553e-02,-0.000000000000000000e+00,1.371334174379949533e-01,0.000000000000000000e+00,-1.626009440639421544e-01,-0.000000000000000000e+00,-1.709575421802057571e-01,0.000000000000000000e+00,0.000000000000000000e+00,2.767507760305864650e+00,-0.000000000000000000e+00,-0.000000000000000000e+00,-0.000000000000000000e+00,0.000000000000000000e+00,0.000000000000000000e+00,0.000000000000000000e+00,1.628639324996055682e-01,1.435209409873265396e-01,-0.000000000000000000e+00,-0.000000000000000000e+00,-0.000000000000000000e+00,-5.979129142217569359e-02,-2.897261658701897891e-01,0.000000000000000000e+00,-8.859222293278266880e-02,-1.933244961519793026e-01,-0.000000000000000000e+00,-1.913245524592585567e-01,0.000000000000000000e+00,0.000000000000000000e+00,-0.000000000000000000e+00,-0.000000000000000000e+00,-2.048108825049016202e-01,-5.881534467776293740e-01,-0.000000000000000000e+00
-0.000000000000000000e+00,1.720141314326223067e-02,-0.000000000000000000e+00,7.557659727279482376e-02,-0.000000000000000000e+00,0.000000000000000000e+00,2.331855064104218778e-01,-0.000000000000000000e+00,-5.339250902126731202e-02,0.000000000000000000e+00,-0.000000000000000000e+00,0.000000000000000000e+00,0.000000000000000000e+00,-0.000000000000000000e+00,1.264491102497225850e+00,0.000000000000000000e+00,-4.013620349180676422e-02,-0.000000000000000000e+00,0.000000000000000000e+00,-6.236923564833543598e-02,0.000000000000000000e+00,0.000000000000000000e+00,0.000000000000000000e+00,4.541534636936277181e-02,0.000000000000000000e+00,-1.709327319601535167e-01,0.000000000000000000e+00,-1.580680184053596116e-01,0.000000000000000000e+00,0.000000000000000000e+00,1.541767278294466081e-01,0.000000000000000000e+00,-0.000000000000000000e+00,-0.000000000000000000e+00,0.000000000000000000e+00,0.000000000000000000e+00,0.000000000000000000e+00,-1.943410816235703886e-01,-0.000000000000000000e+00
-0.000000000000000000e+00,-2.386386987740004850e-01,0.000000000000000000e+00,-0.000000000000000000e+00,-0.000000000000000000e+00,0.000000000000000000e+00,0.000000000000000000e+00,-0.000000000000000000e+00,-0.000000000000000000e+00,-7.352573565489722851e-01,0.000000000000000000e+00,-0.000000000000000000e+00,0.000000000000000000e+00,-0.000000000000000000e+00,0.000000000000000000e+00,2.276218431846834811e+00,0.000000000000000000e+00,-0.000000000000000000e+00,-0.000000000000000000e+00,0.000000000000000000e+00,0.000000000000000000e+00,-0.000000000000000000e+00,-5.351807301509954595e-02,0.000000000000000000e+00,-1.193431652149781058e-01,0.000000000000000000e+00,0.000000000000000000e+00,-0.000000000000000000e+00,0.000000000000000000e+00,-0.000000000000000000e+00,-0.000000000000000000e+00,0.000000000000000000e+00,6.738820347641071018e-02,-7.505728798211941388e-02,3.336262374430884470e-01,-6.041538289516396043e-01,0.000000000000000000e+00,-0.000000000000000000e+00,-2.346522039222320721e-01
-0.000000000000000000e+00,0.000000000000000000e+00,-9.983466160046408633e-02,-0.000000000000000000e+00,-0.000000000000000000e+00,-0.000000000000000000e+00,0.000000000000000000e+00,0.000000000000000000e+00,-6.245392291317364286e-02,0.000000000000000000e+00,-0.000000000000000000e+00,0.000000000000000000e+00,0.000000000000000000e+00,-0.000000000000000000e+00,-4.013620349180676422e-02,0.000000000000000000e+00,1.321924521790275309e+00,0.000000000000000000e+00,9.544579210338388631e-02,-0.000000000000000000e+00,-0.000000000000000000e+00,0.000000000000000000e+00,-9.967231974784645371e-03,-0.000000000000000000e+00,-0.000000000000000000e+00,-3.726596126842922074e-01,-0.000000000000000000e+00,-3.296585851716898885e-01,-0.000000000000000000e+00,-0.000000000000000000e+00,-0.000000000000000000e+00,-0.000000000000000000e+00,-0.000000000000000000e+00,-0.000000000000000000e+00,-0.000000000000000000e+00,0.000000000000000000e+00,-0.000000000000000000e+00,-0.000000000000000000e+00,-0.000000000000000000e+00
0.000000000000000000e+00,-0.000000000000000000e+00,0.000000000000000000e+00,-0.000000000000000000e+00,0.000000000000000000e+00,1.206180799483610316e-01,-0.000000000000000000e+00,-0.000000000000000000e+00,0.000000000000000000e+00,-0.000000000000000000e+00,2.254135165575336663e-01,-0.000000000000000000e+00,0.000000000000000000e+00,0.000000000000000000e+00,-0.000000000000000000e+00,-0.000000000000000000e+00,0.000000000000000000e+00,1.720465189873881862e+00,-7.553171586119339365e-01,-0.000000000000000000e+00,-0.000000000000000000e+00,-8.770985143226689429e-02,0.000000000000000000e+00,1.702944677615925717e-01,0.000000000000000000e+00,0.000000000000000000e+00,1.013699370899258639e-03,-0.000000000000000000e+00,0.000000000000000000e+00,0.000000000000000000e+00,0.000000000000000000e+00,3.944481880596751450e-02,0.000000000000000000e+00,-8.965293317131348139e-02,3.480264264842974214e-02,-0.000000000000000000e+00,0.000000000000000000e+00,0.000000000000000000e+00,-0.000000000000000000e+00
0.000000000000000000e+00,-3.647565572750822993e-02,0.000000000000000000e+00,-0.000000000000000000e+00,-0.000000000000000000e+00,0.000000000000000000e+00,0.000000000000000000e+00,-0.000000000000000000e+00,-0.000000000000000000e+00,-0.000000000000000000e+00,0.000000000000000000e+00,-6.793614458983639193e-02,0.000000000000000000e+00,0.000000000000000000e+00,0.000000000000000000e+00,-0.000000000000000000e+00,9.544579210338388631e-02,-7.553171586119339365e-01,1.809384873049848297e+00,0.000000000000000000e+00,0.000000000000000000e+00,-0.000000000000000000e+00,0.000000000000000000e+00,0.000000000000000000e+00,0.000000000000000000e+00,1.649385032615285351e-01,0.000000000000000000e+00,1.215454855049179356e-01,0.000000000000000000e+00,0.000000000000000000e+00,-0.000000000000000000e+00,0.000000000000000000e+00,1.620578638872341784e-02,-4.710187561490491448e-01,0.000000000000000000e+00,-0.000000000000000000e+00,0.000000000000000000e+00,0.000000000000000000e+00,-0.000000000000000000e+00
0.000000000000000000e+00,1.273604771626742349e-01,-0.000000000000000000e+00,-0.000000000000000000e+00,1.731160266622939689e-02,0.000000000000000000e+00,0.000000000000000000e+00,0.000000000000000000e+00,0.000000000000000000e+00,0.000000000000000000e+00,0.000000000000000000e+00,1.553610226350700570e-02,-0.000000000000000000e+00,0.000000000000000000e+00,-6.236923564833543598e-02,0.000000000000000000e+00,-0.000000000000000000e+00,-0.000000000000000000e+00,0.000000000000000000e+00,2.197168249944994933e+00,-4.443519706779310852e-01,-0.000000000000000000e+00,-0.000000000000000000e+00,-0.000000000000000000e+00,-0.000000000000000000e+00,-3.408040184980658249e-02,-0.000000000000000000e+00,-5.226707321985909482e-01,0.000000000000000000e+00,0.000000000000000000e+00,2.992446350211830364e-01,0.000000000000000000e+00,-8.863831526872244515e-01,0.000000000000000000e+00,0.000000000000000000e+00,0.000000000000000000e+00,0.000000000000000000e+00,-0.000000000000000000e+00,3.537399022214714889e-02
0.000000000000000000e+00,0.000000000000000000e+00,-0.000000000000000000e+00,-2.617802758771531346e-01,8.441867992133439413e-02,0.000000000000000000e+00,-1.873962204621588967e-01,1.973624292073769548e-01,1.178017858493303309e-02,0.000000000000000000e+00,2.876096806550697271e-02,0.000000000000000000e+00,-0.000000000000000000e+00,1.628639324996055682e-01,0.000000000000000000e+00,0.000000000000000000e+00,-0.000000000000000000e+00,-0.000000000000000000e+00,0.000000000000000000e+00,-4.443519706779310852e-01,2.499370218070191108e+00,-8.620513352217056280e-01,-1.959321025262927146e-03,-0.000000000000000000e+00,-0.000000000000000000e+00,0.000000000000000000e+00,0.000000000000000000e+00,-0.000000000000000000e+00,0.000000000000000000e+00,0.000000000000000000e+00,0.000000000000000000e+00,3.883839300710244941e-02,-7.287150525256432809e-01,0.000000000000000000e+00,0.000000000000000000e+00,0.000000000000000000e+00,6.366946034230348828e-02,0.000000000000000000e+00,0.000000000000000000e+00
0.000000000000000000e+00,-0.000000000000000000e+00,-0.000000000000000000e+00,-0.000000000000000000e+00,0.000000000000000000e+00,0.000000000000000000e+00,-2.268244352812948117e-03,0.000000000000000000e+00,2.033928235501963611e-01,0.000000000000000000e+00,4.394510101110400691e-02,-0.000000000000000000e+00,-3.566087396974814555e-02,1.435209409873265396e-01,0.000000000000000000e+00,-0.000000000000000000e+00,0.000000000000000000e+00,-8.770985143226689429e-02,-0.000000000000000000e+00,-0.000000000000000000e+00,-8.620513352217056280e-01,1.753864349215928042e+00,-0.000000000000000000e+00,-0.000000000000000000e+00,-0.000000000000000000e+00,9.866074270958846704e-02,0.000000000000000000e+00,0.000000000000000000e+00,0.000000000000000000e+00,0.000000000000000000e+00,0.000000000000000000e+00,0.000000000000000000e+00,-0.000000000000000000e+00,-0.000000000000000000e+00,0.000000000000000000e+00,-0.000000000000000000e+00,5.422068433568297957e-02,7.312388720600761227e-02,0.000000000000000000e+00
-0.000000000000000000e+00,-0.000000000000000000e+00,-0.000000000000000000e+00,-9.275736788450816839e-02,-0.000000000000000000e+00,-0.000000000000000000e+00,-9.309443742357892404e-02,0.000000000000000000e+00,-0.000000000000000000e+00,-1.187530733026586210e-01,0.000000000000000000e+00,-0.000000000000000000e+00,-0.000000000000000000e+00,-0.000000000000000000e+00,0.000000000000000000e+00,-5.351807301509954595e-02,-9.967231974784645371e-03,0.000000000000000000e+00,0.000000000000000000e+00,-0.000000000000000000e+00,-1.959321025262927146e-03,-0.000000000000000000e+00,1.929741426425366058e+00,-1.677282341744431304e-01,-1.205244623641798629e+00,0.000000000000000000e+00,0.000000000000000000e+00,-0.000000000000000000e+00,0.000000000000000000e+00,-2.416850389624045081e-02,-5.934462053156180222e-02,0.000000000000000000e+00,-0.000000000000000000e+00,-0.000000000000000000e+00,0.000000000000000000e+00,-0.000000000000000000e+00,0.000000000000000000e+00,0.000000000000000000e+00,-0.000000000000000000e+00
-0.000000000000000000e+00,-0.000000000000000000e+00,-0.000000000000000000e+00,0.000000000000000000e+00,-0.000000000000000000e+00,-9.999860691348763098e-01,-1.569286066566946691e-01,3.640615010590788486e-02,-0.000000000000000000e+00,-0.000000000000000000e+00,-0.000000000000000000e+00,0.000000000000000000e+00,-0.000000000000000000e+00,-0.000000000000000000e+00,4.541534636936277181e-02,0.000000000000000000e+00,-0.000000000000000000e+00,1.702944677615925717e-01,0.000000000000000000e+00,-0.000000000000000000e+00,-0.000000000000000000e+00,-0.000000000000000000e+00,-1.677282341744431304e-01,2.465687511969984591e+00,-4.890904504440115458e-02,-0.000000000000000000e+00,-0.000000000000000000e+00,0.000000000000000000e+00,-3.002553846955807737e-01,-3.910994157087685497e-01,-2.153573549226396322e-01,-1.308583397667088810e-01,-8.295643615586706376e-02,0.000000000000000000e+00,-2.336473626296874107e-01,0.000000000000000000e+00,-0.000000000000000000e+00,-0.000000000000000000e+00,0.000000000000000000e+00
-6.236127968351018458e-02,-0.000000000000000000e+00,-0.000000000000000000e+00,-0.000000000000000000e+00,-0.000000000000000000e+00,-0.000000000000000000e+00,-0.000000000000000000e+00,1.656048780903444650e-01,-0.000000000000000000e+00,-1.849400490391284457e-01,0.000000000000000000e+00,-0.000000000000000000e+00,0.000000000000000000e+00,-0.000000000000000000e+00,0.000000000000000000e+00,-1.193431652149781058e-01,-0.000000000000000000e+00,0.000000000000000000e+00,0.000000000000000000e+00,-0.000000000000000000e+00,-0.000000000000000000e+00,-0.000000000000000000e+00,-1.205244623641798629e+00,-4.890904504440115458e-02,2.107204040490628927e+00,0.000000000000000000e+00,0.000000000000000000e+00,-0.000000000000000000e+00,0.000000000000000000e+00,-6.056558273507783169e-02,-8.338720800837257086e-02,0.000000000000000000e+00,-0.000000000000000000e+00,-0.000000000000000000e+00,0.000000000000000000e+00,-2.631866519953861561e-01,0.000000000000000000e+00,-0.000000000000000000e+00,-0.000000000000000000e+00
-0.000000000000000000e+00,0.000000000000000000e+00,-1.190866540897437403e-01,0.000000000000000000e+00,-0.000000000000000000e+00,-0.000000000000000000e+00,0.000000000000000000e+00,0.000000000000000000e+00,-7.643997576295794016e-02,0.000000000000000000e+00,-1.446926842381275960e-02,4.954427173615980617e-01,0.000000000000000000e+00,-5.979129142217569359e-02,-1.709327319601535167e-01,0.000000000000000000e+00,-3.726596126842922074e-01,0.000000000000000000e+00,1.649385032615285351e-01,-3.408040184980658249e-02,0.000000000000000000e+00,9.866074270958846704e-02,0.000000000000000000e+00,-0.000000000000000000e+00,0.000000000000000000e+00,2.453557462751731588e+00,-6.267853738662195751e-01,-0.000000000000000000e+00,-1.976644063867218637e-01,-0.000000000000000000e+00,0.000000000000000000e+00,-0.000000000000000000e+00,-1.906558656284487174e-01,0.000000000000000000e+00,-1.183899306602593238e-01,0.000000000000000000e+00,-0.000000000000000000e+00,-3.891512103426944535e-01,0.000000000000000000e+00
-0.000000000000000000e+00,-0.000000000000000000e+00,-4.406675651096630258e-02,0.000000000000000000e+00,-2.006812721206658462e-02,-0.000000000000000000e+00,3.003745736950746287e-02,0.000000000000000000e+00,-0.000000000000000000e+00,0.000000000000000000e+00,-4.499249778815788553e-02,0.000000000000000000e+00,0.000000000000000000e+00,-2.897261658701897891e-01,0.000000000000000000e+00,0.000000000000000000e+00,-0.000000000000000000e+00,1.013699370899258639e-03,0.000000000000000000e+00,-0.000000000000000000e+00,0.000000000000000000e+00,0.000000000000000000e+00,0.000000000000000000e+00,-0.000000000000000000e+00,0.000000000000000000e+00,-6.267853738662195751e-01,2.159911433060173636e+00,-0.000000000000000000e+00,-0.000000000000000000e+00,-0.000000000000000000e+00,-0.000000000000000000e+00,-3.364349834469680389e-01,-0.000000000000000000e+00,0.000000000000000000e+00,-6.819732643899456548e-02,0.000000000000000000e+00,-5.392825780697112492e-01,-0.000000000000000000e+00,-0.000000000000000000e+00
-0.000000000000000000e+00,0.000000000000000000e+00,-2.244282611915995040e-01,-0.000000000000000000e+00,0.000000000000000000e+00,0.000000000000000000e+00,0.000000000000000000e+00,0.000000000000000000e+00,-0.000000000000000000e+00,0.000000000000000000e+00,0.000000000000000000e+00,0.000000000000000000e+00,1.611492990844936093e-02,0.000000000000000000e+00,-1.580680184053596116e-01,-0.000000000000000000e+00,-3.296585851716898885e-01,-0.000000000000000000e+00,1.215454855049179356e-01,-5.226707321985909482e-01,-0.000000000000000000e+00,0.000000000000000000e+00,-0.000000000000000000e+00,0.000000000000000000e+00,-0.000000000000000000e+00,-0.000000000000000000e+00,-0.000000000000000000e+00,1.498145027262625772e+00,0.000000000000000000e+00,0.000000000000000000e+00,1.377306498615396835e-01,5.702739747634151535e-02,-0.000000000000000000e+00,-0.000000000000000000e+00,7.905673871189487778e-02,-0.000000000000000000e+00,0.000000000000000000e+00,-0.000000000000000000e+00,0.000000000000000000e+00
-2.126695621597736452e-02,-0.000000000000000000e+00,-0.000000000000000000e+00,1.280455816033748348e-02,-0.000000000000000000e+00,-4.647737718629875725e-01,-0.000000000000000000e+00,0.000000000000000000e+00,-0.000000000000000000e+00,0.000000000000000000e+00,-2.986911857313029328e-01,2.829018761007707217e-01,-0.000000000000000000e+00,-8.859222293278266880e-02,0.000000000000000000e+00,0.000000000000000000e+00,-0.000000000000000000e+00,0.000000000000000000e+00,0.000000000000000000e+00,0.000000000000000000e+00,0.000000000000000000e+00,0.000000000000000000e+00,0.000000000000000000e+00,-3.002553846955807737e-01,0.000000000000000000e+00,-1.976644063867218637e-01,-0.000000000000000000e+00,0.000000000000000000e+00,3.461494146985345743e+00,-2.671474216097537435e-01,-0.000000000000000000e+00,-3.266732922159193420e-01,-0.000000000000000000e+00,0.000000000000000000e+00,-8.521831400358143016e-01,4.369716726336771162e-02,-5.933145894373914597e-01,-2.362581932385995898e-02,0.000000000000000000e+00
-5.824577748036036118e-01,-0.000000000000000000e+00,0.000000000000000000e+00,0.000000000000000000e+00,-0.000000000000000000e+00,-1.362477244191323267e-01,-0.000000000000000000e+00,0.000000000000000000e+00,-3.418618332958413553e-01,-2.676979982979380557e-01,-0.000000000000000000e+00,0.000000000000000000e+00,-0.000000000000000000e+00,-1.933244961519793026e-01,0.000000000000000000e+00,-0.000000000000000000e+00,-0.000000000000000000e+00,0.000000000000000000e+00,0.000000000000000000e+00,0.000000000000000000e+00,0.000000000000000000e+00,0.000000000000000000e+00,-2.416850389624045081e-02,-3.910994157087685497e-01,-6.056558273507783169e-02,-0.000000000000000000e+00,-0.000000000000000000e+00,0.000000000000000000e+00,-2.671474216097537435e-01,2.120298979956838803e+00,-0.000000000000000000e+00,-0.000000000000000000e+00,0.000000000000000000e+00,0.000000000000000000e+00,-0.000000000000000000e+00,-0.000000000000000000e+00,-0.000000000000000000e+00,-2.746916252388790364e-02,-0.000000000000000000e+00
-0.000000000000000000e+00,-4.466709547888554621e-02,-0.000000000000000000e+00,0.000000000000000000e+00,-3.509519018335665042e-01,-0.000000000000000000e+00,-5.138805890640813639e-02,2.707142551795636010e-01,-0.000000000000000000e+00,-0.000000000000000000e+00,-0.000000000000000000e+00,-0.000000000000000000e+00,1.760551705950515189e-02,-0.000000000000000000e+00,1.541767278294466081e-01,-0.000000000000000000e+00,-0.000000000000000000e+00,0.000000000000000000e+00,-0.000000000000000000e+00,2.992446350211830364e-01,0.000000000000000000e+00,0.000000000000000000e+00,-5.934462053156180222e-02,-2.153573549226396322e-01,-8.338720800837257086e-02,0.000000000000000000e+00,-0.000000000000000000e+00,1.377306498615396835e-01,-0.000000000000000000e+00,-0.000000000000000000e+00,1.423997975083793444e+00,-1.751847491728094133e-02,0.000000000000000000e+00,-7.987750136067790774e-02,-0.000000000000000000e+00,-0.000000000000000000e+00,-0.000000000000000000e+00,0.000000000000000000e+00,-0.000000000000000000e+00
-0.000000000000000000e+00,-0.000000000000000000e+00,0.000000000000000000e+00,0.000000000000000000e+00,-7.060852662138443481e-02,-1.948357373055471797e-01,0.000000000000000000e+00,-0.000000000000000000e+00,-0.000000000000000000e+00,-0.000000000000000000e+00,-3.979738997156949676e-01,0.000000000000000000e+00,-0.000000000000000000e+00,-1.913245524592585567e-01,0.000000000000000000e+00,0.000000000000000000e+00,-0.000000000000000000e+00,3.944481880596751450e-02,0.000000000000000000e+00,0.000000000000000000e+00,3.883839300710244941e-02,0.000000000000000000e+00,0.000000000000000000e+00,-1.308583397667088810e-01,0.000000000000000000e+00,-0.000000000000000000e+00,-3.364349834469680389e-01,5.702739747634151535e-02,-3.266732922159193420e-01,-0.000000000000000000e+00,-1.751847491728094133e-02,2.528093978040486522e+00,0.000000000000000000e+00,0.000000000000000000e+00,-1.789678525101681406e-01,0.000000000000000000e+00,-6.032303085607226834e-01,-0.000000000000000000e+00,-0.000000000000000000e+00
-0.000000000000000000e+00,2.882984869632333746e-02,-1.659371673330178598e-01,-0.000000000000000000e+00,0.000000000000000000e+00,-0.000000000000000000e+00,-0.000000000000000000e+00,3.106882815090838967e-01,0.000000000000000000e+00,0.000000000000000000e+00,0.000000000000000000e+00,7.040449579759773535e-02,-0.000000000000000000e+00,0.000000000000000000e+00,-0.000000000000000000e+00,6.738820347641071018e-02,-0.000000000000000000e+00,0.000000000000000000e+00,1.620578638872341784e-02,-8.863831526872244515e-01,-7.287150525256432809e-01,-0.000000000000000000e+00,-0.000000000000000000e+00,-8.295643615586706376e-02,-0.000000000000000000e+00,-1.906558656284487174e-01,-0.000000000000000000e+00,-0.000000000000000000e+00,-0.000000000000000000e+00,0.000000000000000000e+00,0.000000000000000000e+00,0.000000000000000000e+00,2.312470075481503073e+00,0.000000000000000000e+00,-0.000000000000000000e+00,3.506961359192333622e-02,-0.000000000000000000e+00,-0.000000000000000000e+00,1.564952836727480645e-01
0.000000000000000000e+00,-0.000000000000000000e+00,-0.000000000000000000e+00,-0.000000000000000000e+00,-1.289920810314883481e-01,1.067553711257845095e-01,0.000000000000000000e+00,0.000000000000000000e+00,-0.000000000000000000e+00,-0.000000000000000000e+00,2.600446488707641030e-02,-4.153818939125443754e-01,1.224043042573482731e-01,0.000000000000000000e+00,-0.000000000000000000e+00,-7.505728798211941388e-02,-0.000000000000000000e+00,-8.965293317131348139e-02,-4.710187561490491448e-01,0.000000000000000000e+00,0.000000000000000000e+00,-0.000000000000000000e+00,-0.000000000000000000e+00,0.000000000000000000e+00,-0.000000000000000000e+00,0.000000000000000000e+00,0.000000000000000000e+00,-0.000000000000000000e+00,0.000000000000000000e+00,0.000000000000000000e+00,-7.987750136067790774e-02,0.000000000000000000e+00,0.000000000000000000e+00,2.016866519321284468e+00,8.329243922063724048e-02,-3.570034443150395531e-01,0.000000000000000000e+00,0.000000000000000000e+00,-4.484722910325726897e-01
-0.000000000000000000e+00,-0.000000000000000000e+00,-0.000000000000000000e+00,0.000000000000000000e+00,-0.000000000000000000e+00,-4.313714564216859504e-01,-0.000000000000000000e+00,0.000000000000000000e+00,-0.000000000000000000e+00,0.000000000000000000e+00,-1.932912407637975005e-01,2.156971276246844871e-01,-0.000000000000000000e+00,-0.000000000000000000e+00,0.000000000000000000e+00,3.336262374430884470e-01,-0.000000000000000000e+00,3.480264264842974214e-02,0.000000000000000000e+00,0.000000000000000000e+00,0.000000000000000000e+00,0.000000000000000000e+00,0.000000000000000000e+00,-2.336473626296874107e-01,0.000000000000000000e+00,-1.183899306602593238e-01,-6.819732643899456548e-02,7.905673871189487778e-02,-8.521831400358143016e-01,-0.000000000000000000e+00,-0.000000000000000000e+00,-1.789678525101681406e-01,-0.000000000000000000e+00,8.329243922063724048e-02,3.261063069126686642e+00,1.417704070858429033e-01,-7.598745419935349910e-01,-0.000000000000000000e+00,0.000000000000000000e+00
-0.000000000000000000e+00,-0.000000000000000000e+00,-0.000000000000000000e+00,-0.000000000000000000e+00,-1.713209624292172384e-02,2.901959232372733691e-02,0.000000000000000000e+00,0.000000000000000000e+00,-0.000000000000000000e+00,-1.632536719453651086e-01,0.000000000000000000e+00,-2.096244401595558082e-02,3.651580526408412103e-02,-0.000000000000000000e+00,0.000000000000000000e+00,-6.041538289516396043e-01,0.000000000000000000e+00,-0.000000000000000000e+00,-0.000000000000000000e+00,0.000000000000000000e+00,0.000000000000000000e+00,-0.000000000000000000e+00,-0.000000000000000000e+00,0.000000000000000000e+00,-2.631866519953861561e-01,0.000000000000000000e+00,0.000000000000000000e+00,-0.000000000000000000e+00,4.369716726336771162e-02,-0.000000000000000000e+00,-0.000000000000000000e+00,0.000000000000000000e+00,3.506961359192333622e-02,-3.570034443150395531e-01,1.417704070858429033e-01,1.867609722478208223e+00,9.982497126189264491e-02,0.000000000000000000e+00,-1.221207411466030263e-01
-0.000000000000000000e+00,-0.000000000000000000e+00,0.000000000000000000e+00,2.260236282262703400e-01,-0.000000000000000000e+00,-4.392651068146060517e-02,0.000000000000000000e+00,-0.000000000000000000e+00,-0.000000000000000000e+00,0.000000000000000000e+00,-3.618141518521587052e-01,1.344892325376679208e-02,-0.000000000000000000e+00,-2.048108825049016202e-01,0.000000000000000000e+00,0.000000000000000000e+00,-0.000000000000000000e+00,0.000000000000000000e+00,0.000000000000000000e+00,0.000000000000000000e+00,6.366946034230348828e-02,5.422068433568297957e-02,0.000000000000000000e+00,-0.000000000000000000e+00,0.000000000000000000e+00,-0.000000000000000000e+00,-5.392825780697112492e-01,0.000000000000000000e+00,-5.933145894373914597e-01,-0.000000000000000000e+00,-0.000000000000000000e+00,-6.032303085607226834e-01,-0.000000000000000000e+00,0.000000000000000000e+00,-7.598745419935349910e-01,9.982497126189264491e-02,3.287783741719354502e+00,-0.000000000000000000e+00,0.000000000000000000e+00
-6.695313221244847401e-01,-0.000000000000000000e+00,0.000000000000000000e+00,3.183553886941237199e-01,-0.000000000000000000e+00,-0.000000000000000000e+00,7.324665211802369735e-02,-0.000000000000000000e+00,-2.541963035150639483e-01,-0.000000000000000000e+00,-6.325801935841022551e-03,1.261440016450152968e-01,-0.000000000000000000e+00,-5.881534467776293740e-01,-1.943410816235703886e-01,-0.000000000000000000e+00,-0.000000000000000000e+00,0.000000000000000000e+00,0.000000000000000000e+00,-0.000000000000000000e+00,0.000000000000000000e+00,7.312388720600761227e-02,0.000000000000000000e+00,-0.000000000000000000e+00,-0.000000000000000000e+00,-3.891512103426944535e-01,-0.000000000000000000e+00,-0.000000000000000000e+00,-2.362581932385995898e-02,-2.746916252388790364e-02,0.000000000000000000e+00,-0.000000000000000000e+00,-0.000000000000000000e+00,0.000000000000000000e+00,-0.000000000000000000e+00,0.000000000000000000e+00,-0.000000000000000000e+00,2.474790884899380927e+00,-0.000000000000000000e+00
-0.000000000000000000e+00,-4.251691846670258568e-01,0.000000000000000000e+00,0.000000000000000000e+00,-0.000000000000000000e+00,0.000000000000000000e+00,2.698450953490078574e-01,-0.000000000000000000e+00,-3.513885938271532616e-01,-2.887993838029302984e-01,-0.000000000000000000e+00,-2.806718415608902006e-01,0.000000000000000000e+00,-0.000000000000000000e+00,-0.000000000000000000e+00,-2.346522039222320721e-01,-0.000000000000000000e+00,-0.000000000000000000e+00,-0.000000000000000000e+00,3.537399022214714889e-02,0.000000000000000000e+00,0.000000000000000000e+00,-0.000000000000000000e+00,0.000000000000000000e+00,-0.000000000000000000e+00,0.000000000000000000e+00,-0.000000000000000000e+00,0.000000000000000000e+00,0.000000000000000000e+00,-0.000000000000000000e+00,-0.000000000000000000e+00,-0.000000000000000000e+00,1.564952836727480645e-01,-4.484722910325726897e-01,0.000000000000000000e+00,-1.221207411466030263e-01,0.000000000000000000e+00,-0.000000000000000000e+00,2.123768737887602231e+00
