1.807084225594417060e+00,-2.041679464361080276e-01,-0.000000000000000000e+00,-0.000000000000000000e+00,-2.207055795356577810e-01,-0.000000000000000000e+00,-0.000000000000000000e+00,0.000000000000000000e+00,-3.155478929968356244e-02,-0.000000000000000000e+00,0.000000000000000000e+00,-0.000000000000000000e+00,-0.000000000000000000e+00,-4.488515652316021204e-02,-1.432235880834525354e-01,-1.078552230349043295e-01,-0.000000000000000000e+00,-3.004857146955863118e-02,-0.000000000000000000e+00,-0.000000000000000000e+00,-0.000000000000000000e+00,-0.000000000000000000e+00,-3.143910461825440844e-02,-0.000000000000000000e+00,-0.000000000000000000e+00,-1.214667117254784184e-01,-0.000000000000000000e+00,-0.000000000000000000e+00,-2.847001595410056929e-01,0.000000000000000000e+00,-0.000000000000000000e+00,-0.000000000000000000e+00,-0.000000000000000000e+00,-0.000000000000000000e+00,-7.841440894298411235e-02,-0.000000000000000000e+00,-0.000000000000000000e+00,-3.436207326838325860e-01,-0.000000000000000000e+00
-2.041679464361080276e-01,2.321629981250994845e+00,-0.000000000000000000e+00,-0.000000000000000000e+00,-0.000000000000000000e+00,-0.000000000000000000e+00,-0.000000000000000000e+00,0.000000000000000000e+00,-1.381950739693653119e-01,-2.183939828992093046e-01,0.000000000000000000e+00,-3.207154384787341828e-02,0.000000000000000000e+00,-1.326683816908799385e-01,-0.000000000000000000e+00,-3.288230221646197271e-01,-0.000000000000000000e+00,-0.000000000000000000e+00,-0.000000000000000000e+00,0.000000000000000000e+00,-7.034243583226908181e-02,-1.024220128565503651e-01,-1.382805158897071340e-01,-3.138571066930934128e-02,-0.000000000000000000e+00,-0.000000000000000000e+00,-0.000000000000000000e+00,-0.000000000000000000e+00,-1.443571160938125764e-01,0.000000000000000000e+00,-0.000000000000000000e+00,-8.495129190248365547e-02,-2.876701663814441520e-02,-0.000000000000000000e+00,-0.000000000000000000e+00,-0.000000000000000000e+00,-2.787936532733701900e-01,-5.598508068553937483e-02,-5.070037342701237959e-01
-0.000000000000000000e+00,-0.000000000000000000e+00,2.295913545040582981e+00,-0.000000000000000000e+00,-4.842524326428088860e-02,3.715158610005412504e-02,0.000000000000000000e+00,8.426415364135381170e-01,-0.000000000000000000e+00,-0.000000000000000000e+00,-0.000000000000000000e+00,-0.000000000000000000e+00,0.000000000000000000e+00,-0.000000000000000000e+00,-5.783360645674779504e-02,-0.000000000000000000e+00,-0.000000000000000000e+00,-0.000000000000000000e+00,-0.000000000000000000e+00,-1.436598739652543422e-01,-0.000000000000000000e+00,-0.000000000000000000e+00,-0.000000000000000000e+00,-0.000000000000000000e+00,0.000000000000000000e+00,-4.257767910878625384e-01,-0.000000000000000000e+00,-1.531518749644092403e-01,-0.000000000000000000e+00,-0.000000000000000000e+00,-3.221354473027689957e-01,0.000000000000000000e+00,-0.000000000000000000e+00,-2.998325313086007693e-01,-0.000000000000000000e+00,-4.569488141878849663e-02,0.000000000000000000e+00,-0.000000000000000000e+00,-0.000000000000000000e+00
-0.000000000000000000e+00,-0.000000000000000000e+00,-0.000000000000000000e+00,1.128100725868004917e+00,-0.000000000000000000e+00,0.000000000000000000e+00,-7.989728378295817002e-02,0.000000000000000000e+00,-0.000000000000000000e+00,0.000000000000000000e+00,0.000000000000000000e+00,-0.000000000000000000e+00,-0.000000000000000000e+00,0.000000000000000000e+00,-0.000000000000000000e+00,0.000000000000000000e+00,-0.000000000000000000e+00,-1.023497778757396365e-01,-3.346955170857739831e-02,-0.000000000000000000e+00,-0.000000000000000000e+00,0.000000000000000000e+00,0.000000000000000000e+00,-0.000000000000000000e+00,0.000000000000000000e+00,-0.000000000000000000e+00,-0.000000000000000000e+00,-2.045607452623277867e-01,-0.000000000000000000e+00,0.000000000000000000e+00,-0.000000000000000000e+00,0.000000000000000000e+00,-0.000000000000000000e+00,-1.155935084762980541e-01,0.000000000000000000e+00,-0.000000000000000000e+00,0.000000000000000000e+00,-0.000000000000000000e+00,-0.000000000000000000e+00
-2.207055795356577810e-01,-0.000000000000000000e+00,-4.842524326428088860e-02,-0.000000000000000000e+00,2.405695396000663511e+00,0.000000000000000000e+00,-0.000000000000000000e+00,0.000000000000000000e+00,-3.838414192252951884e-01,-3.405039986443934158e-02,0.000000000000000000e+00,-1.586577400546663463e-01,-0.000000000000000000e+00,-0.000000000000000000e+00,-3.080404512191525779e-01,-0.000000000000000000e+00,-0.000000000000000000e+00,-3.789125234346108484e-01,-2.814398818415795867e-01,-0.000000000000000000e+00,-0.000000000000000000e+00,-0.000000000000000000e+00,-0.000000000000000000e+00,-0.000000000000000000e+00,-0.000000000000000000e+00,-5.488712157914868439e-02,-0.000000000000000000e+00,-0.000000000000000000e+00,-0.000000000000000000e+00,-0.000000000000000000e+00,-0.000000000000000000e+00,0.000000000000000000e+00,-0.000000000000000000e+00,-5.966779539852534731e-01,-0.000000000000000000e+00,-0.000000000000000000e+00,-0.000000000000000000e+00,-3.910473906095580932e-02,-0.000000000000000000e+00
-0.000000000000000000e+00,-0.000000000000000000e+00,3.715158610005412504e-02,0.000000000000000000e+00,0.000000000000000000e+00,1.797261858294832981e+00,-2.108765468953466560e-01,-0.000000000000000000e+00,-0.000000000000000000e+00,-0.000000000000000000e+00,4.751138633588047888e-02,0.000000000000000000e+00,0.000000000000000000e+00,-0.000000000000000000e+00,0.000000000000000000e+00,-0.000000000000000000e+00,0.000000000000000000e+00,-0.000000000000000000e+00,-0.000000000000000000e+00,2.435090298943647924e-01,-2.186229551653023906e-01,-0.000000000000000000e+00,-0.000000000000000000e+00,-0.000000000000000000e+00,-2.025258809677221994e-01,0.000000000000000000e+00,-0.000000000000000000e+00,0.000000000000000000e+00,-0.000000000000000000e+00,0.000000000000000000e+00,0.000000000000000000e+00,-2.614375785310973366e-01,-0.000000000000000000e+00,7.750616631415063566e-03,-0.000000000000000000e+00,-0.000000000000000000e+00,-6.868127722331258678e-01,0.000000000000000000e+00,-0.000000000000000000e+00
-0.000000000000000000e+00,-0.000000000000000000e+00,0.000000000000000000e+00,-7.989728378295817002e-02,-0.000000000000000000e+00,-2.108765468953466560e-01,1.170662746937271237e+00,0.000000000000000000e+00,-0.000000000000000000e+00,-0.000000000000000000e+00,0.000000000000000000e+00,0.000000000000000000e+00,-0.000000000000000000e+00,-0.000000000000000000e+00,0.000000000000000000e+00,-0.000000000000000000e+00,0.000000000000000000e+00,-0.000000000000000000e+00,-1.323281510786862292e-01,1.142808759807418216e-02,-0.000000000000000000e+00,-0.000000000000000000e+00,-0.000000000000000000e+00,-0.000000000000000000e+00,-0.000000000000000000e+00,0.000000000000000000e+00,-0.000000000000000000e+00,-0.000000000000000000e+00,-7.093239420932573314e-02,3.530961333618555520e-02,-0.000000000000000000e+00,-5.226516353057087533e-02,-0.000000000000000000e+00,0.000000000000000000e+00,-0.000000000000000000e+00,-0.000000000000000000e+00,-1.100046875810611613e-01,-0.000000000000000000e+00,-0.000000000000000000e+00
0.000000000000000000e+00,0.000000000000000000e+00,8.426415364135381170e-01,0.000000000000000000e+00,0.000000000000000000e+00,-0.000000000000000000e+00,0.000000000000000000e+00,2.011621849147467334e+00,0.000000000000000000e+00,0.000000000000000000e+00,0.000000000000000000e+00,0.000000000000000000e+00,-0.000000000000000000e+00,0.000000000000000000e+00,0.000000000000000000e+00,0.000000000000000000e+00,0.000000000000000000e+00,1.513048094616754602e-01,0.000000000000000000e+00,0.000000000000000000e+00,0.000000000000000000e+00,0.000000000000000000e+00,0.000000000000000000e+00,0.000000000000000000e+00,0.000000000000000000e+00,0.000000000000000000e+00,1.848029483158473429e-01,2.230388408331551164e-01,0.000000000000000000e+00,-0.000000000000000000e+00,7.032539775008182781e-02,0.000000000000000000e+00,2.264850275361541057e-02,1.854841755452957264e-01,0.000000000000000000e+00,1.924355646616600635e-01,0.000000000000000000e+00,0.000000000000000000e+00,0.000000000000000000e+00
-3.155478929968356244e-02,-1.381950739693653119e-01,-0.000000000000000000e+00,-0.000000000000000000e+00,-3.838414192252951884e-01,-0.000000000000000000e+00,-0.000000000000000000e+00,0.000000000000000000e+00,2.367204314759968842e+00,-2.435987026089849738e-01,0.000000000000000000e+00,-1.314236195954655018e-01,0.000000000000000000e+00,-6.358131249602620716e-02,-2.947162245246116585e-01,-5.150138249519094040e-03,-0.000000000000000000e+00,-2.016694807781173049e-01,-7.010230270025169519e-02,-0.000000000000000000e+00,-0.000000000000000000e+00,-0.000000000000000000e+00,-1.108296147885813043e-01,-0.000000000000000000e+00,-0.000000000000000000e+00,-0.000000000000000000e+00,-0.000000000000000000e+00,-0.000000000000000000e+00,-9.299545093356068048e-02,-0.000000000000000000e+00,-1.430829530656200499e-01,-0.000000000000000000e+00,-7.086076964386638088e-02,-2.418892981073756665e-01,-0.000000000000000000e+00,-1.969285152002529515e-01,-0.000000000000000000e+00,-1.664932016093515765e-01,-0.000000000000000000e+00
-0.000000000000000000e+00,-2.183939828992093046e-01,-0.000000000000000000e+00,0.000000000000000000e+00,-3.405039986443934158e-02,-0.000000000000000000e+00,-0.000000000000000000e+00,0.000000000000000000e+00,-2.435987026089849738e-01,2.057554271712219496e+00,-0.000000000000000000e+00,-0.000000000000000000e+00,0.000000000000000000e+00,-1.989574969759365652e-01,-0.000000000000000000e+00,-5.992245351022486011e-01,-0.000000000000000000e+00,-0.000000000000000000e+00,-7.396224878204034348e-02,-0.000000000000000000e+00,-0.000000000000000000e+00,-0.000000000000000000e+00,-9.551048097062121711e-02,-0.000000000000000000e+00,-5.252775344776478700e-02,-0.000000000000000000e+00,-0.000000000000000000e+00,-0.000000000000000000e+00,-0.000000000000000000e+00,-0.000000000000000000e+00,-0.000000000000000000e+00,-0.000000000000000000e+00,-0.000000000000000000e+00,-0.000000000000000000e+00,-0.000000000000000000e+00,-4.884180675056915694e-02,-0.000000000000000000e+00,-1.554474248707360395e-01,-2.331405389727175259e-01
0.000000000000000000e+00,0.000000000000000000e+00,-0.000000000000000000e+00,0.000000000000000000e+00,0.000000000000000000e+00,4.751138633588047888e-02,0.000000000000000000e+00,0.000000000000000000e+00,0.000000000000000000e+00,-0.000000000000000000e+00,1.443621784813393871e+00,0.000000000000000000e+00,0.000000000000000000e+00,0.000000000000000000e+00,-0.000000000000000000e+00,-0.000000000000000000e+00,-7.913502652994295339e-01,0.000000000000000000e+00,0.000000000000000000e+00,-6.316305369760542854e-02,0.000000000000000000e+00,0.000000000000000000e+00,0.000000000000000000e+00,0.000000000000000000e+00,0.000000000000000000e+00,-0.000000000000000000e+00,0.000000000000000000e+00,-0.000000000000000000e+00,0.000000000000000000e+00,-0.000000000000000000e+00,-0.000000000000000000e+00,-0.000000000000000000e+00,-0.000000000000000000e+00,0.000000000000000000e+00,0.000000000000000000e+00,-0.000000000000000000e+00,4.134177747885676296e-02,-0.000000000000000000e+00,0.000000000000000000e+00
-0.000000000000000000e+00,-3.207154384787341828e-02,-0.000000000000000000e+00,-0.000000000000000000e+00,-1.586577400546663463e-01,0.000000000000000000e+00,0.000000000000000000e+00,0.000000000000000000e+00,-1.314236195954655018e-01,-0.000000000000000000e+00,0.000000000000000000e+00,1.590591832219325319e+00,-0.000000000000000000e+00,-0.000000000000000000e+00,-2.641649685456090024e-01,-0.000000000000000000e+00,-0.000000000000000000e+00,-0.000000000000000000e+00,-0.000000000000000000e+00,-0.000000000000000000e+00,-0.000000000000000000e+00,-6.369512331942331351e-02,-0.000000000000000000e+00,-0.000000000000000000e+00,-0.000000000000000000e+00,-0.000000000000000000e+00,-0.000000000000000000e+00,-0.000000000000000000e+00,-0.000000000000000000e+00,-0.000000000000000000e+00,-0.000000000000000000e+00,-0.000000000000000000e+00,-0.000000000000000000e+00,-1.512788189345870560e-01,-0.000000000000000000e+00,-0.000000000000000000e+00,-0.000000000000000000e+00,-1.403565932572319042e-01,-3.577087795761563771e-01
-0.000000000000000000e+00,0.000000000000000000e+00,0.000000000000000000e+00,-0.000000000000000000e+00,-0.000000000000000000e+00,0.000000000000000000e+00,-0.000000000000000000e+00,-0.000000000000000000e+00,0.000000000000000000e+00,0.000000000000000000e+00,0.000000000000000000e+00,-0.000000000000000000e+00,1.000131954488312491e+00,0.000000000000000000e+00,0.000000000000000000e+00,-0.000000000000000000e+00,0.000000000000000000e+00,0.000000000000000000e+00,-0.000000000000000000e+00,0.000000000000000000e+00,1.148801674800664467e-02,-0.000000000000000000e+00,0.000000000000000000e+00,0.000000000000000000e+00,0.000000000000000000e+00,0.000000000000000000e+00,0.000000000000000000e+00,0.000000000000000000e+00,-0.000000000000000000e+00,0.000000000000000000e+00,0.000000000000000000e+00,0.000000000000000000e+00,0.000000000000000000e+00,0.000000000000000000e+00,-0.000000000000000000e+00,0.000000000000000000e+00,-0.000000000000000000e+00,-0.000000000000000000e+00,-0.000000000000000000e+00
-4.488515652316021204e-02,-1.326683816908799385e-01,-0.000000000000000000e+00,0.000000000000000000e+00,-0.000000000000000000e+00,-0.000000000000000000e+00,-0.000000000000000000e+00,0.000000000000000000e+00,-6.358131249602620716e-02,-1.989574969759365652e-01,0.000000000000000000e+00,-0.000000000000000000e+00,0.000000000000000000e+00,1.909277874495958205e+00,-0.000000000000000000e+00,-3.182965526723682825e-01,-0.000000000000000000e+00,-1.508874189314313163e-02,-0.000000000000000000e+00,0.000000000000000000e+00,-0.000000000000000000e+00,-0.000000000000000000e+00,-1.161763834838358961e-01,-3.121782436084795664e-01,-1.710110408384864500e-01,-0.000000000000000000e+00,-0.000000000000000000e+00,-0.000000000000000000e+00,-3.541776145869049430e-02,0.000000000000000000e+00,-1.390858100863091307e-01,-0.000000000000000000e+00,-7.937344668624672639e-02,-0.000000000000000000e+00,-2.049495612497921615e-01,-0.000000000000000000e+00,-0.000000000000000000e+00,-0.000000000000000000e+00,-0.000000000000000000e+00
-1.432235880834525354e-01,-0.000000000000000000e+00,-5.783360645674779504e-02,-0.000000000000000000e+00,-3.080404512191525779e-01,0.000000000000000000e+00,0.000000000000000000e+00,0.000000000000000000e+00,-2.947162245246116585e-01,-0.000000000000000000e+00,-0.000000000000000000e+00,-2.641649685456090024e-01,0.000000000000000000e+00,-0.000000000000000000e+00,2.275450886843188858e+00,-0.000000000000000000e+00,-0.000000000000000000e+00,-0.000000000000000000e+00,-0.000000000000000000e+00,-6.551079213799286538e-02,-0.000000000000000000e+00,-0.000000000000000000e+00,-1.848266333770415271e-02,-0.000000000000000000e+00,-0.000000000000000000e+00,-4.012016771969996176e-01,-0.000000000000000000e+00,-2.444173071165221811e-01,-0.000000000000000000e+00,0.000000000000000000e+00,-1.174062444516189990e-01,-0.000000000000000000e+00,-1.442191114476664981e-01,-0.000000000000000000e+00,-0.000000000000000000e+00,-0.000000000000000000e+00,-0.000000000000000000e+00,-3.237544272899194886e-01,-0.000000000000000000e+00
-1.078552230349043295e-01,-3.288230221646197271e-01,-0.000000000000000000e+00,0.000000000000000000e+00,-0.000000000000000000e+00,-0.000000000000000000e+00,-0.000000000000000000e+00,0.000000000000000000e+00,-5.150138249519094040e-03,-5.992245351022486011e-01,-0.000000000000000000e+00,-0.000000000000000000e+00,-0.000000000000000000e+00,-3.182965526723682825e-01,-0.000000000000000000e+00,2.287672665776706804e+00,-0.000000000000000000e+00,-0.000000000000000000e+00,-0.000000000000000000e+00,-0.000000000000000000e+00,-0.000000000000000000e+00,-3.204393516772389289e-02,-1.316862669496429994e-01,-7.782703279574203215e-02,-3.820711423765962844e-02,-0.000000000000000000e+00,-0.000000000000000000e+00,-0.000000000000000000e+00,-0.000000000000000000e+00,0.000000000000000000e+00,-0.000000000000000000e+00,-0.000000000000000000e+00,-0.000000000000000000e+00,-0.000000000000000000e+00,-2.223607697312124983e-03,-0.000000000000000000e+00,-0.000000000000000000e+00,-3.938187076566810885e-01,-2.350238395312983231e-01
-0.000000000000000000e+00,-0.000000000000000000e+00,-0.000000000000000000e+00,-0.000000000000000000e+00,-0.000000000000000000e+00,0.000000000000000000e+00,0.000000000000000000e+00,0.000000000000000000e+00,-0.000000000000000000e+00,-0.000000000000000000e+00,-7.913502652994295339e-01,-0.000000000000000000e+00,0.000000000000000000e+00,-0.000000000000000000e+00,-0.000000000000000000e+00,-0.000000000000000000e+00,1.502932985253947917e+00,-0.000000000000000000e+00,0.000000000000000000e+00,-8.272069643181388654e-02,-0.000000000000000000e+00,-0.000000000000000000e+00,0.000000000000000000e+00,0.000000000000000000e+00,0.000000000000000000e+00,-0.000000000000000000e+00,0.000000000000000000e+00,-0.000000000000000000e+00,-0.000000000000000000e+00,-0.000000000000000000e+00,-8.852467578986256136e-02,-1.979385097401774596e-01,-0.000000000000000000e+00,-0.000000000000000000e+00,-0.000000000000000000e+00,-0.000000000000000000e+00,0.000000000000000000e+00,-1.961517388488897423e-02,-0.000000000000000000e+00
-3.004857146955863118e-02,-0.000000000000000000e+00,-0.000000000000000000e+00,-1.023497778757396365e-01,-3.789125234346108484e-01,-0.000000000000000000e+00,-0.000000000000000000e+00,1.513048094616754602e-01,-2.016694807781173049e-01,-0.000000000000000000e+00,0.000000000000000000e+00,-0.000000000000000000e+00,0.000000000000000000e+00,-1.508874189314313163e-02,-0.000000000000000000e+00,-0.000000000000000000e+00,-0.000000000000000000e+00,2.109083352895456454e+00,-7.376108257931730527e-01,-0.000000000000000000e+00,-0.000000000000000000e+00,-0.000000000000000000e+00,-7.630229781109613973e-02,-0.000000000000000000e+00,-0.000000000000000000e+00,-1.743323727656138078e-01,-1.253155530563093874e-02,-0.000000000000000000e+00,-0.000000000000000000e+00,0.000000000000000000e+00,-0.000000000000000000e+00,-0.000000000000000000e+00,-0.000000000000000000e+00,-9.362130195977169667e-02,-0.000000000000000000e+00,-1.700834910562511182e-01,-0.000000000000000000e+00,-0.000000000000000000e+00,-0.000000000000000000e+00
-0.000000000000000000e+00,-0.000000000000000000e+00,-0.000000000000000000e+00,-3.346955170857739831e-02,-2.814398818415795867e-01,-0.000000000000000000e+00,-1.323281510786862292e-01,0.000000000000000000e+00,-7.010230270025169519e-02,-7.396224878204034348e-02,0.000000000000000000e+00,-0.000000000000000000e+00,-0.000000000000000000e+00,-0.000000000000000000e+00,-0.000000000000000000e+00,-0.000000000000000000e+00,0.000000000000000000e+00,-7.376108257931730527e-01,1.731482544473610607e+00,0.000000000000000000e+00,-0.000000000000000000e+00,-0.000000000000000000e+00,-3.051022190308060739e-02,-8.289392866416893380e-02,-3.833244974208561279e-02,-0.000000000000000000e+00,-0.000000000000000000e+00,-0.000000000000000000e+00,-0.000000000000000000e+00,0.000000000000000000e+00,-0.000000000000000000e+00,-0.000000000000000000e+00,-0.000000000000000000e+00,-0.000000000000000000e+00,-0.000000000000000000e+00,-0.000000000000000000e+00,-0.000000000000000000e+00,-0.000000000000000000e+00,-0.000000000000000000e+00
-0.000000000000000000e+00,0.000000000000000000e+00,-1.436598739652543422e-01,-0.000000000000000000e+00,-0.000000000000000000e+00,2.435090298943647924e-01,1.142808759807418216e-02,0.000000000000000000e+00,-0.000000000000000000e+00,-0.000000000000000000e+00,-6.316305369760542854e-02,-0.000000000000000000e+00,0.000000000000000000e+00,0.000000000000000000e+00,-6.551079213799286538e-02,-0.000000000000000000e+00,-8.272069643181388654e-02,-0.000000000000000000e+00,0.000000000000000000e+00,1.256693065277008747e+00,-0.000000000000000000e+00,-0.000000000000000000e+00,-0.000000000000000000e+00,0.000000000000000000e+00,0.000000000000000000e+00,-2.689004178154286162e-01,-0.000000000000000000e+00,-1.153496445949084709e-01,-0.000000000000000000e+00,-0.000000000000000000e+00,-7.672705533456558591e-02,0.000000000000000000e+00,-3.403669808285316508e-03,-0.000000000000000000e+00,-0.000000000000000000e+00,-0.000000000000000000e+00,0.000000000000000000e+00,-0.000000000000000000e+00,0.000000000000000000e+00
-0.000000000000000000e+00,-7.034243583226908181e-02,-0.000000000000000000e+00,-0.000000000000000000e+00,-0.000000000000000000e+00,-2.186229551653023906e-01,-0.000000000000000000e+00,0.000000000000000000e+00,-0.000000000000000000e+00,-0.000000000000000000e+00,0.000000000000000000e+00,-0.000000000000000000e+00,1.148801674800664467e-02,-0.000000000000000000e+00,-0.000000000000000000e+00,-0.000000000000000000e+00,-0.000000000000000000e+00,-0.000000000000000000e+00,-0.000000000000000000e+00,-0.000000000000000000e+00,1.948311493645437320e+00,-9.324742544256360566e-02,-7.612934443511251703e-02,-1.703058410365006492e-01,-0.000000000000000000e+00,-0.000000000000000000e+00,-1.439970105994662630e-01,-0.000000000000000000e+00,-0.000000000000000000e+00,0.000000000000000000e+00,-0.000000000000000000e+00,-3.974577695994344073e-01,-4.670297281983424309e-01,0.000000000000000000e+00,-0.000000000000000000e+00,-0.000000000000000000e+00,-3.005557180203520806e-01,-0.000000000000000000e+00,-0.000000000000000000e+00
-0.000000000000000000e+00,-1.024220128565503651e-01,-0.000000000000000000e+00,0.000000000000000000e+00,-0.000000000000000000e+00,-0.000000000000000000e+00,-0.000000000000000000e+00,0.000000000000000000e+00,-0.000000000000000000e+00,-0.000000000000000000e+00,0.000000000000000000e+00,-6.369512331942331351e-02,-0.000000000000000000e+00,-0.000000000000000000e+00,-0.000000000000000000e+00,-3.204393516772389289e-02,-0.000000000000000000e+00,-0.000000000000000000e+00,-0.000000000000000000e+00,-0.000000000000000000e+00,-9.324742544256360566e-02,1.171796448903705379e+00,-5.537261582914554392e-02,-0.000000000000000000e+00,-0.000000000000000000e+00,-0.000000000000000000e+00,-0.000000000000000000e+00,-3.758960464155101239e-02,-0.000000000000000000e+00,0.000000000000000000e+00,-0.000000000000000000e+00,-0.000000000000000000e+00,-0.000000000000000000e+00,-0.000000000000000000e+00,-0.000000000000000000e+00,-0.000000000000000000e+00,-0.000000000000000000e+00,-0.000000000000000000e+00,-2.165424324744682494e-01
-3.143910461825440844e-02,-1.382805158897071340e-01,-0.000000000000000000e+00,0.000000000000000000e+00,-0.000000000000000000e+00,-0.000000000000000000e+00,-0.000000000000000000e+00,0.000000000000000000e+00,-1.108296147885813043e-01,-9.551048097062121711e-02,0.000000000000000000e+00,-0.000000000000000000e+00,0.000000000000000000e+00,-1.161763834838358961e-01,-1.848266333770415271e-02,-1.316862669496429994e-01,0.000000000000000000e+00,-7.630229781109613973e-02,-3.051022190308060739e-02,-0.000000000000000000e+00,-7.612934443511251703e-02,-5.537261582914554392e-02,1.854559932617129592e+00,-5.278274492788750938e-02,-3.739462588045803781e-01,-0.000000000000000000e+00,-1.335419512108424467e-01,-0.000000000000000000e+00,-0.000000000000000000e+00,-0.000000000000000000e+00,-0.000000000000000000e+00,-0.000000000000000000e+00,-2.266450714422225121e-01,-0.000000000000000000e+00,-0.000000000000000000e+00,-0.000000000000000000e+00,-1.500153083801877840e-01,-0.000000000000000000e+00,-0.000000000000000000e+00
-0.000000000000000000e+00,-3.138571066930934128e-02,-0.000000000000000000e+00,-0.000000000000000000e+00,-0.000000000000000000e+00,-0.000000000000000000e+00,-0.000000000000000000e+00,0.000000000000000000e+00,-0.000000000000000000e+00,-0.000000000000000000e+00,0.000000000000000000e+00,-0.000000000000000000e+00,0.000000000000000000e+00,-3.121782436084795664e-01,-0.000000000000000000e+00,-7.782703279574203215e-02,0.000000000000000000e+00,-0.000000000000000000e+00,-8.289392866416893380e-02,0.000000000000000000e+00,-1.703058410365006492e-01,-0.000000000000000000e+00,-5.278274492788750938e-02,1.883112576639864422e+00,-2.203635224088191791e-01,-0.000000000000000000e+00,-0.000000000000000000e+00,-0.000000000000000000e+00,-1.969858498986548911e-01,5.491121033705263083e-02,-0.000000000000000000e+00,-1.126625290780493005e-01,-0.000000000000000000e+00,-0.000000000000000000e+00,-1.161392196574724117e-01,-0.000000000000000000e+00,-3.970148412684165740e-01,-0.000000000000000000e+00,-0.000000000000000000e+00
-0.000000000000000000e+00,-0.000000000000000000e+00,0.000000000000000000e+00,0.000000000000000000e+00,-0.000000000000000000e+00,-2.025258809677221994e-01,-0.000000000000000000e+00,0.000000000000000000e+00,-0.000000000000000000e+00,-5.252775344776478700e-02,0.000000000000000000e+00,-0.000000000000000000e+00,0.000000000000000000e+00,-1.710110408384864500e-01,-0.000000000000000000e+00,-3.820711423765962844e-02,0.000000000000000000e+00,-0.000000000000000000e+00,-3.833244974208561279e-02,0.000000000000000000e+00,-0.000000000000000000e+00,-0.000000000000000000e+00,-3.739462588045803781e-01,-2.203635224088191791e-01,1.820365406477201908e+00,-0.000000000000000000e+00,-0.000000000000000000e+00,-0.000000000000000000e+00,-1.083574903397081513e-01,0.000000000000000000e+00,-0.000000000000000000e+00,-0.000000000000000000e+00,-0.000000000000000000e+00,-0.000000000000000000e+00,-1.055665694894866585e-01,-7.840178425979761612e-02,-3.191439571508993267e-01,-0.000000000000000000e+00,-0.000000000000000000e+00
-1.214667117254784184e-01,-0.000000000000000000e+00,-4.257767910878625384e-01,-0.000000000000000000e+00,-5.488712157914868439e-02,0.000000000000000000e+00,0.000000000000000000e+00,0.000000000000000000e+00,-0.000000000000000000e+00,-0.000000000000000000e+00,-0.000000000000000000e+00,-0.000000000000000000e+00,0.000000000000000000e+00,-0.000000000000000000e+00,-4.012016771969996176e-01,-0.000000000000000000e+00,-0.000000000000000000e+00,-1.743323727656138078e-01,-0.000000000000000000e+00,-2.689004178154286162e-01,-0.000000000000000000e+00,-0.000000000000000000e+00,-0.000000000000000000e+00,-0.000000000000000000e+00,-0.000000000000000000e+00,2.108575512304566413e+00,-2.967774088315274228e-01,-3.554901306958748730e-01,-0.000000000000000000e+00,0.000000000000000000e+00,-0.000000000000000000e+00,0.000000000000000000e+00,-2.832372927269257139e-03,-5.680365935563189139e-02,-0.000000000000000000e+00,-2.926695305983840686e-02,0.000000000000000000e+00,-0.000000000000000000e+00,-0.000000000000000000e+00
-0.000000000000000000e+00,-0.000000000000000000e+00,-0.000000000000000000e+00,-0.000000000000000000e+00,-0.000000000000000000e+00,-0.000000000000000000e+00,-0.000000000000000000e+00,1.848029483158473429e-01,-0.000000000000000000e+00,-0.000000000000000000e+00,0.000000000000000000e+00,-0.000000000000000000e+00,0.000000000000000000e+00,-0.000000000000000000e+00,-0.000000000000000000e+00,-0.000000000000000000e+00,0.000000000000000000e+00,-1.253155530563093874e-02,-0.000000000000000000e+00,-0.000000000000000000e+00,-1.439970105994662630e-01,-0.000000000000000000e+00,-1.335419512108424467e-01,-0.000000000000000000e+00,-0.000000000000000000e+00,-2.967774088315274228e-01,1.615934080116458116e+00,-3.136224328249886395e-01,-3.196674534146615870e-02,0.000000000000000000e+00,-0.000000000000000000e+00,-0.000000000000000000e+00,-1.770950414889236879e-01,-0.000000000000000000e+00,-0.000000000000000000e+00,-9.429886622100036586e-02,-0.000000000000000000e+00,-0.000000000000000000e+00,-0.000000000000000000e+00
-0.000000000000000000e+00,-0.000000000000000000e+00,-1.531518749644092403e-01,-2.045607452623277867e-01,-0.000000000000000000e+00,0.000000000000000000e+00,-0.000000000000000000e+00,2.230388408331551164e-01,-0.000000000000000000e+00,-0.000000000000000000e+00,-0.000000000000000000e+00,-0.000000000000000000e+00,0.000000000000000000e+00,-0.000000000000000000e+00,-2.444173071165221811e-01,-0.000000000000000000e+00,-0.000000000000000000e+00,-0.000000000000000000e+00,-0.000000000000000000e+00,-1.153496445949084709e-01,-0.000000000000000000e+00,-3.758960464155101239e-02,-0.000000000000000000e+00,-0.000000000000000000e+00,-0.000000000000000000e+00,-3.554901306958748730e-01,-3.136224328249886395e-01,1.960958030843958477e+00,-0.000000000000000000e+00,0.000000000000000000e+00,-1.437343033959348655e-02,-0.000000000000000000e+00,-3.054223360003867072e-01,-0.000000000000000000e+00,-0.000000000000000000e+00,-0.000000000000000000e+00,-0.000000000000000000e+00,-5.617650855629530843e-02,-0.000000000000000000e+00
-2.847001595410056929e-01,-1.443571160938125764e-01,-0.000000000000000000e+00,-0.000000000000000000e+00,-0.000000000000000000e+00,-0.000000000000000000e+00,-7.093239420932573314e-02,0.000000000000000000e+00,-9.299545093356068048e-02,-0.000000000000000000e+00,0.000000000000000000e+00,-0.000000000000000000e+00,-0.000000000000000000e+00,-3.541776145869049430e-02,-0.000000000000000000e+00,-0.000000000000000000e+00,-0.000000000000000000e+00,-0.000000000000000000e+00,-0.000000000000000000e+00,-0.000000000000000000e+00,-0.000000000000000000e+00,-0.000000000000000000e+00,-0.000000000000000000e+00,-1.969858498986548911e-01,-1.083574903397081513e-01,-0.000000000000000000e+00,-3.196674534146615870e-02,-0.000000000000000000e+00,2.162159875001398834e+00,0.000000000000000000e+00,-4.033210339660384114e-02,-1.006613912850308629e-01,-2.862883775968641520e-01,-0.000000000000000000e+00,-6.057045236178665304e-01,-0.000000000000000000e+00,-1.993355726886976154e-01,-2.668996102277878743e-02,-0.000000000000000000e+00
0.000000000000000000e+00,0.000000000000000000e+00,-0.000000000000000000e+00,0.000000000000000000e+00,-0.000000000000000000e+00,0.000000000000000000e+00,3.530961333618555520e-02,-0.000000000000000000e+00,-0.000000000000000000e+00,-0.000000000000000000e+00,-0.000000000000000000e+00,-0.000000000000000000e+00,0.000000000000000000e+00,0.000000000000000000e+00,0.000000000000000000e+00,0.000000000000000000e+00,-0.000000000000000000e+00,0.000000000000000000e+00,0.000000000000000000e+00,-0.000000000000000000e+00,0.000000000000000000e+00,0.000000000000000000e+00,-0.000000000000000000e+00,5.491121033705263083e-02,0.000000000000000000e+00,0.000000000000000000e+00,0.000000000000000000e+00,0.000000000000000000e+00,0.000000000000000000e+00,1.013973100514185877e+00,-0.000000000000000000e+00,0.000000000000000000e+00,0.000000000000000000e+00,-0.000000000000000000e+00,6.792896076292126439e-02,-0.000000000000000000e+00,0.000000000000000000e+00,0.000000000000000000e+00,0.000000000000000000e+00
-0.000000000000000000e+00,-0.000000000000000000e+00,-3.221354473027689957e-01,-0.000000000000000000e+00,-0.000000000000000000e+00,0.000000000000000000e+00,-0.000000000000000000e+00,7.032539775008182781e-02,-1.430829530656200499e-01,-0.000000000000000000e+00,-0.000000000000000000e+00,-0.000000000000000000e+00,0.000000000000000000e+00,-1.390858100863091307e-01,-1.174062444516189990e-01,-0.000000000000000000e+00,-8.852467578986256136e-02,-0.000000000000000000e+00,-0.000000000000000000e+00,-7.672705533456558591e-02,-0.000000000000000000e+00,-0.000000000000000000e+00,-0.000000000000000000e+00,-0.000000000000000000e+00,-0.000000000000000000e+00,-0.000000000000000000e+00,-0.000000000000000000e+00,-1.437343033959348655e-02,-4.033210339660384114e-02,-0.000000000000000000e+00,1.914612326381990304e+00,-0.000000000000000000e+00,-5.514511545193371278e-01,-0.000000000000000000e+00,-1.732667806821079626e-01,-0.000000000000000000e+00,-0.000000000000000000e+00,-1.418989156642411487e-01,-0.000000000000000000e+00
-0.000000000000000000e+00,-8.495129190248365547e-02,0.000000000000000000e+00,0.000000000000000000e+00,0.000000000000000000e+00,-2.614375785310973366e-01,-5.226516353057087533e-02,0.000000000000000000e+00,-0.000000000000000000e+00,-0.000000000000000000e+00,-0.000000000000000000e+00,-0.000000000000000000e+00,0.000000000000000000e+00,-0.000000000000000000e+00,-0.000000000000000000e+00,-0.000000000000000000e+00,-1.979385097401774596e-01,-0.000000000000000000e+00,-0.000000000000000000e+00,0.000000000000000000e+00,-3.974577695994344073e-01,-0.000000000000000000e+00,-0.000000000000000000e+00,-1.126625290780493005e-01,-0.000000000000000000e+00,0.000000000000000000e+00,-0.000000000000000000e+00,-0.000000000000000000e+00,-1.006613912850308629e-01,0.000000000000000000e+00,-0.000000000000000000e+00,1.562462563845278485e+00,-0.000000000000000000e+00,0.000000000000000000e+00,-0.000000000000000000e+00,-0.000000000000000000e+00,-1.694623391261636525e-01,-0.000000000000000000e+00,-0.000000000000000000e+00
-0.000000000000000000e+00,-2.876701663814441520e-02,-0.000000000000000000e+00,-0.000000000000000000e+00,-0.000000000000000000e+00,-0.000000000000000000e+00,-0.000000000000000000e+00,2.264850275361541057e-02,-7.086076964386638088e-02,-0.000000000000000000e+00,-0.000000000000000000e+00,-0.000000000000000000e+00,0.000000000000000000e+00,-7.937344668624672639e-02,-1.442191114476664981e-01,-0.000000000000000000e+00,-0.000000000000000000e+00,-0.000000000000000000e+00,-0.000000000000000000e+00,-3.403669808285316508e-03,-4.670297281983424309e-01,-0.000000000000000000e+00,-2.266450714422225121e-01,-0.000000000000000000e+00,-0.000000000000000000e+00,-2.832372927269257139e-03,-1.770950414889236879e-01,-3.054223360003867072e-01,-2.862883775968641520e-01,0.000000000000000000e+00,-5.514511545193371278e-01,-0.000000000000000000e+00,2.442817314269436046e+00,-0.000000000000000000e+00,-2.546674300806845981e-01,-0.000000000000000000e+00,-0.000000000000000000e+00,-5.340019568142788386e-02,-0.000000000000000000e+00
-0.000000000000000000e+00,-0.000000000000000000e+00,-2.998325313086007693e-01,-1.155935084762980541e-01,-5.966779539852534731e-01,7.750616631415063566e-03,0.000000000000000000e+00,1.854841755452957264e-01,-2.418892981073756665e-01,-0.000000000000000000e+00,0.000000000000000000e+00,-1.512788189345870560e-01,0.000000000000000000e+00,-0.000000000000000000e+00,-0.000000000000000000e+00,-0.000000000000000000e+00,-0.000000000000000000e+00,-9.362130195977169667e-02,-0.000000000000000000e+00,-0.000000000000000000e+00,0.000000000000000000e+00,-0.000000000000000000e+00,-0.000000000000000000e+00,-0.000000000000000000e+00,-0.000000000000000000e+00,-5.680365935563189139e-02,-0.000000000000000000e+00,-0.000000000000000000e+00,-0.000000000000000000e+00,-0.000000000000000000e+00,-0.000000000000000000e+00,0.000000000000000000e+00,-0.000000000000000000e+00,1.988155923501813582e+00,0.000000000000000000e+00,-1.986158122461629816e-01,0.000000000000000000e+00,-0.000000000000000000e+00,-0.000000000000000000e+00
-7.841440894298411235e-02,-0.000000000000000000e+00,-0.000000000000000000e+00,0.000000000000000000e+00,-0.000000000000000000e+00,-0.000000000000000000e+00,-0.000000000000000000e+00,0.000000000000000000e+00,-0.000000000000000000e+00,-0.000000000000000000e+00,0.000000000000000000e+00,-0.000000000000000000e+00,-0.000000000000000000e+00,-2.049495612497921615e-01,-0.000000000000000000e+00,-2.223607697312124983e-03,-0.000000000000000000e+00,-0.000000000000000000e+00,-0.000000000000000000e+00,-0.000000000000000000e+00,-0.000000000000000000e+00,-0.000000000000000000e+00,-0.000000000000000000e+00,-1.161392196574724117e-01,-1.055665694894866585e-01,-0.000000000000000000e+00,-0.000000000000000000e+00,-0.000000000000000000e+00,-6.057045236178665304e-01,6.792896076292126439e-02,-1.732667806821079626e-01,-0.000000000000000000e+00,-2.546674300806845981e-01,0.000000000000000000e+00,1.896676011581854171e+00,-0.000000000000000000e+00,-1.296903172678386673e-01,-2.269669183363290724e-02,-0.000000000000000000e+00
-0.000000000000000000e+00,-0.000000000000000000e+00,-4.569488141878849663e-02,-0.000000000000000000e+00,-0.000000000000000000e+00,-0.000000000000000000e+00,-0.000000000000000000e+00,1.924355646616600635e-01,-1.969285152002529515e-01,-4.884180675056915694e-02,-0.000000000000000000e+00,-0.000000000000000000e+00,0.000000000000000000e+00,-0.000000000000000000e+00,-0.000000000000000000e+00,-0.000000000000000000e+00,-0.000000000000000000e+00,-1.700834910562511182e-01,-0.000000000000000000e+00,-0.000000000000000000e+00,-0.000000000000000000e+00,-0.000000000000000000e+00,-0.000000000000000000e+00,-0.000000000000000000e+00,-7.840178425979761612e-02,-2.926695305983840686e-02,-9.429886622100036586e-02,-0.000000000000000000e+00,-0.000000000000000000e+00,-0.000000000000000000e+00,-0.000000000000000000e+00,-0.000000000000000000e+00,-0.000000000000000000e+00,-1.986158122461629816e-01,-0.000000000000000000e+00,1.409799744488835049e+00,-0.000000000000000000e+00,-0.000000000000000000e+00,-0.000000000000000000e+00
-0.000000000000000000e+00,-2.787936532733701900e-01,0.000000000000000000e+00,0.000000000000000000e+00,-0.000000000000000000e+00,-6.868127722331258678e-01,-1.100046875810611613e-01,0.000000000000000000e+00,-0.000000000000000000e+00,-0.000000000000000000e+00,4.134177747885676296e-02,-0.000000000000000000e+00,-0.000000000000000000e+00,-0.000000000000000000e+00,-0.000000000000000000e+00,-0.000000000000000000e+00,0.000000000000000000e+00,-0.000000000000000000e+00,-0.000000000000000000e+00,0.000000000000000000e+00,-3.005557180203520806e-01,-0.000000000000000000e+00,-1.500153083801877840e-01,-3.970148412684165740e-01,-3.191439571508993267e-01,0.000000000000000000e+00,-0.000000000000000000e+00,-0.000000000000000000e+00,-1.993355726886976154e-01,0.000000000000000000e+00,-0.000000000000000000e+00,-1.694623391261636525e-01,-0.000000000000000000e+00,0.000000000000000000e+00,-1.296903172678386673e-01,-0.000000000000000000e+00,2.486306864925799331e+00,-0.000000000000000000e+00,-0.000000000000000000e+00
-3.436207326838325860e-01,-5.598508068553937483e-02,-0.000000000000000000e+00,-0.000000000000000000e+00,-3.910473906095580932e-02,0.000000000000000000e+00,-0.000000000000000000e+00,0.000000000000000000e+00,-1.664932016093515765e-01,-1.554474248707360395e-01,-0.000000000000000000e+00,-1.403565932572319042e-01,-0.000000000000000000e+00,-0.000000000000000000e+00,-3.237544272899194886e-01,-3.938187076566810885e-01,-1.961517388488897423e-02,-0.000000000000000000e+00,-0.000000000000000000e+00,-0.000000000000000000e+00,-0.000000000000000000e+00,-0.000000000000000000e+00,-0.000000000000000000e+00,-0.000000000000000000e+00,-0.000000000000000000e+00,-0.000000000000000000e+00,-0.000000000000000000e+00,-5.617650855629530843e-02,-2.668996102277878743e-02,0.000000000000000000e+00,-1.418989156642411487e-01,-0.000000000000000000e+00,-5.340019568142788386e-02,-0.000000000000000000e+00,-2.269669183363290724e-02,-0.000000000000000000e+00,-0.000000000000000000e+00,2.236320163146312545e+00,-3.624920062555562761e-01
-0.000000000000000000e+00,-5.070037342701237959e-01,-0.000000000000000000e+00,-0.000000000000000000e+00,-0.000000000000000000e+00,-0.000000000000000000e+00,-0.000000000000000000e+00,0.000000000000000000e+00,-0.000000000000000000e+00,-2.331405389727175259e-01,0.000000000000000000e+00,-3.577087795761563771e-01,-0.000000000000000000e+00,-0.000000000000000000e+00,-0.000000000000000000e+00,-2.350238395312983231e-01,-0.000000000000000000e+00,-0.000000000000000000e+00,-0.000000000000000000e+00,0.000000000000000000e+00,-0.000000000000000000e+00,-2.165424324744682494e-01,-0.000000000000000000e+00,-0.000000000000000000e+00,-0.000000000000000000e+00,-0.000000000000000000e+00,-0.000000000000000000e+00,-0.000000000000000000e+00,-0.000000000000000000e+00,0.000000000000000000e+00,-0.000000000000000000e+00,-0.000000000000000000e+00,-0.000000000000000000e+00,-0.000000000000000000e+00,-0.000000000000000000e+00,-0.000000000000000000e+00,-0.000000000000000000e+00,-3.624920062555562761e-01,2.002044373518560239e+00
