1.034406540723032508e+00,-9.980371780761649811e-03,-0.000000000000000000e+00,0.000000000000000000e+00,-0.000000000000000000e+00,0.000000000000000000e+00,0.000000000000000000e+00,0.000000000000000000e+00,-1.432846194185818378e-01,-0.000000000000000000e+00,0.000000000000000000e+00,0.000000000000000000e+00,0.000000000000000000e+00,0.000000000000000000e+00,0.000000000000000000e+00,-0.000000000000000000e+00,0.000000000000000000e+00,-2.924341191082347954e-02,0.000000000000000000e+00,0.000000000000000000e+00,-0.000000000000000000e+00,0.000000000000000000e+00,-0.000000000000000000e+00,-0.000000000000000000e+00,-0.000000000000000000e+00,-0.000000000000000000e+00,-0.000000000000000000e+00,-5.781345398281228370e-02,0.000000000000000000e+00,-0.000000000000000000e+00,-0.000000000000000000e+00,0.000000000000000000e+00,0.000000000000000000e+00,-0.000000000000000000e+00,0.000000000000000000e+00,-0.000000000000000000e+00,0.000000000000000000e+00,-2.966218511918955469e-02,-0.000000000000000000e+00
-9.980371780761649811e-03,2.077499324311113060e+00,-0.000000000000000000e+00,0.000000000000000000e+00,-0.000000000000000000e+00,-2.931923578340752193e-02,-5.624845879332321386e-02,0.000000000000000000e+00,-0.000000000000000000e+00,-3.821339598910338808e-01,-0.000000000000000000e+00,-0.000000000000000000e+00,-0.000000000000000000e+00,-3.146089290915530384e-02,-0.000000000000000000e+00,-4.090830889018907124e-01,-0.000000000000000000e+00,-0.000000000000000000e+00,-0.000000000000000000e+00,-0.000000000000000000e+00,1.805044813203299792e-01,0.000000000000000000e+00,-2.338236887751306559e-01,-0.000000000000000000e+00,-1.445645884226011424e-01,-0.000000000000000000e+00,-0.000000000000000000e+00,-0.000000000000000000e+00,-0.000000000000000000e+00,-1.854982013500389992e-01,-1.571244202857243200e-01,-2.656353896340202941e-02,-0.000000000000000000e+00,-5.995878054678788899e-02,-0.000000000000000000e+00,-9.689916912348714439e-02,-8.746443937633617549e-02,-0.000000000000000000e+00,-7.597788068001949668e-02
-0.000000000000000000e+00,-0.000000000000000000e+00,2.334265323965989847e+00,0.000000000000000000e+00,-6.172749314043137758e-01,0.000000000000000000e+00,-0.000000000000000000e+00,1.041197043231314012e+00,-7.599550047423510313e-02,-0.000000000000000000e+00,-0.000000000000000000e+00,-0.000000000000000000e+00,-0.000000000000000000e+00,-0.000000000000000000e+00,0.000000000000000000e+00,-0.000000000000000000e+00,-0.000000000000000000e+00,-0.000000000000000000e+00,-1.638430436213791641e-01,-0.000000000000000000e+00,-0.000000000000000000e+00,-0.000000000000000000e+00,-0.000000000000000000e+00,-0.000000000000000000e+00,-0.000000000000000000e+00,-6.000932766134332852e-02,-0.000000000000000000e+00,-2.838035526832253796e-01,-0.000000000000000000e+00,-7.095690227467797706e-02,-0.000000000000000000e+00,-0.000000000000000000e+00,-0.000000000000000000e+00,-8.993778106481804813e-02,-0.000000000000000000e+00,-0.000000000000000000e+00,0.000000000000000000e+00,-0.000000000000000000e+00,-1.927788967916001239e-02
0.000000000000000000e+00,0.000000000000000000e+00,0.000000000000000000e+00,1.056282187071316603e+00,0.000000000000000000e+00,0.000000000000000000e+00,-4.104394633031874934e-02,-0.000000000000000000e+00,0.000000000000000000e+00,-0.000000000000000000e+00,-0.000000000000000000e+00,-0.000000000000000000e+00,-1.373155712167872522e-01,0.000000000000000000e+00,0.000000000000000000e+00,0.000000000000000000e+00,-0.000000000000000000e+00,-1.479584026050315415e-01,-0.000000000000000000e+00,-3.326384887928518497e-02,0.000000000000000000e+00,0.000000000000000000e+00,-0.000000000000000000e+00,0.000000000000000000e+00,0.000000000000000000e+00,0.000000000000000000e+00,-0.000000000000000000e+00,5.465959081611725806e-02,-0.000000000000000000e+00,0.000000000000000000e+00,8.150328914766107047e-02,-0.000000000000000000e+00,-0.000000000000000000e+00,0.000000000000000000e+00,-0.000000000000000000e+00,0.000000000000000000e+00,-0.000000000000000000e+00,-0.000000000000000000e+00,-0.000000000000000000e+00
-0.000000000000000000e+00,-0.000000000000000000e+00,-6.172749314043137758e-01,0.000000000000000000e+00,2.175917152762913087e+00,-0.000000000000000000e+00,-0.000000000000000000e+00,3.661283695191224763e-01,-2.424059773475502055e-01,-0.000000000000000000e+00,-0.000000000000000000e+00,-0.000000000000000000e+00,-0.000000000000000000e+00,-2.302749812409054520e-01,-0.000000000000000000e+00,-0.000000000000000000e+00,-0.000000000000000000e+00,-0.000000000000000000e+00,-4.906774273442151418e-02,-0.000000000000000000e+00,-0.000000000000000000e+00,-0.000000000000000000e+00,-0.000000000000000000e+00,-0.000000000000000000e+00,-1.469136273388700620e-02,-5.443022433158366431e-03,-0.000000000000000000e+00,-1.594972096525428765e-03,-0.000000000000000000e+00,-0.000000000000000000e+00,-0.000000000000000000e+00,-0.000000000000000000e+00,-2.220810663431115051e-01,-4.559485185433166943e-01,-0.000000000000000000e+00,-0.000000000000000000e+00,-0.000000000000000000e+00,-5.729829742786781560e-02,-1.509569477560224887e-02
0.000000000000000000e+00,-2.931923578340752193e-02,0.000000000000000000e+00,0.000000000000000000e+00,-0.000000000000000000e+00,1.920649163312819097e+00,-0.000000000000000000e+00,-0.000000000000000000e+00,0.000000000000000000e+00,-0.000000000000000000e+00,-2.165878095067060860e-01,-8.641240227747530589e-02,-0.000000000000000000e+00,-0.000000000000000000e+00,-1.869352070854637393e-01,-7.842354403097562265e-02,-0.000000000000000000e+00,0.000000000000000000e+00,-0.000000000000000000e+00,-0.000000000000000000e+00,4.169723735021207411e-01,0.000000000000000000e+00,-0.000000000000000000e+00,-0.000000000000000000e+00,-1.108227094033163718e-01,0.000000000000000000e+00,-0.000000000000000000e+00,0.000000000000000000e+00,-0.000000000000000000e+00,-0.000000000000000000e+00,-0.000000000000000000e+00,-0.000000000000000000e+00,-3.866073686745420679e-02,-0.000000000000000000e+00,-2.486298299206687046e-01,-0.000000000000000000e+00,-5.229507388390274292e-01,-0.000000000000000000e+00,-0.000000000000000000e+00
0.000000000000000000e+00,-5.624845879332321386e-02,-0.000000000000000000e+00,-4.104394633031874934e-02,-0.000000000000000000e+00,-0.000000000000000000e+00,1.370684857517096233e+00,-0.000000000000000000e+00,-0.000000000000000000e+00,-0.000000000000000000e+00,-0.000000000000000000e+00,-0.000000000000000000e+00,-0.000000000000000000e+00,-2.429499285876982138e-03,-0.000000000000000000e+00,-0.000000000000000000e+00,-2.923960337261530956e-02,-0.000000000000000000e+00,-2.175181938042577423e-01,-9.668789416575881979e-02,6.994458936788044978e-02,0.000000000000000000e+00,-1.917007027478531411e-01,-0.000000000000000000e+00,-0.000000000000000000e+00,-0.000000000000000000e+00,-0.000000000000000000e+00,0.000000000000000000e+00,-0.000000000000000000e+00,-2.099464717360673832e-02,-0.000000000000000000e+00,-1.691187077446474479e-02,-7.834192364913596107e-02,-0.000000000000000000e+00,-1.052953606686742732e-01,-0.000000000000000000e+00,-1.734461635538084301e-01,0.000000000000000000e+00,-0.000000000000000000e+00
0.000000000000000000e+00,0.000000000000000000e+00,1.041197043231314012e+00,-0.000000000000000000e+00,3.661283695191224763e-01,-0.000000000000000000e+00,-0.000000000000000000e+00,1.934631617781061408e+00,3.461008265635040493e-02,0.000000000000000000e+00,0.000000000000000000e+00,0.000000000000000000e+00,0.000000000000000000e+00,0.000000000000000000e+00,-0.000000000000000000e+00,0.000000000000000000e+00,0.000000000000000000e+00,0.000000000000000000e+00,0.000000000000000000e+00,-0.000000000000000000e+00,0.000000000000000000e+00,-0.000000000000000000e+00,0.000000000000000000e+00,0.000000000000000000e+00,0.000000000000000000e+00,0.000000000000000000e+00,0.000000000000000000e+00,0.000000000000000000e+00,0.000000000000000000e+00,8.043944845146216993e-02,0.000000000000000000e+00,0.000000000000000000e+00,0.000000000000000000e+00,0.000000000000000000e+00,0.000000000000000000e+00,0.000000000000000000e+00,-0.000000000000000000e+00,0.000000000000000000e+00,0.000000000000000000e+00
-1.432846194185818378e-01,-0.000000000000000000e+00,-7.599550047423510313e-02,0.000000000000000000e+00,-2.424059773475502055e-01,0.000000000000000000e+00,-0.000000000000000000e+00,3.461008265635040493e-02,1.533881932862594777e+00,-5.440249681436842150e-02,0.000000000000000000e+00,-0.000000000000000000e+00,0.000000000000000000e+00,-0.000000000000000000e+00,0.000000000000000000e+00,-0.000000000000000000e+00,0.000000000000000000e+00,-9.053073619389879687e-03,-1.397882865539848418e-01,0.000000000000000000e+00,-0.000000000000000000e+00,-0.000000000000000000e+00,-0.000000000000000000e+00,-0.000000000000000000e+00,-0.000000000000000000e+00,-0.000000000000000000e+00,-0.000000000000000000e+00,-3.854210355982642389e-01,-0.000000000000000000e+00,-0.000000000000000000e+00,-1.128671642301239675e-01,-0.000000000000000000e+00,-0.000000000000000000e+00,-2.742408300052673886e-01,0.000000000000000000e+00,-0.000000000000000000e+00,0.000000000000000000e+00,-0.000000000000000000e+00,-4.152251920590515483e-02
-0.000000000000000000e+00,-3.821339598910338808e-01,-0.000000000000000000e+00,-0.000000000000000000e+00,-0.000000000000000000e+00,-0.000000000000000000e+00,-0.000000000000000000e+00,0.000000000000000000e+00,-5.440249681436842150e-02,2.324481346487905054e+00,-0.000000000000000000e+00,-0.000000000000000000e+00,-0.000000000000000000e+00,-7.114748914830316961e-02,-0.000000000000000000e+00,-5.329956784419099813e-01,-0.000000000000000000e+00,-6.570143452152861496e-02,-5.966082303427015787e-02,-0.000000000000000000e+00,0.000000000000000000e+00,-0.000000000000000000e+00,-2.597537631663314195e-01,-0.000000000000000000e+00,-2.223546994235168772e-01,-0.000000000000000000e+00,-0.000000000000000000e+00,-0.000000000000000000e+00,-0.000000000000000000e+00,-4.604543709458018830e-01,-2.224528956313541472e-01,-0.000000000000000000e+00,-0.000000000000000000e+00,-0.000000000000000000e+00,-0.000000000000000000e+00,-3.650543577173880061e-02,-0.000000000000000000e+00,-0.000000000000000000e+00,-8.847853730731185251e-02
0.000000000000000000e+00,-0.000000000000000000e+00,-0.000000000000000000e+00,-0.000000000000000000e+00,-0.000000000000000000e+00,-2.165878095067060860e-01,-0.000000000000000000e+00,0.000000000000000000e+00,0.000000000000000000e+00,-0.000000000000000000e+00,2.227857495583206227e+00,-8.571934852116791514e-02,-0.000000000000000000e+00,-2.171086286060105452e-01,-0.000000000000000000e+00,-2.698472427346015542e-02,-5.841242850683732168e-01,-0.000000000000000000e+00,-0.000000000000000000e+00,-3.722459614537614037e-02,2.856152324449990898e-01,0.000000000000000000e+00,-0.000000000000000000e+00,-0.000000000000000000e+00,-0.000000000000000000e+00,-0.000000000000000000e+00,-8.149736834800516694e-02,0.000000000000000000e+00,-0.000000000000000000e+00,-0.000000000000000000e+00,-0.000000000000000000e+00,-2.463745800684842835e-01,-7.680449229863757499e-02,-0.000000000000000000e+00,-5.619945747342768722e-02,-2.004084252878545747e-01,-2.496238492497097894e-01,-0.000000000000000000e+00,-0.000000000000000000e+00
0.000000000000000000e+00,-0.000000000000000000e+00,-0.000000000000000000e+00,-0.000000000000000000e+00,-0.000000000000000000e+00,-8.641240227747530589e-02,-0.000000000000000000e+00,0.000000000000000000e+00,-0.000000000000000000e+00,-0.000000000000000000e+00,-8.571934852116791514e-02,1.341905363279702001e+00,-6.404206527135944405e-02,-0.000000000000000000e+00,-0.000000000000000000e+00,-0.000000000000000000e+00,-0.000000000000000000e+00,-0.000000000000000000e+00,-0.000000000000000000e+00,-0.000000000000000000e+00,0.000000000000000000e+00,-0.000000000000000000e+00,-0.000000000000000000e+00,-0.000000000000000000e+00,-1.018130874585587708e-01,-0.000000000000000000e+00,-3.201308664240794244e-02,0.000000000000000000e+00,-0.000000000000000000e+00,-0.000000000000000000e+00,-0.000000000000000000e+00,-0.000000000000000000e+00,-3.212501665032739817e-01,-0.000000000000000000e+00,-0.000000000000000000e+00,-0.000000000000000000e+00,-0.000000000000000000e+00,-8.537534729997078853e-02,-2.560884398465574363e-01
0.000000000000000000e+00,-0.000000000000000000e+00,-0.000000000000000000e+00,-1.373155712167872522e-01,-0.000000000000000000e+00,-0.000000000000000000e+00,-0.000000000000000000e+00,0.000000000000000000e+00,0.000000000000000000e+00,-0.000000000000000000e+00,-0.000000000000000000e+00,-6.404206527135944405e-02,1.068014850092002366e+00,-0.000000000000000000e+00,-0.000000000000000000e+00,-0.000000000000000000e+00,-1.676121023349352174e-02,-0.000000000000000000e+00,-0.000000000000000000e+00,-0.000000000000000000e+00,1.205925792631101917e-01,0.000000000000000000e+00,-0.000000000000000000e+00,-0.000000000000000000e+00,-0.000000000000000000e+00,0.000000000000000000e+00,-0.000000000000000000e+00,1.103449698416870822e-01,-0.000000000000000000e+00,-0.000000000000000000e+00,5.286166931277967718e-02,-0.000000000000000000e+00,-0.000000000000000000e+00,-0.000000000000000000e+00,-0.000000000000000000e+00,-0.000000000000000000e+00,-0.000000000000000000e+00,-0.000000000000000000e+00,-0.000000000000000000e+00
0.000000000000000000e+00,-3.146089290915530384e-02,-0.000000000000000000e+00,0.000000000000000000e+00,-2.302749812409054520e-01,-0.000000000000000000e+00,-2.429499285876982138e-03,0.000000000000000000e+00,-0.000000000000000000e+00,-7.114748914830316961e-02,-2.171086286060105452e-01,-0.000000000000000000e+00,-0.000000000000000000e+00,2.394890720953420704e+00,-0.000000000000000000e+00,-7.796869214153043237e-02,-7.319614516149601513e-02,-0.000000000000000000e+00,-6.524478320205796822e-02,-0.000000000000000000e+00,0.000000000000000000e+00,-0.000000000000000000e+00,-2.424629379187537570e-01,-2.219727645727870291e-01,-1.500984834010568314e-01,-0.000000000000000000e+00,-0.000000000000000000e+00,-0.000000000000000000e+00,-7.285446477420644273e-02,-2.535687616991119317e-02,-0.000000000000000000e+00,-3.108075205238907679e-01,-4.925851973124975025e-01,-1.843434879735406789e-02,-2.194167199272279434e-01,-0.000000000000000000e+00,-9.932833024672317601e-02,-0.000000000000000000e+00,-0.000000000000000000e+00
0.000000000000000000e+00,-0.000000000000000000e+00,0.000000000000000000e+00,0.000000000000000000e+00,-0.000000000000000000e+00,-1.869352070854637393e-01,-0.000000000000000000e+00,-0.000000000000000000e+00,0.000000000000000000e+00,-0.000000000000000000e+00,-0.000000000000000000e+00,-0.000000000000000000e+00,-0.000000000000000000e+00,-0.000000000000000000e+00,1.051591300218500891e+00,-0.000000000000000000e+00,-0.000000000000000000e+00,1.060019308967815460e-01,0.000000000000000000e+00,-0.000000000000000000e+00,0.000000000000000000e+00,0.000000000000000000e+00,-0.000000000000000000e+00,-0.000000000000000000e+00,-0.000000000000000000e+00,0.000000000000000000e+00,-0.000000000000000000e+00,0.000000000000000000e+00,-0.000000000000000000e+00,-0.000000000000000000e+00,-0.000000000000000000e+00,-0.000000000000000000e+00,-6.881768659492672191e-02,-0.000000000000000000e+00,-0.000000000000000000e+00,-0.000000000000000000e+00,-4.066725444470718244e-03,-0.000000000000000000e+00,-0.000000000000000000e+00
-0.000000000000000000e+00,-4.090830889018907124e-01,-0.000000000000000000e+00,0.000000000000000000e+00,-0.000000000000000000e+00,-7.842354403097562265e-02,-0.000000000000000000e+00,0.000000000000000000e+00,-0.000000000000000000e+00,-5.329956784419099813e-01,-2.698472427346015542e-02,-0.000000000000000000e+00,-0.000000000000000000e+00,-7.796869214153043237e-02,-0.000000000000000000e+00,2.134187560124671812e+00,-0.000000000000000000e+00,-0.000000000000000000e+00,-0.000000000000000000e+00,-0.000000000000000000e+00,0.000000000000000000e+00,0.000000000000000000e+00,-2.327136610459376587e-01,-0.000000000000000000e+00,-0.000000000000000000e+00,-0.000000000000000000e+00,-0.000000000000000000e+00,-0.000000000000000000e+00,-0.000000000000000000e+00,-1.291571164325333865e-01,-4.839395573551893981e-02,-0.000000000000000000e+00,-0.000000000000000000e+00,-0.000000000000000000e+00,-8.245495155733038872e-02,-3.572529092854702659e-01,-1.277120029131320889e-01,-0.000000000000000000e+00,-0.000000000000000000e+00
0.000000000000000000e+00,-0.000000000000000000e+00,-0.000000000000000000e+00,-0.000000000000000000e+00,-0.000000000000000000e+00,-0.000000000000000000e+00,-2.923960337261530956e-02,0.000000000000000000e+00,0.000000000000000000e+00,-0.000000000000000000e+00,-5.841242850683732168e-01,-0.000000000000000000e+00,-1.676121023349352174e-02,-7.319614516149601513e-02,-0.000000000000000000e+00,-0.000000000000000000e+00,1.991438956432727059e+00,-0.000000000000000000e+00,-2.758332929951921864e-02,-1.315932268820954598e-01,0.000000000000000000e+00,0.000000000000000000e+00,-0.000000000000000000e+00,-0.000000000000000000e+00,-0.000000000000000000e+00,-0.000000000000000000e+00,-3.525421580944572697e-01,0.000000000000000000e+00,-2.341654857378449306e-01,-0.000000000000000000e+00,-0.000000000000000000e+00,-2.990792448027912998e-01,-0.000000000000000000e+00,-0.000000000000000000e+00,-6.252981984837389928e-02,-0.000000000000000000e+00,-7.091341252710850473e-02,-0.000000000000000000e+00,-0.000000000000000000e+00
-2.924341191082347954e-02,-0.000000000000000000e+00,-0.000000000000000000e+00,-1.479584026050315415e-01,-0.000000000000000000e+00,0.000000000000000000e+00,-0.000000000000000000e+00,0.000000000000000000e+00,-9.053073619389879687e-03,-6.570143452152861496e-02,-0.000000000000000000e+00,-0.000000000000000000e+00,-0.000000000000000000e+00,-0.000000000000000000e+00,1.060019308967815460e-01,-0.000000000000000000e+00,-0.000000000000000000e+00,1.253125574020532262e+00,-4.424455756091902892e-01,-0.000000000000000000e+00,-0.000000000000000000e+00,-0.000000000000000000e+00,-0.000000000000000000e+00,-0.000000000000000000e+00,-0.000000000000000000e+00,-2.439425103505298356e-02,-0.000000000000000000e+00,-0.000000000000000000e+00,-0.000000000000000000e+00,-0.000000000000000000e+00,-0.000000000000000000e+00,-0.000000000000000000e+00,-0.000000000000000000e+00,0.000000000000000000e+00,-0.000000000000000000e+00,-0.000000000000000000e+00,-0.000000000000000000e+00,-4.988582019320605271e-02,-8.193460201032687351e-02
0.000000000000000000e+00,-0.000000000000000000e+00,-1.638430436213791641e-01,-0.000000000000000000e+00,-4.906774273442151418e-02,-0.000000000000000000e+00,-2.175181938042577423e-01,0.000000000000000000e+00,-1.397882865539848418e-01,-5.966082303427015787e-02,-0.000000000000000000e+00,-0.000000000000000000e+00,-0.000000000000000000e+00,-6.524478320205796822e-02,0.000000000000000000e+00,-0.000000000000000000e+00,-2.758332929951921864e-02,-4.424455756091902892e-01,1.708425768759568308e+00,-3.540275983087904331e-03,0.000000000000000000e+00,-0.000000000000000000e+00,-0.000000000000000000e+00,-0.000000000000000000e+00,-0.000000000000000000e+00,-1.209625332968996408e-01,-2.330554368545710575e-02,-0.000000000000000000e+00,-1.913514967557828628e-01,-3.043863964912609660e-02,-0.000000000000000000e+00,-1.928386586242555878e-01,-3.596064381646934399e-02,-0.000000000000000000e+00,-0.000000000000000000e+00,-0.000000000000000000e+00,-0.000000000000000000e+00,-0.000000000000000000e+00,-7.929414998429638872e-02
0.000000000000000000e+00,-0.000000000000000000e+00,-0.000000000000000000e+00,-3.326384887928518497e-02,-0.000000000000000000e+00,-0.000000000000000000e+00,-9.668789416575881979e-02,-0.000000000000000000e+00,0.000000000000000000e+00,-0.000000000000000000e+00,-3.722459614537614037e-02,-0.000000000000000000e+00,-0.000000000000000000e+00,-0.000000000000000000e+00,-0.000000000000000000e+00,-0.000000000000000000e+00,-1.315932268820954598e-01,-0.000000000000000000e+00,-3.540275983087904331e-03,1.123096460892528681e+00,0.000000000000000000e+00,-0.000000000000000000e+00,-0.000000000000000000e+00,-0.000000000000000000e+00,-0.000000000000000000e+00,-0.000000000000000000e+00,-7.518396455378449639e-02,0.000000000000000000e+00,-1.057228119457560012e-01,-0.000000000000000000e+00,-0.000000000000000000e+00,-0.000000000000000000e+00,-0.000000000000000000e+00,0.000000000000000000e+00,-5.075933100156521105e-02,-0.000000000000000000e+00,-0.000000000000000000e+00,0.000000000000000000e+00,-0.000000000000000000e+00
-0.000000000000000000e+00,1.805044813203299792e-01,-0.000000000000000000e+00,0.000000000000000000e+00,-0.000000000000000000e+00,4.169723735021207411e-01,6.994458936788044978e-02,0.000000000000000000e+00,-0.000000000000000000e+00,0.000000000000000000e+00,2.856152324449990898e-01,0.000000000000000000e+00,1.205925792631101917e-01,0.000000000000000000e+00,0.000000000000000000e+00,0.000000000000000000e+00,0.000000000000000000e+00,-0.000000000000000000e+00,0.000000000000000000e+00,0.000000000000000000e+00,1.845238978066043867e+00,-3.996301029888648104e-01,2.746056748081301263e-02,0.000000000000000000e+00,0.000000000000000000e+00,-0.000000000000000000e+00,0.000000000000000000e+00,-4.332096189794213403e-01,0.000000000000000000e+00,0.000000000000000000e+00,0.000000000000000000e+00,0.000000000000000000e+00,0.000000000000000000e+00,0.000000000000000000e+00,0.000000000000000000e+00,0.000000000000000000e+00,2.282234479764887747e-01,-0.000000000000000000e+00,0.000000000000000000e+00
0.000000000000000000e+00,0.000000000000000000e+00,-0.000000000000000000e+00,0.000000000000000000e+00,-0.000000000000000000e+00,0.000000000000000000e+00,0.000000000000000000e+00,-0.000000000000000000e+00,-0.000000000000000000e+00,-0.000000000000000000e+00,0.000000000000000000e+00,-0.000000000000000000e+00,0.000000000000000000e+00,-0.000000000000000000e+00,0.000000000000000000e+00,0.000000000000000000e+00,0.000000000000000000e+00,-0.000000000000000000e+00,-0.000000000000000000e+00,-0.000000000000000000e+00,-3.996301029888648104e-01,1.236764485442938710e+00,0.000000000000000000e+00,-0.000000000000000000e+00,0.000000000000000000e+00,-0.000000000000000000e+00,-0.000000000000000000e+00,-2.561548218060206716e-01,-0.000000000000000000e+00,-0.000000000000000000e+00,-2.839161120439558702e-03,0.000000000000000000e+00,-0.000000000000000000e+00,0.000000000000000000e+00,-0.000000000000000000e+00,-0.000000000000000000e+00,0.000000000000000000e+00,-0.000000000000000000e+00,0.000000000000000000e+00
-0.000000000000000000e+00,-2.338236887751306559e-01,-0.000000000000000000e+00,-0.000000000000000000e+00,-0.000000000000000000e+00,-0.000000000000000000e+00,-1.917007027478531411e-01,0.000000000000000000e+00,-0.000000000000000000e+00,-2.597537631663314195e-01,-0.000000000000000000e+00,-0.000000000000000000e+00,-0.000000000000000000e+00,-2.424629379187537570e-01,-0.000000000000000000e+00,-2.327136610459376587e-01,-0.000000000000000000e+00,-0.000000000000000000e+00,-0.000000000000000000e+00,-0.000000000000000000e+00,2.746056748081301263e-02,0.000000000000000000e+00,2.082078205662775794e+00,-2.546418749020400510e-02,-3.727664018579807670e-01,-0.000000000000000000e+00,-0.000000000000000000e+00,-0.000000000000000000e+00,-0.000000000000000000e+00,-1.955751315064283569e-01,-0.000000000000000000e+00,-0.000000000000000000e+00,-6.837834539605415138e-03,-3.517340625213519895e-02,-1.818318110233680882e-02,-0.000000000000000000e+00,-5.790047049343086810e-02,-0.000000000000000000e+00,-2.270519222632966794e-01
-0.000000000000000000e+00,-0.000000000000000000e+00,-0.000000000000000000e+00,0.000000000000000000e+00,-0.000000000000000000e+00,-0.000000000000000000e+00,-0.000000000000000000e+00,0.000000000000000000e+00,-0.000000000000000000e+00,-0.000000000000000000e+00,-0.000000000000000000e+00,-0.000000000000000000e+00,-0.000000000000000000e+00,-2.219727645727870291e-01,-0.000000000000000000e+00,-0.000000000000000000e+00,-0.000000000000000000e+00,-0.000000000000000000e+00,-0.000000000000000000e+00,-0.000000000000000000e+00,0.000000000000000000e+00,-0.000000000000000000e+00,-2.546418749020400510e-02,1.431968631758208543e+00,-4.234933729270488612e-01,-0.000000000000000000e+00,-0.000000000000000000e+00,-0.000000000000000000e+00,-0.000000000000000000e+00,-0.000000000000000000e+00,-0.000000000000000000e+00,-0.000000000000000000e+00,-1.324063236711385816e-01,-1.655165904253057263e-01,-0.000000000000000000e+00,0.000000000000000000e+00,-0.000000000000000000e+00,-0.000000000000000000e+00,-0.000000000000000000e+00
-0.000000000000000000e+00,-1.445645884226011424e-01,-0.000000000000000000e+00,0.000000000000000000e+00,-1.469136273388700620e-02,-1.108227094033163718e-01,-0.000000000000000000e+00,0.000000000000000000e+00,-0.000000000000000000e+00,-2.223546994235168772e-01,-0.000000000000000000e+00,-1.018130874585587708e-01,-0.000000000000000000e+00,-1.500984834010568314e-01,-0.000000000000000000e+00,-0.000000000000000000e+00,-0.000000000000000000e+00,-0.000000000000000000e+00,-0.000000000000000000e+00,-0.000000000000000000e+00,0.000000000000000000e+00,0.000000000000000000e+00,-3.727664018579807670e-01,-4.234933729270488612e-01,2.176989708412566671e+00,-0.000000000000000000e+00,-0.000000000000000000e+00,-0.000000000000000000e+00,-0.000000000000000000e+00,-1.087754405446913208e-01,-8.591558557625667003e-02,-0.000000000000000000e+00,-2.917604697291638072e-01,-2.167216992700520262e-01,-0.000000000000000000e+00,-0.000000000000000000e+00,-0.000000000000000000e+00,-0.000000000000000000e+00,-1.306901755425015910e-01
-0.000000000000000000e+00,-0.000000000000000000e+00,-6.000932766134332852e-02,0.000000000000000000e+00,-5.443022433158366431e-03,0.000000000000000000e+00,-0.000000000000000000e+00,0.000000000000000000e+00,-0.000000000000000000e+00,-0.000000000000000000e+00,-0.000000000000000000e+00,-0.000000000000000000e+00,0.000000000000000000e+00,-0.000000000000000000e+00,0.000000000000000000e+00,-0.000000000000000000e+00,-0.000000000000000000e+00,-2.439425103505298356e-02,-1.209625332968996408e-01,-0.000000000000000000e+00,-0.000000000000000000e+00,-0.000000000000000000e+00,-0.000000000000000000e+00,-0.000000000000000000e+00,-0.000000000000000000e+00,1.404989305460715210e+00,-4.980361942974076972e-01,-5.110346097462084569e-02,-2.268001370068649103e-01,-1.071943173448044496e-02,-0.000000000000000000e+00,-0.000000000000000000e+00,-0.000000000000000000e+00,-0.000000000000000000e+00,-0.000000000000000000e+00,-0.000000000000000000e+00,-0.000000000000000000e+00,-0.000000000000000000e+00,-0.000000000000000000e+00
-0.000000000000000000e+00,-0.000000000000000000e+00,-0.000000000000000000e+00,-0.000000000000000000e+00,-0.000000000000000000e+00,-0.000000000000000000e+00,-0.000000000000000000e+00,0.000000000000000000e+00,-0.000000000000000000e+00,-0.000000000000000000e+00,-8.149736834800516694e-02,-3.201308664240794244e-02,-0.000000000000000000e+00,-0.000000000000000000e+00,-0.000000000000000000e+00,-0.000000000000000000e+00,-3.525421580944572697e-01,-0.000000000000000000e+00,-2.330554368545710575e-02,-7.518396455378449639e-02,0.000000000000000000e+00,-0.000000000000000000e+00,-0.000000000000000000e+00,-0.000000000000000000e+00,-0.000000000000000000e+00,-4.980361942974076972e-01,1.958062868721167415e+00,-0.000000000000000000e+00,-2.891667404406361719e-01,-0.000000000000000000e+00,-0.000000000000000000e+00,-3.096674673176054715e-01,-0.000000000000000000e+00,-0.000000000000000000e+00,-0.000000000000000000e+00,-2.763680275648474072e-01,-0.000000000000000000e+00,-0.000000000000000000e+00,-0.000000000000000000e+00
-5.781345398281228370e-02,-0.000000000000000000e+00,-2.838035526832253796e-01,5.465959081611725806e-02,-1.594972096525428765e-03,0.000000000000000000e+00,0.000000000000000000e+00,0.000000000000000000e+00,-3.854210355982642389e-01,-0.000000000000000000e+00,0.000000000000000000e+00,0.000000000000000000e+00,1.103449698416870822e-01,-0.000000000000000000e+00,0.000000000000000000e+00,-0.000000000000000000e+00,0.000000000000000000e+00,-0.000000000000000000e+00,-0.000000000000000000e+00,0.000000000000000000e+00,-4.332096189794213403e-01,-2.561548218060206716e-01,-0.000000000000000000e+00,-0.000000000000000000e+00,-0.000000000000000000e+00,-5.110346097462084569e-02,-0.000000000000000000e+00,1.553517505712671776e+00,-0.000000000000000000e+00,-0.000000000000000000e+00,-2.230529847549252154e-01,-0.000000000000000000e+00,-0.000000000000000000e+00,-0.000000000000000000e+00,0.000000000000000000e+00,0.000000000000000000e+00,0.000000000000000000e+00,-0.000000000000000000e+00,-0.000000000000000000e+00
0.000000000000000000e+00,-0.000000000000000000e+00,-0.000000000000000000e+00,-0.000000000000000000e+00,-0.000000000000000000e+00,-0.000000000000000000e+00,-0.000000000000000000e+00,0.000000000000000000e+00,-0.000000000000000000e+00,-0.000000000000000000e+00,-0.000000000000000000e+00,-0.000000000000000000e+00,-0.000000000000000000e+00,-7.285446477420644273e-02,-0.000000000000000000e+00,-0.000000000000000000e+00,-2.341654857378449306e-01,-0.000000000000000000e+00,-1.913514967557828628e-01,-1.057228119457560012e-01,0.000000000000000000e+00,-0.000000000000000000e+00,-0.000000000000000000e+00,-0.000000000000000000e+00,-0.000000000000000000e+00,-2.268001370068649103e-01,-2.891667404406361719e-01,-0.000000000000000000e+00,2.186221568367798351e+00,-2.346356966546776779e-01,-0.000000000000000000e+00,-6.131102798041005997e-01,-1.494538087143745253e-01,-0.000000000000000000e+00,-1.508454319923958897e-01,-0.000000000000000000e+00,-4.831323865767058086e-03,-0.000000000000000000e+00,-0.000000000000000000e+00
-0.000000000000000000e+00,-1.854982013500389992e-01,-7.095690227467797706e-02,0.000000000000000000e+00,-0.000000000000000000e+00,-0.000000000000000000e+00,-2.099464717360673832e-02,8.043944845146216993e-02,-0.000000000000000000e+00,-4.604543709458018830e-01,-0.000000000000000000e+00,-0.000000000000000000e+00,-0.000000000000000000e+00,-2.535687616991119317e-02,-0.000000000000000000e+00,-1.291571164325333865e-01,-0.000000000000000000e+00,-0.000000000000000000e+00,-3.043863964912609660e-02,-0.000000000000000000e+00,0.000000000000000000e+00,-0.000000000000000000e+00,-1.955751315064283569e-01,-0.000000000000000000e+00,-1.087754405446913208e-01,-1.071943173448044496e-02,-0.000000000000000000e+00,-0.000000000000000000e+00,-2.346356966546776779e-01,1.948290839905819860e+00,-7.905138763783597922e-02,-1.621843597736212228e-01,-0.000000000000000000e+00,-0.000000000000000000e+00,-0.000000000000000000e+00,-1.348558013088840268e-01,-0.000000000000000000e+00,-0.000000000000000000e+00,-0.000000000000000000e+00
-0.000000000000000000e+00,-1.571244202857243200e-01,-0.000000000000000000e+00,8.150328914766107047e-02,-0.000000000000000000e+00,-0.000000000000000000e+00,-0.000000000000000000e+00,0.000000000000000000e+00,-1.128671642301239675e-01,-2.224528956313541472e-01,-0.000000000000000000e+00,-0.000000000000000000e+00,5.286166931277967718e-02,-0.000000000000000000e+00,-0.000000000000000000e+00,-4.839395573551893981e-02,-0.000000000000000000e+00,-0.000000000000000000e+00,-0.000000000000000000e+00,-0.000000000000000000e+00,0.000000000000000000e+00,-2.839161120439558702e-03,-0.000000000000000000e+00,-0.000000000000000000e+00,-8.591558557625667003e-02,-0.000000000000000000e+00,-0.000000000000000000e+00,-2.230529847549252154e-01,-0.000000000000000000e+00,-7.905138763783597922e-02,1.334547106759823354e+00,-0.000000000000000000e+00,-5.448739191158615686e-02,-2.413773739215709438e-02,-0.000000000000000000e+00,-0.000000000000000000e+00,-0.000000000000000000e+00,0.000000000000000000e+00,-0.000000000000000000e+00
0.000000000000000000e+00,-2.656353896340202941e-02,-0.000000000000000000e+00,-0.000000000000000000e+00,-0.000000000000000000e+00,-0.000000000000000000e+00,-1.691187077446474479e-02,0.000000000000000000e+00,-0.000000000000000000e+00,-0.000000000000000000e+00,-2.463745800684842835e-01,-0.000000000000000000e+00,-0.000000000000000000e+00,-3.108075205238907679e-01,-0.000000000000000000e+00,-0.000000000000000000e+00,-2.990792448027912998e-01,-0.000000000000000000e+00,-1.928386586242555878e-01,-0.000000000000000000e+00,0.000000000000000000e+00,0.000000000000000000e+00,-0.000000000000000000e+00,-0.000000000000000000e+00,-0.000000000000000000e+00,-0.000000000000000000e+00,-3.096674673176054715e-01,-0.000000000000000000e+00,-6.131102798041005997e-01,-1.621843597736212228e-01,-0.000000000000000000e+00,2.554669156858301537e+00,-7.100069445166870552e-02,-0.000000000000000000e+00,-1.155802380804440005e-01,-1.298811258931982515e-01,-2.531905071260494577e-01,-0.000000000000000000e+00,-0.000000000000000000e+00
0.000000000000000000e+00,-0.000000000000000000e+00,-0.000000000000000000e+00,-0.000000000000000000e+00,-2.220810663431115051e-01,-3.866073686745420679e-02,-7.834192364913596107e-02,0.000000000000000000e+00,-0.000000000000000000e+00,-0.000000000000000000e+00,-7.680449229863757499e-02,-3.212501665032739817e-01,-0.000000000000000000e+00,-4.925851973124975025e-01,-6.881768659492672191e-02,-0.000000000000000000e+00,-0.000000000000000000e+00,-0.000000000000000000e+00,-3.596064381646934399e-02,-0.000000000000000000e+00,0.000000000000000000e+00,-0.000000000000000000e+00,-6.837834539605415138e-03,-1.324063236711385816e-01,-2.917604697291638072e-01,-0.000000000000000000e+00,-0.000000000000000000e+00,-0.000000000000000000e+00,-1.494538087143745253e-01,-0.000000000000000000e+00,-5.448739191158615686e-02,-7.100069445166870552e-02,2.167365212543367559e+00,-2.555029056435601520e-01,-8.377053387410177132e-02,-0.000000000000000000e+00,-4.020251613236287824e-02,-0.000000000000000000e+00,-0.000000000000000000e+00
-0.000000000000000000e+00,-5.995878054678788899e-02,-8.993778106481804813e-02,0.000000000000000000e+00,-4.559485185433166943e-01,-0.000000000000000000e+00,-0.000000000000000000e+00,0.000000000000000000e+00,-2.742408300052673886e-01,-0.000000000000000000e+00,-0.000000000000000000e+00,-0.000000000000000000e+00,-0.000000000000000000e+00,-1.843434879735406789e-02,-0.000000000000000000e+00,-0.000000000000000000e+00,-0.000000000000000000e+00,0.000000000000000000e+00,-0.000000000000000000e+00,0.000000000000000000e+00,0.000000000000000000e+00,0.000000000000000000e+00,-3.517340625213519895e-02,-1.655165904253057263e-01,-2.167216992700520262e-01,-0.000000000000000000e+00,-0.000000000000000000e+00,-0.000000000000000000e+00,-0.000000000000000000e+00,-0.000000000000000000e+00,-2.413773739215709438e-02,-0.000000000000000000e+00,-2.555029056435601520e-01,1.729590680913921430e+00,-0.000000000000000000e+00,0.000000000000000000e+00,-0.000000000000000000e+00,-0.000000000000000000e+00,-0.000000000000000000e+00
0.000000000000000000e+00,-0.000000000000000000e+00,-0.000000000000000000e+00,-0.000000000000000000e+00,-0.000000000000000000e+00,-2.486298299206687046e-01,-1.052953606686742732e-01,0.000000000000000000e+00,0.000000000000000000e+00,-0.000000000000000000e+00,-5.619945747342768722e-02,-0.000000000000000000e+00,-0.000000000000000000e+00,-2.194167199272279434e-01,-0.000000000000000000e+00,-8.245495155733038872e-02,-6.252981984837389928e-02,-0.000000000000000000e+00,-0.000000000000000000e+00,-5.075933100156521105e-02,0.000000000000000000e+00,-0.000000000000000000e+00,-1.818318110233680882e-02,-0.000000000000000000e+00,-0.000000000000000000e+00,-0.000000000000000000e+00,-0.000000000000000000e+00,0.000000000000000000e+00,-1.508454319923958897e-01,-0.000000000000000000e+00,-0.000000000000000000e+00,-1.155802380804440005e-01,-8.377053387410177132e-02,-0.000000000000000000e+00,1.896324226971124682e+00,-0.000000000000000000e+00,-5.602369425446251938e-01,0.000000000000000000e+00,-0.000000000000000000e+00
-0.000000000000000000e+00,-9.689916912348714439e-02,-0.000000000000000000e+00,0.000000000000000000e+00,-0.000000000000000000e+00,-0.000000000000000000e+00,-0.000000000000000000e+00,0.000000000000000000e+00,-0.000000000000000000e+00,-3.650543577173880061e-02,-2.004084252878545747e-01,-0.000000000000000000e+00,-0.000000000000000000e+00,-0.000000000000000000e+00,-0.000000000000000000e+00,-3.572529092854702659e-01,-0.000000000000000000e+00,-0.000000000000000000e+00,-0.000000000000000000e+00,-0.000000000000000000e+00,0.000000000000000000e+00,-0.000000000000000000e+00,-0.000000000000000000e+00,0.000000000000000000e+00,-0.000000000000000000e+00,-0.000000000000000000e+00,-2.763680275648474072e-01,0.000000000000000000e+00,-0.000000000000000000e+00,-1.348558013088840268e-01,-0.000000000000000000e+00,-1.298811258931982515e-01,-0.000000000000000000e+00,0.000000000000000000e+00,-0.000000000000000000e+00,1.560116573922302408e+00,-1.627618665050679925e-02,-0.000000000000000000e+00,-0.000000000000000000e+00
0.000000000000000000e+00,-8.746443937633617549e-02,0.000000000000000000e+00,-0.000000000000000000e+00,-0.000000000000000000e+00,-5.229507388390274292e-01,-1.734461635538084301e-01,-0.000000000000000000e+00,0.000000000000000000e+00,-0.000000000000000000e+00,-2.496238492497097894e-01,-0.000000000000000000e+00,-0.000000000000000000e+00,-9.932833024672317601e-02,-4.066725444470718244e-03,-1.277120029131320889e-01,-7.091341252710850473e-02,-0.000000000000000000e+00,-0.000000000000000000e+00,-0.000000000000000000e+00,2.282234479764887747e-01,0.000000000000000000e+00,-5.790047049343086810e-02,-0.000000000000000000e+00,-0.000000000000000000e+00,-0.000000000000000000e+00,-0.000000000000000000e+00,0.000000000000000000e+00,-4.831323865767058086e-03,-0.000000000000000000e+00,-0.000000000000000000e+00,-2.531905071260494577e-01,-4.020251613236287824e-02,-0.000000000000000000e+00,-5.602369425446251938e-01,-1.627618665050679925e-02,2.355803511564017683e+00,0.000000000000000000e+00,-0.000000000000000000e+00
-2.966218511918955469e-02,-0.000000000000000000e+00,-0.000000000000000000e+00,-0.000000000000000000e+00,-5.729829742786781560e-02,-0.000000000000000000e+00,0.000000000000000000e+00,0.000000000000000000e+00,-0.000000000000000000e+00,-0.000000000000000000e+00,-0.000000000000000000e+00,-8.537534729997078853e-02,-0.000000000000000000e+00,-0.000000000000000000e+00,-0.000000000000000000e+00,-0.000000000000000000e+00,-0.000000000000000000e+00,-4.988582019320605271e-02,-0.000000000000000000e+00,0.000000000000000000e+00,-0.000000000000000000e+00,-0.000000000000000000e+00,-0.000000000000000000e+00,-0.000000000000000000e+00,-0.000000000000000000e+00,-0.000000000000000000e+00,-0.000000000000000000e+00,-0.000000000000000000e+00,-0.000000000000000000e+00,-0.000000000000000000e+00,0.000000000000000000e+00,-0.000000000000000000e+00,-0.000000000000000000e+00,-0.000000000000000000e+00,0.000000000000000000e+00,-0.000000000000000000e+00,0.000000000000000000e+00,1.097272368331375869e+00,-2.443402072469058606e-01
-0.000000000000000000e+00,-7.597788068001949668e-02,-1.927788967916001239e-02,-0.000000000000000000e+00,-1.509569477560224887e-02,-0.000000000000000000e+00,-0.000000000000000000e+00,0.000000000000000000e+00,-4.152251920590515483e-02,-8.847853730731185251e-02,-0.000000000000000000e+00,-2.560884398465574363e-01,-0.000000000000000000e+00,-0.000000000000000000e+00,-0.000000000000000000e+00,-0.000000000000000000e+00,-0.000000000000000000e+00,-8.193460201032687351e-02,-7.929414998429638872e-02,-0.000000000000000000e+00,0.000000000000000000e+00,0.000000000000000000e+00,-2.270519222632966794e-01,-0.000000000000000000e+00,-1.306901755425015910e-01,-0.000000000000000000e+00,-0.000000000000000000e+00,-0.000000000000000000e+00,-0.000000000000000000e+00,-0.000000000000000000e+00,-0.000000000000000000e+00,-0.000000000000000000e+00,-0.000000000000000000e+00,-0.000000000000000000e+00,-0.000000000000000000e+00,-0.000000000000000000e+00,-0.000000000000000000e+00,-2.443402072469058606e-01,1.415043686288740554e+00
