1.476778201799365364e+00,-1.806766807587230350e-01,-6.295011102505641831e-02,-0.000000000000000000e+00,-1.471193588078527070e-01,0.000000000000000000e+00,-0.000000000000000000e+00,5.400853842401334010e-02,-4.565818106466262155e-02,-0.000000000000000000e+00,-7.154801423168635766e-02,-0.000000000000000000e+00,-0.000000000000000000e+00,-3.035791117946402568e-03,-0.000000000000000000e+00,-0.000000000000000000e+00,-3.809432691485781231e-02,-0.000000000000000000e+00,-6.874260459161761483e-02,-0.000000000000000000e+00,-4.630681691227322982e-02,-0.000000000000000000e+00,-0.000000000000000000e+00,-0.000000000000000000e+00,-0.000000000000000000e+00,-9.220386994108181744e-02,-2.282426066931723257e-02,-4.386302883892087556e-02,-1.199244766502935711e-01,-4.325985496780999917e-02,-8.782445401634667026e-02,-4.934599180524564671e-02,-2.859777662893214084e-02,-0.000000000000000000e+00,-3.885564407092270689e-02,-1.453629678046222673e-01,-9.482881553920463613e-02,-0.000000000000000000e+00,0.000000000000000000e+00
-1.806766807587230350e-01,1.465023062020732736e+00,-9.030107205330399622e-02,-0.000000000000000000e+00,-0.000000000000000000e+00,-0.000000000000000000e+00,-1.702999586052959813e-02,3.616745644391417686e-02,-6.409734873036380953e-02,-8.201244136095101056e-02,-0.000000000000000000e+00,-0.000000000000000000e+00,-0.000000000000000000e+00,-0.000000000000000000e+00,-0.000000000000000000e+00,-8.617501859653643043e-03,-4.512779345015746624e-02,-0.000000000000000000e+00,-1.009928174961896713e-01,-0.000000000000000000e+00,-6.858087482664915191e-02,-0.000000000000000000e+00,-0.000000000000000000e+00,-0.000000000000000000e+00,-0.000000000000000000e+00,-1.198022155077040490e-01,-3.229184397532523787e-02,-1.862715617326311801e-02,-5.896478954344263473e-02,-3.001235494397724857e-02,-1.424582884328061128e-01,-8.342302609077698050e-02,-1.421152635575978658e-02,-0.000000000000000000e+00,-0.000000000000000000e+00,-1.256461202665780374e-01,-1.030960560784487390e-01,0.000000000000000000e+00,0.000000000000000000e+00
-6.295011102505641831e-02,-9.030107205330399622e-02,1.636708340213428370e+00,-0.000000000000000000e+00,-9.579846359689091206e-02,0.000000000000000000e+00,-0.000000000000000000e+00,2.005331610186079083e-01,-7.193165501556928430e-03,-7.404846059289084403e-02,-0.000000000000000000e+00,-0.000000000000000000e+00,-0.000000000000000000e+00,-0.000000000000000000e+00,-0.000000000000000000e+00,-7.985423819200185291e-02,-5.663573863651701762e-02,-0.000000000000000000e+00,-1.205537516691671251e-01,-0.000000000000000000e+00,-1.539963599275357975e-01,-7.778537644115579575e-02,-2.744920482901172867e-02,-0.000000000000000000e+00,-2.588559827237988872e-02,-6.946849379008190883e-02,-9.900931017671049661e-02,-4.973519564079938865e-02,-6.805493497028278216e-02,-9.397998268437486591e-02,-6.748697610865744823e-02,-0.000000000000000000e+00,-1.115094535981044216e-01,-0.000000000000000000e+00,-0.000000000000000000e+00,-1.148800846000508913e-01,-0.000000000000000000e+00,-0.000000000000000000e+00,0.000000000000000000e+00
-0.000000000000000000e+00,-0.000000000000000000e+00,-0.000000000000000000e+00,1.001788465827258223e+00,-0.000000000000000000e+00,0.000000000000000000e+00,-0.000000000000000000e+00,0.000000000000000000e+00,-0.000000000000000000e+00,-0.000000000000000000e+00,-0.000000000000000000e+00,-0.000000000000000000e+00,-0.000000000000000000e+00,-0.000000000000000000e+00,-0.000000000000000000e+00,-0.000000000000000000e+00,-0.000000000000000000e+00,-0.000000000000000000e+00,-0.000000000000000000e+00,-3.911852194351927992e-02,-0.000000000000000000e+00,-8.146759787481220802e-03,-0.000000000000000000e+00,-0.000000000000000000e+00,-0.000000000000000000e+00,-0.000000000000000000e+00,-0.000000000000000000e+00,-0.000000000000000000e+00,-0.000000000000000000e+00,-0.000000000000000000e+00,-0.000000000000000000e+00,-0.000000000000000000e+00,-0.000000000000000000e+00,-0.000000000000000000e+00,-0.000000000000000000e+00,-0.000000000000000000e+00,-0.000000000000000000e+00,0.000000000000000000e+00,0.000000000000000000e+00
-1.471193588078527070e-01,-0.000000000000000000e+00,-9.579846359689091206e-02,-0.000000000000000000e+00,1.322595121546448205e+00,0.000000000000000000e+00,-0.000000000000000000e+00,8.518984999582017437e-02,-1.975344810457077271e-01,-0.000000000000000000e+00,-2.927281889109079396e-02,-0.000000000000000000e+00,-0.000000000000000000e+00,-7.268779864177271621e-02,-0.000000000000000000e+00,-0.000000000000000000e+00,-6.964223169469285768e-02,-5.933232491667855130e-02,-5.246113710097888294e-02,-0.000000000000000000e+00,-0.000000000000000000e+00,-0.000000000000000000e+00,-0.000000000000000000e+00,-0.000000000000000000e+00,-0.000000000000000000e+00,-0.000000000000000000e+00,-3.286368231561699604e-02,-0.000000000000000000e+00,-0.000000000000000000e+00,-8.089653472929761446e-02,-0.000000000000000000e+00,-0.000000000000000000e+00,-1.910473515469288674e-01,-0.000000000000000000e+00,-1.148893719266718544e-02,-5.103481128611537382e-02,-0.000000000000000000e+00,-0.000000000000000000e+00,0.000000000000000000e+00
0.000000000000000000e+00,-0.000000000000000000e+00,0.000000000000000000e+00,0.000000000000000000e+00,0.000000000000000000e+00,1.000000000000000444e+00,0.000000000000000000e+00,-0.000000000000000000e+00,0.000000000000000000e+00,0.000000000000000000e+00,-0.000000000000000000e+00,0.000000000000000000e+00,-0.000000000000000000e+00,0.000000000000000000e+00,0.000000000000000000e+00,0.000000000000000000e+00,-0.000000000000000000e+00,-0.000000000000000000e+00,0.000000000000000000e+00,0.000000000000000000e+00,0.000000000000000000e+00,0.000000000000000000e+00,0.000000000000000000e+00,0.000000000000000000e+00,0.000000000000000000e+00,0.000000000000000000e+00,0.000000000000000000e+00,0.000000000000000000e+00,0.000000000000000000e+00,0.000000000000000000e+00,0.000000000000000000e+00,-0.000000000000000000e+00,0.000000000000000000e+00,0.000000000000000000e+00,-0.000000000000000000e+00,-0.000000000000000000e+00,-0.000000000000000000e+00,0.000000000000000000e+00,-0.000000000000000000e+00
-0.000000000000000000e+00,-1.702999586052959813e-02,-0.000000000000000000e+00,-0.000000000000000000e+00,-0.000000000000000000e+00,0.000000000000000000e+00,1.122439780030661360e+00,0.000000000000000000e+00,-0.000000000000000000e+00,-0.000000000000000000e+00,-0.000000000000000000e+00,-0.000000000000000000e+00,-0.000000000000000000e+00,-0.000000000000000000e+00,-0.000000000000000000e+00,-0.000000000000000000e+00,-0.000000000000000000e+00,-0.000000000000000000e+00,-1.066299551139928692e-01,-1.375081752753795350e-01,-1.186936901853540977e-01,-5.937859728992585240e-02,-0.000000000000000000e+00,-0.000000000000000000e+00,-0.000000000000000000e+00,-2.287844810841124527e-03,-2.442434171783985572e-02,-0.000000000000000000e+00,-3.248725421769201038e-02,-0.000000000000000000e+00,-9.653566383023287623e-02,-0.000000000000000000e+00,-0.000000000000000000e+00,-0.000000000000000000e+00,-0.000000000000000000e+00,-0.000000000000000000e+00,-0.000000000000000000e+00,0.000000000000000000e+00,0.000000000000000000e+00
5.400853842401334010e-02,3.616745644391417686e-02,2.005331610186079083e-01,0.000000000000000000e+00,8.518984999582017437e-02,-0.000000000000000000e+00,0.000000000000000000e+00,1.464057341264668244e+00,0.000000000000000000e+00,3.361864317122971457e-02,0.000000000000000000e+00,0.000000000000000000e+00,0.000000000000000000e+00,0.000000000000000000e+00,0.000000000000000000e+00,2.340036538065314378e-02,1.394656981041901729e-02,0.000000000000000000e+00,1.574261042746677997e-01,1.198591925564384923e-02,1.339056086312959692e-01,3.299733191749296135e-02,0.000000000000000000e+00,0.000000000000000000e+00,2.994688126349288881e-02,6.695986126943770378e-02,8.169791348414677523e-02,1.450919497711364650e-02,9.461157012240301034e-02,8.866102434597601667e-02,7.294965058159834370e-02,0.000000000000000000e+00,8.195475239377267296e-02,0.000000000000000000e+00,0.000000000000000000e+00,4.502440191325048774e-02,0.000000000000000000e+00,0.000000000000000000e+00,-0.000000000000000000e+00
-4.565818106466262155e-02,-6.409734873036380953e-02,-7.193165501556928430e-03,-0.000000000000000000e+00,-1.975344810457077271e-01,0.000000000000000000e+00,-0.000000000000000000e+00,0.000000000000000000e+00,1.165427143220664874e+00,-0.000000000000000000e+00,-4.188003969043969932e-02,-0.000000000000000000e+00,-0.000000000000000000e+00,-0.000000000000000000e+00,-0.000000000000000000e+00,-0.000000000000000000e+00,-9.508038790108469529e-02,-0.000000000000000000e+00,-1.066916086529594992e-01,-0.000000000000000000e+00,-0.000000000000000000e+00,-0.000000000000000000e+00,-0.000000000000000000e+00,-0.000000000000000000e+00,-0.000000000000000000e+00,-0.000000000000000000e+00,-0.000000000000000000e+00,-0.000000000000000000e+00,-0.000000000000000000e+00,-0.000000000000000000e+00,-0.000000000000000000e+00,-1.299829579802417867e-01,-2.636679049941227648e-02,-0.000000000000000000e+00,-0.000000000000000000e+00,-0.000000000000000000e+00,-0.000000000000000000e+00,-0.000000000000000000e+00,0.000000000000000000e+00
-0.000000000000000000e+00,-8.201244136095101056e-02,-7.404846059289084403e-02,-0.000000000000000000e+00,-0.000000000000000000e+00,0.000000000000000000e+00,-0.000000000000000000e+00,3.361864317122971457e-02,-0.000000000000000000e+00,1.568050299756683197e+00,-0.000000000000000000e+00,-0.000000000000000000e+00,-0.000000000000000000e+00,-0.000000000000000000e+00,-2.582671143744298681e-02,-2.644685412423187221e-01,-0.000000000000000000e+00,-0.000000000000000000e+00,-0.000000000000000000e+00,-4.815111339580988720e-02,-1.078355967109262958e-01,-4.976535753438476872e-02,-9.306377040874530548e-02,-8.556220716563574247e-02,-1.561969753180901532e-01,-8.970843781425281993e-02,-5.912996462355998850e-02,-9.044686203901924904e-02,-0.000000000000000000e+00,-1.021070126280202994e-01,-1.063407370758175097e-01,-0.000000000000000000e+00,-4.101381792407927940e-02,-0.000000000000000000e+00,-0.000000000000000000e+00,-5.846484364205929707e-02,-0.000000000000000000e+00,0.000000000000000000e+00,7.336286648327845772e-02
-7.154801423168635766e-02,-0.000000000000000000e+00,-0.000000000000000000e+00,-0.000000000000000000e+00,-2.927281889109079396e-02,-0.000000000000000000e+00,-0.000000000000000000e+00,0.000000000000000000e+00,-4.188003969043969932e-02,-0.000000000000000000e+00,1.302218595857563610e+00,-0.000000000000000000e+00,-4.351799918552151647e-02,-0.000000000000000000e+00,-0.000000000000000000e+00,-0.000000000000000000e+00,-2.470174622174109158e-01,-0.000000000000000000e+00,-0.000000000000000000e+00,-0.000000000000000000e+00,-0.000000000000000000e+00,-0.000000000000000000e+00,-0.000000000000000000e+00,-0.000000000000000000e+00,-0.000000000000000000e+00,-1.529218167436471182e-02,-2.205225379090366977e-02,-0.000000000000000000e+00,-1.497179932520902035e-01,-0.000000000000000000e+00,-5.831368553052284492e-02,-2.180686271213946870e-01,-0.000000000000000000e+00,-0.000000000000000000e+00,-1.204223307877862331e-01,-0.000000000000000000e+00,-5.930458996375525399e-02,-0.000000000000000000e+00,0.000000000000000000e+00
-0.000000000000000000e+00,-0.000000000000000000e+00,-0.000000000000000000e+00,-0.000000000000000000e+00,-0.000000000000000000e+00,0.000000000000000000e+00,-0.000000000000000000e+00,0.000000000000000000e+00,-0.000000000000000000e+00,-0.000000000000000000e+00,-0.000000000000000000e+00,1.172378481150778917e+00,-0.000000000000000000e+00,-3.803759140706216429e-02,-1.090359378063940621e-01,-7.471048460103131561e-02,-0.000000000000000000e+00,-0.000000000000000000e+00,-0.000000000000000000e+00,-1.225895685002117153e-01,-0.000000000000000000e+00,-1.878414156928300827e-01,-1.259831161946722844e-01,-5.089283053031174592e-02,-4.019133309695432921e-02,-0.000000000000000000e+00,-0.000000000000000000e+00,-0.000000000000000000e+00,-0.000000000000000000e+00,-0.000000000000000000e+00,-0.000000000000000000e+00,-0.000000000000000000e+00,-0.000000000000000000e+00,-1.676576007282799818e-02,-0.000000000000000000e+00,-0.000000000000000000e+00,-0.000000000000000000e+00,-0.000000000000000000e+00,0.000000000000000000e+00
-0.000000000000000000e+00,-0.000000000000000000e+00,-0.000000000000000000e+00,-0.000000000000000000e+00,-0.000000000000000000e+00,-0.000000000000000000e+00,-0.000000000000000000e+00,0.000000000000000000e+00,-0.000000000000000000e+00,-0.000000000000000000e+00,-4.351799918552151647e-02,-0.000000000000000000e+00,1.049251851607361896e+00,-0.000000000000000000e+00,-0.000000000000000000e+00,-0.000000000000000000e+00,-0.000000000000000000e+00,-0.000000000000000000e+00,-0.000000000000000000e+00,-0.000000000000000000e+00,-0.000000000000000000e+00,-0.000000000000000000e+00,-0.000000000000000000e+00,-0.000000000000000000e+00,-0.000000000000000000e+00,-0.000000000000000000e+00,-0.000000000000000000e+00,-0.000000000000000000e+00,-0.000000000000000000e+00,-0.000000000000000000e+00,-0.000000000000000000e+00,-0.000000000000000000e+00,-0.000000000000000000e+00,-0.000000000000000000e+00,-2.071610436921957066e-01,-0.000000000000000000e+00,-1.620231887457607503e-02,-0.000000000000000000e+00,-0.000000000000000000e+00
-3.035791117946402568e-03,-0.000000000000000000e+00,-0.000000000000000000e+00,-0.000000000000000000e+00,-7.268779864177271621e-02,0.000000000000000000e+00,-0.000000000000000000e+00,0.000000000000000000e+00,-0.000000000000000000e+00,-0.000000000000000000e+00,-0.000000000000000000e+00,-3.803759140706216429e-02,-0.000000000000000000e+00,1.231100217534749408e+00,-0.000000000000000000e+00,-0.000000000000000000e+00,-4.463525779272264904e-02,-0.000000000000000000e+00,-0.000000000000000000e+00,-0.000000000000000000e+00,-0.000000000000000000e+00,-1.409787681638919980e-02,-8.450140475686970798e-02,-1.719437229419990276e-01,-8.706723906915621314e-02,-1.277509304235960666e-02,-3.670891178581610348e-02,-1.150769731920398553e-01,-2.699636404378369815e-03,-6.533616394213892509e-02,-0.000000000000000000e+00,-0.000000000000000000e+00,-1.630927107958397571e-01,-0.000000000000000000e+00,-0.000000000000000000e+00,-0.000000000000000000e+00,-0.000000000000000000e+00,-0.000000000000000000e+00,0.000000000000000000e+00
-0.000000000000000000e+00,-0.000000000000000000e+00,-0.000000000000000000e+00,-0.000000000000000000e+00,-0.000000000000000000e+00,0.000000000000000000e+00,-0.000000000000000000e+00,0.000000000000000000e+00,-0.000000000000000000e+00,-2.582671143744298681e-02,-0.000000000000000000e+00,-1.090359378063940621e-01,-0.000000000000000000e+00,-0.000000000000000000e+00,1.168426241998528958e+00,-5.562687492962495317e-02,-0.000000000000000000e+00,0.000000000000000000e+00,-0.000000000000000000e+00,-1.927361999079690025e-01,-0.000000000000000000e+00,-4.807004451991987379e-03,-1.614227582935140459e-02,-8.163117415692673629e-02,-3.779742334991675889e-02,-0.000000000000000000e+00,-0.000000000000000000e+00,-0.000000000000000000e+00,-0.000000000000000000e+00,-0.000000000000000000e+00,-0.000000000000000000e+00,-0.000000000000000000e+00,-0.000000000000000000e+00,-1.211992522299264047e-01,0.000000000000000000e+00,-0.000000000000000000e+00,-0.000000000000000000e+00,0.000000000000000000e+00,1.909871331848328746e-01
-0.000000000000000000e+00,-8.617501859653643043e-03,-7.985423819200185291e-02,-0.000000000000000000e+00,-0.000000000000000000e+00,0.000000000000000000e+00,-0.000000000000000000e+00,2.340036538065314378e-02,-0.000000000000000000e+00,-2.644685412423187221e-01,-0.000000000000000000e+00,-7.471048460103131561e-02,-0.000000000000000000e+00,-0.000000000000000000e+00,-5.562687492962495317e-02,1.530978753318762209e+00,-0.000000000000000000e+00,-0.000000000000000000e+00,-0.000000000000000000e+00,-3.311847798142936172e-02,-9.229830501980337831e-02,-8.735304015765275876e-02,-1.842408094873056734e-01,-5.137554042114141767e-02,-1.232177123508832184e-01,-5.593555631655062338e-02,-5.198574716812464497e-02,-8.887885253670035901e-02,-0.000000000000000000e+00,-1.061740028530272217e-01,-4.544614027123290018e-02,-0.000000000000000000e+00,-3.396434986935591149e-02,-0.000000000000000000e+00,-0.000000000000000000e+00,-5.202606095611211900e-02,-0.000000000000000000e+00,0.000000000000000000e+00,8.699222399416088602e-02
-3.809432691485781231e-02,-4.512779345015746624e-02,-5.663573863651701762e-02,-0.000000000000000000e+00,-6.964223169469285768e-02,-0.000000000000000000e+00,-0.000000000000000000e+00,1.394656981041901729e-02,-9.508038790108469529e-02,-0.000000000000000000e+00,-2.470174622174109158e-01,-0.000000000000000000e+00,-0.000000000000000000e+00,-4.463525779272264904e-02,-0.000000000000000000e+00,-0.000000000000000000e+00,1.368817730206835837e+00,-0.000000000000000000e+00,-5.319917179719176048e-02,-0.000000000000000000e+00,-0.000000000000000000e+00,-0.000000000000000000e+00,-0.000000000000000000e+00,-0.000000000000000000e+00,-0.000000000000000000e+00,-7.222982841189110048e-02,-8.807503863119077459e-02,-1.050150316438293319e-02,-1.074199107099957640e-01,-3.448341834464493938e-02,-7.562675845678722142e-02,-6.848767757908473530e-02,-1.190249980319840750e-01,-0.000000000000000000e+00,-0.000000000000000000e+00,-9.550500003118023162e-03,-0.000000000000000000e+00,-0.000000000000000000e+00,0.000000000000000000e+00
-0.000000000000000000e+00,-0.000000000000000000e+00,-0.000000000000000000e+00,-0.000000000000000000e+00,-5.933232491667855130e-02,-0.000000000000000000e+00,-0.000000000000000000e+00,0.000000000000000000e+00,-0.000000000000000000e+00,-0.000000000000000000e+00,-0.000000000000000000e+00,-0.000000000000000000e+00,-0.000000000000000000e+00,-0.000000000000000000e+00,0.000000000000000000e+00,-0.000000000000000000e+00,-0.000000000000000000e+00,1.003508013361333218e+00,-0.000000000000000000e+00,-0.000000000000000000e+00,-0.000000000000000000e+00,-0.000000000000000000e+00,-0.000000000000000000e+00,-0.000000000000000000e+00,-0.000000000000000000e+00,-0.000000000000000000e+00,-0.000000000000000000e+00,-0.000000000000000000e+00,-0.000000000000000000e+00,-0.000000000000000000e+00,-0.000000000000000000e+00,-0.000000000000000000e+00,-0.000000000000000000e+00,0.000000000000000000e+00,-0.000000000000000000e+00,-0.000000000000000000e+00,-0.000000000000000000e+00,-0.000000000000000000e+00,-0.000000000000000000e+00
-6.874260459161761483e-02,-1.009928174961896713e-01,-1.205537516691671251e-01,-0.000000000000000000e+00,-5.246113710097888294e-02,0.000000000000000000e+00,-1.066299551139928692e-01,1.574261042746677997e-01,-1.066916086529594992e-01,-0.000000000000000000e+00,-0.000000000000000000e+00,-0.000000000000000000e+00,-0.000000000000000000e+00,-0.000000000000000000e+00,-0.000000000000000000e+00,-0.000000000000000000e+00,-5.319917179719176048e-02,-0.000000000000000000e+00,1.358211969058867874e+00,-0.000000000000000000e+00,-7.636036115248585887e-02,-0.000000000000000000e+00,-0.000000000000000000e+00,-0.000000000000000000e+00,-0.000000000000000000e+00,-2.230955087637869275e-02,-8.913224958523802838e-03,-0.000000000000000000e+00,-6.001795577133300919e-02,-0.000000000000000000e+00,-1.146959453635370552e-01,-6.666355547668945114e-02,-4.526272604029989155e-02,-0.000000000000000000e+00,-0.000000000000000000e+00,-6.146726082852177475e-02,-0.000000000000000000e+00,-0.000000000000000000e+00,0.000000000000000000e+00
-0.000000000000000000e+00,-0.000000000000000000e+00,-0.000000000000000000e+00,-3.911852194351927992e-02,-0.000000000000000000e+00,0.000000000000000000e+00,-1.375081752753795350e-01,1.198591925564384923e-02,-0.000000000000000000e+00,-4.815111339580988720e-02,-0.000000000000000000e+00,-1.225895685002117153e-01,-0.000000000000000000e+00,-0.000000000000000000e+00,-1.927361999079690025e-01,-3.311847798142936172e-02,-0.000000000000000000e+00,-0.000000000000000000e+00,-0.000000000000000000e+00,1.261484052463129002e+00,-4.990973713894357455e-02,-1.848388621030617740e-01,-0.000000000000000000e+00,-3.970988935654468088e-02,-5.261904598293715152e-02,-0.000000000000000000e+00,-6.017032712902507102e-02,-6.055723689058314235e-02,-0.000000000000000000e+00,-0.000000000000000000e+00,-3.135131309985645428e-03,-0.000000000000000000e+00,-0.000000000000000000e+00,-9.688654720399225706e-02,-0.000000000000000000e+00,-0.000000000000000000e+00,-0.000000000000000000e+00,0.000000000000000000e+00,0.000000000000000000e+00
-4.630681691227322982e-02,-6.858087482664915191e-02,-1.539963599275357975e-01,-0.000000000000000000e+00,-0.000000000000000000e+00,0.000000000000000000e+00,-1.186936901853540977e-01,1.339056086312959692e-01,-0.000000000000000000e+00,-1.078355967109262958e-01,-0.000000000000000000e+00,-0.000000000000000000e+00,-0.000000000000000000e+00,-0.000000000000000000e+00,-0.000000000000000000e+00,-9.229830501980337831e-02,-0.000000000000000000e+00,-0.000000000000000000e+00,-7.636036115248585887e-02,-4.990973713894357455e-02,1.484789320244916278e+00,-2.241543270875720750e-01,-0.000000000000000000e+00,-1.075296038388706861e-02,-2.587350337345404802e-02,-4.927722374157147978e-02,-1.613863681011852569e-02,-4.106601184622066941e-02,-3.804228507158378264e-02,-9.003569201097868721e-03,-6.301383670684397587e-02,-0.000000000000000000e+00,-9.692170432662561286e-02,-0.000000000000000000e+00,-0.000000000000000000e+00,-5.104906221850802339e-02,-0.000000000000000000e+00,0.000000000000000000e+00,0.000000000000000000e+00
-0.000000000000000000e+00,-0.000000000000000000e+00,-7.778537644115579575e-02,-8.146759787481220802e-03,-0.000000000000000000e+00,0.000000000000000000e+00,-5.937859728992585240e-02,3.299733191749296135e-02,-0.000000000000000000e+00,-4.976535753438476872e-02,-0.000000000000000000e+00,-1.878414156928300827e-01,-0.000000000000000000e+00,-1.409787681638919980e-02,-4.807004451991987379e-03,-8.735304015765275876e-02,-0.000000000000000000e+00,-0.000000000000000000e+00,-0.000000000000000000e+00,-1.848388621030617740e-01,-2.241543270875720750e-01,1.346965112956418187e+00,-4.115726028455465174e-02,-9.217950670547842007e-02,-0.000000000000000000e+00,-0.000000000000000000e+00,-4.785377514793374282e-02,-0.000000000000000000e+00,-0.000000000000000000e+00,-0.000000000000000000e+00,-0.000000000000000000e+00,-0.000000000000000000e+00,-7.060397248536472159e-02,-7.935719251448286604e-02,-0.000000000000000000e+00,-0.000000000000000000e+00,-0.000000000000000000e+00,0.000000000000000000e+00,0.000000000000000000e+00
-0.000000000000000000e+00,-0.000000000000000000e+00,-2.744920482901172867e-02,-0.000000000000000000e+00,-0.000000000000000000e+00,0.000000000000000000e+00,-0.000000000000000000e+00,0.000000000000000000e+00,-0.000000000000000000e+00,-9.306377040874530548e-02,-0.000000000000000000e+00,-1.259831161946722844e-01,-0.000000000000000000e+00,-8.450140475686970798e-02,-1.614227582935140459e-02,-1.842408094873056734e-01,-0.000000000000000000e+00,-0.000000000000000000e+00,-0.000000000000000000e+00,-0.000000000000000000e+00,-0.000000000000000000e+00,-4.115726028455465174e-02,1.343990774013505529e+00,-9.980548638517910964e-02,-1.813620503919645965e-01,-0.000000000000000000e+00,-2.468502967621609076e-02,-8.052403175404676539e-02,-0.000000000000000000e+00,-1.194932964082606741e-01,-0.000000000000000000e+00,-0.000000000000000000e+00,-6.466778930141700577e-02,-0.000000000000000000e+00,-0.000000000000000000e+00,-0.000000000000000000e+00,-0.000000000000000000e+00,-0.000000000000000000e+00,0.000000000000000000e+00
-0.000000000000000000e+00,-0.000000000000000000e+00,-0.000000000000000000e+00,-0.000000000000000000e+00,-0.000000000000000000e+00,0.000000000000000000e+00,-0.000000000000000000e+00,0.000000000000000000e+00,-0.000000000000000000e+00,-8.556220716563574247e-02,-0.000000000000000000e+00,-5.089283053031174592e-02,-0.000000000000000000e+00,-1.719437229419990276e-01,-8.163117415692673629e-02,-5.137554042114141767e-02,-0.000000000000000000e+00,-0.000000000000000000e+00,-0.000000000000000000e+00,-3.970988935654468088e-02,-1.075296038388706861e-02,-9.217950670547842007e-02,-9.980548638517910964e-02,1.200632100434057437e+00,-8.600324579746747300e-02,-0.000000000000000000e+00,-2.268021423037574862e-03,-3.964979101447354409e-02,-0.000000000000000000e+00,-2.896894090812447697e-02,-0.000000000000000000e+00,-0.000000000000000000e+00,-0.000000000000000000e+00,-4.664384025480400320e-02,-0.000000000000000000e+00,-0.000000000000000000e+00,-0.000000000000000000e+00,-0.000000000000000000e+00,0.000000000000000000e+00
-0.000000000000000000e+00,-0.000000000000000000e+00,-2.588559827237988872e-02,-0.000000000000000000e+00,-0.000000000000000000e+00,0.000000000000000000e+00,-0.000000000000000000e+00,2.994688126349288881e-02,-0.000000000000000000e+00,-1.561969753180901532e-01,-0.000000000000000000e+00,-4.019133309695432921e-02,-0.000000000000000000e+00,-8.706723906915621314e-02,-3.779742334991675889e-02,-1.232177123508832184e-01,-0.000000000000000000e+00,-0.000000000000000000e+00,-0.000000000000000000e+00,-5.261904598293715152e-02,-2.587350337345404802e-02,-0.000000000000000000e+00,-1.813620503919645965e-01,-8.600324579746747300e-02,1.500547998858113408e+00,-1.117162959467517397e-01,-1.158220260411828573e-01,-1.506051306392524047e-01,-0.000000000000000000e+00,-1.452460084108715965e-01,-5.446285894738842753e-02,-0.000000000000000000e+00,-4.165880362005272564e-02,-5.363879599964822137e-02,-0.000000000000000000e+00,-0.000000000000000000e+00,-0.000000000000000000e+00,-0.000000000000000000e+00,0.000000000000000000e+00
-9.220386994108181744e-02,-1.198022155077040490e-01,-6.946849379008190883e-02,-0.000000000000000000e+00,-0.000000000000000000e+00,0.000000000000000000e+00,-2.287844810841124527e-03,6.695986126943770378e-02,-0.000000000000000000e+00,-8.970843781425281993e-02,-1.529218167436471182e-02,-0.000000000000000000e+00,-0.000000000000000000e+00,-1.277509304235960666e-02,-0.000000000000000000e+00,-5.593555631655062338e-02,-7.222982841189110048e-02,-0.000000000000000000e+00,-2.230955087637869275e-02,-0.000000000000000000e+00,-4.927722374157147978e-02,-0.000000000000000000e+00,-0.000000000000000000e+00,-0.000000000000000000e+00,-1.117162959467517397e-01,1.595622564545389643e+00,-1.947764541483157641e-01,-1.826323727433083466e-01,-1.408012050937515747e-01,-5.793413678585740412e-02,-1.408267796593021814e-01,-0.000000000000000000e+00,-1.351499238958932085e-02,-0.000000000000000000e+00,-0.000000000000000000e+00,-3.564288977250587576e-02,-7.072868616054019120e-02,0.000000000000000000e+00,0.000000000000000000e+00
-2.282426066931723257e-02,-3.229184397532523787e-02,-9.900931017671049661e-02,-0.000000000000000000e+00,-3.286368231561699604e-02,0.000000000000000000e+00,-2.442434171783985572e-02,8.169791348414677523e-02,-0.000000000000000000e+00,-5.912996462355998850e-02,-2.205225379090366977e-02,-0.000000000000000000e+00,-0.000000000000000000e+00,-3.670891178581610348e-02,-0.000000000000000000e+00,-5.198574716812464497e-02,-8.807503863119077459e-02,-0.000000000000000000e+00,-8.913224958523802838e-03,-6.017032712902507102e-02,-1.613863681011852569e-02,-4.785377514793374282e-02,-2.468502967621609076e-02,-2.268021423037574862e-03,-1.158220260411828573e-01,-1.947764541483157641e-01,1.498484552235740175e+00,-1.570426334003077184e-01,-1.081109582855418472e-01,-3.304719946270791298e-02,-1.203313767270821621e-01,-0.000000000000000000e+00,-4.608171408202624796e-03,-0.000000000000000000e+00,-0.000000000000000000e+00,-0.000000000000000000e+00,-2.850257790866538368e-02,-0.000000000000000000e+00,0.000000000000000000e+00
-4.386302883892087556e-02,-1.862715617326311801e-02,-4.973519564079938865e-02,-0.000000000000000000e+00,-0.000000000000000000e+00,0.000000000000000000e+00,-0.000000000000000000e+00,1.450919497711364650e-02,-0.000000000000000000e+00,-9.044686203901924904e-02,-0.000000000000000000e+00,-0.000000000000000000e+00,-0.000000000000000000e+00,-1.150769731920398553e-01,-0.000000000000000000e+00,-8.887885253670035901e-02,-1.050150316438293319e-02,-0.000000000000000000e+00,-0.000000000000000000e+00,-6.055723689058314235e-02,-4.106601184622066941e-02,-0.000000000000000000e+00,-8.052403175404676539e-02,-3.964979101447354409e-02,-1.506051306392524047e-01,-1.826323727433083466e-01,-1.570426334003077184e-01,1.496584262322776970e+00,-7.654953757002622150e-02,-4.238901900977282838e-02,-1.400992817065304930e-01,-0.000000000000000000e+00,-1.633371572138277508e-02,-0.000000000000000000e+00,-0.000000000000000000e+00,-2.869990941706701895e-02,-0.000000000000000000e+00,-0.000000000000000000e+00,0.000000000000000000e+00
-1.199244766502935711e-01,-5.896478954344263473e-02,-6.805493497028278216e-02,-0.000000000000000000e+00,-0.000000000000000000e+00,0.000000000000000000e+00,-3.248725421769201038e-02,9.461157012240301034e-02,-0.000000000000000000e+00,-0.000000000000000000e+00,-1.497179932520902035e-01,-0.000000000000000000e+00,-0.000000000000000000e+00,-2.699636404378369815e-03,-0.000000000000000000e+00,-0.000000000000000000e+00,-1.074199107099957640e-01,-0.000000000000000000e+00,-6.001795577133300919e-02,-0.000000000000000000e+00,-3.804228507158378264e-02,-0.000000000000000000e+00,-0.000000000000000000e+00,-0.000000000000000000e+00,-0.000000000000000000e+00,-1.408012050937515747e-01,-1.081109582855418472e-01,-7.654953757002622150e-02,1.541751133612965674e+00,-0.000000000000000000e+00,-1.293278976890552823e-01,-1.102692103103778132e-01,-3.584672239916250613e-02,-0.000000000000000000e+00,-1.577686026592651017e-02,-7.556392883562935980e-02,-1.867543532118876859e-01,0.000000000000000000e+00,0.000000000000000000e+00
-4.325985496780999917e-02,-3.001235494397724857e-02,-9.397998268437486591e-02,-0.000000000000000000e+00,-8.089653472929761446e-02,0.000000000000000000e+00,-0.000000000000000000e+00,8.866102434597601667e-02,-0.000000000000000000e+00,-1.021070126280202994e-01,-0.000000000000000000e+00,-0.000000000000000000e+00,-0.000000000000000000e+00,-6.533616394213892509e-02,-0.000000000000000000e+00,-1.061740028530272217e-01,-3.448341834464493938e-02,-0.000000000000000000e+00,-0.000000000000000000e+00,-0.000000000000000000e+00,-9.003569201097868721e-03,-0.000000000000000000e+00,-1.194932964082606741e-01,-2.896894090812447697e-02,-1.452460084108715965e-01,-5.793413678585740412e-02,-3.304719946270791298e-02,-4.238901900977282838e-02,-0.000000000000000000e+00,1.447478904374809749e+00,-0.000000000000000000e+00,-0.000000000000000000e+00,-1.706725771999622610e-01,-0.000000000000000000e+00,-0.000000000000000000e+00,-1.144471804632494205e-01,-0.000000000000000000e+00,-0.000000000000000000e+00,0.000000000000000000e+00
-8.782445401634667026e-02,-1.424582884328061128e-01,-6.748697610865744823e-02,-0.000000000000000000e+00,-0.000000000000000000e+00,0.000000000000000000e+00,-9.653566383023287623e-02,7.294965058159834370e-02,-0.000000000000000000e+00,-1.063407370758175097e-01,-5.831368553052284492e-02,-0.000000000000000000e+00,-0.000000000000000000e+00,-0.000000000000000000e+00,-0.000000000000000000e+00,-4.544614027123290018e-02,-7.562675845678722142e-02,-0.000000000000000000e+00,-1.146959453635370552e-01,-3.135131309985645428e-03,-6.301383670684397587e-02,-0.000000000000000000e+00,-0.000000000000000000e+00,-0.000000000000000000e+00,-5.446285894738842753e-02,-1.408267796593021814e-01,-1.203313767270821621e-01,-1.400992817065304930e-01,-1.293278976890552823e-01,-0.000000000000000000e+00,1.575170937991425157e+00,-0.000000000000000000e+00,-2.799661149937222957e-03,-0.000000000000000000e+00,-0.000000000000000000e+00,-7.981482144275531265e-02,-3.759481150274074368e-02,0.000000000000000000e+00,0.000000000000000000e+00
-4.934599180524564671e-02,-8.342302609077698050e-02,-0.000000000000000000e+00,-0.000000000000000000e+00,-0.000000000000000000e+00,-0.000000000000000000e+00,-0.000000000000000000e+00,0.000000000000000000e+00,-1.299829579802417867e-01,-0.000000000000000000e+00,-2.180686271213946870e-01,-0.000000000000000000e+00,-0.000000000000000000e+00,-0.000000000000000000e+00,-0.000000000000000000e+00,-0.000000000000000000e+00,-6.848767757908473530e-02,-0.000000000000000000e+00,-6.666355547668945114e-02,-0.000000000000000000e+00,-0.000000000000000000e+00,-0.000000000000000000e+00,-0.000000000000000000e+00,-0.000000000000000000e+00,-0.000000000000000000e+00,-0.000000000000000000e+00,-0.000000000000000000e+00,-0.000000000000000000e+00,-1.102692103103778132e-01,-0.000000000000000000e+00,-0.000000000000000000e+00,1.259188233182393812e+00,-0.000000000000000000e+00,-0.000000000000000000e+00,-6.829325311428965928e-02,-0.000000000000000000e+00,-1.757251206760108153e-01,0.000000000000000000e+00,0.000000000000000000e+00
-2.859777662893214084e-02,-1.421152635575978658e-02,-1.115094535981044216e-01,-0.000000000000000000e+00,-1.910473515469288674e-01,0.000000000000000000e+00,-0.000000000000000000e+00,8.195475239377267296e-02,-2.636679049941227648e-02,-4.101381792407927940e-02,-0.000000000000000000e+00,-0.000000000000000000e+00,-0.000000000000000000e+00,-1.630927107958397571e-01,-0.000000000000000000e+00,-3.396434986935591149e-02,-1.190249980319840750e-01,-0.000000000000000000e+00,-4.526272604029989155e-02,-0.000000000000000000e+00,-9.692170432662561286e-02,-7.060397248536472159e-02,-6.466778930141700577e-02,-0.000000000000000000e+00,-4.165880362005272564e-02,-1.351499238958932085e-02,-4.608171408202624796e-03,-1.633371572138277508e-02,-3.584672239916250613e-02,-1.706725771999622610e-01,-2.799661149937222957e-03,-0.000000000000000000e+00,1.451543916873084372e+00,-0.000000000000000000e+00,-0.000000000000000000e+00,-5.356341973070294360e-02,-0.000000000000000000e+00,-0.000000000000000000e+00,0.000000000000000000e+00
-0.000000000000000000e+00,-0.000000000000000000e+00,-0.000000000000000000e+00,-0.000000000000000000e+00,-0.000000000000000000e+00,0.000000000000000000e+00,-0.000000000000000000e+00,0.000000000000000000e+00,-0.000000000000000000e+00,-0.000000000000000000e+00,-0.000000000000000000e+00,-1.676576007282799818e-02,-0.000000000000000000e+00,-0.000000000000000000e+00,-1.211992522299264047e-01,-0.000000000000000000e+00,-0.000000000000000000e+00,0.000000000000000000e+00,-0.000000000000000000e+00,-9.688654720399225706e-02,-0.000000000000000000e+00,-7.935719251448286604e-02,-0.000000000000000000e+00,-4.664384025480400320e-02,-5.363879599964822137e-02,-0.000000000000000000e+00,-0.000000000000000000e+00,-0.000000000000000000e+00,-0.000000000000000000e+00,-0.000000000000000000e+00,-0.000000000000000000e+00,-0.000000000000000000e+00,-0.000000000000000000e+00,1.061854227301634257e+00,-0.000000000000000000e+00,-0.000000000000000000e+00,-0.000000000000000000e+00,0.000000000000000000e+00,0.000000000000000000e+00
-3.885564407092270689e-02,-0.000000000000000000e+00,-0.000000000000000000e+00,-0.000000000000000000e+00,-1.148893719266718544e-02,-0.000000000000000000e+00,-0.000000000000000000e+00,0.000000000000000000e+00,-0.000000000000000000e+00,-0.000000000000000000e+00,-1.204223307877862331e-01,-0.000000000000000000e+00,-2.071610436921957066e-01,-0.000000000000000000e+00,0.000000000000000000e+00,-0.000000000000000000e+00,-0.000000000000000000e+00,-0.000000000000000000e+00,-0.000000000000000000e+00,-0.000000000000000000e+00,-0.000000000000000000e+00,-0.000000000000000000e+00,-0.000000000000000000e+00,-0.000000000000000000e+00,-0.000000000000000000e+00,-0.000000000000000000e+00,-0.000000000000000000e+00,-0.000000000000000000e+00,-1.577686026592651017e-02,-0.000000000000000000e+00,-0.000000000000000000e+00,-6.829325311428965928e-02,-0.000000000000000000e+00,-0.000000000000000000e+00,1.213090544722324360e+00,-0.000000000000000000e+00,-3.398743057242927246e-01,-0.000000000000000000e+00,0.000000000000000000e+00
-1.453629678046222673e-01,-1.256461202665780374e-01,-1.148800846000508913e-01,-0.000000000000000000e+00,-5.103481128611537382e-02,-0.000000000000000000e+00,-0.000000000000000000e+00,4.502440191325048774e-02,-0.000000000000000000e+00,-5.846484364205929707e-02,-0.000000000000000000e+00,-0.000000000000000000e+00,-0.000000000000000000e+00,-0.000000000000000000e+00,-0.000000000000000000e+00,-5.202606095611211900e-02,-9.550500003118023162e-03,-0.000000000000000000e+00,-6.146726082852177475e-02,-0.000000000000000000e+00,-5.104906221850802339e-02,-0.000000000000000000e+00,-0.000000000000000000e+00,-0.000000000000000000e+00,-0.000000000000000000e+00,-3.564288977250587576e-02,-0.000000000000000000e+00,-2.869990941706701895e-02,-7.556392883562935980e-02,-1.144471804632494205e-01,-7.981482144275531265e-02,-0.000000000000000000e+00,-5.356341973070294360e-02,-0.000000000000000000e+00,-0.000000000000000000e+00,1.343975886506616479e+00,-0.000000000000000000e+00,-0.000000000000000000e+00,0.000000000000000000e+00
-9.482881553920463613e-02,-1.030960560784487390e-01,-0.000000000000000000e+00,-0.000000000000000000e+00,-0.000000000000000000e+00,-0.000000000000000000e+00,-0.000000000000000000e+00,0.000000000000000000e+00,-0.000000000000000000e+00,-0.000000000000000000e+00,-5.930458996375525399e-02,-0.000000000000000000e+00,-1.620231887457607503e-02,-0.000000000000000000e+00,-0.000000000000000000e+00,-0.000000000000000000e+00,-0.000000000000000000e+00,-0.000000000000000000e+00,-0.000000000000000000e+00,-0.000000000000000000e+00,-0.000000000000000000e+00,-0.000000000000000000e+00,-0.000000000000000000e+00,-0.000000000000000000e+00,-0.000000000000000000e+00,-7.072868616054019120e-02,-2.850257790866538368e-02,-0.000000000000000000e+00,-1.867543532118876859e-01,-0.000000000000000000e+00,-3.759481150274074368e-02,-1.757251206760108153e-01,-0.000000000000000000e+00,-0.000000000000000000e+00,-3.398743057242927246e-01,-0.000000000000000000e+00,1.336056863528867433e+00,-0.000000000000000000e+00,0.000000000000000000e+00
-0.000000000000000000e+00,0.000000000000000000e+00,-0.000000000000000000e+00,0.000000000000000000e+00,-0.000000000000000000e+00,0.000000000000000000e+00,0.000000000000000000e+00,0.000000000000000000e+00,-0.000000000000000000e+00,0.000000000000000000e+00,-0.000000000000000000e+00,-0.000000000000000000e+00,-0.000000000000000000e+00,-0.000000000000000000e+00,0.000000000000000000e+00,0.000000000000000000e+00,-0.000000000000000000e+00,-0.000000000000000000e+00,-0.000000000000000000e+00,0.000000000000000000e+00,0.000000000000000000e+00,0.000000000000000000e+00,-0.000000000000000000e+00,-0.000000000000000000e+00,-0.000000000000000000e+00,0.000000000000000000e+00,-0.000000000000000000e+00,-0.000000000000000000e+00,0.000000000000000000e+00,-0.000000000000000000e+00,0.000000000000000000e+00,0.000000000000000000e+00,-0.000000000000000000e+00,0.000000000000000000e+00,-0.000000000000000000e+00,-0.000000000000000000e+00,-0.000000000000000000e+00,1.008024235363227383e+00,-8.993677621747507567e-02
0.000000000000000000e+00,0.000000000000000000e+00,0.000000000000000000e+00,0.000000000000000000e+00,0.000000000000000000e+00,-0.000000000000000000e+00,0.000000000000000000e+00,-0.000000000000000000e+00,0.000000000000000000e+00,7.336286648327845772e-02,0.000000000000000000e+00,0.000000000000000000e+00,-0.000000000000000000e+00,0.000000000000000000e+00,1.909871331848328746e-01,8.699222399416088602e-02,0.000000000000000000e+00,-0.000000000000000000e+00,0.000000000000000000e+00,0.000000000000000000e+00,0.000000000000000000e+00,0.000000000000000000e+00,0.000000000000000000e+00,0.000000000000000000e+00,0.000000000000000000e+00,0.000000000000000000e+00,0.000000000000000000e+00,0.000000000000000000e+00,0.000000000000000000e+00,0.000000000000000000e+00,0.000000000000000000e+00,0.000000000000000000e+00,0.000000000000000000e+00,0.000000000000000000e+00,0.000000000000000000e+00,0.000000000000000000e+00,0.000000000000000000e+00,-8.993677621747507567e-02,1.070177523830727839e+00
