2.209921132057599547e+00,-4.216244833728917674e-01,-0.000000000000000000e+00,-5.359776314410986953e-02,-0.000000000000000000e+00,0.000000000000000000e+00,-0.000000000000000000e+00,-6.944057232793550416e-02,-2.301498822770449149e-01,-1.662193833518230690e-01,-0.000000000000000000e+00,-0.000000000000000000e+00,-0.000000000000000000e+00,-0.000000000000000000e+00,-0.000000000000000000e+00,-1.163035686512353811e-01,0.000000000000000000e+00,0.000000000000000000e+00,-0.000000000000000000e+00,-0.000000000000000000e+00,-0.000000000000000000e+00,-0.000000000000000000e+00,0.000000000000000000e+00,0.000000000000000000e+00,0.000000000000000000e+00,0.000000000000000000e+00,0.000000000000000000e+00,-0.000000000000000000e+00,0.000000000000000000e+00,-2.718247390342382608e-01,0.000000000000000000e+00,0.000000000000000000e+00,-0.000000000000000000e+00,-1.399869566532869758e-01,-0.000000000000000000e+00,-2.439982504645605565e-01,2.015013961258929343e-01,-3.902838288627313301e-01,-0.000000000000000000e+00
-4.216244833728917674e-01,2.169786959451743158e+00,-0.000000000000000000e+00,-2.678726812798897794e-01,-0.000000000000000000e+00,1.578864035951462186e-01,-0.000000000000000000e+00,-0.000000000000000000e+00,-3.252894166847822843e-01,-7.543243862920270826e-02,-0.000000000000000000e+00,-5.730078374232603355e-01,-0.000000000000000000e+00,-0.000000000000000000e+00,-0.000000000000000000e+00,-0.000000000000000000e+00,1.784656001416785043e-01,-0.000000000000000000e+00,-0.000000000000000000e+00,-0.000000000000000000e+00,-0.000000000000000000e+00,-0.000000000000000000e+00,0.000000000000000000e+00,9.282369136128357234e-02,-0.000000000000000000e+00,-0.000000000000000000e+00,0.000000000000000000e+00,-0.000000000000000000e+00,0.000000000000000000e+00,-0.000000000000000000e+00,-0.000000000000000000e+00,0.000000000000000000e+00,-0.000000000000000000e+00,-0.000000000000000000e+00,-0.000000000000000000e+00,-2.730934737672668366e-01,0.000000000000000000e+00,-0.000000000000000000e+00,-0.000000000000000000e+00
-0.000000000000000000e+00,-0.000000000000000000e+00,1.862781885730478981e+00,-0.000000000000000000e+00,-5.292415303790067860e-01,0.000000000000000000e+00,-0.000000000000000000e+00,2.586107726330088008e-01,-0.000000000000000000e+00,-7.607209601989184389e-02,-1.087525571045404177e-01,-0.000000000000000000e+00,-0.000000000000000000e+00,-0.000000000000000000e+00,-0.000000000000000000e+00,-0.000000000000000000e+00,-0.000000000000000000e+00,-1.695987993909868485e-01,-2.008834515394513631e-01,-0.000000000000000000e+00,-2.951079194286440610e-01,-1.676851668113796545e-01,-0.000000000000000000e+00,0.000000000000000000e+00,-0.000000000000000000e+00,0.000000000000000000e+00,0.000000000000000000e+00,0.000000000000000000e+00,0.000000000000000000e+00,-0.000000000000000000e+00,-0.000000000000000000e+00,0.000000000000000000e+00,-1.891091435112306207e-02,-1.920454753066533626e-01,-0.000000000000000000e+00,-0.000000000000000000e+00,0.000000000000000000e+00,-0.000000000000000000e+00,-0.000000000000000000e+00
-5.359776314410986953e-02,-2.678726812798897794e-01,-0.000000000000000000e+00,1.764915382711168323e+00,-0.000000000000000000e+00,0.000000000000000000e+00,-0.000000000000000000e+00,-0.000000000000000000e+00,-7.884218127901390649e-02,-4.189154146309579524e-02,-0.000000000000000000e+00,-1.394267356584947271e-01,-0.000000000000000000e+00,-0.000000000000000000e+00,-1.395566029270490227e-01,-1.361350687110723656e-01,0.000000000000000000e+00,-0.000000000000000000e+00,-1.478241144787307837e-01,-0.000000000000000000e+00,-1.998232678334902757e-01,-1.228551998324944605e-01,0.000000000000000000e+00,0.000000000000000000e+00,-0.000000000000000000e+00,0.000000000000000000e+00,0.000000000000000000e+00,-0.000000000000000000e+00,0.000000000000000000e+00,-0.000000000000000000e+00,-0.000000000000000000e+00,2.093494140047948426e-01,-0.000000000000000000e+00,-2.548813174638256754e-02,-0.000000000000000000e+00,-7.667574465977602949e-02,3.742684597727063966e-02,-0.000000000000000000e+00,-0.000000000000000000e+00
-0.000000000000000000e+00,-0.000000000000000000e+00,-5.292415303790067860e-01,-0.000000000000000000e+00,2.011702168327481388e+00,0.000000000000000000e+00,-0.000000000000000000e+00,0.000000000000000000e+00,-1.227665346082838366e-01,-6.995618762572564098e-02,-0.000000000000000000e+00,-0.000000000000000000e+00,-0.000000000000000000e+00,-1.893010618140444912e-01,-0.000000000000000000e+00,-0.000000000000000000e+00,0.000000000000000000e+00,-2.471928240424012269e-01,-1.888410581495879592e-01,-0.000000000000000000e+00,-8.238466505097455372e-02,-0.000000000000000000e+00,0.000000000000000000e+00,0.000000000000000000e+00,-0.000000000000000000e+00,-0.000000000000000000e+00,0.000000000000000000e+00,-0.000000000000000000e+00,0.000000000000000000e+00,-1.233583699343741152e-01,-1.034521417289159390e-01,0.000000000000000000e+00,-0.000000000000000000e+00,-3.219829505933172187e-01,-0.000000000000000000e+00,-0.000000000000000000e+00,0.000000000000000000e+00,-0.000000000000000000e+00,-1.703040094714977637e-01
0.000000000000000000e+00,1.578864035951462186e-01,0.000000000000000000e+00,0.000000000000000000e+00,0.000000000000000000e+00,2.216002723039872890e+00,4.213831443438421087e-01,1.135457981915996735e-02,6.929107306976636793e-02,0.000000000000000000e+00,0.000000000000000000e+00,0.000000000000000000e+00,0.000000000000000000e+00,0.000000000000000000e+00,0.000000000000000000e+00,0.000000000000000000e+00,-1.117793836781545563e-01,5.355169455959044728e-02,0.000000000000000000e+00,-0.000000000000000000e+00,2.369431947101272584e-01,0.000000000000000000e+00,-4.993437876082630900e-01,-6.146285984629689114e-01,-0.000000000000000000e+00,0.000000000000000000e+00,0.000000000000000000e+00,0.000000000000000000e+00,-0.000000000000000000e+00,0.000000000000000000e+00,0.000000000000000000e+00,-0.000000000000000000e+00,-0.000000000000000000e+00,0.000000000000000000e+00,0.000000000000000000e+00,1.388160155316074951e-01,-1.449828272048721001e-01,-0.000000000000000000e+00,0.000000000000000000e+00
-0.000000000000000000e+00,-0.000000000000000000e+00,-0.000000000000000000e+00,-0.000000000000000000e+00,-0.000000000000000000e+00,4.213831443438421087e-01,1.989167979656133678e+00,-0.000000000000000000e+00,-0.000000000000000000e+00,-0.000000000000000000e+00,-0.000000000000000000e+00,-0.000000000000000000e+00,-0.000000000000000000e+00,-0.000000000000000000e+00,0.000000000000000000e+00,-0.000000000000000000e+00,0.000000000000000000e+00,-9.391946385970964539e-02,-0.000000000000000000e+00,0.000000000000000000e+00,-1.947141491790493895e-01,0.000000000000000000e+00,4.266872344301593789e-01,1.559395927983181218e-01,4.047826501792022719e-02,-0.000000000000000000e+00,-0.000000000000000000e+00,-4.304098779535084907e-01,-0.000000000000000000e+00,-0.000000000000000000e+00,-2.281052862193814479e-01,0.000000000000000000e+00,0.000000000000000000e+00,-0.000000000000000000e+00,-0.000000000000000000e+00,-0.000000000000000000e+00,0.000000000000000000e+00,0.000000000000000000e+00,-2.617971965719628757e-01
-6.944057232793550416e-02,-0.000000000000000000e+00,2.586107726330088008e-01,-0.000000000000000000e+00,0.000000000000000000e+00,1.135457981915996735e-02,-0.000000000000000000e+00,1.189703839720589240e+00,-0.000000000000000000e+00,-0.000000000000000000e+00,-0.000000000000000000e+00,-1.971008662742343154e-01,-0.000000000000000000e+00,0.000000000000000000e+00,-1.357595434208960505e-01,-0.000000000000000000e+00,0.000000000000000000e+00,0.000000000000000000e+00,0.000000000000000000e+00,-0.000000000000000000e+00,-0.000000000000000000e+00,-0.000000000000000000e+00,0.000000000000000000e+00,1.529068434180563540e-01,0.000000000000000000e+00,0.000000000000000000e+00,1.368208802292630345e-02,0.000000000000000000e+00,0.000000000000000000e+00,-0.000000000000000000e+00,1.357491741050948497e-01,0.000000000000000000e+00,-0.000000000000000000e+00,-0.000000000000000000e+00,0.000000000000000000e+00,-4.665313146857253714e-03,1.049367683730172418e-01,-0.000000000000000000e+00,0.000000000000000000e+00
-2.301498822770449149e-01,-3.252894166847822843e-01,-0.000000000000000000e+00,-7.884218127901390649e-02,-1.227665346082838366e-01,6.929107306976636793e-02,-0.000000000000000000e+00,-0.000000000000000000e+00,1.958993781438305160e+00,-2.704393823663606145e-01,-0.000000000000000000e+00,-0.000000000000000000e+00,-0.000000000000000000e+00,-2.635159175433191003e-01,-0.000000000000000000e+00,-1.924223693816314307e-01,0.000000000000000000e+00,-0.000000000000000000e+00,-0.000000000000000000e+00,-0.000000000000000000e+00,-3.489286011719795050e-02,-0.000000000000000000e+00,0.000000000000000000e+00,0.000000000000000000e+00,-0.000000000000000000e+00,0.000000000000000000e+00,0.000000000000000000e+00,0.000000000000000000e+00,0.000000000000000000e+00,-1.569071868054382757e-01,-0.000000000000000000e+00,5.170516745236415634e-02,-0.000000000000000000e+00,-0.000000000000000000e+00,-0.000000000000000000e+00,-1.319585490950970497e-01,0.000000000000000000e+00,-0.000000000000000000e+00,-2.799634248055398768e-03
-1.662193833518230690e-01,-7.543243862920270826e-02,-7.607209601989184389e-02,-4.189154146309579524e-02,-6.995618762572564098e-02,0.000000000000000000e+00,-0.000000000000000000e+00,-0.000000000000000000e+00,-2.704393823663606145e-01,2.658376865819425561e+00,-0.000000000000000000e+00,-0.000000000000000000e+00,-0.000000000000000000e+00,-0.000000000000000000e+00,-0.000000000000000000e+00,-4.322015786406758764e-01,0.000000000000000000e+00,-0.000000000000000000e+00,-2.223624675222940841e-02,-0.000000000000000000e+00,-3.356517965542427095e-02,-1.300506353958726657e-01,-0.000000000000000000e+00,0.000000000000000000e+00,-0.000000000000000000e+00,0.000000000000000000e+00,0.000000000000000000e+00,0.000000000000000000e+00,0.000000000000000000e+00,-4.117153550634938264e-01,-0.000000000000000000e+00,2.433447134778047583e-01,-1.807607422673227771e-01,-3.684814162059213416e-01,-0.000000000000000000e+00,-2.989566773197870897e-01,0.000000000000000000e+00,-3.272954802168100835e-02,-5.603560035362999472e-03
-0.000000000000000000e+00,-0.000000000000000000e+00,-1.087525571045404177e-01,-0.000000000000000000e+00,-0.000000000000000000e+00,0.000000000000000000e+00,-0.000000000000000000e+00,-0.000000000000000000e+00,-0.000000000000000000e+00,-0.000000000000000000e+00,1.404933310601713448e+00,-0.000000000000000000e+00,-4.424337822604816894e-01,0.000000000000000000e+00,-0.000000000000000000e+00,-1.846114111935467927e-01,-4.254221687947431496e-01,-0.000000000000000000e+00,-0.000000000000000000e+00,-0.000000000000000000e+00,-1.014834402959815252e-01,-0.000000000000000000e+00,0.000000000000000000e+00,0.000000000000000000e+00,-0.000000000000000000e+00,0.000000000000000000e+00,0.000000000000000000e+00,0.000000000000000000e+00,0.000000000000000000e+00,-0.000000000000000000e+00,-0.000000000000000000e+00,0.000000000000000000e+00,-0.000000000000000000e+00,-0.000000000000000000e+00,0.000000000000000000e+00,-0.000000000000000000e+00,0.000000000000000000e+00,-0.000000000000000000e+00,-0.000000000000000000e+00
-0.000000000000000000e+00,-5.730078374232603355e-01,-0.000000000000000000e+00,-1.394267356584947271e-01,-0.000000000000000000e+00,0.000000000000000000e+00,-0.000000000000000000e+00,-1.971008662742343154e-01,-0.000000000000000000e+00,-0.000000000000000000e+00,-0.000000000000000000e+00,1.697792573489002477e+00,-0.000000000000000000e+00,-0.000000000000000000e+00,-4.847548408579334667e-01,-0.000000000000000000e+00,0.000000000000000000e+00,-0.000000000000000000e+00,-0.000000000000000000e+00,-0.000000000000000000e+00,-0.000000000000000000e+00,-0.000000000000000000e+00,0.000000000000000000e+00,0.000000000000000000e+00,-0.000000000000000000e+00,0.000000000000000000e+00,0.000000000000000000e+00,0.000000000000000000e+00,0.000000000000000000e+00,-0.000000000000000000e+00,-0.000000000000000000e+00,0.000000000000000000e+00,-0.000000000000000000e+00,-0.000000000000000000e+00,-0.000000000000000000e+00,-9.505119981847440225e-02,0.000000000000000000e+00,-0.000000000000000000e+00,0.000000000000000000e+00
-0.000000000000000000e+00,-0.000000000000000000e+00,-0.000000000000000000e+00,-0.000000000000000000e+00,-0.000000000000000000e+00,0.000000000000000000e+00,-0.000000000000000000e+00,-0.000000000000000000e+00,-0.000000000000000000e+00,-0.000000000000000000e+00,-4.424337822604816894e-01,-0.000000000000000000e+00,1.243278136864657935e+00,0.000000000000000000e+00,-0.000000000000000000e+00,-7.673685534661345981e-03,-0.000000000000000000e+00,-0.000000000000000000e+00,0.000000000000000000e+00,-0.000000000000000000e+00,-5.050204474155541717e-02,-0.000000000000000000e+00,0.000000000000000000e+00,0.000000000000000000e+00,0.000000000000000000e+00,0.000000000000000000e+00,0.000000000000000000e+00,-0.000000000000000000e+00,0.000000000000000000e+00,-0.000000000000000000e+00,0.000000000000000000e+00,0.000000000000000000e+00,-0.000000000000000000e+00,-0.000000000000000000e+00,0.000000000000000000e+00,-0.000000000000000000e+00,2.173644220258877380e-01,-0.000000000000000000e+00,-0.000000000000000000e+00
-0.000000000000000000e+00,-0.000000000000000000e+00,-0.000000000000000000e+00,-0.000000000000000000e+00,-1.893010618140444912e-01,0.000000000000000000e+00,-0.000000000000000000e+00,0.000000000000000000e+00,-2.635159175433191003e-01,-0.000000000000000000e+00,0.000000000000000000e+00,-0.000000000000000000e+00,0.000000000000000000e+00,1.229908504930461000e+00,-0.000000000000000000e+00,-0.000000000000000000e+00,6.825388787987132777e-02,-0.000000000000000000e+00,-0.000000000000000000e+00,0.000000000000000000e+00,-0.000000000000000000e+00,-0.000000000000000000e+00,0.000000000000000000e+00,0.000000000000000000e+00,-0.000000000000000000e+00,0.000000000000000000e+00,-0.000000000000000000e+00,0.000000000000000000e+00,0.000000000000000000e+00,-4.387889664552651475e-02,-4.706248166360531976e-02,0.000000000000000000e+00,-0.000000000000000000e+00,-0.000000000000000000e+00,-7.061916815247605561e-02,-1.407999526258493783e-01,-0.000000000000000000e+00,-0.000000000000000000e+00,-0.000000000000000000e+00
-0.000000000000000000e+00,-0.000000000000000000e+00,-0.000000000000000000e+00,-1.395566029270490227e-01,-0.000000000000000000e+00,0.000000000000000000e+00,0.000000000000000000e+00,-1.357595434208960505e-01,-0.000000000000000000e+00,-0.000000000000000000e+00,-0.000000000000000000e+00,-4.847548408579334667e-01,-0.000000000000000000e+00,-0.000000000000000000e+00,1.801831074008806821e+00,-0.000000000000000000e+00,0.000000000000000000e+00,0.000000000000000000e+00,-9.025401033816710453e-03,-1.299877304216319196e-01,-0.000000000000000000e+00,-7.000689172267392235e-02,-0.000000000000000000e+00,0.000000000000000000e+00,-2.413072951587794460e-02,0.000000000000000000e+00,2.221328344477675742e-01,0.000000000000000000e+00,0.000000000000000000e+00,-0.000000000000000000e+00,0.000000000000000000e+00,3.028488115346824050e-01,-2.751295238543291499e-01,-0.000000000000000000e+00,-0.000000000000000000e+00,-2.284187059873165129e-02,0.000000000000000000e+00,-0.000000000000000000e+00,0.000000000000000000e+00
-1.163035686512353811e-01,-0.000000000000000000e+00,-0.000000000000000000e+00,-1.361350687110723656e-01,-0.000000000000000000e+00,0.000000000000000000e+00,-0.000000000000000000e+00,-0.000000000000000000e+00,-1.924223693816314307e-01,-4.322015786406758764e-01,-1.846114111935467927e-01,-0.000000000000000000e+00,-7.673685534661345981e-03,-0.000000000000000000e+00,-0.000000000000000000e+00,2.659246541649899154e+00,0.000000000000000000e+00,-0.000000000000000000e+00,-9.996828103205722404e-02,-0.000000000000000000e+00,-1.686341461696303778e-01,-1.206455462312568533e-01,0.000000000000000000e+00,0.000000000000000000e+00,-0.000000000000000000e+00,0.000000000000000000e+00,0.000000000000000000e+00,0.000000000000000000e+00,0.000000000000000000e+00,-3.706949298205430843e-01,-0.000000000000000000e+00,2.767065058251929055e-01,-1.260480611685481367e-01,-2.529739900639398908e-01,0.000000000000000000e+00,-2.387705786028002930e-01,1.983069331961085091e-01,-1.292954549689251387e-01,-0.000000000000000000e+00
0.000000000000000000e+00,1.784656001416785043e-01,-0.000000000000000000e+00,0.000000000000000000e+00,0.000000000000000000e+00,-1.117793836781545563e-01,0.000000000000000000e+00,0.000000000000000000e+00,0.000000000000000000e+00,0.000000000000000000e+00,-4.254221687947431496e-01,0.000000000000000000e+00,-0.000000000000000000e+00,6.825388787987132777e-02,0.000000000000000000e+00,0.000000000000000000e+00,1.209679080458260225e+00,0.000000000000000000e+00,0.000000000000000000e+00,-0.000000000000000000e+00,0.000000000000000000e+00,-0.000000000000000000e+00,-0.000000000000000000e+00,-8.435658390272714191e-02,-0.000000000000000000e+00,0.000000000000000000e+00,0.000000000000000000e+00,0.000000000000000000e+00,-0.000000000000000000e+00,0.000000000000000000e+00,0.000000000000000000e+00,-0.000000000000000000e+00,-0.000000000000000000e+00,0.000000000000000000e+00,0.000000000000000000e+00,0.000000000000000000e+00,-0.000000000000000000e+00,0.000000000000000000e+00,0.000000000000000000e+00
0.000000000000000000e+00,-0.000000000000000000e+00,-1.695987993909868485e-01,-0.000000000000000000e+00,-2.471928240424012269e-01,5.355169455959044728e-02,-9.391946385970964539e-02,0.000000000000000000e+00,-0.000000000000000000e+00,-0.000000000000000000e+00,-0.000000000000000000e+00,-0.000000000000000000e+00,-0.000000000000000000e+00,-0.000000000000000000e+00,0.000000000000000000e+00,-0.000000000000000000e+00,0.000000000000000000e+00,1.838965524818674924e+00,-6.200614102594239618e-01,0.000000000000000000e+00,-6.845337050710613436e-02,-0.000000000000000000e+00,0.000000000000000000e+00,0.000000000000000000e+00,0.000000000000000000e+00,-0.000000000000000000e+00,-0.000000000000000000e+00,-0.000000000000000000e+00,0.000000000000000000e+00,-0.000000000000000000e+00,-5.415818241659945409e-01,0.000000000000000000e+00,0.000000000000000000e+00,-0.000000000000000000e+00,-0.000000000000000000e+00,-0.000000000000000000e+00,0.000000000000000000e+00,0.000000000000000000e+00,-0.000000000000000000e+00
-0.000000000000000000e+00,-0.000000000000000000e+00,-2.008834515394513631e-01,-1.478241144787307837e-01,-1.888410581495879592e-01,0.000000000000000000e+00,-0.000000000000000000e+00,0.000000000000000000e+00,-0.000000000000000000e+00,-2.223624675222940841e-02,-0.000000000000000000e+00,-0.000000000000000000e+00,0.000000000000000000e+00,-0.000000000000000000e+00,-9.025401033816710453e-03,-9.996828103205722404e-02,0.000000000000000000e+00,-6.200614102594239618e-01,1.752457173951839753e+00,-0.000000000000000000e+00,-6.497195937821494127e-02,-1.341923153835082420e-02,0.000000000000000000e+00,0.000000000000000000e+00,-0.000000000000000000e+00,0.000000000000000000e+00,0.000000000000000000e+00,0.000000000000000000e+00,4.574289378126439320e-02,-2.045543016697798019e-02,-0.000000000000000000e+00,0.000000000000000000e+00,-0.000000000000000000e+00,-1.661879272875100566e-01,-0.000000000000000000e+00,-0.000000000000000000e+00,0.000000000000000000e+00,-0.000000000000000000e+00,-0.000000000000000000e+00
-0.000000000000000000e+00,-0.000000000000000000e+00,-0.000000000000000000e+00,-0.000000000000000000e+00,-0.000000000000000000e+00,-0.000000000000000000e+00,0.000000000000000000e+00,-0.000000000000000000e+00,-0.000000000000000000e+00,-0.000000000000000000e+00,-0.000000000000000000e+00,-0.000000000000000000e+00,-0.000000000000000000e+00,0.000000000000000000e+00,-1.299877304216319196e-01,-0.000000000000000000e+00,-0.000000000000000000e+00,0.000000000000000000e+00,-0.000000000000000000e+00,1.777701073092543993e+00,-0.000000000000000000e+00,-6.336649653906237800e-01,-0.000000000000000000e+00,-0.000000000000000000e+00,-1.140939747746815836e-01,4.676108524344631256e-02,2.645357374019537411e-01,1.139359830312232369e-01,2.633774729235028797e-02,-0.000000000000000000e+00,0.000000000000000000e+00,7.770719215209004327e-02,-2.661999830335493034e-01,-0.000000000000000000e+00,0.000000000000000000e+00,-0.000000000000000000e+00,0.000000000000000000e+00,-2.555648090720649517e-03,-0.000000000000000000e+00
-0.000000000000000000e+00,-0.000000000000000000e+00,-2.951079194286440610e-01,-1.998232678334902757e-01,-8.238466505097455372e-02,2.369431947101272584e-01,-1.947141491790493895e-01,-0.000000000000000000e+00,-3.489286011719795050e-02,-3.356517965542427095e-02,-1.014834402959815252e-01,-0.000000000000000000e+00,-5.050204474155541717e-02,-0.000000000000000000e+00,-0.000000000000000000e+00,-1.686341461696303778e-01,0.000000000000000000e+00,-6.845337050710613436e-02,-6.497195937821494127e-02,-0.000000000000000000e+00,2.068543098525670310e+00,-1.583354667163771878e-01,0.000000000000000000e+00,9.496857280547141983e-03,0.000000000000000000e+00,-0.000000000000000000e+00,0.000000000000000000e+00,-0.000000000000000000e+00,0.000000000000000000e+00,-8.578052986123001211e-02,-0.000000000000000000e+00,0.000000000000000000e+00,-0.000000000000000000e+00,-3.820554667960469608e-01,-0.000000000000000000e+00,-0.000000000000000000e+00,1.656164959484249799e-01,-0.000000000000000000e+00,-0.000000000000000000e+00
-0.000000000000000000e+00,-0.000000000000000000e+00,-1.676851668113796545e-01,-1.228551998324944605e-01,-0.000000000000000000e+00,0.000000000000000000e+00,0.000000000000000000e+00,-0.000000000000000000e+00,-0.000000000000000000e+00,-1.300506353958726657e-01,-0.000000000000000000e+00,-0.000000000000000000e+00,-0.000000000000000000e+00,-0.000000000000000000e+00,-7.000689172267392235e-02,-1.206455462312568533e-01,-0.000000000000000000e+00,-0.000000000000000000e+00,-1.341923153835082420e-02,-6.336649653906237800e-01,-1.583354667163771878e-01,1.973012703633021392e+00,-0.000000000000000000e+00,0.000000000000000000e+00,-0.000000000000000000e+00,0.000000000000000000e+00,0.000000000000000000e+00,0.000000000000000000e+00,0.000000000000000000e+00,-0.000000000000000000e+00,0.000000000000000000e+00,1.470178546059895675e-01,-2.745634160023875392e-01,-6.018647095322663537e-02,0.000000000000000000e+00,-0.000000000000000000e+00,6.367590978177373184e-02,-4.761340967202933039e-02,-0.000000000000000000e+00
0.000000000000000000e+00,0.000000000000000000e+00,-0.000000000000000000e+00,0.000000000000000000e+00,0.000000000000000000e+00,-4.993437876082630900e-01,4.266872344301593789e-01,0.000000000000000000e+00,0.000000000000000000e+00,-0.000000000000000000e+00,0.000000000000000000e+00,0.000000000000000000e+00,0.000000000000000000e+00,0.000000000000000000e+00,-0.000000000000000000e+00,0.000000000000000000e+00,-0.000000000000000000e+00,0.000000000000000000e+00,0.000000000000000000e+00,-0.000000000000000000e+00,0.000000000000000000e+00,-0.000000000000000000e+00,2.090744766395419507e+00,-4.630672258326254953e-01,-4.028873489838559752e-01,0.000000000000000000e+00,0.000000000000000000e+00,2.394914479250093986e-01,0.000000000000000000e+00,0.000000000000000000e+00,0.000000000000000000e+00,0.000000000000000000e+00,-2.553167073833534917e-01,0.000000000000000000e+00,0.000000000000000000e+00,0.000000000000000000e+00,-0.000000000000000000e+00,-0.000000000000000000e+00,0.000000000000000000e+00
0.000000000000000000e+00,9.282369136128357234e-02,0.000000000000000000e+00,0.000000000000000000e+00,0.000000000000000000e+00,-6.146285984629689114e-01,1.559395927983181218e-01,1.529068434180563540e-01,0.000000000000000000e+00,0.000000000000000000e+00,0.000000000000000000e+00,0.000000000000000000e+00,0.000000000000000000e+00,0.000000000000000000e+00,0.000000000000000000e+00,0.000000000000000000e+00,-8.435658390272714191e-02,0.000000000000000000e+00,0.000000000000000000e+00,-0.000000000000000000e+00,9.496857280547141983e-03,0.000000000000000000e+00,-4.630672258326254953e-01,1.922392401066849166e+00,-1.260836680184142522e-01,0.000000000000000000e+00,0.000000000000000000e+00,0.000000000000000000e+00,-0.000000000000000000e+00,0.000000000000000000e+00,0.000000000000000000e+00,-0.000000000000000000e+00,-0.000000000000000000e+00,0.000000000000000000e+00,0.000000000000000000e+00,0.000000000000000000e+00,-2.812671235697330463e-01,0.000000000000000000e+00,0.000000000000000000e+00
0.000000000000000000e+00,-0.000000000000000000e+00,-0.000000000000000000e+00,-0.000000000000000000e+00,-0.000000000000000000e+00,-0.000000000000000000e+00,4.047826501792022719e-02,0.000000000000000000e+00,-0.000000000000000000e+00,-0.000000000000000000e+00,-0.000000000000000000e+00,-0.000000000000000000e+00,0.000000000000000000e+00,-0.000000000000000000e+00,-2.413072951587794460e-02,-0.000000000000000000e+00,-0.000000000000000000e+00,0.000000000000000000e+00,-0.000000000000000000e+00,-1.140939747746815836e-01,0.000000000000000000e+00,-0.000000000000000000e+00,-4.028873489838559752e-01,-1.260836680184142522e-01,1.312082189906800700e+00,0.000000000000000000e+00,0.000000000000000000e+00,1.850107840254720526e-01,0.000000000000000000e+00,-0.000000000000000000e+00,0.000000000000000000e+00,0.000000000000000000e+00,-0.000000000000000000e+00,0.000000000000000000e+00,-0.000000000000000000e+00,-0.000000000000000000e+00,-0.000000000000000000e+00,0.000000000000000000e+00,0.000000000000000000e+00
0.000000000000000000e+00,-0.000000000000000000e+00,0.000000000000000000e+00,0.000000000000000000e+00,-0.000000000000000000e+00,0.000000000000000000e+00,-0.000000000000000000e+00,0.000000000000000000e+00,0.000000000000000000e+00,0.000000000000000000e+00,0.000000000000000000e+00,0.000000000000000000e+00,0.000000000000000000e+00,0.000000000000000000e+00,0.000000000000000000e+00,0.000000000000000000e+00,0.000000000000000000e+00,-0.000000000000000000e+00,0.000000000000000000e+00,4.676108524344631256e-02,-0.000000000000000000e+00,0.000000000000000000e+00,0.000000000000000000e+00,0.000000000000000000e+00,0.000000000000000000e+00,1.798683410309374509e+00,-4.057753235173159334e-01,-6.066042848739650051e-01,-2.391819337192258033e-01,0.000000000000000000e+00,-3.480284147476728207e-02,-0.000000000000000000e+00,1.072456596241659343e-01,0.000000000000000000e+00,-3.249647214052851507e-01,0.000000000000000000e+00,-0.000000000000000000e+00,7.722194375591796833e-02,-0.000000000000000000e+00
0.000000000000000000e+00,0.000000000000000000e+00,0.000000000000000000e+00,0.000000000000000000e+00,0.000000000000000000e+00,0.000000000000000000e+00,-0.000000000000000000e+00,1.368208802292630345e-02,0.000000000000000000e+00,0.000000000000000000e+00,0.000000000000000000e+00,0.000000000000000000e+00,0.000000000000000000e+00,-0.000000000000000000e+00,2.221328344477675742e-01,0.000000000000000000e+00,0.000000000000000000e+00,-0.000000000000000000e+00,0.000000000000000000e+00,2.645357374019537411e-01,0.000000000000000000e+00,0.000000000000000000e+00,0.000000000000000000e+00,0.000000000000000000e+00,0.000000000000000000e+00,-4.057753235173159334e-01,2.103371663522854540e+00,-2.537777784097732248e-01,-0.000000000000000000e+00,0.000000000000000000e+00,-4.274752414526336586e-01,-2.578616257127545608e-01,3.772441176059404544e-01,0.000000000000000000e+00,-0.000000000000000000e+00,0.000000000000000000e+00,-4.844070193529781410e-02,2.493730336191793961e-01,-0.000000000000000000e+00
-0.000000000000000000e+00,-0.000000000000000000e+00,0.000000000000000000e+00,-0.000000000000000000e+00,-0.000000000000000000e+00,0.000000000000000000e+00,-4.304098779535084907e-01,0.000000000000000000e+00,0.000000000000000000e+00,0.000000000000000000e+00,0.000000000000000000e+00,0.000000000000000000e+00,-0.000000000000000000e+00,0.000000000000000000e+00,0.000000000000000000e+00,0.000000000000000000e+00,0.000000000000000000e+00,-0.000000000000000000e+00,0.000000000000000000e+00,1.139359830312232369e-01,-0.000000000000000000e+00,0.000000000000000000e+00,2.394914479250093986e-01,0.000000000000000000e+00,1.850107840254720526e-01,-6.066042848739650051e-01,-2.537777784097732248e-01,1.825308860604171413e+00,-7.758317878963492953e-02,-0.000000000000000000e+00,-2.945873562802819434e-03,-0.000000000000000000e+00,0.000000000000000000e+00,0.000000000000000000e+00,-0.000000000000000000e+00,0.000000000000000000e+00,0.000000000000000000e+00,0.000000000000000000e+00,-0.000000000000000000e+00
0.000000000000000000e+00,0.000000000000000000e+00,0.000000000000000000e+00,0.000000000000000000e+00,0.000000000000000000e+00,-0.000000000000000000e+00,-0.000000000000000000e+00,0.000000000000000000e+00,0.000000000000000000e+00,0.000000000000000000e+00,0.000000000000000000e+00,0.000000000000000000e+00,0.000000000000000000e+00,0.000000000000000000e+00,0.000000000000000000e+00,0.000000000000000000e+00,-0.000000000000000000e+00,0.000000000000000000e+00,4.574289378126439320e-02,2.633774729235028797e-02,0.000000000000000000e+00,0.000000000000000000e+00,0.000000000000000000e+00,-0.000000000000000000e+00,0.000000000000000000e+00,-2.391819337192258033e-01,-0.000000000000000000e+00,-7.758317878963492953e-02,1.266915481774741004e+00,0.000000000000000000e+00,-0.000000000000000000e+00,-3.674930023064431062e-01,4.960419727683385710e-02,0.000000000000000000e+00,-0.000000000000000000e+00,0.000000000000000000e+00,-0.000000000000000000e+00,0.000000000000000000e+00,-0.000000000000000000e+00
-2.718247390342382608e-01,-0.000000000000000000e+00,-0.000000000000000000e+00,-0.000000000000000000e+00,-1.233583699343741152e-01,0.000000000000000000e+00,-0.000000000000000000e+00,-0.000000000000000000e+00,-1.569071868054382757e-01,-4.117153550634938264e-01,-0.000000000000000000e+00,-0.000000000000000000e+00,-0.000000000000000000e+00,-4.387889664552651475e-02,-0.000000000000000000e+00,-3.706949298205430843e-01,0.000000000000000000e+00,-0.000000000000000000e+00,-2.045543016697798019e-02,-0.000000000000000000e+00,-8.578052986123001211e-02,-0.000000000000000000e+00,0.000000000000000000e+00,0.000000000000000000e+00,-0.000000000000000000e+00,0.000000000000000000e+00,0.000000000000000000e+00,-0.000000000000000000e+00,0.000000000000000000e+00,2.093489107195587451e+00,-0.000000000000000000e+00,0.000000000000000000e+00,-0.000000000000000000e+00,-1.230320247289703323e-01,-0.000000000000000000e+00,-9.778463473861954969e-02,0.000000000000000000e+00,-1.384075810350227642e-01,-2.207589608956345151e-01
0.000000000000000000e+00,-0.000000000000000000e+00,-0.000000000000000000e+00,-0.000000000000000000e+00,-1.034521417289159390e-01,0.000000000000000000e+00,-2.281052862193814479e-01,1.357491741050948497e-01,-0.000000000000000000e+00,-0.000000000000000000e+00,-0.000000000000000000e+00,-0.000000000000000000e+00,0.000000000000000000e+00,-4.706248166360531976e-02,0.000000000000000000e+00,-0.000000000000000000e+00,0.000000000000000000e+00,-5.415818241659945409e-01,-0.000000000000000000e+00,0.000000000000000000e+00,-0.000000000000000000e+00,0.000000000000000000e+00,0.000000000000000000e+00,0.000000000000000000e+00,0.000000000000000000e+00,-3.480284147476728207e-02,-4.274752414526336586e-01,-2.945873562802819434e-03,-0.000000000000000000e+00,-0.000000000000000000e+00,1.533329853068669424e+00,-0.000000000000000000e+00,0.000000000000000000e+00,-0.000000000000000000e+00,-9.350234836622789425e-02,-0.000000000000000000e+00,-0.000000000000000000e+00,0.000000000000000000e+00,-0.000000000000000000e+00
0.000000000000000000e+00,0.000000000000000000e+00,0.000000000000000000e+00,2.093494140047948426e-01,0.000000000000000000e+00,-0.000000000000000000e+00,0.000000000000000000e+00,0.000000000000000000e+00,5.170516745236415634e-02,2.433447134778047583e-01,0.000000000000000000e+00,0.000000000000000000e+00,0.000000000000000000e+00,0.000000000000000000e+00,3.028488115346824050e-01,2.767065058251929055e-01,-0.000000000000000000e+00,0.000000000000000000e+00,0.000000000000000000e+00,7.770719215209004327e-02,0.000000000000000000e+00,1.470178546059895675e-01,0.000000000000000000e+00,-0.000000000000000000e+00,0.000000000000000000e+00,-0.000000000000000000e+00,-2.578616257127545608e-01,-0.000000000000000000e+00,-3.674930023064431062e-01,0.000000000000000000e+00,-0.000000000000000000e+00,2.149863716341230635e+00,2.511105114181971104e-02,1.471148986295131578e-01,0.000000000000000000e+00,1.725916303447898315e-01,-1.059732388699369948e-01,0.000000000000000000e+00,0.000000000000000000e+00
-0.000000000000000000e+00,-0.000000000000000000e+00,-1.891091435112306207e-02,-0.000000000000000000e+00,-0.000000000000000000e+00,-0.000000000000000000e+00,0.000000000000000000e+00,-0.000000000000000000e+00,-0.000000000000000000e+00,-1.807607422673227771e-01,-0.000000000000000000e+00,-0.000000000000000000e+00,-0.000000000000000000e+00,-0.000000000000000000e+00,-2.751295238543291499e-01,-1.260480611685481367e-01,-0.000000000000000000e+00,0.000000000000000000e+00,-0.000000000000000000e+00,-2.661999830335493034e-01,-0.000000000000000000e+00,-2.745634160023875392e-01,-2.553167073833534917e-01,-0.000000000000000000e+00,-0.000000000000000000e+00,1.072456596241659343e-01,3.772441176059404544e-01,0.000000000000000000e+00,4.960419727683385710e-02,-0.000000000000000000e+00,0.000000000000000000e+00,2.511105114181971104e-02,1.893674611674091457e+00,-2.734245821451808736e-02,0.000000000000000000e+00,-0.000000000000000000e+00,0.000000000000000000e+00,-1.024587169698867178e-01,0.000000000000000000e+00
-1.399869566532869758e-01,-0.000000000000000000e+00,-1.920454753066533626e-01,-2.548813174638256754e-02,-3.219829505933172187e-01,0.000000000000000000e+00,-0.000000000000000000e+00,-0.000000000000000000e+00,-0.000000000000000000e+00,-3.684814162059213416e-01,-0.000000000000000000e+00,-0.000000000000000000e+00,-0.000000000000000000e+00,-0.000000000000000000e+00,-0.000000000000000000e+00,-2.529739900639398908e-01,0.000000000000000000e+00,-0.000000000000000000e+00,-1.661879272875100566e-01,-0.000000000000000000e+00,-3.820554667960469608e-01,-6.018647095322663537e-02,0.000000000000000000e+00,0.000000000000000000e+00,0.000000000000000000e+00,0.000000000000000000e+00,0.000000000000000000e+00,0.000000000000000000e+00,0.000000000000000000e+00,-1.230320247289703323e-01,-0.000000000000000000e+00,1.471148986295131578e-01,-2.734245821451808736e-02,2.414034931885188584e+00,-0.000000000000000000e+00,-2.713076400333785387e-01,0.000000000000000000e+00,-0.000000000000000000e+00,-8.462535785407356015e-02
-0.000000000000000000e+00,-0.000000000000000000e+00,-0.000000000000000000e+00,-0.000000000000000000e+00,-0.000000000000000000e+00,0.000000000000000000e+00,-0.000000000000000000e+00,0.000000000000000000e+00,-0.000000000000000000e+00,-0.000000000000000000e+00,0.000000000000000000e+00,-0.000000000000000000e+00,0.000000000000000000e+00,-7.061916815247605561e-02,-0.000000000000000000e+00,0.000000000000000000e+00,0.000000000000000000e+00,-0.000000000000000000e+00,-0.000000000000000000e+00,0.000000000000000000e+00,-0.000000000000000000e+00,0.000000000000000000e+00,0.000000000000000000e+00,0.000000000000000000e+00,-0.000000000000000000e+00,-3.249647214052851507e-01,-0.000000000000000000e+00,-0.000000000000000000e+00,-0.000000000000000000e+00,-0.000000000000000000e+00,-9.350234836622789425e-02,0.000000000000000000e+00,0.000000000000000000e+00,-0.000000000000000000e+00,1.143492834272300529e+00,-0.000000000000000000e+00,-0.000000000000000000e+00,1.132966108734215493e-01,0.000000000000000000e+00
-2.439982504645605565e-01,-2.730934737672668366e-01,-0.000000000000000000e+00,-7.667574465977602949e-02,-0.000000000000000000e+00,1.388160155316074951e-01,-0.000000000000000000e+00,-4.665313146857253714e-03,-1.319585490950970497e-01,-2.989566773197870897e-01,-0.000000000000000000e+00,-9.505119981847440225e-02,-0.000000000000000000e+00,-1.407999526258493783e-01,-2.284187059873165129e-02,-2.387705786028002930e-01,0.000000000000000000e+00,-0.000000000000000000e+00,-0.000000000000000000e+00,-0.000000000000000000e+00,-0.000000000000000000e+00,-0.000000000000000000e+00,0.000000000000000000e+00,0.000000000000000000e+00,-0.000000000000000000e+00,0.000000000000000000e+00,0.000000000000000000e+00,0.000000000000000000e+00,0.000000000000000000e+00,-9.778463473861954969e-02,-0.000000000000000000e+00,1.725916303447898315e-01,-0.000000000000000000e+00,-2.713076400333785387e-01,-0.000000000000000000e+00,2.173901138205595274e+00,3.322691677759747469e-02,-0.000000000000000000e+00,-0.000000000000000000e+00
2.015013961258929343e-01,0.000000000000000000e+00,0.000000000000000000e+00,3.742684597727063966e-02,0.000000000000000000e+00,-1.449828272048721001e-01,0.000000000000000000e+00,1.049367683730172418e-01,0.000000000000000000e+00,0.000000000000000000e+00,0.000000000000000000e+00,0.000000000000000000e+00,2.173644220258877380e-01,-0.000000000000000000e+00,0.000000000000000000e+00,1.983069331961085091e-01,-0.000000000000000000e+00,0.000000000000000000e+00,0.000000000000000000e+00,0.000000000000000000e+00,1.656164959484249799e-01,6.367590978177373184e-02,-0.000000000000000000e+00,-2.812671235697330463e-01,-0.000000000000000000e+00,-0.000000000000000000e+00,-4.844070193529781410e-02,0.000000000000000000e+00,-0.000000000000000000e+00,0.000000000000000000e+00,-0.000000000000000000e+00,-1.059732388699369948e-01,0.000000000000000000e+00,0.000000000000000000e+00,-0.000000000000000000e+00,3.322691677759747469e-02,1.598043137160728211e+00,2.268948974426374110e-02,0.000000000000000000e+00
-3.902838288627313301e-01,-0.000000000000000000e+00,-0.000000000000000000e+00,-0.000000000000000000e+00,-0.000000000000000000e+00,-0.000000000000000000e+00,0.000000000000000000e+00,-0.000000000000000000e+00,-0.000000000000000000e+00,-3.272954802168100835e-02,-0.000000000000000000e+00,-0.000000000000000000e+00,-0.000000000000000000e+00,-0.000000000000000000e+00,-0.000000000000000000e+00,-1.292954549689251387e-01,0.000000000000000000e+00,0.000000000000000000e+00,-0.000000000000000000e+00,-2.555648090720649517e-03,-0.000000000000000000e+00,-4.761340967202933039e-02,-0.000000000000000000e+00,0.000000000000000000e+00,0.000000000000000000e+00,7.722194375591796833e-02,2.493730336191793961e-01,0.000000000000000000e+00,0.000000000000000000e+00,-1.384075810350227642e-01,0.000000000000000000e+00,0.000000000000000000e+00,-1.024587169698867178e-01,-0.000000000000000000e+00,1.132966108734215493e-01,-0.000000000000000000e+00,2.268948974426374110e-02,1.582528465277808216e+00,-1.942363927646157395e-01
-0.000000000000000000e+00,-0.000000000000000000e+00,-0.000000000000000000e+00,-0.000000000000000000e+00,-1.703040094714977637e-01,0.000000000000000000e+00,-2.617971965719628757e-01,0.000000000000000000e+00,-2.799634248055398768e-03,-5.603560035362999472e-03,-0.000000000000000000e+00,0.000000000000000000e+00,-0.000000000000000000e+00,-0.000000000000000000e+00,0.000000000000000000e+00,-0.000000000000000000e+00,0.000000000000000000e+00,-0.000000000000000000e+00,-0.000000000000000000e+00,-0.000000000000000000e+00,-0.000000000000000000e+00,-0.000000000000000000e+00,0.000000000000000000e+00,0.000000000000000000e+00,0.000000000000000000e+00,-0.000000000000000000e+00,-0.000000000000000000e+00,-0.000000000000000000e+00,-0.000000000000000000e+00,-2.207589608956345151e-01,-0.000000000000000000e+00,0.000000000000000000e+00,0.000000000000000000e+00,-8.462535785407356015e-02,0.000000000000000000e+00,-0.000000000000000000e+00,0.000000000000000000e+00,-1.942363927646157395e-01,1.310504984423911390e+00
