2.260725389132001162e+00,-3.428610251552563493e-01,-0.000000000000000000e+00,0.000000000000000000e+00,-0.000000000000000000e+00,0.000000000000000000e+00,0.000000000000000000e+00,1.130721619874260064e-01,-6.992561897713678309e-02,-0.000000000000000000e+00,3.104350784722879203e-02,-0.000000000000000000e+00,0.000000000000000000e+00,-0.000000000000000000e+00,-1.774154884922272413e-01,-1.582839614603351319e-01,0.000000000000000000e+00,-0.000000000000000000e+00,-0.000000000000000000e+00,-0.000000000000000000e+00,-0.000000000000000000e+00,-0.000000000000000000e+00,-0.000000000000000000e+00,-0.000000000000000000e+00,-0.000000000000000000e+00,-0.000000000000000000e+00,-0.000000000000000000e+00,-0.000000000000000000e+00,-0.000000000000000000e+00,-2.202752307518721642e-01,0.000000000000000000e+00,-0.000000000000000000e+00,0.000000000000000000e+00,-1.505169907204518404e-02,0.000000000000000000e+00,-4.335087927920114881e-01,-0.000000000000000000e+00,-3.680094075688324362e-01,-4.013527689819926803e-01
-3.428610251552563493e-01,2.589216763519440523e+00,-1.946088941929914953e-02,0.000000000000000000e+00,-0.000000000000000000e+00,0.000000000000000000e+00,0.000000000000000000e+00,0.000000000000000000e+00,-4.250390765403461862e-02,-1.445545257790972760e-01,0.000000000000000000e+00,-3.187304788451179038e-01,0.000000000000000000e+00,-2.578909582268555378e-01,-0.000000000000000000e+00,-2.566854806869973693e-01,0.000000000000000000e+00,-2.038044575594580299e-01,-0.000000000000000000e+00,-0.000000000000000000e+00,-0.000000000000000000e+00,-1.713501209604317566e-01,-9.451049459592446994e-03,-0.000000000000000000e+00,-3.148167105295435024e-03,-0.000000000000000000e+00,-0.000000000000000000e+00,-0.000000000000000000e+00,0.000000000000000000e+00,-6.088349070122914958e-02,-0.000000000000000000e+00,-2.115791653851615828e-01,-0.000000000000000000e+00,-3.665837833610531560e-02,0.000000000000000000e+00,-1.701555412225723707e-01,-0.000000000000000000e+00,-0.000000000000000000e+00,-4.184586785982460366e-01
-0.000000000000000000e+00,-1.946088941929914953e-02,2.413925390591230791e+00,0.000000000000000000e+00,-3.054004576183063091e-01,0.000000000000000000e+00,-0.000000000000000000e+00,7.803342656549220324e-01,-0.000000000000000000e+00,-6.363002435118021716e-02,0.000000000000000000e+00,-0.000000000000000000e+00,0.000000000000000000e+00,-1.941150667302913024e-01,-0.000000000000000000e+00,-6.906497072604021042e-03,-0.000000000000000000e+00,-2.073465260068789728e-01,-1.705629956980198869e-01,-1.977715344006341358e-01,-9.879086397027116162e-02,-2.170930421195805538e-01,-0.000000000000000000e+00,-0.000000000000000000e+00,-0.000000000000000000e+00,-0.000000000000000000e+00,-0.000000000000000000e+00,-1.195950010054594725e-01,0.000000000000000000e+00,-3.899406147919368126e-02,-0.000000000000000000e+00,-0.000000000000000000e+00,-0.000000000000000000e+00,-4.924514728044852158e-02,0.000000000000000000e+00,-0.000000000000000000e+00,-0.000000000000000000e+00,-0.000000000000000000e+00,-1.120472236759990740e-02
0.000000000000000000e+00,0.000000000000000000e+00,0.000000000000000000e+00,1.218278464926580096e+00,0.000000000000000000e+00,0.000000000000000000e+00,-3.762520297397224378e-01,-0.000000000000000000e+00,0.000000000000000000e+00,0.000000000000000000e+00,0.000000000000000000e+00,0.000000000000000000e+00,-0.000000000000000000e+00,0.000000000000000000e+00,0.000000000000000000e+00,0.000000000000000000e+00,-0.000000000000000000e+00,0.000000000000000000e+00,0.000000000000000000e+00,-8.200480243175944234e-03,0.000000000000000000e+00,0.000000000000000000e+00,0.000000000000000000e+00,0.000000000000000000e+00,0.000000000000000000e+00,2.111291090976412099e-01,-0.000000000000000000e+00,0.000000000000000000e+00,0.000000000000000000e+00,0.000000000000000000e+00,-0.000000000000000000e+00,-0.000000000000000000e+00,-0.000000000000000000e+00,0.000000000000000000e+00,0.000000000000000000e+00,0.000000000000000000e+00,-0.000000000000000000e+00,1.612452690326871552e-01,0.000000000000000000e+00
-0.000000000000000000e+00,-0.000000000000000000e+00,-3.054004576183063091e-01,0.000000000000000000e+00,1.951098933812451364e+00,0.000000000000000000e+00,-0.000000000000000000e+00,3.939312275811761577e-01,-4.068402579836218336e-01,-0.000000000000000000e+00,-0.000000000000000000e+00,-0.000000000000000000e+00,0.000000000000000000e+00,-9.214925124827957892e-02,-0.000000000000000000e+00,-0.000000000000000000e+00,-0.000000000000000000e+00,-5.087108457671637995e-02,-2.735934520400546410e-01,-0.000000000000000000e+00,-0.000000000000000000e+00,-0.000000000000000000e+00,-0.000000000000000000e+00,0.000000000000000000e+00,-0.000000000000000000e+00,-0.000000000000000000e+00,-0.000000000000000000e+00,-1.712242793065296975e-01,0.000000000000000000e+00,-0.000000000000000000e+00,-1.030019939756795233e-01,-0.000000000000000000e+00,-0.000000000000000000e+00,-0.000000000000000000e+00,-0.000000000000000000e+00,-0.000000000000000000e+00,-0.000000000000000000e+00,-0.000000000000000000e+00,-0.000000000000000000e+00
0.000000000000000000e+00,0.000000000000000000e+00,0.000000000000000000e+00,0.000000000000000000e+00,0.000000000000000000e+00,2.090607473450326381e+00,-0.000000000000000000e+00,-0.000000000000000000e+00,0.000000000000000000e+00,-0.000000000000000000e+00,-7.109509868612200467e-01,2.197099806727463578e-01,-0.000000000000000000e+00,0.000000000000000000e+00,1.012762177993406648e-01,0.000000000000000000e+00,-0.000000000000000000e+00,0.000000000000000000e+00,0.000000000000000000e+00,0.000000000000000000e+00,0.000000000000000000e+00,0.000000000000000000e+00,0.000000000000000000e+00,0.000000000000000000e+00,0.000000000000000000e+00,-0.000000000000000000e+00,-0.000000000000000000e+00,-0.000000000000000000e+00,-2.451832755971741218e-01,0.000000000000000000e+00,-0.000000000000000000e+00,0.000000000000000000e+00,-0.000000000000000000e+00,1.953973311255750023e-01,-5.939179073726384983e-01,8.224736274125561686e-02,-0.000000000000000000e+00,0.000000000000000000e+00,0.000000000000000000e+00
0.000000000000000000e+00,0.000000000000000000e+00,-0.000000000000000000e+00,-3.762520297397224378e-01,-0.000000000000000000e+00,-0.000000000000000000e+00,1.284773558700341045e+00,0.000000000000000000e+00,-0.000000000000000000e+00,-0.000000000000000000e+00,-9.588278772444326636e-02,0.000000000000000000e+00,-0.000000000000000000e+00,-0.000000000000000000e+00,1.122778708924905694e-01,0.000000000000000000e+00,-1.768590373754465594e-01,-0.000000000000000000e+00,-0.000000000000000000e+00,-1.427108586849317184e-01,-0.000000000000000000e+00,-0.000000000000000000e+00,0.000000000000000000e+00,0.000000000000000000e+00,0.000000000000000000e+00,0.000000000000000000e+00,-0.000000000000000000e+00,-0.000000000000000000e+00,-0.000000000000000000e+00,0.000000000000000000e+00,-3.363286876214907628e-02,-0.000000000000000000e+00,-9.893561087097298493e-03,0.000000000000000000e+00,-0.000000000000000000e+00,0.000000000000000000e+00,-1.503485817486997778e-01,7.919154308137146825e-02,0.000000000000000000e+00
1.130721619874260064e-01,0.000000000000000000e+00,7.803342656549220324e-01,-0.000000000000000000e+00,3.939312275811761577e-01,-0.000000000000000000e+00,0.000000000000000000e+00,2.357353388698450569e+00,3.686014894802405045e-02,0.000000000000000000e+00,-0.000000000000000000e+00,0.000000000000000000e+00,-0.000000000000000000e+00,1.213297597485775009e-01,0.000000000000000000e+00,0.000000000000000000e+00,0.000000000000000000e+00,2.786674511430199397e-01,1.816488750816167008e-01,0.000000000000000000e+00,0.000000000000000000e+00,0.000000000000000000e+00,0.000000000000000000e+00,0.000000000000000000e+00,0.000000000000000000e+00,0.000000000000000000e+00,0.000000000000000000e+00,2.875668111870685259e-02,-0.000000000000000000e+00,0.000000000000000000e+00,0.000000000000000000e+00,0.000000000000000000e+00,0.000000000000000000e+00,2.080848815670777174e-01,-0.000000000000000000e+00,0.000000000000000000e+00,0.000000000000000000e+00,0.000000000000000000e+00,1.180055306104880741e-01
-6.992561897713678309e-02,-4.250390765403461862e-02,-0.000000000000000000e+00,0.000000000000000000e+00,-4.068402579836218336e-01,0.000000000000000000e+00,-0.000000000000000000e+00,3.686014894802405045e-02,2.299867161727993103e+00,-3.724618700529629955e-01,0.000000000000000000e+00,-0.000000000000000000e+00,0.000000000000000000e+00,-1.398131816966439733e-01,-0.000000000000000000e+00,-2.578665377400867764e-01,-0.000000000000000000e+00,-2.207539781136180768e-02,-9.667833549681578709e-02,-0.000000000000000000e+00,-0.000000000000000000e+00,-0.000000000000000000e+00,-0.000000000000000000e+00,-0.000000000000000000e+00,-0.000000000000000000e+00,-2.591915063725641621e-01,-8.197550778720137654e-02,-0.000000000000000000e+00,-0.000000000000000000e+00,-2.161633383920192331e-01,-1.531491968223596019e-02,-0.000000000000000000e+00,-0.000000000000000000e+00,-9.308236691017417880e-03,-0.000000000000000000e+00,-0.000000000000000000e+00,-0.000000000000000000e+00,-3.329933123182709370e-02,-3.219767184765205403e-01
-0.000000000000000000e+00,-1.445545257790972760e-01,-6.363002435118021716e-02,0.000000000000000000e+00,-0.000000000000000000e+00,-0.000000000000000000e+00,-0.000000000000000000e+00,0.000000000000000000e+00,-3.724618700529629955e-01,2.474324392246542992e+00,-0.000000000000000000e+00,-0.000000000000000000e+00,0.000000000000000000e+00,-1.647286679078871219e-01,-0.000000000000000000e+00,-4.086336098773014625e-01,-0.000000000000000000e+00,-0.000000000000000000e+00,-0.000000000000000000e+00,-0.000000000000000000e+00,-1.565937807217269717e-01,-0.000000000000000000e+00,-0.000000000000000000e+00,-0.000000000000000000e+00,-0.000000000000000000e+00,-4.026405883503587912e-02,-3.202410008892710436e-01,-0.000000000000000000e+00,-0.000000000000000000e+00,-1.358576628467633718e-01,-5.791000259158471386e-02,-2.473112162213284559e-01,-0.000000000000000000e+00,-0.000000000000000000e+00,-0.000000000000000000e+00,-0.000000000000000000e+00,-3.070780752230342636e-01,-0.000000000000000000e+00,-2.272232176076070809e-01
3.104350784722879203e-02,0.000000000000000000e+00,0.000000000000000000e+00,0.000000000000000000e+00,-0.000000000000000000e+00,-7.109509868612200467e-01,-9.588278772444326636e-02,-0.000000000000000000e+00,0.000000000000000000e+00,-0.000000000000000000e+00,2.200961075339121553e+00,2.532299049430323384e-02,-0.000000000000000000e+00,0.000000000000000000e+00,3.733772024242593690e-01,0.000000000000000000e+00,-3.063690955062454702e-01,0.000000000000000000e+00,0.000000000000000000e+00,-0.000000000000000000e+00,0.000000000000000000e+00,0.000000000000000000e+00,0.000000000000000000e+00,0.000000000000000000e+00,0.000000000000000000e+00,-0.000000000000000000e+00,-0.000000000000000000e+00,-0.000000000000000000e+00,-0.000000000000000000e+00,0.000000000000000000e+00,-2.129260362842420873e-01,-0.000000000000000000e+00,-2.597712593593951014e-01,0.000000000000000000e+00,-4.967652994651333143e-01,6.737608696614134918e-02,-0.000000000000000000e+00,0.000000000000000000e+00,0.000000000000000000e+00
-0.000000000000000000e+00,-3.187304788451179038e-01,-0.000000000000000000e+00,0.000000000000000000e+00,-0.000000000000000000e+00,2.197099806727463578e-01,0.000000000000000000e+00,0.000000000000000000e+00,-0.000000000000000000e+00,-0.000000000000000000e+00,2.532299049430323384e-02,2.507684227230239316e+00,0.000000000000000000e+00,-8.467336150821144422e-03,-6.050203928071747894e-01,-2.789659916201743875e-02,0.000000000000000000e+00,-8.742446439932331087e-03,-6.795333781720432065e-02,-0.000000000000000000e+00,-0.000000000000000000e+00,-1.946585383825327475e-01,-3.019338795889793814e-01,-0.000000000000000000e+00,-6.354697480988025227e-02,-0.000000000000000000e+00,-0.000000000000000000e+00,0.000000000000000000e+00,0.000000000000000000e+00,-0.000000000000000000e+00,-0.000000000000000000e+00,-0.000000000000000000e+00,-0.000000000000000000e+00,-4.046774023242971086e-01,0.000000000000000000e+00,-1.676053976041207982e-01,-0.000000000000000000e+00,-0.000000000000000000e+00,-2.532892570028915102e-01
0.000000000000000000e+00,0.000000000000000000e+00,0.000000000000000000e+00,-0.000000000000000000e+00,0.000000000000000000e+00,-0.000000000000000000e+00,-0.000000000000000000e+00,-0.000000000000000000e+00,0.000000000000000000e+00,0.000000000000000000e+00,-0.000000000000000000e+00,0.000000000000000000e+00,1.088272236286042860e+00,0.000000000000000000e+00,0.000000000000000000e+00,0.000000000000000000e+00,-0.000000000000000000e+00,0.000000000000000000e+00,3.092621460193304556e-02,0.000000000000000000e+00,0.000000000000000000e+00,6.817644057133426250e-02,0.000000000000000000e+00,0.000000000000000000e+00,0.000000000000000000e+00,0.000000000000000000e+00,0.000000000000000000e+00,9.846719032529706317e-02,-3.824802270996383730e-02,0.000000000000000000e+00,0.000000000000000000e+00,0.000000000000000000e+00,0.000000000000000000e+00,1.936851373258352549e-01,-0.000000000000000000e+00,3.317936130880316629e-04,0.000000000000000000e+00,0.000000000000000000e+00,0.000000000000000000e+00
-0.000000000000000000e+00,-2.578909582268555378e-01,-1.941150667302913024e-01,0.000000000000000000e+00,-9.214925124827957892e-02,0.000000000000000000e+00,-0.000000000000000000e+00,1.213297597485775009e-01,-1.398131816966439733e-01,-1.647286679078871219e-01,0.000000000000000000e+00,-8.467336150821144422e-03,0.000000000000000000e+00,2.397041377681539132e+00,-0.000000000000000000e+00,-1.710234138793173264e-01,-0.000000000000000000e+00,-1.823196524305924493e-01,-1.469635550196245199e-01,-0.000000000000000000e+00,-0.000000000000000000e+00,-1.806773025617109396e-01,-0.000000000000000000e+00,-0.000000000000000000e+00,-0.000000000000000000e+00,-0.000000000000000000e+00,-1.833055995731396326e-01,-0.000000000000000000e+00,-0.000000000000000000e+00,-0.000000000000000000e+00,-0.000000000000000000e+00,-2.184164401865010541e-01,-0.000000000000000000e+00,-9.373875323432596940e-02,-0.000000000000000000e+00,-1.295438148368115716e-01,-8.436858982555073272e-02,-0.000000000000000000e+00,-1.119687294944024525e-01
-1.774154884922272413e-01,-0.000000000000000000e+00,-0.000000000000000000e+00,0.000000000000000000e+00,-0.000000000000000000e+00,1.012762177993406648e-01,1.122778708924905694e-01,0.000000000000000000e+00,-0.000000000000000000e+00,-0.000000000000000000e+00,3.733772024242593690e-01,-6.050203928071747894e-01,0.000000000000000000e+00,-0.000000000000000000e+00,2.283971272050231427e+00,-0.000000000000000000e+00,0.000000000000000000e+00,-5.160742159738512108e-02,-3.757577630510583466e-02,-0.000000000000000000e+00,-0.000000000000000000e+00,-0.000000000000000000e+00,-1.679593342823939572e-01,-0.000000000000000000e+00,-0.000000000000000000e+00,-0.000000000000000000e+00,-0.000000000000000000e+00,-0.000000000000000000e+00,0.000000000000000000e+00,-0.000000000000000000e+00,0.000000000000000000e+00,-0.000000000000000000e+00,0.000000000000000000e+00,-4.095391593760209781e-01,7.712991445002075064e-02,-3.039188797731057212e-01,0.000000000000000000e+00,-1.444936347762009465e-01,-0.000000000000000000e+00
-1.582839614603351319e-01,-2.566854806869973693e-01,-6.906497072604021042e-03,0.000000000000000000e+00,-0.000000000000000000e+00,0.000000000000000000e+00,0.000000000000000000e+00,0.000000000000000000e+00,-2.578665377400867764e-01,-4.086336098773014625e-01,0.000000000000000000e+00,-2.789659916201743875e-02,0.000000000000000000e+00,-1.710234138793173264e-01,-0.000000000000000000e+00,2.438484745835637568e+00,-0.000000000000000000e+00,-1.065888476986150413e-01,-1.729029161749726790e-02,-0.000000000000000000e+00,-0.000000000000000000e+00,-0.000000000000000000e+00,-2.092156786790860534e-01,-0.000000000000000000e+00,-7.691862776087193820e-02,-1.089805089972219476e-01,-0.000000000000000000e+00,-0.000000000000000000e+00,-0.000000000000000000e+00,-3.658130358555509720e-01,-0.000000000000000000e+00,-1.043353989907915141e-01,-0.000000000000000000e+00,-2.288419303015939640e-02,0.000000000000000000e+00,-1.617763068818277861e-01,-0.000000000000000000e+00,-0.000000000000000000e+00,-9.742133211346704069e-02
0.000000000000000000e+00,0.000000000000000000e+00,-0.000000000000000000e+00,-0.000000000000000000e+00,-0.000000000000000000e+00,-0.000000000000000000e+00,-1.768590373754465594e-01,0.000000000000000000e+00,-0.000000000000000000e+00,-0.000000000000000000e+00,-3.063690955062454702e-01,0.000000000000000000e+00,-0.000000000000000000e+00,-0.000000000000000000e+00,0.000000000000000000e+00,-0.000000000000000000e+00,1.319209657139658987e+00,0.000000000000000000e+00,0.000000000000000000e+00,-0.000000000000000000e+00,0.000000000000000000e+00,0.000000000000000000e+00,0.000000000000000000e+00,0.000000000000000000e+00,0.000000000000000000e+00,-0.000000000000000000e+00,-0.000000000000000000e+00,-0.000000000000000000e+00,-9.478317338699193684e-02,0.000000000000000000e+00,-0.000000000000000000e+00,-0.000000000000000000e+00,-0.000000000000000000e+00,0.000000000000000000e+00,-2.435181206300713330e-01,0.000000000000000000e+00,-8.696329922543599711e-02,-0.000000000000000000e+00,0.000000000000000000e+00
-0.000000000000000000e+00,-2.038044575594580299e-01,-2.073465260068789728e-01,0.000000000000000000e+00,-5.087108457671637995e-02,0.000000000000000000e+00,-0.000000000000000000e+00,2.786674511430199397e-01,-2.207539781136180768e-02,-0.000000000000000000e+00,0.000000000000000000e+00,-8.742446439932331087e-03,0.000000000000000000e+00,-1.823196524305924493e-01,-5.160742159738512108e-02,-1.065888476986150413e-01,0.000000000000000000e+00,2.363170880804208451e+00,-6.838903571202099574e-01,-0.000000000000000000e+00,-0.000000000000000000e+00,-1.095830263900926665e-01,-0.000000000000000000e+00,-0.000000000000000000e+00,-0.000000000000000000e+00,-0.000000000000000000e+00,-0.000000000000000000e+00,-0.000000000000000000e+00,0.000000000000000000e+00,-0.000000000000000000e+00,-0.000000000000000000e+00,-0.000000000000000000e+00,-0.000000000000000000e+00,-1.820207513085242701e-01,0.000000000000000000e+00,-1.998350057438205429e-01,-0.000000000000000000e+00,-0.000000000000000000e+00,-0.000000000000000000e+00
-0.000000000000000000e+00,-0.000000000000000000e+00,-1.705629956980198869e-01,0.000000000000000000e+00,-2.735934520400546410e-01,0.000000000000000000e+00,-0.000000000000000000e+00,1.816488750816167008e-01,-9.667833549681578709e-02,-0.000000000000000000e+00,0.000000000000000000e+00,-6.795333781720432065e-02,3.092621460193304556e-02,-1.469635550196245199e-01,-3.757577630510583466e-02,-1.729029161749726790e-02,0.000000000000000000e+00,-6.838903571202099574e-01,2.538293715012304386e+00,-0.000000000000000000e+00,-0.000000000000000000e+00,-2.723702182334188926e-01,-0.000000000000000000e+00,-0.000000000000000000e+00,-0.000000000000000000e+00,-0.000000000000000000e+00,-1.608908163000047353e-02,-0.000000000000000000e+00,0.000000000000000000e+00,-0.000000000000000000e+00,-0.000000000000000000e+00,-0.000000000000000000e+00,-0.000000000000000000e+00,-5.407188890414418303e-01,0.000000000000000000e+00,-0.000000000000000000e+00,-0.000000000000000000e+00,-0.000000000000000000e+00,-0.000000000000000000e+00
-0.000000000000000000e+00,-0.000000000000000000e+00,-1.977715344006341358e-01,-8.200480243175944234e-03,-0.000000000000000000e+00,0.000000000000000000e+00,-1.427108586849317184e-01,0.000000000000000000e+00,-0.000000000000000000e+00,-0.000000000000000000e+00,-0.000000000000000000e+00,-0.000000000000000000e+00,0.000000000000000000e+00,-0.000000000000000000e+00,-0.000000000000000000e+00,-0.000000000000000000e+00,-0.000000000000000000e+00,-0.000000000000000000e+00,-0.000000000000000000e+00,1.598430680412190386e+00,-0.000000000000000000e+00,-5.393269615726498101e-01,-0.000000000000000000e+00,-0.000000000000000000e+00,-0.000000000000000000e+00,0.000000000000000000e+00,-3.393112418074647335e-02,-0.000000000000000000e+00,0.000000000000000000e+00,-0.000000000000000000e+00,-0.000000000000000000e+00,-5.327692472997482692e-02,-3.889151684139829923e-01,-0.000000000000000000e+00,0.000000000000000000e+00,-0.000000000000000000e+00,-0.000000000000000000e+00,2.535170251503883476e-02,-0.000000000000000000e+00
-0.000000000000000000e+00,-0.000000000000000000e+00,-9.879086397027116162e-02,0.000000000000000000e+00,-0.000000000000000000e+00,0.000000000000000000e+00,-0.000000000000000000e+00,0.000000000000000000e+00,-0.000000000000000000e+00,-1.565937807217269717e-01,0.000000000000000000e+00,-0.000000000000000000e+00,0.000000000000000000e+00,-0.000000000000000000e+00,-0.000000000000000000e+00,-0.000000000000000000e+00,0.000000000000000000e+00,-0.000000000000000000e+00,-0.000000000000000000e+00,-0.000000000000000000e+00,1.517633258829812704e+00,-1.781565035426465327e-01,-0.000000000000000000e+00,-2.563465152992790430e-01,-2.374643713042172699e-01,-0.000000000000000000e+00,-0.000000000000000000e+00,-0.000000000000000000e+00,-0.000000000000000000e+00,-0.000000000000000000e+00,-0.000000000000000000e+00,-1.391415840220908834e-02,-2.616079592019696087e-01,-0.000000000000000000e+00,0.000000000000000000e+00,-0.000000000000000000e+00,-0.000000000000000000e+00,0.000000000000000000e+00,-4.661303638214277234e-02
-0.000000000000000000e+00,-1.713501209604317566e-01,-2.170930421195805538e-01,0.000000000000000000e+00,-0.000000000000000000e+00,0.000000000000000000e+00,-0.000000000000000000e+00,0.000000000000000000e+00,-0.000000000000000000e+00,-0.000000000000000000e+00,0.000000000000000000e+00,-1.946585383825327475e-01,6.817644057133426250e-02,-1.806773025617109396e-01,-0.000000000000000000e+00,-0.000000000000000000e+00,0.000000000000000000e+00,-1.095830263900926665e-01,-2.723702182334188926e-01,-5.393269615726498101e-01,-1.781565035426465327e-01,2.355327154744957685e+00,-0.000000000000000000e+00,-0.000000000000000000e+00,-7.093530548335950925e-02,-0.000000000000000000e+00,-1.467302741258525445e-01,-0.000000000000000000e+00,0.000000000000000000e+00,-0.000000000000000000e+00,-0.000000000000000000e+00,-1.499139390306481190e-01,-1.159446556469084094e-01,-1.930434756616349612e-01,0.000000000000000000e+00,-0.000000000000000000e+00,-0.000000000000000000e+00,0.000000000000000000e+00,-0.000000000000000000e+00
-0.000000000000000000e+00,-9.451049459592446994e-03,-0.000000000000000000e+00,0.000000000000000000e+00,-0.000000000000000000e+00,0.000000000000000000e+00,0.000000000000000000e+00,0.000000000000000000e+00,-0.000000000000000000e+00,-0.000000000000000000e+00,0.000000000000000000e+00,-3.019338795889793814e-01,0.000000000000000000e+00,-0.000000000000000000e+00,-1.679593342823939572e-01,-2.092156786790860534e-01,0.000000000000000000e+00,-0.000000000000000000e+00,-0.000000000000000000e+00,-0.000000000000000000e+00,-0.000000000000000000e+00,-0.000000000000000000e+00,2.178555393528996298e+00,-4.067804120589499917e-01,-6.861132807840831793e-01,-0.000000000000000000e+00,-0.000000000000000000e+00,-0.000000000000000000e+00,-0.000000000000000000e+00,-6.212966518674618854e-02,-0.000000000000000000e+00,-2.430545153583479889e-01,-0.000000000000000000e+00,-4.253492364259690156e-02,0.000000000000000000e+00,-0.000000000000000000e+00,-0.000000000000000000e+00,-0.000000000000000000e+00,-0.000000000000000000e+00
-0.000000000000000000e+00,-0.000000000000000000e+00,-0.000000000000000000e+00,0.000000000000000000e+00,0.000000000000000000e+00,0.000000000000000000e+00,0.000000000000000000e+00,0.000000000000000000e+00,-0.000000000000000000e+00,-0.000000000000000000e+00,0.000000000000000000e+00,-0.000000000000000000e+00,0.000000000000000000e+00,-0.000000000000000000e+00,-0.000000000000000000e+00,-0.000000000000000000e+00,0.000000000000000000e+00,-0.000000000000000000e+00,-0.000000000000000000e+00,-0.000000000000000000e+00,-2.563465152992790430e-01,-0.000000000000000000e+00,-4.067804120589499917e-01,1.994118589862733604e+00,-7.532269715945899557e-01,-0.000000000000000000e+00,-0.000000000000000000e+00,-0.000000000000000000e+00,-0.000000000000000000e+00,-0.000000000000000000e+00,-0.000000000000000000e+00,-3.259199331350786100e-01,-1.634250430900691456e-02,-0.000000000000000000e+00,0.000000000000000000e+00,-0.000000000000000000e+00,-0.000000000000000000e+00,-0.000000000000000000e+00,-0.000000000000000000e+00
-0.000000000000000000e+00,-3.148167105295435024e-03,-0.000000000000000000e+00,0.000000000000000000e+00,-0.000000000000000000e+00,0.000000000000000000e+00,0.000000000000000000e+00,0.000000000000000000e+00,-0.000000000000000000e+00,-0.000000000000000000e+00,0.000000000000000000e+00,-6.354697480988025227e-02,0.000000000000000000e+00,-0.000000000000000000e+00,-0.000000000000000000e+00,-7.691862776087193820e-02,0.000000000000000000e+00,-0.000000000000000000e+00,-0.000000000000000000e+00,-0.000000000000000000e+00,-2.374643713042172699e-01,-7.093530548335950925e-02,-6.861132807840831793e-01,-7.532269715945899557e-01,2.129329813222273327e+00,-0.000000000000000000e+00,-0.000000000000000000e+00,-0.000000000000000000e+00,-0.000000000000000000e+00,-0.000000000000000000e+00,0.000000000000000000e+00,-0.000000000000000000e+00,-0.000000000000000000e+00,-0.000000000000000000e+00,0.000000000000000000e+00,-0.000000000000000000e+00,-0.000000000000000000e+00,-0.000000000000000000e+00,-5.347030483049179661e-02
-0.000000000000000000e+00,-0.000000000000000000e+00,-0.000000000000000000e+00,2.111291090976412099e-01,-0.000000000000000000e+00,-0.000000000000000000e+00,0.000000000000000000e+00,0.000000000000000000e+00,-2.591915063725641621e-01,-4.026405883503587912e-02,-0.000000000000000000e+00,-0.000000000000000000e+00,0.000000000000000000e+00,-0.000000000000000000e+00,-0.000000000000000000e+00,-1.089805089972219476e-01,-0.000000000000000000e+00,-0.000000000000000000e+00,-0.000000000000000000e+00,0.000000000000000000e+00,-0.000000000000000000e+00,-0.000000000000000000e+00,-0.000000000000000000e+00,-0.000000000000000000e+00,-0.000000000000000000e+00,1.729393489138487672e+00,-7.971428334366623125e-02,-6.170430653267537924e-01,-3.741734654886769845e-02,-0.000000000000000000e+00,-0.000000000000000000e+00,-0.000000000000000000e+00,-0.000000000000000000e+00,-0.000000000000000000e+00,-0.000000000000000000e+00,-0.000000000000000000e+00,-0.000000000000000000e+00,-3.719936571341511677e-01,-0.000000000000000000e+00
-0.000000000000000000e+00,-0.000000000000000000e+00,-0.000000000000000000e+00,-0.000000000000000000e+00,-0.000000000000000000e+00,-0.000000000000000000e+00,-0.000000000000000000e+00,0.000000000000000000e+00,-8.197550778720137654e-02,-3.202410008892710436e-01,-0.000000000000000000e+00,-0.000000000000000000e+00,0.000000000000000000e+00,-1.833055995731396326e-01,-0.000000000000000000e+00,-0.000000000000000000e+00,-0.000000000000000000e+00,-0.000000000000000000e+00,-1.608908163000047353e-02,-3.393112418074647335e-02,-0.000000000000000000e+00,-1.467302741258525445e-01,-0.000000000000000000e+00,-0.000000000000000000e+00,-0.000000000000000000e+00,-7.971428334366623125e-02,1.935337433301911547e+00,-0.000000000000000000e+00,-0.000000000000000000e+00,-0.000000000000000000e+00,-2.556137678422959469e-01,-4.695389638201074578e-01,-7.470884846157974102e-02,-0.000000000000000000e+00,-0.000000000000000000e+00,-0.000000000000000000e+00,-1.688014516688927380e-01,-0.000000000000000000e+00,-0.000000000000000000e+00
-0.000000000000000000e+00,-0.000000000000000000e+00,-1.195950010054594725e-01,0.000000000000000000e+00,-1.712242793065296975e-01,-0.000000000000000000e+00,-0.000000000000000000e+00,2.875668111870685259e-02,-0.000000000000000000e+00,-0.000000000000000000e+00,-0.000000000000000000e+00,0.000000000000000000e+00,9.846719032529706317e-02,-0.000000000000000000e+00,-0.000000000000000000e+00,-0.000000000000000000e+00,-0.000000000000000000e+00,-0.000000000000000000e+00,-0.000000000000000000e+00,-0.000000000000000000e+00,-0.000000000000000000e+00,-0.000000000000000000e+00,-0.000000000000000000e+00,-0.000000000000000000e+00,-0.000000000000000000e+00,-6.170430653267537924e-01,-0.000000000000000000e+00,1.652249794521766901e+00,-0.000000000000000000e+00,-0.000000000000000000e+00,-3.481920236742600538e-01,-0.000000000000000000e+00,-0.000000000000000000e+00,-0.000000000000000000e+00,-1.551805767965484528e-01,-0.000000000000000000e+00,-4.124234665818866247e-02,-0.000000000000000000e+00,-0.000000000000000000e+00
-0.000000000000000000e+00,0.000000000000000000e+00,0.000000000000000000e+00,0.000000000000000000e+00,0.000000000000000000e+00,-2.451832755971741218e-01,-0.000000000000000000e+00,-0.000000000000000000e+00,-0.000000000000000000e+00,-0.000000000000000000e+00,-0.000000000000000000e+00,0.000000000000000000e+00,-3.824802270996383730e-02,-0.000000000000000000e+00,0.000000000000000000e+00,-0.000000000000000000e+00,-9.478317338699193684e-02,0.000000000000000000e+00,0.000000000000000000e+00,0.000000000000000000e+00,-0.000000000000000000e+00,0.000000000000000000e+00,-0.000000000000000000e+00,-0.000000000000000000e+00,-0.000000000000000000e+00,-3.741734654886769845e-02,-0.000000000000000000e+00,-0.000000000000000000e+00,1.308684833837123973e+00,0.000000000000000000e+00,-0.000000000000000000e+00,-0.000000000000000000e+00,-0.000000000000000000e+00,0.000000000000000000e+00,-3.456687906189206960e-01,0.000000000000000000e+00,-1.259299174493223872e-01,-0.000000000000000000e+00,0.000000000000000000e+00
-2.202752307518721642e-01,-6.088349070122914958e-02,-3.899406147919368126e-02,0.000000000000000000e+00,-0.000000000000000000e+00,0.000000000000000000e+00,0.000000000000000000e+00,0.000000000000000000e+00,-2.161633383920192331e-01,-1.358576628467633718e-01,0.000000000000000000e+00,-0.000000000000000000e+00,0.000000000000000000e+00,-0.000000000000000000e+00,-0.000000000000000000e+00,-3.658130358555509720e-01,0.000000000000000000e+00,-0.000000000000000000e+00,-0.000000000000000000e+00,-0.000000000000000000e+00,-0.000000000000000000e+00,-0.000000000000000000e+00,-6.212966518674618854e-02,-0.000000000000000000e+00,-0.000000000000000000e+00,-0.000000000000000000e+00,-0.000000000000000000e+00,-0.000000000000000000e+00,0.000000000000000000e+00,1.697654683413725607e+00,-0.000000000000000000e+00,-0.000000000000000000e+00,-0.000000000000000000e+00,-5.673483685170455787e-02,0.000000000000000000e+00,-1.664236534277019341e-01,-0.000000000000000000e+00,-0.000000000000000000e+00,-6.707285588579554869e-02
0.000000000000000000e+00,-0.000000000000000000e+00,-0.000000000000000000e+00,-0.000000000000000000e+00,-1.030019939756795233e-01,-0.000000000000000000e+00,-3.363286876214907628e-02,0.000000000000000000e+00,-1.531491968223596019e-02,-5.791000259158471386e-02,-2.129260362842420873e-01,-0.000000000000000000e+00,0.000000000000000000e+00,-0.000000000000000000e+00,0.000000000000000000e+00,-0.000000000000000000e+00,-0.000000000000000000e+00,-0.000000000000000000e+00,-0.000000000000000000e+00,-0.000000000000000000e+00,-0.000000000000000000e+00,-0.000000000000000000e+00,-0.000000000000000000e+00,-0.000000000000000000e+00,0.000000000000000000e+00,-0.000000000000000000e+00,-2.556137678422959469e-01,-3.481920236742600538e-01,-0.000000000000000000e+00,-0.000000000000000000e+00,1.890222976950739708e+00,-0.000000000000000000e+00,-5.447126257858773135e-01,-0.000000000000000000e+00,-6.381443130446394496e-02,0.000000000000000000e+00,-3.166573533608728064e-01,0.000000000000000000e+00,-0.000000000000000000e+00
-0.000000000000000000e+00,-2.115791653851615828e-01,-0.000000000000000000e+00,-0.000000000000000000e+00,-0.000000000000000000e+00,0.000000000000000000e+00,-0.000000000000000000e+00,0.000000000000000000e+00,-0.000000000000000000e+00,-2.473112162213284559e-01,-0.000000000000000000e+00,-0.000000000000000000e+00,0.000000000000000000e+00,-2.184164401865010541e-01,-0.000000000000000000e+00,-1.043353989907915141e-01,-0.000000000000000000e+00,-0.000000000000000000e+00,-0.000000000000000000e+00,-5.327692472997482692e-02,-1.391415840220908834e-02,-1.499139390306481190e-01,-2.430545153583479889e-01,-3.259199331350786100e-01,-0.000000000000000000e+00,-0.000000000000000000e+00,-4.695389638201074578e-01,-0.000000000000000000e+00,-0.000000000000000000e+00,-0.000000000000000000e+00,-0.000000000000000000e+00,2.350936424205837927e+00,-0.000000000000000000e+00,-0.000000000000000000e+00,-0.000000000000000000e+00,-0.000000000000000000e+00,-3.068658677298639059e-01,-0.000000000000000000e+00,-1.541056062141708538e-01
0.000000000000000000e+00,-0.000000000000000000e+00,-0.000000000000000000e+00,-0.000000000000000000e+00,-0.000000000000000000e+00,-0.000000000000000000e+00,-9.893561087097298493e-03,0.000000000000000000e+00,-0.000000000000000000e+00,-0.000000000000000000e+00,-2.597712593593951014e-01,-0.000000000000000000e+00,0.000000000000000000e+00,-0.000000000000000000e+00,0.000000000000000000e+00,-0.000000000000000000e+00,-0.000000000000000000e+00,-0.000000000000000000e+00,-0.000000000000000000e+00,-3.889151684139829923e-01,-2.616079592019696087e-01,-1.159446556469084094e-01,-0.000000000000000000e+00,-1.634250430900691456e-02,-0.000000000000000000e+00,-0.000000000000000000e+00,-7.470884846157974102e-02,-0.000000000000000000e+00,-0.000000000000000000e+00,-0.000000000000000000e+00,-5.447126257858773135e-01,-0.000000000000000000e+00,1.927585762061851504e+00,-0.000000000000000000e+00,-0.000000000000000000e+00,0.000000000000000000e+00,-3.536508261908385964e-01,0.000000000000000000e+00,-0.000000000000000000e+00
-1.505169907204518404e-02,-3.665837833610531560e-02,-4.924514728044852158e-02,0.000000000000000000e+00,-0.000000000000000000e+00,1.953973311255750023e-01,0.000000000000000000e+00,2.080848815670777174e-01,-9.308236691017417880e-03,-0.000000000000000000e+00,0.000000000000000000e+00,-4.046774023242971086e-01,1.936851373258352549e-01,-9.373875323432596940e-02,-4.095391593760209781e-01,-2.288419303015939640e-02,0.000000000000000000e+00,-1.820207513085242701e-01,-5.407188890414418303e-01,-0.000000000000000000e+00,-0.000000000000000000e+00,-1.930434756616349612e-01,-4.253492364259690156e-02,-0.000000000000000000e+00,-0.000000000000000000e+00,-0.000000000000000000e+00,-0.000000000000000000e+00,-0.000000000000000000e+00,0.000000000000000000e+00,-5.673483685170455787e-02,-0.000000000000000000e+00,-0.000000000000000000e+00,-0.000000000000000000e+00,2.639164425451606011e+00,0.000000000000000000e+00,-1.470763274281057797e-01,-0.000000000000000000e+00,-0.000000000000000000e+00,-1.519842059284060298e-01
0.000000000000000000e+00,0.000000000000000000e+00,0.000000000000000000e+00,0.000000000000000000e+00,-0.000000000000000000e+00,-5.939179073726384983e-01,-0.000000000000000000e+00,-0.000000000000000000e+00,-0.000000000000000000e+00,-0.000000000000000000e+00,-4.967652994651333143e-01,0.000000000000000000e+00,-0.000000000000000000e+00,-0.000000000000000000e+00,7.712991445002075064e-02,0.000000000000000000e+00,-2.435181206300713330e-01,0.000000000000000000e+00,0.000000000000000000e+00,0.000000000000000000e+00,0.000000000000000000e+00,0.000000000000000000e+00,0.000000000000000000e+00,0.000000000000000000e+00,0.000000000000000000e+00,-0.000000000000000000e+00,-0.000000000000000000e+00,-1.551805767965484528e-01,-3.456687906189206960e-01,0.000000000000000000e+00,-6.381443130446394496e-02,-0.000000000000000000e+00,-0.000000000000000000e+00,0.000000000000000000e+00,2.125650749890390045e+00,0.000000000000000000e+00,-3.976834725193420517e-01,0.000000000000000000e+00,0.000000000000000000e+00
-4.335087927920114881e-01,-1.701555412225723707e-01,-0.000000000000000000e+00,0.000000000000000000e+00,-0.000000000000000000e+00,8.224736274125561686e-02,0.000000000000000000e+00,0.000000000000000000e+00,-0.000000000000000000e+00,-0.000000000000000000e+00,6.737608696614134918e-02,-1.676053976041207982e-01,3.317936130880316629e-04,-1.295438148368115716e-01,-3.039188797731057212e-01,-1.617763068818277861e-01,0.000000000000000000e+00,-1.998350057438205429e-01,-0.000000000000000000e+00,-0.000000000000000000e+00,-0.000000000000000000e+00,-0.000000000000000000e+00,-0.000000000000000000e+00,-0.000000000000000000e+00,-0.000000000000000000e+00,-0.000000000000000000e+00,-0.000000000000000000e+00,-0.000000000000000000e+00,0.000000000000000000e+00,-1.664236534277019341e-01,0.000000000000000000e+00,-0.000000000000000000e+00,0.000000000000000000e+00,-1.470763274281057797e-01,0.000000000000000000e+00,2.072252750194165216e+00,-0.000000000000000000e+00,-0.000000000000000000e+00,-0.000000000000000000e+00
-0.000000000000000000e+00,-0.000000000000000000e+00,-0.000000000000000000e+00,-0.000000000000000000e+00,-0.000000000000000000e+00,-0.000000000000000000e+00,-1.503485817486997778e-01,0.000000000000000000e+00,-0.000000000000000000e+00,-3.070780752230342636e-01,-0.000000000000000000e+00,-0.000000000000000000e+00,0.000000000000000000e+00,-8.436858982555073272e-02,0.000000000000000000e+00,-0.000000000000000000e+00,-8.696329922543599711e-02,-0.000000000000000000e+00,-0.000000000000000000e+00,-0.000000000000000000e+00,-0.000000000000000000e+00,-0.000000000000000000e+00,-0.000000000000000000e+00,-0.000000000000000000e+00,-0.000000000000000000e+00,-0.000000000000000000e+00,-1.688014516688927380e-01,-4.124234665818866247e-02,-1.259299174493223872e-01,-0.000000000000000000e+00,-3.166573533608728064e-01,-3.068658677298639059e-01,-3.536508261908385964e-01,-0.000000000000000000e+00,-3.976834725193420517e-01,-0.000000000000000000e+00,2.022411249588159432e+00,0.000000000000000000e+00,-0.000000000000000000e+00
-3.680094075688324362e-01,-0.000000000000000000e+00,-0.000000000000000000e+00,1.612452690326871552e-01,-0.000000000000000000e+00,0.000000000000000000e+00,7.919154308137146825e-02,0.000000000000000000e+00,-3.329933123182709370e-02,-0.000000000000000000e+00,0.000000000000000000e+00,-0.000000000000000000e+00,0.000000000000000000e+00,-0.000000000000000000e+00,-1.444936347762009465e-01,-0.000000000000000000e+00,-0.000000000000000000e+00,-0.000000000000000000e+00,-0.000000000000000000e+00,2.535170251503883476e-02,0.000000000000000000e+00,0.000000000000000000e+00,-0.000000000000000000e+00,-0.000000000000000000e+00,-0.000000000000000000e+00,-3.719936571341511677e-01,-0.000000000000000000e+00,-0.000000000000000000e+00,-0.000000000000000000e+00,-0.000000000000000000e+00,0.000000000000000000e+00,-0.000000000000000000e+00,0.000000000000000000e+00,-0.000000000000000000e+00,0.000000000000000000e+00,-0.000000000000000000e+00,0.000000000000000000e+00,1.429592983726215794e+00,-2.055657372554516721e-02
-4.013527689819926803e-01,-4.184586785982460366e-01,-1.120472236759990740e-02,0.000000000000000000e+00,-0.000000000000000000e+00,0.000000000000000000e+00,0.000000000000000000e+00,1.180055306104880741e-01,-3.219767184765205403e-01,-2.272232176076070809e-01,0.000000000000000000e+00,-2.532892570028915102e-01,0.000000000000000000e+00,-1.119687294944024525e-01,-0.000000000000000000e+00,-9.742133211346704069e-02,0.000000000000000000e+00,-0.000000000000000000e+00,-0.000000000000000000e+00,-0.000000000000000000e+00,-4.661303638214277234e-02,-0.000000000000000000e+00,-0.000000000000000000e+00,-0.000000000000000000e+00,-5.347030483049179661e-02,-0.000000000000000000e+00,-0.000000000000000000e+00,-0.000000000000000000e+00,0.000000000000000000e+00,-6.707285588579554869e-02,-0.000000000000000000e+00,-1.541056062141708538e-01,-0.000000000000000000e+00,-1.519842059284060298e-01,0.000000000000000000e+00,-0.000000000000000000e+00,-0.000000000000000000e+00,-2.055657372554516721e-02,2.421819458225865862e+00
