2.319609630113783183e+00,-7.771845861320818560e-01,-0.000000000000000000e+00,-0.000000000000000000e+00,-6.784341238599113366e-02,0.000000000000000000e+00,-0.000000000000000000e+00,0.000000000000000000e+00,-2.315683226515690141e-01,-1.042291672591010576e-01,-0.000000000000000000e+00,-7.884168387668603895e-02,-0.000000000000000000e+00,-7.995068259578023973e-02,-0.000000000000000000e+00,-3.210565536282424248e-01,-0.000000000000000000e+00,-0.000000000000000000e+00,0.000000000000000000e+00,-0.000000000000000000e+00,-0.000000000000000000e+00,-0.000000000000000000e+00,-7.639642261572480997e-02,-0.000000000000000000e+00,-0.000000000000000000e+00,-1.963805055667874888e-01,-0.000000000000000000e+00,-0.000000000000000000e+00,-6.032785267466055784e-02,-0.000000000000000000e+00,-0.000000000000000000e+00,-0.000000000000000000e+00,-0.000000000000000000e+00,-0.000000000000000000e+00,-0.000000000000000000e+00,-0.000000000000000000e+00,-0.000000000000000000e+00,-1.066776158136564651e-01,-2.046120778186735767e-01
-7.771845861320818560e-01,2.232461405957062883e+00,-0.000000000000000000e+00,-0.000000000000000000e+00,-0.000000000000000000e+00,-0.000000000000000000e+00,-0.000000000000000000e+00,-0.000000000000000000e+00,-7.482189892714216639e-02,-7.940832437725826864e-02,-0.000000000000000000e+00,-0.000000000000000000e+00,-0.000000000000000000e+00,-1.664917258812609602e-01,-0.000000000000000000e+00,-1.334479139527720848e-01,-0.000000000000000000e+00,-0.000000000000000000e+00,0.000000000000000000e+00,-0.000000000000000000e+00,-0.000000000000000000e+00,-0.000000000000000000e+00,-0.000000000000000000e+00,-0.000000000000000000e+00,-0.000000000000000000e+00,-2.710389445468922576e-01,-0.000000000000000000e+00,-0.000000000000000000e+00,-2.201871277965407603e-01,-2.045857947218486239e-01,-0.000000000000000000e+00,-5.080762020736506041e-02,-0.000000000000000000e+00,-0.000000000000000000e+00,-0.000000000000000000e+00,-0.000000000000000000e+00,-1.041742643904948473e-02,-8.476741607987565985e-02,-1.048247398971116767e-01
-0.000000000000000000e+00,-0.000000000000000000e+00,1.907044937084538594e+00,-0.000000000000000000e+00,-6.124889303761291703e-01,-0.000000000000000000e+00,-0.000000000000000000e+00,3.611213347294738307e-01,-1.819708015513708255e-01,-0.000000000000000000e+00,-0.000000000000000000e+00,-0.000000000000000000e+00,-0.000000000000000000e+00,-0.000000000000000000e+00,0.000000000000000000e+00,-7.740737196395006126e-02,-0.000000000000000000e+00,-2.142836165979784546e-01,-3.136972056887070491e-04,-1.399117374074043130e-01,-7.176380558488706929e-02,-1.362360439707686055e-01,-0.000000000000000000e+00,-0.000000000000000000e+00,-0.000000000000000000e+00,-0.000000000000000000e+00,-0.000000000000000000e+00,-0.000000000000000000e+00,-0.000000000000000000e+00,-9.079501914858549572e-02,-3.766867561851352381e-02,-0.000000000000000000e+00,-0.000000000000000000e+00,-0.000000000000000000e+00,-0.000000000000000000e+00,-0.000000000000000000e+00,-0.000000000000000000e+00,-0.000000000000000000e+00,-0.000000000000000000e+00
-0.000000000000000000e+00,-0.000000000000000000e+00,-0.000000000000000000e+00,1.094112935291014832e+00,-1.859211011954521320e-01,0.000000000000000000e+00,-1.460495177454297633e-01,0.000000000000000000e+00,-0.000000000000000000e+00,-2.312538070276186700e-02,0.000000000000000000e+00,-0.000000000000000000e+00,-0.000000000000000000e+00,-0.000000000000000000e+00,1.095627242002158164e-01,-5.359251062125381521e-02,0.000000000000000000e+00,-0.000000000000000000e+00,-0.000000000000000000e+00,-0.000000000000000000e+00,-0.000000000000000000e+00,-0.000000000000000000e+00,-0.000000000000000000e+00,-0.000000000000000000e+00,-0.000000000000000000e+00,0.000000000000000000e+00,-0.000000000000000000e+00,0.000000000000000000e+00,-0.000000000000000000e+00,-0.000000000000000000e+00,-0.000000000000000000e+00,0.000000000000000000e+00,-0.000000000000000000e+00,-0.000000000000000000e+00,-0.000000000000000000e+00,-8.348503447576387584e-03,-0.000000000000000000e+00,-0.000000000000000000e+00,-0.000000000000000000e+00
-6.784341238599113366e-02,-0.000000000000000000e+00,-6.124889303761291703e-01,-1.859211011954521320e-01,1.859734265455747160e+00,0.000000000000000000e+00,-0.000000000000000000e+00,3.942707526888986624e-01,-7.343824146257016405e-02,-0.000000000000000000e+00,-0.000000000000000000e+00,-5.826936351872950837e-02,-0.000000000000000000e+00,-0.000000000000000000e+00,-0.000000000000000000e+00,-1.675912276035108547e-02,0.000000000000000000e+00,-1.907266558358613473e-01,-0.000000000000000000e+00,-6.339820687452649844e-03,-6.689958997054271106e-02,-0.000000000000000000e+00,-0.000000000000000000e+00,-0.000000000000000000e+00,-0.000000000000000000e+00,-2.942635409974168545e-02,-0.000000000000000000e+00,-0.000000000000000000e+00,-0.000000000000000000e+00,-0.000000000000000000e+00,-0.000000000000000000e+00,-0.000000000000000000e+00,-0.000000000000000000e+00,-2.305424601478008872e-01,-0.000000000000000000e+00,-0.000000000000000000e+00,-0.000000000000000000e+00,-0.000000000000000000e+00,-0.000000000000000000e+00
0.000000000000000000e+00,-0.000000000000000000e+00,-0.000000000000000000e+00,0.000000000000000000e+00,0.000000000000000000e+00,2.042879115719797412e+00,-0.000000000000000000e+00,-1.269239110617806643e-01,-0.000000000000000000e+00,-0.000000000000000000e+00,-4.967946414554171297e-01,5.594274417462681386e-03,-0.000000000000000000e+00,-0.000000000000000000e+00,1.383466020930560203e-01,0.000000000000000000e+00,-6.278915413164321002e-01,0.000000000000000000e+00,0.000000000000000000e+00,-0.000000000000000000e+00,0.000000000000000000e+00,-0.000000000000000000e+00,-5.802670993896610896e-02,-0.000000000000000000e+00,-0.000000000000000000e+00,0.000000000000000000e+00,-0.000000000000000000e+00,0.000000000000000000e+00,-0.000000000000000000e+00,-0.000000000000000000e+00,-0.000000000000000000e+00,-2.900509127519261265e-01,-0.000000000000000000e+00,7.159870396958684102e-02,-2.346343089565466056e-01,0.000000000000000000e+00,-0.000000000000000000e+00,-0.000000000000000000e+00,-0.000000000000000000e+00
-0.000000000000000000e+00,-0.000000000000000000e+00,-0.000000000000000000e+00,-1.460495177454297633e-01,-0.000000000000000000e+00,-0.000000000000000000e+00,1.311457002956146978e+00,-0.000000000000000000e+00,-6.712625204165600934e-02,-1.691718230530153133e-01,-0.000000000000000000e+00,0.000000000000000000e+00,-0.000000000000000000e+00,-0.000000000000000000e+00,2.921436385211962361e-01,-0.000000000000000000e+00,-0.000000000000000000e+00,-0.000000000000000000e+00,0.000000000000000000e+00,-3.933807958173030778e-02,-0.000000000000000000e+00,-0.000000000000000000e+00,-8.052412107088659232e-02,-0.000000000000000000e+00,-5.793689903654868772e-02,-0.000000000000000000e+00,-0.000000000000000000e+00,0.000000000000000000e+00,-9.328284140241320521e-02,-0.000000000000000000e+00,-0.000000000000000000e+00,-0.000000000000000000e+00,-0.000000000000000000e+00,0.000000000000000000e+00,-2.397246261051241834e-02,-0.000000000000000000e+00,-1.084043854557217856e-01,-0.000000000000000000e+00,-0.000000000000000000e+00
0.000000000000000000e+00,-0.000000000000000000e+00,3.611213347294738307e-01,0.000000000000000000e+00,3.942707526888986624e-01,-1.269239110617806643e-01,-0.000000000000000000e+00,1.674312363345084931e+00,0.000000000000000000e+00,-0.000000000000000000e+00,-0.000000000000000000e+00,0.000000000000000000e+00,-0.000000000000000000e+00,0.000000000000000000e+00,0.000000000000000000e+00,0.000000000000000000e+00,-3.373427960515243754e-03,9.716881390839506027e-02,0.000000000000000000e+00,0.000000000000000000e+00,3.596869433540113570e-01,0.000000000000000000e+00,-0.000000000000000000e+00,-0.000000000000000000e+00,-0.000000000000000000e+00,0.000000000000000000e+00,0.000000000000000000e+00,0.000000000000000000e+00,-0.000000000000000000e+00,-0.000000000000000000e+00,0.000000000000000000e+00,-0.000000000000000000e+00,-0.000000000000000000e+00,2.855685356766404781e-01,-0.000000000000000000e+00,-0.000000000000000000e+00,-0.000000000000000000e+00,0.000000000000000000e+00,0.000000000000000000e+00
-2.315683226515690141e-01,-7.482189892714216639e-02,-1.819708015513708255e-01,-0.000000000000000000e+00,-7.343824146257016405e-02,-0.000000000000000000e+00,-6.712625204165600934e-02,0.000000000000000000e+00,2.294629661387816988e+00,-3.025271117955810607e-01,-0.000000000000000000e+00,-0.000000000000000000e+00,-0.000000000000000000e+00,-2.060929001738115995e-01,0.000000000000000000e+00,-1.991465777732125408e-01,-0.000000000000000000e+00,-1.028372611614079557e-01,-0.000000000000000000e+00,-1.733969994388389613e-01,-3.444484723270344745e-02,-1.169740742942148790e-02,-1.555032721246105316e-02,-0.000000000000000000e+00,-6.795137526322030108e-02,-0.000000000000000000e+00,-9.633125561337280152e-02,-2.282991226543530650e-01,-0.000000000000000000e+00,-1.511299272239584046e-01,-1.052608586140440644e-01,-0.000000000000000000e+00,-0.000000000000000000e+00,-0.000000000000000000e+00,-0.000000000000000000e+00,-0.000000000000000000e+00,-0.000000000000000000e+00,-2.098107593110588309e-01,-4.174610815703123229e-02
-1.042291672591010576e-01,-7.940832437725826864e-02,-0.000000000000000000e+00,-2.312538070276186700e-02,-0.000000000000000000e+00,-0.000000000000000000e+00,-1.691718230530153133e-01,-0.000000000000000000e+00,-3.025271117955810607e-01,2.496539064985169976e+00,-0.000000000000000000e+00,-0.000000000000000000e+00,-0.000000000000000000e+00,-2.430944212917608149e-01,0.000000000000000000e+00,-6.868324415338411537e-01,-0.000000000000000000e+00,-0.000000000000000000e+00,0.000000000000000000e+00,-0.000000000000000000e+00,-0.000000000000000000e+00,-1.419385916063298572e-03,-0.000000000000000000e+00,-5.426674650018597362e-02,-1.981885372851764360e-01,-0.000000000000000000e+00,-1.925252444961161047e-01,-0.000000000000000000e+00,-7.542203959276370939e-02,-9.318870388562251750e-02,-1.157322183108333707e-01,-0.000000000000000000e+00,-7.755191134907739314e-02,0.000000000000000000e+00,-0.000000000000000000e+00,-1.021693273427196486e-01,-7.052737735912625872e-02,-0.000000000000000000e+00,-7.748068428681008368e-02
-0.000000000000000000e+00,-0.000000000000000000e+00,-0.000000000000000000e+00,0.000000000000000000e+00,-0.000000000000000000e+00,-4.967946414554171297e-01,-0.000000000000000000e+00,-0.000000000000000000e+00,-0.000000000000000000e+00,-0.000000000000000000e+00,2.511502946716311691e+00,0.000000000000000000e+00,-1.454660295988823571e-01,-0.000000000000000000e+00,1.456130885708817047e-01,-0.000000000000000000e+00,-5.377833602787829292e-01,-0.000000000000000000e+00,2.963738898660415316e-02,-0.000000000000000000e+00,-0.000000000000000000e+00,-0.000000000000000000e+00,-0.000000000000000000e+00,-0.000000000000000000e+00,-3.005110258706693016e-01,-0.000000000000000000e+00,-0.000000000000000000e+00,0.000000000000000000e+00,-9.680036914192875763e-02,-0.000000000000000000e+00,-0.000000000000000000e+00,-1.102541523216858388e-01,-4.368854170199644171e-01,0.000000000000000000e+00,-2.091848412700388071e-01,0.000000000000000000e+00,-1.703197248727273683e-01,-0.000000000000000000e+00,-0.000000000000000000e+00
-7.884168387668603895e-02,-0.000000000000000000e+00,-0.000000000000000000e+00,-0.000000000000000000e+00,-5.826936351872950837e-02,5.594274417462681386e-03,0.000000000000000000e+00,0.000000000000000000e+00,-0.000000000000000000e+00,-0.000000000000000000e+00,0.000000000000000000e+00,1.501558956848220605e+00,-0.000000000000000000e+00,-0.000000000000000000e+00,-2.850940798240423901e-01,-0.000000000000000000e+00,0.000000000000000000e+00,-2.203872119698909726e-01,-0.000000000000000000e+00,-0.000000000000000000e+00,-2.593936804315670128e-02,-1.243715480442434823e-01,-0.000000000000000000e+00,-0.000000000000000000e+00,-0.000000000000000000e+00,-6.941072300154897678e-02,-1.350774009354230587e-01,-6.756656968766279470e-02,-0.000000000000000000e+00,0.000000000000000000e+00,-0.000000000000000000e+00,0.000000000000000000e+00,-0.000000000000000000e+00,-8.240379319350514542e-02,0.000000000000000000e+00,-0.000000000000000000e+00,-0.000000000000000000e+00,-1.322208423892589635e-01,-1.990084378188576308e-01
-0.000000000000000000e+00,-0.000000000000000000e+00,-0.000000000000000000e+00,-0.000000000000000000e+00,-0.000000000000000000e+00,-0.000000000000000000e+00,-0.000000000000000000e+00,-0.000000000000000000e+00,-0.000000000000000000e+00,-0.000000000000000000e+00,-1.454660295988823571e-01,-0.000000000000000000e+00,1.603477000391988483e+00,-5.330791518585730436e-03,0.000000000000000000e+00,-0.000000000000000000e+00,-0.000000000000000000e+00,-0.000000000000000000e+00,2.072896199571122311e-01,-0.000000000000000000e+00,-5.950365256982532471e-03,-0.000000000000000000e+00,-0.000000000000000000e+00,-0.000000000000000000e+00,-0.000000000000000000e+00,-0.000000000000000000e+00,-4.818285210933173635e-02,-0.000000000000000000e+00,-1.558143346172952137e-01,0.000000000000000000e+00,-0.000000000000000000e+00,-0.000000000000000000e+00,-2.554763515518237993e-01,8.578494291878322603e-03,-0.000000000000000000e+00,0.000000000000000000e+00,-2.900709523587609029e-01,-0.000000000000000000e+00,-2.535574276639835367e-01
-7.995068259578023973e-02,-1.664917258812609602e-01,-0.000000000000000000e+00,-0.000000000000000000e+00,-0.000000000000000000e+00,-0.000000000000000000e+00,-0.000000000000000000e+00,0.000000000000000000e+00,-2.060929001738115995e-01,-2.430944212917608149e-01,-0.000000000000000000e+00,-0.000000000000000000e+00,-5.330791518585730436e-03,2.387545204488401129e+00,0.000000000000000000e+00,-2.392274784634052243e-01,-0.000000000000000000e+00,-0.000000000000000000e+00,0.000000000000000000e+00,-8.241278468221421155e-03,-0.000000000000000000e+00,-0.000000000000000000e+00,-0.000000000000000000e+00,-9.585555692621758328e-02,-2.044562098132217121e-01,-4.265189229559908368e-02,-2.590463532977741457e-01,-0.000000000000000000e+00,-2.919799219742720831e-01,-0.000000000000000000e+00,-3.698612941348686928e-02,-0.000000000000000000e+00,-1.403432550643723686e-01,-0.000000000000000000e+00,-0.000000000000000000e+00,-0.000000000000000000e+00,-1.898775845132132656e-01,-8.783446578577049080e-02,-1.437750271665869384e-01
-0.000000000000000000e+00,-0.000000000000000000e+00,0.000000000000000000e+00,1.095627242002158164e-01,-0.000000000000000000e+00,1.383466020930560203e-01,2.921436385211962361e-01,0.000000000000000000e+00,0.000000000000000000e+00,0.000000000000000000e+00,1.456130885708817047e-01,-2.850940798240423901e-01,0.000000000000000000e+00,0.000000000000000000e+00,1.327605671956128885e+00,0.000000000000000000e+00,0.000000000000000000e+00,-0.000000000000000000e+00,-0.000000000000000000e+00,0.000000000000000000e+00,-0.000000000000000000e+00,0.000000000000000000e+00,0.000000000000000000e+00,0.000000000000000000e+00,0.000000000000000000e+00,-0.000000000000000000e+00,0.000000000000000000e+00,-1.270826797077501680e-01,0.000000000000000000e+00,0.000000000000000000e+00,0.000000000000000000e+00,0.000000000000000000e+00,0.000000000000000000e+00,-2.928567449151548430e-01,0.000000000000000000e+00,0.000000000000000000e+00,0.000000000000000000e+00,-0.000000000000000000e+00,0.000000000000000000e+00
-3.210565536282424248e-01,-1.334479139527720848e-01,-7.740737196395006126e-02,-5.359251062125381521e-02,-1.675912276035108547e-02,0.000000000000000000e+00,-0.000000000000000000e+00,0.000000000000000000e+00,-1.991465777732125408e-01,-6.868324415338411537e-01,-0.000000000000000000e+00,-0.000000000000000000e+00,-0.000000000000000000e+00,-2.392274784634052243e-01,0.000000000000000000e+00,2.426341690860556177e+00,-0.000000000000000000e+00,-0.000000000000000000e+00,0.000000000000000000e+00,-0.000000000000000000e+00,-0.000000000000000000e+00,-4.403925603530257915e-02,-1.006538068154216176e-01,-5.461352108475812234e-02,-5.740362755431260150e-02,-5.007879817358500130e-02,-0.000000000000000000e+00,-0.000000000000000000e+00,-0.000000000000000000e+00,-1.694943738910344166e-01,-0.000000000000000000e+00,-0.000000000000000000e+00,-0.000000000000000000e+00,-0.000000000000000000e+00,-0.000000000000000000e+00,-3.366638632561959610e-01,-0.000000000000000000e+00,-6.794306088180042391e-02,-0.000000000000000000e+00
-0.000000000000000000e+00,-0.000000000000000000e+00,-0.000000000000000000e+00,0.000000000000000000e+00,0.000000000000000000e+00,-6.278915413164321002e-01,-0.000000000000000000e+00,-3.373427960515243754e-03,-0.000000000000000000e+00,-0.000000000000000000e+00,-5.377833602787829292e-01,0.000000000000000000e+00,-0.000000000000000000e+00,-0.000000000000000000e+00,0.000000000000000000e+00,-0.000000000000000000e+00,2.339538713380384216e+00,0.000000000000000000e+00,0.000000000000000000e+00,-0.000000000000000000e+00,-0.000000000000000000e+00,-0.000000000000000000e+00,-1.162335908712685273e-01,-6.143352519426206054e-02,-1.001819945631998547e-02,-0.000000000000000000e+00,-0.000000000000000000e+00,0.000000000000000000e+00,-1.362849997854112712e-02,-0.000000000000000000e+00,-0.000000000000000000e+00,-5.053629558109222764e-01,-1.793409224964432336e-01,6.396274386136430179e-02,-1.987023133041209422e-01,0.000000000000000000e+00,-0.000000000000000000e+00,-0.000000000000000000e+00,-0.000000000000000000e+00
-0.000000000000000000e+00,-0.000000000000000000e+00,-2.142836165979784546e-01,-0.000000000000000000e+00,-1.907266558358613473e-01,0.000000000000000000e+00,-0.000000000000000000e+00,9.716881390839506027e-02,-1.028372611614079557e-01,-0.000000000000000000e+00,-0.000000000000000000e+00,-2.203872119698909726e-01,-0.000000000000000000e+00,-0.000000000000000000e+00,-0.000000000000000000e+00,-0.000000000000000000e+00,0.000000000000000000e+00,1.487903293048661091e+00,-5.667532581995513019e-02,-8.323735172378745467e-03,-0.000000000000000000e+00,-0.000000000000000000e+00,-0.000000000000000000e+00,0.000000000000000000e+00,-0.000000000000000000e+00,-0.000000000000000000e+00,-0.000000000000000000e+00,-1.022082523759047651e-01,-0.000000000000000000e+00,-0.000000000000000000e+00,-2.796105148255667583e-01,0.000000000000000000e+00,-0.000000000000000000e+00,-5.566665260494790823e-02,-0.000000000000000000e+00,-0.000000000000000000e+00,-0.000000000000000000e+00,-1.190634831544492775e-02,-0.000000000000000000e+00
0.000000000000000000e+00,0.000000000000000000e+00,-3.136972056887070491e-04,-0.000000000000000000e+00,-0.000000000000000000e+00,0.000000000000000000e+00,0.000000000000000000e+00,0.000000000000000000e+00,-0.000000000000000000e+00,0.000000000000000000e+00,2.963738898660415316e-02,-0.000000000000000000e+00,2.072896199571122311e-01,0.000000000000000000e+00,-0.000000000000000000e+00,0.000000000000000000e+00,0.000000000000000000e+00,-5.667532581995513019e-02,1.191760490593651634e+00,0.000000000000000000e+00,0.000000000000000000e+00,0.000000000000000000e+00,-0.000000000000000000e+00,0.000000000000000000e+00,0.000000000000000000e+00,-0.000000000000000000e+00,0.000000000000000000e+00,-0.000000000000000000e+00,0.000000000000000000e+00,-0.000000000000000000e+00,-0.000000000000000000e+00,0.000000000000000000e+00,0.000000000000000000e+00,-3.815415155870244823e-01,0.000000000000000000e+00,-0.000000000000000000e+00,0.000000000000000000e+00,0.000000000000000000e+00,8.044460601687039580e-02
-0.000000000000000000e+00,-0.000000000000000000e+00,-1.399117374074043130e-01,-0.000000000000000000e+00,-6.339820687452649844e-03,-0.000000000000000000e+00,-3.933807958173030778e-02,0.000000000000000000e+00,-1.733969994388389613e-01,-0.000000000000000000e+00,-0.000000000000000000e+00,-0.000000000000000000e+00,-0.000000000000000000e+00,-8.241278468221421155e-03,0.000000000000000000e+00,-0.000000000000000000e+00,-0.000000000000000000e+00,-8.323735172378745467e-03,0.000000000000000000e+00,1.384784076449314005e+00,-6.400251999682193826e-02,-2.951438394523889230e-01,-0.000000000000000000e+00,-0.000000000000000000e+00,-1.978836026018389663e-02,-0.000000000000000000e+00,-4.145783620217866755e-02,-0.000000000000000000e+00,-9.323384509600342318e-02,-0.000000000000000000e+00,-0.000000000000000000e+00,-0.000000000000000000e+00,-0.000000000000000000e+00,-0.000000000000000000e+00,-4.865271866493626335e-02,-0.000000000000000000e+00,-7.215867595133616808e-02,-3.176351469692201973e-02,-8.347700955055366171e-04
-0.000000000000000000e+00,-0.000000000000000000e+00,-7.176380558488706929e-02,-0.000000000000000000e+00,-6.689958997054271106e-02,0.000000000000000000e+00,-0.000000000000000000e+00,3.596869433540113570e-01,-3.444484723270344745e-02,-0.000000000000000000e+00,-0.000000000000000000e+00,-2.593936804315670128e-02,-5.950365256982532471e-03,-0.000000000000000000e+00,-0.000000000000000000e+00,-0.000000000000000000e+00,-0.000000000000000000e+00,-0.000000000000000000e+00,0.000000000000000000e+00,-6.400251999682193826e-02,1.806272404069227289e+00,-4.097064279433459411e-01,-0.000000000000000000e+00,0.000000000000000000e+00,-0.000000000000000000e+00,-0.000000000000000000e+00,-2.275249927246899562e-01,-4.840034065048626211e-01,-0.000000000000000000e+00,-0.000000000000000000e+00,-0.000000000000000000e+00,-0.000000000000000000e+00,-0.000000000000000000e+00,-0.000000000000000000e+00,-0.000000000000000000e+00,0.000000000000000000e+00,-0.000000000000000000e+00,-0.000000000000000000e+00,-0.000000000000000000e+00
-0.000000000000000000e+00,-0.000000000000000000e+00,-1.362360439707686055e-01,-0.000000000000000000e+00,-0.000000000000000000e+00,-0.000000000000000000e+00,-0.000000000000000000e+00,0.000000000000000000e+00,-1.169740742942148790e-02,-1.419385916063298572e-03,-0.000000000000000000e+00,-1.243715480442434823e-01,-0.000000000000000000e+00,-0.000000000000000000e+00,0.000000000000000000e+00,-4.403925603530257915e-02,-0.000000000000000000e+00,-0.000000000000000000e+00,0.000000000000000000e+00,-2.951438394523889230e-01,-4.097064279433459411e-01,1.715492268999302850e+00,-0.000000000000000000e+00,-0.000000000000000000e+00,-0.000000000000000000e+00,-0.000000000000000000e+00,-3.081930658999448847e-01,-0.000000000000000000e+00,-0.000000000000000000e+00,-0.000000000000000000e+00,-0.000000000000000000e+00,-0.000000000000000000e+00,-0.000000000000000000e+00,-0.000000000000000000e+00,-0.000000000000000000e+00,-0.000000000000000000e+00,-0.000000000000000000e+00,-0.000000000000000000e+00,-2.248281513109322838e-01
-7.639642261572480997e-02,-0.000000000000000000e+00,-0.000000000000000000e+00,-0.000000000000000000e+00,-0.000000000000000000e+00,-5.802670993896610896e-02,-8.052412107088659232e-02,-0.000000000000000000e+00,-1.555032721246105316e-02,-0.000000000000000000e+00,-0.000000000000000000e+00,-0.000000000000000000e+00,-0.000000000000000000e+00,-0.000000000000000000e+00,0.000000000000000000e+00,-1.006538068154216176e-01,-1.162335908712685273e-01,-0.000000000000000000e+00,-0.000000000000000000e+00,-0.000000000000000000e+00,-0.000000000000000000e+00,-0.000000000000000000e+00,1.799155205043557748e+00,-2.585595217044147076e-01,-6.797148349298119951e-01,-0.000000000000000000e+00,-0.000000000000000000e+00,-0.000000000000000000e+00,-7.206170669649265836e-02,-1.703980935302612798e-01,-0.000000000000000000e+00,-0.000000000000000000e+00,-0.000000000000000000e+00,-0.000000000000000000e+00,-0.000000000000000000e+00,-0.000000000000000000e+00,-0.000000000000000000e+00,-0.000000000000000000e+00,-0.000000000000000000e+00
-0.000000000000000000e+00,-0.000000000000000000e+00,-0.000000000000000000e+00,-0.000000000000000000e+00,-0.000000000000000000e+00,-0.000000000000000000e+00,-0.000000000000000000e+00,-0.000000000000000000e+00,-0.000000000000000000e+00,-5.426674650018597362e-02,-0.000000000000000000e+00,-0.000000000000000000e+00,-0.000000000000000000e+00,-9.585555692621758328e-02,0.000000000000000000e+00,-5.461352108475812234e-02,-6.143352519426206054e-02,0.000000000000000000e+00,0.000000000000000000e+00,-0.000000000000000000e+00,0.000000000000000000e+00,-0.000000000000000000e+00,-2.585595217044147076e-01,1.528958225915260316e+00,-0.000000000000000000e+00,-0.000000000000000000e+00,-0.000000000000000000e+00,0.000000000000000000e+00,-0.000000000000000000e+00,-2.312359375263237926e-01,-0.000000000000000000e+00,-0.000000000000000000e+00,-1.949449808254523075e-01,0.000000000000000000e+00,-0.000000000000000000e+00,-3.297789188244825143e-01,-0.000000000000000000e+00,-0.000000000000000000e+00,-0.000000000000000000e+00
-0.000000000000000000e+00,-0.000000000000000000e+00,-0.000000000000000000e+00,-0.000000000000000000e+00,-0.000000000000000000e+00,-0.000000000000000000e+00,-5.793689903654868772e-02,-0.000000000000000000e+00,-6.795137526322030108e-02,-1.981885372851764360e-01,-3.005110258706693016e-01,-0.000000000000000000e+00,-0.000000000000000000e+00,-2.044562098132217121e-01,0.000000000000000000e+00,-5.740362755431260150e-02,-1.001819945631998547e-02,-0.000000000000000000e+00,0.000000000000000000e+00,-1.978836026018389663e-02,-0.000000000000000000e+00,-0.000000000000000000e+00,-6.797148349298119951e-01,-0.000000000000000000e+00,2.425334130395432553e+00,-0.000000000000000000e+00,-0.000000000000000000e+00,-0.000000000000000000e+00,-1.319322281504864414e-01,-0.000000000000000000e+00,-2.301745019604041209e-01,-0.000000000000000000e+00,-1.751824959695599260e-01,0.000000000000000000e+00,-7.764192167489177010e-02,-0.000000000000000000e+00,-1.725896419665729764e-01,-1.417810160977242828e-01,-5.689965014314850994e-02
-1.963805055667874888e-01,-2.710389445468922576e-01,-0.000000000000000000e+00,0.000000000000000000e+00,-2.942635409974168545e-02,0.000000000000000000e+00,-0.000000000000000000e+00,0.000000000000000000e+00,-0.000000000000000000e+00,-0.000000000000000000e+00,-0.000000000000000000e+00,-6.941072300154897678e-02,-0.000000000000000000e+00,-4.265189229559908368e-02,-0.000000000000000000e+00,-5.007879817358500130e-02,-0.000000000000000000e+00,-0.000000000000000000e+00,-0.000000000000000000e+00,-0.000000000000000000e+00,-0.000000000000000000e+00,-0.000000000000000000e+00,-0.000000000000000000e+00,-0.000000000000000000e+00,-0.000000000000000000e+00,1.888990627058128480e+00,-4.934884328777610490e-02,-5.336128729479553412e-01,-0.000000000000000000e+00,-0.000000000000000000e+00,-8.071269363588352841e-02,-0.000000000000000000e+00,-0.000000000000000000e+00,-0.000000000000000000e+00,-0.000000000000000000e+00,-0.000000000000000000e+00,-0.000000000000000000e+00,-4.390334597971223274e-01,-0.000000000000000000e+00
-0.000000000000000000e+00,-0.000000000000000000e+00,-0.000000000000000000e+00,-0.000000000000000000e+00,-0.000000000000000000e+00,-0.000000000000000000e+00,-0.000000000000000000e+00,0.000000000000000000e+00,-9.633125561337280152e-02,-1.925252444961161047e-01,-0.000000000000000000e+00,-1.350774009354230587e-01,-4.818285210933173635e-02,-2.590463532977741457e-01,0.000000000000000000e+00,-0.000000000000000000e+00,-0.000000000000000000e+00,-0.000000000000000000e+00,0.000000000000000000e+00,-4.145783620217866755e-02,-2.275249927246899562e-01,-3.081930658999448847e-01,-0.000000000000000000e+00,-0.000000000000000000e+00,-0.000000000000000000e+00,-4.934884328777610490e-02,2.591067685864331338e+00,-0.000000000000000000e+00,-4.140109421494594932e-02,-0.000000000000000000e+00,-3.996654969796005208e-01,-0.000000000000000000e+00,-1.696713344556327885e-01,-0.000000000000000000e+00,-0.000000000000000000e+00,-0.000000000000000000e+00,-2.266707794843620671e-01,-2.303599224263065404e-01,-4.584906894519834575e-01
-0.000000000000000000e+00,-0.000000000000000000e+00,-0.000000000000000000e+00,0.000000000000000000e+00,-0.000000000000000000e+00,0.000000000000000000e+00,0.000000000000000000e+00,0.000000000000000000e+00,-2.282991226543530650e-01,-0.000000000000000000e+00,0.000000000000000000e+00,-6.756656968766279470e-02,-0.000000000000000000e+00,-0.000000000000000000e+00,-1.270826797077501680e-01,-0.000000000000000000e+00,0.000000000000000000e+00,-1.022082523759047651e-01,-0.000000000000000000e+00,-0.000000000000000000e+00,-4.840034065048626211e-01,-0.000000000000000000e+00,-0.000000000000000000e+00,0.000000000000000000e+00,-0.000000000000000000e+00,-5.336128729479553412e-01,-0.000000000000000000e+00,1.707079904005441851e+00,-0.000000000000000000e+00,-0.000000000000000000e+00,-2.992365939871873340e-02,-0.000000000000000000e+00,-0.000000000000000000e+00,-1.219867017267855722e-02,-0.000000000000000000e+00,-0.000000000000000000e+00,-0.000000000000000000e+00,-0.000000000000000000e+00,-0.000000000000000000e+00
-6.032785267466055784e-02,-2.201871277965407603e-01,-0.000000000000000000e+00,-0.000000000000000000e+00,-0.000000000000000000e+00,-0.000000000000000000e+00,-9.328284140241320521e-02,-0.000000000000000000e+00,-0.000000000000000000e+00,-7.542203959276370939e-02,-9.680036914192875763e-02,-0.000000000000000000e+00,-1.558143346172952137e-01,-2.919799219742720831e-01,0.000000000000000000e+00,-0.000000000000000000e+00,-1.362849997854112712e-02,-0.000000000000000000e+00,0.000000000000000000e+00,-9.323384509600342318e-02,-0.000000000000000000e+00,-0.000000000000000000e+00,-7.206170669649265836e-02,-0.000000000000000000e+00,-1.319322281504864414e-01,-0.000000000000000000e+00,-4.140109421494594932e-02,-0.000000000000000000e+00,2.527599395330183185e+00,-0.000000000000000000e+00,-0.000000000000000000e+00,-3.393773428686441829e-01,-1.271184432173786405e-01,0.000000000000000000e+00,-4.204962926952678925e-01,-0.000000000000000000e+00,-4.620725667113953494e-01,-2.396086640383762387e-02,-0.000000000000000000e+00
-0.000000000000000000e+00,-2.045857947218486239e-01,-9.079501914858549572e-02,-0.000000000000000000e+00,-0.000000000000000000e+00,-0.000000000000000000e+00,-0.000000000000000000e+00,-0.000000000000000000e+00,-1.511299272239584046e-01,-9.318870388562251750e-02,-0.000000000000000000e+00,0.000000000000000000e+00,0.000000000000000000e+00,-0.000000000000000000e+00,0.000000000000000000e+00,-1.694943738910344166e-01,-0.000000000000000000e+00,-0.000000000000000000e+00,-0.000000000000000000e+00,-0.000000000000000000e+00,-0.000000000000000000e+00,-0.000000000000000000e+00,-1.703980935302612798e-01,-2.312359375263237926e-01,-0.000000000000000000e+00,-0.000000000000000000e+00,-0.000000000000000000e+00,-0.000000000000000000e+00,-0.000000000000000000e+00,1.563770306802044985e+00,-0.000000000000000000e+00,-4.311995210680684421e-02,-0.000000000000000000e+00,-0.000000000000000000e+00,-0.000000000000000000e+00,-2.012849577954376190e-01,-0.000000000000000000e+00,-0.000000000000000000e+00,-0.000000000000000000e+00
-0.000000000000000000e+00,-0.000000000000000000e+00,-3.766867561851352381e-02,-0.000000000000000000e+00,-0.000000000000000000e+00,-0.000000000000000000e+00,-0.000000000000000000e+00,0.000000000000000000e+00,-1.052608586140440644e-01,-1.157322183108333707e-01,-0.000000000000000000e+00,-0.000000000000000000e+00,-0.000000000000000000e+00,-3.698612941348686928e-02,0.000000000000000000e+00,-0.000000000000000000e+00,-0.000000000000000000e+00,-2.796105148255667583e-01,-0.000000000000000000e+00,-0.000000000000000000e+00,-0.000000000000000000e+00,-0.000000000000000000e+00,-0.000000000000000000e+00,-0.000000000000000000e+00,-2.301745019604041209e-01,-8.071269363588352841e-02,-3.996654969796005208e-01,-2.992365939871873340e-02,-0.000000000000000000e+00,-0.000000000000000000e+00,1.681203278412729762e+00,-3.516681649298834117e-02,-9.595737039905448407e-02,-0.000000000000000000e+00,-0.000000000000000000e+00,-0.000000000000000000e+00,-0.000000000000000000e+00,-3.675027229000779605e-02,-0.000000000000000000e+00
-0.000000000000000000e+00,-5.080762020736506041e-02,-0.000000000000000000e+00,0.000000000000000000e+00,-0.000000000000000000e+00,-2.900509127519261265e-01,-0.000000000000000000e+00,-0.000000000000000000e+00,-0.000000000000000000e+00,-0.000000000000000000e+00,-1.102541523216858388e-01,0.000000000000000000e+00,-0.000000000000000000e+00,-0.000000000000000000e+00,0.000000000000000000e+00,-0.000000000000000000e+00,-5.053629558109222764e-01,0.000000000000000000e+00,0.000000000000000000e+00,-0.000000000000000000e+00,-0.000000000000000000e+00,-0.000000000000000000e+00,-0.000000000000000000e+00,-0.000000000000000000e+00,-0.000000000000000000e+00,-0.000000000000000000e+00,-0.000000000000000000e+00,-0.000000000000000000e+00,-3.393773428686441829e-01,-4.311995210680684421e-02,-3.516681649298834117e-02,2.013011350711648273e+00,-4.032519631438884894e-02,0.000000000000000000e+00,-2.364061891168551810e-01,0.000000000000000000e+00,-1.874690955073409770e-01,-0.000000000000000000e+00,-0.000000000000000000e+00
-0.000000000000000000e+00,-0.000000000000000000e+00,-0.000000000000000000e+00,-0.000000000000000000e+00,-0.000000000000000000e+00,-0.000000000000000000e+00,-0.000000000000000000e+00,-0.000000000000000000e+00,-0.000000000000000000e+00,-7.755191134907739314e-02,-4.368854170199644171e-01,-0.000000000000000000e+00,-2.554763515518237993e-01,-1.403432550643723686e-01,0.000000000000000000e+00,-0.000000000000000000e+00,-1.793409224964432336e-01,-0.000000000000000000e+00,0.000000000000000000e+00,-0.000000000000000000e+00,-0.000000000000000000e+00,-0.000000000000000000e+00,-0.000000000000000000e+00,-1.949449808254523075e-01,-1.751824959695599260e-01,-0.000000000000000000e+00,-1.696713344556327885e-01,-0.000000000000000000e+00,-1.271184432173786405e-01,-0.000000000000000000e+00,-9.595737039905448407e-02,-4.032519631438884894e-02,2.169928199371380817e+00,0.000000000000000000e+00,-4.286899824134639270e-02,-0.000000000000000000e+00,-2.580137949400226338e-01,-0.000000000000000000e+00,-0.000000000000000000e+00
-0.000000000000000000e+00,-0.000000000000000000e+00,-0.000000000000000000e+00,-0.000000000000000000e+00,-2.305424601478008872e-01,7.159870396958684102e-02,0.000000000000000000e+00,2.855685356766404781e-01,-0.000000000000000000e+00,0.000000000000000000e+00,0.000000000000000000e+00,-8.240379319350514542e-02,8.578494291878322603e-03,-0.000000000000000000e+00,-2.928567449151548430e-01,-0.000000000000000000e+00,6.396274386136430179e-02,-5.566665260494790823e-02,-3.815415155870244823e-01,-0.000000000000000000e+00,-0.000000000000000000e+00,-0.000000000000000000e+00,-0.000000000000000000e+00,0.000000000000000000e+00,0.000000000000000000e+00,-0.000000000000000000e+00,-0.000000000000000000e+00,-1.219867017267855722e-02,0.000000000000000000e+00,-0.000000000000000000e+00,-0.000000000000000000e+00,0.000000000000000000e+00,0.000000000000000000e+00,1.444520578803944355e+00,0.000000000000000000e+00,0.000000000000000000e+00,0.000000000000000000e+00,-0.000000000000000000e+00,-0.000000000000000000e+00
-0.000000000000000000e+00,-0.000000000000000000e+00,-0.000000000000000000e+00,-0.000000000000000000e+00,-0.000000000000000000e+00,-2.346343089565466056e-01,-2.397246261051241834e-02,-0.000000000000000000e+00,-0.000000000000000000e+00,-0.000000000000000000e+00,-2.091848412700388071e-01,0.000000000000000000e+00,-0.000000000000000000e+00,-0.000000000000000000e+00,0.000000000000000000e+00,-0.000000000000000000e+00,-1.987023133041209422e-01,-0.000000000000000000e+00,0.000000000000000000e+00,-4.865271866493626335e-02,-0.000000000000000000e+00,-0.000000000000000000e+00,-0.000000000000000000e+00,-0.000000000000000000e+00,-7.764192167489177010e-02,-0.000000000000000000e+00,-0.000000000000000000e+00,-0.000000000000000000e+00,-4.204962926952678925e-01,-0.000000000000000000e+00,-0.000000000000000000e+00,-2.364061891168551810e-01,-4.286899824134639270e-02,0.000000000000000000e+00,2.107535827796204408e+00,0.000000000000000000e+00,-4.679391308520867154e-01,-0.000000000000000000e+00,-0.000000000000000000e+00
-0.000000000000000000e+00,-0.000000000000000000e+00,-0.000000000000000000e+00,-8.348503447576387584e-03,-0.000000000000000000e+00,0.000000000000000000e+00,-0.000000000000000000e+00,-0.000000000000000000e+00,-0.000000000000000000e+00,-1.021693273427196486e-01,0.000000000000000000e+00,-0.000000000000000000e+00,0.000000000000000000e+00,-0.000000000000000000e+00,0.000000000000000000e+00,-3.366638632561959610e-01,0.000000000000000000e+00,-0.000000000000000000e+00,-0.000000000000000000e+00,-0.000000000000000000e+00,0.000000000000000000e+00,-0.000000000000000000e+00,-0.000000000000000000e+00,-3.297789188244825143e-01,-0.000000000000000000e+00,-0.000000000000000000e+00,-0.000000000000000000e+00,-0.000000000000000000e+00,-0.000000000000000000e+00,-2.012849577954376190e-01,-0.000000000000000000e+00,0.000000000000000000e+00,-0.000000000000000000e+00,0.000000000000000000e+00,0.000000000000000000e+00,1.411164155139404297e+00,-0.000000000000000000e+00,-0.000000000000000000e+00,-0.000000000000000000e+00
-0.000000000000000000e+00,-1.041742643904948473e-02,-0.000000000000000000e+00,-0.000000000000000000e+00,-0.000000000000000000e+00,-0.000000000000000000e+00,-1.084043854557217856e-01,-0.000000000000000000e+00,-0.000000000000000000e+00,-7.052737735912625872e-02,-1.703197248727273683e-01,-0.000000000000000000e+00,-2.900709523587609029e-01,-1.898775845132132656e-01,0.000000000000000000e+00,-0.000000000000000000e+00,-0.000000000000000000e+00,-0.000000000000000000e+00,0.000000000000000000e+00,-7.215867595133616808e-02,-0.000000000000000000e+00,-0.000000000000000000e+00,-0.000000000000000000e+00,-0.000000000000000000e+00,-1.725896419665729764e-01,-0.000000000000000000e+00,-2.266707794843620671e-01,-0.000000000000000000e+00,-4.620725667113953494e-01,-0.000000000000000000e+00,-0.000000000000000000e+00,-1.874690955073409770e-01,-2.580137949400226338e-01,0.000000000000000000e+00,-4.679391308520867154e-01,-0.000000000000000000e+00,2.683323817745966622e+00,-5.150524526044612458e-03,-2.266087150050983268e-01
-1.066776158136564651e-01,-8.476741607987565985e-02,-0.000000000000000000e+00,-0.000000000000000000e+00,-0.000000000000000000e+00,-0.000000000000000000e+00,-0.000000000000000000e+00,0.000000000000000000e+00,-2.098107593110588309e-01,-0.000000000000000000e+00,-0.000000000000000000e+00,-1.322208423892589635e-01,-0.000000000000000000e+00,-8.783446578577049080e-02,-0.000000000000000000e+00,-6.794306088180042391e-02,-0.000000000000000000e+00,-1.190634831544492775e-02,0.000000000000000000e+00,-3.176351469692201973e-02,-0.000000000000000000e+00,-0.000000000000000000e+00,-0.000000000000000000e+00,-0.000000000000000000e+00,-1.417810160977242828e-01,-4.390334597971223274e-01,-2.303599224263065404e-01,-0.000000000000000000e+00,-2.396086640383762387e-02,-0.000000000000000000e+00,-3.675027229000779605e-02,-0.000000000000000000e+00,-0.000000000000000000e+00,-0.000000000000000000e+00,-0.000000000000000000e+00,-0.000000000000000000e+00,-5.150524526044612458e-03,2.171242608833333421e+00,-5.272183393519396244e-01
-2.046120778186735767e-01,-1.048247398971116767e-01,-0.000000000000000000e+00,-0.000000000000000000e+00,-0.000000000000000000e+00,-0.000000000000000000e+00,-0.000000000000000000e+00,0.000000000000000000e+00,-4.174610815703123229e-02,-7.748068428681008368e-02,-0.000000000000000000e+00,-1.990084378188576308e-01,-2.535574276639835367e-01,-1.437750271665869384e-01,0.000000000000000000e+00,-0.000000000000000000e+00,-0.000000000000000000e+00,-0.000000000000000000e+00,8.044460601687039580e-02,-8.347700955055366171e-04,-0.000000000000000000e+00,-2.248281513109322838e-01,-0.000000000000000000e+00,-0.000000000000000000e+00,-5.689965014314850994e-02,-0.000000000000000000e+00,-4.584906894519834575e-01,-0.000000000000000000e+00,-0.000000000000000000e+00,-0.000000000000000000e+00,-0.000000000000000000e+00,-0.000000000000000000e+00,-0.000000000000000000e+00,-0.000000000000000000e+00,-0.000000000000000000e+00,-0.000000000000000000e+00,-2.266087150050983268e-01,-5.272183393519396244e-01,2.413504156961860492e+00
