1.576100146034415284e+00,-1.361545781600717597e-01,-0.000000000000000000e+00,6.118802613473184326e-02,-0.000000000000000000e+00,0.000000000000000000e+00,0.000000000000000000e+00,0.000000000000000000e+00,-1.831747047436466103e-01,-0.000000000000000000e+00,3.570804488167230503e-03,0.000000000000000000e+00,0.000000000000000000e+00,7.299234516363119207e-02,-1.642907987724336327e-01,-2.229603087430283292e-01,0.000000000000000000e+00,0.000000000000000000e+00,-0.000000000000000000e+00,-0.000000000000000000e+00,-0.000000000000000000e+00,0.000000000000000000e+00,0.000000000000000000e+00,0.000000000000000000e+00,0.000000000000000000e+00,-3.446068427501833287e-01,-0.000000000000000000e+00,-1.106650609826463211e-01,-0.000000000000000000e+00,-0.000000000000000000e+00,0.000000000000000000e+00,0.000000000000000000e+00,0.000000000000000000e+00,-0.000000000000000000e+00,-1.763578085041818400e-01,-0.000000000000000000e+00,-0.000000000000000000e+00,-2.578422728519700891e-01,0.000000000000000000e+00
-1.361545781600717597e-01,1.747075977242230849e+00,-0.000000000000000000e+00,-0.000000000000000000e+00,-0.000000000000000000e+00,-0.000000000000000000e+00,-3.076808686621335664e-01,0.000000000000000000e+00,-0.000000000000000000e+00,-3.901977672801960201e-02,-0.000000000000000000e+00,0.000000000000000000e+00,-0.000000000000000000e+00,-0.000000000000000000e+00,-0.000000000000000000e+00,0.000000000000000000e+00,-6.323603518894070630e-02,-6.789600396161776796e-02,-1.050862728860244844e-01,-1.830915447804532525e-01,-0.000000000000000000e+00,-0.000000000000000000e+00,-0.000000000000000000e+00,-0.000000000000000000e+00,-0.000000000000000000e+00,-0.000000000000000000e+00,-0.000000000000000000e+00,-0.000000000000000000e+00,-0.000000000000000000e+00,-0.000000000000000000e+00,-0.000000000000000000e+00,-2.448893681725493876e-01,0.000000000000000000e+00,-0.000000000000000000e+00,-0.000000000000000000e+00,-1.421484274263053460e-01,-2.606737717830434065e-01,-2.936027182770460375e-01,-0.000000000000000000e+00
-0.000000000000000000e+00,-0.000000000000000000e+00,3.277330955260164380e+00,0.000000000000000000e+00,-4.830539456391335085e-01,-0.000000000000000000e+00,-0.000000000000000000e+00,1.232203969862505355e+00,-0.000000000000000000e+00,-0.000000000000000000e+00,-0.000000000000000000e+00,0.000000000000000000e+00,0.000000000000000000e+00,-0.000000000000000000e+00,0.000000000000000000e+00,-0.000000000000000000e+00,-0.000000000000000000e+00,-0.000000000000000000e+00,-0.000000000000000000e+00,-2.123627264703942252e-01,-4.078558344065603691e-01,-0.000000000000000000e+00,-1.107717683647086448e-01,-0.000000000000000000e+00,-1.457818820463446623e-02,-1.795228768352969961e-01,-2.858247457812495562e-01,-8.359700641636207130e-02,-0.000000000000000000e+00,0.000000000000000000e+00,-0.000000000000000000e+00,-8.124650036864865255e-02,-2.278766134774986296e-01,0.000000000000000000e+00,-0.000000000000000000e+00,-1.811012709530712972e-01,-0.000000000000000000e+00,-0.000000000000000000e+00,0.000000000000000000e+00
6.118802613473184326e-02,-0.000000000000000000e+00,0.000000000000000000e+00,1.978041279770702987e+00,0.000000000000000000e+00,-0.000000000000000000e+00,-0.000000000000000000e+00,-0.000000000000000000e+00,0.000000000000000000e+00,-0.000000000000000000e+00,-0.000000000000000000e+00,-0.000000000000000000e+00,-3.859704485258515505e-01,-0.000000000000000000e+00,0.000000000000000000e+00,1.115074899836947797e-01,-0.000000000000000000e+00,-1.291864029752200216e-01,0.000000000000000000e+00,-0.000000000000000000e+00,0.000000000000000000e+00,-0.000000000000000000e+00,-0.000000000000000000e+00,-0.000000000000000000e+00,0.000000000000000000e+00,0.000000000000000000e+00,0.000000000000000000e+00,9.450033314272858753e-01,0.000000000000000000e+00,-0.000000000000000000e+00,0.000000000000000000e+00,-0.000000000000000000e+00,0.000000000000000000e+00,-0.000000000000000000e+00,0.000000000000000000e+00,0.000000000000000000e+00,0.000000000000000000e+00,0.000000000000000000e+00,-4.195643033115060705e-01
-0.000000000000000000e+00,-0.000000000000000000e+00,-4.830539456391335085e-01,0.000000000000000000e+00,2.286778435549813082e+00,-0.000000000000000000e+00,-0.000000000000000000e+00,6.545772390940399754e-01,-4.299715594414192932e-01,-0.000000000000000000e+00,-0.000000000000000000e+00,0.000000000000000000e+00,0.000000000000000000e+00,-1.612657737888233411e-01,0.000000000000000000e+00,-0.000000000000000000e+00,-0.000000000000000000e+00,-0.000000000000000000e+00,-0.000000000000000000e+00,-0.000000000000000000e+00,-0.000000000000000000e+00,-0.000000000000000000e+00,-0.000000000000000000e+00,-0.000000000000000000e+00,-1.391627030563714063e-01,-0.000000000000000000e+00,-0.000000000000000000e+00,-0.000000000000000000e+00,-0.000000000000000000e+00,-0.000000000000000000e+00,-0.000000000000000000e+00,-0.000000000000000000e+00,-2.017390671903771804e-01,4.405897132461060114e-03,-0.000000000000000000e+00,-1.942538640290087104e-01,-0.000000000000000000e+00,-0.000000000000000000e+00,0.000000000000000000e+00
0.000000000000000000e+00,-0.000000000000000000e+00,-0.000000000000000000e+00,-0.000000000000000000e+00,-0.000000000000000000e+00,2.671604047655421699e+00,-0.000000000000000000e+00,0.000000000000000000e+00,0.000000000000000000e+00,0.000000000000000000e+00,-8.803136761185108572e-01,0.000000000000000000e+00,0.000000000000000000e+00,-5.142404754631733910e-02,8.925184320122940551e-02,1.171156458018262486e-01,-3.235423722272246505e-01,-0.000000000000000000e+00,-0.000000000000000000e+00,-0.000000000000000000e+00,-0.000000000000000000e+00,-2.089370321840788025e-01,-6.200149112838011511e-01,-0.000000000000000000e+00,-0.000000000000000000e+00,-0.000000000000000000e+00,-0.000000000000000000e+00,-0.000000000000000000e+00,-0.000000000000000000e+00,1.160625395253495895e-01,-3.737476076590205976e-01,-0.000000000000000000e+00,0.000000000000000000e+00,0.000000000000000000e+00,0.000000000000000000e+00,-0.000000000000000000e+00,-0.000000000000000000e+00,-0.000000000000000000e+00,-0.000000000000000000e+00
0.000000000000000000e+00,-3.076808686621335664e-01,-0.000000000000000000e+00,-0.000000000000000000e+00,-0.000000000000000000e+00,-0.000000000000000000e+00,1.592139286188447578e+00,0.000000000000000000e+00,0.000000000000000000e+00,0.000000000000000000e+00,-2.663221605143523130e-01,2.430682322274294385e-02,-9.522889853159523590e-03,-0.000000000000000000e+00,-0.000000000000000000e+00,6.005991559002401420e-02,-2.726453453549684269e-01,-0.000000000000000000e+00,-4.245393220437984790e-03,-6.718027755630785747e-02,0.000000000000000000e+00,-0.000000000000000000e+00,-1.130784562051361103e-01,-0.000000000000000000e+00,-0.000000000000000000e+00,-0.000000000000000000e+00,-0.000000000000000000e+00,0.000000000000000000e+00,0.000000000000000000e+00,-0.000000000000000000e+00,-0.000000000000000000e+00,-0.000000000000000000e+00,0.000000000000000000e+00,0.000000000000000000e+00,0.000000000000000000e+00,-0.000000000000000000e+00,-0.000000000000000000e+00,-8.912866791356971463e-02,-3.268440435143283307e-01
0.000000000000000000e+00,0.000000000000000000e+00,1.232203969862505355e+00,-0.000000000000000000e+00,6.545772390940399754e-01,0.000000000000000000e+00,0.000000000000000000e+00,3.200192356142557149e+00,0.000000000000000000e+00,0.000000000000000000e+00,0.000000000000000000e+00,-0.000000000000000000e+00,-0.000000000000000000e+00,0.000000000000000000e+00,-0.000000000000000000e+00,0.000000000000000000e+00,0.000000000000000000e+00,0.000000000000000000e+00,0.000000000000000000e+00,1.494546248801834065e-01,3.696065327904402564e-01,0.000000000000000000e+00,0.000000000000000000e+00,0.000000000000000000e+00,0.000000000000000000e+00,5.291598558973023558e-02,2.916378169391318775e-01,0.000000000000000000e+00,0.000000000000000000e+00,-0.000000000000000000e+00,0.000000000000000000e+00,7.033654413709800046e-02,2.015940174408926144e-01,-0.000000000000000000e+00,0.000000000000000000e+00,2.655389694859496275e-01,0.000000000000000000e+00,0.000000000000000000e+00,-0.000000000000000000e+00
-1.831747047436466103e-01,-0.000000000000000000e+00,-0.000000000000000000e+00,0.000000000000000000e+00,-4.299715594414192932e-01,0.000000000000000000e+00,0.000000000000000000e+00,0.000000000000000000e+00,2.182593198837762483e+00,-6.372668458491775878e-01,0.000000000000000000e+00,-0.000000000000000000e+00,0.000000000000000000e+00,-0.000000000000000000e+00,-0.000000000000000000e+00,-4.779304581120344397e-01,0.000000000000000000e+00,-0.000000000000000000e+00,-0.000000000000000000e+00,-0.000000000000000000e+00,-0.000000000000000000e+00,-0.000000000000000000e+00,0.000000000000000000e+00,-0.000000000000000000e+00,-0.000000000000000000e+00,-0.000000000000000000e+00,-0.000000000000000000e+00,-0.000000000000000000e+00,-0.000000000000000000e+00,-1.916161338229992461e-01,-0.000000000000000000e+00,-0.000000000000000000e+00,-4.946466519967739929e-03,-0.000000000000000000e+00,-2.779059091394066039e-01,-1.998124189336474288e-01,-0.000000000000000000e+00,-0.000000000000000000e+00,0.000000000000000000e+00
-0.000000000000000000e+00,-3.901977672801960201e-02,-0.000000000000000000e+00,-0.000000000000000000e+00,-0.000000000000000000e+00,0.000000000000000000e+00,0.000000000000000000e+00,0.000000000000000000e+00,-6.372668458491775878e-01,2.093232349848825447e+00,0.000000000000000000e+00,-5.532819976653718247e-02,0.000000000000000000e+00,-0.000000000000000000e+00,-7.057268033189952050e-02,-4.558359797595203378e-01,0.000000000000000000e+00,-0.000000000000000000e+00,-0.000000000000000000e+00,0.000000000000000000e+00,0.000000000000000000e+00,0.000000000000000000e+00,0.000000000000000000e+00,-1.637294925333663553e-01,-0.000000000000000000e+00,-0.000000000000000000e+00,-0.000000000000000000e+00,0.000000000000000000e+00,-0.000000000000000000e+00,-6.520419380869564296e-01,-0.000000000000000000e+00,-0.000000000000000000e+00,-0.000000000000000000e+00,-6.943647569045706403e-02,-0.000000000000000000e+00,-0.000000000000000000e+00,-0.000000000000000000e+00,-0.000000000000000000e+00,-0.000000000000000000e+00
3.570804488167230503e-03,-0.000000000000000000e+00,-0.000000000000000000e+00,-0.000000000000000000e+00,-0.000000000000000000e+00,-8.803136761185108572e-01,-2.663221605143523130e-01,0.000000000000000000e+00,0.000000000000000000e+00,0.000000000000000000e+00,2.787868468816084189e+00,0.000000000000000000e+00,-0.000000000000000000e+00,-8.342963452573574912e-02,1.376798219837745418e-01,4.456802284713203277e-01,-3.996079934182928950e-01,-0.000000000000000000e+00,-0.000000000000000000e+00,-0.000000000000000000e+00,-0.000000000000000000e+00,-0.000000000000000000e+00,-3.457056119993075494e-01,-0.000000000000000000e+00,-0.000000000000000000e+00,0.000000000000000000e+00,-0.000000000000000000e+00,-0.000000000000000000e+00,-0.000000000000000000e+00,0.000000000000000000e+00,-7.636373795308863677e-02,-4.457744507467593098e-01,0.000000000000000000e+00,0.000000000000000000e+00,0.000000000000000000e+00,-0.000000000000000000e+00,-0.000000000000000000e+00,-0.000000000000000000e+00,-5.675960552301994450e-02
0.000000000000000000e+00,0.000000000000000000e+00,0.000000000000000000e+00,-0.000000000000000000e+00,0.000000000000000000e+00,0.000000000000000000e+00,2.430682322274294385e-02,-0.000000000000000000e+00,-0.000000000000000000e+00,-5.532819976653718247e-02,0.000000000000000000e+00,1.007098425002602493e+00,-2.968128031385552923e-02,0.000000000000000000e+00,-0.000000000000000000e+00,-0.000000000000000000e+00,0.000000000000000000e+00,-0.000000000000000000e+00,1.706352824439374364e-03,0.000000000000000000e+00,0.000000000000000000e+00,0.000000000000000000e+00,0.000000000000000000e+00,-0.000000000000000000e+00,0.000000000000000000e+00,0.000000000000000000e+00,0.000000000000000000e+00,2.585075681935826777e-02,0.000000000000000000e+00,-0.000000000000000000e+00,0.000000000000000000e+00,0.000000000000000000e+00,-0.000000000000000000e+00,-3.354457543942841041e-02,0.000000000000000000e+00,0.000000000000000000e+00,0.000000000000000000e+00,-0.000000000000000000e+00,-0.000000000000000000e+00
0.000000000000000000e+00,-0.000000000000000000e+00,0.000000000000000000e+00,-3.859704485258515505e-01,0.000000000000000000e+00,0.000000000000000000e+00,-9.522889853159523590e-03,-0.000000000000000000e+00,0.000000000000000000e+00,0.000000000000000000e+00,-0.000000000000000000e+00,-2.968128031385552923e-02,1.296082352125307979e+00,-0.000000000000000000e+00,-0.000000000000000000e+00,1.010206816963982318e-01,-0.000000000000000000e+00,-0.000000000000000000e+00,0.000000000000000000e+00,-0.000000000000000000e+00,0.000000000000000000e+00,-0.000000000000000000e+00,0.000000000000000000e+00,-0.000000000000000000e+00,0.000000000000000000e+00,0.000000000000000000e+00,0.000000000000000000e+00,2.012860984354353511e-01,0.000000000000000000e+00,-0.000000000000000000e+00,1.383803593720770164e-01,-0.000000000000000000e+00,0.000000000000000000e+00,-7.240208952729650527e-04,-0.000000000000000000e+00,0.000000000000000000e+00,-0.000000000000000000e+00,-0.000000000000000000e+00,-1.950787571755666430e-02
7.299234516363119207e-02,-0.000000000000000000e+00,-0.000000000000000000e+00,-0.000000000000000000e+00,-1.612657737888233411e-01,-5.142404754631733910e-02,-0.000000000000000000e+00,0.000000000000000000e+00,-0.000000000000000000e+00,-0.000000000000000000e+00,-8.342963452573574912e-02,0.000000000000000000e+00,-0.000000000000000000e+00,2.140618639125015044e+00,0.000000000000000000e+00,0.000000000000000000e+00,-3.213661620168301591e-01,-2.516345286294459638e-01,-0.000000000000000000e+00,-0.000000000000000000e+00,-0.000000000000000000e+00,-0.000000000000000000e+00,-0.000000000000000000e+00,-6.146016484811245295e-01,-2.652486945568754417e-01,-0.000000000000000000e+00,-0.000000000000000000e+00,-0.000000000000000000e+00,-0.000000000000000000e+00,-0.000000000000000000e+00,-7.839768281321941867e-02,-3.238077101442753403e-01,-1.196806959478918971e-03,5.014875426938430331e-02,-0.000000000000000000e+00,-0.000000000000000000e+00,-0.000000000000000000e+00,0.000000000000000000e+00,-0.000000000000000000e+00
-1.642907987724336327e-01,-0.000000000000000000e+00,0.000000000000000000e+00,0.000000000000000000e+00,0.000000000000000000e+00,8.925184320122940551e-02,-0.000000000000000000e+00,-0.000000000000000000e+00,-0.000000000000000000e+00,-7.057268033189952050e-02,1.376798219837745418e-01,-0.000000000000000000e+00,-0.000000000000000000e+00,0.000000000000000000e+00,1.363818499625649938e+00,-3.782249737372508913e-02,0.000000000000000000e+00,0.000000000000000000e+00,-0.000000000000000000e+00,-0.000000000000000000e+00,0.000000000000000000e+00,0.000000000000000000e+00,1.212307442289356635e-01,0.000000000000000000e+00,0.000000000000000000e+00,0.000000000000000000e+00,0.000000000000000000e+00,0.000000000000000000e+00,0.000000000000000000e+00,-1.783506920440394994e-01,0.000000000000000000e+00,0.000000000000000000e+00,0.000000000000000000e+00,-4.032762347435718819e-01,-0.000000000000000000e+00,0.000000000000000000e+00,0.000000000000000000e+00,-3.225559486759588257e-02,-0.000000000000000000e+00
-2.229603087430283292e-01,0.000000000000000000e+00,-0.000000000000000000e+00,1.115074899836947797e-01,-0.000000000000000000e+00,1.171156458018262486e-01,6.005991559002401420e-02,0.000000000000000000e+00,-4.779304581120344397e-01,-4.558359797595203378e-01,4.456802284713203277e-01,-0.000000000000000000e+00,1.010206816963982318e-01,0.000000000000000000e+00,-3.782249737372508913e-02,2.184194182331752998e+00,0.000000000000000000e+00,0.000000000000000000e+00,-0.000000000000000000e+00,0.000000000000000000e+00,0.000000000000000000e+00,1.724907331072240146e-01,0.000000000000000000e+00,-0.000000000000000000e+00,-0.000000000000000000e+00,-0.000000000000000000e+00,-0.000000000000000000e+00,-0.000000000000000000e+00,-5.473970205695131985e-02,-4.256960201835841007e-01,-0.000000000000000000e+00,0.000000000000000000e+00,-0.000000000000000000e+00,-0.000000000000000000e+00,-0.000000000000000000e+00,-0.000000000000000000e+00,-0.000000000000000000e+00,0.000000000000000000e+00,1.279538950808931930e-01
0.000000000000000000e+00,-6.323603518894070630e-02,-0.000000000000000000e+00,-0.000000000000000000e+00,-0.000000000000000000e+00,-3.235423722272246505e-01,-2.726453453549684269e-01,0.000000000000000000e+00,0.000000000000000000e+00,0.000000000000000000e+00,-3.996079934182928950e-01,0.000000000000000000e+00,-0.000000000000000000e+00,-3.213661620168301591e-01,0.000000000000000000e+00,0.000000000000000000e+00,2.777488665656732358e+00,-1.833029007178050007e-01,-3.875031100607359558e-02,-4.538727010043683285e-02,-0.000000000000000000e+00,-1.825740700473216793e-01,-7.683342604730392100e-01,-0.000000000000000000e+00,-2.196851268333073204e-01,-0.000000000000000000e+00,-0.000000000000000000e+00,-0.000000000000000000e+00,-0.000000000000000000e+00,0.000000000000000000e+00,-6.495913079918115562e-02,-9.014934189840027867e-02,-0.000000000000000000e+00,0.000000000000000000e+00,0.000000000000000000e+00,-0.000000000000000000e+00,-0.000000000000000000e+00,-0.000000000000000000e+00,-2.505357571158260410e-01
0.000000000000000000e+00,-6.789600396161776796e-02,-0.000000000000000000e+00,-1.291864029752200216e-01,-0.000000000000000000e+00,-0.000000000000000000e+00,-0.000000000000000000e+00,0.000000000000000000e+00,-0.000000000000000000e+00,-0.000000000000000000e+00,-0.000000000000000000e+00,-0.000000000000000000e+00,-0.000000000000000000e+00,-2.516345286294459638e-01,0.000000000000000000e+00,0.000000000000000000e+00,-1.833029007178050007e-01,1.293112189904949583e+00,-6.294893528536567306e-02,-0.000000000000000000e+00,0.000000000000000000e+00,-1.061486181960666873e-02,-0.000000000000000000e+00,-7.614751769699978912e-02,-0.000000000000000000e+00,-0.000000000000000000e+00,-0.000000000000000000e+00,0.000000000000000000e+00,-0.000000000000000000e+00,-0.000000000000000000e+00,-1.774590470479859572e-01,-0.000000000000000000e+00,-0.000000000000000000e+00,0.000000000000000000e+00,-0.000000000000000000e+00,-0.000000000000000000e+00,-0.000000000000000000e+00,0.000000000000000000e+00,-0.000000000000000000e+00
-0.000000000000000000e+00,-1.050862728860244844e-01,-0.000000000000000000e+00,0.000000000000000000e+00,-0.000000000000000000e+00,-0.000000000000000000e+00,-4.245393220437984790e-03,0.000000000000000000e+00,-0.000000000000000000e+00,-0.000000000000000000e+00,-0.000000000000000000e+00,1.706352824439374364e-03,0.000000000000000000e+00,-0.000000000000000000e+00,-0.000000000000000000e+00,-0.000000000000000000e+00,-3.875031100607359558e-02,-6.294893528536567306e-02,1.315456528360330557e+00,-0.000000000000000000e+00,-0.000000000000000000e+00,-1.971799641098577818e-02,-0.000000000000000000e+00,-1.113588307058787086e-01,-0.000000000000000000e+00,-0.000000000000000000e+00,-2.117830788078751414e-01,-1.319103472311911876e-03,-3.266112480339753484e-03,-0.000000000000000000e+00,-2.649678459245415896e-01,-0.000000000000000000e+00,-0.000000000000000000e+00,-0.000000000000000000e+00,-5.044044860685068486e-03,-0.000000000000000000e+00,-6.246444666318598515e-02,-0.000000000000000000e+00,0.000000000000000000e+00
-0.000000000000000000e+00,-1.830915447804532525e-01,-2.123627264703942252e-01,-0.000000000000000000e+00,-0.000000000000000000e+00,-0.000000000000000000e+00,-6.718027755630785747e-02,1.494546248801834065e-01,-0.000000000000000000e+00,0.000000000000000000e+00,-0.000000000000000000e+00,0.000000000000000000e+00,-0.000000000000000000e+00,-0.000000000000000000e+00,-0.000000000000000000e+00,0.000000000000000000e+00,-4.538727010043683285e-02,-0.000000000000000000e+00,-0.000000000000000000e+00,1.617626133399239219e+00,-5.723112961501974211e-02,-1.343738818599828910e-01,-1.911983377136054485e-01,-0.000000000000000000e+00,-0.000000000000000000e+00,-9.147447462500352122e-02,-0.000000000000000000e+00,-0.000000000000000000e+00,-0.000000000000000000e+00,0.000000000000000000e+00,-0.000000000000000000e+00,-0.000000000000000000e+00,-0.000000000000000000e+00,-0.000000000000000000e+00,-0.000000000000000000e+00,-0.000000000000000000e+00,-0.000000000000000000e+00,-3.700070334207835043e-01,-0.000000000000000000e+00
-0.000000000000000000e+00,-0.000000000000000000e+00,-4.078558344065603691e-01,0.000000000000000000e+00,-0.000000000000000000e+00,-0.000000000000000000e+00,0.000000000000000000e+00,3.696065327904402564e-01,-0.000000000000000000e+00,0.000000000000000000e+00,-0.000000000000000000e+00,0.000000000000000000e+00,0.000000000000000000e+00,-0.000000000000000000e+00,0.000000000000000000e+00,0.000000000000000000e+00,-0.000000000000000000e+00,0.000000000000000000e+00,-0.000000000000000000e+00,-5.723112961501974211e-02,1.869892996983806954e+00,-3.561120591054168782e-01,-0.000000000000000000e+00,-0.000000000000000000e+00,-0.000000000000000000e+00,-1.231809103432618124e-01,-0.000000000000000000e+00,-2.562287846487252274e-01,-0.000000000000000000e+00,9.175483801927515615e-02,-0.000000000000000000e+00,-0.000000000000000000e+00,-1.483211957820454452e-01,0.000000000000000000e+00,-0.000000000000000000e+00,-2.763975220565495668e-03,-0.000000000000000000e+00,-0.000000000000000000e+00,2.265614210912037657e-02
0.000000000000000000e+00,-0.000000000000000000e+00,-0.000000000000000000e+00,-0.000000000000000000e+00,-0.000000000000000000e+00,-2.089370321840788025e-01,-0.000000000000000000e+00,0.000000000000000000e+00,-0.000000000000000000e+00,0.000000000000000000e+00,-0.000000000000000000e+00,0.000000000000000000e+00,-0.000000000000000000e+00,-0.000000000000000000e+00,0.000000000000000000e+00,1.724907331072240146e-01,-1.825740700473216793e-01,-1.061486181960666873e-02,-1.971799641098577818e-02,-1.343738818599828910e-01,-3.561120591054168782e-01,1.449970221256818181e+00,-1.054703967013869148e-01,-0.000000000000000000e+00,-0.000000000000000000e+00,-0.000000000000000000e+00,-0.000000000000000000e+00,-0.000000000000000000e+00,-0.000000000000000000e+00,3.413326247964468263e-02,-0.000000000000000000e+00,-0.000000000000000000e+00,-0.000000000000000000e+00,-0.000000000000000000e+00,0.000000000000000000e+00,-0.000000000000000000e+00,-0.000000000000000000e+00,-0.000000000000000000e+00,-0.000000000000000000e+00
0.000000000000000000e+00,-0.000000000000000000e+00,-1.107717683647086448e-01,-0.000000000000000000e+00,-0.000000000000000000e+00,-6.200149112838011511e-01,-1.130784562051361103e-01,0.000000000000000000e+00,0.000000000000000000e+00,0.000000000000000000e+00,-3.457056119993075494e-01,0.000000000000000000e+00,0.000000000000000000e+00,-0.000000000000000000e+00,1.212307442289356635e-01,0.000000000000000000e+00,-7.683342604730392100e-01,-0.000000000000000000e+00,-0.000000000000000000e+00,-1.911983377136054485e-01,-0.000000000000000000e+00,-1.054703967013869148e-01,2.835464005826816347e+00,-0.000000000000000000e+00,-1.183567027887523354e-01,-0.000000000000000000e+00,-0.000000000000000000e+00,-6.048543990641936513e-02,-0.000000000000000000e+00,0.000000000000000000e+00,-3.015373882873893518e-01,-2.380220617672099970e-01,-0.000000000000000000e+00,0.000000000000000000e+00,-0.000000000000000000e+00,-0.000000000000000000e+00,-0.000000000000000000e+00,-0.000000000000000000e+00,-0.000000000000000000e+00
0.000000000000000000e+00,-0.000000000000000000e+00,-0.000000000000000000e+00,-0.000000000000000000e+00,-0.000000000000000000e+00,-0.000000000000000000e+00,-0.000000000000000000e+00,0.000000000000000000e+00,-0.000000000000000000e+00,-1.637294925333663553e-01,-0.000000000000000000e+00,-0.000000000000000000e+00,-0.000000000000000000e+00,-6.146016484811245295e-01,0.000000000000000000e+00,-0.000000000000000000e+00,-0.000000000000000000e+00,-7.614751769699978912e-02,-1.113588307058787086e-01,-0.000000000000000000e+00,-0.000000000000000000e+00,-0.000000000000000000e+00,-0.000000000000000000e+00,2.321530459920202016e+00,-3.563519257740638824e-01,-0.000000000000000000e+00,-3.776945096001488866e-01,-0.000000000000000000e+00,-2.608357349406428827e-01,-0.000000000000000000e+00,-0.000000000000000000e+00,-8.253770038185356817e-02,-4.003170018271139385e-01,0.000000000000000000e+00,-9.539234349606133534e-02,-0.000000000000000000e+00,-0.000000000000000000e+00,0.000000000000000000e+00,0.000000000000000000e+00
0.000000000000000000e+00,-0.000000000000000000e+00,-1.457818820463446623e-02,0.000000000000000000e+00,-1.391627030563714063e-01,-0.000000000000000000e+00,-0.000000000000000000e+00,0.000000000000000000e+00,-0.000000000000000000e+00,-0.000000000000000000e+00,-0.000000000000000000e+00,0.000000000000000000e+00,0.000000000000000000e+00,-2.652486945568754417e-01,0.000000000000000000e+00,-0.000000000000000000e+00,-2.196851268333073204e-01,-0.000000000000000000e+00,-0.000000000000000000e+00,-0.000000000000000000e+00,-0.000000000000000000e+00,-0.000000000000000000e+00,-1.183567027887523354e-01,-3.563519257740638824e-01,1.980111245862510971e+00,-0.000000000000000000e+00,-0.000000000000000000e+00,-0.000000000000000000e+00,-3.208443118644709324e-01,-0.000000000000000000e+00,-4.207497881068281709e-01,-3.183313002456000795e-02,-0.000000000000000000e+00,0.000000000000000000e+00,-0.000000000000000000e+00,-0.000000000000000000e+00,-0.000000000000000000e+00,-0.000000000000000000e+00,-0.000000000000000000e+00
-3.446068427501833287e-01,-0.000000000000000000e+00,-1.795228768352969961e-01,0.000000000000000000e+00,-0.000000000000000000e+00,-0.000000000000000000e+00,-0.000000000000000000e+00,5.291598558973023558e-02,-0.000000000000000000e+00,-0.000000000000000000e+00,0.000000000000000000e+00,0.000000000000000000e+00,0.000000000000000000e+00,-0.000000000000000000e+00,0.000000000000000000e+00,-0.000000000000000000e+00,-0.000000000000000000e+00,-0.000000000000000000e+00,-0.000000000000000000e+00,-9.147447462500352122e-02,-1.231809103432618124e-01,-0.000000000000000000e+00,-0.000000000000000000e+00,-0.000000000000000000e+00,-0.000000000000000000e+00,2.671755463917899753e+00,-3.805571435216575371e-01,-3.691995472822131585e-01,-2.847928127049566549e-01,0.000000000000000000e+00,-0.000000000000000000e+00,-0.000000000000000000e+00,-0.000000000000000000e+00,0.000000000000000000e+00,-1.682273215586784498e-01,-3.996003507590690784e-01,-4.328306398413321876e-01,-0.000000000000000000e+00,1.430939942478494376e-01
-0.000000000000000000e+00,-0.000000000000000000e+00,-2.858247457812495562e-01,0.000000000000000000e+00,-0.000000000000000000e+00,-0.000000000000000000e+00,-0.000000000000000000e+00,2.916378169391318775e-01,-0.000000000000000000e+00,-0.000000000000000000e+00,-0.000000000000000000e+00,0.000000000000000000e+00,0.000000000000000000e+00,-0.000000000000000000e+00,0.000000000000000000e+00,-0.000000000000000000e+00,-0.000000000000000000e+00,-0.000000000000000000e+00,-2.117830788078751414e-01,-0.000000000000000000e+00,-0.000000000000000000e+00,-0.000000000000000000e+00,-0.000000000000000000e+00,-3.776945096001488866e-01,-0.000000000000000000e+00,-3.805571435216575371e-01,2.846376710764956464e+00,-0.000000000000000000e+00,-0.000000000000000000e+00,0.000000000000000000e+00,-0.000000000000000000e+00,-5.930996718685105362e-01,-0.000000000000000000e+00,0.000000000000000000e+00,-1.472965007413431227e-01,-3.898829049848341888e-01,-3.608965308698339758e-01,-0.000000000000000000e+00,0.000000000000000000e+00
-1.106650609826463211e-01,-0.000000000000000000e+00,-8.359700641636207130e-02,9.450033314272858753e-01,-0.000000000000000000e+00,-0.000000000000000000e+00,0.000000000000000000e+00,0.000000000000000000e+00,-0.000000000000000000e+00,0.000000000000000000e+00,-0.000000000000000000e+00,2.585075681935826777e-02,2.012860984354353511e-01,-0.000000000000000000e+00,0.000000000000000000e+00,-0.000000000000000000e+00,-0.000000000000000000e+00,0.000000000000000000e+00,-1.319103472311911876e-03,-0.000000000000000000e+00,-2.562287846487252274e-01,-0.000000000000000000e+00,-6.048543990641936513e-02,-0.000000000000000000e+00,-0.000000000000000000e+00,-3.691995472822131585e-01,-0.000000000000000000e+00,2.533809934491362270e+00,-5.988298401015957895e-01,0.000000000000000000e+00,-6.148994105142195632e-02,-0.000000000000000000e+00,-0.000000000000000000e+00,0.000000000000000000e+00,-0.000000000000000000e+00,-8.388599468342979038e-02,-2.046143539560603061e-02,-0.000000000000000000e+00,0.000000000000000000e+00
-0.000000000000000000e+00,-0.000000000000000000e+00,-0.000000000000000000e+00,0.000000000000000000e+00,-0.000000000000000000e+00,-0.000000000000000000e+00,0.000000000000000000e+00,0.000000000000000000e+00,-0.000000000000000000e+00,-0.000000000000000000e+00,-0.000000000000000000e+00,0.000000000000000000e+00,0.000000000000000000e+00,-0.000000000000000000e+00,0.000000000000000000e+00,-5.473970205695131985e-02,-0.000000000000000000e+00,-0.000000000000000000e+00,-3.266112480339753484e-03,-0.000000000000000000e+00,-0.000000000000000000e+00,-0.000000000000000000e+00,-0.000000000000000000e+00,-2.608357349406428827e-01,-3.208443118644709324e-01,-2.847928127049566549e-01,-0.000000000000000000e+00,-5.988298401015957895e-01,2.215407934209038032e+00,0.000000000000000000e+00,-0.000000000000000000e+00,-0.000000000000000000e+00,-2.453499411151106313e-01,4.880102897777206100e-02,-0.000000000000000000e+00,-2.271644663153273291e-01,-1.991982090337593436e-01,-0.000000000000000000e+00,8.818528515507506604e-02
-0.000000000000000000e+00,-0.000000000000000000e+00,0.000000000000000000e+00,-0.000000000000000000e+00,-0.000000000000000000e+00,1.160625395253495895e-01,-0.000000000000000000e+00,-0.000000000000000000e+00,-1.916161338229992461e-01,-6.520419380869564296e-01,0.000000000000000000e+00,-0.000000000000000000e+00,-0.000000000000000000e+00,-0.000000000000000000e+00,-1.783506920440394994e-01,-4.256960201835841007e-01,0.000000000000000000e+00,-0.000000000000000000e+00,-0.000000000000000000e+00,0.000000000000000000e+00,9.175483801927515615e-02,3.413326247964468263e-02,0.000000000000000000e+00,-0.000000000000000000e+00,-0.000000000000000000e+00,0.000000000000000000e+00,0.000000000000000000e+00,0.000000000000000000e+00,0.000000000000000000e+00,1.823395538792839776e+00,-0.000000000000000000e+00,0.000000000000000000e+00,-0.000000000000000000e+00,-1.013852409780209296e-01,-0.000000000000000000e+00,0.000000000000000000e+00,0.000000000000000000e+00,-0.000000000000000000e+00,-0.000000000000000000e+00
0.000000000000000000e+00,-0.000000000000000000e+00,-0.000000000000000000e+00,0.000000000000000000e+00,-0.000000000000000000e+00,-3.737476076590205976e-01,-0.000000000000000000e+00,0.000000000000000000e+00,-0.000000000000000000e+00,-0.000000000000000000e+00,-7.636373795308863677e-02,0.000000000000000000e+00,1.383803593720770164e-01,-7.839768281321941867e-02,0.000000000000000000e+00,-0.000000000000000000e+00,-6.495913079918115562e-02,-1.774590470479859572e-01,-2.649678459245415896e-01,-0.000000000000000000e+00,-0.000000000000000000e+00,-0.000000000000000000e+00,-3.015373882873893518e-01,-0.000000000000000000e+00,-4.207497881068281709e-01,-0.000000000000000000e+00,-0.000000000000000000e+00,-6.148994105142195632e-02,-0.000000000000000000e+00,-0.000000000000000000e+00,1.990258379780259990e+00,-1.145354806899815114e-01,-0.000000000000000000e+00,0.000000000000000000e+00,0.000000000000000000e+00,-0.000000000000000000e+00,-0.000000000000000000e+00,-0.000000000000000000e+00,-0.000000000000000000e+00
0.000000000000000000e+00,-2.448893681725493876e-01,-8.124650036864865255e-02,-0.000000000000000000e+00,-0.000000000000000000e+00,-0.000000000000000000e+00,-0.000000000000000000e+00,7.033654413709800046e-02,-0.000000000000000000e+00,-0.000000000000000000e+00,-4.457744507467593098e-01,0.000000000000000000e+00,-0.000000000000000000e+00,-3.238077101442753403e-01,0.000000000000000000e+00,0.000000000000000000e+00,-9.014934189840027867e-02,-0.000000000000000000e+00,-0.000000000000000000e+00,-0.000000000000000000e+00,-0.000000000000000000e+00,-0.000000000000000000e+00,-2.380220617672099970e-01,-8.253770038185356817e-02,-3.183313002456000795e-02,-0.000000000000000000e+00,-5.930996718685105362e-01,-0.000000000000000000e+00,-0.000000000000000000e+00,0.000000000000000000e+00,-1.145354806899815114e-01,2.445729921433336784e+00,-0.000000000000000000e+00,0.000000000000000000e+00,-0.000000000000000000e+00,-2.963654643635363004e-02,-2.355045177443045312e-01,-0.000000000000000000e+00,-0.000000000000000000e+00
0.000000000000000000e+00,0.000000000000000000e+00,-2.278766134774986296e-01,0.000000000000000000e+00,-2.017390671903771804e-01,0.000000000000000000e+00,0.000000000000000000e+00,2.015940174408926144e-01,-4.946466519967739929e-03,-0.000000000000000000e+00,0.000000000000000000e+00,-0.000000000000000000e+00,0.000000000000000000e+00,-1.196806959478918971e-03,0.000000000000000000e+00,-0.000000000000000000e+00,-0.000000000000000000e+00,-0.000000000000000000e+00,-0.000000000000000000e+00,-0.000000000000000000e+00,-1.483211957820454452e-01,-0.000000000000000000e+00,-0.000000000000000000e+00,-4.003170018271139385e-01,-0.000000000000000000e+00,-0.000000000000000000e+00,-0.000000000000000000e+00,-0.000000000000000000e+00,-2.453499411151106313e-01,-0.000000000000000000e+00,-0.000000000000000000e+00,-0.000000000000000000e+00,1.777472805232024777e+00,1.468291732414384598e-01,-0.000000000000000000e+00,-0.000000000000000000e+00,-0.000000000000000000e+00,0.000000000000000000e+00,1.077507158147155697e-01
-0.000000000000000000e+00,-0.000000000000000000e+00,0.000000000000000000e+00,-0.000000000000000000e+00,4.405897132461060114e-03,0.000000000000000000e+00,0.000000000000000000e+00,-0.000000000000000000e+00,-0.000000000000000000e+00,-6.943647569045706403e-02,0.000000000000000000e+00,-3.354457543942841041e-02,-7.240208952729650527e-04,5.014875426938430331e-02,-4.032762347435718819e-01,-0.000000000000000000e+00,0.000000000000000000e+00,0.000000000000000000e+00,-0.000000000000000000e+00,-0.000000000000000000e+00,0.000000000000000000e+00,-0.000000000000000000e+00,0.000000000000000000e+00,0.000000000000000000e+00,0.000000000000000000e+00,0.000000000000000000e+00,0.000000000000000000e+00,0.000000000000000000e+00,4.880102897777206100e-02,-1.013852409780209296e-01,0.000000000000000000e+00,0.000000000000000000e+00,1.468291732414384598e-01,1.242076593247051663e+00,-0.000000000000000000e+00,8.401410398434845011e-04,0.000000000000000000e+00,-6.562985142139107775e-02,-1.535433153311394627e-01
-1.763578085041818400e-01,-0.000000000000000000e+00,-0.000000000000000000e+00,0.000000000000000000e+00,-0.000000000000000000e+00,0.000000000000000000e+00,0.000000000000000000e+00,0.000000000000000000e+00,-2.779059091394066039e-01,-0.000000000000000000e+00,0.000000000000000000e+00,0.000000000000000000e+00,-0.000000000000000000e+00,-0.000000000000000000e+00,-0.000000000000000000e+00,-0.000000000000000000e+00,0.000000000000000000e+00,-0.000000000000000000e+00,-5.044044860685068486e-03,-0.000000000000000000e+00,-0.000000000000000000e+00,0.000000000000000000e+00,-0.000000000000000000e+00,-9.539234349606133534e-02,-0.000000000000000000e+00,-1.682273215586784498e-01,-1.472965007413431227e-01,-0.000000000000000000e+00,-0.000000000000000000e+00,-0.000000000000000000e+00,0.000000000000000000e+00,-0.000000000000000000e+00,-0.000000000000000000e+00,-0.000000000000000000e+00,1.746418223892431509e+00,-6.662612802628582742e-02,-5.487135420902522487e-01,-0.000000000000000000e+00,7.194678177504651440e-02
-0.000000000000000000e+00,-1.421484274263053460e-01,-1.811012709530712972e-01,0.000000000000000000e+00,-1.942538640290087104e-01,-0.000000000000000000e+00,-0.000000000000000000e+00,2.655389694859496275e-01,-1.998124189336474288e-01,-0.000000000000000000e+00,-0.000000000000000000e+00,0.000000000000000000e+00,0.000000000000000000e+00,-0.000000000000000000e+00,0.000000000000000000e+00,-0.000000000000000000e+00,-0.000000000000000000e+00,-0.000000000000000000e+00,-0.000000000000000000e+00,-0.000000000000000000e+00,-2.763975220565495668e-03,-0.000000000000000000e+00,-0.000000000000000000e+00,-0.000000000000000000e+00,-0.000000000000000000e+00,-3.996003507590690784e-01,-3.898829049848341888e-01,-8.388599468342979038e-02,-2.271644663153273291e-01,0.000000000000000000e+00,-0.000000000000000000e+00,-2.963654643635363004e-02,-0.000000000000000000e+00,8.401410398434845011e-04,-6.662612802628582742e-02,2.508535182340783098e+00,-3.939365530739851740e-01,-0.000000000000000000e+00,0.000000000000000000e+00
-0.000000000000000000e+00,-2.606737717830434065e-01,-0.000000000000000000e+00,0.000000000000000000e+00,-0.000000000000000000e+00,-0.000000000000000000e+00,-0.000000000000000000e+00,0.000000000000000000e+00,-0.000000000000000000e+00,-0.000000000000000000e+00,-0.000000000000000000e+00,0.000000000000000000e+00,-0.000000000000000000e+00,-0.000000000000000000e+00,0.000000000000000000e+00,-0.000000000000000000e+00,-0.000000000000000000e+00,-0.000000000000000000e+00,-6.246444666318598515e-02,-0.000000000000000000e+00,-0.000000000000000000e+00,-0.000000000000000000e+00,-0.000000000000000000e+00,-0.000000000000000000e+00,-0.000000000000000000e+00,-4.328306398413321876e-01,-3.608965308698339758e-01,-2.046143539560603061e-02,-1.991982090337593436e-01,0.000000000000000000e+00,-0.000000000000000000e+00,-2.355045177443045312e-01,-0.000000000000000000e+00,0.000000000000000000e+00,-5.487135420902522487e-01,-3.939365530739851740e-01,2.461435246898248774e+00,-0.000000000000000000e+00,0.000000000000000000e+00
-2.578422728519700891e-01,-2.936027182770460375e-01,-0.000000000000000000e+00,0.000000000000000000e+00,-0.000000000000000000e+00,-0.000000000000000000e+00,-8.912866791356971463e-02,0.000000000000000000e+00,-0.000000000000000000e+00,-0.000000000000000000e+00,-0.000000000000000000e+00,-0.000000000000000000e+00,-0.000000000000000000e+00,0.000000000000000000e+00,-3.225559486759588257e-02,0.000000000000000000e+00,-0.000000000000000000e+00,0.000000000000000000e+00,-0.000000000000000000e+00,-3.700070334207835043e-01,-0.000000000000000000e+00,-0.000000000000000000e+00,-0.000000000000000000e+00,0.000000000000000000e+00,-0.000000000000000000e+00,-0.000000000000000000e+00,-0.000000000000000000e+00,-0.000000000000000000e+00,-0.000000000000000000e+00,-0.000000000000000000e+00,-0.000000000000000000e+00,-0.000000000000000000e+00,0.000000000000000000e+00,-6.562985142139107775e-02,-0.000000000000000000e+00,-0.000000000000000000e+00,-0.000000000000000000e+00,1.386898268078640584e+00,-7.289089154104706758e-02
0.000000000000000000e+00,-0.000000000000000000e+00,0.000000000000000000e+00,-4.195643033115060705e-01,0.000000000000000000e+00,-0.000000000000000000e+00,-3.268440435143283307e-01,-0.000000000000000000e+00,0.000000000000000000e+00,-0.000000000000000000e+00,-5.675960552301994450e-02,-0.000000000000000000e+00,-1.950787571755666430e-02,-0.000000000000000000e+00,-0.000000000000000000e+00,1.279538950808931930e-01,-2.505357571158260410e-01,-0.000000000000000000e+00,0.000000000000000000e+00,-0.000000000000000000e+00,2.265614210912037657e-02,-0.000000000000000000e+00,-0.000000000000000000e+00,0.000000000000000000e+00,-0.000000000000000000e+00,1.430939942478494376e-01,0.000000000000000000e+00,0.000000000000000000e+00,8.818528515507506604e-02,-0.000000000000000000e+00,-0.000000000000000000e+00,-0.000000000000000000e+00,1.077507158147155697e-01,-1.535433153311394627e-01,7.194678177504651440e-02,0.000000000000000000e+00,0.000000000000000000e+00,-7.289089154104706758e-02,1.482304964893330634e+00
