2.456380272648101659e+00,-1.091654701365511793e+00,-0.000000000000000000e+00,-0.000000000000000000e+00,-0.000000000000000000e+00,-0.000000000000000000e+00,-0.000000000000000000e+00,1.132994822071556155e-02,-1.346930540512824848e-01,-0.000000000000000000e+00,-0.000000000000000000e+00,-0.000000000000000000e+00,-0.000000000000000000e+00,-8.558088916562632542e-02,-0.000000000000000000e+00,-2.529647695600523161e-02,-0.000000000000000000e+00,-0.000000000000000000e+00,0.000000000000000000e+00,-0.000000000000000000e+00,0.000000000000000000e+00,-0.000000000000000000e+00,-4.223680725728439639e-02,-0.000000000000000000e+00,-0.000000000000000000e+00,-0.000000000000000000e+00,-0.000000000000000000e+00,-0.000000000000000000e+00,-3.533007801050496166e-01,-1.184884287454627400e-01,-0.000000000000000000e+00,-1.371063092418578211e-01,-0.000000000000000000e+00,-0.000000000000000000e+00,-1.106152784199280759e-01,-3.803338618530297532e-01,-0.000000000000000000e+00,0.000000000000000000e+00,-0.000000000000000000e+00
-1.091654701365511793e+00,2.555027434076497794e+00,-0.000000000000000000e+00,0.000000000000000000e+00,-2.063325782816409146e-02,-0.000000000000000000e+00,0.000000000000000000e+00,5.857654339423013640e-02,-7.594356859641149260e-02,-2.714912733305549150e-02,-0.000000000000000000e+00,0.000000000000000000e+00,-0.000000000000000000e+00,-5.249880623310373279e-02,0.000000000000000000e+00,-2.706488162794886132e-01,0.000000000000000000e+00,-0.000000000000000000e+00,0.000000000000000000e+00,-0.000000000000000000e+00,0.000000000000000000e+00,-0.000000000000000000e+00,-4.564372410832975291e-01,-0.000000000000000000e+00,-1.414407650959535190e-01,-0.000000000000000000e+00,-0.000000000000000000e+00,-0.000000000000000000e+00,-0.000000000000000000e+00,-0.000000000000000000e+00,-6.821728551598990609e-02,-0.000000000000000000e+00,-0.000000000000000000e+00,-0.000000000000000000e+00,-1.538729004030886804e-01,-0.000000000000000000e+00,-9.919589390915867222e-02,-0.000000000000000000e+00,-1.079201299491633348e-01
-0.000000000000000000e+00,-0.000000000000000000e+00,2.131652394589395261e+00,-0.000000000000000000e+00,-6.867133985307025679e-01,-0.000000000000000000e+00,-0.000000000000000000e+00,1.821640438702024078e-01,-4.373616074857636371e-01,-0.000000000000000000e+00,-0.000000000000000000e+00,0.000000000000000000e+00,-0.000000000000000000e+00,-0.000000000000000000e+00,0.000000000000000000e+00,-7.652069086121325581e-02,0.000000000000000000e+00,-0.000000000000000000e+00,-0.000000000000000000e+00,-2.624860300946289526e-01,-0.000000000000000000e+00,-7.698199462964371020e-02,-0.000000000000000000e+00,-0.000000000000000000e+00,-0.000000000000000000e+00,-0.000000000000000000e+00,-0.000000000000000000e+00,-0.000000000000000000e+00,-0.000000000000000000e+00,-1.820815159890986912e-01,-0.000000000000000000e+00,-0.000000000000000000e+00,-1.482582230605122287e-01,-5.035629189693041630e-02,-0.000000000000000000e+00,-0.000000000000000000e+00,-0.000000000000000000e+00,-1.924493082319757020e-01,-0.000000000000000000e+00
-0.000000000000000000e+00,0.000000000000000000e+00,-0.000000000000000000e+00,1.335141615138537574e+00,0.000000000000000000e+00,-0.000000000000000000e+00,-4.425478849510012247e-01,0.000000000000000000e+00,-0.000000000000000000e+00,0.000000000000000000e+00,-0.000000000000000000e+00,-1.198120333201732751e-01,6.953168384567560978e-02,-0.000000000000000000e+00,-0.000000000000000000e+00,0.000000000000000000e+00,-0.000000000000000000e+00,-2.833823302235010111e-01,-0.000000000000000000e+00,-0.000000000000000000e+00,0.000000000000000000e+00,-0.000000000000000000e+00,0.000000000000000000e+00,-0.000000000000000000e+00,0.000000000000000000e+00,-0.000000000000000000e+00,-0.000000000000000000e+00,0.000000000000000000e+00,-0.000000000000000000e+00,-0.000000000000000000e+00,1.003938523484163708e-01,-0.000000000000000000e+00,-0.000000000000000000e+00,-0.000000000000000000e+00,0.000000000000000000e+00,-0.000000000000000000e+00,0.000000000000000000e+00,2.397147531901088757e-01,0.000000000000000000e+00
-0.000000000000000000e+00,-2.063325782816409146e-02,-6.867133985307025679e-01,0.000000000000000000e+00,2.047710428308896269e+00,-0.000000000000000000e+00,-0.000000000000000000e+00,3.180629529825585999e-01,-1.919335746804432252e-01,-0.000000000000000000e+00,-0.000000000000000000e+00,0.000000000000000000e+00,-0.000000000000000000e+00,-0.000000000000000000e+00,0.000000000000000000e+00,-0.000000000000000000e+00,0.000000000000000000e+00,-0.000000000000000000e+00,-0.000000000000000000e+00,-0.000000000000000000e+00,0.000000000000000000e+00,-0.000000000000000000e+00,-0.000000000000000000e+00,-0.000000000000000000e+00,-1.066870388170430700e-01,-0.000000000000000000e+00,-0.000000000000000000e+00,-0.000000000000000000e+00,-0.000000000000000000e+00,-0.000000000000000000e+00,-0.000000000000000000e+00,-0.000000000000000000e+00,-0.000000000000000000e+00,-3.524945211687968705e-01,-0.000000000000000000e+00,-0.000000000000000000e+00,-0.000000000000000000e+00,-3.031492119488417292e-02,-2.709483974194433764e-01
-0.000000000000000000e+00,-0.000000000000000000e+00,-0.000000000000000000e+00,-0.000000000000000000e+00,-0.000000000000000000e+00,1.464397794193720737e+00,-0.000000000000000000e+00,0.000000000000000000e+00,-0.000000000000000000e+00,-0.000000000000000000e+00,-0.000000000000000000e+00,-0.000000000000000000e+00,-1.996063445020390126e-01,-8.811861357175886089e-02,0.000000000000000000e+00,-0.000000000000000000e+00,-2.039242491017957681e-01,-0.000000000000000000e+00,0.000000000000000000e+00,-0.000000000000000000e+00,0.000000000000000000e+00,-0.000000000000000000e+00,0.000000000000000000e+00,-0.000000000000000000e+00,0.000000000000000000e+00,-0.000000000000000000e+00,-0.000000000000000000e+00,0.000000000000000000e+00,-1.952162826360452630e-02,-0.000000000000000000e+00,-0.000000000000000000e+00,-8.697565898636866466e-02,-0.000000000000000000e+00,0.000000000000000000e+00,-3.753369275610344280e-01,-1.592362266186274911e-01,-7.553168502041945898e-02,1.908217306235595323e-01,0.000000000000000000e+00
-0.000000000000000000e+00,0.000000000000000000e+00,-0.000000000000000000e+00,-4.425478849510012247e-01,-0.000000000000000000e+00,-0.000000000000000000e+00,1.661557923912258206e+00,0.000000000000000000e+00,-0.000000000000000000e+00,-0.000000000000000000e+00,-2.621633578365329398e-01,-6.788817632856537776e-02,-0.000000000000000000e+00,-1.401925469162981497e-01,-0.000000000000000000e+00,-0.000000000000000000e+00,-0.000000000000000000e+00,-9.652371032283835195e-02,-0.000000000000000000e+00,-6.234678271960394924e-02,-0.000000000000000000e+00,-1.076462327210210984e-01,-0.000000000000000000e+00,-0.000000000000000000e+00,0.000000000000000000e+00,-2.061611104924274129e-01,-0.000000000000000000e+00,0.000000000000000000e+00,-9.266094721772710763e-02,-0.000000000000000000e+00,-0.000000000000000000e+00,-1.347170855911999920e-01,-0.000000000000000000e+00,-0.000000000000000000e+00,-0.000000000000000000e+00,-0.000000000000000000e+00,-0.000000000000000000e+00,0.000000000000000000e+00,-0.000000000000000000e+00
1.132994822071556155e-02,5.857654339423013640e-02,1.821640438702024078e-01,0.000000000000000000e+00,3.180629529825585999e-01,0.000000000000000000e+00,0.000000000000000000e+00,1.751186354581328875e+00,1.659273815747645264e-01,0.000000000000000000e+00,0.000000000000000000e+00,0.000000000000000000e+00,-0.000000000000000000e+00,0.000000000000000000e+00,-0.000000000000000000e+00,0.000000000000000000e+00,-0.000000000000000000e+00,0.000000000000000000e+00,0.000000000000000000e+00,2.071261603314446947e-02,-6.200749577099499144e-01,0.000000000000000000e+00,0.000000000000000000e+00,0.000000000000000000e+00,0.000000000000000000e+00,0.000000000000000000e+00,0.000000000000000000e+00,-0.000000000000000000e+00,0.000000000000000000e+00,0.000000000000000000e+00,0.000000000000000000e+00,0.000000000000000000e+00,0.000000000000000000e+00,2.725503568414334721e-01,0.000000000000000000e+00,0.000000000000000000e+00,0.000000000000000000e+00,0.000000000000000000e+00,6.205612473754331532e-02
-1.346930540512824848e-01,-7.594356859641149260e-02,-4.373616074857636371e-01,-0.000000000000000000e+00,-1.919335746804432252e-01,-0.000000000000000000e+00,-0.000000000000000000e+00,1.659273815747645264e-01,2.535477506615082532e+00,-0.000000000000000000e+00,-0.000000000000000000e+00,-0.000000000000000000e+00,0.000000000000000000e+00,-1.778623780022951240e-01,-0.000000000000000000e+00,-0.000000000000000000e+00,0.000000000000000000e+00,-4.207708331870059770e-01,-1.938681536672439421e-01,-0.000000000000000000e+00,0.000000000000000000e+00,-0.000000000000000000e+00,-0.000000000000000000e+00,-0.000000000000000000e+00,-0.000000000000000000e+00,-0.000000000000000000e+00,0.000000000000000000e+00,-0.000000000000000000e+00,-0.000000000000000000e+00,-1.400212175692161498e-01,-0.000000000000000000e+00,-0.000000000000000000e+00,-4.913931331578593603e-02,-7.160212419545061158e-01,0.000000000000000000e+00,-0.000000000000000000e+00,0.000000000000000000e+00,-1.822557263999065869e-01,-6.422071643412705089e-02
-0.000000000000000000e+00,-2.714912733305549150e-02,-0.000000000000000000e+00,0.000000000000000000e+00,-0.000000000000000000e+00,-0.000000000000000000e+00,-0.000000000000000000e+00,0.000000000000000000e+00,-0.000000000000000000e+00,2.740938783168274551e+00,-0.000000000000000000e+00,-0.000000000000000000e+00,-0.000000000000000000e+00,-0.000000000000000000e+00,0.000000000000000000e+00,-6.988870088209485631e-01,-0.000000000000000000e+00,-0.000000000000000000e+00,0.000000000000000000e+00,-1.174918240884204185e-01,-0.000000000000000000e+00,-2.246817445472304164e-01,-1.920985095077128724e-01,-0.000000000000000000e+00,-1.630827201067538701e-01,-0.000000000000000000e+00,-2.966988049345127276e-01,-0.000000000000000000e+00,-5.255218737549494090e-02,-0.000000000000000000e+00,-9.124625835860927792e-01,-1.276069827477799463e-02,-0.000000000000000000e+00,0.000000000000000000e+00,-0.000000000000000000e+00,-0.000000000000000000e+00,-6.636477828252110300e-02,-0.000000000000000000e+00,-1.121216559942453117e-01
-0.000000000000000000e+00,-0.000000000000000000e+00,-0.000000000000000000e+00,-0.000000000000000000e+00,-0.000000000000000000e+00,-0.000000000000000000e+00,-2.621633578365329398e-01,0.000000000000000000e+00,-0.000000000000000000e+00,-0.000000000000000000e+00,2.370136446830866994e+00,-1.171712473200241106e-01,-0.000000000000000000e+00,-1.331250308797287951e-01,-0.000000000000000000e+00,-1.333321070714349743e-01,-4.601669446050253853e-01,-0.000000000000000000e+00,0.000000000000000000e+00,-0.000000000000000000e+00,0.000000000000000000e+00,-4.225854526662403687e-02,-0.000000000000000000e+00,-0.000000000000000000e+00,0.000000000000000000e+00,-4.288142122382657684e-01,-3.960732273884570165e-01,0.000000000000000000e+00,-3.473459775008924111e-01,-0.000000000000000000e+00,-8.132303546494366875e-02,-0.000000000000000000e+00,-4.317982655657359725e-02,-0.000000000000000000e+00,-0.000000000000000000e+00,-1.920476152394109681e-01,-0.000000000000000000e+00,0.000000000000000000e+00,-0.000000000000000000e+00
-0.000000000000000000e+00,0.000000000000000000e+00,0.000000000000000000e+00,-1.198120333201732751e-01,0.000000000000000000e+00,-0.000000000000000000e+00,-6.788817632856537776e-02,0.000000000000000000e+00,-0.000000000000000000e+00,-0.000000000000000000e+00,-1.171712473200241106e-01,1.590310438020495098e+00,0.000000000000000000e+00,-1.244925857102720385e-01,-4.302244321118003367e-01,-0.000000000000000000e+00,-0.000000000000000000e+00,-1.731292156381141201e-01,-0.000000000000000000e+00,-9.080023783189083986e-02,0.000000000000000000e+00,-1.721348362125816808e-02,-0.000000000000000000e+00,-1.887416258617817533e-02,-0.000000000000000000e+00,-0.000000000000000000e+00,-3.733287194326725955e-01,3.416291353768123595e-02,-0.000000000000000000e+00,9.915632537484782988e-03,-0.000000000000000000e+00,-1.147414065127729844e-02,-0.000000000000000000e+00,-0.000000000000000000e+00,0.000000000000000000e+00,-0.000000000000000000e+00,-0.000000000000000000e+00,0.000000000000000000e+00,-0.000000000000000000e+00
-0.000000000000000000e+00,-0.000000000000000000e+00,-0.000000000000000000e+00,6.953168384567560978e-02,-0.000000000000000000e+00,-1.996063445020390126e-01,-0.000000000000000000e+00,-0.000000000000000000e+00,0.000000000000000000e+00,-0.000000000000000000e+00,-0.000000000000000000e+00,0.000000000000000000e+00,1.475984744520996150e+00,-0.000000000000000000e+00,0.000000000000000000e+00,-0.000000000000000000e+00,-0.000000000000000000e+00,0.000000000000000000e+00,1.562655927538376677e-01,0.000000000000000000e+00,-4.641986193338859534e-02,-1.981549408492397357e-01,-0.000000000000000000e+00,-0.000000000000000000e+00,0.000000000000000000e+00,-0.000000000000000000e+00,-0.000000000000000000e+00,-0.000000000000000000e+00,-0.000000000000000000e+00,-0.000000000000000000e+00,-0.000000000000000000e+00,-0.000000000000000000e+00,-0.000000000000000000e+00,0.000000000000000000e+00,-4.674267785641429002e-02,-5.130801288241113034e-02,-5.274590422437350767e-01,0.000000000000000000e+00,-0.000000000000000000e+00
-8.558088916562632542e-02,-5.249880623310373279e-02,-0.000000000000000000e+00,-0.000000000000000000e+00,-0.000000000000000000e+00,-8.811861357175886089e-02,-1.401925469162981497e-01,0.000000000000000000e+00,-1.778623780022951240e-01,-0.000000000000000000e+00,-1.331250308797287951e-01,-1.244925857102720385e-01,-0.000000000000000000e+00,2.509671508668818163e+00,-0.000000000000000000e+00,-5.475170471598697630e-02,-0.000000000000000000e+00,-1.714283609511559892e-01,-0.000000000000000000e+00,-0.000000000000000000e+00,0.000000000000000000e+00,-0.000000000000000000e+00,-2.173912027428461652e-02,-2.205704854069462928e-01,-0.000000000000000000e+00,-0.000000000000000000e+00,-0.000000000000000000e+00,0.000000000000000000e+00,-0.000000000000000000e+00,-0.000000000000000000e+00,-0.000000000000000000e+00,-4.255886910124944134e-01,-6.306777298689320022e-01,-0.000000000000000000e+00,-0.000000000000000000e+00,-5.285562664734476668e-01,-0.000000000000000000e+00,0.000000000000000000e+00,-0.000000000000000000e+00
-0.000000000000000000e+00,0.000000000000000000e+00,0.000000000000000000e+00,-0.000000000000000000e+00,0.000000000000000000e+00,0.000000000000000000e+00,-0.000000000000000000e+00,-0.000000000000000000e+00,-0.000000000000000000e+00,0.000000000000000000e+00,-0.000000000000000000e+00,-4.302244321118003367e-01,0.000000000000000000e+00,-0.000000000000000000e+00,1.455989387866318596e+00,0.000000000000000000e+00,-1.055794553508717509e-01,-5.514442171851770963e-02,-2.727100070598844073e-01,-0.000000000000000000e+00,-0.000000000000000000e+00,-0.000000000000000000e+00,0.000000000000000000e+00,-0.000000000000000000e+00,8.565730655753320266e-02,-1.536241581049882510e-01,0.000000000000000000e+00,-0.000000000000000000e+00,0.000000000000000000e+00,-0.000000000000000000e+00,0.000000000000000000e+00,0.000000000000000000e+00,-1.190936491609943804e-01,-0.000000000000000000e+00,3.864281354984055450e-01,-6.676982173598938752e-02,0.000000000000000000e+00,-0.000000000000000000e+00,0.000000000000000000e+00
-2.529647695600523161e-02,-2.706488162794886132e-01,-7.652069086121325581e-02,0.000000000000000000e+00,-0.000000000000000000e+00,-0.000000000000000000e+00,-0.000000000000000000e+00,0.000000000000000000e+00,-0.000000000000000000e+00,-6.988870088209485631e-01,-1.333321070714349743e-01,-0.000000000000000000e+00,-0.000000000000000000e+00,-5.475170471598697630e-02,0.000000000000000000e+00,2.541047900601552723e+00,-0.000000000000000000e+00,-0.000000000000000000e+00,0.000000000000000000e+00,-1.093667954431808281e-01,-0.000000000000000000e+00,-1.809534940569885175e-01,-3.950366820468723672e-01,-0.000000000000000000e+00,-0.000000000000000000e+00,-3.168716078725014595e-02,-4.618914059764114670e-03,-0.000000000000000000e+00,-5.088344733310300183e-02,-2.439245284778476450e-02,-3.158441948057221227e-01,-1.106879804275728713e-01,-0.000000000000000000e+00,-0.000000000000000000e+00,-0.000000000000000000e+00,-0.000000000000000000e+00,-1.954784218289482289e-01,-0.000000000000000000e+00,-0.000000000000000000e+00
-0.000000000000000000e+00,0.000000000000000000e+00,0.000000000000000000e+00,-0.000000000000000000e+00,0.000000000000000000e+00,-2.039242491017957681e-01,-0.000000000000000000e+00,-0.000000000000000000e+00,0.000000000000000000e+00,-0.000000000000000000e+00,-4.601669446050253853e-01,-0.000000000000000000e+00,-0.000000000000000000e+00,-0.000000000000000000e+00,-1.055794553508717509e-01,-0.000000000000000000e+00,1.482129679336195993e+00,-0.000000000000000000e+00,0.000000000000000000e+00,0.000000000000000000e+00,-0.000000000000000000e+00,-0.000000000000000000e+00,0.000000000000000000e+00,-0.000000000000000000e+00,4.410075307063332506e-02,-4.201858398857942212e-01,-0.000000000000000000e+00,-0.000000000000000000e+00,-0.000000000000000000e+00,-0.000000000000000000e+00,-0.000000000000000000e+00,-0.000000000000000000e+00,-0.000000000000000000e+00,1.491287210878011193e-01,-0.000000000000000000e+00,-0.000000000000000000e+00,-0.000000000000000000e+00,0.000000000000000000e+00,4.427567433806905289e-02
-0.000000000000000000e+00,-0.000000000000000000e+00,-0.000000000000000000e+00,-2.833823302235010111e-01,-0.000000000000000000e+00,-0.000000000000000000e+00,-9.652371032283835195e-02,0.000000000000000000e+00,-4.207708331870059770e-01,-0.000000000000000000e+00,-0.000000000000000000e+00,-1.731292156381141201e-01,0.000000000000000000e+00,-1.714283609511559892e-01,-5.514442171851770963e-02,-0.000000000000000000e+00,-0.000000000000000000e+00,2.116203348954254881e+00,-7.056252104891377330e-01,-5.282918292950455896e-02,2.077293180905550873e-01,0.000000000000000000e+00,-0.000000000000000000e+00,-6.029103657918179898e-02,-0.000000000000000000e+00,-7.494864728956039668e-02,-0.000000000000000000e+00,0.000000000000000000e+00,-0.000000000000000000e+00,-0.000000000000000000e+00,-0.000000000000000000e+00,-2.647364607578170641e-03,-0.000000000000000000e+00,-2.158573737584471575e-01,0.000000000000000000e+00,-0.000000000000000000e+00,0.000000000000000000e+00,-0.000000000000000000e+00,-0.000000000000000000e+00
0.000000000000000000e+00,0.000000000000000000e+00,-0.000000000000000000e+00,-0.000000000000000000e+00,-0.000000000000000000e+00,0.000000000000000000e+00,-0.000000000000000000e+00,0.000000000000000000e+00,-1.938681536672439421e-01,0.000000000000000000e+00,0.000000000000000000e+00,-0.000000000000000000e+00,1.562655927538376677e-01,-0.000000000000000000e+00,-2.727100070598844073e-01,0.000000000000000000e+00,0.000000000000000000e+00,-7.056252104891377330e-01,1.760374485913377862e+00,-0.000000000000000000e+00,6.306737549673481491e-02,0.000000000000000000e+00,0.000000000000000000e+00,-0.000000000000000000e+00,0.000000000000000000e+00,-0.000000000000000000e+00,0.000000000000000000e+00,-0.000000000000000000e+00,-0.000000000000000000e+00,-2.164452656912069228e-01,0.000000000000000000e+00,0.000000000000000000e+00,-0.000000000000000000e+00,-1.017126027941656768e-01,5.699184497533058003e-02,-0.000000000000000000e+00,2.825719037685219814e-01,-2.317862068603862222e-02,0.000000000000000000e+00
-0.000000000000000000e+00,-0.000000000000000000e+00,-2.624860300946289526e-01,-0.000000000000000000e+00,-0.000000000000000000e+00,-0.000000000000000000e+00,-6.234678271960394924e-02,2.071261603314446947e-02,-0.000000000000000000e+00,-1.174918240884204185e-01,-0.000000000000000000e+00,-9.080023783189083986e-02,0.000000000000000000e+00,-0.000000000000000000e+00,-0.000000000000000000e+00,-1.093667954431808281e-01,0.000000000000000000e+00,-5.282918292950455896e-02,-0.000000000000000000e+00,1.570506562734151901e+00,0.000000000000000000e+00,-1.540668660951605151e-01,-1.795647664575438229e-01,-1.143776275480365007e-01,-9.377893775696919884e-03,-0.000000000000000000e+00,-0.000000000000000000e+00,0.000000000000000000e+00,-0.000000000000000000e+00,-0.000000000000000000e+00,-0.000000000000000000e+00,-2.408829756703256830e-01,-0.000000000000000000e+00,-0.000000000000000000e+00,-0.000000000000000000e+00,-0.000000000000000000e+00,-0.000000000000000000e+00,0.000000000000000000e+00,-0.000000000000000000e+00
0.000000000000000000e+00,0.000000000000000000e+00,-0.000000000000000000e+00,0.000000000000000000e+00,0.000000000000000000e+00,0.000000000000000000e+00,-0.000000000000000000e+00,-6.200749577099499144e-01,0.000000000000000000e+00,-0.000000000000000000e+00,0.000000000000000000e+00,0.000000000000000000e+00,-4.641986193338859534e-02,0.000000000000000000e+00,-0.000000000000000000e+00,-0.000000000000000000e+00,-0.000000000000000000e+00,2.077293180905550873e-01,6.306737549673481491e-02,0.000000000000000000e+00,1.619578921084926515e+00,-3.905086130519102583e-01,-0.000000000000000000e+00,0.000000000000000000e+00,0.000000000000000000e+00,-0.000000000000000000e+00,0.000000000000000000e+00,-4.555987909374035194e-01,0.000000000000000000e+00,0.000000000000000000e+00,-0.000000000000000000e+00,0.000000000000000000e+00,-0.000000000000000000e+00,5.112963658303353032e-02,0.000000000000000000e+00,-0.000000000000000000e+00,-0.000000000000000000e+00,-0.000000000000000000e+00,0.000000000000000000e+00
-0.000000000000000000e+00,-0.000000000000000000e+00,-7.698199462964371020e-02,-0.000000000000000000e+00,-0.000000000000000000e+00,-0.000000000000000000e+00,-1.076462327210210984e-01,0.000000000000000000e+00,-0.000000000000000000e+00,-2.246817445472304164e-01,-4.225854526662403687e-02,-1.721348362125816808e-02,-1.981549408492397357e-01,-0.000000000000000000e+00,-0.000000000000000000e+00,-1.809534940569885175e-01,-0.000000000000000000e+00,0.000000000000000000e+00,0.000000000000000000e+00,-1.540668660951605151e-01,-3.905086130519102583e-01,1.763962407232715357e+00,-7.931614716534611531e-02,-0.000000000000000000e+00,-0.000000000000000000e+00,-0.000000000000000000e+00,-0.000000000000000000e+00,-0.000000000000000000e+00,-0.000000000000000000e+00,0.000000000000000000e+00,-0.000000000000000000e+00,-0.000000000000000000e+00,-1.591581326857408607e-01,-0.000000000000000000e+00,-0.000000000000000000e+00,-2.850125174783159632e-01,-8.679295886958446338e-02,0.000000000000000000e+00,-0.000000000000000000e+00
-4.223680725728439639e-02,-4.564372410832975291e-01,-0.000000000000000000e+00,0.000000000000000000e+00,-0.000000000000000000e+00,0.000000000000000000e+00,-0.000000000000000000e+00,0.000000000000000000e+00,-0.000000000000000000e+00,-1.920985095077128724e-01,-0.000000000000000000e+00,-0.000000000000000000e+00,-0.000000000000000000e+00,-2.173912027428461652e-02,0.000000000000000000e+00,-3.950366820468723672e-01,0.000000000000000000e+00,-0.000000000000000000e+00,0.000000000000000000e+00,-1.795647664575438229e-01,-0.000000000000000000e+00,-7.931614716534611531e-02,2.583159891627222038e+00,-1.048255120830889342e-01,-7.862724499053771465e-01,-0.000000000000000000e+00,-0.000000000000000000e+00,-0.000000000000000000e+00,-0.000000000000000000e+00,-0.000000000000000000e+00,-0.000000000000000000e+00,-1.266114971524742727e-01,-0.000000000000000000e+00,-0.000000000000000000e+00,-0.000000000000000000e+00,-0.000000000000000000e+00,-1.417203273206761767e-02,-0.000000000000000000e+00,-3.310170424862947103e-01
-0.000000000000000000e+00,-0.000000000000000000e+00,-0.000000000000000000e+00,-0.000000000000000000e+00,-0.000000000000000000e+00,-0.000000000000000000e+00,-0.000000000000000000e+00,0.000000000000000000e+00,-0.000000000000000000e+00,-0.000000000000000000e+00,-0.000000000000000000e+00,-1.887416258617817533e-02,-0.000000000000000000e+00,-2.205704854069462928e-01,-0.000000000000000000e+00,-0.000000000000000000e+00,-0.000000000000000000e+00,-6.029103657918179898e-02,-0.000000000000000000e+00,-1.143776275480365007e-01,0.000000000000000000e+00,-0.000000000000000000e+00,-1.048255120830889342e-01,1.251598785594346230e+00,-2.484341444504378424e-02,-0.000000000000000000e+00,-0.000000000000000000e+00,0.000000000000000000e+00,-0.000000000000000000e+00,-0.000000000000000000e+00,-0.000000000000000000e+00,-2.000888061541751251e-01,-0.000000000000000000e+00,-0.000000000000000000e+00,-0.000000000000000000e+00,-0.000000000000000000e+00,-0.000000000000000000e+00,0.000000000000000000e+00,-0.000000000000000000e+00
-0.000000000000000000e+00,-1.414407650959535190e-01,-0.000000000000000000e+00,0.000000000000000000e+00,-1.066870388170430700e-01,0.000000000000000000e+00,0.000000000000000000e+00,0.000000000000000000e+00,-0.000000000000000000e+00,-1.630827201067538701e-01,0.000000000000000000e+00,-0.000000000000000000e+00,0.000000000000000000e+00,-0.000000000000000000e+00,8.565730655753320266e-02,-0.000000000000000000e+00,4.410075307063332506e-02,-0.000000000000000000e+00,0.000000000000000000e+00,-9.377893775696919884e-03,0.000000000000000000e+00,-0.000000000000000000e+00,-7.862724499053771465e-01,-2.484341444504378424e-02,1.952962176888793255e+00,0.000000000000000000e+00,-2.650520398744708781e-07,-0.000000000000000000e+00,-0.000000000000000000e+00,0.000000000000000000e+00,-9.396956469099516929e-02,-0.000000000000000000e+00,-0.000000000000000000e+00,-2.289964878790444816e-02,-0.000000000000000000e+00,0.000000000000000000e+00,-0.000000000000000000e+00,-0.000000000000000000e+00,-3.673932105280937055e-01
-0.000000000000000000e+00,-0.000000000000000000e+00,-0.000000000000000000e+00,-0.000000000000000000e+00,-0.000000000000000000e+00,-0.000000000000000000e+00,-2.061611104924274129e-01,0.000000000000000000e+00,-0.000000000000000000e+00,-0.000000000000000000e+00,-4.288142122382657684e-01,-0.000000000000000000e+00,-0.000000000000000000e+00,-0.000000000000000000e+00,-1.536241581049882510e-01,-3.168716078725014595e-02,-4.201858398857942212e-01,-7.494864728956039668e-02,-0.000000000000000000e+00,-0.000000000000000000e+00,-0.000000000000000000e+00,-0.000000000000000000e+00,-0.000000000000000000e+00,-0.000000000000000000e+00,0.000000000000000000e+00,1.942407747731797807e+00,-0.000000000000000000e+00,-1.727193720669415178e-01,-3.339858353365024457e-01,-9.051257822443352363e-02,-0.000000000000000000e+00,-0.000000000000000000e+00,-2.149127573505627276e-01,-0.000000000000000000e+00,0.000000000000000000e+00,-0.000000000000000000e+00,-0.000000000000000000e+00,-0.000000000000000000e+00,-0.000000000000000000e+00
-0.000000000000000000e+00,-0.000000000000000000e+00,-0.000000000000000000e+00,-0.000000000000000000e+00,-0.000000000000000000e+00,-0.000000000000000000e+00,-0.000000000000000000e+00,0.000000000000000000e+00,0.000000000000000000e+00,-2.966988049345127276e-01,-3.960732273884570165e-01,-3.733287194326725955e-01,-0.000000000000000000e+00,-0.000000000000000000e+00,0.000000000000000000e+00,-4.618914059764114670e-03,-0.000000000000000000e+00,-0.000000000000000000e+00,0.000000000000000000e+00,-0.000000000000000000e+00,0.000000000000000000e+00,-0.000000000000000000e+00,-0.000000000000000000e+00,-0.000000000000000000e+00,-2.650520398744708781e-07,-0.000000000000000000e+00,2.119159206777538884e+00,0.000000000000000000e+00,-1.546698500938641641e-01,0.000000000000000000e+00,-0.000000000000000000e+00,-6.692704005807643686e-01,-0.000000000000000000e+00,-0.000000000000000000e+00,-3.700819374622156543e-02,-0.000000000000000000e+00,-9.892598939988948847e-02,4.043947276150350323e-02,-1.068518405901781008e-02
-0.000000000000000000e+00,-0.000000000000000000e+00,-0.000000000000000000e+00,0.000000000000000000e+00,-0.000000000000000000e+00,0.000000000000000000e+00,0.000000000000000000e+00,-0.000000000000000000e+00,-0.000000000000000000e+00,-0.000000000000000000e+00,0.000000000000000000e+00,3.416291353768123595e-02,-0.000000000000000000e+00,0.000000000000000000e+00,-0.000000000000000000e+00,-0.000000000000000000e+00,-0.000000000000000000e+00,0.000000000000000000e+00,-0.000000000000000000e+00,0.000000000000000000e+00,-4.555987909374035194e-01,-0.000000000000000000e+00,-0.000000000000000000e+00,0.000000000000000000e+00,-0.000000000000000000e+00,-1.727193720669415178e-01,0.000000000000000000e+00,1.517324756908105865e+00,-0.000000000000000000e+00,-0.000000000000000000e+00,-1.222034223028079652e-01,0.000000000000000000e+00,-1.030785750200153943e-02,-0.000000000000000000e+00,0.000000000000000000e+00,-0.000000000000000000e+00,0.000000000000000000e+00,-6.223782793375121081e-01,-0.000000000000000000e+00
-3.533007801050496166e-01,-0.000000000000000000e+00,-0.000000000000000000e+00,-0.000000000000000000e+00,-0.000000000000000000e+00,-1.952162826360452630e-02,-9.266094721772710763e-02,0.000000000000000000e+00,-0.000000000000000000e+00,-5.255218737549494090e-02,-3.473459775008924111e-01,-0.000000000000000000e+00,-0.000000000000000000e+00,-0.000000000000000000e+00,0.000000000000000000e+00,-5.088344733310300183e-02,-0.000000000000000000e+00,-0.000000000000000000e+00,-0.000000000000000000e+00,-0.000000000000000000e+00,0.000000000000000000e+00,-0.000000000000000000e+00,-0.000000000000000000e+00,-0.000000000000000000e+00,-0.000000000000000000e+00,-3.339858353365024457e-01,-1.546698500938641641e-01,-0.000000000000000000e+00,2.368651164937305875e+00,-6.587010703208215356e-02,-0.000000000000000000e+00,-6.236842750679012504e-01,-7.985816763322479972e-02,-0.000000000000000000e+00,-1.495916949138295093e-01,-0.000000000000000000e+00,-1.468789749996306515e-01,0.000000000000000000e+00,-0.000000000000000000e+00
-1.184884287454627400e-01,-0.000000000000000000e+00,-1.820815159890986912e-01,-0.000000000000000000e+00,-0.000000000000000000e+00,-0.000000000000000000e+00,-0.000000000000000000e+00,0.000000000000000000e+00,-1.400212175692161498e-01,-0.000000000000000000e+00,-0.000000000000000000e+00,9.915632537484782988e-03,-0.000000000000000000e+00,-0.000000000000000000e+00,-0.000000000000000000e+00,-2.439245284778476450e-02,-0.000000000000000000e+00,-0.000000000000000000e+00,-2.164452656912069228e-01,-0.000000000000000000e+00,0.000000000000000000e+00,0.000000000000000000e+00,-0.000000000000000000e+00,-0.000000000000000000e+00,0.000000000000000000e+00,-9.051257822443352363e-02,0.000000000000000000e+00,-0.000000000000000000e+00,-6.587010703208215356e-02,1.249944726556913466e+00,-0.000000000000000000e+00,-0.000000000000000000e+00,-0.000000000000000000e+00,-0.000000000000000000e+00,-0.000000000000000000e+00,-0.000000000000000000e+00,0.000000000000000000e+00,-0.000000000000000000e+00,0.000000000000000000e+00
-0.000000000000000000e+00,-6.821728551598990609e-02,-0.000000000000000000e+00,1.003938523484163708e-01,-0.000000000000000000e+00,-0.000000000000000000e+00,-0.000000000000000000e+00,0.000000000000000000e+00,-0.000000000000000000e+00,-9.124625835860927792e-01,-8.132303546494366875e-02,-0.000000000000000000e+00,-0.000000000000000000e+00,-0.000000000000000000e+00,0.000000000000000000e+00,-3.158441948057221227e-01,-0.000000000000000000e+00,-0.000000000000000000e+00,0.000000000000000000e+00,-0.000000000000000000e+00,-0.000000000000000000e+00,-0.000000000000000000e+00,-0.000000000000000000e+00,-0.000000000000000000e+00,-9.396956469099516929e-02,-0.000000000000000000e+00,-0.000000000000000000e+00,-1.222034223028079652e-01,-0.000000000000000000e+00,-0.000000000000000000e+00,2.177695440017339834e+00,-0.000000000000000000e+00,-0.000000000000000000e+00,-0.000000000000000000e+00,-0.000000000000000000e+00,-0.000000000000000000e+00,-3.386687563373990892e-03,-0.000000000000000000e+00,-4.293153018928481113e-01
-1.371063092418578211e-01,-0.000000000000000000e+00,-0.000000000000000000e+00,-0.000000000000000000e+00,-0.000000000000000000e+00,-8.697565898636866466e-02,-1.347170855911999920e-01,0.000000000000000000e+00,-0.000000000000000000e+00,-1.276069827477799463e-02,-0.000000000000000000e+00,-1.147414065127729844e-02,-0.000000000000000000e+00,-4.255886910124944134e-01,0.000000000000000000e+00,-1.106879804275728713e-01,-0.000000000000000000e+00,-2.647364607578170641e-03,0.000000000000000000e+00,-2.408829756703256830e-01,0.000000000000000000e+00,-0.000000000000000000e+00,-1.266114971524742727e-01,-2.000888061541751251e-01,-0.000000000000000000e+00,-0.000000000000000000e+00,-6.692704005807643686e-01,0.000000000000000000e+00,-6.236842750679012504e-01,-0.000000000000000000e+00,-0.000000000000000000e+00,3.050466413561397694e+00,-0.000000000000000000e+00,-0.000000000000000000e+00,-1.750599764792207802e-01,-0.000000000000000000e+00,-5.891558897153389429e-01,3.804980384592889647e-02,-0.000000000000000000e+00
-0.000000000000000000e+00,-0.000000000000000000e+00,-1.482582230605122287e-01,-0.000000000000000000e+00,-0.000000000000000000e+00,-0.000000000000000000e+00,-0.000000000000000000e+00,0.000000000000000000e+00,-4.913931331578593603e-02,-0.000000000000000000e+00,-4.317982655657359725e-02,-0.000000000000000000e+00,-0.000000000000000000e+00,-6.306777298689320022e-01,-1.190936491609943804e-01,-0.000000000000000000e+00,-0.000000000000000000e+00,-0.000000000000000000e+00,-0.000000000000000000e+00,-0.000000000000000000e+00,-0.000000000000000000e+00,-1.591581326857408607e-01,-0.000000000000000000e+00,-0.000000000000000000e+00,-0.000000000000000000e+00,-2.149127573505627276e-01,-0.000000000000000000e+00,-1.030785750200153943e-02,-7.985816763322479972e-02,-0.000000000000000000e+00,-0.000000000000000000e+00,-0.000000000000000000e+00,1.944327370175096492e+00,-3.592306817625628423e-01,-0.000000000000000000e+00,-1.356335665494700082e-01,-0.000000000000000000e+00,-0.000000000000000000e+00,-0.000000000000000000e+00
-0.000000000000000000e+00,-0.000000000000000000e+00,-5.035629189693041630e-02,-0.000000000000000000e+00,-3.524945211687968705e-01,0.000000000000000000e+00,-0.000000000000000000e+00,2.725503568414334721e-01,-7.160212419545061158e-01,0.000000000000000000e+00,-0.000000000000000000e+00,-0.000000000000000000e+00,0.000000000000000000e+00,-0.000000000000000000e+00,-0.000000000000000000e+00,-0.000000000000000000e+00,1.491287210878011193e-01,-2.158573737584471575e-01,-1.017126027941656768e-01,-0.000000000000000000e+00,5.112963658303353032e-02,-0.000000000000000000e+00,-0.000000000000000000e+00,-0.000000000000000000e+00,-2.289964878790444816e-02,-0.000000000000000000e+00,-0.000000000000000000e+00,-0.000000000000000000e+00,-0.000000000000000000e+00,-0.000000000000000000e+00,-0.000000000000000000e+00,-0.000000000000000000e+00,-3.592306817625628423e-01,2.128726808765132983e+00,0.000000000000000000e+00,-0.000000000000000000e+00,0.000000000000000000e+00,-0.000000000000000000e+00,-9.877802759782894348e-04
-1.106152784199280759e-01,-1.538729004030886804e-01,-0.000000000000000000e+00,0.000000000000000000e+00,-0.000000000000000000e+00,-3.753369275610344280e-01,-0.000000000000000000e+00,0.000000000000000000e+00,0.000000000000000000e+00,-0.000000000000000000e+00,-0.000000000000000000e+00,0.000000000000000000e+00,-4.674267785641429002e-02,-0.000000000000000000e+00,3.864281354984055450e-01,-0.000000000000000000e+00,-0.000000000000000000e+00,0.000000000000000000e+00,5.699184497533058003e-02,-0.000000000000000000e+00,0.000000000000000000e+00,-0.000000000000000000e+00,-0.000000000000000000e+00,-0.000000000000000000e+00,-0.000000000000000000e+00,0.000000000000000000e+00,-3.700819374622156543e-02,0.000000000000000000e+00,-1.495916949138295093e-01,-0.000000000000000000e+00,-0.000000000000000000e+00,-1.750599764792207802e-01,-0.000000000000000000e+00,0.000000000000000000e+00,1.855546743601734550e+00,-0.000000000000000000e+00,-5.528247573808708903e-01,0.000000000000000000e+00,-0.000000000000000000e+00
-3.803338618530297532e-01,-0.000000000000000000e+00,-0.000000000000000000e+00,-0.000000000000000000e+00,-0.000000000000000000e+00,-1.592362266186274911e-01,-0.000000000000000000e+00,0.000000000000000000e+00,-0.000000000000000000e+00,-0.000000000000000000e+00,-1.920476152394109681e-01,-0.000000000000000000e+00,-5.130801288241113034e-02,-5.285562664734476668e-01,-6.676982173598938752e-02,-0.000000000000000000e+00,-0.000000000000000000e+00,-0.000000000000000000e+00,-0.000000000000000000e+00,-0.000000000000000000e+00,-0.000000000000000000e+00,-2.850125174783159632e-01,-0.000000000000000000e+00,-0.000000000000000000e+00,0.000000000000000000e+00,-0.000000000000000000e+00,-0.000000000000000000e+00,-0.000000000000000000e+00,-0.000000000000000000e+00,-0.000000000000000000e+00,-0.000000000000000000e+00,-0.000000000000000000e+00,-1.356335665494700082e-01,-0.000000000000000000e+00,-0.000000000000000000e+00,1.912895279496222622e+00,-6.940364025243042634e-02,0.000000000000000000e+00,-0.000000000000000000e+00
-0.000000000000000000e+00,-9.919589390915867222e-02,-0.000000000000000000e+00,0.000000000000000000e+00,-0.000000000000000000e+00,-7.553168502041945898e-02,-0.000000000000000000e+00,0.000000000000000000e+00,0.000000000000000000e+00,-6.636477828252110300e-02,-0.000000000000000000e+00,-0.000000000000000000e+00,-5.274590422437350767e-01,-0.000000000000000000e+00,0.000000000000000000e+00,-1.954784218289482289e-01,-0.000000000000000000e+00,0.000000000000000000e+00,2.825719037685219814e-01,-0.000000000000000000e+00,-0.000000000000000000e+00,-8.679295886958446338e-02,-1.417203273206761767e-02,-0.000000000000000000e+00,-0.000000000000000000e+00,-0.000000000000000000e+00,-9.892598939988948847e-02,0.000000000000000000e+00,-1.468789749996306515e-01,0.000000000000000000e+00,-3.386687563373990892e-03,-5.891558897153389429e-01,-0.000000000000000000e+00,0.000000000000000000e+00,-5.528247573808708903e-01,-6.940364025243042634e-02,2.398808083517439460e+00,3.837323522050893089e-03,-0.000000000000000000e+00
0.000000000000000000e+00,-0.000000000000000000e+00,-1.924493082319757020e-01,2.397147531901088757e-01,-3.031492119488417292e-02,1.908217306235595323e-01,0.000000000000000000e+00,0.000000000000000000e+00,-1.822557263999065869e-01,-0.000000000000000000e+00,0.000000000000000000e+00,0.000000000000000000e+00,0.000000000000000000e+00,0.000000000000000000e+00,-0.000000000000000000e+00,-0.000000000000000000e+00,0.000000000000000000e+00,-0.000000000000000000e+00,-2.317862068603862222e-02,0.000000000000000000e+00,-0.000000000000000000e+00,0.000000000000000000e+00,-0.000000000000000000e+00,0.000000000000000000e+00,-0.000000000000000000e+00,-0.000000000000000000e+00,4.043947276150350323e-02,-6.223782793375121081e-01,0.000000000000000000e+00,-0.000000000000000000e+00,-0.000000000000000000e+00,3.804980384592889647e-02,-0.000000000000000000e+00,-0.000000000000000000e+00,0.000000000000000000e+00,0.000000000000000000e+00,3.837323522050893089e-03,1.577162419278557159e+00,-3.352470902773194705e-01
-0.000000000000000000e+00,-1.079201299491633348e-01,-0.000000000000000000e+00,0.000000000000000000e+00,-2.709483974194433764e-01,0.000000000000000000e+00,-0.000000000000000000e+00,6.205612473754331532e-02,-6.422071643412705089e-02,-1.121216559942453117e-01,-0.000000000000000000e+00,-0.000000000000000000e+00,-0.000000000000000000e+00,-0.000000000000000000e+00,0.000000000000000000e+00,-0.000000000000000000e+00,4.427567433806905289e-02,-0.000000000000000000e+00,0.000000000000000000e+00,-0.000000000000000000e+00,0.000000000000000000e+00,-0.000000000000000000e+00,-3.310170424862947103e-01,-0.000000000000000000e+00,-3.673932105280937055e-01,-0.000000000000000000e+00,-1.068518405901781008e-02,-0.000000000000000000e+00,-0.000000000000000000e+00,0.000000000000000000e+00,-4.293153018928481113e-01,-0.000000000000000000e+00,-0.000000000000000000e+00,-9.877802759782894348e-04,-0.000000000000000000e+00,-0.000000000000000000e+00,-0.000000000000000000e+00,-3.352470902773194705e-01,2.009950700134894408e+00
