2.344808601480104837e+00,-7.358164547408262424e-01,-7.830894325919832144e-02,0.000000000000000000e+00,-0.000000000000000000e+00,-0.000000000000000000e+00,-0.000000000000000000e+00,1.557265036514238199e-01,-0.000000000000000000e+00,-8.192876238084420212e-03,-0.000000000000000000e+00,-0.000000000000000000e+00,-0.000000000000000000e+00,-6.507556407236923801e-02,-0.000000000000000000e+00,-3.922363096155001005e-01,-0.000000000000000000e+00,-0.000000000000000000e+00,-0.000000000000000000e+00,-0.000000000000000000e+00,-0.000000000000000000e+00,-0.000000000000000000e+00,-0.000000000000000000e+00,-0.000000000000000000e+00,-0.000000000000000000e+00,-3.123101666168114909e-01,-0.000000000000000000e+00,-0.000000000000000000e+00,-1.150918995325210525e-02,-4.315514963285498329e-01,-1.253863539034771046e-01,-0.000000000000000000e+00,-0.000000000000000000e+00,-0.000000000000000000e+00,-0.000000000000000000e+00,-0.000000000000000000e+00,-0.000000000000000000e+00,-0.000000000000000000e+00,-0.000000000000000000e+00
-7.358164547408262424e-01,2.312403216932849226e+00,-0.000000000000000000e+00,-0.000000000000000000e+00,-0.000000000000000000e+00,-0.000000000000000000e+00,0.000000000000000000e+00,3.570390058832913910e-02,-2.822996812237710262e-01,-2.299902737657868734e-01,-0.000000000000000000e+00,-0.000000000000000000e+00,0.000000000000000000e+00,-2.523516288634288646e-02,0.000000000000000000e+00,-6.536903248271884459e-02,-2.653834479129356730e-02,-2.180353166473153192e-01,-0.000000000000000000e+00,-0.000000000000000000e+00,-3.677869319843952989e-02,-0.000000000000000000e+00,-1.917110758813092286e-01,-0.000000000000000000e+00,-0.000000000000000000e+00,-2.054508455632511610e-01,-0.000000000000000000e+00,-0.000000000000000000e+00,-0.000000000000000000e+00,-1.515790978811165646e-01,-0.000000000000000000e+00,-0.000000000000000000e+00,0.000000000000000000e+00,0.000000000000000000e+00,0.000000000000000000e+00,0.000000000000000000e+00,-1.867013097694844928e-02,-1.278651641785371051e-01,-4.333926850113330176e-02
-7.830894325919832144e-02,-0.000000000000000000e+00,3.062431532208157670e+00,-0.000000000000000000e+00,-3.166056527291900569e-01,-0.000000000000000000e+00,-0.000000000000000000e+00,1.413614223989102303e+00,-0.000000000000000000e+00,-0.000000000000000000e+00,-0.000000000000000000e+00,-0.000000000000000000e+00,-0.000000000000000000e+00,-1.505099443428253025e-01,-0.000000000000000000e+00,-1.846465512447930390e-01,-0.000000000000000000e+00,-0.000000000000000000e+00,-1.532049380764563540e-01,-8.440706491972468917e-03,-2.785465175221411571e-01,-2.276100066813589728e-02,-0.000000000000000000e+00,-8.758179218877334277e-03,-0.000000000000000000e+00,-0.000000000000000000e+00,-0.000000000000000000e+00,-0.000000000000000000e+00,-0.000000000000000000e+00,-3.912054097543666287e-01,-0.000000000000000000e+00,-0.000000000000000000e+00,-0.000000000000000000e+00,-1.540780326730401550e-01,-0.000000000000000000e+00,-0.000000000000000000e+00,-0.000000000000000000e+00,-0.000000000000000000e+00,-0.000000000000000000e+00
0.000000000000000000e+00,-0.000000000000000000e+00,-0.000000000000000000e+00,2.730414684661858438e+00,0.000000000000000000e+00,-1.321616640189931802e-01,3.743524507282210978e-01,0.000000000000000000e+00,-2.193068278587919639e-01,-0.000000000000000000e+00,-0.000000000000000000e+00,-8.939394235011538514e-02,0.000000000000000000e+00,-0.000000000000000000e+00,5.046022076565068737e-01,-0.000000000000000000e+00,-1.100952612949913367e-01,-3.662645549232754760e-01,-0.000000000000000000e+00,-1.340409032182734439e-01,-1.406215833874787380e-01,-8.874646776168282347e-02,-3.125477813604368160e-01,-0.000000000000000000e+00,-0.000000000000000000e+00,0.000000000000000000e+00,0.000000000000000000e+00,1.461522694386851451e-01,0.000000000000000000e+00,0.000000000000000000e+00,0.000000000000000000e+00,-0.000000000000000000e+00,5.600734170512308152e-01,0.000000000000000000e+00,3.558480198958435814e-01,0.000000000000000000e+00,0.000000000000000000e+00,-0.000000000000000000e+00,-0.000000000000000000e+00
-0.000000000000000000e+00,-0.000000000000000000e+00,-3.166056527291900569e-01,0.000000000000000000e+00,2.340056246530983763e+00,0.000000000000000000e+00,-0.000000000000000000e+00,2.172538970673154046e-01,-0.000000000000000000e+00,-0.000000000000000000e+00,0.000000000000000000e+00,-0.000000000000000000e+00,0.000000000000000000e+00,-4.361764047501040520e-01,-0.000000000000000000e+00,-0.000000000000000000e+00,0.000000000000000000e+00,-0.000000000000000000e+00,-0.000000000000000000e+00,0.000000000000000000e+00,0.000000000000000000e+00,0.000000000000000000e+00,-0.000000000000000000e+00,-0.000000000000000000e+00,-0.000000000000000000e+00,-0.000000000000000000e+00,-0.000000000000000000e+00,-0.000000000000000000e+00,-0.000000000000000000e+00,-3.359133517349622844e-01,-1.446185702106927429e-01,0.000000000000000000e+00,-4.600301169326748152e-01,-6.814617618088022466e-01,-0.000000000000000000e+00,-0.000000000000000000e+00,-0.000000000000000000e+00,-3.436536819042788210e-02,-0.000000000000000000e+00
-0.000000000000000000e+00,-0.000000000000000000e+00,-0.000000000000000000e+00,-1.321616640189931802e-01,0.000000000000000000e+00,1.985987327335769104e+00,0.000000000000000000e+00,0.000000000000000000e+00,-0.000000000000000000e+00,-0.000000000000000000e+00,-3.739289450046690555e-01,-0.000000000000000000e+00,-0.000000000000000000e+00,0.000000000000000000e+00,4.080512649580777390e-02,-0.000000000000000000e+00,-3.790962077342114878e-01,-0.000000000000000000e+00,-0.000000000000000000e+00,-3.589240267010852525e-01,-2.136006640148004898e-01,-2.493271678780755451e-01,-0.000000000000000000e+00,-0.000000000000000000e+00,-0.000000000000000000e+00,-0.000000000000000000e+00,0.000000000000000000e+00,0.000000000000000000e+00,-0.000000000000000000e+00,-0.000000000000000000e+00,0.000000000000000000e+00,-0.000000000000000000e+00,2.639025045255399826e-01,0.000000000000000000e+00,0.000000000000000000e+00,0.000000000000000000e+00,-0.000000000000000000e+00,0.000000000000000000e+00,-0.000000000000000000e+00
-0.000000000000000000e+00,0.000000000000000000e+00,-0.000000000000000000e+00,3.743524507282210978e-01,-0.000000000000000000e+00,0.000000000000000000e+00,2.214352501627348868e+00,0.000000000000000000e+00,1.544918315518092888e-01,-0.000000000000000000e+00,0.000000000000000000e+00,0.000000000000000000e+00,-6.088307158309752554e-01,0.000000000000000000e+00,-6.654756123977109694e-02,-0.000000000000000000e+00,0.000000000000000000e+00,0.000000000000000000e+00,-0.000000000000000000e+00,-0.000000000000000000e+00,0.000000000000000000e+00,-0.000000000000000000e+00,0.000000000000000000e+00,-0.000000000000000000e+00,0.000000000000000000e+00,-0.000000000000000000e+00,-0.000000000000000000e+00,-3.098159473865321201e-01,-0.000000000000000000e+00,-0.000000000000000000e+00,-0.000000000000000000e+00,0.000000000000000000e+00,-2.236946337232877668e-01,-0.000000000000000000e+00,-1.932845926375165169e-01,-2.891967768852823917e-01,0.000000000000000000e+00,4.000714644543155313e-02,2.386009349632359500e-01
1.557265036514238199e-01,3.570390058832913910e-02,1.413614223989102303e+00,0.000000000000000000e+00,2.172538970673154046e-01,0.000000000000000000e+00,0.000000000000000000e+00,2.973066670045944715e+00,0.000000000000000000e+00,0.000000000000000000e+00,0.000000000000000000e+00,0.000000000000000000e+00,0.000000000000000000e+00,2.509459021047807242e-02,0.000000000000000000e+00,1.725067175370957606e-01,0.000000000000000000e+00,0.000000000000000000e+00,1.953494306656866075e-01,0.000000000000000000e+00,2.468423047316356811e-01,0.000000000000000000e+00,0.000000000000000000e+00,0.000000000000000000e+00,0.000000000000000000e+00,0.000000000000000000e+00,0.000000000000000000e+00,0.000000000000000000e+00,0.000000000000000000e+00,4.031083740234526203e-01,0.000000000000000000e+00,-0.000000000000000000e+00,0.000000000000000000e+00,1.316476288743698431e-01,0.000000000000000000e+00,0.000000000000000000e+00,0.000000000000000000e+00,0.000000000000000000e+00,0.000000000000000000e+00
-0.000000000000000000e+00,-2.822996812237710262e-01,-0.000000000000000000e+00,-2.193068278587919639e-01,-0.000000000000000000e+00,-0.000000000000000000e+00,1.544918315518092888e-01,0.000000000000000000e+00,2.936282371948526482e+00,-0.000000000000000000e+00,-0.000000000000000000e+00,-0.000000000000000000e+00,1.088947905361671853e-01,-6.814587166585198141e-02,1.749246946225085919e-01,-0.000000000000000000e+00,-1.974513830317964347e-02,-3.321239015926955584e-01,-0.000000000000000000e+00,-0.000000000000000000e+00,-0.000000000000000000e+00,-0.000000000000000000e+00,-1.054946056342925126e-01,-0.000000000000000000e+00,-5.574921198602256905e-02,-0.000000000000000000e+00,0.000000000000000000e+00,0.000000000000000000e+00,-0.000000000000000000e+00,-0.000000000000000000e+00,0.000000000000000000e+00,-0.000000000000000000e+00,0.000000000000000000e+00,-0.000000000000000000e+00,0.000000000000000000e+00,0.000000000000000000e+00,-0.000000000000000000e+00,-7.551769186083125973e-01,-8.831070170908957850e-01
-8.192876238084420212e-03,-2.299902737657868734e-01,-0.000000000000000000e+00,-0.000000000000000000e+00,-0.000000000000000000e+00,-0.000000000000000000e+00,-0.000000000000000000e+00,0.000000000000000000e+00,-0.000000000000000000e+00,2.483234052686138948e+00,-0.000000000000000000e+00,-1.415505830146351618e-01,-0.000000000000000000e+00,-0.000000000000000000e+00,-0.000000000000000000e+00,-9.909554894769950772e-01,-0.000000000000000000e+00,-5.374708957807724369e-02,-1.942895613857442694e-01,-0.000000000000000000e+00,-5.804334423670189091e-02,-0.000000000000000000e+00,-0.000000000000000000e+00,-2.193937476424710487e-01,-5.350589667479351517e-03,-2.563467370974351622e-01,-1.598891033044825549e-01,-1.186415309029036948e-02,-0.000000000000000000e+00,-1.863482219292578734e-01,-9.809053229669359442e-02,-0.000000000000000000e+00,-0.000000000000000000e+00,-0.000000000000000000e+00,-0.000000000000000000e+00,-0.000000000000000000e+00,-0.000000000000000000e+00,-0.000000000000000000e+00,-0.000000000000000000e+00
-0.000000000000000000e+00,-0.000000000000000000e+00,-0.000000000000000000e+00,-0.000000000000000000e+00,0.000000000000000000e+00,-3.739289450046690555e-01,0.000000000000000000e+00,0.000000000000000000e+00,-0.000000000000000000e+00,-0.000000000000000000e+00,2.619745107277026364e+00,0.000000000000000000e+00,0.000000000000000000e+00,-0.000000000000000000e+00,1.343065742319327627e-01,-0.000000000000000000e+00,-8.332339815107330239e-01,-0.000000000000000000e+00,0.000000000000000000e+00,-0.000000000000000000e+00,-0.000000000000000000e+00,-0.000000000000000000e+00,-0.000000000000000000e+00,-2.623177853589231945e-01,-1.849678357981430696e-02,-0.000000000000000000e+00,-0.000000000000000000e+00,-0.000000000000000000e+00,-3.685473250265226125e-02,-0.000000000000000000e+00,0.000000000000000000e+00,-8.764175294399351168e-01,0.000000000000000000e+00,5.313720644518812875e-02,-0.000000000000000000e+00,0.000000000000000000e+00,-2.193063588828079724e-01,-0.000000000000000000e+00,-0.000000000000000000e+00
-0.000000000000000000e+00,-0.000000000000000000e+00,-0.000000000000000000e+00,-8.939394235011538514e-02,-0.000000000000000000e+00,-0.000000000000000000e+00,0.000000000000000000e+00,0.000000000000000000e+00,-0.000000000000000000e+00,-1.415505830146351618e-01,0.000000000000000000e+00,1.388424888986284911e+00,-0.000000000000000000e+00,-0.000000000000000000e+00,-0.000000000000000000e+00,-1.388092329466050767e-01,0.000000000000000000e+00,-0.000000000000000000e+00,-1.092146551827078843e-01,-3.911653874861108909e-02,-0.000000000000000000e+00,-9.883199055422342560e-02,-2.294563830885884559e-01,-0.000000000000000000e+00,-0.000000000000000000e+00,-0.000000000000000000e+00,-0.000000000000000000e+00,0.000000000000000000e+00,1.400194438837728816e-01,-0.000000000000000000e+00,-0.000000000000000000e+00,0.000000000000000000e+00,0.000000000000000000e+00,-2.069823090626271012e-01,1.512197203822992497e-01,-0.000000000000000000e+00,0.000000000000000000e+00,-0.000000000000000000e+00,-1.444665604235154804e-02
-0.000000000000000000e+00,0.000000000000000000e+00,-0.000000000000000000e+00,0.000000000000000000e+00,0.000000000000000000e+00,-0.000000000000000000e+00,-6.088307158309752554e-01,0.000000000000000000e+00,1.088947905361671853e-01,-0.000000000000000000e+00,0.000000000000000000e+00,-0.000000000000000000e+00,1.663842016372426125e+00,0.000000000000000000e+00,-0.000000000000000000e+00,-0.000000000000000000e+00,6.028351745158072594e-02,0.000000000000000000e+00,-0.000000000000000000e+00,-1.505736497833067289e-01,-0.000000000000000000e+00,-2.628817130756209708e-01,0.000000000000000000e+00,-0.000000000000000000e+00,7.699649984029897920e-02,0.000000000000000000e+00,-0.000000000000000000e+00,-0.000000000000000000e+00,0.000000000000000000e+00,-0.000000000000000000e+00,-0.000000000000000000e+00,0.000000000000000000e+00,-0.000000000000000000e+00,-0.000000000000000000e+00,-0.000000000000000000e+00,-3.241104513696311806e-01,0.000000000000000000e+00,2.045937232427182673e-01,1.007107516811785314e-01
-6.507556407236923801e-02,-2.523516288634288646e-02,-1.505099443428253025e-01,-0.000000000000000000e+00,-4.361764047501040520e-01,0.000000000000000000e+00,0.000000000000000000e+00,2.509459021047807242e-02,-6.814587166585198141e-02,-0.000000000000000000e+00,-0.000000000000000000e+00,-0.000000000000000000e+00,0.000000000000000000e+00,1.834261776071034467e+00,0.000000000000000000e+00,-0.000000000000000000e+00,-0.000000000000000000e+00,-0.000000000000000000e+00,-0.000000000000000000e+00,-0.000000000000000000e+00,-0.000000000000000000e+00,-0.000000000000000000e+00,-2.785004584419211726e-01,-8.064458520380346496e-02,-5.285323796638867477e-02,-0.000000000000000000e+00,-0.000000000000000000e+00,0.000000000000000000e+00,-0.000000000000000000e+00,-7.743820500728097744e-02,-0.000000000000000000e+00,-0.000000000000000000e+00,-0.000000000000000000e+00,-1.715453769334109591e-01,0.000000000000000000e+00,-0.000000000000000000e+00,-0.000000000000000000e+00,-0.000000000000000000e+00,-3.388791370989568952e-01
-0.000000000000000000e+00,0.000000000000000000e+00,-0.000000000000000000e+00,5.046022076565068737e-01,-0.000000000000000000e+00,4.080512649580777390e-02,-6.654756123977109694e-02,0.000000000000000000e+00,1.749246946225085919e-01,-0.000000000000000000e+00,1.343065742319327627e-01,-0.000000000000000000e+00,-0.000000000000000000e+00,0.000000000000000000e+00,1.970730912200346463e+00,-0.000000000000000000e+00,3.123544888115820095e-01,0.000000000000000000e+00,-0.000000000000000000e+00,0.000000000000000000e+00,0.000000000000000000e+00,0.000000000000000000e+00,0.000000000000000000e+00,0.000000000000000000e+00,0.000000000000000000e+00,0.000000000000000000e+00,-0.000000000000000000e+00,-7.670718826956788401e-04,0.000000000000000000e+00,-0.000000000000000000e+00,-9.538046412711763747e-03,7.899002290960999151e-02,-2.414646359402188580e-01,-1.785582349326714224e-01,-0.000000000000000000e+00,-4.398808397459846864e-01,0.000000000000000000e+00,0.000000000000000000e+00,0.000000000000000000e+00
-3.922363096155001005e-01,-6.536903248271884459e-02,-1.846465512447930390e-01,-0.000000000000000000e+00,-0.000000000000000000e+00,-0.000000000000000000e+00,-0.000000000000000000e+00,1.725067175370957606e-01,-0.000000000000000000e+00,-9.909554894769950772e-01,-0.000000000000000000e+00,-1.388092329466050767e-01,-0.000000000000000000e+00,-0.000000000000000000e+00,-0.000000000000000000e+00,2.788138658001208192e+00,0.000000000000000000e+00,-0.000000000000000000e+00,-2.160187417302605328e-01,-5.689525085820652112e-02,-2.472726964794468366e-02,-9.571518773150071435e-02,-1.790389091302919955e-01,-1.877136875048912301e-01,-0.000000000000000000e+00,-0.000000000000000000e+00,-0.000000000000000000e+00,-0.000000000000000000e+00,-0.000000000000000000e+00,-2.389395922258167881e-01,-9.574989485263262629e-03,-0.000000000000000000e+00,-0.000000000000000000e+00,-0.000000000000000000e+00,-0.000000000000000000e+00,-1.287478616849780377e-01,-0.000000000000000000e+00,-0.000000000000000000e+00,-0.000000000000000000e+00
-0.000000000000000000e+00,-2.653834479129356730e-02,-0.000000000000000000e+00,-1.100952612949913367e-01,0.000000000000000000e+00,-3.790962077342114878e-01,0.000000000000000000e+00,0.000000000000000000e+00,-1.974513830317964347e-02,-0.000000000000000000e+00,-8.332339815107330239e-01,0.000000000000000000e+00,6.028351745158072594e-02,-0.000000000000000000e+00,3.123544888115820095e-01,0.000000000000000000e+00,2.119526404796885810e+00,-3.894578347977170618e-02,-0.000000000000000000e+00,-0.000000000000000000e+00,-6.058417728744901198e-02,-0.000000000000000000e+00,-0.000000000000000000e+00,-0.000000000000000000e+00,-0.000000000000000000e+00,-0.000000000000000000e+00,0.000000000000000000e+00,-0.000000000000000000e+00,-2.109215742199723465e-01,-0.000000000000000000e+00,0.000000000000000000e+00,-1.230955938409346723e-01,0.000000000000000000e+00,6.952348306110961440e-02,-0.000000000000000000e+00,0.000000000000000000e+00,-0.000000000000000000e+00,-0.000000000000000000e+00,-0.000000000000000000e+00
-0.000000000000000000e+00,-2.180353166473153192e-01,-0.000000000000000000e+00,-3.662645549232754760e-01,-0.000000000000000000e+00,-0.000000000000000000e+00,0.000000000000000000e+00,0.000000000000000000e+00,-3.321239015926955584e-01,-5.374708957807724369e-02,-0.000000000000000000e+00,-0.000000000000000000e+00,0.000000000000000000e+00,-0.000000000000000000e+00,0.000000000000000000e+00,-0.000000000000000000e+00,-3.894578347977170618e-02,2.448442671185340647e+00,-5.204470641119721686e-01,-0.000000000000000000e+00,-4.419393181900011514e-01,-0.000000000000000000e+00,-0.000000000000000000e+00,-0.000000000000000000e+00,-0.000000000000000000e+00,-0.000000000000000000e+00,0.000000000000000000e+00,-0.000000000000000000e+00,-0.000000000000000000e+00,-0.000000000000000000e+00,-0.000000000000000000e+00,-0.000000000000000000e+00,0.000000000000000000e+00,0.000000000000000000e+00,0.000000000000000000e+00,0.000000000000000000e+00,-0.000000000000000000e+00,-3.473382069748415790e-01,-2.613357173115525289e-01
-0.000000000000000000e+00,-0.000000000000000000e+00,-1.532049380764563540e-01,-0.000000000000000000e+00,-0.000000000000000000e+00,-0.000000000000000000e+00,-0.000000000000000000e+00,1.953494306656866075e-01,-0.000000000000000000e+00,-1.942895613857442694e-01,0.000000000000000000e+00,-1.092146551827078843e-01,-0.000000000000000000e+00,-0.000000000000000000e+00,-0.000000000000000000e+00,-2.160187417302605328e-01,-0.000000000000000000e+00,-5.204470641119721686e-01,1.830756423101792096e+00,-0.000000000000000000e+00,-0.000000000000000000e+00,-2.479446733254433710e-01,-0.000000000000000000e+00,-0.000000000000000000e+00,-0.000000000000000000e+00,-0.000000000000000000e+00,0.000000000000000000e+00,-0.000000000000000000e+00,-0.000000000000000000e+00,-1.280842125633541856e-02,-0.000000000000000000e+00,0.000000000000000000e+00,-0.000000000000000000e+00,-0.000000000000000000e+00,0.000000000000000000e+00,-0.000000000000000000e+00,0.000000000000000000e+00,-0.000000000000000000e+00,-0.000000000000000000e+00
-0.000000000000000000e+00,-0.000000000000000000e+00,-8.440706491972468917e-03,-1.340409032182734439e-01,0.000000000000000000e+00,-3.589240267010852525e-01,-0.000000000000000000e+00,0.000000000000000000e+00,-0.000000000000000000e+00,-0.000000000000000000e+00,-0.000000000000000000e+00,-3.911653874861108909e-02,-1.505736497833067289e-01,-0.000000000000000000e+00,0.000000000000000000e+00,-5.689525085820652112e-02,-0.000000000000000000e+00,-0.000000000000000000e+00,-0.000000000000000000e+00,2.802361177369938616e+00,-5.452569490939510599e-01,-1.360354199934292074e+00,-0.000000000000000000e+00,-2.122369503302820037e-01,-0.000000000000000000e+00,0.000000000000000000e+00,0.000000000000000000e+00,0.000000000000000000e+00,0.000000000000000000e+00,-0.000000000000000000e+00,0.000000000000000000e+00,0.000000000000000000e+00,0.000000000000000000e+00,-0.000000000000000000e+00,4.469509183842645082e-03,-0.000000000000000000e+00,0.000000000000000000e+00,0.000000000000000000e+00,-0.000000000000000000e+00
-0.000000000000000000e+00,-3.677869319843952989e-02,-2.785465175221411571e-01,-1.406215833874787380e-01,0.000000000000000000e+00,-2.136006640148004898e-01,0.000000000000000000e+00,2.468423047316356811e-01,-0.000000000000000000e+00,-5.804334423670189091e-02,-0.000000000000000000e+00,-0.000000000000000000e+00,-0.000000000000000000e+00,-0.000000000000000000e+00,0.000000000000000000e+00,-2.472726964794468366e-02,-6.058417728744901198e-02,-4.419393181900011514e-01,-0.000000000000000000e+00,-5.452569490939510599e-01,2.766179584074262454e+00,-5.253275047001846332e-01,-6.240624554454590918e-03,-4.329737054174438993e-01,-0.000000000000000000e+00,-0.000000000000000000e+00,0.000000000000000000e+00,-0.000000000000000000e+00,-0.000000000000000000e+00,-0.000000000000000000e+00,0.000000000000000000e+00,-0.000000000000000000e+00,0.000000000000000000e+00,-0.000000000000000000e+00,0.000000000000000000e+00,0.000000000000000000e+00,-0.000000000000000000e+00,-0.000000000000000000e+00,-0.000000000000000000e+00
-0.000000000000000000e+00,-0.000000000000000000e+00,-2.276100066813589728e-02,-8.874646776168282347e-02,0.000000000000000000e+00,-2.493271678780755451e-01,-0.000000000000000000e+00,0.000000000000000000e+00,-0.000000000000000000e+00,-0.000000000000000000e+00,-0.000000000000000000e+00,-9.883199055422342560e-02,-2.628817130756209708e-01,-0.000000000000000000e+00,0.000000000000000000e+00,-9.571518773150071435e-02,-0.000000000000000000e+00,-0.000000000000000000e+00,-2.479446733254433710e-01,-1.360354199934292074e+00,-5.253275047001846332e-01,2.840990704124783495e+00,-0.000000000000000000e+00,-1.396265995381543168e-01,0.000000000000000000e+00,0.000000000000000000e+00,0.000000000000000000e+00,0.000000000000000000e+00,0.000000000000000000e+00,-0.000000000000000000e+00,0.000000000000000000e+00,0.000000000000000000e+00,0.000000000000000000e+00,-0.000000000000000000e+00,2.141451025287114882e-02,-0.000000000000000000e+00,0.000000000000000000e+00,0.000000000000000000e+00,-0.000000000000000000e+00
-0.000000000000000000e+00,-1.917110758813092286e-01,-0.000000000000000000e+00,-3.125477813604368160e-01,-0.000000000000000000e+00,-0.000000000000000000e+00,0.000000000000000000e+00,0.000000000000000000e+00,-1.054946056342925126e-01,-0.000000000000000000e+00,-0.000000000000000000e+00,-2.294563830885884559e-01,0.000000000000000000e+00,-2.785004584419211726e-01,0.000000000000000000e+00,-1.790389091302919955e-01,-0.000000000000000000e+00,-0.000000000000000000e+00,-0.000000000000000000e+00,-0.000000000000000000e+00,-6.240624554454590918e-03,-0.000000000000000000e+00,2.404499453409351784e+00,-4.158707877386448870e-01,-7.791353961068244738e-01,-0.000000000000000000e+00,-0.000000000000000000e+00,0.000000000000000000e+00,0.000000000000000000e+00,-0.000000000000000000e+00,-0.000000000000000000e+00,-1.059651710371785904e-01,0.000000000000000000e+00,0.000000000000000000e+00,0.000000000000000000e+00,-0.000000000000000000e+00,-0.000000000000000000e+00,-1.120923027514850005e-02,-3.723336493239330636e-02
-0.000000000000000000e+00,-0.000000000000000000e+00,-8.758179218877334277e-03,-0.000000000000000000e+00,-0.000000000000000000e+00,-0.000000000000000000e+00,-0.000000000000000000e+00,0.000000000000000000e+00,-0.000000000000000000e+00,-2.193937476424710487e-01,-2.623177853589231945e-01,-0.000000000000000000e+00,-0.000000000000000000e+00,-8.064458520380346496e-02,0.000000000000000000e+00,-1.877136875048912301e-01,-0.000000000000000000e+00,-0.000000000000000000e+00,-0.000000000000000000e+00,-2.122369503302820037e-01,-4.329737054174438993e-01,-1.396265995381543168e-01,-4.158707877386448870e-01,2.093028065819907635e+00,-4.127560404011276080e-02,-0.000000000000000000e+00,-0.000000000000000000e+00,-0.000000000000000000e+00,-0.000000000000000000e+00,-1.295348900222355326e-02,-0.000000000000000000e+00,-3.958619549244820485e-02,0.000000000000000000e+00,-0.000000000000000000e+00,0.000000000000000000e+00,-0.000000000000000000e+00,-0.000000000000000000e+00,-0.000000000000000000e+00,-0.000000000000000000e+00
-0.000000000000000000e+00,-0.000000000000000000e+00,-0.000000000000000000e+00,-0.000000000000000000e+00,-0.000000000000000000e+00,-0.000000000000000000e+00,0.000000000000000000e+00,0.000000000000000000e+00,-5.574921198602256905e-02,-5.350589667479351517e-03,-1.849678357981430696e-02,-0.000000000000000000e+00,7.699649984029897920e-02,-5.285323796638867477e-02,0.000000000000000000e+00,-0.000000000000000000e+00,-0.000000000000000000e+00,-0.000000000000000000e+00,-0.000000000000000000e+00,-0.000000000000000000e+00,-0.000000000000000000e+00,0.000000000000000000e+00,-7.791353961068244738e-01,-4.127560404011276080e-02,1.973371663322481373e+00,-0.000000000000000000e+00,-9.314275189871923377e-02,-0.000000000000000000e+00,-0.000000000000000000e+00,-2.372881418994208028e-02,-0.000000000000000000e+00,-6.600115430139869011e-02,-0.000000000000000000e+00,0.000000000000000000e+00,0.000000000000000000e+00,0.000000000000000000e+00,-2.083928775656522514e-01,-1.910272363456601589e-03,-4.654763703679486442e-01
-3.123101666168114909e-01,-2.054508455632511610e-01,-0.000000000000000000e+00,0.000000000000000000e+00,-0.000000000000000000e+00,-0.000000000000000000e+00,-0.000000000000000000e+00,0.000000000000000000e+00,-0.000000000000000000e+00,-2.563467370974351622e-01,-0.000000000000000000e+00,-0.000000000000000000e+00,0.000000000000000000e+00,-0.000000000000000000e+00,0.000000000000000000e+00,-0.000000000000000000e+00,-0.000000000000000000e+00,-0.000000000000000000e+00,-0.000000000000000000e+00,0.000000000000000000e+00,-0.000000000000000000e+00,0.000000000000000000e+00,-0.000000000000000000e+00,-0.000000000000000000e+00,-0.000000000000000000e+00,2.223054903394105164e+00,-5.582473840407412569e-01,-3.363599537680777019e-01,-1.637354342418199937e-01,-0.000000000000000000e+00,-1.115250147031077721e-01,-2.640875391237803571e-01,-0.000000000000000000e+00,0.000000000000000000e+00,-0.000000000000000000e+00,-0.000000000000000000e+00,-1.990636806056461372e-01,-0.000000000000000000e+00,-0.000000000000000000e+00
-0.000000000000000000e+00,-0.000000000000000000e+00,-0.000000000000000000e+00,0.000000000000000000e+00,-0.000000000000000000e+00,0.000000000000000000e+00,-0.000000000000000000e+00,0.000000000000000000e+00,0.000000000000000000e+00,-1.598891033044825549e-01,-0.000000000000000000e+00,-0.000000000000000000e+00,-0.000000000000000000e+00,-0.000000000000000000e+00,-0.000000000000000000e+00,-0.000000000000000000e+00,0.000000000000000000e+00,0.000000000000000000e+00,0.000000000000000000e+00,0.000000000000000000e+00,0.000000000000000000e+00,0.000000000000000000e+00,-0.000000000000000000e+00,-0.000000000000000000e+00,-9.314275189871923377e-02,-5.582473840407412569e-01,2.004642388873062675e+00,-1.977698997195581898e-01,-0.000000000000000000e+00,-0.000000000000000000e+00,-7.782710413315652165e-01,-0.000000000000000000e+00,-0.000000000000000000e+00,-0.000000000000000000e+00,-0.000000000000000000e+00,-2.183153049714243663e-02,-0.000000000000000000e+00,-0.000000000000000000e+00,0.000000000000000000e+00
-0.000000000000000000e+00,-0.000000000000000000e+00,-0.000000000000000000e+00,1.461522694386851451e-01,-0.000000000000000000e+00,0.000000000000000000e+00,-3.098159473865321201e-01,0.000000000000000000e+00,0.000000000000000000e+00,-1.186415309029036948e-02,-0.000000000000000000e+00,0.000000000000000000e+00,-0.000000000000000000e+00,0.000000000000000000e+00,-7.670718826956788401e-04,-0.000000000000000000e+00,-0.000000000000000000e+00,-0.000000000000000000e+00,-0.000000000000000000e+00,0.000000000000000000e+00,-0.000000000000000000e+00,0.000000000000000000e+00,0.000000000000000000e+00,-0.000000000000000000e+00,-0.000000000000000000e+00,-3.363599537680777019e-01,-1.977698997195581898e-01,2.116482462371960249e+00,-2.253530422502941499e-01,-0.000000000000000000e+00,-5.564228731254154958e-01,-0.000000000000000000e+00,-0.000000000000000000e+00,-0.000000000000000000e+00,-3.522214217355817412e-01,-1.029574701583760854e-01,-2.815690024726914126e-02,0.000000000000000000e+00,0.000000000000000000e+00
-1.150918995325210525e-02,-0.000000000000000000e+00,-0.000000000000000000e+00,0.000000000000000000e+00,-0.000000000000000000e+00,-0.000000000000000000e+00,-0.000000000000000000e+00,0.000000000000000000e+00,-0.000000000000000000e+00,-0.000000000000000000e+00,-3.685473250265226125e-02,1.400194438837728816e-01,0.000000000000000000e+00,-0.000000000000000000e+00,0.000000000000000000e+00,-0.000000000000000000e+00,-2.109215742199723465e-01,-0.000000000000000000e+00,-0.000000000000000000e+00,0.000000000000000000e+00,-0.000000000000000000e+00,0.000000000000000000e+00,0.000000000000000000e+00,-0.000000000000000000e+00,-0.000000000000000000e+00,-1.637354342418199937e-01,-0.000000000000000000e+00,-2.253530422502941499e-01,2.089332640287573373e+00,-1.171441202115970637e-01,-0.000000000000000000e+00,-1.497025824401861382e-01,-0.000000000000000000e+00,0.000000000000000000e+00,-6.569940102594897802e-01,-0.000000000000000000e+00,-6.326295764796122656e-01,0.000000000000000000e+00,0.000000000000000000e+00
-4.315514963285498329e-01,-1.515790978811165646e-01,-3.912054097543666287e-01,0.000000000000000000e+00,-3.359133517349622844e-01,-0.000000000000000000e+00,-0.000000000000000000e+00,4.031083740234526203e-01,-0.000000000000000000e+00,-1.863482219292578734e-01,-0.000000000000000000e+00,-0.000000000000000000e+00,-0.000000000000000000e+00,-7.743820500728097744e-02,-0.000000000000000000e+00,-2.389395922258167881e-01,-0.000000000000000000e+00,-0.000000000000000000e+00,-1.280842125633541856e-02,-0.000000000000000000e+00,-0.000000000000000000e+00,-0.000000000000000000e+00,-0.000000000000000000e+00,-1.295348900222355326e-02,-2.372881418994208028e-02,-0.000000000000000000e+00,-0.000000000000000000e+00,-0.000000000000000000e+00,-1.171441202115970637e-01,2.413413763595061656e+00,-1.953264333646142960e-03,-0.000000000000000000e+00,-3.305191283698563631e-02,-0.000000000000000000e+00,-0.000000000000000000e+00,-0.000000000000000000e+00,-0.000000000000000000e+00,-0.000000000000000000e+00,-6.918886980142108234e-02
-1.253863539034771046e-01,-0.000000000000000000e+00,-0.000000000000000000e+00,0.000000000000000000e+00,-1.446185702106927429e-01,0.000000000000000000e+00,-0.000000000000000000e+00,0.000000000000000000e+00,0.000000000000000000e+00,-9.809053229669359442e-02,0.000000000000000000e+00,-0.000000000000000000e+00,-0.000000000000000000e+00,-0.000000000000000000e+00,-9.538046412711763747e-03,-9.574989485263262629e-03,0.000000000000000000e+00,-0.000000000000000000e+00,-0.000000000000000000e+00,0.000000000000000000e+00,0.000000000000000000e+00,0.000000000000000000e+00,-0.000000000000000000e+00,-0.000000000000000000e+00,-0.000000000000000000e+00,-1.115250147031077721e-01,-7.782710413315652165e-01,-5.564228731254154958e-01,-0.000000000000000000e+00,-1.953264333646142960e-03,2.467992548648919371e+00,-0.000000000000000000e+00,-5.227619567093072517e-01,-0.000000000000000000e+00,-1.890689659256197530e-01,-1.395813413671346051e-02,-1.876563988170721065e-01,-0.000000000000000000e+00,-0.000000000000000000e+00
-0.000000000000000000e+00,-0.000000000000000000e+00,-0.000000000000000000e+00,-0.000000000000000000e+00,0.000000000000000000e+00,-0.000000000000000000e+00,0.000000000000000000e+00,-0.000000000000000000e+00,-0.000000000000000000e+00,-0.000000000000000000e+00,-8.764175294399351168e-01,0.000000000000000000e+00,0.000000000000000000e+00,-0.000000000000000000e+00,7.899002290960999151e-02,-0.000000000000000000e+00,-1.230955938409346723e-01,-0.000000000000000000e+00,0.000000000000000000e+00,0.000000000000000000e+00,-0.000000000000000000e+00,0.000000000000000000e+00,-1.059651710371785904e-01,-3.958619549244820485e-02,-6.600115430139869011e-02,-2.640875391237803571e-01,-0.000000000000000000e+00,-0.000000000000000000e+00,-1.497025824401861382e-01,-0.000000000000000000e+00,-0.000000000000000000e+00,2.384734390090457623e+00,0.000000000000000000e+00,0.000000000000000000e+00,-0.000000000000000000e+00,0.000000000000000000e+00,-7.203281557368181875e-01,-0.000000000000000000e+00,-0.000000000000000000e+00
-0.000000000000000000e+00,0.000000000000000000e+00,-0.000000000000000000e+00,5.600734170512308152e-01,-4.600301169326748152e-01,2.639025045255399826e-01,-2.236946337232877668e-01,0.000000000000000000e+00,0.000000000000000000e+00,-0.000000000000000000e+00,0.000000000000000000e+00,0.000000000000000000e+00,-0.000000000000000000e+00,-0.000000000000000000e+00,-2.414646359402188580e-01,-0.000000000000000000e+00,0.000000000000000000e+00,0.000000000000000000e+00,-0.000000000000000000e+00,0.000000000000000000e+00,0.000000000000000000e+00,0.000000000000000000e+00,0.000000000000000000e+00,0.000000000000000000e+00,-0.000000000000000000e+00,-0.000000000000000000e+00,-0.000000000000000000e+00,-0.000000000000000000e+00,-0.000000000000000000e+00,-3.305191283698563631e-02,-5.227619567093072517e-01,0.000000000000000000e+00,2.262259893480567552e+00,-1.835860471553034737e-02,-3.063315081808271612e-01,-1.415890920661790897e-01,-0.000000000000000000e+00,0.000000000000000000e+00,0.000000000000000000e+00
-0.000000000000000000e+00,0.000000000000000000e+00,-1.540780326730401550e-01,0.000000000000000000e+00,-6.814617618088022466e-01,0.000000000000000000e+00,-0.000000000000000000e+00,1.316476288743698431e-01,-0.000000000000000000e+00,-0.000000000000000000e+00,5.313720644518812875e-02,-2.069823090626271012e-01,-0.000000000000000000e+00,-1.715453769334109591e-01,-1.785582349326714224e-01,-0.000000000000000000e+00,6.952348306110961440e-02,0.000000000000000000e+00,-0.000000000000000000e+00,-0.000000000000000000e+00,-0.000000000000000000e+00,-0.000000000000000000e+00,0.000000000000000000e+00,-0.000000000000000000e+00,0.000000000000000000e+00,0.000000000000000000e+00,-0.000000000000000000e+00,-0.000000000000000000e+00,0.000000000000000000e+00,-0.000000000000000000e+00,-0.000000000000000000e+00,0.000000000000000000e+00,-1.835860471553034737e-02,1.719041627110463155e+00,-0.000000000000000000e+00,-1.628591689894294259e-01,0.000000000000000000e+00,-0.000000000000000000e+00,-0.000000000000000000e+00
-0.000000000000000000e+00,0.000000000000000000e+00,-0.000000000000000000e+00,3.558480198958435814e-01,-0.000000000000000000e+00,0.000000000000000000e+00,-1.932845926375165169e-01,0.000000000000000000e+00,0.000000000000000000e+00,-0.000000000000000000e+00,-0.000000000000000000e+00,1.512197203822992497e-01,-0.000000000000000000e+00,0.000000000000000000e+00,-0.000000000000000000e+00,-0.000000000000000000e+00,-0.000000000000000000e+00,0.000000000000000000e+00,0.000000000000000000e+00,4.469509183842645082e-03,0.000000000000000000e+00,2.141451025287114882e-02,0.000000000000000000e+00,0.000000000000000000e+00,0.000000000000000000e+00,-0.000000000000000000e+00,-0.000000000000000000e+00,-3.522214217355817412e-01,-6.569940102594897802e-01,-0.000000000000000000e+00,-1.890689659256197530e-01,-0.000000000000000000e+00,-3.063315081808271612e-01,-0.000000000000000000e+00,2.084230394928441754e+00,-0.000000000000000000e+00,-1.029184303232404812e-01,4.988607780088867572e-04,0.000000000000000000e+00
-0.000000000000000000e+00,0.000000000000000000e+00,-0.000000000000000000e+00,0.000000000000000000e+00,-0.000000000000000000e+00,0.000000000000000000e+00,-2.891967768852823917e-01,0.000000000000000000e+00,0.000000000000000000e+00,-0.000000000000000000e+00,0.000000000000000000e+00,-0.000000000000000000e+00,-3.241104513696311806e-01,-0.000000000000000000e+00,-4.398808397459846864e-01,-1.287478616849780377e-01,0.000000000000000000e+00,0.000000000000000000e+00,-0.000000000000000000e+00,-0.000000000000000000e+00,0.000000000000000000e+00,-0.000000000000000000e+00,-0.000000000000000000e+00,-0.000000000000000000e+00,0.000000000000000000e+00,-0.000000000000000000e+00,-2.183153049714243663e-02,-1.029574701583760854e-01,-0.000000000000000000e+00,-0.000000000000000000e+00,-1.395813413671346051e-02,0.000000000000000000e+00,-1.415890920661790897e-01,-1.628591689894294259e-01,-0.000000000000000000e+00,1.640863957140773044e+00,-0.000000000000000000e+00,0.000000000000000000e+00,0.000000000000000000e+00
-0.000000000000000000e+00,-1.867013097694844928e-02,-0.000000000000000000e+00,0.000000000000000000e+00,-0.000000000000000000e+00,-0.000000000000000000e+00,0.000000000000000000e+00,0.000000000000000000e+00,-0.000000000000000000e+00,-0.000000000000000000e+00,-2.193063588828079724e-01,0.000000000000000000e+00,0.000000000000000000e+00,-0.000000000000000000e+00,0.000000000000000000e+00,-0.000000000000000000e+00,-0.000000000000000000e+00,-0.000000000000000000e+00,0.000000000000000000e+00,0.000000000000000000e+00,-0.000000000000000000e+00,0.000000000000000000e+00,-0.000000000000000000e+00,-0.000000000000000000e+00,-2.083928775656522514e-01,-1.990636806056461372e-01,-0.000000000000000000e+00,-2.815690024726914126e-02,-6.326295764796122656e-01,-0.000000000000000000e+00,-1.876563988170721065e-01,-7.203281557368181875e-01,-0.000000000000000000e+00,0.000000000000000000e+00,-1.029184303232404812e-01,-0.000000000000000000e+00,2.237860441249670096e+00,-0.000000000000000000e+00,-0.000000000000000000e+00
-0.000000000000000000e+00,-1.278651641785371051e-01,-0.000000000000000000e+00,-0.000000000000000000e+00,-3.436536819042788210e-02,0.000000000000000000e+00,4.000714644543155313e-02,0.000000000000000000e+00,-7.551769186083125973e-01,-0.000000000000000000e+00,-0.000000000000000000e+00,-0.000000000000000000e+00,2.045937232427182673e-01,-0.000000000000000000e+00,0.000000000000000000e+00,-0.000000000000000000e+00,-0.000000000000000000e+00,-3.473382069748415790e-01,-0.000000000000000000e+00,0.000000000000000000e+00,-0.000000000000000000e+00,0.000000000000000000e+00,-1.120923027514850005e-02,-0.000000000000000000e+00,-1.910272363456601589e-03,-0.000000000000000000e+00,-0.000000000000000000e+00,0.000000000000000000e+00,0.000000000000000000e+00,-0.000000000000000000e+00,-0.000000000000000000e+00,-0.000000000000000000e+00,0.000000000000000000e+00,-0.000000000000000000e+00,4.988607780088867572e-04,0.000000000000000000e+00,-0.000000000000000000e+00,2.495796116366060691e+00,-8.466323076899885391e-01
-0.000000000000000000e+00,-4.333926850113330176e-02,-0.000000000000000000e+00,-0.000000000000000000e+00,-0.000000000000000000e+00,-0.000000000000000000e+00,2.386009349632359500e-01,0.000000000000000000e+00,-8.831070170908957850e-01,-0.000000000000000000e+00,-0.000000000000000000e+00,-1.444665604235154804e-02,1.007107516811785314e-01,-3.388791370989568952e-01,0.000000000000000000e+00,-0.000000000000000000e+00,-0.000000000000000000e+00,-2.613357173115525289e-01,-0.000000000000000000e+00,-0.000000000000000000e+00,-0.000000000000000000e+00,-0.000000000000000000e+00,-3.723336493239330636e-02,-0.000000000000000000e+00,-4.654763703679486442e-01,-0.000000000000000000e+00,0.000000000000000000e+00,0.000000000000000000e+00,0.000000000000000000e+00,-6.918886980142108234e-02,-0.000000000000000000e+00,-0.000000000000000000e+00,0.000000000000000000e+00,-0.000000000000000000e+00,0.000000000000000000e+00,0.000000000000000000e+00,-0.000000000000000000e+00,-8.466323076899885391e-01,3.028522739609623926e+00
