1.805774049270054693e+00,0.000000000000000000e+00,-0.000000000000000000e+00,-0.000000000000000000e+00,-0.000000000000000000e+00,7.370934729159502041e-02,0.000000000000000000e+00,0.000000000000000000e+00,-1.644072341958876804e-01,-2.514128091651271490e-02,8.553725262515089744e-02,-0.000000000000000000e+00,0.000000000000000000e+00,-0.000000000000000000e+00,-3.472875555700960515e-01,-1.196829413763658007e-01,1.069611942657814063e-01,-1.212867438600501585e-01,-0.000000000000000000e+00,-0.000000000000000000e+00,0.000000000000000000e+00,-9.282797239947485068e-02,0.000000000000000000e+00,6.165859422539163998e-02,0.000000000000000000e+00,-6.586998208468247684e-02,-0.000000000000000000e+00,0.000000000000000000e+00,0.000000000000000000e+00,-0.000000000000000000e+00,-0.000000000000000000e+00,0.000000000000000000e+00,-0.000000000000000000e+00,-0.000000000000000000e+00,0.000000000000000000e+00,0.000000000000000000e+00,0.000000000000000000e+00,-4.833534015722285027e-01,-0.000000000000000000e+00
0.000000000000000000e+00,1.687917184937680393e+00,-0.000000000000000000e+00,-0.000000000000000000e+00,0.000000000000000000e+00,-0.000000000000000000e+00,-0.000000000000000000e+00,0.000000000000000000e+00,-0.000000000000000000e+00,-0.000000000000000000e+00,-1.060836853109170808e-01,0.000000000000000000e+00,-0.000000000000000000e+00,0.000000000000000000e+00,5.762730391141259595e-02,1.940159221030939365e-02,-5.790619368101440623e-02,0.000000000000000000e+00,0.000000000000000000e+00,0.000000000000000000e+00,-0.000000000000000000e+00,0.000000000000000000e+00,-0.000000000000000000e+00,-6.261655722799980544e-04,-1.281471619819492085e-02,0.000000000000000000e+00,1.826773835413152136e-01,-0.000000000000000000e+00,-3.043168893862411295e-01,-0.000000000000000000e+00,0.000000000000000000e+00,-3.611331183642348397e-01,-0.000000000000000000e+00,-0.000000000000000000e+00,-0.000000000000000000e+00,-0.000000000000000000e+00,-2.995316320110116837e-01,0.000000000000000000e+00,-1.191632506399976504e-01
-0.000000000000000000e+00,-0.000000000000000000e+00,2.092648895285077248e+00,-3.806162023577173981e-02,0.000000000000000000e+00,-0.000000000000000000e+00,-0.000000000000000000e+00,1.185106259152170827e+00,0.000000000000000000e+00,-0.000000000000000000e+00,0.000000000000000000e+00,-0.000000000000000000e+00,-1.146894262469724118e-01,5.730885492602166148e-02,0.000000000000000000e+00,0.000000000000000000e+00,0.000000000000000000e+00,-0.000000000000000000e+00,-7.946245896550414856e-02,0.000000000000000000e+00,-3.596291499001128544e-01,-0.000000000000000000e+00,-0.000000000000000000e+00,-0.000000000000000000e+00,-0.000000000000000000e+00,0.000000000000000000e+00,0.000000000000000000e+00,-0.000000000000000000e+00,-0.000000000000000000e+00,0.000000000000000000e+00,0.000000000000000000e+00,0.000000000000000000e+00,-0.000000000000000000e+00,-0.000000000000000000e+00,0.000000000000000000e+00,7.826399715454777917e-02,-0.000000000000000000e+00,0.000000000000000000e+00,0.000000000000000000e+00
-0.000000000000000000e+00,-0.000000000000000000e+00,-3.806162023577173981e-02,1.016885569134910794e+00,-0.000000000000000000e+00,0.000000000000000000e+00,-0.000000000000000000e+00,1.868227089507215090e-03,0.000000000000000000e+00,-0.000000000000000000e+00,0.000000000000000000e+00,-0.000000000000000000e+00,-0.000000000000000000e+00,4.307364070627429931e-02,0.000000000000000000e+00,0.000000000000000000e+00,0.000000000000000000e+00,-0.000000000000000000e+00,-1.101113864004799880e-01,0.000000000000000000e+00,-0.000000000000000000e+00,-0.000000000000000000e+00,0.000000000000000000e+00,0.000000000000000000e+00,0.000000000000000000e+00,0.000000000000000000e+00,-0.000000000000000000e+00,-0.000000000000000000e+00,0.000000000000000000e+00,-0.000000000000000000e+00,-0.000000000000000000e+00,0.000000000000000000e+00,-0.000000000000000000e+00,-0.000000000000000000e+00,0.000000000000000000e+00,-0.000000000000000000e+00,0.000000000000000000e+00,0.000000000000000000e+00,-0.000000000000000000e+00
-0.000000000000000000e+00,0.000000000000000000e+00,0.000000000000000000e+00,-0.000000000000000000e+00,1.924583175081801434e+00,4.078717839883842788e-02,0.000000000000000000e+00,0.000000000000000000e+00,-0.000000000000000000e+00,-0.000000000000000000e+00,0.000000000000000000e+00,-1.809216740748305352e-01,0.000000000000000000e+00,-6.590746723355901671e-02,-3.037750489383799282e-02,-0.000000000000000000e+00,0.000000000000000000e+00,-7.842034711505962985e-02,-1.768643122086182018e-01,-0.000000000000000000e+00,0.000000000000000000e+00,-0.000000000000000000e+00,0.000000000000000000e+00,0.000000000000000000e+00,0.000000000000000000e+00,-5.180285561745537892e-01,-4.417568805251068653e-01,-0.000000000000000000e+00,0.000000000000000000e+00,-0.000000000000000000e+00,-6.625433720336793009e-02,0.000000000000000000e+00,-0.000000000000000000e+00,-3.057622113616654258e-01,0.000000000000000000e+00,-1.626851322916519627e-01,0.000000000000000000e+00,-0.000000000000000000e+00,-0.000000000000000000e+00
7.370934729159502041e-02,-0.000000000000000000e+00,-0.000000000000000000e+00,0.000000000000000000e+00,4.078717839883842788e-02,2.756324590048066181e+00,-2.800183037540537878e-01,0.000000000000000000e+00,0.000000000000000000e+00,0.000000000000000000e+00,-0.000000000000000000e+00,0.000000000000000000e+00,-0.000000000000000000e+00,0.000000000000000000e+00,5.641870241527325441e-02,0.000000000000000000e+00,-0.000000000000000000e+00,1.684661774008587576e-01,0.000000000000000000e+00,0.000000000000000000e+00,-0.000000000000000000e+00,0.000000000000000000e+00,-2.715112861435269309e-01,-5.434854573488199225e-01,-2.668948379739440324e-01,1.671773553497394871e-01,3.485819950760899455e-01,0.000000000000000000e+00,-1.992047270452253771e-01,-0.000000000000000000e+00,2.783459404445722332e-02,-0.000000000000000000e+00,0.000000000000000000e+00,-0.000000000000000000e+00,-1.453343892300721918e-01,0.000000000000000000e+00,-3.806562368712807509e-01,0.000000000000000000e+00,0.000000000000000000e+00
0.000000000000000000e+00,-0.000000000000000000e+00,-0.000000000000000000e+00,-0.000000000000000000e+00,0.000000000000000000e+00,-2.800183037540537878e-01,1.492661699223913896e+00,0.000000000000000000e+00,0.000000000000000000e+00,-0.000000000000000000e+00,-0.000000000000000000e+00,1.950216229442031934e-01,-0.000000000000000000e+00,9.723924589194704593e-02,1.064194000692678249e-01,0.000000000000000000e+00,-0.000000000000000000e+00,1.059733272537379672e-01,0.000000000000000000e+00,-0.000000000000000000e+00,-0.000000000000000000e+00,0.000000000000000000e+00,-8.315901518298969564e-02,-1.141618161096379092e-01,-0.000000000000000000e+00,8.668458175088046558e-02,8.871631077915347052e-02,-0.000000000000000000e+00,-0.000000000000000000e+00,-0.000000000000000000e+00,0.000000000000000000e+00,-0.000000000000000000e+00,0.000000000000000000e+00,0.000000000000000000e+00,-8.513639934871782347e-03,-0.000000000000000000e+00,-0.000000000000000000e+00,0.000000000000000000e+00,3.622832578637527612e-02
0.000000000000000000e+00,0.000000000000000000e+00,1.185106259152170827e+00,1.868227089507215090e-03,0.000000000000000000e+00,0.000000000000000000e+00,0.000000000000000000e+00,2.167200397075538909e+00,-0.000000000000000000e+00,0.000000000000000000e+00,-0.000000000000000000e+00,0.000000000000000000e+00,1.965761927165293188e-01,-0.000000000000000000e+00,-0.000000000000000000e+00,-0.000000000000000000e+00,-0.000000000000000000e+00,0.000000000000000000e+00,1.136645012557471052e-01,-0.000000000000000000e+00,3.581681624747309334e-01,2.699969703560803347e-02,0.000000000000000000e+00,0.000000000000000000e+00,0.000000000000000000e+00,-0.000000000000000000e+00,-0.000000000000000000e+00,0.000000000000000000e+00,-0.000000000000000000e+00,-0.000000000000000000e+00,-0.000000000000000000e+00,-0.000000000000000000e+00,1.568067331096355266e-01,0.000000000000000000e+00,-0.000000000000000000e+00,-0.000000000000000000e+00,0.000000000000000000e+00,-0.000000000000000000e+00,-0.000000000000000000e+00
-1.644072341958876804e-01,-0.000000000000000000e+00,0.000000000000000000e+00,0.000000000000000000e+00,-0.000000000000000000e+00,0.000000000000000000e+00,0.000000000000000000e+00,-0.000000000000000000e+00,1.910272019349714023e+00,-2.629774084087247998e-01,0.000000000000000000e+00,-0.000000000000000000e+00,0.000000000000000000e+00,-0.000000000000000000e+00,-7.957663776529617927e-02,-6.736555599842630748e-02,0.000000000000000000e+00,-0.000000000000000000e+00,-0.000000000000000000e+00,-0.000000000000000000e+00,0.000000000000000000e+00,-0.000000000000000000e+00,0.000000000000000000e+00,0.000000000000000000e+00,0.000000000000000000e+00,-3.529557502926913837e-01,-0.000000000000000000e+00,0.000000000000000000e+00,0.000000000000000000e+00,-2.412096552925233062e-01,-0.000000000000000000e+00,0.000000000000000000e+00,0.000000000000000000e+00,-5.409377401363076737e-02,0.000000000000000000e+00,-0.000000000000000000e+00,0.000000000000000000e+00,-4.104879308065574883e-01,-3.741110461063596460e-01
-2.514128091651271490e-02,-0.000000000000000000e+00,-0.000000000000000000e+00,-0.000000000000000000e+00,-0.000000000000000000e+00,0.000000000000000000e+00,-0.000000000000000000e+00,0.000000000000000000e+00,-2.629774084087247998e-01,1.581254504950086792e+00,0.000000000000000000e+00,-0.000000000000000000e+00,0.000000000000000000e+00,-0.000000000000000000e+00,-0.000000000000000000e+00,-4.676802088150596171e-01,0.000000000000000000e+00,-0.000000000000000000e+00,-0.000000000000000000e+00,0.000000000000000000e+00,0.000000000000000000e+00,-0.000000000000000000e+00,-0.000000000000000000e+00,-0.000000000000000000e+00,-0.000000000000000000e+00,-0.000000000000000000e+00,0.000000000000000000e+00,0.000000000000000000e+00,-0.000000000000000000e+00,-2.168552741172168896e-01,0.000000000000000000e+00,0.000000000000000000e+00,0.000000000000000000e+00,-1.518667869468596221e-01,-0.000000000000000000e+00,0.000000000000000000e+00,-0.000000000000000000e+00,-2.150072689577026408e-01,-6.851833291983945584e-02
8.553725262515089744e-02,-1.060836853109170808e-01,0.000000000000000000e+00,0.000000000000000000e+00,0.000000000000000000e+00,-0.000000000000000000e+00,-0.000000000000000000e+00,-0.000000000000000000e+00,0.000000000000000000e+00,0.000000000000000000e+00,2.182567660191701897e+00,0.000000000000000000e+00,0.000000000000000000e+00,0.000000000000000000e+00,6.791341098798063525e-02,0.000000000000000000e+00,-8.099502929468281875e-01,1.240889997763885283e-02,0.000000000000000000e+00,0.000000000000000000e+00,0.000000000000000000e+00,7.230947935461902454e-02,-0.000000000000000000e+00,-0.000000000000000000e+00,-0.000000000000000000e+00,0.000000000000000000e+00,0.000000000000000000e+00,-0.000000000000000000e+00,-1.273538543294827075e-01,0.000000000000000000e+00,-0.000000000000000000e+00,-6.816956140767039818e-01,0.000000000000000000e+00,0.000000000000000000e+00,-0.000000000000000000e+00,-0.000000000000000000e+00,-0.000000000000000000e+00,0.000000000000000000e+00,-0.000000000000000000e+00
-0.000000000000000000e+00,0.000000000000000000e+00,-0.000000000000000000e+00,-0.000000000000000000e+00,-1.809216740748305352e-01,0.000000000000000000e+00,1.950216229442031934e-01,0.000000000000000000e+00,-0.000000000000000000e+00,-0.000000000000000000e+00,0.000000000000000000e+00,1.755931879669518469e+00,-0.000000000000000000e+00,-0.000000000000000000e+00,-0.000000000000000000e+00,-0.000000000000000000e+00,0.000000000000000000e+00,-3.479368737591847505e-01,-2.431977370436679831e-01,0.000000000000000000e+00,-0.000000000000000000e+00,-0.000000000000000000e+00,3.917289406815518786e-03,0.000000000000000000e+00,0.000000000000000000e+00,-0.000000000000000000e+00,-0.000000000000000000e+00,-0.000000000000000000e+00,0.000000000000000000e+00,0.000000000000000000e+00,-0.000000000000000000e+00,0.000000000000000000e+00,-3.117119531646577735e-01,-0.000000000000000000e+00,3.430740840627947152e-01,0.000000000000000000e+00,0.000000000000000000e+00,-0.000000000000000000e+00,-1.724814754787858395e-01
0.000000000000000000e+00,-0.000000000000000000e+00,-1.146894262469724118e-01,-0.000000000000000000e+00,0.000000000000000000e+00,-0.000000000000000000e+00,-0.000000000000000000e+00,1.965761927165293188e-01,0.000000000000000000e+00,0.000000000000000000e+00,0.000000000000000000e+00,-0.000000000000000000e+00,1.363836705995714826e+00,6.251579309073444779e-02,0.000000000000000000e+00,0.000000000000000000e+00,0.000000000000000000e+00,-0.000000000000000000e+00,-0.000000000000000000e+00,0.000000000000000000e+00,-1.122316325678990173e-01,-0.000000000000000000e+00,-0.000000000000000000e+00,-0.000000000000000000e+00,-0.000000000000000000e+00,0.000000000000000000e+00,0.000000000000000000e+00,-0.000000000000000000e+00,0.000000000000000000e+00,7.423028653113257621e-04,5.007688069288082633e-02,0.000000000000000000e+00,-3.761193002908840288e-01,0.000000000000000000e+00,0.000000000000000000e+00,1.225115050341823858e-01,-0.000000000000000000e+00,1.008132493224884602e-01,0.000000000000000000e+00
-0.000000000000000000e+00,0.000000000000000000e+00,5.730885492602166148e-02,4.307364070627429931e-02,-6.590746723355901671e-02,0.000000000000000000e+00,9.723924589194704593e-02,-0.000000000000000000e+00,-0.000000000000000000e+00,-0.000000000000000000e+00,0.000000000000000000e+00,-0.000000000000000000e+00,6.251579309073444779e-02,1.418912648403099830e+00,-7.774665567224584017e-02,-7.215385778678923279e-02,0.000000000000000000e+00,-0.000000000000000000e+00,0.000000000000000000e+00,-0.000000000000000000e+00,2.788724967167696134e-01,0.000000000000000000e+00,0.000000000000000000e+00,0.000000000000000000e+00,0.000000000000000000e+00,-2.456233013193295789e-01,-3.881537031916412056e-02,0.000000000000000000e+00,0.000000000000000000e+00,-0.000000000000000000e+00,-1.333345286028787546e-01,0.000000000000000000e+00,0.000000000000000000e+00,-0.000000000000000000e+00,0.000000000000000000e+00,-1.915219184702731947e-01,0.000000000000000000e+00,-0.000000000000000000e+00,-0.000000000000000000e+00
-3.472875555700960515e-01,5.762730391141259595e-02,0.000000000000000000e+00,0.000000000000000000e+00,-3.037750489383799282e-02,5.641870241527325441e-02,1.064194000692678249e-01,-0.000000000000000000e+00,-7.957663776529617927e-02,-0.000000000000000000e+00,6.791341098798063525e-02,-0.000000000000000000e+00,0.000000000000000000e+00,-7.774665567224584017e-02,2.055732226412707586e+00,-2.275672701963230571e-01,9.506907140464614103e-02,-2.738854811898839281e-01,-0.000000000000000000e+00,-0.000000000000000000e+00,0.000000000000000000e+00,-3.325269635783351108e-02,0.000000000000000000e+00,1.189259808158655007e-01,0.000000000000000000e+00,-3.678631608638194828e-01,-1.369428724276622600e-01,0.000000000000000000e+00,0.000000000000000000e+00,-0.000000000000000000e+00,-0.000000000000000000e+00,0.000000000000000000e+00,-0.000000000000000000e+00,-0.000000000000000000e+00,0.000000000000000000e+00,-0.000000000000000000e+00,1.068962395346952227e-01,-1.764823320018411509e-02,-0.000000000000000000e+00
-1.196829413763658007e-01,1.940159221030939365e-02,0.000000000000000000e+00,0.000000000000000000e+00,-0.000000000000000000e+00,0.000000000000000000e+00,0.000000000000000000e+00,-0.000000000000000000e+00,-6.736555599842630748e-02,-4.676802088150596171e-01,0.000000000000000000e+00,-0.000000000000000000e+00,0.000000000000000000e+00,-7.215385778678923279e-02,-2.275672701963230571e-01,1.577410682707561129e+00,0.000000000000000000e+00,-0.000000000000000000e+00,-0.000000000000000000e+00,-0.000000000000000000e+00,1.266895606534524654e-01,-0.000000000000000000e+00,0.000000000000000000e+00,0.000000000000000000e+00,0.000000000000000000e+00,-1.147068255849510547e-02,-0.000000000000000000e+00,0.000000000000000000e+00,0.000000000000000000e+00,-0.000000000000000000e+00,-0.000000000000000000e+00,1.252575326405345850e-02,0.000000000000000000e+00,-0.000000000000000000e+00,0.000000000000000000e+00,-0.000000000000000000e+00,6.739412882120962567e-02,-2.341136662557610215e-01,-0.000000000000000000e+00
1.069611942657814063e-01,-5.790619368101440623e-02,0.000000000000000000e+00,0.000000000000000000e+00,0.000000000000000000e+00,-0.000000000000000000e+00,-0.000000000000000000e+00,-0.000000000000000000e+00,0.000000000000000000e+00,0.000000000000000000e+00,-8.099502929468281875e-01,0.000000000000000000e+00,0.000000000000000000e+00,0.000000000000000000e+00,9.506907140464614103e-02,0.000000000000000000e+00,2.192600828967463222e+00,6.552223393921180472e-02,0.000000000000000000e+00,0.000000000000000000e+00,0.000000000000000000e+00,1.443968973982623638e-01,-0.000000000000000000e+00,-0.000000000000000000e+00,-0.000000000000000000e+00,0.000000000000000000e+00,2.280503720393180223e-02,-0.000000000000000000e+00,-2.834525010800674205e-01,-0.000000000000000000e+00,0.000000000000000000e+00,-4.586417806201246727e-01,1.988477242151375825e-04,0.000000000000000000e+00,-0.000000000000000000e+00,-0.000000000000000000e+00,-2.254098975430448779e-02,0.000000000000000000e+00,-0.000000000000000000e+00
-1.212867438600501585e-01,0.000000000000000000e+00,-0.000000000000000000e+00,-0.000000000000000000e+00,-7.842034711505962985e-02,1.684661774008587576e-01,1.059733272537379672e-01,0.000000000000000000e+00,-0.000000000000000000e+00,-0.000000000000000000e+00,1.240889997763885283e-02,-3.479368737591847505e-01,-0.000000000000000000e+00,-0.000000000000000000e+00,-2.738854811898839281e-01,-0.000000000000000000e+00,6.552223393921180472e-02,2.137362081712729456e+00,-5.507900367281937104e-01,0.000000000000000000e+00,0.000000000000000000e+00,-3.121145734984023257e-01,0.000000000000000000e+00,6.056973492969686124e-02,0.000000000000000000e+00,-0.000000000000000000e+00,-1.107232418320970579e-02,-0.000000000000000000e+00,0.000000000000000000e+00,0.000000000000000000e+00,-0.000000000000000000e+00,0.000000000000000000e+00,-0.000000000000000000e+00,-0.000000000000000000e+00,1.559214818008445025e-01,0.000000000000000000e+00,4.392837902387911747e-02,-0.000000000000000000e+00,-0.000000000000000000e+00
-0.000000000000000000e+00,0.000000000000000000e+00,-7.946245896550414856e-02,-1.101113864004799880e-01,-1.768643122086182018e-01,0.000000000000000000e+00,0.000000000000000000e+00,1.136645012557471052e-01,-0.000000000000000000e+00,-0.000000000000000000e+00,0.000000000000000000e+00,-2.431977370436679831e-01,-0.000000000000000000e+00,0.000000000000000000e+00,-0.000000000000000000e+00,-0.000000000000000000e+00,0.000000000000000000e+00,-5.507900367281937104e-01,1.677357523469328759e+00,0.000000000000000000e+00,-0.000000000000000000e+00,-0.000000000000000000e+00,0.000000000000000000e+00,0.000000000000000000e+00,0.000000000000000000e+00,-0.000000000000000000e+00,-0.000000000000000000e+00,-0.000000000000000000e+00,0.000000000000000000e+00,0.000000000000000000e+00,-0.000000000000000000e+00,0.000000000000000000e+00,-3.733365311235766204e-01,-3.985645227668078994e-02,0.000000000000000000e+00,0.000000000000000000e+00,0.000000000000000000e+00,0.000000000000000000e+00,-0.000000000000000000e+00
-0.000000000000000000e+00,0.000000000000000000e+00,0.000000000000000000e+00,0.000000000000000000e+00,-0.000000000000000000e+00,0.000000000000000000e+00,-0.000000000000000000e+00,-0.000000000000000000e+00,-0.000000000000000000e+00,0.000000000000000000e+00,0.000000000000000000e+00,0.000000000000000000e+00,0.000000000000000000e+00,-0.000000000000000000e+00,-0.000000000000000000e+00,-0.000000000000000000e+00,0.000000000000000000e+00,0.000000000000000000e+00,0.000000000000000000e+00,1.000000000000000444e+00,0.000000000000000000e+00,-0.000000000000000000e+00,0.000000000000000000e+00,0.000000000000000000e+00,0.000000000000000000e+00,-0.000000000000000000e+00,-0.000000000000000000e+00,0.000000000000000000e+00,0.000000000000000000e+00,0.000000000000000000e+00,-0.000000000000000000e+00,0.000000000000000000e+00,0.000000000000000000e+00,0.000000000000000000e+00,0.000000000000000000e+00,-0.000000000000000000e+00,0.000000000000000000e+00,0.000000000000000000e+00,0.000000000000000000e+00
0.000000000000000000e+00,-0.000000000000000000e+00,-3.596291499001128544e-01,-0.000000000000000000e+00,0.000000000000000000e+00,-0.000000000000000000e+00,-0.000000000000000000e+00,3.581681624747309334e-01,0.000000000000000000e+00,0.000000000000000000e+00,0.000000000000000000e+00,-0.000000000000000000e+00,-1.122316325678990173e-01,2.788724967167696134e-01,0.000000000000000000e+00,1.266895606534524654e-01,0.000000000000000000e+00,0.000000000000000000e+00,-0.000000000000000000e+00,0.000000000000000000e+00,1.747669811060786005e+00,0.000000000000000000e+00,-1.277538499918085546e-01,-5.117343840102888536e-02,-0.000000000000000000e+00,0.000000000000000000e+00,0.000000000000000000e+00,-0.000000000000000000e+00,-0.000000000000000000e+00,0.000000000000000000e+00,0.000000000000000000e+00,0.000000000000000000e+00,-3.815822481002694166e-01,-0.000000000000000000e+00,-0.000000000000000000e+00,1.108675238442083932e-01,-0.000000000000000000e+00,6.866756506506725699e-02,0.000000000000000000e+00
-9.282797239947485068e-02,0.000000000000000000e+00,-0.000000000000000000e+00,-0.000000000000000000e+00,-0.000000000000000000e+00,0.000000000000000000e+00,0.000000000000000000e+00,2.699969703560803347e-02,-0.000000000000000000e+00,-0.000000000000000000e+00,7.230947935461902454e-02,-0.000000000000000000e+00,-0.000000000000000000e+00,0.000000000000000000e+00,-3.325269635783351108e-02,-0.000000000000000000e+00,1.443968973982623638e-01,-3.121145734984023257e-01,-0.000000000000000000e+00,-0.000000000000000000e+00,0.000000000000000000e+00,1.639981039092354598e+00,0.000000000000000000e+00,7.826075857992670359e-02,1.014408558263877602e-01,-0.000000000000000000e+00,-4.992002137934339195e-02,-0.000000000000000000e+00,6.084802451804973561e-02,0.000000000000000000e+00,-0.000000000000000000e+00,5.710435555568443150e-02,-0.000000000000000000e+00,-0.000000000000000000e+00,1.709770588018194593e-01,0.000000000000000000e+00,2.408123149378442185e-01,-0.000000000000000000e+00,0.000000000000000000e+00
0.000000000000000000e+00,-0.000000000000000000e+00,-0.000000000000000000e+00,0.000000000000000000e+00,0.000000000000000000e+00,-2.715112861435269309e-01,-8.315901518298969564e-02,0.000000000000000000e+00,0.000000000000000000e+00,-0.000000000000000000e+00,-0.000000000000000000e+00,3.917289406815518786e-03,-0.000000000000000000e+00,0.000000000000000000e+00,0.000000000000000000e+00,0.000000000000000000e+00,-0.000000000000000000e+00,0.000000000000000000e+00,0.000000000000000000e+00,0.000000000000000000e+00,-1.277538499918085546e-01,0.000000000000000000e+00,2.196697049298099280e+00,-4.006447742267001955e-01,-5.018518411690472414e-01,0.000000000000000000e+00,3.594696187531986470e-02,0.000000000000000000e+00,-0.000000000000000000e+00,-9.336546492920706763e-02,9.986146754837620099e-02,-0.000000000000000000e+00,0.000000000000000000e+00,-0.000000000000000000e+00,-3.743725046384061006e-01,0.000000000000000000e+00,-2.824047874007771242e-01,0.000000000000000000e+00,0.000000000000000000e+00
6.165859422539163998e-02,-6.261655722799980544e-04,-0.000000000000000000e+00,0.000000000000000000e+00,0.000000000000000000e+00,-5.434854573488199225e-01,-1.141618161096379092e-01,0.000000000000000000e+00,0.000000000000000000e+00,-0.000000000000000000e+00,-0.000000000000000000e+00,0.000000000000000000e+00,-0.000000000000000000e+00,0.000000000000000000e+00,1.189259808158655007e-01,0.000000000000000000e+00,-0.000000000000000000e+00,6.056973492969686124e-02,0.000000000000000000e+00,0.000000000000000000e+00,-5.117343840102888536e-02,7.826075857992670359e-02,-4.006447742267001955e-01,2.807161910452252940e+00,-4.139484386624813772e-01,1.400082546230969546e-02,3.473898165501311808e-01,0.000000000000000000e+00,-1.361941359762930959e-01,-0.000000000000000000e+00,6.100068573310247350e-02,-0.000000000000000000e+00,0.000000000000000000e+00,-0.000000000000000000e+00,-1.927499579696077825e-01,0.000000000000000000e+00,-4.241457911495322697e-01,0.000000000000000000e+00,0.000000000000000000e+00
0.000000000000000000e+00,-1.281471619819492085e-02,-0.000000000000000000e+00,0.000000000000000000e+00,0.000000000000000000e+00,-2.668948379739440324e-01,-0.000000000000000000e+00,0.000000000000000000e+00,0.000000000000000000e+00,-0.000000000000000000e+00,-0.000000000000000000e+00,0.000000000000000000e+00,-0.000000000000000000e+00,0.000000000000000000e+00,0.000000000000000000e+00,0.000000000000000000e+00,-0.000000000000000000e+00,0.000000000000000000e+00,0.000000000000000000e+00,0.000000000000000000e+00,-0.000000000000000000e+00,1.014408558263877602e-01,-5.018518411690472414e-01,-4.139484386624813772e-01,1.855308974278134793e+00,0.000000000000000000e+00,0.000000000000000000e+00,0.000000000000000000e+00,-1.981008108896061826e-01,-1.326743217137236197e-01,0.000000000000000000e+00,-0.000000000000000000e+00,0.000000000000000000e+00,-0.000000000000000000e+00,-0.000000000000000000e+00,-0.000000000000000000e+00,-4.464924960541976490e-02,0.000000000000000000e+00,0.000000000000000000e+00
-6.586998208468247684e-02,0.000000000000000000e+00,0.000000000000000000e+00,0.000000000000000000e+00,-5.180285561745537892e-01,1.671773553497394871e-01,8.668458175088046558e-02,-0.000000000000000000e+00,-3.529557502926913837e-01,-0.000000000000000000e+00,0.000000000000000000e+00,-0.000000000000000000e+00,0.000000000000000000e+00,-2.456233013193295789e-01,-3.678631608638194828e-01,-1.147068255849510547e-02,0.000000000000000000e+00,-0.000000000000000000e+00,-0.000000000000000000e+00,-0.000000000000000000e+00,0.000000000000000000e+00,-0.000000000000000000e+00,0.000000000000000000e+00,1.400082546230969546e-02,0.000000000000000000e+00,2.113079322946667116e+00,-1.416034440546086459e-01,-0.000000000000000000e+00,0.000000000000000000e+00,-0.000000000000000000e+00,-1.379433720495276683e-01,0.000000000000000000e+00,-0.000000000000000000e+00,-0.000000000000000000e+00,0.000000000000000000e+00,-0.000000000000000000e+00,0.000000000000000000e+00,-1.627352117269423859e-01,-0.000000000000000000e+00
-0.000000000000000000e+00,1.826773835413152136e-01,0.000000000000000000e+00,-0.000000000000000000e+00,-4.417568805251068653e-01,3.485819950760899455e-01,8.871631077915347052e-02,-0.000000000000000000e+00,-0.000000000000000000e+00,0.000000000000000000e+00,0.000000000000000000e+00,-0.000000000000000000e+00,0.000000000000000000e+00,-3.881537031916412056e-02,-1.369428724276622600e-01,-0.000000000000000000e+00,2.280503720393180223e-02,-1.107232418320970579e-02,-0.000000000000000000e+00,-0.000000000000000000e+00,0.000000000000000000e+00,-4.992002137934339195e-02,3.594696187531986470e-02,3.473898165501311808e-01,0.000000000000000000e+00,-1.416034440546086459e-01,2.527850769441413181e+00,-0.000000000000000000e+00,1.352995433514374846e-01,0.000000000000000000e+00,-1.744754673355295715e-01,8.124745333308736051e-02,-0.000000000000000000e+00,-0.000000000000000000e+00,4.232104731035694206e-02,-0.000000000000000000e+00,4.667538400067710591e-01,-0.000000000000000000e+00,-0.000000000000000000e+00
0.000000000000000000e+00,-0.000000000000000000e+00,-0.000000000000000000e+00,-0.000000000000000000e+00,-0.000000000000000000e+00,0.000000000000000000e+00,-0.000000000000000000e+00,0.000000000000000000e+00,0.000000000000000000e+00,0.000000000000000000e+00,-0.000000000000000000e+00,-0.000000000000000000e+00,-0.000000000000000000e+00,0.000000000000000000e+00,0.000000000000000000e+00,0.000000000000000000e+00,-0.000000000000000000e+00,-0.000000000000000000e+00,-0.000000000000000000e+00,0.000000000000000000e+00,-0.000000000000000000e+00,-0.000000000000000000e+00,0.000000000000000000e+00,0.000000000000000000e+00,0.000000000000000000e+00,-0.000000000000000000e+00,-0.000000000000000000e+00,1.004363189512920362e+00,-0.000000000000000000e+00,0.000000000000000000e+00,-6.619838878534303750e-02,-0.000000000000000000e+00,-0.000000000000000000e+00,0.000000000000000000e+00,0.000000000000000000e+00,-0.000000000000000000e+00,0.000000000000000000e+00,0.000000000000000000e+00,-0.000000000000000000e+00
0.000000000000000000e+00,-3.043168893862411295e-01,-0.000000000000000000e+00,0.000000000000000000e+00,0.000000000000000000e+00,-1.992047270452253771e-01,-0.000000000000000000e+00,-0.000000000000000000e+00,0.000000000000000000e+00,-0.000000000000000000e+00,-1.273538543294827075e-01,0.000000000000000000e+00,0.000000000000000000e+00,0.000000000000000000e+00,0.000000000000000000e+00,0.000000000000000000e+00,-2.834525010800674205e-01,0.000000000000000000e+00,0.000000000000000000e+00,0.000000000000000000e+00,-0.000000000000000000e+00,6.084802451804973561e-02,-0.000000000000000000e+00,-1.361941359762930959e-01,-1.981008108896061826e-01,0.000000000000000000e+00,1.352995433514374846e-01,-0.000000000000000000e+00,2.275047196369109237e+00,-0.000000000000000000e+00,0.000000000000000000e+00,-6.267315678397916701e-01,9.406381252397624793e-02,-0.000000000000000000e+00,-0.000000000000000000e+00,-0.000000000000000000e+00,-1.761742905415102645e-01,0.000000000000000000e+00,-0.000000000000000000e+00
-0.000000000000000000e+00,-0.000000000000000000e+00,0.000000000000000000e+00,-0.000000000000000000e+00,-0.000000000000000000e+00,-0.000000000000000000e+00,-0.000000000000000000e+00,-0.000000000000000000e+00,-2.412096552925233062e-01,-2.168552741172168896e-01,0.000000000000000000e+00,0.000000000000000000e+00,7.423028653113257621e-04,-0.000000000000000000e+00,-0.000000000000000000e+00,-0.000000000000000000e+00,-0.000000000000000000e+00,0.000000000000000000e+00,0.000000000000000000e+00,0.000000000000000000e+00,0.000000000000000000e+00,0.000000000000000000e+00,-9.336546492920706763e-02,-0.000000000000000000e+00,-1.326743217137236197e-01,-0.000000000000000000e+00,0.000000000000000000e+00,0.000000000000000000e+00,-0.000000000000000000e+00,1.297642441283898718e+00,-0.000000000000000000e+00,-0.000000000000000000e+00,0.000000000000000000e+00,-2.524361570374831221e-01,-0.000000000000000000e+00,-2.591381866645298682e-01,-0.000000000000000000e+00,-0.000000000000000000e+00,-0.000000000000000000e+00
-0.000000000000000000e+00,0.000000000000000000e+00,0.000000000000000000e+00,-0.000000000000000000e+00,-6.625433720336793009e-02,2.783459404445722332e-02,0.000000000000000000e+00,-0.000000000000000000e+00,-0.000000000000000000e+00,0.000000000000000000e+00,-0.000000000000000000e+00,-0.000000000000000000e+00,5.007688069288082633e-02,-1.333345286028787546e-01,-0.000000000000000000e+00,-0.000000000000000000e+00,0.000000000000000000e+00,-0.000000000000000000e+00,-0.000000000000000000e+00,-0.000000000000000000e+00,0.000000000000000000e+00,-0.000000000000000000e+00,9.986146754837620099e-02,6.100068573310247350e-02,0.000000000000000000e+00,-1.379433720495276683e-01,-1.744754673355295715e-01,-6.619838878534303750e-02,0.000000000000000000e+00,-0.000000000000000000e+00,1.269235392691401731e+00,0.000000000000000000e+00,-0.000000000000000000e+00,0.000000000000000000e+00,0.000000000000000000e+00,-1.331392691307267395e-01,0.000000000000000000e+00,-0.000000000000000000e+00,-0.000000000000000000e+00
0.000000000000000000e+00,-3.611331183642348397e-01,0.000000000000000000e+00,0.000000000000000000e+00,0.000000000000000000e+00,-0.000000000000000000e+00,-0.000000000000000000e+00,-0.000000000000000000e+00,0.000000000000000000e+00,0.000000000000000000e+00,-6.816956140767039818e-01,0.000000000000000000e+00,0.000000000000000000e+00,0.000000000000000000e+00,0.000000000000000000e+00,1.252575326405345850e-02,-4.586417806201246727e-01,0.000000000000000000e+00,0.000000000000000000e+00,0.000000000000000000e+00,0.000000000000000000e+00,5.710435555568443150e-02,-0.000000000000000000e+00,-0.000000000000000000e+00,-0.000000000000000000e+00,0.000000000000000000e+00,8.124745333308736051e-02,-0.000000000000000000e+00,-6.267315678397916701e-01,-0.000000000000000000e+00,0.000000000000000000e+00,2.391177763116691946e+00,5.091799728853967782e-02,0.000000000000000000e+00,-0.000000000000000000e+00,-0.000000000000000000e+00,-0.000000000000000000e+00,0.000000000000000000e+00,-0.000000000000000000e+00
-0.000000000000000000e+00,-0.000000000000000000e+00,-0.000000000000000000e+00,-0.000000000000000000e+00,-0.000000000000000000e+00,0.000000000000000000e+00,0.000000000000000000e+00,1.568067331096355266e-01,0.000000000000000000e+00,0.000000000000000000e+00,0.000000000000000000e+00,-3.117119531646577735e-01,-3.761193002908840288e-01,0.000000000000000000e+00,-0.000000000000000000e+00,0.000000000000000000e+00,1.988477242151375825e-04,-0.000000000000000000e+00,-3.733365311235766204e-01,0.000000000000000000e+00,-3.815822481002694166e-01,-0.000000000000000000e+00,0.000000000000000000e+00,0.000000000000000000e+00,0.000000000000000000e+00,-0.000000000000000000e+00,-0.000000000000000000e+00,-0.000000000000000000e+00,9.406381252397624793e-02,0.000000000000000000e+00,-0.000000000000000000e+00,5.091799728853967782e-02,1.651222146620354936e+00,-0.000000000000000000e+00,0.000000000000000000e+00,0.000000000000000000e+00,0.000000000000000000e+00,0.000000000000000000e+00,-0.000000000000000000e+00
-0.000000000000000000e+00,-0.000000000000000000e+00,-0.000000000000000000e+00,-0.000000000000000000e+00,-3.057622113616654258e-01,-0.000000000000000000e+00,0.000000000000000000e+00,0.000000000000000000e+00,-5.409377401363076737e-02,-1.518667869468596221e-01,0.000000000000000000e+00,-0.000000000000000000e+00,0.000000000000000000e+00,-0.000000000000000000e+00,-0.000000000000000000e+00,-0.000000000000000000e+00,0.000000000000000000e+00,-0.000000000000000000e+00,-3.985645227668078994e-02,0.000000000000000000e+00,-0.000000000000000000e+00,-0.000000000000000000e+00,-0.000000000000000000e+00,-0.000000000000000000e+00,-0.000000000000000000e+00,-0.000000000000000000e+00,-0.000000000000000000e+00,0.000000000000000000e+00,-0.000000000000000000e+00,-2.524361570374831221e-01,0.000000000000000000e+00,0.000000000000000000e+00,-0.000000000000000000e+00,1.259588683512657292e+00,0.000000000000000000e+00,-0.000000000000000000e+00,0.000000000000000000e+00,-0.000000000000000000e+00,-6.597222245814578223e-02
0.000000000000000000e+00,-0.000000000000000000e+00,0.000000000000000000e+00,0.000000000000000000e+00,0.000000000000000000e+00,-1.453343892300721918e-01,-8.513639934871782347e-03,-0.000000000000000000e+00,0.000000000000000000e+00,-0.000000000000000000e+00,-0.000000000000000000e+00,3.430740840627947152e-01,0.000000000000000000e+00,0.000000000000000000e+00,0.000000000000000000e+00,0.000000000000000000e+00,-0.000000000000000000e+00,1.559214818008445025e-01,0.000000000000000000e+00,0.000000000000000000e+00,-0.000000000000000000e+00,1.709770588018194593e-01,-3.743725046384061006e-01,-1.927499579696077825e-01,-0.000000000000000000e+00,0.000000000000000000e+00,4.232104731035694206e-02,0.000000000000000000e+00,-0.000000000000000000e+00,-0.000000000000000000e+00,0.000000000000000000e+00,-0.000000000000000000e+00,0.000000000000000000e+00,0.000000000000000000e+00,1.947287114518438944e+00,-0.000000000000000000e+00,-3.602121766801812397e-01,0.000000000000000000e+00,0.000000000000000000e+00
0.000000000000000000e+00,-0.000000000000000000e+00,7.826399715454777917e-02,-0.000000000000000000e+00,-1.626851322916519627e-01,0.000000000000000000e+00,-0.000000000000000000e+00,-0.000000000000000000e+00,-0.000000000000000000e+00,0.000000000000000000e+00,-0.000000000000000000e+00,0.000000000000000000e+00,1.225115050341823858e-01,-1.915219184702731947e-01,-0.000000000000000000e+00,-0.000000000000000000e+00,-0.000000000000000000e+00,0.000000000000000000e+00,0.000000000000000000e+00,-0.000000000000000000e+00,1.108675238442083932e-01,0.000000000000000000e+00,0.000000000000000000e+00,0.000000000000000000e+00,-0.000000000000000000e+00,-0.000000000000000000e+00,-0.000000000000000000e+00,-0.000000000000000000e+00,-0.000000000000000000e+00,-2.591381866645298682e-01,-1.331392691307267395e-01,-0.000000000000000000e+00,0.000000000000000000e+00,-0.000000000000000000e+00,-0.000000000000000000e+00,1.273038865998349811e+00,0.000000000000000000e+00,-0.000000000000000000e+00,-0.000000000000000000e+00
0.000000000000000000e+00,-2.995316320110116837e-01,-0.000000000000000000e+00,0.000000000000000000e+00,0.000000000000000000e+00,-3.806562368712807509e-01,-0.000000000000000000e+00,0.000000000000000000e+00,0.000000000000000000e+00,-0.000000000000000000e+00,-0.000000000000000000e+00,0.000000000000000000e+00,-0.000000000000000000e+00,0.000000000000000000e+00,1.068962395346952227e-01,6.739412882120962567e-02,-2.254098975430448779e-02,4.392837902387911747e-02,0.000000000000000000e+00,0.000000000000000000e+00,-0.000000000000000000e+00,2.408123149378442185e-01,-2.824047874007771242e-01,-4.241457911495322697e-01,-4.464924960541976490e-02,0.000000000000000000e+00,4.667538400067710591e-01,0.000000000000000000e+00,-1.761742905415102645e-01,-0.000000000000000000e+00,0.000000000000000000e+00,-0.000000000000000000e+00,0.000000000000000000e+00,0.000000000000000000e+00,-3.602121766801812397e-01,0.000000000000000000e+00,2.727806365330751603e+00,0.000000000000000000e+00,0.000000000000000000e+00
-4.833534015722285027e-01,0.000000000000000000e+00,0.000000000000000000e+00,0.000000000000000000e+00,-0.000000000000000000e+00,0.000000000000000000e+00,0.000000000000000000e+00,-0.000000000000000000e+00,-4.104879308065574883e-01,-2.150072689577026408e-01,0.000000000000000000e+00,-0.000000000000000000e+00,1.008132493224884602e-01,-0.000000000000000000e+00,-1.764823320018411509e-02,-2.341136662557610215e-01,0.000000000000000000e+00,-0.000000000000000000e+00,0.000000000000000000e+00,0.000000000000000000e+00,6.866756506506725699e-02,-0.000000000000000000e+00,0.000000000000000000e+00,0.000000000000000000e+00,0.000000000000000000e+00,-1.627352117269423859e-01,-0.000000000000000000e+00,0.000000000000000000e+00,0.000000000000000000e+00,-0.000000000000000000e+00,-0.000000000000000000e+00,0.000000000000000000e+00,0.000000000000000000e+00,-0.000000000000000000e+00,0.000000000000000000e+00,-0.000000000000000000e+00,0.000000000000000000e+00,1.925575708190261803e+00,-3.162738051233129899e-01
-0.000000000000000000e+00,-1.191632506399976504e-01,0.000000000000000000e+00,-0.000000000000000000e+00,-0.000000000000000000e+00,0.000000000000000000e+00,3.622832578637527612e-02,-0.000000000000000000e+00,-3.741110461063596460e-01,-6.851833291983945584e-02,-0.000000000000000000e+00,-1.724814754787858395e-01,0.000000000000000000e+00,-0.000000000000000000e+00,-0.000000000000000000e+00,-0.000000000000000000e+00,-0.000000000000000000e+00,-0.000000000000000000e+00,-0.000000000000000000e+00,0.000000000000000000e+00,0.000000000000000000e+00,0.000000000000000000e+00,0.000000000000000000e+00,0.000000000000000000e+00,0.000000000000000000e+00,-0.000000000000000000e+00,-0.000000000000000000e+00,-0.000000000000000000e+00,-0.000000000000000000e+00,-0.000000000000000000e+00,-0.000000000000000000e+00,-0.000000000000000000e+00,-0.000000000000000000e+00,-6.597222245814578223e-02,0.000000000000000000e+00,-0.000000000000000000e+00,0.000000000000000000e+00,-3.162738051233129899e-01,1.383093447247133234e+00
