1.824523000910237780e+00,-5.972209996979006563e-01,-5.212896282949323543e-03,-0.000000000000000000e+00,-0.000000000000000000e+00,0.000000000000000000e+00,-0.000000000000000000e+00,-0.000000000000000000e+00,-0.000000000000000000e+00,-2.390760385056701354e-01,-0.000000000000000000e+00,-0.000000000000000000e+00,-0.000000000000000000e+00,-0.000000000000000000e+00,0.000000000000000000e+00,-3.968401983071315198e-01,0.000000000000000000e+00,0.000000000000000000e+00,0.000000000000000000e+00,-0.000000000000000000e+00,-3.269899461966846443e-02,-0.000000000000000000e+00,-3.970115971941384075e-02,-0.000000000000000000e+00,-0.000000000000000000e+00,-0.000000000000000000e+00,-0.000000000000000000e+00,-0.000000000000000000e+00,-0.000000000000000000e+00,-1.701979124597940984e-02,-0.000000000000000000e+00,-2.765341215643263295e-01,-0.000000000000000000e+00,0.000000000000000000e+00,-0.000000000000000000e+00,-0.000000000000000000e+00,-0.000000000000000000e+00,0.000000000000000000e+00,-0.000000000000000000e+00
-5.972209996979006563e-01,2.478615984674712447e+00,-1.210011315313590380e-01,-0.000000000000000000e+00,-0.000000000000000000e+00,0.000000000000000000e+00,-1.264382265225599822e-01,-0.000000000000000000e+00,-0.000000000000000000e+00,-5.437657146732060437e-02,-0.000000000000000000e+00,-3.391667325801293181e-02,-1.845339281863411091e-02,-0.000000000000000000e+00,1.024054432608808851e-01,-1.782097041471840115e-01,0.000000000000000000e+00,0.000000000000000000e+00,0.000000000000000000e+00,-0.000000000000000000e+00,-7.376498407228819498e-02,-1.224264167695210542e-01,-0.000000000000000000e+00,-0.000000000000000000e+00,-0.000000000000000000e+00,0.000000000000000000e+00,-3.460547446263173010e-01,0.000000000000000000e+00,-0.000000000000000000e+00,-0.000000000000000000e+00,-2.454477457229373161e-01,-4.104158215228203010e-01,-3.891250598776858222e-02,0.000000000000000000e+00,-0.000000000000000000e+00,-6.206684593214068651e-02,-0.000000000000000000e+00,0.000000000000000000e+00,-8.309714904462293938e-02
-5.212896282949323543e-03,-1.210011315313590380e-01,1.974747085107840805e+00,-5.237116906745557798e-02,-3.112938593328455350e-01,0.000000000000000000e+00,-6.532434441530819702e-02,-0.000000000000000000e+00,-0.000000000000000000e+00,-0.000000000000000000e+00,-0.000000000000000000e+00,-0.000000000000000000e+00,-0.000000000000000000e+00,-2.362698765865896278e-01,2.557737923508832459e-02,-2.129402336563974429e-01,1.894569532430420700e-02,0.000000000000000000e+00,-0.000000000000000000e+00,-0.000000000000000000e+00,-2.999828523161928162e-01,-1.556311785091475108e-01,-5.830396084415437330e-02,-0.000000000000000000e+00,-0.000000000000000000e+00,-0.000000000000000000e+00,-0.000000000000000000e+00,-0.000000000000000000e+00,0.000000000000000000e+00,-0.000000000000000000e+00,-2.049409865353752080e-01,-0.000000000000000000e+00,-4.282006226381728231e-01,-0.000000000000000000e+00,-0.000000000000000000e+00,-1.463057647397698023e-02,-0.000000000000000000e+00,0.000000000000000000e+00,-2.315707949862698053e-02
-0.000000000000000000e+00,-0.000000000000000000e+00,-5.237116906745557798e-02,1.095370360939614374e+00,-2.168847466772193255e-01,0.000000000000000000e+00,-1.460770861442243704e-02,0.000000000000000000e+00,-0.000000000000000000e+00,-1.652388764585766834e-01,0.000000000000000000e+00,0.000000000000000000e+00,-0.000000000000000000e+00,-0.000000000000000000e+00,0.000000000000000000e+00,-0.000000000000000000e+00,0.000000000000000000e+00,-0.000000000000000000e+00,-4.457374796715999656e-03,-0.000000000000000000e+00,-0.000000000000000000e+00,-0.000000000000000000e+00,-0.000000000000000000e+00,-0.000000000000000000e+00,-0.000000000000000000e+00,-0.000000000000000000e+00,0.000000000000000000e+00,-0.000000000000000000e+00,-0.000000000000000000e+00,-0.000000000000000000e+00,-0.000000000000000000e+00,0.000000000000000000e+00,-0.000000000000000000e+00,-0.000000000000000000e+00,-0.000000000000000000e+00,-0.000000000000000000e+00,-0.000000000000000000e+00,0.000000000000000000e+00,0.000000000000000000e+00
-0.000000000000000000e+00,-0.000000000000000000e+00,-3.112938593328455350e-01,-2.168847466772193255e-01,1.356099585765092375e+00,0.000000000000000000e+00,-0.000000000000000000e+00,0.000000000000000000e+00,-1.189444687882972307e-01,-0.000000000000000000e+00,0.000000000000000000e+00,-0.000000000000000000e+00,-0.000000000000000000e+00,-1.056833596981473361e-01,0.000000000000000000e+00,-0.000000000000000000e+00,0.000000000000000000e+00,-0.000000000000000000e+00,-1.129975138753543940e-01,0.000000000000000000e+00,-0.000000000000000000e+00,-0.000000000000000000e+00,-0.000000000000000000e+00,-0.000000000000000000e+00,-0.000000000000000000e+00,0.000000000000000000e+00,-0.000000000000000000e+00,-0.000000000000000000e+00,-0.000000000000000000e+00,-1.876960390631632336e-01,-0.000000000000000000e+00,-0.000000000000000000e+00,-7.183965195038216969e-03,-2.582603274291122020e-01,-0.000000000000000000e+00,-0.000000000000000000e+00,-0.000000000000000000e+00,0.000000000000000000e+00,-0.000000000000000000e+00
0.000000000000000000e+00,0.000000000000000000e+00,0.000000000000000000e+00,0.000000000000000000e+00,0.000000000000000000e+00,1.980826578201422716e+00,2.010410848309025500e-01,1.600488984528025682e-01,0.000000000000000000e+00,-0.000000000000000000e+00,-3.322086752970467710e-02,2.505235679531507276e-01,0.000000000000000000e+00,-0.000000000000000000e+00,-0.000000000000000000e+00,0.000000000000000000e+00,-4.524153967160282619e-01,-0.000000000000000000e+00,0.000000000000000000e+00,1.111790035120151510e-01,0.000000000000000000e+00,5.031401636794813337e-02,-0.000000000000000000e+00,-0.000000000000000000e+00,-0.000000000000000000e+00,-0.000000000000000000e+00,0.000000000000000000e+00,-1.742450172555213561e-01,-6.440027085617719416e-02,-0.000000000000000000e+00,0.000000000000000000e+00,0.000000000000000000e+00,0.000000000000000000e+00,-0.000000000000000000e+00,-0.000000000000000000e+00,0.000000000000000000e+00,-3.135355625324877105e-01,-0.000000000000000000e+00,2.947729787580447569e-01
-0.000000000000000000e+00,-1.264382265225599822e-01,-6.532434441530819702e-02,-1.460770861442243704e-02,-0.000000000000000000e+00,2.010410848309025500e-01,2.237704729255272973e+00,-2.634000575442126402e-01,-0.000000000000000000e+00,-0.000000000000000000e+00,0.000000000000000000e+00,-1.178823245135495468e-01,-1.640402219926518357e-01,-0.000000000000000000e+00,4.590401092570563918e-02,-3.744957779661188535e-02,1.323573320533834030e-01,0.000000000000000000e+00,-0.000000000000000000e+00,-2.297236976688246946e-01,-1.936416660677800494e-01,-2.332780860974222881e-01,-0.000000000000000000e+00,0.000000000000000000e+00,0.000000000000000000e+00,0.000000000000000000e+00,-8.143940994313328408e-03,0.000000000000000000e+00,0.000000000000000000e+00,0.000000000000000000e+00,-2.105496939134119949e-01,-0.000000000000000000e+00,-0.000000000000000000e+00,0.000000000000000000e+00,-0.000000000000000000e+00,-0.000000000000000000e+00,0.000000000000000000e+00,1.953087329846012743e-01,-5.337185060585674518e-02
-0.000000000000000000e+00,-0.000000000000000000e+00,-0.000000000000000000e+00,0.000000000000000000e+00,0.000000000000000000e+00,1.600488984528025682e-01,-2.634000575442126402e-01,2.301213231708017393e+00,0.000000000000000000e+00,0.000000000000000000e+00,0.000000000000000000e+00,-3.381267509638525848e-01,-3.201475824172100859e-01,0.000000000000000000e+00,0.000000000000000000e+00,-0.000000000000000000e+00,1.586466579699644108e-03,1.712739226057311548e-01,0.000000000000000000e+00,-4.150744268864727249e-01,-3.789930210514469845e-04,-1.307036268797620582e-01,0.000000000000000000e+00,0.000000000000000000e+00,6.364925467794324554e-02,3.944284863307148670e-02,-1.816150677290562787e-01,0.000000000000000000e+00,0.000000000000000000e+00,9.154023854671893001e-02,-5.737327507666065834e-02,-0.000000000000000000e+00,-0.000000000000000000e+00,1.446712721132592805e-01,-0.000000000000000000e+00,-0.000000000000000000e+00,0.000000000000000000e+00,1.369869718745637399e-01,-3.753228259284881879e-02
-0.000000000000000000e+00,-0.000000000000000000e+00,-0.000000000000000000e+00,-0.000000000000000000e+00,-1.189444687882972307e-01,0.000000000000000000e+00,-0.000000000000000000e+00,0.000000000000000000e+00,1.537899487427347722e+00,-0.000000000000000000e+00,0.000000000000000000e+00,-0.000000000000000000e+00,0.000000000000000000e+00,-0.000000000000000000e+00,-0.000000000000000000e+00,-7.902546453432851559e-02,0.000000000000000000e+00,-0.000000000000000000e+00,-4.604225210972897053e-01,0.000000000000000000e+00,0.000000000000000000e+00,-0.000000000000000000e+00,-2.120100614153922272e-02,-0.000000000000000000e+00,-8.306568280941616089e-02,-0.000000000000000000e+00,-0.000000000000000000e+00,-0.000000000000000000e+00,0.000000000000000000e+00,-1.655309716405491127e-01,-0.000000000000000000e+00,0.000000000000000000e+00,-0.000000000000000000e+00,-4.825763509123682793e-01,0.000000000000000000e+00,0.000000000000000000e+00,0.000000000000000000e+00,-0.000000000000000000e+00,-8.406131754127671440e-02
-2.390760385056701354e-01,-5.437657146732060437e-02,-0.000000000000000000e+00,-1.652388764585766834e-01,-0.000000000000000000e+00,-0.000000000000000000e+00,-0.000000000000000000e+00,0.000000000000000000e+00,-0.000000000000000000e+00,1.503588878874562829e+00,-0.000000000000000000e+00,0.000000000000000000e+00,-0.000000000000000000e+00,-5.729008416404976489e-02,0.000000000000000000e+00,-3.085221540080428371e-01,-0.000000000000000000e+00,-0.000000000000000000e+00,-0.000000000000000000e+00,-0.000000000000000000e+00,-0.000000000000000000e+00,-0.000000000000000000e+00,-1.369420330743525982e-01,-0.000000000000000000e+00,-0.000000000000000000e+00,-0.000000000000000000e+00,-0.000000000000000000e+00,-9.839009153119469483e-03,-9.567076214975980472e-03,-3.929319912085829647e-01,-0.000000000000000000e+00,-0.000000000000000000e+00,-0.000000000000000000e+00,-0.000000000000000000e+00,-0.000000000000000000e+00,-5.909437127984268345e-02,-1.470229631717838159e-01,-0.000000000000000000e+00,-0.000000000000000000e+00
-0.000000000000000000e+00,-0.000000000000000000e+00,-0.000000000000000000e+00,0.000000000000000000e+00,0.000000000000000000e+00,-3.322086752970467710e-02,0.000000000000000000e+00,0.000000000000000000e+00,0.000000000000000000e+00,-0.000000000000000000e+00,1.220031870167221033e+00,0.000000000000000000e+00,-0.000000000000000000e+00,-5.951012689835719072e-02,6.403993735695849565e-02,-0.000000000000000000e+00,-1.305574116511306892e-01,0.000000000000000000e+00,4.201252695993432790e-02,0.000000000000000000e+00,-0.000000000000000000e+00,-0.000000000000000000e+00,-6.442444785422200837e-02,-0.000000000000000000e+00,-0.000000000000000000e+00,-0.000000000000000000e+00,-0.000000000000000000e+00,-0.000000000000000000e+00,-0.000000000000000000e+00,-0.000000000000000000e+00,-0.000000000000000000e+00,-2.137859437853627531e-01,-0.000000000000000000e+00,0.000000000000000000e+00,-3.417273051399986883e-02,-0.000000000000000000e+00,-3.516457143524329698e-01,0.000000000000000000e+00,-0.000000000000000000e+00
-0.000000000000000000e+00,-3.391667325801293181e-02,-0.000000000000000000e+00,0.000000000000000000e+00,-0.000000000000000000e+00,2.505235679531507276e-01,-1.178823245135495468e-01,-3.381267509638525848e-01,-0.000000000000000000e+00,0.000000000000000000e+00,0.000000000000000000e+00,2.596420458325596314e+00,-8.546046540912889677e-02,-0.000000000000000000e+00,0.000000000000000000e+00,-8.184152001401145959e-02,1.983304064550152068e-01,0.000000000000000000e+00,-0.000000000000000000e+00,-0.000000000000000000e+00,-2.053921191188229009e-02,-3.966586928695631231e-01,-0.000000000000000000e+00,-0.000000000000000000e+00,0.000000000000000000e+00,0.000000000000000000e+00,-2.912974715912058365e-01,0.000000000000000000e+00,0.000000000000000000e+00,0.000000000000000000e+00,-1.125457850877946142e-01,-0.000000000000000000e+00,-2.866957845910097710e-02,0.000000000000000000e+00,-0.000000000000000000e+00,-0.000000000000000000e+00,0.000000000000000000e+00,0.000000000000000000e+00,-6.977495372197627388e-01
-0.000000000000000000e+00,-1.845339281863411091e-02,-0.000000000000000000e+00,-0.000000000000000000e+00,-0.000000000000000000e+00,0.000000000000000000e+00,-1.640402219926518357e-01,-3.201475824172100859e-01,0.000000000000000000e+00,-0.000000000000000000e+00,-0.000000000000000000e+00,-8.546046540912889677e-02,2.129609078331609506e+00,-0.000000000000000000e+00,6.785423371046818419e-02,-0.000000000000000000e+00,0.000000000000000000e+00,1.309658967638315796e-01,0.000000000000000000e+00,-4.712909288849193024e-02,-2.177284760190957014e-01,-1.980343469415263014e-01,0.000000000000000000e+00,0.000000000000000000e+00,2.422581482291127214e-02,0.000000000000000000e+00,-2.675661392707910369e-01,0.000000000000000000e+00,0.000000000000000000e+00,0.000000000000000000e+00,-5.001510184965096001e-02,-2.033298877056232412e-01,-0.000000000000000000e+00,2.732978928954483619e-02,-0.000000000000000000e+00,-9.305699357357131041e-04,-0.000000000000000000e+00,1.816431057304031815e-01,-8.450122238841080435e-02
-0.000000000000000000e+00,-0.000000000000000000e+00,-2.362698765865896278e-01,-0.000000000000000000e+00,-1.056833596981473361e-01,-0.000000000000000000e+00,-0.000000000000000000e+00,0.000000000000000000e+00,-0.000000000000000000e+00,-5.729008416404976489e-02,-5.951012689835719072e-02,-0.000000000000000000e+00,-0.000000000000000000e+00,1.777462494734145526e+00,0.000000000000000000e+00,-0.000000000000000000e+00,-0.000000000000000000e+00,-0.000000000000000000e+00,-0.000000000000000000e+00,-0.000000000000000000e+00,-0.000000000000000000e+00,-0.000000000000000000e+00,-5.136016132348210084e-01,-4.295995775026482111e-01,-1.540314943557135607e-01,-0.000000000000000000e+00,-0.000000000000000000e+00,-0.000000000000000000e+00,-5.220851541847670169e-02,-5.949438743238655986e-03,-0.000000000000000000e+00,-0.000000000000000000e+00,-2.602723545369490243e-01,-0.000000000000000000e+00,-6.769466910245491853e-02,-0.000000000000000000e+00,-1.822671973232460607e-02,0.000000000000000000e+00,-0.000000000000000000e+00
0.000000000000000000e+00,1.024054432608808851e-01,2.557737923508832459e-02,0.000000000000000000e+00,0.000000000000000000e+00,-0.000000000000000000e+00,4.590401092570563918e-02,0.000000000000000000e+00,-0.000000000000000000e+00,0.000000000000000000e+00,6.403993735695849565e-02,0.000000000000000000e+00,6.785423371046818419e-02,0.000000000000000000e+00,1.943203881714798964e+00,0.000000000000000000e+00,-0.000000000000000000e+00,-1.811374847306922442e-01,-0.000000000000000000e+00,0.000000000000000000e+00,2.458585801314902008e-01,0.000000000000000000e+00,0.000000000000000000e+00,-0.000000000000000000e+00,-0.000000000000000000e+00,-0.000000000000000000e+00,0.000000000000000000e+00,-0.000000000000000000e+00,-0.000000000000000000e+00,-0.000000000000000000e+00,4.020334767915851870e-01,2.780410059156200597e-02,0.000000000000000000e+00,-1.637609825025748145e-01,0.000000000000000000e+00,6.041387220369947436e-02,0.000000000000000000e+00,-5.407234343892024508e-01,0.000000000000000000e+00
-3.968401983071315198e-01,-1.782097041471840115e-01,-2.129402336563974429e-01,-0.000000000000000000e+00,-0.000000000000000000e+00,0.000000000000000000e+00,-3.744957779661188535e-02,-0.000000000000000000e+00,-7.902546453432851559e-02,-3.085221540080428371e-01,-0.000000000000000000e+00,-8.184152001401145959e-02,-0.000000000000000000e+00,-0.000000000000000000e+00,0.000000000000000000e+00,1.975800591332806944e+00,0.000000000000000000e+00,0.000000000000000000e+00,-0.000000000000000000e+00,-2.165855839939132277e-01,-3.674864703486026979e-02,-0.000000000000000000e+00,-1.634837425388979970e-01,-0.000000000000000000e+00,-0.000000000000000000e+00,-0.000000000000000000e+00,-1.418757099101375097e-01,-0.000000000000000000e+00,0.000000000000000000e+00,-0.000000000000000000e+00,-4.278310749693062937e-02,-0.000000000000000000e+00,-9.247803569606177776e-02,0.000000000000000000e+00,-0.000000000000000000e+00,-9.979424448424789595e-02,-0.000000000000000000e+00,0.000000000000000000e+00,-1.564333001746824880e-01
0.000000000000000000e+00,0.000000000000000000e+00,1.894569532430420700e-02,0.000000000000000000e+00,0.000000000000000000e+00,-4.524153967160282619e-01,1.323573320533834030e-01,1.586466579699644108e-03,0.000000000000000000e+00,-0.000000000000000000e+00,-1.305574116511306892e-01,1.983304064550152068e-01,0.000000000000000000e+00,-0.000000000000000000e+00,-0.000000000000000000e+00,0.000000000000000000e+00,1.769734659079803984e+00,-0.000000000000000000e+00,0.000000000000000000e+00,0.000000000000000000e+00,0.000000000000000000e+00,1.894433771242650874e-02,-0.000000000000000000e+00,-0.000000000000000000e+00,-0.000000000000000000e+00,-0.000000000000000000e+00,0.000000000000000000e+00,-9.017277230980924596e-02,-3.443579857572273140e-01,-0.000000000000000000e+00,0.000000000000000000e+00,0.000000000000000000e+00,0.000000000000000000e+00,-0.000000000000000000e+00,-0.000000000000000000e+00,0.000000000000000000e+00,-0.000000000000000000e+00,-1.518189773820874666e-01,2.141020987717690005e-01
0.000000000000000000e+00,0.000000000000000000e+00,0.000000000000000000e+00,-0.000000000000000000e+00,-0.000000000000000000e+00,-0.000000000000000000e+00,0.000000000000000000e+00,1.712739226057311548e-01,-0.000000000000000000e+00,-0.000000000000000000e+00,0.000000000000000000e+00,0.000000000000000000e+00,1.309658967638315796e-01,-0.000000000000000000e+00,-1.811374847306922442e-01,0.000000000000000000e+00,-0.000000000000000000e+00,1.826558909669329989e+00,-5.880278613059525261e-01,0.000000000000000000e+00,1.912509230639703461e-01,0.000000000000000000e+00,-0.000000000000000000e+00,-0.000000000000000000e+00,-0.000000000000000000e+00,-0.000000000000000000e+00,7.255519445770379494e-02,-0.000000000000000000e+00,-0.000000000000000000e+00,-3.980421701528794737e-03,0.000000000000000000e+00,1.242403534079823679e-01,0.000000000000000000e+00,-3.931755198722436950e-01,0.000000000000000000e+00,0.000000000000000000e+00,-0.000000000000000000e+00,-0.000000000000000000e+00,0.000000000000000000e+00
0.000000000000000000e+00,0.000000000000000000e+00,-0.000000000000000000e+00,-4.457374796715999656e-03,-1.129975138753543940e-01,0.000000000000000000e+00,-0.000000000000000000e+00,0.000000000000000000e+00,-4.604225210972897053e-01,-0.000000000000000000e+00,4.201252695993432790e-02,-0.000000000000000000e+00,0.000000000000000000e+00,-0.000000000000000000e+00,-0.000000000000000000e+00,-0.000000000000000000e+00,0.000000000000000000e+00,-5.880278613059525261e-01,1.531899304497776448e+00,0.000000000000000000e+00,0.000000000000000000e+00,-0.000000000000000000e+00,-3.034603511032730669e-02,-0.000000000000000000e+00,-2.856839902180731416e-02,0.000000000000000000e+00,0.000000000000000000e+00,-0.000000000000000000e+00,0.000000000000000000e+00,-0.000000000000000000e+00,0.000000000000000000e+00,0.000000000000000000e+00,-0.000000000000000000e+00,-2.140315122230414258e-02,0.000000000000000000e+00,0.000000000000000000e+00,0.000000000000000000e+00,-0.000000000000000000e+00,-0.000000000000000000e+00
-0.000000000000000000e+00,-0.000000000000000000e+00,-0.000000000000000000e+00,-0.000000000000000000e+00,0.000000000000000000e+00,1.111790035120151510e-01,-2.297236976688246946e-01,-4.150744268864727249e-01,0.000000000000000000e+00,-0.000000000000000000e+00,0.000000000000000000e+00,-0.000000000000000000e+00,-4.712909288849193024e-02,-0.000000000000000000e+00,0.000000000000000000e+00,-2.165855839939132277e-01,0.000000000000000000e+00,0.000000000000000000e+00,0.000000000000000000e+00,1.682563649536513051e+00,-2.011915560680344328e-01,-1.072221727143709419e-01,-0.000000000000000000e+00,0.000000000000000000e+00,0.000000000000000000e+00,0.000000000000000000e+00,-1.475192905468141434e-02,0.000000000000000000e+00,0.000000000000000000e+00,0.000000000000000000e+00,-1.666148523755865696e-02,-0.000000000000000000e+00,-0.000000000000000000e+00,4.076292200891324519e-02,-0.000000000000000000e+00,-2.452844115579895165e-02,0.000000000000000000e+00,0.000000000000000000e+00,-0.000000000000000000e+00
-3.269899461966846443e-02,-7.376498407228819498e-02,-2.999828523161928162e-01,-0.000000000000000000e+00,-0.000000000000000000e+00,0.000000000000000000e+00,-1.936416660677800494e-01,-3.789930210514469845e-04,0.000000000000000000e+00,-0.000000000000000000e+00,-0.000000000000000000e+00,-2.053921191188229009e-02,-2.177284760190957014e-01,-0.000000000000000000e+00,2.458585801314902008e-01,-3.674864703486026979e-02,0.000000000000000000e+00,1.912509230639703461e-01,0.000000000000000000e+00,-2.011915560680344328e-01,2.496439252849122603e+00,-1.983573343879834472e-01,-0.000000000000000000e+00,-0.000000000000000000e+00,0.000000000000000000e+00,0.000000000000000000e+00,-2.516512507859416936e-01,-0.000000000000000000e+00,0.000000000000000000e+00,0.000000000000000000e+00,-4.024643905692086854e-01,-2.584742650269872266e-01,-0.000000000000000000e+00,0.000000000000000000e+00,-0.000000000000000000e+00,-4.641834862916110159e-03,0.000000000000000000e+00,0.000000000000000000e+00,-0.000000000000000000e+00
-0.000000000000000000e+00,-1.224264167695210542e-01,-1.556311785091475108e-01,-0.000000000000000000e+00,-0.000000000000000000e+00,5.031401636794813337e-02,-2.332780860974222881e-01,-1.307036268797620582e-01,-0.000000000000000000e+00,-0.000000000000000000e+00,-0.000000000000000000e+00,-3.966586928695631231e-01,-1.980343469415263014e-01,-0.000000000000000000e+00,0.000000000000000000e+00,-0.000000000000000000e+00,1.894433771242650874e-02,0.000000000000000000e+00,-0.000000000000000000e+00,-1.072221727143709419e-01,-1.983573343879834472e-01,2.620174171525663009e+00,-0.000000000000000000e+00,-0.000000000000000000e+00,0.000000000000000000e+00,0.000000000000000000e+00,-2.484333978400545540e-01,0.000000000000000000e+00,0.000000000000000000e+00,0.000000000000000000e+00,-3.711797536920531937e-01,-5.316465216349863798e-02,-0.000000000000000000e+00,0.000000000000000000e+00,-0.000000000000000000e+00,-0.000000000000000000e+00,0.000000000000000000e+00,2.179426212089922987e-01,-2.163368493696399830e-01
-3.970115971941384075e-02,-0.000000000000000000e+00,-5.830396084415437330e-02,-0.000000000000000000e+00,-0.000000000000000000e+00,-0.000000000000000000e+00,-0.000000000000000000e+00,0.000000000000000000e+00,-2.120100614153922272e-02,-1.369420330743525982e-01,-6.442444785422200837e-02,-0.000000000000000000e+00,0.000000000000000000e+00,-5.136016132348210084e-01,0.000000000000000000e+00,-1.634837425388979970e-01,-0.000000000000000000e+00,-0.000000000000000000e+00,-3.034603511032730669e-02,-0.000000000000000000e+00,-0.000000000000000000e+00,-0.000000000000000000e+00,1.731558824391608464e+00,-1.622874583235324186e-01,-5.014923847523433675e-01,-0.000000000000000000e+00,-0.000000000000000000e+00,-0.000000000000000000e+00,-0.000000000000000000e+00,-0.000000000000000000e+00,-0.000000000000000000e+00,-0.000000000000000000e+00,-0.000000000000000000e+00,-0.000000000000000000e+00,-1.273920980686639171e-01,-0.000000000000000000e+00,-0.000000000000000000e+00,0.000000000000000000e+00,-0.000000000000000000e+00
-0.000000000000000000e+00,-0.000000000000000000e+00,-0.000000000000000000e+00,-0.000000000000000000e+00,-0.000000000000000000e+00,-0.000000000000000000e+00,0.000000000000000000e+00,0.000000000000000000e+00,-0.000000000000000000e+00,-0.000000000000000000e+00,-0.000000000000000000e+00,-0.000000000000000000e+00,0.000000000000000000e+00,-4.295995775026482111e-01,-0.000000000000000000e+00,-0.000000000000000000e+00,-0.000000000000000000e+00,-0.000000000000000000e+00,-0.000000000000000000e+00,0.000000000000000000e+00,-0.000000000000000000e+00,-0.000000000000000000e+00,-1.622874583235324186e-01,1.259226973462646892e+00,-7.724086030452886886e-02,-0.000000000000000000e+00,-0.000000000000000000e+00,-0.000000000000000000e+00,-0.000000000000000000e+00,-0.000000000000000000e+00,-0.000000000000000000e+00,-0.000000000000000000e+00,-0.000000000000000000e+00,-0.000000000000000000e+00,-0.000000000000000000e+00,0.000000000000000000e+00,-0.000000000000000000e+00,-0.000000000000000000e+00,-0.000000000000000000e+00
-0.000000000000000000e+00,-0.000000000000000000e+00,-0.000000000000000000e+00,-0.000000000000000000e+00,-0.000000000000000000e+00,-0.000000000000000000e+00,0.000000000000000000e+00,6.364925467794324554e-02,-8.306568280941616089e-02,-0.000000000000000000e+00,-0.000000000000000000e+00,0.000000000000000000e+00,2.422581482291127214e-02,-1.540314943557135607e-01,-0.000000000000000000e+00,-0.000000000000000000e+00,-0.000000000000000000e+00,-0.000000000000000000e+00,-2.856839902180731416e-02,0.000000000000000000e+00,0.000000000000000000e+00,0.000000000000000000e+00,-5.014923847523433675e-01,-7.724086030452886886e-02,1.455625504599691977e+00,-0.000000000000000000e+00,0.000000000000000000e+00,-1.006673552010187433e-01,-1.018180364438437818e-01,-2.135948281488358746e-01,0.000000000000000000e+00,0.000000000000000000e+00,-0.000000000000000000e+00,-5.404440800083991359e-02,-0.000000000000000000e+00,0.000000000000000000e+00,-0.000000000000000000e+00,-0.000000000000000000e+00,0.000000000000000000e+00
-0.000000000000000000e+00,0.000000000000000000e+00,-0.000000000000000000e+00,-0.000000000000000000e+00,0.000000000000000000e+00,-0.000000000000000000e+00,0.000000000000000000e+00,3.944284863307148670e-02,-0.000000000000000000e+00,-0.000000000000000000e+00,-0.000000000000000000e+00,0.000000000000000000e+00,0.000000000000000000e+00,-0.000000000000000000e+00,-0.000000000000000000e+00,-0.000000000000000000e+00,-0.000000000000000000e+00,-0.000000000000000000e+00,0.000000000000000000e+00,0.000000000000000000e+00,0.000000000000000000e+00,0.000000000000000000e+00,-0.000000000000000000e+00,-0.000000000000000000e+00,-0.000000000000000000e+00,1.703942507647552951e+00,0.000000000000000000e+00,-4.768565238701807929e-01,-2.877591764092558013e-01,-6.194889754693536782e-02,0.000000000000000000e+00,0.000000000000000000e+00,-0.000000000000000000e+00,-0.000000000000000000e+00,-0.000000000000000000e+00,0.000000000000000000e+00,-0.000000000000000000e+00,-6.616103469517675695e-01,0.000000000000000000e+00
-0.000000000000000000e+00,-3.460547446263173010e-01,-0.000000000000000000e+00,0.000000000000000000e+00,-0.000000000000000000e+00,0.000000000000000000e+00,-8.143940994313328408e-03,-1.816150677290562787e-01,-0.000000000000000000e+00,-0.000000000000000000e+00,-0.000000000000000000e+00,-2.912974715912058365e-01,-2.675661392707910369e-01,-0.000000000000000000e+00,0.000000000000000000e+00,-1.418757099101375097e-01,0.000000000000000000e+00,7.255519445770379494e-02,0.000000000000000000e+00,-1.475192905468141434e-02,-2.516512507859416936e-01,-2.484333978400545540e-01,-0.000000000000000000e+00,-0.000000000000000000e+00,0.000000000000000000e+00,0.000000000000000000e+00,2.754254888248817590e+00,0.000000000000000000e+00,0.000000000000000000e+00,0.000000000000000000e+00,-3.690140021983757679e-01,-4.372922063485678024e-01,-3.239345073899869108e-03,0.000000000000000000e+00,-0.000000000000000000e+00,-0.000000000000000000e+00,-0.000000000000000000e+00,0.000000000000000000e+00,-2.273387402342886277e-01
-0.000000000000000000e+00,0.000000000000000000e+00,-0.000000000000000000e+00,-0.000000000000000000e+00,-0.000000000000000000e+00,-1.742450172555213561e-01,0.000000000000000000e+00,0.000000000000000000e+00,-0.000000000000000000e+00,-9.839009153119469483e-03,-0.000000000000000000e+00,0.000000000000000000e+00,0.000000000000000000e+00,-0.000000000000000000e+00,-0.000000000000000000e+00,-0.000000000000000000e+00,-9.017277230980924596e-02,-0.000000000000000000e+00,-0.000000000000000000e+00,0.000000000000000000e+00,-0.000000000000000000e+00,0.000000000000000000e+00,-0.000000000000000000e+00,-0.000000000000000000e+00,-1.006673552010187433e-01,-4.768565238701807929e-01,0.000000000000000000e+00,1.394960773316109792e+00,-4.674660819932709155e-02,-1.321442666771094343e-01,0.000000000000000000e+00,0.000000000000000000e+00,-0.000000000000000000e+00,-0.000000000000000000e+00,-2.290549991217394332e-02,0.000000000000000000e+00,-6.886378782701972623e-02,-8.428577216958735296e-03,1.994623502268545387e-02
-0.000000000000000000e+00,-0.000000000000000000e+00,0.000000000000000000e+00,-0.000000000000000000e+00,-0.000000000000000000e+00,-6.440027085617719416e-02,0.000000000000000000e+00,0.000000000000000000e+00,0.000000000000000000e+00,-9.567076214975980472e-03,-0.000000000000000000e+00,0.000000000000000000e+00,0.000000000000000000e+00,-5.220851541847670169e-02,-0.000000000000000000e+00,0.000000000000000000e+00,-3.443579857572273140e-01,-0.000000000000000000e+00,0.000000000000000000e+00,0.000000000000000000e+00,0.000000000000000000e+00,0.000000000000000000e+00,-0.000000000000000000e+00,-0.000000000000000000e+00,-1.018180364438437818e-01,-2.877591764092558013e-01,0.000000000000000000e+00,-4.674660819932709155e-02,1.674072628197675661e+00,-4.743404094964295825e-02,0.000000000000000000e+00,-0.000000000000000000e+00,-0.000000000000000000e+00,-0.000000000000000000e+00,-0.000000000000000000e+00,0.000000000000000000e+00,-6.529340641306351500e-01,-0.000000000000000000e+00,0.000000000000000000e+00
-1.701979124597940984e-02,-0.000000000000000000e+00,-0.000000000000000000e+00,-0.000000000000000000e+00,-1.876960390631632336e-01,-0.000000000000000000e+00,0.000000000000000000e+00,9.154023854671893001e-02,-1.655309716405491127e-01,-3.929319912085829647e-01,-0.000000000000000000e+00,0.000000000000000000e+00,0.000000000000000000e+00,-5.949438743238655986e-03,-0.000000000000000000e+00,-0.000000000000000000e+00,-0.000000000000000000e+00,-3.980421701528794737e-03,-0.000000000000000000e+00,0.000000000000000000e+00,0.000000000000000000e+00,0.000000000000000000e+00,-0.000000000000000000e+00,-0.000000000000000000e+00,-2.135948281488358746e-01,-6.194889754693536782e-02,0.000000000000000000e+00,-1.321442666771094343e-01,-4.743404094964295825e-02,1.425528798741138692e+00,0.000000000000000000e+00,-0.000000000000000000e+00,-0.000000000000000000e+00,-1.084126634684562662e-01,-0.000000000000000000e+00,-0.000000000000000000e+00,-7.392526133402387012e-02,-0.000000000000000000e+00,0.000000000000000000e+00
-0.000000000000000000e+00,-2.454477457229373161e-01,-2.049409865353752080e-01,-0.000000000000000000e+00,-0.000000000000000000e+00,0.000000000000000000e+00,-2.105496939134119949e-01,-5.737327507666065834e-02,-0.000000000000000000e+00,-0.000000000000000000e+00,-0.000000000000000000e+00,-1.125457850877946142e-01,-5.001510184965096001e-02,-0.000000000000000000e+00,4.020334767915851870e-01,-4.278310749693062937e-02,0.000000000000000000e+00,0.000000000000000000e+00,0.000000000000000000e+00,-1.666148523755865696e-02,-4.024643905692086854e-01,-3.711797536920531937e-01,-0.000000000000000000e+00,-0.000000000000000000e+00,0.000000000000000000e+00,0.000000000000000000e+00,-3.690140021983757679e-01,0.000000000000000000e+00,0.000000000000000000e+00,0.000000000000000000e+00,2.778217007239280445e+00,-2.001181057456469792e-01,-1.010961427243185079e-01,0.000000000000000000e+00,-1.344475255043268980e-02,-0.000000000000000000e+00,0.000000000000000000e+00,9.714766680058305182e-02,-6.974459574327532274e-02
-2.765341215643263295e-01,-4.104158215228203010e-01,-0.000000000000000000e+00,0.000000000000000000e+00,-0.000000000000000000e+00,0.000000000000000000e+00,-0.000000000000000000e+00,-0.000000000000000000e+00,0.000000000000000000e+00,-0.000000000000000000e+00,-2.137859437853627531e-01,-0.000000000000000000e+00,-2.033298877056232412e-01,-0.000000000000000000e+00,2.780410059156200597e-02,-0.000000000000000000e+00,0.000000000000000000e+00,1.242403534079823679e-01,0.000000000000000000e+00,-0.000000000000000000e+00,-2.584742650269872266e-01,-5.316465216349863798e-02,-0.000000000000000000e+00,-0.000000000000000000e+00,0.000000000000000000e+00,0.000000000000000000e+00,-4.372922063485678024e-01,0.000000000000000000e+00,-0.000000000000000000e+00,-0.000000000000000000e+00,-2.001181057456469792e-01,2.314991891336025454e+00,-1.215904637838033514e-01,0.000000000000000000e+00,-1.319416920478336253e-01,-1.885151371755052208e-01,-0.000000000000000000e+00,0.000000000000000000e+00,-0.000000000000000000e+00
-0.000000000000000000e+00,-3.891250598776858222e-02,-4.282006226381728231e-01,-0.000000000000000000e+00,-7.183965195038216969e-03,0.000000000000000000e+00,-0.000000000000000000e+00,-0.000000000000000000e+00,-0.000000000000000000e+00,-0.000000000000000000e+00,-0.000000000000000000e+00,-2.866957845910097710e-02,-0.000000000000000000e+00,-2.602723545369490243e-01,0.000000000000000000e+00,-9.247803569606177776e-02,0.000000000000000000e+00,0.000000000000000000e+00,-0.000000000000000000e+00,-0.000000000000000000e+00,-0.000000000000000000e+00,-0.000000000000000000e+00,-0.000000000000000000e+00,-0.000000000000000000e+00,-0.000000000000000000e+00,-0.000000000000000000e+00,-3.239345073899869108e-03,-0.000000000000000000e+00,-0.000000000000000000e+00,-0.000000000000000000e+00,-1.010961427243185079e-01,-1.215904637838033514e-01,1.530427355283941582e+00,-0.000000000000000000e+00,-1.930762261893760601e-01,-0.000000000000000000e+00,-0.000000000000000000e+00,0.000000000000000000e+00,-6.052371848616398126e-02
0.000000000000000000e+00,0.000000000000000000e+00,-0.000000000000000000e+00,-0.000000000000000000e+00,-2.582603274291122020e-01,-0.000000000000000000e+00,0.000000000000000000e+00,1.446712721132592805e-01,-4.825763509123682793e-01,-0.000000000000000000e+00,0.000000000000000000e+00,0.000000000000000000e+00,2.732978928954483619e-02,-0.000000000000000000e+00,-1.637609825025748145e-01,0.000000000000000000e+00,-0.000000000000000000e+00,-3.931755198722436950e-01,-2.140315122230414258e-02,4.076292200891324519e-02,0.000000000000000000e+00,0.000000000000000000e+00,-0.000000000000000000e+00,-0.000000000000000000e+00,-5.404440800083991359e-02,-0.000000000000000000e+00,0.000000000000000000e+00,-0.000000000000000000e+00,-0.000000000000000000e+00,-1.084126634684562662e-01,0.000000000000000000e+00,0.000000000000000000e+00,-0.000000000000000000e+00,1.639262109516460342e+00,0.000000000000000000e+00,0.000000000000000000e+00,-0.000000000000000000e+00,-3.723827931492400441e-03,0.000000000000000000e+00
-0.000000000000000000e+00,-0.000000000000000000e+00,-0.000000000000000000e+00,-0.000000000000000000e+00,-0.000000000000000000e+00,-0.000000000000000000e+00,-0.000000000000000000e+00,-0.000000000000000000e+00,0.000000000000000000e+00,-0.000000000000000000e+00,-3.417273051399986883e-02,-0.000000000000000000e+00,-0.000000000000000000e+00,-6.769466910245491853e-02,0.000000000000000000e+00,-0.000000000000000000e+00,-0.000000000000000000e+00,0.000000000000000000e+00,0.000000000000000000e+00,-0.000000000000000000e+00,-0.000000000000000000e+00,-0.000000000000000000e+00,-1.273920980686639171e-01,-0.000000000000000000e+00,-0.000000000000000000e+00,-0.000000000000000000e+00,-0.000000000000000000e+00,-2.290549991217394332e-02,-0.000000000000000000e+00,-0.000000000000000000e+00,-1.344475255043268980e-02,-1.319416920478336253e-01,-1.930762261893760601e-01,0.000000000000000000e+00,1.278657095221124695e+00,-0.000000000000000000e+00,-3.965149149404870732e-01,0.000000000000000000e+00,-0.000000000000000000e+00
-0.000000000000000000e+00,-6.206684593214068651e-02,-1.463057647397698023e-02,-0.000000000000000000e+00,-0.000000000000000000e+00,0.000000000000000000e+00,-0.000000000000000000e+00,-0.000000000000000000e+00,0.000000000000000000e+00,-5.909437127984268345e-02,-0.000000000000000000e+00,-0.000000000000000000e+00,-9.305699357357131041e-04,-0.000000000000000000e+00,6.041387220369947436e-02,-9.979424448424789595e-02,0.000000000000000000e+00,0.000000000000000000e+00,0.000000000000000000e+00,-2.452844115579895165e-02,-4.641834862916110159e-03,-0.000000000000000000e+00,-0.000000000000000000e+00,0.000000000000000000e+00,0.000000000000000000e+00,0.000000000000000000e+00,-0.000000000000000000e+00,0.000000000000000000e+00,0.000000000000000000e+00,-0.000000000000000000e+00,-0.000000000000000000e+00,-1.885151371755052208e-01,-0.000000000000000000e+00,0.000000000000000000e+00,-0.000000000000000000e+00,1.129458627698766593e+00,-0.000000000000000000e+00,0.000000000000000000e+00,-0.000000000000000000e+00
-0.000000000000000000e+00,-0.000000000000000000e+00,-0.000000000000000000e+00,-0.000000000000000000e+00,-0.000000000000000000e+00,-3.135355625324877105e-01,0.000000000000000000e+00,0.000000000000000000e+00,0.000000000000000000e+00,-1.470229631717838159e-01,-3.516457143524329698e-01,0.000000000000000000e+00,-0.000000000000000000e+00,-1.822671973232460607e-02,0.000000000000000000e+00,-0.000000000000000000e+00,-0.000000000000000000e+00,-0.000000000000000000e+00,0.000000000000000000e+00,0.000000000000000000e+00,0.000000000000000000e+00,0.000000000000000000e+00,-0.000000000000000000e+00,-0.000000000000000000e+00,-0.000000000000000000e+00,-0.000000000000000000e+00,-0.000000000000000000e+00,-6.886378782701972623e-02,-6.529340641306351500e-01,-7.392526133402387012e-02,0.000000000000000000e+00,-0.000000000000000000e+00,-0.000000000000000000e+00,-0.000000000000000000e+00,-3.965149149404870732e-01,-0.000000000000000000e+00,1.790929522207953761e+00,-0.000000000000000000e+00,0.000000000000000000e+00
0.000000000000000000e+00,0.000000000000000000e+00,0.000000000000000000e+00,0.000000000000000000e+00,0.000000000000000000e+00,-0.000000000000000000e+00,1.953087329846012743e-01,1.369869718745637399e-01,-0.000000000000000000e+00,-0.000000000000000000e+00,0.000000000000000000e+00,0.000000000000000000e+00,1.816431057304031815e-01,0.000000000000000000e+00,-5.407234343892024508e-01,0.000000000000000000e+00,-1.518189773820874666e-01,-0.000000000000000000e+00,-0.000000000000000000e+00,0.000000000000000000e+00,0.000000000000000000e+00,2.179426212089922987e-01,0.000000000000000000e+00,-0.000000000000000000e+00,-0.000000000000000000e+00,-6.616103469517675695e-01,0.000000000000000000e+00,-8.428577216958735296e-03,-0.000000000000000000e+00,-0.000000000000000000e+00,9.714766680058305182e-02,0.000000000000000000e+00,0.000000000000000000e+00,-3.723827931492400441e-03,0.000000000000000000e+00,0.000000000000000000e+00,-0.000000000000000000e+00,2.149980667558303082e+00,0.000000000000000000e+00
-0.000000000000000000e+00,-8.309714904462293938e-02,-2.315707949862698053e-02,0.000000000000000000e+00,-0.000000000000000000e+00,2.947729787580447569e-01,-5.337185060585674518e-02,-3.753228259284881879e-02,-8.406131754127671440e-02,-0.000000000000000000e+00,-0.000000000000000000e+00,-6.977495372197627388e-01,-8.450122238841080435e-02,-0.000000000000000000e+00,0.000000000000000000e+00,-1.564333001746824880e-01,2.141020987717690005e-01,0.000000000000000000e+00,-0.000000000000000000e+00,-0.000000000000000000e+00,-0.000000000000000000e+00,-2.163368493696399830e-01,-0.000000000000000000e+00,-0.000000000000000000e+00,0.000000000000000000e+00,0.000000000000000000e+00,-2.273387402342886277e-01,1.994623502268545387e-02,0.000000000000000000e+00,0.000000000000000000e+00,-6.974459574327532274e-02,-0.000000000000000000e+00,-6.052371848616398126e-02,0.000000000000000000e+00,-0.000000000000000000e+00,-0.000000000000000000e+00,0.000000000000000000e+00,0.000000000000000000e+00,2.263596481528677096e+00
