2.004777876013886129e+00,-3.187763005596125909e-01,-0.000000000000000000e+00,-0.000000000000000000e+00,-8.571493790535415769e-02,-0.000000000000000000e+00,-0.000000000000000000e+00,0.000000000000000000e+00,-1.915036119622957889e-01,-0.000000000000000000e+00,-0.000000000000000000e+00,-1.917191747417122324e-02,0.000000000000000000e+00,-0.000000000000000000e+00,-0.000000000000000000e+00,-0.000000000000000000e+00,-2.406640562121504720e-02,-0.000000000000000000e+00,0.000000000000000000e+00,-0.000000000000000000e+00,-0.000000000000000000e+00,-1.141401051832961339e-01,-1.692494515001403133e-01,-1.508631815759276518e-01,-1.490060070151728311e-01,-0.000000000000000000e+00,-0.000000000000000000e+00,-0.000000000000000000e+00,-0.000000000000000000e+00,-0.000000000000000000e+00,-2.201786560337891663e-01,-0.000000000000000000e+00,-0.000000000000000000e+00,-1.836991062149601894e-01,-0.000000000000000000e+00,-0.000000000000000000e+00,-0.000000000000000000e+00,-2.299141103390911489e-01,-1.852780205433398053e-01
-3.187763005596125909e-01,2.125085890561487112e+00,-0.000000000000000000e+00,-0.000000000000000000e+00,-0.000000000000000000e+00,-3.642889927289991864e-02,-0.000000000000000000e+00,0.000000000000000000e+00,-7.168503996212261670e-03,-2.415611612969023603e-01,-0.000000000000000000e+00,-0.000000000000000000e+00,0.000000000000000000e+00,-0.000000000000000000e+00,-0.000000000000000000e+00,-1.050910558171828935e-02,-2.271780457537804221e-01,-2.937802800105759893e-01,-0.000000000000000000e+00,-0.000000000000000000e+00,0.000000000000000000e+00,-1.146856701724124350e-01,-1.530149648499895543e-01,-0.000000000000000000e+00,-1.788857360548127551e-01,-3.200374837504198905e-02,-0.000000000000000000e+00,-0.000000000000000000e+00,-1.719556577512406648e-01,-0.000000000000000000e+00,-0.000000000000000000e+00,-0.000000000000000000e+00,-0.000000000000000000e+00,-0.000000000000000000e+00,-2.079753206434884483e-01,-0.000000000000000000e+00,-1.204961905004763717e-01,-5.203869098446731872e-02,-0.000000000000000000e+00
-0.000000000000000000e+00,-0.000000000000000000e+00,2.609688746864199160e+00,-0.000000000000000000e+00,-2.210656081867837519e-01,-1.375671065389027226e-01,-0.000000000000000000e+00,8.954638940994447127e-01,-0.000000000000000000e+00,-0.000000000000000000e+00,-0.000000000000000000e+00,-0.000000000000000000e+00,0.000000000000000000e+00,-2.277282831921837725e-01,-1.126549723634813205e-01,-0.000000000000000000e+00,-1.275458145066456495e-01,-4.245942758611084833e-02,-0.000000000000000000e+00,0.000000000000000000e+00,-0.000000000000000000e+00,-4.505989383112390945e-02,-1.227229147226020639e-01,-0.000000000000000000e+00,-1.959925249536173808e-01,-0.000000000000000000e+00,-0.000000000000000000e+00,-0.000000000000000000e+00,-0.000000000000000000e+00,0.000000000000000000e+00,-1.483405968884285997e-01,-0.000000000000000000e+00,-1.647140098549093046e-01,-1.620966905606352482e-01,-0.000000000000000000e+00,-0.000000000000000000e+00,-0.000000000000000000e+00,-1.009552230461504690e-01,-0.000000000000000000e+00
-0.000000000000000000e+00,-0.000000000000000000e+00,-0.000000000000000000e+00,1.183826960470364842e+00,0.000000000000000000e+00,-1.475373146309321704e-01,-0.000000000000000000e+00,0.000000000000000000e+00,0.000000000000000000e+00,0.000000000000000000e+00,-3.141407384638868899e-02,-0.000000000000000000e+00,0.000000000000000000e+00,-0.000000000000000000e+00,-0.000000000000000000e+00,0.000000000000000000e+00,-0.000000000000000000e+00,-9.569857019346737770e-02,-1.555836364832059171e-01,-0.000000000000000000e+00,0.000000000000000000e+00,-4.342498548706064804e-02,-0.000000000000000000e+00,-0.000000000000000000e+00,-0.000000000000000000e+00,0.000000000000000000e+00,0.000000000000000000e+00,9.566815796646715997e-02,-0.000000000000000000e+00,2.537994633542402512e-01,-0.000000000000000000e+00,-0.000000000000000000e+00,-0.000000000000000000e+00,-0.000000000000000000e+00,-0.000000000000000000e+00,-0.000000000000000000e+00,-0.000000000000000000e+00,-1.486999099027031812e-01,-0.000000000000000000e+00
-8.571493790535415769e-02,-0.000000000000000000e+00,-2.210656081867837519e-01,0.000000000000000000e+00,2.029430209347279135e+00,-0.000000000000000000e+00,-0.000000000000000000e+00,7.637670754007439000e-02,-2.899583131647287537e-01,-0.000000000000000000e+00,-0.000000000000000000e+00,-0.000000000000000000e+00,0.000000000000000000e+00,-1.934746079318943601e-01,-0.000000000000000000e+00,-2.226770521738890285e-01,-0.000000000000000000e+00,-0.000000000000000000e+00,0.000000000000000000e+00,0.000000000000000000e+00,-0.000000000000000000e+00,-0.000000000000000000e+00,-9.549577604498973860e-02,-3.047445770452601038e-02,-5.070423364066564687e-02,-0.000000000000000000e+00,-0.000000000000000000e+00,-2.310678877452339020e-01,-0.000000000000000000e+00,-1.159972580713958604e-02,-1.431911807797908998e-01,-0.000000000000000000e+00,-8.994781716999136756e-02,-2.748125587860586472e-01,-1.987013044401783612e-02,-0.000000000000000000e+00,-0.000000000000000000e+00,-0.000000000000000000e+00,-2.747402795329240751e-03
-0.000000000000000000e+00,-3.642889927289991864e-02,-1.375671065389027226e-01,-1.475373146309321704e-01,-0.000000000000000000e+00,2.106593783550440246e+00,-0.000000000000000000e+00,2.039304250794485573e-01,-0.000000000000000000e+00,-0.000000000000000000e+00,-4.058117418263117449e-01,-0.000000000000000000e+00,0.000000000000000000e+00,-2.539343601777541704e-01,-0.000000000000000000e+00,-0.000000000000000000e+00,-2.476802875438897378e-01,-3.310812712417510184e-01,-0.000000000000000000e+00,0.000000000000000000e+00,0.000000000000000000e+00,-0.000000000000000000e+00,-0.000000000000000000e+00,-0.000000000000000000e+00,-0.000000000000000000e+00,-0.000000000000000000e+00,-0.000000000000000000e+00,-0.000000000000000000e+00,-2.363887319393372932e-01,0.000000000000000000e+00,-0.000000000000000000e+00,-2.980956463406461698e-02,-0.000000000000000000e+00,-0.000000000000000000e+00,-3.238349228675633379e-02,-0.000000000000000000e+00,-4.998012026481211956e-02,-2.832588998933051674e-02,-0.000000000000000000e+00
-0.000000000000000000e+00,-0.000000000000000000e+00,-0.000000000000000000e+00,-0.000000000000000000e+00,-0.000000000000000000e+00,-0.000000000000000000e+00,1.025015913575070714e+00,0.000000000000000000e+00,-0.000000000000000000e+00,-0.000000000000000000e+00,-0.000000000000000000e+00,0.000000000000000000e+00,0.000000000000000000e+00,-0.000000000000000000e+00,-0.000000000000000000e+00,-0.000000000000000000e+00,-0.000000000000000000e+00,-0.000000000000000000e+00,-0.000000000000000000e+00,-0.000000000000000000e+00,-0.000000000000000000e+00,-6.416064554286700361e-02,-0.000000000000000000e+00,-0.000000000000000000e+00,-0.000000000000000000e+00,-0.000000000000000000e+00,-0.000000000000000000e+00,-0.000000000000000000e+00,-0.000000000000000000e+00,-0.000000000000000000e+00,-6.424778412521642279e-02,-0.000000000000000000e+00,-0.000000000000000000e+00,-0.000000000000000000e+00,-0.000000000000000000e+00,-0.000000000000000000e+00,-0.000000000000000000e+00,-6.733220139130875748e-02,-9.847096109394650951e-03
0.000000000000000000e+00,0.000000000000000000e+00,8.954638940994447127e-01,0.000000000000000000e+00,7.637670754007439000e-02,2.039304250794485573e-01,0.000000000000000000e+00,2.361627462907074815e+00,0.000000000000000000e+00,0.000000000000000000e+00,0.000000000000000000e+00,0.000000000000000000e+00,-0.000000000000000000e+00,1.937996587658737113e-01,8.981445299865049858e-02,0.000000000000000000e+00,9.316636680385546876e-02,8.651789287198162481e-02,0.000000000000000000e+00,-0.000000000000000000e+00,0.000000000000000000e+00,1.910392348968665763e-02,7.403978792659873798e-02,0.000000000000000000e+00,1.601151595768815494e-01,0.000000000000000000e+00,0.000000000000000000e+00,0.000000000000000000e+00,0.000000000000000000e+00,-0.000000000000000000e+00,8.624880225902208097e-02,0.000000000000000000e+00,1.721585397373945892e-01,9.291444546541137439e-02,0.000000000000000000e+00,0.000000000000000000e+00,0.000000000000000000e+00,7.004331973124815203e-02,0.000000000000000000e+00
-1.915036119622957889e-01,-7.168503996212261670e-03,-0.000000000000000000e+00,0.000000000000000000e+00,-2.899583131647287537e-01,-0.000000000000000000e+00,-0.000000000000000000e+00,0.000000000000000000e+00,1.872203784996619769e+00,-2.803554628468640231e-01,-0.000000000000000000e+00,-0.000000000000000000e+00,0.000000000000000000e+00,-0.000000000000000000e+00,-0.000000000000000000e+00,-7.700324648630506308e-02,-0.000000000000000000e+00,-0.000000000000000000e+00,0.000000000000000000e+00,-0.000000000000000000e+00,-0.000000000000000000e+00,-0.000000000000000000e+00,-0.000000000000000000e+00,-8.709772190991216245e-02,-0.000000000000000000e+00,-1.360981597193849646e-01,-0.000000000000000000e+00,-2.896655305223885257e-01,-0.000000000000000000e+00,-4.850740083390201463e-01,-0.000000000000000000e+00,-0.000000000000000000e+00,-0.000000000000000000e+00,-3.139625235137930015e-03,-0.000000000000000000e+00,-0.000000000000000000e+00,-0.000000000000000000e+00,-0.000000000000000000e+00,-1.832773439454578324e-02
-0.000000000000000000e+00,-2.415611612969023603e-01,-0.000000000000000000e+00,0.000000000000000000e+00,-0.000000000000000000e+00,-0.000000000000000000e+00,-0.000000000000000000e+00,0.000000000000000000e+00,-2.803554628468640231e-01,2.047083240871915955e+00,-0.000000000000000000e+00,-0.000000000000000000e+00,0.000000000000000000e+00,-0.000000000000000000e+00,-0.000000000000000000e+00,-6.345627887497802266e-01,-0.000000000000000000e+00,-0.000000000000000000e+00,-0.000000000000000000e+00,-0.000000000000000000e+00,0.000000000000000000e+00,-0.000000000000000000e+00,-0.000000000000000000e+00,-0.000000000000000000e+00,-0.000000000000000000e+00,-1.896945624859925905e-01,-9.009344418662150467e-02,-3.821125645871975562e-02,-9.659087253344617041e-02,-2.310619116870261166e-03,-0.000000000000000000e+00,-1.436043692604311861e-01,-0.000000000000000000e+00,-0.000000000000000000e+00,-0.000000000000000000e+00,-1.887084402392177618e-01,-8.220867170157904191e-02,-0.000000000000000000e+00,-0.000000000000000000e+00
-0.000000000000000000e+00,-0.000000000000000000e+00,-0.000000000000000000e+00,-3.141407384638868899e-02,-0.000000000000000000e+00,-4.058117418263117449e-01,-0.000000000000000000e+00,0.000000000000000000e+00,-0.000000000000000000e+00,-0.000000000000000000e+00,2.089351301782381487e+00,0.000000000000000000e+00,0.000000000000000000e+00,-7.694664978531293685e-03,-1.239848803236957148e-02,-0.000000000000000000e+00,-4.313724279424606678e-01,-1.038236968351857054e-01,-5.902643130636693602e-02,0.000000000000000000e+00,1.208584928020872973e-01,-0.000000000000000000e+00,-0.000000000000000000e+00,-0.000000000000000000e+00,-2.644974044105950772e-02,-0.000000000000000000e+00,-0.000000000000000000e+00,-0.000000000000000000e+00,-2.245654846804128746e-01,0.000000000000000000e+00,-0.000000000000000000e+00,-3.108490173616272889e-01,-0.000000000000000000e+00,-0.000000000000000000e+00,-8.318760084121540332e-02,-1.095585310777910139e-02,-2.717155879299015808e-01,-0.000000000000000000e+00,-0.000000000000000000e+00
-1.917191747417122324e-02,-0.000000000000000000e+00,-0.000000000000000000e+00,-0.000000000000000000e+00,-0.000000000000000000e+00,-0.000000000000000000e+00,0.000000000000000000e+00,0.000000000000000000e+00,-0.000000000000000000e+00,-0.000000000000000000e+00,0.000000000000000000e+00,1.077962923425180408e+00,0.000000000000000000e+00,-0.000000000000000000e+00,-0.000000000000000000e+00,-0.000000000000000000e+00,-0.000000000000000000e+00,-0.000000000000000000e+00,0.000000000000000000e+00,-0.000000000000000000e+00,-0.000000000000000000e+00,-3.202746306799729437e-02,-0.000000000000000000e+00,-0.000000000000000000e+00,-0.000000000000000000e+00,0.000000000000000000e+00,0.000000000000000000e+00,-0.000000000000000000e+00,0.000000000000000000e+00,-0.000000000000000000e+00,-0.000000000000000000e+00,0.000000000000000000e+00,-1.722435547222018470e-01,-1.054965926860911007e-01,-0.000000000000000000e+00,-0.000000000000000000e+00,0.000000000000000000e+00,-0.000000000000000000e+00,-3.641909222068363816e-02
0.000000000000000000e+00,0.000000000000000000e+00,0.000000000000000000e+00,0.000000000000000000e+00,0.000000000000000000e+00,0.000000000000000000e+00,0.000000000000000000e+00,-0.000000000000000000e+00,0.000000000000000000e+00,0.000000000000000000e+00,0.000000000000000000e+00,0.000000000000000000e+00,1.216054666827729003e+00,0.000000000000000000e+00,0.000000000000000000e+00,0.000000000000000000e+00,0.000000000000000000e+00,0.000000000000000000e+00,0.000000000000000000e+00,-0.000000000000000000e+00,7.652039170311665528e-02,4.558090180941307828e-02,0.000000000000000000e+00,0.000000000000000000e+00,0.000000000000000000e+00,0.000000000000000000e+00,0.000000000000000000e+00,3.005336907846884592e-02,0.000000000000000000e+00,0.000000000000000000e+00,4.034809211640442150e-01,0.000000000000000000e+00,1.093953000594255626e-01,0.000000000000000000e+00,0.000000000000000000e+00,0.000000000000000000e+00,0.000000000000000000e+00,0.000000000000000000e+00,0.000000000000000000e+00
-0.000000000000000000e+00,-0.000000000000000000e+00,-2.277282831921837725e-01,-0.000000000000000000e+00,-1.934746079318943601e-01,-2.539343601777541704e-01,-0.000000000000000000e+00,1.937996587658737113e-01,-0.000000000000000000e+00,-0.000000000000000000e+00,-7.694664978531293685e-03,-0.000000000000000000e+00,0.000000000000000000e+00,2.432529584335662243e+00,-1.964472539329150946e-01,-0.000000000000000000e+00,-2.449465189329383674e-01,-0.000000000000000000e+00,-0.000000000000000000e+00,0.000000000000000000e+00,-0.000000000000000000e+00,-7.231303936826617706e-02,-3.100991086172790179e-01,-1.648349365128403132e-01,-1.554527283832995710e-01,-0.000000000000000000e+00,-0.000000000000000000e+00,-0.000000000000000000e+00,-0.000000000000000000e+00,-0.000000000000000000e+00,-4.678510659363235152e-02,-0.000000000000000000e+00,-2.494317300654744218e-01,-1.993358095010819842e-01,-5.264849391060851674e-02,-0.000000000000000000e+00,-0.000000000000000000e+00,-4.795888450528189295e-02,-0.000000000000000000e+00
-0.000000000000000000e+00,-0.000000000000000000e+00,-1.126549723634813205e-01,-0.000000000000000000e+00,-0.000000000000000000e+00,-0.000000000000000000e+00,-0.000000000000000000e+00,8.981445299865049858e-02,-0.000000000000000000e+00,-0.000000000000000000e+00,-1.239848803236957148e-02,-0.000000000000000000e+00,0.000000000000000000e+00,-1.964472539329150946e-01,1.290027481351474492e+00,-0.000000000000000000e+00,-0.000000000000000000e+00,-0.000000000000000000e+00,-0.000000000000000000e+00,0.000000000000000000e+00,0.000000000000000000e+00,-4.903404238520894971e-03,-0.000000000000000000e+00,-0.000000000000000000e+00,-0.000000000000000000e+00,-0.000000000000000000e+00,-0.000000000000000000e+00,-0.000000000000000000e+00,-0.000000000000000000e+00,0.000000000000000000e+00,-0.000000000000000000e+00,-0.000000000000000000e+00,-1.337452825851429550e-01,-2.026993106954286805e-01,-0.000000000000000000e+00,-0.000000000000000000e+00,-0.000000000000000000e+00,-1.195713603800473493e-02,-0.000000000000000000e+00
-0.000000000000000000e+00,-1.050910558171828935e-02,-0.000000000000000000e+00,0.000000000000000000e+00,-2.226770521738890285e-01,-0.000000000000000000e+00,-0.000000000000000000e+00,0.000000000000000000e+00,-7.700324648630506308e-02,-6.345627887497802266e-01,-0.000000000000000000e+00,-0.000000000000000000e+00,0.000000000000000000e+00,-0.000000000000000000e+00,-0.000000000000000000e+00,2.149660967625124375e+00,-0.000000000000000000e+00,-0.000000000000000000e+00,-0.000000000000000000e+00,-0.000000000000000000e+00,-0.000000000000000000e+00,-0.000000000000000000e+00,-5.214536059926832418e-02,-0.000000000000000000e+00,-1.109405167203981885e-01,-7.913996396575301295e-02,-0.000000000000000000e+00,-1.963244396215040599e-01,-0.000000000000000000e+00,-9.530443658380187422e-02,-1.366895959834908691e-01,-1.696040613289566679e-01,-0.000000000000000000e+00,-0.000000000000000000e+00,-1.046290329579814549e-01,-1.263796783130486101e-01,-1.921901331814530878e-01,-0.000000000000000000e+00,-0.000000000000000000e+00
-2.406640562121504720e-02,-2.271780457537804221e-01,-1.275458145066456495e-01,-0.000000000000000000e+00,-0.000000000000000000e+00,-2.476802875438897378e-01,-0.000000000000000000e+00,9.316636680385546876e-02,-0.000000000000000000e+00,-0.000000000000000000e+00,-4.313724279424606678e-01,-0.000000000000000000e+00,0.000000000000000000e+00,-2.449465189329383674e-01,-0.000000000000000000e+00,-0.000000000000000000e+00,2.146203070794852508e+00,-0.000000000000000000e+00,-0.000000000000000000e+00,0.000000000000000000e+00,0.000000000000000000e+00,-1.589717731644516019e-02,-9.500918360262107509e-02,-0.000000000000000000e+00,-4.323323904051277755e-01,-0.000000000000000000e+00,-0.000000000000000000e+00,-0.000000000000000000e+00,-1.402579871832718497e-02,0.000000000000000000e+00,-0.000000000000000000e+00,-0.000000000000000000e+00,-0.000000000000000000e+00,-0.000000000000000000e+00,-9.581449273888259510e-02,-0.000000000000000000e+00,-0.000000000000000000e+00,-0.000000000000000000e+00,-0.000000000000000000e+00
-0.000000000000000000e+00,-2.937802800105759893e-01,-4.245942758611084833e-02,-9.569857019346737770e-02,-0.000000000000000000e+00,-3.310812712417510184e-01,-0.000000000000000000e+00,8.651789287198162481e-02,-0.000000000000000000e+00,-0.000000000000000000e+00,-1.038236968351857054e-01,-0.000000000000000000e+00,0.000000000000000000e+00,-0.000000000000000000e+00,-0.000000000000000000e+00,-0.000000000000000000e+00,-0.000000000000000000e+00,1.945519657991106710e+00,-5.174191274805508556e-01,-0.000000000000000000e+00,0.000000000000000000e+00,-2.266541260423453330e-01,-0.000000000000000000e+00,-0.000000000000000000e+00,-0.000000000000000000e+00,-0.000000000000000000e+00,-0.000000000000000000e+00,-0.000000000000000000e+00,-2.124522669119204288e-01,0.000000000000000000e+00,-0.000000000000000000e+00,-0.000000000000000000e+00,-0.000000000000000000e+00,-0.000000000000000000e+00,-2.813313905164291015e-02,-0.000000000000000000e+00,-9.630742682387232953e-03,-7.193030355966915923e-02,-0.000000000000000000e+00
0.000000000000000000e+00,-0.000000000000000000e+00,-0.000000000000000000e+00,-1.555836364832059171e-01,0.000000000000000000e+00,-0.000000000000000000e+00,-0.000000000000000000e+00,0.000000000000000000e+00,0.000000000000000000e+00,-0.000000000000000000e+00,-5.902643130636693602e-02,0.000000000000000000e+00,0.000000000000000000e+00,-0.000000000000000000e+00,-0.000000000000000000e+00,-0.000000000000000000e+00,-0.000000000000000000e+00,-5.174191274805508556e-01,1.353609069499446038e+00,-0.000000000000000000e+00,1.096786359382268955e-01,-0.000000000000000000e+00,-0.000000000000000000e+00,-0.000000000000000000e+00,-0.000000000000000000e+00,-0.000000000000000000e+00,-0.000000000000000000e+00,0.000000000000000000e+00,-1.726146882502759342e-02,0.000000000000000000e+00,-0.000000000000000000e+00,-0.000000000000000000e+00,0.000000000000000000e+00,0.000000000000000000e+00,-0.000000000000000000e+00,-1.315709824682202711e-01,-0.000000000000000000e+00,-0.000000000000000000e+00,0.000000000000000000e+00
-0.000000000000000000e+00,-0.000000000000000000e+00,0.000000000000000000e+00,-0.000000000000000000e+00,0.000000000000000000e+00,0.000000000000000000e+00,-0.000000000000000000e+00,-0.000000000000000000e+00,-0.000000000000000000e+00,-0.000000000000000000e+00,0.000000000000000000e+00,-0.000000000000000000e+00,-0.000000000000000000e+00,0.000000000000000000e+00,0.000000000000000000e+00,-0.000000000000000000e+00,0.000000000000000000e+00,-0.000000000000000000e+00,-0.000000000000000000e+00,9.999999999999993339e-01,-0.000000000000000000e+00,-0.000000000000000000e+00,-0.000000000000000000e+00,-0.000000000000000000e+00,0.000000000000000000e+00,0.000000000000000000e+00,0.000000000000000000e+00,-0.000000000000000000e+00,0.000000000000000000e+00,-0.000000000000000000e+00,-0.000000000000000000e+00,0.000000000000000000e+00,0.000000000000000000e+00,0.000000000000000000e+00,0.000000000000000000e+00,-0.000000000000000000e+00,0.000000000000000000e+00,-0.000000000000000000e+00,0.000000000000000000e+00
-0.000000000000000000e+00,0.000000000000000000e+00,-0.000000000000000000e+00,0.000000000000000000e+00,-0.000000000000000000e+00,0.000000000000000000e+00,-0.000000000000000000e+00,0.000000000000000000e+00,-0.000000000000000000e+00,0.000000000000000000e+00,1.208584928020872973e-01,-0.000000000000000000e+00,7.652039170311665528e-02,-0.000000000000000000e+00,0.000000000000000000e+00,-0.000000000000000000e+00,0.000000000000000000e+00,0.000000000000000000e+00,1.096786359382268955e-01,-0.000000000000000000e+00,1.056171833377266056e+00,-0.000000000000000000e+00,-0.000000000000000000e+00,-0.000000000000000000e+00,-0.000000000000000000e+00,0.000000000000000000e+00,0.000000000000000000e+00,-0.000000000000000000e+00,9.867050771641225348e-02,-4.673069717962091002e-02,-0.000000000000000000e+00,0.000000000000000000e+00,-1.155107248305706352e-01,-0.000000000000000000e+00,0.000000000000000000e+00,0.000000000000000000e+00,0.000000000000000000e+00,0.000000000000000000e+00,-0.000000000000000000e+00
-1.141401051832961339e-01,-1.146856701724124350e-01,-4.505989383112390945e-02,-4.342498548706064804e-02,-0.000000000000000000e+00,-0.000000000000000000e+00,-6.416064554286700361e-02,1.910392348968665763e-02,-0.000000000000000000e+00,-0.000000000000000000e+00,-0.000000000000000000e+00,-3.202746306799729437e-02,4.558090180941307828e-02,-7.231303936826617706e-02,-4.903404238520894971e-03,-0.000000000000000000e+00,-1.589717731644516019e-02,-2.266541260423453330e-01,-0.000000000000000000e+00,-0.000000000000000000e+00,-0.000000000000000000e+00,1.661147601398854867e+00,-2.816691529315160092e-01,-0.000000000000000000e+00,-0.000000000000000000e+00,-0.000000000000000000e+00,-0.000000000000000000e+00,-0.000000000000000000e+00,-0.000000000000000000e+00,0.000000000000000000e+00,-2.152988894381152596e-01,-0.000000000000000000e+00,-1.548931293068389614e-01,-0.000000000000000000e+00,-0.000000000000000000e+00,-0.000000000000000000e+00,-0.000000000000000000e+00,-8.797518251959579594e-02,-0.000000000000000000e+00
-1.692494515001403133e-01,-1.530149648499895543e-01,-1.227229147226020639e-01,-0.000000000000000000e+00,-9.549577604498973860e-02,-0.000000000000000000e+00,-0.000000000000000000e+00,7.403978792659873798e-02,-0.000000000000000000e+00,-0.000000000000000000e+00,-0.000000000000000000e+00,-0.000000000000000000e+00,0.000000000000000000e+00,-3.100991086172790179e-01,-0.000000000000000000e+00,-5.214536059926832418e-02,-9.500918360262107509e-02,-0.000000000000000000e+00,-0.000000000000000000e+00,-0.000000000000000000e+00,-0.000000000000000000e+00,-2.816691529315160092e-01,2.495513335732630011e+00,-1.496750135929530434e-01,-3.715657062649141973e-01,-0.000000000000000000e+00,-0.000000000000000000e+00,-0.000000000000000000e+00,-0.000000000000000000e+00,-0.000000000000000000e+00,-1.993405544615026725e-01,-0.000000000000000000e+00,-1.219230230807222815e-01,-1.732372991305586030e-01,-9.185853111277816896e-02,-0.000000000000000000e+00,-0.000000000000000000e+00,-2.147766588665547816e-01,-0.000000000000000000e+00
-1.508631815759276518e-01,-0.000000000000000000e+00,-0.000000000000000000e+00,-0.000000000000000000e+00,-3.047445770452601038e-02,-0.000000000000000000e+00,-0.000000000000000000e+00,0.000000000000000000e+00,-8.709772190991216245e-02,-0.000000000000000000e+00,-0.000000000000000000e+00,-0.000000000000000000e+00,0.000000000000000000e+00,-1.648349365128403132e-01,-0.000000000000000000e+00,-0.000000000000000000e+00,-0.000000000000000000e+00,-0.000000000000000000e+00,-0.000000000000000000e+00,-0.000000000000000000e+00,-0.000000000000000000e+00,-0.000000000000000000e+00,-1.496750135929530434e-01,1.408378953137743306e+00,-1.300423784552268147e-01,-0.000000000000000000e+00,-0.000000000000000000e+00,-0.000000000000000000e+00,-0.000000000000000000e+00,-0.000000000000000000e+00,-5.246272702875525579e-02,-0.000000000000000000e+00,-1.247879177619997254e-01,-1.092251870684927684e-01,-0.000000000000000000e+00,-0.000000000000000000e+00,-0.000000000000000000e+00,-0.000000000000000000e+00,-0.000000000000000000e+00
-1.490060070151728311e-01,-1.788857360548127551e-01,-1.959925249536173808e-01,-0.000000000000000000e+00,-5.070423364066564687e-02,-0.000000000000000000e+00,-0.000000000000000000e+00,1.601151595768815494e-01,-0.000000000000000000e+00,-0.000000000000000000e+00,-2.644974044105950772e-02,-0.000000000000000000e+00,0.000000000000000000e+00,-1.554527283832995710e-01,-0.000000000000000000e+00,-1.109405167203981885e-01,-4.323323904051277755e-01,-0.000000000000000000e+00,-0.000000000000000000e+00,0.000000000000000000e+00,-0.000000000000000000e+00,-0.000000000000000000e+00,-3.715657062649141973e-01,-1.300423784552268147e-01,2.484263814945730342e+00,-0.000000000000000000e+00,-0.000000000000000000e+00,-0.000000000000000000e+00,-0.000000000000000000e+00,-0.000000000000000000e+00,-2.522310071622944072e-01,-0.000000000000000000e+00,-0.000000000000000000e+00,-1.453286756856726203e-01,-1.871141901276197617e-01,-0.000000000000000000e+00,-6.219544775090130734e-02,-0.000000000000000000e+00,-0.000000000000000000e+00
-0.000000000000000000e+00,-3.200374837504198905e-02,-0.000000000000000000e+00,0.000000000000000000e+00,-0.000000000000000000e+00,-0.000000000000000000e+00,-0.000000000000000000e+00,0.000000000000000000e+00,-1.360981597193849646e-01,-1.896945624859925905e-01,-0.000000000000000000e+00,0.000000000000000000e+00,0.000000000000000000e+00,-0.000000000000000000e+00,-0.000000000000000000e+00,-7.913996396575301295e-02,-0.000000000000000000e+00,-0.000000000000000000e+00,-0.000000000000000000e+00,0.000000000000000000e+00,0.000000000000000000e+00,-0.000000000000000000e+00,-0.000000000000000000e+00,-0.000000000000000000e+00,-0.000000000000000000e+00,1.951930475162082290e+00,-6.580073379781290477e-01,-3.201907278658226996e-01,-1.098963163761922657e-01,-0.000000000000000000e+00,-0.000000000000000000e+00,-1.662782619720363508e-01,-0.000000000000000000e+00,-0.000000000000000000e+00,-0.000000000000000000e+00,-0.000000000000000000e+00,-1.487216310285329746e-01,-0.000000000000000000e+00,-0.000000000000000000e+00
-0.000000000000000000e+00,-0.000000000000000000e+00,-0.000000000000000000e+00,0.000000000000000000e+00,-0.000000000000000000e+00,-0.000000000000000000e+00,-0.000000000000000000e+00,0.000000000000000000e+00,-0.000000000000000000e+00,-9.009344418662150467e-02,-0.000000000000000000e+00,0.000000000000000000e+00,0.000000000000000000e+00,-0.000000000000000000e+00,-0.000000000000000000e+00,-0.000000000000000000e+00,-0.000000000000000000e+00,-0.000000000000000000e+00,-0.000000000000000000e+00,0.000000000000000000e+00,0.000000000000000000e+00,-0.000000000000000000e+00,-0.000000000000000000e+00,-0.000000000000000000e+00,-0.000000000000000000e+00,-6.580073379781290477e-01,1.794915238359119591e+00,-3.125558031191343067e-02,-0.000000000000000000e+00,-1.287687850502487394e-02,-0.000000000000000000e+00,-3.430988736808978645e-01,0.000000000000000000e+00,-0.000000000000000000e+00,-0.000000000000000000e+00,-1.634935424711592700e-01,-2.041205547886532079e-01,-0.000000000000000000e+00,0.000000000000000000e+00
-0.000000000000000000e+00,-0.000000000000000000e+00,-0.000000000000000000e+00,9.566815796646715997e-02,-2.310678877452339020e-01,-0.000000000000000000e+00,-0.000000000000000000e+00,0.000000000000000000e+00,-2.896655305223885257e-01,-3.821125645871975562e-02,-0.000000000000000000e+00,-0.000000000000000000e+00,3.005336907846884592e-02,-0.000000000000000000e+00,-0.000000000000000000e+00,-1.963244396215040599e-01,-0.000000000000000000e+00,-0.000000000000000000e+00,0.000000000000000000e+00,-0.000000000000000000e+00,-0.000000000000000000e+00,-0.000000000000000000e+00,-0.000000000000000000e+00,-0.000000000000000000e+00,-0.000000000000000000e+00,-3.201907278658226996e-01,-3.125558031191343067e-02,1.770733466083137086e+00,-0.000000000000000000e+00,-3.889786087086144484e-01,-1.434370470318616642e-01,-0.000000000000000000e+00,-0.000000000000000000e+00,-0.000000000000000000e+00,-0.000000000000000000e+00,-0.000000000000000000e+00,-0.000000000000000000e+00,-0.000000000000000000e+00,-0.000000000000000000e+00
-0.000000000000000000e+00,-1.719556577512406648e-01,-0.000000000000000000e+00,-0.000000000000000000e+00,-0.000000000000000000e+00,-2.363887319393372932e-01,-0.000000000000000000e+00,0.000000000000000000e+00,-0.000000000000000000e+00,-9.659087253344617041e-02,-2.245654846804128746e-01,0.000000000000000000e+00,0.000000000000000000e+00,-0.000000000000000000e+00,-0.000000000000000000e+00,-0.000000000000000000e+00,-1.402579871832718497e-02,-2.124522669119204288e-01,-1.726146882502759342e-02,0.000000000000000000e+00,9.867050771641225348e-02,-0.000000000000000000e+00,-0.000000000000000000e+00,-0.000000000000000000e+00,-0.000000000000000000e+00,-1.098963163761922657e-01,-0.000000000000000000e+00,-0.000000000000000000e+00,2.403047068480050452e+00,-0.000000000000000000e+00,-0.000000000000000000e+00,-4.293257291171745926e-01,-0.000000000000000000e+00,-0.000000000000000000e+00,-1.999707902434126883e-01,-1.725822506675060153e-01,-5.397406686451404756e-01,-0.000000000000000000e+00,-0.000000000000000000e+00
-0.000000000000000000e+00,-0.000000000000000000e+00,0.000000000000000000e+00,2.537994633542402512e-01,-1.159972580713958604e-02,0.000000000000000000e+00,-0.000000000000000000e+00,-0.000000000000000000e+00,-4.850740083390201463e-01,-2.310619116870261166e-03,0.000000000000000000e+00,-0.000000000000000000e+00,0.000000000000000000e+00,-0.000000000000000000e+00,0.000000000000000000e+00,-9.530443658380187422e-02,0.000000000000000000e+00,0.000000000000000000e+00,0.000000000000000000e+00,-0.000000000000000000e+00,-4.673069717962091002e-02,0.000000000000000000e+00,-0.000000000000000000e+00,-0.000000000000000000e+00,-0.000000000000000000e+00,-0.000000000000000000e+00,-1.287687850502487394e-02,-3.889786087086144484e-01,-0.000000000000000000e+00,1.506440694681081105e+00,-0.000000000000000000e+00,-0.000000000000000000e+00,-0.000000000000000000e+00,-0.000000000000000000e+00,-0.000000000000000000e+00,-0.000000000000000000e+00,-0.000000000000000000e+00,0.000000000000000000e+00,-0.000000000000000000e+00
-2.201786560337891663e-01,-0.000000000000000000e+00,-1.483405968884285997e-01,-0.000000000000000000e+00,-1.431911807797908998e-01,-0.000000000000000000e+00,-6.424778412521642279e-02,8.624880225902208097e-02,-0.000000000000000000e+00,-0.000000000000000000e+00,-0.000000000000000000e+00,-0.000000000000000000e+00,4.034809211640442150e-01,-4.678510659363235152e-02,-0.000000000000000000e+00,-1.366895959834908691e-01,-0.000000000000000000e+00,-0.000000000000000000e+00,-0.000000000000000000e+00,-0.000000000000000000e+00,-0.000000000000000000e+00,-2.152988894381152596e-01,-1.993405544615026725e-01,-5.246272702875525579e-02,-2.522310071622944072e-01,-0.000000000000000000e+00,-0.000000000000000000e+00,-1.434370470318616642e-01,-0.000000000000000000e+00,-0.000000000000000000e+00,2.138709051504190217e+00,-0.000000000000000000e+00,-1.891368153126252172e-01,-0.000000000000000000e+00,-0.000000000000000000e+00,-0.000000000000000000e+00,-0.000000000000000000e+00,-0.000000000000000000e+00,-8.657670327978986280e-02
-0.000000000000000000e+00,-0.000000000000000000e+00,-0.000000000000000000e+00,-0.000000000000000000e+00,-0.000000000000000000e+00,-2.980956463406461698e-02,-0.000000000000000000e+00,0.000000000000000000e+00,-0.000000000000000000e+00,-1.436043692604311861e-01,-3.108490173616272889e-01,0.000000000000000000e+00,0.000000000000000000e+00,-0.000000000000000000e+00,-0.000000000000000000e+00,-1.696040613289566679e-01,-0.000000000000000000e+00,-0.000000000000000000e+00,-0.000000000000000000e+00,0.000000000000000000e+00,0.000000000000000000e+00,-0.000000000000000000e+00,-0.000000000000000000e+00,-0.000000000000000000e+00,-0.000000000000000000e+00,-1.662782619720363508e-01,-3.430988736808978645e-01,-0.000000000000000000e+00,-4.293257291171745926e-01,-0.000000000000000000e+00,-0.000000000000000000e+00,2.390914817806937709e+00,-0.000000000000000000e+00,-0.000000000000000000e+00,-2.705335199848281080e-01,-1.011009446656835620e-01,-4.491669625865366000e-01,-0.000000000000000000e+00,-0.000000000000000000e+00
-0.000000000000000000e+00,-0.000000000000000000e+00,-1.647140098549093046e-01,-0.000000000000000000e+00,-8.994781716999136756e-02,-0.000000000000000000e+00,-0.000000000000000000e+00,1.721585397373945892e-01,-0.000000000000000000e+00,-0.000000000000000000e+00,-0.000000000000000000e+00,-1.722435547222018470e-01,1.093953000594255626e-01,-2.494317300654744218e-01,-1.337452825851429550e-01,-0.000000000000000000e+00,-0.000000000000000000e+00,-0.000000000000000000e+00,0.000000000000000000e+00,0.000000000000000000e+00,-1.155107248305706352e-01,-1.548931293068389614e-01,-1.219230230807222815e-01,-1.247879177619997254e-01,-0.000000000000000000e+00,-0.000000000000000000e+00,0.000000000000000000e+00,-0.000000000000000000e+00,-0.000000000000000000e+00,-0.000000000000000000e+00,-1.891368153126252172e-01,-0.000000000000000000e+00,1.822085893365721798e+00,-1.064316788268286074e-01,-0.000000000000000000e+00,-0.000000000000000000e+00,-0.000000000000000000e+00,-0.000000000000000000e+00,-4.834320368400181478e-02
-1.836991062149601894e-01,-0.000000000000000000e+00,-1.620966905606352482e-01,-0.000000000000000000e+00,-2.748125587860586472e-01,-0.000000000000000000e+00,-0.000000000000000000e+00,9.291444546541137439e-02,-3.139625235137930015e-03,-0.000000000000000000e+00,-0.000000000000000000e+00,-1.054965926860911007e-01,0.000000000000000000e+00,-1.993358095010819842e-01,-2.026993106954286805e-01,-0.000000000000000000e+00,-0.000000000000000000e+00,-0.000000000000000000e+00,0.000000000000000000e+00,0.000000000000000000e+00,-0.000000000000000000e+00,-0.000000000000000000e+00,-1.732372991305586030e-01,-1.092251870684927684e-01,-1.453286756856726203e-01,-0.000000000000000000e+00,-0.000000000000000000e+00,-0.000000000000000000e+00,-0.000000000000000000e+00,-0.000000000000000000e+00,-0.000000000000000000e+00,-0.000000000000000000e+00,-1.064316788268286074e-01,2.168247895877335907e+00,-0.000000000000000000e+00,-0.000000000000000000e+00,-0.000000000000000000e+00,-2.340149418731458375e-01,-3.458853941868138548e-01
-0.000000000000000000e+00,-2.079753206434884483e-01,-0.000000000000000000e+00,-0.000000000000000000e+00,-1.987013044401783612e-02,-3.238349228675633379e-02,-0.000000000000000000e+00,0.000000000000000000e+00,-0.000000000000000000e+00,-0.000000000000000000e+00,-8.318760084121540332e-02,-0.000000000000000000e+00,0.000000000000000000e+00,-5.264849391060851674e-02,-0.000000000000000000e+00,-1.046290329579814549e-01,-9.581449273888259510e-02,-2.813313905164291015e-02,-0.000000000000000000e+00,0.000000000000000000e+00,0.000000000000000000e+00,-0.000000000000000000e+00,-9.185853111277816896e-02,-0.000000000000000000e+00,-1.871141901276197617e-01,-0.000000000000000000e+00,-0.000000000000000000e+00,-0.000000000000000000e+00,-1.999707902434126883e-01,-0.000000000000000000e+00,-0.000000000000000000e+00,-2.705335199848281080e-01,-0.000000000000000000e+00,-0.000000000000000000e+00,2.114310761549309525e+00,-1.683212765803028532e-01,-4.871982205467993987e-01,-0.000000000000000000e+00,-0.000000000000000000e+00
-0.000000000000000000e+00,-0.000000000000000000e+00,-0.000000000000000000e+00,-0.000000000000000000e+00,-0.000000000000000000e+00,-0.000000000000000000e+00,-0.000000000000000000e+00,0.000000000000000000e+00,-0.000000000000000000e+00,-1.887084402392177618e-01,-1.095585310777910139e-02,-0.000000000000000000e+00,0.000000000000000000e+00,-0.000000000000000000e+00,-0.000000000000000000e+00,-1.263796783130486101e-01,-0.000000000000000000e+00,-0.000000000000000000e+00,-1.315709824682202711e-01,-0.000000000000000000e+00,0.000000000000000000e+00,-0.000000000000000000e+00,-0.000000000000000000e+00,-0.000000000000000000e+00,-0.000000000000000000e+00,-0.000000000000000000e+00,-1.634935424711592700e-01,-0.000000000000000000e+00,-1.725822506675060153e-01,-0.000000000000000000e+00,-0.000000000000000000e+00,-1.011009446656835620e-01,-0.000000000000000000e+00,-0.000000000000000000e+00,-1.683212765803028532e-01,1.537937600721023257e+00,-1.804306093156202162e-01,-0.000000000000000000e+00,-0.000000000000000000e+00
-0.000000000000000000e+00,-1.204961905004763717e-01,-0.000000000000000000e+00,-0.000000000000000000e+00,-0.000000000000000000e+00,-4.998012026481211956e-02,-0.000000000000000000e+00,0.000000000000000000e+00,-0.000000000000000000e+00,-8.220867170157904191e-02,-2.717155879299015808e-01,0.000000000000000000e+00,0.000000000000000000e+00,-0.000000000000000000e+00,-0.000000000000000000e+00,-1.921901331814530878e-01,-0.000000000000000000e+00,-9.630742682387232953e-03,-0.000000000000000000e+00,0.000000000000000000e+00,0.000000000000000000e+00,-0.000000000000000000e+00,-0.000000000000000000e+00,-0.000000000000000000e+00,-6.219544775090130734e-02,-1.487216310285329746e-01,-2.041205547886532079e-01,-0.000000000000000000e+00,-5.397406686451404756e-01,-0.000000000000000000e+00,-0.000000000000000000e+00,-4.491669625865366000e-01,-0.000000000000000000e+00,-0.000000000000000000e+00,-4.871982205467993987e-01,-1.804306093156202162e-01,2.659933925084912776e+00,-0.000000000000000000e+00,-0.000000000000000000e+00
-2.299141103390911489e-01,-5.203869098446731872e-02,-1.009552230461504690e-01,-1.486999099027031812e-01,-0.000000000000000000e+00,-2.832588998933051674e-02,-6.733220139130875748e-02,7.004331973124815203e-02,-0.000000000000000000e+00,-0.000000000000000000e+00,-0.000000000000000000e+00,-0.000000000000000000e+00,0.000000000000000000e+00,-4.795888450528189295e-02,-1.195713603800473493e-02,-0.000000000000000000e+00,-0.000000000000000000e+00,-7.193030355966915923e-02,-0.000000000000000000e+00,-0.000000000000000000e+00,0.000000000000000000e+00,-8.797518251959579594e-02,-2.147766588665547816e-01,-0.000000000000000000e+00,-0.000000000000000000e+00,-0.000000000000000000e+00,-0.000000000000000000e+00,-0.000000000000000000e+00,-0.000000000000000000e+00,0.000000000000000000e+00,-0.000000000000000000e+00,-0.000000000000000000e+00,-0.000000000000000000e+00,-2.340149418731458375e-01,-0.000000000000000000e+00,-0.000000000000000000e+00,-0.000000000000000000e+00,1.788293441719841947e+00,-4.059188678559342844e-01
-1.852780205433398053e-01,-0.000000000000000000e+00,-0.000000000000000000e+00,-0.000000000000000000e+00,-2.747402795329240751e-03,-0.000000000000000000e+00,-9.847096109394650951e-03,0.000000000000000000e+00,-1.832773439454578324e-02,-0.000000000000000000e+00,-0.000000000000000000e+00,-3.641909222068363816e-02,0.000000000000000000e+00,-0.000000000000000000e+00,-0.000000000000000000e+00,-0.000000000000000000e+00,-0.000000000000000000e+00,-0.000000000000000000e+00,0.000000000000000000e+00,0.000000000000000000e+00,-0.000000000000000000e+00,-0.000000000000000000e+00,-0.000000000000000000e+00,-0.000000000000000000e+00,-0.000000000000000000e+00,-0.000000000000000000e+00,0.000000000000000000e+00,-0.000000000000000000e+00,-0.000000000000000000e+00,-0.000000000000000000e+00,-8.657670327978986280e-02,-0.000000000000000000e+00,-4.834320368400181478e-02,-3.458853941868138548e-01,-0.000000000000000000e+00,-0.000000000000000000e+00,-0.000000000000000000e+00,-4.059188678559342844e-01,1.511351575711536777e+00
