1.733079143560807056e+00,-1.441673534339730778e-01,-0.000000000000000000e+00,7.612633638972880756e-02,-0.000000000000000000e+00,-0.000000000000000000e+00,0.000000000000000000e+00,-0.000000000000000000e+00,-0.000000000000000000e+00,0.000000000000000000e+00,0.000000000000000000e+00,0.000000000000000000e+00,8.661911109141073872e-02,-0.000000000000000000e+00,-8.797779742648018098e-02,-0.000000000000000000e+00,-0.000000000000000000e+00,-0.000000000000000000e+00,0.000000000000000000e+00,4.582742173739758063e-02,0.000000000000000000e+00,3.203623461693007324e-02,-0.000000000000000000e+00,-0.000000000000000000e+00,-9.272332728841582716e-02,-1.984132416030585933e-01,0.000000000000000000e+00,0.000000000000000000e+00,-4.580767214639366314e-01,-1.509183595400058753e-01,0.000000000000000000e+00,0.000000000000000000e+00,0.000000000000000000e+00,-0.000000000000000000e+00,-0.000000000000000000e+00,-0.000000000000000000e+00,0.000000000000000000e+00,-4.711306672968095244e-01,0.000000000000000000e+00
-1.441673534339730778e-01,2.227098550238148622e+00,-0.000000000000000000e+00,0.000000000000000000e+00,-1.635419698159033472e-02,0.000000000000000000e+00,0.000000000000000000e+00,0.000000000000000000e+00,-3.431381145561046564e-01,-4.697138877342397524e-03,0.000000000000000000e+00,-0.000000000000000000e+00,0.000000000000000000e+00,-3.030380345185514912e-01,-0.000000000000000000e+00,-0.000000000000000000e+00,-0.000000000000000000e+00,-0.000000000000000000e+00,-0.000000000000000000e+00,0.000000000000000000e+00,0.000000000000000000e+00,0.000000000000000000e+00,-2.176159544507160482e-01,-1.978400551559875153e-01,-3.424927967086467406e-01,-0.000000000000000000e+00,-0.000000000000000000e+00,-0.000000000000000000e+00,-0.000000000000000000e+00,-0.000000000000000000e+00,-0.000000000000000000e+00,-2.205564070847969016e-01,-0.000000000000000000e+00,-7.582058245689586584e-02,-0.000000000000000000e+00,-2.395205480677796706e-01,-0.000000000000000000e+00,-1.213611925556620924e-01,-6.407486974978310323e-02
-0.000000000000000000e+00,-0.000000000000000000e+00,1.803440211908694080e+00,-0.000000000000000000e+00,-2.727114790065461314e-01,0.000000000000000000e+00,-0.000000000000000000e+00,4.979894980847157648e-01,-0.000000000000000000e+00,-0.000000000000000000e+00,0.000000000000000000e+00,-0.000000000000000000e+00,2.265935694622014385e-01,-0.000000000000000000e+00,-0.000000000000000000e+00,-0.000000000000000000e+00,-0.000000000000000000e+00,-0.000000000000000000e+00,-1.926872118306995341e-01,0.000000000000000000e+00,-0.000000000000000000e+00,-0.000000000000000000e+00,-0.000000000000000000e+00,-1.078818554824589049e-01,-0.000000000000000000e+00,-1.093774692916600899e-01,-0.000000000000000000e+00,-0.000000000000000000e+00,0.000000000000000000e+00,-0.000000000000000000e+00,-3.917724024253589343e-01,-0.000000000000000000e+00,-0.000000000000000000e+00,-8.302989336119312447e-02,0.000000000000000000e+00,-0.000000000000000000e+00,-0.000000000000000000e+00,-0.000000000000000000e+00,-0.000000000000000000e+00
7.612633638972880756e-02,0.000000000000000000e+00,-0.000000000000000000e+00,1.393753331787339400e+00,-0.000000000000000000e+00,0.000000000000000000e+00,-0.000000000000000000e+00,0.000000000000000000e+00,0.000000000000000000e+00,-0.000000000000000000e+00,0.000000000000000000e+00,-1.135335629406234031e-01,-0.000000000000000000e+00,0.000000000000000000e+00,2.151629623263608959e-01,-0.000000000000000000e+00,-0.000000000000000000e+00,-0.000000000000000000e+00,-3.720005360783308346e-01,-0.000000000000000000e+00,-0.000000000000000000e+00,-1.798519274664107659e-01,-0.000000000000000000e+00,0.000000000000000000e+00,0.000000000000000000e+00,0.000000000000000000e+00,-3.991146105619872153e-02,-0.000000000000000000e+00,0.000000000000000000e+00,0.000000000000000000e+00,-0.000000000000000000e+00,-0.000000000000000000e+00,-1.872494942293120579e-01,-0.000000000000000000e+00,0.000000000000000000e+00,0.000000000000000000e+00,-0.000000000000000000e+00,1.783879473842924224e-01,-0.000000000000000000e+00
-0.000000000000000000e+00,-1.635419698159033472e-02,-2.727114790065461314e-01,-0.000000000000000000e+00,1.966183172575430849e+00,0.000000000000000000e+00,0.000000000000000000e+00,0.000000000000000000e+00,-6.735924178739377544e-02,-0.000000000000000000e+00,0.000000000000000000e+00,-0.000000000000000000e+00,0.000000000000000000e+00,-8.942241755716201501e-02,0.000000000000000000e+00,-0.000000000000000000e+00,-0.000000000000000000e+00,-0.000000000000000000e+00,-3.619775787085298124e-01,0.000000000000000000e+00,0.000000000000000000e+00,0.000000000000000000e+00,-1.231457055280645585e-01,-0.000000000000000000e+00,-5.491352396986105833e-02,-0.000000000000000000e+00,-0.000000000000000000e+00,-0.000000000000000000e+00,0.000000000000000000e+00,-0.000000000000000000e+00,-0.000000000000000000e+00,-0.000000000000000000e+00,-0.000000000000000000e+00,-6.868473628350743043e-01,0.000000000000000000e+00,-1.813153231819782385e-01,-0.000000000000000000e+00,-0.000000000000000000e+00,-0.000000000000000000e+00
-0.000000000000000000e+00,0.000000000000000000e+00,0.000000000000000000e+00,0.000000000000000000e+00,0.000000000000000000e+00,1.217149948514644864e+00,-0.000000000000000000e+00,0.000000000000000000e+00,0.000000000000000000e+00,0.000000000000000000e+00,4.265143299086556622e-02,0.000000000000000000e+00,0.000000000000000000e+00,0.000000000000000000e+00,-0.000000000000000000e+00,0.000000000000000000e+00,0.000000000000000000e+00,-0.000000000000000000e+00,0.000000000000000000e+00,0.000000000000000000e+00,0.000000000000000000e+00,0.000000000000000000e+00,0.000000000000000000e+00,-0.000000000000000000e+00,-0.000000000000000000e+00,-6.167675275642359178e-02,0.000000000000000000e+00,0.000000000000000000e+00,-1.702731489471795701e-01,-0.000000000000000000e+00,0.000000000000000000e+00,-0.000000000000000000e+00,0.000000000000000000e+00,0.000000000000000000e+00,-3.745095126211426262e-01,0.000000000000000000e+00,-0.000000000000000000e+00,-0.000000000000000000e+00,0.000000000000000000e+00
0.000000000000000000e+00,0.000000000000000000e+00,-0.000000000000000000e+00,-0.000000000000000000e+00,0.000000000000000000e+00,-0.000000000000000000e+00,1.106245665143109180e+00,0.000000000000000000e+00,0.000000000000000000e+00,8.861570453490219546e-02,-0.000000000000000000e+00,0.000000000000000000e+00,0.000000000000000000e+00,0.000000000000000000e+00,0.000000000000000000e+00,6.126373925137473808e-02,-0.000000000000000000e+00,-0.000000000000000000e+00,-3.526521989925757855e-02,-4.858861193024502367e-02,-0.000000000000000000e+00,-1.046534990972030899e-01,0.000000000000000000e+00,0.000000000000000000e+00,0.000000000000000000e+00,-2.321453916234113984e-02,0.000000000000000000e+00,-0.000000000000000000e+00,-0.000000000000000000e+00,0.000000000000000000e+00,-0.000000000000000000e+00,0.000000000000000000e+00,-0.000000000000000000e+00,0.000000000000000000e+00,-0.000000000000000000e+00,0.000000000000000000e+00,0.000000000000000000e+00,9.673592542347876633e-02,1.784826091232941669e-01
-0.000000000000000000e+00,0.000000000000000000e+00,4.979894980847157648e-01,0.000000000000000000e+00,0.000000000000000000e+00,0.000000000000000000e+00,0.000000000000000000e+00,1.897677262360935480e+00,0.000000000000000000e+00,0.000000000000000000e+00,-0.000000000000000000e+00,0.000000000000000000e+00,-0.000000000000000000e+00,0.000000000000000000e+00,0.000000000000000000e+00,0.000000000000000000e+00,0.000000000000000000e+00,3.526014391135605663e-01,1.658926073351387753e-01,0.000000000000000000e+00,0.000000000000000000e+00,1.172368261786203431e-01,2.315330032931784202e-02,2.245172578012667730e-01,0.000000000000000000e+00,0.000000000000000000e+00,1.553211476562433024e-01,0.000000000000000000e+00,-0.000000000000000000e+00,0.000000000000000000e+00,2.705643325869754312e-01,7.014473147596617456e-03,1.624670295162580491e-01,6.298040139193836337e-04,-0.000000000000000000e+00,0.000000000000000000e+00,0.000000000000000000e+00,0.000000000000000000e+00,0.000000000000000000e+00
-0.000000000000000000e+00,-3.431381145561046564e-01,-0.000000000000000000e+00,0.000000000000000000e+00,-6.735924178739377544e-02,0.000000000000000000e+00,0.000000000000000000e+00,0.000000000000000000e+00,2.490929743700712073e+00,-1.748814739984619337e-02,0.000000000000000000e+00,-0.000000000000000000e+00,0.000000000000000000e+00,-2.213444214046889624e-01,-0.000000000000000000e+00,-1.135265582175037369e-01,-0.000000000000000000e+00,-0.000000000000000000e+00,-0.000000000000000000e+00,0.000000000000000000e+00,0.000000000000000000e+00,0.000000000000000000e+00,-3.437529036778881886e-01,-6.827826107660324439e-02,-2.981209813114469309e-01,-0.000000000000000000e+00,-6.294164180413866494e-02,-0.000000000000000000e+00,-0.000000000000000000e+00,-1.408402806345389335e-01,-0.000000000000000000e+00,-5.395593933812779797e-02,-0.000000000000000000e+00,-3.785241472529230489e-01,-0.000000000000000000e+00,-2.708550200865035285e-01,-0.000000000000000000e+00,-1.037174811620571457e-01,-1.307257069473680422e-01
0.000000000000000000e+00,-4.697138877342397524e-03,-0.000000000000000000e+00,-0.000000000000000000e+00,-0.000000000000000000e+00,0.000000000000000000e+00,8.861570453490219546e-02,0.000000000000000000e+00,-1.748814739984619337e-02,2.457456848519077752e+00,0.000000000000000000e+00,-2.401531970557065077e-01,-0.000000000000000000e+00,-3.388667971412439583e-01,0.000000000000000000e+00,-8.925406030110537570e-01,-0.000000000000000000e+00,-0.000000000000000000e+00,-0.000000000000000000e+00,0.000000000000000000e+00,-0.000000000000000000e+00,0.000000000000000000e+00,-1.282696812269180399e-02,-0.000000000000000000e+00,-0.000000000000000000e+00,0.000000000000000000e+00,-0.000000000000000000e+00,-3.385791865532600427e-03,0.000000000000000000e+00,-0.000000000000000000e+00,-0.000000000000000000e+00,-9.264187602438533203e-03,-0.000000000000000000e+00,-1.612192451070965094e-01,0.000000000000000000e+00,-2.416824819864517027e-01,-0.000000000000000000e+00,-0.000000000000000000e+00,-4.217326506303619715e-01
0.000000000000000000e+00,0.000000000000000000e+00,0.000000000000000000e+00,0.000000000000000000e+00,0.000000000000000000e+00,4.265143299086556622e-02,-0.000000000000000000e+00,-0.000000000000000000e+00,0.000000000000000000e+00,0.000000000000000000e+00,1.314559945966415233e+00,0.000000000000000000e+00,0.000000000000000000e+00,0.000000000000000000e+00,0.000000000000000000e+00,6.627671870586251957e-02,-5.311655920489304350e-01,0.000000000000000000e+00,-0.000000000000000000e+00,-0.000000000000000000e+00,0.000000000000000000e+00,-8.658170429215621133e-02,-0.000000000000000000e+00,0.000000000000000000e+00,0.000000000000000000e+00,0.000000000000000000e+00,0.000000000000000000e+00,0.000000000000000000e+00,2.312366611091549312e-02,0.000000000000000000e+00,-0.000000000000000000e+00,0.000000000000000000e+00,-0.000000000000000000e+00,0.000000000000000000e+00,1.347770024219601681e-01,0.000000000000000000e+00,2.565505606252739823e-01,0.000000000000000000e+00,0.000000000000000000e+00
0.000000000000000000e+00,-0.000000000000000000e+00,-0.000000000000000000e+00,-1.135335629406234031e-01,-0.000000000000000000e+00,0.000000000000000000e+00,0.000000000000000000e+00,0.000000000000000000e+00,-0.000000000000000000e+00,-2.401531970557065077e-01,0.000000000000000000e+00,2.403405495857270147e+00,-0.000000000000000000e+00,-0.000000000000000000e+00,0.000000000000000000e+00,-2.590570047076177010e-02,-0.000000000000000000e+00,-0.000000000000000000e+00,-0.000000000000000000e+00,0.000000000000000000e+00,-0.000000000000000000e+00,-0.000000000000000000e+00,-0.000000000000000000e+00,-0.000000000000000000e+00,-0.000000000000000000e+00,1.435980213553394169e-01,-5.075043980725585380e-01,-0.000000000000000000e+00,0.000000000000000000e+00,-0.000000000000000000e+00,-3.533693153896660943e-02,-3.584327518905467969e-01,-4.930149197809413630e-01,-2.416470528582329580e-01,1.363353344783631294e-01,-0.000000000000000000e+00,-0.000000000000000000e+00,0.000000000000000000e+00,-4.815532791827037418e-01
8.661911109141073872e-02,0.000000000000000000e+00,2.265935694622014385e-01,-0.000000000000000000e+00,0.000000000000000000e+00,0.000000000000000000e+00,0.000000000000000000e+00,-0.000000000000000000e+00,0.000000000000000000e+00,-0.000000000000000000e+00,0.000000000000000000e+00,-0.000000000000000000e+00,1.313659191886099586e+00,0.000000000000000000e+00,0.000000000000000000e+00,-0.000000000000000000e+00,0.000000000000000000e+00,-0.000000000000000000e+00,-0.000000000000000000e+00,-3.208985953665193652e-02,-6.039426351098397400e-02,-0.000000000000000000e+00,0.000000000000000000e+00,0.000000000000000000e+00,1.506271472929256519e-02,3.677599068032019747e-01,-0.000000000000000000e+00,-3.665414443148866386e-02,0.000000000000000000e+00,0.000000000000000000e+00,0.000000000000000000e+00,-0.000000000000000000e+00,-2.467395096091108131e-01,0.000000000000000000e+00,0.000000000000000000e+00,0.000000000000000000e+00,-0.000000000000000000e+00,1.300680012133449415e-01,-0.000000000000000000e+00
-0.000000000000000000e+00,-3.030380345185514912e-01,-0.000000000000000000e+00,0.000000000000000000e+00,-8.942241755716201501e-02,0.000000000000000000e+00,0.000000000000000000e+00,0.000000000000000000e+00,-2.213444214046889624e-01,-3.388667971412439583e-01,0.000000000000000000e+00,-0.000000000000000000e+00,0.000000000000000000e+00,2.084024489921992629e+00,-0.000000000000000000e+00,-3.403688747424059025e-01,-0.000000000000000000e+00,-0.000000000000000000e+00,-0.000000000000000000e+00,0.000000000000000000e+00,0.000000000000000000e+00,0.000000000000000000e+00,-0.000000000000000000e+00,-0.000000000000000000e+00,-2.104268098011388144e-01,0.000000000000000000e+00,-0.000000000000000000e+00,-0.000000000000000000e+00,-0.000000000000000000e+00,-1.662397399292627198e-01,-0.000000000000000000e+00,-0.000000000000000000e+00,-0.000000000000000000e+00,-6.547894262396969367e-02,0.000000000000000000e+00,-2.052616451169012590e-01,-0.000000000000000000e+00,-1.140526803444814885e-02,-0.000000000000000000e+00
-8.797779742648018098e-02,-0.000000000000000000e+00,-0.000000000000000000e+00,2.151629623263608959e-01,0.000000000000000000e+00,-0.000000000000000000e+00,0.000000000000000000e+00,0.000000000000000000e+00,-0.000000000000000000e+00,0.000000000000000000e+00,0.000000000000000000e+00,0.000000000000000000e+00,0.000000000000000000e+00,-0.000000000000000000e+00,1.285590188593607630e+00,-0.000000000000000000e+00,-0.000000000000000000e+00,-2.174938230239916587e-02,0.000000000000000000e+00,0.000000000000000000e+00,-2.869132365196817511e-02,-0.000000000000000000e+00,0.000000000000000000e+00,-0.000000000000000000e+00,-0.000000000000000000e+00,-2.645374286216595205e-01,0.000000000000000000e+00,-0.000000000000000000e+00,-2.278432850621687766e-01,-1.597662289181639717e-01,0.000000000000000000e+00,0.000000000000000000e+00,-0.000000000000000000e+00,-0.000000000000000000e+00,-0.000000000000000000e+00,-0.000000000000000000e+00,0.000000000000000000e+00,-0.000000000000000000e+00,0.000000000000000000e+00
-0.000000000000000000e+00,-0.000000000000000000e+00,-0.000000000000000000e+00,-0.000000000000000000e+00,-0.000000000000000000e+00,0.000000000000000000e+00,6.126373925137473808e-02,0.000000000000000000e+00,-1.135265582175037369e-01,-8.925406030110537570e-01,6.627671870586251957e-02,-2.590570047076177010e-02,-0.000000000000000000e+00,-3.403688747424059025e-01,-0.000000000000000000e+00,2.433409842578407645e+00,-0.000000000000000000e+00,-0.000000000000000000e+00,-0.000000000000000000e+00,0.000000000000000000e+00,-0.000000000000000000e+00,0.000000000000000000e+00,-0.000000000000000000e+00,-0.000000000000000000e+00,-9.191177236422770624e-02,0.000000000000000000e+00,-0.000000000000000000e+00,-8.195891891574996757e-02,0.000000000000000000e+00,-1.707908521384761957e-01,-0.000000000000000000e+00,-0.000000000000000000e+00,-0.000000000000000000e+00,-3.892689047703153798e-02,0.000000000000000000e+00,-2.510268982842164265e-01,-0.000000000000000000e+00,-0.000000000000000000e+00,-3.782605375301084649e-01
-0.000000000000000000e+00,-0.000000000000000000e+00,-0.000000000000000000e+00,-0.000000000000000000e+00,-0.000000000000000000e+00,0.000000000000000000e+00,-0.000000000000000000e+00,0.000000000000000000e+00,-0.000000000000000000e+00,-0.000000000000000000e+00,-5.311655920489304350e-01,-0.000000000000000000e+00,0.000000000000000000e+00,-0.000000000000000000e+00,-0.000000000000000000e+00,-0.000000000000000000e+00,1.346716030961516486e+00,-0.000000000000000000e+00,-5.731254819735745465e-02,-0.000000000000000000e+00,-0.000000000000000000e+00,-6.519359082251682813e-02,-1.589709454376820874e-01,-0.000000000000000000e+00,-0.000000000000000000e+00,0.000000000000000000e+00,-0.000000000000000000e+00,-0.000000000000000000e+00,0.000000000000000000e+00,-0.000000000000000000e+00,-2.019577246802305437e-01,-0.000000000000000000e+00,-1.390276387380825693e-02,-4.892535624110996156e-02,0.000000000000000000e+00,-0.000000000000000000e+00,0.000000000000000000e+00,-0.000000000000000000e+00,-0.000000000000000000e+00
-0.000000000000000000e+00,-0.000000000000000000e+00,-0.000000000000000000e+00,-0.000000000000000000e+00,-0.000000000000000000e+00,-0.000000000000000000e+00,-0.000000000000000000e+00,3.526014391135605663e-01,-0.000000000000000000e+00,-0.000000000000000000e+00,0.000000000000000000e+00,-0.000000000000000000e+00,-0.000000000000000000e+00,-0.000000000000000000e+00,-2.174938230239916587e-02,-0.000000000000000000e+00,-0.000000000000000000e+00,1.597957702117280832e+00,-5.284753284814025509e-01,0.000000000000000000e+00,-2.114013875943852039e-01,-0.000000000000000000e+00,-0.000000000000000000e+00,-4.463338908122325283e-02,-0.000000000000000000e+00,-0.000000000000000000e+00,-0.000000000000000000e+00,-2.307792414647576174e-02,-0.000000000000000000e+00,-1.484482207155065070e-01,-0.000000000000000000e+00,-0.000000000000000000e+00,-1.219863122981998255e-01,-2.332668949944272790e-02,0.000000000000000000e+00,-0.000000000000000000e+00,-0.000000000000000000e+00,-0.000000000000000000e+00,-0.000000000000000000e+00
0.000000000000000000e+00,-0.000000000000000000e+00,-1.926872118306995341e-01,-3.720005360783308346e-01,-3.619775787085298124e-01,0.000000000000000000e+00,-3.526521989925757855e-02,1.658926073351387753e-01,-0.000000000000000000e+00,-0.000000000000000000e+00,-0.000000000000000000e+00,-0.000000000000000000e+00,-0.000000000000000000e+00,-0.000000000000000000e+00,0.000000000000000000e+00,-0.000000000000000000e+00,-5.731254819735745465e-02,-5.284753284814025509e-01,1.736731975187262300e+00,0.000000000000000000e+00,-0.000000000000000000e+00,-2.018327662955844617e-03,-0.000000000000000000e+00,-0.000000000000000000e+00,0.000000000000000000e+00,-0.000000000000000000e+00,-0.000000000000000000e+00,-0.000000000000000000e+00,0.000000000000000000e+00,-0.000000000000000000e+00,-0.000000000000000000e+00,-0.000000000000000000e+00,-0.000000000000000000e+00,-4.107351866183117650e-02,0.000000000000000000e+00,-0.000000000000000000e+00,0.000000000000000000e+00,0.000000000000000000e+00,-0.000000000000000000e+00
4.582742173739758063e-02,0.000000000000000000e+00,0.000000000000000000e+00,-0.000000000000000000e+00,0.000000000000000000e+00,0.000000000000000000e+00,-4.858861193024502367e-02,0.000000000000000000e+00,0.000000000000000000e+00,0.000000000000000000e+00,-0.000000000000000000e+00,0.000000000000000000e+00,-3.208985953665193652e-02,0.000000000000000000e+00,0.000000000000000000e+00,0.000000000000000000e+00,-0.000000000000000000e+00,0.000000000000000000e+00,0.000000000000000000e+00,1.067056658743754882e+00,-8.514421285581978693e-02,-1.414666501549121380e-01,0.000000000000000000e+00,0.000000000000000000e+00,4.245676517183036985e-02,0.000000000000000000e+00,-0.000000000000000000e+00,-0.000000000000000000e+00,0.000000000000000000e+00,0.000000000000000000e+00,0.000000000000000000e+00,0.000000000000000000e+00,-3.968713287557953939e-02,0.000000000000000000e+00,0.000000000000000000e+00,8.569804278026851851e-02,-0.000000000000000000e+00,0.000000000000000000e+00,-0.000000000000000000e+00
0.000000000000000000e+00,0.000000000000000000e+00,-0.000000000000000000e+00,-0.000000000000000000e+00,0.000000000000000000e+00,0.000000000000000000e+00,-0.000000000000000000e+00,0.000000000000000000e+00,0.000000000000000000e+00,-0.000000000000000000e+00,0.000000000000000000e+00,-0.000000000000000000e+00,-6.039426351098397400e-02,0.000000000000000000e+00,-2.869132365196817511e-02,-0.000000000000000000e+00,-0.000000000000000000e+00,-2.114013875943852039e-01,-0.000000000000000000e+00,-8.514421285581978693e-02,1.269703425669927332e+00,-0.000000000000000000e+00,0.000000000000000000e+00,0.000000000000000000e+00,0.000000000000000000e+00,-0.000000000000000000e+00,-0.000000000000000000e+00,-2.383418445558566634e-01,-0.000000000000000000e+00,-0.000000000000000000e+00,-0.000000000000000000e+00,-0.000000000000000000e+00,-3.391018167008117978e-01,-0.000000000000000000e+00,0.000000000000000000e+00,0.000000000000000000e+00,-0.000000000000000000e+00,0.000000000000000000e+00,-0.000000000000000000e+00
3.203623461693007324e-02,0.000000000000000000e+00,-0.000000000000000000e+00,-1.798519274664107659e-01,0.000000000000000000e+00,0.000000000000000000e+00,-1.046534990972030899e-01,1.172368261786203431e-01,0.000000000000000000e+00,0.000000000000000000e+00,-8.658170429215621133e-02,-0.000000000000000000e+00,-0.000000000000000000e+00,0.000000000000000000e+00,-0.000000000000000000e+00,0.000000000000000000e+00,-6.519359082251682813e-02,-0.000000000000000000e+00,-2.018327662955844617e-03,-1.414666501549121380e-01,-0.000000000000000000e+00,1.572107934878554936e+00,-0.000000000000000000e+00,-0.000000000000000000e+00,5.065657834582324576e-02,0.000000000000000000e+00,-0.000000000000000000e+00,-0.000000000000000000e+00,2.106289514854177425e-01,0.000000000000000000e+00,-0.000000000000000000e+00,-0.000000000000000000e+00,-6.459787153897086354e-01,-0.000000000000000000e+00,1.204719782100175177e-02,0.000000000000000000e+00,-0.000000000000000000e+00,1.072173519396307922e-01,-0.000000000000000000e+00
-0.000000000000000000e+00,-2.176159544507160482e-01,-0.000000000000000000e+00,-0.000000000000000000e+00,-1.231457055280645585e-01,0.000000000000000000e+00,0.000000000000000000e+00,2.315330032931784202e-02,-3.437529036778881886e-01,-1.282696812269180399e-02,-0.000000000000000000e+00,-0.000000000000000000e+00,0.000000000000000000e+00,-0.000000000000000000e+00,0.000000000000000000e+00,-0.000000000000000000e+00,-1.589709454376820874e-01,-0.000000000000000000e+00,-0.000000000000000000e+00,0.000000000000000000e+00,0.000000000000000000e+00,-0.000000000000000000e+00,2.182591101595972027e+00,-3.593397241884165316e-01,-1.722516940248211836e-01,-0.000000000000000000e+00,-0.000000000000000000e+00,0.000000000000000000e+00,0.000000000000000000e+00,-0.000000000000000000e+00,-3.093202531303821390e-01,-1.486104883564864088e-01,-0.000000000000000000e+00,-2.146180452837861408e-01,0.000000000000000000e+00,-1.432785773601344959e-01,-0.000000000000000000e+00,-0.000000000000000000e+00,-6.975682228535079465e-02
-0.000000000000000000e+00,-1.978400551559875153e-01,-1.078818554824589049e-01,0.000000000000000000e+00,-0.000000000000000000e+00,-0.000000000000000000e+00,0.000000000000000000e+00,2.245172578012667730e-01,-6.827826107660324439e-02,-0.000000000000000000e+00,0.000000000000000000e+00,-0.000000000000000000e+00,0.000000000000000000e+00,-0.000000000000000000e+00,-0.000000000000000000e+00,-0.000000000000000000e+00,-0.000000000000000000e+00,-4.463338908122325283e-02,-0.000000000000000000e+00,0.000000000000000000e+00,0.000000000000000000e+00,-0.000000000000000000e+00,-3.593397241884165316e-01,1.677923062278547706e+00,-3.422779569818303752e-02,-0.000000000000000000e+00,-0.000000000000000000e+00,-0.000000000000000000e+00,-0.000000000000000000e+00,-2.495801473892276801e-01,-6.729058129278935041e-02,-1.428825305279161351e-01,-0.000000000000000000e+00,-0.000000000000000000e+00,-0.000000000000000000e+00,-0.000000000000000000e+00,-0.000000000000000000e+00,-0.000000000000000000e+00,-0.000000000000000000e+00
-9.272332728841582716e-02,-3.424927967086467406e-01,-0.000000000000000000e+00,0.000000000000000000e+00,-5.491352396986105833e-02,-0.000000000000000000e+00,0.000000000000000000e+00,0.000000000000000000e+00,-2.981209813114469309e-01,-0.000000000000000000e+00,0.000000000000000000e+00,-0.000000000000000000e+00,1.506271472929256519e-02,-2.104268098011388144e-01,-0.000000000000000000e+00,-9.191177236422770624e-02,-0.000000000000000000e+00,-0.000000000000000000e+00,0.000000000000000000e+00,4.245676517183036985e-02,0.000000000000000000e+00,5.065657834582324576e-02,-1.722516940248211836e-01,-3.422779569818303752e-02,2.271324205811227515e+00,-0.000000000000000000e+00,-0.000000000000000000e+00,-0.000000000000000000e+00,-0.000000000000000000e+00,-3.029577932444224575e-01,-0.000000000000000000e+00,-0.000000000000000000e+00,0.000000000000000000e+00,-0.000000000000000000e+00,-0.000000000000000000e+00,-3.343168725963502896e-01,-0.000000000000000000e+00,-3.639822040153486982e-01,-0.000000000000000000e+00
-1.984132416030585933e-01,-0.000000000000000000e+00,-1.093774692916600899e-01,0.000000000000000000e+00,-0.000000000000000000e+00,-6.167675275642359178e-02,-2.321453916234113984e-02,0.000000000000000000e+00,-0.000000000000000000e+00,0.000000000000000000e+00,0.000000000000000000e+00,1.435980213553394169e-01,3.677599068032019747e-01,0.000000000000000000e+00,-2.645374286216595205e-01,0.000000000000000000e+00,0.000000000000000000e+00,-0.000000000000000000e+00,-0.000000000000000000e+00,0.000000000000000000e+00,-0.000000000000000000e+00,0.000000000000000000e+00,-0.000000000000000000e+00,-0.000000000000000000e+00,-0.000000000000000000e+00,1.552091854347757760e+00,0.000000000000000000e+00,0.000000000000000000e+00,-1.832123399535540431e-01,-1.567199785399497197e-02,0.000000000000000000e+00,0.000000000000000000e+00,0.000000000000000000e+00,0.000000000000000000e+00,-3.122881515761079529e-01,-0.000000000000000000e+00,0.000000000000000000e+00,-0.000000000000000000e+00,1.564939256425783645e-02
0.000000000000000000e+00,-0.000000000000000000e+00,-0.000000000000000000e+00,-3.991146105619872153e-02,-0.000000000000000000e+00,0.000000000000000000e+00,0.000000000000000000e+00,1.553211476562433024e-01,-6.294164180413866494e-02,-0.000000000000000000e+00,0.000000000000000000e+00,-5.075043980725585380e-01,-0.000000000000000000e+00,-0.000000000000000000e+00,0.000000000000000000e+00,-0.000000000000000000e+00,-0.000000000000000000e+00,-0.000000000000000000e+00,-0.000000000000000000e+00,-0.000000000000000000e+00,-0.000000000000000000e+00,-0.000000000000000000e+00,-0.000000000000000000e+00,-0.000000000000000000e+00,-0.000000000000000000e+00,0.000000000000000000e+00,1.971555884586674745e+00,-0.000000000000000000e+00,6.260187869187293364e-02,-0.000000000000000000e+00,-3.698746087112294578e-01,-2.563905745828813365e-01,-4.621762330586287604e-02,-1.829706431111750159e-02,0.000000000000000000e+00,-0.000000000000000000e+00,-1.263250225367285318e-01,0.000000000000000000e+00,-2.861002368331300727e-01
0.000000000000000000e+00,-0.000000000000000000e+00,-0.000000000000000000e+00,-0.000000000000000000e+00,-0.000000000000000000e+00,0.000000000000000000e+00,-0.000000000000000000e+00,0.000000000000000000e+00,-0.000000000000000000e+00,-3.385791865532600427e-03,0.000000000000000000e+00,-0.000000000000000000e+00,-3.665414443148866386e-02,-0.000000000000000000e+00,-0.000000000000000000e+00,-8.195891891574996757e-02,-0.000000000000000000e+00,-2.307792414647576174e-02,-0.000000000000000000e+00,-0.000000000000000000e+00,-2.383418445558566634e-01,-0.000000000000000000e+00,0.000000000000000000e+00,-0.000000000000000000e+00,-0.000000000000000000e+00,0.000000000000000000e+00,-0.000000000000000000e+00,1.104251223178599250e+00,-0.000000000000000000e+00,-0.000000000000000000e+00,-0.000000000000000000e+00,-0.000000000000000000e+00,-1.056415707003596355e-01,-0.000000000000000000e+00,0.000000000000000000e+00,-0.000000000000000000e+00,-0.000000000000000000e+00,0.000000000000000000e+00,-0.000000000000000000e+00
-4.580767214639366314e-01,-0.000000000000000000e+00,0.000000000000000000e+00,0.000000000000000000e+00,0.000000000000000000e+00,-1.702731489471795701e-01,-0.000000000000000000e+00,-0.000000000000000000e+00,-0.000000000000000000e+00,0.000000000000000000e+00,2.312366611091549312e-02,0.000000000000000000e+00,0.000000000000000000e+00,-0.000000000000000000e+00,-2.278432850621687766e-01,0.000000000000000000e+00,0.000000000000000000e+00,-0.000000000000000000e+00,0.000000000000000000e+00,0.000000000000000000e+00,-0.000000000000000000e+00,2.106289514854177425e-01,0.000000000000000000e+00,-0.000000000000000000e+00,-0.000000000000000000e+00,-1.832123399535540431e-01,6.260187869187293364e-02,-0.000000000000000000e+00,1.650051113420399229e+00,-3.544522304684819686e-02,3.102781334198398064e-02,0.000000000000000000e+00,0.000000000000000000e+00,0.000000000000000000e+00,-3.712318296903056036e-01,0.000000000000000000e+00,-0.000000000000000000e+00,-0.000000000000000000e+00,0.000000000000000000e+00
-1.509183595400058753e-01,-0.000000000000000000e+00,-0.000000000000000000e+00,0.000000000000000000e+00,-0.000000000000000000e+00,-0.000000000000000000e+00,0.000000000000000000e+00,0.000000000000000000e+00,-1.408402806345389335e-01,-0.000000000000000000e+00,0.000000000000000000e+00,-0.000000000000000000e+00,0.000000000000000000e+00,-1.662397399292627198e-01,-1.597662289181639717e-01,-1.707908521384761957e-01,-0.000000000000000000e+00,-1.484482207155065070e-01,-0.000000000000000000e+00,0.000000000000000000e+00,-0.000000000000000000e+00,0.000000000000000000e+00,-0.000000000000000000e+00,-2.495801473892276801e-01,-3.029577932444224575e-01,-1.567199785399497197e-02,-0.000000000000000000e+00,-0.000000000000000000e+00,-3.544522304684819686e-02,1.928057670155949754e+00,-0.000000000000000000e+00,-0.000000000000000000e+00,-0.000000000000000000e+00,-0.000000000000000000e+00,-0.000000000000000000e+00,-1.728223920533059621e-01,-0.000000000000000000e+00,-3.621891127988647874e-01,-0.000000000000000000e+00
0.000000000000000000e+00,-0.000000000000000000e+00,-3.917724024253589343e-01,-0.000000000000000000e+00,-0.000000000000000000e+00,0.000000000000000000e+00,-0.000000000000000000e+00,2.705643325869754312e-01,-0.000000000000000000e+00,-0.000000000000000000e+00,-0.000000000000000000e+00,-3.533693153896660943e-02,0.000000000000000000e+00,-0.000000000000000000e+00,0.000000000000000000e+00,-0.000000000000000000e+00,-2.019577246802305437e-01,-0.000000000000000000e+00,-0.000000000000000000e+00,0.000000000000000000e+00,-0.000000000000000000e+00,-0.000000000000000000e+00,-3.093202531303821390e-01,-6.729058129278935041e-02,-0.000000000000000000e+00,0.000000000000000000e+00,-3.698746087112294578e-01,-0.000000000000000000e+00,3.102781334198398064e-02,-0.000000000000000000e+00,1.913720337187486020e+00,-1.538341427111198367e-01,-0.000000000000000000e+00,-1.353895459287496605e-01,0.000000000000000000e+00,-0.000000000000000000e+00,-0.000000000000000000e+00,-0.000000000000000000e+00,-0.000000000000000000e+00
0.000000000000000000e+00,-2.205564070847969016e-01,-0.000000000000000000e+00,-0.000000000000000000e+00,-0.000000000000000000e+00,-0.000000000000000000e+00,0.000000000000000000e+00,7.014473147596617456e-03,-5.395593933812779797e-02,-9.264187602438533203e-03,0.000000000000000000e+00,-3.584327518905467969e-01,-0.000000000000000000e+00,-0.000000000000000000e+00,0.000000000000000000e+00,-0.000000000000000000e+00,-0.000000000000000000e+00,-0.000000000000000000e+00,-0.000000000000000000e+00,0.000000000000000000e+00,-0.000000000000000000e+00,-0.000000000000000000e+00,-1.486104883564864088e-01,-1.428825305279161351e-01,-0.000000000000000000e+00,0.000000000000000000e+00,-2.563905745828813365e-01,-0.000000000000000000e+00,0.000000000000000000e+00,-0.000000000000000000e+00,-1.538341427111198367e-01,2.407884178661707342e+00,-4.976319985020837000e-02,-0.000000000000000000e+00,0.000000000000000000e+00,-0.000000000000000000e+00,-7.163601067600061656e-01,-0.000000000000000000e+00,-4.687640276041037390e-01
0.000000000000000000e+00,-0.000000000000000000e+00,-0.000000000000000000e+00,-1.872494942293120579e-01,-0.000000000000000000e+00,0.000000000000000000e+00,-0.000000000000000000e+00,1.624670295162580491e-01,-0.000000000000000000e+00,-0.000000000000000000e+00,-0.000000000000000000e+00,-4.930149197809413630e-01,-2.467395096091108131e-01,-0.000000000000000000e+00,-0.000000000000000000e+00,-0.000000000000000000e+00,-1.390276387380825693e-02,-1.219863122981998255e-01,-0.000000000000000000e+00,-3.968713287557953939e-02,-3.391018167008117978e-01,-6.459787153897086354e-01,-0.000000000000000000e+00,-0.000000000000000000e+00,0.000000000000000000e+00,0.000000000000000000e+00,-4.621762330586287604e-02,-1.056415707003596355e-01,0.000000000000000000e+00,-0.000000000000000000e+00,-0.000000000000000000e+00,-4.976319985020837000e-02,2.038374623331070001e+00,-0.000000000000000000e+00,0.000000000000000000e+00,-0.000000000000000000e+00,-4.748623110752944049e-02,0.000000000000000000e+00,-6.406256681816198395e-02
-0.000000000000000000e+00,-7.582058245689586584e-02,-8.302989336119312447e-02,-0.000000000000000000e+00,-6.868473628350743043e-01,0.000000000000000000e+00,0.000000000000000000e+00,6.298040139193836337e-04,-3.785241472529230489e-01,-1.612192451070965094e-01,0.000000000000000000e+00,-2.416470528582329580e-01,0.000000000000000000e+00,-6.547894262396969367e-02,-0.000000000000000000e+00,-3.892689047703153798e-02,-4.892535624110996156e-02,-2.332668949944272790e-02,-4.107351866183117650e-02,0.000000000000000000e+00,-0.000000000000000000e+00,-0.000000000000000000e+00,-2.146180452837861408e-01,-0.000000000000000000e+00,-0.000000000000000000e+00,0.000000000000000000e+00,-1.829706431111750159e-02,-0.000000000000000000e+00,0.000000000000000000e+00,-0.000000000000000000e+00,-1.353895459287496605e-01,-0.000000000000000000e+00,-0.000000000000000000e+00,2.328325249242810813e+00,0.000000000000000000e+00,-2.146885231969345165e-01,-0.000000000000000000e+00,-0.000000000000000000e+00,-0.000000000000000000e+00
-0.000000000000000000e+00,-0.000000000000000000e+00,0.000000000000000000e+00,0.000000000000000000e+00,0.000000000000000000e+00,-3.745095126211426262e-01,-0.000000000000000000e+00,-0.000000000000000000e+00,-0.000000000000000000e+00,0.000000000000000000e+00,1.347770024219601681e-01,1.363353344783631294e-01,0.000000000000000000e+00,0.000000000000000000e+00,-0.000000000000000000e+00,0.000000000000000000e+00,0.000000000000000000e+00,0.000000000000000000e+00,0.000000000000000000e+00,0.000000000000000000e+00,0.000000000000000000e+00,1.204719782100175177e-02,0.000000000000000000e+00,-0.000000000000000000e+00,-0.000000000000000000e+00,-3.122881515761079529e-01,0.000000000000000000e+00,0.000000000000000000e+00,-3.712318296903056036e-01,-0.000000000000000000e+00,0.000000000000000000e+00,0.000000000000000000e+00,0.000000000000000000e+00,0.000000000000000000e+00,1.479844351288551740e+00,0.000000000000000000e+00,-0.000000000000000000e+00,-0.000000000000000000e+00,0.000000000000000000e+00
-0.000000000000000000e+00,-2.395205480677796706e-01,-0.000000000000000000e+00,0.000000000000000000e+00,-1.813153231819782385e-01,0.000000000000000000e+00,0.000000000000000000e+00,0.000000000000000000e+00,-2.708550200865035285e-01,-2.416824819864517027e-01,0.000000000000000000e+00,-0.000000000000000000e+00,0.000000000000000000e+00,-2.052616451169012590e-01,-0.000000000000000000e+00,-2.510268982842164265e-01,-0.000000000000000000e+00,-0.000000000000000000e+00,-0.000000000000000000e+00,8.569804278026851851e-02,0.000000000000000000e+00,0.000000000000000000e+00,-1.432785773601344959e-01,-0.000000000000000000e+00,-3.343168725963502896e-01,-0.000000000000000000e+00,-0.000000000000000000e+00,-0.000000000000000000e+00,0.000000000000000000e+00,-1.728223920533059621e-01,-0.000000000000000000e+00,-0.000000000000000000e+00,-0.000000000000000000e+00,-2.146885231969345165e-01,0.000000000000000000e+00,2.299369513856229563e+00,-0.000000000000000000e+00,-3.093539950439569766e-02,-0.000000000000000000e+00
0.000000000000000000e+00,-0.000000000000000000e+00,-0.000000000000000000e+00,-0.000000000000000000e+00,-0.000000000000000000e+00,-0.000000000000000000e+00,0.000000000000000000e+00,0.000000000000000000e+00,-0.000000000000000000e+00,-0.000000000000000000e+00,2.565505606252739823e-01,-0.000000000000000000e+00,-0.000000000000000000e+00,-0.000000000000000000e+00,0.000000000000000000e+00,-0.000000000000000000e+00,0.000000000000000000e+00,-0.000000000000000000e+00,0.000000000000000000e+00,-0.000000000000000000e+00,-0.000000000000000000e+00,-0.000000000000000000e+00,-0.000000000000000000e+00,-0.000000000000000000e+00,-0.000000000000000000e+00,0.000000000000000000e+00,-1.263250225367285318e-01,-0.000000000000000000e+00,-0.000000000000000000e+00,-0.000000000000000000e+00,-0.000000000000000000e+00,-7.163601067600061656e-01,-4.748623110752944049e-02,-0.000000000000000000e+00,-0.000000000000000000e+00,-0.000000000000000000e+00,1.566074877186559577e+00,0.000000000000000000e+00,-1.179472685411134952e-01
-4.711306672968095244e-01,-1.213611925556620924e-01,-0.000000000000000000e+00,1.783879473842924224e-01,-0.000000000000000000e+00,-0.000000000000000000e+00,9.673592542347876633e-02,0.000000000000000000e+00,-1.037174811620571457e-01,-0.000000000000000000e+00,0.000000000000000000e+00,0.000000000000000000e+00,1.300680012133449415e-01,-1.140526803444814885e-02,-0.000000000000000000e+00,-0.000000000000000000e+00,-0.000000000000000000e+00,-0.000000000000000000e+00,0.000000000000000000e+00,0.000000000000000000e+00,0.000000000000000000e+00,1.072173519396307922e-01,-0.000000000000000000e+00,-0.000000000000000000e+00,-3.639822040153486982e-01,-0.000000000000000000e+00,0.000000000000000000e+00,0.000000000000000000e+00,-0.000000000000000000e+00,-3.621891127988647874e-01,-0.000000000000000000e+00,-0.000000000000000000e+00,0.000000000000000000e+00,-0.000000000000000000e+00,-0.000000000000000000e+00,-3.093539950439569766e-02,0.000000000000000000e+00,1.817457935901201749e+00,-0.000000000000000000e+00
0.000000000000000000e+00,-6.407486974978310323e-02,-0.000000000000000000e+00,-0.000000000000000000e+00,-0.000000000000000000e+00,0.000000000000000000e+00,1.784826091232941669e-01,0.000000000000000000e+00,-1.307257069473680422e-01,-4.217326506303619715e-01,0.000000000000000000e+00,-4.815532791827037418e-01,-0.000000000000000000e+00,-0.000000000000000000e+00,0.000000000000000000e+00,-3.782605375301084649e-01,-0.000000000000000000e+00,-0.000000000000000000e+00,-0.000000000000000000e+00,-0.000000000000000000e+00,-0.000000000000000000e+00,-0.000000000000000000e+00,-6.975682228535079465e-02,-0.000000000000000000e+00,-0.000000000000000000e+00,1.564939256425783645e-02,-2.861002368331300727e-01,-0.000000000000000000e+00,0.000000000000000000e+00,-0.000000000000000000e+00,-0.000000000000000000e+00,-4.687640276041037390e-01,-6.406256681816198395e-02,-0.000000000000000000e+00,0.000000000000000000e+00,-0.000000000000000000e+00,-1.179472685411134952e-01,-0.000000000000000000e+00,2.473350788185153082e+00
