2.565427044736719786e+00,-3.292780946805608511e-01,-0.000000000000000000e+00,0.000000000000000000e+00,-0.000000000000000000e+00,0.000000000000000000e+00,-0.000000000000000000e+00,0.000000000000000000e+00,-1.503024300034167815e-01,-2.760204572280809399e-01,-7.283480650513265986e-02,-8.441344624783468642e-02,-0.000000000000000000e+00,-0.000000000000000000e+00,-9.947532106060007207e-02,-2.528205157791797442e-01,-4.464762822291681865e-02,0.000000000000000000e+00,0.000000000000000000e+00,-1.606994749825551572e-01,-0.000000000000000000e+00,-0.000000000000000000e+00,-0.000000000000000000e+00,-1.562500821163704257e-01,-0.000000000000000000e+00,-2.610932562958787617e-01,-0.000000000000000000e+00,-0.000000000000000000e+00,-0.000000000000000000e+00,-2.878352163225139093e-01,-0.000000000000000000e+00,-0.000000000000000000e+00,0.000000000000000000e+00,0.000000000000000000e+00,-6.657106810591779944e-02,-1.178437331739589505e-01,-0.000000000000000000e+00,-2.005604732822148795e-01,-1.608135330913928185e-01
-3.292780946805608511e-01,2.338292507026201950e+00,-0.000000000000000000e+00,0.000000000000000000e+00,-0.000000000000000000e+00,0.000000000000000000e+00,-8.875802011598507221e-04,0.000000000000000000e+00,-0.000000000000000000e+00,-1.843372811813566159e-01,-1.473102253623509716e-01,-2.108984172300050752e-01,-1.053403183578071056e-01,-0.000000000000000000e+00,-1.410689132306904570e-01,-0.000000000000000000e+00,-0.000000000000000000e+00,0.000000000000000000e+00,0.000000000000000000e+00,-9.321399630755541899e-02,-0.000000000000000000e+00,-1.993628379223173763e-01,-1.012986464326761787e-01,-1.310712343342375075e-01,-0.000000000000000000e+00,-0.000000000000000000e+00,-0.000000000000000000e+00,-0.000000000000000000e+00,-0.000000000000000000e+00,-0.000000000000000000e+00,-0.000000000000000000e+00,-0.000000000000000000e+00,-0.000000000000000000e+00,-0.000000000000000000e+00,-7.261339670484910636e-02,-0.000000000000000000e+00,-2.221247685814388140e-01,-1.890715334837860251e-01,-3.012802091831228157e-01
-0.000000000000000000e+00,-0.000000000000000000e+00,2.656653647305920796e+00,0.000000000000000000e+00,-2.823492208181518359e-01,-0.000000000000000000e+00,-0.000000000000000000e+00,6.454816844393301833e-01,-0.000000000000000000e+00,-0.000000000000000000e+00,-0.000000000000000000e+00,-0.000000000000000000e+00,-0.000000000000000000e+00,-2.585116539979329109e-01,-0.000000000000000000e+00,-0.000000000000000000e+00,-0.000000000000000000e+00,0.000000000000000000e+00,0.000000000000000000e+00,-3.415768655538437559e-01,-3.404992889436054826e-01,-2.178088851400601378e-01,-2.718745850220489757e-01,-0.000000000000000000e+00,-1.516462443702656093e-01,-1.751079255570863469e-01,-1.032074933799902727e-01,-3.451148926674893480e-02,-9.036418077121336715e-04,-0.000000000000000000e+00,-0.000000000000000000e+00,-0.000000000000000000e+00,-2.958996667244925133e-02,-0.000000000000000000e+00,-0.000000000000000000e+00,-6.562893585182386080e-02,-0.000000000000000000e+00,-0.000000000000000000e+00,-0.000000000000000000e+00
0.000000000000000000e+00,0.000000000000000000e+00,0.000000000000000000e+00,1.031415818646111537e+00,0.000000000000000000e+00,1.252794238903216506e-01,-1.488266504614520203e-01,-0.000000000000000000e+00,0.000000000000000000e+00,0.000000000000000000e+00,0.000000000000000000e+00,-0.000000000000000000e+00,-0.000000000000000000e+00,0.000000000000000000e+00,-0.000000000000000000e+00,0.000000000000000000e+00,0.000000000000000000e+00,-0.000000000000000000e+00,-0.000000000000000000e+00,0.000000000000000000e+00,0.000000000000000000e+00,0.000000000000000000e+00,0.000000000000000000e+00,0.000000000000000000e+00,-0.000000000000000000e+00,0.000000000000000000e+00,-0.000000000000000000e+00,0.000000000000000000e+00,0.000000000000000000e+00,3.695689173526293253e-02,-0.000000000000000000e+00,0.000000000000000000e+00,0.000000000000000000e+00,0.000000000000000000e+00,0.000000000000000000e+00,8.261646643737236353e-03,0.000000000000000000e+00,-0.000000000000000000e+00,0.000000000000000000e+00
-0.000000000000000000e+00,-0.000000000000000000e+00,-2.823492208181518359e-01,0.000000000000000000e+00,1.961316729146441507e+00,0.000000000000000000e+00,0.000000000000000000e+00,1.343085457051210185e-01,-3.623243607581944081e-01,-2.642444652380972481e-01,-0.000000000000000000e+00,-0.000000000000000000e+00,-0.000000000000000000e+00,-0.000000000000000000e+00,-0.000000000000000000e+00,-9.374974084976342437e-02,-0.000000000000000000e+00,0.000000000000000000e+00,0.000000000000000000e+00,-0.000000000000000000e+00,-1.810164406428566575e-01,-0.000000000000000000e+00,-0.000000000000000000e+00,-0.000000000000000000e+00,-0.000000000000000000e+00,-1.035190442108078063e-01,-0.000000000000000000e+00,-0.000000000000000000e+00,-0.000000000000000000e+00,-4.073599533048928301e-01,0.000000000000000000e+00,-0.000000000000000000e+00,-0.000000000000000000e+00,0.000000000000000000e+00,-0.000000000000000000e+00,-0.000000000000000000e+00,-0.000000000000000000e+00,-0.000000000000000000e+00,-0.000000000000000000e+00
0.000000000000000000e+00,0.000000000000000000e+00,-0.000000000000000000e+00,1.252794238903216506e-01,0.000000000000000000e+00,1.309633803876129710e+00,-0.000000000000000000e+00,0.000000000000000000e+00,0.000000000000000000e+00,0.000000000000000000e+00,-0.000000000000000000e+00,0.000000000000000000e+00,-0.000000000000000000e+00,-1.592572313949676410e-01,0.000000000000000000e+00,0.000000000000000000e+00,-0.000000000000000000e+00,-2.479942534164181478e-01,-1.755722601627881241e-01,-0.000000000000000000e+00,-0.000000000000000000e+00,-0.000000000000000000e+00,-0.000000000000000000e+00,0.000000000000000000e+00,-0.000000000000000000e+00,-0.000000000000000000e+00,-0.000000000000000000e+00,-0.000000000000000000e+00,-1.030687210554802058e-01,0.000000000000000000e+00,-3.866856343627534526e-02,-2.065962743326907602e-01,-2.129587440631272588e-01,-0.000000000000000000e+00,-0.000000000000000000e+00,-9.057737972506442470e-02,-0.000000000000000000e+00,0.000000000000000000e+00,0.000000000000000000e+00
-0.000000000000000000e+00,-8.875802011598507221e-04,-0.000000000000000000e+00,-1.488266504614520203e-01,0.000000000000000000e+00,-0.000000000000000000e+00,1.543292395665491812e+00,0.000000000000000000e+00,-0.000000000000000000e+00,-0.000000000000000000e+00,-0.000000000000000000e+00,-2.232701340216735816e-02,-4.133167126686765891e-01,-0.000000000000000000e+00,-1.787593924128751954e-01,0.000000000000000000e+00,-0.000000000000000000e+00,-0.000000000000000000e+00,-0.000000000000000000e+00,-0.000000000000000000e+00,-0.000000000000000000e+00,-0.000000000000000000e+00,-0.000000000000000000e+00,-0.000000000000000000e+00,-0.000000000000000000e+00,-0.000000000000000000e+00,-2.636465930022023896e-01,-1.057873718200424140e-01,-0.000000000000000000e+00,0.000000000000000000e+00,-2.138553513152518792e-01,-0.000000000000000000e+00,-0.000000000000000000e+00,-0.000000000000000000e+00,-8.748080713766882843e-02,-0.000000000000000000e+00,-0.000000000000000000e+00,-0.000000000000000000e+00,-0.000000000000000000e+00
0.000000000000000000e+00,0.000000000000000000e+00,6.454816844393301833e-01,-0.000000000000000000e+00,1.343085457051210185e-01,0.000000000000000000e+00,0.000000000000000000e+00,2.109831143814710153e+00,0.000000000000000000e+00,0.000000000000000000e+00,0.000000000000000000e+00,0.000000000000000000e+00,0.000000000000000000e+00,9.777675059638042676e-02,0.000000000000000000e+00,0.000000000000000000e+00,0.000000000000000000e+00,0.000000000000000000e+00,0.000000000000000000e+00,0.000000000000000000e+00,3.484920487285273483e-01,0.000000000000000000e+00,0.000000000000000000e+00,0.000000000000000000e+00,1.327995009272672500e-01,6.732973173213757656e-02,1.990336444913600178e-01,0.000000000000000000e+00,7.061211192211007404e-02,0.000000000000000000e+00,3.358272307722663663e-02,0.000000000000000000e+00,3.361253577824888095e-01,0.000000000000000000e+00,0.000000000000000000e+00,0.000000000000000000e+00,0.000000000000000000e+00,0.000000000000000000e+00,0.000000000000000000e+00
-1.503024300034167815e-01,-0.000000000000000000e+00,-0.000000000000000000e+00,0.000000000000000000e+00,-3.623243607581944081e-01,0.000000000000000000e+00,-0.000000000000000000e+00,0.000000000000000000e+00,2.117731561744466529e+00,-0.000000000000000000e+00,-0.000000000000000000e+00,-1.158280626386418433e-01,-0.000000000000000000e+00,-0.000000000000000000e+00,-6.286128309083741095e-02,-2.169793834955597092e-02,-0.000000000000000000e+00,1.526625832910303293e-01,8.929789413627237105e-02,-6.950271282958954411e-02,-0.000000000000000000e+00,-6.373948545105104224e-03,-0.000000000000000000e+00,-0.000000000000000000e+00,-0.000000000000000000e+00,-0.000000000000000000e+00,-0.000000000000000000e+00,-0.000000000000000000e+00,0.000000000000000000e+00,-3.502165510345698340e-01,0.000000000000000000e+00,-0.000000000000000000e+00,-0.000000000000000000e+00,-0.000000000000000000e+00,-0.000000000000000000e+00,-0.000000000000000000e+00,-0.000000000000000000e+00,-2.260377446242814448e-01,-3.732524303521879139e-01
-2.760204572280809399e-01,-1.843372811813566159e-01,-0.000000000000000000e+00,0.000000000000000000e+00,-2.642444652380972481e-01,0.000000000000000000e+00,-0.000000000000000000e+00,0.000000000000000000e+00,-0.000000000000000000e+00,2.463862783222829478e+00,-8.178772273668462323e-02,-0.000000000000000000e+00,-0.000000000000000000e+00,-0.000000000000000000e+00,-0.000000000000000000e+00,-6.182078518721071392e-01,-7.045708189390362253e-02,7.307812519840996279e-02,1.381956131626041473e-01,-1.352226220208541385e-01,-0.000000000000000000e+00,-0.000000000000000000e+00,-4.647093423313383188e-03,-0.000000000000000000e+00,-0.000000000000000000e+00,-9.030647920049662478e-03,-0.000000000000000000e+00,-0.000000000000000000e+00,-0.000000000000000000e+00,-2.103260974072195810e-01,0.000000000000000000e+00,-0.000000000000000000e+00,0.000000000000000000e+00,0.000000000000000000e+00,-0.000000000000000000e+00,-0.000000000000000000e+00,-0.000000000000000000e+00,-1.015955443992896112e-01,-2.983105893830774180e-01
-7.283480650513265986e-02,-1.473102253623509716e-01,-0.000000000000000000e+00,0.000000000000000000e+00,-0.000000000000000000e+00,-0.000000000000000000e+00,-0.000000000000000000e+00,0.000000000000000000e+00,-0.000000000000000000e+00,-8.178772273668462323e-02,1.751293608721733452e+00,-5.240028005886578077e-02,-0.000000000000000000e+00,-0.000000000000000000e+00,-5.157676483227643244e-02,-0.000000000000000000e+00,-5.381903437975888993e-01,0.000000000000000000e+00,0.000000000000000000e+00,-0.000000000000000000e+00,-0.000000000000000000e+00,-0.000000000000000000e+00,-0.000000000000000000e+00,-8.799294155374917659e-02,-0.000000000000000000e+00,-0.000000000000000000e+00,-0.000000000000000000e+00,-0.000000000000000000e+00,-0.000000000000000000e+00,-1.240319180222961976e-01,-0.000000000000000000e+00,-5.092481713722535330e-02,-0.000000000000000000e+00,0.000000000000000000e+00,-3.925847802906233530e-02,-0.000000000000000000e+00,-2.069314799301987806e-01,-6.570264198220349128e-02,-0.000000000000000000e+00
-8.441344624783468642e-02,-2.108984172300050752e-01,-0.000000000000000000e+00,-0.000000000000000000e+00,-0.000000000000000000e+00,0.000000000000000000e+00,-2.232701340216735816e-02,0.000000000000000000e+00,-1.158280626386418433e-01,-0.000000000000000000e+00,-5.240028005886578077e-02,2.537742438891741337e+00,-0.000000000000000000e+00,-0.000000000000000000e+00,-7.018740031220733755e-01,-0.000000000000000000e+00,-0.000000000000000000e+00,9.106596999331509346e-02,0.000000000000000000e+00,-2.453564429025922311e-01,-0.000000000000000000e+00,-5.672510272637099060e-02,-0.000000000000000000e+00,-4.525177176088244352e-02,-0.000000000000000000e+00,-0.000000000000000000e+00,-0.000000000000000000e+00,-0.000000000000000000e+00,-0.000000000000000000e+00,-0.000000000000000000e+00,-0.000000000000000000e+00,-0.000000000000000000e+00,0.000000000000000000e+00,0.000000000000000000e+00,-3.757805780996805595e-02,-0.000000000000000000e+00,-0.000000000000000000e+00,-4.808871021627683096e-01,-3.473601103899044418e-01
-0.000000000000000000e+00,-1.053403183578071056e-01,-0.000000000000000000e+00,-0.000000000000000000e+00,-0.000000000000000000e+00,-0.000000000000000000e+00,-4.133167126686765891e-01,0.000000000000000000e+00,-0.000000000000000000e+00,-0.000000000000000000e+00,-0.000000000000000000e+00,-0.000000000000000000e+00,1.471087450185159407e+00,-0.000000000000000000e+00,-1.110252347120423144e-01,0.000000000000000000e+00,-0.000000000000000000e+00,-0.000000000000000000e+00,-0.000000000000000000e+00,-0.000000000000000000e+00,-0.000000000000000000e+00,-4.287536271680652544e-01,-1.046686476986025821e-02,-0.000000000000000000e+00,-0.000000000000000000e+00,-0.000000000000000000e+00,-7.143359438677321198e-03,-0.000000000000000000e+00,-0.000000000000000000e+00,-0.000000000000000000e+00,-0.000000000000000000e+00,-0.000000000000000000e+00,-0.000000000000000000e+00,0.000000000000000000e+00,-0.000000000000000000e+00,-0.000000000000000000e+00,-0.000000000000000000e+00,-0.000000000000000000e+00,-0.000000000000000000e+00
-0.000000000000000000e+00,-0.000000000000000000e+00,-2.585116539979329109e-01,0.000000000000000000e+00,-0.000000000000000000e+00,-1.592572313949676410e-01,-0.000000000000000000e+00,9.777675059638042676e-02,-0.000000000000000000e+00,-0.000000000000000000e+00,-0.000000000000000000e+00,-0.000000000000000000e+00,-0.000000000000000000e+00,2.157949647531872461e+00,-0.000000000000000000e+00,-0.000000000000000000e+00,-0.000000000000000000e+00,-0.000000000000000000e+00,-0.000000000000000000e+00,-0.000000000000000000e+00,-0.000000000000000000e+00,-4.966038254457159212e-02,-1.119940304246560270e-01,-0.000000000000000000e+00,-0.000000000000000000e+00,-0.000000000000000000e+00,-1.304852264722331234e-01,-4.130376309977548122e-01,-0.000000000000000000e+00,-0.000000000000000000e+00,-1.136937484072804289e-01,-1.031981481423810132e-01,-3.970382989646094041e-01,-0.000000000000000000e+00,-1.215518142820798952e-01,-2.550952250564314516e-01,-1.179824554030361600e-01,-0.000000000000000000e+00,-0.000000000000000000e+00
-9.947532106060007207e-02,-1.410689132306904570e-01,-0.000000000000000000e+00,-0.000000000000000000e+00,-0.000000000000000000e+00,0.000000000000000000e+00,-1.787593924128751954e-01,0.000000000000000000e+00,-6.286128309083741095e-02,-0.000000000000000000e+00,-5.157676483227643244e-02,-7.018740031220733755e-01,-1.110252347120423144e-01,-0.000000000000000000e+00,2.504516217939799283e+00,-0.000000000000000000e+00,-0.000000000000000000e+00,0.000000000000000000e+00,0.000000000000000000e+00,-3.135011363105955073e-01,-0.000000000000000000e+00,-1.541183028782725506e-01,-5.118275917028159566e-02,-1.098885209306700306e-01,-0.000000000000000000e+00,-0.000000000000000000e+00,-0.000000000000000000e+00,-0.000000000000000000e+00,-0.000000000000000000e+00,-0.000000000000000000e+00,-0.000000000000000000e+00,-0.000000000000000000e+00,0.000000000000000000e+00,0.000000000000000000e+00,-7.662224641087467258e-02,-0.000000000000000000e+00,-0.000000000000000000e+00,-3.744952740891707710e-01,-1.676927585973676804e-01
-2.528205157791797442e-01,-0.000000000000000000e+00,-0.000000000000000000e+00,0.000000000000000000e+00,-9.374974084976342437e-02,0.000000000000000000e+00,0.000000000000000000e+00,0.000000000000000000e+00,-2.169793834955597092e-02,-6.182078518721071392e-01,-0.000000000000000000e+00,-0.000000000000000000e+00,0.000000000000000000e+00,-0.000000000000000000e+00,-0.000000000000000000e+00,2.468668094377071576e+00,-1.316500940884701987e-01,4.106673359246767463e-01,2.737747760634501870e-01,-0.000000000000000000e+00,-0.000000000000000000e+00,-0.000000000000000000e+00,-0.000000000000000000e+00,-0.000000000000000000e+00,-0.000000000000000000e+00,-0.000000000000000000e+00,0.000000000000000000e+00,-0.000000000000000000e+00,-0.000000000000000000e+00,-3.437654483439548936e-01,0.000000000000000000e+00,0.000000000000000000e+00,0.000000000000000000e+00,0.000000000000000000e+00,-0.000000000000000000e+00,-0.000000000000000000e+00,-0.000000000000000000e+00,-1.595433580423114006e-01,-1.203836436796359849e-01
-4.464762822291681865e-02,-0.000000000000000000e+00,-0.000000000000000000e+00,0.000000000000000000e+00,-0.000000000000000000e+00,-0.000000000000000000e+00,-0.000000000000000000e+00,0.000000000000000000e+00,-0.000000000000000000e+00,-7.045708189390362253e-02,-5.381903437975888993e-01,-0.000000000000000000e+00,-0.000000000000000000e+00,-0.000000000000000000e+00,-0.000000000000000000e+00,-1.316500940884701987e-01,2.130899760363079931e+00,0.000000000000000000e+00,0.000000000000000000e+00,-0.000000000000000000e+00,-9.122032711690765405e-02,-0.000000000000000000e+00,-3.847288067486545060e-01,-1.556930784762149411e-01,-0.000000000000000000e+00,-3.670262450723305592e-01,-0.000000000000000000e+00,-1.204759484046187892e-02,-0.000000000000000000e+00,-1.530240524785984602e-01,-0.000000000000000000e+00,-0.000000000000000000e+00,-0.000000000000000000e+00,0.000000000000000000e+00,-1.633881346008615176e-01,-0.000000000000000000e+00,-5.483660570378497481e-03,-0.000000000000000000e+00,-0.000000000000000000e+00
0.000000000000000000e+00,0.000000000000000000e+00,0.000000000000000000e+00,-0.000000000000000000e+00,0.000000000000000000e+00,-2.479942534164181478e-01,-0.000000000000000000e+00,0.000000000000000000e+00,1.526625832910303293e-01,7.307812519840996279e-02,0.000000000000000000e+00,9.106596999331509346e-02,-0.000000000000000000e+00,-0.000000000000000000e+00,0.000000000000000000e+00,4.106673359246767463e-01,0.000000000000000000e+00,2.328182542307154268e+00,-7.242179490791560426e-01,0.000000000000000000e+00,0.000000000000000000e+00,0.000000000000000000e+00,0.000000000000000000e+00,0.000000000000000000e+00,-0.000000000000000000e+00,0.000000000000000000e+00,-0.000000000000000000e+00,0.000000000000000000e+00,-0.000000000000000000e+00,1.550799944882519654e-01,-0.000000000000000000e+00,-0.000000000000000000e+00,-0.000000000000000000e+00,-0.000000000000000000e+00,0.000000000000000000e+00,0.000000000000000000e+00,0.000000000000000000e+00,3.502359635855676334e-01,1.900023936535159275e-01
0.000000000000000000e+00,0.000000000000000000e+00,0.000000000000000000e+00,-0.000000000000000000e+00,0.000000000000000000e+00,-1.755722601627881241e-01,-0.000000000000000000e+00,0.000000000000000000e+00,8.929789413627237105e-02,1.381956131626041473e-01,0.000000000000000000e+00,0.000000000000000000e+00,-0.000000000000000000e+00,-0.000000000000000000e+00,0.000000000000000000e+00,2.737747760634501870e-01,0.000000000000000000e+00,-7.242179490791560426e-01,2.114663711456461925e+00,0.000000000000000000e+00,0.000000000000000000e+00,0.000000000000000000e+00,0.000000000000000000e+00,0.000000000000000000e+00,-0.000000000000000000e+00,0.000000000000000000e+00,-0.000000000000000000e+00,-0.000000000000000000e+00,-0.000000000000000000e+00,1.936788519241179618e-01,-1.316213491325195772e-01,-0.000000000000000000e+00,-6.371263105467529775e-02,-0.000000000000000000e+00,0.000000000000000000e+00,0.000000000000000000e+00,-0.000000000000000000e+00,0.000000000000000000e+00,4.371621758214072062e-01
-1.606994749825551572e-01,-9.321399630755541899e-02,-3.415768655538437559e-01,0.000000000000000000e+00,-0.000000000000000000e+00,-0.000000000000000000e+00,-0.000000000000000000e+00,0.000000000000000000e+00,-6.950271282958954411e-02,-1.352226220208541385e-01,-0.000000000000000000e+00,-2.453564429025922311e-01,-0.000000000000000000e+00,-0.000000000000000000e+00,-3.135011363105955073e-01,-0.000000000000000000e+00,-0.000000000000000000e+00,0.000000000000000000e+00,0.000000000000000000e+00,2.351032592893850026e+00,-0.000000000000000000e+00,-5.201225096393650160e-01,-2.056726407055333716e-01,-0.000000000000000000e+00,-0.000000000000000000e+00,-0.000000000000000000e+00,-0.000000000000000000e+00,-1.400198416128951295e-01,-0.000000000000000000e+00,-7.802371029240662281e-02,-0.000000000000000000e+00,-0.000000000000000000e+00,-0.000000000000000000e+00,-0.000000000000000000e+00,-0.000000000000000000e+00,-6.699989808952734605e-03,-0.000000000000000000e+00,-3.639630367479306655e-02,-4.378914719568861164e-02
-0.000000000000000000e+00,-0.000000000000000000e+00,-3.404992889436054826e-01,0.000000000000000000e+00,-1.810164406428566575e-01,-0.000000000000000000e+00,-0.000000000000000000e+00,3.484920487285273483e-01,-0.000000000000000000e+00,-0.000000000000000000e+00,-0.000000000000000000e+00,-0.000000000000000000e+00,-0.000000000000000000e+00,-0.000000000000000000e+00,-0.000000000000000000e+00,-0.000000000000000000e+00,-9.122032711690765405e-02,0.000000000000000000e+00,0.000000000000000000e+00,-0.000000000000000000e+00,1.807651122967927293e+00,-1.797301807870579915e-02,-1.763043709681840210e-01,-0.000000000000000000e+00,-0.000000000000000000e+00,-1.435371902474531225e-01,-0.000000000000000000e+00,-0.000000000000000000e+00,-5.130378807214501513e-02,-1.843811668585030109e-02,-0.000000000000000000e+00,-0.000000000000000000e+00,-2.510171334257224607e-01,0.000000000000000000e+00,-0.000000000000000000e+00,-0.000000000000000000e+00,-0.000000000000000000e+00,-0.000000000000000000e+00,-0.000000000000000000e+00
-0.000000000000000000e+00,-1.993628379223173763e-01,-2.178088851400601378e-01,0.000000000000000000e+00,-0.000000000000000000e+00,-0.000000000000000000e+00,-0.000000000000000000e+00,0.000000000000000000e+00,-6.373948545105104224e-03,-0.000000000000000000e+00,-0.000000000000000000e+00,-5.672510272637099060e-02,-4.287536271680652544e-01,-4.966038254457159212e-02,-1.541183028782725506e-01,-0.000000000000000000e+00,-0.000000000000000000e+00,0.000000000000000000e+00,0.000000000000000000e+00,-5.201225096393650160e-01,-1.797301807870579915e-02,1.978238359269657520e+00,-5.960011909941580199e-02,-0.000000000000000000e+00,-0.000000000000000000e+00,-0.000000000000000000e+00,-0.000000000000000000e+00,-2.076178607638666171e-02,-0.000000000000000000e+00,-0.000000000000000000e+00,-0.000000000000000000e+00,-0.000000000000000000e+00,-0.000000000000000000e+00,0.000000000000000000e+00,-0.000000000000000000e+00,-1.712505211496855584e-01,-0.000000000000000000e+00,-0.000000000000000000e+00,-2.665482384757307879e-03
-0.000000000000000000e+00,-1.012986464326761787e-01,-2.718745850220489757e-01,0.000000000000000000e+00,-0.000000000000000000e+00,-0.000000000000000000e+00,-0.000000000000000000e+00,0.000000000000000000e+00,-0.000000000000000000e+00,-4.647093423313383188e-03,-0.000000000000000000e+00,-0.000000000000000000e+00,-1.046686476986025821e-02,-1.119940304246560270e-01,-5.118275917028159566e-02,-0.000000000000000000e+00,-3.847288067486545060e-01,0.000000000000000000e+00,0.000000000000000000e+00,-2.056726407055333716e-01,-1.763043709681840210e-01,-5.960011909941580199e-02,2.248873776959546156e+00,-9.786647080619306771e-02,-2.222680444658099164e-01,-2.167697736275448483e-01,-5.917208138430630343e-02,-1.142037702137275457e-01,-8.828160119457781341e-02,-0.000000000000000000e+00,-0.000000000000000000e+00,-0.000000000000000000e+00,-0.000000000000000000e+00,0.000000000000000000e+00,-1.739349783373887182e-01,-0.000000000000000000e+00,-3.444745660810699661e-02,-0.000000000000000000e+00,-0.000000000000000000e+00
-1.562500821163704257e-01,-1.310712343342375075e-01,-0.000000000000000000e+00,0.000000000000000000e+00,-0.000000000000000000e+00,0.000000000000000000e+00,-0.000000000000000000e+00,0.000000000000000000e+00,-0.000000000000000000e+00,-0.000000000000000000e+00,-8.799294155374917659e-02,-4.525177176088244352e-02,-0.000000000000000000e+00,-0.000000000000000000e+00,-1.098885209306700306e-01,-0.000000000000000000e+00,-1.556930784762149411e-01,0.000000000000000000e+00,0.000000000000000000e+00,-0.000000000000000000e+00,-0.000000000000000000e+00,-0.000000000000000000e+00,-9.786647080619306771e-02,1.601024901648386844e+00,-0.000000000000000000e+00,-4.299634814261921179e-02,-0.000000000000000000e+00,-0.000000000000000000e+00,-6.132969350695639116e-02,-0.000000000000000000e+00,-0.000000000000000000e+00,-0.000000000000000000e+00,0.000000000000000000e+00,0.000000000000000000e+00,-2.063878404221564933e-01,-0.000000000000000000e+00,-9.296355388055482782e-02,-1.446086509220085858e-01,-0.000000000000000000e+00
-0.000000000000000000e+00,-0.000000000000000000e+00,-1.516462443702656093e-01,-0.000000000000000000e+00,-0.000000000000000000e+00,-0.000000000000000000e+00,-0.000000000000000000e+00,1.327995009272672500e-01,-0.000000000000000000e+00,-0.000000000000000000e+00,-0.000000000000000000e+00,-0.000000000000000000e+00,-0.000000000000000000e+00,-0.000000000000000000e+00,-0.000000000000000000e+00,-0.000000000000000000e+00,-0.000000000000000000e+00,-0.000000000000000000e+00,-0.000000000000000000e+00,-0.000000000000000000e+00,-0.000000000000000000e+00,-0.000000000000000000e+00,-2.222680444658099164e-01,-0.000000000000000000e+00,1.555136933672434552e+00,-9.340068201237568257e-02,-2.568948695010985772e-01,-0.000000000000000000e+00,-3.555688087831133659e-01,-0.000000000000000000e+00,-0.000000000000000000e+00,-0.000000000000000000e+00,-0.000000000000000000e+00,-0.000000000000000000e+00,-0.000000000000000000e+00,-0.000000000000000000e+00,-0.000000000000000000e+00,-0.000000000000000000e+00,-0.000000000000000000e+00
-2.610932562958787617e-01,-0.000000000000000000e+00,-1.751079255570863469e-01,0.000000000000000000e+00,-1.035190442108078063e-01,-0.000000000000000000e+00,-0.000000000000000000e+00,6.732973173213757656e-02,-0.000000000000000000e+00,-9.030647920049662478e-03,-0.000000000000000000e+00,-0.000000000000000000e+00,-0.000000000000000000e+00,-0.000000000000000000e+00,-0.000000000000000000e+00,-0.000000000000000000e+00,-3.670262450723305592e-01,0.000000000000000000e+00,0.000000000000000000e+00,-0.000000000000000000e+00,-1.435371902474531225e-01,-0.000000000000000000e+00,-2.167697736275448483e-01,-4.299634814261921179e-02,-9.340068201237568257e-02,2.185830799947199310e+00,-1.941643839025663509e-01,-1.771122794323694571e-01,-1.066951059697764798e-01,-5.128378791779807100e-02,-0.000000000000000000e+00,-0.000000000000000000e+00,-0.000000000000000000e+00,-0.000000000000000000e+00,-0.000000000000000000e+00,-2.052240676937409358e-01,-7.908098654886652756e-02,-0.000000000000000000e+00,-0.000000000000000000e+00
-0.000000000000000000e+00,-0.000000000000000000e+00,-1.032074933799902727e-01,-0.000000000000000000e+00,-0.000000000000000000e+00,-0.000000000000000000e+00,-2.636465930022023896e-01,1.990336444913600178e-01,-0.000000000000000000e+00,-0.000000000000000000e+00,-0.000000000000000000e+00,-0.000000000000000000e+00,-7.143359438677321198e-03,-1.304852264722331234e-01,-0.000000000000000000e+00,0.000000000000000000e+00,-0.000000000000000000e+00,-0.000000000000000000e+00,-0.000000000000000000e+00,-0.000000000000000000e+00,-0.000000000000000000e+00,-0.000000000000000000e+00,-5.917208138430630343e-02,-0.000000000000000000e+00,-2.568948695010985772e-01,-1.941643839025663509e-01,2.193112479397974823e+00,-1.617825338567763227e-02,-1.236450724895956227e-01,-0.000000000000000000e+00,-6.261337067401921974e-01,-3.337325714221391348e-01,-0.000000000000000000e+00,-0.000000000000000000e+00,-1.559166462527415524e-02,-0.000000000000000000e+00,-0.000000000000000000e+00,-0.000000000000000000e+00,-0.000000000000000000e+00
-0.000000000000000000e+00,-0.000000000000000000e+00,-3.451148926674893480e-02,0.000000000000000000e+00,-0.000000000000000000e+00,-0.000000000000000000e+00,-1.057873718200424140e-01,0.000000000000000000e+00,-0.000000000000000000e+00,-0.000000000000000000e+00,-0.000000000000000000e+00,-0.000000000000000000e+00,-0.000000000000000000e+00,-4.130376309977548122e-01,-0.000000000000000000e+00,-0.000000000000000000e+00,-1.204759484046187892e-02,0.000000000000000000e+00,-0.000000000000000000e+00,-1.400198416128951295e-01,-0.000000000000000000e+00,-2.076178607638666171e-02,-1.142037702137275457e-01,-0.000000000000000000e+00,-0.000000000000000000e+00,-1.771122794323694571e-01,-1.617825338567763227e-02,1.803284293346856915e+00,-0.000000000000000000e+00,-0.000000000000000000e+00,-1.479237081710303714e-01,-0.000000000000000000e+00,-0.000000000000000000e+00,-0.000000000000000000e+00,-2.384700756029276281e-01,-6.925307116404774699e-02,-1.754290555380728645e-01,-0.000000000000000000e+00,-0.000000000000000000e+00
-0.000000000000000000e+00,-0.000000000000000000e+00,-9.036418077121336715e-04,0.000000000000000000e+00,-0.000000000000000000e+00,-1.030687210554802058e-01,-0.000000000000000000e+00,7.061211192211007404e-02,0.000000000000000000e+00,-0.000000000000000000e+00,-0.000000000000000000e+00,-0.000000000000000000e+00,-0.000000000000000000e+00,-0.000000000000000000e+00,-0.000000000000000000e+00,-0.000000000000000000e+00,-0.000000000000000000e+00,-0.000000000000000000e+00,-0.000000000000000000e+00,-0.000000000000000000e+00,-5.130378807214501513e-02,-0.000000000000000000e+00,-8.828160119457781341e-02,-6.132969350695639116e-02,-3.555688087831133659e-01,-1.066951059697764798e-01,-1.236450724895956227e-01,-0.000000000000000000e+00,1.751507875045651863e+00,-0.000000000000000000e+00,-0.000000000000000000e+00,-3.991538459399147643e-01,-4.034765393897173091e-02,0.000000000000000000e+00,-0.000000000000000000e+00,-1.861776363382801058e-01,-7.261064955668924958e-02,-0.000000000000000000e+00,0.000000000000000000e+00
-2.878352163225139093e-01,-0.000000000000000000e+00,-0.000000000000000000e+00,3.695689173526293253e-02,-4.073599533048928301e-01,0.000000000000000000e+00,0.000000000000000000e+00,0.000000000000000000e+00,-3.502165510345698340e-01,-2.103260974072195810e-01,-1.240319180222961976e-01,-0.000000000000000000e+00,-0.000000000000000000e+00,-0.000000000000000000e+00,-0.000000000000000000e+00,-3.437654483439548936e-01,-1.530240524785984602e-01,1.550799944882519654e-01,1.936788519241179618e-01,-7.802371029240662281e-02,-1.843811668585030109e-02,-0.000000000000000000e+00,-0.000000000000000000e+00,-0.000000000000000000e+00,-0.000000000000000000e+00,-5.128378791779807100e-02,-0.000000000000000000e+00,-0.000000000000000000e+00,-0.000000000000000000e+00,2.359973032466346599e+00,0.000000000000000000e+00,-0.000000000000000000e+00,-0.000000000000000000e+00,0.000000000000000000e+00,-0.000000000000000000e+00,-0.000000000000000000e+00,-0.000000000000000000e+00,-0.000000000000000000e+00,-2.347497888049424053e-02
-0.000000000000000000e+00,-0.000000000000000000e+00,-0.000000000000000000e+00,-0.000000000000000000e+00,0.000000000000000000e+00,-3.866856343627534526e-02,-2.138553513152518792e-01,3.358272307722663663e-02,0.000000000000000000e+00,0.000000000000000000e+00,-0.000000000000000000e+00,-0.000000000000000000e+00,-0.000000000000000000e+00,-1.136937484072804289e-01,-0.000000000000000000e+00,0.000000000000000000e+00,-0.000000000000000000e+00,-0.000000000000000000e+00,-1.316213491325195772e-01,-0.000000000000000000e+00,-0.000000000000000000e+00,-0.000000000000000000e+00,-0.000000000000000000e+00,-0.000000000000000000e+00,-0.000000000000000000e+00,-0.000000000000000000e+00,-6.261337067401921974e-01,-1.479237081710303714e-01,-0.000000000000000000e+00,0.000000000000000000e+00,1.685913576175744222e+00,-2.254200191363707473e-01,-5.337989915565830717e-02,-0.000000000000000000e+00,-0.000000000000000000e+00,-0.000000000000000000e+00,-0.000000000000000000e+00,-0.000000000000000000e+00,0.000000000000000000e+00
-0.000000000000000000e+00,-0.000000000000000000e+00,-0.000000000000000000e+00,0.000000000000000000e+00,-0.000000000000000000e+00,-2.065962743326907602e-01,-0.000000000000000000e+00,0.000000000000000000e+00,-0.000000000000000000e+00,-0.000000000000000000e+00,-5.092481713722535330e-02,-0.000000000000000000e+00,-0.000000000000000000e+00,-1.031981481423810132e-01,-0.000000000000000000e+00,0.000000000000000000e+00,-0.000000000000000000e+00,-0.000000000000000000e+00,-0.000000000000000000e+00,-0.000000000000000000e+00,-0.000000000000000000e+00,-0.000000000000000000e+00,-0.000000000000000000e+00,-0.000000000000000000e+00,-0.000000000000000000e+00,-0.000000000000000000e+00,-3.337325714221391348e-01,-0.000000000000000000e+00,-3.991538459399147643e-01,-0.000000000000000000e+00,-2.254200191363707473e-01,1.964674215092600651e+00,-0.000000000000000000e+00,-0.000000000000000000e+00,-1.429833912283317576e-01,-1.243353549858597085e-01,-3.967581388014782551e-01,-0.000000000000000000e+00,0.000000000000000000e+00
0.000000000000000000e+00,-0.000000000000000000e+00,-2.958996667244925133e-02,0.000000000000000000e+00,-0.000000000000000000e+00,-2.129587440631272588e-01,-0.000000000000000000e+00,3.361253577824888095e-01,-0.000000000000000000e+00,0.000000000000000000e+00,-0.000000000000000000e+00,0.000000000000000000e+00,-0.000000000000000000e+00,-3.970382989646094041e-01,0.000000000000000000e+00,0.000000000000000000e+00,-0.000000000000000000e+00,-0.000000000000000000e+00,-6.371263105467529775e-02,-0.000000000000000000e+00,-2.510171334257224607e-01,-0.000000000000000000e+00,-0.000000000000000000e+00,0.000000000000000000e+00,-0.000000000000000000e+00,-0.000000000000000000e+00,-0.000000000000000000e+00,-0.000000000000000000e+00,-4.034765393897173091e-02,-0.000000000000000000e+00,-5.337989915565830717e-02,-0.000000000000000000e+00,1.590155577265821352e+00,-0.000000000000000000e+00,-0.000000000000000000e+00,-4.131402234826258429e-02,-0.000000000000000000e+00,0.000000000000000000e+00,0.000000000000000000e+00
0.000000000000000000e+00,-0.000000000000000000e+00,-0.000000000000000000e+00,0.000000000000000000e+00,0.000000000000000000e+00,-0.000000000000000000e+00,-0.000000000000000000e+00,0.000000000000000000e+00,-0.000000000000000000e+00,0.000000000000000000e+00,0.000000000000000000e+00,0.000000000000000000e+00,0.000000000000000000e+00,-0.000000000000000000e+00,0.000000000000000000e+00,0.000000000000000000e+00,0.000000000000000000e+00,-0.000000000000000000e+00,-0.000000000000000000e+00,-0.000000000000000000e+00,0.000000000000000000e+00,0.000000000000000000e+00,0.000000000000000000e+00,0.000000000000000000e+00,-0.000000000000000000e+00,-0.000000000000000000e+00,-0.000000000000000000e+00,-0.000000000000000000e+00,0.000000000000000000e+00,0.000000000000000000e+00,-0.000000000000000000e+00,-0.000000000000000000e+00,-0.000000000000000000e+00,1.000000000000000000e+00,-0.000000000000000000e+00,-0.000000000000000000e+00,-0.000000000000000000e+00,0.000000000000000000e+00,0.000000000000000000e+00
-6.657106810591779944e-02,-7.261339670484910636e-02,-0.000000000000000000e+00,0.000000000000000000e+00,-0.000000000000000000e+00,-0.000000000000000000e+00,-8.748080713766882843e-02,0.000000000000000000e+00,-0.000000000000000000e+00,-0.000000000000000000e+00,-3.925847802906233530e-02,-3.757805780996805595e-02,-0.000000000000000000e+00,-1.215518142820798952e-01,-7.662224641087467258e-02,-0.000000000000000000e+00,-1.633881346008615176e-01,0.000000000000000000e+00,0.000000000000000000e+00,-0.000000000000000000e+00,-0.000000000000000000e+00,-0.000000000000000000e+00,-1.739349783373887182e-01,-2.063878404221564933e-01,-0.000000000000000000e+00,-0.000000000000000000e+00,-1.559166462527415524e-02,-2.384700756029276281e-01,-0.000000000000000000e+00,-0.000000000000000000e+00,-0.000000000000000000e+00,-1.429833912283317576e-01,-0.000000000000000000e+00,-0.000000000000000000e+00,1.929614392088614849e+00,-0.000000000000000000e+00,-4.347981200222885145e-01,-0.000000000000000000e+00,-0.000000000000000000e+00
-1.178437331739589505e-01,-0.000000000000000000e+00,-6.562893585182386080e-02,8.261646643737236353e-03,-0.000000000000000000e+00,-9.057737972506442470e-02,-0.000000000000000000e+00,0.000000000000000000e+00,-0.000000000000000000e+00,-0.000000000000000000e+00,-0.000000000000000000e+00,-0.000000000000000000e+00,-0.000000000000000000e+00,-2.550952250564314516e-01,-0.000000000000000000e+00,-0.000000000000000000e+00,-0.000000000000000000e+00,0.000000000000000000e+00,0.000000000000000000e+00,-6.699989808952734605e-03,-0.000000000000000000e+00,-1.712505211496855584e-01,-0.000000000000000000e+00,-0.000000000000000000e+00,-0.000000000000000000e+00,-2.052240676937409358e-01,-0.000000000000000000e+00,-6.925307116404774699e-02,-1.861776363382801058e-01,-0.000000000000000000e+00,-0.000000000000000000e+00,-1.243353549858597085e-01,-4.131402234826258429e-02,-0.000000000000000000e+00,-0.000000000000000000e+00,1.814090146753220001e+00,-3.864157219743427074e-01,-0.000000000000000000e+00,-0.000000000000000000e+00
-0.000000000000000000e+00,-2.221247685814388140e-01,-0.000000000000000000e+00,0.000000000000000000e+00,-0.000000000000000000e+00,-0.000000000000000000e+00,-0.000000000000000000e+00,0.000000000000000000e+00,-0.000000000000000000e+00,-0.000000000000000000e+00,-2.069314799301987806e-01,-0.000000000000000000e+00,-0.000000000000000000e+00,-1.179824554030361600e-01,-0.000000000000000000e+00,-0.000000000000000000e+00,-5.483660570378497481e-03,0.000000000000000000e+00,-0.000000000000000000e+00,-0.000000000000000000e+00,-0.000000000000000000e+00,-0.000000000000000000e+00,-3.444745660810699661e-02,-9.296355388055482782e-02,-0.000000000000000000e+00,-7.908098654886652756e-02,-0.000000000000000000e+00,-1.754290555380728645e-01,-7.261064955668924958e-02,-0.000000000000000000e+00,-0.000000000000000000e+00,-3.967581388014782551e-01,-0.000000000000000000e+00,-0.000000000000000000e+00,-4.347981200222885145e-01,-3.864157219743427074e-01,2.167049952319085371e+00,-0.000000000000000000e+00,-0.000000000000000000e+00
-2.005604732822148795e-01,-1.890715334837860251e-01,-0.000000000000000000e+00,-0.000000000000000000e+00,-0.000000000000000000e+00,0.000000000000000000e+00,-0.000000000000000000e+00,0.000000000000000000e+00,-2.260377446242814448e-01,-1.015955443992896112e-01,-6.570264198220349128e-02,-4.808871021627683096e-01,-0.000000000000000000e+00,-0.000000000000000000e+00,-3.744952740891707710e-01,-1.595433580423114006e-01,-0.000000000000000000e+00,3.502359635855676334e-01,0.000000000000000000e+00,-3.639630367479306655e-02,-0.000000000000000000e+00,-0.000000000000000000e+00,-0.000000000000000000e+00,-1.446086509220085858e-01,-0.000000000000000000e+00,-0.000000000000000000e+00,-0.000000000000000000e+00,-0.000000000000000000e+00,-0.000000000000000000e+00,-0.000000000000000000e+00,-0.000000000000000000e+00,-0.000000000000000000e+00,0.000000000000000000e+00,0.000000000000000000e+00,-0.000000000000000000e+00,-0.000000000000000000e+00,-0.000000000000000000e+00,2.608797398480025898e+00,-3.284298407721826796e-01
-1.608135330913928185e-01,-3.012802091831228157e-01,-0.000000000000000000e+00,0.000000000000000000e+00,-0.000000000000000000e+00,0.000000000000000000e+00,-0.000000000000000000e+00,0.000000000000000000e+00,-3.732524303521879139e-01,-2.983105893830774180e-01,-0.000000000000000000e+00,-3.473601103899044418e-01,-0.000000000000000000e+00,-0.000000000000000000e+00,-1.676927585973676804e-01,-1.203836436796359849e-01,-0.000000000000000000e+00,1.900023936535159275e-01,4.371621758214072062e-01,-4.378914719568861164e-02,-0.000000000000000000e+00,-2.665482384757307879e-03,-0.000000000000000000e+00,-0.000000000000000000e+00,-0.000000000000000000e+00,-0.000000000000000000e+00,-0.000000000000000000e+00,-0.000000000000000000e+00,0.000000000000000000e+00,-2.347497888049424053e-02,0.000000000000000000e+00,0.000000000000000000e+00,0.000000000000000000e+00,0.000000000000000000e+00,-0.000000000000000000e+00,-0.000000000000000000e+00,-0.000000000000000000e+00,-3.284298407721826796e-01,2.707855086308443404e+00
