1.936089283482048229e+00,-2.140935852932104588e-01,-1.605172912967041676e-01,-0.000000000000000000e+00,-2.460597358918428790e-01,0.000000000000000000e+00,0.000000000000000000e+00,0.000000000000000000e+00,-4.990021049200481446e-05,-0.000000000000000000e+00,0.000000000000000000e+00,-0.000000000000000000e+00,0.000000000000000000e+00,-0.000000000000000000e+00,-0.000000000000000000e+00,-1.688992976373886457e-01,0.000000000000000000e+00,-8.672400116398057413e-02,-0.000000000000000000e+00,-0.000000000000000000e+00,-0.000000000000000000e+00,-0.000000000000000000e+00,0.000000000000000000e+00,0.000000000000000000e+00,0.000000000000000000e+00,-1.973596080699798749e-01,-0.000000000000000000e+00,-0.000000000000000000e+00,-0.000000000000000000e+00,-1.263533498855557435e-01,-0.000000000000000000e+00,-0.000000000000000000e+00,-0.000000000000000000e+00,-0.000000000000000000e+00,-0.000000000000000000e+00,-3.265659504848999473e-01,-0.000000000000000000e+00,-4.846139387782176233e-01,-1.613801469923861753e-02
-2.140935852932104588e-01,1.797716076062238821e+00,-0.000000000000000000e+00,-0.000000000000000000e+00,-0.000000000000000000e+00,-0.000000000000000000e+00,0.000000000000000000e+00,0.000000000000000000e+00,-1.008397910918286677e-01,-8.020314819372051721e-03,-0.000000000000000000e+00,-0.000000000000000000e+00,0.000000000000000000e+00,-0.000000000000000000e+00,0.000000000000000000e+00,-0.000000000000000000e+00,-0.000000000000000000e+00,-0.000000000000000000e+00,-0.000000000000000000e+00,0.000000000000000000e+00,0.000000000000000000e+00,-9.845568871910917452e-03,-0.000000000000000000e+00,0.000000000000000000e+00,-0.000000000000000000e+00,-0.000000000000000000e+00,-0.000000000000000000e+00,0.000000000000000000e+00,-0.000000000000000000e+00,-0.000000000000000000e+00,-0.000000000000000000e+00,-2.849671303375253539e-01,-0.000000000000000000e+00,-3.384477112314485808e-02,-8.580095846636984214e-02,-1.981502487409794455e-01,-0.000000000000000000e+00,-0.000000000000000000e+00,-7.443754662501746999e-01
-1.605172912967041676e-01,-0.000000000000000000e+00,2.149195522865788632e+00,-0.000000000000000000e+00,-1.290114480753737636e-01,0.000000000000000000e+00,0.000000000000000000e+00,1.179635636221201489e+00,-0.000000000000000000e+00,-0.000000000000000000e+00,0.000000000000000000e+00,-0.000000000000000000e+00,0.000000000000000000e+00,-0.000000000000000000e+00,-0.000000000000000000e+00,-0.000000000000000000e+00,0.000000000000000000e+00,-1.284477028275464103e-02,-5.185257465651059439e-02,-1.036154887863784679e-01,-9.858849212166509446e-02,-2.730306115808469603e-01,0.000000000000000000e+00,-0.000000000000000000e+00,0.000000000000000000e+00,-6.808483133426495269e-04,-0.000000000000000000e+00,-0.000000000000000000e+00,-0.000000000000000000e+00,-0.000000000000000000e+00,0.000000000000000000e+00,-0.000000000000000000e+00,-2.245149784157411676e-01,-9.017811050799806605e-02,-0.000000000000000000e+00,-5.231254829315299879e-04,-0.000000000000000000e+00,-0.000000000000000000e+00,-3.454809566337862115e-03
-0.000000000000000000e+00,-0.000000000000000000e+00,-0.000000000000000000e+00,1.772509660095105577e+00,-0.000000000000000000e+00,0.000000000000000000e+00,-0.000000000000000000e+00,0.000000000000000000e+00,-7.301185356273343086e-02,-1.593688625266289904e-01,9.303374186999081863e-02,-1.031935969632331307e-01,0.000000000000000000e+00,-0.000000000000000000e+00,-0.000000000000000000e+00,-2.071569836598413372e-01,1.324756467262677428e-01,-4.049101217823465326e-01,-2.004069988668055191e-01,-0.000000000000000000e+00,0.000000000000000000e+00,-0.000000000000000000e+00,0.000000000000000000e+00,0.000000000000000000e+00,5.342168240585485478e-02,0.000000000000000000e+00,-0.000000000000000000e+00,0.000000000000000000e+00,0.000000000000000000e+00,-1.057666894508498268e-01,-0.000000000000000000e+00,0.000000000000000000e+00,0.000000000000000000e+00,-0.000000000000000000e+00,-0.000000000000000000e+00,-0.000000000000000000e+00,0.000000000000000000e+00,-0.000000000000000000e+00,-0.000000000000000000e+00
-2.460597358918428790e-01,-0.000000000000000000e+00,-1.290114480753737636e-01,-0.000000000000000000e+00,1.951569248248339106e+00,0.000000000000000000e+00,-0.000000000000000000e+00,1.406270274242209239e-01,-0.000000000000000000e+00,-6.225284347153967057e-02,0.000000000000000000e+00,-0.000000000000000000e+00,-0.000000000000000000e+00,-2.234207790654498538e-01,0.000000000000000000e+00,-1.709862735686479840e-01,0.000000000000000000e+00,-1.176013160880707981e-01,-0.000000000000000000e+00,-0.000000000000000000e+00,0.000000000000000000e+00,-0.000000000000000000e+00,0.000000000000000000e+00,0.000000000000000000e+00,-0.000000000000000000e+00,-1.213701152951007951e-03,-0.000000000000000000e+00,-0.000000000000000000e+00,-0.000000000000000000e+00,-4.269274598083897670e-02,-2.853519242037652059e-01,-0.000000000000000000e+00,-1.336634057876531501e-01,-0.000000000000000000e+00,-0.000000000000000000e+00,-5.078544850048194448e-01,-0.000000000000000000e+00,-7.460589001625288208e-02,-1.316333450450154173e-02
0.000000000000000000e+00,-0.000000000000000000e+00,0.000000000000000000e+00,0.000000000000000000e+00,0.000000000000000000e+00,1.994526011559003997e+00,0.000000000000000000e+00,-0.000000000000000000e+00,0.000000000000000000e+00,0.000000000000000000e+00,-5.250086538789090485e-01,0.000000000000000000e+00,-0.000000000000000000e+00,-0.000000000000000000e+00,3.375596778296127143e-01,0.000000000000000000e+00,-2.186128026672074509e-01,1.054405669017101921e-01,2.824887362265922630e-01,0.000000000000000000e+00,-0.000000000000000000e+00,-0.000000000000000000e+00,-2.457598952361746691e-01,-0.000000000000000000e+00,-0.000000000000000000e+00,-0.000000000000000000e+00,-0.000000000000000000e+00,0.000000000000000000e+00,-2.227888603621846486e-01,0.000000000000000000e+00,-0.000000000000000000e+00,-0.000000000000000000e+00,-0.000000000000000000e+00,0.000000000000000000e+00,0.000000000000000000e+00,-0.000000000000000000e+00,-1.051366275090173663e-02,0.000000000000000000e+00,0.000000000000000000e+00
0.000000000000000000e+00,0.000000000000000000e+00,0.000000000000000000e+00,-0.000000000000000000e+00,-0.000000000000000000e+00,0.000000000000000000e+00,1.369253726546010519e+00,0.000000000000000000e+00,0.000000000000000000e+00,-0.000000000000000000e+00,0.000000000000000000e+00,-0.000000000000000000e+00,-4.457864104817222950e-01,0.000000000000000000e+00,0.000000000000000000e+00,-0.000000000000000000e+00,2.213433903228652078e-01,0.000000000000000000e+00,-0.000000000000000000e+00,0.000000000000000000e+00,8.024290898125792382e-02,-0.000000000000000000e+00,0.000000000000000000e+00,-0.000000000000000000e+00,0.000000000000000000e+00,1.869799440620693587e-01,-1.858317175869827753e-01,1.626152831194895704e-02,0.000000000000000000e+00,-0.000000000000000000e+00,-0.000000000000000000e+00,-0.000000000000000000e+00,0.000000000000000000e+00,1.179589312369500320e-01,-0.000000000000000000e+00,0.000000000000000000e+00,-0.000000000000000000e+00,0.000000000000000000e+00,0.000000000000000000e+00
0.000000000000000000e+00,0.000000000000000000e+00,1.179635636221201489e+00,0.000000000000000000e+00,1.406270274242209239e-01,-0.000000000000000000e+00,0.000000000000000000e+00,2.021962740860302699e+00,0.000000000000000000e+00,0.000000000000000000e+00,-0.000000000000000000e+00,0.000000000000000000e+00,0.000000000000000000e+00,0.000000000000000000e+00,0.000000000000000000e+00,0.000000000000000000e+00,-0.000000000000000000e+00,0.000000000000000000e+00,0.000000000000000000e+00,0.000000000000000000e+00,1.226409497664494586e-01,2.853676224229369424e-04,-0.000000000000000000e+00,0.000000000000000000e+00,0.000000000000000000e+00,5.466747472616802564e-03,0.000000000000000000e+00,0.000000000000000000e+00,0.000000000000000000e+00,0.000000000000000000e+00,-0.000000000000000000e+00,0.000000000000000000e+00,2.915539306638805783e-01,0.000000000000000000e+00,0.000000000000000000e+00,2.310045718977097803e-02,0.000000000000000000e+00,0.000000000000000000e+00,0.000000000000000000e+00
-4.990021049200481446e-05,-1.008397910918286677e-01,-0.000000000000000000e+00,-7.301185356273343086e-02,-0.000000000000000000e+00,0.000000000000000000e+00,0.000000000000000000e+00,0.000000000000000000e+00,2.571425909565481671e+00,-0.000000000000000000e+00,0.000000000000000000e+00,-2.674143325474570010e-01,0.000000000000000000e+00,-0.000000000000000000e+00,-0.000000000000000000e+00,-6.456750017091683613e-02,0.000000000000000000e+00,-2.640301926278015299e-01,-0.000000000000000000e+00,-0.000000000000000000e+00,0.000000000000000000e+00,-0.000000000000000000e+00,0.000000000000000000e+00,5.008592029725929262e-02,0.000000000000000000e+00,-0.000000000000000000e+00,0.000000000000000000e+00,0.000000000000000000e+00,0.000000000000000000e+00,-3.651119587031026459e-01,-0.000000000000000000e+00,-0.000000000000000000e+00,0.000000000000000000e+00,-6.603349672328544528e-01,-0.000000000000000000e+00,-0.000000000000000000e+00,0.000000000000000000e+00,-4.688915822741129280e-01,-3.383442584817734078e-01
-0.000000000000000000e+00,-8.020314819372051721e-03,-0.000000000000000000e+00,-1.593688625266289904e-01,-6.225284347153967057e-02,0.000000000000000000e+00,-0.000000000000000000e+00,0.000000000000000000e+00,-0.000000000000000000e+00,2.438299198082810371e+00,0.000000000000000000e+00,-6.551588927844683719e-01,-0.000000000000000000e+00,-0.000000000000000000e+00,-0.000000000000000000e+00,-3.664418639278518297e-01,1.333788654566435417e-01,-0.000000000000000000e+00,-3.582594750908545955e-01,0.000000000000000000e+00,1.399991922082953755e-01,-0.000000000000000000e+00,0.000000000000000000e+00,0.000000000000000000e+00,0.000000000000000000e+00,0.000000000000000000e+00,-5.325558703028915319e-02,0.000000000000000000e+00,0.000000000000000000e+00,-2.861146690555045335e-01,-0.000000000000000000e+00,-0.000000000000000000e+00,0.000000000000000000e+00,-0.000000000000000000e+00,-3.070886008404131728e-01,-1.987593811967541813e-02,-0.000000000000000000e+00,-6.345123258611547190e-02,-1.404331867227718023e-01
0.000000000000000000e+00,-0.000000000000000000e+00,0.000000000000000000e+00,9.303374186999081863e-02,0.000000000000000000e+00,-5.250086538789090485e-01,0.000000000000000000e+00,-0.000000000000000000e+00,0.000000000000000000e+00,0.000000000000000000e+00,2.360952192299373031e+00,0.000000000000000000e+00,-1.423411696063120631e-03,-0.000000000000000000e+00,2.628255891206843775e-01,0.000000000000000000e+00,-4.480962837235475393e-01,3.015079072753144018e-01,0.000000000000000000e+00,2.610180946671991076e-01,-0.000000000000000000e+00,-0.000000000000000000e+00,-1.995388914665203739e-01,-0.000000000000000000e+00,-3.356100662622344410e-01,0.000000000000000000e+00,-0.000000000000000000e+00,0.000000000000000000e+00,-0.000000000000000000e+00,1.494303388287420986e-01,-0.000000000000000000e+00,-1.573788543500513892e-01,-0.000000000000000000e+00,0.000000000000000000e+00,0.000000000000000000e+00,-0.000000000000000000e+00,-0.000000000000000000e+00,0.000000000000000000e+00,0.000000000000000000e+00
-0.000000000000000000e+00,-0.000000000000000000e+00,-0.000000000000000000e+00,-1.031935969632331307e-01,-0.000000000000000000e+00,0.000000000000000000e+00,-0.000000000000000000e+00,0.000000000000000000e+00,-2.674143325474570010e-01,-6.551588927844683719e-01,0.000000000000000000e+00,2.198247151244110409e+00,-0.000000000000000000e+00,0.000000000000000000e+00,-0.000000000000000000e+00,-0.000000000000000000e+00,1.817361999550183016e-01,-0.000000000000000000e+00,-3.155252222073541835e-01,-0.000000000000000000e+00,0.000000000000000000e+00,-1.740798310622178879e-01,0.000000000000000000e+00,0.000000000000000000e+00,1.976255523881228354e-02,0.000000000000000000e+00,-0.000000000000000000e+00,6.676150833331432992e-03,2.601144997795217240e-01,-1.262605402651102438e-01,-0.000000000000000000e+00,-0.000000000000000000e+00,0.000000000000000000e+00,-1.335128365734315203e-01,-7.431946733460434440e-02,-0.000000000000000000e+00,0.000000000000000000e+00,-0.000000000000000000e+00,-4.777920338865403183e-02
0.000000000000000000e+00,0.000000000000000000e+00,0.000000000000000000e+00,0.000000000000000000e+00,-0.000000000000000000e+00,-0.000000000000000000e+00,-4.457864104817222950e-01,0.000000000000000000e+00,0.000000000000000000e+00,-0.000000000000000000e+00,-1.423411696063120631e-03,-0.000000000000000000e+00,1.910628418775552895e+00,-0.000000000000000000e+00,2.581787554024906894e-01,0.000000000000000000e+00,-0.000000000000000000e+00,0.000000000000000000e+00,-0.000000000000000000e+00,1.312900552866815562e-01,0.000000000000000000e+00,-1.620691950285809146e-01,-0.000000000000000000e+00,-0.000000000000000000e+00,-0.000000000000000000e+00,0.000000000000000000e+00,-5.734995311873596346e-01,1.891367410014694883e-01,0.000000000000000000e+00,0.000000000000000000e+00,-0.000000000000000000e+00,-3.189309707284059825e-01,-0.000000000000000000e+00,0.000000000000000000e+00,-0.000000000000000000e+00,-0.000000000000000000e+00,-0.000000000000000000e+00,0.000000000000000000e+00,0.000000000000000000e+00
-0.000000000000000000e+00,-0.000000000000000000e+00,-0.000000000000000000e+00,-0.000000000000000000e+00,-2.234207790654498538e-01,-0.000000000000000000e+00,0.000000000000000000e+00,0.000000000000000000e+00,-0.000000000000000000e+00,-0.000000000000000000e+00,-0.000000000000000000e+00,0.000000000000000000e+00,-0.000000000000000000e+00,1.682575532145065944e+00,0.000000000000000000e+00,-0.000000000000000000e+00,-0.000000000000000000e+00,-0.000000000000000000e+00,0.000000000000000000e+00,0.000000000000000000e+00,-0.000000000000000000e+00,-0.000000000000000000e+00,-3.539586338917262431e-02,-0.000000000000000000e+00,-5.208795141755391545e-02,-2.732182360350362063e-02,-1.697210632285686138e-01,-0.000000000000000000e+00,-1.777156796809654660e-01,-0.000000000000000000e+00,-1.528075192111019442e-01,-1.044572432502105692e-02,-3.826082414385666430e-01,0.000000000000000000e+00,-0.000000000000000000e+00,-2.422067841378897080e-01,-3.324126425215372382e-01,-0.000000000000000000e+00,-0.000000000000000000e+00
-0.000000000000000000e+00,0.000000000000000000e+00,-0.000000000000000000e+00,-0.000000000000000000e+00,0.000000000000000000e+00,3.375596778296127143e-01,0.000000000000000000e+00,0.000000000000000000e+00,-0.000000000000000000e+00,-0.000000000000000000e+00,2.628255891206843775e-01,-0.000000000000000000e+00,2.581787554024906894e-01,0.000000000000000000e+00,1.695795120360853891e+00,-0.000000000000000000e+00,0.000000000000000000e+00,-0.000000000000000000e+00,-0.000000000000000000e+00,-2.897272498424295351e-01,-0.000000000000000000e+00,-0.000000000000000000e+00,0.000000000000000000e+00,0.000000000000000000e+00,0.000000000000000000e+00,-0.000000000000000000e+00,1.763881148284341671e-01,-0.000000000000000000e+00,0.000000000000000000e+00,-0.000000000000000000e+00,8.547659793073414392e-02,0.000000000000000000e+00,0.000000000000000000e+00,-3.783555585852169112e-01,-0.000000000000000000e+00,0.000000000000000000e+00,0.000000000000000000e+00,-0.000000000000000000e+00,-0.000000000000000000e+00
-1.688992976373886457e-01,-0.000000000000000000e+00,-0.000000000000000000e+00,-2.071569836598413372e-01,-1.709862735686479840e-01,0.000000000000000000e+00,-0.000000000000000000e+00,0.000000000000000000e+00,-6.456750017091683613e-02,-3.664418639278518297e-01,0.000000000000000000e+00,-0.000000000000000000e+00,0.000000000000000000e+00,-0.000000000000000000e+00,-0.000000000000000000e+00,2.451270564649758121e+00,4.881605020780204612e-02,-2.847962155835163101e-01,-9.102940808700035746e-02,-0.000000000000000000e+00,0.000000000000000000e+00,-0.000000000000000000e+00,0.000000000000000000e+00,0.000000000000000000e+00,0.000000000000000000e+00,-0.000000000000000000e+00,-0.000000000000000000e+00,0.000000000000000000e+00,0.000000000000000000e+00,-7.087723373886392064e-01,-0.000000000000000000e+00,-0.000000000000000000e+00,-0.000000000000000000e+00,-0.000000000000000000e+00,-0.000000000000000000e+00,-0.000000000000000000e+00,-0.000000000000000000e+00,-3.374157067658148934e-01,-0.000000000000000000e+00
0.000000000000000000e+00,-0.000000000000000000e+00,0.000000000000000000e+00,1.324756467262677428e-01,0.000000000000000000e+00,-2.186128026672074509e-01,2.213433903228652078e-01,-0.000000000000000000e+00,0.000000000000000000e+00,1.333788654566435417e-01,-4.480962837235475393e-01,1.817361999550183016e-01,-0.000000000000000000e+00,-0.000000000000000000e+00,0.000000000000000000e+00,4.881605020780204612e-02,2.435978115661243226e+00,0.000000000000000000e+00,4.840061677114699812e-01,0.000000000000000000e+00,-0.000000000000000000e+00,0.000000000000000000e+00,-5.109095053634381545e-01,-0.000000000000000000e+00,-1.411987019881314476e-01,-0.000000000000000000e+00,0.000000000000000000e+00,-0.000000000000000000e+00,-2.092960237892129982e-01,3.070721638825579802e-02,-0.000000000000000000e+00,-0.000000000000000000e+00,-0.000000000000000000e+00,0.000000000000000000e+00,0.000000000000000000e+00,0.000000000000000000e+00,-0.000000000000000000e+00,0.000000000000000000e+00,0.000000000000000000e+00
-8.672400116398057413e-02,-0.000000000000000000e+00,-1.284477028275464103e-02,-4.049101217823465326e-01,-1.176013160880707981e-01,1.054405669017101921e-01,0.000000000000000000e+00,0.000000000000000000e+00,-2.640301926278015299e-01,-0.000000000000000000e+00,3.015079072753144018e-01,-0.000000000000000000e+00,0.000000000000000000e+00,-0.000000000000000000e+00,-0.000000000000000000e+00,-2.847962155835163101e-01,0.000000000000000000e+00,2.251988332611702948e+00,-1.735407479456674007e-01,-5.171802466744316457e-02,0.000000000000000000e+00,0.000000000000000000e+00,0.000000000000000000e+00,0.000000000000000000e+00,0.000000000000000000e+00,-0.000000000000000000e+00,0.000000000000000000e+00,-0.000000000000000000e+00,0.000000000000000000e+00,-3.080129637123719122e-01,-0.000000000000000000e+00,0.000000000000000000e+00,-0.000000000000000000e+00,-0.000000000000000000e+00,-0.000000000000000000e+00,-0.000000000000000000e+00,0.000000000000000000e+00,-2.346304544137164383e-01,-0.000000000000000000e+00
-0.000000000000000000e+00,-0.000000000000000000e+00,-5.185257465651059439e-02,-2.004069988668055191e-01,-0.000000000000000000e+00,2.824887362265922630e-01,-0.000000000000000000e+00,0.000000000000000000e+00,-0.000000000000000000e+00,-3.582594750908545955e-01,0.000000000000000000e+00,-3.155252222073541835e-01,-0.000000000000000000e+00,0.000000000000000000e+00,-0.000000000000000000e+00,-9.102940808700035746e-02,4.840061677114699812e-01,-1.735407479456674007e-01,2.180902471001967768e+00,-0.000000000000000000e+00,0.000000000000000000e+00,-0.000000000000000000e+00,1.424382471187865930e-03,0.000000000000000000e+00,0.000000000000000000e+00,0.000000000000000000e+00,-0.000000000000000000e+00,0.000000000000000000e+00,8.489389832257714097e-03,-7.428447683238920130e-02,-0.000000000000000000e+00,-0.000000000000000000e+00,0.000000000000000000e+00,-0.000000000000000000e+00,-1.462526836348303494e-01,-0.000000000000000000e+00,-0.000000000000000000e+00,-5.785991822318483496e-02,-0.000000000000000000e+00
-0.000000000000000000e+00,0.000000000000000000e+00,-1.036154887863784679e-01,-0.000000000000000000e+00,-0.000000000000000000e+00,0.000000000000000000e+00,0.000000000000000000e+00,0.000000000000000000e+00,-0.000000000000000000e+00,0.000000000000000000e+00,2.610180946671991076e-01,-0.000000000000000000e+00,1.312900552866815562e-01,0.000000000000000000e+00,-2.897272498424295351e-01,-0.000000000000000000e+00,0.000000000000000000e+00,-5.171802466744316457e-02,-0.000000000000000000e+00,1.564161977239454604e+00,-1.645849832737785456e-01,-0.000000000000000000e+00,0.000000000000000000e+00,-0.000000000000000000e+00,0.000000000000000000e+00,-3.204439853075512473e-03,6.038951867385672356e-02,-2.765280106917356040e-01,-0.000000000000000000e+00,-0.000000000000000000e+00,4.994203318107836090e-03,3.484782544575998897e-01,0.000000000000000000e+00,-0.000000000000000000e+00,0.000000000000000000e+00,0.000000000000000000e+00,0.000000000000000000e+00,-0.000000000000000000e+00,0.000000000000000000e+00
-0.000000000000000000e+00,0.000000000000000000e+00,-9.858849212166509446e-02,0.000000000000000000e+00,0.000000000000000000e+00,-0.000000000000000000e+00,8.024290898125792382e-02,1.226409497664494586e-01,0.000000000000000000e+00,1.399991922082953755e-01,-0.000000000000000000e+00,0.000000000000000000e+00,0.000000000000000000e+00,-0.000000000000000000e+00,-0.000000000000000000e+00,0.000000000000000000e+00,-0.000000000000000000e+00,0.000000000000000000e+00,0.000000000000000000e+00,-1.645849832737785456e-01,1.406355793555302602e+00,-0.000000000000000000e+00,-9.518261205035642714e-02,-0.000000000000000000e+00,-4.309316931176900012e-02,-2.714160071683973108e-01,0.000000000000000000e+00,-2.671365530159187651e-01,-4.829113552972024576e-02,0.000000000000000000e+00,0.000000000000000000e+00,0.000000000000000000e+00,-8.591933658664351048e-02,-0.000000000000000000e+00,0.000000000000000000e+00,0.000000000000000000e+00,-0.000000000000000000e+00,0.000000000000000000e+00,0.000000000000000000e+00
-0.000000000000000000e+00,-9.845568871910917452e-03,-2.730306115808469603e-01,-0.000000000000000000e+00,-0.000000000000000000e+00,-0.000000000000000000e+00,-0.000000000000000000e+00,2.853676224229369424e-04,-0.000000000000000000e+00,-0.000000000000000000e+00,-0.000000000000000000e+00,-1.740798310622178879e-01,-1.620691950285809146e-01,-0.000000000000000000e+00,-0.000000000000000000e+00,-0.000000000000000000e+00,0.000000000000000000e+00,0.000000000000000000e+00,-0.000000000000000000e+00,-0.000000000000000000e+00,-0.000000000000000000e+00,1.178931164776386709e+00,-0.000000000000000000e+00,-0.000000000000000000e+00,-0.000000000000000000e+00,0.000000000000000000e+00,-0.000000000000000000e+00,0.000000000000000000e+00,0.000000000000000000e+00,-0.000000000000000000e+00,0.000000000000000000e+00,-1.244909449880817615e-01,-0.000000000000000000e+00,-0.000000000000000000e+00,-3.705932283991437287e-02,-0.000000000000000000e+00,-1.374249691141060962e-03,-0.000000000000000000e+00,-0.000000000000000000e+00
0.000000000000000000e+00,-0.000000000000000000e+00,0.000000000000000000e+00,0.000000000000000000e+00,0.000000000000000000e+00,-2.457598952361746691e-01,0.000000000000000000e+00,-0.000000000000000000e+00,0.000000000000000000e+00,0.000000000000000000e+00,-1.995388914665203739e-01,0.000000000000000000e+00,-0.000000000000000000e+00,-3.539586338917262431e-02,0.000000000000000000e+00,0.000000000000000000e+00,-5.109095053634381545e-01,0.000000000000000000e+00,1.424382471187865930e-03,0.000000000000000000e+00,-9.518261205035642714e-02,-0.000000000000000000e+00,2.286937827211346530e+00,-2.296454575185356006e-01,-7.822416926128048509e-01,-0.000000000000000000e+00,-0.000000000000000000e+00,-0.000000000000000000e+00,-2.676133343037135903e-01,0.000000000000000000e+00,-0.000000000000000000e+00,-0.000000000000000000e+00,-0.000000000000000000e+00,0.000000000000000000e+00,0.000000000000000000e+00,-0.000000000000000000e+00,-0.000000000000000000e+00,0.000000000000000000e+00,0.000000000000000000e+00
0.000000000000000000e+00,0.000000000000000000e+00,-0.000000000000000000e+00,0.000000000000000000e+00,0.000000000000000000e+00,-0.000000000000000000e+00,-0.000000000000000000e+00,0.000000000000000000e+00,5.008592029725929262e-02,0.000000000000000000e+00,-0.000000000000000000e+00,0.000000000000000000e+00,-0.000000000000000000e+00,-0.000000000000000000e+00,0.000000000000000000e+00,0.000000000000000000e+00,-0.000000000000000000e+00,0.000000000000000000e+00,0.000000000000000000e+00,-0.000000000000000000e+00,-0.000000000000000000e+00,-0.000000000000000000e+00,-2.296454575185356006e-01,1.372130094790468435e+00,-1.703600085979885270e-01,-0.000000000000000000e+00,-0.000000000000000000e+00,-0.000000000000000000e+00,-0.000000000000000000e+00,0.000000000000000000e+00,-0.000000000000000000e+00,-0.000000000000000000e+00,-0.000000000000000000e+00,4.844277516983164916e-02,-0.000000000000000000e+00,0.000000000000000000e+00,-5.142013171848094366e-01,0.000000000000000000e+00,0.000000000000000000e+00
0.000000000000000000e+00,-0.000000000000000000e+00,0.000000000000000000e+00,5.342168240585485478e-02,-0.000000000000000000e+00,-0.000000000000000000e+00,0.000000000000000000e+00,0.000000000000000000e+00,0.000000000000000000e+00,0.000000000000000000e+00,-3.356100662622344410e-01,1.976255523881228354e-02,-0.000000000000000000e+00,-5.208795141755391545e-02,0.000000000000000000e+00,0.000000000000000000e+00,-1.411987019881314476e-01,0.000000000000000000e+00,0.000000000000000000e+00,0.000000000000000000e+00,-4.309316931176900012e-02,-0.000000000000000000e+00,-7.822416926128048509e-01,-1.703600085979885270e-01,2.063176089109175493e+00,-0.000000000000000000e+00,-0.000000000000000000e+00,-0.000000000000000000e+00,-2.723142194266718885e-01,0.000000000000000000e+00,-0.000000000000000000e+00,-0.000000000000000000e+00,-1.688687108797441438e-01,0.000000000000000000e+00,-0.000000000000000000e+00,-0.000000000000000000e+00,-1.118491573655023275e-01,0.000000000000000000e+00,-0.000000000000000000e+00
-1.973596080699798749e-01,-0.000000000000000000e+00,-6.808483133426495269e-04,0.000000000000000000e+00,-1.213701152951007951e-03,-0.000000000000000000e+00,1.869799440620693587e-01,5.466747472616802564e-03,-0.000000000000000000e+00,0.000000000000000000e+00,0.000000000000000000e+00,0.000000000000000000e+00,0.000000000000000000e+00,-2.732182360350362063e-02,-0.000000000000000000e+00,-0.000000000000000000e+00,-0.000000000000000000e+00,-0.000000000000000000e+00,0.000000000000000000e+00,-3.204439853075512473e-03,-2.714160071683973108e-01,0.000000000000000000e+00,-0.000000000000000000e+00,-0.000000000000000000e+00,-0.000000000000000000e+00,1.872261023012179892e+00,0.000000000000000000e+00,-8.073132503300570750e-01,-3.846732009674888042e-01,-0.000000000000000000e+00,-0.000000000000000000e+00,0.000000000000000000e+00,-1.525821571280907840e-01,-0.000000000000000000e+00,0.000000000000000000e+00,-0.000000000000000000e+00,-0.000000000000000000e+00,-0.000000000000000000e+00,-0.000000000000000000e+00
-0.000000000000000000e+00,-0.000000000000000000e+00,-0.000000000000000000e+00,-0.000000000000000000e+00,-0.000000000000000000e+00,-0.000000000000000000e+00,-1.858317175869827753e-01,0.000000000000000000e+00,0.000000000000000000e+00,-5.325558703028915319e-02,-0.000000000000000000e+00,-0.000000000000000000e+00,-5.734995311873596346e-01,-1.697210632285686138e-01,1.763881148284341671e-01,-0.000000000000000000e+00,0.000000000000000000e+00,0.000000000000000000e+00,-0.000000000000000000e+00,6.038951867385672356e-02,0.000000000000000000e+00,-0.000000000000000000e+00,-0.000000000000000000e+00,-0.000000000000000000e+00,-0.000000000000000000e+00,0.000000000000000000e+00,2.072901749581816055e+00,0.000000000000000000e+00,-0.000000000000000000e+00,-0.000000000000000000e+00,-3.788831549232082874e-01,-5.436485761010944051e-01,-0.000000000000000000e+00,0.000000000000000000e+00,-3.357988893937016023e-02,-2.792366904565603269e-02,-1.801663888706692696e-01,-0.000000000000000000e+00,-0.000000000000000000e+00
-0.000000000000000000e+00,0.000000000000000000e+00,-0.000000000000000000e+00,0.000000000000000000e+00,-0.000000000000000000e+00,0.000000000000000000e+00,1.626152831194895704e-02,0.000000000000000000e+00,0.000000000000000000e+00,0.000000000000000000e+00,0.000000000000000000e+00,6.676150833331432992e-03,1.891367410014694883e-01,-0.000000000000000000e+00,-0.000000000000000000e+00,0.000000000000000000e+00,-0.000000000000000000e+00,-0.000000000000000000e+00,0.000000000000000000e+00,-2.765280106917356040e-01,-2.671365530159187651e-01,0.000000000000000000e+00,-0.000000000000000000e+00,-0.000000000000000000e+00,-0.000000000000000000e+00,-8.073132503300570750e-01,0.000000000000000000e+00,1.744102740773201488e+00,-3.369969869513633060e-02,-0.000000000000000000e+00,-0.000000000000000000e+00,3.023191081949180847e-02,-0.000000000000000000e+00,-0.000000000000000000e+00,0.000000000000000000e+00,0.000000000000000000e+00,0.000000000000000000e+00,0.000000000000000000e+00,0.000000000000000000e+00
-0.000000000000000000e+00,-0.000000000000000000e+00,-0.000000000000000000e+00,0.000000000000000000e+00,-0.000000000000000000e+00,-2.227888603621846486e-01,0.000000000000000000e+00,0.000000000000000000e+00,0.000000000000000000e+00,0.000000000000000000e+00,-0.000000000000000000e+00,2.601144997795217240e-01,0.000000000000000000e+00,-1.777156796809654660e-01,0.000000000000000000e+00,0.000000000000000000e+00,-2.092960237892129982e-01,0.000000000000000000e+00,8.489389832257714097e-03,-0.000000000000000000e+00,-4.829113552972024576e-02,0.000000000000000000e+00,-2.676133343037135903e-01,-0.000000000000000000e+00,-2.723142194266718885e-01,-3.846732009674888042e-01,-0.000000000000000000e+00,-3.369969869513633060e-02,1.861871191097988154e+00,0.000000000000000000e+00,-0.000000000000000000e+00,-0.000000000000000000e+00,-2.378872741834128224e-01,0.000000000000000000e+00,0.000000000000000000e+00,-0.000000000000000000e+00,-0.000000000000000000e+00,0.000000000000000000e+00,0.000000000000000000e+00
-1.263533498855557435e-01,-0.000000000000000000e+00,-0.000000000000000000e+00,-1.057666894508498268e-01,-4.269274598083897670e-02,0.000000000000000000e+00,-0.000000000000000000e+00,0.000000000000000000e+00,-3.651119587031026459e-01,-2.861146690555045335e-01,1.494303388287420986e-01,-1.262605402651102438e-01,0.000000000000000000e+00,-0.000000000000000000e+00,-0.000000000000000000e+00,-7.087723373886392064e-01,3.070721638825579802e-02,-3.080129637123719122e-01,-7.428447683238920130e-02,-0.000000000000000000e+00,0.000000000000000000e+00,-0.000000000000000000e+00,0.000000000000000000e+00,0.000000000000000000e+00,0.000000000000000000e+00,-0.000000000000000000e+00,-0.000000000000000000e+00,-0.000000000000000000e+00,0.000000000000000000e+00,2.711051410244694537e+00,-0.000000000000000000e+00,-0.000000000000000000e+00,-0.000000000000000000e+00,-1.110399933479234713e-01,-0.000000000000000000e+00,-0.000000000000000000e+00,-0.000000000000000000e+00,-3.857058224195491491e-01,-0.000000000000000000e+00
-0.000000000000000000e+00,-0.000000000000000000e+00,0.000000000000000000e+00,-0.000000000000000000e+00,-2.853519242037652059e-01,-0.000000000000000000e+00,-0.000000000000000000e+00,-0.000000000000000000e+00,-0.000000000000000000e+00,-0.000000000000000000e+00,-0.000000000000000000e+00,-0.000000000000000000e+00,-0.000000000000000000e+00,-1.528075192111019442e-01,8.547659793073414392e-02,-0.000000000000000000e+00,-0.000000000000000000e+00,-0.000000000000000000e+00,-0.000000000000000000e+00,4.994203318107836090e-03,0.000000000000000000e+00,0.000000000000000000e+00,-0.000000000000000000e+00,-0.000000000000000000e+00,-0.000000000000000000e+00,-0.000000000000000000e+00,-3.788831549232082874e-01,-0.000000000000000000e+00,-0.000000000000000000e+00,-0.000000000000000000e+00,1.461338323186269994e+00,-8.403487825095820596e-02,-0.000000000000000000e+00,0.000000000000000000e+00,-0.000000000000000000e+00,-2.185081040656109697e-01,-0.000000000000000000e+00,-0.000000000000000000e+00,-0.000000000000000000e+00
-0.000000000000000000e+00,-2.849671303375253539e-01,-0.000000000000000000e+00,0.000000000000000000e+00,-0.000000000000000000e+00,-0.000000000000000000e+00,-0.000000000000000000e+00,0.000000000000000000e+00,-0.000000000000000000e+00,-0.000000000000000000e+00,-1.573788543500513892e-01,-0.000000000000000000e+00,-3.189309707284059825e-01,-1.044572432502105692e-02,0.000000000000000000e+00,-0.000000000000000000e+00,-0.000000000000000000e+00,0.000000000000000000e+00,-0.000000000000000000e+00,3.484782544575998897e-01,0.000000000000000000e+00,-1.244909449880817615e-01,-0.000000000000000000e+00,-0.000000000000000000e+00,-0.000000000000000000e+00,0.000000000000000000e+00,-5.436485761010944051e-01,3.023191081949180847e-02,-0.000000000000000000e+00,-0.000000000000000000e+00,-8.403487825095820596e-02,1.863584168143250119e+00,-4.876964709823190108e-02,0.000000000000000000e+00,-4.175639036450326351e-03,-1.591390248120215511e-01,-6.217458387896592636e-02,-0.000000000000000000e+00,-0.000000000000000000e+00
-0.000000000000000000e+00,-0.000000000000000000e+00,-2.245149784157411676e-01,0.000000000000000000e+00,-1.336634057876531501e-01,-0.000000000000000000e+00,0.000000000000000000e+00,2.915539306638805783e-01,0.000000000000000000e+00,0.000000000000000000e+00,-0.000000000000000000e+00,0.000000000000000000e+00,-0.000000000000000000e+00,-3.826082414385666430e-01,0.000000000000000000e+00,-0.000000000000000000e+00,-0.000000000000000000e+00,-0.000000000000000000e+00,0.000000000000000000e+00,0.000000000000000000e+00,-8.591933658664351048e-02,-0.000000000000000000e+00,-0.000000000000000000e+00,-0.000000000000000000e+00,-1.688687108797441438e-01,-1.525821571280907840e-01,-0.000000000000000000e+00,-0.000000000000000000e+00,-2.378872741834128224e-01,-0.000000000000000000e+00,-0.000000000000000000e+00,-4.876964709823190108e-02,1.711454662163248708e+00,-0.000000000000000000e+00,-0.000000000000000000e+00,-1.716711976210360258e-01,-0.000000000000000000e+00,-0.000000000000000000e+00,-0.000000000000000000e+00
-0.000000000000000000e+00,-3.384477112314485808e-02,-9.017811050799806605e-02,-0.000000000000000000e+00,-0.000000000000000000e+00,0.000000000000000000e+00,1.179589312369500320e-01,0.000000000000000000e+00,-6.603349672328544528e-01,-0.000000000000000000e+00,0.000000000000000000e+00,-1.335128365734315203e-01,0.000000000000000000e+00,0.000000000000000000e+00,-3.783555585852169112e-01,-0.000000000000000000e+00,0.000000000000000000e+00,-0.000000000000000000e+00,-0.000000000000000000e+00,-0.000000000000000000e+00,-0.000000000000000000e+00,-0.000000000000000000e+00,0.000000000000000000e+00,4.844277516983164916e-02,0.000000000000000000e+00,-0.000000000000000000e+00,0.000000000000000000e+00,-0.000000000000000000e+00,0.000000000000000000e+00,-1.110399933479234713e-01,0.000000000000000000e+00,0.000000000000000000e+00,-0.000000000000000000e+00,2.082119300205150125e+00,-0.000000000000000000e+00,-0.000000000000000000e+00,0.000000000000000000e+00,-2.753351125930811882e-01,-3.512796464865001744e-01
-0.000000000000000000e+00,-8.580095846636984214e-02,-0.000000000000000000e+00,-0.000000000000000000e+00,-0.000000000000000000e+00,0.000000000000000000e+00,-0.000000000000000000e+00,0.000000000000000000e+00,-0.000000000000000000e+00,-3.070886008404131728e-01,0.000000000000000000e+00,-7.431946733460434440e-02,-0.000000000000000000e+00,-0.000000000000000000e+00,-0.000000000000000000e+00,-0.000000000000000000e+00,0.000000000000000000e+00,-0.000000000000000000e+00,-1.462526836348303494e-01,0.000000000000000000e+00,0.000000000000000000e+00,-3.705932283991437287e-02,0.000000000000000000e+00,-0.000000000000000000e+00,-0.000000000000000000e+00,0.000000000000000000e+00,-3.357988893937016023e-02,0.000000000000000000e+00,0.000000000000000000e+00,-0.000000000000000000e+00,-0.000000000000000000e+00,-4.175639036450326351e-03,-0.000000000000000000e+00,-0.000000000000000000e+00,1.355724628105106300e+00,-0.000000000000000000e+00,-4.115675736955597408e-01,-0.000000000000000000e+00,-0.000000000000000000e+00
-3.265659504848999473e-01,-1.981502487409794455e-01,-5.231254829315299879e-04,-0.000000000000000000e+00,-5.078544850048194448e-01,-0.000000000000000000e+00,0.000000000000000000e+00,2.310045718977097803e-02,-0.000000000000000000e+00,-1.987593811967541813e-02,-0.000000000000000000e+00,-0.000000000000000000e+00,-0.000000000000000000e+00,-2.422067841378897080e-01,0.000000000000000000e+00,-0.000000000000000000e+00,0.000000000000000000e+00,-0.000000000000000000e+00,-0.000000000000000000e+00,0.000000000000000000e+00,0.000000000000000000e+00,-0.000000000000000000e+00,-0.000000000000000000e+00,0.000000000000000000e+00,-0.000000000000000000e+00,-0.000000000000000000e+00,-2.792366904565603269e-02,0.000000000000000000e+00,-0.000000000000000000e+00,-0.000000000000000000e+00,-2.185081040656109697e-01,-1.591390248120215511e-01,-1.716711976210360258e-01,-0.000000000000000000e+00,-0.000000000000000000e+00,2.007945427547646489e+00,-0.000000000000000000e+00,-2.936996760491866060e-02,-2.770087098585829466e-01
-0.000000000000000000e+00,-0.000000000000000000e+00,-0.000000000000000000e+00,0.000000000000000000e+00,-0.000000000000000000e+00,-1.051366275090173663e-02,-0.000000000000000000e+00,0.000000000000000000e+00,0.000000000000000000e+00,-0.000000000000000000e+00,-0.000000000000000000e+00,0.000000000000000000e+00,-0.000000000000000000e+00,-3.324126425215372382e-01,0.000000000000000000e+00,-0.000000000000000000e+00,-0.000000000000000000e+00,0.000000000000000000e+00,-0.000000000000000000e+00,0.000000000000000000e+00,-0.000000000000000000e+00,-1.374249691141060962e-03,-0.000000000000000000e+00,-5.142013171848094366e-01,-1.118491573655023275e-01,-0.000000000000000000e+00,-1.801663888706692696e-01,0.000000000000000000e+00,-0.000000000000000000e+00,-0.000000000000000000e+00,-0.000000000000000000e+00,-6.217458387896592636e-02,-0.000000000000000000e+00,0.000000000000000000e+00,-4.115675736955597408e-01,-0.000000000000000000e+00,1.591024257060834834e+00,-0.000000000000000000e+00,-0.000000000000000000e+00
-4.846139387782176233e-01,-0.000000000000000000e+00,-0.000000000000000000e+00,-0.000000000000000000e+00,-7.460589001625288208e-02,0.000000000000000000e+00,0.000000000000000000e+00,0.000000000000000000e+00,-4.688915822741129280e-01,-6.345123258611547190e-02,0.000000000000000000e+00,-0.000000000000000000e+00,0.000000000000000000e+00,-0.000000000000000000e+00,-0.000000000000000000e+00,-3.374157067658148934e-01,0.000000000000000000e+00,-2.346304544137164383e-01,-5.785991822318483496e-02,-0.000000000000000000e+00,0.000000000000000000e+00,-0.000000000000000000e+00,0.000000000000000000e+00,0.000000000000000000e+00,0.000000000000000000e+00,-0.000000000000000000e+00,-0.000000000000000000e+00,0.000000000000000000e+00,0.000000000000000000e+00,-3.857058224195491491e-01,-0.000000000000000000e+00,-0.000000000000000000e+00,-0.000000000000000000e+00,-2.753351125930811882e-01,-0.000000000000000000e+00,-2.936996760491866060e-02,-0.000000000000000000e+00,2.667865400770908391e+00,-3.776394119691113271e-01
-1.613801469923861753e-02,-7.443754662501746999e-01,-3.454809566337862115e-03,-0.000000000000000000e+00,-1.316333450450154173e-02,0.000000000000000000e+00,0.000000000000000000e+00,0.000000000000000000e+00,-3.383442584817734078e-01,-1.404331867227718023e-01,0.000000000000000000e+00,-4.777920338865403183e-02,0.000000000000000000e+00,-0.000000000000000000e+00,-0.000000000000000000e+00,-0.000000000000000000e+00,0.000000000000000000e+00,-0.000000000000000000e+00,-0.000000000000000000e+00,0.000000000000000000e+00,0.000000000000000000e+00,-0.000000000000000000e+00,0.000000000000000000e+00,0.000000000000000000e+00,-0.000000000000000000e+00,-0.000000000000000000e+00,-0.000000000000000000e+00,0.000000000000000000e+00,0.000000000000000000e+00,-0.000000000000000000e+00,-0.000000000000000000e+00,-0.000000000000000000e+00,-0.000000000000000000e+00,-3.512796464865001744e-01,-0.000000000000000000e+00,-2.770087098585829466e-01,-0.000000000000000000e+00,-3.776394119691113271e-01,2.287458926343439725e+00
