1.976427072787395822e+00,-5.795246478436516524e-02,-0.000000000000000000e+00,0.000000000000000000e+00,-0.000000000000000000e+00,0.000000000000000000e+00,0.000000000000000000e+00,0.000000000000000000e+00,-0.000000000000000000e+00,-0.000000000000000000e+00,0.000000000000000000e+00,-0.000000000000000000e+00,0.000000000000000000e+00,-0.000000000000000000e+00,-0.000000000000000000e+00,-2.493624405938939942e-02,-0.000000000000000000e+00,-0.000000000000000000e+00,-0.000000000000000000e+00,-0.000000000000000000e+00,-0.000000000000000000e+00,-0.000000000000000000e+00,0.000000000000000000e+00,-8.639063107467461573e-04,-1.272555492102094565e-01,-4.181010710518337503e-01,-0.000000000000000000e+00,-6.087960611899784907e-02,-9.284459945686154500e-03,-2.851439634727408537e-03,0.000000000000000000e+00,0.000000000000000000e+00,0.000000000000000000e+00,-1.136904810070482746e-01,-0.000000000000000000e+00,-0.000000000000000000e+00,-0.000000000000000000e+00,-5.657536297934147029e-01,-5.649888410333192557e-01
-5.795246478436516524e-02,1.998614989034487088e+00,-0.000000000000000000e+00,-0.000000000000000000e+00,-0.000000000000000000e+00,0.000000000000000000e+00,-1.757564319849828638e-01,0.000000000000000000e+00,-0.000000000000000000e+00,-0.000000000000000000e+00,-0.000000000000000000e+00,-1.189095208161240411e-02,-1.270540115625830024e-01,-2.878249889347552215e-01,0.000000000000000000e+00,-5.670508186865757562e-03,-3.245685208550939255e-02,-0.000000000000000000e+00,-5.726831670191625395e-02,0.000000000000000000e+00,0.000000000000000000e+00,-0.000000000000000000e+00,-0.000000000000000000e+00,-7.440343892210446453e-02,-0.000000000000000000e+00,-0.000000000000000000e+00,-5.429989816145484038e-01,0.000000000000000000e+00,-1.096971894131414625e-02,-0.000000000000000000e+00,-0.000000000000000000e+00,-2.853720715606377634e-01,-0.000000000000000000e+00,0.000000000000000000e+00,-1.181430009157724142e-01,-4.260899831554704198e-02,-2.760828082757017521e-01,0.000000000000000000e+00,-1.410395990849430681e-01
-0.000000000000000000e+00,-0.000000000000000000e+00,3.011912544791115476e+00,-0.000000000000000000e+00,-2.247493059821697170e-01,0.000000000000000000e+00,-0.000000000000000000e+00,1.504944039862824434e+00,-0.000000000000000000e+00,-2.837245040838544743e-02,0.000000000000000000e+00,-0.000000000000000000e+00,-0.000000000000000000e+00,-0.000000000000000000e+00,-0.000000000000000000e+00,-0.000000000000000000e+00,-0.000000000000000000e+00,-9.131617930000655858e-02,-9.777179252476812799e-02,-1.710001379687162426e-01,-4.250605832951067087e-01,-3.352325261790655708e-01,-0.000000000000000000e+00,-0.000000000000000000e+00,-0.000000000000000000e+00,-0.000000000000000000e+00,-2.042754282610708405e-01,-0.000000000000000000e+00,-0.000000000000000000e+00,-1.621808776788939352e-02,-0.000000000000000000e+00,-0.000000000000000000e+00,-2.411574429058295221e-01,-0.000000000000000000e+00,0.000000000000000000e+00,-0.000000000000000000e+00,-0.000000000000000000e+00,-0.000000000000000000e+00,-0.000000000000000000e+00
0.000000000000000000e+00,-0.000000000000000000e+00,-0.000000000000000000e+00,1.398190645956329581e+00,0.000000000000000000e+00,0.000000000000000000e+00,-4.184399371255392852e-01,0.000000000000000000e+00,0.000000000000000000e+00,-0.000000000000000000e+00,-0.000000000000000000e+00,-3.361521062661587123e-01,-2.566542279684549260e-02,-0.000000000000000000e+00,-0.000000000000000000e+00,0.000000000000000000e+00,-0.000000000000000000e+00,-0.000000000000000000e+00,-0.000000000000000000e+00,-0.000000000000000000e+00,0.000000000000000000e+00,-6.968640520240029779e-02,-0.000000000000000000e+00,-0.000000000000000000e+00,0.000000000000000000e+00,0.000000000000000000e+00,-1.718810196168152338e-01,6.525443462158098118e-02,-1.421853309222832207e-01,0.000000000000000000e+00,-0.000000000000000000e+00,-4.705310001618392968e-02,-0.000000000000000000e+00,-0.000000000000000000e+00,-0.000000000000000000e+00,0.000000000000000000e+00,-0.000000000000000000e+00,0.000000000000000000e+00,0.000000000000000000e+00
-0.000000000000000000e+00,-0.000000000000000000e+00,-2.247493059821697170e-01,0.000000000000000000e+00,2.024612514398215435e+00,0.000000000000000000e+00,0.000000000000000000e+00,4.597689343686117147e-01,-0.000000000000000000e+00,-2.107543197535334187e-02,0.000000000000000000e+00,0.000000000000000000e+00,0.000000000000000000e+00,-1.444385939245637074e-01,-0.000000000000000000e+00,-0.000000000000000000e+00,0.000000000000000000e+00,-0.000000000000000000e+00,-3.902603198935610807e-01,-0.000000000000000000e+00,-0.000000000000000000e+00,0.000000000000000000e+00,0.000000000000000000e+00,-0.000000000000000000e+00,-0.000000000000000000e+00,-2.622114761114309744e-01,-0.000000000000000000e+00,-2.669542481462332528e-01,0.000000000000000000e+00,-3.476614616576534367e-01,-0.000000000000000000e+00,0.000000000000000000e+00,-0.000000000000000000e+00,-0.000000000000000000e+00,0.000000000000000000e+00,-0.000000000000000000e+00,0.000000000000000000e+00,-1.168647428370236940e-01,-0.000000000000000000e+00
0.000000000000000000e+00,0.000000000000000000e+00,0.000000000000000000e+00,0.000000000000000000e+00,0.000000000000000000e+00,1.903687294269803765e+00,0.000000000000000000e+00,-0.000000000000000000e+00,2.509561512233335900e-01,0.000000000000000000e+00,-3.215413061215885993e-01,7.817713849062830900e-02,0.000000000000000000e+00,-0.000000000000000000e+00,2.744254515895320767e-01,-0.000000000000000000e+00,-1.408380257248877110e-01,1.121391523757785114e-01,1.061679514118711171e-01,1.482042922881746383e-01,0.000000000000000000e+00,0.000000000000000000e+00,-2.410449246461845996e-01,0.000000000000000000e+00,-2.929811952628795235e-01,0.000000000000000000e+00,0.000000000000000000e+00,0.000000000000000000e+00,0.000000000000000000e+00,0.000000000000000000e+00,-0.000000000000000000e+00,-0.000000000000000000e+00,-0.000000000000000000e+00,0.000000000000000000e+00,-0.000000000000000000e+00,-0.000000000000000000e+00,-1.157088121003988918e-01,0.000000000000000000e+00,0.000000000000000000e+00
0.000000000000000000e+00,-1.757564319849828638e-01,-0.000000000000000000e+00,-4.184399371255392852e-01,0.000000000000000000e+00,0.000000000000000000e+00,1.910233796565449005e+00,0.000000000000000000e+00,0.000000000000000000e+00,0.000000000000000000e+00,-0.000000000000000000e+00,-0.000000000000000000e+00,-8.594729788688789673e-01,-0.000000000000000000e+00,0.000000000000000000e+00,-0.000000000000000000e+00,-0.000000000000000000e+00,-0.000000000000000000e+00,-7.230584040848922305e-03,0.000000000000000000e+00,0.000000000000000000e+00,0.000000000000000000e+00,-0.000000000000000000e+00,-0.000000000000000000e+00,7.066643558735706543e-02,0.000000000000000000e+00,-3.229037599805695269e-02,-0.000000000000000000e+00,-0.000000000000000000e+00,-0.000000000000000000e+00,-0.000000000000000000e+00,-2.483130046463842902e-02,-1.475468948848249716e-02,3.360068644652553643e-02,-1.506367448605067383e-01,-0.000000000000000000e+00,-0.000000000000000000e+00,7.092824785250101405e-02,0.000000000000000000e+00
0.000000000000000000e+00,0.000000000000000000e+00,1.504944039862824434e+00,0.000000000000000000e+00,4.597689343686117147e-01,-0.000000000000000000e+00,0.000000000000000000e+00,2.938432237270972358e+00,0.000000000000000000e+00,4.732296507420694423e-03,-0.000000000000000000e+00,0.000000000000000000e+00,-0.000000000000000000e+00,0.000000000000000000e+00,0.000000000000000000e+00,0.000000000000000000e+00,0.000000000000000000e+00,0.000000000000000000e+00,7.362638485523459453e-02,1.344543859180427625e-01,4.430526396215007101e-01,5.189131249169168236e-02,-0.000000000000000000e+00,0.000000000000000000e+00,0.000000000000000000e+00,0.000000000000000000e+00,4.430748364912101382e-03,0.000000000000000000e+00,0.000000000000000000e+00,0.000000000000000000e+00,0.000000000000000000e+00,0.000000000000000000e+00,3.371265208669101954e-01,0.000000000000000000e+00,-0.000000000000000000e+00,0.000000000000000000e+00,0.000000000000000000e+00,0.000000000000000000e+00,0.000000000000000000e+00
-0.000000000000000000e+00,-0.000000000000000000e+00,-0.000000000000000000e+00,0.000000000000000000e+00,-0.000000000000000000e+00,2.509561512233335900e-01,0.000000000000000000e+00,0.000000000000000000e+00,2.777493333911855711e+00,-0.000000000000000000e+00,3.297027483920809687e-01,-0.000000000000000000e+00,0.000000000000000000e+00,0.000000000000000000e+00,-3.040680243050722931e-01,-0.000000000000000000e+00,0.000000000000000000e+00,-0.000000000000000000e+00,-0.000000000000000000e+00,-2.775760754193865032e-01,-0.000000000000000000e+00,-0.000000000000000000e+00,0.000000000000000000e+00,-0.000000000000000000e+00,0.000000000000000000e+00,-2.423810848828366893e-01,0.000000000000000000e+00,-1.247438774201242544e-02,-0.000000000000000000e+00,-1.504867844054273984e-01,0.000000000000000000e+00,0.000000000000000000e+00,0.000000000000000000e+00,-3.729453312946465759e-01,6.569389269456536729e-02,0.000000000000000000e+00,0.000000000000000000e+00,-7.988138428545468184e-01,-3.139640890396873107e-01
-0.000000000000000000e+00,-0.000000000000000000e+00,-2.837245040838544743e-02,-0.000000000000000000e+00,-2.107543197535334187e-02,0.000000000000000000e+00,0.000000000000000000e+00,4.732296507420694423e-03,-0.000000000000000000e+00,1.695116832413991137e+00,-0.000000000000000000e+00,-0.000000000000000000e+00,-0.000000000000000000e+00,-0.000000000000000000e+00,0.000000000000000000e+00,-5.218951939153866348e-01,-0.000000000000000000e+00,0.000000000000000000e+00,-2.015821327535705920e-01,0.000000000000000000e+00,-0.000000000000000000e+00,-0.000000000000000000e+00,-0.000000000000000000e+00,-2.262433381018786119e-02,-0.000000000000000000e+00,-0.000000000000000000e+00,-3.952690182281475700e-02,0.000000000000000000e+00,-0.000000000000000000e+00,-5.088057611314753537e-01,-1.827593072928578588e-01,-0.000000000000000000e+00,-2.393674159452612027e-02,-0.000000000000000000e+00,0.000000000000000000e+00,-0.000000000000000000e+00,-0.000000000000000000e+00,-0.000000000000000000e+00,-0.000000000000000000e+00
0.000000000000000000e+00,-0.000000000000000000e+00,0.000000000000000000e+00,-0.000000000000000000e+00,0.000000000000000000e+00,-3.215413061215885993e-01,-0.000000000000000000e+00,-0.000000000000000000e+00,3.297027483920809687e-01,-0.000000000000000000e+00,2.877106355493556311e+00,0.000000000000000000e+00,-0.000000000000000000e+00,-0.000000000000000000e+00,2.572624330107652346e-01,-0.000000000000000000e+00,-2.484381183272127702e-01,9.965134997949368079e-02,0.000000000000000000e+00,3.609723735026243441e-01,0.000000000000000000e+00,-0.000000000000000000e+00,-4.906523492700833877e-01,0.000000000000000000e+00,0.000000000000000000e+00,0.000000000000000000e+00,-0.000000000000000000e+00,1.057772693738425751e-01,0.000000000000000000e+00,0.000000000000000000e+00,-2.101850375909863622e-01,-7.119144755790071111e-01,-0.000000000000000000e+00,0.000000000000000000e+00,-0.000000000000000000e+00,-0.000000000000000000e+00,-0.000000000000000000e+00,1.958705290647121122e-01,0.000000000000000000e+00
-0.000000000000000000e+00,-1.189095208161240411e-02,-0.000000000000000000e+00,-3.361521062661587123e-01,0.000000000000000000e+00,7.817713849062830900e-02,-0.000000000000000000e+00,0.000000000000000000e+00,-0.000000000000000000e+00,-0.000000000000000000e+00,0.000000000000000000e+00,1.891416256628857706e+00,-0.000000000000000000e+00,-0.000000000000000000e+00,-6.884124276335104042e-01,0.000000000000000000e+00,-0.000000000000000000e+00,-0.000000000000000000e+00,-0.000000000000000000e+00,-2.192661734306514468e-02,-0.000000000000000000e+00,-5.031373357290743753e-01,0.000000000000000000e+00,-4.331863347901342837e-02,0.000000000000000000e+00,-0.000000000000000000e+00,-7.180426748109383639e-02,-0.000000000000000000e+00,-1.916364077750465633e-01,-0.000000000000000000e+00,0.000000000000000000e+00,-0.000000000000000000e+00,0.000000000000000000e+00,-0.000000000000000000e+00,0.000000000000000000e+00,5.128737201145264907e-02,0.000000000000000000e+00,-0.000000000000000000e+00,-1.270517040222846894e-01
0.000000000000000000e+00,-1.270540115625830024e-01,-0.000000000000000000e+00,-2.566542279684549260e-02,0.000000000000000000e+00,0.000000000000000000e+00,-8.594729788688789673e-01,-0.000000000000000000e+00,0.000000000000000000e+00,-0.000000000000000000e+00,-0.000000000000000000e+00,-0.000000000000000000e+00,2.355766864492919055e+00,-0.000000000000000000e+00,0.000000000000000000e+00,-0.000000000000000000e+00,-0.000000000000000000e+00,-0.000000000000000000e+00,-0.000000000000000000e+00,0.000000000000000000e+00,1.553896544216418485e-01,0.000000000000000000e+00,-3.978705786324281818e-02,-0.000000000000000000e+00,0.000000000000000000e+00,2.590457270365996434e-02,-3.302902382686610516e-01,0.000000000000000000e+00,-0.000000000000000000e+00,-0.000000000000000000e+00,-0.000000000000000000e+00,-2.551558256139143666e-01,-0.000000000000000000e+00,0.000000000000000000e+00,-5.289358358788431858e-01,-4.630034383850271246e-02,-0.000000000000000000e+00,1.218813150856020711e-01,0.000000000000000000e+00
-0.000000000000000000e+00,-2.878249889347552215e-01,-0.000000000000000000e+00,-0.000000000000000000e+00,-1.444385939245637074e-01,-0.000000000000000000e+00,-0.000000000000000000e+00,0.000000000000000000e+00,0.000000000000000000e+00,-0.000000000000000000e+00,-0.000000000000000000e+00,-0.000000000000000000e+00,-0.000000000000000000e+00,1.578791200079344925e+00,0.000000000000000000e+00,-1.595360866857605808e-01,-3.656850884546571784e-02,0.000000000000000000e+00,-0.000000000000000000e+00,0.000000000000000000e+00,0.000000000000000000e+00,-0.000000000000000000e+00,-1.813998693224223580e-01,-0.000000000000000000e+00,-2.084125163246803789e-02,-0.000000000000000000e+00,-0.000000000000000000e+00,-0.000000000000000000e+00,-0.000000000000000000e+00,-0.000000000000000000e+00,-0.000000000000000000e+00,-0.000000000000000000e+00,-9.987547338792353291e-02,-0.000000000000000000e+00,-0.000000000000000000e+00,-3.884853900340639599e-01,-1.274601420986595235e-01,-0.000000000000000000e+00,-0.000000000000000000e+00
-0.000000000000000000e+00,0.000000000000000000e+00,-0.000000000000000000e+00,-0.000000000000000000e+00,-0.000000000000000000e+00,2.744254515895320767e-01,0.000000000000000000e+00,0.000000000000000000e+00,-3.040680243050722931e-01,0.000000000000000000e+00,2.572624330107652346e-01,-6.884124276335104042e-01,0.000000000000000000e+00,0.000000000000000000e+00,2.478379589927814930e+00,0.000000000000000000e+00,0.000000000000000000e+00,-0.000000000000000000e+00,-0.000000000000000000e+00,-6.731143275086345357e-01,-0.000000000000000000e+00,-0.000000000000000000e+00,0.000000000000000000e+00,-0.000000000000000000e+00,0.000000000000000000e+00,-0.000000000000000000e+00,0.000000000000000000e+00,-0.000000000000000000e+00,-0.000000000000000000e+00,-0.000000000000000000e+00,5.582843503364647714e-02,0.000000000000000000e+00,0.000000000000000000e+00,-1.532772342463984139e-01,0.000000000000000000e+00,1.269699653505685921e-01,0.000000000000000000e+00,-1.421541576368468840e-01,-0.000000000000000000e+00
-2.493624405938939942e-02,-5.670508186865757562e-03,-0.000000000000000000e+00,0.000000000000000000e+00,-0.000000000000000000e+00,-0.000000000000000000e+00,-0.000000000000000000e+00,0.000000000000000000e+00,-0.000000000000000000e+00,-5.218951939153866348e-01,-0.000000000000000000e+00,0.000000000000000000e+00,-0.000000000000000000e+00,-1.595360866857605808e-01,0.000000000000000000e+00,1.866235393426036504e+00,-0.000000000000000000e+00,0.000000000000000000e+00,-0.000000000000000000e+00,0.000000000000000000e+00,0.000000000000000000e+00,0.000000000000000000e+00,-3.328571231894916771e-01,-0.000000000000000000e+00,-2.552237048379303319e-01,-0.000000000000000000e+00,-0.000000000000000000e+00,-0.000000000000000000e+00,-0.000000000000000000e+00,-4.902150065584297001e-01,-0.000000000000000000e+00,-0.000000000000000000e+00,-0.000000000000000000e+00,-0.000000000000000000e+00,-0.000000000000000000e+00,-2.167192167184537333e-01,-0.000000000000000000e+00,-0.000000000000000000e+00,-0.000000000000000000e+00
-0.000000000000000000e+00,-3.245685208550939255e-02,-0.000000000000000000e+00,-0.000000000000000000e+00,0.000000000000000000e+00,-1.408380257248877110e-01,-0.000000000000000000e+00,0.000000000000000000e+00,0.000000000000000000e+00,-0.000000000000000000e+00,-2.484381183272127702e-01,-0.000000000000000000e+00,-0.000000000000000000e+00,-3.656850884546571784e-02,0.000000000000000000e+00,-0.000000000000000000e+00,1.943690825995951554e+00,0.000000000000000000e+00,0.000000000000000000e+00,0.000000000000000000e+00,0.000000000000000000e+00,-0.000000000000000000e+00,-2.379859787943208738e-01,-0.000000000000000000e+00,-0.000000000000000000e+00,0.000000000000000000e+00,-9.205667934927184992e-02,0.000000000000000000e+00,-2.906021307713456125e-01,-0.000000000000000000e+00,-5.073495469202878028e-02,-4.279098268620482037e-01,-2.101971845884097190e-02,-0.000000000000000000e+00,-5.568394624033785878e-02,-7.428646348447949521e-02,-2.013643535387028005e-01,0.000000000000000000e+00,-0.000000000000000000e+00
-0.000000000000000000e+00,-0.000000000000000000e+00,-9.131617930000655858e-02,-0.000000000000000000e+00,-0.000000000000000000e+00,1.121391523757785114e-01,-0.000000000000000000e+00,0.000000000000000000e+00,-0.000000000000000000e+00,0.000000000000000000e+00,9.965134997949368079e-02,-0.000000000000000000e+00,-0.000000000000000000e+00,0.000000000000000000e+00,-0.000000000000000000e+00,0.000000000000000000e+00,0.000000000000000000e+00,1.374180150816227908e+00,-3.224807027720134611e-01,-1.773411089037792709e-01,-0.000000000000000000e+00,-0.000000000000000000e+00,0.000000000000000000e+00,-0.000000000000000000e+00,-0.000000000000000000e+00,-0.000000000000000000e+00,-0.000000000000000000e+00,-2.388852483303736951e-01,-1.548135191948070977e-01,-0.000000000000000000e+00,-0.000000000000000000e+00,0.000000000000000000e+00,-0.000000000000000000e+00,0.000000000000000000e+00,-0.000000000000000000e+00,0.000000000000000000e+00,-0.000000000000000000e+00,-0.000000000000000000e+00,0.000000000000000000e+00
-0.000000000000000000e+00,-5.726831670191625395e-02,-9.777179252476812799e-02,-0.000000000000000000e+00,-3.902603198935610807e-01,1.061679514118711171e-01,-7.230584040848922305e-03,7.362638485523459453e-02,-0.000000000000000000e+00,-2.015821327535705920e-01,0.000000000000000000e+00,-0.000000000000000000e+00,-0.000000000000000000e+00,-0.000000000000000000e+00,-0.000000000000000000e+00,-0.000000000000000000e+00,0.000000000000000000e+00,-3.224807027720134611e-01,1.519723508333695738e+00,-0.000000000000000000e+00,-0.000000000000000000e+00,-0.000000000000000000e+00,0.000000000000000000e+00,-0.000000000000000000e+00,0.000000000000000000e+00,-0.000000000000000000e+00,-0.000000000000000000e+00,-0.000000000000000000e+00,-0.000000000000000000e+00,-2.125180010861377547e-02,-1.041153677676692618e-01,-0.000000000000000000e+00,-1.131303958411369603e-01,0.000000000000000000e+00,0.000000000000000000e+00,-0.000000000000000000e+00,-0.000000000000000000e+00,-0.000000000000000000e+00,-0.000000000000000000e+00
-0.000000000000000000e+00,0.000000000000000000e+00,-1.710001379687162426e-01,-0.000000000000000000e+00,-0.000000000000000000e+00,1.482042922881746383e-01,0.000000000000000000e+00,1.344543859180427625e-01,-2.775760754193865032e-01,0.000000000000000000e+00,3.609723735026243441e-01,-2.192661734306514468e-02,0.000000000000000000e+00,0.000000000000000000e+00,-6.731143275086345357e-01,0.000000000000000000e+00,0.000000000000000000e+00,-1.773411089037792709e-01,-0.000000000000000000e+00,2.533162765419011642e+00,-4.725899026474048026e-01,-1.230908625930040301e-01,1.263837703566312864e-01,-0.000000000000000000e+00,0.000000000000000000e+00,-0.000000000000000000e+00,-0.000000000000000000e+00,-1.137312990333418615e-02,-0.000000000000000000e+00,-0.000000000000000000e+00,0.000000000000000000e+00,0.000000000000000000e+00,0.000000000000000000e+00,-0.000000000000000000e+00,0.000000000000000000e+00,1.063133487552120893e-01,0.000000000000000000e+00,-6.174195203213683758e-02,-0.000000000000000000e+00
-0.000000000000000000e+00,0.000000000000000000e+00,-4.250605832951067087e-01,0.000000000000000000e+00,-0.000000000000000000e+00,0.000000000000000000e+00,0.000000000000000000e+00,4.430526396215007101e-01,-0.000000000000000000e+00,-0.000000000000000000e+00,0.000000000000000000e+00,-0.000000000000000000e+00,1.553896544216418485e-01,0.000000000000000000e+00,-0.000000000000000000e+00,0.000000000000000000e+00,0.000000000000000000e+00,-0.000000000000000000e+00,-0.000000000000000000e+00,-4.725899026474048026e-01,2.160498584190360116e+00,-4.813936028832845326e-01,0.000000000000000000e+00,-0.000000000000000000e+00,-0.000000000000000000e+00,-1.330302015170308771e-01,-0.000000000000000000e+00,-0.000000000000000000e+00,-0.000000000000000000e+00,-0.000000000000000000e+00,0.000000000000000000e+00,0.000000000000000000e+00,-0.000000000000000000e+00,-0.000000000000000000e+00,0.000000000000000000e+00,0.000000000000000000e+00,0.000000000000000000e+00,-5.220402308454575452e-02,-0.000000000000000000e+00
-0.000000000000000000e+00,-0.000000000000000000e+00,-3.352325261790655708e-01,-6.968640520240029779e-02,0.000000000000000000e+00,0.000000000000000000e+00,0.000000000000000000e+00,5.189131249169168236e-02,-0.000000000000000000e+00,-0.000000000000000000e+00,-0.000000000000000000e+00,-5.031373357290743753e-01,0.000000000000000000e+00,-0.000000000000000000e+00,-0.000000000000000000e+00,0.000000000000000000e+00,-0.000000000000000000e+00,-0.000000000000000000e+00,-0.000000000000000000e+00,-1.230908625930040301e-01,-4.813936028832845326e-01,1.968723390036825727e+00,-0.000000000000000000e+00,-7.487158268320252136e-03,-0.000000000000000000e+00,-0.000000000000000000e+00,-2.610273841095893041e-02,0.000000000000000000e+00,-9.271695069699299740e-02,-0.000000000000000000e+00,0.000000000000000000e+00,-0.000000000000000000e+00,-0.000000000000000000e+00,-2.739560997476774007e-02,0.000000000000000000e+00,0.000000000000000000e+00,-0.000000000000000000e+00,-0.000000000000000000e+00,-2.897948611529232443e-01
0.000000000000000000e+00,-0.000000000000000000e+00,-0.000000000000000000e+00,-0.000000000000000000e+00,0.000000000000000000e+00,-2.410449246461845996e-01,-0.000000000000000000e+00,-0.000000000000000000e+00,0.000000000000000000e+00,-0.000000000000000000e+00,-4.906523492700833877e-01,0.000000000000000000e+00,-3.978705786324281818e-02,-1.813998693224223580e-01,0.000000000000000000e+00,-3.328571231894916771e-01,-2.379859787943208738e-01,0.000000000000000000e+00,0.000000000000000000e+00,1.263837703566312864e-01,0.000000000000000000e+00,-0.000000000000000000e+00,2.444235558938297359e+00,-0.000000000000000000e+00,-2.623127413550123670e-03,0.000000000000000000e+00,-0.000000000000000000e+00,0.000000000000000000e+00,-0.000000000000000000e+00,-0.000000000000000000e+00,-0.000000000000000000e+00,-5.168888434948540889e-01,-7.176686024276120179e-02,0.000000000000000000e+00,-6.403196535499650066e-02,-1.963753418305946574e-01,-1.969374781236007677e-01,0.000000000000000000e+00,0.000000000000000000e+00
-8.639063107467461573e-04,-7.440343892210446453e-02,-0.000000000000000000e+00,-0.000000000000000000e+00,-0.000000000000000000e+00,0.000000000000000000e+00,-0.000000000000000000e+00,0.000000000000000000e+00,-0.000000000000000000e+00,-2.262433381018786119e-02,0.000000000000000000e+00,-4.331863347901342837e-02,-0.000000000000000000e+00,-0.000000000000000000e+00,-0.000000000000000000e+00,-0.000000000000000000e+00,-0.000000000000000000e+00,-0.000000000000000000e+00,-0.000000000000000000e+00,-0.000000000000000000e+00,-0.000000000000000000e+00,-7.487158268320252136e-03,-0.000000000000000000e+00,1.140968459811968039e+00,-5.794678650275103537e-02,-0.000000000000000000e+00,-0.000000000000000000e+00,-0.000000000000000000e+00,-4.124614003196110795e-02,-2.869578973726213400e-01,0.000000000000000000e+00,-0.000000000000000000e+00,-0.000000000000000000e+00,-0.000000000000000000e+00,-0.000000000000000000e+00,0.000000000000000000e+00,-0.000000000000000000e+00,-0.000000000000000000e+00,-1.052237539145624567e-01
-1.272555492102094565e-01,-0.000000000000000000e+00,-0.000000000000000000e+00,0.000000000000000000e+00,-0.000000000000000000e+00,-2.929811952628795235e-01,7.066643558735706543e-02,0.000000000000000000e+00,0.000000000000000000e+00,-0.000000000000000000e+00,0.000000000000000000e+00,0.000000000000000000e+00,0.000000000000000000e+00,-2.084125163246803789e-02,0.000000000000000000e+00,-2.552237048379303319e-01,-0.000000000000000000e+00,-0.000000000000000000e+00,0.000000000000000000e+00,0.000000000000000000e+00,-0.000000000000000000e+00,-0.000000000000000000e+00,-2.623127413550123670e-03,-5.794678650275103537e-02,1.190948930627148128e+00,-0.000000000000000000e+00,0.000000000000000000e+00,-0.000000000000000000e+00,-0.000000000000000000e+00,-0.000000000000000000e+00,0.000000000000000000e+00,-0.000000000000000000e+00,-0.000000000000000000e+00,-0.000000000000000000e+00,-0.000000000000000000e+00,-9.125068315978752953e-02,-0.000000000000000000e+00,-0.000000000000000000e+00,-0.000000000000000000e+00
-4.181010710518337503e-01,-0.000000000000000000e+00,-0.000000000000000000e+00,0.000000000000000000e+00,-2.622114761114309744e-01,0.000000000000000000e+00,0.000000000000000000e+00,0.000000000000000000e+00,-2.423810848828366893e-01,-0.000000000000000000e+00,0.000000000000000000e+00,-0.000000000000000000e+00,2.590457270365996434e-02,-0.000000000000000000e+00,-0.000000000000000000e+00,-0.000000000000000000e+00,0.000000000000000000e+00,-0.000000000000000000e+00,-0.000000000000000000e+00,-0.000000000000000000e+00,-1.330302015170308771e-01,-0.000000000000000000e+00,0.000000000000000000e+00,-0.000000000000000000e+00,-0.000000000000000000e+00,1.978793120032587005e+00,-0.000000000000000000e+00,-3.793674377893612726e-01,-0.000000000000000000e+00,-2.350702566064029053e-01,-0.000000000000000000e+00,0.000000000000000000e+00,0.000000000000000000e+00,-0.000000000000000000e+00,0.000000000000000000e+00,0.000000000000000000e+00,0.000000000000000000e+00,-3.196187155975359073e-01,-0.000000000000000000e+00
-0.000000000000000000e+00,-5.429989816145484038e-01,-2.042754282610708405e-01,-1.718810196168152338e-01,-0.000000000000000000e+00,0.000000000000000000e+00,-3.229037599805695269e-02,4.430748364912101382e-03,0.000000000000000000e+00,-3.952690182281475700e-02,-0.000000000000000000e+00,-7.180426748109383639e-02,-3.302902382686610516e-01,-0.000000000000000000e+00,0.000000000000000000e+00,-0.000000000000000000e+00,-9.205667934927184992e-02,-0.000000000000000000e+00,-0.000000000000000000e+00,-0.000000000000000000e+00,-0.000000000000000000e+00,-2.610273841095893041e-02,-0.000000000000000000e+00,-0.000000000000000000e+00,0.000000000000000000e+00,-0.000000000000000000e+00,2.024600765712228245e+00,-0.000000000000000000e+00,-8.063727455598838911e-02,-0.000000000000000000e+00,-3.831841217252050513e-01,-2.615386348079928869e-01,-1.377283554272299912e-02,0.000000000000000000e+00,-2.404560662127144810e-02,-0.000000000000000000e+00,-0.000000000000000000e+00,0.000000000000000000e+00,-0.000000000000000000e+00
-6.087960611899784907e-02,0.000000000000000000e+00,-0.000000000000000000e+00,6.525443462158098118e-02,-2.669542481462332528e-01,0.000000000000000000e+00,-0.000000000000000000e+00,0.000000000000000000e+00,-1.247438774201242544e-02,0.000000000000000000e+00,1.057772693738425751e-01,-0.000000000000000000e+00,0.000000000000000000e+00,-0.000000000000000000e+00,-0.000000000000000000e+00,-0.000000000000000000e+00,0.000000000000000000e+00,-2.388852483303736951e-01,-0.000000000000000000e+00,-1.137312990333418615e-02,-0.000000000000000000e+00,0.000000000000000000e+00,0.000000000000000000e+00,-0.000000000000000000e+00,-0.000000000000000000e+00,-3.793674377893612726e-01,-0.000000000000000000e+00,1.470327338127021877e+00,-0.000000000000000000e+00,-0.000000000000000000e+00,-0.000000000000000000e+00,0.000000000000000000e+00,0.000000000000000000e+00,-0.000000000000000000e+00,0.000000000000000000e+00,-0.000000000000000000e+00,0.000000000000000000e+00,-9.488339649440336032e-02,-0.000000000000000000e+00
-9.284459945686154500e-03,-1.096971894131414625e-02,-0.000000000000000000e+00,-1.421853309222832207e-01,0.000000000000000000e+00,0.000000000000000000e+00,-0.000000000000000000e+00,0.000000000000000000e+00,-0.000000000000000000e+00,-0.000000000000000000e+00,0.000000000000000000e+00,-1.916364077750465633e-01,-0.000000000000000000e+00,-0.000000000000000000e+00,-0.000000000000000000e+00,-0.000000000000000000e+00,-2.906021307713456125e-01,-1.548135191948070977e-01,-0.000000000000000000e+00,-0.000000000000000000e+00,-0.000000000000000000e+00,-9.271695069699299740e-02,-0.000000000000000000e+00,-4.124614003196110795e-02,-0.000000000000000000e+00,-0.000000000000000000e+00,-8.063727455598838911e-02,-0.000000000000000000e+00,1.319586069157114405e+00,-0.000000000000000000e+00,-0.000000000000000000e+00,-0.000000000000000000e+00,-0.000000000000000000e+00,-0.000000000000000000e+00,-3.372942044730468242e-02,-0.000000000000000000e+00,-1.889777739964690062e-01,0.000000000000000000e+00,-0.000000000000000000e+00
-2.851439634727408537e-03,-0.000000000000000000e+00,-1.621808776788939352e-02,0.000000000000000000e+00,-3.476614616576534367e-01,0.000000000000000000e+00,-0.000000000000000000e+00,0.000000000000000000e+00,-1.504867844054273984e-01,-5.088057611314753537e-01,0.000000000000000000e+00,-0.000000000000000000e+00,-0.000000000000000000e+00,-0.000000000000000000e+00,-0.000000000000000000e+00,-4.902150065584297001e-01,-0.000000000000000000e+00,-0.000000000000000000e+00,-2.125180010861377547e-02,-0.000000000000000000e+00,-0.000000000000000000e+00,-0.000000000000000000e+00,-0.000000000000000000e+00,-2.869578973726213400e-01,-0.000000000000000000e+00,-2.350702566064029053e-01,-0.000000000000000000e+00,-0.000000000000000000e+00,-0.000000000000000000e+00,1.894140746521352003e+00,-0.000000000000000000e+00,-0.000000000000000000e+00,-0.000000000000000000e+00,-0.000000000000000000e+00,0.000000000000000000e+00,-0.000000000000000000e+00,-0.000000000000000000e+00,-1.449264715208856483e-02,-0.000000000000000000e+00
0.000000000000000000e+00,-0.000000000000000000e+00,-0.000000000000000000e+00,-0.000000000000000000e+00,-0.000000000000000000e+00,-0.000000000000000000e+00,-0.000000000000000000e+00,0.000000000000000000e+00,0.000000000000000000e+00,-1.827593072928578588e-01,-2.101850375909863622e-01,0.000000000000000000e+00,-0.000000000000000000e+00,-0.000000000000000000e+00,5.582843503364647714e-02,-0.000000000000000000e+00,-5.073495469202878028e-02,-0.000000000000000000e+00,-1.041153677676692618e-01,0.000000000000000000e+00,0.000000000000000000e+00,0.000000000000000000e+00,-0.000000000000000000e+00,0.000000000000000000e+00,0.000000000000000000e+00,-0.000000000000000000e+00,-3.831841217252050513e-01,-0.000000000000000000e+00,-0.000000000000000000e+00,-0.000000000000000000e+00,1.680284612761097529e+00,-3.088254273449586584e-01,-1.992956379129398881e-01,0.000000000000000000e+00,-0.000000000000000000e+00,-1.653618299677237502e-01,-0.000000000000000000e+00,0.000000000000000000e+00,0.000000000000000000e+00
0.000000000000000000e+00,-2.853720715606377634e-01,-0.000000000000000000e+00,-4.705310001618392968e-02,0.000000000000000000e+00,-0.000000000000000000e+00,-2.483130046463842902e-02,0.000000000000000000e+00,0.000000000000000000e+00,-0.000000000000000000e+00,-7.119144755790071111e-01,-0.000000000000000000e+00,-2.551558256139143666e-01,-0.000000000000000000e+00,0.000000000000000000e+00,-0.000000000000000000e+00,-4.279098268620482037e-01,0.000000000000000000e+00,-0.000000000000000000e+00,0.000000000000000000e+00,0.000000000000000000e+00,-0.000000000000000000e+00,-5.168888434948540889e-01,-0.000000000000000000e+00,-0.000000000000000000e+00,0.000000000000000000e+00,-2.615386348079928869e-01,0.000000000000000000e+00,-0.000000000000000000e+00,-0.000000000000000000e+00,-3.088254273449586584e-01,3.058084246790566230e+00,-5.044882018182729466e-02,0.000000000000000000e+00,-5.654646660395970525e-02,-0.000000000000000000e+00,-4.932832062572007348e-01,0.000000000000000000e+00,0.000000000000000000e+00
0.000000000000000000e+00,-0.000000000000000000e+00,-2.411574429058295221e-01,-0.000000000000000000e+00,-0.000000000000000000e+00,-0.000000000000000000e+00,-1.475468948848249716e-02,3.371265208669101954e-01,0.000000000000000000e+00,-2.393674159452612027e-02,-0.000000000000000000e+00,0.000000000000000000e+00,-0.000000000000000000e+00,-9.987547338792353291e-02,0.000000000000000000e+00,-0.000000000000000000e+00,-2.101971845884097190e-02,-0.000000000000000000e+00,-1.131303958411369603e-01,0.000000000000000000e+00,-0.000000000000000000e+00,-0.000000000000000000e+00,-7.176686024276120179e-02,-0.000000000000000000e+00,-0.000000000000000000e+00,0.000000000000000000e+00,-1.377283554272299912e-02,0.000000000000000000e+00,-0.000000000000000000e+00,-0.000000000000000000e+00,-1.992956379129398881e-01,-5.044882018182729466e-02,1.478578981696907935e+00,8.419373541315599077e-03,-0.000000000000000000e+00,-1.707635159993949880e-01,-6.179860355695497576e-02,0.000000000000000000e+00,0.000000000000000000e+00
-1.136904810070482746e-01,0.000000000000000000e+00,-0.000000000000000000e+00,-0.000000000000000000e+00,-0.000000000000000000e+00,0.000000000000000000e+00,3.360068644652553643e-02,0.000000000000000000e+00,-3.729453312946465759e-01,-0.000000000000000000e+00,0.000000000000000000e+00,-0.000000000000000000e+00,0.000000000000000000e+00,-0.000000000000000000e+00,-1.532772342463984139e-01,-0.000000000000000000e+00,-0.000000000000000000e+00,0.000000000000000000e+00,0.000000000000000000e+00,-0.000000000000000000e+00,-0.000000000000000000e+00,-2.739560997476774007e-02,0.000000000000000000e+00,-0.000000000000000000e+00,-0.000000000000000000e+00,-0.000000000000000000e+00,0.000000000000000000e+00,-0.000000000000000000e+00,-0.000000000000000000e+00,-0.000000000000000000e+00,0.000000000000000000e+00,0.000000000000000000e+00,8.419373541315599077e-03,1.470199794271714655e+00,0.000000000000000000e+00,0.000000000000000000e+00,0.000000000000000000e+00,-3.254837525723000557e-02,-3.151739554063309745e-01
-0.000000000000000000e+00,-1.181430009157724142e-01,0.000000000000000000e+00,-0.000000000000000000e+00,0.000000000000000000e+00,-0.000000000000000000e+00,-1.506367448605067383e-01,-0.000000000000000000e+00,6.569389269456536729e-02,0.000000000000000000e+00,-0.000000000000000000e+00,0.000000000000000000e+00,-5.289358358788431858e-01,-0.000000000000000000e+00,0.000000000000000000e+00,-0.000000000000000000e+00,-5.568394624033785878e-02,-0.000000000000000000e+00,0.000000000000000000e+00,0.000000000000000000e+00,0.000000000000000000e+00,0.000000000000000000e+00,-6.403196535499650066e-02,-0.000000000000000000e+00,-0.000000000000000000e+00,0.000000000000000000e+00,-2.404560662127144810e-02,0.000000000000000000e+00,-3.372942044730468242e-02,0.000000000000000000e+00,-0.000000000000000000e+00,-5.654646660395970525e-02,-0.000000000000000000e+00,0.000000000000000000e+00,2.261903336511692508e+00,-3.643811824548874867e-01,-6.379235335945059315e-01,2.583075708641491830e-01,0.000000000000000000e+00
-0.000000000000000000e+00,-4.260899831554704198e-02,-0.000000000000000000e+00,0.000000000000000000e+00,-0.000000000000000000e+00,-0.000000000000000000e+00,-0.000000000000000000e+00,0.000000000000000000e+00,0.000000000000000000e+00,-0.000000000000000000e+00,-0.000000000000000000e+00,5.128737201145264907e-02,-4.630034383850271246e-02,-3.884853900340639599e-01,1.269699653505685921e-01,-2.167192167184537333e-01,-7.428646348447949521e-02,0.000000000000000000e+00,-0.000000000000000000e+00,1.063133487552120893e-01,0.000000000000000000e+00,0.000000000000000000e+00,-1.963753418305946574e-01,0.000000000000000000e+00,-9.125068315978752953e-02,0.000000000000000000e+00,-0.000000000000000000e+00,-0.000000000000000000e+00,-0.000000000000000000e+00,-0.000000000000000000e+00,-1.653618299677237502e-01,-0.000000000000000000e+00,-1.707635159993949880e-01,0.000000000000000000e+00,-3.643811824548874867e-01,1.851023563457377952e+00,-6.575303616783692920e-03,0.000000000000000000e+00,0.000000000000000000e+00
-0.000000000000000000e+00,-2.760828082757017521e-01,-0.000000000000000000e+00,-0.000000000000000000e+00,0.000000000000000000e+00,-1.157088121003988918e-01,-0.000000000000000000e+00,0.000000000000000000e+00,0.000000000000000000e+00,-0.000000000000000000e+00,-0.000000000000000000e+00,0.000000000000000000e+00,-0.000000000000000000e+00,-1.274601420986595235e-01,0.000000000000000000e+00,-0.000000000000000000e+00,-2.013643535387028005e-01,-0.000000000000000000e+00,-0.000000000000000000e+00,0.000000000000000000e+00,0.000000000000000000e+00,-0.000000000000000000e+00,-1.969374781236007677e-01,-0.000000000000000000e+00,-0.000000000000000000e+00,0.000000000000000000e+00,-0.000000000000000000e+00,0.000000000000000000e+00,-1.889777739964690062e-01,-0.000000000000000000e+00,-0.000000000000000000e+00,-4.932832062572007348e-01,-6.179860355695497576e-02,0.000000000000000000e+00,-6.379235335945059315e-01,-6.575303616783692920e-03,2.249986379827319194e+00,0.000000000000000000e+00,-0.000000000000000000e+00
-5.657536297934147029e-01,0.000000000000000000e+00,-0.000000000000000000e+00,0.000000000000000000e+00,-1.168647428370236940e-01,0.000000000000000000e+00,7.092824785250101405e-02,0.000000000000000000e+00,-7.988138428545468184e-01,-0.000000000000000000e+00,1.958705290647121122e-01,-0.000000000000000000e+00,1.218813150856020711e-01,-0.000000000000000000e+00,-1.421541576368468840e-01,-0.000000000000000000e+00,0.000000000000000000e+00,-0.000000000000000000e+00,-0.000000000000000000e+00,-6.174195203213683758e-02,-5.220402308454575452e-02,-0.000000000000000000e+00,0.000000000000000000e+00,-0.000000000000000000e+00,-0.000000000000000000e+00,-3.196187155975359073e-01,0.000000000000000000e+00,-9.488339649440336032e-02,0.000000000000000000e+00,-1.449264715208856483e-02,0.000000000000000000e+00,0.000000000000000000e+00,0.000000000000000000e+00,-3.254837525723000557e-02,2.583075708641491830e-01,0.000000000000000000e+00,0.000000000000000000e+00,2.807991866347252063e+00,-3.892089161569117217e-01
-5.649888410333192557e-01,-1.410395990849430681e-01,-0.000000000000000000e+00,0.000000000000000000e+00,-0.000000000000000000e+00,0.000000000000000000e+00,0.000000000000000000e+00,0.000000000000000000e+00,-3.139640890396873107e-01,-0.000000000000000000e+00,0.000000000000000000e+00,-1.270517040222846894e-01,0.000000000000000000e+00,-0.000000000000000000e+00,-0.000000000000000000e+00,-0.000000000000000000e+00,-0.000000000000000000e+00,0.000000000000000000e+00,-0.000000000000000000e+00,-0.000000000000000000e+00,-0.000000000000000000e+00,-2.897948611529232443e-01,0.000000000000000000e+00,-1.052237539145624567e-01,-0.000000000000000000e+00,-0.000000000000000000e+00,-0.000000000000000000e+00,-0.000000000000000000e+00,-0.000000000000000000e+00,-0.000000000000000000e+00,0.000000000000000000e+00,0.000000000000000000e+00,0.000000000000000000e+00,-3.151739554063309745e-01,0.000000000000000000e+00,0.000000000000000000e+00,-0.000000000000000000e+00,-3.892089161569117217e-01,2.091821078244579191e+00
