2.920691578691652968e+00,-0.000000000000000000e+00,-0.000000000000000000e+00,-1.100528242961156949e-01,-0.000000000000000000e+00,-0.000000000000000000e+00,0.000000000000000000e+00,0.000000000000000000e+00,-9.961682751907870170e-02,-0.000000000000000000e+00,7.030217651772104059e-02,0.000000000000000000e+00,3.554652123417078591e-01,-0.000000000000000000e+00,0.000000000000000000e+00,-2.830465281080643547e-01,-6.672959158922048273e-02,-2.534349015547929795e-01,-1.601828507491024067e-01,-0.000000000000000000e+00,0.000000000000000000e+00,0.000000000000000000e+00,-1.274406731663743353e-01,-3.246737765062375769e-01,-0.000000000000000000e+00,-2.886915322013009488e-01,0.000000000000000000e+00,-1.492516703001372236e-01,-2.727609536832318882e-01,-1.323341359379511528e-01,0.000000000000000000e+00,0.000000000000000000e+00,0.000000000000000000e+00,-0.000000000000000000e+00,-6.964388461874257419e-02,-0.000000000000000000e+00,-0.000000000000000000e+00,-2.809860776499702451e-01,-0.000000000000000000e+00
-0.000000000000000000e+00,1.773422943568245147e+00,-0.000000000000000000e+00,0.000000000000000000e+00,-0.000000000000000000e+00,-0.000000000000000000e+00,0.000000000000000000e+00,0.000000000000000000e+00,-0.000000000000000000e+00,-0.000000000000000000e+00,0.000000000000000000e+00,-0.000000000000000000e+00,-0.000000000000000000e+00,-2.260999005310228016e-01,4.825650013203227479e-03,-0.000000000000000000e+00,0.000000000000000000e+00,-0.000000000000000000e+00,-0.000000000000000000e+00,0.000000000000000000e+00,0.000000000000000000e+00,-0.000000000000000000e+00,-0.000000000000000000e+00,-0.000000000000000000e+00,-0.000000000000000000e+00,-0.000000000000000000e+00,-0.000000000000000000e+00,0.000000000000000000e+00,-0.000000000000000000e+00,-0.000000000000000000e+00,-2.976081829148859437e-01,-3.182651647874628620e-01,-0.000000000000000000e+00,-0.000000000000000000e+00,-0.000000000000000000e+00,-5.523532525051383368e-01,-3.316850348450159358e-01,0.000000000000000000e+00,-1.412782307520632219e-01
-0.000000000000000000e+00,-0.000000000000000000e+00,2.202381712147390758e+00,-0.000000000000000000e+00,-2.588682944996141266e-01,-0.000000000000000000e+00,0.000000000000000000e+00,1.187772425354291173e+00,-0.000000000000000000e+00,-0.000000000000000000e+00,0.000000000000000000e+00,-0.000000000000000000e+00,0.000000000000000000e+00,-3.394870508408995985e-02,0.000000000000000000e+00,-0.000000000000000000e+00,-0.000000000000000000e+00,-0.000000000000000000e+00,-0.000000000000000000e+00,-1.802489775918881265e-01,-4.017292617239517916e-02,-0.000000000000000000e+00,-0.000000000000000000e+00,-0.000000000000000000e+00,-1.483236446107532580e-01,-0.000000000000000000e+00,-0.000000000000000000e+00,-1.470812836025144343e-01,-0.000000000000000000e+00,-0.000000000000000000e+00,-0.000000000000000000e+00,-0.000000000000000000e+00,-0.000000000000000000e+00,-0.000000000000000000e+00,-0.000000000000000000e+00,-1.763927683817526765e-02,-0.000000000000000000e+00,-0.000000000000000000e+00,-2.058325127022787859e-01
-1.100528242961156949e-01,0.000000000000000000e+00,-0.000000000000000000e+00,2.501758516458890469e+00,-0.000000000000000000e+00,-0.000000000000000000e+00,1.515773875944393112e-01,0.000000000000000000e+00,-5.634239489559166730e-02,-9.569506507902650339e-02,4.621200734757063833e-01,-0.000000000000000000e+00,1.213012061092403060e-01,-0.000000000000000000e+00,0.000000000000000000e+00,-4.498037064677586766e-02,-0.000000000000000000e+00,-3.534896395263551483e-01,-4.415951418191724209e-01,-1.520682732690845640e-01,0.000000000000000000e+00,0.000000000000000000e+00,-0.000000000000000000e+00,-0.000000000000000000e+00,-0.000000000000000000e+00,-0.000000000000000000e+00,0.000000000000000000e+00,-0.000000000000000000e+00,-0.000000000000000000e+00,-7.880967403451115405e-02,0.000000000000000000e+00,1.725211274046705434e-01,0.000000000000000000e+00,-0.000000000000000000e+00,-0.000000000000000000e+00,-0.000000000000000000e+00,-0.000000000000000000e+00,-3.407724091763104091e-01,-0.000000000000000000e+00
-0.000000000000000000e+00,-0.000000000000000000e+00,-2.588682944996141266e-01,-0.000000000000000000e+00,2.422553897193482797e+00,-1.891647818159521502e-02,0.000000000000000000e+00,1.519468318691240272e-01,-2.648193694819129806e-01,-3.811961131979607620e-01,0.000000000000000000e+00,-0.000000000000000000e+00,0.000000000000000000e+00,-3.051563222091134286e-01,0.000000000000000000e+00,-2.423412815686153132e-02,-0.000000000000000000e+00,-0.000000000000000000e+00,-1.760360779717303759e-01,-0.000000000000000000e+00,0.000000000000000000e+00,0.000000000000000000e+00,-3.019568686944008040e-01,-1.363264725000713773e-01,-8.871429478759165765e-02,-1.662936528885576859e-01,0.000000000000000000e+00,-0.000000000000000000e+00,-0.000000000000000000e+00,-8.325667478748934036e-02,0.000000000000000000e+00,0.000000000000000000e+00,0.000000000000000000e+00,-1.670012506505447469e-01,-0.000000000000000000e+00,-0.000000000000000000e+00,-0.000000000000000000e+00,-5.336737336215605955e-03,-7.556197227079694545e-02
-0.000000000000000000e+00,-0.000000000000000000e+00,-0.000000000000000000e+00,-0.000000000000000000e+00,-1.891647818159521502e-02,1.856491945391950171e+00,0.000000000000000000e+00,0.000000000000000000e+00,-0.000000000000000000e+00,-0.000000000000000000e+00,0.000000000000000000e+00,0.000000000000000000e+00,0.000000000000000000e+00,-1.340653053317640564e-01,0.000000000000000000e+00,-0.000000000000000000e+00,-4.284695119723379575e-01,-0.000000000000000000e+00,-0.000000000000000000e+00,-0.000000000000000000e+00,0.000000000000000000e+00,0.000000000000000000e+00,-1.216036804043004044e-01,-8.658034183811159912e-02,-2.467642757025454991e-01,-2.104417941117338320e-01,0.000000000000000000e+00,-7.012549455782338126e-02,-3.049713215524726961e-01,-0.000000000000000000e+00,0.000000000000000000e+00,-0.000000000000000000e+00,0.000000000000000000e+00,-0.000000000000000000e+00,-8.732221956279252739e-02,-0.000000000000000000e+00,-0.000000000000000000e+00,-0.000000000000000000e+00,-0.000000000000000000e+00
0.000000000000000000e+00,0.000000000000000000e+00,0.000000000000000000e+00,1.515773875944393112e-01,0.000000000000000000e+00,0.000000000000000000e+00,1.355889043416619089e+00,-0.000000000000000000e+00,0.000000000000000000e+00,1.725135187730286179e-01,-0.000000000000000000e+00,1.755329988927278873e-01,-0.000000000000000000e+00,0.000000000000000000e+00,-1.209639106599352809e-01,0.000000000000000000e+00,0.000000000000000000e+00,1.912185627982096459e-02,2.413313376795983914e-02,0.000000000000000000e+00,0.000000000000000000e+00,-0.000000000000000000e+00,3.872715337305087605e-03,1.410976731721546445e-02,0.000000000000000000e+00,1.438916713992539897e-01,0.000000000000000000e+00,0.000000000000000000e+00,0.000000000000000000e+00,7.604850160066273408e-03,0.000000000000000000e+00,-0.000000000000000000e+00,0.000000000000000000e+00,0.000000000000000000e+00,0.000000000000000000e+00,0.000000000000000000e+00,0.000000000000000000e+00,0.000000000000000000e+00,2.067374255781279646e-01
0.000000000000000000e+00,0.000000000000000000e+00,1.187772425354291173e+00,0.000000000000000000e+00,1.519468318691240272e-01,0.000000000000000000e+00,-0.000000000000000000e+00,1.964201856291008186e+00,0.000000000000000000e+00,0.000000000000000000e+00,-0.000000000000000000e+00,0.000000000000000000e+00,-0.000000000000000000e+00,6.889531781281389711e-02,-0.000000000000000000e+00,0.000000000000000000e+00,0.000000000000000000e+00,0.000000000000000000e+00,0.000000000000000000e+00,0.000000000000000000e+00,1.102755099262638649e-01,0.000000000000000000e+00,0.000000000000000000e+00,0.000000000000000000e+00,8.334889446900242693e-02,0.000000000000000000e+00,0.000000000000000000e+00,0.000000000000000000e+00,0.000000000000000000e+00,0.000000000000000000e+00,0.000000000000000000e+00,0.000000000000000000e+00,0.000000000000000000e+00,0.000000000000000000e+00,0.000000000000000000e+00,1.067991179854573675e-01,0.000000000000000000e+00,0.000000000000000000e+00,0.000000000000000000e+00
-9.961682751907870170e-02,-0.000000000000000000e+00,-0.000000000000000000e+00,-5.634239489559166730e-02,-2.648193694819129806e-01,-0.000000000000000000e+00,0.000000000000000000e+00,0.000000000000000000e+00,2.811838260547390167e+00,-4.197691776682154208e-01,6.977581140064886833e-02,-0.000000000000000000e+00,0.000000000000000000e+00,-1.744905838737787970e-02,0.000000000000000000e+00,-3.294108591209422565e-01,-0.000000000000000000e+00,-2.015924986973025856e-01,-1.971996626472345970e-01,-0.000000000000000000e+00,7.898421794287285858e-02,0.000000000000000000e+00,-2.130740592666227617e-01,-8.326897550370342127e-02,-0.000000000000000000e+00,-5.584089623127776181e-02,0.000000000000000000e+00,-0.000000000000000000e+00,-0.000000000000000000e+00,-5.523068076276050897e-01,0.000000000000000000e+00,0.000000000000000000e+00,0.000000000000000000e+00,-6.482542807630845005e-02,-0.000000000000000000e+00,-0.000000000000000000e+00,-0.000000000000000000e+00,-1.690202509391390828e-01,-0.000000000000000000e+00
-0.000000000000000000e+00,-0.000000000000000000e+00,-0.000000000000000000e+00,-9.569506507902650339e-02,-3.811961131979607620e-01,-0.000000000000000000e+00,1.725135187730286179e-01,0.000000000000000000e+00,-4.197691776682154208e-01,2.721508174453775020e+00,0.000000000000000000e+00,-0.000000000000000000e+00,0.000000000000000000e+00,-1.540207818688310859e-01,0.000000000000000000e+00,-1.230451788236232441e-01,-0.000000000000000000e+00,-5.220922148669614182e-02,-3.221866459297266228e-01,-0.000000000000000000e+00,0.000000000000000000e+00,0.000000000000000000e+00,-2.515437069316596719e-01,-1.172540763324113507e-02,-0.000000000000000000e+00,-5.320545031531830754e-02,0.000000000000000000e+00,-0.000000000000000000e+00,-0.000000000000000000e+00,-3.823887489645693694e-01,0.000000000000000000e+00,0.000000000000000000e+00,0.000000000000000000e+00,-0.000000000000000000e+00,-0.000000000000000000e+00,-0.000000000000000000e+00,-0.000000000000000000e+00,-2.291463580470091271e-02,-4.595986125921662224e-01
7.030217651772104059e-02,0.000000000000000000e+00,0.000000000000000000e+00,4.621200734757063833e-01,0.000000000000000000e+00,0.000000000000000000e+00,-0.000000000000000000e+00,-0.000000000000000000e+00,6.977581140064886833e-02,0.000000000000000000e+00,2.043080411556675191e+00,0.000000000000000000e+00,-2.646334114925666392e-01,0.000000000000000000e+00,-0.000000000000000000e+00,2.190439097714144967e-01,0.000000000000000000e+00,1.199870323246748360e-01,1.226574958320147818e-01,0.000000000000000000e+00,-0.000000000000000000e+00,-0.000000000000000000e+00,0.000000000000000000e+00,0.000000000000000000e+00,-0.000000000000000000e+00,0.000000000000000000e+00,-1.520453554313437768e-02,0.000000000000000000e+00,0.000000000000000000e+00,2.715115884430867599e-01,-0.000000000000000000e+00,-2.592911513424021042e-01,-1.637928543047208890e-02,0.000000000000000000e+00,0.000000000000000000e+00,0.000000000000000000e+00,0.000000000000000000e+00,0.000000000000000000e+00,0.000000000000000000e+00
0.000000000000000000e+00,-0.000000000000000000e+00,-0.000000000000000000e+00,-0.000000000000000000e+00,-0.000000000000000000e+00,0.000000000000000000e+00,1.755329988927278873e-01,0.000000000000000000e+00,-0.000000000000000000e+00,-0.000000000000000000e+00,0.000000000000000000e+00,1.592021937971385803e+00,-0.000000000000000000e+00,-0.000000000000000000e+00,0.000000000000000000e+00,-0.000000000000000000e+00,1.374641600650753082e-01,-0.000000000000000000e+00,-0.000000000000000000e+00,0.000000000000000000e+00,-0.000000000000000000e+00,-3.053070788476212882e-02,-0.000000000000000000e+00,0.000000000000000000e+00,-0.000000000000000000e+00,-0.000000000000000000e+00,-3.333984445804466512e-01,0.000000000000000000e+00,0.000000000000000000e+00,-0.000000000000000000e+00,-8.661266437086260345e-03,-0.000000000000000000e+00,-0.000000000000000000e+00,-1.801799632092874470e-01,0.000000000000000000e+00,-0.000000000000000000e+00,-0.000000000000000000e+00,-0.000000000000000000e+00,-7.299593170869697056e-01
3.554652123417078591e-01,-0.000000000000000000e+00,0.000000000000000000e+00,1.213012061092403060e-01,0.000000000000000000e+00,0.000000000000000000e+00,-0.000000000000000000e+00,-0.000000000000000000e+00,0.000000000000000000e+00,0.000000000000000000e+00,-2.646334114925666392e-01,-0.000000000000000000e+00,2.769734924218446359e+00,0.000000000000000000e+00,-0.000000000000000000e+00,3.067255707618972704e-01,1.924971125428923402e-01,2.941362597310403504e-01,3.634992155692149535e-02,0.000000000000000000e+00,-0.000000000000000000e+00,-3.411605342112256634e-01,0.000000000000000000e+00,7.246630679437740530e-02,0.000000000000000000e+00,0.000000000000000000e+00,-2.310205385855758908e-01,0.000000000000000000e+00,2.633771807029309242e-01,0.000000000000000000e+00,-1.916791168806233625e-01,-0.000000000000000000e+00,-1.306892976143283758e-01,0.000000000000000000e+00,0.000000000000000000e+00,-0.000000000000000000e+00,0.000000000000000000e+00,3.206922674776140902e-01,0.000000000000000000e+00
-0.000000000000000000e+00,-2.260999005310228016e-01,-3.394870508408995985e-02,-0.000000000000000000e+00,-3.051563222091134286e-01,-1.340653053317640564e-01,0.000000000000000000e+00,6.889531781281389711e-02,-1.744905838737787970e-02,-1.540207818688310859e-01,0.000000000000000000e+00,-0.000000000000000000e+00,0.000000000000000000e+00,2.291305961112445111e+00,0.000000000000000000e+00,-0.000000000000000000e+00,-0.000000000000000000e+00,-0.000000000000000000e+00,-0.000000000000000000e+00,-0.000000000000000000e+00,0.000000000000000000e+00,-0.000000000000000000e+00,-2.201716756928400187e-01,-4.687424960397161555e-02,-3.029923043661139070e-01,-0.000000000000000000e+00,-0.000000000000000000e+00,-0.000000000000000000e+00,-0.000000000000000000e+00,-2.020210906193582127e-03,-0.000000000000000000e+00,-0.000000000000000000e+00,-0.000000000000000000e+00,-3.121806229116220188e-01,-2.800430427977299366e-02,-4.909219287856385061e-01,-1.577799548266488328e-01,-0.000000000000000000e+00,-1.487412802388312638e-01
0.000000000000000000e+00,4.825650013203227479e-03,0.000000000000000000e+00,0.000000000000000000e+00,0.000000000000000000e+00,0.000000000000000000e+00,-1.209639106599352809e-01,-0.000000000000000000e+00,0.000000000000000000e+00,0.000000000000000000e+00,-0.000000000000000000e+00,0.000000000000000000e+00,-0.000000000000000000e+00,0.000000000000000000e+00,1.153108903746164149e+00,0.000000000000000000e+00,0.000000000000000000e+00,0.000000000000000000e+00,0.000000000000000000e+00,0.000000000000000000e+00,-0.000000000000000000e+00,0.000000000000000000e+00,1.110330929877866302e-01,0.000000000000000000e+00,8.304668252290293984e-02,0.000000000000000000e+00,0.000000000000000000e+00,0.000000000000000000e+00,0.000000000000000000e+00,0.000000000000000000e+00,0.000000000000000000e+00,0.000000000000000000e+00,0.000000000000000000e+00,0.000000000000000000e+00,0.000000000000000000e+00,1.299126276832331950e-01,1.490849366323283853e-01,0.000000000000000000e+00,2.238118255069335150e-02
-2.830465281080643547e-01,-0.000000000000000000e+00,-0.000000000000000000e+00,-4.498037064677586766e-02,-2.423412815686153132e-02,-0.000000000000000000e+00,0.000000000000000000e+00,0.000000000000000000e+00,-3.294108591209422565e-01,-1.230451788236232441e-01,2.190439097714144967e-01,-0.000000000000000000e+00,3.067255707618972704e-01,-0.000000000000000000e+00,0.000000000000000000e+00,2.926408137293682099e+00,-0.000000000000000000e+00,-2.749536862096600975e-01,-1.973121579712081575e-01,-0.000000000000000000e+00,1.267463494861933992e-01,0.000000000000000000e+00,-1.151763845297929523e-01,-9.127490078760405745e-02,-0.000000000000000000e+00,-1.479392708103606513e-01,0.000000000000000000e+00,-0.000000000000000000e+00,-2.920650295170680241e-02,-3.965502361242992935e-01,0.000000000000000000e+00,0.000000000000000000e+00,9.671092826708063694e-02,-0.000000000000000000e+00,-9.691713560949241722e-04,-0.000000000000000000e+00,-0.000000000000000000e+00,-2.563319360513409695e-01,-0.000000000000000000e+00
-6.672959158922048273e-02,0.000000000000000000e+00,-0.000000000000000000e+00,-0.000000000000000000e+00,-0.000000000000000000e+00,-4.284695119723379575e-01,0.000000000000000000e+00,0.000000000000000000e+00,-0.000000000000000000e+00,-0.000000000000000000e+00,0.000000000000000000e+00,1.374641600650753082e-01,1.924971125428923402e-01,-0.000000000000000000e+00,0.000000000000000000e+00,-0.000000000000000000e+00,1.928814986997847480e+00,-0.000000000000000000e+00,-0.000000000000000000e+00,-0.000000000000000000e+00,0.000000000000000000e+00,0.000000000000000000e+00,-0.000000000000000000e+00,-0.000000000000000000e+00,-0.000000000000000000e+00,-6.418024670750346883e-02,2.443853069523619151e-02,-2.618671712666939544e-01,-6.061455746481090312e-01,-0.000000000000000000e+00,0.000000000000000000e+00,0.000000000000000000e+00,0.000000000000000000e+00,-0.000000000000000000e+00,-7.114704809282845765e-02,-0.000000000000000000e+00,-0.000000000000000000e+00,-0.000000000000000000e+00,0.000000000000000000e+00
-2.534349015547929795e-01,-0.000000000000000000e+00,-0.000000000000000000e+00,-3.534896395263551483e-01,-0.000000000000000000e+00,-0.000000000000000000e+00,1.912185627982096459e-02,0.000000000000000000e+00,-2.015924986973025856e-01,-5.220922148669614182e-02,1.199870323246748360e-01,-0.000000000000000000e+00,2.941362597310403504e-01,-0.000000000000000000e+00,0.000000000000000000e+00,-2.749536862096600975e-01,-0.000000000000000000e+00,2.939953361340881255e+00,-3.256752123936678678e-01,-2.495071626703445830e-02,0.000000000000000000e+00,0.000000000000000000e+00,-9.838927007995111607e-02,-6.256216094844031794e-02,-0.000000000000000000e+00,-2.490384302956376306e-01,0.000000000000000000e+00,-0.000000000000000000e+00,-0.000000000000000000e+00,-1.730946511903191098e-01,0.000000000000000000e+00,0.000000000000000000e+00,0.000000000000000000e+00,-0.000000000000000000e+00,-0.000000000000000000e+00,-0.000000000000000000e+00,-0.000000000000000000e+00,-4.686790754957154137e-01,-0.000000000000000000e+00
-1.601828507491024067e-01,-0.000000000000000000e+00,-0.000000000000000000e+00,-4.415951418191724209e-01,-1.760360779717303759e-01,-0.000000000000000000e+00,2.413313376795983914e-02,0.000000000000000000e+00,-1.971996626472345970e-01,-3.221866459297266228e-01,1.226574958320147818e-01,-0.000000000000000000e+00,3.634992155692149535e-02,-0.000000000000000000e+00,0.000000000000000000e+00,-1.973121579712081575e-01,-0.000000000000000000e+00,-3.256752123936678678e-01,2.683245932971147774e+00,-1.593537970508354384e-01,0.000000000000000000e+00,0.000000000000000000e+00,-0.000000000000000000e+00,-0.000000000000000000e+00,-0.000000000000000000e+00,-8.233612230633306772e-02,0.000000000000000000e+00,-0.000000000000000000e+00,-0.000000000000000000e+00,-8.875665497398274595e-02,0.000000000000000000e+00,0.000000000000000000e+00,0.000000000000000000e+00,-0.000000000000000000e+00,-0.000000000000000000e+00,-0.000000000000000000e+00,-0.000000000000000000e+00,-3.639755872410564974e-01,-0.000000000000000000e+00
-0.000000000000000000e+00,0.000000000000000000e+00,-1.802489775918881265e-01,-1.520682732690845640e-01,-0.000000000000000000e+00,-0.000000000000000000e+00,0.000000000000000000e+00,0.000000000000000000e+00,-0.000000000000000000e+00,-0.000000000000000000e+00,0.000000000000000000e+00,0.000000000000000000e+00,0.000000000000000000e+00,-0.000000000000000000e+00,0.000000000000000000e+00,-0.000000000000000000e+00,-0.000000000000000000e+00,-2.495071626703445830e-02,-1.593537970508354384e-01,1.563582708492454953e+00,-0.000000000000000000e+00,0.000000000000000000e+00,-0.000000000000000000e+00,-0.000000000000000000e+00,-0.000000000000000000e+00,-0.000000000000000000e+00,0.000000000000000000e+00,-5.756097558161569205e-01,-0.000000000000000000e+00,-0.000000000000000000e+00,0.000000000000000000e+00,3.725898746291510244e-02,0.000000000000000000e+00,0.000000000000000000e+00,-0.000000000000000000e+00,0.000000000000000000e+00,-0.000000000000000000e+00,-1.027827475168097138e-01,-0.000000000000000000e+00
0.000000000000000000e+00,0.000000000000000000e+00,-4.017292617239517916e-02,0.000000000000000000e+00,0.000000000000000000e+00,0.000000000000000000e+00,0.000000000000000000e+00,1.102755099262638649e-01,7.898421794287285858e-02,0.000000000000000000e+00,-0.000000000000000000e+00,-0.000000000000000000e+00,-0.000000000000000000e+00,0.000000000000000000e+00,-0.000000000000000000e+00,1.267463494861933992e-01,0.000000000000000000e+00,0.000000000000000000e+00,0.000000000000000000e+00,-0.000000000000000000e+00,1.507739375020953121e+00,-1.944536638157681741e-01,0.000000000000000000e+00,0.000000000000000000e+00,-0.000000000000000000e+00,0.000000000000000000e+00,-1.700255385662900395e-02,-0.000000000000000000e+00,0.000000000000000000e+00,1.436437002379128969e-01,-0.000000000000000000e+00,-0.000000000000000000e+00,-5.649380851960659200e-01,0.000000000000000000e+00,0.000000000000000000e+00,-0.000000000000000000e+00,0.000000000000000000e+00,0.000000000000000000e+00,0.000000000000000000e+00
0.000000000000000000e+00,-0.000000000000000000e+00,-0.000000000000000000e+00,0.000000000000000000e+00,0.000000000000000000e+00,0.000000000000000000e+00,-0.000000000000000000e+00,0.000000000000000000e+00,0.000000000000000000e+00,0.000000000000000000e+00,-0.000000000000000000e+00,-3.053070788476212882e-02,-3.411605342112256634e-01,-0.000000000000000000e+00,0.000000000000000000e+00,0.000000000000000000e+00,0.000000000000000000e+00,0.000000000000000000e+00,0.000000000000000000e+00,0.000000000000000000e+00,-1.944536638157681741e-01,1.961020341203206119e+00,0.000000000000000000e+00,0.000000000000000000e+00,-0.000000000000000000e+00,0.000000000000000000e+00,-2.317792856949700275e-01,0.000000000000000000e+00,0.000000000000000000e+00,0.000000000000000000e+00,-4.000356125974726118e-01,-1.403966708985484035e-01,-4.812659154396009553e-01,-0.000000000000000000e+00,0.000000000000000000e+00,-3.297478265359091859e-02,-0.000000000000000000e+00,1.661666342081749570e-02,-0.000000000000000000e+00
-1.274406731663743353e-01,-0.000000000000000000e+00,-0.000000000000000000e+00,-0.000000000000000000e+00,-3.019568686944008040e-01,-1.216036804043004044e-01,3.872715337305087605e-03,0.000000000000000000e+00,-2.130740592666227617e-01,-2.515437069316596719e-01,0.000000000000000000e+00,-0.000000000000000000e+00,0.000000000000000000e+00,-2.201716756928400187e-01,1.110330929877866302e-01,-1.151763845297929523e-01,-0.000000000000000000e+00,-9.838927007995111607e-02,-0.000000000000000000e+00,-0.000000000000000000e+00,0.000000000000000000e+00,0.000000000000000000e+00,2.500958721756412206e+00,-2.319991805493456793e-01,-1.550369897849338541e-01,-2.280489132043951872e-01,0.000000000000000000e+00,-0.000000000000000000e+00,-0.000000000000000000e+00,-2.043292400437634881e-01,0.000000000000000000e+00,-0.000000000000000000e+00,0.000000000000000000e+00,-0.000000000000000000e+00,-1.540361418476174082e-01,-0.000000000000000000e+00,-5.436340283212415248e-02,-5.415375640511369687e-02,-0.000000000000000000e+00
-3.246737765062375769e-01,-0.000000000000000000e+00,-0.000000000000000000e+00,-0.000000000000000000e+00,-1.363264725000713773e-01,-8.658034183811159912e-02,1.410976731721546445e-02,0.000000000000000000e+00,-8.326897550370342127e-02,-1.172540763324113507e-02,0.000000000000000000e+00,0.000000000000000000e+00,7.246630679437740530e-02,-4.687424960397161555e-02,0.000000000000000000e+00,-9.127490078760405745e-02,-0.000000000000000000e+00,-6.256216094844031794e-02,-0.000000000000000000e+00,-0.000000000000000000e+00,0.000000000000000000e+00,0.000000000000000000e+00,-2.319991805493456793e-01,2.409709857812366796e+00,-0.000000000000000000e+00,-2.369967646790813454e-01,0.000000000000000000e+00,-0.000000000000000000e+00,-2.747597334449236595e-01,-1.609730173458628899e-01,0.000000000000000000e+00,0.000000000000000000e+00,0.000000000000000000e+00,-0.000000000000000000e+00,-3.675471937977214387e-01,-0.000000000000000000e+00,-1.410547017331856279e-01,-8.629697152371025581e-02,-0.000000000000000000e+00
-0.000000000000000000e+00,-0.000000000000000000e+00,-1.483236446107532580e-01,-0.000000000000000000e+00,-8.871429478759165765e-02,-2.467642757025454991e-01,0.000000000000000000e+00,8.334889446900242693e-02,-0.000000000000000000e+00,-0.000000000000000000e+00,-0.000000000000000000e+00,-0.000000000000000000e+00,0.000000000000000000e+00,-3.029923043661139070e-01,8.304668252290293984e-02,-0.000000000000000000e+00,-0.000000000000000000e+00,-0.000000000000000000e+00,-0.000000000000000000e+00,-0.000000000000000000e+00,-0.000000000000000000e+00,-0.000000000000000000e+00,-1.550369897849338541e-01,-0.000000000000000000e+00,1.636433800764709900e+00,-0.000000000000000000e+00,-0.000000000000000000e+00,-0.000000000000000000e+00,-0.000000000000000000e+00,-0.000000000000000000e+00,-0.000000000000000000e+00,-0.000000000000000000e+00,-0.000000000000000000e+00,-0.000000000000000000e+00,-0.000000000000000000e+00,-2.300162561990249654e-01,-1.638886283044173886e-01,-0.000000000000000000e+00,-0.000000000000000000e+00
-2.886915322013009488e-01,-0.000000000000000000e+00,-0.000000000000000000e+00,-0.000000000000000000e+00,-1.662936528885576859e-01,-2.104417941117338320e-01,1.438916713992539897e-01,0.000000000000000000e+00,-5.584089623127776181e-02,-5.320545031531830754e-02,0.000000000000000000e+00,-0.000000000000000000e+00,0.000000000000000000e+00,-0.000000000000000000e+00,0.000000000000000000e+00,-1.479392708103606513e-01,-6.418024670750346883e-02,-2.490384302956376306e-01,-8.233612230633306772e-02,-0.000000000000000000e+00,0.000000000000000000e+00,0.000000000000000000e+00,-2.280489132043951872e-01,-2.369967646790813454e-01,-0.000000000000000000e+00,2.722450697548987275e+00,0.000000000000000000e+00,-3.755925460667425275e-01,-1.651911042414097863e-01,-3.091335095419368503e-02,0.000000000000000000e+00,0.000000000000000000e+00,0.000000000000000000e+00,-0.000000000000000000e+00,-2.528089580940235392e-01,-0.000000000000000000e+00,-0.000000000000000000e+00,-1.910801230032648235e-01,-0.000000000000000000e+00
0.000000000000000000e+00,-0.000000000000000000e+00,-0.000000000000000000e+00,0.000000000000000000e+00,0.000000000000000000e+00,0.000000000000000000e+00,0.000000000000000000e+00,0.000000000000000000e+00,0.000000000000000000e+00,0.000000000000000000e+00,-1.520453554313437768e-02,-3.333984445804466512e-01,-2.310205385855758908e-01,-0.000000000000000000e+00,0.000000000000000000e+00,0.000000000000000000e+00,2.443853069523619151e-02,0.000000000000000000e+00,0.000000000000000000e+00,0.000000000000000000e+00,-1.700255385662900395e-02,-2.317792856949700275e-01,0.000000000000000000e+00,0.000000000000000000e+00,-0.000000000000000000e+00,0.000000000000000000e+00,1.957175669341354229e+00,0.000000000000000000e+00,3.755800533324179374e-02,0.000000000000000000e+00,-5.418438825420691662e-01,-1.680097192031418940e-01,-3.980587206740242578e-01,-0.000000000000000000e+00,0.000000000000000000e+00,-0.000000000000000000e+00,-0.000000000000000000e+00,0.000000000000000000e+00,-0.000000000000000000e+00
-1.492516703001372236e-01,0.000000000000000000e+00,-1.470812836025144343e-01,-0.000000000000000000e+00,-0.000000000000000000e+00,-7.012549455782338126e-02,0.000000000000000000e+00,0.000000000000000000e+00,-0.000000000000000000e+00,-0.000000000000000000e+00,0.000000000000000000e+00,0.000000000000000000e+00,0.000000000000000000e+00,-0.000000000000000000e+00,0.000000000000000000e+00,-0.000000000000000000e+00,-2.618671712666939544e-01,-0.000000000000000000e+00,-0.000000000000000000e+00,-5.756097558161569205e-01,-0.000000000000000000e+00,0.000000000000000000e+00,-0.000000000000000000e+00,-0.000000000000000000e+00,-0.000000000000000000e+00,-3.755925460667425275e-01,0.000000000000000000e+00,1.855888528703514062e+00,-7.424727454779041225e-02,-0.000000000000000000e+00,0.000000000000000000e+00,0.000000000000000000e+00,0.000000000000000000e+00,-0.000000000000000000e+00,-0.000000000000000000e+00,-0.000000000000000000e+00,-0.000000000000000000e+00,-5.890355406546884942e-02,-0.000000000000000000e+00
-2.727609536832318882e-01,-0.000000000000000000e+00,-0.000000000000000000e+00,-0.000000000000000000e+00,-0.000000000000000000e+00,-3.049713215524726961e-01,0.000000000000000000e+00,0.000000000000000000e+00,-0.000000000000000000e+00,-0.000000000000000000e+00,0.000000000000000000e+00,0.000000000000000000e+00,2.633771807029309242e-01,-0.000000000000000000e+00,0.000000000000000000e+00,-2.920650295170680241e-02,-6.061455746481090312e-01,-0.000000000000000000e+00,-0.000000000000000000e+00,-0.000000000000000000e+00,0.000000000000000000e+00,0.000000000000000000e+00,-0.000000000000000000e+00,-2.747597334449236595e-01,-0.000000000000000000e+00,-1.651911042414097863e-01,3.755800533324179374e-02,-7.424727454779041225e-02,2.360784347838709163e+00,-0.000000000000000000e+00,0.000000000000000000e+00,0.000000000000000000e+00,0.000000000000000000e+00,-0.000000000000000000e+00,-3.353792787627920546e-01,-0.000000000000000000e+00,-0.000000000000000000e+00,-0.000000000000000000e+00,0.000000000000000000e+00
-1.323341359379511528e-01,-0.000000000000000000e+00,-0.000000000000000000e+00,-7.880967403451115405e-02,-8.325667478748934036e-02,-0.000000000000000000e+00,7.604850160066273408e-03,0.000000000000000000e+00,-5.523068076276050897e-01,-3.823887489645693694e-01,2.715115884430867599e-01,-0.000000000000000000e+00,0.000000000000000000e+00,-2.020210906193582127e-03,0.000000000000000000e+00,-3.965502361242992935e-01,-0.000000000000000000e+00,-1.730946511903191098e-01,-8.875665497398274595e-02,-0.000000000000000000e+00,1.436437002379128969e-01,0.000000000000000000e+00,-2.043292400437634881e-01,-1.609730173458628899e-01,-0.000000000000000000e+00,-3.091335095419368503e-02,0.000000000000000000e+00,-0.000000000000000000e+00,-0.000000000000000000e+00,2.749298410707838869e+00,0.000000000000000000e+00,0.000000000000000000e+00,0.000000000000000000e+00,-0.000000000000000000e+00,-0.000000000000000000e+00,-0.000000000000000000e+00,-0.000000000000000000e+00,-9.097307588427994141e-02,-0.000000000000000000e+00
0.000000000000000000e+00,-2.976081829148859437e-01,-0.000000000000000000e+00,0.000000000000000000e+00,0.000000000000000000e+00,0.000000000000000000e+00,0.000000000000000000e+00,0.000000000000000000e+00,0.000000000000000000e+00,0.000000000000000000e+00,-0.000000000000000000e+00,-8.661266437086260345e-03,-1.916791168806233625e-01,-0.000000000000000000e+00,0.000000000000000000e+00,0.000000000000000000e+00,0.000000000000000000e+00,0.000000000000000000e+00,0.000000000000000000e+00,0.000000000000000000e+00,-0.000000000000000000e+00,-4.000356125974726118e-01,0.000000000000000000e+00,0.000000000000000000e+00,-0.000000000000000000e+00,0.000000000000000000e+00,-5.418438825420691662e-01,0.000000000000000000e+00,0.000000000000000000e+00,0.000000000000000000e+00,2.153835854507909708e+00,-4.427275393630885070e-01,-2.730813448892644990e-01,-0.000000000000000000e+00,0.000000000000000000e+00,-1.465070812729283856e-01,-0.000000000000000000e+00,0.000000000000000000e+00,-0.000000000000000000e+00
0.000000000000000000e+00,-3.182651647874628620e-01,-0.000000000000000000e+00,1.725211274046705434e-01,0.000000000000000000e+00,-0.000000000000000000e+00,-0.000000000000000000e+00,0.000000000000000000e+00,0.000000000000000000e+00,0.000000000000000000e+00,-2.592911513424021042e-01,-0.000000000000000000e+00,-0.000000000000000000e+00,-0.000000000000000000e+00,0.000000000000000000e+00,0.000000000000000000e+00,0.000000000000000000e+00,0.000000000000000000e+00,0.000000000000000000e+00,3.725898746291510244e-02,-0.000000000000000000e+00,-1.403966708985484035e-01,-0.000000000000000000e+00,0.000000000000000000e+00,-0.000000000000000000e+00,0.000000000000000000e+00,-1.680097192031418940e-01,0.000000000000000000e+00,0.000000000000000000e+00,0.000000000000000000e+00,-4.427275393630885070e-01,1.714855807814050337e+00,-1.230252967078722670e-01,-0.000000000000000000e+00,-0.000000000000000000e+00,-6.189793242944086754e-02,-0.000000000000000000e+00,0.000000000000000000e+00,-0.000000000000000000e+00
0.000000000000000000e+00,-0.000000000000000000e+00,-0.000000000000000000e+00,0.000000000000000000e+00,0.000000000000000000e+00,0.000000000000000000e+00,0.000000000000000000e+00,0.000000000000000000e+00,0.000000000000000000e+00,0.000000000000000000e+00,-1.637928543047208890e-02,-0.000000000000000000e+00,-1.306892976143283758e-01,-0.000000000000000000e+00,0.000000000000000000e+00,9.671092826708063694e-02,0.000000000000000000e+00,0.000000000000000000e+00,0.000000000000000000e+00,0.000000000000000000e+00,-5.649380851960659200e-01,-4.812659154396009553e-01,0.000000000000000000e+00,0.000000000000000000e+00,-0.000000000000000000e+00,0.000000000000000000e+00,-3.980587206740242578e-01,0.000000000000000000e+00,0.000000000000000000e+00,0.000000000000000000e+00,-2.730813448892644990e-01,-1.230252967078722670e-01,2.137554282360991209e+00,-0.000000000000000000e+00,0.000000000000000000e+00,-0.000000000000000000e+00,-0.000000000000000000e+00,6.268819529777498734e-02,-0.000000000000000000e+00
-0.000000000000000000e+00,-0.000000000000000000e+00,-0.000000000000000000e+00,-0.000000000000000000e+00,-1.670012506505447469e-01,-0.000000000000000000e+00,0.000000000000000000e+00,0.000000000000000000e+00,-6.482542807630845005e-02,-0.000000000000000000e+00,0.000000000000000000e+00,-1.801799632092874470e-01,0.000000000000000000e+00,-3.121806229116220188e-01,0.000000000000000000e+00,-0.000000000000000000e+00,-0.000000000000000000e+00,-0.000000000000000000e+00,-0.000000000000000000e+00,0.000000000000000000e+00,0.000000000000000000e+00,-0.000000000000000000e+00,-0.000000000000000000e+00,-0.000000000000000000e+00,-0.000000000000000000e+00,-0.000000000000000000e+00,-0.000000000000000000e+00,-0.000000000000000000e+00,-0.000000000000000000e+00,-0.000000000000000000e+00,-0.000000000000000000e+00,-0.000000000000000000e+00,-0.000000000000000000e+00,1.332083619888576154e+00,-0.000000000000000000e+00,-4.748963499757155940e-03,-0.000000000000000000e+00,-0.000000000000000000e+00,-1.677947318607978244e-01
-6.964388461874257419e-02,-0.000000000000000000e+00,-0.000000000000000000e+00,-0.000000000000000000e+00,-0.000000000000000000e+00,-8.732221956279252739e-02,0.000000000000000000e+00,0.000000000000000000e+00,-0.000000000000000000e+00,-0.000000000000000000e+00,0.000000000000000000e+00,0.000000000000000000e+00,0.000000000000000000e+00,-2.800430427977299366e-02,0.000000000000000000e+00,-9.691713560949241722e-04,-7.114704809282845765e-02,-0.000000000000000000e+00,-0.000000000000000000e+00,-0.000000000000000000e+00,0.000000000000000000e+00,0.000000000000000000e+00,-1.540361418476174082e-01,-3.675471937977214387e-01,-0.000000000000000000e+00,-2.528089580940235392e-01,0.000000000000000000e+00,-0.000000000000000000e+00,-3.353792787627920546e-01,-0.000000000000000000e+00,0.000000000000000000e+00,-0.000000000000000000e+00,0.000000000000000000e+00,-0.000000000000000000e+00,2.087705850960231313e+00,-0.000000000000000000e+00,-6.182013971777595707e-01,-0.000000000000000000e+00,-0.000000000000000000e+00
-0.000000000000000000e+00,-5.523532525051383368e-01,-1.763927683817526765e-02,-0.000000000000000000e+00,-0.000000000000000000e+00,-0.000000000000000000e+00,0.000000000000000000e+00,1.067991179854573675e-01,-0.000000000000000000e+00,-0.000000000000000000e+00,0.000000000000000000e+00,-0.000000000000000000e+00,-0.000000000000000000e+00,-4.909219287856385061e-01,1.299126276832331950e-01,-0.000000000000000000e+00,-0.000000000000000000e+00,-0.000000000000000000e+00,-0.000000000000000000e+00,0.000000000000000000e+00,-0.000000000000000000e+00,-3.297478265359091859e-02,-0.000000000000000000e+00,-0.000000000000000000e+00,-2.300162561990249654e-01,-0.000000000000000000e+00,-0.000000000000000000e+00,-0.000000000000000000e+00,-0.000000000000000000e+00,-0.000000000000000000e+00,-1.465070812729283856e-01,-6.189793242944086754e-02,-0.000000000000000000e+00,-4.748963499757155940e-03,-0.000000000000000000e+00,1.805633536627914815e+00,-2.677522075182443839e-02,-0.000000000000000000e+00,-5.975300783009326183e-02
-0.000000000000000000e+00,-3.316850348450159358e-01,-0.000000000000000000e+00,-0.000000000000000000e+00,-0.000000000000000000e+00,-0.000000000000000000e+00,0.000000000000000000e+00,0.000000000000000000e+00,-0.000000000000000000e+00,-0.000000000000000000e+00,0.000000000000000000e+00,-0.000000000000000000e+00,0.000000000000000000e+00,-1.577799548266488328e-01,1.490849366323283853e-01,-0.000000000000000000e+00,-0.000000000000000000e+00,-0.000000000000000000e+00,-0.000000000000000000e+00,-0.000000000000000000e+00,0.000000000000000000e+00,-0.000000000000000000e+00,-5.436340283212415248e-02,-1.410547017331856279e-01,-1.638886283044173886e-01,-0.000000000000000000e+00,-0.000000000000000000e+00,-0.000000000000000000e+00,-0.000000000000000000e+00,-0.000000000000000000e+00,-0.000000000000000000e+00,-0.000000000000000000e+00,-0.000000000000000000e+00,-0.000000000000000000e+00,-6.182013971777595707e-01,-2.677522075182443839e-02,1.741197789480722902e+00,-0.000000000000000000e+00,-0.000000000000000000e+00
-2.809860776499702451e-01,0.000000000000000000e+00,-0.000000000000000000e+00,-3.407724091763104091e-01,-5.336737336215605955e-03,-0.000000000000000000e+00,0.000000000000000000e+00,0.000000000000000000e+00,-1.690202509391390828e-01,-2.291463580470091271e-02,0.000000000000000000e+00,-0.000000000000000000e+00,3.206922674776140902e-01,-0.000000000000000000e+00,0.000000000000000000e+00,-2.563319360513409695e-01,-0.000000000000000000e+00,-4.686790754957154137e-01,-3.639755872410564974e-01,-1.027827475168097138e-01,0.000000000000000000e+00,1.661666342081749570e-02,-5.415375640511369687e-02,-8.629697152371025581e-02,-0.000000000000000000e+00,-1.910801230032648235e-01,0.000000000000000000e+00,-5.890355406546884942e-02,-0.000000000000000000e+00,-9.097307588427994141e-02,0.000000000000000000e+00,0.000000000000000000e+00,6.268819529777498734e-02,-0.000000000000000000e+00,-0.000000000000000000e+00,-0.000000000000000000e+00,-0.000000000000000000e+00,2.844187114286653717e+00,-0.000000000000000000e+00
-0.000000000000000000e+00,-1.412782307520632219e-01,-2.058325127022787859e-01,-0.000000000000000000e+00,-7.556197227079694545e-02,-0.000000000000000000e+00,2.067374255781279646e-01,0.000000000000000000e+00,-0.000000000000000000e+00,-4.595986125921662224e-01,0.000000000000000000e+00,-7.299593170869697056e-01,0.000000000000000000e+00,-1.487412802388312638e-01,2.238118255069335150e-02,-0.000000000000000000e+00,0.000000000000000000e+00,-0.000000000000000000e+00,-0.000000000000000000e+00,-0.000000000000000000e+00,0.000000000000000000e+00,-0.000000000000000000e+00,-0.000000000000000000e+00,-0.000000000000000000e+00,-0.000000000000000000e+00,-0.000000000000000000e+00,-0.000000000000000000e+00,-0.000000000000000000e+00,0.000000000000000000e+00,-0.000000000000000000e+00,-0.000000000000000000e+00,-0.000000000000000000e+00,-0.000000000000000000e+00,-1.677947318607978244e-01,-0.000000000000000000e+00,-5.975300783009326183e-02,-0.000000000000000000e+00,-0.000000000000000000e+00,2.021478800139369092e+00
