1.510094468585044147e+00,-1.703524070441185256e-01,-0.000000000000000000e+00,-0.000000000000000000e+00,-9.951097322969598702e-02,0.000000000000000000e+00,-0.000000000000000000e+00,0.000000000000000000e+00,-3.598554545879280031e-01,-1.560057380756676160e-01,0.000000000000000000e+00,-0.000000000000000000e+00,-0.000000000000000000e+00,-0.000000000000000000e+00,-0.000000000000000000e+00,-8.659812960803681126e-02,-0.000000000000000000e+00,-0.000000000000000000e+00,-0.000000000000000000e+00,-0.000000000000000000e+00,-0.000000000000000000e+00,-0.000000000000000000e+00,-0.000000000000000000e+00,0.000000000000000000e+00,-0.000000000000000000e+00,-5.032590095148002651e-02,-0.000000000000000000e+00,-0.000000000000000000e+00,-0.000000000000000000e+00,-0.000000000000000000e+00,-0.000000000000000000e+00,0.000000000000000000e+00,-0.000000000000000000e+00,-0.000000000000000000e+00,0.000000000000000000e+00,-0.000000000000000000e+00,0.000000000000000000e+00,-3.939476147921480709e-01,-0.000000000000000000e+00
-1.703524070441185256e-01,1.356932443105841823e+00,0.000000000000000000e+00,0.000000000000000000e+00,-0.000000000000000000e+00,-0.000000000000000000e+00,2.106180802301789792e-02,-0.000000000000000000e+00,-3.927397491339304492e-02,-0.000000000000000000e+00,-2.302939418941409022e-01,0.000000000000000000e+00,0.000000000000000000e+00,-0.000000000000000000e+00,0.000000000000000000e+00,-0.000000000000000000e+00,-0.000000000000000000e+00,0.000000000000000000e+00,0.000000000000000000e+00,6.565501229976085373e-02,1.621803974201383725e-01,-0.000000000000000000e+00,0.000000000000000000e+00,-0.000000000000000000e+00,-1.865331474745316742e-01,-0.000000000000000000e+00,-2.346675436327981812e-01,0.000000000000000000e+00,-0.000000000000000000e+00,0.000000000000000000e+00,-0.000000000000000000e+00,-1.587834196689698329e-01,0.000000000000000000e+00,0.000000000000000000e+00,-0.000000000000000000e+00,-0.000000000000000000e+00,-0.000000000000000000e+00,-4.550340550315188498e-02,-1.547978312901272246e-01
-0.000000000000000000e+00,0.000000000000000000e+00,3.114263070532318434e+00,-0.000000000000000000e+00,-0.000000000000000000e+00,7.430844864322935783e-02,-0.000000000000000000e+00,1.331456036841644819e+00,0.000000000000000000e+00,-0.000000000000000000e+00,0.000000000000000000e+00,-0.000000000000000000e+00,-0.000000000000000000e+00,-0.000000000000000000e+00,-2.323728956810450219e-01,-0.000000000000000000e+00,0.000000000000000000e+00,-7.479927132065326834e-02,-2.070155332350684732e-02,-1.745170024598263481e-01,-3.484691269077650477e-01,0.000000000000000000e+00,-0.000000000000000000e+00,0.000000000000000000e+00,0.000000000000000000e+00,-0.000000000000000000e+00,0.000000000000000000e+00,-2.814265729277958816e-01,0.000000000000000000e+00,-0.000000000000000000e+00,-4.371103341795139208e-02,1.787432058482538166e-02,-1.235184396826929931e-01,-2.949286775085198098e-01,0.000000000000000000e+00,-0.000000000000000000e+00,2.009298540858227844e-01,-0.000000000000000000e+00,-0.000000000000000000e+00
-0.000000000000000000e+00,0.000000000000000000e+00,-0.000000000000000000e+00,1.029271866983488604e+00,-4.170148248294307247e-02,0.000000000000000000e+00,-0.000000000000000000e+00,0.000000000000000000e+00,-6.680234467106520302e-03,0.000000000000000000e+00,-0.000000000000000000e+00,0.000000000000000000e+00,-0.000000000000000000e+00,-0.000000000000000000e+00,0.000000000000000000e+00,-0.000000000000000000e+00,0.000000000000000000e+00,-1.316896344175912392e-01,-3.233247011658461206e-02,0.000000000000000000e+00,-0.000000000000000000e+00,-0.000000000000000000e+00,-0.000000000000000000e+00,-0.000000000000000000e+00,-0.000000000000000000e+00,-0.000000000000000000e+00,-0.000000000000000000e+00,0.000000000000000000e+00,-0.000000000000000000e+00,-0.000000000000000000e+00,-0.000000000000000000e+00,-0.000000000000000000e+00,0.000000000000000000e+00,-0.000000000000000000e+00,0.000000000000000000e+00,-0.000000000000000000e+00,-0.000000000000000000e+00,9.108941667830794398e-02,0.000000000000000000e+00
-9.951097322969598702e-02,-0.000000000000000000e+00,-0.000000000000000000e+00,-4.170148248294307247e-02,2.153327964324208477e+00,0.000000000000000000e+00,0.000000000000000000e+00,0.000000000000000000e+00,-3.505134381719132164e-01,-0.000000000000000000e+00,-0.000000000000000000e+00,-0.000000000000000000e+00,0.000000000000000000e+00,-9.202819643742501943e-02,-0.000000000000000000e+00,-0.000000000000000000e+00,0.000000000000000000e+00,-4.294469802298921390e-01,-2.575816734613688985e-01,0.000000000000000000e+00,-0.000000000000000000e+00,0.000000000000000000e+00,-0.000000000000000000e+00,-0.000000000000000000e+00,-0.000000000000000000e+00,-5.119796903997153592e-01,-3.014001813175129496e-01,-0.000000000000000000e+00,-0.000000000000000000e+00,-0.000000000000000000e+00,-0.000000000000000000e+00,-0.000000000000000000e+00,-0.000000000000000000e+00,-2.949895406588121660e-01,0.000000000000000000e+00,-0.000000000000000000e+00,0.000000000000000000e+00,-0.000000000000000000e+00,-1.357773840245980745e-02
0.000000000000000000e+00,-0.000000000000000000e+00,7.430844864322935783e-02,0.000000000000000000e+00,0.000000000000000000e+00,2.024874277841679504e+00,-0.000000000000000000e+00,-7.485295447321717310e-02,0.000000000000000000e+00,0.000000000000000000e+00,-3.695483958601865071e-01,2.033639129101950105e-01,0.000000000000000000e+00,0.000000000000000000e+00,1.365471923747955431e-02,0.000000000000000000e+00,-6.078113247205818581e-01,1.247001641747797901e-01,0.000000000000000000e+00,0.000000000000000000e+00,0.000000000000000000e+00,-0.000000000000000000e+00,0.000000000000000000e+00,-0.000000000000000000e+00,-0.000000000000000000e+00,0.000000000000000000e+00,0.000000000000000000e+00,0.000000000000000000e+00,-0.000000000000000000e+00,0.000000000000000000e+00,0.000000000000000000e+00,-4.749426028948746520e-02,1.932915054007151578e-01,2.807331076892249921e-01,-3.180025009488331514e-04,0.000000000000000000e+00,-0.000000000000000000e+00,0.000000000000000000e+00,2.779596686699583805e-02
-0.000000000000000000e+00,2.106180802301789792e-02,-0.000000000000000000e+00,-0.000000000000000000e+00,0.000000000000000000e+00,-0.000000000000000000e+00,1.396038837711730318e+00,0.000000000000000000e+00,-0.000000000000000000e+00,-0.000000000000000000e+00,1.280461691176474660e-02,2.966211303931728244e-02,-3.389174790109651947e-01,1.917715044364760521e-02,-0.000000000000000000e+00,0.000000000000000000e+00,-1.086462398954330943e-01,-0.000000000000000000e+00,-1.987427931663900693e-01,-0.000000000000000000e+00,-5.572906882222736571e-03,-0.000000000000000000e+00,-1.332384566575486873e-01,-0.000000000000000000e+00,0.000000000000000000e+00,-0.000000000000000000e+00,4.600970624006444076e-01,-0.000000000000000000e+00,-0.000000000000000000e+00,-0.000000000000000000e+00,-0.000000000000000000e+00,0.000000000000000000e+00,0.000000000000000000e+00,0.000000000000000000e+00,-0.000000000000000000e+00,-0.000000000000000000e+00,3.447280634967601898e-02,0.000000000000000000e+00,0.000000000000000000e+00
0.000000000000000000e+00,-0.000000000000000000e+00,1.331456036841644819e+00,0.000000000000000000e+00,0.000000000000000000e+00,-7.485295447321717310e-02,0.000000000000000000e+00,2.716627649260430655e+00,-0.000000000000000000e+00,0.000000000000000000e+00,-6.920026876661040938e-02,0.000000000000000000e+00,0.000000000000000000e+00,0.000000000000000000e+00,1.131803528542155851e-01,0.000000000000000000e+00,-0.000000000000000000e+00,6.721857511146438029e-03,8.430601872487632209e-02,2.282150821302592406e-02,3.956244962024054734e-01,-0.000000000000000000e+00,0.000000000000000000e+00,-0.000000000000000000e+00,-0.000000000000000000e+00,0.000000000000000000e+00,-0.000000000000000000e+00,1.830422613739634274e-01,0.000000000000000000e+00,0.000000000000000000e+00,1.379208518390116767e-01,-0.000000000000000000e+00,8.080991537912865508e-02,1.146259220482620800e-01,-0.000000000000000000e+00,0.000000000000000000e+00,-2.336242468566170419e-02,0.000000000000000000e+00,0.000000000000000000e+00
-3.598554545879280031e-01,-3.927397491339304492e-02,0.000000000000000000e+00,-6.680234467106520302e-03,-3.505134381719132164e-01,0.000000000000000000e+00,-0.000000000000000000e+00,-0.000000000000000000e+00,1.620707233649301582e+00,-0.000000000000000000e+00,-0.000000000000000000e+00,0.000000000000000000e+00,-0.000000000000000000e+00,-0.000000000000000000e+00,-0.000000000000000000e+00,-1.180043412171081704e-02,-0.000000000000000000e+00,-1.007224133916599790e-01,-0.000000000000000000e+00,0.000000000000000000e+00,0.000000000000000000e+00,-0.000000000000000000e+00,-2.136742428216914860e-02,-0.000000000000000000e+00,-1.761360390237927953e-01,-1.168909198777142722e-01,-0.000000000000000000e+00,-0.000000000000000000e+00,-0.000000000000000000e+00,-0.000000000000000000e+00,-0.000000000000000000e+00,-0.000000000000000000e+00,0.000000000000000000e+00,-0.000000000000000000e+00,0.000000000000000000e+00,-9.438201463927345380e-02,0.000000000000000000e+00,-0.000000000000000000e+00,-2.932177215248922275e-01
-1.560057380756676160e-01,-0.000000000000000000e+00,-0.000000000000000000e+00,0.000000000000000000e+00,-0.000000000000000000e+00,0.000000000000000000e+00,-0.000000000000000000e+00,0.000000000000000000e+00,-0.000000000000000000e+00,1.981862587464316983e+00,1.867823936356630826e-02,-0.000000000000000000e+00,-6.457026255378113533e-02,-0.000000000000000000e+00,-0.000000000000000000e+00,-7.443932445009883159e-01,0.000000000000000000e+00,-0.000000000000000000e+00,-0.000000000000000000e+00,-0.000000000000000000e+00,-0.000000000000000000e+00,0.000000000000000000e+00,-0.000000000000000000e+00,0.000000000000000000e+00,-0.000000000000000000e+00,-0.000000000000000000e+00,-0.000000000000000000e+00,-2.097063713739780733e-01,-0.000000000000000000e+00,-9.088439538219295066e-02,-9.161959023522259216e-02,0.000000000000000000e+00,-1.628433946083266692e-01,-0.000000000000000000e+00,0.000000000000000000e+00,-2.647140505648652997e-01,5.934104913798101538e-02,-2.728652584794645786e-01,-0.000000000000000000e+00
0.000000000000000000e+00,-2.302939418941409022e-01,0.000000000000000000e+00,-0.000000000000000000e+00,-0.000000000000000000e+00,-3.695483958601865071e-01,1.280461691176474660e-02,-6.920026876661040938e-02,-0.000000000000000000e+00,1.867823936356630826e-02,2.247320412064609751e+00,0.000000000000000000e+00,1.242515483710167623e-01,-0.000000000000000000e+00,9.905592759523747237e-02,0.000000000000000000e+00,-0.000000000000000000e+00,0.000000000000000000e+00,2.424944552909392981e-02,0.000000000000000000e+00,6.985031074439479459e-02,0.000000000000000000e+00,0.000000000000000000e+00,-0.000000000000000000e+00,-0.000000000000000000e+00,0.000000000000000000e+00,-3.787020586928391275e-02,0.000000000000000000e+00,-0.000000000000000000e+00,1.931691570765456945e-01,0.000000000000000000e+00,-5.981198226697427289e-01,9.331520867440988576e-02,0.000000000000000000e+00,-0.000000000000000000e+00,0.000000000000000000e+00,-4.627080409862370791e-01,0.000000000000000000e+00,0.000000000000000000e+00
-0.000000000000000000e+00,0.000000000000000000e+00,-0.000000000000000000e+00,0.000000000000000000e+00,-0.000000000000000000e+00,2.033639129101950105e-01,2.966211303931728244e-02,0.000000000000000000e+00,0.000000000000000000e+00,-0.000000000000000000e+00,0.000000000000000000e+00,2.452638101086899614e+00,-0.000000000000000000e+00,-0.000000000000000000e+00,-1.883378121221267465e-01,-0.000000000000000000e+00,1.391565395647397785e-01,-0.000000000000000000e+00,-0.000000000000000000e+00,-1.123819615786973564e-01,-0.000000000000000000e+00,0.000000000000000000e+00,-0.000000000000000000e+00,1.463423499844694331e-01,0.000000000000000000e+00,-0.000000000000000000e+00,-0.000000000000000000e+00,-3.309056200597577657e-01,0.000000000000000000e+00,-0.000000000000000000e+00,-0.000000000000000000e+00,0.000000000000000000e+00,-5.442034990819175633e-01,-2.711000232537461030e-01,2.116975081735052722e-01,-0.000000000000000000e+00,0.000000000000000000e+00,-1.917755349493336370e-01,-3.752311421378268785e-01
-0.000000000000000000e+00,0.000000000000000000e+00,-0.000000000000000000e+00,-0.000000000000000000e+00,0.000000000000000000e+00,0.000000000000000000e+00,-3.389174790109651947e-01,0.000000000000000000e+00,-0.000000000000000000e+00,-6.457026255378113533e-02,1.242515483710167623e-01,-0.000000000000000000e+00,1.706977648814771875e+00,0.000000000000000000e+00,-6.255905487454688219e-02,-0.000000000000000000e+00,-0.000000000000000000e+00,-0.000000000000000000e+00,-6.917150203080041013e-03,-0.000000000000000000e+00,-0.000000000000000000e+00,-4.929181244514627136e-02,-0.000000000000000000e+00,0.000000000000000000e+00,0.000000000000000000e+00,-0.000000000000000000e+00,1.724142467492500164e-01,-0.000000000000000000e+00,0.000000000000000000e+00,-3.001090943054274610e-02,0.000000000000000000e+00,2.179890765072824699e-01,-0.000000000000000000e+00,-0.000000000000000000e+00,0.000000000000000000e+00,-4.948803904410706278e-02,5.241653300323163567e-01,-0.000000000000000000e+00,-0.000000000000000000e+00
-0.000000000000000000e+00,-0.000000000000000000e+00,-0.000000000000000000e+00,-0.000000000000000000e+00,-9.202819643742501943e-02,0.000000000000000000e+00,1.917715044364760521e-02,0.000000000000000000e+00,-0.000000000000000000e+00,-0.000000000000000000e+00,-0.000000000000000000e+00,-0.000000000000000000e+00,0.000000000000000000e+00,1.431648618193780198e+00,0.000000000000000000e+00,-7.328733586932049959e-02,0.000000000000000000e+00,-0.000000000000000000e+00,-0.000000000000000000e+00,0.000000000000000000e+00,0.000000000000000000e+00,0.000000000000000000e+00,-0.000000000000000000e+00,-0.000000000000000000e+00,-0.000000000000000000e+00,-1.634619391931371180e-01,-4.188951601992106921e-01,-0.000000000000000000e+00,-0.000000000000000000e+00,-0.000000000000000000e+00,-1.793400542620499083e-01,-0.000000000000000000e+00,-0.000000000000000000e+00,-2.329402568147077163e-02,0.000000000000000000e+00,-5.551676141747224902e-02,-0.000000000000000000e+00,-0.000000000000000000e+00,-2.019337569287743273e-01
-0.000000000000000000e+00,0.000000000000000000e+00,-2.323728956810450219e-01,0.000000000000000000e+00,-0.000000000000000000e+00,1.365471923747955431e-02,-0.000000000000000000e+00,1.131803528542155851e-01,-0.000000000000000000e+00,-0.000000000000000000e+00,9.905592759523747237e-02,-1.883378121221267465e-01,-6.255905487454688219e-02,0.000000000000000000e+00,2.922415928323987888e+00,-0.000000000000000000e+00,0.000000000000000000e+00,-3.202955413734759338e-01,-2.935463699291959161e-01,-1.544452417297281499e-01,-4.041175362282602990e-01,-0.000000000000000000e+00,-0.000000000000000000e+00,0.000000000000000000e+00,0.000000000000000000e+00,-0.000000000000000000e+00,0.000000000000000000e+00,-2.450716684391524292e-01,0.000000000000000000e+00,-3.895637811895689973e-02,-0.000000000000000000e+00,1.918699271953553109e-01,-0.000000000000000000e+00,-3.454049013191174411e-01,0.000000000000000000e+00,-0.000000000000000000e+00,4.189898915521864664e-01,-1.078527359988979001e-01,-0.000000000000000000e+00
-8.659812960803681126e-02,-0.000000000000000000e+00,-0.000000000000000000e+00,-0.000000000000000000e+00,-0.000000000000000000e+00,0.000000000000000000e+00,0.000000000000000000e+00,0.000000000000000000e+00,-1.180043412171081704e-02,-7.443932445009883159e-01,0.000000000000000000e+00,-0.000000000000000000e+00,-0.000000000000000000e+00,-7.328733586932049959e-02,-0.000000000000000000e+00,1.826998914692304687e+00,0.000000000000000000e+00,-0.000000000000000000e+00,-0.000000000000000000e+00,-0.000000000000000000e+00,-0.000000000000000000e+00,-0.000000000000000000e+00,-0.000000000000000000e+00,0.000000000000000000e+00,-8.520878914286829364e-03,-1.746389576531960641e-02,-0.000000000000000000e+00,-0.000000000000000000e+00,0.000000000000000000e+00,-0.000000000000000000e+00,-0.000000000000000000e+00,0.000000000000000000e+00,-6.293780289853399823e-02,-0.000000000000000000e+00,0.000000000000000000e+00,-5.529126699374419668e-02,0.000000000000000000e+00,-8.952318657538280156e-02,-4.559060339788288951e-01
-0.000000000000000000e+00,-0.000000000000000000e+00,0.000000000000000000e+00,0.000000000000000000e+00,0.000000000000000000e+00,-6.078113247205818581e-01,-1.086462398954330943e-01,-0.000000000000000000e+00,-0.000000000000000000e+00,0.000000000000000000e+00,-0.000000000000000000e+00,1.391565395647397785e-01,-0.000000000000000000e+00,0.000000000000000000e+00,0.000000000000000000e+00,0.000000000000000000e+00,1.504259147291254539e+00,0.000000000000000000e+00,0.000000000000000000e+00,0.000000000000000000e+00,0.000000000000000000e+00,0.000000000000000000e+00,-0.000000000000000000e+00,-9.860496720912513557e-02,-0.000000000000000000e+00,-0.000000000000000000e+00,0.000000000000000000e+00,0.000000000000000000e+00,-2.258970518291260887e-01,0.000000000000000000e+00,-0.000000000000000000e+00,-4.994039885661363115e-02,0.000000000000000000e+00,0.000000000000000000e+00,-8.409051760489687222e-02,-0.000000000000000000e+00,-0.000000000000000000e+00,0.000000000000000000e+00,0.000000000000000000e+00
-0.000000000000000000e+00,0.000000000000000000e+00,-7.479927132065326834e-02,-1.316896344175912392e-01,-4.294469802298921390e-01,1.247001641747797901e-01,-0.000000000000000000e+00,6.721857511146438029e-03,-1.007224133916599790e-01,-0.000000000000000000e+00,0.000000000000000000e+00,-0.000000000000000000e+00,-0.000000000000000000e+00,-0.000000000000000000e+00,-3.202955413734759338e-01,-0.000000000000000000e+00,0.000000000000000000e+00,2.798281417106148528e+00,-1.119836787539847389e+00,-0.000000000000000000e+00,-0.000000000000000000e+00,-0.000000000000000000e+00,-0.000000000000000000e+00,0.000000000000000000e+00,-0.000000000000000000e+00,-6.739142912332789226e-02,0.000000000000000000e+00,-0.000000000000000000e+00,0.000000000000000000e+00,-8.328428783621944810e-04,-0.000000000000000000e+00,0.000000000000000000e+00,-0.000000000000000000e+00,-5.071366258966667484e-01,0.000000000000000000e+00,-0.000000000000000000e+00,0.000000000000000000e+00,-0.000000000000000000e+00,-2.943663553071503014e-02
-0.000000000000000000e+00,0.000000000000000000e+00,-2.070155332350684732e-02,-3.233247011658461206e-02,-2.575816734613688985e-01,0.000000000000000000e+00,-1.987427931663900693e-01,8.430601872487632209e-02,-0.000000000000000000e+00,-0.000000000000000000e+00,2.424944552909392981e-02,-0.000000000000000000e+00,-6.917150203080041013e-03,-0.000000000000000000e+00,-2.935463699291959161e-01,-0.000000000000000000e+00,0.000000000000000000e+00,-1.119836787539847389e+00,2.605636144826744438e+00,-0.000000000000000000e+00,-2.010948931236490947e-02,-0.000000000000000000e+00,-0.000000000000000000e+00,0.000000000000000000e+00,-0.000000000000000000e+00,-2.658093183713104365e-02,0.000000000000000000e+00,-0.000000000000000000e+00,0.000000000000000000e+00,-2.026994704185759444e-01,-0.000000000000000000e+00,5.459116858241458772e-03,-0.000000000000000000e+00,-2.771712415038503075e-01,0.000000000000000000e+00,-0.000000000000000000e+00,1.867230050700559862e-01,-0.000000000000000000e+00,-0.000000000000000000e+00
-0.000000000000000000e+00,6.565501229976085373e-02,-1.745170024598263481e-01,0.000000000000000000e+00,0.000000000000000000e+00,0.000000000000000000e+00,-0.000000000000000000e+00,2.282150821302592406e-02,0.000000000000000000e+00,-0.000000000000000000e+00,0.000000000000000000e+00,-1.123819615786973564e-01,-0.000000000000000000e+00,0.000000000000000000e+00,-1.544452417297281499e-01,-0.000000000000000000e+00,0.000000000000000000e+00,-0.000000000000000000e+00,-0.000000000000000000e+00,2.014712731662175127e+00,-3.844126424229764583e-01,0.000000000000000000e+00,0.000000000000000000e+00,8.714706278943828988e-02,3.148964873690601827e-03,-0.000000000000000000e+00,0.000000000000000000e+00,-4.263289086168642328e-01,0.000000000000000000e+00,-0.000000000000000000e+00,-0.000000000000000000e+00,2.565923714067592787e-01,-2.388890574152921775e-01,-0.000000000000000000e+00,0.000000000000000000e+00,-0.000000000000000000e+00,0.000000000000000000e+00,-0.000000000000000000e+00,-0.000000000000000000e+00
-0.000000000000000000e+00,1.621803974201383725e-01,-3.484691269077650477e-01,-0.000000000000000000e+00,-0.000000000000000000e+00,0.000000000000000000e+00,-5.572906882222736571e-03,3.956244962024054734e-01,0.000000000000000000e+00,-0.000000000000000000e+00,6.985031074439479459e-02,-0.000000000000000000e+00,-0.000000000000000000e+00,0.000000000000000000e+00,-4.041175362282602990e-01,-0.000000000000000000e+00,0.000000000000000000e+00,-0.000000000000000000e+00,-2.010948931236490947e-02,-3.844126424229764583e-01,2.171254388052679563e+00,0.000000000000000000e+00,-0.000000000000000000e+00,0.000000000000000000e+00,0.000000000000000000e+00,-0.000000000000000000e+00,0.000000000000000000e+00,-9.989502561587725038e-02,0.000000000000000000e+00,-1.594559209344678097e-01,-0.000000000000000000e+00,0.000000000000000000e+00,-9.943984119510411446e-02,-0.000000000000000000e+00,0.000000000000000000e+00,-0.000000000000000000e+00,1.537330983405849408e-02,-0.000000000000000000e+00,-0.000000000000000000e+00
-0.000000000000000000e+00,-0.000000000000000000e+00,0.000000000000000000e+00,-0.000000000000000000e+00,0.000000000000000000e+00,-0.000000000000000000e+00,-0.000000000000000000e+00,-0.000000000000000000e+00,-0.000000000000000000e+00,0.000000000000000000e+00,0.000000000000000000e+00,0.000000000000000000e+00,-4.929181244514627136e-02,0.000000000000000000e+00,-0.000000000000000000e+00,-0.000000000000000000e+00,0.000000000000000000e+00,-0.000000000000000000e+00,-0.000000000000000000e+00,0.000000000000000000e+00,0.000000000000000000e+00,1.010718330344882565e+00,-0.000000000000000000e+00,0.000000000000000000e+00,-4.944721458799461976e-03,0.000000000000000000e+00,0.000000000000000000e+00,0.000000000000000000e+00,0.000000000000000000e+00,-0.000000000000000000e+00,2.677099286461483846e-02,7.316148852324534657e-02,0.000000000000000000e+00,-0.000000000000000000e+00,0.000000000000000000e+00,0.000000000000000000e+00,0.000000000000000000e+00,-0.000000000000000000e+00,-0.000000000000000000e+00
-0.000000000000000000e+00,0.000000000000000000e+00,-0.000000000000000000e+00,-0.000000000000000000e+00,-0.000000000000000000e+00,0.000000000000000000e+00,-1.332384566575486873e-01,0.000000000000000000e+00,-2.136742428216914860e-02,-0.000000000000000000e+00,0.000000000000000000e+00,-0.000000000000000000e+00,-0.000000000000000000e+00,-0.000000000000000000e+00,-0.000000000000000000e+00,-0.000000000000000000e+00,-0.000000000000000000e+00,-0.000000000000000000e+00,-0.000000000000000000e+00,0.000000000000000000e+00,-0.000000000000000000e+00,-0.000000000000000000e+00,1.118813704792701813e+00,-7.285666531785162103e-02,-1.990703925961900822e-01,-0.000000000000000000e+00,0.000000000000000000e+00,-0.000000000000000000e+00,-1.371243810821418663e-01,-1.955215851730546517e-01,-1.540573170639726076e-02,0.000000000000000000e+00,-0.000000000000000000e+00,-0.000000000000000000e+00,-0.000000000000000000e+00,-0.000000000000000000e+00,0.000000000000000000e+00,-0.000000000000000000e+00,-0.000000000000000000e+00
0.000000000000000000e+00,-0.000000000000000000e+00,0.000000000000000000e+00,-0.000000000000000000e+00,-0.000000000000000000e+00,-0.000000000000000000e+00,-0.000000000000000000e+00,-0.000000000000000000e+00,-0.000000000000000000e+00,0.000000000000000000e+00,-0.000000000000000000e+00,1.463423499844694331e-01,0.000000000000000000e+00,-0.000000000000000000e+00,0.000000000000000000e+00,0.000000000000000000e+00,-9.860496720912513557e-02,0.000000000000000000e+00,0.000000000000000000e+00,8.714706278943828988e-02,0.000000000000000000e+00,0.000000000000000000e+00,-7.285666531785162103e-02,1.568787008792940085e+00,-5.229187286039604921e-02,-0.000000000000000000e+00,-0.000000000000000000e+00,7.273770007808576243e-02,-2.203069500980718021e-01,0.000000000000000000e+00,-0.000000000000000000e+00,-2.186645629855589190e-01,0.000000000000000000e+00,0.000000000000000000e+00,-4.759500310284492941e-01,0.000000000000000000e+00,-5.143431731138051882e-02,0.000000000000000000e+00,0.000000000000000000e+00
-0.000000000000000000e+00,-1.865331474745316742e-01,0.000000000000000000e+00,-0.000000000000000000e+00,-0.000000000000000000e+00,-0.000000000000000000e+00,0.000000000000000000e+00,-0.000000000000000000e+00,-1.761360390237927953e-01,-0.000000000000000000e+00,-0.000000000000000000e+00,0.000000000000000000e+00,0.000000000000000000e+00,-0.000000000000000000e+00,0.000000000000000000e+00,-8.520878914286829364e-03,-0.000000000000000000e+00,-0.000000000000000000e+00,-0.000000000000000000e+00,3.148964873690601827e-03,0.000000000000000000e+00,-4.944721458799461976e-03,-1.990703925961900822e-01,-5.229187286039604921e-02,1.182579381879677261e+00,-0.000000000000000000e+00,-1.925863953505530524e-01,0.000000000000000000e+00,-0.000000000000000000e+00,-0.000000000000000000e+00,-0.000000000000000000e+00,-0.000000000000000000e+00,0.000000000000000000e+00,-0.000000000000000000e+00,-0.000000000000000000e+00,-0.000000000000000000e+00,-0.000000000000000000e+00,-4.305865440545352668e-02,-0.000000000000000000e+00
-5.032590095148002651e-02,-0.000000000000000000e+00,-0.000000000000000000e+00,-0.000000000000000000e+00,-5.119796903997153592e-01,0.000000000000000000e+00,-0.000000000000000000e+00,0.000000000000000000e+00,-1.168909198777142722e-01,-0.000000000000000000e+00,0.000000000000000000e+00,-0.000000000000000000e+00,-0.000000000000000000e+00,-1.634619391931371180e-01,-0.000000000000000000e+00,-1.746389576531960641e-02,-0.000000000000000000e+00,-6.739142912332789226e-02,-2.658093183713104365e-02,-0.000000000000000000e+00,-0.000000000000000000e+00,0.000000000000000000e+00,-0.000000000000000000e+00,-0.000000000000000000e+00,-0.000000000000000000e+00,1.633342822171674147e+00,-1.389691149274292770e-02,-6.478756031230453738e-02,-0.000000000000000000e+00,-0.000000000000000000e+00,-3.583192177568481074e-01,-0.000000000000000000e+00,-1.477669713259229141e-02,-0.000000000000000000e+00,-0.000000000000000000e+00,-0.000000000000000000e+00,0.000000000000000000e+00,-0.000000000000000000e+00,-5.351991085960379479e-02
-0.000000000000000000e+00,-2.346675436327981812e-01,0.000000000000000000e+00,-0.000000000000000000e+00,-3.014001813175129496e-01,0.000000000000000000e+00,4.600970624006444076e-01,-0.000000000000000000e+00,-0.000000000000000000e+00,-0.000000000000000000e+00,-3.787020586928391275e-02,-0.000000000000000000e+00,1.724142467492500164e-01,-4.188951601992106921e-01,0.000000000000000000e+00,-0.000000000000000000e+00,0.000000000000000000e+00,0.000000000000000000e+00,0.000000000000000000e+00,0.000000000000000000e+00,0.000000000000000000e+00,0.000000000000000000e+00,0.000000000000000000e+00,-0.000000000000000000e+00,-1.925863953505530524e-01,-1.389691149274292770e-02,1.761224054651516324e+00,-0.000000000000000000e+00,0.000000000000000000e+00,0.000000000000000000e+00,-0.000000000000000000e+00,-1.525068134124951125e-01,-0.000000000000000000e+00,-0.000000000000000000e+00,-0.000000000000000000e+00,-0.000000000000000000e+00,-1.051178545015820365e-01,-0.000000000000000000e+00,-2.535296262428289316e-01
-0.000000000000000000e+00,0.000000000000000000e+00,-2.814265729277958816e-01,0.000000000000000000e+00,-0.000000000000000000e+00,0.000000000000000000e+00,-0.000000000000000000e+00,1.830422613739634274e-01,-0.000000000000000000e+00,-2.097063713739780733e-01,0.000000000000000000e+00,-3.309056200597577657e-01,-0.000000000000000000e+00,-0.000000000000000000e+00,-2.450716684391524292e-01,-0.000000000000000000e+00,0.000000000000000000e+00,-0.000000000000000000e+00,-0.000000000000000000e+00,-4.263289086168642328e-01,-9.989502561587725038e-02,0.000000000000000000e+00,-0.000000000000000000e+00,7.273770007808576243e-02,0.000000000000000000e+00,-6.478756031230453738e-02,-0.000000000000000000e+00,2.077582403785403820e+00,0.000000000000000000e+00,-0.000000000000000000e+00,-2.413773841010448049e-02,0.000000000000000000e+00,-5.487116656552409877e-03,-0.000000000000000000e+00,7.863887143658483680e-02,-0.000000000000000000e+00,0.000000000000000000e+00,-0.000000000000000000e+00,-0.000000000000000000e+00
-0.000000000000000000e+00,-0.000000000000000000e+00,0.000000000000000000e+00,-0.000000000000000000e+00,-0.000000000000000000e+00,-0.000000000000000000e+00,-0.000000000000000000e+00,0.000000000000000000e+00,-0.000000000000000000e+00,-0.000000000000000000e+00,-0.000000000000000000e+00,0.000000000000000000e+00,0.000000000000000000e+00,-0.000000000000000000e+00,0.000000000000000000e+00,0.000000000000000000e+00,-2.258970518291260887e-01,0.000000000000000000e+00,0.000000000000000000e+00,0.000000000000000000e+00,0.000000000000000000e+00,0.000000000000000000e+00,-1.371243810821418663e-01,-2.203069500980718021e-01,-0.000000000000000000e+00,-0.000000000000000000e+00,0.000000000000000000e+00,0.000000000000000000e+00,1.169757299118932226e+00,-3.998017469174591776e-02,-1.842635060144556525e-01,-3.018979181281350108e-02,0.000000000000000000e+00,0.000000000000000000e+00,-6.538542632947749733e-02,-0.000000000000000000e+00,-0.000000000000000000e+00,-0.000000000000000000e+00,0.000000000000000000e+00
-0.000000000000000000e+00,0.000000000000000000e+00,-0.000000000000000000e+00,-0.000000000000000000e+00,-0.000000000000000000e+00,0.000000000000000000e+00,-0.000000000000000000e+00,0.000000000000000000e+00,-0.000000000000000000e+00,-9.088439538219295066e-02,1.931691570765456945e-01,-0.000000000000000000e+00,-3.001090943054274610e-02,-0.000000000000000000e+00,-3.895637811895689973e-02,-0.000000000000000000e+00,0.000000000000000000e+00,-8.328428783621944810e-04,-2.026994704185759444e-01,-0.000000000000000000e+00,-1.594559209344678097e-01,-0.000000000000000000e+00,-1.955215851730546517e-01,0.000000000000000000e+00,-0.000000000000000000e+00,-0.000000000000000000e+00,0.000000000000000000e+00,-0.000000000000000000e+00,-3.998017469174591776e-02,1.279163349286063456e+00,-3.543076213462188068e-02,0.000000000000000000e+00,-0.000000000000000000e+00,-0.000000000000000000e+00,0.000000000000000000e+00,-0.000000000000000000e+00,0.000000000000000000e+00,-0.000000000000000000e+00,-0.000000000000000000e+00
-0.000000000000000000e+00,-0.000000000000000000e+00,-4.371103341795139208e-02,-0.000000000000000000e+00,-0.000000000000000000e+00,0.000000000000000000e+00,-0.000000000000000000e+00,1.379208518390116767e-01,-0.000000000000000000e+00,-9.161959023522259216e-02,0.000000000000000000e+00,-0.000000000000000000e+00,0.000000000000000000e+00,-1.793400542620499083e-01,-0.000000000000000000e+00,-0.000000000000000000e+00,-0.000000000000000000e+00,-0.000000000000000000e+00,-0.000000000000000000e+00,-0.000000000000000000e+00,-0.000000000000000000e+00,2.677099286461483846e-02,-1.540573170639726076e-02,-0.000000000000000000e+00,-0.000000000000000000e+00,-3.583192177568481074e-01,-0.000000000000000000e+00,-2.413773841010448049e-02,-1.842635060144556525e-01,-3.543076213462188068e-02,1.472667302247593790e+00,-0.000000000000000000e+00,-3.085534989054406485e-01,-0.000000000000000000e+00,0.000000000000000000e+00,-5.012849084809606337e-02,0.000000000000000000e+00,-0.000000000000000000e+00,-0.000000000000000000e+00
0.000000000000000000e+00,-1.587834196689698329e-01,1.787432058482538166e-02,-0.000000000000000000e+00,-0.000000000000000000e+00,-4.749426028948746520e-02,0.000000000000000000e+00,-0.000000000000000000e+00,-0.000000000000000000e+00,0.000000000000000000e+00,-5.981198226697427289e-01,0.000000000000000000e+00,2.179890765072824699e-01,-0.000000000000000000e+00,1.918699271953553109e-01,0.000000000000000000e+00,-4.994039885661363115e-02,0.000000000000000000e+00,5.459116858241458772e-03,2.565923714067592787e-01,0.000000000000000000e+00,7.316148852324534657e-02,0.000000000000000000e+00,-2.186645629855589190e-01,-0.000000000000000000e+00,-0.000000000000000000e+00,-1.525068134124951125e-01,0.000000000000000000e+00,-3.018979181281350108e-02,0.000000000000000000e+00,-0.000000000000000000e+00,2.514214035379804368e+00,0.000000000000000000e+00,0.000000000000000000e+00,-0.000000000000000000e+00,0.000000000000000000e+00,-7.875572529180089321e-01,0.000000000000000000e+00,0.000000000000000000e+00
-0.000000000000000000e+00,0.000000000000000000e+00,-1.235184396826929931e-01,0.000000000000000000e+00,-0.000000000000000000e+00,1.932915054007151578e-01,0.000000000000000000e+00,8.080991537912865508e-02,0.000000000000000000e+00,-1.628433946083266692e-01,9.331520867440988576e-02,-5.442034990819175633e-01,-0.000000000000000000e+00,-0.000000000000000000e+00,-0.000000000000000000e+00,-6.293780289853399823e-02,0.000000000000000000e+00,-0.000000000000000000e+00,-0.000000000000000000e+00,-2.388890574152921775e-01,-9.943984119510411446e-02,0.000000000000000000e+00,-0.000000000000000000e+00,0.000000000000000000e+00,0.000000000000000000e+00,-1.477669713259229141e-02,-0.000000000000000000e+00,-5.487116656552409877e-03,0.000000000000000000e+00,-0.000000000000000000e+00,-3.085534989054406485e-01,0.000000000000000000e+00,1.973888477396205321e+00,-0.000000000000000000e+00,0.000000000000000000e+00,-0.000000000000000000e+00,0.000000000000000000e+00,-0.000000000000000000e+00,-3.509261950925313817e-02
-0.000000000000000000e+00,0.000000000000000000e+00,-2.949286775085198098e-01,-0.000000000000000000e+00,-2.949895406588121660e-01,2.807331076892249921e-01,0.000000000000000000e+00,1.146259220482620800e-01,-0.000000000000000000e+00,-0.000000000000000000e+00,0.000000000000000000e+00,-2.711000232537461030e-01,-0.000000000000000000e+00,-2.329402568147077163e-02,-3.454049013191174411e-01,-0.000000000000000000e+00,0.000000000000000000e+00,-5.071366258966667484e-01,-2.771712415038503075e-01,-0.000000000000000000e+00,-0.000000000000000000e+00,-0.000000000000000000e+00,-0.000000000000000000e+00,0.000000000000000000e+00,-0.000000000000000000e+00,-0.000000000000000000e+00,-0.000000000000000000e+00,-0.000000000000000000e+00,0.000000000000000000e+00,-0.000000000000000000e+00,-0.000000000000000000e+00,0.000000000000000000e+00,-0.000000000000000000e+00,2.775854076857720898e+00,2.349363710841123054e-01,-0.000000000000000000e+00,0.000000000000000000e+00,-0.000000000000000000e+00,-3.846838805234183978e-01
0.000000000000000000e+00,-0.000000000000000000e+00,0.000000000000000000e+00,0.000000000000000000e+00,0.000000000000000000e+00,-3.180025009488331514e-04,-0.000000000000000000e+00,-0.000000000000000000e+00,0.000000000000000000e+00,0.000000000000000000e+00,-0.000000000000000000e+00,2.116975081735052722e-01,0.000000000000000000e+00,0.000000000000000000e+00,0.000000000000000000e+00,0.000000000000000000e+00,-8.409051760489687222e-02,0.000000000000000000e+00,0.000000000000000000e+00,0.000000000000000000e+00,0.000000000000000000e+00,0.000000000000000000e+00,-0.000000000000000000e+00,-4.759500310284492941e-01,-0.000000000000000000e+00,-0.000000000000000000e+00,-0.000000000000000000e+00,7.863887143658483680e-02,-6.538542632947749733e-02,0.000000000000000000e+00,0.000000000000000000e+00,-0.000000000000000000e+00,0.000000000000000000e+00,2.349363710841123054e-01,1.765864106881746443e+00,2.412641242452480683e-01,-3.268469928229000288e-01,0.000000000000000000e+00,0.000000000000000000e+00
-0.000000000000000000e+00,-0.000000000000000000e+00,-0.000000000000000000e+00,-0.000000000000000000e+00,-0.000000000000000000e+00,0.000000000000000000e+00,-0.000000000000000000e+00,0.000000000000000000e+00,-9.438201463927345380e-02,-2.647140505648652997e-01,0.000000000000000000e+00,-0.000000000000000000e+00,-4.948803904410706278e-02,-5.551676141747224902e-02,-0.000000000000000000e+00,-5.529126699374419668e-02,-0.000000000000000000e+00,-0.000000000000000000e+00,-0.000000000000000000e+00,-0.000000000000000000e+00,-0.000000000000000000e+00,0.000000000000000000e+00,-0.000000000000000000e+00,0.000000000000000000e+00,-0.000000000000000000e+00,-0.000000000000000000e+00,-0.000000000000000000e+00,-0.000000000000000000e+00,-0.000000000000000000e+00,-0.000000000000000000e+00,-5.012849084809606337e-02,0.000000000000000000e+00,-0.000000000000000000e+00,-0.000000000000000000e+00,2.412641242452480683e-01,1.237548177359678814e+00,0.000000000000000000e+00,-0.000000000000000000e+00,-0.000000000000000000e+00
0.000000000000000000e+00,-0.000000000000000000e+00,2.009298540858227844e-01,-0.000000000000000000e+00,0.000000000000000000e+00,-0.000000000000000000e+00,3.447280634967601898e-02,-2.336242468566170419e-02,0.000000000000000000e+00,5.934104913798101538e-02,-4.627080409862370791e-01,0.000000000000000000e+00,5.241653300323163567e-01,-0.000000000000000000e+00,4.189898915521864664e-01,0.000000000000000000e+00,-0.000000000000000000e+00,0.000000000000000000e+00,1.867230050700559862e-01,0.000000000000000000e+00,1.537330983405849408e-02,0.000000000000000000e+00,0.000000000000000000e+00,-5.143431731138051882e-02,-0.000000000000000000e+00,0.000000000000000000e+00,-1.051178545015820365e-01,0.000000000000000000e+00,-0.000000000000000000e+00,0.000000000000000000e+00,0.000000000000000000e+00,-7.875572529180089321e-01,0.000000000000000000e+00,0.000000000000000000e+00,-3.268469928229000288e-01,0.000000000000000000e+00,2.863607858868462586e+00,0.000000000000000000e+00,0.000000000000000000e+00
-3.939476147921480709e-01,-4.550340550315188498e-02,-0.000000000000000000e+00,9.108941667830794398e-02,-0.000000000000000000e+00,0.000000000000000000e+00,0.000000000000000000e+00,0.000000000000000000e+00,-0.000000000000000000e+00,-2.728652584794645786e-01,0.000000000000000000e+00,-1.917755349493336370e-01,-0.000000000000000000e+00,-0.000000000000000000e+00,-1.078527359988979001e-01,-8.952318657538280156e-02,0.000000000000000000e+00,-0.000000000000000000e+00,-0.000000000000000000e+00,-0.000000000000000000e+00,-0.000000000000000000e+00,-0.000000000000000000e+00,-0.000000000000000000e+00,0.000000000000000000e+00,-4.305865440545352668e-02,-0.000000000000000000e+00,-0.000000000000000000e+00,-0.000000000000000000e+00,-0.000000000000000000e+00,-0.000000000000000000e+00,-0.000000000000000000e+00,0.000000000000000000e+00,-0.000000000000000000e+00,-0.000000000000000000e+00,0.000000000000000000e+00,-0.000000000000000000e+00,0.000000000000000000e+00,1.781946097335689982e+00,-5.193390249016133220e-01
-0.000000000000000000e+00,-1.547978312901272246e-01,-0.000000000000000000e+00,0.000000000000000000e+00,-1.357773840245980745e-02,2.779596686699583805e-02,0.000000000000000000e+00,0.000000000000000000e+00,-2.932177215248922275e-01,-0.000000000000000000e+00,0.000000000000000000e+00,-3.752311421378268785e-01,-0.000000000000000000e+00,-2.019337569287743273e-01,-0.000000000000000000e+00,-4.559060339788288951e-01,0.000000000000000000e+00,-2.943663553071503014e-02,-0.000000000000000000e+00,-0.000000000000000000e+00,-0.000000000000000000e+00,-0.000000000000000000e+00,-0.000000000000000000e+00,0.000000000000000000e+00,-0.000000000000000000e+00,-5.351991085960379479e-02,-2.535296262428289316e-01,-0.000000000000000000e+00,0.000000000000000000e+00,-0.000000000000000000e+00,-0.000000000000000000e+00,0.000000000000000000e+00,-3.509261950925313817e-02,-3.846838805234183978e-01,0.000000000000000000e+00,-0.000000000000000000e+00,0.000000000000000000e+00,-5.193390249016133220e-01,2.323312971839197161e+00
