1.433406250335037990e+00,-4.710240920335809212e-01,-0.000000000000000000e+00,-0.000000000000000000e+00,-0.000000000000000000e+00,-0.000000000000000000e+00,0.000000000000000000e+00,0.000000000000000000e+00,-0.000000000000000000e+00,-0.000000000000000000e+00,6.034889633119512597e-02,0.000000000000000000e+00,0.000000000000000000e+00,-6.374555714731540423e-02,0.000000000000000000e+00,-0.000000000000000000e+00,-0.000000000000000000e+00,-0.000000000000000000e+00,-0.000000000000000000e+00,0.000000000000000000e+00,-0.000000000000000000e+00,0.000000000000000000e+00,-4.593851622676636305e-03,0.000000000000000000e+00,0.000000000000000000e+00,-2.648855498635062644e-01,0.000000000000000000e+00,-0.000000000000000000e+00,-0.000000000000000000e+00,-0.000000000000000000e+00,0.000000000000000000e+00,-0.000000000000000000e+00,-0.000000000000000000e+00,0.000000000000000000e+00,0.000000000000000000e+00,-0.000000000000000000e+00,-0.000000000000000000e+00,-1.311891258812720729e-01,-0.000000000000000000e+00
-4.710240920335809212e-01,2.062794467131773946e+00,-1.750826284716545250e-02,0.000000000000000000e+00,-0.000000000000000000e+00,3.883016840376819073e-02,-0.000000000000000000e+00,1.379242322402700061e-01,-1.760478016291316394e-01,-0.000000000000000000e+00,0.000000000000000000e+00,-0.000000000000000000e+00,-0.000000000000000000e+00,-5.627735596116764105e-01,-0.000000000000000000e+00,-0.000000000000000000e+00,6.726771401981619658e-02,-0.000000000000000000e+00,-0.000000000000000000e+00,-0.000000000000000000e+00,0.000000000000000000e+00,-0.000000000000000000e+00,-0.000000000000000000e+00,0.000000000000000000e+00,-0.000000000000000000e+00,-3.875949627727509617e-01,-1.466462048794581752e-01,0.000000000000000000e+00,0.000000000000000000e+00,-0.000000000000000000e+00,-0.000000000000000000e+00,-0.000000000000000000e+00,-0.000000000000000000e+00,-0.000000000000000000e+00,-0.000000000000000000e+00,-0.000000000000000000e+00,-0.000000000000000000e+00,-0.000000000000000000e+00,-6.067500050254844013e-02
-0.000000000000000000e+00,-1.750826284716545250e-02,2.922311890060403705e+00,-0.000000000000000000e+00,-4.000706610877932112e-01,0.000000000000000000e+00,-0.000000000000000000e+00,1.312169003286898228e+00,-5.193655983862804221e-02,-0.000000000000000000e+00,-0.000000000000000000e+00,-0.000000000000000000e+00,-0.000000000000000000e+00,-4.475535620789362207e-02,0.000000000000000000e+00,-0.000000000000000000e+00,0.000000000000000000e+00,-5.190642366190443419e-02,-0.000000000000000000e+00,-0.000000000000000000e+00,-3.237048951469564256e-02,-5.964595795890159646e-01,-1.866387631828320404e-01,0.000000000000000000e+00,0.000000000000000000e+00,-0.000000000000000000e+00,-0.000000000000000000e+00,-0.000000000000000000e+00,-0.000000000000000000e+00,-0.000000000000000000e+00,-0.000000000000000000e+00,-8.148555478544285829e-03,-5.126785103502509156e-01,-0.000000000000000000e+00,-0.000000000000000000e+00,-0.000000000000000000e+00,-0.000000000000000000e+00,-0.000000000000000000e+00,-0.000000000000000000e+00
-0.000000000000000000e+00,0.000000000000000000e+00,-0.000000000000000000e+00,2.007003919668103542e+00,-0.000000000000000000e+00,0.000000000000000000e+00,-1.272954823924853096e-01,0.000000000000000000e+00,-0.000000000000000000e+00,-1.115816266392467698e-01,-0.000000000000000000e+00,-0.000000000000000000e+00,-0.000000000000000000e+00,0.000000000000000000e+00,-0.000000000000000000e+00,-3.530438403199701036e-01,0.000000000000000000e+00,-5.287167485584908649e-02,-7.543262754855705188e-01,-1.013142483589037357e-01,0.000000000000000000e+00,-0.000000000000000000e+00,-0.000000000000000000e+00,0.000000000000000000e+00,-0.000000000000000000e+00,-0.000000000000000000e+00,-0.000000000000000000e+00,-1.687031450244575181e-01,0.000000000000000000e+00,-7.145006459162939194e-02,-0.000000000000000000e+00,-0.000000000000000000e+00,0.000000000000000000e+00,-0.000000000000000000e+00,1.465406434639056690e-02,-0.000000000000000000e+00,1.397511394125122153e-01,-0.000000000000000000e+00,-0.000000000000000000e+00
-0.000000000000000000e+00,-0.000000000000000000e+00,-4.000706610877932112e-01,-0.000000000000000000e+00,1.727462858247824862e+00,-0.000000000000000000e+00,-0.000000000000000000e+00,1.790826349053202884e-02,-2.942815847396207558e-03,-2.166394676977075051e-01,-0.000000000000000000e+00,-0.000000000000000000e+00,0.000000000000000000e+00,-1.255968898513250553e-01,0.000000000000000000e+00,-7.026195500834676866e-02,-0.000000000000000000e+00,-0.000000000000000000e+00,-0.000000000000000000e+00,-0.000000000000000000e+00,0.000000000000000000e+00,-0.000000000000000000e+00,-1.101904164759979626e-01,-0.000000000000000000e+00,-0.000000000000000000e+00,-0.000000000000000000e+00,-0.000000000000000000e+00,-2.210824908975501657e-01,-0.000000000000000000e+00,-2.945457738519123916e-02,-7.050091259450977366e-02,-1.592348524974880331e-01,-0.000000000000000000e+00,-2.155249614543556236e-01,-0.000000000000000000e+00,-0.000000000000000000e+00,-0.000000000000000000e+00,-0.000000000000000000e+00,-0.000000000000000000e+00
-0.000000000000000000e+00,3.883016840376819073e-02,0.000000000000000000e+00,0.000000000000000000e+00,-0.000000000000000000e+00,2.291342484970210425e+00,4.346123025926204031e-01,-0.000000000000000000e+00,0.000000000000000000e+00,0.000000000000000000e+00,0.000000000000000000e+00,4.117198318783099054e-01,0.000000000000000000e+00,0.000000000000000000e+00,4.442968449443511769e-01,0.000000000000000000e+00,-4.313568042713512574e-01,5.277679747896940610e-02,2.884339938495536146e-02,0.000000000000000000e+00,-0.000000000000000000e+00,4.838292689607636560e-02,0.000000000000000000e+00,-0.000000000000000000e+00,-0.000000000000000000e+00,0.000000000000000000e+00,0.000000000000000000e+00,-0.000000000000000000e+00,-7.944699650986622452e-02,0.000000000000000000e+00,0.000000000000000000e+00,0.000000000000000000e+00,-0.000000000000000000e+00,0.000000000000000000e+00,-0.000000000000000000e+00,-0.000000000000000000e+00,-4.341824496609249517e-01,0.000000000000000000e+00,2.966406534391948235e-01
0.000000000000000000e+00,-0.000000000000000000e+00,-0.000000000000000000e+00,-1.272954823924853096e-01,-0.000000000000000000e+00,4.346123025926204031e-01,2.671447815722372887e+00,0.000000000000000000e+00,-0.000000000000000000e+00,-1.293751327519554184e-01,-0.000000000000000000e+00,-5.212379554701029871e-01,-2.375929118508800925e-02,-0.000000000000000000e+00,-8.764768677331147284e-02,-6.397002144205116321e-03,1.217358766620116328e-01,-0.000000000000000000e+00,-3.990956247192172235e-01,-3.861409107226906334e-01,0.000000000000000000e+00,-2.588246572102020360e-01,-0.000000000000000000e+00,0.000000000000000000e+00,0.000000000000000000e+00,-0.000000000000000000e+00,-2.332196680230891328e-01,-0.000000000000000000e+00,0.000000000000000000e+00,-0.000000000000000000e+00,-2.013224036607342837e-01,-8.538291142457285487e-02,0.000000000000000000e+00,-0.000000000000000000e+00,0.000000000000000000e+00,-0.000000000000000000e+00,0.000000000000000000e+00,-0.000000000000000000e+00,-0.000000000000000000e+00
0.000000000000000000e+00,1.379242322402700061e-01,1.312169003286898228e+00,0.000000000000000000e+00,1.790826349053202884e-02,-0.000000000000000000e+00,0.000000000000000000e+00,2.220222034991646165e+00,6.617374418089515264e-02,1.968425695516953441e-02,0.000000000000000000e+00,0.000000000000000000e+00,-0.000000000000000000e+00,1.715598267144111469e-02,-0.000000000000000000e+00,0.000000000000000000e+00,-0.000000000000000000e+00,8.131915883931097044e-02,0.000000000000000000e+00,0.000000000000000000e+00,5.896803287574129554e-02,1.682321923022700727e-01,0.000000000000000000e+00,-0.000000000000000000e+00,-0.000000000000000000e+00,0.000000000000000000e+00,5.717476942192027504e-03,0.000000000000000000e+00,-0.000000000000000000e+00,0.000000000000000000e+00,0.000000000000000000e+00,0.000000000000000000e+00,9.081746859333132693e-02,0.000000000000000000e+00,0.000000000000000000e+00,6.407722352016997393e-03,0.000000000000000000e+00,0.000000000000000000e+00,0.000000000000000000e+00
-0.000000000000000000e+00,-1.760478016291316394e-01,-5.193655983862804221e-02,-0.000000000000000000e+00,-2.942815847396207558e-03,0.000000000000000000e+00,-0.000000000000000000e+00,6.617374418089515264e-02,2.890614444493618596e+00,-0.000000000000000000e+00,-0.000000000000000000e+00,-0.000000000000000000e+00,0.000000000000000000e+00,-1.649426969114638486e-01,-0.000000000000000000e+00,-0.000000000000000000e+00,0.000000000000000000e+00,-3.009337277337300609e-01,-0.000000000000000000e+00,-0.000000000000000000e+00,0.000000000000000000e+00,-0.000000000000000000e+00,-0.000000000000000000e+00,0.000000000000000000e+00,0.000000000000000000e+00,-1.679316180685359872e-01,-0.000000000000000000e+00,-0.000000000000000000e+00,0.000000000000000000e+00,-4.844346044540554508e-01,-0.000000000000000000e+00,-0.000000000000000000e+00,0.000000000000000000e+00,-4.418427792223633688e-01,-0.000000000000000000e+00,0.000000000000000000e+00,0.000000000000000000e+00,-6.631824236219943103e-01,-6.179453207207145082e-01
-0.000000000000000000e+00,-0.000000000000000000e+00,-0.000000000000000000e+00,-1.115816266392467698e-01,-2.166394676977075051e-01,0.000000000000000000e+00,-1.293751327519554184e-01,1.968425695516953441e-02,-0.000000000000000000e+00,3.084093421040186023e+00,-0.000000000000000000e+00,-1.237482006974546522e-01,-0.000000000000000000e+00,-0.000000000000000000e+00,-0.000000000000000000e+00,-5.543537762726811202e-01,0.000000000000000000e+00,-0.000000000000000000e+00,-5.633450126554271353e-01,-0.000000000000000000e+00,0.000000000000000000e+00,-0.000000000000000000e+00,-5.815923000968840906e-02,0.000000000000000000e+00,-0.000000000000000000e+00,-0.000000000000000000e+00,-1.367928310653545032e-01,-0.000000000000000000e+00,0.000000000000000000e+00,-6.272058974981545854e-01,-6.825497495314786223e-01,-9.424891639265196852e-02,0.000000000000000000e+00,-0.000000000000000000e+00,0.000000000000000000e+00,-0.000000000000000000e+00,0.000000000000000000e+00,-0.000000000000000000e+00,-0.000000000000000000e+00
6.034889633119512597e-02,0.000000000000000000e+00,-0.000000000000000000e+00,-0.000000000000000000e+00,-0.000000000000000000e+00,0.000000000000000000e+00,-0.000000000000000000e+00,0.000000000000000000e+00,-0.000000000000000000e+00,-0.000000000000000000e+00,1.007932106438779840e+00,-0.000000000000000000e+00,-0.000000000000000000e+00,-0.000000000000000000e+00,-0.000000000000000000e+00,-0.000000000000000000e+00,-0.000000000000000000e+00,-0.000000000000000000e+00,-0.000000000000000000e+00,-0.000000000000000000e+00,-0.000000000000000000e+00,-0.000000000000000000e+00,0.000000000000000000e+00,-6.577780319588939772e-02,0.000000000000000000e+00,0.000000000000000000e+00,0.000000000000000000e+00,0.000000000000000000e+00,0.000000000000000000e+00,-0.000000000000000000e+00,-0.000000000000000000e+00,-0.000000000000000000e+00,-0.000000000000000000e+00,-3.426361274473391921e-02,-0.000000000000000000e+00,0.000000000000000000e+00,-0.000000000000000000e+00,0.000000000000000000e+00,-0.000000000000000000e+00
0.000000000000000000e+00,-0.000000000000000000e+00,-0.000000000000000000e+00,-0.000000000000000000e+00,-0.000000000000000000e+00,4.117198318783099054e-01,-5.212379554701029871e-01,0.000000000000000000e+00,-0.000000000000000000e+00,-1.237482006974546522e-01,-0.000000000000000000e+00,2.778838030393508962e+00,-0.000000000000000000e+00,-0.000000000000000000e+00,-4.834060599276679970e-01,-3.326428441765386795e-02,0.000000000000000000e+00,-0.000000000000000000e+00,-0.000000000000000000e+00,-1.613024968912057100e-01,0.000000000000000000e+00,-0.000000000000000000e+00,-0.000000000000000000e+00,0.000000000000000000e+00,0.000000000000000000e+00,-0.000000000000000000e+00,-1.448590003880133037e-01,-0.000000000000000000e+00,0.000000000000000000e+00,-2.022389392471890257e-01,-0.000000000000000000e+00,-4.390869729068458960e-01,0.000000000000000000e+00,-4.887496377465557207e-01,0.000000000000000000e+00,0.000000000000000000e+00,0.000000000000000000e+00,-0.000000000000000000e+00,-8.189464809359175979e-02
0.000000000000000000e+00,-0.000000000000000000e+00,-0.000000000000000000e+00,-0.000000000000000000e+00,0.000000000000000000e+00,0.000000000000000000e+00,-2.375929118508800925e-02,-0.000000000000000000e+00,0.000000000000000000e+00,-0.000000000000000000e+00,-0.000000000000000000e+00,-0.000000000000000000e+00,1.246771940801705947e+00,-0.000000000000000000e+00,-0.000000000000000000e+00,0.000000000000000000e+00,0.000000000000000000e+00,-0.000000000000000000e+00,-0.000000000000000000e+00,-1.535695497648341401e-01,-0.000000000000000000e+00,-1.602774824335127246e-01,-2.584822808602178779e-02,-1.035682078112941662e-01,-2.515682734332249093e-01,0.000000000000000000e+00,-0.000000000000000000e+00,-0.000000000000000000e+00,-0.000000000000000000e+00,0.000000000000000000e+00,-7.238876277011890847e-02,-0.000000000000000000e+00,-1.062592002491191956e-01,-0.000000000000000000e+00,-0.000000000000000000e+00,-0.000000000000000000e+00,-1.046937828200031062e-01,0.000000000000000000e+00,0.000000000000000000e+00
-6.374555714731540423e-02,-5.627735596116764105e-01,-4.475535620789362207e-02,0.000000000000000000e+00,-1.255968898513250553e-01,0.000000000000000000e+00,-0.000000000000000000e+00,1.715598267144111469e-02,-1.649426969114638486e-01,-0.000000000000000000e+00,-0.000000000000000000e+00,-0.000000000000000000e+00,-0.000000000000000000e+00,1.912398228933145816e+00,0.000000000000000000e+00,-0.000000000000000000e+00,0.000000000000000000e+00,-0.000000000000000000e+00,-0.000000000000000000e+00,-0.000000000000000000e+00,0.000000000000000000e+00,-0.000000000000000000e+00,-2.798506766550450942e-01,-0.000000000000000000e+00,-0.000000000000000000e+00,-1.780761328562634471e-01,-1.871203725366173409e-01,-0.000000000000000000e+00,-0.000000000000000000e+00,-0.000000000000000000e+00,-1.553408906349098284e-01,-0.000000000000000000e+00,-0.000000000000000000e+00,-0.000000000000000000e+00,-6.560124552960688860e-02,-0.000000000000000000e+00,-2.195673605782431925e-01,-0.000000000000000000e+00,-0.000000000000000000e+00
0.000000000000000000e+00,-0.000000000000000000e+00,0.000000000000000000e+00,-0.000000000000000000e+00,0.000000000000000000e+00,4.442968449443511769e-01,-8.764768677331147284e-02,-0.000000000000000000e+00,-0.000000000000000000e+00,-0.000000000000000000e+00,-0.000000000000000000e+00,-4.834060599276679970e-01,-0.000000000000000000e+00,0.000000000000000000e+00,1.634096357685806078e+00,-0.000000000000000000e+00,0.000000000000000000e+00,0.000000000000000000e+00,-0.000000000000000000e+00,-6.249996211599393586e-02,0.000000000000000000e+00,-0.000000000000000000e+00,0.000000000000000000e+00,0.000000000000000000e+00,0.000000000000000000e+00,-0.000000000000000000e+00,-0.000000000000000000e+00,0.000000000000000000e+00,6.331757675279711672e-02,-0.000000000000000000e+00,-0.000000000000000000e+00,-0.000000000000000000e+00,1.771995181230674038e-02,-9.718779471041336104e-02,3.715500282605681964e-02,1.531820055750159615e-01,1.703243663756325715e-02,-0.000000000000000000e+00,-1.104846108158499991e-02
-0.000000000000000000e+00,-0.000000000000000000e+00,-0.000000000000000000e+00,-3.530438403199701036e-01,-7.026195500834676866e-02,0.000000000000000000e+00,-6.397002144205116321e-03,0.000000000000000000e+00,-0.000000000000000000e+00,-5.543537762726811202e-01,-0.000000000000000000e+00,-3.326428441765386795e-02,0.000000000000000000e+00,-0.000000000000000000e+00,-0.000000000000000000e+00,2.575251699493281698e+00,0.000000000000000000e+00,-0.000000000000000000e+00,-0.000000000000000000e+00,-0.000000000000000000e+00,0.000000000000000000e+00,-0.000000000000000000e+00,-0.000000000000000000e+00,0.000000000000000000e+00,0.000000000000000000e+00,-4.479483201111545548e-02,-0.000000000000000000e+00,-3.760502430575815014e-01,0.000000000000000000e+00,-8.313489835696740160e-01,-0.000000000000000000e+00,-1.019281463173724311e-01,0.000000000000000000e+00,-0.000000000000000000e+00,0.000000000000000000e+00,0.000000000000000000e+00,1.210104546967155359e-01,-1.025108832679872822e-01,-6.482831004566370903e-02
-0.000000000000000000e+00,6.726771401981619658e-02,0.000000000000000000e+00,0.000000000000000000e+00,-0.000000000000000000e+00,-4.313568042713512574e-01,1.217358766620116328e-01,-0.000000000000000000e+00,0.000000000000000000e+00,0.000000000000000000e+00,-0.000000000000000000e+00,0.000000000000000000e+00,0.000000000000000000e+00,0.000000000000000000e+00,0.000000000000000000e+00,0.000000000000000000e+00,1.285980261642479583e+00,0.000000000000000000e+00,1.860771955187873541e-02,3.152179503333663729e-02,-0.000000000000000000e+00,5.652725786045971479e-02,-0.000000000000000000e+00,-0.000000000000000000e+00,0.000000000000000000e+00,0.000000000000000000e+00,0.000000000000000000e+00,-0.000000000000000000e+00,-0.000000000000000000e+00,0.000000000000000000e+00,0.000000000000000000e+00,0.000000000000000000e+00,-0.000000000000000000e+00,0.000000000000000000e+00,-0.000000000000000000e+00,0.000000000000000000e+00,-4.803289169851535784e-02,0.000000000000000000e+00,0.000000000000000000e+00
-0.000000000000000000e+00,-0.000000000000000000e+00,-5.190642366190443419e-02,-5.287167485584908649e-02,-0.000000000000000000e+00,5.277679747896940610e-02,-0.000000000000000000e+00,8.131915883931097044e-02,-3.009337277337300609e-01,-0.000000000000000000e+00,-0.000000000000000000e+00,-0.000000000000000000e+00,-0.000000000000000000e+00,-0.000000000000000000e+00,0.000000000000000000e+00,-0.000000000000000000e+00,0.000000000000000000e+00,1.987731301603907541e+00,-2.828585004543556769e-01,-1.373024760898004515e-01,-0.000000000000000000e+00,-0.000000000000000000e+00,-0.000000000000000000e+00,0.000000000000000000e+00,0.000000000000000000e+00,-6.070820661106350602e-02,-1.730913109205618750e-01,-0.000000000000000000e+00,7.692935551542960659e-02,-0.000000000000000000e+00,-0.000000000000000000e+00,-0.000000000000000000e+00,0.000000000000000000e+00,-0.000000000000000000e+00,-0.000000000000000000e+00,-0.000000000000000000e+00,0.000000000000000000e+00,-4.082848912643069483e-01,-2.890519709174193541e-01
-0.000000000000000000e+00,-0.000000000000000000e+00,-0.000000000000000000e+00,-7.543262754855705188e-01,-0.000000000000000000e+00,2.884339938495536146e-02,-3.990956247192172235e-01,0.000000000000000000e+00,-0.000000000000000000e+00,-5.633450126554271353e-01,-0.000000000000000000e+00,-0.000000000000000000e+00,-0.000000000000000000e+00,-0.000000000000000000e+00,-0.000000000000000000e+00,-0.000000000000000000e+00,1.860771955187873541e-02,-2.828585004543556769e-01,2.440509659446328250e+00,-0.000000000000000000e+00,-0.000000000000000000e+00,-0.000000000000000000e+00,-0.000000000000000000e+00,0.000000000000000000e+00,-0.000000000000000000e+00,-0.000000000000000000e+00,-0.000000000000000000e+00,-0.000000000000000000e+00,0.000000000000000000e+00,-1.540598279342526022e-01,-1.675893564371049305e-01,-0.000000000000000000e+00,0.000000000000000000e+00,-0.000000000000000000e+00,0.000000000000000000e+00,-0.000000000000000000e+00,0.000000000000000000e+00,-2.228954628214194558e-02,-0.000000000000000000e+00
0.000000000000000000e+00,-0.000000000000000000e+00,-0.000000000000000000e+00,-1.013142483589037357e-01,-0.000000000000000000e+00,0.000000000000000000e+00,-3.861409107226906334e-01,0.000000000000000000e+00,-0.000000000000000000e+00,-0.000000000000000000e+00,-0.000000000000000000e+00,-1.613024968912057100e-01,-1.535695497648341401e-01,-0.000000000000000000e+00,-6.249996211599393586e-02,-0.000000000000000000e+00,3.152179503333663729e-02,-1.373024760898004515e-01,-0.000000000000000000e+00,1.701071431220305907e+00,-0.000000000000000000e+00,-4.685200488709176936e-01,-0.000000000000000000e+00,-0.000000000000000000e+00,-0.000000000000000000e+00,-0.000000000000000000e+00,-0.000000000000000000e+00,-0.000000000000000000e+00,0.000000000000000000e+00,-0.000000000000000000e+00,-0.000000000000000000e+00,-0.000000000000000000e+00,0.000000000000000000e+00,-5.414638793271532580e-02,-0.000000000000000000e+00,-0.000000000000000000e+00,0.000000000000000000e+00,-0.000000000000000000e+00,-0.000000000000000000e+00
-0.000000000000000000e+00,0.000000000000000000e+00,-3.237048951469564256e-02,0.000000000000000000e+00,0.000000000000000000e+00,-0.000000000000000000e+00,0.000000000000000000e+00,5.896803287574129554e-02,0.000000000000000000e+00,0.000000000000000000e+00,-0.000000000000000000e+00,0.000000000000000000e+00,-0.000000000000000000e+00,0.000000000000000000e+00,0.000000000000000000e+00,0.000000000000000000e+00,-0.000000000000000000e+00,-0.000000000000000000e+00,-0.000000000000000000e+00,-0.000000000000000000e+00,1.923051854502069613e+00,-5.269759384557746174e-01,-0.000000000000000000e+00,0.000000000000000000e+00,-0.000000000000000000e+00,0.000000000000000000e+00,0.000000000000000000e+00,-0.000000000000000000e+00,-0.000000000000000000e+00,3.926597614602810732e-02,0.000000000000000000e+00,0.000000000000000000e+00,-9.552317600562504341e-01,0.000000000000000000e+00,-0.000000000000000000e+00,-5.425045153566125655e-02,-0.000000000000000000e+00,0.000000000000000000e+00,1.089364892776679833e-01
0.000000000000000000e+00,-0.000000000000000000e+00,-5.964595795890159646e-01,-0.000000000000000000e+00,-0.000000000000000000e+00,4.838292689607636560e-02,-2.588246572102020360e-01,1.682321923022700727e-01,-0.000000000000000000e+00,-0.000000000000000000e+00,-0.000000000000000000e+00,-0.000000000000000000e+00,-1.602774824335127246e-01,-0.000000000000000000e+00,-0.000000000000000000e+00,-0.000000000000000000e+00,5.652725786045971479e-02,-0.000000000000000000e+00,-0.000000000000000000e+00,-4.685200488709176936e-01,-5.269759384557746174e-01,2.215269807412568515e+00,-0.000000000000000000e+00,0.000000000000000000e+00,0.000000000000000000e+00,-0.000000000000000000e+00,-0.000000000000000000e+00,-4.403058502714839173e-02,-0.000000000000000000e+00,-0.000000000000000000e+00,-0.000000000000000000e+00,-3.831406176981217576e-02,-7.589648752161388956e-02,-0.000000000000000000e+00,0.000000000000000000e+00,-0.000000000000000000e+00,0.000000000000000000e+00,-0.000000000000000000e+00,0.000000000000000000e+00
-4.593851622676636305e-03,-0.000000000000000000e+00,-1.866387631828320404e-01,-0.000000000000000000e+00,-1.101904164759979626e-01,0.000000000000000000e+00,-0.000000000000000000e+00,0.000000000000000000e+00,-0.000000000000000000e+00,-5.815923000968840906e-02,0.000000000000000000e+00,-0.000000000000000000e+00,-2.584822808602178779e-02,-2.798506766550450942e-01,0.000000000000000000e+00,-0.000000000000000000e+00,-0.000000000000000000e+00,-0.000000000000000000e+00,-0.000000000000000000e+00,-0.000000000000000000e+00,-0.000000000000000000e+00,-0.000000000000000000e+00,1.480686343015864770e+00,-0.000000000000000000e+00,-1.173791950587214222e-01,-2.834474273698195934e-01,-0.000000000000000000e+00,-8.079963156286483483e-02,-8.890814348856590499e-02,-6.048159421482594139e-02,-0.000000000000000000e+00,-0.000000000000000000e+00,-0.000000000000000000e+00,-0.000000000000000000e+00,-4.546038963707397379e-03,-8.648557602801199007e-02,-5.470484862266910067e-03,-0.000000000000000000e+00,-0.000000000000000000e+00
0.000000000000000000e+00,0.000000000000000000e+00,0.000000000000000000e+00,0.000000000000000000e+00,-0.000000000000000000e+00,-0.000000000000000000e+00,0.000000000000000000e+00,-0.000000000000000000e+00,0.000000000000000000e+00,0.000000000000000000e+00,-6.577780319588939772e-02,0.000000000000000000e+00,-1.035682078112941662e-01,-0.000000000000000000e+00,0.000000000000000000e+00,0.000000000000000000e+00,-0.000000000000000000e+00,0.000000000000000000e+00,0.000000000000000000e+00,-0.000000000000000000e+00,0.000000000000000000e+00,0.000000000000000000e+00,-0.000000000000000000e+00,1.303974690756210641e+00,-4.347006637571610571e-02,-0.000000000000000000e+00,-0.000000000000000000e+00,-0.000000000000000000e+00,-0.000000000000000000e+00,0.000000000000000000e+00,0.000000000000000000e+00,0.000000000000000000e+00,-0.000000000000000000e+00,0.000000000000000000e+00,-2.834050032428451216e-01,-0.000000000000000000e+00,-3.623732718522900131e-01,0.000000000000000000e+00,0.000000000000000000e+00
0.000000000000000000e+00,-0.000000000000000000e+00,0.000000000000000000e+00,-0.000000000000000000e+00,-0.000000000000000000e+00,-0.000000000000000000e+00,0.000000000000000000e+00,-0.000000000000000000e+00,0.000000000000000000e+00,-0.000000000000000000e+00,0.000000000000000000e+00,0.000000000000000000e+00,-2.515682734332249093e-01,-0.000000000000000000e+00,0.000000000000000000e+00,0.000000000000000000e+00,0.000000000000000000e+00,0.000000000000000000e+00,-0.000000000000000000e+00,-0.000000000000000000e+00,-0.000000000000000000e+00,0.000000000000000000e+00,-1.173791950587214222e-01,-4.347006637571610571e-02,1.188719976944874412e+00,0.000000000000000000e+00,-0.000000000000000000e+00,-0.000000000000000000e+00,-2.248147290365254403e-02,0.000000000000000000e+00,-0.000000000000000000e+00,0.000000000000000000e+00,-0.000000000000000000e+00,0.000000000000000000e+00,-1.374265103899769379e-03,-2.016165538624098072e-02,-2.754190531671786291e-01,0.000000000000000000e+00,0.000000000000000000e+00
-2.648855498635062644e-01,-3.875949627727509617e-01,-0.000000000000000000e+00,-0.000000000000000000e+00,-0.000000000000000000e+00,0.000000000000000000e+00,-0.000000000000000000e+00,0.000000000000000000e+00,-1.679316180685359872e-01,-0.000000000000000000e+00,0.000000000000000000e+00,-0.000000000000000000e+00,0.000000000000000000e+00,-1.780761328562634471e-01,-0.000000000000000000e+00,-4.479483201111545548e-02,0.000000000000000000e+00,-6.070820661106350602e-02,-0.000000000000000000e+00,-0.000000000000000000e+00,0.000000000000000000e+00,-0.000000000000000000e+00,-2.834474273698195934e-01,-0.000000000000000000e+00,0.000000000000000000e+00,2.451583369569407811e+00,-7.031867950620737107e-01,-0.000000000000000000e+00,-0.000000000000000000e+00,-0.000000000000000000e+00,-0.000000000000000000e+00,-1.956068734180588242e-02,0.000000000000000000e+00,-0.000000000000000000e+00,-0.000000000000000000e+00,-0.000000000000000000e+00,-0.000000000000000000e+00,-1.860737309338500178e-01,-3.100422414700056417e-01
0.000000000000000000e+00,-1.466462048794581752e-01,-0.000000000000000000e+00,-0.000000000000000000e+00,-0.000000000000000000e+00,0.000000000000000000e+00,-2.332196680230891328e-01,5.717476942192027504e-03,-0.000000000000000000e+00,-1.367928310653545032e-01,0.000000000000000000e+00,-1.448590003880133037e-01,-0.000000000000000000e+00,-1.871203725366173409e-01,-0.000000000000000000e+00,-0.000000000000000000e+00,0.000000000000000000e+00,-1.730913109205618750e-01,-0.000000000000000000e+00,-0.000000000000000000e+00,0.000000000000000000e+00,-0.000000000000000000e+00,-0.000000000000000000e+00,-0.000000000000000000e+00,-0.000000000000000000e+00,-7.031867950620737107e-01,2.206176921482100983e+00,-0.000000000000000000e+00,0.000000000000000000e+00,-0.000000000000000000e+00,-1.462340003014208634e-01,-2.938147234525265161e-01,0.000000000000000000e+00,-0.000000000000000000e+00,-9.781858754566886971e-02,-0.000000000000000000e+00,-0.000000000000000000e+00,-0.000000000000000000e+00,-0.000000000000000000e+00
-0.000000000000000000e+00,0.000000000000000000e+00,-0.000000000000000000e+00,-1.687031450244575181e-01,-2.210824908975501657e-01,-0.000000000000000000e+00,-0.000000000000000000e+00,0.000000000000000000e+00,-0.000000000000000000e+00,-0.000000000000000000e+00,0.000000000000000000e+00,-0.000000000000000000e+00,-0.000000000000000000e+00,-0.000000000000000000e+00,0.000000000000000000e+00,-3.760502430575815014e-01,-0.000000000000000000e+00,-0.000000000000000000e+00,-0.000000000000000000e+00,-0.000000000000000000e+00,-0.000000000000000000e+00,-4.403058502714839173e-02,-8.079963156286483483e-02,-0.000000000000000000e+00,-0.000000000000000000e+00,-0.000000000000000000e+00,-0.000000000000000000e+00,1.727104146997764822e+00,-3.965632055620381680e-01,-9.970494573735904156e-03,-1.198926349355443066e-01,-3.029941118066061256e-01,-0.000000000000000000e+00,-0.000000000000000000e+00,0.000000000000000000e+00,-0.000000000000000000e+00,-0.000000000000000000e+00,-0.000000000000000000e+00,0.000000000000000000e+00
-0.000000000000000000e+00,0.000000000000000000e+00,-0.000000000000000000e+00,0.000000000000000000e+00,-0.000000000000000000e+00,-7.944699650986622452e-02,0.000000000000000000e+00,-0.000000000000000000e+00,0.000000000000000000e+00,0.000000000000000000e+00,0.000000000000000000e+00,0.000000000000000000e+00,-0.000000000000000000e+00,-0.000000000000000000e+00,6.331757675279711672e-02,0.000000000000000000e+00,-0.000000000000000000e+00,7.692935551542960659e-02,0.000000000000000000e+00,0.000000000000000000e+00,-0.000000000000000000e+00,-0.000000000000000000e+00,-8.890814348856590499e-02,-0.000000000000000000e+00,-2.248147290365254403e-02,-0.000000000000000000e+00,0.000000000000000000e+00,-3.965632055620381680e-01,1.188212322929654619e+00,-0.000000000000000000e+00,-0.000000000000000000e+00,-2.269481178609588853e-02,-6.514651403334417723e-02,-0.000000000000000000e+00,-0.000000000000000000e+00,-0.000000000000000000e+00,-1.421903134466598051e-01,0.000000000000000000e+00,0.000000000000000000e+00
-0.000000000000000000e+00,-0.000000000000000000e+00,-0.000000000000000000e+00,-7.145006459162939194e-02,-2.945457738519123916e-02,0.000000000000000000e+00,-0.000000000000000000e+00,0.000000000000000000e+00,-4.844346044540554508e-01,-6.272058974981545854e-01,-0.000000000000000000e+00,-2.022389392471890257e-01,0.000000000000000000e+00,-0.000000000000000000e+00,-0.000000000000000000e+00,-8.313489835696740160e-01,0.000000000000000000e+00,-0.000000000000000000e+00,-1.540598279342526022e-01,-0.000000000000000000e+00,3.926597614602810732e-02,-0.000000000000000000e+00,-6.048159421482594139e-02,0.000000000000000000e+00,0.000000000000000000e+00,-0.000000000000000000e+00,-0.000000000000000000e+00,-9.970494573735904156e-03,-0.000000000000000000e+00,2.816165228950979760e+00,-0.000000000000000000e+00,-3.345819378644119824e-01,0.000000000000000000e+00,-0.000000000000000000e+00,0.000000000000000000e+00,0.000000000000000000e+00,0.000000000000000000e+00,-4.450680825686575276e-02,-1.541062321651532827e-02
0.000000000000000000e+00,-0.000000000000000000e+00,-0.000000000000000000e+00,-0.000000000000000000e+00,-7.050091259450977366e-02,0.000000000000000000e+00,-2.013224036607342837e-01,0.000000000000000000e+00,-0.000000000000000000e+00,-6.825497495314786223e-01,-0.000000000000000000e+00,-0.000000000000000000e+00,-7.238876277011890847e-02,-1.553408906349098284e-01,-0.000000000000000000e+00,-0.000000000000000000e+00,0.000000000000000000e+00,-0.000000000000000000e+00,-1.675893564371049305e-01,-0.000000000000000000e+00,0.000000000000000000e+00,-0.000000000000000000e+00,-0.000000000000000000e+00,0.000000000000000000e+00,-0.000000000000000000e+00,-0.000000000000000000e+00,-1.462340003014208634e-01,-1.198926349355443066e-01,-0.000000000000000000e+00,-0.000000000000000000e+00,1.893922287056023945e+00,-7.760776808526839710e-02,0.000000000000000000e+00,-0.000000000000000000e+00,-0.000000000000000000e+00,-9.529061710122356532e-02,-0.000000000000000000e+00,-0.000000000000000000e+00,0.000000000000000000e+00
-0.000000000000000000e+00,-0.000000000000000000e+00,-8.148555478544285829e-03,-0.000000000000000000e+00,-1.592348524974880331e-01,0.000000000000000000e+00,-8.538291142457285487e-02,0.000000000000000000e+00,-0.000000000000000000e+00,-9.424891639265196852e-02,-0.000000000000000000e+00,-4.390869729068458960e-01,-0.000000000000000000e+00,-0.000000000000000000e+00,-0.000000000000000000e+00,-1.019281463173724311e-01,0.000000000000000000e+00,-0.000000000000000000e+00,-0.000000000000000000e+00,-0.000000000000000000e+00,0.000000000000000000e+00,-3.831406176981217576e-02,-0.000000000000000000e+00,0.000000000000000000e+00,0.000000000000000000e+00,-1.956068734180588242e-02,-2.938147234525265161e-01,-3.029941118066061256e-01,-2.269481178609588853e-02,-3.345819378644119824e-01,-7.760776808526839710e-02,2.045316868161044521e+00,-0.000000000000000000e+00,-0.000000000000000000e+00,-0.000000000000000000e+00,-0.000000000000000000e+00,0.000000000000000000e+00,-0.000000000000000000e+00,-0.000000000000000000e+00
-0.000000000000000000e+00,-0.000000000000000000e+00,-5.126785103502509156e-01,0.000000000000000000e+00,-0.000000000000000000e+00,-0.000000000000000000e+00,0.000000000000000000e+00,9.081746859333132693e-02,0.000000000000000000e+00,0.000000000000000000e+00,-0.000000000000000000e+00,0.000000000000000000e+00,-1.062592002491191956e-01,-0.000000000000000000e+00,1.771995181230674038e-02,0.000000000000000000e+00,-0.000000000000000000e+00,0.000000000000000000e+00,0.000000000000000000e+00,0.000000000000000000e+00,-9.552317600562504341e-01,-7.589648752161388956e-02,-0.000000000000000000e+00,-0.000000000000000000e+00,-0.000000000000000000e+00,0.000000000000000000e+00,0.000000000000000000e+00,-0.000000000000000000e+00,-6.514651403334417723e-02,0.000000000000000000e+00,0.000000000000000000e+00,-0.000000000000000000e+00,2.079102588813420027e+00,0.000000000000000000e+00,-0.000000000000000000e+00,-1.567533416425705983e-01,-2.105386131823124007e-01,0.000000000000000000e+00,1.684228978567968160e-01
0.000000000000000000e+00,-0.000000000000000000e+00,-0.000000000000000000e+00,-0.000000000000000000e+00,-2.155249614543556236e-01,0.000000000000000000e+00,-0.000000000000000000e+00,0.000000000000000000e+00,-4.418427792223633688e-01,-0.000000000000000000e+00,-3.426361274473391921e-02,-4.887496377465557207e-01,-0.000000000000000000e+00,-0.000000000000000000e+00,-9.718779471041336104e-02,-0.000000000000000000e+00,0.000000000000000000e+00,-0.000000000000000000e+00,-0.000000000000000000e+00,-5.414638793271532580e-02,0.000000000000000000e+00,-0.000000000000000000e+00,-0.000000000000000000e+00,0.000000000000000000e+00,0.000000000000000000e+00,-0.000000000000000000e+00,-0.000000000000000000e+00,-0.000000000000000000e+00,-0.000000000000000000e+00,-0.000000000000000000e+00,-0.000000000000000000e+00,-0.000000000000000000e+00,0.000000000000000000e+00,1.662224385935235249e+00,0.000000000000000000e+00,2.326664460606291378e-03,0.000000000000000000e+00,-0.000000000000000000e+00,-4.366937183614939821e-02
0.000000000000000000e+00,-0.000000000000000000e+00,-0.000000000000000000e+00,1.465406434639056690e-02,-0.000000000000000000e+00,-0.000000000000000000e+00,0.000000000000000000e+00,0.000000000000000000e+00,-0.000000000000000000e+00,0.000000000000000000e+00,-0.000000000000000000e+00,0.000000000000000000e+00,-0.000000000000000000e+00,-6.560124552960688860e-02,3.715500282605681964e-02,0.000000000000000000e+00,-0.000000000000000000e+00,-0.000000000000000000e+00,0.000000000000000000e+00,-0.000000000000000000e+00,-0.000000000000000000e+00,0.000000000000000000e+00,-4.546038963707397379e-03,-2.834050032428451216e-01,-1.374265103899769379e-03,-0.000000000000000000e+00,-9.781858754566886971e-02,0.000000000000000000e+00,-0.000000000000000000e+00,0.000000000000000000e+00,-0.000000000000000000e+00,-0.000000000000000000e+00,-0.000000000000000000e+00,0.000000000000000000e+00,1.661577695772583185e+00,-4.376441488113788636e-02,-8.515063548723059705e-01,0.000000000000000000e+00,0.000000000000000000e+00
-0.000000000000000000e+00,-0.000000000000000000e+00,-0.000000000000000000e+00,-0.000000000000000000e+00,-0.000000000000000000e+00,-0.000000000000000000e+00,-0.000000000000000000e+00,6.407722352016997393e-03,0.000000000000000000e+00,-0.000000000000000000e+00,0.000000000000000000e+00,0.000000000000000000e+00,-0.000000000000000000e+00,-0.000000000000000000e+00,1.531820055750159615e-01,0.000000000000000000e+00,0.000000000000000000e+00,-0.000000000000000000e+00,-0.000000000000000000e+00,-0.000000000000000000e+00,-5.425045153566125655e-02,-0.000000000000000000e+00,-8.648557602801199007e-02,-0.000000000000000000e+00,-2.016165538624098072e-02,-0.000000000000000000e+00,-0.000000000000000000e+00,-0.000000000000000000e+00,-0.000000000000000000e+00,0.000000000000000000e+00,-9.529061710122356532e-02,-0.000000000000000000e+00,-1.567533416425705983e-01,2.326664460606291378e-03,-4.376441488113788636e-02,1.143819322598206067e+00,-1.721719880580529216e-01,0.000000000000000000e+00,0.000000000000000000e+00
-0.000000000000000000e+00,-0.000000000000000000e+00,-0.000000000000000000e+00,1.397511394125122153e-01,-0.000000000000000000e+00,-4.341824496609249517e-01,0.000000000000000000e+00,0.000000000000000000e+00,0.000000000000000000e+00,0.000000000000000000e+00,-0.000000000000000000e+00,0.000000000000000000e+00,-1.046937828200031062e-01,-2.195673605782431925e-01,1.703243663756325715e-02,1.210104546967155359e-01,-4.803289169851535784e-02,0.000000000000000000e+00,0.000000000000000000e+00,0.000000000000000000e+00,-0.000000000000000000e+00,0.000000000000000000e+00,-5.470484862266910067e-03,-3.623732718522900131e-01,-2.754190531671786291e-01,-0.000000000000000000e+00,-0.000000000000000000e+00,-0.000000000000000000e+00,-1.421903134466598051e-01,0.000000000000000000e+00,-0.000000000000000000e+00,0.000000000000000000e+00,-2.105386131823124007e-01,0.000000000000000000e+00,-8.515063548723059705e-01,-1.721719880580529216e-01,2.134088928636150406e+00,0.000000000000000000e+00,0.000000000000000000e+00
-1.311891258812720729e-01,-0.000000000000000000e+00,-0.000000000000000000e+00,-0.000000000000000000e+00,-0.000000000000000000e+00,0.000000000000000000e+00,-0.000000000000000000e+00,0.000000000000000000e+00,-6.631824236219943103e-01,-0.000000000000000000e+00,0.000000000000000000e+00,-0.000000000000000000e+00,0.000000000000000000e+00,-0.000000000000000000e+00,-0.000000000000000000e+00,-1.025108832679872822e-01,0.000000000000000000e+00,-4.082848912643069483e-01,-2.228954628214194558e-02,-0.000000000000000000e+00,0.000000000000000000e+00,-0.000000000000000000e+00,-0.000000000000000000e+00,0.000000000000000000e+00,0.000000000000000000e+00,-1.860737309338500178e-01,-0.000000000000000000e+00,-0.000000000000000000e+00,0.000000000000000000e+00,-4.450680825686575276e-02,-0.000000000000000000e+00,-0.000000000000000000e+00,0.000000000000000000e+00,-0.000000000000000000e+00,0.000000000000000000e+00,0.000000000000000000e+00,0.000000000000000000e+00,2.609340668287023934e+00,-9.438431524560544350e-01
-0.000000000000000000e+00,-6.067500050254844013e-02,-0.000000000000000000e+00,-0.000000000000000000e+00,-0.000000000000000000e+00,2.966406534391948235e-01,-0.000000000000000000e+00,0.000000000000000000e+00,-6.179453207207145082e-01,-0.000000000000000000e+00,-0.000000000000000000e+00,-8.189464809359175979e-02,0.000000000000000000e+00,-0.000000000000000000e+00,-1.104846108158499991e-02,-6.482831004566370903e-02,0.000000000000000000e+00,-2.890519709174193541e-01,-0.000000000000000000e+00,-0.000000000000000000e+00,1.089364892776679833e-01,0.000000000000000000e+00,-0.000000000000000000e+00,0.000000000000000000e+00,0.000000000000000000e+00,-3.100422414700056417e-01,-0.000000000000000000e+00,0.000000000000000000e+00,0.000000000000000000e+00,-1.541062321651532827e-02,0.000000000000000000e+00,-0.000000000000000000e+00,1.684228978567968160e-01,-4.366937183614939821e-02,0.000000000000000000e+00,0.000000000000000000e+00,0.000000000000000000e+00,-9.438431524560544350e-01,2.714353233404167565e+00
