2.424375177935107040e+00,-3.508519208813535295e-01,-1.377116994525925120e-01,-0.000000000000000000e+00,-6.581244380794790128e-02,-0.000000000000000000e+00,-0.000000000000000000e+00,0.000000000000000000e+00,-0.000000000000000000e+00,-3.642439016658766127e-02,-0.000000000000000000e+00,-0.000000000000000000e+00,-0.000000000000000000e+00,-1.601393090573274003e-01,-0.000000000000000000e+00,-1.458501979876316856e-01,-0.000000000000000000e+00,-3.505954051464161420e-02,-0.000000000000000000e+00,0.000000000000000000e+00,-0.000000000000000000e+00,-0.000000000000000000e+00,-2.561167512436082205e-01,-0.000000000000000000e+00,-1.586743430713647984e-01,-3.790383799721449010e-01,-0.000000000000000000e+00,-0.000000000000000000e+00,-1.257315418578508204e-01,-2.617801838079634180e-01,-0.000000000000000000e+00,-0.000000000000000000e+00,-0.000000000000000000e+00,-0.000000000000000000e+00,-0.000000000000000000e+00,-2.365693309633910280e-01,-0.000000000000000000e+00,-2.382255475952635149e-01,-0.000000000000000000e+00
-3.508519208813535295e-01,2.336368429723884699e+00,-2.539553747563801783e-02,-0.000000000000000000e+00,-3.124476762036347832e-01,-0.000000000000000000e+00,0.000000000000000000e+00,0.000000000000000000e+00,-6.128738976627072510e-02,-0.000000000000000000e+00,-0.000000000000000000e+00,-0.000000000000000000e+00,-0.000000000000000000e+00,-3.151175774914253824e-01,-0.000000000000000000e+00,-6.609970820151934989e-02,-0.000000000000000000e+00,-0.000000000000000000e+00,-0.000000000000000000e+00,0.000000000000000000e+00,0.000000000000000000e+00,-0.000000000000000000e+00,-0.000000000000000000e+00,-0.000000000000000000e+00,-2.044440016109974056e-01,-2.070975233641344782e-01,-0.000000000000000000e+00,-0.000000000000000000e+00,-0.000000000000000000e+00,-6.109983763797303125e-01,-0.000000000000000000e+00,-0.000000000000000000e+00,-0.000000000000000000e+00,-0.000000000000000000e+00,-0.000000000000000000e+00,-1.482831031944959743e-01,-0.000000000000000000e+00,-0.000000000000000000e+00,-0.000000000000000000e+00
-1.377116994525925120e-01,-2.539553747563801783e-02,1.990005399039305622e+00,0.000000000000000000e+00,-2.646433635138627505e-01,-0.000000000000000000e+00,0.000000000000000000e+00,4.593711402448645287e-01,-0.000000000000000000e+00,-2.449810705467644553e-02,-0.000000000000000000e+00,-0.000000000000000000e+00,-0.000000000000000000e+00,-4.402575327357786672e-01,-0.000000000000000000e+00,-0.000000000000000000e+00,-0.000000000000000000e+00,-2.353043352119335019e-01,-0.000000000000000000e+00,0.000000000000000000e+00,-0.000000000000000000e+00,-0.000000000000000000e+00,-0.000000000000000000e+00,-0.000000000000000000e+00,-9.008172351962387414e-02,-0.000000000000000000e+00,-0.000000000000000000e+00,-1.138642033180069651e-01,-0.000000000000000000e+00,-3.821425110397917019e-02,-0.000000000000000000e+00,-0.000000000000000000e+00,-0.000000000000000000e+00,-0.000000000000000000e+00,-0.000000000000000000e+00,-1.248564856941920403e-01,-0.000000000000000000e+00,-0.000000000000000000e+00,-0.000000000000000000e+00
-0.000000000000000000e+00,-0.000000000000000000e+00,0.000000000000000000e+00,1.083691857609780929e+00,-0.000000000000000000e+00,-0.000000000000000000e+00,-0.000000000000000000e+00,0.000000000000000000e+00,-0.000000000000000000e+00,-0.000000000000000000e+00,-0.000000000000000000e+00,-7.344281550159488525e-02,-0.000000000000000000e+00,-0.000000000000000000e+00,0.000000000000000000e+00,-0.000000000000000000e+00,-0.000000000000000000e+00,-0.000000000000000000e+00,-0.000000000000000000e+00,-0.000000000000000000e+00,4.665876708081283242e-02,-0.000000000000000000e+00,-0.000000000000000000e+00,-0.000000000000000000e+00,-0.000000000000000000e+00,-0.000000000000000000e+00,-0.000000000000000000e+00,0.000000000000000000e+00,0.000000000000000000e+00,0.000000000000000000e+00,-0.000000000000000000e+00,-0.000000000000000000e+00,0.000000000000000000e+00,-2.750099261969822240e-01,0.000000000000000000e+00,-0.000000000000000000e+00,-0.000000000000000000e+00,0.000000000000000000e+00,-0.000000000000000000e+00
-6.581244380794790128e-02,-3.124476762036347832e-01,-2.646433635138627505e-01,-0.000000000000000000e+00,1.834184772037937172e+00,-0.000000000000000000e+00,-0.000000000000000000e+00,2.926399061127751833e-01,-5.452882801131239687e-02,-4.617356529213840349e-02,-0.000000000000000000e+00,-0.000000000000000000e+00,-0.000000000000000000e+00,-2.614436865963082335e-01,-0.000000000000000000e+00,-2.000934995725764665e-01,-0.000000000000000000e+00,-0.000000000000000000e+00,-0.000000000000000000e+00,-0.000000000000000000e+00,-0.000000000000000000e+00,-0.000000000000000000e+00,-0.000000000000000000e+00,-0.000000000000000000e+00,-0.000000000000000000e+00,-0.000000000000000000e+00,-0.000000000000000000e+00,-0.000000000000000000e+00,-0.000000000000000000e+00,-9.466807211424085530e-03,-0.000000000000000000e+00,-0.000000000000000000e+00,-0.000000000000000000e+00,-9.407466677160025714e-02,-0.000000000000000000e+00,-1.045954431627892367e-01,-0.000000000000000000e+00,-0.000000000000000000e+00,-0.000000000000000000e+00
-0.000000000000000000e+00,-0.000000000000000000e+00,-0.000000000000000000e+00,-0.000000000000000000e+00,-0.000000000000000000e+00,1.667329686715615988e+00,-1.019582894952205110e-01,0.000000000000000000e+00,-0.000000000000000000e+00,-0.000000000000000000e+00,-2.453378087087176862e-01,-0.000000000000000000e+00,-0.000000000000000000e+00,-0.000000000000000000e+00,-1.023674330302819192e-03,-0.000000000000000000e+00,-4.245693746085688614e-01,-7.736723558662177147e-02,-1.212716026664964891e-01,0.000000000000000000e+00,0.000000000000000000e+00,-1.220949093781274475e-01,-0.000000000000000000e+00,-0.000000000000000000e+00,-0.000000000000000000e+00,-0.000000000000000000e+00,-0.000000000000000000e+00,-0.000000000000000000e+00,-1.391135981334306049e-01,-0.000000000000000000e+00,-0.000000000000000000e+00,-2.895879066654022047e-02,-0.000000000000000000e+00,0.000000000000000000e+00,-7.484489952164371206e-03,-0.000000000000000000e+00,-1.591904875423983956e-01,-0.000000000000000000e+00,-0.000000000000000000e+00
-0.000000000000000000e+00,0.000000000000000000e+00,0.000000000000000000e+00,-0.000000000000000000e+00,-0.000000000000000000e+00,-1.019582894952205110e-01,1.524117063876066158e+00,-0.000000000000000000e+00,0.000000000000000000e+00,-0.000000000000000000e+00,-0.000000000000000000e+00,0.000000000000000000e+00,-0.000000000000000000e+00,-0.000000000000000000e+00,-0.000000000000000000e+00,-0.000000000000000000e+00,-2.069196982408450514e-01,-0.000000000000000000e+00,-0.000000000000000000e+00,0.000000000000000000e+00,-0.000000000000000000e+00,-4.682938912856516867e-01,-0.000000000000000000e+00,-0.000000000000000000e+00,0.000000000000000000e+00,-0.000000000000000000e+00,-0.000000000000000000e+00,-6.500362459114081282e-02,-1.924120469931981936e-01,0.000000000000000000e+00,-0.000000000000000000e+00,-0.000000000000000000e+00,-0.000000000000000000e+00,0.000000000000000000e+00,-1.099972319237664947e-01,0.000000000000000000e+00,-0.000000000000000000e+00,-0.000000000000000000e+00,0.000000000000000000e+00
0.000000000000000000e+00,0.000000000000000000e+00,4.593711402448645287e-01,0.000000000000000000e+00,2.926399061127751833e-01,0.000000000000000000e+00,-0.000000000000000000e+00,1.557669493974650043e+00,0.000000000000000000e+00,0.000000000000000000e+00,0.000000000000000000e+00,0.000000000000000000e+00,2.584277514443191204e-01,1.227423419883621886e-01,-0.000000000000000000e+00,0.000000000000000000e+00,0.000000000000000000e+00,1.700793475553587231e-01,0.000000000000000000e+00,-0.000000000000000000e+00,-0.000000000000000000e+00,-0.000000000000000000e+00,0.000000000000000000e+00,0.000000000000000000e+00,6.691733480274750234e-02,0.000000000000000000e+00,0.000000000000000000e+00,-0.000000000000000000e+00,0.000000000000000000e+00,0.000000000000000000e+00,-0.000000000000000000e+00,0.000000000000000000e+00,-0.000000000000000000e+00,0.000000000000000000e+00,-0.000000000000000000e+00,1.754419913832362676e-02,0.000000000000000000e+00,0.000000000000000000e+00,0.000000000000000000e+00
-0.000000000000000000e+00,-6.128738976627072510e-02,-0.000000000000000000e+00,-0.000000000000000000e+00,-5.452882801131239687e-02,-0.000000000000000000e+00,0.000000000000000000e+00,0.000000000000000000e+00,2.207291626157407816e+00,-3.344389768195703549e-01,-0.000000000000000000e+00,-1.478674934928672358e-01,0.000000000000000000e+00,-9.535977455842468975e-02,-0.000000000000000000e+00,-2.279604637883142493e-01,-0.000000000000000000e+00,-0.000000000000000000e+00,-0.000000000000000000e+00,-0.000000000000000000e+00,-0.000000000000000000e+00,-0.000000000000000000e+00,-0.000000000000000000e+00,-0.000000000000000000e+00,-1.303130732762179389e-01,-3.711404060562426555e-01,-0.000000000000000000e+00,-0.000000000000000000e+00,-0.000000000000000000e+00,-1.383911825342771795e-01,-1.298971417055995170e-01,-0.000000000000000000e+00,-0.000000000000000000e+00,-4.702846999014334006e-01,-0.000000000000000000e+00,-0.000000000000000000e+00,-0.000000000000000000e+00,-0.000000000000000000e+00,-2.128128263568936640e-01
-3.642439016658766127e-02,-0.000000000000000000e+00,-2.449810705467644553e-02,-0.000000000000000000e+00,-4.617356529213840349e-02,-0.000000000000000000e+00,-0.000000000000000000e+00,0.000000000000000000e+00,-3.344389768195703549e-01,2.303869760646696019e+00,-0.000000000000000000e+00,-0.000000000000000000e+00,-0.000000000000000000e+00,-4.345647967039421855e-02,-0.000000000000000000e+00,-7.545194191582661469e-01,-0.000000000000000000e+00,-1.016828722092938814e-01,-0.000000000000000000e+00,0.000000000000000000e+00,-0.000000000000000000e+00,-0.000000000000000000e+00,-0.000000000000000000e+00,-0.000000000000000000e+00,-2.852419407019549102e-01,-2.072928777499544739e-01,-1.488788605486665306e-01,-0.000000000000000000e+00,-0.000000000000000000e+00,-1.108797495697505658e-01,-0.000000000000000000e+00,-0.000000000000000000e+00,-0.000000000000000000e+00,-0.000000000000000000e+00,-0.000000000000000000e+00,-0.000000000000000000e+00,-0.000000000000000000e+00,-0.000000000000000000e+00,-1.794785781632649291e-01
-0.000000000000000000e+00,-0.000000000000000000e+00,-0.000000000000000000e+00,-0.000000000000000000e+00,-0.000000000000000000e+00,-2.453378087087176862e-01,-0.000000000000000000e+00,0.000000000000000000e+00,-0.000000000000000000e+00,-0.000000000000000000e+00,2.302202833455623487e+00,-9.515479595747257380e-02,-0.000000000000000000e+00,-9.144166204502651718e-02,-5.166516180295836758e-02,-0.000000000000000000e+00,-3.798018602512537867e-01,-0.000000000000000000e+00,-0.000000000000000000e+00,0.000000000000000000e+00,-0.000000000000000000e+00,-1.274947229985057273e-01,-3.124836157504545797e-01,-7.372780871031521521e-02,-0.000000000000000000e+00,-0.000000000000000000e+00,-6.006400674032100206e-02,-0.000000000000000000e+00,-7.877633985656536109e-02,-0.000000000000000000e+00,-0.000000000000000000e+00,-5.230155009125584398e-01,-0.000000000000000000e+00,0.000000000000000000e+00,-6.292502706080951858e-02,-0.000000000000000000e+00,-2.717011467286919446e-01,-2.873582402013562589e-02,-0.000000000000000000e+00
-0.000000000000000000e+00,-0.000000000000000000e+00,-0.000000000000000000e+00,-7.344281550159488525e-02,-0.000000000000000000e+00,-0.000000000000000000e+00,0.000000000000000000e+00,0.000000000000000000e+00,-1.478674934928672358e-01,-0.000000000000000000e+00,-9.515479595747257380e-02,1.940964721224694767e+00,-0.000000000000000000e+00,-3.294579497980665295e-01,-0.000000000000000000e+00,-1.733096415215352737e-01,-0.000000000000000000e+00,-8.417052260459267909e-02,-8.091715797582535452e-02,0.000000000000000000e+00,0.000000000000000000e+00,-0.000000000000000000e+00,-7.312898463246896019e-02,-0.000000000000000000e+00,-0.000000000000000000e+00,-0.000000000000000000e+00,-2.563046532313841344e-02,-0.000000000000000000e+00,-0.000000000000000000e+00,-0.000000000000000000e+00,-0.000000000000000000e+00,-9.561840360064315092e-02,0.000000000000000000e+00,-0.000000000000000000e+00,0.000000000000000000e+00,-1.276772742664188665e-01,-0.000000000000000000e+00,-0.000000000000000000e+00,-5.898546689012978961e-01
-0.000000000000000000e+00,-0.000000000000000000e+00,-0.000000000000000000e+00,-0.000000000000000000e+00,-0.000000000000000000e+00,-0.000000000000000000e+00,-0.000000000000000000e+00,2.584277514443191204e-01,0.000000000000000000e+00,-0.000000000000000000e+00,-0.000000000000000000e+00,-0.000000000000000000e+00,1.407156441397899638e+00,-0.000000000000000000e+00,-0.000000000000000000e+00,-0.000000000000000000e+00,-0.000000000000000000e+00,-5.926104792572784580e-02,-1.089190891379889919e-01,0.000000000000000000e+00,3.493690438293787781e-01,0.000000000000000000e+00,-0.000000000000000000e+00,-0.000000000000000000e+00,-0.000000000000000000e+00,-0.000000000000000000e+00,0.000000000000000000e+00,0.000000000000000000e+00,-0.000000000000000000e+00,0.000000000000000000e+00,4.403101676658381924e-01,0.000000000000000000e+00,1.136183836811643505e-01,-0.000000000000000000e+00,0.000000000000000000e+00,-0.000000000000000000e+00,-0.000000000000000000e+00,-0.000000000000000000e+00,-0.000000000000000000e+00
-1.601393090573274003e-01,-3.151175774914253824e-01,-4.402575327357786672e-01,-0.000000000000000000e+00,-2.614436865963082335e-01,-0.000000000000000000e+00,-0.000000000000000000e+00,1.227423419883621886e-01,-9.535977455842468975e-02,-4.345647967039421855e-02,-9.144166204502651718e-02,-3.294579497980665295e-01,-0.000000000000000000e+00,2.632860816415344196e+00,-0.000000000000000000e+00,-1.214674411340216920e-01,-0.000000000000000000e+00,-9.261694016651066119e-02,-0.000000000000000000e+00,0.000000000000000000e+00,0.000000000000000000e+00,-0.000000000000000000e+00,-3.707575222291762951e-01,-1.932495512523805083e-03,-7.250088454172184949e-02,-1.358162046500139553e-01,-0.000000000000000000e+00,-0.000000000000000000e+00,-0.000000000000000000e+00,-7.990590993739886405e-02,-0.000000000000000000e+00,-0.000000000000000000e+00,-0.000000000000000000e+00,-0.000000000000000000e+00,-0.000000000000000000e+00,-1.307250821152957931e-01,-4.943222644705884405e-02,-0.000000000000000000e+00,-0.000000000000000000e+00
-0.000000000000000000e+00,-0.000000000000000000e+00,-0.000000000000000000e+00,0.000000000000000000e+00,-0.000000000000000000e+00,-1.023674330302819192e-03,-0.000000000000000000e+00,-0.000000000000000000e+00,-0.000000000000000000e+00,-0.000000000000000000e+00,-5.166516180295836758e-02,-0.000000000000000000e+00,-0.000000000000000000e+00,-0.000000000000000000e+00,1.190823550891300098e+00,-0.000000000000000000e+00,-0.000000000000000000e+00,-0.000000000000000000e+00,-2.552954990589336726e-01,1.122545595684730502e-01,0.000000000000000000e+00,-0.000000000000000000e+00,-0.000000000000000000e+00,-0.000000000000000000e+00,-0.000000000000000000e+00,-0.000000000000000000e+00,-0.000000000000000000e+00,0.000000000000000000e+00,-0.000000000000000000e+00,-0.000000000000000000e+00,-0.000000000000000000e+00,-0.000000000000000000e+00,-0.000000000000000000e+00,-0.000000000000000000e+00,-0.000000000000000000e+00,-0.000000000000000000e+00,-0.000000000000000000e+00,-2.794979888403949508e-01,-0.000000000000000000e+00
-1.458501979876316856e-01,-6.609970820151934989e-02,-0.000000000000000000e+00,-0.000000000000000000e+00,-2.000934995725764665e-01,-0.000000000000000000e+00,-0.000000000000000000e+00,0.000000000000000000e+00,-2.279604637883142493e-01,-7.545194191582661469e-01,-0.000000000000000000e+00,-1.733096415215352737e-01,-0.000000000000000000e+00,-1.214674411340216920e-01,-0.000000000000000000e+00,2.275242250068516547e+00,-0.000000000000000000e+00,-1.133661707043072224e-02,-0.000000000000000000e+00,-0.000000000000000000e+00,0.000000000000000000e+00,-0.000000000000000000e+00,-0.000000000000000000e+00,-1.758229130291549119e-02,-1.098791630412082748e-01,-1.302766051892609300e-01,-5.187148421121538788e-02,-0.000000000000000000e+00,-0.000000000000000000e+00,-1.113855436063482529e-01,-0.000000000000000000e+00,-0.000000000000000000e+00,-0.000000000000000000e+00,-4.435406007846961346e-02,-0.000000000000000000e+00,-0.000000000000000000e+00,-0.000000000000000000e+00,-0.000000000000000000e+00,-9.223428879250990253e-02
-0.000000000000000000e+00,-0.000000000000000000e+00,-0.000000000000000000e+00,-0.000000000000000000e+00,-0.000000000000000000e+00,-4.245693746085688614e-01,-2.069196982408450514e-01,0.000000000000000000e+00,-0.000000000000000000e+00,-0.000000000000000000e+00,-3.798018602512537867e-01,-0.000000000000000000e+00,-0.000000000000000000e+00,-0.000000000000000000e+00,-0.000000000000000000e+00,-0.000000000000000000e+00,2.446216629997168823e+00,-2.569380009742592841e-01,-2.384684455390167490e-01,2.116516605594345457e-01,0.000000000000000000e+00,-1.696731819377740036e-01,-2.497847726902710785e-01,-1.040054463725431505e-01,-0.000000000000000000e+00,-0.000000000000000000e+00,-0.000000000000000000e+00,-0.000000000000000000e+00,-3.566653169868889695e-01,-0.000000000000000000e+00,-0.000000000000000000e+00,-0.000000000000000000e+00,-0.000000000000000000e+00,0.000000000000000000e+00,-1.924872374531217678e-01,-0.000000000000000000e+00,-1.415432238821361377e-01,-0.000000000000000000e+00,-0.000000000000000000e+00
-3.505954051464161420e-02,-0.000000000000000000e+00,-2.353043352119335019e-01,-0.000000000000000000e+00,-0.000000000000000000e+00,-7.736723558662177147e-02,-0.000000000000000000e+00,1.700793475553587231e-01,-0.000000000000000000e+00,-1.016828722092938814e-01,-0.000000000000000000e+00,-8.417052260459267909e-02,-5.926104792572784580e-02,-9.261694016651066119e-02,-0.000000000000000000e+00,-1.133661707043072224e-02,-2.569380009742592841e-01,1.625790209424525345e+00,-9.501452146305647273e-02,0.000000000000000000e+00,0.000000000000000000e+00,-0.000000000000000000e+00,-8.439015427592663765e-02,-0.000000000000000000e+00,-0.000000000000000000e+00,-4.008566845934441458e-02,-9.524388267133415686e-02,-0.000000000000000000e+00,-0.000000000000000000e+00,-0.000000000000000000e+00,-0.000000000000000000e+00,-0.000000000000000000e+00,-0.000000000000000000e+00,-0.000000000000000000e+00,-0.000000000000000000e+00,-0.000000000000000000e+00,-3.093404356347785600e-02,-4.925172255541412046e-03,-8.866118341127754432e-02
-0.000000000000000000e+00,-0.000000000000000000e+00,-0.000000000000000000e+00,-0.000000000000000000e+00,-0.000000000000000000e+00,-1.212716026664964891e-01,-0.000000000000000000e+00,0.000000000000000000e+00,-0.000000000000000000e+00,-0.000000000000000000e+00,-0.000000000000000000e+00,-8.091715797582535452e-02,-1.089190891379889919e-01,-0.000000000000000000e+00,-2.552954990589336726e-01,-0.000000000000000000e+00,-2.384684455390167490e-01,-9.501452146305647273e-02,1.297225576611414022e+00,1.444089798580835450e-02,0.000000000000000000e+00,-0.000000000000000000e+00,-0.000000000000000000e+00,-0.000000000000000000e+00,-0.000000000000000000e+00,-0.000000000000000000e+00,-0.000000000000000000e+00,-0.000000000000000000e+00,-3.529294337018797773e-02,-0.000000000000000000e+00,0.000000000000000000e+00,-0.000000000000000000e+00,-0.000000000000000000e+00,0.000000000000000000e+00,-0.000000000000000000e+00,-0.000000000000000000e+00,-0.000000000000000000e+00,-1.119033193877547322e-01,-0.000000000000000000e+00
0.000000000000000000e+00,0.000000000000000000e+00,0.000000000000000000e+00,-0.000000000000000000e+00,-0.000000000000000000e+00,0.000000000000000000e+00,0.000000000000000000e+00,-0.000000000000000000e+00,-0.000000000000000000e+00,0.000000000000000000e+00,0.000000000000000000e+00,0.000000000000000000e+00,0.000000000000000000e+00,0.000000000000000000e+00,1.122545595684730502e-01,-0.000000000000000000e+00,2.116516605594345457e-01,0.000000000000000000e+00,1.444089798580835450e-02,1.073604021523440366e+00,-1.551038317706331660e-01,0.000000000000000000e+00,0.000000000000000000e+00,0.000000000000000000e+00,0.000000000000000000e+00,0.000000000000000000e+00,-0.000000000000000000e+00,-0.000000000000000000e+00,0.000000000000000000e+00,0.000000000000000000e+00,-0.000000000000000000e+00,-0.000000000000000000e+00,-0.000000000000000000e+00,-0.000000000000000000e+00,0.000000000000000000e+00,0.000000000000000000e+00,0.000000000000000000e+00,0.000000000000000000e+00,0.000000000000000000e+00
-0.000000000000000000e+00,0.000000000000000000e+00,-0.000000000000000000e+00,4.665876708081283242e-02,-0.000000000000000000e+00,0.000000000000000000e+00,-0.000000000000000000e+00,-0.000000000000000000e+00,-0.000000000000000000e+00,-0.000000000000000000e+00,-0.000000000000000000e+00,0.000000000000000000e+00,3.493690438293787781e-01,0.000000000000000000e+00,0.000000000000000000e+00,0.000000000000000000e+00,0.000000000000000000e+00,0.000000000000000000e+00,0.000000000000000000e+00,-1.551038317706331660e-01,1.613856696056352513e+00,-0.000000000000000000e+00,0.000000000000000000e+00,-0.000000000000000000e+00,0.000000000000000000e+00,-0.000000000000000000e+00,-0.000000000000000000e+00,-4.357152803834342114e-01,-0.000000000000000000e+00,-0.000000000000000000e+00,-0.000000000000000000e+00,-0.000000000000000000e+00,-4.704014803785769860e-01,0.000000000000000000e+00,-0.000000000000000000e+00,0.000000000000000000e+00,-0.000000000000000000e+00,-0.000000000000000000e+00,0.000000000000000000e+00
-0.000000000000000000e+00,-0.000000000000000000e+00,-0.000000000000000000e+00,-0.000000000000000000e+00,-0.000000000000000000e+00,-1.220949093781274475e-01,-4.682938912856516867e-01,-0.000000000000000000e+00,-0.000000000000000000e+00,-0.000000000000000000e+00,-1.274947229985057273e-01,-0.000000000000000000e+00,0.000000000000000000e+00,-0.000000000000000000e+00,-0.000000000000000000e+00,-0.000000000000000000e+00,-1.696731819377740036e-01,-0.000000000000000000e+00,-0.000000000000000000e+00,0.000000000000000000e+00,-0.000000000000000000e+00,2.027416574657532333e+00,-0.000000000000000000e+00,-0.000000000000000000e+00,-0.000000000000000000e+00,-2.850462635990429205e-02,-2.154077705303497903e-01,-4.227767012761485810e-01,-4.170111703847914630e-02,-0.000000000000000000e+00,-1.993286409305801976e-01,-1.525985690197656508e-01,-0.000000000000000000e+00,0.000000000000000000e+00,-1.326859977022368242e-01,-0.000000000000000000e+00,-2.671645294505659279e-03,-0.000000000000000000e+00,-0.000000000000000000e+00
-2.561167512436082205e-01,-0.000000000000000000e+00,-0.000000000000000000e+00,-0.000000000000000000e+00,-0.000000000000000000e+00,-0.000000000000000000e+00,-0.000000000000000000e+00,0.000000000000000000e+00,-0.000000000000000000e+00,-0.000000000000000000e+00,-3.124836157504545797e-01,-7.312898463246896019e-02,-0.000000000000000000e+00,-3.707575222291762951e-01,-0.000000000000000000e+00,-0.000000000000000000e+00,-2.497847726902710785e-01,-8.439015427592663765e-02,-0.000000000000000000e+00,0.000000000000000000e+00,0.000000000000000000e+00,-0.000000000000000000e+00,2.367749745393619154e+00,-2.407238687158992085e-01,-1.545586655856300839e-01,-2.208988285647079386e-01,-0.000000000000000000e+00,-0.000000000000000000e+00,-1.529863411259048955e-01,-0.000000000000000000e+00,-0.000000000000000000e+00,-1.098825202878884189e-01,-0.000000000000000000e+00,-0.000000000000000000e+00,-0.000000000000000000e+00,-1.565758552076803589e-01,-1.680660989937211858e-01,-2.414926605708975216e-02,-0.000000000000000000e+00
-0.000000000000000000e+00,-0.000000000000000000e+00,-0.000000000000000000e+00,-0.000000000000000000e+00,-0.000000000000000000e+00,-0.000000000000000000e+00,-0.000000000000000000e+00,0.000000000000000000e+00,-0.000000000000000000e+00,-0.000000000000000000e+00,-7.372780871031521521e-02,-0.000000000000000000e+00,-0.000000000000000000e+00,-1.932495512523805083e-03,-0.000000000000000000e+00,-1.758229130291549119e-02,-1.040054463725431505e-01,-0.000000000000000000e+00,-0.000000000000000000e+00,0.000000000000000000e+00,-0.000000000000000000e+00,-0.000000000000000000e+00,-2.407238687158992085e-01,1.326940376733741100e+00,-0.000000000000000000e+00,-0.000000000000000000e+00,-2.786064690366975988e-02,-0.000000000000000000e+00,-5.312394483626698555e-02,-0.000000000000000000e+00,-0.000000000000000000e+00,-1.669391216997397620e-01,-6.048798714460089376e-02,0.000000000000000000e+00,-0.000000000000000000e+00,-0.000000000000000000e+00,-1.203114643619073720e-01,-0.000000000000000000e+00,-0.000000000000000000e+00
-1.586743430713647984e-01,-2.044440016109974056e-01,-9.008172351962387414e-02,-0.000000000000000000e+00,-0.000000000000000000e+00,-0.000000000000000000e+00,0.000000000000000000e+00,6.691733480274750234e-02,-1.303130732762179389e-01,-2.852419407019549102e-01,-0.000000000000000000e+00,-0.000000000000000000e+00,-0.000000000000000000e+00,-7.250088454172184949e-02,-0.000000000000000000e+00,-1.098791630412082748e-01,-0.000000000000000000e+00,-0.000000000000000000e+00,-0.000000000000000000e+00,0.000000000000000000e+00,0.000000000000000000e+00,-0.000000000000000000e+00,-1.545586655856300839e-01,-0.000000000000000000e+00,2.042340824643220198e+00,-9.567731315520584812e-03,-0.000000000000000000e+00,-0.000000000000000000e+00,-0.000000000000000000e+00,-1.874641259938654159e-01,-0.000000000000000000e+00,-0.000000000000000000e+00,-0.000000000000000000e+00,-0.000000000000000000e+00,-0.000000000000000000e+00,-3.440342540907064262e-01,-0.000000000000000000e+00,-1.736834889572175938e-02,-1.633336611224800727e-01
-3.790383799721449010e-01,-2.070975233641344782e-01,-0.000000000000000000e+00,-0.000000000000000000e+00,-0.000000000000000000e+00,-0.000000000000000000e+00,-0.000000000000000000e+00,0.000000000000000000e+00,-3.711404060562426555e-01,-2.072928777499544739e-01,-0.000000000000000000e+00,-0.000000000000000000e+00,-0.000000000000000000e+00,-1.358162046500139553e-01,-0.000000000000000000e+00,-1.302766051892609300e-01,-0.000000000000000000e+00,-4.008566845934441458e-02,-0.000000000000000000e+00,0.000000000000000000e+00,-0.000000000000000000e+00,-2.850462635990429205e-02,-2.208988285647079386e-01,-0.000000000000000000e+00,-9.567731315520584812e-03,2.204462115976218772e+00,-0.000000000000000000e+00,-1.528706287735413782e-01,-8.249271709882170789e-02,-1.220230023854508433e-01,-0.000000000000000000e+00,-0.000000000000000000e+00,-0.000000000000000000e+00,-0.000000000000000000e+00,-0.000000000000000000e+00,-9.750165348506336510e-03,-1.952942949903197639e-02,-1.535539574307295263e-01,-0.000000000000000000e+00
-0.000000000000000000e+00,-0.000000000000000000e+00,-0.000000000000000000e+00,-0.000000000000000000e+00,-0.000000000000000000e+00,-0.000000000000000000e+00,-0.000000000000000000e+00,0.000000000000000000e+00,-0.000000000000000000e+00,-1.488788605486665306e-01,-6.006400674032100206e-02,-2.563046532313841344e-02,0.000000000000000000e+00,-0.000000000000000000e+00,-0.000000000000000000e+00,-5.187148421121538788e-02,-0.000000000000000000e+00,-9.524388267133415686e-02,-0.000000000000000000e+00,-0.000000000000000000e+00,-0.000000000000000000e+00,-2.154077705303497903e-01,-0.000000000000000000e+00,-2.786064690366975988e-02,-0.000000000000000000e+00,-0.000000000000000000e+00,1.943287892416564855e+00,-0.000000000000000000e+00,-0.000000000000000000e+00,-0.000000000000000000e+00,-4.099361977903943077e-01,-3.465450738966807664e-01,-0.000000000000000000e+00,-0.000000000000000000e+00,-0.000000000000000000e+00,-0.000000000000000000e+00,-4.119482676581571849e-03,-4.110037111529665776e-02,-5.120657965253583299e-01
-0.000000000000000000e+00,-0.000000000000000000e+00,-1.138642033180069651e-01,0.000000000000000000e+00,-0.000000000000000000e+00,-0.000000000000000000e+00,-6.500362459114081282e-02,-0.000000000000000000e+00,-0.000000000000000000e+00,-0.000000000000000000e+00,-0.000000000000000000e+00,-0.000000000000000000e+00,0.000000000000000000e+00,-0.000000000000000000e+00,0.000000000000000000e+00,-0.000000000000000000e+00,-0.000000000000000000e+00,-0.000000000000000000e+00,-0.000000000000000000e+00,-0.000000000000000000e+00,-4.357152803834342114e-01,-4.227767012761485810e-01,-0.000000000000000000e+00,-0.000000000000000000e+00,-0.000000000000000000e+00,-1.528706287735413782e-01,-0.000000000000000000e+00,2.059916948165884332e+00,-1.854065222431453830e-01,-0.000000000000000000e+00,-1.971412955209371209e-01,-0.000000000000000000e+00,-4.626610255369184022e-01,0.000000000000000000e+00,-1.262064465672488867e-01,-0.000000000000000000e+00,-0.000000000000000000e+00,-0.000000000000000000e+00,-0.000000000000000000e+00
-1.257315418578508204e-01,-0.000000000000000000e+00,-0.000000000000000000e+00,0.000000000000000000e+00,-0.000000000000000000e+00,-1.391135981334306049e-01,-1.924120469931981936e-01,0.000000000000000000e+00,-0.000000000000000000e+00,-0.000000000000000000e+00,-7.877633985656536109e-02,-0.000000000000000000e+00,-0.000000000000000000e+00,-0.000000000000000000e+00,-0.000000000000000000e+00,-0.000000000000000000e+00,-3.566653169868889695e-01,-0.000000000000000000e+00,-3.529294337018797773e-02,0.000000000000000000e+00,-0.000000000000000000e+00,-4.170111703847914630e-02,-1.529863411259048955e-01,-5.312394483626698555e-02,-0.000000000000000000e+00,-8.249271709882170789e-02,-0.000000000000000000e+00,-1.854065222431453830e-01,1.854773012336651483e+00,-0.000000000000000000e+00,-0.000000000000000000e+00,-0.000000000000000000e+00,-0.000000000000000000e+00,0.000000000000000000e+00,-3.025393685028798241e-01,-0.000000000000000000e+00,-0.000000000000000000e+00,-9.518861288344843130e-02,-0.000000000000000000e+00
-2.617801838079634180e-01,-6.109983763797303125e-01,-3.821425110397917019e-02,0.000000000000000000e+00,-9.466807211424085530e-03,-0.000000000000000000e+00,0.000000000000000000e+00,0.000000000000000000e+00,-1.383911825342771795e-01,-1.108797495697505658e-01,-0.000000000000000000e+00,-0.000000000000000000e+00,0.000000000000000000e+00,-7.990590993739886405e-02,-0.000000000000000000e+00,-1.113855436063482529e-01,-0.000000000000000000e+00,-0.000000000000000000e+00,-0.000000000000000000e+00,0.000000000000000000e+00,-0.000000000000000000e+00,-0.000000000000000000e+00,-0.000000000000000000e+00,-0.000000000000000000e+00,-1.874641259938654159e-01,-1.220230023854508433e-01,-0.000000000000000000e+00,-0.000000000000000000e+00,-0.000000000000000000e+00,1.925783054963092100e+00,-0.000000000000000000e+00,-0.000000000000000000e+00,-0.000000000000000000e+00,-0.000000000000000000e+00,-0.000000000000000000e+00,-0.000000000000000000e+00,-0.000000000000000000e+00,-0.000000000000000000e+00,-0.000000000000000000e+00
-0.000000000000000000e+00,-0.000000000000000000e+00,-0.000000000000000000e+00,-0.000000000000000000e+00,-0.000000000000000000e+00,-0.000000000000000000e+00,-0.000000000000000000e+00,-0.000000000000000000e+00,-1.298971417055995170e-01,-0.000000000000000000e+00,-0.000000000000000000e+00,-0.000000000000000000e+00,4.403101676658381924e-01,-0.000000000000000000e+00,-0.000000000000000000e+00,-0.000000000000000000e+00,-0.000000000000000000e+00,-0.000000000000000000e+00,0.000000000000000000e+00,-0.000000000000000000e+00,-0.000000000000000000e+00,-1.993286409305801976e-01,-0.000000000000000000e+00,-0.000000000000000000e+00,-0.000000000000000000e+00,-0.000000000000000000e+00,-4.099361977903943077e-01,-1.971412955209371209e-01,-0.000000000000000000e+00,-0.000000000000000000e+00,1.942848394714343341e+00,-8.006935751064539475e-02,-5.337325059409884220e-01,-0.000000000000000000e+00,-0.000000000000000000e+00,-0.000000000000000000e+00,-0.000000000000000000e+00,-0.000000000000000000e+00,-0.000000000000000000e+00
-0.000000000000000000e+00,-0.000000000000000000e+00,-0.000000000000000000e+00,-0.000000000000000000e+00,-0.000000000000000000e+00,-2.895879066654022047e-02,-0.000000000000000000e+00,0.000000000000000000e+00,-0.000000000000000000e+00,-0.000000000000000000e+00,-5.230155009125584398e-01,-9.561840360064315092e-02,0.000000000000000000e+00,-0.000000000000000000e+00,-0.000000000000000000e+00,-0.000000000000000000e+00,-0.000000000000000000e+00,-0.000000000000000000e+00,-0.000000000000000000e+00,-0.000000000000000000e+00,-0.000000000000000000e+00,-1.525985690197656508e-01,-1.098825202878884189e-01,-1.669391216997397620e-01,-0.000000000000000000e+00,-0.000000000000000000e+00,-3.465450738966807664e-01,-0.000000000000000000e+00,-0.000000000000000000e+00,-0.000000000000000000e+00,-8.006935751064539475e-02,2.215577047141117806e+00,-7.546281569159646319e-02,0.000000000000000000e+00,-4.294999010201299566e-02,-0.000000000000000000e+00,-6.243650188106719678e-01,-0.000000000000000000e+00,-0.000000000000000000e+00
-0.000000000000000000e+00,-0.000000000000000000e+00,-0.000000000000000000e+00,0.000000000000000000e+00,-0.000000000000000000e+00,-0.000000000000000000e+00,-0.000000000000000000e+00,-0.000000000000000000e+00,-0.000000000000000000e+00,-0.000000000000000000e+00,-0.000000000000000000e+00,0.000000000000000000e+00,1.136183836811643505e-01,-0.000000000000000000e+00,-0.000000000000000000e+00,-0.000000000000000000e+00,-0.000000000000000000e+00,-0.000000000000000000e+00,-0.000000000000000000e+00,-0.000000000000000000e+00,-4.704014803785769860e-01,-0.000000000000000000e+00,-0.000000000000000000e+00,-6.048798714460089376e-02,-0.000000000000000000e+00,-0.000000000000000000e+00,-0.000000000000000000e+00,-4.626610255369184022e-01,-0.000000000000000000e+00,-0.000000000000000000e+00,-5.337325059409884220e-01,-7.546281569159646319e-02,2.036391732771627439e+00,0.000000000000000000e+00,-3.146503525996225958e-01,-0.000000000000000000e+00,-0.000000000000000000e+00,-0.000000000000000000e+00,-0.000000000000000000e+00
-0.000000000000000000e+00,-0.000000000000000000e+00,-0.000000000000000000e+00,-2.750099261969822240e-01,-9.407466677160025714e-02,0.000000000000000000e+00,0.000000000000000000e+00,0.000000000000000000e+00,-4.702846999014334006e-01,-0.000000000000000000e+00,0.000000000000000000e+00,-0.000000000000000000e+00,-0.000000000000000000e+00,-0.000000000000000000e+00,-0.000000000000000000e+00,-4.435406007846961346e-02,0.000000000000000000e+00,-0.000000000000000000e+00,0.000000000000000000e+00,-0.000000000000000000e+00,0.000000000000000000e+00,0.000000000000000000e+00,-0.000000000000000000e+00,0.000000000000000000e+00,-0.000000000000000000e+00,-0.000000000000000000e+00,-0.000000000000000000e+00,0.000000000000000000e+00,0.000000000000000000e+00,-0.000000000000000000e+00,-0.000000000000000000e+00,0.000000000000000000e+00,0.000000000000000000e+00,1.322929324738141954e+00,9.737202571746533808e-02,-0.000000000000000000e+00,0.000000000000000000e+00,-0.000000000000000000e+00,-5.088209600592357579e-02
-0.000000000000000000e+00,-0.000000000000000000e+00,-0.000000000000000000e+00,0.000000000000000000e+00,-0.000000000000000000e+00,-7.484489952164371206e-03,-1.099972319237664947e-01,-0.000000000000000000e+00,-0.000000000000000000e+00,-0.000000000000000000e+00,-6.292502706080951858e-02,0.000000000000000000e+00,0.000000000000000000e+00,-0.000000000000000000e+00,-0.000000000000000000e+00,-0.000000000000000000e+00,-1.924872374531217678e-01,-0.000000000000000000e+00,-0.000000000000000000e+00,0.000000000000000000e+00,-0.000000000000000000e+00,-1.326859977022368242e-01,-0.000000000000000000e+00,-0.000000000000000000e+00,-0.000000000000000000e+00,-0.000000000000000000e+00,-0.000000000000000000e+00,-1.262064465672488867e-01,-3.025393685028798241e-01,-0.000000000000000000e+00,-0.000000000000000000e+00,-4.294999010201299566e-02,-3.146503525996225958e-01,9.737202571746533808e-02,1.723183406343564927e+00,-0.000000000000000000e+00,-2.901450453673476981e-01,-0.000000000000000000e+00,-0.000000000000000000e+00
-2.365693309633910280e-01,-1.482831031944959743e-01,-1.248564856941920403e-01,-0.000000000000000000e+00,-1.045954431627892367e-01,-0.000000000000000000e+00,0.000000000000000000e+00,1.754419913832362676e-02,-0.000000000000000000e+00,-0.000000000000000000e+00,-0.000000000000000000e+00,-1.276772742664188665e-01,-0.000000000000000000e+00,-1.307250821152957931e-01,-0.000000000000000000e+00,-0.000000000000000000e+00,-0.000000000000000000e+00,-0.000000000000000000e+00,-0.000000000000000000e+00,0.000000000000000000e+00,0.000000000000000000e+00,-0.000000000000000000e+00,-1.565758552076803589e-01,-0.000000000000000000e+00,-3.440342540907064262e-01,-9.750165348506336510e-03,-0.000000000000000000e+00,-0.000000000000000000e+00,-0.000000000000000000e+00,-0.000000000000000000e+00,-0.000000000000000000e+00,-0.000000000000000000e+00,-0.000000000000000000e+00,-0.000000000000000000e+00,-0.000000000000000000e+00,1.792610477085509357e+00,-0.000000000000000000e+00,-1.259086150675316762e-01,-9.463346428281808886e-02
-0.000000000000000000e+00,-0.000000000000000000e+00,-0.000000000000000000e+00,-0.000000000000000000e+00,-0.000000000000000000e+00,-1.591904875423983956e-01,-0.000000000000000000e+00,0.000000000000000000e+00,-0.000000000000000000e+00,-0.000000000000000000e+00,-2.717011467286919446e-01,-0.000000000000000000e+00,-0.000000000000000000e+00,-4.943222644705884405e-02,-0.000000000000000000e+00,-0.000000000000000000e+00,-1.415432238821361377e-01,-3.093404356347785600e-02,-0.000000000000000000e+00,0.000000000000000000e+00,-0.000000000000000000e+00,-2.671645294505659279e-03,-1.680660989937211858e-01,-1.203114643619073720e-01,-0.000000000000000000e+00,-1.952942949903197639e-02,-4.119482676581571849e-03,-0.000000000000000000e+00,-0.000000000000000000e+00,-0.000000000000000000e+00,-0.000000000000000000e+00,-6.243650188106719678e-01,-0.000000000000000000e+00,0.000000000000000000e+00,-2.901450453673476981e-01,-0.000000000000000000e+00,1.997306967641619524e+00,-0.000000000000000000e+00,-0.000000000000000000e+00
-2.382255475952635149e-01,-0.000000000000000000e+00,-0.000000000000000000e+00,0.000000000000000000e+00,-0.000000000000000000e+00,-0.000000000000000000e+00,-0.000000000000000000e+00,0.000000000000000000e+00,-0.000000000000000000e+00,-0.000000000000000000e+00,-2.873582402013562589e-02,-0.000000000000000000e+00,-0.000000000000000000e+00,-0.000000000000000000e+00,-2.794979888403949508e-01,-0.000000000000000000e+00,-0.000000000000000000e+00,-4.925172255541412046e-03,-1.119033193877547322e-01,0.000000000000000000e+00,-0.000000000000000000e+00,-0.000000000000000000e+00,-2.414926605708975216e-02,-0.000000000000000000e+00,-1.736834889572175938e-02,-1.535539574307295263e-01,-4.110037111529665776e-02,-0.000000000000000000e+00,-9.518861288344843130e-02,-0.000000000000000000e+00,-0.000000000000000000e+00,-0.000000000000000000e+00,-0.000000000000000000e+00,-0.000000000000000000e+00,-0.000000000000000000e+00,-1.259086150675316762e-01,-0.000000000000000000e+00,1.404282488375384386e+00,-4.567208331470282850e-02
-0.000000000000000000e+00,-0.000000000000000000e+00,-0.000000000000000000e+00,-0.000000000000000000e+00,-0.000000000000000000e+00,-0.000000000000000000e+00,0.000000000000000000e+00,0.000000000000000000e+00,-2.128128263568936640e-01,-1.794785781632649291e-01,-0.000000000000000000e+00,-5.898546689012978961e-01,-0.000000000000000000e+00,-0.000000000000000000e+00,-0.000000000000000000e+00,-9.223428879250990253e-02,-0.000000000000000000e+00,-8.866118341127754432e-02,-0.000000000000000000e+00,0.000000000000000000e+00,0.000000000000000000e+00,-0.000000000000000000e+00,-0.000000000000000000e+00,-0.000000000000000000e+00,-1.633336611224800727e-01,-0.000000000000000000e+00,-5.120657965253583299e-01,-0.000000000000000000e+00,-0.000000000000000000e+00,-0.000000000000000000e+00,-0.000000000000000000e+00,-0.000000000000000000e+00,-0.000000000000000000e+00,-5.088209600592357579e-02,-0.000000000000000000e+00,-9.463346428281808886e-02,-0.000000000000000000e+00,-4.567208331470282850e-02,2.065506112760503665e+00
