1.662892436677116503e+00,-6.319837582812953825e-01,-0.000000000000000000e+00,0.000000000000000000e+00,-0.000000000000000000e+00,-0.000000000000000000e+00,-0.000000000000000000e+00,0.000000000000000000e+00,-0.000000000000000000e+00,-2.499926740732897612e-01,-0.000000000000000000e+00,0.000000000000000000e+00,-0.000000000000000000e+00,-0.000000000000000000e+00,-0.000000000000000000e+00,-0.000000000000000000e+00,-0.000000000000000000e+00,-0.000000000000000000e+00,0.000000000000000000e+00,0.000000000000000000e+00,0.000000000000000000e+00,0.000000000000000000e+00,-0.000000000000000000e+00,-0.000000000000000000e+00,-0.000000000000000000e+00,-0.000000000000000000e+00,-0.000000000000000000e+00,-0.000000000000000000e+00,-4.326071760304314728e-01,-3.157612995259733712e-01,0.000000000000000000e+00,-0.000000000000000000e+00,-0.000000000000000000e+00,-0.000000000000000000e+00,-0.000000000000000000e+00,-0.000000000000000000e+00,-0.000000000000000000e+00,-0.000000000000000000e+00,-0.000000000000000000e+00
-6.319837582812953825e-01,1.683964598028847348e+00,0.000000000000000000e+00,0.000000000000000000e+00,-0.000000000000000000e+00,-0.000000000000000000e+00,-2.855316510334200003e-02,0.000000000000000000e+00,0.000000000000000000e+00,-0.000000000000000000e+00,-2.364898642989471944e-01,0.000000000000000000e+00,0.000000000000000000e+00,-2.315344782912341637e-01,0.000000000000000000e+00,0.000000000000000000e+00,-1.831175718812181885e-01,0.000000000000000000e+00,0.000000000000000000e+00,0.000000000000000000e+00,0.000000000000000000e+00,0.000000000000000000e+00,-0.000000000000000000e+00,-0.000000000000000000e+00,0.000000000000000000e+00,-0.000000000000000000e+00,-2.655193208483707101e-01,0.000000000000000000e+00,-0.000000000000000000e+00,-0.000000000000000000e+00,-0.000000000000000000e+00,-1.952828860378663656e-01,0.000000000000000000e+00,0.000000000000000000e+00,-0.000000000000000000e+00,-4.185730867302335512e-02,-0.000000000000000000e+00,0.000000000000000000e+00,0.000000000000000000e+00
-0.000000000000000000e+00,0.000000000000000000e+00,1.826784703924214659e+00,-0.000000000000000000e+00,-5.823696242405882462e-01,0.000000000000000000e+00,-6.965675169006173284e-02,2.923857475350511437e-01,-3.020375202383444035e-01,-0.000000000000000000e+00,0.000000000000000000e+00,-0.000000000000000000e+00,-0.000000000000000000e+00,-0.000000000000000000e+00,-0.000000000000000000e+00,-6.648621875172182338e-02,0.000000000000000000e+00,-1.061948189621920169e-01,-0.000000000000000000e+00,-0.000000000000000000e+00,-0.000000000000000000e+00,-0.000000000000000000e+00,-0.000000000000000000e+00,-0.000000000000000000e+00,-0.000000000000000000e+00,-0.000000000000000000e+00,0.000000000000000000e+00,-1.361884251019007952e-01,-0.000000000000000000e+00,-2.434082619515691090e-02,-0.000000000000000000e+00,0.000000000000000000e+00,-7.067623708552532580e-02,-1.954563616607634668e-01,0.000000000000000000e+00,0.000000000000000000e+00,0.000000000000000000e+00,-0.000000000000000000e+00,-0.000000000000000000e+00
0.000000000000000000e+00,0.000000000000000000e+00,-0.000000000000000000e+00,2.344934379099389066e+00,-0.000000000000000000e+00,1.331644561403351190e-01,0.000000000000000000e+00,0.000000000000000000e+00,-0.000000000000000000e+00,-0.000000000000000000e+00,1.395023360523686140e-01,-2.109387718747265383e-01,-0.000000000000000000e+00,0.000000000000000000e+00,-1.093246498961662205e-01,-1.185453790878761710e-01,8.723949700195603174e-02,-1.782660769567760151e-01,-1.359084676028303185e-01,-3.338508523274590356e-01,-6.211444393155358956e-03,-0.000000000000000000e+00,0.000000000000000000e+00,-0.000000000000000000e+00,-0.000000000000000000e+00,-0.000000000000000000e+00,3.177707021857030245e-01,-0.000000000000000000e+00,0.000000000000000000e+00,-0.000000000000000000e+00,9.254151599912165127e-02,1.548356654870329807e-01,-0.000000000000000000e+00,-3.040434858565114751e-01,0.000000000000000000e+00,0.000000000000000000e+00,0.000000000000000000e+00,-0.000000000000000000e+00,-0.000000000000000000e+00
-0.000000000000000000e+00,-0.000000000000000000e+00,-5.823696242405882462e-01,-0.000000000000000000e+00,1.551265274686071782e+00,0.000000000000000000e+00,-3.761862952944002719e-03,2.139118615730018214e-01,-3.809509992507706388e-02,-1.047957109513174556e-01,0.000000000000000000e+00,-0.000000000000000000e+00,-0.000000000000000000e+00,-1.939766712060630727e-01,-0.000000000000000000e+00,-0.000000000000000000e+00,0.000000000000000000e+00,-0.000000000000000000e+00,-0.000000000000000000e+00,-0.000000000000000000e+00,-0.000000000000000000e+00,-0.000000000000000000e+00,-0.000000000000000000e+00,-0.000000000000000000e+00,-0.000000000000000000e+00,-0.000000000000000000e+00,0.000000000000000000e+00,-0.000000000000000000e+00,-0.000000000000000000e+00,-1.001813080544034090e-01,0.000000000000000000e+00,0.000000000000000000e+00,-0.000000000000000000e+00,-8.643513615667508532e-02,0.000000000000000000e+00,0.000000000000000000e+00,0.000000000000000000e+00,-0.000000000000000000e+00,-0.000000000000000000e+00
-0.000000000000000000e+00,-0.000000000000000000e+00,0.000000000000000000e+00,1.331644561403351190e-01,0.000000000000000000e+00,2.684196877901643852e+00,-0.000000000000000000e+00,-0.000000000000000000e+00,0.000000000000000000e+00,0.000000000000000000e+00,-0.000000000000000000e+00,1.564695476275908270e-01,5.064251112260136599e-03,-0.000000000000000000e+00,1.513279571360139908e-01,0.000000000000000000e+00,-4.387117985364152872e-01,0.000000000000000000e+00,0.000000000000000000e+00,7.970151210847918610e-02,0.000000000000000000e+00,0.000000000000000000e+00,-0.000000000000000000e+00,0.000000000000000000e+00,0.000000000000000000e+00,0.000000000000000000e+00,-1.314314845530450693e-01,0.000000000000000000e+00,-0.000000000000000000e+00,0.000000000000000000e+00,-0.000000000000000000e+00,-4.456446126435230637e-01,0.000000000000000000e+00,2.601658575464439460e-01,-3.372600680098591930e-01,-1.170520225951497822e-01,-3.687661490844219569e-01,2.302545637657447963e-01,0.000000000000000000e+00
-0.000000000000000000e+00,-2.855316510334200003e-02,-6.965675169006173284e-02,0.000000000000000000e+00,-3.761862952944002719e-03,-0.000000000000000000e+00,1.051962334974506419e+00,0.000000000000000000e+00,-0.000000000000000000e+00,-0.000000000000000000e+00,-0.000000000000000000e+00,0.000000000000000000e+00,0.000000000000000000e+00,-5.527795832556315486e-02,0.000000000000000000e+00,-0.000000000000000000e+00,-0.000000000000000000e+00,-0.000000000000000000e+00,0.000000000000000000e+00,0.000000000000000000e+00,-0.000000000000000000e+00,-7.545334260170089014e-02,-8.777107328149886742e-03,-0.000000000000000000e+00,0.000000000000000000e+00,0.000000000000000000e+00,-0.000000000000000000e+00,-0.000000000000000000e+00,-0.000000000000000000e+00,-7.083358018828474212e-02,-1.740733127543921399e-01,-0.000000000000000000e+00,-0.000000000000000000e+00,-0.000000000000000000e+00,-0.000000000000000000e+00,-0.000000000000000000e+00,-0.000000000000000000e+00,0.000000000000000000e+00,0.000000000000000000e+00
0.000000000000000000e+00,0.000000000000000000e+00,2.923857475350511437e-01,0.000000000000000000e+00,2.139118615730018214e-01,-0.000000000000000000e+00,0.000000000000000000e+00,1.233547415162930427e+00,0.000000000000000000e+00,0.000000000000000000e+00,0.000000000000000000e+00,-0.000000000000000000e+00,0.000000000000000000e+00,1.996669769449717080e-01,-0.000000000000000000e+00,0.000000000000000000e+00,0.000000000000000000e+00,0.000000000000000000e+00,0.000000000000000000e+00,0.000000000000000000e+00,-0.000000000000000000e+00,-0.000000000000000000e+00,0.000000000000000000e+00,0.000000000000000000e+00,0.000000000000000000e+00,0.000000000000000000e+00,-0.000000000000000000e+00,0.000000000000000000e+00,0.000000000000000000e+00,0.000000000000000000e+00,0.000000000000000000e+00,0.000000000000000000e+00,0.000000000000000000e+00,0.000000000000000000e+00,0.000000000000000000e+00,-0.000000000000000000e+00,0.000000000000000000e+00,-0.000000000000000000e+00,0.000000000000000000e+00
-0.000000000000000000e+00,0.000000000000000000e+00,-3.020375202383444035e-01,-0.000000000000000000e+00,-3.809509992507706388e-02,0.000000000000000000e+00,-0.000000000000000000e+00,0.000000000000000000e+00,2.487439622179851817e+00,-8.699276456750947017e-02,0.000000000000000000e+00,-1.516361476882409076e-01,-0.000000000000000000e+00,-0.000000000000000000e+00,-0.000000000000000000e+00,-3.320915019693672088e-01,0.000000000000000000e+00,-5.939983939198816010e-02,-4.226610372963017503e-02,-0.000000000000000000e+00,-0.000000000000000000e+00,-3.402758083396616867e-02,-0.000000000000000000e+00,-0.000000000000000000e+00,-1.739857949393775749e-01,-1.490211548678857245e-01,0.000000000000000000e+00,-2.849300407839018834e-01,-0.000000000000000000e+00,-0.000000000000000000e+00,0.000000000000000000e+00,0.000000000000000000e+00,-0.000000000000000000e+00,-5.528900531611041780e-01,0.000000000000000000e+00,0.000000000000000000e+00,0.000000000000000000e+00,-2.364814428369186872e-01,-2.159291580761335538e-01
-2.499926740732897612e-01,-0.000000000000000000e+00,-0.000000000000000000e+00,-0.000000000000000000e+00,-1.047957109513174556e-01,0.000000000000000000e+00,-0.000000000000000000e+00,0.000000000000000000e+00,-8.699276456750947017e-02,2.044881145560086377e+00,0.000000000000000000e+00,-0.000000000000000000e+00,-0.000000000000000000e+00,-0.000000000000000000e+00,-0.000000000000000000e+00,-6.312183608817434344e-01,0.000000000000000000e+00,-4.303787830158876428e-03,-0.000000000000000000e+00,-0.000000000000000000e+00,-0.000000000000000000e+00,-0.000000000000000000e+00,-0.000000000000000000e+00,-1.003904138206371810e-01,-0.000000000000000000e+00,-3.337247490610588674e-01,0.000000000000000000e+00,-1.587330224128481182e-01,-1.109760332948174916e-01,-3.867574413709259917e-01,0.000000000000000000e+00,0.000000000000000000e+00,-0.000000000000000000e+00,-0.000000000000000000e+00,0.000000000000000000e+00,-0.000000000000000000e+00,-0.000000000000000000e+00,-0.000000000000000000e+00,-2.206962951161577091e-02
-0.000000000000000000e+00,-2.364898642989471944e-01,0.000000000000000000e+00,1.395023360523686140e-01,0.000000000000000000e+00,-0.000000000000000000e+00,-0.000000000000000000e+00,0.000000000000000000e+00,0.000000000000000000e+00,0.000000000000000000e+00,2.038467848881997391e+00,0.000000000000000000e+00,0.000000000000000000e+00,-0.000000000000000000e+00,1.403121266128415368e-01,0.000000000000000000e+00,-3.693673974967934814e-01,2.240207335006906900e-02,2.958577381494897907e-01,3.162254943097665971e-01,1.688390459011386568e-01,0.000000000000000000e+00,-0.000000000000000000e+00,0.000000000000000000e+00,0.000000000000000000e+00,0.000000000000000000e+00,-9.854174225588251124e-02,0.000000000000000000e+00,0.000000000000000000e+00,-0.000000000000000000e+00,-0.000000000000000000e+00,-0.000000000000000000e+00,1.863864038550230584e-01,0.000000000000000000e+00,-0.000000000000000000e+00,-2.136021678537515858e-02,-0.000000000000000000e+00,0.000000000000000000e+00,0.000000000000000000e+00
0.000000000000000000e+00,0.000000000000000000e+00,-0.000000000000000000e+00,-2.109387718747265383e-01,-0.000000000000000000e+00,1.564695476275908270e-01,0.000000000000000000e+00,-0.000000000000000000e+00,-1.516361476882409076e-01,-0.000000000000000000e+00,0.000000000000000000e+00,2.395541913745574014e+00,-7.117936273852529250e-02,0.000000000000000000e+00,-1.761109041956305521e-01,-1.340022574984396087e-01,1.533942171279138178e-01,-9.540544875454735896e-02,-3.796445011558999272e-02,-1.278517067736354984e-01,-8.327000522388469661e-02,-3.234366218135162341e-01,-0.000000000000000000e+00,-0.000000000000000000e+00,-4.713253897482604787e-02,-0.000000000000000000e+00,0.000000000000000000e+00,-0.000000000000000000e+00,0.000000000000000000e+00,-0.000000000000000000e+00,0.000000000000000000e+00,3.770014944191067002e-02,-0.000000000000000000e+00,-3.317146558149300373e-01,8.075727996906535699e-02,0.000000000000000000e+00,0.000000000000000000e+00,-0.000000000000000000e+00,-3.357270666670353898e-01
-0.000000000000000000e+00,0.000000000000000000e+00,-0.000000000000000000e+00,-0.000000000000000000e+00,-0.000000000000000000e+00,5.064251112260136599e-03,0.000000000000000000e+00,0.000000000000000000e+00,-0.000000000000000000e+00,-0.000000000000000000e+00,0.000000000000000000e+00,-7.117936273852529250e-02,1.411314169480025305e+00,0.000000000000000000e+00,-0.000000000000000000e+00,-0.000000000000000000e+00,0.000000000000000000e+00,-0.000000000000000000e+00,-0.000000000000000000e+00,-0.000000000000000000e+00,-0.000000000000000000e+00,-0.000000000000000000e+00,0.000000000000000000e+00,-0.000000000000000000e+00,-0.000000000000000000e+00,-0.000000000000000000e+00,0.000000000000000000e+00,-0.000000000000000000e+00,0.000000000000000000e+00,-0.000000000000000000e+00,5.969996938996214864e-01,0.000000000000000000e+00,-0.000000000000000000e+00,-0.000000000000000000e+00,1.902488099035400393e-01,1.937148623308289699e-02,3.391868112441364519e-02,-0.000000000000000000e+00,-0.000000000000000000e+00
-0.000000000000000000e+00,-2.315344782912341637e-01,-0.000000000000000000e+00,0.000000000000000000e+00,-1.939766712060630727e-01,-0.000000000000000000e+00,-5.527795832556315486e-02,1.996669769449717080e-01,-0.000000000000000000e+00,-0.000000000000000000e+00,-0.000000000000000000e+00,0.000000000000000000e+00,0.000000000000000000e+00,1.546348991033986708e+00,0.000000000000000000e+00,-0.000000000000000000e+00,-0.000000000000000000e+00,-0.000000000000000000e+00,0.000000000000000000e+00,0.000000000000000000e+00,0.000000000000000000e+00,0.000000000000000000e+00,-4.165850190781351103e-01,-4.254549752163266224e-02,-0.000000000000000000e+00,-0.000000000000000000e+00,-0.000000000000000000e+00,-0.000000000000000000e+00,-0.000000000000000000e+00,-3.479276920142681528e-01,-0.000000000000000000e+00,-6.843110335182069071e-02,0.000000000000000000e+00,0.000000000000000000e+00,-0.000000000000000000e+00,-0.000000000000000000e+00,-1.232067848179137226e-02,0.000000000000000000e+00,-0.000000000000000000e+00
-0.000000000000000000e+00,0.000000000000000000e+00,-0.000000000000000000e+00,-1.093246498961662205e-01,-0.000000000000000000e+00,1.513279571360139908e-01,0.000000000000000000e+00,-0.000000000000000000e+00,-0.000000000000000000e+00,-0.000000000000000000e+00,1.403121266128415368e-01,-1.761109041956305521e-01,-0.000000000000000000e+00,0.000000000000000000e+00,2.785485340569741286e+00,-7.819634191775719223e-03,2.466679186795905920e-02,-2.494777996182199753e-01,-3.901633406267460691e-01,-4.369446681261354160e-01,-4.926405289247131475e-02,-0.000000000000000000e+00,0.000000000000000000e+00,-0.000000000000000000e+00,-0.000000000000000000e+00,-4.094544133331053798e-02,7.668752696052107132e-02,-0.000000000000000000e+00,-0.000000000000000000e+00,-0.000000000000000000e+00,2.644500718834123520e-01,2.979405171031144772e-01,-0.000000000000000000e+00,-5.724782099017004106e-02,0.000000000000000000e+00,0.000000000000000000e+00,0.000000000000000000e+00,-3.889331984094727690e-01,-9.075339890946954036e-02
-0.000000000000000000e+00,0.000000000000000000e+00,-6.648621875172182338e-02,-1.185453790878761710e-01,-0.000000000000000000e+00,0.000000000000000000e+00,-0.000000000000000000e+00,0.000000000000000000e+00,-3.320915019693672088e-01,-6.312183608817434344e-01,0.000000000000000000e+00,-1.340022574984396087e-01,-0.000000000000000000e+00,-0.000000000000000000e+00,-7.819634191775719223e-03,2.350330373015517615e+00,0.000000000000000000e+00,-3.532885918195098340e-01,-1.004337510763041036e-01,-2.878535325482819984e-02,-0.000000000000000000e+00,-0.000000000000000000e+00,-0.000000000000000000e+00,-0.000000000000000000e+00,-9.639117136894173599e-02,-7.406770590555049327e-02,0.000000000000000000e+00,-1.628493160826860464e-01,-0.000000000000000000e+00,-1.187908279678791118e-01,0.000000000000000000e+00,0.000000000000000000e+00,-6.985198467603224992e-02,-1.341530032848499698e-01,0.000000000000000000e+00,0.000000000000000000e+00,0.000000000000000000e+00,-0.000000000000000000e+00,-2.597212627258071310e-02
-0.000000000000000000e+00,-1.831175718812181885e-01,0.000000000000000000e+00,8.723949700195603174e-02,0.000000000000000000e+00,-4.387117985364152872e-01,-0.000000000000000000e+00,0.000000000000000000e+00,0.000000000000000000e+00,0.000000000000000000e+00,-3.693673974967934814e-01,1.533942171279138178e-01,0.000000000000000000e+00,-0.000000000000000000e+00,2.466679186795905920e-02,0.000000000000000000e+00,2.316064642404704887e+00,0.000000000000000000e+00,7.937361596121841889e-02,1.305692666942465663e-01,1.049619884229526096e-01,0.000000000000000000e+00,-0.000000000000000000e+00,-0.000000000000000000e+00,0.000000000000000000e+00,0.000000000000000000e+00,-6.233336097144735743e-02,0.000000000000000000e+00,-0.000000000000000000e+00,-0.000000000000000000e+00,-0.000000000000000000e+00,-3.854504836166560700e-01,0.000000000000000000e+00,4.482586046102982058e-02,-0.000000000000000000e+00,-1.268868965854704767e-01,-1.925890840857394093e-01,0.000000000000000000e+00,0.000000000000000000e+00
-0.000000000000000000e+00,0.000000000000000000e+00,-1.061948189621920169e-01,-1.782660769567760151e-01,-0.000000000000000000e+00,0.000000000000000000e+00,-0.000000000000000000e+00,0.000000000000000000e+00,-5.939983939198816010e-02,-4.303787830158876428e-03,2.240207335006906900e-02,-9.540544875454735896e-02,-0.000000000000000000e+00,-0.000000000000000000e+00,-2.494777996182199753e-01,-3.532885918195098340e-01,0.000000000000000000e+00,2.581981381340811676e+00,-5.805626955294153069e-01,-2.641864732920706227e-01,-3.191595195710104915e-02,-0.000000000000000000e+00,-0.000000000000000000e+00,-0.000000000000000000e+00,-0.000000000000000000e+00,-2.794604219069741213e-01,0.000000000000000000e+00,-1.101494407772838635e-01,-0.000000000000000000e+00,-0.000000000000000000e+00,0.000000000000000000e+00,0.000000000000000000e+00,-2.523150088871559810e-02,-8.257082515835470482e-02,0.000000000000000000e+00,0.000000000000000000e+00,0.000000000000000000e+00,-0.000000000000000000e+00,-2.175380711478240858e-01
0.000000000000000000e+00,0.000000000000000000e+00,-0.000000000000000000e+00,-1.359084676028303185e-01,-0.000000000000000000e+00,0.000000000000000000e+00,0.000000000000000000e+00,0.000000000000000000e+00,-4.226610372963017503e-02,-0.000000000000000000e+00,2.958577381494897907e-01,-3.796445011558999272e-02,-0.000000000000000000e+00,0.000000000000000000e+00,-3.901633406267460691e-01,-1.004337510763041036e-01,7.937361596121841889e-02,-5.805626955294153069e-01,2.528431713617865118e+00,-3.992686085139748875e-01,-1.431459230627093737e-01,-0.000000000000000000e+00,0.000000000000000000e+00,-0.000000000000000000e+00,-0.000000000000000000e+00,-7.336152283474987705e-03,0.000000000000000000e+00,-0.000000000000000000e+00,-0.000000000000000000e+00,-0.000000000000000000e+00,0.000000000000000000e+00,0.000000000000000000e+00,-1.846606095428380279e-01,-9.189575943407721215e-02,0.000000000000000000e+00,0.000000000000000000e+00,0.000000000000000000e+00,-2.858463227030503748e-02,-0.000000000000000000e+00
0.000000000000000000e+00,0.000000000000000000e+00,-0.000000000000000000e+00,-3.338508523274590356e-01,-0.000000000000000000e+00,7.970151210847918610e-02,0.000000000000000000e+00,0.000000000000000000e+00,-0.000000000000000000e+00,-0.000000000000000000e+00,3.162254943097665971e-01,-1.278517067736354984e-01,-0.000000000000000000e+00,0.000000000000000000e+00,-4.369446681261354160e-01,-2.878535325482819984e-02,1.305692666942465663e-01,-2.641864732920706227e-01,-3.992686085139748875e-01,2.975671091495238674e+00,-3.298272930254500523e-01,-5.288423867425840787e-03,0.000000000000000000e+00,-0.000000000000000000e+00,-0.000000000000000000e+00,-0.000000000000000000e+00,7.677638045570510383e-02,-8.412160213352407045e-02,-0.000000000000000000e+00,-0.000000000000000000e+00,0.000000000000000000e+00,1.900871693718110544e-01,-4.759884146240889007e-03,-2.545250441443177025e-01,0.000000000000000000e+00,0.000000000000000000e+00,0.000000000000000000e+00,-9.912538692218220149e-02,-0.000000000000000000e+00
0.000000000000000000e+00,0.000000000000000000e+00,-0.000000000000000000e+00,-6.211444393155358956e-03,-0.000000000000000000e+00,0.000000000000000000e+00,-0.000000000000000000e+00,-0.000000000000000000e+00,-0.000000000000000000e+00,-0.000000000000000000e+00,1.688390459011386568e-01,-8.327000522388469661e-02,-0.000000000000000000e+00,0.000000000000000000e+00,-4.926405289247131475e-02,-0.000000000000000000e+00,1.049619884229526096e-01,-3.191595195710104915e-02,-1.431459230627093737e-01,-3.298272930254500523e-01,1.977901364210647106e+00,-4.765623917445238611e-01,-0.000000000000000000e+00,-0.000000000000000000e+00,-0.000000000000000000e+00,-0.000000000000000000e+00,0.000000000000000000e+00,-3.570345314700567041e-01,-0.000000000000000000e+00,-0.000000000000000000e+00,0.000000000000000000e+00,4.100829855255628403e-02,-6.920681396903359539e-02,-0.000000000000000000e+00,0.000000000000000000e+00,0.000000000000000000e+00,0.000000000000000000e+00,-0.000000000000000000e+00,-0.000000000000000000e+00
0.000000000000000000e+00,0.000000000000000000e+00,-0.000000000000000000e+00,-0.000000000000000000e+00,-0.000000000000000000e+00,0.000000000000000000e+00,-7.545334260170089014e-02,-0.000000000000000000e+00,-3.402758083396616867e-02,-0.000000000000000000e+00,0.000000000000000000e+00,-3.234366218135162341e-01,-0.000000000000000000e+00,0.000000000000000000e+00,-0.000000000000000000e+00,-0.000000000000000000e+00,0.000000000000000000e+00,-0.000000000000000000e+00,-0.000000000000000000e+00,-5.288423867425840787e-03,-4.765623917445238611e-01,1.582390441194625241e+00,-0.000000000000000000e+00,-0.000000000000000000e+00,-1.278508529877638716e-02,-0.000000000000000000e+00,0.000000000000000000e+00,-5.252517996850676607e-02,-0.000000000000000000e+00,-0.000000000000000000e+00,0.000000000000000000e+00,0.000000000000000000e+00,-2.921710634045799337e-01,-1.774565356944760031e-02,0.000000000000000000e+00,0.000000000000000000e+00,0.000000000000000000e+00,-0.000000000000000000e+00,-0.000000000000000000e+00
-0.000000000000000000e+00,-0.000000000000000000e+00,-0.000000000000000000e+00,0.000000000000000000e+00,-0.000000000000000000e+00,-0.000000000000000000e+00,-8.777107328149886742e-03,0.000000000000000000e+00,-0.000000000000000000e+00,-0.000000000000000000e+00,-0.000000000000000000e+00,-0.000000000000000000e+00,0.000000000000000000e+00,-4.165850190781351103e-01,0.000000000000000000e+00,-0.000000000000000000e+00,-0.000000000000000000e+00,-0.000000000000000000e+00,0.000000000000000000e+00,0.000000000000000000e+00,-0.000000000000000000e+00,-0.000000000000000000e+00,1.662598959353218886e+00,-2.601068063695911592e-01,-2.573368213749848699e-01,-0.000000000000000000e+00,-0.000000000000000000e+00,-0.000000000000000000e+00,-6.354914978484725585e-02,-4.804907081640734656e-01,-0.000000000000000000e+00,-0.000000000000000000e+00,-0.000000000000000000e+00,-0.000000000000000000e+00,-0.000000000000000000e+00,-0.000000000000000000e+00,-1.210239405063784496e-01,0.000000000000000000e+00,-0.000000000000000000e+00
-0.000000000000000000e+00,-0.000000000000000000e+00,-0.000000000000000000e+00,-0.000000000000000000e+00,-0.000000000000000000e+00,0.000000000000000000e+00,-0.000000000000000000e+00,0.000000000000000000e+00,-0.000000000000000000e+00,-1.003904138206371810e-01,0.000000000000000000e+00,-0.000000000000000000e+00,-0.000000000000000000e+00,-4.254549752163266224e-02,-0.000000000000000000e+00,-0.000000000000000000e+00,-0.000000000000000000e+00,-0.000000000000000000e+00,-0.000000000000000000e+00,-0.000000000000000000e+00,-0.000000000000000000e+00,-0.000000000000000000e+00,-2.601068063695911592e-01,1.253407785283636056e+00,-1.734148576498094063e-01,-0.000000000000000000e+00,-0.000000000000000000e+00,-0.000000000000000000e+00,-0.000000000000000000e+00,-1.680540798806495484e-01,-0.000000000000000000e+00,-0.000000000000000000e+00,-2.900797312082709078e-02,-0.000000000000000000e+00,-0.000000000000000000e+00,-0.000000000000000000e+00,-0.000000000000000000e+00,-0.000000000000000000e+00,-0.000000000000000000e+00
-0.000000000000000000e+00,0.000000000000000000e+00,-0.000000000000000000e+00,-0.000000000000000000e+00,-0.000000000000000000e+00,0.000000000000000000e+00,0.000000000000000000e+00,0.000000000000000000e+00,-1.739857949393775749e-01,-0.000000000000000000e+00,0.000000000000000000e+00,-4.713253897482604787e-02,-0.000000000000000000e+00,-0.000000000000000000e+00,-0.000000000000000000e+00,-9.639117136894173599e-02,0.000000000000000000e+00,-0.000000000000000000e+00,-0.000000000000000000e+00,-0.000000000000000000e+00,-0.000000000000000000e+00,-1.278508529877638716e-02,-2.573368213749848699e-01,-1.734148576498094063e-01,1.447759895217033188e+00,-0.000000000000000000e+00,0.000000000000000000e+00,-4.150901486559592513e-02,-0.000000000000000000e+00,-2.158878147694164584e-01,0.000000000000000000e+00,0.000000000000000000e+00,-0.000000000000000000e+00,-0.000000000000000000e+00,0.000000000000000000e+00,-0.000000000000000000e+00,0.000000000000000000e+00,-0.000000000000000000e+00,-2.112770825603578484e-01
-0.000000000000000000e+00,-0.000000000000000000e+00,-0.000000000000000000e+00,-0.000000000000000000e+00,-0.000000000000000000e+00,0.000000000000000000e+00,0.000000000000000000e+00,0.000000000000000000e+00,-1.490211548678857245e-01,-3.337247490610588674e-01,0.000000000000000000e+00,-0.000000000000000000e+00,-0.000000000000000000e+00,-0.000000000000000000e+00,-4.094544133331053798e-02,-7.406770590555049327e-02,0.000000000000000000e+00,-2.794604219069741213e-01,-7.336152283474987705e-03,-0.000000000000000000e+00,-0.000000000000000000e+00,-0.000000000000000000e+00,-0.000000000000000000e+00,-0.000000000000000000e+00,-0.000000000000000000e+00,1.940168300832675330e+00,0.000000000000000000e+00,-2.389405386706085765e-01,-1.630445056684606542e-01,-0.000000000000000000e+00,0.000000000000000000e+00,0.000000000000000000e+00,-0.000000000000000000e+00,-0.000000000000000000e+00,0.000000000000000000e+00,0.000000000000000000e+00,0.000000000000000000e+00,-3.552747339037379271e-01,-2.253313166411315405e-01
-0.000000000000000000e+00,-2.655193208483707101e-01,0.000000000000000000e+00,3.177707021857030245e-01,0.000000000000000000e+00,-1.314314845530450693e-01,-0.000000000000000000e+00,-0.000000000000000000e+00,0.000000000000000000e+00,0.000000000000000000e+00,-9.854174225588251124e-02,0.000000000000000000e+00,0.000000000000000000e+00,-0.000000000000000000e+00,7.668752696052107132e-02,0.000000000000000000e+00,-6.233336097144735743e-02,0.000000000000000000e+00,0.000000000000000000e+00,7.677638045570510383e-02,0.000000000000000000e+00,0.000000000000000000e+00,-0.000000000000000000e+00,-0.000000000000000000e+00,0.000000000000000000e+00,0.000000000000000000e+00,2.043984355138696696e+00,0.000000000000000000e+00,-0.000000000000000000e+00,-0.000000000000000000e+00,-1.945234288911663056e-01,-4.790822126149908433e-01,0.000000000000000000e+00,0.000000000000000000e+00,-0.000000000000000000e+00,-9.357993941080770817e-03,-2.501879395739593503e-01,0.000000000000000000e+00,0.000000000000000000e+00
-0.000000000000000000e+00,0.000000000000000000e+00,-1.361884251019007952e-01,-0.000000000000000000e+00,-0.000000000000000000e+00,0.000000000000000000e+00,-0.000000000000000000e+00,0.000000000000000000e+00,-2.849300407839018834e-01,-1.587330224128481182e-01,0.000000000000000000e+00,-0.000000000000000000e+00,-0.000000000000000000e+00,-0.000000000000000000e+00,-0.000000000000000000e+00,-1.628493160826860464e-01,0.000000000000000000e+00,-1.101494407772838635e-01,-0.000000000000000000e+00,-8.412160213352407045e-02,-3.570345314700567041e-01,-5.252517996850676607e-02,-0.000000000000000000e+00,-0.000000000000000000e+00,-4.150901486559592513e-02,-2.389405386706085765e-01,0.000000000000000000e+00,2.145831039643744553e+00,-2.178865166203889162e-02,-0.000000000000000000e+00,0.000000000000000000e+00,0.000000000000000000e+00,-3.299659914352758294e-01,-1.768745651578552402e-01,0.000000000000000000e+00,0.000000000000000000e+00,0.000000000000000000e+00,-5.819851568687040705e-02,-0.000000000000000000e+00
-4.326071760304314728e-01,-0.000000000000000000e+00,-0.000000000000000000e+00,0.000000000000000000e+00,-0.000000000000000000e+00,-0.000000000000000000e+00,-0.000000000000000000e+00,0.000000000000000000e+00,-0.000000000000000000e+00,-1.109760332948174916e-01,0.000000000000000000e+00,0.000000000000000000e+00,0.000000000000000000e+00,-0.000000000000000000e+00,-0.000000000000000000e+00,-0.000000000000000000e+00,-0.000000000000000000e+00,-0.000000000000000000e+00,-0.000000000000000000e+00,-0.000000000000000000e+00,-0.000000000000000000e+00,-0.000000000000000000e+00,-6.354914978484725585e-02,-0.000000000000000000e+00,-0.000000000000000000e+00,-1.630445056684606542e-01,-0.000000000000000000e+00,-2.178865166203889162e-02,1.327206386883928557e+00,-0.000000000000000000e+00,-0.000000000000000000e+00,-0.000000000000000000e+00,-2.029750712213388153e-01,0.000000000000000000e+00,-0.000000000000000000e+00,-0.000000000000000000e+00,-4.710615401180036355e-02,-0.000000000000000000e+00,-0.000000000000000000e+00
-3.157612995259733712e-01,-0.000000000000000000e+00,-2.434082619515691090e-02,-0.000000000000000000e+00,-1.001813080544034090e-01,0.000000000000000000e+00,-7.083358018828474212e-02,0.000000000000000000e+00,-0.000000000000000000e+00,-3.867574413709259917e-01,-0.000000000000000000e+00,-0.000000000000000000e+00,-0.000000000000000000e+00,-3.479276920142681528e-01,-0.000000000000000000e+00,-1.187908279678791118e-01,-0.000000000000000000e+00,-0.000000000000000000e+00,-0.000000000000000000e+00,-0.000000000000000000e+00,-0.000000000000000000e+00,-0.000000000000000000e+00,-4.804907081640734656e-01,-1.680540798806495484e-01,-2.158878147694164584e-01,-0.000000000000000000e+00,-0.000000000000000000e+00,-0.000000000000000000e+00,-0.000000000000000000e+00,1.966869216934131748e+00,0.000000000000000000e+00,-0.000000000000000000e+00,-0.000000000000000000e+00,-0.000000000000000000e+00,-0.000000000000000000e+00,-0.000000000000000000e+00,-0.000000000000000000e+00,-0.000000000000000000e+00,-0.000000000000000000e+00
0.000000000000000000e+00,-0.000000000000000000e+00,-0.000000000000000000e+00,9.254151599912165127e-02,0.000000000000000000e+00,-0.000000000000000000e+00,-1.740733127543921399e-01,0.000000000000000000e+00,0.000000000000000000e+00,0.000000000000000000e+00,-0.000000000000000000e+00,0.000000000000000000e+00,5.969996938996214864e-01,-0.000000000000000000e+00,2.644500718834123520e-01,0.000000000000000000e+00,-0.000000000000000000e+00,0.000000000000000000e+00,0.000000000000000000e+00,0.000000000000000000e+00,0.000000000000000000e+00,0.000000000000000000e+00,-0.000000000000000000e+00,-0.000000000000000000e+00,0.000000000000000000e+00,0.000000000000000000e+00,-1.945234288911663056e-01,0.000000000000000000e+00,-0.000000000000000000e+00,0.000000000000000000e+00,1.793137728505284079e+00,-1.285218961110587699e-01,-0.000000000000000000e+00,0.000000000000000000e+00,-1.000772900355824391e-01,-0.000000000000000000e+00,-1.387115140278930847e-01,1.022140130674166342e-01,0.000000000000000000e+00
-0.000000000000000000e+00,-1.952828860378663656e-01,0.000000000000000000e+00,1.548356654870329807e-01,0.000000000000000000e+00,-4.456446126435230637e-01,-0.000000000000000000e+00,0.000000000000000000e+00,0.000000000000000000e+00,0.000000000000000000e+00,-0.000000000000000000e+00,3.770014944191067002e-02,0.000000000000000000e+00,-6.843110335182069071e-02,2.979405171031144772e-01,0.000000000000000000e+00,-3.854504836166560700e-01,0.000000000000000000e+00,0.000000000000000000e+00,1.900871693718110544e-01,4.100829855255628403e-02,0.000000000000000000e+00,-0.000000000000000000e+00,-0.000000000000000000e+00,0.000000000000000000e+00,0.000000000000000000e+00,-4.790822126149908433e-01,0.000000000000000000e+00,-0.000000000000000000e+00,-0.000000000000000000e+00,-1.285218961110587699e-01,2.751058695346650484e+00,0.000000000000000000e+00,0.000000000000000000e+00,-1.451690399244675300e-01,-6.448538595626568393e-02,-3.426293579085419871e-01,5.959126416771964169e-02,0.000000000000000000e+00
-0.000000000000000000e+00,0.000000000000000000e+00,-7.067623708552532580e-02,-0.000000000000000000e+00,-0.000000000000000000e+00,0.000000000000000000e+00,-0.000000000000000000e+00,0.000000000000000000e+00,-0.000000000000000000e+00,-0.000000000000000000e+00,1.863864038550230584e-01,-0.000000000000000000e+00,-0.000000000000000000e+00,0.000000000000000000e+00,-0.000000000000000000e+00,-6.985198467603224992e-02,0.000000000000000000e+00,-2.523150088871559810e-02,-1.846606095428380279e-01,-4.759884146240889007e-03,-6.920681396903359539e-02,-2.921710634045799337e-01,-0.000000000000000000e+00,-2.900797312082709078e-02,-0.000000000000000000e+00,-0.000000000000000000e+00,0.000000000000000000e+00,-3.299659914352758294e-01,-2.029750712213388153e-01,-0.000000000000000000e+00,-0.000000000000000000e+00,0.000000000000000000e+00,1.606891380661164215e+00,-0.000000000000000000e+00,-0.000000000000000000e+00,0.000000000000000000e+00,-0.000000000000000000e+00,-0.000000000000000000e+00,-0.000000000000000000e+00
-0.000000000000000000e+00,0.000000000000000000e+00,-1.954563616607634668e-01,-3.040434858565114751e-01,-8.643513615667508532e-02,2.601658575464439460e-01,-0.000000000000000000e+00,0.000000000000000000e+00,-5.528900531611041780e-01,-0.000000000000000000e+00,0.000000000000000000e+00,-3.317146558149300373e-01,-0.000000000000000000e+00,0.000000000000000000e+00,-5.724782099017004106e-02,-1.341530032848499698e-01,4.482586046102982058e-02,-8.257082515835470482e-02,-9.189575943407721215e-02,-2.545250441443177025e-01,-0.000000000000000000e+00,-1.774565356944760031e-02,-0.000000000000000000e+00,-0.000000000000000000e+00,-0.000000000000000000e+00,-0.000000000000000000e+00,0.000000000000000000e+00,-1.768745651578552402e-01,0.000000000000000000e+00,-0.000000000000000000e+00,0.000000000000000000e+00,0.000000000000000000e+00,-0.000000000000000000e+00,2.596314367561729064e+00,1.333968027101815543e-02,0.000000000000000000e+00,0.000000000000000000e+00,-6.018298741560962339e-02,-6.126537217357702625e-02
-0.000000000000000000e+00,-0.000000000000000000e+00,0.000000000000000000e+00,0.000000000000000000e+00,0.000000000000000000e+00,-3.372600680098591930e-01,-0.000000000000000000e+00,0.000000000000000000e+00,0.000000000000000000e+00,0.000000000000000000e+00,-0.000000000000000000e+00,8.075727996906535699e-02,1.902488099035400393e-01,-0.000000000000000000e+00,0.000000000000000000e+00,0.000000000000000000e+00,-0.000000000000000000e+00,0.000000000000000000e+00,0.000000000000000000e+00,0.000000000000000000e+00,0.000000000000000000e+00,0.000000000000000000e+00,-0.000000000000000000e+00,-0.000000000000000000e+00,0.000000000000000000e+00,0.000000000000000000e+00,-0.000000000000000000e+00,0.000000000000000000e+00,-0.000000000000000000e+00,-0.000000000000000000e+00,-1.000772900355824391e-01,-1.451690399244675300e-01,-0.000000000000000000e+00,1.333968027101815543e-02,1.943946203491273117e+00,-6.300585529692613596e-02,-7.516019742823201177e-01,5.706585674985510670e-02,2.165634665890918062e-02
-0.000000000000000000e+00,-4.185730867302335512e-02,0.000000000000000000e+00,0.000000000000000000e+00,0.000000000000000000e+00,-1.170520225951497822e-01,-0.000000000000000000e+00,-0.000000000000000000e+00,0.000000000000000000e+00,-0.000000000000000000e+00,-2.136021678537515858e-02,0.000000000000000000e+00,1.937148623308289699e-02,-0.000000000000000000e+00,0.000000000000000000e+00,0.000000000000000000e+00,-1.268868965854704767e-01,0.000000000000000000e+00,0.000000000000000000e+00,0.000000000000000000e+00,0.000000000000000000e+00,0.000000000000000000e+00,-0.000000000000000000e+00,-0.000000000000000000e+00,-0.000000000000000000e+00,0.000000000000000000e+00,-9.357993941080770817e-03,0.000000000000000000e+00,-0.000000000000000000e+00,-0.000000000000000000e+00,-0.000000000000000000e+00,-6.448538595626568393e-02,0.000000000000000000e+00,0.000000000000000000e+00,-6.300585529692613596e-02,1.115707841567658676e+00,-0.000000000000000000e+00,0.000000000000000000e+00,0.000000000000000000e+00
-0.000000000000000000e+00,-0.000000000000000000e+00,0.000000000000000000e+00,0.000000000000000000e+00,0.000000000000000000e+00,-3.687661490844219569e-01,-0.000000000000000000e+00,0.000000000000000000e+00,0.000000000000000000e+00,-0.000000000000000000e+00,-0.000000000000000000e+00,0.000000000000000000e+00,3.391868112441364519e-02,-1.232067848179137226e-02,0.000000000000000000e+00,0.000000000000000000e+00,-1.925890840857394093e-01,0.000000000000000000e+00,0.000000000000000000e+00,0.000000000000000000e+00,0.000000000000000000e+00,0.000000000000000000e+00,-1.210239405063784496e-01,-0.000000000000000000e+00,0.000000000000000000e+00,0.000000000000000000e+00,-2.501879395739593503e-01,0.000000000000000000e+00,-4.710615401180036355e-02,-0.000000000000000000e+00,-1.387115140278930847e-01,-3.426293579085419871e-01,-0.000000000000000000e+00,0.000000000000000000e+00,-7.516019742823201177e-01,-0.000000000000000000e+00,2.221482255162247732e+00,0.000000000000000000e+00,0.000000000000000000e+00
-0.000000000000000000e+00,0.000000000000000000e+00,-0.000000000000000000e+00,-0.000000000000000000e+00,-0.000000000000000000e+00,2.302545637657447963e-01,0.000000000000000000e+00,-0.000000000000000000e+00,-2.364814428369186872e-01,-0.000000000000000000e+00,0.000000000000000000e+00,-0.000000000000000000e+00,-0.000000000000000000e+00,0.000000000000000000e+00,-3.889331984094727690e-01,-0.000000000000000000e+00,0.000000000000000000e+00,-0.000000000000000000e+00,-2.858463227030503748e-02,-9.912538692218220149e-02,-0.000000000000000000e+00,-0.000000000000000000e+00,0.000000000000000000e+00,-0.000000000000000000e+00,-0.000000000000000000e+00,-3.552747339037379271e-01,0.000000000000000000e+00,-5.819851568687040705e-02,-0.000000000000000000e+00,-0.000000000000000000e+00,1.022140130674166342e-01,5.959126416771964169e-02,-0.000000000000000000e+00,-6.018298741560962339e-02,5.706585674985510670e-02,0.000000000000000000e+00,0.000000000000000000e+00,2.094161062985090638e+00,-3.408046341505150956e-01
-0.000000000000000000e+00,0.000000000000000000e+00,-0.000000000000000000e+00,-0.000000000000000000e+00,-0.000000000000000000e+00,0.000000000000000000e+00,0.000000000000000000e+00,0.000000000000000000e+00,-2.159291580761335538e-01,-2.206962951161577091e-02,0.000000000000000000e+00,-3.357270666670353898e-01,-0.000000000000000000e+00,-0.000000000000000000e+00,-9.075339890946954036e-02,-2.597212627258071310e-02,0.000000000000000000e+00,-2.175380711478240858e-01,-0.000000000000000000e+00,-0.000000000000000000e+00,-0.000000000000000000e+00,-0.000000000000000000e+00,-0.000000000000000000e+00,-0.000000000000000000e+00,-2.112770825603578484e-01,-2.253313166411315405e-01,0.000000000000000000e+00,-0.000000000000000000e+00,-0.000000000000000000e+00,-0.000000000000000000e+00,0.000000000000000000e+00,0.000000000000000000e+00,-0.000000000000000000e+00,-6.126537217357702625e-02,2.165634665890918062e-02,0.000000000000000000e+00,0.000000000000000000e+00,-3.408046341505150956e-01,1.909031302233126448e+00
