1.676014430318369497e+00,-0.000000000000000000e+00,-0.000000000000000000e+00,0.000000000000000000e+00,-0.000000000000000000e+00,-0.000000000000000000e+00,-0.000000000000000000e+00,0.000000000000000000e+00,-0.000000000000000000e+00,-1.531734384403075910e-01,-0.000000000000000000e+00,-0.000000000000000000e+00,0.000000000000000000e+00,-0.000000000000000000e+00,-0.000000000000000000e+00,-4.853187040150963583e-01,-0.000000000000000000e+00,0.000000000000000000e+00,-0.000000000000000000e+00,-0.000000000000000000e+00,-0.000000000000000000e+00,-1.721298734783131279e-01,-1.506260707063044324e-01,-0.000000000000000000e+00,-1.495244301397632425e-01,-2.148601296465139088e-01,0.000000000000000000e+00,-0.000000000000000000e+00,-1.960260164344866107e-01,-1.702133926200455685e-02,-0.000000000000000000e+00,-0.000000000000000000e+00,-0.000000000000000000e+00,-0.000000000000000000e+00,0.000000000000000000e+00,-0.000000000000000000e+00,-0.000000000000000000e+00,-8.583737489703566204e-02,-0.000000000000000000e+00
-0.000000000000000000e+00,1.949944569932807958e+00,0.000000000000000000e+00,-0.000000000000000000e+00,-0.000000000000000000e+00,-0.000000000000000000e+00,1.501271905795624473e-01,-0.000000000000000000e+00,-0.000000000000000000e+00,-6.139878017691618312e-02,-2.642437528587495560e-02,0.000000000000000000e+00,-4.390478586640862713e-02,-0.000000000000000000e+00,3.414447459869432988e-01,-0.000000000000000000e+00,1.092248116297696026e-01,-1.416284846219053872e-01,-0.000000000000000000e+00,0.000000000000000000e+00,-0.000000000000000000e+00,-0.000000000000000000e+00,-2.576456314013115256e-01,-0.000000000000000000e+00,-0.000000000000000000e+00,0.000000000000000000e+00,-4.941388646428205300e-01,0.000000000000000000e+00,0.000000000000000000e+00,-0.000000000000000000e+00,-0.000000000000000000e+00,-0.000000000000000000e+00,-0.000000000000000000e+00,0.000000000000000000e+00,-0.000000000000000000e+00,-3.420574290145962371e-01,-0.000000000000000000e+00,3.370681849007099024e-02,-2.644390402386103678e-01
-0.000000000000000000e+00,0.000000000000000000e+00,3.157186618552537904e+00,-0.000000000000000000e+00,-6.150187647150356929e-01,0.000000000000000000e+00,-0.000000000000000000e+00,1.446716852050600188e+00,-2.690729762848801387e-01,-0.000000000000000000e+00,-0.000000000000000000e+00,0.000000000000000000e+00,9.388742254243910568e-02,-1.221746818813083252e-01,-0.000000000000000000e+00,-1.181332677185878421e-01,-0.000000000000000000e+00,-0.000000000000000000e+00,-4.035977016046977256e-02,-0.000000000000000000e+00,-3.133387780505353382e-01,-0.000000000000000000e+00,-0.000000000000000000e+00,-0.000000000000000000e+00,-0.000000000000000000e+00,-0.000000000000000000e+00,-0.000000000000000000e+00,-1.914261747890516896e-01,-0.000000000000000000e+00,-0.000000000000000000e+00,-7.137228411151506913e-02,0.000000000000000000e+00,-0.000000000000000000e+00,-0.000000000000000000e+00,-0.000000000000000000e+00,0.000000000000000000e+00,0.000000000000000000e+00,-0.000000000000000000e+00,-0.000000000000000000e+00
0.000000000000000000e+00,-0.000000000000000000e+00,-0.000000000000000000e+00,1.664725363233122923e+00,-8.686099386521611843e-02,3.670332798646946948e-01,0.000000000000000000e+00,0.000000000000000000e+00,-0.000000000000000000e+00,-0.000000000000000000e+00,0.000000000000000000e+00,0.000000000000000000e+00,-7.168687331159653842e-02,0.000000000000000000e+00,0.000000000000000000e+00,0.000000000000000000e+00,0.000000000000000000e+00,-6.585321553290056640e-01,-1.418114228451550392e-02,0.000000000000000000e+00,0.000000000000000000e+00,2.382269728360479899e-01,-0.000000000000000000e+00,0.000000000000000000e+00,-0.000000000000000000e+00,0.000000000000000000e+00,-0.000000000000000000e+00,-0.000000000000000000e+00,1.198410233096801163e-02,-0.000000000000000000e+00,1.322909546984615478e-02,2.548702640979897405e-01,0.000000000000000000e+00,-0.000000000000000000e+00,0.000000000000000000e+00,0.000000000000000000e+00,0.000000000000000000e+00,0.000000000000000000e+00,-0.000000000000000000e+00
-0.000000000000000000e+00,-0.000000000000000000e+00,-6.150187647150356929e-01,-8.686099386521611843e-02,2.695738886303032267e+00,8.941519089411477383e-02,-0.000000000000000000e+00,7.409213999261712313e-01,-4.528363285658747461e-01,-0.000000000000000000e+00,-0.000000000000000000e+00,0.000000000000000000e+00,0.000000000000000000e+00,-0.000000000000000000e+00,-0.000000000000000000e+00,-0.000000000000000000e+00,-0.000000000000000000e+00,-3.629638720236499916e-01,-0.000000000000000000e+00,0.000000000000000000e+00,-0.000000000000000000e+00,0.000000000000000000e+00,-0.000000000000000000e+00,-0.000000000000000000e+00,-0.000000000000000000e+00,-0.000000000000000000e+00,-0.000000000000000000e+00,-1.710655370799567809e-01,-0.000000000000000000e+00,-4.117010689747524488e-02,-0.000000000000000000e+00,0.000000000000000000e+00,-0.000000000000000000e+00,-2.730534579424667707e-01,0.000000000000000000e+00,0.000000000000000000e+00,0.000000000000000000e+00,-0.000000000000000000e+00,-0.000000000000000000e+00
-0.000000000000000000e+00,-0.000000000000000000e+00,0.000000000000000000e+00,3.670332798646946948e-01,8.941519089411477383e-02,1.943970202822820958e+00,-0.000000000000000000e+00,-0.000000000000000000e+00,8.132975852051788079e-02,0.000000000000000000e+00,-3.208906406941371414e-01,0.000000000000000000e+00,-0.000000000000000000e+00,-0.000000000000000000e+00,0.000000000000000000e+00,0.000000000000000000e+00,-0.000000000000000000e+00,0.000000000000000000e+00,0.000000000000000000e+00,0.000000000000000000e+00,0.000000000000000000e+00,-0.000000000000000000e+00,-0.000000000000000000e+00,-0.000000000000000000e+00,0.000000000000000000e+00,0.000000000000000000e+00,-0.000000000000000000e+00,0.000000000000000000e+00,-0.000000000000000000e+00,7.579267142961208792e-02,-0.000000000000000000e+00,-3.594842743154472164e-01,-0.000000000000000000e+00,1.938933733783866908e-01,-1.276709032071258187e-01,-7.732552909540645059e-02,-4.442911587536342854e-01,0.000000000000000000e+00,0.000000000000000000e+00
-0.000000000000000000e+00,1.501271905795624473e-01,-0.000000000000000000e+00,0.000000000000000000e+00,-0.000000000000000000e+00,-0.000000000000000000e+00,1.313808437495574299e+00,0.000000000000000000e+00,0.000000000000000000e+00,0.000000000000000000e+00,0.000000000000000000e+00,-0.000000000000000000e+00,2.535385958803149653e-01,-0.000000000000000000e+00,-0.000000000000000000e+00,-0.000000000000000000e+00,-2.618717947889653841e-01,1.329345774166331429e-01,0.000000000000000000e+00,-0.000000000000000000e+00,-0.000000000000000000e+00,-0.000000000000000000e+00,0.000000000000000000e+00,-0.000000000000000000e+00,0.000000000000000000e+00,-1.059795005193161499e-01,0.000000000000000000e+00,-0.000000000000000000e+00,-6.992286125213213743e-02,0.000000000000000000e+00,-1.804943452879886889e-02,-1.398358968719328466e-01,0.000000000000000000e+00,0.000000000000000000e+00,0.000000000000000000e+00,2.423205495758611744e-02,-0.000000000000000000e+00,-6.652882161505611902e-02,0.000000000000000000e+00
0.000000000000000000e+00,-0.000000000000000000e+00,1.446716852050600188e+00,0.000000000000000000e+00,7.409213999261712313e-01,-0.000000000000000000e+00,0.000000000000000000e+00,2.916042632624952891e+00,1.569741122546269019e-01,0.000000000000000000e+00,0.000000000000000000e+00,-0.000000000000000000e+00,-6.576920296256304199e-02,9.135133834562163269e-02,-0.000000000000000000e+00,3.796291843890008816e-02,0.000000000000000000e+00,5.084915296077852087e-03,6.424471445638267608e-02,0.000000000000000000e+00,7.658958598904770654e-02,0.000000000000000000e+00,0.000000000000000000e+00,0.000000000000000000e+00,0.000000000000000000e+00,0.000000000000000000e+00,0.000000000000000000e+00,9.207032502638698435e-02,0.000000000000000000e+00,0.000000000000000000e+00,6.875889003203647376e-02,-0.000000000000000000e+00,0.000000000000000000e+00,0.000000000000000000e+00,0.000000000000000000e+00,-0.000000000000000000e+00,-0.000000000000000000e+00,0.000000000000000000e+00,0.000000000000000000e+00
-0.000000000000000000e+00,-0.000000000000000000e+00,-2.690729762848801387e-01,-0.000000000000000000e+00,-4.528363285658747461e-01,8.132975852051788079e-02,0.000000000000000000e+00,1.569741122546269019e-01,2.674454086390988916e+00,-2.096272392213940072e-01,0.000000000000000000e+00,0.000000000000000000e+00,0.000000000000000000e+00,-0.000000000000000000e+00,-0.000000000000000000e+00,-7.073364515424283849e-02,0.000000000000000000e+00,-1.655788358542460148e-01,-3.277260968868029312e-01,-0.000000000000000000e+00,-3.893677585808608121e-01,-0.000000000000000000e+00,-0.000000000000000000e+00,-0.000000000000000000e+00,-1.047762714597976624e-01,-0.000000000000000000e+00,-0.000000000000000000e+00,-0.000000000000000000e+00,0.000000000000000000e+00,-3.339709399223063091e-01,-0.000000000000000000e+00,0.000000000000000000e+00,-4.467639847998083197e-02,-4.444975268638354238e-01,0.000000000000000000e+00,0.000000000000000000e+00,0.000000000000000000e+00,-2.108685781563656575e-02,-8.853966969623415506e-02
-1.531734384403075910e-01,-6.139878017691618312e-02,-0.000000000000000000e+00,-0.000000000000000000e+00,-0.000000000000000000e+00,0.000000000000000000e+00,0.000000000000000000e+00,0.000000000000000000e+00,-2.096272392213940072e-01,2.575117591596035815e+00,-0.000000000000000000e+00,0.000000000000000000e+00,0.000000000000000000e+00,-0.000000000000000000e+00,-0.000000000000000000e+00,-5.457305361799679178e-01,-0.000000000000000000e+00,-4.055466503155936292e-02,-0.000000000000000000e+00,-0.000000000000000000e+00,-1.137243021546451710e-01,-0.000000000000000000e+00,-1.608979982462684089e-02,-0.000000000000000000e+00,-4.587089744911941880e-01,-0.000000000000000000e+00,-0.000000000000000000e+00,-0.000000000000000000e+00,-0.000000000000000000e+00,-1.006945712938273285e+00,0.000000000000000000e+00,0.000000000000000000e+00,-0.000000000000000000e+00,-0.000000000000000000e+00,0.000000000000000000e+00,-0.000000000000000000e+00,0.000000000000000000e+00,-0.000000000000000000e+00,-0.000000000000000000e+00
-0.000000000000000000e+00,-2.642437528587495560e-02,-0.000000000000000000e+00,0.000000000000000000e+00,-0.000000000000000000e+00,-3.208906406941371414e-01,0.000000000000000000e+00,0.000000000000000000e+00,0.000000000000000000e+00,-0.000000000000000000e+00,1.822173943725439393e+00,1.254711627210926550e-01,-0.000000000000000000e+00,-6.371583664168832886e-03,2.560255731670513235e-01,0.000000000000000000e+00,-1.165325955953646631e-01,-0.000000000000000000e+00,-0.000000000000000000e+00,0.000000000000000000e+00,-0.000000000000000000e+00,-0.000000000000000000e+00,-0.000000000000000000e+00,-0.000000000000000000e+00,0.000000000000000000e+00,0.000000000000000000e+00,-3.684272721564028630e-01,0.000000000000000000e+00,0.000000000000000000e+00,-0.000000000000000000e+00,-0.000000000000000000e+00,-0.000000000000000000e+00,-0.000000000000000000e+00,0.000000000000000000e+00,-0.000000000000000000e+00,-0.000000000000000000e+00,-5.752733264366954868e-01,0.000000000000000000e+00,-0.000000000000000000e+00
-0.000000000000000000e+00,0.000000000000000000e+00,0.000000000000000000e+00,0.000000000000000000e+00,0.000000000000000000e+00,0.000000000000000000e+00,-0.000000000000000000e+00,-0.000000000000000000e+00,0.000000000000000000e+00,0.000000000000000000e+00,1.254711627210926550e-01,1.019442041007268873e+00,0.000000000000000000e+00,0.000000000000000000e+00,-0.000000000000000000e+00,0.000000000000000000e+00,0.000000000000000000e+00,7.122777979699179696e-02,0.000000000000000000e+00,-0.000000000000000000e+00,0.000000000000000000e+00,-0.000000000000000000e+00,-0.000000000000000000e+00,-0.000000000000000000e+00,0.000000000000000000e+00,0.000000000000000000e+00,0.000000000000000000e+00,0.000000000000000000e+00,-0.000000000000000000e+00,0.000000000000000000e+00,-0.000000000000000000e+00,-0.000000000000000000e+00,0.000000000000000000e+00,-0.000000000000000000e+00,-0.000000000000000000e+00,0.000000000000000000e+00,0.000000000000000000e+00,0.000000000000000000e+00,-0.000000000000000000e+00
0.000000000000000000e+00,-4.390478586640862713e-02,9.388742254243910568e-02,-7.168687331159653842e-02,0.000000000000000000e+00,-0.000000000000000000e+00,2.535385958803149653e-01,-6.576920296256304199e-02,0.000000000000000000e+00,0.000000000000000000e+00,-0.000000000000000000e+00,0.000000000000000000e+00,1.326713900710878136e+00,0.000000000000000000e+00,0.000000000000000000e+00,0.000000000000000000e+00,8.537261917157149688e-03,-0.000000000000000000e+00,-0.000000000000000000e+00,0.000000000000000000e+00,9.885770431776956524e-02,0.000000000000000000e+00,-0.000000000000000000e+00,0.000000000000000000e+00,0.000000000000000000e+00,1.426966112075172544e-01,-0.000000000000000000e+00,0.000000000000000000e+00,0.000000000000000000e+00,0.000000000000000000e+00,8.647849549478718589e-02,0.000000000000000000e+00,-0.000000000000000000e+00,0.000000000000000000e+00,-0.000000000000000000e+00,-0.000000000000000000e+00,-0.000000000000000000e+00,2.491020034188329568e-01,-0.000000000000000000e+00
-0.000000000000000000e+00,-0.000000000000000000e+00,-1.221746818813083252e-01,0.000000000000000000e+00,-0.000000000000000000e+00,-0.000000000000000000e+00,-0.000000000000000000e+00,9.135133834562163269e-02,-0.000000000000000000e+00,-0.000000000000000000e+00,-6.371583664168832886e-03,0.000000000000000000e+00,0.000000000000000000e+00,1.866587207700072915e+00,0.000000000000000000e+00,-1.361274457986007269e-01,-2.037804713879421692e-01,-0.000000000000000000e+00,-2.084245944107574258e-02,-0.000000000000000000e+00,-4.049559565603307876e-01,-4.643567197025461057e-02,-1.550780013540089819e-01,-5.824539665060408655e-01,-1.017597054642598864e-01,-0.000000000000000000e+00,-0.000000000000000000e+00,-0.000000000000000000e+00,-0.000000000000000000e+00,-5.644322036539386328e-02,-0.000000000000000000e+00,-0.000000000000000000e+00,-0.000000000000000000e+00,-0.000000000000000000e+00,-0.000000000000000000e+00,-0.000000000000000000e+00,-7.855831128116869122e-02,-0.000000000000000000e+00,-0.000000000000000000e+00
-0.000000000000000000e+00,3.414447459869432988e-01,-0.000000000000000000e+00,0.000000000000000000e+00,-0.000000000000000000e+00,0.000000000000000000e+00,-0.000000000000000000e+00,-0.000000000000000000e+00,-0.000000000000000000e+00,-0.000000000000000000e+00,2.560255731670513235e-01,-0.000000000000000000e+00,0.000000000000000000e+00,0.000000000000000000e+00,2.930658890710786224e+00,-0.000000000000000000e+00,-0.000000000000000000e+00,0.000000000000000000e+00,0.000000000000000000e+00,-6.719901216719876835e-01,-0.000000000000000000e+00,0.000000000000000000e+00,0.000000000000000000e+00,-0.000000000000000000e+00,-0.000000000000000000e+00,-2.563171998575806132e-01,6.818804053713383162e-01,-1.155345493102434146e-01,-6.317568764912688539e-02,-0.000000000000000000e+00,0.000000000000000000e+00,0.000000000000000000e+00,0.000000000000000000e+00,-2.669527648853578516e-01,6.033088571526751265e-02,1.968139136653210552e-01,9.849455008890782570e-02,-4.751241892207296313e-01,0.000000000000000000e+00
-4.853187040150963583e-01,-0.000000000000000000e+00,-1.181332677185878421e-01,0.000000000000000000e+00,-0.000000000000000000e+00,0.000000000000000000e+00,-0.000000000000000000e+00,3.796291843890008816e-02,-7.073364515424283849e-02,-5.457305361799679178e-01,0.000000000000000000e+00,0.000000000000000000e+00,0.000000000000000000e+00,-1.361274457986007269e-01,-0.000000000000000000e+00,2.182231702739327872e+00,-0.000000000000000000e+00,-0.000000000000000000e+00,-0.000000000000000000e+00,-0.000000000000000000e+00,-3.965471412733402590e-02,-5.125432283940361405e-02,-1.784720716275079166e-01,-9.795006811728605711e-02,-2.508561857541236062e-01,-0.000000000000000000e+00,-0.000000000000000000e+00,-0.000000000000000000e+00,-0.000000000000000000e+00,-2.724498841023949569e-01,-0.000000000000000000e+00,-0.000000000000000000e+00,-0.000000000000000000e+00,-0.000000000000000000e+00,-0.000000000000000000e+00,-0.000000000000000000e+00,0.000000000000000000e+00,-0.000000000000000000e+00,-0.000000000000000000e+00
-0.000000000000000000e+00,1.092248116297696026e-01,-0.000000000000000000e+00,0.000000000000000000e+00,-0.000000000000000000e+00,-0.000000000000000000e+00,-2.618717947889653841e-01,0.000000000000000000e+00,0.000000000000000000e+00,-0.000000000000000000e+00,-1.165325955953646631e-01,0.000000000000000000e+00,8.537261917157149688e-03,-2.037804713879421692e-01,-0.000000000000000000e+00,-0.000000000000000000e+00,1.313019623591722196e+00,2.026161789309748051e-02,0.000000000000000000e+00,-0.000000000000000000e+00,-0.000000000000000000e+00,-0.000000000000000000e+00,0.000000000000000000e+00,-2.137374501140877972e-02,-0.000000000000000000e+00,-1.473322319894988797e-01,0.000000000000000000e+00,-0.000000000000000000e+00,-1.924589001370285712e-01,-0.000000000000000000e+00,-0.000000000000000000e+00,-2.185258087546022507e-02,0.000000000000000000e+00,0.000000000000000000e+00,0.000000000000000000e+00,0.000000000000000000e+00,-0.000000000000000000e+00,-7.359478537568749090e-02,0.000000000000000000e+00
0.000000000000000000e+00,-1.416284846219053872e-01,-0.000000000000000000e+00,-6.585321553290056640e-01,-3.629638720236499916e-01,0.000000000000000000e+00,1.329345774166331429e-01,5.084915296077852087e-03,-1.655788358542460148e-01,-4.055466503155936292e-02,-0.000000000000000000e+00,7.122777979699179696e-02,-0.000000000000000000e+00,-0.000000000000000000e+00,0.000000000000000000e+00,-0.000000000000000000e+00,2.026161789309748051e-02,1.999364370277592728e+00,-4.890334798884296563e-01,7.071395360007463882e-02,-0.000000000000000000e+00,0.000000000000000000e+00,-0.000000000000000000e+00,-0.000000000000000000e+00,-0.000000000000000000e+00,0.000000000000000000e+00,-0.000000000000000000e+00,-0.000000000000000000e+00,1.283603947757763764e-01,-2.534095036432476022e-01,0.000000000000000000e+00,7.044942501925177680e-02,-0.000000000000000000e+00,-0.000000000000000000e+00,-0.000000000000000000e+00,-0.000000000000000000e+00,0.000000000000000000e+00,0.000000000000000000e+00,-0.000000000000000000e+00
-0.000000000000000000e+00,-0.000000000000000000e+00,-4.035977016046977256e-02,-1.418114228451550392e-02,-0.000000000000000000e+00,0.000000000000000000e+00,0.000000000000000000e+00,6.424471445638267608e-02,-3.277260968868029312e-01,-0.000000000000000000e+00,-0.000000000000000000e+00,0.000000000000000000e+00,-0.000000000000000000e+00,-2.084245944107574258e-02,0.000000000000000000e+00,-0.000000000000000000e+00,0.000000000000000000e+00,-4.890334798884296563e-01,1.648542875357606574e+00,4.373229471300262711e-02,-0.000000000000000000e+00,0.000000000000000000e+00,-1.695117601811491348e-01,-0.000000000000000000e+00,-0.000000000000000000e+00,0.000000000000000000e+00,-1.329914468055576615e-01,-0.000000000000000000e+00,0.000000000000000000e+00,-0.000000000000000000e+00,-0.000000000000000000e+00,0.000000000000000000e+00,-0.000000000000000000e+00,0.000000000000000000e+00,-0.000000000000000000e+00,0.000000000000000000e+00,-0.000000000000000000e+00,-0.000000000000000000e+00,-3.446267492049390757e-01
-0.000000000000000000e+00,0.000000000000000000e+00,-0.000000000000000000e+00,0.000000000000000000e+00,0.000000000000000000e+00,0.000000000000000000e+00,-0.000000000000000000e+00,0.000000000000000000e+00,-0.000000000000000000e+00,-0.000000000000000000e+00,0.000000000000000000e+00,-0.000000000000000000e+00,0.000000000000000000e+00,-0.000000000000000000e+00,-6.719901216719876835e-01,-0.000000000000000000e+00,-0.000000000000000000e+00,7.071395360007463882e-02,4.373229471300262711e-02,2.143719878390208944e+00,-0.000000000000000000e+00,-3.782546636485883962e-02,0.000000000000000000e+00,-0.000000000000000000e+00,-0.000000000000000000e+00,-4.754060444037765953e-01,2.634339749110755635e-01,-2.427381414028173534e-01,-1.598029491759412613e-01,-0.000000000000000000e+00,0.000000000000000000e+00,0.000000000000000000e+00,0.000000000000000000e+00,-0.000000000000000000e+00,0.000000000000000000e+00,0.000000000000000000e+00,0.000000000000000000e+00,-1.060403309429591850e-01,1.014124473540860827e-01
-0.000000000000000000e+00,-0.000000000000000000e+00,-3.133387780505353382e-01,0.000000000000000000e+00,-0.000000000000000000e+00,0.000000000000000000e+00,-0.000000000000000000e+00,7.658958598904770654e-02,-3.893677585808608121e-01,-1.137243021546451710e-01,-0.000000000000000000e+00,0.000000000000000000e+00,9.885770431776956524e-02,-4.049559565603307876e-01,-0.000000000000000000e+00,-3.965471412733402590e-02,-0.000000000000000000e+00,-0.000000000000000000e+00,-0.000000000000000000e+00,-0.000000000000000000e+00,2.475163942087850621e+00,-1.079425181436669268e-01,-0.000000000000000000e+00,-9.360659799214818277e-02,-7.524379986424793720e-02,-1.451897964782870309e-01,-0.000000000000000000e+00,-5.991490163828866455e-01,-0.000000000000000000e+00,-3.881602345294759421e-02,-0.000000000000000000e+00,0.000000000000000000e+00,-7.965990861956159796e-02,-8.293985153682308098e-02,0.000000000000000000e+00,0.000000000000000000e+00,-0.000000000000000000e+00,-1.767567859975164024e-01,-0.000000000000000000e+00
-1.721298734783131279e-01,-0.000000000000000000e+00,-0.000000000000000000e+00,2.382269728360479899e-01,0.000000000000000000e+00,-0.000000000000000000e+00,-0.000000000000000000e+00,0.000000000000000000e+00,-0.000000000000000000e+00,-0.000000000000000000e+00,-0.000000000000000000e+00,-0.000000000000000000e+00,0.000000000000000000e+00,-4.643567197025461057e-02,0.000000000000000000e+00,-5.125432283940361405e-02,-0.000000000000000000e+00,0.000000000000000000e+00,0.000000000000000000e+00,-3.782546636485883962e-02,-1.079425181436669268e-01,1.216697128094548663e+00,-0.000000000000000000e+00,-1.715215159917381216e-01,-0.000000000000000000e+00,-0.000000000000000000e+00,-0.000000000000000000e+00,-0.000000000000000000e+00,-0.000000000000000000e+00,-0.000000000000000000e+00,-6.464894930037869136e-02,-0.000000000000000000e+00,-0.000000000000000000e+00,-0.000000000000000000e+00,-2.029031790596445839e-02,-1.259933351483812358e-01,-0.000000000000000000e+00,-0.000000000000000000e+00,-0.000000000000000000e+00
-1.506260707063044324e-01,-2.576456314013115256e-01,-0.000000000000000000e+00,-0.000000000000000000e+00,-0.000000000000000000e+00,-0.000000000000000000e+00,0.000000000000000000e+00,0.000000000000000000e+00,-0.000000000000000000e+00,-1.608979982462684089e-02,-0.000000000000000000e+00,-0.000000000000000000e+00,-0.000000000000000000e+00,-1.550780013540089819e-01,0.000000000000000000e+00,-1.784720716275079166e-01,0.000000000000000000e+00,-0.000000000000000000e+00,-1.695117601811491348e-01,0.000000000000000000e+00,-0.000000000000000000e+00,-0.000000000000000000e+00,1.601551674242769563e+00,-1.773520529039969429e-01,-8.075213596778897662e-02,0.000000000000000000e+00,-6.476426043044479497e-02,0.000000000000000000e+00,0.000000000000000000e+00,-0.000000000000000000e+00,-0.000000000000000000e+00,-0.000000000000000000e+00,-8.443829103300123928e-02,0.000000000000000000e+00,-1.952401118132181534e-01,-3.726694156407084346e-02,-0.000000000000000000e+00,0.000000000000000000e+00,-2.276508308251862511e-01
-0.000000000000000000e+00,-0.000000000000000000e+00,-0.000000000000000000e+00,0.000000000000000000e+00,-0.000000000000000000e+00,-0.000000000000000000e+00,-0.000000000000000000e+00,0.000000000000000000e+00,-0.000000000000000000e+00,-0.000000000000000000e+00,-0.000000000000000000e+00,-0.000000000000000000e+00,0.000000000000000000e+00,-5.824539665060408655e-01,-0.000000000000000000e+00,-9.795006811728605711e-02,-2.137374501140877972e-02,-0.000000000000000000e+00,-0.000000000000000000e+00,-0.000000000000000000e+00,-9.360659799214818277e-02,-1.715215159917381216e-01,-1.773520529039969429e-01,1.714532891622209787e+00,-0.000000000000000000e+00,-0.000000000000000000e+00,-0.000000000000000000e+00,-0.000000000000000000e+00,-1.680004475679305054e-01,-0.000000000000000000e+00,-1.190697816381140750e-01,-0.000000000000000000e+00,-2.081101945559446498e-01,-0.000000000000000000e+00,-1.024146665485972246e-01,-0.000000000000000000e+00,-1.940949635089428416e-01,-0.000000000000000000e+00,-0.000000000000000000e+00
-1.495244301397632425e-01,-0.000000000000000000e+00,-0.000000000000000000e+00,-0.000000000000000000e+00,-0.000000000000000000e+00,0.000000000000000000e+00,0.000000000000000000e+00,0.000000000000000000e+00,-1.047762714597976624e-01,-4.587089744911941880e-01,0.000000000000000000e+00,0.000000000000000000e+00,0.000000000000000000e+00,-1.017597054642598864e-01,-0.000000000000000000e+00,-2.508561857541236062e-01,-0.000000000000000000e+00,-0.000000000000000000e+00,-0.000000000000000000e+00,-0.000000000000000000e+00,-7.524379986424793720e-02,-0.000000000000000000e+00,-8.075213596778897662e-02,-0.000000000000000000e+00,1.756790027972829682e+00,-5.692273151782804158e-02,0.000000000000000000e+00,-1.693535198396960428e-01,-0.000000000000000000e+00,-8.862603472727653697e-02,0.000000000000000000e+00,2.584396046938792005e-02,-0.000000000000000000e+00,-3.535680911669268622e-02,-0.000000000000000000e+00,-0.000000000000000000e+00,0.000000000000000000e+00,-0.000000000000000000e+00,-0.000000000000000000e+00
-2.148601296465139088e-01,0.000000000000000000e+00,-0.000000000000000000e+00,0.000000000000000000e+00,-0.000000000000000000e+00,0.000000000000000000e+00,-1.059795005193161499e-01,0.000000000000000000e+00,-0.000000000000000000e+00,-0.000000000000000000e+00,0.000000000000000000e+00,0.000000000000000000e+00,1.426966112075172544e-01,-0.000000000000000000e+00,-2.563171998575806132e-01,-0.000000000000000000e+00,-1.473322319894988797e-01,0.000000000000000000e+00,0.000000000000000000e+00,-4.754060444037765953e-01,-1.451897964782870309e-01,-0.000000000000000000e+00,0.000000000000000000e+00,-0.000000000000000000e+00,-5.692273151782804158e-02,2.932892941765532946e+00,0.000000000000000000e+00,-5.997546513044849092e-01,-8.287070356950863026e-01,-0.000000000000000000e+00,-0.000000000000000000e+00,-0.000000000000000000e+00,-0.000000000000000000e+00,-0.000000000000000000e+00,0.000000000000000000e+00,0.000000000000000000e+00,0.000000000000000000e+00,-4.354507031895087366e-01,0.000000000000000000e+00
0.000000000000000000e+00,-4.941388646428205300e-01,-0.000000000000000000e+00,-0.000000000000000000e+00,-0.000000000000000000e+00,-0.000000000000000000e+00,0.000000000000000000e+00,0.000000000000000000e+00,-0.000000000000000000e+00,-0.000000000000000000e+00,-3.684272721564028630e-01,0.000000000000000000e+00,-0.000000000000000000e+00,-0.000000000000000000e+00,6.818804053713383162e-01,-0.000000000000000000e+00,0.000000000000000000e+00,-0.000000000000000000e+00,-1.329914468055576615e-01,2.634339749110755635e-01,-0.000000000000000000e+00,-0.000000000000000000e+00,-6.476426043044479497e-02,-0.000000000000000000e+00,0.000000000000000000e+00,0.000000000000000000e+00,2.667185821530178469e+00,0.000000000000000000e+00,0.000000000000000000e+00,0.000000000000000000e+00,-2.196858411466797445e-01,-0.000000000000000000e+00,-3.205771972444363405e-01,0.000000000000000000e+00,-1.230692518707214994e-01,-0.000000000000000000e+00,-2.054323756422170577e-01,0.000000000000000000e+00,-4.077756237149146590e-01
-0.000000000000000000e+00,0.000000000000000000e+00,-1.914261747890516896e-01,-0.000000000000000000e+00,-1.710655370799567809e-01,0.000000000000000000e+00,-0.000000000000000000e+00,9.207032502638698435e-02,-0.000000000000000000e+00,-0.000000000000000000e+00,0.000000000000000000e+00,0.000000000000000000e+00,0.000000000000000000e+00,-0.000000000000000000e+00,-1.155345493102434146e-01,-0.000000000000000000e+00,-0.000000000000000000e+00,-0.000000000000000000e+00,-0.000000000000000000e+00,-2.427381414028173534e-01,-5.991490163828866455e-01,-0.000000000000000000e+00,0.000000000000000000e+00,-0.000000000000000000e+00,-1.693535198396960428e-01,-5.997546513044849092e-01,0.000000000000000000e+00,2.573308289711165653e+00,-0.000000000000000000e+00,-1.297401207378932608e-01,0.000000000000000000e+00,3.176205425655840523e-03,-0.000000000000000000e+00,-2.029775377364354816e-01,0.000000000000000000e+00,8.113960363733671577e-02,0.000000000000000000e+00,-2.473491354443943802e-01,0.000000000000000000e+00
-1.960260164344866107e-01,0.000000000000000000e+00,-0.000000000000000000e+00,1.198410233096801163e-02,-0.000000000000000000e+00,-0.000000000000000000e+00,-6.992286125213213743e-02,0.000000000000000000e+00,0.000000000000000000e+00,-0.000000000000000000e+00,0.000000000000000000e+00,-0.000000000000000000e+00,0.000000000000000000e+00,-0.000000000000000000e+00,-6.317568764912688539e-02,-0.000000000000000000e+00,-1.924589001370285712e-01,1.283603947757763764e-01,0.000000000000000000e+00,-1.598029491759412613e-01,-0.000000000000000000e+00,-0.000000000000000000e+00,0.000000000000000000e+00,-1.680004475679305054e-01,-0.000000000000000000e+00,-8.287070356950863026e-01,0.000000000000000000e+00,-0.000000000000000000e+00,1.864377359587526373e+00,-0.000000000000000000e+00,-0.000000000000000000e+00,-4.487151424870316346e-02,-0.000000000000000000e+00,-0.000000000000000000e+00,0.000000000000000000e+00,1.234851779728655084e-02,-0.000000000000000000e+00,-0.000000000000000000e+00,1.544079817344584105e-01
-1.702133926200455685e-02,-0.000000000000000000e+00,-0.000000000000000000e+00,-0.000000000000000000e+00,-4.117010689747524488e-02,7.579267142961208792e-02,0.000000000000000000e+00,0.000000000000000000e+00,-3.339709399223063091e-01,-1.006945712938273285e+00,-0.000000000000000000e+00,0.000000000000000000e+00,0.000000000000000000e+00,-5.644322036539386328e-02,-0.000000000000000000e+00,-2.724498841023949569e-01,-0.000000000000000000e+00,-2.534095036432476022e-01,-0.000000000000000000e+00,-0.000000000000000000e+00,-3.881602345294759421e-02,-0.000000000000000000e+00,-0.000000000000000000e+00,-0.000000000000000000e+00,-8.862603472727653697e-02,-0.000000000000000000e+00,0.000000000000000000e+00,-1.297401207378932608e-01,-0.000000000000000000e+00,2.336817676036387237e+00,0.000000000000000000e+00,0.000000000000000000e+00,-0.000000000000000000e+00,-0.000000000000000000e+00,0.000000000000000000e+00,0.000000000000000000e+00,0.000000000000000000e+00,-0.000000000000000000e+00,-0.000000000000000000e+00
-0.000000000000000000e+00,-0.000000000000000000e+00,-7.137228411151506913e-02,1.322909546984615478e-02,-0.000000000000000000e+00,-0.000000000000000000e+00,-1.804943452879886889e-02,6.875889003203647376e-02,-0.000000000000000000e+00,0.000000000000000000e+00,-0.000000000000000000e+00,-0.000000000000000000e+00,8.647849549478718589e-02,-0.000000000000000000e+00,0.000000000000000000e+00,-0.000000000000000000e+00,-0.000000000000000000e+00,0.000000000000000000e+00,-0.000000000000000000e+00,0.000000000000000000e+00,-0.000000000000000000e+00,-6.464894930037869136e-02,-0.000000000000000000e+00,-1.190697816381140750e-01,0.000000000000000000e+00,-0.000000000000000000e+00,-2.196858411466797445e-01,0.000000000000000000e+00,-0.000000000000000000e+00,0.000000000000000000e+00,1.605771119305483108e+00,-5.990931292996704016e-01,-2.540487836521034826e-01,-0.000000000000000000e+00,-8.670927606243006291e-02,-0.000000000000000000e+00,-0.000000000000000000e+00,-0.000000000000000000e+00,-1.071199844834324760e-01
-0.000000000000000000e+00,-0.000000000000000000e+00,0.000000000000000000e+00,2.548702640979897405e-01,0.000000000000000000e+00,-3.594842743154472164e-01,-1.398358968719328466e-01,-0.000000000000000000e+00,0.000000000000000000e+00,0.000000000000000000e+00,-0.000000000000000000e+00,-0.000000000000000000e+00,0.000000000000000000e+00,-0.000000000000000000e+00,0.000000000000000000e+00,-0.000000000000000000e+00,-2.185258087546022507e-02,7.044942501925177680e-02,0.000000000000000000e+00,0.000000000000000000e+00,0.000000000000000000e+00,-0.000000000000000000e+00,-0.000000000000000000e+00,-0.000000000000000000e+00,2.584396046938792005e-02,-0.000000000000000000e+00,-0.000000000000000000e+00,3.176205425655840523e-03,-4.487151424870316346e-02,0.000000000000000000e+00,-5.990931292996704016e-01,1.907731296903009133e+00,-0.000000000000000000e+00,0.000000000000000000e+00,-0.000000000000000000e+00,-0.000000000000000000e+00,-5.444024753059317767e-01,0.000000000000000000e+00,-0.000000000000000000e+00
-0.000000000000000000e+00,-0.000000000000000000e+00,-0.000000000000000000e+00,0.000000000000000000e+00,-0.000000000000000000e+00,-0.000000000000000000e+00,0.000000000000000000e+00,0.000000000000000000e+00,-4.467639847998083197e-02,-0.000000000000000000e+00,-0.000000000000000000e+00,0.000000000000000000e+00,-0.000000000000000000e+00,-0.000000000000000000e+00,0.000000000000000000e+00,-0.000000000000000000e+00,0.000000000000000000e+00,-0.000000000000000000e+00,-0.000000000000000000e+00,0.000000000000000000e+00,-7.965990861956159796e-02,-0.000000000000000000e+00,-8.443829103300123928e-02,-2.081101945559446498e-01,-0.000000000000000000e+00,-0.000000000000000000e+00,-3.205771972444363405e-01,-0.000000000000000000e+00,-0.000000000000000000e+00,-0.000000000000000000e+00,-2.540487836521034826e-01,-0.000000000000000000e+00,1.355672399578466969e+00,-0.000000000000000000e+00,-9.849530581046170297e-02,-0.000000000000000000e+00,-9.438120229820393114e-03,-0.000000000000000000e+00,-0.000000000000000000e+00
-0.000000000000000000e+00,0.000000000000000000e+00,-0.000000000000000000e+00,-0.000000000000000000e+00,-2.730534579424667707e-01,1.938933733783866908e-01,0.000000000000000000e+00,0.000000000000000000e+00,-4.444975268638354238e-01,-0.000000000000000000e+00,0.000000000000000000e+00,-0.000000000000000000e+00,0.000000000000000000e+00,-0.000000000000000000e+00,-2.669527648853578516e-01,-0.000000000000000000e+00,0.000000000000000000e+00,-0.000000000000000000e+00,0.000000000000000000e+00,-0.000000000000000000e+00,-8.293985153682308098e-02,-0.000000000000000000e+00,0.000000000000000000e+00,-0.000000000000000000e+00,-3.535680911669268622e-02,-0.000000000000000000e+00,0.000000000000000000e+00,-2.029775377364354816e-01,-0.000000000000000000e+00,-0.000000000000000000e+00,-0.000000000000000000e+00,0.000000000000000000e+00,-0.000000000000000000e+00,1.895665780530382927e+00,0.000000000000000000e+00,0.000000000000000000e+00,1.944646663215823801e-01,-2.213456431514772005e-01,-0.000000000000000000e+00
0.000000000000000000e+00,-0.000000000000000000e+00,-0.000000000000000000e+00,0.000000000000000000e+00,0.000000000000000000e+00,-1.276709032071258187e-01,0.000000000000000000e+00,0.000000000000000000e+00,0.000000000000000000e+00,0.000000000000000000e+00,-0.000000000000000000e+00,-0.000000000000000000e+00,-0.000000000000000000e+00,-0.000000000000000000e+00,6.033088571526751265e-02,-0.000000000000000000e+00,0.000000000000000000e+00,-0.000000000000000000e+00,-0.000000000000000000e+00,0.000000000000000000e+00,0.000000000000000000e+00,-2.029031790596445839e-02,-1.952401118132181534e-01,-1.024146665485972246e-01,-0.000000000000000000e+00,0.000000000000000000e+00,-1.230692518707214994e-01,0.000000000000000000e+00,0.000000000000000000e+00,0.000000000000000000e+00,-8.670927606243006291e-02,-0.000000000000000000e+00,-9.849530581046170297e-02,0.000000000000000000e+00,1.467513415447371905e+00,-1.886224213011858941e-01,-3.258221618144611087e-01,0.000000000000000000e+00,-0.000000000000000000e+00
-0.000000000000000000e+00,-3.420574290145962371e-01,0.000000000000000000e+00,0.000000000000000000e+00,0.000000000000000000e+00,-7.732552909540645059e-02,2.423205495758611744e-02,-0.000000000000000000e+00,0.000000000000000000e+00,-0.000000000000000000e+00,-0.000000000000000000e+00,0.000000000000000000e+00,-0.000000000000000000e+00,-0.000000000000000000e+00,1.968139136653210552e-01,-0.000000000000000000e+00,0.000000000000000000e+00,-0.000000000000000000e+00,0.000000000000000000e+00,0.000000000000000000e+00,0.000000000000000000e+00,-1.259933351483812358e-01,-3.726694156407084346e-02,-0.000000000000000000e+00,-0.000000000000000000e+00,0.000000000000000000e+00,-0.000000000000000000e+00,8.113960363733671577e-02,1.234851779728655084e-02,0.000000000000000000e+00,-0.000000000000000000e+00,-0.000000000000000000e+00,-0.000000000000000000e+00,0.000000000000000000e+00,-1.886224213011858941e-01,1.385549854582947882e+00,-0.000000000000000000e+00,0.000000000000000000e+00,-9.272465469420192175e-02
-0.000000000000000000e+00,-0.000000000000000000e+00,0.000000000000000000e+00,0.000000000000000000e+00,0.000000000000000000e+00,-4.442911587536342854e-01,-0.000000000000000000e+00,-0.000000000000000000e+00,0.000000000000000000e+00,0.000000000000000000e+00,-5.752733264366954868e-01,0.000000000000000000e+00,-0.000000000000000000e+00,-7.855831128116869122e-02,9.849455008890782570e-02,0.000000000000000000e+00,-0.000000000000000000e+00,0.000000000000000000e+00,-0.000000000000000000e+00,0.000000000000000000e+00,-0.000000000000000000e+00,-0.000000000000000000e+00,-0.000000000000000000e+00,-1.940949635089428416e-01,0.000000000000000000e+00,0.000000000000000000e+00,-2.054323756422170577e-01,0.000000000000000000e+00,-0.000000000000000000e+00,0.000000000000000000e+00,-0.000000000000000000e+00,-5.444024753059317767e-01,-9.438120229820393114e-03,1.944646663215823801e-01,-3.258221618144611087e-01,-0.000000000000000000e+00,2.300293594565206323e+00,0.000000000000000000e+00,0.000000000000000000e+00
-8.583737489703566204e-02,3.370681849007099024e-02,-0.000000000000000000e+00,0.000000000000000000e+00,-0.000000000000000000e+00,0.000000000000000000e+00,-6.652882161505611902e-02,0.000000000000000000e+00,-2.108685781563656575e-02,-0.000000000000000000e+00,0.000000000000000000e+00,0.000000000000000000e+00,2.491020034188329568e-01,-0.000000000000000000e+00,-4.751241892207296313e-01,-0.000000000000000000e+00,-7.359478537568749090e-02,0.000000000000000000e+00,-0.000000000000000000e+00,-1.060403309429591850e-01,-1.767567859975164024e-01,-0.000000000000000000e+00,0.000000000000000000e+00,-0.000000000000000000e+00,-0.000000000000000000e+00,-4.354507031895087366e-01,0.000000000000000000e+00,-2.473491354443943802e-01,-0.000000000000000000e+00,-0.000000000000000000e+00,-0.000000000000000000e+00,0.000000000000000000e+00,-0.000000000000000000e+00,-2.213456431514772005e-01,0.000000000000000000e+00,0.000000000000000000e+00,0.000000000000000000e+00,2.109150226373881942e+00,-0.000000000000000000e+00
-0.000000000000000000e+00,-2.644390402386103678e-01,-0.000000000000000000e+00,-0.000000000000000000e+00,-0.000000000000000000e+00,0.000000000000000000e+00,0.000000000000000000e+00,0.000000000000000000e+00,-8.853966969623415506e-02,-0.000000000000000000e+00,-0.000000000000000000e+00,-0.000000000000000000e+00,-0.000000000000000000e+00,-0.000000000000000000e+00,0.000000000000000000e+00,-0.000000000000000000e+00,0.000000000000000000e+00,-0.000000000000000000e+00,-3.446267492049390757e-01,1.014124473540860827e-01,-0.000000000000000000e+00,-0.000000000000000000e+00,-2.276508308251862511e-01,-0.000000000000000000e+00,-0.000000000000000000e+00,0.000000000000000000e+00,-4.077756237149146590e-01,0.000000000000000000e+00,1.544079817344584105e-01,-0.000000000000000000e+00,-1.071199844834324760e-01,-0.000000000000000000e+00,-0.000000000000000000e+00,-0.000000000000000000e+00,-0.000000000000000000e+00,-9.272465469420192175e-02,0.000000000000000000e+00,-0.000000000000000000e+00,1.700049070038373245e+00
