2.188922124798978519e+00,-3.988924719865847845e-01,-0.000000000000000000e+00,-2.140950535708487090e-01,-0.000000000000000000e+00,1.564073952330783876e-02,-0.000000000000000000e+00,0.000000000000000000e+00,-1.391020548925175071e-01,-0.000000000000000000e+00,0.000000000000000000e+00,-0.000000000000000000e+00,1.120912314341539207e-01,-9.228180832973623127e-03,-0.000000000000000000e+00,-0.000000000000000000e+00,-0.000000000000000000e+00,-2.599999191895214778e-01,-5.425913635948689112e-02,-0.000000000000000000e+00,0.000000000000000000e+00,-0.000000000000000000e+00,-1.370756416422287127e-01,-2.747813848297374073e-01,-0.000000000000000000e+00,-2.265934608599294575e-01,-0.000000000000000000e+00,-1.332516687172436431e-01,-0.000000000000000000e+00,-0.000000000000000000e+00,-0.000000000000000000e+00,-0.000000000000000000e+00,-0.000000000000000000e+00,-0.000000000000000000e+00,-0.000000000000000000e+00,0.000000000000000000e+00,-0.000000000000000000e+00,-3.725573725602430719e-01,-0.000000000000000000e+00
-3.988924719865847845e-01,1.865459815393054832e+00,-1.263403358823813882e-01,-1.348558094041779967e-02,-0.000000000000000000e+00,0.000000000000000000e+00,-0.000000000000000000e+00,0.000000000000000000e+00,-0.000000000000000000e+00,-3.823198887911850863e-02,0.000000000000000000e+00,-4.595286494329239163e-02,0.000000000000000000e+00,-5.791901493082462354e-02,-0.000000000000000000e+00,-0.000000000000000000e+00,-0.000000000000000000e+00,-2.225783836709575580e-01,-2.528646766370351018e-01,-0.000000000000000000e+00,0.000000000000000000e+00,-0.000000000000000000e+00,-2.445407823122793256e-01,-6.996643695618698366e-02,-0.000000000000000000e+00,-1.517579438586169893e-01,-0.000000000000000000e+00,-0.000000000000000000e+00,-0.000000000000000000e+00,-0.000000000000000000e+00,-0.000000000000000000e+00,-0.000000000000000000e+00,-0.000000000000000000e+00,-0.000000000000000000e+00,-0.000000000000000000e+00,-0.000000000000000000e+00,-0.000000000000000000e+00,-9.001605403547739692e-02,-7.690534486752355348e-02
-0.000000000000000000e+00,-1.263403358823813882e-01,2.201681867837298245e+00,-0.000000000000000000e+00,-2.722912400419124634e-01,-0.000000000000000000e+00,-0.000000000000000000e+00,8.355798714847856301e-01,-0.000000000000000000e+00,-1.304952560279836749e-01,-0.000000000000000000e+00,-1.091968852898689835e-01,-0.000000000000000000e+00,-9.569854864815756368e-02,-0.000000000000000000e+00,-0.000000000000000000e+00,-0.000000000000000000e+00,-0.000000000000000000e+00,-0.000000000000000000e+00,-0.000000000000000000e+00,-1.781037196059807523e-02,-3.310299525818337085e-01,-0.000000000000000000e+00,-0.000000000000000000e+00,-1.101683538166709289e-02,-3.360955817748233210e-02,-7.364350607200127741e-02,-0.000000000000000000e+00,-2.320953568589983335e-02,-0.000000000000000000e+00,-0.000000000000000000e+00,-8.380255585971463361e-02,-4.559941546635207787e-01,-0.000000000000000000e+00,-0.000000000000000000e+00,-0.000000000000000000e+00,-0.000000000000000000e+00,-0.000000000000000000e+00,-0.000000000000000000e+00
-2.140950535708487090e-01,-1.348558094041779967e-02,-0.000000000000000000e+00,2.307843018854812467e+00,-0.000000000000000000e+00,2.710268073276404510e-01,-5.604605507937469033e-01,-0.000000000000000000e+00,-2.969216509659080780e-02,-0.000000000000000000e+00,4.009422843019381372e-02,-0.000000000000000000e+00,1.025890102477811181e-03,-0.000000000000000000e+00,-8.923441941733846472e-02,-0.000000000000000000e+00,0.000000000000000000e+00,-3.492067405245383727e-01,-1.132939821863838820e-01,-0.000000000000000000e+00,0.000000000000000000e+00,-0.000000000000000000e+00,-3.488392829810676998e-01,-3.767300555791638916e-02,-0.000000000000000000e+00,-0.000000000000000000e+00,0.000000000000000000e+00,-0.000000000000000000e+00,0.000000000000000000e+00,-8.334811536669486931e-02,0.000000000000000000e+00,-0.000000000000000000e+00,-0.000000000000000000e+00,-0.000000000000000000e+00,0.000000000000000000e+00,0.000000000000000000e+00,-0.000000000000000000e+00,-0.000000000000000000e+00,-2.368271929741405657e-01
-0.000000000000000000e+00,-0.000000000000000000e+00,-2.722912400419124634e-01,-0.000000000000000000e+00,1.536834354608665798e+00,-0.000000000000000000e+00,-0.000000000000000000e+00,1.643652037733971949e-01,-0.000000000000000000e+00,-0.000000000000000000e+00,-0.000000000000000000e+00,-0.000000000000000000e+00,-0.000000000000000000e+00,-0.000000000000000000e+00,-0.000000000000000000e+00,-0.000000000000000000e+00,-0.000000000000000000e+00,-9.094248390085257761e-02,-1.980972352990221785e-01,-0.000000000000000000e+00,-0.000000000000000000e+00,-0.000000000000000000e+00,-0.000000000000000000e+00,-0.000000000000000000e+00,-0.000000000000000000e+00,-0.000000000000000000e+00,-0.000000000000000000e+00,-0.000000000000000000e+00,-0.000000000000000000e+00,-0.000000000000000000e+00,-2.841497007100720618e-01,-0.000000000000000000e+00,-0.000000000000000000e+00,-3.966898512882132688e-01,-0.000000000000000000e+00,0.000000000000000000e+00,-0.000000000000000000e+00,-0.000000000000000000e+00,-0.000000000000000000e+00
1.564073952330783876e-02,0.000000000000000000e+00,-0.000000000000000000e+00,2.710268073276404510e-01,-0.000000000000000000e+00,1.387781280577250920e+00,1.387845446344108946e-01,0.000000000000000000e+00,0.000000000000000000e+00,0.000000000000000000e+00,-3.264124428006660583e-01,0.000000000000000000e+00,-8.922864628297653977e-02,0.000000000000000000e+00,1.714520249842846900e-01,0.000000000000000000e+00,-0.000000000000000000e+00,0.000000000000000000e+00,0.000000000000000000e+00,0.000000000000000000e+00,-1.079415935196987577e-03,0.000000000000000000e+00,0.000000000000000000e+00,0.000000000000000000e+00,0.000000000000000000e+00,0.000000000000000000e+00,-0.000000000000000000e+00,0.000000000000000000e+00,-0.000000000000000000e+00,0.000000000000000000e+00,-0.000000000000000000e+00,-0.000000000000000000e+00,-0.000000000000000000e+00,0.000000000000000000e+00,-0.000000000000000000e+00,-0.000000000000000000e+00,-0.000000000000000000e+00,0.000000000000000000e+00,1.147054274339815022e-01
-0.000000000000000000e+00,-0.000000000000000000e+00,-0.000000000000000000e+00,-5.604605507937469033e-01,-0.000000000000000000e+00,1.387845446344108946e-01,2.130461262195439964e+00,-0.000000000000000000e+00,-0.000000000000000000e+00,-0.000000000000000000e+00,4.119935740532337798e-02,-0.000000000000000000e+00,0.000000000000000000e+00,-0.000000000000000000e+00,-2.534198820377298600e-01,-0.000000000000000000e+00,0.000000000000000000e+00,-5.037588214813960158e-02,-3.082698082830166442e-01,-4.668709552839035021e-03,0.000000000000000000e+00,-1.377511148358086246e-01,-3.161810350818313742e-01,-8.509805427101238551e-02,-0.000000000000000000e+00,-0.000000000000000000e+00,0.000000000000000000e+00,-0.000000000000000000e+00,0.000000000000000000e+00,-2.251579545195938892e-01,-0.000000000000000000e+00,-0.000000000000000000e+00,-0.000000000000000000e+00,-0.000000000000000000e+00,-0.000000000000000000e+00,6.023348983252257982e-02,-0.000000000000000000e+00,-0.000000000000000000e+00,-1.013725283071263000e-01
0.000000000000000000e+00,0.000000000000000000e+00,8.355798714847856301e-01,-0.000000000000000000e+00,1.643652037733971949e-01,0.000000000000000000e+00,-0.000000000000000000e+00,1.763482633496082697e+00,0.000000000000000000e+00,0.000000000000000000e+00,0.000000000000000000e+00,0.000000000000000000e+00,0.000000000000000000e+00,0.000000000000000000e+00,-0.000000000000000000e+00,0.000000000000000000e+00,0.000000000000000000e+00,0.000000000000000000e+00,0.000000000000000000e+00,0.000000000000000000e+00,6.910431195903751767e-02,0.000000000000000000e+00,-0.000000000000000000e+00,-0.000000000000000000e+00,0.000000000000000000e+00,0.000000000000000000e+00,0.000000000000000000e+00,0.000000000000000000e+00,0.000000000000000000e+00,-0.000000000000000000e+00,3.931347028654522124e-02,0.000000000000000000e+00,2.649149560089792965e-01,0.000000000000000000e+00,0.000000000000000000e+00,1.864847568324996818e-01,0.000000000000000000e+00,0.000000000000000000e+00,-0.000000000000000000e+00
-1.391020548925175071e-01,-0.000000000000000000e+00,-0.000000000000000000e+00,-2.969216509659080780e-02,-0.000000000000000000e+00,0.000000000000000000e+00,-0.000000000000000000e+00,0.000000000000000000e+00,2.714825499062616831e+00,-0.000000000000000000e+00,0.000000000000000000e+00,-3.134634191816026982e-02,3.504351031868729177e-02,-0.000000000000000000e+00,-1.400429750911469373e-01,-0.000000000000000000e+00,0.000000000000000000e+00,-2.982565321805774050e-01,-3.967094994161534105e-01,0.000000000000000000e+00,1.655939955025471644e-01,-0.000000000000000000e+00,-0.000000000000000000e+00,-1.223216152270966278e-01,-0.000000000000000000e+00,-0.000000000000000000e+00,0.000000000000000000e+00,-0.000000000000000000e+00,0.000000000000000000e+00,-0.000000000000000000e+00,-0.000000000000000000e+00,0.000000000000000000e+00,-0.000000000000000000e+00,-3.666528764826301190e-01,0.000000000000000000e+00,0.000000000000000000e+00,0.000000000000000000e+00,-6.766195776910021165e-01,-5.302988425656364191e-01
-0.000000000000000000e+00,-3.823198887911850863e-02,-1.304952560279836749e-01,-0.000000000000000000e+00,-0.000000000000000000e+00,0.000000000000000000e+00,-0.000000000000000000e+00,0.000000000000000000e+00,-0.000000000000000000e+00,1.815603973806351856e+00,-0.000000000000000000e+00,-3.958544361362492658e-01,-0.000000000000000000e+00,-0.000000000000000000e+00,-0.000000000000000000e+00,-6.340947825529266169e-01,-0.000000000000000000e+00,-0.000000000000000000e+00,-0.000000000000000000e+00,-0.000000000000000000e+00,-0.000000000000000000e+00,-0.000000000000000000e+00,-0.000000000000000000e+00,-0.000000000000000000e+00,-4.147806417163920623e-01,-0.000000000000000000e+00,-0.000000000000000000e+00,-0.000000000000000000e+00,-0.000000000000000000e+00,-4.055499089475348568e-02,-0.000000000000000000e+00,-0.000000000000000000e+00,-5.474313317052569017e-02,0.000000000000000000e+00,-0.000000000000000000e+00,-0.000000000000000000e+00,-0.000000000000000000e+00,-0.000000000000000000e+00,-0.000000000000000000e+00
0.000000000000000000e+00,0.000000000000000000e+00,-0.000000000000000000e+00,4.009422843019381372e-02,-0.000000000000000000e+00,-3.264124428006660583e-01,4.119935740532337798e-02,0.000000000000000000e+00,0.000000000000000000e+00,-0.000000000000000000e+00,1.498839367340522255e+00,-0.000000000000000000e+00,-1.130048455167260036e-03,-0.000000000000000000e+00,0.000000000000000000e+00,-0.000000000000000000e+00,-6.066940618337293145e-01,0.000000000000000000e+00,0.000000000000000000e+00,-0.000000000000000000e+00,-0.000000000000000000e+00,0.000000000000000000e+00,0.000000000000000000e+00,0.000000000000000000e+00,-0.000000000000000000e+00,-0.000000000000000000e+00,-1.302203480591409279e-01,0.000000000000000000e+00,-5.466785163476037962e-02,-0.000000000000000000e+00,-0.000000000000000000e+00,-0.000000000000000000e+00,-0.000000000000000000e+00,0.000000000000000000e+00,-0.000000000000000000e+00,-2.165606692977646852e-01,-0.000000000000000000e+00,0.000000000000000000e+00,3.827968440854390142e-02
-0.000000000000000000e+00,-4.595286494329239163e-02,-1.091968852898689835e-01,-0.000000000000000000e+00,-0.000000000000000000e+00,0.000000000000000000e+00,-0.000000000000000000e+00,0.000000000000000000e+00,-3.134634191816026982e-02,-3.958544361362492658e-01,-0.000000000000000000e+00,1.478419942811473931e+00,0.000000000000000000e+00,-0.000000000000000000e+00,-4.046508701089494842e-02,-0.000000000000000000e+00,-0.000000000000000000e+00,-4.081813118920404881e-02,-0.000000000000000000e+00,0.000000000000000000e+00,0.000000000000000000e+00,-0.000000000000000000e+00,-0.000000000000000000e+00,-0.000000000000000000e+00,-0.000000000000000000e+00,-0.000000000000000000e+00,-1.170959271369855365e-01,-0.000000000000000000e+00,0.000000000000000000e+00,-2.343014294388828800e-01,-0.000000000000000000e+00,-0.000000000000000000e+00,-0.000000000000000000e+00,-0.000000000000000000e+00,-0.000000000000000000e+00,-0.000000000000000000e+00,0.000000000000000000e+00,-6.903957634693672074e-02,-2.119777225069681414e-01
1.120912314341539207e-01,0.000000000000000000e+00,-0.000000000000000000e+00,1.025890102477811181e-03,-0.000000000000000000e+00,-8.922864628297653977e-02,0.000000000000000000e+00,0.000000000000000000e+00,3.504351031868729177e-02,-0.000000000000000000e+00,-1.130048455167260036e-03,0.000000000000000000e+00,1.302741232978939845e+00,-0.000000000000000000e+00,0.000000000000000000e+00,-0.000000000000000000e+00,-0.000000000000000000e+00,0.000000000000000000e+00,0.000000000000000000e+00,-0.000000000000000000e+00,-3.607366477978675157e-01,-9.359612222257930603e-02,0.000000000000000000e+00,0.000000000000000000e+00,-0.000000000000000000e+00,-0.000000000000000000e+00,-2.727824359480922611e-01,0.000000000000000000e+00,-0.000000000000000000e+00,0.000000000000000000e+00,-1.177658716583681979e-02,-0.000000000000000000e+00,-0.000000000000000000e+00,0.000000000000000000e+00,-1.684206085411567994e-02,-0.000000000000000000e+00,-0.000000000000000000e+00,1.381782634193618464e-01,2.126145084387651499e-02
-9.228180832973623127e-03,-5.791901493082462354e-02,-9.569854864815756368e-02,-0.000000000000000000e+00,-0.000000000000000000e+00,0.000000000000000000e+00,-0.000000000000000000e+00,0.000000000000000000e+00,-0.000000000000000000e+00,-0.000000000000000000e+00,-0.000000000000000000e+00,-0.000000000000000000e+00,-0.000000000000000000e+00,1.915287695716323402e+00,-0.000000000000000000e+00,-0.000000000000000000e+00,-0.000000000000000000e+00,-0.000000000000000000e+00,-0.000000000000000000e+00,-1.245380046959438797e-01,-0.000000000000000000e+00,-0.000000000000000000e+00,-3.608027080460798341e-01,-3.831101809604901542e-01,-1.506133565228016669e-01,-1.782193984607770565e-01,-0.000000000000000000e+00,-1.225312976702835205e-01,-0.000000000000000000e+00,-0.000000000000000000e+00,-2.036300587460630751e-01,-2.814864718734173543e-01,-0.000000000000000000e+00,-0.000000000000000000e+00,-1.883693150097922875e-01,-0.000000000000000000e+00,-9.381460884200351624e-02,-0.000000000000000000e+00,-0.000000000000000000e+00
-0.000000000000000000e+00,-0.000000000000000000e+00,-0.000000000000000000e+00,-8.923441941733846472e-02,-0.000000000000000000e+00,1.714520249842846900e-01,-2.534198820377298600e-01,-0.000000000000000000e+00,-1.400429750911469373e-01,-0.000000000000000000e+00,0.000000000000000000e+00,-4.046508701089494842e-02,0.000000000000000000e+00,-0.000000000000000000e+00,1.647377687462522333e+00,-0.000000000000000000e+00,0.000000000000000000e+00,-8.437163315811480047e-02,-0.000000000000000000e+00,-0.000000000000000000e+00,0.000000000000000000e+00,-0.000000000000000000e+00,-1.190623186366084885e-01,-1.546500068901089132e-02,-1.567854407945210027e-01,-0.000000000000000000e+00,0.000000000000000000e+00,-3.425110168752578538e-02,0.000000000000000000e+00,-1.143687557804569793e-01,0.000000000000000000e+00,-0.000000000000000000e+00,-0.000000000000000000e+00,-0.000000000000000000e+00,0.000000000000000000e+00,0.000000000000000000e+00,0.000000000000000000e+00,-0.000000000000000000e+00,-2.574083278676116415e-01
-0.000000000000000000e+00,-0.000000000000000000e+00,-0.000000000000000000e+00,-0.000000000000000000e+00,-0.000000000000000000e+00,0.000000000000000000e+00,-0.000000000000000000e+00,0.000000000000000000e+00,-0.000000000000000000e+00,-6.340947825529266169e-01,-0.000000000000000000e+00,-0.000000000000000000e+00,-0.000000000000000000e+00,-0.000000000000000000e+00,-0.000000000000000000e+00,1.668830147124453767e+00,-0.000000000000000000e+00,-0.000000000000000000e+00,-0.000000000000000000e+00,-0.000000000000000000e+00,-0.000000000000000000e+00,-0.000000000000000000e+00,-0.000000000000000000e+00,-0.000000000000000000e+00,-3.061753155841281937e-01,-0.000000000000000000e+00,-0.000000000000000000e+00,-7.040758851192074896e-02,-0.000000000000000000e+00,-3.436239427371746147e-01,0.000000000000000000e+00,-0.000000000000000000e+00,-0.000000000000000000e+00,0.000000000000000000e+00,-0.000000000000000000e+00,-0.000000000000000000e+00,-0.000000000000000000e+00,-0.000000000000000000e+00,-0.000000000000000000e+00
-0.000000000000000000e+00,-0.000000000000000000e+00,-0.000000000000000000e+00,0.000000000000000000e+00,-0.000000000000000000e+00,-0.000000000000000000e+00,0.000000000000000000e+00,0.000000000000000000e+00,0.000000000000000000e+00,-0.000000000000000000e+00,-6.066940618337293145e-01,-0.000000000000000000e+00,-0.000000000000000000e+00,-0.000000000000000000e+00,0.000000000000000000e+00,-0.000000000000000000e+00,1.424702129827257524e+00,0.000000000000000000e+00,0.000000000000000000e+00,-0.000000000000000000e+00,-0.000000000000000000e+00,-0.000000000000000000e+00,-0.000000000000000000e+00,-0.000000000000000000e+00,-1.677853985143341886e-02,-2.509650637121584038e-02,-2.035157492110416938e-02,-0.000000000000000000e+00,-1.542940547384614447e-01,-0.000000000000000000e+00,-0.000000000000000000e+00,-1.048958373237392355e-01,-0.000000000000000000e+00,0.000000000000000000e+00,-1.052170780445735310e-01,-0.000000000000000000e+00,-1.315606417989176880e-01,0.000000000000000000e+00,0.000000000000000000e+00
-2.599999191895214778e-01,-2.225783836709575580e-01,-0.000000000000000000e+00,-3.492067405245383727e-01,-9.094248390085257761e-02,0.000000000000000000e+00,-5.037588214813960158e-02,0.000000000000000000e+00,-2.982565321805774050e-01,-0.000000000000000000e+00,0.000000000000000000e+00,-4.081813118920404881e-02,0.000000000000000000e+00,-0.000000000000000000e+00,-8.437163315811480047e-02,-0.000000000000000000e+00,0.000000000000000000e+00,2.688827143400070785e+00,-5.478720707226838460e-01,-0.000000000000000000e+00,0.000000000000000000e+00,-0.000000000000000000e+00,-0.000000000000000000e+00,-0.000000000000000000e+00,-0.000000000000000000e+00,-0.000000000000000000e+00,-0.000000000000000000e+00,-2.050385451611545090e-03,0.000000000000000000e+00,-0.000000000000000000e+00,-0.000000000000000000e+00,-0.000000000000000000e+00,-0.000000000000000000e+00,-1.536119006400588072e-01,0.000000000000000000e+00,0.000000000000000000e+00,0.000000000000000000e+00,-3.440553657928947517e-01,-3.660710730420806969e-01
-5.425913635948689112e-02,-2.528646766370351018e-01,-0.000000000000000000e+00,-1.132939821863838820e-01,-1.980972352990221785e-01,0.000000000000000000e+00,-3.082698082830166442e-01,0.000000000000000000e+00,-3.967094994161534105e-01,-0.000000000000000000e+00,0.000000000000000000e+00,-0.000000000000000000e+00,0.000000000000000000e+00,-0.000000000000000000e+00,-0.000000000000000000e+00,-0.000000000000000000e+00,0.000000000000000000e+00,-5.478720707226838460e-01,2.435674354893086591e+00,-0.000000000000000000e+00,0.000000000000000000e+00,-0.000000000000000000e+00,-0.000000000000000000e+00,-1.034147329888921302e-01,-0.000000000000000000e+00,-0.000000000000000000e+00,-0.000000000000000000e+00,-0.000000000000000000e+00,0.000000000000000000e+00,-0.000000000000000000e+00,-0.000000000000000000e+00,-0.000000000000000000e+00,-0.000000000000000000e+00,-2.010220752044994674e-01,0.000000000000000000e+00,0.000000000000000000e+00,0.000000000000000000e+00,-9.179550067137989822e-02,-2.341371625545609070e-01
-0.000000000000000000e+00,-0.000000000000000000e+00,-0.000000000000000000e+00,-0.000000000000000000e+00,-0.000000000000000000e+00,0.000000000000000000e+00,-4.668709552839035021e-03,0.000000000000000000e+00,0.000000000000000000e+00,-0.000000000000000000e+00,-0.000000000000000000e+00,0.000000000000000000e+00,-0.000000000000000000e+00,-1.245380046959438797e-01,-0.000000000000000000e+00,-0.000000000000000000e+00,-0.000000000000000000e+00,-0.000000000000000000e+00,-0.000000000000000000e+00,1.385569096571970471e+00,-4.509435643440455610e-02,-4.471742617220760829e-01,-1.064184753029989543e-02,-0.000000000000000000e+00,-0.000000000000000000e+00,-0.000000000000000000e+00,-0.000000000000000000e+00,-2.608268754252341184e-02,-7.629853545956856442e-02,-6.034313961647963520e-02,-0.000000000000000000e+00,-2.922961904297692315e-01,-0.000000000000000000e+00,-0.000000000000000000e+00,-0.000000000000000000e+00,-0.000000000000000000e+00,-0.000000000000000000e+00,0.000000000000000000e+00,0.000000000000000000e+00
0.000000000000000000e+00,0.000000000000000000e+00,-1.781037196059807523e-02,0.000000000000000000e+00,-0.000000000000000000e+00,-1.079415935196987577e-03,0.000000000000000000e+00,6.910431195903751767e-02,1.655939955025471644e-01,-0.000000000000000000e+00,-0.000000000000000000e+00,0.000000000000000000e+00,-3.607366477978675157e-01,-0.000000000000000000e+00,0.000000000000000000e+00,-0.000000000000000000e+00,-0.000000000000000000e+00,0.000000000000000000e+00,0.000000000000000000e+00,-4.509435643440455610e-02,1.618622775806218606e+00,-2.991171264790219442e-01,0.000000000000000000e+00,0.000000000000000000e+00,-0.000000000000000000e+00,-0.000000000000000000e+00,-0.000000000000000000e+00,0.000000000000000000e+00,-9.285790890331219183e-02,0.000000000000000000e+00,-0.000000000000000000e+00,-0.000000000000000000e+00,-4.034178496308448714e-01,0.000000000000000000e+00,-0.000000000000000000e+00,-2.801470193976698941e-01,-0.000000000000000000e+00,8.019898692314912647e-02,9.143210051565152374e-02
-0.000000000000000000e+00,-0.000000000000000000e+00,-3.310299525818337085e-01,-0.000000000000000000e+00,-0.000000000000000000e+00,0.000000000000000000e+00,-1.377511148358086246e-01,0.000000000000000000e+00,-0.000000000000000000e+00,-0.000000000000000000e+00,0.000000000000000000e+00,-0.000000000000000000e+00,-9.359612222257930603e-02,-0.000000000000000000e+00,-0.000000000000000000e+00,-0.000000000000000000e+00,-0.000000000000000000e+00,-0.000000000000000000e+00,-0.000000000000000000e+00,-4.471742617220760829e-01,-2.991171264790219442e-01,1.581696660093386164e+00,-0.000000000000000000e+00,-0.000000000000000000e+00,-1.163470769336647642e-01,-0.000000000000000000e+00,-0.000000000000000000e+00,-0.000000000000000000e+00,-0.000000000000000000e+00,-0.000000000000000000e+00,-0.000000000000000000e+00,-0.000000000000000000e+00,-1.609042042106346992e-01,0.000000000000000000e+00,-0.000000000000000000e+00,-0.000000000000000000e+00,-0.000000000000000000e+00,0.000000000000000000e+00,-0.000000000000000000e+00
-1.370756416422287127e-01,-2.445407823122793256e-01,-0.000000000000000000e+00,-3.488392829810676998e-01,-0.000000000000000000e+00,0.000000000000000000e+00,-3.161810350818313742e-01,-0.000000000000000000e+00,-0.000000000000000000e+00,-0.000000000000000000e+00,0.000000000000000000e+00,-0.000000000000000000e+00,0.000000000000000000e+00,-3.608027080460798341e-01,-1.190623186366084885e-01,-0.000000000000000000e+00,-0.000000000000000000e+00,-0.000000000000000000e+00,-0.000000000000000000e+00,-1.064184753029989543e-02,0.000000000000000000e+00,-0.000000000000000000e+00,2.380142727247430035e+00,-4.290817765734023514e-01,-5.153356814663351271e-01,-0.000000000000000000e+00,-0.000000000000000000e+00,-0.000000000000000000e+00,-0.000000000000000000e+00,-5.507682171683263295e-02,-0.000000000000000000e+00,-5.906066103733036837e-02,-0.000000000000000000e+00,-0.000000000000000000e+00,-0.000000000000000000e+00,0.000000000000000000e+00,-0.000000000000000000e+00,-0.000000000000000000e+00,-0.000000000000000000e+00
-2.747813848297374073e-01,-6.996643695618698366e-02,-0.000000000000000000e+00,-3.767300555791638916e-02,-0.000000000000000000e+00,0.000000000000000000e+00,-8.509805427101238551e-02,-0.000000000000000000e+00,-1.223216152270966278e-01,-0.000000000000000000e+00,0.000000000000000000e+00,-0.000000000000000000e+00,0.000000000000000000e+00,-3.831101809604901542e-01,-1.546500068901089132e-02,-0.000000000000000000e+00,-0.000000000000000000e+00,-0.000000000000000000e+00,-1.034147329888921302e-01,-0.000000000000000000e+00,0.000000000000000000e+00,-0.000000000000000000e+00,-4.290817765734023514e-01,1.797552419090451270e+00,-0.000000000000000000e+00,-0.000000000000000000e+00,0.000000000000000000e+00,-1.829703165809857743e-02,-0.000000000000000000e+00,-0.000000000000000000e+00,-0.000000000000000000e+00,-0.000000000000000000e+00,0.000000000000000000e+00,-0.000000000000000000e+00,-0.000000000000000000e+00,1.001808019970366337e-01,-0.000000000000000000e+00,-3.761383142409729929e-02,-0.000000000000000000e+00
-0.000000000000000000e+00,-0.000000000000000000e+00,-1.101683538166709289e-02,-0.000000000000000000e+00,-0.000000000000000000e+00,0.000000000000000000e+00,-0.000000000000000000e+00,0.000000000000000000e+00,-0.000000000000000000e+00,-4.147806417163920623e-01,-0.000000000000000000e+00,-0.000000000000000000e+00,-0.000000000000000000e+00,-1.506133565228016669e-01,-1.567854407945210027e-01,-3.061753155841281937e-01,-1.677853985143341886e-02,-0.000000000000000000e+00,-0.000000000000000000e+00,-0.000000000000000000e+00,-0.000000000000000000e+00,-1.163470769336647642e-01,-5.153356814663351271e-01,-0.000000000000000000e+00,1.822118088637876721e+00,-0.000000000000000000e+00,-0.000000000000000000e+00,-0.000000000000000000e+00,-0.000000000000000000e+00,-6.744862861287079236e-02,-0.000000000000000000e+00,-4.763394625875810862e-02,-0.000000000000000000e+00,0.000000000000000000e+00,-0.000000000000000000e+00,-0.000000000000000000e+00,-0.000000000000000000e+00,-0.000000000000000000e+00,-0.000000000000000000e+00
-2.265934608599294575e-01,-1.517579438586169893e-01,-3.360955817748233210e-02,-0.000000000000000000e+00,-0.000000000000000000e+00,0.000000000000000000e+00,-0.000000000000000000e+00,0.000000000000000000e+00,-0.000000000000000000e+00,-0.000000000000000000e+00,-0.000000000000000000e+00,-0.000000000000000000e+00,-0.000000000000000000e+00,-1.782193984607770565e-01,-0.000000000000000000e+00,-0.000000000000000000e+00,-2.509650637121584038e-02,-0.000000000000000000e+00,-0.000000000000000000e+00,-0.000000000000000000e+00,-0.000000000000000000e+00,-0.000000000000000000e+00,-0.000000000000000000e+00,-0.000000000000000000e+00,-0.000000000000000000e+00,1.503176637360412071e+00,-4.356338581658957265e-01,-2.898190879076311677e-01,-0.000000000000000000e+00,-0.000000000000000000e+00,-0.000000000000000000e+00,-0.000000000000000000e+00,-0.000000000000000000e+00,-0.000000000000000000e+00,-0.000000000000000000e+00,-0.000000000000000000e+00,-0.000000000000000000e+00,-1.615682083147949866e-02,-0.000000000000000000e+00
-0.000000000000000000e+00,-0.000000000000000000e+00,-7.364350607200127741e-02,0.000000000000000000e+00,-0.000000000000000000e+00,-0.000000000000000000e+00,0.000000000000000000e+00,0.000000000000000000e+00,0.000000000000000000e+00,-0.000000000000000000e+00,-1.302203480591409279e-01,-1.170959271369855365e-01,-2.727824359480922611e-01,-0.000000000000000000e+00,0.000000000000000000e+00,-0.000000000000000000e+00,-2.035157492110416938e-02,-0.000000000000000000e+00,-0.000000000000000000e+00,-0.000000000000000000e+00,-0.000000000000000000e+00,-0.000000000000000000e+00,-0.000000000000000000e+00,0.000000000000000000e+00,-0.000000000000000000e+00,-4.356338581658957265e-01,1.455890740724869348e+00,-0.000000000000000000e+00,-1.197896606705344397e-01,-0.000000000000000000e+00,-2.524359123314949271e-01,-3.634557055567975287e-02,-0.000000000000000000e+00,-0.000000000000000000e+00,-0.000000000000000000e+00,-1.468729785042973413e-01,-0.000000000000000000e+00,-0.000000000000000000e+00,0.000000000000000000e+00
-1.332516687172436431e-01,-0.000000000000000000e+00,-0.000000000000000000e+00,-0.000000000000000000e+00,-0.000000000000000000e+00,0.000000000000000000e+00,-0.000000000000000000e+00,0.000000000000000000e+00,-0.000000000000000000e+00,-0.000000000000000000e+00,0.000000000000000000e+00,-0.000000000000000000e+00,0.000000000000000000e+00,-1.225312976702835205e-01,-3.425110168752578538e-02,-7.040758851192074896e-02,-0.000000000000000000e+00,-2.050385451611545090e-03,-0.000000000000000000e+00,-2.608268754252341184e-02,0.000000000000000000e+00,-0.000000000000000000e+00,-0.000000000000000000e+00,-1.829703165809857743e-02,-0.000000000000000000e+00,-2.898190879076311677e-01,-0.000000000000000000e+00,1.453662795718919210e+00,-0.000000000000000000e+00,-4.382385412250655587e-01,-7.673835768269308966e-02,-0.000000000000000000e+00,-0.000000000000000000e+00,-0.000000000000000000e+00,-0.000000000000000000e+00,0.000000000000000000e+00,-0.000000000000000000e+00,-0.000000000000000000e+00,-0.000000000000000000e+00
-0.000000000000000000e+00,-0.000000000000000000e+00,-2.320953568589983335e-02,0.000000000000000000e+00,-0.000000000000000000e+00,-0.000000000000000000e+00,0.000000000000000000e+00,0.000000000000000000e+00,0.000000000000000000e+00,-0.000000000000000000e+00,-5.466785163476037962e-02,0.000000000000000000e+00,-0.000000000000000000e+00,-0.000000000000000000e+00,0.000000000000000000e+00,-0.000000000000000000e+00,-1.542940547384614447e-01,0.000000000000000000e+00,0.000000000000000000e+00,-7.629853545956856442e-02,-9.285790890331219183e-02,-0.000000000000000000e+00,-0.000000000000000000e+00,-0.000000000000000000e+00,-0.000000000000000000e+00,-0.000000000000000000e+00,-1.197896606705344397e-01,-0.000000000000000000e+00,1.405151701968030409e+00,0.000000000000000000e+00,-0.000000000000000000e+00,-4.829945522004672198e-01,-0.000000000000000000e+00,0.000000000000000000e+00,-0.000000000000000000e+00,-1.015719707103890021e-02,-1.704282343304997505e-01,0.000000000000000000e+00,0.000000000000000000e+00
-0.000000000000000000e+00,-0.000000000000000000e+00,-0.000000000000000000e+00,-8.334811536669486931e-02,-0.000000000000000000e+00,0.000000000000000000e+00,-2.251579545195938892e-01,-0.000000000000000000e+00,-0.000000000000000000e+00,-4.055499089475348568e-02,-0.000000000000000000e+00,-2.343014294388828800e-01,0.000000000000000000e+00,-0.000000000000000000e+00,-1.143687557804569793e-01,-3.436239427371746147e-01,-0.000000000000000000e+00,-0.000000000000000000e+00,-0.000000000000000000e+00,-6.034313961647963520e-02,0.000000000000000000e+00,-0.000000000000000000e+00,-5.507682171683263295e-02,-0.000000000000000000e+00,-6.744862861287079236e-02,-0.000000000000000000e+00,-0.000000000000000000e+00,-4.382385412250655587e-01,0.000000000000000000e+00,1.688020741261958779e+00,-0.000000000000000000e+00,-0.000000000000000000e+00,-0.000000000000000000e+00,-0.000000000000000000e+00,-0.000000000000000000e+00,0.000000000000000000e+00,-0.000000000000000000e+00,-0.000000000000000000e+00,-0.000000000000000000e+00
-0.000000000000000000e+00,-0.000000000000000000e+00,-0.000000000000000000e+00,0.000000000000000000e+00,-2.841497007100720618e-01,-0.000000000000000000e+00,-0.000000000000000000e+00,3.931347028654522124e-02,-0.000000000000000000e+00,-0.000000000000000000e+00,-0.000000000000000000e+00,-0.000000000000000000e+00,-1.177658716583681979e-02,-2.036300587460630751e-01,0.000000000000000000e+00,0.000000000000000000e+00,-0.000000000000000000e+00,-0.000000000000000000e+00,-0.000000000000000000e+00,-0.000000000000000000e+00,-0.000000000000000000e+00,-0.000000000000000000e+00,-0.000000000000000000e+00,-0.000000000000000000e+00,-0.000000000000000000e+00,-0.000000000000000000e+00,-2.524359123314949271e-01,-7.673835768269308966e-02,-0.000000000000000000e+00,-0.000000000000000000e+00,1.266010170214038277e+00,-4.246316634791949540e-02,-0.000000000000000000e+00,-0.000000000000000000e+00,-0.000000000000000000e+00,-0.000000000000000000e+00,-0.000000000000000000e+00,-0.000000000000000000e+00,0.000000000000000000e+00
-0.000000000000000000e+00,-0.000000000000000000e+00,-8.380255585971463361e-02,-0.000000000000000000e+00,-0.000000000000000000e+00,-0.000000000000000000e+00,-0.000000000000000000e+00,0.000000000000000000e+00,0.000000000000000000e+00,-0.000000000000000000e+00,-0.000000000000000000e+00,-0.000000000000000000e+00,-0.000000000000000000e+00,-2.814864718734173543e-01,-0.000000000000000000e+00,-0.000000000000000000e+00,-1.048958373237392355e-01,-0.000000000000000000e+00,-0.000000000000000000e+00,-2.922961904297692315e-01,-0.000000000000000000e+00,-0.000000000000000000e+00,-5.906066103733036837e-02,-0.000000000000000000e+00,-4.763394625875810862e-02,-0.000000000000000000e+00,-3.634557055567975287e-02,-0.000000000000000000e+00,-4.829945522004672198e-01,-0.000000000000000000e+00,-4.246316634791949540e-02,1.727943460819615806e+00,-0.000000000000000000e+00,0.000000000000000000e+00,-2.781689681627717015e-01,-0.000000000000000000e+00,-1.554700617899235360e-01,0.000000000000000000e+00,0.000000000000000000e+00
-0.000000000000000000e+00,-0.000000000000000000e+00,-4.559941546635207787e-01,-0.000000000000000000e+00,-0.000000000000000000e+00,-0.000000000000000000e+00,-0.000000000000000000e+00,2.649149560089792965e-01,-0.000000000000000000e+00,-5.474313317052569017e-02,-0.000000000000000000e+00,-0.000000000000000000e+00,-0.000000000000000000e+00,-0.000000000000000000e+00,-0.000000000000000000e+00,-0.000000000000000000e+00,-0.000000000000000000e+00,-0.000000000000000000e+00,-0.000000000000000000e+00,-0.000000000000000000e+00,-4.034178496308448714e-01,-1.609042042106346992e-01,-0.000000000000000000e+00,0.000000000000000000e+00,-0.000000000000000000e+00,-0.000000000000000000e+00,-0.000000000000000000e+00,-0.000000000000000000e+00,-0.000000000000000000e+00,-0.000000000000000000e+00,-0.000000000000000000e+00,-0.000000000000000000e+00,1.597759115444792988e+00,-0.000000000000000000e+00,-0.000000000000000000e+00,-1.523340791825688115e-02,-0.000000000000000000e+00,-0.000000000000000000e+00,-0.000000000000000000e+00
-0.000000000000000000e+00,-0.000000000000000000e+00,-0.000000000000000000e+00,-0.000000000000000000e+00,-3.966898512882132688e-01,0.000000000000000000e+00,-0.000000000000000000e+00,0.000000000000000000e+00,-3.666528764826301190e-01,0.000000000000000000e+00,0.000000000000000000e+00,-0.000000000000000000e+00,0.000000000000000000e+00,-0.000000000000000000e+00,-0.000000000000000000e+00,0.000000000000000000e+00,0.000000000000000000e+00,-1.536119006400588072e-01,-2.010220752044994674e-01,-0.000000000000000000e+00,0.000000000000000000e+00,0.000000000000000000e+00,-0.000000000000000000e+00,-0.000000000000000000e+00,0.000000000000000000e+00,-0.000000000000000000e+00,-0.000000000000000000e+00,-0.000000000000000000e+00,0.000000000000000000e+00,-0.000000000000000000e+00,-0.000000000000000000e+00,0.000000000000000000e+00,-0.000000000000000000e+00,1.604469674994145167e+00,0.000000000000000000e+00,0.000000000000000000e+00,0.000000000000000000e+00,-6.278515426789357812e-02,-9.128940096153409511e-02
-0.000000000000000000e+00,-0.000000000000000000e+00,-0.000000000000000000e+00,0.000000000000000000e+00,-0.000000000000000000e+00,-0.000000000000000000e+00,-0.000000000000000000e+00,0.000000000000000000e+00,0.000000000000000000e+00,-0.000000000000000000e+00,-0.000000000000000000e+00,-0.000000000000000000e+00,-1.684206085411567994e-02,-1.883693150097922875e-01,0.000000000000000000e+00,-0.000000000000000000e+00,-1.052170780445735310e-01,0.000000000000000000e+00,0.000000000000000000e+00,-0.000000000000000000e+00,-0.000000000000000000e+00,-0.000000000000000000e+00,-0.000000000000000000e+00,-0.000000000000000000e+00,-0.000000000000000000e+00,-0.000000000000000000e+00,-0.000000000000000000e+00,-0.000000000000000000e+00,-0.000000000000000000e+00,-0.000000000000000000e+00,-0.000000000000000000e+00,-2.781689681627717015e-01,-0.000000000000000000e+00,0.000000000000000000e+00,1.598614730145415219e+00,-0.000000000000000000e+00,-7.079808125178974620e-01,0.000000000000000000e+00,0.000000000000000000e+00
0.000000000000000000e+00,-0.000000000000000000e+00,-0.000000000000000000e+00,0.000000000000000000e+00,0.000000000000000000e+00,-0.000000000000000000e+00,6.023348983252257982e-02,1.864847568324996818e-01,0.000000000000000000e+00,-0.000000000000000000e+00,-2.165606692977646852e-01,-0.000000000000000000e+00,-0.000000000000000000e+00,-0.000000000000000000e+00,0.000000000000000000e+00,-0.000000000000000000e+00,-0.000000000000000000e+00,0.000000000000000000e+00,0.000000000000000000e+00,-0.000000000000000000e+00,-2.801470193976698941e-01,-0.000000000000000000e+00,0.000000000000000000e+00,1.001808019970366337e-01,-0.000000000000000000e+00,-0.000000000000000000e+00,-1.468729785042973413e-01,0.000000000000000000e+00,-1.015719707103890021e-02,0.000000000000000000e+00,-0.000000000000000000e+00,-0.000000000000000000e+00,-1.523340791825688115e-02,0.000000000000000000e+00,-0.000000000000000000e+00,1.239829209968755785e+00,-0.000000000000000000e+00,0.000000000000000000e+00,0.000000000000000000e+00
-0.000000000000000000e+00,-0.000000000000000000e+00,-0.000000000000000000e+00,-0.000000000000000000e+00,-0.000000000000000000e+00,-0.000000000000000000e+00,-0.000000000000000000e+00,0.000000000000000000e+00,0.000000000000000000e+00,-0.000000000000000000e+00,-0.000000000000000000e+00,0.000000000000000000e+00,-0.000000000000000000e+00,-9.381460884200351624e-02,0.000000000000000000e+00,-0.000000000000000000e+00,-1.315606417989176880e-01,0.000000000000000000e+00,0.000000000000000000e+00,-0.000000000000000000e+00,-0.000000000000000000e+00,-0.000000000000000000e+00,-0.000000000000000000e+00,-0.000000000000000000e+00,-0.000000000000000000e+00,-0.000000000000000000e+00,-0.000000000000000000e+00,-0.000000000000000000e+00,-1.704282343304997505e-01,-0.000000000000000000e+00,-0.000000000000000000e+00,-1.554700617899235360e-01,-0.000000000000000000e+00,0.000000000000000000e+00,-7.079808125178974620e-01,-0.000000000000000000e+00,1.570321970387277943e+00,0.000000000000000000e+00,0.000000000000000000e+00
-3.725573725602430719e-01,-9.001605403547739692e-02,-0.000000000000000000e+00,-0.000000000000000000e+00,-0.000000000000000000e+00,0.000000000000000000e+00,-0.000000000000000000e+00,0.000000000000000000e+00,-6.766195776910021165e-01,-0.000000000000000000e+00,0.000000000000000000e+00,-6.903957634693672074e-02,1.381782634193618464e-01,-0.000000000000000000e+00,-0.000000000000000000e+00,-0.000000000000000000e+00,0.000000000000000000e+00,-3.440553657928947517e-01,-9.179550067137989822e-02,0.000000000000000000e+00,8.019898692314912647e-02,0.000000000000000000e+00,-0.000000000000000000e+00,-3.761383142409729929e-02,-0.000000000000000000e+00,-1.615682083147949866e-02,-0.000000000000000000e+00,-0.000000000000000000e+00,0.000000000000000000e+00,-0.000000000000000000e+00,-0.000000000000000000e+00,0.000000000000000000e+00,-0.000000000000000000e+00,-6.278515426789357812e-02,0.000000000000000000e+00,0.000000000000000000e+00,0.000000000000000000e+00,2.364398764822838395e+00,-4.088171457043446866e-01
-0.000000000000000000e+00,-7.690534486752355348e-02,-0.000000000000000000e+00,-2.368271929741405657e-01,-0.000000000000000000e+00,1.147054274339815022e-01,-1.013725283071263000e-01,-0.000000000000000000e+00,-5.302988425656364191e-01,-0.000000000000000000e+00,3.827968440854390142e-02,-2.119777225069681414e-01,2.126145084387651499e-02,-0.000000000000000000e+00,-2.574083278676116415e-01,-0.000000000000000000e+00,0.000000000000000000e+00,-3.660710730420806969e-01,-2.341371625545609070e-01,0.000000000000000000e+00,9.143210051565152374e-02,-0.000000000000000000e+00,-0.000000000000000000e+00,-0.000000000000000000e+00,-0.000000000000000000e+00,-0.000000000000000000e+00,0.000000000000000000e+00,-0.000000000000000000e+00,0.000000000000000000e+00,-0.000000000000000000e+00,0.000000000000000000e+00,0.000000000000000000e+00,-0.000000000000000000e+00,-9.128940096153409511e-02,0.000000000000000000e+00,0.000000000000000000e+00,0.000000000000000000e+00,-4.088171457043446866e-01,2.544690758885221449e+00
