1.850086452740659082e+00,-2.800846950066993024e-01,-0.000000000000000000e+00,0.000000000000000000e+00,-0.000000000000000000e+00,-0.000000000000000000e+00,-0.000000000000000000e+00,0.000000000000000000e+00,-0.000000000000000000e+00,-6.600715227401918531e-03,0.000000000000000000e+00,0.000000000000000000e+00,0.000000000000000000e+00,-0.000000000000000000e+00,-0.000000000000000000e+00,-1.620811294860558527e-01,-0.000000000000000000e+00,0.000000000000000000e+00,0.000000000000000000e+00,-0.000000000000000000e+00,-1.241437689115715143e-01,-0.000000000000000000e+00,-0.000000000000000000e+00,-0.000000000000000000e+00,-3.547600901657863709e-02,-1.051700965687450001e-02,-0.000000000000000000e+00,-7.555714683546739252e-01,-0.000000000000000000e+00,-2.415017689595983230e-01,-0.000000000000000000e+00,-0.000000000000000000e+00,-0.000000000000000000e+00,-0.000000000000000000e+00,-0.000000000000000000e+00,-0.000000000000000000e+00,-0.000000000000000000e+00,-0.000000000000000000e+00,-0.000000000000000000e+00
-2.800846950066993024e-01,1.916696101832366050e+00,-0.000000000000000000e+00,0.000000000000000000e+00,-0.000000000000000000e+00,-1.162030334916267504e-01,-0.000000000000000000e+00,0.000000000000000000e+00,0.000000000000000000e+00,-0.000000000000000000e+00,0.000000000000000000e+00,0.000000000000000000e+00,-0.000000000000000000e+00,-0.000000000000000000e+00,-0.000000000000000000e+00,-0.000000000000000000e+00,-0.000000000000000000e+00,-0.000000000000000000e+00,8.497955200415188703e-02,-1.286494054720136726e-01,-0.000000000000000000e+00,-0.000000000000000000e+00,-0.000000000000000000e+00,-0.000000000000000000e+00,-0.000000000000000000e+00,-0.000000000000000000e+00,-0.000000000000000000e+00,-2.054845567773687931e-01,-4.575592459994394789e-01,-5.492561798974621157e-01,-1.087974827083390550e-01,-2.025354129325816158e-03,-0.000000000000000000e+00,0.000000000000000000e+00,-4.890538328658587675e-02,-0.000000000000000000e+00,-5.331152030264219022e-02,0.000000000000000000e+00,-0.000000000000000000e+00
-0.000000000000000000e+00,-0.000000000000000000e+00,3.247956539499532891e+00,0.000000000000000000e+00,-6.969622245625014534e-01,-0.000000000000000000e+00,-0.000000000000000000e+00,1.171904210263958745e+00,-0.000000000000000000e+00,-4.423413623479306722e-02,0.000000000000000000e+00,0.000000000000000000e+00,-0.000000000000000000e+00,-8.597541240494112336e-02,-0.000000000000000000e+00,-0.000000000000000000e+00,-0.000000000000000000e+00,0.000000000000000000e+00,0.000000000000000000e+00,-0.000000000000000000e+00,-5.628167497913773021e-01,-0.000000000000000000e+00,-0.000000000000000000e+00,-0.000000000000000000e+00,-0.000000000000000000e+00,-1.697154913924486253e-01,-0.000000000000000000e+00,-0.000000000000000000e+00,-0.000000000000000000e+00,-8.702934144779041203e-02,-0.000000000000000000e+00,-0.000000000000000000e+00,-3.488118744044558794e-01,-3.035749647887524549e-01,0.000000000000000000e+00,-0.000000000000000000e+00,-0.000000000000000000e+00,-0.000000000000000000e+00,-0.000000000000000000e+00
0.000000000000000000e+00,0.000000000000000000e+00,0.000000000000000000e+00,1.134739166686321354e+00,-0.000000000000000000e+00,0.000000000000000000e+00,-1.005881136284454830e-01,-0.000000000000000000e+00,-4.585558756909500350e-03,-0.000000000000000000e+00,-3.446968636649476447e-02,0.000000000000000000e+00,-0.000000000000000000e+00,-0.000000000000000000e+00,4.579166788103634922e-02,0.000000000000000000e+00,-0.000000000000000000e+00,-3.541035781878126287e-01,-0.000000000000000000e+00,0.000000000000000000e+00,0.000000000000000000e+00,-0.000000000000000000e+00,0.000000000000000000e+00,-0.000000000000000000e+00,0.000000000000000000e+00,0.000000000000000000e+00,0.000000000000000000e+00,1.527468182084579587e-02,0.000000000000000000e+00,0.000000000000000000e+00,0.000000000000000000e+00,-0.000000000000000000e+00,0.000000000000000000e+00,0.000000000000000000e+00,0.000000000000000000e+00,0.000000000000000000e+00,-2.276045980456320450e-02,-0.000000000000000000e+00,-0.000000000000000000e+00
-0.000000000000000000e+00,-0.000000000000000000e+00,-6.969622245625014534e-01,-0.000000000000000000e+00,3.071879822006023275e+00,-0.000000000000000000e+00,-0.000000000000000000e+00,8.271492275595749843e-01,-5.352827382049294425e-01,-0.000000000000000000e+00,0.000000000000000000e+00,0.000000000000000000e+00,-0.000000000000000000e+00,-5.002278860337706634e-01,-0.000000000000000000e+00,-0.000000000000000000e+00,-0.000000000000000000e+00,0.000000000000000000e+00,0.000000000000000000e+00,-0.000000000000000000e+00,-1.409012895695810688e-02,-0.000000000000000000e+00,-0.000000000000000000e+00,-0.000000000000000000e+00,-0.000000000000000000e+00,-4.840011650895371248e-02,-0.000000000000000000e+00,-0.000000000000000000e+00,-0.000000000000000000e+00,-3.288503143849472177e-02,-0.000000000000000000e+00,-8.002729865994027969e-02,-0.000000000000000000e+00,-6.105250271834677944e-01,0.000000000000000000e+00,-0.000000000000000000e+00,-1.009930558542845441e-01,-6.635921058511498952e-03,-0.000000000000000000e+00
-0.000000000000000000e+00,-1.162030334916267504e-01,-0.000000000000000000e+00,0.000000000000000000e+00,-0.000000000000000000e+00,1.259758855598121174e+00,-0.000000000000000000e+00,0.000000000000000000e+00,0.000000000000000000e+00,-0.000000000000000000e+00,-1.058711032243992746e-02,-0.000000000000000000e+00,0.000000000000000000e+00,-0.000000000000000000e+00,-0.000000000000000000e+00,-0.000000000000000000e+00,-2.895103829122676609e-01,-0.000000000000000000e+00,0.000000000000000000e+00,-0.000000000000000000e+00,-0.000000000000000000e+00,-0.000000000000000000e+00,-0.000000000000000000e+00,0.000000000000000000e+00,0.000000000000000000e+00,-1.065431037465047227e-02,-0.000000000000000000e+00,-0.000000000000000000e+00,-2.554955679034665028e-01,-0.000000000000000000e+00,-0.000000000000000000e+00,-1.135137635089118330e-01,-0.000000000000000000e+00,-0.000000000000000000e+00,-0.000000000000000000e+00,-0.000000000000000000e+00,-7.642299345141268126e-05,0.000000000000000000e+00,-0.000000000000000000e+00
-0.000000000000000000e+00,-0.000000000000000000e+00,-0.000000000000000000e+00,-1.005881136284454830e-01,-0.000000000000000000e+00,-0.000000000000000000e+00,1.346457959626483625e+00,0.000000000000000000e+00,0.000000000000000000e+00,-0.000000000000000000e+00,-1.370023744742430438e-01,-0.000000000000000000e+00,-1.891405813171506689e-01,-6.125570548963722717e-02,-0.000000000000000000e+00,-0.000000000000000000e+00,-7.723489011489340084e-02,-5.596885246265495550e-02,-0.000000000000000000e+00,-6.481221898767459966e-02,-0.000000000000000000e+00,-3.065280963742643694e-01,-0.000000000000000000e+00,-0.000000000000000000e+00,0.000000000000000000e+00,-0.000000000000000000e+00,0.000000000000000000e+00,-0.000000000000000000e+00,-0.000000000000000000e+00,-0.000000000000000000e+00,-1.725793158888287368e-02,-0.000000000000000000e+00,-0.000000000000000000e+00,0.000000000000000000e+00,-8.137747923518963422e-02,-0.000000000000000000e+00,-0.000000000000000000e+00,0.000000000000000000e+00,-0.000000000000000000e+00
0.000000000000000000e+00,0.000000000000000000e+00,1.171904210263958745e+00,-0.000000000000000000e+00,8.271492275595749843e-01,0.000000000000000000e+00,0.000000000000000000e+00,2.949249159799869346e+00,8.769826479926963458e-02,0.000000000000000000e+00,-0.000000000000000000e+00,-6.142451413247308756e-02,0.000000000000000000e+00,0.000000000000000000e+00,0.000000000000000000e+00,0.000000000000000000e+00,0.000000000000000000e+00,-0.000000000000000000e+00,-0.000000000000000000e+00,0.000000000000000000e+00,4.023304258629294972e-01,0.000000000000000000e+00,0.000000000000000000e+00,0.000000000000000000e+00,0.000000000000000000e+00,0.000000000000000000e+00,-0.000000000000000000e+00,0.000000000000000000e+00,0.000000000000000000e+00,4.303631893634961292e-02,0.000000000000000000e+00,0.000000000000000000e+00,0.000000000000000000e+00,2.815161485264959240e-01,-0.000000000000000000e+00,0.000000000000000000e+00,0.000000000000000000e+00,1.218860077842600087e-01,0.000000000000000000e+00
-0.000000000000000000e+00,0.000000000000000000e+00,-0.000000000000000000e+00,-4.585558756909500350e-03,-5.352827382049294425e-01,0.000000000000000000e+00,0.000000000000000000e+00,8.769826479926963458e-02,1.883810813907931037e+00,-0.000000000000000000e+00,0.000000000000000000e+00,1.276062277615451768e-01,-0.000000000000000000e+00,-0.000000000000000000e+00,0.000000000000000000e+00,0.000000000000000000e+00,0.000000000000000000e+00,-0.000000000000000000e+00,0.000000000000000000e+00,0.000000000000000000e+00,-0.000000000000000000e+00,0.000000000000000000e+00,0.000000000000000000e+00,-4.350409222098770325e-03,-0.000000000000000000e+00,-0.000000000000000000e+00,-0.000000000000000000e+00,0.000000000000000000e+00,-0.000000000000000000e+00,-0.000000000000000000e+00,-0.000000000000000000e+00,-0.000000000000000000e+00,0.000000000000000000e+00,-2.189313853396037401e-01,1.932856615787365007e-01,0.000000000000000000e+00,-1.290248805377480212e-01,-7.433589857968410097e-01,-1.140578757528228487e-01
-6.600715227401918531e-03,-0.000000000000000000e+00,-4.423413623479306722e-02,-0.000000000000000000e+00,-0.000000000000000000e+00,-0.000000000000000000e+00,-0.000000000000000000e+00,0.000000000000000000e+00,-0.000000000000000000e+00,1.970624986930751943e+00,-0.000000000000000000e+00,-0.000000000000000000e+00,-0.000000000000000000e+00,-4.720587548821825186e-02,-0.000000000000000000e+00,-5.500555738492661773e-01,-5.496233766354018807e-02,-0.000000000000000000e+00,-0.000000000000000000e+00,-0.000000000000000000e+00,-1.578990834332953674e-01,-2.754957858033929563e-01,-6.704381027492112288e-02,-0.000000000000000000e+00,-1.806893486377953578e-02,-0.000000000000000000e+00,-0.000000000000000000e+00,-0.000000000000000000e+00,-0.000000000000000000e+00,-3.432447974943125812e-01,-0.000000000000000000e+00,-0.000000000000000000e+00,-7.384084050364643492e-02,-0.000000000000000000e+00,-0.000000000000000000e+00,-2.758716196976903068e-01,-0.000000000000000000e+00,-0.000000000000000000e+00,-0.000000000000000000e+00
0.000000000000000000e+00,0.000000000000000000e+00,0.000000000000000000e+00,-3.446968636649476447e-02,0.000000000000000000e+00,-1.058711032243992746e-02,-1.370023744742430438e-01,-0.000000000000000000e+00,0.000000000000000000e+00,-0.000000000000000000e+00,1.477502495417048811e+00,-0.000000000000000000e+00,-0.000000000000000000e+00,-0.000000000000000000e+00,0.000000000000000000e+00,0.000000000000000000e+00,-7.219928056129670813e-01,-1.766742613106960791e-01,-0.000000000000000000e+00,-0.000000000000000000e+00,0.000000000000000000e+00,-0.000000000000000000e+00,-0.000000000000000000e+00,-0.000000000000000000e+00,0.000000000000000000e+00,-0.000000000000000000e+00,0.000000000000000000e+00,0.000000000000000000e+00,-0.000000000000000000e+00,-0.000000000000000000e+00,0.000000000000000000e+00,0.000000000000000000e+00,0.000000000000000000e+00,0.000000000000000000e+00,-0.000000000000000000e+00,-0.000000000000000000e+00,-0.000000000000000000e+00,0.000000000000000000e+00,0.000000000000000000e+00
0.000000000000000000e+00,0.000000000000000000e+00,0.000000000000000000e+00,0.000000000000000000e+00,0.000000000000000000e+00,-0.000000000000000000e+00,-0.000000000000000000e+00,-6.142451413247308756e-02,1.276062277615451768e-01,-0.000000000000000000e+00,-0.000000000000000000e+00,1.782081633999047288e+00,-0.000000000000000000e+00,-0.000000000000000000e+00,-4.116208406042531354e-01,-1.360739595657427161e-03,-0.000000000000000000e+00,-5.328366589919912577e-02,-3.753837780768888854e-01,-0.000000000000000000e+00,0.000000000000000000e+00,-2.804908914769261297e-01,-1.076381974823594351e-01,-0.000000000000000000e+00,0.000000000000000000e+00,-0.000000000000000000e+00,-2.444831354633103249e-01,0.000000000000000000e+00,-0.000000000000000000e+00,0.000000000000000000e+00,-0.000000000000000000e+00,-0.000000000000000000e+00,-0.000000000000000000e+00,0.000000000000000000e+00,-2.308511154623728578e-01,-0.000000000000000000e+00,0.000000000000000000e+00,4.745990220637445051e-02,-6.872008230013194885e-02
0.000000000000000000e+00,-0.000000000000000000e+00,-0.000000000000000000e+00,-0.000000000000000000e+00,-0.000000000000000000e+00,0.000000000000000000e+00,-1.891405813171506689e-01,0.000000000000000000e+00,-0.000000000000000000e+00,-0.000000000000000000e+00,-0.000000000000000000e+00,-0.000000000000000000e+00,1.262427760209240635e+00,-3.267719153680317956e-02,-9.295264402268384185e-02,-0.000000000000000000e+00,-1.790506475208534232e-01,-0.000000000000000000e+00,-8.469247308016400466e-02,-0.000000000000000000e+00,-0.000000000000000000e+00,-0.000000000000000000e+00,-1.925020292467178873e-01,-0.000000000000000000e+00,-0.000000000000000000e+00,0.000000000000000000e+00,-0.000000000000000000e+00,-0.000000000000000000e+00,0.000000000000000000e+00,0.000000000000000000e+00,-5.393134847465612391e-02,-8.010162580401609944e-02,-0.000000000000000000e+00,-0.000000000000000000e+00,-0.000000000000000000e+00,0.000000000000000000e+00,-0.000000000000000000e+00,-0.000000000000000000e+00,-0.000000000000000000e+00
-0.000000000000000000e+00,-0.000000000000000000e+00,-8.597541240494112336e-02,-0.000000000000000000e+00,-5.002278860337706634e-01,-0.000000000000000000e+00,-6.125570548963722717e-02,0.000000000000000000e+00,-0.000000000000000000e+00,-4.720587548821825186e-02,-0.000000000000000000e+00,-0.000000000000000000e+00,-3.267719153680317956e-02,1.845110268610881121e+00,-0.000000000000000000e+00,-0.000000000000000000e+00,-2.945068951195949913e-01,-0.000000000000000000e+00,-0.000000000000000000e+00,-0.000000000000000000e+00,-1.290493823135686544e-03,-8.558709710016526584e-02,-3.138320522534698842e-02,-4.931570364733262601e-01,-0.000000000000000000e+00,-0.000000000000000000e+00,-0.000000000000000000e+00,-0.000000000000000000e+00,-0.000000000000000000e+00,-2.868383584372274919e-03,-0.000000000000000000e+00,-1.553908468167194412e-01,-1.437266664515837178e-01,-0.000000000000000000e+00,-0.000000000000000000e+00,-0.000000000000000000e+00,-5.612385337037156981e-03,-0.000000000000000000e+00,-2.943127002271705636e-02
-0.000000000000000000e+00,-0.000000000000000000e+00,-0.000000000000000000e+00,4.579166788103634922e-02,-0.000000000000000000e+00,-0.000000000000000000e+00,-0.000000000000000000e+00,0.000000000000000000e+00,0.000000000000000000e+00,-0.000000000000000000e+00,0.000000000000000000e+00,-4.116208406042531354e-01,-9.295264402268384185e-02,-0.000000000000000000e+00,1.442892889846566939e+00,-0.000000000000000000e+00,-0.000000000000000000e+00,-0.000000000000000000e+00,-0.000000000000000000e+00,-0.000000000000000000e+00,-0.000000000000000000e+00,-2.632576257529802358e-02,-0.000000000000000000e+00,-0.000000000000000000e+00,0.000000000000000000e+00,-0.000000000000000000e+00,-1.505920437159301295e-01,-0.000000000000000000e+00,-0.000000000000000000e+00,-0.000000000000000000e+00,-1.874798474057395303e-01,-2.072677928532377367e-01,-0.000000000000000000e+00,-1.778857114568015499e-02,-6.534543936080285109e-02,-0.000000000000000000e+00,0.000000000000000000e+00,0.000000000000000000e+00,-0.000000000000000000e+00
-1.620811294860558527e-01,-0.000000000000000000e+00,-0.000000000000000000e+00,0.000000000000000000e+00,-0.000000000000000000e+00,-0.000000000000000000e+00,-0.000000000000000000e+00,0.000000000000000000e+00,0.000000000000000000e+00,-5.500555738492661773e-01,0.000000000000000000e+00,-1.360739595657427161e-03,-0.000000000000000000e+00,-0.000000000000000000e+00,-0.000000000000000000e+00,2.651922250254141300e+00,-0.000000000000000000e+00,-0.000000000000000000e+00,-9.069762717785918860e-02,-2.304784414756672062e-01,-0.000000000000000000e+00,-4.408911489170733167e-01,-3.050669866058420832e-01,-0.000000000000000000e+00,-0.000000000000000000e+00,-0.000000000000000000e+00,-0.000000000000000000e+00,-5.294975224168899097e-02,-0.000000000000000000e+00,-2.477180339467643586e-02,-5.102070315247046739e-02,-0.000000000000000000e+00,-6.421756029383596243e-02,-0.000000000000000000e+00,-6.425115236563161414e-01,-2.485430780860020394e-01,0.000000000000000000e+00,0.000000000000000000e+00,-0.000000000000000000e+00
-0.000000000000000000e+00,-0.000000000000000000e+00,-0.000000000000000000e+00,-0.000000000000000000e+00,-0.000000000000000000e+00,-2.895103829122676609e-01,-7.723489011489340084e-02,0.000000000000000000e+00,0.000000000000000000e+00,-5.496233766354018807e-02,-7.219928056129670813e-01,-0.000000000000000000e+00,-1.790506475208534232e-01,-2.945068951195949913e-01,-0.000000000000000000e+00,-0.000000000000000000e+00,1.972774509247547714e+00,-1.346483358078581945e-02,-1.598671896207411181e-02,-6.674801585565236228e-02,-0.000000000000000000e+00,-1.707475447888998632e-01,-4.565324841207329953e-02,-1.502522102651189474e-03,-0.000000000000000000e+00,-0.000000000000000000e+00,-0.000000000000000000e+00,-0.000000000000000000e+00,-5.913055693004522911e-02,-2.719788060670400714e-02,-0.000000000000000000e+00,-0.000000000000000000e+00,-7.844142519419634862e-02,-0.000000000000000000e+00,-1.490181460881988829e-01,-0.000000000000000000e+00,-0.000000000000000000e+00,0.000000000000000000e+00,-0.000000000000000000e+00
0.000000000000000000e+00,-0.000000000000000000e+00,0.000000000000000000e+00,-3.541035781878126287e-01,0.000000000000000000e+00,-0.000000000000000000e+00,-5.596885246265495550e-02,-0.000000000000000000e+00,-0.000000000000000000e+00,-0.000000000000000000e+00,-1.766742613106960791e-01,-5.328366589919912577e-02,-0.000000000000000000e+00,-0.000000000000000000e+00,-0.000000000000000000e+00,-0.000000000000000000e+00,-1.346483358078581945e-02,1.223023000989948761e+00,-2.055544287209380427e-01,-0.000000000000000000e+00,0.000000000000000000e+00,-0.000000000000000000e+00,-0.000000000000000000e+00,-0.000000000000000000e+00,6.249857545118166213e-02,-0.000000000000000000e+00,-0.000000000000000000e+00,-0.000000000000000000e+00,-0.000000000000000000e+00,-0.000000000000000000e+00,-0.000000000000000000e+00,-0.000000000000000000e+00,0.000000000000000000e+00,0.000000000000000000e+00,-0.000000000000000000e+00,-0.000000000000000000e+00,-0.000000000000000000e+00,0.000000000000000000e+00,-0.000000000000000000e+00
0.000000000000000000e+00,8.497955200415188703e-02,0.000000000000000000e+00,-0.000000000000000000e+00,0.000000000000000000e+00,0.000000000000000000e+00,-0.000000000000000000e+00,-0.000000000000000000e+00,0.000000000000000000e+00,-0.000000000000000000e+00,-0.000000000000000000e+00,-3.753837780768888854e-01,-8.469247308016400466e-02,-0.000000000000000000e+00,-0.000000000000000000e+00,-9.069762717785918860e-02,-1.598671896207411181e-02,-2.055544287209380427e-01,1.235364312286225896e+00,-0.000000000000000000e+00,0.000000000000000000e+00,-4.464682097688790763e-02,-0.000000000000000000e+00,-2.258090868460646550e-02,0.000000000000000000e+00,-0.000000000000000000e+00,-0.000000000000000000e+00,0.000000000000000000e+00,3.274885603782315413e-02,0.000000000000000000e+00,-0.000000000000000000e+00,0.000000000000000000e+00,-0.000000000000000000e+00,0.000000000000000000e+00,-0.000000000000000000e+00,-0.000000000000000000e+00,0.000000000000000000e+00,-0.000000000000000000e+00,-0.000000000000000000e+00
-0.000000000000000000e+00,-1.286494054720136726e-01,-0.000000000000000000e+00,0.000000000000000000e+00,-0.000000000000000000e+00,-0.000000000000000000e+00,-6.481221898767459966e-02,0.000000000000000000e+00,0.000000000000000000e+00,-0.000000000000000000e+00,-0.000000000000000000e+00,-0.000000000000000000e+00,-0.000000000000000000e+00,-0.000000000000000000e+00,-0.000000000000000000e+00,-2.304784414756672062e-01,-6.674801585565236228e-02,-0.000000000000000000e+00,-0.000000000000000000e+00,1.967549108813325676e+00,-5.358405532340151239e-03,-3.424897060289368578e-01,-3.670195911855815042e-03,-0.000000000000000000e+00,-0.000000000000000000e+00,-0.000000000000000000e+00,-0.000000000000000000e+00,-1.789632116413088780e-01,-1.018666841051636129e-01,-0.000000000000000000e+00,-0.000000000000000000e+00,-0.000000000000000000e+00,-2.279577329106316774e-01,-0.000000000000000000e+00,-5.019881255321180236e-01,-0.000000000000000000e+00,0.000000000000000000e+00,4.344624082447165470e-02,-0.000000000000000000e+00
-1.241437689115715143e-01,-0.000000000000000000e+00,-5.628167497913773021e-01,0.000000000000000000e+00,-1.409012895695810688e-02,-0.000000000000000000e+00,-0.000000000000000000e+00,4.023304258629294972e-01,-0.000000000000000000e+00,-1.578990834332953674e-01,0.000000000000000000e+00,0.000000000000000000e+00,-0.000000000000000000e+00,-1.290493823135686544e-03,-0.000000000000000000e+00,-0.000000000000000000e+00,-0.000000000000000000e+00,0.000000000000000000e+00,0.000000000000000000e+00,-5.358405532340151239e-03,2.266751088854348506e+00,-2.017792408951589803e-02,-0.000000000000000000e+00,-0.000000000000000000e+00,-3.300794252207980284e-01,-0.000000000000000000e+00,-0.000000000000000000e+00,-1.574075016120946302e-01,-0.000000000000000000e+00,-4.458920299833405397e-03,-0.000000000000000000e+00,-0.000000000000000000e+00,-5.499801960377164178e-01,-0.000000000000000000e+00,-0.000000000000000000e+00,-0.000000000000000000e+00,-0.000000000000000000e+00,-0.000000000000000000e+00,-0.000000000000000000e+00
-0.000000000000000000e+00,-0.000000000000000000e+00,-0.000000000000000000e+00,-0.000000000000000000e+00,-0.000000000000000000e+00,-0.000000000000000000e+00,-3.065280963742643694e-01,0.000000000000000000e+00,0.000000000000000000e+00,-2.754957858033929563e-01,-0.000000000000000000e+00,-2.804908914769261297e-01,-0.000000000000000000e+00,-8.558709710016526584e-02,-2.632576257529802358e-02,-4.408911489170733167e-01,-1.707475447888998632e-01,-0.000000000000000000e+00,-4.464682097688790763e-02,-3.424897060289368578e-01,-2.017792408951589803e-02,2.705381545690668244e+00,-5.012328630814124608e-01,-0.000000000000000000e+00,-0.000000000000000000e+00,-0.000000000000000000e+00,-0.000000000000000000e+00,-0.000000000000000000e+00,-0.000000000000000000e+00,-0.000000000000000000e+00,-0.000000000000000000e+00,-0.000000000000000000e+00,-2.021622643980017231e-01,-0.000000000000000000e+00,-2.400423531029211854e-01,-1.769495702324694053e-01,0.000000000000000000e+00,0.000000000000000000e+00,-0.000000000000000000e+00
-0.000000000000000000e+00,-0.000000000000000000e+00,-0.000000000000000000e+00,0.000000000000000000e+00,-0.000000000000000000e+00,-0.000000000000000000e+00,-0.000000000000000000e+00,0.000000000000000000e+00,0.000000000000000000e+00,-6.704381027492112288e-02,-0.000000000000000000e+00,-1.076381974823594351e-01,-1.925020292467178873e-01,-3.138320522534698842e-02,-0.000000000000000000e+00,-3.050669866058420832e-01,-4.565324841207329953e-02,-0.000000000000000000e+00,-0.000000000000000000e+00,-3.670195911855815042e-03,-0.000000000000000000e+00,-5.012328630814124608e-01,2.304530285159543279e+00,-1.868660880964456011e-02,-2.011201021983078652e-01,-0.000000000000000000e+00,-3.454631973454019150e-02,-0.000000000000000000e+00,-0.000000000000000000e+00,-0.000000000000000000e+00,-2.112744810678672258e-01,-0.000000000000000000e+00,-1.374598734483373219e-01,-0.000000000000000000e+00,-2.007706146564231797e-01,-0.000000000000000000e+00,0.000000000000000000e+00,0.000000000000000000e+00,-5.176993040464585860e-01
-0.000000000000000000e+00,-0.000000000000000000e+00,-0.000000000000000000e+00,-0.000000000000000000e+00,-0.000000000000000000e+00,0.000000000000000000e+00,-0.000000000000000000e+00,0.000000000000000000e+00,-4.350409222098770325e-03,-0.000000000000000000e+00,-0.000000000000000000e+00,-0.000000000000000000e+00,-0.000000000000000000e+00,-4.931570364733262601e-01,-0.000000000000000000e+00,-0.000000000000000000e+00,-1.502522102651189474e-03,-0.000000000000000000e+00,-2.258090868460646550e-02,-0.000000000000000000e+00,-0.000000000000000000e+00,-0.000000000000000000e+00,-1.868660880964456011e-02,1.262438434036752710e+00,-8.356930382232194421e-02,-0.000000000000000000e+00,-0.000000000000000000e+00,-0.000000000000000000e+00,-0.000000000000000000e+00,-6.402209436390882136e-02,-0.000000000000000000e+00,-0.000000000000000000e+00,-9.084042819319548476e-03,-0.000000000000000000e+00,-0.000000000000000000e+00,0.000000000000000000e+00,-5.568567375481103116e-02,-0.000000000000000000e+00,-0.000000000000000000e+00
-3.547600901657863709e-02,-0.000000000000000000e+00,-0.000000000000000000e+00,0.000000000000000000e+00,-0.000000000000000000e+00,0.000000000000000000e+00,0.000000000000000000e+00,0.000000000000000000e+00,-0.000000000000000000e+00,-1.806893486377953578e-02,0.000000000000000000e+00,0.000000000000000000e+00,-0.000000000000000000e+00,-0.000000000000000000e+00,0.000000000000000000e+00,-0.000000000000000000e+00,-0.000000000000000000e+00,6.249857545118166213e-02,0.000000000000000000e+00,-0.000000000000000000e+00,-3.300794252207980284e-01,-0.000000000000000000e+00,-2.011201021983078652e-01,-8.356930382232194421e-02,1.279410190733282660e+00,-0.000000000000000000e+00,-0.000000000000000000e+00,-1.005741215200242206e-01,-0.000000000000000000e+00,-0.000000000000000000e+00,-0.000000000000000000e+00,0.000000000000000000e+00,-5.346649783854574151e-02,-0.000000000000000000e+00,-0.000000000000000000e+00,-0.000000000000000000e+00,-0.000000000000000000e+00,-0.000000000000000000e+00,-0.000000000000000000e+00
-1.051700965687450001e-02,-0.000000000000000000e+00,-1.697154913924486253e-01,0.000000000000000000e+00,-4.840011650895371248e-02,-1.065431037465047227e-02,-0.000000000000000000e+00,0.000000000000000000e+00,-0.000000000000000000e+00,-0.000000000000000000e+00,-0.000000000000000000e+00,-0.000000000000000000e+00,0.000000000000000000e+00,-0.000000000000000000e+00,-0.000000000000000000e+00,-0.000000000000000000e+00,-0.000000000000000000e+00,-0.000000000000000000e+00,-0.000000000000000000e+00,-0.000000000000000000e+00,-0.000000000000000000e+00,-0.000000000000000000e+00,-0.000000000000000000e+00,-0.000000000000000000e+00,-0.000000000000000000e+00,1.244427692946760589e+00,-1.301223941661201755e-01,-1.696473608999414240e-01,-1.383563883383527038e-01,-1.194078140658202530e-01,-0.000000000000000000e+00,-3.596965824105300552e-02,-7.836609081496626094e-04,-0.000000000000000000e+00,-0.000000000000000000e+00,-0.000000000000000000e+00,-0.000000000000000000e+00,-2.466518231026518584e-02,-0.000000000000000000e+00
-0.000000000000000000e+00,-0.000000000000000000e+00,-0.000000000000000000e+00,0.000000000000000000e+00,-0.000000000000000000e+00,-0.000000000000000000e+00,0.000000000000000000e+00,-0.000000000000000000e+00,-0.000000000000000000e+00,-0.000000000000000000e+00,0.000000000000000000e+00,-2.444831354633103249e-01,-0.000000000000000000e+00,-0.000000000000000000e+00,-1.505920437159301295e-01,-0.000000000000000000e+00,-0.000000000000000000e+00,-0.000000000000000000e+00,-0.000000000000000000e+00,-0.000000000000000000e+00,-0.000000000000000000e+00,-0.000000000000000000e+00,-3.454631973454019150e-02,-0.000000000000000000e+00,-0.000000000000000000e+00,-1.301223941661201755e-01,1.807663004557758857e+00,-0.000000000000000000e+00,-0.000000000000000000e+00,0.000000000000000000e+00,-2.504062463368450508e-01,-9.254139798884322698e-02,-0.000000000000000000e+00,-0.000000000000000000e+00,-5.800328286379149989e-02,-2.649914382116528855e-01,0.000000000000000000e+00,0.000000000000000000e+00,-5.987670227817010193e-01
-7.555714683546739252e-01,-2.054845567773687931e-01,-0.000000000000000000e+00,1.527468182084579587e-02,-0.000000000000000000e+00,-0.000000000000000000e+00,-0.000000000000000000e+00,0.000000000000000000e+00,0.000000000000000000e+00,-0.000000000000000000e+00,0.000000000000000000e+00,0.000000000000000000e+00,-0.000000000000000000e+00,-0.000000000000000000e+00,-0.000000000000000000e+00,-5.294975224168899097e-02,-0.000000000000000000e+00,-0.000000000000000000e+00,0.000000000000000000e+00,-1.789632116413088780e-01,-1.574075016120946302e-01,-0.000000000000000000e+00,-0.000000000000000000e+00,-0.000000000000000000e+00,-1.005741215200242206e-01,-1.696473608999414240e-01,-0.000000000000000000e+00,2.039953671628966347e+00,-1.250633205236220402e-01,-1.295028880052535580e-01,-0.000000000000000000e+00,0.000000000000000000e+00,-2.151420924618160924e-01,-0.000000000000000000e+00,-2.301071637294237367e-03,-0.000000000000000000e+00,0.000000000000000000e+00,-0.000000000000000000e+00,-0.000000000000000000e+00
-0.000000000000000000e+00,-4.575592459994394789e-01,-0.000000000000000000e+00,0.000000000000000000e+00,-0.000000000000000000e+00,-2.554955679034665028e-01,-0.000000000000000000e+00,0.000000000000000000e+00,-0.000000000000000000e+00,-0.000000000000000000e+00,-0.000000000000000000e+00,-0.000000000000000000e+00,0.000000000000000000e+00,-0.000000000000000000e+00,-0.000000000000000000e+00,-0.000000000000000000e+00,-5.913055693004522911e-02,-0.000000000000000000e+00,3.274885603782315413e-02,-1.018666841051636129e-01,-0.000000000000000000e+00,-0.000000000000000000e+00,-0.000000000000000000e+00,-0.000000000000000000e+00,-0.000000000000000000e+00,-1.383563883383527038e-01,-0.000000000000000000e+00,-1.250633205236220402e-01,1.581584907260476847e+00,-0.000000000000000000e+00,-9.183006148654843104e-02,-1.708867036109123494e-01,-0.000000000000000000e+00,-0.000000000000000000e+00,-0.000000000000000000e+00,-1.048660316852423890e-01,-0.000000000000000000e+00,0.000000000000000000e+00,-0.000000000000000000e+00
-2.415017689595983230e-01,-5.492561798974621157e-01,-8.702934144779041203e-02,0.000000000000000000e+00,-3.288503143849472177e-02,-0.000000000000000000e+00,-0.000000000000000000e+00,4.303631893634961292e-02,-0.000000000000000000e+00,-3.432447974943125812e-01,-0.000000000000000000e+00,0.000000000000000000e+00,0.000000000000000000e+00,-2.868383584372274919e-03,-0.000000000000000000e+00,-2.477180339467643586e-02,-2.719788060670400714e-02,-0.000000000000000000e+00,0.000000000000000000e+00,-0.000000000000000000e+00,-4.458920299833405397e-03,-0.000000000000000000e+00,-0.000000000000000000e+00,-6.402209436390882136e-02,-0.000000000000000000e+00,-1.194078140658202530e-01,0.000000000000000000e+00,-1.295028880052535580e-01,-0.000000000000000000e+00,1.769844127357605101e+00,-0.000000000000000000e+00,-0.000000000000000000e+00,-0.000000000000000000e+00,-0.000000000000000000e+00,-0.000000000000000000e+00,-8.153747866316340964e-03,-3.144979486053875450e-02,-0.000000000000000000e+00,-0.000000000000000000e+00
-0.000000000000000000e+00,-1.087974827083390550e-01,-0.000000000000000000e+00,0.000000000000000000e+00,-0.000000000000000000e+00,-0.000000000000000000e+00,-1.725793158888287368e-02,0.000000000000000000e+00,-0.000000000000000000e+00,-0.000000000000000000e+00,0.000000000000000000e+00,-0.000000000000000000e+00,-5.393134847465612391e-02,-0.000000000000000000e+00,-1.874798474057395303e-01,-5.102070315247046739e-02,-0.000000000000000000e+00,-0.000000000000000000e+00,-0.000000000000000000e+00,-0.000000000000000000e+00,-0.000000000000000000e+00,-0.000000000000000000e+00,-2.112744810678672258e-01,-0.000000000000000000e+00,-0.000000000000000000e+00,-0.000000000000000000e+00,-2.504062463368450508e-01,-0.000000000000000000e+00,-9.183006148654843104e-02,-0.000000000000000000e+00,1.606972887377615899e+00,-2.519877464422607405e-01,-8.085032854603671493e-02,-0.000000000000000000e+00,-1.280562244227330393e-01,-7.730090121131828751e-02,-0.000000000000000000e+00,0.000000000000000000e+00,-1.997806118160739067e-02
-0.000000000000000000e+00,-2.025354129325816158e-03,-0.000000000000000000e+00,-0.000000000000000000e+00,-8.002729865994027969e-02,-1.135137635089118330e-01,-0.000000000000000000e+00,0.000000000000000000e+00,-0.000000000000000000e+00,-0.000000000000000000e+00,0.000000000000000000e+00,-0.000000000000000000e+00,-8.010162580401609944e-02,-1.553908468167194412e-01,-2.072677928532377367e-01,-0.000000000000000000e+00,-0.000000000000000000e+00,-0.000000000000000000e+00,0.000000000000000000e+00,-0.000000000000000000e+00,-0.000000000000000000e+00,-0.000000000000000000e+00,-0.000000000000000000e+00,-0.000000000000000000e+00,0.000000000000000000e+00,-3.596965824105300552e-02,-9.254139798884322698e-02,0.000000000000000000e+00,-1.708867036109123494e-01,-0.000000000000000000e+00,-2.519877464422607405e-01,1.475572961563484942e+00,-0.000000000000000000e+00,-0.000000000000000000e+00,-0.000000000000000000e+00,-0.000000000000000000e+00,-2.081472507567302954e-01,-0.000000000000000000e+00,-9.174833590166339703e-02
-0.000000000000000000e+00,-0.000000000000000000e+00,-3.488118744044558794e-01,0.000000000000000000e+00,-0.000000000000000000e+00,-0.000000000000000000e+00,-0.000000000000000000e+00,0.000000000000000000e+00,0.000000000000000000e+00,-7.384084050364643492e-02,0.000000000000000000e+00,-0.000000000000000000e+00,-0.000000000000000000e+00,-1.437266664515837178e-01,-0.000000000000000000e+00,-6.421756029383596243e-02,-7.844142519419634862e-02,0.000000000000000000e+00,-0.000000000000000000e+00,-2.279577329106316774e-01,-5.499801960377164178e-01,-2.021622643980017231e-01,-1.374598734483373219e-01,-9.084042819319548476e-03,-5.346649783854574151e-02,-7.836609081496626094e-04,-0.000000000000000000e+00,-2.151420924618160924e-01,-0.000000000000000000e+00,-0.000000000000000000e+00,-8.085032854603671493e-02,-0.000000000000000000e+00,2.165080497579360941e+00,-4.206935093656108404e-02,-7.101382124953746489e-02,-0.000000000000000000e+00,0.000000000000000000e+00,0.000000000000000000e+00,-0.000000000000000000e+00
-0.000000000000000000e+00,0.000000000000000000e+00,-3.035749647887524549e-01,0.000000000000000000e+00,-6.105250271834677944e-01,-0.000000000000000000e+00,0.000000000000000000e+00,2.815161485264959240e-01,-2.189313853396037401e-01,-0.000000000000000000e+00,0.000000000000000000e+00,0.000000000000000000e+00,-0.000000000000000000e+00,-0.000000000000000000e+00,-1.778857114568015499e-02,-0.000000000000000000e+00,-0.000000000000000000e+00,0.000000000000000000e+00,0.000000000000000000e+00,-0.000000000000000000e+00,-0.000000000000000000e+00,-0.000000000000000000e+00,-0.000000000000000000e+00,-0.000000000000000000e+00,-0.000000000000000000e+00,-0.000000000000000000e+00,-0.000000000000000000e+00,-0.000000000000000000e+00,-0.000000000000000000e+00,-0.000000000000000000e+00,-0.000000000000000000e+00,-0.000000000000000000e+00,-4.206935093656108404e-02,1.833884075435242123e+00,0.000000000000000000e+00,-0.000000000000000000e+00,-0.000000000000000000e+00,-0.000000000000000000e+00,-1.613469835656639040e-02
-0.000000000000000000e+00,-4.890538328658587675e-02,0.000000000000000000e+00,0.000000000000000000e+00,0.000000000000000000e+00,-0.000000000000000000e+00,-8.137747923518963422e-02,-0.000000000000000000e+00,1.932856615787365007e-01,-0.000000000000000000e+00,-0.000000000000000000e+00,-2.308511154623728578e-01,-0.000000000000000000e+00,-0.000000000000000000e+00,-6.534543936080285109e-02,-6.425115236563161414e-01,-1.490181460881988829e-01,-0.000000000000000000e+00,-0.000000000000000000e+00,-5.019881255321180236e-01,-0.000000000000000000e+00,-2.400423531029211854e-01,-2.007706146564231797e-01,-0.000000000000000000e+00,-0.000000000000000000e+00,-0.000000000000000000e+00,-5.800328286379149989e-02,-2.301071637294237367e-03,-0.000000000000000000e+00,-0.000000000000000000e+00,-1.280562244227330393e-01,-0.000000000000000000e+00,-7.101382124953746489e-02,0.000000000000000000e+00,2.503069841739101964e+00,-0.000000000000000000e+00,0.000000000000000000e+00,3.931286735816129640e-01,-0.000000000000000000e+00
-0.000000000000000000e+00,-0.000000000000000000e+00,-0.000000000000000000e+00,0.000000000000000000e+00,-0.000000000000000000e+00,-0.000000000000000000e+00,-0.000000000000000000e+00,0.000000000000000000e+00,0.000000000000000000e+00,-2.758716196976903068e-01,-0.000000000000000000e+00,-0.000000000000000000e+00,0.000000000000000000e+00,-0.000000000000000000e+00,-0.000000000000000000e+00,-2.485430780860020394e-01,-0.000000000000000000e+00,-0.000000000000000000e+00,-0.000000000000000000e+00,-0.000000000000000000e+00,-0.000000000000000000e+00,-1.769495702324694053e-01,-0.000000000000000000e+00,0.000000000000000000e+00,-0.000000000000000000e+00,-0.000000000000000000e+00,-2.649914382116528855e-01,-0.000000000000000000e+00,-1.048660316852423890e-01,-8.153747866316340964e-03,-7.730090121131828751e-02,-0.000000000000000000e+00,-0.000000000000000000e+00,-0.000000000000000000e+00,-0.000000000000000000e+00,1.504066111029457309e+00,0.000000000000000000e+00,6.743365637204565277e-02,-0.000000000000000000e+00
-0.000000000000000000e+00,-5.331152030264219022e-02,-0.000000000000000000e+00,-2.276045980456320450e-02,-1.009930558542845441e-01,-7.642299345141268126e-05,-0.000000000000000000e+00,0.000000000000000000e+00,-1.290248805377480212e-01,-0.000000000000000000e+00,-0.000000000000000000e+00,0.000000000000000000e+00,-0.000000000000000000e+00,-5.612385337037156981e-03,0.000000000000000000e+00,0.000000000000000000e+00,-0.000000000000000000e+00,-0.000000000000000000e+00,0.000000000000000000e+00,0.000000000000000000e+00,-0.000000000000000000e+00,0.000000000000000000e+00,0.000000000000000000e+00,-5.568567375481103116e-02,-0.000000000000000000e+00,-0.000000000000000000e+00,0.000000000000000000e+00,0.000000000000000000e+00,-0.000000000000000000e+00,-3.144979486053875450e-02,-0.000000000000000000e+00,-2.081472507567302954e-01,0.000000000000000000e+00,-0.000000000000000000e+00,0.000000000000000000e+00,0.000000000000000000e+00,1.122868521872341097e+00,-0.000000000000000000e+00,-0.000000000000000000e+00
-0.000000000000000000e+00,0.000000000000000000e+00,-0.000000000000000000e+00,-0.000000000000000000e+00,-6.635921058511498952e-03,0.000000000000000000e+00,0.000000000000000000e+00,1.218860077842600087e-01,-7.433589857968410097e-01,-0.000000000000000000e+00,0.000000000000000000e+00,4.745990220637445051e-02,-0.000000000000000000e+00,-0.000000000000000000e+00,0.000000000000000000e+00,0.000000000000000000e+00,0.000000000000000000e+00,0.000000000000000000e+00,-0.000000000000000000e+00,4.344624082447165470e-02,-0.000000000000000000e+00,0.000000000000000000e+00,0.000000000000000000e+00,-0.000000000000000000e+00,-0.000000000000000000e+00,-2.466518231026518584e-02,0.000000000000000000e+00,-0.000000000000000000e+00,0.000000000000000000e+00,-0.000000000000000000e+00,0.000000000000000000e+00,-0.000000000000000000e+00,0.000000000000000000e+00,-0.000000000000000000e+00,3.931286735816129640e-01,6.743365637204565277e-02,-0.000000000000000000e+00,1.606704157958181112e+00,-0.000000000000000000e+00
-0.000000000000000000e+00,-0.000000000000000000e+00,-0.000000000000000000e+00,-0.000000000000000000e+00,-0.000000000000000000e+00,-0.000000000000000000e+00,-0.000000000000000000e+00,0.000000000000000000e+00,-1.140578757528228487e-01,-0.000000000000000000e+00,0.000000000000000000e+00,-6.872008230013194885e-02,-0.000000000000000000e+00,-2.943127002271705636e-02,-0.000000000000000000e+00,-0.000000000000000000e+00,-0.000000000000000000e+00,-0.000000000000000000e+00,-0.000000000000000000e+00,-0.000000000000000000e+00,-0.000000000000000000e+00,-0.000000000000000000e+00,-5.176993040464585860e-01,-0.000000000000000000e+00,-0.000000000000000000e+00,-0.000000000000000000e+00,-5.987670227817010193e-01,-0.000000000000000000e+00,-0.000000000000000000e+00,-0.000000000000000000e+00,-1.997806118160739067e-02,-9.174833590166339703e-02,-0.000000000000000000e+00,-1.613469835656639040e-02,-0.000000000000000000e+00,-0.000000000000000000e+00,-0.000000000000000000e+00,-0.000000000000000000e+00,1.675919221132305514e+00
