2.224783240540894269e+00,-4.687112522926161762e-01,-0.000000000000000000e+00,0.000000000000000000e+00,-2.451064613602903577e-02,-0.000000000000000000e+00,-0.000000000000000000e+00,0.000000000000000000e+00,-1.121535257724266821e-01,-5.070222507415270141e-02,-0.000000000000000000e+00,-0.000000000000000000e+00,0.000000000000000000e+00,-0.000000000000000000e+00,-0.000000000000000000e+00,-1.775689136081437525e-01,-0.000000000000000000e+00,-0.000000000000000000e+00,-0.000000000000000000e+00,-0.000000000000000000e+00,-0.000000000000000000e+00,-0.000000000000000000e+00,-2.737577654808624472e-01,-0.000000000000000000e+00,-7.794050030821722541e-02,-3.497507031290932322e-01,-0.000000000000000000e+00,-0.000000000000000000e+00,-7.951894478492678442e-02,-2.602514372456355973e-01,-0.000000000000000000e+00,-0.000000000000000000e+00,-0.000000000000000000e+00,-0.000000000000000000e+00,-0.000000000000000000e+00,-2.071626756928966195e-01,-0.000000000000000000e+00,-1.382703372921656182e-01,-7.171114855790439169e-02
-4.687112522926161762e-01,1.775595825679966655e+00,-0.000000000000000000e+00,-0.000000000000000000e+00,-1.263971385533933234e-01,-0.000000000000000000e+00,-0.000000000000000000e+00,0.000000000000000000e+00,-4.357453708981469387e-02,-0.000000000000000000e+00,-0.000000000000000000e+00,-0.000000000000000000e+00,0.000000000000000000e+00,-0.000000000000000000e+00,-0.000000000000000000e+00,-0.000000000000000000e+00,-0.000000000000000000e+00,-0.000000000000000000e+00,-0.000000000000000000e+00,0.000000000000000000e+00,0.000000000000000000e+00,-0.000000000000000000e+00,-7.072229528537264491e-03,-0.000000000000000000e+00,-2.340403557121198685e-01,-0.000000000000000000e+00,0.000000000000000000e+00,-0.000000000000000000e+00,-2.819033169713332579e-02,-4.407398343037267074e-01,-0.000000000000000000e+00,-0.000000000000000000e+00,-0.000000000000000000e+00,-3.686202901041622793e-02,-0.000000000000000000e+00,-1.549668384966662316e-01,-0.000000000000000000e+00,-0.000000000000000000e+00,-0.000000000000000000e+00
-0.000000000000000000e+00,-0.000000000000000000e+00,2.060340452442488424e+00,0.000000000000000000e+00,-4.133914484086422259e-01,0.000000000000000000e+00,0.000000000000000000e+00,5.147810741382882194e-01,-0.000000000000000000e+00,-2.499270925228948281e-02,-1.361104415262478703e-02,-0.000000000000000000e+00,1.044638420145506397e-01,-5.116563522022139487e-01,-0.000000000000000000e+00,-0.000000000000000000e+00,-0.000000000000000000e+00,-2.718101714350273923e-01,-0.000000000000000000e+00,-0.000000000000000000e+00,-9.338097055031836791e-02,-0.000000000000000000e+00,-0.000000000000000000e+00,-0.000000000000000000e+00,-0.000000000000000000e+00,-2.435562626303007169e-02,-0.000000000000000000e+00,-1.050667374974355306e-01,-0.000000000000000000e+00,-0.000000000000000000e+00,-6.614974968353781737e-02,-0.000000000000000000e+00,-0.000000000000000000e+00,-0.000000000000000000e+00,-0.000000000000000000e+00,-0.000000000000000000e+00,-0.000000000000000000e+00,-0.000000000000000000e+00,-0.000000000000000000e+00
0.000000000000000000e+00,-0.000000000000000000e+00,0.000000000000000000e+00,1.240413924072295559e+00,0.000000000000000000e+00,-7.952469114407247075e-02,6.503686113310931660e-03,0.000000000000000000e+00,-0.000000000000000000e+00,-0.000000000000000000e+00,0.000000000000000000e+00,-0.000000000000000000e+00,-0.000000000000000000e+00,0.000000000000000000e+00,2.291903244414082164e-01,0.000000000000000000e+00,0.000000000000000000e+00,-0.000000000000000000e+00,-0.000000000000000000e+00,2.615577973348248153e-01,1.027361940718928557e-01,0.000000000000000000e+00,-0.000000000000000000e+00,0.000000000000000000e+00,-0.000000000000000000e+00,0.000000000000000000e+00,0.000000000000000000e+00,8.362076868759441006e-02,0.000000000000000000e+00,0.000000000000000000e+00,0.000000000000000000e+00,0.000000000000000000e+00,0.000000000000000000e+00,-2.163732936623819214e-01,0.000000000000000000e+00,0.000000000000000000e+00,0.000000000000000000e+00,0.000000000000000000e+00,-0.000000000000000000e+00
-2.451064613602903577e-02,-1.263971385533933234e-01,-4.133914484086422259e-01,0.000000000000000000e+00,1.718185997189410896e+00,-0.000000000000000000e+00,-0.000000000000000000e+00,1.603977001754306742e-01,-8.413077389803036432e-02,-0.000000000000000000e+00,-0.000000000000000000e+00,-0.000000000000000000e+00,0.000000000000000000e+00,-2.926156610925031432e-01,-0.000000000000000000e+00,-6.747984400022767615e-02,-0.000000000000000000e+00,-5.318852042172841216e-02,-0.000000000000000000e+00,-0.000000000000000000e+00,-0.000000000000000000e+00,-0.000000000000000000e+00,-0.000000000000000000e+00,-0.000000000000000000e+00,-0.000000000000000000e+00,-1.811289851061425107e-02,-0.000000000000000000e+00,-0.000000000000000000e+00,-1.487532455028162896e-03,-0.000000000000000000e+00,-0.000000000000000000e+00,-0.000000000000000000e+00,-0.000000000000000000e+00,-1.928309610951571551e-01,-0.000000000000000000e+00,-1.650537947711649966e-01,-0.000000000000000000e+00,-0.000000000000000000e+00,-0.000000000000000000e+00
-0.000000000000000000e+00,-0.000000000000000000e+00,0.000000000000000000e+00,-7.952469114407247075e-02,-0.000000000000000000e+00,1.171846758636789998e+00,0.000000000000000000e+00,0.000000000000000000e+00,-0.000000000000000000e+00,0.000000000000000000e+00,0.000000000000000000e+00,-0.000000000000000000e+00,-0.000000000000000000e+00,0.000000000000000000e+00,0.000000000000000000e+00,0.000000000000000000e+00,-0.000000000000000000e+00,-0.000000000000000000e+00,-0.000000000000000000e+00,3.577431899712655849e-01,9.583346168284603839e-02,0.000000000000000000e+00,-0.000000000000000000e+00,0.000000000000000000e+00,-0.000000000000000000e+00,0.000000000000000000e+00,0.000000000000000000e+00,0.000000000000000000e+00,-0.000000000000000000e+00,-0.000000000000000000e+00,0.000000000000000000e+00,0.000000000000000000e+00,0.000000000000000000e+00,-7.900871748469884270e-02,0.000000000000000000e+00,-0.000000000000000000e+00,0.000000000000000000e+00,0.000000000000000000e+00,-0.000000000000000000e+00
-0.000000000000000000e+00,-0.000000000000000000e+00,0.000000000000000000e+00,6.503686113310931660e-03,-0.000000000000000000e+00,0.000000000000000000e+00,1.191550696239237261e+00,-0.000000000000000000e+00,0.000000000000000000e+00,-0.000000000000000000e+00,-0.000000000000000000e+00,2.969758795714663169e-01,0.000000000000000000e+00,-0.000000000000000000e+00,-0.000000000000000000e+00,-0.000000000000000000e+00,-0.000000000000000000e+00,0.000000000000000000e+00,0.000000000000000000e+00,-2.243454447934650070e-02,-3.046732306150000402e-02,-1.963680095453311236e-01,0.000000000000000000e+00,-0.000000000000000000e+00,-0.000000000000000000e+00,-0.000000000000000000e+00,0.000000000000000000e+00,-2.700891237589681526e-01,-0.000000000000000000e+00,-0.000000000000000000e+00,-0.000000000000000000e+00,-0.000000000000000000e+00,-0.000000000000000000e+00,0.000000000000000000e+00,-0.000000000000000000e+00,0.000000000000000000e+00,-0.000000000000000000e+00,-0.000000000000000000e+00,0.000000000000000000e+00
0.000000000000000000e+00,0.000000000000000000e+00,5.147810741382882194e-01,0.000000000000000000e+00,1.603977001754306742e-01,0.000000000000000000e+00,-0.000000000000000000e+00,1.341798316682830894e+00,0.000000000000000000e+00,0.000000000000000000e+00,0.000000000000000000e+00,0.000000000000000000e+00,-0.000000000000000000e+00,0.000000000000000000e+00,-0.000000000000000000e+00,0.000000000000000000e+00,0.000000000000000000e+00,0.000000000000000000e+00,-0.000000000000000000e+00,-0.000000000000000000e+00,0.000000000000000000e+00,-0.000000000000000000e+00,0.000000000000000000e+00,0.000000000000000000e+00,0.000000000000000000e+00,0.000000000000000000e+00,0.000000000000000000e+00,0.000000000000000000e+00,-0.000000000000000000e+00,0.000000000000000000e+00,0.000000000000000000e+00,0.000000000000000000e+00,-0.000000000000000000e+00,1.357864495179705311e-01,-0.000000000000000000e+00,0.000000000000000000e+00,0.000000000000000000e+00,0.000000000000000000e+00,0.000000000000000000e+00
-1.121535257724266821e-01,-4.357453708981469387e-02,-0.000000000000000000e+00,-0.000000000000000000e+00,-8.413077389803036432e-02,-0.000000000000000000e+00,0.000000000000000000e+00,0.000000000000000000e+00,2.482329938710581274e+00,-3.997736673526406936e-01,-0.000000000000000000e+00,-9.395100359254171529e-03,1.272847799513452394e-01,-1.142798427395736310e-01,-0.000000000000000000e+00,-1.525428880093782358e-01,-0.000000000000000000e+00,-1.804330838331905384e-01,-0.000000000000000000e+00,-0.000000000000000000e+00,-0.000000000000000000e+00,-0.000000000000000000e+00,-9.973081336519620810e-02,-0.000000000000000000e+00,-2.432016271674810881e-01,-2.343410956641080178e-01,-0.000000000000000000e+00,-0.000000000000000000e+00,-0.000000000000000000e+00,-8.224862043262870515e-02,-9.729982608616965720e-03,-0.000000000000000000e+00,-0.000000000000000000e+00,-4.453331773504076718e-01,-0.000000000000000000e+00,-0.000000000000000000e+00,-0.000000000000000000e+00,-0.000000000000000000e+00,-4.017881034714623212e-01
-5.070222507415270141e-02,-0.000000000000000000e+00,-2.499270925228948281e-02,-0.000000000000000000e+00,-0.000000000000000000e+00,0.000000000000000000e+00,-0.000000000000000000e+00,0.000000000000000000e+00,-3.997736673526406936e-01,2.419601282612241278e+00,-0.000000000000000000e+00,-0.000000000000000000e+00,0.000000000000000000e+00,-1.084724580966269641e-01,-0.000000000000000000e+00,-6.358055498876586942e-01,-1.065454304637355187e-01,-3.259737726234514243e-02,-0.000000000000000000e+00,-0.000000000000000000e+00,-0.000000000000000000e+00,-0.000000000000000000e+00,-1.060391964891990897e-02,-2.230754292104068087e-02,-3.357440455043131933e-01,-2.244919376722845084e-01,-0.000000000000000000e+00,-0.000000000000000000e+00,-0.000000000000000000e+00,-1.831405067777805984e-01,-1.363918323137021105e-01,-0.000000000000000000e+00,-0.000000000000000000e+00,-0.000000000000000000e+00,-0.000000000000000000e+00,-0.000000000000000000e+00,-0.000000000000000000e+00,-0.000000000000000000e+00,-1.395431103397998251e-01
-0.000000000000000000e+00,-0.000000000000000000e+00,-1.361104415262478703e-02,0.000000000000000000e+00,-0.000000000000000000e+00,0.000000000000000000e+00,-0.000000000000000000e+00,0.000000000000000000e+00,-0.000000000000000000e+00,-0.000000000000000000e+00,2.218216687320594183e+00,-0.000000000000000000e+00,0.000000000000000000e+00,-2.039654337082856261e-01,-0.000000000000000000e+00,-8.794708304978061941e-02,-1.409231565964743360e-01,-0.000000000000000000e+00,-0.000000000000000000e+00,-0.000000000000000000e+00,-3.648607857018156680e-02,-4.496094296299992660e-02,-0.000000000000000000e+00,-1.619761471935187991e-01,-0.000000000000000000e+00,-9.966010863230768957e-02,-9.518144720132237779e-03,-1.800645349477845991e-01,-0.000000000000000000e+00,-0.000000000000000000e+00,-1.007804961397481963e-01,-4.251886903687263075e-01,-3.611596812563331316e-01,-0.000000000000000000e+00,-0.000000000000000000e+00,-0.000000000000000000e+00,-2.894868164058011506e-01,-2.834442346604337803e-02,-0.000000000000000000e+00
-0.000000000000000000e+00,-0.000000000000000000e+00,-0.000000000000000000e+00,-0.000000000000000000e+00,-0.000000000000000000e+00,-0.000000000000000000e+00,2.969758795714663169e-01,0.000000000000000000e+00,-9.395100359254171529e-03,-0.000000000000000000e+00,-0.000000000000000000e+00,1.649528074621423368e+00,0.000000000000000000e+00,-0.000000000000000000e+00,0.000000000000000000e+00,-0.000000000000000000e+00,-0.000000000000000000e+00,-0.000000000000000000e+00,-0.000000000000000000e+00,0.000000000000000000e+00,0.000000000000000000e+00,-0.000000000000000000e+00,-1.708213056097759863e-01,-0.000000000000000000e+00,-0.000000000000000000e+00,-0.000000000000000000e+00,-9.088957692650528886e-02,0.000000000000000000e+00,-0.000000000000000000e+00,-0.000000000000000000e+00,-0.000000000000000000e+00,-0.000000000000000000e+00,-0.000000000000000000e+00,-1.143027870597694978e-01,-0.000000000000000000e+00,-1.381956516295436144e-01,-0.000000000000000000e+00,-9.793445318709613490e-02,-6.526926115000492024e-01
0.000000000000000000e+00,0.000000000000000000e+00,1.044638420145506397e-01,-0.000000000000000000e+00,0.000000000000000000e+00,-0.000000000000000000e+00,0.000000000000000000e+00,-0.000000000000000000e+00,1.272847799513452394e-01,0.000000000000000000e+00,0.000000000000000000e+00,0.000000000000000000e+00,1.613814686738757720e+00,0.000000000000000000e+00,0.000000000000000000e+00,0.000000000000000000e+00,0.000000000000000000e+00,0.000000000000000000e+00,-0.000000000000000000e+00,0.000000000000000000e+00,3.352141043543740550e-03,1.962784646036098979e-02,0.000000000000000000e+00,0.000000000000000000e+00,0.000000000000000000e+00,3.182875916330701188e-02,1.590801537669569721e-01,0.000000000000000000e+00,0.000000000000000000e+00,0.000000000000000000e+00,6.084387320830950685e-01,0.000000000000000000e+00,1.158256194839267506e-01,0.000000000000000000e+00,0.000000000000000000e+00,0.000000000000000000e+00,0.000000000000000000e+00,0.000000000000000000e+00,5.457406706317594058e-02
-0.000000000000000000e+00,-0.000000000000000000e+00,-5.116563522022139487e-01,0.000000000000000000e+00,-2.926156610925031432e-01,0.000000000000000000e+00,-0.000000000000000000e+00,0.000000000000000000e+00,-1.142798427395736310e-01,-1.084724580966269641e-01,-2.039654337082856261e-01,-0.000000000000000000e+00,0.000000000000000000e+00,2.388634737276488451e+00,-0.000000000000000000e+00,-2.559098363558893752e-01,-2.848292050644360973e-01,-1.521211313082653782e-01,-0.000000000000000000e+00,-0.000000000000000000e+00,-0.000000000000000000e+00,-0.000000000000000000e+00,-3.976664575780173433e-02,-2.156849537037833220e-01,-0.000000000000000000e+00,-2.780901333040014523e-01,-0.000000000000000000e+00,-5.754342707521295855e-03,-0.000000000000000000e+00,-0.000000000000000000e+00,-2.104658817453432945e-02,-4.042015489726998034e-03,-0.000000000000000000e+00,-0.000000000000000000e+00,-0.000000000000000000e+00,-0.000000000000000000e+00,-1.257097983507213801e-01,-0.000000000000000000e+00,-0.000000000000000000e+00
-0.000000000000000000e+00,-0.000000000000000000e+00,-0.000000000000000000e+00,2.291903244414082164e-01,-0.000000000000000000e+00,0.000000000000000000e+00,-0.000000000000000000e+00,-0.000000000000000000e+00,-0.000000000000000000e+00,-0.000000000000000000e+00,-0.000000000000000000e+00,0.000000000000000000e+00,0.000000000000000000e+00,-0.000000000000000000e+00,1.248018612140085359e+00,-2.259079310701244455e-04,-0.000000000000000000e+00,-0.000000000000000000e+00,-2.387239361745583169e-02,-0.000000000000000000e+00,-0.000000000000000000e+00,-0.000000000000000000e+00,-0.000000000000000000e+00,-0.000000000000000000e+00,-0.000000000000000000e+00,-0.000000000000000000e+00,-0.000000000000000000e+00,-1.471307871058080419e-01,-0.000000000000000000e+00,-0.000000000000000000e+00,-0.000000000000000000e+00,-1.467818274088024399e-01,-0.000000000000000000e+00,0.000000000000000000e+00,-0.000000000000000000e+00,-0.000000000000000000e+00,-0.000000000000000000e+00,-2.628995586655740180e-01,-0.000000000000000000e+00
-1.775689136081437525e-01,-0.000000000000000000e+00,-0.000000000000000000e+00,0.000000000000000000e+00,-6.747984400022767615e-02,0.000000000000000000e+00,-0.000000000000000000e+00,0.000000000000000000e+00,-1.525428880093782358e-01,-6.358055498876586942e-01,-8.794708304978061941e-02,-0.000000000000000000e+00,0.000000000000000000e+00,-2.559098363558893752e-01,-2.259079310701244455e-04,2.630636368629911903e+00,-1.152308390855136394e-01,-0.000000000000000000e+00,-0.000000000000000000e+00,-0.000000000000000000e+00,-0.000000000000000000e+00,-9.220340031923493496e-02,-0.000000000000000000e+00,-8.041376672924682723e-02,-1.304298204080563128e-01,-3.292912647788868719e-01,-0.000000000000000000e+00,-1.931118215423480722e-01,-0.000000000000000000e+00,-2.843220267514723898e-01,-8.662673086618430385e-02,-5.747657807533597396e-02,-0.000000000000000000e+00,-0.000000000000000000e+00,-0.000000000000000000e+00,-0.000000000000000000e+00,-4.116896547370579168e-02,-5.278460413553664327e-02,-0.000000000000000000e+00
-0.000000000000000000e+00,-0.000000000000000000e+00,-0.000000000000000000e+00,0.000000000000000000e+00,-0.000000000000000000e+00,-0.000000000000000000e+00,-0.000000000000000000e+00,0.000000000000000000e+00,-0.000000000000000000e+00,-1.065454304637355187e-01,-1.409231565964743360e-01,-0.000000000000000000e+00,0.000000000000000000e+00,-2.848292050644360973e-01,-0.000000000000000000e+00,-1.152308390855136394e-01,1.735477534395893917e+00,-3.718392691586799859e-02,-0.000000000000000000e+00,-0.000000000000000000e+00,-0.000000000000000000e+00,-0.000000000000000000e+00,-2.733964581049281861e-01,-0.000000000000000000e+00,-0.000000000000000000e+00,-0.000000000000000000e+00,-1.581863066874998336e-01,-0.000000000000000000e+00,-2.118132672512884271e-02,-0.000000000000000000e+00,-0.000000000000000000e+00,-0.000000000000000000e+00,-0.000000000000000000e+00,-0.000000000000000000e+00,-3.155813722038300351e-01,-0.000000000000000000e+00,-3.260681040971157713e-02,-1.091563965066360553e-01,-0.000000000000000000e+00
-0.000000000000000000e+00,-0.000000000000000000e+00,-2.718101714350273923e-01,-0.000000000000000000e+00,-5.318852042172841216e-02,-0.000000000000000000e+00,0.000000000000000000e+00,0.000000000000000000e+00,-1.804330838331905384e-01,-3.259737726234514243e-02,-0.000000000000000000e+00,-0.000000000000000000e+00,0.000000000000000000e+00,-1.521211313082653782e-01,-0.000000000000000000e+00,-0.000000000000000000e+00,-3.718392691586799859e-02,1.461072421378992292e+00,-2.115553136028344994e-01,0.000000000000000000e+00,-0.000000000000000000e+00,-0.000000000000000000e+00,-1.928622032350694460e-01,-0.000000000000000000e+00,-6.604377511320718222e-03,-0.000000000000000000e+00,-0.000000000000000000e+00,-0.000000000000000000e+00,-0.000000000000000000e+00,-0.000000000000000000e+00,-0.000000000000000000e+00,-0.000000000000000000e+00,-0.000000000000000000e+00,-1.140176034784320391e-01,-0.000000000000000000e+00,-0.000000000000000000e+00,-0.000000000000000000e+00,-0.000000000000000000e+00,-0.000000000000000000e+00
-0.000000000000000000e+00,-0.000000000000000000e+00,-0.000000000000000000e+00,-0.000000000000000000e+00,-0.000000000000000000e+00,-0.000000000000000000e+00,0.000000000000000000e+00,-0.000000000000000000e+00,-0.000000000000000000e+00,-0.000000000000000000e+00,-0.000000000000000000e+00,-0.000000000000000000e+00,-0.000000000000000000e+00,-0.000000000000000000e+00,-2.387239361745583169e-02,-0.000000000000000000e+00,-0.000000000000000000e+00,-2.115553136028344994e-01,1.046916152036540870e+00,0.000000000000000000e+00,0.000000000000000000e+00,0.000000000000000000e+00,-1.218586328230251287e-02,-0.000000000000000000e+00,-0.000000000000000000e+00,-0.000000000000000000e+00,-0.000000000000000000e+00,0.000000000000000000e+00,-0.000000000000000000e+00,-0.000000000000000000e+00,-0.000000000000000000e+00,-0.000000000000000000e+00,0.000000000000000000e+00,-0.000000000000000000e+00,-0.000000000000000000e+00,-0.000000000000000000e+00,-0.000000000000000000e+00,-0.000000000000000000e+00,-0.000000000000000000e+00
-0.000000000000000000e+00,0.000000000000000000e+00,-0.000000000000000000e+00,2.615577973348248153e-01,-0.000000000000000000e+00,3.577431899712655849e-01,-2.243454447934650070e-02,-0.000000000000000000e+00,-0.000000000000000000e+00,-0.000000000000000000e+00,-0.000000000000000000e+00,0.000000000000000000e+00,0.000000000000000000e+00,-0.000000000000000000e+00,-0.000000000000000000e+00,-0.000000000000000000e+00,-0.000000000000000000e+00,0.000000000000000000e+00,0.000000000000000000e+00,1.742881938339600367e+00,-2.620308561061792663e-01,-2.653539919927030283e-02,-0.000000000000000000e+00,-0.000000000000000000e+00,-0.000000000000000000e+00,-0.000000000000000000e+00,-0.000000000000000000e+00,-1.929845762414516275e-01,-0.000000000000000000e+00,-0.000000000000000000e+00,-0.000000000000000000e+00,-1.593261486171037300e-01,-1.770122950554208208e-01,0.000000000000000000e+00,-1.782301417747066130e-01,0.000000000000000000e+00,-9.617830366670843123e-02,-0.000000000000000000e+00,-0.000000000000000000e+00
-0.000000000000000000e+00,0.000000000000000000e+00,-9.338097055031836791e-02,1.027361940718928557e-01,-0.000000000000000000e+00,9.583346168284603839e-02,-3.046732306150000402e-02,0.000000000000000000e+00,-0.000000000000000000e+00,-0.000000000000000000e+00,-3.648607857018156680e-02,0.000000000000000000e+00,3.352141043543740550e-03,-0.000000000000000000e+00,-0.000000000000000000e+00,-0.000000000000000000e+00,-0.000000000000000000e+00,-0.000000000000000000e+00,0.000000000000000000e+00,-2.620308561061792663e-01,2.370391224069570146e+00,-2.170277088780048491e-01,-0.000000000000000000e+00,-0.000000000000000000e+00,-0.000000000000000000e+00,-0.000000000000000000e+00,-0.000000000000000000e+00,-5.121689471340626909e-01,-0.000000000000000000e+00,-0.000000000000000000e+00,-7.969202218517094927e-02,-2.075504966740369106e-01,-4.465561729913839484e-01,0.000000000000000000e+00,-1.886208326504637822e-01,-0.000000000000000000e+00,-2.050291714037060509e-01,-0.000000000000000000e+00,-0.000000000000000000e+00
-0.000000000000000000e+00,-0.000000000000000000e+00,-0.000000000000000000e+00,0.000000000000000000e+00,-0.000000000000000000e+00,0.000000000000000000e+00,-1.963680095453311236e-01,-0.000000000000000000e+00,-0.000000000000000000e+00,-0.000000000000000000e+00,-4.496094296299992660e-02,-0.000000000000000000e+00,1.962784646036098979e-02,-0.000000000000000000e+00,-0.000000000000000000e+00,-9.220340031923493496e-02,-0.000000000000000000e+00,-0.000000000000000000e+00,0.000000000000000000e+00,-2.653539919927030283e-02,-2.170277088780048491e-01,1.856094477037332879e+00,-0.000000000000000000e+00,-0.000000000000000000e+00,-0.000000000000000000e+00,-0.000000000000000000e+00,-4.836524527626832187e-02,-3.834116746283315336e-01,-0.000000000000000000e+00,-0.000000000000000000e+00,-2.840313577414909640e-01,-9.435097799809732955e-02,-2.248825417521976011e-01,0.000000000000000000e+00,-9.433652251229069502e-03,-0.000000000000000000e+00,-4.029966493785559767e-02,-0.000000000000000000e+00,-0.000000000000000000e+00
-2.737577654808624472e-01,-7.072229528537264491e-03,-0.000000000000000000e+00,-0.000000000000000000e+00,-0.000000000000000000e+00,-0.000000000000000000e+00,0.000000000000000000e+00,0.000000000000000000e+00,-9.973081336519620810e-02,-1.060391964891990897e-02,-0.000000000000000000e+00,-1.708213056097759863e-01,0.000000000000000000e+00,-3.976664575780173433e-02,-0.000000000000000000e+00,-0.000000000000000000e+00,-2.733964581049281861e-01,-1.928622032350694460e-01,-1.218586328230251287e-02,-0.000000000000000000e+00,-0.000000000000000000e+00,-0.000000000000000000e+00,2.002815022828966729e+00,-1.332449102407183006e-01,-3.000863232533257929e-01,-0.000000000000000000e+00,-0.000000000000000000e+00,-0.000000000000000000e+00,-1.725100892437024802e-01,-0.000000000000000000e+00,-0.000000000000000000e+00,-0.000000000000000000e+00,-0.000000000000000000e+00,-0.000000000000000000e+00,-0.000000000000000000e+00,-2.284121351896874208e-01,-0.000000000000000000e+00,-1.497018843171786517e-01,-1.026596212067835412e-01
-0.000000000000000000e+00,-0.000000000000000000e+00,-0.000000000000000000e+00,0.000000000000000000e+00,-0.000000000000000000e+00,0.000000000000000000e+00,-0.000000000000000000e+00,0.000000000000000000e+00,-0.000000000000000000e+00,-2.230754292104068087e-02,-1.619761471935187991e-01,-0.000000000000000000e+00,0.000000000000000000e+00,-2.156849537037833220e-01,-0.000000000000000000e+00,-8.041376672924682723e-02,-0.000000000000000000e+00,-0.000000000000000000e+00,-0.000000000000000000e+00,-0.000000000000000000e+00,-0.000000000000000000e+00,-0.000000000000000000e+00,-1.332449102407183006e-01,1.297150521591523331e+00,-1.515752591847787517e-02,-0.000000000000000000e+00,-0.000000000000000000e+00,-0.000000000000000000e+00,-0.000000000000000000e+00,-0.000000000000000000e+00,-0.000000000000000000e+00,-0.000000000000000000e+00,-4.763798187123845229e-02,-0.000000000000000000e+00,-0.000000000000000000e+00,-0.000000000000000000e+00,-1.305663601520033745e-01,-0.000000000000000000e+00,-0.000000000000000000e+00
-7.794050030821722541e-02,-2.340403557121198685e-01,-0.000000000000000000e+00,-0.000000000000000000e+00,-0.000000000000000000e+00,-0.000000000000000000e+00,-0.000000000000000000e+00,0.000000000000000000e+00,-2.432016271674810881e-01,-3.357440455043131933e-01,-0.000000000000000000e+00,-0.000000000000000000e+00,0.000000000000000000e+00,-0.000000000000000000e+00,-0.000000000000000000e+00,-1.304298204080563128e-01,-0.000000000000000000e+00,-6.604377511320718222e-03,-0.000000000000000000e+00,-0.000000000000000000e+00,-0.000000000000000000e+00,-0.000000000000000000e+00,-3.000863232533257929e-01,-1.515752591847787517e-02,2.177430033498817252e+00,-4.701903962278026344e-02,-0.000000000000000000e+00,-0.000000000000000000e+00,-0.000000000000000000e+00,-2.950611918432539671e-01,-0.000000000000000000e+00,-0.000000000000000000e+00,-0.000000000000000000e+00,-6.564106158018469250e-02,-0.000000000000000000e+00,-2.716970632247042716e-01,-0.000000000000000000e+00,-3.529813161416532619e-02,-1.436314575894997170e-01
-3.497507031290932322e-01,-0.000000000000000000e+00,-2.435562626303007169e-02,0.000000000000000000e+00,-1.811289851061425107e-02,0.000000000000000000e+00,-0.000000000000000000e+00,0.000000000000000000e+00,-2.343410956641080178e-01,-2.244919376722845084e-01,-9.966010863230768957e-02,-0.000000000000000000e+00,3.182875916330701188e-02,-2.780901333040014523e-01,-0.000000000000000000e+00,-3.292912647788868719e-01,-0.000000000000000000e+00,-0.000000000000000000e+00,-0.000000000000000000e+00,-0.000000000000000000e+00,-0.000000000000000000e+00,-0.000000000000000000e+00,-0.000000000000000000e+00,-0.000000000000000000e+00,-4.701903962278026344e-02,2.501265807050654821e+00,-9.679276508579853777e-02,-9.841339730233526761e-02,-0.000000000000000000e+00,-0.000000000000000000e+00,-1.754871198774531904e-01,-4.106095419548355663e-02,-0.000000000000000000e+00,-0.000000000000000000e+00,-0.000000000000000000e+00,-0.000000000000000000e+00,-0.000000000000000000e+00,-4.654432505494268679e-01,-9.794212953428134416e-02
-0.000000000000000000e+00,0.000000000000000000e+00,-0.000000000000000000e+00,0.000000000000000000e+00,-0.000000000000000000e+00,0.000000000000000000e+00,0.000000000000000000e+00,0.000000000000000000e+00,-0.000000000000000000e+00,-0.000000000000000000e+00,-9.518144720132237779e-03,-9.088957692650528886e-02,1.590801537669569721e-01,-0.000000000000000000e+00,-0.000000000000000000e+00,-0.000000000000000000e+00,-1.581863066874998336e-01,-0.000000000000000000e+00,-0.000000000000000000e+00,-0.000000000000000000e+00,-0.000000000000000000e+00,-4.836524527626832187e-02,-0.000000000000000000e+00,-0.000000000000000000e+00,-0.000000000000000000e+00,-9.679276508579853777e-02,2.078454880392229587e+00,-0.000000000000000000e+00,-0.000000000000000000e+00,-0.000000000000000000e+00,-5.816485172051157893e-01,-2.647274621643166403e-01,-2.990143239501155334e-02,-0.000000000000000000e+00,-7.068018007590560689e-03,-0.000000000000000000e+00,-4.852981339308738012e-02,-2.438576685103773511e-01,-2.892364875194979867e-01
-0.000000000000000000e+00,-0.000000000000000000e+00,-1.050667374974355306e-01,8.362076868759441006e-02,-0.000000000000000000e+00,0.000000000000000000e+00,-2.700891237589681526e-01,0.000000000000000000e+00,-0.000000000000000000e+00,-0.000000000000000000e+00,-1.800645349477845991e-01,0.000000000000000000e+00,0.000000000000000000e+00,-5.754342707521295855e-03,-1.471307871058080419e-01,-1.931118215423480722e-01,-0.000000000000000000e+00,-0.000000000000000000e+00,0.000000000000000000e+00,-1.929845762414516275e-01,-5.121689471340626909e-01,-3.834116746283315336e-01,-0.000000000000000000e+00,-0.000000000000000000e+00,-0.000000000000000000e+00,-9.841339730233526761e-02,-0.000000000000000000e+00,2.697941399803261753e+00,-0.000000000000000000e+00,-0.000000000000000000e+00,-3.438351660830993306e-02,-1.963613916068308596e-01,-4.412955256670930693e-01,0.000000000000000000e+00,-6.657412675516890394e-03,-0.000000000000000000e+00,-2.358532012558990643e-01,-0.000000000000000000e+00,-0.000000000000000000e+00
-7.951894478492678442e-02,-2.819033169713332579e-02,-0.000000000000000000e+00,0.000000000000000000e+00,-1.487532455028162896e-03,-0.000000000000000000e+00,-0.000000000000000000e+00,-0.000000000000000000e+00,-0.000000000000000000e+00,-0.000000000000000000e+00,-0.000000000000000000e+00,-0.000000000000000000e+00,0.000000000000000000e+00,-0.000000000000000000e+00,-0.000000000000000000e+00,-0.000000000000000000e+00,-2.118132672512884271e-02,-0.000000000000000000e+00,-0.000000000000000000e+00,-0.000000000000000000e+00,-0.000000000000000000e+00,-0.000000000000000000e+00,-1.725100892437024802e-01,-0.000000000000000000e+00,-0.000000000000000000e+00,-0.000000000000000000e+00,-0.000000000000000000e+00,-0.000000000000000000e+00,1.372463633293696805e+00,-3.700480482986936298e-02,-0.000000000000000000e+00,-0.000000000000000000e+00,-0.000000000000000000e+00,-0.000000000000000000e+00,-5.406012015388214076e-01,-0.000000000000000000e+00,-0.000000000000000000e+00,-3.631457987926953179e-02,-0.000000000000000000e+00
-2.602514372456355973e-01,-4.407398343037267074e-01,-0.000000000000000000e+00,0.000000000000000000e+00,-0.000000000000000000e+00,-0.000000000000000000e+00,-0.000000000000000000e+00,0.000000000000000000e+00,-8.224862043262870515e-02,-1.831405067777805984e-01,-0.000000000000000000e+00,-0.000000000000000000e+00,0.000000000000000000e+00,-0.000000000000000000e+00,-0.000000000000000000e+00,-2.843220267514723898e-01,-0.000000000000000000e+00,-0.000000000000000000e+00,-0.000000000000000000e+00,-0.000000000000000000e+00,-0.000000000000000000e+00,-0.000000000000000000e+00,-0.000000000000000000e+00,-0.000000000000000000e+00,-2.950611918432539671e-01,-0.000000000000000000e+00,-0.000000000000000000e+00,-0.000000000000000000e+00,-3.700480482986936298e-02,1.832414983306549949e+00,-0.000000000000000000e+00,-0.000000000000000000e+00,-0.000000000000000000e+00,-0.000000000000000000e+00,-0.000000000000000000e+00,-0.000000000000000000e+00,-0.000000000000000000e+00,-0.000000000000000000e+00,-0.000000000000000000e+00
-0.000000000000000000e+00,-0.000000000000000000e+00,-6.614974968353781737e-02,0.000000000000000000e+00,-0.000000000000000000e+00,0.000000000000000000e+00,-0.000000000000000000e+00,0.000000000000000000e+00,-9.729982608616965720e-03,-1.363918323137021105e-01,-1.007804961397481963e-01,-0.000000000000000000e+00,6.084387320830950685e-01,-2.104658817453432945e-02,-0.000000000000000000e+00,-8.662673086618430385e-02,-0.000000000000000000e+00,-0.000000000000000000e+00,-0.000000000000000000e+00,-0.000000000000000000e+00,-7.969202218517094927e-02,-2.840313577414909640e-01,-0.000000000000000000e+00,-0.000000000000000000e+00,-0.000000000000000000e+00,-1.754871198774531904e-01,-5.816485172051157893e-01,-3.438351660830993306e-02,-0.000000000000000000e+00,-0.000000000000000000e+00,2.778458110512519674e+00,-1.349993769663754284e-01,-4.191798096439572907e-01,-0.000000000000000000e+00,-1.179790763260484508e-02,-0.000000000000000000e+00,-2.742313538872325207e-01,-0.000000000000000000e+00,-0.000000000000000000e+00
-0.000000000000000000e+00,-0.000000000000000000e+00,-0.000000000000000000e+00,0.000000000000000000e+00,-0.000000000000000000e+00,0.000000000000000000e+00,-0.000000000000000000e+00,0.000000000000000000e+00,-0.000000000000000000e+00,-0.000000000000000000e+00,-4.251886903687263075e-01,-0.000000000000000000e+00,0.000000000000000000e+00,-4.042015489726998034e-03,-1.467818274088024399e-01,-5.747657807533597396e-02,-0.000000000000000000e+00,-0.000000000000000000e+00,-0.000000000000000000e+00,-1.593261486171037300e-01,-2.075504966740369106e-01,-9.435097799809732955e-02,-0.000000000000000000e+00,-0.000000000000000000e+00,-0.000000000000000000e+00,-4.106095419548355663e-02,-2.647274621643166403e-01,-1.963613916068308596e-01,-0.000000000000000000e+00,-0.000000000000000000e+00,-1.349993769663754284e-01,2.489250147053440276e+00,-1.354718895032989701e-01,0.000000000000000000e+00,-0.000000000000000000e+00,-0.000000000000000000e+00,-6.516693472354418981e-01,-3.155654298220247206e-02,-0.000000000000000000e+00
-0.000000000000000000e+00,-0.000000000000000000e+00,-0.000000000000000000e+00,0.000000000000000000e+00,-0.000000000000000000e+00,0.000000000000000000e+00,-0.000000000000000000e+00,-0.000000000000000000e+00,-0.000000000000000000e+00,-0.000000000000000000e+00,-3.611596812563331316e-01,-0.000000000000000000e+00,1.158256194839267506e-01,-0.000000000000000000e+00,-0.000000000000000000e+00,-0.000000000000000000e+00,-0.000000000000000000e+00,-0.000000000000000000e+00,0.000000000000000000e+00,-1.770122950554208208e-01,-4.465561729913839484e-01,-2.248825417521976011e-01,-0.000000000000000000e+00,-4.763798187123845229e-02,-0.000000000000000000e+00,-0.000000000000000000e+00,-2.990143239501155334e-02,-4.412955256670930693e-01,-0.000000000000000000e+00,-0.000000000000000000e+00,-4.191798096439572907e-01,-1.354718895032989701e-01,2.646265637160598594e+00,0.000000000000000000e+00,-1.700922635419270801e-01,0.000000000000000000e+00,-1.892300856775402662e-01,-0.000000000000000000e+00,-0.000000000000000000e+00
-0.000000000000000000e+00,-3.686202901041622793e-02,-0.000000000000000000e+00,-2.163732936623819214e-01,-1.928309610951571551e-01,-7.900871748469884270e-02,0.000000000000000000e+00,1.357864495179705311e-01,-4.453331773504076718e-01,-0.000000000000000000e+00,-0.000000000000000000e+00,-1.143027870597694978e-01,0.000000000000000000e+00,-0.000000000000000000e+00,0.000000000000000000e+00,-0.000000000000000000e+00,-0.000000000000000000e+00,-1.140176034784320391e-01,-0.000000000000000000e+00,0.000000000000000000e+00,0.000000000000000000e+00,0.000000000000000000e+00,-0.000000000000000000e+00,-0.000000000000000000e+00,-6.564106158018469250e-02,-0.000000000000000000e+00,-0.000000000000000000e+00,0.000000000000000000e+00,-0.000000000000000000e+00,-0.000000000000000000e+00,-0.000000000000000000e+00,0.000000000000000000e+00,0.000000000000000000e+00,1.470022576428458683e+00,0.000000000000000000e+00,-0.000000000000000000e+00,0.000000000000000000e+00,-0.000000000000000000e+00,-4.013473091213157207e-02
-0.000000000000000000e+00,-0.000000000000000000e+00,-0.000000000000000000e+00,0.000000000000000000e+00,-0.000000000000000000e+00,0.000000000000000000e+00,-0.000000000000000000e+00,-0.000000000000000000e+00,-0.000000000000000000e+00,-0.000000000000000000e+00,-0.000000000000000000e+00,-0.000000000000000000e+00,0.000000000000000000e+00,-0.000000000000000000e+00,-0.000000000000000000e+00,-0.000000000000000000e+00,-3.155813722038300351e-01,-0.000000000000000000e+00,-0.000000000000000000e+00,-1.782301417747066130e-01,-1.886208326504637822e-01,-9.433652251229069502e-03,-0.000000000000000000e+00,-0.000000000000000000e+00,-0.000000000000000000e+00,-0.000000000000000000e+00,-7.068018007590560689e-03,-6.657412675516890394e-03,-5.406012015388214076e-01,-0.000000000000000000e+00,-1.179790763260484508e-02,-0.000000000000000000e+00,-1.700922635419270801e-01,0.000000000000000000e+00,1.685622181878690284e+00,-0.000000000000000000e+00,-1.094564034005570813e-01,-0.000000000000000000e+00,-0.000000000000000000e+00
-2.071626756928966195e-01,-1.549668384966662316e-01,-0.000000000000000000e+00,0.000000000000000000e+00,-1.650537947711649966e-01,-0.000000000000000000e+00,0.000000000000000000e+00,0.000000000000000000e+00,-0.000000000000000000e+00,-0.000000000000000000e+00,-0.000000000000000000e+00,-1.381956516295436144e-01,0.000000000000000000e+00,-0.000000000000000000e+00,-0.000000000000000000e+00,-0.000000000000000000e+00,-0.000000000000000000e+00,-0.000000000000000000e+00,-0.000000000000000000e+00,0.000000000000000000e+00,-0.000000000000000000e+00,-0.000000000000000000e+00,-2.284121351896874208e-01,-0.000000000000000000e+00,-2.716970632247042716e-01,-0.000000000000000000e+00,-0.000000000000000000e+00,-0.000000000000000000e+00,-0.000000000000000000e+00,-0.000000000000000000e+00,-0.000000000000000000e+00,-0.000000000000000000e+00,0.000000000000000000e+00,-0.000000000000000000e+00,-0.000000000000000000e+00,1.595557394908732496e+00,-0.000000000000000000e+00,-0.000000000000000000e+00,-1.644905736118545680e-01
-0.000000000000000000e+00,-0.000000000000000000e+00,-0.000000000000000000e+00,0.000000000000000000e+00,-0.000000000000000000e+00,0.000000000000000000e+00,-0.000000000000000000e+00,0.000000000000000000e+00,-0.000000000000000000e+00,-0.000000000000000000e+00,-2.894868164058011506e-01,-0.000000000000000000e+00,0.000000000000000000e+00,-1.257097983507213801e-01,-0.000000000000000000e+00,-4.116896547370579168e-02,-3.260681040971157713e-02,-0.000000000000000000e+00,-0.000000000000000000e+00,-9.617830366670843123e-02,-2.050291714037060509e-01,-4.029966493785559767e-02,-0.000000000000000000e+00,-1.305663601520033745e-01,-0.000000000000000000e+00,-0.000000000000000000e+00,-4.852981339308738012e-02,-2.358532012558990643e-01,-0.000000000000000000e+00,-0.000000000000000000e+00,-2.742313538872325207e-01,-6.516693472354418981e-01,-1.892300856775402662e-01,0.000000000000000000e+00,-1.094564034005570813e-01,-0.000000000000000000e+00,2.445613845098063788e+00,-0.000000000000000000e+00,-0.000000000000000000e+00
-1.382703372921656182e-01,-0.000000000000000000e+00,-0.000000000000000000e+00,0.000000000000000000e+00,-0.000000000000000000e+00,0.000000000000000000e+00,-0.000000000000000000e+00,0.000000000000000000e+00,-0.000000000000000000e+00,-0.000000000000000000e+00,-2.834442346604337803e-02,-9.793445318709613490e-02,0.000000000000000000e+00,-0.000000000000000000e+00,-2.628995586655740180e-01,-5.278460413553664327e-02,-1.091563965066360553e-01,-0.000000000000000000e+00,-0.000000000000000000e+00,-0.000000000000000000e+00,-0.000000000000000000e+00,-0.000000000000000000e+00,-1.497018843171786517e-01,-0.000000000000000000e+00,-3.529813161416532619e-02,-4.654432505494268679e-01,-2.438576685103773511e-01,-0.000000000000000000e+00,-3.631457987926953179e-02,-0.000000000000000000e+00,-0.000000000000000000e+00,-3.155654298220247206e-02,-0.000000000000000000e+00,-0.000000000000000000e+00,-0.000000000000000000e+00,-0.000000000000000000e+00,-0.000000000000000000e+00,1.903120386434357325e+00,-2.270265534823961706e-01
-7.171114855790439169e-02,-0.000000000000000000e+00,-0.000000000000000000e+00,-0.000000000000000000e+00,-0.000000000000000000e+00,-0.000000000000000000e+00,0.000000000000000000e+00,0.000000000000000000e+00,-4.017881034714623212e-01,-1.395431103397998251e-01,-0.000000000000000000e+00,-6.526926115000492024e-01,5.457406706317594058e-02,-0.000000000000000000e+00,-0.000000000000000000e+00,-0.000000000000000000e+00,-0.000000000000000000e+00,-0.000000000000000000e+00,-0.000000000000000000e+00,-0.000000000000000000e+00,-0.000000000000000000e+00,-0.000000000000000000e+00,-1.026596212067835412e-01,-0.000000000000000000e+00,-1.436314575894997170e-01,-9.794212953428134416e-02,-2.892364875194979867e-01,-0.000000000000000000e+00,-0.000000000000000000e+00,-0.000000000000000000e+00,-0.000000000000000000e+00,-0.000000000000000000e+00,-0.000000000000000000e+00,-4.013473091213157207e-02,-0.000000000000000000e+00,-1.644905736118545680e-01,-0.000000000000000000e+00,-2.270265534823961706e-01,2.274528677079507233e+00
