2.379183079952966295e+00,-4.984716857808163537e-01,-0.000000000000000000e+00,-0.000000000000000000e+00,-0.000000000000000000e+00,-0.000000000000000000e+00,-0.000000000000000000e+00,0.000000000000000000e+00,-0.000000000000000000e+00,-1.590918659379349925e-02,-0.000000000000000000e+00,-1.122539241944289085e-01,0.000000000000000000e+00,-2.232262866459986117e-01,-0.000000000000000000e+00,-2.904767972486878014e-01,-0.000000000000000000e+00,-1.136166375158905312e-01,-0.000000000000000000e+00,-0.000000000000000000e+00,0.000000000000000000e+00,-2.364001601983642675e-01,-1.742189052739657740e-01,-1.864343380718603838e-01,-0.000000000000000000e+00,-3.130874162372824232e-01,-0.000000000000000000e+00,-0.000000000000000000e+00,-4.845195454542049196e-02,-3.477033650755064625e-02,-0.000000000000000000e+00,-2.909675679725377481e-02,-0.000000000000000000e+00,-0.000000000000000000e+00,-0.000000000000000000e+00,-0.000000000000000000e+00,-3.933417861458655962e-02,-4.933211149935733814e-02,-1.612947597989452253e-01
-4.984716857808163537e-01,1.971018113277577699e+00,-0.000000000000000000e+00,-0.000000000000000000e+00,-0.000000000000000000e+00,-0.000000000000000000e+00,-0.000000000000000000e+00,0.000000000000000000e+00,-0.000000000000000000e+00,-1.491497549746117202e-01,-0.000000000000000000e+00,-1.598408441353870446e-01,0.000000000000000000e+00,-0.000000000000000000e+00,-0.000000000000000000e+00,-3.318940234426745461e-01,-0.000000000000000000e+00,-0.000000000000000000e+00,0.000000000000000000e+00,-0.000000000000000000e+00,0.000000000000000000e+00,-0.000000000000000000e+00,-1.219194060077398402e-03,-0.000000000000000000e+00,-4.044714606445411198e-02,-0.000000000000000000e+00,-0.000000000000000000e+00,-0.000000000000000000e+00,-0.000000000000000000e+00,-3.422938595417956420e-01,-0.000000000000000000e+00,-0.000000000000000000e+00,-0.000000000000000000e+00,-0.000000000000000000e+00,-0.000000000000000000e+00,-0.000000000000000000e+00,-0.000000000000000000e+00,-0.000000000000000000e+00,-2.919717465988197480e-01
-0.000000000000000000e+00,-0.000000000000000000e+00,2.439091500580556460e+00,-0.000000000000000000e+00,-2.840511038380091891e-01,-0.000000000000000000e+00,-2.003521495342336645e-01,8.522352469732354940e-01,-0.000000000000000000e+00,-0.000000000000000000e+00,-0.000000000000000000e+00,-0.000000000000000000e+00,3.105885722152532807e-02,-2.552853256713334337e-02,0.000000000000000000e+00,-0.000000000000000000e+00,-0.000000000000000000e+00,-4.902402455314306372e-03,-1.690229485846358320e-02,-0.000000000000000000e+00,-0.000000000000000000e+00,-0.000000000000000000e+00,-0.000000000000000000e+00,-0.000000000000000000e+00,-0.000000000000000000e+00,-2.347488901145756424e-01,-8.669765319326755426e-02,-6.025939277903030744e-01,-0.000000000000000000e+00,-0.000000000000000000e+00,-1.118571137100740909e-01,-0.000000000000000000e+00,-8.006278802682346984e-02,-0.000000000000000000e+00,-0.000000000000000000e+00,-0.000000000000000000e+00,-0.000000000000000000e+00,-0.000000000000000000e+00,-0.000000000000000000e+00
-0.000000000000000000e+00,-0.000000000000000000e+00,-0.000000000000000000e+00,1.581595946271996400e+00,-0.000000000000000000e+00,-0.000000000000000000e+00,-4.348347598398242253e-01,0.000000000000000000e+00,-0.000000000000000000e+00,-0.000000000000000000e+00,-9.593281189633703909e-02,0.000000000000000000e+00,0.000000000000000000e+00,-0.000000000000000000e+00,4.272164069016848309e-02,-0.000000000000000000e+00,-0.000000000000000000e+00,-0.000000000000000000e+00,-7.869868617092792840e-02,-3.570189175793326841e-01,0.000000000000000000e+00,-3.000062259664385434e-03,-0.000000000000000000e+00,-0.000000000000000000e+00,-0.000000000000000000e+00,-0.000000000000000000e+00,-0.000000000000000000e+00,-0.000000000000000000e+00,-0.000000000000000000e+00,-0.000000000000000000e+00,-0.000000000000000000e+00,-8.143438202321540142e-02,-0.000000000000000000e+00,-0.000000000000000000e+00,-1.184288713709936297e-01,-0.000000000000000000e+00,-1.469887095908231633e-01,-0.000000000000000000e+00,-0.000000000000000000e+00
-0.000000000000000000e+00,-0.000000000000000000e+00,-2.840511038380091891e-01,-0.000000000000000000e+00,1.854069197557870030e+00,-0.000000000000000000e+00,-0.000000000000000000e+00,3.089028089841640567e-01,-1.510406242500118013e-01,-1.471258040610964324e-01,-0.000000000000000000e+00,-0.000000000000000000e+00,3.452396728503449169e-02,-0.000000000000000000e+00,-0.000000000000000000e+00,-0.000000000000000000e+00,-0.000000000000000000e+00,-0.000000000000000000e+00,-0.000000000000000000e+00,-0.000000000000000000e+00,-0.000000000000000000e+00,-0.000000000000000000e+00,-0.000000000000000000e+00,-0.000000000000000000e+00,-0.000000000000000000e+00,-7.428441808683472480e-02,-0.000000000000000000e+00,-0.000000000000000000e+00,-0.000000000000000000e+00,-1.435420135840505089e-02,-0.000000000000000000e+00,-0.000000000000000000e+00,-0.000000000000000000e+00,-3.610410541415717267e-01,-0.000000000000000000e+00,-1.715331321257699548e-01,-0.000000000000000000e+00,-1.727971955102524382e-01,-6.728075933550389798e-02
-0.000000000000000000e+00,-0.000000000000000000e+00,-0.000000000000000000e+00,-0.000000000000000000e+00,-0.000000000000000000e+00,2.176156521124462895e+00,-0.000000000000000000e+00,0.000000000000000000e+00,-0.000000000000000000e+00,-0.000000000000000000e+00,-4.501784428834756241e-02,-0.000000000000000000e+00,0.000000000000000000e+00,-0.000000000000000000e+00,0.000000000000000000e+00,-0.000000000000000000e+00,-1.906515697632474027e-01,-1.211187167087503236e-01,-0.000000000000000000e+00,-0.000000000000000000e+00,0.000000000000000000e+00,-2.198060026142293899e-01,-1.508848247371847862e-01,-0.000000000000000000e+00,-1.115481960608303291e-01,-0.000000000000000000e+00,-0.000000000000000000e+00,-9.127399052751419828e-02,-9.713442107113288981e-02,-0.000000000000000000e+00,-0.000000000000000000e+00,-3.654643819260930959e-01,-2.121595578383696223e-01,0.000000000000000000e+00,-2.158323580416664222e-01,-0.000000000000000000e+00,-2.457454774049844803e-01,-0.000000000000000000e+00,-0.000000000000000000e+00
-0.000000000000000000e+00,-0.000000000000000000e+00,-2.003521495342336645e-01,-4.348347598398242253e-01,-0.000000000000000000e+00,-0.000000000000000000e+00,1.728138872665940573e+00,0.000000000000000000e+00,-4.542904073137933054e-04,-4.839510270068212469e-04,-6.868993289546293513e-02,0.000000000000000000e+00,0.000000000000000000e+00,-1.901443221468710268e-02,0.000000000000000000e+00,-0.000000000000000000e+00,-0.000000000000000000e+00,-1.801164170933266520e-03,-4.003366716693503718e-02,-8.794217963635704571e-02,0.000000000000000000e+00,-1.426521899385548575e-01,-2.344294032906693234e-03,-0.000000000000000000e+00,-0.000000000000000000e+00,-0.000000000000000000e+00,-0.000000000000000000e+00,-2.521751873596024818e-01,-0.000000000000000000e+00,-2.508884818708184694e-01,-0.000000000000000000e+00,-0.000000000000000000e+00,-0.000000000000000000e+00,-0.000000000000000000e+00,-3.901709708967717599e-02,-0.000000000000000000e+00,-6.095928669498403701e-02,-0.000000000000000000e+00,-0.000000000000000000e+00
0.000000000000000000e+00,0.000000000000000000e+00,8.522352469732354940e-01,0.000000000000000000e+00,3.089028089841640567e-01,0.000000000000000000e+00,0.000000000000000000e+00,1.938352269193374333e+00,0.000000000000000000e+00,0.000000000000000000e+00,0.000000000000000000e+00,0.000000000000000000e+00,-1.535498807989242875e-01,0.000000000000000000e+00,-0.000000000000000000e+00,0.000000000000000000e+00,0.000000000000000000e+00,0.000000000000000000e+00,0.000000000000000000e+00,0.000000000000000000e+00,4.927534052180485014e-02,0.000000000000000000e+00,0.000000000000000000e+00,0.000000000000000000e+00,0.000000000000000000e+00,0.000000000000000000e+00,0.000000000000000000e+00,1.214910591447983246e-02,0.000000000000000000e+00,0.000000000000000000e+00,6.295836359679521377e-02,0.000000000000000000e+00,0.000000000000000000e+00,2.844089709512692687e-01,-0.000000000000000000e+00,0.000000000000000000e+00,0.000000000000000000e+00,0.000000000000000000e+00,0.000000000000000000e+00
-0.000000000000000000e+00,-0.000000000000000000e+00,-0.000000000000000000e+00,-0.000000000000000000e+00,-1.510406242500118013e-01,-0.000000000000000000e+00,-4.542904073137933054e-04,0.000000000000000000e+00,2.301628344312120156e+00,-3.930767759307229325e-01,-0.000000000000000000e+00,-0.000000000000000000e+00,0.000000000000000000e+00,-1.359691172637529921e-01,0.000000000000000000e+00,-7.882251689283713281e-02,-0.000000000000000000e+00,-0.000000000000000000e+00,-2.408649338091406467e-02,-0.000000000000000000e+00,0.000000000000000000e+00,-0.000000000000000000e+00,-1.932725346296148422e-02,-2.213079557539216757e-01,-7.630754524369982861e-02,-1.095719044851921065e-01,-1.505906393443343372e-01,-0.000000000000000000e+00,-0.000000000000000000e+00,-9.168404096088404731e-02,-0.000000000000000000e+00,-0.000000000000000000e+00,-0.000000000000000000e+00,-0.000000000000000000e+00,-0.000000000000000000e+00,-7.614263014153184461e-02,-0.000000000000000000e+00,-3.653753026121979164e-01,-4.557192431719095382e-01
-1.590918659379349925e-02,-1.491497549746117202e-01,-0.000000000000000000e+00,-0.000000000000000000e+00,-1.471258040610964324e-01,-0.000000000000000000e+00,-4.839510270068212469e-04,0.000000000000000000e+00,-3.930767759307229325e-01,2.264139192396395828e+00,-0.000000000000000000e+00,-0.000000000000000000e+00,0.000000000000000000e+00,-6.548984452531825262e-02,-0.000000000000000000e+00,-4.394982610413994961e-01,-0.000000000000000000e+00,-0.000000000000000000e+00,-0.000000000000000000e+00,-0.000000000000000000e+00,0.000000000000000000e+00,-0.000000000000000000e+00,-1.206593873471237532e-01,-1.345819093794432264e-01,-0.000000000000000000e+00,-0.000000000000000000e+00,-0.000000000000000000e+00,-0.000000000000000000e+00,-0.000000000000000000e+00,-3.206241441885218091e-01,-0.000000000000000000e+00,-0.000000000000000000e+00,-0.000000000000000000e+00,-0.000000000000000000e+00,-0.000000000000000000e+00,-7.763872631128820867e-02,-0.000000000000000000e+00,-7.198249286345313747e-02,-3.451105892004461273e-01
-0.000000000000000000e+00,-0.000000000000000000e+00,-0.000000000000000000e+00,-9.593281189633703909e-02,-0.000000000000000000e+00,-4.501784428834756241e-02,-6.868993289546293513e-02,0.000000000000000000e+00,-0.000000000000000000e+00,-0.000000000000000000e+00,1.294048974603786428e+00,-0.000000000000000000e+00,0.000000000000000000e+00,-0.000000000000000000e+00,0.000000000000000000e+00,-0.000000000000000000e+00,-1.942017241554147566e-02,-7.592811153009219882e-02,-3.399799721382917861e-02,-7.136637787273977795e-02,0.000000000000000000e+00,-0.000000000000000000e+00,-0.000000000000000000e+00,-0.000000000000000000e+00,-0.000000000000000000e+00,-0.000000000000000000e+00,-0.000000000000000000e+00,-1.424952215730278804e-01,-0.000000000000000000e+00,-0.000000000000000000e+00,-0.000000000000000000e+00,-8.031182201964068290e-02,-1.492543445411265157e-01,0.000000000000000000e+00,-0.000000000000000000e+00,-0.000000000000000000e+00,-7.583505279298488611e-02,-0.000000000000000000e+00,-0.000000000000000000e+00
-1.122539241944289085e-01,-1.598408441353870446e-01,-0.000000000000000000e+00,0.000000000000000000e+00,-0.000000000000000000e+00,-0.000000000000000000e+00,0.000000000000000000e+00,0.000000000000000000e+00,-0.000000000000000000e+00,-0.000000000000000000e+00,-0.000000000000000000e+00,1.433732073265698626e+00,2.076862456695065251e-02,-0.000000000000000000e+00,-2.730615541361146037e-01,-0.000000000000000000e+00,-0.000000000000000000e+00,-0.000000000000000000e+00,-0.000000000000000000e+00,-0.000000000000000000e+00,-0.000000000000000000e+00,-0.000000000000000000e+00,-0.000000000000000000e+00,-0.000000000000000000e+00,-2.911088773748949365e-01,-1.799609677802762805e-02,-1.189819134671983580e-01,-0.000000000000000000e+00,-0.000000000000000000e+00,-0.000000000000000000e+00,-6.565518421932663162e-02,-0.000000000000000000e+00,-0.000000000000000000e+00,-0.000000000000000000e+00,-0.000000000000000000e+00,-1.101658342150837466e-01,-0.000000000000000000e+00,-1.013288785427108873e-01,-0.000000000000000000e+00
0.000000000000000000e+00,0.000000000000000000e+00,3.105885722152532807e-02,0.000000000000000000e+00,3.452396728503449169e-02,0.000000000000000000e+00,0.000000000000000000e+00,-1.535498807989242875e-01,0.000000000000000000e+00,0.000000000000000000e+00,0.000000000000000000e+00,2.076862456695065251e-02,1.679779315297222020e+00,0.000000000000000000e+00,0.000000000000000000e+00,0.000000000000000000e+00,0.000000000000000000e+00,0.000000000000000000e+00,0.000000000000000000e+00,0.000000000000000000e+00,9.451009801253903997e-02,0.000000000000000000e+00,0.000000000000000000e+00,0.000000000000000000e+00,4.585155422592129826e-02,1.749157983483285717e-01,2.536725904061338382e-02,0.000000000000000000e+00,0.000000000000000000e+00,0.000000000000000000e+00,6.431732175015908437e-01,0.000000000000000000e+00,0.000000000000000000e+00,1.657343734206375430e-01,0.000000000000000000e+00,0.000000000000000000e+00,0.000000000000000000e+00,0.000000000000000000e+00,5.153906014082614701e-02
-2.232262866459986117e-01,-0.000000000000000000e+00,-2.552853256713334337e-02,-0.000000000000000000e+00,-0.000000000000000000e+00,-0.000000000000000000e+00,-1.901443221468710268e-02,0.000000000000000000e+00,-1.359691172637529921e-01,-6.548984452531825262e-02,-0.000000000000000000e+00,-0.000000000000000000e+00,0.000000000000000000e+00,2.413039630422458615e+00,-0.000000000000000000e+00,-1.438006103127676960e-01,-5.422583059791608040e-02,-9.248557604869606097e-02,-0.000000000000000000e+00,-0.000000000000000000e+00,0.000000000000000000e+00,-0.000000000000000000e+00,-3.226254141431565969e-01,-2.716547804729693150e-01,-1.918378184767921268e-01,-2.348676572928796447e-01,-1.013424193998337108e-01,-0.000000000000000000e+00,-8.018188196874521945e-02,-0.000000000000000000e+00,-0.000000000000000000e+00,-6.732005009583101607e-02,-1.436592652151839622e-01,-0.000000000000000000e+00,-0.000000000000000000e+00,-2.789579637900403974e-01,-9.765437365607791687e-02,-4.665479465037071505e-02,-0.000000000000000000e+00
-0.000000000000000000e+00,-0.000000000000000000e+00,0.000000000000000000e+00,4.272164069016848309e-02,-0.000000000000000000e+00,0.000000000000000000e+00,0.000000000000000000e+00,-0.000000000000000000e+00,0.000000000000000000e+00,-0.000000000000000000e+00,0.000000000000000000e+00,-2.730615541361146037e-01,0.000000000000000000e+00,-0.000000000000000000e+00,1.067206166625203068e+00,-0.000000000000000000e+00,0.000000000000000000e+00,-0.000000000000000000e+00,0.000000000000000000e+00,0.000000000000000000e+00,-0.000000000000000000e+00,0.000000000000000000e+00,-0.000000000000000000e+00,-0.000000000000000000e+00,-0.000000000000000000e+00,-0.000000000000000000e+00,0.000000000000000000e+00,0.000000000000000000e+00,0.000000000000000000e+00,-0.000000000000000000e+00,-0.000000000000000000e+00,0.000000000000000000e+00,0.000000000000000000e+00,-0.000000000000000000e+00,0.000000000000000000e+00,-0.000000000000000000e+00,0.000000000000000000e+00,-0.000000000000000000e+00,0.000000000000000000e+00
-2.904767972486878014e-01,-3.318940234426745461e-01,-0.000000000000000000e+00,-0.000000000000000000e+00,-0.000000000000000000e+00,-0.000000000000000000e+00,-0.000000000000000000e+00,0.000000000000000000e+00,-7.882251689283713281e-02,-4.394982610413994961e-01,-0.000000000000000000e+00,-0.000000000000000000e+00,0.000000000000000000e+00,-1.438006103127676960e-01,-0.000000000000000000e+00,2.018916674339197304e+00,-0.000000000000000000e+00,-0.000000000000000000e+00,-0.000000000000000000e+00,-0.000000000000000000e+00,0.000000000000000000e+00,-1.273857932754088838e-02,-0.000000000000000000e+00,-1.191877816749715296e-01,-8.315613157540228603e-03,-0.000000000000000000e+00,-0.000000000000000000e+00,-0.000000000000000000e+00,-0.000000000000000000e+00,-2.590058378934559369e-01,-0.000000000000000000e+00,-0.000000000000000000e+00,-0.000000000000000000e+00,-0.000000000000000000e+00,-0.000000000000000000e+00,-0.000000000000000000e+00,-0.000000000000000000e+00,-0.000000000000000000e+00,-1.696103458531544039e-01
-0.000000000000000000e+00,-0.000000000000000000e+00,-0.000000000000000000e+00,-0.000000000000000000e+00,-0.000000000000000000e+00,-1.906515697632474027e-01,-0.000000000000000000e+00,0.000000000000000000e+00,-0.000000000000000000e+00,-0.000000000000000000e+00,-1.942017241554147566e-02,-0.000000000000000000e+00,0.000000000000000000e+00,-5.422583059791608040e-02,0.000000000000000000e+00,-0.000000000000000000e+00,2.641925779708831357e+00,-0.000000000000000000e+00,-8.357902197955324741e-02,-0.000000000000000000e+00,0.000000000000000000e+00,-1.503527492376751373e-01,-1.580776373613293206e-01,-1.724687079398512859e-02,-0.000000000000000000e+00,-0.000000000000000000e+00,-5.064528830381679475e-02,-1.463743767693590214e-01,-4.519426220272668160e-01,-0.000000000000000000e+00,-0.000000000000000000e+00,-3.342292704739884823e-01,-3.540384387336962257e-01,0.000000000000000000e+00,-3.348342254579790289e-01,-0.000000000000000000e+00,-2.807125897124211900e-01,-0.000000000000000000e+00,-0.000000000000000000e+00
-1.136166375158905312e-01,-0.000000000000000000e+00,-4.902402455314306372e-03,-0.000000000000000000e+00,-0.000000000000000000e+00,-1.211187167087503236e-01,-1.801164170933266520e-03,0.000000000000000000e+00,-0.000000000000000000e+00,-0.000000000000000000e+00,-7.592811153009219882e-02,-0.000000000000000000e+00,0.000000000000000000e+00,-9.248557604869606097e-02,-0.000000000000000000e+00,-0.000000000000000000e+00,-0.000000000000000000e+00,1.145427133682425547e+00,-1.060652769298918658e-03,-7.553244764003216871e-02,0.000000000000000000e+00,-0.000000000000000000e+00,-0.000000000000000000e+00,-6.221427145660888593e-03,-0.000000000000000000e+00,-0.000000000000000000e+00,-4.851325262099148022e-03,-0.000000000000000000e+00,-0.000000000000000000e+00,-0.000000000000000000e+00,-0.000000000000000000e+00,-5.182793453050112825e-03,-0.000000000000000000e+00,0.000000000000000000e+00,-0.000000000000000000e+00,-0.000000000000000000e+00,-5.749013403419499235e-02,-0.000000000000000000e+00,-0.000000000000000000e+00
-0.000000000000000000e+00,0.000000000000000000e+00,-1.690229485846358320e-02,-7.869868617092792840e-02,-0.000000000000000000e+00,-0.000000000000000000e+00,-4.003366716693503718e-02,0.000000000000000000e+00,-2.408649338091406467e-02,-0.000000000000000000e+00,-3.399799721382917861e-02,-0.000000000000000000e+00,0.000000000000000000e+00,-0.000000000000000000e+00,0.000000000000000000e+00,-0.000000000000000000e+00,-8.357902197955324741e-02,-1.060652769298918658e-03,1.305183349106805890e+00,-2.103045689446905037e-02,0.000000000000000000e+00,-0.000000000000000000e+00,-0.000000000000000000e+00,-0.000000000000000000e+00,-0.000000000000000000e+00,-9.502977867648740307e-03,-3.530600325997210187e-01,-7.403545654705027956e-02,-3.270080276443143585e-02,-0.000000000000000000e+00,-0.000000000000000000e+00,-0.000000000000000000e+00,-4.929159662957299098e-02,-0.000000000000000000e+00,-0.000000000000000000e+00,-0.000000000000000000e+00,-0.000000000000000000e+00,-0.000000000000000000e+00,-0.000000000000000000e+00
-0.000000000000000000e+00,-0.000000000000000000e+00,-0.000000000000000000e+00,-3.570189175793326841e-01,-0.000000000000000000e+00,-0.000000000000000000e+00,-8.794217963635704571e-02,0.000000000000000000e+00,-0.000000000000000000e+00,-0.000000000000000000e+00,-7.136637787273977795e-02,-0.000000000000000000e+00,0.000000000000000000e+00,-0.000000000000000000e+00,0.000000000000000000e+00,-0.000000000000000000e+00,-0.000000000000000000e+00,-7.553244764003216871e-02,-2.103045689446905037e-02,1.561151448273577991e+00,-0.000000000000000000e+00,-3.831270564180350724e-01,-0.000000000000000000e+00,-0.000000000000000000e+00,-0.000000000000000000e+00,-0.000000000000000000e+00,-5.733066016816575766e-02,-0.000000000000000000e+00,-0.000000000000000000e+00,-0.000000000000000000e+00,-0.000000000000000000e+00,-3.219325717633367973e-02,-8.340057194779991467e-02,0.000000000000000000e+00,-1.090902824456272957e-01,-0.000000000000000000e+00,-0.000000000000000000e+00,-0.000000000000000000e+00,-0.000000000000000000e+00
0.000000000000000000e+00,0.000000000000000000e+00,-0.000000000000000000e+00,0.000000000000000000e+00,-0.000000000000000000e+00,0.000000000000000000e+00,0.000000000000000000e+00,4.927534052180485014e-02,0.000000000000000000e+00,0.000000000000000000e+00,0.000000000000000000e+00,-0.000000000000000000e+00,9.451009801253903997e-02,0.000000000000000000e+00,-0.000000000000000000e+00,0.000000000000000000e+00,0.000000000000000000e+00,0.000000000000000000e+00,0.000000000000000000e+00,-0.000000000000000000e+00,1.127884909879750763e+00,-0.000000000000000000e+00,0.000000000000000000e+00,0.000000000000000000e+00,-0.000000000000000000e+00,-0.000000000000000000e+00,-0.000000000000000000e+00,-0.000000000000000000e+00,-0.000000000000000000e+00,0.000000000000000000e+00,-2.769491024993623873e-01,0.000000000000000000e+00,-0.000000000000000000e+00,-2.432091951203735336e-02,0.000000000000000000e+00,-0.000000000000000000e+00,0.000000000000000000e+00,-0.000000000000000000e+00,-0.000000000000000000e+00
-2.364001601983642675e-01,-0.000000000000000000e+00,-0.000000000000000000e+00,-3.000062259664385434e-03,-0.000000000000000000e+00,-2.198060026142293899e-01,-1.426521899385548575e-01,0.000000000000000000e+00,-0.000000000000000000e+00,-0.000000000000000000e+00,-0.000000000000000000e+00,-0.000000000000000000e+00,0.000000000000000000e+00,-0.000000000000000000e+00,0.000000000000000000e+00,-1.273857932754088838e-02,-1.503527492376751373e-01,-0.000000000000000000e+00,-0.000000000000000000e+00,-3.831270564180350724e-01,-0.000000000000000000e+00,2.548564686706636273e+00,-6.192782804995443369e-02,-0.000000000000000000e+00,-0.000000000000000000e+00,-1.515221165113191798e-02,-1.360801108641180035e-01,-3.152895638810297441e-01,-1.088073730618059481e-01,-0.000000000000000000e+00,-0.000000000000000000e+00,-2.036810995291409021e-01,-2.902721067558691748e-01,-0.000000000000000000e+00,-1.577378427827976215e-01,-0.000000000000000000e+00,-2.083245109596060796e-01,-0.000000000000000000e+00,-0.000000000000000000e+00
-1.742189052739657740e-01,-1.219194060077398402e-03,-0.000000000000000000e+00,-0.000000000000000000e+00,-0.000000000000000000e+00,-1.508848247371847862e-01,-2.344294032906693234e-03,0.000000000000000000e+00,-1.932725346296148422e-02,-1.206593873471237532e-01,-0.000000000000000000e+00,-0.000000000000000000e+00,0.000000000000000000e+00,-3.226254141431565969e-01,-0.000000000000000000e+00,-0.000000000000000000e+00,-1.580776373613293206e-01,-0.000000000000000000e+00,-0.000000000000000000e+00,-0.000000000000000000e+00,0.000000000000000000e+00,-6.192782804995443369e-02,2.541465916239981304e+00,-3.405217441222882502e-01,-2.707379183328812444e-01,-6.596492721104611767e-02,-4.863853681928251294e-02,-0.000000000000000000e+00,-2.445382789951588143e-01,-0.000000000000000000e+00,-0.000000000000000000e+00,-2.108580483703417219e-01,-3.457012333086285222e-02,-0.000000000000000000e+00,-1.606482053970045287e-01,-0.000000000000000000e+00,-1.131506166583529094e-01,-1.372017013333484692e-01,-0.000000000000000000e+00
-1.864343380718603838e-01,-0.000000000000000000e+00,-0.000000000000000000e+00,-0.000000000000000000e+00,-0.000000000000000000e+00,-0.000000000000000000e+00,-0.000000000000000000e+00,0.000000000000000000e+00,-2.213079557539216757e-01,-1.345819093794432264e-01,-0.000000000000000000e+00,-0.000000000000000000e+00,0.000000000000000000e+00,-2.716547804729693150e-01,-0.000000000000000000e+00,-1.191877816749715296e-01,-1.724687079398512859e-02,-6.221427145660888593e-03,-0.000000000000000000e+00,-0.000000000000000000e+00,0.000000000000000000e+00,-0.000000000000000000e+00,-3.405217441222882502e-01,2.211547366665394421e+00,-0.000000000000000000e+00,-0.000000000000000000e+00,-0.000000000000000000e+00,-0.000000000000000000e+00,-9.763822211015132924e-02,-1.435409702488866235e-01,-0.000000000000000000e+00,-2.439835229815558518e-02,-0.000000000000000000e+00,0.000000000000000000e+00,-3.915416706353421206e-01,-1.005137910117532250e-02,-1.807078801253080291e-01,-1.375547458472976478e-02,-0.000000000000000000e+00
-0.000000000000000000e+00,-4.044714606445411198e-02,-0.000000000000000000e+00,-0.000000000000000000e+00,-0.000000000000000000e+00,-1.115481960608303291e-01,-0.000000000000000000e+00,0.000000000000000000e+00,-7.630754524369982861e-02,-0.000000000000000000e+00,-0.000000000000000000e+00,-2.911088773748949365e-01,4.585155422592129826e-02,-1.918378184767921268e-01,-0.000000000000000000e+00,-8.315613157540228603e-03,-0.000000000000000000e+00,-0.000000000000000000e+00,-0.000000000000000000e+00,-0.000000000000000000e+00,-0.000000000000000000e+00,-0.000000000000000000e+00,-2.707379183328812444e-01,-0.000000000000000000e+00,1.714131911097454442e+00,-0.000000000000000000e+00,-1.684586858277273280e-01,-0.000000000000000000e+00,-0.000000000000000000e+00,-1.302170493199462653e-01,-0.000000000000000000e+00,-0.000000000000000000e+00,-0.000000000000000000e+00,-0.000000000000000000e+00,-0.000000000000000000e+00,-0.000000000000000000e+00,-1.082055625236439250e-01,-2.884821231246378903e-02,-8.148203799420755677e-02
-3.130874162372824232e-01,-0.000000000000000000e+00,-2.347488901145756424e-01,-0.000000000000000000e+00,-7.428441808683472480e-02,-0.000000000000000000e+00,-0.000000000000000000e+00,0.000000000000000000e+00,-1.095719044851921065e-01,-0.000000000000000000e+00,-0.000000000000000000e+00,-1.799609677802762805e-02,1.749157983483285717e-01,-2.348676572928796447e-01,-0.000000000000000000e+00,-0.000000000000000000e+00,-0.000000000000000000e+00,-0.000000000000000000e+00,-9.502977867648740307e-03,-0.000000000000000000e+00,-0.000000000000000000e+00,-1.515221165113191798e-02,-6.596492721104611767e-02,-0.000000000000000000e+00,-0.000000000000000000e+00,2.432202761467360030e+00,-3.430015590192095898e-01,-9.303257037835119259e-02,-4.789064681277194202e-02,-0.000000000000000000e+00,-3.055389537067896844e-01,-0.000000000000000000e+00,-4.729573782816653277e-02,-2.189359428647320860e-03,-0.000000000000000000e+00,-5.136421508903123156e-04,-0.000000000000000000e+00,-3.897081002695765295e-01,-1.536844006070705315e-01
-0.000000000000000000e+00,-0.000000000000000000e+00,-8.669765319326755426e-02,-0.000000000000000000e+00,-0.000000000000000000e+00,-0.000000000000000000e+00,-0.000000000000000000e+00,0.000000000000000000e+00,-1.505906393443343372e-01,-0.000000000000000000e+00,-0.000000000000000000e+00,-1.189819134671983580e-01,2.536725904061338382e-02,-1.013424193998337108e-01,0.000000000000000000e+00,-0.000000000000000000e+00,-5.064528830381679475e-02,-4.851325262099148022e-03,-3.530600325997210187e-01,-5.733066016816575766e-02,-0.000000000000000000e+00,-1.360801108641180035e-01,-4.863853681928251294e-02,-0.000000000000000000e+00,-1.684586858277273280e-01,-3.430015590192095898e-01,2.306462084841966131e+00,-4.740351922451598726e-02,-2.913753284949519365e-02,-0.000000000000000000e+00,-0.000000000000000000e+00,-2.189978852815696320e-01,-3.241686857400507549e-01,-0.000000000000000000e+00,-0.000000000000000000e+00,-0.000000000000000000e+00,-1.602326783633504226e-01,-0.000000000000000000e+00,-2.239465050538357385e-02
-0.000000000000000000e+00,-0.000000000000000000e+00,-6.025939277903030744e-01,-0.000000000000000000e+00,-0.000000000000000000e+00,-9.127399052751419828e-02,-2.521751873596024818e-01,1.214910591447983246e-02,-0.000000000000000000e+00,-0.000000000000000000e+00,-1.424952215730278804e-01,-0.000000000000000000e+00,0.000000000000000000e+00,-0.000000000000000000e+00,0.000000000000000000e+00,-0.000000000000000000e+00,-1.463743767693590214e-01,-0.000000000000000000e+00,-7.403545654705027956e-02,-0.000000000000000000e+00,-0.000000000000000000e+00,-3.152895638810297441e-01,-0.000000000000000000e+00,-0.000000000000000000e+00,-0.000000000000000000e+00,-9.303257037835119259e-02,-4.740351922451598726e-02,2.452782137431508414e+00,-6.028975126662927675e-02,-0.000000000000000000e+00,-0.000000000000000000e+00,-2.038172716509666638e-01,-3.877379642647302838e-01,-0.000000000000000000e+00,-0.000000000000000000e+00,-0.000000000000000000e+00,-9.860639749618557715e-02,-0.000000000000000000e+00,-0.000000000000000000e+00
-4.845195454542049196e-02,-0.000000000000000000e+00,-0.000000000000000000e+00,-0.000000000000000000e+00,-0.000000000000000000e+00,-9.713442107113288981e-02,-0.000000000000000000e+00,0.000000000000000000e+00,-0.000000000000000000e+00,-0.000000000000000000e+00,-0.000000000000000000e+00,-0.000000000000000000e+00,0.000000000000000000e+00,-8.018188196874521945e-02,0.000000000000000000e+00,-0.000000000000000000e+00,-4.519426220272668160e-01,-0.000000000000000000e+00,-3.270080276443143585e-02,-0.000000000000000000e+00,-0.000000000000000000e+00,-1.088073730618059481e-01,-2.445382789951588143e-01,-9.763822211015132924e-02,-0.000000000000000000e+00,-4.789064681277194202e-02,-2.913753284949519365e-02,-6.028975126662927675e-02,2.236780608787665603e+00,-0.000000000000000000e+00,-0.000000000000000000e+00,-1.535524732730059461e-01,-2.443519274643275452e-01,-0.000000000000000000e+00,-3.411452401124975831e-01,-0.000000000000000000e+00,-4.832509580680845185e-02,-0.000000000000000000e+00,-0.000000000000000000e+00
-3.477033650755064625e-02,-3.422938595417956420e-01,-0.000000000000000000e+00,-0.000000000000000000e+00,-1.435420135840505089e-02,-0.000000000000000000e+00,-2.508884818708184694e-01,0.000000000000000000e+00,-9.168404096088404731e-02,-3.206241441885218091e-01,-0.000000000000000000e+00,-0.000000000000000000e+00,0.000000000000000000e+00,-0.000000000000000000e+00,-0.000000000000000000e+00,-2.590058378934559369e-01,-0.000000000000000000e+00,-0.000000000000000000e+00,-0.000000000000000000e+00,-0.000000000000000000e+00,0.000000000000000000e+00,-0.000000000000000000e+00,-0.000000000000000000e+00,-1.435409702488866235e-01,-1.302170493199462653e-01,-0.000000000000000000e+00,-0.000000000000000000e+00,-0.000000000000000000e+00,-0.000000000000000000e+00,1.774149852578788655e+00,-0.000000000000000000e+00,-0.000000000000000000e+00,-0.000000000000000000e+00,-0.000000000000000000e+00,-0.000000000000000000e+00,-0.000000000000000000e+00,-0.000000000000000000e+00,-0.000000000000000000e+00,-0.000000000000000000e+00
-0.000000000000000000e+00,-0.000000000000000000e+00,-1.118571137100740909e-01,-0.000000000000000000e+00,-0.000000000000000000e+00,-0.000000000000000000e+00,-0.000000000000000000e+00,6.295836359679521377e-02,-0.000000000000000000e+00,-0.000000000000000000e+00,-0.000000000000000000e+00,-6.565518421932663162e-02,6.431732175015908437e-01,-0.000000000000000000e+00,-0.000000000000000000e+00,-0.000000000000000000e+00,-0.000000000000000000e+00,-0.000000000000000000e+00,-0.000000000000000000e+00,-0.000000000000000000e+00,-2.769491024993623873e-01,-0.000000000000000000e+00,-0.000000000000000000e+00,-0.000000000000000000e+00,-0.000000000000000000e+00,-3.055389537067896844e-01,-0.000000000000000000e+00,-0.000000000000000000e+00,-0.000000000000000000e+00,-0.000000000000000000e+00,1.928654142846372155e+00,-0.000000000000000000e+00,-0.000000000000000000e+00,-4.145738718117645827e-01,-0.000000000000000000e+00,-0.000000000000000000e+00,-0.000000000000000000e+00,-0.000000000000000000e+00,-3.334871399632337308e-02
-2.909675679725377481e-02,-0.000000000000000000e+00,-0.000000000000000000e+00,-8.143438202321540142e-02,-0.000000000000000000e+00,-3.654643819260930959e-01,-0.000000000000000000e+00,0.000000000000000000e+00,-0.000000000000000000e+00,-0.000000000000000000e+00,-8.031182201964068290e-02,-0.000000000000000000e+00,0.000000000000000000e+00,-6.732005009583101607e-02,0.000000000000000000e+00,-0.000000000000000000e+00,-3.342292704739884823e-01,-5.182793453050112825e-03,-0.000000000000000000e+00,-3.219325717633367973e-02,0.000000000000000000e+00,-2.036810995291409021e-01,-2.108580483703417219e-01,-2.439835229815558518e-02,-0.000000000000000000e+00,-0.000000000000000000e+00,-2.189978852815696320e-01,-2.038172716509666638e-01,-1.535524732730059461e-01,-0.000000000000000000e+00,-0.000000000000000000e+00,2.918901517305307891e+00,-3.411008564607917459e-01,0.000000000000000000e+00,-1.899901955150826438e-01,-0.000000000000000000e+00,-4.935131855144149204e-01,-0.000000000000000000e+00,-0.000000000000000000e+00
-0.000000000000000000e+00,-0.000000000000000000e+00,-8.006278802682346984e-02,-0.000000000000000000e+00,-0.000000000000000000e+00,-2.121595578383696223e-01,-0.000000000000000000e+00,0.000000000000000000e+00,-0.000000000000000000e+00,-0.000000000000000000e+00,-1.492543445411265157e-01,-0.000000000000000000e+00,0.000000000000000000e+00,-1.436592652151839622e-01,0.000000000000000000e+00,-0.000000000000000000e+00,-3.540384387336962257e-01,-0.000000000000000000e+00,-4.929159662957299098e-02,-8.340057194779991467e-02,-0.000000000000000000e+00,-2.902721067558691748e-01,-3.457012333086285222e-02,-0.000000000000000000e+00,-0.000000000000000000e+00,-4.729573782816653277e-02,-3.241686857400507549e-01,-3.877379642647302838e-01,-2.443519274643275452e-01,-0.000000000000000000e+00,-0.000000000000000000e+00,-3.411008564607917459e-01,2.873726382973164295e+00,-0.000000000000000000e+00,-0.000000000000000000e+00,-0.000000000000000000e+00,-2.911872390348746453e-01,-0.000000000000000000e+00,-0.000000000000000000e+00
-0.000000000000000000e+00,-0.000000000000000000e+00,-0.000000000000000000e+00,-0.000000000000000000e+00,-3.610410541415717267e-01,0.000000000000000000e+00,-0.000000000000000000e+00,2.844089709512692687e-01,-0.000000000000000000e+00,-0.000000000000000000e+00,0.000000000000000000e+00,-0.000000000000000000e+00,1.657343734206375430e-01,-0.000000000000000000e+00,-0.000000000000000000e+00,-0.000000000000000000e+00,0.000000000000000000e+00,0.000000000000000000e+00,-0.000000000000000000e+00,0.000000000000000000e+00,-2.432091951203735336e-02,-0.000000000000000000e+00,-0.000000000000000000e+00,0.000000000000000000e+00,-0.000000000000000000e+00,-2.189359428647320860e-03,-0.000000000000000000e+00,-0.000000000000000000e+00,-0.000000000000000000e+00,-0.000000000000000000e+00,-4.145738718117645827e-01,0.000000000000000000e+00,-0.000000000000000000e+00,1.683440895115807079e+00,0.000000000000000000e+00,-0.000000000000000000e+00,0.000000000000000000e+00,-1.995672615376415659e-01,-0.000000000000000000e+00
-0.000000000000000000e+00,-0.000000000000000000e+00,-0.000000000000000000e+00,-1.184288713709936297e-01,-0.000000000000000000e+00,-2.158323580416664222e-01,-3.901709708967717599e-02,-0.000000000000000000e+00,-0.000000000000000000e+00,-0.000000000000000000e+00,-0.000000000000000000e+00,-0.000000000000000000e+00,0.000000000000000000e+00,-0.000000000000000000e+00,0.000000000000000000e+00,-0.000000000000000000e+00,-3.348342254579790289e-01,-0.000000000000000000e+00,-0.000000000000000000e+00,-1.090902824456272957e-01,0.000000000000000000e+00,-1.577378427827976215e-01,-1.606482053970045287e-01,-3.915416706353421206e-01,-0.000000000000000000e+00,-0.000000000000000000e+00,-0.000000000000000000e+00,-0.000000000000000000e+00,-3.411452401124975831e-01,-0.000000000000000000e+00,-0.000000000000000000e+00,-1.899901955150826438e-01,-0.000000000000000000e+00,0.000000000000000000e+00,2.323137797541601213e+00,-0.000000000000000000e+00,-2.115702429923383421e-01,-0.000000000000000000e+00,-0.000000000000000000e+00
-0.000000000000000000e+00,-0.000000000000000000e+00,-0.000000000000000000e+00,-0.000000000000000000e+00,-1.715331321257699548e-01,-0.000000000000000000e+00,-0.000000000000000000e+00,0.000000000000000000e+00,-7.614263014153184461e-02,-7.763872631128820867e-02,-0.000000000000000000e+00,-1.101658342150837466e-01,0.000000000000000000e+00,-2.789579637900403974e-01,-0.000000000000000000e+00,-0.000000000000000000e+00,-0.000000000000000000e+00,-0.000000000000000000e+00,-0.000000000000000000e+00,-0.000000000000000000e+00,-0.000000000000000000e+00,-0.000000000000000000e+00,-0.000000000000000000e+00,-1.005137910117532250e-02,-0.000000000000000000e+00,-5.136421508903123156e-04,-0.000000000000000000e+00,-0.000000000000000000e+00,-0.000000000000000000e+00,-0.000000000000000000e+00,-0.000000000000000000e+00,-0.000000000000000000e+00,-0.000000000000000000e+00,-0.000000000000000000e+00,-0.000000000000000000e+00,1.405591015902971197e+00,-0.000000000000000000e+00,-2.732521666747973477e-01,-0.000000000000000000e+00
-3.933417861458655962e-02,-0.000000000000000000e+00,-0.000000000000000000e+00,-1.469887095908231633e-01,-0.000000000000000000e+00,-2.457454774049844803e-01,-6.095928669498403701e-02,0.000000000000000000e+00,-0.000000000000000000e+00,-0.000000000000000000e+00,-7.583505279298488611e-02,-0.000000000000000000e+00,0.000000000000000000e+00,-9.765437365607791687e-02,0.000000000000000000e+00,-0.000000000000000000e+00,-2.807125897124211900e-01,-5.749013403419499235e-02,-0.000000000000000000e+00,-0.000000000000000000e+00,0.000000000000000000e+00,-2.083245109596060796e-01,-1.131506166583529094e-01,-1.807078801253080291e-01,-1.082055625236439250e-01,-0.000000000000000000e+00,-1.602326783633504226e-01,-9.860639749618557715e-02,-4.832509580680845185e-02,-0.000000000000000000e+00,-0.000000000000000000e+00,-4.935131855144149204e-01,-2.911872390348746453e-01,0.000000000000000000e+00,-2.115702429923383421e-01,-0.000000000000000000e+00,2.761109832904552697e+00,-0.000000000000000000e+00,-0.000000000000000000e+00
-4.933211149935733814e-02,-0.000000000000000000e+00,-0.000000000000000000e+00,-0.000000000000000000e+00,-1.727971955102524382e-01,-0.000000000000000000e+00,-0.000000000000000000e+00,0.000000000000000000e+00,-3.653753026121979164e-01,-7.198249286345313747e-02,-0.000000000000000000e+00,-1.013288785427108873e-01,0.000000000000000000e+00,-4.665479465037071505e-02,-0.000000000000000000e+00,-0.000000000000000000e+00,-0.000000000000000000e+00,-0.000000000000000000e+00,-0.000000000000000000e+00,-0.000000000000000000e+00,-0.000000000000000000e+00,-0.000000000000000000e+00,-1.372017013333484692e-01,-1.375547458472976478e-02,-2.884821231246378903e-02,-3.897081002695765295e-01,-0.000000000000000000e+00,-0.000000000000000000e+00,-0.000000000000000000e+00,-0.000000000000000000e+00,-0.000000000000000000e+00,-0.000000000000000000e+00,-0.000000000000000000e+00,-1.995672615376415659e-01,-0.000000000000000000e+00,-2.732521666747973477e-01,-0.000000000000000000e+00,2.049110047467965767e+00,-2.084286945822993176e-01
-1.612947597989452253e-01,-2.919717465988197480e-01,-0.000000000000000000e+00,-0.000000000000000000e+00,-6.728075933550389798e-02,-0.000000000000000000e+00,-0.000000000000000000e+00,0.000000000000000000e+00,-4.557192431719095382e-01,-3.451105892004461273e-01,-0.000000000000000000e+00,-0.000000000000000000e+00,5.153906014082614701e-02,-0.000000000000000000e+00,0.000000000000000000e+00,-1.696103458531544039e-01,-0.000000000000000000e+00,-0.000000000000000000e+00,-0.000000000000000000e+00,-0.000000000000000000e+00,-0.000000000000000000e+00,-0.000000000000000000e+00,-0.000000000000000000e+00,-0.000000000000000000e+00,-8.148203799420755677e-02,-1.536844006070705315e-01,-2.239465050538357385e-02,-0.000000000000000000e+00,-0.000000000000000000e+00,-0.000000000000000000e+00,-3.334871399632337308e-02,-0.000000000000000000e+00,-0.000000000000000000e+00,-0.000000000000000000e+00,-0.000000000000000000e+00,-0.000000000000000000e+00,-0.000000000000000000e+00,-2.084286945822993176e-01,2.112350461021406556e+00
