2.086997823602854130e+00,-9.112495987212139437e-02,-0.000000000000000000e+00,1.580670317860603455e-03,-5.796486291939111080e-02,-1.126757564805997980e-01,0.000000000000000000e+00,-0.000000000000000000e+00,-0.000000000000000000e+00,-0.000000000000000000e+00,-0.000000000000000000e+00,-0.000000000000000000e+00,-0.000000000000000000e+00,-0.000000000000000000e+00,-0.000000000000000000e+00,-3.185589940200550529e-01,-0.000000000000000000e+00,-0.000000000000000000e+00,-1.495536169650414915e-01,-2.098302499652440409e-02,0.000000000000000000e+00,0.000000000000000000e+00,-0.000000000000000000e+00,-0.000000000000000000e+00,-0.000000000000000000e+00,-8.134533947383599806e-01,-1.104007105142563033e-01,-6.475787291275146573e-02,-4.524495690820146826e-02,-3.974199854353775013e-02,0.000000000000000000e+00,-0.000000000000000000e+00,0.000000000000000000e+00,-0.000000000000000000e+00,0.000000000000000000e+00,-3.468146613756326602e-01,-0.000000000000000000e+00,-0.000000000000000000e+00,-0.000000000000000000e+00
-9.112495987212139437e-02,1.956504781643237489e+00,-0.000000000000000000e+00,2.286697776196837117e-01,-0.000000000000000000e+00,-0.000000000000000000e+00,0.000000000000000000e+00,0.000000000000000000e+00,-0.000000000000000000e+00,-4.335820809033270051e-01,-0.000000000000000000e+00,-9.021170923489182925e-02,-0.000000000000000000e+00,-0.000000000000000000e+00,-0.000000000000000000e+00,-0.000000000000000000e+00,-0.000000000000000000e+00,-1.483907593590234539e-02,-3.273371100410235046e-01,-0.000000000000000000e+00,0.000000000000000000e+00,-0.000000000000000000e+00,-0.000000000000000000e+00,-7.071930289681235826e-02,-1.708333576464325376e-01,-0.000000000000000000e+00,-0.000000000000000000e+00,-8.566383987701609026e-02,-0.000000000000000000e+00,-0.000000000000000000e+00,-3.435212100917831579e-01,-3.225780252421880934e-02,0.000000000000000000e+00,-9.256967982642562431e-02,-0.000000000000000000e+00,-0.000000000000000000e+00,-4.294772897652358173e-02,-0.000000000000000000e+00,-0.000000000000000000e+00
-0.000000000000000000e+00,-0.000000000000000000e+00,2.833032252624529512e+00,5.418589651398468716e-03,-5.755298955096256330e-01,-0.000000000000000000e+00,0.000000000000000000e+00,1.624355230187710886e+00,-0.000000000000000000e+00,-2.975334775986450409e-02,-2.116051169755303329e-01,-0.000000000000000000e+00,0.000000000000000000e+00,-0.000000000000000000e+00,-0.000000000000000000e+00,-0.000000000000000000e+00,-0.000000000000000000e+00,-0.000000000000000000e+00,-0.000000000000000000e+00,0.000000000000000000e+00,0.000000000000000000e+00,0.000000000000000000e+00,-8.070436785914074374e-02,-0.000000000000000000e+00,-5.224030737078100978e-02,0.000000000000000000e+00,-0.000000000000000000e+00,-2.491228402077431126e-01,0.000000000000000000e+00,-0.000000000000000000e+00,-1.416252938612561074e-01,0.000000000000000000e+00,-0.000000000000000000e+00,-0.000000000000000000e+00,-0.000000000000000000e+00,0.000000000000000000e+00,-0.000000000000000000e+00,-0.000000000000000000e+00,-0.000000000000000000e+00
1.580670317860603455e-03,2.286697776196837117e-01,5.418589651398468716e-03,1.405623895528300915e+00,0.000000000000000000e+00,0.000000000000000000e+00,-0.000000000000000000e+00,-0.000000000000000000e+00,6.881890459752965095e-02,8.334425579111856899e-03,0.000000000000000000e+00,3.440330602493144041e-02,0.000000000000000000e+00,0.000000000000000000e+00,3.458509467540594184e-01,0.000000000000000000e+00,0.000000000000000000e+00,0.000000000000000000e+00,0.000000000000000000e+00,0.000000000000000000e+00,-0.000000000000000000e+00,0.000000000000000000e+00,7.780901953429801912e-03,7.367019248604128601e-02,1.492064212074206975e-01,0.000000000000000000e+00,0.000000000000000000e+00,1.394792236967031529e-01,0.000000000000000000e+00,0.000000000000000000e+00,1.739584988241118374e-02,0.000000000000000000e+00,-0.000000000000000000e+00,0.000000000000000000e+00,0.000000000000000000e+00,0.000000000000000000e+00,0.000000000000000000e+00,0.000000000000000000e+00,0.000000000000000000e+00
-5.796486291939111080e-02,-0.000000000000000000e+00,-5.755298955096256330e-01,0.000000000000000000e+00,1.988457418473594585e+00,-2.308635551766421642e-02,0.000000000000000000e+00,1.347698075955579555e-01,-3.454250685319057990e-01,-0.000000000000000000e+00,-0.000000000000000000e+00,-0.000000000000000000e+00,-0.000000000000000000e+00,-3.015611841609427968e-01,-0.000000000000000000e+00,-0.000000000000000000e+00,-0.000000000000000000e+00,-0.000000000000000000e+00,-0.000000000000000000e+00,-0.000000000000000000e+00,0.000000000000000000e+00,0.000000000000000000e+00,-1.786983585739936320e-01,-0.000000000000000000e+00,-2.269973486188100464e-01,-0.000000000000000000e+00,-0.000000000000000000e+00,-1.471860088731371564e-02,-0.000000000000000000e+00,-0.000000000000000000e+00,-0.000000000000000000e+00,0.000000000000000000e+00,-2.264474358790991362e-02,-0.000000000000000000e+00,0.000000000000000000e+00,0.000000000000000000e+00,-0.000000000000000000e+00,-1.411034491770117713e-03,-0.000000000000000000e+00
-1.126757564805997980e-01,-0.000000000000000000e+00,-0.000000000000000000e+00,0.000000000000000000e+00,-2.308635551766421642e-02,1.959929177804233147e+00,0.000000000000000000e+00,0.000000000000000000e+00,-0.000000000000000000e+00,-0.000000000000000000e+00,-2.296427334935473019e-01,-5.441688082848623181e-02,-0.000000000000000000e+00,-5.035838569442255830e-01,-0.000000000000000000e+00,-0.000000000000000000e+00,-3.239869056114225154e-01,-1.527762718065142633e-01,-1.245160665116857440e-01,-3.888179687269588403e-02,0.000000000000000000e+00,0.000000000000000000e+00,-2.883336121887375980e-01,-0.000000000000000000e+00,-0.000000000000000000e+00,-0.000000000000000000e+00,-0.000000000000000000e+00,-5.978314480836704331e-02,-1.199421504908463644e-02,-0.000000000000000000e+00,-0.000000000000000000e+00,-0.000000000000000000e+00,0.000000000000000000e+00,-0.000000000000000000e+00,-0.000000000000000000e+00,-0.000000000000000000e+00,-1.022874133957047266e-01,-0.000000000000000000e+00,-0.000000000000000000e+00
0.000000000000000000e+00,0.000000000000000000e+00,0.000000000000000000e+00,-0.000000000000000000e+00,0.000000000000000000e+00,0.000000000000000000e+00,1.102288592950515067e+00,-0.000000000000000000e+00,0.000000000000000000e+00,0.000000000000000000e+00,0.000000000000000000e+00,3.357840420079200028e-01,0.000000000000000000e+00,0.000000000000000000e+00,0.000000000000000000e+00,0.000000000000000000e+00,0.000000000000000000e+00,0.000000000000000000e+00,0.000000000000000000e+00,0.000000000000000000e+00,-0.000000000000000000e+00,-0.000000000000000000e+00,0.000000000000000000e+00,-0.000000000000000000e+00,0.000000000000000000e+00,-0.000000000000000000e+00,-0.000000000000000000e+00,0.000000000000000000e+00,0.000000000000000000e+00,0.000000000000000000e+00,0.000000000000000000e+00,0.000000000000000000e+00,-0.000000000000000000e+00,0.000000000000000000e+00,0.000000000000000000e+00,0.000000000000000000e+00,0.000000000000000000e+00,0.000000000000000000e+00,0.000000000000000000e+00
-0.000000000000000000e+00,0.000000000000000000e+00,1.624355230187710886e+00,-0.000000000000000000e+00,1.347698075955579555e-01,0.000000000000000000e+00,-0.000000000000000000e+00,2.413249945538076702e+00,0.000000000000000000e+00,0.000000000000000000e+00,1.068134437936349573e-01,0.000000000000000000e+00,-0.000000000000000000e+00,0.000000000000000000e+00,0.000000000000000000e+00,0.000000000000000000e+00,0.000000000000000000e+00,0.000000000000000000e+00,-0.000000000000000000e+00,-0.000000000000000000e+00,-0.000000000000000000e+00,-0.000000000000000000e+00,0.000000000000000000e+00,0.000000000000000000e+00,0.000000000000000000e+00,-0.000000000000000000e+00,0.000000000000000000e+00,0.000000000000000000e+00,-0.000000000000000000e+00,0.000000000000000000e+00,0.000000000000000000e+00,-0.000000000000000000e+00,4.401205395601053838e-01,0.000000000000000000e+00,-0.000000000000000000e+00,-1.251574333775994086e-01,-0.000000000000000000e+00,-0.000000000000000000e+00,0.000000000000000000e+00
-0.000000000000000000e+00,-0.000000000000000000e+00,-0.000000000000000000e+00,6.881890459752965095e-02,-3.454250685319057990e-01,-0.000000000000000000e+00,0.000000000000000000e+00,0.000000000000000000e+00,2.942797767369289552e+00,-2.463303996410251273e-01,-0.000000000000000000e+00,-1.385534906972001323e-01,-1.294337668169653621e-01,-5.176925529319681418e-01,-0.000000000000000000e+00,-0.000000000000000000e+00,-0.000000000000000000e+00,-0.000000000000000000e+00,-1.531309209824275597e-01,-5.278341077621121966e-03,0.000000000000000000e+00,-0.000000000000000000e+00,-1.856795128341413026e-01,-0.000000000000000000e+00,-4.142478608343935220e-01,-0.000000000000000000e+00,-0.000000000000000000e+00,-6.682860712542976200e-02,-0.000000000000000000e+00,-4.581150299338598852e-01,-0.000000000000000000e+00,-0.000000000000000000e+00,0.000000000000000000e+00,-5.005605595604244451e-01,-0.000000000000000000e+00,-0.000000000000000000e+00,-0.000000000000000000e+00,-2.386287481784823694e-01,-0.000000000000000000e+00
-0.000000000000000000e+00,-4.335820809033270051e-01,-2.975334775986450409e-02,8.334425579111856899e-03,-0.000000000000000000e+00,-0.000000000000000000e+00,0.000000000000000000e+00,0.000000000000000000e+00,-2.463303996410251273e-01,2.800561598410154840e+00,-1.661701786694173566e-01,-0.000000000000000000e+00,-0.000000000000000000e+00,-0.000000000000000000e+00,-0.000000000000000000e+00,-7.888921310248877550e-01,-0.000000000000000000e+00,-0.000000000000000000e+00,-0.000000000000000000e+00,-0.000000000000000000e+00,0.000000000000000000e+00,-0.000000000000000000e+00,-1.515984487827798932e-01,-8.566983311697279335e-02,-1.601084901023956675e-01,-0.000000000000000000e+00,-0.000000000000000000e+00,-9.741583551432414501e-02,-0.000000000000000000e+00,-5.750087053713491825e-01,-0.000000000000000000e+00,-1.130263392542016632e-01,0.000000000000000000e+00,-9.846861460493903928e-02,-0.000000000000000000e+00,-0.000000000000000000e+00,-4.895205321676922294e-02,-0.000000000000000000e+00,-0.000000000000000000e+00
-0.000000000000000000e+00,-0.000000000000000000e+00,-2.116051169755303329e-01,0.000000000000000000e+00,-0.000000000000000000e+00,-2.296427334935473019e-01,0.000000000000000000e+00,1.068134437936349573e-01,-0.000000000000000000e+00,-1.661701786694173566e-01,1.747582752425402397e+00,-0.000000000000000000e+00,-0.000000000000000000e+00,-0.000000000000000000e+00,-0.000000000000000000e+00,-0.000000000000000000e+00,-7.461103926057027769e-01,-0.000000000000000000e+00,-0.000000000000000000e+00,-0.000000000000000000e+00,0.000000000000000000e+00,2.662922005642537077e-03,-1.355686290372074866e-02,0.000000000000000000e+00,-3.591098074740176754e-02,0.000000000000000000e+00,-0.000000000000000000e+00,-0.000000000000000000e+00,-0.000000000000000000e+00,-0.000000000000000000e+00,-0.000000000000000000e+00,-0.000000000000000000e+00,-0.000000000000000000e+00,-0.000000000000000000e+00,-0.000000000000000000e+00,0.000000000000000000e+00,-0.000000000000000000e+00,0.000000000000000000e+00,0.000000000000000000e+00
-0.000000000000000000e+00,-9.021170923489182925e-02,-0.000000000000000000e+00,3.440330602493144041e-02,-0.000000000000000000e+00,-5.441688082848623181e-02,3.357840420079200028e-01,0.000000000000000000e+00,-1.385534906972001323e-01,-0.000000000000000000e+00,-0.000000000000000000e+00,1.309173467248983647e+00,-4.094960341438037138e-02,-1.308557968484084233e-01,-1.971899813552847186e-02,-2.260084763957524723e-02,-0.000000000000000000e+00,-0.000000000000000000e+00,-0.000000000000000000e+00,-0.000000000000000000e+00,1.044492002837132255e-01,-0.000000000000000000e+00,-4.590991222160171331e-02,-0.000000000000000000e+00,-0.000000000000000000e+00,-0.000000000000000000e+00,0.000000000000000000e+00,-0.000000000000000000e+00,-0.000000000000000000e+00,-0.000000000000000000e+00,-6.244213799224740402e-03,-0.000000000000000000e+00,6.806645101006811305e-02,-0.000000000000000000e+00,0.000000000000000000e+00,-0.000000000000000000e+00,-0.000000000000000000e+00,-0.000000000000000000e+00,-0.000000000000000000e+00
-0.000000000000000000e+00,-0.000000000000000000e+00,0.000000000000000000e+00,0.000000000000000000e+00,-0.000000000000000000e+00,-0.000000000000000000e+00,0.000000000000000000e+00,-0.000000000000000000e+00,-1.294337668169653621e-01,-0.000000000000000000e+00,-0.000000000000000000e+00,-4.094960341438037138e-02,1.145414127015693895e+00,-0.000000000000000000e+00,-1.355784008552555694e-02,-3.217203302291037764e-02,-0.000000000000000000e+00,-0.000000000000000000e+00,-1.374861441862271771e-01,-0.000000000000000000e+00,2.069126202924524149e-01,-0.000000000000000000e+00,-0.000000000000000000e+00,-0.000000000000000000e+00,-1.324398478490064479e-02,-0.000000000000000000e+00,0.000000000000000000e+00,-0.000000000000000000e+00,0.000000000000000000e+00,-0.000000000000000000e+00,0.000000000000000000e+00,0.000000000000000000e+00,1.697832032189944967e-02,-0.000000000000000000e+00,0.000000000000000000e+00,-0.000000000000000000e+00,-0.000000000000000000e+00,-0.000000000000000000e+00,-0.000000000000000000e+00
-0.000000000000000000e+00,-0.000000000000000000e+00,-0.000000000000000000e+00,0.000000000000000000e+00,-3.015611841609427968e-01,-5.035838569442255830e-01,0.000000000000000000e+00,0.000000000000000000e+00,-5.176925529319681418e-01,-0.000000000000000000e+00,-0.000000000000000000e+00,-1.308557968484084233e-01,-0.000000000000000000e+00,2.530112264001873168e+00,-0.000000000000000000e+00,-0.000000000000000000e+00,-2.466545043665194781e-01,-0.000000000000000000e+00,-4.471590308058863428e-02,-0.000000000000000000e+00,0.000000000000000000e+00,-0.000000000000000000e+00,-3.220976512190528163e-01,-0.000000000000000000e+00,-0.000000000000000000e+00,-0.000000000000000000e+00,0.000000000000000000e+00,-0.000000000000000000e+00,-0.000000000000000000e+00,-1.632579922376104498e-01,-0.000000000000000000e+00,-1.326819758115100056e-01,0.000000000000000000e+00,-0.000000000000000000e+00,0.000000000000000000e+00,0.000000000000000000e+00,-0.000000000000000000e+00,-2.715677645471896162e-01,-1.325107354556975536e-01
-0.000000000000000000e+00,-0.000000000000000000e+00,-0.000000000000000000e+00,3.458509467540594184e-01,-0.000000000000000000e+00,-0.000000000000000000e+00,0.000000000000000000e+00,0.000000000000000000e+00,-0.000000000000000000e+00,-0.000000000000000000e+00,-0.000000000000000000e+00,-1.971899813552847186e-02,-1.355784008552555694e-02,-0.000000000000000000e+00,1.362439290371426193e+00,-0.000000000000000000e+00,0.000000000000000000e+00,0.000000000000000000e+00,-6.959687205776519947e-02,-0.000000000000000000e+00,1.367121810681711236e-01,-0.000000000000000000e+00,-1.533426509349222235e-02,-0.000000000000000000e+00,-6.837108725288019995e-02,-0.000000000000000000e+00,0.000000000000000000e+00,-0.000000000000000000e+00,0.000000000000000000e+00,-0.000000000000000000e+00,-2.844996232911668494e-03,-0.000000000000000000e+00,0.000000000000000000e+00,-0.000000000000000000e+00,-0.000000000000000000e+00,-0.000000000000000000e+00,-0.000000000000000000e+00,-1.269632293186209460e-01,-2.143867575383553159e-01
-3.185589940200550529e-01,-0.000000000000000000e+00,-0.000000000000000000e+00,0.000000000000000000e+00,-0.000000000000000000e+00,-0.000000000000000000e+00,0.000000000000000000e+00,0.000000000000000000e+00,-0.000000000000000000e+00,-7.888921310248877550e-01,-0.000000000000000000e+00,-2.260084763957524723e-02,-3.217203302291037764e-02,-0.000000000000000000e+00,-0.000000000000000000e+00,2.709877703120980197e+00,-0.000000000000000000e+00,-0.000000000000000000e+00,-0.000000000000000000e+00,-0.000000000000000000e+00,0.000000000000000000e+00,-0.000000000000000000e+00,-4.820349955042266960e-02,-0.000000000000000000e+00,-0.000000000000000000e+00,-0.000000000000000000e+00,-0.000000000000000000e+00,-3.122387402249879873e-01,-2.748089753046978334e-01,-7.452186897844572666e-01,-0.000000000000000000e+00,-1.226364439449722718e-02,0.000000000000000000e+00,-1.370368759823060723e-01,-0.000000000000000000e+00,-0.000000000000000000e+00,-1.634870633587669209e-01,-0.000000000000000000e+00,0.000000000000000000e+00
-0.000000000000000000e+00,-0.000000000000000000e+00,-0.000000000000000000e+00,0.000000000000000000e+00,-0.000000000000000000e+00,-3.239869056114225154e-01,0.000000000000000000e+00,0.000000000000000000e+00,-0.000000000000000000e+00,-0.000000000000000000e+00,-7.461103926057027769e-01,-0.000000000000000000e+00,-0.000000000000000000e+00,-2.466545043665194781e-01,0.000000000000000000e+00,-0.000000000000000000e+00,1.812960593660509989e+00,0.000000000000000000e+00,-0.000000000000000000e+00,-0.000000000000000000e+00,0.000000000000000000e+00,0.000000000000000000e+00,-0.000000000000000000e+00,0.000000000000000000e+00,-0.000000000000000000e+00,-0.000000000000000000e+00,0.000000000000000000e+00,-0.000000000000000000e+00,-1.334546823461046396e-02,-2.253559928114102703e-02,-0.000000000000000000e+00,-2.172817104011331435e-01,-0.000000000000000000e+00,-0.000000000000000000e+00,-0.000000000000000000e+00,0.000000000000000000e+00,-0.000000000000000000e+00,-0.000000000000000000e+00,-0.000000000000000000e+00
-0.000000000000000000e+00,-1.483907593590234539e-02,-0.000000000000000000e+00,0.000000000000000000e+00,-0.000000000000000000e+00,-1.527762718065142633e-01,0.000000000000000000e+00,0.000000000000000000e+00,-0.000000000000000000e+00,-0.000000000000000000e+00,-0.000000000000000000e+00,-0.000000000000000000e+00,-0.000000000000000000e+00,-0.000000000000000000e+00,0.000000000000000000e+00,-0.000000000000000000e+00,0.000000000000000000e+00,1.228383208772337420e+00,-2.103157908658480624e-01,-0.000000000000000000e+00,6.784394966474291411e-02,-0.000000000000000000e+00,-3.860998695003710346e-02,-0.000000000000000000e+00,-0.000000000000000000e+00,-0.000000000000000000e+00,-0.000000000000000000e+00,-0.000000000000000000e+00,-0.000000000000000000e+00,-0.000000000000000000e+00,-1.084752700111364376e-01,-0.000000000000000000e+00,7.352476626544843068e-03,0.000000000000000000e+00,-0.000000000000000000e+00,-0.000000000000000000e+00,-1.694149443603242544e-01,0.000000000000000000e+00,-0.000000000000000000e+00
-1.495536169650414915e-01,-3.273371100410235046e-01,-0.000000000000000000e+00,0.000000000000000000e+00,-0.000000000000000000e+00,-1.245160665116857440e-01,0.000000000000000000e+00,-0.000000000000000000e+00,-1.531309209824275597e-01,-0.000000000000000000e+00,-0.000000000000000000e+00,-0.000000000000000000e+00,-1.374861441862271771e-01,-4.471590308058863428e-02,-6.959687205776519947e-02,-0.000000000000000000e+00,-0.000000000000000000e+00,-2.103157908658480624e-01,1.673629713142439135e+00,-0.000000000000000000e+00,0.000000000000000000e+00,-0.000000000000000000e+00,-0.000000000000000000e+00,-0.000000000000000000e+00,-9.246963483227781111e-02,-0.000000000000000000e+00,-2.443405569694697688e-01,-8.574213845333346351e-02,-0.000000000000000000e+00,-0.000000000000000000e+00,-0.000000000000000000e+00,-0.000000000000000000e+00,2.605013602772227391e-02,-0.000000000000000000e+00,-0.000000000000000000e+00,-0.000000000000000000e+00,-0.000000000000000000e+00,-5.619769018600098698e-02,-0.000000000000000000e+00
-2.098302499652440409e-02,-0.000000000000000000e+00,0.000000000000000000e+00,0.000000000000000000e+00,-0.000000000000000000e+00,-3.888179687269588403e-02,0.000000000000000000e+00,-0.000000000000000000e+00,-5.278341077621121966e-03,-0.000000000000000000e+00,-0.000000000000000000e+00,-0.000000000000000000e+00,-0.000000000000000000e+00,-0.000000000000000000e+00,-0.000000000000000000e+00,-0.000000000000000000e+00,-0.000000000000000000e+00,-0.000000000000000000e+00,-0.000000000000000000e+00,1.014340303267451393e+00,0.000000000000000000e+00,-0.000000000000000000e+00,-0.000000000000000000e+00,-0.000000000000000000e+00,-0.000000000000000000e+00,-0.000000000000000000e+00,-0.000000000000000000e+00,0.000000000000000000e+00,-0.000000000000000000e+00,-0.000000000000000000e+00,-0.000000000000000000e+00,-0.000000000000000000e+00,1.011223941985443658e-01,-0.000000000000000000e+00,-0.000000000000000000e+00,-0.000000000000000000e+00,-0.000000000000000000e+00,-0.000000000000000000e+00,-0.000000000000000000e+00
0.000000000000000000e+00,0.000000000000000000e+00,0.000000000000000000e+00,-0.000000000000000000e+00,0.000000000000000000e+00,0.000000000000000000e+00,-0.000000000000000000e+00,-0.000000000000000000e+00,0.000000000000000000e+00,0.000000000000000000e+00,0.000000000000000000e+00,1.044492002837132255e-01,2.069126202924524149e-01,0.000000000000000000e+00,1.367121810681711236e-01,0.000000000000000000e+00,0.000000000000000000e+00,6.784394966474291411e-02,0.000000000000000000e+00,0.000000000000000000e+00,1.532944379600674312e+00,0.000000000000000000e+00,1.454706886170089863e-01,0.000000000000000000e+00,2.467737308609585490e-04,-0.000000000000000000e+00,-0.000000000000000000e+00,-0.000000000000000000e+00,-0.000000000000000000e+00,0.000000000000000000e+00,0.000000000000000000e+00,-0.000000000000000000e+00,-4.889110566466052799e-01,-0.000000000000000000e+00,-0.000000000000000000e+00,-0.000000000000000000e+00,0.000000000000000000e+00,3.092599288865979790e-02,2.712673011042980864e-01
0.000000000000000000e+00,-0.000000000000000000e+00,0.000000000000000000e+00,0.000000000000000000e+00,0.000000000000000000e+00,0.000000000000000000e+00,-0.000000000000000000e+00,-0.000000000000000000e+00,-0.000000000000000000e+00,-0.000000000000000000e+00,2.662922005642537077e-03,-0.000000000000000000e+00,-0.000000000000000000e+00,-0.000000000000000000e+00,-0.000000000000000000e+00,-0.000000000000000000e+00,0.000000000000000000e+00,-0.000000000000000000e+00,-0.000000000000000000e+00,-0.000000000000000000e+00,0.000000000000000000e+00,1.002885290090711479e+00,-0.000000000000000000e+00,-4.992695208327117828e-02,-0.000000000000000000e+00,0.000000000000000000e+00,0.000000000000000000e+00,0.000000000000000000e+00,0.000000000000000000e+00,-0.000000000000000000e+00,-0.000000000000000000e+00,-0.000000000000000000e+00,1.074997400126058260e-02,-0.000000000000000000e+00,-0.000000000000000000e+00,0.000000000000000000e+00,-0.000000000000000000e+00,-0.000000000000000000e+00,-5.370380703996291936e-03
-0.000000000000000000e+00,-0.000000000000000000e+00,-8.070436785914074374e-02,7.780901953429801912e-03,-1.786983585739936320e-01,-2.883336121887375980e-01,0.000000000000000000e+00,0.000000000000000000e+00,-1.856795128341413026e-01,-1.515984487827798932e-01,-1.355686290372074866e-02,-4.590991222160171331e-02,-0.000000000000000000e+00,-3.220976512190528163e-01,-1.533426509349222235e-02,-4.820349955042266960e-02,-0.000000000000000000e+00,-3.860998695003710346e-02,-0.000000000000000000e+00,-0.000000000000000000e+00,1.454706886170089863e-01,-0.000000000000000000e+00,2.463515786375783279e+00,-1.583279549176345169e-01,-6.165374387542519319e-01,-0.000000000000000000e+00,-0.000000000000000000e+00,-1.263581547573890962e-01,-0.000000000000000000e+00,-0.000000000000000000e+00,-1.420645956177868097e-01,-0.000000000000000000e+00,0.000000000000000000e+00,-0.000000000000000000e+00,-0.000000000000000000e+00,0.000000000000000000e+00,-0.000000000000000000e+00,-1.216934697834561180e-01,-0.000000000000000000e+00
-0.000000000000000000e+00,-7.071930289681235826e-02,-0.000000000000000000e+00,7.367019248604128601e-02,-0.000000000000000000e+00,-0.000000000000000000e+00,-0.000000000000000000e+00,0.000000000000000000e+00,-0.000000000000000000e+00,-8.566983311697279335e-02,0.000000000000000000e+00,-0.000000000000000000e+00,-0.000000000000000000e+00,-0.000000000000000000e+00,-0.000000000000000000e+00,-0.000000000000000000e+00,0.000000000000000000e+00,-0.000000000000000000e+00,-0.000000000000000000e+00,-0.000000000000000000e+00,0.000000000000000000e+00,-4.992695208327117828e-02,-1.583279549176345169e-01,1.510283630758376905e+00,-3.252041146509532243e-01,-0.000000000000000000e+00,-0.000000000000000000e+00,-9.897187043725624855e-02,0.000000000000000000e+00,-0.000000000000000000e+00,-3.250905869264306691e-01,0.000000000000000000e+00,0.000000000000000000e+00,-0.000000000000000000e+00,-0.000000000000000000e+00,0.000000000000000000e+00,-0.000000000000000000e+00,-0.000000000000000000e+00,-0.000000000000000000e+00
-0.000000000000000000e+00,-1.708333576464325376e-01,-5.224030737078100978e-02,1.492064212074206975e-01,-2.269973486188100464e-01,-0.000000000000000000e+00,0.000000000000000000e+00,0.000000000000000000e+00,-4.142478608343935220e-01,-1.601084901023956675e-01,-3.591098074740176754e-02,-0.000000000000000000e+00,-1.324398478490064479e-02,-0.000000000000000000e+00,-6.837108725288019995e-02,-0.000000000000000000e+00,-0.000000000000000000e+00,-0.000000000000000000e+00,-9.246963483227781111e-02,-0.000000000000000000e+00,2.467737308609585490e-04,-0.000000000000000000e+00,-6.165374387542519319e-01,-3.252041146509532243e-01,2.420305583948164863e+00,-0.000000000000000000e+00,-0.000000000000000000e+00,-0.000000000000000000e+00,-0.000000000000000000e+00,-0.000000000000000000e+00,-0.000000000000000000e+00,-0.000000000000000000e+00,0.000000000000000000e+00,-0.000000000000000000e+00,-0.000000000000000000e+00,0.000000000000000000e+00,-0.000000000000000000e+00,-8.647788787131439892e-02,-1.865513537301707880e-01
-8.134533947383599806e-01,-0.000000000000000000e+00,0.000000000000000000e+00,0.000000000000000000e+00,-0.000000000000000000e+00,-0.000000000000000000e+00,-0.000000000000000000e+00,-0.000000000000000000e+00,-0.000000000000000000e+00,-0.000000000000000000e+00,0.000000000000000000e+00,-0.000000000000000000e+00,-0.000000000000000000e+00,-0.000000000000000000e+00,-0.000000000000000000e+00,-0.000000000000000000e+00,-0.000000000000000000e+00,-0.000000000000000000e+00,-0.000000000000000000e+00,-0.000000000000000000e+00,-0.000000000000000000e+00,0.000000000000000000e+00,-0.000000000000000000e+00,-0.000000000000000000e+00,-0.000000000000000000e+00,1.870349775283922877e+00,-4.086129699674951321e-01,-0.000000000000000000e+00,-1.049820760014236465e-01,-0.000000000000000000e+00,-0.000000000000000000e+00,-0.000000000000000000e+00,0.000000000000000000e+00,0.000000000000000000e+00,0.000000000000000000e+00,-2.579875890662554627e-01,-0.000000000000000000e+00,-1.228173709520991724e-01,-0.000000000000000000e+00
-1.104007105142563033e-01,-0.000000000000000000e+00,-0.000000000000000000e+00,0.000000000000000000e+00,-0.000000000000000000e+00,-0.000000000000000000e+00,-0.000000000000000000e+00,0.000000000000000000e+00,-0.000000000000000000e+00,-0.000000000000000000e+00,-0.000000000000000000e+00,0.000000000000000000e+00,0.000000000000000000e+00,0.000000000000000000e+00,0.000000000000000000e+00,-0.000000000000000000e+00,0.000000000000000000e+00,-0.000000000000000000e+00,-2.443405569694697688e-01,-0.000000000000000000e+00,-0.000000000000000000e+00,0.000000000000000000e+00,-0.000000000000000000e+00,-0.000000000000000000e+00,-0.000000000000000000e+00,-4.086129699674951321e-01,1.359734610933173604e+00,-1.380817433720397391e-01,-1.836967818244696071e-02,-0.000000000000000000e+00,-0.000000000000000000e+00,0.000000000000000000e+00,-0.000000000000000000e+00,0.000000000000000000e+00,-0.000000000000000000e+00,-0.000000000000000000e+00,-0.000000000000000000e+00,0.000000000000000000e+00,0.000000000000000000e+00
-6.475787291275146573e-02,-8.566383987701609026e-02,-2.491228402077431126e-01,1.394792236967031529e-01,-1.471860088731371564e-02,-5.978314480836704331e-02,0.000000000000000000e+00,0.000000000000000000e+00,-6.682860712542976200e-02,-9.741583551432414501e-02,-0.000000000000000000e+00,-0.000000000000000000e+00,-0.000000000000000000e+00,-0.000000000000000000e+00,-0.000000000000000000e+00,-3.122387402249879873e-01,-0.000000000000000000e+00,-0.000000000000000000e+00,-8.574213845333346351e-02,0.000000000000000000e+00,-0.000000000000000000e+00,0.000000000000000000e+00,-1.263581547573890962e-01,-9.897187043725624855e-02,-0.000000000000000000e+00,-0.000000000000000000e+00,-1.380817433720397391e-01,1.871580247871736491e+00,-9.891050144459798132e-02,-0.000000000000000000e+00,-2.013006724105257939e-01,-0.000000000000000000e+00,-0.000000000000000000e+00,-4.997468590678479095e-02,-0.000000000000000000e+00,-0.000000000000000000e+00,-8.262290784379100472e-02,-0.000000000000000000e+00,-0.000000000000000000e+00
-4.524495690820146826e-02,-0.000000000000000000e+00,0.000000000000000000e+00,0.000000000000000000e+00,-0.000000000000000000e+00,-1.199421504908463644e-02,0.000000000000000000e+00,-0.000000000000000000e+00,-0.000000000000000000e+00,-0.000000000000000000e+00,-0.000000000000000000e+00,-0.000000000000000000e+00,0.000000000000000000e+00,-0.000000000000000000e+00,0.000000000000000000e+00,-2.748089753046978334e-01,-1.334546823461046396e-02,-0.000000000000000000e+00,-0.000000000000000000e+00,-0.000000000000000000e+00,-0.000000000000000000e+00,0.000000000000000000e+00,-0.000000000000000000e+00,0.000000000000000000e+00,-0.000000000000000000e+00,-1.049820760014236465e-01,-1.836967818244696071e-02,-9.891050144459798132e-02,1.839657452746008337e+00,-4.355291344678625942e-02,-0.000000000000000000e+00,-7.091958661896068383e-01,-0.000000000000000000e+00,-0.000000000000000000e+00,-0.000000000000000000e+00,-6.597882409465928577e-02,-3.000122916620062141e-01,0.000000000000000000e+00,0.000000000000000000e+00
-3.974199854353775013e-02,-0.000000000000000000e+00,-0.000000000000000000e+00,0.000000000000000000e+00,-0.000000000000000000e+00,-0.000000000000000000e+00,0.000000000000000000e+00,0.000000000000000000e+00,-4.581150299338598852e-01,-5.750087053713491825e-01,-0.000000000000000000e+00,-0.000000000000000000e+00,-0.000000000000000000e+00,-1.632579922376104498e-01,-0.000000000000000000e+00,-7.452186897844572666e-01,-2.253559928114102703e-02,-0.000000000000000000e+00,-0.000000000000000000e+00,-0.000000000000000000e+00,0.000000000000000000e+00,-0.000000000000000000e+00,-0.000000000000000000e+00,-0.000000000000000000e+00,-0.000000000000000000e+00,-0.000000000000000000e+00,-0.000000000000000000e+00,-0.000000000000000000e+00,-4.355291344678625942e-02,2.550497288762617831e+00,-0.000000000000000000e+00,-1.095303688752105320e-01,0.000000000000000000e+00,-0.000000000000000000e+00,-0.000000000000000000e+00,-2.610039763024763482e-01,-1.789852782627892602e-01,-0.000000000000000000e+00,-0.000000000000000000e+00
0.000000000000000000e+00,-3.435212100917831579e-01,-1.416252938612561074e-01,1.739584988241118374e-02,-0.000000000000000000e+00,-0.000000000000000000e+00,0.000000000000000000e+00,0.000000000000000000e+00,-0.000000000000000000e+00,-0.000000000000000000e+00,-0.000000000000000000e+00,-6.244213799224740402e-03,0.000000000000000000e+00,-0.000000000000000000e+00,-2.844996232911668494e-03,-0.000000000000000000e+00,-0.000000000000000000e+00,-1.084752700111364376e-01,-0.000000000000000000e+00,-0.000000000000000000e+00,0.000000000000000000e+00,-0.000000000000000000e+00,-1.420645956177868097e-01,-3.250905869264306691e-01,-0.000000000000000000e+00,-0.000000000000000000e+00,-0.000000000000000000e+00,-2.013006724105257939e-01,-0.000000000000000000e+00,-0.000000000000000000e+00,1.761580854778525884e+00,-0.000000000000000000e+00,0.000000000000000000e+00,-0.000000000000000000e+00,-1.053400522229939670e-02,0.000000000000000000e+00,-1.247896639745830344e-01,-0.000000000000000000e+00,-3.102792877647674308e-01
-0.000000000000000000e+00,-3.225780252421880934e-02,0.000000000000000000e+00,0.000000000000000000e+00,0.000000000000000000e+00,-0.000000000000000000e+00,0.000000000000000000e+00,-0.000000000000000000e+00,-0.000000000000000000e+00,-1.130263392542016632e-01,-0.000000000000000000e+00,-0.000000000000000000e+00,0.000000000000000000e+00,-1.326819758115100056e-01,-0.000000000000000000e+00,-1.226364439449722718e-02,-2.172817104011331435e-01,-0.000000000000000000e+00,-0.000000000000000000e+00,-0.000000000000000000e+00,-0.000000000000000000e+00,-0.000000000000000000e+00,-0.000000000000000000e+00,0.000000000000000000e+00,-0.000000000000000000e+00,-0.000000000000000000e+00,0.000000000000000000e+00,-0.000000000000000000e+00,-7.091958661896068383e-01,-1.095303688752105320e-01,-0.000000000000000000e+00,1.762375217868576094e+00,0.000000000000000000e+00,-0.000000000000000000e+00,-0.000000000000000000e+00,-0.000000000000000000e+00,-2.074071213813881986e-01,-0.000000000000000000e+00,-0.000000000000000000e+00
0.000000000000000000e+00,0.000000000000000000e+00,-0.000000000000000000e+00,-0.000000000000000000e+00,-2.264474358790991362e-02,0.000000000000000000e+00,-0.000000000000000000e+00,4.401205395601053838e-01,0.000000000000000000e+00,0.000000000000000000e+00,-0.000000000000000000e+00,6.806645101006811305e-02,1.697832032189944967e-02,0.000000000000000000e+00,0.000000000000000000e+00,0.000000000000000000e+00,-0.000000000000000000e+00,7.352476626544843068e-03,2.605013602772227391e-02,1.011223941985443658e-01,-4.889110566466052799e-01,1.074997400126058260e-02,0.000000000000000000e+00,0.000000000000000000e+00,0.000000000000000000e+00,0.000000000000000000e+00,-0.000000000000000000e+00,-0.000000000000000000e+00,-0.000000000000000000e+00,0.000000000000000000e+00,0.000000000000000000e+00,0.000000000000000000e+00,1.487394148135651850e+00,-0.000000000000000000e+00,0.000000000000000000e+00,0.000000000000000000e+00,0.000000000000000000e+00,0.000000000000000000e+00,3.333719189129710214e-01
-0.000000000000000000e+00,-9.256967982642562431e-02,-0.000000000000000000e+00,0.000000000000000000e+00,-0.000000000000000000e+00,-0.000000000000000000e+00,0.000000000000000000e+00,0.000000000000000000e+00,-5.005605595604244451e-01,-9.846861460493903928e-02,-0.000000000000000000e+00,-0.000000000000000000e+00,-0.000000000000000000e+00,-0.000000000000000000e+00,-0.000000000000000000e+00,-1.370368759823060723e-01,-0.000000000000000000e+00,0.000000000000000000e+00,-0.000000000000000000e+00,-0.000000000000000000e+00,-0.000000000000000000e+00,-0.000000000000000000e+00,-0.000000000000000000e+00,-0.000000000000000000e+00,-0.000000000000000000e+00,0.000000000000000000e+00,0.000000000000000000e+00,-4.997468590678479095e-02,-0.000000000000000000e+00,-0.000000000000000000e+00,-0.000000000000000000e+00,-0.000000000000000000e+00,-0.000000000000000000e+00,1.400654796566292548e+00,-0.000000000000000000e+00,-0.000000000000000000e+00,-0.000000000000000000e+00,0.000000000000000000e+00,0.000000000000000000e+00
0.000000000000000000e+00,-0.000000000000000000e+00,-0.000000000000000000e+00,0.000000000000000000e+00,0.000000000000000000e+00,-0.000000000000000000e+00,0.000000000000000000e+00,-0.000000000000000000e+00,-0.000000000000000000e+00,-0.000000000000000000e+00,-0.000000000000000000e+00,0.000000000000000000e+00,0.000000000000000000e+00,0.000000000000000000e+00,-0.000000000000000000e+00,-0.000000000000000000e+00,-0.000000000000000000e+00,-0.000000000000000000e+00,-0.000000000000000000e+00,-0.000000000000000000e+00,-0.000000000000000000e+00,-0.000000000000000000e+00,-0.000000000000000000e+00,-0.000000000000000000e+00,-0.000000000000000000e+00,0.000000000000000000e+00,-0.000000000000000000e+00,-0.000000000000000000e+00,-0.000000000000000000e+00,-0.000000000000000000e+00,-1.053400522229939670e-02,-0.000000000000000000e+00,0.000000000000000000e+00,-0.000000000000000000e+00,1.240825283604534812e+00,-8.054323691373429378e-03,-5.407377102522549217e-01,0.000000000000000000e+00,0.000000000000000000e+00
-3.468146613756326602e-01,-0.000000000000000000e+00,0.000000000000000000e+00,0.000000000000000000e+00,0.000000000000000000e+00,-0.000000000000000000e+00,0.000000000000000000e+00,-1.251574333775994086e-01,-0.000000000000000000e+00,-0.000000000000000000e+00,0.000000000000000000e+00,-0.000000000000000000e+00,-0.000000000000000000e+00,0.000000000000000000e+00,-0.000000000000000000e+00,-0.000000000000000000e+00,0.000000000000000000e+00,-0.000000000000000000e+00,-0.000000000000000000e+00,-0.000000000000000000e+00,-0.000000000000000000e+00,0.000000000000000000e+00,0.000000000000000000e+00,0.000000000000000000e+00,0.000000000000000000e+00,-2.579875890662554627e-01,-0.000000000000000000e+00,-0.000000000000000000e+00,-6.597882409465928577e-02,-2.610039763024763482e-01,0.000000000000000000e+00,-0.000000000000000000e+00,0.000000000000000000e+00,-0.000000000000000000e+00,-8.054323691373429378e-03,1.380270671310510622e+00,-0.000000000000000000e+00,-0.000000000000000000e+00,0.000000000000000000e+00
-0.000000000000000000e+00,-4.294772897652358173e-02,-0.000000000000000000e+00,0.000000000000000000e+00,-0.000000000000000000e+00,-1.022874133957047266e-01,0.000000000000000000e+00,-0.000000000000000000e+00,-0.000000000000000000e+00,-4.895205321676922294e-02,-0.000000000000000000e+00,-0.000000000000000000e+00,-0.000000000000000000e+00,-0.000000000000000000e+00,-0.000000000000000000e+00,-1.634870633587669209e-01,-0.000000000000000000e+00,-1.694149443603242544e-01,-0.000000000000000000e+00,-0.000000000000000000e+00,0.000000000000000000e+00,-0.000000000000000000e+00,-0.000000000000000000e+00,-0.000000000000000000e+00,-0.000000000000000000e+00,-0.000000000000000000e+00,-0.000000000000000000e+00,-8.262290784379100472e-02,-3.000122916620062141e-01,-1.789852782627892602e-01,-1.247896639745830344e-01,-2.074071213813881986e-01,0.000000000000000000e+00,-0.000000000000000000e+00,-5.407377102522549217e-01,-0.000000000000000000e+00,1.843100437733568020e+00,-0.000000000000000000e+00,-0.000000000000000000e+00
-0.000000000000000000e+00,-0.000000000000000000e+00,-0.000000000000000000e+00,0.000000000000000000e+00,-1.411034491770117713e-03,-0.000000000000000000e+00,0.000000000000000000e+00,-0.000000000000000000e+00,-2.386287481784823694e-01,-0.000000000000000000e+00,0.000000000000000000e+00,-0.000000000000000000e+00,-0.000000000000000000e+00,-2.715677645471896162e-01,-1.269632293186209460e-01,-0.000000000000000000e+00,-0.000000000000000000e+00,0.000000000000000000e+00,-5.619769018600098698e-02,-0.000000000000000000e+00,3.092599288865979790e-02,-0.000000000000000000e+00,-1.216934697834561180e-01,-0.000000000000000000e+00,-8.647788787131439892e-02,-1.228173709520991724e-01,0.000000000000000000e+00,-0.000000000000000000e+00,0.000000000000000000e+00,-0.000000000000000000e+00,-0.000000000000000000e+00,-0.000000000000000000e+00,0.000000000000000000e+00,0.000000000000000000e+00,0.000000000000000000e+00,-0.000000000000000000e+00,-0.000000000000000000e+00,2.229653286048353333e+00,-1.076255427642578200e+00
-0.000000000000000000e+00,-0.000000000000000000e+00,-0.000000000000000000e+00,0.000000000000000000e+00,-0.000000000000000000e+00,-0.000000000000000000e+00,0.000000000000000000e+00,0.000000000000000000e+00,-0.000000000000000000e+00,-0.000000000000000000e+00,0.000000000000000000e+00,-0.000000000000000000e+00,-0.000000000000000000e+00,-1.325107354556975536e-01,-2.143867575383553159e-01,0.000000000000000000e+00,-0.000000000000000000e+00,-0.000000000000000000e+00,-0.000000000000000000e+00,-0.000000000000000000e+00,2.712673011042980864e-01,-5.370380703996291936e-03,-0.000000000000000000e+00,-0.000000000000000000e+00,-1.865513537301707880e-01,-0.000000000000000000e+00,0.000000000000000000e+00,-0.000000000000000000e+00,0.000000000000000000e+00,-0.000000000000000000e+00,-3.102792877647674308e-01,-0.000000000000000000e+00,3.333719189129710214e-01,0.000000000000000000e+00,0.000000000000000000e+00,0.000000000000000000e+00,-0.000000000000000000e+00,-1.076255427642578200e+00,2.356847050866947235e+00
