1.538000037524087427e+00,-4.681207139179586196e-01,-0.000000000000000000e+00,-4.315669540985978686e-02,-0.000000000000000000e+00,0.000000000000000000e+00,-0.000000000000000000e+00,0.000000000000000000e+00,-0.000000000000000000e+00,-0.000000000000000000e+00,0.000000000000000000e+00,0.000000000000000000e+00,-1.517886839663409315e-01,-0.000000000000000000e+00,0.000000000000000000e+00,-0.000000000000000000e+00,0.000000000000000000e+00,-2.613017932366419882e-01,-0.000000000000000000e+00,-0.000000000000000000e+00,-0.000000000000000000e+00,-0.000000000000000000e+00,-2.568901143417417349e-02,0.000000000000000000e+00,-0.000000000000000000e+00,0.000000000000000000e+00,-0.000000000000000000e+00,-0.000000000000000000e+00,-1.443907577096732175e-01,0.000000000000000000e+00,-0.000000000000000000e+00,-0.000000000000000000e+00,-6.262658902152400120e-02,-0.000000000000000000e+00,-1.903664260209237125e-01,-1.417481227613090200e-01,-0.000000000000000000e+00,-0.000000000000000000e+00,-0.000000000000000000e+00
-4.681207139179586196e-01,1.518575053065958747e+00,0.000000000000000000e+00,-0.000000000000000000e+00,0.000000000000000000e+00,-0.000000000000000000e+00,0.000000000000000000e+00,-0.000000000000000000e+00,-2.036649667999190505e-01,0.000000000000000000e+00,2.213802581177615469e-01,0.000000000000000000e+00,-2.966402782136654676e-02,-1.044736560910915768e-01,3.838316715717957767e-02,-0.000000000000000000e+00,0.000000000000000000e+00,-0.000000000000000000e+00,8.376647378747507922e-02,-0.000000000000000000e+00,-0.000000000000000000e+00,-3.640902676076796657e-02,0.000000000000000000e+00,-0.000000000000000000e+00,0.000000000000000000e+00,0.000000000000000000e+00,0.000000000000000000e+00,0.000000000000000000e+00,-9.980567284603446276e-02,0.000000000000000000e+00,4.375352774386969258e-04,-0.000000000000000000e+00,-0.000000000000000000e+00,-1.414119981425263906e-01,-1.056379579053811774e-01,-0.000000000000000000e+00,-1.714982362122431381e-01,0.000000000000000000e+00,-0.000000000000000000e+00
-0.000000000000000000e+00,0.000000000000000000e+00,3.109366589153251148e+00,-3.165378834647451095e-02,-4.932213755387792609e-01,-0.000000000000000000e+00,-0.000000000000000000e+00,1.331521851050166738e+00,-0.000000000000000000e+00,-0.000000000000000000e+00,0.000000000000000000e+00,0.000000000000000000e+00,-0.000000000000000000e+00,-0.000000000000000000e+00,4.929242148147663233e-02,-0.000000000000000000e+00,0.000000000000000000e+00,-6.516743280656012161e-01,-0.000000000000000000e+00,0.000000000000000000e+00,-3.078650920799391177e-01,-0.000000000000000000e+00,-0.000000000000000000e+00,-0.000000000000000000e+00,-0.000000000000000000e+00,0.000000000000000000e+00,0.000000000000000000e+00,-0.000000000000000000e+00,0.000000000000000000e+00,-0.000000000000000000e+00,-0.000000000000000000e+00,-0.000000000000000000e+00,-5.321910390065330843e-01,0.000000000000000000e+00,-0.000000000000000000e+00,-0.000000000000000000e+00,0.000000000000000000e+00,-0.000000000000000000e+00,-0.000000000000000000e+00
-4.315669540985978686e-02,-0.000000000000000000e+00,-3.165378834647451095e-02,1.093867005976531415e+00,-1.634531236223076278e-01,-0.000000000000000000e+00,-0.000000000000000000e+00,1.543195144109784679e-02,-0.000000000000000000e+00,-0.000000000000000000e+00,0.000000000000000000e+00,-0.000000000000000000e+00,-6.469456436497095231e-02,-0.000000000000000000e+00,0.000000000000000000e+00,-0.000000000000000000e+00,4.382526843338296202e-02,-0.000000000000000000e+00,-0.000000000000000000e+00,-3.572843137956419751e-02,-0.000000000000000000e+00,-0.000000000000000000e+00,-9.114160002471705102e-02,-0.000000000000000000e+00,-0.000000000000000000e+00,0.000000000000000000e+00,-0.000000000000000000e+00,-0.000000000000000000e+00,-3.702793961083523933e-02,0.000000000000000000e+00,-1.658424848022231959e-02,-0.000000000000000000e+00,-0.000000000000000000e+00,-0.000000000000000000e+00,-0.000000000000000000e+00,-0.000000000000000000e+00,-0.000000000000000000e+00,-0.000000000000000000e+00,-0.000000000000000000e+00
-0.000000000000000000e+00,0.000000000000000000e+00,-4.932213755387792609e-01,-1.634531236223076278e-01,2.036525031383997320e+00,0.000000000000000000e+00,3.516490186295328276e-03,0.000000000000000000e+00,-8.377028413596622480e-02,-1.370442497609010712e-01,0.000000000000000000e+00,0.000000000000000000e+00,-0.000000000000000000e+00,-0.000000000000000000e+00,0.000000000000000000e+00,-0.000000000000000000e+00,4.275763680367931918e-02,-8.239214908959053840e-01,-1.967815241461691178e-01,0.000000000000000000e+00,-0.000000000000000000e+00,-0.000000000000000000e+00,0.000000000000000000e+00,-6.039043614706345736e-02,-0.000000000000000000e+00,0.000000000000000000e+00,0.000000000000000000e+00,-0.000000000000000000e+00,0.000000000000000000e+00,-0.000000000000000000e+00,-0.000000000000000000e+00,-0.000000000000000000e+00,-0.000000000000000000e+00,-0.000000000000000000e+00,0.000000000000000000e+00,-0.000000000000000000e+00,0.000000000000000000e+00,-0.000000000000000000e+00,-5.362572739710247394e-02
0.000000000000000000e+00,-0.000000000000000000e+00,-0.000000000000000000e+00,-0.000000000000000000e+00,0.000000000000000000e+00,1.416379260345713265e+00,0.000000000000000000e+00,-0.000000000000000000e+00,-0.000000000000000000e+00,1.789247249308108523e-01,-0.000000000000000000e+00,0.000000000000000000e+00,0.000000000000000000e+00,-3.930237999353879408e-01,0.000000000000000000e+00,-0.000000000000000000e+00,-2.293668556391224300e-01,0.000000000000000000e+00,0.000000000000000000e+00,8.099050835487883737e-02,-0.000000000000000000e+00,0.000000000000000000e+00,0.000000000000000000e+00,-1.171411536166882678e-01,0.000000000000000000e+00,-0.000000000000000000e+00,0.000000000000000000e+00,-0.000000000000000000e+00,-0.000000000000000000e+00,0.000000000000000000e+00,0.000000000000000000e+00,0.000000000000000000e+00,-5.495208409642069955e-03,0.000000000000000000e+00,-0.000000000000000000e+00,9.350731150381272339e-02,-3.650088310331951053e-02,1.598922819850668586e-01,1.836807754128534920e-01
-0.000000000000000000e+00,0.000000000000000000e+00,-0.000000000000000000e+00,-0.000000000000000000e+00,3.516490186295328276e-03,0.000000000000000000e+00,1.523001885504311259e+00,0.000000000000000000e+00,4.343478985860849996e-03,-0.000000000000000000e+00,-1.279578444429307904e-01,-0.000000000000000000e+00,-2.667590155663127072e-01,-1.071405895536387820e-01,-0.000000000000000000e+00,-0.000000000000000000e+00,-0.000000000000000000e+00,0.000000000000000000e+00,0.000000000000000000e+00,-0.000000000000000000e+00,-1.401584909434971105e-01,-0.000000000000000000e+00,-3.116384758230430485e-01,0.000000000000000000e+00,0.000000000000000000e+00,-2.889784070345136069e-02,-3.244126984315838236e-01,-1.557075980956442451e-01,-0.000000000000000000e+00,-0.000000000000000000e+00,-0.000000000000000000e+00,-0.000000000000000000e+00,-0.000000000000000000e+00,-0.000000000000000000e+00,-0.000000000000000000e+00,-0.000000000000000000e+00,-0.000000000000000000e+00,0.000000000000000000e+00,0.000000000000000000e+00
0.000000000000000000e+00,-0.000000000000000000e+00,1.331521851050166738e+00,1.543195144109784679e-02,0.000000000000000000e+00,-0.000000000000000000e+00,0.000000000000000000e+00,2.224145636558461536e+00,-0.000000000000000000e+00,0.000000000000000000e+00,-0.000000000000000000e+00,-0.000000000000000000e+00,0.000000000000000000e+00,-0.000000000000000000e+00,-4.063218609394247394e-01,0.000000000000000000e+00,-0.000000000000000000e+00,9.675435516332751840e-02,0.000000000000000000e+00,-0.000000000000000000e+00,2.061103741810521028e-01,0.000000000000000000e+00,0.000000000000000000e+00,-0.000000000000000000e+00,0.000000000000000000e+00,-0.000000000000000000e+00,-0.000000000000000000e+00,0.000000000000000000e+00,-0.000000000000000000e+00,-0.000000000000000000e+00,0.000000000000000000e+00,0.000000000000000000e+00,2.916367870207866447e-02,-0.000000000000000000e+00,0.000000000000000000e+00,0.000000000000000000e+00,-0.000000000000000000e+00,0.000000000000000000e+00,0.000000000000000000e+00
-0.000000000000000000e+00,-2.036649667999190505e-01,-0.000000000000000000e+00,-0.000000000000000000e+00,-8.377028413596622480e-02,-0.000000000000000000e+00,4.343478985860849996e-03,-0.000000000000000000e+00,1.792869025609487021e+00,-0.000000000000000000e+00,0.000000000000000000e+00,-0.000000000000000000e+00,-0.000000000000000000e+00,-0.000000000000000000e+00,-0.000000000000000000e+00,0.000000000000000000e+00,-0.000000000000000000e+00,-1.068103590884749016e-01,-0.000000000000000000e+00,-0.000000000000000000e+00,0.000000000000000000e+00,-0.000000000000000000e+00,0.000000000000000000e+00,-0.000000000000000000e+00,0.000000000000000000e+00,0.000000000000000000e+00,0.000000000000000000e+00,-0.000000000000000000e+00,-0.000000000000000000e+00,-4.993305595856706303e-02,0.000000000000000000e+00,-0.000000000000000000e+00,0.000000000000000000e+00,-7.620464847966145205e-01,-0.000000000000000000e+00,-0.000000000000000000e+00,-8.041547529963867513e-02,-1.094908810504759966e-01,-3.370360393086180295e-01
-0.000000000000000000e+00,0.000000000000000000e+00,-0.000000000000000000e+00,-0.000000000000000000e+00,-1.370442497609010712e-01,1.789247249308108523e-01,-0.000000000000000000e+00,0.000000000000000000e+00,-0.000000000000000000e+00,2.530267297614601230e+00,-0.000000000000000000e+00,-7.189361867208927948e-03,-0.000000000000000000e+00,0.000000000000000000e+00,-1.723721392935160385e-02,-0.000000000000000000e+00,0.000000000000000000e+00,-0.000000000000000000e+00,-7.577204075685580742e-01,-0.000000000000000000e+00,-0.000000000000000000e+00,-0.000000000000000000e+00,-3.253047160685148403e-02,-0.000000000000000000e+00,-5.629964972991917393e-02,-0.000000000000000000e+00,-0.000000000000000000e+00,-0.000000000000000000e+00,-0.000000000000000000e+00,-1.642195182847550616e-01,-4.434270608947918357e-01,-6.863209002958907401e-02,-0.000000000000000000e+00,-0.000000000000000000e+00,0.000000000000000000e+00,-1.093506177256825390e-01,0.000000000000000000e+00,-4.095435974459802897e-01,-4.286952167867116303e-01
0.000000000000000000e+00,2.213802581177615469e-01,0.000000000000000000e+00,0.000000000000000000e+00,0.000000000000000000e+00,-0.000000000000000000e+00,-1.279578444429307904e-01,-0.000000000000000000e+00,0.000000000000000000e+00,-0.000000000000000000e+00,1.291293880199900990e+00,0.000000000000000000e+00,0.000000000000000000e+00,-0.000000000000000000e+00,-1.000760228575597877e-02,-0.000000000000000000e+00,-3.212197622139780773e-01,0.000000000000000000e+00,-0.000000000000000000e+00,0.000000000000000000e+00,-0.000000000000000000e+00,0.000000000000000000e+00,-0.000000000000000000e+00,1.654428951649170379e-02,-0.000000000000000000e+00,-2.485057784764039546e-01,-0.000000000000000000e+00,-0.000000000000000000e+00,0.000000000000000000e+00,-5.602206925774958629e-02,-9.716507345022006026e-02,-0.000000000000000000e+00,-0.000000000000000000e+00,6.036219165890695237e-02,0.000000000000000000e+00,0.000000000000000000e+00,0.000000000000000000e+00,0.000000000000000000e+00,0.000000000000000000e+00
0.000000000000000000e+00,0.000000000000000000e+00,0.000000000000000000e+00,-0.000000000000000000e+00,0.000000000000000000e+00,0.000000000000000000e+00,-0.000000000000000000e+00,-0.000000000000000000e+00,-0.000000000000000000e+00,-7.189361867208927948e-03,0.000000000000000000e+00,1.351898996770626526e+00,-0.000000000000000000e+00,-0.000000000000000000e+00,-2.487879796871228233e-01,0.000000000000000000e+00,0.000000000000000000e+00,0.000000000000000000e+00,-0.000000000000000000e+00,-3.363378040590587759e-01,0.000000000000000000e+00,-0.000000000000000000e+00,-0.000000000000000000e+00,0.000000000000000000e+00,-0.000000000000000000e+00,-0.000000000000000000e+00,-3.721045635055125755e-01,0.000000000000000000e+00,-0.000000000000000000e+00,-0.000000000000000000e+00,-0.000000000000000000e+00,0.000000000000000000e+00,1.331078099613298982e-01,-3.095496814201824723e-02,0.000000000000000000e+00,-0.000000000000000000e+00,0.000000000000000000e+00,-0.000000000000000000e+00,-0.000000000000000000e+00
-1.517886839663409315e-01,-2.966402782136654676e-02,-0.000000000000000000e+00,-6.469456436497095231e-02,-0.000000000000000000e+00,0.000000000000000000e+00,-2.667590155663127072e-01,0.000000000000000000e+00,-0.000000000000000000e+00,-0.000000000000000000e+00,0.000000000000000000e+00,-0.000000000000000000e+00,1.730435933323372755e+00,-0.000000000000000000e+00,-0.000000000000000000e+00,-0.000000000000000000e+00,0.000000000000000000e+00,-0.000000000000000000e+00,-0.000000000000000000e+00,-5.846168963775371097e-01,-0.000000000000000000e+00,-8.122326891486023048e-03,-8.789271287612221428e-02,0.000000000000000000e+00,-0.000000000000000000e+00,0.000000000000000000e+00,-0.000000000000000000e+00,-0.000000000000000000e+00,-2.249603271203330090e-01,0.000000000000000000e+00,-0.000000000000000000e+00,-0.000000000000000000e+00,-0.000000000000000000e+00,-3.449083254709828794e-01,-3.623072840358531471e-02,-1.184689718782661223e-02,-0.000000000000000000e+00,-0.000000000000000000e+00,-0.000000000000000000e+00
-0.000000000000000000e+00,-1.044736560910915768e-01,-0.000000000000000000e+00,-0.000000000000000000e+00,-0.000000000000000000e+00,-3.930237999353879408e-01,-1.071405895536387820e-01,-0.000000000000000000e+00,-0.000000000000000000e+00,0.000000000000000000e+00,-0.000000000000000000e+00,-0.000000000000000000e+00,-0.000000000000000000e+00,1.539421102391460572e+00,0.000000000000000000e+00,-9.585583759099493284e-02,-0.000000000000000000e+00,-0.000000000000000000e+00,0.000000000000000000e+00,-0.000000000000000000e+00,-0.000000000000000000e+00,-0.000000000000000000e+00,-2.598560941316294670e-01,-2.413174320864160949e-01,-0.000000000000000000e+00,-7.866121769295199295e-02,-1.811107687923851559e-02,-0.000000000000000000e+00,-0.000000000000000000e+00,-0.000000000000000000e+00,-0.000000000000000000e+00,-0.000000000000000000e+00,-3.351010961644845798e-01,-0.000000000000000000e+00,-5.915113930738766929e-02,0.000000000000000000e+00,-1.271736942374064039e-01,0.000000000000000000e+00,1.350223658153002805e-02
0.000000000000000000e+00,3.838316715717957767e-02,4.929242148147663233e-02,0.000000000000000000e+00,0.000000000000000000e+00,0.000000000000000000e+00,-0.000000000000000000e+00,-4.063218609394247394e-01,-0.000000000000000000e+00,-1.723721392935160385e-02,-1.000760228575597877e-02,-2.487879796871228233e-01,-0.000000000000000000e+00,0.000000000000000000e+00,1.451150107611083317e+00,-0.000000000000000000e+00,-0.000000000000000000e+00,0.000000000000000000e+00,-3.216415996760063623e-02,-0.000000000000000000e+00,0.000000000000000000e+00,0.000000000000000000e+00,-0.000000000000000000e+00,0.000000000000000000e+00,-0.000000000000000000e+00,-1.343026435439430011e-01,-0.000000000000000000e+00,-0.000000000000000000e+00,-0.000000000000000000e+00,-0.000000000000000000e+00,-0.000000000000000000e+00,-0.000000000000000000e+00,0.000000000000000000e+00,-0.000000000000000000e+00,0.000000000000000000e+00,-0.000000000000000000e+00,-0.000000000000000000e+00,-5.323861269500551607e-01,-0.000000000000000000e+00
-0.000000000000000000e+00,-0.000000000000000000e+00,-0.000000000000000000e+00,-0.000000000000000000e+00,-0.000000000000000000e+00,-0.000000000000000000e+00,-0.000000000000000000e+00,0.000000000000000000e+00,0.000000000000000000e+00,-0.000000000000000000e+00,-0.000000000000000000e+00,0.000000000000000000e+00,-0.000000000000000000e+00,-9.585583759099493284e-02,-0.000000000000000000e+00,1.825177774057978430e+00,-2.947546513746090446e-01,-6.888031099449914638e-03,-0.000000000000000000e+00,0.000000000000000000e+00,-0.000000000000000000e+00,-9.306847336374277080e-02,-6.244640841543983023e-02,0.000000000000000000e+00,0.000000000000000000e+00,-2.574106523758528664e-01,-0.000000000000000000e+00,-6.824892788776136809e-01,0.000000000000000000e+00,-4.321927803071354268e-02,-0.000000000000000000e+00,-0.000000000000000000e+00,-3.364433383598078864e-01,0.000000000000000000e+00,0.000000000000000000e+00,0.000000000000000000e+00,0.000000000000000000e+00,0.000000000000000000e+00,0.000000000000000000e+00
0.000000000000000000e+00,0.000000000000000000e+00,0.000000000000000000e+00,4.382526843338296202e-02,4.275763680367931918e-02,-2.293668556391224300e-01,-0.000000000000000000e+00,-0.000000000000000000e+00,-0.000000000000000000e+00,0.000000000000000000e+00,-3.212197622139780773e-01,0.000000000000000000e+00,0.000000000000000000e+00,-0.000000000000000000e+00,-0.000000000000000000e+00,-2.947546513746090446e-01,1.497619710387817271e+00,0.000000000000000000e+00,0.000000000000000000e+00,0.000000000000000000e+00,-0.000000000000000000e+00,-0.000000000000000000e+00,-0.000000000000000000e+00,0.000000000000000000e+00,2.217509976346306311e-01,-2.568468425467549943e-01,0.000000000000000000e+00,-0.000000000000000000e+00,0.000000000000000000e+00,-1.376945478264490763e-01,0.000000000000000000e+00,-0.000000000000000000e+00,-0.000000000000000000e+00,0.000000000000000000e+00,0.000000000000000000e+00,1.052615970279097493e-02,-0.000000000000000000e+00,0.000000000000000000e+00,2.087395210578505134e-01
-2.613017932366419882e-01,-0.000000000000000000e+00,-6.516743280656012161e-01,-0.000000000000000000e+00,-8.239214908959053840e-01,0.000000000000000000e+00,0.000000000000000000e+00,9.675435516332751840e-02,-1.068103590884749016e-01,-0.000000000000000000e+00,0.000000000000000000e+00,0.000000000000000000e+00,-0.000000000000000000e+00,-0.000000000000000000e+00,0.000000000000000000e+00,-6.888031099449914638e-03,0.000000000000000000e+00,2.267439471897208403e+00,-2.808498502590724422e-01,-0.000000000000000000e+00,-0.000000000000000000e+00,-0.000000000000000000e+00,-0.000000000000000000e+00,-0.000000000000000000e+00,-0.000000000000000000e+00,0.000000000000000000e+00,0.000000000000000000e+00,-1.628061579845957105e-02,-0.000000000000000000e+00,-0.000000000000000000e+00,-0.000000000000000000e+00,-0.000000000000000000e+00,-7.210476967257609116e-02,-0.000000000000000000e+00,-0.000000000000000000e+00,-0.000000000000000000e+00,-0.000000000000000000e+00,-0.000000000000000000e+00,-3.068330120472003569e-02
-0.000000000000000000e+00,8.376647378747507922e-02,-0.000000000000000000e+00,-0.000000000000000000e+00,-1.967815241461691178e-01,0.000000000000000000e+00,0.000000000000000000e+00,0.000000000000000000e+00,-0.000000000000000000e+00,-7.577204075685580742e-01,-0.000000000000000000e+00,-0.000000000000000000e+00,-0.000000000000000000e+00,0.000000000000000000e+00,-3.216415996760063623e-02,-0.000000000000000000e+00,0.000000000000000000e+00,-2.808498502590724422e-01,2.138749813612681017e+00,-0.000000000000000000e+00,-0.000000000000000000e+00,-0.000000000000000000e+00,-0.000000000000000000e+00,0.000000000000000000e+00,-2.575913919484895120e-01,-0.000000000000000000e+00,0.000000000000000000e+00,-0.000000000000000000e+00,-0.000000000000000000e+00,-0.000000000000000000e+00,-0.000000000000000000e+00,-0.000000000000000000e+00,-0.000000000000000000e+00,0.000000000000000000e+00,0.000000000000000000e+00,-0.000000000000000000e+00,0.000000000000000000e+00,-3.212467182998519633e-01,-2.561606519257207948e-01
-0.000000000000000000e+00,-0.000000000000000000e+00,0.000000000000000000e+00,-3.572843137956419751e-02,0.000000000000000000e+00,8.099050835487883737e-02,-0.000000000000000000e+00,-0.000000000000000000e+00,-0.000000000000000000e+00,-0.000000000000000000e+00,0.000000000000000000e+00,-3.363378040590587759e-01,-5.846168963775371097e-01,-0.000000000000000000e+00,-0.000000000000000000e+00,0.000000000000000000e+00,0.000000000000000000e+00,-0.000000000000000000e+00,-0.000000000000000000e+00,1.576271287986177549e+00,-0.000000000000000000e+00,-7.159107417561490216e-02,-0.000000000000000000e+00,0.000000000000000000e+00,-8.856207711068640742e-02,0.000000000000000000e+00,-1.810049953610640694e-01,0.000000000000000000e+00,-0.000000000000000000e+00,0.000000000000000000e+00,-0.000000000000000000e+00,0.000000000000000000e+00,0.000000000000000000e+00,-1.910935378036752660e-02,-1.317388338167881923e-01,-0.000000000000000000e+00,-0.000000000000000000e+00,-0.000000000000000000e+00,-0.000000000000000000e+00
-0.000000000000000000e+00,-0.000000000000000000e+00,-3.078650920799391177e-01,-0.000000000000000000e+00,-0.000000000000000000e+00,-0.000000000000000000e+00,-1.401584909434971105e-01,2.061103741810521028e-01,0.000000000000000000e+00,-0.000000000000000000e+00,-0.000000000000000000e+00,0.000000000000000000e+00,-0.000000000000000000e+00,-0.000000000000000000e+00,0.000000000000000000e+00,-0.000000000000000000e+00,-0.000000000000000000e+00,-0.000000000000000000e+00,-0.000000000000000000e+00,-0.000000000000000000e+00,1.948618575707753653e+00,-2.970244904626714866e-01,-0.000000000000000000e+00,-0.000000000000000000e+00,-0.000000000000000000e+00,0.000000000000000000e+00,-0.000000000000000000e+00,-0.000000000000000000e+00,0.000000000000000000e+00,0.000000000000000000e+00,0.000000000000000000e+00,0.000000000000000000e+00,-8.826389679454471615e-01,0.000000000000000000e+00,-0.000000000000000000e+00,-0.000000000000000000e+00,-0.000000000000000000e+00,0.000000000000000000e+00,0.000000000000000000e+00
-0.000000000000000000e+00,-3.640902676076796657e-02,-0.000000000000000000e+00,-0.000000000000000000e+00,-0.000000000000000000e+00,0.000000000000000000e+00,-0.000000000000000000e+00,0.000000000000000000e+00,-0.000000000000000000e+00,-0.000000000000000000e+00,0.000000000000000000e+00,-0.000000000000000000e+00,-8.122326891486023048e-03,-0.000000000000000000e+00,0.000000000000000000e+00,-9.306847336374277080e-02,-0.000000000000000000e+00,-0.000000000000000000e+00,-0.000000000000000000e+00,-7.159107417561490216e-02,-2.970244904626714866e-01,1.117885669193269260e+00,-0.000000000000000000e+00,0.000000000000000000e+00,-0.000000000000000000e+00,-0.000000000000000000e+00,-0.000000000000000000e+00,-0.000000000000000000e+00,0.000000000000000000e+00,-0.000000000000000000e+00,-0.000000000000000000e+00,-0.000000000000000000e+00,-0.000000000000000000e+00,-0.000000000000000000e+00,-0.000000000000000000e+00,0.000000000000000000e+00,-0.000000000000000000e+00,0.000000000000000000e+00,-0.000000000000000000e+00
-2.568901143417417349e-02,0.000000000000000000e+00,-0.000000000000000000e+00,-9.114160002471705102e-02,0.000000000000000000e+00,0.000000000000000000e+00,-3.116384758230430485e-01,0.000000000000000000e+00,0.000000000000000000e+00,-3.253047160685148403e-02,-0.000000000000000000e+00,-0.000000000000000000e+00,-8.789271287612221428e-02,-2.598560941316294670e-01,-0.000000000000000000e+00,-6.244640841543983023e-02,-0.000000000000000000e+00,-0.000000000000000000e+00,-0.000000000000000000e+00,-0.000000000000000000e+00,-0.000000000000000000e+00,-0.000000000000000000e+00,1.615196418159327019e+00,-0.000000000000000000e+00,-2.519068557838778921e-01,-6.206579109056897109e-02,-3.185319609258238649e-01,-0.000000000000000000e+00,-1.283877309655274412e-01,-0.000000000000000000e+00,-2.167372583378593745e-02,-2.282902084056266309e-02,-0.000000000000000000e+00,0.000000000000000000e+00,-0.000000000000000000e+00,-1.650912135135212087e-03,-0.000000000000000000e+00,-0.000000000000000000e+00,-0.000000000000000000e+00
0.000000000000000000e+00,-0.000000000000000000e+00,-0.000000000000000000e+00,-0.000000000000000000e+00,-6.039043614706345736e-02,-1.171411536166882678e-01,0.000000000000000000e+00,-0.000000000000000000e+00,-0.000000000000000000e+00,-0.000000000000000000e+00,1.654428951649170379e-02,0.000000000000000000e+00,0.000000000000000000e+00,-2.413174320864160949e-01,0.000000000000000000e+00,0.000000000000000000e+00,0.000000000000000000e+00,-0.000000000000000000e+00,0.000000000000000000e+00,0.000000000000000000e+00,-0.000000000000000000e+00,0.000000000000000000e+00,-0.000000000000000000e+00,1.092468289936967096e+00,-4.992525588085181681e-02,0.000000000000000000e+00,-0.000000000000000000e+00,-0.000000000000000000e+00,-1.128117054674629416e-02,-0.000000000000000000e+00,-0.000000000000000000e+00,-0.000000000000000000e+00,-0.000000000000000000e+00,-0.000000000000000000e+00,-0.000000000000000000e+00,-0.000000000000000000e+00,-0.000000000000000000e+00,-0.000000000000000000e+00,-0.000000000000000000e+00
-0.000000000000000000e+00,0.000000000000000000e+00,-0.000000000000000000e+00,-0.000000000000000000e+00,-0.000000000000000000e+00,0.000000000000000000e+00,0.000000000000000000e+00,0.000000000000000000e+00,0.000000000000000000e+00,-5.629964972991917393e-02,-0.000000000000000000e+00,-0.000000000000000000e+00,-0.000000000000000000e+00,-0.000000000000000000e+00,-0.000000000000000000e+00,0.000000000000000000e+00,2.217509976346306311e-01,-0.000000000000000000e+00,-2.575913919484895120e-01,-8.856207711068640742e-02,-0.000000000000000000e+00,-0.000000000000000000e+00,-2.519068557838778921e-01,-4.992525588085181681e-02,1.869693166114747562e+00,-0.000000000000000000e+00,-4.755298354402604649e-02,-0.000000000000000000e+00,-0.000000000000000000e+00,-0.000000000000000000e+00,-3.029814058861142745e-01,-0.000000000000000000e+00,-0.000000000000000000e+00,-0.000000000000000000e+00,-0.000000000000000000e+00,-6.092104861978214769e-01,-0.000000000000000000e+00,-8.186912038014798609e-02,-2.295516496582378566e-02
0.000000000000000000e+00,0.000000000000000000e+00,0.000000000000000000e+00,0.000000000000000000e+00,0.000000000000000000e+00,-0.000000000000000000e+00,-2.889784070345136069e-02,-0.000000000000000000e+00,0.000000000000000000e+00,-0.000000000000000000e+00,-2.485057784764039546e-01,-0.000000000000000000e+00,0.000000000000000000e+00,-7.866121769295199295e-02,-1.343026435439430011e-01,-2.574106523758528664e-01,-2.568468425467549943e-01,0.000000000000000000e+00,-0.000000000000000000e+00,0.000000000000000000e+00,0.000000000000000000e+00,-0.000000000000000000e+00,-6.206579109056897109e-02,0.000000000000000000e+00,-0.000000000000000000e+00,1.661476548116812335e+00,-1.849096491552588706e-01,-3.058842224641273311e-01,0.000000000000000000e+00,-2.963257935053279502e-01,-0.000000000000000000e+00,-0.000000000000000000e+00,-0.000000000000000000e+00,7.731925155532509697e-02,0.000000000000000000e+00,0.000000000000000000e+00,0.000000000000000000e+00,0.000000000000000000e+00,5.074049249639626946e-02
-0.000000000000000000e+00,0.000000000000000000e+00,0.000000000000000000e+00,-0.000000000000000000e+00,0.000000000000000000e+00,0.000000000000000000e+00,-3.244126984315838236e-01,-0.000000000000000000e+00,0.000000000000000000e+00,-0.000000000000000000e+00,-0.000000000000000000e+00,-3.721045635055125755e-01,-0.000000000000000000e+00,-1.811107687923851559e-02,-0.000000000000000000e+00,-0.000000000000000000e+00,0.000000000000000000e+00,0.000000000000000000e+00,0.000000000000000000e+00,-1.810049953610640694e-01,-0.000000000000000000e+00,-0.000000000000000000e+00,-3.185319609258238649e-01,-0.000000000000000000e+00,-4.755298354402604649e-02,-1.849096491552588706e-01,2.054173521353802379e+00,-0.000000000000000000e+00,-2.564133282784241546e-02,-0.000000000000000000e+00,-7.528399289478289180e-01,-0.000000000000000000e+00,-0.000000000000000000e+00,-0.000000000000000000e+00,-0.000000000000000000e+00,-2.336188394643491303e-02,0.000000000000000000e+00,-0.000000000000000000e+00,0.000000000000000000e+00
-0.000000000000000000e+00,0.000000000000000000e+00,-0.000000000000000000e+00,-0.000000000000000000e+00,-0.000000000000000000e+00,-0.000000000000000000e+00,-1.557075980956442451e-01,0.000000000000000000e+00,-0.000000000000000000e+00,-0.000000000000000000e+00,-0.000000000000000000e+00,0.000000000000000000e+00,-0.000000000000000000e+00,-0.000000000000000000e+00,-0.000000000000000000e+00,-6.824892788776136809e-01,-0.000000000000000000e+00,-1.628061579845957105e-02,-0.000000000000000000e+00,0.000000000000000000e+00,-0.000000000000000000e+00,-0.000000000000000000e+00,-0.000000000000000000e+00,-0.000000000000000000e+00,-0.000000000000000000e+00,-3.058842224641273311e-01,-0.000000000000000000e+00,1.821228505516094387e+00,0.000000000000000000e+00,-8.542676070892943341e-02,-3.208221697114822524e-01,-0.000000000000000000e+00,-1.999475590592307561e-01,-0.000000000000000000e+00,0.000000000000000000e+00,0.000000000000000000e+00,-0.000000000000000000e+00,-0.000000000000000000e+00,0.000000000000000000e+00
-1.443907577096732175e-01,-9.980567284603446276e-02,0.000000000000000000e+00,-3.702793961083523933e-02,0.000000000000000000e+00,-0.000000000000000000e+00,-0.000000000000000000e+00,-0.000000000000000000e+00,-0.000000000000000000e+00,-0.000000000000000000e+00,0.000000000000000000e+00,-0.000000000000000000e+00,-2.249603271203330090e-01,-0.000000000000000000e+00,-0.000000000000000000e+00,0.000000000000000000e+00,0.000000000000000000e+00,-0.000000000000000000e+00,-0.000000000000000000e+00,-0.000000000000000000e+00,0.000000000000000000e+00,0.000000000000000000e+00,-1.283877309655274412e-01,-1.128117054674629416e-02,-0.000000000000000000e+00,0.000000000000000000e+00,-2.564133282784241546e-02,0.000000000000000000e+00,1.510637423760892162e+00,0.000000000000000000e+00,-0.000000000000000000e+00,-1.481897994092596926e-01,0.000000000000000000e+00,-7.348842364206406574e-02,-0.000000000000000000e+00,-1.345981137753636259e-01,-3.464252130644510652e-01,-0.000000000000000000e+00,-1.021672899214814689e-01
0.000000000000000000e+00,0.000000000000000000e+00,-0.000000000000000000e+00,0.000000000000000000e+00,-0.000000000000000000e+00,0.000000000000000000e+00,-0.000000000000000000e+00,-0.000000000000000000e+00,-4.993305595856706303e-02,-1.642195182847550616e-01,-5.602206925774958629e-02,-0.000000000000000000e+00,0.000000000000000000e+00,-0.000000000000000000e+00,-0.000000000000000000e+00,-4.321927803071354268e-02,-1.376945478264490763e-01,-0.000000000000000000e+00,-0.000000000000000000e+00,0.000000000000000000e+00,0.000000000000000000e+00,-0.000000000000000000e+00,-0.000000000000000000e+00,-0.000000000000000000e+00,-0.000000000000000000e+00,-2.963257935053279502e-01,-0.000000000000000000e+00,-8.542676070892943341e-02,0.000000000000000000e+00,1.422744722896908565e+00,-8.182967223699165460e-02,-3.623700443259730841e-01,-0.000000000000000000e+00,-0.000000000000000000e+00,0.000000000000000000e+00,-0.000000000000000000e+00,0.000000000000000000e+00,-0.000000000000000000e+00,-0.000000000000000000e+00
-0.000000000000000000e+00,4.375352774386969258e-04,-0.000000000000000000e+00,-1.658424848022231959e-02,-0.000000000000000000e+00,0.000000000000000000e+00,-0.000000000000000000e+00,0.000000000000000000e+00,0.000000000000000000e+00,-4.434270608947918357e-01,-9.716507345022006026e-02,-0.000000000000000000e+00,-0.000000000000000000e+00,-0.000000000000000000e+00,-0.000000000000000000e+00,-0.000000000000000000e+00,0.000000000000000000e+00,-0.000000000000000000e+00,-0.000000000000000000e+00,-0.000000000000000000e+00,0.000000000000000000e+00,-0.000000000000000000e+00,-2.167372583378593745e-02,-0.000000000000000000e+00,-3.029814058861142745e-01,-0.000000000000000000e+00,-7.528399289478289180e-01,-3.208221697114822524e-01,-0.000000000000000000e+00,-8.182967223699165460e-02,2.289825720249313079e+00,-4.521631984919068925e-01,-0.000000000000000000e+00,-0.000000000000000000e+00,0.000000000000000000e+00,-1.508202782927479078e-02,0.000000000000000000e+00,-9.591902569929497413e-02,-0.000000000000000000e+00
-0.000000000000000000e+00,-0.000000000000000000e+00,-0.000000000000000000e+00,-0.000000000000000000e+00,-0.000000000000000000e+00,0.000000000000000000e+00,-0.000000000000000000e+00,0.000000000000000000e+00,-0.000000000000000000e+00,-6.863209002958907401e-02,-0.000000000000000000e+00,0.000000000000000000e+00,-0.000000000000000000e+00,-0.000000000000000000e+00,-0.000000000000000000e+00,-0.000000000000000000e+00,-0.000000000000000000e+00,-0.000000000000000000e+00,-0.000000000000000000e+00,0.000000000000000000e+00,0.000000000000000000e+00,-0.000000000000000000e+00,-2.282902084056266309e-02,-0.000000000000000000e+00,-0.000000000000000000e+00,-0.000000000000000000e+00,-0.000000000000000000e+00,-0.000000000000000000e+00,-1.481897994092596926e-01,-3.623700443259730841e-01,-4.521631984919068925e-01,1.575757217890365158e+00,-0.000000000000000000e+00,-6.790015731835435074e-03,-0.000000000000000000e+00,-2.357049928641333780e-01,-9.529067604540381042e-02,-1.600813305301779232e-02,-0.000000000000000000e+00
-6.262658902152400120e-02,-0.000000000000000000e+00,-5.321910390065330843e-01,-0.000000000000000000e+00,-0.000000000000000000e+00,-5.495208409642069955e-03,-0.000000000000000000e+00,2.916367870207866447e-02,0.000000000000000000e+00,-0.000000000000000000e+00,-0.000000000000000000e+00,1.331078099613298982e-01,-0.000000000000000000e+00,-3.351010961644845798e-01,0.000000000000000000e+00,-3.364433383598078864e-01,-0.000000000000000000e+00,-7.210476967257609116e-02,-0.000000000000000000e+00,0.000000000000000000e+00,-8.826389679454471615e-01,-0.000000000000000000e+00,-0.000000000000000000e+00,-0.000000000000000000e+00,-0.000000000000000000e+00,-0.000000000000000000e+00,-0.000000000000000000e+00,-1.999475590592307561e-01,0.000000000000000000e+00,-0.000000000000000000e+00,-0.000000000000000000e+00,-0.000000000000000000e+00,2.277180048288200975e+00,0.000000000000000000e+00,-0.000000000000000000e+00,-0.000000000000000000e+00,0.000000000000000000e+00,0.000000000000000000e+00,0.000000000000000000e+00
-0.000000000000000000e+00,-1.414119981425263906e-01,0.000000000000000000e+00,-0.000000000000000000e+00,-0.000000000000000000e+00,0.000000000000000000e+00,-0.000000000000000000e+00,-0.000000000000000000e+00,-7.620464847966145205e-01,-0.000000000000000000e+00,6.036219165890695237e-02,-3.095496814201824723e-02,-3.449083254709828794e-01,-0.000000000000000000e+00,-0.000000000000000000e+00,0.000000000000000000e+00,0.000000000000000000e+00,-0.000000000000000000e+00,0.000000000000000000e+00,-1.910935378036752660e-02,0.000000000000000000e+00,-0.000000000000000000e+00,0.000000000000000000e+00,-0.000000000000000000e+00,-0.000000000000000000e+00,7.731925155532509697e-02,-0.000000000000000000e+00,-0.000000000000000000e+00,-7.348842364206406574e-02,-0.000000000000000000e+00,-0.000000000000000000e+00,-6.790015731835435074e-03,0.000000000000000000e+00,1.725558827891598757e+00,-0.000000000000000000e+00,-0.000000000000000000e+00,-8.122706431588969100e-02,-1.470347769957068909e-02,-7.503457041080348333e-02
-1.903664260209237125e-01,-1.056379579053811774e-01,-0.000000000000000000e+00,-0.000000000000000000e+00,0.000000000000000000e+00,-0.000000000000000000e+00,-0.000000000000000000e+00,0.000000000000000000e+00,-0.000000000000000000e+00,0.000000000000000000e+00,0.000000000000000000e+00,0.000000000000000000e+00,-3.623072840358531471e-02,-5.915113930738766929e-02,0.000000000000000000e+00,0.000000000000000000e+00,0.000000000000000000e+00,-0.000000000000000000e+00,0.000000000000000000e+00,-1.317388338167881923e-01,-0.000000000000000000e+00,-0.000000000000000000e+00,-0.000000000000000000e+00,-0.000000000000000000e+00,-0.000000000000000000e+00,0.000000000000000000e+00,-0.000000000000000000e+00,0.000000000000000000e+00,-0.000000000000000000e+00,0.000000000000000000e+00,0.000000000000000000e+00,-0.000000000000000000e+00,-0.000000000000000000e+00,-0.000000000000000000e+00,1.528323151693847137e+00,-0.000000000000000000e+00,-6.927555372940286116e-01,0.000000000000000000e+00,0.000000000000000000e+00
-1.417481227613090200e-01,-0.000000000000000000e+00,-0.000000000000000000e+00,-0.000000000000000000e+00,-0.000000000000000000e+00,9.350731150381272339e-02,-0.000000000000000000e+00,0.000000000000000000e+00,-0.000000000000000000e+00,-1.093506177256825390e-01,0.000000000000000000e+00,-0.000000000000000000e+00,-1.184689718782661223e-02,0.000000000000000000e+00,-0.000000000000000000e+00,0.000000000000000000e+00,1.052615970279097493e-02,-0.000000000000000000e+00,-0.000000000000000000e+00,-0.000000000000000000e+00,-0.000000000000000000e+00,0.000000000000000000e+00,-1.650912135135212087e-03,-0.000000000000000000e+00,-6.092104861978214769e-01,0.000000000000000000e+00,-2.336188394643491303e-02,0.000000000000000000e+00,-1.345981137753636259e-01,-0.000000000000000000e+00,-1.508202782927479078e-02,-2.357049928641333780e-01,-0.000000000000000000e+00,-0.000000000000000000e+00,-0.000000000000000000e+00,1.830037666370203819e+00,-0.000000000000000000e+00,-1.663339616915966435e-01,-2.573808662053531648e-01
-0.000000000000000000e+00,-1.714982362122431381e-01,0.000000000000000000e+00,-0.000000000000000000e+00,0.000000000000000000e+00,-3.650088310331951053e-02,-0.000000000000000000e+00,-0.000000000000000000e+00,-8.041547529963867513e-02,0.000000000000000000e+00,0.000000000000000000e+00,0.000000000000000000e+00,-0.000000000000000000e+00,-1.271736942374064039e-01,-0.000000000000000000e+00,0.000000000000000000e+00,-0.000000000000000000e+00,-0.000000000000000000e+00,0.000000000000000000e+00,-0.000000000000000000e+00,-0.000000000000000000e+00,-0.000000000000000000e+00,-0.000000000000000000e+00,-0.000000000000000000e+00,-0.000000000000000000e+00,0.000000000000000000e+00,0.000000000000000000e+00,-0.000000000000000000e+00,-3.464252130644510652e-01,0.000000000000000000e+00,0.000000000000000000e+00,-9.529067604540381042e-02,0.000000000000000000e+00,-8.122706431588969100e-02,-6.927555372940286116e-01,-0.000000000000000000e+00,1.681580045558134895e+00,-0.000000000000000000e+00,-0.000000000000000000e+00
-0.000000000000000000e+00,0.000000000000000000e+00,-0.000000000000000000e+00,-0.000000000000000000e+00,-0.000000000000000000e+00,1.598922819850668586e-01,0.000000000000000000e+00,0.000000000000000000e+00,-1.094908810504759966e-01,-4.095435974459802897e-01,0.000000000000000000e+00,-0.000000000000000000e+00,-0.000000000000000000e+00,0.000000000000000000e+00,-5.323861269500551607e-01,0.000000000000000000e+00,0.000000000000000000e+00,-0.000000000000000000e+00,-3.212467182998519633e-01,-0.000000000000000000e+00,0.000000000000000000e+00,0.000000000000000000e+00,-0.000000000000000000e+00,-0.000000000000000000e+00,-8.186912038014798609e-02,0.000000000000000000e+00,-0.000000000000000000e+00,-0.000000000000000000e+00,-0.000000000000000000e+00,-0.000000000000000000e+00,-9.591902569929497413e-02,-1.600813305301779232e-02,0.000000000000000000e+00,-1.470347769957068909e-02,0.000000000000000000e+00,-1.663339616915966435e-01,-0.000000000000000000e+00,2.540990124286900631e+00,-8.963536709588957319e-01
-0.000000000000000000e+00,-0.000000000000000000e+00,-0.000000000000000000e+00,-0.000000000000000000e+00,-5.362572739710247394e-02,1.836807754128534920e-01,0.000000000000000000e+00,0.000000000000000000e+00,-3.370360393086180295e-01,-4.286952167867116303e-01,0.000000000000000000e+00,-0.000000000000000000e+00,-0.000000000000000000e+00,1.350223658153002805e-02,-0.000000000000000000e+00,0.000000000000000000e+00,2.087395210578505134e-01,-3.068330120472003569e-02,-2.561606519257207948e-01,-0.000000000000000000e+00,0.000000000000000000e+00,-0.000000000000000000e+00,-0.000000000000000000e+00,-0.000000000000000000e+00,-2.295516496582378566e-02,5.074049249639626946e-02,0.000000000000000000e+00,0.000000000000000000e+00,-1.021672899214814689e-01,-0.000000000000000000e+00,-0.000000000000000000e+00,-0.000000000000000000e+00,0.000000000000000000e+00,-7.503457041080348333e-02,0.000000000000000000e+00,-2.573808662053531648e-01,-0.000000000000000000e+00,-8.963536709588957319e-01,2.520524282338749256e+00
