1.313671317970901642e+00,-4.159039380731675006e-01,-0.000000000000000000e+00,0.000000000000000000e+00,-1.331477488185620617e-01,0.000000000000000000e+00,-0.000000000000000000e+00,0.000000000000000000e+00,-0.000000000000000000e+00,-0.000000000000000000e+00,0.000000000000000000e+00,0.000000000000000000e+00,0.000000000000000000e+00,-0.000000000000000000e+00,0.000000000000000000e+00,-0.000000000000000000e+00,-0.000000000000000000e+00,-0.000000000000000000e+00,0.000000000000000000e+00,-0.000000000000000000e+00,-0.000000000000000000e+00,-0.000000000000000000e+00,-0.000000000000000000e+00,-0.000000000000000000e+00,-0.000000000000000000e+00,-3.769613688817883279e-01,-0.000000000000000000e+00,-1.530284909451814501e-01,-0.000000000000000000e+00,-0.000000000000000000e+00,-0.000000000000000000e+00,-0.000000000000000000e+00,-0.000000000000000000e+00,-0.000000000000000000e+00,-0.000000000000000000e+00,-0.000000000000000000e+00,-0.000000000000000000e+00,-1.418041225458175313e-02,-0.000000000000000000e+00
-4.159039380731675006e-01,1.679671446851821237e+00,0.000000000000000000e+00,-0.000000000000000000e+00,-0.000000000000000000e+00,2.813180216261396485e-02,-2.027498496396152594e-01,0.000000000000000000e+00,-2.143371915665411298e-01,-2.923518809717290390e-01,1.152253247717131557e-01,0.000000000000000000e+00,-0.000000000000000000e+00,0.000000000000000000e+00,0.000000000000000000e+00,0.000000000000000000e+00,0.000000000000000000e+00,-1.573095848402339967e-03,0.000000000000000000e+00,-0.000000000000000000e+00,0.000000000000000000e+00,-0.000000000000000000e+00,0.000000000000000000e+00,0.000000000000000000e+00,0.000000000000000000e+00,-0.000000000000000000e+00,0.000000000000000000e+00,-0.000000000000000000e+00,0.000000000000000000e+00,-1.879144742674161705e-01,0.000000000000000000e+00,0.000000000000000000e+00,1.232846235490707154e-01,-4.445220606612931835e-02,0.000000000000000000e+00,0.000000000000000000e+00,0.000000000000000000e+00,-2.027680584066339498e-02,-0.000000000000000000e+00
-0.000000000000000000e+00,0.000000000000000000e+00,2.141000473390889169e+00,0.000000000000000000e+00,-2.883095995160838143e-01,-0.000000000000000000e+00,0.000000000000000000e+00,1.184702891329883823e+00,-0.000000000000000000e+00,-0.000000000000000000e+00,-0.000000000000000000e+00,-0.000000000000000000e+00,0.000000000000000000e+00,-7.967240835702034396e-02,0.000000000000000000e+00,-0.000000000000000000e+00,-0.000000000000000000e+00,-0.000000000000000000e+00,0.000000000000000000e+00,0.000000000000000000e+00,-4.729093323706099472e-01,0.000000000000000000e+00,-0.000000000000000000e+00,-0.000000000000000000e+00,-0.000000000000000000e+00,-0.000000000000000000e+00,-0.000000000000000000e+00,-1.327187828394872371e-01,-0.000000000000000000e+00,-0.000000000000000000e+00,-0.000000000000000000e+00,-0.000000000000000000e+00,-0.000000000000000000e+00,-0.000000000000000000e+00,-0.000000000000000000e+00,-0.000000000000000000e+00,-0.000000000000000000e+00,-0.000000000000000000e+00,-0.000000000000000000e+00
0.000000000000000000e+00,-0.000000000000000000e+00,0.000000000000000000e+00,1.496632886926635875e+00,0.000000000000000000e+00,0.000000000000000000e+00,-0.000000000000000000e+00,0.000000000000000000e+00,-0.000000000000000000e+00,-0.000000000000000000e+00,0.000000000000000000e+00,0.000000000000000000e+00,-0.000000000000000000e+00,9.614116001959169613e-03,2.155562988009214476e-01,1.161668790188827988e-01,0.000000000000000000e+00,-2.830446108683048467e-01,-0.000000000000000000e+00,0.000000000000000000e+00,0.000000000000000000e+00,0.000000000000000000e+00,0.000000000000000000e+00,1.143247517489618670e-01,4.024605019051191723e-02,0.000000000000000000e+00,0.000000000000000000e+00,1.583931605469642567e-01,0.000000000000000000e+00,-0.000000000000000000e+00,1.327930120183626883e-01,8.433101184508190462e-02,1.066722339443345324e-01,-0.000000000000000000e+00,0.000000000000000000e+00,0.000000000000000000e+00,4.194392248184555284e-03,-0.000000000000000000e+00,-0.000000000000000000e+00
-1.331477488185620617e-01,-0.000000000000000000e+00,-2.883095995160838143e-01,0.000000000000000000e+00,1.336006243098045498e+00,0.000000000000000000e+00,-0.000000000000000000e+00,2.051705397613059478e-01,-0.000000000000000000e+00,-1.346721289597546389e-01,0.000000000000000000e+00,-0.000000000000000000e+00,-0.000000000000000000e+00,-0.000000000000000000e+00,0.000000000000000000e+00,-0.000000000000000000e+00,0.000000000000000000e+00,-0.000000000000000000e+00,0.000000000000000000e+00,0.000000000000000000e+00,-0.000000000000000000e+00,0.000000000000000000e+00,-0.000000000000000000e+00,-0.000000000000000000e+00,-0.000000000000000000e+00,-1.142608372527278149e-01,-0.000000000000000000e+00,-0.000000000000000000e+00,0.000000000000000000e+00,-1.296519130881478854e-01,0.000000000000000000e+00,-0.000000000000000000e+00,-0.000000000000000000e+00,-2.107843212151654100e-01,0.000000000000000000e+00,-0.000000000000000000e+00,0.000000000000000000e+00,-0.000000000000000000e+00,-3.598505578669040222e-02
0.000000000000000000e+00,2.813180216261396485e-02,-0.000000000000000000e+00,0.000000000000000000e+00,0.000000000000000000e+00,2.376585243831748961e+00,0.000000000000000000e+00,-0.000000000000000000e+00,2.511758678812371914e-01,9.512525518061099028e-02,-2.375993536759778701e-01,-0.000000000000000000e+00,0.000000000000000000e+00,-1.760257609900292286e-01,-0.000000000000000000e+00,-0.000000000000000000e+00,-8.412209004378168320e-02,0.000000000000000000e+00,-0.000000000000000000e+00,0.000000000000000000e+00,-0.000000000000000000e+00,-0.000000000000000000e+00,-3.279681159415363811e-02,-0.000000000000000000e+00,-6.687916163717173845e-02,-0.000000000000000000e+00,-0.000000000000000000e+00,-0.000000000000000000e+00,-3.305168718354978830e-01,2.431220474644660984e-02,-9.502077092469073116e-02,-1.509179125271175592e-01,-1.777533044425779196e-01,1.652015415170094148e-01,-1.119725270995490657e-01,-0.000000000000000000e+00,-2.142545547931857253e-01,6.714132339611821043e-02,3.643266353172812388e-02
-0.000000000000000000e+00,-2.027498496396152594e-01,0.000000000000000000e+00,-0.000000000000000000e+00,-0.000000000000000000e+00,0.000000000000000000e+00,1.217517737476865980e+00,0.000000000000000000e+00,-6.188491560100049804e-02,-7.010937805692180058e-02,1.571418896015847055e-02,1.280750531448577867e-01,-0.000000000000000000e+00,0.000000000000000000e+00,3.945081583077926501e-02,0.000000000000000000e+00,0.000000000000000000e+00,-3.484552414655268243e-02,0.000000000000000000e+00,-0.000000000000000000e+00,0.000000000000000000e+00,-0.000000000000000000e+00,0.000000000000000000e+00,0.000000000000000000e+00,0.000000000000000000e+00,-0.000000000000000000e+00,0.000000000000000000e+00,0.000000000000000000e+00,0.000000000000000000e+00,-0.000000000000000000e+00,0.000000000000000000e+00,0.000000000000000000e+00,0.000000000000000000e+00,-0.000000000000000000e+00,0.000000000000000000e+00,0.000000000000000000e+00,0.000000000000000000e+00,-1.207536991319583114e-01,-7.124503094247167101e-02
0.000000000000000000e+00,0.000000000000000000e+00,1.184702891329883823e+00,0.000000000000000000e+00,2.051705397613059478e-01,-0.000000000000000000e+00,0.000000000000000000e+00,1.876858639045810850e+00,0.000000000000000000e+00,0.000000000000000000e+00,-0.000000000000000000e+00,0.000000000000000000e+00,0.000000000000000000e+00,0.000000000000000000e+00,-0.000000000000000000e+00,0.000000000000000000e+00,0.000000000000000000e+00,0.000000000000000000e+00,-0.000000000000000000e+00,-5.897178373279938352e-02,3.124114471967146672e-02,-0.000000000000000000e+00,0.000000000000000000e+00,0.000000000000000000e+00,0.000000000000000000e+00,0.000000000000000000e+00,-0.000000000000000000e+00,0.000000000000000000e+00,-0.000000000000000000e+00,0.000000000000000000e+00,-0.000000000000000000e+00,-0.000000000000000000e+00,0.000000000000000000e+00,0.000000000000000000e+00,-0.000000000000000000e+00,-0.000000000000000000e+00,-0.000000000000000000e+00,0.000000000000000000e+00,0.000000000000000000e+00
-0.000000000000000000e+00,-2.143371915665411298e-01,-0.000000000000000000e+00,-0.000000000000000000e+00,-0.000000000000000000e+00,2.511758678812371914e-01,-6.188491560100049804e-02,0.000000000000000000e+00,2.995905246387666310e+00,-3.378755805530204714e-01,1.766256638836293802e-01,0.000000000000000000e+00,-7.657193254389858643e-03,0.000000000000000000e+00,1.920165789534710177e-01,0.000000000000000000e+00,0.000000000000000000e+00,-1.863370102848790205e-02,0.000000000000000000e+00,-0.000000000000000000e+00,0.000000000000000000e+00,0.000000000000000000e+00,0.000000000000000000e+00,0.000000000000000000e+00,0.000000000000000000e+00,0.000000000000000000e+00,0.000000000000000000e+00,0.000000000000000000e+00,9.522452125884327268e-02,-6.243242412762469717e-01,1.818983000820899587e-01,0.000000000000000000e+00,0.000000000000000000e+00,-3.095258524754105345e-01,7.036980974997887606e-02,0.000000000000000000e+00,2.700948499067513248e-02,-3.642648702401681815e-01,-2.915577119319842647e-01
-0.000000000000000000e+00,-2.923518809717290390e-01,-0.000000000000000000e+00,-0.000000000000000000e+00,-1.346721289597546389e-01,9.512525518061099028e-02,-7.010937805692180058e-02,0.000000000000000000e+00,-3.378755805530204714e-01,2.462439893566638283e+00,1.050463722738082112e-01,0.000000000000000000e+00,-1.452355902946499827e-02,0.000000000000000000e+00,1.774842603473280045e-01,0.000000000000000000e+00,0.000000000000000000e+00,-0.000000000000000000e+00,0.000000000000000000e+00,0.000000000000000000e+00,0.000000000000000000e+00,0.000000000000000000e+00,0.000000000000000000e+00,0.000000000000000000e+00,0.000000000000000000e+00,-0.000000000000000000e+00,0.000000000000000000e+00,0.000000000000000000e+00,0.000000000000000000e+00,-3.539474462240729258e-01,4.459050133143818706e-02,0.000000000000000000e+00,0.000000000000000000e+00,-1.944997117734410252e-01,0.000000000000000000e+00,0.000000000000000000e+00,0.000000000000000000e+00,-3.737239923672764363e-01,-3.537515689590752244e-01
0.000000000000000000e+00,1.152253247717131557e-01,-0.000000000000000000e+00,0.000000000000000000e+00,0.000000000000000000e+00,-2.375993536759778701e-01,1.571418896015847055e-02,-0.000000000000000000e+00,1.766256638836293802e-01,1.050463722738082112e-01,2.619917564642965324e+00,-0.000000000000000000e+00,0.000000000000000000e+00,-7.591908059963202232e-04,-2.478283813106499367e-01,-0.000000000000000000e+00,-2.644201090556796974e-01,1.315654664231856452e-01,0.000000000000000000e+00,0.000000000000000000e+00,-0.000000000000000000e+00,-0.000000000000000000e+00,-3.642788477259852054e-02,-0.000000000000000000e+00,-1.066740924591957212e-01,-0.000000000000000000e+00,-1.272581326861170481e-01,-0.000000000000000000e+00,-8.897504380941331781e-02,4.820533636491029089e-02,-1.253229024041939421e-01,-2.286161780116524878e-01,-2.624006368482550422e-01,6.422231356664592772e-02,-1.647088385951644418e-01,-9.328713078454803354e-02,-1.952559704932095019e-01,0.000000000000000000e+00,0.000000000000000000e+00
0.000000000000000000e+00,0.000000000000000000e+00,-0.000000000000000000e+00,0.000000000000000000e+00,-0.000000000000000000e+00,-0.000000000000000000e+00,1.280750531448577867e-01,0.000000000000000000e+00,0.000000000000000000e+00,0.000000000000000000e+00,-0.000000000000000000e+00,1.062435700625336654e+00,2.525697345469548466e-02,-0.000000000000000000e+00,-1.283807912025776710e-01,-0.000000000000000000e+00,-0.000000000000000000e+00,0.000000000000000000e+00,0.000000000000000000e+00,-0.000000000000000000e+00,-0.000000000000000000e+00,-0.000000000000000000e+00,-0.000000000000000000e+00,-0.000000000000000000e+00,-0.000000000000000000e+00,-0.000000000000000000e+00,-0.000000000000000000e+00,-0.000000000000000000e+00,-0.000000000000000000e+00,0.000000000000000000e+00,-0.000000000000000000e+00,-0.000000000000000000e+00,-6.300058776119625559e-02,0.000000000000000000e+00,-0.000000000000000000e+00,-0.000000000000000000e+00,-0.000000000000000000e+00,0.000000000000000000e+00,0.000000000000000000e+00
0.000000000000000000e+00,-0.000000000000000000e+00,0.000000000000000000e+00,-0.000000000000000000e+00,-0.000000000000000000e+00,0.000000000000000000e+00,-0.000000000000000000e+00,0.000000000000000000e+00,-7.657193254389858643e-03,-1.452355902946499827e-02,0.000000000000000000e+00,2.525697345469548466e-02,1.729390289373622380e+00,0.000000000000000000e+00,1.032339732993933085e-01,2.536029580508811915e-02,0.000000000000000000e+00,-0.000000000000000000e+00,-0.000000000000000000e+00,0.000000000000000000e+00,2.608680625119012136e-02,0.000000000000000000e+00,1.042918097564774493e-01,0.000000000000000000e+00,0.000000000000000000e+00,0.000000000000000000e+00,0.000000000000000000e+00,1.493982251475838574e-01,0.000000000000000000e+00,-0.000000000000000000e+00,5.806638453293047064e-01,0.000000000000000000e+00,1.708297938670358951e-01,-0.000000000000000000e+00,1.947477911878786327e-01,0.000000000000000000e+00,0.000000000000000000e+00,-3.655997218305731544e-02,-0.000000000000000000e+00
-0.000000000000000000e+00,0.000000000000000000e+00,-7.967240835702034396e-02,9.614116001959169613e-03,-0.000000000000000000e+00,-1.760257609900292286e-01,0.000000000000000000e+00,0.000000000000000000e+00,0.000000000000000000e+00,0.000000000000000000e+00,-7.591908059963202232e-04,-0.000000000000000000e+00,0.000000000000000000e+00,2.140786478238493551e+00,-0.000000000000000000e+00,-2.121310600503043542e-01,-0.000000000000000000e+00,0.000000000000000000e+00,0.000000000000000000e+00,0.000000000000000000e+00,-1.426757427256320210e-01,-0.000000000000000000e+00,-3.111059626054323290e-01,-2.325994927146085300e-01,-2.286385905790034312e-01,-6.443871242004176568e-03,-6.497527839192816790e-02,-2.579510631169127863e-02,-1.342306209468369649e-01,0.000000000000000000e+00,-0.000000000000000000e+00,-1.421054461256546220e-01,-4.303863126765634650e-01,0.000000000000000000e+00,-0.000000000000000000e+00,-5.776234556225832983e-02,-0.000000000000000000e+00,0.000000000000000000e+00,0.000000000000000000e+00
0.000000000000000000e+00,0.000000000000000000e+00,0.000000000000000000e+00,2.155562988009214476e-01,0.000000000000000000e+00,-0.000000000000000000e+00,3.945081583077926501e-02,-0.000000000000000000e+00,1.920165789534710177e-01,1.774842603473280045e-01,-2.478283813106499367e-01,-1.283807912025776710e-01,1.032339732993933085e-01,-0.000000000000000000e+00,2.428461279615044432e+00,-0.000000000000000000e+00,-5.174700221616925638e-02,4.056775111561182201e-01,0.000000000000000000e+00,-0.000000000000000000e+00,-0.000000000000000000e+00,-0.000000000000000000e+00,-7.268855352037702222e-02,-0.000000000000000000e+00,-0.000000000000000000e+00,-0.000000000000000000e+00,-0.000000000000000000e+00,-0.000000000000000000e+00,-0.000000000000000000e+00,2.047529114462473196e-02,-1.015688398606435783e-01,-1.564606274620982118e-01,-1.300151906674604507e-01,0.000000000000000000e+00,-1.455335003693309093e-01,-1.457486393117686692e-02,-6.233313980392302805e-02,3.432543955909962974e-01,9.331151119225411517e-02
-0.000000000000000000e+00,0.000000000000000000e+00,-0.000000000000000000e+00,1.161668790188827988e-01,-0.000000000000000000e+00,-0.000000000000000000e+00,0.000000000000000000e+00,0.000000000000000000e+00,0.000000000000000000e+00,0.000000000000000000e+00,-0.000000000000000000e+00,-0.000000000000000000e+00,2.536029580508811915e-02,-2.121310600503043542e-01,-0.000000000000000000e+00,1.269534488385006155e+00,-0.000000000000000000e+00,0.000000000000000000e+00,0.000000000000000000e+00,-0.000000000000000000e+00,-5.209533822071304825e-03,-0.000000000000000000e+00,-3.077884312899834690e-02,-1.937791752997650163e-01,-2.542484581679088640e-02,-0.000000000000000000e+00,-0.000000000000000000e+00,-1.410141581890578776e-02,-4.092442561325308065e-02,0.000000000000000000e+00,-0.000000000000000000e+00,-0.000000000000000000e+00,-0.000000000000000000e+00,0.000000000000000000e+00,-1.279068646166460210e-01,-0.000000000000000000e+00,-0.000000000000000000e+00,0.000000000000000000e+00,0.000000000000000000e+00
-0.000000000000000000e+00,0.000000000000000000e+00,-0.000000000000000000e+00,0.000000000000000000e+00,0.000000000000000000e+00,-8.412209004378168320e-02,0.000000000000000000e+00,0.000000000000000000e+00,0.000000000000000000e+00,0.000000000000000000e+00,-2.644201090556796974e-01,-0.000000000000000000e+00,0.000000000000000000e+00,-0.000000000000000000e+00,-5.174700221616925638e-02,-0.000000000000000000e+00,2.000757611306207551e+00,0.000000000000000000e+00,0.000000000000000000e+00,-0.000000000000000000e+00,-0.000000000000000000e+00,-0.000000000000000000e+00,-2.585035482510500970e-01,-5.159278733480632262e-02,-3.917456518856726189e-01,-0.000000000000000000e+00,-0.000000000000000000e+00,-1.042733766523251948e-01,-1.440935733443028666e-01,0.000000000000000000e+00,-7.217788111488787628e-02,-8.617493747238995361e-02,-0.000000000000000000e+00,0.000000000000000000e+00,-1.330815960025239497e-01,-0.000000000000000000e+00,-1.700594208710295707e-01,0.000000000000000000e+00,0.000000000000000000e+00
-0.000000000000000000e+00,-1.573095848402339967e-03,-0.000000000000000000e+00,-2.830446108683048467e-01,-0.000000000000000000e+00,0.000000000000000000e+00,-3.484552414655268243e-02,0.000000000000000000e+00,-1.863370102848790205e-02,-0.000000000000000000e+00,1.315654664231856452e-01,0.000000000000000000e+00,-0.000000000000000000e+00,0.000000000000000000e+00,4.056775111561182201e-01,0.000000000000000000e+00,0.000000000000000000e+00,1.457443621415956514e+00,-1.749563328340976720e-01,0.000000000000000000e+00,0.000000000000000000e+00,-0.000000000000000000e+00,0.000000000000000000e+00,0.000000000000000000e+00,0.000000000000000000e+00,0.000000000000000000e+00,5.185521705092768774e-02,0.000000000000000000e+00,0.000000000000000000e+00,-4.930272915119175703e-02,0.000000000000000000e+00,5.546016790345906222e-02,0.000000000000000000e+00,-0.000000000000000000e+00,0.000000000000000000e+00,0.000000000000000000e+00,0.000000000000000000e+00,-0.000000000000000000e+00,-0.000000000000000000e+00
0.000000000000000000e+00,0.000000000000000000e+00,0.000000000000000000e+00,-0.000000000000000000e+00,0.000000000000000000e+00,-0.000000000000000000e+00,0.000000000000000000e+00,-0.000000000000000000e+00,0.000000000000000000e+00,0.000000000000000000e+00,0.000000000000000000e+00,0.000000000000000000e+00,-0.000000000000000000e+00,0.000000000000000000e+00,0.000000000000000000e+00,0.000000000000000000e+00,0.000000000000000000e+00,-1.749563328340976720e-01,1.030211430565193709e+00,0.000000000000000000e+00,0.000000000000000000e+00,-0.000000000000000000e+00,0.000000000000000000e+00,0.000000000000000000e+00,0.000000000000000000e+00,0.000000000000000000e+00,0.000000000000000000e+00,0.000000000000000000e+00,-0.000000000000000000e+00,0.000000000000000000e+00,0.000000000000000000e+00,0.000000000000000000e+00,0.000000000000000000e+00,5.743249453063351689e-02,-0.000000000000000000e+00,-0.000000000000000000e+00,-0.000000000000000000e+00,0.000000000000000000e+00,8.042285797846152051e-02
-0.000000000000000000e+00,-0.000000000000000000e+00,0.000000000000000000e+00,0.000000000000000000e+00,0.000000000000000000e+00,0.000000000000000000e+00,-0.000000000000000000e+00,-5.897178373279938352e-02,-0.000000000000000000e+00,0.000000000000000000e+00,0.000000000000000000e+00,-0.000000000000000000e+00,0.000000000000000000e+00,0.000000000000000000e+00,-0.000000000000000000e+00,-0.000000000000000000e+00,-0.000000000000000000e+00,0.000000000000000000e+00,0.000000000000000000e+00,1.016222370666418628e+00,0.000000000000000000e+00,-1.141217750297157940e-01,0.000000000000000000e+00,-0.000000000000000000e+00,0.000000000000000000e+00,-0.000000000000000000e+00,0.000000000000000000e+00,-0.000000000000000000e+00,0.000000000000000000e+00,0.000000000000000000e+00,-0.000000000000000000e+00,0.000000000000000000e+00,0.000000000000000000e+00,-0.000000000000000000e+00,-0.000000000000000000e+00,-0.000000000000000000e+00,0.000000000000000000e+00,0.000000000000000000e+00,-0.000000000000000000e+00
-0.000000000000000000e+00,0.000000000000000000e+00,-4.729093323706099472e-01,0.000000000000000000e+00,-0.000000000000000000e+00,-0.000000000000000000e+00,0.000000000000000000e+00,3.124114471967146672e-02,0.000000000000000000e+00,0.000000000000000000e+00,-0.000000000000000000e+00,-0.000000000000000000e+00,2.608680625119012136e-02,-1.426757427256320210e-01,-0.000000000000000000e+00,-5.209533822071304825e-03,-0.000000000000000000e+00,0.000000000000000000e+00,0.000000000000000000e+00,0.000000000000000000e+00,1.478717513597668454e+00,-2.123213433645548473e-02,-0.000000000000000000e+00,-0.000000000000000000e+00,-6.225301300978882540e-02,-0.000000000000000000e+00,-0.000000000000000000e+00,-1.289793817718863922e-01,-3.506691247979360632e-02,0.000000000000000000e+00,-1.500530374187365734e-02,-4.347421521296216534e-02,-2.777875406187800822e-01,0.000000000000000000e+00,-0.000000000000000000e+00,-0.000000000000000000e+00,-0.000000000000000000e+00,0.000000000000000000e+00,0.000000000000000000e+00
-0.000000000000000000e+00,-0.000000000000000000e+00,0.000000000000000000e+00,0.000000000000000000e+00,0.000000000000000000e+00,-0.000000000000000000e+00,-0.000000000000000000e+00,-0.000000000000000000e+00,0.000000000000000000e+00,0.000000000000000000e+00,-0.000000000000000000e+00,-0.000000000000000000e+00,0.000000000000000000e+00,-0.000000000000000000e+00,-0.000000000000000000e+00,-0.000000000000000000e+00,-0.000000000000000000e+00,-0.000000000000000000e+00,-0.000000000000000000e+00,-1.141217750297157940e-01,-2.123213433645548473e-02,1.013441962091571336e+00,-0.000000000000000000e+00,-0.000000000000000000e+00,-0.000000000000000000e+00,-0.000000000000000000e+00,-0.000000000000000000e+00,-1.013186946026464232e-02,-0.000000000000000000e+00,0.000000000000000000e+00,-0.000000000000000000e+00,-0.000000000000000000e+00,-0.000000000000000000e+00,0.000000000000000000e+00,-0.000000000000000000e+00,-0.000000000000000000e+00,-0.000000000000000000e+00,0.000000000000000000e+00,0.000000000000000000e+00
-0.000000000000000000e+00,0.000000000000000000e+00,-0.000000000000000000e+00,0.000000000000000000e+00,-0.000000000000000000e+00,-3.279681159415363811e-02,0.000000000000000000e+00,0.000000000000000000e+00,0.000000000000000000e+00,0.000000000000000000e+00,-3.642788477259852054e-02,-0.000000000000000000e+00,1.042918097564774493e-01,-3.111059626054323290e-01,-7.268855352037702222e-02,-3.077884312899834690e-02,-2.585035482510500970e-01,0.000000000000000000e+00,0.000000000000000000e+00,0.000000000000000000e+00,-0.000000000000000000e+00,-0.000000000000000000e+00,2.374634261774494437e+00,-1.085239635971578798e-01,-5.687692270270321426e-01,-0.000000000000000000e+00,-4.783199135841892380e-02,-4.208025530384375268e-02,-9.856180224655251843e-02,0.000000000000000000e+00,-2.096125653316930071e-01,-0.000000000000000000e+00,-1.974143678320585682e-01,0.000000000000000000e+00,-1.230591866128677991e-01,-4.449819499497444097e-02,-1.027945935045792708e-01,0.000000000000000000e+00,0.000000000000000000e+00
-0.000000000000000000e+00,0.000000000000000000e+00,-0.000000000000000000e+00,1.143247517489618670e-01,-0.000000000000000000e+00,-0.000000000000000000e+00,0.000000000000000000e+00,0.000000000000000000e+00,0.000000000000000000e+00,0.000000000000000000e+00,-0.000000000000000000e+00,-0.000000000000000000e+00,0.000000000000000000e+00,-2.325994927146085300e-01,-0.000000000000000000e+00,-1.937791752997650163e-01,-5.159278733480632262e-02,0.000000000000000000e+00,0.000000000000000000e+00,-0.000000000000000000e+00,-0.000000000000000000e+00,-0.000000000000000000e+00,-1.085239635971578798e-01,1.456441370018755288e+00,-4.285156103359028662e-02,-4.222181064733109002e-02,-0.000000000000000000e+00,-7.981304099581230244e-03,-0.000000000000000000e+00,0.000000000000000000e+00,-0.000000000000000000e+00,-1.152779485538126258e-01,-0.000000000000000000e+00,0.000000000000000000e+00,-1.656177182092652966e-01,-0.000000000000000000e+00,-6.701239695064704904e-02,0.000000000000000000e+00,0.000000000000000000e+00
-0.000000000000000000e+00,0.000000000000000000e+00,-0.000000000000000000e+00,4.024605019051191723e-02,-0.000000000000000000e+00,-6.687916163717173845e-02,0.000000000000000000e+00,0.000000000000000000e+00,0.000000000000000000e+00,0.000000000000000000e+00,-1.066740924591957212e-01,-0.000000000000000000e+00,0.000000000000000000e+00,-2.286385905790034312e-01,-0.000000000000000000e+00,-2.542484581679088640e-02,-3.917456518856726189e-01,0.000000000000000000e+00,0.000000000000000000e+00,0.000000000000000000e+00,-6.225301300978882540e-02,-0.000000000000000000e+00,-5.687692270270321426e-01,-4.285156103359028662e-02,2.410046848913331985e+00,-0.000000000000000000e+00,-3.303670501149274380e-02,-1.592200917574853603e-01,-5.392200460190911537e-02,0.000000000000000000e+00,-2.772141243156400758e-01,-0.000000000000000000e+00,-2.392484976583439948e-01,0.000000000000000000e+00,-7.114919161696631189e-02,-0.000000000000000000e+00,-7.428232994965711100e-02,0.000000000000000000e+00,0.000000000000000000e+00
-3.769613688817883279e-01,-0.000000000000000000e+00,-0.000000000000000000e+00,0.000000000000000000e+00,-1.142608372527278149e-01,-0.000000000000000000e+00,-0.000000000000000000e+00,0.000000000000000000e+00,0.000000000000000000e+00,-0.000000000000000000e+00,-0.000000000000000000e+00,-0.000000000000000000e+00,0.000000000000000000e+00,-6.443871242004176568e-03,-0.000000000000000000e+00,-0.000000000000000000e+00,-0.000000000000000000e+00,0.000000000000000000e+00,0.000000000000000000e+00,-0.000000000000000000e+00,-0.000000000000000000e+00,-0.000000000000000000e+00,-0.000000000000000000e+00,-4.222181064733109002e-02,-0.000000000000000000e+00,1.381081726638398788e+00,-3.975956129843910003e-01,-2.157578370555239267e-01,-0.000000000000000000e+00,-0.000000000000000000e+00,-0.000000000000000000e+00,-3.212780008773517826e-02,-0.000000000000000000e+00,-0.000000000000000000e+00,-0.000000000000000000e+00,-4.451073261778947660e-02,-1.020947970198344233e-02,-0.000000000000000000e+00,-0.000000000000000000e+00
-0.000000000000000000e+00,0.000000000000000000e+00,-0.000000000000000000e+00,0.000000000000000000e+00,-0.000000000000000000e+00,-0.000000000000000000e+00,0.000000000000000000e+00,-0.000000000000000000e+00,0.000000000000000000e+00,0.000000000000000000e+00,-1.272581326861170481e-01,-0.000000000000000000e+00,0.000000000000000000e+00,-6.497527839192816790e-02,-0.000000000000000000e+00,-0.000000000000000000e+00,-0.000000000000000000e+00,5.185521705092768774e-02,0.000000000000000000e+00,0.000000000000000000e+00,-0.000000000000000000e+00,-0.000000000000000000e+00,-4.783199135841892380e-02,-0.000000000000000000e+00,-3.303670501149274380e-02,-3.975956129843910003e-01,1.618937166731710287e+00,-0.000000000000000000e+00,-1.284490469214063790e-01,0.000000000000000000e+00,-0.000000000000000000e+00,-2.442614292215661842e-01,-8.218440732471830878e-02,0.000000000000000000e+00,-0.000000000000000000e+00,-2.775647305038383278e-02,-2.236190952693872802e-01,0.000000000000000000e+00,0.000000000000000000e+00
-1.530284909451814501e-01,-0.000000000000000000e+00,-1.327187828394872371e-01,1.583931605469642567e-01,-0.000000000000000000e+00,-0.000000000000000000e+00,0.000000000000000000e+00,0.000000000000000000e+00,0.000000000000000000e+00,0.000000000000000000e+00,-0.000000000000000000e+00,-0.000000000000000000e+00,1.493982251475838574e-01,-2.579510631169127863e-02,-0.000000000000000000e+00,-1.410141581890578776e-02,-1.042733766523251948e-01,0.000000000000000000e+00,0.000000000000000000e+00,-0.000000000000000000e+00,-1.289793817718863922e-01,-1.013186946026464232e-02,-4.208025530384375268e-02,-7.981304099581230244e-03,-1.592200917574853603e-01,-2.157578370555239267e-01,-0.000000000000000000e+00,1.412360377618297802e+00,-0.000000000000000000e+00,0.000000000000000000e+00,-6.179537137470705183e-02,-0.000000000000000000e+00,-0.000000000000000000e+00,-0.000000000000000000e+00,-0.000000000000000000e+00,-0.000000000000000000e+00,-0.000000000000000000e+00,0.000000000000000000e+00,0.000000000000000000e+00
-0.000000000000000000e+00,0.000000000000000000e+00,-0.000000000000000000e+00,0.000000000000000000e+00,0.000000000000000000e+00,-3.305168718354978830e-01,0.000000000000000000e+00,-0.000000000000000000e+00,9.522452125884327268e-02,0.000000000000000000e+00,-8.897504380941331781e-02,-0.000000000000000000e+00,0.000000000000000000e+00,-1.342306209468369649e-01,-0.000000000000000000e+00,-4.092442561325308065e-02,-1.440935733443028666e-01,0.000000000000000000e+00,-0.000000000000000000e+00,0.000000000000000000e+00,-3.506691247979360632e-02,-0.000000000000000000e+00,-9.856180224655251843e-02,-0.000000000000000000e+00,-5.392200460190911537e-02,-0.000000000000000000e+00,-1.284490469214063790e-01,-0.000000000000000000e+00,2.526442134057267808e+00,1.712613027181019917e-02,-1.005544322511535416e-01,-3.291606802523658337e-01,-3.983378849247823372e-02,1.423523819344001407e-01,-2.654427091546337492e-01,-0.000000000000000000e+00,-4.774210545841560127e-01,0.000000000000000000e+00,3.133143325024995846e-02
-0.000000000000000000e+00,-1.879144742674161705e-01,-0.000000000000000000e+00,-0.000000000000000000e+00,-1.296519130881478854e-01,2.431220474644660984e-02,-0.000000000000000000e+00,0.000000000000000000e+00,-6.243242412762469717e-01,-3.539474462240729258e-01,4.820533636491029089e-02,0.000000000000000000e+00,-0.000000000000000000e+00,0.000000000000000000e+00,2.047529114462473196e-02,0.000000000000000000e+00,0.000000000000000000e+00,-4.930272915119175703e-02,0.000000000000000000e+00,0.000000000000000000e+00,0.000000000000000000e+00,0.000000000000000000e+00,0.000000000000000000e+00,0.000000000000000000e+00,0.000000000000000000e+00,-0.000000000000000000e+00,0.000000000000000000e+00,0.000000000000000000e+00,1.712613027181019917e-02,2.088282304046407134e+00,1.179272813140810894e-01,0.000000000000000000e+00,0.000000000000000000e+00,-1.001198172430354943e-01,0.000000000000000000e+00,0.000000000000000000e+00,0.000000000000000000e+00,-1.300549095473529648e-01,-1.466005203777575039e-01
-0.000000000000000000e+00,0.000000000000000000e+00,-0.000000000000000000e+00,1.327930120183626883e-01,0.000000000000000000e+00,-9.502077092469073116e-02,0.000000000000000000e+00,-0.000000000000000000e+00,1.818983000820899587e-01,4.459050133143818706e-02,-1.253229024041939421e-01,-0.000000000000000000e+00,5.806638453293047064e-01,-0.000000000000000000e+00,-1.015688398606435783e-01,-0.000000000000000000e+00,-7.217788111488787628e-02,0.000000000000000000e+00,0.000000000000000000e+00,-0.000000000000000000e+00,-1.500530374187365734e-02,-0.000000000000000000e+00,-2.096125653316930071e-01,-0.000000000000000000e+00,-2.772141243156400758e-01,-0.000000000000000000e+00,-0.000000000000000000e+00,-6.179537137470705183e-02,-1.005544322511535416e-01,1.179272813140810894e-01,2.724506905386176125e+00,-5.487867039243393696e-02,-1.992050055875031755e-01,0.000000000000000000e+00,-2.479964719892968072e-01,-0.000000000000000000e+00,-1.844607629838959650e-01,1.373992256146017721e-01,0.000000000000000000e+00
-0.000000000000000000e+00,0.000000000000000000e+00,-0.000000000000000000e+00,8.433101184508190462e-02,-0.000000000000000000e+00,-1.509179125271175592e-01,0.000000000000000000e+00,-0.000000000000000000e+00,0.000000000000000000e+00,0.000000000000000000e+00,-2.286161780116524878e-01,-0.000000000000000000e+00,0.000000000000000000e+00,-1.421054461256546220e-01,-1.564606274620982118e-01,-0.000000000000000000e+00,-8.617493747238995361e-02,5.546016790345906222e-02,0.000000000000000000e+00,0.000000000000000000e+00,-4.347421521296216534e-02,-0.000000000000000000e+00,-0.000000000000000000e+00,-1.152779485538126258e-01,-0.000000000000000000e+00,-3.212780008773517826e-02,-2.442614292215661842e-01,-0.000000000000000000e+00,-3.291606802523658337e-01,0.000000000000000000e+00,-5.487867039243393696e-02,2.439357508581337708e+00,-1.029065869761662255e-01,0.000000000000000000e+00,-2.128130904626661934e-01,-1.271106624585607026e-01,-4.088567343380432040e-01,0.000000000000000000e+00,0.000000000000000000e+00
-0.000000000000000000e+00,1.232846235490707154e-01,-0.000000000000000000e+00,1.066722339443345324e-01,-0.000000000000000000e+00,-1.777533044425779196e-01,0.000000000000000000e+00,0.000000000000000000e+00,0.000000000000000000e+00,0.000000000000000000e+00,-2.624006368482550422e-01,-6.300058776119625559e-02,1.708297938670358951e-01,-4.303863126765634650e-01,-1.300151906674604507e-01,-0.000000000000000000e+00,-0.000000000000000000e+00,0.000000000000000000e+00,0.000000000000000000e+00,0.000000000000000000e+00,-2.777875406187800822e-01,-0.000000000000000000e+00,-1.974143678320585682e-01,-0.000000000000000000e+00,-2.392484976583439948e-01,-0.000000000000000000e+00,-8.218440732471830878e-02,-0.000000000000000000e+00,-3.983378849247823372e-02,0.000000000000000000e+00,-1.992050055875031755e-01,-1.029065869761662255e-01,2.573028551507495099e+00,0.000000000000000000e+00,-8.463361392519828941e-02,-0.000000000000000000e+00,-1.553405415546871005e-01,0.000000000000000000e+00,0.000000000000000000e+00
-0.000000000000000000e+00,-4.445220606612931835e-02,-0.000000000000000000e+00,-0.000000000000000000e+00,-2.107843212151654100e-01,1.652015415170094148e-01,-0.000000000000000000e+00,0.000000000000000000e+00,-3.095258524754105345e-01,-1.944997117734410252e-01,6.422231356664592772e-02,0.000000000000000000e+00,-0.000000000000000000e+00,0.000000000000000000e+00,0.000000000000000000e+00,0.000000000000000000e+00,0.000000000000000000e+00,-0.000000000000000000e+00,5.743249453063351689e-02,-0.000000000000000000e+00,0.000000000000000000e+00,0.000000000000000000e+00,0.000000000000000000e+00,0.000000000000000000e+00,0.000000000000000000e+00,-0.000000000000000000e+00,0.000000000000000000e+00,-0.000000000000000000e+00,1.423523819344001407e-01,-1.001198172430354943e-01,0.000000000000000000e+00,0.000000000000000000e+00,0.000000000000000000e+00,2.317863858741805672e+00,1.664612886942099523e-01,0.000000000000000000e+00,8.105215120789591166e-02,-3.542368459362033595e-01,-4.854762552354194294e-01
-0.000000000000000000e+00,0.000000000000000000e+00,-0.000000000000000000e+00,0.000000000000000000e+00,0.000000000000000000e+00,-1.119725270995490657e-01,0.000000000000000000e+00,-0.000000000000000000e+00,7.036980974997887606e-02,0.000000000000000000e+00,-1.647088385951644418e-01,-0.000000000000000000e+00,1.947477911878786327e-01,-0.000000000000000000e+00,-1.455335003693309093e-01,-1.279068646166460210e-01,-1.330815960025239497e-01,0.000000000000000000e+00,-0.000000000000000000e+00,-0.000000000000000000e+00,-0.000000000000000000e+00,-0.000000000000000000e+00,-1.230591866128677991e-01,-1.656177182092652966e-01,-7.114919161696631189e-02,-0.000000000000000000e+00,-0.000000000000000000e+00,-0.000000000000000000e+00,-2.654427091546337492e-01,0.000000000000000000e+00,-2.479964719892968072e-01,-2.128130904626661934e-01,-8.463361392519828941e-02,1.664612886942099523e-01,2.695697651084902446e+00,-1.081918322647202058e-01,-4.457775483667311134e-01,3.344063429927321418e-02,4.993123975074158227e-02
-0.000000000000000000e+00,0.000000000000000000e+00,-0.000000000000000000e+00,0.000000000000000000e+00,-0.000000000000000000e+00,-0.000000000000000000e+00,0.000000000000000000e+00,-0.000000000000000000e+00,0.000000000000000000e+00,0.000000000000000000e+00,-9.328713078454803354e-02,-0.000000000000000000e+00,0.000000000000000000e+00,-5.776234556225832983e-02,-1.457486393117686692e-02,-0.000000000000000000e+00,-0.000000000000000000e+00,0.000000000000000000e+00,-0.000000000000000000e+00,-0.000000000000000000e+00,-0.000000000000000000e+00,-0.000000000000000000e+00,-4.449819499497444097e-02,-0.000000000000000000e+00,-0.000000000000000000e+00,-4.451073261778947660e-02,-2.775647305038383278e-02,-0.000000000000000000e+00,-0.000000000000000000e+00,0.000000000000000000e+00,-0.000000000000000000e+00,-1.271106624585607026e-01,-0.000000000000000000e+00,0.000000000000000000e+00,-1.081918322647202058e-01,1.172828180056450176e+00,-6.667283538772544871e-02,0.000000000000000000e+00,0.000000000000000000e+00
-0.000000000000000000e+00,0.000000000000000000e+00,-0.000000000000000000e+00,4.194392248184555284e-03,0.000000000000000000e+00,-2.142545547931857253e-01,0.000000000000000000e+00,-0.000000000000000000e+00,2.700948499067513248e-02,0.000000000000000000e+00,-1.952559704932095019e-01,-0.000000000000000000e+00,0.000000000000000000e+00,-0.000000000000000000e+00,-6.233313980392302805e-02,-0.000000000000000000e+00,-1.700594208710295707e-01,0.000000000000000000e+00,-0.000000000000000000e+00,0.000000000000000000e+00,-0.000000000000000000e+00,-0.000000000000000000e+00,-1.027945935045792708e-01,-6.701239695064704904e-02,-7.428232994965711100e-02,-1.020947970198344233e-02,-2.236190952693872802e-01,-0.000000000000000000e+00,-4.774210545841560127e-01,0.000000000000000000e+00,-1.844607629838959650e-01,-4.088567343380432040e-01,-1.553405415546871005e-01,8.105215120789591166e-02,-4.457775483667311134e-01,-6.667283538772544871e-02,2.830886565486356421e+00,0.000000000000000000e+00,0.000000000000000000e+00
-1.418041225458175313e-02,-2.027680584066339498e-02,-0.000000000000000000e+00,-0.000000000000000000e+00,-0.000000000000000000e+00,6.714132339611821043e-02,-1.207536991319583114e-01,0.000000000000000000e+00,-3.642648702401681815e-01,-3.737239923672764363e-01,0.000000000000000000e+00,0.000000000000000000e+00,-3.655997218305731544e-02,0.000000000000000000e+00,3.432543955909962974e-01,0.000000000000000000e+00,0.000000000000000000e+00,-0.000000000000000000e+00,0.000000000000000000e+00,0.000000000000000000e+00,0.000000000000000000e+00,0.000000000000000000e+00,0.000000000000000000e+00,0.000000000000000000e+00,0.000000000000000000e+00,-0.000000000000000000e+00,0.000000000000000000e+00,0.000000000000000000e+00,0.000000000000000000e+00,-1.300549095473529648e-01,1.373992256146017721e-01,0.000000000000000000e+00,0.000000000000000000e+00,-3.542368459362033595e-01,3.344063429927321418e-02,0.000000000000000000e+00,0.000000000000000000e+00,2.601082568599764500e+00,-6.201052427169415626e-01
-0.000000000000000000e+00,-0.000000000000000000e+00,-0.000000000000000000e+00,-0.000000000000000000e+00,-3.598505578669040222e-02,3.643266353172812388e-02,-7.124503094247167101e-02,0.000000000000000000e+00,-2.915577119319842647e-01,-3.537515689590752244e-01,0.000000000000000000e+00,0.000000000000000000e+00,-0.000000000000000000e+00,0.000000000000000000e+00,9.331151119225411517e-02,0.000000000000000000e+00,0.000000000000000000e+00,-0.000000000000000000e+00,8.042285797846152051e-02,-0.000000000000000000e+00,0.000000000000000000e+00,0.000000000000000000e+00,0.000000000000000000e+00,0.000000000000000000e+00,0.000000000000000000e+00,-0.000000000000000000e+00,0.000000000000000000e+00,0.000000000000000000e+00,3.133143325024995846e-02,-1.466005203777575039e-01,0.000000000000000000e+00,0.000000000000000000e+00,0.000000000000000000e+00,-4.854762552354194294e-01,4.993123975074158227e-02,0.000000000000000000e+00,0.000000000000000000e+00,-6.201052427169415626e-01,2.359281447913877727e+00
