1.515945281971416536e+00,-1.485680901713409829e-01,-0.000000000000000000e+00,-0.000000000000000000e+00,-4.626992280850362321e-02,-0.000000000000000000e+00,-0.000000000000000000e+00,0.000000000000000000e+00,-0.000000000000000000e+00,-3.681732373838771111e-02,0.000000000000000000e+00,0.000000000000000000e+00,0.000000000000000000e+00,-3.669083274107254877e-01,0.000000000000000000e+00,-9.119459727487155831e-02,-0.000000000000000000e+00,-0.000000000000000000e+00,0.000000000000000000e+00,0.000000000000000000e+00,-0.000000000000000000e+00,-0.000000000000000000e+00,-0.000000000000000000e+00,-0.000000000000000000e+00,-0.000000000000000000e+00,-9.243381680113781085e-02,-4.159508999454413214e-01,-0.000000000000000000e+00,-2.347477235974635146e-01,-1.635289664020968606e-02,-0.000000000000000000e+00,-0.000000000000000000e+00,-7.807969282195584282e-02,0.000000000000000000e+00,-0.000000000000000000e+00,0.000000000000000000e+00,-0.000000000000000000e+00,-0.000000000000000000e+00,-0.000000000000000000e+00
-1.485680901713409829e-01,2.249686581211192138e+00,-1.335516050464744808e-01,-0.000000000000000000e+00,-2.006740829090897793e-01,0.000000000000000000e+00,0.000000000000000000e+00,0.000000000000000000e+00,-3.354081072899456895e-01,-0.000000000000000000e+00,-0.000000000000000000e+00,-0.000000000000000000e+00,-0.000000000000000000e+00,-0.000000000000000000e+00,-0.000000000000000000e+00,-3.810138385554139029e-02,0.000000000000000000e+00,-0.000000000000000000e+00,-0.000000000000000000e+00,-0.000000000000000000e+00,0.000000000000000000e+00,-1.315941922672678732e-01,0.000000000000000000e+00,-0.000000000000000000e+00,0.000000000000000000e+00,-2.653388563217774498e-01,-0.000000000000000000e+00,-0.000000000000000000e+00,-0.000000000000000000e+00,-2.991784400063522975e-01,0.000000000000000000e+00,-2.566217462443178277e-01,-0.000000000000000000e+00,-0.000000000000000000e+00,0.000000000000000000e+00,-0.000000000000000000e+00,0.000000000000000000e+00,-3.743793283690091123e-01,-3.121395964079983765e-01
-0.000000000000000000e+00,-1.335516050464744808e-01,2.529986249467382819e+00,-0.000000000000000000e+00,-1.828681346465047819e-01,0.000000000000000000e+00,0.000000000000000000e+00,7.513069014476119190e-01,-1.921868456634746036e-01,0.000000000000000000e+00,-0.000000000000000000e+00,-4.915056969865212039e-02,-0.000000000000000000e+00,0.000000000000000000e+00,-9.419120229595334074e-04,-0.000000000000000000e+00,3.143291648119440895e-02,-2.467102912835259232e-01,-1.326727411893998398e-01,-6.715070012488831563e-02,0.000000000000000000e+00,-0.000000000000000000e+00,0.000000000000000000e+00,0.000000000000000000e+00,0.000000000000000000e+00,-0.000000000000000000e+00,-0.000000000000000000e+00,-0.000000000000000000e+00,-0.000000000000000000e+00,-1.728138620958808991e-01,0.000000000000000000e+00,-0.000000000000000000e+00,-0.000000000000000000e+00,-1.910799788544912114e-01,0.000000000000000000e+00,-2.602454328086644883e-02,0.000000000000000000e+00,-9.834751683446167625e-02,-2.972038095289599724e-01
-0.000000000000000000e+00,-0.000000000000000000e+00,-0.000000000000000000e+00,1.150552848078945534e+00,-2.415389774677600618e-02,0.000000000000000000e+00,0.000000000000000000e+00,0.000000000000000000e+00,-0.000000000000000000e+00,0.000000000000000000e+00,-0.000000000000000000e+00,-0.000000000000000000e+00,-0.000000000000000000e+00,-0.000000000000000000e+00,-0.000000000000000000e+00,-0.000000000000000000e+00,0.000000000000000000e+00,-0.000000000000000000e+00,-2.744002030331716552e-02,-1.567627791681932767e-02,0.000000000000000000e+00,-0.000000000000000000e+00,0.000000000000000000e+00,-0.000000000000000000e+00,0.000000000000000000e+00,-0.000000000000000000e+00,-0.000000000000000000e+00,-0.000000000000000000e+00,-0.000000000000000000e+00,-0.000000000000000000e+00,0.000000000000000000e+00,-3.806710422990441378e-01,0.000000000000000000e+00,-0.000000000000000000e+00,0.000000000000000000e+00,-0.000000000000000000e+00,0.000000000000000000e+00,-0.000000000000000000e+00,-0.000000000000000000e+00
-4.626992280850362321e-02,-2.006740829090897793e-01,-1.828681346465047819e-01,-2.415389774677600618e-02,1.550910761037585184e+00,0.000000000000000000e+00,0.000000000000000000e+00,2.822797871641484213e-01,-0.000000000000000000e+00,-0.000000000000000000e+00,-0.000000000000000000e+00,-0.000000000000000000e+00,0.000000000000000000e+00,-0.000000000000000000e+00,-0.000000000000000000e+00,-9.483722412612338726e-02,0.000000000000000000e+00,-1.310988686838132633e-01,-6.883357340149129366e-02,-0.000000000000000000e+00,0.000000000000000000e+00,-0.000000000000000000e+00,0.000000000000000000e+00,-0.000000000000000000e+00,0.000000000000000000e+00,-1.494788661484980179e-02,-0.000000000000000000e+00,-0.000000000000000000e+00,-0.000000000000000000e+00,-9.327048267569405804e-02,0.000000000000000000e+00,-1.564987891837134326e-01,-5.383940420036792060e-03,-0.000000000000000000e+00,0.000000000000000000e+00,-0.000000000000000000e+00,0.000000000000000000e+00,-1.331299349988215863e-02,-7.684792594025248447e-03
-0.000000000000000000e+00,0.000000000000000000e+00,0.000000000000000000e+00,0.000000000000000000e+00,0.000000000000000000e+00,2.873355639988910415e+00,-0.000000000000000000e+00,-5.992594367624103080e-02,2.930888394679779033e-02,-1.753322695274434073e-01,3.515333258633032698e-01,0.000000000000000000e+00,0.000000000000000000e+00,-0.000000000000000000e+00,2.280670736566270396e-01,-0.000000000000000000e+00,-5.013491335234526031e-02,0.000000000000000000e+00,6.647451168557128032e-02,1.866546043037315902e-02,-6.791965279082520790e-02,0.000000000000000000e+00,-3.615723897154144995e-01,-0.000000000000000000e+00,-4.349476544469669803e-01,0.000000000000000000e+00,-0.000000000000000000e+00,5.442386916364232337e-03,-0.000000000000000000e+00,-0.000000000000000000e+00,-1.451736039248467114e-01,0.000000000000000000e+00,-0.000000000000000000e+00,1.825056128989457904e-01,-1.979069865321894939e-01,1.716258868804909354e-01,-3.273711584396470919e-01,6.608232712217423921e-02,0.000000000000000000e+00
-0.000000000000000000e+00,0.000000000000000000e+00,0.000000000000000000e+00,0.000000000000000000e+00,0.000000000000000000e+00,-0.000000000000000000e+00,1.467827136867210003e+00,-0.000000000000000000e+00,0.000000000000000000e+00,-0.000000000000000000e+00,0.000000000000000000e+00,2.330785166556275934e-01,0.000000000000000000e+00,-1.394484566955419280e-01,9.304844332327091849e-02,0.000000000000000000e+00,-7.028307849638157356e-02,0.000000000000000000e+00,0.000000000000000000e+00,0.000000000000000000e+00,-1.517096802231787944e-01,0.000000000000000000e+00,-0.000000000000000000e+00,-4.419455852120690587e-02,-0.000000000000000000e+00,-0.000000000000000000e+00,-1.541806241227135221e-02,-0.000000000000000000e+00,-0.000000000000000000e+00,0.000000000000000000e+00,-1.462070874006057841e-01,0.000000000000000000e+00,-0.000000000000000000e+00,0.000000000000000000e+00,-1.434728741596663359e-01,4.539098323587117262e-02,-2.806991414123216079e-04,0.000000000000000000e+00,6.627765962357903828e-02
0.000000000000000000e+00,0.000000000000000000e+00,7.513069014476119190e-01,0.000000000000000000e+00,2.822797871641484213e-01,-5.992594367624103080e-02,-0.000000000000000000e+00,2.273724965396561881e+00,1.735193412748801955e-01,-0.000000000000000000e+00,0.000000000000000000e+00,0.000000000000000000e+00,-0.000000000000000000e+00,0.000000000000000000e+00,0.000000000000000000e+00,0.000000000000000000e+00,-0.000000000000000000e+00,1.903282711265804061e-01,6.015703627648424229e-02,0.000000000000000000e+00,-0.000000000000000000e+00,0.000000000000000000e+00,-0.000000000000000000e+00,-0.000000000000000000e+00,-0.000000000000000000e+00,1.741112987237386223e-01,0.000000000000000000e+00,6.118353663241920398e-02,0.000000000000000000e+00,0.000000000000000000e+00,-0.000000000000000000e+00,0.000000000000000000e+00,0.000000000000000000e+00,1.526967614990044353e-01,-0.000000000000000000e+00,1.338213925932629387e-03,-0.000000000000000000e+00,2.052990219479385592e-01,7.324700374430949401e-02
-0.000000000000000000e+00,-3.354081072899456895e-01,-1.921868456634746036e-01,-0.000000000000000000e+00,-0.000000000000000000e+00,2.930888394679779033e-02,0.000000000000000000e+00,1.735193412748801955e-01,2.864085408151255230e+00,0.000000000000000000e+00,-2.346205034026755884e-02,-2.199702256431570191e-01,-0.000000000000000000e+00,0.000000000000000000e+00,-1.672950386341694462e-01,-0.000000000000000000e+00,0.000000000000000000e+00,-1.989873874119776620e-01,-1.973646044735710425e-01,-8.670620130426742733e-02,0.000000000000000000e+00,-0.000000000000000000e+00,1.828021430843924326e-03,0.000000000000000000e+00,0.000000000000000000e+00,-1.363554451558093850e-01,-0.000000000000000000e+00,-0.000000000000000000e+00,-0.000000000000000000e+00,-0.000000000000000000e+00,0.000000000000000000e+00,-2.932825166381668458e-01,0.000000000000000000e+00,-1.664516513352556903e-01,1.855323915351411376e-02,-1.303233906781660900e-01,0.000000000000000000e+00,-4.320547007630814451e-01,-1.712022918095755242e-01
-3.681732373838771111e-02,-0.000000000000000000e+00,0.000000000000000000e+00,0.000000000000000000e+00,-0.000000000000000000e+00,-1.753322695274434073e-01,-0.000000000000000000e+00,-0.000000000000000000e+00,0.000000000000000000e+00,1.997278227224305258e+00,1.994838858747327581e-02,0.000000000000000000e+00,1.501015477850746738e-01,-0.000000000000000000e+00,0.000000000000000000e+00,-1.599285089716413755e-01,-0.000000000000000000e+00,0.000000000000000000e+00,0.000000000000000000e+00,0.000000000000000000e+00,-1.636442185561515772e-01,-0.000000000000000000e+00,-1.376922199607276687e-01,-1.598595425517066182e-01,-5.905255957987191051e-01,0.000000000000000000e+00,-0.000000000000000000e+00,0.000000000000000000e+00,-0.000000000000000000e+00,-0.000000000000000000e+00,-1.426855544868376180e-01,0.000000000000000000e+00,-3.846259574035392759e-01,0.000000000000000000e+00,-0.000000000000000000e+00,0.000000000000000000e+00,-2.386437833359270067e-02,0.000000000000000000e+00,0.000000000000000000e+00
0.000000000000000000e+00,-0.000000000000000000e+00,-0.000000000000000000e+00,-0.000000000000000000e+00,-0.000000000000000000e+00,3.515333258633032698e-01,0.000000000000000000e+00,0.000000000000000000e+00,-2.346205034026755884e-02,1.994838858747327581e-02,2.345207872591349663e+00,-2.301614345732337641e-02,-0.000000000000000000e+00,0.000000000000000000e+00,-1.272357938105341257e-01,-0.000000000000000000e+00,0.000000000000000000e+00,-1.535940524532902231e-02,-8.605782280146515029e-02,-1.452171518313806475e-01,0.000000000000000000e+00,-0.000000000000000000e+00,4.002566772055789479e-01,0.000000000000000000e+00,2.106898907803615717e-01,-0.000000000000000000e+00,0.000000000000000000e+00,-6.283036118496498901e-02,0.000000000000000000e+00,-0.000000000000000000e+00,9.302805347987543050e-02,-1.224594512645733879e-01,0.000000000000000000e+00,-6.899329730964999519e-02,1.208884780295964301e-01,-1.435215646591311844e-01,2.182103726934658539e-01,-0.000000000000000000e+00,-0.000000000000000000e+00
0.000000000000000000e+00,-0.000000000000000000e+00,-4.915056969865212039e-02,-0.000000000000000000e+00,-0.000000000000000000e+00,0.000000000000000000e+00,2.330785166556275934e-01,0.000000000000000000e+00,-2.199702256431570191e-01,0.000000000000000000e+00,-2.301614345732337641e-02,2.949824410357241522e+00,-0.000000000000000000e+00,0.000000000000000000e+00,-3.003475712974167933e-01,-0.000000000000000000e+00,3.561115667729478074e-02,-1.947000772485769082e-01,-3.135617817620418024e-01,-2.851079330577305226e-01,6.220300996361779328e-02,-0.000000000000000000e+00,6.632461548552757991e-02,0.000000000000000000e+00,0.000000000000000000e+00,-0.000000000000000000e+00,0.000000000000000000e+00,-0.000000000000000000e+00,0.000000000000000000e+00,-0.000000000000000000e+00,1.414202155641168523e-01,-1.037547347211414533e-01,0.000000000000000000e+00,-2.625798637346981046e-01,2.454266660045852921e-01,-2.284841947454808730e-01,4.183641221129011378e-02,-6.516639344241363652e-02,-2.103473967615028806e-01
0.000000000000000000e+00,-0.000000000000000000e+00,-0.000000000000000000e+00,-0.000000000000000000e+00,0.000000000000000000e+00,0.000000000000000000e+00,0.000000000000000000e+00,-0.000000000000000000e+00,-0.000000000000000000e+00,1.501015477850746738e-01,-0.000000000000000000e+00,-0.000000000000000000e+00,1.136567560909951258e+00,1.155632066422204868e-01,-0.000000000000000000e+00,5.128477871365767077e-02,0.000000000000000000e+00,-0.000000000000000000e+00,-0.000000000000000000e+00,-1.633925918391467835e-01,0.000000000000000000e+00,-0.000000000000000000e+00,0.000000000000000000e+00,0.000000000000000000e+00,0.000000000000000000e+00,-0.000000000000000000e+00,0.000000000000000000e+00,-0.000000000000000000e+00,3.402542414279077776e-02,0.000000000000000000e+00,7.729245142552883252e-02,-0.000000000000000000e+00,2.439211272351052891e-03,-0.000000000000000000e+00,0.000000000000000000e+00,-0.000000000000000000e+00,0.000000000000000000e+00,-0.000000000000000000e+00,-0.000000000000000000e+00
-3.669083274107254877e-01,-0.000000000000000000e+00,0.000000000000000000e+00,-0.000000000000000000e+00,-0.000000000000000000e+00,-0.000000000000000000e+00,-1.394484566955419280e-01,0.000000000000000000e+00,0.000000000000000000e+00,-0.000000000000000000e+00,0.000000000000000000e+00,0.000000000000000000e+00,1.155632066422204868e-01,1.887802768260005148e+00,0.000000000000000000e+00,-0.000000000000000000e+00,-2.231432318822290997e-02,0.000000000000000000e+00,0.000000000000000000e+00,0.000000000000000000e+00,-0.000000000000000000e+00,0.000000000000000000e+00,-0.000000000000000000e+00,-9.528157748134300810e-04,-0.000000000000000000e+00,-0.000000000000000000e+00,-4.371589940912940647e-02,-0.000000000000000000e+00,-7.486696382973903052e-01,-0.000000000000000000e+00,-2.344625379837328993e-01,-0.000000000000000000e+00,-1.785761077488534354e-01,0.000000000000000000e+00,-9.740632650179187335e-02,0.000000000000000000e+00,-1.629576457217819241e-01,0.000000000000000000e+00,0.000000000000000000e+00
0.000000000000000000e+00,-0.000000000000000000e+00,-9.419120229595334074e-04,-0.000000000000000000e+00,-0.000000000000000000e+00,2.280670736566270396e-01,9.304844332327091849e-02,0.000000000000000000e+00,-1.672950386341694462e-01,0.000000000000000000e+00,-1.272357938105341257e-01,-3.003475712974167933e-01,-0.000000000000000000e+00,0.000000000000000000e+00,3.086974618906592305e+00,-0.000000000000000000e+00,1.252418552200757207e-01,-1.949369976091090140e-01,-2.853493234226009978e-01,-2.240727206538896954e-01,0.000000000000000000e+00,-0.000000000000000000e+00,1.803411328651564061e-01,0.000000000000000000e+00,4.813571638777290607e-03,-0.000000000000000000e+00,0.000000000000000000e+00,-0.000000000000000000e+00,0.000000000000000000e+00,-0.000000000000000000e+00,2.258854102180248846e-01,-5.405861080960615295e-02,0.000000000000000000e+00,-2.982022362680821770e-01,2.055094826460516222e-01,-2.390141140372239736e-01,1.712518795355991719e-01,-6.979205919347718223e-02,-2.650231749963494546e-02
-9.119459727487155831e-02,-3.810138385554139029e-02,-0.000000000000000000e+00,-0.000000000000000000e+00,-9.483722412612338726e-02,-0.000000000000000000e+00,0.000000000000000000e+00,0.000000000000000000e+00,-0.000000000000000000e+00,-1.599285089716413755e-01,-0.000000000000000000e+00,-0.000000000000000000e+00,5.128477871365767077e-02,-0.000000000000000000e+00,-0.000000000000000000e+00,1.452359516818075846e+00,0.000000000000000000e+00,-2.085260425728211256e-02,-0.000000000000000000e+00,-0.000000000000000000e+00,-0.000000000000000000e+00,-5.996194449036609808e-03,-0.000000000000000000e+00,-0.000000000000000000e+00,-0.000000000000000000e+00,-0.000000000000000000e+00,-0.000000000000000000e+00,0.000000000000000000e+00,-0.000000000000000000e+00,-6.977441934655972400e-01,0.000000000000000000e+00,-0.000000000000000000e+00,-7.157623768106033402e-02,-0.000000000000000000e+00,0.000000000000000000e+00,-0.000000000000000000e+00,-0.000000000000000000e+00,-0.000000000000000000e+00,-0.000000000000000000e+00
-0.000000000000000000e+00,0.000000000000000000e+00,3.143291648119440895e-02,0.000000000000000000e+00,0.000000000000000000e+00,-5.013491335234526031e-02,-7.028307849638157356e-02,-0.000000000000000000e+00,0.000000000000000000e+00,-0.000000000000000000e+00,0.000000000000000000e+00,3.561115667729478074e-02,0.000000000000000000e+00,-2.231432318822290997e-02,1.252418552200757207e-01,0.000000000000000000e+00,1.371369250231785131e+00,1.207096464951227799e-01,3.495012325064364433e-02,0.000000000000000000e+00,-0.000000000000000000e+00,0.000000000000000000e+00,-0.000000000000000000e+00,-0.000000000000000000e+00,-1.579322982627867078e-01,0.000000000000000000e+00,-0.000000000000000000e+00,0.000000000000000000e+00,-0.000000000000000000e+00,0.000000000000000000e+00,-8.673585002944829425e-02,0.000000000000000000e+00,-0.000000000000000000e+00,7.596593288592147497e-02,-0.000000000000000000e+00,0.000000000000000000e+00,-1.032808789491651419e-01,0.000000000000000000e+00,0.000000000000000000e+00
-0.000000000000000000e+00,-0.000000000000000000e+00,-2.467102912835259232e-01,-0.000000000000000000e+00,-1.310988686838132633e-01,0.000000000000000000e+00,0.000000000000000000e+00,1.903282711265804061e-01,-1.989873874119776620e-01,0.000000000000000000e+00,-1.535940524532902231e-02,-1.947000772485769082e-01,-0.000000000000000000e+00,0.000000000000000000e+00,-1.949369976091090140e-01,-2.085260425728211256e-02,1.207096464951227799e-01,2.715383531897535452e+00,-5.120939292140151977e-01,-0.000000000000000000e+00,0.000000000000000000e+00,-0.000000000000000000e+00,0.000000000000000000e+00,0.000000000000000000e+00,0.000000000000000000e+00,-0.000000000000000000e+00,0.000000000000000000e+00,-0.000000000000000000e+00,0.000000000000000000e+00,-0.000000000000000000e+00,0.000000000000000000e+00,-1.923471124437220459e-03,-0.000000000000000000e+00,-1.601419785652693217e-01,1.006960589039802012e-01,-1.901627923424885069e-01,8.632151607199976817e-02,-1.334474887927492026e-01,-2.641450264659510050e-01
0.000000000000000000e+00,-0.000000000000000000e+00,-1.326727411893998398e-01,-2.744002030331716552e-02,-6.883357340149129366e-02,6.647451168557128032e-02,0.000000000000000000e+00,6.015703627648424229e-02,-1.973646044735710425e-01,0.000000000000000000e+00,-8.605782280146515029e-02,-3.135617817620418024e-01,-0.000000000000000000e+00,0.000000000000000000e+00,-2.853493234226009978e-01,-0.000000000000000000e+00,3.495012325064364433e-02,-5.120939292140151977e-01,2.767650270888582842e+00,-7.877271177282345327e-02,0.000000000000000000e+00,-0.000000000000000000e+00,7.645739110325597276e-02,0.000000000000000000e+00,0.000000000000000000e+00,-0.000000000000000000e+00,0.000000000000000000e+00,-0.000000000000000000e+00,0.000000000000000000e+00,-0.000000000000000000e+00,0.000000000000000000e+00,-2.409120191498636543e-01,0.000000000000000000e+00,-1.922101281170396081e-01,8.264129508053742745e-02,-1.960235664749584994e-01,1.472854859427275009e-02,-9.222512141454561330e-02,-4.919898415394022284e-02
0.000000000000000000e+00,-0.000000000000000000e+00,-6.715070012488831563e-02,-1.567627791681932767e-02,-0.000000000000000000e+00,1.866546043037315902e-02,0.000000000000000000e+00,0.000000000000000000e+00,-8.670620130426742733e-02,0.000000000000000000e+00,-1.452171518313806475e-01,-2.851079330577305226e-01,-1.633925918391467835e-01,0.000000000000000000e+00,-2.240727206538896954e-01,-0.000000000000000000e+00,0.000000000000000000e+00,-0.000000000000000000e+00,-7.877271177282345327e-02,2.310827424416634912e+00,0.000000000000000000e+00,-4.486542921232039016e-01,1.357669144723636090e-02,0.000000000000000000e+00,0.000000000000000000e+00,-0.000000000000000000e+00,0.000000000000000000e+00,-0.000000000000000000e+00,0.000000000000000000e+00,-0.000000000000000000e+00,2.496318490230245990e-01,-5.085260944524762350e-02,0.000000000000000000e+00,-1.800273974213099093e-01,1.211190556046037453e-01,-1.731799406345519154e-01,0.000000000000000000e+00,-7.247703041218665765e-02,-4.811864366084190464e-02
-0.000000000000000000e+00,0.000000000000000000e+00,0.000000000000000000e+00,0.000000000000000000e+00,0.000000000000000000e+00,-6.791965279082520790e-02,-1.517096802231787944e-01,-0.000000000000000000e+00,0.000000000000000000e+00,-1.636442185561515772e-01,0.000000000000000000e+00,6.220300996361779328e-02,0.000000000000000000e+00,-0.000000000000000000e+00,0.000000000000000000e+00,-0.000000000000000000e+00,-0.000000000000000000e+00,0.000000000000000000e+00,0.000000000000000000e+00,0.000000000000000000e+00,1.683455118158714292e+00,-0.000000000000000000e+00,-1.571817026676352314e-01,-2.514288855023909947e-02,-5.565656615910019589e-02,0.000000000000000000e+00,-0.000000000000000000e+00,0.000000000000000000e+00,-0.000000000000000000e+00,-0.000000000000000000e+00,-1.640498230085376541e-01,0.000000000000000000e+00,-3.883443298257281961e-01,0.000000000000000000e+00,-1.017842100329640481e-01,0.000000000000000000e+00,-1.454750290469526142e-01,0.000000000000000000e+00,0.000000000000000000e+00
-0.000000000000000000e+00,-1.315941922672678732e-01,-0.000000000000000000e+00,-0.000000000000000000e+00,-0.000000000000000000e+00,0.000000000000000000e+00,0.000000000000000000e+00,0.000000000000000000e+00,-0.000000000000000000e+00,-0.000000000000000000e+00,-0.000000000000000000e+00,-0.000000000000000000e+00,-0.000000000000000000e+00,0.000000000000000000e+00,-0.000000000000000000e+00,-5.996194449036609808e-03,0.000000000000000000e+00,-0.000000000000000000e+00,-0.000000000000000000e+00,-4.486542921232039016e-01,-0.000000000000000000e+00,1.246996116104724717e+00,0.000000000000000000e+00,-0.000000000000000000e+00,-0.000000000000000000e+00,-0.000000000000000000e+00,-0.000000000000000000e+00,-0.000000000000000000e+00,0.000000000000000000e+00,-8.913290987383055974e-02,0.000000000000000000e+00,-0.000000000000000000e+00,-0.000000000000000000e+00,-0.000000000000000000e+00,0.000000000000000000e+00,-0.000000000000000000e+00,0.000000000000000000e+00,-0.000000000000000000e+00,-0.000000000000000000e+00
-0.000000000000000000e+00,0.000000000000000000e+00,0.000000000000000000e+00,0.000000000000000000e+00,0.000000000000000000e+00,-3.615723897154144995e-01,-0.000000000000000000e+00,-0.000000000000000000e+00,1.828021430843924326e-03,-1.376922199607276687e-01,4.002566772055789479e-01,6.632461548552757991e-02,0.000000000000000000e+00,-0.000000000000000000e+00,1.803411328651564061e-01,-0.000000000000000000e+00,-0.000000000000000000e+00,0.000000000000000000e+00,7.645739110325597276e-02,1.357669144723636090e-02,-1.571817026676352314e-01,0.000000000000000000e+00,2.946200833958591225e+00,-0.000000000000000000e+00,-4.204766847477272584e-01,0.000000000000000000e+00,-0.000000000000000000e+00,0.000000000000000000e+00,-0.000000000000000000e+00,-0.000000000000000000e+00,-2.601451210607260700e-01,0.000000000000000000e+00,-0.000000000000000000e+00,1.273831281902421952e-01,-2.709242825039399616e-01,1.909720564227980477e-01,-3.325144247576336531e-01,0.000000000000000000e+00,0.000000000000000000e+00
-0.000000000000000000e+00,-0.000000000000000000e+00,0.000000000000000000e+00,-0.000000000000000000e+00,-0.000000000000000000e+00,-0.000000000000000000e+00,-4.419455852120690587e-02,-0.000000000000000000e+00,0.000000000000000000e+00,-1.598595425517066182e-01,0.000000000000000000e+00,0.000000000000000000e+00,0.000000000000000000e+00,-9.528157748134300810e-04,0.000000000000000000e+00,-0.000000000000000000e+00,-0.000000000000000000e+00,0.000000000000000000e+00,0.000000000000000000e+00,0.000000000000000000e+00,-2.514288855023909947e-02,-0.000000000000000000e+00,-0.000000000000000000e+00,1.237967140770604102e+00,-1.690365537537554530e-01,-0.000000000000000000e+00,-1.911033790299317969e-01,0.000000000000000000e+00,-0.000000000000000000e+00,-3.433479405227594233e-02,-0.000000000000000000e+00,-0.000000000000000000e+00,-1.175089130942404553e-01,0.000000000000000000e+00,-0.000000000000000000e+00,0.000000000000000000e+00,-1.171114827013490789e-01,0.000000000000000000e+00,0.000000000000000000e+00
-0.000000000000000000e+00,0.000000000000000000e+00,0.000000000000000000e+00,0.000000000000000000e+00,0.000000000000000000e+00,-4.349476544469669803e-01,-0.000000000000000000e+00,-0.000000000000000000e+00,0.000000000000000000e+00,-5.905255957987191051e-01,2.106898907803615717e-01,0.000000000000000000e+00,0.000000000000000000e+00,-0.000000000000000000e+00,4.813571638777290607e-03,-0.000000000000000000e+00,-1.579322982627867078e-01,0.000000000000000000e+00,0.000000000000000000e+00,0.000000000000000000e+00,-5.565656615910019589e-02,-0.000000000000000000e+00,-4.204766847477272584e-01,-1.690365537537554530e-01,2.474725010636304123e+00,0.000000000000000000e+00,-0.000000000000000000e+00,1.766391984716285668e-01,-0.000000000000000000e+00,-0.000000000000000000e+00,-1.286791997456059322e-01,0.000000000000000000e+00,-6.090319489166690775e-02,0.000000000000000000e+00,-0.000000000000000000e+00,0.000000000000000000e+00,-2.117529526420185715e-01,0.000000000000000000e+00,0.000000000000000000e+00
-9.243381680113781085e-02,-2.653388563217774498e-01,-0.000000000000000000e+00,-0.000000000000000000e+00,-1.494788661484980179e-02,0.000000000000000000e+00,-0.000000000000000000e+00,1.741112987237386223e-01,-1.363554451558093850e-01,0.000000000000000000e+00,-0.000000000000000000e+00,-0.000000000000000000e+00,-0.000000000000000000e+00,-0.000000000000000000e+00,-0.000000000000000000e+00,-0.000000000000000000e+00,0.000000000000000000e+00,-0.000000000000000000e+00,-0.000000000000000000e+00,-0.000000000000000000e+00,0.000000000000000000e+00,-0.000000000000000000e+00,0.000000000000000000e+00,-0.000000000000000000e+00,0.000000000000000000e+00,2.011385203081056616e+00,-1.788969007168155767e-01,-6.296683861106676661e-01,-1.697803189039630567e-01,-0.000000000000000000e+00,0.000000000000000000e+00,-4.748100946022704716e-01,-0.000000000000000000e+00,-0.000000000000000000e+00,0.000000000000000000e+00,-0.000000000000000000e+00,0.000000000000000000e+00,-8.922563713969056121e-02,-0.000000000000000000e+00
-4.159508999454413214e-01,-0.000000000000000000e+00,-0.000000000000000000e+00,-0.000000000000000000e+00,-0.000000000000000000e+00,-0.000000000000000000e+00,-1.541806241227135221e-02,0.000000000000000000e+00,-0.000000000000000000e+00,-0.000000000000000000e+00,0.000000000000000000e+00,0.000000000000000000e+00,0.000000000000000000e+00,-4.371589940912940647e-02,0.000000000000000000e+00,-0.000000000000000000e+00,-0.000000000000000000e+00,0.000000000000000000e+00,0.000000000000000000e+00,0.000000000000000000e+00,-0.000000000000000000e+00,-0.000000000000000000e+00,-0.000000000000000000e+00,-1.911033790299317969e-01,-0.000000000000000000e+00,-1.788969007168155767e-01,1.310509786811368205e+00,-0.000000000000000000e+00,-1.319074880485483492e-01,-0.000000000000000000e+00,-4.191161528078961307e-02,-0.000000000000000000e+00,-0.000000000000000000e+00,0.000000000000000000e+00,-0.000000000000000000e+00,0.000000000000000000e+00,-7.320720183781715719e-03,0.000000000000000000e+00,0.000000000000000000e+00
-0.000000000000000000e+00,-0.000000000000000000e+00,-0.000000000000000000e+00,-0.000000000000000000e+00,-0.000000000000000000e+00,5.442386916364232337e-03,-0.000000000000000000e+00,6.118353663241920398e-02,-0.000000000000000000e+00,0.000000000000000000e+00,-6.283036118496498901e-02,-0.000000000000000000e+00,-0.000000000000000000e+00,-0.000000000000000000e+00,-0.000000000000000000e+00,0.000000000000000000e+00,0.000000000000000000e+00,-0.000000000000000000e+00,-0.000000000000000000e+00,-0.000000000000000000e+00,0.000000000000000000e+00,-0.000000000000000000e+00,0.000000000000000000e+00,0.000000000000000000e+00,1.766391984716285668e-01,-6.296683861106676661e-01,-0.000000000000000000e+00,1.477881977574152517e+00,-1.861371872918731463e-01,-0.000000000000000000e+00,0.000000000000000000e+00,-3.211456298177743640e-02,0.000000000000000000e+00,-0.000000000000000000e+00,0.000000000000000000e+00,-0.000000000000000000e+00,0.000000000000000000e+00,-0.000000000000000000e+00,-0.000000000000000000e+00
-2.347477235974635146e-01,-0.000000000000000000e+00,-0.000000000000000000e+00,-0.000000000000000000e+00,-0.000000000000000000e+00,-0.000000000000000000e+00,-0.000000000000000000e+00,0.000000000000000000e+00,-0.000000000000000000e+00,-0.000000000000000000e+00,0.000000000000000000e+00,0.000000000000000000e+00,3.402542414279077776e-02,-7.486696382973903052e-01,0.000000000000000000e+00,-0.000000000000000000e+00,-0.000000000000000000e+00,0.000000000000000000e+00,0.000000000000000000e+00,0.000000000000000000e+00,-0.000000000000000000e+00,0.000000000000000000e+00,-0.000000000000000000e+00,-0.000000000000000000e+00,-0.000000000000000000e+00,-1.697803189039630567e-01,-1.319074880485483492e-01,-1.861371872918731463e-01,1.629126577306247103e+00,-0.000000000000000000e+00,-0.000000000000000000e+00,-0.000000000000000000e+00,-0.000000000000000000e+00,0.000000000000000000e+00,-0.000000000000000000e+00,0.000000000000000000e+00,-0.000000000000000000e+00,-0.000000000000000000e+00,0.000000000000000000e+00
-1.635289664020968606e-02,-2.991784400063522975e-01,-1.728138620958808991e-01,-0.000000000000000000e+00,-9.327048267569405804e-02,-0.000000000000000000e+00,0.000000000000000000e+00,0.000000000000000000e+00,-0.000000000000000000e+00,-0.000000000000000000e+00,-0.000000000000000000e+00,-0.000000000000000000e+00,0.000000000000000000e+00,-0.000000000000000000e+00,-0.000000000000000000e+00,-6.977441934655972400e-01,0.000000000000000000e+00,-0.000000000000000000e+00,-0.000000000000000000e+00,-0.000000000000000000e+00,-0.000000000000000000e+00,-8.913290987383055974e-02,-0.000000000000000000e+00,-3.433479405227594233e-02,-0.000000000000000000e+00,-0.000000000000000000e+00,-0.000000000000000000e+00,-0.000000000000000000e+00,-0.000000000000000000e+00,1.628445596807173601e+00,0.000000000000000000e+00,-3.766854593914581439e-02,-1.722364733057892283e-01,-0.000000000000000000e+00,0.000000000000000000e+00,-0.000000000000000000e+00,-0.000000000000000000e+00,-0.000000000000000000e+00,-2.023876015555875138e-02
-0.000000000000000000e+00,0.000000000000000000e+00,0.000000000000000000e+00,0.000000000000000000e+00,0.000000000000000000e+00,-1.451736039248467114e-01,-1.462070874006057841e-01,-0.000000000000000000e+00,0.000000000000000000e+00,-1.426855544868376180e-01,9.302805347987543050e-02,1.414202155641168523e-01,7.729245142552883252e-02,-2.344625379837328993e-01,2.258854102180248846e-01,0.000000000000000000e+00,-8.673585002944829425e-02,0.000000000000000000e+00,0.000000000000000000e+00,2.496318490230245990e-01,-1.640498230085376541e-01,0.000000000000000000e+00,-2.601451210607260700e-01,-0.000000000000000000e+00,-1.286791997456059322e-01,0.000000000000000000e+00,-4.191161528078961307e-02,0.000000000000000000e+00,-0.000000000000000000e+00,0.000000000000000000e+00,2.809428994196683238e+00,0.000000000000000000e+00,-0.000000000000000000e+00,1.096559593963303131e-01,-3.195312366432088158e-01,1.756932318597274612e-01,-3.577126268179927071e-01,0.000000000000000000e+00,0.000000000000000000e+00
-0.000000000000000000e+00,-2.566217462443178277e-01,-0.000000000000000000e+00,-3.806710422990441378e-01,-1.564987891837134326e-01,0.000000000000000000e+00,0.000000000000000000e+00,0.000000000000000000e+00,-2.932825166381668458e-01,0.000000000000000000e+00,-1.224594512645733879e-01,-1.037547347211414533e-01,-0.000000000000000000e+00,-0.000000000000000000e+00,-5.405861080960615295e-02,-0.000000000000000000e+00,0.000000000000000000e+00,-1.923471124437220459e-03,-2.409120191498636543e-01,-5.085260944524762350e-02,0.000000000000000000e+00,-0.000000000000000000e+00,0.000000000000000000e+00,-0.000000000000000000e+00,0.000000000000000000e+00,-4.748100946022704716e-01,-0.000000000000000000e+00,-3.211456298177743640e-02,-0.000000000000000000e+00,-3.766854593914581439e-02,0.000000000000000000e+00,2.170408651222450747e+00,0.000000000000000000e+00,-2.882944216389718428e-02,0.000000000000000000e+00,-0.000000000000000000e+00,0.000000000000000000e+00,-9.365219185508094624e-02,-0.000000000000000000e+00
-7.807969282195584282e-02,-0.000000000000000000e+00,-0.000000000000000000e+00,0.000000000000000000e+00,-5.383940420036792060e-03,-0.000000000000000000e+00,-0.000000000000000000e+00,0.000000000000000000e+00,0.000000000000000000e+00,-3.846259574035392759e-01,0.000000000000000000e+00,0.000000000000000000e+00,2.439211272351052891e-03,-1.785761077488534354e-01,0.000000000000000000e+00,-7.157623768106033402e-02,-0.000000000000000000e+00,-0.000000000000000000e+00,0.000000000000000000e+00,0.000000000000000000e+00,-3.883443298257281961e-01,-0.000000000000000000e+00,-0.000000000000000000e+00,-1.175089130942404553e-01,-6.090319489166690775e-02,-0.000000000000000000e+00,-0.000000000000000000e+00,0.000000000000000000e+00,-0.000000000000000000e+00,-1.722364733057892283e-01,-0.000000000000000000e+00,0.000000000000000000e+00,1.518809301160540803e+00,0.000000000000000000e+00,-0.000000000000000000e+00,0.000000000000000000e+00,-0.000000000000000000e+00,0.000000000000000000e+00,-0.000000000000000000e+00
0.000000000000000000e+00,-0.000000000000000000e+00,-1.910799788544912114e-01,-0.000000000000000000e+00,-0.000000000000000000e+00,1.825056128989457904e-01,0.000000000000000000e+00,1.526967614990044353e-01,-1.664516513352556903e-01,0.000000000000000000e+00,-6.899329730964999519e-02,-2.625798637346981046e-01,-0.000000000000000000e+00,0.000000000000000000e+00,-2.982022362680821770e-01,-0.000000000000000000e+00,7.596593288592147497e-02,-1.601419785652693217e-01,-1.922101281170396081e-01,-1.800273974213099093e-01,0.000000000000000000e+00,-0.000000000000000000e+00,1.273831281902421952e-01,0.000000000000000000e+00,0.000000000000000000e+00,-0.000000000000000000e+00,0.000000000000000000e+00,-0.000000000000000000e+00,0.000000000000000000e+00,-0.000000000000000000e+00,1.096559593963303131e-01,-2.882944216389718428e-02,0.000000000000000000e+00,3.047794013262143054e+00,2.271867474763862860e-01,-3.118383514368817666e-01,1.047338144385977915e-01,-1.308575330720939678e-01,-1.932891659416341168e-01
-0.000000000000000000e+00,0.000000000000000000e+00,0.000000000000000000e+00,0.000000000000000000e+00,0.000000000000000000e+00,-1.979069865321894939e-01,-1.434728741596663359e-01,-0.000000000000000000e+00,1.855323915351411376e-02,-0.000000000000000000e+00,1.208884780295964301e-01,2.454266660045852921e-01,0.000000000000000000e+00,-9.740632650179187335e-02,2.055094826460516222e-01,0.000000000000000000e+00,-0.000000000000000000e+00,1.006960589039802012e-01,8.264129508053742745e-02,1.211190556046037453e-01,-1.017842100329640481e-01,0.000000000000000000e+00,-2.709242825039399616e-01,-0.000000000000000000e+00,-0.000000000000000000e+00,0.000000000000000000e+00,-0.000000000000000000e+00,0.000000000000000000e+00,-0.000000000000000000e+00,0.000000000000000000e+00,-3.195312366432088158e-01,0.000000000000000000e+00,-0.000000000000000000e+00,2.271867474763862860e-01,2.950646327180386663e+00,2.585091712221876947e-01,-4.162573273921407191e-01,4.336983482515312932e-02,9.165172108455506284e-02
0.000000000000000000e+00,-0.000000000000000000e+00,-2.602454328086644883e-02,-0.000000000000000000e+00,-0.000000000000000000e+00,1.716258868804909354e-01,4.539098323587117262e-02,1.338213925932629387e-03,-1.303233906781660900e-01,0.000000000000000000e+00,-1.435215646591311844e-01,-2.284841947454808730e-01,-0.000000000000000000e+00,0.000000000000000000e+00,-2.390141140372239736e-01,-0.000000000000000000e+00,0.000000000000000000e+00,-1.901627923424885069e-01,-1.960235664749584994e-01,-1.731799406345519154e-01,0.000000000000000000e+00,-0.000000000000000000e+00,1.909720564227980477e-01,0.000000000000000000e+00,0.000000000000000000e+00,-0.000000000000000000e+00,0.000000000000000000e+00,-0.000000000000000000e+00,0.000000000000000000e+00,-0.000000000000000000e+00,1.756932318597274612e-01,-0.000000000000000000e+00,0.000000000000000000e+00,-3.118383514368817666e-01,2.585091712221876947e-01,2.969078696165991182e+00,1.801643248433485167e-01,-1.646162489817374064e-01,-1.917504349807355735e-01
-0.000000000000000000e+00,0.000000000000000000e+00,0.000000000000000000e+00,0.000000000000000000e+00,0.000000000000000000e+00,-3.273711584396470919e-01,-2.806991414123216079e-04,-0.000000000000000000e+00,0.000000000000000000e+00,-2.386437833359270067e-02,2.182103726934658539e-01,4.183641221129011378e-02,0.000000000000000000e+00,-1.629576457217819241e-01,1.712518795355991719e-01,-0.000000000000000000e+00,-1.032808789491651419e-01,8.632151607199976817e-02,1.472854859427275009e-02,0.000000000000000000e+00,-1.454750290469526142e-01,0.000000000000000000e+00,-3.325144247576336531e-01,-1.171114827013490789e-01,-2.117529526420185715e-01,0.000000000000000000e+00,-7.320720183781715719e-03,0.000000000000000000e+00,-0.000000000000000000e+00,-0.000000000000000000e+00,-3.577126268179927071e-01,0.000000000000000000e+00,-0.000000000000000000e+00,1.047338144385977915e-01,-4.162573273921407191e-01,1.801643248433485167e-01,2.853472977154380086e+00,0.000000000000000000e+00,0.000000000000000000e+00
-0.000000000000000000e+00,-3.743793283690091123e-01,-9.834751683446167625e-02,-0.000000000000000000e+00,-1.331299349988215863e-02,6.608232712217423921e-02,0.000000000000000000e+00,2.052990219479385592e-01,-4.320547007630814451e-01,0.000000000000000000e+00,-0.000000000000000000e+00,-6.516639344241363652e-02,-0.000000000000000000e+00,0.000000000000000000e+00,-6.979205919347718223e-02,-0.000000000000000000e+00,0.000000000000000000e+00,-1.334474887927492026e-01,-9.222512141454561330e-02,-7.247703041218665765e-02,0.000000000000000000e+00,-0.000000000000000000e+00,0.000000000000000000e+00,0.000000000000000000e+00,0.000000000000000000e+00,-8.922563713969056121e-02,0.000000000000000000e+00,-0.000000000000000000e+00,-0.000000000000000000e+00,-0.000000000000000000e+00,0.000000000000000000e+00,-9.365219185508094624e-02,0.000000000000000000e+00,-1.308575330720939678e-01,4.336983482515312932e-02,-1.646162489817374064e-01,0.000000000000000000e+00,2.627688166423699290e+00,-4.787737081005319362e-01
-0.000000000000000000e+00,-3.121395964079983765e-01,-2.972038095289599724e-01,-0.000000000000000000e+00,-7.684792594025248447e-03,0.000000000000000000e+00,6.627765962357903828e-02,7.324700374430949401e-02,-1.712022918095755242e-01,0.000000000000000000e+00,-0.000000000000000000e+00,-2.103473967615028806e-01,-0.000000000000000000e+00,0.000000000000000000e+00,-2.650231749963494546e-02,-0.000000000000000000e+00,0.000000000000000000e+00,-2.641450264659510050e-01,-4.919898415394022284e-02,-4.811864366084190464e-02,0.000000000000000000e+00,-0.000000000000000000e+00,0.000000000000000000e+00,0.000000000000000000e+00,0.000000000000000000e+00,-0.000000000000000000e+00,0.000000000000000000e+00,-0.000000000000000000e+00,0.000000000000000000e+00,-2.023876015555875138e-02,0.000000000000000000e+00,-0.000000000000000000e+00,-0.000000000000000000e+00,-1.932891659416341168e-01,9.165172108455506284e-02,-1.917504349807355735e-01,0.000000000000000000e+00,-4.787737081005319362e-01,2.544638723326248630e+00
