1.580925005495923852e+00,-2.524807991458994164e-02,0.000000000000000000e+00,-0.000000000000000000e+00,-0.000000000000000000e+00,-0.000000000000000000e+00,-0.000000000000000000e+00,-0.000000000000000000e+00,-0.000000000000000000e+00,-3.295639283840923750e-01,-0.000000000000000000e+00,1.376702519542050314e-02,-0.000000000000000000e+00,-0.000000000000000000e+00,0.000000000000000000e+00,-2.172837429986991253e-01,-0.000000000000000000e+00,-0.000000000000000000e+00,0.000000000000000000e+00,-0.000000000000000000e+00,-0.000000000000000000e+00,-0.000000000000000000e+00,-0.000000000000000000e+00,0.000000000000000000e+00,-0.000000000000000000e+00,-1.292445419801433772e-02,-0.000000000000000000e+00,-0.000000000000000000e+00,-1.390952523615986702e-01,-4.389966563826403489e-01,0.000000000000000000e+00,0.000000000000000000e+00,0.000000000000000000e+00,0.000000000000000000e+00,-0.000000000000000000e+00,-1.466077745492959557e-02,-0.000000000000000000e+00,-0.000000000000000000e+00,1.384435354663685613e-01
-2.524807991458994164e-02,1.428357921506690831e+00,0.000000000000000000e+00,0.000000000000000000e+00,-0.000000000000000000e+00,-0.000000000000000000e+00,0.000000000000000000e+00,-0.000000000000000000e+00,-0.000000000000000000e+00,-0.000000000000000000e+00,-0.000000000000000000e+00,-7.581606772770715930e-02,-0.000000000000000000e+00,0.000000000000000000e+00,3.870852232234350820e-02,-0.000000000000000000e+00,-0.000000000000000000e+00,-0.000000000000000000e+00,-0.000000000000000000e+00,0.000000000000000000e+00,-0.000000000000000000e+00,-2.122083358503992490e-01,-0.000000000000000000e+00,1.309725660955589344e-01,0.000000000000000000e+00,-0.000000000000000000e+00,-1.823468117953022105e-01,3.302966386694339285e-01,0.000000000000000000e+00,-2.769836912005305685e-01,-0.000000000000000000e+00,-3.141775972378412773e-01,6.249985462657132659e-03,-0.000000000000000000e+00,0.000000000000000000e+00,-2.176576920281227401e-01,-0.000000000000000000e+00,9.938165190267923832e-02,-0.000000000000000000e+00
0.000000000000000000e+00,0.000000000000000000e+00,3.101535253925376878e+00,-3.113868381523582918e-01,-0.000000000000000000e+00,3.131909777290910191e-02,-2.357852362084129072e-01,1.250057899808983519e+00,-0.000000000000000000e+00,-0.000000000000000000e+00,0.000000000000000000e+00,0.000000000000000000e+00,0.000000000000000000e+00,-0.000000000000000000e+00,0.000000000000000000e+00,0.000000000000000000e+00,0.000000000000000000e+00,-2.128671780867104346e-01,-1.801841051131816418e-01,-0.000000000000000000e+00,0.000000000000000000e+00,0.000000000000000000e+00,-0.000000000000000000e+00,-2.548694555781378865e-02,-0.000000000000000000e+00,-1.606919692566293190e-01,-0.000000000000000000e+00,-5.879061946127309701e-01,-0.000000000000000000e+00,-0.000000000000000000e+00,-3.005646627484314659e-01,-0.000000000000000000e+00,-4.166678192999839249e-03,0.000000000000000000e+00,-0.000000000000000000e+00,0.000000000000000000e+00,-0.000000000000000000e+00,-0.000000000000000000e+00,-0.000000000000000000e+00
-0.000000000000000000e+00,0.000000000000000000e+00,-3.113868381523582918e-01,2.417574330911746117e+00,-0.000000000000000000e+00,9.340504007891267668e-02,-6.886903856184388717e-01,0.000000000000000000e+00,0.000000000000000000e+00,-0.000000000000000000e+00,0.000000000000000000e+00,0.000000000000000000e+00,0.000000000000000000e+00,-0.000000000000000000e+00,1.347427649194627708e-01,0.000000000000000000e+00,0.000000000000000000e+00,-3.294806824709574089e-01,-0.000000000000000000e+00,-6.246367390861372604e-01,0.000000000000000000e+00,-0.000000000000000000e+00,0.000000000000000000e+00,-0.000000000000000000e+00,0.000000000000000000e+00,-0.000000000000000000e+00,-0.000000000000000000e+00,-2.342696340541034206e-01,-0.000000000000000000e+00,-0.000000000000000000e+00,-1.866096031244948994e-01,-0.000000000000000000e+00,-0.000000000000000000e+00,4.847440657381898305e-02,-0.000000000000000000e+00,0.000000000000000000e+00,-0.000000000000000000e+00,0.000000000000000000e+00,0.000000000000000000e+00
-0.000000000000000000e+00,-0.000000000000000000e+00,-0.000000000000000000e+00,-0.000000000000000000e+00,2.041607419185263339e+00,-0.000000000000000000e+00,-0.000000000000000000e+00,4.694283489611959514e-01,-3.787502299990246346e-01,-0.000000000000000000e+00,-0.000000000000000000e+00,-0.000000000000000000e+00,0.000000000000000000e+00,-4.948647484756951154e-01,0.000000000000000000e+00,-1.914007481443755765e-01,-0.000000000000000000e+00,-1.722042508161683583e-01,-0.000000000000000000e+00,0.000000000000000000e+00,-0.000000000000000000e+00,0.000000000000000000e+00,-8.208241431182242143e-02,-0.000000000000000000e+00,-3.948419310903267948e-02,-0.000000000000000000e+00,-0.000000000000000000e+00,-0.000000000000000000e+00,-0.000000000000000000e+00,-0.000000000000000000e+00,-0.000000000000000000e+00,-0.000000000000000000e+00,-0.000000000000000000e+00,-1.391359123945532239e-01,-0.000000000000000000e+00,-1.694594957025411519e-01,-0.000000000000000000e+00,-7.521887223342021978e-02,-0.000000000000000000e+00
-0.000000000000000000e+00,-0.000000000000000000e+00,3.131909777290910191e-02,9.340504007891267668e-02,-0.000000000000000000e+00,2.430296726837900323e+00,7.965660464940617358e-02,-0.000000000000000000e+00,0.000000000000000000e+00,-0.000000000000000000e+00,-7.990479172620499337e-01,-0.000000000000000000e+00,0.000000000000000000e+00,-0.000000000000000000e+00,0.000000000000000000e+00,-0.000000000000000000e+00,-7.310475300107588392e-01,0.000000000000000000e+00,1.166781894902743782e-01,0.000000000000000000e+00,-3.415255329088379144e-01,-0.000000000000000000e+00,-4.289193501212247295e-01,0.000000000000000000e+00,-0.000000000000000000e+00,-0.000000000000000000e+00,-0.000000000000000000e+00,0.000000000000000000e+00,-0.000000000000000000e+00,-0.000000000000000000e+00,0.000000000000000000e+00,-0.000000000000000000e+00,-0.000000000000000000e+00,-0.000000000000000000e+00,-0.000000000000000000e+00,-1.288620540086150290e-01,-0.000000000000000000e+00,-0.000000000000000000e+00,0.000000000000000000e+00
-0.000000000000000000e+00,0.000000000000000000e+00,-2.357852362084129072e-01,-6.886903856184388717e-01,-0.000000000000000000e+00,7.965660464940617358e-02,1.923926751040870631e+00,0.000000000000000000e+00,-0.000000000000000000e+00,-1.048089560378452079e-01,0.000000000000000000e+00,1.303915785996214161e-01,0.000000000000000000e+00,-0.000000000000000000e+00,1.959873811248197817e-01,-0.000000000000000000e+00,0.000000000000000000e+00,-0.000000000000000000e+00,-6.430470909020807868e-02,-1.550642946609964191e-02,0.000000000000000000e+00,-0.000000000000000000e+00,0.000000000000000000e+00,0.000000000000000000e+00,-0.000000000000000000e+00,-2.153654047284171702e-02,-0.000000000000000000e+00,-0.000000000000000000e+00,-0.000000000000000000e+00,-0.000000000000000000e+00,-3.464843104260577067e-01,-0.000000000000000000e+00,-0.000000000000000000e+00,0.000000000000000000e+00,-0.000000000000000000e+00,0.000000000000000000e+00,-0.000000000000000000e+00,0.000000000000000000e+00,0.000000000000000000e+00
-0.000000000000000000e+00,-0.000000000000000000e+00,1.250057899808983519e+00,0.000000000000000000e+00,4.694283489611959514e-01,-0.000000000000000000e+00,0.000000000000000000e+00,2.800555808771069355e+00,0.000000000000000000e+00,0.000000000000000000e+00,-0.000000000000000000e+00,-0.000000000000000000e+00,-0.000000000000000000e+00,4.034298805999780302e-01,-0.000000000000000000e+00,0.000000000000000000e+00,-0.000000000000000000e+00,1.083688718154168368e-01,2.026552488131371788e-01,0.000000000000000000e+00,-0.000000000000000000e+00,-0.000000000000000000e+00,0.000000000000000000e+00,2.849092118371526067e-02,0.000000000000000000e+00,1.294273124633595895e-01,0.000000000000000000e+00,2.530533277204073395e-01,0.000000000000000000e+00,0.000000000000000000e+00,0.000000000000000000e+00,0.000000000000000000e+00,0.000000000000000000e+00,0.000000000000000000e+00,0.000000000000000000e+00,0.000000000000000000e+00,0.000000000000000000e+00,0.000000000000000000e+00,0.000000000000000000e+00
-0.000000000000000000e+00,-0.000000000000000000e+00,-0.000000000000000000e+00,0.000000000000000000e+00,-3.787502299990246346e-01,0.000000000000000000e+00,-0.000000000000000000e+00,0.000000000000000000e+00,1.872552571728465010e+00,-0.000000000000000000e+00,0.000000000000000000e+00,-0.000000000000000000e+00,-0.000000000000000000e+00,-0.000000000000000000e+00,-0.000000000000000000e+00,-2.926305572853796222e-01,0.000000000000000000e+00,-2.038807424277488262e-02,-2.735099986430421515e-01,0.000000000000000000e+00,0.000000000000000000e+00,-0.000000000000000000e+00,-0.000000000000000000e+00,-0.000000000000000000e+00,-0.000000000000000000e+00,-0.000000000000000000e+00,0.000000000000000000e+00,0.000000000000000000e+00,-0.000000000000000000e+00,-2.062729443441076171e-01,0.000000000000000000e+00,-0.000000000000000000e+00,0.000000000000000000e+00,-6.145535594562742121e-01,0.000000000000000000e+00,-1.450657297627455933e-01,-0.000000000000000000e+00,-1.616255618102399871e-01,-1.903582173217160389e-01
-3.295639283840923750e-01,-0.000000000000000000e+00,-0.000000000000000000e+00,-0.000000000000000000e+00,-0.000000000000000000e+00,-0.000000000000000000e+00,-1.048089560378452079e-01,0.000000000000000000e+00,-0.000000000000000000e+00,2.598375344306784740e+00,-0.000000000000000000e+00,0.000000000000000000e+00,0.000000000000000000e+00,-0.000000000000000000e+00,3.411685691063960912e-01,-2.669330755532741128e-01,-0.000000000000000000e+00,-0.000000000000000000e+00,-0.000000000000000000e+00,-0.000000000000000000e+00,-0.000000000000000000e+00,-0.000000000000000000e+00,-2.086843456005144926e-01,0.000000000000000000e+00,-3.992796282006080832e-02,-4.800551219589044294e-01,-3.072489479960817116e-01,-0.000000000000000000e+00,-0.000000000000000000e+00,-3.357050187556069321e-01,-0.000000000000000000e+00,-0.000000000000000000e+00,-0.000000000000000000e+00,0.000000000000000000e+00,-1.095252730202714436e-01,-9.676320808526564510e-02,-3.057615154831775373e-01,-0.000000000000000000e+00,0.000000000000000000e+00
-0.000000000000000000e+00,-0.000000000000000000e+00,0.000000000000000000e+00,0.000000000000000000e+00,-0.000000000000000000e+00,-7.990479172620499337e-01,0.000000000000000000e+00,-0.000000000000000000e+00,0.000000000000000000e+00,-0.000000000000000000e+00,2.813398677190151798e+00,-0.000000000000000000e+00,8.877965027508413765e-02,-0.000000000000000000e+00,0.000000000000000000e+00,-0.000000000000000000e+00,-7.621687054894892288e-01,-0.000000000000000000e+00,0.000000000000000000e+00,0.000000000000000000e+00,-6.641412466444951423e-02,-0.000000000000000000e+00,-6.156018640433694733e-01,0.000000000000000000e+00,-1.471706869571321429e-02,-0.000000000000000000e+00,-0.000000000000000000e+00,-0.000000000000000000e+00,-0.000000000000000000e+00,-0.000000000000000000e+00,-0.000000000000000000e+00,-0.000000000000000000e+00,-2.280314996633385771e-01,0.000000000000000000e+00,-2.858649741472333791e-02,-0.000000000000000000e+00,-2.925503053033753909e-01,-0.000000000000000000e+00,3.631269253375356970e-02
1.376702519542050314e-02,-7.581606772770715930e-02,0.000000000000000000e+00,0.000000000000000000e+00,-0.000000000000000000e+00,-0.000000000000000000e+00,1.303915785996214161e-01,-0.000000000000000000e+00,-0.000000000000000000e+00,0.000000000000000000e+00,-0.000000000000000000e+00,1.504022088469857410e+00,-0.000000000000000000e+00,0.000000000000000000e+00,-2.816837552707690540e-02,-0.000000000000000000e+00,-2.654565372172861329e-03,-0.000000000000000000e+00,-3.238005907430498848e-02,0.000000000000000000e+00,-0.000000000000000000e+00,-2.914151124599297371e-01,-0.000000000000000000e+00,0.000000000000000000e+00,0.000000000000000000e+00,0.000000000000000000e+00,-0.000000000000000000e+00,2.298657345420469233e-01,2.382162478913246728e-01,0.000000000000000000e+00,0.000000000000000000e+00,-0.000000000000000000e+00,0.000000000000000000e+00,-0.000000000000000000e+00,0.000000000000000000e+00,-0.000000000000000000e+00,0.000000000000000000e+00,-0.000000000000000000e+00,-5.190423363425548109e-01
-0.000000000000000000e+00,-0.000000000000000000e+00,0.000000000000000000e+00,0.000000000000000000e+00,0.000000000000000000e+00,0.000000000000000000e+00,0.000000000000000000e+00,-0.000000000000000000e+00,-0.000000000000000000e+00,0.000000000000000000e+00,8.877965027508413765e-02,-0.000000000000000000e+00,1.601668008504805174e+00,1.717979992167236736e-01,-0.000000000000000000e+00,-0.000000000000000000e+00,0.000000000000000000e+00,0.000000000000000000e+00,0.000000000000000000e+00,0.000000000000000000e+00,0.000000000000000000e+00,-0.000000000000000000e+00,0.000000000000000000e+00,0.000000000000000000e+00,2.250916036004497328e-02,0.000000000000000000e+00,0.000000000000000000e+00,1.139315548447395465e-01,6.390592036681501387e-02,0.000000000000000000e+00,3.403281697433350739e-01,0.000000000000000000e+00,3.036019989531658636e-01,-0.000000000000000000e+00,1.798833076727923974e-01,0.000000000000000000e+00,8.225237648479379396e-03,-0.000000000000000000e+00,-0.000000000000000000e+00
-0.000000000000000000e+00,0.000000000000000000e+00,-0.000000000000000000e+00,-0.000000000000000000e+00,-4.948647484756951154e-01,-0.000000000000000000e+00,-0.000000000000000000e+00,4.034298805999780302e-01,-0.000000000000000000e+00,-0.000000000000000000e+00,-0.000000000000000000e+00,0.000000000000000000e+00,1.717979992167236736e-01,2.136652008286700877e+00,-0.000000000000000000e+00,-0.000000000000000000e+00,-0.000000000000000000e+00,-0.000000000000000000e+00,-0.000000000000000000e+00,0.000000000000000000e+00,0.000000000000000000e+00,1.369807149065509766e-01,-1.030906815901836138e-01,-1.529444852867245241e-01,-4.786412138545672046e-01,-0.000000000000000000e+00,-0.000000000000000000e+00,-1.010330046394529169e-01,-9.789556299509602488e-02,-0.000000000000000000e+00,-0.000000000000000000e+00,-0.000000000000000000e+00,-1.412705735891910813e-02,-0.000000000000000000e+00,-1.042984258715680540e-01,-6.667099265668934016e-02,-0.000000000000000000e+00,-1.560883245509565587e-01,-0.000000000000000000e+00
0.000000000000000000e+00,3.870852232234350820e-02,0.000000000000000000e+00,1.347427649194627708e-01,0.000000000000000000e+00,0.000000000000000000e+00,1.959873811248197817e-01,-0.000000000000000000e+00,-0.000000000000000000e+00,3.411685691063960912e-01,0.000000000000000000e+00,-2.816837552707690540e-02,-0.000000000000000000e+00,-0.000000000000000000e+00,1.501549622717542887e+00,0.000000000000000000e+00,0.000000000000000000e+00,0.000000000000000000e+00,0.000000000000000000e+00,0.000000000000000000e+00,0.000000000000000000e+00,0.000000000000000000e+00,0.000000000000000000e+00,-0.000000000000000000e+00,0.000000000000000000e+00,0.000000000000000000e+00,2.067281755484631778e-01,0.000000000000000000e+00,0.000000000000000000e+00,4.990232464905416249e-02,0.000000000000000000e+00,1.466294028756225665e-01,0.000000000000000000e+00,-4.771976544091048600e-02,0.000000000000000000e+00,0.000000000000000000e+00,0.000000000000000000e+00,-1.724670246604012025e-01,-0.000000000000000000e+00
-2.172837429986991253e-01,-0.000000000000000000e+00,0.000000000000000000e+00,0.000000000000000000e+00,-1.914007481443755765e-01,-0.000000000000000000e+00,-0.000000000000000000e+00,0.000000000000000000e+00,-2.926305572853796222e-01,-2.669330755532741128e-01,-0.000000000000000000e+00,-0.000000000000000000e+00,-0.000000000000000000e+00,-0.000000000000000000e+00,0.000000000000000000e+00,2.083425288140140275e+00,-0.000000000000000000e+00,-0.000000000000000000e+00,-0.000000000000000000e+00,0.000000000000000000e+00,-7.458425261481364810e-02,-0.000000000000000000e+00,-1.917598693701637325e-01,0.000000000000000000e+00,-0.000000000000000000e+00,-0.000000000000000000e+00,-0.000000000000000000e+00,-0.000000000000000000e+00,-0.000000000000000000e+00,-6.604049606054890331e-01,0.000000000000000000e+00,0.000000000000000000e+00,0.000000000000000000e+00,-0.000000000000000000e+00,-0.000000000000000000e+00,-2.317882810032550200e-01,-0.000000000000000000e+00,-0.000000000000000000e+00,0.000000000000000000e+00
-0.000000000000000000e+00,-0.000000000000000000e+00,0.000000000000000000e+00,0.000000000000000000e+00,-0.000000000000000000e+00,-7.310475300107588392e-01,0.000000000000000000e+00,-0.000000000000000000e+00,0.000000000000000000e+00,-0.000000000000000000e+00,-7.621687054894892288e-01,-2.654565372172861329e-03,0.000000000000000000e+00,-0.000000000000000000e+00,0.000000000000000000e+00,-0.000000000000000000e+00,2.259142474872530837e+00,-0.000000000000000000e+00,0.000000000000000000e+00,0.000000000000000000e+00,-5.179728200012804346e-02,-0.000000000000000000e+00,-2.332641090939169826e-01,4.435747310892640405e-02,-0.000000000000000000e+00,-0.000000000000000000e+00,-0.000000000000000000e+00,0.000000000000000000e+00,-0.000000000000000000e+00,-0.000000000000000000e+00,0.000000000000000000e+00,-0.000000000000000000e+00,-0.000000000000000000e+00,0.000000000000000000e+00,-0.000000000000000000e+00,-2.424415050035653718e-01,-0.000000000000000000e+00,-0.000000000000000000e+00,0.000000000000000000e+00
-0.000000000000000000e+00,-0.000000000000000000e+00,-2.128671780867104346e-01,-3.294806824709574089e-01,-1.722042508161683583e-01,0.000000000000000000e+00,-0.000000000000000000e+00,1.083688718154168368e-01,-2.038807424277488262e-02,-0.000000000000000000e+00,-0.000000000000000000e+00,-0.000000000000000000e+00,0.000000000000000000e+00,-0.000000000000000000e+00,0.000000000000000000e+00,-0.000000000000000000e+00,-0.000000000000000000e+00,2.318538925940545781e+00,-5.740177914583227681e-01,-0.000000000000000000e+00,-0.000000000000000000e+00,-0.000000000000000000e+00,-0.000000000000000000e+00,-0.000000000000000000e+00,-0.000000000000000000e+00,-6.830518602865632838e-01,-0.000000000000000000e+00,-0.000000000000000000e+00,-0.000000000000000000e+00,-0.000000000000000000e+00,-0.000000000000000000e+00,-2.347811458088561523e-02,-1.486170672694853145e-01,0.000000000000000000e+00,-0.000000000000000000e+00,-0.000000000000000000e+00,-7.273199515403053206e-02,-0.000000000000000000e+00,0.000000000000000000e+00
0.000000000000000000e+00,-0.000000000000000000e+00,-1.801841051131816418e-01,-0.000000000000000000e+00,-0.000000000000000000e+00,1.166781894902743782e-01,-6.430470909020807868e-02,2.026552488131371788e-01,-2.735099986430421515e-01,-0.000000000000000000e+00,0.000000000000000000e+00,-3.238005907430498848e-02,0.000000000000000000e+00,-0.000000000000000000e+00,0.000000000000000000e+00,-0.000000000000000000e+00,0.000000000000000000e+00,-5.740177914583227681e-01,1.826567364355851097e+00,-0.000000000000000000e+00,0.000000000000000000e+00,-4.590213239834647213e-02,0.000000000000000000e+00,-0.000000000000000000e+00,0.000000000000000000e+00,-0.000000000000000000e+00,-1.373806819837918025e-01,-0.000000000000000000e+00,0.000000000000000000e+00,-0.000000000000000000e+00,-4.956357106907818832e-02,-6.351085792004938779e-02,-0.000000000000000000e+00,-0.000000000000000000e+00,0.000000000000000000e+00,-0.000000000000000000e+00,-0.000000000000000000e+00,-0.000000000000000000e+00,-4.387305300429428789e-01
-0.000000000000000000e+00,0.000000000000000000e+00,-0.000000000000000000e+00,-6.246367390861372604e-01,0.000000000000000000e+00,0.000000000000000000e+00,-1.550642946609964191e-02,0.000000000000000000e+00,0.000000000000000000e+00,-0.000000000000000000e+00,0.000000000000000000e+00,0.000000000000000000e+00,0.000000000000000000e+00,0.000000000000000000e+00,0.000000000000000000e+00,0.000000000000000000e+00,0.000000000000000000e+00,-0.000000000000000000e+00,-0.000000000000000000e+00,1.891289607521997151e+00,-0.000000000000000000e+00,-1.301649512198378711e-01,0.000000000000000000e+00,0.000000000000000000e+00,0.000000000000000000e+00,-0.000000000000000000e+00,-0.000000000000000000e+00,-1.660045871860213185e-01,-0.000000000000000000e+00,0.000000000000000000e+00,-1.597775980958822395e-01,-0.000000000000000000e+00,-9.169976366121231071e-02,6.898701242438971537e-01,-0.000000000000000000e+00,0.000000000000000000e+00,-0.000000000000000000e+00,0.000000000000000000e+00,0.000000000000000000e+00
-0.000000000000000000e+00,-0.000000000000000000e+00,0.000000000000000000e+00,0.000000000000000000e+00,-0.000000000000000000e+00,-3.415255329088379144e-01,0.000000000000000000e+00,-0.000000000000000000e+00,0.000000000000000000e+00,-0.000000000000000000e+00,-6.641412466444951423e-02,-0.000000000000000000e+00,0.000000000000000000e+00,0.000000000000000000e+00,0.000000000000000000e+00,-7.458425261481364810e-02,-5.179728200012804346e-02,-0.000000000000000000e+00,0.000000000000000000e+00,-0.000000000000000000e+00,1.190064029031632664e+00,-3.654998606215449815e-03,-2.496225434125025344e-02,5.537917533336327025e-02,-0.000000000000000000e+00,-0.000000000000000000e+00,-0.000000000000000000e+00,-0.000000000000000000e+00,-0.000000000000000000e+00,-0.000000000000000000e+00,0.000000000000000000e+00,0.000000000000000000e+00,-0.000000000000000000e+00,-0.000000000000000000e+00,-0.000000000000000000e+00,-0.000000000000000000e+00,-0.000000000000000000e+00,-0.000000000000000000e+00,0.000000000000000000e+00
-0.000000000000000000e+00,-2.122083358503992490e-01,0.000000000000000000e+00,-0.000000000000000000e+00,0.000000000000000000e+00,-0.000000000000000000e+00,-0.000000000000000000e+00,-0.000000000000000000e+00,-0.000000000000000000e+00,-0.000000000000000000e+00,-0.000000000000000000e+00,-2.914151124599297371e-01,-0.000000000000000000e+00,1.369807149065509766e-01,0.000000000000000000e+00,-0.000000000000000000e+00,-0.000000000000000000e+00,-0.000000000000000000e+00,-4.590213239834647213e-02,-1.301649512198378711e-01,-3.654998606215449815e-03,1.199791514295801997e+00,-0.000000000000000000e+00,0.000000000000000000e+00,0.000000000000000000e+00,-0.000000000000000000e+00,-1.706281767893711165e-01,0.000000000000000000e+00,0.000000000000000000e+00,-0.000000000000000000e+00,-0.000000000000000000e+00,-3.567301240929093842e-02,-0.000000000000000000e+00,0.000000000000000000e+00,0.000000000000000000e+00,0.000000000000000000e+00,-0.000000000000000000e+00,4.350373465478121759e-02,-0.000000000000000000e+00
-0.000000000000000000e+00,-0.000000000000000000e+00,-0.000000000000000000e+00,0.000000000000000000e+00,-8.208241431182242143e-02,-4.289193501212247295e-01,0.000000000000000000e+00,0.000000000000000000e+00,-0.000000000000000000e+00,-2.086843456005144926e-01,-6.156018640433694733e-01,-0.000000000000000000e+00,0.000000000000000000e+00,-1.030906815901836138e-01,0.000000000000000000e+00,-1.917598693701637325e-01,-2.332641090939169826e-01,-0.000000000000000000e+00,0.000000000000000000e+00,0.000000000000000000e+00,-2.496225434125025344e-02,-0.000000000000000000e+00,2.736220518535116941e+00,0.000000000000000000e+00,-5.997956434059020792e-01,-0.000000000000000000e+00,-0.000000000000000000e+00,-0.000000000000000000e+00,-0.000000000000000000e+00,-0.000000000000000000e+00,-0.000000000000000000e+00,-0.000000000000000000e+00,-1.646385080456398697e-01,-0.000000000000000000e+00,-9.746894016006069084e-02,-1.442471453175379059e-01,-1.833747524531140760e-01,-0.000000000000000000e+00,0.000000000000000000e+00
0.000000000000000000e+00,1.309725660955589344e-01,-2.548694555781378865e-02,-0.000000000000000000e+00,-0.000000000000000000e+00,0.000000000000000000e+00,0.000000000000000000e+00,2.849092118371526067e-02,-0.000000000000000000e+00,0.000000000000000000e+00,0.000000000000000000e+00,0.000000000000000000e+00,0.000000000000000000e+00,-1.529444852867245241e-01,-0.000000000000000000e+00,0.000000000000000000e+00,4.435747310892640405e-02,-0.000000000000000000e+00,-0.000000000000000000e+00,0.000000000000000000e+00,5.537917533336327025e-02,0.000000000000000000e+00,0.000000000000000000e+00,1.125606027849132218e+00,-2.170474963685763703e-01,-0.000000000000000000e+00,0.000000000000000000e+00,-0.000000000000000000e+00,-0.000000000000000000e+00,0.000000000000000000e+00,0.000000000000000000e+00,0.000000000000000000e+00,-0.000000000000000000e+00,-0.000000000000000000e+00,0.000000000000000000e+00,0.000000000000000000e+00,0.000000000000000000e+00,-8.014368757384993103e-02,-0.000000000000000000e+00
-0.000000000000000000e+00,0.000000000000000000e+00,-0.000000000000000000e+00,0.000000000000000000e+00,-3.948419310903267948e-02,-0.000000000000000000e+00,-0.000000000000000000e+00,0.000000000000000000e+00,-0.000000000000000000e+00,-3.992796282006080832e-02,-1.471706869571321429e-02,0.000000000000000000e+00,2.250916036004497328e-02,-4.786412138545672046e-01,0.000000000000000000e+00,-0.000000000000000000e+00,-0.000000000000000000e+00,-0.000000000000000000e+00,0.000000000000000000e+00,0.000000000000000000e+00,-0.000000000000000000e+00,0.000000000000000000e+00,-5.997956434059020792e-01,-2.170474963685763703e-01,1.757854940335337623e+00,-0.000000000000000000e+00,-0.000000000000000000e+00,-0.000000000000000000e+00,-0.000000000000000000e+00,-0.000000000000000000e+00,-0.000000000000000000e+00,0.000000000000000000e+00,-3.305888424644489593e-02,-0.000000000000000000e+00,-0.000000000000000000e+00,-1.254325061792009310e-01,-0.000000000000000000e+00,-0.000000000000000000e+00,-0.000000000000000000e+00
-1.292445419801433772e-02,-0.000000000000000000e+00,-1.606919692566293190e-01,-0.000000000000000000e+00,-0.000000000000000000e+00,-0.000000000000000000e+00,-2.153654047284171702e-02,1.294273124633595895e-01,-0.000000000000000000e+00,-4.800551219589044294e-01,-0.000000000000000000e+00,0.000000000000000000e+00,0.000000000000000000e+00,-0.000000000000000000e+00,0.000000000000000000e+00,-0.000000000000000000e+00,-0.000000000000000000e+00,-6.830518602865632838e-01,-0.000000000000000000e+00,-0.000000000000000000e+00,-0.000000000000000000e+00,-0.000000000000000000e+00,-0.000000000000000000e+00,-0.000000000000000000e+00,-0.000000000000000000e+00,2.881989596154868938e+00,-2.117481702347972505e-01,-4.429906504710126591e-01,-2.979996072264121110e-01,-0.000000000000000000e+00,-0.000000000000000000e+00,-0.000000000000000000e+00,-0.000000000000000000e+00,0.000000000000000000e+00,-3.721632260321692254e-01,-0.000000000000000000e+00,-2.286283921480711245e-01,-0.000000000000000000e+00,0.000000000000000000e+00
-0.000000000000000000e+00,-1.823468117953022105e-01,-0.000000000000000000e+00,-0.000000000000000000e+00,-0.000000000000000000e+00,-0.000000000000000000e+00,-0.000000000000000000e+00,0.000000000000000000e+00,0.000000000000000000e+00,-3.072489479960817116e-01,-0.000000000000000000e+00,-0.000000000000000000e+00,0.000000000000000000e+00,-0.000000000000000000e+00,2.067281755484631778e-01,-0.000000000000000000e+00,-0.000000000000000000e+00,-0.000000000000000000e+00,-1.373806819837918025e-01,-0.000000000000000000e+00,-0.000000000000000000e+00,-1.706281767893711165e-01,-0.000000000000000000e+00,0.000000000000000000e+00,-0.000000000000000000e+00,-2.117481702347972505e-01,2.670499196345245796e+00,-0.000000000000000000e+00,-0.000000000000000000e+00,-0.000000000000000000e+00,-5.766168722546254344e-01,-6.897130241844419141e-01,-0.000000000000000000e+00,9.443521477986539098e-03,-0.000000000000000000e+00,-0.000000000000000000e+00,-4.221270960045639953e-01,0.000000000000000000e+00,-0.000000000000000000e+00
-0.000000000000000000e+00,3.302966386694339285e-01,-5.879061946127309701e-01,-2.342696340541034206e-01,-0.000000000000000000e+00,0.000000000000000000e+00,-0.000000000000000000e+00,2.530533277204073395e-01,0.000000000000000000e+00,-0.000000000000000000e+00,-0.000000000000000000e+00,2.298657345420469233e-01,1.139315548447395465e-01,-1.010330046394529169e-01,0.000000000000000000e+00,-0.000000000000000000e+00,0.000000000000000000e+00,-0.000000000000000000e+00,-0.000000000000000000e+00,-1.660045871860213185e-01,-0.000000000000000000e+00,0.000000000000000000e+00,-0.000000000000000000e+00,-0.000000000000000000e+00,-0.000000000000000000e+00,-4.429906504710126591e-01,-0.000000000000000000e+00,2.743087044376146810e+00,-4.085656505143883122e-01,-0.000000000000000000e+00,-0.000000000000000000e+00,-0.000000000000000000e+00,-4.110022375940507455e-01,0.000000000000000000e+00,-1.099715240749643413e-01,0.000000000000000000e+00,-0.000000000000000000e+00,-0.000000000000000000e+00,0.000000000000000000e+00
-1.390952523615986702e-01,0.000000000000000000e+00,-0.000000000000000000e+00,-0.000000000000000000e+00,-0.000000000000000000e+00,-0.000000000000000000e+00,-0.000000000000000000e+00,0.000000000000000000e+00,-0.000000000000000000e+00,-0.000000000000000000e+00,-0.000000000000000000e+00,2.382162478913246728e-01,6.390592036681501387e-02,-9.789556299509602488e-02,0.000000000000000000e+00,-0.000000000000000000e+00,-0.000000000000000000e+00,-0.000000000000000000e+00,0.000000000000000000e+00,-0.000000000000000000e+00,-0.000000000000000000e+00,0.000000000000000000e+00,-0.000000000000000000e+00,-0.000000000000000000e+00,-0.000000000000000000e+00,-2.979996072264121110e-01,-0.000000000000000000e+00,-4.085656505143883122e-01,2.079475782995099831e+00,-8.680783782175101326e-02,-0.000000000000000000e+00,-0.000000000000000000e+00,-0.000000000000000000e+00,0.000000000000000000e+00,-6.330752218520951935e-01,-0.000000000000000000e+00,-0.000000000000000000e+00,-1.035923717062381955e-01,1.004924685713840804e-01
-4.389966563826403489e-01,-2.769836912005305685e-01,-0.000000000000000000e+00,-0.000000000000000000e+00,-0.000000000000000000e+00,-0.000000000000000000e+00,-0.000000000000000000e+00,0.000000000000000000e+00,-2.062729443441076171e-01,-3.357050187556069321e-01,-0.000000000000000000e+00,0.000000000000000000e+00,0.000000000000000000e+00,-0.000000000000000000e+00,4.990232464905416249e-02,-6.604049606054890331e-01,-0.000000000000000000e+00,-0.000000000000000000e+00,-0.000000000000000000e+00,0.000000000000000000e+00,-0.000000000000000000e+00,-0.000000000000000000e+00,-0.000000000000000000e+00,0.000000000000000000e+00,-0.000000000000000000e+00,-0.000000000000000000e+00,-0.000000000000000000e+00,-0.000000000000000000e+00,-8.680783782175101326e-02,2.101250165058012875e+00,-0.000000000000000000e+00,-0.000000000000000000e+00,0.000000000000000000e+00,-0.000000000000000000e+00,-0.000000000000000000e+00,-1.332473854257716084e-01,-0.000000000000000000e+00,-0.000000000000000000e+00,0.000000000000000000e+00
0.000000000000000000e+00,-0.000000000000000000e+00,-3.005646627484314659e-01,-1.866096031244948994e-01,-0.000000000000000000e+00,0.000000000000000000e+00,-3.464843104260577067e-01,0.000000000000000000e+00,0.000000000000000000e+00,-0.000000000000000000e+00,-0.000000000000000000e+00,0.000000000000000000e+00,3.403281697433350739e-01,-0.000000000000000000e+00,0.000000000000000000e+00,0.000000000000000000e+00,0.000000000000000000e+00,-0.000000000000000000e+00,-4.956357106907818832e-02,-1.597775980958822395e-01,0.000000000000000000e+00,-0.000000000000000000e+00,-0.000000000000000000e+00,0.000000000000000000e+00,-0.000000000000000000e+00,-0.000000000000000000e+00,-5.766168722546254344e-01,-0.000000000000000000e+00,-0.000000000000000000e+00,-0.000000000000000000e+00,2.675016460855291989e+00,-4.800524514066017434e-01,-1.439846491019252384e-01,6.978513874180632126e-02,-0.000000000000000000e+00,-0.000000000000000000e+00,-2.765517197299828256e-01,0.000000000000000000e+00,-0.000000000000000000e+00
0.000000000000000000e+00,-3.141775972378412773e-01,-0.000000000000000000e+00,-0.000000000000000000e+00,-0.000000000000000000e+00,-0.000000000000000000e+00,-0.000000000000000000e+00,0.000000000000000000e+00,-0.000000000000000000e+00,-0.000000000000000000e+00,-0.000000000000000000e+00,-0.000000000000000000e+00,0.000000000000000000e+00,-0.000000000000000000e+00,1.466294028756225665e-01,0.000000000000000000e+00,-0.000000000000000000e+00,-2.347811458088561523e-02,-6.351085792004938779e-02,-0.000000000000000000e+00,0.000000000000000000e+00,-3.567301240929093842e-02,-0.000000000000000000e+00,0.000000000000000000e+00,0.000000000000000000e+00,-0.000000000000000000e+00,-6.897130241844419141e-01,-0.000000000000000000e+00,-0.000000000000000000e+00,-0.000000000000000000e+00,-4.800524514066017434e-01,2.356235114632441174e+00,-0.000000000000000000e+00,8.820186041301443514e-02,-0.000000000000000000e+00,-0.000000000000000000e+00,-5.568069751716193672e-01,0.000000000000000000e+00,-0.000000000000000000e+00
0.000000000000000000e+00,6.249985462657132659e-03,-4.166678192999839249e-03,-0.000000000000000000e+00,-0.000000000000000000e+00,-0.000000000000000000e+00,-0.000000000000000000e+00,0.000000000000000000e+00,0.000000000000000000e+00,-0.000000000000000000e+00,-2.280314996633385771e-01,0.000000000000000000e+00,3.036019989531658636e-01,-1.412705735891910813e-02,0.000000000000000000e+00,0.000000000000000000e+00,-0.000000000000000000e+00,-1.486170672694853145e-01,-0.000000000000000000e+00,-9.169976366121231071e-02,-0.000000000000000000e+00,-0.000000000000000000e+00,-1.646385080456398697e-01,-0.000000000000000000e+00,-3.305888424644489593e-02,-0.000000000000000000e+00,-0.000000000000000000e+00,-4.110022375940507455e-01,-0.000000000000000000e+00,0.000000000000000000e+00,-1.439846491019252384e-01,-0.000000000000000000e+00,2.090527474784396933e+00,0.000000000000000000e+00,-2.123933115711265918e-01,-0.000000000000000000e+00,-3.133843244218694757e-01,-0.000000000000000000e+00,0.000000000000000000e+00
0.000000000000000000e+00,-0.000000000000000000e+00,0.000000000000000000e+00,4.847440657381898305e-02,-1.391359123945532239e-01,-0.000000000000000000e+00,0.000000000000000000e+00,0.000000000000000000e+00,-6.145535594562742121e-01,0.000000000000000000e+00,0.000000000000000000e+00,-0.000000000000000000e+00,-0.000000000000000000e+00,-0.000000000000000000e+00,-4.771976544091048600e-02,-0.000000000000000000e+00,0.000000000000000000e+00,0.000000000000000000e+00,-0.000000000000000000e+00,6.898701242438971537e-01,-0.000000000000000000e+00,0.000000000000000000e+00,-0.000000000000000000e+00,-0.000000000000000000e+00,-0.000000000000000000e+00,0.000000000000000000e+00,9.443521477986539098e-03,0.000000000000000000e+00,0.000000000000000000e+00,-0.000000000000000000e+00,6.978513874180632126e-02,8.820186041301443514e-02,0.000000000000000000e+00,1.759611093439416685e+00,6.688463837650210353e-02,-0.000000000000000000e+00,4.634902942074781151e-02,-0.000000000000000000e+00,-2.178982773799706396e-01
-0.000000000000000000e+00,0.000000000000000000e+00,-0.000000000000000000e+00,-0.000000000000000000e+00,-0.000000000000000000e+00,-0.000000000000000000e+00,-0.000000000000000000e+00,0.000000000000000000e+00,0.000000000000000000e+00,-1.095252730202714436e-01,-2.858649741472333791e-02,0.000000000000000000e+00,1.798833076727923974e-01,-1.042984258715680540e-01,0.000000000000000000e+00,-0.000000000000000000e+00,-0.000000000000000000e+00,-0.000000000000000000e+00,0.000000000000000000e+00,-0.000000000000000000e+00,-0.000000000000000000e+00,0.000000000000000000e+00,-9.746894016006069084e-02,0.000000000000000000e+00,-0.000000000000000000e+00,-3.721632260321692254e-01,-0.000000000000000000e+00,-1.099715240749643413e-01,-6.330752218520951935e-01,-0.000000000000000000e+00,-0.000000000000000000e+00,-0.000000000000000000e+00,-2.123933115711265918e-01,6.688463837650210353e-02,2.508950049848885477e+00,-0.000000000000000000e+00,-6.128469391351502038e-01,-0.000000000000000000e+00,1.331702902396623145e-01
-1.466077745492959557e-02,-2.176576920281227401e-01,0.000000000000000000e+00,0.000000000000000000e+00,-1.694594957025411519e-01,-1.288620540086150290e-01,0.000000000000000000e+00,0.000000000000000000e+00,-1.450657297627455933e-01,-9.676320808526564510e-02,-0.000000000000000000e+00,-0.000000000000000000e+00,0.000000000000000000e+00,-6.667099265668934016e-02,0.000000000000000000e+00,-2.317882810032550200e-01,-2.424415050035653718e-01,-0.000000000000000000e+00,-0.000000000000000000e+00,0.000000000000000000e+00,-0.000000000000000000e+00,0.000000000000000000e+00,-1.442471453175379059e-01,0.000000000000000000e+00,-1.254325061792009310e-01,-0.000000000000000000e+00,-0.000000000000000000e+00,0.000000000000000000e+00,-0.000000000000000000e+00,-1.332473854257716084e-01,-0.000000000000000000e+00,-0.000000000000000000e+00,-0.000000000000000000e+00,-0.000000000000000000e+00,-0.000000000000000000e+00,1.706099022773882590e+00,-0.000000000000000000e+00,-0.000000000000000000e+00,-0.000000000000000000e+00
-0.000000000000000000e+00,-0.000000000000000000e+00,-0.000000000000000000e+00,-0.000000000000000000e+00,-0.000000000000000000e+00,-0.000000000000000000e+00,-0.000000000000000000e+00,0.000000000000000000e+00,-0.000000000000000000e+00,-3.057615154831775373e-01,-2.925503053033753909e-01,0.000000000000000000e+00,8.225237648479379396e-03,-0.000000000000000000e+00,0.000000000000000000e+00,-0.000000000000000000e+00,-0.000000000000000000e+00,-7.273199515403053206e-02,-0.000000000000000000e+00,-0.000000000000000000e+00,-0.000000000000000000e+00,-0.000000000000000000e+00,-1.833747524531140760e-01,0.000000000000000000e+00,-0.000000000000000000e+00,-2.286283921480711245e-01,-4.221270960045639953e-01,-0.000000000000000000e+00,-0.000000000000000000e+00,-0.000000000000000000e+00,-2.765517197299828256e-01,-5.568069751716193672e-01,-3.133843244218694757e-01,4.634902942074781151e-02,-6.128469391351502038e-01,-0.000000000000000000e+00,3.032455727595976924e+00,0.000000000000000000e+00,0.000000000000000000e+00
-0.000000000000000000e+00,9.938165190267923832e-02,-0.000000000000000000e+00,0.000000000000000000e+00,-7.521887223342021978e-02,-0.000000000000000000e+00,0.000000000000000000e+00,0.000000000000000000e+00,-1.616255618102399871e-01,-0.000000000000000000e+00,-0.000000000000000000e+00,-0.000000000000000000e+00,-0.000000000000000000e+00,-1.560883245509565587e-01,-1.724670246604012025e-01,-0.000000000000000000e+00,-0.000000000000000000e+00,-0.000000000000000000e+00,-0.000000000000000000e+00,0.000000000000000000e+00,-0.000000000000000000e+00,4.350373465478121759e-02,-0.000000000000000000e+00,-8.014368757384993103e-02,-0.000000000000000000e+00,-0.000000000000000000e+00,0.000000000000000000e+00,-0.000000000000000000e+00,-1.035923717062381955e-01,-0.000000000000000000e+00,0.000000000000000000e+00,0.000000000000000000e+00,-0.000000000000000000e+00,-0.000000000000000000e+00,-0.000000000000000000e+00,-0.000000000000000000e+00,0.000000000000000000e+00,1.138371377330804624e+00,-0.000000000000000000e+00
1.384435354663685613e-01,-0.000000000000000000e+00,-0.000000000000000000e+00,0.000000000000000000e+00,-0.000000000000000000e+00,0.000000000000000000e+00,0.000000000000000000e+00,0.000000000000000000e+00,-1.903582173217160389e-01,0.000000000000000000e+00,3.631269253375356970e-02,-5.190423363425548109e-01,-0.000000000000000000e+00,-0.000000000000000000e+00,-0.000000000000000000e+00,0.000000000000000000e+00,0.000000000000000000e+00,0.000000000000000000e+00,-4.387305300429428789e-01,0.000000000000000000e+00,0.000000000000000000e+00,-0.000000000000000000e+00,0.000000000000000000e+00,-0.000000000000000000e+00,-0.000000000000000000e+00,0.000000000000000000e+00,-0.000000000000000000e+00,0.000000000000000000e+00,1.004924685713840804e-01,0.000000000000000000e+00,-0.000000000000000000e+00,-0.000000000000000000e+00,0.000000000000000000e+00,-2.178982773799706396e-01,1.331702902396623145e-01,-0.000000000000000000e+00,0.000000000000000000e+00,-0.000000000000000000e+00,1.531682242166986896e+00
