2.142115867133718599e+00,-1.946947193518655250e-01,-0.000000000000000000e+00,0.000000000000000000e+00,-2.754053465247193189e-01,-0.000000000000000000e+00,0.000000000000000000e+00,0.000000000000000000e+00,-8.010496677833116655e-03,-0.000000000000000000e+00,-1.957261875836931175e-02,-0.000000000000000000e+00,0.000000000000000000e+00,-3.447830623569744235e-01,0.000000000000000000e+00,-3.518211786663227314e-01,-0.000000000000000000e+00,-0.000000000000000000e+00,0.000000000000000000e+00,0.000000000000000000e+00,0.000000000000000000e+00,0.000000000000000000e+00,-0.000000000000000000e+00,-0.000000000000000000e+00,-0.000000000000000000e+00,-4.848702849555295846e-01,-2.897471468640126502e-01,-0.000000000000000000e+00,-1.456182159441840873e-01,-0.000000000000000000e+00,-4.244568087960250841e-02,-9.419374495217727739e-02,-0.000000000000000000e+00,-0.000000000000000000e+00,-0.000000000000000000e+00,-5.170605911113109431e-03,-5.600798525135275430e-02,-0.000000000000000000e+00,-0.000000000000000000e+00
-1.946947193518655250e-01,2.207755985093077911e+00,-0.000000000000000000e+00,-0.000000000000000000e+00,-0.000000000000000000e+00,-0.000000000000000000e+00,-0.000000000000000000e+00,0.000000000000000000e+00,0.000000000000000000e+00,-3.954141640137621150e-01,-2.822785062912943066e-01,1.105753220798877806e-01,-0.000000000000000000e+00,-0.000000000000000000e+00,0.000000000000000000e+00,-1.880336873226355621e-01,-0.000000000000000000e+00,0.000000000000000000e+00,0.000000000000000000e+00,0.000000000000000000e+00,-0.000000000000000000e+00,0.000000000000000000e+00,0.000000000000000000e+00,-0.000000000000000000e+00,-1.163832601271876099e-02,-0.000000000000000000e+00,-0.000000000000000000e+00,-0.000000000000000000e+00,-0.000000000000000000e+00,-0.000000000000000000e+00,-0.000000000000000000e+00,-2.999112512731323399e-01,-4.141670936415114274e-02,0.000000000000000000e+00,-0.000000000000000000e+00,-0.000000000000000000e+00,-7.187466147099940139e-01,0.000000000000000000e+00,-0.000000000000000000e+00
-0.000000000000000000e+00,-0.000000000000000000e+00,2.527522042117350765e+00,-0.000000000000000000e+00,-2.732169621646090563e-01,-0.000000000000000000e+00,0.000000000000000000e+00,1.147035240962863023e+00,-3.623545083233483538e-02,-0.000000000000000000e+00,-0.000000000000000000e+00,-0.000000000000000000e+00,1.643018956323921975e-01,-0.000000000000000000e+00,-0.000000000000000000e+00,-1.070617640117037250e-01,0.000000000000000000e+00,-0.000000000000000000e+00,0.000000000000000000e+00,-1.234003577577517802e-01,-0.000000000000000000e+00,-3.758556072200971987e-01,-0.000000000000000000e+00,-0.000000000000000000e+00,-0.000000000000000000e+00,-0.000000000000000000e+00,-6.427169077183565726e-02,-0.000000000000000000e+00,-0.000000000000000000e+00,-0.000000000000000000e+00,-0.000000000000000000e+00,-0.000000000000000000e+00,-5.902805320966358904e-01,-0.000000000000000000e+00,0.000000000000000000e+00,-3.867247672081963739e-02,-0.000000000000000000e+00,-0.000000000000000000e+00,-0.000000000000000000e+00
0.000000000000000000e+00,-0.000000000000000000e+00,-0.000000000000000000e+00,2.013555309786881686e+00,0.000000000000000000e+00,-8.099061646634506118e-02,-0.000000000000000000e+00,-0.000000000000000000e+00,0.000000000000000000e+00,0.000000000000000000e+00,-0.000000000000000000e+00,0.000000000000000000e+00,2.032231902475918339e-01,-0.000000000000000000e+00,0.000000000000000000e+00,-0.000000000000000000e+00,-0.000000000000000000e+00,-0.000000000000000000e+00,0.000000000000000000e+00,-7.802035827267597146e-01,0.000000000000000000e+00,-1.692006183155837507e-01,-0.000000000000000000e+00,-0.000000000000000000e+00,-1.338853311853504258e-01,0.000000000000000000e+00,0.000000000000000000e+00,6.969152350003143814e-01,-0.000000000000000000e+00,0.000000000000000000e+00,0.000000000000000000e+00,-0.000000000000000000e+00,-0.000000000000000000e+00,2.150279196140488791e-01,0.000000000000000000e+00,-0.000000000000000000e+00,0.000000000000000000e+00,0.000000000000000000e+00,9.590431889922156061e-02
-2.754053465247193189e-01,-0.000000000000000000e+00,-2.732169621646090563e-01,0.000000000000000000e+00,2.090440058323964401e+00,0.000000000000000000e+00,0.000000000000000000e+00,2.824320817689051633e-01,-6.773561681260534817e-01,-0.000000000000000000e+00,-0.000000000000000000e+00,-0.000000000000000000e+00,1.250567649181840053e-02,-0.000000000000000000e+00,-0.000000000000000000e+00,-0.000000000000000000e+00,0.000000000000000000e+00,-0.000000000000000000e+00,0.000000000000000000e+00,0.000000000000000000e+00,-0.000000000000000000e+00,0.000000000000000000e+00,-0.000000000000000000e+00,-0.000000000000000000e+00,-0.000000000000000000e+00,-0.000000000000000000e+00,-5.792087417638615288e-02,-8.773027213041854899e-02,-0.000000000000000000e+00,-1.062006568012486413e-01,-0.000000000000000000e+00,-0.000000000000000000e+00,-5.375235000366884036e-02,-1.557218983795472522e-01,0.000000000000000000e+00,-6.891253261441304678e-02,-0.000000000000000000e+00,-0.000000000000000000e+00,-1.098617384890530208e-01
-0.000000000000000000e+00,-0.000000000000000000e+00,-0.000000000000000000e+00,-8.099061646634506118e-02,0.000000000000000000e+00,2.803111779866339415e+00,-0.000000000000000000e+00,-0.000000000000000000e+00,0.000000000000000000e+00,-0.000000000000000000e+00,-3.542298973763046699e-01,1.964329363363152559e-01,-0.000000000000000000e+00,-0.000000000000000000e+00,4.460528543207017416e-01,-0.000000000000000000e+00,-5.051539631776380546e-01,3.204351788008620583e-02,3.815733338006448150e-02,-4.447082841366355871e-02,1.918812574715783315e-01,-0.000000000000000000e+00,0.000000000000000000e+00,-0.000000000000000000e+00,-1.447225294863332679e-01,0.000000000000000000e+00,0.000000000000000000e+00,0.000000000000000000e+00,-5.825113981330756197e-01,0.000000000000000000e+00,-0.000000000000000000e+00,-0.000000000000000000e+00,-0.000000000000000000e+00,2.262557787516091545e-01,-0.000000000000000000e+00,-2.677134109025539315e-03,-4.454942938502741701e-01,0.000000000000000000e+00,0.000000000000000000e+00
0.000000000000000000e+00,-0.000000000000000000e+00,0.000000000000000000e+00,-0.000000000000000000e+00,0.000000000000000000e+00,-0.000000000000000000e+00,1.979259999524875191e+00,-0.000000000000000000e+00,1.264609189557888147e-01,-0.000000000000000000e+00,-0.000000000000000000e+00,6.169096070827571054e-01,-1.563147664069265419e-01,0.000000000000000000e+00,0.000000000000000000e+00,0.000000000000000000e+00,-0.000000000000000000e+00,0.000000000000000000e+00,-0.000000000000000000e+00,-0.000000000000000000e+00,-0.000000000000000000e+00,-0.000000000000000000e+00,1.091089347572608836e-01,0.000000000000000000e+00,-0.000000000000000000e+00,0.000000000000000000e+00,9.679348283523069030e-02,0.000000000000000000e+00,-0.000000000000000000e+00,0.000000000000000000e+00,-0.000000000000000000e+00,0.000000000000000000e+00,0.000000000000000000e+00,1.666917418761963976e-01,-0.000000000000000000e+00,0.000000000000000000e+00,-0.000000000000000000e+00,4.378645158262687853e-01,1.016219665765390606e-01
0.000000000000000000e+00,0.000000000000000000e+00,1.147035240962863023e+00,-0.000000000000000000e+00,2.824320817689051633e-01,-0.000000000000000000e+00,-0.000000000000000000e+00,2.460348060037874429e+00,0.000000000000000000e+00,0.000000000000000000e+00,0.000000000000000000e+00,0.000000000000000000e+00,-0.000000000000000000e+00,0.000000000000000000e+00,0.000000000000000000e+00,0.000000000000000000e+00,-0.000000000000000000e+00,1.170453384257014728e-01,0.000000000000000000e+00,-0.000000000000000000e+00,2.421514980890322466e-01,0.000000000000000000e+00,0.000000000000000000e+00,0.000000000000000000e+00,0.000000000000000000e+00,3.032247252524239434e-01,0.000000000000000000e+00,4.079481671258619602e-01,-0.000000000000000000e+00,0.000000000000000000e+00,0.000000000000000000e+00,0.000000000000000000e+00,2.237837993156279598e-02,1.307608743883383884e-01,-0.000000000000000000e+00,0.000000000000000000e+00,-0.000000000000000000e+00,0.000000000000000000e+00,2.659525961479280564e-03
-8.010496677833116655e-03,0.000000000000000000e+00,-3.623545083233483538e-02,0.000000000000000000e+00,-6.773561681260534817e-01,0.000000000000000000e+00,1.264609189557888147e-01,0.000000000000000000e+00,2.563223827791329512e+00,-0.000000000000000000e+00,0.000000000000000000e+00,-2.777322262161702748e-01,6.718262639255499769e-02,-0.000000000000000000e+00,-1.532250304293684695e-01,-0.000000000000000000e+00,0.000000000000000000e+00,-0.000000000000000000e+00,-0.000000000000000000e+00,-0.000000000000000000e+00,-0.000000000000000000e+00,-0.000000000000000000e+00,-0.000000000000000000e+00,0.000000000000000000e+00,0.000000000000000000e+00,-1.095333175033634358e-02,-3.659813570953844575e-02,-0.000000000000000000e+00,0.000000000000000000e+00,-4.190486663815817248e-01,-0.000000000000000000e+00,-0.000000000000000000e+00,-0.000000000000000000e+00,-4.253235260643381532e-01,0.000000000000000000e+00,-5.110825600262081797e-02,0.000000000000000000e+00,-2.658258284492410750e-01,-1.988521626535003917e-01
-0.000000000000000000e+00,-3.954141640137621150e-01,-0.000000000000000000e+00,0.000000000000000000e+00,-0.000000000000000000e+00,-0.000000000000000000e+00,-0.000000000000000000e+00,0.000000000000000000e+00,-0.000000000000000000e+00,1.863297300766227238e+00,-0.000000000000000000e+00,0.000000000000000000e+00,-0.000000000000000000e+00,-0.000000000000000000e+00,0.000000000000000000e+00,-4.492378994018493832e-01,-0.000000000000000000e+00,0.000000000000000000e+00,-0.000000000000000000e+00,0.000000000000000000e+00,-0.000000000000000000e+00,-0.000000000000000000e+00,-0.000000000000000000e+00,-0.000000000000000000e+00,-2.340415226876009780e-01,-0.000000000000000000e+00,-0.000000000000000000e+00,-1.329160031727892877e-01,-0.000000000000000000e+00,-9.739807590626310685e-02,-1.038168815441438825e-01,-9.413429477374436749e-02,-2.139750423084302855e-01,0.000000000000000000e+00,-0.000000000000000000e+00,-0.000000000000000000e+00,-5.395912286454629392e-02,0.000000000000000000e+00,-7.595419975384225253e-02
-1.957261875836931175e-02,-2.822785062912943066e-01,-0.000000000000000000e+00,-0.000000000000000000e+00,-0.000000000000000000e+00,-3.542298973763046699e-01,-0.000000000000000000e+00,0.000000000000000000e+00,0.000000000000000000e+00,-0.000000000000000000e+00,2.035648775900025242e+00,0.000000000000000000e+00,-0.000000000000000000e+00,-0.000000000000000000e+00,8.836866160455476849e-02,-0.000000000000000000e+00,-1.064069042849928731e-01,0.000000000000000000e+00,0.000000000000000000e+00,0.000000000000000000e+00,-0.000000000000000000e+00,0.000000000000000000e+00,8.265064553522867216e-03,0.000000000000000000e+00,-0.000000000000000000e+00,-0.000000000000000000e+00,-0.000000000000000000e+00,-3.059735084827887308e-02,-0.000000000000000000e+00,-0.000000000000000000e+00,-1.808769531802308927e-01,-0.000000000000000000e+00,-7.403493457023241353e-01,0.000000000000000000e+00,-0.000000000000000000e+00,-0.000000000000000000e+00,-2.757054999385889493e-01,0.000000000000000000e+00,-0.000000000000000000e+00
-0.000000000000000000e+00,1.105753220798877806e-01,-0.000000000000000000e+00,0.000000000000000000e+00,-0.000000000000000000e+00,1.964329363363152559e-01,6.169096070827571054e-01,0.000000000000000000e+00,-2.777322262161702748e-01,0.000000000000000000e+00,0.000000000000000000e+00,3.279297424061201838e+00,0.000000000000000000e+00,0.000000000000000000e+00,-7.758747548486860657e-01,0.000000000000000000e+00,0.000000000000000000e+00,-1.274070643881550224e-01,-0.000000000000000000e+00,-0.000000000000000000e+00,-0.000000000000000000e+00,-0.000000000000000000e+00,-0.000000000000000000e+00,-0.000000000000000000e+00,0.000000000000000000e+00,-0.000000000000000000e+00,-0.000000000000000000e+00,-0.000000000000000000e+00,0.000000000000000000e+00,-0.000000000000000000e+00,0.000000000000000000e+00,0.000000000000000000e+00,0.000000000000000000e+00,-5.288019851051994902e-01,3.596397334039413973e-01,-0.000000000000000000e+00,3.222657915138097112e-03,-3.254940519855730741e-01,-3.595927162965065760e-01
0.000000000000000000e+00,-0.000000000000000000e+00,1.643018956323921975e-01,2.032231902475918339e-01,1.250567649181840053e-02,-0.000000000000000000e+00,-1.563147664069265419e-01,-0.000000000000000000e+00,6.718262639255499769e-02,-0.000000000000000000e+00,-0.000000000000000000e+00,0.000000000000000000e+00,1.418474097833862801e+00,0.000000000000000000e+00,0.000000000000000000e+00,0.000000000000000000e+00,-0.000000000000000000e+00,2.122044147607110576e-01,-0.000000000000000000e+00,2.077698659402301418e-01,-4.079992258793041851e-03,0.000000000000000000e+00,0.000000000000000000e+00,9.161482527474357207e-02,0.000000000000000000e+00,0.000000000000000000e+00,0.000000000000000000e+00,-0.000000000000000000e+00,0.000000000000000000e+00,0.000000000000000000e+00,-0.000000000000000000e+00,0.000000000000000000e+00,-0.000000000000000000e+00,0.000000000000000000e+00,-0.000000000000000000e+00,9.212837458691612580e-02,-0.000000000000000000e+00,2.737853998989104864e-01,0.000000000000000000e+00
-3.447830623569744235e-01,-0.000000000000000000e+00,-0.000000000000000000e+00,-0.000000000000000000e+00,-0.000000000000000000e+00,-0.000000000000000000e+00,0.000000000000000000e+00,0.000000000000000000e+00,-0.000000000000000000e+00,-0.000000000000000000e+00,-0.000000000000000000e+00,0.000000000000000000e+00,0.000000000000000000e+00,2.501690785478933865e+00,0.000000000000000000e+00,-3.625919357248753860e-02,-1.801695805124942373e-01,0.000000000000000000e+00,3.014581543281420056e-02,-0.000000000000000000e+00,1.883010369986236679e-02,5.074366566514986604e-02,-0.000000000000000000e+00,-4.333294185476547766e-01,-1.356633323756594421e-02,-1.142906528751089501e-01,-0.000000000000000000e+00,-0.000000000000000000e+00,-4.660452948011720720e-01,0.000000000000000000e+00,-0.000000000000000000e+00,-4.049110465931906044e-01,-0.000000000000000000e+00,-0.000000000000000000e+00,-0.000000000000000000e+00,-3.601161858880811972e-01,-4.396849070235107071e-01,-0.000000000000000000e+00,0.000000000000000000e+00
0.000000000000000000e+00,0.000000000000000000e+00,-0.000000000000000000e+00,0.000000000000000000e+00,-0.000000000000000000e+00,4.460528543207017416e-01,0.000000000000000000e+00,0.000000000000000000e+00,-1.532250304293684695e-01,0.000000000000000000e+00,8.836866160455476849e-02,-7.758747548486860657e-01,0.000000000000000000e+00,0.000000000000000000e+00,3.198480291506633488e+00,-0.000000000000000000e+00,0.000000000000000000e+00,-4.357588745324534468e-02,-0.000000000000000000e+00,0.000000000000000000e+00,-0.000000000000000000e+00,-0.000000000000000000e+00,-2.047129146803571276e-01,-0.000000000000000000e+00,0.000000000000000000e+00,-0.000000000000000000e+00,-0.000000000000000000e+00,-0.000000000000000000e+00,2.137550866764210133e-01,-0.000000000000000000e+00,0.000000000000000000e+00,0.000000000000000000e+00,0.000000000000000000e+00,-9.798176988533292553e-01,1.943055989241094794e-01,-0.000000000000000000e+00,0.000000000000000000e+00,-4.282746176198612975e-01,-0.000000000000000000e+00
-3.518211786663227314e-01,-1.880336873226355621e-01,-1.070617640117037250e-01,-0.000000000000000000e+00,-0.000000000000000000e+00,-0.000000000000000000e+00,0.000000000000000000e+00,0.000000000000000000e+00,-0.000000000000000000e+00,-4.492378994018493832e-01,-0.000000000000000000e+00,0.000000000000000000e+00,0.000000000000000000e+00,-3.625919357248753860e-02,-0.000000000000000000e+00,2.276339357158991383e+00,-0.000000000000000000e+00,0.000000000000000000e+00,-0.000000000000000000e+00,-0.000000000000000000e+00,-0.000000000000000000e+00,-0.000000000000000000e+00,-9.051145003852101301e-02,-0.000000000000000000e+00,-3.622181531528082532e-01,-1.943438018163745340e-01,-0.000000000000000000e+00,-0.000000000000000000e+00,-0.000000000000000000e+00,-4.081247548171242356e-01,-0.000000000000000000e+00,-2.121063226667490864e-01,-7.239741844505405768e-03,-0.000000000000000000e+00,-0.000000000000000000e+00,-1.544935372713570065e-01,-0.000000000000000000e+00,-0.000000000000000000e+00,-0.000000000000000000e+00
-0.000000000000000000e+00,-0.000000000000000000e+00,0.000000000000000000e+00,-0.000000000000000000e+00,0.000000000000000000e+00,-5.051539631776380546e-01,-0.000000000000000000e+00,-0.000000000000000000e+00,0.000000000000000000e+00,-0.000000000000000000e+00,-1.064069042849928731e-01,0.000000000000000000e+00,-0.000000000000000000e+00,-1.801695805124942373e-01,0.000000000000000000e+00,-0.000000000000000000e+00,1.863125181041838552e+00,1.370852752808844888e-01,7.431626206826237591e-02,-0.000000000000000000e+00,1.570384998791694020e-01,0.000000000000000000e+00,-0.000000000000000000e+00,-0.000000000000000000e+00,-0.000000000000000000e+00,0.000000000000000000e+00,-0.000000000000000000e+00,-0.000000000000000000e+00,-0.000000000000000000e+00,0.000000000000000000e+00,-1.241920809328372344e-01,-0.000000000000000000e+00,-0.000000000000000000e+00,0.000000000000000000e+00,-3.507056679376701624e-01,-0.000000000000000000e+00,-1.703562691616495595e-01,0.000000000000000000e+00,0.000000000000000000e+00
-0.000000000000000000e+00,0.000000000000000000e+00,-0.000000000000000000e+00,-0.000000000000000000e+00,-0.000000000000000000e+00,3.204351788008620583e-02,0.000000000000000000e+00,1.170453384257014728e-01,-0.000000000000000000e+00,0.000000000000000000e+00,0.000000000000000000e+00,-1.274070643881550224e-01,2.122044147607110576e-01,0.000000000000000000e+00,-4.357588745324534468e-02,0.000000000000000000e+00,1.370852752808844888e-01,1.386590943177652857e+00,-2.043532603202389553e-01,0.000000000000000000e+00,-1.108873368638604584e-01,-0.000000000000000000e+00,0.000000000000000000e+00,0.000000000000000000e+00,0.000000000000000000e+00,-0.000000000000000000e+00,-0.000000000000000000e+00,-0.000000000000000000e+00,0.000000000000000000e+00,-0.000000000000000000e+00,0.000000000000000000e+00,0.000000000000000000e+00,0.000000000000000000e+00,-0.000000000000000000e+00,0.000000000000000000e+00,0.000000000000000000e+00,2.014123935544582800e-01,-7.563690764308432513e-02,-0.000000000000000000e+00
0.000000000000000000e+00,0.000000000000000000e+00,0.000000000000000000e+00,0.000000000000000000e+00,0.000000000000000000e+00,3.815733338006448150e-02,-0.000000000000000000e+00,0.000000000000000000e+00,-0.000000000000000000e+00,-0.000000000000000000e+00,0.000000000000000000e+00,-0.000000000000000000e+00,-0.000000000000000000e+00,3.014581543281420056e-02,-0.000000000000000000e+00,-0.000000000000000000e+00,7.431626206826237591e-02,-2.043532603202389553e-01,1.251847782873638071e+00,0.000000000000000000e+00,-2.013658537534430137e-01,-0.000000000000000000e+00,0.000000000000000000e+00,0.000000000000000000e+00,0.000000000000000000e+00,0.000000000000000000e+00,0.000000000000000000e+00,-0.000000000000000000e+00,0.000000000000000000e+00,-6.513549173071593590e-02,0.000000000000000000e+00,4.145350675457822043e-02,0.000000000000000000e+00,-0.000000000000000000e+00,0.000000000000000000e+00,2.324387670196313010e-02,2.790693016326949161e-02,0.000000000000000000e+00,-1.870577347906068333e-01
0.000000000000000000e+00,0.000000000000000000e+00,-1.234003577577517802e-01,-7.802035827267597146e-01,0.000000000000000000e+00,-4.447082841366355871e-02,-0.000000000000000000e+00,-0.000000000000000000e+00,-0.000000000000000000e+00,0.000000000000000000e+00,0.000000000000000000e+00,-0.000000000000000000e+00,2.077698659402301418e-01,-0.000000000000000000e+00,0.000000000000000000e+00,-0.000000000000000000e+00,-0.000000000000000000e+00,0.000000000000000000e+00,0.000000000000000000e+00,2.183189796629014801e+00,3.111254925955320716e-01,-5.628719275150406709e-01,-2.562182290276594950e-03,-0.000000000000000000e+00,-3.224132054917836498e-01,0.000000000000000000e+00,-0.000000000000000000e+00,0.000000000000000000e+00,-0.000000000000000000e+00,0.000000000000000000e+00,0.000000000000000000e+00,-0.000000000000000000e+00,-0.000000000000000000e+00,0.000000000000000000e+00,0.000000000000000000e+00,-3.092537863528624364e-01,0.000000000000000000e+00,-0.000000000000000000e+00,0.000000000000000000e+00
0.000000000000000000e+00,-0.000000000000000000e+00,-0.000000000000000000e+00,0.000000000000000000e+00,-0.000000000000000000e+00,1.918812574715783315e-01,-0.000000000000000000e+00,2.421514980890322466e-01,-0.000000000000000000e+00,-0.000000000000000000e+00,-0.000000000000000000e+00,-0.000000000000000000e+00,-4.079992258793041851e-03,1.883010369986236679e-02,-0.000000000000000000e+00,-0.000000000000000000e+00,1.570384998791694020e-01,-1.108873368638604584e-01,-2.013658537534430137e-01,3.111254925955320716e-01,1.798110195604385453e+00,-0.000000000000000000e+00,0.000000000000000000e+00,0.000000000000000000e+00,0.000000000000000000e+00,-0.000000000000000000e+00,-0.000000000000000000e+00,-2.359914891987230645e-01,6.935396301212005954e-02,-3.631608163807743817e-02,-0.000000000000000000e+00,0.000000000000000000e+00,-0.000000000000000000e+00,-0.000000000000000000e+00,0.000000000000000000e+00,3.851405935969228200e-01,0.000000000000000000e+00,0.000000000000000000e+00,-2.444740178723737445e-01
0.000000000000000000e+00,0.000000000000000000e+00,-3.758556072200971987e-01,-1.692006183155837507e-01,0.000000000000000000e+00,-0.000000000000000000e+00,-0.000000000000000000e+00,0.000000000000000000e+00,-0.000000000000000000e+00,-0.000000000000000000e+00,0.000000000000000000e+00,-0.000000000000000000e+00,0.000000000000000000e+00,5.074366566514986604e-02,-0.000000000000000000e+00,-0.000000000000000000e+00,0.000000000000000000e+00,-0.000000000000000000e+00,-0.000000000000000000e+00,-5.628719275150406709e-01,-0.000000000000000000e+00,1.509096190345226685e+00,-0.000000000000000000e+00,0.000000000000000000e+00,-0.000000000000000000e+00,0.000000000000000000e+00,-0.000000000000000000e+00,0.000000000000000000e+00,0.000000000000000000e+00,-0.000000000000000000e+00,0.000000000000000000e+00,0.000000000000000000e+00,-0.000000000000000000e+00,-0.000000000000000000e+00,3.514540496211954190e-01,-0.000000000000000000e+00,5.191972948249850422e-02,0.000000000000000000e+00,-0.000000000000000000e+00
-0.000000000000000000e+00,0.000000000000000000e+00,-0.000000000000000000e+00,-0.000000000000000000e+00,-0.000000000000000000e+00,0.000000000000000000e+00,1.091089347572608836e-01,0.000000000000000000e+00,-0.000000000000000000e+00,-0.000000000000000000e+00,8.265064553522867216e-03,-0.000000000000000000e+00,0.000000000000000000e+00,-0.000000000000000000e+00,-2.047129146803571276e-01,-9.051145003852101301e-02,-0.000000000000000000e+00,0.000000000000000000e+00,0.000000000000000000e+00,-2.562182290276594950e-03,0.000000000000000000e+00,-0.000000000000000000e+00,1.500445922897733375e+00,-6.366934452029769931e-01,-9.667838077041367162e-02,-0.000000000000000000e+00,-6.768795588840438582e-02,-0.000000000000000000e+00,0.000000000000000000e+00,-0.000000000000000000e+00,-0.000000000000000000e+00,-0.000000000000000000e+00,-0.000000000000000000e+00,-0.000000000000000000e+00,1.431614728597989106e-01,-0.000000000000000000e+00,0.000000000000000000e+00,-4.030540951364403046e-03,-0.000000000000000000e+00
-0.000000000000000000e+00,-0.000000000000000000e+00,-0.000000000000000000e+00,-0.000000000000000000e+00,-0.000000000000000000e+00,-0.000000000000000000e+00,0.000000000000000000e+00,0.000000000000000000e+00,0.000000000000000000e+00,-0.000000000000000000e+00,0.000000000000000000e+00,-0.000000000000000000e+00,9.161482527474357207e-02,-4.333294185476547766e-01,-0.000000000000000000e+00,-0.000000000000000000e+00,-0.000000000000000000e+00,0.000000000000000000e+00,0.000000000000000000e+00,-0.000000000000000000e+00,0.000000000000000000e+00,0.000000000000000000e+00,-6.366934452029769931e-01,2.027078213449747590e+00,-3.971257434891740101e-01,-1.197379037838231519e-01,-4.817972275161092055e-02,-0.000000000000000000e+00,-0.000000000000000000e+00,0.000000000000000000e+00,-0.000000000000000000e+00,-3.365605588990531749e-01,-0.000000000000000000e+00,-0.000000000000000000e+00,0.000000000000000000e+00,-0.000000000000000000e+00,-0.000000000000000000e+00,-0.000000000000000000e+00,-0.000000000000000000e+00
-0.000000000000000000e+00,-1.163832601271876099e-02,-0.000000000000000000e+00,-1.338853311853504258e-01,-0.000000000000000000e+00,-1.447225294863332679e-01,-0.000000000000000000e+00,0.000000000000000000e+00,0.000000000000000000e+00,-2.340415226876009780e-01,-0.000000000000000000e+00,0.000000000000000000e+00,0.000000000000000000e+00,-1.356633323756594421e-02,0.000000000000000000e+00,-3.622181531528082532e-01,-0.000000000000000000e+00,0.000000000000000000e+00,0.000000000000000000e+00,-3.224132054917836498e-01,0.000000000000000000e+00,-0.000000000000000000e+00,-9.667838077041367162e-02,-3.971257434891740101e-01,2.089952398303696501e+00,-0.000000000000000000e+00,-0.000000000000000000e+00,0.000000000000000000e+00,-1.956746492099732670e-01,-0.000000000000000000e+00,-0.000000000000000000e+00,-3.496425650924094852e-01,-8.060302546582910621e-02,0.000000000000000000e+00,-0.000000000000000000e+00,-0.000000000000000000e+00,-0.000000000000000000e+00,-0.000000000000000000e+00,0.000000000000000000e+00
-4.848702849555295846e-01,-0.000000000000000000e+00,-0.000000000000000000e+00,0.000000000000000000e+00,-0.000000000000000000e+00,0.000000000000000000e+00,0.000000000000000000e+00,3.032247252524239434e-01,-1.095333175033634358e-02,-0.000000000000000000e+00,-0.000000000000000000e+00,-0.000000000000000000e+00,0.000000000000000000e+00,-1.142906528751089501e-01,-0.000000000000000000e+00,-1.943438018163745340e-01,0.000000000000000000e+00,-0.000000000000000000e+00,0.000000000000000000e+00,0.000000000000000000e+00,-0.000000000000000000e+00,0.000000000000000000e+00,-0.000000000000000000e+00,-1.197379037838231519e-01,-0.000000000000000000e+00,2.189548848653474433e+00,-2.196303050858109673e-01,-4.902875976334640229e-01,-0.000000000000000000e+00,-2.177857878712772394e-02,-0.000000000000000000e+00,-0.000000000000000000e+00,-0.000000000000000000e+00,-0.000000000000000000e+00,-0.000000000000000000e+00,-0.000000000000000000e+00,-0.000000000000000000e+00,-3.672015129978004611e-01,-8.978565372502336772e-02
-2.897471468640126502e-01,-0.000000000000000000e+00,-6.427169077183565726e-02,0.000000000000000000e+00,-5.792087417638615288e-02,0.000000000000000000e+00,9.679348283523069030e-02,0.000000000000000000e+00,-3.659813570953844575e-02,-0.000000000000000000e+00,-0.000000000000000000e+00,-0.000000000000000000e+00,0.000000000000000000e+00,-0.000000000000000000e+00,-0.000000000000000000e+00,-0.000000000000000000e+00,-0.000000000000000000e+00,-0.000000000000000000e+00,0.000000000000000000e+00,-0.000000000000000000e+00,-0.000000000000000000e+00,-0.000000000000000000e+00,-6.768795588840438582e-02,-4.817972275161092055e-02,-0.000000000000000000e+00,-2.196303050858109673e-01,2.037832102938919476e+00,-0.000000000000000000e+00,-0.000000000000000000e+00,-0.000000000000000000e+00,-4.917197564004827104e-01,-2.887803014084328046e-01,-0.000000000000000000e+00,-0.000000000000000000e+00,0.000000000000000000e+00,-1.636421108609464187e-02,-0.000000000000000000e+00,-3.533477835364584596e-01,-2.207862887115170647e-01
-0.000000000000000000e+00,-0.000000000000000000e+00,-0.000000000000000000e+00,6.969152350003143814e-01,-8.773027213041854899e-02,0.000000000000000000e+00,0.000000000000000000e+00,4.079481671258619602e-01,-0.000000000000000000e+00,-1.329160031727892877e-01,-3.059735084827887308e-02,-0.000000000000000000e+00,-0.000000000000000000e+00,-0.000000000000000000e+00,-0.000000000000000000e+00,-0.000000000000000000e+00,-0.000000000000000000e+00,-0.000000000000000000e+00,-0.000000000000000000e+00,0.000000000000000000e+00,-2.359914891987230645e-01,0.000000000000000000e+00,-0.000000000000000000e+00,-0.000000000000000000e+00,0.000000000000000000e+00,-4.902875976334640229e-01,-0.000000000000000000e+00,2.055847439928677911e+00,0.000000000000000000e+00,-2.582360312039380310e-02,-0.000000000000000000e+00,-0.000000000000000000e+00,-1.011802766215730842e-01,-3.044767994229879982e-02,-0.000000000000000000e+00,0.000000000000000000e+00,-0.000000000000000000e+00,-0.000000000000000000e+00,-1.297499637861335431e-01
-1.456182159441840873e-01,-0.000000000000000000e+00,-0.000000000000000000e+00,-0.000000000000000000e+00,-0.000000000000000000e+00,-5.825113981330756197e-01,-0.000000000000000000e+00,-0.000000000000000000e+00,0.000000000000000000e+00,-0.000000000000000000e+00,-0.000000000000000000e+00,0.000000000000000000e+00,0.000000000000000000e+00,-4.660452948011720720e-01,2.137550866764210133e-01,-0.000000000000000000e+00,-0.000000000000000000e+00,0.000000000000000000e+00,0.000000000000000000e+00,-0.000000000000000000e+00,6.935396301212005954e-02,0.000000000000000000e+00,0.000000000000000000e+00,-0.000000000000000000e+00,-1.956746492099732670e-01,-0.000000000000000000e+00,-0.000000000000000000e+00,0.000000000000000000e+00,2.663965443407648515e+00,0.000000000000000000e+00,-0.000000000000000000e+00,-0.000000000000000000e+00,-0.000000000000000000e+00,8.337250799917581001e-02,-8.483864505434374204e-01,-0.000000000000000000e+00,-2.729109103026011174e-01,0.000000000000000000e+00,0.000000000000000000e+00
-0.000000000000000000e+00,-0.000000000000000000e+00,-0.000000000000000000e+00,0.000000000000000000e+00,-1.062006568012486413e-01,0.000000000000000000e+00,0.000000000000000000e+00,0.000000000000000000e+00,-4.190486663815817248e-01,-9.739807590626310685e-02,-0.000000000000000000e+00,-0.000000000000000000e+00,0.000000000000000000e+00,0.000000000000000000e+00,-0.000000000000000000e+00,-4.081247548171242356e-01,0.000000000000000000e+00,-0.000000000000000000e+00,-6.513549173071593590e-02,0.000000000000000000e+00,-3.631608163807743817e-02,-0.000000000000000000e+00,-0.000000000000000000e+00,0.000000000000000000e+00,-0.000000000000000000e+00,-2.177857878712772394e-02,-0.000000000000000000e+00,-2.582360312039380310e-02,0.000000000000000000e+00,1.705137894599640713e+00,-0.000000000000000000e+00,-0.000000000000000000e+00,-0.000000000000000000e+00,-0.000000000000000000e+00,0.000000000000000000e+00,-0.000000000000000000e+00,0.000000000000000000e+00,-0.000000000000000000e+00,-3.855339963884373278e-01
-4.244568087960250841e-02,-0.000000000000000000e+00,-0.000000000000000000e+00,0.000000000000000000e+00,-0.000000000000000000e+00,-0.000000000000000000e+00,-0.000000000000000000e+00,0.000000000000000000e+00,-0.000000000000000000e+00,-1.038168815441438825e-01,-1.808769531802308927e-01,0.000000000000000000e+00,-0.000000000000000000e+00,-0.000000000000000000e+00,0.000000000000000000e+00,-0.000000000000000000e+00,-1.241920809328372344e-01,0.000000000000000000e+00,0.000000000000000000e+00,0.000000000000000000e+00,-0.000000000000000000e+00,0.000000000000000000e+00,-0.000000000000000000e+00,-0.000000000000000000e+00,-0.000000000000000000e+00,-0.000000000000000000e+00,-4.917197564004827104e-01,-0.000000000000000000e+00,-0.000000000000000000e+00,-0.000000000000000000e+00,1.612464038787483567e+00,-3.009277588226559885e-01,-5.269153613581844392e-02,0.000000000000000000e+00,-2.558508712232691884e-02,-0.000000000000000000e+00,-8.371069608025630271e-02,0.000000000000000000e+00,-0.000000000000000000e+00
-9.419374495217727739e-02,-2.999112512731323399e-01,-0.000000000000000000e+00,-0.000000000000000000e+00,-0.000000000000000000e+00,-0.000000000000000000e+00,0.000000000000000000e+00,0.000000000000000000e+00,-0.000000000000000000e+00,-9.413429477374436749e-02,-0.000000000000000000e+00,0.000000000000000000e+00,0.000000000000000000e+00,-4.049110465931906044e-01,0.000000000000000000e+00,-2.121063226667490864e-01,-0.000000000000000000e+00,0.000000000000000000e+00,4.145350675457822043e-02,-0.000000000000000000e+00,0.000000000000000000e+00,0.000000000000000000e+00,-0.000000000000000000e+00,-3.365605588990531749e-01,-3.496425650924094852e-01,-0.000000000000000000e+00,-2.887803014084328046e-01,-0.000000000000000000e+00,-0.000000000000000000e+00,-0.000000000000000000e+00,-3.009277588226559885e-01,2.587811872281232883e+00,-1.744537196773351395e-01,-0.000000000000000000e+00,-0.000000000000000000e+00,-1.415397940067042726e-01,-2.312399017895166164e-01,-0.000000000000000000e+00,-0.000000000000000000e+00
-0.000000000000000000e+00,-4.141670936415114274e-02,-5.902805320966358904e-01,-0.000000000000000000e+00,-5.375235000366884036e-02,-0.000000000000000000e+00,0.000000000000000000e+00,2.237837993156279598e-02,-0.000000000000000000e+00,-2.139750423084302855e-01,-7.403493457023241353e-01,0.000000000000000000e+00,-0.000000000000000000e+00,-0.000000000000000000e+00,0.000000000000000000e+00,-7.239741844505405768e-03,-0.000000000000000000e+00,0.000000000000000000e+00,0.000000000000000000e+00,-0.000000000000000000e+00,-0.000000000000000000e+00,-0.000000000000000000e+00,-0.000000000000000000e+00,-0.000000000000000000e+00,-8.060302546582910621e-02,-0.000000000000000000e+00,-0.000000000000000000e+00,-1.011802766215730842e-01,-0.000000000000000000e+00,-0.000000000000000000e+00,-5.269153613581844392e-02,-1.744537196773351395e-01,2.029333938127444448e+00,-0.000000000000000000e+00,-0.000000000000000000e+00,-0.000000000000000000e+00,-0.000000000000000000e+00,-0.000000000000000000e+00,-0.000000000000000000e+00
-0.000000000000000000e+00,0.000000000000000000e+00,-0.000000000000000000e+00,2.150279196140488791e-01,-1.557218983795472522e-01,2.262557787516091545e-01,1.666917418761963976e-01,1.307608743883383884e-01,-4.253235260643381532e-01,0.000000000000000000e+00,0.000000000000000000e+00,-5.288019851051994902e-01,0.000000000000000000e+00,-0.000000000000000000e+00,-9.798176988533292553e-01,-0.000000000000000000e+00,0.000000000000000000e+00,-0.000000000000000000e+00,-0.000000000000000000e+00,0.000000000000000000e+00,-0.000000000000000000e+00,-0.000000000000000000e+00,-0.000000000000000000e+00,-0.000000000000000000e+00,0.000000000000000000e+00,-0.000000000000000000e+00,-0.000000000000000000e+00,-3.044767994229879982e-02,8.337250799917581001e-02,-0.000000000000000000e+00,0.000000000000000000e+00,-0.000000000000000000e+00,-0.000000000000000000e+00,3.230706694509670296e+00,2.163518392708713850e-02,-0.000000000000000000e+00,0.000000000000000000e+00,-2.800794236367200596e-01,-3.519129080614869509e-01
-0.000000000000000000e+00,-0.000000000000000000e+00,0.000000000000000000e+00,0.000000000000000000e+00,0.000000000000000000e+00,-0.000000000000000000e+00,-0.000000000000000000e+00,-0.000000000000000000e+00,0.000000000000000000e+00,-0.000000000000000000e+00,-0.000000000000000000e+00,3.596397334039413973e-01,-0.000000000000000000e+00,-0.000000000000000000e+00,1.943055989241094794e-01,-0.000000000000000000e+00,-3.507056679376701624e-01,0.000000000000000000e+00,0.000000000000000000e+00,0.000000000000000000e+00,0.000000000000000000e+00,3.514540496211954190e-01,1.431614728597989106e-01,0.000000000000000000e+00,-0.000000000000000000e+00,-0.000000000000000000e+00,0.000000000000000000e+00,-0.000000000000000000e+00,-8.483864505434374204e-01,0.000000000000000000e+00,-2.558508712232691884e-02,-0.000000000000000000e+00,-0.000000000000000000e+00,2.163518392708713850e-02,2.421848816145262706e+00,0.000000000000000000e+00,-4.729952364777139096e-01,0.000000000000000000e+00,0.000000000000000000e+00
-5.170605911113109431e-03,-0.000000000000000000e+00,-3.867247672081963739e-02,-0.000000000000000000e+00,-6.891253261441304678e-02,-2.677134109025539315e-03,0.000000000000000000e+00,0.000000000000000000e+00,-5.110825600262081797e-02,-0.000000000000000000e+00,-0.000000000000000000e+00,-0.000000000000000000e+00,9.212837458691612580e-02,-3.601161858880811972e-01,-0.000000000000000000e+00,-1.544935372713570065e-01,-0.000000000000000000e+00,0.000000000000000000e+00,2.324387670196313010e-02,-3.092537863528624364e-01,3.851405935969228200e-01,-0.000000000000000000e+00,-0.000000000000000000e+00,-0.000000000000000000e+00,-0.000000000000000000e+00,-0.000000000000000000e+00,-1.636421108609464187e-02,0.000000000000000000e+00,-0.000000000000000000e+00,-0.000000000000000000e+00,-0.000000000000000000e+00,-1.415397940067042726e-01,-0.000000000000000000e+00,-0.000000000000000000e+00,0.000000000000000000e+00,1.612051115833838200e+00,-0.000000000000000000e+00,-0.000000000000000000e+00,0.000000000000000000e+00
-5.600798525135275430e-02,-7.187466147099940139e-01,-0.000000000000000000e+00,0.000000000000000000e+00,-0.000000000000000000e+00,-4.454942938502741701e-01,-0.000000000000000000e+00,-0.000000000000000000e+00,0.000000000000000000e+00,-5.395912286454629392e-02,-2.757054999385889493e-01,3.222657915138097112e-03,-0.000000000000000000e+00,-4.396849070235107071e-01,0.000000000000000000e+00,-0.000000000000000000e+00,-1.703562691616495595e-01,2.014123935544582800e-01,2.790693016326949161e-02,0.000000000000000000e+00,0.000000000000000000e+00,5.191972948249850422e-02,0.000000000000000000e+00,-0.000000000000000000e+00,-0.000000000000000000e+00,-0.000000000000000000e+00,-0.000000000000000000e+00,-0.000000000000000000e+00,-2.729109103026011174e-01,0.000000000000000000e+00,-8.371069608025630271e-02,-2.312399017895166164e-01,-0.000000000000000000e+00,0.000000000000000000e+00,-4.729952364777139096e-01,-0.000000000000000000e+00,2.969370472604870415e+00,0.000000000000000000e+00,0.000000000000000000e+00
-0.000000000000000000e+00,0.000000000000000000e+00,-0.000000000000000000e+00,0.000000000000000000e+00,-0.000000000000000000e+00,0.000000000000000000e+00,4.378645158262687853e-01,0.000000000000000000e+00,-2.658258284492410750e-01,0.000000000000000000e+00,0.000000000000000000e+00,-3.254940519855730741e-01,2.737853998989104864e-01,-0.000000000000000000e+00,-4.282746176198612975e-01,-0.000000000000000000e+00,0.000000000000000000e+00,-7.563690764308432513e-02,0.000000000000000000e+00,-0.000000000000000000e+00,0.000000000000000000e+00,0.000000000000000000e+00,-4.030540951364403046e-03,-0.000000000000000000e+00,-0.000000000000000000e+00,-3.672015129978004611e-01,-3.533477835364584596e-01,-0.000000000000000000e+00,0.000000000000000000e+00,-0.000000000000000000e+00,0.000000000000000000e+00,-0.000000000000000000e+00,-0.000000000000000000e+00,-2.800794236367200596e-01,0.000000000000000000e+00,-0.000000000000000000e+00,0.000000000000000000e+00,2.539316940551663127e+00,-0.000000000000000000e+00
-0.000000000000000000e+00,-0.000000000000000000e+00,-0.000000000000000000e+00,9.590431889922156061e-02,-1.098617384890530208e-01,0.000000000000000000e+00,1.016219665765390606e-01,2.659525961479280564e-03,-1.988521626535003917e-01,-7.595419975384225253e-02,-0.000000000000000000e+00,-3.595927162965065760e-01,0.000000000000000000e+00,0.000000000000000000e+00,-0.000000000000000000e+00,-0.000000000000000000e+00,0.000000000000000000e+00,-0.000000000000000000e+00,-1.870577347906068333e-01,0.000000000000000000e+00,-2.444740178723737445e-01,-0.000000000000000000e+00,-0.000000000000000000e+00,-0.000000000000000000e+00,0.000000000000000000e+00,-8.978565372502336772e-02,-2.207862887115170647e-01,-1.297499637861335431e-01,0.000000000000000000e+00,-3.855339963884373278e-01,-0.000000000000000000e+00,-0.000000000000000000e+00,-0.000000000000000000e+00,-3.519129080614869509e-01,0.000000000000000000e+00,0.000000000000000000e+00,0.000000000000000000e+00,-0.000000000000000000e+00,2.218342976807468059e+00
