1.822272962105544680e+00,-2.229777075717709611e-01,-7.040233789803655717e-02,0.000000000000000000e+00,-0.000000000000000000e+00,-0.000000000000000000e+00,0.000000000000000000e+00,3.579976079494868180e-01,-0.000000000000000000e+00,-0.000000000000000000e+00,-0.000000000000000000e+00,-0.000000000000000000e+00,-0.000000000000000000e+00,-1.770399151348254763e-01,-5.203388450575831964e-02,-0.000000000000000000e+00,-9.815906954666900330e-02,0.000000000000000000e+00,0.000000000000000000e+00,-0.000000000000000000e+00,-0.000000000000000000e+00,0.000000000000000000e+00,-0.000000000000000000e+00,-4.301896966273522360e-01,-1.193053817289349422e-01,-0.000000000000000000e+00,0.000000000000000000e+00,-1.234056688619105668e-01,-0.000000000000000000e+00,-0.000000000000000000e+00,0.000000000000000000e+00,0.000000000000000000e+00,-0.000000000000000000e+00,-0.000000000000000000e+00,-1.708831432851941334e-01,-0.000000000000000000e+00,-1.997278923354588176e-02,-2.963373724099124251e-01,-0.000000000000000000e+00
-2.229777075717709611e-01,1.969652174841197256e+00,-0.000000000000000000e+00,0.000000000000000000e+00,-5.295394433633151543e-01,-0.000000000000000000e+00,-0.000000000000000000e+00,0.000000000000000000e+00,-2.081379344032936451e-01,-0.000000000000000000e+00,-2.056660020708741543e-01,-0.000000000000000000e+00,-0.000000000000000000e+00,-0.000000000000000000e+00,-0.000000000000000000e+00,-0.000000000000000000e+00,-2.581280082278220589e-01,-0.000000000000000000e+00,0.000000000000000000e+00,-8.676530304752995415e-03,0.000000000000000000e+00,-0.000000000000000000e+00,-1.246026855454087368e-01,-0.000000000000000000e+00,-4.351818313848912489e-02,0.000000000000000000e+00,0.000000000000000000e+00,-0.000000000000000000e+00,-0.000000000000000000e+00,-0.000000000000000000e+00,-2.737135424360452318e-01,-0.000000000000000000e+00,-9.519946385468003314e-02,-0.000000000000000000e+00,-0.000000000000000000e+00,-0.000000000000000000e+00,-3.572867373695336884e-02,1.047645948470057736e-01,-0.000000000000000000e+00
-7.040233789803655717e-02,-0.000000000000000000e+00,2.319597299354815512e+00,0.000000000000000000e+00,-0.000000000000000000e+00,-0.000000000000000000e+00,0.000000000000000000e+00,9.464156950281041869e-01,0.000000000000000000e+00,-0.000000000000000000e+00,-0.000000000000000000e+00,0.000000000000000000e+00,-0.000000000000000000e+00,-0.000000000000000000e+00,-0.000000000000000000e+00,0.000000000000000000e+00,-2.714857624152281976e-02,0.000000000000000000e+00,0.000000000000000000e+00,-0.000000000000000000e+00,0.000000000000000000e+00,0.000000000000000000e+00,0.000000000000000000e+00,-1.243168849241358537e-02,-0.000000000000000000e+00,-3.958480241678888345e-02,-0.000000000000000000e+00,-0.000000000000000000e+00,-0.000000000000000000e+00,9.889891541515627091e-03,-2.090820099027401457e-01,-0.000000000000000000e+00,-8.403090844956481176e-01,0.000000000000000000e+00,-1.671163020086411100e-01,0.000000000000000000e+00,-0.000000000000000000e+00,-0.000000000000000000e+00,-0.000000000000000000e+00
0.000000000000000000e+00,0.000000000000000000e+00,0.000000000000000000e+00,1.122510898937771007e+00,0.000000000000000000e+00,0.000000000000000000e+00,0.000000000000000000e+00,-0.000000000000000000e+00,0.000000000000000000e+00,0.000000000000000000e+00,0.000000000000000000e+00,0.000000000000000000e+00,0.000000000000000000e+00,0.000000000000000000e+00,3.708374265935228120e-01,0.000000000000000000e+00,0.000000000000000000e+00,-0.000000000000000000e+00,0.000000000000000000e+00,0.000000000000000000e+00,0.000000000000000000e+00,0.000000000000000000e+00,0.000000000000000000e+00,0.000000000000000000e+00,0.000000000000000000e+00,0.000000000000000000e+00,-0.000000000000000000e+00,0.000000000000000000e+00,0.000000000000000000e+00,0.000000000000000000e+00,0.000000000000000000e+00,0.000000000000000000e+00,0.000000000000000000e+00,0.000000000000000000e+00,0.000000000000000000e+00,0.000000000000000000e+00,0.000000000000000000e+00,0.000000000000000000e+00,0.000000000000000000e+00
-0.000000000000000000e+00,-5.295394433633151543e-01,-0.000000000000000000e+00,0.000000000000000000e+00,2.477557252172764013e+00,-0.000000000000000000e+00,-0.000000000000000000e+00,-0.000000000000000000e+00,-6.082663011627699179e-01,0.000000000000000000e+00,-0.000000000000000000e+00,-5.219910614270048543e-02,-0.000000000000000000e+00,-3.308318866473586306e-01,-0.000000000000000000e+00,-0.000000000000000000e+00,-0.000000000000000000e+00,-0.000000000000000000e+00,-0.000000000000000000e+00,-0.000000000000000000e+00,-0.000000000000000000e+00,-0.000000000000000000e+00,-9.519840942040373732e-02,0.000000000000000000e+00,-0.000000000000000000e+00,0.000000000000000000e+00,0.000000000000000000e+00,-0.000000000000000000e+00,-0.000000000000000000e+00,-0.000000000000000000e+00,-3.247469912192953445e-01,-0.000000000000000000e+00,-0.000000000000000000e+00,-1.024650249576603694e-01,-0.000000000000000000e+00,-4.080044397010902379e-01,-0.000000000000000000e+00,1.620215146457180400e-01,-2.154731236962345031e-01
-0.000000000000000000e+00,-0.000000000000000000e+00,-0.000000000000000000e+00,0.000000000000000000e+00,-0.000000000000000000e+00,1.077881751873215777e+00,-0.000000000000000000e+00,-0.000000000000000000e+00,-0.000000000000000000e+00,0.000000000000000000e+00,-4.594456360672457412e-02,-0.000000000000000000e+00,-0.000000000000000000e+00,-0.000000000000000000e+00,-0.000000000000000000e+00,-0.000000000000000000e+00,-2.487235623634652115e-01,-0.000000000000000000e+00,-0.000000000000000000e+00,-0.000000000000000000e+00,-0.000000000000000000e+00,-0.000000000000000000e+00,0.000000000000000000e+00,-0.000000000000000000e+00,-0.000000000000000000e+00,0.000000000000000000e+00,-0.000000000000000000e+00,0.000000000000000000e+00,-0.000000000000000000e+00,-0.000000000000000000e+00,-0.000000000000000000e+00,-0.000000000000000000e+00,-4.080727946106343235e-02,-0.000000000000000000e+00,-0.000000000000000000e+00,0.000000000000000000e+00,-0.000000000000000000e+00,0.000000000000000000e+00,-0.000000000000000000e+00
0.000000000000000000e+00,-0.000000000000000000e+00,0.000000000000000000e+00,0.000000000000000000e+00,-0.000000000000000000e+00,-0.000000000000000000e+00,1.832870739057872900e+00,-3.410250550028568611e-02,-9.379237794404667039e-02,0.000000000000000000e+00,-0.000000000000000000e+00,-0.000000000000000000e+00,-1.519330032048212265e-01,-0.000000000000000000e+00,-1.236379314251647051e-02,-0.000000000000000000e+00,0.000000000000000000e+00,-0.000000000000000000e+00,-2.590943057769488633e-01,-0.000000000000000000e+00,-4.586348113762118706e-01,-2.314643037758049304e-01,-0.000000000000000000e+00,0.000000000000000000e+00,-0.000000000000000000e+00,0.000000000000000000e+00,0.000000000000000000e+00,-0.000000000000000000e+00,0.000000000000000000e+00,-0.000000000000000000e+00,-0.000000000000000000e+00,0.000000000000000000e+00,0.000000000000000000e+00,-3.013058290599677225e-01,2.938350173619660478e-03,-5.666504236117998750e-02,0.000000000000000000e+00,0.000000000000000000e+00,-0.000000000000000000e+00
3.579976079494868180e-01,0.000000000000000000e+00,9.464156950281041869e-01,-0.000000000000000000e+00,-0.000000000000000000e+00,-0.000000000000000000e+00,-3.410250550028568611e-02,2.210885177650301792e+00,-0.000000000000000000e+00,1.460214505511166772e-01,-0.000000000000000000e+00,-2.072318866000983362e-01,-0.000000000000000000e+00,0.000000000000000000e+00,-0.000000000000000000e+00,-0.000000000000000000e+00,0.000000000000000000e+00,-0.000000000000000000e+00,-3.603026913400367848e-01,0.000000000000000000e+00,-0.000000000000000000e+00,-0.000000000000000000e+00,-0.000000000000000000e+00,0.000000000000000000e+00,-0.000000000000000000e+00,3.191931507575668236e-01,0.000000000000000000e+00,0.000000000000000000e+00,0.000000000000000000e+00,-0.000000000000000000e+00,0.000000000000000000e+00,-0.000000000000000000e+00,0.000000000000000000e+00,-0.000000000000000000e+00,7.834667840789537319e-02,-0.000000000000000000e+00,0.000000000000000000e+00,0.000000000000000000e+00,-0.000000000000000000e+00
-0.000000000000000000e+00,-2.081379344032936451e-01,0.000000000000000000e+00,0.000000000000000000e+00,-6.082663011627699179e-01,-0.000000000000000000e+00,-9.379237794404667039e-02,-0.000000000000000000e+00,3.156771478080038218e+00,0.000000000000000000e+00,-1.580647889632322833e-01,-1.075231031044993485e-01,-0.000000000000000000e+00,-0.000000000000000000e+00,-0.000000000000000000e+00,-0.000000000000000000e+00,-0.000000000000000000e+00,-2.141831393752086643e-01,-0.000000000000000000e+00,-0.000000000000000000e+00,-2.606696017474538496e-01,-1.579669753230034668e-01,-5.146867168001163506e-01,-0.000000000000000000e+00,-3.385970866249851108e-01,0.000000000000000000e+00,0.000000000000000000e+00,-0.000000000000000000e+00,-0.000000000000000000e+00,-5.512209142212330937e-01,-0.000000000000000000e+00,0.000000000000000000e+00,0.000000000000000000e+00,-4.200147446536019458e-01,0.000000000000000000e+00,-7.086455028925334534e-03,0.000000000000000000e+00,0.000000000000000000e+00,-4.091781260704530770e-02
-0.000000000000000000e+00,-0.000000000000000000e+00,-0.000000000000000000e+00,0.000000000000000000e+00,0.000000000000000000e+00,0.000000000000000000e+00,0.000000000000000000e+00,1.460214505511166772e-01,0.000000000000000000e+00,2.110629960212101253e+00,-0.000000000000000000e+00,2.844878633205326357e-02,1.436569852041475193e-01,-0.000000000000000000e+00,0.000000000000000000e+00,-3.879475574951624650e-01,-0.000000000000000000e+00,0.000000000000000000e+00,0.000000000000000000e+00,-2.989237536688150662e-02,0.000000000000000000e+00,0.000000000000000000e+00,-0.000000000000000000e+00,0.000000000000000000e+00,0.000000000000000000e+00,-2.612605835749708949e-01,-3.462606270502550654e-01,-0.000000000000000000e+00,-1.041295913667670547e-01,-0.000000000000000000e+00,-0.000000000000000000e+00,-3.635230614187706100e-01,0.000000000000000000e+00,0.000000000000000000e+00,-0.000000000000000000e+00,-0.000000000000000000e+00,-4.548693073138834198e-01,-0.000000000000000000e+00,7.033143248778381956e-03
-0.000000000000000000e+00,-2.056660020708741543e-01,-0.000000000000000000e+00,0.000000000000000000e+00,-0.000000000000000000e+00,-4.594456360672457412e-02,-0.000000000000000000e+00,-0.000000000000000000e+00,-1.580647889632322833e-01,-0.000000000000000000e+00,2.418393298260739233e+00,-1.496920312092103744e-02,-0.000000000000000000e+00,-3.948535417847603979e-01,-3.110442966621702974e-03,-3.866276977430309625e-01,-4.598863067940338056e-01,-6.089506722931298244e-02,-1.435436883061292079e-01,-0.000000000000000000e+00,-0.000000000000000000e+00,-0.000000000000000000e+00,-5.934283954429246943e-01,-0.000000000000000000e+00,-0.000000000000000000e+00,0.000000000000000000e+00,0.000000000000000000e+00,-0.000000000000000000e+00,-0.000000000000000000e+00,-9.958328082537530601e-02,-0.000000000000000000e+00,-0.000000000000000000e+00,0.000000000000000000e+00,-2.529428855987680622e-02,0.000000000000000000e+00,-0.000000000000000000e+00,-0.000000000000000000e+00,-0.000000000000000000e+00,-0.000000000000000000e+00
-0.000000000000000000e+00,-0.000000000000000000e+00,0.000000000000000000e+00,0.000000000000000000e+00,-5.219910614270048543e-02,-0.000000000000000000e+00,-0.000000000000000000e+00,-2.072318866000983362e-01,-1.075231031044993485e-01,2.844878633205326357e-02,-1.496920312092103744e-02,2.052215831228089371e+00,-1.721047435696284045e-01,-0.000000000000000000e+00,-0.000000000000000000e+00,-0.000000000000000000e+00,0.000000000000000000e+00,-9.909329491121343647e-02,-2.847600720660244944e-01,-0.000000000000000000e+00,-1.995264804542983550e-01,-2.733548419388937556e-01,-0.000000000000000000e+00,-0.000000000000000000e+00,-0.000000000000000000e+00,2.638420876179546348e-01,0.000000000000000000e+00,-0.000000000000000000e+00,0.000000000000000000e+00,-0.000000000000000000e+00,-0.000000000000000000e+00,0.000000000000000000e+00,-0.000000000000000000e+00,-4.001407612525616497e-01,0.000000000000000000e+00,-0.000000000000000000e+00,0.000000000000000000e+00,0.000000000000000000e+00,-1.418562718785942867e-01
-0.000000000000000000e+00,-0.000000000000000000e+00,-0.000000000000000000e+00,0.000000000000000000e+00,-0.000000000000000000e+00,-0.000000000000000000e+00,-1.519330032048212265e-01,-0.000000000000000000e+00,-0.000000000000000000e+00,1.436569852041475193e-01,-0.000000000000000000e+00,-1.721047435696284045e-01,1.748586310201435623e+00,0.000000000000000000e+00,-1.255177000304904256e-01,0.000000000000000000e+00,0.000000000000000000e+00,-0.000000000000000000e+00,-0.000000000000000000e+00,-0.000000000000000000e+00,-2.252598649949009990e-01,-5.583903948153615127e-02,-0.000000000000000000e+00,-0.000000000000000000e+00,-0.000000000000000000e+00,0.000000000000000000e+00,1.034006691560099001e-01,-3.806874318817444758e-01,0.000000000000000000e+00,0.000000000000000000e+00,-0.000000000000000000e+00,7.184241678237235362e-02,-9.650669516887694366e-02,-1.994273453182557609e-01,0.000000000000000000e+00,0.000000000000000000e+00,1.465554744876817854e-02,-0.000000000000000000e+00,-2.716260462306645529e-01
-1.770399151348254763e-01,-0.000000000000000000e+00,-0.000000000000000000e+00,0.000000000000000000e+00,-3.308318866473586306e-01,-0.000000000000000000e+00,-0.000000000000000000e+00,0.000000000000000000e+00,-0.000000000000000000e+00,-0.000000000000000000e+00,-3.948535417847603979e-01,-0.000000000000000000e+00,0.000000000000000000e+00,2.472968151813168980e+00,-2.357581763850132364e-02,-0.000000000000000000e+00,-3.920173685333453450e-01,-0.000000000000000000e+00,-0.000000000000000000e+00,-0.000000000000000000e+00,-0.000000000000000000e+00,-0.000000000000000000e+00,-2.115213747975739633e-01,-1.536306640868308482e-01,-1.829224382837487950e-01,-0.000000000000000000e+00,-0.000000000000000000e+00,-0.000000000000000000e+00,-4.754457646318828168e-01,-3.894214787199617306e-02,-0.000000000000000000e+00,-0.000000000000000000e+00,-0.000000000000000000e+00,-7.316724244673277443e-03,-0.000000000000000000e+00,-2.675880174952218193e-01,-6.194000047246547153e-02,-0.000000000000000000e+00,-0.000000000000000000e+00
-5.203388450575831964e-02,-0.000000000000000000e+00,-0.000000000000000000e+00,3.708374265935228120e-01,-0.000000000000000000e+00,-0.000000000000000000e+00,-1.236379314251647051e-02,-0.000000000000000000e+00,-0.000000000000000000e+00,0.000000000000000000e+00,-3.110442966621702974e-03,-0.000000000000000000e+00,-1.255177000304904256e-01,-2.357581763850132364e-02,1.329771358214382415e+00,-0.000000000000000000e+00,-0.000000000000000000e+00,1.071155102452888835e-01,-1.346327596922318459e-02,-0.000000000000000000e+00,-1.522201370193922987e-01,-0.000000000000000000e+00,-0.000000000000000000e+00,-0.000000000000000000e+00,-9.165689135368007903e-03,-0.000000000000000000e+00,0.000000000000000000e+00,-4.686554071389129050e-02,-0.000000000000000000e+00,-0.000000000000000000e+00,-0.000000000000000000e+00,-0.000000000000000000e+00,-0.000000000000000000e+00,-1.797851317404453864e-01,-0.000000000000000000e+00,-0.000000000000000000e+00,-0.000000000000000000e+00,-1.896991327821560547e-01,-0.000000000000000000e+00
-0.000000000000000000e+00,-0.000000000000000000e+00,0.000000000000000000e+00,0.000000000000000000e+00,-0.000000000000000000e+00,-0.000000000000000000e+00,-0.000000000000000000e+00,-0.000000000000000000e+00,-0.000000000000000000e+00,-3.879475574951624650e-01,-3.866276977430309625e-01,-0.000000000000000000e+00,0.000000000000000000e+00,-0.000000000000000000e+00,-0.000000000000000000e+00,2.430303094609435721e+00,-0.000000000000000000e+00,-0.000000000000000000e+00,-1.629328937442611203e-01,-1.084337484232288651e-01,-0.000000000000000000e+00,-9.237402574371046671e-02,-2.470840869996694666e-03,0.000000000000000000e+00,-0.000000000000000000e+00,0.000000000000000000e+00,0.000000000000000000e+00,-0.000000000000000000e+00,-3.357323379993880641e-01,-9.994614653253602876e-01,-0.000000000000000000e+00,-1.848606381573912605e-01,2.113463593391199102e-01,-0.000000000000000000e+00,0.000000000000000000e+00,-0.000000000000000000e+00,-0.000000000000000000e+00,-0.000000000000000000e+00,0.000000000000000000e+00
-9.815906954666900330e-02,-2.581280082278220589e-01,-2.714857624152281976e-02,0.000000000000000000e+00,-0.000000000000000000e+00,-2.487235623634652115e-01,0.000000000000000000e+00,0.000000000000000000e+00,-0.000000000000000000e+00,-0.000000000000000000e+00,-4.598863067940338056e-01,0.000000000000000000e+00,0.000000000000000000e+00,-3.920173685333453450e-01,-0.000000000000000000e+00,-0.000000000000000000e+00,2.103277629683908412e+00,-0.000000000000000000e+00,0.000000000000000000e+00,-0.000000000000000000e+00,0.000000000000000000e+00,0.000000000000000000e+00,-0.000000000000000000e+00,-0.000000000000000000e+00,-0.000000000000000000e+00,-0.000000000000000000e+00,-0.000000000000000000e+00,0.000000000000000000e+00,-2.232197690579099947e-01,-0.000000000000000000e+00,-0.000000000000000000e+00,-0.000000000000000000e+00,-1.294063034104256105e-01,-0.000000000000000000e+00,-2.476526752263435993e-01,-0.000000000000000000e+00,-2.489990704394339782e-01,0.000000000000000000e+00,-0.000000000000000000e+00
0.000000000000000000e+00,-0.000000000000000000e+00,0.000000000000000000e+00,-0.000000000000000000e+00,-0.000000000000000000e+00,-0.000000000000000000e+00,-0.000000000000000000e+00,-0.000000000000000000e+00,-2.141831393752086643e-01,0.000000000000000000e+00,-6.089506722931298244e-02,-9.909329491121343647e-02,-0.000000000000000000e+00,-0.000000000000000000e+00,1.071155102452888835e-01,-0.000000000000000000e+00,-0.000000000000000000e+00,1.272591882826643817e+00,-2.802105685224131060e-01,0.000000000000000000e+00,-1.139909489974762040e-02,-0.000000000000000000e+00,-0.000000000000000000e+00,0.000000000000000000e+00,-0.000000000000000000e+00,8.149616747286063390e-02,0.000000000000000000e+00,-0.000000000000000000e+00,0.000000000000000000e+00,-0.000000000000000000e+00,-0.000000000000000000e+00,0.000000000000000000e+00,1.134234933333749251e-01,-0.000000000000000000e+00,7.196366976420466577e-02,-0.000000000000000000e+00,0.000000000000000000e+00,0.000000000000000000e+00,-0.000000000000000000e+00
0.000000000000000000e+00,0.000000000000000000e+00,0.000000000000000000e+00,0.000000000000000000e+00,-0.000000000000000000e+00,-0.000000000000000000e+00,-2.590943057769488633e-01,-3.603026913400367848e-01,-0.000000000000000000e+00,0.000000000000000000e+00,-1.435436883061292079e-01,-2.847600720660244944e-01,-0.000000000000000000e+00,-0.000000000000000000e+00,-1.346327596922318459e-02,-1.629328937442611203e-01,0.000000000000000000e+00,-2.802105685224131060e-01,2.067207457296717177e+00,-0.000000000000000000e+00,-5.163034635093437519e-01,-1.572374450772149601e-01,-0.000000000000000000e+00,0.000000000000000000e+00,-0.000000000000000000e+00,1.256805175073678026e-02,0.000000000000000000e+00,-0.000000000000000000e+00,-0.000000000000000000e+00,-0.000000000000000000e+00,-0.000000000000000000e+00,-0.000000000000000000e+00,7.212319037122615073e-02,-0.000000000000000000e+00,8.875651170393546174e-02,-0.000000000000000000e+00,0.000000000000000000e+00,-0.000000000000000000e+00,0.000000000000000000e+00
-0.000000000000000000e+00,-8.676530304752995415e-03,-0.000000000000000000e+00,0.000000000000000000e+00,-0.000000000000000000e+00,-0.000000000000000000e+00,-0.000000000000000000e+00,0.000000000000000000e+00,-0.000000000000000000e+00,-2.989237536688150662e-02,-0.000000000000000000e+00,-0.000000000000000000e+00,-0.000000000000000000e+00,-0.000000000000000000e+00,-0.000000000000000000e+00,-1.084337484232288651e-01,-0.000000000000000000e+00,0.000000000000000000e+00,-0.000000000000000000e+00,1.025252282298598550e+00,-0.000000000000000000e+00,-0.000000000000000000e+00,-0.000000000000000000e+00,-0.000000000000000000e+00,-0.000000000000000000e+00,-0.000000000000000000e+00,-0.000000000000000000e+00,-0.000000000000000000e+00,-0.000000000000000000e+00,-0.000000000000000000e+00,-6.729411453063178367e-03,-2.814524812777704729e-04,0.000000000000000000e+00,-0.000000000000000000e+00,-0.000000000000000000e+00,-0.000000000000000000e+00,-4.901580320959456755e-02,-0.000000000000000000e+00,0.000000000000000000e+00
-0.000000000000000000e+00,0.000000000000000000e+00,0.000000000000000000e+00,0.000000000000000000e+00,-0.000000000000000000e+00,-0.000000000000000000e+00,-4.586348113762118706e-01,-0.000000000000000000e+00,-2.606696017474538496e-01,0.000000000000000000e+00,-0.000000000000000000e+00,-1.995264804542983550e-01,-2.252598649949009990e-01,-0.000000000000000000e+00,-1.522201370193922987e-01,-0.000000000000000000e+00,0.000000000000000000e+00,-1.139909489974762040e-02,-5.163034635093437519e-01,-0.000000000000000000e+00,2.769079643033763638e+00,-6.260757674790230487e-01,-2.722458744749009507e-03,-0.000000000000000000e+00,-0.000000000000000000e+00,0.000000000000000000e+00,1.201043850449778072e-01,-2.386800619687530836e-02,0.000000000000000000e+00,-6.110133917133942633e-02,-0.000000000000000000e+00,0.000000000000000000e+00,0.000000000000000000e+00,-3.085510848990137833e-01,3.175156348090066860e-01,-0.000000000000000000e+00,5.244142488376832972e-02,-0.000000000000000000e+00,-0.000000000000000000e+00
0.000000000000000000e+00,-0.000000000000000000e+00,0.000000000000000000e+00,0.000000000000000000e+00,-0.000000000000000000e+00,-0.000000000000000000e+00,-2.314643037758049304e-01,-0.000000000000000000e+00,-1.579669753230034668e-01,0.000000000000000000e+00,-0.000000000000000000e+00,-2.733548419388937556e-01,-5.583903948153615127e-02,-0.000000000000000000e+00,-0.000000000000000000e+00,-9.237402574371046671e-02,0.000000000000000000e+00,-0.000000000000000000e+00,-1.572374450772149601e-01,-0.000000000000000000e+00,-6.260757674790230487e-01,2.084832586355167994e+00,-0.000000000000000000e+00,0.000000000000000000e+00,-0.000000000000000000e+00,0.000000000000000000e+00,0.000000000000000000e+00,-7.866906068258817941e-02,0.000000000000000000e+00,-6.879671865661843300e-02,-4.350103480701533049e-02,-0.000000000000000000e+00,0.000000000000000000e+00,-2.355038217151952384e-01,0.000000000000000000e+00,-0.000000000000000000e+00,0.000000000000000000e+00,-0.000000000000000000e+00,-0.000000000000000000e+00
-0.000000000000000000e+00,-1.246026855454087368e-01,0.000000000000000000e+00,0.000000000000000000e+00,-9.519840942040373732e-02,0.000000000000000000e+00,-0.000000000000000000e+00,-0.000000000000000000e+00,-5.146867168001163506e-01,-0.000000000000000000e+00,-5.934283954429246943e-01,-0.000000000000000000e+00,-0.000000000000000000e+00,-2.115213747975739633e-01,-0.000000000000000000e+00,-2.470840869996694666e-03,-0.000000000000000000e+00,-0.000000000000000000e+00,-0.000000000000000000e+00,-0.000000000000000000e+00,-2.722458744749009507e-03,-0.000000000000000000e+00,2.561074443305519033e+00,-0.000000000000000000e+00,-5.041274524786713007e-01,0.000000000000000000e+00,5.754684513767455850e-02,-0.000000000000000000e+00,-0.000000000000000000e+00,-9.508995931381751532e-02,-0.000000000000000000e+00,0.000000000000000000e+00,0.000000000000000000e+00,-3.260997057831431789e-01,0.000000000000000000e+00,-1.585821136737786477e-02,0.000000000000000000e+00,-0.000000000000000000e+00,-1.014690719574851546e-01
-4.301896966273522360e-01,-0.000000000000000000e+00,-1.243168849241358537e-02,0.000000000000000000e+00,0.000000000000000000e+00,-0.000000000000000000e+00,0.000000000000000000e+00,0.000000000000000000e+00,-0.000000000000000000e+00,0.000000000000000000e+00,-0.000000000000000000e+00,-0.000000000000000000e+00,-0.000000000000000000e+00,-1.536306640868308482e-01,-0.000000000000000000e+00,0.000000000000000000e+00,-0.000000000000000000e+00,0.000000000000000000e+00,0.000000000000000000e+00,-0.000000000000000000e+00,-0.000000000000000000e+00,0.000000000000000000e+00,-0.000000000000000000e+00,1.691284487379345558e+00,-5.386139792808087856e-01,-0.000000000000000000e+00,8.746422609786995428e-02,-6.939531273605233086e-02,0.000000000000000000e+00,0.000000000000000000e+00,0.000000000000000000e+00,1.809289696297232712e-03,-0.000000000000000000e+00,-0.000000000000000000e+00,-0.000000000000000000e+00,0.000000000000000000e+00,-0.000000000000000000e+00,-2.599274789084596859e-01,-1.052464349570520347e-01
-1.193053817289349422e-01,-4.351818313848912489e-02,-0.000000000000000000e+00,0.000000000000000000e+00,-0.000000000000000000e+00,-0.000000000000000000e+00,-0.000000000000000000e+00,-0.000000000000000000e+00,-3.385970866249851108e-01,0.000000000000000000e+00,-0.000000000000000000e+00,-0.000000000000000000e+00,-0.000000000000000000e+00,-1.829224382837487950e-01,-9.165689135368007903e-03,-0.000000000000000000e+00,-0.000000000000000000e+00,-0.000000000000000000e+00,-0.000000000000000000e+00,-0.000000000000000000e+00,-0.000000000000000000e+00,-0.000000000000000000e+00,-5.041274524786713007e-01,-5.386139792808087856e-01,2.134831915854739304e+00,0.000000000000000000e+00,1.672075081364716997e-01,-2.838498438876923061e-02,0.000000000000000000e+00,-0.000000000000000000e+00,0.000000000000000000e+00,0.000000000000000000e+00,-0.000000000000000000e+00,-2.038234495736684637e-01,0.000000000000000000e+00,-0.000000000000000000e+00,-0.000000000000000000e+00,-0.000000000000000000e+00,-1.443143506337927207e-01
-0.000000000000000000e+00,0.000000000000000000e+00,-3.958480241678888345e-02,0.000000000000000000e+00,0.000000000000000000e+00,0.000000000000000000e+00,0.000000000000000000e+00,3.191931507575668236e-01,0.000000000000000000e+00,-2.612605835749708949e-01,0.000000000000000000e+00,2.638420876179546348e-01,0.000000000000000000e+00,-0.000000000000000000e+00,-0.000000000000000000e+00,0.000000000000000000e+00,-0.000000000000000000e+00,8.149616747286063390e-02,1.256805175073678026e-02,-0.000000000000000000e+00,0.000000000000000000e+00,0.000000000000000000e+00,0.000000000000000000e+00,-0.000000000000000000e+00,0.000000000000000000e+00,2.145731413027476275e+00,-6.094279635126761407e-01,-0.000000000000000000e+00,-6.932822839515176416e-02,0.000000000000000000e+00,-0.000000000000000000e+00,-0.000000000000000000e+00,-0.000000000000000000e+00,0.000000000000000000e+00,-3.546878974499406700e-01,-0.000000000000000000e+00,-1.697185917896666119e-01,-2.026887899535336213e-01,0.000000000000000000e+00
0.000000000000000000e+00,0.000000000000000000e+00,-0.000000000000000000e+00,-0.000000000000000000e+00,0.000000000000000000e+00,-0.000000000000000000e+00,0.000000000000000000e+00,0.000000000000000000e+00,0.000000000000000000e+00,-3.462606270502550654e-01,0.000000000000000000e+00,0.000000000000000000e+00,1.034006691560099001e-01,-0.000000000000000000e+00,0.000000000000000000e+00,0.000000000000000000e+00,-0.000000000000000000e+00,0.000000000000000000e+00,0.000000000000000000e+00,-0.000000000000000000e+00,1.201043850449778072e-01,0.000000000000000000e+00,5.754684513767455850e-02,8.746422609786995428e-02,1.672075081364716997e-01,-6.094279635126761407e-01,2.140130032023921380e+00,0.000000000000000000e+00,-1.478434516622452281e-02,0.000000000000000000e+00,-4.092921407801050626e-01,-3.166769762984982806e-01,-0.000000000000000000e+00,0.000000000000000000e+00,-3.246022078957689905e-01,-0.000000000000000000e+00,-0.000000000000000000e+00,0.000000000000000000e+00,0.000000000000000000e+00
-1.234056688619105668e-01,-0.000000000000000000e+00,-0.000000000000000000e+00,0.000000000000000000e+00,-0.000000000000000000e+00,0.000000000000000000e+00,-0.000000000000000000e+00,0.000000000000000000e+00,-0.000000000000000000e+00,-0.000000000000000000e+00,-0.000000000000000000e+00,-0.000000000000000000e+00,-3.806874318817444758e-01,-0.000000000000000000e+00,-4.686554071389129050e-02,-0.000000000000000000e+00,0.000000000000000000e+00,-0.000000000000000000e+00,-0.000000000000000000e+00,-0.000000000000000000e+00,-2.386800619687530836e-02,-7.866906068258817941e-02,-0.000000000000000000e+00,-6.939531273605233086e-02,-2.838498438876923061e-02,-0.000000000000000000e+00,0.000000000000000000e+00,1.360871432030582584e+00,-0.000000000000000000e+00,-0.000000000000000000e+00,-0.000000000000000000e+00,0.000000000000000000e+00,-0.000000000000000000e+00,-1.463220694143478329e-01,0.000000000000000000e+00,-0.000000000000000000e+00,-0.000000000000000000e+00,-1.940809501410408200e-01,-0.000000000000000000e+00
-0.000000000000000000e+00,-0.000000000000000000e+00,-0.000000000000000000e+00,0.000000000000000000e+00,-0.000000000000000000e+00,-0.000000000000000000e+00,0.000000000000000000e+00,0.000000000000000000e+00,-0.000000000000000000e+00,-1.041295913667670547e-01,-0.000000000000000000e+00,0.000000000000000000e+00,0.000000000000000000e+00,-4.754457646318828168e-01,-0.000000000000000000e+00,-3.357323379993880641e-01,-2.232197690579099947e-01,0.000000000000000000e+00,-0.000000000000000000e+00,-0.000000000000000000e+00,0.000000000000000000e+00,0.000000000000000000e+00,-0.000000000000000000e+00,0.000000000000000000e+00,0.000000000000000000e+00,-6.932822839515176416e-02,-1.478434516622452281e-02,-0.000000000000000000e+00,2.665038418454630964e+00,-1.023827724733971795e-01,-0.000000000000000000e+00,-9.146475300466392344e-01,0.000000000000000000e+00,0.000000000000000000e+00,-8.289018135849705871e-02,-0.000000000000000000e+00,-4.527244074530890061e-01,-0.000000000000000000e+00,0.000000000000000000e+00
-0.000000000000000000e+00,-0.000000000000000000e+00,9.889891541515627091e-03,0.000000000000000000e+00,-0.000000000000000000e+00,-0.000000000000000000e+00,-0.000000000000000000e+00,-0.000000000000000000e+00,-5.512209142212330937e-01,-0.000000000000000000e+00,-9.958328082537530601e-02,-0.000000000000000000e+00,0.000000000000000000e+00,-3.894214787199617306e-02,-0.000000000000000000e+00,-9.994614653253602876e-01,-0.000000000000000000e+00,-0.000000000000000000e+00,-0.000000000000000000e+00,-0.000000000000000000e+00,-6.110133917133942633e-02,-6.879671865661843300e-02,-9.508995931381751532e-02,0.000000000000000000e+00,-0.000000000000000000e+00,0.000000000000000000e+00,0.000000000000000000e+00,-0.000000000000000000e+00,-1.023827724733971795e-01,2.876302572987793127e+00,-0.000000000000000000e+00,-0.000000000000000000e+00,1.015781600212349728e-01,-0.000000000000000000e+00,0.000000000000000000e+00,-9.367028670677793878e-01,-0.000000000000000000e+00,0.000000000000000000e+00,-0.000000000000000000e+00
0.000000000000000000e+00,-2.737135424360452318e-01,-2.090820099027401457e-01,0.000000000000000000e+00,-3.247469912192953445e-01,-0.000000000000000000e+00,-0.000000000000000000e+00,0.000000000000000000e+00,-0.000000000000000000e+00,-0.000000000000000000e+00,-0.000000000000000000e+00,-0.000000000000000000e+00,-0.000000000000000000e+00,-0.000000000000000000e+00,-0.000000000000000000e+00,-0.000000000000000000e+00,-0.000000000000000000e+00,-0.000000000000000000e+00,-0.000000000000000000e+00,-6.729411453063178367e-03,-0.000000000000000000e+00,-4.350103480701533049e-02,-0.000000000000000000e+00,0.000000000000000000e+00,0.000000000000000000e+00,-0.000000000000000000e+00,-4.092921407801050626e-01,-0.000000000000000000e+00,-0.000000000000000000e+00,-0.000000000000000000e+00,1.693550806566161526e+00,-2.491799565545322614e-01,-1.638124799948556809e-01,-0.000000000000000000e+00,-0.000000000000000000e+00,-1.637623311526120728e-02,-5.286810385833283152e-03,9.463711831185760495e-03,-0.000000000000000000e+00
0.000000000000000000e+00,-0.000000000000000000e+00,-0.000000000000000000e+00,0.000000000000000000e+00,-0.000000000000000000e+00,-0.000000000000000000e+00,0.000000000000000000e+00,-0.000000000000000000e+00,0.000000000000000000e+00,-3.635230614187706100e-01,-0.000000000000000000e+00,0.000000000000000000e+00,7.184241678237235362e-02,-0.000000000000000000e+00,-0.000000000000000000e+00,-1.848606381573912605e-01,-0.000000000000000000e+00,0.000000000000000000e+00,-0.000000000000000000e+00,-2.814524812777704729e-04,0.000000000000000000e+00,-0.000000000000000000e+00,0.000000000000000000e+00,1.809289696297232712e-03,0.000000000000000000e+00,-0.000000000000000000e+00,-3.166769762984982806e-01,0.000000000000000000e+00,-9.146475300466392344e-01,-0.000000000000000000e+00,-2.491799565545322614e-01,2.590651528005786908e+00,0.000000000000000000e+00,0.000000000000000000e+00,-0.000000000000000000e+00,-3.184126811350456165e-01,-3.664937285854719673e-01,0.000000000000000000e+00,0.000000000000000000e+00
-0.000000000000000000e+00,-9.519946385468003314e-02,-8.403090844956481176e-01,0.000000000000000000e+00,-0.000000000000000000e+00,-4.080727946106343235e-02,0.000000000000000000e+00,0.000000000000000000e+00,0.000000000000000000e+00,0.000000000000000000e+00,0.000000000000000000e+00,-0.000000000000000000e+00,-9.650669516887694366e-02,-0.000000000000000000e+00,-0.000000000000000000e+00,2.113463593391199102e-01,-1.294063034104256105e-01,1.134234933333749251e-01,7.212319037122615073e-02,0.000000000000000000e+00,0.000000000000000000e+00,0.000000000000000000e+00,0.000000000000000000e+00,-0.000000000000000000e+00,-0.000000000000000000e+00,-0.000000000000000000e+00,-0.000000000000000000e+00,-0.000000000000000000e+00,0.000000000000000000e+00,1.015781600212349728e-01,-1.638124799948556809e-01,0.000000000000000000e+00,1.722637563054076892e+00,-0.000000000000000000e+00,-1.448223876833355517e-01,0.000000000000000000e+00,-0.000000000000000000e+00,0.000000000000000000e+00,-1.309077522921179570e-01
-0.000000000000000000e+00,-0.000000000000000000e+00,0.000000000000000000e+00,0.000000000000000000e+00,-1.024650249576603694e-01,-0.000000000000000000e+00,-3.013058290599677225e-01,-0.000000000000000000e+00,-4.200147446536019458e-01,0.000000000000000000e+00,-2.529428855987680622e-02,-4.001407612525616497e-01,-1.994273453182557609e-01,-7.316724244673277443e-03,-1.797851317404453864e-01,-0.000000000000000000e+00,-0.000000000000000000e+00,-0.000000000000000000e+00,-0.000000000000000000e+00,-0.000000000000000000e+00,-3.085510848990137833e-01,-2.355038217151952384e-01,-3.260997057831431789e-01,-0.000000000000000000e+00,-2.038234495736684637e-01,0.000000000000000000e+00,0.000000000000000000e+00,-1.463220694143478329e-01,0.000000000000000000e+00,-0.000000000000000000e+00,-0.000000000000000000e+00,0.000000000000000000e+00,-0.000000000000000000e+00,2.914406018545284471e+00,0.000000000000000000e+00,-0.000000000000000000e+00,0.000000000000000000e+00,-0.000000000000000000e+00,-5.551673160544288166e-01
-1.708831432851941334e-01,-0.000000000000000000e+00,-1.671163020086411100e-01,0.000000000000000000e+00,-0.000000000000000000e+00,-0.000000000000000000e+00,2.938350173619660478e-03,7.834667840789537319e-02,0.000000000000000000e+00,-0.000000000000000000e+00,0.000000000000000000e+00,0.000000000000000000e+00,0.000000000000000000e+00,-0.000000000000000000e+00,-0.000000000000000000e+00,0.000000000000000000e+00,-2.476526752263435993e-01,7.196366976420466577e-02,8.875651170393546174e-02,-0.000000000000000000e+00,3.175156348090066860e-01,0.000000000000000000e+00,0.000000000000000000e+00,-0.000000000000000000e+00,0.000000000000000000e+00,-3.546878974499406700e-01,-3.246022078957689905e-01,0.000000000000000000e+00,-8.289018135849705871e-02,0.000000000000000000e+00,-0.000000000000000000e+00,-0.000000000000000000e+00,-1.448223876833355517e-01,0.000000000000000000e+00,2.303255842841045009e+00,0.000000000000000000e+00,-6.729226937503417494e-01,0.000000000000000000e+00,0.000000000000000000e+00
-0.000000000000000000e+00,-0.000000000000000000e+00,0.000000000000000000e+00,0.000000000000000000e+00,-4.080044397010902379e-01,0.000000000000000000e+00,-5.666504236117998750e-02,-0.000000000000000000e+00,-7.086455028925334534e-03,-0.000000000000000000e+00,-0.000000000000000000e+00,-0.000000000000000000e+00,0.000000000000000000e+00,-2.675880174952218193e-01,-0.000000000000000000e+00,-0.000000000000000000e+00,-0.000000000000000000e+00,-0.000000000000000000e+00,-0.000000000000000000e+00,-0.000000000000000000e+00,-0.000000000000000000e+00,-0.000000000000000000e+00,-1.585821136737786477e-02,0.000000000000000000e+00,-0.000000000000000000e+00,-0.000000000000000000e+00,-0.000000000000000000e+00,-0.000000000000000000e+00,-0.000000000000000000e+00,-9.367028670677793878e-01,-1.637623311526120728e-02,-3.184126811350456165e-01,0.000000000000000000e+00,-0.000000000000000000e+00,0.000000000000000000e+00,2.181057371211050366e+00,-0.000000000000000000e+00,0.000000000000000000e+00,-0.000000000000000000e+00
-1.997278923354588176e-02,-3.572867373695336884e-02,-0.000000000000000000e+00,0.000000000000000000e+00,-0.000000000000000000e+00,-0.000000000000000000e+00,0.000000000000000000e+00,0.000000000000000000e+00,0.000000000000000000e+00,-4.548693073138834198e-01,-0.000000000000000000e+00,0.000000000000000000e+00,1.465554744876817854e-02,-6.194000047246547153e-02,-0.000000000000000000e+00,-0.000000000000000000e+00,-2.489990704394339782e-01,0.000000000000000000e+00,0.000000000000000000e+00,-4.901580320959456755e-02,5.244142488376832972e-02,0.000000000000000000e+00,0.000000000000000000e+00,-0.000000000000000000e+00,-0.000000000000000000e+00,-1.697185917896666119e-01,-0.000000000000000000e+00,-0.000000000000000000e+00,-4.527244074530890061e-01,-0.000000000000000000e+00,-5.286810385833283152e-03,-3.664937285854719673e-01,-0.000000000000000000e+00,0.000000000000000000e+00,-6.729226937503417494e-01,-0.000000000000000000e+00,2.462755012393819332e+00,0.000000000000000000e+00,0.000000000000000000e+00
-2.963373724099124251e-01,1.047645948470057736e-01,-0.000000000000000000e+00,0.000000000000000000e+00,1.620215146457180400e-01,0.000000000000000000e+00,0.000000000000000000e+00,0.000000000000000000e+00,0.000000000000000000e+00,-0.000000000000000000e+00,-0.000000000000000000e+00,0.000000000000000000e+00,-0.000000000000000000e+00,-0.000000000000000000e+00,-1.896991327821560547e-01,-0.000000000000000000e+00,0.000000000000000000e+00,0.000000000000000000e+00,-0.000000000000000000e+00,-0.000000000000000000e+00,-0.000000000000000000e+00,-0.000000000000000000e+00,-0.000000000000000000e+00,-2.599274789084596859e-01,-0.000000000000000000e+00,-2.026887899535336213e-01,0.000000000000000000e+00,-1.940809501410408200e-01,-0.000000000000000000e+00,0.000000000000000000e+00,9.463711831185760495e-03,0.000000000000000000e+00,0.000000000000000000e+00,-0.000000000000000000e+00,0.000000000000000000e+00,0.000000000000000000e+00,0.000000000000000000e+00,1.306994506636258713e+00,0.000000000000000000e+00
-0.000000000000000000e+00,-0.000000000000000000e+00,-0.000000000000000000e+00,0.000000000000000000e+00,-2.154731236962345031e-01,-0.000000000000000000e+00,-0.000000000000000000e+00,-0.000000000000000000e+00,-4.091781260704530770e-02,7.033143248778381956e-03,-0.000000000000000000e+00,-1.418562718785942867e-01,-2.716260462306645529e-01,-0.000000000000000000e+00,-0.000000000000000000e+00,0.000000000000000000e+00,-0.000000000000000000e+00,-0.000000000000000000e+00,0.000000000000000000e+00,0.000000000000000000e+00,-0.000000000000000000e+00,-0.000000000000000000e+00,-1.014690719574851546e-01,-1.052464349570520347e-01,-1.443143506337927207e-01,0.000000000000000000e+00,0.000000000000000000e+00,-0.000000000000000000e+00,0.000000000000000000e+00,-0.000000000000000000e+00,-0.000000000000000000e+00,0.000000000000000000e+00,-1.309077522921179570e-01,-5.551673160544288166e-01,0.000000000000000000e+00,-0.000000000000000000e+00,0.000000000000000000e+00,0.000000000000000000e+00,1.795574473775504831e+00
