2.103339462837614526e+00,-5.550221325321558208e-01,-3.534087395774489215e-02,0.000000000000000000e+00,-1.603565462531194030e-01,8.902617598634693374e-02,-0.000000000000000000e+00,0.000000000000000000e+00,-2.824056942212578303e-01,-1.416636554971566729e-03,0.000000000000000000e+00,-0.000000000000000000e+00,0.000000000000000000e+00,-0.000000000000000000e+00,-1.703337450755284255e-01,-0.000000000000000000e+00,-0.000000000000000000e+00,0.000000000000000000e+00,-0.000000000000000000e+00,-1.432522990960286291e-01,0.000000000000000000e+00,0.000000000000000000e+00,0.000000000000000000e+00,0.000000000000000000e+00,0.000000000000000000e+00,-0.000000000000000000e+00,-0.000000000000000000e+00,-1.582578388600504871e-01,-0.000000000000000000e+00,-0.000000000000000000e+00,-0.000000000000000000e+00,0.000000000000000000e+00,-0.000000000000000000e+00,-0.000000000000000000e+00,0.000000000000000000e+00,-2.774620447896730679e-01,0.000000000000000000e+00,-3.005836778339581739e-01,-1.236647164268233623e-01
-5.550221325321558208e-01,1.686312050166226095e+00,-0.000000000000000000e+00,-0.000000000000000000e+00,-1.851835761995588026e-01,0.000000000000000000e+00,0.000000000000000000e+00,0.000000000000000000e+00,-0.000000000000000000e+00,-2.966180575225800253e-01,-0.000000000000000000e+00,-0.000000000000000000e+00,0.000000000000000000e+00,-0.000000000000000000e+00,-0.000000000000000000e+00,-2.367390525722839478e-01,-0.000000000000000000e+00,0.000000000000000000e+00,-0.000000000000000000e+00,-0.000000000000000000e+00,0.000000000000000000e+00,-0.000000000000000000e+00,-0.000000000000000000e+00,-0.000000000000000000e+00,-0.000000000000000000e+00,0.000000000000000000e+00,0.000000000000000000e+00,-0.000000000000000000e+00,0.000000000000000000e+00,-0.000000000000000000e+00,0.000000000000000000e+00,0.000000000000000000e+00,0.000000000000000000e+00,-2.243274110181659731e-01,0.000000000000000000e+00,-1.335194621040548032e-03,0.000000000000000000e+00,-0.000000000000000000e+00,-7.297334386708027865e-02
-3.534087395774489215e-02,-0.000000000000000000e+00,2.856083011913965741e+00,-0.000000000000000000e+00,-2.659901327156630746e-01,0.000000000000000000e+00,-9.426647159538825704e-02,4.165479776899240205e-01,-1.562561761953448480e-01,-0.000000000000000000e+00,0.000000000000000000e+00,-8.986777491711941956e-02,0.000000000000000000e+00,-6.405421778394083943e-02,-0.000000000000000000e+00,-0.000000000000000000e+00,-0.000000000000000000e+00,-0.000000000000000000e+00,-1.847560574479320261e-01,-3.483847008989003902e-01,0.000000000000000000e+00,0.000000000000000000e+00,0.000000000000000000e+00,0.000000000000000000e+00,0.000000000000000000e+00,-1.382036093073287508e-01,-2.021870224363966351e-01,-4.879598055290145786e-01,-0.000000000000000000e+00,-0.000000000000000000e+00,-4.873073346902339620e-01,0.000000000000000000e+00,-0.000000000000000000e+00,-0.000000000000000000e+00,-0.000000000000000000e+00,-2.977980716937512207e-01,-0.000000000000000000e+00,-0.000000000000000000e+00,-0.000000000000000000e+00
0.000000000000000000e+00,-0.000000000000000000e+00,-0.000000000000000000e+00,1.396648548988451921e+00,-1.102747578161067388e-01,-0.000000000000000000e+00,-0.000000000000000000e+00,1.177959682189985841e-01,-0.000000000000000000e+00,-0.000000000000000000e+00,-0.000000000000000000e+00,0.000000000000000000e+00,0.000000000000000000e+00,-4.981220652799170368e-02,9.589866635851752863e-02,-0.000000000000000000e+00,0.000000000000000000e+00,-4.169950536427291521e-01,-3.340412961737211917e-01,-0.000000000000000000e+00,-0.000000000000000000e+00,-0.000000000000000000e+00,-0.000000000000000000e+00,-0.000000000000000000e+00,-0.000000000000000000e+00,0.000000000000000000e+00,0.000000000000000000e+00,-0.000000000000000000e+00,-0.000000000000000000e+00,-7.724003950080673975e-02,0.000000000000000000e+00,-4.950503197025201557e-02,-0.000000000000000000e+00,-0.000000000000000000e+00,-0.000000000000000000e+00,-0.000000000000000000e+00,-0.000000000000000000e+00,0.000000000000000000e+00,0.000000000000000000e+00
-1.603565462531194030e-01,-1.851835761995588026e-01,-2.659901327156630746e-01,-1.102747578161067388e-01,1.758876410352298247e+00,0.000000000000000000e+00,-0.000000000000000000e+00,2.903970060221877647e-01,-2.528179943295924548e-01,-0.000000000000000000e+00,0.000000000000000000e+00,-0.000000000000000000e+00,0.000000000000000000e+00,-0.000000000000000000e+00,-0.000000000000000000e+00,-0.000000000000000000e+00,0.000000000000000000e+00,-0.000000000000000000e+00,-0.000000000000000000e+00,-0.000000000000000000e+00,0.000000000000000000e+00,0.000000000000000000e+00,0.000000000000000000e+00,0.000000000000000000e+00,0.000000000000000000e+00,-0.000000000000000000e+00,-0.000000000000000000e+00,-0.000000000000000000e+00,-0.000000000000000000e+00,-0.000000000000000000e+00,-0.000000000000000000e+00,0.000000000000000000e+00,0.000000000000000000e+00,-3.535374724662667112e-01,0.000000000000000000e+00,-0.000000000000000000e+00,0.000000000000000000e+00,-0.000000000000000000e+00,-5.953559514161033822e-02
8.902617598634693374e-02,0.000000000000000000e+00,0.000000000000000000e+00,-0.000000000000000000e+00,0.000000000000000000e+00,2.911968414300762031e+00,0.000000000000000000e+00,0.000000000000000000e+00,0.000000000000000000e+00,0.000000000000000000e+00,-2.678659921483108608e-01,0.000000000000000000e+00,0.000000000000000000e+00,-0.000000000000000000e+00,0.000000000000000000e+00,-0.000000000000000000e+00,0.000000000000000000e+00,-0.000000000000000000e+00,0.000000000000000000e+00,0.000000000000000000e+00,-5.581795060396483876e-01,-4.696440570482661170e-01,-3.739045407656176323e-01,-4.355238931918570811e-01,-2.532433460915012313e-01,0.000000000000000000e+00,0.000000000000000000e+00,1.133900250238394358e-01,-0.000000000000000000e+00,-0.000000000000000000e+00,0.000000000000000000e+00,-2.286680116820367092e-01,-0.000000000000000000e+00,8.592665971558828553e-02,-1.976593055018376066e-02,5.536287666569063987e-02,-2.837750703918369699e-01,0.000000000000000000e+00,3.858400777965394907e-02
-0.000000000000000000e+00,0.000000000000000000e+00,-9.426647159538825704e-02,-0.000000000000000000e+00,-0.000000000000000000e+00,0.000000000000000000e+00,1.911050271167937575e+00,0.000000000000000000e+00,-1.181696465856110906e-01,0.000000000000000000e+00,0.000000000000000000e+00,0.000000000000000000e+00,-0.000000000000000000e+00,-3.783616899594720306e-02,-0.000000000000000000e+00,0.000000000000000000e+00,-0.000000000000000000e+00,-0.000000000000000000e+00,-0.000000000000000000e+00,-1.233767387629457063e-01,0.000000000000000000e+00,0.000000000000000000e+00,0.000000000000000000e+00,0.000000000000000000e+00,4.595499178658788569e-02,-2.128885508098150858e-01,-8.873344422319176528e-02,-3.121175335143409058e-01,-2.792477075089030425e-01,-0.000000000000000000e+00,-4.430421146166026447e-01,0.000000000000000000e+00,-0.000000000000000000e+00,0.000000000000000000e+00,-0.000000000000000000e+00,-0.000000000000000000e+00,-0.000000000000000000e+00,-0.000000000000000000e+00,-0.000000000000000000e+00
0.000000000000000000e+00,0.000000000000000000e+00,4.165479776899240205e-01,1.177959682189985841e-01,2.903970060221877647e-01,0.000000000000000000e+00,0.000000000000000000e+00,1.860094605410312019e+00,0.000000000000000000e+00,0.000000000000000000e+00,0.000000000000000000e+00,0.000000000000000000e+00,-1.426084218910367851e-01,1.826538875133078554e-01,-0.000000000000000000e+00,0.000000000000000000e+00,-0.000000000000000000e+00,0.000000000000000000e+00,1.305109712567862346e-01,0.000000000000000000e+00,0.000000000000000000e+00,2.145738035454888837e-01,0.000000000000000000e+00,0.000000000000000000e+00,0.000000000000000000e+00,0.000000000000000000e+00,0.000000000000000000e+00,0.000000000000000000e+00,0.000000000000000000e+00,8.579633403796686764e-02,0.000000000000000000e+00,0.000000000000000000e+00,0.000000000000000000e+00,4.698125894714563766e-01,0.000000000000000000e+00,0.000000000000000000e+00,0.000000000000000000e+00,-0.000000000000000000e+00,0.000000000000000000e+00
-2.824056942212578303e-01,-0.000000000000000000e+00,-1.562561761953448480e-01,-0.000000000000000000e+00,-2.528179943295924548e-01,0.000000000000000000e+00,-1.181696465856110906e-01,0.000000000000000000e+00,2.222958745941320036e+00,-0.000000000000000000e+00,0.000000000000000000e+00,-1.848620713048824277e-02,0.000000000000000000e+00,-1.754789480875253715e-01,-0.000000000000000000e+00,-0.000000000000000000e+00,0.000000000000000000e+00,-0.000000000000000000e+00,-4.989213772865947610e-02,-2.675890838661558191e-01,0.000000000000000000e+00,0.000000000000000000e+00,0.000000000000000000e+00,0.000000000000000000e+00,1.642348572589938036e-02,-3.367601303828514636e-01,-1.398944662195678867e-01,-0.000000000000000000e+00,-0.000000000000000000e+00,-0.000000000000000000e+00,-4.722264513043036155e-02,0.000000000000000000e+00,-0.000000000000000000e+00,-0.000000000000000000e+00,-0.000000000000000000e+00,-1.208894969419756389e-02,0.000000000000000000e+00,-0.000000000000000000e+00,-5.057933788430243327e-01
-1.416636554971566729e-03,-2.966180575225800253e-01,-0.000000000000000000e+00,-0.000000000000000000e+00,-0.000000000000000000e+00,0.000000000000000000e+00,0.000000000000000000e+00,0.000000000000000000e+00,-0.000000000000000000e+00,2.115789957659873988e+00,-0.000000000000000000e+00,-0.000000000000000000e+00,0.000000000000000000e+00,-0.000000000000000000e+00,-0.000000000000000000e+00,-7.987288144689255187e-01,0.000000000000000000e+00,0.000000000000000000e+00,-0.000000000000000000e+00,-0.000000000000000000e+00,-0.000000000000000000e+00,-0.000000000000000000e+00,-4.577456965876104504e-03,-0.000000000000000000e+00,-1.098847685657944051e-01,-0.000000000000000000e+00,-0.000000000000000000e+00,-0.000000000000000000e+00,-0.000000000000000000e+00,-4.811072831854801835e-01,-0.000000000000000000e+00,-0.000000000000000000e+00,-0.000000000000000000e+00,-0.000000000000000000e+00,-0.000000000000000000e+00,-3.399960458064477664e-01,-0.000000000000000000e+00,-0.000000000000000000e+00,-0.000000000000000000e+00
0.000000000000000000e+00,-0.000000000000000000e+00,0.000000000000000000e+00,-0.000000000000000000e+00,0.000000000000000000e+00,-2.678659921483108608e-01,0.000000000000000000e+00,0.000000000000000000e+00,0.000000000000000000e+00,-0.000000000000000000e+00,1.717562955841544170e+00,1.301694342782540315e-02,0.000000000000000000e+00,-0.000000000000000000e+00,2.632358002376260497e-01,-0.000000000000000000e+00,0.000000000000000000e+00,-0.000000000000000000e+00,0.000000000000000000e+00,0.000000000000000000e+00,-3.657285139003138563e-01,-0.000000000000000000e+00,-4.836923276761703056e-02,-5.825326285172985341e-02,-0.000000000000000000e+00,0.000000000000000000e+00,0.000000000000000000e+00,2.681036848793301192e-03,-0.000000000000000000e+00,-0.000000000000000000e+00,7.238555061731892504e-02,-3.485539588730035554e-01,-0.000000000000000000e+00,0.000000000000000000e+00,-0.000000000000000000e+00,5.346725508940802091e-02,-0.000000000000000000e+00,0.000000000000000000e+00,0.000000000000000000e+00
-0.000000000000000000e+00,-0.000000000000000000e+00,-8.986777491711941956e-02,0.000000000000000000e+00,-0.000000000000000000e+00,0.000000000000000000e+00,0.000000000000000000e+00,0.000000000000000000e+00,-1.848620713048824277e-02,-0.000000000000000000e+00,1.301694342782540315e-02,1.674773339389703519e+00,0.000000000000000000e+00,-0.000000000000000000e+00,-2.135403118975051084e-01,0.000000000000000000e+00,-0.000000000000000000e+00,0.000000000000000000e+00,-0.000000000000000000e+00,-0.000000000000000000e+00,0.000000000000000000e+00,0.000000000000000000e+00,0.000000000000000000e+00,0.000000000000000000e+00,0.000000000000000000e+00,-0.000000000000000000e+00,-5.766108682636025273e-01,-0.000000000000000000e+00,0.000000000000000000e+00,-0.000000000000000000e+00,-0.000000000000000000e+00,0.000000000000000000e+00,-0.000000000000000000e+00,-2.216563429878436464e-01,0.000000000000000000e+00,-0.000000000000000000e+00,0.000000000000000000e+00,-2.645327170535419770e-01,-2.473833483351255483e-02
0.000000000000000000e+00,0.000000000000000000e+00,0.000000000000000000e+00,0.000000000000000000e+00,0.000000000000000000e+00,0.000000000000000000e+00,-0.000000000000000000e+00,-1.426084218910367851e-01,0.000000000000000000e+00,0.000000000000000000e+00,0.000000000000000000e+00,0.000000000000000000e+00,1.173431537565752691e+00,-0.000000000000000000e+00,-0.000000000000000000e+00,0.000000000000000000e+00,-1.799508697359406828e-01,5.402811337779104411e-02,1.034524052704200725e-01,0.000000000000000000e+00,1.626328633942907831e-01,1.763965742118969726e-02,0.000000000000000000e+00,0.000000000000000000e+00,0.000000000000000000e+00,-0.000000000000000000e+00,-0.000000000000000000e+00,-0.000000000000000000e+00,-0.000000000000000000e+00,1.400831602037697077e-02,-0.000000000000000000e+00,-0.000000000000000000e+00,0.000000000000000000e+00,1.428504605648938663e-01,-0.000000000000000000e+00,0.000000000000000000e+00,-0.000000000000000000e+00,-2.126399133970933303e-02,-0.000000000000000000e+00
-0.000000000000000000e+00,-0.000000000000000000e+00,-6.405421778394083943e-02,-4.981220652799170368e-02,-0.000000000000000000e+00,-0.000000000000000000e+00,-3.783616899594720306e-02,1.826538875133078554e-01,-1.754789480875253715e-01,-0.000000000000000000e+00,-0.000000000000000000e+00,-0.000000000000000000e+00,-0.000000000000000000e+00,1.671600685802583808e+00,-0.000000000000000000e+00,-0.000000000000000000e+00,0.000000000000000000e+00,-0.000000000000000000e+00,-0.000000000000000000e+00,-1.471673492250054893e-01,-0.000000000000000000e+00,-0.000000000000000000e+00,-0.000000000000000000e+00,-0.000000000000000000e+00,-0.000000000000000000e+00,-0.000000000000000000e+00,-1.696246099122549478e-01,-0.000000000000000000e+00,-1.750154963666825936e-01,-7.448982076919373474e-02,-0.000000000000000000e+00,-1.251838046704592255e-01,-4.032404231822117602e-02,-0.000000000000000000e+00,-3.069705907718922600e-01,-0.000000000000000000e+00,-1.380173274270707351e-01,-0.000000000000000000e+00,-0.000000000000000000e+00
-1.703337450755284255e-01,-0.000000000000000000e+00,-0.000000000000000000e+00,9.589866635851752863e-02,-0.000000000000000000e+00,0.000000000000000000e+00,-0.000000000000000000e+00,-0.000000000000000000e+00,-0.000000000000000000e+00,-0.000000000000000000e+00,2.632358002376260497e-01,-2.135403118975051084e-01,-0.000000000000000000e+00,-0.000000000000000000e+00,2.621008625995053354e+00,-0.000000000000000000e+00,0.000000000000000000e+00,4.862923167082202486e-02,-0.000000000000000000e+00,-0.000000000000000000e+00,3.821927604494260722e-01,0.000000000000000000e+00,0.000000000000000000e+00,3.272917428297997949e-02,4.576101004833296043e-02,-5.708647855737895016e-01,-0.000000000000000000e+00,-2.816347712859820773e-01,-0.000000000000000000e+00,-0.000000000000000000e+00,-1.646424748995808929e-01,2.024099454948994070e-01,-0.000000000000000000e+00,-0.000000000000000000e+00,0.000000000000000000e+00,-0.000000000000000000e+00,0.000000000000000000e+00,-6.843185991078917230e-01,-0.000000000000000000e+00
-0.000000000000000000e+00,-2.367390525722839478e-01,-0.000000000000000000e+00,-0.000000000000000000e+00,-0.000000000000000000e+00,-0.000000000000000000e+00,0.000000000000000000e+00,0.000000000000000000e+00,-0.000000000000000000e+00,-7.987288144689255187e-01,-0.000000000000000000e+00,0.000000000000000000e+00,0.000000000000000000e+00,-0.000000000000000000e+00,-0.000000000000000000e+00,2.116575963163448204e+00,9.717890605568667295e-02,-0.000000000000000000e+00,-0.000000000000000000e+00,-0.000000000000000000e+00,-0.000000000000000000e+00,-0.000000000000000000e+00,-3.334683415518059912e-01,-4.680175318459428926e-03,-1.252158291020207814e-01,0.000000000000000000e+00,0.000000000000000000e+00,-0.000000000000000000e+00,0.000000000000000000e+00,-4.177773260080479556e-01,0.000000000000000000e+00,-0.000000000000000000e+00,-1.688126778583268900e-02,-0.000000000000000000e+00,-0.000000000000000000e+00,-1.142312923883631315e-01,-0.000000000000000000e+00,-0.000000000000000000e+00,-0.000000000000000000e+00
-0.000000000000000000e+00,-0.000000000000000000e+00,-0.000000000000000000e+00,0.000000000000000000e+00,0.000000000000000000e+00,0.000000000000000000e+00,-0.000000000000000000e+00,-0.000000000000000000e+00,0.000000000000000000e+00,0.000000000000000000e+00,0.000000000000000000e+00,-0.000000000000000000e+00,-1.799508697359406828e-01,0.000000000000000000e+00,0.000000000000000000e+00,9.717890605568667295e-02,1.058472787284097993e+00,0.000000000000000000e+00,0.000000000000000000e+00,0.000000000000000000e+00,0.000000000000000000e+00,0.000000000000000000e+00,1.594661572945942768e-02,2.604574781767671210e-02,0.000000000000000000e+00,-0.000000000000000000e+00,-1.148389898090809887e-02,-0.000000000000000000e+00,-0.000000000000000000e+00,3.122660346866560147e-02,-0.000000000000000000e+00,-0.000000000000000000e+00,0.000000000000000000e+00,-0.000000000000000000e+00,0.000000000000000000e+00,-0.000000000000000000e+00,0.000000000000000000e+00,-0.000000000000000000e+00,0.000000000000000000e+00
0.000000000000000000e+00,0.000000000000000000e+00,-0.000000000000000000e+00,-4.169950536427291521e-01,-0.000000000000000000e+00,-0.000000000000000000e+00,-0.000000000000000000e+00,0.000000000000000000e+00,-0.000000000000000000e+00,0.000000000000000000e+00,-0.000000000000000000e+00,0.000000000000000000e+00,5.402811337779104411e-02,-0.000000000000000000e+00,4.862923167082202486e-02,-0.000000000000000000e+00,0.000000000000000000e+00,1.558702033301644363e+00,-0.000000000000000000e+00,-4.230252067641514235e-02,-1.707170921999189572e-01,-3.448819543317054870e-01,-0.000000000000000000e+00,-0.000000000000000000e+00,-0.000000000000000000e+00,0.000000000000000000e+00,0.000000000000000000e+00,0.000000000000000000e+00,-0.000000000000000000e+00,-1.339290122979620579e-01,0.000000000000000000e+00,-0.000000000000000000e+00,-0.000000000000000000e+00,0.000000000000000000e+00,-1.179989895084175566e-02,-0.000000000000000000e+00,-0.000000000000000000e+00,2.486306827100903671e-01,9.685398816203004413e-02
-0.000000000000000000e+00,-0.000000000000000000e+00,-1.847560574479320261e-01,-3.340412961737211917e-01,-0.000000000000000000e+00,0.000000000000000000e+00,-0.000000000000000000e+00,1.305109712567862346e-01,-4.989213772865947610e-02,-0.000000000000000000e+00,0.000000000000000000e+00,-0.000000000000000000e+00,1.034524052704200725e-01,-0.000000000000000000e+00,-0.000000000000000000e+00,-0.000000000000000000e+00,0.000000000000000000e+00,-0.000000000000000000e+00,1.542985964519884456e+00,-1.329490933399109787e-01,0.000000000000000000e+00,-0.000000000000000000e+00,0.000000000000000000e+00,0.000000000000000000e+00,0.000000000000000000e+00,-0.000000000000000000e+00,-0.000000000000000000e+00,-0.000000000000000000e+00,0.000000000000000000e+00,-9.104260004873761247e-02,-3.766264351666757937e-02,0.000000000000000000e+00,-0.000000000000000000e+00,-1.876816431905685423e-01,-0.000000000000000000e+00,-2.263994721922071018e-01,0.000000000000000000e+00,0.000000000000000000e+00,0.000000000000000000e+00
-1.432522990960286291e-01,-0.000000000000000000e+00,-3.483847008989003902e-01,-0.000000000000000000e+00,-0.000000000000000000e+00,0.000000000000000000e+00,-1.233767387629457063e-01,0.000000000000000000e+00,-2.675890838661558191e-01,-0.000000000000000000e+00,0.000000000000000000e+00,-0.000000000000000000e+00,0.000000000000000000e+00,-1.471673492250054893e-01,-0.000000000000000000e+00,-0.000000000000000000e+00,0.000000000000000000e+00,-4.230252067641514235e-02,-1.329490933399109787e-01,2.127294832621988263e+00,0.000000000000000000e+00,-0.000000000000000000e+00,0.000000000000000000e+00,0.000000000000000000e+00,0.000000000000000000e+00,-3.380811774063360309e-01,-0.000000000000000000e+00,-2.637653231985928604e-01,-1.358438022473208162e-01,-0.000000000000000000e+00,-4.141194412589105367e-02,0.000000000000000000e+00,-2.652747866351317652e-01,-0.000000000000000000e+00,-0.000000000000000000e+00,-0.000000000000000000e+00,-0.000000000000000000e+00,-0.000000000000000000e+00,-0.000000000000000000e+00
0.000000000000000000e+00,0.000000000000000000e+00,0.000000000000000000e+00,-0.000000000000000000e+00,0.000000000000000000e+00,-5.581795060396483876e-01,0.000000000000000000e+00,0.000000000000000000e+00,0.000000000000000000e+00,-0.000000000000000000e+00,-3.657285139003138563e-01,0.000000000000000000e+00,1.626328633942907831e-01,-0.000000000000000000e+00,3.821927604494260722e-01,-0.000000000000000000e+00,0.000000000000000000e+00,-1.707170921999189572e-01,0.000000000000000000e+00,0.000000000000000000e+00,3.135606492722875505e+00,-7.090314697075515982e-01,-1.833271830306845152e-01,-4.548541148557984082e-01,-3.230034531001271803e-01,0.000000000000000000e+00,0.000000000000000000e+00,4.561991880128155735e-03,-0.000000000000000000e+00,-0.000000000000000000e+00,0.000000000000000000e+00,-1.469734514329991137e-01,-0.000000000000000000e+00,0.000000000000000000e+00,-0.000000000000000000e+00,0.000000000000000000e+00,-3.127054098673015536e-02,5.596563386405646601e-02,0.000000000000000000e+00
0.000000000000000000e+00,-0.000000000000000000e+00,0.000000000000000000e+00,-0.000000000000000000e+00,0.000000000000000000e+00,-4.696440570482661170e-01,0.000000000000000000e+00,2.145738035454888837e-01,0.000000000000000000e+00,-0.000000000000000000e+00,-0.000000000000000000e+00,0.000000000000000000e+00,1.763965742118969726e-02,-0.000000000000000000e+00,0.000000000000000000e+00,-0.000000000000000000e+00,0.000000000000000000e+00,-3.448819543317054870e-01,-0.000000000000000000e+00,-0.000000000000000000e+00,-7.090314697075515982e-01,2.300876979528999389e+00,-2.365129835013862758e-02,-6.485210441089020450e-02,-1.159716104198157544e-01,0.000000000000000000e+00,0.000000000000000000e+00,0.000000000000000000e+00,-0.000000000000000000e+00,-0.000000000000000000e+00,0.000000000000000000e+00,-8.666221635040742555e-02,-2.602312340449647321e-01,0.000000000000000000e+00,-9.647730511053461896e-03,0.000000000000000000e+00,-3.878075049744382496e-02,0.000000000000000000e+00,0.000000000000000000e+00
0.000000000000000000e+00,-0.000000000000000000e+00,0.000000000000000000e+00,-0.000000000000000000e+00,0.000000000000000000e+00,-3.739045407656176323e-01,0.000000000000000000e+00,0.000000000000000000e+00,0.000000000000000000e+00,-4.577456965876104504e-03,-4.836923276761703056e-02,0.000000000000000000e+00,0.000000000000000000e+00,-0.000000000000000000e+00,0.000000000000000000e+00,-3.334683415518059912e-01,1.594661572945942768e-02,-0.000000000000000000e+00,0.000000000000000000e+00,0.000000000000000000e+00,-1.833271830306845152e-01,-2.365129835013862758e-02,2.943766120186635415e+00,-7.358473762884236713e-01,-8.563185853105221845e-01,0.000000000000000000e+00,0.000000000000000000e+00,0.000000000000000000e+00,-0.000000000000000000e+00,-1.800617045807372529e-01,0.000000000000000000e+00,-2.027905377399255582e-01,-0.000000000000000000e+00,0.000000000000000000e+00,-0.000000000000000000e+00,0.000000000000000000e+00,-5.265491584880045012e-02,0.000000000000000000e+00,0.000000000000000000e+00
0.000000000000000000e+00,-0.000000000000000000e+00,0.000000000000000000e+00,-0.000000000000000000e+00,0.000000000000000000e+00,-4.355238931918570811e-01,0.000000000000000000e+00,0.000000000000000000e+00,0.000000000000000000e+00,-0.000000000000000000e+00,-5.825326285172985341e-02,0.000000000000000000e+00,0.000000000000000000e+00,-0.000000000000000000e+00,3.272917428297997949e-02,-4.680175318459428926e-03,2.604574781767671210e-02,-0.000000000000000000e+00,0.000000000000000000e+00,0.000000000000000000e+00,-4.548541148557984082e-01,-6.485210441089020450e-02,-7.358473762884236713e-01,3.129558530290949214e+00,-8.499853154208080186e-01,0.000000000000000000e+00,0.000000000000000000e+00,0.000000000000000000e+00,-0.000000000000000000e+00,-2.127683076773642309e-02,0.000000000000000000e+00,-9.638139591774289028e-02,-2.350216637606581394e-01,0.000000000000000000e+00,-0.000000000000000000e+00,0.000000000000000000e+00,-1.341799341999332373e-01,3.630197766980337859e-02,0.000000000000000000e+00
0.000000000000000000e+00,-0.000000000000000000e+00,0.000000000000000000e+00,-0.000000000000000000e+00,0.000000000000000000e+00,-2.532433460915012313e-01,4.595499178658788569e-02,0.000000000000000000e+00,1.642348572589938036e-02,-1.098847685657944051e-01,-0.000000000000000000e+00,0.000000000000000000e+00,0.000000000000000000e+00,-0.000000000000000000e+00,4.576101004833296043e-02,-1.252158291020207814e-01,0.000000000000000000e+00,-0.000000000000000000e+00,0.000000000000000000e+00,0.000000000000000000e+00,-3.230034531001271803e-01,-1.159716104198157544e-01,-8.563185853105221845e-01,-8.499853154208080186e-01,3.018708999524573056e+00,0.000000000000000000e+00,0.000000000000000000e+00,0.000000000000000000e+00,-0.000000000000000000e+00,-0.000000000000000000e+00,0.000000000000000000e+00,-1.548073993600044274e-01,-2.315537872569082070e-02,0.000000000000000000e+00,-0.000000000000000000e+00,0.000000000000000000e+00,-1.633011641769150923e-01,4.533143979777588123e-02,0.000000000000000000e+00
-0.000000000000000000e+00,0.000000000000000000e+00,-1.382036093073287508e-01,0.000000000000000000e+00,-0.000000000000000000e+00,0.000000000000000000e+00,-2.128885508098150858e-01,0.000000000000000000e+00,-3.367601303828514636e-01,-0.000000000000000000e+00,0.000000000000000000e+00,-0.000000000000000000e+00,-0.000000000000000000e+00,-0.000000000000000000e+00,-5.708647855737895016e-01,0.000000000000000000e+00,-0.000000000000000000e+00,0.000000000000000000e+00,-0.000000000000000000e+00,-3.380811774063360309e-01,0.000000000000000000e+00,0.000000000000000000e+00,0.000000000000000000e+00,0.000000000000000000e+00,0.000000000000000000e+00,2.839345052234710121e+00,-1.328392925425720683e-01,-5.155172924955550018e-01,-2.355172603000490472e-01,-0.000000000000000000e+00,-4.409430056908579254e-01,0.000000000000000000e+00,-0.000000000000000000e+00,0.000000000000000000e+00,-0.000000000000000000e+00,-0.000000000000000000e+00,-0.000000000000000000e+00,-1.454037702130423770e-01,-0.000000000000000000e+00
-0.000000000000000000e+00,0.000000000000000000e+00,-2.021870224363966351e-01,0.000000000000000000e+00,-0.000000000000000000e+00,0.000000000000000000e+00,-8.873344422319176528e-02,0.000000000000000000e+00,-1.398944662195678867e-01,-0.000000000000000000e+00,0.000000000000000000e+00,-5.766108682636025273e-01,-0.000000000000000000e+00,-1.696246099122549478e-01,-0.000000000000000000e+00,0.000000000000000000e+00,-1.148389898090809887e-02,0.000000000000000000e+00,-0.000000000000000000e+00,-0.000000000000000000e+00,0.000000000000000000e+00,0.000000000000000000e+00,0.000000000000000000e+00,0.000000000000000000e+00,0.000000000000000000e+00,-1.328392925425720683e-01,2.110878805925536561e+00,-9.716002964305235634e-02,-0.000000000000000000e+00,-0.000000000000000000e+00,-5.489838300944340777e-01,-0.000000000000000000e+00,-0.000000000000000000e+00,-0.000000000000000000e+00,-0.000000000000000000e+00,-0.000000000000000000e+00,-0.000000000000000000e+00,-6.814088500058733400e-02,-7.247513343435828953e-03
-1.582578388600504871e-01,-0.000000000000000000e+00,-4.879598055290145786e-01,-0.000000000000000000e+00,-0.000000000000000000e+00,1.133900250238394358e-01,-3.121175335143409058e-01,0.000000000000000000e+00,-0.000000000000000000e+00,-0.000000000000000000e+00,2.681036848793301192e-03,-0.000000000000000000e+00,-0.000000000000000000e+00,-0.000000000000000000e+00,-2.816347712859820773e-01,-0.000000000000000000e+00,-0.000000000000000000e+00,0.000000000000000000e+00,-0.000000000000000000e+00,-2.637653231985928604e-01,4.561991880128155735e-03,0.000000000000000000e+00,0.000000000000000000e+00,0.000000000000000000e+00,0.000000000000000000e+00,-5.155172924955550018e-01,-9.716002964305235634e-02,2.814164642816911144e+00,-0.000000000000000000e+00,-0.000000000000000000e+00,-5.791171831106118884e-01,0.000000000000000000e+00,-0.000000000000000000e+00,-0.000000000000000000e+00,-0.000000000000000000e+00,-0.000000000000000000e+00,-0.000000000000000000e+00,-1.539118672854789538e-01,-0.000000000000000000e+00
-0.000000000000000000e+00,0.000000000000000000e+00,-0.000000000000000000e+00,-0.000000000000000000e+00,-0.000000000000000000e+00,-0.000000000000000000e+00,-2.792477075089030425e-01,0.000000000000000000e+00,-0.000000000000000000e+00,-0.000000000000000000e+00,-0.000000000000000000e+00,0.000000000000000000e+00,-0.000000000000000000e+00,-1.750154963666825936e-01,-0.000000000000000000e+00,0.000000000000000000e+00,-0.000000000000000000e+00,-0.000000000000000000e+00,0.000000000000000000e+00,-1.358438022473208162e-01,-0.000000000000000000e+00,-0.000000000000000000e+00,-0.000000000000000000e+00,-0.000000000000000000e+00,-0.000000000000000000e+00,-2.355172603000490472e-01,-0.000000000000000000e+00,-0.000000000000000000e+00,2.080643246759017462e+00,-0.000000000000000000e+00,-0.000000000000000000e+00,-0.000000000000000000e+00,-2.494635567384786423e-01,8.058163581592184266e-03,-8.910196320454210062e-01,0.000000000000000000e+00,-8.135376805215932539e-02,-0.000000000000000000e+00,-0.000000000000000000e+00
-0.000000000000000000e+00,-0.000000000000000000e+00,-0.000000000000000000e+00,-7.724003950080673975e-02,-0.000000000000000000e+00,-0.000000000000000000e+00,-0.000000000000000000e+00,8.579633403796686764e-02,-0.000000000000000000e+00,-4.811072831854801835e-01,-0.000000000000000000e+00,-0.000000000000000000e+00,1.400831602037697077e-02,-7.448982076919373474e-02,-0.000000000000000000e+00,-4.177773260080479556e-01,3.122660346866560147e-02,-1.339290122979620579e-01,-9.104260004873761247e-02,-0.000000000000000000e+00,-0.000000000000000000e+00,-0.000000000000000000e+00,-1.800617045807372529e-01,-2.127683076773642309e-02,-0.000000000000000000e+00,-0.000000000000000000e+00,-0.000000000000000000e+00,-0.000000000000000000e+00,-0.000000000000000000e+00,2.080895747816595254e+00,-0.000000000000000000e+00,-0.000000000000000000e+00,-4.199376608200089400e-01,-0.000000000000000000e+00,-0.000000000000000000e+00,-2.539618079755510127e-01,-0.000000000000000000e+00,0.000000000000000000e+00,-0.000000000000000000e+00
-0.000000000000000000e+00,0.000000000000000000e+00,-4.873073346902339620e-01,0.000000000000000000e+00,-0.000000000000000000e+00,0.000000000000000000e+00,-4.430421146166026447e-01,0.000000000000000000e+00,-4.722264513043036155e-02,-0.000000000000000000e+00,7.238555061731892504e-02,-0.000000000000000000e+00,-0.000000000000000000e+00,-0.000000000000000000e+00,-1.646424748995808929e-01,0.000000000000000000e+00,-0.000000000000000000e+00,0.000000000000000000e+00,-3.766264351666757937e-02,-4.141194412589105367e-02,0.000000000000000000e+00,0.000000000000000000e+00,0.000000000000000000e+00,0.000000000000000000e+00,0.000000000000000000e+00,-4.409430056908579254e-01,-5.489838300944340777e-01,-5.791171831106118884e-01,-0.000000000000000000e+00,-0.000000000000000000e+00,2.841613314401700841e+00,0.000000000000000000e+00,-4.007896787398123467e-02,-0.000000000000000000e+00,-0.000000000000000000e+00,-8.174811727804574824e-02,-0.000000000000000000e+00,-0.000000000000000000e+00,-0.000000000000000000e+00
0.000000000000000000e+00,0.000000000000000000e+00,0.000000000000000000e+00,-4.950503197025201557e-02,0.000000000000000000e+00,-2.286680116820367092e-01,0.000000000000000000e+00,0.000000000000000000e+00,0.000000000000000000e+00,-0.000000000000000000e+00,-3.485539588730035554e-01,0.000000000000000000e+00,-0.000000000000000000e+00,-1.251838046704592255e-01,2.024099454948994070e-01,-0.000000000000000000e+00,-0.000000000000000000e+00,-0.000000000000000000e+00,0.000000000000000000e+00,0.000000000000000000e+00,-1.469734514329991137e-01,-8.666221635040742555e-02,-2.027905377399255582e-01,-9.638139591774289028e-02,-1.548073993600044274e-01,0.000000000000000000e+00,-0.000000000000000000e+00,0.000000000000000000e+00,-0.000000000000000000e+00,-0.000000000000000000e+00,0.000000000000000000e+00,2.347430062443150334e+00,-0.000000000000000000e+00,0.000000000000000000e+00,-1.860155138688846799e-01,0.000000000000000000e+00,-6.427563600267918176e-01,0.000000000000000000e+00,0.000000000000000000e+00
-0.000000000000000000e+00,0.000000000000000000e+00,-0.000000000000000000e+00,-0.000000000000000000e+00,0.000000000000000000e+00,-0.000000000000000000e+00,-0.000000000000000000e+00,0.000000000000000000e+00,-0.000000000000000000e+00,-0.000000000000000000e+00,-0.000000000000000000e+00,-0.000000000000000000e+00,0.000000000000000000e+00,-4.032404231822117602e-02,-0.000000000000000000e+00,-1.688126778583268900e-02,0.000000000000000000e+00,-0.000000000000000000e+00,-0.000000000000000000e+00,-2.652747866351317652e-01,-0.000000000000000000e+00,-2.602312340449647321e-01,-0.000000000000000000e+00,-2.350216637606581394e-01,-2.315537872569082070e-02,-0.000000000000000000e+00,-0.000000000000000000e+00,-0.000000000000000000e+00,-2.494635567384786423e-01,-4.199376608200089400e-01,-4.007896787398123467e-02,-0.000000000000000000e+00,2.419091414406737695e+00,0.000000000000000000e+00,-5.598478545458553945e-01,-0.000000000000000000e+00,-5.229510726676945831e-01,-0.000000000000000000e+00,0.000000000000000000e+00
-0.000000000000000000e+00,-2.243274110181659731e-01,-0.000000000000000000e+00,-0.000000000000000000e+00,-3.535374724662667112e-01,8.592665971558828553e-02,0.000000000000000000e+00,4.698125894714563766e-01,-0.000000000000000000e+00,-0.000000000000000000e+00,0.000000000000000000e+00,-2.216563429878436464e-01,1.428504605648938663e-01,-0.000000000000000000e+00,-0.000000000000000000e+00,-0.000000000000000000e+00,-0.000000000000000000e+00,0.000000000000000000e+00,-1.876816431905685423e-01,-0.000000000000000000e+00,0.000000000000000000e+00,0.000000000000000000e+00,0.000000000000000000e+00,0.000000000000000000e+00,0.000000000000000000e+00,0.000000000000000000e+00,-0.000000000000000000e+00,-0.000000000000000000e+00,8.058163581592184266e-03,-0.000000000000000000e+00,-0.000000000000000000e+00,0.000000000000000000e+00,0.000000000000000000e+00,1.666154960585090494e+00,1.659579207213271179e-01,-0.000000000000000000e+00,5.811122419321825688e-02,-0.000000000000000000e+00,-0.000000000000000000e+00
0.000000000000000000e+00,0.000000000000000000e+00,-0.000000000000000000e+00,-0.000000000000000000e+00,0.000000000000000000e+00,-1.976593055018376066e-02,-0.000000000000000000e+00,0.000000000000000000e+00,-0.000000000000000000e+00,-0.000000000000000000e+00,-0.000000000000000000e+00,0.000000000000000000e+00,-0.000000000000000000e+00,-3.069705907718922600e-01,0.000000000000000000e+00,-0.000000000000000000e+00,0.000000000000000000e+00,-1.179989895084175566e-02,-0.000000000000000000e+00,-0.000000000000000000e+00,-0.000000000000000000e+00,-9.647730511053461896e-03,-0.000000000000000000e+00,-0.000000000000000000e+00,-0.000000000000000000e+00,-0.000000000000000000e+00,-0.000000000000000000e+00,-0.000000000000000000e+00,-8.910196320454210062e-01,-0.000000000000000000e+00,-0.000000000000000000e+00,-1.860155138688846799e-01,-5.598478545458553945e-01,1.659579207213271179e-01,2.616271647357589103e+00,-0.000000000000000000e+00,-6.615930532323709423e-01,-0.000000000000000000e+00,-0.000000000000000000e+00
-2.774620447896730679e-01,-1.335194621040548032e-03,-2.977980716937512207e-01,-0.000000000000000000e+00,-0.000000000000000000e+00,5.536287666569063987e-02,-0.000000000000000000e+00,0.000000000000000000e+00,-1.208894969419756389e-02,-3.399960458064477664e-01,5.346725508940802091e-02,-0.000000000000000000e+00,0.000000000000000000e+00,-0.000000000000000000e+00,-0.000000000000000000e+00,-1.142312923883631315e-01,-0.000000000000000000e+00,-0.000000000000000000e+00,-2.263994721922071018e-01,-0.000000000000000000e+00,0.000000000000000000e+00,0.000000000000000000e+00,0.000000000000000000e+00,0.000000000000000000e+00,0.000000000000000000e+00,-0.000000000000000000e+00,-0.000000000000000000e+00,-0.000000000000000000e+00,0.000000000000000000e+00,-2.539618079755510127e-01,-8.174811727804574824e-02,0.000000000000000000e+00,-0.000000000000000000e+00,-0.000000000000000000e+00,-0.000000000000000000e+00,1.702867808029442376e+00,0.000000000000000000e+00,-0.000000000000000000e+00,-0.000000000000000000e+00
0.000000000000000000e+00,0.000000000000000000e+00,-0.000000000000000000e+00,-0.000000000000000000e+00,0.000000000000000000e+00,-2.837750703918369699e-01,-0.000000000000000000e+00,0.000000000000000000e+00,0.000000000000000000e+00,-0.000000000000000000e+00,-0.000000000000000000e+00,0.000000000000000000e+00,-0.000000000000000000e+00,-1.380173274270707351e-01,0.000000000000000000e+00,-0.000000000000000000e+00,0.000000000000000000e+00,-0.000000000000000000e+00,0.000000000000000000e+00,-0.000000000000000000e+00,-3.127054098673015536e-02,-3.878075049744382496e-02,-5.265491584880045012e-02,-1.341799341999332373e-01,-1.633011641769150923e-01,-0.000000000000000000e+00,-0.000000000000000000e+00,-0.000000000000000000e+00,-8.135376805215932539e-02,-0.000000000000000000e+00,-0.000000000000000000e+00,-6.427563600267918176e-01,-5.229510726676945831e-01,5.811122419321825688e-02,-6.615930532323709423e-01,0.000000000000000000e+00,2.662078115901207465e+00,0.000000000000000000e+00,0.000000000000000000e+00
-3.005836778339581739e-01,-0.000000000000000000e+00,-0.000000000000000000e+00,0.000000000000000000e+00,-0.000000000000000000e+00,0.000000000000000000e+00,-0.000000000000000000e+00,-0.000000000000000000e+00,-0.000000000000000000e+00,-0.000000000000000000e+00,0.000000000000000000e+00,-2.645327170535419770e-01,-2.126399133970933303e-02,-0.000000000000000000e+00,-6.843185991078917230e-01,-0.000000000000000000e+00,-0.000000000000000000e+00,2.486306827100903671e-01,0.000000000000000000e+00,-0.000000000000000000e+00,5.596563386405646601e-02,0.000000000000000000e+00,0.000000000000000000e+00,3.630197766980337859e-02,4.533143979777588123e-02,-1.454037702130423770e-01,-6.814088500058733400e-02,-1.539118672854789538e-01,-0.000000000000000000e+00,0.000000000000000000e+00,-0.000000000000000000e+00,0.000000000000000000e+00,-0.000000000000000000e+00,-0.000000000000000000e+00,-0.000000000000000000e+00,-0.000000000000000000e+00,0.000000000000000000e+00,2.299227063111434433e+00,-5.122085999446739368e-01
-1.236647164268233623e-01,-7.297334386708027865e-02,-0.000000000000000000e+00,0.000000000000000000e+00,-5.953559514161033822e-02,3.858400777965394907e-02,-0.000000000000000000e+00,0.000000000000000000e+00,-5.057933788430243327e-01,-0.000000000000000000e+00,0.000000000000000000e+00,-2.473833483351255483e-02,-0.000000000000000000e+00,-0.000000000000000000e+00,-0.000000000000000000e+00,-0.000000000000000000e+00,0.000000000000000000e+00,9.685398816203004413e-02,0.000000000000000000e+00,-0.000000000000000000e+00,0.000000000000000000e+00,0.000000000000000000e+00,0.000000000000000000e+00,0.000000000000000000e+00,0.000000000000000000e+00,-0.000000000000000000e+00,-7.247513343435828953e-03,-0.000000000000000000e+00,-0.000000000000000000e+00,-0.000000000000000000e+00,-0.000000000000000000e+00,0.000000000000000000e+00,0.000000000000000000e+00,-0.000000000000000000e+00,-0.000000000000000000e+00,-0.000000000000000000e+00,0.000000000000000000e+00,-5.122085999446739368e-01,1.675157388661217883e+00
