1.836766880554840942e+00,-4.741658118820127887e-01,-0.000000000000000000e+00,1.112734910821615714e-01,-0.000000000000000000e+00,0.000000000000000000e+00,-0.000000000000000000e+00,3.140508038234613442e-01,-0.000000000000000000e+00,-0.000000000000000000e+00,-0.000000000000000000e+00,0.000000000000000000e+00,-0.000000000000000000e+00,-1.318604704783220283e-01,3.658693658114372214e-03,-2.208071356400648499e-01,-0.000000000000000000e+00,-0.000000000000000000e+00,0.000000000000000000e+00,0.000000000000000000e+00,0.000000000000000000e+00,0.000000000000000000e+00,-6.953472564732018912e-02,-0.000000000000000000e+00,-2.069378492694894101e-02,-0.000000000000000000e+00,0.000000000000000000e+00,-0.000000000000000000e+00,-2.058910765581651314e-01,-3.367735931386180992e-01,-0.000000000000000000e+00,-0.000000000000000000e+00,-0.000000000000000000e+00,-0.000000000000000000e+00,-7.899411243921908299e-02,-1.375131479742476570e-01,-0.000000000000000000e+00,-1.281652575313560471e-01,-0.000000000000000000e+00
-4.741658118820127887e-01,1.655364116159850907e+00,-0.000000000000000000e+00,0.000000000000000000e+00,-5.357542528334414272e-03,0.000000000000000000e+00,-0.000000000000000000e+00,5.823279895800553135e-02,-3.169642658291578763e-01,0.000000000000000000e+00,-0.000000000000000000e+00,-0.000000000000000000e+00,-0.000000000000000000e+00,-0.000000000000000000e+00,0.000000000000000000e+00,-0.000000000000000000e+00,0.000000000000000000e+00,-0.000000000000000000e+00,0.000000000000000000e+00,2.630297097406004980e-02,2.806932559242881764e-01,0.000000000000000000e+00,-0.000000000000000000e+00,0.000000000000000000e+00,0.000000000000000000e+00,-0.000000000000000000e+00,-0.000000000000000000e+00,0.000000000000000000e+00,-0.000000000000000000e+00,-2.615000965070178873e-01,0.000000000000000000e+00,-0.000000000000000000e+00,0.000000000000000000e+00,-0.000000000000000000e+00,-0.000000000000000000e+00,-0.000000000000000000e+00,0.000000000000000000e+00,-0.000000000000000000e+00,-2.404092460474463455e-01
-0.000000000000000000e+00,-0.000000000000000000e+00,1.880372731597923064e+00,0.000000000000000000e+00,-6.261101514191506068e-01,0.000000000000000000e+00,-0.000000000000000000e+00,1.057095119435488145e-01,-0.000000000000000000e+00,-0.000000000000000000e+00,0.000000000000000000e+00,-0.000000000000000000e+00,0.000000000000000000e+00,-0.000000000000000000e+00,-3.117933860303848115e-02,-0.000000000000000000e+00,0.000000000000000000e+00,-4.420502232867589143e-01,-0.000000000000000000e+00,-0.000000000000000000e+00,-3.869706824242589716e-01,-0.000000000000000000e+00,-8.642039086310263074e-02,-0.000000000000000000e+00,-0.000000000000000000e+00,0.000000000000000000e+00,0.000000000000000000e+00,-0.000000000000000000e+00,0.000000000000000000e+00,-0.000000000000000000e+00,0.000000000000000000e+00,0.000000000000000000e+00,-1.148364609603963124e-02,-1.651730953739914132e-01,0.000000000000000000e+00,0.000000000000000000e+00,0.000000000000000000e+00,-1.802207207550189372e-01,-1.598652336804461116e-01
1.112734910821615714e-01,0.000000000000000000e+00,0.000000000000000000e+00,1.521182380885770957e+00,0.000000000000000000e+00,-1.981629252019077025e-01,-7.560619701430060235e-02,-3.599430123939270643e-01,0.000000000000000000e+00,0.000000000000000000e+00,0.000000000000000000e+00,-0.000000000000000000e+00,-0.000000000000000000e+00,-0.000000000000000000e+00,-0.000000000000000000e+00,-0.000000000000000000e+00,-0.000000000000000000e+00,0.000000000000000000e+00,-0.000000000000000000e+00,-2.904674038774752720e-01,-0.000000000000000000e+00,-0.000000000000000000e+00,0.000000000000000000e+00,-0.000000000000000000e+00,2.373590967878722036e-02,-0.000000000000000000e+00,-0.000000000000000000e+00,-1.542048714156591949e-01,-0.000000000000000000e+00,1.717055550501420669e-01,0.000000000000000000e+00,-0.000000000000000000e+00,-0.000000000000000000e+00,0.000000000000000000e+00,-0.000000000000000000e+00,-0.000000000000000000e+00,-0.000000000000000000e+00,0.000000000000000000e+00,1.439434713915813957e-01
-0.000000000000000000e+00,-5.357542528334414272e-03,-6.261101514191506068e-01,0.000000000000000000e+00,1.984305104264856290e+00,0.000000000000000000e+00,-0.000000000000000000e+00,2.533986758400789130e-01,-0.000000000000000000e+00,-0.000000000000000000e+00,-0.000000000000000000e+00,-2.119112158592812989e-01,-0.000000000000000000e+00,-4.099287925792591825e-01,-0.000000000000000000e+00,-0.000000000000000000e+00,-0.000000000000000000e+00,-0.000000000000000000e+00,-0.000000000000000000e+00,0.000000000000000000e+00,-0.000000000000000000e+00,0.000000000000000000e+00,-8.462483231809860007e-02,-0.000000000000000000e+00,-0.000000000000000000e+00,-5.335859618451632702e-02,-0.000000000000000000e+00,-0.000000000000000000e+00,-0.000000000000000000e+00,-0.000000000000000000e+00,-0.000000000000000000e+00,-0.000000000000000000e+00,-0.000000000000000000e+00,-4.829059982516483718e-01,-0.000000000000000000e+00,0.000000000000000000e+00,0.000000000000000000e+00,-2.329795366343233656e-02,-9.151428703637930206e-02
0.000000000000000000e+00,0.000000000000000000e+00,0.000000000000000000e+00,-1.981629252019077025e-01,0.000000000000000000e+00,1.862464177283878142e+00,-6.761209926472121212e-02,-0.000000000000000000e+00,8.536947227283870135e-03,-0.000000000000000000e+00,-0.000000000000000000e+00,-0.000000000000000000e+00,-1.056455782845446001e-01,-0.000000000000000000e+00,-0.000000000000000000e+00,-0.000000000000000000e+00,-4.325970803751510996e-01,0.000000000000000000e+00,0.000000000000000000e+00,-3.098132874580811769e-01,-0.000000000000000000e+00,-1.502867427531547340e-01,-0.000000000000000000e+00,-0.000000000000000000e+00,0.000000000000000000e+00,-0.000000000000000000e+00,-0.000000000000000000e+00,-1.754177852721375552e-01,-0.000000000000000000e+00,0.000000000000000000e+00,-0.000000000000000000e+00,-1.971076749900586844e-01,-0.000000000000000000e+00,0.000000000000000000e+00,-0.000000000000000000e+00,-0.000000000000000000e+00,-2.208328282345210503e-01,0.000000000000000000e+00,3.874676727396555304e-02
-0.000000000000000000e+00,-0.000000000000000000e+00,-0.000000000000000000e+00,-7.560619701430060235e-02,-0.000000000000000000e+00,-6.761209926472121212e-02,1.363341582403722718e+00,0.000000000000000000e+00,0.000000000000000000e+00,-7.572050209017239242e-02,-0.000000000000000000e+00,-0.000000000000000000e+00,-3.331724882901286877e-01,-2.261391542755604965e-03,0.000000000000000000e+00,-2.461973153586338448e-01,-0.000000000000000000e+00,-6.098073139542464251e-03,-0.000000000000000000e+00,-0.000000000000000000e+00,-0.000000000000000000e+00,-1.757520996026558924e-01,-0.000000000000000000e+00,-2.037653692788414170e-02,-0.000000000000000000e+00,-0.000000000000000000e+00,9.786769559089787685e-02,-0.000000000000000000e+00,-0.000000000000000000e+00,-0.000000000000000000e+00,-0.000000000000000000e+00,-0.000000000000000000e+00,-0.000000000000000000e+00,0.000000000000000000e+00,-0.000000000000000000e+00,-0.000000000000000000e+00,-0.000000000000000000e+00,0.000000000000000000e+00,-0.000000000000000000e+00
3.140508038234613442e-01,5.823279895800553135e-02,1.057095119435488145e-01,-3.599430123939270643e-01,2.533986758400789130e-01,-0.000000000000000000e+00,0.000000000000000000e+00,1.729144299191353706e+00,0.000000000000000000e+00,0.000000000000000000e+00,1.589682949356368280e-01,-0.000000000000000000e+00,0.000000000000000000e+00,1.404563749059423439e-01,-4.123226717267411412e-02,1.249010345582504539e-01,0.000000000000000000e+00,0.000000000000000000e+00,-0.000000000000000000e+00,-2.031862212266391521e-01,-0.000000000000000000e+00,-0.000000000000000000e+00,7.536213735996305507e-02,0.000000000000000000e+00,1.889177100194494308e-01,0.000000000000000000e+00,-0.000000000000000000e+00,-0.000000000000000000e+00,0.000000000000000000e+00,1.784614992577301246e-02,0.000000000000000000e+00,0.000000000000000000e+00,0.000000000000000000e+00,0.000000000000000000e+00,0.000000000000000000e+00,0.000000000000000000e+00,0.000000000000000000e+00,0.000000000000000000e+00,9.816031637644451191e-02
-0.000000000000000000e+00,-3.169642658291578763e-01,-0.000000000000000000e+00,0.000000000000000000e+00,-0.000000000000000000e+00,8.536947227283870135e-03,0.000000000000000000e+00,0.000000000000000000e+00,2.882231939583795199e+00,6.071534863983370223e-02,0.000000000000000000e+00,-9.245455056684960538e-02,0.000000000000000000e+00,-0.000000000000000000e+00,-1.758812270861027094e-01,0.000000000000000000e+00,1.435900831330585437e-01,-1.063981524388384337e-01,-1.816435132747066528e-01,0.000000000000000000e+00,0.000000000000000000e+00,3.130283027543819679e-02,0.000000000000000000e+00,0.000000000000000000e+00,0.000000000000000000e+00,-0.000000000000000000e+00,-1.319898874921391907e-01,0.000000000000000000e+00,0.000000000000000000e+00,-0.000000000000000000e+00,0.000000000000000000e+00,0.000000000000000000e+00,0.000000000000000000e+00,-8.520242578685549573e-01,0.000000000000000000e+00,0.000000000000000000e+00,5.431550850374408101e-01,-2.327618222724815999e-01,-6.116845364885421521e-01
-0.000000000000000000e+00,0.000000000000000000e+00,-0.000000000000000000e+00,0.000000000000000000e+00,-0.000000000000000000e+00,-0.000000000000000000e+00,-7.572050209017239242e-02,0.000000000000000000e+00,6.071534863983370223e-02,2.567965192957788023e+00,-6.582922221637639570e-02,0.000000000000000000e+00,-0.000000000000000000e+00,-0.000000000000000000e+00,0.000000000000000000e+00,-8.617654590415443350e-01,-0.000000000000000000e+00,-0.000000000000000000e+00,0.000000000000000000e+00,-0.000000000000000000e+00,-0.000000000000000000e+00,-3.672503799899332066e-02,-4.845825471243310478e-02,-1.906289172383446306e-02,-3.918979791671241553e-01,-0.000000000000000000e+00,0.000000000000000000e+00,-0.000000000000000000e+00,-8.078787104845784606e-02,-0.000000000000000000e+00,-2.992836068550356332e-01,-0.000000000000000000e+00,-3.718332429884688151e-01,8.918557601169978949e-03,-1.823565616198783434e-01,-1.234855942997091088e-01,-2.718878843326164030e-01,-0.000000000000000000e+00,-0.000000000000000000e+00
-0.000000000000000000e+00,-0.000000000000000000e+00,0.000000000000000000e+00,0.000000000000000000e+00,-0.000000000000000000e+00,-0.000000000000000000e+00,-0.000000000000000000e+00,1.589682949356368280e-01,0.000000000000000000e+00,-6.582922221637639570e-02,1.607978327458464252e+00,-0.000000000000000000e+00,-0.000000000000000000e+00,-1.927701501892744862e-01,1.148900963152577615e-01,-0.000000000000000000e+00,-5.673606554805625812e-01,0.000000000000000000e+00,1.027928933968877134e-01,6.188044704878339908e-02,0.000000000000000000e+00,0.000000000000000000e+00,-0.000000000000000000e+00,-7.496689790874666928e-03,-0.000000000000000000e+00,-1.407104700597489599e-01,0.000000000000000000e+00,0.000000000000000000e+00,-0.000000000000000000e+00,-0.000000000000000000e+00,-0.000000000000000000e+00,-1.245923455503034905e-01,-0.000000000000000000e+00,0.000000000000000000e+00,-2.214692416843922970e-02,-3.722514543981991775e-02,-0.000000000000000000e+00,0.000000000000000000e+00,0.000000000000000000e+00
0.000000000000000000e+00,-0.000000000000000000e+00,-0.000000000000000000e+00,-0.000000000000000000e+00,-2.119112158592812989e-01,-0.000000000000000000e+00,-0.000000000000000000e+00,-0.000000000000000000e+00,-9.245455056684960538e-02,0.000000000000000000e+00,-0.000000000000000000e+00,1.472584569161555113e+00,-0.000000000000000000e+00,-0.000000000000000000e+00,-0.000000000000000000e+00,0.000000000000000000e+00,0.000000000000000000e+00,0.000000000000000000e+00,-0.000000000000000000e+00,0.000000000000000000e+00,3.397998480088358364e-01,0.000000000000000000e+00,0.000000000000000000e+00,-0.000000000000000000e+00,0.000000000000000000e+00,-0.000000000000000000e+00,-2.974029778849560657e-01,0.000000000000000000e+00,0.000000000000000000e+00,0.000000000000000000e+00,0.000000000000000000e+00,-0.000000000000000000e+00,0.000000000000000000e+00,-1.700841670943498973e-01,0.000000000000000000e+00,0.000000000000000000e+00,1.908556908068785932e-02,0.000000000000000000e+00,-1.724096767839753963e-01
-0.000000000000000000e+00,-0.000000000000000000e+00,0.000000000000000000e+00,-0.000000000000000000e+00,-0.000000000000000000e+00,-1.056455782845446001e-01,-3.331724882901286877e-01,0.000000000000000000e+00,0.000000000000000000e+00,-0.000000000000000000e+00,-0.000000000000000000e+00,-0.000000000000000000e+00,1.611333278965201510e+00,-6.079558741142324085e-02,1.937681656221909576e-01,-0.000000000000000000e+00,-0.000000000000000000e+00,0.000000000000000000e+00,0.000000000000000000e+00,0.000000000000000000e+00,0.000000000000000000e+00,-1.525841991618448745e-01,-0.000000000000000000e+00,-0.000000000000000000e+00,0.000000000000000000e+00,-0.000000000000000000e+00,0.000000000000000000e+00,0.000000000000000000e+00,-0.000000000000000000e+00,-0.000000000000000000e+00,-0.000000000000000000e+00,-2.979796051878804142e-01,-0.000000000000000000e+00,0.000000000000000000e+00,-1.966120344436143863e-01,-0.000000000000000000e+00,-0.000000000000000000e+00,2.540578787994181575e-01,-0.000000000000000000e+00
-1.318604704783220283e-01,-0.000000000000000000e+00,-0.000000000000000000e+00,-0.000000000000000000e+00,-4.099287925792591825e-01,-0.000000000000000000e+00,-2.261391542755604965e-03,1.404563749059423439e-01,-0.000000000000000000e+00,-0.000000000000000000e+00,-1.927701501892744862e-01,-0.000000000000000000e+00,-6.079558741142324085e-02,1.647114940162993868e+00,0.000000000000000000e+00,-4.289115027457260365e-02,-6.330736949963318427e-02,-0.000000000000000000e+00,0.000000000000000000e+00,0.000000000000000000e+00,-0.000000000000000000e+00,-0.000000000000000000e+00,-4.387382288879564107e-02,-4.355994996556675769e-01,-6.841557583129836972e-02,-7.609934760004469223e-02,-0.000000000000000000e+00,-0.000000000000000000e+00,-8.163607596481557704e-02,-0.000000000000000000e+00,-0.000000000000000000e+00,-8.302563353665058654e-02,-2.383153481978227822e-02,-0.000000000000000000e+00,-2.896635537189752238e-02,-0.000000000000000000e+00,-0.000000000000000000e+00,-0.000000000000000000e+00,-0.000000000000000000e+00
3.658693658114372214e-03,0.000000000000000000e+00,-3.117933860303848115e-02,-0.000000000000000000e+00,-0.000000000000000000e+00,-0.000000000000000000e+00,0.000000000000000000e+00,-4.123226717267411412e-02,-1.758812270861027094e-01,0.000000000000000000e+00,1.148900963152577615e-01,-0.000000000000000000e+00,1.937681656221909576e-01,0.000000000000000000e+00,1.987555827043664847e+00,0.000000000000000000e+00,0.000000000000000000e+00,-1.812575039941811406e-01,-8.392420967719200764e-01,-3.344440861019552097e-02,-0.000000000000000000e+00,0.000000000000000000e+00,0.000000000000000000e+00,0.000000000000000000e+00,0.000000000000000000e+00,-0.000000000000000000e+00,-1.782918139228329563e-02,-1.948089421322614090e-01,0.000000000000000000e+00,-0.000000000000000000e+00,0.000000000000000000e+00,0.000000000000000000e+00,0.000000000000000000e+00,-9.234185365721207794e-02,2.413795461833745104e-01,0.000000000000000000e+00,0.000000000000000000e+00,-6.199283175124892242e-02,-0.000000000000000000e+00
-2.208071356400648499e-01,-0.000000000000000000e+00,-0.000000000000000000e+00,-0.000000000000000000e+00,-0.000000000000000000e+00,-0.000000000000000000e+00,-2.461973153586338448e-01,1.249010345582504539e-01,0.000000000000000000e+00,-8.617654590415443350e-01,-0.000000000000000000e+00,0.000000000000000000e+00,-0.000000000000000000e+00,-4.289115027457260365e-02,0.000000000000000000e+00,2.099712583148311218e+00,-0.000000000000000000e+00,-0.000000000000000000e+00,0.000000000000000000e+00,-0.000000000000000000e+00,-0.000000000000000000e+00,-0.000000000000000000e+00,-1.172994508351744014e-01,-0.000000000000000000e+00,-0.000000000000000000e+00,-2.763580941738227326e-01,0.000000000000000000e+00,-0.000000000000000000e+00,-8.480245602829072915e-02,-4.020115789689892444e-02,-0.000000000000000000e+00,-5.391726423505811133e-02,-1.375584595422700215e-02,0.000000000000000000e+00,-3.249613996662827770e-02,-1.503229112808604495e-01,-0.000000000000000000e+00,-0.000000000000000000e+00,-0.000000000000000000e+00
-0.000000000000000000e+00,0.000000000000000000e+00,0.000000000000000000e+00,-0.000000000000000000e+00,-0.000000000000000000e+00,-4.325970803751510996e-01,-0.000000000000000000e+00,0.000000000000000000e+00,1.435900831330585437e-01,-0.000000000000000000e+00,-5.673606554805625812e-01,0.000000000000000000e+00,-0.000000000000000000e+00,-6.330736949963318427e-02,0.000000000000000000e+00,-0.000000000000000000e+00,2.003109378365481863e+00,0.000000000000000000e+00,0.000000000000000000e+00,-0.000000000000000000e+00,-0.000000000000000000e+00,-0.000000000000000000e+00,-0.000000000000000000e+00,-0.000000000000000000e+00,-0.000000000000000000e+00,-1.961422174677780184e-01,0.000000000000000000e+00,-1.001534443360643442e-02,-0.000000000000000000e+00,0.000000000000000000e+00,-0.000000000000000000e+00,-1.760653039777916595e-01,-6.691677006277471640e-02,0.000000000000000000e+00,-1.011534065879192007e-01,-0.000000000000000000e+00,-2.778958994777460667e-01,0.000000000000000000e+00,0.000000000000000000e+00
-0.000000000000000000e+00,-0.000000000000000000e+00,-4.420502232867589143e-01,0.000000000000000000e+00,-0.000000000000000000e+00,0.000000000000000000e+00,-6.098073139542464251e-03,0.000000000000000000e+00,-1.063981524388384337e-01,-0.000000000000000000e+00,0.000000000000000000e+00,0.000000000000000000e+00,0.000000000000000000e+00,-0.000000000000000000e+00,-1.812575039941811406e-01,-0.000000000000000000e+00,0.000000000000000000e+00,2.184920831345999570e+00,-7.605690226993165881e-01,-0.000000000000000000e+00,-0.000000000000000000e+00,-0.000000000000000000e+00,-0.000000000000000000e+00,-0.000000000000000000e+00,-9.756083553325458832e-03,-0.000000000000000000e+00,0.000000000000000000e+00,0.000000000000000000e+00,0.000000000000000000e+00,-0.000000000000000000e+00,0.000000000000000000e+00,0.000000000000000000e+00,-0.000000000000000000e+00,-0.000000000000000000e+00,0.000000000000000000e+00,0.000000000000000000e+00,0.000000000000000000e+00,-3.085745833042810027e-01,-4.177896842655400289e-01
0.000000000000000000e+00,0.000000000000000000e+00,-0.000000000000000000e+00,-0.000000000000000000e+00,-0.000000000000000000e+00,0.000000000000000000e+00,-0.000000000000000000e+00,-0.000000000000000000e+00,-1.816435132747066528e-01,0.000000000000000000e+00,1.027928933968877134e-01,-0.000000000000000000e+00,0.000000000000000000e+00,0.000000000000000000e+00,-8.392420967719200764e-01,0.000000000000000000e+00,0.000000000000000000e+00,-7.605690226993165881e-01,2.525369554424354845e+00,-0.000000000000000000e+00,-0.000000000000000000e+00,0.000000000000000000e+00,0.000000000000000000e+00,-0.000000000000000000e+00,-0.000000000000000000e+00,0.000000000000000000e+00,-0.000000000000000000e+00,0.000000000000000000e+00,2.160591594705486562e-01,-0.000000000000000000e+00,0.000000000000000000e+00,0.000000000000000000e+00,0.000000000000000000e+00,-0.000000000000000000e+00,5.650347166564880647e-02,3.002768995836412325e-01,1.993717077496300616e-01,-0.000000000000000000e+00,-0.000000000000000000e+00
0.000000000000000000e+00,2.630297097406004980e-02,-0.000000000000000000e+00,-2.904674038774752720e-01,0.000000000000000000e+00,-3.098132874580811769e-01,-0.000000000000000000e+00,-2.031862212266391521e-01,0.000000000000000000e+00,-0.000000000000000000e+00,6.188044704878339908e-02,0.000000000000000000e+00,0.000000000000000000e+00,0.000000000000000000e+00,-3.344440861019552097e-02,-0.000000000000000000e+00,-0.000000000000000000e+00,-0.000000000000000000e+00,-0.000000000000000000e+00,2.217659641224204670e+00,-4.939332796749558163e-01,-4.531679840821379313e-01,-0.000000000000000000e+00,-0.000000000000000000e+00,0.000000000000000000e+00,-0.000000000000000000e+00,-0.000000000000000000e+00,-6.717860331332240476e-01,-0.000000000000000000e+00,0.000000000000000000e+00,-0.000000000000000000e+00,-0.000000000000000000e+00,-0.000000000000000000e+00,0.000000000000000000e+00,-0.000000000000000000e+00,-0.000000000000000000e+00,-0.000000000000000000e+00,0.000000000000000000e+00,4.652493228011460313e-02
0.000000000000000000e+00,2.806932559242881764e-01,-3.869706824242589716e-01,-0.000000000000000000e+00,-0.000000000000000000e+00,-0.000000000000000000e+00,-0.000000000000000000e+00,-0.000000000000000000e+00,0.000000000000000000e+00,-0.000000000000000000e+00,0.000000000000000000e+00,3.397998480088358364e-01,0.000000000000000000e+00,-0.000000000000000000e+00,-0.000000000000000000e+00,-0.000000000000000000e+00,-0.000000000000000000e+00,-0.000000000000000000e+00,-0.000000000000000000e+00,-4.939332796749558163e-01,2.431738946918506006e+00,-7.367349675393308761e-01,-5.151184064905837967e-02,-0.000000000000000000e+00,-0.000000000000000000e+00,0.000000000000000000e+00,0.000000000000000000e+00,-0.000000000000000000e+00,-0.000000000000000000e+00,-0.000000000000000000e+00,-0.000000000000000000e+00,0.000000000000000000e+00,-6.794696350606870272e-01,0.000000000000000000e+00,-0.000000000000000000e+00,-0.000000000000000000e+00,-0.000000000000000000e+00,-0.000000000000000000e+00,0.000000000000000000e+00
0.000000000000000000e+00,0.000000000000000000e+00,-0.000000000000000000e+00,-0.000000000000000000e+00,0.000000000000000000e+00,-1.502867427531547340e-01,-1.757520996026558924e-01,-0.000000000000000000e+00,3.130283027543819679e-02,-3.672503799899332066e-02,0.000000000000000000e+00,0.000000000000000000e+00,-1.525841991618448745e-01,-0.000000000000000000e+00,0.000000000000000000e+00,-0.000000000000000000e+00,-0.000000000000000000e+00,-0.000000000000000000e+00,0.000000000000000000e+00,-4.531679840821379313e-01,-7.367349675393308761e-01,2.277807766954767832e+00,-0.000000000000000000e+00,-0.000000000000000000e+00,-0.000000000000000000e+00,0.000000000000000000e+00,0.000000000000000000e+00,-0.000000000000000000e+00,-0.000000000000000000e+00,0.000000000000000000e+00,-0.000000000000000000e+00,-0.000000000000000000e+00,-4.471628606123290717e-01,0.000000000000000000e+00,-6.084656065626461302e-02,-0.000000000000000000e+00,-6.943741660541884186e-02,0.000000000000000000e+00,0.000000000000000000e+00
-6.953472564732018912e-02,-0.000000000000000000e+00,-8.642039086310263074e-02,0.000000000000000000e+00,-8.462483231809860007e-02,-0.000000000000000000e+00,-0.000000000000000000e+00,7.536213735996305507e-02,0.000000000000000000e+00,-4.845825471243310478e-02,-0.000000000000000000e+00,0.000000000000000000e+00,-0.000000000000000000e+00,-4.387382288879564107e-02,0.000000000000000000e+00,-1.172994508351744014e-01,-0.000000000000000000e+00,-0.000000000000000000e+00,0.000000000000000000e+00,-0.000000000000000000e+00,-5.151184064905837967e-02,-0.000000000000000000e+00,2.133655393418607549e+00,-0.000000000000000000e+00,-1.007908810261116450e+00,-0.000000000000000000e+00,0.000000000000000000e+00,-0.000000000000000000e+00,-3.793302248533652471e-02,-2.689312320715918636e-01,-1.467993427129770379e-01,-0.000000000000000000e+00,-2.524726773877569164e-01,0.000000000000000000e+00,-0.000000000000000000e+00,-0.000000000000000000e+00,-0.000000000000000000e+00,-3.500162613676412182e-02,-0.000000000000000000e+00
-0.000000000000000000e+00,0.000000000000000000e+00,-0.000000000000000000e+00,-0.000000000000000000e+00,-0.000000000000000000e+00,-0.000000000000000000e+00,-2.037653692788414170e-02,0.000000000000000000e+00,0.000000000000000000e+00,-1.906289172383446306e-02,-7.496689790874666928e-03,-0.000000000000000000e+00,-0.000000000000000000e+00,-4.355994996556675769e-01,0.000000000000000000e+00,-0.000000000000000000e+00,-0.000000000000000000e+00,-0.000000000000000000e+00,-0.000000000000000000e+00,-0.000000000000000000e+00,-0.000000000000000000e+00,-0.000000000000000000e+00,-0.000000000000000000e+00,1.206479295628914317e+00,-9.330388100098625792e-02,-0.000000000000000000e+00,0.000000000000000000e+00,-0.000000000000000000e+00,-0.000000000000000000e+00,-0.000000000000000000e+00,-0.000000000000000000e+00,-0.000000000000000000e+00,-2.914414896249066175e-02,0.000000000000000000e+00,-0.000000000000000000e+00,0.000000000000000000e+00,-0.000000000000000000e+00,0.000000000000000000e+00,-0.000000000000000000e+00
-2.069378492694894101e-02,0.000000000000000000e+00,-0.000000000000000000e+00,2.373590967878722036e-02,-0.000000000000000000e+00,0.000000000000000000e+00,-0.000000000000000000e+00,1.889177100194494308e-01,0.000000000000000000e+00,-3.918979791671241553e-01,-0.000000000000000000e+00,0.000000000000000000e+00,0.000000000000000000e+00,-6.841557583129836972e-02,0.000000000000000000e+00,-0.000000000000000000e+00,-0.000000000000000000e+00,-9.756083553325458832e-03,-0.000000000000000000e+00,0.000000000000000000e+00,-0.000000000000000000e+00,-0.000000000000000000e+00,-1.007908810261116450e+00,-9.330388100098625792e-02,2.058737110216689814e+00,-0.000000000000000000e+00,0.000000000000000000e+00,0.000000000000000000e+00,-0.000000000000000000e+00,-1.247026434783254922e-01,-0.000000000000000000e+00,-0.000000000000000000e+00,-0.000000000000000000e+00,0.000000000000000000e+00,-0.000000000000000000e+00,-0.000000000000000000e+00,-0.000000000000000000e+00,-1.274128553232158345e-01,-4.468879012380065630e-02
-0.000000000000000000e+00,-0.000000000000000000e+00,0.000000000000000000e+00,-0.000000000000000000e+00,-5.335859618451632702e-02,-0.000000000000000000e+00,-0.000000000000000000e+00,0.000000000000000000e+00,-0.000000000000000000e+00,-0.000000000000000000e+00,-1.407104700597489599e-01,-0.000000000000000000e+00,-0.000000000000000000e+00,-7.609934760004469223e-02,-0.000000000000000000e+00,-2.763580941738227326e-01,-1.961422174677780184e-01,-0.000000000000000000e+00,0.000000000000000000e+00,-0.000000000000000000e+00,0.000000000000000000e+00,0.000000000000000000e+00,-0.000000000000000000e+00,-0.000000000000000000e+00,-0.000000000000000000e+00,1.538278809902423383e+00,-1.120113037641232573e-01,-3.976151096149620479e-01,-0.000000000000000000e+00,-4.742183281922870280e-02,-0.000000000000000000e+00,-2.374253764984003701e-01,-0.000000000000000000e+00,-0.000000000000000000e+00,-0.000000000000000000e+00,-0.000000000000000000e+00,-0.000000000000000000e+00,-1.085349015825124164e-01,-0.000000000000000000e+00
0.000000000000000000e+00,-0.000000000000000000e+00,0.000000000000000000e+00,-0.000000000000000000e+00,-0.000000000000000000e+00,-0.000000000000000000e+00,9.786769559089787685e-02,-0.000000000000000000e+00,-1.319898874921391907e-01,0.000000000000000000e+00,0.000000000000000000e+00,-2.974029778849560657e-01,0.000000000000000000e+00,-0.000000000000000000e+00,-1.782918139228329563e-02,0.000000000000000000e+00,0.000000000000000000e+00,0.000000000000000000e+00,-0.000000000000000000e+00,-0.000000000000000000e+00,0.000000000000000000e+00,0.000000000000000000e+00,0.000000000000000000e+00,0.000000000000000000e+00,0.000000000000000000e+00,-1.120113037641232573e-01,1.260831588195498787e+00,-0.000000000000000000e+00,0.000000000000000000e+00,0.000000000000000000e+00,-0.000000000000000000e+00,-0.000000000000000000e+00,8.614769871248442734e-02,-1.925430675593152174e-01,-0.000000000000000000e+00,0.000000000000000000e+00,0.000000000000000000e+00,-0.000000000000000000e+00,-0.000000000000000000e+00
-0.000000000000000000e+00,0.000000000000000000e+00,-0.000000000000000000e+00,-1.542048714156591949e-01,-0.000000000000000000e+00,-1.754177852721375552e-01,-0.000000000000000000e+00,-0.000000000000000000e+00,0.000000000000000000e+00,-0.000000000000000000e+00,0.000000000000000000e+00,0.000000000000000000e+00,0.000000000000000000e+00,-0.000000000000000000e+00,-1.948089421322614090e-01,-0.000000000000000000e+00,-1.001534443360643442e-02,0.000000000000000000e+00,0.000000000000000000e+00,-6.717860331332240476e-01,-0.000000000000000000e+00,-0.000000000000000000e+00,-0.000000000000000000e+00,-0.000000000000000000e+00,0.000000000000000000e+00,-3.976151096149620479e-01,-0.000000000000000000e+00,1.684345695793478592e+00,-0.000000000000000000e+00,-0.000000000000000000e+00,-1.335870722948252765e-01,-0.000000000000000000e+00,-0.000000000000000000e+00,0.000000000000000000e+00,-0.000000000000000000e+00,-0.000000000000000000e+00,-1.883057681514471032e-02,-3.553551344670904943e-02,0.000000000000000000e+00
-2.058910765581651314e-01,-0.000000000000000000e+00,0.000000000000000000e+00,-0.000000000000000000e+00,-0.000000000000000000e+00,-0.000000000000000000e+00,-0.000000000000000000e+00,0.000000000000000000e+00,0.000000000000000000e+00,-8.078787104845784606e-02,-0.000000000000000000e+00,0.000000000000000000e+00,-0.000000000000000000e+00,-8.163607596481557704e-02,0.000000000000000000e+00,-8.480245602829072915e-02,-0.000000000000000000e+00,0.000000000000000000e+00,2.160591594705486562e-01,-0.000000000000000000e+00,-0.000000000000000000e+00,-0.000000000000000000e+00,-3.793302248533652471e-02,-0.000000000000000000e+00,-0.000000000000000000e+00,-0.000000000000000000e+00,0.000000000000000000e+00,-0.000000000000000000e+00,2.460941604449256914e+00,-0.000000000000000000e+00,-2.186132382936248064e-01,-6.361906941923520797e-01,-0.000000000000000000e+00,0.000000000000000000e+00,-3.010087948815232117e-01,-2.180302039926722280e-01,-5.213934010875178604e-01,-0.000000000000000000e+00,0.000000000000000000e+00
-3.367735931386180992e-01,-2.615000965070178873e-01,-0.000000000000000000e+00,1.717055550501420669e-01,-0.000000000000000000e+00,0.000000000000000000e+00,-0.000000000000000000e+00,1.784614992577301246e-02,-0.000000000000000000e+00,-0.000000000000000000e+00,-0.000000000000000000e+00,0.000000000000000000e+00,-0.000000000000000000e+00,-0.000000000000000000e+00,-0.000000000000000000e+00,-4.020115789689892444e-02,0.000000000000000000e+00,-0.000000000000000000e+00,-0.000000000000000000e+00,0.000000000000000000e+00,-0.000000000000000000e+00,0.000000000000000000e+00,-2.689312320715918636e-01,-0.000000000000000000e+00,-1.247026434783254922e-01,-4.742183281922870280e-02,0.000000000000000000e+00,-0.000000000000000000e+00,-0.000000000000000000e+00,1.716214049385403673e+00,-0.000000000000000000e+00,-0.000000000000000000e+00,-0.000000000000000000e+00,-0.000000000000000000e+00,-0.000000000000000000e+00,-0.000000000000000000e+00,0.000000000000000000e+00,-3.631889493737185948e-01,-1.617686383693063834e-01
-0.000000000000000000e+00,0.000000000000000000e+00,0.000000000000000000e+00,0.000000000000000000e+00,-0.000000000000000000e+00,-0.000000000000000000e+00,-0.000000000000000000e+00,0.000000000000000000e+00,0.000000000000000000e+00,-2.992836068550356332e-01,-0.000000000000000000e+00,0.000000000000000000e+00,-0.000000000000000000e+00,-0.000000000000000000e+00,0.000000000000000000e+00,-0.000000000000000000e+00,-0.000000000000000000e+00,0.000000000000000000e+00,0.000000000000000000e+00,-0.000000000000000000e+00,-0.000000000000000000e+00,-0.000000000000000000e+00,-1.467993427129770379e-01,-0.000000000000000000e+00,-0.000000000000000000e+00,-0.000000000000000000e+00,-0.000000000000000000e+00,-1.335870722948252765e-01,-2.186132382936248064e-01,-0.000000000000000000e+00,1.601495235319762234e+00,-1.308832071855057233e-01,-3.302355285003277796e-02,0.000000000000000000e+00,-1.055381315917785501e-01,-0.000000000000000000e+00,-2.607547843472128868e-01,-0.000000000000000000e+00,0.000000000000000000e+00
-0.000000000000000000e+00,-0.000000000000000000e+00,0.000000000000000000e+00,-0.000000000000000000e+00,-0.000000000000000000e+00,-1.971076749900586844e-01,-0.000000000000000000e+00,0.000000000000000000e+00,0.000000000000000000e+00,-0.000000000000000000e+00,-1.245923455503034905e-01,-0.000000000000000000e+00,-2.979796051878804142e-01,-8.302563353665058654e-02,0.000000000000000000e+00,-5.391726423505811133e-02,-1.760653039777916595e-01,0.000000000000000000e+00,0.000000000000000000e+00,-0.000000000000000000e+00,0.000000000000000000e+00,-0.000000000000000000e+00,-0.000000000000000000e+00,-0.000000000000000000e+00,-0.000000000000000000e+00,-2.374253764984003701e-01,-0.000000000000000000e+00,-0.000000000000000000e+00,-6.361906941923520797e-01,-0.000000000000000000e+00,-1.308832071855057233e-01,2.611638613022862376e+00,-0.000000000000000000e+00,0.000000000000000000e+00,-1.534925053482867063e-01,-4.510519499461626003e-01,-3.533044154963798089e-01,0.000000000000000000e+00,0.000000000000000000e+00
-0.000000000000000000e+00,0.000000000000000000e+00,-1.148364609603963124e-02,-0.000000000000000000e+00,-0.000000000000000000e+00,-0.000000000000000000e+00,-0.000000000000000000e+00,0.000000000000000000e+00,0.000000000000000000e+00,-3.718332429884688151e-01,-0.000000000000000000e+00,0.000000000000000000e+00,-0.000000000000000000e+00,-2.383153481978227822e-02,0.000000000000000000e+00,-1.375584595422700215e-02,-6.691677006277471640e-02,-0.000000000000000000e+00,0.000000000000000000e+00,-0.000000000000000000e+00,-6.794696350606870272e-01,-4.471628606123290717e-01,-2.524726773877569164e-01,-2.914414896249066175e-02,-0.000000000000000000e+00,-0.000000000000000000e+00,8.614769871248442734e-02,-0.000000000000000000e+00,-0.000000000000000000e+00,-0.000000000000000000e+00,-3.302355285003277796e-02,-0.000000000000000000e+00,2.353173051886380485e+00,0.000000000000000000e+00,-1.493931347496129380e-01,-0.000000000000000000e+00,-3.761103835474951529e-01,-0.000000000000000000e+00,0.000000000000000000e+00
-0.000000000000000000e+00,-0.000000000000000000e+00,-1.651730953739914132e-01,0.000000000000000000e+00,-4.829059982516483718e-01,0.000000000000000000e+00,0.000000000000000000e+00,0.000000000000000000e+00,-8.520242578685549573e-01,8.918557601169978949e-03,0.000000000000000000e+00,-1.700841670943498973e-01,0.000000000000000000e+00,-0.000000000000000000e+00,-9.234185365721207794e-02,0.000000000000000000e+00,0.000000000000000000e+00,-0.000000000000000000e+00,-0.000000000000000000e+00,0.000000000000000000e+00,0.000000000000000000e+00,0.000000000000000000e+00,0.000000000000000000e+00,0.000000000000000000e+00,0.000000000000000000e+00,-0.000000000000000000e+00,-1.925430675593152174e-01,0.000000000000000000e+00,0.000000000000000000e+00,-0.000000000000000000e+00,0.000000000000000000e+00,0.000000000000000000e+00,0.000000000000000000e+00,2.145101787981872121e+00,0.000000000000000000e+00,2.317974024175727954e-01,0.000000000000000000e+00,-7.603649232420334192e-02,-0.000000000000000000e+00
-7.899411243921908299e-02,-0.000000000000000000e+00,0.000000000000000000e+00,-0.000000000000000000e+00,-0.000000000000000000e+00,-0.000000000000000000e+00,-0.000000000000000000e+00,0.000000000000000000e+00,0.000000000000000000e+00,-1.823565616198783434e-01,-2.214692416843922970e-02,0.000000000000000000e+00,-1.966120344436143863e-01,-2.896635537189752238e-02,2.413795461833745104e-01,-3.249613996662827770e-02,-1.011534065879192007e-01,0.000000000000000000e+00,5.650347166564880647e-02,-0.000000000000000000e+00,-0.000000000000000000e+00,-6.084656065626461302e-02,-0.000000000000000000e+00,-0.000000000000000000e+00,-0.000000000000000000e+00,-0.000000000000000000e+00,-0.000000000000000000e+00,-0.000000000000000000e+00,-3.010087948815232117e-01,-0.000000000000000000e+00,-1.055381315917785501e-01,-1.534925053482867063e-01,-1.493931347496129380e-01,0.000000000000000000e+00,1.984812574050505818e+00,-0.000000000000000000e+00,-3.005239346897427000e-01,0.000000000000000000e+00,0.000000000000000000e+00
-1.375131479742476570e-01,-0.000000000000000000e+00,0.000000000000000000e+00,-0.000000000000000000e+00,0.000000000000000000e+00,-0.000000000000000000e+00,-0.000000000000000000e+00,0.000000000000000000e+00,0.000000000000000000e+00,-1.234855942997091088e-01,-3.722514543981991775e-02,0.000000000000000000e+00,-0.000000000000000000e+00,-0.000000000000000000e+00,0.000000000000000000e+00,-1.503229112808604495e-01,-0.000000000000000000e+00,0.000000000000000000e+00,3.002768995836412325e-01,-0.000000000000000000e+00,-0.000000000000000000e+00,-0.000000000000000000e+00,-0.000000000000000000e+00,0.000000000000000000e+00,-0.000000000000000000e+00,-0.000000000000000000e+00,0.000000000000000000e+00,-0.000000000000000000e+00,-2.180302039926722280e-01,-0.000000000000000000e+00,-0.000000000000000000e+00,-4.510519499461626003e-01,-0.000000000000000000e+00,2.317974024175727954e-01,-0.000000000000000000e+00,2.044819542680077262e+00,-3.906928359885680768e-01,0.000000000000000000e+00,0.000000000000000000e+00
-0.000000000000000000e+00,0.000000000000000000e+00,0.000000000000000000e+00,-0.000000000000000000e+00,0.000000000000000000e+00,-2.208328282345210503e-01,-0.000000000000000000e+00,0.000000000000000000e+00,5.431550850374408101e-01,-2.718878843326164030e-01,-0.000000000000000000e+00,1.908556908068785932e-02,-0.000000000000000000e+00,-0.000000000000000000e+00,0.000000000000000000e+00,-0.000000000000000000e+00,-2.778958994777460667e-01,0.000000000000000000e+00,1.993717077496300616e-01,-0.000000000000000000e+00,-0.000000000000000000e+00,-6.943741660541884186e-02,-0.000000000000000000e+00,-0.000000000000000000e+00,-0.000000000000000000e+00,-0.000000000000000000e+00,0.000000000000000000e+00,-1.883057681514471032e-02,-5.213934010875178604e-01,0.000000000000000000e+00,-2.607547843472128868e-01,-3.533044154963798089e-01,-3.761103835474951529e-01,0.000000000000000000e+00,-3.005239346897427000e-01,-3.906928359885680768e-01,3.269738313519404027e+00,0.000000000000000000e+00,6.487267244904280916e-02
-1.281652575313560471e-01,-0.000000000000000000e+00,-1.802207207550189372e-01,0.000000000000000000e+00,-2.329795366343233656e-02,0.000000000000000000e+00,0.000000000000000000e+00,0.000000000000000000e+00,-2.327618222724815999e-01,-0.000000000000000000e+00,0.000000000000000000e+00,0.000000000000000000e+00,2.540578787994181575e-01,-0.000000000000000000e+00,-6.199283175124892242e-02,-0.000000000000000000e+00,0.000000000000000000e+00,-3.085745833042810027e-01,-0.000000000000000000e+00,0.000000000000000000e+00,-0.000000000000000000e+00,0.000000000000000000e+00,-3.500162613676412182e-02,0.000000000000000000e+00,-1.274128553232158345e-01,-1.085349015825124164e-01,-0.000000000000000000e+00,-3.553551344670904943e-02,-0.000000000000000000e+00,-3.631889493737185948e-01,-0.000000000000000000e+00,0.000000000000000000e+00,-0.000000000000000000e+00,-7.603649232420334192e-02,0.000000000000000000e+00,0.000000000000000000e+00,0.000000000000000000e+00,1.712684301112217700e+00,-4.841263201798124555e-02
-0.000000000000000000e+00,-2.404092460474463455e-01,-1.598652336804461116e-01,1.439434713915813957e-01,-9.151428703637930206e-02,3.874676727396555304e-02,-0.000000000000000000e+00,9.816031637644451191e-02,-6.116845364885421521e-01,-0.000000000000000000e+00,0.000000000000000000e+00,-1.724096767839753963e-01,-0.000000000000000000e+00,-0.000000000000000000e+00,-0.000000000000000000e+00,-0.000000000000000000e+00,0.000000000000000000e+00,-4.177896842655400289e-01,-0.000000000000000000e+00,4.652493228011460313e-02,0.000000000000000000e+00,0.000000000000000000e+00,-0.000000000000000000e+00,-0.000000000000000000e+00,-4.468879012380065630e-02,-0.000000000000000000e+00,-0.000000000000000000e+00,0.000000000000000000e+00,0.000000000000000000e+00,-1.617686383693063834e-01,0.000000000000000000e+00,0.000000000000000000e+00,0.000000000000000000e+00,-0.000000000000000000e+00,0.000000000000000000e+00,0.000000000000000000e+00,6.487267244904280916e-02,-4.841263201798124555e-02,2.086336327557852144e+00
