2.258902339364468048e+00,-7.255826156612300570e-01,0.000000000000000000e+00,0.000000000000000000e+00,-0.000000000000000000e+00,-0.000000000000000000e+00,-0.000000000000000000e+00,-0.000000000000000000e+00,-5.192229826855489921e-03,-0.000000000000000000e+00,0.000000000000000000e+00,-0.000000000000000000e+00,-0.000000000000000000e+00,0.000000000000000000e+00,0.000000000000000000e+00,-0.000000000000000000e+00,0.000000000000000000e+00,-0.000000000000000000e+00,-0.000000000000000000e+00,-0.000000000000000000e+00,0.000000000000000000e+00,0.000000000000000000e+00,-0.000000000000000000e+00,0.000000000000000000e+00,-0.000000000000000000e+00,-0.000000000000000000e+00,-1.906522159324300619e-04,-0.000000000000000000e+00,0.000000000000000000e+00,-0.000000000000000000e+00,-0.000000000000000000e+00,0.000000000000000000e+00,0.000000000000000000e+00,-0.000000000000000000e+00,-2.750803925765134550e-01,-2.502092026888964593e-01,-0.000000000000000000e+00,-6.076715312232150445e-01,-4.017531913140637845e-01
-7.255826156612300570e-01,1.547554608563745493e+00,0.000000000000000000e+00,-0.000000000000000000e+00,0.000000000000000000e+00,-0.000000000000000000e+00,0.000000000000000000e+00,-0.000000000000000000e+00,-0.000000000000000000e+00,-0.000000000000000000e+00,0.000000000000000000e+00,0.000000000000000000e+00,0.000000000000000000e+00,0.000000000000000000e+00,1.964448615754526770e-02,-0.000000000000000000e+00,0.000000000000000000e+00,0.000000000000000000e+00,-0.000000000000000000e+00,0.000000000000000000e+00,7.334026625428867463e-02,1.715411416469098949e-01,-0.000000000000000000e+00,3.666154736185237798e-03,-0.000000000000000000e+00,0.000000000000000000e+00,-0.000000000000000000e+00,0.000000000000000000e+00,0.000000000000000000e+00,-0.000000000000000000e+00,-8.114593146301384008e-03,0.000000000000000000e+00,0.000000000000000000e+00,-0.000000000000000000e+00,-0.000000000000000000e+00,-0.000000000000000000e+00,-0.000000000000000000e+00,-1.385063634324230353e-01,-1.010573030517054605e-01
0.000000000000000000e+00,0.000000000000000000e+00,2.649656278186593550e+00,0.000000000000000000e+00,-4.324893085077983756e-01,-0.000000000000000000e+00,-0.000000000000000000e+00,1.566631436539835276e+00,-0.000000000000000000e+00,-0.000000000000000000e+00,0.000000000000000000e+00,-0.000000000000000000e+00,-0.000000000000000000e+00,-5.800638891945417847e-02,-0.000000000000000000e+00,-0.000000000000000000e+00,-0.000000000000000000e+00,-3.779394192984410206e-02,-0.000000000000000000e+00,-2.297028431369575185e-01,-0.000000000000000000e+00,-1.311669483662149527e-01,-0.000000000000000000e+00,-0.000000000000000000e+00,-0.000000000000000000e+00,-0.000000000000000000e+00,-0.000000000000000000e+00,-1.091676888018979462e-02,-0.000000000000000000e+00,0.000000000000000000e+00,0.000000000000000000e+00,0.000000000000000000e+00,-2.264855234256217542e-01,-0.000000000000000000e+00,0.000000000000000000e+00,-2.895833837607268008e-02,-0.000000000000000000e+00,-0.000000000000000000e+00,-0.000000000000000000e+00
0.000000000000000000e+00,-0.000000000000000000e+00,0.000000000000000000e+00,1.500909379475926952e+00,2.601766198525645030e-02,-0.000000000000000000e+00,0.000000000000000000e+00,-0.000000000000000000e+00,0.000000000000000000e+00,0.000000000000000000e+00,-0.000000000000000000e+00,0.000000000000000000e+00,0.000000000000000000e+00,0.000000000000000000e+00,0.000000000000000000e+00,0.000000000000000000e+00,-0.000000000000000000e+00,0.000000000000000000e+00,-0.000000000000000000e+00,0.000000000000000000e+00,0.000000000000000000e+00,0.000000000000000000e+00,0.000000000000000000e+00,1.347184050434840630e-01,0.000000000000000000e+00,1.379087958513402212e-01,0.000000000000000000e+00,6.597245504188004039e-01,0.000000000000000000e+00,0.000000000000000000e+00,5.029803070628394157e-02,-0.000000000000000000e+00,0.000000000000000000e+00,4.848252503449079071e-02,0.000000000000000000e+00,-0.000000000000000000e+00,0.000000000000000000e+00,0.000000000000000000e+00,0.000000000000000000e+00
-0.000000000000000000e+00,0.000000000000000000e+00,-4.324893085077983756e-01,2.601766198525645030e-02,1.751639933145577199e+00,-0.000000000000000000e+00,-0.000000000000000000e+00,1.962188002793321950e-01,-1.323527295539195237e-01,-0.000000000000000000e+00,0.000000000000000000e+00,-0.000000000000000000e+00,-0.000000000000000000e+00,-0.000000000000000000e+00,0.000000000000000000e+00,-0.000000000000000000e+00,0.000000000000000000e+00,-0.000000000000000000e+00,-1.456203627385982691e-01,-0.000000000000000000e+00,0.000000000000000000e+00,-0.000000000000000000e+00,-4.182849307688504825e-01,-2.841585664351673271e-02,-1.489583494548378517e-01,-9.704130403148447182e-04,-0.000000000000000000e+00,-0.000000000000000000e+00,0.000000000000000000e+00,-0.000000000000000000e+00,-0.000000000000000000e+00,0.000000000000000000e+00,-2.007199710105146348e-02,-2.128052975087487420e-01,-0.000000000000000000e+00,-4.377723224187547724e-02,-0.000000000000000000e+00,-0.000000000000000000e+00,-4.183355959014724984e-03
-0.000000000000000000e+00,-0.000000000000000000e+00,-0.000000000000000000e+00,-0.000000000000000000e+00,-0.000000000000000000e+00,1.186225161806033990e+00,6.067434226475774267e-02,-0.000000000000000000e+00,0.000000000000000000e+00,0.000000000000000000e+00,-8.350912970106390276e-02,2.178932551133172246e-01,-0.000000000000000000e+00,0.000000000000000000e+00,0.000000000000000000e+00,0.000000000000000000e+00,-1.393973822696049636e-01,2.432171092739851895e-02,0.000000000000000000e+00,0.000000000000000000e+00,0.000000000000000000e+00,0.000000000000000000e+00,-4.119555071827411125e-02,0.000000000000000000e+00,0.000000000000000000e+00,0.000000000000000000e+00,0.000000000000000000e+00,0.000000000000000000e+00,-0.000000000000000000e+00,0.000000000000000000e+00,-0.000000000000000000e+00,-0.000000000000000000e+00,-2.472499227584733922e-02,0.000000000000000000e+00,1.237338261416385532e-01,-4.837286117955318099e-02,0.000000000000000000e+00,0.000000000000000000e+00,0.000000000000000000e+00
-0.000000000000000000e+00,0.000000000000000000e+00,-0.000000000000000000e+00,0.000000000000000000e+00,-0.000000000000000000e+00,6.067434226475774267e-02,2.052675390744908679e+00,0.000000000000000000e+00,-0.000000000000000000e+00,-2.320147844003510318e-01,0.000000000000000000e+00,-2.307622330378404640e-01,-0.000000000000000000e+00,-0.000000000000000000e+00,0.000000000000000000e+00,-0.000000000000000000e+00,2.420717137929010998e-01,-3.229400897095821010e-01,-1.374024426692167233e-01,-0.000000000000000000e+00,0.000000000000000000e+00,-4.604638141599633194e-02,-0.000000000000000000e+00,-1.607262938807899055e-01,-0.000000000000000000e+00,-0.000000000000000000e+00,-0.000000000000000000e+00,-0.000000000000000000e+00,0.000000000000000000e+00,-1.410811744091339526e-01,-0.000000000000000000e+00,3.445959570376781050e-02,0.000000000000000000e+00,-3.235756098477153286e-01,-1.589503875710775727e-01,0.000000000000000000e+00,-0.000000000000000000e+00,-0.000000000000000000e+00,-0.000000000000000000e+00
-0.000000000000000000e+00,-0.000000000000000000e+00,1.566631436539835276e+00,-0.000000000000000000e+00,1.962188002793321950e-01,-0.000000000000000000e+00,0.000000000000000000e+00,2.609805878626465514e+00,0.000000000000000000e+00,0.000000000000000000e+00,-0.000000000000000000e+00,0.000000000000000000e+00,0.000000000000000000e+00,4.992228430102372584e-03,0.000000000000000000e+00,0.000000000000000000e+00,0.000000000000000000e+00,0.000000000000000000e+00,0.000000000000000000e+00,2.343958995091008912e-01,2.063960383266856824e-01,1.961166039521762827e-01,0.000000000000000000e+00,0.000000000000000000e+00,0.000000000000000000e+00,0.000000000000000000e+00,0.000000000000000000e+00,2.172849793776580538e-02,0.000000000000000000e+00,-0.000000000000000000e+00,-0.000000000000000000e+00,-0.000000000000000000e+00,1.670124586786833343e-01,0.000000000000000000e+00,-0.000000000000000000e+00,0.000000000000000000e+00,0.000000000000000000e+00,-0.000000000000000000e+00,0.000000000000000000e+00
-5.192229826855489921e-03,-0.000000000000000000e+00,-0.000000000000000000e+00,0.000000000000000000e+00,-1.323527295539195237e-01,0.000000000000000000e+00,-0.000000000000000000e+00,0.000000000000000000e+00,2.288932656533793963e+00,-1.071345136463143222e-01,2.381326690642076443e-02,-0.000000000000000000e+00,0.000000000000000000e+00,0.000000000000000000e+00,1.773982243103733869e-01,-3.344829635270054613e-01,0.000000000000000000e+00,-0.000000000000000000e+00,-3.393666950182546160e-01,-0.000000000000000000e+00,0.000000000000000000e+00,0.000000000000000000e+00,-0.000000000000000000e+00,0.000000000000000000e+00,-0.000000000000000000e+00,0.000000000000000000e+00,0.000000000000000000e+00,0.000000000000000000e+00,3.050321575536260599e-01,-0.000000000000000000e+00,0.000000000000000000e+00,1.132566868307416513e-01,0.000000000000000000e+00,-1.817076965921589904e-01,-0.000000000000000000e+00,-1.932935786664306821e-01,0.000000000000000000e+00,-2.639879686682626292e-01,-2.961901112449008555e-01
-0.000000000000000000e+00,-0.000000000000000000e+00,-0.000000000000000000e+00,0.000000000000000000e+00,-0.000000000000000000e+00,0.000000000000000000e+00,-2.320147844003510318e-01,0.000000000000000000e+00,-1.071345136463143222e-01,3.295508725334353350e+00,3.470020055055688529e-02,-6.062766046312371288e-02,0.000000000000000000e+00,-0.000000000000000000e+00,0.000000000000000000e+00,-9.176297856065629421e-01,3.708985910806146813e-01,-2.559092606545380622e-01,-2.596538420476344200e-01,-0.000000000000000000e+00,0.000000000000000000e+00,-0.000000000000000000e+00,-0.000000000000000000e+00,-0.000000000000000000e+00,-3.654818222129354033e-01,-0.000000000000000000e+00,0.000000000000000000e+00,-0.000000000000000000e+00,8.630236583266724659e-02,-2.709062218940081479e-01,-0.000000000000000000e+00,1.231267076224153295e-01,6.769944944427386258e-02,-2.743489728718048193e-01,-0.000000000000000000e+00,-0.000000000000000000e+00,-0.000000000000000000e+00,-2.611518800342452762e-01,-0.000000000000000000e+00
0.000000000000000000e+00,0.000000000000000000e+00,0.000000000000000000e+00,-0.000000000000000000e+00,0.000000000000000000e+00,-8.350912970106390276e-02,0.000000000000000000e+00,-0.000000000000000000e+00,2.381326690642076443e-02,3.470020055055688529e-02,2.126084441168979655e+00,4.550006223599814548e-01,-4.382654571215834349e-01,0.000000000000000000e+00,-0.000000000000000000e+00,1.415711047556318485e-02,-2.301473513741077725e-01,1.527488181646148233e-02,0.000000000000000000e+00,0.000000000000000000e+00,-0.000000000000000000e+00,0.000000000000000000e+00,0.000000000000000000e+00,0.000000000000000000e+00,0.000000000000000000e+00,-0.000000000000000000e+00,-0.000000000000000000e+00,0.000000000000000000e+00,-1.204805432471968973e-01,2.813099617790489337e-01,-0.000000000000000000e+00,-3.774774022660181694e-01,-2.188086090694482400e-01,3.623769570761600084e-02,0.000000000000000000e+00,-0.000000000000000000e+00,-0.000000000000000000e+00,0.000000000000000000e+00,-0.000000000000000000e+00
-0.000000000000000000e+00,0.000000000000000000e+00,-0.000000000000000000e+00,0.000000000000000000e+00,-0.000000000000000000e+00,2.178932551133172246e-01,-2.307622330378404640e-01,0.000000000000000000e+00,-0.000000000000000000e+00,-6.062766046312371288e-02,4.550006223599814548e-01,2.377376159858690219e+00,0.000000000000000000e+00,-1.623872498147929666e-01,-0.000000000000000000e+00,-0.000000000000000000e+00,0.000000000000000000e+00,-5.069757483792161068e-01,-0.000000000000000000e+00,-0.000000000000000000e+00,-0.000000000000000000e+00,-1.336805747784712006e-01,-0.000000000000000000e+00,-7.077539953275595319e-02,-0.000000000000000000e+00,-0.000000000000000000e+00,0.000000000000000000e+00,-0.000000000000000000e+00,0.000000000000000000e+00,-5.073063614331969617e-01,0.000000000000000000e+00,7.556863658672857698e-02,0.000000000000000000e+00,-3.008852238736342555e-01,-1.915753455795930066e-02,1.041390365462623868e-01,-0.000000000000000000e+00,-0.000000000000000000e+00,0.000000000000000000e+00
-0.000000000000000000e+00,0.000000000000000000e+00,-0.000000000000000000e+00,0.000000000000000000e+00,-0.000000000000000000e+00,-0.000000000000000000e+00,-0.000000000000000000e+00,0.000000000000000000e+00,0.000000000000000000e+00,0.000000000000000000e+00,-4.382654571215834349e-01,0.000000000000000000e+00,1.674813894062487707e+00,0.000000000000000000e+00,-0.000000000000000000e+00,0.000000000000000000e+00,-0.000000000000000000e+00,0.000000000000000000e+00,0.000000000000000000e+00,-0.000000000000000000e+00,-0.000000000000000000e+00,-0.000000000000000000e+00,-0.000000000000000000e+00,-0.000000000000000000e+00,-0.000000000000000000e+00,-0.000000000000000000e+00,-7.417105740436155115e-01,-0.000000000000000000e+00,-0.000000000000000000e+00,0.000000000000000000e+00,-0.000000000000000000e+00,-2.648520399301766970e-01,-7.952932973305217035e-02,0.000000000000000000e+00,-0.000000000000000000e+00,-0.000000000000000000e+00,-0.000000000000000000e+00,0.000000000000000000e+00,-0.000000000000000000e+00
0.000000000000000000e+00,0.000000000000000000e+00,-5.800638891945417847e-02,0.000000000000000000e+00,-0.000000000000000000e+00,0.000000000000000000e+00,-0.000000000000000000e+00,4.992228430102372584e-03,0.000000000000000000e+00,-0.000000000000000000e+00,0.000000000000000000e+00,-1.623872498147929666e-01,0.000000000000000000e+00,1.804390274534044103e+00,-0.000000000000000000e+00,-0.000000000000000000e+00,-0.000000000000000000e+00,-0.000000000000000000e+00,-0.000000000000000000e+00,-0.000000000000000000e+00,-0.000000000000000000e+00,-4.231050620428510323e-01,-5.545261329208378553e-01,-4.365459885512376070e-01,-0.000000000000000000e+00,-0.000000000000000000e+00,0.000000000000000000e+00,-0.000000000000000000e+00,-0.000000000000000000e+00,-0.000000000000000000e+00,0.000000000000000000e+00,0.000000000000000000e+00,-7.888301087722533744e-02,-2.933324438047885466e-02,-0.000000000000000000e+00,0.000000000000000000e+00,-0.000000000000000000e+00,-0.000000000000000000e+00,0.000000000000000000e+00
0.000000000000000000e+00,1.964448615754526770e-02,-0.000000000000000000e+00,0.000000000000000000e+00,0.000000000000000000e+00,0.000000000000000000e+00,0.000000000000000000e+00,0.000000000000000000e+00,1.773982243103733869e-01,0.000000000000000000e+00,-0.000000000000000000e+00,-0.000000000000000000e+00,-0.000000000000000000e+00,-0.000000000000000000e+00,1.399865036735628010e+00,0.000000000000000000e+00,-0.000000000000000000e+00,0.000000000000000000e+00,1.939511609479554477e-01,-9.453193230361484067e-02,-3.220403238271313251e-01,-1.121790550207326792e-01,0.000000000000000000e+00,-0.000000000000000000e+00,0.000000000000000000e+00,-0.000000000000000000e+00,-0.000000000000000000e+00,-0.000000000000000000e+00,-1.373305053260625019e-01,0.000000000000000000e+00,0.000000000000000000e+00,-0.000000000000000000e+00,-0.000000000000000000e+00,0.000000000000000000e+00,-0.000000000000000000e+00,7.066974060740825736e-02,-4.370074902532057604e-02,6.693926788773403580e-02,0.000000000000000000e+00
-0.000000000000000000e+00,-0.000000000000000000e+00,-0.000000000000000000e+00,0.000000000000000000e+00,-0.000000000000000000e+00,0.000000000000000000e+00,-0.000000000000000000e+00,0.000000000000000000e+00,-3.344829635270054613e-01,-9.176297856065629421e-01,1.415711047556318485e-02,-0.000000000000000000e+00,0.000000000000000000e+00,-0.000000000000000000e+00,0.000000000000000000e+00,2.899201115324451905e+00,1.297156910779451722e-01,-8.144223638428717271e-02,-3.418083092889548369e-01,-0.000000000000000000e+00,5.619628315619949223e-03,0.000000000000000000e+00,-1.477265567023705942e-02,-0.000000000000000000e+00,-2.063095058776878987e-01,-0.000000000000000000e+00,0.000000000000000000e+00,-0.000000000000000000e+00,2.877904546945684316e-01,-3.147317216344678870e-01,0.000000000000000000e+00,6.434735142598616009e-02,0.000000000000000000e+00,-2.625463241816010374e-02,-0.000000000000000000e+00,-0.000000000000000000e+00,-0.000000000000000000e+00,-3.054590851573333321e-01,-0.000000000000000000e+00
0.000000000000000000e+00,0.000000000000000000e+00,-0.000000000000000000e+00,-0.000000000000000000e+00,0.000000000000000000e+00,-1.393973822696049636e-01,2.420717137929010998e-01,0.000000000000000000e+00,0.000000000000000000e+00,3.708985910806146813e-01,-2.301473513741077725e-01,0.000000000000000000e+00,-0.000000000000000000e+00,-0.000000000000000000e+00,-0.000000000000000000e+00,1.297156910779451722e-01,2.132469648505071369e+00,0.000000000000000000e+00,0.000000000000000000e+00,0.000000000000000000e+00,-7.646815819259469849e-02,-0.000000000000000000e+00,-0.000000000000000000e+00,0.000000000000000000e+00,0.000000000000000000e+00,-0.000000000000000000e+00,-0.000000000000000000e+00,0.000000000000000000e+00,-4.728916386988447074e-01,9.505932991510729346e-02,-0.000000000000000000e+00,-3.768223226926185540e-03,-3.565486563544779108e-01,0.000000000000000000e+00,0.000000000000000000e+00,-0.000000000000000000e+00,0.000000000000000000e+00,9.532548698793899544e-02,0.000000000000000000e+00
-0.000000000000000000e+00,0.000000000000000000e+00,-3.779394192984410206e-02,0.000000000000000000e+00,-0.000000000000000000e+00,2.432171092739851895e-02,-3.229400897095821010e-01,0.000000000000000000e+00,-0.000000000000000000e+00,-2.559092606545380622e-01,1.527488181646148233e-02,-5.069757483792161068e-01,0.000000000000000000e+00,-0.000000000000000000e+00,0.000000000000000000e+00,-8.144223638428717271e-02,0.000000000000000000e+00,1.913397084881177213e+00,-1.332172422535490286e-01,-0.000000000000000000e+00,0.000000000000000000e+00,-7.148334303747434781e-02,-0.000000000000000000e+00,-4.517636533232243304e-03,-0.000000000000000000e+00,-0.000000000000000000e+00,-0.000000000000000000e+00,-2.401639984530586358e-01,0.000000000000000000e+00,-2.864243421964287814e-02,-0.000000000000000000e+00,1.762668781054786693e-01,0.000000000000000000e+00,-2.517934166081356798e-02,-0.000000000000000000e+00,0.000000000000000000e+00,-0.000000000000000000e+00,-0.000000000000000000e+00,-0.000000000000000000e+00
-0.000000000000000000e+00,-0.000000000000000000e+00,-0.000000000000000000e+00,-0.000000000000000000e+00,-1.456203627385982691e-01,0.000000000000000000e+00,-1.374024426692167233e-01,0.000000000000000000e+00,-3.393666950182546160e-01,-2.596538420476344200e-01,0.000000000000000000e+00,-0.000000000000000000e+00,0.000000000000000000e+00,-0.000000000000000000e+00,1.939511609479554477e-01,-3.418083092889548369e-01,0.000000000000000000e+00,-1.332172422535490286e-01,2.104767483795094041e+00,-0.000000000000000000e+00,0.000000000000000000e+00,-0.000000000000000000e+00,-0.000000000000000000e+00,-0.000000000000000000e+00,-2.441078652908048041e-01,-0.000000000000000000e+00,0.000000000000000000e+00,0.000000000000000000e+00,4.844884625890601149e-02,-0.000000000000000000e+00,0.000000000000000000e+00,9.122909032039920596e-02,0.000000000000000000e+00,-3.361723958998689651e-04,-0.000000000000000000e+00,-0.000000000000000000e+00,-0.000000000000000000e+00,-0.000000000000000000e+00,-1.960856032588885745e-01
-0.000000000000000000e+00,0.000000000000000000e+00,-2.297028431369575185e-01,0.000000000000000000e+00,-0.000000000000000000e+00,0.000000000000000000e+00,-0.000000000000000000e+00,2.343958995091008912e-01,-0.000000000000000000e+00,-0.000000000000000000e+00,0.000000000000000000e+00,-0.000000000000000000e+00,-0.000000000000000000e+00,-0.000000000000000000e+00,-9.453193230361484067e-02,-0.000000000000000000e+00,0.000000000000000000e+00,-0.000000000000000000e+00,-0.000000000000000000e+00,1.371263017786691574e+00,-1.190929466193973024e-01,-2.296731840837738792e-01,-0.000000000000000000e+00,-0.000000000000000000e+00,-0.000000000000000000e+00,-7.389264248358623499e-02,-0.000000000000000000e+00,-0.000000000000000000e+00,-0.000000000000000000e+00,-0.000000000000000000e+00,0.000000000000000000e+00,0.000000000000000000e+00,-0.000000000000000000e+00,-0.000000000000000000e+00,-0.000000000000000000e+00,-0.000000000000000000e+00,-0.000000000000000000e+00,-0.000000000000000000e+00,-0.000000000000000000e+00
0.000000000000000000e+00,7.334026625428867463e-02,-0.000000000000000000e+00,0.000000000000000000e+00,0.000000000000000000e+00,0.000000000000000000e+00,0.000000000000000000e+00,2.063960383266856824e-01,0.000000000000000000e+00,0.000000000000000000e+00,-0.000000000000000000e+00,-0.000000000000000000e+00,-0.000000000000000000e+00,-0.000000000000000000e+00,-3.220403238271313251e-01,5.619628315619949223e-03,-7.646815819259469849e-02,0.000000000000000000e+00,0.000000000000000000e+00,-1.190929466193973024e-01,1.858169378199976185e+00,-4.214417376206766597e-01,0.000000000000000000e+00,-0.000000000000000000e+00,0.000000000000000000e+00,-0.000000000000000000e+00,-0.000000000000000000e+00,-0.000000000000000000e+00,-3.451321760946347572e-01,0.000000000000000000e+00,0.000000000000000000e+00,-0.000000000000000000e+00,-3.889724285197309062e-01,0.000000000000000000e+00,0.000000000000000000e+00,0.000000000000000000e+00,-0.000000000000000000e+00,0.000000000000000000e+00,0.000000000000000000e+00
0.000000000000000000e+00,1.715411416469098949e-01,-1.311669483662149527e-01,0.000000000000000000e+00,-0.000000000000000000e+00,0.000000000000000000e+00,-4.604638141599633194e-02,1.961166039521762827e-01,0.000000000000000000e+00,-0.000000000000000000e+00,0.000000000000000000e+00,-1.336805747784712006e-01,-0.000000000000000000e+00,-4.231050620428510323e-01,-1.121790550207326792e-01,0.000000000000000000e+00,-0.000000000000000000e+00,-7.148334303747434781e-02,-0.000000000000000000e+00,-2.296731840837738792e-01,-4.214417376206766597e-01,2.023000506779485619e+00,-0.000000000000000000e+00,-1.276266190689444857e-01,-0.000000000000000000e+00,-3.572830804074011435e-01,-0.000000000000000000e+00,-1.349136172161482239e-01,-0.000000000000000000e+00,-0.000000000000000000e+00,0.000000000000000000e+00,0.000000000000000000e+00,-7.543861210057783984e-02,-0.000000000000000000e+00,-0.000000000000000000e+00,0.000000000000000000e+00,-0.000000000000000000e+00,-0.000000000000000000e+00,0.000000000000000000e+00
-0.000000000000000000e+00,-0.000000000000000000e+00,-0.000000000000000000e+00,0.000000000000000000e+00,-4.182849307688504825e-01,-4.119555071827411125e-02,-0.000000000000000000e+00,0.000000000000000000e+00,-0.000000000000000000e+00,-0.000000000000000000e+00,0.000000000000000000e+00,-0.000000000000000000e+00,-0.000000000000000000e+00,-5.545261329208378553e-01,0.000000000000000000e+00,-1.477265567023705942e-02,-0.000000000000000000e+00,-0.000000000000000000e+00,-0.000000000000000000e+00,-0.000000000000000000e+00,0.000000000000000000e+00,-0.000000000000000000e+00,1.736797185458648585e+00,-1.637986965797920136e-01,-2.697921499644668208e-01,-0.000000000000000000e+00,-0.000000000000000000e+00,-0.000000000000000000e+00,-0.000000000000000000e+00,-0.000000000000000000e+00,-0.000000000000000000e+00,0.000000000000000000e+00,-0.000000000000000000e+00,-2.442478436793273436e-02,-0.000000000000000000e+00,-1.533375264908697078e-01,-0.000000000000000000e+00,-0.000000000000000000e+00,-0.000000000000000000e+00
0.000000000000000000e+00,3.666154736185237798e-03,-0.000000000000000000e+00,1.347184050434840630e-01,-2.841585664351673271e-02,0.000000000000000000e+00,-1.607262938807899055e-01,0.000000000000000000e+00,0.000000000000000000e+00,-0.000000000000000000e+00,0.000000000000000000e+00,-7.077539953275595319e-02,-0.000000000000000000e+00,-4.365459885512376070e-01,-0.000000000000000000e+00,-0.000000000000000000e+00,0.000000000000000000e+00,-4.517636533232243304e-03,-0.000000000000000000e+00,-0.000000000000000000e+00,-0.000000000000000000e+00,-1.276266190689444857e-01,-1.637986965797920136e-01,1.842218350448849185e+00,-2.158242447289689947e-01,-1.960055990279193638e-01,-0.000000000000000000e+00,-3.876297433317001107e-02,-0.000000000000000000e+00,-0.000000000000000000e+00,-0.000000000000000000e+00,0.000000000000000000e+00,-0.000000000000000000e+00,-8.669831429300398074e-02,-1.024471188774527114e-01,0.000000000000000000e+00,-1.907801676210379715e-01,-0.000000000000000000e+00,-0.000000000000000000e+00
-0.000000000000000000e+00,-0.000000000000000000e+00,-0.000000000000000000e+00,0.000000000000000000e+00,-1.489583494548378517e-01,0.000000000000000000e+00,-0.000000000000000000e+00,0.000000000000000000e+00,-0.000000000000000000e+00,-3.654818222129354033e-01,0.000000000000000000e+00,-0.000000000000000000e+00,-0.000000000000000000e+00,-0.000000000000000000e+00,0.000000000000000000e+00,-2.063095058776878987e-01,0.000000000000000000e+00,-0.000000000000000000e+00,-2.441078652908048041e-01,-0.000000000000000000e+00,0.000000000000000000e+00,-0.000000000000000000e+00,-2.697921499644668208e-01,-2.158242447289689947e-01,2.249722545834220266e+00,-0.000000000000000000e+00,-0.000000000000000000e+00,-0.000000000000000000e+00,0.000000000000000000e+00,-0.000000000000000000e+00,-0.000000000000000000e+00,0.000000000000000000e+00,0.000000000000000000e+00,-2.404549442202889020e-01,-3.511789152061317587e-01,-2.720308211865985534e-03,-0.000000000000000000e+00,-7.618874776600424725e-02,-2.489571730541420558e-01
-0.000000000000000000e+00,0.000000000000000000e+00,-0.000000000000000000e+00,1.379087958513402212e-01,-9.704130403148447182e-04,0.000000000000000000e+00,-0.000000000000000000e+00,0.000000000000000000e+00,0.000000000000000000e+00,-0.000000000000000000e+00,-0.000000000000000000e+00,-0.000000000000000000e+00,-0.000000000000000000e+00,-0.000000000000000000e+00,-0.000000000000000000e+00,-0.000000000000000000e+00,-0.000000000000000000e+00,-0.000000000000000000e+00,-0.000000000000000000e+00,-7.389264248358623499e-02,-0.000000000000000000e+00,-3.572830804074011435e-01,-0.000000000000000000e+00,-1.960055990279193638e-01,-0.000000000000000000e+00,2.467889455312248348e+00,-5.956615152648233602e-01,-8.118236435382794047e-01,-1.956956362272964656e-01,-0.000000000000000000e+00,-0.000000000000000000e+00,-0.000000000000000000e+00,-0.000000000000000000e+00,-0.000000000000000000e+00,-0.000000000000000000e+00,0.000000000000000000e+00,-4.307953749634286233e-01,-0.000000000000000000e+00,-0.000000000000000000e+00
-1.906522159324300619e-04,-0.000000000000000000e+00,-0.000000000000000000e+00,0.000000000000000000e+00,-0.000000000000000000e+00,0.000000000000000000e+00,-0.000000000000000000e+00,0.000000000000000000e+00,0.000000000000000000e+00,0.000000000000000000e+00,-0.000000000000000000e+00,0.000000000000000000e+00,-7.417105740436155115e-01,0.000000000000000000e+00,-0.000000000000000000e+00,0.000000000000000000e+00,-0.000000000000000000e+00,-0.000000000000000000e+00,0.000000000000000000e+00,-0.000000000000000000e+00,-0.000000000000000000e+00,-0.000000000000000000e+00,-0.000000000000000000e+00,-0.000000000000000000e+00,-0.000000000000000000e+00,-5.956615152648233602e-01,2.068726097103518846e+00,-0.000000000000000000e+00,-1.601971551488161338e-02,0.000000000000000000e+00,-3.822205085122903356e-01,-1.725039038961347429e-02,-1.241335686195999335e-02,-0.000000000000000000e+00,-2.156178516426633107e-01,-0.000000000000000000e+00,-1.460796892577314876e-01,-0.000000000000000000e+00,-2.327071909548270867e-01
-0.000000000000000000e+00,0.000000000000000000e+00,-1.091676888018979462e-02,6.597245504188004039e-01,-0.000000000000000000e+00,0.000000000000000000e+00,-0.000000000000000000e+00,2.172849793776580538e-02,0.000000000000000000e+00,-0.000000000000000000e+00,0.000000000000000000e+00,-0.000000000000000000e+00,-0.000000000000000000e+00,-0.000000000000000000e+00,-0.000000000000000000e+00,-0.000000000000000000e+00,0.000000000000000000e+00,-2.401639984530586358e-01,0.000000000000000000e+00,-0.000000000000000000e+00,-0.000000000000000000e+00,-1.349136172161482239e-01,-0.000000000000000000e+00,-3.876297433317001107e-02,-0.000000000000000000e+00,-8.118236435382794047e-01,-0.000000000000000000e+00,2.248042384309858033e+00,-7.680570003281046720e-02,-0.000000000000000000e+00,-3.215532541772102015e-01,0.000000000000000000e+00,-0.000000000000000000e+00,-0.000000000000000000e+00,-0.000000000000000000e+00,0.000000000000000000e+00,-1.381736631426881134e-01,-0.000000000000000000e+00,0.000000000000000000e+00
0.000000000000000000e+00,0.000000000000000000e+00,-0.000000000000000000e+00,0.000000000000000000e+00,0.000000000000000000e+00,-0.000000000000000000e+00,0.000000000000000000e+00,0.000000000000000000e+00,3.050321575536260599e-01,8.630236583266724659e-02,-1.204805432471968973e-01,0.000000000000000000e+00,-0.000000000000000000e+00,-0.000000000000000000e+00,-1.373305053260625019e-01,2.877904546945684316e-01,-4.728916386988447074e-01,0.000000000000000000e+00,4.844884625890601149e-02,-0.000000000000000000e+00,-3.451321760946347572e-01,-0.000000000000000000e+00,-0.000000000000000000e+00,-0.000000000000000000e+00,0.000000000000000000e+00,-1.956956362272964656e-01,-1.601971551488161338e-02,-7.680570003281046720e-02,2.260818585280421011e+00,0.000000000000000000e+00,-9.497541116518888604e-02,-1.840232201376996446e-01,-3.356391747377165391e-01,0.000000000000000000e+00,0.000000000000000000e+00,0.000000000000000000e+00,-1.076173326671151925e-01,0.000000000000000000e+00,0.000000000000000000e+00
-0.000000000000000000e+00,-0.000000000000000000e+00,0.000000000000000000e+00,0.000000000000000000e+00,-0.000000000000000000e+00,0.000000000000000000e+00,-1.410811744091339526e-01,-0.000000000000000000e+00,-0.000000000000000000e+00,-2.709062218940081479e-01,2.813099617790489337e-01,-5.073063614331969617e-01,0.000000000000000000e+00,-0.000000000000000000e+00,0.000000000000000000e+00,-3.147317216344678870e-01,9.505932991510729346e-02,-2.864243421964287814e-02,-0.000000000000000000e+00,-0.000000000000000000e+00,0.000000000000000000e+00,-0.000000000000000000e+00,-0.000000000000000000e+00,-0.000000000000000000e+00,-0.000000000000000000e+00,-0.000000000000000000e+00,0.000000000000000000e+00,-0.000000000000000000e+00,0.000000000000000000e+00,1.969584859881435390e+00,0.000000000000000000e+00,0.000000000000000000e+00,0.000000000000000000e+00,-1.098465422021150661e-01,-0.000000000000000000e+00,0.000000000000000000e+00,-0.000000000000000000e+00,-0.000000000000000000e+00,-0.000000000000000000e+00
-0.000000000000000000e+00,-8.114593146301384008e-03,0.000000000000000000e+00,5.029803070628394157e-02,-0.000000000000000000e+00,-0.000000000000000000e+00,-0.000000000000000000e+00,-0.000000000000000000e+00,0.000000000000000000e+00,-0.000000000000000000e+00,-0.000000000000000000e+00,0.000000000000000000e+00,-0.000000000000000000e+00,0.000000000000000000e+00,0.000000000000000000e+00,0.000000000000000000e+00,-0.000000000000000000e+00,-0.000000000000000000e+00,0.000000000000000000e+00,0.000000000000000000e+00,0.000000000000000000e+00,0.000000000000000000e+00,-0.000000000000000000e+00,-0.000000000000000000e+00,-0.000000000000000000e+00,-0.000000000000000000e+00,-3.822205085122903356e-01,-3.215532541772102015e-01,-9.497541116518888604e-02,0.000000000000000000e+00,1.368802241225421046e+00,-0.000000000000000000e+00,-0.000000000000000000e+00,-0.000000000000000000e+00,-0.000000000000000000e+00,-0.000000000000000000e+00,-1.139462035539923895e-01,-0.000000000000000000e+00,-0.000000000000000000e+00
0.000000000000000000e+00,0.000000000000000000e+00,0.000000000000000000e+00,-0.000000000000000000e+00,0.000000000000000000e+00,-0.000000000000000000e+00,3.445959570376781050e-02,-0.000000000000000000e+00,1.132566868307416513e-01,1.231267076224153295e-01,-3.774774022660181694e-01,7.556863658672857698e-02,-2.648520399301766970e-01,0.000000000000000000e+00,-0.000000000000000000e+00,6.434735142598616009e-02,-3.768223226926185540e-03,1.762668781054786693e-01,9.122909032039920596e-02,0.000000000000000000e+00,-0.000000000000000000e+00,0.000000000000000000e+00,0.000000000000000000e+00,0.000000000000000000e+00,0.000000000000000000e+00,-0.000000000000000000e+00,-1.725039038961347429e-02,0.000000000000000000e+00,-1.840232201376996446e-01,0.000000000000000000e+00,-0.000000000000000000e+00,1.715676269321417147e+00,-6.931408450251433373e-02,3.339317690521284576e-02,0.000000000000000000e+00,-0.000000000000000000e+00,-0.000000000000000000e+00,0.000000000000000000e+00,0.000000000000000000e+00
0.000000000000000000e+00,0.000000000000000000e+00,-2.264855234256217542e-01,0.000000000000000000e+00,-2.007199710105146348e-02,-2.472499227584733922e-02,0.000000000000000000e+00,1.670124586786833343e-01,0.000000000000000000e+00,6.769944944427386258e-02,-2.188086090694482400e-01,0.000000000000000000e+00,-7.952932973305217035e-02,-7.888301087722533744e-02,-0.000000000000000000e+00,0.000000000000000000e+00,-3.565486563544779108e-01,0.000000000000000000e+00,0.000000000000000000e+00,-0.000000000000000000e+00,-3.889724285197309062e-01,-7.543861210057783984e-02,-0.000000000000000000e+00,-0.000000000000000000e+00,0.000000000000000000e+00,-0.000000000000000000e+00,-1.241335686195999335e-02,-0.000000000000000000e+00,-3.356391747377165391e-01,0.000000000000000000e+00,-0.000000000000000000e+00,-6.931408450251433373e-02,1.898320293253399127e+00,0.000000000000000000e+00,0.000000000000000000e+00,-0.000000000000000000e+00,-0.000000000000000000e+00,0.000000000000000000e+00,0.000000000000000000e+00
-0.000000000000000000e+00,-0.000000000000000000e+00,-0.000000000000000000e+00,4.848252503449079071e-02,-2.128052975087487420e-01,0.000000000000000000e+00,-3.235756098477153286e-01,0.000000000000000000e+00,-1.817076965921589904e-01,-2.743489728718048193e-01,3.623769570761600084e-02,-3.008852238736342555e-01,0.000000000000000000e+00,-2.933324438047885466e-02,0.000000000000000000e+00,-2.625463241816010374e-02,0.000000000000000000e+00,-2.517934166081356798e-02,-3.361723958998689651e-04,-0.000000000000000000e+00,0.000000000000000000e+00,-0.000000000000000000e+00,-2.442478436793273436e-02,-8.669831429300398074e-02,-2.404549442202889020e-01,-0.000000000000000000e+00,-0.000000000000000000e+00,-0.000000000000000000e+00,0.000000000000000000e+00,-1.098465422021150661e-01,-0.000000000000000000e+00,3.339317690521284576e-02,0.000000000000000000e+00,2.460890686974036790e+00,-1.561956848367832829e-01,-0.000000000000000000e+00,-0.000000000000000000e+00,-4.269841667851866918e-01,-1.548738554740017870e-01
-2.750803925765134550e-01,-0.000000000000000000e+00,0.000000000000000000e+00,0.000000000000000000e+00,-0.000000000000000000e+00,1.237338261416385532e-01,-1.589503875710775727e-01,-0.000000000000000000e+00,-0.000000000000000000e+00,-0.000000000000000000e+00,0.000000000000000000e+00,-1.915753455795930066e-02,-0.000000000000000000e+00,-0.000000000000000000e+00,-0.000000000000000000e+00,-0.000000000000000000e+00,0.000000000000000000e+00,-0.000000000000000000e+00,-0.000000000000000000e+00,-0.000000000000000000e+00,0.000000000000000000e+00,-0.000000000000000000e+00,-0.000000000000000000e+00,-1.024471188774527114e-01,-3.511789152061317587e-01,-0.000000000000000000e+00,-2.156178516426633107e-01,-0.000000000000000000e+00,0.000000000000000000e+00,-0.000000000000000000e+00,-0.000000000000000000e+00,0.000000000000000000e+00,0.000000000000000000e+00,-1.561956848367832829e-01,2.050737584860631291e+00,-0.000000000000000000e+00,-6.379741706306817361e-01,-2.129815254788745282e-01,-0.000000000000000000e+00
-2.502092026888964593e-01,-0.000000000000000000e+00,-2.895833837607268008e-02,-0.000000000000000000e+00,-4.377723224187547724e-02,-4.837286117955318099e-02,0.000000000000000000e+00,0.000000000000000000e+00,-1.932935786664306821e-01,-0.000000000000000000e+00,-0.000000000000000000e+00,1.041390365462623868e-01,-0.000000000000000000e+00,0.000000000000000000e+00,7.066974060740825736e-02,-0.000000000000000000e+00,-0.000000000000000000e+00,0.000000000000000000e+00,-0.000000000000000000e+00,-0.000000000000000000e+00,0.000000000000000000e+00,0.000000000000000000e+00,-1.533375264908697078e-01,0.000000000000000000e+00,-2.720308211865985534e-03,0.000000000000000000e+00,-0.000000000000000000e+00,0.000000000000000000e+00,0.000000000000000000e+00,0.000000000000000000e+00,-0.000000000000000000e+00,-0.000000000000000000e+00,-0.000000000000000000e+00,-0.000000000000000000e+00,-0.000000000000000000e+00,1.444389699775638913e+00,0.000000000000000000e+00,-0.000000000000000000e+00,-4.265561090863121407e-01
-0.000000000000000000e+00,-0.000000000000000000e+00,-0.000000000000000000e+00,0.000000000000000000e+00,-0.000000000000000000e+00,0.000000000000000000e+00,-0.000000000000000000e+00,0.000000000000000000e+00,0.000000000000000000e+00,-0.000000000000000000e+00,-0.000000000000000000e+00,-0.000000000000000000e+00,-0.000000000000000000e+00,-0.000000000000000000e+00,-4.370074902532057604e-02,-0.000000000000000000e+00,0.000000000000000000e+00,-0.000000000000000000e+00,-0.000000000000000000e+00,-0.000000000000000000e+00,-0.000000000000000000e+00,-0.000000000000000000e+00,-0.000000000000000000e+00,-1.907801676210379715e-01,-0.000000000000000000e+00,-4.307953749634286233e-01,-1.460796892577314876e-01,-1.381736631426881134e-01,-1.076173326671151925e-01,-0.000000000000000000e+00,-1.139462035539923895e-01,-0.000000000000000000e+00,-0.000000000000000000e+00,-0.000000000000000000e+00,-6.379741706306817361e-01,0.000000000000000000e+00,1.824973953570213858e+00,-0.000000000000000000e+00,-0.000000000000000000e+00
-6.076715312232150445e-01,-1.385063634324230353e-01,-0.000000000000000000e+00,0.000000000000000000e+00,-0.000000000000000000e+00,0.000000000000000000e+00,-0.000000000000000000e+00,-0.000000000000000000e+00,-2.639879686682626292e-01,-2.611518800342452762e-01,0.000000000000000000e+00,-0.000000000000000000e+00,0.000000000000000000e+00,-0.000000000000000000e+00,6.693926788773403580e-02,-3.054590851573333321e-01,9.532548698793899544e-02,-0.000000000000000000e+00,-0.000000000000000000e+00,-0.000000000000000000e+00,0.000000000000000000e+00,-0.000000000000000000e+00,-0.000000000000000000e+00,-0.000000000000000000e+00,-7.618874776600424725e-02,-0.000000000000000000e+00,-0.000000000000000000e+00,-0.000000000000000000e+00,0.000000000000000000e+00,-0.000000000000000000e+00,-0.000000000000000000e+00,0.000000000000000000e+00,0.000000000000000000e+00,-4.269841667851866918e-01,-2.129815254788745282e-01,-0.000000000000000000e+00,-0.000000000000000000e+00,2.703019620391500233e+00,-4.494829890230844782e-01
-4.017531913140637845e-01,-1.010573030517054605e-01,-0.000000000000000000e+00,0.000000000000000000e+00,-4.183355959014724984e-03,0.000000000000000000e+00,-0.000000000000000000e+00,0.000000000000000000e+00,-2.961901112449008555e-01,-0.000000000000000000e+00,-0.000000000000000000e+00,0.000000000000000000e+00,-0.000000000000000000e+00,0.000000000000000000e+00,0.000000000000000000e+00,-0.000000000000000000e+00,0.000000000000000000e+00,-0.000000000000000000e+00,-1.960856032588885745e-01,-0.000000000000000000e+00,0.000000000000000000e+00,0.000000000000000000e+00,-0.000000000000000000e+00,-0.000000000000000000e+00,-2.489571730541420558e-01,-0.000000000000000000e+00,-2.327071909548270867e-01,0.000000000000000000e+00,0.000000000000000000e+00,-0.000000000000000000e+00,-0.000000000000000000e+00,0.000000000000000000e+00,0.000000000000000000e+00,-1.548738554740017870e-01,-0.000000000000000000e+00,-4.265561090863121407e-01,-0.000000000000000000e+00,-4.494829890230844782e-01,2.308960041763690629e+00
