2.413636532479364494e+00,-4.156499865698087826e-01,-0.000000000000000000e+00,0.000000000000000000e+00,-0.000000000000000000e+00,0.000000000000000000e+00,-0.000000000000000000e+00,0.000000000000000000e+00,-3.203956290073270985e-01,-3.781242207579527670e-01,0.000000000000000000e+00,-0.000000000000000000e+00,0.000000000000000000e+00,-1.779923372342790966e-01,-0.000000000000000000e+00,-2.949875704318856706e-01,1.597623647040345013e-02,-0.000000000000000000e+00,0.000000000000000000e+00,-0.000000000000000000e+00,-0.000000000000000000e+00,0.000000000000000000e+00,0.000000000000000000e+00,-0.000000000000000000e+00,-1.832401294207289533e-01,-3.248495272773734843e-01,-0.000000000000000000e+00,-0.000000000000000000e+00,-0.000000000000000000e+00,-1.818244788836896053e-01,-0.000000000000000000e+00,0.000000000000000000e+00,-0.000000000000000000e+00,-1.990510650305830215e-02,0.000000000000000000e+00,-0.000000000000000000e+00,-0.000000000000000000e+00,-2.669341900147452207e-01,-1.498021842496004459e-02
-4.156499865698087826e-01,1.869612179125747842e+00,-0.000000000000000000e+00,-0.000000000000000000e+00,-6.956026484606678273e-02,0.000000000000000000e+00,-0.000000000000000000e+00,0.000000000000000000e+00,-1.142306851262961803e-01,-4.326392969683083845e-01,9.311199871765628300e-02,-0.000000000000000000e+00,0.000000000000000000e+00,-0.000000000000000000e+00,-0.000000000000000000e+00,-4.406225708237907629e-02,0.000000000000000000e+00,-0.000000000000000000e+00,-0.000000000000000000e+00,-0.000000000000000000e+00,-0.000000000000000000e+00,-0.000000000000000000e+00,-0.000000000000000000e+00,-0.000000000000000000e+00,-5.277433569583957901e-03,-0.000000000000000000e+00,-0.000000000000000000e+00,-0.000000000000000000e+00,-0.000000000000000000e+00,-3.507060857264356346e-01,-0.000000000000000000e+00,0.000000000000000000e+00,-0.000000000000000000e+00,-0.000000000000000000e+00,0.000000000000000000e+00,-0.000000000000000000e+00,-0.000000000000000000e+00,-3.329956738823065809e-02,-1.239911562612811963e-01
-0.000000000000000000e+00,-0.000000000000000000e+00,2.724017818508838396e+00,0.000000000000000000e+00,-2.576786799044156195e-01,0.000000000000000000e+00,-0.000000000000000000e+00,5.146928464765513356e-01,-2.844970434674738424e-01,-0.000000000000000000e+00,0.000000000000000000e+00,-0.000000000000000000e+00,0.000000000000000000e+00,-9.721902355002789986e-02,-0.000000000000000000e+00,-1.295066375823070506e-02,0.000000000000000000e+00,-1.128230797937554708e-01,-0.000000000000000000e+00,-0.000000000000000000e+00,-3.954942927828640209e-01,0.000000000000000000e+00,0.000000000000000000e+00,0.000000000000000000e+00,-0.000000000000000000e+00,-0.000000000000000000e+00,-2.231687934314559307e-01,-1.640973557985126452e-01,-0.000000000000000000e+00,-0.000000000000000000e+00,-2.777028121538392402e-01,0.000000000000000000e+00,-0.000000000000000000e+00,-4.390852778182289806e-01,0.000000000000000000e+00,-1.011655202628774231e-01,0.000000000000000000e+00,-0.000000000000000000e+00,-2.016523349135464216e-02
0.000000000000000000e+00,-0.000000000000000000e+00,0.000000000000000000e+00,1.329305994616517328e+00,-0.000000000000000000e+00,-4.318317309765479228e-02,0.000000000000000000e+00,0.000000000000000000e+00,0.000000000000000000e+00,-0.000000000000000000e+00,-0.000000000000000000e+00,1.336247743743181338e-01,0.000000000000000000e+00,0.000000000000000000e+00,4.842617709159377504e-01,0.000000000000000000e+00,-0.000000000000000000e+00,0.000000000000000000e+00,-0.000000000000000000e+00,0.000000000000000000e+00,0.000000000000000000e+00,-1.236443816687645969e-01,-0.000000000000000000e+00,-0.000000000000000000e+00,0.000000000000000000e+00,2.015474562998896546e-02,0.000000000000000000e+00,0.000000000000000000e+00,-0.000000000000000000e+00,-0.000000000000000000e+00,-0.000000000000000000e+00,-0.000000000000000000e+00,0.000000000000000000e+00,0.000000000000000000e+00,-0.000000000000000000e+00,0.000000000000000000e+00,0.000000000000000000e+00,0.000000000000000000e+00,0.000000000000000000e+00
-0.000000000000000000e+00,-6.956026484606678273e-02,-2.576786799044156195e-01,-0.000000000000000000e+00,2.173847401519326539e+00,0.000000000000000000e+00,-0.000000000000000000e+00,6.674907455230634223e-01,-3.438799353395254749e-02,-2.695567990908463996e-01,0.000000000000000000e+00,-0.000000000000000000e+00,0.000000000000000000e+00,-1.820061485979180410e-02,-0.000000000000000000e+00,-0.000000000000000000e+00,0.000000000000000000e+00,-2.144770419843161635e-01,-0.000000000000000000e+00,0.000000000000000000e+00,-0.000000000000000000e+00,0.000000000000000000e+00,0.000000000000000000e+00,-0.000000000000000000e+00,-0.000000000000000000e+00,-0.000000000000000000e+00,-0.000000000000000000e+00,-0.000000000000000000e+00,-0.000000000000000000e+00,-1.408247782647412821e-02,-5.067129571499168900e-02,0.000000000000000000e+00,-0.000000000000000000e+00,-4.390513985783872641e-01,0.000000000000000000e+00,-0.000000000000000000e+00,0.000000000000000000e+00,-0.000000000000000000e+00,-0.000000000000000000e+00
0.000000000000000000e+00,0.000000000000000000e+00,0.000000000000000000e+00,-4.318317309765479228e-02,0.000000000000000000e+00,2.738769825581744755e+00,1.991724295375252862e-01,-0.000000000000000000e+00,0.000000000000000000e+00,0.000000000000000000e+00,-0.000000000000000000e+00,2.552568847404941832e-01,1.740482829436193479e-01,0.000000000000000000e+00,3.450503843150088540e-02,1.594915566189020750e-01,-0.000000000000000000e+00,0.000000000000000000e+00,-0.000000000000000000e+00,1.746979086595643327e-01,0.000000000000000000e+00,-4.474121041185942782e-01,-6.114768924577770326e-01,-1.975340166566883771e-01,-0.000000000000000000e+00,0.000000000000000000e+00,1.723128697741236337e-01,2.776658164227150394e-01,-0.000000000000000000e+00,-0.000000000000000000e+00,0.000000000000000000e+00,-9.461980825889229618e-02,-0.000000000000000000e+00,0.000000000000000000e+00,-1.385233081875443251e-01,1.692505711564110116e-01,-0.000000000000000000e+00,0.000000000000000000e+00,0.000000000000000000e+00
-0.000000000000000000e+00,-0.000000000000000000e+00,-0.000000000000000000e+00,0.000000000000000000e+00,-0.000000000000000000e+00,1.991724295375252862e-01,1.832918373887641339e+00,0.000000000000000000e+00,-0.000000000000000000e+00,-0.000000000000000000e+00,0.000000000000000000e+00,-0.000000000000000000e+00,-1.004776951931830031e-01,-0.000000000000000000e+00,-0.000000000000000000e+00,-2.152818246740974620e-02,0.000000000000000000e+00,0.000000000000000000e+00,0.000000000000000000e+00,-3.809520506114170701e-01,-0.000000000000000000e+00,2.249154421621858690e-01,1.491393317847757305e-01,0.000000000000000000e+00,0.000000000000000000e+00,-0.000000000000000000e+00,-1.805699258103270477e-01,-3.626928319610846496e-01,0.000000000000000000e+00,-0.000000000000000000e+00,-0.000000000000000000e+00,0.000000000000000000e+00,0.000000000000000000e+00,-0.000000000000000000e+00,0.000000000000000000e+00,-0.000000000000000000e+00,-0.000000000000000000e+00,-0.000000000000000000e+00,-0.000000000000000000e+00
0.000000000000000000e+00,0.000000000000000000e+00,5.146928464765513356e-01,0.000000000000000000e+00,6.674907455230634223e-01,-0.000000000000000000e+00,0.000000000000000000e+00,2.369515730646797991e+00,0.000000000000000000e+00,1.157460826292684153e-01,-0.000000000000000000e+00,0.000000000000000000e+00,-4.037995616746416216e-02,0.000000000000000000e+00,0.000000000000000000e+00,0.000000000000000000e+00,-0.000000000000000000e+00,3.588150912915837876e-01,0.000000000000000000e+00,-0.000000000000000000e+00,0.000000000000000000e+00,-0.000000000000000000e+00,-0.000000000000000000e+00,0.000000000000000000e+00,0.000000000000000000e+00,0.000000000000000000e+00,0.000000000000000000e+00,0.000000000000000000e+00,0.000000000000000000e+00,4.157459438792233085e-03,3.983474209044036707e-01,-0.000000000000000000e+00,5.767572556932263478e-02,2.592931524573182100e-01,-0.000000000000000000e+00,0.000000000000000000e+00,-0.000000000000000000e+00,0.000000000000000000e+00,0.000000000000000000e+00
-3.203956290073270985e-01,-1.142306851262961803e-01,-2.844970434674738424e-01,0.000000000000000000e+00,-3.438799353395254749e-02,0.000000000000000000e+00,-0.000000000000000000e+00,0.000000000000000000e+00,2.282285138532891278e+00,-2.372781591799269230e-01,0.000000000000000000e+00,-0.000000000000000000e+00,0.000000000000000000e+00,-3.153134255347188608e-01,-0.000000000000000000e+00,-3.521632062228228777e-01,0.000000000000000000e+00,-0.000000000000000000e+00,0.000000000000000000e+00,-0.000000000000000000e+00,-0.000000000000000000e+00,0.000000000000000000e+00,0.000000000000000000e+00,-0.000000000000000000e+00,-0.000000000000000000e+00,-1.699565131424941589e-01,-8.154191185893336358e-02,-1.406582346317879781e-04,-0.000000000000000000e+00,-1.533637938450625737e-01,-1.134073165715590303e-01,0.000000000000000000e+00,-0.000000000000000000e+00,-1.194098316904572687e-01,0.000000000000000000e+00,-2.370484552663888397e-02,-0.000000000000000000e+00,-0.000000000000000000e+00,-0.000000000000000000e+00
-3.781242207579527670e-01,-4.326392969683083845e-01,-0.000000000000000000e+00,-0.000000000000000000e+00,-2.695567990908463996e-01,0.000000000000000000e+00,-0.000000000000000000e+00,1.157460826292684153e-01,-2.372781591799269230e-01,2.383836390020143359e+00,7.794146077849894994e-02,-0.000000000000000000e+00,0.000000000000000000e+00,-8.276244700646934183e-02,-0.000000000000000000e+00,-1.697683497195144053e-01,0.000000000000000000e+00,-0.000000000000000000e+00,0.000000000000000000e+00,-0.000000000000000000e+00,-0.000000000000000000e+00,0.000000000000000000e+00,-0.000000000000000000e+00,-0.000000000000000000e+00,-2.353683084692093919e-01,-0.000000000000000000e+00,-0.000000000000000000e+00,-0.000000000000000000e+00,-0.000000000000000000e+00,-4.895271939058090660e-01,-0.000000000000000000e+00,0.000000000000000000e+00,-4.679673980070759437e-02,-0.000000000000000000e+00,0.000000000000000000e+00,-0.000000000000000000e+00,-0.000000000000000000e+00,-7.762330718734423984e-02,-0.000000000000000000e+00
0.000000000000000000e+00,9.311199871765628300e-02,0.000000000000000000e+00,-0.000000000000000000e+00,0.000000000000000000e+00,-0.000000000000000000e+00,0.000000000000000000e+00,-0.000000000000000000e+00,0.000000000000000000e+00,7.794146077849894994e-02,1.684402006213993497e+00,0.000000000000000000e+00,-0.000000000000000000e+00,0.000000000000000000e+00,0.000000000000000000e+00,0.000000000000000000e+00,-8.194017657613500427e-01,0.000000000000000000e+00,-0.000000000000000000e+00,0.000000000000000000e+00,0.000000000000000000e+00,-0.000000000000000000e+00,0.000000000000000000e+00,0.000000000000000000e+00,3.312935395383512227e-01,0.000000000000000000e+00,0.000000000000000000e+00,0.000000000000000000e+00,0.000000000000000000e+00,0.000000000000000000e+00,0.000000000000000000e+00,-0.000000000000000000e+00,0.000000000000000000e+00,0.000000000000000000e+00,0.000000000000000000e+00,0.000000000000000000e+00,1.650257264392599177e-01,1.424597540670776569e-02,0.000000000000000000e+00
-0.000000000000000000e+00,-0.000000000000000000e+00,-0.000000000000000000e+00,1.336247743743181338e-01,-0.000000000000000000e+00,2.552568847404941832e-01,-0.000000000000000000e+00,0.000000000000000000e+00,-0.000000000000000000e+00,-0.000000000000000000e+00,0.000000000000000000e+00,2.157566299494674045e+00,-0.000000000000000000e+00,-0.000000000000000000e+00,-6.233816166103262058e-01,-0.000000000000000000e+00,1.345863969081240452e-01,-0.000000000000000000e+00,0.000000000000000000e+00,-2.909191039197880913e-02,-0.000000000000000000e+00,2.235724307932021593e-02,3.536902151519968895e-02,0.000000000000000000e+00,-0.000000000000000000e+00,-2.987803701291810166e-01,-7.205915901453527339e-02,-9.417254818251209747e-02,-0.000000000000000000e+00,0.000000000000000000e+00,-0.000000000000000000e+00,0.000000000000000000e+00,-0.000000000000000000e+00,-0.000000000000000000e+00,0.000000000000000000e+00,-2.046283935728898662e-01,-0.000000000000000000e+00,-0.000000000000000000e+00,-3.712952990282202270e-01
0.000000000000000000e+00,0.000000000000000000e+00,0.000000000000000000e+00,0.000000000000000000e+00,0.000000000000000000e+00,1.740482829436193479e-01,-1.004776951931830031e-01,-4.037995616746416216e-02,0.000000000000000000e+00,0.000000000000000000e+00,-0.000000000000000000e+00,-0.000000000000000000e+00,1.569165328717975205e+00,0.000000000000000000e+00,-0.000000000000000000e+00,-0.000000000000000000e+00,0.000000000000000000e+00,0.000000000000000000e+00,0.000000000000000000e+00,-1.718445584870020582e-01,-0.000000000000000000e+00,1.758911574431909486e-01,2.447598605739511046e-01,3.049461287130580955e-01,0.000000000000000000e+00,-0.000000000000000000e+00,-0.000000000000000000e+00,-0.000000000000000000e+00,0.000000000000000000e+00,7.622215846880285584e-02,6.163784667058637423e-02,0.000000000000000000e+00,1.719608142219182234e-01,0.000000000000000000e+00,0.000000000000000000e+00,-0.000000000000000000e+00,0.000000000000000000e+00,-0.000000000000000000e+00,-0.000000000000000000e+00
-1.779923372342790966e-01,-0.000000000000000000e+00,-9.721902355002789986e-02,0.000000000000000000e+00,-1.820061485979180410e-02,0.000000000000000000e+00,-0.000000000000000000e+00,0.000000000000000000e+00,-3.153134255347188608e-01,-8.276244700646934183e-02,0.000000000000000000e+00,-0.000000000000000000e+00,0.000000000000000000e+00,1.965343955513426222e+00,-0.000000000000000000e+00,-1.176883534469180259e-01,2.203454566565339959e-02,-0.000000000000000000e+00,0.000000000000000000e+00,-0.000000000000000000e+00,-3.886551821770525272e-01,0.000000000000000000e+00,0.000000000000000000e+00,-0.000000000000000000e+00,-0.000000000000000000e+00,-1.836782762771068944e-01,-0.000000000000000000e+00,-8.995925137284205286e-02,-4.229075236845036140e-02,-0.000000000000000000e+00,-1.489985906521193726e-01,0.000000000000000000e+00,-0.000000000000000000e+00,-4.286769061481686405e-02,0.000000000000000000e+00,-1.492552617944170601e-01,-0.000000000000000000e+00,-0.000000000000000000e+00,-0.000000000000000000e+00
-0.000000000000000000e+00,-0.000000000000000000e+00,-0.000000000000000000e+00,4.842617709159377504e-01,-0.000000000000000000e+00,3.450503843150088540e-02,-0.000000000000000000e+00,0.000000000000000000e+00,-0.000000000000000000e+00,-0.000000000000000000e+00,0.000000000000000000e+00,-6.233816166103262058e-01,-0.000000000000000000e+00,-0.000000000000000000e+00,1.783605757666692826e+00,-0.000000000000000000e+00,0.000000000000000000e+00,-7.989049896159809358e-03,-0.000000000000000000e+00,-0.000000000000000000e+00,-0.000000000000000000e+00,0.000000000000000000e+00,0.000000000000000000e+00,0.000000000000000000e+00,-0.000000000000000000e+00,-1.255445340440283775e-01,-0.000000000000000000e+00,-0.000000000000000000e+00,-0.000000000000000000e+00,0.000000000000000000e+00,0.000000000000000000e+00,0.000000000000000000e+00,-0.000000000000000000e+00,-0.000000000000000000e+00,0.000000000000000000e+00,-1.547505502282767731e-01,-0.000000000000000000e+00,-0.000000000000000000e+00,-1.534958116671179262e-01
-2.949875704318856706e-01,-4.406225708237907629e-02,-1.295066375823070506e-02,0.000000000000000000e+00,-0.000000000000000000e+00,1.594915566189020750e-01,-2.152818246740974620e-02,0.000000000000000000e+00,-3.521632062228228777e-01,-1.697683497195144053e-01,0.000000000000000000e+00,-0.000000000000000000e+00,-0.000000000000000000e+00,-1.176883534469180259e-01,-0.000000000000000000e+00,2.361002518768650305e+00,3.497477506108336853e-01,-0.000000000000000000e+00,0.000000000000000000e+00,-0.000000000000000000e+00,-1.444832641381501442e-02,0.000000000000000000e+00,0.000000000000000000e+00,0.000000000000000000e+00,-0.000000000000000000e+00,-0.000000000000000000e+00,-1.369581499345398357e-01,-1.718500955491955307e-01,-0.000000000000000000e+00,-0.000000000000000000e+00,-0.000000000000000000e+00,1.114733082153410160e-01,0.000000000000000000e+00,-7.313581205843298905e-02,0.000000000000000000e+00,-4.252401881644095050e-01,0.000000000000000000e+00,-1.125821822744370315e-01,-0.000000000000000000e+00
1.597623647040345013e-02,0.000000000000000000e+00,0.000000000000000000e+00,-0.000000000000000000e+00,0.000000000000000000e+00,-0.000000000000000000e+00,0.000000000000000000e+00,-0.000000000000000000e+00,0.000000000000000000e+00,0.000000000000000000e+00,-8.194017657613500427e-01,1.345863969081240452e-01,0.000000000000000000e+00,2.203454566565339959e-02,0.000000000000000000e+00,3.497477506108336853e-01,1.903816842805508003e+00,0.000000000000000000e+00,-0.000000000000000000e+00,6.462352118175328231e-02,1.062963663939729339e-02,-0.000000000000000000e+00,-0.000000000000000000e+00,-0.000000000000000000e+00,0.000000000000000000e+00,0.000000000000000000e+00,1.888451971135217400e-01,9.554572663177843261e-02,0.000000000000000000e+00,0.000000000000000000e+00,0.000000000000000000e+00,-1.335404847567422115e-01,-0.000000000000000000e+00,0.000000000000000000e+00,-0.000000000000000000e+00,0.000000000000000000e+00,0.000000000000000000e+00,0.000000000000000000e+00,0.000000000000000000e+00
-0.000000000000000000e+00,-0.000000000000000000e+00,-1.128230797937554708e-01,0.000000000000000000e+00,-2.144770419843161635e-01,0.000000000000000000e+00,0.000000000000000000e+00,3.588150912915837876e-01,-0.000000000000000000e+00,-0.000000000000000000e+00,0.000000000000000000e+00,-0.000000000000000000e+00,0.000000000000000000e+00,-0.000000000000000000e+00,-7.989049896159809358e-03,-0.000000000000000000e+00,0.000000000000000000e+00,1.626475653796993992e+00,-1.899706697838799141e-01,0.000000000000000000e+00,-0.000000000000000000e+00,0.000000000000000000e+00,0.000000000000000000e+00,0.000000000000000000e+00,-0.000000000000000000e+00,-0.000000000000000000e+00,-0.000000000000000000e+00,-0.000000000000000000e+00,-0.000000000000000000e+00,-0.000000000000000000e+00,-0.000000000000000000e+00,0.000000000000000000e+00,-0.000000000000000000e+00,-2.688979312189367366e-01,0.000000000000000000e+00,-0.000000000000000000e+00,0.000000000000000000e+00,0.000000000000000000e+00,-2.878167944402996170e-01
0.000000000000000000e+00,-0.000000000000000000e+00,-0.000000000000000000e+00,-0.000000000000000000e+00,-0.000000000000000000e+00,-0.000000000000000000e+00,0.000000000000000000e+00,0.000000000000000000e+00,0.000000000000000000e+00,0.000000000000000000e+00,-0.000000000000000000e+00,0.000000000000000000e+00,0.000000000000000000e+00,0.000000000000000000e+00,-0.000000000000000000e+00,0.000000000000000000e+00,-0.000000000000000000e+00,-1.899706697838799141e-01,1.066659437031421298e+00,2.316981480180047293e-01,0.000000000000000000e+00,-0.000000000000000000e+00,-0.000000000000000000e+00,-0.000000000000000000e+00,0.000000000000000000e+00,0.000000000000000000e+00,0.000000000000000000e+00,0.000000000000000000e+00,-0.000000000000000000e+00,0.000000000000000000e+00,-0.000000000000000000e+00,-0.000000000000000000e+00,-0.000000000000000000e+00,-0.000000000000000000e+00,-0.000000000000000000e+00,-0.000000000000000000e+00,0.000000000000000000e+00,0.000000000000000000e+00,-0.000000000000000000e+00
-0.000000000000000000e+00,-0.000000000000000000e+00,-0.000000000000000000e+00,0.000000000000000000e+00,0.000000000000000000e+00,1.746979086595643327e-01,-3.809520506114170701e-01,-0.000000000000000000e+00,-0.000000000000000000e+00,-0.000000000000000000e+00,0.000000000000000000e+00,-2.909191039197880913e-02,-1.718445584870020582e-01,-0.000000000000000000e+00,-0.000000000000000000e+00,-0.000000000000000000e+00,6.462352118175328231e-02,0.000000000000000000e+00,2.316981480180047293e-01,1.814375498047486657e+00,-0.000000000000000000e+00,0.000000000000000000e+00,6.662082355137404453e-03,0.000000000000000000e+00,-0.000000000000000000e+00,-1.533424686470269416e-01,-2.046462512276213119e-01,-3.608732912350597344e-01,-0.000000000000000000e+00,-0.000000000000000000e+00,-0.000000000000000000e+00,0.000000000000000000e+00,0.000000000000000000e+00,-0.000000000000000000e+00,0.000000000000000000e+00,-0.000000000000000000e+00,-0.000000000000000000e+00,-0.000000000000000000e+00,-0.000000000000000000e+00
-0.000000000000000000e+00,-0.000000000000000000e+00,-3.954942927828640209e-01,0.000000000000000000e+00,-0.000000000000000000e+00,0.000000000000000000e+00,-0.000000000000000000e+00,0.000000000000000000e+00,-0.000000000000000000e+00,-0.000000000000000000e+00,0.000000000000000000e+00,-0.000000000000000000e+00,-0.000000000000000000e+00,-3.886551821770525272e-01,-0.000000000000000000e+00,-1.444832641381501442e-02,1.062963663939729339e-02,-0.000000000000000000e+00,0.000000000000000000e+00,-0.000000000000000000e+00,2.361614974103706022e+00,0.000000000000000000e+00,0.000000000000000000e+00,0.000000000000000000e+00,-0.000000000000000000e+00,-6.975339335524538553e-02,-4.224764472023416761e-01,-3.536991422637377758e-01,-0.000000000000000000e+00,-0.000000000000000000e+00,-2.234594554063104310e-01,0.000000000000000000e+00,-0.000000000000000000e+00,-4.022818081855100147e-01,0.000000000000000000e+00,-3.610958949231281995e-02,0.000000000000000000e+00,-0.000000000000000000e+00,-0.000000000000000000e+00
0.000000000000000000e+00,-0.000000000000000000e+00,0.000000000000000000e+00,-1.236443816687645969e-01,0.000000000000000000e+00,-4.474121041185942782e-01,2.249154421621858690e-01,-0.000000000000000000e+00,0.000000000000000000e+00,0.000000000000000000e+00,-0.000000000000000000e+00,2.235724307932021593e-02,1.758911574431909486e-01,0.000000000000000000e+00,0.000000000000000000e+00,0.000000000000000000e+00,-0.000000000000000000e+00,0.000000000000000000e+00,-0.000000000000000000e+00,0.000000000000000000e+00,0.000000000000000000e+00,1.785361165127353544e+00,-2.010385700214662730e-01,-5.129600493051372084e-02,-0.000000000000000000e+00,0.000000000000000000e+00,1.831929722452841636e-01,1.083624919234116024e-01,-0.000000000000000000e+00,-0.000000000000000000e+00,0.000000000000000000e+00,-0.000000000000000000e+00,-0.000000000000000000e+00,0.000000000000000000e+00,-0.000000000000000000e+00,8.008612547451665620e-02,-0.000000000000000000e+00,0.000000000000000000e+00,0.000000000000000000e+00
0.000000000000000000e+00,-0.000000000000000000e+00,0.000000000000000000e+00,-0.000000000000000000e+00,0.000000000000000000e+00,-6.114768924577770326e-01,1.491393317847757305e-01,-0.000000000000000000e+00,0.000000000000000000e+00,-0.000000000000000000e+00,0.000000000000000000e+00,3.536902151519968895e-02,2.447598605739511046e-01,0.000000000000000000e+00,0.000000000000000000e+00,0.000000000000000000e+00,-0.000000000000000000e+00,0.000000000000000000e+00,-0.000000000000000000e+00,6.662082355137404453e-03,0.000000000000000000e+00,-2.010385700214662730e-01,2.469912080457846049e+00,-6.174628452582625604e-01,-0.000000000000000000e+00,0.000000000000000000e+00,0.000000000000000000e+00,0.000000000000000000e+00,-1.170579393670674456e-01,-0.000000000000000000e+00,-0.000000000000000000e+00,-3.094669904158282581e-01,-3.416987128295891074e-02,0.000000000000000000e+00,-2.694257417112775888e-01,0.000000000000000000e+00,-0.000000000000000000e+00,0.000000000000000000e+00,0.000000000000000000e+00
-0.000000000000000000e+00,-0.000000000000000000e+00,0.000000000000000000e+00,-0.000000000000000000e+00,-0.000000000000000000e+00,-1.975340166566883771e-01,0.000000000000000000e+00,0.000000000000000000e+00,-0.000000000000000000e+00,-0.000000000000000000e+00,0.000000000000000000e+00,0.000000000000000000e+00,3.049461287130580955e-01,-0.000000000000000000e+00,0.000000000000000000e+00,0.000000000000000000e+00,-0.000000000000000000e+00,0.000000000000000000e+00,-0.000000000000000000e+00,0.000000000000000000e+00,0.000000000000000000e+00,-5.129600493051372084e-02,-6.174628452582625604e-01,2.278702856211989758e+00,-0.000000000000000000e+00,0.000000000000000000e+00,0.000000000000000000e+00,0.000000000000000000e+00,-3.445770143873881919e-01,-0.000000000000000000e+00,-0.000000000000000000e+00,-2.017068368697584047e-01,-2.249610821713660669e-01,0.000000000000000000e+00,-4.191445541081697534e-01,0.000000000000000000e+00,-3.158043169693318386e-02,0.000000000000000000e+00,0.000000000000000000e+00
-1.832401294207289533e-01,-5.277433569583957901e-03,-0.000000000000000000e+00,0.000000000000000000e+00,-0.000000000000000000e+00,-0.000000000000000000e+00,0.000000000000000000e+00,0.000000000000000000e+00,-0.000000000000000000e+00,-2.353683084692093919e-01,3.312935395383512227e-01,-0.000000000000000000e+00,0.000000000000000000e+00,-0.000000000000000000e+00,-0.000000000000000000e+00,-0.000000000000000000e+00,0.000000000000000000e+00,-0.000000000000000000e+00,0.000000000000000000e+00,-0.000000000000000000e+00,-0.000000000000000000e+00,-0.000000000000000000e+00,-0.000000000000000000e+00,-0.000000000000000000e+00,1.566751149191903503e+00,-0.000000000000000000e+00,-0.000000000000000000e+00,-0.000000000000000000e+00,-4.168455753984687262e-01,-0.000000000000000000e+00,-0.000000000000000000e+00,-0.000000000000000000e+00,-0.000000000000000000e+00,-0.000000000000000000e+00,-0.000000000000000000e+00,-0.000000000000000000e+00,-6.137209441185424025e-02,-1.845273400184420931e-01,-1.456013306463247725e-01
-3.248495272773734843e-01,-0.000000000000000000e+00,-0.000000000000000000e+00,2.015474562998896546e-02,-0.000000000000000000e+00,0.000000000000000000e+00,-0.000000000000000000e+00,0.000000000000000000e+00,-1.699565131424941589e-01,-0.000000000000000000e+00,0.000000000000000000e+00,-2.987803701291810166e-01,-0.000000000000000000e+00,-1.836782762771068944e-01,-1.255445340440283775e-01,-0.000000000000000000e+00,0.000000000000000000e+00,-0.000000000000000000e+00,0.000000000000000000e+00,-1.533424686470269416e-01,-6.975339335524538553e-02,0.000000000000000000e+00,0.000000000000000000e+00,0.000000000000000000e+00,-0.000000000000000000e+00,2.265936597359723415e+00,-3.917534845931091581e-01,-3.936427121707454235e-01,-0.000000000000000000e+00,-0.000000000000000000e+00,-0.000000000000000000e+00,0.000000000000000000e+00,-0.000000000000000000e+00,-0.000000000000000000e+00,0.000000000000000000e+00,-0.000000000000000000e+00,-0.000000000000000000e+00,-1.471969875727298926e-01,-8.493227953729047541e-02
-0.000000000000000000e+00,-0.000000000000000000e+00,-2.231687934314559307e-01,0.000000000000000000e+00,-0.000000000000000000e+00,1.723128697741236337e-01,-1.805699258103270477e-01,0.000000000000000000e+00,-8.154191185893336358e-02,-0.000000000000000000e+00,0.000000000000000000e+00,-7.205915901453527339e-02,-0.000000000000000000e+00,-0.000000000000000000e+00,-0.000000000000000000e+00,-1.369581499345398357e-01,1.888451971135217400e-01,-0.000000000000000000e+00,0.000000000000000000e+00,-2.046462512276213119e-01,-4.224764472023416761e-01,1.831929722452841636e-01,0.000000000000000000e+00,0.000000000000000000e+00,-0.000000000000000000e+00,-3.917534845931091581e-01,2.594596675892347992e+00,-4.980781775744451134e-01,-0.000000000000000000e+00,-0.000000000000000000e+00,-6.096531949348974952e-03,0.000000000000000000e+00,-0.000000000000000000e+00,-0.000000000000000000e+00,0.000000000000000000e+00,-0.000000000000000000e+00,-0.000000000000000000e+00,-0.000000000000000000e+00,-0.000000000000000000e+00
-0.000000000000000000e+00,-0.000000000000000000e+00,-1.640973557985126452e-01,0.000000000000000000e+00,-0.000000000000000000e+00,2.776658164227150394e-01,-3.626928319610846496e-01,0.000000000000000000e+00,-1.406582346317879781e-04,-0.000000000000000000e+00,0.000000000000000000e+00,-9.417254818251209747e-02,-0.000000000000000000e+00,-8.995925137284205286e-02,-0.000000000000000000e+00,-1.718500955491955307e-01,9.554572663177843261e-02,-0.000000000000000000e+00,0.000000000000000000e+00,-3.608732912350597344e-01,-3.536991422637377758e-01,1.083624919234116024e-01,0.000000000000000000e+00,0.000000000000000000e+00,-0.000000000000000000e+00,-3.936427121707454235e-01,-4.980781775744451134e-01,2.744676018854256938e+00,-0.000000000000000000e+00,-0.000000000000000000e+00,-0.000000000000000000e+00,0.000000000000000000e+00,-0.000000000000000000e+00,-0.000000000000000000e+00,0.000000000000000000e+00,-0.000000000000000000e+00,-0.000000000000000000e+00,-0.000000000000000000e+00,-0.000000000000000000e+00
-0.000000000000000000e+00,-0.000000000000000000e+00,-0.000000000000000000e+00,-0.000000000000000000e+00,-0.000000000000000000e+00,-0.000000000000000000e+00,0.000000000000000000e+00,0.000000000000000000e+00,-0.000000000000000000e+00,-0.000000000000000000e+00,0.000000000000000000e+00,-0.000000000000000000e+00,0.000000000000000000e+00,-4.229075236845036140e-02,-0.000000000000000000e+00,-0.000000000000000000e+00,0.000000000000000000e+00,-0.000000000000000000e+00,-0.000000000000000000e+00,-0.000000000000000000e+00,-0.000000000000000000e+00,-0.000000000000000000e+00,-1.170579393670674456e-01,-3.445770143873881919e-01,-4.168455753984687262e-01,-0.000000000000000000e+00,-0.000000000000000000e+00,-0.000000000000000000e+00,1.773983492930026662e+00,-1.318295929776539255e-01,-0.000000000000000000e+00,-6.544637326788217691e-02,-3.608021091877297026e-01,-0.000000000000000000e+00,-0.000000000000000000e+00,-0.000000000000000000e+00,-4.567813525489749504e-01,-0.000000000000000000e+00,-0.000000000000000000e+00
-1.818244788836896053e-01,-3.507060857264356346e-01,-0.000000000000000000e+00,-0.000000000000000000e+00,-1.408247782647412821e-02,-0.000000000000000000e+00,-0.000000000000000000e+00,4.157459438792233085e-03,-1.533637938450625737e-01,-4.895271939058090660e-01,0.000000000000000000e+00,0.000000000000000000e+00,7.622215846880285584e-02,-0.000000000000000000e+00,0.000000000000000000e+00,-0.000000000000000000e+00,0.000000000000000000e+00,-0.000000000000000000e+00,0.000000000000000000e+00,-0.000000000000000000e+00,-0.000000000000000000e+00,-0.000000000000000000e+00,-0.000000000000000000e+00,-0.000000000000000000e+00,-0.000000000000000000e+00,-0.000000000000000000e+00,-0.000000000000000000e+00,-0.000000000000000000e+00,-1.318295929776539255e-01,1.737784876493240649e+00,-1.082873276032015608e-01,-0.000000000000000000e+00,-5.955941104040980011e-02,-0.000000000000000000e+00,-0.000000000000000000e+00,-0.000000000000000000e+00,-0.000000000000000000e+00,-1.030609185809736039e-01,-0.000000000000000000e+00
-0.000000000000000000e+00,-0.000000000000000000e+00,-2.777028121538392402e-01,-0.000000000000000000e+00,-5.067129571499168900e-02,0.000000000000000000e+00,-0.000000000000000000e+00,3.983474209044036707e-01,-1.134073165715590303e-01,-0.000000000000000000e+00,0.000000000000000000e+00,-0.000000000000000000e+00,6.163784667058637423e-02,-1.489985906521193726e-01,0.000000000000000000e+00,-0.000000000000000000e+00,0.000000000000000000e+00,-0.000000000000000000e+00,-0.000000000000000000e+00,-0.000000000000000000e+00,-2.234594554063104310e-01,0.000000000000000000e+00,-0.000000000000000000e+00,-0.000000000000000000e+00,-0.000000000000000000e+00,-0.000000000000000000e+00,-6.096531949348974952e-03,-0.000000000000000000e+00,-0.000000000000000000e+00,-1.082873276032015608e-01,1.642822917936578087e+00,0.000000000000000000e+00,-4.442272599162003233e-02,-0.000000000000000000e+00,-0.000000000000000000e+00,-0.000000000000000000e+00,-0.000000000000000000e+00,-0.000000000000000000e+00,-0.000000000000000000e+00
0.000000000000000000e+00,0.000000000000000000e+00,0.000000000000000000e+00,-0.000000000000000000e+00,0.000000000000000000e+00,-9.461980825889229618e-02,0.000000000000000000e+00,-0.000000000000000000e+00,0.000000000000000000e+00,0.000000000000000000e+00,-0.000000000000000000e+00,0.000000000000000000e+00,0.000000000000000000e+00,0.000000000000000000e+00,0.000000000000000000e+00,1.114733082153410160e-01,-1.335404847567422115e-01,0.000000000000000000e+00,-0.000000000000000000e+00,0.000000000000000000e+00,0.000000000000000000e+00,-0.000000000000000000e+00,-3.094669904158282581e-01,-2.017068368697584047e-01,-0.000000000000000000e+00,0.000000000000000000e+00,0.000000000000000000e+00,0.000000000000000000e+00,-6.544637326788217691e-02,-0.000000000000000000e+00,0.000000000000000000e+00,1.856583336942983387e+00,-1.224218975279446620e-01,0.000000000000000000e+00,-4.421899327635485100e-01,1.716544018170166885e-01,-2.069013768644623052e-01,0.000000000000000000e+00,0.000000000000000000e+00
-0.000000000000000000e+00,-0.000000000000000000e+00,-0.000000000000000000e+00,0.000000000000000000e+00,-0.000000000000000000e+00,-0.000000000000000000e+00,0.000000000000000000e+00,5.767572556932263478e-02,-0.000000000000000000e+00,-4.679673980070759437e-02,0.000000000000000000e+00,-0.000000000000000000e+00,1.719608142219182234e-01,-0.000000000000000000e+00,-0.000000000000000000e+00,0.000000000000000000e+00,-0.000000000000000000e+00,-0.000000000000000000e+00,-0.000000000000000000e+00,0.000000000000000000e+00,-0.000000000000000000e+00,-0.000000000000000000e+00,-3.416987128295891074e-02,-2.249610821713660669e-01,-0.000000000000000000e+00,-0.000000000000000000e+00,-0.000000000000000000e+00,-0.000000000000000000e+00,-3.608021091877297026e-01,-5.955941104040980011e-02,-4.442272599162003233e-02,-1.224218975279446620e-01,1.402490823445665669e+00,-0.000000000000000000e+00,-1.431386385795966470e-02,0.000000000000000000e+00,-7.929853261799922615e-02,-0.000000000000000000e+00,-0.000000000000000000e+00
-1.990510650305830215e-02,-0.000000000000000000e+00,-4.390852778182289806e-01,0.000000000000000000e+00,-4.390513985783872641e-01,0.000000000000000000e+00,-0.000000000000000000e+00,2.592931524573182100e-01,-1.194098316904572687e-01,-0.000000000000000000e+00,0.000000000000000000e+00,-0.000000000000000000e+00,0.000000000000000000e+00,-4.286769061481686405e-02,-0.000000000000000000e+00,-7.313581205843298905e-02,0.000000000000000000e+00,-2.688979312189367366e-01,-0.000000000000000000e+00,-0.000000000000000000e+00,-4.022818081855100147e-01,0.000000000000000000e+00,0.000000000000000000e+00,0.000000000000000000e+00,-0.000000000000000000e+00,-0.000000000000000000e+00,-0.000000000000000000e+00,-0.000000000000000000e+00,-0.000000000000000000e+00,-0.000000000000000000e+00,-0.000000000000000000e+00,0.000000000000000000e+00,-0.000000000000000000e+00,2.575497363882443214e+00,1.385493238522791659e-01,-3.924726342026274017e-01,0.000000000000000000e+00,-0.000000000000000000e+00,-1.959629355779405890e-01
0.000000000000000000e+00,0.000000000000000000e+00,0.000000000000000000e+00,-0.000000000000000000e+00,0.000000000000000000e+00,-1.385233081875443251e-01,0.000000000000000000e+00,-0.000000000000000000e+00,0.000000000000000000e+00,0.000000000000000000e+00,0.000000000000000000e+00,0.000000000000000000e+00,0.000000000000000000e+00,0.000000000000000000e+00,0.000000000000000000e+00,0.000000000000000000e+00,-0.000000000000000000e+00,0.000000000000000000e+00,-0.000000000000000000e+00,0.000000000000000000e+00,0.000000000000000000e+00,-0.000000000000000000e+00,-2.694257417112775888e-01,-4.191445541081697534e-01,-0.000000000000000000e+00,0.000000000000000000e+00,0.000000000000000000e+00,0.000000000000000000e+00,-0.000000000000000000e+00,-0.000000000000000000e+00,-0.000000000000000000e+00,-4.421899327635485100e-01,-1.431386385795966470e-02,1.385493238522791659e-01,1.978912784284984738e+00,6.735328715903024510e-02,-4.337030687752712055e-01,0.000000000000000000e+00,0.000000000000000000e+00
-0.000000000000000000e+00,-0.000000000000000000e+00,-1.011655202628774231e-01,0.000000000000000000e+00,-0.000000000000000000e+00,1.692505711564110116e-01,-0.000000000000000000e+00,0.000000000000000000e+00,-2.370484552663888397e-02,-0.000000000000000000e+00,0.000000000000000000e+00,-2.046283935728898662e-01,-0.000000000000000000e+00,-1.492552617944170601e-01,-1.547505502282767731e-01,-4.252401881644095050e-01,0.000000000000000000e+00,-0.000000000000000000e+00,-0.000000000000000000e+00,-0.000000000000000000e+00,-3.610958949231281995e-02,8.008612547451665620e-02,0.000000000000000000e+00,0.000000000000000000e+00,-0.000000000000000000e+00,-0.000000000000000000e+00,-0.000000000000000000e+00,-0.000000000000000000e+00,-0.000000000000000000e+00,-0.000000000000000000e+00,-0.000000000000000000e+00,1.716544018170166885e-01,0.000000000000000000e+00,-3.924726342026274017e-01,6.735328715903024510e-02,1.985456691255492734e+00,0.000000000000000000e+00,-0.000000000000000000e+00,-0.000000000000000000e+00
-0.000000000000000000e+00,-0.000000000000000000e+00,0.000000000000000000e+00,0.000000000000000000e+00,0.000000000000000000e+00,-0.000000000000000000e+00,-0.000000000000000000e+00,-0.000000000000000000e+00,-0.000000000000000000e+00,-0.000000000000000000e+00,1.650257264392599177e-01,-0.000000000000000000e+00,0.000000000000000000e+00,-0.000000000000000000e+00,-0.000000000000000000e+00,0.000000000000000000e+00,0.000000000000000000e+00,0.000000000000000000e+00,0.000000000000000000e+00,-0.000000000000000000e+00,0.000000000000000000e+00,-0.000000000000000000e+00,-0.000000000000000000e+00,-3.158043169693318386e-02,-6.137209441185424025e-02,-0.000000000000000000e+00,-0.000000000000000000e+00,-0.000000000000000000e+00,-4.567813525489749504e-01,-0.000000000000000000e+00,-0.000000000000000000e+00,-2.069013768644623052e-01,-7.929853261799922615e-02,0.000000000000000000e+00,-4.337030687752712055e-01,0.000000000000000000e+00,1.578697119615400490e+00,-0.000000000000000000e+00,-0.000000000000000000e+00
-2.669341900147452207e-01,-3.329956738823065809e-02,-0.000000000000000000e+00,0.000000000000000000e+00,-0.000000000000000000e+00,0.000000000000000000e+00,-0.000000000000000000e+00,0.000000000000000000e+00,-0.000000000000000000e+00,-7.762330718734423984e-02,1.424597540670776569e-02,-0.000000000000000000e+00,-0.000000000000000000e+00,-0.000000000000000000e+00,-0.000000000000000000e+00,-1.125821822744370315e-01,0.000000000000000000e+00,0.000000000000000000e+00,0.000000000000000000e+00,-0.000000000000000000e+00,-0.000000000000000000e+00,0.000000000000000000e+00,0.000000000000000000e+00,0.000000000000000000e+00,-1.845273400184420931e-01,-1.471969875727298926e-01,-0.000000000000000000e+00,-0.000000000000000000e+00,-0.000000000000000000e+00,-1.030609185809736039e-01,-0.000000000000000000e+00,0.000000000000000000e+00,-0.000000000000000000e+00,-0.000000000000000000e+00,0.000000000000000000e+00,-0.000000000000000000e+00,-0.000000000000000000e+00,1.377474484522128062e+00,-5.505358160942639550e-02
-1.498021842496004459e-02,-1.239911562612811963e-01,-2.016523349135464216e-02,0.000000000000000000e+00,-0.000000000000000000e+00,0.000000000000000000e+00,-0.000000000000000000e+00,0.000000000000000000e+00,-0.000000000000000000e+00,-0.000000000000000000e+00,0.000000000000000000e+00,-3.712952990282202270e-01,-0.000000000000000000e+00,-0.000000000000000000e+00,-1.534958116671179262e-01,-0.000000000000000000e+00,0.000000000000000000e+00,-2.878167944402996170e-01,-0.000000000000000000e+00,-0.000000000000000000e+00,-0.000000000000000000e+00,0.000000000000000000e+00,0.000000000000000000e+00,0.000000000000000000e+00,-1.456013306463247725e-01,-8.493227953729047541e-02,-0.000000000000000000e+00,-0.000000000000000000e+00,-0.000000000000000000e+00,-0.000000000000000000e+00,-0.000000000000000000e+00,0.000000000000000000e+00,-0.000000000000000000e+00,-1.959629355779405890e-01,0.000000000000000000e+00,-0.000000000000000000e+00,-0.000000000000000000e+00,-5.505358160942639550e-02,1.598131366408737097e+00
