1.653821933769464403e+00,-6.725823306723953676e-01,0.000000000000000000e+00,-0.000000000000000000e+00,-0.000000000000000000e+00,-0.000000000000000000e+00,0.000000000000000000e+00,-0.000000000000000000e+00,-2.688591076437167882e-01,-0.000000000000000000e+00,0.000000000000000000e+00,1.315372735136404181e-01,-0.000000000000000000e+00,0.000000000000000000e+00,0.000000000000000000e+00,-0.000000000000000000e+00,-0.000000000000000000e+00,0.000000000000000000e+00,0.000000000000000000e+00,-7.536669567018484950e-02,-0.000000000000000000e+00,0.000000000000000000e+00,0.000000000000000000e+00,-0.000000000000000000e+00,0.000000000000000000e+00,-0.000000000000000000e+00,2.132086074466705283e-01,-9.799789295238824083e-02,-3.286701208365677140e-01,-0.000000000000000000e+00,2.925061632071944417e-02,0.000000000000000000e+00,0.000000000000000000e+00,0.000000000000000000e+00,6.634383407211535966e-02,-0.000000000000000000e+00,0.000000000000000000e+00,-0.000000000000000000e+00,0.000000000000000000e+00
-6.725823306723953676e-01,1.580852152781275555e+00,-0.000000000000000000e+00,0.000000000000000000e+00,-1.933337241046497734e-01,-0.000000000000000000e+00,-0.000000000000000000e+00,0.000000000000000000e+00,-3.659660384367374730e-01,0.000000000000000000e+00,-0.000000000000000000e+00,0.000000000000000000e+00,-0.000000000000000000e+00,-0.000000000000000000e+00,0.000000000000000000e+00,-0.000000000000000000e+00,0.000000000000000000e+00,0.000000000000000000e+00,0.000000000000000000e+00,0.000000000000000000e+00,-0.000000000000000000e+00,0.000000000000000000e+00,-0.000000000000000000e+00,-0.000000000000000000e+00,0.000000000000000000e+00,-0.000000000000000000e+00,-0.000000000000000000e+00,-0.000000000000000000e+00,-0.000000000000000000e+00,0.000000000000000000e+00,0.000000000000000000e+00,-0.000000000000000000e+00,-0.000000000000000000e+00,-0.000000000000000000e+00,0.000000000000000000e+00,-0.000000000000000000e+00,-0.000000000000000000e+00,-0.000000000000000000e+00,-0.000000000000000000e+00
0.000000000000000000e+00,-0.000000000000000000e+00,2.798404271425600331e+00,-2.586319358911020605e-01,-1.004190200509284814e-01,-0.000000000000000000e+00,-0.000000000000000000e+00,1.495280300263148288e+00,-0.000000000000000000e+00,-2.036538192119570767e-01,-0.000000000000000000e+00,0.000000000000000000e+00,0.000000000000000000e+00,-0.000000000000000000e+00,0.000000000000000000e+00,-0.000000000000000000e+00,0.000000000000000000e+00,-1.909329819350255239e-02,-2.790440512494754902e-02,-3.970478973385017235e-02,-0.000000000000000000e+00,-2.704021967015462491e-01,-0.000000000000000000e+00,-0.000000000000000000e+00,-1.257860660109052023e-02,0.000000000000000000e+00,-0.000000000000000000e+00,-0.000000000000000000e+00,0.000000000000000000e+00,-1.163522256599813509e-01,-4.684053205422209487e-01,-0.000000000000000000e+00,-0.000000000000000000e+00,-1.473207911583151175e-01,0.000000000000000000e+00,-0.000000000000000000e+00,-0.000000000000000000e+00,-0.000000000000000000e+00,-0.000000000000000000e+00
-0.000000000000000000e+00,0.000000000000000000e+00,-2.586319358911020605e-01,1.684404342413769351e+00,-6.972472248268681005e-02,0.000000000000000000e+00,-4.408242739614904870e-01,0.000000000000000000e+00,-0.000000000000000000e+00,-0.000000000000000000e+00,-0.000000000000000000e+00,0.000000000000000000e+00,-0.000000000000000000e+00,-0.000000000000000000e+00,0.000000000000000000e+00,0.000000000000000000e+00,0.000000000000000000e+00,-4.774520017777242886e-01,-3.062042690127789180e-01,-4.066341196981579365e-02,8.689042979870227612e-03,-0.000000000000000000e+00,0.000000000000000000e+00,0.000000000000000000e+00,-0.000000000000000000e+00,0.000000000000000000e+00,0.000000000000000000e+00,-0.000000000000000000e+00,0.000000000000000000e+00,-0.000000000000000000e+00,-0.000000000000000000e+00,-0.000000000000000000e+00,0.000000000000000000e+00,-0.000000000000000000e+00,0.000000000000000000e+00,-0.000000000000000000e+00,-0.000000000000000000e+00,0.000000000000000000e+00,-0.000000000000000000e+00
-0.000000000000000000e+00,-1.933337241046497734e-01,-1.004190200509284814e-01,-6.972472248268681005e-02,1.945387591246632075e+00,-0.000000000000000000e+00,-0.000000000000000000e+00,4.497871006711247066e-01,-4.135535695057651062e-01,-1.026387999161883086e-01,-0.000000000000000000e+00,-0.000000000000000000e+00,0.000000000000000000e+00,-0.000000000000000000e+00,0.000000000000000000e+00,-0.000000000000000000e+00,0.000000000000000000e+00,-3.453201187115627069e-01,-1.400365041286761869e-01,-0.000000000000000000e+00,0.000000000000000000e+00,-0.000000000000000000e+00,-0.000000000000000000e+00,0.000000000000000000e+00,-0.000000000000000000e+00,-0.000000000000000000e+00,-0.000000000000000000e+00,-0.000000000000000000e+00,-0.000000000000000000e+00,-6.789062826581368504e-02,-0.000000000000000000e+00,-1.282692878046945428e-01,0.000000000000000000e+00,-6.372634676415987742e-02,0.000000000000000000e+00,-0.000000000000000000e+00,-0.000000000000000000e+00,-0.000000000000000000e+00,-1.364376362158671932e-02
-0.000000000000000000e+00,-0.000000000000000000e+00,-0.000000000000000000e+00,0.000000000000000000e+00,-0.000000000000000000e+00,2.080781151275264751e+00,1.406729723997404702e-01,0.000000000000000000e+00,-0.000000000000000000e+00,-0.000000000000000000e+00,0.000000000000000000e+00,2.136318615778140181e-03,0.000000000000000000e+00,-0.000000000000000000e+00,4.065779216357190418e-02,-5.395387818471335251e-02,-4.337488556083100577e-01,0.000000000000000000e+00,0.000000000000000000e+00,-0.000000000000000000e+00,-1.562920968537134248e-01,0.000000000000000000e+00,-0.000000000000000000e+00,-6.855701303090101506e-01,-0.000000000000000000e+00,-2.689731856391807119e-01,0.000000000000000000e+00,-1.504075334814814202e-01,-0.000000000000000000e+00,-0.000000000000000000e+00,-0.000000000000000000e+00,-3.191672023534256747e-02,-0.000000000000000000e+00,0.000000000000000000e+00,-0.000000000000000000e+00,1.598113644750754903e-01,-0.000000000000000000e+00,-0.000000000000000000e+00,2.004720476262880635e-01
0.000000000000000000e+00,-0.000000000000000000e+00,-0.000000000000000000e+00,-4.408242739614904870e-01,-0.000000000000000000e+00,1.406729723997404702e-01,1.233527632119372885e+00,0.000000000000000000e+00,0.000000000000000000e+00,0.000000000000000000e+00,-0.000000000000000000e+00,0.000000000000000000e+00,0.000000000000000000e+00,0.000000000000000000e+00,2.621494099387206567e-01,0.000000000000000000e+00,0.000000000000000000e+00,-0.000000000000000000e+00,-0.000000000000000000e+00,-0.000000000000000000e+00,0.000000000000000000e+00,-2.709379879662969504e-02,0.000000000000000000e+00,0.000000000000000000e+00,0.000000000000000000e+00,4.793887448508436094e-02,0.000000000000000000e+00,-0.000000000000000000e+00,0.000000000000000000e+00,-0.000000000000000000e+00,-3.295142002836985782e-04,0.000000000000000000e+00,0.000000000000000000e+00,0.000000000000000000e+00,0.000000000000000000e+00,-0.000000000000000000e+00,0.000000000000000000e+00,1.573283292131114341e-01,-0.000000000000000000e+00
-0.000000000000000000e+00,0.000000000000000000e+00,1.495280300263148288e+00,0.000000000000000000e+00,4.497871006711247066e-01,0.000000000000000000e+00,0.000000000000000000e+00,2.661361209756871293e+00,0.000000000000000000e+00,2.910144636685016994e-01,0.000000000000000000e+00,-0.000000000000000000e+00,-4.247759480109594699e-03,0.000000000000000000e+00,-1.996682616727588760e-02,0.000000000000000000e+00,-0.000000000000000000e+00,0.000000000000000000e+00,9.674014292808225113e-02,1.823317764638037256e-02,0.000000000000000000e+00,0.000000000000000000e+00,0.000000000000000000e+00,0.000000000000000000e+00,8.706594124194716455e-02,0.000000000000000000e+00,0.000000000000000000e+00,0.000000000000000000e+00,-0.000000000000000000e+00,1.387283371222906569e-01,0.000000000000000000e+00,0.000000000000000000e+00,0.000000000000000000e+00,3.994464860535250350e-02,-0.000000000000000000e+00,0.000000000000000000e+00,0.000000000000000000e+00,0.000000000000000000e+00,0.000000000000000000e+00
-2.688591076437167882e-01,-3.659660384367374730e-01,-0.000000000000000000e+00,-0.000000000000000000e+00,-4.135535695057651062e-01,-0.000000000000000000e+00,0.000000000000000000e+00,0.000000000000000000e+00,1.841955418583628212e+00,-0.000000000000000000e+00,-0.000000000000000000e+00,-0.000000000000000000e+00,-0.000000000000000000e+00,-7.169990661181518954e-02,-0.000000000000000000e+00,-0.000000000000000000e+00,0.000000000000000000e+00,-7.666422745497568358e-02,-0.000000000000000000e+00,0.000000000000000000e+00,-0.000000000000000000e+00,-0.000000000000000000e+00,-0.000000000000000000e+00,0.000000000000000000e+00,0.000000000000000000e+00,-0.000000000000000000e+00,-0.000000000000000000e+00,-0.000000000000000000e+00,-5.269679816973736608e-02,-0.000000000000000000e+00,0.000000000000000000e+00,-8.884704093308432374e-03,-0.000000000000000000e+00,-2.771500627503217240e-01,-0.000000000000000000e+00,-4.422775658869596005e-01,-0.000000000000000000e+00,-1.661947173482257178e-01,-0.000000000000000000e+00
-0.000000000000000000e+00,0.000000000000000000e+00,-2.036538192119570767e-01,-0.000000000000000000e+00,-1.026387999161883086e-01,-0.000000000000000000e+00,0.000000000000000000e+00,2.910144636685016994e-01,-0.000000000000000000e+00,2.083011791492269005e+00,-0.000000000000000000e+00,-0.000000000000000000e+00,0.000000000000000000e+00,-0.000000000000000000e+00,0.000000000000000000e+00,-2.575749128454171144e-01,-0.000000000000000000e+00,-1.035054970497376048e-02,-1.437275469166215125e-01,-1.317459928145296999e-01,-0.000000000000000000e+00,-0.000000000000000000e+00,-0.000000000000000000e+00,-0.000000000000000000e+00,-3.649196133132427966e-01,-0.000000000000000000e+00,-0.000000000000000000e+00,-0.000000000000000000e+00,0.000000000000000000e+00,-4.133000374102197561e-01,-0.000000000000000000e+00,-0.000000000000000000e+00,-0.000000000000000000e+00,-0.000000000000000000e+00,0.000000000000000000e+00,-0.000000000000000000e+00,-0.000000000000000000e+00,-2.910548982066438750e-01,-2.885074561171220298e-01
0.000000000000000000e+00,-0.000000000000000000e+00,-0.000000000000000000e+00,-0.000000000000000000e+00,-0.000000000000000000e+00,0.000000000000000000e+00,-0.000000000000000000e+00,0.000000000000000000e+00,-0.000000000000000000e+00,-0.000000000000000000e+00,1.003256669127404743e+00,-0.000000000000000000e+00,0.000000000000000000e+00,-0.000000000000000000e+00,-0.000000000000000000e+00,-0.000000000000000000e+00,0.000000000000000000e+00,-0.000000000000000000e+00,-5.715994358965462846e-02,-0.000000000000000000e+00,0.000000000000000000e+00,-0.000000000000000000e+00,-0.000000000000000000e+00,0.000000000000000000e+00,0.000000000000000000e+00,0.000000000000000000e+00,-0.000000000000000000e+00,0.000000000000000000e+00,0.000000000000000000e+00,-0.000000000000000000e+00,-0.000000000000000000e+00,0.000000000000000000e+00,0.000000000000000000e+00,-0.000000000000000000e+00,-0.000000000000000000e+00,-0.000000000000000000e+00,-0.000000000000000000e+00,-0.000000000000000000e+00,-0.000000000000000000e+00
1.315372735136404181e-01,0.000000000000000000e+00,0.000000000000000000e+00,0.000000000000000000e+00,-0.000000000000000000e+00,2.136318615778140181e-03,0.000000000000000000e+00,-0.000000000000000000e+00,-0.000000000000000000e+00,-0.000000000000000000e+00,-0.000000000000000000e+00,2.481349054221104744e+00,-0.000000000000000000e+00,-0.000000000000000000e+00,-7.097180497556799805e-01,0.000000000000000000e+00,2.474680163209402872e-01,-0.000000000000000000e+00,-0.000000000000000000e+00,0.000000000000000000e+00,0.000000000000000000e+00,-0.000000000000000000e+00,0.000000000000000000e+00,2.594617725092025484e-01,0.000000000000000000e+00,0.000000000000000000e+00,-7.204795241699508690e-01,2.852533124693446345e-02,3.433134881650194009e-02,0.000000000000000000e+00,0.000000000000000000e+00,-0.000000000000000000e+00,0.000000000000000000e+00,-4.064229593383411054e-01,-0.000000000000000000e+00,-7.629306222643035540e-02,-2.145071615201903092e-01,-0.000000000000000000e+00,-3.256787031679701516e-01
-0.000000000000000000e+00,-0.000000000000000000e+00,0.000000000000000000e+00,-0.000000000000000000e+00,0.000000000000000000e+00,0.000000000000000000e+00,0.000000000000000000e+00,-4.247759480109594699e-03,-0.000000000000000000e+00,0.000000000000000000e+00,0.000000000000000000e+00,-0.000000000000000000e+00,1.503110434690483999e+00,0.000000000000000000e+00,-1.906711987095481842e-01,0.000000000000000000e+00,0.000000000000000000e+00,0.000000000000000000e+00,-0.000000000000000000e+00,-0.000000000000000000e+00,0.000000000000000000e+00,-0.000000000000000000e+00,4.556702838750569667e-02,2.865479033183034874e-01,4.169714166048190535e-02,0.000000000000000000e+00,-0.000000000000000000e+00,0.000000000000000000e+00,0.000000000000000000e+00,0.000000000000000000e+00,6.340981907719981381e-01,0.000000000000000000e+00,0.000000000000000000e+00,0.000000000000000000e+00,0.000000000000000000e+00,-0.000000000000000000e+00,-0.000000000000000000e+00,-0.000000000000000000e+00,-0.000000000000000000e+00
0.000000000000000000e+00,-0.000000000000000000e+00,-0.000000000000000000e+00,-0.000000000000000000e+00,-0.000000000000000000e+00,-0.000000000000000000e+00,0.000000000000000000e+00,0.000000000000000000e+00,-7.169990661181518954e-02,-0.000000000000000000e+00,-0.000000000000000000e+00,-0.000000000000000000e+00,0.000000000000000000e+00,1.597481537250204031e+00,-0.000000000000000000e+00,-0.000000000000000000e+00,-0.000000000000000000e+00,-4.101880841049584253e-02,-0.000000000000000000e+00,3.032521643752484827e-02,0.000000000000000000e+00,-0.000000000000000000e+00,-1.642496844047264815e-01,-5.651475998876972877e-03,-0.000000000000000000e+00,-0.000000000000000000e+00,-0.000000000000000000e+00,-0.000000000000000000e+00,-0.000000000000000000e+00,-0.000000000000000000e+00,-1.599883393714220670e-01,-3.005349868642584812e-02,-3.446810819440573326e-01,-0.000000000000000000e+00,-4.672905996458256439e-01,0.000000000000000000e+00,-2.840005305001089830e-01,0.000000000000000000e+00,-0.000000000000000000e+00
0.000000000000000000e+00,0.000000000000000000e+00,0.000000000000000000e+00,0.000000000000000000e+00,0.000000000000000000e+00,4.065779216357190418e-02,2.621494099387206567e-01,-1.996682616727588760e-02,-0.000000000000000000e+00,0.000000000000000000e+00,-0.000000000000000000e+00,-7.097180497556799805e-01,-1.906711987095481842e-01,-0.000000000000000000e+00,1.614495604873767309e+00,0.000000000000000000e+00,0.000000000000000000e+00,-0.000000000000000000e+00,-0.000000000000000000e+00,0.000000000000000000e+00,0.000000000000000000e+00,-0.000000000000000000e+00,0.000000000000000000e+00,0.000000000000000000e+00,2.166554273551843379e-02,-0.000000000000000000e+00,-0.000000000000000000e+00,0.000000000000000000e+00,-0.000000000000000000e+00,0.000000000000000000e+00,3.296063421769713370e-02,-0.000000000000000000e+00,0.000000000000000000e+00,-1.187048810467058457e-01,-0.000000000000000000e+00,-1.809598994063731092e-01,-0.000000000000000000e+00,-0.000000000000000000e+00,-0.000000000000000000e+00
-0.000000000000000000e+00,-0.000000000000000000e+00,-0.000000000000000000e+00,0.000000000000000000e+00,-0.000000000000000000e+00,-5.395387818471335251e-02,0.000000000000000000e+00,0.000000000000000000e+00,-0.000000000000000000e+00,-2.575749128454171144e-01,-0.000000000000000000e+00,0.000000000000000000e+00,0.000000000000000000e+00,-0.000000000000000000e+00,0.000000000000000000e+00,2.340957208551185609e+00,-1.752489730600764184e-01,-0.000000000000000000e+00,-0.000000000000000000e+00,-1.862242994937298932e-02,-0.000000000000000000e+00,-0.000000000000000000e+00,-5.269616511745238707e-01,-0.000000000000000000e+00,-0.000000000000000000e+00,-4.527848328124488009e-01,0.000000000000000000e+00,-1.414150890040448694e-01,-0.000000000000000000e+00,-7.062683882589684270e-01,0.000000000000000000e+00,-0.000000000000000000e+00,-0.000000000000000000e+00,-0.000000000000000000e+00,0.000000000000000000e+00,0.000000000000000000e+00,-0.000000000000000000e+00,-3.277512628001860162e-01,0.000000000000000000e+00
-0.000000000000000000e+00,0.000000000000000000e+00,0.000000000000000000e+00,0.000000000000000000e+00,0.000000000000000000e+00,-4.337488556083100577e-01,0.000000000000000000e+00,-0.000000000000000000e+00,0.000000000000000000e+00,-0.000000000000000000e+00,0.000000000000000000e+00,2.474680163209402872e-01,0.000000000000000000e+00,-0.000000000000000000e+00,0.000000000000000000e+00,-1.752489730600764184e-01,1.969707212176147637e+00,-0.000000000000000000e+00,0.000000000000000000e+00,-0.000000000000000000e+00,-0.000000000000000000e+00,0.000000000000000000e+00,-5.311196761299639274e-02,-4.037046186942534476e-01,-1.780029629173124905e-01,-0.000000000000000000e+00,0.000000000000000000e+00,-2.786869423563597195e-02,-0.000000000000000000e+00,-0.000000000000000000e+00,-0.000000000000000000e+00,-0.000000000000000000e+00,-5.042042135602031738e-02,0.000000000000000000e+00,-0.000000000000000000e+00,4.186512887847251840e-01,-0.000000000000000000e+00,0.000000000000000000e+00,7.258262950804012480e-03
0.000000000000000000e+00,0.000000000000000000e+00,-1.909329819350255239e-02,-4.774520017777242886e-01,-3.453201187115627069e-01,0.000000000000000000e+00,-0.000000000000000000e+00,0.000000000000000000e+00,-7.666422745497568358e-02,-1.035054970497376048e-02,-0.000000000000000000e+00,-0.000000000000000000e+00,0.000000000000000000e+00,-4.101880841049584253e-02,-0.000000000000000000e+00,-0.000000000000000000e+00,-0.000000000000000000e+00,2.300868824634416221e+00,-8.519261789595862222e-01,-0.000000000000000000e+00,0.000000000000000000e+00,-0.000000000000000000e+00,-0.000000000000000000e+00,0.000000000000000000e+00,-0.000000000000000000e+00,-0.000000000000000000e+00,-0.000000000000000000e+00,-7.619104295446113562e-02,-0.000000000000000000e+00,-0.000000000000000000e+00,-0.000000000000000000e+00,-0.000000000000000000e+00,-0.000000000000000000e+00,-3.327331016415211451e-01,-0.000000000000000000e+00,-0.000000000000000000e+00,-1.854238945855357923e-01,-0.000000000000000000e+00,-0.000000000000000000e+00
0.000000000000000000e+00,0.000000000000000000e+00,-2.790440512494754902e-02,-3.062042690127789180e-01,-1.400365041286761869e-01,0.000000000000000000e+00,-0.000000000000000000e+00,9.674014292808225113e-02,-0.000000000000000000e+00,-1.437275469166215125e-01,-5.715994358965462846e-02,-0.000000000000000000e+00,-0.000000000000000000e+00,-0.000000000000000000e+00,-0.000000000000000000e+00,-0.000000000000000000e+00,0.000000000000000000e+00,-8.519261789595862222e-01,2.191385145915088373e+00,-0.000000000000000000e+00,0.000000000000000000e+00,-5.935672153958120728e-02,-0.000000000000000000e+00,0.000000000000000000e+00,-0.000000000000000000e+00,0.000000000000000000e+00,-0.000000000000000000e+00,-0.000000000000000000e+00,0.000000000000000000e+00,-0.000000000000000000e+00,-0.000000000000000000e+00,-0.000000000000000000e+00,0.000000000000000000e+00,-4.612852323080828265e-01,-0.000000000000000000e+00,-6.649472826053023922e-02,-0.000000000000000000e+00,-0.000000000000000000e+00,-1.904436784900371063e-02
-7.536669567018484950e-02,0.000000000000000000e+00,-3.970478973385017235e-02,-4.066341196981579365e-02,-0.000000000000000000e+00,-0.000000000000000000e+00,-0.000000000000000000e+00,1.823317764638037256e-02,0.000000000000000000e+00,-1.317459928145296999e-01,-0.000000000000000000e+00,0.000000000000000000e+00,-0.000000000000000000e+00,3.032521643752484827e-02,0.000000000000000000e+00,-1.862242994937298932e-02,-0.000000000000000000e+00,-0.000000000000000000e+00,-0.000000000000000000e+00,1.234615095007951302e+00,-5.894600500251932079e-02,-2.505213476209380286e-01,-0.000000000000000000e+00,0.000000000000000000e+00,-0.000000000000000000e+00,-0.000000000000000000e+00,0.000000000000000000e+00,-5.521335809380537030e-03,0.000000000000000000e+00,-0.000000000000000000e+00,0.000000000000000000e+00,1.231329353010553462e-01,0.000000000000000000e+00,0.000000000000000000e+00,3.569691114408024557e-01,-0.000000000000000000e+00,0.000000000000000000e+00,-0.000000000000000000e+00,0.000000000000000000e+00
-0.000000000000000000e+00,-0.000000000000000000e+00,-0.000000000000000000e+00,8.689042979870227612e-03,0.000000000000000000e+00,-1.562920968537134248e-01,0.000000000000000000e+00,0.000000000000000000e+00,-0.000000000000000000e+00,-0.000000000000000000e+00,0.000000000000000000e+00,0.000000000000000000e+00,0.000000000000000000e+00,0.000000000000000000e+00,0.000000000000000000e+00,-0.000000000000000000e+00,-0.000000000000000000e+00,0.000000000000000000e+00,0.000000000000000000e+00,-5.894600500251932079e-02,1.267276966908861269e+00,-8.437665124035693964e-02,-0.000000000000000000e+00,-0.000000000000000000e+00,-5.063150078419977745e-02,-2.751218644872993613e-01,-0.000000000000000000e+00,-0.000000000000000000e+00,-0.000000000000000000e+00,-0.000000000000000000e+00,-0.000000000000000000e+00,0.000000000000000000e+00,-2.489216098955892298e-01,0.000000000000000000e+00,0.000000000000000000e+00,0.000000000000000000e+00,1.334894812478686077e-02,-0.000000000000000000e+00,4.660938839934836847e-02
0.000000000000000000e+00,0.000000000000000000e+00,-2.704021967015462491e-01,-0.000000000000000000e+00,-0.000000000000000000e+00,0.000000000000000000e+00,-2.709379879662969504e-02,0.000000000000000000e+00,-0.000000000000000000e+00,-0.000000000000000000e+00,-0.000000000000000000e+00,-0.000000000000000000e+00,-0.000000000000000000e+00,-0.000000000000000000e+00,-0.000000000000000000e+00,-0.000000000000000000e+00,0.000000000000000000e+00,-0.000000000000000000e+00,-5.935672153958120728e-02,-2.505213476209380286e-01,-8.437665124035693964e-02,1.355330501539088406e+00,-0.000000000000000000e+00,0.000000000000000000e+00,-0.000000000000000000e+00,-0.000000000000000000e+00,-4.499553603867904039e-01,-0.000000000000000000e+00,1.741933858841396981e-02,-0.000000000000000000e+00,-0.000000000000000000e+00,0.000000000000000000e+00,-8.316043420895460891e-02,-1.255151865266299939e-02,0.000000000000000000e+00,-0.000000000000000000e+00,-0.000000000000000000e+00,-0.000000000000000000e+00,-0.000000000000000000e+00
0.000000000000000000e+00,-0.000000000000000000e+00,-0.000000000000000000e+00,0.000000000000000000e+00,-0.000000000000000000e+00,-0.000000000000000000e+00,0.000000000000000000e+00,0.000000000000000000e+00,-0.000000000000000000e+00,-0.000000000000000000e+00,-0.000000000000000000e+00,0.000000000000000000e+00,4.556702838750569667e-02,-1.642496844047264815e-01,0.000000000000000000e+00,-5.269616511745238707e-01,-5.311196761299639274e-02,-0.000000000000000000e+00,-0.000000000000000000e+00,-0.000000000000000000e+00,-0.000000000000000000e+00,-0.000000000000000000e+00,1.859303844594674793e+00,-1.544431369450233460e-01,-4.783618441825127077e-01,-6.370421999631444010e-02,-0.000000000000000000e+00,-0.000000000000000000e+00,-0.000000000000000000e+00,-1.168091150062179062e-01,-0.000000000000000000e+00,-0.000000000000000000e+00,-2.254038645440600008e-01,-0.000000000000000000e+00,-0.000000000000000000e+00,0.000000000000000000e+00,-0.000000000000000000e+00,-3.750052720515915732e-04,0.000000000000000000e+00
-0.000000000000000000e+00,-0.000000000000000000e+00,-0.000000000000000000e+00,0.000000000000000000e+00,0.000000000000000000e+00,-6.855701303090101506e-01,0.000000000000000000e+00,0.000000000000000000e+00,0.000000000000000000e+00,-0.000000000000000000e+00,0.000000000000000000e+00,2.594617725092025484e-01,2.865479033183034874e-01,-5.651475998876972877e-03,0.000000000000000000e+00,-0.000000000000000000e+00,-4.037046186942534476e-01,0.000000000000000000e+00,0.000000000000000000e+00,0.000000000000000000e+00,-0.000000000000000000e+00,0.000000000000000000e+00,-1.544431369450233460e-01,2.490673675044519975e+00,-1.033266991147125946e-01,-0.000000000000000000e+00,0.000000000000000000e+00,-1.691735897320397267e-02,-0.000000000000000000e+00,-0.000000000000000000e+00,-0.000000000000000000e+00,-0.000000000000000000e+00,-5.500064810935738624e-01,0.000000000000000000e+00,-1.131645051499803462e-01,3.354258326476742824e-01,-0.000000000000000000e+00,0.000000000000000000e+00,4.301226108571958029e-02
0.000000000000000000e+00,0.000000000000000000e+00,-1.257860660109052023e-02,-0.000000000000000000e+00,-0.000000000000000000e+00,-0.000000000000000000e+00,0.000000000000000000e+00,8.706594124194716455e-02,0.000000000000000000e+00,-3.649196133132427966e-01,0.000000000000000000e+00,0.000000000000000000e+00,4.169714166048190535e-02,-0.000000000000000000e+00,2.166554273551843379e-02,-0.000000000000000000e+00,-1.780029629173124905e-01,-0.000000000000000000e+00,-0.000000000000000000e+00,-0.000000000000000000e+00,-5.063150078419977745e-02,-0.000000000000000000e+00,-4.783618441825127077e-01,-1.033266991147125946e-01,1.654082858837156333e+00,-0.000000000000000000e+00,0.000000000000000000e+00,-0.000000000000000000e+00,0.000000000000000000e+00,-1.268356142514816091e-02,-1.464762964802939771e-01,-0.000000000000000000e+00,-1.021196906980928742e-01,-0.000000000000000000e+00,0.000000000000000000e+00,0.000000000000000000e+00,0.000000000000000000e+00,-0.000000000000000000e+00,-0.000000000000000000e+00
-0.000000000000000000e+00,-0.000000000000000000e+00,0.000000000000000000e+00,0.000000000000000000e+00,-0.000000000000000000e+00,-2.689731856391807119e-01,4.793887448508436094e-02,0.000000000000000000e+00,-0.000000000000000000e+00,-0.000000000000000000e+00,0.000000000000000000e+00,0.000000000000000000e+00,0.000000000000000000e+00,-0.000000000000000000e+00,-0.000000000000000000e+00,-4.527848328124488009e-01,-0.000000000000000000e+00,-0.000000000000000000e+00,0.000000000000000000e+00,-0.000000000000000000e+00,-2.751218644872993613e-01,-0.000000000000000000e+00,-6.370421999631444010e-02,-0.000000000000000000e+00,-0.000000000000000000e+00,2.170517170432702869e+00,-0.000000000000000000e+00,-4.310000520531283019e-01,-7.805128549293994800e-01,-0.000000000000000000e+00,0.000000000000000000e+00,-0.000000000000000000e+00,-1.811905092368317795e-03,0.000000000000000000e+00,-0.000000000000000000e+00,0.000000000000000000e+00,-0.000000000000000000e+00,-9.687000188431128811e-02,0.000000000000000000e+00
2.132086074466705283e-01,-0.000000000000000000e+00,-0.000000000000000000e+00,0.000000000000000000e+00,-0.000000000000000000e+00,0.000000000000000000e+00,0.000000000000000000e+00,0.000000000000000000e+00,-0.000000000000000000e+00,-0.000000000000000000e+00,-0.000000000000000000e+00,-7.204795241699508690e-01,-0.000000000000000000e+00,-0.000000000000000000e+00,-0.000000000000000000e+00,0.000000000000000000e+00,0.000000000000000000e+00,-0.000000000000000000e+00,-0.000000000000000000e+00,0.000000000000000000e+00,-0.000000000000000000e+00,-4.499553603867904039e-01,-0.000000000000000000e+00,0.000000000000000000e+00,0.000000000000000000e+00,-0.000000000000000000e+00,1.656075850093431834e+00,0.000000000000000000e+00,0.000000000000000000e+00,0.000000000000000000e+00,-0.000000000000000000e+00,-0.000000000000000000e+00,-0.000000000000000000e+00,-8.422579190491379098e-02,-0.000000000000000000e+00,-0.000000000000000000e+00,-0.000000000000000000e+00,0.000000000000000000e+00,-5.499954498397016667e-02
-9.799789295238824083e-02,-0.000000000000000000e+00,-0.000000000000000000e+00,-0.000000000000000000e+00,-0.000000000000000000e+00,-1.504075334814814202e-01,-0.000000000000000000e+00,0.000000000000000000e+00,-0.000000000000000000e+00,-0.000000000000000000e+00,0.000000000000000000e+00,2.852533124693446345e-02,0.000000000000000000e+00,-0.000000000000000000e+00,0.000000000000000000e+00,-1.414150890040448694e-01,-2.786869423563597195e-02,-7.619104295446113562e-02,-0.000000000000000000e+00,-5.521335809380537030e-03,-0.000000000000000000e+00,-0.000000000000000000e+00,-0.000000000000000000e+00,-1.691735897320397267e-02,-0.000000000000000000e+00,-4.310000520531283019e-01,0.000000000000000000e+00,1.601675336182907916e+00,-1.073357737914078652e-01,-2.115998674378890415e-02,-0.000000000000000000e+00,-0.000000000000000000e+00,-3.700335101869913768e-01,-0.000000000000000000e+00,-0.000000000000000000e+00,0.000000000000000000e+00,-0.000000000000000000e+00,-0.000000000000000000e+00,9.542570105142068881e-03
-3.286701208365677140e-01,-0.000000000000000000e+00,0.000000000000000000e+00,0.000000000000000000e+00,-0.000000000000000000e+00,-0.000000000000000000e+00,0.000000000000000000e+00,-0.000000000000000000e+00,-5.269679816973736608e-02,0.000000000000000000e+00,0.000000000000000000e+00,3.433134881650194009e-02,0.000000000000000000e+00,-0.000000000000000000e+00,-0.000000000000000000e+00,-0.000000000000000000e+00,-0.000000000000000000e+00,-0.000000000000000000e+00,0.000000000000000000e+00,0.000000000000000000e+00,-0.000000000000000000e+00,1.741933858841396981e-02,-0.000000000000000000e+00,-0.000000000000000000e+00,0.000000000000000000e+00,-7.805128549293994800e-01,0.000000000000000000e+00,-1.073357737914078652e-01,1.636182680455683602e+00,-0.000000000000000000e+00,0.000000000000000000e+00,-1.232078086829049290e-01,-0.000000000000000000e+00,0.000000000000000000e+00,-0.000000000000000000e+00,0.000000000000000000e+00,0.000000000000000000e+00,-0.000000000000000000e+00,2.189459563189599667e-02
-0.000000000000000000e+00,0.000000000000000000e+00,-1.163522256599813509e-01,-0.000000000000000000e+00,-6.789062826581368504e-02,-0.000000000000000000e+00,-0.000000000000000000e+00,1.387283371222906569e-01,-0.000000000000000000e+00,-4.133000374102197561e-01,-0.000000000000000000e+00,0.000000000000000000e+00,0.000000000000000000e+00,-0.000000000000000000e+00,0.000000000000000000e+00,-7.062683882589684270e-01,-0.000000000000000000e+00,-0.000000000000000000e+00,-0.000000000000000000e+00,-0.000000000000000000e+00,-0.000000000000000000e+00,-0.000000000000000000e+00,-1.168091150062179062e-01,-0.000000000000000000e+00,-1.268356142514816091e-02,-0.000000000000000000e+00,0.000000000000000000e+00,-2.115998674378890415e-02,-0.000000000000000000e+00,1.832943737533433870e+00,-0.000000000000000000e+00,-0.000000000000000000e+00,-0.000000000000000000e+00,-0.000000000000000000e+00,-0.000000000000000000e+00,0.000000000000000000e+00,-0.000000000000000000e+00,-1.756383236811986936e-02,-0.000000000000000000e+00
2.925061632071944417e-02,0.000000000000000000e+00,-4.684053205422209487e-01,-0.000000000000000000e+00,-0.000000000000000000e+00,-0.000000000000000000e+00,-3.295142002836985782e-04,0.000000000000000000e+00,0.000000000000000000e+00,-0.000000000000000000e+00,-0.000000000000000000e+00,0.000000000000000000e+00,6.340981907719981381e-01,-1.599883393714220670e-01,3.296063421769713370e-02,0.000000000000000000e+00,-0.000000000000000000e+00,-0.000000000000000000e+00,-0.000000000000000000e+00,0.000000000000000000e+00,-0.000000000000000000e+00,-0.000000000000000000e+00,-0.000000000000000000e+00,-0.000000000000000000e+00,-1.464762964802939771e-01,0.000000000000000000e+00,-0.000000000000000000e+00,-0.000000000000000000e+00,0.000000000000000000e+00,-0.000000000000000000e+00,1.679039221318655573e+00,-0.000000000000000000e+00,-1.656632713589613892e-01,-4.882493999251591964e-03,-0.000000000000000000e+00,0.000000000000000000e+00,-0.000000000000000000e+00,0.000000000000000000e+00,-0.000000000000000000e+00
0.000000000000000000e+00,-0.000000000000000000e+00,-0.000000000000000000e+00,-0.000000000000000000e+00,-1.282692878046945428e-01,-3.191672023534256747e-02,0.000000000000000000e+00,0.000000000000000000e+00,-8.884704093308432374e-03,-0.000000000000000000e+00,0.000000000000000000e+00,-0.000000000000000000e+00,0.000000000000000000e+00,-3.005349868642584812e-02,-0.000000000000000000e+00,-0.000000000000000000e+00,-0.000000000000000000e+00,-0.000000000000000000e+00,-0.000000000000000000e+00,1.231329353010553462e-01,0.000000000000000000e+00,0.000000000000000000e+00,-0.000000000000000000e+00,-0.000000000000000000e+00,-0.000000000000000000e+00,-0.000000000000000000e+00,-0.000000000000000000e+00,-0.000000000000000000e+00,-1.232078086829049290e-01,-0.000000000000000000e+00,-0.000000000000000000e+00,1.146600729709362998e+00,-0.000000000000000000e+00,-0.000000000000000000e+00,-0.000000000000000000e+00,-0.000000000000000000e+00,-2.725065563245398503e-01,-0.000000000000000000e+00,-0.000000000000000000e+00
0.000000000000000000e+00,-0.000000000000000000e+00,-0.000000000000000000e+00,0.000000000000000000e+00,0.000000000000000000e+00,-0.000000000000000000e+00,0.000000000000000000e+00,0.000000000000000000e+00,-0.000000000000000000e+00,-0.000000000000000000e+00,0.000000000000000000e+00,0.000000000000000000e+00,0.000000000000000000e+00,-3.446810819440573326e-01,0.000000000000000000e+00,-0.000000000000000000e+00,-5.042042135602031738e-02,-0.000000000000000000e+00,0.000000000000000000e+00,0.000000000000000000e+00,-2.489216098955892298e-01,-8.316043420895460891e-02,-2.254038645440600008e-01,-5.500064810935738624e-01,-1.021196906980928742e-01,-1.811905092368317795e-03,-0.000000000000000000e+00,-3.700335101869913768e-01,-0.000000000000000000e+00,-0.000000000000000000e+00,-1.656632713589613892e-01,-0.000000000000000000e+00,1.932593598535288004e+00,0.000000000000000000e+00,-2.964265729705646904e-02,2.094952960925407920e-02,-0.000000000000000000e+00,0.000000000000000000e+00,6.741386446189007869e-03
0.000000000000000000e+00,-0.000000000000000000e+00,-1.473207911583151175e-01,-0.000000000000000000e+00,-6.372634676415987742e-02,0.000000000000000000e+00,0.000000000000000000e+00,3.994464860535250350e-02,-2.771500627503217240e-01,-0.000000000000000000e+00,-0.000000000000000000e+00,-4.064229593383411054e-01,0.000000000000000000e+00,-0.000000000000000000e+00,-1.187048810467058457e-01,-0.000000000000000000e+00,0.000000000000000000e+00,-3.327331016415211451e-01,-4.612852323080828265e-01,0.000000000000000000e+00,0.000000000000000000e+00,-1.255151865266299939e-02,-0.000000000000000000e+00,0.000000000000000000e+00,-0.000000000000000000e+00,0.000000000000000000e+00,-8.422579190491379098e-02,-0.000000000000000000e+00,0.000000000000000000e+00,-0.000000000000000000e+00,-4.882493999251591964e-03,-0.000000000000000000e+00,0.000000000000000000e+00,2.188197937934682535e+00,-0.000000000000000000e+00,-1.535155831924107650e-01,-2.456898239879628798e-01,-0.000000000000000000e+00,-2.450043839473291796e-01
6.634383407211535966e-02,0.000000000000000000e+00,0.000000000000000000e+00,0.000000000000000000e+00,0.000000000000000000e+00,-0.000000000000000000e+00,0.000000000000000000e+00,-0.000000000000000000e+00,-0.000000000000000000e+00,0.000000000000000000e+00,-0.000000000000000000e+00,-0.000000000000000000e+00,0.000000000000000000e+00,-4.672905996458256439e-01,-0.000000000000000000e+00,0.000000000000000000e+00,-0.000000000000000000e+00,-0.000000000000000000e+00,-0.000000000000000000e+00,3.569691114408024557e-01,0.000000000000000000e+00,0.000000000000000000e+00,-0.000000000000000000e+00,-1.131645051499803462e-01,0.000000000000000000e+00,-0.000000000000000000e+00,-0.000000000000000000e+00,-0.000000000000000000e+00,-0.000000000000000000e+00,-0.000000000000000000e+00,-0.000000000000000000e+00,-0.000000000000000000e+00,-2.964265729705646904e-02,-0.000000000000000000e+00,1.668774863514568274e+00,0.000000000000000000e+00,-6.141423936845176179e-01,0.000000000000000000e+00,0.000000000000000000e+00
-0.000000000000000000e+00,-0.000000000000000000e+00,-0.000000000000000000e+00,-0.000000000000000000e+00,-0.000000000000000000e+00,1.598113644750754903e-01,-0.000000000000000000e+00,0.000000000000000000e+00,-4.422775658869596005e-01,-0.000000000000000000e+00,-0.000000000000000000e+00,-7.629306222643035540e-02,-0.000000000000000000e+00,0.000000000000000000e+00,-1.809598994063731092e-01,0.000000000000000000e+00,4.186512887847251840e-01,-0.000000000000000000e+00,-6.649472826053023922e-02,-0.000000000000000000e+00,0.000000000000000000e+00,-0.000000000000000000e+00,0.000000000000000000e+00,3.354258326476742824e-01,0.000000000000000000e+00,0.000000000000000000e+00,-0.000000000000000000e+00,0.000000000000000000e+00,0.000000000000000000e+00,0.000000000000000000e+00,0.000000000000000000e+00,-0.000000000000000000e+00,2.094952960925407920e-02,-1.535155831924107650e-01,0.000000000000000000e+00,1.922903180845587645e+00,-0.000000000000000000e+00,-0.000000000000000000e+00,-2.682505996194788911e-01
0.000000000000000000e+00,-0.000000000000000000e+00,-0.000000000000000000e+00,-0.000000000000000000e+00,-0.000000000000000000e+00,-0.000000000000000000e+00,0.000000000000000000e+00,0.000000000000000000e+00,-0.000000000000000000e+00,-0.000000000000000000e+00,-0.000000000000000000e+00,-2.145071615201903092e-01,-0.000000000000000000e+00,-2.840005305001089830e-01,-0.000000000000000000e+00,-0.000000000000000000e+00,-0.000000000000000000e+00,-1.854238945855357923e-01,-0.000000000000000000e+00,0.000000000000000000e+00,1.334894812478686077e-02,-0.000000000000000000e+00,-0.000000000000000000e+00,-0.000000000000000000e+00,0.000000000000000000e+00,-0.000000000000000000e+00,-0.000000000000000000e+00,-0.000000000000000000e+00,0.000000000000000000e+00,-0.000000000000000000e+00,-0.000000000000000000e+00,-2.725065563245398503e-01,-0.000000000000000000e+00,-2.456898239879628798e-01,-6.141423936845176179e-01,-0.000000000000000000e+00,1.719711550131346245e+00,-0.000000000000000000e+00,-0.000000000000000000e+00
-0.000000000000000000e+00,-0.000000000000000000e+00,-0.000000000000000000e+00,0.000000000000000000e+00,-0.000000000000000000e+00,-0.000000000000000000e+00,1.573283292131114341e-01,0.000000000000000000e+00,-1.661947173482257178e-01,-2.910548982066438750e-01,-0.000000000000000000e+00,-0.000000000000000000e+00,-0.000000000000000000e+00,0.000000000000000000e+00,-0.000000000000000000e+00,-3.277512628001860162e-01,0.000000000000000000e+00,-0.000000000000000000e+00,-0.000000000000000000e+00,-0.000000000000000000e+00,-0.000000000000000000e+00,-0.000000000000000000e+00,-3.750052720515915732e-04,0.000000000000000000e+00,-0.000000000000000000e+00,-9.687000188431128811e-02,0.000000000000000000e+00,-0.000000000000000000e+00,-0.000000000000000000e+00,-1.756383236811986936e-02,0.000000000000000000e+00,-0.000000000000000000e+00,0.000000000000000000e+00,-0.000000000000000000e+00,0.000000000000000000e+00,-0.000000000000000000e+00,-0.000000000000000000e+00,1.380836572056527434e+00,-1.503605389988389163e-01
0.000000000000000000e+00,-0.000000000000000000e+00,-0.000000000000000000e+00,-0.000000000000000000e+00,-1.364376362158671932e-02,2.004720476262880635e-01,-0.000000000000000000e+00,0.000000000000000000e+00,-0.000000000000000000e+00,-2.885074561171220298e-01,-0.000000000000000000e+00,-3.256787031679701516e-01,-0.000000000000000000e+00,-0.000000000000000000e+00,-0.000000000000000000e+00,0.000000000000000000e+00,7.258262950804012480e-03,-0.000000000000000000e+00,-1.904436784900371063e-02,0.000000000000000000e+00,4.660938839934836847e-02,-0.000000000000000000e+00,0.000000000000000000e+00,4.301226108571958029e-02,-0.000000000000000000e+00,0.000000000000000000e+00,-5.499954498397016667e-02,9.542570105142068881e-03,2.189459563189599667e-02,-0.000000000000000000e+00,-0.000000000000000000e+00,-0.000000000000000000e+00,6.741386446189007869e-03,-2.450043839473291796e-01,0.000000000000000000e+00,-2.682505996194788911e-01,-0.000000000000000000e+00,-1.503605389988389163e-01,1.603374254480727679e+00
