2.072333598038957003e+00,-6.108031665704913848e-01,-0.000000000000000000e+00,-1.945318914244857922e-01,-0.000000000000000000e+00,-0.000000000000000000e+00,-0.000000000000000000e+00,0.000000000000000000e+00,-0.000000000000000000e+00,-2.295530817825655601e-01,-0.000000000000000000e+00,-0.000000000000000000e+00,0.000000000000000000e+00,-0.000000000000000000e+00,-0.000000000000000000e+00,-3.385466051577323277e-01,-0.000000000000000000e+00,-0.000000000000000000e+00,-0.000000000000000000e+00,-1.296497041368823745e-02,0.000000000000000000e+00,-0.000000000000000000e+00,-5.613766506466593559e-02,-0.000000000000000000e+00,-1.990726142174314151e-01,-0.000000000000000000e+00,-0.000000000000000000e+00,-0.000000000000000000e+00,-2.025024008691675148e-01,-8.638888552505258334e-02,0.000000000000000000e+00,-0.000000000000000000e+00,-1.680203626442102471e-01,-0.000000000000000000e+00,-0.000000000000000000e+00,-0.000000000000000000e+00,-0.000000000000000000e+00,-0.000000000000000000e+00,-0.000000000000000000e+00
-6.108031665704913848e-01,2.354654511997130051e+00,-0.000000000000000000e+00,-0.000000000000000000e+00,-0.000000000000000000e+00,-1.205189318261620235e-01,-0.000000000000000000e+00,7.039133798465707637e-02,-0.000000000000000000e+00,-3.090850727540379039e-01,-1.738220693424042396e-01,-0.000000000000000000e+00,0.000000000000000000e+00,-1.946954864226933812e-01,-9.315133602234747234e-02,-4.511785786864878911e-02,-4.596781279397789410e-02,-0.000000000000000000e+00,-7.821767897198629582e-02,-1.049148401607845893e-01,8.780507026065983468e-04,-3.850625221534612758e-02,-1.945590405045542759e-02,-0.000000000000000000e+00,-1.832301120789087134e-01,-2.595442162617645487e-01,-0.000000000000000000e+00,-0.000000000000000000e+00,-5.974632157687163880e-02,-0.000000000000000000e+00,0.000000000000000000e+00,-0.000000000000000000e+00,-1.517819135780810458e-01,-0.000000000000000000e+00,-0.000000000000000000e+00,-0.000000000000000000e+00,-0.000000000000000000e+00,-0.000000000000000000e+00,-0.000000000000000000e+00
-0.000000000000000000e+00,-0.000000000000000000e+00,1.710817193292607508e+00,-0.000000000000000000e+00,-2.774320398098830132e-01,0.000000000000000000e+00,-1.229874481048908591e-01,0.000000000000000000e+00,-2.582411544957910476e-01,-0.000000000000000000e+00,0.000000000000000000e+00,-1.242796240275129416e-01,6.058420627147456661e-02,-0.000000000000000000e+00,-0.000000000000000000e+00,-0.000000000000000000e+00,0.000000000000000000e+00,-0.000000000000000000e+00,-0.000000000000000000e+00,0.000000000000000000e+00,-0.000000000000000000e+00,-0.000000000000000000e+00,-0.000000000000000000e+00,-0.000000000000000000e+00,-0.000000000000000000e+00,-0.000000000000000000e+00,-0.000000000000000000e+00,-3.860491808759415888e-01,0.000000000000000000e+00,-0.000000000000000000e+00,-0.000000000000000000e+00,0.000000000000000000e+00,-0.000000000000000000e+00,-2.674418651106333367e-01,0.000000000000000000e+00,-0.000000000000000000e+00,0.000000000000000000e+00,-2.981889549763392083e-03,-2.388641850977283876e-01
-1.945318914244857922e-01,-0.000000000000000000e+00,-0.000000000000000000e+00,1.236436354719709474e+00,-0.000000000000000000e+00,-0.000000000000000000e+00,-2.558753422501231500e-01,1.378798158830354427e-02,-0.000000000000000000e+00,-0.000000000000000000e+00,-0.000000000000000000e+00,-0.000000000000000000e+00,0.000000000000000000e+00,-0.000000000000000000e+00,-0.000000000000000000e+00,-0.000000000000000000e+00,-0.000000000000000000e+00,-0.000000000000000000e+00,-1.774138552971987193e-01,-0.000000000000000000e+00,1.134156088130023610e-01,-0.000000000000000000e+00,-0.000000000000000000e+00,-0.000000000000000000e+00,-0.000000000000000000e+00,-0.000000000000000000e+00,-0.000000000000000000e+00,0.000000000000000000e+00,-0.000000000000000000e+00,-0.000000000000000000e+00,0.000000000000000000e+00,0.000000000000000000e+00,-0.000000000000000000e+00,-0.000000000000000000e+00,-0.000000000000000000e+00,0.000000000000000000e+00,-0.000000000000000000e+00,-0.000000000000000000e+00,0.000000000000000000e+00
-0.000000000000000000e+00,-0.000000000000000000e+00,-2.774320398098830132e-01,-0.000000000000000000e+00,1.775120565261726124e+00,-0.000000000000000000e+00,-1.462262152787041636e-01,3.046063851931379851e-01,-0.000000000000000000e+00,-3.770574829767302238e-02,-0.000000000000000000e+00,-1.125657411419974108e-01,0.000000000000000000e+00,-0.000000000000000000e+00,-0.000000000000000000e+00,-5.397803598945512260e-02,-0.000000000000000000e+00,-2.801565883120349376e-01,-2.140138887692514813e-01,-0.000000000000000000e+00,0.000000000000000000e+00,-0.000000000000000000e+00,-0.000000000000000000e+00,-0.000000000000000000e+00,-0.000000000000000000e+00,-0.000000000000000000e+00,-0.000000000000000000e+00,-0.000000000000000000e+00,-0.000000000000000000e+00,-0.000000000000000000e+00,0.000000000000000000e+00,0.000000000000000000e+00,-0.000000000000000000e+00,-3.189231635111227092e-01,-0.000000000000000000e+00,-0.000000000000000000e+00,-0.000000000000000000e+00,-0.000000000000000000e+00,-0.000000000000000000e+00
-0.000000000000000000e+00,-1.205189318261620235e-01,0.000000000000000000e+00,-0.000000000000000000e+00,-0.000000000000000000e+00,2.160883197349006135e+00,-0.000000000000000000e+00,0.000000000000000000e+00,0.000000000000000000e+00,-0.000000000000000000e+00,-5.342380402471759160e-01,0.000000000000000000e+00,-0.000000000000000000e+00,-0.000000000000000000e+00,-5.371786519007909488e-02,-0.000000000000000000e+00,-3.965440382660248564e-01,-0.000000000000000000e+00,-0.000000000000000000e+00,-0.000000000000000000e+00,5.147784097622084554e-01,-0.000000000000000000e+00,-3.489471147727629674e-02,-0.000000000000000000e+00,-0.000000000000000000e+00,-0.000000000000000000e+00,-0.000000000000000000e+00,0.000000000000000000e+00,-0.000000000000000000e+00,-0.000000000000000000e+00,0.000000000000000000e+00,-0.000000000000000000e+00,-0.000000000000000000e+00,-0.000000000000000000e+00,-1.063987202164793783e-01,-0.000000000000000000e+00,-3.317301900847960949e-01,-0.000000000000000000e+00,-0.000000000000000000e+00
-0.000000000000000000e+00,-0.000000000000000000e+00,-1.229874481048908591e-01,-2.558753422501231500e-01,-1.462262152787041636e-01,-0.000000000000000000e+00,1.330031998079767908e+00,0.000000000000000000e+00,-0.000000000000000000e+00,-0.000000000000000000e+00,-0.000000000000000000e+00,-0.000000000000000000e+00,0.000000000000000000e+00,-0.000000000000000000e+00,0.000000000000000000e+00,-0.000000000000000000e+00,-0.000000000000000000e+00,-1.594696853270834713e-01,-2.590794295109425938e-01,-0.000000000000000000e+00,0.000000000000000000e+00,-0.000000000000000000e+00,-0.000000000000000000e+00,-0.000000000000000000e+00,-0.000000000000000000e+00,-0.000000000000000000e+00,-0.000000000000000000e+00,-0.000000000000000000e+00,-0.000000000000000000e+00,-0.000000000000000000e+00,0.000000000000000000e+00,0.000000000000000000e+00,-0.000000000000000000e+00,-0.000000000000000000e+00,-0.000000000000000000e+00,0.000000000000000000e+00,-0.000000000000000000e+00,-0.000000000000000000e+00,-0.000000000000000000e+00
0.000000000000000000e+00,7.039133798465707637e-02,0.000000000000000000e+00,1.378798158830354427e-02,3.046063851931379851e-01,0.000000000000000000e+00,0.000000000000000000e+00,1.727580753007827763e+00,0.000000000000000000e+00,1.263445772584907423e-01,0.000000000000000000e+00,0.000000000000000000e+00,-0.000000000000000000e+00,1.250004013904180700e-01,0.000000000000000000e+00,9.825789882189338298e-02,0.000000000000000000e+00,2.450810769336229378e-01,3.499446603462888494e-01,0.000000000000000000e+00,-5.808462939647677375e-02,7.834344452757284819e-03,0.000000000000000000e+00,1.208335823091107875e-01,0.000000000000000000e+00,7.196951055128689156e-02,0.000000000000000000e+00,-0.000000000000000000e+00,0.000000000000000000e+00,0.000000000000000000e+00,-0.000000000000000000e+00,-0.000000000000000000e+00,4.184081582034133648e-03,0.000000000000000000e+00,0.000000000000000000e+00,0.000000000000000000e+00,0.000000000000000000e+00,0.000000000000000000e+00,0.000000000000000000e+00
-0.000000000000000000e+00,-0.000000000000000000e+00,-2.582411544957910476e-01,-0.000000000000000000e+00,-0.000000000000000000e+00,0.000000000000000000e+00,-0.000000000000000000e+00,0.000000000000000000e+00,1.758417737547656845e+00,-3.906572161479681597e-04,0.000000000000000000e+00,-1.484687552948470712e-01,0.000000000000000000e+00,-0.000000000000000000e+00,-0.000000000000000000e+00,-2.824460391338081550e-02,0.000000000000000000e+00,-0.000000000000000000e+00,-0.000000000000000000e+00,0.000000000000000000e+00,-0.000000000000000000e+00,-0.000000000000000000e+00,-1.754795508183066080e-02,-0.000000000000000000e+00,-2.370280280809465220e-02,-0.000000000000000000e+00,-1.846729263929655640e-01,-7.501259654541475412e-04,0.000000000000000000e+00,-1.073368248590444579e-01,-0.000000000000000000e+00,0.000000000000000000e+00,-0.000000000000000000e+00,-4.269646844678746667e-01,0.000000000000000000e+00,-8.292694238850159549e-02,0.000000000000000000e+00,-0.000000000000000000e+00,-4.000441685233697697e-01
-2.295530817825655601e-01,-3.090850727540379039e-01,-0.000000000000000000e+00,-0.000000000000000000e+00,-3.770574829767302238e-02,-0.000000000000000000e+00,-0.000000000000000000e+00,1.263445772584907423e-01,-3.906572161479681597e-04,2.256542878908042393e+00,-0.000000000000000000e+00,-0.000000000000000000e+00,0.000000000000000000e+00,-3.399236285287193099e-02,-0.000000000000000000e+00,-6.322708931950795641e-01,-0.000000000000000000e+00,-0.000000000000000000e+00,-2.446885965339043734e-01,-0.000000000000000000e+00,3.510902826949939548e-02,-0.000000000000000000e+00,-1.479953084285565990e-01,-0.000000000000000000e+00,-2.863289308399504796e-01,-0.000000000000000000e+00,-0.000000000000000000e+00,-0.000000000000000000e+00,-0.000000000000000000e+00,-2.489858031835880114e-01,0.000000000000000000e+00,-0.000000000000000000e+00,-0.000000000000000000e+00,-0.000000000000000000e+00,-0.000000000000000000e+00,-0.000000000000000000e+00,-0.000000000000000000e+00,-0.000000000000000000e+00,-0.000000000000000000e+00
-0.000000000000000000e+00,-1.738220693424042396e-01,0.000000000000000000e+00,-0.000000000000000000e+00,-0.000000000000000000e+00,-5.342380402471759160e-01,-0.000000000000000000e+00,0.000000000000000000e+00,0.000000000000000000e+00,-0.000000000000000000e+00,2.553961483687641199e+00,0.000000000000000000e+00,0.000000000000000000e+00,-2.112222484662040420e-02,-0.000000000000000000e+00,-0.000000000000000000e+00,-7.196845793254031953e-01,-0.000000000000000000e+00,-0.000000000000000000e+00,-0.000000000000000000e+00,0.000000000000000000e+00,-9.384327601772378055e-03,-1.541526237382484510e-01,-0.000000000000000000e+00,-0.000000000000000000e+00,-1.870276130035697926e-01,-0.000000000000000000e+00,0.000000000000000000e+00,-1.614901680485661406e-01,-0.000000000000000000e+00,0.000000000000000000e+00,-2.723370226687841372e-02,-2.111134842302686832e-01,-0.000000000000000000e+00,-1.610301699323765934e-01,-0.000000000000000000e+00,-3.052591514548237961e-01,-0.000000000000000000e+00,-0.000000000000000000e+00
-0.000000000000000000e+00,-0.000000000000000000e+00,-1.242796240275129416e-01,-0.000000000000000000e+00,-1.125657411419974108e-01,0.000000000000000000e+00,-0.000000000000000000e+00,0.000000000000000000e+00,-1.484687552948470712e-01,-0.000000000000000000e+00,0.000000000000000000e+00,1.579570687050561029e+00,0.000000000000000000e+00,-0.000000000000000000e+00,-0.000000000000000000e+00,-0.000000000000000000e+00,0.000000000000000000e+00,-8.116767249144574148e-02,-0.000000000000000000e+00,0.000000000000000000e+00,-0.000000000000000000e+00,-0.000000000000000000e+00,-0.000000000000000000e+00,-0.000000000000000000e+00,-0.000000000000000000e+00,-0.000000000000000000e+00,-0.000000000000000000e+00,-0.000000000000000000e+00,0.000000000000000000e+00,-0.000000000000000000e+00,-0.000000000000000000e+00,0.000000000000000000e+00,-0.000000000000000000e+00,-6.697837303559717181e-01,0.000000000000000000e+00,-0.000000000000000000e+00,0.000000000000000000e+00,-0.000000000000000000e+00,-5.035677236055422640e-02
0.000000000000000000e+00,0.000000000000000000e+00,6.058420627147456661e-02,0.000000000000000000e+00,0.000000000000000000e+00,-0.000000000000000000e+00,0.000000000000000000e+00,-0.000000000000000000e+00,0.000000000000000000e+00,0.000000000000000000e+00,0.000000000000000000e+00,0.000000000000000000e+00,1.167411432700654172e+00,0.000000000000000000e+00,0.000000000000000000e+00,0.000000000000000000e+00,0.000000000000000000e+00,0.000000000000000000e+00,0.000000000000000000e+00,-0.000000000000000000e+00,0.000000000000000000e+00,0.000000000000000000e+00,0.000000000000000000e+00,0.000000000000000000e+00,0.000000000000000000e+00,4.723857625508598619e-03,9.806720387505335479e-02,1.485216881749033824e-01,0.000000000000000000e+00,-0.000000000000000000e+00,2.140822639875009925e-01,0.000000000000000000e+00,0.000000000000000000e+00,1.820968463735735399e-01,-0.000000000000000000e+00,3.674255672383961845e-03,-0.000000000000000000e+00,0.000000000000000000e+00,0.000000000000000000e+00
-0.000000000000000000e+00,-1.946954864226933812e-01,-0.000000000000000000e+00,-0.000000000000000000e+00,-0.000000000000000000e+00,-0.000000000000000000e+00,-0.000000000000000000e+00,1.250004013904180700e-01,-0.000000000000000000e+00,-3.399236285287193099e-02,-2.112222484662040420e-02,-0.000000000000000000e+00,0.000000000000000000e+00,1.887856694350755316e+00,-0.000000000000000000e+00,-0.000000000000000000e+00,-7.592952019161119948e-02,-0.000000000000000000e+00,-0.000000000000000000e+00,-1.441844199759413081e-01,0.000000000000000000e+00,-9.220232064566497021e-02,-0.000000000000000000e+00,-4.594029704439708262e-01,-1.343812234943170258e-01,-0.000000000000000000e+00,-0.000000000000000000e+00,-0.000000000000000000e+00,-1.078653526456807288e-01,-0.000000000000000000e+00,0.000000000000000000e+00,-0.000000000000000000e+00,-3.501382999252010131e-01,-0.000000000000000000e+00,-0.000000000000000000e+00,-0.000000000000000000e+00,-2.060632766778381642e-01,-0.000000000000000000e+00,-0.000000000000000000e+00
-0.000000000000000000e+00,-9.315133602234747234e-02,-0.000000000000000000e+00,-0.000000000000000000e+00,-0.000000000000000000e+00,-5.371786519007909488e-02,0.000000000000000000e+00,0.000000000000000000e+00,-0.000000000000000000e+00,-0.000000000000000000e+00,-0.000000000000000000e+00,-0.000000000000000000e+00,0.000000000000000000e+00,-0.000000000000000000e+00,1.659727357476528997e+00,-6.974437137585269564e-02,-0.000000000000000000e+00,-3.046937521080537725e-01,-0.000000000000000000e+00,-1.430934965365097122e-01,1.443451573201205360e-02,-3.086090907277786455e-01,-0.000000000000000000e+00,-0.000000000000000000e+00,-0.000000000000000000e+00,-0.000000000000000000e+00,-0.000000000000000000e+00,0.000000000000000000e+00,-0.000000000000000000e+00,-0.000000000000000000e+00,1.030165513171518027e-01,0.000000000000000000e+00,-7.236404685895833633e-02,-0.000000000000000000e+00,-0.000000000000000000e+00,-4.158962247958440661e-02,-0.000000000000000000e+00,-3.216275688509801500e-01,-0.000000000000000000e+00
-3.385466051577323277e-01,-4.511785786864878911e-02,-0.000000000000000000e+00,-0.000000000000000000e+00,-5.397803598945512260e-02,-0.000000000000000000e+00,-0.000000000000000000e+00,9.825789882189338298e-02,-2.824460391338081550e-02,-6.322708931950795641e-01,-0.000000000000000000e+00,-0.000000000000000000e+00,0.000000000000000000e+00,-0.000000000000000000e+00,-6.974437137585269564e-02,2.215748305634435145e+00,-0.000000000000000000e+00,-2.048091228632984429e-01,-2.995450279162852891e-01,-0.000000000000000000e+00,0.000000000000000000e+00,-0.000000000000000000e+00,-1.394221946232314380e-01,-9.358145680883056539e-02,-8.586919092603061132e-02,-0.000000000000000000e+00,-0.000000000000000000e+00,-0.000000000000000000e+00,-0.000000000000000000e+00,-1.451296327418153120e-01,0.000000000000000000e+00,0.000000000000000000e+00,-6.886293960149553195e-02,-2.374520832574745360e-02,-0.000000000000000000e+00,-0.000000000000000000e+00,-0.000000000000000000e+00,-0.000000000000000000e+00,-0.000000000000000000e+00
-0.000000000000000000e+00,-4.596781279397789410e-02,0.000000000000000000e+00,-0.000000000000000000e+00,-0.000000000000000000e+00,-3.965440382660248564e-01,-0.000000000000000000e+00,0.000000000000000000e+00,0.000000000000000000e+00,-0.000000000000000000e+00,-7.196845793254031953e-01,0.000000000000000000e+00,0.000000000000000000e+00,-7.592952019161119948e-02,-0.000000000000000000e+00,-0.000000000000000000e+00,2.569367205634842222e+00,-0.000000000000000000e+00,-0.000000000000000000e+00,-5.716967816358606985e-02,3.860124970518387377e-02,-1.485948014724230160e-01,-1.572480767554257641e-01,-0.000000000000000000e+00,-0.000000000000000000e+00,-2.487596351992592547e-01,-0.000000000000000000e+00,-0.000000000000000000e+00,-0.000000000000000000e+00,-0.000000000000000000e+00,0.000000000000000000e+00,-0.000000000000000000e+00,-4.458993454939474410e-01,-0.000000000000000000e+00,-1.677616950101062931e-01,-0.000000000000000000e+00,-2.026751244143714936e-01,-0.000000000000000000e+00,-0.000000000000000000e+00
-0.000000000000000000e+00,-0.000000000000000000e+00,-0.000000000000000000e+00,-0.000000000000000000e+00,-2.801565883120349376e-01,-0.000000000000000000e+00,-1.594696853270834713e-01,2.450810769336229378e-01,-0.000000000000000000e+00,-0.000000000000000000e+00,-0.000000000000000000e+00,-8.116767249144574148e-02,0.000000000000000000e+00,-0.000000000000000000e+00,-3.046937521080537725e-01,-2.048091228632984429e-01,-0.000000000000000000e+00,2.165649090118892950e+00,-4.827343517397989503e-01,-0.000000000000000000e+00,0.000000000000000000e+00,-2.305428471676689572e-01,-0.000000000000000000e+00,-0.000000000000000000e+00,-0.000000000000000000e+00,-0.000000000000000000e+00,-0.000000000000000000e+00,-0.000000000000000000e+00,-0.000000000000000000e+00,-0.000000000000000000e+00,1.628497396552130438e-01,0.000000000000000000e+00,-7.745801562794402129e-02,-1.456140879421035685e-02,-0.000000000000000000e+00,-0.000000000000000000e+00,-0.000000000000000000e+00,-1.553980472261455581e-01,-0.000000000000000000e+00
-0.000000000000000000e+00,-7.821767897198629582e-02,-0.000000000000000000e+00,-1.774138552971987193e-01,-2.140138887692514813e-01,-0.000000000000000000e+00,-2.590794295109425938e-01,3.499446603462888494e-01,-0.000000000000000000e+00,-2.446885965339043734e-01,-0.000000000000000000e+00,-0.000000000000000000e+00,0.000000000000000000e+00,-0.000000000000000000e+00,-0.000000000000000000e+00,-2.995450279162852891e-01,-0.000000000000000000e+00,-4.827343517397989503e-01,2.308538248147569583e+00,-6.944386704636792973e-02,1.890605435578903704e-01,-1.826782748008498325e-01,-0.000000000000000000e+00,-0.000000000000000000e+00,-0.000000000000000000e+00,-0.000000000000000000e+00,-0.000000000000000000e+00,-0.000000000000000000e+00,-0.000000000000000000e+00,-0.000000000000000000e+00,5.508923795948007102e-02,0.000000000000000000e+00,-0.000000000000000000e+00,-0.000000000000000000e+00,-0.000000000000000000e+00,-0.000000000000000000e+00,-0.000000000000000000e+00,-0.000000000000000000e+00,-0.000000000000000000e+00
-1.296497041368823745e-02,-1.049148401607845893e-01,0.000000000000000000e+00,-0.000000000000000000e+00,-0.000000000000000000e+00,-0.000000000000000000e+00,-0.000000000000000000e+00,0.000000000000000000e+00,0.000000000000000000e+00,-0.000000000000000000e+00,-0.000000000000000000e+00,0.000000000000000000e+00,-0.000000000000000000e+00,-1.441844199759413081e-01,-1.430934965365097122e-01,-0.000000000000000000e+00,-5.716967816358606985e-02,-0.000000000000000000e+00,-6.944386704636792973e-02,1.634956460578175896e+00,2.772471516506609945e-01,-3.636759449043131531e-01,-0.000000000000000000e+00,-0.000000000000000000e+00,-0.000000000000000000e+00,-0.000000000000000000e+00,0.000000000000000000e+00,0.000000000000000000e+00,-0.000000000000000000e+00,-0.000000000000000000e+00,1.676389778853479562e-01,0.000000000000000000e+00,-4.703186873752568387e-02,-0.000000000000000000e+00,-0.000000000000000000e+00,-0.000000000000000000e+00,-8.643107273500848231e-02,-0.000000000000000000e+00,0.000000000000000000e+00
0.000000000000000000e+00,8.780507026065983468e-04,-0.000000000000000000e+00,1.134156088130023610e-01,0.000000000000000000e+00,5.147784097622084554e-01,0.000000000000000000e+00,-5.808462939647677375e-02,-0.000000000000000000e+00,3.510902826949939548e-02,0.000000000000000000e+00,-0.000000000000000000e+00,0.000000000000000000e+00,0.000000000000000000e+00,1.443451573201205360e-02,0.000000000000000000e+00,3.860124970518387377e-02,0.000000000000000000e+00,1.890605435578903704e-01,2.772471516506609945e-01,1.879992102040965118e+00,0.000000000000000000e+00,0.000000000000000000e+00,0.000000000000000000e+00,0.000000000000000000e+00,0.000000000000000000e+00,-0.000000000000000000e+00,-9.982223823614969072e-02,0.000000000000000000e+00,0.000000000000000000e+00,-6.022253455773628472e-01,-0.000000000000000000e+00,0.000000000000000000e+00,-0.000000000000000000e+00,0.000000000000000000e+00,0.000000000000000000e+00,0.000000000000000000e+00,0.000000000000000000e+00,-0.000000000000000000e+00
-0.000000000000000000e+00,-3.850625221534612758e-02,-0.000000000000000000e+00,-0.000000000000000000e+00,-0.000000000000000000e+00,-0.000000000000000000e+00,-0.000000000000000000e+00,7.834344452757284819e-03,-0.000000000000000000e+00,-0.000000000000000000e+00,-9.384327601772378055e-03,-0.000000000000000000e+00,0.000000000000000000e+00,-9.220232064566497021e-02,-3.086090907277786455e-01,-0.000000000000000000e+00,-1.485948014724230160e-01,-2.305428471676689572e-01,-1.826782748008498325e-01,-3.636759449043131531e-01,0.000000000000000000e+00,2.003773970436165008e+00,-0.000000000000000000e+00,-0.000000000000000000e+00,-0.000000000000000000e+00,-0.000000000000000000e+00,-0.000000000000000000e+00,-0.000000000000000000e+00,-0.000000000000000000e+00,-0.000000000000000000e+00,0.000000000000000000e+00,0.000000000000000000e+00,-4.692206621336332262e-01,-0.000000000000000000e+00,-0.000000000000000000e+00,-0.000000000000000000e+00,-1.719594433353272347e-02,-1.037930556758063089e-01,-0.000000000000000000e+00
-5.613766506466593559e-02,-1.945590405045542759e-02,-0.000000000000000000e+00,-0.000000000000000000e+00,-0.000000000000000000e+00,-3.489471147727629674e-02,-0.000000000000000000e+00,0.000000000000000000e+00,-1.754795508183066080e-02,-1.479953084285565990e-01,-1.541526237382484510e-01,-0.000000000000000000e+00,0.000000000000000000e+00,-0.000000000000000000e+00,-0.000000000000000000e+00,-1.394221946232314380e-01,-1.572480767554257641e-01,-0.000000000000000000e+00,-0.000000000000000000e+00,-0.000000000000000000e+00,0.000000000000000000e+00,-0.000000000000000000e+00,1.862241849125974458e+00,-0.000000000000000000e+00,-7.143351706160701031e-01,-1.434429065560597315e-02,-1.483434510118581684e-01,-0.000000000000000000e+00,-0.000000000000000000e+00,-0.000000000000000000e+00,0.000000000000000000e+00,-0.000000000000000000e+00,-6.007386627127175860e-02,-0.000000000000000000e+00,-0.000000000000000000e+00,-9.791955380383006446e-02,-0.000000000000000000e+00,-0.000000000000000000e+00,-0.000000000000000000e+00
-0.000000000000000000e+00,-0.000000000000000000e+00,-0.000000000000000000e+00,-0.000000000000000000e+00,-0.000000000000000000e+00,-0.000000000000000000e+00,-0.000000000000000000e+00,1.208335823091107875e-01,-0.000000000000000000e+00,-0.000000000000000000e+00,-0.000000000000000000e+00,-0.000000000000000000e+00,0.000000000000000000e+00,-4.594029704439708262e-01,-0.000000000000000000e+00,-9.358145680883056539e-02,-0.000000000000000000e+00,-0.000000000000000000e+00,-0.000000000000000000e+00,-0.000000000000000000e+00,0.000000000000000000e+00,-0.000000000000000000e+00,-0.000000000000000000e+00,1.276121767617679925e+00,-0.000000000000000000e+00,-0.000000000000000000e+00,-0.000000000000000000e+00,-0.000000000000000000e+00,-0.000000000000000000e+00,-0.000000000000000000e+00,0.000000000000000000e+00,0.000000000000000000e+00,-3.923850642029749064e-02,-0.000000000000000000e+00,-0.000000000000000000e+00,-0.000000000000000000e+00,-0.000000000000000000e+00,-0.000000000000000000e+00,-0.000000000000000000e+00
-1.990726142174314151e-01,-1.832301120789087134e-01,-0.000000000000000000e+00,-0.000000000000000000e+00,-0.000000000000000000e+00,-0.000000000000000000e+00,-0.000000000000000000e+00,0.000000000000000000e+00,-2.370280280809465220e-02,-2.863289308399504796e-01,-0.000000000000000000e+00,-0.000000000000000000e+00,0.000000000000000000e+00,-1.343812234943170258e-01,-0.000000000000000000e+00,-8.586919092603061132e-02,-0.000000000000000000e+00,-0.000000000000000000e+00,-0.000000000000000000e+00,-0.000000000000000000e+00,0.000000000000000000e+00,-0.000000000000000000e+00,-7.143351706160701031e-01,-0.000000000000000000e+00,1.965882387837841749e+00,-0.000000000000000000e+00,-6.557417870071366450e-02,-0.000000000000000000e+00,-3.905818234394116233e-03,-7.737925888175770095e-02,0.000000000000000000e+00,-0.000000000000000000e+00,-0.000000000000000000e+00,-2.471206481053782322e-02,-0.000000000000000000e+00,-1.317580577166754530e-01,-0.000000000000000000e+00,-0.000000000000000000e+00,-0.000000000000000000e+00
-0.000000000000000000e+00,-2.595442162617645487e-01,-0.000000000000000000e+00,-0.000000000000000000e+00,-0.000000000000000000e+00,-0.000000000000000000e+00,-0.000000000000000000e+00,7.196951055128689156e-02,-0.000000000000000000e+00,-0.000000000000000000e+00,-1.870276130035697926e-01,-0.000000000000000000e+00,4.723857625508598619e-03,-0.000000000000000000e+00,-0.000000000000000000e+00,-0.000000000000000000e+00,-2.487596351992592547e-01,-0.000000000000000000e+00,-0.000000000000000000e+00,-0.000000000000000000e+00,0.000000000000000000e+00,-0.000000000000000000e+00,-1.434429065560597315e-02,-0.000000000000000000e+00,-0.000000000000000000e+00,1.782885732665514311e+00,-2.698982841785730891e-01,-0.000000000000000000e+00,-2.352007780968062498e-03,-0.000000000000000000e+00,-0.000000000000000000e+00,-0.000000000000000000e+00,-8.346033351159168334e-02,-0.000000000000000000e+00,-0.000000000000000000e+00,-0.000000000000000000e+00,-0.000000000000000000e+00,-3.656090655681258905e-01,-2.505755134540677553e-01
-0.000000000000000000e+00,-0.000000000000000000e+00,-0.000000000000000000e+00,-0.000000000000000000e+00,-0.000000000000000000e+00,-0.000000000000000000e+00,-0.000000000000000000e+00,0.000000000000000000e+00,-1.846729263929655640e-01,-0.000000000000000000e+00,-0.000000000000000000e+00,-0.000000000000000000e+00,9.806720387505335479e-02,-0.000000000000000000e+00,-0.000000000000000000e+00,-0.000000000000000000e+00,-0.000000000000000000e+00,-0.000000000000000000e+00,-0.000000000000000000e+00,0.000000000000000000e+00,-0.000000000000000000e+00,-0.000000000000000000e+00,-1.483434510118581684e-01,-0.000000000000000000e+00,-6.557417870071366450e-02,-2.698982841785730891e-01,1.526385209842400004e+00,-2.779320566978621954e-01,-0.000000000000000000e+00,-0.000000000000000000e+00,-6.472827425074559327e-02,-1.292659037993364873e-02,-0.000000000000000000e+00,-0.000000000000000000e+00,-0.000000000000000000e+00,-0.000000000000000000e+00,-0.000000000000000000e+00,-0.000000000000000000e+00,-3.590236454815259881e-01
-0.000000000000000000e+00,-0.000000000000000000e+00,-3.860491808759415888e-01,0.000000000000000000e+00,-0.000000000000000000e+00,0.000000000000000000e+00,-0.000000000000000000e+00,-0.000000000000000000e+00,-7.501259654541475412e-04,-0.000000000000000000e+00,0.000000000000000000e+00,-0.000000000000000000e+00,1.485216881749033824e-01,-0.000000000000000000e+00,0.000000000000000000e+00,-0.000000000000000000e+00,-0.000000000000000000e+00,-0.000000000000000000e+00,-0.000000000000000000e+00,0.000000000000000000e+00,-9.982223823614969072e-02,-0.000000000000000000e+00,-0.000000000000000000e+00,-0.000000000000000000e+00,-0.000000000000000000e+00,-0.000000000000000000e+00,-2.779320566978621954e-01,1.453754965598195836e+00,-0.000000000000000000e+00,-0.000000000000000000e+00,-4.037146592598280792e-01,-0.000000000000000000e+00,-0.000000000000000000e+00,-0.000000000000000000e+00,0.000000000000000000e+00,-0.000000000000000000e+00,0.000000000000000000e+00,-0.000000000000000000e+00,-5.128949213505513971e-02
-2.025024008691675148e-01,-5.974632157687163880e-02,0.000000000000000000e+00,-0.000000000000000000e+00,-0.000000000000000000e+00,-0.000000000000000000e+00,-0.000000000000000000e+00,0.000000000000000000e+00,0.000000000000000000e+00,-0.000000000000000000e+00,-1.614901680485661406e-01,0.000000000000000000e+00,0.000000000000000000e+00,-1.078653526456807288e-01,-0.000000000000000000e+00,-0.000000000000000000e+00,-0.000000000000000000e+00,-0.000000000000000000e+00,-0.000000000000000000e+00,-0.000000000000000000e+00,0.000000000000000000e+00,-0.000000000000000000e+00,-0.000000000000000000e+00,-0.000000000000000000e+00,-3.905818234394116233e-03,-2.352007780968062498e-03,-0.000000000000000000e+00,-0.000000000000000000e+00,1.654657019965460885e+00,-0.000000000000000000e+00,-0.000000000000000000e+00,-4.896395353911269788e-01,-0.000000000000000000e+00,0.000000000000000000e+00,-1.414966338789948319e-01,-0.000000000000000000e+00,-2.881823891742683608e-01,0.000000000000000000e+00,-0.000000000000000000e+00
-8.638888552505258334e-02,-0.000000000000000000e+00,-0.000000000000000000e+00,-0.000000000000000000e+00,-0.000000000000000000e+00,-0.000000000000000000e+00,-0.000000000000000000e+00,0.000000000000000000e+00,-1.073368248590444579e-01,-2.489858031835880114e-01,-0.000000000000000000e+00,-0.000000000000000000e+00,-0.000000000000000000e+00,-0.000000000000000000e+00,-0.000000000000000000e+00,-1.451296327418153120e-01,-0.000000000000000000e+00,-0.000000000000000000e+00,-0.000000000000000000e+00,-0.000000000000000000e+00,0.000000000000000000e+00,-0.000000000000000000e+00,-0.000000000000000000e+00,-0.000000000000000000e+00,-7.737925888175770095e-02,-0.000000000000000000e+00,-0.000000000000000000e+00,-0.000000000000000000e+00,-0.000000000000000000e+00,1.215510468026139046e+00,0.000000000000000000e+00,-0.000000000000000000e+00,-0.000000000000000000e+00,-0.000000000000000000e+00,-0.000000000000000000e+00,-0.000000000000000000e+00,-0.000000000000000000e+00,-0.000000000000000000e+00,-0.000000000000000000e+00
0.000000000000000000e+00,0.000000000000000000e+00,-0.000000000000000000e+00,0.000000000000000000e+00,0.000000000000000000e+00,0.000000000000000000e+00,0.000000000000000000e+00,-0.000000000000000000e+00,-0.000000000000000000e+00,0.000000000000000000e+00,0.000000000000000000e+00,-0.000000000000000000e+00,2.140822639875009925e-01,0.000000000000000000e+00,1.030165513171518027e-01,0.000000000000000000e+00,0.000000000000000000e+00,1.628497396552130438e-01,5.508923795948007102e-02,1.676389778853479562e-01,-6.022253455773628472e-01,0.000000000000000000e+00,0.000000000000000000e+00,0.000000000000000000e+00,0.000000000000000000e+00,-0.000000000000000000e+00,-6.472827425074559327e-02,-4.037146592598280792e-01,-0.000000000000000000e+00,0.000000000000000000e+00,1.664777997795826359e+00,-4.837792695390353420e-02,0.000000000000000000e+00,-0.000000000000000000e+00,0.000000000000000000e+00,-0.000000000000000000e+00,0.000000000000000000e+00,0.000000000000000000e+00,-0.000000000000000000e+00
-0.000000000000000000e+00,-0.000000000000000000e+00,0.000000000000000000e+00,0.000000000000000000e+00,0.000000000000000000e+00,-0.000000000000000000e+00,0.000000000000000000e+00,-0.000000000000000000e+00,0.000000000000000000e+00,-0.000000000000000000e+00,-2.723370226687841372e-02,0.000000000000000000e+00,0.000000000000000000e+00,-0.000000000000000000e+00,0.000000000000000000e+00,0.000000000000000000e+00,-0.000000000000000000e+00,0.000000000000000000e+00,0.000000000000000000e+00,0.000000000000000000e+00,-0.000000000000000000e+00,0.000000000000000000e+00,-0.000000000000000000e+00,0.000000000000000000e+00,-0.000000000000000000e+00,-0.000000000000000000e+00,-1.292659037993364873e-02,-0.000000000000000000e+00,-4.896395353911269788e-01,-0.000000000000000000e+00,-4.837792695390353420e-02,1.402478493630608058e+00,-0.000000000000000000e+00,0.000000000000000000e+00,-2.341818474462327992e-01,-0.000000000000000000e+00,-1.626806291650589598e-01,0.000000000000000000e+00,-0.000000000000000000e+00
-1.680203626442102471e-01,-1.517819135780810458e-01,-0.000000000000000000e+00,-0.000000000000000000e+00,-0.000000000000000000e+00,-0.000000000000000000e+00,-0.000000000000000000e+00,4.184081582034133648e-03,-0.000000000000000000e+00,-0.000000000000000000e+00,-2.111134842302686832e-01,-0.000000000000000000e+00,0.000000000000000000e+00,-3.501382999252010131e-01,-7.236404685895833633e-02,-6.886293960149553195e-02,-4.458993454939474410e-01,-7.745801562794402129e-02,-0.000000000000000000e+00,-4.703186873752568387e-02,0.000000000000000000e+00,-4.692206621336332262e-01,-6.007386627127175860e-02,-3.923850642029749064e-02,-0.000000000000000000e+00,-8.346033351159168334e-02,-0.000000000000000000e+00,-0.000000000000000000e+00,-0.000000000000000000e+00,-0.000000000000000000e+00,0.000000000000000000e+00,-0.000000000000000000e+00,2.245866698086038671e+00,-0.000000000000000000e+00,-0.000000000000000000e+00,-0.000000000000000000e+00,-6.780438197919054499e-02,-0.000000000000000000e+00,-0.000000000000000000e+00
-0.000000000000000000e+00,-0.000000000000000000e+00,-2.674418651106333367e-01,-0.000000000000000000e+00,-3.189231635111227092e-01,-0.000000000000000000e+00,-0.000000000000000000e+00,0.000000000000000000e+00,-4.269646844678746667e-01,-0.000000000000000000e+00,-0.000000000000000000e+00,-6.697837303559717181e-01,1.820968463735735399e-01,-0.000000000000000000e+00,-0.000000000000000000e+00,-2.374520832574745360e-02,-0.000000000000000000e+00,-1.456140879421035685e-02,-0.000000000000000000e+00,-0.000000000000000000e+00,-0.000000000000000000e+00,-0.000000000000000000e+00,-0.000000000000000000e+00,-0.000000000000000000e+00,-2.471206481053782322e-02,-0.000000000000000000e+00,-0.000000000000000000e+00,-0.000000000000000000e+00,0.000000000000000000e+00,-0.000000000000000000e+00,-0.000000000000000000e+00,0.000000000000000000e+00,-0.000000000000000000e+00,2.110556951636258560e+00,0.000000000000000000e+00,-1.597134896096605583e-01,0.000000000000000000e+00,-5.107237117082694816e-02,-1.843877317238853952e-01
-0.000000000000000000e+00,-0.000000000000000000e+00,0.000000000000000000e+00,-0.000000000000000000e+00,-0.000000000000000000e+00,-1.063987202164793783e-01,-0.000000000000000000e+00,0.000000000000000000e+00,0.000000000000000000e+00,-0.000000000000000000e+00,-1.610301699323765934e-01,0.000000000000000000e+00,-0.000000000000000000e+00,-0.000000000000000000e+00,-0.000000000000000000e+00,-0.000000000000000000e+00,-1.677616950101062931e-01,-0.000000000000000000e+00,-0.000000000000000000e+00,-0.000000000000000000e+00,0.000000000000000000e+00,-0.000000000000000000e+00,-0.000000000000000000e+00,-0.000000000000000000e+00,-0.000000000000000000e+00,-0.000000000000000000e+00,-0.000000000000000000e+00,0.000000000000000000e+00,-1.414966338789948319e-01,-0.000000000000000000e+00,0.000000000000000000e+00,-2.341818474462327992e-01,-0.000000000000000000e+00,0.000000000000000000e+00,1.813086956770445068e+00,-0.000000000000000000e+00,-7.177031755360244736e-01,-0.000000000000000000e+00,0.000000000000000000e+00
-0.000000000000000000e+00,-0.000000000000000000e+00,-0.000000000000000000e+00,0.000000000000000000e+00,-0.000000000000000000e+00,-0.000000000000000000e+00,0.000000000000000000e+00,0.000000000000000000e+00,-8.292694238850159549e-02,-0.000000000000000000e+00,-0.000000000000000000e+00,-0.000000000000000000e+00,3.674255672383961845e-03,-0.000000000000000000e+00,-4.158962247958440661e-02,-0.000000000000000000e+00,-0.000000000000000000e+00,-0.000000000000000000e+00,-0.000000000000000000e+00,-0.000000000000000000e+00,0.000000000000000000e+00,-0.000000000000000000e+00,-9.791955380383006446e-02,-0.000000000000000000e+00,-1.317580577166754530e-01,-0.000000000000000000e+00,-0.000000000000000000e+00,-0.000000000000000000e+00,-0.000000000000000000e+00,-0.000000000000000000e+00,-0.000000000000000000e+00,-0.000000000000000000e+00,-0.000000000000000000e+00,-1.597134896096605583e-01,-0.000000000000000000e+00,1.207166853155581476e+00,-0.000000000000000000e+00,-6.330556546196025591e-02,-1.570385633136349990e-01
-0.000000000000000000e+00,-0.000000000000000000e+00,0.000000000000000000e+00,-0.000000000000000000e+00,-0.000000000000000000e+00,-3.317301900847960949e-01,-0.000000000000000000e+00,0.000000000000000000e+00,0.000000000000000000e+00,-0.000000000000000000e+00,-3.052591514548237961e-01,0.000000000000000000e+00,-0.000000000000000000e+00,-2.060632766778381642e-01,-0.000000000000000000e+00,-0.000000000000000000e+00,-2.026751244143714936e-01,-0.000000000000000000e+00,-0.000000000000000000e+00,-8.643107273500848231e-02,0.000000000000000000e+00,-1.719594433353272347e-02,-0.000000000000000000e+00,-0.000000000000000000e+00,-0.000000000000000000e+00,-0.000000000000000000e+00,-0.000000000000000000e+00,0.000000000000000000e+00,-2.881823891742683608e-01,-0.000000000000000000e+00,0.000000000000000000e+00,-1.626806291650589598e-01,-6.780438197919054499e-02,0.000000000000000000e+00,-7.177031755360244736e-01,-0.000000000000000000e+00,2.303308411189656013e+00,-0.000000000000000000e+00,-0.000000000000000000e+00
-0.000000000000000000e+00,-0.000000000000000000e+00,-2.981889549763392083e-03,-0.000000000000000000e+00,-0.000000000000000000e+00,-0.000000000000000000e+00,-0.000000000000000000e+00,0.000000000000000000e+00,-0.000000000000000000e+00,-0.000000000000000000e+00,-0.000000000000000000e+00,-0.000000000000000000e+00,0.000000000000000000e+00,-0.000000000000000000e+00,-3.216275688509801500e-01,-0.000000000000000000e+00,-0.000000000000000000e+00,-1.553980472261455581e-01,-0.000000000000000000e+00,-0.000000000000000000e+00,0.000000000000000000e+00,-1.037930556758063089e-01,-0.000000000000000000e+00,-0.000000000000000000e+00,-0.000000000000000000e+00,-3.656090655681258905e-01,-0.000000000000000000e+00,-0.000000000000000000e+00,0.000000000000000000e+00,-0.000000000000000000e+00,0.000000000000000000e+00,0.000000000000000000e+00,-0.000000000000000000e+00,-5.107237117082694816e-02,-0.000000000000000000e+00,-6.330556546196025591e-02,-0.000000000000000000e+00,1.577566314588815244e+00,-3.135882789985216523e-01
-0.000000000000000000e+00,-0.000000000000000000e+00,-2.388641850977283876e-01,0.000000000000000000e+00,-0.000000000000000000e+00,-0.000000000000000000e+00,-0.000000000000000000e+00,0.000000000000000000e+00,-4.000441685233697697e-01,-0.000000000000000000e+00,-0.000000000000000000e+00,-5.035677236055422640e-02,0.000000000000000000e+00,-0.000000000000000000e+00,-0.000000000000000000e+00,-0.000000000000000000e+00,-0.000000000000000000e+00,-0.000000000000000000e+00,-0.000000000000000000e+00,0.000000000000000000e+00,-0.000000000000000000e+00,-0.000000000000000000e+00,-0.000000000000000000e+00,-0.000000000000000000e+00,-0.000000000000000000e+00,-2.505755134540677553e-01,-3.590236454815259881e-01,-5.128949213505513971e-02,-0.000000000000000000e+00,-0.000000000000000000e+00,-0.000000000000000000e+00,-0.000000000000000000e+00,-0.000000000000000000e+00,-1.843877317238853952e-01,0.000000000000000000e+00,-1.570385633136349990e-01,-0.000000000000000000e+00,-3.135882789985216523e-01,1.897853493270976077e+00
