1.205376344107453424e+00,-1.471733444802497404e-01,0.000000000000000000e+00,-0.000000000000000000e+00,-0.000000000000000000e+00,8.533696268569940235e-02,0.000000000000000000e+00,-0.000000000000000000e+00,-7.586017890835571043e-02,0.000000000000000000e+00,0.000000000000000000e+00,0.000000000000000000e+00,-0.000000000000000000e+00,-0.000000000000000000e+00,0.000000000000000000e+00,-0.000000000000000000e+00,-0.000000000000000000e+00,0.000000000000000000e+00,-0.000000000000000000e+00,-0.000000000000000000e+00,0.000000000000000000e+00,0.000000000000000000e+00,0.000000000000000000e+00,-7.739402440588595555e-02,-1.281933860851832419e-01,-0.000000000000000000e+00,-1.322458103993161826e-01,-0.000000000000000000e+00,-2.113991433945147103e-01,-0.000000000000000000e+00,0.000000000000000000e+00,-0.000000000000000000e+00,0.000000000000000000e+00,0.000000000000000000e+00,-0.000000000000000000e+00,-0.000000000000000000e+00,-0.000000000000000000e+00,-0.000000000000000000e+00,-0.000000000000000000e+00
-1.471733444802497404e-01,1.548303292890450100e+00,-0.000000000000000000e+00,0.000000000000000000e+00,-0.000000000000000000e+00,0.000000000000000000e+00,-0.000000000000000000e+00,0.000000000000000000e+00,-0.000000000000000000e+00,0.000000000000000000e+00,-0.000000000000000000e+00,-0.000000000000000000e+00,-4.244127799354240060e-02,-1.384821385873357402e-01,-0.000000000000000000e+00,-0.000000000000000000e+00,0.000000000000000000e+00,-0.000000000000000000e+00,-0.000000000000000000e+00,-0.000000000000000000e+00,-1.463346016537224806e-02,-4.360017646156742060e-02,-0.000000000000000000e+00,-0.000000000000000000e+00,-0.000000000000000000e+00,0.000000000000000000e+00,0.000000000000000000e+00,-0.000000000000000000e+00,-7.079691476948379858e-02,-0.000000000000000000e+00,-0.000000000000000000e+00,-3.994168643795595885e-01,-0.000000000000000000e+00,-0.000000000000000000e+00,0.000000000000000000e+00,-1.389750174511425185e-01,-4.027690193109388916e-01,7.971931831495528489e-03,-2.823014017811073181e-02
0.000000000000000000e+00,-0.000000000000000000e+00,2.919840331775272357e+00,-0.000000000000000000e+00,-5.069455539953741097e-01,0.000000000000000000e+00,0.000000000000000000e+00,1.108544660445416108e+00,-0.000000000000000000e+00,-0.000000000000000000e+00,-0.000000000000000000e+00,-0.000000000000000000e+00,-0.000000000000000000e+00,-0.000000000000000000e+00,0.000000000000000000e+00,-1.289740934016800067e-01,-0.000000000000000000e+00,-0.000000000000000000e+00,-4.037628943929580938e-01,0.000000000000000000e+00,-3.745071766853768636e-01,-0.000000000000000000e+00,-0.000000000000000000e+00,-0.000000000000000000e+00,-0.000000000000000000e+00,-0.000000000000000000e+00,-0.000000000000000000e+00,-0.000000000000000000e+00,0.000000000000000000e+00,-1.056194313012235320e-01,0.000000000000000000e+00,-0.000000000000000000e+00,-5.075583903467489888e-01,-9.229253942037717040e-02,0.000000000000000000e+00,0.000000000000000000e+00,-0.000000000000000000e+00,-0.000000000000000000e+00,-0.000000000000000000e+00
-0.000000000000000000e+00,0.000000000000000000e+00,-0.000000000000000000e+00,1.493453949578279039e+00,-0.000000000000000000e+00,4.458401474609149581e-03,-5.212547911689943136e-01,-0.000000000000000000e+00,-0.000000000000000000e+00,0.000000000000000000e+00,0.000000000000000000e+00,-7.166144662208874527e-02,-0.000000000000000000e+00,0.000000000000000000e+00,0.000000000000000000e+00,0.000000000000000000e+00,0.000000000000000000e+00,-0.000000000000000000e+00,-0.000000000000000000e+00,-4.032963560439571937e-01,0.000000000000000000e+00,-0.000000000000000000e+00,0.000000000000000000e+00,-0.000000000000000000e+00,-0.000000000000000000e+00,0.000000000000000000e+00,-0.000000000000000000e+00,1.767258021838654172e-02,0.000000000000000000e+00,0.000000000000000000e+00,0.000000000000000000e+00,-0.000000000000000000e+00,0.000000000000000000e+00,-3.257533666335993977e-02,0.000000000000000000e+00,0.000000000000000000e+00,0.000000000000000000e+00,-0.000000000000000000e+00,-0.000000000000000000e+00
-0.000000000000000000e+00,-0.000000000000000000e+00,-5.069455539953741097e-01,-0.000000000000000000e+00,2.058334725013671207e+00,0.000000000000000000e+00,0.000000000000000000e+00,3.401550963396520744e-01,-9.885295829386318844e-02,-0.000000000000000000e+00,-0.000000000000000000e+00,-0.000000000000000000e+00,-0.000000000000000000e+00,-8.750278582260284654e-02,0.000000000000000000e+00,-1.338478481011440013e-01,-0.000000000000000000e+00,-0.000000000000000000e+00,-1.621234697917733891e-02,0.000000000000000000e+00,-0.000000000000000000e+00,-0.000000000000000000e+00,-0.000000000000000000e+00,-0.000000000000000000e+00,-0.000000000000000000e+00,-0.000000000000000000e+00,-1.198842247224103652e-01,-0.000000000000000000e+00,0.000000000000000000e+00,-0.000000000000000000e+00,0.000000000000000000e+00,-5.508446173536961366e-02,-7.149541953526483695e-02,-2.875741449503486646e-01,-0.000000000000000000e+00,0.000000000000000000e+00,-0.000000000000000000e+00,-8.606503892617341223e-02,-2.154392905085133758e-01
8.533696268569940235e-02,0.000000000000000000e+00,0.000000000000000000e+00,4.458401474609149581e-03,0.000000000000000000e+00,1.141395523220822605e+00,0.000000000000000000e+00,-0.000000000000000000e+00,7.174240897215963808e-02,-0.000000000000000000e+00,-1.876195329236624576e-01,0.000000000000000000e+00,0.000000000000000000e+00,-7.465866698089925965e-03,-0.000000000000000000e+00,0.000000000000000000e+00,-0.000000000000000000e+00,4.603354284631826915e-02,0.000000000000000000e+00,0.000000000000000000e+00,0.000000000000000000e+00,0.000000000000000000e+00,-0.000000000000000000e+00,0.000000000000000000e+00,0.000000000000000000e+00,0.000000000000000000e+00,0.000000000000000000e+00,-0.000000000000000000e+00,-0.000000000000000000e+00,-0.000000000000000000e+00,-0.000000000000000000e+00,-0.000000000000000000e+00,-0.000000000000000000e+00,0.000000000000000000e+00,-2.849117352905505274e-01,-0.000000000000000000e+00,-1.046393822299914039e-01,4.577670449864475362e-03,7.799640261535130403e-02
0.000000000000000000e+00,-0.000000000000000000e+00,0.000000000000000000e+00,-5.212547911689943136e-01,0.000000000000000000e+00,0.000000000000000000e+00,1.889512978082091177e+00,-0.000000000000000000e+00,-0.000000000000000000e+00,0.000000000000000000e+00,-0.000000000000000000e+00,-4.563483434639649394e-02,-0.000000000000000000e+00,-0.000000000000000000e+00,-0.000000000000000000e+00,0.000000000000000000e+00,9.909407146331096483e-02,-0.000000000000000000e+00,-0.000000000000000000e+00,-5.786252506148880093e-01,-0.000000000000000000e+00,-4.947528848171486859e-01,-0.000000000000000000e+00,0.000000000000000000e+00,-0.000000000000000000e+00,0.000000000000000000e+00,-0.000000000000000000e+00,0.000000000000000000e+00,0.000000000000000000e+00,0.000000000000000000e+00,-0.000000000000000000e+00,-0.000000000000000000e+00,0.000000000000000000e+00,-0.000000000000000000e+00,0.000000000000000000e+00,-0.000000000000000000e+00,-0.000000000000000000e+00,0.000000000000000000e+00,-0.000000000000000000e+00
-0.000000000000000000e+00,0.000000000000000000e+00,1.108544660445416108e+00,-0.000000000000000000e+00,3.401550963396520744e-01,-0.000000000000000000e+00,-0.000000000000000000e+00,2.107698940353499140e+00,0.000000000000000000e+00,8.152700627391626376e-02,0.000000000000000000e+00,-0.000000000000000000e+00,-0.000000000000000000e+00,0.000000000000000000e+00,-2.940005699698613473e-01,0.000000000000000000e+00,0.000000000000000000e+00,0.000000000000000000e+00,0.000000000000000000e+00,-0.000000000000000000e+00,1.664193349474346606e-01,0.000000000000000000e+00,0.000000000000000000e+00,0.000000000000000000e+00,0.000000000000000000e+00,-0.000000000000000000e+00,0.000000000000000000e+00,-0.000000000000000000e+00,-0.000000000000000000e+00,0.000000000000000000e+00,-0.000000000000000000e+00,0.000000000000000000e+00,0.000000000000000000e+00,0.000000000000000000e+00,0.000000000000000000e+00,-0.000000000000000000e+00,0.000000000000000000e+00,0.000000000000000000e+00,0.000000000000000000e+00
-7.586017890835571043e-02,-0.000000000000000000e+00,-0.000000000000000000e+00,-0.000000000000000000e+00,-9.885295829386318844e-02,7.174240897215963808e-02,-0.000000000000000000e+00,0.000000000000000000e+00,2.452942598232283000e+00,0.000000000000000000e+00,-0.000000000000000000e+00,-0.000000000000000000e+00,-0.000000000000000000e+00,-0.000000000000000000e+00,0.000000000000000000e+00,-0.000000000000000000e+00,-5.625233425046135410e-02,-4.012139193507229251e-01,-2.822144642807085033e-02,-0.000000000000000000e+00,-0.000000000000000000e+00,-0.000000000000000000e+00,-0.000000000000000000e+00,-7.976464770998595299e-02,-0.000000000000000000e+00,-1.810004519177193238e-01,-3.862554906369490559e-02,-0.000000000000000000e+00,-2.868758049112282160e-01,-0.000000000000000000e+00,-0.000000000000000000e+00,-3.461458115860309714e-01,-0.000000000000000000e+00,-4.930882012468822961e-01,0.000000000000000000e+00,-0.000000000000000000e+00,-0.000000000000000000e+00,-0.000000000000000000e+00,-6.544041323836496948e-01
0.000000000000000000e+00,0.000000000000000000e+00,-0.000000000000000000e+00,0.000000000000000000e+00,-0.000000000000000000e+00,-0.000000000000000000e+00,0.000000000000000000e+00,8.152700627391626376e-02,0.000000000000000000e+00,1.758821224713543963e+00,-0.000000000000000000e+00,0.000000000000000000e+00,-0.000000000000000000e+00,-0.000000000000000000e+00,0.000000000000000000e+00,-4.217838033984020463e-01,-0.000000000000000000e+00,-0.000000000000000000e+00,-0.000000000000000000e+00,0.000000000000000000e+00,-1.376354222872019084e-01,0.000000000000000000e+00,-0.000000000000000000e+00,-0.000000000000000000e+00,-0.000000000000000000e+00,0.000000000000000000e+00,-1.147772356400611066e-01,-0.000000000000000000e+00,0.000000000000000000e+00,-4.028649124927957681e-01,0.000000000000000000e+00,-0.000000000000000000e+00,-3.292380273677315838e-02,-0.000000000000000000e+00,-3.141929520260647399e-03,0.000000000000000000e+00,-0.000000000000000000e+00,-4.310765645913007260e-01,-0.000000000000000000e+00
0.000000000000000000e+00,-0.000000000000000000e+00,-0.000000000000000000e+00,0.000000000000000000e+00,-0.000000000000000000e+00,-1.876195329236624576e-01,-0.000000000000000000e+00,0.000000000000000000e+00,-0.000000000000000000e+00,-0.000000000000000000e+00,1.592851401446524928e+00,-0.000000000000000000e+00,-2.215106375918299841e-01,-8.115916422306432287e-02,-0.000000000000000000e+00,-0.000000000000000000e+00,-4.180965771250170770e-01,-0.000000000000000000e+00,-3.107062996013469289e-02,-0.000000000000000000e+00,-1.188802347207322226e-03,-0.000000000000000000e+00,-2.678335797691888676e-01,-0.000000000000000000e+00,-0.000000000000000000e+00,-0.000000000000000000e+00,-0.000000000000000000e+00,-0.000000000000000000e+00,-0.000000000000000000e+00,-0.000000000000000000e+00,-2.095180029604819527e-01,-1.731319148002431196e-01,-2.116060149055896608e-02,-0.000000000000000000e+00,-2.690410441376788267e-02,-0.000000000000000000e+00,-0.000000000000000000e+00,0.000000000000000000e+00,-0.000000000000000000e+00
0.000000000000000000e+00,-0.000000000000000000e+00,-0.000000000000000000e+00,-7.166144662208874527e-02,-0.000000000000000000e+00,0.000000000000000000e+00,-4.563483434639649394e-02,-0.000000000000000000e+00,-0.000000000000000000e+00,0.000000000000000000e+00,-0.000000000000000000e+00,1.727058099894502208e+00,-8.460969045903687924e-02,-0.000000000000000000e+00,-0.000000000000000000e+00,-0.000000000000000000e+00,3.040054303379452483e-02,-2.244197778486056727e-01,-4.295804950267578803e-02,-0.000000000000000000e+00,-0.000000000000000000e+00,-3.963090274063462704e-01,-2.833654698395474472e-02,-1.658378041889520954e-02,-0.000000000000000000e+00,0.000000000000000000e+00,-0.000000000000000000e+00,0.000000000000000000e+00,0.000000000000000000e+00,0.000000000000000000e+00,-8.416125406375564444e-02,-0.000000000000000000e+00,-0.000000000000000000e+00,-1.990245084399673570e-01,0.000000000000000000e+00,0.000000000000000000e+00,0.000000000000000000e+00,0.000000000000000000e+00,-4.757983277899419661e-01
-0.000000000000000000e+00,-4.244127799354240060e-02,-0.000000000000000000e+00,-0.000000000000000000e+00,-0.000000000000000000e+00,0.000000000000000000e+00,-0.000000000000000000e+00,-0.000000000000000000e+00,-0.000000000000000000e+00,-0.000000000000000000e+00,-2.215106375918299841e-01,-8.460969045903687924e-02,1.597324008687796448e+00,-0.000000000000000000e+00,-0.000000000000000000e+00,-0.000000000000000000e+00,0.000000000000000000e+00,0.000000000000000000e+00,-0.000000000000000000e+00,-1.806918948861313545e-02,-0.000000000000000000e+00,-4.570269819181245197e-01,-2.053061981015828485e-01,-0.000000000000000000e+00,-0.000000000000000000e+00,-0.000000000000000000e+00,-2.945883937496968086e-01,0.000000000000000000e+00,0.000000000000000000e+00,0.000000000000000000e+00,-1.618369500878222844e-01,-0.000000000000000000e+00,0.000000000000000000e+00,0.000000000000000000e+00,-0.000000000000000000e+00,-0.000000000000000000e+00,0.000000000000000000e+00,0.000000000000000000e+00,-4.081287633892644387e-03
-0.000000000000000000e+00,-1.384821385873357402e-01,-0.000000000000000000e+00,0.000000000000000000e+00,-8.750278582260284654e-02,-7.465866698089925965e-03,-0.000000000000000000e+00,0.000000000000000000e+00,-0.000000000000000000e+00,-0.000000000000000000e+00,-8.115916422306432287e-02,-0.000000000000000000e+00,-0.000000000000000000e+00,1.905996481540768395e+00,-0.000000000000000000e+00,-2.925584505502034499e-02,-0.000000000000000000e+00,-0.000000000000000000e+00,-0.000000000000000000e+00,-0.000000000000000000e+00,-2.651728702159299456e-01,-4.212693532957071524e-02,-2.624842167552250416e-01,-2.609455041944035991e-01,-3.148737945842316477e-01,-0.000000000000000000e+00,-0.000000000000000000e+00,-5.217150083601609228e-02,-0.000000000000000000e+00,-6.493553713205424405e-02,-2.700917648498072504e-02,-8.496484969192426295e-02,-6.120551397445936348e-02,-1.816610582546565045e-01,-0.000000000000000000e+00,-0.000000000000000000e+00,-2.462991519261191475e-01,-0.000000000000000000e+00,-0.000000000000000000e+00
0.000000000000000000e+00,-0.000000000000000000e+00,0.000000000000000000e+00,0.000000000000000000e+00,0.000000000000000000e+00,-0.000000000000000000e+00,-0.000000000000000000e+00,-2.940005699698613473e-01,0.000000000000000000e+00,0.000000000000000000e+00,-0.000000000000000000e+00,-0.000000000000000000e+00,-0.000000000000000000e+00,-0.000000000000000000e+00,1.411014968752964505e+00,-0.000000000000000000e+00,0.000000000000000000e+00,0.000000000000000000e+00,-0.000000000000000000e+00,-1.075075769539673293e-01,-0.000000000000000000e+00,-1.986090359237152325e-01,-1.073008840230136457e-01,-0.000000000000000000e+00,-0.000000000000000000e+00,-0.000000000000000000e+00,0.000000000000000000e+00,-1.233769139625101423e-02,-0.000000000000000000e+00,0.000000000000000000e+00,-4.700407546146676552e-01,0.000000000000000000e+00,0.000000000000000000e+00,0.000000000000000000e+00,0.000000000000000000e+00,-0.000000000000000000e+00,-0.000000000000000000e+00,2.950686467443338068e-01,0.000000000000000000e+00
-0.000000000000000000e+00,-0.000000000000000000e+00,-1.289740934016800067e-01,0.000000000000000000e+00,-1.338478481011440013e-01,0.000000000000000000e+00,0.000000000000000000e+00,0.000000000000000000e+00,-0.000000000000000000e+00,-4.217838033984020463e-01,-0.000000000000000000e+00,-0.000000000000000000e+00,-0.000000000000000000e+00,-2.925584505502034499e-02,-0.000000000000000000e+00,2.115280276446192875e+00,-0.000000000000000000e+00,-2.946480059459825607e-01,-4.842135745281041931e-02,-0.000000000000000000e+00,-7.064916885015157244e-02,-0.000000000000000000e+00,-2.827367106177888223e-01,-0.000000000000000000e+00,-0.000000000000000000e+00,-0.000000000000000000e+00,-0.000000000000000000e+00,-2.752548154670347302e-01,-0.000000000000000000e+00,-4.469079153221973688e-01,-0.000000000000000000e+00,-0.000000000000000000e+00,-1.413694577751695158e-01,-1.649635827901967805e-02,0.000000000000000000e+00,-0.000000000000000000e+00,-2.164867587677548819e-02,-6.242325335030291661e-02,-0.000000000000000000e+00
-0.000000000000000000e+00,0.000000000000000000e+00,-0.000000000000000000e+00,0.000000000000000000e+00,-0.000000000000000000e+00,-0.000000000000000000e+00,9.909407146331096483e-02,0.000000000000000000e+00,-5.625233425046135410e-02,-0.000000000000000000e+00,-4.180965771250170770e-01,3.040054303379452483e-02,0.000000000000000000e+00,-0.000000000000000000e+00,0.000000000000000000e+00,-0.000000000000000000e+00,1.707227040510754135e+00,-0.000000000000000000e+00,-0.000000000000000000e+00,0.000000000000000000e+00,-0.000000000000000000e+00,3.703436971543177993e-03,0.000000000000000000e+00,-0.000000000000000000e+00,0.000000000000000000e+00,-5.136313980654250155e-01,-0.000000000000000000e+00,-2.788165540466135406e-01,-1.406153670838021785e-01,-0.000000000000000000e+00,-0.000000000000000000e+00,-0.000000000000000000e+00,-1.524848652459842302e-01,-0.000000000000000000e+00,-0.000000000000000000e+00,-0.000000000000000000e+00,-0.000000000000000000e+00,-0.000000000000000000e+00,-0.000000000000000000e+00
0.000000000000000000e+00,-0.000000000000000000e+00,-0.000000000000000000e+00,-0.000000000000000000e+00,-0.000000000000000000e+00,4.603354284631826915e-02,-0.000000000000000000e+00,0.000000000000000000e+00,-4.012139193507229251e-01,-0.000000000000000000e+00,-0.000000000000000000e+00,-2.244197778486056727e-01,0.000000000000000000e+00,-0.000000000000000000e+00,0.000000000000000000e+00,-2.946480059459825607e-01,-0.000000000000000000e+00,1.770059890084237031e+00,-4.314366889020890272e-01,-0.000000000000000000e+00,-0.000000000000000000e+00,-0.000000000000000000e+00,-0.000000000000000000e+00,-0.000000000000000000e+00,0.000000000000000000e+00,-1.715364909633128321e-02,-0.000000000000000000e+00,-1.752496290700007175e-01,-0.000000000000000000e+00,-0.000000000000000000e+00,-0.000000000000000000e+00,-0.000000000000000000e+00,-0.000000000000000000e+00,-3.741765712311879988e-02,0.000000000000000000e+00,-0.000000000000000000e+00,-0.000000000000000000e+00,-0.000000000000000000e+00,-2.949897770557832755e-02
-0.000000000000000000e+00,-0.000000000000000000e+00,-4.037628943929580938e-01,-0.000000000000000000e+00,-1.621234697917733891e-02,0.000000000000000000e+00,-0.000000000000000000e+00,0.000000000000000000e+00,-2.822144642807085033e-02,-0.000000000000000000e+00,-3.107062996013469289e-02,-4.295804950267578803e-02,-0.000000000000000000e+00,-0.000000000000000000e+00,-0.000000000000000000e+00,-4.842135745281041931e-02,-0.000000000000000000e+00,-4.314366889020890272e-01,1.686238518383462504e+00,-0.000000000000000000e+00,-0.000000000000000000e+00,-0.000000000000000000e+00,-8.064797415889243815e-02,-6.873594253333445425e-02,-2.293301410038780727e-02,-0.000000000000000000e+00,-0.000000000000000000e+00,-0.000000000000000000e+00,-0.000000000000000000e+00,-2.922989954968573459e-02,-9.886805969707590513e-03,-0.000000000000000000e+00,-0.000000000000000000e+00,-0.000000000000000000e+00,-0.000000000000000000e+00,0.000000000000000000e+00,-0.000000000000000000e+00,-0.000000000000000000e+00,-2.919666254575570274e-01
-0.000000000000000000e+00,-0.000000000000000000e+00,0.000000000000000000e+00,-4.032963560439571937e-01,0.000000000000000000e+00,0.000000000000000000e+00,-5.786252506148880093e-01,-0.000000000000000000e+00,-0.000000000000000000e+00,0.000000000000000000e+00,-0.000000000000000000e+00,-0.000000000000000000e+00,-1.806918948861313545e-02,-0.000000000000000000e+00,-1.075075769539673293e-01,-0.000000000000000000e+00,0.000000000000000000e+00,-0.000000000000000000e+00,-0.000000000000000000e+00,1.911163718236972731e+00,-0.000000000000000000e+00,-5.331364893003279759e-01,-0.000000000000000000e+00,-0.000000000000000000e+00,-1.567261086146379823e-01,0.000000000000000000e+00,-0.000000000000000000e+00,-0.000000000000000000e+00,-0.000000000000000000e+00,-0.000000000000000000e+00,-0.000000000000000000e+00,-0.000000000000000000e+00,7.380176245491979620e-03,-0.000000000000000000e+00,4.811176672300480905e-02,-7.454873754662603991e-02,0.000000000000000000e+00,0.000000000000000000e+00,0.000000000000000000e+00
0.000000000000000000e+00,-1.463346016537224806e-02,-3.745071766853768636e-01,0.000000000000000000e+00,-0.000000000000000000e+00,0.000000000000000000e+00,-0.000000000000000000e+00,1.664193349474346606e-01,-0.000000000000000000e+00,-1.376354222872019084e-01,-1.188802347207322226e-03,-0.000000000000000000e+00,-0.000000000000000000e+00,-2.651728702159299456e-01,-0.000000000000000000e+00,-7.064916885015157244e-02,-0.000000000000000000e+00,-0.000000000000000000e+00,-0.000000000000000000e+00,-0.000000000000000000e+00,1.787684403669623334e+00,-5.627387778383597938e-01,-1.042515938390111835e-01,-0.000000000000000000e+00,-0.000000000000000000e+00,0.000000000000000000e+00,-0.000000000000000000e+00,-0.000000000000000000e+00,0.000000000000000000e+00,-0.000000000000000000e+00,-0.000000000000000000e+00,-0.000000000000000000e+00,-0.000000000000000000e+00,-0.000000000000000000e+00,0.000000000000000000e+00,-0.000000000000000000e+00,-0.000000000000000000e+00,0.000000000000000000e+00,-0.000000000000000000e+00
0.000000000000000000e+00,-4.360017646156742060e-02,-0.000000000000000000e+00,-0.000000000000000000e+00,-0.000000000000000000e+00,0.000000000000000000e+00,-4.947528848171486859e-01,0.000000000000000000e+00,-0.000000000000000000e+00,0.000000000000000000e+00,-0.000000000000000000e+00,-3.963090274063462704e-01,-4.570269819181245197e-01,-4.212693532957071524e-02,-1.986090359237152325e-01,-0.000000000000000000e+00,3.703436971543177993e-03,-0.000000000000000000e+00,-0.000000000000000000e+00,-5.331364893003279759e-01,-5.627387778383597938e-01,2.344594080301059869e+00,-0.000000000000000000e+00,-0.000000000000000000e+00,-4.612234386186928742e-02,0.000000000000000000e+00,-0.000000000000000000e+00,-0.000000000000000000e+00,0.000000000000000000e+00,0.000000000000000000e+00,-0.000000000000000000e+00,-0.000000000000000000e+00,0.000000000000000000e+00,-0.000000000000000000e+00,0.000000000000000000e+00,-0.000000000000000000e+00,0.000000000000000000e+00,1.069195591459997340e-02,-0.000000000000000000e+00
0.000000000000000000e+00,-0.000000000000000000e+00,-0.000000000000000000e+00,0.000000000000000000e+00,-0.000000000000000000e+00,-0.000000000000000000e+00,-0.000000000000000000e+00,0.000000000000000000e+00,-0.000000000000000000e+00,-0.000000000000000000e+00,-2.678335797691888676e-01,-2.833654698395474472e-02,-2.053061981015828485e-01,-2.624842167552250416e-01,-1.073008840230136457e-01,-2.827367106177888223e-01,0.000000000000000000e+00,-0.000000000000000000e+00,-8.064797415889243815e-02,-0.000000000000000000e+00,-1.042515938390111835e-01,-0.000000000000000000e+00,1.679764689933975763e+00,-0.000000000000000000e+00,-2.695024157183155133e-01,-0.000000000000000000e+00,-0.000000000000000000e+00,-0.000000000000000000e+00,-0.000000000000000000e+00,-0.000000000000000000e+00,-1.364927385594692233e-01,-0.000000000000000000e+00,-0.000000000000000000e+00,-0.000000000000000000e+00,-0.000000000000000000e+00,-0.000000000000000000e+00,-0.000000000000000000e+00,-0.000000000000000000e+00,-0.000000000000000000e+00
-7.739402440588595555e-02,-0.000000000000000000e+00,-0.000000000000000000e+00,-0.000000000000000000e+00,-0.000000000000000000e+00,0.000000000000000000e+00,0.000000000000000000e+00,0.000000000000000000e+00,-7.976464770998595299e-02,-0.000000000000000000e+00,-0.000000000000000000e+00,-1.658378041889520954e-02,-0.000000000000000000e+00,-2.609455041944035991e-01,-0.000000000000000000e+00,-0.000000000000000000e+00,-0.000000000000000000e+00,-0.000000000000000000e+00,-6.873594253333445425e-02,-0.000000000000000000e+00,-0.000000000000000000e+00,-0.000000000000000000e+00,-0.000000000000000000e+00,1.256868891152395085e+00,-2.618959660365478559e-01,-0.000000000000000000e+00,-0.000000000000000000e+00,-0.000000000000000000e+00,-0.000000000000000000e+00,-0.000000000000000000e+00,-0.000000000000000000e+00,-0.000000000000000000e+00,-0.000000000000000000e+00,-3.464014045626719746e-02,0.000000000000000000e+00,7.110864039350366095e-02,-0.000000000000000000e+00,-0.000000000000000000e+00,-0.000000000000000000e+00
-1.281933860851832419e-01,-0.000000000000000000e+00,-0.000000000000000000e+00,-0.000000000000000000e+00,-0.000000000000000000e+00,0.000000000000000000e+00,-0.000000000000000000e+00,0.000000000000000000e+00,-0.000000000000000000e+00,-0.000000000000000000e+00,-0.000000000000000000e+00,-0.000000000000000000e+00,-0.000000000000000000e+00,-3.148737945842316477e-01,-0.000000000000000000e+00,-0.000000000000000000e+00,0.000000000000000000e+00,0.000000000000000000e+00,-2.293301410038780727e-02,-1.567261086146379823e-01,-0.000000000000000000e+00,-4.612234386186928742e-02,-2.695024157183155133e-01,-2.618959660365478559e-01,1.427820511562488237e+00,0.000000000000000000e+00,-0.000000000000000000e+00,-0.000000000000000000e+00,-0.000000000000000000e+00,-1.616800393333836907e-03,-0.000000000000000000e+00,0.000000000000000000e+00,-0.000000000000000000e+00,-0.000000000000000000e+00,0.000000000000000000e+00,0.000000000000000000e+00,-0.000000000000000000e+00,-0.000000000000000000e+00,-0.000000000000000000e+00
-0.000000000000000000e+00,0.000000000000000000e+00,-0.000000000000000000e+00,0.000000000000000000e+00,-0.000000000000000000e+00,0.000000000000000000e+00,0.000000000000000000e+00,-0.000000000000000000e+00,-1.810004519177193238e-01,0.000000000000000000e+00,-0.000000000000000000e+00,0.000000000000000000e+00,-0.000000000000000000e+00,-0.000000000000000000e+00,-0.000000000000000000e+00,-0.000000000000000000e+00,-5.136313980654250155e-01,-1.715364909633128321e-02,-0.000000000000000000e+00,0.000000000000000000e+00,0.000000000000000000e+00,0.000000000000000000e+00,-0.000000000000000000e+00,-0.000000000000000000e+00,0.000000000000000000e+00,1.863496634121944107e+00,-1.089233814153892782e-01,-3.151536127703849499e-01,-4.771246079158965592e-01,-0.000000000000000000e+00,-1.863854228475467778e-01,-0.000000000000000000e+00,-0.000000000000000000e+00,-0.000000000000000000e+00,0.000000000000000000e+00,0.000000000000000000e+00,-0.000000000000000000e+00,-0.000000000000000000e+00,-0.000000000000000000e+00
-1.322458103993161826e-01,0.000000000000000000e+00,-0.000000000000000000e+00,-0.000000000000000000e+00,-1.198842247224103652e-01,0.000000000000000000e+00,-0.000000000000000000e+00,0.000000000000000000e+00,-3.862554906369490559e-02,-1.147772356400611066e-01,-0.000000000000000000e+00,-0.000000000000000000e+00,-2.945883937496968086e-01,-0.000000000000000000e+00,0.000000000000000000e+00,-0.000000000000000000e+00,-0.000000000000000000e+00,-0.000000000000000000e+00,-0.000000000000000000e+00,-0.000000000000000000e+00,-0.000000000000000000e+00,-0.000000000000000000e+00,-0.000000000000000000e+00,-0.000000000000000000e+00,-0.000000000000000000e+00,-1.089233814153892782e-01,1.644492364246977090e+00,-0.000000000000000000e+00,-0.000000000000000000e+00,-1.096899799229897193e-01,-0.000000000000000000e+00,-0.000000000000000000e+00,0.000000000000000000e+00,-0.000000000000000000e+00,-0.000000000000000000e+00,0.000000000000000000e+00,0.000000000000000000e+00,-3.011907623362302666e-01,-3.781726772066624775e-01
-0.000000000000000000e+00,-0.000000000000000000e+00,-0.000000000000000000e+00,1.767258021838654172e-02,-0.000000000000000000e+00,-0.000000000000000000e+00,0.000000000000000000e+00,-0.000000000000000000e+00,-0.000000000000000000e+00,-0.000000000000000000e+00,-0.000000000000000000e+00,0.000000000000000000e+00,0.000000000000000000e+00,-5.217150083601609228e-02,-1.233769139625101423e-02,-2.752548154670347302e-01,-2.788165540466135406e-01,-1.752496290700007175e-01,-0.000000000000000000e+00,-0.000000000000000000e+00,-0.000000000000000000e+00,-0.000000000000000000e+00,-0.000000000000000000e+00,-0.000000000000000000e+00,-0.000000000000000000e+00,-3.151536127703849499e-01,-0.000000000000000000e+00,1.674495118304776931e+00,-1.282318020378887258e-01,-0.000000000000000000e+00,-2.300859677307176554e-01,-0.000000000000000000e+00,-0.000000000000000000e+00,-0.000000000000000000e+00,0.000000000000000000e+00,-0.000000000000000000e+00,-1.766484904146575774e-01,0.000000000000000000e+00,0.000000000000000000e+00
-2.113991433945147103e-01,-7.079691476948379858e-02,0.000000000000000000e+00,0.000000000000000000e+00,0.000000000000000000e+00,-0.000000000000000000e+00,0.000000000000000000e+00,-0.000000000000000000e+00,-2.868758049112282160e-01,0.000000000000000000e+00,-0.000000000000000000e+00,0.000000000000000000e+00,0.000000000000000000e+00,-0.000000000000000000e+00,-0.000000000000000000e+00,-0.000000000000000000e+00,-1.406153670838021785e-01,-0.000000000000000000e+00,-0.000000000000000000e+00,-0.000000000000000000e+00,0.000000000000000000e+00,0.000000000000000000e+00,-0.000000000000000000e+00,-0.000000000000000000e+00,-0.000000000000000000e+00,-4.771246079158965592e-01,-0.000000000000000000e+00,-1.282318020378887258e-01,1.654655129823449311e+00,-0.000000000000000000e+00,-8.033536309770124284e-02,-2.346302195682599054e-02,-0.000000000000000000e+00,-0.000000000000000000e+00,0.000000000000000000e+00,-0.000000000000000000e+00,-1.369768149500877885e-01,0.000000000000000000e+00,-0.000000000000000000e+00
-0.000000000000000000e+00,-0.000000000000000000e+00,-1.056194313012235320e-01,0.000000000000000000e+00,-0.000000000000000000e+00,-0.000000000000000000e+00,0.000000000000000000e+00,0.000000000000000000e+00,-0.000000000000000000e+00,-4.028649124927957681e-01,-0.000000000000000000e+00,0.000000000000000000e+00,0.000000000000000000e+00,-6.493553713205424405e-02,0.000000000000000000e+00,-4.469079153221973688e-01,-0.000000000000000000e+00,-0.000000000000000000e+00,-2.922989954968573459e-02,-0.000000000000000000e+00,-0.000000000000000000e+00,0.000000000000000000e+00,-0.000000000000000000e+00,-0.000000000000000000e+00,-1.616800393333836907e-03,-0.000000000000000000e+00,-1.096899799229897193e-01,-0.000000000000000000e+00,-0.000000000000000000e+00,1.544507623845716937e+00,0.000000000000000000e+00,-0.000000000000000000e+00,-0.000000000000000000e+00,-0.000000000000000000e+00,-0.000000000000000000e+00,-0.000000000000000000e+00,-0.000000000000000000e+00,-2.778337153315258920e-02,-0.000000000000000000e+00
0.000000000000000000e+00,-0.000000000000000000e+00,0.000000000000000000e+00,0.000000000000000000e+00,0.000000000000000000e+00,-0.000000000000000000e+00,-0.000000000000000000e+00,-0.000000000000000000e+00,-0.000000000000000000e+00,0.000000000000000000e+00,-2.095180029604819527e-01,-8.416125406375564444e-02,-1.618369500878222844e-01,-2.700917648498072504e-02,-4.700407546146676552e-01,-0.000000000000000000e+00,-0.000000000000000000e+00,-0.000000000000000000e+00,-9.886805969707590513e-03,-0.000000000000000000e+00,-0.000000000000000000e+00,-0.000000000000000000e+00,-1.364927385594692233e-01,-0.000000000000000000e+00,-0.000000000000000000e+00,-1.863854228475467778e-01,-0.000000000000000000e+00,-2.300859677307176554e-01,-8.033536309770124284e-02,0.000000000000000000e+00,1.577921213489027696e+00,-0.000000000000000000e+00,-0.000000000000000000e+00,-0.000000000000000000e+00,0.000000000000000000e+00,-0.000000000000000000e+00,-0.000000000000000000e+00,1.936101579390925587e-01,-0.000000000000000000e+00
-0.000000000000000000e+00,-3.994168643795595885e-01,-0.000000000000000000e+00,-0.000000000000000000e+00,-5.508446173536961366e-02,-0.000000000000000000e+00,-0.000000000000000000e+00,0.000000000000000000e+00,-3.461458115860309714e-01,-0.000000000000000000e+00,-1.731319148002431196e-01,-0.000000000000000000e+00,-0.000000000000000000e+00,-8.496484969192426295e-02,0.000000000000000000e+00,-0.000000000000000000e+00,-0.000000000000000000e+00,-0.000000000000000000e+00,-0.000000000000000000e+00,-0.000000000000000000e+00,-0.000000000000000000e+00,-0.000000000000000000e+00,-0.000000000000000000e+00,-0.000000000000000000e+00,0.000000000000000000e+00,-0.000000000000000000e+00,-0.000000000000000000e+00,-0.000000000000000000e+00,-2.346302195682599054e-02,-0.000000000000000000e+00,-0.000000000000000000e+00,1.915167991794420210e+00,-4.618203700904344733e-01,-0.000000000000000000e+00,-0.000000000000000000e+00,-0.000000000000000000e+00,-2.911494902840827126e-01,-0.000000000000000000e+00,-9.200991887668143188e-02
0.000000000000000000e+00,-0.000000000000000000e+00,-5.075583903467489888e-01,0.000000000000000000e+00,-7.149541953526483695e-02,-0.000000000000000000e+00,0.000000000000000000e+00,0.000000000000000000e+00,-0.000000000000000000e+00,-3.292380273677315838e-02,-2.116060149055896608e-02,-0.000000000000000000e+00,0.000000000000000000e+00,-6.120551397445936348e-02,0.000000000000000000e+00,-1.413694577751695158e-01,-1.524848652459842302e-01,-0.000000000000000000e+00,-0.000000000000000000e+00,7.380176245491979620e-03,-0.000000000000000000e+00,0.000000000000000000e+00,-0.000000000000000000e+00,-0.000000000000000000e+00,-0.000000000000000000e+00,-0.000000000000000000e+00,0.000000000000000000e+00,-0.000000000000000000e+00,-0.000000000000000000e+00,-0.000000000000000000e+00,-0.000000000000000000e+00,-4.618203700904344733e-01,2.019665934916733629e+00,-5.086693893365032970e-01,-0.000000000000000000e+00,0.000000000000000000e+00,-0.000000000000000000e+00,-0.000000000000000000e+00,-0.000000000000000000e+00
0.000000000000000000e+00,-0.000000000000000000e+00,-9.229253942037717040e-02,-3.257533666335993977e-02,-2.875741449503486646e-01,0.000000000000000000e+00,-0.000000000000000000e+00,0.000000000000000000e+00,-4.930882012468822961e-01,-0.000000000000000000e+00,-0.000000000000000000e+00,-1.990245084399673570e-01,0.000000000000000000e+00,-1.816610582546565045e-01,0.000000000000000000e+00,-1.649635827901967805e-02,-0.000000000000000000e+00,-3.741765712311879988e-02,-0.000000000000000000e+00,-0.000000000000000000e+00,-0.000000000000000000e+00,-0.000000000000000000e+00,-0.000000000000000000e+00,-3.464014045626719746e-02,-0.000000000000000000e+00,-0.000000000000000000e+00,-0.000000000000000000e+00,-0.000000000000000000e+00,-0.000000000000000000e+00,-0.000000000000000000e+00,-0.000000000000000000e+00,-0.000000000000000000e+00,-5.086693893365032970e-01,2.139918262178364117e+00,0.000000000000000000e+00,6.023274725162418991e-02,-0.000000000000000000e+00,-1.836389201296866613e-01,-1.341169727330391581e-01
-0.000000000000000000e+00,0.000000000000000000e+00,0.000000000000000000e+00,0.000000000000000000e+00,-0.000000000000000000e+00,-2.849117352905505274e-01,0.000000000000000000e+00,0.000000000000000000e+00,0.000000000000000000e+00,-3.141929520260647399e-03,-2.690410441376788267e-02,0.000000000000000000e+00,-0.000000000000000000e+00,-0.000000000000000000e+00,0.000000000000000000e+00,0.000000000000000000e+00,-0.000000000000000000e+00,0.000000000000000000e+00,-0.000000000000000000e+00,4.811176672300480905e-02,0.000000000000000000e+00,0.000000000000000000e+00,-0.000000000000000000e+00,0.000000000000000000e+00,0.000000000000000000e+00,0.000000000000000000e+00,-0.000000000000000000e+00,0.000000000000000000e+00,0.000000000000000000e+00,-0.000000000000000000e+00,0.000000000000000000e+00,-0.000000000000000000e+00,-0.000000000000000000e+00,0.000000000000000000e+00,1.149558735468895865e+00,-0.000000000000000000e+00,-2.547925325072790126e-01,-0.000000000000000000e+00,-0.000000000000000000e+00
-0.000000000000000000e+00,-1.389750174511425185e-01,0.000000000000000000e+00,0.000000000000000000e+00,0.000000000000000000e+00,-0.000000000000000000e+00,-0.000000000000000000e+00,-0.000000000000000000e+00,-0.000000000000000000e+00,0.000000000000000000e+00,-0.000000000000000000e+00,0.000000000000000000e+00,-0.000000000000000000e+00,-0.000000000000000000e+00,-0.000000000000000000e+00,-0.000000000000000000e+00,-0.000000000000000000e+00,-0.000000000000000000e+00,0.000000000000000000e+00,-7.454873754662603991e-02,-0.000000000000000000e+00,-0.000000000000000000e+00,-0.000000000000000000e+00,7.110864039350366095e-02,0.000000000000000000e+00,0.000000000000000000e+00,0.000000000000000000e+00,-0.000000000000000000e+00,-0.000000000000000000e+00,-0.000000000000000000e+00,-0.000000000000000000e+00,-0.000000000000000000e+00,0.000000000000000000e+00,6.023274725162418991e-02,-0.000000000000000000e+00,1.042372088187523360e+00,-8.915739799087453454e-02,3.644719108535603158e-02,0.000000000000000000e+00
-0.000000000000000000e+00,-4.027690193109388916e-01,-0.000000000000000000e+00,0.000000000000000000e+00,-0.000000000000000000e+00,-1.046393822299914039e-01,-0.000000000000000000e+00,0.000000000000000000e+00,-0.000000000000000000e+00,-0.000000000000000000e+00,-0.000000000000000000e+00,0.000000000000000000e+00,0.000000000000000000e+00,-2.462991519261191475e-01,-0.000000000000000000e+00,-2.164867587677548819e-02,-0.000000000000000000e+00,-0.000000000000000000e+00,-0.000000000000000000e+00,0.000000000000000000e+00,-0.000000000000000000e+00,0.000000000000000000e+00,-0.000000000000000000e+00,-0.000000000000000000e+00,-0.000000000000000000e+00,-0.000000000000000000e+00,0.000000000000000000e+00,-1.766484904146575774e-01,-1.369768149500877885e-01,-0.000000000000000000e+00,-0.000000000000000000e+00,-2.911494902840827126e-01,-0.000000000000000000e+00,-0.000000000000000000e+00,-2.547925325072790126e-01,-8.915739799087453454e-02,1.628231478131106025e+00,0.000000000000000000e+00,0.000000000000000000e+00
-0.000000000000000000e+00,7.971931831495528489e-03,-0.000000000000000000e+00,-0.000000000000000000e+00,-8.606503892617341223e-02,4.577670449864475362e-03,0.000000000000000000e+00,0.000000000000000000e+00,-0.000000000000000000e+00,-4.310765645913007260e-01,0.000000000000000000e+00,0.000000000000000000e+00,0.000000000000000000e+00,-0.000000000000000000e+00,2.950686467443338068e-01,-6.242325335030291661e-02,-0.000000000000000000e+00,-0.000000000000000000e+00,-0.000000000000000000e+00,0.000000000000000000e+00,0.000000000000000000e+00,1.069195591459997340e-02,-0.000000000000000000e+00,-0.000000000000000000e+00,-0.000000000000000000e+00,-0.000000000000000000e+00,-3.011907623362302666e-01,0.000000000000000000e+00,0.000000000000000000e+00,-2.778337153315258920e-02,1.936101579390925587e-01,-0.000000000000000000e+00,-0.000000000000000000e+00,-1.836389201296866613e-01,-0.000000000000000000e+00,3.644719108535603158e-02,0.000000000000000000e+00,1.683108625424392546e+00,-2.836140290055941815e-01
-0.000000000000000000e+00,-2.823014017811073181e-02,-0.000000000000000000e+00,-0.000000000000000000e+00,-2.154392905085133758e-01,7.799640261535130403e-02,-0.000000000000000000e+00,0.000000000000000000e+00,-6.544041323836496948e-01,-0.000000000000000000e+00,-0.000000000000000000e+00,-4.757983277899419661e-01,-4.081287633892644387e-03,-0.000000000000000000e+00,0.000000000000000000e+00,-0.000000000000000000e+00,-0.000000000000000000e+00,-2.949897770557832755e-02,-2.919666254575570274e-01,0.000000000000000000e+00,-0.000000000000000000e+00,-0.000000000000000000e+00,-0.000000000000000000e+00,-0.000000000000000000e+00,-0.000000000000000000e+00,-0.000000000000000000e+00,-3.781726772066624775e-01,0.000000000000000000e+00,-0.000000000000000000e+00,-0.000000000000000000e+00,-0.000000000000000000e+00,-9.200991887668143188e-02,-0.000000000000000000e+00,-1.341169727330391581e-01,-0.000000000000000000e+00,0.000000000000000000e+00,0.000000000000000000e+00,-2.836140290055941815e-01,2.381772830611649017e+00
