1.629556247705359562e+00,-6.156237755429762037e-01,-0.000000000000000000e+00,0.000000000000000000e+00,-0.000000000000000000e+00,-0.000000000000000000e+00,-0.000000000000000000e+00,0.000000000000000000e+00,-0.000000000000000000e+00,-1.284590603177278301e-01,-0.000000000000000000e+00,1.277774028321446327e-02,0.000000000000000000e+00,-0.000000000000000000e+00,2.705096707560157854e-01,-1.330192057979359410e-01,-0.000000000000000000e+00,0.000000000000000000e+00,8.937741710775023996e-02,0.000000000000000000e+00,0.000000000000000000e+00,0.000000000000000000e+00,-0.000000000000000000e+00,0.000000000000000000e+00,-0.000000000000000000e+00,-0.000000000000000000e+00,-1.598017700102306177e-02,2.120413029266785421e-03,-0.000000000000000000e+00,-0.000000000000000000e+00,-0.000000000000000000e+00,-1.267863572988562337e-01,0.000000000000000000e+00,0.000000000000000000e+00,0.000000000000000000e+00,-4.122579886493573098e-01,0.000000000000000000e+00,-0.000000000000000000e+00,-0.000000000000000000e+00
-6.156237755429762037e-01,1.567540782926210019e+00,-0.000000000000000000e+00,2.489906493075030869e-01,-1.047806108590155355e-01,-0.000000000000000000e+00,-0.000000000000000000e+00,0.000000000000000000e+00,-0.000000000000000000e+00,-0.000000000000000000e+00,-0.000000000000000000e+00,0.000000000000000000e+00,8.910934907437495500e-02,-1.660573946786726429e-01,0.000000000000000000e+00,-0.000000000000000000e+00,0.000000000000000000e+00,0.000000000000000000e+00,2.640914699669166203e-03,0.000000000000000000e+00,1.113435585343786755e-03,0.000000000000000000e+00,-0.000000000000000000e+00,-1.546708284794660881e-01,-0.000000000000000000e+00,-0.000000000000000000e+00,-1.181560580376850300e-02,0.000000000000000000e+00,-1.595440657441782317e-02,-2.051816368079668051e-01,-0.000000000000000000e+00,-0.000000000000000000e+00,0.000000000000000000e+00,0.000000000000000000e+00,-0.000000000000000000e+00,-7.307153751981808332e-02,-0.000000000000000000e+00,-0.000000000000000000e+00,-3.653432806140632927e-02
-0.000000000000000000e+00,-0.000000000000000000e+00,2.293216041320093268e+00,-0.000000000000000000e+00,-2.560306923701838322e-02,0.000000000000000000e+00,-0.000000000000000000e+00,7.868100935960149478e-01,-0.000000000000000000e+00,-1.045381692718367339e-01,-0.000000000000000000e+00,0.000000000000000000e+00,-0.000000000000000000e+00,-1.477398776502532318e-01,0.000000000000000000e+00,-0.000000000000000000e+00,0.000000000000000000e+00,-3.650714779017825151e-01,-0.000000000000000000e+00,-4.320738389694352144e-02,-3.555088114395579257e-01,-0.000000000000000000e+00,-0.000000000000000000e+00,0.000000000000000000e+00,-0.000000000000000000e+00,-1.443253293106182555e-01,-0.000000000000000000e+00,-1.213560382859553283e-01,-6.522930399873699825e-03,-1.722127141223851465e-01,-0.000000000000000000e+00,0.000000000000000000e+00,-2.243378360912472169e-01,-0.000000000000000000e+00,-0.000000000000000000e+00,-0.000000000000000000e+00,-0.000000000000000000e+00,-0.000000000000000000e+00,-0.000000000000000000e+00
0.000000000000000000e+00,2.489906493075030869e-01,-0.000000000000000000e+00,1.664160381874228323e+00,0.000000000000000000e+00,7.520533247571663249e-02,-2.573391560090751429e-01,0.000000000000000000e+00,0.000000000000000000e+00,0.000000000000000000e+00,4.336766736324784710e-02,0.000000000000000000e+00,-0.000000000000000000e+00,-0.000000000000000000e+00,-0.000000000000000000e+00,-0.000000000000000000e+00,4.009695839733372624e-01,-1.278122412641507222e-01,0.000000000000000000e+00,-5.772894895457011954e-02,-5.250774673977375712e-02,-0.000000000000000000e+00,1.485948557054796171e-02,6.709147926772054960e-02,0.000000000000000000e+00,-2.762389982952197925e-02,-0.000000000000000000e+00,-5.108922970134769370e-01,-0.000000000000000000e+00,0.000000000000000000e+00,-0.000000000000000000e+00,0.000000000000000000e+00,-0.000000000000000000e+00,-0.000000000000000000e+00,-0.000000000000000000e+00,-0.000000000000000000e+00,-0.000000000000000000e+00,0.000000000000000000e+00,1.481666076252899367e-01
-0.000000000000000000e+00,-1.047806108590155355e-01,-2.560306923701838322e-02,0.000000000000000000e+00,1.565842922548426497e+00,0.000000000000000000e+00,0.000000000000000000e+00,2.648183294811981559e-01,-0.000000000000000000e+00,-2.781677739890492038e-02,0.000000000000000000e+00,-0.000000000000000000e+00,0.000000000000000000e+00,-2.254664186171934648e-01,-0.000000000000000000e+00,-0.000000000000000000e+00,0.000000000000000000e+00,-0.000000000000000000e+00,-1.021675374683655990e-01,0.000000000000000000e+00,0.000000000000000000e+00,0.000000000000000000e+00,-0.000000000000000000e+00,-0.000000000000000000e+00,0.000000000000000000e+00,-2.476474912834915332e-01,-4.631779822238360489e-02,-0.000000000000000000e+00,-0.000000000000000000e+00,-5.116077682711932945e-02,-0.000000000000000000e+00,-1.999973821774365113e-01,0.000000000000000000e+00,-2.480007538329519479e-01,0.000000000000000000e+00,-3.011089658566733565e-02,0.000000000000000000e+00,-1.598730139371265790e-01,-0.000000000000000000e+00
-0.000000000000000000e+00,-0.000000000000000000e+00,0.000000000000000000e+00,7.520533247571663249e-02,0.000000000000000000e+00,2.067557285179628668e+00,-0.000000000000000000e+00,-0.000000000000000000e+00,8.087910103266246487e-02,-0.000000000000000000e+00,-7.623483806432922172e-02,0.000000000000000000e+00,-0.000000000000000000e+00,0.000000000000000000e+00,0.000000000000000000e+00,-0.000000000000000000e+00,-5.286118047267900355e-01,2.331641773312592703e-02,0.000000000000000000e+00,0.000000000000000000e+00,-0.000000000000000000e+00,0.000000000000000000e+00,-5.471591232234568336e-01,-6.861347613856376600e-03,-2.775299798398152551e-01,0.000000000000000000e+00,-0.000000000000000000e+00,0.000000000000000000e+00,0.000000000000000000e+00,0.000000000000000000e+00,0.000000000000000000e+00,-0.000000000000000000e+00,-0.000000000000000000e+00,3.247111129173499977e-01,-0.000000000000000000e+00,0.000000000000000000e+00,-3.215697559222582824e-01,3.347862474671931682e-02,0.000000000000000000e+00
-0.000000000000000000e+00,-0.000000000000000000e+00,-0.000000000000000000e+00,-2.573391560090751429e-01,0.000000000000000000e+00,-0.000000000000000000e+00,2.315788486970688620e+00,0.000000000000000000e+00,7.408142174645891698e-02,-0.000000000000000000e+00,-1.544477888160137868e-01,1.787850711984378116e-01,-0.000000000000000000e+00,-6.914947769540480405e-02,-0.000000000000000000e+00,0.000000000000000000e+00,0.000000000000000000e+00,-0.000000000000000000e+00,8.526696291039684295e-02,-1.990295430246309394e-01,-0.000000000000000000e+00,-6.682985463997301867e-01,0.000000000000000000e+00,0.000000000000000000e+00,-0.000000000000000000e+00,-0.000000000000000000e+00,-4.266879667190322939e-02,-0.000000000000000000e+00,-9.430553113698042500e-02,0.000000000000000000e+00,-0.000000000000000000e+00,1.185890413681836425e-01,-0.000000000000000000e+00,0.000000000000000000e+00,-3.882905213727059768e-01,-0.000000000000000000e+00,-0.000000000000000000e+00,1.984538013563616754e-01,1.930857478331126087e-01
0.000000000000000000e+00,0.000000000000000000e+00,7.868100935960149478e-01,0.000000000000000000e+00,2.648183294811981559e-01,-0.000000000000000000e+00,0.000000000000000000e+00,2.224568419748961023e+00,0.000000000000000000e+00,0.000000000000000000e+00,0.000000000000000000e+00,-0.000000000000000000e+00,-0.000000000000000000e+00,5.378458785653508212e-01,0.000000000000000000e+00,0.000000000000000000e+00,-9.985381751641866921e-02,1.248937890772131715e-01,-0.000000000000000000e+00,0.000000000000000000e+00,0.000000000000000000e+00,0.000000000000000000e+00,0.000000000000000000e+00,0.000000000000000000e+00,-0.000000000000000000e+00,9.370226263086456342e-02,0.000000000000000000e+00,0.000000000000000000e+00,0.000000000000000000e+00,3.182428057196954874e-01,0.000000000000000000e+00,-0.000000000000000000e+00,0.000000000000000000e+00,0.000000000000000000e+00,0.000000000000000000e+00,1.331723126392960477e-01,-0.000000000000000000e+00,0.000000000000000000e+00,-0.000000000000000000e+00
-0.000000000000000000e+00,-0.000000000000000000e+00,-0.000000000000000000e+00,0.000000000000000000e+00,-0.000000000000000000e+00,8.087910103266246487e-02,7.408142174645891698e-02,0.000000000000000000e+00,2.360314864475827612e+00,0.000000000000000000e+00,0.000000000000000000e+00,-5.311147848281207173e-02,2.002905941549371627e-01,-0.000000000000000000e+00,-3.268102161861558552e-01,0.000000000000000000e+00,0.000000000000000000e+00,-0.000000000000000000e+00,-0.000000000000000000e+00,0.000000000000000000e+00,0.000000000000000000e+00,0.000000000000000000e+00,0.000000000000000000e+00,-0.000000000000000000e+00,0.000000000000000000e+00,-0.000000000000000000e+00,0.000000000000000000e+00,-0.000000000000000000e+00,-0.000000000000000000e+00,-9.118872988464242491e-02,0.000000000000000000e+00,-0.000000000000000000e+00,0.000000000000000000e+00,-1.010489797622142527e+00,0.000000000000000000e+00,-0.000000000000000000e+00,0.000000000000000000e+00,-4.983753546245593413e-01,-1.767352365404304126e-01
-1.284590603177278301e-01,-0.000000000000000000e+00,-1.045381692718367339e-01,0.000000000000000000e+00,-2.781677739890492038e-02,-0.000000000000000000e+00,-0.000000000000000000e+00,0.000000000000000000e+00,0.000000000000000000e+00,2.269914027227934561e+00,-0.000000000000000000e+00,0.000000000000000000e+00,-0.000000000000000000e+00,-0.000000000000000000e+00,0.000000000000000000e+00,-8.405074766167123235e-01,-0.000000000000000000e+00,-0.000000000000000000e+00,-0.000000000000000000e+00,0.000000000000000000e+00,-0.000000000000000000e+00,-0.000000000000000000e+00,-7.502060514559495685e-02,-0.000000000000000000e+00,-4.846286682783182420e-01,-0.000000000000000000e+00,-4.444843388881879881e-02,-0.000000000000000000e+00,-0.000000000000000000e+00,-2.024352113916944376e-02,-6.186734892598481084e-01,-0.000000000000000000e+00,-0.000000000000000000e+00,-0.000000000000000000e+00,-0.000000000000000000e+00,-0.000000000000000000e+00,-0.000000000000000000e+00,-0.000000000000000000e+00,-2.873449287303700417e-01
-0.000000000000000000e+00,-0.000000000000000000e+00,-0.000000000000000000e+00,4.336766736324784710e-02,0.000000000000000000e+00,-7.623483806432922172e-02,-1.544477888160137868e-01,0.000000000000000000e+00,0.000000000000000000e+00,-0.000000000000000000e+00,2.086102935788057611e+00,3.066088290014429285e-01,-0.000000000000000000e+00,-0.000000000000000000e+00,0.000000000000000000e+00,0.000000000000000000e+00,-0.000000000000000000e+00,0.000000000000000000e+00,5.740870212882213247e-02,-0.000000000000000000e+00,-0.000000000000000000e+00,-0.000000000000000000e+00,-0.000000000000000000e+00,-0.000000000000000000e+00,-2.177654409493531285e-01,0.000000000000000000e+00,-0.000000000000000000e+00,-0.000000000000000000e+00,-4.207520997945493058e-01,0.000000000000000000e+00,-0.000000000000000000e+00,1.825802658393326783e-01,-2.995377006774235240e-01,0.000000000000000000e+00,-2.386781375511025372e-01,0.000000000000000000e+00,-1.502370606136103903e-01,0.000000000000000000e+00,0.000000000000000000e+00
1.277774028321446327e-02,0.000000000000000000e+00,0.000000000000000000e+00,0.000000000000000000e+00,-0.000000000000000000e+00,0.000000000000000000e+00,1.787850711984378116e-01,-0.000000000000000000e+00,-5.311147848281207173e-02,0.000000000000000000e+00,3.066088290014429285e-01,2.171388901596668308e+00,-0.000000000000000000e+00,0.000000000000000000e+00,-3.540588194544135731e-02,0.000000000000000000e+00,0.000000000000000000e+00,-0.000000000000000000e+00,-7.865860691304135122e-01,0.000000000000000000e+00,0.000000000000000000e+00,0.000000000000000000e+00,0.000000000000000000e+00,0.000000000000000000e+00,0.000000000000000000e+00,0.000000000000000000e+00,-0.000000000000000000e+00,0.000000000000000000e+00,1.760217502837070069e-01,0.000000000000000000e+00,-0.000000000000000000e+00,-2.004311797688855812e-01,0.000000000000000000e+00,-3.554655593240866884e-01,3.314047106103251011e-02,0.000000000000000000e+00,1.233742408121412809e-01,-0.000000000000000000e+00,-1.556458762821621988e-01
0.000000000000000000e+00,8.910934907437495500e-02,-0.000000000000000000e+00,-0.000000000000000000e+00,0.000000000000000000e+00,-0.000000000000000000e+00,-0.000000000000000000e+00,-0.000000000000000000e+00,2.002905941549371627e-01,-0.000000000000000000e+00,-0.000000000000000000e+00,-0.000000000000000000e+00,1.805801751951505052e+00,0.000000000000000000e+00,0.000000000000000000e+00,-0.000000000000000000e+00,-3.668786286244484218e-01,-0.000000000000000000e+00,-0.000000000000000000e+00,0.000000000000000000e+00,-1.422779966736733293e-01,-9.839257172130511098e-02,-0.000000000000000000e+00,0.000000000000000000e+00,-2.928529394030983113e-01,0.000000000000000000e+00,-0.000000000000000000e+00,-0.000000000000000000e+00,0.000000000000000000e+00,0.000000000000000000e+00,-9.518854449981623000e-02,0.000000000000000000e+00,-4.226729187850310487e-01,0.000000000000000000e+00,-0.000000000000000000e+00,3.935907038356323273e-01,-0.000000000000000000e+00,0.000000000000000000e+00,0.000000000000000000e+00
-0.000000000000000000e+00,-1.660573946786726429e-01,-1.477398776502532318e-01,-0.000000000000000000e+00,-2.254664186171934648e-01,0.000000000000000000e+00,-6.914947769540480405e-02,5.378458785653508212e-01,-0.000000000000000000e+00,-0.000000000000000000e+00,-0.000000000000000000e+00,0.000000000000000000e+00,0.000000000000000000e+00,2.186667090618723552e+00,-0.000000000000000000e+00,-0.000000000000000000e+00,2.008395897047228762e-01,-0.000000000000000000e+00,0.000000000000000000e+00,-0.000000000000000000e+00,-0.000000000000000000e+00,-0.000000000000000000e+00,-0.000000000000000000e+00,-0.000000000000000000e+00,0.000000000000000000e+00,-2.915976843542923969e-01,-0.000000000000000000e+00,-0.000000000000000000e+00,-7.677190222961821631e-01,-1.627611778541064869e-01,-0.000000000000000000e+00,0.000000000000000000e+00,-0.000000000000000000e+00,-0.000000000000000000e+00,-0.000000000000000000e+00,-0.000000000000000000e+00,-0.000000000000000000e+00,-0.000000000000000000e+00,-0.000000000000000000e+00
2.705096707560157854e-01,0.000000000000000000e+00,0.000000000000000000e+00,-0.000000000000000000e+00,-0.000000000000000000e+00,0.000000000000000000e+00,-0.000000000000000000e+00,0.000000000000000000e+00,-3.268102161861558552e-01,0.000000000000000000e+00,0.000000000000000000e+00,-3.540588194544135731e-02,0.000000000000000000e+00,-0.000000000000000000e+00,1.684670846630444307e+00,5.113578898957560001e-03,1.011871275382156959e-01,-4.811797742851501858e-01,-2.852487323308217637e-01,-8.337095514911677108e-02,0.000000000000000000e+00,-0.000000000000000000e+00,0.000000000000000000e+00,-0.000000000000000000e+00,9.270469458580582467e-02,-0.000000000000000000e+00,0.000000000000000000e+00,-2.367668869471715662e-02,-0.000000000000000000e+00,0.000000000000000000e+00,0.000000000000000000e+00,0.000000000000000000e+00,0.000000000000000000e+00,-1.846967816182435163e-01,0.000000000000000000e+00,0.000000000000000000e+00,0.000000000000000000e+00,-0.000000000000000000e+00,0.000000000000000000e+00
-1.330192057979359410e-01,-0.000000000000000000e+00,-0.000000000000000000e+00,-0.000000000000000000e+00,-0.000000000000000000e+00,-0.000000000000000000e+00,0.000000000000000000e+00,0.000000000000000000e+00,0.000000000000000000e+00,-8.405074766167123235e-01,0.000000000000000000e+00,0.000000000000000000e+00,-0.000000000000000000e+00,-0.000000000000000000e+00,5.113578898957560001e-03,1.957198286603088588e+00,-0.000000000000000000e+00,-0.000000000000000000e+00,-0.000000000000000000e+00,1.280570334714414282e-01,-0.000000000000000000e+00,-0.000000000000000000e+00,-3.928195721016951025e-01,-0.000000000000000000e+00,-0.000000000000000000e+00,-5.334565117205278262e-02,-0.000000000000000000e+00,-0.000000000000000000e+00,-0.000000000000000000e+00,-4.175953686748417604e-01,-1.322013368323804276e-02,-0.000000000000000000e+00,-0.000000000000000000e+00,-0.000000000000000000e+00,0.000000000000000000e+00,-2.587001654114087085e-02,0.000000000000000000e+00,-1.109542253696137737e-01,-0.000000000000000000e+00
-0.000000000000000000e+00,0.000000000000000000e+00,0.000000000000000000e+00,4.009695839733372624e-01,0.000000000000000000e+00,-5.286118047267900355e-01,0.000000000000000000e+00,-9.985381751641866921e-02,0.000000000000000000e+00,-0.000000000000000000e+00,-0.000000000000000000e+00,0.000000000000000000e+00,-3.668786286244484218e-01,2.008395897047228762e-01,1.011871275382156959e-01,-0.000000000000000000e+00,1.767321935329727145e+00,5.135360198457688402e-02,0.000000000000000000e+00,8.410886083324706219e-02,-0.000000000000000000e+00,-0.000000000000000000e+00,-0.000000000000000000e+00,0.000000000000000000e+00,-2.656185746739762599e-01,0.000000000000000000e+00,-0.000000000000000000e+00,0.000000000000000000e+00,0.000000000000000000e+00,0.000000000000000000e+00,0.000000000000000000e+00,-0.000000000000000000e+00,-0.000000000000000000e+00,4.744823684504283212e-02,0.000000000000000000e+00,0.000000000000000000e+00,-0.000000000000000000e+00,0.000000000000000000e+00,0.000000000000000000e+00
0.000000000000000000e+00,0.000000000000000000e+00,-3.650714779017825151e-01,-1.278122412641507222e-01,-0.000000000000000000e+00,2.331641773312592703e-02,-0.000000000000000000e+00,1.248937890772131715e-01,-0.000000000000000000e+00,-0.000000000000000000e+00,0.000000000000000000e+00,-0.000000000000000000e+00,-0.000000000000000000e+00,-0.000000000000000000e+00,-4.811797742851501858e-01,-0.000000000000000000e+00,5.135360198457688402e-02,2.317369976374529905e+00,-3.032767188215862997e-01,-2.060873953725873148e-02,-0.000000000000000000e+00,-0.000000000000000000e+00,-0.000000000000000000e+00,0.000000000000000000e+00,0.000000000000000000e+00,-3.132000990981148592e-01,-0.000000000000000000e+00,-7.575469229614290034e-01,-0.000000000000000000e+00,-0.000000000000000000e+00,-0.000000000000000000e+00,0.000000000000000000e+00,-0.000000000000000000e+00,-2.041540012272120286e-01,-0.000000000000000000e+00,0.000000000000000000e+00,0.000000000000000000e+00,-0.000000000000000000e+00,0.000000000000000000e+00
8.937741710775023996e-02,2.640914699669166203e-03,-0.000000000000000000e+00,0.000000000000000000e+00,-1.021675374683655990e-01,0.000000000000000000e+00,8.526696291039684295e-02,-0.000000000000000000e+00,-0.000000000000000000e+00,-0.000000000000000000e+00,5.740870212882213247e-02,-7.865860691304135122e-01,-0.000000000000000000e+00,0.000000000000000000e+00,-2.852487323308217637e-01,-0.000000000000000000e+00,0.000000000000000000e+00,-3.032767188215862997e-01,1.750864455920150053e+00,0.000000000000000000e+00,0.000000000000000000e+00,0.000000000000000000e+00,-0.000000000000000000e+00,0.000000000000000000e+00,0.000000000000000000e+00,-0.000000000000000000e+00,0.000000000000000000e+00,-0.000000000000000000e+00,6.145881418028924931e-02,0.000000000000000000e+00,-0.000000000000000000e+00,-0.000000000000000000e+00,0.000000000000000000e+00,-2.478854035257788396e-03,0.000000000000000000e+00,1.045006651210938532e-02,1.034457160022420920e-02,-0.000000000000000000e+00,-0.000000000000000000e+00
0.000000000000000000e+00,0.000000000000000000e+00,-4.320738389694352144e-02,-5.772894895457011954e-02,0.000000000000000000e+00,0.000000000000000000e+00,-1.990295430246309394e-01,0.000000000000000000e+00,0.000000000000000000e+00,0.000000000000000000e+00,-0.000000000000000000e+00,0.000000000000000000e+00,0.000000000000000000e+00,-0.000000000000000000e+00,-8.337095514911677108e-02,1.280570334714414282e-01,8.410886083324706219e-02,-2.060873953725873148e-02,0.000000000000000000e+00,1.964687786003745495e+00,-2.944103571098491065e-02,-2.043802786474750999e-01,0.000000000000000000e+00,0.000000000000000000e+00,0.000000000000000000e+00,-0.000000000000000000e+00,-0.000000000000000000e+00,-2.629655689499961202e-01,-3.172656356897370356e-01,0.000000000000000000e+00,-0.000000000000000000e+00,6.600935619740450067e-01,-0.000000000000000000e+00,-0.000000000000000000e+00,-0.000000000000000000e+00,0.000000000000000000e+00,-0.000000000000000000e+00,0.000000000000000000e+00,0.000000000000000000e+00
0.000000000000000000e+00,1.113435585343786755e-03,-3.555088114395579257e-01,-5.250774673977375712e-02,0.000000000000000000e+00,-0.000000000000000000e+00,-0.000000000000000000e+00,0.000000000000000000e+00,0.000000000000000000e+00,-0.000000000000000000e+00,-0.000000000000000000e+00,0.000000000000000000e+00,-1.422779966736733293e-01,-0.000000000000000000e+00,0.000000000000000000e+00,-0.000000000000000000e+00,-0.000000000000000000e+00,-0.000000000000000000e+00,0.000000000000000000e+00,-2.944103571098491065e-02,2.713318504499758976e+00,-6.808426819546157249e-01,-0.000000000000000000e+00,0.000000000000000000e+00,-0.000000000000000000e+00,-0.000000000000000000e+00,-0.000000000000000000e+00,-6.733930740451269381e-01,-0.000000000000000000e+00,-0.000000000000000000e+00,-0.000000000000000000e+00,1.478262113815437262e-01,-6.965242698850205860e-01,0.000000000000000000e+00,-0.000000000000000000e+00,0.000000000000000000e+00,-0.000000000000000000e+00,0.000000000000000000e+00,5.189533130106726427e-02
0.000000000000000000e+00,0.000000000000000000e+00,-0.000000000000000000e+00,-0.000000000000000000e+00,0.000000000000000000e+00,0.000000000000000000e+00,-6.682985463997301867e-01,0.000000000000000000e+00,0.000000000000000000e+00,-0.000000000000000000e+00,-0.000000000000000000e+00,0.000000000000000000e+00,-9.839257172130511098e-02,-0.000000000000000000e+00,-0.000000000000000000e+00,-0.000000000000000000e+00,-0.000000000000000000e+00,-0.000000000000000000e+00,0.000000000000000000e+00,-2.043802786474750999e-01,-6.808426819546157249e-01,2.627704640696612692e+00,0.000000000000000000e+00,0.000000000000000000e+00,-0.000000000000000000e+00,-0.000000000000000000e+00,-0.000000000000000000e+00,-3.730089519564693812e-01,-0.000000000000000000e+00,0.000000000000000000e+00,-5.032600524325039903e-02,1.687703408585559117e-01,-4.365474885980171749e-01,0.000000000000000000e+00,-0.000000000000000000e+00,0.000000000000000000e+00,-0.000000000000000000e+00,0.000000000000000000e+00,0.000000000000000000e+00
-0.000000000000000000e+00,-0.000000000000000000e+00,-0.000000000000000000e+00,1.485948557054796171e-02,-0.000000000000000000e+00,-5.471591232234568336e-01,0.000000000000000000e+00,0.000000000000000000e+00,0.000000000000000000e+00,-7.502060514559495685e-02,-0.000000000000000000e+00,0.000000000000000000e+00,-0.000000000000000000e+00,-0.000000000000000000e+00,0.000000000000000000e+00,-3.928195721016951025e-01,-0.000000000000000000e+00,-0.000000000000000000e+00,-0.000000000000000000e+00,0.000000000000000000e+00,-0.000000000000000000e+00,0.000000000000000000e+00,2.050562879834920693e+00,-4.563448385712879363e-01,-6.100771660428142562e-01,-0.000000000000000000e+00,-0.000000000000000000e+00,-0.000000000000000000e+00,-0.000000000000000000e+00,-0.000000000000000000e+00,-0.000000000000000000e+00,-0.000000000000000000e+00,-4.862920083108871611e-02,0.000000000000000000e+00,-0.000000000000000000e+00,0.000000000000000000e+00,-0.000000000000000000e+00,-0.000000000000000000e+00,-0.000000000000000000e+00
0.000000000000000000e+00,-1.546708284794660881e-01,0.000000000000000000e+00,6.709147926772054960e-02,-0.000000000000000000e+00,-6.861347613856376600e-03,0.000000000000000000e+00,0.000000000000000000e+00,-0.000000000000000000e+00,-0.000000000000000000e+00,-0.000000000000000000e+00,0.000000000000000000e+00,0.000000000000000000e+00,-0.000000000000000000e+00,-0.000000000000000000e+00,-0.000000000000000000e+00,0.000000000000000000e+00,0.000000000000000000e+00,0.000000000000000000e+00,0.000000000000000000e+00,0.000000000000000000e+00,0.000000000000000000e+00,-4.563448385712879363e-01,1.249559928464430980e+00,-0.000000000000000000e+00,0.000000000000000000e+00,0.000000000000000000e+00,0.000000000000000000e+00,-3.426500091585094748e-02,-2.873911252802640193e-03,-0.000000000000000000e+00,0.000000000000000000e+00,-0.000000000000000000e+00,-0.000000000000000000e+00,-0.000000000000000000e+00,0.000000000000000000e+00,-8.528165428595319009e-02,-0.000000000000000000e+00,-0.000000000000000000e+00
-0.000000000000000000e+00,-0.000000000000000000e+00,-0.000000000000000000e+00,0.000000000000000000e+00,0.000000000000000000e+00,-2.775299798398152551e-01,-0.000000000000000000e+00,-0.000000000000000000e+00,0.000000000000000000e+00,-4.846286682783182420e-01,-2.177654409493531285e-01,0.000000000000000000e+00,-2.928529394030983113e-01,0.000000000000000000e+00,9.270469458580582467e-02,-0.000000000000000000e+00,-2.656185746739762599e-01,0.000000000000000000e+00,0.000000000000000000e+00,0.000000000000000000e+00,-0.000000000000000000e+00,-0.000000000000000000e+00,-6.100771660428142562e-01,-0.000000000000000000e+00,2.409107317365696499e+00,0.000000000000000000e+00,-0.000000000000000000e+00,0.000000000000000000e+00,-0.000000000000000000e+00,0.000000000000000000e+00,-1.018021951616938092e-01,0.000000000000000000e+00,-1.974617744659917795e-01,0.000000000000000000e+00,-1.022857411903696501e-01,0.000000000000000000e+00,-2.689470185172300742e-01,0.000000000000000000e+00,-0.000000000000000000e+00
-0.000000000000000000e+00,-0.000000000000000000e+00,-1.443253293106182555e-01,-2.762389982952197925e-02,-2.476474912834915332e-01,0.000000000000000000e+00,-0.000000000000000000e+00,9.370226263086456342e-02,-0.000000000000000000e+00,-0.000000000000000000e+00,0.000000000000000000e+00,0.000000000000000000e+00,0.000000000000000000e+00,-2.915976843542923969e-01,-0.000000000000000000e+00,-5.334565117205278262e-02,0.000000000000000000e+00,-3.132000990981148592e-01,-0.000000000000000000e+00,-0.000000000000000000e+00,-0.000000000000000000e+00,-0.000000000000000000e+00,-0.000000000000000000e+00,0.000000000000000000e+00,0.000000000000000000e+00,2.014184142413498080e+00,-4.700523185676309668e-01,-4.860294380059425046e-01,-0.000000000000000000e+00,-0.000000000000000000e+00,-0.000000000000000000e+00,-0.000000000000000000e+00,-0.000000000000000000e+00,-0.000000000000000000e+00,-0.000000000000000000e+00,-0.000000000000000000e+00,-0.000000000000000000e+00,-0.000000000000000000e+00,0.000000000000000000e+00
-1.598017700102306177e-02,-1.181560580376850300e-02,-0.000000000000000000e+00,-0.000000000000000000e+00,-4.631779822238360489e-02,-0.000000000000000000e+00,-4.266879667190322939e-02,0.000000000000000000e+00,0.000000000000000000e+00,-4.444843388881879881e-02,-0.000000000000000000e+00,-0.000000000000000000e+00,-0.000000000000000000e+00,-0.000000000000000000e+00,0.000000000000000000e+00,-0.000000000000000000e+00,-0.000000000000000000e+00,-0.000000000000000000e+00,0.000000000000000000e+00,-0.000000000000000000e+00,-0.000000000000000000e+00,-0.000000000000000000e+00,-0.000000000000000000e+00,0.000000000000000000e+00,-0.000000000000000000e+00,-4.700523185676309668e-01,1.541061559389148128e+00,-0.000000000000000000e+00,-0.000000000000000000e+00,0.000000000000000000e+00,-5.789593063908662351e-01,-0.000000000000000000e+00,-0.000000000000000000e+00,-0.000000000000000000e+00,-4.571091369668690840e-02,-0.000000000000000000e+00,-0.000000000000000000e+00,0.000000000000000000e+00,-0.000000000000000000e+00
2.120413029266785421e-03,0.000000000000000000e+00,-1.213560382859553283e-01,-5.108922970134769370e-01,-0.000000000000000000e+00,0.000000000000000000e+00,-0.000000000000000000e+00,0.000000000000000000e+00,-0.000000000000000000e+00,-0.000000000000000000e+00,-0.000000000000000000e+00,0.000000000000000000e+00,-0.000000000000000000e+00,-0.000000000000000000e+00,-2.367668869471715662e-02,-0.000000000000000000e+00,0.000000000000000000e+00,-7.575469229614290034e-01,-0.000000000000000000e+00,-2.629655689499961202e-01,-6.733930740451269381e-01,-3.730089519564693812e-01,-0.000000000000000000e+00,0.000000000000000000e+00,0.000000000000000000e+00,-4.860294380059425046e-01,-0.000000000000000000e+00,2.995372922438132690e+00,-1.833380660719452493e-01,-0.000000000000000000e+00,-0.000000000000000000e+00,2.914157375460824789e-02,-9.789347930866579284e-02,-0.000000000000000000e+00,-0.000000000000000000e+00,0.000000000000000000e+00,-0.000000000000000000e+00,-0.000000000000000000e+00,0.000000000000000000e+00
-0.000000000000000000e+00,-1.595440657441782317e-02,-6.522930399873699825e-03,-0.000000000000000000e+00,-0.000000000000000000e+00,0.000000000000000000e+00,-9.430553113698042500e-02,0.000000000000000000e+00,-0.000000000000000000e+00,-0.000000000000000000e+00,-4.207520997945493058e-01,1.760217502837070069e-01,0.000000000000000000e+00,-7.677190222961821631e-01,-0.000000000000000000e+00,-0.000000000000000000e+00,0.000000000000000000e+00,-0.000000000000000000e+00,6.145881418028924931e-02,-3.172656356897370356e-01,-0.000000000000000000e+00,-0.000000000000000000e+00,-0.000000000000000000e+00,-3.426500091585094748e-02,-0.000000000000000000e+00,-0.000000000000000000e+00,-0.000000000000000000e+00,-1.833380660719452493e-01,2.327555073829985943e+00,-0.000000000000000000e+00,-0.000000000000000000e+00,3.838949618922617851e-02,-0.000000000000000000e+00,-0.000000000000000000e+00,-2.404416225257953177e-01,-0.000000000000000000e+00,-2.699472273763872665e-01,-0.000000000000000000e+00,-0.000000000000000000e+00
-0.000000000000000000e+00,-2.051816368079668051e-01,-1.722127141223851465e-01,0.000000000000000000e+00,-5.116077682711932945e-02,0.000000000000000000e+00,0.000000000000000000e+00,3.182428057196954874e-01,-9.118872988464242491e-02,-2.024352113916944376e-02,0.000000000000000000e+00,0.000000000000000000e+00,0.000000000000000000e+00,-1.627611778541064869e-01,0.000000000000000000e+00,-4.175953686748417604e-01,0.000000000000000000e+00,-0.000000000000000000e+00,0.000000000000000000e+00,0.000000000000000000e+00,-0.000000000000000000e+00,0.000000000000000000e+00,-0.000000000000000000e+00,-2.873911252802640193e-03,0.000000000000000000e+00,-0.000000000000000000e+00,0.000000000000000000e+00,-0.000000000000000000e+00,-0.000000000000000000e+00,2.010189984173014199e+00,-0.000000000000000000e+00,-0.000000000000000000e+00,-0.000000000000000000e+00,-2.509401229094646718e-02,0.000000000000000000e+00,-2.928977255658675172e-01,0.000000000000000000e+00,-5.273933372763790484e-01,-8.534668286492773370e-02
-0.000000000000000000e+00,-0.000000000000000000e+00,-0.000000000000000000e+00,-0.000000000000000000e+00,-0.000000000000000000e+00,0.000000000000000000e+00,-0.000000000000000000e+00,0.000000000000000000e+00,0.000000000000000000e+00,-6.186734892598481084e-01,-0.000000000000000000e+00,-0.000000000000000000e+00,-9.518854449981623000e-02,-0.000000000000000000e+00,0.000000000000000000e+00,-1.322013368323804276e-02,0.000000000000000000e+00,-0.000000000000000000e+00,-0.000000000000000000e+00,-0.000000000000000000e+00,-0.000000000000000000e+00,-5.032600524325039903e-02,-0.000000000000000000e+00,-0.000000000000000000e+00,-1.018021951616938092e-01,-0.000000000000000000e+00,-5.789593063908662351e-01,-0.000000000000000000e+00,-0.000000000000000000e+00,-0.000000000000000000e+00,1.750540091458490544e+00,-0.000000000000000000e+00,-1.344187364196599288e-01,-0.000000000000000000e+00,-0.000000000000000000e+00,-0.000000000000000000e+00,-0.000000000000000000e+00,-0.000000000000000000e+00,-8.920052683709991936e-02
-1.267863572988562337e-01,-0.000000000000000000e+00,0.000000000000000000e+00,0.000000000000000000e+00,-1.999973821774365113e-01,-0.000000000000000000e+00,1.185890413681836425e-01,-0.000000000000000000e+00,-0.000000000000000000e+00,-0.000000000000000000e+00,1.825802658393326783e-01,-2.004311797688855812e-01,0.000000000000000000e+00,0.000000000000000000e+00,0.000000000000000000e+00,-0.000000000000000000e+00,-0.000000000000000000e+00,0.000000000000000000e+00,-0.000000000000000000e+00,6.600935619740450067e-01,1.478262113815437262e-01,1.687703408585559117e-01,-0.000000000000000000e+00,0.000000000000000000e+00,0.000000000000000000e+00,-0.000000000000000000e+00,-0.000000000000000000e+00,2.914157375460824789e-02,3.838949618922617851e-02,-0.000000000000000000e+00,-0.000000000000000000e+00,2.232106317829065656e+00,2.285988399252520883e-03,-0.000000000000000000e+00,3.978010671859537051e-01,-0.000000000000000000e+00,1.025385865432846128e-01,-0.000000000000000000e+00,-1.975188554596551682e-01
0.000000000000000000e+00,0.000000000000000000e+00,-2.243378360912472169e-01,-0.000000000000000000e+00,0.000000000000000000e+00,-0.000000000000000000e+00,-0.000000000000000000e+00,0.000000000000000000e+00,0.000000000000000000e+00,-0.000000000000000000e+00,-2.995377006774235240e-01,0.000000000000000000e+00,-4.226729187850310487e-01,-0.000000000000000000e+00,0.000000000000000000e+00,-0.000000000000000000e+00,-0.000000000000000000e+00,-0.000000000000000000e+00,0.000000000000000000e+00,-0.000000000000000000e+00,-6.965242698850205860e-01,-4.365474885980171749e-01,-4.862920083108871611e-02,-0.000000000000000000e+00,-1.974617744659917795e-01,-0.000000000000000000e+00,-0.000000000000000000e+00,-9.789347930866579284e-02,-0.000000000000000000e+00,-0.000000000000000000e+00,-1.344187364196599288e-01,2.285988399252520883e-03,2.830712729415963302e+00,0.000000000000000000e+00,-5.314011387456609725e-01,0.000000000000000000e+00,-1.242086519733232586e-01,0.000000000000000000e+00,0.000000000000000000e+00
0.000000000000000000e+00,0.000000000000000000e+00,-0.000000000000000000e+00,-0.000000000000000000e+00,-2.480007538329519479e-01,3.247111129173499977e-01,0.000000000000000000e+00,0.000000000000000000e+00,-1.010489797622142527e+00,-0.000000000000000000e+00,0.000000000000000000e+00,-3.554655593240866884e-01,0.000000000000000000e+00,-0.000000000000000000e+00,-1.846967816182435163e-01,-0.000000000000000000e+00,4.744823684504283212e-02,-2.041540012272120286e-01,-2.478854035257788396e-03,-0.000000000000000000e+00,0.000000000000000000e+00,0.000000000000000000e+00,0.000000000000000000e+00,-0.000000000000000000e+00,0.000000000000000000e+00,-0.000000000000000000e+00,-0.000000000000000000e+00,-0.000000000000000000e+00,-0.000000000000000000e+00,-2.509401229094646718e-02,-0.000000000000000000e+00,-0.000000000000000000e+00,0.000000000000000000e+00,2.341414178481360242e+00,0.000000000000000000e+00,-0.000000000000000000e+00,0.000000000000000000e+00,-1.411382726275890731e-01,-4.687445171763194446e-02
0.000000000000000000e+00,-0.000000000000000000e+00,-0.000000000000000000e+00,-0.000000000000000000e+00,0.000000000000000000e+00,-0.000000000000000000e+00,-3.882905213727059768e-01,0.000000000000000000e+00,0.000000000000000000e+00,-0.000000000000000000e+00,-2.386781375511025372e-01,3.314047106103251011e-02,-0.000000000000000000e+00,-0.000000000000000000e+00,0.000000000000000000e+00,0.000000000000000000e+00,0.000000000000000000e+00,-0.000000000000000000e+00,0.000000000000000000e+00,-0.000000000000000000e+00,-0.000000000000000000e+00,-0.000000000000000000e+00,-0.000000000000000000e+00,-0.000000000000000000e+00,-1.022857411903696501e-01,-0.000000000000000000e+00,-4.571091369668690840e-02,-0.000000000000000000e+00,-2.404416225257953177e-01,0.000000000000000000e+00,-0.000000000000000000e+00,3.978010671859537051e-01,-5.314011387456609725e-01,0.000000000000000000e+00,2.847278892298499287e+00,0.000000000000000000e+00,-9.954459092902907535e-01,0.000000000000000000e+00,0.000000000000000000e+00
-4.122579886493573098e-01,-7.307153751981808332e-02,-0.000000000000000000e+00,-0.000000000000000000e+00,-3.011089658566733565e-02,0.000000000000000000e+00,-0.000000000000000000e+00,1.331723126392960477e-01,-0.000000000000000000e+00,-0.000000000000000000e+00,0.000000000000000000e+00,0.000000000000000000e+00,3.935907038356323273e-01,-0.000000000000000000e+00,0.000000000000000000e+00,-2.587001654114087085e-02,0.000000000000000000e+00,0.000000000000000000e+00,1.045006651210938532e-02,0.000000000000000000e+00,0.000000000000000000e+00,0.000000000000000000e+00,0.000000000000000000e+00,0.000000000000000000e+00,0.000000000000000000e+00,-0.000000000000000000e+00,-0.000000000000000000e+00,0.000000000000000000e+00,-0.000000000000000000e+00,-2.928977255658675172e-01,-0.000000000000000000e+00,-0.000000000000000000e+00,0.000000000000000000e+00,-0.000000000000000000e+00,0.000000000000000000e+00,1.510216785837273701e+00,6.434571802760014059e-02,-0.000000000000000000e+00,-7.236440919320874521e-02
0.000000000000000000e+00,-0.000000000000000000e+00,-0.000000000000000000e+00,-0.000000000000000000e+00,0.000000000000000000e+00,-3.215697559222582824e-01,-0.000000000000000000e+00,-0.000000000000000000e+00,0.000000000000000000e+00,-0.000000000000000000e+00,-1.502370606136103903e-01,1.233742408121412809e-01,-0.000000000000000000e+00,-0.000000000000000000e+00,0.000000000000000000e+00,0.000000000000000000e+00,-0.000000000000000000e+00,0.000000000000000000e+00,1.034457160022420920e-02,-0.000000000000000000e+00,-0.000000000000000000e+00,-0.000000000000000000e+00,-0.000000000000000000e+00,-8.528165428595319009e-02,-2.689470185172300742e-01,-0.000000000000000000e+00,-0.000000000000000000e+00,-0.000000000000000000e+00,-2.699472273763872665e-01,0.000000000000000000e+00,-0.000000000000000000e+00,1.025385865432846128e-01,-1.242086519733232586e-01,0.000000000000000000e+00,-9.954459092902907535e-01,6.434571802760014059e-02,2.409228777039116309e+00,0.000000000000000000e+00,0.000000000000000000e+00
-0.000000000000000000e+00,-0.000000000000000000e+00,-0.000000000000000000e+00,0.000000000000000000e+00,-1.598730139371265790e-01,3.347862474671931682e-02,1.984538013563616754e-01,0.000000000000000000e+00,-4.983753546245593413e-01,-0.000000000000000000e+00,0.000000000000000000e+00,-0.000000000000000000e+00,0.000000000000000000e+00,-0.000000000000000000e+00,-0.000000000000000000e+00,-1.109542253696137737e-01,0.000000000000000000e+00,-0.000000000000000000e+00,-0.000000000000000000e+00,0.000000000000000000e+00,0.000000000000000000e+00,0.000000000000000000e+00,-0.000000000000000000e+00,-0.000000000000000000e+00,0.000000000000000000e+00,-0.000000000000000000e+00,0.000000000000000000e+00,-0.000000000000000000e+00,-0.000000000000000000e+00,-5.273933372763790484e-01,-0.000000000000000000e+00,-0.000000000000000000e+00,0.000000000000000000e+00,-1.411382726275890731e-01,0.000000000000000000e+00,-0.000000000000000000e+00,0.000000000000000000e+00,2.213272511695711486e+00,-7.135842570952254382e-01
-0.000000000000000000e+00,-3.653432806140632927e-02,-0.000000000000000000e+00,1.481666076252899367e-01,-0.000000000000000000e+00,0.000000000000000000e+00,1.930857478331126087e-01,-0.000000000000000000e+00,-1.767352365404304126e-01,-2.873449287303700417e-01,0.000000000000000000e+00,-1.556458762821621988e-01,0.000000000000000000e+00,-0.000000000000000000e+00,0.000000000000000000e+00,-0.000000000000000000e+00,0.000000000000000000e+00,0.000000000000000000e+00,-0.000000000000000000e+00,0.000000000000000000e+00,5.189533130106726427e-02,0.000000000000000000e+00,-0.000000000000000000e+00,-0.000000000000000000e+00,-0.000000000000000000e+00,0.000000000000000000e+00,-0.000000000000000000e+00,0.000000000000000000e+00,-0.000000000000000000e+00,-8.534668286492773370e-02,-8.920052683709991936e-02,-1.975188554596551682e-01,0.000000000000000000e+00,-4.687445171763194446e-02,0.000000000000000000e+00,-7.236440919320874521e-02,0.000000000000000000e+00,-7.135842570952254382e-01,1.916406263978405855e+00
