1.540722148046111517e+00,-1.534569668167636847e-01,-0.000000000000000000e+00,0.000000000000000000e+00,-0.000000000000000000e+00,0.000000000000000000e+00,0.000000000000000000e+00,1.331427290413279667e-02,-0.000000000000000000e+00,-0.000000000000000000e+00,-0.000000000000000000e+00,0.000000000000000000e+00,-0.000000000000000000e+00,-0.000000000000000000e+00,1.819792687381595331e-02,-0.000000000000000000e+00,-0.000000000000000000e+00,0.000000000000000000e+00,-0.000000000000000000e+00,-0.000000000000000000e+00,-0.000000000000000000e+00,0.000000000000000000e+00,-0.000000000000000000e+00,-0.000000000000000000e+00,-1.484151993473293296e-01,-3.276207508791095790e-01,0.000000000000000000e+00,-2.329877238763352620e-01,-0.000000000000000000e+00,-5.230643341688130388e-01,0.000000000000000000e+00,-0.000000000000000000e+00,-0.000000000000000000e+00,-0.000000000000000000e+00,-0.000000000000000000e+00,0.000000000000000000e+00,-0.000000000000000000e+00,-2.539310675370345938e-02,-0.000000000000000000e+00
-1.534569668167636847e-01,1.469046126066625879e+00,-0.000000000000000000e+00,0.000000000000000000e+00,-0.000000000000000000e+00,-0.000000000000000000e+00,-0.000000000000000000e+00,6.310367691402708756e-02,0.000000000000000000e+00,-1.613792051442677344e-01,-0.000000000000000000e+00,-0.000000000000000000e+00,-1.369488225253372334e-02,-0.000000000000000000e+00,-0.000000000000000000e+00,-7.816704174283384265e-02,-0.000000000000000000e+00,0.000000000000000000e+00,0.000000000000000000e+00,-0.000000000000000000e+00,-2.636009326858790303e-02,-0.000000000000000000e+00,-0.000000000000000000e+00,-0.000000000000000000e+00,-0.000000000000000000e+00,-0.000000000000000000e+00,-0.000000000000000000e+00,-2.175595124559319971e-01,-1.499754601595141013e-01,-1.410035437304792416e-01,-1.153644314837988932e-01,-2.516323343826823780e-02,-0.000000000000000000e+00,-0.000000000000000000e+00,-0.000000000000000000e+00,-0.000000000000000000e+00,-1.757451337348234499e-01,0.000000000000000000e+00,0.000000000000000000e+00
-0.000000000000000000e+00,-0.000000000000000000e+00,2.153660240345157018e+00,-0.000000000000000000e+00,-5.697624417349134163e-01,0.000000000000000000e+00,0.000000000000000000e+00,1.066335301667294289e+00,-0.000000000000000000e+00,-0.000000000000000000e+00,-0.000000000000000000e+00,0.000000000000000000e+00,-0.000000000000000000e+00,-9.022712454231264501e-02,0.000000000000000000e+00,-0.000000000000000000e+00,-0.000000000000000000e+00,0.000000000000000000e+00,-0.000000000000000000e+00,-0.000000000000000000e+00,-1.938761531583617082e-01,-0.000000000000000000e+00,-8.499448562588500511e-02,-0.000000000000000000e+00,-3.826265336397690481e-02,-1.027504467616445656e-02,-0.000000000000000000e+00,-0.000000000000000000e+00,-0.000000000000000000e+00,-0.000000000000000000e+00,-0.000000000000000000e+00,-0.000000000000000000e+00,-0.000000000000000000e+00,-1.761150140107806128e-02,-0.000000000000000000e+00,-0.000000000000000000e+00,-0.000000000000000000e+00,-0.000000000000000000e+00,-0.000000000000000000e+00
0.000000000000000000e+00,0.000000000000000000e+00,-0.000000000000000000e+00,2.004618516926819360e+00,-0.000000000000000000e+00,1.840745867848917194e-01,-0.000000000000000000e+00,-0.000000000000000000e+00,-2.776117155044047213e-01,1.412318576484971333e-01,0.000000000000000000e+00,0.000000000000000000e+00,0.000000000000000000e+00,-0.000000000000000000e+00,7.482081012594124503e-02,1.779673227875911562e-02,0.000000000000000000e+00,-3.423405113996079718e-01,-1.545135786359488374e-02,-0.000000000000000000e+00,0.000000000000000000e+00,0.000000000000000000e+00,-0.000000000000000000e+00,-0.000000000000000000e+00,-0.000000000000000000e+00,-0.000000000000000000e+00,-0.000000000000000000e+00,0.000000000000000000e+00,0.000000000000000000e+00,0.000000000000000000e+00,0.000000000000000000e+00,6.667806365508381627e-02,1.275431202896916971e-01,-0.000000000000000000e+00,2.708966474339809527e-01,1.932606957958559468e-01,6.938072425060080872e-02,-0.000000000000000000e+00,-2.056863669812288020e-01
-0.000000000000000000e+00,-0.000000000000000000e+00,-5.697624417349134163e-01,-0.000000000000000000e+00,2.076270138513920838e+00,0.000000000000000000e+00,0.000000000000000000e+00,2.990436867535562482e-01,-0.000000000000000000e+00,0.000000000000000000e+00,0.000000000000000000e+00,0.000000000000000000e+00,0.000000000000000000e+00,-1.838544151775527435e-01,0.000000000000000000e+00,-0.000000000000000000e+00,-0.000000000000000000e+00,0.000000000000000000e+00,-0.000000000000000000e+00,-0.000000000000000000e+00,-0.000000000000000000e+00,0.000000000000000000e+00,-6.725354253493268097e-02,-0.000000000000000000e+00,-7.938504613715105518e-02,-1.281813846085651243e-01,-0.000000000000000000e+00,-0.000000000000000000e+00,-0.000000000000000000e+00,-1.666743882859835213e-01,0.000000000000000000e+00,0.000000000000000000e+00,-0.000000000000000000e+00,-5.941838660959796181e-01,0.000000000000000000e+00,0.000000000000000000e+00,0.000000000000000000e+00,-2.527095302191089687e-01,-0.000000000000000000e+00
0.000000000000000000e+00,-0.000000000000000000e+00,0.000000000000000000e+00,1.840745867848917194e-01,0.000000000000000000e+00,2.460102388045934507e+00,-0.000000000000000000e+00,0.000000000000000000e+00,2.852440836126294843e-01,-6.586984557324103255e-03,-3.206613516156033850e-01,-0.000000000000000000e+00,-0.000000000000000000e+00,-0.000000000000000000e+00,-0.000000000000000000e+00,-0.000000000000000000e+00,-2.983642711163521019e-02,0.000000000000000000e+00,0.000000000000000000e+00,0.000000000000000000e+00,-0.000000000000000000e+00,-0.000000000000000000e+00,2.703772226312893268e-01,0.000000000000000000e+00,0.000000000000000000e+00,0.000000000000000000e+00,0.000000000000000000e+00,-0.000000000000000000e+00,-1.372711702430279013e-01,0.000000000000000000e+00,-0.000000000000000000e+00,-2.096563967735490530e-01,-0.000000000000000000e+00,0.000000000000000000e+00,-4.127912809604926681e-01,-1.862439078932162650e-01,-1.796279592488519983e-01,3.691674289742547660e-02,4.094960154293297849e-01
0.000000000000000000e+00,-0.000000000000000000e+00,0.000000000000000000e+00,-0.000000000000000000e+00,0.000000000000000000e+00,-0.000000000000000000e+00,1.245936169131378835e+00,-0.000000000000000000e+00,0.000000000000000000e+00,-0.000000000000000000e+00,0.000000000000000000e+00,-0.000000000000000000e+00,-0.000000000000000000e+00,0.000000000000000000e+00,-0.000000000000000000e+00,-0.000000000000000000e+00,-0.000000000000000000e+00,-0.000000000000000000e+00,0.000000000000000000e+00,-0.000000000000000000e+00,-0.000000000000000000e+00,-4.834314763399539250e-01,0.000000000000000000e+00,0.000000000000000000e+00,0.000000000000000000e+00,3.757080661003448646e-02,-7.806547394399091996e-03,-0.000000000000000000e+00,0.000000000000000000e+00,0.000000000000000000e+00,-1.233482940294920172e-01,-0.000000000000000000e+00,-0.000000000000000000e+00,0.000000000000000000e+00,0.000000000000000000e+00,-0.000000000000000000e+00,0.000000000000000000e+00,0.000000000000000000e+00,0.000000000000000000e+00
1.331427290413279667e-02,6.310367691402708756e-02,1.066335301667294289e+00,-0.000000000000000000e+00,2.990436867535562482e-01,0.000000000000000000e+00,-0.000000000000000000e+00,2.082286643247869495e+00,0.000000000000000000e+00,0.000000000000000000e+00,0.000000000000000000e+00,-0.000000000000000000e+00,0.000000000000000000e+00,6.034647525203722107e-02,-0.000000000000000000e+00,0.000000000000000000e+00,4.107971736725826370e-03,-3.814479258427892761e-02,-0.000000000000000000e+00,0.000000000000000000e+00,3.752040297721409012e-01,0.000000000000000000e+00,0.000000000000000000e+00,0.000000000000000000e+00,0.000000000000000000e+00,0.000000000000000000e+00,0.000000000000000000e+00,7.571515631522353351e-02,0.000000000000000000e+00,3.808454443903257431e-04,0.000000000000000000e+00,0.000000000000000000e+00,6.318210162242134109e-02,0.000000000000000000e+00,0.000000000000000000e+00,0.000000000000000000e+00,0.000000000000000000e+00,0.000000000000000000e+00,-0.000000000000000000e+00
-0.000000000000000000e+00,0.000000000000000000e+00,-0.000000000000000000e+00,-2.776117155044047213e-01,-0.000000000000000000e+00,2.852440836126294843e-01,0.000000000000000000e+00,0.000000000000000000e+00,2.847833104653347380e+00,0.000000000000000000e+00,0.000000000000000000e+00,3.692323356344597296e-01,0.000000000000000000e+00,-0.000000000000000000e+00,2.061764441651018839e-02,0.000000000000000000e+00,0.000000000000000000e+00,-0.000000000000000000e+00,-2.151105129606088462e-01,-0.000000000000000000e+00,0.000000000000000000e+00,0.000000000000000000e+00,-1.115020110263256897e-01,-1.360131505444023559e-01,-1.407256261191554836e-01,-0.000000000000000000e+00,0.000000000000000000e+00,0.000000000000000000e+00,0.000000000000000000e+00,-0.000000000000000000e+00,1.937401144884607143e-02,5.914203334955909358e-02,0.000000000000000000e+00,-4.191423758636210750e-01,1.070026682492824788e-01,1.581050366481840663e-01,0.000000000000000000e+00,-4.604670703383600405e-01,-4.353973630274094453e-01
-0.000000000000000000e+00,-1.613792051442677344e-01,-0.000000000000000000e+00,1.412318576484971333e-01,0.000000000000000000e+00,-6.586984557324103255e-03,-0.000000000000000000e+00,0.000000000000000000e+00,0.000000000000000000e+00,2.432737151693860511e+00,-0.000000000000000000e+00,-0.000000000000000000e+00,-0.000000000000000000e+00,-0.000000000000000000e+00,-0.000000000000000000e+00,-5.946104511218321953e-01,-1.129079966859058981e-01,1.113435857113862643e-02,0.000000000000000000e+00,0.000000000000000000e+00,-1.594283759771236431e-01,-0.000000000000000000e+00,0.000000000000000000e+00,0.000000000000000000e+00,0.000000000000000000e+00,-0.000000000000000000e+00,-0.000000000000000000e+00,-1.073463544124908520e-01,-2.106846368523514982e-03,-3.221466556905826228e-02,-0.000000000000000000e+00,-5.154875808164526702e-02,-7.594408535239485780e-02,0.000000000000000000e+00,-2.315371563583027148e-01,-3.972629969296270214e-01,-4.209356300233836889e-01,0.000000000000000000e+00,8.205318995577924601e-02
-0.000000000000000000e+00,-0.000000000000000000e+00,-0.000000000000000000e+00,0.000000000000000000e+00,0.000000000000000000e+00,-3.206613516156033850e-01,0.000000000000000000e+00,0.000000000000000000e+00,0.000000000000000000e+00,-0.000000000000000000e+00,1.666633363784395749e+00,-0.000000000000000000e+00,-0.000000000000000000e+00,-0.000000000000000000e+00,-0.000000000000000000e+00,-0.000000000000000000e+00,-7.158843616034640256e-01,0.000000000000000000e+00,0.000000000000000000e+00,0.000000000000000000e+00,-0.000000000000000000e+00,-0.000000000000000000e+00,0.000000000000000000e+00,0.000000000000000000e+00,0.000000000000000000e+00,-0.000000000000000000e+00,-0.000000000000000000e+00,-0.000000000000000000e+00,-2.000595562375163949e-01,-0.000000000000000000e+00,-0.000000000000000000e+00,-5.731661861746393388e-02,-0.000000000000000000e+00,0.000000000000000000e+00,-0.000000000000000000e+00,-4.558038501579077945e-02,-4.183932149842756708e-03,0.000000000000000000e+00,0.000000000000000000e+00
0.000000000000000000e+00,-0.000000000000000000e+00,0.000000000000000000e+00,0.000000000000000000e+00,0.000000000000000000e+00,-0.000000000000000000e+00,-0.000000000000000000e+00,-0.000000000000000000e+00,3.692323356344597296e-01,-0.000000000000000000e+00,-0.000000000000000000e+00,2.073930430341330844e+00,-0.000000000000000000e+00,0.000000000000000000e+00,-3.589001243141050623e-01,-0.000000000000000000e+00,-0.000000000000000000e+00,0.000000000000000000e+00,0.000000000000000000e+00,0.000000000000000000e+00,-0.000000000000000000e+00,-1.334879569997255711e-01,0.000000000000000000e+00,0.000000000000000000e+00,4.500796466266253348e-02,0.000000000000000000e+00,-4.103410416440105707e-02,-0.000000000000000000e+00,-0.000000000000000000e+00,0.000000000000000000e+00,-4.067250040495385410e-01,-0.000000000000000000e+00,-2.620497608690721125e-01,3.123404300942216050e-02,-0.000000000000000000e+00,-0.000000000000000000e+00,-0.000000000000000000e+00,3.616213060859480022e-01,4.903459243224776720e-02
-0.000000000000000000e+00,-1.369488225253372334e-02,-0.000000000000000000e+00,0.000000000000000000e+00,0.000000000000000000e+00,-0.000000000000000000e+00,-0.000000000000000000e+00,0.000000000000000000e+00,0.000000000000000000e+00,-0.000000000000000000e+00,-0.000000000000000000e+00,-0.000000000000000000e+00,1.777751254212972087e+00,-0.000000000000000000e+00,-0.000000000000000000e+00,-1.374729691186682978e-01,-1.505049012264723096e-01,0.000000000000000000e+00,0.000000000000000000e+00,-0.000000000000000000e+00,-1.789181070509613392e-01,-1.778261062092583444e-01,-0.000000000000000000e+00,0.000000000000000000e+00,0.000000000000000000e+00,-0.000000000000000000e+00,-1.212063262722782309e-01,-1.215093116822541369e-01,-0.000000000000000000e+00,0.000000000000000000e+00,-2.551332266433505858e-01,-1.938211585439227891e-01,-2.397458838326710917e-01,0.000000000000000000e+00,-1.226294358638065490e-01,-0.000000000000000000e+00,-0.000000000000000000e+00,0.000000000000000000e+00,0.000000000000000000e+00
-0.000000000000000000e+00,-0.000000000000000000e+00,-9.022712454231264501e-02,-0.000000000000000000e+00,-1.838544151775527435e-01,-0.000000000000000000e+00,0.000000000000000000e+00,6.034647525203722107e-02,-0.000000000000000000e+00,-0.000000000000000000e+00,-0.000000000000000000e+00,0.000000000000000000e+00,-0.000000000000000000e+00,1.333589979270596970e+00,0.000000000000000000e+00,-0.000000000000000000e+00,-1.386439721108343737e-01,-0.000000000000000000e+00,-0.000000000000000000e+00,-0.000000000000000000e+00,-0.000000000000000000e+00,0.000000000000000000e+00,-0.000000000000000000e+00,-1.797689381271074804e-01,-1.653992067318369175e-01,-1.846056210162994315e-01,-0.000000000000000000e+00,-0.000000000000000000e+00,-0.000000000000000000e+00,-1.726304889309994983e-01,0.000000000000000000e+00,-0.000000000000000000e+00,-0.000000000000000000e+00,-0.000000000000000000e+00,-0.000000000000000000e+00,-0.000000000000000000e+00,-0.000000000000000000e+00,-0.000000000000000000e+00,-0.000000000000000000e+00
1.819792687381595331e-02,-0.000000000000000000e+00,0.000000000000000000e+00,7.482081012594124503e-02,0.000000000000000000e+00,-0.000000000000000000e+00,-0.000000000000000000e+00,-0.000000000000000000e+00,2.061764441651018839e-02,-0.000000000000000000e+00,-0.000000000000000000e+00,-3.589001243141050623e-01,-0.000000000000000000e+00,0.000000000000000000e+00,1.504457246988980534e+00,-0.000000000000000000e+00,-0.000000000000000000e+00,0.000000000000000000e+00,3.571775236204482451e-01,0.000000000000000000e+00,-0.000000000000000000e+00,-0.000000000000000000e+00,0.000000000000000000e+00,0.000000000000000000e+00,0.000000000000000000e+00,0.000000000000000000e+00,-0.000000000000000000e+00,-0.000000000000000000e+00,-0.000000000000000000e+00,0.000000000000000000e+00,-1.091021246034122733e-01,-6.387415452472688937e-02,-0.000000000000000000e+00,0.000000000000000000e+00,-0.000000000000000000e+00,-0.000000000000000000e+00,-0.000000000000000000e+00,1.181489082804531437e-01,0.000000000000000000e+00
-0.000000000000000000e+00,-7.816704174283384265e-02,-0.000000000000000000e+00,1.779673227875911562e-02,-0.000000000000000000e+00,-0.000000000000000000e+00,-0.000000000000000000e+00,0.000000000000000000e+00,0.000000000000000000e+00,-5.946104511218321953e-01,-0.000000000000000000e+00,-0.000000000000000000e+00,-1.374729691186682978e-01,-0.000000000000000000e+00,-0.000000000000000000e+00,2.174489566588956535e+00,-0.000000000000000000e+00,9.434197045055935094e-02,0.000000000000000000e+00,-0.000000000000000000e+00,-1.113945284273513414e-01,-0.000000000000000000e+00,0.000000000000000000e+00,0.000000000000000000e+00,0.000000000000000000e+00,-0.000000000000000000e+00,-0.000000000000000000e+00,-4.840674878068469966e-01,-0.000000000000000000e+00,-3.958658213056682335e-02,-7.955211435455841751e-02,-5.162286046935717077e-02,-2.781784398834868388e-01,0.000000000000000000e+00,-1.489231990823003671e-01,-5.706717914974631517e-02,-1.000085714360434037e-02,0.000000000000000000e+00,0.000000000000000000e+00
-0.000000000000000000e+00,-0.000000000000000000e+00,-0.000000000000000000e+00,0.000000000000000000e+00,-0.000000000000000000e+00,-2.983642711163521019e-02,-0.000000000000000000e+00,4.107971736725826370e-03,0.000000000000000000e+00,-1.129079966859058981e-01,-7.158843616034640256e-01,-0.000000000000000000e+00,-1.505049012264723096e-01,-1.386439721108343737e-01,-0.000000000000000000e+00,-0.000000000000000000e+00,1.722193000490235493e+00,0.000000000000000000e+00,0.000000000000000000e+00,-0.000000000000000000e+00,-1.391091300476545722e-01,-0.000000000000000000e+00,0.000000000000000000e+00,0.000000000000000000e+00,-0.000000000000000000e+00,-0.000000000000000000e+00,-0.000000000000000000e+00,-1.465261871527831494e-01,-1.154147890807037807e-01,-0.000000000000000000e+00,-0.000000000000000000e+00,-0.000000000000000000e+00,-7.039588554302221579e-02,0.000000000000000000e+00,-1.549549217900520956e-02,-0.000000000000000000e+00,-4.730453804539933721e-03,0.000000000000000000e+00,0.000000000000000000e+00
0.000000000000000000e+00,0.000000000000000000e+00,0.000000000000000000e+00,-3.423405113996079718e-01,0.000000000000000000e+00,0.000000000000000000e+00,-0.000000000000000000e+00,-3.814479258427892761e-02,-0.000000000000000000e+00,1.113435857113862643e-02,0.000000000000000000e+00,0.000000000000000000e+00,0.000000000000000000e+00,-0.000000000000000000e+00,0.000000000000000000e+00,9.434197045055935094e-02,0.000000000000000000e+00,1.264336581912369528e+00,-3.922208499528299919e-02,-0.000000000000000000e+00,0.000000000000000000e+00,0.000000000000000000e+00,-0.000000000000000000e+00,-0.000000000000000000e+00,-0.000000000000000000e+00,0.000000000000000000e+00,-0.000000000000000000e+00,0.000000000000000000e+00,0.000000000000000000e+00,0.000000000000000000e+00,0.000000000000000000e+00,0.000000000000000000e+00,0.000000000000000000e+00,-0.000000000000000000e+00,9.278118697217151156e-02,0.000000000000000000e+00,1.263767938982902350e-01,-0.000000000000000000e+00,-0.000000000000000000e+00
-0.000000000000000000e+00,0.000000000000000000e+00,-0.000000000000000000e+00,-1.545135786359488374e-02,-0.000000000000000000e+00,0.000000000000000000e+00,0.000000000000000000e+00,-0.000000000000000000e+00,-2.151105129606088462e-01,0.000000000000000000e+00,0.000000000000000000e+00,0.000000000000000000e+00,0.000000000000000000e+00,-0.000000000000000000e+00,3.571775236204482451e-01,0.000000000000000000e+00,0.000000000000000000e+00,-3.922208499528299919e-02,1.938346470085456685e+00,-0.000000000000000000e+00,0.000000000000000000e+00,0.000000000000000000e+00,-0.000000000000000000e+00,-1.297787139782853039e-01,-0.000000000000000000e+00,-0.000000000000000000e+00,0.000000000000000000e+00,0.000000000000000000e+00,0.000000000000000000e+00,-0.000000000000000000e+00,2.114123369619726189e-01,1.396444689779196557e-01,0.000000000000000000e+00,-0.000000000000000000e+00,0.000000000000000000e+00,1.524387741215181280e-01,5.690291285646431607e-02,-2.964125902195206552e-01,-2.621027426487159140e-01
-0.000000000000000000e+00,-0.000000000000000000e+00,-0.000000000000000000e+00,-0.000000000000000000e+00,-0.000000000000000000e+00,0.000000000000000000e+00,-0.000000000000000000e+00,0.000000000000000000e+00,-0.000000000000000000e+00,0.000000000000000000e+00,0.000000000000000000e+00,0.000000000000000000e+00,-0.000000000000000000e+00,-0.000000000000000000e+00,0.000000000000000000e+00,-0.000000000000000000e+00,-0.000000000000000000e+00,-0.000000000000000000e+00,-0.000000000000000000e+00,1.025711676431994901e+00,-0.000000000000000000e+00,-5.324105210103596136e-02,-8.518178610877889800e-02,-0.000000000000000000e+00,-1.036061565400844819e-01,-0.000000000000000000e+00,-0.000000000000000000e+00,-0.000000000000000000e+00,-0.000000000000000000e+00,0.000000000000000000e+00,-0.000000000000000000e+00,0.000000000000000000e+00,0.000000000000000000e+00,-0.000000000000000000e+00,0.000000000000000000e+00,0.000000000000000000e+00,0.000000000000000000e+00,-0.000000000000000000e+00,-0.000000000000000000e+00
-0.000000000000000000e+00,-2.636009326858790303e-02,-1.938761531583617082e-01,0.000000000000000000e+00,-0.000000000000000000e+00,-0.000000000000000000e+00,-0.000000000000000000e+00,3.752040297721409012e-01,0.000000000000000000e+00,-1.594283759771236431e-01,-0.000000000000000000e+00,-0.000000000000000000e+00,-1.789181070509613392e-01,-0.000000000000000000e+00,-0.000000000000000000e+00,-1.113945284273513414e-01,-1.391091300476545722e-01,0.000000000000000000e+00,0.000000000000000000e+00,-0.000000000000000000e+00,1.925923168203723002e+00,-2.678315026065924975e-01,0.000000000000000000e+00,0.000000000000000000e+00,-0.000000000000000000e+00,-0.000000000000000000e+00,-0.000000000000000000e+00,-5.467626368562721051e-02,-0.000000000000000000e+00,-0.000000000000000000e+00,-0.000000000000000000e+00,-0.000000000000000000e+00,-5.437872199510491722e-01,0.000000000000000000e+00,-0.000000000000000000e+00,-0.000000000000000000e+00,-0.000000000000000000e+00,0.000000000000000000e+00,0.000000000000000000e+00
0.000000000000000000e+00,-0.000000000000000000e+00,-0.000000000000000000e+00,0.000000000000000000e+00,0.000000000000000000e+00,-0.000000000000000000e+00,-4.834314763399539250e-01,0.000000000000000000e+00,0.000000000000000000e+00,-0.000000000000000000e+00,-0.000000000000000000e+00,-1.334879569997255711e-01,-1.778261062092583444e-01,0.000000000000000000e+00,-0.000000000000000000e+00,-0.000000000000000000e+00,-0.000000000000000000e+00,0.000000000000000000e+00,0.000000000000000000e+00,-5.324105210103596136e-02,-2.678315026065924975e-01,1.608065251731680023e+00,-0.000000000000000000e+00,0.000000000000000000e+00,0.000000000000000000e+00,0.000000000000000000e+00,-8.708126329089234396e-02,-0.000000000000000000e+00,0.000000000000000000e+00,0.000000000000000000e+00,-2.526094458920001840e-01,-0.000000000000000000e+00,-0.000000000000000000e+00,0.000000000000000000e+00,-0.000000000000000000e+00,-0.000000000000000000e+00,-0.000000000000000000e+00,1.032466837222558442e-01,0.000000000000000000e+00
-0.000000000000000000e+00,-0.000000000000000000e+00,-8.499448562588500511e-02,-0.000000000000000000e+00,-6.725354253493268097e-02,2.703772226312893268e-01,0.000000000000000000e+00,0.000000000000000000e+00,-1.115020110263256897e-01,0.000000000000000000e+00,0.000000000000000000e+00,0.000000000000000000e+00,-0.000000000000000000e+00,-0.000000000000000000e+00,0.000000000000000000e+00,0.000000000000000000e+00,0.000000000000000000e+00,-0.000000000000000000e+00,-0.000000000000000000e+00,-8.518178610877889800e-02,0.000000000000000000e+00,-0.000000000000000000e+00,1.806402465466231400e+00,-2.926300890537176791e-01,-3.324998988862151172e-01,-4.550736919558784691e-03,-0.000000000000000000e+00,-0.000000000000000000e+00,0.000000000000000000e+00,-0.000000000000000000e+00,0.000000000000000000e+00,0.000000000000000000e+00,0.000000000000000000e+00,-3.064519161193299812e-01,0.000000000000000000e+00,0.000000000000000000e+00,0.000000000000000000e+00,-0.000000000000000000e+00,-2.291460047107955200e-01
-0.000000000000000000e+00,-0.000000000000000000e+00,-0.000000000000000000e+00,-0.000000000000000000e+00,-0.000000000000000000e+00,0.000000000000000000e+00,0.000000000000000000e+00,0.000000000000000000e+00,-1.360131505444023559e-01,0.000000000000000000e+00,0.000000000000000000e+00,0.000000000000000000e+00,0.000000000000000000e+00,-1.797689381271074804e-01,0.000000000000000000e+00,0.000000000000000000e+00,0.000000000000000000e+00,-0.000000000000000000e+00,-1.297787139782853039e-01,-0.000000000000000000e+00,0.000000000000000000e+00,0.000000000000000000e+00,-2.926300890537176791e-01,1.510369680536668646e+00,-3.138366626282961813e-01,-3.583407405028451315e-02,-0.000000000000000000e+00,-0.000000000000000000e+00,0.000000000000000000e+00,-0.000000000000000000e+00,0.000000000000000000e+00,0.000000000000000000e+00,0.000000000000000000e+00,-4.592949450847296639e-02,0.000000000000000000e+00,8.163863077204515373e-02,0.000000000000000000e+00,-6.365848862938695840e-02,-0.000000000000000000e+00
-1.484151993473293296e-01,-0.000000000000000000e+00,-3.826265336397690481e-02,-0.000000000000000000e+00,-7.938504613715105518e-02,0.000000000000000000e+00,0.000000000000000000e+00,0.000000000000000000e+00,-1.407256261191554836e-01,0.000000000000000000e+00,0.000000000000000000e+00,4.500796466266253348e-02,0.000000000000000000e+00,-1.653992067318369175e-01,0.000000000000000000e+00,0.000000000000000000e+00,-0.000000000000000000e+00,-0.000000000000000000e+00,-0.000000000000000000e+00,-1.036061565400844819e-01,-0.000000000000000000e+00,0.000000000000000000e+00,-3.324998988862151172e-01,-3.138366626282961813e-01,1.880285409025361121e+00,-2.126539505727028517e-02,-0.000000000000000000e+00,-0.000000000000000000e+00,-0.000000000000000000e+00,-1.017646798614444265e-01,0.000000000000000000e+00,0.000000000000000000e+00,0.000000000000000000e+00,-3.201016167478603069e-01,0.000000000000000000e+00,0.000000000000000000e+00,0.000000000000000000e+00,-2.700909202295435074e-01,-0.000000000000000000e+00
-3.276207508791095790e-01,-0.000000000000000000e+00,-1.027504467616445656e-02,-0.000000000000000000e+00,-1.281813846085651243e-01,0.000000000000000000e+00,3.757080661003448646e-02,0.000000000000000000e+00,-0.000000000000000000e+00,-0.000000000000000000e+00,-0.000000000000000000e+00,0.000000000000000000e+00,-0.000000000000000000e+00,-1.846056210162994315e-01,0.000000000000000000e+00,-0.000000000000000000e+00,-0.000000000000000000e+00,0.000000000000000000e+00,-0.000000000000000000e+00,-0.000000000000000000e+00,-0.000000000000000000e+00,0.000000000000000000e+00,-4.550736919558784691e-03,-3.583407405028451315e-02,-2.126539505727028517e-02,1.347505767971904245e+00,-0.000000000000000000e+00,-2.772247966594710289e-01,-0.000000000000000000e+00,-8.255665937551774636e-02,0.000000000000000000e+00,-0.000000000000000000e+00,-0.000000000000000000e+00,-0.000000000000000000e+00,-0.000000000000000000e+00,-0.000000000000000000e+00,-0.000000000000000000e+00,-4.686514657084548535e-02,-0.000000000000000000e+00
0.000000000000000000e+00,-0.000000000000000000e+00,-0.000000000000000000e+00,-0.000000000000000000e+00,-0.000000000000000000e+00,0.000000000000000000e+00,-7.806547394399091996e-03,0.000000000000000000e+00,0.000000000000000000e+00,-0.000000000000000000e+00,-0.000000000000000000e+00,-4.103410416440105707e-02,-1.212063262722782309e-01,-0.000000000000000000e+00,-0.000000000000000000e+00,-0.000000000000000000e+00,-0.000000000000000000e+00,-0.000000000000000000e+00,0.000000000000000000e+00,-0.000000000000000000e+00,-0.000000000000000000e+00,-8.708126329089234396e-02,-0.000000000000000000e+00,-0.000000000000000000e+00,-0.000000000000000000e+00,-0.000000000000000000e+00,1.136122194252744411e+00,-0.000000000000000000e+00,0.000000000000000000e+00,0.000000000000000000e+00,-2.326277130013139072e-01,-0.000000000000000000e+00,-0.000000000000000000e+00,-0.000000000000000000e+00,-0.000000000000000000e+00,-0.000000000000000000e+00,-0.000000000000000000e+00,0.000000000000000000e+00,-0.000000000000000000e+00
-2.329877238763352620e-01,-2.175595124559319971e-01,-0.000000000000000000e+00,0.000000000000000000e+00,-0.000000000000000000e+00,-0.000000000000000000e+00,-0.000000000000000000e+00,7.571515631522353351e-02,0.000000000000000000e+00,-1.073463544124908520e-01,-0.000000000000000000e+00,-0.000000000000000000e+00,-1.215093116822541369e-01,-0.000000000000000000e+00,-0.000000000000000000e+00,-4.840674878068469966e-01,-1.465261871527831494e-01,0.000000000000000000e+00,0.000000000000000000e+00,-0.000000000000000000e+00,-5.467626368562721051e-02,-0.000000000000000000e+00,-0.000000000000000000e+00,-0.000000000000000000e+00,-0.000000000000000000e+00,-2.772247966594710289e-01,-0.000000000000000000e+00,1.917770495572773237e+00,-0.000000000000000000e+00,-0.000000000000000000e+00,-0.000000000000000000e+00,-4.781488618896812676e-02,-2.403422963469977469e-01,-0.000000000000000000e+00,-0.000000000000000000e+00,-0.000000000000000000e+00,-1.011882908001791176e-01,0.000000000000000000e+00,0.000000000000000000e+00
-0.000000000000000000e+00,-1.499754601595141013e-01,-0.000000000000000000e+00,0.000000000000000000e+00,-0.000000000000000000e+00,-1.372711702430279013e-01,0.000000000000000000e+00,0.000000000000000000e+00,0.000000000000000000e+00,-2.106846368523514982e-03,-2.000595562375163949e-01,-0.000000000000000000e+00,-0.000000000000000000e+00,-0.000000000000000000e+00,-0.000000000000000000e+00,-0.000000000000000000e+00,-1.154147890807037807e-01,0.000000000000000000e+00,0.000000000000000000e+00,-0.000000000000000000e+00,-0.000000000000000000e+00,0.000000000000000000e+00,0.000000000000000000e+00,0.000000000000000000e+00,-0.000000000000000000e+00,-0.000000000000000000e+00,0.000000000000000000e+00,-0.000000000000000000e+00,1.595758251706628883e+00,-0.000000000000000000e+00,-0.000000000000000000e+00,-0.000000000000000000e+00,-0.000000000000000000e+00,0.000000000000000000e+00,-1.594069804366720911e-01,-0.000000000000000000e+00,-5.236793344929252525e-01,0.000000000000000000e+00,0.000000000000000000e+00
-5.230643341688130388e-01,-1.410035437304792416e-01,-0.000000000000000000e+00,0.000000000000000000e+00,-1.666743882859835213e-01,0.000000000000000000e+00,0.000000000000000000e+00,3.808454443903257431e-04,-0.000000000000000000e+00,-3.221466556905826228e-02,-0.000000000000000000e+00,0.000000000000000000e+00,0.000000000000000000e+00,-1.726304889309994983e-01,0.000000000000000000e+00,-3.958658213056682335e-02,-0.000000000000000000e+00,0.000000000000000000e+00,-0.000000000000000000e+00,0.000000000000000000e+00,-0.000000000000000000e+00,0.000000000000000000e+00,-0.000000000000000000e+00,-0.000000000000000000e+00,-1.017646798614444265e-01,-8.255665937551774636e-02,0.000000000000000000e+00,-0.000000000000000000e+00,-0.000000000000000000e+00,1.457123413042417326e+00,0.000000000000000000e+00,-0.000000000000000000e+00,-0.000000000000000000e+00,-0.000000000000000000e+00,-0.000000000000000000e+00,-0.000000000000000000e+00,-0.000000000000000000e+00,-5.690383834832895421e-02,-0.000000000000000000e+00
0.000000000000000000e+00,-1.153644314837988932e-01,-0.000000000000000000e+00,0.000000000000000000e+00,0.000000000000000000e+00,-0.000000000000000000e+00,-1.233482940294920172e-01,0.000000000000000000e+00,1.937401144884607143e-02,-0.000000000000000000e+00,-0.000000000000000000e+00,-4.067250040495385410e-01,-2.551332266433505858e-01,0.000000000000000000e+00,-1.091021246034122733e-01,-7.955211435455841751e-02,-0.000000000000000000e+00,0.000000000000000000e+00,2.114123369619726189e-01,-0.000000000000000000e+00,-0.000000000000000000e+00,-2.526094458920001840e-01,0.000000000000000000e+00,0.000000000000000000e+00,0.000000000000000000e+00,0.000000000000000000e+00,-2.326277130013139072e-01,-0.000000000000000000e+00,-0.000000000000000000e+00,0.000000000000000000e+00,2.359654098406089862e+00,-3.184803508483784462e-01,-3.450028153205140224e-01,0.000000000000000000e+00,-0.000000000000000000e+00,-1.689437178954934504e-01,-0.000000000000000000e+00,1.025869066792882561e-01,0.000000000000000000e+00
-0.000000000000000000e+00,-2.516323343826823780e-02,-0.000000000000000000e+00,6.667806365508381627e-02,0.000000000000000000e+00,-2.096563967735490530e-01,-0.000000000000000000e+00,0.000000000000000000e+00,5.914203334955909358e-02,-5.154875808164526702e-02,-5.731661861746393388e-02,-0.000000000000000000e+00,-1.938211585439227891e-01,-0.000000000000000000e+00,-6.387415452472688937e-02,-5.162286046935717077e-02,-0.000000000000000000e+00,0.000000000000000000e+00,1.396444689779196557e-01,0.000000000000000000e+00,-0.000000000000000000e+00,-0.000000000000000000e+00,0.000000000000000000e+00,0.000000000000000000e+00,0.000000000000000000e+00,-0.000000000000000000e+00,-0.000000000000000000e+00,-4.781488618896812676e-02,-0.000000000000000000e+00,-0.000000000000000000e+00,-3.184803508483784462e-01,2.297535978545206525e+00,-6.745471976763378619e-02,0.000000000000000000e+00,-1.445030487151963416e-01,-3.008523334084179379e-01,-5.281530809443923946e-01,0.000000000000000000e+00,2.984797712684837331e-02
-0.000000000000000000e+00,-0.000000000000000000e+00,-0.000000000000000000e+00,1.275431202896916971e-01,-0.000000000000000000e+00,-0.000000000000000000e+00,-0.000000000000000000e+00,6.318210162242134109e-02,0.000000000000000000e+00,-7.594408535239485780e-02,-0.000000000000000000e+00,-2.620497608690721125e-01,-2.397458838326710917e-01,-0.000000000000000000e+00,-0.000000000000000000e+00,-2.781784398834868388e-01,-7.039588554302221579e-02,0.000000000000000000e+00,0.000000000000000000e+00,0.000000000000000000e+00,-5.437872199510491722e-01,-0.000000000000000000e+00,0.000000000000000000e+00,0.000000000000000000e+00,0.000000000000000000e+00,-0.000000000000000000e+00,-0.000000000000000000e+00,-2.403422963469977469e-01,-0.000000000000000000e+00,-0.000000000000000000e+00,-3.450028153205140224e-01,-6.745471976763378619e-02,2.429582114589776243e+00,0.000000000000000000e+00,-1.499305648841513794e-01,-1.472162824699709271e-01,-0.000000000000000000e+00,0.000000000000000000e+00,6.621341470975673771e-02
-0.000000000000000000e+00,-0.000000000000000000e+00,-1.761150140107806128e-02,-0.000000000000000000e+00,-5.941838660959796181e-01,0.000000000000000000e+00,0.000000000000000000e+00,0.000000000000000000e+00,-4.191423758636210750e-01,0.000000000000000000e+00,0.000000000000000000e+00,3.123404300942216050e-02,0.000000000000000000e+00,-0.000000000000000000e+00,0.000000000000000000e+00,0.000000000000000000e+00,0.000000000000000000e+00,-0.000000000000000000e+00,-0.000000000000000000e+00,-0.000000000000000000e+00,0.000000000000000000e+00,0.000000000000000000e+00,-3.064519161193299812e-01,-4.592949450847296639e-02,-3.201016167478603069e-01,-0.000000000000000000e+00,-0.000000000000000000e+00,-0.000000000000000000e+00,0.000000000000000000e+00,-0.000000000000000000e+00,0.000000000000000000e+00,0.000000000000000000e+00,0.000000000000000000e+00,2.009601674569844842e+00,0.000000000000000000e+00,0.000000000000000000e+00,0.000000000000000000e+00,-1.667250484250214770e-01,-3.216453585670839971e-02
-0.000000000000000000e+00,-0.000000000000000000e+00,-0.000000000000000000e+00,2.708966474339809527e-01,0.000000000000000000e+00,-4.127912809604926681e-01,0.000000000000000000e+00,0.000000000000000000e+00,1.070026682492824788e-01,-2.315371563583027148e-01,-0.000000000000000000e+00,-0.000000000000000000e+00,-1.226294358638065490e-01,-0.000000000000000000e+00,-0.000000000000000000e+00,-1.489231990823003671e-01,-1.549549217900520956e-02,9.278118697217151156e-02,0.000000000000000000e+00,0.000000000000000000e+00,-0.000000000000000000e+00,-0.000000000000000000e+00,0.000000000000000000e+00,0.000000000000000000e+00,0.000000000000000000e+00,-0.000000000000000000e+00,-0.000000000000000000e+00,-0.000000000000000000e+00,-1.594069804366720911e-01,-0.000000000000000000e+00,-0.000000000000000000e+00,-1.445030487151963416e-01,-1.499305648841513794e-01,0.000000000000000000e+00,2.262110946095240216e+00,-0.000000000000000000e+00,-3.185192097002087497e-01,0.000000000000000000e+00,1.340167888976667721e-01
0.000000000000000000e+00,-0.000000000000000000e+00,-0.000000000000000000e+00,1.932606957958559468e-01,0.000000000000000000e+00,-1.862439078932162650e-01,-0.000000000000000000e+00,0.000000000000000000e+00,1.581050366481840663e-01,-3.972629969296270214e-01,-4.558038501579077945e-02,-0.000000000000000000e+00,-0.000000000000000000e+00,-0.000000000000000000e+00,-0.000000000000000000e+00,-5.706717914974631517e-02,-0.000000000000000000e+00,0.000000000000000000e+00,1.524387741215181280e-01,0.000000000000000000e+00,-0.000000000000000000e+00,-0.000000000000000000e+00,0.000000000000000000e+00,8.163863077204515373e-02,0.000000000000000000e+00,-0.000000000000000000e+00,-0.000000000000000000e+00,-0.000000000000000000e+00,-0.000000000000000000e+00,-0.000000000000000000e+00,-1.689437178954934504e-01,-3.008523334084179379e-01,-1.472162824699709271e-01,0.000000000000000000e+00,-0.000000000000000000e+00,2.074667630826900755e+00,-1.356848479496368387e-01,0.000000000000000000e+00,0.000000000000000000e+00
-0.000000000000000000e+00,-1.757451337348234499e-01,-0.000000000000000000e+00,6.938072425060080872e-02,0.000000000000000000e+00,-1.796279592488519983e-01,0.000000000000000000e+00,0.000000000000000000e+00,0.000000000000000000e+00,-4.209356300233836889e-01,-4.183932149842756708e-03,-0.000000000000000000e+00,-0.000000000000000000e+00,-0.000000000000000000e+00,-0.000000000000000000e+00,-1.000085714360434037e-02,-4.730453804539933721e-03,1.263767938982902350e-01,5.690291285646431607e-02,0.000000000000000000e+00,-0.000000000000000000e+00,-0.000000000000000000e+00,0.000000000000000000e+00,0.000000000000000000e+00,0.000000000000000000e+00,-0.000000000000000000e+00,-0.000000000000000000e+00,-1.011882908001791176e-01,-5.236793344929252525e-01,-0.000000000000000000e+00,-0.000000000000000000e+00,-5.281530809443923946e-01,-0.000000000000000000e+00,0.000000000000000000e+00,-3.185192097002087497e-01,-1.356848479496368387e-01,2.478854328325065470e+00,0.000000000000000000e+00,0.000000000000000000e+00
-2.539310675370345938e-02,0.000000000000000000e+00,-0.000000000000000000e+00,-0.000000000000000000e+00,-2.527095302191089687e-01,3.691674289742547660e-02,0.000000000000000000e+00,0.000000000000000000e+00,-4.604670703383600405e-01,0.000000000000000000e+00,0.000000000000000000e+00,3.616213060859480022e-01,0.000000000000000000e+00,-0.000000000000000000e+00,1.181489082804531437e-01,0.000000000000000000e+00,0.000000000000000000e+00,-0.000000000000000000e+00,-2.964125902195206552e-01,-0.000000000000000000e+00,0.000000000000000000e+00,1.032466837222558442e-01,-0.000000000000000000e+00,-6.365848862938695840e-02,-2.700909202295435074e-01,-4.686514657084548535e-02,0.000000000000000000e+00,0.000000000000000000e+00,0.000000000000000000e+00,-5.690383834832895421e-02,1.025869066792882561e-01,0.000000000000000000e+00,0.000000000000000000e+00,-1.667250484250214770e-01,0.000000000000000000e+00,0.000000000000000000e+00,0.000000000000000000e+00,2.453184486251484220e+00,-4.302518071513195541e-01
-0.000000000000000000e+00,0.000000000000000000e+00,-0.000000000000000000e+00,-2.056863669812288020e-01,-0.000000000000000000e+00,4.094960154293297849e-01,0.000000000000000000e+00,-0.000000000000000000e+00,-4.353973630274094453e-01,8.205318995577924601e-02,0.000000000000000000e+00,4.903459243224776720e-02,0.000000000000000000e+00,-0.000000000000000000e+00,0.000000000000000000e+00,0.000000000000000000e+00,0.000000000000000000e+00,-0.000000000000000000e+00,-2.621027426487159140e-01,-0.000000000000000000e+00,0.000000000000000000e+00,0.000000000000000000e+00,-2.291460047107955200e-01,-0.000000000000000000e+00,-0.000000000000000000e+00,-0.000000000000000000e+00,-0.000000000000000000e+00,0.000000000000000000e+00,0.000000000000000000e+00,-0.000000000000000000e+00,0.000000000000000000e+00,2.984797712684837331e-02,6.621341470975673771e-02,-3.216453585670839971e-02,1.340167888976667721e-01,0.000000000000000000e+00,0.000000000000000000e+00,-4.302518071513195541e-01,2.354179779508103643e+00
