2.240504485252575506e+00,-0.000000000000000000e+00,-0.000000000000000000e+00,-1.037282989778635783e-01,-0.000000000000000000e+00,0.000000000000000000e+00,-0.000000000000000000e+00,0.000000000000000000e+00,-1.374151175340690145e-01,-0.000000000000000000e+00,0.000000000000000000e+00,0.000000000000000000e+00,0.000000000000000000e+00,-0.000000000000000000e+00,-0.000000000000000000e+00,-3.460089176372603270e-01,0.000000000000000000e+00,-0.000000000000000000e+00,-5.320579633815128613e-03,-0.000000000000000000e+00,-6.653180366741713592e-02,-0.000000000000000000e+00,-0.000000000000000000e+00,-0.000000000000000000e+00,-1.075881794625442728e-01,-4.176360204349224281e-01,0.000000000000000000e+00,-6.074116414807549935e-01,-0.000000000000000000e+00,-0.000000000000000000e+00,0.000000000000000000e+00,5.827730066557396810e-02,-0.000000000000000000e+00,-0.000000000000000000e+00,-0.000000000000000000e+00,-1.495851251023172512e-01,0.000000000000000000e+00,-5.819389617710291063e-01,0.000000000000000000e+00
-0.000000000000000000e+00,1.762584992833190700e+00,-8.850147900917718080e-02,-0.000000000000000000e+00,-1.805490766316585061e-02,0.000000000000000000e+00,-0.000000000000000000e+00,0.000000000000000000e+00,-0.000000000000000000e+00,-3.499345584967694656e-01,-0.000000000000000000e+00,-0.000000000000000000e+00,7.835003937013305941e-02,-1.315721273469370456e-01,0.000000000000000000e+00,-8.348918664968045522e-02,-0.000000000000000000e+00,0.000000000000000000e+00,-0.000000000000000000e+00,0.000000000000000000e+00,6.340013369015735922e-02,-0.000000000000000000e+00,-0.000000000000000000e+00,-1.370187770915865487e-02,-0.000000000000000000e+00,0.000000000000000000e+00,-0.000000000000000000e+00,-0.000000000000000000e+00,1.239489965669088312e-01,-0.000000000000000000e+00,-4.052863418564054965e-01,-3.650494577127446627e-01,-0.000000000000000000e+00,-0.000000000000000000e+00,0.000000000000000000e+00,-9.908707720316518863e-02,-2.490869924753283393e-01,0.000000000000000000e+00,-0.000000000000000000e+00
-0.000000000000000000e+00,-8.850147900917718080e-02,2.720749190400531869e+00,-0.000000000000000000e+00,-2.717846612278014273e-01,0.000000000000000000e+00,-0.000000000000000000e+00,1.730941652624924387e+00,-0.000000000000000000e+00,-0.000000000000000000e+00,-0.000000000000000000e+00,0.000000000000000000e+00,7.808795285865899327e-02,-3.526804112589456697e-01,1.028731590397133772e-01,-9.195704412351400625e-02,-0.000000000000000000e+00,0.000000000000000000e+00,-0.000000000000000000e+00,0.000000000000000000e+00,-0.000000000000000000e+00,1.261148559283342130e-01,-0.000000000000000000e+00,-4.256299141539258567e-04,-0.000000000000000000e+00,-0.000000000000000000e+00,-0.000000000000000000e+00,-0.000000000000000000e+00,-0.000000000000000000e+00,-0.000000000000000000e+00,-0.000000000000000000e+00,-0.000000000000000000e+00,-0.000000000000000000e+00,-0.000000000000000000e+00,-0.000000000000000000e+00,-0.000000000000000000e+00,-0.000000000000000000e+00,0.000000000000000000e+00,-0.000000000000000000e+00
-1.037282989778635783e-01,-0.000000000000000000e+00,-0.000000000000000000e+00,1.830365241009530353e+00,-0.000000000000000000e+00,0.000000000000000000e+00,-5.289294464876465041e-02,0.000000000000000000e+00,-0.000000000000000000e+00,-0.000000000000000000e+00,8.139498238433980071e-02,-0.000000000000000000e+00,-0.000000000000000000e+00,-0.000000000000000000e+00,0.000000000000000000e+00,-6.120130788798678473e-02,-0.000000000000000000e+00,-2.849510792982957175e-01,-0.000000000000000000e+00,-2.479801880226390198e-01,-0.000000000000000000e+00,1.050821615076573054e-02,0.000000000000000000e+00,0.000000000000000000e+00,-0.000000000000000000e+00,-6.365631073157224096e-02,1.879591898102629666e-01,-3.071321488075052231e-01,0.000000000000000000e+00,-3.878056225543549118e-01,0.000000000000000000e+00,2.658062073075151757e-02,0.000000000000000000e+00,-0.000000000000000000e+00,-0.000000000000000000e+00,-1.273811324345298646e-01,0.000000000000000000e+00,-6.392699327497811113e-02,0.000000000000000000e+00
-0.000000000000000000e+00,-1.805490766316585061e-02,-2.717846612278014273e-01,-0.000000000000000000e+00,1.953539964568136833e+00,1.006164947218011474e-01,-1.160413942177546814e-01,4.793679617181446084e-01,-1.375594950034888242e-01,-4.268133897289886902e-01,0.000000000000000000e+00,-0.000000000000000000e+00,0.000000000000000000e+00,-0.000000000000000000e+00,0.000000000000000000e+00,-1.673321791415742499e-02,-0.000000000000000000e+00,-0.000000000000000000e+00,-2.674320107477585196e-01,0.000000000000000000e+00,0.000000000000000000e+00,1.930098000063387373e-02,-0.000000000000000000e+00,-0.000000000000000000e+00,-0.000000000000000000e+00,0.000000000000000000e+00,-0.000000000000000000e+00,-0.000000000000000000e+00,3.487269916991359020e-03,-0.000000000000000000e+00,-0.000000000000000000e+00,-0.000000000000000000e+00,0.000000000000000000e+00,-2.485926229904414364e-01,0.000000000000000000e+00,-0.000000000000000000e+00,-0.000000000000000000e+00,0.000000000000000000e+00,-0.000000000000000000e+00
0.000000000000000000e+00,0.000000000000000000e+00,0.000000000000000000e+00,0.000000000000000000e+00,1.006164947218011474e-01,2.145907693819260942e+00,0.000000000000000000e+00,-0.000000000000000000e+00,2.429096897550672429e-01,0.000000000000000000e+00,-3.141103260217369963e-01,0.000000000000000000e+00,9.169492773535345420e-02,-0.000000000000000000e+00,0.000000000000000000e+00,0.000000000000000000e+00,0.000000000000000000e+00,0.000000000000000000e+00,0.000000000000000000e+00,0.000000000000000000e+00,-0.000000000000000000e+00,-0.000000000000000000e+00,-3.252621645494520597e-01,-0.000000000000000000e+00,-0.000000000000000000e+00,-0.000000000000000000e+00,-0.000000000000000000e+00,0.000000000000000000e+00,-2.471731499871303861e-01,0.000000000000000000e+00,-0.000000000000000000e+00,-0.000000000000000000e+00,-3.243295910788697167e-01,2.487730796138325207e-01,-3.475926501364599019e-01,1.876976992909354380e-02,-2.102723524188297444e-01,0.000000000000000000e+00,8.235477692881557066e-02
-0.000000000000000000e+00,-0.000000000000000000e+00,-0.000000000000000000e+00,-5.289294464876465041e-02,-1.160413942177546814e-01,0.000000000000000000e+00,1.154158937187971024e+00,0.000000000000000000e+00,-0.000000000000000000e+00,-0.000000000000000000e+00,-0.000000000000000000e+00,-0.000000000000000000e+00,0.000000000000000000e+00,-0.000000000000000000e+00,-0.000000000000000000e+00,-0.000000000000000000e+00,-2.770219348467292675e-01,-0.000000000000000000e+00,-1.922289647288059344e-01,0.000000000000000000e+00,0.000000000000000000e+00,-0.000000000000000000e+00,0.000000000000000000e+00,0.000000000000000000e+00,0.000000000000000000e+00,0.000000000000000000e+00,0.000000000000000000e+00,-0.000000000000000000e+00,0.000000000000000000e+00,-0.000000000000000000e+00,-0.000000000000000000e+00,-0.000000000000000000e+00,-0.000000000000000000e+00,-0.000000000000000000e+00,0.000000000000000000e+00,-0.000000000000000000e+00,0.000000000000000000e+00,-0.000000000000000000e+00,-0.000000000000000000e+00
0.000000000000000000e+00,0.000000000000000000e+00,1.730941652624924387e+00,0.000000000000000000e+00,4.793679617181446084e-01,-0.000000000000000000e+00,0.000000000000000000e+00,2.743378677541074229e+00,2.711602240812413175e-02,0.000000000000000000e+00,-0.000000000000000000e+00,0.000000000000000000e+00,-0.000000000000000000e+00,9.931356993575252146e-02,-0.000000000000000000e+00,1.816130871509085420e-01,0.000000000000000000e+00,-0.000000000000000000e+00,6.187311005286595667e-02,-0.000000000000000000e+00,0.000000000000000000e+00,-0.000000000000000000e+00,0.000000000000000000e+00,0.000000000000000000e+00,0.000000000000000000e+00,0.000000000000000000e+00,0.000000000000000000e+00,0.000000000000000000e+00,-0.000000000000000000e+00,0.000000000000000000e+00,0.000000000000000000e+00,0.000000000000000000e+00,0.000000000000000000e+00,5.898415298838374787e-02,-0.000000000000000000e+00,0.000000000000000000e+00,0.000000000000000000e+00,-0.000000000000000000e+00,0.000000000000000000e+00
-1.374151175340690145e-01,-0.000000000000000000e+00,-0.000000000000000000e+00,-0.000000000000000000e+00,-1.375594950034888242e-01,2.429096897550672429e-01,-0.000000000000000000e+00,2.711602240812413175e-02,3.010289745780545534e+00,-0.000000000000000000e+00,0.000000000000000000e+00,-1.320463891748694663e-01,-0.000000000000000000e+00,0.000000000000000000e+00,-0.000000000000000000e+00,-2.489469111731448525e-01,-0.000000000000000000e+00,-3.246771880893088991e-01,-6.914844172512534248e-01,0.000000000000000000e+00,-0.000000000000000000e+00,-0.000000000000000000e+00,-0.000000000000000000e+00,-0.000000000000000000e+00,-0.000000000000000000e+00,-0.000000000000000000e+00,0.000000000000000000e+00,-7.288630637957950464e-02,0.000000000000000000e+00,-2.627674470987171329e-01,0.000000000000000000e+00,0.000000000000000000e+00,0.000000000000000000e+00,-8.919976623855795372e-01,0.000000000000000000e+00,-0.000000000000000000e+00,0.000000000000000000e+00,-4.959331952208746730e-02,-2.374522757736621248e-01
-0.000000000000000000e+00,-3.499345584967694656e-01,-0.000000000000000000e+00,-0.000000000000000000e+00,-4.268133897289886902e-01,0.000000000000000000e+00,-0.000000000000000000e+00,0.000000000000000000e+00,-0.000000000000000000e+00,1.921801069857373534e+00,0.000000000000000000e+00,-0.000000000000000000e+00,0.000000000000000000e+00,-1.452430207512585281e-01,1.009314149567895197e-01,-6.651044936187523460e-01,-0.000000000000000000e+00,-0.000000000000000000e+00,-0.000000000000000000e+00,0.000000000000000000e+00,0.000000000000000000e+00,0.000000000000000000e+00,-0.000000000000000000e+00,-0.000000000000000000e+00,-3.192826573117171773e-02,-0.000000000000000000e+00,-0.000000000000000000e+00,-0.000000000000000000e+00,0.000000000000000000e+00,-3.549149680377125526e-01,-0.000000000000000000e+00,-0.000000000000000000e+00,-0.000000000000000000e+00,-0.000000000000000000e+00,0.000000000000000000e+00,-0.000000000000000000e+00,-0.000000000000000000e+00,0.000000000000000000e+00,-0.000000000000000000e+00
0.000000000000000000e+00,-0.000000000000000000e+00,-0.000000000000000000e+00,8.139498238433980071e-02,0.000000000000000000e+00,-3.141103260217369963e-01,-0.000000000000000000e+00,-0.000000000000000000e+00,0.000000000000000000e+00,0.000000000000000000e+00,1.875536074672319309e+00,0.000000000000000000e+00,0.000000000000000000e+00,-0.000000000000000000e+00,0.000000000000000000e+00,0.000000000000000000e+00,-3.923020012560795439e-02,1.382548624476218346e-01,0.000000000000000000e+00,0.000000000000000000e+00,0.000000000000000000e+00,-0.000000000000000000e+00,-4.904609714446466623e-02,-0.000000000000000000e+00,-0.000000000000000000e+00,0.000000000000000000e+00,-0.000000000000000000e+00,1.164667959103690559e-01,-0.000000000000000000e+00,0.000000000000000000e+00,-1.376751175907788005e-01,-6.462992875826263361e-01,-8.351139495822954006e-02,0.000000000000000000e+00,-0.000000000000000000e+00,0.000000000000000000e+00,-1.733868716486591521e-01,5.126808405379146977e-02,0.000000000000000000e+00
0.000000000000000000e+00,-0.000000000000000000e+00,0.000000000000000000e+00,-0.000000000000000000e+00,-0.000000000000000000e+00,0.000000000000000000e+00,-0.000000000000000000e+00,0.000000000000000000e+00,-1.320463891748694663e-01,-0.000000000000000000e+00,0.000000000000000000e+00,2.286983306178482778e+00,-6.219849944109806517e-02,0.000000000000000000e+00,-8.239995794028875595e-03,0.000000000000000000e+00,-1.041643262231080752e-01,-3.217577765989782512e-01,-0.000000000000000000e+00,0.000000000000000000e+00,0.000000000000000000e+00,-2.505624396480438110e-01,0.000000000000000000e+00,0.000000000000000000e+00,0.000000000000000000e+00,2.780230515279521475e-01,-0.000000000000000000e+00,-0.000000000000000000e+00,1.378615432273938742e-02,-0.000000000000000000e+00,0.000000000000000000e+00,-0.000000000000000000e+00,0.000000000000000000e+00,-2.645139434439193193e-01,3.203658190311071685e-01,-0.000000000000000000e+00,0.000000000000000000e+00,-0.000000000000000000e+00,-8.595983681811256716e-01
0.000000000000000000e+00,7.835003937013305941e-02,7.808795285865899327e-02,-0.000000000000000000e+00,0.000000000000000000e+00,9.169492773535345420e-02,0.000000000000000000e+00,-0.000000000000000000e+00,-0.000000000000000000e+00,0.000000000000000000e+00,0.000000000000000000e+00,-6.219849944109806517e-02,1.529113036507207424e+00,0.000000000000000000e+00,-3.069336509667426882e-01,0.000000000000000000e+00,-0.000000000000000000e+00,-0.000000000000000000e+00,-0.000000000000000000e+00,-0.000000000000000000e+00,-0.000000000000000000e+00,-0.000000000000000000e+00,0.000000000000000000e+00,6.806989114497170867e-02,0.000000000000000000e+00,0.000000000000000000e+00,1.426335122774700648e-01,-0.000000000000000000e+00,0.000000000000000000e+00,-0.000000000000000000e+00,3.834950180392371344e-01,0.000000000000000000e+00,0.000000000000000000e+00,-0.000000000000000000e+00,0.000000000000000000e+00,-0.000000000000000000e+00,1.093950546600292589e-01,-0.000000000000000000e+00,-0.000000000000000000e+00
-0.000000000000000000e+00,-1.315721273469370456e-01,-3.526804112589456697e-01,-0.000000000000000000e+00,-0.000000000000000000e+00,-0.000000000000000000e+00,-0.000000000000000000e+00,9.931356993575252146e-02,0.000000000000000000e+00,-1.452430207512585281e-01,-0.000000000000000000e+00,0.000000000000000000e+00,0.000000000000000000e+00,1.598068472772377069e+00,7.940499432858406925e-02,-1.911679084647281424e-01,0.000000000000000000e+00,5.163384693486797183e-02,0.000000000000000000e+00,-0.000000000000000000e+00,0.000000000000000000e+00,4.559713447754600718e-02,-0.000000000000000000e+00,-6.416273230385052817e-02,-0.000000000000000000e+00,-0.000000000000000000e+00,-0.000000000000000000e+00,0.000000000000000000e+00,-0.000000000000000000e+00,0.000000000000000000e+00,-1.818505432599160782e-02,-0.000000000000000000e+00,-0.000000000000000000e+00,-0.000000000000000000e+00,-1.841004431382899931e-01,-0.000000000000000000e+00,-3.627574912572596455e-01,0.000000000000000000e+00,0.000000000000000000e+00
-0.000000000000000000e+00,0.000000000000000000e+00,1.028731590397133772e-01,0.000000000000000000e+00,0.000000000000000000e+00,0.000000000000000000e+00,-0.000000000000000000e+00,-0.000000000000000000e+00,-0.000000000000000000e+00,1.009314149567895197e-01,0.000000000000000000e+00,-8.239995794028875595e-03,-3.069336509667426882e-01,7.940499432858406925e-02,1.602729179068969945e+00,0.000000000000000000e+00,-0.000000000000000000e+00,-6.806371658813285819e-02,-0.000000000000000000e+00,-4.446992902111526064e-02,-5.820401587991436837e-02,-2.403771925414324440e-01,0.000000000000000000e+00,0.000000000000000000e+00,-0.000000000000000000e+00,0.000000000000000000e+00,2.573972689237355449e-02,-7.380543508435596922e-02,-0.000000000000000000e+00,0.000000000000000000e+00,8.667843997575515325e-02,0.000000000000000000e+00,-0.000000000000000000e+00,-1.640397901457748553e-01,0.000000000000000000e+00,-0.000000000000000000e+00,0.000000000000000000e+00,-4.359755690975131159e-01,-0.000000000000000000e+00
-3.460089176372603270e-01,-8.348918664968045522e-02,-9.195704412351400625e-02,-6.120130788798678473e-02,-1.673321791415742499e-02,0.000000000000000000e+00,-0.000000000000000000e+00,1.816130871509085420e-01,-2.489469111731448525e-01,-6.651044936187523460e-01,0.000000000000000000e+00,0.000000000000000000e+00,0.000000000000000000e+00,-1.911679084647281424e-01,0.000000000000000000e+00,2.232607447358816888e+00,0.000000000000000000e+00,-0.000000000000000000e+00,-0.000000000000000000e+00,-0.000000000000000000e+00,0.000000000000000000e+00,4.851894249298242118e-02,-0.000000000000000000e+00,-0.000000000000000000e+00,-1.382166765177278156e-01,-2.010924538983618892e-01,0.000000000000000000e+00,-1.909917074217505313e-03,0.000000000000000000e+00,-1.692555709355210158e-01,-0.000000000000000000e+00,0.000000000000000000e+00,-0.000000000000000000e+00,-0.000000000000000000e+00,-0.000000000000000000e+00,-4.369363880082194340e-01,-0.000000000000000000e+00,-0.000000000000000000e+00,0.000000000000000000e+00
0.000000000000000000e+00,-0.000000000000000000e+00,-0.000000000000000000e+00,-0.000000000000000000e+00,-0.000000000000000000e+00,0.000000000000000000e+00,-2.770219348467292675e-01,0.000000000000000000e+00,-0.000000000000000000e+00,-0.000000000000000000e+00,-3.923020012560795439e-02,-1.041643262231080752e-01,-0.000000000000000000e+00,0.000000000000000000e+00,-0.000000000000000000e+00,0.000000000000000000e+00,1.171994227227192598e+00,-0.000000000000000000e+00,-0.000000000000000000e+00,-0.000000000000000000e+00,0.000000000000000000e+00,-1.597980766608698977e-01,0.000000000000000000e+00,-0.000000000000000000e+00,0.000000000000000000e+00,0.000000000000000000e+00,-0.000000000000000000e+00,0.000000000000000000e+00,0.000000000000000000e+00,-0.000000000000000000e+00,-0.000000000000000000e+00,-1.951500972670902334e-01,-0.000000000000000000e+00,-0.000000000000000000e+00,0.000000000000000000e+00,-0.000000000000000000e+00,-0.000000000000000000e+00,0.000000000000000000e+00,-1.042786867460967770e-01
-0.000000000000000000e+00,0.000000000000000000e+00,0.000000000000000000e+00,-2.849510792982957175e-01,-0.000000000000000000e+00,0.000000000000000000e+00,-0.000000000000000000e+00,-0.000000000000000000e+00,-3.246771880893088991e-01,-0.000000000000000000e+00,1.382548624476218346e-01,-3.217577765989782512e-01,-0.000000000000000000e+00,5.163384693486797183e-02,-6.806371658813285819e-02,-0.000000000000000000e+00,-0.000000000000000000e+00,2.305872118322114694e+00,-5.169737950151032102e-01,-0.000000000000000000e+00,-0.000000000000000000e+00,-0.000000000000000000e+00,-0.000000000000000000e+00,0.000000000000000000e+00,-0.000000000000000000e+00,-0.000000000000000000e+00,0.000000000000000000e+00,-2.295717594096965686e-01,0.000000000000000000e+00,-2.299850510701472450e-01,1.326348297921212116e-01,1.930625639096430687e-02,0.000000000000000000e+00,-4.656340216763973222e-02,0.000000000000000000e+00,-0.000000000000000000e+00,0.000000000000000000e+00,-2.585531515686748105e-01,-0.000000000000000000e+00
-5.320579633815128613e-03,-0.000000000000000000e+00,-0.000000000000000000e+00,-0.000000000000000000e+00,-2.674320107477585196e-01,0.000000000000000000e+00,-1.922289647288059344e-01,6.187311005286595667e-02,-6.914844172512534248e-01,-0.000000000000000000e+00,0.000000000000000000e+00,-0.000000000000000000e+00,-0.000000000000000000e+00,0.000000000000000000e+00,-0.000000000000000000e+00,-0.000000000000000000e+00,-0.000000000000000000e+00,-5.169737950151032102e-01,2.727743612465547862e+00,0.000000000000000000e+00,-0.000000000000000000e+00,-0.000000000000000000e+00,-0.000000000000000000e+00,-0.000000000000000000e+00,-0.000000000000000000e+00,-0.000000000000000000e+00,0.000000000000000000e+00,-0.000000000000000000e+00,0.000000000000000000e+00,-0.000000000000000000e+00,0.000000000000000000e+00,0.000000000000000000e+00,-0.000000000000000000e+00,-7.514471716806134793e-01,0.000000000000000000e+00,-0.000000000000000000e+00,0.000000000000000000e+00,-6.129878322037591101e-03,-3.818568562814806389e-01
-0.000000000000000000e+00,0.000000000000000000e+00,0.000000000000000000e+00,-2.479801880226390198e-01,0.000000000000000000e+00,0.000000000000000000e+00,0.000000000000000000e+00,-0.000000000000000000e+00,0.000000000000000000e+00,0.000000000000000000e+00,0.000000000000000000e+00,0.000000000000000000e+00,-0.000000000000000000e+00,-0.000000000000000000e+00,-4.446992902111526064e-02,-0.000000000000000000e+00,-0.000000000000000000e+00,-0.000000000000000000e+00,0.000000000000000000e+00,1.242725280289765699e+00,-0.000000000000000000e+00,1.467210340464343739e-02,0.000000000000000000e+00,0.000000000000000000e+00,-0.000000000000000000e+00,-1.257529184510363107e-01,5.809437113946574333e-02,-2.066879542747869503e-02,-0.000000000000000000e+00,-0.000000000000000000e+00,0.000000000000000000e+00,0.000000000000000000e+00,-0.000000000000000000e+00,0.000000000000000000e+00,-0.000000000000000000e+00,-1.308041652732448434e-01,0.000000000000000000e+00,-1.959643784296312141e-01,0.000000000000000000e+00
-6.653180366741713592e-02,6.340013369015735922e-02,-0.000000000000000000e+00,-0.000000000000000000e+00,0.000000000000000000e+00,-0.000000000000000000e+00,0.000000000000000000e+00,0.000000000000000000e+00,-0.000000000000000000e+00,0.000000000000000000e+00,0.000000000000000000e+00,0.000000000000000000e+00,-0.000000000000000000e+00,0.000000000000000000e+00,-5.820401587991436837e-02,0.000000000000000000e+00,0.000000000000000000e+00,-0.000000000000000000e+00,-0.000000000000000000e+00,-0.000000000000000000e+00,1.310506816596804569e+00,-0.000000000000000000e+00,-0.000000000000000000e+00,-0.000000000000000000e+00,-0.000000000000000000e+00,-1.767041817367109025e-01,0.000000000000000000e+00,-1.502313578493720270e-01,-2.307897574187886547e-01,-0.000000000000000000e+00,0.000000000000000000e+00,0.000000000000000000e+00,-2.697608867851825631e-01,-0.000000000000000000e+00,-5.759293826720135456e-02,0.000000000000000000e+00,0.000000000000000000e+00,-8.267249736239261348e-02,0.000000000000000000e+00
-0.000000000000000000e+00,-0.000000000000000000e+00,1.261148559283342130e-01,1.050821615076573054e-02,1.930098000063387373e-02,-0.000000000000000000e+00,-0.000000000000000000e+00,-0.000000000000000000e+00,-0.000000000000000000e+00,0.000000000000000000e+00,-0.000000000000000000e+00,-2.505624396480438110e-01,-0.000000000000000000e+00,4.559713447754600718e-02,-2.403771925414324440e-01,4.851894249298242118e-02,-1.597980766608698977e-01,-0.000000000000000000e+00,-0.000000000000000000e+00,1.467210340464343739e-02,-0.000000000000000000e+00,1.204099278515190941e+00,-0.000000000000000000e+00,-0.000000000000000000e+00,-0.000000000000000000e+00,7.719096607026756929e-02,-0.000000000000000000e+00,0.000000000000000000e+00,-0.000000000000000000e+00,0.000000000000000000e+00,-0.000000000000000000e+00,-0.000000000000000000e+00,-1.900597976855163684e-01,-0.000000000000000000e+00,0.000000000000000000e+00,0.000000000000000000e+00,-0.000000000000000000e+00,0.000000000000000000e+00,-1.013226603377310499e-02
-0.000000000000000000e+00,-0.000000000000000000e+00,-0.000000000000000000e+00,0.000000000000000000e+00,-0.000000000000000000e+00,-3.252621645494520597e-01,0.000000000000000000e+00,0.000000000000000000e+00,-0.000000000000000000e+00,-0.000000000000000000e+00,-4.904609714446466623e-02,0.000000000000000000e+00,0.000000000000000000e+00,-0.000000000000000000e+00,0.000000000000000000e+00,-0.000000000000000000e+00,0.000000000000000000e+00,-0.000000000000000000e+00,-0.000000000000000000e+00,0.000000000000000000e+00,-0.000000000000000000e+00,-0.000000000000000000e+00,2.002193317402400474e+00,-3.213080672591816511e-01,-7.527328956761328849e-01,-6.169096202625998920e-02,-0.000000000000000000e+00,-0.000000000000000000e+00,-1.611649424824959098e-01,-0.000000000000000000e+00,-0.000000000000000000e+00,-0.000000000000000000e+00,-2.450358061674482169e-01,-0.000000000000000000e+00,-0.000000000000000000e+00,0.000000000000000000e+00,-1.091583442462806947e-01,0.000000000000000000e+00,0.000000000000000000e+00
-0.000000000000000000e+00,-1.370187770915865487e-02,-4.256299141539258567e-04,0.000000000000000000e+00,-0.000000000000000000e+00,-0.000000000000000000e+00,0.000000000000000000e+00,0.000000000000000000e+00,-0.000000000000000000e+00,-0.000000000000000000e+00,-0.000000000000000000e+00,0.000000000000000000e+00,6.806989114497170867e-02,-6.416273230385052817e-02,0.000000000000000000e+00,-0.000000000000000000e+00,-0.000000000000000000e+00,0.000000000000000000e+00,-0.000000000000000000e+00,0.000000000000000000e+00,-0.000000000000000000e+00,-0.000000000000000000e+00,-3.213080672591816511e-01,1.792074266570650831e+00,-4.609953362485800787e-01,-0.000000000000000000e+00,-9.028526877331900097e-03,0.000000000000000000e+00,-0.000000000000000000e+00,-0.000000000000000000e+00,-1.599050278404140490e-02,-0.000000000000000000e+00,-1.642793969263163512e-01,-0.000000000000000000e+00,-0.000000000000000000e+00,-0.000000000000000000e+00,-5.358795515419646494e-01,0.000000000000000000e+00,-0.000000000000000000e+00
-1.075881794625442728e-01,-0.000000000000000000e+00,-0.000000000000000000e+00,-0.000000000000000000e+00,-0.000000000000000000e+00,-0.000000000000000000e+00,0.000000000000000000e+00,0.000000000000000000e+00,-0.000000000000000000e+00,-3.192826573117171773e-02,-0.000000000000000000e+00,0.000000000000000000e+00,0.000000000000000000e+00,-0.000000000000000000e+00,-0.000000000000000000e+00,-1.382166765177278156e-01,0.000000000000000000e+00,-0.000000000000000000e+00,-0.000000000000000000e+00,-0.000000000000000000e+00,-0.000000000000000000e+00,-0.000000000000000000e+00,-7.527328956761328849e-01,-4.609953362485800787e-01,1.832094026470568293e+00,-1.241779142416555848e-01,0.000000000000000000e+00,-0.000000000000000000e+00,-4.191139124446500996e-02,-2.095054997460078783e-01,0.000000000000000000e+00,0.000000000000000000e+00,-0.000000000000000000e+00,-0.000000000000000000e+00,-0.000000000000000000e+00,-0.000000000000000000e+00,-0.000000000000000000e+00,-0.000000000000000000e+00,0.000000000000000000e+00
-4.176360204349224281e-01,0.000000000000000000e+00,-0.000000000000000000e+00,-6.365631073157224096e-02,0.000000000000000000e+00,-0.000000000000000000e+00,0.000000000000000000e+00,0.000000000000000000e+00,-0.000000000000000000e+00,-0.000000000000000000e+00,0.000000000000000000e+00,2.780230515279521475e-01,0.000000000000000000e+00,-0.000000000000000000e+00,0.000000000000000000e+00,-2.010924538983618892e-01,0.000000000000000000e+00,-0.000000000000000000e+00,-0.000000000000000000e+00,-1.257529184510363107e-01,-1.767041817367109025e-01,7.719096607026756929e-02,-6.169096202625998920e-02,-0.000000000000000000e+00,-1.241779142416555848e-01,1.880076939979591799e+00,0.000000000000000000e+00,-4.714817937238624523e-02,-2.935364519387873572e-01,-0.000000000000000000e+00,0.000000000000000000e+00,2.383126088908305296e-01,-0.000000000000000000e+00,0.000000000000000000e+00,-3.393514099854550436e-01,-0.000000000000000000e+00,0.000000000000000000e+00,-3.358298076383289116e-02,1.463827691505325268e-01
0.000000000000000000e+00,-0.000000000000000000e+00,-0.000000000000000000e+00,1.879591898102629666e-01,-0.000000000000000000e+00,-0.000000000000000000e+00,0.000000000000000000e+00,0.000000000000000000e+00,0.000000000000000000e+00,-0.000000000000000000e+00,-0.000000000000000000e+00,-0.000000000000000000e+00,1.426335122774700648e-01,-0.000000000000000000e+00,2.573972689237355449e-02,0.000000000000000000e+00,-0.000000000000000000e+00,0.000000000000000000e+00,0.000000000000000000e+00,5.809437113946574333e-02,0.000000000000000000e+00,-0.000000000000000000e+00,-0.000000000000000000e+00,-9.028526877331900097e-03,0.000000000000000000e+00,0.000000000000000000e+00,1.862112218198108238e+00,0.000000000000000000e+00,0.000000000000000000e+00,0.000000000000000000e+00,-6.481422853048022237e-01,-5.169032572687395355e-01,-0.000000000000000000e+00,0.000000000000000000e+00,0.000000000000000000e+00,0.000000000000000000e+00,-1.923295945336070747e-02,0.000000000000000000e+00,-4.446020747287030700e-02
-6.074116414807549935e-01,-0.000000000000000000e+00,-0.000000000000000000e+00,-3.071321488075052231e-01,-0.000000000000000000e+00,0.000000000000000000e+00,-0.000000000000000000e+00,0.000000000000000000e+00,-7.288630637957950464e-02,-0.000000000000000000e+00,1.164667959103690559e-01,-0.000000000000000000e+00,-0.000000000000000000e+00,0.000000000000000000e+00,-7.380543508435596922e-02,-1.909917074217505313e-03,0.000000000000000000e+00,-2.295717594096965686e-01,-0.000000000000000000e+00,-2.066879542747869503e-02,-1.502313578493720270e-01,0.000000000000000000e+00,-0.000000000000000000e+00,0.000000000000000000e+00,-0.000000000000000000e+00,-4.714817937238624523e-02,0.000000000000000000e+00,1.992451653809884871e+00,-0.000000000000000000e+00,-8.991082642352522802e-02,0.000000000000000000e+00,5.251792265186060312e-04,-0.000000000000000000e+00,-0.000000000000000000e+00,0.000000000000000000e+00,-4.105981263880503773e-02,0.000000000000000000e+00,-2.964213542077173691e-01,-0.000000000000000000e+00
-0.000000000000000000e+00,1.239489965669088312e-01,-0.000000000000000000e+00,0.000000000000000000e+00,3.487269916991359020e-03,-2.471731499871303861e-01,0.000000000000000000e+00,-0.000000000000000000e+00,0.000000000000000000e+00,0.000000000000000000e+00,-0.000000000000000000e+00,1.378615432273938742e-02,0.000000000000000000e+00,-0.000000000000000000e+00,-0.000000000000000000e+00,0.000000000000000000e+00,0.000000000000000000e+00,0.000000000000000000e+00,0.000000000000000000e+00,-0.000000000000000000e+00,-2.307897574187886547e-01,-0.000000000000000000e+00,-1.611649424824959098e-01,-0.000000000000000000e+00,-4.191139124446500996e-02,-2.935364519387873572e-01,0.000000000000000000e+00,-0.000000000000000000e+00,1.819590456030866665e+00,0.000000000000000000e+00,0.000000000000000000e+00,0.000000000000000000e+00,-1.224280904711375906e-01,0.000000000000000000e+00,-6.385984793103830492e-01,0.000000000000000000e+00,-0.000000000000000000e+00,-0.000000000000000000e+00,0.000000000000000000e+00
-0.000000000000000000e+00,-0.000000000000000000e+00,-0.000000000000000000e+00,-3.878056225543549118e-01,-0.000000000000000000e+00,0.000000000000000000e+00,-0.000000000000000000e+00,0.000000000000000000e+00,-2.627674470987171329e-01,-3.549149680377125526e-01,0.000000000000000000e+00,-0.000000000000000000e+00,-0.000000000000000000e+00,0.000000000000000000e+00,0.000000000000000000e+00,-1.692555709355210158e-01,-0.000000000000000000e+00,-2.299850510701472450e-01,-0.000000000000000000e+00,-0.000000000000000000e+00,-0.000000000000000000e+00,0.000000000000000000e+00,-0.000000000000000000e+00,-0.000000000000000000e+00,-2.095054997460078783e-01,-0.000000000000000000e+00,0.000000000000000000e+00,-8.991082642352522802e-02,0.000000000000000000e+00,1.707837488271027215e+00,0.000000000000000000e+00,0.000000000000000000e+00,-0.000000000000000000e+00,-0.000000000000000000e+00,0.000000000000000000e+00,-0.000000000000000000e+00,0.000000000000000000e+00,-0.000000000000000000e+00,-0.000000000000000000e+00
0.000000000000000000e+00,-4.052863418564054965e-01,-0.000000000000000000e+00,0.000000000000000000e+00,-0.000000000000000000e+00,-0.000000000000000000e+00,-0.000000000000000000e+00,0.000000000000000000e+00,0.000000000000000000e+00,-0.000000000000000000e+00,-1.376751175907788005e-01,0.000000000000000000e+00,3.834950180392371344e-01,-1.818505432599160782e-02,8.667843997575515325e-02,-0.000000000000000000e+00,-0.000000000000000000e+00,1.326348297921212116e-01,0.000000000000000000e+00,0.000000000000000000e+00,0.000000000000000000e+00,-0.000000000000000000e+00,-0.000000000000000000e+00,-1.599050278404140490e-02,0.000000000000000000e+00,0.000000000000000000e+00,-6.481422853048022237e-01,0.000000000000000000e+00,0.000000000000000000e+00,0.000000000000000000e+00,2.858607680283819619e+00,-4.679484038287455849e-01,-0.000000000000000000e+00,0.000000000000000000e+00,-0.000000000000000000e+00,0.000000000000000000e+00,-4.472337891660197462e-01,4.872234249167085585e-01,-0.000000000000000000e+00
5.827730066557396810e-02,-3.650494577127446627e-01,-0.000000000000000000e+00,2.658062073075151757e-02,-0.000000000000000000e+00,-0.000000000000000000e+00,-0.000000000000000000e+00,0.000000000000000000e+00,0.000000000000000000e+00,-0.000000000000000000e+00,-6.462992875826263361e-01,-0.000000000000000000e+00,0.000000000000000000e+00,-0.000000000000000000e+00,0.000000000000000000e+00,0.000000000000000000e+00,-1.951500972670902334e-01,1.930625639096430687e-02,0.000000000000000000e+00,0.000000000000000000e+00,0.000000000000000000e+00,-0.000000000000000000e+00,-0.000000000000000000e+00,-0.000000000000000000e+00,0.000000000000000000e+00,2.383126088908305296e-01,-5.169032572687395355e-01,5.251792265186060312e-04,0.000000000000000000e+00,0.000000000000000000e+00,-4.679484038287455849e-01,2.716158367795923567e+00,-0.000000000000000000e+00,0.000000000000000000e+00,-0.000000000000000000e+00,0.000000000000000000e+00,-3.983661519785380856e-01,3.252727898956799257e-01,-0.000000000000000000e+00
-0.000000000000000000e+00,-0.000000000000000000e+00,-0.000000000000000000e+00,0.000000000000000000e+00,0.000000000000000000e+00,-3.243295910788697167e-01,-0.000000000000000000e+00,0.000000000000000000e+00,0.000000000000000000e+00,-0.000000000000000000e+00,-8.351139495822954006e-02,0.000000000000000000e+00,0.000000000000000000e+00,-0.000000000000000000e+00,-0.000000000000000000e+00,-0.000000000000000000e+00,-0.000000000000000000e+00,0.000000000000000000e+00,-0.000000000000000000e+00,-0.000000000000000000e+00,-2.697608867851825631e-01,-1.900597976855163684e-01,-2.450358061674482169e-01,-1.642793969263163512e-01,-0.000000000000000000e+00,-0.000000000000000000e+00,-0.000000000000000000e+00,-0.000000000000000000e+00,-1.224280904711375906e-01,-0.000000000000000000e+00,-0.000000000000000000e+00,-0.000000000000000000e+00,1.668321622251168312e+00,-0.000000000000000000e+00,-1.671160021633611992e-01,0.000000000000000000e+00,-2.538628212487364921e-01,0.000000000000000000e+00,0.000000000000000000e+00
-0.000000000000000000e+00,-0.000000000000000000e+00,-0.000000000000000000e+00,-0.000000000000000000e+00,-2.485926229904414364e-01,2.487730796138325207e-01,-0.000000000000000000e+00,5.898415298838374787e-02,-8.919976623855795372e-01,-0.000000000000000000e+00,0.000000000000000000e+00,-2.645139434439193193e-01,-0.000000000000000000e+00,-0.000000000000000000e+00,-1.640397901457748553e-01,-0.000000000000000000e+00,-0.000000000000000000e+00,-4.656340216763973222e-02,-7.514471716806134793e-01,0.000000000000000000e+00,-0.000000000000000000e+00,-0.000000000000000000e+00,-0.000000000000000000e+00,-0.000000000000000000e+00,-0.000000000000000000e+00,0.000000000000000000e+00,0.000000000000000000e+00,-0.000000000000000000e+00,0.000000000000000000e+00,-0.000000000000000000e+00,0.000000000000000000e+00,0.000000000000000000e+00,-0.000000000000000000e+00,2.699273534664830887e+00,0.000000000000000000e+00,-2.706932456711065235e-02,0.000000000000000000e+00,-0.000000000000000000e+00,-1.329874270552586224e-01
-0.000000000000000000e+00,0.000000000000000000e+00,-0.000000000000000000e+00,-0.000000000000000000e+00,0.000000000000000000e+00,-3.475926501364599019e-01,0.000000000000000000e+00,-0.000000000000000000e+00,0.000000000000000000e+00,0.000000000000000000e+00,-0.000000000000000000e+00,3.203658190311071685e-01,0.000000000000000000e+00,-1.841004431382899931e-01,0.000000000000000000e+00,-0.000000000000000000e+00,0.000000000000000000e+00,0.000000000000000000e+00,0.000000000000000000e+00,-0.000000000000000000e+00,-5.759293826720135456e-02,0.000000000000000000e+00,-0.000000000000000000e+00,-0.000000000000000000e+00,-0.000000000000000000e+00,-3.393514099854550436e-01,0.000000000000000000e+00,0.000000000000000000e+00,-6.385984793103830492e-01,0.000000000000000000e+00,-0.000000000000000000e+00,-0.000000000000000000e+00,-1.671160021633611992e-01,0.000000000000000000e+00,2.266338233138212477e+00,0.000000000000000000e+00,-1.084522822314749717e-02,0.000000000000000000e+00,4.657635337423680078e-01
-1.495851251023172512e-01,-9.908707720316518863e-02,-0.000000000000000000e+00,-1.273811324345298646e-01,-0.000000000000000000e+00,1.876976992909354380e-02,-0.000000000000000000e+00,0.000000000000000000e+00,-0.000000000000000000e+00,-0.000000000000000000e+00,0.000000000000000000e+00,-0.000000000000000000e+00,-0.000000000000000000e+00,-0.000000000000000000e+00,-0.000000000000000000e+00,-4.369363880082194340e-01,-0.000000000000000000e+00,-0.000000000000000000e+00,-0.000000000000000000e+00,-1.308041652732448434e-01,0.000000000000000000e+00,0.000000000000000000e+00,0.000000000000000000e+00,-0.000000000000000000e+00,-0.000000000000000000e+00,-0.000000000000000000e+00,0.000000000000000000e+00,-4.105981263880503773e-02,0.000000000000000000e+00,-0.000000000000000000e+00,0.000000000000000000e+00,0.000000000000000000e+00,0.000000000000000000e+00,-2.706932456711065235e-02,0.000000000000000000e+00,1.350538612203830757e+00,0.000000000000000000e+00,-0.000000000000000000e+00,-0.000000000000000000e+00
0.000000000000000000e+00,-2.490869924753283393e-01,-0.000000000000000000e+00,0.000000000000000000e+00,-0.000000000000000000e+00,-2.102723524188297444e-01,0.000000000000000000e+00,0.000000000000000000e+00,0.000000000000000000e+00,-0.000000000000000000e+00,-1.733868716486591521e-01,0.000000000000000000e+00,1.093950546600292589e-01,-3.627574912572596455e-01,0.000000000000000000e+00,-0.000000000000000000e+00,-0.000000000000000000e+00,0.000000000000000000e+00,0.000000000000000000e+00,0.000000000000000000e+00,0.000000000000000000e+00,-0.000000000000000000e+00,-1.091583442462806947e-01,-5.358795515419646494e-01,-0.000000000000000000e+00,0.000000000000000000e+00,-1.923295945336070747e-02,0.000000000000000000e+00,-0.000000000000000000e+00,0.000000000000000000e+00,-4.472337891660197462e-01,-3.983661519785380856e-01,-2.538628212487364921e-01,0.000000000000000000e+00,-1.084522822314749717e-02,0.000000000000000000e+00,2.495770370193304277e+00,1.041758617736062570e-01,0.000000000000000000e+00
-5.819389617710291063e-01,0.000000000000000000e+00,0.000000000000000000e+00,-6.392699327497811113e-02,0.000000000000000000e+00,0.000000000000000000e+00,-0.000000000000000000e+00,-0.000000000000000000e+00,-4.959331952208746730e-02,0.000000000000000000e+00,5.126808405379146977e-02,-0.000000000000000000e+00,-0.000000000000000000e+00,0.000000000000000000e+00,-4.359755690975131159e-01,-0.000000000000000000e+00,0.000000000000000000e+00,-2.585531515686748105e-01,-6.129878322037591101e-03,-1.959643784296312141e-01,-8.267249736239261348e-02,0.000000000000000000e+00,0.000000000000000000e+00,0.000000000000000000e+00,-0.000000000000000000e+00,-3.358298076383289116e-02,0.000000000000000000e+00,-2.964213542077173691e-01,-0.000000000000000000e+00,-0.000000000000000000e+00,4.872234249167085585e-01,3.252727898956799257e-01,0.000000000000000000e+00,-0.000000000000000000e+00,0.000000000000000000e+00,-0.000000000000000000e+00,1.041758617736062570e-01,2.525358705152453087e+00,-0.000000000000000000e+00
0.000000000000000000e+00,-0.000000000000000000e+00,-0.000000000000000000e+00,0.000000000000000000e+00,-0.000000000000000000e+00,8.235477692881557066e-02,-0.000000000000000000e+00,0.000000000000000000e+00,-2.374522757736621248e-01,-0.000000000000000000e+00,0.000000000000000000e+00,-8.595983681811256716e-01,-0.000000000000000000e+00,0.000000000000000000e+00,-0.000000000000000000e+00,0.000000000000000000e+00,-1.042786867460967770e-01,-0.000000000000000000e+00,-3.818568562814806389e-01,0.000000000000000000e+00,0.000000000000000000e+00,-1.013226603377310499e-02,0.000000000000000000e+00,-0.000000000000000000e+00,0.000000000000000000e+00,1.463827691505325268e-01,-4.446020747287030700e-02,-0.000000000000000000e+00,0.000000000000000000e+00,-0.000000000000000000e+00,-0.000000000000000000e+00,-0.000000000000000000e+00,0.000000000000000000e+00,-1.329874270552586224e-01,4.657635337423680078e-01,-0.000000000000000000e+00,0.000000000000000000e+00,-0.000000000000000000e+00,2.331144601388954296e+00
