2.195854431636319326e+00,-2.928125481246157680e-01,-4.907813246083531089e-02,0.000000000000000000e+00,-0.000000000000000000e+00,-0.000000000000000000e+00,-0.000000000000000000e+00,0.000000000000000000e+00,-0.000000000000000000e+00,-3.010579442899555258e-02,-0.000000000000000000e+00,-0.000000000000000000e+00,0.000000000000000000e+00,-0.000000000000000000e+00,-0.000000000000000000e+00,-1.046262368810656346e-01,-2.016213967678956165e-01,-0.000000000000000000e+00,-0.000000000000000000e+00,0.000000000000000000e+00,-0.000000000000000000e+00,-0.000000000000000000e+00,-2.191843374413732781e-01,-0.000000000000000000e+00,-1.659224374339497154e-01,-2.594993470979414796e-01,-3.791306571490106470e-02,-1.739287120873426462e-01,-0.000000000000000000e+00,-0.000000000000000000e+00,-3.187868294485087794e-01,-0.000000000000000000e+00,-0.000000000000000000e+00,-9.862691762784947525e-02,-5.688275541328339374e-02,-0.000000000000000000e+00,-0.000000000000000000e+00,-2.894033675884668533e-01,-0.000000000000000000e+00
-2.928125481246157680e-01,1.903848610204862180e+00,-0.000000000000000000e+00,0.000000000000000000e+00,-0.000000000000000000e+00,-0.000000000000000000e+00,-2.264256585033493912e-05,0.000000000000000000e+00,-0.000000000000000000e+00,-1.459358414397743942e-01,-0.000000000000000000e+00,-0.000000000000000000e+00,7.333115117489581725e-02,-0.000000000000000000e+00,-0.000000000000000000e+00,-0.000000000000000000e+00,-0.000000000000000000e+00,-3.962911562064535542e-01,-6.683668566673670909e-03,0.000000000000000000e+00,0.000000000000000000e+00,-0.000000000000000000e+00,-0.000000000000000000e+00,-0.000000000000000000e+00,-0.000000000000000000e+00,-1.557653840232838260e-01,-1.588205122525350454e-01,-2.107718108260286591e-02,-2.203684331243425110e-01,-0.000000000000000000e+00,-6.442751017041194184e-02,-0.000000000000000000e+00,-0.000000000000000000e+00,-0.000000000000000000e+00,-1.206881315464700816e-01,-1.010676549873723712e-01,-4.914821232033071002e-02,-0.000000000000000000e+00,-0.000000000000000000e+00
-4.907813246083531089e-02,-0.000000000000000000e+00,2.459300783383953082e+00,0.000000000000000000e+00,-2.801689352798444332e-01,-1.444999978157332672e-02,-0.000000000000000000e+00,1.002527720516311005e+00,-0.000000000000000000e+00,-0.000000000000000000e+00,-0.000000000000000000e+00,-0.000000000000000000e+00,0.000000000000000000e+00,-1.364883511169856234e-01,-0.000000000000000000e+00,-2.616975030261590174e-01,-1.713859471101170373e-01,-0.000000000000000000e+00,0.000000000000000000e+00,3.864609413303491531e-02,-0.000000000000000000e+00,-0.000000000000000000e+00,-0.000000000000000000e+00,-0.000000000000000000e+00,-7.700836947682142275e-02,-0.000000000000000000e+00,-0.000000000000000000e+00,-1.585245397449325522e-01,-0.000000000000000000e+00,-0.000000000000000000e+00,-0.000000000000000000e+00,-0.000000000000000000e+00,-2.007582746190359757e-01,-7.211420613966616766e-02,-0.000000000000000000e+00,-0.000000000000000000e+00,-0.000000000000000000e+00,-0.000000000000000000e+00,-0.000000000000000000e+00
0.000000000000000000e+00,0.000000000000000000e+00,0.000000000000000000e+00,1.281935147527256680e+00,1.720897503902932557e-01,0.000000000000000000e+00,0.000000000000000000e+00,-0.000000000000000000e+00,0.000000000000000000e+00,7.257577990735306073e-02,0.000000000000000000e+00,0.000000000000000000e+00,-0.000000000000000000e+00,0.000000000000000000e+00,0.000000000000000000e+00,0.000000000000000000e+00,0.000000000000000000e+00,0.000000000000000000e+00,-0.000000000000000000e+00,-0.000000000000000000e+00,0.000000000000000000e+00,-0.000000000000000000e+00,0.000000000000000000e+00,0.000000000000000000e+00,0.000000000000000000e+00,3.113177239241709734e-03,6.542670112761796164e-02,3.659458236831008571e-01,0.000000000000000000e+00,5.686091407033024014e-02,0.000000000000000000e+00,0.000000000000000000e+00,0.000000000000000000e+00,0.000000000000000000e+00,0.000000000000000000e+00,0.000000000000000000e+00,0.000000000000000000e+00,0.000000000000000000e+00,0.000000000000000000e+00
-0.000000000000000000e+00,-0.000000000000000000e+00,-2.801689352798444332e-01,1.720897503902932557e-01,2.199599231603219796e+00,-0.000000000000000000e+00,-0.000000000000000000e+00,1.491735408809825580e-01,-1.198091141478074689e-01,-6.167321834037123307e-02,-0.000000000000000000e+00,-0.000000000000000000e+00,0.000000000000000000e+00,-7.130510927181440972e-02,-0.000000000000000000e+00,-1.063995832866259234e-01,-7.011677433882418375e-02,-0.000000000000000000e+00,0.000000000000000000e+00,0.000000000000000000e+00,-0.000000000000000000e+00,-0.000000000000000000e+00,-0.000000000000000000e+00,-0.000000000000000000e+00,-0.000000000000000000e+00,-1.464506939216135735e-02,-0.000000000000000000e+00,-3.584704170329137685e-01,-0.000000000000000000e+00,-1.129900723603602525e-01,-8.216873044937922366e-02,-1.310184069200315826e-01,-2.811027613968100081e-01,-3.091867458274205060e-01,-0.000000000000000000e+00,-0.000000000000000000e+00,-0.000000000000000000e+00,-0.000000000000000000e+00,-0.000000000000000000e+00
-0.000000000000000000e+00,-0.000000000000000000e+00,-1.444999978157332672e-02,0.000000000000000000e+00,-0.000000000000000000e+00,1.767797205692385853e+00,-0.000000000000000000e+00,1.620748663477105111e-01,0.000000000000000000e+00,-0.000000000000000000e+00,-2.307425328359349881e-01,0.000000000000000000e+00,6.505466693686010049e-02,-2.720530258021808812e-01,-0.000000000000000000e+00,-0.000000000000000000e+00,-1.426791979700683943e-01,-0.000000000000000000e+00,-0.000000000000000000e+00,1.467736867001329451e-02,0.000000000000000000e+00,0.000000000000000000e+00,-0.000000000000000000e+00,-0.000000000000000000e+00,-1.057667056098476888e-01,-0.000000000000000000e+00,-0.000000000000000000e+00,-0.000000000000000000e+00,-3.268479183010511990e-01,-0.000000000000000000e+00,-0.000000000000000000e+00,-0.000000000000000000e+00,-0.000000000000000000e+00,-0.000000000000000000e+00,-0.000000000000000000e+00,-1.561402730271910511e-01,-5.109886902745671561e-02,-0.000000000000000000e+00,-0.000000000000000000e+00
-0.000000000000000000e+00,-2.264256585033493912e-05,-0.000000000000000000e+00,0.000000000000000000e+00,-0.000000000000000000e+00,-0.000000000000000000e+00,1.000000000512687892e+00,0.000000000000000000e+00,0.000000000000000000e+00,-0.000000000000000000e+00,-0.000000000000000000e+00,0.000000000000000000e+00,0.000000000000000000e+00,-0.000000000000000000e+00,-0.000000000000000000e+00,-0.000000000000000000e+00,-0.000000000000000000e+00,-0.000000000000000000e+00,-0.000000000000000000e+00,0.000000000000000000e+00,-0.000000000000000000e+00,-0.000000000000000000e+00,-0.000000000000000000e+00,-0.000000000000000000e+00,-0.000000000000000000e+00,-0.000000000000000000e+00,-0.000000000000000000e+00,-0.000000000000000000e+00,-0.000000000000000000e+00,-0.000000000000000000e+00,-0.000000000000000000e+00,-0.000000000000000000e+00,0.000000000000000000e+00,-0.000000000000000000e+00,-0.000000000000000000e+00,-0.000000000000000000e+00,-0.000000000000000000e+00,-0.000000000000000000e+00,-0.000000000000000000e+00
0.000000000000000000e+00,0.000000000000000000e+00,1.002527720516311005e+00,-0.000000000000000000e+00,1.491735408809825580e-01,1.620748663477105111e-01,0.000000000000000000e+00,2.151342063575417018e+00,0.000000000000000000e+00,0.000000000000000000e+00,0.000000000000000000e+00,0.000000000000000000e+00,-0.000000000000000000e+00,1.320035192921218403e-01,0.000000000000000000e+00,1.069209885445392971e-01,9.454442456083768376e-02,0.000000000000000000e+00,-0.000000000000000000e+00,-9.402937967833539801e-02,0.000000000000000000e+00,0.000000000000000000e+00,0.000000000000000000e+00,0.000000000000000000e+00,7.442651988029169718e-02,0.000000000000000000e+00,0.000000000000000000e+00,8.383524983368659256e-02,0.000000000000000000e+00,0.000000000000000000e+00,9.831887232639187346e-02,0.000000000000000000e+00,3.440870118772543403e-03,0.000000000000000000e+00,0.000000000000000000e+00,0.000000000000000000e+00,0.000000000000000000e+00,0.000000000000000000e+00,0.000000000000000000e+00
-0.000000000000000000e+00,-0.000000000000000000e+00,-0.000000000000000000e+00,0.000000000000000000e+00,-1.198091141478074689e-01,0.000000000000000000e+00,0.000000000000000000e+00,0.000000000000000000e+00,1.631190970122347483e+00,-0.000000000000000000e+00,-0.000000000000000000e+00,-0.000000000000000000e+00,0.000000000000000000e+00,-0.000000000000000000e+00,-0.000000000000000000e+00,-0.000000000000000000e+00,-0.000000000000000000e+00,0.000000000000000000e+00,0.000000000000000000e+00,0.000000000000000000e+00,-0.000000000000000000e+00,-0.000000000000000000e+00,-0.000000000000000000e+00,-2.665620509130211570e-03,-0.000000000000000000e+00,-0.000000000000000000e+00,-0.000000000000000000e+00,-1.198524654967147857e-01,-0.000000000000000000e+00,-7.032733053032662607e-01,-0.000000000000000000e+00,-0.000000000000000000e+00,-7.043727647466396791e-02,-8.665188164949455540e-02,-0.000000000000000000e+00,-0.000000000000000000e+00,-0.000000000000000000e+00,-2.023296221612272128e-01,-8.003900331791979905e-02
-3.010579442899555258e-02,-1.459358414397743942e-01,-0.000000000000000000e+00,7.257577990735306073e-02,-6.167321834037123307e-02,-0.000000000000000000e+00,-0.000000000000000000e+00,0.000000000000000000e+00,-0.000000000000000000e+00,2.223151903652373473e+00,-0.000000000000000000e+00,-0.000000000000000000e+00,0.000000000000000000e+00,-0.000000000000000000e+00,-0.000000000000000000e+00,-4.658484112228995500e-01,-0.000000000000000000e+00,-0.000000000000000000e+00,-0.000000000000000000e+00,0.000000000000000000e+00,0.000000000000000000e+00,-0.000000000000000000e+00,-0.000000000000000000e+00,-0.000000000000000000e+00,-0.000000000000000000e+00,-9.422977414673976149e-02,-2.677424932607913588e-01,-2.170100645053539001e-01,-4.822912849547344311e-02,-1.099755218832358800e-01,-1.399123443665531985e-01,-2.312743654209776234e-01,-0.000000000000000000e+00,-0.000000000000000000e+00,-9.669384932836951052e-02,-1.205463983531809419e-01,-1.370959195763199190e-01,-0.000000000000000000e+00,-0.000000000000000000e+00
-0.000000000000000000e+00,-0.000000000000000000e+00,-0.000000000000000000e+00,0.000000000000000000e+00,-0.000000000000000000e+00,-2.307425328359349881e-01,-0.000000000000000000e+00,0.000000000000000000e+00,-0.000000000000000000e+00,-0.000000000000000000e+00,2.226571182447534714e+00,-0.000000000000000000e+00,0.000000000000000000e+00,-1.125415079771344140e-01,-1.402654263749610053e-02,-1.160919677525998200e-01,-4.600764662990352027e-01,-0.000000000000000000e+00,-0.000000000000000000e+00,0.000000000000000000e+00,0.000000000000000000e+00,0.000000000000000000e+00,-0.000000000000000000e+00,-0.000000000000000000e+00,-9.429146101242888434e-02,-1.015118064570681156e-01,-5.833236985822985200e-03,-0.000000000000000000e+00,-1.471363059677640583e-01,-0.000000000000000000e+00,-4.411556737290224517e-02,-3.230523011837623248e-01,-0.000000000000000000e+00,-0.000000000000000000e+00,-9.041761692384737981e-02,-1.937225994738606405e-01,-2.523041095724072869e-01,-0.000000000000000000e+00,-0.000000000000000000e+00
-0.000000000000000000e+00,-0.000000000000000000e+00,-0.000000000000000000e+00,0.000000000000000000e+00,-0.000000000000000000e+00,0.000000000000000000e+00,0.000000000000000000e+00,0.000000000000000000e+00,-0.000000000000000000e+00,-0.000000000000000000e+00,-0.000000000000000000e+00,1.001353423692561417e+00,0.000000000000000000e+00,-0.000000000000000000e+00,-0.000000000000000000e+00,-0.000000000000000000e+00,-0.000000000000000000e+00,0.000000000000000000e+00,3.277625746071063158e-03,-0.000000000000000000e+00,-0.000000000000000000e+00,-3.631121266035364226e-02,-0.000000000000000000e+00,-0.000000000000000000e+00,-0.000000000000000000e+00,-0.000000000000000000e+00,-0.000000000000000000e+00,-0.000000000000000000e+00,0.000000000000000000e+00,-0.000000000000000000e+00,-0.000000000000000000e+00,-0.000000000000000000e+00,-4.708412661576353089e-03,-0.000000000000000000e+00,-0.000000000000000000e+00,0.000000000000000000e+00,0.000000000000000000e+00,-0.000000000000000000e+00,-8.916654887988034435e-04
0.000000000000000000e+00,7.333115117489581725e-02,0.000000000000000000e+00,-0.000000000000000000e+00,0.000000000000000000e+00,6.505466693686010049e-02,0.000000000000000000e+00,-0.000000000000000000e+00,0.000000000000000000e+00,0.000000000000000000e+00,0.000000000000000000e+00,0.000000000000000000e+00,1.772651780030032986e+00,1.782910772122508689e-02,0.000000000000000000e+00,0.000000000000000000e+00,0.000000000000000000e+00,1.917498270220845957e-01,0.000000000000000000e+00,-0.000000000000000000e+00,0.000000000000000000e+00,0.000000000000000000e+00,0.000000000000000000e+00,0.000000000000000000e+00,2.935251723438187313e-02,6.770968532090726466e-02,9.077691105003773964e-02,0.000000000000000000e+00,1.729403366983387202e-01,0.000000000000000000e+00,5.138625748998704168e-01,1.306606923541044907e-01,0.000000000000000000e+00,0.000000000000000000e+00,7.830277173305742744e-02,0.000000000000000000e+00,9.533199545367097849e-02,0.000000000000000000e+00,0.000000000000000000e+00
-0.000000000000000000e+00,-0.000000000000000000e+00,-1.364883511169856234e-01,0.000000000000000000e+00,-7.130510927181440972e-02,-2.720530258021808812e-01,-0.000000000000000000e+00,1.320035192921218403e-01,-0.000000000000000000e+00,-0.000000000000000000e+00,-1.125415079771344140e-01,-0.000000000000000000e+00,1.782910772122508689e-02,2.381653969706555074e+00,-0.000000000000000000e+00,-1.572925752594798998e-01,-2.327253977617396441e-01,-0.000000000000000000e+00,-0.000000000000000000e+00,4.581691580246517043e-02,-0.000000000000000000e+00,-0.000000000000000000e+00,-2.490725064970690239e-01,-1.998378927456590237e-01,-1.681339314448332678e-01,-0.000000000000000000e+00,-0.000000000000000000e+00,-0.000000000000000000e+00,-8.597676922085070728e-02,-0.000000000000000000e+00,-5.632241256395319196e-02,-9.945552623255810021e-02,-2.730441095025454845e-01,-1.713989616378414627e-01,-1.574689197084848113e-01,-0.000000000000000000e+00,-4.756823387119597096e-03,-0.000000000000000000e+00,-0.000000000000000000e+00
-0.000000000000000000e+00,-0.000000000000000000e+00,-0.000000000000000000e+00,0.000000000000000000e+00,-0.000000000000000000e+00,-0.000000000000000000e+00,-0.000000000000000000e+00,0.000000000000000000e+00,-0.000000000000000000e+00,-0.000000000000000000e+00,-1.402654263749610053e-02,-0.000000000000000000e+00,0.000000000000000000e+00,-0.000000000000000000e+00,1.043084103953198172e+00,-0.000000000000000000e+00,-6.330074145354992743e-02,0.000000000000000000e+00,0.000000000000000000e+00,0.000000000000000000e+00,-0.000000000000000000e+00,-0.000000000000000000e+00,-1.660006669300800874e-01,-0.000000000000000000e+00,-0.000000000000000000e+00,-0.000000000000000000e+00,-0.000000000000000000e+00,-0.000000000000000000e+00,-0.000000000000000000e+00,-0.000000000000000000e+00,-0.000000000000000000e+00,-0.000000000000000000e+00,-0.000000000000000000e+00,-0.000000000000000000e+00,-0.000000000000000000e+00,-0.000000000000000000e+00,-0.000000000000000000e+00,-0.000000000000000000e+00,-0.000000000000000000e+00
-1.046262368810656346e-01,-0.000000000000000000e+00,-2.616975030261590174e-01,0.000000000000000000e+00,-1.063995832866259234e-01,-0.000000000000000000e+00,-0.000000000000000000e+00,1.069209885445392971e-01,-0.000000000000000000e+00,-4.658484112228995500e-01,-1.160919677525998200e-01,-0.000000000000000000e+00,0.000000000000000000e+00,-1.572925752594798998e-01,-0.000000000000000000e+00,2.352891331044155265e+00,-0.000000000000000000e+00,-0.000000000000000000e+00,-0.000000000000000000e+00,0.000000000000000000e+00,-0.000000000000000000e+00,-0.000000000000000000e+00,-1.632702642705218254e-01,-0.000000000000000000e+00,-1.812066747865222205e-01,-0.000000000000000000e+00,-0.000000000000000000e+00,-1.815670381824660840e-01,-0.000000000000000000e+00,-9.019814268501362420e-02,-1.376445511731891058e-01,-3.316939226729465756e-02,-0.000000000000000000e+00,-0.000000000000000000e+00,-1.531290925017594895e-01,-1.839465510582902474e-01,-0.000000000000000000e+00,-0.000000000000000000e+00,-0.000000000000000000e+00
-2.016213967678956165e-01,-0.000000000000000000e+00,-1.713859471101170373e-01,0.000000000000000000e+00,-7.011677433882418375e-02,-1.426791979700683943e-01,-0.000000000000000000e+00,9.454442456083768376e-02,-0.000000000000000000e+00,-0.000000000000000000e+00,-4.600764662990352027e-01,-0.000000000000000000e+00,0.000000000000000000e+00,-2.327253977617396441e-01,-6.330074145354992743e-02,-0.000000000000000000e+00,2.096156001210512709e+00,-0.000000000000000000e+00,-0.000000000000000000e+00,0.000000000000000000e+00,-0.000000000000000000e+00,-0.000000000000000000e+00,-6.657412081400559956e-02,-0.000000000000000000e+00,-3.437669220255336611e-01,-0.000000000000000000e+00,-0.000000000000000000e+00,-0.000000000000000000e+00,-7.715291552027942444e-03,-0.000000000000000000e+00,-1.601718865309958162e-01,-0.000000000000000000e+00,-0.000000000000000000e+00,-1.061012473285690913e-02,-5.593817902539472038e-04,-0.000000000000000000e+00,-8.411259624969464124e-03,-0.000000000000000000e+00,-0.000000000000000000e+00
-0.000000000000000000e+00,-3.962911562064535542e-01,-0.000000000000000000e+00,0.000000000000000000e+00,-0.000000000000000000e+00,-0.000000000000000000e+00,-0.000000000000000000e+00,0.000000000000000000e+00,0.000000000000000000e+00,-0.000000000000000000e+00,-0.000000000000000000e+00,0.000000000000000000e+00,1.917498270220845957e-01,-0.000000000000000000e+00,0.000000000000000000e+00,-0.000000000000000000e+00,-0.000000000000000000e+00,1.569147640668654864e+00,-4.191385301852024181e-01,0.000000000000000000e+00,0.000000000000000000e+00,-0.000000000000000000e+00,-0.000000000000000000e+00,-0.000000000000000000e+00,-0.000000000000000000e+00,-0.000000000000000000e+00,-0.000000000000000000e+00,-0.000000000000000000e+00,-2.176457416670142808e-01,0.000000000000000000e+00,-0.000000000000000000e+00,-0.000000000000000000e+00,0.000000000000000000e+00,-0.000000000000000000e+00,-7.386886738561475318e-02,-3.794747228012900885e-03,-9.601291421030669349e-02,-0.000000000000000000e+00,0.000000000000000000e+00
-0.000000000000000000e+00,-6.683668566673670909e-03,0.000000000000000000e+00,-0.000000000000000000e+00,0.000000000000000000e+00,-0.000000000000000000e+00,-0.000000000000000000e+00,-0.000000000000000000e+00,0.000000000000000000e+00,-0.000000000000000000e+00,-0.000000000000000000e+00,3.277625746071063158e-03,0.000000000000000000e+00,-0.000000000000000000e+00,0.000000000000000000e+00,-0.000000000000000000e+00,-0.000000000000000000e+00,-4.191385301852024181e-01,1.182907871267814492e+00,-0.000000000000000000e+00,0.000000000000000000e+00,-0.000000000000000000e+00,0.000000000000000000e+00,0.000000000000000000e+00,-0.000000000000000000e+00,-0.000000000000000000e+00,-0.000000000000000000e+00,0.000000000000000000e+00,-0.000000000000000000e+00,0.000000000000000000e+00,-0.000000000000000000e+00,-0.000000000000000000e+00,0.000000000000000000e+00,7.258022288652112020e-02,-0.000000000000000000e+00,-0.000000000000000000e+00,-0.000000000000000000e+00,0.000000000000000000e+00,2.112789411324599298e-01
0.000000000000000000e+00,0.000000000000000000e+00,3.864609413303491531e-02,-0.000000000000000000e+00,0.000000000000000000e+00,1.467736867001329451e-02,0.000000000000000000e+00,-9.402937967833539801e-02,0.000000000000000000e+00,0.000000000000000000e+00,0.000000000000000000e+00,-0.000000000000000000e+00,-0.000000000000000000e+00,4.581691580246517043e-02,0.000000000000000000e+00,0.000000000000000000e+00,0.000000000000000000e+00,0.000000000000000000e+00,-0.000000000000000000e+00,1.025890953009710449e+00,0.000000000000000000e+00,-0.000000000000000000e+00,0.000000000000000000e+00,0.000000000000000000e+00,0.000000000000000000e+00,0.000000000000000000e+00,0.000000000000000000e+00,0.000000000000000000e+00,0.000000000000000000e+00,0.000000000000000000e+00,0.000000000000000000e+00,0.000000000000000000e+00,0.000000000000000000e+00,0.000000000000000000e+00,0.000000000000000000e+00,0.000000000000000000e+00,0.000000000000000000e+00,0.000000000000000000e+00,0.000000000000000000e+00
-0.000000000000000000e+00,0.000000000000000000e+00,-0.000000000000000000e+00,0.000000000000000000e+00,-0.000000000000000000e+00,0.000000000000000000e+00,-0.000000000000000000e+00,0.000000000000000000e+00,-0.000000000000000000e+00,0.000000000000000000e+00,0.000000000000000000e+00,-0.000000000000000000e+00,0.000000000000000000e+00,-0.000000000000000000e+00,-0.000000000000000000e+00,-0.000000000000000000e+00,-0.000000000000000000e+00,0.000000000000000000e+00,0.000000000000000000e+00,0.000000000000000000e+00,1.011352374866521853e+00,-9.687716694976307441e-02,-0.000000000000000000e+00,-0.000000000000000000e+00,-0.000000000000000000e+00,0.000000000000000000e+00,0.000000000000000000e+00,-0.000000000000000000e+00,0.000000000000000000e+00,-0.000000000000000000e+00,-0.000000000000000000e+00,0.000000000000000000e+00,-0.000000000000000000e+00,-0.000000000000000000e+00,0.000000000000000000e+00,0.000000000000000000e+00,0.000000000000000000e+00,-0.000000000000000000e+00,-4.535551343109003875e-02
-0.000000000000000000e+00,-0.000000000000000000e+00,-0.000000000000000000e+00,-0.000000000000000000e+00,-0.000000000000000000e+00,0.000000000000000000e+00,-0.000000000000000000e+00,0.000000000000000000e+00,-0.000000000000000000e+00,-0.000000000000000000e+00,0.000000000000000000e+00,-3.631121266035364226e-02,0.000000000000000000e+00,-0.000000000000000000e+00,-0.000000000000000000e+00,-0.000000000000000000e+00,-0.000000000000000000e+00,-0.000000000000000000e+00,-0.000000000000000000e+00,-0.000000000000000000e+00,-9.687716694976307441e-02,1.010616238715669413e+00,-0.000000000000000000e+00,-0.000000000000000000e+00,-0.000000000000000000e+00,-0.000000000000000000e+00,-0.000000000000000000e+00,-0.000000000000000000e+00,-0.000000000000000000e+00,-0.000000000000000000e+00,-0.000000000000000000e+00,-0.000000000000000000e+00,-0.000000000000000000e+00,-0.000000000000000000e+00,-0.000000000000000000e+00,-0.000000000000000000e+00,-0.000000000000000000e+00,-0.000000000000000000e+00,-0.000000000000000000e+00
-2.191843374413732781e-01,-0.000000000000000000e+00,-0.000000000000000000e+00,0.000000000000000000e+00,-0.000000000000000000e+00,-0.000000000000000000e+00,-0.000000000000000000e+00,0.000000000000000000e+00,-0.000000000000000000e+00,-0.000000000000000000e+00,-0.000000000000000000e+00,-0.000000000000000000e+00,0.000000000000000000e+00,-2.490725064970690239e-01,-1.660006669300800874e-01,-1.632702642705218254e-01,-6.657412081400559956e-02,-0.000000000000000000e+00,0.000000000000000000e+00,0.000000000000000000e+00,-0.000000000000000000e+00,-0.000000000000000000e+00,1.880940195082968058e+00,-0.000000000000000000e+00,-5.222756066743053927e-01,-0.000000000000000000e+00,-0.000000000000000000e+00,-0.000000000000000000e+00,-0.000000000000000000e+00,-3.283802557045057378e-03,-0.000000000000000000e+00,-0.000000000000000000e+00,-2.472295134764041502e-01,-1.264174789150016021e-01,-0.000000000000000000e+00,-0.000000000000000000e+00,-0.000000000000000000e+00,-0.000000000000000000e+00,-0.000000000000000000e+00
-0.000000000000000000e+00,-0.000000000000000000e+00,-0.000000000000000000e+00,0.000000000000000000e+00,-0.000000000000000000e+00,-0.000000000000000000e+00,-0.000000000000000000e+00,0.000000000000000000e+00,-2.665620509130211570e-03,-0.000000000000000000e+00,-0.000000000000000000e+00,-0.000000000000000000e+00,0.000000000000000000e+00,-1.998378927456590237e-01,-0.000000000000000000e+00,-0.000000000000000000e+00,-0.000000000000000000e+00,-0.000000000000000000e+00,0.000000000000000000e+00,0.000000000000000000e+00,-0.000000000000000000e+00,-0.000000000000000000e+00,-0.000000000000000000e+00,1.209485441267390549e+00,-0.000000000000000000e+00,-0.000000000000000000e+00,-0.000000000000000000e+00,-0.000000000000000000e+00,-0.000000000000000000e+00,-1.996351663405761534e-01,-0.000000000000000000e+00,-0.000000000000000000e+00,-1.489297898913289064e-01,-2.920646280272785542e-02,-8.361942374554237611e-02,-0.000000000000000000e+00,-0.000000000000000000e+00,-0.000000000000000000e+00,-0.000000000000000000e+00
-1.659224374339497154e-01,-0.000000000000000000e+00,-7.700836947682142275e-02,0.000000000000000000e+00,-0.000000000000000000e+00,-1.057667056098476888e-01,-0.000000000000000000e+00,7.442651988029169718e-02,-0.000000000000000000e+00,-0.000000000000000000e+00,-9.429146101242888434e-02,-0.000000000000000000e+00,2.935251723438187313e-02,-1.681339314448332678e-01,-0.000000000000000000e+00,-1.812066747865222205e-01,-3.437669220255336611e-01,-0.000000000000000000e+00,-0.000000000000000000e+00,0.000000000000000000e+00,-0.000000000000000000e+00,-0.000000000000000000e+00,-5.222756066743053927e-01,-0.000000000000000000e+00,2.397178059620677093e+00,-0.000000000000000000e+00,-0.000000000000000000e+00,-0.000000000000000000e+00,-2.213778276272986706e-02,-0.000000000000000000e+00,-3.773509287410962698e-01,-0.000000000000000000e+00,-3.711915321883899055e-02,-0.000000000000000000e+00,-2.137178608288012316e-01,-0.000000000000000000e+00,-1.919184486647565469e-02,-0.000000000000000000e+00,-0.000000000000000000e+00
-2.594993470979414796e-01,-1.557653840232838260e-01,-0.000000000000000000e+00,3.113177239241709734e-03,-1.464506939216135735e-02,-0.000000000000000000e+00,-0.000000000000000000e+00,0.000000000000000000e+00,-0.000000000000000000e+00,-9.422977414673976149e-02,-1.015118064570681156e-01,-0.000000000000000000e+00,6.770968532090726466e-02,-0.000000000000000000e+00,-0.000000000000000000e+00,-0.000000000000000000e+00,-0.000000000000000000e+00,-0.000000000000000000e+00,-0.000000000000000000e+00,0.000000000000000000e+00,0.000000000000000000e+00,-0.000000000000000000e+00,-0.000000000000000000e+00,-0.000000000000000000e+00,-0.000000000000000000e+00,2.183217701180240500e+00,-5.706239846328745591e-01,-2.881492898475448428e-01,-7.322669369339729339e-02,-0.000000000000000000e+00,-0.000000000000000000e+00,-2.144528049848433982e-01,-0.000000000000000000e+00,-8.257490952298232600e-03,-0.000000000000000000e+00,-1.359497782621006401e-01,-4.616693706271590703e-02,-1.308145985779074205e-01,-0.000000000000000000e+00
-3.791306571490106470e-02,-1.588205122525350454e-01,-0.000000000000000000e+00,6.542670112761796164e-02,-0.000000000000000000e+00,-0.000000000000000000e+00,-0.000000000000000000e+00,0.000000000000000000e+00,-0.000000000000000000e+00,-2.677424932607913588e-01,-5.833236985822985200e-03,-0.000000000000000000e+00,9.077691105003773964e-02,-0.000000000000000000e+00,-0.000000000000000000e+00,-0.000000000000000000e+00,-0.000000000000000000e+00,-0.000000000000000000e+00,-0.000000000000000000e+00,0.000000000000000000e+00,0.000000000000000000e+00,-0.000000000000000000e+00,-0.000000000000000000e+00,-0.000000000000000000e+00,-0.000000000000000000e+00,-5.706239846328745591e-01,2.251188514853888378e+00,-3.686044035497546001e-02,-1.074279536025188470e-01,-0.000000000000000000e+00,-2.859439025682437852e-02,-3.580326655296918181e-01,-0.000000000000000000e+00,-0.000000000000000000e+00,-9.490310545147880028e-02,-3.522388620677183689e-03,-2.636926662651614683e-01,-1.310196944721014611e-01,-0.000000000000000000e+00
-1.739287120873426462e-01,-2.107718108260286591e-02,-1.585245397449325522e-01,3.659458236831008571e-01,-3.584704170329137685e-01,-0.000000000000000000e+00,-0.000000000000000000e+00,8.383524983368659256e-02,-1.198524654967147857e-01,-2.170100645053539001e-01,-0.000000000000000000e+00,-0.000000000000000000e+00,0.000000000000000000e+00,-0.000000000000000000e+00,-0.000000000000000000e+00,-1.815670381824660840e-01,-0.000000000000000000e+00,-0.000000000000000000e+00,0.000000000000000000e+00,0.000000000000000000e+00,-0.000000000000000000e+00,-0.000000000000000000e+00,-0.000000000000000000e+00,-0.000000000000000000e+00,-0.000000000000000000e+00,-2.881492898475448428e-01,-3.686044035497546001e-02,2.180124908744442536e+00,-0.000000000000000000e+00,-0.000000000000000000e+00,-6.229984079943385461e-02,-7.879541206097084166e-03,-0.000000000000000000e+00,-2.267934328435679547e-01,-0.000000000000000000e+00,-0.000000000000000000e+00,-0.000000000000000000e+00,-0.000000000000000000e+00,-0.000000000000000000e+00
-0.000000000000000000e+00,-2.203684331243425110e-01,-0.000000000000000000e+00,0.000000000000000000e+00,-0.000000000000000000e+00,-3.268479183010511990e-01,-0.000000000000000000e+00,0.000000000000000000e+00,-0.000000000000000000e+00,-4.822912849547344311e-02,-1.471363059677640583e-01,0.000000000000000000e+00,1.729403366983387202e-01,-8.597676922085070728e-02,-0.000000000000000000e+00,-0.000000000000000000e+00,-7.715291552027942444e-03,-2.176457416670142808e-01,-0.000000000000000000e+00,0.000000000000000000e+00,0.000000000000000000e+00,-0.000000000000000000e+00,-0.000000000000000000e+00,-0.000000000000000000e+00,-2.213778276272986706e-02,-7.322669369339729339e-02,-1.074279536025188470e-01,-0.000000000000000000e+00,2.551922621034954819e+00,-0.000000000000000000e+00,-1.352108652800651165e-02,-2.097166430494600553e-01,-0.000000000000000000e+00,-0.000000000000000000e+00,-2.490863911983033918e-01,-3.875435405384975995e-01,-4.306319310818935708e-01,-0.000000000000000000e+00,-0.000000000000000000e+00
-0.000000000000000000e+00,-0.000000000000000000e+00,-0.000000000000000000e+00,5.686091407033024014e-02,-1.129900723603602525e-01,-0.000000000000000000e+00,-0.000000000000000000e+00,0.000000000000000000e+00,-7.032733053032662607e-01,-1.099755218832358800e-01,-0.000000000000000000e+00,-0.000000000000000000e+00,0.000000000000000000e+00,-0.000000000000000000e+00,-0.000000000000000000e+00,-9.019814268501362420e-02,-0.000000000000000000e+00,0.000000000000000000e+00,0.000000000000000000e+00,0.000000000000000000e+00,-0.000000000000000000e+00,-0.000000000000000000e+00,-3.283802557045057378e-03,-1.996351663405761534e-01,-0.000000000000000000e+00,-0.000000000000000000e+00,-0.000000000000000000e+00,-0.000000000000000000e+00,-0.000000000000000000e+00,1.687107242908251203e+00,-0.000000000000000000e+00,-0.000000000000000000e+00,-2.049571939932784415e-01,-0.000000000000000000e+00,-0.000000000000000000e+00,-0.000000000000000000e+00,-0.000000000000000000e+00,-0.000000000000000000e+00,-4.214908030282986384e-02
-3.187868294485087794e-01,-6.442751017041194184e-02,-0.000000000000000000e+00,0.000000000000000000e+00,-8.216873044937922366e-02,-0.000000000000000000e+00,-0.000000000000000000e+00,9.831887232639187346e-02,-0.000000000000000000e+00,-1.399123443665531985e-01,-4.411556737290224517e-02,-0.000000000000000000e+00,5.138625748998704168e-01,-5.632241256395319196e-02,-0.000000000000000000e+00,-1.376445511731891058e-01,-1.601718865309958162e-01,-0.000000000000000000e+00,-0.000000000000000000e+00,0.000000000000000000e+00,-0.000000000000000000e+00,-0.000000000000000000e+00,-0.000000000000000000e+00,-0.000000000000000000e+00,-3.773509287410962698e-01,-0.000000000000000000e+00,-2.859439025682437852e-02,-6.229984079943385461e-02,-1.352108652800651165e-02,-0.000000000000000000e+00,2.479031307834647535e+00,-0.000000000000000000e+00,-0.000000000000000000e+00,-2.977037863205689305e-02,-2.720628102229755152e-01,-0.000000000000000000e+00,-1.779225624341716216e-01,-0.000000000000000000e+00,-0.000000000000000000e+00
-0.000000000000000000e+00,-0.000000000000000000e+00,-0.000000000000000000e+00,0.000000000000000000e+00,-1.310184069200315826e-01,-0.000000000000000000e+00,-0.000000000000000000e+00,0.000000000000000000e+00,-0.000000000000000000e+00,-2.312743654209776234e-01,-3.230523011837623248e-01,-0.000000000000000000e+00,1.306606923541044907e-01,-9.945552623255810021e-02,-0.000000000000000000e+00,-3.316939226729465756e-02,-0.000000000000000000e+00,-0.000000000000000000e+00,-0.000000000000000000e+00,0.000000000000000000e+00,0.000000000000000000e+00,-0.000000000000000000e+00,-0.000000000000000000e+00,-0.000000000000000000e+00,-0.000000000000000000e+00,-2.144528049848433982e-01,-3.580326655296918181e-01,-7.879541206097084166e-03,-2.097166430494600553e-01,-0.000000000000000000e+00,-0.000000000000000000e+00,2.490412789215635581e+00,-0.000000000000000000e+00,-0.000000000000000000e+00,-1.977704439323672014e-01,-1.054195969650973397e-01,-4.669183544741904446e-01,-0.000000000000000000e+00,-0.000000000000000000e+00
-0.000000000000000000e+00,-0.000000000000000000e+00,-2.007582746190359757e-01,0.000000000000000000e+00,-2.811027613968100081e-01,-0.000000000000000000e+00,0.000000000000000000e+00,3.440870118772543403e-03,-7.043727647466396791e-02,-0.000000000000000000e+00,-0.000000000000000000e+00,-4.708412661576353089e-03,0.000000000000000000e+00,-2.730441095025454845e-01,-0.000000000000000000e+00,-0.000000000000000000e+00,-0.000000000000000000e+00,0.000000000000000000e+00,0.000000000000000000e+00,0.000000000000000000e+00,-0.000000000000000000e+00,-0.000000000000000000e+00,-2.472295134764041502e-01,-1.489297898913289064e-01,-3.711915321883899055e-02,-0.000000000000000000e+00,-0.000000000000000000e+00,-0.000000000000000000e+00,-0.000000000000000000e+00,-2.049571939932784415e-01,-0.000000000000000000e+00,-0.000000000000000000e+00,1.916773896475772565e+00,-3.975056696260608757e-01,-0.000000000000000000e+00,-0.000000000000000000e+00,-0.000000000000000000e+00,-0.000000000000000000e+00,-0.000000000000000000e+00
-9.862691762784947525e-02,-0.000000000000000000e+00,-7.211420613966616766e-02,0.000000000000000000e+00,-3.091867458274205060e-01,-0.000000000000000000e+00,-0.000000000000000000e+00,0.000000000000000000e+00,-8.665188164949455540e-02,-0.000000000000000000e+00,-0.000000000000000000e+00,-0.000000000000000000e+00,0.000000000000000000e+00,-1.713989616378414627e-01,-0.000000000000000000e+00,-0.000000000000000000e+00,-1.061012473285690913e-02,-0.000000000000000000e+00,7.258022288652112020e-02,0.000000000000000000e+00,-0.000000000000000000e+00,-0.000000000000000000e+00,-1.264174789150016021e-01,-2.920646280272785542e-02,-0.000000000000000000e+00,-8.257490952298232600e-03,-0.000000000000000000e+00,-2.267934328435679547e-01,-0.000000000000000000e+00,-0.000000000000000000e+00,-2.977037863205689305e-02,-0.000000000000000000e+00,-3.975056696260608757e-01,1.849204859651123911e+00,-0.000000000000000000e+00,-0.000000000000000000e+00,-0.000000000000000000e+00,-3.308632244226000080e-02,-1.998316322024115410e-01
-5.688275541328339374e-02,-1.206881315464700816e-01,-0.000000000000000000e+00,0.000000000000000000e+00,-0.000000000000000000e+00,-0.000000000000000000e+00,-0.000000000000000000e+00,0.000000000000000000e+00,-0.000000000000000000e+00,-9.669384932836951052e-02,-9.041761692384737981e-02,-0.000000000000000000e+00,7.830277173305742744e-02,-1.574689197084848113e-01,-0.000000000000000000e+00,-1.531290925017594895e-01,-5.593817902539472038e-04,-7.386886738561475318e-02,-0.000000000000000000e+00,0.000000000000000000e+00,0.000000000000000000e+00,-0.000000000000000000e+00,-0.000000000000000000e+00,-8.361942374554237611e-02,-2.137178608288012316e-01,-0.000000000000000000e+00,-9.490310545147880028e-02,-0.000000000000000000e+00,-2.490863911983033918e-01,-0.000000000000000000e+00,-2.720628102229755152e-01,-1.977704439323672014e-01,-0.000000000000000000e+00,-0.000000000000000000e+00,2.447087718496711695e+00,-6.025975914544503403e-02,-5.088368447267718198e-01,-0.000000000000000000e+00,-0.000000000000000000e+00
-0.000000000000000000e+00,-1.010676549873723712e-01,-0.000000000000000000e+00,0.000000000000000000e+00,-0.000000000000000000e+00,-1.561402730271910511e-01,-0.000000000000000000e+00,0.000000000000000000e+00,-0.000000000000000000e+00,-1.205463983531809419e-01,-1.937225994738606405e-01,0.000000000000000000e+00,0.000000000000000000e+00,-0.000000000000000000e+00,-0.000000000000000000e+00,-1.839465510582902474e-01,-0.000000000000000000e+00,-3.794747228012900885e-03,-0.000000000000000000e+00,0.000000000000000000e+00,0.000000000000000000e+00,-0.000000000000000000e+00,-0.000000000000000000e+00,-0.000000000000000000e+00,-0.000000000000000000e+00,-1.359497782621006401e-01,-3.522388620677183689e-03,-0.000000000000000000e+00,-3.875435405384975995e-01,-0.000000000000000000e+00,-0.000000000000000000e+00,-1.054195969650973397e-01,-0.000000000000000000e+00,-0.000000000000000000e+00,-6.025975914544503403e-02,1.758652937354734158e+00,-3.912979190729463930e-02,-0.000000000000000000e+00,-0.000000000000000000e+00
-0.000000000000000000e+00,-4.914821232033071002e-02,-0.000000000000000000e+00,0.000000000000000000e+00,-0.000000000000000000e+00,-5.109886902745671561e-02,-0.000000000000000000e+00,0.000000000000000000e+00,-0.000000000000000000e+00,-1.370959195763199190e-01,-2.523041095724072869e-01,0.000000000000000000e+00,9.533199545367097849e-02,-4.756823387119597096e-03,-0.000000000000000000e+00,-0.000000000000000000e+00,-8.411259624969464124e-03,-9.601291421030669349e-02,-0.000000000000000000e+00,0.000000000000000000e+00,0.000000000000000000e+00,-0.000000000000000000e+00,-0.000000000000000000e+00,-0.000000000000000000e+00,-1.919184486647565469e-02,-4.616693706271590703e-02,-2.636926662651614683e-01,-0.000000000000000000e+00,-4.306319310818935708e-01,-0.000000000000000000e+00,-1.779225624341716216e-01,-4.669183544741904446e-01,-0.000000000000000000e+00,-0.000000000000000000e+00,-5.088368447267718198e-01,-3.912979190729463930e-02,2.616399335200346510e+00,-0.000000000000000000e+00,-0.000000000000000000e+00
-2.894033675884668533e-01,-0.000000000000000000e+00,-0.000000000000000000e+00,0.000000000000000000e+00,-0.000000000000000000e+00,-0.000000000000000000e+00,-0.000000000000000000e+00,0.000000000000000000e+00,-2.023296221612272128e-01,-0.000000000000000000e+00,-0.000000000000000000e+00,-0.000000000000000000e+00,0.000000000000000000e+00,-0.000000000000000000e+00,-0.000000000000000000e+00,-0.000000000000000000e+00,-0.000000000000000000e+00,-0.000000000000000000e+00,0.000000000000000000e+00,0.000000000000000000e+00,-0.000000000000000000e+00,-0.000000000000000000e+00,-0.000000000000000000e+00,-0.000000000000000000e+00,-0.000000000000000000e+00,-1.308145985779074205e-01,-1.310196944721014611e-01,-0.000000000000000000e+00,-0.000000000000000000e+00,-0.000000000000000000e+00,-0.000000000000000000e+00,-0.000000000000000000e+00,-0.000000000000000000e+00,-3.308632244226000080e-02,-0.000000000000000000e+00,-0.000000000000000000e+00,-0.000000000000000000e+00,1.395276283928660321e+00,-3.164029763444363152e-01
-0.000000000000000000e+00,-0.000000000000000000e+00,-0.000000000000000000e+00,0.000000000000000000e+00,-0.000000000000000000e+00,-0.000000000000000000e+00,-0.000000000000000000e+00,0.000000000000000000e+00,-8.003900331791979905e-02,-0.000000000000000000e+00,-0.000000000000000000e+00,-8.916654887988034435e-04,0.000000000000000000e+00,-0.000000000000000000e+00,-0.000000000000000000e+00,-0.000000000000000000e+00,-0.000000000000000000e+00,0.000000000000000000e+00,2.112789411324599298e-01,0.000000000000000000e+00,-4.535551343109003875e-02,-0.000000000000000000e+00,-0.000000000000000000e+00,-0.000000000000000000e+00,-0.000000000000000000e+00,-0.000000000000000000e+00,-0.000000000000000000e+00,-0.000000000000000000e+00,-0.000000000000000000e+00,-4.214908030282986384e-02,-0.000000000000000000e+00,-0.000000000000000000e+00,-0.000000000000000000e+00,-1.998316322024115410e-01,-0.000000000000000000e+00,-0.000000000000000000e+00,-0.000000000000000000e+00,-3.164029763444363152e-01,1.231096049533995318e+00
