1.981860226802706348e+00,-6.352572548886588066e-01,-9.915790336232878366e-02,-0.000000000000000000e+00,-0.000000000000000000e+00,-0.000000000000000000e+00,-0.000000000000000000e+00,0.000000000000000000e+00,-1.677489636191901445e-01,-0.000000000000000000e+00,0.000000000000000000e+00,-0.000000000000000000e+00,0.000000000000000000e+00,-6.241213748680439488e-02,-0.000000000000000000e+00,-1.334710918796749857e-01,-0.000000000000000000e+00,-0.000000000000000000e+00,-0.000000000000000000e+00,-0.000000000000000000e+00,-0.000000000000000000e+00,-0.000000000000000000e+00,-0.000000000000000000e+00,-0.000000000000000000e+00,-0.000000000000000000e+00,-4.064289057710000486e-01,-0.000000000000000000e+00,-0.000000000000000000e+00,0.000000000000000000e+00,-2.364673330944381743e-02,-0.000000000000000000e+00,-0.000000000000000000e+00,0.000000000000000000e+00,0.000000000000000000e+00,0.000000000000000000e+00,-9.961482471672336581e-02,-0.000000000000000000e+00,-2.914479970705179390e-01,-0.000000000000000000e+00
-6.352572548886588066e-01,1.772515861090381062e+00,-0.000000000000000000e+00,-0.000000000000000000e+00,-7.894213790663734756e-03,-0.000000000000000000e+00,-0.000000000000000000e+00,0.000000000000000000e+00,-1.580378507159291568e-01,-0.000000000000000000e+00,-0.000000000000000000e+00,-0.000000000000000000e+00,0.000000000000000000e+00,-2.214416186552477239e-01,-0.000000000000000000e+00,-0.000000000000000000e+00,-0.000000000000000000e+00,-0.000000000000000000e+00,-0.000000000000000000e+00,-0.000000000000000000e+00,-0.000000000000000000e+00,-0.000000000000000000e+00,-0.000000000000000000e+00,-0.000000000000000000e+00,-0.000000000000000000e+00,-3.085586188566996624e-01,-2.089112701598952737e-01,-0.000000000000000000e+00,0.000000000000000000e+00,-0.000000000000000000e+00,0.000000000000000000e+00,-0.000000000000000000e+00,0.000000000000000000e+00,-0.000000000000000000e+00,-0.000000000000000000e+00,-0.000000000000000000e+00,-0.000000000000000000e+00,-0.000000000000000000e+00,-0.000000000000000000e+00
-9.915790336232878366e-02,-0.000000000000000000e+00,2.034162473506505364e+00,-0.000000000000000000e+00,-3.458979553450258204e-01,-0.000000000000000000e+00,-0.000000000000000000e+00,6.594693067762300576e-01,-1.701365199889810775e-02,-0.000000000000000000e+00,-0.000000000000000000e+00,-0.000000000000000000e+00,-0.000000000000000000e+00,-0.000000000000000000e+00,-0.000000000000000000e+00,-0.000000000000000000e+00,-0.000000000000000000e+00,-1.469444293900796228e-01,-4.879422508239490003e-02,-0.000000000000000000e+00,-4.612331227501421105e-01,-2.918917718708508580e-01,-0.000000000000000000e+00,-0.000000000000000000e+00,-0.000000000000000000e+00,-0.000000000000000000e+00,-0.000000000000000000e+00,-5.464965280359737609e-02,-0.000000000000000000e+00,-0.000000000000000000e+00,-0.000000000000000000e+00,-0.000000000000000000e+00,-3.695882549353993185e-02,-0.000000000000000000e+00,0.000000000000000000e+00,-8.275284475660701911e-02,-0.000000000000000000e+00,-0.000000000000000000e+00,-0.000000000000000000e+00
-0.000000000000000000e+00,-0.000000000000000000e+00,-0.000000000000000000e+00,1.739011301443509572e+00,-0.000000000000000000e+00,-0.000000000000000000e+00,-2.725453191748853365e-01,-0.000000000000000000e+00,-0.000000000000000000e+00,-7.116810368467647863e-02,-0.000000000000000000e+00,-0.000000000000000000e+00,-8.973910145983411690e-02,-0.000000000000000000e+00,-0.000000000000000000e+00,-0.000000000000000000e+00,0.000000000000000000e+00,-1.211034678760731509e-01,-4.835910322846699860e-01,-2.514679598978655228e-01,-0.000000000000000000e+00,-4.937634286972625297e-02,-0.000000000000000000e+00,-0.000000000000000000e+00,-3.601132710926776420e-02,-0.000000000000000000e+00,0.000000000000000000e+00,-9.203557086880014004e-02,0.000000000000000000e+00,-0.000000000000000000e+00,-0.000000000000000000e+00,-0.000000000000000000e+00,0.000000000000000000e+00,-0.000000000000000000e+00,0.000000000000000000e+00,-2.115496709039204823e-02,-0.000000000000000000e+00,-0.000000000000000000e+00,-0.000000000000000000e+00
-0.000000000000000000e+00,-7.894213790663734756e-03,-3.458979553450258204e-01,-0.000000000000000000e+00,1.573615779312272034e+00,-0.000000000000000000e+00,-0.000000000000000000e+00,0.000000000000000000e+00,-2.989345860332008262e-02,-1.137178575701095623e-01,0.000000000000000000e+00,-0.000000000000000000e+00,-0.000000000000000000e+00,-3.178419951800998677e-01,-0.000000000000000000e+00,-3.563653261437140646e-02,-0.000000000000000000e+00,-0.000000000000000000e+00,-0.000000000000000000e+00,-0.000000000000000000e+00,-0.000000000000000000e+00,-0.000000000000000000e+00,-0.000000000000000000e+00,-0.000000000000000000e+00,-3.582907192561935773e-03,-1.493480408349367183e-01,-6.251155979602637802e-02,-1.572663015168741796e-01,-0.000000000000000000e+00,-4.932819728230429523e-02,-4.578573710612375558e-02,-2.028263906271486339e-01,-0.000000000000000000e+00,-0.000000000000000000e+00,0.000000000000000000e+00,-0.000000000000000000e+00,-0.000000000000000000e+00,-0.000000000000000000e+00,-0.000000000000000000e+00
-0.000000000000000000e+00,-0.000000000000000000e+00,-0.000000000000000000e+00,-0.000000000000000000e+00,-0.000000000000000000e+00,1.929995758908355175e+00,-0.000000000000000000e+00,-0.000000000000000000e+00,-0.000000000000000000e+00,-0.000000000000000000e+00,0.000000000000000000e+00,-0.000000000000000000e+00,-0.000000000000000000e+00,-3.890923288818684371e-03,-1.046933982540518282e-01,-0.000000000000000000e+00,-5.948611560599507131e-01,-0.000000000000000000e+00,-0.000000000000000000e+00,-0.000000000000000000e+00,-0.000000000000000000e+00,-0.000000000000000000e+00,-3.976191359642741174e-01,-3.460525142323040426e-01,-1.992933734476315111e-01,-0.000000000000000000e+00,-0.000000000000000000e+00,-2.776640731964575420e-02,0.000000000000000000e+00,0.000000000000000000e+00,-0.000000000000000000e+00,-0.000000000000000000e+00,0.000000000000000000e+00,-0.000000000000000000e+00,-0.000000000000000000e+00,-0.000000000000000000e+00,-2.499672363551386500e-01,-0.000000000000000000e+00,-3.673432436060609235e-02
-0.000000000000000000e+00,-0.000000000000000000e+00,-0.000000000000000000e+00,-2.725453191748853365e-01,-0.000000000000000000e+00,-0.000000000000000000e+00,2.196281839619516951e+00,-0.000000000000000000e+00,-2.621707527712711233e-02,-1.664632099474950000e-01,-0.000000000000000000e+00,-2.267572519707009293e-01,-0.000000000000000000e+00,-0.000000000000000000e+00,-3.111655430226186736e-01,-0.000000000000000000e+00,0.000000000000000000e+00,-6.965325734927726997e-02,-3.391540453589527160e-01,-1.391686915702408378e-01,-0.000000000000000000e+00,-1.941468045265342390e-01,-2.387882294020192420e-01,-0.000000000000000000e+00,-1.457072401917687944e-03,-0.000000000000000000e+00,-0.000000000000000000e+00,-6.512382856910510498e-02,0.000000000000000000e+00,-0.000000000000000000e+00,0.000000000000000000e+00,-0.000000000000000000e+00,0.000000000000000000e+00,-0.000000000000000000e+00,0.000000000000000000e+00,-0.000000000000000000e+00,-0.000000000000000000e+00,-1.132553600056862425e-01,-7.157693920075083871e-02
0.000000000000000000e+00,0.000000000000000000e+00,6.594693067762300576e-01,-0.000000000000000000e+00,0.000000000000000000e+00,-0.000000000000000000e+00,-0.000000000000000000e+00,1.481786872228962659e+00,0.000000000000000000e+00,0.000000000000000000e+00,0.000000000000000000e+00,-0.000000000000000000e+00,-0.000000000000000000e+00,0.000000000000000000e+00,-0.000000000000000000e+00,0.000000000000000000e+00,-0.000000000000000000e+00,0.000000000000000000e+00,0.000000000000000000e+00,-0.000000000000000000e+00,0.000000000000000000e+00,0.000000000000000000e+00,-0.000000000000000000e+00,-0.000000000000000000e+00,-0.000000000000000000e+00,0.000000000000000000e+00,0.000000000000000000e+00,0.000000000000000000e+00,0.000000000000000000e+00,0.000000000000000000e+00,0.000000000000000000e+00,0.000000000000000000e+00,4.316008417273851649e-01,-0.000000000000000000e+00,-0.000000000000000000e+00,0.000000000000000000e+00,-0.000000000000000000e+00,-0.000000000000000000e+00,-0.000000000000000000e+00
-1.677489636191901445e-01,-1.580378507159291568e-01,-1.701365199889810775e-02,-0.000000000000000000e+00,-2.989345860332008262e-02,-0.000000000000000000e+00,-2.621707527712711233e-02,0.000000000000000000e+00,2.541429424812103210e+00,-1.213165402585160701e-01,0.000000000000000000e+00,-3.028516006185987264e-01,0.000000000000000000e+00,-0.000000000000000000e+00,-1.952778133131775895e-02,-0.000000000000000000e+00,-0.000000000000000000e+00,-4.745312745974661905e-01,-4.245368999811129779e-02,-0.000000000000000000e+00,-0.000000000000000000e+00,-0.000000000000000000e+00,-0.000000000000000000e+00,-0.000000000000000000e+00,-4.629317829426925560e-03,-2.228576623767503095e-01,-0.000000000000000000e+00,-0.000000000000000000e+00,0.000000000000000000e+00,-8.531508499268726509e-02,0.000000000000000000e+00,-0.000000000000000000e+00,0.000000000000000000e+00,-0.000000000000000000e+00,0.000000000000000000e+00,-0.000000000000000000e+00,-0.000000000000000000e+00,-5.126095270633522771e-01,-4.331445922037223673e-01
-0.000000000000000000e+00,-0.000000000000000000e+00,-0.000000000000000000e+00,-7.116810368467647863e-02,-1.137178575701095623e-01,-0.000000000000000000e+00,-1.664632099474950000e-01,0.000000000000000000e+00,-1.213165402585160701e-01,2.371110675022728653e+00,0.000000000000000000e+00,-0.000000000000000000e+00,-0.000000000000000000e+00,-0.000000000000000000e+00,-0.000000000000000000e+00,-5.125817038103840373e-01,-0.000000000000000000e+00,-0.000000000000000000e+00,-5.326013688242190458e-01,-0.000000000000000000e+00,-0.000000000000000000e+00,-0.000000000000000000e+00,-0.000000000000000000e+00,-0.000000000000000000e+00,-0.000000000000000000e+00,-5.851938198910889427e-02,-0.000000000000000000e+00,-3.296342784242040080e-01,0.000000000000000000e+00,-2.403995130640539657e-01,-0.000000000000000000e+00,-1.241497240987033263e-01,0.000000000000000000e+00,-0.000000000000000000e+00,0.000000000000000000e+00,-0.000000000000000000e+00,-0.000000000000000000e+00,-1.314438965461562914e-01,-1.916124209577018123e-01
0.000000000000000000e+00,-0.000000000000000000e+00,-0.000000000000000000e+00,-0.000000000000000000e+00,0.000000000000000000e+00,0.000000000000000000e+00,-0.000000000000000000e+00,0.000000000000000000e+00,0.000000000000000000e+00,0.000000000000000000e+00,9.999999999999997780e-01,-0.000000000000000000e+00,-0.000000000000000000e+00,0.000000000000000000e+00,-0.000000000000000000e+00,0.000000000000000000e+00,-0.000000000000000000e+00,0.000000000000000000e+00,-0.000000000000000000e+00,-0.000000000000000000e+00,-0.000000000000000000e+00,-0.000000000000000000e+00,0.000000000000000000e+00,-0.000000000000000000e+00,0.000000000000000000e+00,0.000000000000000000e+00,-0.000000000000000000e+00,-0.000000000000000000e+00,-0.000000000000000000e+00,0.000000000000000000e+00,-0.000000000000000000e+00,-0.000000000000000000e+00,-0.000000000000000000e+00,-0.000000000000000000e+00,-0.000000000000000000e+00,-0.000000000000000000e+00,-0.000000000000000000e+00,0.000000000000000000e+00,0.000000000000000000e+00
-0.000000000000000000e+00,-0.000000000000000000e+00,-0.000000000000000000e+00,-0.000000000000000000e+00,-0.000000000000000000e+00,-0.000000000000000000e+00,-2.267572519707009293e-01,-0.000000000000000000e+00,-3.028516006185987264e-01,-0.000000000000000000e+00,-0.000000000000000000e+00,2.151722355800956166e+00,-0.000000000000000000e+00,-0.000000000000000000e+00,-6.268842038260279415e-01,-0.000000000000000000e+00,0.000000000000000000e+00,-1.320715603669098404e-01,-0.000000000000000000e+00,-2.898345217857328793e-01,-0.000000000000000000e+00,-0.000000000000000000e+00,-8.323036002153266083e-03,-0.000000000000000000e+00,-3.430792378170407358e-02,-0.000000000000000000e+00,-0.000000000000000000e+00,-3.858896115667370674e-02,4.367489201283573930e-02,-0.000000000000000000e+00,0.000000000000000000e+00,-0.000000000000000000e+00,3.068914392176379582e-02,-1.000512308534258349e-01,0.000000000000000000e+00,-0.000000000000000000e+00,-0.000000000000000000e+00,-9.150076836124428070e-02,-2.136633533824155717e-01
0.000000000000000000e+00,0.000000000000000000e+00,-0.000000000000000000e+00,-8.973910145983411690e-02,-0.000000000000000000e+00,-0.000000000000000000e+00,-0.000000000000000000e+00,-0.000000000000000000e+00,0.000000000000000000e+00,-0.000000000000000000e+00,-0.000000000000000000e+00,-0.000000000000000000e+00,1.296017268640410336e+00,-0.000000000000000000e+00,-0.000000000000000000e+00,0.000000000000000000e+00,-0.000000000000000000e+00,-0.000000000000000000e+00,-0.000000000000000000e+00,-1.668959564339892732e-01,-1.111014734157509259e-01,-0.000000000000000000e+00,-0.000000000000000000e+00,-9.269781713136580892e-02,-1.861976129095720411e-01,0.000000000000000000e+00,0.000000000000000000e+00,-6.543068089920001107e-03,-0.000000000000000000e+00,0.000000000000000000e+00,-6.970095795315420228e-02,-0.000000000000000000e+00,-6.255314184833070390e-02,-0.000000000000000000e+00,-0.000000000000000000e+00,-0.000000000000000000e+00,-2.208487596441422451e-01,0.000000000000000000e+00,0.000000000000000000e+00
-6.241213748680439488e-02,-2.214416186552477239e-01,-0.000000000000000000e+00,-0.000000000000000000e+00,-3.178419951800998677e-01,-3.890923288818684371e-03,-0.000000000000000000e+00,0.000000000000000000e+00,-0.000000000000000000e+00,-0.000000000000000000e+00,0.000000000000000000e+00,-0.000000000000000000e+00,-0.000000000000000000e+00,1.625813830122771586e+00,-0.000000000000000000e+00,-0.000000000000000000e+00,-0.000000000000000000e+00,-0.000000000000000000e+00,-0.000000000000000000e+00,-0.000000000000000000e+00,-0.000000000000000000e+00,-0.000000000000000000e+00,-2.046282978903525285e-01,-2.354699215179806571e-01,-1.143028992090270174e-01,-3.327964346895420644e-02,-0.000000000000000000e+00,-0.000000000000000000e+00,0.000000000000000000e+00,-0.000000000000000000e+00,-0.000000000000000000e+00,-0.000000000000000000e+00,-0.000000000000000000e+00,-0.000000000000000000e+00,-0.000000000000000000e+00,-7.630733412465000309e-02,-2.604124183870355491e-01,-0.000000000000000000e+00,-0.000000000000000000e+00
-0.000000000000000000e+00,-0.000000000000000000e+00,-0.000000000000000000e+00,-0.000000000000000000e+00,-0.000000000000000000e+00,-1.046933982540518282e-01,-3.111655430226186736e-01,-0.000000000000000000e+00,-1.952778133131775895e-02,-0.000000000000000000e+00,-0.000000000000000000e+00,-6.268842038260279415e-01,-0.000000000000000000e+00,-0.000000000000000000e+00,2.091345241801275900e+00,-0.000000000000000000e+00,0.000000000000000000e+00,-0.000000000000000000e+00,-2.724281641476751850e-02,-3.175293480935262869e-01,-0.000000000000000000e+00,-0.000000000000000000e+00,-0.000000000000000000e+00,-1.679399943349051041e-03,-1.092453540459481093e-01,-0.000000000000000000e+00,-0.000000000000000000e+00,-0.000000000000000000e+00,1.795675593850862839e-01,-0.000000000000000000e+00,0.000000000000000000e+00,-0.000000000000000000e+00,1.943831241008787958e-01,-1.245995091949327616e-01,0.000000000000000000e+00,-0.000000000000000000e+00,-0.000000000000000000e+00,-7.271990888048616986e-02,-1.665766234063913165e-01
-1.334710918796749857e-01,-0.000000000000000000e+00,-0.000000000000000000e+00,-0.000000000000000000e+00,-3.563653261437140646e-02,-0.000000000000000000e+00,-0.000000000000000000e+00,0.000000000000000000e+00,-0.000000000000000000e+00,-5.125817038103840373e-01,0.000000000000000000e+00,-0.000000000000000000e+00,0.000000000000000000e+00,-0.000000000000000000e+00,-0.000000000000000000e+00,1.864424328345133830e+00,-0.000000000000000000e+00,-0.000000000000000000e+00,-0.000000000000000000e+00,0.000000000000000000e+00,0.000000000000000000e+00,-0.000000000000000000e+00,-0.000000000000000000e+00,0.000000000000000000e+00,-0.000000000000000000e+00,-6.364928379915528456e-03,-0.000000000000000000e+00,-2.263109812287928194e-02,0.000000000000000000e+00,-7.399226964224756564e-01,-0.000000000000000000e+00,-0.000000000000000000e+00,0.000000000000000000e+00,0.000000000000000000e+00,1.548948079817276391e-01,-0.000000000000000000e+00,0.000000000000000000e+00,-0.000000000000000000e+00,-1.781670610095251461e-01
-0.000000000000000000e+00,-0.000000000000000000e+00,-0.000000000000000000e+00,0.000000000000000000e+00,-0.000000000000000000e+00,-5.948611560599507131e-01,0.000000000000000000e+00,-0.000000000000000000e+00,-0.000000000000000000e+00,-0.000000000000000000e+00,-0.000000000000000000e+00,0.000000000000000000e+00,-0.000000000000000000e+00,-0.000000000000000000e+00,0.000000000000000000e+00,-0.000000000000000000e+00,1.317913318546325874e+00,-0.000000000000000000e+00,0.000000000000000000e+00,0.000000000000000000e+00,0.000000000000000000e+00,0.000000000000000000e+00,-0.000000000000000000e+00,-0.000000000000000000e+00,-0.000000000000000000e+00,-0.000000000000000000e+00,-0.000000000000000000e+00,-0.000000000000000000e+00,-0.000000000000000000e+00,-0.000000000000000000e+00,-0.000000000000000000e+00,-0.000000000000000000e+00,0.000000000000000000e+00,0.000000000000000000e+00,-0.000000000000000000e+00,-0.000000000000000000e+00,-9.948678115826477264e-02,-0.000000000000000000e+00,-0.000000000000000000e+00
-0.000000000000000000e+00,-0.000000000000000000e+00,-1.469444293900796228e-01,-1.211034678760731509e-01,-0.000000000000000000e+00,-0.000000000000000000e+00,-6.965325734927726997e-02,0.000000000000000000e+00,-4.745312745974661905e-01,-0.000000000000000000e+00,0.000000000000000000e+00,-1.320715603669098404e-01,-0.000000000000000000e+00,-0.000000000000000000e+00,-0.000000000000000000e+00,-0.000000000000000000e+00,-0.000000000000000000e+00,2.380076935740402355e+00,-3.376461733514410368e-01,-9.242495818259124918e-02,-0.000000000000000000e+00,-1.930453757704271023e-01,-8.048915543678793194e-02,-0.000000000000000000e+00,-1.869713227561412006e-02,-1.653976046504663233e-01,-0.000000000000000000e+00,-0.000000000000000000e+00,2.394473017264233186e-02,-0.000000000000000000e+00,0.000000000000000000e+00,-0.000000000000000000e+00,0.000000000000000000e+00,-0.000000000000000000e+00,0.000000000000000000e+00,-0.000000000000000000e+00,-0.000000000000000000e+00,-3.475335751080704250e-01,-2.532174339473877156e-01
-0.000000000000000000e+00,-0.000000000000000000e+00,-4.879422508239490003e-02,-4.835910322846699860e-01,-0.000000000000000000e+00,-0.000000000000000000e+00,-3.391540453589527160e-01,0.000000000000000000e+00,-4.245368999811129779e-02,-5.326013688242190458e-01,-0.000000000000000000e+00,-0.000000000000000000e+00,-0.000000000000000000e+00,-0.000000000000000000e+00,-2.724281641476751850e-02,-0.000000000000000000e+00,0.000000000000000000e+00,-3.376461733514410368e-01,2.516065919035679777e+00,-2.273167092308685851e-03,-0.000000000000000000e+00,-1.942689544437188054e-01,-7.596210795770051705e-02,-0.000000000000000000e+00,-1.828062049819796364e-01,-0.000000000000000000e+00,-0.000000000000000000e+00,-1.797321906450815854e-01,0.000000000000000000e+00,-0.000000000000000000e+00,-0.000000000000000000e+00,-0.000000000000000000e+00,0.000000000000000000e+00,-0.000000000000000000e+00,0.000000000000000000e+00,-9.832955944513083191e-02,-0.000000000000000000e+00,-1.589162080694023205e-01,-0.000000000000000000e+00
-0.000000000000000000e+00,-0.000000000000000000e+00,-0.000000000000000000e+00,-2.514679598978655228e-01,-0.000000000000000000e+00,-0.000000000000000000e+00,-1.391686915702408378e-01,-0.000000000000000000e+00,-0.000000000000000000e+00,-0.000000000000000000e+00,-0.000000000000000000e+00,-2.898345217857328793e-01,-1.668959564339892732e-01,-0.000000000000000000e+00,-3.175293480935262869e-01,0.000000000000000000e+00,0.000000000000000000e+00,-9.242495818259124918e-02,-2.273167092308685851e-03,1.977909977856682211e+00,-4.723733992734484299e-02,-4.064302770990771974e-01,-0.000000000000000000e+00,-1.402588304657578222e-01,-8.964355441939506064e-02,-0.000000000000000000e+00,0.000000000000000000e+00,-0.000000000000000000e+00,0.000000000000000000e+00,0.000000000000000000e+00,0.000000000000000000e+00,-0.000000000000000000e+00,0.000000000000000000e+00,-1.575019894157300426e-01,0.000000000000000000e+00,-0.000000000000000000e+00,-0.000000000000000000e+00,-0.000000000000000000e+00,-0.000000000000000000e+00
-0.000000000000000000e+00,-0.000000000000000000e+00,-4.612331227501421105e-01,-0.000000000000000000e+00,-0.000000000000000000e+00,-0.000000000000000000e+00,-0.000000000000000000e+00,0.000000000000000000e+00,-0.000000000000000000e+00,-0.000000000000000000e+00,-0.000000000000000000e+00,-0.000000000000000000e+00,-1.111014734157509259e-01,-0.000000000000000000e+00,-0.000000000000000000e+00,0.000000000000000000e+00,0.000000000000000000e+00,-0.000000000000000000e+00,-0.000000000000000000e+00,-4.723733992734484299e-02,1.940905808131509369e+00,-9.257545875367051424e-01,-0.000000000000000000e+00,-0.000000000000000000e+00,-0.000000000000000000e+00,-0.000000000000000000e+00,0.000000000000000000e+00,-0.000000000000000000e+00,0.000000000000000000e+00,0.000000000000000000e+00,-0.000000000000000000e+00,-0.000000000000000000e+00,-1.865322935987893116e-01,-0.000000000000000000e+00,-0.000000000000000000e+00,-7.651305683991024842e-02,-0.000000000000000000e+00,-0.000000000000000000e+00,-0.000000000000000000e+00
-0.000000000000000000e+00,-0.000000000000000000e+00,-2.918917718708508580e-01,-4.937634286972625297e-02,-0.000000000000000000e+00,-0.000000000000000000e+00,-1.941468045265342390e-01,0.000000000000000000e+00,-0.000000000000000000e+00,-0.000000000000000000e+00,-0.000000000000000000e+00,-0.000000000000000000e+00,-0.000000000000000000e+00,-0.000000000000000000e+00,-0.000000000000000000e+00,-0.000000000000000000e+00,0.000000000000000000e+00,-1.930453757704271023e-01,-1.942689544437188054e-01,-4.064302770990771974e-01,-9.257545875367051424e-01,2.343588853461614274e+00,-0.000000000000000000e+00,-0.000000000000000000e+00,-4.713387382595963376e-02,-0.000000000000000000e+00,0.000000000000000000e+00,-1.174101826713286195e-01,0.000000000000000000e+00,0.000000000000000000e+00,0.000000000000000000e+00,-0.000000000000000000e+00,-0.000000000000000000e+00,-0.000000000000000000e+00,0.000000000000000000e+00,-0.000000000000000000e+00,-0.000000000000000000e+00,-0.000000000000000000e+00,-0.000000000000000000e+00
-0.000000000000000000e+00,-0.000000000000000000e+00,-0.000000000000000000e+00,-0.000000000000000000e+00,-0.000000000000000000e+00,-3.976191359642741174e-01,-2.387882294020192420e-01,-0.000000000000000000e+00,-0.000000000000000000e+00,-0.000000000000000000e+00,0.000000000000000000e+00,-8.323036002153266083e-03,-0.000000000000000000e+00,-2.046282978903525285e-01,-0.000000000000000000e+00,-0.000000000000000000e+00,-0.000000000000000000e+00,-8.048915543678793194e-02,-7.596210795770051705e-02,-0.000000000000000000e+00,-0.000000000000000000e+00,-0.000000000000000000e+00,2.120187953106108303e+00,-0.000000000000000000e+00,-5.082382785806446313e-01,-2.091396026788901463e-01,-0.000000000000000000e+00,-1.140020648199661785e-01,0.000000000000000000e+00,-0.000000000000000000e+00,-0.000000000000000000e+00,-0.000000000000000000e+00,0.000000000000000000e+00,-0.000000000000000000e+00,-0.000000000000000000e+00,-1.879702754956687760e-01,-1.743813753852847259e-01,-0.000000000000000000e+00,-6.834723661511581116e-02
-0.000000000000000000e+00,-0.000000000000000000e+00,-0.000000000000000000e+00,-0.000000000000000000e+00,-0.000000000000000000e+00,-3.460525142323040426e-01,-0.000000000000000000e+00,-0.000000000000000000e+00,-0.000000000000000000e+00,-0.000000000000000000e+00,-0.000000000000000000e+00,-0.000000000000000000e+00,-9.269781713136580892e-02,-2.354699215179806571e-01,-1.679399943349051041e-03,0.000000000000000000e+00,-0.000000000000000000e+00,-0.000000000000000000e+00,-0.000000000000000000e+00,-1.402588304657578222e-01,-0.000000000000000000e+00,-0.000000000000000000e+00,-0.000000000000000000e+00,1.700570565965708214e+00,-2.087998741241290923e-01,-0.000000000000000000e+00,-0.000000000000000000e+00,-0.000000000000000000e+00,0.000000000000000000e+00,0.000000000000000000e+00,0.000000000000000000e+00,-0.000000000000000000e+00,0.000000000000000000e+00,-0.000000000000000000e+00,-6.025116500815389659e-02,-0.000000000000000000e+00,-4.555666439996812200e-01,-0.000000000000000000e+00,-0.000000000000000000e+00
-0.000000000000000000e+00,-0.000000000000000000e+00,-0.000000000000000000e+00,-3.601132710926776420e-02,-3.582907192561935773e-03,-1.992933734476315111e-01,-1.457072401917687944e-03,-0.000000000000000000e+00,-4.629317829426925560e-03,-0.000000000000000000e+00,0.000000000000000000e+00,-3.430792378170407358e-02,-1.861976129095720411e-01,-1.143028992090270174e-01,-1.092453540459481093e-01,-0.000000000000000000e+00,-0.000000000000000000e+00,-1.869713227561412006e-02,-1.828062049819796364e-01,-8.964355441939506064e-02,-0.000000000000000000e+00,-4.713387382595963376e-02,-5.082382785806446313e-01,-2.087998741241290923e-01,1.910748309014278945e+00,-0.000000000000000000e+00,-0.000000000000000000e+00,-1.159202153894447890e-01,0.000000000000000000e+00,-0.000000000000000000e+00,-0.000000000000000000e+00,-0.000000000000000000e+00,0.000000000000000000e+00,-0.000000000000000000e+00,-0.000000000000000000e+00,-7.986526750307318401e-02,-1.462153472621805471e-02,-0.000000000000000000e+00,-0.000000000000000000e+00
-4.064289057710000486e-01,-3.085586188566996624e-01,-0.000000000000000000e+00,-0.000000000000000000e+00,-1.493480408349367183e-01,-0.000000000000000000e+00,-0.000000000000000000e+00,0.000000000000000000e+00,-2.228576623767503095e-01,-5.851938198910889427e-02,0.000000000000000000e+00,-0.000000000000000000e+00,0.000000000000000000e+00,-3.327964346895420644e-02,-0.000000000000000000e+00,-6.364928379915528456e-03,-0.000000000000000000e+00,-1.653976046504663233e-01,-0.000000000000000000e+00,-0.000000000000000000e+00,-0.000000000000000000e+00,-0.000000000000000000e+00,-2.091396026788901463e-01,-0.000000000000000000e+00,-0.000000000000000000e+00,2.234038734138439342e+00,-4.415505414165703524e-01,-4.294747272126197418e-02,0.000000000000000000e+00,-0.000000000000000000e+00,-0.000000000000000000e+00,-0.000000000000000000e+00,0.000000000000000000e+00,-0.000000000000000000e+00,-0.000000000000000000e+00,-0.000000000000000000e+00,-0.000000000000000000e+00,-9.269254854417345590e-02,-2.825277812547579703e-01
-0.000000000000000000e+00,-2.089112701598952737e-01,-0.000000000000000000e+00,0.000000000000000000e+00,-6.251155979602637802e-02,-0.000000000000000000e+00,-0.000000000000000000e+00,0.000000000000000000e+00,-0.000000000000000000e+00,-0.000000000000000000e+00,-0.000000000000000000e+00,-0.000000000000000000e+00,0.000000000000000000e+00,-0.000000000000000000e+00,-0.000000000000000000e+00,-0.000000000000000000e+00,-0.000000000000000000e+00,-0.000000000000000000e+00,-0.000000000000000000e+00,0.000000000000000000e+00,0.000000000000000000e+00,0.000000000000000000e+00,-0.000000000000000000e+00,-0.000000000000000000e+00,-0.000000000000000000e+00,-4.415505414165703524e-01,1.330136202107118359e+00,-0.000000000000000000e+00,0.000000000000000000e+00,-0.000000000000000000e+00,-0.000000000000000000e+00,-0.000000000000000000e+00,-0.000000000000000000e+00,-0.000000000000000000e+00,-1.705194103469076516e-01,-0.000000000000000000e+00,-0.000000000000000000e+00,-0.000000000000000000e+00,-0.000000000000000000e+00
-0.000000000000000000e+00,-0.000000000000000000e+00,-5.464965280359737609e-02,-9.203557086880014004e-02,-1.572663015168741796e-01,-2.776640731964575420e-02,-6.512382856910510498e-02,0.000000000000000000e+00,-0.000000000000000000e+00,-3.296342784242040080e-01,-0.000000000000000000e+00,-3.858896115667370674e-02,-6.543068089920001107e-03,-0.000000000000000000e+00,-0.000000000000000000e+00,-2.263109812287928194e-02,-0.000000000000000000e+00,-0.000000000000000000e+00,-1.797321906450815854e-01,-0.000000000000000000e+00,-0.000000000000000000e+00,-1.174101826713286195e-01,-1.140020648199661785e-01,-0.000000000000000000e+00,-1.159202153894447890e-01,-4.294747272126197418e-02,-0.000000000000000000e+00,1.800645644417334879e+00,-0.000000000000000000e+00,-0.000000000000000000e+00,-1.345351316884661197e-01,-2.424875974827325198e-01,0.000000000000000000e+00,-0.000000000000000000e+00,0.000000000000000000e+00,-1.706782487545483451e-01,-0.000000000000000000e+00,-0.000000000000000000e+00,-0.000000000000000000e+00
0.000000000000000000e+00,0.000000000000000000e+00,-0.000000000000000000e+00,0.000000000000000000e+00,-0.000000000000000000e+00,0.000000000000000000e+00,0.000000000000000000e+00,0.000000000000000000e+00,0.000000000000000000e+00,0.000000000000000000e+00,-0.000000000000000000e+00,4.367489201283573930e-02,-0.000000000000000000e+00,0.000000000000000000e+00,1.795675593850862839e-01,0.000000000000000000e+00,-0.000000000000000000e+00,2.394473017264233186e-02,0.000000000000000000e+00,0.000000000000000000e+00,0.000000000000000000e+00,0.000000000000000000e+00,0.000000000000000000e+00,0.000000000000000000e+00,0.000000000000000000e+00,0.000000000000000000e+00,0.000000000000000000e+00,-0.000000000000000000e+00,1.270886680526603696e+00,0.000000000000000000e+00,-1.050883813757993862e-01,-0.000000000000000000e+00,-3.007146720645277327e-01,0.000000000000000000e+00,-0.000000000000000000e+00,-0.000000000000000000e+00,-0.000000000000000000e+00,0.000000000000000000e+00,2.601101699504572706e-01
-2.364673330944381743e-02,-0.000000000000000000e+00,-0.000000000000000000e+00,-0.000000000000000000e+00,-4.932819728230429523e-02,0.000000000000000000e+00,-0.000000000000000000e+00,0.000000000000000000e+00,-8.531508499268726509e-02,-2.403995130640539657e-01,0.000000000000000000e+00,-0.000000000000000000e+00,0.000000000000000000e+00,-0.000000000000000000e+00,-0.000000000000000000e+00,-7.399226964224756564e-01,-0.000000000000000000e+00,-0.000000000000000000e+00,-0.000000000000000000e+00,0.000000000000000000e+00,0.000000000000000000e+00,0.000000000000000000e+00,-0.000000000000000000e+00,0.000000000000000000e+00,-0.000000000000000000e+00,-0.000000000000000000e+00,-0.000000000000000000e+00,-0.000000000000000000e+00,0.000000000000000000e+00,1.634423338272631643e+00,-0.000000000000000000e+00,-0.000000000000000000e+00,0.000000000000000000e+00,0.000000000000000000e+00,0.000000000000000000e+00,-0.000000000000000000e+00,0.000000000000000000e+00,-9.026017500175935460e-02,-0.000000000000000000e+00
-0.000000000000000000e+00,0.000000000000000000e+00,-0.000000000000000000e+00,-0.000000000000000000e+00,-4.578573710612375558e-02,-0.000000000000000000e+00,0.000000000000000000e+00,0.000000000000000000e+00,0.000000000000000000e+00,-0.000000000000000000e+00,-0.000000000000000000e+00,0.000000000000000000e+00,-6.970095795315420228e-02,-0.000000000000000000e+00,0.000000000000000000e+00,-0.000000000000000000e+00,-0.000000000000000000e+00,0.000000000000000000e+00,-0.000000000000000000e+00,0.000000000000000000e+00,-0.000000000000000000e+00,0.000000000000000000e+00,-0.000000000000000000e+00,0.000000000000000000e+00,-0.000000000000000000e+00,-0.000000000000000000e+00,-0.000000000000000000e+00,-1.345351316884661197e-01,-1.050883813757993862e-01,-0.000000000000000000e+00,1.146906373671903623e+00,-2.582667321750197753e-01,-0.000000000000000000e+00,0.000000000000000000e+00,-0.000000000000000000e+00,-8.650442924655769861e-02,-0.000000000000000000e+00,0.000000000000000000e+00,0.000000000000000000e+00
-0.000000000000000000e+00,-0.000000000000000000e+00,-0.000000000000000000e+00,-0.000000000000000000e+00,-2.028263906271486339e-01,-0.000000000000000000e+00,-0.000000000000000000e+00,0.000000000000000000e+00,-0.000000000000000000e+00,-1.241497240987033263e-01,-0.000000000000000000e+00,-0.000000000000000000e+00,-0.000000000000000000e+00,-0.000000000000000000e+00,-0.000000000000000000e+00,-0.000000000000000000e+00,-0.000000000000000000e+00,-0.000000000000000000e+00,-0.000000000000000000e+00,-0.000000000000000000e+00,-0.000000000000000000e+00,-0.000000000000000000e+00,-0.000000000000000000e+00,-0.000000000000000000e+00,-0.000000000000000000e+00,-0.000000000000000000e+00,-0.000000000000000000e+00,-2.424875974827325198e-01,-0.000000000000000000e+00,-0.000000000000000000e+00,-2.582667321750197753e-01,1.266415157397368318e+00,0.000000000000000000e+00,-0.000000000000000000e+00,0.000000000000000000e+00,-5.983764754764518169e-03,-0.000000000000000000e+00,-0.000000000000000000e+00,-0.000000000000000000e+00
0.000000000000000000e+00,0.000000000000000000e+00,-3.695882549353993185e-02,0.000000000000000000e+00,-0.000000000000000000e+00,0.000000000000000000e+00,0.000000000000000000e+00,4.316008417273851649e-01,0.000000000000000000e+00,0.000000000000000000e+00,-0.000000000000000000e+00,3.068914392176379582e-02,-6.255314184833070390e-02,-0.000000000000000000e+00,1.943831241008787958e-01,0.000000000000000000e+00,0.000000000000000000e+00,0.000000000000000000e+00,0.000000000000000000e+00,0.000000000000000000e+00,-1.865322935987893116e-01,-0.000000000000000000e+00,0.000000000000000000e+00,0.000000000000000000e+00,0.000000000000000000e+00,0.000000000000000000e+00,-0.000000000000000000e+00,0.000000000000000000e+00,-3.007146720645277327e-01,0.000000000000000000e+00,-0.000000000000000000e+00,0.000000000000000000e+00,1.385054958447995643e+00,0.000000000000000000e+00,-1.454986945191993550e-02,-0.000000000000000000e+00,-0.000000000000000000e+00,0.000000000000000000e+00,1.942368237265754138e-01
0.000000000000000000e+00,-0.000000000000000000e+00,-0.000000000000000000e+00,-0.000000000000000000e+00,-0.000000000000000000e+00,-0.000000000000000000e+00,-0.000000000000000000e+00,-0.000000000000000000e+00,-0.000000000000000000e+00,-0.000000000000000000e+00,-0.000000000000000000e+00,-1.000512308534258349e-01,-0.000000000000000000e+00,-0.000000000000000000e+00,-1.245995091949327616e-01,0.000000000000000000e+00,0.000000000000000000e+00,-0.000000000000000000e+00,-0.000000000000000000e+00,-1.575019894157300426e-01,-0.000000000000000000e+00,-0.000000000000000000e+00,-0.000000000000000000e+00,-0.000000000000000000e+00,-0.000000000000000000e+00,-0.000000000000000000e+00,-0.000000000000000000e+00,-0.000000000000000000e+00,0.000000000000000000e+00,0.000000000000000000e+00,0.000000000000000000e+00,-0.000000000000000000e+00,0.000000000000000000e+00,1.094537191729297199e+00,-0.000000000000000000e+00,0.000000000000000000e+00,-0.000000000000000000e+00,-0.000000000000000000e+00,-0.000000000000000000e+00
0.000000000000000000e+00,-0.000000000000000000e+00,0.000000000000000000e+00,0.000000000000000000e+00,0.000000000000000000e+00,-0.000000000000000000e+00,0.000000000000000000e+00,-0.000000000000000000e+00,0.000000000000000000e+00,0.000000000000000000e+00,-0.000000000000000000e+00,0.000000000000000000e+00,-0.000000000000000000e+00,-0.000000000000000000e+00,0.000000000000000000e+00,1.548948079817276391e-01,-0.000000000000000000e+00,0.000000000000000000e+00,0.000000000000000000e+00,0.000000000000000000e+00,-0.000000000000000000e+00,0.000000000000000000e+00,-0.000000000000000000e+00,-6.025116500815389659e-02,-0.000000000000000000e+00,-0.000000000000000000e+00,-1.705194103469076516e-01,0.000000000000000000e+00,-0.000000000000000000e+00,0.000000000000000000e+00,-0.000000000000000000e+00,0.000000000000000000e+00,-1.454986945191993550e-02,-0.000000000000000000e+00,1.443845999948396797e+00,-0.000000000000000000e+00,-7.228557077346038362e-01,0.000000000000000000e+00,0.000000000000000000e+00
-9.961482471672336581e-02,-0.000000000000000000e+00,-8.275284475660701911e-02,-2.115496709039204823e-02,-0.000000000000000000e+00,-0.000000000000000000e+00,-0.000000000000000000e+00,0.000000000000000000e+00,-0.000000000000000000e+00,-0.000000000000000000e+00,-0.000000000000000000e+00,-0.000000000000000000e+00,-0.000000000000000000e+00,-7.630733412465000309e-02,-0.000000000000000000e+00,-0.000000000000000000e+00,-0.000000000000000000e+00,-0.000000000000000000e+00,-9.832955944513083191e-02,-0.000000000000000000e+00,-7.651305683991024842e-02,-0.000000000000000000e+00,-1.879702754956687760e-01,-0.000000000000000000e+00,-7.986526750307318401e-02,-0.000000000000000000e+00,-0.000000000000000000e+00,-1.706782487545483451e-01,-0.000000000000000000e+00,-0.000000000000000000e+00,-8.650442924655769861e-02,-5.983764754764518169e-03,-0.000000000000000000e+00,0.000000000000000000e+00,-0.000000000000000000e+00,1.314976139541990552e+00,-0.000000000000000000e+00,-0.000000000000000000e+00,-0.000000000000000000e+00
-0.000000000000000000e+00,-0.000000000000000000e+00,-0.000000000000000000e+00,-0.000000000000000000e+00,-0.000000000000000000e+00,-2.499672363551386500e-01,-0.000000000000000000e+00,-0.000000000000000000e+00,-0.000000000000000000e+00,-0.000000000000000000e+00,-0.000000000000000000e+00,-0.000000000000000000e+00,-2.208487596441422451e-01,-2.604124183870355491e-01,-0.000000000000000000e+00,0.000000000000000000e+00,-9.948678115826477264e-02,-0.000000000000000000e+00,-0.000000000000000000e+00,-0.000000000000000000e+00,-0.000000000000000000e+00,-0.000000000000000000e+00,-1.743813753852847259e-01,-4.555666439996812200e-01,-1.462153472621805471e-02,-0.000000000000000000e+00,-0.000000000000000000e+00,-0.000000000000000000e+00,-0.000000000000000000e+00,0.000000000000000000e+00,-0.000000000000000000e+00,-0.000000000000000000e+00,-0.000000000000000000e+00,-0.000000000000000000e+00,-7.228557077346038362e-01,-0.000000000000000000e+00,2.041787391747269087e+00,-0.000000000000000000e+00,-0.000000000000000000e+00
-2.914479970705179390e-01,-0.000000000000000000e+00,-0.000000000000000000e+00,-0.000000000000000000e+00,-0.000000000000000000e+00,-0.000000000000000000e+00,-1.132553600056862425e-01,-0.000000000000000000e+00,-5.126095270633522771e-01,-1.314438965461562914e-01,0.000000000000000000e+00,-9.150076836124428070e-02,0.000000000000000000e+00,-0.000000000000000000e+00,-7.271990888048616986e-02,-0.000000000000000000e+00,-0.000000000000000000e+00,-3.475335751080704250e-01,-1.589162080694023205e-01,-0.000000000000000000e+00,-0.000000000000000000e+00,-0.000000000000000000e+00,-0.000000000000000000e+00,-0.000000000000000000e+00,-0.000000000000000000e+00,-9.269254854417345590e-02,-0.000000000000000000e+00,-0.000000000000000000e+00,0.000000000000000000e+00,-9.026017500175935460e-02,0.000000000000000000e+00,-0.000000000000000000e+00,0.000000000000000000e+00,-0.000000000000000000e+00,0.000000000000000000e+00,-0.000000000000000000e+00,-0.000000000000000000e+00,2.479037154111965346e+00,-5.787337045718895512e-01
-0.000000000000000000e+00,-0.000000000000000000e+00,-0.000000000000000000e+00,-0.000000000000000000e+00,-0.000000000000000000e+00,-3.673432436060609235e-02,-7.157693920075083871e-02,-0.000000000000000000e+00,-4.331445922037223673e-01,-1.916124209577018123e-01,0.000000000000000000e+00,-2.136633533824155717e-01,0.000000000000000000e+00,-0.000000000000000000e+00,-1.665766234063913165e-01,-1.781670610095251461e-01,-0.000000000000000000e+00,-2.532174339473877156e-01,-0.000000000000000000e+00,-0.000000000000000000e+00,-0.000000000000000000e+00,-0.000000000000000000e+00,-6.834723661511581116e-02,-0.000000000000000000e+00,-0.000000000000000000e+00,-2.825277812547579703e-01,-0.000000000000000000e+00,-0.000000000000000000e+00,2.601101699504572706e-01,-0.000000000000000000e+00,0.000000000000000000e+00,-0.000000000000000000e+00,1.942368237265754138e-01,-0.000000000000000000e+00,0.000000000000000000e+00,-0.000000000000000000e+00,-0.000000000000000000e+00,-5.787337045718895512e-01,2.581007737935338220e+00
