2.259513914822138148e+00,-4.610697710251264736e-01,-0.000000000000000000e+00,-0.000000000000000000e+00,-1.393970911055616435e-01,0.000000000000000000e+00,-0.000000000000000000e+00,0.000000000000000000e+00,-2.392826763088690689e-01,-1.551557919546221742e-01,-0.000000000000000000e+00,-0.000000000000000000e+00,-0.000000000000000000e+00,-1.563262206674585764e-02,-0.000000000000000000e+00,-0.000000000000000000e+00,-0.000000000000000000e+00,-0.000000000000000000e+00,-0.000000000000000000e+00,-0.000000000000000000e+00,-0.000000000000000000e+00,-1.427055823618398889e-01,0.000000000000000000e+00,0.000000000000000000e+00,0.000000000000000000e+00,-2.798365671455162462e-01,-0.000000000000000000e+00,-1.973758581238765908e-01,-0.000000000000000000e+00,-0.000000000000000000e+00,-0.000000000000000000e+00,-0.000000000000000000e+00,-0.000000000000000000e+00,-2.165988604552765706e-01,-0.000000000000000000e+00,-1.329981849572356156e-01,-0.000000000000000000e+00,-3.422986759967225900e-01,-3.216830049480804560e-02
-4.610697710251264736e-01,1.762968925856689628e+00,-0.000000000000000000e+00,-0.000000000000000000e+00,-5.581779788769036105e-02,0.000000000000000000e+00,-0.000000000000000000e+00,0.000000000000000000e+00,-1.724995011866987671e-01,-1.788180328584713652e-01,-0.000000000000000000e+00,-3.957444122560966338e-01,-0.000000000000000000e+00,-0.000000000000000000e+00,-0.000000000000000000e+00,-0.000000000000000000e+00,-0.000000000000000000e+00,0.000000000000000000e+00,-0.000000000000000000e+00,-0.000000000000000000e+00,-0.000000000000000000e+00,-0.000000000000000000e+00,0.000000000000000000e+00,0.000000000000000000e+00,0.000000000000000000e+00,-2.661043554666703628e-02,-0.000000000000000000e+00,-0.000000000000000000e+00,-0.000000000000000000e+00,-0.000000000000000000e+00,-0.000000000000000000e+00,0.000000000000000000e+00,-0.000000000000000000e+00,-9.861810734343437468e-02,-0.000000000000000000e+00,-2.263899792094107577e-01,-0.000000000000000000e+00,-0.000000000000000000e+00,-0.000000000000000000e+00
-0.000000000000000000e+00,-0.000000000000000000e+00,2.395352674878563182e+00,-0.000000000000000000e+00,-4.726302831518771619e-01,0.000000000000000000e+00,-0.000000000000000000e+00,5.565727247860675631e-01,-0.000000000000000000e+00,-1.248692203368435144e-01,-0.000000000000000000e+00,0.000000000000000000e+00,-0.000000000000000000e+00,-0.000000000000000000e+00,0.000000000000000000e+00,-1.367363706332115347e-01,-0.000000000000000000e+00,-3.155113566685966986e-01,-0.000000000000000000e+00,-0.000000000000000000e+00,-4.374978380175054138e-01,-6.833892056943927096e-02,0.000000000000000000e+00,-0.000000000000000000e+00,0.000000000000000000e+00,-0.000000000000000000e+00,-5.097153690912361278e-03,-0.000000000000000000e+00,-8.825222709247211583e-02,-6.241476971885409619e-02,-2.404191190301431524e-01,-0.000000000000000000e+00,-1.560254513362505369e-01,-1.536251180934585132e-02,-0.000000000000000000e+00,-0.000000000000000000e+00,-0.000000000000000000e+00,-0.000000000000000000e+00,-0.000000000000000000e+00
-0.000000000000000000e+00,-0.000000000000000000e+00,-0.000000000000000000e+00,1.950231326116121489e+00,-0.000000000000000000e+00,3.080909766939610855e-02,-3.587816073917460269e-01,-0.000000000000000000e+00,-1.422249634642014371e-01,-0.000000000000000000e+00,-1.875114534990912282e-02,-0.000000000000000000e+00,-1.687656558607764090e-01,-1.346898899619609902e-01,-0.000000000000000000e+00,-0.000000000000000000e+00,-2.200699219634465464e-01,-0.000000000000000000e+00,-0.000000000000000000e+00,0.000000000000000000e+00,-8.920727961232517711e-02,-5.315099501768730944e-02,0.000000000000000000e+00,0.000000000000000000e+00,0.000000000000000000e+00,-1.394305603520725467e-01,-1.854738142040409862e-02,-1.939142352121652479e-01,-8.057142104780529168e-02,-0.000000000000000000e+00,-0.000000000000000000e+00,-2.024061503759254973e-03,-1.425795619340102308e-02,-3.275940729848428323e-02,-0.000000000000000000e+00,-9.896329378311996550e-02,-0.000000000000000000e+00,-0.000000000000000000e+00,-0.000000000000000000e+00
-1.393970911055616435e-01,-5.581779788769036105e-02,-4.726302831518771619e-01,-0.000000000000000000e+00,2.073532542939318102e+00,0.000000000000000000e+00,-0.000000000000000000e+00,0.000000000000000000e+00,-5.806342370134372904e-02,-1.564987590576391585e-01,-0.000000000000000000e+00,-0.000000000000000000e+00,-0.000000000000000000e+00,-1.254788494475638227e-01,0.000000000000000000e+00,-0.000000000000000000e+00,-0.000000000000000000e+00,-2.069971054714775729e-02,-5.622788241651056895e-02,-0.000000000000000000e+00,-1.178770227362667400e-02,-1.258191279193088541e-01,0.000000000000000000e+00,0.000000000000000000e+00,0.000000000000000000e+00,-0.000000000000000000e+00,-0.000000000000000000e+00,-0.000000000000000000e+00,-0.000000000000000000e+00,-1.042109664867178209e-01,-1.234779890642189043e-01,-0.000000000000000000e+00,-0.000000000000000000e+00,-5.037808045157662340e-01,-0.000000000000000000e+00,-0.000000000000000000e+00,-0.000000000000000000e+00,-0.000000000000000000e+00,-0.000000000000000000e+00
0.000000000000000000e+00,0.000000000000000000e+00,0.000000000000000000e+00,3.080909766939610855e-02,0.000000000000000000e+00,2.239050954650129821e+00,2.562276039517367154e-01,0.000000000000000000e+00,0.000000000000000000e+00,0.000000000000000000e+00,1.249429790921743055e-01,0.000000000000000000e+00,2.284118655066577075e-01,0.000000000000000000e+00,0.000000000000000000e+00,0.000000000000000000e+00,3.252568729328493280e-01,0.000000000000000000e+00,2.021759313717244252e-02,-7.690510684961757160e-02,1.386532159185466795e-01,0.000000000000000000e+00,-4.834042736796354545e-01,-3.027140115379395313e-01,-5.064981773266882120e-02,0.000000000000000000e+00,0.000000000000000000e+00,2.429106518062020825e-01,0.000000000000000000e+00,0.000000000000000000e+00,0.000000000000000000e+00,0.000000000000000000e+00,0.000000000000000000e+00,6.373430001220940257e-04,0.000000000000000000e+00,9.807651272006225052e-02,-0.000000000000000000e+00,0.000000000000000000e+00,0.000000000000000000e+00
-0.000000000000000000e+00,-0.000000000000000000e+00,-0.000000000000000000e+00,-3.587816073917460269e-01,-0.000000000000000000e+00,2.562276039517367154e-01,2.701922013265482203e+00,-0.000000000000000000e+00,-4.292704870584206772e-02,-0.000000000000000000e+00,-1.960176213647165377e-01,-0.000000000000000000e+00,-7.847804765125286630e-02,-2.548331865131992502e-01,-0.000000000000000000e+00,-2.047174186221698833e-01,-2.484542272477904823e-01,-0.000000000000000000e+00,-1.250962375522573222e-01,0.000000000000000000e+00,-2.098349552219906100e-01,-2.399668279409473970e-01,0.000000000000000000e+00,0.000000000000000000e+00,0.000000000000000000e+00,-0.000000000000000000e+00,-3.951053092023403268e-01,-1.079287554369607882e-01,-1.776661254889832023e-03,-9.169105257230990291e-02,-2.772894306795958830e-02,-0.000000000000000000e+00,-0.000000000000000000e+00,-7.434814406350301330e-02,-0.000000000000000000e+00,-0.000000000000000000e+00,-0.000000000000000000e+00,-0.000000000000000000e+00,-0.000000000000000000e+00
0.000000000000000000e+00,0.000000000000000000e+00,5.565727247860675631e-01,-0.000000000000000000e+00,0.000000000000000000e+00,0.000000000000000000e+00,-0.000000000000000000e+00,1.317319262442018912e+00,0.000000000000000000e+00,0.000000000000000000e+00,-0.000000000000000000e+00,-1.874358139256571687e-01,-0.000000000000000000e+00,0.000000000000000000e+00,-0.000000000000000000e+00,0.000000000000000000e+00,-0.000000000000000000e+00,2.417335815871539395e-02,0.000000000000000000e+00,1.330275948609193903e-01,0.000000000000000000e+00,0.000000000000000000e+00,1.033870577500533711e-01,1.052747985834387029e-01,1.312993314700977299e-01,0.000000000000000000e+00,0.000000000000000000e+00,-0.000000000000000000e+00,0.000000000000000000e+00,0.000000000000000000e+00,0.000000000000000000e+00,-0.000000000000000000e+00,0.000000000000000000e+00,0.000000000000000000e+00,0.000000000000000000e+00,-0.000000000000000000e+00,0.000000000000000000e+00,-0.000000000000000000e+00,7.266275251232168220e-02
-2.392826763088690689e-01,-1.724995011866987671e-01,-0.000000000000000000e+00,-1.422249634642014371e-01,-5.806342370134372904e-02,0.000000000000000000e+00,-4.292704870584206772e-02,0.000000000000000000e+00,2.235263636843140667e+00,-2.726677210710756749e-01,-0.000000000000000000e+00,-0.000000000000000000e+00,-0.000000000000000000e+00,-2.350037282306878250e-01,-0.000000000000000000e+00,-2.651112948260019309e-01,-0.000000000000000000e+00,-0.000000000000000000e+00,-0.000000000000000000e+00,0.000000000000000000e+00,-0.000000000000000000e+00,-0.000000000000000000e+00,0.000000000000000000e+00,0.000000000000000000e+00,0.000000000000000000e+00,-0.000000000000000000e+00,-2.142839949463127072e-02,-0.000000000000000000e+00,-1.657862097584375527e-01,-9.519059467378662709e-02,-0.000000000000000000e+00,-0.000000000000000000e+00,-0.000000000000000000e+00,-1.626986752252462254e-01,-0.000000000000000000e+00,-5.884573921943916236e-02,-0.000000000000000000e+00,-5.159156889784794614e-02,-3.434250256877170449e-01
-1.551557919546221742e-01,-1.788180328584713652e-01,-1.248692203368435144e-01,-0.000000000000000000e+00,-1.564987590576391585e-01,0.000000000000000000e+00,-0.000000000000000000e+00,0.000000000000000000e+00,-2.726677210710756749e-01,2.182633950800467737e+00,-0.000000000000000000e+00,-0.000000000000000000e+00,-0.000000000000000000e+00,-0.000000000000000000e+00,-0.000000000000000000e+00,-3.482294622964696162e-01,-0.000000000000000000e+00,-0.000000000000000000e+00,-6.371620137944200568e-02,-0.000000000000000000e+00,-0.000000000000000000e+00,-5.556698857288475124e-02,0.000000000000000000e+00,0.000000000000000000e+00,-0.000000000000000000e+00,-0.000000000000000000e+00,-0.000000000000000000e+00,-0.000000000000000000e+00,-0.000000000000000000e+00,-3.251899400453498457e-01,-1.887960551811305662e-02,-0.000000000000000000e+00,-5.645385409006531408e-02,-1.794657521611034423e-01,-0.000000000000000000e+00,-0.000000000000000000e+00,-0.000000000000000000e+00,-0.000000000000000000e+00,-2.794924380292457267e-01
-0.000000000000000000e+00,-0.000000000000000000e+00,-0.000000000000000000e+00,-1.875114534990912282e-02,-0.000000000000000000e+00,1.249429790921743055e-01,-1.960176213647165377e-01,-0.000000000000000000e+00,-0.000000000000000000e+00,-0.000000000000000000e+00,2.208924127904334345e+00,-1.843875138872298064e-02,-3.799217648503815936e-01,-0.000000000000000000e+00,-0.000000000000000000e+00,-2.507644044593539401e-01,-7.119283702373377931e-01,-0.000000000000000000e+00,-0.000000000000000000e+00,0.000000000000000000e+00,-0.000000000000000000e+00,-2.789473363628639652e-02,1.440409281402953989e-01,0.000000000000000000e+00,7.508404651564225957e-03,-0.000000000000000000e+00,-0.000000000000000000e+00,-0.000000000000000000e+00,-0.000000000000000000e+00,-0.000000000000000000e+00,-0.000000000000000000e+00,-0.000000000000000000e+00,-0.000000000000000000e+00,-0.000000000000000000e+00,-0.000000000000000000e+00,-2.260944374606197182e-01,-0.000000000000000000e+00,-0.000000000000000000e+00,-0.000000000000000000e+00
-0.000000000000000000e+00,-3.957444122560966338e-01,0.000000000000000000e+00,-0.000000000000000000e+00,-0.000000000000000000e+00,0.000000000000000000e+00,-0.000000000000000000e+00,-1.874358139256571687e-01,-0.000000000000000000e+00,-0.000000000000000000e+00,-1.843875138872298064e-02,1.490162401945277049e+00,-0.000000000000000000e+00,-0.000000000000000000e+00,-5.270672806240617181e-01,-0.000000000000000000e+00,-0.000000000000000000e+00,0.000000000000000000e+00,-0.000000000000000000e+00,0.000000000000000000e+00,0.000000000000000000e+00,-0.000000000000000000e+00,7.373724029339893959e-02,9.682620186243935667e-02,0.000000000000000000e+00,-0.000000000000000000e+00,0.000000000000000000e+00,-0.000000000000000000e+00,0.000000000000000000e+00,0.000000000000000000e+00,0.000000000000000000e+00,0.000000000000000000e+00,-0.000000000000000000e+00,-0.000000000000000000e+00,0.000000000000000000e+00,-6.306305292223926551e-02,0.000000000000000000e+00,-0.000000000000000000e+00,0.000000000000000000e+00
-0.000000000000000000e+00,-0.000000000000000000e+00,-0.000000000000000000e+00,-1.687656558607764090e-01,-0.000000000000000000e+00,2.284118655066577075e-01,-7.847804765125286630e-02,-0.000000000000000000e+00,-0.000000000000000000e+00,-0.000000000000000000e+00,-3.799217648503815936e-01,-0.000000000000000000e+00,1.787353343990485843e+00,-0.000000000000000000e+00,-0.000000000000000000e+00,-0.000000000000000000e+00,-2.651051941081280505e-01,-0.000000000000000000e+00,-0.000000000000000000e+00,0.000000000000000000e+00,-0.000000000000000000e+00,-0.000000000000000000e+00,8.993045486736452043e-02,0.000000000000000000e+00,0.000000000000000000e+00,-0.000000000000000000e+00,-0.000000000000000000e+00,-0.000000000000000000e+00,-1.243527574735117484e-02,-0.000000000000000000e+00,-0.000000000000000000e+00,-3.776179681661422372e-01,-0.000000000000000000e+00,-0.000000000000000000e+00,-0.000000000000000000e+00,-0.000000000000000000e+00,-0.000000000000000000e+00,0.000000000000000000e+00,0.000000000000000000e+00
-1.563262206674585764e-02,-0.000000000000000000e+00,-0.000000000000000000e+00,-1.346898899619609902e-01,-1.254788494475638227e-01,0.000000000000000000e+00,-2.548331865131992502e-01,0.000000000000000000e+00,-2.350037282306878250e-01,-0.000000000000000000e+00,-0.000000000000000000e+00,-0.000000000000000000e+00,-0.000000000000000000e+00,2.158179503070163374e+00,-0.000000000000000000e+00,-0.000000000000000000e+00,-2.316415524215927751e-02,-0.000000000000000000e+00,-1.335086910629957324e-01,0.000000000000000000e+00,-8.987794255140002520e-02,-0.000000000000000000e+00,0.000000000000000000e+00,0.000000000000000000e+00,0.000000000000000000e+00,-3.984254840815643767e-02,-4.147774608914146788e-02,-1.754589475214602956e-01,-2.217329468541150983e-01,-0.000000000000000000e+00,-0.000000000000000000e+00,-0.000000000000000000e+00,-3.879343218883234967e-01,-1.347781510942912819e-01,-7.346559396453873625e-02,-3.090508244900373735e-02,-0.000000000000000000e+00,-0.000000000000000000e+00,-0.000000000000000000e+00
-0.000000000000000000e+00,-0.000000000000000000e+00,0.000000000000000000e+00,-0.000000000000000000e+00,0.000000000000000000e+00,0.000000000000000000e+00,-0.000000000000000000e+00,-0.000000000000000000e+00,-0.000000000000000000e+00,-0.000000000000000000e+00,-0.000000000000000000e+00,-5.270672806240617181e-01,-0.000000000000000000e+00,-0.000000000000000000e+00,1.308613740321683983e+00,-0.000000000000000000e+00,-0.000000000000000000e+00,0.000000000000000000e+00,-0.000000000000000000e+00,0.000000000000000000e+00,0.000000000000000000e+00,-0.000000000000000000e+00,0.000000000000000000e+00,6.062824002271198498e-02,0.000000000000000000e+00,-1.989817289803822997e-01,-0.000000000000000000e+00,-0.000000000000000000e+00,-0.000000000000000000e+00,0.000000000000000000e+00,0.000000000000000000e+00,0.000000000000000000e+00,-0.000000000000000000e+00,-0.000000000000000000e+00,0.000000000000000000e+00,-0.000000000000000000e+00,0.000000000000000000e+00,-1.906894729223621021e-02,0.000000000000000000e+00
-0.000000000000000000e+00,-0.000000000000000000e+00,-1.367363706332115347e-01,-0.000000000000000000e+00,-0.000000000000000000e+00,0.000000000000000000e+00,-2.047174186221698833e-01,0.000000000000000000e+00,-2.651112948260019309e-01,-3.482294622964696162e-01,-2.507644044593539401e-01,-0.000000000000000000e+00,-0.000000000000000000e+00,-0.000000000000000000e+00,-0.000000000000000000e+00,2.155288518849935553e+00,-1.537909508409686654e-01,-1.384449362712292797e-01,-5.566261998349393558e-02,-0.000000000000000000e+00,-0.000000000000000000e+00,-1.563888337827808450e-01,0.000000000000000000e+00,0.000000000000000000e+00,0.000000000000000000e+00,-0.000000000000000000e+00,-1.259231303592499851e-01,-0.000000000000000000e+00,-0.000000000000000000e+00,-2.138860031534540462e-01,-3.594146769662215357e-02,-0.000000000000000000e+00,-1.469925652020913527e-02,-5.123510614245121997e-02,-0.000000000000000000e+00,-0.000000000000000000e+00,-0.000000000000000000e+00,-0.000000000000000000e+00,-0.000000000000000000e+00
-0.000000000000000000e+00,-0.000000000000000000e+00,-0.000000000000000000e+00,-2.200699219634465464e-01,-0.000000000000000000e+00,3.252568729328493280e-01,-2.484542272477904823e-01,-0.000000000000000000e+00,-0.000000000000000000e+00,-0.000000000000000000e+00,-7.119283702373377931e-01,-0.000000000000000000e+00,-2.651051941081280505e-01,-2.316415524215927751e-02,-0.000000000000000000e+00,-1.537909508409686654e-01,2.650835775532931926e+00,-0.000000000000000000e+00,-0.000000000000000000e+00,0.000000000000000000e+00,-2.168322275093441387e-02,-1.544494182992303122e-01,1.628561569901033623e-01,0.000000000000000000e+00,0.000000000000000000e+00,-0.000000000000000000e+00,-0.000000000000000000e+00,-6.792969901315612513e-02,-0.000000000000000000e+00,-0.000000000000000000e+00,-0.000000000000000000e+00,-0.000000000000000000e+00,-0.000000000000000000e+00,-1.085615474726581847e-01,-0.000000000000000000e+00,-3.245945856138758301e-01,-0.000000000000000000e+00,-0.000000000000000000e+00,-0.000000000000000000e+00
-0.000000000000000000e+00,0.000000000000000000e+00,-3.155113566685966986e-01,-0.000000000000000000e+00,-2.069971054714775729e-02,0.000000000000000000e+00,-0.000000000000000000e+00,2.417335815871539395e-02,-0.000000000000000000e+00,-0.000000000000000000e+00,-0.000000000000000000e+00,0.000000000000000000e+00,-0.000000000000000000e+00,-0.000000000000000000e+00,0.000000000000000000e+00,-1.384449362712292797e-01,-0.000000000000000000e+00,1.892192357267926450e+00,-5.494050147736199152e-01,0.000000000000000000e+00,-5.095964804854007102e-02,-0.000000000000000000e+00,-0.000000000000000000e+00,-0.000000000000000000e+00,-0.000000000000000000e+00,-0.000000000000000000e+00,-1.428224134114907118e-01,-0.000000000000000000e+00,-0.000000000000000000e+00,-0.000000000000000000e+00,-3.570463547392475623e-01,-0.000000000000000000e+00,-5.269948259281687780e-02,-0.000000000000000000e+00,-0.000000000000000000e+00,-0.000000000000000000e+00,-0.000000000000000000e+00,0.000000000000000000e+00,-0.000000000000000000e+00
-0.000000000000000000e+00,-0.000000000000000000e+00,-0.000000000000000000e+00,-0.000000000000000000e+00,-5.622788241651056895e-02,2.021759313717244252e-02,-1.250962375522573222e-01,0.000000000000000000e+00,-0.000000000000000000e+00,-6.371620137944200568e-02,-0.000000000000000000e+00,-0.000000000000000000e+00,-0.000000000000000000e+00,-1.335086910629957324e-01,-0.000000000000000000e+00,-5.566261998349393558e-02,-0.000000000000000000e+00,-5.494050147736199152e-01,1.973634050141025664e+00,0.000000000000000000e+00,-3.472322825914762705e-03,-5.906817133517824198e-02,0.000000000000000000e+00,0.000000000000000000e+00,0.000000000000000000e+00,-0.000000000000000000e+00,-1.487428256252783798e-01,-1.023590549777848996e-01,-0.000000000000000000e+00,-8.652319168217290080e-02,-2.179516870684299612e-01,-0.000000000000000000e+00,-2.242262218720029315e-02,-1.946754829088921113e-01,-0.000000000000000000e+00,-0.000000000000000000e+00,-0.000000000000000000e+00,-0.000000000000000000e+00,-0.000000000000000000e+00
-0.000000000000000000e+00,-0.000000000000000000e+00,-0.000000000000000000e+00,0.000000000000000000e+00,-0.000000000000000000e+00,-7.690510684961757160e-02,0.000000000000000000e+00,1.330275948609193903e-01,0.000000000000000000e+00,-0.000000000000000000e+00,0.000000000000000000e+00,0.000000000000000000e+00,0.000000000000000000e+00,0.000000000000000000e+00,0.000000000000000000e+00,-0.000000000000000000e+00,0.000000000000000000e+00,0.000000000000000000e+00,0.000000000000000000e+00,1.038476590102298758e+00,0.000000000000000000e+00,-0.000000000000000000e+00,-0.000000000000000000e+00,-0.000000000000000000e+00,-9.004610241888065265e-05,0.000000000000000000e+00,0.000000000000000000e+00,0.000000000000000000e+00,0.000000000000000000e+00,-0.000000000000000000e+00,0.000000000000000000e+00,1.148321007450355813e-01,0.000000000000000000e+00,0.000000000000000000e+00,0.000000000000000000e+00,0.000000000000000000e+00,0.000000000000000000e+00,0.000000000000000000e+00,-0.000000000000000000e+00
-0.000000000000000000e+00,-0.000000000000000000e+00,-4.374978380175054138e-01,-8.920727961232517711e-02,-1.178770227362667400e-02,1.386532159185466795e-01,-2.098349552219906100e-01,0.000000000000000000e+00,-0.000000000000000000e+00,-0.000000000000000000e+00,-0.000000000000000000e+00,0.000000000000000000e+00,-0.000000000000000000e+00,-8.987794255140002520e-02,0.000000000000000000e+00,-0.000000000000000000e+00,-2.168322275093441387e-02,-5.095964804854007102e-02,-3.472322825914762705e-03,0.000000000000000000e+00,2.658770706963834662e+00,-2.637757828589717413e-01,0.000000000000000000e+00,0.000000000000000000e+00,0.000000000000000000e+00,-0.000000000000000000e+00,-2.363823548812044317e-01,-2.444619282323551579e-01,-2.797774499917434210e-01,-0.000000000000000000e+00,-4.394196968690870508e-01,-0.000000000000000000e+00,-1.905676456603324631e-01,-7.576729548839106210e-02,-0.000000000000000000e+00,-0.000000000000000000e+00,-0.000000000000000000e+00,-0.000000000000000000e+00,-0.000000000000000000e+00
-1.427055823618398889e-01,-0.000000000000000000e+00,-6.833892056943927096e-02,-5.315099501768730944e-02,-1.258191279193088541e-01,0.000000000000000000e+00,-2.399668279409473970e-01,0.000000000000000000e+00,-0.000000000000000000e+00,-5.556698857288475124e-02,-2.789473363628639652e-02,-0.000000000000000000e+00,-0.000000000000000000e+00,-0.000000000000000000e+00,-0.000000000000000000e+00,-1.563888337827808450e-01,-1.544494182992303122e-01,-0.000000000000000000e+00,-5.906817133517824198e-02,-0.000000000000000000e+00,-2.637757828589717413e-01,2.077785395499481158e+00,0.000000000000000000e+00,0.000000000000000000e+00,0.000000000000000000e+00,-0.000000000000000000e+00,-0.000000000000000000e+00,-4.119085504572566475e-02,-0.000000000000000000e+00,-1.423632591499830180e-01,-1.897297571845939501e-01,-0.000000000000000000e+00,-0.000000000000000000e+00,-1.191902720374228425e-01,-0.000000000000000000e+00,-1.745815350153149537e-01,-0.000000000000000000e+00,-0.000000000000000000e+00,-0.000000000000000000e+00
0.000000000000000000e+00,0.000000000000000000e+00,0.000000000000000000e+00,0.000000000000000000e+00,0.000000000000000000e+00,-4.834042736796354545e-01,0.000000000000000000e+00,1.033870577500533711e-01,0.000000000000000000e+00,0.000000000000000000e+00,1.440409281402953989e-01,7.373724029339893959e-02,8.993045486736452043e-02,0.000000000000000000e+00,0.000000000000000000e+00,0.000000000000000000e+00,1.628561569901033623e-01,-0.000000000000000000e+00,0.000000000000000000e+00,-0.000000000000000000e+00,0.000000000000000000e+00,0.000000000000000000e+00,2.051395368189720347e+00,-4.372841886150291568e-01,-4.741486633129257111e-01,0.000000000000000000e+00,0.000000000000000000e+00,4.590501208774916408e-02,0.000000000000000000e+00,0.000000000000000000e+00,0.000000000000000000e+00,0.000000000000000000e+00,0.000000000000000000e+00,0.000000000000000000e+00,-0.000000000000000000e+00,1.021095010724069052e-01,-0.000000000000000000e+00,5.691886885054886491e-02,-0.000000000000000000e+00
0.000000000000000000e+00,0.000000000000000000e+00,-0.000000000000000000e+00,0.000000000000000000e+00,0.000000000000000000e+00,-3.027140115379395313e-01,0.000000000000000000e+00,1.052747985834387029e-01,0.000000000000000000e+00,0.000000000000000000e+00,0.000000000000000000e+00,9.682620186243935667e-02,0.000000000000000000e+00,0.000000000000000000e+00,6.062824002271198498e-02,0.000000000000000000e+00,0.000000000000000000e+00,-0.000000000000000000e+00,0.000000000000000000e+00,-0.000000000000000000e+00,0.000000000000000000e+00,0.000000000000000000e+00,-4.372841886150291568e-01,1.671061591186832285e+00,-4.316320579717135564e-01,0.000000000000000000e+00,0.000000000000000000e+00,0.000000000000000000e+00,0.000000000000000000e+00,0.000000000000000000e+00,-0.000000000000000000e+00,-0.000000000000000000e+00,-0.000000000000000000e+00,0.000000000000000000e+00,-0.000000000000000000e+00,0.000000000000000000e+00,-4.523387448075950890e-02,1.105581730106615507e-01,-0.000000000000000000e+00
0.000000000000000000e+00,0.000000000000000000e+00,0.000000000000000000e+00,0.000000000000000000e+00,0.000000000000000000e+00,-5.064981773266882120e-02,0.000000000000000000e+00,1.312993314700977299e-01,0.000000000000000000e+00,-0.000000000000000000e+00,7.508404651564225957e-03,0.000000000000000000e+00,0.000000000000000000e+00,0.000000000000000000e+00,0.000000000000000000e+00,0.000000000000000000e+00,0.000000000000000000e+00,-0.000000000000000000e+00,0.000000000000000000e+00,-9.004610241888065265e-05,0.000000000000000000e+00,0.000000000000000000e+00,-4.741486633129257111e-01,-4.316320579717135564e-01,1.523234840587493144e+00,0.000000000000000000e+00,-0.000000000000000000e+00,0.000000000000000000e+00,0.000000000000000000e+00,0.000000000000000000e+00,-0.000000000000000000e+00,-0.000000000000000000e+00,-0.000000000000000000e+00,0.000000000000000000e+00,-0.000000000000000000e+00,3.686344912931904111e-02,-7.045775561383309238e-02,7.454314122276549381e-02,-0.000000000000000000e+00
-2.798365671455162462e-01,-2.661043554666703628e-02,-0.000000000000000000e+00,-1.394305603520725467e-01,-0.000000000000000000e+00,0.000000000000000000e+00,-0.000000000000000000e+00,0.000000000000000000e+00,-0.000000000000000000e+00,-0.000000000000000000e+00,-0.000000000000000000e+00,-0.000000000000000000e+00,-0.000000000000000000e+00,-3.984254840815643767e-02,-1.989817289803822997e-01,-0.000000000000000000e+00,-0.000000000000000000e+00,-0.000000000000000000e+00,-0.000000000000000000e+00,0.000000000000000000e+00,-0.000000000000000000e+00,-0.000000000000000000e+00,0.000000000000000000e+00,0.000000000000000000e+00,0.000000000000000000e+00,2.116090986561689480e+00,-0.000000000000000000e+00,-6.933852257862058721e-01,-3.423225011239879323e-01,-0.000000000000000000e+00,-0.000000000000000000e+00,-0.000000000000000000e+00,-6.845597625210252113e-02,-1.515898389234907884e-01,-0.000000000000000000e+00,-0.000000000000000000e+00,-0.000000000000000000e+00,-1.184802185450271328e-01,-0.000000000000000000e+00
-0.000000000000000000e+00,-0.000000000000000000e+00,-5.097153690912361278e-03,-1.854738142040409862e-02,-0.000000000000000000e+00,0.000000000000000000e+00,-3.951053092023403268e-01,0.000000000000000000e+00,-2.142839949463127072e-02,-0.000000000000000000e+00,-0.000000000000000000e+00,0.000000000000000000e+00,-0.000000000000000000e+00,-4.147774608914146788e-02,-0.000000000000000000e+00,-1.259231303592499851e-01,-0.000000000000000000e+00,-1.428224134114907118e-01,-1.487428256252783798e-01,0.000000000000000000e+00,-2.363823548812044317e-01,-0.000000000000000000e+00,0.000000000000000000e+00,0.000000000000000000e+00,-0.000000000000000000e+00,-0.000000000000000000e+00,2.400058075229326793e+00,-0.000000000000000000e+00,-3.828458666063258020e-01,-0.000000000000000000e+00,-3.027171399123408380e-01,-2.243093021834164369e-01,-2.276879009327856529e-01,-0.000000000000000000e+00,-1.185203578682212794e-01,-0.000000000000000000e+00,-1.447582713595509663e-01,-0.000000000000000000e+00,-0.000000000000000000e+00
-1.973758581238765908e-01,-0.000000000000000000e+00,-0.000000000000000000e+00,-1.939142352121652479e-01,-0.000000000000000000e+00,2.429106518062020825e-01,-1.079287554369607882e-01,-0.000000000000000000e+00,-0.000000000000000000e+00,-0.000000000000000000e+00,-0.000000000000000000e+00,-0.000000000000000000e+00,-0.000000000000000000e+00,-1.754589475214602956e-01,-0.000000000000000000e+00,-0.000000000000000000e+00,-6.792969901315612513e-02,-0.000000000000000000e+00,-1.023590549777848996e-01,0.000000000000000000e+00,-2.444619282323551579e-01,-4.119085504572566475e-02,4.590501208774916408e-02,0.000000000000000000e+00,0.000000000000000000e+00,-6.933852257862058721e-01,-0.000000000000000000e+00,2.653153994502410740e+00,-2.351955066387923510e-01,-0.000000000000000000e+00,-0.000000000000000000e+00,-0.000000000000000000e+00,-6.950805282328420195e-03,-1.931574984862217403e-01,-0.000000000000000000e+00,-1.260875024470371752e-01,-0.000000000000000000e+00,-1.780632404730505547e-01,-0.000000000000000000e+00
-0.000000000000000000e+00,-0.000000000000000000e+00,-8.825222709247211583e-02,-8.057142104780529168e-02,-0.000000000000000000e+00,0.000000000000000000e+00,-1.776661254889832023e-03,0.000000000000000000e+00,-1.657862097584375527e-01,-0.000000000000000000e+00,-0.000000000000000000e+00,0.000000000000000000e+00,-1.243527574735117484e-02,-2.217329468541150983e-01,-0.000000000000000000e+00,-0.000000000000000000e+00,-0.000000000000000000e+00,-0.000000000000000000e+00,-0.000000000000000000e+00,0.000000000000000000e+00,-2.797774499917434210e-01,-0.000000000000000000e+00,0.000000000000000000e+00,0.000000000000000000e+00,0.000000000000000000e+00,-3.423225011239879323e-01,-3.828458666063258020e-01,-2.351955066387923510e-01,2.342823283898108233e+00,-0.000000000000000000e+00,-0.000000000000000000e+00,-1.499595609062935042e-01,-1.879643070210997580e-01,-0.000000000000000000e+00,-2.364895858616001267e-01,-0.000000000000000000e+00,-8.195218577599909515e-02,-0.000000000000000000e+00,-0.000000000000000000e+00
-0.000000000000000000e+00,-0.000000000000000000e+00,-6.241476971885409619e-02,-0.000000000000000000e+00,-1.042109664867178209e-01,0.000000000000000000e+00,-9.169105257230990291e-02,0.000000000000000000e+00,-9.519059467378662709e-02,-3.251899400453498457e-01,-0.000000000000000000e+00,0.000000000000000000e+00,-0.000000000000000000e+00,-0.000000000000000000e+00,0.000000000000000000e+00,-2.138860031534540462e-01,-0.000000000000000000e+00,-0.000000000000000000e+00,-8.652319168217290080e-02,-0.000000000000000000e+00,-0.000000000000000000e+00,-1.423632591499830180e-01,0.000000000000000000e+00,0.000000000000000000e+00,0.000000000000000000e+00,-0.000000000000000000e+00,-0.000000000000000000e+00,-0.000000000000000000e+00,-0.000000000000000000e+00,1.816870887334298024e+00,-4.334891600245060345e-02,-0.000000000000000000e+00,-0.000000000000000000e+00,-0.000000000000000000e+00,-0.000000000000000000e+00,-0.000000000000000000e+00,-0.000000000000000000e+00,-0.000000000000000000e+00,-4.626276103661337014e-01
-0.000000000000000000e+00,-0.000000000000000000e+00,-2.404191190301431524e-01,-0.000000000000000000e+00,-1.234779890642189043e-01,0.000000000000000000e+00,-2.772894306795958830e-02,0.000000000000000000e+00,-0.000000000000000000e+00,-1.887960551811305662e-02,-0.000000000000000000e+00,0.000000000000000000e+00,-0.000000000000000000e+00,-0.000000000000000000e+00,0.000000000000000000e+00,-3.594146769662215357e-02,-0.000000000000000000e+00,-3.570463547392475623e-01,-2.179516870684299612e-01,0.000000000000000000e+00,-4.394196968690870508e-01,-1.897297571845939501e-01,0.000000000000000000e+00,-0.000000000000000000e+00,-0.000000000000000000e+00,-0.000000000000000000e+00,-3.027171399123408380e-01,-0.000000000000000000e+00,-0.000000000000000000e+00,-4.334891600245060345e-02,2.274364601011697573e+00,-0.000000000000000000e+00,-2.336973465766737090e-01,-0.000000000000000000e+00,-0.000000000000000000e+00,-0.000000000000000000e+00,-0.000000000000000000e+00,-0.000000000000000000e+00,-0.000000000000000000e+00
-0.000000000000000000e+00,0.000000000000000000e+00,-0.000000000000000000e+00,-2.024061503759254973e-03,-0.000000000000000000e+00,0.000000000000000000e+00,-0.000000000000000000e+00,-0.000000000000000000e+00,-0.000000000000000000e+00,-0.000000000000000000e+00,-0.000000000000000000e+00,0.000000000000000000e+00,-3.776179681661422372e-01,-0.000000000000000000e+00,0.000000000000000000e+00,-0.000000000000000000e+00,-0.000000000000000000e+00,-0.000000000000000000e+00,-0.000000000000000000e+00,1.148321007450355813e-01,-0.000000000000000000e+00,-0.000000000000000000e+00,0.000000000000000000e+00,-0.000000000000000000e+00,-0.000000000000000000e+00,-0.000000000000000000e+00,-2.243093021834164369e-01,-0.000000000000000000e+00,-1.499595609062935042e-01,-0.000000000000000000e+00,-0.000000000000000000e+00,1.506256026181214791e+00,-1.331436199981343022e-02,-0.000000000000000000e+00,-1.649559127233980738e-01,-0.000000000000000000e+00,-2.519100149048974502e-01,0.000000000000000000e+00,0.000000000000000000e+00
-0.000000000000000000e+00,-0.000000000000000000e+00,-1.560254513362505369e-01,-1.425795619340102308e-02,-0.000000000000000000e+00,0.000000000000000000e+00,-0.000000000000000000e+00,0.000000000000000000e+00,-0.000000000000000000e+00,-5.645385409006531408e-02,-0.000000000000000000e+00,-0.000000000000000000e+00,-0.000000000000000000e+00,-3.879343218883234967e-01,-0.000000000000000000e+00,-1.469925652020913527e-02,-0.000000000000000000e+00,-5.269948259281687780e-02,-2.242262218720029315e-02,0.000000000000000000e+00,-1.905676456603324631e-01,-0.000000000000000000e+00,0.000000000000000000e+00,-0.000000000000000000e+00,-0.000000000000000000e+00,-6.845597625210252113e-02,-2.276879009327856529e-01,-6.950805282328420195e-03,-1.879643070210997580e-01,-0.000000000000000000e+00,-2.336973465766737090e-01,-1.331436199981343022e-02,2.104496272460165240e+00,-1.363407660103935493e-01,-1.936606375493230697e-02,-0.000000000000000000e+00,-2.943833376006451119e-01,-0.000000000000000000e+00,-0.000000000000000000e+00
-2.165988604552765706e-01,-9.861810734343437468e-02,-1.536251180934585132e-02,-3.275940729848428323e-02,-5.037808045157662340e-01,6.373430001220940257e-04,-7.434814406350301330e-02,0.000000000000000000e+00,-1.626986752252462254e-01,-1.794657521611034423e-01,-0.000000000000000000e+00,-0.000000000000000000e+00,-0.000000000000000000e+00,-1.347781510942912819e-01,-0.000000000000000000e+00,-5.123510614245121997e-02,-1.085615474726581847e-01,-0.000000000000000000e+00,-1.946754829088921113e-01,0.000000000000000000e+00,-7.576729548839106210e-02,-1.191902720374228425e-01,0.000000000000000000e+00,0.000000000000000000e+00,0.000000000000000000e+00,-1.515898389234907884e-01,-0.000000000000000000e+00,-1.931574984862217403e-01,-0.000000000000000000e+00,-0.000000000000000000e+00,-0.000000000000000000e+00,-0.000000000000000000e+00,-1.363407660103935493e-01,2.526225927760049395e+00,-0.000000000000000000e+00,-2.376148907697909207e-01,-0.000000000000000000e+00,-0.000000000000000000e+00,-0.000000000000000000e+00
-0.000000000000000000e+00,-0.000000000000000000e+00,-0.000000000000000000e+00,-0.000000000000000000e+00,-0.000000000000000000e+00,0.000000000000000000e+00,-0.000000000000000000e+00,0.000000000000000000e+00,-0.000000000000000000e+00,-0.000000000000000000e+00,-0.000000000000000000e+00,0.000000000000000000e+00,-0.000000000000000000e+00,-7.346559396453873625e-02,0.000000000000000000e+00,-0.000000000000000000e+00,-0.000000000000000000e+00,-0.000000000000000000e+00,-0.000000000000000000e+00,0.000000000000000000e+00,-0.000000000000000000e+00,-0.000000000000000000e+00,-0.000000000000000000e+00,-0.000000000000000000e+00,-0.000000000000000000e+00,-0.000000000000000000e+00,-1.185203578682212794e-01,-0.000000000000000000e+00,-2.364895858616001267e-01,-0.000000000000000000e+00,-0.000000000000000000e+00,-1.649559127233980738e-01,-1.936606375493230697e-02,-0.000000000000000000e+00,1.511177776617857571e+00,-0.000000000000000000e+00,-5.270276217738220081e-01,0.000000000000000000e+00,-0.000000000000000000e+00
-1.329981849572356156e-01,-2.263899792094107577e-01,-0.000000000000000000e+00,-9.896329378311996550e-02,-0.000000000000000000e+00,9.807651272006225052e-02,-0.000000000000000000e+00,-0.000000000000000000e+00,-5.884573921943916236e-02,-0.000000000000000000e+00,-2.260944374606197182e-01,-6.306305292223926551e-02,-0.000000000000000000e+00,-3.090508244900373735e-02,-0.000000000000000000e+00,-0.000000000000000000e+00,-3.245945856138758301e-01,-0.000000000000000000e+00,-0.000000000000000000e+00,0.000000000000000000e+00,-0.000000000000000000e+00,-1.745815350153149537e-01,1.021095010724069052e-01,0.000000000000000000e+00,3.686344912931904111e-02,-0.000000000000000000e+00,-0.000000000000000000e+00,-1.260875024470371752e-01,-0.000000000000000000e+00,-0.000000000000000000e+00,-0.000000000000000000e+00,-0.000000000000000000e+00,-0.000000000000000000e+00,-2.376148907697909207e-01,-0.000000000000000000e+00,1.980361584293084398e+00,-0.000000000000000000e+00,-0.000000000000000000e+00,-0.000000000000000000e+00
-0.000000000000000000e+00,-0.000000000000000000e+00,-0.000000000000000000e+00,-0.000000000000000000e+00,-0.000000000000000000e+00,-0.000000000000000000e+00,-0.000000000000000000e+00,0.000000000000000000e+00,-0.000000000000000000e+00,-0.000000000000000000e+00,-0.000000000000000000e+00,0.000000000000000000e+00,-0.000000000000000000e+00,-0.000000000000000000e+00,0.000000000000000000e+00,-0.000000000000000000e+00,-0.000000000000000000e+00,-0.000000000000000000e+00,-0.000000000000000000e+00,0.000000000000000000e+00,-0.000000000000000000e+00,-0.000000000000000000e+00,-0.000000000000000000e+00,-4.523387448075950890e-02,-7.045775561383309238e-02,-0.000000000000000000e+00,-1.447582713595509663e-01,-0.000000000000000000e+00,-8.195218577599909515e-02,-0.000000000000000000e+00,-0.000000000000000000e+00,-2.519100149048974502e-01,-2.943833376006451119e-01,-0.000000000000000000e+00,-5.270276217738220081e-01,-0.000000000000000000e+00,1.584687678021300172e+00,0.000000000000000000e+00,-0.000000000000000000e+00
-3.422986759967225900e-01,-0.000000000000000000e+00,-0.000000000000000000e+00,-0.000000000000000000e+00,-0.000000000000000000e+00,0.000000000000000000e+00,-0.000000000000000000e+00,-0.000000000000000000e+00,-5.159156889784794614e-02,-0.000000000000000000e+00,-0.000000000000000000e+00,-0.000000000000000000e+00,0.000000000000000000e+00,-0.000000000000000000e+00,-1.906894729223621021e-02,-0.000000000000000000e+00,-0.000000000000000000e+00,0.000000000000000000e+00,-0.000000000000000000e+00,0.000000000000000000e+00,-0.000000000000000000e+00,-0.000000000000000000e+00,5.691886885054886491e-02,1.105581730106615507e-01,7.454314122276549381e-02,-1.184802185450271328e-01,-0.000000000000000000e+00,-1.780632404730505547e-01,-0.000000000000000000e+00,-0.000000000000000000e+00,-0.000000000000000000e+00,0.000000000000000000e+00,-0.000000000000000000e+00,-0.000000000000000000e+00,0.000000000000000000e+00,-0.000000000000000000e+00,0.000000000000000000e+00,1.434196708964427192e+00,-1.723923660076911168e-01
-3.216830049480804560e-02,-0.000000000000000000e+00,-0.000000000000000000e+00,-0.000000000000000000e+00,-0.000000000000000000e+00,0.000000000000000000e+00,-0.000000000000000000e+00,7.266275251232168220e-02,-3.434250256877170449e-01,-2.794924380292457267e-01,-0.000000000000000000e+00,0.000000000000000000e+00,0.000000000000000000e+00,-0.000000000000000000e+00,0.000000000000000000e+00,-0.000000000000000000e+00,-0.000000000000000000e+00,-0.000000000000000000e+00,-0.000000000000000000e+00,-0.000000000000000000e+00,-0.000000000000000000e+00,-0.000000000000000000e+00,-0.000000000000000000e+00,-0.000000000000000000e+00,-0.000000000000000000e+00,-0.000000000000000000e+00,-0.000000000000000000e+00,-0.000000000000000000e+00,-0.000000000000000000e+00,-4.626276103661337014e-01,-0.000000000000000000e+00,0.000000000000000000e+00,-0.000000000000000000e+00,-0.000000000000000000e+00,-0.000000000000000000e+00,-0.000000000000000000e+00,-0.000000000000000000e+00,-1.723923660076911168e-01,1.639713607622696134e+00
