1.630842392891541204e+00,-6.900262466028015407e-01,-0.000000000000000000e+00,-0.000000000000000000e+00,-0.000000000000000000e+00,0.000000000000000000e+00,-0.000000000000000000e+00,0.000000000000000000e+00,-1.474663502834886765e-02,-0.000000000000000000e+00,-6.720748147561038388e-02,-0.000000000000000000e+00,-0.000000000000000000e+00,-0.000000000000000000e+00,-0.000000000000000000e+00,-0.000000000000000000e+00,-0.000000000000000000e+00,-0.000000000000000000e+00,-0.000000000000000000e+00,-0.000000000000000000e+00,-0.000000000000000000e+00,-0.000000000000000000e+00,-5.382414060588647242e-02,-0.000000000000000000e+00,-1.189068034818421132e-01,-2.425222892054941168e-02,-0.000000000000000000e+00,-0.000000000000000000e+00,-3.047801343217600503e-02,-0.000000000000000000e+00,-0.000000000000000000e+00,-0.000000000000000000e+00,-0.000000000000000000e+00,-2.685297280055200519e-01,0.000000000000000000e+00,-1.609444589458146335e-02,-0.000000000000000000e+00,-0.000000000000000000e+00,-0.000000000000000000e+00
-6.900262466028015407e-01,1.932130102153064355e+00,-0.000000000000000000e+00,-0.000000000000000000e+00,0.000000000000000000e+00,0.000000000000000000e+00,-0.000000000000000000e+00,-0.000000000000000000e+00,-0.000000000000000000e+00,-0.000000000000000000e+00,-0.000000000000000000e+00,-1.213342452672806354e-01,-0.000000000000000000e+00,-0.000000000000000000e+00,-1.029092039167980865e-01,-5.858659505698526893e-02,-0.000000000000000000e+00,-1.305389628616879794e-01,-5.637249736774991443e-02,-0.000000000000000000e+00,-0.000000000000000000e+00,-1.180416806982371725e-01,-1.152507684758849044e-01,-0.000000000000000000e+00,-9.285471663637151485e-02,0.000000000000000000e+00,-0.000000000000000000e+00,0.000000000000000000e+00,-2.332735740182655809e-02,-2.719923195724608389e-01,-0.000000000000000000e+00,-0.000000000000000000e+00,-0.000000000000000000e+00,-3.776356352801590877e-02,0.000000000000000000e+00,-0.000000000000000000e+00,-0.000000000000000000e+00,0.000000000000000000e+00,-0.000000000000000000e+00
-0.000000000000000000e+00,-0.000000000000000000e+00,2.114786577087191421e+00,0.000000000000000000e+00,-3.364757951196745700e-01,-0.000000000000000000e+00,0.000000000000000000e+00,9.347016898519102668e-01,-0.000000000000000000e+00,-0.000000000000000000e+00,-6.875190761189375888e-02,-0.000000000000000000e+00,0.000000000000000000e+00,-2.855875113621846387e-02,-0.000000000000000000e+00,-0.000000000000000000e+00,-0.000000000000000000e+00,-0.000000000000000000e+00,-0.000000000000000000e+00,0.000000000000000000e+00,-4.408986435171965979e-02,-0.000000000000000000e+00,-0.000000000000000000e+00,-0.000000000000000000e+00,-0.000000000000000000e+00,-3.033100825581557247e-01,-0.000000000000000000e+00,-4.826004572151045696e-02,-0.000000000000000000e+00,-0.000000000000000000e+00,-3.608223425989944277e-01,-0.000000000000000000e+00,-0.000000000000000000e+00,-0.000000000000000000e+00,0.000000000000000000e+00,-0.000000000000000000e+00,-0.000000000000000000e+00,-0.000000000000000000e+00,-0.000000000000000000e+00
-0.000000000000000000e+00,-0.000000000000000000e+00,0.000000000000000000e+00,1.772792654911431232e+00,-0.000000000000000000e+00,-0.000000000000000000e+00,-6.789179535833808066e-01,-0.000000000000000000e+00,-0.000000000000000000e+00,-0.000000000000000000e+00,-0.000000000000000000e+00,-9.349322345783914190e-02,-0.000000000000000000e+00,-0.000000000000000000e+00,-1.928306539476324355e-01,-1.139175093934451932e-01,-0.000000000000000000e+00,-0.000000000000000000e+00,-1.010315124702056561e-01,-2.240992883979684991e-01,-0.000000000000000000e+00,-0.000000000000000000e+00,-0.000000000000000000e+00,-5.571981023963808177e-02,-0.000000000000000000e+00,0.000000000000000000e+00,-0.000000000000000000e+00,-0.000000000000000000e+00,-0.000000000000000000e+00,-0.000000000000000000e+00,0.000000000000000000e+00,-0.000000000000000000e+00,-0.000000000000000000e+00,-0.000000000000000000e+00,7.127500804305467175e-02,-0.000000000000000000e+00,0.000000000000000000e+00,-0.000000000000000000e+00,-0.000000000000000000e+00
-0.000000000000000000e+00,0.000000000000000000e+00,-3.364757951196745700e-01,-0.000000000000000000e+00,1.525182724784089228e+00,-0.000000000000000000e+00,-0.000000000000000000e+00,0.000000000000000000e+00,-0.000000000000000000e+00,-0.000000000000000000e+00,-0.000000000000000000e+00,-0.000000000000000000e+00,0.000000000000000000e+00,-2.819946060438368596e-01,-0.000000000000000000e+00,-0.000000000000000000e+00,-0.000000000000000000e+00,-0.000000000000000000e+00,-0.000000000000000000e+00,-0.000000000000000000e+00,-0.000000000000000000e+00,-0.000000000000000000e+00,-0.000000000000000000e+00,-0.000000000000000000e+00,-0.000000000000000000e+00,-1.862769263877823989e-01,-5.917790670424236121e-02,-0.000000000000000000e+00,-0.000000000000000000e+00,-0.000000000000000000e+00,-1.465614525897115106e-01,-0.000000000000000000e+00,-0.000000000000000000e+00,-1.271541690884273323e-01,0.000000000000000000e+00,-0.000000000000000000e+00,-0.000000000000000000e+00,-1.390624293981754800e-01,-0.000000000000000000e+00
0.000000000000000000e+00,0.000000000000000000e+00,-0.000000000000000000e+00,-0.000000000000000000e+00,-0.000000000000000000e+00,1.025262167792689860e+00,-0.000000000000000000e+00,0.000000000000000000e+00,-0.000000000000000000e+00,-0.000000000000000000e+00,-0.000000000000000000e+00,-0.000000000000000000e+00,-0.000000000000000000e+00,-0.000000000000000000e+00,0.000000000000000000e+00,-0.000000000000000000e+00,1.027274628285615920e-03,-0.000000000000000000e+00,-0.000000000000000000e+00,-0.000000000000000000e+00,-0.000000000000000000e+00,-0.000000000000000000e+00,0.000000000000000000e+00,-0.000000000000000000e+00,0.000000000000000000e+00,-0.000000000000000000e+00,-0.000000000000000000e+00,-0.000000000000000000e+00,-5.772693586030544499e-02,-0.000000000000000000e+00,-0.000000000000000000e+00,-0.000000000000000000e+00,-6.616371999402528847e-03,-0.000000000000000000e+00,-1.430562574473724091e-01,-0.000000000000000000e+00,-0.000000000000000000e+00,-0.000000000000000000e+00,-0.000000000000000000e+00
-0.000000000000000000e+00,-0.000000000000000000e+00,0.000000000000000000e+00,-6.789179535833808066e-01,-0.000000000000000000e+00,-0.000000000000000000e+00,2.011405316349697880e+00,-0.000000000000000000e+00,-0.000000000000000000e+00,-1.547007474853092646e-01,-0.000000000000000000e+00,-0.000000000000000000e+00,-0.000000000000000000e+00,-0.000000000000000000e+00,-9.461437912864897881e-02,-1.497185097006188126e-01,-0.000000000000000000e+00,-0.000000000000000000e+00,-0.000000000000000000e+00,-2.263161209316373601e-01,-0.000000000000000000e+00,-2.693638502529384637e-01,-0.000000000000000000e+00,-1.489731541823141880e-01,-0.000000000000000000e+00,0.000000000000000000e+00,-0.000000000000000000e+00,-2.127091742444688904e-01,-0.000000000000000000e+00,-0.000000000000000000e+00,0.000000000000000000e+00,-0.000000000000000000e+00,-0.000000000000000000e+00,-0.000000000000000000e+00,0.000000000000000000e+00,-0.000000000000000000e+00,0.000000000000000000e+00,-0.000000000000000000e+00,-4.322961706917968772e-02
0.000000000000000000e+00,-0.000000000000000000e+00,9.347016898519102668e-01,-0.000000000000000000e+00,0.000000000000000000e+00,0.000000000000000000e+00,-0.000000000000000000e+00,1.745382014267102599e+00,0.000000000000000000e+00,0.000000000000000000e+00,0.000000000000000000e+00,-0.000000000000000000e+00,-2.065502776182205624e-01,0.000000000000000000e+00,-0.000000000000000000e+00,0.000000000000000000e+00,0.000000000000000000e+00,0.000000000000000000e+00,0.000000000000000000e+00,-0.000000000000000000e+00,0.000000000000000000e+00,-0.000000000000000000e+00,0.000000000000000000e+00,0.000000000000000000e+00,0.000000000000000000e+00,0.000000000000000000e+00,0.000000000000000000e+00,0.000000000000000000e+00,0.000000000000000000e+00,0.000000000000000000e+00,2.717029327986517084e-01,0.000000000000000000e+00,0.000000000000000000e+00,0.000000000000000000e+00,0.000000000000000000e+00,0.000000000000000000e+00,0.000000000000000000e+00,0.000000000000000000e+00,0.000000000000000000e+00
-1.474663502834886765e-02,-0.000000000000000000e+00,-0.000000000000000000e+00,-0.000000000000000000e+00,-0.000000000000000000e+00,-0.000000000000000000e+00,-0.000000000000000000e+00,0.000000000000000000e+00,2.502491042398743648e+00,-4.178090066087234572e-02,-3.192521423459267482e-01,-8.336930540827489772e-03,-0.000000000000000000e+00,-1.750372539166368813e-01,-0.000000000000000000e+00,-4.906351841709517825e-02,-0.000000000000000000e+00,-0.000000000000000000e+00,-4.519187441982687736e-01,-0.000000000000000000e+00,-0.000000000000000000e+00,-0.000000000000000000e+00,-0.000000000000000000e+00,-0.000000000000000000e+00,-3.344399389389685617e-01,-0.000000000000000000e+00,-2.661879578005682534e-01,-0.000000000000000000e+00,-0.000000000000000000e+00,-0.000000000000000000e+00,-3.172735795941713510e-01,-0.000000000000000000e+00,-0.000000000000000000e+00,-2.500814106832520145e-01,0.000000000000000000e+00,-0.000000000000000000e+00,-0.000000000000000000e+00,-0.000000000000000000e+00,-4.630986323799745064e-01
-0.000000000000000000e+00,-0.000000000000000000e+00,-0.000000000000000000e+00,-0.000000000000000000e+00,-0.000000000000000000e+00,-0.000000000000000000e+00,-1.547007474853092646e-01,0.000000000000000000e+00,-4.178090066087234572e-02,2.110398835943716023e+00,-0.000000000000000000e+00,-0.000000000000000000e+00,-0.000000000000000000e+00,-2.341556721690922771e-01,-0.000000000000000000e+00,-8.115677512137668970e-01,-0.000000000000000000e+00,-1.152491842376311693e-02,-5.793627405594532070e-02,-0.000000000000000000e+00,-0.000000000000000000e+00,-0.000000000000000000e+00,-0.000000000000000000e+00,-1.148896576293831906e-01,-0.000000000000000000e+00,-0.000000000000000000e+00,-1.536785800479052166e-01,-0.000000000000000000e+00,-0.000000000000000000e+00,-2.381637635632541661e-01,-0.000000000000000000e+00,-1.477775829241759764e-01,-0.000000000000000000e+00,-0.000000000000000000e+00,0.000000000000000000e+00,-0.000000000000000000e+00,0.000000000000000000e+00,-0.000000000000000000e+00,-0.000000000000000000e+00
-6.720748147561038388e-02,-0.000000000000000000e+00,-6.875190761189375888e-02,-0.000000000000000000e+00,-0.000000000000000000e+00,-0.000000000000000000e+00,-0.000000000000000000e+00,0.000000000000000000e+00,-3.192521423459267482e-01,-0.000000000000000000e+00,1.937641851258224968e+00,-0.000000000000000000e+00,-0.000000000000000000e+00,-1.485690788428074838e-01,-0.000000000000000000e+00,-0.000000000000000000e+00,-3.172034040086360029e-01,-0.000000000000000000e+00,-4.892535979269559826e-02,-0.000000000000000000e+00,-0.000000000000000000e+00,-0.000000000000000000e+00,-2.684349356145367474e-02,-1.200729303332813136e-01,-0.000000000000000000e+00,-1.103823479984741146e-01,-1.321419086724269776e-01,-0.000000000000000000e+00,-0.000000000000000000e+00,-0.000000000000000000e+00,-3.337638329309242785e-02,-3.246544242777640865e-01,-0.000000000000000000e+00,-1.249708922295289376e-01,0.000000000000000000e+00,-0.000000000000000000e+00,-0.000000000000000000e+00,-8.407170028105571957e-02,-6.654380567031230320e-02
-0.000000000000000000e+00,-1.213342452672806354e-01,-0.000000000000000000e+00,-9.349322345783914190e-02,-0.000000000000000000e+00,-0.000000000000000000e+00,-0.000000000000000000e+00,-0.000000000000000000e+00,-8.336930540827489772e-03,-0.000000000000000000e+00,-0.000000000000000000e+00,2.807515173466817782e+00,-1.905939620180359699e-03,-0.000000000000000000e+00,-4.980257314850999317e-01,-7.017905211327632453e-02,-0.000000000000000000e+00,-1.937099220007086620e-01,-9.570425557153440510e-02,-3.998911329648653368e-01,-1.264324832747236449e-02,-3.838632607185633594e-01,-1.611219837765730245e-01,-0.000000000000000000e+00,-0.000000000000000000e+00,-0.000000000000000000e+00,-6.872171487049560934e-02,-0.000000000000000000e+00,-0.000000000000000000e+00,-2.274896148504851681e-02,-0.000000000000000000e+00,-1.413089183677518346e-01,-3.768262380277054846e-01,-2.983712158682563231e-01,0.000000000000000000e+00,-0.000000000000000000e+00,-0.000000000000000000e+00,-0.000000000000000000e+00,-1.846223753034942263e-03
-0.000000000000000000e+00,-0.000000000000000000e+00,0.000000000000000000e+00,-0.000000000000000000e+00,0.000000000000000000e+00,-0.000000000000000000e+00,-0.000000000000000000e+00,-2.065502776182205624e-01,-0.000000000000000000e+00,-0.000000000000000000e+00,-0.000000000000000000e+00,-1.905939620180359699e-03,1.047096980976401914e+00,-0.000000000000000000e+00,-0.000000000000000000e+00,-0.000000000000000000e+00,-0.000000000000000000e+00,-0.000000000000000000e+00,-0.000000000000000000e+00,-1.199517691723265000e-01,-0.000000000000000000e+00,-0.000000000000000000e+00,-0.000000000000000000e+00,-0.000000000000000000e+00,-0.000000000000000000e+00,0.000000000000000000e+00,-0.000000000000000000e+00,0.000000000000000000e+00,-0.000000000000000000e+00,-0.000000000000000000e+00,0.000000000000000000e+00,-0.000000000000000000e+00,-0.000000000000000000e+00,-0.000000000000000000e+00,-0.000000000000000000e+00,-0.000000000000000000e+00,0.000000000000000000e+00,-0.000000000000000000e+00,-0.000000000000000000e+00
-0.000000000000000000e+00,-0.000000000000000000e+00,-2.855875113621846387e-02,-0.000000000000000000e+00,-2.819946060438368596e-01,-0.000000000000000000e+00,-0.000000000000000000e+00,0.000000000000000000e+00,-1.750372539166368813e-01,-2.341556721690922771e-01,-1.485690788428074838e-01,-0.000000000000000000e+00,-0.000000000000000000e+00,2.067215572840792603e+00,-0.000000000000000000e+00,-4.025447108848426853e-02,-1.583347343485195374e-02,-0.000000000000000000e+00,-0.000000000000000000e+00,-0.000000000000000000e+00,-5.295299872148001574e-02,-0.000000000000000000e+00,-3.107839076791920618e-01,-2.496125921206541198e-01,-0.000000000000000000e+00,-0.000000000000000000e+00,-1.056815716683091322e-01,-0.000000000000000000e+00,-3.315501622602247400e-02,-0.000000000000000000e+00,-0.000000000000000000e+00,-2.105450621023235158e-01,-1.241345012225337496e-01,-1.537430798119800435e-01,-0.000000000000000000e+00,-0.000000000000000000e+00,-0.000000000000000000e+00,-0.000000000000000000e+00,-0.000000000000000000e+00
-0.000000000000000000e+00,-1.029092039167980865e-01,-0.000000000000000000e+00,-1.928306539476324355e-01,-0.000000000000000000e+00,0.000000000000000000e+00,-9.461437912864897881e-02,-0.000000000000000000e+00,-0.000000000000000000e+00,-0.000000000000000000e+00,-0.000000000000000000e+00,-4.980257314850999317e-01,-0.000000000000000000e+00,-0.000000000000000000e+00,2.415050596827318152e+00,-1.921385504480967524e-02,-1.435054106346874414e-01,-2.184039052975306205e-01,-1.207501134633840872e-01,-2.549312109781624591e-01,-0.000000000000000000e+00,-2.040450592959134613e-01,-9.110033752267238105e-02,-6.304531536330928998e-02,-0.000000000000000000e+00,0.000000000000000000e+00,-0.000000000000000000e+00,-0.000000000000000000e+00,-0.000000000000000000e+00,-9.880434620221698050e-02,-0.000000000000000000e+00,-1.172766446598597356e-01,-0.000000000000000000e+00,-2.931473248244776397e-01,0.000000000000000000e+00,-0.000000000000000000e+00,0.000000000000000000e+00,-0.000000000000000000e+00,-0.000000000000000000e+00
-0.000000000000000000e+00,-5.858659505698526893e-02,-0.000000000000000000e+00,-1.139175093934451932e-01,-0.000000000000000000e+00,-0.000000000000000000e+00,-1.497185097006188126e-01,0.000000000000000000e+00,-4.906351841709517825e-02,-8.115677512137668970e-01,-0.000000000000000000e+00,-7.017905211327632453e-02,-0.000000000000000000e+00,-4.025447108848426853e-02,-1.921385504480967524e-02,2.408584278767066600e+00,-0.000000000000000000e+00,-1.545450135072065079e-01,-2.492901265544502643e-01,-9.538276481736261822e-04,-0.000000000000000000e+00,-3.615322187640646751e-02,-1.204554214502487203e-01,-7.309768705389767252e-02,-0.000000000000000000e+00,-0.000000000000000000e+00,-1.815231328639805783e-02,-0.000000000000000000e+00,-0.000000000000000000e+00,-4.011159132986411580e-01,-0.000000000000000000e+00,-6.708911367425163252e-02,-1.656187488461222101e-02,-0.000000000000000000e+00,0.000000000000000000e+00,-0.000000000000000000e+00,-0.000000000000000000e+00,-0.000000000000000000e+00,-0.000000000000000000e+00
-0.000000000000000000e+00,-0.000000000000000000e+00,-0.000000000000000000e+00,-0.000000000000000000e+00,-0.000000000000000000e+00,1.027274628285615920e-03,-0.000000000000000000e+00,0.000000000000000000e+00,-0.000000000000000000e+00,-0.000000000000000000e+00,-3.172034040086360029e-01,-0.000000000000000000e+00,-0.000000000000000000e+00,-1.583347343485195374e-02,-1.435054106346874414e-01,-0.000000000000000000e+00,1.311606653550102308e+00,-0.000000000000000000e+00,-0.000000000000000000e+00,-0.000000000000000000e+00,-0.000000000000000000e+00,-0.000000000000000000e+00,-8.698274733065611275e-02,-1.024470189994368396e-01,-0.000000000000000000e+00,-0.000000000000000000e+00,-0.000000000000000000e+00,0.000000000000000000e+00,-0.000000000000000000e+00,-0.000000000000000000e+00,-0.000000000000000000e+00,-1.400410128218908257e-01,-0.000000000000000000e+00,-0.000000000000000000e+00,0.000000000000000000e+00,-4.382357526343143295e-02,0.000000000000000000e+00,-0.000000000000000000e+00,-0.000000000000000000e+00
-0.000000000000000000e+00,-1.305389628616879794e-01,-0.000000000000000000e+00,-0.000000000000000000e+00,-0.000000000000000000e+00,-0.000000000000000000e+00,-0.000000000000000000e+00,0.000000000000000000e+00,-0.000000000000000000e+00,-1.152491842376311693e-02,-0.000000000000000000e+00,-1.937099220007086620e-01,-0.000000000000000000e+00,-0.000000000000000000e+00,-2.184039052975306205e-01,-1.545450135072065079e-01,-0.000000000000000000e+00,2.290706321315959748e+00,-3.651715464862994032e-01,-1.407239481367698365e-02,-0.000000000000000000e+00,-9.987788180680191863e-02,-1.326319553695937958e-01,-0.000000000000000000e+00,-0.000000000000000000e+00,-0.000000000000000000e+00,-0.000000000000000000e+00,-0.000000000000000000e+00,-1.697258937921268251e-01,-1.615027505528190965e-01,-0.000000000000000000e+00,-2.617367555104682664e-01,-3.376353249157957315e-01,-9.966423450781216470e-03,0.000000000000000000e+00,-0.000000000000000000e+00,-0.000000000000000000e+00,-0.000000000000000000e+00,-0.000000000000000000e+00
-0.000000000000000000e+00,-5.637249736774991443e-02,-0.000000000000000000e+00,-1.010315124702056561e-01,-0.000000000000000000e+00,-0.000000000000000000e+00,-0.000000000000000000e+00,0.000000000000000000e+00,-4.519187441982687736e-01,-5.793627405594532070e-02,-4.892535979269559826e-02,-9.570425557153440510e-02,-0.000000000000000000e+00,-0.000000000000000000e+00,-1.207501134633840872e-01,-2.492901265544502643e-01,-0.000000000000000000e+00,-3.651715464862994032e-01,2.297281171415766376e+00,-0.000000000000000000e+00,-0.000000000000000000e+00,-1.472444328903179389e-01,-0.000000000000000000e+00,-0.000000000000000000e+00,-0.000000000000000000e+00,-0.000000000000000000e+00,-1.782590264633619748e-01,-0.000000000000000000e+00,-0.000000000000000000e+00,-0.000000000000000000e+00,-0.000000000000000000e+00,-8.431210044619108501e-02,-5.962458516569663081e-02,-2.197719236899256801e-01,0.000000000000000000e+00,-0.000000000000000000e+00,-0.000000000000000000e+00,-0.000000000000000000e+00,-5.877097199826977758e-02
-0.000000000000000000e+00,-0.000000000000000000e+00,0.000000000000000000e+00,-2.240992883979684991e-01,-0.000000000000000000e+00,-0.000000000000000000e+00,-2.263161209316373601e-01,-0.000000000000000000e+00,-0.000000000000000000e+00,-0.000000000000000000e+00,-0.000000000000000000e+00,-3.998911329648653368e-01,-1.199517691723265000e-01,-0.000000000000000000e+00,-2.549312109781624591e-01,-9.538276481736261822e-04,-0.000000000000000000e+00,-1.407239481367698365e-02,-0.000000000000000000e+00,2.122381491502252526e+00,-0.000000000000000000e+00,-3.512674880041468106e-01,-0.000000000000000000e+00,-1.102340939808168774e-01,-0.000000000000000000e+00,0.000000000000000000e+00,-0.000000000000000000e+00,-0.000000000000000000e+00,-0.000000000000000000e+00,-5.786538701995700557e-02,0.000000000000000000e+00,-0.000000000000000000e+00,-3.346727348010222758e-01,-0.000000000000000000e+00,0.000000000000000000e+00,-0.000000000000000000e+00,-0.000000000000000000e+00,-0.000000000000000000e+00,-0.000000000000000000e+00
-0.000000000000000000e+00,-0.000000000000000000e+00,-4.408986435171965979e-02,-0.000000000000000000e+00,-0.000000000000000000e+00,-0.000000000000000000e+00,-0.000000000000000000e+00,0.000000000000000000e+00,-0.000000000000000000e+00,-0.000000000000000000e+00,-0.000000000000000000e+00,-1.264324832747236449e-02,-0.000000000000000000e+00,-5.295299872148001574e-02,-0.000000000000000000e+00,-0.000000000000000000e+00,-0.000000000000000000e+00,-0.000000000000000000e+00,-0.000000000000000000e+00,-0.000000000000000000e+00,1.063657345401229026e+00,-0.000000000000000000e+00,-2.344796926620832528e-02,-0.000000000000000000e+00,-2.293663835136641738e-03,-2.307082582169868792e-02,-0.000000000000000000e+00,-0.000000000000000000e+00,-1.352388729039701032e-01,-0.000000000000000000e+00,-4.261071271662519866e-02,-0.000000000000000000e+00,-0.000000000000000000e+00,-0.000000000000000000e+00,-0.000000000000000000e+00,-5.608788299446754860e-02,-0.000000000000000000e+00,-0.000000000000000000e+00,-0.000000000000000000e+00
-0.000000000000000000e+00,-1.180416806982371725e-01,-0.000000000000000000e+00,-0.000000000000000000e+00,-0.000000000000000000e+00,-0.000000000000000000e+00,-2.693638502529384637e-01,-0.000000000000000000e+00,-0.000000000000000000e+00,-0.000000000000000000e+00,-0.000000000000000000e+00,-3.838632607185633594e-01,-0.000000000000000000e+00,-0.000000000000000000e+00,-2.040450592959134613e-01,-3.615322187640646751e-02,-0.000000000000000000e+00,-9.987788180680191863e-02,-1.472444328903179389e-01,-3.512674880041468106e-01,-0.000000000000000000e+00,2.330549946599408173e+00,-0.000000000000000000e+00,-0.000000000000000000e+00,-0.000000000000000000e+00,-0.000000000000000000e+00,-1.879145307686053423e-01,-0.000000000000000000e+00,-0.000000000000000000e+00,-0.000000000000000000e+00,-0.000000000000000000e+00,-0.000000000000000000e+00,-3.738817283905436217e-01,-1.111475994884606328e-01,0.000000000000000000e+00,-0.000000000000000000e+00,-0.000000000000000000e+00,-0.000000000000000000e+00,-0.000000000000000000e+00
-5.382414060588647242e-02,-1.152507684758849044e-01,-0.000000000000000000e+00,-0.000000000000000000e+00,-0.000000000000000000e+00,0.000000000000000000e+00,-0.000000000000000000e+00,0.000000000000000000e+00,-0.000000000000000000e+00,-0.000000000000000000e+00,-2.684349356145367474e-02,-1.611219837765730245e-01,-0.000000000000000000e+00,-3.107839076791920618e-01,-9.110033752267238105e-02,-1.204554214502487203e-01,-8.698274733065611275e-02,-1.326319553695937958e-01,-0.000000000000000000e+00,-0.000000000000000000e+00,-2.344796926620832528e-02,-0.000000000000000000e+00,2.260972710026532884e+00,-2.258553214905116568e-02,-5.239519898216119520e-01,-0.000000000000000000e+00,-0.000000000000000000e+00,0.000000000000000000e+00,-1.197630923246932322e-01,-4.477665234028730956e-01,-0.000000000000000000e+00,-9.317295765062832968e-02,-3.241584790457875676e-02,-0.000000000000000000e+00,0.000000000000000000e+00,-6.846385284780828751e-02,-0.000000000000000000e+00,-0.000000000000000000e+00,-0.000000000000000000e+00
-0.000000000000000000e+00,-0.000000000000000000e+00,-0.000000000000000000e+00,-5.571981023963808177e-02,-0.000000000000000000e+00,-0.000000000000000000e+00,-1.489731541823141880e-01,0.000000000000000000e+00,-0.000000000000000000e+00,-1.148896576293831906e-01,-1.200729303332813136e-01,-0.000000000000000000e+00,-0.000000000000000000e+00,-2.496125921206541198e-01,-6.304531536330928998e-02,-7.309768705389767252e-02,-1.024470189994368396e-01,-0.000000000000000000e+00,-0.000000000000000000e+00,-1.102340939808168774e-01,-0.000000000000000000e+00,-0.000000000000000000e+00,-2.258553214905116568e-02,1.482736608011402391e+00,-0.000000000000000000e+00,-0.000000000000000000e+00,-0.000000000000000000e+00,-0.000000000000000000e+00,-0.000000000000000000e+00,-3.872361504500666102e-02,-0.000000000000000000e+00,-7.894710735073251495e-02,-0.000000000000000000e+00,-0.000000000000000000e+00,0.000000000000000000e+00,-0.000000000000000000e+00,0.000000000000000000e+00,-0.000000000000000000e+00,-1.344922834765814763e-02
-1.189068034818421132e-01,-9.285471663637151485e-02,-0.000000000000000000e+00,-0.000000000000000000e+00,-0.000000000000000000e+00,0.000000000000000000e+00,-0.000000000000000000e+00,0.000000000000000000e+00,-3.344399389389685617e-01,-0.000000000000000000e+00,-0.000000000000000000e+00,-0.000000000000000000e+00,-0.000000000000000000e+00,-0.000000000000000000e+00,-0.000000000000000000e+00,-0.000000000000000000e+00,-0.000000000000000000e+00,-0.000000000000000000e+00,-0.000000000000000000e+00,-0.000000000000000000e+00,-2.293663835136641738e-03,-0.000000000000000000e+00,-5.239519898216119520e-01,-0.000000000000000000e+00,1.648042592251939054e+00,-0.000000000000000000e+00,-9.048262567469604611e-02,-0.000000000000000000e+00,-0.000000000000000000e+00,-6.072830833469852058e-02,-1.269348078388144452e-01,-0.000000000000000000e+00,-0.000000000000000000e+00,-0.000000000000000000e+00,-0.000000000000000000e+00,-0.000000000000000000e+00,-0.000000000000000000e+00,-0.000000000000000000e+00,-0.000000000000000000e+00
-2.425222892054941168e-02,0.000000000000000000e+00,-3.033100825581557247e-01,0.000000000000000000e+00,-1.862769263877823989e-01,-0.000000000000000000e+00,0.000000000000000000e+00,0.000000000000000000e+00,-0.000000000000000000e+00,-0.000000000000000000e+00,-1.103823479984741146e-01,-0.000000000000000000e+00,0.000000000000000000e+00,-0.000000000000000000e+00,0.000000000000000000e+00,-0.000000000000000000e+00,-0.000000000000000000e+00,-0.000000000000000000e+00,-0.000000000000000000e+00,0.000000000000000000e+00,-2.307082582169868792e-02,-0.000000000000000000e+00,-0.000000000000000000e+00,-0.000000000000000000e+00,-0.000000000000000000e+00,1.585651932002616116e+00,-0.000000000000000000e+00,-3.417975521871816774e-02,-0.000000000000000000e+00,0.000000000000000000e+00,-2.386900092455964406e-01,-0.000000000000000000e+00,-0.000000000000000000e+00,-0.000000000000000000e+00,-0.000000000000000000e+00,-0.000000000000000000e+00,-0.000000000000000000e+00,-4.514348249732254570e-01,-0.000000000000000000e+00
-0.000000000000000000e+00,-0.000000000000000000e+00,-0.000000000000000000e+00,-0.000000000000000000e+00,-5.917790670424236121e-02,-0.000000000000000000e+00,-0.000000000000000000e+00,0.000000000000000000e+00,-2.661879578005682534e-01,-1.536785800479052166e-01,-1.321419086724269776e-01,-6.872171487049560934e-02,-0.000000000000000000e+00,-1.056815716683091322e-01,-0.000000000000000000e+00,-1.815231328639805783e-02,-0.000000000000000000e+00,-0.000000000000000000e+00,-1.782590264633619748e-01,-0.000000000000000000e+00,-0.000000000000000000e+00,-1.879145307686053423e-01,-0.000000000000000000e+00,-0.000000000000000000e+00,-9.048262567469604611e-02,-0.000000000000000000e+00,2.308841908078262506e+00,-1.315555022354555348e-01,-0.000000000000000000e+00,-0.000000000000000000e+00,-2.002333012330493323e-01,-9.906707809613245208e-02,-1.485454272434277023e-01,-1.369678985196172150e-01,0.000000000000000000e+00,-0.000000000000000000e+00,-0.000000000000000000e+00,-9.551155787624790450e-03,-4.764345519302989884e-01
-0.000000000000000000e+00,0.000000000000000000e+00,-4.826004572151045696e-02,-0.000000000000000000e+00,-0.000000000000000000e+00,-0.000000000000000000e+00,-2.127091742444688904e-01,0.000000000000000000e+00,-0.000000000000000000e+00,-0.000000000000000000e+00,-0.000000000000000000e+00,-0.000000000000000000e+00,0.000000000000000000e+00,-0.000000000000000000e+00,-0.000000000000000000e+00,-0.000000000000000000e+00,0.000000000000000000e+00,-0.000000000000000000e+00,-0.000000000000000000e+00,-0.000000000000000000e+00,-0.000000000000000000e+00,-0.000000000000000000e+00,0.000000000000000000e+00,-0.000000000000000000e+00,-0.000000000000000000e+00,-3.417975521871816774e-02,-1.315555022354555348e-01,1.439222974856760429e+00,0.000000000000000000e+00,0.000000000000000000e+00,-1.425118256902287439e-01,-0.000000000000000000e+00,-0.000000000000000000e+00,-0.000000000000000000e+00,0.000000000000000000e+00,0.000000000000000000e+00,0.000000000000000000e+00,-2.012111792684563027e-01,-3.331409188473118954e-01
-3.047801343217600503e-02,-2.332735740182655809e-02,-0.000000000000000000e+00,-0.000000000000000000e+00,-0.000000000000000000e+00,-5.772693586030544499e-02,-0.000000000000000000e+00,0.000000000000000000e+00,-0.000000000000000000e+00,-0.000000000000000000e+00,-0.000000000000000000e+00,-0.000000000000000000e+00,-0.000000000000000000e+00,-3.315501622602247400e-02,-0.000000000000000000e+00,-0.000000000000000000e+00,-0.000000000000000000e+00,-1.697258937921268251e-01,-0.000000000000000000e+00,-0.000000000000000000e+00,-1.352388729039701032e-01,-0.000000000000000000e+00,-1.197630923246932322e-01,-0.000000000000000000e+00,-0.000000000000000000e+00,-0.000000000000000000e+00,-0.000000000000000000e+00,0.000000000000000000e+00,1.870163355985899889e+00,-0.000000000000000000e+00,-0.000000000000000000e+00,-4.138278594723442394e-01,-4.670297615834341776e-01,-1.119463503384541120e-01,-0.000000000000000000e+00,-1.340091905811180983e-01,-2.872319670432990080e-01,-0.000000000000000000e+00,-0.000000000000000000e+00
-0.000000000000000000e+00,-2.719923195724608389e-01,-0.000000000000000000e+00,-0.000000000000000000e+00,-0.000000000000000000e+00,-0.000000000000000000e+00,-0.000000000000000000e+00,0.000000000000000000e+00,-0.000000000000000000e+00,-2.381637635632541661e-01,-0.000000000000000000e+00,-2.274896148504851681e-02,-0.000000000000000000e+00,-0.000000000000000000e+00,-9.880434620221698050e-02,-4.011159132986411580e-01,-0.000000000000000000e+00,-1.615027505528190965e-01,-0.000000000000000000e+00,-5.786538701995700557e-02,-0.000000000000000000e+00,-0.000000000000000000e+00,-4.477665234028730956e-01,-3.872361504500666102e-02,-6.072830833469852058e-02,0.000000000000000000e+00,-0.000000000000000000e+00,0.000000000000000000e+00,-0.000000000000000000e+00,1.978815514167034495e+00,-0.000000000000000000e+00,-0.000000000000000000e+00,-0.000000000000000000e+00,-0.000000000000000000e+00,0.000000000000000000e+00,-7.261329290316283214e-02,-0.000000000000000000e+00,-0.000000000000000000e+00,-0.000000000000000000e+00
-0.000000000000000000e+00,-0.000000000000000000e+00,-3.608223425989944277e-01,0.000000000000000000e+00,-1.465614525897115106e-01,-0.000000000000000000e+00,0.000000000000000000e+00,2.717029327986517084e-01,-3.172735795941713510e-01,-0.000000000000000000e+00,-3.337638329309242785e-02,-0.000000000000000000e+00,0.000000000000000000e+00,-0.000000000000000000e+00,-0.000000000000000000e+00,-0.000000000000000000e+00,-0.000000000000000000e+00,-0.000000000000000000e+00,-0.000000000000000000e+00,0.000000000000000000e+00,-4.261071271662519866e-02,-0.000000000000000000e+00,-0.000000000000000000e+00,-0.000000000000000000e+00,-1.269348078388144452e-01,-2.386900092455964406e-01,-2.002333012330493323e-01,-1.425118256902287439e-01,-0.000000000000000000e+00,-0.000000000000000000e+00,1.860337037027474105e+00,-0.000000000000000000e+00,-0.000000000000000000e+00,-0.000000000000000000e+00,-0.000000000000000000e+00,-0.000000000000000000e+00,-0.000000000000000000e+00,-0.000000000000000000e+00,-2.873529441342826535e-02
-0.000000000000000000e+00,-0.000000000000000000e+00,-0.000000000000000000e+00,-0.000000000000000000e+00,-0.000000000000000000e+00,-0.000000000000000000e+00,-0.000000000000000000e+00,0.000000000000000000e+00,-0.000000000000000000e+00,-1.477775829241759764e-01,-3.246544242777640865e-01,-1.413089183677518346e-01,-0.000000000000000000e+00,-2.105450621023235158e-01,-1.172766446598597356e-01,-6.708911367425163252e-02,-1.400410128218908257e-01,-2.617367555104682664e-01,-8.431210044619108501e-02,-0.000000000000000000e+00,-0.000000000000000000e+00,-0.000000000000000000e+00,-9.317295765062832968e-02,-7.894710735073251495e-02,-0.000000000000000000e+00,-0.000000000000000000e+00,-9.906707809613245208e-02,-0.000000000000000000e+00,-4.138278594723442394e-01,-0.000000000000000000e+00,-0.000000000000000000e+00,2.325716069776004868e+00,-2.024103667932812267e-01,-2.062204918517215532e-02,0.000000000000000000e+00,-8.877607262499261076e-02,-0.000000000000000000e+00,-0.000000000000000000e+00,-0.000000000000000000e+00
-0.000000000000000000e+00,-0.000000000000000000e+00,-0.000000000000000000e+00,-0.000000000000000000e+00,-0.000000000000000000e+00,-6.616371999402528847e-03,-0.000000000000000000e+00,0.000000000000000000e+00,-0.000000000000000000e+00,-0.000000000000000000e+00,-0.000000000000000000e+00,-3.768262380277054846e-01,-0.000000000000000000e+00,-1.241345012225337496e-01,-0.000000000000000000e+00,-1.656187488461222101e-02,-0.000000000000000000e+00,-3.376353249157957315e-01,-5.962458516569663081e-02,-3.346727348010222758e-01,-0.000000000000000000e+00,-3.738817283905436217e-01,-3.241584790457875676e-02,-0.000000000000000000e+00,-0.000000000000000000e+00,-0.000000000000000000e+00,-1.485454272434277023e-01,-0.000000000000000000e+00,-4.670297615834341776e-01,-0.000000000000000000e+00,-0.000000000000000000e+00,-2.024103667932812267e-01,2.587915341420403692e+00,-1.828135113887549845e-01,-0.000000000000000000e+00,-0.000000000000000000e+00,-0.000000000000000000e+00,-0.000000000000000000e+00,-0.000000000000000000e+00
-2.685297280055200519e-01,-3.776356352801590877e-02,-0.000000000000000000e+00,-0.000000000000000000e+00,-1.271541690884273323e-01,-0.000000000000000000e+00,-0.000000000000000000e+00,0.000000000000000000e+00,-2.500814106832520145e-01,-0.000000000000000000e+00,-1.249708922295289376e-01,-2.983712158682563231e-01,-0.000000000000000000e+00,-1.537430798119800435e-01,-2.931473248244776397e-01,-0.000000000000000000e+00,-0.000000000000000000e+00,-9.966423450781216470e-03,-2.197719236899256801e-01,-0.000000000000000000e+00,-0.000000000000000000e+00,-1.111475994884606328e-01,-0.000000000000000000e+00,-0.000000000000000000e+00,-0.000000000000000000e+00,-0.000000000000000000e+00,-1.369678985196172150e-01,-0.000000000000000000e+00,-1.119463503384541120e-01,-0.000000000000000000e+00,-0.000000000000000000e+00,-2.062204918517215532e-02,-1.828135113887549845e-01,2.271028676907584920e+00,0.000000000000000000e+00,-0.000000000000000000e+00,-0.000000000000000000e+00,-0.000000000000000000e+00,-0.000000000000000000e+00
0.000000000000000000e+00,0.000000000000000000e+00,0.000000000000000000e+00,7.127500804305467175e-02,0.000000000000000000e+00,-1.430562574473724091e-01,0.000000000000000000e+00,0.000000000000000000e+00,0.000000000000000000e+00,0.000000000000000000e+00,0.000000000000000000e+00,0.000000000000000000e+00,-0.000000000000000000e+00,-0.000000000000000000e+00,0.000000000000000000e+00,0.000000000000000000e+00,0.000000000000000000e+00,0.000000000000000000e+00,0.000000000000000000e+00,0.000000000000000000e+00,-0.000000000000000000e+00,0.000000000000000000e+00,0.000000000000000000e+00,0.000000000000000000e+00,-0.000000000000000000e+00,-0.000000000000000000e+00,0.000000000000000000e+00,0.000000000000000000e+00,-0.000000000000000000e+00,0.000000000000000000e+00,-0.000000000000000000e+00,0.000000000000000000e+00,-0.000000000000000000e+00,0.000000000000000000e+00,1.226866305048186501e+00,-0.000000000000000000e+00,-4.969824264408887471e-01,-0.000000000000000000e+00,0.000000000000000000e+00
-1.609444589458146335e-02,-0.000000000000000000e+00,-0.000000000000000000e+00,-0.000000000000000000e+00,-0.000000000000000000e+00,-0.000000000000000000e+00,-0.000000000000000000e+00,0.000000000000000000e+00,-0.000000000000000000e+00,-0.000000000000000000e+00,-0.000000000000000000e+00,-0.000000000000000000e+00,-0.000000000000000000e+00,-0.000000000000000000e+00,-0.000000000000000000e+00,-0.000000000000000000e+00,-4.382357526343143295e-02,-0.000000000000000000e+00,-0.000000000000000000e+00,-0.000000000000000000e+00,-5.608788299446754860e-02,-0.000000000000000000e+00,-6.846385284780828751e-02,-0.000000000000000000e+00,-0.000000000000000000e+00,-0.000000000000000000e+00,-0.000000000000000000e+00,0.000000000000000000e+00,-1.340091905811180983e-01,-7.261329290316283214e-02,-0.000000000000000000e+00,-8.877607262499261076e-02,-0.000000000000000000e+00,-0.000000000000000000e+00,-0.000000000000000000e+00,1.100940840118171726e+00,-0.000000000000000000e+00,-0.000000000000000000e+00,-0.000000000000000000e+00
-0.000000000000000000e+00,-0.000000000000000000e+00,-0.000000000000000000e+00,0.000000000000000000e+00,-0.000000000000000000e+00,-0.000000000000000000e+00,0.000000000000000000e+00,0.000000000000000000e+00,-0.000000000000000000e+00,0.000000000000000000e+00,-0.000000000000000000e+00,-0.000000000000000000e+00,0.000000000000000000e+00,-0.000000000000000000e+00,0.000000000000000000e+00,-0.000000000000000000e+00,0.000000000000000000e+00,-0.000000000000000000e+00,-0.000000000000000000e+00,-0.000000000000000000e+00,-0.000000000000000000e+00,-0.000000000000000000e+00,-0.000000000000000000e+00,0.000000000000000000e+00,-0.000000000000000000e+00,-0.000000000000000000e+00,-0.000000000000000000e+00,0.000000000000000000e+00,-2.872319670432990080e-01,-0.000000000000000000e+00,-0.000000000000000000e+00,-0.000000000000000000e+00,-0.000000000000000000e+00,-0.000000000000000000e+00,-4.969824264408887471e-01,-0.000000000000000000e+00,1.279026898247366928e+00,-0.000000000000000000e+00,-0.000000000000000000e+00
-0.000000000000000000e+00,0.000000000000000000e+00,-0.000000000000000000e+00,-0.000000000000000000e+00,-1.390624293981754800e-01,-0.000000000000000000e+00,-0.000000000000000000e+00,0.000000000000000000e+00,-0.000000000000000000e+00,-0.000000000000000000e+00,-8.407170028105571957e-02,-0.000000000000000000e+00,-0.000000000000000000e+00,-0.000000000000000000e+00,-0.000000000000000000e+00,-0.000000000000000000e+00,-0.000000000000000000e+00,-0.000000000000000000e+00,-0.000000000000000000e+00,-0.000000000000000000e+00,-0.000000000000000000e+00,-0.000000000000000000e+00,-0.000000000000000000e+00,-0.000000000000000000e+00,-0.000000000000000000e+00,-4.514348249732254570e-01,-9.551155787624790450e-03,-2.012111792684563027e-01,-0.000000000000000000e+00,-0.000000000000000000e+00,-0.000000000000000000e+00,-0.000000000000000000e+00,-0.000000000000000000e+00,-0.000000000000000000e+00,-0.000000000000000000e+00,-0.000000000000000000e+00,-0.000000000000000000e+00,1.624603126611729120e+00,-4.878250369693365451e-01
-0.000000000000000000e+00,-0.000000000000000000e+00,-0.000000000000000000e+00,-0.000000000000000000e+00,-0.000000000000000000e+00,-0.000000000000000000e+00,-4.322961706917968772e-02,0.000000000000000000e+00,-4.630986323799745064e-01,-0.000000000000000000e+00,-6.654380567031230320e-02,-1.846223753034942263e-03,-0.000000000000000000e+00,-0.000000000000000000e+00,-0.000000000000000000e+00,-0.000000000000000000e+00,-0.000000000000000000e+00,-0.000000000000000000e+00,-5.877097199826977758e-02,-0.000000000000000000e+00,-0.000000000000000000e+00,-0.000000000000000000e+00,-0.000000000000000000e+00,-1.344922834765814763e-02,-0.000000000000000000e+00,-0.000000000000000000e+00,-4.764345519302989884e-01,-3.331409188473118954e-01,-0.000000000000000000e+00,-0.000000000000000000e+00,-2.873529441342826535e-02,-0.000000000000000000e+00,-0.000000000000000000e+00,-0.000000000000000000e+00,0.000000000000000000e+00,-0.000000000000000000e+00,-0.000000000000000000e+00,-4.878250369693365451e-01,2.041787655583602756e+00
