2.132931884763366259e+00,-7.591171188545871029e-01,-0.000000000000000000e+00,0.000000000000000000e+00,-1.658292088719585944e-01,0.000000000000000000e+00,-0.000000000000000000e+00,0.000000000000000000e+00,-6.184649434471335000e-02,-0.000000000000000000e+00,-0.000000000000000000e+00,0.000000000000000000e+00,1.831290695846688743e-01,-0.000000000000000000e+00,0.000000000000000000e+00,-1.592077220249849545e-01,-0.000000000000000000e+00,-0.000000000000000000e+00,-0.000000000000000000e+00,-0.000000000000000000e+00,-0.000000000000000000e+00,-0.000000000000000000e+00,-0.000000000000000000e+00,-0.000000000000000000e+00,-0.000000000000000000e+00,-2.258302006273951168e-01,0.000000000000000000e+00,-0.000000000000000000e+00,-0.000000000000000000e+00,-2.629062778736298012e-01,-1.258415023435821914e-02,-0.000000000000000000e+00,-0.000000000000000000e+00,-1.877252510936242291e-01,-3.477753378895741265e-02,-0.000000000000000000e+00,-0.000000000000000000e+00,0.000000000000000000e+00,0.000000000000000000e+00
-7.591171188545871029e-01,2.606691667279921187e+00,-0.000000000000000000e+00,0.000000000000000000e+00,-2.793051839080057386e-01,-0.000000000000000000e+00,-0.000000000000000000e+00,0.000000000000000000e+00,-0.000000000000000000e+00,-1.560155961116245771e-01,0.000000000000000000e+00,0.000000000000000000e+00,0.000000000000000000e+00,-0.000000000000000000e+00,3.395741427726073607e-03,-0.000000000000000000e+00,0.000000000000000000e+00,-0.000000000000000000e+00,-0.000000000000000000e+00,0.000000000000000000e+00,-0.000000000000000000e+00,-0.000000000000000000e+00,-0.000000000000000000e+00,-0.000000000000000000e+00,-0.000000000000000000e+00,-7.312660582552729660e-02,-0.000000000000000000e+00,-0.000000000000000000e+00,-0.000000000000000000e+00,-3.502020671327657486e-01,-4.381050375531142516e-01,-3.697480644921119497e-02,-0.000000000000000000e+00,-1.056486588195053866e-01,-3.948440643446131104e-01,-0.000000000000000000e+00,-8.354017821880936612e-02,0.000000000000000000e+00,0.000000000000000000e+00
-0.000000000000000000e+00,-0.000000000000000000e+00,3.268618013295934599e+00,0.000000000000000000e+00,-6.706560464934662180e-01,-0.000000000000000000e+00,0.000000000000000000e+00,1.129688151221279080e+00,-0.000000000000000000e+00,-0.000000000000000000e+00,-0.000000000000000000e+00,-0.000000000000000000e+00,0.000000000000000000e+00,-0.000000000000000000e+00,-0.000000000000000000e+00,-0.000000000000000000e+00,-0.000000000000000000e+00,-0.000000000000000000e+00,-0.000000000000000000e+00,-0.000000000000000000e+00,-4.539304231319667982e-01,-1.787873737490608683e-01,-0.000000000000000000e+00,0.000000000000000000e+00,-0.000000000000000000e+00,-0.000000000000000000e+00,-0.000000000000000000e+00,-0.000000000000000000e+00,-0.000000000000000000e+00,-0.000000000000000000e+00,-1.859136468130601905e-01,-2.267624861244625645e-02,-5.392081498742848922e-01,-0.000000000000000000e+00,-0.000000000000000000e+00,-1.630642622292509669e-01,-0.000000000000000000e+00,0.000000000000000000e+00,0.000000000000000000e+00
0.000000000000000000e+00,0.000000000000000000e+00,0.000000000000000000e+00,1.366660513658964904e+00,0.000000000000000000e+00,-0.000000000000000000e+00,-0.000000000000000000e+00,-0.000000000000000000e+00,0.000000000000000000e+00,0.000000000000000000e+00,-0.000000000000000000e+00,-0.000000000000000000e+00,-1.596535019071382636e-02,-0.000000000000000000e+00,-0.000000000000000000e+00,0.000000000000000000e+00,-3.493364883535561571e-02,0.000000000000000000e+00,0.000000000000000000e+00,-0.000000000000000000e+00,0.000000000000000000e+00,-0.000000000000000000e+00,0.000000000000000000e+00,-0.000000000000000000e+00,-0.000000000000000000e+00,1.989467769708033393e-02,0.000000000000000000e+00,5.322130508369904422e-01,0.000000000000000000e+00,0.000000000000000000e+00,1.299495137988893601e-01,0.000000000000000000e+00,0.000000000000000000e+00,0.000000000000000000e+00,0.000000000000000000e+00,0.000000000000000000e+00,0.000000000000000000e+00,-0.000000000000000000e+00,-2.594093864042298359e-01
-1.658292088719585944e-01,-2.793051839080057386e-01,-6.706560464934662180e-01,0.000000000000000000e+00,2.752301285794203967e+00,-0.000000000000000000e+00,0.000000000000000000e+00,6.193486258679563594e-01,-3.074078474153183471e-01,-0.000000000000000000e+00,-0.000000000000000000e+00,0.000000000000000000e+00,0.000000000000000000e+00,-0.000000000000000000e+00,0.000000000000000000e+00,-0.000000000000000000e+00,-0.000000000000000000e+00,-0.000000000000000000e+00,-0.000000000000000000e+00,-0.000000000000000000e+00,-0.000000000000000000e+00,-0.000000000000000000e+00,-0.000000000000000000e+00,0.000000000000000000e+00,-0.000000000000000000e+00,-0.000000000000000000e+00,-0.000000000000000000e+00,-0.000000000000000000e+00,-0.000000000000000000e+00,-8.558179322474238071e-02,-3.359703681472053227e-01,-3.211962668382806196e-02,-6.820022828590457942e-02,-6.585138301721937815e-02,-2.214253070931804235e-02,-1.931165819460494704e-01,-0.000000000000000000e+00,0.000000000000000000e+00,0.000000000000000000e+00
0.000000000000000000e+00,-0.000000000000000000e+00,-0.000000000000000000e+00,-0.000000000000000000e+00,-0.000000000000000000e+00,1.270705970347209224e+00,0.000000000000000000e+00,0.000000000000000000e+00,-2.992908841924212804e-01,0.000000000000000000e+00,-5.795441925805150385e-02,0.000000000000000000e+00,0.000000000000000000e+00,-9.267363692957331089e-02,0.000000000000000000e+00,0.000000000000000000e+00,-3.490474384260487950e-01,0.000000000000000000e+00,0.000000000000000000e+00,0.000000000000000000e+00,0.000000000000000000e+00,-0.000000000000000000e+00,0.000000000000000000e+00,0.000000000000000000e+00,0.000000000000000000e+00,0.000000000000000000e+00,0.000000000000000000e+00,0.000000000000000000e+00,-0.000000000000000000e+00,-0.000000000000000000e+00,-0.000000000000000000e+00,-0.000000000000000000e+00,-0.000000000000000000e+00,-0.000000000000000000e+00,0.000000000000000000e+00,-0.000000000000000000e+00,0.000000000000000000e+00,0.000000000000000000e+00,-0.000000000000000000e+00
-0.000000000000000000e+00,-0.000000000000000000e+00,0.000000000000000000e+00,-0.000000000000000000e+00,0.000000000000000000e+00,0.000000000000000000e+00,1.016666216366759912e+00,-0.000000000000000000e+00,0.000000000000000000e+00,-0.000000000000000000e+00,0.000000000000000000e+00,0.000000000000000000e+00,-0.000000000000000000e+00,-0.000000000000000000e+00,0.000000000000000000e+00,-0.000000000000000000e+00,0.000000000000000000e+00,-0.000000000000000000e+00,-0.000000000000000000e+00,-0.000000000000000000e+00,0.000000000000000000e+00,-0.000000000000000000e+00,-6.080789685532576871e-02,-6.118529544661259478e-02,-2.501906099603883743e-02,-0.000000000000000000e+00,-0.000000000000000000e+00,-0.000000000000000000e+00,0.000000000000000000e+00,0.000000000000000000e+00,-0.000000000000000000e+00,0.000000000000000000e+00,-0.000000000000000000e+00,-0.000000000000000000e+00,-0.000000000000000000e+00,0.000000000000000000e+00,-0.000000000000000000e+00,-8.804987697978269856e-02,-0.000000000000000000e+00
0.000000000000000000e+00,0.000000000000000000e+00,1.129688151221279080e+00,-0.000000000000000000e+00,6.193486258679563594e-01,0.000000000000000000e+00,-0.000000000000000000e+00,3.035729409875201235e+00,7.157831969628086766e-02,0.000000000000000000e+00,0.000000000000000000e+00,-0.000000000000000000e+00,-0.000000000000000000e+00,0.000000000000000000e+00,-0.000000000000000000e+00,0.000000000000000000e+00,0.000000000000000000e+00,0.000000000000000000e+00,0.000000000000000000e+00,0.000000000000000000e+00,3.454068894550720858e-01,8.156874596519218812e-02,0.000000000000000000e+00,-0.000000000000000000e+00,0.000000000000000000e+00,0.000000000000000000e+00,0.000000000000000000e+00,0.000000000000000000e+00,0.000000000000000000e+00,2.493246454077725424e-02,8.428184019354419132e-02,0.000000000000000000e+00,4.317277369455825853e-01,1.070077908609933653e-02,0.000000000000000000e+00,2.236629405580515539e-01,0.000000000000000000e+00,-0.000000000000000000e+00,-0.000000000000000000e+00
-6.184649434471335000e-02,-0.000000000000000000e+00,-0.000000000000000000e+00,0.000000000000000000e+00,-3.074078474153183471e-01,-2.992908841924212804e-01,0.000000000000000000e+00,7.157831969628086766e-02,2.058890565915858950e+00,-0.000000000000000000e+00,-0.000000000000000000e+00,0.000000000000000000e+00,1.592735490845838819e-01,-2.114143546780022920e-01,0.000000000000000000e+00,-0.000000000000000000e+00,-1.128988402001629074e-02,0.000000000000000000e+00,0.000000000000000000e+00,-0.000000000000000000e+00,-0.000000000000000000e+00,-0.000000000000000000e+00,-0.000000000000000000e+00,0.000000000000000000e+00,0.000000000000000000e+00,-0.000000000000000000e+00,0.000000000000000000e+00,0.000000000000000000e+00,-0.000000000000000000e+00,-4.771585445985093710e-01,-0.000000000000000000e+00,-0.000000000000000000e+00,-0.000000000000000000e+00,-5.820315104740494405e-01,-0.000000000000000000e+00,-0.000000000000000000e+00,-0.000000000000000000e+00,-0.000000000000000000e+00,-0.000000000000000000e+00
-0.000000000000000000e+00,-1.560155961116245771e-01,-0.000000000000000000e+00,0.000000000000000000e+00,-0.000000000000000000e+00,0.000000000000000000e+00,-0.000000000000000000e+00,0.000000000000000000e+00,-0.000000000000000000e+00,2.262974926335986847e+00,-0.000000000000000000e+00,1.300263573496170666e-01,9.174994582733690673e-02,0.000000000000000000e+00,1.384075727585714066e-01,-1.192641418845591605e+00,-0.000000000000000000e+00,-0.000000000000000000e+00,0.000000000000000000e+00,0.000000000000000000e+00,-0.000000000000000000e+00,0.000000000000000000e+00,-4.172605828817036594e-02,-0.000000000000000000e+00,-0.000000000000000000e+00,-0.000000000000000000e+00,-1.437777969744097883e-01,-0.000000000000000000e+00,-0.000000000000000000e+00,-1.753209147236922671e-01,-0.000000000000000000e+00,-7.645169431573572982e-02,-0.000000000000000000e+00,-0.000000000000000000e+00,-7.323884433378041736e-02,-7.792347627793677969e-03,-4.727854752603029981e-02,-0.000000000000000000e+00,-0.000000000000000000e+00
-0.000000000000000000e+00,0.000000000000000000e+00,-0.000000000000000000e+00,-0.000000000000000000e+00,-0.000000000000000000e+00,-5.795441925805150385e-02,0.000000000000000000e+00,0.000000000000000000e+00,-0.000000000000000000e+00,-0.000000000000000000e+00,1.823425485168487237e+00,-0.000000000000000000e+00,-0.000000000000000000e+00,-0.000000000000000000e+00,-0.000000000000000000e+00,-0.000000000000000000e+00,-1.045219453518051234e+00,0.000000000000000000e+00,0.000000000000000000e+00,-1.147068750190258779e-01,-0.000000000000000000e+00,-6.967086914319051139e-02,-0.000000000000000000e+00,0.000000000000000000e+00,-1.571888085019151893e-02,-0.000000000000000000e+00,-0.000000000000000000e+00,0.000000000000000000e+00,-2.403854006015688771e-01,-0.000000000000000000e+00,-0.000000000000000000e+00,-6.310005550747731229e-02,-0.000000000000000000e+00,-0.000000000000000000e+00,-0.000000000000000000e+00,-3.240195097104765602e-03,-0.000000000000000000e+00,-0.000000000000000000e+00,-0.000000000000000000e+00
0.000000000000000000e+00,0.000000000000000000e+00,-0.000000000000000000e+00,-0.000000000000000000e+00,0.000000000000000000e+00,0.000000000000000000e+00,0.000000000000000000e+00,-0.000000000000000000e+00,0.000000000000000000e+00,1.300263573496170666e-01,-0.000000000000000000e+00,1.874314835966232717e+00,-3.615140513530727406e-01,-0.000000000000000000e+00,-8.554256761172474022e-01,0.000000000000000000e+00,0.000000000000000000e+00,0.000000000000000000e+00,-7.323002644706923248e-02,-2.134649024566536227e-02,-0.000000000000000000e+00,-2.668789925299778765e-01,0.000000000000000000e+00,0.000000000000000000e+00,-0.000000000000000000e+00,0.000000000000000000e+00,-0.000000000000000000e+00,0.000000000000000000e+00,-0.000000000000000000e+00,1.560964031061577717e-01,0.000000000000000000e+00,0.000000000000000000e+00,-0.000000000000000000e+00,0.000000000000000000e+00,0.000000000000000000e+00,0.000000000000000000e+00,0.000000000000000000e+00,0.000000000000000000e+00,0.000000000000000000e+00
1.831290695846688743e-01,0.000000000000000000e+00,0.000000000000000000e+00,-1.596535019071382636e-02,0.000000000000000000e+00,0.000000000000000000e+00,-0.000000000000000000e+00,-0.000000000000000000e+00,1.592735490845838819e-01,9.174994582733690673e-02,-0.000000000000000000e+00,-3.615140513530727406e-01,1.561894638461699403e+00,-0.000000000000000000e+00,-3.949050843949796219e-01,1.148155033787277984e-01,0.000000000000000000e+00,0.000000000000000000e+00,-0.000000000000000000e+00,-1.710884787640405691e-02,0.000000000000000000e+00,-0.000000000000000000e+00,-0.000000000000000000e+00,-0.000000000000000000e+00,-0.000000000000000000e+00,0.000000000000000000e+00,-0.000000000000000000e+00,0.000000000000000000e+00,0.000000000000000000e+00,8.660675891083670364e-02,0.000000000000000000e+00,0.000000000000000000e+00,-0.000000000000000000e+00,0.000000000000000000e+00,0.000000000000000000e+00,0.000000000000000000e+00,0.000000000000000000e+00,-0.000000000000000000e+00,-0.000000000000000000e+00
-0.000000000000000000e+00,-0.000000000000000000e+00,-0.000000000000000000e+00,-0.000000000000000000e+00,-0.000000000000000000e+00,-9.267363692957331089e-02,-0.000000000000000000e+00,0.000000000000000000e+00,-2.114143546780022920e-01,0.000000000000000000e+00,-0.000000000000000000e+00,-0.000000000000000000e+00,-0.000000000000000000e+00,1.348008703253091634e+00,-0.000000000000000000e+00,-0.000000000000000000e+00,-6.129342133205266385e-02,-0.000000000000000000e+00,-0.000000000000000000e+00,-0.000000000000000000e+00,-0.000000000000000000e+00,-3.611776821026496109e-01,-2.255044155426640662e-01,-0.000000000000000000e+00,-0.000000000000000000e+00,-0.000000000000000000e+00,-0.000000000000000000e+00,-0.000000000000000000e+00,-0.000000000000000000e+00,-0.000000000000000000e+00,-0.000000000000000000e+00,-0.000000000000000000e+00,-0.000000000000000000e+00,-1.064927915626929650e-01,-0.000000000000000000e+00,-0.000000000000000000e+00,-0.000000000000000000e+00,-0.000000000000000000e+00,-0.000000000000000000e+00
0.000000000000000000e+00,3.395741427726073607e-03,-0.000000000000000000e+00,-0.000000000000000000e+00,0.000000000000000000e+00,0.000000000000000000e+00,0.000000000000000000e+00,-0.000000000000000000e+00,0.000000000000000000e+00,1.384075727585714066e-01,-0.000000000000000000e+00,-8.554256761172474022e-01,-3.949050843949796219e-01,-0.000000000000000000e+00,1.996213284065340821e+00,0.000000000000000000e+00,-0.000000000000000000e+00,0.000000000000000000e+00,-2.601588499730771442e-01,-3.779800434465499515e-01,-0.000000000000000000e+00,-5.745109282045231941e-02,0.000000000000000000e+00,1.502990802022712707e-02,-0.000000000000000000e+00,0.000000000000000000e+00,-0.000000000000000000e+00,0.000000000000000000e+00,-0.000000000000000000e+00,3.206551495634890614e-02,0.000000000000000000e+00,0.000000000000000000e+00,-0.000000000000000000e+00,0.000000000000000000e+00,0.000000000000000000e+00,0.000000000000000000e+00,0.000000000000000000e+00,-0.000000000000000000e+00,-0.000000000000000000e+00
-1.592077220249849545e-01,-0.000000000000000000e+00,-0.000000000000000000e+00,0.000000000000000000e+00,-0.000000000000000000e+00,0.000000000000000000e+00,-0.000000000000000000e+00,0.000000000000000000e+00,-0.000000000000000000e+00,-1.192641418845591605e+00,-0.000000000000000000e+00,0.000000000000000000e+00,1.148155033787277984e-01,-0.000000000000000000e+00,0.000000000000000000e+00,2.423172423071973114e+00,-0.000000000000000000e+00,-0.000000000000000000e+00,0.000000000000000000e+00,0.000000000000000000e+00,-0.000000000000000000e+00,0.000000000000000000e+00,-6.228288141011888851e-02,-2.849011232331110158e-02,-6.878286796640800671e-02,-2.022202690795908697e-01,-0.000000000000000000e+00,-0.000000000000000000e+00,-0.000000000000000000e+00,-9.605564814412292929e-02,-0.000000000000000000e+00,-9.423007271885347480e-02,-0.000000000000000000e+00,-0.000000000000000000e+00,-1.436608233819547387e-01,-1.339408185901161674e-01,-1.501276451976071569e-01,-0.000000000000000000e+00,-0.000000000000000000e+00
-0.000000000000000000e+00,0.000000000000000000e+00,-0.000000000000000000e+00,-3.493364883535561571e-02,-0.000000000000000000e+00,-3.490474384260487950e-01,0.000000000000000000e+00,0.000000000000000000e+00,-1.128988402001629074e-02,-0.000000000000000000e+00,-1.045219453518051234e+00,0.000000000000000000e+00,0.000000000000000000e+00,-6.129342133205266385e-02,-0.000000000000000000e+00,-0.000000000000000000e+00,1.853511970724066593e+00,0.000000000000000000e+00,0.000000000000000000e+00,-0.000000000000000000e+00,0.000000000000000000e+00,-0.000000000000000000e+00,-0.000000000000000000e+00,0.000000000000000000e+00,-0.000000000000000000e+00,-0.000000000000000000e+00,0.000000000000000000e+00,0.000000000000000000e+00,-0.000000000000000000e+00,-0.000000000000000000e+00,-0.000000000000000000e+00,-0.000000000000000000e+00,-0.000000000000000000e+00,-1.345556184901062768e-01,0.000000000000000000e+00,-9.731930646212987382e-03,0.000000000000000000e+00,-0.000000000000000000e+00,-8.752556554300331207e-03
-0.000000000000000000e+00,-0.000000000000000000e+00,-0.000000000000000000e+00,0.000000000000000000e+00,-0.000000000000000000e+00,0.000000000000000000e+00,-0.000000000000000000e+00,0.000000000000000000e+00,0.000000000000000000e+00,-0.000000000000000000e+00,0.000000000000000000e+00,0.000000000000000000e+00,0.000000000000000000e+00,-0.000000000000000000e+00,0.000000000000000000e+00,-0.000000000000000000e+00,0.000000000000000000e+00,1.225056217499892686e+00,-1.687333898807792665e-02,0.000000000000000000e+00,-0.000000000000000000e+00,-0.000000000000000000e+00,-2.409550321381103422e-01,-0.000000000000000000e+00,-0.000000000000000000e+00,-2.146277999630961594e-03,-1.255599079230471093e-01,-2.311734048068567471e-01,-0.000000000000000000e+00,-0.000000000000000000e+00,-0.000000000000000000e+00,-0.000000000000000000e+00,-0.000000000000000000e+00,-0.000000000000000000e+00,-0.000000000000000000e+00,-0.000000000000000000e+00,-2.422215714190552663e-02,1.831082070274782925e-01,0.000000000000000000e+00
-0.000000000000000000e+00,-0.000000000000000000e+00,-0.000000000000000000e+00,0.000000000000000000e+00,-0.000000000000000000e+00,0.000000000000000000e+00,-0.000000000000000000e+00,0.000000000000000000e+00,0.000000000000000000e+00,0.000000000000000000e+00,0.000000000000000000e+00,-7.323002644706923248e-02,-0.000000000000000000e+00,-0.000000000000000000e+00,-2.601588499730771442e-01,0.000000000000000000e+00,0.000000000000000000e+00,-1.687333898807792665e-02,1.354014947330523855e+00,-0.000000000000000000e+00,-2.017224370209158568e-02,-1.661191282985640116e-01,0.000000000000000000e+00,0.000000000000000000e+00,-0.000000000000000000e+00,-0.000000000000000000e+00,-1.313586793210696768e-01,-1.497650045390874068e-02,-0.000000000000000000e+00,0.000000000000000000e+00,-0.000000000000000000e+00,-0.000000000000000000e+00,-0.000000000000000000e+00,0.000000000000000000e+00,-0.000000000000000000e+00,-0.000000000000000000e+00,-0.000000000000000000e+00,6.818688491520144557e-02,4.036443953404576512e-01
-0.000000000000000000e+00,0.000000000000000000e+00,-0.000000000000000000e+00,-0.000000000000000000e+00,-0.000000000000000000e+00,0.000000000000000000e+00,-0.000000000000000000e+00,0.000000000000000000e+00,-0.000000000000000000e+00,0.000000000000000000e+00,-1.147068750190258779e-01,-2.134649024566536227e-02,-1.710884787640405691e-02,-0.000000000000000000e+00,-3.779800434465499515e-01,0.000000000000000000e+00,-0.000000000000000000e+00,0.000000000000000000e+00,-0.000000000000000000e+00,1.792240523743209524e+00,-2.986083233509710388e-01,-7.226175258583671379e-01,-0.000000000000000000e+00,0.000000000000000000e+00,-1.488285451591148945e-01,-0.000000000000000000e+00,-0.000000000000000000e+00,-0.000000000000000000e+00,-0.000000000000000000e+00,0.000000000000000000e+00,-0.000000000000000000e+00,-0.000000000000000000e+00,-0.000000000000000000e+00,-0.000000000000000000e+00,-0.000000000000000000e+00,-0.000000000000000000e+00,-0.000000000000000000e+00,-0.000000000000000000e+00,-0.000000000000000000e+00
-0.000000000000000000e+00,-0.000000000000000000e+00,-4.539304231319667982e-01,0.000000000000000000e+00,-0.000000000000000000e+00,0.000000000000000000e+00,0.000000000000000000e+00,3.454068894550720858e-01,-0.000000000000000000e+00,-0.000000000000000000e+00,-0.000000000000000000e+00,-0.000000000000000000e+00,0.000000000000000000e+00,-0.000000000000000000e+00,-0.000000000000000000e+00,-0.000000000000000000e+00,0.000000000000000000e+00,-0.000000000000000000e+00,-2.017224370209158568e-02,-2.986083233509710388e-01,2.077068631833049572e+00,-1.898637165689421591e-01,-0.000000000000000000e+00,0.000000000000000000e+00,-3.428503753711794472e-02,-4.728829444967006315e-03,-2.389938087537837874e-02,-7.711211373526682608e-03,-8.835033326642982576e-03,-0.000000000000000000e+00,-0.000000000000000000e+00,-0.000000000000000000e+00,-4.992460222258647273e-01,-0.000000000000000000e+00,-0.000000000000000000e+00,-0.000000000000000000e+00,-2.386035288607870480e-02,0.000000000000000000e+00,0.000000000000000000e+00
-0.000000000000000000e+00,-0.000000000000000000e+00,-1.787873737490608683e-01,-0.000000000000000000e+00,-0.000000000000000000e+00,-0.000000000000000000e+00,-0.000000000000000000e+00,8.156874596519218812e-02,-0.000000000000000000e+00,0.000000000000000000e+00,-6.967086914319051139e-02,-2.668789925299778765e-01,-0.000000000000000000e+00,-3.611776821026496109e-01,-5.745109282045231941e-02,0.000000000000000000e+00,-0.000000000000000000e+00,-0.000000000000000000e+00,-1.661191282985640116e-01,-7.226175258583671379e-01,-1.898637165689421591e-01,2.257467541868780625e+00,-0.000000000000000000e+00,0.000000000000000000e+00,-2.093906520540546601e-01,-0.000000000000000000e+00,-0.000000000000000000e+00,-0.000000000000000000e+00,-0.000000000000000000e+00,-0.000000000000000000e+00,-0.000000000000000000e+00,-0.000000000000000000e+00,-3.870684943615159690e-01,-0.000000000000000000e+00,-0.000000000000000000e+00,-0.000000000000000000e+00,-0.000000000000000000e+00,-0.000000000000000000e+00,-0.000000000000000000e+00
-0.000000000000000000e+00,-0.000000000000000000e+00,-0.000000000000000000e+00,0.000000000000000000e+00,-0.000000000000000000e+00,0.000000000000000000e+00,-6.080789685532576871e-02,0.000000000000000000e+00,-0.000000000000000000e+00,-4.172605828817036594e-02,-0.000000000000000000e+00,0.000000000000000000e+00,-0.000000000000000000e+00,-2.255044155426640662e-01,0.000000000000000000e+00,-6.228288141011888851e-02,-0.000000000000000000e+00,-2.409550321381103422e-01,0.000000000000000000e+00,-0.000000000000000000e+00,-0.000000000000000000e+00,-0.000000000000000000e+00,1.414251039847524538e+00,-1.251464386243411608e-01,-4.690170797927822877e-01,-6.293441741786418020e-02,-0.000000000000000000e+00,-0.000000000000000000e+00,-0.000000000000000000e+00,-0.000000000000000000e+00,-0.000000000000000000e+00,-0.000000000000000000e+00,-0.000000000000000000e+00,-0.000000000000000000e+00,-0.000000000000000000e+00,-0.000000000000000000e+00,-0.000000000000000000e+00,-0.000000000000000000e+00,-3.095723448164169542e-02
-0.000000000000000000e+00,-0.000000000000000000e+00,0.000000000000000000e+00,-0.000000000000000000e+00,0.000000000000000000e+00,0.000000000000000000e+00,-6.118529544661259478e-02,-0.000000000000000000e+00,0.000000000000000000e+00,-0.000000000000000000e+00,0.000000000000000000e+00,0.000000000000000000e+00,-0.000000000000000000e+00,-0.000000000000000000e+00,1.502990802022712707e-02,-2.849011232331110158e-02,0.000000000000000000e+00,-0.000000000000000000e+00,0.000000000000000000e+00,0.000000000000000000e+00,0.000000000000000000e+00,0.000000000000000000e+00,-1.251464386243411608e-01,1.057141368597288578e+00,-0.000000000000000000e+00,-0.000000000000000000e+00,0.000000000000000000e+00,-0.000000000000000000e+00,-0.000000000000000000e+00,-0.000000000000000000e+00,-0.000000000000000000e+00,-0.000000000000000000e+00,-0.000000000000000000e+00,-0.000000000000000000e+00,-1.484330241428313824e-01,0.000000000000000000e+00,-0.000000000000000000e+00,-0.000000000000000000e+00,-0.000000000000000000e+00
-0.000000000000000000e+00,-0.000000000000000000e+00,-0.000000000000000000e+00,-0.000000000000000000e+00,-0.000000000000000000e+00,0.000000000000000000e+00,-2.501906099603883743e-02,0.000000000000000000e+00,0.000000000000000000e+00,-0.000000000000000000e+00,-1.571888085019151893e-02,-0.000000000000000000e+00,-0.000000000000000000e+00,-0.000000000000000000e+00,-0.000000000000000000e+00,-6.878286796640800671e-02,-0.000000000000000000e+00,-0.000000000000000000e+00,-0.000000000000000000e+00,-1.488285451591148945e-01,-3.428503753711794472e-02,-2.093906520540546601e-01,-4.690170797927822877e-01,-0.000000000000000000e+00,1.599817366258578177e+00,-0.000000000000000000e+00,-1.261547936052793140e-01,-0.000000000000000000e+00,-0.000000000000000000e+00,-0.000000000000000000e+00,-0.000000000000000000e+00,-0.000000000000000000e+00,-2.846438739864700640e-01,-0.000000000000000000e+00,-0.000000000000000000e+00,-0.000000000000000000e+00,-1.053595182426841637e-01,-0.000000000000000000e+00,-0.000000000000000000e+00
-2.258302006273951168e-01,-7.312660582552729660e-02,-0.000000000000000000e+00,1.989467769708033393e-02,-0.000000000000000000e+00,0.000000000000000000e+00,-0.000000000000000000e+00,0.000000000000000000e+00,-0.000000000000000000e+00,-0.000000000000000000e+00,-0.000000000000000000e+00,0.000000000000000000e+00,0.000000000000000000e+00,-0.000000000000000000e+00,0.000000000000000000e+00,-2.022202690795908697e-01,-0.000000000000000000e+00,-2.146277999630961594e-03,-0.000000000000000000e+00,-0.000000000000000000e+00,-4.728829444967006315e-03,-0.000000000000000000e+00,-6.293441741786418020e-02,-0.000000000000000000e+00,-0.000000000000000000e+00,2.341939687771585898e+00,-1.978050154315919851e-01,-5.741951396739410907e-01,-0.000000000000000000e+00,-5.571419155397964312e-02,-8.083047855940797555e-02,-1.139053574967732740e-01,-1.205557655323976490e-01,-0.000000000000000000e+00,-2.468785190145623420e-01,-2.291625435529664190e-01,-3.063213396918196274e-01,0.000000000000000000e+00,0.000000000000000000e+00
0.000000000000000000e+00,-0.000000000000000000e+00,-0.000000000000000000e+00,0.000000000000000000e+00,-0.000000000000000000e+00,0.000000000000000000e+00,-0.000000000000000000e+00,0.000000000000000000e+00,0.000000000000000000e+00,-1.437777969744097883e-01,-0.000000000000000000e+00,-0.000000000000000000e+00,-0.000000000000000000e+00,-0.000000000000000000e+00,-0.000000000000000000e+00,-0.000000000000000000e+00,0.000000000000000000e+00,-1.255599079230471093e-01,-1.313586793210696768e-01,-0.000000000000000000e+00,-2.389938087537837874e-02,-0.000000000000000000e+00,-0.000000000000000000e+00,0.000000000000000000e+00,-1.261547936052793140e-01,-1.978050154315919851e-01,1.576685267847037109e+00,-2.874839726243035298e-01,-0.000000000000000000e+00,-0.000000000000000000e+00,-2.193134453291454566e-01,-4.945208167570946250e-03,-0.000000000000000000e+00,-0.000000000000000000e+00,-0.000000000000000000e+00,-3.528327046778184650e-02,-1.751103286803101788e-01,0.000000000000000000e+00,0.000000000000000000e+00
-0.000000000000000000e+00,-0.000000000000000000e+00,-0.000000000000000000e+00,5.322130508369904422e-01,-0.000000000000000000e+00,0.000000000000000000e+00,-0.000000000000000000e+00,0.000000000000000000e+00,0.000000000000000000e+00,-0.000000000000000000e+00,0.000000000000000000e+00,0.000000000000000000e+00,0.000000000000000000e+00,-0.000000000000000000e+00,0.000000000000000000e+00,-0.000000000000000000e+00,0.000000000000000000e+00,-2.311734048068567471e-01,-1.497650045390874068e-02,-0.000000000000000000e+00,-7.711211373526682608e-03,-0.000000000000000000e+00,-0.000000000000000000e+00,-0.000000000000000000e+00,-0.000000000000000000e+00,-5.741951396739410907e-01,-2.874839726243035298e-01,1.805757351660294718e+00,-0.000000000000000000e+00,-0.000000000000000000e+00,-6.342531021201472385e-02,-0.000000000000000000e+00,-2.544503197166620573e-02,-0.000000000000000000e+00,-0.000000000000000000e+00,-0.000000000000000000e+00,-0.000000000000000000e+00,1.026279332128271320e-02,4.467922936465808584e-03
-0.000000000000000000e+00,-0.000000000000000000e+00,-0.000000000000000000e+00,0.000000000000000000e+00,-0.000000000000000000e+00,-0.000000000000000000e+00,0.000000000000000000e+00,0.000000000000000000e+00,-0.000000000000000000e+00,-0.000000000000000000e+00,-2.403854006015688771e-01,-0.000000000000000000e+00,0.000000000000000000e+00,-0.000000000000000000e+00,-0.000000000000000000e+00,-0.000000000000000000e+00,-0.000000000000000000e+00,-0.000000000000000000e+00,-0.000000000000000000e+00,-0.000000000000000000e+00,-8.835033326642982576e-03,-0.000000000000000000e+00,-0.000000000000000000e+00,-0.000000000000000000e+00,-0.000000000000000000e+00,-0.000000000000000000e+00,-0.000000000000000000e+00,-0.000000000000000000e+00,1.548674186581233903e+00,-0.000000000000000000e+00,-0.000000000000000000e+00,-7.328018866066510206e-01,-0.000000000000000000e+00,-0.000000000000000000e+00,-6.053071108393981437e-03,-0.000000000000000000e+00,-1.145586015782931594e-01,0.000000000000000000e+00,0.000000000000000000e+00
-2.629062778736298012e-01,-3.502020671327657486e-01,-0.000000000000000000e+00,0.000000000000000000e+00,-8.558179322474238071e-02,-0.000000000000000000e+00,0.000000000000000000e+00,2.493246454077725424e-02,-4.771585445985093710e-01,-1.753209147236922671e-01,-0.000000000000000000e+00,1.560964031061577717e-01,8.660675891083670364e-02,-0.000000000000000000e+00,3.206551495634890614e-02,-9.605564814412292929e-02,-0.000000000000000000e+00,-0.000000000000000000e+00,0.000000000000000000e+00,0.000000000000000000e+00,-0.000000000000000000e+00,-0.000000000000000000e+00,-0.000000000000000000e+00,-0.000000000000000000e+00,-0.000000000000000000e+00,-5.571419155397964312e-02,-0.000000000000000000e+00,-0.000000000000000000e+00,-0.000000000000000000e+00,2.228848523852635211e+00,-0.000000000000000000e+00,-0.000000000000000000e+00,-0.000000000000000000e+00,-1.994991260112243536e-01,-0.000000000000000000e+00,-3.713660760954995421e-01,-0.000000000000000000e+00,-0.000000000000000000e+00,-0.000000000000000000e+00
-1.258415023435821914e-02,-4.381050375531142516e-01,-1.859136468130601905e-01,1.299495137988893601e-01,-3.359703681472053227e-01,-0.000000000000000000e+00,-0.000000000000000000e+00,8.428184019354419132e-02,-0.000000000000000000e+00,-0.000000000000000000e+00,-0.000000000000000000e+00,0.000000000000000000e+00,0.000000000000000000e+00,-0.000000000000000000e+00,0.000000000000000000e+00,-0.000000000000000000e+00,-0.000000000000000000e+00,-0.000000000000000000e+00,-0.000000000000000000e+00,-0.000000000000000000e+00,-0.000000000000000000e+00,-0.000000000000000000e+00,-0.000000000000000000e+00,-0.000000000000000000e+00,-0.000000000000000000e+00,-8.083047855940797555e-02,-2.193134453291454566e-01,-6.342531021201472385e-02,-0.000000000000000000e+00,-0.000000000000000000e+00,2.060032003279005153e+00,-1.251162232340768433e-02,-0.000000000000000000e+00,-0.000000000000000000e+00,-1.801054790916603032e-01,-1.821450064700267102e-01,-9.245272117757809271e-02,0.000000000000000000e+00,0.000000000000000000e+00
-0.000000000000000000e+00,-3.697480644921119497e-02,-2.267624861244625645e-02,0.000000000000000000e+00,-3.211962668382806196e-02,-0.000000000000000000e+00,0.000000000000000000e+00,0.000000000000000000e+00,-0.000000000000000000e+00,-7.645169431573572982e-02,-6.310005550747731229e-02,0.000000000000000000e+00,0.000000000000000000e+00,-0.000000000000000000e+00,0.000000000000000000e+00,-9.423007271885347480e-02,-0.000000000000000000e+00,-0.000000000000000000e+00,-0.000000000000000000e+00,-0.000000000000000000e+00,-0.000000000000000000e+00,-0.000000000000000000e+00,-0.000000000000000000e+00,-0.000000000000000000e+00,-0.000000000000000000e+00,-1.139053574967732740e-01,-4.945208167570946250e-03,-0.000000000000000000e+00,-7.328018866066510206e-01,-0.000000000000000000e+00,-1.251162232340768433e-02,2.773413777775765254e+00,-7.824554461386004633e-02,-9.384541870364523919e-02,-5.624591411489459070e-01,-3.751223410005480319e-01,-6.674304150530774304e-01,0.000000000000000000e+00,0.000000000000000000e+00
-0.000000000000000000e+00,-0.000000000000000000e+00,-5.392081498742848922e-01,0.000000000000000000e+00,-6.820022828590457942e-02,-0.000000000000000000e+00,-0.000000000000000000e+00,4.317277369455825853e-01,-0.000000000000000000e+00,-0.000000000000000000e+00,-0.000000000000000000e+00,-0.000000000000000000e+00,-0.000000000000000000e+00,-0.000000000000000000e+00,-0.000000000000000000e+00,-0.000000000000000000e+00,-0.000000000000000000e+00,-0.000000000000000000e+00,-0.000000000000000000e+00,-0.000000000000000000e+00,-4.992460222258647273e-01,-3.870684943615159690e-01,-0.000000000000000000e+00,-0.000000000000000000e+00,-2.846438739864700640e-01,-1.205557655323976490e-01,-0.000000000000000000e+00,-2.544503197166620573e-02,-0.000000000000000000e+00,-0.000000000000000000e+00,-0.000000000000000000e+00,-7.824554461386004633e-02,2.510398326809152980e+00,-0.000000000000000000e+00,-0.000000000000000000e+00,-0.000000000000000000e+00,-1.387425513257370679e-01,0.000000000000000000e+00,0.000000000000000000e+00
-1.877252510936242291e-01,-1.056486588195053866e-01,-0.000000000000000000e+00,0.000000000000000000e+00,-6.585138301721937815e-02,-0.000000000000000000e+00,-0.000000000000000000e+00,1.070077908609933653e-02,-5.820315104740494405e-01,-0.000000000000000000e+00,-0.000000000000000000e+00,0.000000000000000000e+00,0.000000000000000000e+00,-1.064927915626929650e-01,0.000000000000000000e+00,-0.000000000000000000e+00,-1.345556184901062768e-01,-0.000000000000000000e+00,0.000000000000000000e+00,-0.000000000000000000e+00,-0.000000000000000000e+00,-0.000000000000000000e+00,-0.000000000000000000e+00,-0.000000000000000000e+00,-0.000000000000000000e+00,-0.000000000000000000e+00,-0.000000000000000000e+00,-0.000000000000000000e+00,-0.000000000000000000e+00,-1.994991260112243536e-01,-0.000000000000000000e+00,-9.384541870364523919e-02,-0.000000000000000000e+00,1.788383222818277885e+00,-0.000000000000000000e+00,-1.420243430423647757e-01,-0.000000000000000000e+00,-0.000000000000000000e+00,-0.000000000000000000e+00
-3.477753378895741265e-02,-3.948440643446131104e-01,-0.000000000000000000e+00,0.000000000000000000e+00,-2.214253070931804235e-02,0.000000000000000000e+00,-0.000000000000000000e+00,0.000000000000000000e+00,-0.000000000000000000e+00,-7.323884433378041736e-02,-0.000000000000000000e+00,0.000000000000000000e+00,0.000000000000000000e+00,-0.000000000000000000e+00,0.000000000000000000e+00,-1.436608233819547387e-01,0.000000000000000000e+00,-0.000000000000000000e+00,-0.000000000000000000e+00,-0.000000000000000000e+00,-0.000000000000000000e+00,-0.000000000000000000e+00,-0.000000000000000000e+00,-1.484330241428313824e-01,-0.000000000000000000e+00,-2.468785190145623420e-01,-0.000000000000000000e+00,-0.000000000000000000e+00,-6.053071108393981437e-03,-0.000000000000000000e+00,-1.801054790916603032e-01,-5.624591411489459070e-01,-0.000000000000000000e+00,-0.000000000000000000e+00,2.709394220708877921e+00,-0.000000000000000000e+00,-9.394175557906632168e-01,0.000000000000000000e+00,0.000000000000000000e+00
-0.000000000000000000e+00,-0.000000000000000000e+00,-1.630642622292509669e-01,0.000000000000000000e+00,-1.931165819460494704e-01,-0.000000000000000000e+00,0.000000000000000000e+00,2.236629405580515539e-01,-0.000000000000000000e+00,-7.792347627793677969e-03,-3.240195097104765602e-03,0.000000000000000000e+00,0.000000000000000000e+00,-0.000000000000000000e+00,0.000000000000000000e+00,-1.339408185901161674e-01,-9.731930646212987382e-03,-0.000000000000000000e+00,-0.000000000000000000e+00,-0.000000000000000000e+00,-0.000000000000000000e+00,-0.000000000000000000e+00,-0.000000000000000000e+00,0.000000000000000000e+00,-0.000000000000000000e+00,-2.291625435529664190e-01,-3.528327046778184650e-02,-0.000000000000000000e+00,-0.000000000000000000e+00,-3.713660760954995421e-01,-1.821450064700267102e-01,-3.751223410005480319e-01,-0.000000000000000000e+00,-1.420243430423647757e-01,-0.000000000000000000e+00,2.266403157487951070e+00,-1.988469264776446255e-01,6.986065715840793222e-02,0.000000000000000000e+00
-0.000000000000000000e+00,-8.354017821880936612e-02,-0.000000000000000000e+00,0.000000000000000000e+00,-0.000000000000000000e+00,0.000000000000000000e+00,-0.000000000000000000e+00,0.000000000000000000e+00,-0.000000000000000000e+00,-4.727854752603029981e-02,-0.000000000000000000e+00,0.000000000000000000e+00,0.000000000000000000e+00,-0.000000000000000000e+00,0.000000000000000000e+00,-1.501276451976071569e-01,0.000000000000000000e+00,-2.422215714190552663e-02,-0.000000000000000000e+00,-0.000000000000000000e+00,-2.386035288607870480e-02,-0.000000000000000000e+00,-0.000000000000000000e+00,-0.000000000000000000e+00,-1.053595182426841637e-01,-3.063213396918196274e-01,-1.751103286803101788e-01,-0.000000000000000000e+00,-1.145586015782931594e-01,-0.000000000000000000e+00,-9.245272117757809271e-02,-6.674304150530774304e-01,-1.387425513257370679e-01,-0.000000000000000000e+00,-9.394175557906632168e-01,-1.988469264776446255e-01,2.913123158264262713e+00,6.116182128099252602e-02,0.000000000000000000e+00
0.000000000000000000e+00,0.000000000000000000e+00,0.000000000000000000e+00,-0.000000000000000000e+00,0.000000000000000000e+00,0.000000000000000000e+00,-8.804987697978269856e-02,-0.000000000000000000e+00,-0.000000000000000000e+00,-0.000000000000000000e+00,-0.000000000000000000e+00,0.000000000000000000e+00,-0.000000000000000000e+00,-0.000000000000000000e+00,-0.000000000000000000e+00,-0.000000000000000000e+00,-0.000000000000000000e+00,1.831082070274782925e-01,6.818688491520144557e-02,-0.000000000000000000e+00,0.000000000000000000e+00,-0.000000000000000000e+00,-0.000000000000000000e+00,-0.000000000000000000e+00,-0.000000000000000000e+00,0.000000000000000000e+00,0.000000000000000000e+00,1.026279332128271320e-02,0.000000000000000000e+00,-0.000000000000000000e+00,0.000000000000000000e+00,0.000000000000000000e+00,0.000000000000000000e+00,-0.000000000000000000e+00,0.000000000000000000e+00,6.986065715840793222e-02,6.116182128099252602e-02,1.756876986499780635e+00,-1.037340636039657316e+00
0.000000000000000000e+00,0.000000000000000000e+00,0.000000000000000000e+00,-2.594093864042298359e-01,0.000000000000000000e+00,-0.000000000000000000e+00,-0.000000000000000000e+00,-0.000000000000000000e+00,-0.000000000000000000e+00,-0.000000000000000000e+00,-0.000000000000000000e+00,0.000000000000000000e+00,-0.000000000000000000e+00,-0.000000000000000000e+00,-0.000000000000000000e+00,-0.000000000000000000e+00,-8.752556554300331207e-03,0.000000000000000000e+00,4.036443953404576512e-01,-0.000000000000000000e+00,0.000000000000000000e+00,-0.000000000000000000e+00,-3.095723448164169542e-02,-0.000000000000000000e+00,-0.000000000000000000e+00,0.000000000000000000e+00,0.000000000000000000e+00,4.467922936465808584e-03,0.000000000000000000e+00,-0.000000000000000000e+00,0.000000000000000000e+00,0.000000000000000000e+00,0.000000000000000000e+00,-0.000000000000000000e+00,0.000000000000000000e+00,0.000000000000000000e+00,0.000000000000000000e+00,-1.037340636039657316e+00,1.893750787993762064e+00
