1.698267547520010190e+00,-5.317729585797553726e-01,-0.000000000000000000e+00,-0.000000000000000000e+00,-2.025419403450313405e-01,-0.000000000000000000e+00,-0.000000000000000000e+00,0.000000000000000000e+00,-0.000000000000000000e+00,-8.832037027077967173e-02,-0.000000000000000000e+00,0.000000000000000000e+00,-0.000000000000000000e+00,-0.000000000000000000e+00,-0.000000000000000000e+00,-2.038756003858574750e-01,-0.000000000000000000e+00,0.000000000000000000e+00,0.000000000000000000e+00,-0.000000000000000000e+00,-1.554168802595068399e-02,-0.000000000000000000e+00,0.000000000000000000e+00,-0.000000000000000000e+00,-0.000000000000000000e+00,-2.610995457111246407e-02,-0.000000000000000000e+00,-1.523923321623548155e-01,-0.000000000000000000e+00,-1.016770865072440105e-01,-7.657287373729912416e-02,-5.249150009777137776e-02,-0.000000000000000000e+00,-0.000000000000000000e+00,-1.884507770548793371e-01,-1.331394213533655391e-01,-1.864900890180554854e-02,-0.000000000000000000e+00,0.000000000000000000e+00
-5.317729585797553726e-01,2.536601724325048934e+00,-0.000000000000000000e+00,-0.000000000000000000e+00,-0.000000000000000000e+00,-0.000000000000000000e+00,-0.000000000000000000e+00,0.000000000000000000e+00,0.000000000000000000e+00,-1.199800441352113362e-01,-0.000000000000000000e+00,8.070955320477772588e-02,0.000000000000000000e+00,-0.000000000000000000e+00,-0.000000000000000000e+00,0.000000000000000000e+00,-0.000000000000000000e+00,-0.000000000000000000e+00,2.107197895885994099e-01,-1.728778348365464235e-01,-0.000000000000000000e+00,-0.000000000000000000e+00,0.000000000000000000e+00,-0.000000000000000000e+00,-0.000000000000000000e+00,-0.000000000000000000e+00,0.000000000000000000e+00,-0.000000000000000000e+00,-7.724167569863334970e-01,-3.567637609605506799e-01,-0.000000000000000000e+00,-0.000000000000000000e+00,-0.000000000000000000e+00,-0.000000000000000000e+00,-0.000000000000000000e+00,-0.000000000000000000e+00,-4.599276298339380897e-01,0.000000000000000000e+00,0.000000000000000000e+00
-0.000000000000000000e+00,-0.000000000000000000e+00,2.735805472874206945e+00,-0.000000000000000000e+00,-6.590143745688361587e-01,0.000000000000000000e+00,-0.000000000000000000e+00,9.126471107324206633e-01,-0.000000000000000000e+00,-1.913261590159292813e-01,-0.000000000000000000e+00,0.000000000000000000e+00,0.000000000000000000e+00,-1.364392207149578429e-01,-0.000000000000000000e+00,-0.000000000000000000e+00,-0.000000000000000000e+00,-0.000000000000000000e+00,0.000000000000000000e+00,-0.000000000000000000e+00,-5.081190465211834484e-01,-0.000000000000000000e+00,0.000000000000000000e+00,-0.000000000000000000e+00,-0.000000000000000000e+00,-9.156030751457389094e-02,0.000000000000000000e+00,-7.002613088189300894e-02,-0.000000000000000000e+00,-1.263910586678295700e-01,0.000000000000000000e+00,-0.000000000000000000e+00,-8.393517134538180935e-02,-1.638897109245699979e-01,-0.000000000000000000e+00,0.000000000000000000e+00,-0.000000000000000000e+00,-0.000000000000000000e+00,0.000000000000000000e+00
-0.000000000000000000e+00,-0.000000000000000000e+00,-0.000000000000000000e+00,1.895312004965711283e+00,0.000000000000000000e+00,2.283034757524333436e-01,-1.856970258575790234e-01,0.000000000000000000e+00,-0.000000000000000000e+00,-0.000000000000000000e+00,-0.000000000000000000e+00,0.000000000000000000e+00,4.402640916444760522e-01,-0.000000000000000000e+00,0.000000000000000000e+00,0.000000000000000000e+00,-0.000000000000000000e+00,-3.154511072590209242e-01,0.000000000000000000e+00,-1.044553644301369072e-01,-0.000000000000000000e+00,-1.899647241750627435e-01,2.184761970662184860e-01,-5.820442704659117145e-02,-0.000000000000000000e+00,-0.000000000000000000e+00,9.939938798284408961e-02,-4.050968407443082155e-03,-0.000000000000000000e+00,-1.703265172348880085e-01,0.000000000000000000e+00,1.001924423382191398e-01,-0.000000000000000000e+00,-0.000000000000000000e+00,0.000000000000000000e+00,0.000000000000000000e+00,-0.000000000000000000e+00,-0.000000000000000000e+00,0.000000000000000000e+00
-2.025419403450313405e-01,-0.000000000000000000e+00,-6.590143745688361587e-01,0.000000000000000000e+00,2.204048761461808947e+00,0.000000000000000000e+00,-0.000000000000000000e+00,0.000000000000000000e+00,-3.882235322189636628e-02,-0.000000000000000000e+00,0.000000000000000000e+00,0.000000000000000000e+00,-0.000000000000000000e+00,-4.664892585891752125e-02,-0.000000000000000000e+00,-1.163635895199606612e-01,-0.000000000000000000e+00,-0.000000000000000000e+00,-0.000000000000000000e+00,-0.000000000000000000e+00,-1.368098503535949140e-01,-0.000000000000000000e+00,-0.000000000000000000e+00,-0.000000000000000000e+00,-0.000000000000000000e+00,-0.000000000000000000e+00,-0.000000000000000000e+00,-0.000000000000000000e+00,-0.000000000000000000e+00,-0.000000000000000000e+00,-0.000000000000000000e+00,-1.745520707661140595e-03,-1.814334372950505425e-01,-5.316327711821230428e-01,-0.000000000000000000e+00,-0.000000000000000000e+00,-0.000000000000000000e+00,-4.424138513059410749e-01,-0.000000000000000000e+00
-0.000000000000000000e+00,-0.000000000000000000e+00,0.000000000000000000e+00,2.283034757524333436e-01,0.000000000000000000e+00,1.744787818951221148e+00,0.000000000000000000e+00,-0.000000000000000000e+00,0.000000000000000000e+00,-0.000000000000000000e+00,-2.846366280179245603e-02,0.000000000000000000e+00,-0.000000000000000000e+00,-0.000000000000000000e+00,-0.000000000000000000e+00,-0.000000000000000000e+00,-3.433991817233688626e-01,2.595575399520202997e-01,0.000000000000000000e+00,2.539697214559938909e-01,0.000000000000000000e+00,2.950444648724515062e-01,-0.000000000000000000e+00,0.000000000000000000e+00,0.000000000000000000e+00,0.000000000000000000e+00,-0.000000000000000000e+00,0.000000000000000000e+00,0.000000000000000000e+00,0.000000000000000000e+00,-0.000000000000000000e+00,-5.953698676540917223e-01,0.000000000000000000e+00,5.356279359866991663e-02,-0.000000000000000000e+00,-0.000000000000000000e+00,-0.000000000000000000e+00,0.000000000000000000e+00,-0.000000000000000000e+00
-0.000000000000000000e+00,-0.000000000000000000e+00,-0.000000000000000000e+00,-1.856970258575790234e-01,-0.000000000000000000e+00,0.000000000000000000e+00,1.087714827924139316e+00,0.000000000000000000e+00,0.000000000000000000e+00,-0.000000000000000000e+00,0.000000000000000000e+00,7.724766179267573973e-02,-0.000000000000000000e+00,-0.000000000000000000e+00,0.000000000000000000e+00,-0.000000000000000000e+00,-0.000000000000000000e+00,0.000000000000000000e+00,1.313749194512952856e-01,-0.000000000000000000e+00,-1.026654787170733774e-01,-8.361438651258762747e-03,0.000000000000000000e+00,-0.000000000000000000e+00,-0.000000000000000000e+00,-0.000000000000000000e+00,0.000000000000000000e+00,-0.000000000000000000e+00,-0.000000000000000000e+00,-0.000000000000000000e+00,-0.000000000000000000e+00,0.000000000000000000e+00,-0.000000000000000000e+00,0.000000000000000000e+00,-0.000000000000000000e+00,-0.000000000000000000e+00,-0.000000000000000000e+00,0.000000000000000000e+00,4.763396891058044660e-03
0.000000000000000000e+00,0.000000000000000000e+00,9.126471107324206633e-01,0.000000000000000000e+00,0.000000000000000000e+00,-0.000000000000000000e+00,0.000000000000000000e+00,2.010513674981821097e+00,0.000000000000000000e+00,0.000000000000000000e+00,0.000000000000000000e+00,-0.000000000000000000e+00,-2.465440195435784909e-02,0.000000000000000000e+00,0.000000000000000000e+00,-0.000000000000000000e+00,0.000000000000000000e+00,0.000000000000000000e+00,-0.000000000000000000e+00,1.090043951512670167e-01,2.573153796203589416e-01,2.213209081626530406e-01,-0.000000000000000000e+00,0.000000000000000000e+00,0.000000000000000000e+00,0.000000000000000000e+00,-0.000000000000000000e+00,0.000000000000000000e+00,2.869363894122176767e-02,8.841063382508002055e-02,-0.000000000000000000e+00,0.000000000000000000e+00,0.000000000000000000e+00,1.381276772460427182e-01,0.000000000000000000e+00,-0.000000000000000000e+00,0.000000000000000000e+00,0.000000000000000000e+00,-0.000000000000000000e+00
-0.000000000000000000e+00,0.000000000000000000e+00,-0.000000000000000000e+00,-0.000000000000000000e+00,-3.882235322189636628e-02,0.000000000000000000e+00,0.000000000000000000e+00,0.000000000000000000e+00,1.838788017225255977e+00,-0.000000000000000000e+00,0.000000000000000000e+00,-2.896347136417902202e-01,0.000000000000000000e+00,-0.000000000000000000e+00,-0.000000000000000000e+00,-0.000000000000000000e+00,0.000000000000000000e+00,-4.048516977634863956e-01,-4.034693098646175979e-01,-0.000000000000000000e+00,0.000000000000000000e+00,-0.000000000000000000e+00,-0.000000000000000000e+00,-0.000000000000000000e+00,-1.512383993183351594e-01,-0.000000000000000000e+00,-0.000000000000000000e+00,0.000000000000000000e+00,0.000000000000000000e+00,-0.000000000000000000e+00,-0.000000000000000000e+00,0.000000000000000000e+00,-0.000000000000000000e+00,-4.969515378161578067e-01,0.000000000000000000e+00,0.000000000000000000e+00,0.000000000000000000e+00,-1.193866883044008426e-01,-3.196293221471401269e-01
-8.832037027077967173e-02,-1.199800441352113362e-01,-1.913261590159292813e-01,-0.000000000000000000e+00,-0.000000000000000000e+00,-0.000000000000000000e+00,-0.000000000000000000e+00,0.000000000000000000e+00,-0.000000000000000000e+00,2.007439496889860120e+00,-0.000000000000000000e+00,0.000000000000000000e+00,0.000000000000000000e+00,-1.069314786781189741e-01,-3.485239146366828078e-02,-1.801513709603999036e-01,-1.824743673545776712e-01,-0.000000000000000000e+00,-0.000000000000000000e+00,-0.000000000000000000e+00,-1.089900439780192715e-02,-0.000000000000000000e+00,0.000000000000000000e+00,-0.000000000000000000e+00,-2.823893294561505285e-01,-1.288016028448056849e-01,0.000000000000000000e+00,-1.478166905268090137e-01,-5.691562616579915607e-02,-4.531822655007146650e-01,0.000000000000000000e+00,-0.000000000000000000e+00,-6.783193226187840541e-02,-0.000000000000000000e+00,-2.259652107096988410e-03,-0.000000000000000000e+00,-1.749049407999929140e-01,-0.000000000000000000e+00,0.000000000000000000e+00
-0.000000000000000000e+00,-0.000000000000000000e+00,-0.000000000000000000e+00,-0.000000000000000000e+00,0.000000000000000000e+00,-2.846366280179245603e-02,0.000000000000000000e+00,0.000000000000000000e+00,0.000000000000000000e+00,-0.000000000000000000e+00,1.564707639018122487e+00,0.000000000000000000e+00,0.000000000000000000e+00,-0.000000000000000000e+00,-0.000000000000000000e+00,-0.000000000000000000e+00,-8.623316991899961925e-01,-0.000000000000000000e+00,0.000000000000000000e+00,-0.000000000000000000e+00,0.000000000000000000e+00,0.000000000000000000e+00,0.000000000000000000e+00,-1.378127089029402563e-01,-2.950916931453607950e-02,-0.000000000000000000e+00,0.000000000000000000e+00,-0.000000000000000000e+00,-0.000000000000000000e+00,-0.000000000000000000e+00,0.000000000000000000e+00,-0.000000000000000000e+00,-0.000000000000000000e+00,0.000000000000000000e+00,-0.000000000000000000e+00,-0.000000000000000000e+00,-3.599603682644791219e-02,-0.000000000000000000e+00,0.000000000000000000e+00
0.000000000000000000e+00,8.070955320477772588e-02,0.000000000000000000e+00,0.000000000000000000e+00,0.000000000000000000e+00,0.000000000000000000e+00,7.724766179267573973e-02,-0.000000000000000000e+00,-2.896347136417902202e-01,0.000000000000000000e+00,0.000000000000000000e+00,2.365815803660935579e+00,-0.000000000000000000e+00,0.000000000000000000e+00,0.000000000000000000e+00,-0.000000000000000000e+00,1.251597416570011390e-01,-0.000000000000000000e+00,-7.826574651999773646e-02,0.000000000000000000e+00,0.000000000000000000e+00,0.000000000000000000e+00,-1.877680761152650535e-01,0.000000000000000000e+00,-0.000000000000000000e+00,0.000000000000000000e+00,-0.000000000000000000e+00,0.000000000000000000e+00,2.528002293245202869e-01,1.901503335223239111e-01,-0.000000000000000000e+00,0.000000000000000000e+00,0.000000000000000000e+00,-0.000000000000000000e+00,5.325035477922521743e-01,-0.000000000000000000e+00,1.631671002131711290e-01,-0.000000000000000000e+00,-7.797583269270766948e-01
-0.000000000000000000e+00,0.000000000000000000e+00,0.000000000000000000e+00,4.402640916444760522e-01,-0.000000000000000000e+00,-0.000000000000000000e+00,-0.000000000000000000e+00,-2.465440195435784909e-02,0.000000000000000000e+00,0.000000000000000000e+00,0.000000000000000000e+00,-0.000000000000000000e+00,2.461243454638538442e+00,0.000000000000000000e+00,0.000000000000000000e+00,-2.457211503324320187e-02,0.000000000000000000e+00,2.847318972397830383e-01,-0.000000000000000000e+00,1.841568470254645595e-01,0.000000000000000000e+00,0.000000000000000000e+00,-4.128941576364303367e-01,0.000000000000000000e+00,0.000000000000000000e+00,9.163210603176007163e-02,-1.342759976824415002e-01,1.236217636680398413e-01,3.589908598610603851e-01,1.871992815626532247e-01,-4.998622958742335309e-01,-0.000000000000000000e+00,0.000000000000000000e+00,0.000000000000000000e+00,-0.000000000000000000e+00,-0.000000000000000000e+00,0.000000000000000000e+00,0.000000000000000000e+00,-0.000000000000000000e+00
-0.000000000000000000e+00,-0.000000000000000000e+00,-1.364392207149578429e-01,-0.000000000000000000e+00,-4.664892585891752125e-02,-0.000000000000000000e+00,-0.000000000000000000e+00,0.000000000000000000e+00,-0.000000000000000000e+00,-1.069314786781189741e-01,-0.000000000000000000e+00,0.000000000000000000e+00,0.000000000000000000e+00,1.823353444245237265e+00,-0.000000000000000000e+00,-1.501246513326372906e-02,-2.066379734807211599e-01,-0.000000000000000000e+00,0.000000000000000000e+00,-0.000000000000000000e+00,-0.000000000000000000e+00,-0.000000000000000000e+00,-0.000000000000000000e+00,-4.683757470064539019e-01,-1.871160877030195180e-01,-0.000000000000000000e+00,-6.131640295635123854e-03,-0.000000000000000000e+00,-0.000000000000000000e+00,-0.000000000000000000e+00,-0.000000000000000000e+00,-0.000000000000000000e+00,-5.200065104646459657e-01,-0.000000000000000000e+00,-0.000000000000000000e+00,-1.808404268501886403e-01,-6.490300252822901739e-02,-0.000000000000000000e+00,-0.000000000000000000e+00
-0.000000000000000000e+00,-0.000000000000000000e+00,-0.000000000000000000e+00,0.000000000000000000e+00,-0.000000000000000000e+00,-0.000000000000000000e+00,0.000000000000000000e+00,0.000000000000000000e+00,-0.000000000000000000e+00,-3.485239146366828078e-02,-0.000000000000000000e+00,0.000000000000000000e+00,0.000000000000000000e+00,-0.000000000000000000e+00,1.286471780201769777e+00,-0.000000000000000000e+00,-1.945868363855273453e-01,-1.059623735321992971e-01,-0.000000000000000000e+00,-0.000000000000000000e+00,-0.000000000000000000e+00,-0.000000000000000000e+00,0.000000000000000000e+00,-1.555591689838321523e-01,-0.000000000000000000e+00,-2.397622453374833040e-01,-0.000000000000000000e+00,-1.649569378939409400e-02,-0.000000000000000000e+00,-0.000000000000000000e+00,6.718566319063085102e-02,-0.000000000000000000e+00,-0.000000000000000000e+00,-1.000323381104946223e-02,-0.000000000000000000e+00,0.000000000000000000e+00,-0.000000000000000000e+00,-1.574983910997995173e-01,0.000000000000000000e+00
-2.038756003858574750e-01,0.000000000000000000e+00,-0.000000000000000000e+00,0.000000000000000000e+00,-1.163635895199606612e-01,-0.000000000000000000e+00,-0.000000000000000000e+00,-0.000000000000000000e+00,-0.000000000000000000e+00,-1.801513709603999036e-01,-0.000000000000000000e+00,-0.000000000000000000e+00,-2.457211503324320187e-02,-1.501246513326372906e-02,-0.000000000000000000e+00,1.343613807876424371e+00,-0.000000000000000000e+00,0.000000000000000000e+00,-0.000000000000000000e+00,0.000000000000000000e+00,-0.000000000000000000e+00,0.000000000000000000e+00,-3.171030112208259033e-01,0.000000000000000000e+00,-0.000000000000000000e+00,-0.000000000000000000e+00,-1.583218012369656258e-01,0.000000000000000000e+00,0.000000000000000000e+00,-0.000000000000000000e+00,-1.094820561274377213e-01,-3.822064854012007656e-02,-0.000000000000000000e+00,-0.000000000000000000e+00,-0.000000000000000000e+00,-2.073422611663212345e-01,-0.000000000000000000e+00,-1.235803528617120950e-01,-1.072049058706285862e-01
-0.000000000000000000e+00,-0.000000000000000000e+00,-0.000000000000000000e+00,-0.000000000000000000e+00,-0.000000000000000000e+00,-3.433991817233688626e-01,-0.000000000000000000e+00,0.000000000000000000e+00,0.000000000000000000e+00,-1.824743673545776712e-01,-8.623316991899961925e-01,1.251597416570011390e-01,0.000000000000000000e+00,-2.066379734807211599e-01,-1.945868363855273453e-01,-0.000000000000000000e+00,1.942125793301794356e+00,-0.000000000000000000e+00,-0.000000000000000000e+00,-0.000000000000000000e+00,0.000000000000000000e+00,-0.000000000000000000e+00,0.000000000000000000e+00,-0.000000000000000000e+00,-0.000000000000000000e+00,-0.000000000000000000e+00,-0.000000000000000000e+00,-0.000000000000000000e+00,-0.000000000000000000e+00,-0.000000000000000000e+00,0.000000000000000000e+00,-0.000000000000000000e+00,-0.000000000000000000e+00,0.000000000000000000e+00,-1.111227488731113128e-01,-0.000000000000000000e+00,-1.899937700356651438e-01,-0.000000000000000000e+00,0.000000000000000000e+00
0.000000000000000000e+00,-0.000000000000000000e+00,-0.000000000000000000e+00,-3.154511072590209242e-01,-0.000000000000000000e+00,2.595575399520202997e-01,0.000000000000000000e+00,0.000000000000000000e+00,-4.048516977634863956e-01,-0.000000000000000000e+00,-0.000000000000000000e+00,-0.000000000000000000e+00,2.847318972397830383e-01,-0.000000000000000000e+00,-1.059623735321992971e-01,0.000000000000000000e+00,-0.000000000000000000e+00,1.874690020755378494e+00,-2.197687314212120047e-01,-0.000000000000000000e+00,-0.000000000000000000e+00,-0.000000000000000000e+00,0.000000000000000000e+00,-2.534990447423068199e-02,-0.000000000000000000e+00,-8.449008729305415577e-02,0.000000000000000000e+00,-1.115593494452684215e-01,-0.000000000000000000e+00,-0.000000000000000000e+00,0.000000000000000000e+00,9.868692279656375577e-02,-0.000000000000000000e+00,-0.000000000000000000e+00,0.000000000000000000e+00,1.468342181030788951e-01,0.000000000000000000e+00,-2.429351486609200861e-01,-0.000000000000000000e+00
0.000000000000000000e+00,2.107197895885994099e-01,0.000000000000000000e+00,0.000000000000000000e+00,-0.000000000000000000e+00,0.000000000000000000e+00,1.313749194512952856e-01,-0.000000000000000000e+00,-4.034693098646175979e-01,-0.000000000000000000e+00,0.000000000000000000e+00,-7.826574651999773646e-02,-0.000000000000000000e+00,0.000000000000000000e+00,-0.000000000000000000e+00,-0.000000000000000000e+00,-0.000000000000000000e+00,-2.197687314212120047e-01,1.486841797943793120e+00,0.000000000000000000e+00,0.000000000000000000e+00,0.000000000000000000e+00,-0.000000000000000000e+00,-0.000000000000000000e+00,0.000000000000000000e+00,0.000000000000000000e+00,0.000000000000000000e+00,0.000000000000000000e+00,0.000000000000000000e+00,0.000000000000000000e+00,0.000000000000000000e+00,0.000000000000000000e+00,-0.000000000000000000e+00,-0.000000000000000000e+00,0.000000000000000000e+00,2.439072194444174002e-01,0.000000000000000000e+00,-2.553316079016403339e-01,-8.625540938210182751e-02
-0.000000000000000000e+00,-1.728778348365464235e-01,-0.000000000000000000e+00,-1.044553644301369072e-01,-0.000000000000000000e+00,2.539697214559938909e-01,-0.000000000000000000e+00,1.090043951512670167e-01,-0.000000000000000000e+00,-0.000000000000000000e+00,-0.000000000000000000e+00,0.000000000000000000e+00,1.841568470254645595e-01,-0.000000000000000000e+00,-0.000000000000000000e+00,0.000000000000000000e+00,-0.000000000000000000e+00,-0.000000000000000000e+00,0.000000000000000000e+00,2.350101737029562710e+00,-2.217066285384314619e-02,-4.027022803197534140e-01,1.421414552306177748e-01,-7.818096210383836120e-02,-1.802516917208459024e-02,-1.898225899933015381e-01,0.000000000000000000e+00,-2.918963137532259999e-01,-4.179607672762433168e-01,-5.425562249361599171e-02,0.000000000000000000e+00,0.000000000000000000e+00,-3.577216483110144674e-02,-1.635993917321657276e-01,-0.000000000000000000e+00,0.000000000000000000e+00,-0.000000000000000000e+00,-0.000000000000000000e+00,0.000000000000000000e+00
-1.554168802595068399e-02,-0.000000000000000000e+00,-5.081190465211834484e-01,-0.000000000000000000e+00,-1.368098503535949140e-01,0.000000000000000000e+00,-1.026654787170733774e-01,2.573153796203589416e-01,0.000000000000000000e+00,-1.089900439780192715e-02,0.000000000000000000e+00,0.000000000000000000e+00,0.000000000000000000e+00,-0.000000000000000000e+00,-0.000000000000000000e+00,-0.000000000000000000e+00,0.000000000000000000e+00,-0.000000000000000000e+00,0.000000000000000000e+00,-2.217066285384314619e-02,1.880562951437566133e+00,-3.675251776549088301e-01,0.000000000000000000e+00,-0.000000000000000000e+00,0.000000000000000000e+00,-2.386488531131770660e-02,0.000000000000000000e+00,-1.362035899502748171e-01,-0.000000000000000000e+00,-0.000000000000000000e+00,-0.000000000000000000e+00,-0.000000000000000000e+00,-1.313608988438213221e-01,-0.000000000000000000e+00,-1.076598874724739585e-01,0.000000000000000000e+00,-0.000000000000000000e+00,-0.000000000000000000e+00,0.000000000000000000e+00
-0.000000000000000000e+00,-0.000000000000000000e+00,-0.000000000000000000e+00,-1.899647241750627435e-01,-0.000000000000000000e+00,2.950444648724515062e-01,-8.361438651258762747e-03,2.213209081626530406e-01,-0.000000000000000000e+00,-0.000000000000000000e+00,0.000000000000000000e+00,0.000000000000000000e+00,0.000000000000000000e+00,-0.000000000000000000e+00,-0.000000000000000000e+00,0.000000000000000000e+00,-0.000000000000000000e+00,-0.000000000000000000e+00,0.000000000000000000e+00,-4.027022803197534140e-01,-3.675251776549088301e-01,1.682145211785630146e+00,3.417097029920121432e-02,-0.000000000000000000e+00,-0.000000000000000000e+00,-0.000000000000000000e+00,0.000000000000000000e+00,-0.000000000000000000e+00,-0.000000000000000000e+00,-0.000000000000000000e+00,-0.000000000000000000e+00,0.000000000000000000e+00,-8.889818977008696887e-03,-0.000000000000000000e+00,-0.000000000000000000e+00,0.000000000000000000e+00,-0.000000000000000000e+00,-0.000000000000000000e+00,0.000000000000000000e+00
0.000000000000000000e+00,0.000000000000000000e+00,0.000000000000000000e+00,2.184761970662184860e-01,-0.000000000000000000e+00,-0.000000000000000000e+00,0.000000000000000000e+00,-0.000000000000000000e+00,-0.000000000000000000e+00,0.000000000000000000e+00,0.000000000000000000e+00,-1.877680761152650535e-01,-4.128941576364303367e-01,-0.000000000000000000e+00,0.000000000000000000e+00,-3.171030112208259033e-01,0.000000000000000000e+00,0.000000000000000000e+00,-0.000000000000000000e+00,1.421414552306177748e-01,0.000000000000000000e+00,3.417097029920121432e-02,2.539274270582430049e+00,0.000000000000000000e+00,-0.000000000000000000e+00,1.237044788977667148e-01,-4.465701191673630138e-02,3.796239318310851707e-01,2.763600557519906853e-01,1.537691824628041881e-01,-1.433800412362744858e-01,-0.000000000000000000e+00,0.000000000000000000e+00,0.000000000000000000e+00,0.000000000000000000e+00,-0.000000000000000000e+00,0.000000000000000000e+00,-0.000000000000000000e+00,-5.901786399116839554e-01
-0.000000000000000000e+00,-0.000000000000000000e+00,-0.000000000000000000e+00,-5.820442704659117145e-02,-0.000000000000000000e+00,0.000000000000000000e+00,-0.000000000000000000e+00,0.000000000000000000e+00,-0.000000000000000000e+00,-0.000000000000000000e+00,-1.378127089029402563e-01,0.000000000000000000e+00,0.000000000000000000e+00,-4.683757470064539019e-01,-1.555591689838321523e-01,0.000000000000000000e+00,-0.000000000000000000e+00,-2.534990447423068199e-02,-0.000000000000000000e+00,-7.818096210383836120e-02,-0.000000000000000000e+00,-0.000000000000000000e+00,0.000000000000000000e+00,1.595242767933956918e+00,-4.219601542948602235e-01,-0.000000000000000000e+00,-0.000000000000000000e+00,-0.000000000000000000e+00,-1.541964515895607839e-02,-2.239169103531022526e-02,0.000000000000000000e+00,-0.000000000000000000e+00,-8.210988719362098676e-02,-2.941948687838664284e-03,-0.000000000000000000e+00,0.000000000000000000e+00,-0.000000000000000000e+00,-0.000000000000000000e+00,0.000000000000000000e+00
-0.000000000000000000e+00,-0.000000000000000000e+00,-0.000000000000000000e+00,-0.000000000000000000e+00,-0.000000000000000000e+00,0.000000000000000000e+00,-0.000000000000000000e+00,0.000000000000000000e+00,-1.512383993183351594e-01,-2.823893294561505285e-01,-2.950916931453607950e-02,-0.000000000000000000e+00,0.000000000000000000e+00,-1.871160877030195180e-01,-0.000000000000000000e+00,-0.000000000000000000e+00,-0.000000000000000000e+00,-0.000000000000000000e+00,0.000000000000000000e+00,-1.802516917208459024e-02,0.000000000000000000e+00,-0.000000000000000000e+00,-0.000000000000000000e+00,-4.219601542948602235e-01,1.431806431166176230e+00,-0.000000000000000000e+00,-0.000000000000000000e+00,-0.000000000000000000e+00,-0.000000000000000000e+00,-0.000000000000000000e+00,0.000000000000000000e+00,-0.000000000000000000e+00,-0.000000000000000000e+00,-5.233948945992151353e-02,0.000000000000000000e+00,-0.000000000000000000e+00,-0.000000000000000000e+00,-0.000000000000000000e+00,-0.000000000000000000e+00
-2.610995457111246407e-02,-0.000000000000000000e+00,-9.156030751457389094e-02,-0.000000000000000000e+00,-0.000000000000000000e+00,0.000000000000000000e+00,-0.000000000000000000e+00,0.000000000000000000e+00,-0.000000000000000000e+00,-1.288016028448056849e-01,-0.000000000000000000e+00,0.000000000000000000e+00,9.163210603176007163e-02,-0.000000000000000000e+00,-2.397622453374833040e-01,-0.000000000000000000e+00,-0.000000000000000000e+00,-8.449008729305415577e-02,0.000000000000000000e+00,-1.898225899933015381e-01,-2.386488531131770660e-02,-0.000000000000000000e+00,1.237044788977667148e-01,-0.000000000000000000e+00,-0.000000000000000000e+00,2.422575957258759072e+00,0.000000000000000000e+00,-6.533878925291981554e-01,-2.706667111952064664e-01,-4.148659368175818263e-01,0.000000000000000000e+00,0.000000000000000000e+00,-0.000000000000000000e+00,-0.000000000000000000e+00,-0.000000000000000000e+00,0.000000000000000000e+00,-0.000000000000000000e+00,-1.615383837193650751e-01,0.000000000000000000e+00
-0.000000000000000000e+00,0.000000000000000000e+00,0.000000000000000000e+00,9.939938798284408961e-02,-0.000000000000000000e+00,-0.000000000000000000e+00,0.000000000000000000e+00,-0.000000000000000000e+00,-0.000000000000000000e+00,0.000000000000000000e+00,0.000000000000000000e+00,-0.000000000000000000e+00,-1.342759976824415002e-01,-6.131640295635123854e-03,-0.000000000000000000e+00,-1.583218012369656258e-01,-0.000000000000000000e+00,0.000000000000000000e+00,0.000000000000000000e+00,0.000000000000000000e+00,0.000000000000000000e+00,0.000000000000000000e+00,-4.465701191673630138e-02,-0.000000000000000000e+00,-0.000000000000000000e+00,0.000000000000000000e+00,1.350890112443715818e+00,0.000000000000000000e+00,0.000000000000000000e+00,0.000000000000000000e+00,-2.941256661006145801e-01,-8.794374344798125409e-02,-0.000000000000000000e+00,-0.000000000000000000e+00,-0.000000000000000000e+00,-1.861895158566629072e-01,-0.000000000000000000e+00,-0.000000000000000000e+00,-1.437601779932485557e-01
-1.523923321623548155e-01,-0.000000000000000000e+00,-7.002613088189300894e-02,-4.050968407443082155e-03,-0.000000000000000000e+00,0.000000000000000000e+00,-0.000000000000000000e+00,0.000000000000000000e+00,0.000000000000000000e+00,-1.478166905268090137e-01,-0.000000000000000000e+00,0.000000000000000000e+00,1.236217636680398413e-01,-0.000000000000000000e+00,-1.649569378939409400e-02,0.000000000000000000e+00,-0.000000000000000000e+00,-1.115593494452684215e-01,0.000000000000000000e+00,-2.918963137532259999e-01,-1.362035899502748171e-01,-0.000000000000000000e+00,3.796239318310851707e-01,-0.000000000000000000e+00,-0.000000000000000000e+00,-6.533878925291981554e-01,0.000000000000000000e+00,2.983675548974943581e+00,-2.128897341151504141e-01,-6.315050033775191363e-01,0.000000000000000000e+00,-0.000000000000000000e+00,-8.972326743319521125e-02,-0.000000000000000000e+00,-1.829945582312956232e-01,0.000000000000000000e+00,-0.000000000000000000e+00,-1.318766243611927680e-01,0.000000000000000000e+00
-0.000000000000000000e+00,-7.724167569863334970e-01,-0.000000000000000000e+00,-0.000000000000000000e+00,-0.000000000000000000e+00,0.000000000000000000e+00,-0.000000000000000000e+00,2.869363894122176767e-02,0.000000000000000000e+00,-5.691562616579915607e-02,-0.000000000000000000e+00,2.528002293245202869e-01,3.589908598610603851e-01,-0.000000000000000000e+00,-0.000000000000000000e+00,0.000000000000000000e+00,-0.000000000000000000e+00,-0.000000000000000000e+00,0.000000000000000000e+00,-4.179607672762433168e-01,-0.000000000000000000e+00,-0.000000000000000000e+00,2.763600557519906853e-01,-1.541964515895607839e-02,-0.000000000000000000e+00,-2.706667111952064664e-01,0.000000000000000000e+00,-2.128897341151504141e-01,3.109462200312579583e+00,-3.564118638816768936e-01,0.000000000000000000e+00,-0.000000000000000000e+00,-0.000000000000000000e+00,-0.000000000000000000e+00,-0.000000000000000000e+00,0.000000000000000000e+00,-3.590034226951748786e-01,0.000000000000000000e+00,2.231347711173508122e-02
-1.016770865072440105e-01,-3.567637609605506799e-01,-1.263910586678295700e-01,-1.703265172348880085e-01,-0.000000000000000000e+00,0.000000000000000000e+00,-0.000000000000000000e+00,8.841063382508002055e-02,-0.000000000000000000e+00,-4.531822655007146650e-01,-0.000000000000000000e+00,1.901503335223239111e-01,1.871992815626532247e-01,-0.000000000000000000e+00,-0.000000000000000000e+00,-0.000000000000000000e+00,-0.000000000000000000e+00,-0.000000000000000000e+00,0.000000000000000000e+00,-5.425562249361599171e-02,-0.000000000000000000e+00,-0.000000000000000000e+00,1.537691824628041881e-01,-2.239169103531022526e-02,-0.000000000000000000e+00,-4.148659368175818263e-01,0.000000000000000000e+00,-6.315050033775191363e-01,-3.564118638816768936e-01,3.014784189470509190e+00,0.000000000000000000e+00,-0.000000000000000000e+00,-0.000000000000000000e+00,-0.000000000000000000e+00,-0.000000000000000000e+00,0.000000000000000000e+00,-0.000000000000000000e+00,-0.000000000000000000e+00,0.000000000000000000e+00
-7.657287373729912416e-02,-0.000000000000000000e+00,0.000000000000000000e+00,0.000000000000000000e+00,-0.000000000000000000e+00,-0.000000000000000000e+00,-0.000000000000000000e+00,-0.000000000000000000e+00,-0.000000000000000000e+00,0.000000000000000000e+00,0.000000000000000000e+00,-0.000000000000000000e+00,-4.998622958742335309e-01,-0.000000000000000000e+00,6.718566319063085102e-02,-1.094820561274377213e-01,0.000000000000000000e+00,0.000000000000000000e+00,0.000000000000000000e+00,0.000000000000000000e+00,-0.000000000000000000e+00,-0.000000000000000000e+00,-1.433800412362744858e-01,0.000000000000000000e+00,0.000000000000000000e+00,0.000000000000000000e+00,-2.941256661006145801e-01,0.000000000000000000e+00,0.000000000000000000e+00,0.000000000000000000e+00,1.566010572712272175e+00,-5.822356884786066000e-02,-0.000000000000000000e+00,-0.000000000000000000e+00,-0.000000000000000000e+00,-3.021164984006166621e-01,-0.000000000000000000e+00,0.000000000000000000e+00,-0.000000000000000000e+00
-5.249150009777137776e-02,-0.000000000000000000e+00,-0.000000000000000000e+00,1.001924423382191398e-01,-1.745520707661140595e-03,-5.953698676540917223e-01,0.000000000000000000e+00,0.000000000000000000e+00,0.000000000000000000e+00,-0.000000000000000000e+00,-0.000000000000000000e+00,0.000000000000000000e+00,-0.000000000000000000e+00,-0.000000000000000000e+00,-0.000000000000000000e+00,-3.822064854012007656e-02,-0.000000000000000000e+00,9.868692279656375577e-02,0.000000000000000000e+00,0.000000000000000000e+00,-0.000000000000000000e+00,0.000000000000000000e+00,-0.000000000000000000e+00,-0.000000000000000000e+00,-0.000000000000000000e+00,0.000000000000000000e+00,-8.794374344798125409e-02,-0.000000000000000000e+00,-0.000000000000000000e+00,-0.000000000000000000e+00,-5.822356884786066000e-02,1.721183699082260210e+00,-0.000000000000000000e+00,-0.000000000000000000e+00,-3.614388130576476343e-01,-5.515486735507606902e-02,-4.859273215331346152e-01,0.000000000000000000e+00,0.000000000000000000e+00
-0.000000000000000000e+00,-0.000000000000000000e+00,-8.393517134538180935e-02,-0.000000000000000000e+00,-1.814334372950505425e-01,0.000000000000000000e+00,-0.000000000000000000e+00,0.000000000000000000e+00,-0.000000000000000000e+00,-6.783193226187840541e-02,-0.000000000000000000e+00,0.000000000000000000e+00,0.000000000000000000e+00,-5.200065104646459657e-01,-0.000000000000000000e+00,-0.000000000000000000e+00,-0.000000000000000000e+00,-0.000000000000000000e+00,-0.000000000000000000e+00,-3.577216483110144674e-02,-1.313608988438213221e-01,-8.889818977008696887e-03,0.000000000000000000e+00,-8.210988719362098676e-02,-0.000000000000000000e+00,-0.000000000000000000e+00,-0.000000000000000000e+00,-8.972326743319521125e-02,-0.000000000000000000e+00,-0.000000000000000000e+00,-0.000000000000000000e+00,-0.000000000000000000e+00,1.815931124181925593e+00,-2.827144873281638437e-01,-1.855591017617548300e-01,-0.000000000000000000e+00,-0.000000000000000000e+00,-1.389264070554978858e-01,-0.000000000000000000e+00
-0.000000000000000000e+00,-0.000000000000000000e+00,-1.638897109245699979e-01,-0.000000000000000000e+00,-5.316327711821230428e-01,5.356279359866991663e-02,0.000000000000000000e+00,1.381276772460427182e-01,-4.969515378161578067e-01,-0.000000000000000000e+00,0.000000000000000000e+00,-0.000000000000000000e+00,0.000000000000000000e+00,-0.000000000000000000e+00,-1.000323381104946223e-02,-0.000000000000000000e+00,0.000000000000000000e+00,-0.000000000000000000e+00,-0.000000000000000000e+00,-1.635993917321657276e-01,-0.000000000000000000e+00,-0.000000000000000000e+00,0.000000000000000000e+00,-2.941948687838664284e-03,-5.233948945992151353e-02,-0.000000000000000000e+00,-0.000000000000000000e+00,-0.000000000000000000e+00,-0.000000000000000000e+00,-0.000000000000000000e+00,-0.000000000000000000e+00,-0.000000000000000000e+00,-2.827144873281638437e-01,1.877082125605226581e+00,-0.000000000000000000e+00,0.000000000000000000e+00,-0.000000000000000000e+00,-0.000000000000000000e+00,-0.000000000000000000e+00
-1.884507770548793371e-01,-0.000000000000000000e+00,-0.000000000000000000e+00,0.000000000000000000e+00,-0.000000000000000000e+00,-0.000000000000000000e+00,-0.000000000000000000e+00,0.000000000000000000e+00,0.000000000000000000e+00,-2.259652107096988410e-03,-0.000000000000000000e+00,5.325035477922521743e-01,-0.000000000000000000e+00,-0.000000000000000000e+00,-0.000000000000000000e+00,-0.000000000000000000e+00,-1.111227488731113128e-01,0.000000000000000000e+00,0.000000000000000000e+00,-0.000000000000000000e+00,-1.076598874724739585e-01,-0.000000000000000000e+00,0.000000000000000000e+00,-0.000000000000000000e+00,0.000000000000000000e+00,-0.000000000000000000e+00,-0.000000000000000000e+00,-1.829945582312956232e-01,-0.000000000000000000e+00,-0.000000000000000000e+00,-0.000000000000000000e+00,-3.614388130576476343e-01,-1.855591017617548300e-01,-0.000000000000000000e+00,2.264954692292986405e+00,-0.000000000000000000e+00,-7.586830989756445653e-01,-0.000000000000000000e+00,0.000000000000000000e+00
-1.331394213533655391e-01,-0.000000000000000000e+00,0.000000000000000000e+00,0.000000000000000000e+00,-0.000000000000000000e+00,-0.000000000000000000e+00,-0.000000000000000000e+00,-0.000000000000000000e+00,0.000000000000000000e+00,-0.000000000000000000e+00,-0.000000000000000000e+00,-0.000000000000000000e+00,-0.000000000000000000e+00,-1.808404268501886403e-01,0.000000000000000000e+00,-2.073422611663212345e-01,-0.000000000000000000e+00,1.468342181030788951e-01,2.439072194444174002e-01,0.000000000000000000e+00,0.000000000000000000e+00,0.000000000000000000e+00,-0.000000000000000000e+00,0.000000000000000000e+00,-0.000000000000000000e+00,0.000000000000000000e+00,-1.861895158566629072e-01,0.000000000000000000e+00,0.000000000000000000e+00,0.000000000000000000e+00,-3.021164984006166621e-01,-5.515486735507606902e-02,-0.000000000000000000e+00,0.000000000000000000e+00,-0.000000000000000000e+00,1.374461368901673364e+00,-0.000000000000000000e+00,0.000000000000000000e+00,-0.000000000000000000e+00
-1.864900890180554854e-02,-4.599276298339380897e-01,-0.000000000000000000e+00,-0.000000000000000000e+00,-0.000000000000000000e+00,-0.000000000000000000e+00,-0.000000000000000000e+00,0.000000000000000000e+00,0.000000000000000000e+00,-1.749049407999929140e-01,-3.599603682644791219e-02,1.631671002131711290e-01,0.000000000000000000e+00,-6.490300252822901739e-02,-0.000000000000000000e+00,-0.000000000000000000e+00,-1.899937700356651438e-01,0.000000000000000000e+00,0.000000000000000000e+00,-0.000000000000000000e+00,-0.000000000000000000e+00,-0.000000000000000000e+00,0.000000000000000000e+00,-0.000000000000000000e+00,-0.000000000000000000e+00,-0.000000000000000000e+00,-0.000000000000000000e+00,-0.000000000000000000e+00,-3.590034226951748786e-01,-0.000000000000000000e+00,-0.000000000000000000e+00,-4.859273215331346152e-01,-0.000000000000000000e+00,-0.000000000000000000e+00,-7.586830989756445653e-01,-0.000000000000000000e+00,2.481282523966993114e+00,-0.000000000000000000e+00,0.000000000000000000e+00
-0.000000000000000000e+00,0.000000000000000000e+00,-0.000000000000000000e+00,-0.000000000000000000e+00,-4.424138513059410749e-01,0.000000000000000000e+00,0.000000000000000000e+00,0.000000000000000000e+00,-1.193866883044008426e-01,-0.000000000000000000e+00,-0.000000000000000000e+00,-0.000000000000000000e+00,0.000000000000000000e+00,-0.000000000000000000e+00,-1.574983910997995173e-01,-1.235803528617120950e-01,-0.000000000000000000e+00,-2.429351486609200861e-01,-2.553316079016403339e-01,-0.000000000000000000e+00,-0.000000000000000000e+00,-0.000000000000000000e+00,-0.000000000000000000e+00,-0.000000000000000000e+00,-0.000000000000000000e+00,-1.615383837193650751e-01,-0.000000000000000000e+00,-1.318766243611927680e-01,0.000000000000000000e+00,-0.000000000000000000e+00,0.000000000000000000e+00,0.000000000000000000e+00,-1.389264070554978858e-01,-0.000000000000000000e+00,-0.000000000000000000e+00,0.000000000000000000e+00,-0.000000000000000000e+00,1.686102051730224538e+00,-2.047822479231913018e-01
0.000000000000000000e+00,0.000000000000000000e+00,0.000000000000000000e+00,0.000000000000000000e+00,-0.000000000000000000e+00,-0.000000000000000000e+00,4.763396891058044660e-03,-0.000000000000000000e+00,-3.196293221471401269e-01,0.000000000000000000e+00,0.000000000000000000e+00,-7.797583269270766948e-01,-0.000000000000000000e+00,-0.000000000000000000e+00,0.000000000000000000e+00,-1.072049058706285862e-01,0.000000000000000000e+00,-0.000000000000000000e+00,-8.625540938210182751e-02,0.000000000000000000e+00,0.000000000000000000e+00,0.000000000000000000e+00,-5.901786399116839554e-01,0.000000000000000000e+00,-0.000000000000000000e+00,0.000000000000000000e+00,-1.437601779932485557e-01,0.000000000000000000e+00,2.231347711173508122e-02,0.000000000000000000e+00,-0.000000000000000000e+00,0.000000000000000000e+00,-0.000000000000000000e+00,-0.000000000000000000e+00,0.000000000000000000e+00,-0.000000000000000000e+00,0.000000000000000000e+00,-2.047822479231913018e-01,2.005341971974343274e+00
