3.137186392559754289e+00,-7.427565047610947824e-01,-0.000000000000000000e+00,0.000000000000000000e+00,-3.822984916076467565e-02,-0.000000000000000000e+00,-2.425655749059141553e-01,-0.000000000000000000e+00,-0.000000000000000000e+00,0.000000000000000000e+00,-0.000000000000000000e+00,5.869862111513839825e-02,-0.000000000000000000e+00,-1.573185385683297799e-01,-8.397008705850586563e-02,-1.179954716428280618e-03,-0.000000000000000000e+00,-1.510885960027817942e-01,-1.284966686749595445e-02,3.110567716135682614e-01,-0.000000000000000000e+00,-0.000000000000000000e+00,-0.000000000000000000e+00,-0.000000000000000000e+00,-0.000000000000000000e+00,-8.803655219613377714e-01,-0.000000000000000000e+00,-2.991382802429000745e-02,-0.000000000000000000e+00,1.020389528422530057e-01,0.000000000000000000e+00,0.000000000000000000e+00,-2.926797024961431681e-01,-0.000000000000000000e+00,3.557628348544231156e-01,-0.000000000000000000e+00,-0.000000000000000000e+00,-0.000000000000000000e+00,0.000000000000000000e+00
-7.427565047610947824e-01,2.786728711685392490e+00,-0.000000000000000000e+00,0.000000000000000000e+00,-2.879612173115863594e-01,-1.925936712780935145e-01,-3.567442698480393498e-02,0.000000000000000000e+00,-0.000000000000000000e+00,0.000000000000000000e+00,-0.000000000000000000e+00,2.538861406025227918e-01,0.000000000000000000e+00,-0.000000000000000000e+00,-0.000000000000000000e+00,-0.000000000000000000e+00,-0.000000000000000000e+00,-0.000000000000000000e+00,-0.000000000000000000e+00,0.000000000000000000e+00,-1.049365006804124367e-01,-0.000000000000000000e+00,-1.041921322414473550e-01,-0.000000000000000000e+00,-9.276277272970896715e-02,-3.990455961112373551e-01,-0.000000000000000000e+00,-5.139793877211554785e-01,-5.005875200337189801e-02,0.000000000000000000e+00,-0.000000000000000000e+00,0.000000000000000000e+00,-0.000000000000000000e+00,-0.000000000000000000e+00,1.862723551621732199e-01,0.000000000000000000e+00,-1.107535446646039645e-01,-6.029469225859745291e-02,-0.000000000000000000e+00
-0.000000000000000000e+00,-0.000000000000000000e+00,3.139819040321011556e+00,-7.771445512196679950e-02,-7.644894709027361124e-02,-0.000000000000000000e+00,-0.000000000000000000e+00,9.871457460565710162e-01,0.000000000000000000e+00,-0.000000000000000000e+00,0.000000000000000000e+00,-0.000000000000000000e+00,3.970911694058851249e-01,0.000000000000000000e+00,0.000000000000000000e+00,-0.000000000000000000e+00,0.000000000000000000e+00,0.000000000000000000e+00,-0.000000000000000000e+00,-0.000000000000000000e+00,-3.599377898460056624e-01,-6.760098194929177184e-01,-0.000000000000000000e+00,-0.000000000000000000e+00,-2.175134740920333376e-01,0.000000000000000000e+00,0.000000000000000000e+00,-1.557917753221296775e-01,-0.000000000000000000e+00,0.000000000000000000e+00,-4.219385521530127359e-01,-0.000000000000000000e+00,0.000000000000000000e+00,-0.000000000000000000e+00,0.000000000000000000e+00,0.000000000000000000e+00,-0.000000000000000000e+00,-0.000000000000000000e+00,-0.000000000000000000e+00
0.000000000000000000e+00,0.000000000000000000e+00,-7.771445512196679950e-02,1.209913920400916609e+00,-0.000000000000000000e+00,0.000000000000000000e+00,-0.000000000000000000e+00,0.000000000000000000e+00,0.000000000000000000e+00,-0.000000000000000000e+00,2.139059348324515858e-02,-0.000000000000000000e+00,1.660165100463897314e-01,0.000000000000000000e+00,7.690520840209184861e-02,-0.000000000000000000e+00,1.423190176047642351e-03,0.000000000000000000e+00,-0.000000000000000000e+00,-2.175422141713196506e-02,-0.000000000000000000e+00,-0.000000000000000000e+00,-0.000000000000000000e+00,-0.000000000000000000e+00,-0.000000000000000000e+00,0.000000000000000000e+00,-0.000000000000000000e+00,0.000000000000000000e+00,0.000000000000000000e+00,-2.791754554918246534e-01,-0.000000000000000000e+00,-0.000000000000000000e+00,1.520294652805920244e-01,-0.000000000000000000e+00,-0.000000000000000000e+00,-0.000000000000000000e+00,0.000000000000000000e+00,0.000000000000000000e+00,0.000000000000000000e+00
-3.822984916076467565e-02,-2.879612173115863594e-01,-7.644894709027361124e-02,-0.000000000000000000e+00,2.087271737779543557e+00,-0.000000000000000000e+00,-0.000000000000000000e+00,0.000000000000000000e+00,-0.000000000000000000e+00,-0.000000000000000000e+00,5.962067968635537812e-02,0.000000000000000000e+00,0.000000000000000000e+00,-0.000000000000000000e+00,-0.000000000000000000e+00,-2.850468434799783291e-01,0.000000000000000000e+00,-3.223472676378746210e-02,-6.007017606144071653e-01,0.000000000000000000e+00,-5.523094379536361981e-02,-4.071096494501212915e-01,-0.000000000000000000e+00,-0.000000000000000000e+00,-5.119912439066337008e-03,-5.262829450813705061e-03,-5.851632165470171260e-02,-0.000000000000000000e+00,-0.000000000000000000e+00,-0.000000000000000000e+00,-9.079304836567682335e-02,-0.000000000000000000e+00,0.000000000000000000e+00,-3.639550193637359210e-01,0.000000000000000000e+00,-0.000000000000000000e+00,-0.000000000000000000e+00,-0.000000000000000000e+00,-0.000000000000000000e+00
-0.000000000000000000e+00,-1.925936712780935145e-01,-0.000000000000000000e+00,0.000000000000000000e+00,-0.000000000000000000e+00,2.744561901992867536e+00,-0.000000000000000000e+00,0.000000000000000000e+00,0.000000000000000000e+00,-0.000000000000000000e+00,0.000000000000000000e+00,2.815566429859476041e-02,0.000000000000000000e+00,0.000000000000000000e+00,0.000000000000000000e+00,-0.000000000000000000e+00,-0.000000000000000000e+00,4.039564112005576517e-03,0.000000000000000000e+00,-0.000000000000000000e+00,-1.718715158946096389e-02,-0.000000000000000000e+00,-5.975402213031648646e-01,-7.150693311173627054e-01,-2.129742541214975082e-01,-0.000000000000000000e+00,3.467790287588105036e-01,-0.000000000000000000e+00,-1.848948898367805960e-01,0.000000000000000000e+00,-0.000000000000000000e+00,0.000000000000000000e+00,-0.000000000000000000e+00,0.000000000000000000e+00,0.000000000000000000e+00,3.456272375289418664e-01,-4.577413017645674542e-01,-2.522791576435889915e-01,-0.000000000000000000e+00
-2.425655749059141553e-01,-3.567442698480393498e-02,-0.000000000000000000e+00,-0.000000000000000000e+00,-0.000000000000000000e+00,-0.000000000000000000e+00,2.480693685339412369e+00,0.000000000000000000e+00,5.307970446767996953e-02,0.000000000000000000e+00,-0.000000000000000000e+00,4.025273444619847929e-01,0.000000000000000000e+00,-0.000000000000000000e+00,-0.000000000000000000e+00,-0.000000000000000000e+00,-0.000000000000000000e+00,-1.179146458764099153e-01,-5.176735368722338443e-02,5.929767140637202255e-02,-5.044986934752992980e-02,-3.819972790247279093e-01,-0.000000000000000000e+00,-0.000000000000000000e+00,-0.000000000000000000e+00,-3.163537088659330587e-01,-0.000000000000000000e+00,-5.189206421969255745e-01,-0.000000000000000000e+00,0.000000000000000000e+00,-0.000000000000000000e+00,-0.000000000000000000e+00,-0.000000000000000000e+00,0.000000000000000000e+00,3.814091327833556977e-01,0.000000000000000000e+00,-0.000000000000000000e+00,0.000000000000000000e+00,2.174407554133689358e-02
-0.000000000000000000e+00,0.000000000000000000e+00,9.871457460565710162e-01,0.000000000000000000e+00,0.000000000000000000e+00,0.000000000000000000e+00,0.000000000000000000e+00,3.086376900464232964e+00,-0.000000000000000000e+00,0.000000000000000000e+00,-0.000000000000000000e+00,0.000000000000000000e+00,-5.424468982016118490e-01,-3.351395837749820417e-01,-1.266422533492431168e-01,0.000000000000000000e+00,-0.000000000000000000e+00,-0.000000000000000000e+00,0.000000000000000000e+00,0.000000000000000000e+00,1.993116141475962111e-01,2.192735543522691261e-02,0.000000000000000000e+00,3.190660194841004604e-01,7.164695642920591856e-02,-0.000000000000000000e+00,-0.000000000000000000e+00,2.052853305665526540e-02,0.000000000000000000e+00,-0.000000000000000000e+00,7.939945749425008081e-01,0.000000000000000000e+00,-6.367016840269029698e-02,0.000000000000000000e+00,-0.000000000000000000e+00,-0.000000000000000000e+00,0.000000000000000000e+00,0.000000000000000000e+00,2.096593055508881587e-02
-0.000000000000000000e+00,-0.000000000000000000e+00,0.000000000000000000e+00,0.000000000000000000e+00,-0.000000000000000000e+00,0.000000000000000000e+00,5.307970446767996953e-02,-0.000000000000000000e+00,1.939128354618019356e+00,-1.779155238661021127e-02,7.830227216530524781e-02,-9.221291780077102429e-02,-0.000000000000000000e+00,-0.000000000000000000e+00,-3.142390585652987678e-01,-0.000000000000000000e+00,0.000000000000000000e+00,-0.000000000000000000e+00,-0.000000000000000000e+00,-0.000000000000000000e+00,0.000000000000000000e+00,0.000000000000000000e+00,0.000000000000000000e+00,0.000000000000000000e+00,-0.000000000000000000e+00,-0.000000000000000000e+00,-0.000000000000000000e+00,0.000000000000000000e+00,2.872595408774602718e-02,-0.000000000000000000e+00,0.000000000000000000e+00,1.487745872014105408e-02,0.000000000000000000e+00,-7.202745616778697402e-01,-1.865854752944688388e-01,-1.306798798029039921e-01,0.000000000000000000e+00,-4.988131388430896429e-01,-2.770099344236880978e-01
0.000000000000000000e+00,0.000000000000000000e+00,-0.000000000000000000e+00,-0.000000000000000000e+00,-0.000000000000000000e+00,-0.000000000000000000e+00,0.000000000000000000e+00,0.000000000000000000e+00,-1.779155238661021127e-02,2.041873726764391161e+00,3.040394635289273007e-01,-2.475829619362320266e-01,5.977511250134979331e-02,0.000000000000000000e+00,0.000000000000000000e+00,-6.165294339048412731e-01,0.000000000000000000e+00,0.000000000000000000e+00,-0.000000000000000000e+00,-8.826085275875391115e-03,-0.000000000000000000e+00,-0.000000000000000000e+00,-0.000000000000000000e+00,-0.000000000000000000e+00,-4.230009999359158335e-01,0.000000000000000000e+00,0.000000000000000000e+00,0.000000000000000000e+00,0.000000000000000000e+00,-2.747257265426526485e-01,-0.000000000000000000e+00,-0.000000000000000000e+00,0.000000000000000000e+00,-3.062968621747902756e-02,-0.000000000000000000e+00,-0.000000000000000000e+00,5.528548304280335619e-03,-0.000000000000000000e+00,-4.914476160948838546e-01
-0.000000000000000000e+00,-0.000000000000000000e+00,0.000000000000000000e+00,2.139059348324515858e-02,5.962067968635537812e-02,0.000000000000000000e+00,-0.000000000000000000e+00,-0.000000000000000000e+00,7.830227216530524781e-02,3.040394635289273007e-01,1.680025473655472501e+00,4.119873692962660455e-02,-1.481409765194789674e-01,-0.000000000000000000e+00,-0.000000000000000000e+00,0.000000000000000000e+00,-5.060960570149997118e-01,-0.000000000000000000e+00,0.000000000000000000e+00,0.000000000000000000e+00,0.000000000000000000e+00,0.000000000000000000e+00,0.000000000000000000e+00,0.000000000000000000e+00,0.000000000000000000e+00,-0.000000000000000000e+00,-0.000000000000000000e+00,-0.000000000000000000e+00,-6.593648932238205251e-02,3.155119463630319254e-01,1.532262561956821145e-01,0.000000000000000000e+00,-7.613361563609766236e-02,0.000000000000000000e+00,0.000000000000000000e+00,0.000000000000000000e+00,-0.000000000000000000e+00,0.000000000000000000e+00,1.296352297371200779e-01
5.869862111513839825e-02,2.538861406025227918e-01,-0.000000000000000000e+00,-0.000000000000000000e+00,0.000000000000000000e+00,2.815566429859476041e-02,4.025273444619847929e-01,0.000000000000000000e+00,-9.221291780077102429e-02,-2.475829619362320266e-01,4.119873692962660455e-02,2.115484859257724892e+00,0.000000000000000000e+00,0.000000000000000000e+00,-0.000000000000000000e+00,-0.000000000000000000e+00,0.000000000000000000e+00,0.000000000000000000e+00,-0.000000000000000000e+00,-0.000000000000000000e+00,0.000000000000000000e+00,0.000000000000000000e+00,0.000000000000000000e+00,0.000000000000000000e+00,0.000000000000000000e+00,7.619622947416947178e-02,0.000000000000000000e+00,5.000825195318421568e-02,1.002366033224361547e-01,-6.960894235984280143e-02,-0.000000000000000000e+00,-0.000000000000000000e+00,1.595635442154249573e-01,-6.289828389035098666e-02,-1.903365409415543053e-01,-0.000000000000000000e+00,5.019404598709893417e-01,0.000000000000000000e+00,-1.473662055655618197e-01
-0.000000000000000000e+00,0.000000000000000000e+00,3.970911694058851249e-01,1.660165100463897314e-01,0.000000000000000000e+00,0.000000000000000000e+00,0.000000000000000000e+00,-5.424468982016118490e-01,-0.000000000000000000e+00,5.977511250134979331e-02,-1.481409765194789674e-01,0.000000000000000000e+00,2.577531085929785526e+00,-1.653563145774579945e-03,-0.000000000000000000e+00,0.000000000000000000e+00,-0.000000000000000000e+00,-0.000000000000000000e+00,0.000000000000000000e+00,0.000000000000000000e+00,0.000000000000000000e+00,3.079955415609676728e-02,0.000000000000000000e+00,0.000000000000000000e+00,0.000000000000000000e+00,-0.000000000000000000e+00,-0.000000000000000000e+00,0.000000000000000000e+00,0.000000000000000000e+00,0.000000000000000000e+00,9.124602341251489834e-01,1.533026002387622155e-01,-4.039884210795713360e-01,0.000000000000000000e+00,-0.000000000000000000e+00,-0.000000000000000000e+00,-0.000000000000000000e+00,0.000000000000000000e+00,8.779507465861949300e-02
-1.573185385683297799e-01,-0.000000000000000000e+00,0.000000000000000000e+00,0.000000000000000000e+00,-0.000000000000000000e+00,0.000000000000000000e+00,-0.000000000000000000e+00,-3.351395837749820417e-01,-0.000000000000000000e+00,0.000000000000000000e+00,-0.000000000000000000e+00,0.000000000000000000e+00,-1.653563145774579945e-03,2.481980007645438580e+00,-5.562508972718172018e-02,-0.000000000000000000e+00,-0.000000000000000000e+00,-1.043987676158870531e-01,-0.000000000000000000e+00,3.773672828976511462e-01,0.000000000000000000e+00,-0.000000000000000000e+00,0.000000000000000000e+00,0.000000000000000000e+00,0.000000000000000000e+00,-8.215940469291524995e-01,-6.450147237904831909e-01,-0.000000000000000000e+00,-0.000000000000000000e+00,0.000000000000000000e+00,0.000000000000000000e+00,0.000000000000000000e+00,-1.301789959342361802e-01,-0.000000000000000000e+00,0.000000000000000000e+00,-7.006289070594023949e-02,0.000000000000000000e+00,0.000000000000000000e+00,0.000000000000000000e+00
-8.397008705850586563e-02,-0.000000000000000000e+00,0.000000000000000000e+00,7.690520840209184861e-02,-0.000000000000000000e+00,0.000000000000000000e+00,-0.000000000000000000e+00,-1.266422533492431168e-01,-3.142390585652987678e-01,0.000000000000000000e+00,-0.000000000000000000e+00,-0.000000000000000000e+00,-0.000000000000000000e+00,-5.562508972718172018e-02,1.906933274540338674e+00,-0.000000000000000000e+00,-0.000000000000000000e+00,-5.049246175819998017e-01,-2.381930310676703411e-01,4.617931270065166183e-02,-0.000000000000000000e+00,-0.000000000000000000e+00,0.000000000000000000e+00,2.117525215380221815e-01,0.000000000000000000e+00,-0.000000000000000000e+00,-0.000000000000000000e+00,0.000000000000000000e+00,0.000000000000000000e+00,0.000000000000000000e+00,2.729534049581924457e-02,1.187396515006085562e-01,-0.000000000000000000e+00,-2.048442703071177984e-01,-0.000000000000000000e+00,-3.133422746333068831e-01,0.000000000000000000e+00,-0.000000000000000000e+00,0.000000000000000000e+00
-1.179954716428280618e-03,-0.000000000000000000e+00,-0.000000000000000000e+00,-0.000000000000000000e+00,-2.850468434799783291e-01,-0.000000000000000000e+00,-0.000000000000000000e+00,0.000000000000000000e+00,-0.000000000000000000e+00,-6.165294339048412731e-01,0.000000000000000000e+00,-0.000000000000000000e+00,0.000000000000000000e+00,-0.000000000000000000e+00,-0.000000000000000000e+00,1.687026357017752609e+00,0.000000000000000000e+00,-0.000000000000000000e+00,-0.000000000000000000e+00,0.000000000000000000e+00,-2.322747525689650427e-01,-0.000000000000000000e+00,-2.913603478165509020e-01,-0.000000000000000000e+00,-1.135131951662490118e-01,-0.000000000000000000e+00,0.000000000000000000e+00,-0.000000000000000000e+00,-0.000000000000000000e+00,0.000000000000000000e+00,-0.000000000000000000e+00,0.000000000000000000e+00,-0.000000000000000000e+00,-0.000000000000000000e+00,0.000000000000000000e+00,-1.405772632044671906e-02,-0.000000000000000000e+00,-0.000000000000000000e+00,-2.410623031419869416e-02
-0.000000000000000000e+00,-0.000000000000000000e+00,0.000000000000000000e+00,1.423190176047642351e-03,0.000000000000000000e+00,-0.000000000000000000e+00,-0.000000000000000000e+00,-0.000000000000000000e+00,0.000000000000000000e+00,0.000000000000000000e+00,-5.060960570149997118e-01,0.000000000000000000e+00,-0.000000000000000000e+00,-0.000000000000000000e+00,-0.000000000000000000e+00,0.000000000000000000e+00,1.231919223379290829e+00,0.000000000000000000e+00,0.000000000000000000e+00,0.000000000000000000e+00,0.000000000000000000e+00,0.000000000000000000e+00,-0.000000000000000000e+00,0.000000000000000000e+00,0.000000000000000000e+00,-0.000000000000000000e+00,0.000000000000000000e+00,0.000000000000000000e+00,-0.000000000000000000e+00,0.000000000000000000e+00,6.456390787480981164e-02,0.000000000000000000e+00,-1.624917701099603401e-02,0.000000000000000000e+00,0.000000000000000000e+00,0.000000000000000000e+00,-0.000000000000000000e+00,0.000000000000000000e+00,0.000000000000000000e+00
-1.510885960027817942e-01,-0.000000000000000000e+00,0.000000000000000000e+00,0.000000000000000000e+00,-3.223472676378746210e-02,4.039564112005576517e-03,-1.179146458764099153e-01,-0.000000000000000000e+00,-0.000000000000000000e+00,0.000000000000000000e+00,-0.000000000000000000e+00,0.000000000000000000e+00,-0.000000000000000000e+00,-1.043987676158870531e-01,-5.049246175819998017e-01,-0.000000000000000000e+00,0.000000000000000000e+00,3.144768410778012058e+00,-9.982721425649196956e-01,8.150184128099218217e-01,-0.000000000000000000e+00,-0.000000000000000000e+00,0.000000000000000000e+00,0.000000000000000000e+00,0.000000000000000000e+00,-1.107674014156988795e-01,-5.482612164548993361e-01,-0.000000000000000000e+00,0.000000000000000000e+00,0.000000000000000000e+00,0.000000000000000000e+00,-0.000000000000000000e+00,-0.000000000000000000e+00,-0.000000000000000000e+00,0.000000000000000000e+00,-5.943586592996456114e-02,0.000000000000000000e+00,0.000000000000000000e+00,0.000000000000000000e+00
-1.284966686749595445e-02,-0.000000000000000000e+00,-0.000000000000000000e+00,-0.000000000000000000e+00,-6.007017606144071653e-01,0.000000000000000000e+00,-5.176735368722338443e-02,0.000000000000000000e+00,-0.000000000000000000e+00,-0.000000000000000000e+00,0.000000000000000000e+00,-0.000000000000000000e+00,0.000000000000000000e+00,-0.000000000000000000e+00,-2.381930310676703411e-01,-0.000000000000000000e+00,0.000000000000000000e+00,-9.982721425649196956e-01,2.786892241309645968e+00,0.000000000000000000e+00,-0.000000000000000000e+00,-3.394239494529457946e-01,0.000000000000000000e+00,0.000000000000000000e+00,-0.000000000000000000e+00,-1.838101870054434095e-01,-3.098305056684254599e-01,-0.000000000000000000e+00,0.000000000000000000e+00,0.000000000000000000e+00,-0.000000000000000000e+00,-0.000000000000000000e+00,-0.000000000000000000e+00,-3.780043704222409429e-01,0.000000000000000000e+00,-7.152249930460789773e-02,0.000000000000000000e+00,-0.000000000000000000e+00,0.000000000000000000e+00
3.110567716135682614e-01,0.000000000000000000e+00,-0.000000000000000000e+00,-2.175422141713196506e-02,0.000000000000000000e+00,-0.000000000000000000e+00,5.929767140637202255e-02,0.000000000000000000e+00,-0.000000000000000000e+00,-8.826085275875391115e-03,0.000000000000000000e+00,-0.000000000000000000e+00,0.000000000000000000e+00,3.773672828976511462e-01,4.617931270065166183e-02,0.000000000000000000e+00,0.000000000000000000e+00,8.150184128099218217e-01,0.000000000000000000e+00,2.558119407429953807e+00,0.000000000000000000e+00,0.000000000000000000e+00,-0.000000000000000000e+00,-0.000000000000000000e+00,-0.000000000000000000e+00,1.914251149837803700e-01,1.570769569177117020e-01,0.000000000000000000e+00,0.000000000000000000e+00,-1.396950330812888885e-01,-0.000000000000000000e+00,-0.000000000000000000e+00,5.073813498845697323e-01,0.000000000000000000e+00,-0.000000000000000000e+00,0.000000000000000000e+00,0.000000000000000000e+00,-0.000000000000000000e+00,-2.964590789959750325e-02
-0.000000000000000000e+00,-1.049365006804124367e-01,-3.599377898460056624e-01,-0.000000000000000000e+00,-5.523094379536361981e-02,-1.718715158946096389e-02,-5.044986934752992980e-02,1.993116141475962111e-01,0.000000000000000000e+00,-0.000000000000000000e+00,0.000000000000000000e+00,0.000000000000000000e+00,0.000000000000000000e+00,0.000000000000000000e+00,-0.000000000000000000e+00,-2.322747525689650427e-01,0.000000000000000000e+00,-0.000000000000000000e+00,-0.000000000000000000e+00,0.000000000000000000e+00,2.315353484753022162e+00,-5.336729917563000081e-01,-5.816905913718934534e-02,-3.912445986240868645e-02,-2.697573535786281212e-03,-0.000000000000000000e+00,0.000000000000000000e+00,-5.709188803275204727e-01,-9.312022701519317991e-02,0.000000000000000000e+00,-0.000000000000000000e+00,0.000000000000000000e+00,-0.000000000000000000e+00,-0.000000000000000000e+00,0.000000000000000000e+00,0.000000000000000000e+00,-2.240016110193485122e-02,-0.000000000000000000e+00,-0.000000000000000000e+00
-0.000000000000000000e+00,-0.000000000000000000e+00,-6.760098194929177184e-01,-0.000000000000000000e+00,-4.071096494501212915e-01,-0.000000000000000000e+00,-3.819972790247279093e-01,2.192735543522691261e-02,0.000000000000000000e+00,-0.000000000000000000e+00,0.000000000000000000e+00,0.000000000000000000e+00,3.079955415609676728e-02,-0.000000000000000000e+00,-0.000000000000000000e+00,-0.000000000000000000e+00,0.000000000000000000e+00,-0.000000000000000000e+00,-3.394239494529457946e-01,0.000000000000000000e+00,-5.336729917563000081e-01,2.702300919705966198e+00,-0.000000000000000000e+00,-0.000000000000000000e+00,-0.000000000000000000e+00,-0.000000000000000000e+00,-0.000000000000000000e+00,-2.778877219432284162e-01,-0.000000000000000000e+00,0.000000000000000000e+00,-3.037505807259943680e-01,-0.000000000000000000e+00,0.000000000000000000e+00,-0.000000000000000000e+00,0.000000000000000000e+00,-0.000000000000000000e+00,-0.000000000000000000e+00,0.000000000000000000e+00,-0.000000000000000000e+00
-0.000000000000000000e+00,-1.041921322414473550e-01,-0.000000000000000000e+00,-0.000000000000000000e+00,-0.000000000000000000e+00,-5.975402213031648646e-01,-0.000000000000000000e+00,0.000000000000000000e+00,0.000000000000000000e+00,-0.000000000000000000e+00,0.000000000000000000e+00,0.000000000000000000e+00,0.000000000000000000e+00,0.000000000000000000e+00,0.000000000000000000e+00,-2.913603478165509020e-01,-0.000000000000000000e+00,0.000000000000000000e+00,0.000000000000000000e+00,-0.000000000000000000e+00,-5.816905913718934534e-02,-0.000000000000000000e+00,2.852523334461651849e+00,-8.951433528201240275e-01,-7.678654346437822076e-01,-0.000000000000000000e+00,0.000000000000000000e+00,-0.000000000000000000e+00,-0.000000000000000000e+00,-0.000000000000000000e+00,-0.000000000000000000e+00,-0.000000000000000000e+00,-0.000000000000000000e+00,0.000000000000000000e+00,1.923299846882700892e-01,0.000000000000000000e+00,-0.000000000000000000e+00,-0.000000000000000000e+00,-0.000000000000000000e+00
-0.000000000000000000e+00,-0.000000000000000000e+00,-0.000000000000000000e+00,-0.000000000000000000e+00,-0.000000000000000000e+00,-7.150693311173627054e-01,-0.000000000000000000e+00,3.190660194841004604e-01,0.000000000000000000e+00,-0.000000000000000000e+00,0.000000000000000000e+00,0.000000000000000000e+00,0.000000000000000000e+00,0.000000000000000000e+00,2.117525215380221815e-01,-0.000000000000000000e+00,0.000000000000000000e+00,0.000000000000000000e+00,0.000000000000000000e+00,-0.000000000000000000e+00,-3.912445986240868645e-02,-0.000000000000000000e+00,-8.951433528201240275e-01,3.169889727132391144e+00,-4.054338889814637636e-01,-0.000000000000000000e+00,0.000000000000000000e+00,-3.385162774803249230e-01,-1.237407590741343849e-01,0.000000000000000000e+00,-3.451970164358563603e-02,-0.000000000000000000e+00,-0.000000000000000000e+00,0.000000000000000000e+00,1.098379768709965981e-01,3.271841506988980575e-01,-1.224650772096567003e-01,-0.000000000000000000e+00,-0.000000000000000000e+00
-0.000000000000000000e+00,-9.276277272970896715e-02,-2.175134740920333376e-01,-0.000000000000000000e+00,-5.119912439066337008e-03,-2.129742541214975082e-01,-0.000000000000000000e+00,7.164695642920591856e-02,-0.000000000000000000e+00,-4.230009999359158335e-01,0.000000000000000000e+00,0.000000000000000000e+00,0.000000000000000000e+00,0.000000000000000000e+00,0.000000000000000000e+00,-1.135131951662490118e-01,0.000000000000000000e+00,0.000000000000000000e+00,-0.000000000000000000e+00,-0.000000000000000000e+00,-2.697573535786281212e-03,-0.000000000000000000e+00,-7.678654346437822076e-01,-4.054338889814637636e-01,2.468958899341932689e+00,-0.000000000000000000e+00,0.000000000000000000e+00,-0.000000000000000000e+00,-0.000000000000000000e+00,-0.000000000000000000e+00,-2.017779699793391668e-01,-0.000000000000000000e+00,0.000000000000000000e+00,-0.000000000000000000e+00,0.000000000000000000e+00,0.000000000000000000e+00,-0.000000000000000000e+00,-1.980413158523467998e-01,-0.000000000000000000e+00
-8.803655219613377714e-01,-3.990455961112373551e-01,0.000000000000000000e+00,0.000000000000000000e+00,-5.262829450813705061e-03,-0.000000000000000000e+00,-3.163537088659330587e-01,-0.000000000000000000e+00,-0.000000000000000000e+00,0.000000000000000000e+00,-0.000000000000000000e+00,7.619622947416947178e-02,-0.000000000000000000e+00,-8.215940469291524995e-01,-0.000000000000000000e+00,-0.000000000000000000e+00,-0.000000000000000000e+00,-1.107674014156988795e-01,-1.838101870054434095e-01,1.914251149837803700e-01,-0.000000000000000000e+00,-0.000000000000000000e+00,-0.000000000000000000e+00,-0.000000000000000000e+00,-0.000000000000000000e+00,3.108306520427372099e+00,-7.661804215275502816e-02,-0.000000000000000000e+00,-0.000000000000000000e+00,0.000000000000000000e+00,0.000000000000000000e+00,0.000000000000000000e+00,-1.028486125323185563e-01,-0.000000000000000000e+00,1.704788185306936321e-01,-0.000000000000000000e+00,-0.000000000000000000e+00,-0.000000000000000000e+00,0.000000000000000000e+00
-0.000000000000000000e+00,-0.000000000000000000e+00,0.000000000000000000e+00,-0.000000000000000000e+00,-5.851632165470171260e-02,3.467790287588105036e-01,-0.000000000000000000e+00,-0.000000000000000000e+00,-0.000000000000000000e+00,0.000000000000000000e+00,-0.000000000000000000e+00,0.000000000000000000e+00,-0.000000000000000000e+00,-6.450147237904831909e-01,-0.000000000000000000e+00,0.000000000000000000e+00,0.000000000000000000e+00,-5.482612164548993361e-01,-3.098305056684254599e-01,1.570769569177117020e-01,0.000000000000000000e+00,-0.000000000000000000e+00,0.000000000000000000e+00,0.000000000000000000e+00,0.000000000000000000e+00,-7.661804215275502816e-02,2.220745683635770185e+00,-0.000000000000000000e+00,0.000000000000000000e+00,-0.000000000000000000e+00,0.000000000000000000e+00,-0.000000000000000000e+00,-0.000000000000000000e+00,-0.000000000000000000e+00,0.000000000000000000e+00,-5.999111142977005262e-02,0.000000000000000000e+00,0.000000000000000000e+00,3.087764365764214536e-01
-2.991382802429000745e-02,-5.139793877211554785e-01,-1.557917753221296775e-01,0.000000000000000000e+00,-0.000000000000000000e+00,-0.000000000000000000e+00,-5.189206421969255745e-01,2.052853305665526540e-02,0.000000000000000000e+00,0.000000000000000000e+00,-0.000000000000000000e+00,5.000825195318421568e-02,0.000000000000000000e+00,-0.000000000000000000e+00,0.000000000000000000e+00,-0.000000000000000000e+00,0.000000000000000000e+00,-0.000000000000000000e+00,-0.000000000000000000e+00,0.000000000000000000e+00,-5.709188803275204727e-01,-2.778877219432284162e-01,-0.000000000000000000e+00,-3.385162774803249230e-01,-0.000000000000000000e+00,-0.000000000000000000e+00,-0.000000000000000000e+00,3.082787032073882827e+00,-3.679310053841215455e-01,0.000000000000000000e+00,-2.952425317588936587e-02,-0.000000000000000000e+00,-0.000000000000000000e+00,0.000000000000000000e+00,5.465650288372448928e-01,0.000000000000000000e+00,-0.000000000000000000e+00,-0.000000000000000000e+00,0.000000000000000000e+00
-0.000000000000000000e+00,-5.005875200337189801e-02,-0.000000000000000000e+00,0.000000000000000000e+00,-0.000000000000000000e+00,-1.848948898367805960e-01,-0.000000000000000000e+00,0.000000000000000000e+00,2.872595408774602718e-02,0.000000000000000000e+00,-6.593648932238205251e-02,1.002366033224361547e-01,0.000000000000000000e+00,-0.000000000000000000e+00,0.000000000000000000e+00,-0.000000000000000000e+00,-0.000000000000000000e+00,0.000000000000000000e+00,0.000000000000000000e+00,0.000000000000000000e+00,-9.312022701519317991e-02,-0.000000000000000000e+00,-0.000000000000000000e+00,-1.237407590741343849e-01,-0.000000000000000000e+00,-0.000000000000000000e+00,0.000000000000000000e+00,-3.679310053841215455e-01,2.100485092327574410e+00,2.516893385287834461e-01,-0.000000000000000000e+00,-0.000000000000000000e+00,-1.129036892961829130e-01,0.000000000000000000e+00,2.194032835634904602e-02,7.453251537152420780e-02,-7.082681273050097648e-01,-0.000000000000000000e+00,0.000000000000000000e+00
1.020389528422530057e-01,0.000000000000000000e+00,0.000000000000000000e+00,-2.791754554918246534e-01,-0.000000000000000000e+00,0.000000000000000000e+00,0.000000000000000000e+00,-0.000000000000000000e+00,-0.000000000000000000e+00,-2.747257265426526485e-01,3.155119463630319254e-01,-6.960894235984280143e-02,0.000000000000000000e+00,0.000000000000000000e+00,0.000000000000000000e+00,0.000000000000000000e+00,0.000000000000000000e+00,0.000000000000000000e+00,0.000000000000000000e+00,-1.396950330812888885e-01,0.000000000000000000e+00,0.000000000000000000e+00,-0.000000000000000000e+00,0.000000000000000000e+00,-0.000000000000000000e+00,0.000000000000000000e+00,-0.000000000000000000e+00,0.000000000000000000e+00,2.516893385287834461e-01,1.635554381494239262e+00,-0.000000000000000000e+00,-0.000000000000000000e+00,7.580112097560504775e-03,-0.000000000000000000e+00,-0.000000000000000000e+00,-0.000000000000000000e+00,2.946770493373173094e-01,0.000000000000000000e+00,0.000000000000000000e+00
0.000000000000000000e+00,-0.000000000000000000e+00,-4.219385521530127359e-01,-0.000000000000000000e+00,-9.079304836567682335e-02,-0.000000000000000000e+00,-0.000000000000000000e+00,7.939945749425008081e-01,0.000000000000000000e+00,-0.000000000000000000e+00,1.532262561956821145e-01,-0.000000000000000000e+00,9.124602341251489834e-01,0.000000000000000000e+00,2.729534049581924457e-02,-0.000000000000000000e+00,6.456390787480981164e-02,0.000000000000000000e+00,-0.000000000000000000e+00,-0.000000000000000000e+00,-0.000000000000000000e+00,-3.037505807259943680e-01,-0.000000000000000000e+00,-3.451970164358563603e-02,-2.017779699793391668e-01,0.000000000000000000e+00,0.000000000000000000e+00,-2.952425317588936587e-02,-0.000000000000000000e+00,-0.000000000000000000e+00,2.988467708559409797e+00,-2.953736931150424683e-01,0.000000000000000000e+00,-0.000000000000000000e+00,0.000000000000000000e+00,0.000000000000000000e+00,0.000000000000000000e+00,-0.000000000000000000e+00,-0.000000000000000000e+00
0.000000000000000000e+00,0.000000000000000000e+00,-0.000000000000000000e+00,-0.000000000000000000e+00,-0.000000000000000000e+00,0.000000000000000000e+00,-0.000000000000000000e+00,0.000000000000000000e+00,1.487745872014105408e-02,-0.000000000000000000e+00,0.000000000000000000e+00,-0.000000000000000000e+00,1.533026002387622155e-01,0.000000000000000000e+00,1.187396515006085562e-01,0.000000000000000000e+00,0.000000000000000000e+00,-0.000000000000000000e+00,-0.000000000000000000e+00,-0.000000000000000000e+00,0.000000000000000000e+00,-0.000000000000000000e+00,-0.000000000000000000e+00,-0.000000000000000000e+00,-0.000000000000000000e+00,0.000000000000000000e+00,-0.000000000000000000e+00,-0.000000000000000000e+00,-0.000000000000000000e+00,-0.000000000000000000e+00,-2.953736931150424683e-01,1.219400251708691263e+00,0.000000000000000000e+00,0.000000000000000000e+00,9.071929678897981686e-02,0.000000000000000000e+00,0.000000000000000000e+00,2.315869123305666355e-01,-0.000000000000000000e+00
-2.926797024961431681e-01,-0.000000000000000000e+00,0.000000000000000000e+00,1.520294652805920244e-01,0.000000000000000000e+00,-0.000000000000000000e+00,-0.000000000000000000e+00,-6.367016840269029698e-02,0.000000000000000000e+00,0.000000000000000000e+00,-7.613361563609766236e-02,1.595635442154249573e-01,-4.039884210795713360e-01,-1.301789959342361802e-01,-0.000000000000000000e+00,-0.000000000000000000e+00,-1.624917701099603401e-02,-0.000000000000000000e+00,-0.000000000000000000e+00,5.073813498845697323e-01,-0.000000000000000000e+00,0.000000000000000000e+00,-0.000000000000000000e+00,-0.000000000000000000e+00,0.000000000000000000e+00,-1.028486125323185563e-01,-0.000000000000000000e+00,-0.000000000000000000e+00,-1.129036892961829130e-01,7.580112097560504775e-03,0.000000000000000000e+00,0.000000000000000000e+00,1.953310361085865088e+00,0.000000000000000000e+00,0.000000000000000000e+00,0.000000000000000000e+00,-2.386734731366069173e-01,0.000000000000000000e+00,1.866821581688753173e-02
-0.000000000000000000e+00,-0.000000000000000000e+00,-0.000000000000000000e+00,-0.000000000000000000e+00,-3.639550193637359210e-01,0.000000000000000000e+00,0.000000000000000000e+00,0.000000000000000000e+00,-7.202745616778697402e-01,-3.062968621747902756e-02,0.000000000000000000e+00,-6.289828389035098666e-02,0.000000000000000000e+00,-0.000000000000000000e+00,-2.048442703071177984e-01,-0.000000000000000000e+00,0.000000000000000000e+00,-0.000000000000000000e+00,-3.780043704222409429e-01,0.000000000000000000e+00,-0.000000000000000000e+00,-0.000000000000000000e+00,0.000000000000000000e+00,0.000000000000000000e+00,-0.000000000000000000e+00,-0.000000000000000000e+00,-0.000000000000000000e+00,0.000000000000000000e+00,0.000000000000000000e+00,-0.000000000000000000e+00,-0.000000000000000000e+00,0.000000000000000000e+00,0.000000000000000000e+00,1.953519079260079394e+00,-0.000000000000000000e+00,-2.969441140320246419e-01,1.250731734411904272e-01,-0.000000000000000000e+00,-0.000000000000000000e+00
3.557628348544231156e-01,1.862723551621732199e-01,0.000000000000000000e+00,-0.000000000000000000e+00,0.000000000000000000e+00,0.000000000000000000e+00,3.814091327833556977e-01,-0.000000000000000000e+00,-1.865854752944688388e-01,-0.000000000000000000e+00,0.000000000000000000e+00,-1.903365409415543053e-01,-0.000000000000000000e+00,0.000000000000000000e+00,-0.000000000000000000e+00,0.000000000000000000e+00,0.000000000000000000e+00,0.000000000000000000e+00,0.000000000000000000e+00,-0.000000000000000000e+00,0.000000000000000000e+00,0.000000000000000000e+00,1.923299846882700892e-01,1.098379768709965981e-01,0.000000000000000000e+00,1.704788185306936321e-01,0.000000000000000000e+00,5.465650288372448928e-01,2.194032835634904602e-02,-0.000000000000000000e+00,0.000000000000000000e+00,9.071929678897981686e-02,0.000000000000000000e+00,-0.000000000000000000e+00,2.284503041791962730e+00,-0.000000000000000000e+00,0.000000000000000000e+00,-0.000000000000000000e+00,-0.000000000000000000e+00
-0.000000000000000000e+00,0.000000000000000000e+00,0.000000000000000000e+00,-0.000000000000000000e+00,-0.000000000000000000e+00,3.456272375289418664e-01,0.000000000000000000e+00,-0.000000000000000000e+00,-1.306798798029039921e-01,-0.000000000000000000e+00,0.000000000000000000e+00,-0.000000000000000000e+00,-0.000000000000000000e+00,-7.006289070594023949e-02,-3.133422746333068831e-01,-1.405772632044671906e-02,0.000000000000000000e+00,-5.943586592996456114e-02,-7.152249930460789773e-02,0.000000000000000000e+00,0.000000000000000000e+00,-0.000000000000000000e+00,0.000000000000000000e+00,3.271841506988980575e-01,0.000000000000000000e+00,-0.000000000000000000e+00,-5.999111142977005262e-02,0.000000000000000000e+00,7.453251537152420780e-02,-0.000000000000000000e+00,0.000000000000000000e+00,0.000000000000000000e+00,0.000000000000000000e+00,-2.969441140320246419e-01,-0.000000000000000000e+00,1.780575153116335629e+00,2.036457285173595977e-01,0.000000000000000000e+00,0.000000000000000000e+00
-0.000000000000000000e+00,-1.107535446646039645e-01,-0.000000000000000000e+00,0.000000000000000000e+00,-0.000000000000000000e+00,-4.577413017645674542e-01,-0.000000000000000000e+00,0.000000000000000000e+00,0.000000000000000000e+00,5.528548304280335619e-03,-0.000000000000000000e+00,5.019404598709893417e-01,-0.000000000000000000e+00,0.000000000000000000e+00,0.000000000000000000e+00,-0.000000000000000000e+00,-0.000000000000000000e+00,0.000000000000000000e+00,0.000000000000000000e+00,0.000000000000000000e+00,-2.240016110193485122e-02,-0.000000000000000000e+00,-0.000000000000000000e+00,-1.224650772096567003e-01,-0.000000000000000000e+00,-0.000000000000000000e+00,0.000000000000000000e+00,-0.000000000000000000e+00,-7.082681273050097648e-01,2.946770493373173094e-01,0.000000000000000000e+00,0.000000000000000000e+00,-2.386734731366069173e-01,1.250731734411904272e-01,0.000000000000000000e+00,2.036457285173595977e-01,2.415832299532821192e+00,-0.000000000000000000e+00,0.000000000000000000e+00
-0.000000000000000000e+00,-6.029469225859745291e-02,-0.000000000000000000e+00,0.000000000000000000e+00,-0.000000000000000000e+00,-2.522791576435889915e-01,0.000000000000000000e+00,0.000000000000000000e+00,-4.988131388430896429e-01,-0.000000000000000000e+00,0.000000000000000000e+00,0.000000000000000000e+00,0.000000000000000000e+00,0.000000000000000000e+00,-0.000000000000000000e+00,-0.000000000000000000e+00,0.000000000000000000e+00,0.000000000000000000e+00,-0.000000000000000000e+00,-0.000000000000000000e+00,-0.000000000000000000e+00,0.000000000000000000e+00,-0.000000000000000000e+00,-0.000000000000000000e+00,-1.980413158523467998e-01,-0.000000000000000000e+00,0.000000000000000000e+00,-0.000000000000000000e+00,-0.000000000000000000e+00,0.000000000000000000e+00,-0.000000000000000000e+00,2.315869123305666355e-01,0.000000000000000000e+00,-0.000000000000000000e+00,-0.000000000000000000e+00,0.000000000000000000e+00,-0.000000000000000000e+00,1.487041399247653883e+00,-3.328466290493117263e-01
0.000000000000000000e+00,-0.000000000000000000e+00,-0.000000000000000000e+00,0.000000000000000000e+00,-0.000000000000000000e+00,-0.000000000000000000e+00,2.174407554133689358e-02,2.096593055508881587e-02,-2.770099344236880978e-01,-4.914476160948838546e-01,1.296352297371200779e-01,-1.473662055655618197e-01,8.779507465861949300e-02,0.000000000000000000e+00,0.000000000000000000e+00,-2.410623031419869416e-02,0.000000000000000000e+00,0.000000000000000000e+00,0.000000000000000000e+00,-2.964590789959750325e-02,-0.000000000000000000e+00,-0.000000000000000000e+00,-0.000000000000000000e+00,-0.000000000000000000e+00,-0.000000000000000000e+00,0.000000000000000000e+00,3.087764365764214536e-01,0.000000000000000000e+00,0.000000000000000000e+00,0.000000000000000000e+00,-0.000000000000000000e+00,-0.000000000000000000e+00,1.866821581688753173e-02,-0.000000000000000000e+00,-0.000000000000000000e+00,0.000000000000000000e+00,0.000000000000000000e+00,-3.328466290493117263e-01,1.687927247937559994e+00
