1.914316457636928703e+00,0.000000000000000000e+00,-0.000000000000000000e+00,-0.000000000000000000e+00,-0.000000000000000000e+00,0.000000000000000000e+00,-6.004403451304456824e-02,0.000000000000000000e+00,-0.000000000000000000e+00,0.000000000000000000e+00,-0.000000000000000000e+00,0.000000000000000000e+00,2.222611698968173649e-02,-0.000000000000000000e+00,-0.000000000000000000e+00,-0.000000000000000000e+00,-3.315072308669309020e-02,0.000000000000000000e+00,0.000000000000000000e+00,0.000000000000000000e+00,0.000000000000000000e+00,6.683345233401705165e-02,-0.000000000000000000e+00,-0.000000000000000000e+00,-0.000000000000000000e+00,-4.406534278728451159e-01,0.000000000000000000e+00,-0.000000000000000000e+00,-5.286324644432008890e-01,-0.000000000000000000e+00,-1.927652585200909652e-01,0.000000000000000000e+00,0.000000000000000000e+00,-0.000000000000000000e+00,-1.106526906122083792e-01,0.000000000000000000e+00,0.000000000000000000e+00,-6.443756497283208429e-01,0.000000000000000000e+00
0.000000000000000000e+00,2.674361625667392772e+00,-3.838857962588272665e-02,-0.000000000000000000e+00,-0.000000000000000000e+00,-0.000000000000000000e+00,1.439959847321571063e-01,0.000000000000000000e+00,-0.000000000000000000e+00,-1.421735311189046003e-01,0.000000000000000000e+00,-1.947091428833908344e-01,0.000000000000000000e+00,-0.000000000000000000e+00,0.000000000000000000e+00,-2.026785885202360138e-01,0.000000000000000000e+00,0.000000000000000000e+00,-0.000000000000000000e+00,0.000000000000000000e+00,-0.000000000000000000e+00,-7.474671678847152889e-02,-2.510813271224049403e-01,-0.000000000000000000e+00,-0.000000000000000000e+00,0.000000000000000000e+00,-6.556069822821523896e-02,-0.000000000000000000e+00,0.000000000000000000e+00,-3.265973725820458529e-01,-0.000000000000000000e+00,-1.706417497906277392e-01,-0.000000000000000000e+00,-0.000000000000000000e+00,0.000000000000000000e+00,0.000000000000000000e+00,-7.406866030175670579e-01,0.000000000000000000e+00,-7.233761952448051202e-01
-0.000000000000000000e+00,-3.838857962588272665e-02,2.685280006688647525e+00,-0.000000000000000000e+00,-0.000000000000000000e+00,0.000000000000000000e+00,0.000000000000000000e+00,1.471987750360589153e+00,-0.000000000000000000e+00,-0.000000000000000000e+00,-0.000000000000000000e+00,-0.000000000000000000e+00,0.000000000000000000e+00,-2.098635913799553332e-01,0.000000000000000000e+00,-0.000000000000000000e+00,0.000000000000000000e+00,-4.605000650197943468e-02,-0.000000000000000000e+00,3.140097307603340483e-03,-0.000000000000000000e+00,-0.000000000000000000e+00,-0.000000000000000000e+00,-0.000000000000000000e+00,0.000000000000000000e+00,-0.000000000000000000e+00,-5.423740162168092516e-01,-0.000000000000000000e+00,0.000000000000000000e+00,-0.000000000000000000e+00,-2.180375139611610558e-01,-0.000000000000000000e+00,-1.909000726088825040e-01,0.000000000000000000e+00,-0.000000000000000000e+00,-4.352295013217317293e-02,-3.765655615277001961e-02,0.000000000000000000e+00,-0.000000000000000000e+00
-0.000000000000000000e+00,-0.000000000000000000e+00,-0.000000000000000000e+00,1.113507297541229679e+00,-0.000000000000000000e+00,-0.000000000000000000e+00,-8.629058746625406506e-02,0.000000000000000000e+00,0.000000000000000000e+00,0.000000000000000000e+00,-9.868298801749751659e-02,-0.000000000000000000e+00,0.000000000000000000e+00,-0.000000000000000000e+00,0.000000000000000000e+00,0.000000000000000000e+00,-0.000000000000000000e+00,0.000000000000000000e+00,0.000000000000000000e+00,0.000000000000000000e+00,-0.000000000000000000e+00,2.911222805877297648e-02,-0.000000000000000000e+00,-0.000000000000000000e+00,-0.000000000000000000e+00,-7.590913156343268020e-02,-0.000000000000000000e+00,-1.457335952389958791e-02,-0.000000000000000000e+00,-0.000000000000000000e+00,-2.855662885834332476e-01,-0.000000000000000000e+00,-0.000000000000000000e+00,4.383123854061959923e-02,-0.000000000000000000e+00,1.087262419095313543e-01,-0.000000000000000000e+00,-0.000000000000000000e+00,0.000000000000000000e+00
-0.000000000000000000e+00,-0.000000000000000000e+00,-0.000000000000000000e+00,-0.000000000000000000e+00,2.147799546603399001e+00,2.163982667999330978e-01,0.000000000000000000e+00,1.674418431905407845e-01,-4.089747401953433559e-01,-0.000000000000000000e+00,-0.000000000000000000e+00,-0.000000000000000000e+00,1.530588422825315820e-01,-3.317258436543821798e-01,-0.000000000000000000e+00,-0.000000000000000000e+00,-0.000000000000000000e+00,-3.741540800956888457e-01,-0.000000000000000000e+00,6.312760927139991762e-02,0.000000000000000000e+00,0.000000000000000000e+00,0.000000000000000000e+00,0.000000000000000000e+00,-0.000000000000000000e+00,-4.009336881659821827e-01,-0.000000000000000000e+00,-0.000000000000000000e+00,0.000000000000000000e+00,-0.000000000000000000e+00,-0.000000000000000000e+00,0.000000000000000000e+00,0.000000000000000000e+00,-2.991068134784955479e-01,0.000000000000000000e+00,-2.417303734295509487e-01,0.000000000000000000e+00,-0.000000000000000000e+00,-0.000000000000000000e+00
0.000000000000000000e+00,-0.000000000000000000e+00,0.000000000000000000e+00,-0.000000000000000000e+00,2.163982667999330978e-01,2.443225026483661910e+00,-0.000000000000000000e+00,-0.000000000000000000e+00,0.000000000000000000e+00,-0.000000000000000000e+00,5.465290318648293733e-01,0.000000000000000000e+00,-2.424247571633386389e-01,9.352904095254085948e-02,0.000000000000000000e+00,-0.000000000000000000e+00,1.291020017262843322e-01,0.000000000000000000e+00,-0.000000000000000000e+00,-5.206258599731037329e-01,-4.493751259951044297e-01,-0.000000000000000000e+00,-4.280190453276613294e-01,-0.000000000000000000e+00,-0.000000000000000000e+00,1.159693971091796671e-01,0.000000000000000000e+00,-0.000000000000000000e+00,-0.000000000000000000e+00,0.000000000000000000e+00,-0.000000000000000000e+00,0.000000000000000000e+00,-2.886620315224073738e-02,0.000000000000000000e+00,-3.439633793687780217e-01,2.403591130371869177e-03,-2.091348477853953169e-01,0.000000000000000000e+00,0.000000000000000000e+00
-6.004403451304456824e-02,1.439959847321571063e-01,0.000000000000000000e+00,-8.629058746625406506e-02,0.000000000000000000e+00,-0.000000000000000000e+00,1.994538165877097757e+00,-0.000000000000000000e+00,9.965376631709706168e-02,0.000000000000000000e+00,0.000000000000000000e+00,1.077970110266945197e-01,-0.000000000000000000e+00,8.945017982224258424e-02,-1.678068532635694499e-02,0.000000000000000000e+00,-0.000000000000000000e+00,0.000000000000000000e+00,3.075022666230392554e-02,-0.000000000000000000e+00,-0.000000000000000000e+00,5.675139043056558197e-02,0.000000000000000000e+00,0.000000000000000000e+00,-0.000000000000000000e+00,-0.000000000000000000e+00,4.407904204010840710e-01,-0.000000000000000000e+00,-3.467068073469982692e-01,0.000000000000000000e+00,-0.000000000000000000e+00,3.536328306975109609e-02,0.000000000000000000e+00,0.000000000000000000e+00,-2.502057057713504840e-01,0.000000000000000000e+00,6.327238678756280134e-03,-0.000000000000000000e+00,2.185145736588308407e-01
0.000000000000000000e+00,0.000000000000000000e+00,1.471987750360589153e+00,0.000000000000000000e+00,1.674418431905407845e-01,-0.000000000000000000e+00,-0.000000000000000000e+00,2.606419677694043369e+00,0.000000000000000000e+00,-0.000000000000000000e+00,0.000000000000000000e+00,0.000000000000000000e+00,-8.170607011437429346e-02,1.002458389543068457e-01,-0.000000000000000000e+00,0.000000000000000000e+00,-0.000000000000000000e+00,0.000000000000000000e+00,0.000000000000000000e+00,-9.451705725000704439e-02,0.000000000000000000e+00,-0.000000000000000000e+00,0.000000000000000000e+00,0.000000000000000000e+00,0.000000000000000000e+00,2.876086572635148109e-01,1.706940820520906066e-01,1.736523420446238752e-01,0.000000000000000000e+00,0.000000000000000000e+00,2.621261734486181050e-01,1.539882354435065659e-01,0.000000000000000000e+00,-0.000000000000000000e+00,0.000000000000000000e+00,0.000000000000000000e+00,0.000000000000000000e+00,0.000000000000000000e+00,0.000000000000000000e+00
-0.000000000000000000e+00,-0.000000000000000000e+00,-0.000000000000000000e+00,0.000000000000000000e+00,-4.089747401953433559e-01,0.000000000000000000e+00,9.965376631709706168e-02,0.000000000000000000e+00,1.764063238864412408e+00,-4.193774778697104133e-02,-0.000000000000000000e+00,-0.000000000000000000e+00,0.000000000000000000e+00,-2.921276992074493539e-01,0.000000000000000000e+00,-8.802511289144708539e-02,-0.000000000000000000e+00,-0.000000000000000000e+00,-1.327681003132611393e-01,0.000000000000000000e+00,0.000000000000000000e+00,-0.000000000000000000e+00,-0.000000000000000000e+00,-0.000000000000000000e+00,-0.000000000000000000e+00,-0.000000000000000000e+00,-0.000000000000000000e+00,0.000000000000000000e+00,0.000000000000000000e+00,-0.000000000000000000e+00,-0.000000000000000000e+00,-0.000000000000000000e+00,0.000000000000000000e+00,-2.871155179857845519e-01,0.000000000000000000e+00,-1.559566775623275892e-01,-0.000000000000000000e+00,-0.000000000000000000e+00,-2.197137016757602090e-01
0.000000000000000000e+00,-1.421735311189046003e-01,-0.000000000000000000e+00,0.000000000000000000e+00,-0.000000000000000000e+00,-0.000000000000000000e+00,0.000000000000000000e+00,-0.000000000000000000e+00,-4.193774778697104133e-02,2.310518507866539117e+00,0.000000000000000000e+00,-0.000000000000000000e+00,-0.000000000000000000e+00,-0.000000000000000000e+00,0.000000000000000000e+00,-5.804709313956946115e-01,0.000000000000000000e+00,-0.000000000000000000e+00,-2.088037516483911560e-01,0.000000000000000000e+00,0.000000000000000000e+00,-0.000000000000000000e+00,-0.000000000000000000e+00,0.000000000000000000e+00,0.000000000000000000e+00,1.869288500317713431e-01,-0.000000000000000000e+00,1.120618733538909784e-01,2.553899344151696615e-01,-2.081482648847493844e-01,0.000000000000000000e+00,-0.000000000000000000e+00,-0.000000000000000000e+00,-1.346119637038821759e-01,1.217163411117752198e-01,-0.000000000000000000e+00,-0.000000000000000000e+00,0.000000000000000000e+00,-5.940716610165184264e-01
-0.000000000000000000e+00,0.000000000000000000e+00,-0.000000000000000000e+00,-9.868298801749751659e-02,-0.000000000000000000e+00,5.465290318648293733e-01,0.000000000000000000e+00,0.000000000000000000e+00,-0.000000000000000000e+00,0.000000000000000000e+00,1.476793761087615620e+00,-2.221924730718135080e-02,1.924334379746080875e-02,-1.507215784250416912e-01,0.000000000000000000e+00,0.000000000000000000e+00,-1.394709565950066066e-01,-0.000000000000000000e+00,0.000000000000000000e+00,7.769633978534244700e-02,0.000000000000000000e+00,0.000000000000000000e+00,6.682563146072457994e-02,0.000000000000000000e+00,0.000000000000000000e+00,-4.285194580675684428e-02,-6.724035387831649169e-02,0.000000000000000000e+00,0.000000000000000000e+00,-0.000000000000000000e+00,-0.000000000000000000e+00,-6.789827214028164304e-02,0.000000000000000000e+00,0.000000000000000000e+00,0.000000000000000000e+00,-0.000000000000000000e+00,0.000000000000000000e+00,-0.000000000000000000e+00,-0.000000000000000000e+00
0.000000000000000000e+00,-1.947091428833908344e-01,-0.000000000000000000e+00,-0.000000000000000000e+00,-0.000000000000000000e+00,0.000000000000000000e+00,1.077970110266945197e-01,0.000000000000000000e+00,-0.000000000000000000e+00,-0.000000000000000000e+00,-2.221924730718135080e-02,2.865289430844959462e+00,0.000000000000000000e+00,-1.221959080588447266e-01,8.867444643890988465e-02,-0.000000000000000000e+00,-0.000000000000000000e+00,-0.000000000000000000e+00,-0.000000000000000000e+00,1.589218295159591440e-02,0.000000000000000000e+00,-0.000000000000000000e+00,-0.000000000000000000e+00,0.000000000000000000e+00,2.256309879870755930e-01,0.000000000000000000e+00,-8.025862963523943128e-01,0.000000000000000000e+00,2.851407600728151914e-01,-5.308676530482546799e-03,-0.000000000000000000e+00,-7.913771565020848164e-02,-0.000000000000000000e+00,-0.000000000000000000e+00,3.770831585125359320e-01,-0.000000000000000000e+00,-0.000000000000000000e+00,0.000000000000000000e+00,-7.486446489316036512e-01
2.222611698968173649e-02,0.000000000000000000e+00,0.000000000000000000e+00,0.000000000000000000e+00,1.530588422825315820e-01,-2.424247571633386389e-01,-0.000000000000000000e+00,-8.170607011437429346e-02,0.000000000000000000e+00,-0.000000000000000000e+00,1.924334379746080875e-02,0.000000000000000000e+00,1.311483781048569552e+00,6.279106225392361296e-02,0.000000000000000000e+00,0.000000000000000000e+00,0.000000000000000000e+00,0.000000000000000000e+00,-0.000000000000000000e+00,-8.165420764964870237e-02,-0.000000000000000000e+00,-0.000000000000000000e+00,-0.000000000000000000e+00,-0.000000000000000000e+00,-0.000000000000000000e+00,2.472371959224734517e-01,4.037086080801622484e-02,0.000000000000000000e+00,0.000000000000000000e+00,0.000000000000000000e+00,1.525899928948239517e-02,0.000000000000000000e+00,-0.000000000000000000e+00,0.000000000000000000e+00,-0.000000000000000000e+00,0.000000000000000000e+00,-0.000000000000000000e+00,0.000000000000000000e+00,0.000000000000000000e+00
-0.000000000000000000e+00,-0.000000000000000000e+00,-2.098635913799553332e-01,-0.000000000000000000e+00,-3.317258436543821798e-01,9.352904095254085948e-02,8.945017982224258424e-02,1.002458389543068457e-01,-2.921276992074493539e-01,-0.000000000000000000e+00,-1.507215784250416912e-01,-1.221959080588447266e-01,6.279106225392361296e-02,2.026876095176689319e+00,0.000000000000000000e+00,-0.000000000000000000e+00,-0.000000000000000000e+00,-1.296726512175829654e-02,-0.000000000000000000e+00,6.027171183644991492e-02,0.000000000000000000e+00,-0.000000000000000000e+00,-0.000000000000000000e+00,-1.389619827410011610e-01,0.000000000000000000e+00,-0.000000000000000000e+00,-4.892084736088801455e-01,-0.000000000000000000e+00,0.000000000000000000e+00,-1.036315936439795582e-01,-0.000000000000000000e+00,-0.000000000000000000e+00,-0.000000000000000000e+00,-0.000000000000000000e+00,1.581348324780567456e-03,-0.000000000000000000e+00,-0.000000000000000000e+00,0.000000000000000000e+00,-0.000000000000000000e+00
-0.000000000000000000e+00,0.000000000000000000e+00,0.000000000000000000e+00,0.000000000000000000e+00,-0.000000000000000000e+00,0.000000000000000000e+00,-1.678068532635694499e-02,-0.000000000000000000e+00,0.000000000000000000e+00,0.000000000000000000e+00,0.000000000000000000e+00,8.867444643890988465e-02,0.000000000000000000e+00,0.000000000000000000e+00,1.575482265724417852e+00,-0.000000000000000000e+00,0.000000000000000000e+00,-1.150024355665349579e-01,-0.000000000000000000e+00,-0.000000000000000000e+00,-0.000000000000000000e+00,1.749830319226929748e-02,9.995560914084768156e-02,0.000000000000000000e+00,-1.680620341311926391e-01,-0.000000000000000000e+00,1.646546503671103556e-01,-5.454630058799950221e-02,-0.000000000000000000e+00,-0.000000000000000000e+00,1.661184549564750090e-01,2.924095810369507081e-02,0.000000000000000000e+00,-2.732425769237841195e-01,-0.000000000000000000e+00,-0.000000000000000000e+00,3.051062738929858839e-02,-6.236881561674298968e-01,6.262262607719035201e-02
-0.000000000000000000e+00,-2.026785885202360138e-01,-0.000000000000000000e+00,0.000000000000000000e+00,-0.000000000000000000e+00,-0.000000000000000000e+00,0.000000000000000000e+00,0.000000000000000000e+00,-8.802511289144708539e-02,-5.804709313956946115e-01,0.000000000000000000e+00,-0.000000000000000000e+00,0.000000000000000000e+00,-0.000000000000000000e+00,-0.000000000000000000e+00,1.763564554368675541e+00,4.141290052143784678e-02,-0.000000000000000000e+00,-0.000000000000000000e+00,-0.000000000000000000e+00,-0.000000000000000000e+00,-0.000000000000000000e+00,-2.030613248677727578e-02,-0.000000000000000000e+00,-4.272007413343006932e-02,0.000000000000000000e+00,-0.000000000000000000e+00,-0.000000000000000000e+00,0.000000000000000000e+00,-3.970049322016881987e-01,0.000000000000000000e+00,-0.000000000000000000e+00,-0.000000000000000000e+00,-2.969132404911622447e-01,0.000000000000000000e+00,-0.000000000000000000e+00,-0.000000000000000000e+00,-6.791418472112061011e-02,-0.000000000000000000e+00
-3.315072308669309020e-02,0.000000000000000000e+00,0.000000000000000000e+00,-0.000000000000000000e+00,-0.000000000000000000e+00,1.291020017262843322e-01,-0.000000000000000000e+00,-0.000000000000000000e+00,-0.000000000000000000e+00,0.000000000000000000e+00,-1.394709565950066066e-01,-0.000000000000000000e+00,0.000000000000000000e+00,-0.000000000000000000e+00,0.000000000000000000e+00,4.141290052143784678e-02,1.397556439891964875e+00,0.000000000000000000e+00,2.833634905323642941e-02,2.128276774716188549e-02,2.690293675150679520e-01,0.000000000000000000e+00,0.000000000000000000e+00,0.000000000000000000e+00,2.607098513328854894e-01,-1.052159490246491053e-01,-0.000000000000000000e+00,5.899668173116317388e-02,-0.000000000000000000e+00,0.000000000000000000e+00,-5.155293540887420645e-02,-0.000000000000000000e+00,0.000000000000000000e+00,0.000000000000000000e+00,-0.000000000000000000e+00,-0.000000000000000000e+00,2.108867105983619483e-01,-0.000000000000000000e+00,0.000000000000000000e+00
0.000000000000000000e+00,0.000000000000000000e+00,-4.605000650197943468e-02,0.000000000000000000e+00,-3.741540800956888457e-01,0.000000000000000000e+00,0.000000000000000000e+00,0.000000000000000000e+00,-0.000000000000000000e+00,-0.000000000000000000e+00,-0.000000000000000000e+00,-0.000000000000000000e+00,0.000000000000000000e+00,-1.296726512175829654e-02,-1.150024355665349579e-01,-0.000000000000000000e+00,0.000000000000000000e+00,1.603469081032045329e+00,-5.604732319723254585e-01,2.296462974250724487e-01,0.000000000000000000e+00,0.000000000000000000e+00,0.000000000000000000e+00,-0.000000000000000000e+00,-0.000000000000000000e+00,-0.000000000000000000e+00,-0.000000000000000000e+00,-0.000000000000000000e+00,0.000000000000000000e+00,-0.000000000000000000e+00,0.000000000000000000e+00,-0.000000000000000000e+00,-0.000000000000000000e+00,-0.000000000000000000e+00,0.000000000000000000e+00,-1.643594175048671835e-01,-0.000000000000000000e+00,-0.000000000000000000e+00,-0.000000000000000000e+00
0.000000000000000000e+00,-0.000000000000000000e+00,-0.000000000000000000e+00,0.000000000000000000e+00,-0.000000000000000000e+00,-0.000000000000000000e+00,3.075022666230392554e-02,0.000000000000000000e+00,-1.327681003132611393e-01,-2.088037516483911560e-01,0.000000000000000000e+00,-0.000000000000000000e+00,-0.000000000000000000e+00,-0.000000000000000000e+00,-0.000000000000000000e+00,-0.000000000000000000e+00,2.833634905323642941e-02,-5.604732319723254585e-01,1.803561010274681964e+00,-0.000000000000000000e+00,0.000000000000000000e+00,-0.000000000000000000e+00,-0.000000000000000000e+00,-0.000000000000000000e+00,-0.000000000000000000e+00,1.387526583401173796e-01,-0.000000000000000000e+00,0.000000000000000000e+00,1.849118164718756285e-01,-0.000000000000000000e+00,0.000000000000000000e+00,-0.000000000000000000e+00,-0.000000000000000000e+00,-4.621941853965814695e-01,0.000000000000000000e+00,-0.000000000000000000e+00,-1.057002485237654998e-01,0.000000000000000000e+00,-7.588853400814145334e-02
0.000000000000000000e+00,0.000000000000000000e+00,3.140097307603340483e-03,0.000000000000000000e+00,6.312760927139991762e-02,-5.206258599731037329e-01,-0.000000000000000000e+00,-9.451705725000704439e-02,0.000000000000000000e+00,0.000000000000000000e+00,7.769633978534244700e-02,1.589218295159591440e-02,-8.165420764964870237e-02,6.027171183644991492e-02,-0.000000000000000000e+00,-0.000000000000000000e+00,2.128276774716188549e-02,2.296462974250724487e-01,-0.000000000000000000e+00,1.815945483663561566e+00,-5.395143030363658450e-03,-2.518665479440204136e-01,-0.000000000000000000e+00,-0.000000000000000000e+00,-3.159405420559165123e-02,9.477376802854425852e-02,4.133440786992033100e-01,-0.000000000000000000e+00,-0.000000000000000000e+00,0.000000000000000000e+00,0.000000000000000000e+00,0.000000000000000000e+00,-0.000000000000000000e+00,0.000000000000000000e+00,-0.000000000000000000e+00,1.022964807806396453e-01,-0.000000000000000000e+00,-0.000000000000000000e+00,0.000000000000000000e+00
0.000000000000000000e+00,-0.000000000000000000e+00,-0.000000000000000000e+00,-0.000000000000000000e+00,0.000000000000000000e+00,-4.493751259951044297e-01,-0.000000000000000000e+00,0.000000000000000000e+00,0.000000000000000000e+00,0.000000000000000000e+00,0.000000000000000000e+00,0.000000000000000000e+00,-0.000000000000000000e+00,0.000000000000000000e+00,-0.000000000000000000e+00,-0.000000000000000000e+00,2.690293675150679520e-01,0.000000000000000000e+00,0.000000000000000000e+00,-5.395143030363658450e-03,2.229049617377648396e+00,-0.000000000000000000e+00,-0.000000000000000000e+00,-0.000000000000000000e+00,-2.812302518246148075e-01,0.000000000000000000e+00,0.000000000000000000e+00,-7.368273970864169797e-01,-0.000000000000000000e+00,0.000000000000000000e+00,-0.000000000000000000e+00,-0.000000000000000000e+00,-4.270261394246931408e-01,0.000000000000000000e+00,-2.654528653942782035e-01,1.850415988707321824e-01,-0.000000000000000000e+00,-0.000000000000000000e+00,0.000000000000000000e+00
6.683345233401705165e-02,-7.474671678847152889e-02,-0.000000000000000000e+00,2.911222805877297648e-02,0.000000000000000000e+00,-0.000000000000000000e+00,5.675139043056558197e-02,-0.000000000000000000e+00,-0.000000000000000000e+00,-0.000000000000000000e+00,0.000000000000000000e+00,-0.000000000000000000e+00,-0.000000000000000000e+00,-0.000000000000000000e+00,1.749830319226929748e-02,-0.000000000000000000e+00,0.000000000000000000e+00,0.000000000000000000e+00,-0.000000000000000000e+00,-2.518665479440204136e-01,-0.000000000000000000e+00,1.095173465083703279e+00,-0.000000000000000000e+00,-0.000000000000000000e+00,0.000000000000000000e+00,1.623670166447215013e-02,-0.000000000000000000e+00,0.000000000000000000e+00,0.000000000000000000e+00,0.000000000000000000e+00,0.000000000000000000e+00,-0.000000000000000000e+00,-0.000000000000000000e+00,-0.000000000000000000e+00,0.000000000000000000e+00,0.000000000000000000e+00,-4.731680720806447776e-02,0.000000000000000000e+00,-6.829874059472765269e-02
-0.000000000000000000e+00,-2.510813271224049403e-01,-0.000000000000000000e+00,-0.000000000000000000e+00,0.000000000000000000e+00,-4.280190453276613294e-01,0.000000000000000000e+00,0.000000000000000000e+00,-0.000000000000000000e+00,-0.000000000000000000e+00,6.682563146072457994e-02,-0.000000000000000000e+00,-0.000000000000000000e+00,-0.000000000000000000e+00,9.995560914084768156e-02,-2.030613248677727578e-02,0.000000000000000000e+00,0.000000000000000000e+00,-0.000000000000000000e+00,-0.000000000000000000e+00,-0.000000000000000000e+00,-0.000000000000000000e+00,1.844590684496722144e+00,-3.794714598291620833e-01,-0.000000000000000000e+00,0.000000000000000000e+00,-0.000000000000000000e+00,-0.000000000000000000e+00,0.000000000000000000e+00,-0.000000000000000000e+00,-6.223956817370928513e-02,-0.000000000000000000e+00,-1.816820559333754415e-01,-0.000000000000000000e+00,-0.000000000000000000e+00,0.000000000000000000e+00,-5.527043277976492197e-01,0.000000000000000000e+00,-0.000000000000000000e+00
-0.000000000000000000e+00,-0.000000000000000000e+00,-0.000000000000000000e+00,-0.000000000000000000e+00,0.000000000000000000e+00,-0.000000000000000000e+00,0.000000000000000000e+00,0.000000000000000000e+00,-0.000000000000000000e+00,0.000000000000000000e+00,0.000000000000000000e+00,0.000000000000000000e+00,-0.000000000000000000e+00,-1.389619827410011610e-01,0.000000000000000000e+00,-0.000000000000000000e+00,0.000000000000000000e+00,-0.000000000000000000e+00,-0.000000000000000000e+00,-0.000000000000000000e+00,-0.000000000000000000e+00,-0.000000000000000000e+00,-3.794714598291620833e-01,1.244297133000868749e+00,-2.665194739333446861e-01,-0.000000000000000000e+00,-0.000000000000000000e+00,-0.000000000000000000e+00,-0.000000000000000000e+00,-0.000000000000000000e+00,-0.000000000000000000e+00,-2.592187498908904777e-02,-9.059236237790802004e-02,0.000000000000000000e+00,-0.000000000000000000e+00,0.000000000000000000e+00,-0.000000000000000000e+00,0.000000000000000000e+00,0.000000000000000000e+00
-0.000000000000000000e+00,-0.000000000000000000e+00,0.000000000000000000e+00,-0.000000000000000000e+00,-0.000000000000000000e+00,-0.000000000000000000e+00,-0.000000000000000000e+00,0.000000000000000000e+00,-0.000000000000000000e+00,0.000000000000000000e+00,0.000000000000000000e+00,2.256309879870755930e-01,-0.000000000000000000e+00,0.000000000000000000e+00,-1.680620341311926391e-01,-4.272007413343006932e-02,2.607098513328854894e-01,-0.000000000000000000e+00,-0.000000000000000000e+00,-3.159405420559165123e-02,-2.812302518246148075e-01,0.000000000000000000e+00,-0.000000000000000000e+00,-2.665194739333446861e-01,1.854268434652320385e+00,-0.000000000000000000e+00,0.000000000000000000e+00,-4.528685340631654066e-01,-6.773640902064007041e-02,0.000000000000000000e+00,0.000000000000000000e+00,0.000000000000000000e+00,-0.000000000000000000e+00,-0.000000000000000000e+00,-1.620809475785242315e-01,0.000000000000000000e+00,-0.000000000000000000e+00,-2.809959016765506967e-01,0.000000000000000000e+00
-4.406534278728451159e-01,0.000000000000000000e+00,-0.000000000000000000e+00,-7.590913156343268020e-02,-4.009336881659821827e-01,1.159693971091796671e-01,-0.000000000000000000e+00,2.876086572635148109e-01,-0.000000000000000000e+00,1.869288500317713431e-01,-4.285194580675684428e-02,0.000000000000000000e+00,2.472371959224734517e-01,-0.000000000000000000e+00,-0.000000000000000000e+00,0.000000000000000000e+00,-1.052159490246491053e-01,-0.000000000000000000e+00,1.387526583401173796e-01,9.477376802854425852e-02,0.000000000000000000e+00,1.623670166447215013e-02,0.000000000000000000e+00,-0.000000000000000000e+00,-0.000000000000000000e+00,1.773475278768948504e+00,-0.000000000000000000e+00,-1.405511907058145660e-01,-7.901500875974855342e-02,0.000000000000000000e+00,-0.000000000000000000e+00,-0.000000000000000000e+00,0.000000000000000000e+00,0.000000000000000000e+00,-0.000000000000000000e+00,-0.000000000000000000e+00,2.487550267130580472e-01,-1.035500792677001430e-01,0.000000000000000000e+00
0.000000000000000000e+00,-6.556069822821523896e-02,-5.423740162168092516e-01,-0.000000000000000000e+00,-0.000000000000000000e+00,0.000000000000000000e+00,4.407904204010840710e-01,1.706940820520906066e-01,-0.000000000000000000e+00,-0.000000000000000000e+00,-6.724035387831649169e-02,-8.025862963523943128e-01,4.037086080801622484e-02,-4.892084736088801455e-01,1.646546503671103556e-01,-0.000000000000000000e+00,-0.000000000000000000e+00,-0.000000000000000000e+00,-0.000000000000000000e+00,4.133440786992033100e-01,0.000000000000000000e+00,-0.000000000000000000e+00,-0.000000000000000000e+00,-0.000000000000000000e+00,0.000000000000000000e+00,-0.000000000000000000e+00,3.119905943025448991e+00,-0.000000000000000000e+00,0.000000000000000000e+00,-0.000000000000000000e+00,-0.000000000000000000e+00,-4.472951660687329856e-01,-0.000000000000000000e+00,-0.000000000000000000e+00,0.000000000000000000e+00,-0.000000000000000000e+00,-0.000000000000000000e+00,0.000000000000000000e+00,-1.381954233706589596e-01
-0.000000000000000000e+00,-0.000000000000000000e+00,-0.000000000000000000e+00,-1.457335952389958791e-02,-0.000000000000000000e+00,-0.000000000000000000e+00,-0.000000000000000000e+00,1.736523420446238752e-01,0.000000000000000000e+00,1.120618733538909784e-01,0.000000000000000000e+00,0.000000000000000000e+00,0.000000000000000000e+00,-0.000000000000000000e+00,-5.454630058799950221e-02,-0.000000000000000000e+00,5.899668173116317388e-02,-0.000000000000000000e+00,0.000000000000000000e+00,-0.000000000000000000e+00,-7.368273970864169797e-01,0.000000000000000000e+00,-0.000000000000000000e+00,-0.000000000000000000e+00,-4.528685340631654066e-01,-1.405511907058145660e-01,-0.000000000000000000e+00,1.766796013775202789e+00,-0.000000000000000000e+00,-0.000000000000000000e+00,-0.000000000000000000e+00,-0.000000000000000000e+00,-1.180509848712547744e-01,0.000000000000000000e+00,-0.000000000000000000e+00,0.000000000000000000e+00,-0.000000000000000000e+00,-0.000000000000000000e+00,0.000000000000000000e+00
-5.286324644432008890e-01,0.000000000000000000e+00,0.000000000000000000e+00,-0.000000000000000000e+00,0.000000000000000000e+00,-0.000000000000000000e+00,-3.467068073469982692e-01,0.000000000000000000e+00,0.000000000000000000e+00,2.553899344151696615e-01,0.000000000000000000e+00,2.851407600728151914e-01,0.000000000000000000e+00,0.000000000000000000e+00,-0.000000000000000000e+00,0.000000000000000000e+00,-0.000000000000000000e+00,0.000000000000000000e+00,1.849118164718756285e-01,-0.000000000000000000e+00,-0.000000000000000000e+00,0.000000000000000000e+00,0.000000000000000000e+00,-0.000000000000000000e+00,-6.773640902064007041e-02,-7.901500875974855342e-02,0.000000000000000000e+00,-0.000000000000000000e+00,3.000611125174213356e+00,0.000000000000000000e+00,-0.000000000000000000e+00,0.000000000000000000e+00,-0.000000000000000000e+00,0.000000000000000000e+00,-1.030604644415635818e+00,0.000000000000000000e+00,0.000000000000000000e+00,-1.493143534322277921e-01,4.408349072002430424e-01
-0.000000000000000000e+00,-3.265973725820458529e-01,-0.000000000000000000e+00,-0.000000000000000000e+00,-0.000000000000000000e+00,0.000000000000000000e+00,0.000000000000000000e+00,0.000000000000000000e+00,-0.000000000000000000e+00,-2.081482648847493844e-01,-0.000000000000000000e+00,-5.308676530482546799e-03,0.000000000000000000e+00,-1.036315936439795582e-01,-0.000000000000000000e+00,-3.970049322016881987e-01,0.000000000000000000e+00,-0.000000000000000000e+00,-0.000000000000000000e+00,0.000000000000000000e+00,0.000000000000000000e+00,0.000000000000000000e+00,-0.000000000000000000e+00,-0.000000000000000000e+00,0.000000000000000000e+00,0.000000000000000000e+00,-0.000000000000000000e+00,-0.000000000000000000e+00,0.000000000000000000e+00,1.577372651702301010e+00,-0.000000000000000000e+00,-0.000000000000000000e+00,-0.000000000000000000e+00,-0.000000000000000000e+00,0.000000000000000000e+00,-0.000000000000000000e+00,-1.179520471333289980e-02,-0.000000000000000000e+00,-1.696432920581761039e-01
-1.927652585200909652e-01,-0.000000000000000000e+00,-2.180375139611610558e-01,-2.855662885834332476e-01,-0.000000000000000000e+00,-0.000000000000000000e+00,-0.000000000000000000e+00,2.621261734486181050e-01,-0.000000000000000000e+00,0.000000000000000000e+00,-0.000000000000000000e+00,-0.000000000000000000e+00,1.525899928948239517e-02,-0.000000000000000000e+00,1.661184549564750090e-01,0.000000000000000000e+00,-5.155293540887420645e-02,0.000000000000000000e+00,0.000000000000000000e+00,0.000000000000000000e+00,-0.000000000000000000e+00,0.000000000000000000e+00,-6.223956817370928513e-02,-0.000000000000000000e+00,0.000000000000000000e+00,-0.000000000000000000e+00,-0.000000000000000000e+00,-0.000000000000000000e+00,-0.000000000000000000e+00,-0.000000000000000000e+00,1.322064143400371927e+00,-4.902892029203038265e-02,-3.602325509702974243e-02,0.000000000000000000e+00,-2.157805185521891739e-02,0.000000000000000000e+00,-0.000000000000000000e+00,0.000000000000000000e+00,-0.000000000000000000e+00
0.000000000000000000e+00,-1.706417497906277392e-01,-0.000000000000000000e+00,-0.000000000000000000e+00,0.000000000000000000e+00,0.000000000000000000e+00,3.536328306975109609e-02,1.539882354435065659e-01,-0.000000000000000000e+00,-0.000000000000000000e+00,-6.789827214028164304e-02,-7.913771565020848164e-02,0.000000000000000000e+00,-0.000000000000000000e+00,2.924095810369507081e-02,-0.000000000000000000e+00,-0.000000000000000000e+00,-0.000000000000000000e+00,-0.000000000000000000e+00,0.000000000000000000e+00,-0.000000000000000000e+00,-0.000000000000000000e+00,-0.000000000000000000e+00,-2.592187498908904777e-02,0.000000000000000000e+00,-0.000000000000000000e+00,-4.472951660687329856e-01,-0.000000000000000000e+00,0.000000000000000000e+00,-0.000000000000000000e+00,-4.902892029203038265e-02,1.538336817299228665e+00,-6.861009181162654180e-02,0.000000000000000000e+00,0.000000000000000000e+00,0.000000000000000000e+00,-2.248443877908646304e-01,0.000000000000000000e+00,-0.000000000000000000e+00
0.000000000000000000e+00,-0.000000000000000000e+00,-1.909000726088825040e-01,-0.000000000000000000e+00,0.000000000000000000e+00,-2.886620315224073738e-02,0.000000000000000000e+00,0.000000000000000000e+00,0.000000000000000000e+00,-0.000000000000000000e+00,0.000000000000000000e+00,-0.000000000000000000e+00,-0.000000000000000000e+00,-0.000000000000000000e+00,0.000000000000000000e+00,-0.000000000000000000e+00,0.000000000000000000e+00,-0.000000000000000000e+00,-0.000000000000000000e+00,-0.000000000000000000e+00,-4.270261394246931408e-01,-0.000000000000000000e+00,-1.816820559333754415e-01,-9.059236237790802004e-02,-0.000000000000000000e+00,0.000000000000000000e+00,-0.000000000000000000e+00,-1.180509848712547744e-01,-0.000000000000000000e+00,-0.000000000000000000e+00,-3.602325509702974243e-02,-6.861009181162654180e-02,1.823924317045173771e+00,0.000000000000000000e+00,-0.000000000000000000e+00,0.000000000000000000e+00,-7.593304303322361282e-01,0.000000000000000000e+00,-0.000000000000000000e+00
-0.000000000000000000e+00,-0.000000000000000000e+00,0.000000000000000000e+00,4.383123854061959923e-02,-2.991068134784955479e-01,0.000000000000000000e+00,0.000000000000000000e+00,-0.000000000000000000e+00,-2.871155179857845519e-01,-1.346119637038821759e-01,0.000000000000000000e+00,-0.000000000000000000e+00,0.000000000000000000e+00,-0.000000000000000000e+00,-2.732425769237841195e-01,-2.969132404911622447e-01,0.000000000000000000e+00,-0.000000000000000000e+00,-4.621941853965814695e-01,0.000000000000000000e+00,0.000000000000000000e+00,-0.000000000000000000e+00,-0.000000000000000000e+00,0.000000000000000000e+00,-0.000000000000000000e+00,0.000000000000000000e+00,-0.000000000000000000e+00,0.000000000000000000e+00,0.000000000000000000e+00,-0.000000000000000000e+00,0.000000000000000000e+00,0.000000000000000000e+00,0.000000000000000000e+00,1.688236009414587846e+00,0.000000000000000000e+00,-0.000000000000000000e+00,0.000000000000000000e+00,-7.038872105859665662e-02,-0.000000000000000000e+00
-1.106526906122083792e-01,0.000000000000000000e+00,-0.000000000000000000e+00,-0.000000000000000000e+00,0.000000000000000000e+00,-3.439633793687780217e-01,-2.502057057713504840e-01,0.000000000000000000e+00,0.000000000000000000e+00,1.217163411117752198e-01,0.000000000000000000e+00,3.770831585125359320e-01,-0.000000000000000000e+00,1.581348324780567456e-03,-0.000000000000000000e+00,0.000000000000000000e+00,-0.000000000000000000e+00,0.000000000000000000e+00,0.000000000000000000e+00,-0.000000000000000000e+00,-2.654528653942782035e-01,0.000000000000000000e+00,-0.000000000000000000e+00,-0.000000000000000000e+00,-1.620809475785242315e-01,-0.000000000000000000e+00,0.000000000000000000e+00,-0.000000000000000000e+00,-1.030604644415635818e+00,0.000000000000000000e+00,-2.157805185521891739e-02,0.000000000000000000e+00,-0.000000000000000000e+00,0.000000000000000000e+00,2.591554205712984782e+00,0.000000000000000000e+00,0.000000000000000000e+00,-0.000000000000000000e+00,1.513138348835880720e-01
0.000000000000000000e+00,0.000000000000000000e+00,-4.352295013217317293e-02,1.087262419095313543e-01,-2.417303734295509487e-01,2.403591130371869177e-03,0.000000000000000000e+00,0.000000000000000000e+00,-1.559566775623275892e-01,-0.000000000000000000e+00,-0.000000000000000000e+00,-0.000000000000000000e+00,0.000000000000000000e+00,-0.000000000000000000e+00,-0.000000000000000000e+00,-0.000000000000000000e+00,-0.000000000000000000e+00,-1.643594175048671835e-01,-0.000000000000000000e+00,1.022964807806396453e-01,1.850415988707321824e-01,0.000000000000000000e+00,0.000000000000000000e+00,0.000000000000000000e+00,0.000000000000000000e+00,-0.000000000000000000e+00,-0.000000000000000000e+00,0.000000000000000000e+00,0.000000000000000000e+00,-0.000000000000000000e+00,0.000000000000000000e+00,0.000000000000000000e+00,0.000000000000000000e+00,-0.000000000000000000e+00,0.000000000000000000e+00,1.291783224270301789e+00,0.000000000000000000e+00,0.000000000000000000e+00,-0.000000000000000000e+00
0.000000000000000000e+00,-7.406866030175670579e-01,-3.765655615277001961e-02,-0.000000000000000000e+00,0.000000000000000000e+00,-2.091348477853953169e-01,6.327238678756280134e-03,0.000000000000000000e+00,-0.000000000000000000e+00,-0.000000000000000000e+00,0.000000000000000000e+00,-0.000000000000000000e+00,-0.000000000000000000e+00,-0.000000000000000000e+00,3.051062738929858839e-02,-0.000000000000000000e+00,2.108867105983619483e-01,-0.000000000000000000e+00,-1.057002485237654998e-01,-0.000000000000000000e+00,-0.000000000000000000e+00,-4.731680720806447776e-02,-5.527043277976492197e-01,-0.000000000000000000e+00,-0.000000000000000000e+00,2.487550267130580472e-01,-0.000000000000000000e+00,-0.000000000000000000e+00,0.000000000000000000e+00,-1.179520471333289980e-02,-0.000000000000000000e+00,-2.248443877908646304e-01,-7.593304303322361282e-01,0.000000000000000000e+00,0.000000000000000000e+00,0.000000000000000000e+00,2.627857044822182075e+00,1.195344874394808771e-01,-1.423947088261352523e-01
-6.443756497283208429e-01,0.000000000000000000e+00,0.000000000000000000e+00,-0.000000000000000000e+00,-0.000000000000000000e+00,0.000000000000000000e+00,-0.000000000000000000e+00,0.000000000000000000e+00,-0.000000000000000000e+00,0.000000000000000000e+00,-0.000000000000000000e+00,0.000000000000000000e+00,0.000000000000000000e+00,0.000000000000000000e+00,-6.236881561674298968e-01,-6.791418472112061011e-02,-0.000000000000000000e+00,-0.000000000000000000e+00,0.000000000000000000e+00,-0.000000000000000000e+00,-0.000000000000000000e+00,0.000000000000000000e+00,0.000000000000000000e+00,0.000000000000000000e+00,-2.809959016765506967e-01,-1.035500792677001430e-01,0.000000000000000000e+00,-0.000000000000000000e+00,-1.493143534322277921e-01,-0.000000000000000000e+00,0.000000000000000000e+00,0.000000000000000000e+00,0.000000000000000000e+00,-7.038872105859665662e-02,-0.000000000000000000e+00,0.000000000000000000e+00,1.195344874394808771e-01,1.899765275679902832e+00,0.000000000000000000e+00
0.000000000000000000e+00,-7.233761952448051202e-01,-0.000000000000000000e+00,0.000000000000000000e+00,-0.000000000000000000e+00,0.000000000000000000e+00,2.185145736588308407e-01,0.000000000000000000e+00,-2.197137016757602090e-01,-5.940716610165184264e-01,-0.000000000000000000e+00,-7.486446489316036512e-01,0.000000000000000000e+00,-0.000000000000000000e+00,6.262262607719035201e-02,-0.000000000000000000e+00,0.000000000000000000e+00,-0.000000000000000000e+00,-7.588853400814145334e-02,0.000000000000000000e+00,0.000000000000000000e+00,-6.829874059472765269e-02,-0.000000000000000000e+00,0.000000000000000000e+00,0.000000000000000000e+00,0.000000000000000000e+00,-1.381954233706589596e-01,0.000000000000000000e+00,4.408349072002430424e-01,-1.696432920581761039e-01,-0.000000000000000000e+00,-0.000000000000000000e+00,-0.000000000000000000e+00,-0.000000000000000000e+00,1.513138348835880720e-01,-0.000000000000000000e+00,-1.423947088261352523e-01,0.000000000000000000e+00,3.277030594959675192e+00
