1.527155403560179536e+00,-2.712819554977125569e-01,0.000000000000000000e+00,0.000000000000000000e+00,-0.000000000000000000e+00,-0.000000000000000000e+00,0.000000000000000000e+00,0.000000000000000000e+00,-8.996746940683448364e-04,-0.000000000000000000e+00,0.000000000000000000e+00,-0.000000000000000000e+00,0.000000000000000000e+00,-0.000000000000000000e+00,-0.000000000000000000e+00,-0.000000000000000000e+00,0.000000000000000000e+00,-0.000000000000000000e+00,-0.000000000000000000e+00,-0.000000000000000000e+00,-0.000000000000000000e+00,-0.000000000000000000e+00,-0.000000000000000000e+00,-0.000000000000000000e+00,-0.000000000000000000e+00,-0.000000000000000000e+00,0.000000000000000000e+00,0.000000000000000000e+00,-0.000000000000000000e+00,-0.000000000000000000e+00,-0.000000000000000000e+00,0.000000000000000000e+00,0.000000000000000000e+00,-0.000000000000000000e+00,-0.000000000000000000e+00,0.000000000000000000e+00,0.000000000000000000e+00,-7.698026627894545282e-01,-0.000000000000000000e+00
-2.712819554977125569e-01,2.084522974614690938e+00,-0.000000000000000000e+00,-0.000000000000000000e+00,-0.000000000000000000e+00,0.000000000000000000e+00,0.000000000000000000e+00,0.000000000000000000e+00,-2.148356782679935462e-01,-1.160310563687613206e-01,-0.000000000000000000e+00,-2.732392002890094984e-01,-0.000000000000000000e+00,-0.000000000000000000e+00,-0.000000000000000000e+00,-2.757970996026368193e-01,-0.000000000000000000e+00,-0.000000000000000000e+00,-0.000000000000000000e+00,-0.000000000000000000e+00,-0.000000000000000000e+00,-5.608080670639686155e-02,-5.032064132115252747e-02,-0.000000000000000000e+00,-0.000000000000000000e+00,0.000000000000000000e+00,-0.000000000000000000e+00,-0.000000000000000000e+00,0.000000000000000000e+00,-0.000000000000000000e+00,0.000000000000000000e+00,-4.412207859455555270e-02,-0.000000000000000000e+00,-0.000000000000000000e+00,0.000000000000000000e+00,0.000000000000000000e+00,-1.384219860354054810e-01,-4.819447516890316974e-02,-6.402089877216338154e-01
0.000000000000000000e+00,-0.000000000000000000e+00,2.272609102642751289e+00,-4.586000225368670052e-02,-1.035915716321955810e-01,0.000000000000000000e+00,0.000000000000000000e+00,1.188546138189468637e+00,-0.000000000000000000e+00,-0.000000000000000000e+00,-0.000000000000000000e+00,-0.000000000000000000e+00,-0.000000000000000000e+00,-2.034858749436993242e-01,-0.000000000000000000e+00,-0.000000000000000000e+00,0.000000000000000000e+00,-0.000000000000000000e+00,-0.000000000000000000e+00,-0.000000000000000000e+00,-0.000000000000000000e+00,-0.000000000000000000e+00,-0.000000000000000000e+00,-0.000000000000000000e+00,-0.000000000000000000e+00,-0.000000000000000000e+00,-1.354556515460841604e-01,-2.189658614179369744e-01,0.000000000000000000e+00,-0.000000000000000000e+00,-0.000000000000000000e+00,-0.000000000000000000e+00,-0.000000000000000000e+00,-1.466404156970156636e-01,0.000000000000000000e+00,-3.240674167204525280e-01,-0.000000000000000000e+00,0.000000000000000000e+00,-0.000000000000000000e+00
0.000000000000000000e+00,-0.000000000000000000e+00,-4.586000225368670052e-02,1.718293659178130817e+00,-2.282366012954229750e-01,0.000000000000000000e+00,-0.000000000000000000e+00,0.000000000000000000e+00,-0.000000000000000000e+00,-0.000000000000000000e+00,0.000000000000000000e+00,-0.000000000000000000e+00,-0.000000000000000000e+00,-0.000000000000000000e+00,-0.000000000000000000e+00,-0.000000000000000000e+00,-0.000000000000000000e+00,-3.491673940058754866e-01,-1.930549027193640133e-01,-0.000000000000000000e+00,-0.000000000000000000e+00,-3.507887829296559012e-02,-0.000000000000000000e+00,0.000000000000000000e+00,0.000000000000000000e+00,0.000000000000000000e+00,-0.000000000000000000e+00,-1.683379519794993284e-01,1.154796348764110386e-01,-0.000000000000000000e+00,0.000000000000000000e+00,-0.000000000000000000e+00,-3.960656478884352905e-02,-0.000000000000000000e+00,2.919125062972624529e-01,-3.148223183994687535e-02,-0.000000000000000000e+00,0.000000000000000000e+00,-0.000000000000000000e+00
-0.000000000000000000e+00,-0.000000000000000000e+00,-1.035915716321955810e-01,-2.282366012954229750e-01,2.039487411469327327e+00,0.000000000000000000e+00,-0.000000000000000000e+00,8.039679417654227445e-02,-0.000000000000000000e+00,-0.000000000000000000e+00,0.000000000000000000e+00,-0.000000000000000000e+00,-0.000000000000000000e+00,-7.664655723245389178e-03,-0.000000000000000000e+00,-0.000000000000000000e+00,0.000000000000000000e+00,-6.819750520640317504e-01,-1.116987408583174253e-02,0.000000000000000000e+00,-0.000000000000000000e+00,-0.000000000000000000e+00,-0.000000000000000000e+00,0.000000000000000000e+00,-0.000000000000000000e+00,-0.000000000000000000e+00,-0.000000000000000000e+00,-0.000000000000000000e+00,0.000000000000000000e+00,-0.000000000000000000e+00,-0.000000000000000000e+00,-0.000000000000000000e+00,-0.000000000000000000e+00,-6.787135449546437549e-01,0.000000000000000000e+00,-0.000000000000000000e+00,-0.000000000000000000e+00,0.000000000000000000e+00,-0.000000000000000000e+00
-0.000000000000000000e+00,0.000000000000000000e+00,0.000000000000000000e+00,0.000000000000000000e+00,0.000000000000000000e+00,1.329018088632444972e+00,-0.000000000000000000e+00,-0.000000000000000000e+00,0.000000000000000000e+00,0.000000000000000000e+00,-0.000000000000000000e+00,0.000000000000000000e+00,0.000000000000000000e+00,0.000000000000000000e+00,9.456760340611755633e-03,1.157290032709327315e-02,-0.000000000000000000e+00,1.269505870393405067e-01,0.000000000000000000e+00,0.000000000000000000e+00,2.581175852390779624e-01,1.195848769229389680e-01,-0.000000000000000000e+00,-0.000000000000000000e+00,-0.000000000000000000e+00,-0.000000000000000000e+00,-0.000000000000000000e+00,9.138727359086527835e-02,-0.000000000000000000e+00,0.000000000000000000e+00,-9.521402737131952343e-02,0.000000000000000000e+00,0.000000000000000000e+00,3.029429249758800596e-02,-1.610427755045569786e-01,0.000000000000000000e+00,0.000000000000000000e+00,-0.000000000000000000e+00,0.000000000000000000e+00
0.000000000000000000e+00,0.000000000000000000e+00,0.000000000000000000e+00,-0.000000000000000000e+00,-0.000000000000000000e+00,-0.000000000000000000e+00,1.036392958594314351e+00,-0.000000000000000000e+00,6.285849119040570754e-02,0.000000000000000000e+00,0.000000000000000000e+00,2.430767325270481380e-02,0.000000000000000000e+00,0.000000000000000000e+00,8.700109698805252867e-02,0.000000000000000000e+00,-0.000000000000000000e+00,0.000000000000000000e+00,0.000000000000000000e+00,-0.000000000000000000e+00,0.000000000000000000e+00,0.000000000000000000e+00,8.616119023542417876e-02,-0.000000000000000000e+00,0.000000000000000000e+00,-0.000000000000000000e+00,-0.000000000000000000e+00,0.000000000000000000e+00,-0.000000000000000000e+00,0.000000000000000000e+00,-0.000000000000000000e+00,0.000000000000000000e+00,0.000000000000000000e+00,0.000000000000000000e+00,-0.000000000000000000e+00,0.000000000000000000e+00,0.000000000000000000e+00,0.000000000000000000e+00,0.000000000000000000e+00
0.000000000000000000e+00,0.000000000000000000e+00,1.188546138189468637e+00,0.000000000000000000e+00,8.039679417654227445e-02,-0.000000000000000000e+00,-0.000000000000000000e+00,1.997979847886763416e+00,0.000000000000000000e+00,0.000000000000000000e+00,0.000000000000000000e+00,0.000000000000000000e+00,-0.000000000000000000e+00,1.202896493306798145e-03,0.000000000000000000e+00,0.000000000000000000e+00,-0.000000000000000000e+00,1.075586564721634115e-02,0.000000000000000000e+00,0.000000000000000000e+00,0.000000000000000000e+00,0.000000000000000000e+00,0.000000000000000000e+00,4.971070134844825586e-03,0.000000000000000000e+00,0.000000000000000000e+00,6.826481712426225867e-02,8.585032814184806460e-02,0.000000000000000000e+00,0.000000000000000000e+00,0.000000000000000000e+00,0.000000000000000000e+00,6.447016598779967134e-02,1.774486408563469841e-01,-0.000000000000000000e+00,0.000000000000000000e+00,0.000000000000000000e+00,-0.000000000000000000e+00,0.000000000000000000e+00
-8.996746940683448364e-04,-2.148356782679935462e-01,-0.000000000000000000e+00,-0.000000000000000000e+00,-0.000000000000000000e+00,0.000000000000000000e+00,6.285849119040570754e-02,0.000000000000000000e+00,1.670302530632877591e+00,-0.000000000000000000e+00,-0.000000000000000000e+00,-8.440140978885202205e-02,-0.000000000000000000e+00,-1.198973660996813517e-01,-0.000000000000000000e+00,-0.000000000000000000e+00,-0.000000000000000000e+00,-0.000000000000000000e+00,-0.000000000000000000e+00,-0.000000000000000000e+00,-0.000000000000000000e+00,-0.000000000000000000e+00,-2.707648601254284970e-01,-0.000000000000000000e+00,-2.057794557410564662e-01,0.000000000000000000e+00,-0.000000000000000000e+00,-0.000000000000000000e+00,0.000000000000000000e+00,-3.541527695909167939e-01,0.000000000000000000e+00,-0.000000000000000000e+00,-0.000000000000000000e+00,-1.879914262535923308e-01,0.000000000000000000e+00,-1.614423288659608546e-01,-0.000000000000000000e+00,-0.000000000000000000e+00,-6.815418976134707263e-02
-0.000000000000000000e+00,-1.160310563687613206e-01,-0.000000000000000000e+00,-0.000000000000000000e+00,-0.000000000000000000e+00,0.000000000000000000e+00,0.000000000000000000e+00,0.000000000000000000e+00,-0.000000000000000000e+00,2.473861618539943574e+00,-0.000000000000000000e+00,-7.725231792906701866e-02,-0.000000000000000000e+00,-0.000000000000000000e+00,-1.586038668754293224e-01,-7.688860131210345505e-01,0.000000000000000000e+00,-0.000000000000000000e+00,-1.202389237764368290e-01,-0.000000000000000000e+00,-9.430949243543143568e-02,-8.445473275491433007e-02,-1.520309627668716412e-01,0.000000000000000000e+00,-0.000000000000000000e+00,0.000000000000000000e+00,0.000000000000000000e+00,-0.000000000000000000e+00,1.168743053942219862e-01,-1.863048372223243265e-01,0.000000000000000000e+00,-0.000000000000000000e+00,-0.000000000000000000e+00,-2.646282046042695568e-01,1.950988079678916132e-01,-0.000000000000000000e+00,-0.000000000000000000e+00,-0.000000000000000000e+00,-2.866827765229334468e-01
0.000000000000000000e+00,-0.000000000000000000e+00,-0.000000000000000000e+00,0.000000000000000000e+00,0.000000000000000000e+00,-0.000000000000000000e+00,0.000000000000000000e+00,0.000000000000000000e+00,-0.000000000000000000e+00,-0.000000000000000000e+00,1.043773992750114399e+00,-0.000000000000000000e+00,-0.000000000000000000e+00,-0.000000000000000000e+00,0.000000000000000000e+00,-0.000000000000000000e+00,-2.098680274960663394e-01,0.000000000000000000e+00,0.000000000000000000e+00,-0.000000000000000000e+00,0.000000000000000000e+00,-0.000000000000000000e+00,-0.000000000000000000e+00,-0.000000000000000000e+00,-2.872642297553062649e-02,0.000000000000000000e+00,-0.000000000000000000e+00,-0.000000000000000000e+00,-0.000000000000000000e+00,-0.000000000000000000e+00,-0.000000000000000000e+00,0.000000000000000000e+00,-0.000000000000000000e+00,0.000000000000000000e+00,-0.000000000000000000e+00,-0.000000000000000000e+00,-0.000000000000000000e+00,-0.000000000000000000e+00,-0.000000000000000000e+00
-0.000000000000000000e+00,-2.732392002890094984e-01,-0.000000000000000000e+00,-0.000000000000000000e+00,-0.000000000000000000e+00,0.000000000000000000e+00,2.430767325270481380e-02,0.000000000000000000e+00,-8.440140978885202205e-02,-7.725231792906701866e-02,-0.000000000000000000e+00,2.345587516787352556e+00,-1.602216903201796050e-01,-0.000000000000000000e+00,-0.000000000000000000e+00,-1.000645177751271070e-01,-0.000000000000000000e+00,-0.000000000000000000e+00,-1.273067330883206338e-01,-0.000000000000000000e+00,-8.764984282067067589e-03,-3.142430427091351397e-02,-2.144794521814808175e-01,0.000000000000000000e+00,-0.000000000000000000e+00,1.222569902922169827e-01,-0.000000000000000000e+00,-1.431745053186442573e-01,0.000000000000000000e+00,-2.826016696546912454e-01,0.000000000000000000e+00,-1.550894606923086394e-01,-2.087921958288976310e-01,-0.000000000000000000e+00,1.352597509150722521e-01,-0.000000000000000000e+00,-1.749331233051076850e-01,-0.000000000000000000e+00,-3.058888650936550380e-01
0.000000000000000000e+00,-0.000000000000000000e+00,-0.000000000000000000e+00,-0.000000000000000000e+00,-0.000000000000000000e+00,0.000000000000000000e+00,0.000000000000000000e+00,-0.000000000000000000e+00,-0.000000000000000000e+00,-0.000000000000000000e+00,-0.000000000000000000e+00,-1.602216903201796050e-01,1.388041504785303415e+00,-0.000000000000000000e+00,-0.000000000000000000e+00,-3.648669187352031329e-02,-0.000000000000000000e+00,-0.000000000000000000e+00,-1.140285472611391321e-01,-0.000000000000000000e+00,-6.663639200942782226e-02,-0.000000000000000000e+00,-0.000000000000000000e+00,0.000000000000000000e+00,0.000000000000000000e+00,3.638480919553405135e-01,0.000000000000000000e+00,-0.000000000000000000e+00,1.196055504933800084e-01,-0.000000000000000000e+00,1.318834548436612249e-02,-0.000000000000000000e+00,-1.571474673753893436e-02,-0.000000000000000000e+00,9.945165957400439738e-02,-0.000000000000000000e+00,-0.000000000000000000e+00,0.000000000000000000e+00,-0.000000000000000000e+00
-0.000000000000000000e+00,-0.000000000000000000e+00,-2.034858749436993242e-01,-0.000000000000000000e+00,-7.664655723245389178e-03,0.000000000000000000e+00,0.000000000000000000e+00,1.202896493306798145e-03,-1.198973660996813517e-01,-0.000000000000000000e+00,-0.000000000000000000e+00,-0.000000000000000000e+00,-0.000000000000000000e+00,1.330528058277541392e+00,-0.000000000000000000e+00,-0.000000000000000000e+00,-0.000000000000000000e+00,-0.000000000000000000e+00,-0.000000000000000000e+00,-0.000000000000000000e+00,-0.000000000000000000e+00,-0.000000000000000000e+00,-5.096973167579246788e-02,-3.401336725066034239e-02,-2.834456945554217899e-01,-0.000000000000000000e+00,-1.474903287337978042e-01,-0.000000000000000000e+00,-0.000000000000000000e+00,-0.000000000000000000e+00,-0.000000000000000000e+00,-0.000000000000000000e+00,-0.000000000000000000e+00,-0.000000000000000000e+00,0.000000000000000000e+00,-2.417516281936579470e-01,-0.000000000000000000e+00,0.000000000000000000e+00,-0.000000000000000000e+00
-0.000000000000000000e+00,-0.000000000000000000e+00,-0.000000000000000000e+00,-0.000000000000000000e+00,-0.000000000000000000e+00,9.456760340611755633e-03,8.700109698805252867e-02,0.000000000000000000e+00,-0.000000000000000000e+00,-1.586038668754293224e-01,0.000000000000000000e+00,-0.000000000000000000e+00,-0.000000000000000000e+00,-0.000000000000000000e+00,1.939769393214007431e+00,-2.833872650410703686e-01,0.000000000000000000e+00,-4.132404474354783863e-02,-3.410154450229213041e-01,-1.002982766242733505e-02,-2.582228131575291519e-01,-0.000000000000000000e+00,-0.000000000000000000e+00,0.000000000000000000e+00,0.000000000000000000e+00,0.000000000000000000e+00,0.000000000000000000e+00,-0.000000000000000000e+00,0.000000000000000000e+00,-8.021128413247867461e-02,4.102236118852705116e-01,-0.000000000000000000e+00,-0.000000000000000000e+00,-5.085797708143638407e-02,2.066533653802059001e-01,-0.000000000000000000e+00,-0.000000000000000000e+00,-0.000000000000000000e+00,-0.000000000000000000e+00
-0.000000000000000000e+00,-2.757970996026368193e-01,-0.000000000000000000e+00,-0.000000000000000000e+00,-0.000000000000000000e+00,1.157290032709327315e-02,0.000000000000000000e+00,0.000000000000000000e+00,-0.000000000000000000e+00,-7.688860131210345505e-01,-0.000000000000000000e+00,-1.000645177751271070e-01,-3.648669187352031329e-02,-0.000000000000000000e+00,-2.833872650410703686e-01,2.282798352259662877e+00,0.000000000000000000e+00,-0.000000000000000000e+00,-0.000000000000000000e+00,-0.000000000000000000e+00,-3.553985818601328173e-02,-2.025057815192236044e-01,-0.000000000000000000e+00,0.000000000000000000e+00,-0.000000000000000000e+00,0.000000000000000000e+00,0.000000000000000000e+00,-0.000000000000000000e+00,0.000000000000000000e+00,-3.669521701057109481e-02,0.000000000000000000e+00,-0.000000000000000000e+00,-0.000000000000000000e+00,-8.530546191850424398e-02,3.660846168833455788e-02,-0.000000000000000000e+00,-0.000000000000000000e+00,-4.052190938780906963e-03,-3.782432180034522862e-01
0.000000000000000000e+00,-0.000000000000000000e+00,0.000000000000000000e+00,-0.000000000000000000e+00,0.000000000000000000e+00,-0.000000000000000000e+00,-0.000000000000000000e+00,-0.000000000000000000e+00,-0.000000000000000000e+00,0.000000000000000000e+00,-2.098680274960663394e-01,-0.000000000000000000e+00,-0.000000000000000000e+00,-0.000000000000000000e+00,0.000000000000000000e+00,0.000000000000000000e+00,1.076129756908375423e+00,0.000000000000000000e+00,0.000000000000000000e+00,-0.000000000000000000e+00,-0.000000000000000000e+00,-0.000000000000000000e+00,0.000000000000000000e+00,-6.722817837877650970e-02,-0.000000000000000000e+00,0.000000000000000000e+00,-8.724012597364852462e-02,-0.000000000000000000e+00,-0.000000000000000000e+00,0.000000000000000000e+00,-0.000000000000000000e+00,-0.000000000000000000e+00,-0.000000000000000000e+00,0.000000000000000000e+00,-0.000000000000000000e+00,0.000000000000000000e+00,-1.271932030509750067e-01,0.000000000000000000e+00,0.000000000000000000e+00
-0.000000000000000000e+00,-0.000000000000000000e+00,-0.000000000000000000e+00,-3.491673940058754866e-01,-6.819750520640317504e-01,1.269505870393405067e-01,0.000000000000000000e+00,1.075586564721634115e-02,-0.000000000000000000e+00,-0.000000000000000000e+00,0.000000000000000000e+00,-0.000000000000000000e+00,-0.000000000000000000e+00,-0.000000000000000000e+00,-4.132404474354783863e-02,-0.000000000000000000e+00,0.000000000000000000e+00,2.303505896301501821e+00,-4.875468312494862233e-01,-0.000000000000000000e+00,-8.555794815276472620e-02,-0.000000000000000000e+00,-0.000000000000000000e+00,0.000000000000000000e+00,0.000000000000000000e+00,0.000000000000000000e+00,-0.000000000000000000e+00,-6.372146944360583543e-02,0.000000000000000000e+00,-0.000000000000000000e+00,0.000000000000000000e+00,-0.000000000000000000e+00,-3.176078193219825097e-02,-3.659600765196814320e-01,3.488886459421273317e-02,-0.000000000000000000e+00,-0.000000000000000000e+00,0.000000000000000000e+00,-0.000000000000000000e+00
-0.000000000000000000e+00,-0.000000000000000000e+00,-0.000000000000000000e+00,-1.930549027193640133e-01,-1.116987408583174253e-02,0.000000000000000000e+00,0.000000000000000000e+00,0.000000000000000000e+00,-0.000000000000000000e+00,-1.202389237764368290e-01,0.000000000000000000e+00,-1.273067330883206338e-01,-1.140285472611391321e-01,-0.000000000000000000e+00,-3.410154450229213041e-01,-0.000000000000000000e+00,0.000000000000000000e+00,-4.875468312494862233e-01,2.492502174684107619e+00,-0.000000000000000000e+00,-1.086469661017154253e-01,-0.000000000000000000e+00,-9.165103352204284626e-02,0.000000000000000000e+00,-0.000000000000000000e+00,0.000000000000000000e+00,-0.000000000000000000e+00,-8.295718577233195112e-02,0.000000000000000000e+00,-5.049464537417717135e-03,0.000000000000000000e+00,-2.157793815940489413e-01,-2.657312221962810361e-01,-1.763475792451288660e-01,3.402173103369124374e-01,-0.000000000000000000e+00,-0.000000000000000000e+00,0.000000000000000000e+00,-0.000000000000000000e+00
-0.000000000000000000e+00,-0.000000000000000000e+00,-0.000000000000000000e+00,-0.000000000000000000e+00,0.000000000000000000e+00,0.000000000000000000e+00,-0.000000000000000000e+00,0.000000000000000000e+00,-0.000000000000000000e+00,-0.000000000000000000e+00,-0.000000000000000000e+00,-0.000000000000000000e+00,-0.000000000000000000e+00,-0.000000000000000000e+00,-1.002982766242733505e-02,-0.000000000000000000e+00,-0.000000000000000000e+00,-0.000000000000000000e+00,-0.000000000000000000e+00,1.010998609589812025e+00,-0.000000000000000000e+00,-1.015996102212441549e-01,-0.000000000000000000e+00,0.000000000000000000e+00,0.000000000000000000e+00,0.000000000000000000e+00,-0.000000000000000000e+00,-0.000000000000000000e+00,0.000000000000000000e+00,-0.000000000000000000e+00,0.000000000000000000e+00,-0.000000000000000000e+00,-0.000000000000000000e+00,-0.000000000000000000e+00,0.000000000000000000e+00,-0.000000000000000000e+00,-0.000000000000000000e+00,-0.000000000000000000e+00,-0.000000000000000000e+00
-0.000000000000000000e+00,-0.000000000000000000e+00,-0.000000000000000000e+00,-0.000000000000000000e+00,-0.000000000000000000e+00,2.581175852390779624e-01,0.000000000000000000e+00,0.000000000000000000e+00,-0.000000000000000000e+00,-9.430949243543143568e-02,0.000000000000000000e+00,-8.764984282067067589e-03,-6.663639200942782226e-02,-0.000000000000000000e+00,-2.582228131575291519e-01,-3.553985818601328173e-02,-0.000000000000000000e+00,-8.555794815276472620e-02,-1.086469661017154253e-01,-0.000000000000000000e+00,2.351397768781201325e+00,-1.157457403288365411e-01,-0.000000000000000000e+00,0.000000000000000000e+00,0.000000000000000000e+00,1.155782385444869553e-01,-0.000000000000000000e+00,-4.485475615696562363e-02,0.000000000000000000e+00,-1.747444765372372852e-02,3.111430080707399889e-02,-4.708781148607717459e-01,-5.777267424189083123e-01,-0.000000000000000000e+00,2.024019340550818891e-01,-0.000000000000000000e+00,-0.000000000000000000e+00,0.000000000000000000e+00,-0.000000000000000000e+00
-0.000000000000000000e+00,-5.608080670639686155e-02,-0.000000000000000000e+00,-3.507887829296559012e-02,-0.000000000000000000e+00,1.195848769229389680e-01,0.000000000000000000e+00,0.000000000000000000e+00,-0.000000000000000000e+00,-8.445473275491433007e-02,-0.000000000000000000e+00,-3.142430427091351397e-02,-0.000000000000000000e+00,-0.000000000000000000e+00,-0.000000000000000000e+00,-2.025057815192236044e-01,-0.000000000000000000e+00,-0.000000000000000000e+00,-0.000000000000000000e+00,-1.015996102212441549e-01,-1.157457403288365411e-01,1.452076693848610711e+00,-0.000000000000000000e+00,-0.000000000000000000e+00,0.000000000000000000e+00,0.000000000000000000e+00,-0.000000000000000000e+00,-2.563256141414384515e-01,5.097796969889675789e-02,-0.000000000000000000e+00,0.000000000000000000e+00,-5.241372594650530597e-02,-9.443314281001194410e-02,-0.000000000000000000e+00,0.000000000000000000e+00,-0.000000000000000000e+00,-0.000000000000000000e+00,-0.000000000000000000e+00,-0.000000000000000000e+00
-0.000000000000000000e+00,-5.032064132115252747e-02,-0.000000000000000000e+00,-0.000000000000000000e+00,-0.000000000000000000e+00,-0.000000000000000000e+00,8.616119023542417876e-02,0.000000000000000000e+00,-2.707648601254284970e-01,-1.520309627668716412e-01,-0.000000000000000000e+00,-2.144794521814808175e-01,-0.000000000000000000e+00,-5.096973167579246788e-02,-0.000000000000000000e+00,-0.000000000000000000e+00,0.000000000000000000e+00,-0.000000000000000000e+00,-9.165103352204284626e-02,-0.000000000000000000e+00,-0.000000000000000000e+00,-0.000000000000000000e+00,1.499509656138130476e+00,-0.000000000000000000e+00,-1.133887524293427512e-01,0.000000000000000000e+00,-0.000000000000000000e+00,-3.356500852088353218e-04,0.000000000000000000e+00,-1.033459615381279312e-01,0.000000000000000000e+00,-8.337730341770824283e-02,-7.453359429957626472e-03,-3.318762525780578898e-02,0.000000000000000000e+00,-0.000000000000000000e+00,-1.842464790974056646e-02,-0.000000000000000000e+00,-6.648703462223526373e-02
-0.000000000000000000e+00,-0.000000000000000000e+00,-0.000000000000000000e+00,0.000000000000000000e+00,0.000000000000000000e+00,-0.000000000000000000e+00,-0.000000000000000000e+00,4.971070134844825586e-03,-0.000000000000000000e+00,0.000000000000000000e+00,-0.000000000000000000e+00,0.000000000000000000e+00,0.000000000000000000e+00,-3.401336725066034239e-02,0.000000000000000000e+00,0.000000000000000000e+00,-6.722817837877650970e-02,0.000000000000000000e+00,0.000000000000000000e+00,0.000000000000000000e+00,0.000000000000000000e+00,-0.000000000000000000e+00,-0.000000000000000000e+00,1.269988175714339862e+00,-2.358112846058778023e-01,-0.000000000000000000e+00,-1.940222611584540777e-02,-0.000000000000000000e+00,-3.788274655483377384e-01,0.000000000000000000e+00,-1.526397947073879213e-01,-0.000000000000000000e+00,-0.000000000000000000e+00,0.000000000000000000e+00,-0.000000000000000000e+00,0.000000000000000000e+00,-4.600248249914223875e-02,0.000000000000000000e+00,0.000000000000000000e+00
-0.000000000000000000e+00,-0.000000000000000000e+00,-0.000000000000000000e+00,0.000000000000000000e+00,-0.000000000000000000e+00,-0.000000000000000000e+00,0.000000000000000000e+00,0.000000000000000000e+00,-2.057794557410564662e-01,-0.000000000000000000e+00,-2.872642297553062649e-02,-0.000000000000000000e+00,0.000000000000000000e+00,-2.834456945554217899e-01,0.000000000000000000e+00,-0.000000000000000000e+00,-0.000000000000000000e+00,0.000000000000000000e+00,-0.000000000000000000e+00,0.000000000000000000e+00,0.000000000000000000e+00,0.000000000000000000e+00,-1.133887524293427512e-01,-2.358112846058778023e-01,1.459461065966608961e+00,-2.946359779554818051e-02,-3.307431646408117154e-01,-0.000000000000000000e+00,-1.491418057318710522e-01,-0.000000000000000000e+00,-2.457535600634807027e-01,-0.000000000000000000e+00,-0.000000000000000000e+00,-0.000000000000000000e+00,-0.000000000000000000e+00,-0.000000000000000000e+00,-0.000000000000000000e+00,-0.000000000000000000e+00,-0.000000000000000000e+00
-0.000000000000000000e+00,0.000000000000000000e+00,-0.000000000000000000e+00,0.000000000000000000e+00,-0.000000000000000000e+00,-0.000000000000000000e+00,-0.000000000000000000e+00,0.000000000000000000e+00,0.000000000000000000e+00,0.000000000000000000e+00,0.000000000000000000e+00,1.222569902922169827e-01,3.638480919553405135e-01,-0.000000000000000000e+00,0.000000000000000000e+00,0.000000000000000000e+00,0.000000000000000000e+00,0.000000000000000000e+00,0.000000000000000000e+00,0.000000000000000000e+00,1.155782385444869553e-01,0.000000000000000000e+00,0.000000000000000000e+00,-0.000000000000000000e+00,-2.946359779554818051e-02,1.612678532018036126e+00,-0.000000000000000000e+00,0.000000000000000000e+00,-3.732130342795263456e-01,0.000000000000000000e+00,-3.178632831561855054e-01,6.814668867440615285e-02,0.000000000000000000e+00,-0.000000000000000000e+00,-4.639332307920222831e-02,0.000000000000000000e+00,0.000000000000000000e+00,-0.000000000000000000e+00,0.000000000000000000e+00
0.000000000000000000e+00,-0.000000000000000000e+00,-1.354556515460841604e-01,-0.000000000000000000e+00,-0.000000000000000000e+00,-0.000000000000000000e+00,-0.000000000000000000e+00,6.826481712426225867e-02,-0.000000000000000000e+00,0.000000000000000000e+00,-0.000000000000000000e+00,-0.000000000000000000e+00,0.000000000000000000e+00,-1.474903287337978042e-01,0.000000000000000000e+00,0.000000000000000000e+00,-8.724012597364852462e-02,-0.000000000000000000e+00,-0.000000000000000000e+00,-0.000000000000000000e+00,-0.000000000000000000e+00,-0.000000000000000000e+00,-0.000000000000000000e+00,-1.940222611584540777e-02,-3.307431646408117154e-01,-0.000000000000000000e+00,1.306168978161719618e+00,-2.687704713977404503e-03,-0.000000000000000000e+00,-0.000000000000000000e+00,-2.092879280816358489e-01,-0.000000000000000000e+00,-0.000000000000000000e+00,-0.000000000000000000e+00,0.000000000000000000e+00,-0.000000000000000000e+00,-1.839245845730641260e-01,1.131724904857659385e-02,0.000000000000000000e+00
0.000000000000000000e+00,-0.000000000000000000e+00,-2.189658614179369744e-01,-1.683379519794993284e-01,-0.000000000000000000e+00,9.138727359086527835e-02,0.000000000000000000e+00,8.585032814184806460e-02,-0.000000000000000000e+00,-0.000000000000000000e+00,-0.000000000000000000e+00,-1.431745053186442573e-01,-0.000000000000000000e+00,-0.000000000000000000e+00,-0.000000000000000000e+00,-0.000000000000000000e+00,-0.000000000000000000e+00,-6.372146944360583543e-02,-8.295718577233195112e-02,-0.000000000000000000e+00,-4.485475615696562363e-02,-2.563256141414384515e-01,-3.356500852088353218e-04,-0.000000000000000000e+00,-0.000000000000000000e+00,0.000000000000000000e+00,-2.687704713977404503e-03,2.274535328439572179e+00,0.000000000000000000e+00,-3.778006997766214514e-02,0.000000000000000000e+00,-2.819616928445945470e-01,-4.499827549545855621e-01,-1.582408010067099802e-01,7.883929625812437225e-02,-1.577692640316451511e-01,-1.886907648329483600e-01,0.000000000000000000e+00,-0.000000000000000000e+00
-0.000000000000000000e+00,0.000000000000000000e+00,0.000000000000000000e+00,1.154796348764110386e-01,0.000000000000000000e+00,-0.000000000000000000e+00,-0.000000000000000000e+00,0.000000000000000000e+00,0.000000000000000000e+00,1.168743053942219862e-01,-0.000000000000000000e+00,0.000000000000000000e+00,1.196055504933800084e-01,-0.000000000000000000e+00,0.000000000000000000e+00,0.000000000000000000e+00,-0.000000000000000000e+00,0.000000000000000000e+00,0.000000000000000000e+00,0.000000000000000000e+00,0.000000000000000000e+00,5.097796969889675789e-02,0.000000000000000000e+00,-3.788274655483377384e-01,-1.491418057318710522e-01,-3.732130342795263456e-01,-0.000000000000000000e+00,0.000000000000000000e+00,1.807087497694682243e+00,0.000000000000000000e+00,-1.277188205857423542e-01,0.000000000000000000e+00,0.000000000000000000e+00,0.000000000000000000e+00,-4.826733725234078620e-01,0.000000000000000000e+00,0.000000000000000000e+00,-0.000000000000000000e+00,0.000000000000000000e+00
-0.000000000000000000e+00,-0.000000000000000000e+00,-0.000000000000000000e+00,-0.000000000000000000e+00,-0.000000000000000000e+00,0.000000000000000000e+00,0.000000000000000000e+00,0.000000000000000000e+00,-3.541527695909167939e-01,-1.863048372223243265e-01,-0.000000000000000000e+00,-2.826016696546912454e-01,-0.000000000000000000e+00,-0.000000000000000000e+00,-8.021128413247867461e-02,-3.669521701057109481e-02,0.000000000000000000e+00,-0.000000000000000000e+00,-5.049464537417717135e-03,-0.000000000000000000e+00,-1.747444765372372852e-02,-0.000000000000000000e+00,-1.033459615381279312e-01,0.000000000000000000e+00,-0.000000000000000000e+00,0.000000000000000000e+00,-0.000000000000000000e+00,-3.778006997766214514e-02,0.000000000000000000e+00,1.902785369257538051e+00,0.000000000000000000e+00,-0.000000000000000000e+00,-0.000000000000000000e+00,-1.123352821367795858e-02,3.617051816768745987e-01,-1.294990604367097786e-01,-0.000000000000000000e+00,-0.000000000000000000e+00,-2.199928385522690877e-01
-0.000000000000000000e+00,0.000000000000000000e+00,-0.000000000000000000e+00,0.000000000000000000e+00,-0.000000000000000000e+00,-9.521402737131952343e-02,-0.000000000000000000e+00,0.000000000000000000e+00,0.000000000000000000e+00,0.000000000000000000e+00,-0.000000000000000000e+00,0.000000000000000000e+00,1.318834548436612249e-02,-0.000000000000000000e+00,4.102236118852705116e-01,0.000000000000000000e+00,-0.000000000000000000e+00,0.000000000000000000e+00,0.000000000000000000e+00,0.000000000000000000e+00,3.111430080707399889e-02,0.000000000000000000e+00,0.000000000000000000e+00,-1.526397947073879213e-01,-2.457535600634807027e-01,-3.178632831561855054e-01,-2.092879280816358489e-01,0.000000000000000000e+00,-1.277188205857423542e-01,0.000000000000000000e+00,1.626643005229941208e+00,0.000000000000000000e+00,0.000000000000000000e+00,0.000000000000000000e+00,-1.400081247478451862e-01,0.000000000000000000e+00,-0.000000000000000000e+00,0.000000000000000000e+00,0.000000000000000000e+00
0.000000000000000000e+00,-4.412207859455555270e-02,-0.000000000000000000e+00,-0.000000000000000000e+00,-0.000000000000000000e+00,0.000000000000000000e+00,0.000000000000000000e+00,0.000000000000000000e+00,-0.000000000000000000e+00,-0.000000000000000000e+00,0.000000000000000000e+00,-1.550894606923086394e-01,-0.000000000000000000e+00,-0.000000000000000000e+00,-0.000000000000000000e+00,-0.000000000000000000e+00,-0.000000000000000000e+00,-0.000000000000000000e+00,-2.157793815940489413e-01,-0.000000000000000000e+00,-4.708781148607717459e-01,-5.241372594650530597e-02,-8.337730341770824283e-02,-0.000000000000000000e+00,-0.000000000000000000e+00,6.814668867440615285e-02,-0.000000000000000000e+00,-2.819616928445945470e-01,0.000000000000000000e+00,-0.000000000000000000e+00,0.000000000000000000e+00,2.241050986376728726e+00,-3.919611801741197943e-01,-0.000000000000000000e+00,0.000000000000000000e+00,-0.000000000000000000e+00,-4.315665049539176845e-01,0.000000000000000000e+00,-0.000000000000000000e+00
0.000000000000000000e+00,-0.000000000000000000e+00,-0.000000000000000000e+00,-3.960656478884352905e-02,-0.000000000000000000e+00,0.000000000000000000e+00,0.000000000000000000e+00,6.447016598779967134e-02,-0.000000000000000000e+00,-0.000000000000000000e+00,-0.000000000000000000e+00,-2.087921958288976310e-01,-1.571474673753893436e-02,-0.000000000000000000e+00,-0.000000000000000000e+00,-0.000000000000000000e+00,-0.000000000000000000e+00,-3.176078193219825097e-02,-2.657312221962810361e-01,-0.000000000000000000e+00,-5.777267424189083123e-01,-9.443314281001194410e-02,-7.453359429957626472e-03,-0.000000000000000000e+00,-0.000000000000000000e+00,0.000000000000000000e+00,-0.000000000000000000e+00,-4.499827549545855621e-01,0.000000000000000000e+00,-0.000000000000000000e+00,0.000000000000000000e+00,-3.919611801741197943e-01,2.543228032489548873e+00,-1.583262561291398640e-02,0.000000000000000000e+00,-0.000000000000000000e+00,-4.485006049003502082e-01,0.000000000000000000e+00,-0.000000000000000000e+00
-0.000000000000000000e+00,-0.000000000000000000e+00,-1.466404156970156636e-01,-0.000000000000000000e+00,-6.787135449546437549e-01,3.029429249758800596e-02,0.000000000000000000e+00,1.774486408563469841e-01,-1.879914262535923308e-01,-2.646282046042695568e-01,0.000000000000000000e+00,-0.000000000000000000e+00,-0.000000000000000000e+00,-0.000000000000000000e+00,-5.085797708143638407e-02,-8.530546191850424398e-02,0.000000000000000000e+00,-3.659600765196814320e-01,-1.763475792451288660e-01,-0.000000000000000000e+00,-0.000000000000000000e+00,-0.000000000000000000e+00,-3.318762525780578898e-02,0.000000000000000000e+00,-0.000000000000000000e+00,-0.000000000000000000e+00,-0.000000000000000000e+00,-1.582408010067099802e-01,0.000000000000000000e+00,-1.123352821367795858e-02,0.000000000000000000e+00,-0.000000000000000000e+00,-1.583262561291398640e-02,2.268840749552561764e+00,0.000000000000000000e+00,-0.000000000000000000e+00,-0.000000000000000000e+00,-0.000000000000000000e+00,-0.000000000000000000e+00
-0.000000000000000000e+00,0.000000000000000000e+00,0.000000000000000000e+00,2.919125062972624529e-01,0.000000000000000000e+00,-1.610427755045569786e-01,-0.000000000000000000e+00,-0.000000000000000000e+00,0.000000000000000000e+00,1.950988079678916132e-01,-0.000000000000000000e+00,1.352597509150722521e-01,9.945165957400439738e-02,0.000000000000000000e+00,2.066533653802059001e-01,3.660846168833455788e-02,-0.000000000000000000e+00,3.488886459421273317e-02,3.402173103369124374e-01,0.000000000000000000e+00,2.024019340550818891e-01,0.000000000000000000e+00,0.000000000000000000e+00,-0.000000000000000000e+00,-0.000000000000000000e+00,-4.639332307920222831e-02,0.000000000000000000e+00,7.883929625812437225e-02,-4.826733725234078620e-01,3.617051816768745987e-01,-1.400081247478451862e-01,0.000000000000000000e+00,0.000000000000000000e+00,0.000000000000000000e+00,2.494021580940138705e+00,6.124348387797907967e-02,0.000000000000000000e+00,-0.000000000000000000e+00,0.000000000000000000e+00
0.000000000000000000e+00,0.000000000000000000e+00,-3.240674167204525280e-01,-3.148223183994687535e-02,-0.000000000000000000e+00,0.000000000000000000e+00,0.000000000000000000e+00,0.000000000000000000e+00,-1.614423288659608546e-01,-0.000000000000000000e+00,-0.000000000000000000e+00,-0.000000000000000000e+00,-0.000000000000000000e+00,-2.417516281936579470e-01,-0.000000000000000000e+00,-0.000000000000000000e+00,0.000000000000000000e+00,-0.000000000000000000e+00,-0.000000000000000000e+00,-0.000000000000000000e+00,-0.000000000000000000e+00,-0.000000000000000000e+00,-0.000000000000000000e+00,0.000000000000000000e+00,-0.000000000000000000e+00,0.000000000000000000e+00,-0.000000000000000000e+00,-1.577692640316451511e-01,0.000000000000000000e+00,-1.294990604367097786e-01,0.000000000000000000e+00,-0.000000000000000000e+00,-0.000000000000000000e+00,-0.000000000000000000e+00,6.124348387797907967e-02,1.400345971378985421e+00,-0.000000000000000000e+00,0.000000000000000000e+00,-0.000000000000000000e+00
0.000000000000000000e+00,-1.384219860354054810e-01,-0.000000000000000000e+00,-0.000000000000000000e+00,-0.000000000000000000e+00,0.000000000000000000e+00,0.000000000000000000e+00,0.000000000000000000e+00,-0.000000000000000000e+00,-0.000000000000000000e+00,-0.000000000000000000e+00,-1.749331233051076850e-01,-0.000000000000000000e+00,-0.000000000000000000e+00,-0.000000000000000000e+00,-0.000000000000000000e+00,-1.271932030509750067e-01,-0.000000000000000000e+00,-0.000000000000000000e+00,-0.000000000000000000e+00,-0.000000000000000000e+00,-0.000000000000000000e+00,-1.842464790974056646e-02,-4.600248249914223875e-02,-0.000000000000000000e+00,0.000000000000000000e+00,-1.839245845730641260e-01,-1.886907648329483600e-01,0.000000000000000000e+00,-0.000000000000000000e+00,-0.000000000000000000e+00,-4.315665049539176845e-01,-4.485006049003502082e-01,-0.000000000000000000e+00,0.000000000000000000e+00,-0.000000000000000000e+00,1.796965030096192129e+00,0.000000000000000000e+00,-0.000000000000000000e+00
-7.698026627894545282e-01,-4.819447516890316974e-02,0.000000000000000000e+00,0.000000000000000000e+00,0.000000000000000000e+00,-0.000000000000000000e+00,0.000000000000000000e+00,-0.000000000000000000e+00,-0.000000000000000000e+00,-0.000000000000000000e+00,-0.000000000000000000e+00,-0.000000000000000000e+00,0.000000000000000000e+00,0.000000000000000000e+00,-0.000000000000000000e+00,-4.052190938780906963e-03,0.000000000000000000e+00,0.000000000000000000e+00,0.000000000000000000e+00,-0.000000000000000000e+00,0.000000000000000000e+00,-0.000000000000000000e+00,-0.000000000000000000e+00,0.000000000000000000e+00,-0.000000000000000000e+00,-0.000000000000000000e+00,1.131724904857659385e-02,0.000000000000000000e+00,-0.000000000000000000e+00,-0.000000000000000000e+00,0.000000000000000000e+00,0.000000000000000000e+00,0.000000000000000000e+00,-0.000000000000000000e+00,-0.000000000000000000e+00,0.000000000000000000e+00,0.000000000000000000e+00,1.571800815467494505e+00,-3.247813889889185623e-01
-0.000000000000000000e+00,-6.402089877216338154e-01,-0.000000000000000000e+00,-0.000000000000000000e+00,-0.000000000000000000e+00,0.000000000000000000e+00,0.000000000000000000e+00,0.000000000000000000e+00,-6.815418976134707263e-02,-2.866827765229334468e-01,-0.000000000000000000e+00,-3.058888650936550380e-01,-0.000000000000000000e+00,-0.000000000000000000e+00,-0.000000000000000000e+00,-3.782432180034522862e-01,0.000000000000000000e+00,-0.000000000000000000e+00,-0.000000000000000000e+00,-0.000000000000000000e+00,-0.000000000000000000e+00,-0.000000000000000000e+00,-6.648703462223526373e-02,0.000000000000000000e+00,-0.000000000000000000e+00,0.000000000000000000e+00,0.000000000000000000e+00,-0.000000000000000000e+00,0.000000000000000000e+00,-2.199928385522690877e-01,0.000000000000000000e+00,-0.000000000000000000e+00,-0.000000000000000000e+00,-0.000000000000000000e+00,0.000000000000000000e+00,-0.000000000000000000e+00,-0.000000000000000000e+00,-3.247813889889185623e-01,2.254611691303017640e+00
