2.566649198581393509e+00,-4.879314356900819605e-01,-0.000000000000000000e+00,-0.000000000000000000e+00,-1.440374847674232017e-01,0.000000000000000000e+00,-0.000000000000000000e+00,0.000000000000000000e+00,-5.942024900458600101e-01,-5.341407404688287563e-01,0.000000000000000000e+00,-0.000000000000000000e+00,0.000000000000000000e+00,-0.000000000000000000e+00,-0.000000000000000000e+00,-2.225244097330072446e-01,0.000000000000000000e+00,-0.000000000000000000e+00,-0.000000000000000000e+00,-0.000000000000000000e+00,0.000000000000000000e+00,0.000000000000000000e+00,-0.000000000000000000e+00,0.000000000000000000e+00,-1.734727366602860643e-01,-0.000000000000000000e+00,-0.000000000000000000e+00,-0.000000000000000000e+00,-3.201797278102614386e-01,-0.000000000000000000e+00,-0.000000000000000000e+00,-0.000000000000000000e+00,0.000000000000000000e+00,-0.000000000000000000e+00,-0.000000000000000000e+00,-0.000000000000000000e+00,-0.000000000000000000e+00,-0.000000000000000000e+00,-0.000000000000000000e+00
-4.879314356900819605e-01,2.662736525829291878e+00,-0.000000000000000000e+00,-0.000000000000000000e+00,-0.000000000000000000e+00,0.000000000000000000e+00,-2.141425303041895670e-02,-0.000000000000000000e+00,-2.742533283795696719e-01,-1.728148637471079996e-01,-0.000000000000000000e+00,-0.000000000000000000e+00,0.000000000000000000e+00,-0.000000000000000000e+00,-0.000000000000000000e+00,-1.257227691690732986e-02,0.000000000000000000e+00,-0.000000000000000000e+00,-0.000000000000000000e+00,-1.630751872872848174e-01,2.558023143526816714e-02,-0.000000000000000000e+00,-0.000000000000000000e+00,-0.000000000000000000e+00,-4.189970588062599255e-01,-1.050910451839874166e-01,-5.623743130753086072e-01,-0.000000000000000000e+00,-0.000000000000000000e+00,-0.000000000000000000e+00,-0.000000000000000000e+00,-2.904467721900125254e-01,0.000000000000000000e+00,-0.000000000000000000e+00,-0.000000000000000000e+00,-5.630979163564572149e-02,-2.073959898224296272e-01,-0.000000000000000000e+00,-0.000000000000000000e+00
-0.000000000000000000e+00,-0.000000000000000000e+00,2.892148770928174795e+00,0.000000000000000000e+00,-1.324874337165347638e-01,-0.000000000000000000e+00,-0.000000000000000000e+00,1.366303574029024359e+00,-0.000000000000000000e+00,-0.000000000000000000e+00,0.000000000000000000e+00,-0.000000000000000000e+00,0.000000000000000000e+00,-0.000000000000000000e+00,-0.000000000000000000e+00,-0.000000000000000000e+00,-0.000000000000000000e+00,-0.000000000000000000e+00,-2.711487922371018100e-01,0.000000000000000000e+00,-4.831710162154420618e-02,-0.000000000000000000e+00,-0.000000000000000000e+00,-0.000000000000000000e+00,-0.000000000000000000e+00,0.000000000000000000e+00,-0.000000000000000000e+00,-0.000000000000000000e+00,0.000000000000000000e+00,-0.000000000000000000e+00,-4.258170089575878392e-01,0.000000000000000000e+00,-4.098960516747445215e-01,-4.139560560391624677e-01,-0.000000000000000000e+00,0.000000000000000000e+00,-0.000000000000000000e+00,-0.000000000000000000e+00,-0.000000000000000000e+00
-0.000000000000000000e+00,-0.000000000000000000e+00,0.000000000000000000e+00,1.147391456116159336e+00,0.000000000000000000e+00,0.000000000000000000e+00,-1.904826838716145235e-02,-0.000000000000000000e+00,-0.000000000000000000e+00,-0.000000000000000000e+00,0.000000000000000000e+00,-0.000000000000000000e+00,0.000000000000000000e+00,0.000000000000000000e+00,1.237589724726081281e-01,-0.000000000000000000e+00,0.000000000000000000e+00,-3.130800360780306990e-01,-0.000000000000000000e+00,-7.684491825987618818e-02,2.511622508137303922e-02,0.000000000000000000e+00,-0.000000000000000000e+00,0.000000000000000000e+00,-0.000000000000000000e+00,-0.000000000000000000e+00,-0.000000000000000000e+00,-0.000000000000000000e+00,-0.000000000000000000e+00,0.000000000000000000e+00,0.000000000000000000e+00,-0.000000000000000000e+00,0.000000000000000000e+00,0.000000000000000000e+00,0.000000000000000000e+00,-1.166196165407516923e-02,0.000000000000000000e+00,-0.000000000000000000e+00,-0.000000000000000000e+00
-1.440374847674232017e-01,-0.000000000000000000e+00,-1.324874337165347638e-01,0.000000000000000000e+00,2.384293930084445901e+00,-0.000000000000000000e+00,-0.000000000000000000e+00,0.000000000000000000e+00,-3.645338539518399035e-01,-1.321387112749624060e-01,-0.000000000000000000e+00,-0.000000000000000000e+00,0.000000000000000000e+00,-5.765179098342240183e-01,-0.000000000000000000e+00,-1.144901658727412452e-01,-0.000000000000000000e+00,-0.000000000000000000e+00,-2.475544103532453799e-01,-0.000000000000000000e+00,-0.000000000000000000e+00,0.000000000000000000e+00,-0.000000000000000000e+00,-0.000000000000000000e+00,-0.000000000000000000e+00,-1.291043770348013486e-01,-0.000000000000000000e+00,-0.000000000000000000e+00,-0.000000000000000000e+00,-2.483246766428242325e-01,-1.863500065718864604e-02,-0.000000000000000000e+00,-0.000000000000000000e+00,-2.705680375912248858e-01,-0.000000000000000000e+00,-0.000000000000000000e+00,-0.000000000000000000e+00,-0.000000000000000000e+00,-0.000000000000000000e+00
0.000000000000000000e+00,0.000000000000000000e+00,-0.000000000000000000e+00,0.000000000000000000e+00,-0.000000000000000000e+00,1.107324431870751802e+00,4.172689567443545883e-02,-0.000000000000000000e+00,0.000000000000000000e+00,0.000000000000000000e+00,-1.143593934802762113e-01,-0.000000000000000000e+00,0.000000000000000000e+00,-0.000000000000000000e+00,0.000000000000000000e+00,0.000000000000000000e+00,-1.082443936973074144e-01,-0.000000000000000000e+00,0.000000000000000000e+00,0.000000000000000000e+00,-0.000000000000000000e+00,-4.506811248933410147e-02,-2.116844021355429595e-02,-0.000000000000000000e+00,-0.000000000000000000e+00,0.000000000000000000e+00,-0.000000000000000000e+00,-0.000000000000000000e+00,0.000000000000000000e+00,0.000000000000000000e+00,-0.000000000000000000e+00,-0.000000000000000000e+00,-2.236242731449336043e-04,-0.000000000000000000e+00,-1.478997889432157875e-01,0.000000000000000000e+00,-1.220345869855320731e-01,-0.000000000000000000e+00,-0.000000000000000000e+00
-0.000000000000000000e+00,-2.141425303041895670e-02,-0.000000000000000000e+00,-1.904826838716145235e-02,-0.000000000000000000e+00,4.172689567443545883e-02,1.172649064191940038e+00,0.000000000000000000e+00,-0.000000000000000000e+00,-1.696200048337058175e-01,0.000000000000000000e+00,-0.000000000000000000e+00,0.000000000000000000e+00,-0.000000000000000000e+00,-0.000000000000000000e+00,-6.855421752908975874e-02,0.000000000000000000e+00,-0.000000000000000000e+00,-0.000000000000000000e+00,-2.613159288466732622e-01,0.000000000000000000e+00,0.000000000000000000e+00,-0.000000000000000000e+00,0.000000000000000000e+00,-8.738052241869205062e-04,-0.000000000000000000e+00,-0.000000000000000000e+00,-0.000000000000000000e+00,-0.000000000000000000e+00,-0.000000000000000000e+00,-0.000000000000000000e+00,-0.000000000000000000e+00,0.000000000000000000e+00,-0.000000000000000000e+00,0.000000000000000000e+00,-9.276052272863029302e-02,0.000000000000000000e+00,-0.000000000000000000e+00,-0.000000000000000000e+00
0.000000000000000000e+00,-0.000000000000000000e+00,1.366303574029024359e+00,-0.000000000000000000e+00,0.000000000000000000e+00,-0.000000000000000000e+00,0.000000000000000000e+00,2.141722035569978644e+00,0.000000000000000000e+00,-0.000000000000000000e+00,-0.000000000000000000e+00,0.000000000000000000e+00,-0.000000000000000000e+00,0.000000000000000000e+00,0.000000000000000000e+00,-0.000000000000000000e+00,0.000000000000000000e+00,-0.000000000000000000e+00,0.000000000000000000e+00,-1.262386322117751147e-01,0.000000000000000000e+00,-0.000000000000000000e+00,0.000000000000000000e+00,0.000000000000000000e+00,0.000000000000000000e+00,-0.000000000000000000e+00,-0.000000000000000000e+00,0.000000000000000000e+00,-0.000000000000000000e+00,0.000000000000000000e+00,0.000000000000000000e+00,-0.000000000000000000e+00,1.212959206735766821e-01,2.205307436335887661e-01,-0.000000000000000000e+00,-1.465971656082303842e-01,-0.000000000000000000e+00,0.000000000000000000e+00,0.000000000000000000e+00
-5.942024900458600101e-01,-2.742533283795696719e-01,-0.000000000000000000e+00,-0.000000000000000000e+00,-3.645338539518399035e-01,0.000000000000000000e+00,-0.000000000000000000e+00,0.000000000000000000e+00,2.910554648917667908e+00,-3.485513610549508812e-01,-0.000000000000000000e+00,-0.000000000000000000e+00,0.000000000000000000e+00,-2.425373309199841676e-01,-0.000000000000000000e+00,-1.362502303432533701e-01,-0.000000000000000000e+00,-0.000000000000000000e+00,-3.268899054114660641e-01,-0.000000000000000000e+00,0.000000000000000000e+00,0.000000000000000000e+00,-0.000000000000000000e+00,-0.000000000000000000e+00,-2.936128547266042554e-02,-9.618336694750123650e-02,-7.963165704730412742e-02,-0.000000000000000000e+00,-0.000000000000000000e+00,-2.730756882275767183e-01,-0.000000000000000000e+00,-0.000000000000000000e+00,-0.000000000000000000e+00,-3.202183125959547350e-01,-0.000000000000000000e+00,-0.000000000000000000e+00,-0.000000000000000000e+00,-0.000000000000000000e+00,-0.000000000000000000e+00
-5.341407404688287563e-01,-1.728148637471079996e-01,-0.000000000000000000e+00,-0.000000000000000000e+00,-1.321387112749624060e-01,0.000000000000000000e+00,-1.696200048337058175e-01,-0.000000000000000000e+00,-3.485513610549508812e-01,2.926150994127078242e+00,-0.000000000000000000e+00,-0.000000000000000000e+00,0.000000000000000000e+00,-0.000000000000000000e+00,-0.000000000000000000e+00,-9.487702881764549234e-01,0.000000000000000000e+00,-0.000000000000000000e+00,-0.000000000000000000e+00,-4.251036591298300304e-02,0.000000000000000000e+00,0.000000000000000000e+00,-0.000000000000000000e+00,0.000000000000000000e+00,-6.566038806588597732e-02,-1.486197586136550064e-01,-2.054597915396334240e-01,-0.000000000000000000e+00,-0.000000000000000000e+00,-4.319369317137505826e-02,-0.000000000000000000e+00,-1.064538963449230130e-01,0.000000000000000000e+00,-0.000000000000000000e+00,-0.000000000000000000e+00,-1.482109551063146569e-01,-0.000000000000000000e+00,-0.000000000000000000e+00,-0.000000000000000000e+00
0.000000000000000000e+00,-0.000000000000000000e+00,0.000000000000000000e+00,0.000000000000000000e+00,-0.000000000000000000e+00,-1.143593934802762113e-01,0.000000000000000000e+00,-0.000000000000000000e+00,-0.000000000000000000e+00,-0.000000000000000000e+00,1.435139659363296571e+00,0.000000000000000000e+00,-0.000000000000000000e+00,-0.000000000000000000e+00,0.000000000000000000e+00,0.000000000000000000e+00,-6.299758172067019268e-01,-0.000000000000000000e+00,-0.000000000000000000e+00,0.000000000000000000e+00,0.000000000000000000e+00,0.000000000000000000e+00,-0.000000000000000000e+00,-2.362742974994411216e-01,-0.000000000000000000e+00,-0.000000000000000000e+00,-0.000000000000000000e+00,-0.000000000000000000e+00,-0.000000000000000000e+00,-0.000000000000000000e+00,-4.345041479232333165e-02,-8.764349598076129344e-02,-0.000000000000000000e+00,-0.000000000000000000e+00,-0.000000000000000000e+00,0.000000000000000000e+00,-0.000000000000000000e+00,-0.000000000000000000e+00,-0.000000000000000000e+00
-0.000000000000000000e+00,-0.000000000000000000e+00,-0.000000000000000000e+00,-0.000000000000000000e+00,-0.000000000000000000e+00,-0.000000000000000000e+00,-0.000000000000000000e+00,0.000000000000000000e+00,-0.000000000000000000e+00,-0.000000000000000000e+00,0.000000000000000000e+00,2.350129317867170720e+00,5.778529108058072516e-02,-1.160208356164259269e-01,-0.000000000000000000e+00,-5.026299791800500211e-02,0.000000000000000000e+00,-2.154145729519940378e-01,-0.000000000000000000e+00,-0.000000000000000000e+00,0.000000000000000000e+00,-0.000000000000000000e+00,-0.000000000000000000e+00,-0.000000000000000000e+00,-5.220164606602430840e-03,-0.000000000000000000e+00,-2.162985510589047755e-01,-2.912118234589746724e-01,-0.000000000000000000e+00,0.000000000000000000e+00,-0.000000000000000000e+00,-0.000000000000000000e+00,-0.000000000000000000e+00,-2.807653299682101311e-01,0.000000000000000000e+00,-0.000000000000000000e+00,-0.000000000000000000e+00,-0.000000000000000000e+00,-1.025758186821942086e+00
0.000000000000000000e+00,0.000000000000000000e+00,0.000000000000000000e+00,0.000000000000000000e+00,0.000000000000000000e+00,0.000000000000000000e+00,0.000000000000000000e+00,-0.000000000000000000e+00,0.000000000000000000e+00,0.000000000000000000e+00,-0.000000000000000000e+00,5.778529108058072516e-02,1.606618434998617895e+00,0.000000000000000000e+00,0.000000000000000000e+00,0.000000000000000000e+00,-0.000000000000000000e+00,0.000000000000000000e+00,1.037272606250480567e-01,8.289775727506989988e-02,-0.000000000000000000e+00,0.000000000000000000e+00,-0.000000000000000000e+00,0.000000000000000000e+00,0.000000000000000000e+00,0.000000000000000000e+00,1.605617769459419808e-01,2.855475334705332990e-01,0.000000000000000000e+00,0.000000000000000000e+00,3.106293345986465004e-01,0.000000000000000000e+00,0.000000000000000000e+00,0.000000000000000000e+00,0.000000000000000000e+00,0.000000000000000000e+00,3.170061248739907134e-01,0.000000000000000000e+00,0.000000000000000000e+00
-0.000000000000000000e+00,-0.000000000000000000e+00,-0.000000000000000000e+00,0.000000000000000000e+00,-5.765179098342240183e-01,-0.000000000000000000e+00,-0.000000000000000000e+00,0.000000000000000000e+00,-2.425373309199841676e-01,-0.000000000000000000e+00,-0.000000000000000000e+00,-1.160208356164259269e-01,0.000000000000000000e+00,2.226392558664092469e+00,-0.000000000000000000e+00,-3.271795739110507084e-02,-0.000000000000000000e+00,-0.000000000000000000e+00,-0.000000000000000000e+00,0.000000000000000000e+00,-0.000000000000000000e+00,-0.000000000000000000e+00,-1.841458596746581022e-01,-1.799093422222426963e-01,-1.075070537444622609e-01,-0.000000000000000000e+00,-0.000000000000000000e+00,-0.000000000000000000e+00,-0.000000000000000000e+00,-2.885839251677763118e-01,-6.012764948742953253e-02,-0.000000000000000000e+00,-7.841223654577886282e-02,-3.289518267187022671e-01,-0.000000000000000000e+00,-0.000000000000000000e+00,-3.661322164501584070e-02,-0.000000000000000000e+00,-8.094659335200879435e-02
-0.000000000000000000e+00,-0.000000000000000000e+00,-0.000000000000000000e+00,1.237589724726081281e-01,-0.000000000000000000e+00,0.000000000000000000e+00,-0.000000000000000000e+00,0.000000000000000000e+00,-0.000000000000000000e+00,-0.000000000000000000e+00,0.000000000000000000e+00,-0.000000000000000000e+00,0.000000000000000000e+00,-0.000000000000000000e+00,1.321077226473413413e+00,-0.000000000000000000e+00,1.698422649332138601e-01,4.642801470454056556e-01,0.000000000000000000e+00,-0.000000000000000000e+00,0.000000000000000000e+00,-0.000000000000000000e+00,0.000000000000000000e+00,0.000000000000000000e+00,-0.000000000000000000e+00,0.000000000000000000e+00,-0.000000000000000000e+00,-0.000000000000000000e+00,-0.000000000000000000e+00,0.000000000000000000e+00,0.000000000000000000e+00,-0.000000000000000000e+00,0.000000000000000000e+00,-4.600891443782946337e-03,-0.000000000000000000e+00,-0.000000000000000000e+00,-0.000000000000000000e+00,1.232764219819048324e-01,-0.000000000000000000e+00
-2.225244097330072446e-01,-1.257227691690732986e-02,-0.000000000000000000e+00,-0.000000000000000000e+00,-1.144901658727412452e-01,0.000000000000000000e+00,-6.855421752908975874e-02,-0.000000000000000000e+00,-1.362502303432533701e-01,-9.487702881764549234e-01,0.000000000000000000e+00,-5.026299791800500211e-02,0.000000000000000000e+00,-3.271795739110507084e-02,-0.000000000000000000e+00,2.824889289966640238e+00,0.000000000000000000e+00,-1.535649305074539839e-01,-0.000000000000000000e+00,-8.407033244225564639e-02,0.000000000000000000e+00,-0.000000000000000000e+00,-0.000000000000000000e+00,0.000000000000000000e+00,-0.000000000000000000e+00,-2.574820542439257287e-01,-1.965930383619786948e-01,-2.192861039548531232e-01,-0.000000000000000000e+00,-2.351470902726486290e-01,-0.000000000000000000e+00,-1.346687786231219319e-01,0.000000000000000000e+00,-0.000000000000000000e+00,-0.000000000000000000e+00,-1.818049433179306507e-01,-0.000000000000000000e+00,-0.000000000000000000e+00,-0.000000000000000000e+00
0.000000000000000000e+00,0.000000000000000000e+00,-0.000000000000000000e+00,0.000000000000000000e+00,-0.000000000000000000e+00,-1.082443936973074144e-01,0.000000000000000000e+00,0.000000000000000000e+00,-0.000000000000000000e+00,0.000000000000000000e+00,-6.299758172067019268e-01,0.000000000000000000e+00,-0.000000000000000000e+00,-0.000000000000000000e+00,1.698422649332138601e-01,0.000000000000000000e+00,1.465304106111339655e+00,-0.000000000000000000e+00,-0.000000000000000000e+00,9.248664592265784523e-02,-0.000000000000000000e+00,0.000000000000000000e+00,-2.013995002528656542e-01,-0.000000000000000000e+00,0.000000000000000000e+00,-0.000000000000000000e+00,0.000000000000000000e+00,-0.000000000000000000e+00,-0.000000000000000000e+00,-1.269630735975150471e-01,-0.000000000000000000e+00,-0.000000000000000000e+00,-0.000000000000000000e+00,0.000000000000000000e+00,-0.000000000000000000e+00,0.000000000000000000e+00,-0.000000000000000000e+00,-3.195733412139882545e-02,0.000000000000000000e+00
-0.000000000000000000e+00,-0.000000000000000000e+00,-0.000000000000000000e+00,-3.130800360780306990e-01,-0.000000000000000000e+00,-0.000000000000000000e+00,-0.000000000000000000e+00,-0.000000000000000000e+00,-0.000000000000000000e+00,-0.000000000000000000e+00,-0.000000000000000000e+00,-2.154145729519940378e-01,0.000000000000000000e+00,-0.000000000000000000e+00,4.642801470454056556e-01,-1.535649305074539839e-01,-0.000000000000000000e+00,2.075242130096406790e+00,-0.000000000000000000e+00,-0.000000000000000000e+00,0.000000000000000000e+00,-0.000000000000000000e+00,-0.000000000000000000e+00,-0.000000000000000000e+00,-0.000000000000000000e+00,-4.311948888223578885e-02,-0.000000000000000000e+00,-3.694214174776109805e-01,-0.000000000000000000e+00,-0.000000000000000000e+00,-0.000000000000000000e+00,-0.000000000000000000e+00,-0.000000000000000000e+00,-0.000000000000000000e+00,-0.000000000000000000e+00,-0.000000000000000000e+00,-0.000000000000000000e+00,-6.726239575487962252e-01,-3.967656360806846166e-03
-0.000000000000000000e+00,-0.000000000000000000e+00,-2.711487922371018100e-01,-0.000000000000000000e+00,-2.475544103532453799e-01,0.000000000000000000e+00,-0.000000000000000000e+00,0.000000000000000000e+00,-3.268899054114660641e-01,-0.000000000000000000e+00,-0.000000000000000000e+00,-0.000000000000000000e+00,1.037272606250480567e-01,-0.000000000000000000e+00,0.000000000000000000e+00,-0.000000000000000000e+00,-0.000000000000000000e+00,-0.000000000000000000e+00,2.234720067368875185e+00,-0.000000000000000000e+00,-0.000000000000000000e+00,-0.000000000000000000e+00,-0.000000000000000000e+00,-0.000000000000000000e+00,-1.548932659886260166e-01,-0.000000000000000000e+00,-5.143557622513313110e-02,-1.453660565502591095e-01,-0.000000000000000000e+00,-0.000000000000000000e+00,-6.058635137178386421e-01,-0.000000000000000000e+00,-0.000000000000000000e+00,-4.927229838898382341e-02,0.000000000000000000e+00,0.000000000000000000e+00,-0.000000000000000000e+00,-0.000000000000000000e+00,-2.931590383900894992e-01
-0.000000000000000000e+00,-1.630751872872848174e-01,0.000000000000000000e+00,-7.684491825987618818e-02,-0.000000000000000000e+00,0.000000000000000000e+00,-2.613159288466732622e-01,-1.262386322117751147e-01,-0.000000000000000000e+00,-4.251036591298300304e-02,0.000000000000000000e+00,-0.000000000000000000e+00,8.289775727506989988e-02,0.000000000000000000e+00,-0.000000000000000000e+00,-8.407033244225564639e-02,9.248664592265784523e-02,-0.000000000000000000e+00,-0.000000000000000000e+00,1.274012660016247356e+00,1.432525003968633803e-01,-0.000000000000000000e+00,0.000000000000000000e+00,0.000000000000000000e+00,-0.000000000000000000e+00,-0.000000000000000000e+00,-1.692485240815889413e-01,-3.611898436360901077e-02,-0.000000000000000000e+00,0.000000000000000000e+00,0.000000000000000000e+00,-0.000000000000000000e+00,8.015539701838121645e-02,0.000000000000000000e+00,0.000000000000000000e+00,-0.000000000000000000e+00,-0.000000000000000000e+00,-0.000000000000000000e+00,-0.000000000000000000e+00
0.000000000000000000e+00,2.558023143526816714e-02,-4.831710162154420618e-02,2.511622508137303922e-02,-0.000000000000000000e+00,-0.000000000000000000e+00,0.000000000000000000e+00,0.000000000000000000e+00,0.000000000000000000e+00,0.000000000000000000e+00,0.000000000000000000e+00,0.000000000000000000e+00,-0.000000000000000000e+00,-0.000000000000000000e+00,0.000000000000000000e+00,0.000000000000000000e+00,-0.000000000000000000e+00,0.000000000000000000e+00,-0.000000000000000000e+00,1.432525003968633803e-01,1.261720601706964429e+00,-2.048155991586587399e-01,-0.000000000000000000e+00,0.000000000000000000e+00,0.000000000000000000e+00,0.000000000000000000e+00,0.000000000000000000e+00,0.000000000000000000e+00,0.000000000000000000e+00,-0.000000000000000000e+00,-2.593006943645979612e-01,0.000000000000000000e+00,-2.163606415404941141e-01,0.000000000000000000e+00,-1.482273492931125702e-01,0.000000000000000000e+00,0.000000000000000000e+00,0.000000000000000000e+00,7.443286836721815791e-02
0.000000000000000000e+00,-0.000000000000000000e+00,-0.000000000000000000e+00,0.000000000000000000e+00,0.000000000000000000e+00,-4.506811248933410147e-02,0.000000000000000000e+00,-0.000000000000000000e+00,0.000000000000000000e+00,0.000000000000000000e+00,0.000000000000000000e+00,-0.000000000000000000e+00,0.000000000000000000e+00,-0.000000000000000000e+00,-0.000000000000000000e+00,-0.000000000000000000e+00,0.000000000000000000e+00,-0.000000000000000000e+00,-0.000000000000000000e+00,-0.000000000000000000e+00,-2.048155991586587399e-01,1.251547931289894500e+00,-0.000000000000000000e+00,-0.000000000000000000e+00,-0.000000000000000000e+00,0.000000000000000000e+00,-0.000000000000000000e+00,-2.120740165521900478e-01,0.000000000000000000e+00,0.000000000000000000e+00,-3.983417447589093774e-02,0.000000000000000000e+00,-2.881191179191390783e-01,-0.000000000000000000e+00,-4.455641791548897723e-02,0.000000000000000000e+00,-0.000000000000000000e+00,-0.000000000000000000e+00,-0.000000000000000000e+00
-0.000000000000000000e+00,-0.000000000000000000e+00,-0.000000000000000000e+00,-0.000000000000000000e+00,-0.000000000000000000e+00,-2.116844021355429595e-02,-0.000000000000000000e+00,0.000000000000000000e+00,-0.000000000000000000e+00,-0.000000000000000000e+00,-0.000000000000000000e+00,-0.000000000000000000e+00,-0.000000000000000000e+00,-1.841458596746581022e-01,0.000000000000000000e+00,-0.000000000000000000e+00,-2.013995002528656542e-01,-0.000000000000000000e+00,-0.000000000000000000e+00,0.000000000000000000e+00,-0.000000000000000000e+00,-0.000000000000000000e+00,1.511492075925670031e+00,-2.177434080329962440e-02,-6.799320235594015216e-01,-0.000000000000000000e+00,-0.000000000000000000e+00,-0.000000000000000000e+00,-0.000000000000000000e+00,-0.000000000000000000e+00,-0.000000000000000000e+00,-0.000000000000000000e+00,-0.000000000000000000e+00,-0.000000000000000000e+00,-0.000000000000000000e+00,-0.000000000000000000e+00,-0.000000000000000000e+00,-4.157266716183329047e-02,-0.000000000000000000e+00
0.000000000000000000e+00,-0.000000000000000000e+00,-0.000000000000000000e+00,0.000000000000000000e+00,-0.000000000000000000e+00,-0.000000000000000000e+00,0.000000000000000000e+00,0.000000000000000000e+00,-0.000000000000000000e+00,0.000000000000000000e+00,-2.362742974994411216e-01,-0.000000000000000000e+00,0.000000000000000000e+00,-1.799093422222426963e-01,0.000000000000000000e+00,0.000000000000000000e+00,-0.000000000000000000e+00,-0.000000000000000000e+00,-0.000000000000000000e+00,0.000000000000000000e+00,0.000000000000000000e+00,-0.000000000000000000e+00,-2.177434080329962440e-02,1.443736647594425104e+00,-0.000000000000000000e+00,0.000000000000000000e+00,-0.000000000000000000e+00,-0.000000000000000000e+00,9.660688622888364109e-04,-0.000000000000000000e+00,-0.000000000000000000e+00,-0.000000000000000000e+00,-2.109960917167864047e-01,-2.853380147628494234e-01,0.000000000000000000e+00,1.561087205868301186e-01,-0.000000000000000000e+00,-4.124462615031793122e-02,-2.387407315616843495e-01
-1.734727366602860643e-01,-4.189970588062599255e-01,-0.000000000000000000e+00,-0.000000000000000000e+00,-0.000000000000000000e+00,-0.000000000000000000e+00,-8.738052241869205062e-04,0.000000000000000000e+00,-2.936128547266042554e-02,-6.566038806588597732e-02,-0.000000000000000000e+00,-5.220164606602430840e-03,0.000000000000000000e+00,-1.075070537444622609e-01,-0.000000000000000000e+00,-0.000000000000000000e+00,0.000000000000000000e+00,-0.000000000000000000e+00,-1.548932659886260166e-01,-0.000000000000000000e+00,0.000000000000000000e+00,-0.000000000000000000e+00,-6.799320235594015216e-01,-0.000000000000000000e+00,2.086345578994306837e+00,-0.000000000000000000e+00,-3.470779166701864482e-01,-0.000000000000000000e+00,-0.000000000000000000e+00,-0.000000000000000000e+00,-1.329925625309013454e-02,-0.000000000000000000e+00,0.000000000000000000e+00,-0.000000000000000000e+00,-0.000000000000000000e+00,-0.000000000000000000e+00,-0.000000000000000000e+00,-0.000000000000000000e+00,-1.117159394969981581e-02
-0.000000000000000000e+00,-1.050910451839874166e-01,0.000000000000000000e+00,-0.000000000000000000e+00,-1.291043770348013486e-01,0.000000000000000000e+00,-0.000000000000000000e+00,-0.000000000000000000e+00,-9.618336694750123650e-02,-1.486197586136550064e-01,-0.000000000000000000e+00,-0.000000000000000000e+00,0.000000000000000000e+00,-0.000000000000000000e+00,0.000000000000000000e+00,-2.574820542439257287e-01,-0.000000000000000000e+00,-4.311948888223578885e-02,-0.000000000000000000e+00,-0.000000000000000000e+00,0.000000000000000000e+00,0.000000000000000000e+00,-0.000000000000000000e+00,0.000000000000000000e+00,-0.000000000000000000e+00,2.889944990795985102e+00,-3.068584652146492120e-01,-1.036306429472954177e-01,-8.854638768334177623e-01,-0.000000000000000000e+00,-0.000000000000000000e+00,-6.985139734025201941e-01,0.000000000000000000e+00,-0.000000000000000000e+00,-0.000000000000000000e+00,-1.100098850274832535e-01,-6.825919486110326728e-02,-0.000000000000000000e+00,-0.000000000000000000e+00
-0.000000000000000000e+00,-5.623743130753086072e-01,-0.000000000000000000e+00,-0.000000000000000000e+00,-0.000000000000000000e+00,-0.000000000000000000e+00,-0.000000000000000000e+00,-0.000000000000000000e+00,-7.963165704730412742e-02,-2.054597915396334240e-01,-0.000000000000000000e+00,-2.162985510589047755e-01,1.605617769459419808e-01,-0.000000000000000000e+00,-0.000000000000000000e+00,-1.965930383619786948e-01,0.000000000000000000e+00,-0.000000000000000000e+00,-5.143557622513313110e-02,-1.692485240815889413e-01,0.000000000000000000e+00,-0.000000000000000000e+00,-0.000000000000000000e+00,-0.000000000000000000e+00,-3.470779166701864482e-01,-3.068584652146492120e-01,3.050369560860484164e+00,-3.536514413124988709e-01,-6.981581583795008761e-02,-0.000000000000000000e+00,-2.545219352338363300e-02,-1.987404797999745010e-01,-0.000000000000000000e+00,-0.000000000000000000e+00,-0.000000000000000000e+00,-0.000000000000000000e+00,-2.750714259046755927e-01,-0.000000000000000000e+00,-2.303042015705208390e-01
-0.000000000000000000e+00,-0.000000000000000000e+00,-0.000000000000000000e+00,-0.000000000000000000e+00,-0.000000000000000000e+00,-0.000000000000000000e+00,-0.000000000000000000e+00,0.000000000000000000e+00,-0.000000000000000000e+00,-0.000000000000000000e+00,-0.000000000000000000e+00,-2.912118234589746724e-01,2.855475334705332990e-01,-0.000000000000000000e+00,-0.000000000000000000e+00,-2.192861039548531232e-01,-0.000000000000000000e+00,-3.694214174776109805e-01,-1.453660565502591095e-01,-3.611898436360901077e-02,0.000000000000000000e+00,-2.120740165521900478e-01,-0.000000000000000000e+00,-0.000000000000000000e+00,-0.000000000000000000e+00,-1.036306429472954177e-01,-3.536514413124988709e-01,2.283780531116217372e+00,-0.000000000000000000e+00,-0.000000000000000000e+00,-1.416100939112761303e-01,-0.000000000000000000e+00,-0.000000000000000000e+00,-0.000000000000000000e+00,-0.000000000000000000e+00,-0.000000000000000000e+00,-2.128166395365653774e-01,-4.549621566922514709e-02,-9.410694233712092738e-02
-3.201797278102614386e-01,-0.000000000000000000e+00,0.000000000000000000e+00,-0.000000000000000000e+00,-0.000000000000000000e+00,0.000000000000000000e+00,-0.000000000000000000e+00,-0.000000000000000000e+00,-0.000000000000000000e+00,-0.000000000000000000e+00,-0.000000000000000000e+00,-0.000000000000000000e+00,0.000000000000000000e+00,-0.000000000000000000e+00,-0.000000000000000000e+00,-0.000000000000000000e+00,-0.000000000000000000e+00,-0.000000000000000000e+00,-0.000000000000000000e+00,-0.000000000000000000e+00,0.000000000000000000e+00,0.000000000000000000e+00,-0.000000000000000000e+00,9.660688622888364109e-04,-0.000000000000000000e+00,-8.854638768334177623e-01,-6.981581583795008761e-02,-0.000000000000000000e+00,2.254885172517283376e+00,-0.000000000000000000e+00,-0.000000000000000000e+00,-4.171916229925892727e-01,0.000000000000000000e+00,0.000000000000000000e+00,-1.790914540287099066e-01,-1.438024144653092251e-01,-7.603102494292507396e-02,0.000000000000000000e+00,0.000000000000000000e+00
-0.000000000000000000e+00,-0.000000000000000000e+00,-0.000000000000000000e+00,0.000000000000000000e+00,-2.483246766428242325e-01,0.000000000000000000e+00,-0.000000000000000000e+00,0.000000000000000000e+00,-2.730756882275767183e-01,-4.319369317137505826e-02,-0.000000000000000000e+00,0.000000000000000000e+00,0.000000000000000000e+00,-2.885839251677763118e-01,0.000000000000000000e+00,-2.351470902726486290e-01,-1.269630735975150471e-01,-0.000000000000000000e+00,-0.000000000000000000e+00,0.000000000000000000e+00,-0.000000000000000000e+00,0.000000000000000000e+00,-0.000000000000000000e+00,-0.000000000000000000e+00,-0.000000000000000000e+00,-0.000000000000000000e+00,-0.000000000000000000e+00,-0.000000000000000000e+00,-0.000000000000000000e+00,1.759949673095620337e+00,-0.000000000000000000e+00,-1.407264315478493621e-01,-0.000000000000000000e+00,-0.000000000000000000e+00,-1.527073291731814719e-01,-1.105367397709969973e-01,-0.000000000000000000e+00,0.000000000000000000e+00,0.000000000000000000e+00
-0.000000000000000000e+00,-0.000000000000000000e+00,-4.258170089575878392e-01,0.000000000000000000e+00,-1.863500065718864604e-02,-0.000000000000000000e+00,-0.000000000000000000e+00,0.000000000000000000e+00,-0.000000000000000000e+00,-0.000000000000000000e+00,-4.345041479232333165e-02,-0.000000000000000000e+00,3.106293345986465004e-01,-6.012764948742953253e-02,0.000000000000000000e+00,-0.000000000000000000e+00,-0.000000000000000000e+00,-0.000000000000000000e+00,-6.058635137178386421e-01,0.000000000000000000e+00,-2.593006943645979612e-01,-3.983417447589093774e-02,-0.000000000000000000e+00,-0.000000000000000000e+00,-1.329925625309013454e-02,-0.000000000000000000e+00,-2.545219352338363300e-02,-1.416100939112761303e-01,-0.000000000000000000e+00,-0.000000000000000000e+00,2.093812183336211774e+00,-0.000000000000000000e+00,-1.147482360371162857e-01,-7.817537639729121857e-02,-0.000000000000000000e+00,0.000000000000000000e+00,-6.788898479086587223e-02,-0.000000000000000000e+00,-0.000000000000000000e+00
-0.000000000000000000e+00,-2.904467721900125254e-01,0.000000000000000000e+00,-0.000000000000000000e+00,-0.000000000000000000e+00,-0.000000000000000000e+00,-0.000000000000000000e+00,-0.000000000000000000e+00,-0.000000000000000000e+00,-1.064538963449230130e-01,-8.764349598076129344e-02,-0.000000000000000000e+00,0.000000000000000000e+00,-0.000000000000000000e+00,-0.000000000000000000e+00,-1.346687786231219319e-01,-0.000000000000000000e+00,-0.000000000000000000e+00,-0.000000000000000000e+00,-0.000000000000000000e+00,0.000000000000000000e+00,0.000000000000000000e+00,-0.000000000000000000e+00,-0.000000000000000000e+00,-0.000000000000000000e+00,-6.985139734025201941e-01,-1.987404797999745010e-01,-0.000000000000000000e+00,-4.171916229925892727e-01,-1.407264315478493621e-01,-0.000000000000000000e+00,2.617924846070423417e+00,0.000000000000000000e+00,-0.000000000000000000e+00,-6.681680300646924975e-02,-8.574472895747224654e-02,-4.603363321860903246e-01,0.000000000000000000e+00,-0.000000000000000000e+00
0.000000000000000000e+00,0.000000000000000000e+00,-4.098960516747445215e-01,0.000000000000000000e+00,-0.000000000000000000e+00,-2.236242731449336043e-04,0.000000000000000000e+00,1.212959206735766821e-01,-0.000000000000000000e+00,0.000000000000000000e+00,-0.000000000000000000e+00,-0.000000000000000000e+00,0.000000000000000000e+00,-7.841223654577886282e-02,0.000000000000000000e+00,0.000000000000000000e+00,-0.000000000000000000e+00,-0.000000000000000000e+00,-0.000000000000000000e+00,8.015539701838121645e-02,-2.163606415404941141e-01,-2.881191179191390783e-01,-0.000000000000000000e+00,-2.109960917167864047e-01,0.000000000000000000e+00,0.000000000000000000e+00,-0.000000000000000000e+00,-0.000000000000000000e+00,0.000000000000000000e+00,-0.000000000000000000e+00,-1.147482360371162857e-01,0.000000000000000000e+00,1.653344511593289434e+00,-1.271756758133016085e-01,-0.000000000000000000e+00,0.000000000000000000e+00,-0.000000000000000000e+00,-0.000000000000000000e+00,-0.000000000000000000e+00
-0.000000000000000000e+00,-0.000000000000000000e+00,-4.139560560391624677e-01,0.000000000000000000e+00,-2.705680375912248858e-01,-0.000000000000000000e+00,-0.000000000000000000e+00,2.205307436335887661e-01,-3.202183125959547350e-01,-0.000000000000000000e+00,-0.000000000000000000e+00,-2.807653299682101311e-01,0.000000000000000000e+00,-3.289518267187022671e-01,-4.600891443782946337e-03,-0.000000000000000000e+00,0.000000000000000000e+00,-0.000000000000000000e+00,-4.927229838898382341e-02,0.000000000000000000e+00,0.000000000000000000e+00,-0.000000000000000000e+00,-0.000000000000000000e+00,-2.853380147628494234e-01,-0.000000000000000000e+00,-0.000000000000000000e+00,-0.000000000000000000e+00,-0.000000000000000000e+00,0.000000000000000000e+00,-0.000000000000000000e+00,-7.817537639729121857e-02,-0.000000000000000000e+00,-1.271756758133016085e-01,2.323691585257185999e+00,0.000000000000000000e+00,0.000000000000000000e+00,-0.000000000000000000e+00,-0.000000000000000000e+00,-1.055665486313596552e-01
-0.000000000000000000e+00,-0.000000000000000000e+00,-0.000000000000000000e+00,0.000000000000000000e+00,-0.000000000000000000e+00,-1.478997889432157875e-01,0.000000000000000000e+00,-0.000000000000000000e+00,-0.000000000000000000e+00,-0.000000000000000000e+00,-0.000000000000000000e+00,0.000000000000000000e+00,0.000000000000000000e+00,-0.000000000000000000e+00,-0.000000000000000000e+00,-0.000000000000000000e+00,-0.000000000000000000e+00,-0.000000000000000000e+00,0.000000000000000000e+00,0.000000000000000000e+00,-1.482273492931125702e-01,-4.455641791548897723e-02,-0.000000000000000000e+00,0.000000000000000000e+00,-0.000000000000000000e+00,-0.000000000000000000e+00,-0.000000000000000000e+00,-0.000000000000000000e+00,-1.790914540287099066e-01,-1.527073291731814719e-01,-0.000000000000000000e+00,-6.681680300646924975e-02,-0.000000000000000000e+00,0.000000000000000000e+00,1.342413431200144780e+00,-1.038691046160205717e-01,-2.558315725640338267e-01,0.000000000000000000e+00,0.000000000000000000e+00
-0.000000000000000000e+00,-5.630979163564572149e-02,0.000000000000000000e+00,-1.166196165407516923e-02,-0.000000000000000000e+00,0.000000000000000000e+00,-9.276052272863029302e-02,-1.465971656082303842e-01,-0.000000000000000000e+00,-1.482109551063146569e-01,0.000000000000000000e+00,-0.000000000000000000e+00,0.000000000000000000e+00,-0.000000000000000000e+00,-0.000000000000000000e+00,-1.818049433179306507e-01,0.000000000000000000e+00,-0.000000000000000000e+00,0.000000000000000000e+00,-0.000000000000000000e+00,0.000000000000000000e+00,0.000000000000000000e+00,-0.000000000000000000e+00,1.561087205868301186e-01,-0.000000000000000000e+00,-1.100098850274832535e-01,-0.000000000000000000e+00,-0.000000000000000000e+00,-1.438024144653092251e-01,-1.105367397709969973e-01,0.000000000000000000e+00,-8.574472895747224654e-02,0.000000000000000000e+00,0.000000000000000000e+00,-1.038691046160205717e-01,1.362449558467123234e+00,-0.000000000000000000e+00,0.000000000000000000e+00,0.000000000000000000e+00
-0.000000000000000000e+00,-2.073959898224296272e-01,-0.000000000000000000e+00,0.000000000000000000e+00,-0.000000000000000000e+00,-1.220345869855320731e-01,0.000000000000000000e+00,-0.000000000000000000e+00,-0.000000000000000000e+00,-0.000000000000000000e+00,-0.000000000000000000e+00,-0.000000000000000000e+00,3.170061248739907134e-01,-3.661322164501584070e-02,-0.000000000000000000e+00,-0.000000000000000000e+00,-0.000000000000000000e+00,-0.000000000000000000e+00,-0.000000000000000000e+00,-0.000000000000000000e+00,0.000000000000000000e+00,-0.000000000000000000e+00,-0.000000000000000000e+00,-0.000000000000000000e+00,-0.000000000000000000e+00,-6.825919486110326728e-02,-2.750714259046755927e-01,-2.128166395365653774e-01,-7.603102494292507396e-02,-0.000000000000000000e+00,-6.788898479086587223e-02,-4.603363321860903246e-01,-0.000000000000000000e+00,-0.000000000000000000e+00,-2.558315725640338267e-01,-0.000000000000000000e+00,2.070832819489905052e+00,-0.000000000000000000e+00,-0.000000000000000000e+00
-0.000000000000000000e+00,-0.000000000000000000e+00,-0.000000000000000000e+00,-0.000000000000000000e+00,-0.000000000000000000e+00,-0.000000000000000000e+00,-0.000000000000000000e+00,0.000000000000000000e+00,-0.000000000000000000e+00,-0.000000000000000000e+00,-0.000000000000000000e+00,-0.000000000000000000e+00,0.000000000000000000e+00,-0.000000000000000000e+00,1.232764219819048324e-01,-0.000000000000000000e+00,-3.195733412139882545e-02,-6.726239575487962252e-01,-0.000000000000000000e+00,-0.000000000000000000e+00,0.000000000000000000e+00,-0.000000000000000000e+00,-4.157266716183329047e-02,-4.124462615031793122e-02,-0.000000000000000000e+00,-0.000000000000000000e+00,-0.000000000000000000e+00,-4.549621566922514709e-02,0.000000000000000000e+00,0.000000000000000000e+00,-0.000000000000000000e+00,0.000000000000000000e+00,-0.000000000000000000e+00,-0.000000000000000000e+00,0.000000000000000000e+00,0.000000000000000000e+00,-0.000000000000000000e+00,1.688071496078714206e+00,-4.378499774255306121e-01
-0.000000000000000000e+00,-0.000000000000000000e+00,-0.000000000000000000e+00,-0.000000000000000000e+00,-0.000000000000000000e+00,-0.000000000000000000e+00,-0.000000000000000000e+00,0.000000000000000000e+00,-0.000000000000000000e+00,-0.000000000000000000e+00,-0.000000000000000000e+00,-1.025758186821942086e+00,0.000000000000000000e+00,-8.094659335200879435e-02,-0.000000000000000000e+00,-0.000000000000000000e+00,0.000000000000000000e+00,-3.967656360806846166e-03,-2.931590383900894992e-01,-0.000000000000000000e+00,7.443286836721815791e-02,-0.000000000000000000e+00,-0.000000000000000000e+00,-2.387407315616843495e-01,-1.117159394969981581e-02,-0.000000000000000000e+00,-2.303042015705208390e-01,-9.410694233712092738e-02,0.000000000000000000e+00,0.000000000000000000e+00,-0.000000000000000000e+00,-0.000000000000000000e+00,-0.000000000000000000e+00,-1.055665486313596552e-01,0.000000000000000000e+00,0.000000000000000000e+00,-0.000000000000000000e+00,-4.378499774255306121e-01,2.441019594322995978e+00
