1.614156357874913184e+00,-0.000000000000000000e+00,0.000000000000000000e+00,-0.000000000000000000e+00,-0.000000000000000000e+00,2.714640327630668537e-01,0.000000000000000000e+00,-0.000000000000000000e+00,-3.368722900754102523e-01,0.000000000000000000e+00,0.000000000000000000e+00,1.117975818351269329e-01,0.000000000000000000e+00,0.000000000000000000e+00,1.788422910689347473e-02,-0.000000000000000000e+00,0.000000000000000000e+00,-0.000000000000000000e+00,-0.000000000000000000e+00,-0.000000000000000000e+00,-3.298549102050477577e-01,1.071369426469142155e-01,-0.000000000000000000e+00,-0.000000000000000000e+00,-0.000000000000000000e+00,-4.254495517604309773e-01,0.000000000000000000e+00,0.000000000000000000e+00,0.000000000000000000e+00,-1.493543078098463761e-01,0.000000000000000000e+00,0.000000000000000000e+00,0.000000000000000000e+00,-0.000000000000000000e+00,0.000000000000000000e+00,0.000000000000000000e+00,0.000000000000000000e+00,-2.574620249578465653e-03,-0.000000000000000000e+00
-0.000000000000000000e+00,1.535918153639059147e+00,-0.000000000000000000e+00,0.000000000000000000e+00,0.000000000000000000e+00,-0.000000000000000000e+00,-0.000000000000000000e+00,0.000000000000000000e+00,-0.000000000000000000e+00,-0.000000000000000000e+00,-3.952954784792527356e-04,-0.000000000000000000e+00,-0.000000000000000000e+00,-0.000000000000000000e+00,-0.000000000000000000e+00,-0.000000000000000000e+00,-0.000000000000000000e+00,0.000000000000000000e+00,-0.000000000000000000e+00,-0.000000000000000000e+00,0.000000000000000000e+00,-0.000000000000000000e+00,-0.000000000000000000e+00,-2.528654794474439749e-01,-0.000000000000000000e+00,-1.101868986295495706e-01,-3.511298910879590441e-03,-0.000000000000000000e+00,-5.624699316212766753e-02,-0.000000000000000000e+00,-0.000000000000000000e+00,-3.190563637101650474e-01,-0.000000000000000000e+00,-0.000000000000000000e+00,-0.000000000000000000e+00,-0.000000000000000000e+00,-8.626679490124550265e-02,-2.415636952742393137e-02,-5.070480116184515884e-01
0.000000000000000000e+00,-0.000000000000000000e+00,2.204303302988503521e+00,0.000000000000000000e+00,-1.603465724837065676e-01,-0.000000000000000000e+00,-0.000000000000000000e+00,1.167473802582063680e+00,-0.000000000000000000e+00,-5.902515419243347522e-02,-0.000000000000000000e+00,0.000000000000000000e+00,7.249933551820106174e-03,-0.000000000000000000e+00,-0.000000000000000000e+00,-0.000000000000000000e+00,-0.000000000000000000e+00,-0.000000000000000000e+00,-0.000000000000000000e+00,0.000000000000000000e+00,-0.000000000000000000e+00,-0.000000000000000000e+00,-2.255206486835708291e-01,-0.000000000000000000e+00,-0.000000000000000000e+00,-7.593486908715746386e-02,-0.000000000000000000e+00,-0.000000000000000000e+00,-0.000000000000000000e+00,-0.000000000000000000e+00,-3.993562695809287355e-01,-0.000000000000000000e+00,-0.000000000000000000e+00,-0.000000000000000000e+00,-0.000000000000000000e+00,-0.000000000000000000e+00,-0.000000000000000000e+00,-0.000000000000000000e+00,-0.000000000000000000e+00
-0.000000000000000000e+00,0.000000000000000000e+00,0.000000000000000000e+00,1.165182267215402190e+00,0.000000000000000000e+00,0.000000000000000000e+00,-0.000000000000000000e+00,-0.000000000000000000e+00,-0.000000000000000000e+00,0.000000000000000000e+00,0.000000000000000000e+00,0.000000000000000000e+00,-0.000000000000000000e+00,0.000000000000000000e+00,8.954830974288333079e-02,2.253853709597790356e-03,0.000000000000000000e+00,-2.339602290672225249e-01,-0.000000000000000000e+00,-8.792173118379209562e-02,-0.000000000000000000e+00,0.000000000000000000e+00,0.000000000000000000e+00,0.000000000000000000e+00,0.000000000000000000e+00,0.000000000000000000e+00,0.000000000000000000e+00,1.008270938313010623e-01,0.000000000000000000e+00,-0.000000000000000000e+00,3.165615761155470692e-02,0.000000000000000000e+00,0.000000000000000000e+00,0.000000000000000000e+00,4.270933814395563334e-03,3.401108462808141719e-02,1.010148782941078655e-01,-2.063892453685201300e-01,-0.000000000000000000e+00
-0.000000000000000000e+00,0.000000000000000000e+00,-1.603465724837065676e-01,0.000000000000000000e+00,1.490568388999983007e+00,0.000000000000000000e+00,-0.000000000000000000e+00,0.000000000000000000e+00,-1.604399015915194127e-01,-0.000000000000000000e+00,0.000000000000000000e+00,0.000000000000000000e+00,1.169231892482194002e-01,-1.405615767472844641e-03,0.000000000000000000e+00,-0.000000000000000000e+00,-0.000000000000000000e+00,0.000000000000000000e+00,-1.460897650785359658e-01,0.000000000000000000e+00,-0.000000000000000000e+00,0.000000000000000000e+00,-1.104267964306047956e-01,-0.000000000000000000e+00,-1.175690241008091330e-01,-1.747807631571464682e-01,-0.000000000000000000e+00,-0.000000000000000000e+00,-0.000000000000000000e+00,-1.087169849348913753e-01,-1.236530589819339297e-02,0.000000000000000000e+00,0.000000000000000000e+00,-3.802679909659010260e-01,0.000000000000000000e+00,0.000000000000000000e+00,-0.000000000000000000e+00,-0.000000000000000000e+00,-0.000000000000000000e+00
2.714640327630668537e-01,-0.000000000000000000e+00,-0.000000000000000000e+00,0.000000000000000000e+00,0.000000000000000000e+00,2.617632045970379018e+00,-0.000000000000000000e+00,0.000000000000000000e+00,0.000000000000000000e+00,-0.000000000000000000e+00,-4.115259082220042441e-01,-0.000000000000000000e+00,-0.000000000000000000e+00,-0.000000000000000000e+00,-1.302607559101320867e-01,-0.000000000000000000e+00,-0.000000000000000000e+00,0.000000000000000000e+00,0.000000000000000000e+00,-0.000000000000000000e+00,3.605598974321602701e-01,-4.518310020685391559e-01,-0.000000000000000000e+00,-0.000000000000000000e+00,0.000000000000000000e+00,0.000000000000000000e+00,-1.630940773185999837e-01,-1.229729586921705642e-01,-1.947638952358830000e-01,0.000000000000000000e+00,-0.000000000000000000e+00,-1.303305240852768165e-01,-1.973700732370344824e-01,-0.000000000000000000e+00,-3.777769479894140248e-01,-1.515205239277893634e-01,-0.000000000000000000e+00,0.000000000000000000e+00,-0.000000000000000000e+00
0.000000000000000000e+00,-0.000000000000000000e+00,-0.000000000000000000e+00,-0.000000000000000000e+00,-0.000000000000000000e+00,-0.000000000000000000e+00,1.225706517647942251e+00,3.248802654984869059e-02,-0.000000000000000000e+00,-0.000000000000000000e+00,-6.149233957007273210e-02,-0.000000000000000000e+00,-0.000000000000000000e+00,-1.029779251912056430e-02,-9.215375322544986638e-04,-0.000000000000000000e+00,-0.000000000000000000e+00,0.000000000000000000e+00,-0.000000000000000000e+00,-0.000000000000000000e+00,0.000000000000000000e+00,-3.498642237543845845e-01,-0.000000000000000000e+00,-0.000000000000000000e+00,-0.000000000000000000e+00,-0.000000000000000000e+00,-3.449641388579026847e-03,-0.000000000000000000e+00,-0.000000000000000000e+00,-0.000000000000000000e+00,-0.000000000000000000e+00,-1.392758768337455134e-02,-2.971824330640964601e-02,-0.000000000000000000e+00,-0.000000000000000000e+00,-0.000000000000000000e+00,-0.000000000000000000e+00,-6.786240546705953752e-03,-2.078773665901604006e-01
-0.000000000000000000e+00,0.000000000000000000e+00,1.167473802582063680e+00,-0.000000000000000000e+00,0.000000000000000000e+00,0.000000000000000000e+00,3.248802654984869059e-02,2.345301812775737016e+00,-0.000000000000000000e+00,7.433034015194880939e-02,0.000000000000000000e+00,0.000000000000000000e+00,-0.000000000000000000e+00,0.000000000000000000e+00,0.000000000000000000e+00,0.000000000000000000e+00,0.000000000000000000e+00,0.000000000000000000e+00,0.000000000000000000e+00,-0.000000000000000000e+00,-0.000000000000000000e+00,0.000000000000000000e+00,4.811428388889753965e-02,6.340527852289774835e-02,0.000000000000000000e+00,0.000000000000000000e+00,5.500157420998108559e-02,2.385089827327369072e-01,0.000000000000000000e+00,0.000000000000000000e+00,4.985525055185880405e-01,0.000000000000000000e+00,1.142168517469191735e-01,0.000000000000000000e+00,0.000000000000000000e+00,0.000000000000000000e+00,0.000000000000000000e+00,0.000000000000000000e+00,0.000000000000000000e+00
-3.368722900754102523e-01,-0.000000000000000000e+00,-0.000000000000000000e+00,-0.000000000000000000e+00,-1.604399015915194127e-01,0.000000000000000000e+00,-0.000000000000000000e+00,-0.000000000000000000e+00,1.571310773095155211e+00,-0.000000000000000000e+00,0.000000000000000000e+00,0.000000000000000000e+00,-0.000000000000000000e+00,-0.000000000000000000e+00,0.000000000000000000e+00,-0.000000000000000000e+00,-0.000000000000000000e+00,-0.000000000000000000e+00,-3.528385343733937418e-01,-0.000000000000000000e+00,-0.000000000000000000e+00,0.000000000000000000e+00,-0.000000000000000000e+00,-0.000000000000000000e+00,-0.000000000000000000e+00,-0.000000000000000000e+00,0.000000000000000000e+00,0.000000000000000000e+00,0.000000000000000000e+00,-3.147606588642034020e-01,0.000000000000000000e+00,0.000000000000000000e+00,0.000000000000000000e+00,-2.284441825788177116e-01,0.000000000000000000e+00,2.284806431075397590e-02,0.000000000000000000e+00,-2.202982309611092870e-01,-0.000000000000000000e+00
0.000000000000000000e+00,-0.000000000000000000e+00,-5.902515419243347522e-02,0.000000000000000000e+00,-0.000000000000000000e+00,-0.000000000000000000e+00,-0.000000000000000000e+00,7.433034015194880939e-02,-0.000000000000000000e+00,1.631915574047934081e+00,-0.000000000000000000e+00,0.000000000000000000e+00,0.000000000000000000e+00,-0.000000000000000000e+00,-0.000000000000000000e+00,-7.145014804584093326e-01,-0.000000000000000000e+00,0.000000000000000000e+00,-0.000000000000000000e+00,3.480107919772879727e-02,0.000000000000000000e+00,-0.000000000000000000e+00,-0.000000000000000000e+00,-6.206765568445109238e-02,-5.251773360282838143e-02,-0.000000000000000000e+00,-0.000000000000000000e+00,-0.000000000000000000e+00,-0.000000000000000000e+00,-0.000000000000000000e+00,-1.803466286401850804e-01,-0.000000000000000000e+00,-0.000000000000000000e+00,-0.000000000000000000e+00,-0.000000000000000000e+00,-0.000000000000000000e+00,-1.814763087120491170e-01,0.000000000000000000e+00,-0.000000000000000000e+00
0.000000000000000000e+00,-3.952954784792527356e-04,-0.000000000000000000e+00,0.000000000000000000e+00,0.000000000000000000e+00,-4.115259082220042441e-01,-6.149233957007273210e-02,0.000000000000000000e+00,0.000000000000000000e+00,-0.000000000000000000e+00,2.550052493376336660e+00,-0.000000000000000000e+00,-0.000000000000000000e+00,-8.284436886569285924e-03,-4.579540618380549544e-02,-0.000000000000000000e+00,-7.566220433776829069e-01,0.000000000000000000e+00,-0.000000000000000000e+00,0.000000000000000000e+00,2.278996142537844105e-01,-2.481683678314678954e-01,-0.000000000000000000e+00,-0.000000000000000000e+00,-0.000000000000000000e+00,0.000000000000000000e+00,-9.737239642763406700e-02,-8.519607421895931607e-03,-1.681840701656933945e-01,-0.000000000000000000e+00,-0.000000000000000000e+00,-2.731644558644667486e-01,-3.020553960275560446e-01,-0.000000000000000000e+00,-0.000000000000000000e+00,-0.000000000000000000e+00,-9.094335562816718843e-02,-0.000000000000000000e+00,-0.000000000000000000e+00
1.117975818351269329e-01,-0.000000000000000000e+00,0.000000000000000000e+00,0.000000000000000000e+00,0.000000000000000000e+00,-0.000000000000000000e+00,-0.000000000000000000e+00,0.000000000000000000e+00,0.000000000000000000e+00,0.000000000000000000e+00,-0.000000000000000000e+00,1.470103538743452898e+00,-9.193834795104868784e-02,0.000000000000000000e+00,-2.518939177881321378e-01,-0.000000000000000000e+00,-0.000000000000000000e+00,0.000000000000000000e+00,3.136338637317732103e-01,-0.000000000000000000e+00,0.000000000000000000e+00,-5.156101144253213420e-01,0.000000000000000000e+00,-0.000000000000000000e+00,1.894335848838164110e-02,4.783268669725970063e-02,-0.000000000000000000e+00,-1.106748441948795028e-02,-0.000000000000000000e+00,0.000000000000000000e+00,-0.000000000000000000e+00,-0.000000000000000000e+00,-0.000000000000000000e+00,-0.000000000000000000e+00,-0.000000000000000000e+00,-0.000000000000000000e+00,-0.000000000000000000e+00,0.000000000000000000e+00,0.000000000000000000e+00
0.000000000000000000e+00,-0.000000000000000000e+00,7.249933551820106174e-03,-0.000000000000000000e+00,1.169231892482194002e-01,-0.000000000000000000e+00,-0.000000000000000000e+00,-0.000000000000000000e+00,-0.000000000000000000e+00,0.000000000000000000e+00,-0.000000000000000000e+00,-9.193834795104868784e-02,1.076337996149747900e+00,-0.000000000000000000e+00,-0.000000000000000000e+00,0.000000000000000000e+00,-0.000000000000000000e+00,-0.000000000000000000e+00,0.000000000000000000e+00,-0.000000000000000000e+00,0.000000000000000000e+00,-3.308092060659059003e-02,0.000000000000000000e+00,-0.000000000000000000e+00,0.000000000000000000e+00,0.000000000000000000e+00,-0.000000000000000000e+00,-0.000000000000000000e+00,-0.000000000000000000e+00,-0.000000000000000000e+00,1.341164720735158744e-01,-4.547934436360988320e-02,-1.037751375808270739e-03,0.000000000000000000e+00,-0.000000000000000000e+00,-0.000000000000000000e+00,-0.000000000000000000e+00,-1.997794656751329112e-01,-0.000000000000000000e+00
0.000000000000000000e+00,-0.000000000000000000e+00,-0.000000000000000000e+00,0.000000000000000000e+00,-1.405615767472844641e-03,-0.000000000000000000e+00,-1.029779251912056430e-02,0.000000000000000000e+00,-0.000000000000000000e+00,-0.000000000000000000e+00,-8.284436886569285924e-03,0.000000000000000000e+00,-0.000000000000000000e+00,1.733809628260990943e+00,-0.000000000000000000e+00,-2.797173585971151066e-01,-1.836491912080004951e-01,-0.000000000000000000e+00,-1.481194895030457093e-01,0.000000000000000000e+00,0.000000000000000000e+00,-0.000000000000000000e+00,-4.026894925360175598e-02,-1.270919514110922521e-01,-0.000000000000000000e+00,-0.000000000000000000e+00,-1.287667568866227574e-01,-0.000000000000000000e+00,-2.143357546634788169e-01,-1.353932099332192177e-02,-9.495758574649200423e-02,-8.340097482973482523e-02,-2.359890298881428261e-01,-2.371052852846133874e-01,-0.000000000000000000e+00,-0.000000000000000000e+00,-4.313905221008771003e-03,-0.000000000000000000e+00,-0.000000000000000000e+00
1.788422910689347473e-02,-0.000000000000000000e+00,-0.000000000000000000e+00,8.954830974288333079e-02,0.000000000000000000e+00,-1.302607559101320867e-01,-9.215375322544986638e-04,0.000000000000000000e+00,0.000000000000000000e+00,-0.000000000000000000e+00,-4.579540618380549544e-02,-2.518939177881321378e-01,-0.000000000000000000e+00,-0.000000000000000000e+00,1.444666624501565133e+00,-0.000000000000000000e+00,-0.000000000000000000e+00,2.558267588108305013e-01,0.000000000000000000e+00,0.000000000000000000e+00,6.534177468868036798e-02,-2.733400917885664971e-01,-0.000000000000000000e+00,-0.000000000000000000e+00,0.000000000000000000e+00,0.000000000000000000e+00,-6.196024042353031475e-02,-3.369332782889223471e-02,-0.000000000000000000e+00,0.000000000000000000e+00,-0.000000000000000000e+00,-0.000000000000000000e+00,-0.000000000000000000e+00,-0.000000000000000000e+00,-7.713151072043052635e-03,-6.745595410318848406e-02,-0.000000000000000000e+00,0.000000000000000000e+00,-0.000000000000000000e+00
-0.000000000000000000e+00,-0.000000000000000000e+00,-0.000000000000000000e+00,2.253853709597790356e-03,-0.000000000000000000e+00,-0.000000000000000000e+00,-0.000000000000000000e+00,0.000000000000000000e+00,-0.000000000000000000e+00,-7.145014804584093326e-01,-0.000000000000000000e+00,-0.000000000000000000e+00,0.000000000000000000e+00,-2.797173585971151066e-01,-0.000000000000000000e+00,1.917412568781805771e+00,-5.590582964938106691e-02,0.000000000000000000e+00,-0.000000000000000000e+00,0.000000000000000000e+00,0.000000000000000000e+00,-0.000000000000000000e+00,-3.115828660352078505e-01,-1.328037198462483914e-01,-0.000000000000000000e+00,-0.000000000000000000e+00,-1.025281468195243378e-01,-8.559644444831938925e-02,-7.599433571114212749e-02,-5.857915777466862761e-02,-8.819350363050558472e-02,-0.000000000000000000e+00,-0.000000000000000000e+00,-1.610971161141614566e-02,-2.780996694650049450e-02,-6.436635469402735010e-03,-3.931795229895126281e-02,0.000000000000000000e+00,-0.000000000000000000e+00
0.000000000000000000e+00,-0.000000000000000000e+00,-0.000000000000000000e+00,0.000000000000000000e+00,-0.000000000000000000e+00,-0.000000000000000000e+00,-0.000000000000000000e+00,0.000000000000000000e+00,-0.000000000000000000e+00,-0.000000000000000000e+00,-7.566220433776829069e-01,-0.000000000000000000e+00,-0.000000000000000000e+00,-1.836491912080004951e-01,-0.000000000000000000e+00,-5.590582964938106691e-02,1.769318630635378309e+00,0.000000000000000000e+00,-0.000000000000000000e+00,0.000000000000000000e+00,0.000000000000000000e+00,-0.000000000000000000e+00,-0.000000000000000000e+00,-2.170010952320548248e-01,-0.000000000000000000e+00,-0.000000000000000000e+00,-0.000000000000000000e+00,-0.000000000000000000e+00,-2.262765301442156984e-01,-0.000000000000000000e+00,-0.000000000000000000e+00,-0.000000000000000000e+00,-5.715643793314047899e-02,-0.000000000000000000e+00,-0.000000000000000000e+00,-0.000000000000000000e+00,-0.000000000000000000e+00,-0.000000000000000000e+00,-0.000000000000000000e+00
-0.000000000000000000e+00,0.000000000000000000e+00,-0.000000000000000000e+00,-2.339602290672225249e-01,0.000000000000000000e+00,0.000000000000000000e+00,0.000000000000000000e+00,0.000000000000000000e+00,-0.000000000000000000e+00,0.000000000000000000e+00,0.000000000000000000e+00,0.000000000000000000e+00,-0.000000000000000000e+00,-0.000000000000000000e+00,2.558267588108305013e-01,0.000000000000000000e+00,0.000000000000000000e+00,1.130375970745734593e+00,-0.000000000000000000e+00,-0.000000000000000000e+00,-0.000000000000000000e+00,0.000000000000000000e+00,0.000000000000000000e+00,0.000000000000000000e+00,0.000000000000000000e+00,0.000000000000000000e+00,0.000000000000000000e+00,0.000000000000000000e+00,0.000000000000000000e+00,-0.000000000000000000e+00,0.000000000000000000e+00,0.000000000000000000e+00,-0.000000000000000000e+00,4.387667839920937618e-02,0.000000000000000000e+00,0.000000000000000000e+00,0.000000000000000000e+00,-0.000000000000000000e+00,-0.000000000000000000e+00
-0.000000000000000000e+00,-0.000000000000000000e+00,-0.000000000000000000e+00,-0.000000000000000000e+00,-1.460897650785359658e-01,0.000000000000000000e+00,-0.000000000000000000e+00,0.000000000000000000e+00,-3.528385343733937418e-01,-0.000000000000000000e+00,-0.000000000000000000e+00,3.136338637317732103e-01,0.000000000000000000e+00,-1.481194895030457093e-01,0.000000000000000000e+00,-0.000000000000000000e+00,-0.000000000000000000e+00,-0.000000000000000000e+00,1.468855289146462351e+00,0.000000000000000000e+00,-0.000000000000000000e+00,0.000000000000000000e+00,-5.107156247693381279e-03,-0.000000000000000000e+00,-1.527808415141614085e-01,-1.451910112268771091e-01,-0.000000000000000000e+00,-0.000000000000000000e+00,-0.000000000000000000e+00,-0.000000000000000000e+00,-0.000000000000000000e+00,-0.000000000000000000e+00,-0.000000000000000000e+00,-1.159246473088735990e-01,0.000000000000000000e+00,0.000000000000000000e+00,-0.000000000000000000e+00,-0.000000000000000000e+00,-1.461255862762497748e-01
-0.000000000000000000e+00,-0.000000000000000000e+00,0.000000000000000000e+00,-8.792173118379209562e-02,0.000000000000000000e+00,-0.000000000000000000e+00,-0.000000000000000000e+00,-0.000000000000000000e+00,-0.000000000000000000e+00,3.480107919772879727e-02,0.000000000000000000e+00,-0.000000000000000000e+00,-0.000000000000000000e+00,0.000000000000000000e+00,0.000000000000000000e+00,0.000000000000000000e+00,0.000000000000000000e+00,-0.000000000000000000e+00,0.000000000000000000e+00,1.022663055413910893e+00,0.000000000000000000e+00,-0.000000000000000000e+00,0.000000000000000000e+00,-0.000000000000000000e+00,5.248312810321028449e-02,0.000000000000000000e+00,0.000000000000000000e+00,-0.000000000000000000e+00,0.000000000000000000e+00,0.000000000000000000e+00,0.000000000000000000e+00,-0.000000000000000000e+00,0.000000000000000000e+00,0.000000000000000000e+00,0.000000000000000000e+00,0.000000000000000000e+00,0.000000000000000000e+00,-9.112496864304177324e-02,-0.000000000000000000e+00
-3.298549102050477577e-01,0.000000000000000000e+00,-0.000000000000000000e+00,-0.000000000000000000e+00,-0.000000000000000000e+00,3.605598974321602701e-01,0.000000000000000000e+00,-0.000000000000000000e+00,-0.000000000000000000e+00,0.000000000000000000e+00,2.278996142537844105e-01,0.000000000000000000e+00,0.000000000000000000e+00,0.000000000000000000e+00,6.534177468868036798e-02,0.000000000000000000e+00,0.000000000000000000e+00,-0.000000000000000000e+00,-0.000000000000000000e+00,0.000000000000000000e+00,1.624165107397003371e+00,2.201872035042226339e-01,-0.000000000000000000e+00,0.000000000000000000e+00,-0.000000000000000000e+00,-0.000000000000000000e+00,0.000000000000000000e+00,0.000000000000000000e+00,8.655322717622709883e-02,-0.000000000000000000e+00,0.000000000000000000e+00,4.354488388516940256e-02,0.000000000000000000e+00,-0.000000000000000000e+00,2.725699220135758410e-02,0.000000000000000000e+00,0.000000000000000000e+00,-0.000000000000000000e+00,0.000000000000000000e+00
1.071369426469142155e-01,-0.000000000000000000e+00,-0.000000000000000000e+00,0.000000000000000000e+00,0.000000000000000000e+00,-4.518310020685391559e-01,-3.498642237543845845e-01,0.000000000000000000e+00,0.000000000000000000e+00,-0.000000000000000000e+00,-2.481683678314678954e-01,-5.156101144253213420e-01,-3.308092060659059003e-02,-0.000000000000000000e+00,-2.733400917885664971e-01,-0.000000000000000000e+00,-0.000000000000000000e+00,0.000000000000000000e+00,0.000000000000000000e+00,-0.000000000000000000e+00,2.201872035042226339e-01,2.446133015711568603e+00,-0.000000000000000000e+00,-0.000000000000000000e+00,0.000000000000000000e+00,0.000000000000000000e+00,-3.031978949071639229e-01,-1.248148758849108170e-01,-0.000000000000000000e+00,0.000000000000000000e+00,-0.000000000000000000e+00,-1.941669497681845769e-01,-9.229653825511638376e-02,-0.000000000000000000e+00,-1.534307332676619791e-02,-0.000000000000000000e+00,-0.000000000000000000e+00,-0.000000000000000000e+00,-0.000000000000000000e+00
-0.000000000000000000e+00,-0.000000000000000000e+00,-2.255206486835708291e-01,0.000000000000000000e+00,-1.104267964306047956e-01,-0.000000000000000000e+00,-0.000000000000000000e+00,4.811428388889753965e-02,-0.000000000000000000e+00,-0.000000000000000000e+00,-0.000000000000000000e+00,0.000000000000000000e+00,0.000000000000000000e+00,-4.026894925360175598e-02,-0.000000000000000000e+00,-3.115828660352078505e-01,-0.000000000000000000e+00,0.000000000000000000e+00,-5.107156247693381279e-03,0.000000000000000000e+00,-0.000000000000000000e+00,-0.000000000000000000e+00,1.639155269762208933e+00,-1.449108457197791078e-01,-5.505495499288791672e-01,-0.000000000000000000e+00,-0.000000000000000000e+00,-0.000000000000000000e+00,-0.000000000000000000e+00,-4.932917102115942642e-02,-0.000000000000000000e+00,-0.000000000000000000e+00,-0.000000000000000000e+00,-7.364835283310212921e-02,-0.000000000000000000e+00,-0.000000000000000000e+00,-0.000000000000000000e+00,-0.000000000000000000e+00,-0.000000000000000000e+00
-0.000000000000000000e+00,-2.528654794474439749e-01,-0.000000000000000000e+00,0.000000000000000000e+00,-0.000000000000000000e+00,-0.000000000000000000e+00,-0.000000000000000000e+00,6.340527852289774835e-02,-0.000000000000000000e+00,-6.206765568445109238e-02,-0.000000000000000000e+00,-0.000000000000000000e+00,-0.000000000000000000e+00,-1.270919514110922521e-01,-0.000000000000000000e+00,-1.328037198462483914e-01,-2.170010952320548248e-01,0.000000000000000000e+00,-0.000000000000000000e+00,-0.000000000000000000e+00,0.000000000000000000e+00,-0.000000000000000000e+00,-1.449108457197791078e-01,1.455924646862568839e+00,-1.312730429421171685e-01,-1.388314415751112363e-01,-8.615452875327016605e-03,-0.000000000000000000e+00,-0.000000000000000000e+00,-1.469980552344460345e-01,-0.000000000000000000e+00,-0.000000000000000000e+00,-0.000000000000000000e+00,-0.000000000000000000e+00,-0.000000000000000000e+00,0.000000000000000000e+00,-0.000000000000000000e+00,-0.000000000000000000e+00,-0.000000000000000000e+00
-0.000000000000000000e+00,-0.000000000000000000e+00,-0.000000000000000000e+00,0.000000000000000000e+00,-1.175690241008091330e-01,0.000000000000000000e+00,-0.000000000000000000e+00,0.000000000000000000e+00,-0.000000000000000000e+00,-5.251773360282838143e-02,-0.000000000000000000e+00,1.894335848838164110e-02,0.000000000000000000e+00,-0.000000000000000000e+00,0.000000000000000000e+00,-0.000000000000000000e+00,-0.000000000000000000e+00,0.000000000000000000e+00,-1.527808415141614085e-01,5.248312810321028449e-02,-0.000000000000000000e+00,0.000000000000000000e+00,-5.505495499288791672e-01,-1.312730429421171685e-01,1.526594740702111208e+00,-1.127800303924087061e-01,-0.000000000000000000e+00,-0.000000000000000000e+00,-0.000000000000000000e+00,-2.355220265134342073e-01,-0.000000000000000000e+00,-0.000000000000000000e+00,-0.000000000000000000e+00,-0.000000000000000000e+00,0.000000000000000000e+00,0.000000000000000000e+00,-0.000000000000000000e+00,-0.000000000000000000e+00,-0.000000000000000000e+00
-4.254495517604309773e-01,-1.101868986295495706e-01,-7.593486908715746386e-02,0.000000000000000000e+00,-1.747807631571464682e-01,0.000000000000000000e+00,-0.000000000000000000e+00,0.000000000000000000e+00,-0.000000000000000000e+00,-0.000000000000000000e+00,0.000000000000000000e+00,4.783268669725970063e-02,0.000000000000000000e+00,-0.000000000000000000e+00,0.000000000000000000e+00,-0.000000000000000000e+00,-0.000000000000000000e+00,0.000000000000000000e+00,-1.451910112268771091e-01,0.000000000000000000e+00,-0.000000000000000000e+00,0.000000000000000000e+00,-0.000000000000000000e+00,-1.388314415751112363e-01,-1.127800303924087061e-01,1.380028017859505685e+00,-0.000000000000000000e+00,-0.000000000000000000e+00,-0.000000000000000000e+00,-0.000000000000000000e+00,-0.000000000000000000e+00,-0.000000000000000000e+00,-0.000000000000000000e+00,-7.387164762818503039e-02,-0.000000000000000000e+00,-0.000000000000000000e+00,-0.000000000000000000e+00,-0.000000000000000000e+00,-0.000000000000000000e+00
0.000000000000000000e+00,-3.511298910879590441e-03,-0.000000000000000000e+00,0.000000000000000000e+00,-0.000000000000000000e+00,-1.630940773185999837e-01,-3.449641388579026847e-03,5.500157420998108559e-02,0.000000000000000000e+00,-0.000000000000000000e+00,-9.737239642763406700e-02,-0.000000000000000000e+00,-0.000000000000000000e+00,-1.287667568866227574e-01,-6.196024042353031475e-02,-1.025281468195243378e-01,-0.000000000000000000e+00,0.000000000000000000e+00,-0.000000000000000000e+00,0.000000000000000000e+00,0.000000000000000000e+00,-3.031978949071639229e-01,-0.000000000000000000e+00,-8.615452875327016605e-03,-0.000000000000000000e+00,-0.000000000000000000e+00,2.188286467041106853e+00,-2.303043070052297470e-01,-5.447681458303865049e-02,0.000000000000000000e+00,-3.555433438758106579e-01,-3.395453734075757346e-01,-1.438813921329413770e-01,-6.449026033197050034e-02,-2.203027112058844883e-01,-0.000000000000000000e+00,-0.000000000000000000e+00,0.000000000000000000e+00,-0.000000000000000000e+00
0.000000000000000000e+00,-0.000000000000000000e+00,-0.000000000000000000e+00,1.008270938313010623e-01,-0.000000000000000000e+00,-1.229729586921705642e-01,-0.000000000000000000e+00,2.385089827327369072e-01,0.000000000000000000e+00,-0.000000000000000000e+00,-8.519607421895931607e-03,-1.106748441948795028e-02,-0.000000000000000000e+00,-0.000000000000000000e+00,-3.369332782889223471e-02,-8.559644444831938925e-02,-0.000000000000000000e+00,0.000000000000000000e+00,-0.000000000000000000e+00,-0.000000000000000000e+00,0.000000000000000000e+00,-1.248148758849108170e-01,-0.000000000000000000e+00,-0.000000000000000000e+00,-0.000000000000000000e+00,-0.000000000000000000e+00,-2.303043070052297470e-01,1.510232442950813381e+00,-0.000000000000000000e+00,-0.000000000000000000e+00,-1.087648132470812046e-01,-0.000000000000000000e+00,-1.967183809392342164e-01,-5.682333932580882485e-02,-0.000000000000000000e+00,-0.000000000000000000e+00,-0.000000000000000000e+00,0.000000000000000000e+00,0.000000000000000000e+00
0.000000000000000000e+00,-5.624699316212766753e-02,-0.000000000000000000e+00,0.000000000000000000e+00,-0.000000000000000000e+00,-1.947638952358830000e-01,-0.000000000000000000e+00,0.000000000000000000e+00,0.000000000000000000e+00,-0.000000000000000000e+00,-1.681840701656933945e-01,-0.000000000000000000e+00,-0.000000000000000000e+00,-2.143357546634788169e-01,-0.000000000000000000e+00,-7.599433571114212749e-02,-2.262765301442156984e-01,0.000000000000000000e+00,-0.000000000000000000e+00,0.000000000000000000e+00,8.655322717622709883e-02,-0.000000000000000000e+00,-0.000000000000000000e+00,-0.000000000000000000e+00,-0.000000000000000000e+00,-0.000000000000000000e+00,-5.447681458303865049e-02,-0.000000000000000000e+00,2.312904530069351594e+00,-0.000000000000000000e+00,-0.000000000000000000e+00,-3.660032237848034331e-01,-1.509295849265179790e-01,-0.000000000000000000e+00,-3.891264952734560523e-01,-0.000000000000000000e+00,-3.806977637452035879e-01,-0.000000000000000000e+00,-0.000000000000000000e+00
-1.493543078098463761e-01,-0.000000000000000000e+00,-0.000000000000000000e+00,-0.000000000000000000e+00,-1.087169849348913753e-01,0.000000000000000000e+00,-0.000000000000000000e+00,0.000000000000000000e+00,-3.147606588642034020e-01,-0.000000000000000000e+00,-0.000000000000000000e+00,0.000000000000000000e+00,-0.000000000000000000e+00,-1.353932099332192177e-02,0.000000000000000000e+00,-5.857915777466862761e-02,-0.000000000000000000e+00,-0.000000000000000000e+00,-0.000000000000000000e+00,0.000000000000000000e+00,-0.000000000000000000e+00,0.000000000000000000e+00,-4.932917102115942642e-02,-1.469980552344460345e-01,-2.355220265134342073e-01,-0.000000000000000000e+00,0.000000000000000000e+00,-0.000000000000000000e+00,-0.000000000000000000e+00,1.331131754158615177e+00,0.000000000000000000e+00,0.000000000000000000e+00,-0.000000000000000000e+00,-0.000000000000000000e+00,0.000000000000000000e+00,0.000000000000000000e+00,0.000000000000000000e+00,-0.000000000000000000e+00,-0.000000000000000000e+00
0.000000000000000000e+00,-0.000000000000000000e+00,-3.993562695809287355e-01,3.165615761155470692e-02,-1.236530589819339297e-02,-0.000000000000000000e+00,-0.000000000000000000e+00,4.985525055185880405e-01,0.000000000000000000e+00,-1.803466286401850804e-01,-0.000000000000000000e+00,-0.000000000000000000e+00,1.341164720735158744e-01,-9.495758574649200423e-02,-0.000000000000000000e+00,-8.819350363050558472e-02,-0.000000000000000000e+00,0.000000000000000000e+00,-0.000000000000000000e+00,0.000000000000000000e+00,0.000000000000000000e+00,-0.000000000000000000e+00,-0.000000000000000000e+00,-0.000000000000000000e+00,-0.000000000000000000e+00,-0.000000000000000000e+00,-3.555433438758106579e-01,-1.087648132470812046e-01,-0.000000000000000000e+00,0.000000000000000000e+00,2.005104792081244369e+00,-0.000000000000000000e+00,-6.200289979157877496e-02,-0.000000000000000000e+00,-0.000000000000000000e+00,-0.000000000000000000e+00,-1.581286122088198243e-01,0.000000000000000000e+00,-0.000000000000000000e+00
0.000000000000000000e+00,-3.190563637101650474e-01,-0.000000000000000000e+00,0.000000000000000000e+00,0.000000000000000000e+00,-1.303305240852768165e-01,-1.392758768337455134e-02,0.000000000000000000e+00,0.000000000000000000e+00,-0.000000000000000000e+00,-2.731644558644667486e-01,-0.000000000000000000e+00,-4.547934436360988320e-02,-8.340097482973482523e-02,-0.000000000000000000e+00,-0.000000000000000000e+00,-0.000000000000000000e+00,0.000000000000000000e+00,-0.000000000000000000e+00,-0.000000000000000000e+00,4.354488388516940256e-02,-1.941669497681845769e-01,-0.000000000000000000e+00,-0.000000000000000000e+00,-0.000000000000000000e+00,-0.000000000000000000e+00,-3.395453734075757346e-01,-0.000000000000000000e+00,-3.660032237848034331e-01,0.000000000000000000e+00,-0.000000000000000000e+00,2.620266202786006637e+00,-3.672064031862229405e-01,-0.000000000000000000e+00,-9.558294107029000064e-02,-2.347472471699060537e-01,-3.356343593199520581e-01,-0.000000000000000000e+00,-1.490163031491803514e-01
0.000000000000000000e+00,-0.000000000000000000e+00,-0.000000000000000000e+00,0.000000000000000000e+00,0.000000000000000000e+00,-1.973700732370344824e-01,-2.971824330640964601e-02,1.142168517469191735e-01,0.000000000000000000e+00,-0.000000000000000000e+00,-3.020553960275560446e-01,-0.000000000000000000e+00,-1.037751375808270739e-03,-2.359890298881428261e-01,-0.000000000000000000e+00,-0.000000000000000000e+00,-5.715643793314047899e-02,-0.000000000000000000e+00,-0.000000000000000000e+00,0.000000000000000000e+00,0.000000000000000000e+00,-9.229653825511638376e-02,-0.000000000000000000e+00,-0.000000000000000000e+00,-0.000000000000000000e+00,-0.000000000000000000e+00,-1.438813921329413770e-01,-1.967183809392342164e-01,-1.509295849265179790e-01,-0.000000000000000000e+00,-6.200289979157877496e-02,-3.672064031862229405e-01,2.230060435068845326e+00,-0.000000000000000000e+00,-8.300178555865898866e-02,-0.000000000000000000e+00,-2.449541576152497735e-01,-0.000000000000000000e+00,-2.726167823748576816e-02
-0.000000000000000000e+00,-0.000000000000000000e+00,-0.000000000000000000e+00,0.000000000000000000e+00,-3.802679909659010260e-01,-0.000000000000000000e+00,-0.000000000000000000e+00,0.000000000000000000e+00,-2.284441825788177116e-01,-0.000000000000000000e+00,-0.000000000000000000e+00,-0.000000000000000000e+00,0.000000000000000000e+00,-2.371052852846133874e-01,-0.000000000000000000e+00,-1.610971161141614566e-02,-0.000000000000000000e+00,4.387667839920937618e-02,-1.159246473088735990e-01,0.000000000000000000e+00,-0.000000000000000000e+00,-0.000000000000000000e+00,-7.364835283310212921e-02,-0.000000000000000000e+00,-0.000000000000000000e+00,-7.387164762818503039e-02,-6.449026033197050034e-02,-5.682333932580882485e-02,-0.000000000000000000e+00,-0.000000000000000000e+00,-0.000000000000000000e+00,-0.000000000000000000e+00,-0.000000000000000000e+00,1.428800949283878907e+00,-0.000000000000000000e+00,0.000000000000000000e+00,-0.000000000000000000e+00,-0.000000000000000000e+00,-0.000000000000000000e+00
0.000000000000000000e+00,-0.000000000000000000e+00,-0.000000000000000000e+00,4.270933814395563334e-03,0.000000000000000000e+00,-3.777769479894140248e-01,-0.000000000000000000e+00,0.000000000000000000e+00,0.000000000000000000e+00,-0.000000000000000000e+00,-0.000000000000000000e+00,-0.000000000000000000e+00,-0.000000000000000000e+00,-0.000000000000000000e+00,-7.713151072043052635e-03,-2.780996694650049450e-02,-0.000000000000000000e+00,0.000000000000000000e+00,0.000000000000000000e+00,0.000000000000000000e+00,2.725699220135758410e-02,-1.534307332676619791e-02,-0.000000000000000000e+00,-0.000000000000000000e+00,0.000000000000000000e+00,-0.000000000000000000e+00,-2.203027112058844883e-01,-0.000000000000000000e+00,-3.891264952734560523e-01,0.000000000000000000e+00,-0.000000000000000000e+00,-9.558294107029000064e-02,-8.300178555865898866e-02,-0.000000000000000000e+00,2.095224743142402257e+00,-2.685369167842882598e-01,-4.565413220928726257e-01,0.000000000000000000e+00,0.000000000000000000e+00
0.000000000000000000e+00,-0.000000000000000000e+00,-0.000000000000000000e+00,3.401108462808141719e-02,0.000000000000000000e+00,-1.515205239277893634e-01,-0.000000000000000000e+00,0.000000000000000000e+00,2.284806431075397590e-02,-0.000000000000000000e+00,-0.000000000000000000e+00,-0.000000000000000000e+00,-0.000000000000000000e+00,-0.000000000000000000e+00,-6.745595410318848406e-02,-6.436635469402735010e-03,-0.000000000000000000e+00,0.000000000000000000e+00,0.000000000000000000e+00,0.000000000000000000e+00,0.000000000000000000e+00,-0.000000000000000000e+00,-0.000000000000000000e+00,0.000000000000000000e+00,0.000000000000000000e+00,-0.000000000000000000e+00,-0.000000000000000000e+00,-0.000000000000000000e+00,-0.000000000000000000e+00,0.000000000000000000e+00,-0.000000000000000000e+00,-2.347472471699060537e-01,-0.000000000000000000e+00,0.000000000000000000e+00,-2.685369167842882598e-01,1.444176273523625875e+00,-2.630212484916198412e-01,0.000000000000000000e+00,-0.000000000000000000e+00
0.000000000000000000e+00,-8.626679490124550265e-02,-0.000000000000000000e+00,1.010148782941078655e-01,-0.000000000000000000e+00,-0.000000000000000000e+00,-0.000000000000000000e+00,0.000000000000000000e+00,0.000000000000000000e+00,-1.814763087120491170e-01,-9.094335562816718843e-02,-0.000000000000000000e+00,-0.000000000000000000e+00,-4.313905221008771003e-03,-0.000000000000000000e+00,-3.931795229895126281e-02,-0.000000000000000000e+00,0.000000000000000000e+00,-0.000000000000000000e+00,0.000000000000000000e+00,0.000000000000000000e+00,-0.000000000000000000e+00,-0.000000000000000000e+00,-0.000000000000000000e+00,-0.000000000000000000e+00,-0.000000000000000000e+00,-0.000000000000000000e+00,-0.000000000000000000e+00,-3.806977637452035879e-01,0.000000000000000000e+00,-1.581286122088198243e-01,-3.356343593199520581e-01,-2.449541576152497735e-01,-0.000000000000000000e+00,-4.565413220928726257e-01,-2.630212484916198412e-01,2.217246419412421954e+00,0.000000000000000000e+00,-0.000000000000000000e+00
-2.574620249578465653e-03,-2.415636952742393137e-02,-0.000000000000000000e+00,-2.063892453685201300e-01,-0.000000000000000000e+00,0.000000000000000000e+00,-6.786240546705953752e-03,0.000000000000000000e+00,-2.202982309611092870e-01,0.000000000000000000e+00,-0.000000000000000000e+00,0.000000000000000000e+00,-1.997794656751329112e-01,-0.000000000000000000e+00,0.000000000000000000e+00,0.000000000000000000e+00,-0.000000000000000000e+00,-0.000000000000000000e+00,-0.000000000000000000e+00,-9.112496864304177324e-02,-0.000000000000000000e+00,-0.000000000000000000e+00,-0.000000000000000000e+00,-0.000000000000000000e+00,-0.000000000000000000e+00,-0.000000000000000000e+00,0.000000000000000000e+00,0.000000000000000000e+00,-0.000000000000000000e+00,-0.000000000000000000e+00,0.000000000000000000e+00,-0.000000000000000000e+00,-0.000000000000000000e+00,-0.000000000000000000e+00,0.000000000000000000e+00,0.000000000000000000e+00,0.000000000000000000e+00,1.501313596544801010e+00,-6.998733676093911171e-01
-0.000000000000000000e+00,-5.070480116184515884e-01,-0.000000000000000000e+00,-0.000000000000000000e+00,-0.000000000000000000e+00,-0.000000000000000000e+00,-2.078773665901604006e-01,0.000000000000000000e+00,-0.000000000000000000e+00,-0.000000000000000000e+00,-0.000000000000000000e+00,0.000000000000000000e+00,-0.000000000000000000e+00,-0.000000000000000000e+00,-0.000000000000000000e+00,-0.000000000000000000e+00,-0.000000000000000000e+00,-0.000000000000000000e+00,-1.461255862762497748e-01,-0.000000000000000000e+00,0.000000000000000000e+00,-0.000000000000000000e+00,-0.000000000000000000e+00,-0.000000000000000000e+00,-0.000000000000000000e+00,-0.000000000000000000e+00,-0.000000000000000000e+00,0.000000000000000000e+00,-0.000000000000000000e+00,-0.000000000000000000e+00,-0.000000000000000000e+00,-1.490163031491803514e-01,-2.726167823748576816e-02,-0.000000000000000000e+00,0.000000000000000000e+00,-0.000000000000000000e+00,-0.000000000000000000e+00,-6.998733676093911171e-01,1.740302979796600091e+00
