2.279515061088032368e+00,-6.977280473460932830e-01,-0.000000000000000000e+00,0.000000000000000000e+00,-7.930486737576864648e-03,-0.000000000000000000e+00,0.000000000000000000e+00,0.000000000000000000e+00,-1.460162989477432893e-01,-1.952345430632139167e-01,-0.000000000000000000e+00,-0.000000000000000000e+00,0.000000000000000000e+00,-6.394210615082621119e-02,-0.000000000000000000e+00,-0.000000000000000000e+00,-0.000000000000000000e+00,-0.000000000000000000e+00,-0.000000000000000000e+00,0.000000000000000000e+00,-0.000000000000000000e+00,-0.000000000000000000e+00,-0.000000000000000000e+00,-3.056541700646620008e-02,-2.180163927051734576e-02,-1.975662838402262311e-01,-0.000000000000000000e+00,-0.000000000000000000e+00,-3.142395605734309150e-02,-2.286590472445949873e-01,-0.000000000000000000e+00,-1.091611668016984893e-01,-0.000000000000000000e+00,-0.000000000000000000e+00,-0.000000000000000000e+00,-2.895518283562427686e-01,-0.000000000000000000e+00,-1.444195008506095057e-01,-6.764187499537423209e-02
-6.977280473460932830e-01,2.497986492860820640e+00,-0.000000000000000000e+00,0.000000000000000000e+00,-0.000000000000000000e+00,-0.000000000000000000e+00,0.000000000000000000e+00,0.000000000000000000e+00,-4.692184090192674240e-01,-0.000000000000000000e+00,-0.000000000000000000e+00,-0.000000000000000000e+00,1.847766601198565228e-01,-0.000000000000000000e+00,-0.000000000000000000e+00,-0.000000000000000000e+00,0.000000000000000000e+00,-0.000000000000000000e+00,-0.000000000000000000e+00,0.000000000000000000e+00,0.000000000000000000e+00,0.000000000000000000e+00,-0.000000000000000000e+00,-0.000000000000000000e+00,-0.000000000000000000e+00,-0.000000000000000000e+00,-0.000000000000000000e+00,0.000000000000000000e+00,-0.000000000000000000e+00,-3.324985111221695488e-02,-0.000000000000000000e+00,-6.304513492081885717e-01,0.000000000000000000e+00,-9.687254482050320845e-03,0.000000000000000000e+00,-2.231221851813619261e-01,-0.000000000000000000e+00,-0.000000000000000000e+00,-3.287381633063911623e-01
-0.000000000000000000e+00,-0.000000000000000000e+00,2.671681401106498654e+00,-0.000000000000000000e+00,-8.582476746003044887e-01,-0.000000000000000000e+00,-3.343088681187290911e-02,1.123784916377148085e-01,-0.000000000000000000e+00,-9.351989828974252572e-02,-0.000000000000000000e+00,0.000000000000000000e+00,-0.000000000000000000e+00,-1.429452208927599680e-02,-0.000000000000000000e+00,-8.959063332173358707e-02,-0.000000000000000000e+00,-1.464149073230284481e-01,-6.964546905915838249e-01,-0.000000000000000000e+00,-1.631114184935719413e-01,-1.970796679792718720e-01,-2.341511285825327235e-02,-2.115377947377784784e-01,-0.000000000000000000e+00,-0.000000000000000000e+00,-0.000000000000000000e+00,-0.000000000000000000e+00,-0.000000000000000000e+00,-7.417930896753975600e-02,-1.412235270061597825e-01,-0.000000000000000000e+00,-0.000000000000000000e+00,-4.168066347825847423e-02,0.000000000000000000e+00,-0.000000000000000000e+00,-0.000000000000000000e+00,-0.000000000000000000e+00,-0.000000000000000000e+00
0.000000000000000000e+00,0.000000000000000000e+00,-0.000000000000000000e+00,1.813821320466931342e+00,-0.000000000000000000e+00,-0.000000000000000000e+00,-7.789185419146680278e-01,-0.000000000000000000e+00,0.000000000000000000e+00,0.000000000000000000e+00,0.000000000000000000e+00,0.000000000000000000e+00,-1.430091392330774813e-01,-0.000000000000000000e+00,0.000000000000000000e+00,0.000000000000000000e+00,0.000000000000000000e+00,0.000000000000000000e+00,-0.000000000000000000e+00,-5.292135161894607753e-01,-0.000000000000000000e+00,-0.000000000000000000e+00,-0.000000000000000000e+00,-0.000000000000000000e+00,0.000000000000000000e+00,0.000000000000000000e+00,-0.000000000000000000e+00,-0.000000000000000000e+00,0.000000000000000000e+00,0.000000000000000000e+00,0.000000000000000000e+00,2.515459646193573748e-02,-0.000000000000000000e+00,0.000000000000000000e+00,-6.015182038165572259e-02,0.000000000000000000e+00,-0.000000000000000000e+00,0.000000000000000000e+00,4.501302847049718642e-02
-7.930486737576864648e-03,-0.000000000000000000e+00,-8.582476746003044887e-01,-0.000000000000000000e+00,2.437563258536034727e+00,-0.000000000000000000e+00,-0.000000000000000000e+00,6.012210893794185385e-01,-0.000000000000000000e+00,-1.630286366350302829e-01,-0.000000000000000000e+00,0.000000000000000000e+00,-0.000000000000000000e+00,-3.621241184261956292e-01,0.000000000000000000e+00,-0.000000000000000000e+00,-0.000000000000000000e+00,-5.083196561294767851e-02,-0.000000000000000000e+00,-0.000000000000000000e+00,-4.729765566947611438e-02,-0.000000000000000000e+00,-0.000000000000000000e+00,-0.000000000000000000e+00,-0.000000000000000000e+00,-0.000000000000000000e+00,-0.000000000000000000e+00,-0.000000000000000000e+00,-0.000000000000000000e+00,-1.142472983738781617e-01,-2.561451008627413928e-01,-0.000000000000000000e+00,-0.000000000000000000e+00,-0.000000000000000000e+00,-0.000000000000000000e+00,-0.000000000000000000e+00,-0.000000000000000000e+00,-0.000000000000000000e+00,-0.000000000000000000e+00
-0.000000000000000000e+00,-0.000000000000000000e+00,-0.000000000000000000e+00,-0.000000000000000000e+00,-0.000000000000000000e+00,1.840076098905738755e+00,-0.000000000000000000e+00,-0.000000000000000000e+00,-0.000000000000000000e+00,-0.000000000000000000e+00,-0.000000000000000000e+00,-0.000000000000000000e+00,-0.000000000000000000e+00,-2.567729253576995774e-01,0.000000000000000000e+00,-0.000000000000000000e+00,-9.020801053908092393e-02,-0.000000000000000000e+00,-0.000000000000000000e+00,-0.000000000000000000e+00,-0.000000000000000000e+00,-0.000000000000000000e+00,-8.106964764048756045e-02,-0.000000000000000000e+00,-0.000000000000000000e+00,-0.000000000000000000e+00,-0.000000000000000000e+00,-0.000000000000000000e+00,-0.000000000000000000e+00,-0.000000000000000000e+00,-0.000000000000000000e+00,-0.000000000000000000e+00,-5.181407043830363324e-02,0.000000000000000000e+00,-6.196840650186953292e-01,-2.587754806823884188e-02,-4.469759885228391516e-01,0.000000000000000000e+00,0.000000000000000000e+00
0.000000000000000000e+00,0.000000000000000000e+00,-3.343088681187290911e-02,-7.789185419146680278e-01,-0.000000000000000000e+00,-0.000000000000000000e+00,1.728480578090768383e+00,-0.000000000000000000e+00,0.000000000000000000e+00,-0.000000000000000000e+00,3.992650026333680741e-02,1.456209576863335964e-01,-0.000000000000000000e+00,-0.000000000000000000e+00,0.000000000000000000e+00,0.000000000000000000e+00,0.000000000000000000e+00,0.000000000000000000e+00,-3.220505577040452816e-01,-3.116075589705859517e-01,-0.000000000000000000e+00,-9.847012796737698859e-03,-0.000000000000000000e+00,-0.000000000000000000e+00,0.000000000000000000e+00,0.000000000000000000e+00,0.000000000000000000e+00,-0.000000000000000000e+00,0.000000000000000000e+00,0.000000000000000000e+00,0.000000000000000000e+00,0.000000000000000000e+00,-0.000000000000000000e+00,-0.000000000000000000e+00,-0.000000000000000000e+00,0.000000000000000000e+00,-0.000000000000000000e+00,4.268934817581500341e-02,2.069340788667837772e-01
0.000000000000000000e+00,0.000000000000000000e+00,1.123784916377148085e-01,-0.000000000000000000e+00,6.012210893794185385e-01,-0.000000000000000000e+00,-0.000000000000000000e+00,1.563983751156706514e+00,1.233564574530447017e-01,0.000000000000000000e+00,0.000000000000000000e+00,-0.000000000000000000e+00,-0.000000000000000000e+00,0.000000000000000000e+00,-0.000000000000000000e+00,0.000000000000000000e+00,0.000000000000000000e+00,0.000000000000000000e+00,0.000000000000000000e+00,-6.071654141588193887e-02,-0.000000000000000000e+00,-0.000000000000000000e+00,-0.000000000000000000e+00,0.000000000000000000e+00,0.000000000000000000e+00,0.000000000000000000e+00,-0.000000000000000000e+00,-0.000000000000000000e+00,0.000000000000000000e+00,0.000000000000000000e+00,0.000000000000000000e+00,3.029240610659103550e-01,-0.000000000000000000e+00,6.316256402287384608e-02,-1.309953289680182154e-01,0.000000000000000000e+00,-0.000000000000000000e+00,0.000000000000000000e+00,0.000000000000000000e+00
-1.460162989477432893e-01,-4.692184090192674240e-01,-0.000000000000000000e+00,0.000000000000000000e+00,-0.000000000000000000e+00,-0.000000000000000000e+00,0.000000000000000000e+00,1.233564574530447017e-01,3.321847079201572406e+00,-1.378771704879627469e-01,0.000000000000000000e+00,-6.091123491163633746e-02,0.000000000000000000e+00,-3.075095415025970794e-02,-7.740962408978739606e-02,-0.000000000000000000e+00,0.000000000000000000e+00,-3.555155072312563003e-01,-0.000000000000000000e+00,0.000000000000000000e+00,0.000000000000000000e+00,0.000000000000000000e+00,-0.000000000000000000e+00,-1.283719190003051180e-01,-0.000000000000000000e+00,-0.000000000000000000e+00,-0.000000000000000000e+00,0.000000000000000000e+00,-0.000000000000000000e+00,-6.103305806825586322e-01,-0.000000000000000000e+00,-3.239439318552387315e-01,0.000000000000000000e+00,-8.189053023146750654e-01,0.000000000000000000e+00,-0.000000000000000000e+00,-0.000000000000000000e+00,-0.000000000000000000e+00,-4.108752890146976089e-01
-1.952345430632139167e-01,-0.000000000000000000e+00,-9.351989828974252572e-02,0.000000000000000000e+00,-1.630286366350302829e-01,-0.000000000000000000e+00,-0.000000000000000000e+00,0.000000000000000000e+00,-1.378771704879627469e-01,3.018980993538811219e+00,-0.000000000000000000e+00,-0.000000000000000000e+00,0.000000000000000000e+00,-1.152499419349469964e-02,-0.000000000000000000e+00,-4.870853125374138837e-01,-0.000000000000000000e+00,-3.908570582481953326e-01,-0.000000000000000000e+00,-0.000000000000000000e+00,-0.000000000000000000e+00,-0.000000000000000000e+00,-1.084017210847251639e-01,-1.082984656670654272e-01,-3.186486181380739358e-01,-0.000000000000000000e+00,-0.000000000000000000e+00,-0.000000000000000000e+00,-0.000000000000000000e+00,-6.272951183497188499e-01,-1.711542311549712203e-01,-0.000000000000000000e+00,-0.000000000000000000e+00,-0.000000000000000000e+00,-0.000000000000000000e+00,-1.328376854115901617e-01,-0.000000000000000000e+00,-4.546509211300051902e-03,-2.995373864833400512e-01
-0.000000000000000000e+00,-0.000000000000000000e+00,-0.000000000000000000e+00,0.000000000000000000e+00,-0.000000000000000000e+00,-0.000000000000000000e+00,3.992650026333680741e-02,0.000000000000000000e+00,0.000000000000000000e+00,-0.000000000000000000e+00,1.947527514160331430e+00,0.000000000000000000e+00,-0.000000000000000000e+00,-0.000000000000000000e+00,0.000000000000000000e+00,-0.000000000000000000e+00,-1.022696604984843827e+00,0.000000000000000000e+00,9.826146999888799027e-02,0.000000000000000000e+00,-0.000000000000000000e+00,-0.000000000000000000e+00,0.000000000000000000e+00,-0.000000000000000000e+00,-1.834273908581072476e-01,-9.535989462979176101e-02,-0.000000000000000000e+00,-0.000000000000000000e+00,-2.098500254009980914e-01,-0.000000000000000000e+00,-0.000000000000000000e+00,-9.170314134318363012e-04,-0.000000000000000000e+00,1.795589700012730980e-02,-0.000000000000000000e+00,-0.000000000000000000e+00,-1.706291705793466784e-01,-0.000000000000000000e+00,-0.000000000000000000e+00
-0.000000000000000000e+00,-0.000000000000000000e+00,0.000000000000000000e+00,0.000000000000000000e+00,0.000000000000000000e+00,-0.000000000000000000e+00,1.456209576863335964e-01,-0.000000000000000000e+00,-6.091123491163633746e-02,-0.000000000000000000e+00,0.000000000000000000e+00,1.957018271029137502e+00,0.000000000000000000e+00,-0.000000000000000000e+00,-6.561554130503031157e-01,-0.000000000000000000e+00,5.659920081327955710e-02,-1.388624872764996354e-01,-0.000000000000000000e+00,0.000000000000000000e+00,0.000000000000000000e+00,0.000000000000000000e+00,-0.000000000000000000e+00,-0.000000000000000000e+00,-0.000000000000000000e+00,-0.000000000000000000e+00,-0.000000000000000000e+00,0.000000000000000000e+00,-0.000000000000000000e+00,-0.000000000000000000e+00,-0.000000000000000000e+00,-0.000000000000000000e+00,0.000000000000000000e+00,-2.524027243045301461e-01,-0.000000000000000000e+00,-0.000000000000000000e+00,0.000000000000000000e+00,-0.000000000000000000e+00,-5.858818526490546796e-01
0.000000000000000000e+00,1.847766601198565228e-01,-0.000000000000000000e+00,-1.430091392330774813e-01,-0.000000000000000000e+00,-0.000000000000000000e+00,-0.000000000000000000e+00,-0.000000000000000000e+00,0.000000000000000000e+00,0.000000000000000000e+00,-0.000000000000000000e+00,0.000000000000000000e+00,1.634033147578402678e+00,-0.000000000000000000e+00,1.104254772703697346e-01,0.000000000000000000e+00,-0.000000000000000000e+00,0.000000000000000000e+00,0.000000000000000000e+00,-1.255640838518261304e-01,-1.898237293384816560e-01,-3.258553667475935778e-01,-0.000000000000000000e+00,0.000000000000000000e+00,-0.000000000000000000e+00,-0.000000000000000000e+00,-0.000000000000000000e+00,-0.000000000000000000e+00,-0.000000000000000000e+00,0.000000000000000000e+00,-0.000000000000000000e+00,5.381605852128952538e-02,-1.656207338718417021e-01,2.580132176349683171e-01,-3.523942755752295097e-01,0.000000000000000000e+00,-9.093239238007396266e-03,0.000000000000000000e+00,0.000000000000000000e+00
-6.394210615082621119e-02,-0.000000000000000000e+00,-1.429452208927599680e-02,-0.000000000000000000e+00,-3.621241184261956292e-01,-2.567729253576995774e-01,-0.000000000000000000e+00,0.000000000000000000e+00,-3.075095415025970794e-02,-1.152499419349469964e-02,-0.000000000000000000e+00,-0.000000000000000000e+00,-0.000000000000000000e+00,2.499378775885269910e+00,-0.000000000000000000e+00,-0.000000000000000000e+00,-0.000000000000000000e+00,-8.934106215080511596e-04,-0.000000000000000000e+00,-0.000000000000000000e+00,-0.000000000000000000e+00,-0.000000000000000000e+00,-2.145525282837346115e-01,-3.379622958690519652e-01,-1.314023263687601473e-01,-0.000000000000000000e+00,-0.000000000000000000e+00,-0.000000000000000000e+00,-4.600939299076969302e-01,-7.291596363939403802e-02,-1.055412498183573577e-01,-0.000000000000000000e+00,-1.928302829970592047e-02,-0.000000000000000000e+00,-1.439812262524108877e-01,-3.639141576890714269e-01,-2.238222525866664370e-01,-0.000000000000000000e+00,-0.000000000000000000e+00
-0.000000000000000000e+00,-0.000000000000000000e+00,-0.000000000000000000e+00,0.000000000000000000e+00,0.000000000000000000e+00,0.000000000000000000e+00,0.000000000000000000e+00,-0.000000000000000000e+00,-7.740962408978739606e-02,-0.000000000000000000e+00,0.000000000000000000e+00,-6.561554130503031157e-01,1.104254772703697346e-01,-0.000000000000000000e+00,1.722926684934861896e+00,-4.768296314557791266e-02,0.000000000000000000e+00,-2.925950421819558667e-01,-0.000000000000000000e+00,-0.000000000000000000e+00,0.000000000000000000e+00,0.000000000000000000e+00,-0.000000000000000000e+00,-1.097493373287562329e-01,-0.000000000000000000e+00,-0.000000000000000000e+00,-0.000000000000000000e+00,-0.000000000000000000e+00,-0.000000000000000000e+00,-6.151682184098275150e-03,0.000000000000000000e+00,-0.000000000000000000e+00,0.000000000000000000e+00,-1.562321000070881205e-01,0.000000000000000000e+00,-0.000000000000000000e+00,0.000000000000000000e+00,-0.000000000000000000e+00,-3.268574060315753566e-02
-0.000000000000000000e+00,-0.000000000000000000e+00,-8.959063332173358707e-02,0.000000000000000000e+00,-0.000000000000000000e+00,-0.000000000000000000e+00,0.000000000000000000e+00,0.000000000000000000e+00,-0.000000000000000000e+00,-4.870853125374138837e-01,-0.000000000000000000e+00,-0.000000000000000000e+00,0.000000000000000000e+00,-0.000000000000000000e+00,-4.768296314557791266e-02,2.540136065815326472e+00,-0.000000000000000000e+00,-4.834665010320722822e-01,-0.000000000000000000e+00,-0.000000000000000000e+00,-0.000000000000000000e+00,-0.000000000000000000e+00,-1.404311730731292729e-01,-0.000000000000000000e+00,-1.125774002654928163e-01,-3.385164462595555146e-01,-1.898955449064976819e-01,-0.000000000000000000e+00,-0.000000000000000000e+00,-4.937533234027959850e-01,-5.133442348185932773e-04,-0.000000000000000000e+00,-0.000000000000000000e+00,-0.000000000000000000e+00,-0.000000000000000000e+00,-0.000000000000000000e+00,-0.000000000000000000e+00,-1.482097749259173869e-01,-0.000000000000000000e+00
-0.000000000000000000e+00,0.000000000000000000e+00,-0.000000000000000000e+00,0.000000000000000000e+00,-0.000000000000000000e+00,-9.020801053908092393e-02,0.000000000000000000e+00,0.000000000000000000e+00,0.000000000000000000e+00,-0.000000000000000000e+00,-1.022696604984843827e+00,5.659920081327955710e-02,-0.000000000000000000e+00,-0.000000000000000000e+00,0.000000000000000000e+00,-0.000000000000000000e+00,2.118143011290924971e+00,0.000000000000000000e+00,3.118867223803254568e-02,0.000000000000000000e+00,-0.000000000000000000e+00,-0.000000000000000000e+00,0.000000000000000000e+00,-0.000000000000000000e+00,-0.000000000000000000e+00,-1.653093623416075630e-01,-0.000000000000000000e+00,-3.535545574619273768e-01,-2.265900167185405101e-01,-0.000000000000000000e+00,-0.000000000000000000e+00,-0.000000000000000000e+00,-0.000000000000000000e+00,1.989751586657620419e-01,-0.000000000000000000e+00,-0.000000000000000000e+00,-0.000000000000000000e+00,-1.620694642793430451e-01,0.000000000000000000e+00
-0.000000000000000000e+00,-0.000000000000000000e+00,-1.464149073230284481e-01,0.000000000000000000e+00,-5.083196561294767851e-02,-0.000000000000000000e+00,0.000000000000000000e+00,0.000000000000000000e+00,-3.555155072312563003e-01,-3.908570582481953326e-01,0.000000000000000000e+00,-1.388624872764996354e-01,0.000000000000000000e+00,-8.934106215080511596e-04,-2.925950421819558667e-01,-4.834665010320722822e-01,0.000000000000000000e+00,2.657002590698992250e+00,-4.042136677477866091e-01,-0.000000000000000000e+00,-0.000000000000000000e+00,-0.000000000000000000e+00,-1.176536678552237286e-01,-1.141462913129009105e-01,-0.000000000000000000e+00,-0.000000000000000000e+00,-0.000000000000000000e+00,-0.000000000000000000e+00,-0.000000000000000000e+00,-7.405239483805282907e-02,-0.000000000000000000e+00,-0.000000000000000000e+00,-0.000000000000000000e+00,-2.504644111075796653e-01,0.000000000000000000e+00,-0.000000000000000000e+00,-0.000000000000000000e+00,-0.000000000000000000e+00,-0.000000000000000000e+00
-0.000000000000000000e+00,-0.000000000000000000e+00,-6.964546905915838249e-01,-0.000000000000000000e+00,-0.000000000000000000e+00,-0.000000000000000000e+00,-3.220505577040452816e-01,0.000000000000000000e+00,-0.000000000000000000e+00,-0.000000000000000000e+00,9.826146999888799027e-02,-0.000000000000000000e+00,0.000000000000000000e+00,-0.000000000000000000e+00,-0.000000000000000000e+00,-0.000000000000000000e+00,3.118867223803254568e-02,-4.042136677477866091e-01,2.243254810371855701e+00,-0.000000000000000000e+00,-0.000000000000000000e+00,-0.000000000000000000e+00,-2.608975304710323684e-01,-2.822535502949174643e-03,-0.000000000000000000e+00,0.000000000000000000e+00,-0.000000000000000000e+00,0.000000000000000000e+00,0.000000000000000000e+00,-0.000000000000000000e+00,-0.000000000000000000e+00,-0.000000000000000000e+00,-0.000000000000000000e+00,-6.704342717727415080e-01,0.000000000000000000e+00,-0.000000000000000000e+00,0.000000000000000000e+00,0.000000000000000000e+00,-0.000000000000000000e+00
0.000000000000000000e+00,0.000000000000000000e+00,-0.000000000000000000e+00,-5.292135161894607753e-01,-0.000000000000000000e+00,-0.000000000000000000e+00,-3.116075589705859517e-01,-6.071654141588193887e-02,0.000000000000000000e+00,-0.000000000000000000e+00,0.000000000000000000e+00,0.000000000000000000e+00,-1.255640838518261304e-01,-0.000000000000000000e+00,-0.000000000000000000e+00,-0.000000000000000000e+00,0.000000000000000000e+00,-0.000000000000000000e+00,-0.000000000000000000e+00,2.387241920490128511e+00,-3.298442620464011044e-01,-8.257370703215791696e-01,-0.000000000000000000e+00,-0.000000000000000000e+00,-0.000000000000000000e+00,-0.000000000000000000e+00,-3.876195932219243107e-02,-2.176189526947271691e-01,-0.000000000000000000e+00,-0.000000000000000000e+00,-0.000000000000000000e+00,3.015015628699110328e-01,-0.000000000000000000e+00,0.000000000000000000e+00,-2.567762918471109754e-02,-0.000000000000000000e+00,-0.000000000000000000e+00,0.000000000000000000e+00,0.000000000000000000e+00
-0.000000000000000000e+00,0.000000000000000000e+00,-1.631114184935719413e-01,-0.000000000000000000e+00,-4.729765566947611438e-02,-0.000000000000000000e+00,-0.000000000000000000e+00,-0.000000000000000000e+00,0.000000000000000000e+00,-0.000000000000000000e+00,-0.000000000000000000e+00,0.000000000000000000e+00,-1.898237293384816560e-01,-0.000000000000000000e+00,0.000000000000000000e+00,-0.000000000000000000e+00,-0.000000000000000000e+00,-0.000000000000000000e+00,-0.000000000000000000e+00,-3.298442620464011044e-01,3.088514328542416809e+00,-8.720471582717024273e-01,-0.000000000000000000e+00,-0.000000000000000000e+00,-0.000000000000000000e+00,-0.000000000000000000e+00,-0.000000000000000000e+00,-6.517531266868806794e-01,-0.000000000000000000e+00,-0.000000000000000000e+00,-2.668496552412509826e-01,0.000000000000000000e+00,-6.256401767684692805e-01,0.000000000000000000e+00,-0.000000000000000000e+00,-0.000000000000000000e+00,-0.000000000000000000e+00,-0.000000000000000000e+00,0.000000000000000000e+00
-0.000000000000000000e+00,0.000000000000000000e+00,-1.970796679792718720e-01,-0.000000000000000000e+00,-0.000000000000000000e+00,-0.000000000000000000e+00,-9.847012796737698859e-03,-0.000000000000000000e+00,0.000000000000000000e+00,-0.000000000000000000e+00,-0.000000000000000000e+00,0.000000000000000000e+00,-3.258553667475935778e-01,-0.000000000000000000e+00,0.000000000000000000e+00,-0.000000000000000000e+00,-0.000000000000000000e+00,-0.000000000000000000e+00,-0.000000000000000000e+00,-8.257370703215791696e-01,-8.720471582717024273e-01,3.304658116465948758e+00,-0.000000000000000000e+00,-0.000000000000000000e+00,-0.000000000000000000e+00,-0.000000000000000000e+00,-2.868712988111644657e-01,-2.972212769110424424e-01,-0.000000000000000000e+00,-0.000000000000000000e+00,-1.213721179331698485e-01,0.000000000000000000e+00,-6.013949818457838825e-01,0.000000000000000000e+00,-0.000000000000000000e+00,-0.000000000000000000e+00,-0.000000000000000000e+00,-0.000000000000000000e+00,0.000000000000000000e+00
-0.000000000000000000e+00,-0.000000000000000000e+00,-2.341511285825327235e-02,-0.000000000000000000e+00,-0.000000000000000000e+00,-8.106964764048756045e-02,-0.000000000000000000e+00,-0.000000000000000000e+00,-0.000000000000000000e+00,-1.084017210847251639e-01,0.000000000000000000e+00,-0.000000000000000000e+00,-0.000000000000000000e+00,-2.145525282837346115e-01,-0.000000000000000000e+00,-1.404311730731292729e-01,0.000000000000000000e+00,-1.176536678552237286e-01,-2.608975304710323684e-01,-0.000000000000000000e+00,-0.000000000000000000e+00,-0.000000000000000000e+00,1.663320759907485069e+00,-8.892201629502563542e-02,-2.263223812358578779e-01,-0.000000000000000000e+00,-0.000000000000000000e+00,-0.000000000000000000e+00,-0.000000000000000000e+00,-0.000000000000000000e+00,-0.000000000000000000e+00,-0.000000000000000000e+00,-4.477160202314163506e-02,-8.616874612023829594e-02,-0.000000000000000000e+00,-4.985433553056407840e-02,-0.000000000000000000e+00,-0.000000000000000000e+00,-0.000000000000000000e+00
-3.056541700646620008e-02,-0.000000000000000000e+00,-2.115377947377784784e-01,-0.000000000000000000e+00,-0.000000000000000000e+00,-0.000000000000000000e+00,-0.000000000000000000e+00,0.000000000000000000e+00,-1.283719190003051180e-01,-1.082984656670654272e-01,-0.000000000000000000e+00,-0.000000000000000000e+00,0.000000000000000000e+00,-3.379622958690519652e-01,-1.097493373287562329e-01,-0.000000000000000000e+00,-0.000000000000000000e+00,-1.141462913129009105e-01,-2.822535502949174643e-03,-0.000000000000000000e+00,-0.000000000000000000e+00,-0.000000000000000000e+00,-8.892201629502563542e-02,1.645961234773363424e+00,-7.666871063018439181e-02,-0.000000000000000000e+00,-0.000000000000000000e+00,-0.000000000000000000e+00,-8.719914114082109868e-02,-8.818854318042357310e-03,-0.000000000000000000e+00,-9.681321595856309803e-02,-0.000000000000000000e+00,-0.000000000000000000e+00,-0.000000000000000000e+00,-0.000000000000000000e+00,-0.000000000000000000e+00,-0.000000000000000000e+00,-0.000000000000000000e+00
-2.180163927051734576e-02,-0.000000000000000000e+00,-0.000000000000000000e+00,0.000000000000000000e+00,-0.000000000000000000e+00,-0.000000000000000000e+00,0.000000000000000000e+00,0.000000000000000000e+00,-0.000000000000000000e+00,-3.186486181380739358e-01,-1.834273908581072476e-01,-0.000000000000000000e+00,-0.000000000000000000e+00,-1.314023263687601473e-01,-0.000000000000000000e+00,-1.125774002654928163e-01,-0.000000000000000000e+00,-0.000000000000000000e+00,-0.000000000000000000e+00,-0.000000000000000000e+00,-0.000000000000000000e+00,-0.000000000000000000e+00,-2.263223812358578779e-01,-7.666871063018439181e-02,2.405890486209729673e+00,-0.000000000000000000e+00,-2.378283400616464649e-01,-0.000000000000000000e+00,-2.692109180577320626e-01,-0.000000000000000000e+00,-4.315594659999515970e-01,-0.000000000000000000e+00,-9.531206271771090754e-02,-0.000000000000000000e+00,-0.000000000000000000e+00,-2.633745878210371205e-01,-1.470216860254432434e-01,-4.295135076833053039e-02,-0.000000000000000000e+00
-1.975662838402262311e-01,-0.000000000000000000e+00,-0.000000000000000000e+00,0.000000000000000000e+00,-0.000000000000000000e+00,-0.000000000000000000e+00,0.000000000000000000e+00,0.000000000000000000e+00,-0.000000000000000000e+00,-0.000000000000000000e+00,-9.535989462979176101e-02,-0.000000000000000000e+00,-0.000000000000000000e+00,-0.000000000000000000e+00,-0.000000000000000000e+00,-3.385164462595555146e-01,-1.653093623416075630e-01,-0.000000000000000000e+00,0.000000000000000000e+00,-0.000000000000000000e+00,-0.000000000000000000e+00,-0.000000000000000000e+00,-0.000000000000000000e+00,-0.000000000000000000e+00,-0.000000000000000000e+00,2.721551756628148411e+00,-6.172524031010286905e-01,-3.165595926547632999e-01,-4.681713621660150704e-01,-0.000000000000000000e+00,-1.425626809015022312e-01,-0.000000000000000000e+00,-0.000000000000000000e+00,0.000000000000000000e+00,-0.000000000000000000e+00,-0.000000000000000000e+00,-0.000000000000000000e+00,-5.311009549639136296e-01,-0.000000000000000000e+00
-0.000000000000000000e+00,-0.000000000000000000e+00,-0.000000000000000000e+00,-0.000000000000000000e+00,-0.000000000000000000e+00,-0.000000000000000000e+00,0.000000000000000000e+00,-0.000000000000000000e+00,-0.000000000000000000e+00,-0.000000000000000000e+00,-0.000000000000000000e+00,-0.000000000000000000e+00,-0.000000000000000000e+00,-0.000000000000000000e+00,-0.000000000000000000e+00,-1.898955449064976819e-01,-0.000000000000000000e+00,-0.000000000000000000e+00,-0.000000000000000000e+00,-3.876195932219243107e-02,-0.000000000000000000e+00,-2.868712988111644657e-01,-0.000000000000000000e+00,-0.000000000000000000e+00,-2.378283400616464649e-01,-6.172524031010286905e-01,2.472342620323870310e+00,-3.201639561539494361e-01,-0.000000000000000000e+00,-0.000000000000000000e+00,-2.460555531575522592e-01,-0.000000000000000000e+00,-3.295267821152044752e-01,0.000000000000000000e+00,-0.000000000000000000e+00,-2.575988042040458156e-02,-1.457568191942583413e-01,-0.000000000000000000e+00,-0.000000000000000000e+00
-0.000000000000000000e+00,0.000000000000000000e+00,-0.000000000000000000e+00,-0.000000000000000000e+00,-0.000000000000000000e+00,-0.000000000000000000e+00,-0.000000000000000000e+00,-0.000000000000000000e+00,0.000000000000000000e+00,-0.000000000000000000e+00,-0.000000000000000000e+00,0.000000000000000000e+00,-0.000000000000000000e+00,-0.000000000000000000e+00,-0.000000000000000000e+00,-0.000000000000000000e+00,-3.535545574619273768e-01,-0.000000000000000000e+00,0.000000000000000000e+00,-2.176189526947271691e-01,-6.517531266868806794e-01,-2.972212769110424424e-01,-0.000000000000000000e+00,-0.000000000000000000e+00,-0.000000000000000000e+00,-3.165595926547632999e-01,-3.201639561539494361e-01,2.778855752369675969e+00,-1.386768353528982922e-01,-0.000000000000000000e+00,-2.098412336298534075e-01,0.000000000000000000e+00,-3.605044549768596229e-01,0.000000000000000000e+00,-0.000000000000000000e+00,-0.000000000000000000e+00,-0.000000000000000000e+00,-0.000000000000000000e+00,0.000000000000000000e+00
-3.142395605734309150e-02,-0.000000000000000000e+00,-0.000000000000000000e+00,0.000000000000000000e+00,-0.000000000000000000e+00,-0.000000000000000000e+00,0.000000000000000000e+00,0.000000000000000000e+00,-0.000000000000000000e+00,-0.000000000000000000e+00,-2.098500254009980914e-01,-0.000000000000000000e+00,-0.000000000000000000e+00,-4.600939299076969302e-01,-0.000000000000000000e+00,-0.000000000000000000e+00,-2.265900167185405101e-01,-0.000000000000000000e+00,0.000000000000000000e+00,-0.000000000000000000e+00,-0.000000000000000000e+00,-0.000000000000000000e+00,-0.000000000000000000e+00,-8.719914114082109868e-02,-2.692109180577320626e-01,-4.681713621660150704e-01,-0.000000000000000000e+00,-1.386768353528982922e-01,2.380031640041498697e+00,-0.000000000000000000e+00,-0.000000000000000000e+00,-0.000000000000000000e+00,-1.098314952313030474e-01,0.000000000000000000e+00,-0.000000000000000000e+00,-0.000000000000000000e+00,-9.071204181140324341e-02,-3.542398611479096737e-01,-0.000000000000000000e+00
-2.286590472445949873e-01,-3.324985111221695488e-02,-7.417930896753975600e-02,0.000000000000000000e+00,-1.142472983738781617e-01,-0.000000000000000000e+00,0.000000000000000000e+00,0.000000000000000000e+00,-6.103305806825586322e-01,-6.272951183497188499e-01,-0.000000000000000000e+00,-0.000000000000000000e+00,0.000000000000000000e+00,-7.291596363939403802e-02,-6.151682184098275150e-03,-4.937533234027959850e-01,-0.000000000000000000e+00,-7.405239483805282907e-02,-0.000000000000000000e+00,-0.000000000000000000e+00,-0.000000000000000000e+00,-0.000000000000000000e+00,-0.000000000000000000e+00,-8.818854318042357310e-03,-0.000000000000000000e+00,-0.000000000000000000e+00,-0.000000000000000000e+00,-0.000000000000000000e+00,-0.000000000000000000e+00,2.865422826564664849e+00,-0.000000000000000000e+00,-0.000000000000000000e+00,-0.000000000000000000e+00,-1.675901705305600162e-02,0.000000000000000000e+00,-6.138380032403288611e-02,-0.000000000000000000e+00,-3.773422236460498014e-01,-1.148761990921272624e-01
-0.000000000000000000e+00,-0.000000000000000000e+00,-1.412235270061597825e-01,0.000000000000000000e+00,-2.561451008627413928e-01,-0.000000000000000000e+00,0.000000000000000000e+00,0.000000000000000000e+00,-0.000000000000000000e+00,-1.711542311549712203e-01,-0.000000000000000000e+00,-0.000000000000000000e+00,-0.000000000000000000e+00,-1.055412498183573577e-01,0.000000000000000000e+00,-5.133442348185932773e-04,-0.000000000000000000e+00,-0.000000000000000000e+00,-0.000000000000000000e+00,-0.000000000000000000e+00,-2.668496552412509826e-01,-1.213721179331698485e-01,-0.000000000000000000e+00,-0.000000000000000000e+00,-4.315594659999515970e-01,-1.425626809015022312e-01,-2.460555531575522592e-01,-2.098412336298534075e-01,-0.000000000000000000e+00,-0.000000000000000000e+00,2.645655322514670615e+00,-0.000000000000000000e+00,-5.857457618454983139e-01,0.000000000000000000e+00,-0.000000000000000000e+00,-0.000000000000000000e+00,-0.000000000000000000e+00,-2.504567315909806205e-02,-0.000000000000000000e+00
-1.091611668016984893e-01,-6.304513492081885717e-01,-0.000000000000000000e+00,2.515459646193573748e-02,-0.000000000000000000e+00,-0.000000000000000000e+00,0.000000000000000000e+00,3.029240610659103550e-01,-3.239439318552387315e-01,-0.000000000000000000e+00,-9.170314134318363012e-04,-0.000000000000000000e+00,5.381605852128952538e-02,-0.000000000000000000e+00,-0.000000000000000000e+00,-0.000000000000000000e+00,-0.000000000000000000e+00,-0.000000000000000000e+00,-0.000000000000000000e+00,3.015015628699110328e-01,0.000000000000000000e+00,0.000000000000000000e+00,-0.000000000000000000e+00,-9.681321595856309803e-02,-0.000000000000000000e+00,-0.000000000000000000e+00,-0.000000000000000000e+00,0.000000000000000000e+00,-0.000000000000000000e+00,-0.000000000000000000e+00,-0.000000000000000000e+00,2.032526617934506064e+00,0.000000000000000000e+00,-0.000000000000000000e+00,0.000000000000000000e+00,-7.667322610041185649e-02,-0.000000000000000000e+00,-1.236726252064148102e-01,-1.862600441808989482e-01
-0.000000000000000000e+00,0.000000000000000000e+00,-0.000000000000000000e+00,-0.000000000000000000e+00,-0.000000000000000000e+00,-5.181407043830363324e-02,-0.000000000000000000e+00,-0.000000000000000000e+00,0.000000000000000000e+00,-0.000000000000000000e+00,-0.000000000000000000e+00,0.000000000000000000e+00,-1.656207338718417021e-01,-1.928302829970592047e-02,0.000000000000000000e+00,-0.000000000000000000e+00,-0.000000000000000000e+00,-0.000000000000000000e+00,-0.000000000000000000e+00,-0.000000000000000000e+00,-6.256401767684692805e-01,-6.013949818457838825e-01,-4.477160202314163506e-02,-0.000000000000000000e+00,-9.531206271771090754e-02,-0.000000000000000000e+00,-3.295267821152044752e-01,-3.605044549768596229e-01,-1.098314952313030474e-01,-0.000000000000000000e+00,-5.857457618454983139e-01,0.000000000000000000e+00,3.114573104614733801e+00,0.000000000000000000e+00,-0.000000000000000000e+00,-0.000000000000000000e+00,-2.970744705590036561e-01,-0.000000000000000000e+00,0.000000000000000000e+00
-0.000000000000000000e+00,-9.687254482050320845e-03,-4.168066347825847423e-02,0.000000000000000000e+00,-0.000000000000000000e+00,0.000000000000000000e+00,-0.000000000000000000e+00,6.316256402287384608e-02,-8.189053023146750654e-01,-0.000000000000000000e+00,1.795589700012730980e-02,-2.524027243045301461e-01,2.580132176349683171e-01,-0.000000000000000000e+00,-1.562321000070881205e-01,-0.000000000000000000e+00,1.989751586657620419e-01,-2.504644111075796653e-01,-6.704342717727415080e-01,0.000000000000000000e+00,0.000000000000000000e+00,0.000000000000000000e+00,-8.616874612023829594e-02,-0.000000000000000000e+00,-0.000000000000000000e+00,0.000000000000000000e+00,0.000000000000000000e+00,0.000000000000000000e+00,0.000000000000000000e+00,-1.675901705305600162e-02,0.000000000000000000e+00,-0.000000000000000000e+00,0.000000000000000000e+00,2.413324892793277332e+00,0.000000000000000000e+00,-0.000000000000000000e+00,0.000000000000000000e+00,-0.000000000000000000e+00,-0.000000000000000000e+00
-0.000000000000000000e+00,0.000000000000000000e+00,0.000000000000000000e+00,-6.015182038165572259e-02,-0.000000000000000000e+00,-6.196840650186953292e-01,-0.000000000000000000e+00,-1.309953289680182154e-01,0.000000000000000000e+00,-0.000000000000000000e+00,-0.000000000000000000e+00,-0.000000000000000000e+00,-3.523942755752295097e-01,-1.439812262524108877e-01,0.000000000000000000e+00,-0.000000000000000000e+00,-0.000000000000000000e+00,0.000000000000000000e+00,0.000000000000000000e+00,-2.567762918471109754e-02,-0.000000000000000000e+00,-0.000000000000000000e+00,-0.000000000000000000e+00,-0.000000000000000000e+00,-0.000000000000000000e+00,-0.000000000000000000e+00,-0.000000000000000000e+00,-0.000000000000000000e+00,-0.000000000000000000e+00,0.000000000000000000e+00,-0.000000000000000000e+00,0.000000000000000000e+00,-0.000000000000000000e+00,0.000000000000000000e+00,2.129679331694295019e+00,-0.000000000000000000e+00,-8.349515727505052443e-01,0.000000000000000000e+00,0.000000000000000000e+00
-2.895518283562427686e-01,-2.231221851813619261e-01,-0.000000000000000000e+00,0.000000000000000000e+00,-0.000000000000000000e+00,-2.587754806823884188e-02,0.000000000000000000e+00,0.000000000000000000e+00,-0.000000000000000000e+00,-1.328376854115901617e-01,-0.000000000000000000e+00,-0.000000000000000000e+00,0.000000000000000000e+00,-3.639141576890714269e-01,-0.000000000000000000e+00,-0.000000000000000000e+00,-0.000000000000000000e+00,-0.000000000000000000e+00,-0.000000000000000000e+00,-0.000000000000000000e+00,-0.000000000000000000e+00,-0.000000000000000000e+00,-4.985433553056407840e-02,-0.000000000000000000e+00,-2.633745878210371205e-01,-0.000000000000000000e+00,-2.575988042040458156e-02,-0.000000000000000000e+00,-0.000000000000000000e+00,-6.138380032403288611e-02,-0.000000000000000000e+00,-7.667322610041185649e-02,-0.000000000000000000e+00,-0.000000000000000000e+00,-0.000000000000000000e+00,1.780271669809217805e+00,-5.560208574467483122e-02,-0.000000000000000000e+00,-0.000000000000000000e+00
-0.000000000000000000e+00,-0.000000000000000000e+00,-0.000000000000000000e+00,-0.000000000000000000e+00,-0.000000000000000000e+00,-4.469759885228391516e-01,-0.000000000000000000e+00,-0.000000000000000000e+00,-0.000000000000000000e+00,-0.000000000000000000e+00,-1.706291705793466784e-01,0.000000000000000000e+00,-9.093239238007396266e-03,-2.238222525866664370e-01,0.000000000000000000e+00,-0.000000000000000000e+00,-0.000000000000000000e+00,-0.000000000000000000e+00,0.000000000000000000e+00,-0.000000000000000000e+00,-0.000000000000000000e+00,-0.000000000000000000e+00,-0.000000000000000000e+00,-0.000000000000000000e+00,-1.470216860254432434e-01,-0.000000000000000000e+00,-1.457568191942583413e-01,-0.000000000000000000e+00,-9.071204181140324341e-02,-0.000000000000000000e+00,-0.000000000000000000e+00,-0.000000000000000000e+00,-2.970744705590036561e-01,0.000000000000000000e+00,-8.349515727505052443e-01,-5.560208574467483122e-02,2.362979847959754576e+00,-0.000000000000000000e+00,0.000000000000000000e+00
-1.444195008506095057e-01,-0.000000000000000000e+00,-0.000000000000000000e+00,0.000000000000000000e+00,-0.000000000000000000e+00,0.000000000000000000e+00,4.268934817581500341e-02,0.000000000000000000e+00,-0.000000000000000000e+00,-4.546509211300051902e-03,-0.000000000000000000e+00,-0.000000000000000000e+00,0.000000000000000000e+00,-0.000000000000000000e+00,-0.000000000000000000e+00,-1.482097749259173869e-01,-1.620694642793430451e-01,-0.000000000000000000e+00,0.000000000000000000e+00,0.000000000000000000e+00,-0.000000000000000000e+00,-0.000000000000000000e+00,-0.000000000000000000e+00,-0.000000000000000000e+00,-4.295135076833053039e-02,-5.311009549639136296e-01,-0.000000000000000000e+00,-0.000000000000000000e+00,-3.542398611479096737e-01,-3.773422236460498014e-01,-2.504567315909806205e-02,-1.236726252064148102e-01,-0.000000000000000000e+00,-0.000000000000000000e+00,0.000000000000000000e+00,-0.000000000000000000e+00,-0.000000000000000000e+00,2.325595211780091986e+00,-4.351528931887098106e-01
-6.764187499537423209e-02,-3.287381633063911623e-01,-0.000000000000000000e+00,4.501302847049718642e-02,-0.000000000000000000e+00,0.000000000000000000e+00,2.069340788667837772e-01,0.000000000000000000e+00,-4.108752890146976089e-01,-2.995373864833400512e-01,-0.000000000000000000e+00,-5.858818526490546796e-01,0.000000000000000000e+00,-0.000000000000000000e+00,-3.268574060315753566e-02,-0.000000000000000000e+00,0.000000000000000000e+00,-0.000000000000000000e+00,-0.000000000000000000e+00,0.000000000000000000e+00,0.000000000000000000e+00,0.000000000000000000e+00,-0.000000000000000000e+00,-0.000000000000000000e+00,-0.000000000000000000e+00,-0.000000000000000000e+00,-0.000000000000000000e+00,0.000000000000000000e+00,-0.000000000000000000e+00,-1.148761990921272624e-01,-0.000000000000000000e+00,-1.862600441808989482e-01,0.000000000000000000e+00,-0.000000000000000000e+00,0.000000000000000000e+00,-0.000000000000000000e+00,0.000000000000000000e+00,-4.351528931887098106e-01,2.467709210698316280e+00
