2.338532026616272574e+00,-0.000000000000000000e+00,-0.000000000000000000e+00,0.000000000000000000e+00,-0.000000000000000000e+00,-0.000000000000000000e+00,-0.000000000000000000e+00,0.000000000000000000e+00,-2.066967988956002755e-01,-0.000000000000000000e+00,-0.000000000000000000e+00,0.000000000000000000e+00,0.000000000000000000e+00,-8.289225872369394843e-02,-0.000000000000000000e+00,-0.000000000000000000e+00,-1.719926384370897843e-01,0.000000000000000000e+00,0.000000000000000000e+00,0.000000000000000000e+00,0.000000000000000000e+00,0.000000000000000000e+00,-7.543860639874273681e-03,-1.401819595451023470e-01,-1.735266131379289145e-01,-2.206389919350467133e-01,-0.000000000000000000e+00,-0.000000000000000000e+00,-3.664121251720035555e-01,-3.443363765463087200e-01,-0.000000000000000000e+00,-0.000000000000000000e+00,-0.000000000000000000e+00,0.000000000000000000e+00,-4.788054452307802938e-02,0.000000000000000000e+00,-0.000000000000000000e+00,-5.621645940315811441e-01,-0.000000000000000000e+00
-0.000000000000000000e+00,1.803879740030980061e+00,-2.424147828423339063e-02,-0.000000000000000000e+00,-2.051737542273436229e-02,-0.000000000000000000e+00,1.903073987768179320e-01,0.000000000000000000e+00,-4.246831884873021878e-01,-2.060237201732908752e-01,-0.000000000000000000e+00,-0.000000000000000000e+00,0.000000000000000000e+00,-0.000000000000000000e+00,-0.000000000000000000e+00,-2.967599028487567792e-02,-0.000000000000000000e+00,-0.000000000000000000e+00,-0.000000000000000000e+00,-0.000000000000000000e+00,-0.000000000000000000e+00,-0.000000000000000000e+00,-0.000000000000000000e+00,-0.000000000000000000e+00,-0.000000000000000000e+00,-0.000000000000000000e+00,-3.571697065111360814e-02,-0.000000000000000000e+00,-0.000000000000000000e+00,-0.000000000000000000e+00,-0.000000000000000000e+00,-2.980869950008731006e-01,-0.000000000000000000e+00,-0.000000000000000000e+00,0.000000000000000000e+00,0.000000000000000000e+00,-0.000000000000000000e+00,-0.000000000000000000e+00,-7.158789730001815510e-01
-0.000000000000000000e+00,-2.424147828423339063e-02,2.359781209600715801e+00,0.000000000000000000e+00,-3.603073445337005021e-01,-0.000000000000000000e+00,0.000000000000000000e+00,1.071757422976712393e+00,-4.428822669017912911e-02,-0.000000000000000000e+00,-0.000000000000000000e+00,-0.000000000000000000e+00,2.417329576644554612e-01,-0.000000000000000000e+00,-0.000000000000000000e+00,-0.000000000000000000e+00,-0.000000000000000000e+00,-0.000000000000000000e+00,-0.000000000000000000e+00,-0.000000000000000000e+00,-0.000000000000000000e+00,-0.000000000000000000e+00,-0.000000000000000000e+00,-0.000000000000000000e+00,-1.547708214896596074e-02,-2.041049269270508448e-01,-5.505912458741928084e-02,-0.000000000000000000e+00,-0.000000000000000000e+00,-0.000000000000000000e+00,-4.587430313160885675e-01,-0.000000000000000000e+00,-1.022921397932931818e-02,-0.000000000000000000e+00,-0.000000000000000000e+00,-0.000000000000000000e+00,-0.000000000000000000e+00,-0.000000000000000000e+00,-0.000000000000000000e+00
0.000000000000000000e+00,-0.000000000000000000e+00,0.000000000000000000e+00,1.198410500949032231e+00,-0.000000000000000000e+00,2.218134925999127594e-01,0.000000000000000000e+00,-0.000000000000000000e+00,0.000000000000000000e+00,-0.000000000000000000e+00,0.000000000000000000e+00,-5.989060220553550640e-02,0.000000000000000000e+00,3.845715930012457567e-02,-0.000000000000000000e+00,-0.000000000000000000e+00,0.000000000000000000e+00,-1.764644414628185609e-01,-2.588533760751860965e-02,-0.000000000000000000e+00,-0.000000000000000000e+00,-0.000000000000000000e+00,0.000000000000000000e+00,1.433989206185457520e-02,0.000000000000000000e+00,0.000000000000000000e+00,0.000000000000000000e+00,0.000000000000000000e+00,6.126787731615336574e-02,0.000000000000000000e+00,0.000000000000000000e+00,0.000000000000000000e+00,0.000000000000000000e+00,-2.163278367204484950e-02,0.000000000000000000e+00,-0.000000000000000000e+00,1.513775676887988038e-02,0.000000000000000000e+00,-0.000000000000000000e+00
-0.000000000000000000e+00,-2.051737542273436229e-02,-3.603073445337005021e-01,-0.000000000000000000e+00,1.574257719847500070e+00,-0.000000000000000000e+00,-0.000000000000000000e+00,2.383658597199953821e-01,-3.517888903518612276e-01,-1.002381270493123283e-01,-0.000000000000000000e+00,0.000000000000000000e+00,0.000000000000000000e+00,-0.000000000000000000e+00,-0.000000000000000000e+00,-0.000000000000000000e+00,-0.000000000000000000e+00,-0.000000000000000000e+00,-0.000000000000000000e+00,0.000000000000000000e+00,-0.000000000000000000e+00,0.000000000000000000e+00,-2.081902139600601553e-01,-0.000000000000000000e+00,-0.000000000000000000e+00,-4.002095824880924635e-02,-0.000000000000000000e+00,-0.000000000000000000e+00,-0.000000000000000000e+00,-0.000000000000000000e+00,-0.000000000000000000e+00,-0.000000000000000000e+00,-0.000000000000000000e+00,-2.366175701934630227e-01,-0.000000000000000000e+00,-0.000000000000000000e+00,-0.000000000000000000e+00,-0.000000000000000000e+00,-0.000000000000000000e+00
-0.000000000000000000e+00,-0.000000000000000000e+00,-0.000000000000000000e+00,2.218134925999127594e-01,-0.000000000000000000e+00,2.339776817627871264e+00,-0.000000000000000000e+00,0.000000000000000000e+00,-0.000000000000000000e+00,0.000000000000000000e+00,-0.000000000000000000e+00,0.000000000000000000e+00,-0.000000000000000000e+00,-0.000000000000000000e+00,4.633303134705674814e-02,0.000000000000000000e+00,-2.956183745583321199e-01,1.832282092194143230e-01,3.723397142963124230e-03,0.000000000000000000e+00,0.000000000000000000e+00,0.000000000000000000e+00,-8.268110790273657668e-03,-4.783441620336650879e-01,-2.830359378000832926e-01,-0.000000000000000000e+00,-0.000000000000000000e+00,-0.000000000000000000e+00,-2.931578067871042359e-01,-1.947545534620217719e-02,-0.000000000000000000e+00,-0.000000000000000000e+00,-1.339457462258335230e-01,3.562819065410648134e-02,-2.580622118137179122e-01,0.000000000000000000e+00,-2.046294259573393226e-01,-0.000000000000000000e+00,0.000000000000000000e+00
-0.000000000000000000e+00,1.903073987768179320e-01,0.000000000000000000e+00,0.000000000000000000e+00,-0.000000000000000000e+00,-0.000000000000000000e+00,1.491831432241455868e+00,-0.000000000000000000e+00,0.000000000000000000e+00,0.000000000000000000e+00,0.000000000000000000e+00,6.114513201675256804e-01,-1.445319182571097594e-01,-0.000000000000000000e+00,0.000000000000000000e+00,0.000000000000000000e+00,-0.000000000000000000e+00,0.000000000000000000e+00,0.000000000000000000e+00,2.607889895470454356e-01,0.000000000000000000e+00,0.000000000000000000e+00,-0.000000000000000000e+00,-0.000000000000000000e+00,-0.000000000000000000e+00,-0.000000000000000000e+00,0.000000000000000000e+00,0.000000000000000000e+00,-0.000000000000000000e+00,-0.000000000000000000e+00,-0.000000000000000000e+00,9.112210892554548081e-02,0.000000000000000000e+00,0.000000000000000000e+00,-0.000000000000000000e+00,-0.000000000000000000e+00,0.000000000000000000e+00,-0.000000000000000000e+00,1.171377259692293615e-01
0.000000000000000000e+00,0.000000000000000000e+00,1.071757422976712393e+00,-0.000000000000000000e+00,2.383658597199953821e-01,0.000000000000000000e+00,-0.000000000000000000e+00,2.314725591167743346e+00,0.000000000000000000e+00,0.000000000000000000e+00,0.000000000000000000e+00,0.000000000000000000e+00,-9.175590004420419721e-02,0.000000000000000000e+00,0.000000000000000000e+00,0.000000000000000000e+00,0.000000000000000000e+00,0.000000000000000000e+00,0.000000000000000000e+00,0.000000000000000000e+00,7.384926425762573798e-02,0.000000000000000000e+00,0.000000000000000000e+00,0.000000000000000000e+00,3.707217823182423072e-02,1.218209678400649087e-01,2.798416685709291529e-02,0.000000000000000000e+00,0.000000000000000000e+00,0.000000000000000000e+00,5.405297544364866535e-01,0.000000000000000000e+00,2.239408389891485995e-01,0.000000000000000000e+00,0.000000000000000000e+00,0.000000000000000000e+00,0.000000000000000000e+00,0.000000000000000000e+00,0.000000000000000000e+00
-2.066967988956002755e-01,-4.246831884873021878e-01,-4.428822669017912911e-02,0.000000000000000000e+00,-3.517888903518612276e-01,-0.000000000000000000e+00,0.000000000000000000e+00,0.000000000000000000e+00,1.722314365713546236e+00,-0.000000000000000000e+00,-0.000000000000000000e+00,-0.000000000000000000e+00,0.000000000000000000e+00,-0.000000000000000000e+00,-0.000000000000000000e+00,-1.086439795409223918e-01,-0.000000000000000000e+00,-0.000000000000000000e+00,-0.000000000000000000e+00,-0.000000000000000000e+00,0.000000000000000000e+00,0.000000000000000000e+00,-1.598509447103219627e-01,-0.000000000000000000e+00,-0.000000000000000000e+00,-1.691191061123702155e-02,-0.000000000000000000e+00,-1.984662017979312021e-01,-0.000000000000000000e+00,-1.297769549179140780e-01,-0.000000000000000000e+00,-0.000000000000000000e+00,-0.000000000000000000e+00,-0.000000000000000000e+00,-0.000000000000000000e+00,-0.000000000000000000e+00,-0.000000000000000000e+00,-2.597970099611884298e-01,-0.000000000000000000e+00
-0.000000000000000000e+00,-2.060237201732908752e-01,-0.000000000000000000e+00,-0.000000000000000000e+00,-1.002381270493123283e-01,0.000000000000000000e+00,0.000000000000000000e+00,0.000000000000000000e+00,-0.000000000000000000e+00,1.885280522488149035e+00,-0.000000000000000000e+00,-0.000000000000000000e+00,0.000000000000000000e+00,0.000000000000000000e+00,-0.000000000000000000e+00,-9.192670761650947320e-01,0.000000000000000000e+00,-0.000000000000000000e+00,-0.000000000000000000e+00,0.000000000000000000e+00,-0.000000000000000000e+00,-0.000000000000000000e+00,-2.337083989850997079e-01,0.000000000000000000e+00,-0.000000000000000000e+00,0.000000000000000000e+00,0.000000000000000000e+00,-0.000000000000000000e+00,0.000000000000000000e+00,-0.000000000000000000e+00,-0.000000000000000000e+00,0.000000000000000000e+00,0.000000000000000000e+00,-6.929506597352352859e-02,0.000000000000000000e+00,-8.607746341657268596e-02,0.000000000000000000e+00,-0.000000000000000000e+00,-2.353915825232347492e-01
-0.000000000000000000e+00,-0.000000000000000000e+00,-0.000000000000000000e+00,0.000000000000000000e+00,-0.000000000000000000e+00,-0.000000000000000000e+00,0.000000000000000000e+00,0.000000000000000000e+00,-0.000000000000000000e+00,-0.000000000000000000e+00,1.006944870014101046e+00,0.000000000000000000e+00,0.000000000000000000e+00,-0.000000000000000000e+00,-0.000000000000000000e+00,-0.000000000000000000e+00,-0.000000000000000000e+00,-0.000000000000000000e+00,-0.000000000000000000e+00,-0.000000000000000000e+00,0.000000000000000000e+00,0.000000000000000000e+00,0.000000000000000000e+00,-0.000000000000000000e+00,0.000000000000000000e+00,-0.000000000000000000e+00,-0.000000000000000000e+00,-8.362434871538250436e-02,-0.000000000000000000e+00,-0.000000000000000000e+00,-0.000000000000000000e+00,-0.000000000000000000e+00,-0.000000000000000000e+00,-0.000000000000000000e+00,-0.000000000000000000e+00,0.000000000000000000e+00,-0.000000000000000000e+00,-0.000000000000000000e+00,-0.000000000000000000e+00
0.000000000000000000e+00,-0.000000000000000000e+00,-0.000000000000000000e+00,-5.989060220553550640e-02,0.000000000000000000e+00,0.000000000000000000e+00,6.114513201675256804e-01,0.000000000000000000e+00,-0.000000000000000000e+00,-0.000000000000000000e+00,0.000000000000000000e+00,2.135068995677320114e+00,0.000000000000000000e+00,0.000000000000000000e+00,-0.000000000000000000e+00,-0.000000000000000000e+00,0.000000000000000000e+00,-3.751807403010103126e-02,-4.545351280953027207e-01,-0.000000000000000000e+00,-2.232286637350832936e-01,-1.427200975144179429e-01,0.000000000000000000e+00,0.000000000000000000e+00,0.000000000000000000e+00,1.211777539857925023e-01,-0.000000000000000000e+00,0.000000000000000000e+00,2.384241962718995720e-03,2.370090536808017179e-01,0.000000000000000000e+00,-0.000000000000000000e+00,-0.000000000000000000e+00,-0.000000000000000000e+00,1.490534448216686569e-01,-0.000000000000000000e+00,0.000000000000000000e+00,1.357579195070574007e-01,-3.468279354073351972e-01
0.000000000000000000e+00,0.000000000000000000e+00,2.417329576644554612e-01,0.000000000000000000e+00,0.000000000000000000e+00,-0.000000000000000000e+00,-1.445319182571097594e-01,-9.175590004420419721e-02,0.000000000000000000e+00,0.000000000000000000e+00,0.000000000000000000e+00,0.000000000000000000e+00,1.196221305247522793e+00,0.000000000000000000e+00,9.926869670048027450e-02,0.000000000000000000e+00,-0.000000000000000000e+00,0.000000000000000000e+00,0.000000000000000000e+00,0.000000000000000000e+00,0.000000000000000000e+00,-9.008826397965897376e-03,-0.000000000000000000e+00,-0.000000000000000000e+00,-0.000000000000000000e+00,0.000000000000000000e+00,0.000000000000000000e+00,0.000000000000000000e+00,-0.000000000000000000e+00,-0.000000000000000000e+00,1.029022746752020212e-01,-0.000000000000000000e+00,-0.000000000000000000e+00,1.357353887184411523e-01,-0.000000000000000000e+00,2.084163234433149617e-02,-0.000000000000000000e+00,0.000000000000000000e+00,4.989353714197786172e-03
-8.289225872369394843e-02,-0.000000000000000000e+00,-0.000000000000000000e+00,3.845715930012457567e-02,-0.000000000000000000e+00,-0.000000000000000000e+00,-0.000000000000000000e+00,0.000000000000000000e+00,-0.000000000000000000e+00,0.000000000000000000e+00,-0.000000000000000000e+00,0.000000000000000000e+00,0.000000000000000000e+00,2.216136110221455624e+00,0.000000000000000000e+00,0.000000000000000000e+00,-3.267933084439475500e-01,3.539523907795279895e-02,3.249978231582380944e-02,-0.000000000000000000e+00,0.000000000000000000e+00,0.000000000000000000e+00,-0.000000000000000000e+00,-2.392801476241389058e-01,-2.299432311317518018e-01,-3.794391651295235812e-01,-8.591367870202076817e-02,-4.676664944929923018e-02,-2.510495949818883354e-01,-0.000000000000000000e+00,-0.000000000000000000e+00,-0.000000000000000000e+00,-0.000000000000000000e+00,0.000000000000000000e+00,-1.811499863387133202e-01,0.000000000000000000e+00,-1.511518607396900860e-01,-1.374006891497046301e-01,0.000000000000000000e+00
-0.000000000000000000e+00,-0.000000000000000000e+00,-0.000000000000000000e+00,-0.000000000000000000e+00,-0.000000000000000000e+00,4.633303134705674814e-02,0.000000000000000000e+00,0.000000000000000000e+00,-0.000000000000000000e+00,-0.000000000000000000e+00,-0.000000000000000000e+00,-0.000000000000000000e+00,9.926869670048027450e-02,0.000000000000000000e+00,1.205410986235857518e+00,-0.000000000000000000e+00,0.000000000000000000e+00,-0.000000000000000000e+00,-0.000000000000000000e+00,-0.000000000000000000e+00,0.000000000000000000e+00,6.270079799305641743e-02,0.000000000000000000e+00,0.000000000000000000e+00,0.000000000000000000e+00,-0.000000000000000000e+00,0.000000000000000000e+00,-5.015460383462470167e-02,0.000000000000000000e+00,-0.000000000000000000e+00,0.000000000000000000e+00,0.000000000000000000e+00,1.889336365945343821e-01,-3.907230131276125396e-01,0.000000000000000000e+00,-0.000000000000000000e+00,0.000000000000000000e+00,-0.000000000000000000e+00,-0.000000000000000000e+00
-0.000000000000000000e+00,-2.967599028487567792e-02,-0.000000000000000000e+00,-0.000000000000000000e+00,-0.000000000000000000e+00,0.000000000000000000e+00,0.000000000000000000e+00,0.000000000000000000e+00,-1.086439795409223918e-01,-9.192670761650947320e-01,-0.000000000000000000e+00,-0.000000000000000000e+00,0.000000000000000000e+00,0.000000000000000000e+00,-0.000000000000000000e+00,1.859629366434907949e+00,0.000000000000000000e+00,-0.000000000000000000e+00,-0.000000000000000000e+00,0.000000000000000000e+00,-0.000000000000000000e+00,0.000000000000000000e+00,-0.000000000000000000e+00,0.000000000000000000e+00,-0.000000000000000000e+00,0.000000000000000000e+00,0.000000000000000000e+00,-0.000000000000000000e+00,0.000000000000000000e+00,-0.000000000000000000e+00,-0.000000000000000000e+00,0.000000000000000000e+00,6.135008084225686926e-04,-3.038102078129040762e-01,0.000000000000000000e+00,-3.885450599689380113e-02,0.000000000000000000e+00,-0.000000000000000000e+00,-2.499614446900896569e-01
-1.719926384370897843e-01,-0.000000000000000000e+00,-0.000000000000000000e+00,0.000000000000000000e+00,-0.000000000000000000e+00,-2.956183745583321199e-01,-0.000000000000000000e+00,0.000000000000000000e+00,-0.000000000000000000e+00,0.000000000000000000e+00,-0.000000000000000000e+00,0.000000000000000000e+00,-0.000000000000000000e+00,-3.267933084439475500e-01,0.000000000000000000e+00,0.000000000000000000e+00,2.020592417397778728e+00,0.000000000000000000e+00,0.000000000000000000e+00,0.000000000000000000e+00,0.000000000000000000e+00,0.000000000000000000e+00,-4.847489548459643638e-02,-2.641559683434762662e-01,-0.000000000000000000e+00,-5.288483724998065821e-02,-1.834159307222385793e-01,-0.000000000000000000e+00,-1.808267698914432786e-01,-0.000000000000000000e+00,-0.000000000000000000e+00,-2.430758070269709581e-01,-0.000000000000000000e+00,0.000000000000000000e+00,-5.557120950799384132e-03,0.000000000000000000e+00,-1.171801682244924814e-01,-0.000000000000000000e+00,0.000000000000000000e+00
0.000000000000000000e+00,-0.000000000000000000e+00,-0.000000000000000000e+00,-1.764644414628185609e-01,-0.000000000000000000e+00,1.832282092194143230e-01,0.000000000000000000e+00,0.000000000000000000e+00,-0.000000000000000000e+00,-0.000000000000000000e+00,-0.000000000000000000e+00,-3.751807403010103126e-02,0.000000000000000000e+00,3.539523907795279895e-02,-0.000000000000000000e+00,-0.000000000000000000e+00,0.000000000000000000e+00,2.302158377156645397e+00,-8.523789463378435016e-01,-0.000000000000000000e+00,-0.000000000000000000e+00,-0.000000000000000000e+00,0.000000000000000000e+00,3.417676021214402504e-02,0.000000000000000000e+00,0.000000000000000000e+00,0.000000000000000000e+00,0.000000000000000000e+00,7.577456415648950450e-02,0.000000000000000000e+00,0.000000000000000000e+00,0.000000000000000000e+00,0.000000000000000000e+00,-5.263411300004318116e-01,2.215055606147106892e-01,-0.000000000000000000e+00,0.000000000000000000e+00,0.000000000000000000e+00,-1.876360769640100790e-01
0.000000000000000000e+00,-0.000000000000000000e+00,-0.000000000000000000e+00,-2.588533760751860965e-02,-0.000000000000000000e+00,3.723397142963124230e-03,0.000000000000000000e+00,0.000000000000000000e+00,-0.000000000000000000e+00,-0.000000000000000000e+00,-0.000000000000000000e+00,-4.545351280953027207e-01,0.000000000000000000e+00,3.249978231582380944e-02,-0.000000000000000000e+00,-0.000000000000000000e+00,0.000000000000000000e+00,-8.523789463378435016e-01,2.350341286214983061e+00,-0.000000000000000000e+00,-1.925866094376148252e-01,-0.000000000000000000e+00,0.000000000000000000e+00,0.000000000000000000e+00,0.000000000000000000e+00,0.000000000000000000e+00,0.000000000000000000e+00,0.000000000000000000e+00,1.140554731111435849e-01,0.000000000000000000e+00,0.000000000000000000e+00,0.000000000000000000e+00,0.000000000000000000e+00,-3.204143307369124449e-01,2.222487169243172467e-01,-0.000000000000000000e+00,0.000000000000000000e+00,1.815824308590275812e-02,-1.960052597675731034e-01
0.000000000000000000e+00,-0.000000000000000000e+00,-0.000000000000000000e+00,-0.000000000000000000e+00,0.000000000000000000e+00,0.000000000000000000e+00,2.607889895470454356e-01,0.000000000000000000e+00,-0.000000000000000000e+00,0.000000000000000000e+00,-0.000000000000000000e+00,-0.000000000000000000e+00,0.000000000000000000e+00,-0.000000000000000000e+00,-0.000000000000000000e+00,0.000000000000000000e+00,0.000000000000000000e+00,-0.000000000000000000e+00,-0.000000000000000000e+00,1.076105014357575440e+00,-0.000000000000000000e+00,-0.000000000000000000e+00,8.684777941448883556e-03,0.000000000000000000e+00,0.000000000000000000e+00,-0.000000000000000000e+00,-8.340470577885687742e-02,-7.315974787405996049e-02,0.000000000000000000e+00,0.000000000000000000e+00,0.000000000000000000e+00,-0.000000000000000000e+00,-0.000000000000000000e+00,-0.000000000000000000e+00,0.000000000000000000e+00,0.000000000000000000e+00,-0.000000000000000000e+00,0.000000000000000000e+00,-0.000000000000000000e+00
0.000000000000000000e+00,-0.000000000000000000e+00,-0.000000000000000000e+00,-0.000000000000000000e+00,-0.000000000000000000e+00,0.000000000000000000e+00,0.000000000000000000e+00,7.384926425762573798e-02,0.000000000000000000e+00,-0.000000000000000000e+00,0.000000000000000000e+00,-2.232286637350832936e-01,0.000000000000000000e+00,0.000000000000000000e+00,0.000000000000000000e+00,-0.000000000000000000e+00,0.000000000000000000e+00,-0.000000000000000000e+00,-1.925866094376148252e-01,-0.000000000000000000e+00,1.325895230329768415e+00,-4.177708051344826701e-01,0.000000000000000000e+00,0.000000000000000000e+00,0.000000000000000000e+00,0.000000000000000000e+00,-0.000000000000000000e+00,5.619160626784113627e-02,0.000000000000000000e+00,0.000000000000000000e+00,-9.148277127835009737e-03,-0.000000000000000000e+00,-5.065037359169819592e-02,-0.000000000000000000e+00,0.000000000000000000e+00,-0.000000000000000000e+00,0.000000000000000000e+00,3.865248320282791555e-02,-0.000000000000000000e+00
0.000000000000000000e+00,-0.000000000000000000e+00,-0.000000000000000000e+00,-0.000000000000000000e+00,0.000000000000000000e+00,0.000000000000000000e+00,0.000000000000000000e+00,0.000000000000000000e+00,0.000000000000000000e+00,-0.000000000000000000e+00,0.000000000000000000e+00,-1.427200975144179429e-01,-9.008826397965897376e-03,0.000000000000000000e+00,6.270079799305641743e-02,0.000000000000000000e+00,0.000000000000000000e+00,-0.000000000000000000e+00,-0.000000000000000000e+00,-0.000000000000000000e+00,-4.177708051344826701e-01,1.329511322541927276e+00,-0.000000000000000000e+00,0.000000000000000000e+00,0.000000000000000000e+00,1.014454777235531679e-01,-0.000000000000000000e+00,0.000000000000000000e+00,0.000000000000000000e+00,0.000000000000000000e+00,-0.000000000000000000e+00,-0.000000000000000000e+00,-0.000000000000000000e+00,-0.000000000000000000e+00,0.000000000000000000e+00,-0.000000000000000000e+00,0.000000000000000000e+00,2.478708612376912812e-01,-0.000000000000000000e+00
-7.543860639874273681e-03,-0.000000000000000000e+00,-0.000000000000000000e+00,0.000000000000000000e+00,-2.081902139600601553e-01,-8.268110790273657668e-03,-0.000000000000000000e+00,0.000000000000000000e+00,-1.598509447103219627e-01,-2.337083989850997079e-01,0.000000000000000000e+00,0.000000000000000000e+00,-0.000000000000000000e+00,-0.000000000000000000e+00,0.000000000000000000e+00,-0.000000000000000000e+00,-4.847489548459643638e-02,0.000000000000000000e+00,0.000000000000000000e+00,8.684777941448883556e-03,0.000000000000000000e+00,-0.000000000000000000e+00,1.669825320601968865e+00,-0.000000000000000000e+00,-7.452378894857182301e-01,-0.000000000000000000e+00,-0.000000000000000000e+00,-0.000000000000000000e+00,-0.000000000000000000e+00,-1.003879456117434954e-01,-0.000000000000000000e+00,-0.000000000000000000e+00,-0.000000000000000000e+00,-0.000000000000000000e+00,-0.000000000000000000e+00,-0.000000000000000000e+00,-0.000000000000000000e+00,-0.000000000000000000e+00,-0.000000000000000000e+00
-1.401819595451023470e-01,-0.000000000000000000e+00,-0.000000000000000000e+00,1.433989206185457520e-02,-0.000000000000000000e+00,-4.783441620336650879e-01,-0.000000000000000000e+00,0.000000000000000000e+00,-0.000000000000000000e+00,0.000000000000000000e+00,-0.000000000000000000e+00,0.000000000000000000e+00,-0.000000000000000000e+00,-2.392801476241389058e-01,0.000000000000000000e+00,0.000000000000000000e+00,-2.641559683434762662e-01,3.417676021214402504e-02,0.000000000000000000e+00,0.000000000000000000e+00,0.000000000000000000e+00,0.000000000000000000e+00,-0.000000000000000000e+00,2.822387646347247259e+00,-3.026890150949406721e-01,-3.703155927798125469e-02,-1.267601227147640841e-01,-0.000000000000000000e+00,-3.903793596644702379e-01,-1.245004781480203299e-01,-0.000000000000000000e+00,-0.000000000000000000e+00,-2.089711825188722560e-01,0.000000000000000000e+00,-3.951402302357318597e-01,0.000000000000000000e+00,-2.573266171227848176e-01,-0.000000000000000000e+00,0.000000000000000000e+00
-1.735266131379289145e-01,-0.000000000000000000e+00,-1.547708214896596074e-02,0.000000000000000000e+00,-0.000000000000000000e+00,-2.830359378000832926e-01,-0.000000000000000000e+00,3.707217823182423072e-02,-0.000000000000000000e+00,-0.000000000000000000e+00,0.000000000000000000e+00,0.000000000000000000e+00,-0.000000000000000000e+00,-2.299432311317518018e-01,0.000000000000000000e+00,-0.000000000000000000e+00,-0.000000000000000000e+00,0.000000000000000000e+00,0.000000000000000000e+00,0.000000000000000000e+00,0.000000000000000000e+00,0.000000000000000000e+00,-7.452378894857182301e-01,-3.026890150949406721e-01,2.146560368470483926e+00,-0.000000000000000000e+00,-0.000000000000000000e+00,-0.000000000000000000e+00,-0.000000000000000000e+00,-3.319041561813189656e-01,-0.000000000000000000e+00,-0.000000000000000000e+00,-0.000000000000000000e+00,0.000000000000000000e+00,-0.000000000000000000e+00,-0.000000000000000000e+00,-0.000000000000000000e+00,-0.000000000000000000e+00,0.000000000000000000e+00
-2.206389919350467133e-01,-0.000000000000000000e+00,-2.041049269270508448e-01,0.000000000000000000e+00,-4.002095824880924635e-02,-0.000000000000000000e+00,-0.000000000000000000e+00,1.218209678400649087e-01,-1.691191061123702155e-02,0.000000000000000000e+00,-0.000000000000000000e+00,1.211777539857925023e-01,0.000000000000000000e+00,-3.794391651295235812e-01,-0.000000000000000000e+00,0.000000000000000000e+00,-5.288483724998065821e-02,0.000000000000000000e+00,0.000000000000000000e+00,-0.000000000000000000e+00,0.000000000000000000e+00,1.014454777235531679e-01,-0.000000000000000000e+00,-3.703155927798125469e-02,-0.000000000000000000e+00,2.271814941194761239e+00,-0.000000000000000000e+00,-2.409215340473396527e-01,-1.579750382688585586e-01,-3.815746649412555258e-01,-0.000000000000000000e+00,-0.000000000000000000e+00,-0.000000000000000000e+00,0.000000000000000000e+00,-7.852733293039874940e-02,0.000000000000000000e+00,-0.000000000000000000e+00,-3.791363858873050829e-01,0.000000000000000000e+00
-0.000000000000000000e+00,-3.571697065111360814e-02,-5.505912458741928084e-02,0.000000000000000000e+00,-0.000000000000000000e+00,-0.000000000000000000e+00,0.000000000000000000e+00,2.798416685709291529e-02,-0.000000000000000000e+00,0.000000000000000000e+00,-0.000000000000000000e+00,-0.000000000000000000e+00,0.000000000000000000e+00,-8.591367870202076817e-02,0.000000000000000000e+00,0.000000000000000000e+00,-1.834159307222385793e-01,0.000000000000000000e+00,0.000000000000000000e+00,-8.340470577885687742e-02,-0.000000000000000000e+00,-0.000000000000000000e+00,-0.000000000000000000e+00,-1.267601227147640841e-01,-0.000000000000000000e+00,-0.000000000000000000e+00,2.316854425252766969e+00,-0.000000000000000000e+00,-0.000000000000000000e+00,-0.000000000000000000e+00,-0.000000000000000000e+00,-7.514706107143905855e-01,-4.341464721911290070e-01,0.000000000000000000e+00,-0.000000000000000000e+00,0.000000000000000000e+00,-5.440865407211115112e-01,-0.000000000000000000e+00,-0.000000000000000000e+00
-0.000000000000000000e+00,-0.000000000000000000e+00,-0.000000000000000000e+00,0.000000000000000000e+00,-0.000000000000000000e+00,-0.000000000000000000e+00,0.000000000000000000e+00,0.000000000000000000e+00,-1.984662017979312021e-01,-0.000000000000000000e+00,-8.362434871538250436e-02,0.000000000000000000e+00,0.000000000000000000e+00,-4.676664944929923018e-02,-5.015460383462470167e-02,-0.000000000000000000e+00,-0.000000000000000000e+00,0.000000000000000000e+00,0.000000000000000000e+00,-7.315974787405996049e-02,5.619160626784113627e-02,0.000000000000000000e+00,-0.000000000000000000e+00,-0.000000000000000000e+00,-0.000000000000000000e+00,-2.409215340473396527e-01,-0.000000000000000000e+00,1.227741733430527171e+00,-0.000000000000000000e+00,-0.000000000000000000e+00,0.000000000000000000e+00,-0.000000000000000000e+00,-0.000000000000000000e+00,-0.000000000000000000e+00,-0.000000000000000000e+00,-0.000000000000000000e+00,-1.710836736190390339e-01,-0.000000000000000000e+00,-0.000000000000000000e+00
-3.664121251720035555e-01,-0.000000000000000000e+00,-0.000000000000000000e+00,6.126787731615336574e-02,-0.000000000000000000e+00,-2.931578067871042359e-01,-0.000000000000000000e+00,0.000000000000000000e+00,-0.000000000000000000e+00,0.000000000000000000e+00,-0.000000000000000000e+00,2.384241962718995720e-03,-0.000000000000000000e+00,-2.510495949818883354e-01,0.000000000000000000e+00,0.000000000000000000e+00,-1.808267698914432786e-01,7.577456415648950450e-02,1.140554731111435849e-01,0.000000000000000000e+00,0.000000000000000000e+00,0.000000000000000000e+00,-0.000000000000000000e+00,-3.903793596644702379e-01,-0.000000000000000000e+00,-1.579750382688585586e-01,-0.000000000000000000e+00,-0.000000000000000000e+00,2.793690010005563717e+00,-2.022748045862552413e-01,-0.000000000000000000e+00,-0.000000000000000000e+00,-0.000000000000000000e+00,0.000000000000000000e+00,-5.934711064073636688e-01,0.000000000000000000e+00,-2.277481281019174686e-01,-2.138713114714866498e-02,0.000000000000000000e+00
-3.443363765463087200e-01,-0.000000000000000000e+00,-0.000000000000000000e+00,0.000000000000000000e+00,-0.000000000000000000e+00,-1.947545534620217719e-02,-0.000000000000000000e+00,0.000000000000000000e+00,-1.297769549179140780e-01,-0.000000000000000000e+00,-0.000000000000000000e+00,2.370090536808017179e-01,-0.000000000000000000e+00,-0.000000000000000000e+00,-0.000000000000000000e+00,-0.000000000000000000e+00,-0.000000000000000000e+00,0.000000000000000000e+00,0.000000000000000000e+00,0.000000000000000000e+00,0.000000000000000000e+00,0.000000000000000000e+00,-1.003879456117434954e-01,-1.245004781480203299e-01,-3.319041561813189656e-01,-3.815746649412555258e-01,-0.000000000000000000e+00,-0.000000000000000000e+00,-2.022748045862552413e-01,2.438735818504671471e+00,-0.000000000000000000e+00,-0.000000000000000000e+00,-0.000000000000000000e+00,0.000000000000000000e+00,-1.376152373522457062e-01,0.000000000000000000e+00,-0.000000000000000000e+00,-5.356593528485872335e-01,0.000000000000000000e+00
-0.000000000000000000e+00,-0.000000000000000000e+00,-4.587430313160885675e-01,0.000000000000000000e+00,-0.000000000000000000e+00,-0.000000000000000000e+00,-0.000000000000000000e+00,5.405297544364866535e-01,-0.000000000000000000e+00,-0.000000000000000000e+00,-0.000000000000000000e+00,0.000000000000000000e+00,1.029022746752020212e-01,-0.000000000000000000e+00,0.000000000000000000e+00,-0.000000000000000000e+00,-0.000000000000000000e+00,0.000000000000000000e+00,0.000000000000000000e+00,0.000000000000000000e+00,-9.148277127835009737e-03,-0.000000000000000000e+00,-0.000000000000000000e+00,-0.000000000000000000e+00,-0.000000000000000000e+00,-0.000000000000000000e+00,-0.000000000000000000e+00,0.000000000000000000e+00,-0.000000000000000000e+00,-0.000000000000000000e+00,1.583174586143041740e+00,-0.000000000000000000e+00,-0.000000000000000000e+00,-0.000000000000000000e+00,-0.000000000000000000e+00,-2.475307627535032820e-02,-0.000000000000000000e+00,-0.000000000000000000e+00,-0.000000000000000000e+00
-0.000000000000000000e+00,-2.980869950008731006e-01,-0.000000000000000000e+00,0.000000000000000000e+00,-0.000000000000000000e+00,-0.000000000000000000e+00,9.112210892554548081e-02,0.000000000000000000e+00,-0.000000000000000000e+00,0.000000000000000000e+00,-0.000000000000000000e+00,-0.000000000000000000e+00,-0.000000000000000000e+00,-0.000000000000000000e+00,0.000000000000000000e+00,0.000000000000000000e+00,-2.430758070269709581e-01,0.000000000000000000e+00,0.000000000000000000e+00,-0.000000000000000000e+00,-0.000000000000000000e+00,-0.000000000000000000e+00,-0.000000000000000000e+00,-0.000000000000000000e+00,-0.000000000000000000e+00,-0.000000000000000000e+00,-7.514706107143905855e-01,-0.000000000000000000e+00,-0.000000000000000000e+00,-0.000000000000000000e+00,-0.000000000000000000e+00,2.195839032948236014e+00,-4.598419936590096291e-01,0.000000000000000000e+00,-0.000000000000000000e+00,9.723565133575182151e-02,-3.851248656974596285e-01,-0.000000000000000000e+00,-0.000000000000000000e+00
-0.000000000000000000e+00,-0.000000000000000000e+00,-1.022921397932931818e-02,0.000000000000000000e+00,-0.000000000000000000e+00,-1.339457462258335230e-01,0.000000000000000000e+00,2.239408389891485995e-01,-0.000000000000000000e+00,0.000000000000000000e+00,-0.000000000000000000e+00,-0.000000000000000000e+00,-0.000000000000000000e+00,-0.000000000000000000e+00,1.889336365945343821e-01,6.135008084225686926e-04,-0.000000000000000000e+00,0.000000000000000000e+00,0.000000000000000000e+00,-0.000000000000000000e+00,-5.065037359169819592e-02,-0.000000000000000000e+00,-0.000000000000000000e+00,-2.089711825188722560e-01,-0.000000000000000000e+00,-0.000000000000000000e+00,-4.341464721911290070e-01,-0.000000000000000000e+00,-0.000000000000000000e+00,-0.000000000000000000e+00,-0.000000000000000000e+00,-4.598419936590096291e-01,1.803855404114893313e+00,0.000000000000000000e+00,-0.000000000000000000e+00,0.000000000000000000e+00,-6.203805163830703601e-02,0.000000000000000000e+00,0.000000000000000000e+00
0.000000000000000000e+00,-0.000000000000000000e+00,-0.000000000000000000e+00,-2.163278367204484950e-02,-2.366175701934630227e-01,3.562819065410648134e-02,0.000000000000000000e+00,0.000000000000000000e+00,-0.000000000000000000e+00,-6.929506597352352859e-02,-0.000000000000000000e+00,-0.000000000000000000e+00,1.357353887184411523e-01,0.000000000000000000e+00,-3.907230131276125396e-01,-3.038102078129040762e-01,0.000000000000000000e+00,-5.263411300004318116e-01,-3.204143307369124449e-01,-0.000000000000000000e+00,-0.000000000000000000e+00,-0.000000000000000000e+00,-0.000000000000000000e+00,0.000000000000000000e+00,0.000000000000000000e+00,0.000000000000000000e+00,0.000000000000000000e+00,-0.000000000000000000e+00,0.000000000000000000e+00,0.000000000000000000e+00,-0.000000000000000000e+00,0.000000000000000000e+00,0.000000000000000000e+00,2.155505969566084534e+00,2.475699391381327719e-01,-9.625984994121321303e-02,1.241777461270544836e-02,0.000000000000000000e+00,-3.196869424876850885e-01
-4.788054452307802938e-02,0.000000000000000000e+00,-0.000000000000000000e+00,0.000000000000000000e+00,-0.000000000000000000e+00,-2.580622118137179122e-01,-0.000000000000000000e+00,0.000000000000000000e+00,-0.000000000000000000e+00,0.000000000000000000e+00,-0.000000000000000000e+00,1.490534448216686569e-01,-0.000000000000000000e+00,-1.811499863387133202e-01,0.000000000000000000e+00,0.000000000000000000e+00,-5.557120950799384132e-03,2.215055606147106892e-01,2.222487169243172467e-01,0.000000000000000000e+00,0.000000000000000000e+00,0.000000000000000000e+00,-0.000000000000000000e+00,-3.951402302357318597e-01,-0.000000000000000000e+00,-7.852733293039874940e-02,-0.000000000000000000e+00,-0.000000000000000000e+00,-5.934711064073636688e-01,-1.376152373522457062e-01,-0.000000000000000000e+00,-0.000000000000000000e+00,-0.000000000000000000e+00,2.475699391381327719e-01,2.667128203021896571e+00,0.000000000000000000e+00,-3.223927182937705305e-01,-0.000000000000000000e+00,0.000000000000000000e+00
0.000000000000000000e+00,0.000000000000000000e+00,-0.000000000000000000e+00,-0.000000000000000000e+00,-0.000000000000000000e+00,0.000000000000000000e+00,-0.000000000000000000e+00,0.000000000000000000e+00,-0.000000000000000000e+00,-8.607746341657268596e-02,0.000000000000000000e+00,-0.000000000000000000e+00,2.084163234433149617e-02,0.000000000000000000e+00,-0.000000000000000000e+00,-3.885450599689380113e-02,0.000000000000000000e+00,-0.000000000000000000e+00,-0.000000000000000000e+00,0.000000000000000000e+00,-0.000000000000000000e+00,-0.000000000000000000e+00,-0.000000000000000000e+00,0.000000000000000000e+00,-0.000000000000000000e+00,0.000000000000000000e+00,0.000000000000000000e+00,-0.000000000000000000e+00,0.000000000000000000e+00,0.000000000000000000e+00,-2.475307627535032820e-02,9.723565133575182151e-02,0.000000000000000000e+00,-9.625984994121321303e-02,0.000000000000000000e+00,1.068484816093316248e+00,1.106741383252909383e-01,0.000000000000000000e+00,-0.000000000000000000e+00
-0.000000000000000000e+00,-0.000000000000000000e+00,-0.000000000000000000e+00,1.513775676887988038e-02,-0.000000000000000000e+00,-2.046294259573393226e-01,0.000000000000000000e+00,0.000000000000000000e+00,-0.000000000000000000e+00,0.000000000000000000e+00,-0.000000000000000000e+00,0.000000000000000000e+00,-0.000000000000000000e+00,-1.511518607396900860e-01,0.000000000000000000e+00,0.000000000000000000e+00,-1.171801682244924814e-01,0.000000000000000000e+00,0.000000000000000000e+00,-0.000000000000000000e+00,0.000000000000000000e+00,0.000000000000000000e+00,-0.000000000000000000e+00,-2.573266171227848176e-01,-0.000000000000000000e+00,-0.000000000000000000e+00,-5.440865407211115112e-01,-1.710836736190390339e-01,-2.277481281019174686e-01,-0.000000000000000000e+00,-0.000000000000000000e+00,-3.851248656974596285e-01,-6.203805163830703601e-02,1.241777461270544836e-02,-3.223927182937705305e-01,1.106741383252909383e-01,2.409378502620809215e+00,-0.000000000000000000e+00,0.000000000000000000e+00
-5.621645940315811441e-01,-0.000000000000000000e+00,-0.000000000000000000e+00,0.000000000000000000e+00,-0.000000000000000000e+00,-0.000000000000000000e+00,-0.000000000000000000e+00,0.000000000000000000e+00,-2.597970099611884298e-01,-0.000000000000000000e+00,-0.000000000000000000e+00,1.357579195070574007e-01,0.000000000000000000e+00,-1.374006891497046301e-01,-0.000000000000000000e+00,-0.000000000000000000e+00,-0.000000000000000000e+00,0.000000000000000000e+00,1.815824308590275812e-02,0.000000000000000000e+00,3.865248320282791555e-02,2.478708612376912812e-01,-0.000000000000000000e+00,-0.000000000000000000e+00,-0.000000000000000000e+00,-3.791363858873050829e-01,-0.000000000000000000e+00,-0.000000000000000000e+00,-2.138713114714866498e-02,-5.356593528485872335e-01,-0.000000000000000000e+00,-0.000000000000000000e+00,0.000000000000000000e+00,0.000000000000000000e+00,-0.000000000000000000e+00,0.000000000000000000e+00,-0.000000000000000000e+00,2.269869833245363733e+00,0.000000000000000000e+00
-0.000000000000000000e+00,-7.158789730001815510e-01,-0.000000000000000000e+00,-0.000000000000000000e+00,-0.000000000000000000e+00,0.000000000000000000e+00,1.171377259692293615e-01,0.000000000000000000e+00,-0.000000000000000000e+00,-2.353915825232347492e-01,-0.000000000000000000e+00,-3.468279354073351972e-01,4.989353714197786172e-03,0.000000000000000000e+00,-0.000000000000000000e+00,-2.499614446900896569e-01,0.000000000000000000e+00,-1.876360769640100790e-01,-1.960052597675731034e-01,-0.000000000000000000e+00,-0.000000000000000000e+00,-0.000000000000000000e+00,-0.000000000000000000e+00,0.000000000000000000e+00,0.000000000000000000e+00,0.000000000000000000e+00,-0.000000000000000000e+00,-0.000000000000000000e+00,0.000000000000000000e+00,0.000000000000000000e+00,-0.000000000000000000e+00,-0.000000000000000000e+00,0.000000000000000000e+00,-3.196869424876850885e-01,0.000000000000000000e+00,-0.000000000000000000e+00,0.000000000000000000e+00,0.000000000000000000e+00,2.139003295805966154e+00
