1.941877557125215148e+00,-9.629685852669828128e-02,-1.072567675301727141e-01,0.000000000000000000e+00,-1.681806023078476764e-01,7.171682254720840310e-03,0.000000000000000000e+00,0.000000000000000000e+00,-1.184827955970184366e-01,-6.953659971372874726e-02,-0.000000000000000000e+00,0.000000000000000000e+00,8.280096665827461899e-02,-0.000000000000000000e+00,-0.000000000000000000e+00,-3.746682110183966463e-01,-0.000000000000000000e+00,0.000000000000000000e+00,-0.000000000000000000e+00,0.000000000000000000e+00,-0.000000000000000000e+00,-0.000000000000000000e+00,-0.000000000000000000e+00,-0.000000000000000000e+00,-0.000000000000000000e+00,-3.718545271673610042e-01,0.000000000000000000e+00,-0.000000000000000000e+00,-0.000000000000000000e+00,-2.140667209222043288e-01,0.000000000000000000e+00,0.000000000000000000e+00,0.000000000000000000e+00,-7.484874392620954886e-02,-0.000000000000000000e+00,-8.688218396544288014e-02,0.000000000000000000e+00,-3.819983697961067959e-01,-0.000000000000000000e+00
-9.629685852669828128e-02,2.111079966926518114e+00,-0.000000000000000000e+00,-0.000000000000000000e+00,-1.784665459892662565e-01,-0.000000000000000000e+00,-0.000000000000000000e+00,0.000000000000000000e+00,-1.242960916730395382e-01,-4.945804256422349221e-01,-0.000000000000000000e+00,-0.000000000000000000e+00,0.000000000000000000e+00,-2.417051405143039178e-02,0.000000000000000000e+00,-4.091561197209487855e-01,-2.376014764974009041e-01,-1.003234894039128772e-01,-0.000000000000000000e+00,-8.519908262949274849e-03,-0.000000000000000000e+00,-1.578274043765841017e-01,-0.000000000000000000e+00,-3.719040658199593841e-01,-0.000000000000000000e+00,-0.000000000000000000e+00,-0.000000000000000000e+00,-0.000000000000000000e+00,-9.574293420687067860e-03,-0.000000000000000000e+00,-0.000000000000000000e+00,-0.000000000000000000e+00,-0.000000000000000000e+00,-0.000000000000000000e+00,0.000000000000000000e+00,-1.056896672878428201e-01,-0.000000000000000000e+00,-0.000000000000000000e+00,-6.186559441130827508e-02
-1.072567675301727141e-01,-0.000000000000000000e+00,1.843152394116438053e+00,-0.000000000000000000e+00,-5.761962025700184675e-01,0.000000000000000000e+00,-0.000000000000000000e+00,0.000000000000000000e+00,-1.712978908486879892e-01,-4.465946801283682266e-02,-8.160433288762214410e-02,-0.000000000000000000e+00,0.000000000000000000e+00,-1.942104537240221113e-02,-0.000000000000000000e+00,-1.068552283631340194e-01,-4.202793854616049284e-04,-0.000000000000000000e+00,-3.558171935862710633e-01,-0.000000000000000000e+00,-5.721397451566262449e-02,-0.000000000000000000e+00,-0.000000000000000000e+00,-0.000000000000000000e+00,-0.000000000000000000e+00,-0.000000000000000000e+00,-0.000000000000000000e+00,-0.000000000000000000e+00,-0.000000000000000000e+00,-0.000000000000000000e+00,-0.000000000000000000e+00,-0.000000000000000000e+00,-0.000000000000000000e+00,-3.224492331886158469e-01,0.000000000000000000e+00,-0.000000000000000000e+00,-0.000000000000000000e+00,-0.000000000000000000e+00,-0.000000000000000000e+00
0.000000000000000000e+00,-0.000000000000000000e+00,-0.000000000000000000e+00,1.755232294835906481e+00,-0.000000000000000000e+00,-0.000000000000000000e+00,-7.395329607720563247e-01,-0.000000000000000000e+00,-0.000000000000000000e+00,-0.000000000000000000e+00,0.000000000000000000e+00,-0.000000000000000000e+00,-0.000000000000000000e+00,0.000000000000000000e+00,1.590399025563595525e-01,-0.000000000000000000e+00,-0.000000000000000000e+00,-1.172729972276836397e-01,0.000000000000000000e+00,-0.000000000000000000e+00,-0.000000000000000000e+00,-1.070033160867560479e-01,0.000000000000000000e+00,-0.000000000000000000e+00,0.000000000000000000e+00,0.000000000000000000e+00,-4.176816463905928291e-03,-0.000000000000000000e+00,-0.000000000000000000e+00,0.000000000000000000e+00,-2.780541521183229614e-01,-0.000000000000000000e+00,-0.000000000000000000e+00,0.000000000000000000e+00,0.000000000000000000e+00,0.000000000000000000e+00,-0.000000000000000000e+00,2.113071189322967280e-01,-0.000000000000000000e+00
-1.681806023078476764e-01,-1.784665459892662565e-01,-5.761962025700184675e-01,-0.000000000000000000e+00,1.760208187279293179e+00,0.000000000000000000e+00,-0.000000000000000000e+00,0.000000000000000000e+00,-2.148736938525593332e-01,-0.000000000000000000e+00,-7.327743290293944542e-03,-0.000000000000000000e+00,0.000000000000000000e+00,-5.389193771241897885e-02,-0.000000000000000000e+00,-1.537315172837464515e-02,-7.192876443682162668e-02,-0.000000000000000000e+00,-5.544758970773310154e-03,-0.000000000000000000e+00,-0.000000000000000000e+00,-0.000000000000000000e+00,-0.000000000000000000e+00,-0.000000000000000000e+00,-0.000000000000000000e+00,-0.000000000000000000e+00,-0.000000000000000000e+00,-0.000000000000000000e+00,-0.000000000000000000e+00,-0.000000000000000000e+00,-0.000000000000000000e+00,-0.000000000000000000e+00,-0.000000000000000000e+00,-2.425853004736905072e-01,0.000000000000000000e+00,-1.046015792969698238e-01,-0.000000000000000000e+00,-0.000000000000000000e+00,-0.000000000000000000e+00
7.171682254720840310e-03,-0.000000000000000000e+00,0.000000000000000000e+00,-0.000000000000000000e+00,0.000000000000000000e+00,1.440105525642737749e+00,-0.000000000000000000e+00,-0.000000000000000000e+00,0.000000000000000000e+00,-0.000000000000000000e+00,-0.000000000000000000e+00,-0.000000000000000000e+00,-4.843120344117843312e-02,-0.000000000000000000e+00,3.603245125529865728e-02,0.000000000000000000e+00,-0.000000000000000000e+00,-0.000000000000000000e+00,0.000000000000000000e+00,-6.137730478269946832e-02,0.000000000000000000e+00,-0.000000000000000000e+00,-0.000000000000000000e+00,-0.000000000000000000e+00,-1.260554888838192056e-01,3.664901780234929851e-01,-0.000000000000000000e+00,-0.000000000000000000e+00,-0.000000000000000000e+00,0.000000000000000000e+00,-0.000000000000000000e+00,-2.206458746255793857e-01,-0.000000000000000000e+00,0.000000000000000000e+00,0.000000000000000000e+00,-0.000000000000000000e+00,-3.259241713792837558e-01,0.000000000000000000e+00,-0.000000000000000000e+00
0.000000000000000000e+00,-0.000000000000000000e+00,-0.000000000000000000e+00,-7.395329607720563247e-01,-0.000000000000000000e+00,-0.000000000000000000e+00,1.656350929347524925e+00,-0.000000000000000000e+00,-0.000000000000000000e+00,-0.000000000000000000e+00,0.000000000000000000e+00,0.000000000000000000e+00,-0.000000000000000000e+00,0.000000000000000000e+00,3.932009976482415264e-02,-0.000000000000000000e+00,-0.000000000000000000e+00,-0.000000000000000000e+00,0.000000000000000000e+00,-9.963517175644490131e-02,-0.000000000000000000e+00,-1.639082591773968478e-01,0.000000000000000000e+00,-0.000000000000000000e+00,0.000000000000000000e+00,0.000000000000000000e+00,-0.000000000000000000e+00,-1.909393662429318683e-01,-0.000000000000000000e+00,0.000000000000000000e+00,-1.160333879031560517e-01,-0.000000000000000000e+00,-0.000000000000000000e+00,0.000000000000000000e+00,0.000000000000000000e+00,0.000000000000000000e+00,-0.000000000000000000e+00,8.734282539786135391e-02,-0.000000000000000000e+00
0.000000000000000000e+00,0.000000000000000000e+00,0.000000000000000000e+00,-0.000000000000000000e+00,0.000000000000000000e+00,-0.000000000000000000e+00,-0.000000000000000000e+00,1.316281771239741660e+00,0.000000000000000000e+00,0.000000000000000000e+00,0.000000000000000000e+00,-0.000000000000000000e+00,-0.000000000000000000e+00,0.000000000000000000e+00,0.000000000000000000e+00,0.000000000000000000e+00,-0.000000000000000000e+00,-0.000000000000000000e+00,0.000000000000000000e+00,-0.000000000000000000e+00,-9.503345019491472867e-02,-1.815902811480295809e-01,0.000000000000000000e+00,-0.000000000000000000e+00,0.000000000000000000e+00,0.000000000000000000e+00,-0.000000000000000000e+00,-1.941624428017156012e-01,-0.000000000000000000e+00,0.000000000000000000e+00,-1.980812328925586965e-02,-0.000000000000000000e+00,-3.565051267908982413e-01,0.000000000000000000e+00,0.000000000000000000e+00,-0.000000000000000000e+00,-0.000000000000000000e+00,3.159370293037702671e-02,-0.000000000000000000e+00
-1.184827955970184366e-01,-1.242960916730395382e-01,-1.712978908486879892e-01,-0.000000000000000000e+00,-2.148736938525593332e-01,0.000000000000000000e+00,-0.000000000000000000e+00,0.000000000000000000e+00,1.941800582724874324e+00,-1.457932273190872263e-01,-0.000000000000000000e+00,-0.000000000000000000e+00,0.000000000000000000e+00,-2.029507744152414181e-02,-0.000000000000000000e+00,-1.519530929653326590e-01,-0.000000000000000000e+00,-0.000000000000000000e+00,-0.000000000000000000e+00,-0.000000000000000000e+00,-0.000000000000000000e+00,-0.000000000000000000e+00,-2.507571813496518032e-01,-2.251289953219703238e-02,-1.269710010835175054e-03,-0.000000000000000000e+00,-0.000000000000000000e+00,-0.000000000000000000e+00,-0.000000000000000000e+00,-2.382228928206427954e-01,-0.000000000000000000e+00,-0.000000000000000000e+00,-0.000000000000000000e+00,-2.706036509123828648e-01,-0.000000000000000000e+00,-6.657449338555576634e-02,-0.000000000000000000e+00,-0.000000000000000000e+00,-3.430051025280961841e-01
-6.953659971372874726e-02,-4.945804256422349221e-01,-4.465946801283682266e-02,-0.000000000000000000e+00,-0.000000000000000000e+00,-0.000000000000000000e+00,-0.000000000000000000e+00,0.000000000000000000e+00,-1.457932273190872263e-01,2.064970059844913663e+00,-0.000000000000000000e+00,-0.000000000000000000e+00,0.000000000000000000e+00,-1.062598571401952990e-01,0.000000000000000000e+00,-7.720412905900019274e-01,-0.000000000000000000e+00,-0.000000000000000000e+00,-0.000000000000000000e+00,-0.000000000000000000e+00,-0.000000000000000000e+00,-0.000000000000000000e+00,-1.344162227570097345e-01,-5.528880728413330253e-02,-8.332939723767458784e-02,-0.000000000000000000e+00,-0.000000000000000000e+00,-0.000000000000000000e+00,-0.000000000000000000e+00,-0.000000000000000000e+00,-0.000000000000000000e+00,-0.000000000000000000e+00,-0.000000000000000000e+00,-0.000000000000000000e+00,-0.000000000000000000e+00,-2.192002285163338962e-02,-0.000000000000000000e+00,-0.000000000000000000e+00,-4.326893459617198179e-02
-0.000000000000000000e+00,-0.000000000000000000e+00,-8.160433288762214410e-02,0.000000000000000000e+00,-7.327743290293944542e-03,-0.000000000000000000e+00,0.000000000000000000e+00,0.000000000000000000e+00,-0.000000000000000000e+00,-0.000000000000000000e+00,1.127257817109503124e+00,-0.000000000000000000e+00,-0.000000000000000000e+00,-1.004894694870702432e-01,-0.000000000000000000e+00,-0.000000000000000000e+00,-2.135387580592860157e-01,-0.000000000000000000e+00,0.000000000000000000e+00,-0.000000000000000000e+00,-0.000000000000000000e+00,-0.000000000000000000e+00,-0.000000000000000000e+00,-0.000000000000000000e+00,-1.188833469704417417e-01,-0.000000000000000000e+00,-0.000000000000000000e+00,-0.000000000000000000e+00,0.000000000000000000e+00,-0.000000000000000000e+00,-0.000000000000000000e+00,-0.000000000000000000e+00,-0.000000000000000000e+00,-6.026886824052447855e-02,1.234323159434948421e-02,-0.000000000000000000e+00,-0.000000000000000000e+00,-0.000000000000000000e+00,-0.000000000000000000e+00
0.000000000000000000e+00,-0.000000000000000000e+00,-0.000000000000000000e+00,-0.000000000000000000e+00,-0.000000000000000000e+00,-0.000000000000000000e+00,0.000000000000000000e+00,-0.000000000000000000e+00,-0.000000000000000000e+00,-0.000000000000000000e+00,-0.000000000000000000e+00,1.645482389234720788e+00,-0.000000000000000000e+00,-2.778488957343558385e-02,-0.000000000000000000e+00,-0.000000000000000000e+00,-3.681006094608733209e-02,-3.083884700222113209e-02,0.000000000000000000e+00,-0.000000000000000000e+00,-0.000000000000000000e+00,-6.374863903935255871e-02,-0.000000000000000000e+00,-4.827466615813736511e-02,-1.060751010564175284e-02,0.000000000000000000e+00,-1.959855407453082454e-01,-0.000000000000000000e+00,-0.000000000000000000e+00,0.000000000000000000e+00,-4.262471280513609184e-02,-3.219931346861776844e-01,-9.472823634191444853e-02,-0.000000000000000000e+00,1.656459637558402587e-01,-8.828448978617536858e-02,-2.614822938202249758e-01,0.000000000000000000e+00,-1.238402144450806985e-01
8.280096665827461899e-02,0.000000000000000000e+00,0.000000000000000000e+00,-0.000000000000000000e+00,0.000000000000000000e+00,-4.843120344117843312e-02,-0.000000000000000000e+00,-0.000000000000000000e+00,0.000000000000000000e+00,0.000000000000000000e+00,-0.000000000000000000e+00,-0.000000000000000000e+00,1.055233299775789169e+00,0.000000000000000000e+00,0.000000000000000000e+00,2.875136600138791798e-02,-0.000000000000000000e+00,-0.000000000000000000e+00,0.000000000000000000e+00,-0.000000000000000000e+00,0.000000000000000000e+00,0.000000000000000000e+00,0.000000000000000000e+00,0.000000000000000000e+00,-0.000000000000000000e+00,9.694185756420785338e-02,-0.000000000000000000e+00,-0.000000000000000000e+00,6.488727270374410050e-03,8.390388009104240985e-02,0.000000000000000000e+00,-0.000000000000000000e+00,-0.000000000000000000e+00,0.000000000000000000e+00,0.000000000000000000e+00,0.000000000000000000e+00,-0.000000000000000000e+00,0.000000000000000000e+00,0.000000000000000000e+00
-0.000000000000000000e+00,-2.417051405143039178e-02,-1.942104537240221113e-02,0.000000000000000000e+00,-5.389193771241897885e-02,-0.000000000000000000e+00,0.000000000000000000e+00,0.000000000000000000e+00,-2.029507744152414181e-02,-1.062598571401952990e-01,-1.004894694870702432e-01,-2.778488957343558385e-02,0.000000000000000000e+00,1.597967358810365335e+00,-0.000000000000000000e+00,-0.000000000000000000e+00,-1.309861162800452471e-02,-0.000000000000000000e+00,0.000000000000000000e+00,-0.000000000000000000e+00,-0.000000000000000000e+00,-0.000000000000000000e+00,-3.004426241196479497e-01,-2.885478652175730296e-01,-3.408222314185866408e-01,0.000000000000000000e+00,-0.000000000000000000e+00,-0.000000000000000000e+00,-0.000000000000000000e+00,-0.000000000000000000e+00,-0.000000000000000000e+00,-0.000000000000000000e+00,-1.637381588790993645e-02,-3.063275877918475790e-02,0.000000000000000000e+00,-1.706896741277495744e-01,-0.000000000000000000e+00,-0.000000000000000000e+00,-0.000000000000000000e+00
-0.000000000000000000e+00,0.000000000000000000e+00,-0.000000000000000000e+00,1.590399025563595525e-01,-0.000000000000000000e+00,3.603245125529865728e-02,3.932009976482415264e-02,0.000000000000000000e+00,-0.000000000000000000e+00,0.000000000000000000e+00,-0.000000000000000000e+00,-0.000000000000000000e+00,0.000000000000000000e+00,-0.000000000000000000e+00,1.656511879476989746e+00,-0.000000000000000000e+00,-0.000000000000000000e+00,4.544764814955554177e-02,-0.000000000000000000e+00,1.248306713169153731e-01,-0.000000000000000000e+00,0.000000000000000000e+00,-0.000000000000000000e+00,0.000000000000000000e+00,0.000000000000000000e+00,-4.057195441294421112e-01,0.000000000000000000e+00,-0.000000000000000000e+00,-0.000000000000000000e+00,-4.250994414215472639e-02,0.000000000000000000e+00,0.000000000000000000e+00,0.000000000000000000e+00,-2.576468959951362936e-01,-0.000000000000000000e+00,-0.000000000000000000e+00,0.000000000000000000e+00,-4.573754406180381982e-01,0.000000000000000000e+00
-3.746682110183966463e-01,-4.091561197209487855e-01,-1.068552283631340194e-01,-0.000000000000000000e+00,-1.537315172837464515e-02,0.000000000000000000e+00,-0.000000000000000000e+00,0.000000000000000000e+00,-1.519530929653326590e-01,-7.720412905900019274e-01,-0.000000000000000000e+00,-0.000000000000000000e+00,2.875136600138791798e-02,-0.000000000000000000e+00,-0.000000000000000000e+00,2.160288081044177133e+00,-0.000000000000000000e+00,-0.000000000000000000e+00,-0.000000000000000000e+00,-0.000000000000000000e+00,-0.000000000000000000e+00,-0.000000000000000000e+00,-6.604255398097740037e-02,-0.000000000000000000e+00,-0.000000000000000000e+00,-0.000000000000000000e+00,-0.000000000000000000e+00,-0.000000000000000000e+00,-0.000000000000000000e+00,-3.599785719671026729e-02,-0.000000000000000000e+00,-0.000000000000000000e+00,-0.000000000000000000e+00,-0.000000000000000000e+00,-0.000000000000000000e+00,-2.017776099556753411e-01,-0.000000000000000000e+00,-0.000000000000000000e+00,-0.000000000000000000e+00
-0.000000000000000000e+00,-2.376014764974009041e-01,-4.202793854616049284e-04,-0.000000000000000000e+00,-7.192876443682162668e-02,-0.000000000000000000e+00,-0.000000000000000000e+00,-0.000000000000000000e+00,-0.000000000000000000e+00,-0.000000000000000000e+00,-2.135387580592860157e-01,-3.681006094608733209e-02,-0.000000000000000000e+00,-1.309861162800452471e-02,-0.000000000000000000e+00,-0.000000000000000000e+00,1.357478248531940546e+00,-5.469252433461520985e-02,-0.000000000000000000e+00,-0.000000000000000000e+00,-8.084361178406744564e-02,-1.196165773688376982e-01,-0.000000000000000000e+00,-5.534186252099586312e-02,-0.000000000000000000e+00,-0.000000000000000000e+00,-0.000000000000000000e+00,-0.000000000000000000e+00,-2.016818429136707502e-01,-0.000000000000000000e+00,-0.000000000000000000e+00,-0.000000000000000000e+00,-1.515546318814330051e-01,-0.000000000000000000e+00,0.000000000000000000e+00,-0.000000000000000000e+00,-0.000000000000000000e+00,-0.000000000000000000e+00,-0.000000000000000000e+00
0.000000000000000000e+00,-1.003234894039128772e-01,-0.000000000000000000e+00,-1.172729972276836397e-01,-0.000000000000000000e+00,-0.000000000000000000e+00,-0.000000000000000000e+00,-0.000000000000000000e+00,-0.000000000000000000e+00,-0.000000000000000000e+00,-0.000000000000000000e+00,-3.083884700222113209e-02,-0.000000000000000000e+00,-0.000000000000000000e+00,4.544764814955554177e-02,-0.000000000000000000e+00,-5.469252433461520985e-02,1.691591476006840455e+00,0.000000000000000000e+00,-4.106518897812041491e-01,-0.000000000000000000e+00,-0.000000000000000000e+00,-0.000000000000000000e+00,-7.475060888423869232e-02,-0.000000000000000000e+00,0.000000000000000000e+00,-6.644750112885458582e-02,-0.000000000000000000e+00,-0.000000000000000000e+00,0.000000000000000000e+00,-1.504156564481519964e-01,-1.466429760583453368e-01,-0.000000000000000000e+00,0.000000000000000000e+00,0.000000000000000000e+00,-0.000000000000000000e+00,-2.946250409093116307e-01,0.000000000000000000e+00,-0.000000000000000000e+00
-0.000000000000000000e+00,-0.000000000000000000e+00,-3.558171935862710633e-01,0.000000000000000000e+00,-5.544758970773310154e-03,0.000000000000000000e+00,0.000000000000000000e+00,0.000000000000000000e+00,-0.000000000000000000e+00,-0.000000000000000000e+00,0.000000000000000000e+00,0.000000000000000000e+00,0.000000000000000000e+00,0.000000000000000000e+00,-0.000000000000000000e+00,-0.000000000000000000e+00,-0.000000000000000000e+00,0.000000000000000000e+00,1.445523768744594317e+00,0.000000000000000000e+00,-0.000000000000000000e+00,0.000000000000000000e+00,-0.000000000000000000e+00,0.000000000000000000e+00,0.000000000000000000e+00,-3.491095934603498097e-01,0.000000000000000000e+00,-0.000000000000000000e+00,-0.000000000000000000e+00,-1.353426478266622768e-01,6.647423019502219678e-03,4.593113993521038413e-02,0.000000000000000000e+00,-1.452037357650939609e-01,-1.053613614505328339e-01,-0.000000000000000000e+00,3.944771410520191840e-02,-4.127075237619755310e-02,0.000000000000000000e+00
0.000000000000000000e+00,-8.519908262949274849e-03,-0.000000000000000000e+00,-0.000000000000000000e+00,-0.000000000000000000e+00,-6.137730478269946832e-02,-9.963517175644490131e-02,-0.000000000000000000e+00,-0.000000000000000000e+00,-0.000000000000000000e+00,-0.000000000000000000e+00,-0.000000000000000000e+00,-0.000000000000000000e+00,-0.000000000000000000e+00,1.248306713169153731e-01,-0.000000000000000000e+00,-0.000000000000000000e+00,-4.106518897812041491e-01,0.000000000000000000e+00,1.923310681870945338e+00,-0.000000000000000000e+00,-1.238534831673378939e-01,-0.000000000000000000e+00,-4.420175919555216493e-02,-0.000000000000000000e+00,0.000000000000000000e+00,-2.700719119060329687e-01,-0.000000000000000000e+00,-0.000000000000000000e+00,0.000000000000000000e+00,-7.975578777604819258e-02,-2.668463879636475133e-01,-7.564045779919267853e-02,0.000000000000000000e+00,0.000000000000000000e+00,-0.000000000000000000e+00,-1.798575369096660770e-01,0.000000000000000000e+00,-1.409491205888002974e-01
-0.000000000000000000e+00,-0.000000000000000000e+00,-5.721397451566262449e-02,-0.000000000000000000e+00,-0.000000000000000000e+00,0.000000000000000000e+00,-0.000000000000000000e+00,-9.503345019491472867e-02,-0.000000000000000000e+00,-0.000000000000000000e+00,-0.000000000000000000e+00,-0.000000000000000000e+00,0.000000000000000000e+00,-0.000000000000000000e+00,-0.000000000000000000e+00,-0.000000000000000000e+00,-8.084361178406744564e-02,-0.000000000000000000e+00,-0.000000000000000000e+00,-0.000000000000000000e+00,1.653907175473127822e+00,-2.444514748324555786e-01,0.000000000000000000e+00,-0.000000000000000000e+00,0.000000000000000000e+00,-1.932090855719453548e-01,-0.000000000000000000e+00,-6.111929664507056437e-01,-4.208590413037303635e-01,-0.000000000000000000e+00,-0.000000000000000000e+00,-0.000000000000000000e+00,-0.000000000000000000e+00,-1.838290655569212867e-03,-0.000000000000000000e+00,-0.000000000000000000e+00,-0.000000000000000000e+00,-0.000000000000000000e+00,-0.000000000000000000e+00
-0.000000000000000000e+00,-1.578274043765841017e-01,-0.000000000000000000e+00,-1.070033160867560479e-01,-0.000000000000000000e+00,-0.000000000000000000e+00,-1.639082591773968478e-01,-1.815902811480295809e-01,-0.000000000000000000e+00,-0.000000000000000000e+00,-0.000000000000000000e+00,-6.374863903935255871e-02,0.000000000000000000e+00,-0.000000000000000000e+00,0.000000000000000000e+00,-0.000000000000000000e+00,-1.196165773688376982e-01,-0.000000000000000000e+00,0.000000000000000000e+00,-1.238534831673378939e-01,-2.444514748324555786e-01,2.218673982323724925e+00,-0.000000000000000000e+00,-3.841693597646559603e-03,-0.000000000000000000e+00,0.000000000000000000e+00,-3.381821267276974852e-01,-1.670239296071109603e-01,-1.454397397433270130e-02,0.000000000000000000e+00,-2.745648509818899852e-01,-7.114166713240605011e-02,-5.281158870094128099e-01,-0.000000000000000000e+00,0.000000000000000000e+00,-0.000000000000000000e+00,-0.000000000000000000e+00,0.000000000000000000e+00,-0.000000000000000000e+00
-0.000000000000000000e+00,-0.000000000000000000e+00,-0.000000000000000000e+00,0.000000000000000000e+00,-0.000000000000000000e+00,-0.000000000000000000e+00,0.000000000000000000e+00,0.000000000000000000e+00,-2.507571813496518032e-01,-1.344162227570097345e-01,-0.000000000000000000e+00,-0.000000000000000000e+00,0.000000000000000000e+00,-3.004426241196479497e-01,-0.000000000000000000e+00,-6.604255398097740037e-02,-0.000000000000000000e+00,-0.000000000000000000e+00,-0.000000000000000000e+00,-0.000000000000000000e+00,0.000000000000000000e+00,-0.000000000000000000e+00,1.741805541819589465e+00,-0.000000000000000000e+00,-5.613153715258940579e-01,-0.000000000000000000e+00,-0.000000000000000000e+00,0.000000000000000000e+00,-0.000000000000000000e+00,-1.313434440155021588e-01,0.000000000000000000e+00,-0.000000000000000000e+00,-0.000000000000000000e+00,-3.254459337642084255e-02,-0.000000000000000000e+00,-1.176975332452296630e-01,-0.000000000000000000e+00,-8.201730940779709822e-02,-0.000000000000000000e+00
-0.000000000000000000e+00,-3.719040658199593841e-01,-0.000000000000000000e+00,-0.000000000000000000e+00,-0.000000000000000000e+00,-0.000000000000000000e+00,-0.000000000000000000e+00,-0.000000000000000000e+00,-2.251289953219703238e-02,-5.528880728413330253e-02,-0.000000000000000000e+00,-4.827466615813736511e-02,0.000000000000000000e+00,-2.885478652175730296e-01,0.000000000000000000e+00,-0.000000000000000000e+00,-5.534186252099586312e-02,-7.475060888423869232e-02,0.000000000000000000e+00,-4.420175919555216493e-02,-0.000000000000000000e+00,-3.841693597646559603e-03,-0.000000000000000000e+00,1.781342246568435428e+00,-1.643641363544955797e-03,0.000000000000000000e+00,-2.182944355506012957e-01,-0.000000000000000000e+00,-0.000000000000000000e+00,-0.000000000000000000e+00,-4.902848853365630172e-02,-1.936928021518335430e-01,-1.263889271805477936e-02,-0.000000000000000000e+00,0.000000000000000000e+00,-0.000000000000000000e+00,-1.428665577572750256e-01,0.000000000000000000e+00,-2.014350545064884923e-01
-0.000000000000000000e+00,-0.000000000000000000e+00,-0.000000000000000000e+00,0.000000000000000000e+00,-0.000000000000000000e+00,-1.260554888838192056e-01,0.000000000000000000e+00,0.000000000000000000e+00,-1.269710010835175054e-03,-8.332939723767458784e-02,-1.188833469704417417e-01,-1.060751010564175284e-02,-0.000000000000000000e+00,-3.408222314185866408e-01,0.000000000000000000e+00,-0.000000000000000000e+00,-0.000000000000000000e+00,-0.000000000000000000e+00,0.000000000000000000e+00,-0.000000000000000000e+00,0.000000000000000000e+00,-0.000000000000000000e+00,-5.613153715258940579e-01,-1.643641363544955797e-03,1.674584490528368663e+00,0.000000000000000000e+00,-0.000000000000000000e+00,0.000000000000000000e+00,-0.000000000000000000e+00,-0.000000000000000000e+00,-0.000000000000000000e+00,-0.000000000000000000e+00,-0.000000000000000000e+00,-0.000000000000000000e+00,0.000000000000000000e+00,-7.009549804042321253e-02,-0.000000000000000000e+00,-0.000000000000000000e+00,-2.796608365485609426e-01
-3.718545271673610042e-01,-0.000000000000000000e+00,-0.000000000000000000e+00,0.000000000000000000e+00,-0.000000000000000000e+00,3.664901780234929851e-01,0.000000000000000000e+00,0.000000000000000000e+00,-0.000000000000000000e+00,-0.000000000000000000e+00,-0.000000000000000000e+00,0.000000000000000000e+00,9.694185756420785338e-02,0.000000000000000000e+00,-4.057195441294421112e-01,-0.000000000000000000e+00,-0.000000000000000000e+00,0.000000000000000000e+00,-3.491095934603498097e-01,0.000000000000000000e+00,-1.932090855719453548e-01,0.000000000000000000e+00,-0.000000000000000000e+00,0.000000000000000000e+00,0.000000000000000000e+00,2.097246633162177964e+00,0.000000000000000000e+00,-0.000000000000000000e+00,-6.819559503910324616e-02,-1.649393065435130479e-01,0.000000000000000000e+00,5.639852441991018150e-02,0.000000000000000000e+00,-7.091647009275039992e-02,-1.586683237607753871e-01,-0.000000000000000000e+00,1.559438173796929561e-01,-3.024740171517138476e-01,0.000000000000000000e+00
0.000000000000000000e+00,-0.000000000000000000e+00,-0.000000000000000000e+00,-4.176816463905928291e-03,-0.000000000000000000e+00,-0.000000000000000000e+00,-0.000000000000000000e+00,-0.000000000000000000e+00,-0.000000000000000000e+00,-0.000000000000000000e+00,-0.000000000000000000e+00,-1.959855407453082454e-01,-0.000000000000000000e+00,-0.000000000000000000e+00,0.000000000000000000e+00,-0.000000000000000000e+00,-0.000000000000000000e+00,-6.644750112885458582e-02,0.000000000000000000e+00,-2.700719119060329687e-01,-0.000000000000000000e+00,-3.381821267276974852e-01,-0.000000000000000000e+00,-2.182944355506012957e-01,-0.000000000000000000e+00,0.000000000000000000e+00,2.713332387429006065e+00,-0.000000000000000000e+00,-0.000000000000000000e+00,0.000000000000000000e+00,-4.434710811011700615e-01,-4.423393517422422039e-01,-2.717202736485223036e-01,0.000000000000000000e+00,9.828325298022333456e-02,-0.000000000000000000e+00,-3.510016042740583542e-01,0.000000000000000000e+00,-2.742679274300015013e-01
-0.000000000000000000e+00,-0.000000000000000000e+00,-0.000000000000000000e+00,-0.000000000000000000e+00,-0.000000000000000000e+00,-0.000000000000000000e+00,-1.909393662429318683e-01,-1.941624428017156012e-01,-0.000000000000000000e+00,-0.000000000000000000e+00,-0.000000000000000000e+00,-0.000000000000000000e+00,-0.000000000000000000e+00,-0.000000000000000000e+00,-0.000000000000000000e+00,-0.000000000000000000e+00,-0.000000000000000000e+00,-0.000000000000000000e+00,-0.000000000000000000e+00,-0.000000000000000000e+00,-6.111929664507056437e-01,-1.670239296071109603e-01,0.000000000000000000e+00,-0.000000000000000000e+00,0.000000000000000000e+00,-0.000000000000000000e+00,-0.000000000000000000e+00,1.481670673338493671e+00,-1.702341856325619582e-03,-0.000000000000000000e+00,-0.000000000000000000e+00,-0.000000000000000000e+00,-0.000000000000000000e+00,-0.000000000000000000e+00,-0.000000000000000000e+00,-0.000000000000000000e+00,-0.000000000000000000e+00,0.000000000000000000e+00,-0.000000000000000000e+00
-0.000000000000000000e+00,-9.574293420687067860e-03,-0.000000000000000000e+00,-0.000000000000000000e+00,-0.000000000000000000e+00,-0.000000000000000000e+00,-0.000000000000000000e+00,-0.000000000000000000e+00,-0.000000000000000000e+00,-0.000000000000000000e+00,0.000000000000000000e+00,-0.000000000000000000e+00,6.488727270374410050e-03,-0.000000000000000000e+00,-0.000000000000000000e+00,-0.000000000000000000e+00,-2.016818429136707502e-01,-0.000000000000000000e+00,-0.000000000000000000e+00,-0.000000000000000000e+00,-4.208590413037303635e-01,-1.454397397433270130e-02,-0.000000000000000000e+00,-0.000000000000000000e+00,-0.000000000000000000e+00,-6.819559503910324616e-02,-0.000000000000000000e+00,-1.702341856325619582e-03,1.332778388351739229e+00,-1.395838581636704989e-01,-0.000000000000000000e+00,-0.000000000000000000e+00,-0.000000000000000000e+00,-0.000000000000000000e+00,-2.484595887990757312e-01,-0.000000000000000000e+00,-0.000000000000000000e+00,-0.000000000000000000e+00,-0.000000000000000000e+00
-2.140667209222043288e-01,-0.000000000000000000e+00,-0.000000000000000000e+00,0.000000000000000000e+00,-0.000000000000000000e+00,0.000000000000000000e+00,0.000000000000000000e+00,0.000000000000000000e+00,-2.382228928206427954e-01,-0.000000000000000000e+00,-0.000000000000000000e+00,0.000000000000000000e+00,8.390388009104240985e-02,-0.000000000000000000e+00,-4.250994414215472639e-02,-3.599785719671026729e-02,-0.000000000000000000e+00,0.000000000000000000e+00,-1.353426478266622768e-01,0.000000000000000000e+00,-0.000000000000000000e+00,0.000000000000000000e+00,-1.313434440155021588e-01,-0.000000000000000000e+00,-0.000000000000000000e+00,-1.649393065435130479e-01,0.000000000000000000e+00,-0.000000000000000000e+00,-1.395838581636704989e-01,1.467003498220009527e+00,0.000000000000000000e+00,0.000000000000000000e+00,0.000000000000000000e+00,-0.000000000000000000e+00,-5.867608673600455127e-02,-0.000000000000000000e+00,0.000000000000000000e+00,-1.538400840997684593e-01,-0.000000000000000000e+00
0.000000000000000000e+00,-0.000000000000000000e+00,-0.000000000000000000e+00,-2.780541521183229614e-01,-0.000000000000000000e+00,-0.000000000000000000e+00,-1.160333879031560517e-01,-1.980812328925586965e-02,-0.000000000000000000e+00,-0.000000000000000000e+00,-0.000000000000000000e+00,-4.262471280513609184e-02,0.000000000000000000e+00,-0.000000000000000000e+00,0.000000000000000000e+00,-0.000000000000000000e+00,-0.000000000000000000e+00,-1.504156564481519964e-01,6.647423019502219678e-03,-7.975578777604819258e-02,-0.000000000000000000e+00,-2.745648509818899852e-01,0.000000000000000000e+00,-4.902848853365630172e-02,-0.000000000000000000e+00,0.000000000000000000e+00,-4.434710811011700615e-01,-0.000000000000000000e+00,-0.000000000000000000e+00,0.000000000000000000e+00,2.346083519995110667e+00,-3.098031412167989163e-01,-1.954952093482669739e-01,0.000000000000000000e+00,0.000000000000000000e+00,-0.000000000000000000e+00,-4.052077234779138948e-01,5.007995912717429221e-02,-0.000000000000000000e+00
0.000000000000000000e+00,-0.000000000000000000e+00,-0.000000000000000000e+00,-0.000000000000000000e+00,-0.000000000000000000e+00,-2.206458746255793857e-01,-0.000000000000000000e+00,-0.000000000000000000e+00,-0.000000000000000000e+00,-0.000000000000000000e+00,-0.000000000000000000e+00,-3.219931346861776844e-01,-0.000000000000000000e+00,-0.000000000000000000e+00,0.000000000000000000e+00,-0.000000000000000000e+00,-0.000000000000000000e+00,-1.466429760583453368e-01,4.593113993521038413e-02,-2.668463879636475133e-01,-0.000000000000000000e+00,-7.114166713240605011e-02,-0.000000000000000000e+00,-1.936928021518335430e-01,-0.000000000000000000e+00,5.639852441991018150e-02,-4.423393517422422039e-01,-0.000000000000000000e+00,-0.000000000000000000e+00,0.000000000000000000e+00,-3.098031412167989163e-01,2.698500659638459975e+00,-2.129170850994183684e-01,0.000000000000000000e+00,0.000000000000000000e+00,-0.000000000000000000e+00,-6.038167459480268118e-01,0.000000000000000000e+00,-5.061896534486967636e-02
0.000000000000000000e+00,-0.000000000000000000e+00,-0.000000000000000000e+00,-0.000000000000000000e+00,-0.000000000000000000e+00,-0.000000000000000000e+00,-0.000000000000000000e+00,-3.565051267908982413e-01,-0.000000000000000000e+00,-0.000000000000000000e+00,-0.000000000000000000e+00,-9.472823634191444853e-02,-0.000000000000000000e+00,-1.637381588790993645e-02,0.000000000000000000e+00,-0.000000000000000000e+00,-1.515546318814330051e-01,-0.000000000000000000e+00,0.000000000000000000e+00,-7.564045779919267853e-02,-0.000000000000000000e+00,-5.281158870094128099e-01,-0.000000000000000000e+00,-1.263889271805477936e-02,-0.000000000000000000e+00,0.000000000000000000e+00,-2.717202736485223036e-01,-0.000000000000000000e+00,-0.000000000000000000e+00,0.000000000000000000e+00,-1.954952093482669739e-01,-2.129170850994183684e-01,2.126261696053211470e+00,-0.000000000000000000e+00,0.000000000000000000e+00,-0.000000000000000000e+00,-2.294019730734098983e-01,0.000000000000000000e+00,-0.000000000000000000e+00
-7.484874392620954886e-02,-0.000000000000000000e+00,-3.224492331886158469e-01,0.000000000000000000e+00,-2.425853004736905072e-01,0.000000000000000000e+00,0.000000000000000000e+00,0.000000000000000000e+00,-2.706036509123828648e-01,-0.000000000000000000e+00,-6.026886824052447855e-02,-0.000000000000000000e+00,0.000000000000000000e+00,-3.063275877918475790e-02,-2.576468959951362936e-01,-0.000000000000000000e+00,-0.000000000000000000e+00,0.000000000000000000e+00,-1.452037357650939609e-01,0.000000000000000000e+00,-1.838290655569212867e-03,-0.000000000000000000e+00,-3.254459337642084255e-02,-0.000000000000000000e+00,-0.000000000000000000e+00,-7.091647009275039992e-02,0.000000000000000000e+00,-0.000000000000000000e+00,-0.000000000000000000e+00,-0.000000000000000000e+00,0.000000000000000000e+00,0.000000000000000000e+00,-0.000000000000000000e+00,1.697884475899212431e+00,-0.000000000000000000e+00,-1.652694753154958507e-01,0.000000000000000000e+00,-4.916769770890992708e-02,-0.000000000000000000e+00
-0.000000000000000000e+00,0.000000000000000000e+00,0.000000000000000000e+00,0.000000000000000000e+00,0.000000000000000000e+00,0.000000000000000000e+00,0.000000000000000000e+00,0.000000000000000000e+00,-0.000000000000000000e+00,-0.000000000000000000e+00,1.234323159434948421e-02,1.656459637558402587e-01,0.000000000000000000e+00,0.000000000000000000e+00,-0.000000000000000000e+00,-0.000000000000000000e+00,0.000000000000000000e+00,0.000000000000000000e+00,-1.053613614505328339e-01,0.000000000000000000e+00,-0.000000000000000000e+00,0.000000000000000000e+00,-0.000000000000000000e+00,0.000000000000000000e+00,0.000000000000000000e+00,-1.586683237607753871e-01,9.828325298022333456e-02,-0.000000000000000000e+00,-2.484595887990757312e-01,-5.867608673600455127e-02,0.000000000000000000e+00,0.000000000000000000e+00,0.000000000000000000e+00,-0.000000000000000000e+00,1.187978699940705596e+00,0.000000000000000000e+00,0.000000000000000000e+00,-0.000000000000000000e+00,0.000000000000000000e+00
-8.688218396544288014e-02,-1.056896672878428201e-01,-0.000000000000000000e+00,0.000000000000000000e+00,-1.046015792969698238e-01,-0.000000000000000000e+00,0.000000000000000000e+00,-0.000000000000000000e+00,-6.657449338555576634e-02,-2.192002285163338962e-02,-0.000000000000000000e+00,-8.828448978617536858e-02,0.000000000000000000e+00,-1.706896741277495744e-01,-0.000000000000000000e+00,-2.017776099556753411e-01,-0.000000000000000000e+00,-0.000000000000000000e+00,-0.000000000000000000e+00,-0.000000000000000000e+00,-0.000000000000000000e+00,-0.000000000000000000e+00,-1.176975332452296630e-01,-0.000000000000000000e+00,-7.009549804042321253e-02,-0.000000000000000000e+00,-0.000000000000000000e+00,-0.000000000000000000e+00,-0.000000000000000000e+00,-0.000000000000000000e+00,-0.000000000000000000e+00,-0.000000000000000000e+00,-0.000000000000000000e+00,-1.652694753154958507e-01,0.000000000000000000e+00,1.454724602912373932e+00,-0.000000000000000000e+00,-0.000000000000000000e+00,-7.809668999792344912e-02
0.000000000000000000e+00,-0.000000000000000000e+00,-0.000000000000000000e+00,-0.000000000000000000e+00,-0.000000000000000000e+00,-3.259241713792837558e-01,-0.000000000000000000e+00,-0.000000000000000000e+00,-0.000000000000000000e+00,-0.000000000000000000e+00,-0.000000000000000000e+00,-2.614822938202249758e-01,-0.000000000000000000e+00,-0.000000000000000000e+00,0.000000000000000000e+00,-0.000000000000000000e+00,-0.000000000000000000e+00,-2.946250409093116307e-01,3.944771410520191840e-02,-1.798575369096660770e-01,-0.000000000000000000e+00,-0.000000000000000000e+00,-0.000000000000000000e+00,-1.428665577572750256e-01,-0.000000000000000000e+00,1.559438173796929561e-01,-3.510016042740583542e-01,-0.000000000000000000e+00,-0.000000000000000000e+00,0.000000000000000000e+00,-4.052077234779138948e-01,-6.038167459480268118e-01,-2.294019730734098983e-01,0.000000000000000000e+00,0.000000000000000000e+00,-0.000000000000000000e+00,2.719417124753225057e+00,8.104648030217856403e-02,-0.000000000000000000e+00
-3.819983697961067959e-01,-0.000000000000000000e+00,-0.000000000000000000e+00,2.113071189322967280e-01,-0.000000000000000000e+00,0.000000000000000000e+00,8.734282539786135391e-02,3.159370293037702671e-02,-0.000000000000000000e+00,-0.000000000000000000e+00,-0.000000000000000000e+00,0.000000000000000000e+00,0.000000000000000000e+00,-0.000000000000000000e+00,-4.573754406180381982e-01,-0.000000000000000000e+00,-0.000000000000000000e+00,0.000000000000000000e+00,-4.127075237619755310e-02,0.000000000000000000e+00,-0.000000000000000000e+00,0.000000000000000000e+00,-8.201730940779709822e-02,0.000000000000000000e+00,-0.000000000000000000e+00,-3.024740171517138476e-01,0.000000000000000000e+00,0.000000000000000000e+00,-0.000000000000000000e+00,-1.538400840997684593e-01,5.007995912717429221e-02,0.000000000000000000e+00,0.000000000000000000e+00,-4.916769770890992708e-02,-0.000000000000000000e+00,-0.000000000000000000e+00,8.104648030217856403e-02,1.804809313994969022e+00,-0.000000000000000000e+00
-0.000000000000000000e+00,-6.186559441130827508e-02,-0.000000000000000000e+00,-0.000000000000000000e+00,-0.000000000000000000e+00,-0.000000000000000000e+00,-0.000000000000000000e+00,-0.000000000000000000e+00,-3.430051025280961841e-01,-4.326893459617198179e-02,-0.000000000000000000e+00,-1.238402144450806985e-01,0.000000000000000000e+00,-0.000000000000000000e+00,0.000000000000000000e+00,-0.000000000000000000e+00,-0.000000000000000000e+00,-0.000000000000000000e+00,0.000000000000000000e+00,-1.409491205888002974e-01,-0.000000000000000000e+00,-0.000000000000000000e+00,-0.000000000000000000e+00,-2.014350545064884923e-01,-2.796608365485609426e-01,0.000000000000000000e+00,-2.742679274300015013e-01,-0.000000000000000000e+00,-0.000000000000000000e+00,-0.000000000000000000e+00,-0.000000000000000000e+00,-5.061896534486967636e-02,-0.000000000000000000e+00,-0.000000000000000000e+00,0.000000000000000000e+00,-7.809668999792344912e-02,-0.000000000000000000e+00,-0.000000000000000000e+00,1.642997307608431434e+00
