1.589926466798677440e+00,-1.204052799463995460e-01,-0.000000000000000000e+00,-0.000000000000000000e+00,-0.000000000000000000e+00,0.000000000000000000e+00,-0.000000000000000000e+00,0.000000000000000000e+00,-7.047671686716411310e-02,-1.888385761606325292e-02,0.000000000000000000e+00,-0.000000000000000000e+00,-3.484826113538568026e-02,-0.000000000000000000e+00,-7.459708548780720483e-02,-3.236684846409516592e-01,-0.000000000000000000e+00,-0.000000000000000000e+00,-0.000000000000000000e+00,-9.103134551619812553e-02,-0.000000000000000000e+00,-0.000000000000000000e+00,-1.834195465877449735e-02,0.000000000000000000e+00,-0.000000000000000000e+00,-2.027703030921932659e-01,9.065132482015494930e-02,-5.477555833220147663e-03,0.000000000000000000e+00,-3.589346903270206335e-01,9.320446609673266325e-03,0.000000000000000000e+00,-1.025305761815188677e-01,-0.000000000000000000e+00,0.000000000000000000e+00,-1.894834708555489383e-02,0.000000000000000000e+00,-2.197076198872860084e-02,-0.000000000000000000e+00
-1.204052799463995460e-01,1.124452232259059326e+00,-0.000000000000000000e+00,0.000000000000000000e+00,-0.000000000000000000e+00,1.156154559884524369e-02,-0.000000000000000000e+00,0.000000000000000000e+00,-9.099728985348334853e-02,-1.616525180398493272e-02,-0.000000000000000000e+00,-0.000000000000000000e+00,0.000000000000000000e+00,-0.000000000000000000e+00,-0.000000000000000000e+00,-5.697489578449320413e-02,-0.000000000000000000e+00,-0.000000000000000000e+00,-0.000000000000000000e+00,0.000000000000000000e+00,-0.000000000000000000e+00,-0.000000000000000000e+00,-0.000000000000000000e+00,0.000000000000000000e+00,-0.000000000000000000e+00,0.000000000000000000e+00,0.000000000000000000e+00,0.000000000000000000e+00,0.000000000000000000e+00,-1.457133709361268376e-02,-0.000000000000000000e+00,-0.000000000000000000e+00,-0.000000000000000000e+00,-0.000000000000000000e+00,0.000000000000000000e+00,-0.000000000000000000e+00,0.000000000000000000e+00,0.000000000000000000e+00,-1.788232329100960527e-01
-0.000000000000000000e+00,-0.000000000000000000e+00,2.182099694014772773e+00,-1.125477765773130190e-01,-4.423266065720850015e-01,0.000000000000000000e+00,-0.000000000000000000e+00,1.049174329008218720e+00,-5.704547765254502911e-02,-8.130619608790355668e-02,0.000000000000000000e+00,-0.000000000000000000e+00,0.000000000000000000e+00,-0.000000000000000000e+00,-0.000000000000000000e+00,-0.000000000000000000e+00,-0.000000000000000000e+00,-8.083839020460301117e-02,-6.227728643874537451e-02,-2.410147695798538648e-03,-0.000000000000000000e+00,-0.000000000000000000e+00,-0.000000000000000000e+00,-0.000000000000000000e+00,-0.000000000000000000e+00,-0.000000000000000000e+00,-0.000000000000000000e+00,-8.151512215806186457e-02,0.000000000000000000e+00,-0.000000000000000000e+00,-0.000000000000000000e+00,0.000000000000000000e+00,-0.000000000000000000e+00,-1.321911376727053777e-01,0.000000000000000000e+00,-0.000000000000000000e+00,0.000000000000000000e+00,-0.000000000000000000e+00,-0.000000000000000000e+00
-0.000000000000000000e+00,0.000000000000000000e+00,-1.125477765773130190e-01,1.092078463114985132e+00,-0.000000000000000000e+00,0.000000000000000000e+00,-7.542908546550219223e-03,1.001455688853851028e-01,-0.000000000000000000e+00,-0.000000000000000000e+00,0.000000000000000000e+00,-0.000000000000000000e+00,-0.000000000000000000e+00,0.000000000000000000e+00,0.000000000000000000e+00,-0.000000000000000000e+00,-0.000000000000000000e+00,-0.000000000000000000e+00,-0.000000000000000000e+00,-5.289902610694598856e-02,0.000000000000000000e+00,-0.000000000000000000e+00,0.000000000000000000e+00,0.000000000000000000e+00,0.000000000000000000e+00,-0.000000000000000000e+00,0.000000000000000000e+00,-0.000000000000000000e+00,0.000000000000000000e+00,-1.419114576925424309e-01,0.000000000000000000e+00,0.000000000000000000e+00,-0.000000000000000000e+00,-0.000000000000000000e+00,0.000000000000000000e+00,0.000000000000000000e+00,3.486895158889707219e-02,0.000000000000000000e+00,-0.000000000000000000e+00
-0.000000000000000000e+00,-0.000000000000000000e+00,-4.423266065720850015e-01,-0.000000000000000000e+00,2.038328680585408836e+00,0.000000000000000000e+00,-0.000000000000000000e+00,6.013405383494575540e-01,-3.540086721438660544e-01,-0.000000000000000000e+00,0.000000000000000000e+00,-0.000000000000000000e+00,0.000000000000000000e+00,-1.123659083652367302e-01,-0.000000000000000000e+00,-0.000000000000000000e+00,-0.000000000000000000e+00,-2.708839646777940757e-01,-0.000000000000000000e+00,-2.336078255673711482e-03,-0.000000000000000000e+00,-0.000000000000000000e+00,-0.000000000000000000e+00,-0.000000000000000000e+00,-0.000000000000000000e+00,-0.000000000000000000e+00,-0.000000000000000000e+00,-0.000000000000000000e+00,0.000000000000000000e+00,-2.141847302967101463e-01,-0.000000000000000000e+00,0.000000000000000000e+00,-0.000000000000000000e+00,-8.924175071670669736e-04,0.000000000000000000e+00,-0.000000000000000000e+00,0.000000000000000000e+00,-0.000000000000000000e+00,-0.000000000000000000e+00
0.000000000000000000e+00,1.156154559884524369e-02,0.000000000000000000e+00,0.000000000000000000e+00,0.000000000000000000e+00,2.339884502407540534e+00,2.013531008015951862e-01,-0.000000000000000000e+00,0.000000000000000000e+00,0.000000000000000000e+00,-0.000000000000000000e+00,9.994199555033940474e-02,0.000000000000000000e+00,-0.000000000000000000e+00,0.000000000000000000e+00,1.698844664236864588e-01,0.000000000000000000e+00,0.000000000000000000e+00,1.649878154038314781e-01,0.000000000000000000e+00,-0.000000000000000000e+00,1.074243919633935951e-01,0.000000000000000000e+00,-8.976650620611191511e-02,0.000000000000000000e+00,-0.000000000000000000e+00,-0.000000000000000000e+00,-0.000000000000000000e+00,-1.499857548515304562e-01,4.165234615796253176e-02,-0.000000000000000000e+00,-0.000000000000000000e+00,0.000000000000000000e+00,8.214927483163195210e-02,-5.136489337710861136e-01,1.431831423972644915e-02,-5.538606344748981947e-01,0.000000000000000000e+00,2.092933496953538752e-01
-0.000000000000000000e+00,-0.000000000000000000e+00,-0.000000000000000000e+00,-7.542908546550219223e-03,-0.000000000000000000e+00,2.013531008015951862e-01,1.736316456424492838e+00,0.000000000000000000e+00,-0.000000000000000000e+00,-0.000000000000000000e+00,0.000000000000000000e+00,-0.000000000000000000e+00,-0.000000000000000000e+00,0.000000000000000000e+00,-0.000000000000000000e+00,-2.403254971083633451e-02,-0.000000000000000000e+00,-2.051034770993737655e-01,-5.661369441183762286e-01,-0.000000000000000000e+00,-0.000000000000000000e+00,-1.069768438510369235e-01,-0.000000000000000000e+00,0.000000000000000000e+00,-0.000000000000000000e+00,0.000000000000000000e+00,0.000000000000000000e+00,-0.000000000000000000e+00,0.000000000000000000e+00,-0.000000000000000000e+00,0.000000000000000000e+00,0.000000000000000000e+00,-1.228936000604619605e-01,-0.000000000000000000e+00,8.369922143185237751e-02,-0.000000000000000000e+00,0.000000000000000000e+00,-0.000000000000000000e+00,-8.643321251414257111e-02
0.000000000000000000e+00,0.000000000000000000e+00,1.049174329008218720e+00,1.001455688853851028e-01,6.013405383494575540e-01,-0.000000000000000000e+00,0.000000000000000000e+00,2.173027533222386065e+00,0.000000000000000000e+00,1.503013309289809862e-01,-0.000000000000000000e+00,0.000000000000000000e+00,-0.000000000000000000e+00,8.017253230829204935e-02,0.000000000000000000e+00,0.000000000000000000e+00,0.000000000000000000e+00,0.000000000000000000e+00,0.000000000000000000e+00,0.000000000000000000e+00,0.000000000000000000e+00,0.000000000000000000e+00,0.000000000000000000e+00,0.000000000000000000e+00,0.000000000000000000e+00,0.000000000000000000e+00,0.000000000000000000e+00,0.000000000000000000e+00,-0.000000000000000000e+00,0.000000000000000000e+00,8.010403545450633933e-02,-0.000000000000000000e+00,0.000000000000000000e+00,0.000000000000000000e+00,-0.000000000000000000e+00,0.000000000000000000e+00,-0.000000000000000000e+00,0.000000000000000000e+00,0.000000000000000000e+00
-7.047671686716411310e-02,-9.099728985348334853e-02,-5.704547765254502911e-02,-0.000000000000000000e+00,-3.540086721438660544e-01,0.000000000000000000e+00,-0.000000000000000000e+00,0.000000000000000000e+00,2.171112887081338982e+00,-4.734828794020873866e-01,0.000000000000000000e+00,-0.000000000000000000e+00,0.000000000000000000e+00,-0.000000000000000000e+00,-0.000000000000000000e+00,-1.530554895194831677e-01,-0.000000000000000000e+00,-1.159288654762492266e-01,-1.022612732196772067e-01,-0.000000000000000000e+00,-0.000000000000000000e+00,-0.000000000000000000e+00,-0.000000000000000000e+00,0.000000000000000000e+00,-1.158409893396133150e-01,-0.000000000000000000e+00,-0.000000000000000000e+00,-0.000000000000000000e+00,0.000000000000000000e+00,-1.263731575536894136e-01,-0.000000000000000000e+00,0.000000000000000000e+00,-0.000000000000000000e+00,-4.511834451086904618e-01,8.712734462547384873e-02,-0.000000000000000000e+00,0.000000000000000000e+00,-0.000000000000000000e+00,-1.396870193847635222e-01
-1.888385761606325292e-02,-1.616525180398493272e-02,-8.130619608790355668e-02,-0.000000000000000000e+00,-0.000000000000000000e+00,0.000000000000000000e+00,-0.000000000000000000e+00,1.503013309289809862e-01,-4.734828794020873866e-01,1.642006192752973437e+00,0.000000000000000000e+00,-0.000000000000000000e+00,0.000000000000000000e+00,-0.000000000000000000e+00,-0.000000000000000000e+00,-2.403820006082916516e-01,0.000000000000000000e+00,-0.000000000000000000e+00,-0.000000000000000000e+00,-0.000000000000000000e+00,0.000000000000000000e+00,-0.000000000000000000e+00,-2.051927336154368009e-01,0.000000000000000000e+00,-9.648110575658362664e-02,-0.000000000000000000e+00,-0.000000000000000000e+00,-0.000000000000000000e+00,0.000000000000000000e+00,-2.214355622415621894e-01,-0.000000000000000000e+00,0.000000000000000000e+00,-0.000000000000000000e+00,-0.000000000000000000e+00,0.000000000000000000e+00,-0.000000000000000000e+00,0.000000000000000000e+00,-0.000000000000000000e+00,-0.000000000000000000e+00
0.000000000000000000e+00,-0.000000000000000000e+00,0.000000000000000000e+00,0.000000000000000000e+00,0.000000000000000000e+00,-0.000000000000000000e+00,0.000000000000000000e+00,-0.000000000000000000e+00,0.000000000000000000e+00,0.000000000000000000e+00,1.158762386314482251e+00,0.000000000000000000e+00,0.000000000000000000e+00,0.000000000000000000e+00,0.000000000000000000e+00,0.000000000000000000e+00,-1.433039253031886950e-01,0.000000000000000000e+00,0.000000000000000000e+00,0.000000000000000000e+00,-0.000000000000000000e+00,0.000000000000000000e+00,0.000000000000000000e+00,-0.000000000000000000e+00,2.060592418584016594e-01,-0.000000000000000000e+00,0.000000000000000000e+00,0.000000000000000000e+00,-0.000000000000000000e+00,0.000000000000000000e+00,0.000000000000000000e+00,-2.822327534662733561e-01,0.000000000000000000e+00,0.000000000000000000e+00,-0.000000000000000000e+00,0.000000000000000000e+00,-0.000000000000000000e+00,0.000000000000000000e+00,0.000000000000000000e+00
-0.000000000000000000e+00,-0.000000000000000000e+00,-0.000000000000000000e+00,-0.000000000000000000e+00,-0.000000000000000000e+00,9.994199555033940474e-02,-0.000000000000000000e+00,0.000000000000000000e+00,-0.000000000000000000e+00,-0.000000000000000000e+00,0.000000000000000000e+00,2.464319374441835464e+00,-0.000000000000000000e+00,-0.000000000000000000e+00,-2.920458933256148137e-01,-1.041833496894726679e-01,-9.383623216177075163e-03,-1.148537217729363180e-01,-7.370500776413389799e-02,-0.000000000000000000e+00,-0.000000000000000000e+00,-2.555620451774952007e-01,-0.000000000000000000e+00,0.000000000000000000e+00,-0.000000000000000000e+00,-0.000000000000000000e+00,0.000000000000000000e+00,0.000000000000000000e+00,6.376450295713315466e-04,-0.000000000000000000e+00,0.000000000000000000e+00,-0.000000000000000000e+00,-2.925534252575104910e-01,-3.183958599474458473e-01,0.000000000000000000e+00,-2.420675503667960859e-01,1.583678962424515113e-01,-0.000000000000000000e+00,-5.557852888757189858e-01
-3.484826113538568026e-02,0.000000000000000000e+00,0.000000000000000000e+00,-0.000000000000000000e+00,0.000000000000000000e+00,0.000000000000000000e+00,-0.000000000000000000e+00,-0.000000000000000000e+00,0.000000000000000000e+00,0.000000000000000000e+00,0.000000000000000000e+00,-0.000000000000000000e+00,1.365595836782476091e+00,0.000000000000000000e+00,-0.000000000000000000e+00,-0.000000000000000000e+00,-0.000000000000000000e+00,-0.000000000000000000e+00,-0.000000000000000000e+00,-0.000000000000000000e+00,0.000000000000000000e+00,-1.119164290615663228e-02,0.000000000000000000e+00,0.000000000000000000e+00,0.000000000000000000e+00,-0.000000000000000000e+00,6.138788904737359220e-02,-0.000000000000000000e+00,-0.000000000000000000e+00,-0.000000000000000000e+00,6.686143160896297344e-01,0.000000000000000000e+00,-5.611918846992553639e-02,0.000000000000000000e+00,0.000000000000000000e+00,-0.000000000000000000e+00,0.000000000000000000e+00,-0.000000000000000000e+00,-0.000000000000000000e+00
-0.000000000000000000e+00,-0.000000000000000000e+00,-0.000000000000000000e+00,0.000000000000000000e+00,-1.123659083652367302e-01,-0.000000000000000000e+00,0.000000000000000000e+00,8.017253230829204935e-02,-0.000000000000000000e+00,-0.000000000000000000e+00,0.000000000000000000e+00,-0.000000000000000000e+00,0.000000000000000000e+00,1.076024243415355519e+00,-0.000000000000000000e+00,-0.000000000000000000e+00,0.000000000000000000e+00,-0.000000000000000000e+00,-0.000000000000000000e+00,-0.000000000000000000e+00,0.000000000000000000e+00,0.000000000000000000e+00,-1.942807829489506810e-01,-5.714663946030366926e-02,-0.000000000000000000e+00,-0.000000000000000000e+00,0.000000000000000000e+00,-0.000000000000000000e+00,-0.000000000000000000e+00,-0.000000000000000000e+00,-0.000000000000000000e+00,0.000000000000000000e+00,-0.000000000000000000e+00,-0.000000000000000000e+00,-0.000000000000000000e+00,-2.373555573496568399e-02,-0.000000000000000000e+00,-0.000000000000000000e+00,-0.000000000000000000e+00
-7.459708548780720483e-02,-0.000000000000000000e+00,-0.000000000000000000e+00,0.000000000000000000e+00,-0.000000000000000000e+00,0.000000000000000000e+00,-0.000000000000000000e+00,0.000000000000000000e+00,-0.000000000000000000e+00,-0.000000000000000000e+00,0.000000000000000000e+00,-2.920458933256148137e-01,-0.000000000000000000e+00,-0.000000000000000000e+00,2.393917074255981436e+00,-0.000000000000000000e+00,-9.323299699345603819e-02,-2.806843123048898270e-01,-0.000000000000000000e+00,-5.221697033883170025e-02,-0.000000000000000000e+00,-1.451179154929318482e-01,-0.000000000000000000e+00,0.000000000000000000e+00,-0.000000000000000000e+00,-0.000000000000000000e+00,4.736903530596742878e-02,-0.000000000000000000e+00,0.000000000000000000e+00,-0.000000000000000000e+00,0.000000000000000000e+00,-0.000000000000000000e+00,-3.958389634116545319e-01,-1.121315599584267325e-01,0.000000000000000000e+00,-1.253784285718168856e-01,0.000000000000000000e+00,-8.907810713987649454e-01,-1.787711105329092831e-02
-3.236684846409516592e-01,-5.697489578449320413e-02,-0.000000000000000000e+00,-0.000000000000000000e+00,-0.000000000000000000e+00,1.698844664236864588e-01,-2.403254971083633451e-02,0.000000000000000000e+00,-1.530554895194831677e-01,-2.403820006082916516e-01,0.000000000000000000e+00,-1.041833496894726679e-01,-0.000000000000000000e+00,-0.000000000000000000e+00,-0.000000000000000000e+00,2.342227183292881154e+00,-0.000000000000000000e+00,-2.060097652861520023e-01,-1.573731208641602208e-01,-0.000000000000000000e+00,-0.000000000000000000e+00,-1.479965592794171142e-02,-0.000000000000000000e+00,0.000000000000000000e+00,-0.000000000000000000e+00,-0.000000000000000000e+00,0.000000000000000000e+00,-0.000000000000000000e+00,0.000000000000000000e+00,-4.534085561091546479e-01,0.000000000000000000e+00,0.000000000000000000e+00,-5.320657505820812483e-02,-2.411594118429756517e-01,0.000000000000000000e+00,-2.859651824749766535e-01,8.797818212122651693e-02,-0.000000000000000000e+00,-1.847716957922684866e-02
-0.000000000000000000e+00,-0.000000000000000000e+00,-0.000000000000000000e+00,-0.000000000000000000e+00,-0.000000000000000000e+00,0.000000000000000000e+00,-0.000000000000000000e+00,0.000000000000000000e+00,-0.000000000000000000e+00,0.000000000000000000e+00,-1.433039253031886950e-01,-9.383623216177075163e-03,-0.000000000000000000e+00,0.000000000000000000e+00,-9.323299699345603819e-02,-0.000000000000000000e+00,1.400143023079569060e+00,-7.604623359476835043e-02,-0.000000000000000000e+00,-0.000000000000000000e+00,-0.000000000000000000e+00,-4.030602565808005799e-02,0.000000000000000000e+00,-0.000000000000000000e+00,-0.000000000000000000e+00,-0.000000000000000000e+00,6.147496420795393011e-03,-0.000000000000000000e+00,-0.000000000000000000e+00,-0.000000000000000000e+00,0.000000000000000000e+00,-5.412873834452159860e-01,-1.739611114321852614e-01,-0.000000000000000000e+00,0.000000000000000000e+00,-0.000000000000000000e+00,0.000000000000000000e+00,-7.010536653713009270e-02,-0.000000000000000000e+00
-0.000000000000000000e+00,-0.000000000000000000e+00,-8.083839020460301117e-02,-0.000000000000000000e+00,-2.708839646777940757e-01,0.000000000000000000e+00,-2.051034770993737655e-01,0.000000000000000000e+00,-1.159288654762492266e-01,-0.000000000000000000e+00,0.000000000000000000e+00,-1.148537217729363180e-01,-0.000000000000000000e+00,-0.000000000000000000e+00,-2.806843123048898270e-01,-2.060097652861520023e-01,-7.604623359476835043e-02,2.399460393438417771e+00,-3.264572149247508825e-01,-1.744693117635490176e-01,-0.000000000000000000e+00,-2.484918608072735347e-01,-0.000000000000000000e+00,0.000000000000000000e+00,-0.000000000000000000e+00,-0.000000000000000000e+00,0.000000000000000000e+00,-0.000000000000000000e+00,0.000000000000000000e+00,-1.315448401072581534e-02,0.000000000000000000e+00,-0.000000000000000000e+00,-1.469037607483167363e-01,-1.731444402557245354e-01,0.000000000000000000e+00,-0.000000000000000000e+00,0.000000000000000000e+00,-1.222649425919306171e-01,-1.162017548470534595e-01
-0.000000000000000000e+00,-0.000000000000000000e+00,-6.227728643874537451e-02,-0.000000000000000000e+00,-0.000000000000000000e+00,1.649878154038314781e-01,-5.661369441183762286e-01,0.000000000000000000e+00,-1.022612732196772067e-01,-0.000000000000000000e+00,0.000000000000000000e+00,-7.370500776413389799e-02,-0.000000000000000000e+00,-0.000000000000000000e+00,-0.000000000000000000e+00,-1.573731208641602208e-01,-0.000000000000000000e+00,-3.264572149247508825e-01,2.424566320486949866e+00,-0.000000000000000000e+00,-0.000000000000000000e+00,-2.214013426336872425e-01,-0.000000000000000000e+00,0.000000000000000000e+00,-0.000000000000000000e+00,0.000000000000000000e+00,0.000000000000000000e+00,-0.000000000000000000e+00,2.308412419509861813e-01,-0.000000000000000000e+00,0.000000000000000000e+00,0.000000000000000000e+00,-1.004562884838791983e-02,-1.936363540670145156e-01,1.018932386148055091e-01,-1.027253350513882349e-02,8.876784499895939984e-02,-0.000000000000000000e+00,-2.367602304596158336e-01
-9.103134551619812553e-02,0.000000000000000000e+00,-2.410147695798538648e-03,-5.289902610694598856e-02,-2.336078255673711482e-03,0.000000000000000000e+00,-0.000000000000000000e+00,0.000000000000000000e+00,-0.000000000000000000e+00,-0.000000000000000000e+00,0.000000000000000000e+00,-0.000000000000000000e+00,-0.000000000000000000e+00,-0.000000000000000000e+00,-5.221697033883170025e-02,-0.000000000000000000e+00,-0.000000000000000000e+00,-1.744693117635490176e-01,-0.000000000000000000e+00,1.554799728712064733e+00,-9.545379539550878645e-02,-9.219925275230662909e-02,-0.000000000000000000e+00,-0.000000000000000000e+00,-0.000000000000000000e+00,-2.347621900082624002e-01,0.000000000000000000e+00,-4.423137213436957871e-01,-0.000000000000000000e+00,-0.000000000000000000e+00,0.000000000000000000e+00,-0.000000000000000000e+00,-2.224325361253478295e-01,-0.000000000000000000e+00,0.000000000000000000e+00,-0.000000000000000000e+00,0.000000000000000000e+00,-0.000000000000000000e+00,-0.000000000000000000e+00
-0.000000000000000000e+00,-0.000000000000000000e+00,-0.000000000000000000e+00,0.000000000000000000e+00,-0.000000000000000000e+00,-0.000000000000000000e+00,-0.000000000000000000e+00,0.000000000000000000e+00,-0.000000000000000000e+00,0.000000000000000000e+00,-0.000000000000000000e+00,-0.000000000000000000e+00,0.000000000000000000e+00,0.000000000000000000e+00,-0.000000000000000000e+00,-0.000000000000000000e+00,-0.000000000000000000e+00,-0.000000000000000000e+00,-0.000000000000000000e+00,-9.545379539550878645e-02,1.035849044814477482e+00,-0.000000000000000000e+00,0.000000000000000000e+00,-0.000000000000000000e+00,-0.000000000000000000e+00,-0.000000000000000000e+00,0.000000000000000000e+00,-0.000000000000000000e+00,-0.000000000000000000e+00,0.000000000000000000e+00,-0.000000000000000000e+00,-1.561993662345575185e-01,-1.216687429432005384e-02,-0.000000000000000000e+00,-0.000000000000000000e+00,-0.000000000000000000e+00,0.000000000000000000e+00,-0.000000000000000000e+00,-0.000000000000000000e+00
-0.000000000000000000e+00,-0.000000000000000000e+00,-0.000000000000000000e+00,-0.000000000000000000e+00,-0.000000000000000000e+00,1.074243919633935951e-01,-1.069768438510369235e-01,0.000000000000000000e+00,-0.000000000000000000e+00,-0.000000000000000000e+00,0.000000000000000000e+00,-2.555620451774952007e-01,-1.119164290615663228e-02,0.000000000000000000e+00,-1.451179154929318482e-01,-1.479965592794171142e-02,-4.030602565808005799e-02,-2.484918608072735347e-01,-2.214013426336872425e-01,-9.219925275230662909e-02,-0.000000000000000000e+00,2.150404628700425036e+00,-0.000000000000000000e+00,0.000000000000000000e+00,-0.000000000000000000e+00,-0.000000000000000000e+00,0.000000000000000000e+00,-0.000000000000000000e+00,0.000000000000000000e+00,-0.000000000000000000e+00,0.000000000000000000e+00,-0.000000000000000000e+00,-5.301643037602985498e-01,-1.677086983381864127e-01,0.000000000000000000e+00,-0.000000000000000000e+00,1.233752136406053856e-01,-0.000000000000000000e+00,-3.359081908163859265e-02
-1.834195465877449735e-02,-0.000000000000000000e+00,-0.000000000000000000e+00,0.000000000000000000e+00,-0.000000000000000000e+00,0.000000000000000000e+00,-0.000000000000000000e+00,0.000000000000000000e+00,-0.000000000000000000e+00,-2.051927336154368009e-01,0.000000000000000000e+00,-0.000000000000000000e+00,0.000000000000000000e+00,-1.942807829489506810e-01,-0.000000000000000000e+00,-0.000000000000000000e+00,0.000000000000000000e+00,-0.000000000000000000e+00,-0.000000000000000000e+00,-0.000000000000000000e+00,0.000000000000000000e+00,-0.000000000000000000e+00,1.260607843258494398e+00,-0.000000000000000000e+00,-3.925509246527791873e-01,-0.000000000000000000e+00,0.000000000000000000e+00,-0.000000000000000000e+00,0.000000000000000000e+00,-0.000000000000000000e+00,-0.000000000000000000e+00,2.194061965203263770e-02,-0.000000000000000000e+00,-0.000000000000000000e+00,0.000000000000000000e+00,-6.538262186169262191e-02,-0.000000000000000000e+00,-0.000000000000000000e+00,-0.000000000000000000e+00
0.000000000000000000e+00,0.000000000000000000e+00,-0.000000000000000000e+00,0.000000000000000000e+00,-0.000000000000000000e+00,-8.976650620611191511e-02,0.000000000000000000e+00,0.000000000000000000e+00,0.000000000000000000e+00,0.000000000000000000e+00,-0.000000000000000000e+00,0.000000000000000000e+00,0.000000000000000000e+00,-5.714663946030366926e-02,0.000000000000000000e+00,0.000000000000000000e+00,-0.000000000000000000e+00,0.000000000000000000e+00,0.000000000000000000e+00,-0.000000000000000000e+00,-0.000000000000000000e+00,0.000000000000000000e+00,-0.000000000000000000e+00,1.254421273701226136e+00,-0.000000000000000000e+00,-0.000000000000000000e+00,-0.000000000000000000e+00,-1.005147044682607295e-03,-2.350429760226006304e-01,0.000000000000000000e+00,-0.000000000000000000e+00,-0.000000000000000000e+00,0.000000000000000000e+00,0.000000000000000000e+00,-2.391839233260004693e-01,0.000000000000000000e+00,-1.371424769899121099e-01,0.000000000000000000e+00,0.000000000000000000e+00
-0.000000000000000000e+00,-0.000000000000000000e+00,-0.000000000000000000e+00,0.000000000000000000e+00,-0.000000000000000000e+00,0.000000000000000000e+00,-0.000000000000000000e+00,0.000000000000000000e+00,-1.158409893396133150e-01,-9.648110575658362664e-02,2.060592418584016594e-01,-0.000000000000000000e+00,0.000000000000000000e+00,-0.000000000000000000e+00,-0.000000000000000000e+00,-0.000000000000000000e+00,-0.000000000000000000e+00,-0.000000000000000000e+00,-0.000000000000000000e+00,-0.000000000000000000e+00,-0.000000000000000000e+00,-0.000000000000000000e+00,-3.925509246527791873e-01,-0.000000000000000000e+00,1.274118341753632366e+00,-0.000000000000000000e+00,0.000000000000000000e+00,-0.000000000000000000e+00,0.000000000000000000e+00,-1.175183975630408745e-01,-0.000000000000000000e+00,0.000000000000000000e+00,-0.000000000000000000e+00,-2.226508567082723794e-02,0.000000000000000000e+00,-0.000000000000000000e+00,0.000000000000000000e+00,-0.000000000000000000e+00,-0.000000000000000000e+00
-2.027703030921932659e-01,0.000000000000000000e+00,-0.000000000000000000e+00,-0.000000000000000000e+00,-0.000000000000000000e+00,-0.000000000000000000e+00,0.000000000000000000e+00,0.000000000000000000e+00,-0.000000000000000000e+00,-0.000000000000000000e+00,-0.000000000000000000e+00,-0.000000000000000000e+00,-0.000000000000000000e+00,-0.000000000000000000e+00,-0.000000000000000000e+00,-0.000000000000000000e+00,-0.000000000000000000e+00,-0.000000000000000000e+00,0.000000000000000000e+00,-2.347621900082624002e-01,-0.000000000000000000e+00,-0.000000000000000000e+00,-0.000000000000000000e+00,-0.000000000000000000e+00,-0.000000000000000000e+00,1.619443749636754415e+00,0.000000000000000000e+00,-6.470469763934086904e-01,-1.886174983602101896e-01,-0.000000000000000000e+00,0.000000000000000000e+00,-0.000000000000000000e+00,-0.000000000000000000e+00,-0.000000000000000000e+00,-0.000000000000000000e+00,0.000000000000000000e+00,-0.000000000000000000e+00,-3.171939794741471808e-01,0.000000000000000000e+00
9.065132482015494930e-02,0.000000000000000000e+00,-0.000000000000000000e+00,0.000000000000000000e+00,-0.000000000000000000e+00,-0.000000000000000000e+00,0.000000000000000000e+00,0.000000000000000000e+00,-0.000000000000000000e+00,-0.000000000000000000e+00,0.000000000000000000e+00,0.000000000000000000e+00,6.138788904737359220e-02,0.000000000000000000e+00,4.736903530596742878e-02,0.000000000000000000e+00,6.147496420795393011e-03,0.000000000000000000e+00,0.000000000000000000e+00,0.000000000000000000e+00,0.000000000000000000e+00,0.000000000000000000e+00,0.000000000000000000e+00,-0.000000000000000000e+00,0.000000000000000000e+00,0.000000000000000000e+00,1.167568132620883770e+00,0.000000000000000000e+00,0.000000000000000000e+00,5.727873559020085943e-03,-2.794893450047229999e-01,0.000000000000000000e+00,0.000000000000000000e+00,0.000000000000000000e+00,-0.000000000000000000e+00,0.000000000000000000e+00,-9.926994760580745703e-02,1.122823963342629988e-01,0.000000000000000000e+00
-5.477555833220147663e-03,0.000000000000000000e+00,-8.151512215806186457e-02,-0.000000000000000000e+00,-0.000000000000000000e+00,-0.000000000000000000e+00,-0.000000000000000000e+00,0.000000000000000000e+00,-0.000000000000000000e+00,-0.000000000000000000e+00,0.000000000000000000e+00,0.000000000000000000e+00,-0.000000000000000000e+00,-0.000000000000000000e+00,-0.000000000000000000e+00,-0.000000000000000000e+00,-0.000000000000000000e+00,-0.000000000000000000e+00,-0.000000000000000000e+00,-4.423137213436957871e-01,-0.000000000000000000e+00,-0.000000000000000000e+00,-0.000000000000000000e+00,-1.005147044682607295e-03,-0.000000000000000000e+00,-6.470469763934086904e-01,0.000000000000000000e+00,1.568886503307980629e+00,-0.000000000000000000e+00,-0.000000000000000000e+00,0.000000000000000000e+00,0.000000000000000000e+00,-0.000000000000000000e+00,-0.000000000000000000e+00,-0.000000000000000000e+00,-0.000000000000000000e+00,-0.000000000000000000e+00,-0.000000000000000000e+00,0.000000000000000000e+00
0.000000000000000000e+00,0.000000000000000000e+00,0.000000000000000000e+00,0.000000000000000000e+00,0.000000000000000000e+00,-1.499857548515304562e-01,0.000000000000000000e+00,-0.000000000000000000e+00,0.000000000000000000e+00,0.000000000000000000e+00,-0.000000000000000000e+00,6.376450295713315466e-04,-0.000000000000000000e+00,-0.000000000000000000e+00,0.000000000000000000e+00,0.000000000000000000e+00,-0.000000000000000000e+00,0.000000000000000000e+00,2.308412419509861813e-01,-0.000000000000000000e+00,-0.000000000000000000e+00,0.000000000000000000e+00,0.000000000000000000e+00,-2.350429760226006304e-01,0.000000000000000000e+00,-1.886174983602101896e-01,0.000000000000000000e+00,-0.000000000000000000e+00,1.646443169743727619e+00,0.000000000000000000e+00,0.000000000000000000e+00,-4.685856173508499284e-02,0.000000000000000000e+00,0.000000000000000000e+00,-4.192414625614377943e-01,9.170212257440908676e-02,-0.000000000000000000e+00,-0.000000000000000000e+00,2.571559738753561031e-01
-3.589346903270206335e-01,-1.457133709361268376e-02,-0.000000000000000000e+00,-1.419114576925424309e-01,-2.141847302967101463e-01,4.165234615796253176e-02,-0.000000000000000000e+00,0.000000000000000000e+00,-1.263731575536894136e-01,-2.214355622415621894e-01,0.000000000000000000e+00,-0.000000000000000000e+00,-0.000000000000000000e+00,-0.000000000000000000e+00,-0.000000000000000000e+00,-4.534085561091546479e-01,-0.000000000000000000e+00,-1.315448401072581534e-02,-0.000000000000000000e+00,-0.000000000000000000e+00,0.000000000000000000e+00,-0.000000000000000000e+00,-0.000000000000000000e+00,0.000000000000000000e+00,-1.175183975630408745e-01,-0.000000000000000000e+00,5.727873559020085943e-03,-0.000000000000000000e+00,0.000000000000000000e+00,1.764119990601598520e+00,0.000000000000000000e+00,0.000000000000000000e+00,-0.000000000000000000e+00,-0.000000000000000000e+00,0.000000000000000000e+00,-0.000000000000000000e+00,2.344716886445747522e-02,-0.000000000000000000e+00,-0.000000000000000000e+00
9.320446609673266325e-03,-0.000000000000000000e+00,-0.000000000000000000e+00,0.000000000000000000e+00,-0.000000000000000000e+00,-0.000000000000000000e+00,0.000000000000000000e+00,8.010403545450633933e-02,-0.000000000000000000e+00,-0.000000000000000000e+00,0.000000000000000000e+00,0.000000000000000000e+00,6.686143160896297344e-01,-0.000000000000000000e+00,0.000000000000000000e+00,0.000000000000000000e+00,0.000000000000000000e+00,0.000000000000000000e+00,0.000000000000000000e+00,0.000000000000000000e+00,-0.000000000000000000e+00,0.000000000000000000e+00,-0.000000000000000000e+00,-0.000000000000000000e+00,-0.000000000000000000e+00,0.000000000000000000e+00,-2.794893450047229999e-01,0.000000000000000000e+00,0.000000000000000000e+00,0.000000000000000000e+00,1.448599333510317111e+00,0.000000000000000000e+00,0.000000000000000000e+00,-0.000000000000000000e+00,-0.000000000000000000e+00,0.000000000000000000e+00,-0.000000000000000000e+00,1.151854501498596750e-01,0.000000000000000000e+00
0.000000000000000000e+00,-0.000000000000000000e+00,0.000000000000000000e+00,0.000000000000000000e+00,0.000000000000000000e+00,-0.000000000000000000e+00,0.000000000000000000e+00,-0.000000000000000000e+00,0.000000000000000000e+00,0.000000000000000000e+00,-2.822327534662733561e-01,-0.000000000000000000e+00,0.000000000000000000e+00,0.000000000000000000e+00,-0.000000000000000000e+00,0.000000000000000000e+00,-5.412873834452159860e-01,-0.000000000000000000e+00,0.000000000000000000e+00,-0.000000000000000000e+00,-1.561993662345575185e-01,-0.000000000000000000e+00,2.194061965203263770e-02,-0.000000000000000000e+00,0.000000000000000000e+00,-0.000000000000000000e+00,0.000000000000000000e+00,0.000000000000000000e+00,-4.685856173508499284e-02,0.000000000000000000e+00,0.000000000000000000e+00,1.357054032737191163e+00,-0.000000000000000000e+00,0.000000000000000000e+00,-0.000000000000000000e+00,0.000000000000000000e+00,0.000000000000000000e+00,-0.000000000000000000e+00,0.000000000000000000e+00
-1.025305761815188677e-01,-0.000000000000000000e+00,-0.000000000000000000e+00,-0.000000000000000000e+00,-0.000000000000000000e+00,0.000000000000000000e+00,-1.228936000604619605e-01,0.000000000000000000e+00,-0.000000000000000000e+00,-0.000000000000000000e+00,0.000000000000000000e+00,-2.925534252575104910e-01,-5.611918846992553639e-02,-0.000000000000000000e+00,-3.958389634116545319e-01,-5.320657505820812483e-02,-1.739611114321852614e-01,-1.469037607483167363e-01,-1.004562884838791983e-02,-2.224325361253478295e-01,-1.216687429432005384e-02,-5.301643037602985498e-01,-0.000000000000000000e+00,0.000000000000000000e+00,-0.000000000000000000e+00,-0.000000000000000000e+00,0.000000000000000000e+00,-0.000000000000000000e+00,0.000000000000000000e+00,-0.000000000000000000e+00,0.000000000000000000e+00,-0.000000000000000000e+00,2.241377078233223408e+00,-1.536136452035441746e-01,0.000000000000000000e+00,-0.000000000000000000e+00,7.640555369792365048e-02,-6.847372512175327330e-02,-0.000000000000000000e+00
-0.000000000000000000e+00,-0.000000000000000000e+00,-1.321911376727053777e-01,-0.000000000000000000e+00,-8.924175071670669736e-04,8.214927483163195210e-02,-0.000000000000000000e+00,0.000000000000000000e+00,-4.511834451086904618e-01,-0.000000000000000000e+00,0.000000000000000000e+00,-3.183958599474458473e-01,0.000000000000000000e+00,-0.000000000000000000e+00,-1.121315599584267325e-01,-2.411594118429756517e-01,-0.000000000000000000e+00,-1.731444402557245354e-01,-1.936363540670145156e-01,-0.000000000000000000e+00,-0.000000000000000000e+00,-1.677086983381864127e-01,-0.000000000000000000e+00,0.000000000000000000e+00,-2.226508567082723794e-02,-0.000000000000000000e+00,0.000000000000000000e+00,-0.000000000000000000e+00,0.000000000000000000e+00,-0.000000000000000000e+00,-0.000000000000000000e+00,0.000000000000000000e+00,-1.536136452035441746e-01,2.493397502580581904e+00,1.911216203225572785e-01,-0.000000000000000000e+00,1.144892747357092039e-01,-0.000000000000000000e+00,-2.756359370824142396e-01
0.000000000000000000e+00,0.000000000000000000e+00,0.000000000000000000e+00,0.000000000000000000e+00,0.000000000000000000e+00,-5.136489337710861136e-01,8.369922143185237751e-02,-0.000000000000000000e+00,8.712734462547384873e-02,0.000000000000000000e+00,-0.000000000000000000e+00,0.000000000000000000e+00,0.000000000000000000e+00,-0.000000000000000000e+00,0.000000000000000000e+00,0.000000000000000000e+00,0.000000000000000000e+00,0.000000000000000000e+00,1.018932386148055091e-01,0.000000000000000000e+00,-0.000000000000000000e+00,0.000000000000000000e+00,0.000000000000000000e+00,-2.391839233260004693e-01,0.000000000000000000e+00,-0.000000000000000000e+00,-0.000000000000000000e+00,-0.000000000000000000e+00,-4.192414625614377943e-01,0.000000000000000000e+00,-0.000000000000000000e+00,-0.000000000000000000e+00,0.000000000000000000e+00,1.911216203225572785e-01,2.115883194750441731e+00,6.281132245605647313e-02,-1.967165060436482371e-01,0.000000000000000000e+00,2.179665478913666021e-01
-1.894834708555489383e-02,-0.000000000000000000e+00,-0.000000000000000000e+00,0.000000000000000000e+00,-0.000000000000000000e+00,1.431831423972644915e-02,-0.000000000000000000e+00,0.000000000000000000e+00,-0.000000000000000000e+00,-0.000000000000000000e+00,0.000000000000000000e+00,-2.420675503667960859e-01,-0.000000000000000000e+00,-2.373555573496568399e-02,-1.253784285718168856e-01,-2.859651824749766535e-01,-0.000000000000000000e+00,-0.000000000000000000e+00,-1.027253350513882349e-02,-0.000000000000000000e+00,-0.000000000000000000e+00,-0.000000000000000000e+00,-6.538262186169262191e-02,0.000000000000000000e+00,-0.000000000000000000e+00,0.000000000000000000e+00,0.000000000000000000e+00,-0.000000000000000000e+00,9.170212257440908676e-02,-0.000000000000000000e+00,0.000000000000000000e+00,0.000000000000000000e+00,-0.000000000000000000e+00,-0.000000000000000000e+00,6.281132245605647313e-02,1.521403289306587858e+00,0.000000000000000000e+00,-7.590691518788759452e-03,-2.681720214265583824e-01
0.000000000000000000e+00,0.000000000000000000e+00,0.000000000000000000e+00,3.486895158889707219e-02,0.000000000000000000e+00,-5.538606344748981947e-01,0.000000000000000000e+00,-0.000000000000000000e+00,0.000000000000000000e+00,0.000000000000000000e+00,-0.000000000000000000e+00,1.583678962424515113e-01,0.000000000000000000e+00,-0.000000000000000000e+00,0.000000000000000000e+00,8.797818212122651693e-02,0.000000000000000000e+00,0.000000000000000000e+00,8.876784499895939984e-02,0.000000000000000000e+00,0.000000000000000000e+00,1.233752136406053856e-01,-0.000000000000000000e+00,-1.371424769899121099e-01,0.000000000000000000e+00,-0.000000000000000000e+00,-9.926994760580745703e-02,-0.000000000000000000e+00,-0.000000000000000000e+00,2.344716886445747522e-02,-0.000000000000000000e+00,0.000000000000000000e+00,7.640555369792365048e-02,1.144892747357092039e-01,-1.967165060436482371e-01,0.000000000000000000e+00,1.886064569142682723e+00,0.000000000000000000e+00,9.816084196223012759e-02
-2.197076198872860084e-02,0.000000000000000000e+00,-0.000000000000000000e+00,0.000000000000000000e+00,-0.000000000000000000e+00,0.000000000000000000e+00,-0.000000000000000000e+00,0.000000000000000000e+00,-0.000000000000000000e+00,-0.000000000000000000e+00,0.000000000000000000e+00,-0.000000000000000000e+00,-0.000000000000000000e+00,-0.000000000000000000e+00,-8.907810713987649454e-01,-0.000000000000000000e+00,-7.010536653713009270e-02,-1.222649425919306171e-01,-0.000000000000000000e+00,-0.000000000000000000e+00,-0.000000000000000000e+00,-0.000000000000000000e+00,-0.000000000000000000e+00,0.000000000000000000e+00,-0.000000000000000000e+00,-3.171939794741471808e-01,1.122823963342629988e-01,-0.000000000000000000e+00,-0.000000000000000000e+00,-0.000000000000000000e+00,1.151854501498596750e-01,-0.000000000000000000e+00,-6.847372512175327330e-02,-0.000000000000000000e+00,0.000000000000000000e+00,-7.590691518788759452e-03,0.000000000000000000e+00,1.829024836329665726e+00,-0.000000000000000000e+00
-0.000000000000000000e+00,-1.788232329100960527e-01,-0.000000000000000000e+00,-0.000000000000000000e+00,-0.000000000000000000e+00,2.092933496953538752e-01,-8.643321251414257111e-02,0.000000000000000000e+00,-1.396870193847635222e-01,-0.000000000000000000e+00,0.000000000000000000e+00,-5.557852888757189858e-01,-0.000000000000000000e+00,-0.000000000000000000e+00,-1.787711105329092831e-02,-1.847716957922684866e-02,-0.000000000000000000e+00,-1.162017548470534595e-01,-2.367602304596158336e-01,-0.000000000000000000e+00,-0.000000000000000000e+00,-3.359081908163859265e-02,-0.000000000000000000e+00,0.000000000000000000e+00,-0.000000000000000000e+00,0.000000000000000000e+00,0.000000000000000000e+00,0.000000000000000000e+00,2.571559738753561031e-01,-0.000000000000000000e+00,0.000000000000000000e+00,0.000000000000000000e+00,-0.000000000000000000e+00,-2.756359370824142396e-01,2.179665478913666021e-01,-2.681720214265583824e-01,9.816084196223012759e-02,-0.000000000000000000e+00,2.491110609937068343e+00
