1.735054997269144916e+00,-2.309047258896234633e-01,-2.892972748561304375e-01,-0.000000000000000000e+00,-0.000000000000000000e+00,-0.000000000000000000e+00,0.000000000000000000e+00,0.000000000000000000e+00,-2.218865393348581350e-01,-3.000110137060219007e-02,-0.000000000000000000e+00,-0.000000000000000000e+00,0.000000000000000000e+00,-0.000000000000000000e+00,-3.843214395406822914e-02,-2.199217091562765680e-01,-0.000000000000000000e+00,-0.000000000000000000e+00,-0.000000000000000000e+00,-0.000000000000000000e+00,0.000000000000000000e+00,0.000000000000000000e+00,-1.148280222942296563e-01,-3.916710998916005104e-02,-1.305268702739121323e-01,-0.000000000000000000e+00,-0.000000000000000000e+00,0.000000000000000000e+00,-0.000000000000000000e+00,-2.172899679398839212e-01,0.000000000000000000e+00,-0.000000000000000000e+00,0.000000000000000000e+00,-4.044985926600144083e-02,0.000000000000000000e+00,-0.000000000000000000e+00,0.000000000000000000e+00,-1.163914219133001804e-01,-0.000000000000000000e+00
-2.309047258896234633e-01,2.028332777223845973e+00,-0.000000000000000000e+00,-0.000000000000000000e+00,-7.872967662037622452e-03,-0.000000000000000000e+00,0.000000000000000000e+00,0.000000000000000000e+00,-3.924587964402193596e-01,-9.687836877304190075e-02,-0.000000000000000000e+00,-1.358547298452315588e-01,0.000000000000000000e+00,-1.849250934976145178e-01,-0.000000000000000000e+00,-2.008541054277830362e-01,-0.000000000000000000e+00,-0.000000000000000000e+00,-0.000000000000000000e+00,-0.000000000000000000e+00,0.000000000000000000e+00,0.000000000000000000e+00,-0.000000000000000000e+00,-0.000000000000000000e+00,-5.763044908720725557e-02,0.000000000000000000e+00,-0.000000000000000000e+00,0.000000000000000000e+00,0.000000000000000000e+00,-0.000000000000000000e+00,0.000000000000000000e+00,-0.000000000000000000e+00,0.000000000000000000e+00,-1.855155107498629441e-01,0.000000000000000000e+00,-1.052681045389927822e-01,0.000000000000000000e+00,-0.000000000000000000e+00,-4.618330474828548082e-01
-2.892972748561304375e-01,-0.000000000000000000e+00,2.111834354294817917e+00,-0.000000000000000000e+00,-5.363434554782554597e-01,-0.000000000000000000e+00,0.000000000000000000e+00,4.104721279510525345e-01,-6.446714387714497230e-02,-1.114215182905397006e-01,-0.000000000000000000e+00,-0.000000000000000000e+00,0.000000000000000000e+00,-0.000000000000000000e+00,-0.000000000000000000e+00,-4.821545461796149235e-02,-0.000000000000000000e+00,-3.164918970305500290e-01,-0.000000000000000000e+00,-1.419171455483643485e-01,0.000000000000000000e+00,-0.000000000000000000e+00,-0.000000000000000000e+00,-0.000000000000000000e+00,-1.168862146847355066e-01,-0.000000000000000000e+00,-0.000000000000000000e+00,-0.000000000000000000e+00,-0.000000000000000000e+00,-0.000000000000000000e+00,0.000000000000000000e+00,-0.000000000000000000e+00,-0.000000000000000000e+00,-2.831560994728449798e-01,0.000000000000000000e+00,-0.000000000000000000e+00,0.000000000000000000e+00,-3.456034595168261392e-02,-0.000000000000000000e+00
-0.000000000000000000e+00,-0.000000000000000000e+00,-0.000000000000000000e+00,1.753566657632782189e+00,-0.000000000000000000e+00,-0.000000000000000000e+00,0.000000000000000000e+00,0.000000000000000000e+00,-1.157165837834494421e-01,-1.771884921689282147e-02,0.000000000000000000e+00,-7.933131189413241552e-03,1.412482975349796388e-02,-0.000000000000000000e+00,-9.785822397048474230e-02,-0.000000000000000000e+00,0.000000000000000000e+00,-3.053070767964076171e-01,-3.051158536369048546e-01,-0.000000000000000000e+00,0.000000000000000000e+00,0.000000000000000000e+00,0.000000000000000000e+00,0.000000000000000000e+00,-0.000000000000000000e+00,0.000000000000000000e+00,0.000000000000000000e+00,0.000000000000000000e+00,0.000000000000000000e+00,-0.000000000000000000e+00,2.199199467454299728e-01,0.000000000000000000e+00,4.838650622251705613e-02,-1.020233617932382320e-01,2.324780885676145659e-01,-0.000000000000000000e+00,0.000000000000000000e+00,-0.000000000000000000e+00,-5.319621854475173328e-02
-0.000000000000000000e+00,-7.872967662037622452e-03,-5.363434554782554597e-01,-0.000000000000000000e+00,1.786816025582246947e+00,-0.000000000000000000e+00,-0.000000000000000000e+00,3.502250024140985407e-01,-0.000000000000000000e+00,-6.049447874966983052e-02,-0.000000000000000000e+00,-0.000000000000000000e+00,0.000000000000000000e+00,-3.540847181898696405e-01,-0.000000000000000000e+00,-1.453868018267246431e-01,-0.000000000000000000e+00,-0.000000000000000000e+00,-0.000000000000000000e+00,-0.000000000000000000e+00,-0.000000000000000000e+00,-0.000000000000000000e+00,-0.000000000000000000e+00,-0.000000000000000000e+00,-4.790436365153884213e-02,-0.000000000000000000e+00,-3.690946819988661504e-02,-0.000000000000000000e+00,-0.000000000000000000e+00,-7.339667243929622054e-02,0.000000000000000000e+00,-0.000000000000000000e+00,-0.000000000000000000e+00,-8.290395300733438555e-02,0.000000000000000000e+00,-0.000000000000000000e+00,-0.000000000000000000e+00,-0.000000000000000000e+00,-0.000000000000000000e+00
-0.000000000000000000e+00,-0.000000000000000000e+00,-0.000000000000000000e+00,-0.000000000000000000e+00,-0.000000000000000000e+00,1.326788949690967057e+00,-0.000000000000000000e+00,-0.000000000000000000e+00,-0.000000000000000000e+00,-0.000000000000000000e+00,-0.000000000000000000e+00,0.000000000000000000e+00,0.000000000000000000e+00,-0.000000000000000000e+00,-0.000000000000000000e+00,-0.000000000000000000e+00,-0.000000000000000000e+00,-0.000000000000000000e+00,-0.000000000000000000e+00,-9.331426482582491633e-02,-0.000000000000000000e+00,-0.000000000000000000e+00,-0.000000000000000000e+00,-3.179261201101371559e-01,-1.970807425859824324e-01,-0.000000000000000000e+00,-0.000000000000000000e+00,-0.000000000000000000e+00,-2.438570552241562384e-01,-1.109223786479957008e-01,0.000000000000000000e+00,-0.000000000000000000e+00,-0.000000000000000000e+00,-0.000000000000000000e+00,-0.000000000000000000e+00,-0.000000000000000000e+00,-0.000000000000000000e+00,-0.000000000000000000e+00,0.000000000000000000e+00
0.000000000000000000e+00,0.000000000000000000e+00,0.000000000000000000e+00,0.000000000000000000e+00,-0.000000000000000000e+00,-0.000000000000000000e+00,1.387444217988621054e+00,-0.000000000000000000e+00,4.603747031158132025e-02,0.000000000000000000e+00,-0.000000000000000000e+00,0.000000000000000000e+00,-0.000000000000000000e+00,-0.000000000000000000e+00,0.000000000000000000e+00,0.000000000000000000e+00,-0.000000000000000000e+00,0.000000000000000000e+00,0.000000000000000000e+00,-0.000000000000000000e+00,-1.874733587510704624e-01,-3.426688178233794346e-01,-0.000000000000000000e+00,-0.000000000000000000e+00,0.000000000000000000e+00,-0.000000000000000000e+00,-0.000000000000000000e+00,-1.011242272443072659e-01,-0.000000000000000000e+00,0.000000000000000000e+00,-4.482348656234078771e-02,-0.000000000000000000e+00,-0.000000000000000000e+00,1.019089269783796242e-01,-0.000000000000000000e+00,-0.000000000000000000e+00,-7.816659470049681924e-02,0.000000000000000000e+00,8.143697420618693783e-02
0.000000000000000000e+00,0.000000000000000000e+00,4.104721279510525345e-01,0.000000000000000000e+00,3.502250024140985407e-01,-0.000000000000000000e+00,-0.000000000000000000e+00,1.338315784722991175e+00,0.000000000000000000e+00,0.000000000000000000e+00,0.000000000000000000e+00,-0.000000000000000000e+00,-0.000000000000000000e+00,0.000000000000000000e+00,-0.000000000000000000e+00,0.000000000000000000e+00,-0.000000000000000000e+00,0.000000000000000000e+00,0.000000000000000000e+00,0.000000000000000000e+00,0.000000000000000000e+00,0.000000000000000000e+00,0.000000000000000000e+00,0.000000000000000000e+00,0.000000000000000000e+00,0.000000000000000000e+00,0.000000000000000000e+00,0.000000000000000000e+00,0.000000000000000000e+00,0.000000000000000000e+00,0.000000000000000000e+00,0.000000000000000000e+00,0.000000000000000000e+00,0.000000000000000000e+00,0.000000000000000000e+00,0.000000000000000000e+00,0.000000000000000000e+00,0.000000000000000000e+00,0.000000000000000000e+00
-2.218865393348581350e-01,-3.924587964402193596e-01,-6.446714387714497230e-02,-1.157165837834494421e-01,-0.000000000000000000e+00,-0.000000000000000000e+00,4.603747031158132025e-02,0.000000000000000000e+00,2.711547532277450490e+00,-5.474356034097165730e-02,0.000000000000000000e+00,-1.159294204998029681e-01,0.000000000000000000e+00,-0.000000000000000000e+00,-1.406187165342004664e-01,-0.000000000000000000e+00,-0.000000000000000000e+00,-4.242957114476410552e-01,-1.779556864942369865e-01,-0.000000000000000000e+00,9.147440898981767932e-02,0.000000000000000000e+00,-0.000000000000000000e+00,-0.000000000000000000e+00,-2.744405740715416542e-02,0.000000000000000000e+00,-0.000000000000000000e+00,0.000000000000000000e+00,0.000000000000000000e+00,-0.000000000000000000e+00,5.794591710529600412e-03,-0.000000000000000000e+00,0.000000000000000000e+00,-5.699946184702113783e-01,0.000000000000000000e+00,-0.000000000000000000e+00,0.000000000000000000e+00,-1.211995473262926226e-01,-3.655304098985893702e-01
-3.000110137060219007e-02,-9.687836877304190075e-02,-1.114215182905397006e-01,-1.771884921689282147e-02,-6.049447874966983052e-02,-0.000000000000000000e+00,0.000000000000000000e+00,0.000000000000000000e+00,-5.474356034097165730e-02,1.957005079159217731e+00,-0.000000000000000000e+00,-0.000000000000000000e+00,0.000000000000000000e+00,-0.000000000000000000e+00,-0.000000000000000000e+00,-4.460383766959319929e-01,-0.000000000000000000e+00,-1.106582859209752634e-01,-0.000000000000000000e+00,-4.674849979585549153e-02,0.000000000000000000e+00,-0.000000000000000000e+00,-1.356044590155715442e-02,-0.000000000000000000e+00,-2.992832302536156397e-01,-0.000000000000000000e+00,-1.331974663523355917e-01,0.000000000000000000e+00,-0.000000000000000000e+00,-3.450035405423438895e-01,0.000000000000000000e+00,-0.000000000000000000e+00,-0.000000000000000000e+00,-0.000000000000000000e+00,0.000000000000000000e+00,-3.205422823797532406e-01,-0.000000000000000000e+00,-0.000000000000000000e+00,-0.000000000000000000e+00
-0.000000000000000000e+00,-0.000000000000000000e+00,-0.000000000000000000e+00,0.000000000000000000e+00,-0.000000000000000000e+00,-0.000000000000000000e+00,-0.000000000000000000e+00,0.000000000000000000e+00,0.000000000000000000e+00,-0.000000000000000000e+00,1.462344356958090286e+00,0.000000000000000000e+00,-0.000000000000000000e+00,-4.556466212028213031e-02,0.000000000000000000e+00,-0.000000000000000000e+00,-1.871082046412601840e-01,0.000000000000000000e+00,0.000000000000000000e+00,-0.000000000000000000e+00,-0.000000000000000000e+00,-8.298119592976982428e-02,-1.543433034647403168e-01,-1.355807215260813603e-01,-0.000000000000000000e+00,-1.156342624489483696e-02,-6.448133154804625011e-02,-1.113778595150626549e-01,-2.208600588949986288e-01,-0.000000000000000000e+00,-0.000000000000000000e+00,-5.616386746329676133e-02,-9.304307605430407746e-02,0.000000000000000000e+00,-0.000000000000000000e+00,-0.000000000000000000e+00,-1.644758572724877854e-01,-0.000000000000000000e+00,0.000000000000000000e+00
-0.000000000000000000e+00,-1.358547298452315588e-01,-0.000000000000000000e+00,-7.933131189413241552e-03,-0.000000000000000000e+00,0.000000000000000000e+00,0.000000000000000000e+00,-0.000000000000000000e+00,-1.159294204998029681e-01,-0.000000000000000000e+00,0.000000000000000000e+00,2.531128988256184709e+00,1.353547252341825435e-01,-0.000000000000000000e+00,-4.579921221453693292e-01,-0.000000000000000000e+00,-0.000000000000000000e+00,-6.441605630603776389e-02,-4.644154692185076816e-01,-0.000000000000000000e+00,2.187220080437841663e-01,0.000000000000000000e+00,-0.000000000000000000e+00,0.000000000000000000e+00,-0.000000000000000000e+00,3.638578030440945549e-02,-0.000000000000000000e+00,0.000000000000000000e+00,0.000000000000000000e+00,-0.000000000000000000e+00,0.000000000000000000e+00,-0.000000000000000000e+00,0.000000000000000000e+00,-1.538362860914657404e-01,2.445562497413301395e-01,-9.487596700094144686e-02,0.000000000000000000e+00,-0.000000000000000000e+00,-5.640688077699559377e-01
0.000000000000000000e+00,0.000000000000000000e+00,0.000000000000000000e+00,1.412482975349796388e-02,0.000000000000000000e+00,0.000000000000000000e+00,-0.000000000000000000e+00,-0.000000000000000000e+00,0.000000000000000000e+00,0.000000000000000000e+00,-0.000000000000000000e+00,1.353547252341825435e-01,1.133740563754980890e+00,-0.000000000000000000e+00,0.000000000000000000e+00,0.000000000000000000e+00,-0.000000000000000000e+00,7.491681838437706450e-03,8.422890812064749710e-02,0.000000000000000000e+00,-0.000000000000000000e+00,-0.000000000000000000e+00,-0.000000000000000000e+00,-0.000000000000000000e+00,-0.000000000000000000e+00,-0.000000000000000000e+00,0.000000000000000000e+00,-2.030901518916705395e-01,-0.000000000000000000e+00,0.000000000000000000e+00,-0.000000000000000000e+00,-0.000000000000000000e+00,-0.000000000000000000e+00,1.319488511624803545e-02,-0.000000000000000000e+00,0.000000000000000000e+00,-0.000000000000000000e+00,0.000000000000000000e+00,4.827932269342861266e-02
-0.000000000000000000e+00,-1.849250934976145178e-01,-0.000000000000000000e+00,-0.000000000000000000e+00,-3.540847181898696405e-01,-0.000000000000000000e+00,-0.000000000000000000e+00,0.000000000000000000e+00,-0.000000000000000000e+00,-0.000000000000000000e+00,-4.556466212028213031e-02,-0.000000000000000000e+00,-0.000000000000000000e+00,1.949223073669852369e+00,-0.000000000000000000e+00,-3.744701726902456285e-01,-0.000000000000000000e+00,-0.000000000000000000e+00,-0.000000000000000000e+00,-0.000000000000000000e+00,-0.000000000000000000e+00,-0.000000000000000000e+00,-1.824428943530312097e-01,-1.719258392559697424e-01,-1.653527333315877312e-01,-0.000000000000000000e+00,-2.404402499066272958e-01,-0.000000000000000000e+00,-0.000000000000000000e+00,-7.450838626517750085e-02,-0.000000000000000000e+00,-2.700878538830310815e-01,-0.000000000000000000e+00,-0.000000000000000000e+00,-0.000000000000000000e+00,-1.409607565124208206e-01,-0.000000000000000000e+00,-0.000000000000000000e+00,-0.000000000000000000e+00
-3.843214395406822914e-02,-0.000000000000000000e+00,-0.000000000000000000e+00,-9.785822397048474230e-02,-0.000000000000000000e+00,-0.000000000000000000e+00,0.000000000000000000e+00,-0.000000000000000000e+00,-1.406187165342004664e-01,-0.000000000000000000e+00,0.000000000000000000e+00,-4.579921221453693292e-01,0.000000000000000000e+00,-0.000000000000000000e+00,2.333162230267694870e+00,-0.000000000000000000e+00,-0.000000000000000000e+00,-3.819809204195993568e-01,-4.494551219625519956e-01,-1.316279568908325925e-01,0.000000000000000000e+00,0.000000000000000000e+00,-0.000000000000000000e+00,-0.000000000000000000e+00,-0.000000000000000000e+00,0.000000000000000000e+00,0.000000000000000000e+00,0.000000000000000000e+00,0.000000000000000000e+00,-0.000000000000000000e+00,4.074280664325231061e-01,-0.000000000000000000e+00,0.000000000000000000e+00,-1.257066368993041139e-01,1.279841766814196757e-01,-0.000000000000000000e+00,0.000000000000000000e+00,-3.616026360717172067e-02,-0.000000000000000000e+00
-2.199217091562765680e-01,-2.008541054277830362e-01,-4.821545461796149235e-02,-0.000000000000000000e+00,-1.453868018267246431e-01,-0.000000000000000000e+00,0.000000000000000000e+00,0.000000000000000000e+00,-0.000000000000000000e+00,-4.460383766959319929e-01,-0.000000000000000000e+00,-0.000000000000000000e+00,0.000000000000000000e+00,-3.744701726902456285e-01,-0.000000000000000000e+00,2.172236326018898378e+00,-0.000000000000000000e+00,-0.000000000000000000e+00,-0.000000000000000000e+00,-0.000000000000000000e+00,-0.000000000000000000e+00,-0.000000000000000000e+00,-1.633460951941271833e-01,-0.000000000000000000e+00,-8.661026844505519129e-02,-0.000000000000000000e+00,-0.000000000000000000e+00,-0.000000000000000000e+00,-0.000000000000000000e+00,-4.254084515889481333e-01,-0.000000000000000000e+00,-0.000000000000000000e+00,-0.000000000000000000e+00,-0.000000000000000000e+00,-0.000000000000000000e+00,-1.930187455148514586e-01,-0.000000000000000000e+00,-0.000000000000000000e+00,-0.000000000000000000e+00
-0.000000000000000000e+00,-0.000000000000000000e+00,-0.000000000000000000e+00,0.000000000000000000e+00,-0.000000000000000000e+00,-0.000000000000000000e+00,-0.000000000000000000e+00,-0.000000000000000000e+00,-0.000000000000000000e+00,-0.000000000000000000e+00,-1.871082046412601840e-01,-0.000000000000000000e+00,-0.000000000000000000e+00,-0.000000000000000000e+00,-0.000000000000000000e+00,-0.000000000000000000e+00,1.201262077772472514e+00,-0.000000000000000000e+00,-0.000000000000000000e+00,-1.864556666061017720e-01,-0.000000000000000000e+00,-0.000000000000000000e+00,-1.529607919650768366e-01,-0.000000000000000000e+00,-0.000000000000000000e+00,-0.000000000000000000e+00,-0.000000000000000000e+00,-0.000000000000000000e+00,-0.000000000000000000e+00,-0.000000000000000000e+00,0.000000000000000000e+00,-2.023946848632931506e-01,-0.000000000000000000e+00,-0.000000000000000000e+00,-0.000000000000000000e+00,-0.000000000000000000e+00,-0.000000000000000000e+00,-0.000000000000000000e+00,-0.000000000000000000e+00
-0.000000000000000000e+00,-0.000000000000000000e+00,-3.164918970305500290e-01,-3.053070767964076171e-01,-0.000000000000000000e+00,-0.000000000000000000e+00,0.000000000000000000e+00,0.000000000000000000e+00,-4.242957114476410552e-01,-1.106582859209752634e-01,0.000000000000000000e+00,-6.441605630603776389e-02,7.491681838437706450e-03,-0.000000000000000000e+00,-3.819809204195993568e-01,-0.000000000000000000e+00,-0.000000000000000000e+00,2.652454606211586796e+00,-5.239804817685433935e-01,-0.000000000000000000e+00,0.000000000000000000e+00,0.000000000000000000e+00,-0.000000000000000000e+00,-0.000000000000000000e+00,-5.015668076159335298e-02,0.000000000000000000e+00,-0.000000000000000000e+00,0.000000000000000000e+00,0.000000000000000000e+00,-0.000000000000000000e+00,4.886708015564369262e-02,0.000000000000000000e+00,0.000000000000000000e+00,-2.586083407279680113e-01,0.000000000000000000e+00,-4.894348905798623361e-03,0.000000000000000000e+00,-3.830374638089986683e-01,-0.000000000000000000e+00
-0.000000000000000000e+00,-0.000000000000000000e+00,-0.000000000000000000e+00,-3.051158536369048546e-01,-0.000000000000000000e+00,-0.000000000000000000e+00,0.000000000000000000e+00,0.000000000000000000e+00,-1.779556864942369865e-01,-0.000000000000000000e+00,0.000000000000000000e+00,-4.644154692185076816e-01,8.422890812064749710e-02,-0.000000000000000000e+00,-4.494551219625519956e-01,-0.000000000000000000e+00,-0.000000000000000000e+00,-5.239804817685433935e-01,2.523243445495391146e+00,-0.000000000000000000e+00,1.364310581142759004e-03,0.000000000000000000e+00,-0.000000000000000000e+00,-0.000000000000000000e+00,-2.471494685644481243e-02,0.000000000000000000e+00,-0.000000000000000000e+00,0.000000000000000000e+00,0.000000000000000000e+00,-0.000000000000000000e+00,0.000000000000000000e+00,0.000000000000000000e+00,0.000000000000000000e+00,-1.138559315663088961e-01,2.778300113076095923e-02,-5.923634163701569331e-03,0.000000000000000000e+00,-1.653971382571279014e-01,-2.270190337515590462e-01
-0.000000000000000000e+00,-0.000000000000000000e+00,-1.419171455483643485e-01,-0.000000000000000000e+00,-0.000000000000000000e+00,-9.331426482582491633e-02,-0.000000000000000000e+00,0.000000000000000000e+00,-0.000000000000000000e+00,-4.674849979585549153e-02,-0.000000000000000000e+00,-0.000000000000000000e+00,0.000000000000000000e+00,-0.000000000000000000e+00,-1.316279568908325925e-01,-0.000000000000000000e+00,-1.864556666061017720e-01,-0.000000000000000000e+00,-0.000000000000000000e+00,1.220141174678053719e+00,-0.000000000000000000e+00,-2.826171175756260201e-01,-0.000000000000000000e+00,-0.000000000000000000e+00,-3.634330160290546313e-02,-0.000000000000000000e+00,-0.000000000000000000e+00,-0.000000000000000000e+00,-0.000000000000000000e+00,-0.000000000000000000e+00,0.000000000000000000e+00,-0.000000000000000000e+00,-0.000000000000000000e+00,-0.000000000000000000e+00,0.000000000000000000e+00,-1.315580287098299939e-01,-0.000000000000000000e+00,-0.000000000000000000e+00,-0.000000000000000000e+00
0.000000000000000000e+00,0.000000000000000000e+00,0.000000000000000000e+00,0.000000000000000000e+00,-0.000000000000000000e+00,-0.000000000000000000e+00,-1.874733587510704624e-01,0.000000000000000000e+00,9.147440898981767932e-02,0.000000000000000000e+00,-0.000000000000000000e+00,2.187220080437841663e-01,-0.000000000000000000e+00,-0.000000000000000000e+00,0.000000000000000000e+00,-0.000000000000000000e+00,-0.000000000000000000e+00,0.000000000000000000e+00,1.364310581142759004e-03,-0.000000000000000000e+00,2.600510111380438527e+00,-3.966366732910383552e-01,-0.000000000000000000e+00,-0.000000000000000000e+00,0.000000000000000000e+00,-4.052261276608475349e-01,-0.000000000000000000e+00,-5.174469703694238865e-01,-0.000000000000000000e+00,-0.000000000000000000e+00,-2.440926173278181732e-01,-0.000000000000000000e+00,-3.165329026818572422e-01,3.059333511354792728e-02,-2.408895826841981336e-01,0.000000000000000000e+00,-0.000000000000000000e+00,0.000000000000000000e+00,1.980958384665715555e-01
0.000000000000000000e+00,0.000000000000000000e+00,-0.000000000000000000e+00,0.000000000000000000e+00,-0.000000000000000000e+00,-0.000000000000000000e+00,-3.426688178233794346e-01,0.000000000000000000e+00,0.000000000000000000e+00,-0.000000000000000000e+00,-8.298119592976982428e-02,0.000000000000000000e+00,-0.000000000000000000e+00,-0.000000000000000000e+00,0.000000000000000000e+00,-0.000000000000000000e+00,-0.000000000000000000e+00,0.000000000000000000e+00,0.000000000000000000e+00,-2.826171175756260201e-01,-3.966366732910383552e-01,1.880312997285106480e+00,-0.000000000000000000e+00,-0.000000000000000000e+00,-0.000000000000000000e+00,-5.945750418185514335e-02,-0.000000000000000000e+00,-3.420725486784507163e-01,-0.000000000000000000e+00,-0.000000000000000000e+00,-2.657500395384313624e-02,-7.785143201825983628e-02,-1.188016852159576447e-01,0.000000000000000000e+00,-9.516536403006578548e-02,-0.000000000000000000e+00,-1.265399662014059512e-01,0.000000000000000000e+00,0.000000000000000000e+00
-1.148280222942296563e-01,-0.000000000000000000e+00,-0.000000000000000000e+00,0.000000000000000000e+00,-0.000000000000000000e+00,-0.000000000000000000e+00,-0.000000000000000000e+00,0.000000000000000000e+00,-0.000000000000000000e+00,-1.356044590155715442e-02,-1.543433034647403168e-01,-0.000000000000000000e+00,-0.000000000000000000e+00,-1.824428943530312097e-01,-0.000000000000000000e+00,-1.633460951941271833e-01,-1.529607919650768366e-01,-0.000000000000000000e+00,-0.000000000000000000e+00,-0.000000000000000000e+00,-0.000000000000000000e+00,-0.000000000000000000e+00,1.916942506991295536e+00,-3.971718942042262168e-01,-2.582836535540924960e-01,-1.570079965951232948e-01,-0.000000000000000000e+00,-0.000000000000000000e+00,-7.769585413956671405e-02,-2.262538231921572551e-01,-0.000000000000000000e+00,-2.560545219379019022e-01,-0.000000000000000000e+00,-0.000000000000000000e+00,-0.000000000000000000e+00,-0.000000000000000000e+00,-0.000000000000000000e+00,-7.028363163837363092e-02,-0.000000000000000000e+00
-3.916710998916005104e-02,-0.000000000000000000e+00,-0.000000000000000000e+00,0.000000000000000000e+00,-0.000000000000000000e+00,-3.179261201101371559e-01,-0.000000000000000000e+00,0.000000000000000000e+00,-0.000000000000000000e+00,-0.000000000000000000e+00,-1.355807215260813603e-01,0.000000000000000000e+00,-0.000000000000000000e+00,-1.719258392559697424e-01,-0.000000000000000000e+00,-0.000000000000000000e+00,-0.000000000000000000e+00,-0.000000000000000000e+00,-0.000000000000000000e+00,-0.000000000000000000e+00,-0.000000000000000000e+00,-0.000000000000000000e+00,-3.971718942042262168e-01,1.728556995803714358e+00,-2.716315722568683477e-01,-7.088367875903829607e-02,-0.000000000000000000e+00,-0.000000000000000000e+00,-2.713518072348677923e-01,-2.291379838463351165e-02,-0.000000000000000000e+00,-1.244843004714180773e-02,-0.000000000000000000e+00,-0.000000000000000000e+00,-0.000000000000000000e+00,-0.000000000000000000e+00,-0.000000000000000000e+00,-0.000000000000000000e+00,0.000000000000000000e+00
-1.305268702739121323e-01,-5.763044908720725557e-02,-1.168862146847355066e-01,-0.000000000000000000e+00,-4.790436365153884213e-02,-1.970807425859824324e-01,0.000000000000000000e+00,0.000000000000000000e+00,-2.744405740715416542e-02,-2.992832302536156397e-01,-0.000000000000000000e+00,-0.000000000000000000e+00,-0.000000000000000000e+00,-1.653527333315877312e-01,-0.000000000000000000e+00,-8.661026844505519129e-02,-0.000000000000000000e+00,-5.015668076159335298e-02,-2.471494685644481243e-02,-3.634330160290546313e-02,0.000000000000000000e+00,-0.000000000000000000e+00,-2.582836535540924960e-01,-2.716315722568683477e-01,1.745637157600520517e+00,-0.000000000000000000e+00,-0.000000000000000000e+00,-0.000000000000000000e+00,-0.000000000000000000e+00,-1.792463373587694503e-02,0.000000000000000000e+00,-0.000000000000000000e+00,-0.000000000000000000e+00,-0.000000000000000000e+00,-0.000000000000000000e+00,-0.000000000000000000e+00,-0.000000000000000000e+00,-0.000000000000000000e+00,-0.000000000000000000e+00
-0.000000000000000000e+00,0.000000000000000000e+00,-0.000000000000000000e+00,0.000000000000000000e+00,-0.000000000000000000e+00,-0.000000000000000000e+00,-0.000000000000000000e+00,0.000000000000000000e+00,0.000000000000000000e+00,-0.000000000000000000e+00,-1.156342624489483696e-02,3.638578030440945549e-02,-0.000000000000000000e+00,-0.000000000000000000e+00,0.000000000000000000e+00,-0.000000000000000000e+00,-0.000000000000000000e+00,0.000000000000000000e+00,0.000000000000000000e+00,-0.000000000000000000e+00,-4.052261276608475349e-01,-5.945750418185514335e-02,-1.570079965951232948e-01,-7.088367875903829607e-02,-0.000000000000000000e+00,2.110321039875476146e+00,-0.000000000000000000e+00,-2.952522806935526378e-01,-5.945798441025288428e-01,-0.000000000000000000e+00,-0.000000000000000000e+00,-0.000000000000000000e+00,-1.835787640844318835e-01,0.000000000000000000e+00,-2.446688826973217601e-01,0.000000000000000000e+00,-0.000000000000000000e+00,-0.000000000000000000e+00,5.420221775237965556e-02
-0.000000000000000000e+00,-0.000000000000000000e+00,-0.000000000000000000e+00,0.000000000000000000e+00,-3.690946819988661504e-02,-0.000000000000000000e+00,-0.000000000000000000e+00,0.000000000000000000e+00,-0.000000000000000000e+00,-1.331974663523355917e-01,-6.448133154804625011e-02,-0.000000000000000000e+00,0.000000000000000000e+00,-2.404402499066272958e-01,0.000000000000000000e+00,-0.000000000000000000e+00,-0.000000000000000000e+00,-0.000000000000000000e+00,-0.000000000000000000e+00,-0.000000000000000000e+00,-0.000000000000000000e+00,-0.000000000000000000e+00,-0.000000000000000000e+00,-0.000000000000000000e+00,-0.000000000000000000e+00,-0.000000000000000000e+00,1.416764229816467102e+00,-0.000000000000000000e+00,-0.000000000000000000e+00,-0.000000000000000000e+00,-5.410343364744820555e-02,-3.091835670422264926e-01,-1.780107226588893976e-01,-0.000000000000000000e+00,-0.000000000000000000e+00,-0.000000000000000000e+00,-1.874753568162259298e-01,-0.000000000000000000e+00,-0.000000000000000000e+00
0.000000000000000000e+00,0.000000000000000000e+00,-0.000000000000000000e+00,0.000000000000000000e+00,-0.000000000000000000e+00,-0.000000000000000000e+00,-1.011242272443072659e-01,0.000000000000000000e+00,0.000000000000000000e+00,0.000000000000000000e+00,-1.113778595150626549e-01,0.000000000000000000e+00,-2.030901518916705395e-01,-0.000000000000000000e+00,0.000000000000000000e+00,-0.000000000000000000e+00,-0.000000000000000000e+00,0.000000000000000000e+00,0.000000000000000000e+00,-0.000000000000000000e+00,-5.174469703694238865e-01,-3.420725486784507163e-01,-0.000000000000000000e+00,-0.000000000000000000e+00,-0.000000000000000000e+00,-2.952522806935526378e-01,-0.000000000000000000e+00,2.242650453169444003e+00,-1.078858614451647657e-01,-0.000000000000000000e+00,-2.308511570077395603e-02,-0.000000000000000000e+00,-5.227295018314670472e-01,0.000000000000000000e+00,-7.631718817527995136e-02,0.000000000000000000e+00,-0.000000000000000000e+00,0.000000000000000000e+00,0.000000000000000000e+00
-0.000000000000000000e+00,0.000000000000000000e+00,-0.000000000000000000e+00,0.000000000000000000e+00,-0.000000000000000000e+00,-2.438570552241562384e-01,-0.000000000000000000e+00,0.000000000000000000e+00,0.000000000000000000e+00,-0.000000000000000000e+00,-2.208600588949986288e-01,0.000000000000000000e+00,-0.000000000000000000e+00,-0.000000000000000000e+00,0.000000000000000000e+00,-0.000000000000000000e+00,-0.000000000000000000e+00,0.000000000000000000e+00,0.000000000000000000e+00,-0.000000000000000000e+00,-0.000000000000000000e+00,-0.000000000000000000e+00,-7.769585413956671405e-02,-2.713518072348677923e-01,-0.000000000000000000e+00,-5.945798441025288428e-01,-0.000000000000000000e+00,-1.078858614451647657e-01,1.981572117779186959e+00,-0.000000000000000000e+00,-0.000000000000000000e+00,-1.208138890583828756e-01,-1.147879806388991120e-01,0.000000000000000000e+00,-3.464367429367213314e-01,-0.000000000000000000e+00,-0.000000000000000000e+00,-0.000000000000000000e+00,0.000000000000000000e+00
-2.172899679398839212e-01,-0.000000000000000000e+00,-0.000000000000000000e+00,-0.000000000000000000e+00,-7.339667243929622054e-02,-1.109223786479957008e-01,0.000000000000000000e+00,0.000000000000000000e+00,-0.000000000000000000e+00,-3.450035405423438895e-01,-0.000000000000000000e+00,-0.000000000000000000e+00,0.000000000000000000e+00,-7.450838626517750085e-02,-0.000000000000000000e+00,-4.254084515889481333e-01,-0.000000000000000000e+00,-0.000000000000000000e+00,-0.000000000000000000e+00,-0.000000000000000000e+00,-0.000000000000000000e+00,-0.000000000000000000e+00,-2.262538231921572551e-01,-2.291379838463351165e-02,-1.792463373587694503e-02,-0.000000000000000000e+00,-0.000000000000000000e+00,-0.000000000000000000e+00,-0.000000000000000000e+00,1.704052534522182194e+00,0.000000000000000000e+00,-0.000000000000000000e+00,-0.000000000000000000e+00,-0.000000000000000000e+00,-0.000000000000000000e+00,-0.000000000000000000e+00,-0.000000000000000000e+00,-0.000000000000000000e+00,-0.000000000000000000e+00
0.000000000000000000e+00,0.000000000000000000e+00,0.000000000000000000e+00,2.199199467454299728e-01,0.000000000000000000e+00,0.000000000000000000e+00,-4.482348656234078771e-02,0.000000000000000000e+00,5.794591710529600412e-03,0.000000000000000000e+00,-0.000000000000000000e+00,0.000000000000000000e+00,-0.000000000000000000e+00,-0.000000000000000000e+00,4.074280664325231061e-01,-0.000000000000000000e+00,0.000000000000000000e+00,4.886708015564369262e-02,0.000000000000000000e+00,0.000000000000000000e+00,-2.440926173278181732e-01,-2.657500395384313624e-02,-0.000000000000000000e+00,-0.000000000000000000e+00,0.000000000000000000e+00,-0.000000000000000000e+00,-5.410343364744820555e-02,-2.308511570077395603e-02,-0.000000000000000000e+00,0.000000000000000000e+00,2.174111946143898688e+00,-0.000000000000000000e+00,-4.194493478993026048e-01,1.519832209840238646e-01,-1.560872361176803558e-01,0.000000000000000000e+00,-4.590311614718733391e-01,0.000000000000000000e+00,0.000000000000000000e+00
-0.000000000000000000e+00,-0.000000000000000000e+00,-0.000000000000000000e+00,0.000000000000000000e+00,-0.000000000000000000e+00,-0.000000000000000000e+00,-0.000000000000000000e+00,0.000000000000000000e+00,-0.000000000000000000e+00,-0.000000000000000000e+00,-5.616386746329676133e-02,-0.000000000000000000e+00,-0.000000000000000000e+00,-2.700878538830310815e-01,-0.000000000000000000e+00,-0.000000000000000000e+00,-2.023946848632931506e-01,0.000000000000000000e+00,0.000000000000000000e+00,-0.000000000000000000e+00,-0.000000000000000000e+00,-7.785143201825983628e-02,-2.560545219379019022e-01,-1.244843004714180773e-02,-0.000000000000000000e+00,-0.000000000000000000e+00,-3.091835670422264926e-01,-0.000000000000000000e+00,-1.208138890583828756e-01,-0.000000000000000000e+00,-0.000000000000000000e+00,1.674913536201506847e+00,-6.944729828714504838e-02,0.000000000000000000e+00,-0.000000000000000000e+00,-0.000000000000000000e+00,-3.376774113245613052e-01,-0.000000000000000000e+00,-0.000000000000000000e+00
0.000000000000000000e+00,0.000000000000000000e+00,-0.000000000000000000e+00,4.838650622251705613e-02,-0.000000000000000000e+00,-0.000000000000000000e+00,-0.000000000000000000e+00,0.000000000000000000e+00,0.000000000000000000e+00,-0.000000000000000000e+00,-9.304307605430407746e-02,0.000000000000000000e+00,-0.000000000000000000e+00,-0.000000000000000000e+00,0.000000000000000000e+00,-0.000000000000000000e+00,-0.000000000000000000e+00,0.000000000000000000e+00,0.000000000000000000e+00,-0.000000000000000000e+00,-3.165329026818572422e-01,-1.188016852159576447e-01,-0.000000000000000000e+00,-0.000000000000000000e+00,-0.000000000000000000e+00,-1.835787640844318835e-01,-1.780107226588893976e-01,-5.227295018314670472e-01,-1.147879806388991120e-01,-0.000000000000000000e+00,-4.194493478993026048e-01,-6.944729828714504838e-02,2.268200805291189059e+00,0.000000000000000000e+00,-6.033363866703665007e-02,0.000000000000000000e+00,-2.529458302070264897e-01,0.000000000000000000e+00,0.000000000000000000e+00
-4.044985926600144083e-02,-1.855155107498629441e-01,-2.831560994728449798e-01,-1.020233617932382320e-01,-8.290395300733438555e-02,-0.000000000000000000e+00,1.019089269783796242e-01,0.000000000000000000e+00,-5.699946184702113783e-01,-0.000000000000000000e+00,0.000000000000000000e+00,-1.538362860914657404e-01,1.319488511624803545e-02,-0.000000000000000000e+00,-1.257066368993041139e-01,-0.000000000000000000e+00,-0.000000000000000000e+00,-2.586083407279680113e-01,-1.138559315663088961e-01,-0.000000000000000000e+00,3.059333511354792728e-02,0.000000000000000000e+00,-0.000000000000000000e+00,-0.000000000000000000e+00,-0.000000000000000000e+00,0.000000000000000000e+00,-0.000000000000000000e+00,0.000000000000000000e+00,0.000000000000000000e+00,-0.000000000000000000e+00,1.519832209840238646e-01,0.000000000000000000e+00,0.000000000000000000e+00,2.492512029410637986e+00,6.690904962712694581e-02,-0.000000000000000000e+00,0.000000000000000000e+00,-9.002663163152714587e-02,-3.182210368527966793e-01
0.000000000000000000e+00,0.000000000000000000e+00,0.000000000000000000e+00,2.324780885676145659e-01,0.000000000000000000e+00,-0.000000000000000000e+00,-0.000000000000000000e+00,0.000000000000000000e+00,0.000000000000000000e+00,0.000000000000000000e+00,-0.000000000000000000e+00,2.445562497413301395e-01,-0.000000000000000000e+00,-0.000000000000000000e+00,1.279841766814196757e-01,-0.000000000000000000e+00,-0.000000000000000000e+00,0.000000000000000000e+00,2.778300113076095923e-02,0.000000000000000000e+00,-2.408895826841981336e-01,-9.516536403006578548e-02,-0.000000000000000000e+00,-0.000000000000000000e+00,-0.000000000000000000e+00,-2.446688826973217601e-01,-0.000000000000000000e+00,-7.631718817527995136e-02,-3.464367429367213314e-01,-0.000000000000000000e+00,-1.560872361176803558e-01,-0.000000000000000000e+00,-6.033363866703665007e-02,6.690904962712694581e-02,2.168760137134626564e+00,0.000000000000000000e+00,-3.093649552883897536e-01,0.000000000000000000e+00,9.000660967378908139e-02
-0.000000000000000000e+00,-1.052681045389927822e-01,-0.000000000000000000e+00,-0.000000000000000000e+00,-0.000000000000000000e+00,-0.000000000000000000e+00,-0.000000000000000000e+00,0.000000000000000000e+00,-0.000000000000000000e+00,-3.205422823797532406e-01,-0.000000000000000000e+00,-9.487596700094144686e-02,0.000000000000000000e+00,-1.409607565124208206e-01,-0.000000000000000000e+00,-1.930187455148514586e-01,-0.000000000000000000e+00,-4.894348905798623361e-03,-5.923634163701569331e-03,-1.315580287098299939e-01,0.000000000000000000e+00,-0.000000000000000000e+00,-0.000000000000000000e+00,-0.000000000000000000e+00,-0.000000000000000000e+00,0.000000000000000000e+00,-0.000000000000000000e+00,0.000000000000000000e+00,-0.000000000000000000e+00,-0.000000000000000000e+00,0.000000000000000000e+00,-0.000000000000000000e+00,0.000000000000000000e+00,-0.000000000000000000e+00,0.000000000000000000e+00,1.360284254791493286e+00,-0.000000000000000000e+00,-0.000000000000000000e+00,-8.303830495258048006e-03
0.000000000000000000e+00,0.000000000000000000e+00,0.000000000000000000e+00,0.000000000000000000e+00,-0.000000000000000000e+00,-0.000000000000000000e+00,-7.816659470049681924e-02,0.000000000000000000e+00,0.000000000000000000e+00,-0.000000000000000000e+00,-1.644758572724877854e-01,0.000000000000000000e+00,-0.000000000000000000e+00,-0.000000000000000000e+00,0.000000000000000000e+00,-0.000000000000000000e+00,-0.000000000000000000e+00,0.000000000000000000e+00,0.000000000000000000e+00,-0.000000000000000000e+00,-0.000000000000000000e+00,-1.265399662014059512e-01,-0.000000000000000000e+00,-0.000000000000000000e+00,-0.000000000000000000e+00,-0.000000000000000000e+00,-1.874753568162259298e-01,-0.000000000000000000e+00,-0.000000000000000000e+00,-0.000000000000000000e+00,-4.590311614718733391e-01,-3.376774113245613052e-01,-2.529458302070264897e-01,0.000000000000000000e+00,-3.093649552883897536e-01,-0.000000000000000000e+00,1.896965554314877345e+00,0.000000000000000000e+00,0.000000000000000000e+00
-1.163914219133001804e-01,-0.000000000000000000e+00,-3.456034595168261392e-02,-0.000000000000000000e+00,-0.000000000000000000e+00,-0.000000000000000000e+00,0.000000000000000000e+00,0.000000000000000000e+00,-1.211995473262926226e-01,-0.000000000000000000e+00,-0.000000000000000000e+00,-0.000000000000000000e+00,0.000000000000000000e+00,-0.000000000000000000e+00,-3.616026360717172067e-02,-0.000000000000000000e+00,-0.000000000000000000e+00,-3.830374638089986683e-01,-1.653971382571279014e-01,-0.000000000000000000e+00,0.000000000000000000e+00,0.000000000000000000e+00,-7.028363163837363092e-02,-0.000000000000000000e+00,-0.000000000000000000e+00,-0.000000000000000000e+00,-0.000000000000000000e+00,0.000000000000000000e+00,-0.000000000000000000e+00,-0.000000000000000000e+00,0.000000000000000000e+00,-0.000000000000000000e+00,0.000000000000000000e+00,-9.002663163152714587e-02,0.000000000000000000e+00,-0.000000000000000000e+00,0.000000000000000000e+00,1.433402141537337693e+00,-0.000000000000000000e+00
-0.000000000000000000e+00,-4.618330474828548082e-01,-0.000000000000000000e+00,-5.319621854475173328e-02,-0.000000000000000000e+00,0.000000000000000000e+00,8.143697420618693783e-02,0.000000000000000000e+00,-3.655304098985893702e-01,-0.000000000000000000e+00,0.000000000000000000e+00,-5.640688077699559377e-01,4.827932269342861266e-02,-0.000000000000000000e+00,-0.000000000000000000e+00,-0.000000000000000000e+00,-0.000000000000000000e+00,-0.000000000000000000e+00,-2.270190337515590462e-01,-0.000000000000000000e+00,1.980958384665715555e-01,0.000000000000000000e+00,-0.000000000000000000e+00,0.000000000000000000e+00,-0.000000000000000000e+00,5.420221775237965556e-02,-0.000000000000000000e+00,0.000000000000000000e+00,0.000000000000000000e+00,-0.000000000000000000e+00,0.000000000000000000e+00,-0.000000000000000000e+00,0.000000000000000000e+00,-3.182210368527966793e-01,9.000660967378908139e-02,-8.303830495258048006e-03,0.000000000000000000e+00,-0.000000000000000000e+00,2.411418200741644036e+00
