2.289214945566262482e+00,-1.720152319611582270e-01,-0.000000000000000000e+00,-0.000000000000000000e+00,-1.856202070707815566e-01,0.000000000000000000e+00,-0.000000000000000000e+00,0.000000000000000000e+00,-1.484802159816879796e-01,-3.147322612143181875e-01,-0.000000000000000000e+00,-0.000000000000000000e+00,0.000000000000000000e+00,-8.832311907043902122e-02,0.000000000000000000e+00,-6.046085577535325467e-02,-0.000000000000000000e+00,0.000000000000000000e+00,-0.000000000000000000e+00,0.000000000000000000e+00,-0.000000000000000000e+00,-0.000000000000000000e+00,-2.898814943386752163e-01,-0.000000000000000000e+00,-1.288406658344076472e-01,-4.281468508725560507e-01,-0.000000000000000000e+00,-0.000000000000000000e+00,-0.000000000000000000e+00,-5.339103123368433845e-01,-1.375037858593153653e-02,-0.000000000000000000e+00,-0.000000000000000000e+00,-2.542509379666089975e-02,0.000000000000000000e+00,-0.000000000000000000e+00,-0.000000000000000000e+00,-0.000000000000000000e+00,-0.000000000000000000e+00
-1.720152319611582270e-01,2.351532537375091714e+00,0.000000000000000000e+00,-0.000000000000000000e+00,-3.779751578738029666e-02,0.000000000000000000e+00,-0.000000000000000000e+00,-0.000000000000000000e+00,-0.000000000000000000e+00,-2.348808582769194575e-01,-0.000000000000000000e+00,-0.000000000000000000e+00,3.049134178135736173e-01,-0.000000000000000000e+00,0.000000000000000000e+00,-4.809070935058025742e-01,-0.000000000000000000e+00,0.000000000000000000e+00,0.000000000000000000e+00,0.000000000000000000e+00,0.000000000000000000e+00,-4.393897161828087539e-01,-1.760924583437825652e-01,-0.000000000000000000e+00,-5.283016861604155484e-02,-0.000000000000000000e+00,-0.000000000000000000e+00,-3.672046322837562576e-02,-0.000000000000000000e+00,-2.227772363930766997e-01,-1.063797302968537278e-01,-0.000000000000000000e+00,-0.000000000000000000e+00,-0.000000000000000000e+00,9.830532860392257599e-02,-0.000000000000000000e+00,0.000000000000000000e+00,0.000000000000000000e+00,-1.495106482915840307e-01
-0.000000000000000000e+00,0.000000000000000000e+00,2.730809685388090102e+00,7.804546665186931631e-02,0.000000000000000000e+00,-0.000000000000000000e+00,0.000000000000000000e+00,1.563013288760969344e+00,0.000000000000000000e+00,0.000000000000000000e+00,-0.000000000000000000e+00,0.000000000000000000e+00,-0.000000000000000000e+00,-0.000000000000000000e+00,-3.585114957468343855e-02,0.000000000000000000e+00,-0.000000000000000000e+00,-0.000000000000000000e+00,-2.470087897332940916e-02,5.987122906427158608e-02,-3.279946948409644819e-02,1.214920031132753347e-01,0.000000000000000000e+00,-8.610418812564113455e-02,-0.000000000000000000e+00,-2.206811292238127220e-01,-2.530261427555033360e-01,0.000000000000000000e+00,-2.364571026305552909e-02,-0.000000000000000000e+00,-1.700935009683396948e-01,0.000000000000000000e+00,1.742913564658482017e-01,-0.000000000000000000e+00,-2.092586442580613715e-01,0.000000000000000000e+00,-0.000000000000000000e+00,0.000000000000000000e+00,1.287860598964500336e-01
-0.000000000000000000e+00,-0.000000000000000000e+00,7.804546665186931631e-02,1.917553112529601256e+00,-7.293338234353166638e-02,0.000000000000000000e+00,-1.518241351747881551e-01,-1.050679053034069971e-01,-0.000000000000000000e+00,-0.000000000000000000e+00,0.000000000000000000e+00,-3.667082089915432719e-01,1.293532598199170248e-02,-0.000000000000000000e+00,4.901288078688640359e-01,-0.000000000000000000e+00,-0.000000000000000000e+00,0.000000000000000000e+00,1.210506651913463988e-01,-0.000000000000000000e+00,0.000000000000000000e+00,-1.239286166015203805e-01,-0.000000000000000000e+00,0.000000000000000000e+00,-0.000000000000000000e+00,0.000000000000000000e+00,0.000000000000000000e+00,-0.000000000000000000e+00,0.000000000000000000e+00,-0.000000000000000000e+00,0.000000000000000000e+00,-0.000000000000000000e+00,-1.668473633507421283e-01,-0.000000000000000000e+00,1.326666064482381335e-01,-0.000000000000000000e+00,0.000000000000000000e+00,-0.000000000000000000e+00,-2.205989389230159359e-01
-1.856202070707815566e-01,-3.779751578738029666e-02,0.000000000000000000e+00,-7.293338234353166638e-02,2.538478271516758866e+00,0.000000000000000000e+00,-9.703038627762759771e-02,-0.000000000000000000e+00,-4.675495086680458989e-01,-0.000000000000000000e+00,-0.000000000000000000e+00,-0.000000000000000000e+00,4.037020855844677403e-01,-3.652569394658924384e-01,0.000000000000000000e+00,-1.287888293183582777e-01,-0.000000000000000000e+00,0.000000000000000000e+00,0.000000000000000000e+00,-0.000000000000000000e+00,0.000000000000000000e+00,-0.000000000000000000e+00,-0.000000000000000000e+00,-0.000000000000000000e+00,-0.000000000000000000e+00,-0.000000000000000000e+00,-0.000000000000000000e+00,-0.000000000000000000e+00,0.000000000000000000e+00,-1.972678801729486620e-01,-9.250230345222940076e-02,-0.000000000000000000e+00,-1.199526683486316081e-01,-4.447337850464564424e-01,0.000000000000000000e+00,-0.000000000000000000e+00,0.000000000000000000e+00,-0.000000000000000000e+00,-7.401900031693742221e-02
0.000000000000000000e+00,0.000000000000000000e+00,-0.000000000000000000e+00,0.000000000000000000e+00,0.000000000000000000e+00,1.223906428736161400e+00,4.339559480407650244e-02,0.000000000000000000e+00,0.000000000000000000e+00,0.000000000000000000e+00,-0.000000000000000000e+00,0.000000000000000000e+00,-0.000000000000000000e+00,0.000000000000000000e+00,-0.000000000000000000e+00,0.000000000000000000e+00,-0.000000000000000000e+00,-6.220892103120890387e-02,-0.000000000000000000e+00,0.000000000000000000e+00,-0.000000000000000000e+00,0.000000000000000000e+00,5.748890171934449567e-02,-0.000000000000000000e+00,2.430279659068347586e-01,-0.000000000000000000e+00,-0.000000000000000000e+00,0.000000000000000000e+00,-5.797093322407290659e-03,0.000000000000000000e+00,0.000000000000000000e+00,-1.474608210066256364e-01,0.000000000000000000e+00,0.000000000000000000e+00,-2.252252062483862949e-01,-0.000000000000000000e+00,-1.914191527389247915e-01,-0.000000000000000000e+00,0.000000000000000000e+00
-0.000000000000000000e+00,-0.000000000000000000e+00,0.000000000000000000e+00,-1.518241351747881551e-01,-9.703038627762759771e-02,4.339559480407650244e-02,1.611369677888570662e+00,-0.000000000000000000e+00,-9.454411159200772075e-02,-0.000000000000000000e+00,0.000000000000000000e+00,-0.000000000000000000e+00,5.594310060557821512e-02,-0.000000000000000000e+00,0.000000000000000000e+00,-5.098483645319693697e-02,-0.000000000000000000e+00,0.000000000000000000e+00,0.000000000000000000e+00,-0.000000000000000000e+00,3.196956532682443952e-01,-0.000000000000000000e+00,-8.980524445751787710e-02,0.000000000000000000e+00,-0.000000000000000000e+00,-0.000000000000000000e+00,-0.000000000000000000e+00,0.000000000000000000e+00,3.252167803528641793e-02,-0.000000000000000000e+00,-0.000000000000000000e+00,-0.000000000000000000e+00,-0.000000000000000000e+00,-8.867798299289271491e-02,1.106572799671386581e-01,-1.192887922703609188e-01,0.000000000000000000e+00,-0.000000000000000000e+00,-2.701045047280383193e-01
0.000000000000000000e+00,-0.000000000000000000e+00,1.563013288760969344e+00,-1.050679053034069971e-01,-0.000000000000000000e+00,0.000000000000000000e+00,-0.000000000000000000e+00,2.811331858083567337e+00,-0.000000000000000000e+00,-0.000000000000000000e+00,0.000000000000000000e+00,-3.095502148956215671e-01,0.000000000000000000e+00,0.000000000000000000e+00,2.150951937039306729e-03,-0.000000000000000000e+00,0.000000000000000000e+00,0.000000000000000000e+00,0.000000000000000000e+00,-3.262903280447985305e-02,1.322782959593716001e-01,-8.828295658638717069e-02,-0.000000000000000000e+00,0.000000000000000000e+00,0.000000000000000000e+00,1.798751703978136718e-01,1.647306010032090484e-01,-0.000000000000000000e+00,0.000000000000000000e+00,0.000000000000000000e+00,3.787129157122105100e-02,-1.238311773880400313e-02,-1.427851155566830510e-01,0.000000000000000000e+00,1.217567866916219599e-01,-0.000000000000000000e+00,0.000000000000000000e+00,-0.000000000000000000e+00,-2.300320170421943644e-01
-1.484802159816879796e-01,-0.000000000000000000e+00,0.000000000000000000e+00,-0.000000000000000000e+00,-4.675495086680458989e-01,0.000000000000000000e+00,-9.454411159200772075e-02,-0.000000000000000000e+00,2.942999700590858136e+00,-0.000000000000000000e+00,-0.000000000000000000e+00,-2.066258134640563127e-01,1.312063019141672914e-02,-3.755739460690222797e-01,0.000000000000000000e+00,-1.328062530351968307e-01,-0.000000000000000000e+00,0.000000000000000000e+00,0.000000000000000000e+00,-0.000000000000000000e+00,0.000000000000000000e+00,-0.000000000000000000e+00,-3.613430595153901415e-01,-0.000000000000000000e+00,-0.000000000000000000e+00,-0.000000000000000000e+00,-0.000000000000000000e+00,-0.000000000000000000e+00,0.000000000000000000e+00,-2.319545620868287694e-01,-0.000000000000000000e+00,-0.000000000000000000e+00,-1.936536314357376609e-01,-5.184878339758933752e-01,0.000000000000000000e+00,-3.864618705689902567e-02,0.000000000000000000e+00,-3.561544731199580566e-02,-4.259489974053315975e-01
-3.147322612143181875e-01,-2.348808582769194575e-01,0.000000000000000000e+00,-0.000000000000000000e+00,-0.000000000000000000e+00,0.000000000000000000e+00,-0.000000000000000000e+00,-0.000000000000000000e+00,-0.000000000000000000e+00,2.195907410422167416e+00,-0.000000000000000000e+00,-0.000000000000000000e+00,0.000000000000000000e+00,-2.732725675385194383e-02,0.000000000000000000e+00,-8.726576759280422202e-01,-0.000000000000000000e+00,0.000000000000000000e+00,-0.000000000000000000e+00,-0.000000000000000000e+00,0.000000000000000000e+00,-0.000000000000000000e+00,-3.025217808522842611e-02,-6.576465141206142007e-02,-2.605244055765771893e-01,-0.000000000000000000e+00,-2.282415698346444786e-03,-0.000000000000000000e+00,-5.935296187586545230e-02,-1.605987828430851527e-01,-6.080745105186174254e-02,-0.000000000000000000e+00,-0.000000000000000000e+00,-0.000000000000000000e+00,0.000000000000000000e+00,-0.000000000000000000e+00,0.000000000000000000e+00,-0.000000000000000000e+00,-0.000000000000000000e+00
-0.000000000000000000e+00,-0.000000000000000000e+00,-0.000000000000000000e+00,0.000000000000000000e+00,-0.000000000000000000e+00,-0.000000000000000000e+00,0.000000000000000000e+00,0.000000000000000000e+00,-0.000000000000000000e+00,-0.000000000000000000e+00,1.202233800729411994e+00,0.000000000000000000e+00,-0.000000000000000000e+00,-0.000000000000000000e+00,-0.000000000000000000e+00,0.000000000000000000e+00,-3.847585297263084181e-01,-0.000000000000000000e+00,-0.000000000000000000e+00,0.000000000000000000e+00,-0.000000000000000000e+00,0.000000000000000000e+00,0.000000000000000000e+00,-1.177496044991310081e-01,0.000000000000000000e+00,-0.000000000000000000e+00,0.000000000000000000e+00,0.000000000000000000e+00,-1.118210231338856026e-01,-0.000000000000000000e+00,-0.000000000000000000e+00,-7.274629487027615971e-02,-0.000000000000000000e+00,-0.000000000000000000e+00,-0.000000000000000000e+00,0.000000000000000000e+00,-0.000000000000000000e+00,-4.348906212062521315e-02,-0.000000000000000000e+00
-0.000000000000000000e+00,-0.000000000000000000e+00,0.000000000000000000e+00,-3.667082089915432719e-01,-0.000000000000000000e+00,0.000000000000000000e+00,-0.000000000000000000e+00,-3.095502148956215671e-01,-2.066258134640563127e-01,-0.000000000000000000e+00,0.000000000000000000e+00,2.288644811324387351e+00,3.919348113289652935e-01,-0.000000000000000000e+00,0.000000000000000000e+00,-9.000449932586696011e-02,-0.000000000000000000e+00,0.000000000000000000e+00,4.875242280950629198e-02,-0.000000000000000000e+00,1.203659716419572950e-01,-2.589484283988119917e-01,-1.133896182667125246e-01,0.000000000000000000e+00,-0.000000000000000000e+00,0.000000000000000000e+00,0.000000000000000000e+00,-0.000000000000000000e+00,0.000000000000000000e+00,-0.000000000000000000e+00,-0.000000000000000000e+00,-0.000000000000000000e+00,-1.582158754208916884e-01,-0.000000000000000000e+00,4.953452975834253535e-02,-1.033441668089680604e-01,0.000000000000000000e+00,-0.000000000000000000e+00,-2.655479719321946486e-01
0.000000000000000000e+00,3.049134178135736173e-01,-0.000000000000000000e+00,1.293532598199170248e-02,4.037020855844677403e-01,-0.000000000000000000e+00,5.594310060557821512e-02,0.000000000000000000e+00,1.312063019141672914e-02,0.000000000000000000e+00,-0.000000000000000000e+00,3.919348113289652935e-01,2.355520155656015469e+00,0.000000000000000000e+00,-0.000000000000000000e+00,1.072447455661396792e-01,0.000000000000000000e+00,-6.690792582453992943e-02,-0.000000000000000000e+00,0.000000000000000000e+00,-1.742585435453196385e-02,4.938301853791019491e-01,0.000000000000000000e+00,-0.000000000000000000e+00,0.000000000000000000e+00,-0.000000000000000000e+00,-0.000000000000000000e+00,0.000000000000000000e+00,-0.000000000000000000e+00,0.000000000000000000e+00,0.000000000000000000e+00,0.000000000000000000e+00,0.000000000000000000e+00,0.000000000000000000e+00,-2.239662956895021872e-01,0.000000000000000000e+00,-6.999119882075985344e-02,0.000000000000000000e+00,3.184891906649027771e-01
-8.832311907043902122e-02,-0.000000000000000000e+00,-0.000000000000000000e+00,-0.000000000000000000e+00,-3.652569394658924384e-01,0.000000000000000000e+00,-0.000000000000000000e+00,0.000000000000000000e+00,-3.755739460690222797e-01,-2.732725675385194383e-02,-0.000000000000000000e+00,-0.000000000000000000e+00,0.000000000000000000e+00,2.276126115542397077e+00,0.000000000000000000e+00,-1.335325506280178598e-01,-1.639590056524456163e-01,0.000000000000000000e+00,-0.000000000000000000e+00,0.000000000000000000e+00,0.000000000000000000e+00,-0.000000000000000000e+00,-1.264068445039477906e-01,-3.757680951032791872e-01,-0.000000000000000000e+00,-0.000000000000000000e+00,-0.000000000000000000e+00,-0.000000000000000000e+00,-0.000000000000000000e+00,-2.090467804262339524e-01,-2.202019814508041629e-01,-2.397123176992704274e-01,-0.000000000000000000e+00,-1.274704518109375240e-01,-0.000000000000000000e+00,-1.365724787738688828e-01,-0.000000000000000000e+00,-0.000000000000000000e+00,-0.000000000000000000e+00
0.000000000000000000e+00,0.000000000000000000e+00,-3.585114957468343855e-02,4.901288078688640359e-01,0.000000000000000000e+00,-0.000000000000000000e+00,0.000000000000000000e+00,2.150951937039306729e-03,0.000000000000000000e+00,0.000000000000000000e+00,-0.000000000000000000e+00,0.000000000000000000e+00,-0.000000000000000000e+00,0.000000000000000000e+00,1.324223097399217730e+00,0.000000000000000000e+00,-0.000000000000000000e+00,1.149435794664304955e-01,-0.000000000000000000e+00,7.201596249667011063e-02,-0.000000000000000000e+00,0.000000000000000000e+00,0.000000000000000000e+00,-0.000000000000000000e+00,0.000000000000000000e+00,0.000000000000000000e+00,-1.535350206717589205e-01,8.807199889233642554e-02,-2.530765476511727136e-03,0.000000000000000000e+00,-1.051806110785149101e-01,0.000000000000000000e+00,0.000000000000000000e+00,-0.000000000000000000e+00,-1.262833593519745723e-01,-0.000000000000000000e+00,-0.000000000000000000e+00,1.968585371285371671e-02,0.000000000000000000e+00
-6.046085577535325467e-02,-4.809070935058025742e-01,0.000000000000000000e+00,-0.000000000000000000e+00,-1.287888293183582777e-01,0.000000000000000000e+00,-5.098483645319693697e-02,-0.000000000000000000e+00,-1.328062530351968307e-01,-8.726576759280422202e-01,0.000000000000000000e+00,-9.000449932586696011e-02,1.072447455661396792e-01,-1.335325506280178598e-01,0.000000000000000000e+00,2.752488344123193542e+00,-0.000000000000000000e+00,0.000000000000000000e+00,-0.000000000000000000e+00,-0.000000000000000000e+00,0.000000000000000000e+00,-0.000000000000000000e+00,-5.187245513934417573e-01,-0.000000000000000000e+00,-2.062614457756412611e-01,-0.000000000000000000e+00,-0.000000000000000000e+00,-0.000000000000000000e+00,-0.000000000000000000e+00,-0.000000000000000000e+00,-8.624975600833331701e-02,-0.000000000000000000e+00,-0.000000000000000000e+00,-0.000000000000000000e+00,0.000000000000000000e+00,-0.000000000000000000e+00,0.000000000000000000e+00,-0.000000000000000000e+00,-0.000000000000000000e+00
-0.000000000000000000e+00,-0.000000000000000000e+00,-0.000000000000000000e+00,-0.000000000000000000e+00,-0.000000000000000000e+00,-0.000000000000000000e+00,-0.000000000000000000e+00,0.000000000000000000e+00,-0.000000000000000000e+00,-0.000000000000000000e+00,-3.847585297263084181e-01,-0.000000000000000000e+00,0.000000000000000000e+00,-1.639590056524456163e-01,-0.000000000000000000e+00,-0.000000000000000000e+00,1.356190118979413439e+00,-0.000000000000000000e+00,-0.000000000000000000e+00,0.000000000000000000e+00,1.817671770516903623e-02,0.000000000000000000e+00,-0.000000000000000000e+00,-0.000000000000000000e+00,-0.000000000000000000e+00,-0.000000000000000000e+00,-0.000000000000000000e+00,0.000000000000000000e+00,-0.000000000000000000e+00,-0.000000000000000000e+00,-0.000000000000000000e+00,-3.004862246513865243e-01,-0.000000000000000000e+00,-0.000000000000000000e+00,-0.000000000000000000e+00,-6.605025622021132303e-02,-0.000000000000000000e+00,-1.189631789810993573e-01,-0.000000000000000000e+00
0.000000000000000000e+00,0.000000000000000000e+00,-0.000000000000000000e+00,0.000000000000000000e+00,0.000000000000000000e+00,-6.220892103120890387e-02,0.000000000000000000e+00,0.000000000000000000e+00,0.000000000000000000e+00,0.000000000000000000e+00,-0.000000000000000000e+00,0.000000000000000000e+00,-6.690792582453992943e-02,0.000000000000000000e+00,1.149435794664304955e-01,0.000000000000000000e+00,-0.000000000000000000e+00,1.326205647271640364e+00,-3.565933793057232126e-01,-0.000000000000000000e+00,-0.000000000000000000e+00,0.000000000000000000e+00,0.000000000000000000e+00,0.000000000000000000e+00,0.000000000000000000e+00,-0.000000000000000000e+00,0.000000000000000000e+00,-0.000000000000000000e+00,-0.000000000000000000e+00,0.000000000000000000e+00,0.000000000000000000e+00,-0.000000000000000000e+00,8.432037062872768662e-02,3.976392151328708713e-01,-0.000000000000000000e+00,0.000000000000000000e+00,-0.000000000000000000e+00,-4.096910576023985590e-02,0.000000000000000000e+00
-0.000000000000000000e+00,0.000000000000000000e+00,-2.470087897332940916e-02,1.210506651913463988e-01,0.000000000000000000e+00,-0.000000000000000000e+00,0.000000000000000000e+00,0.000000000000000000e+00,0.000000000000000000e+00,-0.000000000000000000e+00,-0.000000000000000000e+00,4.875242280950629198e-02,-0.000000000000000000e+00,-0.000000000000000000e+00,-0.000000000000000000e+00,-0.000000000000000000e+00,-0.000000000000000000e+00,-3.565933793057232126e-01,1.262547357429393724e+00,-0.000000000000000000e+00,-0.000000000000000000e+00,2.090162179512320417e-01,-0.000000000000000000e+00,-0.000000000000000000e+00,-0.000000000000000000e+00,-5.555949599767764924e-02,-1.291181986031934847e-01,0.000000000000000000e+00,-0.000000000000000000e+00,-0.000000000000000000e+00,-0.000000000000000000e+00,0.000000000000000000e+00,0.000000000000000000e+00,0.000000000000000000e+00,-0.000000000000000000e+00,0.000000000000000000e+00,-0.000000000000000000e+00,-0.000000000000000000e+00,0.000000000000000000e+00
0.000000000000000000e+00,0.000000000000000000e+00,5.987122906427158608e-02,-0.000000000000000000e+00,-0.000000000000000000e+00,0.000000000000000000e+00,-0.000000000000000000e+00,-3.262903280447985305e-02,-0.000000000000000000e+00,-0.000000000000000000e+00,0.000000000000000000e+00,-0.000000000000000000e+00,0.000000000000000000e+00,0.000000000000000000e+00,7.201596249667011063e-02,-0.000000000000000000e+00,0.000000000000000000e+00,-0.000000000000000000e+00,-0.000000000000000000e+00,1.017781212125131729e+00,0.000000000000000000e+00,-0.000000000000000000e+00,0.000000000000000000e+00,0.000000000000000000e+00,-0.000000000000000000e+00,0.000000000000000000e+00,0.000000000000000000e+00,-0.000000000000000000e+00,0.000000000000000000e+00,-0.000000000000000000e+00,1.939871160199350270e-02,-0.000000000000000000e+00,-0.000000000000000000e+00,0.000000000000000000e+00,0.000000000000000000e+00,0.000000000000000000e+00,0.000000000000000000e+00,-4.580697862778525600e-03,-0.000000000000000000e+00
-0.000000000000000000e+00,0.000000000000000000e+00,-3.279946948409644819e-02,0.000000000000000000e+00,0.000000000000000000e+00,-0.000000000000000000e+00,3.196956532682443952e-01,1.322782959593716001e-01,0.000000000000000000e+00,0.000000000000000000e+00,-0.000000000000000000e+00,1.203659716419572950e-01,-1.742585435453196385e-02,0.000000000000000000e+00,-0.000000000000000000e+00,0.000000000000000000e+00,1.817671770516903623e-02,-0.000000000000000000e+00,-0.000000000000000000e+00,0.000000000000000000e+00,1.437720094667736870e+00,0.000000000000000000e+00,0.000000000000000000e+00,-0.000000000000000000e+00,0.000000000000000000e+00,-9.248760861856974991e-02,-0.000000000000000000e+00,-3.628513883557958897e-01,-0.000000000000000000e+00,-0.000000000000000000e+00,-0.000000000000000000e+00,0.000000000000000000e+00,2.572330477972753493e-01,0.000000000000000000e+00,-0.000000000000000000e+00,7.497714808302942402e-02,-0.000000000000000000e+00,0.000000000000000000e+00,1.474590782180848145e-02
-0.000000000000000000e+00,-4.393897161828087539e-01,1.214920031132753347e-01,-1.239286166015203805e-01,-0.000000000000000000e+00,0.000000000000000000e+00,-0.000000000000000000e+00,-8.828295658638717069e-02,-0.000000000000000000e+00,-0.000000000000000000e+00,0.000000000000000000e+00,-2.589484283988119917e-01,4.938301853791019491e-01,-0.000000000000000000e+00,0.000000000000000000e+00,-0.000000000000000000e+00,0.000000000000000000e+00,0.000000000000000000e+00,2.090162179512320417e-01,-0.000000000000000000e+00,0.000000000000000000e+00,2.036590075600575034e+00,-0.000000000000000000e+00,0.000000000000000000e+00,-0.000000000000000000e+00,0.000000000000000000e+00,0.000000000000000000e+00,-3.623493092322053188e-01,0.000000000000000000e+00,-0.000000000000000000e+00,-0.000000000000000000e+00,-0.000000000000000000e+00,-2.721121856829757709e-03,-0.000000000000000000e+00,1.157862708334980173e-01,-0.000000000000000000e+00,0.000000000000000000e+00,0.000000000000000000e+00,-4.257105456453315340e-02
-2.898814943386752163e-01,-1.760924583437825652e-01,0.000000000000000000e+00,-0.000000000000000000e+00,-0.000000000000000000e+00,5.748890171934449567e-02,-8.980524445751787710e-02,-0.000000000000000000e+00,-3.613430595153901415e-01,-3.025217808522842611e-02,0.000000000000000000e+00,-1.133896182667125246e-01,0.000000000000000000e+00,-1.264068445039477906e-01,0.000000000000000000e+00,-5.187245513934417573e-01,-0.000000000000000000e+00,0.000000000000000000e+00,-0.000000000000000000e+00,0.000000000000000000e+00,0.000000000000000000e+00,-0.000000000000000000e+00,2.485582893135518834e+00,-0.000000000000000000e+00,-6.606133760760994900e-01,-0.000000000000000000e+00,-4.919440551848739546e-02,-0.000000000000000000e+00,-0.000000000000000000e+00,-0.000000000000000000e+00,-0.000000000000000000e+00,-0.000000000000000000e+00,-0.000000000000000000e+00,-1.196441822096238616e-01,0.000000000000000000e+00,-0.000000000000000000e+00,-0.000000000000000000e+00,0.000000000000000000e+00,-0.000000000000000000e+00
-0.000000000000000000e+00,-0.000000000000000000e+00,-8.610418812564113455e-02,0.000000000000000000e+00,-0.000000000000000000e+00,-0.000000000000000000e+00,0.000000000000000000e+00,0.000000000000000000e+00,-0.000000000000000000e+00,-6.576465141206142007e-02,-1.177496044991310081e-01,0.000000000000000000e+00,-0.000000000000000000e+00,-3.757680951032791872e-01,-0.000000000000000000e+00,-0.000000000000000000e+00,-0.000000000000000000e+00,0.000000000000000000e+00,-0.000000000000000000e+00,0.000000000000000000e+00,-0.000000000000000000e+00,0.000000000000000000e+00,-0.000000000000000000e+00,1.385341921033168555e+00,-0.000000000000000000e+00,-2.392160151264523249e-01,-1.014201066176900201e-01,-0.000000000000000000e+00,-5.273946003980720110e-02,-0.000000000000000000e+00,-7.022810126371382966e-02,-0.000000000000000000e+00,-0.000000000000000000e+00,-4.380739052019275853e-02,-0.000000000000000000e+00,-0.000000000000000000e+00,-1.778049085261392270e-01,-0.000000000000000000e+00,0.000000000000000000e+00
-1.288406658344076472e-01,-5.283016861604155484e-02,-0.000000000000000000e+00,-0.000000000000000000e+00,-0.000000000000000000e+00,2.430279659068347586e-01,-0.000000000000000000e+00,0.000000000000000000e+00,-0.000000000000000000e+00,-2.605244055765771893e-01,0.000000000000000000e+00,-0.000000000000000000e+00,0.000000000000000000e+00,-0.000000000000000000e+00,0.000000000000000000e+00,-2.062614457756412611e-01,-0.000000000000000000e+00,0.000000000000000000e+00,-0.000000000000000000e+00,-0.000000000000000000e+00,0.000000000000000000e+00,-0.000000000000000000e+00,-6.606133760760994900e-01,-0.000000000000000000e+00,1.904862822438530445e+00,-1.173232140325620489e-02,-1.699793260464826927e-01,-0.000000000000000000e+00,-0.000000000000000000e+00,-1.053438159934014101e-01,-0.000000000000000000e+00,-0.000000000000000000e+00,-0.000000000000000000e+00,-0.000000000000000000e+00,0.000000000000000000e+00,0.000000000000000000e+00,0.000000000000000000e+00,0.000000000000000000e+00,-0.000000000000000000e+00
-4.281468508725560507e-01,-0.000000000000000000e+00,-2.206811292238127220e-01,0.000000000000000000e+00,-0.000000000000000000e+00,-0.000000000000000000e+00,-0.000000000000000000e+00,1.798751703978136718e-01,-0.000000000000000000e+00,-0.000000000000000000e+00,-0.000000000000000000e+00,0.000000000000000000e+00,-0.000000000000000000e+00,-0.000000000000000000e+00,0.000000000000000000e+00,-0.000000000000000000e+00,-0.000000000000000000e+00,-0.000000000000000000e+00,-5.555949599767764924e-02,0.000000000000000000e+00,-9.248760861856974991e-02,0.000000000000000000e+00,-0.000000000000000000e+00,-2.392160151264523249e-01,-1.173232140325620489e-02,1.668210402649207946e+00,-3.011431354344513700e-01,-0.000000000000000000e+00,-0.000000000000000000e+00,-2.082355730595903398e-01,-1.303230178275437690e-01,-0.000000000000000000e+00,0.000000000000000000e+00,-0.000000000000000000e+00,-0.000000000000000000e+00,-0.000000000000000000e+00,-4.224516771735429416e-02,-4.105755684993361854e-02,0.000000000000000000e+00
-0.000000000000000000e+00,-0.000000000000000000e+00,-2.530261427555033360e-01,0.000000000000000000e+00,-0.000000000000000000e+00,-0.000000000000000000e+00,-0.000000000000000000e+00,1.647306010032090484e-01,-0.000000000000000000e+00,-2.282415698346444786e-03,0.000000000000000000e+00,0.000000000000000000e+00,-0.000000000000000000e+00,-0.000000000000000000e+00,-1.535350206717589205e-01,-0.000000000000000000e+00,-0.000000000000000000e+00,0.000000000000000000e+00,-1.291181986031934847e-01,0.000000000000000000e+00,-0.000000000000000000e+00,0.000000000000000000e+00,-4.919440551848739546e-02,-1.014201066176900201e-01,-1.699793260464826927e-01,-3.011431354344513700e-01,1.595968268452156336e+00,0.000000000000000000e+00,-0.000000000000000000e+00,-0.000000000000000000e+00,-4.006746265976302013e-01,0.000000000000000000e+00,0.000000000000000000e+00,-0.000000000000000000e+00,-0.000000000000000000e+00,-0.000000000000000000e+00,-7.940083212589871611e-03,0.000000000000000000e+00,0.000000000000000000e+00
-0.000000000000000000e+00,-3.672046322837562576e-02,0.000000000000000000e+00,-0.000000000000000000e+00,-0.000000000000000000e+00,0.000000000000000000e+00,0.000000000000000000e+00,-0.000000000000000000e+00,-0.000000000000000000e+00,-0.000000000000000000e+00,0.000000000000000000e+00,-0.000000000000000000e+00,0.000000000000000000e+00,-0.000000000000000000e+00,8.807199889233642554e-02,-0.000000000000000000e+00,0.000000000000000000e+00,-0.000000000000000000e+00,0.000000000000000000e+00,-0.000000000000000000e+00,-3.628513883557958897e-01,-3.623493092322053188e-01,-0.000000000000000000e+00,-0.000000000000000000e+00,-0.000000000000000000e+00,-0.000000000000000000e+00,0.000000000000000000e+00,1.198094262361994344e+00,-0.000000000000000000e+00,-0.000000000000000000e+00,-0.000000000000000000e+00,-0.000000000000000000e+00,-0.000000000000000000e+00,-0.000000000000000000e+00,0.000000000000000000e+00,-0.000000000000000000e+00,-0.000000000000000000e+00,0.000000000000000000e+00,-0.000000000000000000e+00
-0.000000000000000000e+00,-0.000000000000000000e+00,-2.364571026305552909e-02,0.000000000000000000e+00,0.000000000000000000e+00,-5.797093322407290659e-03,3.252167803528641793e-02,0.000000000000000000e+00,0.000000000000000000e+00,-5.935296187586545230e-02,-1.118210231338856026e-01,0.000000000000000000e+00,-0.000000000000000000e+00,-0.000000000000000000e+00,-2.530765476511727136e-03,-0.000000000000000000e+00,-0.000000000000000000e+00,-0.000000000000000000e+00,-0.000000000000000000e+00,0.000000000000000000e+00,-0.000000000000000000e+00,0.000000000000000000e+00,-0.000000000000000000e+00,-5.273946003980720110e-02,-0.000000000000000000e+00,-0.000000000000000000e+00,-0.000000000000000000e+00,-0.000000000000000000e+00,1.098332705573163981e+00,-6.591347045668226323e-02,-0.000000000000000000e+00,-6.260456503907482761e-02,0.000000000000000000e+00,0.000000000000000000e+00,-6.700009512583271487e-02,0.000000000000000000e+00,-2.003852957961151371e-01,-0.000000000000000000e+00,0.000000000000000000e+00
-5.339103123368433845e-01,-2.227772363930766997e-01,-0.000000000000000000e+00,-0.000000000000000000e+00,-1.972678801729486620e-01,0.000000000000000000e+00,-0.000000000000000000e+00,0.000000000000000000e+00,-2.319545620868287694e-01,-1.605987828430851527e-01,-0.000000000000000000e+00,-0.000000000000000000e+00,0.000000000000000000e+00,-2.090467804262339524e-01,0.000000000000000000e+00,-0.000000000000000000e+00,-0.000000000000000000e+00,0.000000000000000000e+00,-0.000000000000000000e+00,-0.000000000000000000e+00,-0.000000000000000000e+00,-0.000000000000000000e+00,-0.000000000000000000e+00,-0.000000000000000000e+00,-1.053438159934014101e-01,-2.082355730595903398e-01,-0.000000000000000000e+00,-0.000000000000000000e+00,-6.591347045668226323e-02,2.099682021584116765e+00,-0.000000000000000000e+00,-1.244809855419591604e-01,-0.000000000000000000e+00,-0.000000000000000000e+00,0.000000000000000000e+00,-0.000000000000000000e+00,-0.000000000000000000e+00,-1.425573357665039231e-01,-0.000000000000000000e+00
-1.375037858593153653e-02,-1.063797302968537278e-01,-1.700935009683396948e-01,0.000000000000000000e+00,-9.250230345222940076e-02,0.000000000000000000e+00,-0.000000000000000000e+00,3.787129157122105100e-02,-0.000000000000000000e+00,-6.080745105186174254e-02,-0.000000000000000000e+00,-0.000000000000000000e+00,0.000000000000000000e+00,-2.202019814508041629e-01,-1.051806110785149101e-01,-8.624975600833331701e-02,-0.000000000000000000e+00,0.000000000000000000e+00,-0.000000000000000000e+00,1.939871160199350270e-02,-0.000000000000000000e+00,-0.000000000000000000e+00,-0.000000000000000000e+00,-7.022810126371382966e-02,-0.000000000000000000e+00,-1.303230178275437690e-01,-4.006746265976302013e-01,-0.000000000000000000e+00,-0.000000000000000000e+00,-0.000000000000000000e+00,1.586359711690238150e+00,-0.000000000000000000e+00,0.000000000000000000e+00,-2.228150931701027848e-01,-0.000000000000000000e+00,-0.000000000000000000e+00,-0.000000000000000000e+00,0.000000000000000000e+00,-0.000000000000000000e+00
-0.000000000000000000e+00,-0.000000000000000000e+00,0.000000000000000000e+00,-0.000000000000000000e+00,-0.000000000000000000e+00,-1.474608210066256364e-01,-0.000000000000000000e+00,-1.238311773880400313e-02,-0.000000000000000000e+00,-0.000000000000000000e+00,-7.274629487027615971e-02,-0.000000000000000000e+00,0.000000000000000000e+00,-2.397123176992704274e-01,0.000000000000000000e+00,-0.000000000000000000e+00,-3.004862246513865243e-01,-0.000000000000000000e+00,0.000000000000000000e+00,-0.000000000000000000e+00,0.000000000000000000e+00,-0.000000000000000000e+00,-0.000000000000000000e+00,-0.000000000000000000e+00,-0.000000000000000000e+00,-0.000000000000000000e+00,0.000000000000000000e+00,-0.000000000000000000e+00,-6.260456503907482761e-02,-1.244809855419591604e-01,-0.000000000000000000e+00,1.559303671410052550e+00,-6.725743886355683987e-02,-0.000000000000000000e+00,-0.000000000000000000e+00,-7.259199799332025083e-02,-0.000000000000000000e+00,-7.035371367533910236e-02,-4.207430670092877634e-01
-0.000000000000000000e+00,-0.000000000000000000e+00,1.742913564658482017e-01,-1.668473633507421283e-01,-1.199526683486316081e-01,0.000000000000000000e+00,-0.000000000000000000e+00,-1.427851155566830510e-01,-1.936536314357376609e-01,-0.000000000000000000e+00,-0.000000000000000000e+00,-1.582158754208916884e-01,0.000000000000000000e+00,-0.000000000000000000e+00,0.000000000000000000e+00,-0.000000000000000000e+00,-0.000000000000000000e+00,8.432037062872768662e-02,0.000000000000000000e+00,-0.000000000000000000e+00,2.572330477972753493e-01,-2.721121856829757709e-03,-0.000000000000000000e+00,-0.000000000000000000e+00,-0.000000000000000000e+00,0.000000000000000000e+00,0.000000000000000000e+00,-0.000000000000000000e+00,0.000000000000000000e+00,-0.000000000000000000e+00,0.000000000000000000e+00,-6.725743886355683987e-02,1.776182443688999246e+00,-1.493732756127075234e-01,0.000000000000000000e+00,-0.000000000000000000e+00,0.000000000000000000e+00,-0.000000000000000000e+00,-2.389298177474489804e-01
-2.542509379666089975e-02,-0.000000000000000000e+00,-0.000000000000000000e+00,-0.000000000000000000e+00,-4.447337850464564424e-01,0.000000000000000000e+00,-8.867798299289271491e-02,0.000000000000000000e+00,-5.184878339758933752e-01,-0.000000000000000000e+00,-0.000000000000000000e+00,-0.000000000000000000e+00,0.000000000000000000e+00,-1.274704518109375240e-01,-0.000000000000000000e+00,-0.000000000000000000e+00,-0.000000000000000000e+00,3.976392151328708713e-01,0.000000000000000000e+00,0.000000000000000000e+00,0.000000000000000000e+00,-0.000000000000000000e+00,-1.196441822096238616e-01,-4.380739052019275853e-02,-0.000000000000000000e+00,-0.000000000000000000e+00,-0.000000000000000000e+00,-0.000000000000000000e+00,0.000000000000000000e+00,-0.000000000000000000e+00,-2.228150931701027848e-01,-0.000000000000000000e+00,-1.493732756127075234e-01,2.193505929226278628e+00,0.000000000000000000e+00,-2.344795472695363481e-01,0.000000000000000000e+00,-0.000000000000000000e+00,-0.000000000000000000e+00
0.000000000000000000e+00,9.830532860392257599e-02,-2.092586442580613715e-01,1.326666064482381335e-01,0.000000000000000000e+00,-2.252252062483862949e-01,1.106572799671386581e-01,1.217567866916219599e-01,0.000000000000000000e+00,0.000000000000000000e+00,-0.000000000000000000e+00,4.953452975834253535e-02,-2.239662956895021872e-01,-0.000000000000000000e+00,-1.262833593519745723e-01,0.000000000000000000e+00,-0.000000000000000000e+00,-0.000000000000000000e+00,-0.000000000000000000e+00,0.000000000000000000e+00,-0.000000000000000000e+00,1.157862708334980173e-01,0.000000000000000000e+00,-0.000000000000000000e+00,0.000000000000000000e+00,-0.000000000000000000e+00,-0.000000000000000000e+00,0.000000000000000000e+00,-6.700009512583271487e-02,0.000000000000000000e+00,-0.000000000000000000e+00,-0.000000000000000000e+00,0.000000000000000000e+00,0.000000000000000000e+00,1.913975137767129908e+00,-0.000000000000000000e+00,-6.818920045022259790e-01,-0.000000000000000000e+00,0.000000000000000000e+00
-0.000000000000000000e+00,-0.000000000000000000e+00,0.000000000000000000e+00,-0.000000000000000000e+00,-0.000000000000000000e+00,-0.000000000000000000e+00,-1.192887922703609188e-01,-0.000000000000000000e+00,-3.864618705689902567e-02,-0.000000000000000000e+00,0.000000000000000000e+00,-1.033441668089680604e-01,0.000000000000000000e+00,-1.365724787738688828e-01,-0.000000000000000000e+00,-0.000000000000000000e+00,-6.605025622021132303e-02,0.000000000000000000e+00,0.000000000000000000e+00,0.000000000000000000e+00,7.497714808302942402e-02,-0.000000000000000000e+00,-0.000000000000000000e+00,-0.000000000000000000e+00,0.000000000000000000e+00,-0.000000000000000000e+00,-0.000000000000000000e+00,-0.000000000000000000e+00,0.000000000000000000e+00,-0.000000000000000000e+00,-0.000000000000000000e+00,-7.259199799332025083e-02,-0.000000000000000000e+00,-2.344795472695363481e-01,-0.000000000000000000e+00,1.460010369597053215e+00,-0.000000000000000000e+00,-1.036321485440259149e-01,-2.456406555497643307e-01
-0.000000000000000000e+00,0.000000000000000000e+00,-0.000000000000000000e+00,0.000000000000000000e+00,0.000000000000000000e+00,-1.914191527389247915e-01,0.000000000000000000e+00,0.000000000000000000e+00,0.000000000000000000e+00,0.000000000000000000e+00,-0.000000000000000000e+00,0.000000000000000000e+00,-6.999119882075985344e-02,-0.000000000000000000e+00,-0.000000000000000000e+00,0.000000000000000000e+00,-0.000000000000000000e+00,-0.000000000000000000e+00,-0.000000000000000000e+00,0.000000000000000000e+00,-0.000000000000000000e+00,0.000000000000000000e+00,-0.000000000000000000e+00,-1.778049085261392270e-01,0.000000000000000000e+00,-4.224516771735429416e-02,-7.940083212589871611e-03,-0.000000000000000000e+00,-2.003852957961151371e-01,-0.000000000000000000e+00,-0.000000000000000000e+00,-0.000000000000000000e+00,0.000000000000000000e+00,0.000000000000000000e+00,-6.818920045022259790e-01,-0.000000000000000000e+00,1.519422317627699304e+00,-0.000000000000000000e+00,0.000000000000000000e+00
-0.000000000000000000e+00,0.000000000000000000e+00,0.000000000000000000e+00,-0.000000000000000000e+00,-0.000000000000000000e+00,-0.000000000000000000e+00,-0.000000000000000000e+00,-0.000000000000000000e+00,-3.561544731199580566e-02,-0.000000000000000000e+00,-4.348906212062521315e-02,-0.000000000000000000e+00,0.000000000000000000e+00,-0.000000000000000000e+00,1.968585371285371671e-02,-0.000000000000000000e+00,-1.189631789810993573e-01,-4.096910576023985590e-02,-0.000000000000000000e+00,-4.580697862778525600e-03,0.000000000000000000e+00,0.000000000000000000e+00,0.000000000000000000e+00,-0.000000000000000000e+00,0.000000000000000000e+00,-4.105755684993361854e-02,0.000000000000000000e+00,0.000000000000000000e+00,-0.000000000000000000e+00,-1.425573357665039231e-01,0.000000000000000000e+00,-7.035371367533910236e-02,-0.000000000000000000e+00,-0.000000000000000000e+00,-0.000000000000000000e+00,-1.036321485440259149e-01,-0.000000000000000000e+00,1.245883314374646167e+00,-2.714147725713434434e-01
-0.000000000000000000e+00,-1.495106482915840307e-01,1.287860598964500336e-01,-2.205989389230159359e-01,-7.401900031693742221e-02,0.000000000000000000e+00,-2.701045047280383193e-01,-2.300320170421943644e-01,-4.259489974053315975e-01,-0.000000000000000000e+00,-0.000000000000000000e+00,-2.655479719321946486e-01,3.184891906649027771e-01,-0.000000000000000000e+00,0.000000000000000000e+00,-0.000000000000000000e+00,-0.000000000000000000e+00,0.000000000000000000e+00,0.000000000000000000e+00,-0.000000000000000000e+00,1.474590782180848145e-02,-4.257105456453315340e-02,-0.000000000000000000e+00,0.000000000000000000e+00,-0.000000000000000000e+00,0.000000000000000000e+00,0.000000000000000000e+00,-0.000000000000000000e+00,0.000000000000000000e+00,-0.000000000000000000e+00,-0.000000000000000000e+00,-4.207430670092877634e-01,-2.389298177474489804e-01,-0.000000000000000000e+00,0.000000000000000000e+00,-2.456406555497643307e-01,0.000000000000000000e+00,-2.714147725713434434e-01,2.727737168664787770e+00
