1.423422058092266740e+00,-9.310302680105522755e-02,-7.077231794596470886e-03,-3.720860424235677283e-02,-2.687972734663497329e-02,2.868847595164292306e-03,0.000000000000000000e+00,0.000000000000000000e+00,-8.495334529621663411e-02,-3.684380184660832058e-02,0.000000000000000000e+00,-1.050710617118129075e-01,-0.000000000000000000e+00,-0.000000000000000000e+00,0.000000000000000000e+00,0.000000000000000000e+00,0.000000000000000000e+00,-2.944756582619120072e-02,-0.000000000000000000e+00,-6.847019742808406473e-02,-3.541661705985660324e-02,-2.192846638641487989e-02,-8.480246843539597512e-02,-6.660093375056386211e-02,-8.760534936909518400e-02,-9.351608055032428757e-02,-0.000000000000000000e+00,-1.493377008313407639e-01,-1.828717491635676456e-02,-5.384485962429205741e-02,-0.000000000000000000e+00,1.108576681402738406e-02,-0.000000000000000000e+00,-9.952626905906623855e-02,0.000000000000000000e+00,2.243439261183728661e-02,0.000000000000000000e+00,-7.361257806102845802e-02,-2.892366255547788867e-02
-9.310302680105522755e-02,1.070267536656969831e+00,-0.000000000000000000e+00,-0.000000000000000000e+00,-0.000000000000000000e+00,0.000000000000000000e+00,0.000000000000000000e+00,0.000000000000000000e+00,-1.797752862934791362e-02,-1.024600570531714883e-01,0.000000000000000000e+00,-0.000000000000000000e+00,-0.000000000000000000e+00,-0.000000000000000000e+00,0.000000000000000000e+00,0.000000000000000000e+00,0.000000000000000000e+00,-0.000000000000000000e+00,-0.000000000000000000e+00,-0.000000000000000000e+00,-0.000000000000000000e+00,-0.000000000000000000e+00,-2.904821216530923192e-02,-0.000000000000000000e+00,-9.638083534464683688e-02,-0.000000000000000000e+00,-0.000000000000000000e+00,-0.000000000000000000e+00,-0.000000000000000000e+00,-1.056270396577766932e-02,-0.000000000000000000e+00,0.000000000000000000e+00,-0.000000000000000000e+00,-0.000000000000000000e+00,0.000000000000000000e+00,0.000000000000000000e+00,0.000000000000000000e+00,-0.000000000000000000e+00,-5.066845503851594157e-02
-7.077231794596470886e-03,-0.000000000000000000e+00,1.503459900128344184e+00,-3.943584649644635981e-02,-1.295428868837555370e-01,6.739233028846556076e-03,0.000000000000000000e+00,3.078762259238960186e-01,-5.163229204499566322e-02,-6.429101027323608220e-02,0.000000000000000000e+00,-5.643371215846289951e-02,-0.000000000000000000e+00,-6.306468354370660390e-02,5.062375727102837869e-02,0.000000000000000000e+00,0.000000000000000000e+00,-4.383657110895348985e-02,-0.000000000000000000e+00,-2.401492338976415203e-02,-1.585111325862782194e-01,-4.920490049400853827e-02,-6.891206108800757013e-02,-2.409872073593904811e-03,-4.039071453833452396e-02,-1.087602743631245830e-02,-0.000000000000000000e+00,-5.114647696933382476e-02,-0.000000000000000000e+00,-2.013631736508707248e-02,-0.000000000000000000e+00,3.216557077628903749e-02,-1.020960905458836165e-01,-7.530176523964222934e-02,0.000000000000000000e+00,4.402515470126767451e-03,0.000000000000000000e+00,-5.741637307318564476e-02,-1.405481982670517965e-03
-3.720860424235677283e-02,-0.000000000000000000e+00,-3.943584649644635981e-02,1.565428196568791286e+00,-0.000000000000000000e+00,1.031573206584864566e-01,0.000000000000000000e+00,3.529712697738468519e-03,-9.551223429772132123e-02,-0.000000000000000000e+00,0.000000000000000000e+00,-9.699810481766302228e-02,-1.154515558743308273e-02,-0.000000000000000000e+00,1.006818697933745677e-01,0.000000000000000000e+00,0.000000000000000000e+00,-1.271502200053966081e-01,-1.207256780845041150e-01,-1.143753654144154946e-01,-7.005088434213582217e-03,-8.500485059288107048e-02,-6.393839533066036918e-02,-3.263681279462574830e-02,-0.000000000000000000e+00,-6.221878751323889345e-02,-0.000000000000000000e+00,-3.904364223501283898e-02,-0.000000000000000000e+00,-3.216231412126201172e-02,-0.000000000000000000e+00,9.415264785892736576e-02,-0.000000000000000000e+00,-1.108698811625969116e-01,0.000000000000000000e+00,4.475720125402247312e-02,0.000000000000000000e+00,-7.369762382986599913e-02,-7.405220065423848141e-02
-2.687972734663497329e-02,-0.000000000000000000e+00,-1.295428868837555370e-01,-0.000000000000000000e+00,1.346205774388540277e+00,0.000000000000000000e+00,0.000000000000000000e+00,1.301558267215136289e-01,-3.432404836795164421e-02,-4.950187835863439217e-02,0.000000000000000000e+00,-0.000000000000000000e+00,-0.000000000000000000e+00,-1.442531196339873478e-01,4.608907469682582692e-02,0.000000000000000000e+00,0.000000000000000000e+00,-1.474235683746507632e-02,-0.000000000000000000e+00,-0.000000000000000000e+00,-5.001525165188727695e-02,-1.587891631557051056e-02,-5.912571342490949983e-02,-4.073165739907491645e-02,-5.014750928581635653e-02,-4.605335521340579719e-02,-0.000000000000000000e+00,-6.394072841217177117e-02,-0.000000000000000000e+00,-8.301679624480551301e-02,-0.000000000000000000e+00,0.000000000000000000e+00,-1.392042807075149768e-01,-1.565975441325317963e-02,0.000000000000000000e+00,0.000000000000000000e+00,0.000000000000000000e+00,-5.391208625753969585e-02,-1.745439103698374211e-02
2.868847595164292306e-03,0.000000000000000000e+00,6.739233028846556076e-03,1.031573206584864566e-01,0.000000000000000000e+00,1.466760752904476606e+00,-0.000000000000000000e+00,-0.000000000000000000e+00,1.075242337595353759e-01,0.000000000000000000e+00,-0.000000000000000000e+00,8.218038655138690252e-02,0.000000000000000000e+00,0.000000000000000000e+00,-2.708401605854775934e-02,-0.000000000000000000e+00,-5.274767619555929821e-02,9.487094015757446819e-02,1.014587175560707627e-01,1.253501632334957372e-01,0.000000000000000000e+00,6.947077198213409688e-02,5.661322516539839950e-02,3.347538649659352952e-03,0.000000000000000000e+00,6.637112623322674598e-02,0.000000000000000000e+00,4.159409617275173013e-03,0.000000000000000000e+00,0.000000000000000000e+00,0.000000000000000000e+00,-9.932742170588873543e-02,0.000000000000000000e+00,6.412248045276544572e-02,-9.635268740552575817e-02,-1.012391787522334691e-01,-6.907956370363369999e-03,8.445792446264939468e-02,8.528622076135493335e-02
0.000000000000000000e+00,0.000000000000000000e+00,0.000000000000000000e+00,0.000000000000000000e+00,0.000000000000000000e+00,-0.000000000000000000e+00,1.006779793276869839e+00,-0.000000000000000000e+00,0.000000000000000000e+00,0.000000000000000000e+00,-0.000000000000000000e+00,7.222731821372743721e-02,0.000000000000000000e+00,0.000000000000000000e+00,-0.000000000000000000e+00,-0.000000000000000000e+00,-0.000000000000000000e+00,0.000000000000000000e+00,0.000000000000000000e+00,0.000000000000000000e+00,0.000000000000000000e+00,0.000000000000000000e+00,0.000000000000000000e+00,0.000000000000000000e+00,0.000000000000000000e+00,0.000000000000000000e+00,0.000000000000000000e+00,0.000000000000000000e+00,0.000000000000000000e+00,0.000000000000000000e+00,0.000000000000000000e+00,-0.000000000000000000e+00,0.000000000000000000e+00,0.000000000000000000e+00,-0.000000000000000000e+00,-2.415166071534368547e-02,-0.000000000000000000e+00,0.000000000000000000e+00,0.000000000000000000e+00
0.000000000000000000e+00,0.000000000000000000e+00,3.078762259238960186e-01,3.529712697738468519e-03,1.301558267215136289e-01,-0.000000000000000000e+00,-0.000000000000000000e+00,1.367471886980907936e+00,2.575187585010865754e-02,5.922997767414098919e-02,-0.000000000000000000e+00,3.711837711701129056e-02,0.000000000000000000e+00,3.539038432601241541e-02,-1.773789378669700031e-02,0.000000000000000000e+00,-0.000000000000000000e+00,6.628874711085586124e-03,0.000000000000000000e+00,0.000000000000000000e+00,1.917361419962437252e-01,1.036428508920730560e-02,5.450728957501355110e-02,0.000000000000000000e+00,2.807226945636774953e-02,0.000000000000000000e+00,0.000000000000000000e+00,3.591327816404855239e-02,0.000000000000000000e+00,1.971230885164332921e-03,0.000000000000000000e+00,-0.000000000000000000e+00,1.224459005996188926e-01,5.320052718023916827e-02,-0.000000000000000000e+00,-0.000000000000000000e+00,-0.000000000000000000e+00,3.052144506849804526e-02,0.000000000000000000e+00
-8.495334529621663411e-02,-1.797752862934791362e-02,-5.163229204499566322e-02,-9.551223429772132123e-02,-3.432404836795164421e-02,1.075242337595353759e-01,0.000000000000000000e+00,2.575187585010865754e-02,1.642088271983602743e+00,-3.999194133981193860e-02,0.000000000000000000e+00,-1.091061539505777389e-01,-0.000000000000000000e+00,-4.243914947343663258e-02,1.008500753745723150e-02,0.000000000000000000e+00,0.000000000000000000e+00,-1.016844707603371395e-01,-9.958331623570848556e-02,-9.292546649295671535e-02,-0.000000000000000000e+00,-5.123346024285627826e-02,-7.143170807491840135e-02,-6.086613772556277030e-02,-5.292059631021624189e-02,-8.632647904663201532e-02,-0.000000000000000000e+00,-5.530075870490244044e-02,-0.000000000000000000e+00,-5.251017760410604113e-02,-0.000000000000000000e+00,4.736830766408734600e-02,-0.000000000000000000e+00,-9.422299476360612713e-02,0.000000000000000000e+00,7.749691593062461858e-02,0.000000000000000000e+00,-9.011975118699432075e-02,-9.031572472672988461e-02
-3.684380184660832058e-02,-1.024600570531714883e-01,-6.429101027323608220e-02,-0.000000000000000000e+00,-4.950187835863439217e-02,0.000000000000000000e+00,0.000000000000000000e+00,5.922997767414098919e-02,-3.999194133981193860e-02,1.400246551985604659e+00,0.000000000000000000e+00,-0.000000000000000000e+00,-0.000000000000000000e+00,-8.095839493444927093e-02,0.000000000000000000e+00,-0.000000000000000000e+00,0.000000000000000000e+00,-1.818839273361047906e-02,-7.647452638127519298e-02,-0.000000000000000000e+00,-0.000000000000000000e+00,-0.000000000000000000e+00,-1.183323072328422293e-01,-5.225946861430216805e-02,-1.960880921701681767e-01,-6.305715890126019352e-02,-0.000000000000000000e+00,-1.949453257511171711e-02,-7.960080752446968555e-02,-9.790955678661497630e-02,-9.135466872517279679e-02,0.000000000000000000e+00,-0.000000000000000000e+00,-0.000000000000000000e+00,0.000000000000000000e+00,0.000000000000000000e+00,0.000000000000000000e+00,-3.333426300170076739e-02,-1.271028347201981212e-01
0.000000000000000000e+00,0.000000000000000000e+00,0.000000000000000000e+00,0.000000000000000000e+00,0.000000000000000000e+00,-0.000000000000000000e+00,-0.000000000000000000e+00,-0.000000000000000000e+00,0.000000000000000000e+00,0.000000000000000000e+00,1.000296568614400083e+00,0.000000000000000000e+00,0.000000000000000000e+00,-0.000000000000000000e+00,-0.000000000000000000e+00,-0.000000000000000000e+00,-1.722372105535036405e-02,0.000000000000000000e+00,0.000000000000000000e+00,0.000000000000000000e+00,0.000000000000000000e+00,0.000000000000000000e+00,0.000000000000000000e+00,0.000000000000000000e+00,0.000000000000000000e+00,0.000000000000000000e+00,-0.000000000000000000e+00,0.000000000000000000e+00,-0.000000000000000000e+00,0.000000000000000000e+00,-0.000000000000000000e+00,-0.000000000000000000e+00,-0.000000000000000000e+00,0.000000000000000000e+00,-0.000000000000000000e+00,-0.000000000000000000e+00,-0.000000000000000000e+00,0.000000000000000000e+00,0.000000000000000000e+00
-1.050710617118129075e-01,-0.000000000000000000e+00,-5.643371215846289951e-02,-9.699810481766302228e-02,-0.000000000000000000e+00,8.218038655138690252e-02,7.222731821372743721e-02,3.711837711701129056e-02,-1.091061539505777389e-01,-0.000000000000000000e+00,0.000000000000000000e+00,1.470869840742588641e+00,-7.550188165426922893e-02,-0.000000000000000000e+00,0.000000000000000000e+00,0.000000000000000000e+00,0.000000000000000000e+00,-7.510302071002279700e-02,-0.000000000000000000e+00,-9.315806584874100627e-02,-3.665194481655515563e-02,-4.421396008212620521e-02,-1.943902005466524932e-02,-0.000000000000000000e+00,-0.000000000000000000e+00,-8.182110778076556734e-02,-0.000000000000000000e+00,-9.612054073204964744e-02,-0.000000000000000000e+00,-0.000000000000000000e+00,-0.000000000000000000e+00,7.286412339474897248e-02,-0.000000000000000000e+00,-1.391673062203424016e-01,0.000000000000000000e+00,5.409682884973200656e-02,0.000000000000000000e+00,-9.916786658703415080e-02,-1.254207507459353943e-02
-0.000000000000000000e+00,-0.000000000000000000e+00,-0.000000000000000000e+00,-1.154515558743308273e-02,-0.000000000000000000e+00,0.000000000000000000e+00,0.000000000000000000e+00,0.000000000000000000e+00,-0.000000000000000000e+00,-0.000000000000000000e+00,0.000000000000000000e+00,-7.550188165426922893e-02,1.043224826996548504e+00,-0.000000000000000000e+00,0.000000000000000000e+00,0.000000000000000000e+00,0.000000000000000000e+00,-0.000000000000000000e+00,-0.000000000000000000e+00,-2.651061056022873536e-02,-0.000000000000000000e+00,-0.000000000000000000e+00,-0.000000000000000000e+00,-0.000000000000000000e+00,-0.000000000000000000e+00,-0.000000000000000000e+00,0.000000000000000000e+00,-0.000000000000000000e+00,-0.000000000000000000e+00,-0.000000000000000000e+00,0.000000000000000000e+00,1.466921268801779921e-01,-0.000000000000000000e+00,-0.000000000000000000e+00,3.911287269932372385e-02,0.000000000000000000e+00,0.000000000000000000e+00,-0.000000000000000000e+00,-0.000000000000000000e+00
-0.000000000000000000e+00,-0.000000000000000000e+00,-6.306468354370660390e-02,-0.000000000000000000e+00,-1.442531196339873478e-01,0.000000000000000000e+00,0.000000000000000000e+00,3.539038432601241541e-02,-4.243914947343663258e-02,-8.095839493444927093e-02,-0.000000000000000000e+00,-0.000000000000000000e+00,-0.000000000000000000e+00,1.341223894438820174e+00,1.973343450692523204e-02,0.000000000000000000e+00,0.000000000000000000e+00,-3.743376642000811189e-02,-5.898566945719229543e-02,-0.000000000000000000e+00,-3.208251464277037460e-03,-2.055435484353783631e-03,-7.720487811348564211e-02,-1.684318030598331017e-01,-4.474438925102462716e-02,-2.462083338881079428e-02,-0.000000000000000000e+00,-6.538628822456665768e-02,-7.626735972166211186e-02,-4.077162990780911628e-02,-0.000000000000000000e+00,0.000000000000000000e+00,-8.055387624716241202e-02,-7.343382252691016410e-02,0.000000000000000000e+00,2.787885884733738370e-02,0.000000000000000000e+00,-3.284125187455400746e-02,-2.529736044053071398e-02
0.000000000000000000e+00,0.000000000000000000e+00,5.062375727102837869e-02,1.006818697933745677e-01,4.608907469682582692e-02,-2.708401605854775934e-02,-0.000000000000000000e+00,-1.773789378669700031e-02,1.008500753745723150e-02,0.000000000000000000e+00,-0.000000000000000000e+00,0.000000000000000000e+00,0.000000000000000000e+00,1.973343450692523204e-02,1.176479201241540817e+00,-0.000000000000000000e+00,-0.000000000000000000e+00,8.020228317849179001e-02,9.687214198207068361e-03,1.215206908353869651e-02,2.510970550904875059e-03,8.044301093556015247e-02,1.299457554328553414e-02,7.186294011007872753e-03,0.000000000000000000e+00,5.257628686184839806e-02,0.000000000000000000e+00,3.204622614012322956e-02,0.000000000000000000e+00,1.072742474269307855e-01,0.000000000000000000e+00,-5.937187637638823012e-02,0.000000000000000000e+00,0.000000000000000000e+00,-0.000000000000000000e+00,-0.000000000000000000e+00,-0.000000000000000000e+00,2.331381634521628721e-02,0.000000000000000000e+00
0.000000000000000000e+00,0.000000000000000000e+00,0.000000000000000000e+00,0.000000000000000000e+00,0.000000000000000000e+00,-0.000000000000000000e+00,-0.000000000000000000e+00,0.000000000000000000e+00,0.000000000000000000e+00,-0.000000000000000000e+00,-0.000000000000000000e+00,0.000000000000000000e+00,0.000000000000000000e+00,0.000000000000000000e+00,-0.000000000000000000e+00,9.999999999999997780e-01,-0.000000000000000000e+00,0.000000000000000000e+00,0.000000000000000000e+00,0.000000000000000000e+00,-0.000000000000000000e+00,0.000000000000000000e+00,0.000000000000000000e+00,0.000000000000000000e+00,0.000000000000000000e+00,0.000000000000000000e+00,-0.000000000000000000e+00,0.000000000000000000e+00,-0.000000000000000000e+00,-0.000000000000000000e+00,-0.000000000000000000e+00,-0.000000000000000000e+00,-0.000000000000000000e+00,0.000000000000000000e+00,-0.000000000000000000e+00,-0.000000000000000000e+00,-0.000000000000000000e+00,0.000000000000000000e+00,0.000000000000000000e+00
0.000000000000000000e+00,0.000000000000000000e+00,0.000000000000000000e+00,0.000000000000000000e+00,0.000000000000000000e+00,-5.274767619555929821e-02,-0.000000000000000000e+00,-0.000000000000000000e+00,0.000000000000000000e+00,0.000000000000000000e+00,-1.722372105535036405e-02,0.000000000000000000e+00,0.000000000000000000e+00,0.000000000000000000e+00,-0.000000000000000000e+00,-0.000000000000000000e+00,1.006741553430062552e+00,0.000000000000000000e+00,0.000000000000000000e+00,0.000000000000000000e+00,0.000000000000000000e+00,0.000000000000000000e+00,0.000000000000000000e+00,0.000000000000000000e+00,0.000000000000000000e+00,0.000000000000000000e+00,0.000000000000000000e+00,0.000000000000000000e+00,0.000000000000000000e+00,0.000000000000000000e+00,0.000000000000000000e+00,-0.000000000000000000e+00,0.000000000000000000e+00,0.000000000000000000e+00,-0.000000000000000000e+00,-0.000000000000000000e+00,-5.751978282113407587e-02,0.000000000000000000e+00,0.000000000000000000e+00
-2.944756582619120072e-02,-0.000000000000000000e+00,-4.383657110895348985e-02,-1.271502200053966081e-01,-1.474235683746507632e-02,9.487094015757446819e-02,0.000000000000000000e+00,6.628874711085586124e-03,-1.016844707603371395e-01,-1.818839273361047906e-02,0.000000000000000000e+00,-7.510302071002279700e-02,-0.000000000000000000e+00,-3.743376642000811189e-02,8.020228317849179001e-02,0.000000000000000000e+00,0.000000000000000000e+00,1.596101436648407645e+00,-1.580589182268315185e-01,-1.027117549870162488e-01,-4.667598950179234138e-03,-8.984020592004648975e-02,-6.816043480192243709e-02,-5.647158343307414480e-02,-8.718509307206133083e-03,-9.941552612131310251e-02,-0.000000000000000000e+00,-5.331905720165116408e-02,-0.000000000000000000e+00,-4.545026800426431313e-02,-0.000000000000000000e+00,6.902571636065218952e-02,-0.000000000000000000e+00,-6.194894024200985061e-02,0.000000000000000000e+00,5.847210835836489685e-03,0.000000000000000000e+00,-9.422111046474862528e-02,-7.853154974898195195e-02
-0.000000000000000000e+00,-0.000000000000000000e+00,-0.000000000000000000e+00,-1.207256780845041150e-01,-0.000000000000000000e+00,1.014587175560707627e-01,0.000000000000000000e+00,0.000000000000000000e+00,-9.958331623570848556e-02,-7.647452638127519298e-02,0.000000000000000000e+00,-0.000000000000000000e+00,-0.000000000000000000e+00,-5.898566945719229543e-02,9.687214198207068361e-03,0.000000000000000000e+00,0.000000000000000000e+00,-1.580589182268315185e-01,1.472438918906212590e+00,-1.059813723839288097e-01,-0.000000000000000000e+00,-6.835248215237675617e-02,-6.181654865626747680e-02,-4.731976296396890602e-02,-4.028007772102096956e-02,-9.932384988198184050e-02,-0.000000000000000000e+00,-1.343086812890089028e-02,-0.000000000000000000e+00,-5.465796670805678908e-02,-0.000000000000000000e+00,1.993656971785684115e-02,-0.000000000000000000e+00,-1.190036764047982393e-02,0.000000000000000000e+00,6.799777112829482641e-03,0.000000000000000000e+00,-6.558228140731525713e-02,-1.214674369074322385e-01
-6.847019742808406473e-02,-0.000000000000000000e+00,-2.401492338976415203e-02,-1.143753654144154946e-01,-0.000000000000000000e+00,1.253501632334957372e-01,0.000000000000000000e+00,0.000000000000000000e+00,-9.292546649295671535e-02,-0.000000000000000000e+00,0.000000000000000000e+00,-9.315806584874100627e-02,-2.651061056022873536e-02,-0.000000000000000000e+00,1.215206908353869651e-02,0.000000000000000000e+00,0.000000000000000000e+00,-1.027117549870162488e-01,-1.059813723839288097e-01,1.576392962589214353e+00,-0.000000000000000000e+00,-1.352591521810448949e-01,-5.738811371348563617e-02,-2.215944170850256412e-02,-1.562309795482558737e-02,-7.379539715191074656e-02,-0.000000000000000000e+00,-4.262719553409859141e-02,-0.000000000000000000e+00,-0.000000000000000000e+00,-0.000000000000000000e+00,1.246504012546572476e-01,-0.000000000000000000e+00,-8.518666764338088393e-02,1.418749671763453769e-02,7.640910292120345337e-02,0.000000000000000000e+00,-8.654321576250344206e-02,-7.934098416560077249e-02
-3.541661705985660324e-02,-0.000000000000000000e+00,-1.585111325862782194e-01,-7.005088434213582217e-03,-5.001525165188727695e-02,0.000000000000000000e+00,0.000000000000000000e+00,1.917361419962437252e-01,-0.000000000000000000e+00,-0.000000000000000000e+00,0.000000000000000000e+00,-3.665194481655515563e-02,-0.000000000000000000e+00,-3.208251464277037460e-03,2.510970550904875059e-03,-0.000000000000000000e+00,0.000000000000000000e+00,-4.667598950179234138e-03,-0.000000000000000000e+00,-0.000000000000000000e+00,1.307857400671959880e+00,-1.060335024611846061e-01,-2.692533036154027767e-02,-6.441650664750292292e-03,-3.118533507609714400e-02,-3.040722811447005638e-02,-0.000000000000000000e+00,-1.321641417428757459e-01,-0.000000000000000000e+00,-1.463591144592195012e-02,-0.000000000000000000e+00,4.242677282439247938e-02,-1.390415181804559031e-01,-1.517538266861779943e-02,0.000000000000000000e+00,0.000000000000000000e+00,0.000000000000000000e+00,-3.157889764443895519e-02,-0.000000000000000000e+00
-2.192846638641487989e-02,-0.000000000000000000e+00,-4.920490049400853827e-02,-8.500485059288107048e-02,-1.587891631557051056e-02,6.947077198213409688e-02,0.000000000000000000e+00,1.036428508920730560e-02,-5.123346024285627826e-02,-0.000000000000000000e+00,0.000000000000000000e+00,-4.421396008212620521e-02,-0.000000000000000000e+00,-2.055435484353783631e-03,8.044301093556015247e-02,0.000000000000000000e+00,0.000000000000000000e+00,-8.984020592004648975e-02,-6.835248215237675617e-02,-1.352591521810448949e-01,-1.060335024611846061e-01,1.440502388366651454e+00,-6.705136677855393079e-02,-4.758551031080529570e-02,-0.000000000000000000e+00,-8.281791947016256539e-02,-0.000000000000000000e+00,-9.124605139170935408e-02,-0.000000000000000000e+00,-2.727958827469431635e-02,-0.000000000000000000e+00,4.633593091913518203e-02,-3.068689935587448278e-02,-3.442040168893615443e-02,0.000000000000000000e+00,1.808409936412043451e-02,0.000000000000000000e+00,-6.853837412115688921e-02,-1.073265001153922947e-02
-8.480246843539597512e-02,-2.904821216530923192e-02,-6.891206108800757013e-02,-6.393839533066036918e-02,-5.912571342490949983e-02,5.661322516539839950e-02,0.000000000000000000e+00,5.450728957501355110e-02,-7.143170807491840135e-02,-1.183323072328422293e-01,0.000000000000000000e+00,-1.943902005466524932e-02,-0.000000000000000000e+00,-7.720487811348564211e-02,1.299457554328553414e-02,0.000000000000000000e+00,0.000000000000000000e+00,-6.816043480192243709e-02,-6.181654865626747680e-02,-5.738811371348563617e-02,-2.692533036154027767e-02,-6.705136677855393079e-02,1.581555110053975310e+00,-8.636113327567501718e-02,-1.422257349671429139e-01,-6.528586853618120744e-02,-0.000000000000000000e+00,-5.276290679315682325e-02,-0.000000000000000000e+00,-8.623267195461557788e-02,-0.000000000000000000e+00,3.553401946584809623e-02,-0.000000000000000000e+00,-3.330365324488172851e-02,0.000000000000000000e+00,4.228384827612111790e-02,0.000000000000000000e+00,-5.787263038246396457e-02,-7.897350798522374815e-02
-6.660093375056386211e-02,-0.000000000000000000e+00,-2.409872073593904811e-03,-3.263681279462574830e-02,-4.073165739907491645e-02,3.347538649659352952e-03,0.000000000000000000e+00,0.000000000000000000e+00,-6.086613772556277030e-02,-5.225946861430216805e-02,0.000000000000000000e+00,-0.000000000000000000e+00,-0.000000000000000000e+00,-1.684318030598331017e-01,7.186294011007872753e-03,0.000000000000000000e+00,0.000000000000000000e+00,-5.647158343307414480e-02,-4.731976296396890602e-02,-2.215944170850256412e-02,-6.441650664750292292e-03,-4.758551031080529570e-02,-8.636113327567501718e-02,1.378541483745350016e+00,-8.831199753788381013e-02,-5.449243312584387683e-02,-0.000000000000000000e+00,-4.752729878177473777e-02,-0.000000000000000000e+00,-1.942144483646697506e-02,-0.000000000000000000e+00,0.000000000000000000e+00,-0.000000000000000000e+00,-3.342279919100563795e-02,0.000000000000000000e+00,1.465250266613246921e-01,0.000000000000000000e+00,-5.505708195530838178e-02,-6.102593172117527082e-02
-8.760534936909518400e-02,-9.638083534464683688e-02,-4.039071453833452396e-02,-0.000000000000000000e+00,-5.014750928581635653e-02,0.000000000000000000e+00,0.000000000000000000e+00,2.807226945636774953e-02,-5.292059631021624189e-02,-1.960880921701681767e-01,0.000000000000000000e+00,-0.000000000000000000e+00,-0.000000000000000000e+00,-4.474438925102462716e-02,0.000000000000000000e+00,0.000000000000000000e+00,0.000000000000000000e+00,-8.718509307206133083e-03,-4.028007772102096956e-02,-1.562309795482558737e-02,-3.118533507609714400e-02,-0.000000000000000000e+00,-1.422257349671429139e-01,-8.831199753788381013e-02,1.428039173162014563e+00,-4.576468463849288348e-02,-0.000000000000000000e+00,-6.572972578132177390e-02,-0.000000000000000000e+00,-8.075580064559670368e-02,-7.660527569649372426e-02,0.000000000000000000e+00,-0.000000000000000000e+00,-0.000000000000000000e+00,0.000000000000000000e+00,5.171437801419485197e-02,0.000000000000000000e+00,-3.072281673789845763e-02,-1.320944531177446202e-01
-9.351608055032428757e-02,-0.000000000000000000e+00,-1.087602743631245830e-02,-6.221878751323889345e-02,-4.605335521340579719e-02,6.637112623322674598e-02,0.000000000000000000e+00,0.000000000000000000e+00,-8.632647904663201532e-02,-6.305715890126019352e-02,0.000000000000000000e+00,-8.182110778076556734e-02,-0.000000000000000000e+00,-2.462083338881079428e-02,5.257628686184839806e-02,0.000000000000000000e+00,0.000000000000000000e+00,-9.941552612131310251e-02,-9.932384988198184050e-02,-7.379539715191074656e-02,-3.040722811447005638e-02,-8.281791947016256539e-02,-6.528586853618120744e-02,-5.449243312584387683e-02,-4.576468463849288348e-02,1.536685038933768954e+00,-0.000000000000000000e+00,-1.234528449601837718e-01,-5.038363984976692439e-02,-7.442871138351861426e-02,-0.000000000000000000e+00,0.000000000000000000e+00,-0.000000000000000000e+00,-2.283435414114052403e-02,0.000000000000000000e+00,0.000000000000000000e+00,0.000000000000000000e+00,-8.936565444048824580e-02,-6.771259603704123109e-02
-0.000000000000000000e+00,-0.000000000000000000e+00,-0.000000000000000000e+00,-0.000000000000000000e+00,-0.000000000000000000e+00,0.000000000000000000e+00,0.000000000000000000e+00,0.000000000000000000e+00,-0.000000000000000000e+00,-0.000000000000000000e+00,-0.000000000000000000e+00,-0.000000000000000000e+00,0.000000000000000000e+00,-0.000000000000000000e+00,0.000000000000000000e+00,-0.000000000000000000e+00,0.000000000000000000e+00,-0.000000000000000000e+00,-0.000000000000000000e+00,-0.000000000000000000e+00,-0.000000000000000000e+00,-0.000000000000000000e+00,-0.000000000000000000e+00,-0.000000000000000000e+00,-0.000000000000000000e+00,-0.000000000000000000e+00,1.003082001109585564e+00,-0.000000000000000000e+00,-0.000000000000000000e+00,-0.000000000000000000e+00,-5.560125754355641631e-02,0.000000000000000000e+00,-0.000000000000000000e+00,-0.000000000000000000e+00,0.000000000000000000e+00,0.000000000000000000e+00,-0.000000000000000000e+00,-0.000000000000000000e+00,-0.000000000000000000e+00
-1.493377008313407639e-01,-0.000000000000000000e+00,-5.114647696933382476e-02,-3.904364223501283898e-02,-6.394072841217177117e-02,4.159409617275173013e-03,0.000000000000000000e+00,3.591327816404855239e-02,-5.530075870490244044e-02,-1.949453257511171711e-02,0.000000000000000000e+00,-9.612054073204964744e-02,-0.000000000000000000e+00,-6.538628822456665768e-02,3.204622614012322956e-02,0.000000000000000000e+00,0.000000000000000000e+00,-5.331905720165116408e-02,-1.343086812890089028e-02,-4.262719553409859141e-02,-1.321641417428757459e-01,-9.124605139170935408e-02,-5.276290679315682325e-02,-4.752729878177473777e-02,-6.572972578132177390e-02,-1.234528449601837718e-01,-0.000000000000000000e+00,1.505218745285634263e+00,-0.000000000000000000e+00,-0.000000000000000000e+00,-0.000000000000000000e+00,4.546223156516662062e-02,-0.000000000000000000e+00,-9.916093755905479312e-02,0.000000000000000000e+00,1.959589271119168211e-02,0.000000000000000000e+00,-7.737316412108234676e-02,-1.561012556511248532e-02
-1.828717491635676456e-02,-0.000000000000000000e+00,-0.000000000000000000e+00,-0.000000000000000000e+00,-0.000000000000000000e+00,0.000000000000000000e+00,0.000000000000000000e+00,0.000000000000000000e+00,-0.000000000000000000e+00,-7.960080752446968555e-02,-0.000000000000000000e+00,-0.000000000000000000e+00,-0.000000000000000000e+00,-7.626735972166211186e-02,0.000000000000000000e+00,-0.000000000000000000e+00,0.000000000000000000e+00,-0.000000000000000000e+00,-0.000000000000000000e+00,-0.000000000000000000e+00,-0.000000000000000000e+00,-0.000000000000000000e+00,-0.000000000000000000e+00,-0.000000000000000000e+00,-0.000000000000000000e+00,-5.038363984976692439e-02,-0.000000000000000000e+00,-0.000000000000000000e+00,1.024882873607326772e+00,-0.000000000000000000e+00,-0.000000000000000000e+00,0.000000000000000000e+00,-0.000000000000000000e+00,-0.000000000000000000e+00,0.000000000000000000e+00,0.000000000000000000e+00,-0.000000000000000000e+00,-0.000000000000000000e+00,-0.000000000000000000e+00
-5.384485962429205741e-02,-1.056270396577766932e-02,-2.013631736508707248e-02,-3.216231412126201172e-02,-8.301679624480551301e-02,0.000000000000000000e+00,0.000000000000000000e+00,1.971230885164332921e-03,-5.251017760410604113e-02,-9.790955678661497630e-02,0.000000000000000000e+00,-0.000000000000000000e+00,-0.000000000000000000e+00,-4.077162990780911628e-02,1.072742474269307855e-01,-0.000000000000000000e+00,0.000000000000000000e+00,-4.545026800426431313e-02,-5.465796670805678908e-02,-0.000000000000000000e+00,-1.463591144592195012e-02,-2.727958827469431635e-02,-8.623267195461557788e-02,-1.942144483646697506e-02,-8.075580064559670368e-02,-7.442871138351861426e-02,-0.000000000000000000e+00,-0.000000000000000000e+00,-0.000000000000000000e+00,1.250629245486624797e+00,-0.000000000000000000e+00,0.000000000000000000e+00,-0.000000000000000000e+00,-0.000000000000000000e+00,0.000000000000000000e+00,0.000000000000000000e+00,0.000000000000000000e+00,-1.530844943756094756e-02,-3.576520486306598856e-02
-0.000000000000000000e+00,-0.000000000000000000e+00,-0.000000000000000000e+00,-0.000000000000000000e+00,-0.000000000000000000e+00,0.000000000000000000e+00,0.000000000000000000e+00,0.000000000000000000e+00,-0.000000000000000000e+00,-9.135466872517279679e-02,-0.000000000000000000e+00,-0.000000000000000000e+00,0.000000000000000000e+00,-0.000000000000000000e+00,0.000000000000000000e+00,-0.000000000000000000e+00,0.000000000000000000e+00,-0.000000000000000000e+00,-0.000000000000000000e+00,-0.000000000000000000e+00,-0.000000000000000000e+00,-0.000000000000000000e+00,-0.000000000000000000e+00,-0.000000000000000000e+00,-7.660527569649372426e-02,-0.000000000000000000e+00,-5.560125754355641631e-02,-0.000000000000000000e+00,-0.000000000000000000e+00,-0.000000000000000000e+00,1.022180573075310850e+00,0.000000000000000000e+00,-0.000000000000000000e+00,-0.000000000000000000e+00,0.000000000000000000e+00,0.000000000000000000e+00,0.000000000000000000e+00,-0.000000000000000000e+00,-0.000000000000000000e+00
1.108576681402738406e-02,0.000000000000000000e+00,3.216557077628903749e-02,9.415264785892736576e-02,0.000000000000000000e+00,-9.932742170588873543e-02,-0.000000000000000000e+00,-0.000000000000000000e+00,4.736830766408734600e-02,0.000000000000000000e+00,-0.000000000000000000e+00,7.286412339474897248e-02,1.466921268801779921e-01,0.000000000000000000e+00,-5.937187637638823012e-02,-0.000000000000000000e+00,-0.000000000000000000e+00,6.902571636065218952e-02,1.993656971785684115e-02,1.246504012546572476e-01,4.242677282439247938e-02,4.633593091913518203e-02,3.553401946584809623e-02,0.000000000000000000e+00,0.000000000000000000e+00,0.000000000000000000e+00,0.000000000000000000e+00,4.546223156516662062e-02,0.000000000000000000e+00,0.000000000000000000e+00,0.000000000000000000e+00,1.390890133181057031e+00,0.000000000000000000e+00,3.095739604254494140e-02,-7.430134674834459885e-02,-1.204586400420469550e-01,-1.188059033790973551e-01,8.496782727446303141e-02,4.998599414226680832e-02
-0.000000000000000000e+00,-0.000000000000000000e+00,-1.020960905458836165e-01,-0.000000000000000000e+00,-1.392042807075149768e-01,0.000000000000000000e+00,0.000000000000000000e+00,1.224459005996188926e-01,-0.000000000000000000e+00,-0.000000000000000000e+00,-0.000000000000000000e+00,-0.000000000000000000e+00,-0.000000000000000000e+00,-8.055387624716241202e-02,0.000000000000000000e+00,-0.000000000000000000e+00,0.000000000000000000e+00,-0.000000000000000000e+00,-0.000000000000000000e+00,-0.000000000000000000e+00,-1.390415181804559031e-01,-3.068689935587448278e-02,-0.000000000000000000e+00,-0.000000000000000000e+00,-0.000000000000000000e+00,-0.000000000000000000e+00,-0.000000000000000000e+00,-0.000000000000000000e+00,-0.000000000000000000e+00,-0.000000000000000000e+00,-0.000000000000000000e+00,0.000000000000000000e+00,1.144257527128937690e+00,-0.000000000000000000e+00,0.000000000000000000e+00,0.000000000000000000e+00,0.000000000000000000e+00,-0.000000000000000000e+00,-0.000000000000000000e+00
-9.952626905906623855e-02,-0.000000000000000000e+00,-7.530176523964222934e-02,-1.108698811625969116e-01,-1.565975441325317963e-02,6.412248045276544572e-02,0.000000000000000000e+00,5.320052718023916827e-02,-9.422299476360612713e-02,-0.000000000000000000e+00,0.000000000000000000e+00,-1.391673062203424016e-01,-0.000000000000000000e+00,-7.343382252691016410e-02,0.000000000000000000e+00,0.000000000000000000e+00,0.000000000000000000e+00,-6.194894024200985061e-02,-1.190036764047982393e-02,-8.518666764338088393e-02,-1.517538266861779943e-02,-3.442040168893615443e-02,-3.330365324488172851e-02,-3.342279919100563795e-02,-0.000000000000000000e+00,-2.283435414114052403e-02,-0.000000000000000000e+00,-9.916093755905479312e-02,-0.000000000000000000e+00,-0.000000000000000000e+00,-0.000000000000000000e+00,3.095739604254494140e-02,-0.000000000000000000e+00,1.440539094475939752e+00,0.000000000000000000e+00,7.955515941910298872e-02,0.000000000000000000e+00,-6.943409425735905249e-02,-1.227995442361439968e-02
0.000000000000000000e+00,0.000000000000000000e+00,0.000000000000000000e+00,0.000000000000000000e+00,0.000000000000000000e+00,-9.635268740552575817e-02,-0.000000000000000000e+00,-0.000000000000000000e+00,0.000000000000000000e+00,0.000000000000000000e+00,-0.000000000000000000e+00,0.000000000000000000e+00,3.911287269932372385e-02,0.000000000000000000e+00,-0.000000000000000000e+00,-0.000000000000000000e+00,-0.000000000000000000e+00,0.000000000000000000e+00,0.000000000000000000e+00,1.418749671763453769e-02,0.000000000000000000e+00,0.000000000000000000e+00,0.000000000000000000e+00,0.000000000000000000e+00,0.000000000000000000e+00,0.000000000000000000e+00,0.000000000000000000e+00,0.000000000000000000e+00,0.000000000000000000e+00,0.000000000000000000e+00,0.000000000000000000e+00,-7.430134674834459885e-02,0.000000000000000000e+00,0.000000000000000000e+00,1.044372467221545531e+00,-0.000000000000000000e+00,-1.290582334075470461e-01,0.000000000000000000e+00,0.000000000000000000e+00
2.243439261183728661e-02,0.000000000000000000e+00,4.402515470126767451e-03,4.475720125402247312e-02,0.000000000000000000e+00,-1.012391787522334691e-01,-2.415166071534368547e-02,-0.000000000000000000e+00,7.749691593062461858e-02,0.000000000000000000e+00,-0.000000000000000000e+00,5.409682884973200656e-02,0.000000000000000000e+00,2.787885884733738370e-02,-0.000000000000000000e+00,-0.000000000000000000e+00,-0.000000000000000000e+00,5.847210835836489685e-03,6.799777112829482641e-03,7.640910292120345337e-02,0.000000000000000000e+00,1.808409936412043451e-02,4.228384827612111790e-02,1.465250266613246921e-01,5.171437801419485197e-02,0.000000000000000000e+00,0.000000000000000000e+00,1.959589271119168211e-02,0.000000000000000000e+00,0.000000000000000000e+00,0.000000000000000000e+00,-1.204586400420469550e-01,0.000000000000000000e+00,7.955515941910298872e-02,-0.000000000000000000e+00,1.331255289235022232e+00,-3.179510489844478757e-03,7.539932229269473429e-02,9.498024144802565127e-02
0.000000000000000000e+00,0.000000000000000000e+00,0.000000000000000000e+00,0.000000000000000000e+00,0.000000000000000000e+00,-6.907956370363369999e-03,-0.000000000000000000e+00,-0.000000000000000000e+00,0.000000000000000000e+00,0.000000000000000000e+00,-0.000000000000000000e+00,0.000000000000000000e+00,0.000000000000000000e+00,0.000000000000000000e+00,-0.000000000000000000e+00,-0.000000000000000000e+00,-5.751978282113407587e-02,0.000000000000000000e+00,0.000000000000000000e+00,0.000000000000000000e+00,0.000000000000000000e+00,0.000000000000000000e+00,0.000000000000000000e+00,0.000000000000000000e+00,0.000000000000000000e+00,0.000000000000000000e+00,-0.000000000000000000e+00,0.000000000000000000e+00,-0.000000000000000000e+00,0.000000000000000000e+00,0.000000000000000000e+00,-1.188059033790973551e-01,0.000000000000000000e+00,0.000000000000000000e+00,-1.290582334075470461e-01,-3.179510489844478757e-03,1.038354279690553827e+00,0.000000000000000000e+00,0.000000000000000000e+00
-7.361257806102845802e-02,-0.000000000000000000e+00,-5.741637307318564476e-02,-7.369762382986599913e-02,-5.391208625753969585e-02,8.445792446264939468e-02,0.000000000000000000e+00,3.052144506849804526e-02,-9.011975118699432075e-02,-3.333426300170076739e-02,0.000000000000000000e+00,-9.916786658703415080e-02,-0.000000000000000000e+00,-3.284125187455400746e-02,2.331381634521628721e-02,0.000000000000000000e+00,0.000000000000000000e+00,-9.422111046474862528e-02,-6.558228140731525713e-02,-8.654321576250344206e-02,-3.157889764443895519e-02,-6.853837412115688921e-02,-5.787263038246396457e-02,-5.505708195530838178e-02,-3.072281673789845763e-02,-8.936565444048824580e-02,-0.000000000000000000e+00,-7.737316412108234676e-02,-0.000000000000000000e+00,-1.530844943756094756e-02,-0.000000000000000000e+00,8.496782727446303141e-02,-0.000000000000000000e+00,-6.943409425735905249e-02,0.000000000000000000e+00,7.539932229269473429e-02,0.000000000000000000e+00,1.602441077363810251e+00,-1.136335877434846153e-01
-2.892366255547788867e-02,-5.066845503851594157e-02,-1.405481982670517965e-03,-7.405220065423848141e-02,-1.745439103698374211e-02,8.528622076135493335e-02,0.000000000000000000e+00,0.000000000000000000e+00,-9.031572472672988461e-02,-1.271028347201981212e-01,0.000000000000000000e+00,-1.254207507459353943e-02,-0.000000000000000000e+00,-2.529736044053071398e-02,0.000000000000000000e+00,0.000000000000000000e+00,0.000000000000000000e+00,-7.853154974898195195e-02,-1.214674369074322385e-01,-7.934098416560077249e-02,-0.000000000000000000e+00,-1.073265001153922947e-02,-7.897350798522374815e-02,-6.102593172117527082e-02,-1.320944531177446202e-01,-6.771259603704123109e-02,-0.000000000000000000e+00,-1.561012556511248532e-02,-0.000000000000000000e+00,-3.576520486306598856e-02,-0.000000000000000000e+00,4.998599414226680832e-02,-0.000000000000000000e+00,-1.227995442361439968e-02,0.000000000000000000e+00,9.498024144802565127e-02,0.000000000000000000e+00,-1.136335877434846153e-01,1.504342767908466216e+00
