1.860713399302597715e+00,-3.825769429404832778e-01,-0.000000000000000000e+00,-0.000000000000000000e+00,-0.000000000000000000e+00,-0.000000000000000000e+00,-2.107686629184521987e-01,0.000000000000000000e+00,-3.457205916336911211e-01,-0.000000000000000000e+00,1.301490095201772723e-01,-0.000000000000000000e+00,-0.000000000000000000e+00,-0.000000000000000000e+00,-0.000000000000000000e+00,-0.000000000000000000e+00,4.254627356293985176e-03,-0.000000000000000000e+00,-0.000000000000000000e+00,-0.000000000000000000e+00,0.000000000000000000e+00,-0.000000000000000000e+00,-0.000000000000000000e+00,0.000000000000000000e+00,-0.000000000000000000e+00,-1.779978768673650125e-01,0.000000000000000000e+00,-0.000000000000000000e+00,-1.717773327546199824e-01,-3.563623563013556539e-01,0.000000000000000000e+00,-1.793303541573637028e-01,0.000000000000000000e+00,-4.040056859259482346e-03,-0.000000000000000000e+00,0.000000000000000000e+00,-0.000000000000000000e+00,-0.000000000000000000e+00,-0.000000000000000000e+00
-3.825769429404832778e-01,1.149652177680261733e+00,0.000000000000000000e+00,-0.000000000000000000e+00,-0.000000000000000000e+00,0.000000000000000000e+00,-0.000000000000000000e+00,0.000000000000000000e+00,-0.000000000000000000e+00,-0.000000000000000000e+00,0.000000000000000000e+00,-0.000000000000000000e+00,-0.000000000000000000e+00,0.000000000000000000e+00,0.000000000000000000e+00,-0.000000000000000000e+00,-0.000000000000000000e+00,0.000000000000000000e+00,0.000000000000000000e+00,0.000000000000000000e+00,0.000000000000000000e+00,-1.481648004748689074e-01,-0.000000000000000000e+00,0.000000000000000000e+00,0.000000000000000000e+00,-0.000000000000000000e+00,-0.000000000000000000e+00,-0.000000000000000000e+00,-0.000000000000000000e+00,-2.210125499024707257e-02,-0.000000000000000000e+00,-0.000000000000000000e+00,4.742208859599595511e-02,-0.000000000000000000e+00,-0.000000000000000000e+00,-0.000000000000000000e+00,-0.000000000000000000e+00,0.000000000000000000e+00,-0.000000000000000000e+00
-0.000000000000000000e+00,0.000000000000000000e+00,1.749538219563427699e+00,-0.000000000000000000e+00,-1.942172824265158415e-01,1.926205816546439353e-01,0.000000000000000000e+00,8.163423403139418166e-01,-0.000000000000000000e+00,-2.900260853926123206e-01,-0.000000000000000000e+00,-0.000000000000000000e+00,1.985872823778442667e-02,-1.281413874654220852e-01,0.000000000000000000e+00,-0.000000000000000000e+00,0.000000000000000000e+00,-0.000000000000000000e+00,-0.000000000000000000e+00,-0.000000000000000000e+00,-1.398441915247440603e-01,-0.000000000000000000e+00,-0.000000000000000000e+00,-0.000000000000000000e+00,-1.056659428699557521e-02,-0.000000000000000000e+00,0.000000000000000000e+00,-0.000000000000000000e+00,0.000000000000000000e+00,-0.000000000000000000e+00,-0.000000000000000000e+00,0.000000000000000000e+00,-0.000000000000000000e+00,-0.000000000000000000e+00,0.000000000000000000e+00,0.000000000000000000e+00,-0.000000000000000000e+00,-0.000000000000000000e+00,-6.325272488999214571e-02
-0.000000000000000000e+00,-0.000000000000000000e+00,-0.000000000000000000e+00,2.306009823930808000e+00,-0.000000000000000000e+00,-0.000000000000000000e+00,-4.988987667307174800e-01,0.000000000000000000e+00,-1.571969544708712030e-01,-0.000000000000000000e+00,0.000000000000000000e+00,-0.000000000000000000e+00,-1.538725397974529015e-02,0.000000000000000000e+00,-0.000000000000000000e+00,-0.000000000000000000e+00,3.328720511929822989e-01,-1.884957668536782760e-01,-2.192234836025400979e-01,-2.516949090005167755e-01,7.990324224158418254e-02,0.000000000000000000e+00,-0.000000000000000000e+00,-0.000000000000000000e+00,-0.000000000000000000e+00,-5.532937158424584834e-02,1.071488256117380522e-01,-0.000000000000000000e+00,-0.000000000000000000e+00,-0.000000000000000000e+00,2.078745996339516344e-01,-0.000000000000000000e+00,-0.000000000000000000e+00,-2.688618110306394415e-01,-0.000000000000000000e+00,0.000000000000000000e+00,0.000000000000000000e+00,-1.480731852473521175e-02,-0.000000000000000000e+00
-0.000000000000000000e+00,-0.000000000000000000e+00,-1.942172824265158415e-01,-0.000000000000000000e+00,1.949856569930971339e+00,0.000000000000000000e+00,-0.000000000000000000e+00,3.457655816308612962e-01,-3.615981368315023814e-01,-0.000000000000000000e+00,0.000000000000000000e+00,-8.647288327247160122e-02,0.000000000000000000e+00,-0.000000000000000000e+00,-0.000000000000000000e+00,-0.000000000000000000e+00,0.000000000000000000e+00,-0.000000000000000000e+00,-0.000000000000000000e+00,-0.000000000000000000e+00,0.000000000000000000e+00,0.000000000000000000e+00,-0.000000000000000000e+00,-0.000000000000000000e+00,-0.000000000000000000e+00,-0.000000000000000000e+00,0.000000000000000000e+00,-0.000000000000000000e+00,-0.000000000000000000e+00,-4.542009773587128013e-02,0.000000000000000000e+00,-1.864101348161300298e-01,-0.000000000000000000e+00,-4.757162193106060921e-01,-0.000000000000000000e+00,4.804212591594303472e-03,-0.000000000000000000e+00,-0.000000000000000000e+00,-2.160716524981758091e-01
-0.000000000000000000e+00,0.000000000000000000e+00,1.926205816546439353e-01,-0.000000000000000000e+00,0.000000000000000000e+00,1.285792780070037944e+00,-0.000000000000000000e+00,-0.000000000000000000e+00,-0.000000000000000000e+00,0.000000000000000000e+00,0.000000000000000000e+00,-0.000000000000000000e+00,-0.000000000000000000e+00,-0.000000000000000000e+00,-2.239364708086059516e-02,0.000000000000000000e+00,0.000000000000000000e+00,-9.821276836224267226e-02,-0.000000000000000000e+00,-0.000000000000000000e+00,1.994453009079854844e-01,0.000000000000000000e+00,0.000000000000000000e+00,-0.000000000000000000e+00,0.000000000000000000e+00,-2.344978401959007738e-02,0.000000000000000000e+00,-0.000000000000000000e+00,-2.507040958492069982e-01,-0.000000000000000000e+00,0.000000000000000000e+00,-0.000000000000000000e+00,-8.956999269941831252e-03,-0.000000000000000000e+00,-2.659918840292717634e-01,0.000000000000000000e+00,-0.000000000000000000e+00,-0.000000000000000000e+00,9.471535668552669152e-02
-2.107686629184521987e-01,-0.000000000000000000e+00,0.000000000000000000e+00,-4.988987667307174800e-01,-0.000000000000000000e+00,-0.000000000000000000e+00,1.640263425212653781e+00,0.000000000000000000e+00,-1.461779482039890776e-01,-0.000000000000000000e+00,4.319228511671138054e-02,0.000000000000000000e+00,-1.226940071595083726e-01,0.000000000000000000e+00,-2.720933837127780214e-04,-0.000000000000000000e+00,0.000000000000000000e+00,-0.000000000000000000e+00,-0.000000000000000000e+00,-1.032591986083675334e-01,4.467419445104088560e-02,0.000000000000000000e+00,-0.000000000000000000e+00,0.000000000000000000e+00,-0.000000000000000000e+00,-0.000000000000000000e+00,1.958426563284474120e-01,-0.000000000000000000e+00,-0.000000000000000000e+00,-2.902717424409576377e-02,0.000000000000000000e+00,-0.000000000000000000e+00,0.000000000000000000e+00,-3.576210509066793408e-04,-0.000000000000000000e+00,0.000000000000000000e+00,0.000000000000000000e+00,-0.000000000000000000e+00,-0.000000000000000000e+00
0.000000000000000000e+00,0.000000000000000000e+00,8.163423403139418166e-01,0.000000000000000000e+00,3.457655816308612962e-01,-0.000000000000000000e+00,0.000000000000000000e+00,1.997015071815952503e+00,6.924959059307486675e-02,9.209485628801042378e-03,-0.000000000000000000e+00,0.000000000000000000e+00,0.000000000000000000e+00,0.000000000000000000e+00,0.000000000000000000e+00,1.790129024937585356e-01,-0.000000000000000000e+00,0.000000000000000000e+00,0.000000000000000000e+00,0.000000000000000000e+00,0.000000000000000000e+00,0.000000000000000000e+00,0.000000000000000000e+00,0.000000000000000000e+00,0.000000000000000000e+00,0.000000000000000000e+00,-0.000000000000000000e+00,0.000000000000000000e+00,0.000000000000000000e+00,2.847091130477020782e-01,-0.000000000000000000e+00,0.000000000000000000e+00,0.000000000000000000e+00,1.903926693950069027e-01,-0.000000000000000000e+00,-0.000000000000000000e+00,-0.000000000000000000e+00,0.000000000000000000e+00,5.621402984301935440e-02
-3.457205916336911211e-01,-0.000000000000000000e+00,-0.000000000000000000e+00,-1.571969544708712030e-01,-3.615981368315023814e-01,-0.000000000000000000e+00,-1.461779482039890776e-01,6.924959059307486675e-02,2.626611876999105810e+00,-0.000000000000000000e+00,0.000000000000000000e+00,-0.000000000000000000e+00,-0.000000000000000000e+00,-0.000000000000000000e+00,-0.000000000000000000e+00,-8.568247356405220283e-02,0.000000000000000000e+00,-2.240909031920945704e-02,-1.185141213774946883e-01,-1.909840340942508818e-01,0.000000000000000000e+00,0.000000000000000000e+00,-0.000000000000000000e+00,-0.000000000000000000e+00,-0.000000000000000000e+00,-1.185776816789584909e-01,0.000000000000000000e+00,-0.000000000000000000e+00,-1.107700420985723300e-01,-3.088036005298356312e-01,0.000000000000000000e+00,-2.050152063872831276e-01,-0.000000000000000000e+00,-6.044214878371610977e-01,-0.000000000000000000e+00,0.000000000000000000e+00,-0.000000000000000000e+00,-0.000000000000000000e+00,-1.169236933928523570e-01
-0.000000000000000000e+00,-0.000000000000000000e+00,-2.900260853926123206e-01,-0.000000000000000000e+00,-0.000000000000000000e+00,0.000000000000000000e+00,-0.000000000000000000e+00,9.209485628801042378e-03,-0.000000000000000000e+00,1.766388064119200907e+00,-0.000000000000000000e+00,0.000000000000000000e+00,0.000000000000000000e+00,-0.000000000000000000e+00,0.000000000000000000e+00,-4.581407132637416724e-01,-0.000000000000000000e+00,0.000000000000000000e+00,-0.000000000000000000e+00,-0.000000000000000000e+00,-0.000000000000000000e+00,-0.000000000000000000e+00,-1.924948372650469031e-01,-0.000000000000000000e+00,-2.290487866126929561e-01,-0.000000000000000000e+00,-0.000000000000000000e+00,-0.000000000000000000e+00,-0.000000000000000000e+00,-4.545343212339336691e-01,-0.000000000000000000e+00,-0.000000000000000000e+00,0.000000000000000000e+00,-0.000000000000000000e+00,-0.000000000000000000e+00,-0.000000000000000000e+00,-0.000000000000000000e+00,-0.000000000000000000e+00,-0.000000000000000000e+00
1.301490095201772723e-01,0.000000000000000000e+00,-0.000000000000000000e+00,0.000000000000000000e+00,0.000000000000000000e+00,0.000000000000000000e+00,4.319228511671138054e-02,-0.000000000000000000e+00,0.000000000000000000e+00,-0.000000000000000000e+00,1.442566912971527726e+00,0.000000000000000000e+00,0.000000000000000000e+00,-1.723825576420277561e-01,0.000000000000000000e+00,-0.000000000000000000e+00,-4.484758170326246796e-01,0.000000000000000000e+00,0.000000000000000000e+00,0.000000000000000000e+00,-1.122095855893692901e-01,0.000000000000000000e+00,-4.079846537353950392e-02,-0.000000000000000000e+00,-6.917321389516900565e-02,0.000000000000000000e+00,-3.439191885085720463e-02,-0.000000000000000000e+00,0.000000000000000000e+00,0.000000000000000000e+00,-1.421426076878751499e-01,0.000000000000000000e+00,-0.000000000000000000e+00,0.000000000000000000e+00,0.000000000000000000e+00,-1.825484635168199976e-01,0.000000000000000000e+00,-0.000000000000000000e+00,-0.000000000000000000e+00
-0.000000000000000000e+00,-0.000000000000000000e+00,-0.000000000000000000e+00,-0.000000000000000000e+00,-8.647288327247160122e-02,-0.000000000000000000e+00,0.000000000000000000e+00,0.000000000000000000e+00,-0.000000000000000000e+00,0.000000000000000000e+00,0.000000000000000000e+00,1.235825764221791356e+00,-0.000000000000000000e+00,-0.000000000000000000e+00,-3.449194164633213600e-01,0.000000000000000000e+00,0.000000000000000000e+00,-1.742190910534943682e-02,-0.000000000000000000e+00,-0.000000000000000000e+00,0.000000000000000000e+00,0.000000000000000000e+00,0.000000000000000000e+00,-0.000000000000000000e+00,0.000000000000000000e+00,-0.000000000000000000e+00,-0.000000000000000000e+00,8.220911210193246332e-02,-0.000000000000000000e+00,0.000000000000000000e+00,0.000000000000000000e+00,-6.844144694564711917e-02,-0.000000000000000000e+00,-0.000000000000000000e+00,-0.000000000000000000e+00,0.000000000000000000e+00,0.000000000000000000e+00,-7.948527830325051446e-02,-1.054140724962178005e-01
-0.000000000000000000e+00,-0.000000000000000000e+00,1.985872823778442667e-02,-1.538725397974529015e-02,0.000000000000000000e+00,-0.000000000000000000e+00,-1.226940071595083726e-01,0.000000000000000000e+00,-0.000000000000000000e+00,0.000000000000000000e+00,0.000000000000000000e+00,-0.000000000000000000e+00,1.828060284847885963e+00,0.000000000000000000e+00,-0.000000000000000000e+00,0.000000000000000000e+00,0.000000000000000000e+00,-0.000000000000000000e+00,-4.176295656991975414e-02,-1.103407776662685691e-01,6.679170664514374467e-01,0.000000000000000000e+00,0.000000000000000000e+00,0.000000000000000000e+00,-0.000000000000000000e+00,-0.000000000000000000e+00,1.707446596169902298e-01,0.000000000000000000e+00,-0.000000000000000000e+00,-0.000000000000000000e+00,4.123587745532070192e-01,-0.000000000000000000e+00,-0.000000000000000000e+00,-0.000000000000000000e+00,0.000000000000000000e+00,0.000000000000000000e+00,1.801746184315803842e-02,-0.000000000000000000e+00,-0.000000000000000000e+00
-0.000000000000000000e+00,0.000000000000000000e+00,-1.281413874654220852e-01,0.000000000000000000e+00,-0.000000000000000000e+00,-0.000000000000000000e+00,0.000000000000000000e+00,0.000000000000000000e+00,-0.000000000000000000e+00,-0.000000000000000000e+00,-1.723825576420277561e-01,-0.000000000000000000e+00,0.000000000000000000e+00,1.439853162102450401e+00,-0.000000000000000000e+00,-1.389755950196338852e-01,-0.000000000000000000e+00,-0.000000000000000000e+00,-0.000000000000000000e+00,-0.000000000000000000e+00,-0.000000000000000000e+00,0.000000000000000000e+00,-2.314633041722454487e-01,-4.509072520605610923e-01,-1.579601367477913854e-01,-0.000000000000000000e+00,-0.000000000000000000e+00,-0.000000000000000000e+00,-0.000000000000000000e+00,-0.000000000000000000e+00,-0.000000000000000000e+00,-0.000000000000000000e+00,-0.000000000000000000e+00,-0.000000000000000000e+00,-0.000000000000000000e+00,-1.174698516425011913e-01,-0.000000000000000000e+00,-0.000000000000000000e+00,-0.000000000000000000e+00
-0.000000000000000000e+00,0.000000000000000000e+00,0.000000000000000000e+00,-0.000000000000000000e+00,-0.000000000000000000e+00,-2.239364708086059516e-02,-2.720933837127780214e-04,0.000000000000000000e+00,-0.000000000000000000e+00,0.000000000000000000e+00,0.000000000000000000e+00,-3.449194164633213600e-01,-0.000000000000000000e+00,-0.000000000000000000e+00,2.247221380300169269e+00,0.000000000000000000e+00,8.268787179230033257e-02,-2.016414989886551878e-01,-1.440341042618364098e-01,-1.797797444696927205e-01,3.063245054973779413e-01,0.000000000000000000e+00,0.000000000000000000e+00,-0.000000000000000000e+00,0.000000000000000000e+00,-2.781950912094015640e-02,0.000000000000000000e+00,0.000000000000000000e+00,-3.624409676267389413e-01,-0.000000000000000000e+00,4.589099999219689030e-01,-2.055275195112071518e-01,-0.000000000000000000e+00,-1.165574538586908393e-04,-0.000000000000000000e+00,0.000000000000000000e+00,0.000000000000000000e+00,-0.000000000000000000e+00,-0.000000000000000000e+00
-0.000000000000000000e+00,-0.000000000000000000e+00,-0.000000000000000000e+00,-0.000000000000000000e+00,-0.000000000000000000e+00,0.000000000000000000e+00,-0.000000000000000000e+00,1.790129024937585356e-01,-8.568247356405220283e-02,-4.581407132637416724e-01,-0.000000000000000000e+00,0.000000000000000000e+00,0.000000000000000000e+00,-1.389755950196338852e-01,0.000000000000000000e+00,1.715047509876674647e+00,0.000000000000000000e+00,-0.000000000000000000e+00,-0.000000000000000000e+00,-0.000000000000000000e+00,-0.000000000000000000e+00,-0.000000000000000000e+00,-2.871301852942748645e-01,-0.000000000000000000e+00,-1.923313908540971728e-01,-0.000000000000000000e+00,0.000000000000000000e+00,-7.426449764716575030e-02,-0.000000000000000000e+00,-2.472103743845788792e-01,-0.000000000000000000e+00,-0.000000000000000000e+00,-0.000000000000000000e+00,-0.000000000000000000e+00,-0.000000000000000000e+00,-0.000000000000000000e+00,-0.000000000000000000e+00,-0.000000000000000000e+00,-0.000000000000000000e+00
4.254627356293985176e-03,-0.000000000000000000e+00,0.000000000000000000e+00,3.328720511929822989e-01,0.000000000000000000e+00,0.000000000000000000e+00,0.000000000000000000e+00,-0.000000000000000000e+00,0.000000000000000000e+00,-0.000000000000000000e+00,-4.484758170326246796e-01,0.000000000000000000e+00,0.000000000000000000e+00,-0.000000000000000000e+00,8.268787179230033257e-02,0.000000000000000000e+00,1.953073753346439734e+00,2.506779030064770208e-01,0.000000000000000000e+00,1.224065391054013699e-02,-0.000000000000000000e+00,-0.000000000000000000e+00,-0.000000000000000000e+00,0.000000000000000000e+00,0.000000000000000000e+00,0.000000000000000000e+00,-2.085379954602172015e-01,-0.000000000000000000e+00,2.136695262336064383e-01,0.000000000000000000e+00,-2.043583014158527056e-01,0.000000000000000000e+00,0.000000000000000000e+00,4.184952941108299740e-02,8.740343975875222715e-02,-1.474387743074908330e-01,0.000000000000000000e+00,0.000000000000000000e+00,0.000000000000000000e+00
-0.000000000000000000e+00,0.000000000000000000e+00,-0.000000000000000000e+00,-1.884957668536782760e-01,-0.000000000000000000e+00,-9.821276836224267226e-02,-0.000000000000000000e+00,0.000000000000000000e+00,-2.240909031920945704e-02,0.000000000000000000e+00,0.000000000000000000e+00,-1.742190910534943682e-02,-0.000000000000000000e+00,-0.000000000000000000e+00,-2.016414989886551878e-01,-0.000000000000000000e+00,2.506779030064770208e-01,2.585544049182128212e+00,-4.553310118731122014e-01,-3.486425877895323877e-01,1.090280350811146000e-02,0.000000000000000000e+00,-0.000000000000000000e+00,-0.000000000000000000e+00,-0.000000000000000000e+00,-2.816138585144868922e-01,0.000000000000000000e+00,0.000000000000000000e+00,-2.834128013741775698e-01,-0.000000000000000000e+00,2.662922001131386440e-01,-1.335007545631531900e-01,-0.000000000000000000e+00,-1.183398036195440622e-01,-0.000000000000000000e+00,0.000000000000000000e+00,-0.000000000000000000e+00,-9.248596921607520061e-02,-0.000000000000000000e+00
-0.000000000000000000e+00,0.000000000000000000e+00,-0.000000000000000000e+00,-2.192234836025400979e-01,-0.000000000000000000e+00,-0.000000000000000000e+00,-0.000000000000000000e+00,0.000000000000000000e+00,-1.185141213774946883e-01,-0.000000000000000000e+00,0.000000000000000000e+00,-0.000000000000000000e+00,-4.176295656991975414e-02,-0.000000000000000000e+00,-1.440341042618364098e-01,-0.000000000000000000e+00,0.000000000000000000e+00,-4.553310118731122014e-01,2.291370985588980780e+00,-1.575861015216944994e-01,2.613125622942056303e-01,1.024404415000018248e-01,-0.000000000000000000e+00,-0.000000000000000000e+00,-0.000000000000000000e+00,-0.000000000000000000e+00,1.773992820114119462e-01,0.000000000000000000e+00,-3.587980457630187553e-02,-0.000000000000000000e+00,0.000000000000000000e+00,-0.000000000000000000e+00,-0.000000000000000000e+00,-1.995521742203132942e-01,-0.000000000000000000e+00,4.645067466064617401e-02,-0.000000000000000000e+00,-4.906515791321545139e-01,-0.000000000000000000e+00
-0.000000000000000000e+00,0.000000000000000000e+00,-0.000000000000000000e+00,-2.516949090005167755e-01,-0.000000000000000000e+00,-0.000000000000000000e+00,-1.032591986083675334e-01,0.000000000000000000e+00,-1.909840340942508818e-01,-0.000000000000000000e+00,0.000000000000000000e+00,-0.000000000000000000e+00,-1.103407776662685691e-01,-0.000000000000000000e+00,-1.797797444696927205e-01,-0.000000000000000000e+00,1.224065391054013699e-02,-3.486425877895323877e-01,-1.575861015216944994e-01,1.937620799142407924e+00,0.000000000000000000e+00,0.000000000000000000e+00,-0.000000000000000000e+00,-0.000000000000000000e+00,-6.555564652704652662e-02,-1.289357306080756993e-01,0.000000000000000000e+00,0.000000000000000000e+00,-7.063184168141664609e-02,-5.801142524324004457e-02,0.000000000000000000e+00,-0.000000000000000000e+00,-5.493053013983905525e-02,-1.333776666916200448e-01,-0.000000000000000000e+00,0.000000000000000000e+00,-0.000000000000000000e+00,-1.289417507510562562e-02,-0.000000000000000000e+00
0.000000000000000000e+00,0.000000000000000000e+00,-1.398441915247440603e-01,7.990324224158418254e-02,0.000000000000000000e+00,1.994453009079854844e-01,4.467419445104088560e-02,0.000000000000000000e+00,0.000000000000000000e+00,-0.000000000000000000e+00,-1.122095855893692901e-01,0.000000000000000000e+00,6.679170664514374467e-01,-0.000000000000000000e+00,3.063245054973779413e-01,-0.000000000000000000e+00,-0.000000000000000000e+00,1.090280350811146000e-02,2.613125622942056303e-01,0.000000000000000000e+00,2.156703074459948244e+00,-0.000000000000000000e+00,-0.000000000000000000e+00,0.000000000000000000e+00,-0.000000000000000000e+00,0.000000000000000000e+00,-1.347916135874144550e-01,-0.000000000000000000e+00,0.000000000000000000e+00,0.000000000000000000e+00,-3.804271478206462387e-01,0.000000000000000000e+00,0.000000000000000000e+00,0.000000000000000000e+00,0.000000000000000000e+00,-0.000000000000000000e+00,-0.000000000000000000e+00,0.000000000000000000e+00,0.000000000000000000e+00
-0.000000000000000000e+00,-1.481648004748689074e-01,-0.000000000000000000e+00,0.000000000000000000e+00,0.000000000000000000e+00,0.000000000000000000e+00,0.000000000000000000e+00,0.000000000000000000e+00,0.000000000000000000e+00,-0.000000000000000000e+00,0.000000000000000000e+00,0.000000000000000000e+00,0.000000000000000000e+00,0.000000000000000000e+00,0.000000000000000000e+00,-0.000000000000000000e+00,-0.000000000000000000e+00,0.000000000000000000e+00,1.024404415000018248e-01,0.000000000000000000e+00,-0.000000000000000000e+00,1.051229105853143775e+00,0.000000000000000000e+00,0.000000000000000000e+00,0.000000000000000000e+00,0.000000000000000000e+00,-9.260288048619601253e-02,-9.380590181981636466e-02,0.000000000000000000e+00,-0.000000000000000000e+00,-0.000000000000000000e+00,0.000000000000000000e+00,0.000000000000000000e+00,0.000000000000000000e+00,-0.000000000000000000e+00,-0.000000000000000000e+00,-0.000000000000000000e+00,0.000000000000000000e+00,0.000000000000000000e+00
-0.000000000000000000e+00,-0.000000000000000000e+00,-0.000000000000000000e+00,-0.000000000000000000e+00,-0.000000000000000000e+00,0.000000000000000000e+00,-0.000000000000000000e+00,0.000000000000000000e+00,-0.000000000000000000e+00,-1.924948372650469031e-01,-4.079846537353950392e-02,0.000000000000000000e+00,0.000000000000000000e+00,-2.314633041722454487e-01,0.000000000000000000e+00,-2.871301852942748645e-01,-0.000000000000000000e+00,-0.000000000000000000e+00,-0.000000000000000000e+00,-0.000000000000000000e+00,-0.000000000000000000e+00,0.000000000000000000e+00,1.690388646106575132e+00,-0.000000000000000000e+00,-5.988535516126366476e-01,-0.000000000000000000e+00,-0.000000000000000000e+00,-1.203172967739207511e-01,-0.000000000000000000e+00,-0.000000000000000000e+00,-0.000000000000000000e+00,-0.000000000000000000e+00,-1.005459977765190971e-01,-0.000000000000000000e+00,-0.000000000000000000e+00,-0.000000000000000000e+00,-0.000000000000000000e+00,-0.000000000000000000e+00,-5.697556622473071847e-02
0.000000000000000000e+00,0.000000000000000000e+00,-0.000000000000000000e+00,-0.000000000000000000e+00,-0.000000000000000000e+00,-0.000000000000000000e+00,0.000000000000000000e+00,0.000000000000000000e+00,-0.000000000000000000e+00,-0.000000000000000000e+00,-0.000000000000000000e+00,-0.000000000000000000e+00,0.000000000000000000e+00,-4.509072520605610923e-01,-0.000000000000000000e+00,-0.000000000000000000e+00,0.000000000000000000e+00,-0.000000000000000000e+00,-0.000000000000000000e+00,-0.000000000000000000e+00,0.000000000000000000e+00,0.000000000000000000e+00,-0.000000000000000000e+00,1.466551345604870216e+00,-2.341188763588763003e-02,-0.000000000000000000e+00,0.000000000000000000e+00,-0.000000000000000000e+00,-0.000000000000000000e+00,-0.000000000000000000e+00,-0.000000000000000000e+00,-0.000000000000000000e+00,-5.438940863889821786e-01,-0.000000000000000000e+00,-1.405279972271842870e-01,-0.000000000000000000e+00,-0.000000000000000000e+00,-0.000000000000000000e+00,-0.000000000000000000e+00
-0.000000000000000000e+00,0.000000000000000000e+00,-1.056659428699557521e-02,-0.000000000000000000e+00,-0.000000000000000000e+00,0.000000000000000000e+00,-0.000000000000000000e+00,0.000000000000000000e+00,-0.000000000000000000e+00,-2.290487866126929561e-01,-6.917321389516900565e-02,0.000000000000000000e+00,-0.000000000000000000e+00,-1.579601367477913854e-01,0.000000000000000000e+00,-1.923313908540971728e-01,0.000000000000000000e+00,-0.000000000000000000e+00,-0.000000000000000000e+00,-6.555564652704652662e-02,-0.000000000000000000e+00,0.000000000000000000e+00,-5.988535516126366476e-01,-2.341188763588763003e-02,1.731481491009295048e+00,-0.000000000000000000e+00,0.000000000000000000e+00,-0.000000000000000000e+00,-0.000000000000000000e+00,-0.000000000000000000e+00,-0.000000000000000000e+00,-0.000000000000000000e+00,-2.329019220017111702e-01,-0.000000000000000000e+00,0.000000000000000000e+00,-0.000000000000000000e+00,-0.000000000000000000e+00,-2.776851903177451550e-02,-1.714971344248691354e-01
-1.779978768673650125e-01,-0.000000000000000000e+00,-0.000000000000000000e+00,-5.532937158424584834e-02,-0.000000000000000000e+00,-2.344978401959007738e-02,-0.000000000000000000e+00,0.000000000000000000e+00,-1.185776816789584909e-01,-0.000000000000000000e+00,0.000000000000000000e+00,-0.000000000000000000e+00,-0.000000000000000000e+00,-0.000000000000000000e+00,-2.781950912094015640e-02,-0.000000000000000000e+00,0.000000000000000000e+00,-2.816138585144868922e-01,-0.000000000000000000e+00,-1.289357306080756993e-01,0.000000000000000000e+00,0.000000000000000000e+00,-0.000000000000000000e+00,-0.000000000000000000e+00,-0.000000000000000000e+00,2.136348631252990238e+00,0.000000000000000000e+00,-0.000000000000000000e+00,-4.555716490716114064e-01,-0.000000000000000000e+00,0.000000000000000000e+00,-1.489493853928876566e-01,-0.000000000000000000e+00,-8.469218532774777652e-02,-0.000000000000000000e+00,0.000000000000000000e+00,-0.000000000000000000e+00,-5.520639383379961629e-01,-0.000000000000000000e+00
0.000000000000000000e+00,-0.000000000000000000e+00,0.000000000000000000e+00,1.071488256117380522e-01,0.000000000000000000e+00,0.000000000000000000e+00,1.958426563284474120e-01,-0.000000000000000000e+00,0.000000000000000000e+00,-0.000000000000000000e+00,-3.439191885085720463e-02,-0.000000000000000000e+00,1.707446596169902298e-01,-0.000000000000000000e+00,0.000000000000000000e+00,0.000000000000000000e+00,-2.085379954602172015e-01,0.000000000000000000e+00,1.773992820114119462e-01,0.000000000000000000e+00,-1.347916135874144550e-01,-9.260288048619601253e-02,-0.000000000000000000e+00,0.000000000000000000e+00,0.000000000000000000e+00,0.000000000000000000e+00,1.587651930402509848e+00,-0.000000000000000000e+00,0.000000000000000000e+00,0.000000000000000000e+00,-2.508303469554576393e-01,0.000000000000000000e+00,0.000000000000000000e+00,0.000000000000000000e+00,0.000000000000000000e+00,-2.343140074874048781e-02,-0.000000000000000000e+00,0.000000000000000000e+00,0.000000000000000000e+00
-0.000000000000000000e+00,-0.000000000000000000e+00,-0.000000000000000000e+00,-0.000000000000000000e+00,-0.000000000000000000e+00,-0.000000000000000000e+00,-0.000000000000000000e+00,0.000000000000000000e+00,-0.000000000000000000e+00,-0.000000000000000000e+00,-0.000000000000000000e+00,8.220911210193246332e-02,0.000000000000000000e+00,-0.000000000000000000e+00,0.000000000000000000e+00,-7.426449764716575030e-02,-0.000000000000000000e+00,0.000000000000000000e+00,0.000000000000000000e+00,0.000000000000000000e+00,-0.000000000000000000e+00,-9.380590181981636466e-02,-1.203172967739207511e-01,-0.000000000000000000e+00,-0.000000000000000000e+00,-0.000000000000000000e+00,-0.000000000000000000e+00,1.044920462826509633e+00,0.000000000000000000e+00,-0.000000000000000000e+00,-5.441742152036139341e-02,0.000000000000000000e+00,-0.000000000000000000e+00,-0.000000000000000000e+00,-3.877155987167230089e-02,-0.000000000000000000e+00,-1.815525269436477421e-02,-0.000000000000000000e+00,-0.000000000000000000e+00
-1.717773327546199824e-01,-0.000000000000000000e+00,0.000000000000000000e+00,-0.000000000000000000e+00,-0.000000000000000000e+00,-2.507040958492069982e-01,-0.000000000000000000e+00,0.000000000000000000e+00,-1.107700420985723300e-01,-0.000000000000000000e+00,0.000000000000000000e+00,-0.000000000000000000e+00,-0.000000000000000000e+00,-0.000000000000000000e+00,-3.624409676267389413e-01,-0.000000000000000000e+00,2.136695262336064383e-01,-2.834128013741775698e-01,-3.587980457630187553e-02,-7.063184168141664609e-02,0.000000000000000000e+00,0.000000000000000000e+00,-0.000000000000000000e+00,-0.000000000000000000e+00,-0.000000000000000000e+00,-4.555716490716114064e-01,0.000000000000000000e+00,0.000000000000000000e+00,2.571611637535307970e+00,-0.000000000000000000e+00,1.002728261814207628e-01,-6.443128817186010160e-01,-0.000000000000000000e+00,-4.933151698877537294e-02,-9.169092947931223314e-02,0.000000000000000000e+00,-0.000000000000000000e+00,-0.000000000000000000e+00,-0.000000000000000000e+00
-3.563623563013556539e-01,-2.210125499024707257e-02,-0.000000000000000000e+00,-0.000000000000000000e+00,-4.542009773587128013e-02,-0.000000000000000000e+00,-2.902717424409576377e-02,2.847091130477020782e-01,-3.088036005298356312e-01,-4.545343212339336691e-01,0.000000000000000000e+00,0.000000000000000000e+00,-0.000000000000000000e+00,-0.000000000000000000e+00,-0.000000000000000000e+00,-2.472103743845788792e-01,0.000000000000000000e+00,-0.000000000000000000e+00,-0.000000000000000000e+00,-5.801142524324004457e-02,0.000000000000000000e+00,-0.000000000000000000e+00,-0.000000000000000000e+00,-0.000000000000000000e+00,-0.000000000000000000e+00,-0.000000000000000000e+00,0.000000000000000000e+00,-0.000000000000000000e+00,-0.000000000000000000e+00,1.871779591980903934e+00,0.000000000000000000e+00,-6.382707780370547312e-02,0.000000000000000000e+00,-0.000000000000000000e+00,-0.000000000000000000e+00,0.000000000000000000e+00,-0.000000000000000000e+00,-0.000000000000000000e+00,-0.000000000000000000e+00
0.000000000000000000e+00,-0.000000000000000000e+00,-0.000000000000000000e+00,2.078745996339516344e-01,0.000000000000000000e+00,0.000000000000000000e+00,0.000000000000000000e+00,-0.000000000000000000e+00,0.000000000000000000e+00,-0.000000000000000000e+00,-1.421426076878751499e-01,0.000000000000000000e+00,4.123587745532070192e-01,-0.000000000000000000e+00,4.589099999219689030e-01,-0.000000000000000000e+00,-2.043583014158527056e-01,2.662922001131386440e-01,0.000000000000000000e+00,0.000000000000000000e+00,-3.804271478206462387e-01,-0.000000000000000000e+00,-0.000000000000000000e+00,-0.000000000000000000e+00,-0.000000000000000000e+00,0.000000000000000000e+00,-2.508303469554576393e-01,-5.441742152036139341e-02,1.002728261814207628e-01,0.000000000000000000e+00,2.355471453870321419e+00,1.778598758934855917e-02,-0.000000000000000000e+00,0.000000000000000000e+00,0.000000000000000000e+00,-0.000000000000000000e+00,-0.000000000000000000e+00,0.000000000000000000e+00,0.000000000000000000e+00
-1.793303541573637028e-01,-0.000000000000000000e+00,0.000000000000000000e+00,-0.000000000000000000e+00,-1.864101348161300298e-01,-0.000000000000000000e+00,-0.000000000000000000e+00,0.000000000000000000e+00,-2.050152063872831276e-01,-0.000000000000000000e+00,0.000000000000000000e+00,-6.844144694564711917e-02,-0.000000000000000000e+00,-0.000000000000000000e+00,-2.055275195112071518e-01,-0.000000000000000000e+00,0.000000000000000000e+00,-1.335007545631531900e-01,-0.000000000000000000e+00,-0.000000000000000000e+00,0.000000000000000000e+00,0.000000000000000000e+00,-0.000000000000000000e+00,-0.000000000000000000e+00,-0.000000000000000000e+00,-1.489493853928876566e-01,0.000000000000000000e+00,0.000000000000000000e+00,-6.443128817186010160e-01,-6.382707780370547312e-02,1.778598758934855917e-02,2.058671361931739607e+00,-0.000000000000000000e+00,-9.817133859015517161e-02,-1.078272552917325031e-02,0.000000000000000000e+00,-0.000000000000000000e+00,-0.000000000000000000e+00,-0.000000000000000000e+00
0.000000000000000000e+00,4.742208859599595511e-02,-0.000000000000000000e+00,-0.000000000000000000e+00,-0.000000000000000000e+00,-8.956999269941831252e-03,0.000000000000000000e+00,0.000000000000000000e+00,-0.000000000000000000e+00,0.000000000000000000e+00,-0.000000000000000000e+00,-0.000000000000000000e+00,-0.000000000000000000e+00,-0.000000000000000000e+00,-0.000000000000000000e+00,-0.000000000000000000e+00,0.000000000000000000e+00,-0.000000000000000000e+00,-0.000000000000000000e+00,-5.493053013983905525e-02,0.000000000000000000e+00,0.000000000000000000e+00,-1.005459977765190971e-01,-5.438940863889821786e-01,-2.329019220017111702e-01,-0.000000000000000000e+00,0.000000000000000000e+00,-0.000000000000000000e+00,-0.000000000000000000e+00,0.000000000000000000e+00,-0.000000000000000000e+00,-0.000000000000000000e+00,1.429496090068296033e+00,-0.000000000000000000e+00,-0.000000000000000000e+00,-0.000000000000000000e+00,-0.000000000000000000e+00,-2.145563691047736032e-01,-0.000000000000000000e+00
-4.040056859259482346e-03,-0.000000000000000000e+00,-0.000000000000000000e+00,-2.688618110306394415e-01,-4.757162193106060921e-01,-0.000000000000000000e+00,-3.576210509066793408e-04,1.903926693950069027e-01,-6.044214878371610977e-01,-0.000000000000000000e+00,0.000000000000000000e+00,-0.000000000000000000e+00,-0.000000000000000000e+00,-0.000000000000000000e+00,-1.165574538586908393e-04,-0.000000000000000000e+00,4.184952941108299740e-02,-1.183398036195440622e-01,-1.995521742203132942e-01,-1.333776666916200448e-01,0.000000000000000000e+00,0.000000000000000000e+00,-0.000000000000000000e+00,-0.000000000000000000e+00,-0.000000000000000000e+00,-8.469218532774777652e-02,0.000000000000000000e+00,-0.000000000000000000e+00,-4.933151698877537294e-02,-0.000000000000000000e+00,0.000000000000000000e+00,-9.817133859015517161e-02,-0.000000000000000000e+00,2.420994923427836287e+00,-0.000000000000000000e+00,0.000000000000000000e+00,-0.000000000000000000e+00,-1.799947106255765372e-01,-8.956835589010812837e-02
-0.000000000000000000e+00,-0.000000000000000000e+00,0.000000000000000000e+00,-0.000000000000000000e+00,-0.000000000000000000e+00,-2.659918840292717634e-01,-0.000000000000000000e+00,-0.000000000000000000e+00,-0.000000000000000000e+00,-0.000000000000000000e+00,0.000000000000000000e+00,-0.000000000000000000e+00,0.000000000000000000e+00,-0.000000000000000000e+00,-0.000000000000000000e+00,-0.000000000000000000e+00,8.740343975875222715e-02,-0.000000000000000000e+00,-0.000000000000000000e+00,-0.000000000000000000e+00,0.000000000000000000e+00,-0.000000000000000000e+00,-0.000000000000000000e+00,-1.405279972271842870e-01,0.000000000000000000e+00,-0.000000000000000000e+00,0.000000000000000000e+00,-3.877155987167230089e-02,-9.169092947931223314e-02,-0.000000000000000000e+00,0.000000000000000000e+00,-1.078272552917325031e-02,-0.000000000000000000e+00,-0.000000000000000000e+00,1.211248074378467265e+00,0.000000000000000000e+00,-2.860340746864537542e-01,-0.000000000000000000e+00,0.000000000000000000e+00
0.000000000000000000e+00,-0.000000000000000000e+00,0.000000000000000000e+00,0.000000000000000000e+00,4.804212591594303472e-03,0.000000000000000000e+00,0.000000000000000000e+00,-0.000000000000000000e+00,0.000000000000000000e+00,-0.000000000000000000e+00,-1.825484635168199976e-01,0.000000000000000000e+00,0.000000000000000000e+00,-1.174698516425011913e-01,0.000000000000000000e+00,-0.000000000000000000e+00,-1.474387743074908330e-01,0.000000000000000000e+00,4.645067466064617401e-02,0.000000000000000000e+00,-0.000000000000000000e+00,-0.000000000000000000e+00,-0.000000000000000000e+00,-0.000000000000000000e+00,-0.000000000000000000e+00,0.000000000000000000e+00,-2.343140074874048781e-02,-0.000000000000000000e+00,0.000000000000000000e+00,0.000000000000000000e+00,-0.000000000000000000e+00,0.000000000000000000e+00,-0.000000000000000000e+00,0.000000000000000000e+00,0.000000000000000000e+00,1.110493133610588323e+00,-0.000000000000000000e+00,0.000000000000000000e+00,0.000000000000000000e+00
-0.000000000000000000e+00,-0.000000000000000000e+00,-0.000000000000000000e+00,0.000000000000000000e+00,-0.000000000000000000e+00,-0.000000000000000000e+00,0.000000000000000000e+00,-0.000000000000000000e+00,-0.000000000000000000e+00,-0.000000000000000000e+00,0.000000000000000000e+00,0.000000000000000000e+00,1.801746184315803842e-02,-0.000000000000000000e+00,0.000000000000000000e+00,-0.000000000000000000e+00,0.000000000000000000e+00,-0.000000000000000000e+00,-0.000000000000000000e+00,-0.000000000000000000e+00,-0.000000000000000000e+00,-0.000000000000000000e+00,-0.000000000000000000e+00,-0.000000000000000000e+00,-0.000000000000000000e+00,-0.000000000000000000e+00,-0.000000000000000000e+00,-1.815525269436477421e-02,-0.000000000000000000e+00,-0.000000000000000000e+00,-0.000000000000000000e+00,-0.000000000000000000e+00,-0.000000000000000000e+00,-0.000000000000000000e+00,-2.860340746864537542e-01,-0.000000000000000000e+00,1.075896520660634126e+00,0.000000000000000000e+00,0.000000000000000000e+00
-0.000000000000000000e+00,0.000000000000000000e+00,-0.000000000000000000e+00,-1.480731852473521175e-02,-0.000000000000000000e+00,-0.000000000000000000e+00,-0.000000000000000000e+00,0.000000000000000000e+00,-0.000000000000000000e+00,-0.000000000000000000e+00,-0.000000000000000000e+00,-7.948527830325051446e-02,-0.000000000000000000e+00,-0.000000000000000000e+00,-0.000000000000000000e+00,-0.000000000000000000e+00,0.000000000000000000e+00,-9.248596921607520061e-02,-4.906515791321545139e-01,-1.289417507510562562e-02,0.000000000000000000e+00,0.000000000000000000e+00,-0.000000000000000000e+00,-0.000000000000000000e+00,-2.776851903177451550e-02,-5.520639383379961629e-01,0.000000000000000000e+00,-0.000000000000000000e+00,-0.000000000000000000e+00,-0.000000000000000000e+00,0.000000000000000000e+00,-0.000000000000000000e+00,-2.145563691047736032e-01,-1.799947106255765372e-01,-0.000000000000000000e+00,0.000000000000000000e+00,0.000000000000000000e+00,1.947123389438900176e+00,-2.889385334640190983e-01
-0.000000000000000000e+00,-0.000000000000000000e+00,-6.325272488999214571e-02,-0.000000000000000000e+00,-2.160716524981758091e-01,9.471535668552669152e-02,-0.000000000000000000e+00,5.621402984301935440e-02,-1.169236933928523570e-01,-0.000000000000000000e+00,-0.000000000000000000e+00,-1.054140724962178005e-01,-0.000000000000000000e+00,-0.000000000000000000e+00,-0.000000000000000000e+00,-0.000000000000000000e+00,0.000000000000000000e+00,-0.000000000000000000e+00,-0.000000000000000000e+00,-0.000000000000000000e+00,0.000000000000000000e+00,0.000000000000000000e+00,-5.697556622473071847e-02,-0.000000000000000000e+00,-1.714971344248691354e-01,-0.000000000000000000e+00,0.000000000000000000e+00,-0.000000000000000000e+00,-0.000000000000000000e+00,-0.000000000000000000e+00,0.000000000000000000e+00,-0.000000000000000000e+00,-0.000000000000000000e+00,-8.956835589010812837e-02,0.000000000000000000e+00,0.000000000000000000e+00,0.000000000000000000e+00,-2.889385334640190983e-01,1.404248685587343948e+00
