2.677552263060499538e+00,-0.000000000000000000e+00,-0.000000000000000000e+00,0.000000000000000000e+00,-0.000000000000000000e+00,0.000000000000000000e+00,-0.000000000000000000e+00,3.578728833702451984e-01,-0.000000000000000000e+00,-7.869926894062717615e-02,-0.000000000000000000e+00,0.000000000000000000e+00,-0.000000000000000000e+00,0.000000000000000000e+00,-2.403862804541925455e-02,-4.688661283028026094e-01,-0.000000000000000000e+00,-3.361285126734118167e-01,-0.000000000000000000e+00,-0.000000000000000000e+00,-0.000000000000000000e+00,-0.000000000000000000e+00,-0.000000000000000000e+00,0.000000000000000000e+00,-0.000000000000000000e+00,-0.000000000000000000e+00,3.568004843124267245e-01,-0.000000000000000000e+00,-0.000000000000000000e+00,-5.498302393017754364e-01,1.021929519054125268e-01,1.101693142557642197e-01,0.000000000000000000e+00,-0.000000000000000000e+00,0.000000000000000000e+00,-8.803993380359703691e-02,0.000000000000000000e+00,-5.612577116875661076e-01,-0.000000000000000000e+00
-0.000000000000000000e+00,1.710521650616020572e+00,-1.333421538633390024e-01,-0.000000000000000000e+00,-1.425799103504354730e-02,-0.000000000000000000e+00,-0.000000000000000000e+00,5.442953834792645801e-02,-4.843100584411694741e-03,-6.865549161958005298e-02,0.000000000000000000e+00,-1.687726534077455265e-01,-0.000000000000000000e+00,-0.000000000000000000e+00,0.000000000000000000e+00,-3.274312257542530413e-01,0.000000000000000000e+00,-0.000000000000000000e+00,-0.000000000000000000e+00,0.000000000000000000e+00,-0.000000000000000000e+00,-0.000000000000000000e+00,-1.140908288154993677e-01,0.000000000000000000e+00,-1.746395137107961959e-01,0.000000000000000000e+00,-0.000000000000000000e+00,0.000000000000000000e+00,0.000000000000000000e+00,-0.000000000000000000e+00,-0.000000000000000000e+00,-0.000000000000000000e+00,-0.000000000000000000e+00,-1.149023233757484053e-01,0.000000000000000000e+00,-2.445128915447957185e-01,0.000000000000000000e+00,-0.000000000000000000e+00,-5.169582339790391723e-01
-0.000000000000000000e+00,-1.333421538633390024e-01,1.820848038300350913e+00,-3.206960354525182494e-02,-0.000000000000000000e+00,-0.000000000000000000e+00,-2.777745360502030247e-01,0.000000000000000000e+00,-9.073794611761344664e-02,-0.000000000000000000e+00,0.000000000000000000e+00,-0.000000000000000000e+00,2.666044049202279664e-01,-0.000000000000000000e+00,0.000000000000000000e+00,-0.000000000000000000e+00,0.000000000000000000e+00,-0.000000000000000000e+00,-2.801920224069576748e-01,-2.305979878150327469e-02,-1.049415583446510203e-01,-2.638476688026262229e-01,-0.000000000000000000e+00,-0.000000000000000000e+00,-1.978488326128425012e-01,-0.000000000000000000e+00,-1.068071849953770164e-01,-9.158550005167805097e-02,0.000000000000000000e+00,-0.000000000000000000e+00,-1.892611877094664830e-01,-0.000000000000000000e+00,-3.548529116021062468e-01,-0.000000000000000000e+00,-0.000000000000000000e+00,-0.000000000000000000e+00,-0.000000000000000000e+00,0.000000000000000000e+00,-0.000000000000000000e+00
0.000000000000000000e+00,-0.000000000000000000e+00,-3.206960354525182494e-02,1.151762706662063707e+00,0.000000000000000000e+00,-0.000000000000000000e+00,-3.145018534847082159e-01,0.000000000000000000e+00,0.000000000000000000e+00,0.000000000000000000e+00,0.000000000000000000e+00,-0.000000000000000000e+00,0.000000000000000000e+00,0.000000000000000000e+00,0.000000000000000000e+00,0.000000000000000000e+00,0.000000000000000000e+00,-0.000000000000000000e+00,-1.062796519328254585e-01,-0.000000000000000000e+00,-1.356790360877613011e-01,-0.000000000000000000e+00,0.000000000000000000e+00,-0.000000000000000000e+00,0.000000000000000000e+00,0.000000000000000000e+00,-0.000000000000000000e+00,0.000000000000000000e+00,3.652341937614767692e-02,0.000000000000000000e+00,-0.000000000000000000e+00,-0.000000000000000000e+00,-0.000000000000000000e+00,-0.000000000000000000e+00,0.000000000000000000e+00,-0.000000000000000000e+00,-0.000000000000000000e+00,1.717544831988652154e-01,0.000000000000000000e+00
-0.000000000000000000e+00,-1.425799103504354730e-02,-0.000000000000000000e+00,0.000000000000000000e+00,1.370947198782234144e+00,0.000000000000000000e+00,-0.000000000000000000e+00,1.261280201622282937e-01,-3.633426432905021430e-01,-2.383128946198422374e-02,0.000000000000000000e+00,0.000000000000000000e+00,-0.000000000000000000e+00,-0.000000000000000000e+00,0.000000000000000000e+00,-7.503884490437454091e-02,0.000000000000000000e+00,-0.000000000000000000e+00,-5.947361043615631560e-02,1.243109971000330716e-01,5.834027278159489849e-02,5.182033796315228813e-02,-0.000000000000000000e+00,0.000000000000000000e+00,-0.000000000000000000e+00,-0.000000000000000000e+00,0.000000000000000000e+00,0.000000000000000000e+00,0.000000000000000000e+00,-0.000000000000000000e+00,0.000000000000000000e+00,0.000000000000000000e+00,0.000000000000000000e+00,-2.261964047781236109e-01,0.000000000000000000e+00,-0.000000000000000000e+00,0.000000000000000000e+00,-0.000000000000000000e+00,-6.269355010769737946e-02
0.000000000000000000e+00,-0.000000000000000000e+00,-0.000000000000000000e+00,-0.000000000000000000e+00,0.000000000000000000e+00,2.494135304636833084e+00,-0.000000000000000000e+00,-0.000000000000000000e+00,-0.000000000000000000e+00,-0.000000000000000000e+00,-0.000000000000000000e+00,0.000000000000000000e+00,0.000000000000000000e+00,-0.000000000000000000e+00,-0.000000000000000000e+00,-0.000000000000000000e+00,0.000000000000000000e+00,0.000000000000000000e+00,0.000000000000000000e+00,-0.000000000000000000e+00,-1.521275904707423687e-01,-2.065919282981211122e-02,-4.732714829053017436e-01,-6.802874606792788104e-01,-4.074038136239013785e-01,-1.596826641404603675e-01,-0.000000000000000000e+00,-0.000000000000000000e+00,-2.123289523545057039e-02,-0.000000000000000000e+00,-0.000000000000000000e+00,-1.911420460803784083e-01,-1.218690301707498064e-01,0.000000000000000000e+00,-9.663248401613369620e-02,0.000000000000000000e+00,-2.217395068811481018e-01,-0.000000000000000000e+00,0.000000000000000000e+00
-0.000000000000000000e+00,-0.000000000000000000e+00,-2.777745360502030247e-01,-3.145018534847082159e-01,-0.000000000000000000e+00,-0.000000000000000000e+00,1.289590055773356614e+00,0.000000000000000000e+00,-0.000000000000000000e+00,-0.000000000000000000e+00,-0.000000000000000000e+00,0.000000000000000000e+00,1.180199412942381856e-02,-0.000000000000000000e+00,0.000000000000000000e+00,-0.000000000000000000e+00,0.000000000000000000e+00,0.000000000000000000e+00,-0.000000000000000000e+00,-7.654689212620183723e-03,-0.000000000000000000e+00,-0.000000000000000000e+00,-4.188297769848500079e-02,-2.986720625546816776e-02,-5.170486029681931744e-02,-0.000000000000000000e+00,-0.000000000000000000e+00,-0.000000000000000000e+00,-0.000000000000000000e+00,-0.000000000000000000e+00,-5.774844544574639360e-02,-0.000000000000000000e+00,-0.000000000000000000e+00,0.000000000000000000e+00,-1.506372386092623417e-01,0.000000000000000000e+00,-0.000000000000000000e+00,0.000000000000000000e+00,-0.000000000000000000e+00
3.578728833702451984e-01,5.442953834792645801e-02,0.000000000000000000e+00,0.000000000000000000e+00,1.261280201622282937e-01,-0.000000000000000000e+00,0.000000000000000000e+00,2.067370421106104139e+00,0.000000000000000000e+00,6.541977238966978185e-03,0.000000000000000000e+00,0.000000000000000000e+00,0.000000000000000000e+00,-0.000000000000000000e+00,0.000000000000000000e+00,1.380575999323187808e-01,-0.000000000000000000e+00,2.324248660292835555e-01,4.682038625978346413e-01,-2.003535481364457013e-02,0.000000000000000000e+00,0.000000000000000000e+00,0.000000000000000000e+00,-0.000000000000000000e+00,0.000000000000000000e+00,-0.000000000000000000e+00,-0.000000000000000000e+00,0.000000000000000000e+00,0.000000000000000000e+00,0.000000000000000000e+00,-0.000000000000000000e+00,-0.000000000000000000e+00,-2.467859272172172880e-01,3.566586276785829179e-01,-0.000000000000000000e+00,0.000000000000000000e+00,-1.407375517913817542e-01,0.000000000000000000e+00,-0.000000000000000000e+00
-0.000000000000000000e+00,-4.843100584411694741e-03,-9.073794611761344664e-02,0.000000000000000000e+00,-3.633426432905021430e-01,-0.000000000000000000e+00,-0.000000000000000000e+00,0.000000000000000000e+00,2.331927465900653473e+00,-7.327975607802976743e-01,-0.000000000000000000e+00,-0.000000000000000000e+00,-0.000000000000000000e+00,-6.681731958937234261e-02,-0.000000000000000000e+00,-4.186300196610791002e-01,-0.000000000000000000e+00,-0.000000000000000000e+00,-0.000000000000000000e+00,-0.000000000000000000e+00,-0.000000000000000000e+00,-0.000000000000000000e+00,-2.848363498910748762e-02,0.000000000000000000e+00,-2.439604769022318265e-01,-0.000000000000000000e+00,-0.000000000000000000e+00,-3.879558515471868280e-02,-0.000000000000000000e+00,-3.024413378700253063e-01,0.000000000000000000e+00,-0.000000000000000000e+00,-0.000000000000000000e+00,-0.000000000000000000e+00,-0.000000000000000000e+00,-0.000000000000000000e+00,-0.000000000000000000e+00,-1.115526004217389788e-01,-1.768360210086003248e-01
-7.869926894062717615e-02,-6.865549161958005298e-02,-0.000000000000000000e+00,0.000000000000000000e+00,-2.383128946198422374e-02,-0.000000000000000000e+00,-0.000000000000000000e+00,6.541977238966978185e-03,-7.327975607802976743e-01,2.672014480768145628e+00,-0.000000000000000000e+00,-0.000000000000000000e+00,-8.544036054680502479e-02,-0.000000000000000000e+00,-0.000000000000000000e+00,-8.897630596307013473e-01,-0.000000000000000000e+00,-7.883027134976732181e-04,-7.763254818522737077e-02,-0.000000000000000000e+00,-0.000000000000000000e+00,-0.000000000000000000e+00,-8.429153222248070634e-03,0.000000000000000000e+00,-0.000000000000000000e+00,-0.000000000000000000e+00,0.000000000000000000e+00,-0.000000000000000000e+00,-0.000000000000000000e+00,-4.456482180347655642e-01,0.000000000000000000e+00,0.000000000000000000e+00,0.000000000000000000e+00,-0.000000000000000000e+00,-0.000000000000000000e+00,-1.957092226847776117e-01,0.000000000000000000e+00,-7.378847636427593448e-02,-0.000000000000000000e+00
-0.000000000000000000e+00,0.000000000000000000e+00,0.000000000000000000e+00,0.000000000000000000e+00,0.000000000000000000e+00,-0.000000000000000000e+00,-0.000000000000000000e+00,0.000000000000000000e+00,-0.000000000000000000e+00,-0.000000000000000000e+00,1.392008785013923777e+00,1.702876287559063895e-01,0.000000000000000000e+00,-5.927673276015881648e-02,-0.000000000000000000e+00,-0.000000000000000000e+00,-1.503083469374154879e-01,0.000000000000000000e+00,0.000000000000000000e+00,-0.000000000000000000e+00,-0.000000000000000000e+00,0.000000000000000000e+00,-9.405367690791283097e-02,-0.000000000000000000e+00,-0.000000000000000000e+00,-9.852238414029636238e-02,0.000000000000000000e+00,-0.000000000000000000e+00,-4.018588529025025613e-01,-0.000000000000000000e+00,0.000000000000000000e+00,0.000000000000000000e+00,-0.000000000000000000e+00,0.000000000000000000e+00,-0.000000000000000000e+00,0.000000000000000000e+00,-0.000000000000000000e+00,-1.819601365502251100e-01,-0.000000000000000000e+00
0.000000000000000000e+00,-1.687726534077455265e-01,-0.000000000000000000e+00,-0.000000000000000000e+00,0.000000000000000000e+00,0.000000000000000000e+00,0.000000000000000000e+00,0.000000000000000000e+00,-0.000000000000000000e+00,-0.000000000000000000e+00,1.702876287559063895e-01,1.287716847902263151e+00,-0.000000000000000000e+00,0.000000000000000000e+00,-0.000000000000000000e+00,-0.000000000000000000e+00,0.000000000000000000e+00,-0.000000000000000000e+00,-0.000000000000000000e+00,-0.000000000000000000e+00,-0.000000000000000000e+00,-1.848029099420492039e-01,0.000000000000000000e+00,0.000000000000000000e+00,0.000000000000000000e+00,4.988882157731834577e-02,-0.000000000000000000e+00,0.000000000000000000e+00,3.530173991431396208e-01,0.000000000000000000e+00,-0.000000000000000000e+00,-0.000000000000000000e+00,0.000000000000000000e+00,-1.402871404900811469e-01,1.107428981569397591e-01,-3.393604069239968685e-02,0.000000000000000000e+00,0.000000000000000000e+00,-3.969970168298644908e-02
-0.000000000000000000e+00,-0.000000000000000000e+00,2.666044049202279664e-01,0.000000000000000000e+00,-0.000000000000000000e+00,0.000000000000000000e+00,1.180199412942381856e-02,0.000000000000000000e+00,-0.000000000000000000e+00,-8.544036054680502479e-02,0.000000000000000000e+00,-0.000000000000000000e+00,1.617221520088877096e+00,0.000000000000000000e+00,-4.193616921112507112e-02,-0.000000000000000000e+00,0.000000000000000000e+00,-0.000000000000000000e+00,-0.000000000000000000e+00,3.382991250580907189e-02,1.187627507450940006e-01,1.523818283210787205e-03,0.000000000000000000e+00,0.000000000000000000e+00,0.000000000000000000e+00,0.000000000000000000e+00,2.944828178862345380e-01,0.000000000000000000e+00,-0.000000000000000000e+00,-0.000000000000000000e+00,1.862359558094085765e-01,0.000000000000000000e+00,3.665356186491924295e-01,-0.000000000000000000e+00,0.000000000000000000e+00,-0.000000000000000000e+00,0.000000000000000000e+00,-6.055113757113451262e-02,-0.000000000000000000e+00
0.000000000000000000e+00,-0.000000000000000000e+00,-0.000000000000000000e+00,0.000000000000000000e+00,-0.000000000000000000e+00,-0.000000000000000000e+00,-0.000000000000000000e+00,-0.000000000000000000e+00,-6.681731958937234261e-02,-0.000000000000000000e+00,-5.927673276015881648e-02,0.000000000000000000e+00,0.000000000000000000e+00,2.258739873044782076e+00,0.000000000000000000e+00,-0.000000000000000000e+00,-0.000000000000000000e+00,0.000000000000000000e+00,0.000000000000000000e+00,-0.000000000000000000e+00,0.000000000000000000e+00,0.000000000000000000e+00,-2.475022173961109739e-01,-7.119635670907586977e-02,-3.897963425475222121e-01,-2.007677771077461260e-01,-0.000000000000000000e+00,-0.000000000000000000e+00,-0.000000000000000000e+00,-0.000000000000000000e+00,-1.233513039244376330e-01,-1.570242219312884546e-01,-1.762341934246115099e-02,0.000000000000000000e+00,-5.259031101216601334e-01,-0.000000000000000000e+00,-3.775097260536682264e-01,-0.000000000000000000e+00,-7.600324173407854711e-02
-2.403862804541925455e-02,0.000000000000000000e+00,0.000000000000000000e+00,0.000000000000000000e+00,0.000000000000000000e+00,-0.000000000000000000e+00,0.000000000000000000e+00,0.000000000000000000e+00,-0.000000000000000000e+00,-0.000000000000000000e+00,-0.000000000000000000e+00,-0.000000000000000000e+00,-4.193616921112507112e-02,0.000000000000000000e+00,1.621304200723447719e+00,-0.000000000000000000e+00,-0.000000000000000000e+00,-4.450660168080906032e-01,-0.000000000000000000e+00,-0.000000000000000000e+00,-0.000000000000000000e+00,-0.000000000000000000e+00,-0.000000000000000000e+00,0.000000000000000000e+00,0.000000000000000000e+00,-0.000000000000000000e+00,2.635757085835606084e-01,-1.806854840866760625e-01,-4.730812862663682367e-02,-1.411210961673769471e-01,9.153604440864313019e-02,4.988572933021560157e-02,0.000000000000000000e+00,-0.000000000000000000e+00,0.000000000000000000e+00,-1.145199495954481173e-01,0.000000000000000000e+00,-1.529301273342345280e-01,1.058712143722532611e-01
-4.688661283028026094e-01,-3.274312257542530413e-01,-0.000000000000000000e+00,0.000000000000000000e+00,-7.503884490437454091e-02,-0.000000000000000000e+00,-0.000000000000000000e+00,1.380575999323187808e-01,-4.186300196610791002e-01,-8.897630596307013473e-01,-0.000000000000000000e+00,-0.000000000000000000e+00,-0.000000000000000000e+00,-0.000000000000000000e+00,-0.000000000000000000e+00,3.084475083037984344e+00,-0.000000000000000000e+00,-0.000000000000000000e+00,-1.031765164661914563e-01,-0.000000000000000000e+00,-0.000000000000000000e+00,-0.000000000000000000e+00,-8.615890944244267158e-02,0.000000000000000000e+00,-0.000000000000000000e+00,-0.000000000000000000e+00,0.000000000000000000e+00,-1.924750333139284286e-02,-0.000000000000000000e+00,-3.780370576999460552e-01,0.000000000000000000e+00,0.000000000000000000e+00,0.000000000000000000e+00,-0.000000000000000000e+00,-0.000000000000000000e+00,-3.208561780287479404e-01,0.000000000000000000e+00,-2.509893242442930439e-01,-0.000000000000000000e+00
-0.000000000000000000e+00,0.000000000000000000e+00,0.000000000000000000e+00,0.000000000000000000e+00,0.000000000000000000e+00,0.000000000000000000e+00,0.000000000000000000e+00,-0.000000000000000000e+00,-0.000000000000000000e+00,-0.000000000000000000e+00,-1.503083469374154879e-01,0.000000000000000000e+00,0.000000000000000000e+00,-0.000000000000000000e+00,-0.000000000000000000e+00,-0.000000000000000000e+00,1.054891841256175189e+00,0.000000000000000000e+00,1.607609457793431340e-01,-6.514836107816089628e-02,0.000000000000000000e+00,0.000000000000000000e+00,0.000000000000000000e+00,0.000000000000000000e+00,0.000000000000000000e+00,-2.330618413396292124e-02,-0.000000000000000000e+00,-0.000000000000000000e+00,-0.000000000000000000e+00,-0.000000000000000000e+00,0.000000000000000000e+00,-0.000000000000000000e+00,-0.000000000000000000e+00,0.000000000000000000e+00,-0.000000000000000000e+00,0.000000000000000000e+00,-0.000000000000000000e+00,-0.000000000000000000e+00,-1.175966110345625683e-02
-3.361285126734118167e-01,-0.000000000000000000e+00,-0.000000000000000000e+00,-0.000000000000000000e+00,-0.000000000000000000e+00,0.000000000000000000e+00,0.000000000000000000e+00,2.324248660292835555e-01,-0.000000000000000000e+00,-7.883027134976732181e-04,0.000000000000000000e+00,-0.000000000000000000e+00,-0.000000000000000000e+00,0.000000000000000000e+00,-4.450660168080906032e-01,-0.000000000000000000e+00,0.000000000000000000e+00,2.302700025089768232e+00,-3.766859690379911196e-01,-0.000000000000000000e+00,-1.746397582524780723e-01,-2.057211883409741301e-02,0.000000000000000000e+00,0.000000000000000000e+00,0.000000000000000000e+00,0.000000000000000000e+00,8.154881067951430529e-02,-7.957432900833463774e-02,-0.000000000000000000e+00,-1.382074229275117444e-02,2.626840928802116060e-01,2.148772759311882719e-01,0.000000000000000000e+00,-2.897669717182290716e-01,0.000000000000000000e+00,-1.912577147973680558e-01,0.000000000000000000e+00,-0.000000000000000000e+00,2.071683325992495703e-02
-0.000000000000000000e+00,-0.000000000000000000e+00,-2.801920224069576748e-01,-1.062796519328254585e-01,-5.947361043615631560e-02,0.000000000000000000e+00,-0.000000000000000000e+00,4.682038625978346413e-01,-0.000000000000000000e+00,-7.763254818522737077e-02,0.000000000000000000e+00,-0.000000000000000000e+00,-0.000000000000000000e+00,0.000000000000000000e+00,-0.000000000000000000e+00,-1.031765164661914563e-01,1.607609457793431340e-01,-3.766859690379911196e-01,2.025297029007245619e+00,0.000000000000000000e+00,-0.000000000000000000e+00,-0.000000000000000000e+00,-0.000000000000000000e+00,0.000000000000000000e+00,-0.000000000000000000e+00,0.000000000000000000e+00,0.000000000000000000e+00,-0.000000000000000000e+00,0.000000000000000000e+00,-0.000000000000000000e+00,0.000000000000000000e+00,0.000000000000000000e+00,0.000000000000000000e+00,-6.474870555465782607e-01,0.000000000000000000e+00,-1.321000633250051307e-02,0.000000000000000000e+00,0.000000000000000000e+00,0.000000000000000000e+00
-0.000000000000000000e+00,0.000000000000000000e+00,-2.305979878150327469e-02,-0.000000000000000000e+00,1.243109971000330716e-01,-0.000000000000000000e+00,-7.654689212620183723e-03,-2.003535481364457013e-02,-0.000000000000000000e+00,-0.000000000000000000e+00,-0.000000000000000000e+00,-0.000000000000000000e+00,3.382991250580907189e-02,-0.000000000000000000e+00,-0.000000000000000000e+00,-0.000000000000000000e+00,-6.514836107816089628e-02,-0.000000000000000000e+00,0.000000000000000000e+00,1.188163647357821207e+00,-1.019545923103686580e-01,-6.702190963970612592e-02,-0.000000000000000000e+00,-0.000000000000000000e+00,-0.000000000000000000e+00,-6.356886748574713808e-02,-0.000000000000000000e+00,-7.349858868540017076e-02,-0.000000000000000000e+00,-0.000000000000000000e+00,-0.000000000000000000e+00,-0.000000000000000000e+00,-1.573797668565452001e-01,1.350289742300211275e-03,-9.571444977521322700e-03,-0.000000000000000000e+00,-1.127555206124959686e-01,0.000000000000000000e+00,0.000000000000000000e+00
-0.000000000000000000e+00,-0.000000000000000000e+00,-1.049415583446510203e-01,-1.356790360877613011e-01,5.834027278159489849e-02,-1.521275904707423687e-01,-0.000000000000000000e+00,0.000000000000000000e+00,-0.000000000000000000e+00,-0.000000000000000000e+00,-0.000000000000000000e+00,-0.000000000000000000e+00,1.187627507450940006e-01,0.000000000000000000e+00,-0.000000000000000000e+00,-0.000000000000000000e+00,0.000000000000000000e+00,-1.746397582524780723e-01,-0.000000000000000000e+00,-1.019545923103686580e-01,1.688894327957848107e+00,-5.908021793401252442e-01,-0.000000000000000000e+00,-0.000000000000000000e+00,-0.000000000000000000e+00,-0.000000000000000000e+00,-0.000000000000000000e+00,-4.880676497868027819e-01,-0.000000000000000000e+00,-0.000000000000000000e+00,0.000000000000000000e+00,-0.000000000000000000e+00,-1.171929612662707398e-02,-0.000000000000000000e+00,-0.000000000000000000e+00,-0.000000000000000000e+00,-0.000000000000000000e+00,0.000000000000000000e+00,9.312888507361949397e-02
-0.000000000000000000e+00,-0.000000000000000000e+00,-2.638476688026262229e-01,-0.000000000000000000e+00,5.182033796315228813e-02,-2.065919282981211122e-02,-0.000000000000000000e+00,0.000000000000000000e+00,-0.000000000000000000e+00,-0.000000000000000000e+00,0.000000000000000000e+00,-1.848029099420492039e-01,1.523818283210787205e-03,0.000000000000000000e+00,-0.000000000000000000e+00,-0.000000000000000000e+00,0.000000000000000000e+00,-2.057211883409741301e-02,-0.000000000000000000e+00,-6.702190963970612592e-02,-5.908021793401252442e-01,1.420295478652444432e+00,-0.000000000000000000e+00,-0.000000000000000000e+00,-0.000000000000000000e+00,-0.000000000000000000e+00,-0.000000000000000000e+00,-0.000000000000000000e+00,-0.000000000000000000e+00,-0.000000000000000000e+00,-0.000000000000000000e+00,-0.000000000000000000e+00,-0.000000000000000000e+00,-0.000000000000000000e+00,0.000000000000000000e+00,-0.000000000000000000e+00,-0.000000000000000000e+00,0.000000000000000000e+00,0.000000000000000000e+00
-0.000000000000000000e+00,-1.140908288154993677e-01,-0.000000000000000000e+00,0.000000000000000000e+00,-0.000000000000000000e+00,-4.732714829053017436e-01,-4.188297769848500079e-02,0.000000000000000000e+00,-2.848363498910748762e-02,-8.429153222248070634e-03,-9.405367690791283097e-02,0.000000000000000000e+00,0.000000000000000000e+00,-2.475022173961109739e-01,-0.000000000000000000e+00,-8.615890944244267158e-02,0.000000000000000000e+00,0.000000000000000000e+00,-0.000000000000000000e+00,-0.000000000000000000e+00,-0.000000000000000000e+00,-0.000000000000000000e+00,2.698460986559388264e+00,-1.826058446440457506e-01,-9.708204104634574616e-01,-3.569228528972319126e-01,-0.000000000000000000e+00,-0.000000000000000000e+00,-7.674381161807726504e-02,-2.759704930136640533e-01,-0.000000000000000000e+00,-0.000000000000000000e+00,-0.000000000000000000e+00,0.000000000000000000e+00,-0.000000000000000000e+00,-0.000000000000000000e+00,-0.000000000000000000e+00,-0.000000000000000000e+00,-0.000000000000000000e+00
0.000000000000000000e+00,0.000000000000000000e+00,-0.000000000000000000e+00,-0.000000000000000000e+00,0.000000000000000000e+00,-6.802874606792788104e-01,-2.986720625546816776e-02,-0.000000000000000000e+00,0.000000000000000000e+00,0.000000000000000000e+00,-0.000000000000000000e+00,0.000000000000000000e+00,0.000000000000000000e+00,-7.119635670907586977e-02,0.000000000000000000e+00,0.000000000000000000e+00,0.000000000000000000e+00,0.000000000000000000e+00,0.000000000000000000e+00,-0.000000000000000000e+00,-0.000000000000000000e+00,-0.000000000000000000e+00,-1.826058446440457506e-01,2.592703517460574592e+00,-3.537874110691657803e-01,-6.571468842895437056e-03,-0.000000000000000000e+00,-0.000000000000000000e+00,-0.000000000000000000e+00,-0.000000000000000000e+00,-2.870987367408668889e-01,-2.116543135796676300e-01,-1.237026453983908481e-01,0.000000000000000000e+00,-3.366854733907221897e-01,0.000000000000000000e+00,-3.476863535685230100e-01,0.000000000000000000e+00,0.000000000000000000e+00
-0.000000000000000000e+00,-1.746395137107961959e-01,-1.978488326128425012e-01,0.000000000000000000e+00,-0.000000000000000000e+00,-4.074038136239013785e-01,-5.170486029681931744e-02,0.000000000000000000e+00,-2.439604769022318265e-01,-0.000000000000000000e+00,-0.000000000000000000e+00,0.000000000000000000e+00,0.000000000000000000e+00,-3.897963425475222121e-01,0.000000000000000000e+00,-0.000000000000000000e+00,0.000000000000000000e+00,0.000000000000000000e+00,-0.000000000000000000e+00,-0.000000000000000000e+00,-0.000000000000000000e+00,-0.000000000000000000e+00,-9.708204104634574616e-01,-3.537874110691657803e-01,2.629451098076560189e+00,-0.000000000000000000e+00,-0.000000000000000000e+00,-4.690437409060559289e-03,-0.000000000000000000e+00,-1.966833501866137660e-02,-0.000000000000000000e+00,-0.000000000000000000e+00,-0.000000000000000000e+00,-0.000000000000000000e+00,-0.000000000000000000e+00,-0.000000000000000000e+00,-0.000000000000000000e+00,-0.000000000000000000e+00,-0.000000000000000000e+00
-0.000000000000000000e+00,0.000000000000000000e+00,-0.000000000000000000e+00,0.000000000000000000e+00,-0.000000000000000000e+00,-1.596826641404603675e-01,-0.000000000000000000e+00,-0.000000000000000000e+00,-0.000000000000000000e+00,-0.000000000000000000e+00,-9.852238414029636238e-02,4.988882157731834577e-02,0.000000000000000000e+00,-2.007677771077461260e-01,-0.000000000000000000e+00,-0.000000000000000000e+00,-2.330618413396292124e-02,0.000000000000000000e+00,0.000000000000000000e+00,-6.356886748574713808e-02,-0.000000000000000000e+00,-0.000000000000000000e+00,-3.569228528972319126e-01,-6.571468842895437056e-03,-0.000000000000000000e+00,2.614551997239171754e+00,-0.000000000000000000e+00,-3.374617561075935468e-01,-6.514174386289172114e-01,-1.257845302660495490e-01,-0.000000000000000000e+00,-0.000000000000000000e+00,-0.000000000000000000e+00,0.000000000000000000e+00,-8.281037015183353445e-01,0.000000000000000000e+00,-0.000000000000000000e+00,-0.000000000000000000e+00,0.000000000000000000e+00
3.568004843124267245e-01,-0.000000000000000000e+00,-1.068071849953770164e-01,-0.000000000000000000e+00,0.000000000000000000e+00,-0.000000000000000000e+00,-0.000000000000000000e+00,-0.000000000000000000e+00,-0.000000000000000000e+00,0.000000000000000000e+00,0.000000000000000000e+00,-0.000000000000000000e+00,2.944828178862345380e-01,-0.000000000000000000e+00,2.635757085835606084e-01,0.000000000000000000e+00,-0.000000000000000000e+00,8.154881067951430529e-02,0.000000000000000000e+00,-0.000000000000000000e+00,-0.000000000000000000e+00,-0.000000000000000000e+00,-0.000000000000000000e+00,-0.000000000000000000e+00,-0.000000000000000000e+00,-0.000000000000000000e+00,3.079367995076757847e+00,-0.000000000000000000e+00,0.000000000000000000e+00,0.000000000000000000e+00,-4.540051250499397839e-01,-8.392066688681262265e-01,-4.662799872603383688e-01,0.000000000000000000e+00,-0.000000000000000000e+00,0.000000000000000000e+00,-4.620736858760373100e-01,1.026241647977937516e-01,-0.000000000000000000e+00
-0.000000000000000000e+00,0.000000000000000000e+00,-9.158550005167805097e-02,0.000000000000000000e+00,0.000000000000000000e+00,-0.000000000000000000e+00,-0.000000000000000000e+00,0.000000000000000000e+00,-3.879558515471868280e-02,-0.000000000000000000e+00,-0.000000000000000000e+00,0.000000000000000000e+00,0.000000000000000000e+00,-0.000000000000000000e+00,-1.806854840866760625e-01,-1.924750333139284286e-02,-0.000000000000000000e+00,-7.957432900833463774e-02,-0.000000000000000000e+00,-7.349858868540017076e-02,-4.880676497868027819e-01,-0.000000000000000000e+00,-0.000000000000000000e+00,-0.000000000000000000e+00,-4.690437409060559289e-03,-3.374617561075935468e-01,-0.000000000000000000e+00,1.776810538965526876e+00,-2.970814382560856837e-01,-2.944571507788767972e-01,0.000000000000000000e+00,0.000000000000000000e+00,-0.000000000000000000e+00,-0.000000000000000000e+00,-0.000000000000000000e+00,-0.000000000000000000e+00,-0.000000000000000000e+00,-0.000000000000000000e+00,4.844454085395103089e-03
-0.000000000000000000e+00,0.000000000000000000e+00,0.000000000000000000e+00,3.652341937614767692e-02,0.000000000000000000e+00,-2.123289523545057039e-02,-0.000000000000000000e+00,0.000000000000000000e+00,-0.000000000000000000e+00,-0.000000000000000000e+00,-4.018588529025025613e-01,3.530173991431396208e-01,-0.000000000000000000e+00,-0.000000000000000000e+00,-4.730812862663682367e-02,-0.000000000000000000e+00,-0.000000000000000000e+00,-0.000000000000000000e+00,0.000000000000000000e+00,-0.000000000000000000e+00,-0.000000000000000000e+00,-0.000000000000000000e+00,-7.674381161807726504e-02,-0.000000000000000000e+00,-0.000000000000000000e+00,-6.514174386289172114e-01,0.000000000000000000e+00,-2.970814382560856837e-01,2.176115012895651013e+00,-3.019932521137299042e-01,0.000000000000000000e+00,0.000000000000000000e+00,-0.000000000000000000e+00,0.000000000000000000e+00,-1.159221159462146961e-01,0.000000000000000000e+00,-0.000000000000000000e+00,-2.296050495728454433e-01,0.000000000000000000e+00
-5.498302393017754364e-01,-0.000000000000000000e+00,-0.000000000000000000e+00,0.000000000000000000e+00,-0.000000000000000000e+00,-0.000000000000000000e+00,-0.000000000000000000e+00,0.000000000000000000e+00,-3.024413378700253063e-01,-4.456482180347655642e-01,-0.000000000000000000e+00,0.000000000000000000e+00,-0.000000000000000000e+00,-0.000000000000000000e+00,-1.411210961673769471e-01,-3.780370576999460552e-01,-0.000000000000000000e+00,-1.382074229275117444e-02,-0.000000000000000000e+00,-0.000000000000000000e+00,-0.000000000000000000e+00,-0.000000000000000000e+00,-2.759704930136640533e-01,-0.000000000000000000e+00,-1.966833501866137660e-02,-1.257845302660495490e-01,0.000000000000000000e+00,-2.944571507788767972e-01,-3.019932521137299042e-01,2.581831007286409463e+00,0.000000000000000000e+00,0.000000000000000000e+00,0.000000000000000000e+00,-0.000000000000000000e+00,-0.000000000000000000e+00,-0.000000000000000000e+00,0.000000000000000000e+00,-1.119568235444358129e-01,0.000000000000000000e+00
1.021929519054125268e-01,-0.000000000000000000e+00,-1.892611877094664830e-01,-0.000000000000000000e+00,0.000000000000000000e+00,-0.000000000000000000e+00,-5.774844544574639360e-02,-0.000000000000000000e+00,0.000000000000000000e+00,0.000000000000000000e+00,0.000000000000000000e+00,-0.000000000000000000e+00,1.862359558094085765e-01,-1.233513039244376330e-01,9.153604440864313019e-02,0.000000000000000000e+00,0.000000000000000000e+00,2.626840928802116060e-01,0.000000000000000000e+00,-0.000000000000000000e+00,0.000000000000000000e+00,-0.000000000000000000e+00,-0.000000000000000000e+00,-2.870987367408668889e-01,-0.000000000000000000e+00,-0.000000000000000000e+00,-4.540051250499397839e-01,0.000000000000000000e+00,0.000000000000000000e+00,0.000000000000000000e+00,2.322707608323033579e+00,-5.479191472731625989e-01,-7.608249639725238322e-02,0.000000000000000000e+00,-0.000000000000000000e+00,0.000000000000000000e+00,-5.614522142497014451e-02,0.000000000000000000e+00,-0.000000000000000000e+00
1.101693142557642197e-01,-0.000000000000000000e+00,-0.000000000000000000e+00,-0.000000000000000000e+00,0.000000000000000000e+00,-1.911420460803784083e-01,-0.000000000000000000e+00,-0.000000000000000000e+00,-0.000000000000000000e+00,0.000000000000000000e+00,0.000000000000000000e+00,-0.000000000000000000e+00,0.000000000000000000e+00,-1.570242219312884546e-01,4.988572933021560157e-02,0.000000000000000000e+00,-0.000000000000000000e+00,2.148772759311882719e-01,0.000000000000000000e+00,-0.000000000000000000e+00,-0.000000000000000000e+00,-0.000000000000000000e+00,-0.000000000000000000e+00,-2.116543135796676300e-01,-0.000000000000000000e+00,-0.000000000000000000e+00,-8.392066688681262265e-01,0.000000000000000000e+00,0.000000000000000000e+00,0.000000000000000000e+00,-5.479191472731625989e-01,3.242332487150279885e+00,-2.238235746397620463e-01,3.685351359557959006e-02,-0.000000000000000000e+00,0.000000000000000000e+00,-8.601639275147141550e-01,0.000000000000000000e+00,-0.000000000000000000e+00
0.000000000000000000e+00,-0.000000000000000000e+00,-3.548529116021062468e-01,-0.000000000000000000e+00,0.000000000000000000e+00,-1.218690301707498064e-01,-0.000000000000000000e+00,-2.467859272172172880e-01,-0.000000000000000000e+00,0.000000000000000000e+00,-0.000000000000000000e+00,0.000000000000000000e+00,3.665356186491924295e-01,-1.762341934246115099e-02,0.000000000000000000e+00,0.000000000000000000e+00,-0.000000000000000000e+00,0.000000000000000000e+00,0.000000000000000000e+00,-1.573797668565452001e-01,-1.171929612662707398e-02,-0.000000000000000000e+00,-0.000000000000000000e+00,-1.237026453983908481e-01,-0.000000000000000000e+00,-0.000000000000000000e+00,-4.662799872603383688e-01,-0.000000000000000000e+00,-0.000000000000000000e+00,0.000000000000000000e+00,-7.608249639725238322e-02,-2.238235746397620463e-01,2.556248527867547526e+00,0.000000000000000000e+00,-0.000000000000000000e+00,0.000000000000000000e+00,-6.054114860560980693e-01,0.000000000000000000e+00,-0.000000000000000000e+00
-0.000000000000000000e+00,-1.149023233757484053e-01,-0.000000000000000000e+00,-0.000000000000000000e+00,-2.261964047781236109e-01,0.000000000000000000e+00,0.000000000000000000e+00,3.566586276785829179e-01,-0.000000000000000000e+00,-0.000000000000000000e+00,0.000000000000000000e+00,-1.402871404900811469e-01,-0.000000000000000000e+00,0.000000000000000000e+00,-0.000000000000000000e+00,-0.000000000000000000e+00,0.000000000000000000e+00,-2.897669717182290716e-01,-6.474870555465782607e-01,1.350289742300211275e-03,-0.000000000000000000e+00,-0.000000000000000000e+00,0.000000000000000000e+00,0.000000000000000000e+00,-0.000000000000000000e+00,0.000000000000000000e+00,0.000000000000000000e+00,-0.000000000000000000e+00,0.000000000000000000e+00,-0.000000000000000000e+00,0.000000000000000000e+00,3.685351359557959006e-02,0.000000000000000000e+00,2.234403211002219170e+00,3.251750391598213219e-01,-4.018136059210675182e-01,3.802393476153598240e-02,-0.000000000000000000e+00,-0.000000000000000000e+00
0.000000000000000000e+00,0.000000000000000000e+00,-0.000000000000000000e+00,0.000000000000000000e+00,0.000000000000000000e+00,-9.663248401613369620e-02,-1.506372386092623417e-01,-0.000000000000000000e+00,-0.000000000000000000e+00,-0.000000000000000000e+00,-0.000000000000000000e+00,1.107428981569397591e-01,0.000000000000000000e+00,-5.259031101216601334e-01,0.000000000000000000e+00,-0.000000000000000000e+00,-0.000000000000000000e+00,0.000000000000000000e+00,0.000000000000000000e+00,-9.571444977521322700e-03,-0.000000000000000000e+00,0.000000000000000000e+00,-0.000000000000000000e+00,-3.366854733907221897e-01,-0.000000000000000000e+00,-8.281037015183353445e-01,-0.000000000000000000e+00,-0.000000000000000000e+00,-1.159221159462146961e-01,-0.000000000000000000e+00,-0.000000000000000000e+00,-0.000000000000000000e+00,-0.000000000000000000e+00,3.251750391598213219e-01,2.628640868144663578e+00,0.000000000000000000e+00,-4.561076239749068950e-01,-0.000000000000000000e+00,0.000000000000000000e+00
-8.803993380359703691e-02,-2.445128915447957185e-01,-0.000000000000000000e+00,-0.000000000000000000e+00,-0.000000000000000000e+00,0.000000000000000000e+00,0.000000000000000000e+00,0.000000000000000000e+00,-0.000000000000000000e+00,-1.957092226847776117e-01,0.000000000000000000e+00,-3.393604069239968685e-02,-0.000000000000000000e+00,-0.000000000000000000e+00,-1.145199495954481173e-01,-3.208561780287479404e-01,0.000000000000000000e+00,-1.912577147973680558e-01,-1.321000633250051307e-02,-0.000000000000000000e+00,-0.000000000000000000e+00,-0.000000000000000000e+00,-0.000000000000000000e+00,0.000000000000000000e+00,-0.000000000000000000e+00,0.000000000000000000e+00,0.000000000000000000e+00,-0.000000000000000000e+00,0.000000000000000000e+00,-0.000000000000000000e+00,0.000000000000000000e+00,0.000000000000000000e+00,0.000000000000000000e+00,-4.018136059210675182e-01,0.000000000000000000e+00,1.749427328478959875e+00,0.000000000000000000e+00,-0.000000000000000000e+00,-0.000000000000000000e+00
0.000000000000000000e+00,0.000000000000000000e+00,-0.000000000000000000e+00,-0.000000000000000000e+00,0.000000000000000000e+00,-2.217395068811481018e-01,-0.000000000000000000e+00,-1.407375517913817542e-01,-0.000000000000000000e+00,0.000000000000000000e+00,-0.000000000000000000e+00,0.000000000000000000e+00,0.000000000000000000e+00,-3.775097260536682264e-01,0.000000000000000000e+00,0.000000000000000000e+00,-0.000000000000000000e+00,0.000000000000000000e+00,0.000000000000000000e+00,-1.127555206124959686e-01,-0.000000000000000000e+00,-0.000000000000000000e+00,-0.000000000000000000e+00,-3.476863535685230100e-01,-0.000000000000000000e+00,-0.000000000000000000e+00,-4.620736858760373100e-01,-0.000000000000000000e+00,-0.000000000000000000e+00,0.000000000000000000e+00,-5.614522142497014451e-02,-8.601639275147141550e-01,-6.054114860560980693e-01,3.802393476153598240e-02,-4.561076239749068950e-01,0.000000000000000000e+00,3.351514267651787726e+00,0.000000000000000000e+00,-0.000000000000000000e+00
-5.612577116875661076e-01,-0.000000000000000000e+00,0.000000000000000000e+00,1.717544831988652154e-01,-0.000000000000000000e+00,-0.000000000000000000e+00,0.000000000000000000e+00,0.000000000000000000e+00,-1.115526004217389788e-01,-7.378847636427593448e-02,-1.819601365502251100e-01,0.000000000000000000e+00,-6.055113757113451262e-02,-0.000000000000000000e+00,-1.529301273342345280e-01,-2.509893242442930439e-01,-0.000000000000000000e+00,-0.000000000000000000e+00,0.000000000000000000e+00,0.000000000000000000e+00,0.000000000000000000e+00,0.000000000000000000e+00,-0.000000000000000000e+00,0.000000000000000000e+00,-0.000000000000000000e+00,-0.000000000000000000e+00,1.026241647977937516e-01,-0.000000000000000000e+00,-2.296050495728454433e-01,-1.119568235444358129e-01,0.000000000000000000e+00,0.000000000000000000e+00,0.000000000000000000e+00,-0.000000000000000000e+00,-0.000000000000000000e+00,-0.000000000000000000e+00,0.000000000000000000e+00,1.870340420618582522e+00,-4.241157745849264554e-02
-0.000000000000000000e+00,-5.169582339790391723e-01,-0.000000000000000000e+00,0.000000000000000000e+00,-6.269355010769737946e-02,0.000000000000000000e+00,-0.000000000000000000e+00,-0.000000000000000000e+00,-1.768360210086003248e-01,-0.000000000000000000e+00,-0.000000000000000000e+00,-3.969970168298644908e-02,-0.000000000000000000e+00,-7.600324173407854711e-02,1.058712143722532611e-01,-0.000000000000000000e+00,-1.175966110345625683e-02,2.071683325992495703e-02,0.000000000000000000e+00,0.000000000000000000e+00,9.312888507361949397e-02,0.000000000000000000e+00,-0.000000000000000000e+00,0.000000000000000000e+00,-0.000000000000000000e+00,0.000000000000000000e+00,-0.000000000000000000e+00,4.844454085395103089e-03,0.000000000000000000e+00,0.000000000000000000e+00,-0.000000000000000000e+00,-0.000000000000000000e+00,-0.000000000000000000e+00,-0.000000000000000000e+00,0.000000000000000000e+00,-0.000000000000000000e+00,-0.000000000000000000e+00,-4.241157745849264554e-02,1.314588702916299701e+00
