2.141900057258818713e+00,-0.000000000000000000e+00,0.000000000000000000e+00,0.000000000000000000e+00,-0.000000000000000000e+00,0.000000000000000000e+00,-0.000000000000000000e+00,0.000000000000000000e+00,-0.000000000000000000e+00,-0.000000000000000000e+00,0.000000000000000000e+00,0.000000000000000000e+00,0.000000000000000000e+00,-0.000000000000000000e+00,-1.059519605983426788e-01,-0.000000000000000000e+00,-0.000000000000000000e+00,-0.000000000000000000e+00,-0.000000000000000000e+00,-1.583479472937572297e-01,-0.000000000000000000e+00,0.000000000000000000e+00,-0.000000000000000000e+00,-1.395589103190884514e-02,0.000000000000000000e+00,-5.227740246533265633e-01,2.803591045043042629e-02,-2.312990470998845527e-01,-3.924378182301277440e-01,-0.000000000000000000e+00,0.000000000000000000e+00,0.000000000000000000e+00,-0.000000000000000000e+00,0.000000000000000000e+00,-0.000000000000000000e+00,-0.000000000000000000e+00,-0.000000000000000000e+00,-7.509263517803271837e-01,-0.000000000000000000e+00
-0.000000000000000000e+00,2.600089235292505130e+00,-0.000000000000000000e+00,-0.000000000000000000e+00,-0.000000000000000000e+00,0.000000000000000000e+00,0.000000000000000000e+00,8.347738654080076592e-02,-2.411473631817480090e-01,-5.047159432550119007e-01,-5.076839369653442235e-02,-2.472536261941423730e-01,-0.000000000000000000e+00,-0.000000000000000000e+00,-0.000000000000000000e+00,-3.810665850370766883e-01,0.000000000000000000e+00,0.000000000000000000e+00,-0.000000000000000000e+00,0.000000000000000000e+00,0.000000000000000000e+00,-0.000000000000000000e+00,-4.779579859231691819e-01,-1.120309298936382897e-01,-1.631622171780468256e-01,-0.000000000000000000e+00,-0.000000000000000000e+00,0.000000000000000000e+00,-0.000000000000000000e+00,-6.181448058220992414e-02,-0.000000000000000000e+00,-0.000000000000000000e+00,-0.000000000000000000e+00,-0.000000000000000000e+00,0.000000000000000000e+00,-2.262050767439732213e-01,-1.255660052596060949e-01,-0.000000000000000000e+00,-1.082251103805992737e-01
0.000000000000000000e+00,-0.000000000000000000e+00,2.505478504510305626e+00,0.000000000000000000e+00,-3.464758743135862851e-01,-0.000000000000000000e+00,-0.000000000000000000e+00,1.193155120202438635e+00,-1.388301019038668815e-01,-0.000000000000000000e+00,-0.000000000000000000e+00,-0.000000000000000000e+00,0.000000000000000000e+00,-0.000000000000000000e+00,-0.000000000000000000e+00,-0.000000000000000000e+00,-0.000000000000000000e+00,0.000000000000000000e+00,-0.000000000000000000e+00,0.000000000000000000e+00,-0.000000000000000000e+00,-0.000000000000000000e+00,-0.000000000000000000e+00,-0.000000000000000000e+00,-3.205225102871595566e-01,-0.000000000000000000e+00,-5.826714889104789297e-02,-0.000000000000000000e+00,-0.000000000000000000e+00,-0.000000000000000000e+00,-5.130158844711081578e-02,-0.000000000000000000e+00,-0.000000000000000000e+00,-1.260016453901526834e-01,-0.000000000000000000e+00,-2.320593407833718702e-01,-0.000000000000000000e+00,-0.000000000000000000e+00,-0.000000000000000000e+00
0.000000000000000000e+00,-0.000000000000000000e+00,0.000000000000000000e+00,1.944678255706028480e+00,-0.000000000000000000e+00,-0.000000000000000000e+00,0.000000000000000000e+00,0.000000000000000000e+00,-0.000000000000000000e+00,0.000000000000000000e+00,-0.000000000000000000e+00,-0.000000000000000000e+00,0.000000000000000000e+00,0.000000000000000000e+00,0.000000000000000000e+00,6.861299032195741776e-02,-1.027010451482176789e-01,-1.012652084965881771e+00,-2.734278736795037190e-02,0.000000000000000000e+00,0.000000000000000000e+00,0.000000000000000000e+00,0.000000000000000000e+00,-0.000000000000000000e+00,-0.000000000000000000e+00,0.000000000000000000e+00,0.000000000000000000e+00,-0.000000000000000000e+00,0.000000000000000000e+00,0.000000000000000000e+00,0.000000000000000000e+00,0.000000000000000000e+00,1.245861428184794062e-01,-2.239831877853397657e-01,2.621795275618524212e-01,0.000000000000000000e+00,0.000000000000000000e+00,0.000000000000000000e+00,9.099636872716962421e-02
-0.000000000000000000e+00,-0.000000000000000000e+00,-3.464758743135862851e-01,-0.000000000000000000e+00,1.965514813853973530e+00,-0.000000000000000000e+00,-4.332728322856429365e-02,5.555295945268599045e-01,-0.000000000000000000e+00,-0.000000000000000000e+00,-0.000000000000000000e+00,-0.000000000000000000e+00,0.000000000000000000e+00,-2.090424463020533752e-01,-0.000000000000000000e+00,-0.000000000000000000e+00,-0.000000000000000000e+00,-0.000000000000000000e+00,-4.266665290673876676e-01,0.000000000000000000e+00,0.000000000000000000e+00,0.000000000000000000e+00,-8.575266319070382059e-02,-0.000000000000000000e+00,-0.000000000000000000e+00,-1.584060113406346171e-01,-0.000000000000000000e+00,-0.000000000000000000e+00,-0.000000000000000000e+00,-0.000000000000000000e+00,-0.000000000000000000e+00,-0.000000000000000000e+00,-0.000000000000000000e+00,-2.320023704270708920e-01,-0.000000000000000000e+00,-0.000000000000000000e+00,-0.000000000000000000e+00,-0.000000000000000000e+00,-0.000000000000000000e+00
0.000000000000000000e+00,0.000000000000000000e+00,-0.000000000000000000e+00,-0.000000000000000000e+00,-0.000000000000000000e+00,1.909017741710496541e+00,-3.724009930112955058e-02,0.000000000000000000e+00,0.000000000000000000e+00,0.000000000000000000e+00,-6.000095128488946994e-01,0.000000000000000000e+00,1.744702218287660922e-01,-0.000000000000000000e+00,0.000000000000000000e+00,0.000000000000000000e+00,-3.966239926764377199e-01,0.000000000000000000e+00,0.000000000000000000e+00,-0.000000000000000000e+00,-1.780872093340763740e-01,-0.000000000000000000e+00,0.000000000000000000e+00,0.000000000000000000e+00,-0.000000000000000000e+00,-0.000000000000000000e+00,-0.000000000000000000e+00,-0.000000000000000000e+00,-1.952100809515997515e-01,8.940349227624141970e-02,-0.000000000000000000e+00,-0.000000000000000000e+00,-2.198226038147140238e-01,0.000000000000000000e+00,-1.608830477863424369e-01,-0.000000000000000000e+00,-0.000000000000000000e+00,0.000000000000000000e+00,0.000000000000000000e+00
-0.000000000000000000e+00,0.000000000000000000e+00,-0.000000000000000000e+00,0.000000000000000000e+00,-4.332728322856429365e-02,-3.724009930112955058e-02,1.785687152414474399e+00,0.000000000000000000e+00,0.000000000000000000e+00,-0.000000000000000000e+00,-0.000000000000000000e+00,6.278734870600805040e-01,0.000000000000000000e+00,-0.000000000000000000e+00,-0.000000000000000000e+00,-0.000000000000000000e+00,-0.000000000000000000e+00,0.000000000000000000e+00,-0.000000000000000000e+00,-0.000000000000000000e+00,-0.000000000000000000e+00,-0.000000000000000000e+00,0.000000000000000000e+00,0.000000000000000000e+00,0.000000000000000000e+00,-3.574390914476680559e-01,0.000000000000000000e+00,-0.000000000000000000e+00,-0.000000000000000000e+00,-0.000000000000000000e+00,-0.000000000000000000e+00,-0.000000000000000000e+00,-1.802317878653388050e-01,0.000000000000000000e+00,-4.427314930577995744e-01,-1.955020727987767659e-02,-0.000000000000000000e+00,0.000000000000000000e+00,0.000000000000000000e+00
0.000000000000000000e+00,8.347738654080076592e-02,1.193155120202438635e+00,0.000000000000000000e+00,5.555295945268599045e-01,0.000000000000000000e+00,0.000000000000000000e+00,3.358367510425399605e+00,7.110267980845854652e-01,3.213178411885402874e-01,0.000000000000000000e+00,0.000000000000000000e+00,-0.000000000000000000e+00,2.553050983391178530e-01,0.000000000000000000e+00,1.155033555068751480e-02,0.000000000000000000e+00,-0.000000000000000000e+00,7.903433734922031551e-02,-0.000000000000000000e+00,-0.000000000000000000e+00,0.000000000000000000e+00,2.269585576548677486e-01,5.393631616947679869e-02,6.909509581812658952e-02,0.000000000000000000e+00,0.000000000000000000e+00,0.000000000000000000e+00,0.000000000000000000e+00,0.000000000000000000e+00,0.000000000000000000e+00,0.000000000000000000e+00,0.000000000000000000e+00,8.343308480721659329e-03,0.000000000000000000e+00,8.298052592540723638e-02,0.000000000000000000e+00,0.000000000000000000e+00,0.000000000000000000e+00
-0.000000000000000000e+00,-2.411473631817480090e-01,-1.388301019038668815e-01,-0.000000000000000000e+00,-0.000000000000000000e+00,0.000000000000000000e+00,0.000000000000000000e+00,7.110267980845854652e-01,2.565065423740412687e+00,-1.424015218633043200e-01,-0.000000000000000000e+00,-2.188615125975688219e-02,-0.000000000000000000e+00,-0.000000000000000000e+00,-0.000000000000000000e+00,-0.000000000000000000e+00,-0.000000000000000000e+00,-0.000000000000000000e+00,-0.000000000000000000e+00,1.768165414786552758e-01,0.000000000000000000e+00,0.000000000000000000e+00,-3.067480301876762128e-01,-1.857483480347444371e-01,-0.000000000000000000e+00,-0.000000000000000000e+00,-0.000000000000000000e+00,0.000000000000000000e+00,0.000000000000000000e+00,-1.449664740797737550e-01,-0.000000000000000000e+00,-0.000000000000000000e+00,0.000000000000000000e+00,-7.239018846642446547e-01,0.000000000000000000e+00,-0.000000000000000000e+00,-0.000000000000000000e+00,-1.101276565498502252e-01,-9.362314221340925502e-02
-0.000000000000000000e+00,-5.047159432550119007e-01,-0.000000000000000000e+00,0.000000000000000000e+00,-0.000000000000000000e+00,0.000000000000000000e+00,-0.000000000000000000e+00,3.213178411885402874e-01,-1.424015218633043200e-01,3.193763725926046959e+00,-0.000000000000000000e+00,-0.000000000000000000e+00,-0.000000000000000000e+00,-3.958743412110153348e-01,-0.000000000000000000e+00,-6.464296312378037257e-01,0.000000000000000000e+00,0.000000000000000000e+00,-0.000000000000000000e+00,0.000000000000000000e+00,0.000000000000000000e+00,-0.000000000000000000e+00,-2.760961376722009253e-01,-0.000000000000000000e+00,-1.412606161662270099e-01,-0.000000000000000000e+00,-0.000000000000000000e+00,0.000000000000000000e+00,-0.000000000000000000e+00,-3.794463818247544307e-01,-0.000000000000000000e+00,-0.000000000000000000e+00,-0.000000000000000000e+00,-0.000000000000000000e+00,-0.000000000000000000e+00,-5.014270124611778234e-01,-0.000000000000000000e+00,-0.000000000000000000e+00,-1.492515133628792290e-01
0.000000000000000000e+00,-5.076839369653442235e-02,-0.000000000000000000e+00,-0.000000000000000000e+00,-0.000000000000000000e+00,-6.000095128488946994e-01,-0.000000000000000000e+00,0.000000000000000000e+00,-0.000000000000000000e+00,-0.000000000000000000e+00,2.395543727033526249e+00,-0.000000000000000000e+00,0.000000000000000000e+00,-1.127052939734451559e-01,0.000000000000000000e+00,-0.000000000000000000e+00,-1.160921404093069043e-01,0.000000000000000000e+00,-0.000000000000000000e+00,0.000000000000000000e+00,-0.000000000000000000e+00,-0.000000000000000000e+00,-0.000000000000000000e+00,-0.000000000000000000e+00,-2.083871680396429948e-01,-0.000000000000000000e+00,-3.389794228021335565e-01,0.000000000000000000e+00,-0.000000000000000000e+00,0.000000000000000000e+00,-3.401781410841859810e-01,-2.227828764208338030e-01,-0.000000000000000000e+00,0.000000000000000000e+00,-0.000000000000000000e+00,-0.000000000000000000e+00,-5.829614570629000347e-01,0.000000000000000000e+00,-0.000000000000000000e+00
0.000000000000000000e+00,-2.472536261941423730e-01,-0.000000000000000000e+00,-0.000000000000000000e+00,-0.000000000000000000e+00,0.000000000000000000e+00,6.278734870600805040e-01,0.000000000000000000e+00,-2.188615125975688219e-02,-0.000000000000000000e+00,-0.000000000000000000e+00,2.570958223040292978e+00,-7.750185023106402615e-02,-0.000000000000000000e+00,0.000000000000000000e+00,-0.000000000000000000e+00,6.474165703367985858e-02,0.000000000000000000e+00,0.000000000000000000e+00,2.652902476566396106e-01,8.492376553252949101e-02,-0.000000000000000000e+00,-1.730634632922570804e-01,-0.000000000000000000e+00,-0.000000000000000000e+00,6.230374684178151962e-02,-5.795163093713772140e-01,5.761542055019397424e-01,0.000000000000000000e+00,-0.000000000000000000e+00,-0.000000000000000000e+00,-0.000000000000000000e+00,0.000000000000000000e+00,-0.000000000000000000e+00,0.000000000000000000e+00,-0.000000000000000000e+00,-0.000000000000000000e+00,-0.000000000000000000e+00,-5.385520107901839992e-01
0.000000000000000000e+00,-0.000000000000000000e+00,0.000000000000000000e+00,0.000000000000000000e+00,0.000000000000000000e+00,1.744702218287660922e-01,0.000000000000000000e+00,-0.000000000000000000e+00,-0.000000000000000000e+00,-0.000000000000000000e+00,0.000000000000000000e+00,-7.750185023106402615e-02,1.334276313328927266e+00,0.000000000000000000e+00,0.000000000000000000e+00,-0.000000000000000000e+00,3.261412645396147836e-01,0.000000000000000000e+00,0.000000000000000000e+00,0.000000000000000000e+00,1.285522590780658302e-02,-0.000000000000000000e+00,-0.000000000000000000e+00,-0.000000000000000000e+00,-0.000000000000000000e+00,0.000000000000000000e+00,-0.000000000000000000e+00,1.519902461242737535e-01,1.693846294882305759e-01,-0.000000000000000000e+00,0.000000000000000000e+00,-0.000000000000000000e+00,0.000000000000000000e+00,-0.000000000000000000e+00,0.000000000000000000e+00,-0.000000000000000000e+00,0.000000000000000000e+00,-0.000000000000000000e+00,-1.095292198554452361e-02
-0.000000000000000000e+00,-0.000000000000000000e+00,-0.000000000000000000e+00,0.000000000000000000e+00,-2.090424463020533752e-01,-0.000000000000000000e+00,-0.000000000000000000e+00,2.553050983391178530e-01,-0.000000000000000000e+00,-3.958743412110153348e-01,-1.127052939734451559e-01,-0.000000000000000000e+00,0.000000000000000000e+00,2.613609241132524463e+00,-0.000000000000000000e+00,-5.489216062846473676e-01,-0.000000000000000000e+00,0.000000000000000000e+00,-0.000000000000000000e+00,0.000000000000000000e+00,0.000000000000000000e+00,-0.000000000000000000e+00,-0.000000000000000000e+00,-7.649658232746391062e-02,-0.000000000000000000e+00,-2.549135324946325692e-02,-0.000000000000000000e+00,0.000000000000000000e+00,-0.000000000000000000e+00,-0.000000000000000000e+00,-1.818205452534592814e-01,-0.000000000000000000e+00,-2.414425174803473129e-01,0.000000000000000000e+00,-1.279674159190737071e-01,-6.393462813582694027e-02,-6.305930844166339755e-01,-0.000000000000000000e+00,-0.000000000000000000e+00
-1.059519605983426788e-01,-0.000000000000000000e+00,-0.000000000000000000e+00,0.000000000000000000e+00,-0.000000000000000000e+00,0.000000000000000000e+00,-0.000000000000000000e+00,0.000000000000000000e+00,-0.000000000000000000e+00,-0.000000000000000000e+00,0.000000000000000000e+00,0.000000000000000000e+00,0.000000000000000000e+00,-0.000000000000000000e+00,1.775222286135416327e+00,-0.000000000000000000e+00,-0.000000000000000000e+00,-0.000000000000000000e+00,-0.000000000000000000e+00,-0.000000000000000000e+00,0.000000000000000000e+00,1.772987420287727156e-01,0.000000000000000000e+00,-0.000000000000000000e+00,0.000000000000000000e+00,-1.160035873782610527e-01,4.258672413893705988e-01,-1.475605071392562528e-01,-0.000000000000000000e+00,-3.641925099704183544e-01,0.000000000000000000e+00,0.000000000000000000e+00,0.000000000000000000e+00,-0.000000000000000000e+00,-0.000000000000000000e+00,-0.000000000000000000e+00,0.000000000000000000e+00,-6.390981367025259097e-01,0.000000000000000000e+00
-0.000000000000000000e+00,-3.810665850370766883e-01,-0.000000000000000000e+00,6.861299032195741776e-02,-0.000000000000000000e+00,0.000000000000000000e+00,-0.000000000000000000e+00,1.155033555068751480e-02,-0.000000000000000000e+00,-6.464296312378037257e-01,-0.000000000000000000e+00,-0.000000000000000000e+00,-0.000000000000000000e+00,-5.489216062846473676e-01,-0.000000000000000000e+00,2.898963189922548533e+00,0.000000000000000000e+00,0.000000000000000000e+00,-0.000000000000000000e+00,0.000000000000000000e+00,0.000000000000000000e+00,-0.000000000000000000e+00,-3.004406693561993413e-01,-0.000000000000000000e+00,-0.000000000000000000e+00,-2.239908906147802525e-01,-0.000000000000000000e+00,0.000000000000000000e+00,-0.000000000000000000e+00,-6.407747645420395211e-01,-0.000000000000000000e+00,-0.000000000000000000e+00,-0.000000000000000000e+00,-0.000000000000000000e+00,-0.000000000000000000e+00,-2.159879068782642186e-01,-3.909311775674512851e-02,-1.006577239767575543e-01,-0.000000000000000000e+00
-0.000000000000000000e+00,0.000000000000000000e+00,-0.000000000000000000e+00,-1.027010451482176789e-01,-0.000000000000000000e+00,-3.966239926764377199e-01,-0.000000000000000000e+00,0.000000000000000000e+00,-0.000000000000000000e+00,0.000000000000000000e+00,-1.160921404093069043e-01,6.474165703367985858e-02,3.261412645396147836e-01,-0.000000000000000000e+00,-0.000000000000000000e+00,0.000000000000000000e+00,1.749367755310022421e+00,-0.000000000000000000e+00,-0.000000000000000000e+00,0.000000000000000000e+00,-0.000000000000000000e+00,0.000000000000000000e+00,0.000000000000000000e+00,-0.000000000000000000e+00,0.000000000000000000e+00,-0.000000000000000000e+00,0.000000000000000000e+00,-2.174747853276836895e-01,-5.380324833824150499e-01,0.000000000000000000e+00,0.000000000000000000e+00,0.000000000000000000e+00,-0.000000000000000000e+00,0.000000000000000000e+00,-0.000000000000000000e+00,0.000000000000000000e+00,-0.000000000000000000e+00,-0.000000000000000000e+00,0.000000000000000000e+00
-0.000000000000000000e+00,0.000000000000000000e+00,0.000000000000000000e+00,-1.012652084965881771e+00,-0.000000000000000000e+00,0.000000000000000000e+00,0.000000000000000000e+00,-0.000000000000000000e+00,-0.000000000000000000e+00,0.000000000000000000e+00,0.000000000000000000e+00,0.000000000000000000e+00,0.000000000000000000e+00,0.000000000000000000e+00,-0.000000000000000000e+00,0.000000000000000000e+00,-0.000000000000000000e+00,2.578882655396094403e+00,-5.217822612556972661e-01,0.000000000000000000e+00,0.000000000000000000e+00,3.559927580059762398e-01,0.000000000000000000e+00,-0.000000000000000000e+00,0.000000000000000000e+00,-0.000000000000000000e+00,0.000000000000000000e+00,-3.291265272188419466e-01,0.000000000000000000e+00,0.000000000000000000e+00,4.057959391272352723e-01,0.000000000000000000e+00,8.977192817795195956e-02,-2.489106445133985324e-01,0.000000000000000000e+00,0.000000000000000000e+00,0.000000000000000000e+00,0.000000000000000000e+00,1.842640683063699325e-01
-0.000000000000000000e+00,-0.000000000000000000e+00,-0.000000000000000000e+00,-2.734278736795037190e-02,-4.266665290673876676e-01,0.000000000000000000e+00,-0.000000000000000000e+00,7.903433734922031551e-02,-0.000000000000000000e+00,-0.000000000000000000e+00,-0.000000000000000000e+00,0.000000000000000000e+00,0.000000000000000000e+00,-0.000000000000000000e+00,-0.000000000000000000e+00,-0.000000000000000000e+00,-0.000000000000000000e+00,-5.217822612556972661e-01,1.672832968161977130e+00,0.000000000000000000e+00,0.000000000000000000e+00,0.000000000000000000e+00,-0.000000000000000000e+00,-4.282142894365355973e-02,-0.000000000000000000e+00,-0.000000000000000000e+00,0.000000000000000000e+00,-0.000000000000000000e+00,-0.000000000000000000e+00,-0.000000000000000000e+00,0.000000000000000000e+00,0.000000000000000000e+00,0.000000000000000000e+00,-4.293992514306092523e-01,0.000000000000000000e+00,-0.000000000000000000e+00,-0.000000000000000000e+00,0.000000000000000000e+00,0.000000000000000000e+00
-1.583479472937572297e-01,0.000000000000000000e+00,0.000000000000000000e+00,0.000000000000000000e+00,0.000000000000000000e+00,-0.000000000000000000e+00,-0.000000000000000000e+00,-0.000000000000000000e+00,1.768165414786552758e-01,0.000000000000000000e+00,0.000000000000000000e+00,2.652902476566396106e-01,0.000000000000000000e+00,0.000000000000000000e+00,-0.000000000000000000e+00,0.000000000000000000e+00,0.000000000000000000e+00,0.000000000000000000e+00,0.000000000000000000e+00,1.645107883772190416e+00,-5.813784618635021717e-01,-0.000000000000000000e+00,0.000000000000000000e+00,0.000000000000000000e+00,0.000000000000000000e+00,-5.084276130829371021e-02,0.000000000000000000e+00,-2.682002386752438405e-01,-0.000000000000000000e+00,0.000000000000000000e+00,0.000000000000000000e+00,0.000000000000000000e+00,-0.000000000000000000e+00,1.193686918091798055e-01,-0.000000000000000000e+00,0.000000000000000000e+00,0.000000000000000000e+00,-0.000000000000000000e+00,0.000000000000000000e+00
-0.000000000000000000e+00,0.000000000000000000e+00,-0.000000000000000000e+00,0.000000000000000000e+00,0.000000000000000000e+00,-1.780872093340763740e-01,-0.000000000000000000e+00,-0.000000000000000000e+00,0.000000000000000000e+00,0.000000000000000000e+00,-0.000000000000000000e+00,8.492376553252949101e-02,1.285522590780658302e-02,0.000000000000000000e+00,0.000000000000000000e+00,0.000000000000000000e+00,-0.000000000000000000e+00,0.000000000000000000e+00,0.000000000000000000e+00,-5.813784618635021717e-01,1.774218771158801777e+00,-2.956211338721261295e-01,0.000000000000000000e+00,0.000000000000000000e+00,0.000000000000000000e+00,-1.025060198227418229e-01,-0.000000000000000000e+00,-0.000000000000000000e+00,-0.000000000000000000e+00,0.000000000000000000e+00,-0.000000000000000000e+00,0.000000000000000000e+00,-4.174651101393916930e-01,1.042435310588488012e-01,-0.000000000000000000e+00,-0.000000000000000000e+00,-0.000000000000000000e+00,0.000000000000000000e+00,0.000000000000000000e+00
0.000000000000000000e+00,-0.000000000000000000e+00,-0.000000000000000000e+00,0.000000000000000000e+00,0.000000000000000000e+00,-0.000000000000000000e+00,-0.000000000000000000e+00,0.000000000000000000e+00,0.000000000000000000e+00,-0.000000000000000000e+00,-0.000000000000000000e+00,-0.000000000000000000e+00,-0.000000000000000000e+00,-0.000000000000000000e+00,1.772987420287727156e-01,-0.000000000000000000e+00,0.000000000000000000e+00,3.559927580059762398e-01,0.000000000000000000e+00,-0.000000000000000000e+00,-2.956211338721261295e-01,2.048885294752828212e+00,-0.000000000000000000e+00,0.000000000000000000e+00,-0.000000000000000000e+00,-0.000000000000000000e+00,-1.592470020972450995e-01,1.118103460429467622e-02,-0.000000000000000000e+00,0.000000000000000000e+00,-3.256377867257351788e-01,-3.116136618492366117e-01,-4.314416400781475036e-01,1.868278544293815735e-01,-0.000000000000000000e+00,-0.000000000000000000e+00,-0.000000000000000000e+00,0.000000000000000000e+00,-0.000000000000000000e+00
-0.000000000000000000e+00,-4.779579859231691819e-01,-0.000000000000000000e+00,0.000000000000000000e+00,-8.575266319070382059e-02,0.000000000000000000e+00,0.000000000000000000e+00,2.269585576548677486e-01,-3.067480301876762128e-01,-2.760961376722009253e-01,-0.000000000000000000e+00,-1.730634632922570804e-01,-0.000000000000000000e+00,-0.000000000000000000e+00,0.000000000000000000e+00,-3.004406693561993413e-01,0.000000000000000000e+00,0.000000000000000000e+00,-0.000000000000000000e+00,0.000000000000000000e+00,0.000000000000000000e+00,-0.000000000000000000e+00,2.418757765576910135e+00,-3.133508532535886904e-01,-0.000000000000000000e+00,-0.000000000000000000e+00,-0.000000000000000000e+00,0.000000000000000000e+00,0.000000000000000000e+00,-0.000000000000000000e+00,-0.000000000000000000e+00,-1.079914427534112847e-01,-0.000000000000000000e+00,-0.000000000000000000e+00,0.000000000000000000e+00,-6.270018686923337081e-02,-0.000000000000000000e+00,-0.000000000000000000e+00,-2.122956464204923677e-01
-1.395589103190884514e-02,-1.120309298936382897e-01,-0.000000000000000000e+00,-0.000000000000000000e+00,-0.000000000000000000e+00,0.000000000000000000e+00,0.000000000000000000e+00,5.393631616947679869e-02,-1.857483480347444371e-01,-0.000000000000000000e+00,-0.000000000000000000e+00,-0.000000000000000000e+00,-0.000000000000000000e+00,-7.649658232746391062e-02,-0.000000000000000000e+00,-0.000000000000000000e+00,-0.000000000000000000e+00,-0.000000000000000000e+00,-4.282142894365355973e-02,0.000000000000000000e+00,0.000000000000000000e+00,0.000000000000000000e+00,-3.133508532535886904e-01,1.418004588075394645e+00,-1.352107451542227112e-01,-0.000000000000000000e+00,-0.000000000000000000e+00,-0.000000000000000000e+00,-0.000000000000000000e+00,-0.000000000000000000e+00,-0.000000000000000000e+00,-0.000000000000000000e+00,-0.000000000000000000e+00,-0.000000000000000000e+00,0.000000000000000000e+00,-0.000000000000000000e+00,-1.030188111619892571e-01,-0.000000000000000000e+00,-0.000000000000000000e+00
0.000000000000000000e+00,-1.631622171780468256e-01,-3.205225102871595566e-01,-0.000000000000000000e+00,-0.000000000000000000e+00,-0.000000000000000000e+00,0.000000000000000000e+00,6.909509581812658952e-02,-0.000000000000000000e+00,-1.412606161662270099e-01,-2.083871680396429948e-01,-0.000000000000000000e+00,-0.000000000000000000e+00,-0.000000000000000000e+00,0.000000000000000000e+00,-0.000000000000000000e+00,0.000000000000000000e+00,0.000000000000000000e+00,-0.000000000000000000e+00,0.000000000000000000e+00,0.000000000000000000e+00,-0.000000000000000000e+00,-0.000000000000000000e+00,-1.352107451542227112e-01,1.617265792343202113e+00,0.000000000000000000e+00,-1.626080814980050138e-01,0.000000000000000000e+00,0.000000000000000000e+00,-0.000000000000000000e+00,-0.000000000000000000e+00,-1.191392266603972516e-01,-0.000000000000000000e+00,-0.000000000000000000e+00,-0.000000000000000000e+00,-8.106875853381542707e-02,-0.000000000000000000e+00,0.000000000000000000e+00,-0.000000000000000000e+00
-5.227740246533265633e-01,-0.000000000000000000e+00,-0.000000000000000000e+00,0.000000000000000000e+00,-1.584060113406346171e-01,-0.000000000000000000e+00,-3.574390914476680559e-01,0.000000000000000000e+00,-0.000000000000000000e+00,-0.000000000000000000e+00,-0.000000000000000000e+00,6.230374684178151962e-02,0.000000000000000000e+00,-2.549135324946325692e-02,-1.160035873782610527e-01,-2.239908906147802525e-01,-0.000000000000000000e+00,-0.000000000000000000e+00,-0.000000000000000000e+00,-5.084276130829371021e-02,-1.025060198227418229e-01,-0.000000000000000000e+00,-0.000000000000000000e+00,-0.000000000000000000e+00,0.000000000000000000e+00,2.641502911045362723e+00,0.000000000000000000e+00,-3.810924768404627683e-01,-5.518615037665857148e-01,-0.000000000000000000e+00,-0.000000000000000000e+00,-0.000000000000000000e+00,-2.104989149485359812e-01,0.000000000000000000e+00,-4.778510789123142644e-01,-0.000000000000000000e+00,-0.000000000000000000e+00,-0.000000000000000000e+00,-0.000000000000000000e+00
2.803591045043042629e-02,-0.000000000000000000e+00,-5.826714889104789297e-02,0.000000000000000000e+00,-0.000000000000000000e+00,-0.000000000000000000e+00,0.000000000000000000e+00,0.000000000000000000e+00,-0.000000000000000000e+00,-0.000000000000000000e+00,-3.389794228021335565e-01,-5.795163093713772140e-01,-0.000000000000000000e+00,-0.000000000000000000e+00,4.258672413893705988e-01,-0.000000000000000000e+00,0.000000000000000000e+00,0.000000000000000000e+00,0.000000000000000000e+00,0.000000000000000000e+00,-0.000000000000000000e+00,-1.592470020972450995e-01,-0.000000000000000000e+00,-0.000000000000000000e+00,-1.626080814980050138e-01,0.000000000000000000e+00,2.500989693020616578e+00,1.422555720721002392e-01,0.000000000000000000e+00,0.000000000000000000e+00,-4.100533797535185210e-01,-4.869046253997755258e-01,-0.000000000000000000e+00,-0.000000000000000000e+00,0.000000000000000000e+00,-0.000000000000000000e+00,-0.000000000000000000e+00,0.000000000000000000e+00,-2.316844798852779330e-01
-2.312990470998845527e-01,0.000000000000000000e+00,-0.000000000000000000e+00,-0.000000000000000000e+00,-0.000000000000000000e+00,-0.000000000000000000e+00,-0.000000000000000000e+00,0.000000000000000000e+00,0.000000000000000000e+00,0.000000000000000000e+00,0.000000000000000000e+00,5.761542055019397424e-01,1.519902461242737535e-01,0.000000000000000000e+00,-1.475605071392562528e-01,0.000000000000000000e+00,-2.174747853276836895e-01,-3.291265272188419466e-01,-0.000000000000000000e+00,-2.682002386752438405e-01,-0.000000000000000000e+00,1.118103460429467622e-02,0.000000000000000000e+00,-0.000000000000000000e+00,0.000000000000000000e+00,-3.810924768404627683e-01,1.422555720721002392e-01,2.080177982559593186e+00,-2.252410245807745168e-02,0.000000000000000000e+00,0.000000000000000000e+00,0.000000000000000000e+00,-0.000000000000000000e+00,-0.000000000000000000e+00,-0.000000000000000000e+00,0.000000000000000000e+00,0.000000000000000000e+00,-0.000000000000000000e+00,1.327247011602139537e-01
-3.924378182301277440e-01,-0.000000000000000000e+00,-0.000000000000000000e+00,0.000000000000000000e+00,-0.000000000000000000e+00,-1.952100809515997515e-01,-0.000000000000000000e+00,0.000000000000000000e+00,0.000000000000000000e+00,-0.000000000000000000e+00,-0.000000000000000000e+00,0.000000000000000000e+00,1.693846294882305759e-01,-0.000000000000000000e+00,-0.000000000000000000e+00,-0.000000000000000000e+00,-5.380324833824150499e-01,0.000000000000000000e+00,-0.000000000000000000e+00,-0.000000000000000000e+00,-0.000000000000000000e+00,-0.000000000000000000e+00,0.000000000000000000e+00,-0.000000000000000000e+00,0.000000000000000000e+00,-5.518615037665857148e-01,0.000000000000000000e+00,-2.252410245807745168e-02,2.461413772090114360e+00,-0.000000000000000000e+00,-0.000000000000000000e+00,-0.000000000000000000e+00,-0.000000000000000000e+00,0.000000000000000000e+00,-6.853433984322464534e-01,-0.000000000000000000e+00,-8.876311257565777310e-03,-0.000000000000000000e+00,-0.000000000000000000e+00
-0.000000000000000000e+00,-6.181448058220992414e-02,-0.000000000000000000e+00,0.000000000000000000e+00,-0.000000000000000000e+00,8.940349227624141970e-02,-0.000000000000000000e+00,0.000000000000000000e+00,-1.449664740797737550e-01,-3.794463818247544307e-01,0.000000000000000000e+00,-0.000000000000000000e+00,-0.000000000000000000e+00,-0.000000000000000000e+00,-3.641925099704183544e-01,-6.407747645420395211e-01,0.000000000000000000e+00,0.000000000000000000e+00,-0.000000000000000000e+00,0.000000000000000000e+00,0.000000000000000000e+00,0.000000000000000000e+00,-0.000000000000000000e+00,-0.000000000000000000e+00,-0.000000000000000000e+00,-0.000000000000000000e+00,0.000000000000000000e+00,0.000000000000000000e+00,-0.000000000000000000e+00,2.046171953046601377e+00,0.000000000000000000e+00,0.000000000000000000e+00,0.000000000000000000e+00,-0.000000000000000000e+00,-0.000000000000000000e+00,-1.470638710498928803e-01,-0.000000000000000000e+00,-3.316038013563498699e-01,-0.000000000000000000e+00
0.000000000000000000e+00,-0.000000000000000000e+00,-5.130158844711081578e-02,0.000000000000000000e+00,-0.000000000000000000e+00,-0.000000000000000000e+00,-0.000000000000000000e+00,0.000000000000000000e+00,-0.000000000000000000e+00,-0.000000000000000000e+00,-3.401781410841859810e-01,-0.000000000000000000e+00,0.000000000000000000e+00,-1.818205452534592814e-01,0.000000000000000000e+00,-0.000000000000000000e+00,0.000000000000000000e+00,4.057959391272352723e-01,0.000000000000000000e+00,0.000000000000000000e+00,-0.000000000000000000e+00,-3.256377867257351788e-01,-0.000000000000000000e+00,-0.000000000000000000e+00,-0.000000000000000000e+00,-0.000000000000000000e+00,-4.100533797535185210e-01,0.000000000000000000e+00,-0.000000000000000000e+00,0.000000000000000000e+00,2.703134284038934521e+00,-5.804704798117898967e-01,-3.370401678710992499e-01,0.000000000000000000e+00,-0.000000000000000000e+00,-7.203536325803133744e-02,-1.615883565535936317e-01,0.000000000000000000e+00,-1.045744722342278193e-01
0.000000000000000000e+00,-0.000000000000000000e+00,-0.000000000000000000e+00,0.000000000000000000e+00,-0.000000000000000000e+00,-0.000000000000000000e+00,-0.000000000000000000e+00,0.000000000000000000e+00,-0.000000000000000000e+00,-0.000000000000000000e+00,-2.227828764208338030e-01,-0.000000000000000000e+00,-0.000000000000000000e+00,-0.000000000000000000e+00,0.000000000000000000e+00,-0.000000000000000000e+00,0.000000000000000000e+00,0.000000000000000000e+00,0.000000000000000000e+00,0.000000000000000000e+00,0.000000000000000000e+00,-3.116136618492366117e-01,-1.079914427534112847e-01,-0.000000000000000000e+00,-1.191392266603972516e-01,-0.000000000000000000e+00,-4.869046253997755258e-01,0.000000000000000000e+00,-0.000000000000000000e+00,0.000000000000000000e+00,-5.804704798117898967e-01,2.853744239816264461e+00,-0.000000000000000000e+00,0.000000000000000000e+00,-0.000000000000000000e+00,-0.000000000000000000e+00,-8.088561287100685115e-01,0.000000000000000000e+00,-3.721114369263738286e-01
-0.000000000000000000e+00,-0.000000000000000000e+00,-0.000000000000000000e+00,1.245861428184794062e-01,-0.000000000000000000e+00,-2.198226038147140238e-01,-1.802317878653388050e-01,0.000000000000000000e+00,0.000000000000000000e+00,-0.000000000000000000e+00,-0.000000000000000000e+00,0.000000000000000000e+00,0.000000000000000000e+00,-2.414425174803473129e-01,0.000000000000000000e+00,-0.000000000000000000e+00,-0.000000000000000000e+00,8.977192817795195956e-02,0.000000000000000000e+00,-0.000000000000000000e+00,-4.174651101393916930e-01,-4.314416400781475036e-01,-0.000000000000000000e+00,-0.000000000000000000e+00,-0.000000000000000000e+00,-2.104989149485359812e-01,-0.000000000000000000e+00,-0.000000000000000000e+00,-0.000000000000000000e+00,0.000000000000000000e+00,-3.370401678710992499e-01,-0.000000000000000000e+00,2.670411249359860406e+00,7.321010560428591052e-02,-6.188841151306170296e-01,-0.000000000000000000e+00,-2.660967977304944387e-01,-0.000000000000000000e+00,-0.000000000000000000e+00
0.000000000000000000e+00,-0.000000000000000000e+00,-1.260016453901526834e-01,-2.239831877853397657e-01,-2.320023704270708920e-01,0.000000000000000000e+00,0.000000000000000000e+00,8.343308480721659329e-03,-7.239018846642446547e-01,-0.000000000000000000e+00,0.000000000000000000e+00,-0.000000000000000000e+00,-0.000000000000000000e+00,0.000000000000000000e+00,-0.000000000000000000e+00,-0.000000000000000000e+00,0.000000000000000000e+00,-2.489106445133985324e-01,-4.293992514306092523e-01,1.193686918091798055e-01,1.042435310588488012e-01,1.868278544293815735e-01,-0.000000000000000000e+00,-0.000000000000000000e+00,-0.000000000000000000e+00,0.000000000000000000e+00,-0.000000000000000000e+00,-0.000000000000000000e+00,0.000000000000000000e+00,-0.000000000000000000e+00,0.000000000000000000e+00,0.000000000000000000e+00,7.321010560428591052e-02,2.143683616470655640e+00,2.786375352144415118e-01,-0.000000000000000000e+00,0.000000000000000000e+00,-0.000000000000000000e+00,-0.000000000000000000e+00
-0.000000000000000000e+00,0.000000000000000000e+00,-0.000000000000000000e+00,2.621795275618524212e-01,-0.000000000000000000e+00,-1.608830477863424369e-01,-4.427314930577995744e-01,0.000000000000000000e+00,0.000000000000000000e+00,-0.000000000000000000e+00,-0.000000000000000000e+00,0.000000000000000000e+00,0.000000000000000000e+00,-1.279674159190737071e-01,-0.000000000000000000e+00,-0.000000000000000000e+00,-0.000000000000000000e+00,0.000000000000000000e+00,0.000000000000000000e+00,-0.000000000000000000e+00,-0.000000000000000000e+00,-0.000000000000000000e+00,0.000000000000000000e+00,0.000000000000000000e+00,-0.000000000000000000e+00,-4.778510789123142644e-01,0.000000000000000000e+00,-0.000000000000000000e+00,-6.853433984322464534e-01,-0.000000000000000000e+00,-0.000000000000000000e+00,-0.000000000000000000e+00,-6.188841151306170296e-01,2.786375352144415118e-01,2.680676674402277637e+00,-0.000000000000000000e+00,-6.657766063095016396e-02,-0.000000000000000000e+00,-0.000000000000000000e+00
-0.000000000000000000e+00,-2.262050767439732213e-01,-2.320593407833718702e-01,0.000000000000000000e+00,-0.000000000000000000e+00,-0.000000000000000000e+00,-1.955020727987767659e-02,8.298052592540723638e-02,-0.000000000000000000e+00,-5.014270124611778234e-01,-0.000000000000000000e+00,-0.000000000000000000e+00,-0.000000000000000000e+00,-6.393462813582694027e-02,-0.000000000000000000e+00,-2.159879068782642186e-01,0.000000000000000000e+00,0.000000000000000000e+00,-0.000000000000000000e+00,0.000000000000000000e+00,-0.000000000000000000e+00,-0.000000000000000000e+00,-6.270018686923337081e-02,-0.000000000000000000e+00,-8.106875853381542707e-02,-0.000000000000000000e+00,-0.000000000000000000e+00,0.000000000000000000e+00,-0.000000000000000000e+00,-1.470638710498928803e-01,-7.203536325803133744e-02,-0.000000000000000000e+00,-0.000000000000000000e+00,-0.000000000000000000e+00,-0.000000000000000000e+00,1.989778163607747619e+00,-0.000000000000000000e+00,-0.000000000000000000e+00,-1.240489177850882946e-01
-0.000000000000000000e+00,-1.255660052596060949e-01,-0.000000000000000000e+00,0.000000000000000000e+00,-0.000000000000000000e+00,-0.000000000000000000e+00,-0.000000000000000000e+00,0.000000000000000000e+00,-0.000000000000000000e+00,-0.000000000000000000e+00,-5.829614570629000347e-01,-0.000000000000000000e+00,0.000000000000000000e+00,-6.305930844166339755e-01,0.000000000000000000e+00,-3.909311775674512851e-02,-0.000000000000000000e+00,0.000000000000000000e+00,-0.000000000000000000e+00,0.000000000000000000e+00,-0.000000000000000000e+00,-0.000000000000000000e+00,-0.000000000000000000e+00,-1.030188111619892571e-01,-0.000000000000000000e+00,-0.000000000000000000e+00,-0.000000000000000000e+00,0.000000000000000000e+00,-8.876311257565777310e-03,-0.000000000000000000e+00,-1.615883565535936317e-01,-8.088561287100685115e-01,-2.660967977304944387e-01,0.000000000000000000e+00,-6.657766063095016396e-02,-0.000000000000000000e+00,2.710106554518064037e+00,-0.000000000000000000e+00,-0.000000000000000000e+00
-7.509263517803271837e-01,-0.000000000000000000e+00,-0.000000000000000000e+00,0.000000000000000000e+00,-0.000000000000000000e+00,0.000000000000000000e+00,0.000000000000000000e+00,0.000000000000000000e+00,-1.101276565498502252e-01,-0.000000000000000000e+00,0.000000000000000000e+00,-0.000000000000000000e+00,-0.000000000000000000e+00,-0.000000000000000000e+00,-6.390981367025259097e-01,-1.006577239767575543e-01,-0.000000000000000000e+00,0.000000000000000000e+00,0.000000000000000000e+00,-0.000000000000000000e+00,0.000000000000000000e+00,0.000000000000000000e+00,-0.000000000000000000e+00,-0.000000000000000000e+00,0.000000000000000000e+00,-0.000000000000000000e+00,0.000000000000000000e+00,-0.000000000000000000e+00,-0.000000000000000000e+00,-3.316038013563498699e-01,0.000000000000000000e+00,0.000000000000000000e+00,-0.000000000000000000e+00,-0.000000000000000000e+00,-0.000000000000000000e+00,-0.000000000000000000e+00,-0.000000000000000000e+00,1.994853241826147761e+00,-7.480090254898547064e-02
-0.000000000000000000e+00,-1.082251103805992737e-01,-0.000000000000000000e+00,9.099636872716962421e-02,-0.000000000000000000e+00,0.000000000000000000e+00,0.000000000000000000e+00,0.000000000000000000e+00,-9.362314221340925502e-02,-1.492515133628792290e-01,-0.000000000000000000e+00,-5.385520107901839992e-01,-1.095292198554452361e-02,-0.000000000000000000e+00,0.000000000000000000e+00,-0.000000000000000000e+00,0.000000000000000000e+00,1.842640683063699325e-01,0.000000000000000000e+00,0.000000000000000000e+00,0.000000000000000000e+00,-0.000000000000000000e+00,-2.122956464204923677e-01,-0.000000000000000000e+00,-0.000000000000000000e+00,-0.000000000000000000e+00,-2.316844798852779330e-01,1.327247011602139537e-01,-0.000000000000000000e+00,-0.000000000000000000e+00,-1.045744722342278193e-01,-3.721114369263738286e-01,-0.000000000000000000e+00,-0.000000000000000000e+00,-0.000000000000000000e+00,-1.240489177850882946e-01,-0.000000000000000000e+00,-7.480090254898547064e-02,2.143971178882460027e+00
