1.969569248913380699e+00,-4.805717289052389707e-01,-0.000000000000000000e+00,0.000000000000000000e+00,-3.529013852754528391e-02,-0.000000000000000000e+00,-0.000000000000000000e+00,1.154570372863006900e-01,-0.000000000000000000e+00,-1.073088457656392741e-01,-0.000000000000000000e+00,-0.000000000000000000e+00,-0.000000000000000000e+00,-3.101379831167950796e-01,-0.000000000000000000e+00,-3.525404499713705730e-01,-9.236859621860351449e-03,0.000000000000000000e+00,-0.000000000000000000e+00,0.000000000000000000e+00,-1.119448357545507755e-01,-0.000000000000000000e+00,-0.000000000000000000e+00,-0.000000000000000000e+00,-0.000000000000000000e+00,-3.321876728371742082e-01,-0.000000000000000000e+00,-0.000000000000000000e+00,-0.000000000000000000e+00,-0.000000000000000000e+00,-3.086098339283796510e-02,-0.000000000000000000e+00,-0.000000000000000000e+00,-0.000000000000000000e+00,-2.798634002055481740e-01,-0.000000000000000000e+00,-8.094870163116635320e-02,-0.000000000000000000e+00,-0.000000000000000000e+00
-4.805717289052389707e-01,1.647869383305997637e+00,-0.000000000000000000e+00,0.000000000000000000e+00,-0.000000000000000000e+00,-0.000000000000000000e+00,-0.000000000000000000e+00,0.000000000000000000e+00,0.000000000000000000e+00,-2.539454247214113503e-01,-0.000000000000000000e+00,0.000000000000000000e+00,-0.000000000000000000e+00,-0.000000000000000000e+00,0.000000000000000000e+00,-0.000000000000000000e+00,-0.000000000000000000e+00,0.000000000000000000e+00,0.000000000000000000e+00,0.000000000000000000e+00,-0.000000000000000000e+00,-0.000000000000000000e+00,-0.000000000000000000e+00,-0.000000000000000000e+00,0.000000000000000000e+00,-0.000000000000000000e+00,-0.000000000000000000e+00,-0.000000000000000000e+00,-0.000000000000000000e+00,-0.000000000000000000e+00,-2.181951839571723839e-01,-7.912203753725260968e-02,-0.000000000000000000e+00,-0.000000000000000000e+00,-0.000000000000000000e+00,-9.315311058763629803e-02,-2.528824186417878983e-01,0.000000000000000000e+00,0.000000000000000000e+00
-0.000000000000000000e+00,-0.000000000000000000e+00,2.373680365134108516e+00,-0.000000000000000000e+00,-8.227513300371904759e-01,0.000000000000000000e+00,0.000000000000000000e+00,6.647996656814934013e-01,-1.507711856558468372e-02,-3.962175514038422663e-02,0.000000000000000000e+00,-0.000000000000000000e+00,0.000000000000000000e+00,-0.000000000000000000e+00,-4.981566887554780831e-02,-0.000000000000000000e+00,-0.000000000000000000e+00,-0.000000000000000000e+00,-0.000000000000000000e+00,-0.000000000000000000e+00,-2.538826542783305107e-01,-0.000000000000000000e+00,-0.000000000000000000e+00,-1.061294654636658619e-01,-1.179197765669311587e-01,-5.447584274891022205e-02,-0.000000000000000000e+00,-1.670581790959467239e-01,-0.000000000000000000e+00,-0.000000000000000000e+00,-0.000000000000000000e+00,-0.000000000000000000e+00,-0.000000000000000000e+00,-3.198967303836494080e-01,-0.000000000000000000e+00,0.000000000000000000e+00,-0.000000000000000000e+00,-0.000000000000000000e+00,-2.196017493707023288e-02
0.000000000000000000e+00,0.000000000000000000e+00,-0.000000000000000000e+00,1.853434651145366763e+00,-0.000000000000000000e+00,2.217676821183265923e-01,0.000000000000000000e+00,0.000000000000000000e+00,-4.348671832825243971e-02,0.000000000000000000e+00,8.919709778058569627e-02,-0.000000000000000000e+00,1.393628436869102372e-01,0.000000000000000000e+00,-0.000000000000000000e+00,1.134877975829673424e-01,0.000000000000000000e+00,-4.738552884234082940e-01,-0.000000000000000000e+00,-9.403365880469302662e-02,0.000000000000000000e+00,0.000000000000000000e+00,1.065171281505005035e-01,-0.000000000000000000e+00,-3.710740917653864053e-03,-0.000000000000000000e+00,0.000000000000000000e+00,-0.000000000000000000e+00,-0.000000000000000000e+00,-0.000000000000000000e+00,0.000000000000000000e+00,1.635419443931622752e-01,0.000000000000000000e+00,-0.000000000000000000e+00,1.340551965002443335e-01,1.324954566040204562e-01,0.000000000000000000e+00,-3.291610992388665537e-03,-0.000000000000000000e+00
-3.529013852754528391e-02,-0.000000000000000000e+00,-8.227513300371904759e-01,-0.000000000000000000e+00,2.234487941874543804e+00,0.000000000000000000e+00,-0.000000000000000000e+00,2.762715759594812082e-01,-5.806981343763916587e-02,-4.382495254651968923e-04,0.000000000000000000e+00,-4.712175181603497215e-02,0.000000000000000000e+00,-1.995069883360266888e-02,-0.000000000000000000e+00,-0.000000000000000000e+00,-0.000000000000000000e+00,-0.000000000000000000e+00,-0.000000000000000000e+00,-0.000000000000000000e+00,-0.000000000000000000e+00,-0.000000000000000000e+00,-0.000000000000000000e+00,-0.000000000000000000e+00,-0.000000000000000000e+00,-1.113646585854927984e-01,-0.000000000000000000e+00,-8.003622579767449841e-02,-0.000000000000000000e+00,-0.000000000000000000e+00,-0.000000000000000000e+00,-0.000000000000000000e+00,-0.000000000000000000e+00,-5.971703887756514284e-01,-0.000000000000000000e+00,-0.000000000000000000e+00,-0.000000000000000000e+00,-0.000000000000000000e+00,-1.921580157152821267e-01
-0.000000000000000000e+00,-0.000000000000000000e+00,0.000000000000000000e+00,2.217676821183265923e-01,0.000000000000000000e+00,1.950369164791202925e+00,-0.000000000000000000e+00,-0.000000000000000000e+00,0.000000000000000000e+00,-0.000000000000000000e+00,-0.000000000000000000e+00,0.000000000000000000e+00,-8.685275606283064664e-02,-0.000000000000000000e+00,0.000000000000000000e+00,-7.945696944188425370e-02,-2.746844248552574030e-01,1.762292124170658503e-01,0.000000000000000000e+00,0.000000000000000000e+00,0.000000000000000000e+00,-0.000000000000000000e+00,-4.700076814874206699e-01,0.000000000000000000e+00,0.000000000000000000e+00,0.000000000000000000e+00,-0.000000000000000000e+00,3.080737272091209622e-01,0.000000000000000000e+00,0.000000000000000000e+00,-0.000000000000000000e+00,-2.059199414231848990e-01,-0.000000000000000000e+00,0.000000000000000000e+00,-2.874988357747534917e-02,-2.723270937101497299e-02,-0.000000000000000000e+00,0.000000000000000000e+00,0.000000000000000000e+00
-0.000000000000000000e+00,-0.000000000000000000e+00,0.000000000000000000e+00,0.000000000000000000e+00,-0.000000000000000000e+00,-0.000000000000000000e+00,1.449795817181515289e+00,-0.000000000000000000e+00,4.987424435008491752e-02,-0.000000000000000000e+00,-0.000000000000000000e+00,0.000000000000000000e+00,-2.543299992291850886e-01,0.000000000000000000e+00,8.372475566110797185e-02,-0.000000000000000000e+00,-0.000000000000000000e+00,9.117679293925897571e-03,8.047320992178122467e-02,0.000000000000000000e+00,-0.000000000000000000e+00,-3.996586744008320813e-02,-0.000000000000000000e+00,0.000000000000000000e+00,0.000000000000000000e+00,0.000000000000000000e+00,-9.037944140026387199e-03,0.000000000000000000e+00,1.310238588024612016e-01,0.000000000000000000e+00,-6.669604624578051588e-03,-0.000000000000000000e+00,-1.996013915672384675e-01,-0.000000000000000000e+00,-0.000000000000000000e+00,-2.383038166109792411e-01,-0.000000000000000000e+00,1.073604508816592834e-01,0.000000000000000000e+00
1.154570372863006900e-01,0.000000000000000000e+00,6.647996656814934013e-01,0.000000000000000000e+00,2.762715759594812082e-01,-0.000000000000000000e+00,-0.000000000000000000e+00,2.223264227924742986e+00,5.890515965175788932e-02,0.000000000000000000e+00,0.000000000000000000e+00,0.000000000000000000e+00,-0.000000000000000000e+00,5.028948450089715250e-01,0.000000000000000000e+00,0.000000000000000000e+00,0.000000000000000000e+00,0.000000000000000000e+00,3.274537247171203924e-02,0.000000000000000000e+00,7.017571617817379079e-03,0.000000000000000000e+00,0.000000000000000000e+00,2.325620972965009303e-01,0.000000000000000000e+00,1.392041885398580814e-01,0.000000000000000000e+00,0.000000000000000000e+00,6.168336494361102013e-02,0.000000000000000000e+00,0.000000000000000000e+00,0.000000000000000000e+00,0.000000000000000000e+00,0.000000000000000000e+00,0.000000000000000000e+00,-0.000000000000000000e+00,0.000000000000000000e+00,0.000000000000000000e+00,2.767951199336944335e-01
-0.000000000000000000e+00,0.000000000000000000e+00,-1.507711856558468372e-02,-4.348671832825243971e-02,-5.806981343763916587e-02,0.000000000000000000e+00,4.987424435008491752e-02,5.890515965175788932e-02,2.514901485483474364e+00,0.000000000000000000e+00,0.000000000000000000e+00,-0.000000000000000000e+00,9.552399184931566201e-02,-0.000000000000000000e+00,-6.514619858701542476e-02,0.000000000000000000e+00,0.000000000000000000e+00,-4.383914740656003617e-01,-4.399302199081085440e-01,-0.000000000000000000e+00,0.000000000000000000e+00,0.000000000000000000e+00,0.000000000000000000e+00,-1.239757766224131447e-01,-1.627466503408972476e-01,-1.453964995628307111e-01,0.000000000000000000e+00,-5.030684114943476809e-02,-3.853245853830564727e-01,-0.000000000000000000e+00,0.000000000000000000e+00,0.000000000000000000e+00,0.000000000000000000e+00,-0.000000000000000000e+00,0.000000000000000000e+00,9.909179532616577135e-02,0.000000000000000000e+00,-3.799715438966198566e-01,-2.960848872848629298e-01
-1.073088457656392741e-01,-2.539454247214113503e-01,-3.962175514038422663e-02,0.000000000000000000e+00,-4.382495254651968923e-04,-0.000000000000000000e+00,-0.000000000000000000e+00,0.000000000000000000e+00,0.000000000000000000e+00,1.634902775839776279e+00,-0.000000000000000000e+00,0.000000000000000000e+00,-0.000000000000000000e+00,-0.000000000000000000e+00,-0.000000000000000000e+00,-4.377506404743908286e-01,-0.000000000000000000e+00,0.000000000000000000e+00,0.000000000000000000e+00,-0.000000000000000000e+00,-2.114709635046141678e-01,-6.178315490359475443e-02,-0.000000000000000000e+00,-0.000000000000000000e+00,-0.000000000000000000e+00,-0.000000000000000000e+00,-0.000000000000000000e+00,-0.000000000000000000e+00,-0.000000000000000000e+00,-0.000000000000000000e+00,-0.000000000000000000e+00,-0.000000000000000000e+00,-2.665960158226225035e-02,-0.000000000000000000e+00,-5.269084608125847863e-02,-1.984315043195900019e-01,-4.801867309839862735e-02,0.000000000000000000e+00,-0.000000000000000000e+00
-0.000000000000000000e+00,-0.000000000000000000e+00,0.000000000000000000e+00,8.919709778058569627e-02,0.000000000000000000e+00,-0.000000000000000000e+00,-0.000000000000000000e+00,0.000000000000000000e+00,0.000000000000000000e+00,-0.000000000000000000e+00,1.995224711132659090e+00,-0.000000000000000000e+00,-1.435333110742822715e-01,-0.000000000000000000e+00,0.000000000000000000e+00,-5.057571433017074569e-02,-4.400323726986489214e-01,3.287564295819267457e-02,0.000000000000000000e+00,0.000000000000000000e+00,-0.000000000000000000e+00,-0.000000000000000000e+00,-1.297206002373766653e-01,0.000000000000000000e+00,0.000000000000000000e+00,-0.000000000000000000e+00,-1.363395285548450742e-01,0.000000000000000000e+00,0.000000000000000000e+00,1.128478773171844168e-01,-1.427625233282797390e-01,-1.903867466879074488e-01,-2.337015753891134306e-01,0.000000000000000000e+00,-9.565836594384856742e-03,-4.877164185146188463e-02,-2.001648917778166281e-01,0.000000000000000000e+00,0.000000000000000000e+00
-0.000000000000000000e+00,0.000000000000000000e+00,-0.000000000000000000e+00,-0.000000000000000000e+00,-4.712175181603497215e-02,0.000000000000000000e+00,0.000000000000000000e+00,0.000000000000000000e+00,-0.000000000000000000e+00,0.000000000000000000e+00,-0.000000000000000000e+00,1.215222906670961001e+00,-0.000000000000000000e+00,-0.000000000000000000e+00,-0.000000000000000000e+00,-0.000000000000000000e+00,-0.000000000000000000e+00,-0.000000000000000000e+00,-1.375401309465393018e-01,0.000000000000000000e+00,-0.000000000000000000e+00,-0.000000000000000000e+00,-0.000000000000000000e+00,-0.000000000000000000e+00,-0.000000000000000000e+00,-0.000000000000000000e+00,-0.000000000000000000e+00,-0.000000000000000000e+00,-0.000000000000000000e+00,0.000000000000000000e+00,-0.000000000000000000e+00,-0.000000000000000000e+00,-0.000000000000000000e+00,-0.000000000000000000e+00,0.000000000000000000e+00,0.000000000000000000e+00,-0.000000000000000000e+00,-0.000000000000000000e+00,-4.069032719091338901e-01
-0.000000000000000000e+00,-0.000000000000000000e+00,0.000000000000000000e+00,1.393628436869102372e-01,0.000000000000000000e+00,-8.685275606283064664e-02,-2.543299992291850886e-01,-0.000000000000000000e+00,9.552399184931566201e-02,-0.000000000000000000e+00,-1.435333110742822715e-01,-0.000000000000000000e+00,2.716816827411226321e+00,-0.000000000000000000e+00,0.000000000000000000e+00,-0.000000000000000000e+00,-0.000000000000000000e+00,3.132924803106161282e-01,0.000000000000000000e+00,7.908695034762575071e-02,-0.000000000000000000e+00,-8.542311898697443895e-02,-2.538103785467055729e-01,0.000000000000000000e+00,1.074086919099634663e-01,0.000000000000000000e+00,-1.503951273986050274e-01,0.000000000000000000e+00,2.955836407756486117e-04,1.223202459093583050e-01,-2.056670467498080690e-01,-4.260364341221081208e-01,-0.000000000000000000e+00,0.000000000000000000e+00,-0.000000000000000000e+00,-3.401946623048414109e-01,-0.000000000000000000e+00,3.199124702416480948e-01,0.000000000000000000e+00
-3.101379831167950796e-01,-0.000000000000000000e+00,-0.000000000000000000e+00,0.000000000000000000e+00,-1.995069883360266888e-02,-0.000000000000000000e+00,0.000000000000000000e+00,5.028948450089715250e-01,-0.000000000000000000e+00,-0.000000000000000000e+00,-0.000000000000000000e+00,-0.000000000000000000e+00,-0.000000000000000000e+00,1.933988476422100256e+00,-0.000000000000000000e+00,-0.000000000000000000e+00,-1.724484256908787594e-01,-0.000000000000000000e+00,-0.000000000000000000e+00,0.000000000000000000e+00,-0.000000000000000000e+00,-0.000000000000000000e+00,-0.000000000000000000e+00,-4.058117386968561613e-01,-0.000000000000000000e+00,-1.135997911532573568e-01,-0.000000000000000000e+00,-0.000000000000000000e+00,-0.000000000000000000e+00,0.000000000000000000e+00,-0.000000000000000000e+00,-0.000000000000000000e+00,-9.275063804154208558e-02,-0.000000000000000000e+00,-1.092306386224584369e-01,-0.000000000000000000e+00,-3.277563058131339191e-01,-0.000000000000000000e+00,-1.804154121714044157e-01
-0.000000000000000000e+00,0.000000000000000000e+00,-4.981566887554780831e-02,-0.000000000000000000e+00,-0.000000000000000000e+00,0.000000000000000000e+00,8.372475566110797185e-02,0.000000000000000000e+00,-6.514619858701542476e-02,-0.000000000000000000e+00,0.000000000000000000e+00,-0.000000000000000000e+00,0.000000000000000000e+00,-0.000000000000000000e+00,1.096200194453335497e+00,0.000000000000000000e+00,-0.000000000000000000e+00,-3.206630580228494315e-02,-7.052974882117059308e-02,-0.000000000000000000e+00,0.000000000000000000e+00,0.000000000000000000e+00,0.000000000000000000e+00,-0.000000000000000000e+00,-0.000000000000000000e+00,-1.414113831653243114e-01,0.000000000000000000e+00,-3.325996005363828639e-02,-0.000000000000000000e+00,-0.000000000000000000e+00,0.000000000000000000e+00,0.000000000000000000e+00,0.000000000000000000e+00,-0.000000000000000000e+00,0.000000000000000000e+00,0.000000000000000000e+00,0.000000000000000000e+00,-0.000000000000000000e+00,-0.000000000000000000e+00
-3.525404499713705730e-01,-0.000000000000000000e+00,-0.000000000000000000e+00,1.134877975829673424e-01,-0.000000000000000000e+00,-7.945696944188425370e-02,-0.000000000000000000e+00,0.000000000000000000e+00,0.000000000000000000e+00,-4.377506404743908286e-01,-5.057571433017074569e-02,-0.000000000000000000e+00,-0.000000000000000000e+00,-0.000000000000000000e+00,0.000000000000000000e+00,2.392817612022801299e+00,-8.871828680578248971e-02,0.000000000000000000e+00,0.000000000000000000e+00,0.000000000000000000e+00,-1.372624092808656660e-02,-2.325262645826122951e-02,-4.998044996232390291e-01,-0.000000000000000000e+00,0.000000000000000000e+00,-0.000000000000000000e+00,-1.807464149050783397e-01,0.000000000000000000e+00,-0.000000000000000000e+00,0.000000000000000000e+00,-2.684014292667009638e-01,-9.521833529978951383e-02,-0.000000000000000000e+00,-0.000000000000000000e+00,-1.258754687231576630e-01,-2.358542728086017726e-01,-2.777234319253728961e-02,0.000000000000000000e+00,-0.000000000000000000e+00
-9.236859621860351449e-03,-0.000000000000000000e+00,-0.000000000000000000e+00,0.000000000000000000e+00,-0.000000000000000000e+00,-2.746844248552574030e-01,-0.000000000000000000e+00,0.000000000000000000e+00,0.000000000000000000e+00,-0.000000000000000000e+00,-4.400323726986489214e-01,-0.000000000000000000e+00,-0.000000000000000000e+00,-1.724484256908787594e-01,-0.000000000000000000e+00,-8.871828680578248971e-02,1.839695376446922603e+00,0.000000000000000000e+00,-0.000000000000000000e+00,0.000000000000000000e+00,-0.000000000000000000e+00,-0.000000000000000000e+00,-2.913117536611387615e-01,-0.000000000000000000e+00,-0.000000000000000000e+00,-0.000000000000000000e+00,-0.000000000000000000e+00,0.000000000000000000e+00,-0.000000000000000000e+00,0.000000000000000000e+00,-0.000000000000000000e+00,-0.000000000000000000e+00,-0.000000000000000000e+00,-0.000000000000000000e+00,-4.018635209360995053e-01,-0.000000000000000000e+00,-3.505344716008149814e-02,0.000000000000000000e+00,-0.000000000000000000e+00
0.000000000000000000e+00,0.000000000000000000e+00,-0.000000000000000000e+00,-4.738552884234082940e-01,-0.000000000000000000e+00,1.762292124170658503e-01,9.117679293925897571e-03,0.000000000000000000e+00,-4.383914740656003617e-01,0.000000000000000000e+00,3.287564295819267457e-02,-0.000000000000000000e+00,3.132924803106161282e-01,-0.000000000000000000e+00,-3.206630580228494315e-02,0.000000000000000000e+00,0.000000000000000000e+00,2.600359818073305185e+00,-4.458509722094908811e-01,-0.000000000000000000e+00,0.000000000000000000e+00,0.000000000000000000e+00,0.000000000000000000e+00,-0.000000000000000000e+00,-0.000000000000000000e+00,-0.000000000000000000e+00,0.000000000000000000e+00,-2.133555675990383427e-01,-0.000000000000000000e+00,-0.000000000000000000e+00,0.000000000000000000e+00,2.662297222175072017e-02,0.000000000000000000e+00,-0.000000000000000000e+00,0.000000000000000000e+00,4.358609727287512947e-01,0.000000000000000000e+00,-2.329383972227586364e-01,-0.000000000000000000e+00
-0.000000000000000000e+00,0.000000000000000000e+00,-0.000000000000000000e+00,-0.000000000000000000e+00,-0.000000000000000000e+00,0.000000000000000000e+00,8.047320992178122467e-02,3.274537247171203924e-02,-4.399302199081085440e-01,0.000000000000000000e+00,0.000000000000000000e+00,-1.375401309465393018e-01,0.000000000000000000e+00,-0.000000000000000000e+00,-7.052974882117059308e-02,0.000000000000000000e+00,-0.000000000000000000e+00,-4.458509722094908811e-01,1.871521303602802888e+00,-0.000000000000000000e+00,0.000000000000000000e+00,0.000000000000000000e+00,0.000000000000000000e+00,-1.417931907210846221e-01,-0.000000000000000000e+00,-0.000000000000000000e+00,0.000000000000000000e+00,-0.000000000000000000e+00,-0.000000000000000000e+00,-0.000000000000000000e+00,0.000000000000000000e+00,0.000000000000000000e+00,0.000000000000000000e+00,-0.000000000000000000e+00,0.000000000000000000e+00,1.109646054051106195e-01,0.000000000000000000e+00,-3.099318646155883872e-02,-3.403387887838654202e-01
0.000000000000000000e+00,0.000000000000000000e+00,-0.000000000000000000e+00,-9.403365880469302662e-02,-0.000000000000000000e+00,0.000000000000000000e+00,0.000000000000000000e+00,0.000000000000000000e+00,-0.000000000000000000e+00,-0.000000000000000000e+00,0.000000000000000000e+00,0.000000000000000000e+00,7.908695034762575071e-02,0.000000000000000000e+00,-0.000000000000000000e+00,0.000000000000000000e+00,0.000000000000000000e+00,-0.000000000000000000e+00,-0.000000000000000000e+00,1.402344038081426936e+00,-0.000000000000000000e+00,0.000000000000000000e+00,0.000000000000000000e+00,-0.000000000000000000e+00,-1.558680223644983431e-01,-0.000000000000000000e+00,0.000000000000000000e+00,-2.225466395921903706e-01,-0.000000000000000000e+00,-3.446122465292623116e-01,2.937850166235364546e-02,6.920443518317896670e-02,0.000000000000000000e+00,-1.220050370872989842e-01,0.000000000000000000e+00,0.000000000000000000e+00,0.000000000000000000e+00,-0.000000000000000000e+00,-0.000000000000000000e+00
-1.119448357545507755e-01,-0.000000000000000000e+00,-2.538826542783305107e-01,0.000000000000000000e+00,-0.000000000000000000e+00,0.000000000000000000e+00,-0.000000000000000000e+00,7.017571617817379079e-03,0.000000000000000000e+00,-2.114709635046141678e-01,-0.000000000000000000e+00,-0.000000000000000000e+00,-0.000000000000000000e+00,-0.000000000000000000e+00,0.000000000000000000e+00,-1.372624092808656660e-02,-0.000000000000000000e+00,0.000000000000000000e+00,0.000000000000000000e+00,-0.000000000000000000e+00,1.918367599245455857e+00,-5.897080465940098826e-01,-0.000000000000000000e+00,-0.000000000000000000e+00,0.000000000000000000e+00,-0.000000000000000000e+00,-1.294837961031354845e-01,-0.000000000000000000e+00,-0.000000000000000000e+00,0.000000000000000000e+00,-1.338065745437924392e-01,-0.000000000000000000e+00,-4.829099024457567113e-01,-0.000000000000000000e+00,-0.000000000000000000e+00,-0.000000000000000000e+00,-0.000000000000000000e+00,0.000000000000000000e+00,-0.000000000000000000e+00
-0.000000000000000000e+00,-0.000000000000000000e+00,-0.000000000000000000e+00,0.000000000000000000e+00,-0.000000000000000000e+00,-0.000000000000000000e+00,-3.996586744008320813e-02,0.000000000000000000e+00,0.000000000000000000e+00,-6.178315490359475443e-02,-0.000000000000000000e+00,-0.000000000000000000e+00,-8.542311898697443895e-02,-0.000000000000000000e+00,0.000000000000000000e+00,-2.325262645826122951e-02,-0.000000000000000000e+00,0.000000000000000000e+00,0.000000000000000000e+00,0.000000000000000000e+00,-5.897080465940098826e-01,1.708822959924658047e+00,-0.000000000000000000e+00,-0.000000000000000000e+00,0.000000000000000000e+00,0.000000000000000000e+00,-2.234134904400049138e-01,0.000000000000000000e+00,0.000000000000000000e+00,0.000000000000000000e+00,-2.799968937408175984e-01,-0.000000000000000000e+00,-1.039075016290308684e-01,-0.000000000000000000e+00,-0.000000000000000000e+00,-0.000000000000000000e+00,-0.000000000000000000e+00,0.000000000000000000e+00,-0.000000000000000000e+00
-0.000000000000000000e+00,-0.000000000000000000e+00,-0.000000000000000000e+00,1.065171281505005035e-01,-0.000000000000000000e+00,-4.700076814874206699e-01,-0.000000000000000000e+00,0.000000000000000000e+00,0.000000000000000000e+00,-0.000000000000000000e+00,-1.297206002373766653e-01,-0.000000000000000000e+00,-2.538103785467055729e-01,-0.000000000000000000e+00,0.000000000000000000e+00,-4.998044996232390291e-01,-2.913117536611387615e-01,0.000000000000000000e+00,0.000000000000000000e+00,0.000000000000000000e+00,-0.000000000000000000e+00,-0.000000000000000000e+00,2.225626211972072444e+00,-0.000000000000000000e+00,0.000000000000000000e+00,0.000000000000000000e+00,-0.000000000000000000e+00,0.000000000000000000e+00,0.000000000000000000e+00,0.000000000000000000e+00,-4.171859632330568446e-02,-1.424359570569895816e-01,-0.000000000000000000e+00,-0.000000000000000000e+00,-1.303132180892199732e-01,-8.881258910596687151e-02,-5.277487405953689564e-02,0.000000000000000000e+00,-0.000000000000000000e+00
-0.000000000000000000e+00,-0.000000000000000000e+00,-1.061294654636658619e-01,-0.000000000000000000e+00,-0.000000000000000000e+00,0.000000000000000000e+00,0.000000000000000000e+00,2.325620972965009303e-01,-1.239757766224131447e-01,-0.000000000000000000e+00,0.000000000000000000e+00,-0.000000000000000000e+00,0.000000000000000000e+00,-4.058117386968561613e-01,-0.000000000000000000e+00,-0.000000000000000000e+00,-0.000000000000000000e+00,-0.000000000000000000e+00,-1.417931907210846221e-01,-0.000000000000000000e+00,-0.000000000000000000e+00,-0.000000000000000000e+00,-0.000000000000000000e+00,1.604222589983057556e+00,-2.680089447372263622e-01,-0.000000000000000000e+00,-0.000000000000000000e+00,-0.000000000000000000e+00,-1.808174338975378492e-01,-0.000000000000000000e+00,-0.000000000000000000e+00,0.000000000000000000e+00,-0.000000000000000000e+00,-0.000000000000000000e+00,-0.000000000000000000e+00,0.000000000000000000e+00,-0.000000000000000000e+00,-0.000000000000000000e+00,-0.000000000000000000e+00
-0.000000000000000000e+00,0.000000000000000000e+00,-1.179197765669311587e-01,-3.710740917653864053e-03,-0.000000000000000000e+00,0.000000000000000000e+00,0.000000000000000000e+00,0.000000000000000000e+00,-1.627466503408972476e-01,-0.000000000000000000e+00,0.000000000000000000e+00,-0.000000000000000000e+00,1.074086919099634663e-01,-0.000000000000000000e+00,-0.000000000000000000e+00,0.000000000000000000e+00,-0.000000000000000000e+00,-0.000000000000000000e+00,-0.000000000000000000e+00,-1.558680223644983431e-01,0.000000000000000000e+00,0.000000000000000000e+00,0.000000000000000000e+00,-2.680089447372263622e-01,1.589469167845294129e+00,-0.000000000000000000e+00,0.000000000000000000e+00,-0.000000000000000000e+00,-1.971105326989942008e-01,-6.564431358466382704e-02,0.000000000000000000e+00,1.419242366775289033e-02,0.000000000000000000e+00,-1.249290058910764584e-01,0.000000000000000000e+00,0.000000000000000000e+00,0.000000000000000000e+00,-2.702494713303930651e-01,-0.000000000000000000e+00
-3.321876728371742082e-01,-0.000000000000000000e+00,-5.447584274891022205e-02,-0.000000000000000000e+00,-1.113646585854927984e-01,0.000000000000000000e+00,0.000000000000000000e+00,1.392041885398580814e-01,-1.453964995628307111e-01,-0.000000000000000000e+00,-0.000000000000000000e+00,-0.000000000000000000e+00,0.000000000000000000e+00,-1.135997911532573568e-01,-1.414113831653243114e-01,-0.000000000000000000e+00,-0.000000000000000000e+00,-0.000000000000000000e+00,-0.000000000000000000e+00,-0.000000000000000000e+00,-0.000000000000000000e+00,0.000000000000000000e+00,0.000000000000000000e+00,-0.000000000000000000e+00,-0.000000000000000000e+00,1.780824909153394309e+00,-0.000000000000000000e+00,-3.466013931123364533e-01,-5.200386274107706708e-01,-0.000000000000000000e+00,-0.000000000000000000e+00,0.000000000000000000e+00,-0.000000000000000000e+00,-0.000000000000000000e+00,-0.000000000000000000e+00,0.000000000000000000e+00,-0.000000000000000000e+00,-0.000000000000000000e+00,-0.000000000000000000e+00
-0.000000000000000000e+00,-0.000000000000000000e+00,-0.000000000000000000e+00,0.000000000000000000e+00,-0.000000000000000000e+00,-0.000000000000000000e+00,-9.037944140026387199e-03,0.000000000000000000e+00,0.000000000000000000e+00,-0.000000000000000000e+00,-1.363395285548450742e-01,-0.000000000000000000e+00,-1.503951273986050274e-01,-0.000000000000000000e+00,0.000000000000000000e+00,-1.807464149050783397e-01,-0.000000000000000000e+00,0.000000000000000000e+00,0.000000000000000000e+00,0.000000000000000000e+00,-1.294837961031354845e-01,-2.234134904400049138e-01,-0.000000000000000000e+00,-0.000000000000000000e+00,0.000000000000000000e+00,-0.000000000000000000e+00,2.446641580584385522e+00,0.000000000000000000e+00,0.000000000000000000e+00,1.642640781820008111e-01,-6.699117457043289869e-01,-3.414699745996744307e-01,-3.108399325758813836e-01,-0.000000000000000000e+00,-0.000000000000000000e+00,-0.000000000000000000e+00,-2.001225718707337342e-01,0.000000000000000000e+00,-0.000000000000000000e+00
-0.000000000000000000e+00,-0.000000000000000000e+00,-1.670581790959467239e-01,-0.000000000000000000e+00,-8.003622579767449841e-02,3.080737272091209622e-01,0.000000000000000000e+00,0.000000000000000000e+00,-5.030684114943476809e-02,-0.000000000000000000e+00,0.000000000000000000e+00,-0.000000000000000000e+00,0.000000000000000000e+00,-0.000000000000000000e+00,-3.325996005363828639e-02,0.000000000000000000e+00,0.000000000000000000e+00,-2.133555675990383427e-01,-0.000000000000000000e+00,-2.225466395921903706e-01,-0.000000000000000000e+00,0.000000000000000000e+00,0.000000000000000000e+00,-0.000000000000000000e+00,-0.000000000000000000e+00,-3.466013931123364533e-01,0.000000000000000000e+00,1.877582635051853188e+00,-9.629975422634477755e-02,-8.557904128883483952e-02,0.000000000000000000e+00,0.000000000000000000e+00,-0.000000000000000000e+00,-0.000000000000000000e+00,0.000000000000000000e+00,0.000000000000000000e+00,0.000000000000000000e+00,-3.884178875073856507e-01,-0.000000000000000000e+00
-0.000000000000000000e+00,-0.000000000000000000e+00,-0.000000000000000000e+00,-0.000000000000000000e+00,-0.000000000000000000e+00,0.000000000000000000e+00,1.310238588024612016e-01,6.168336494361102013e-02,-3.853245853830564727e-01,-0.000000000000000000e+00,0.000000000000000000e+00,-0.000000000000000000e+00,2.955836407756486117e-04,-0.000000000000000000e+00,-0.000000000000000000e+00,-0.000000000000000000e+00,-0.000000000000000000e+00,-0.000000000000000000e+00,-0.000000000000000000e+00,-0.000000000000000000e+00,-0.000000000000000000e+00,0.000000000000000000e+00,0.000000000000000000e+00,-1.808174338975378492e-01,-1.971105326989942008e-01,-5.200386274107706708e-01,0.000000000000000000e+00,-9.629975422634477755e-02,1.835833214565871119e+00,-1.974131146224446243e-01,0.000000000000000000e+00,0.000000000000000000e+00,0.000000000000000000e+00,-0.000000000000000000e+00,-0.000000000000000000e+00,0.000000000000000000e+00,-0.000000000000000000e+00,-4.756379595716198061e-02,-0.000000000000000000e+00
-0.000000000000000000e+00,-0.000000000000000000e+00,-0.000000000000000000e+00,-0.000000000000000000e+00,-0.000000000000000000e+00,0.000000000000000000e+00,0.000000000000000000e+00,0.000000000000000000e+00,-0.000000000000000000e+00,-0.000000000000000000e+00,1.128478773171844168e-01,0.000000000000000000e+00,1.223202459093583050e-01,0.000000000000000000e+00,-0.000000000000000000e+00,0.000000000000000000e+00,0.000000000000000000e+00,-0.000000000000000000e+00,-0.000000000000000000e+00,-3.446122465292623116e-01,0.000000000000000000e+00,0.000000000000000000e+00,0.000000000000000000e+00,-0.000000000000000000e+00,-6.564431358466382704e-02,-0.000000000000000000e+00,1.642640781820008111e-01,-8.557904128883483952e-02,-1.974131146224446243e-01,1.605913316012558045e+00,1.217701250178721689e-02,1.109210060271703796e-01,0.000000000000000000e+00,-0.000000000000000000e+00,-0.000000000000000000e+00,0.000000000000000000e+00,0.000000000000000000e+00,-2.452348332032627254e-01,-0.000000000000000000e+00
-3.086098339283796510e-02,-2.181951839571723839e-01,-0.000000000000000000e+00,0.000000000000000000e+00,-0.000000000000000000e+00,-0.000000000000000000e+00,-6.669604624578051588e-03,0.000000000000000000e+00,0.000000000000000000e+00,-0.000000000000000000e+00,-1.427625233282797390e-01,-0.000000000000000000e+00,-2.056670467498080690e-01,-0.000000000000000000e+00,0.000000000000000000e+00,-2.684014292667009638e-01,-0.000000000000000000e+00,0.000000000000000000e+00,0.000000000000000000e+00,2.937850166235364546e-02,-1.338065745437924392e-01,-2.799968937408175984e-01,-4.171859632330568446e-02,-0.000000000000000000e+00,0.000000000000000000e+00,-0.000000000000000000e+00,-6.699117457043289869e-01,0.000000000000000000e+00,0.000000000000000000e+00,1.217701250178721689e-02,2.679412061075585605e+00,-4.468735028629095551e-01,-6.413720746502581116e-02,-0.000000000000000000e+00,-0.000000000000000000e+00,-0.000000000000000000e+00,-3.090345817877408474e-01,0.000000000000000000e+00,-0.000000000000000000e+00
-0.000000000000000000e+00,-7.912203753725260968e-02,-0.000000000000000000e+00,1.635419443931622752e-01,-0.000000000000000000e+00,-2.059199414231848990e-01,-0.000000000000000000e+00,0.000000000000000000e+00,0.000000000000000000e+00,-0.000000000000000000e+00,-1.903867466879074488e-01,-0.000000000000000000e+00,-4.260364341221081208e-01,-0.000000000000000000e+00,0.000000000000000000e+00,-9.521833529978951383e-02,-0.000000000000000000e+00,2.662297222175072017e-02,0.000000000000000000e+00,6.920443518317896670e-02,-0.000000000000000000e+00,-0.000000000000000000e+00,-1.424359570569895816e-01,0.000000000000000000e+00,1.419242366775289033e-02,0.000000000000000000e+00,-3.414699745996744307e-01,0.000000000000000000e+00,0.000000000000000000e+00,1.109210060271703796e-01,-4.468735028629095551e-01,2.650153397766568553e+00,-0.000000000000000000e+00,0.000000000000000000e+00,-0.000000000000000000e+00,-9.719844976161243211e-02,-3.416034146388700066e-01,1.399707803012125440e-01,0.000000000000000000e+00
-0.000000000000000000e+00,-0.000000000000000000e+00,-0.000000000000000000e+00,0.000000000000000000e+00,-0.000000000000000000e+00,-0.000000000000000000e+00,-1.996013915672384675e-01,0.000000000000000000e+00,0.000000000000000000e+00,-2.665960158226225035e-02,-2.337015753891134306e-01,-0.000000000000000000e+00,-0.000000000000000000e+00,-9.275063804154208558e-02,0.000000000000000000e+00,-0.000000000000000000e+00,-0.000000000000000000e+00,0.000000000000000000e+00,0.000000000000000000e+00,0.000000000000000000e+00,-4.829099024457567113e-01,-1.039075016290308684e-01,-0.000000000000000000e+00,-0.000000000000000000e+00,0.000000000000000000e+00,-0.000000000000000000e+00,-3.108399325758813836e-01,-0.000000000000000000e+00,0.000000000000000000e+00,0.000000000000000000e+00,-6.413720746502581116e-02,-0.000000000000000000e+00,1.847100469583181859e+00,-1.381152340541410006e-01,-5.530443746215565198e-02,-0.000000000000000000e+00,-1.810093501964485374e-01,0.000000000000000000e+00,-0.000000000000000000e+00
-0.000000000000000000e+00,-0.000000000000000000e+00,-3.198967303836494080e-01,-0.000000000000000000e+00,-5.971703887756514284e-01,0.000000000000000000e+00,-0.000000000000000000e+00,0.000000000000000000e+00,-0.000000000000000000e+00,-0.000000000000000000e+00,0.000000000000000000e+00,-0.000000000000000000e+00,0.000000000000000000e+00,-0.000000000000000000e+00,-0.000000000000000000e+00,-0.000000000000000000e+00,-0.000000000000000000e+00,-0.000000000000000000e+00,-0.000000000000000000e+00,-1.220050370872989842e-01,-0.000000000000000000e+00,-0.000000000000000000e+00,-0.000000000000000000e+00,-0.000000000000000000e+00,-1.249290058910764584e-01,-0.000000000000000000e+00,-0.000000000000000000e+00,-0.000000000000000000e+00,-0.000000000000000000e+00,-0.000000000000000000e+00,-0.000000000000000000e+00,0.000000000000000000e+00,-1.381152340541410006e-01,1.578084950527176122e+00,-0.000000000000000000e+00,-0.000000000000000000e+00,-0.000000000000000000e+00,-0.000000000000000000e+00,-0.000000000000000000e+00
-2.798634002055481740e-01,-0.000000000000000000e+00,-0.000000000000000000e+00,1.340551965002443335e-01,-0.000000000000000000e+00,-2.874988357747534917e-02,-0.000000000000000000e+00,0.000000000000000000e+00,0.000000000000000000e+00,-5.269084608125847863e-02,-9.565836594384856742e-03,0.000000000000000000e+00,-0.000000000000000000e+00,-1.092306386224584369e-01,0.000000000000000000e+00,-1.258754687231576630e-01,-4.018635209360995053e-01,0.000000000000000000e+00,0.000000000000000000e+00,0.000000000000000000e+00,-0.000000000000000000e+00,-0.000000000000000000e+00,-1.303132180892199732e-01,-0.000000000000000000e+00,0.000000000000000000e+00,-0.000000000000000000e+00,-0.000000000000000000e+00,0.000000000000000000e+00,-0.000000000000000000e+00,-0.000000000000000000e+00,-0.000000000000000000e+00,-0.000000000000000000e+00,-5.530443746215565198e-02,-0.000000000000000000e+00,1.729478602145817057e+00,-0.000000000000000000e+00,-2.671334283512546426e-01,0.000000000000000000e+00,-0.000000000000000000e+00
-0.000000000000000000e+00,-9.315311058763629803e-02,0.000000000000000000e+00,1.324954566040204562e-01,-0.000000000000000000e+00,-2.723270937101497299e-02,-2.383038166109792411e-01,-0.000000000000000000e+00,9.909179532616577135e-02,-1.984315043195900019e-01,-4.877164185146188463e-02,0.000000000000000000e+00,-3.401946623048414109e-01,-0.000000000000000000e+00,0.000000000000000000e+00,-2.358542728086017726e-01,-0.000000000000000000e+00,4.358609727287512947e-01,1.109646054051106195e-01,0.000000000000000000e+00,-0.000000000000000000e+00,-0.000000000000000000e+00,-8.881258910596687151e-02,0.000000000000000000e+00,0.000000000000000000e+00,0.000000000000000000e+00,-0.000000000000000000e+00,0.000000000000000000e+00,0.000000000000000000e+00,0.000000000000000000e+00,-0.000000000000000000e+00,-9.719844976161243211e-02,-0.000000000000000000e+00,-0.000000000000000000e+00,-0.000000000000000000e+00,2.090839336734778620e+00,-0.000000000000000000e+00,0.000000000000000000e+00,0.000000000000000000e+00
-8.094870163116635320e-02,-2.528824186417878983e-01,-0.000000000000000000e+00,0.000000000000000000e+00,-0.000000000000000000e+00,-0.000000000000000000e+00,-0.000000000000000000e+00,0.000000000000000000e+00,0.000000000000000000e+00,-4.801867309839862735e-02,-2.001648917778166281e-01,-0.000000000000000000e+00,-0.000000000000000000e+00,-3.277563058131339191e-01,0.000000000000000000e+00,-2.777234319253728961e-02,-3.505344716008149814e-02,0.000000000000000000e+00,0.000000000000000000e+00,0.000000000000000000e+00,-0.000000000000000000e+00,-0.000000000000000000e+00,-5.277487405953689564e-02,-0.000000000000000000e+00,0.000000000000000000e+00,-0.000000000000000000e+00,-2.001225718707337342e-01,0.000000000000000000e+00,-0.000000000000000000e+00,0.000000000000000000e+00,-3.090345817877408474e-01,-3.416034146388700066e-01,-1.810093501964485374e-01,-0.000000000000000000e+00,-2.671334283512546426e-01,-0.000000000000000000e+00,2.182569893601085109e+00,0.000000000000000000e+00,-0.000000000000000000e+00
-0.000000000000000000e+00,0.000000000000000000e+00,-0.000000000000000000e+00,-3.291610992388665537e-03,-0.000000000000000000e+00,0.000000000000000000e+00,1.073604508816592834e-01,0.000000000000000000e+00,-3.799715438966198566e-01,0.000000000000000000e+00,0.000000000000000000e+00,-0.000000000000000000e+00,3.199124702416480948e-01,-0.000000000000000000e+00,-0.000000000000000000e+00,0.000000000000000000e+00,0.000000000000000000e+00,-2.329383972227586364e-01,-3.099318646155883872e-02,-0.000000000000000000e+00,0.000000000000000000e+00,0.000000000000000000e+00,0.000000000000000000e+00,-0.000000000000000000e+00,-2.702494713303930651e-01,-0.000000000000000000e+00,0.000000000000000000e+00,-3.884178875073856507e-01,-4.756379595716198061e-02,-2.452348332032627254e-01,0.000000000000000000e+00,1.399707803012125440e-01,0.000000000000000000e+00,-0.000000000000000000e+00,0.000000000000000000e+00,0.000000000000000000e+00,0.000000000000000000e+00,2.232681382726281250e+00,-2.184062591265931996e-01
-0.000000000000000000e+00,0.000000000000000000e+00,-2.196017493707023288e-02,-0.000000000000000000e+00,-1.921580157152821267e-01,0.000000000000000000e+00,0.000000000000000000e+00,2.767951199336944335e-01,-2.960848872848629298e-01,-0.000000000000000000e+00,0.000000000000000000e+00,-4.069032719091338901e-01,0.000000000000000000e+00,-1.804154121714044157e-01,-0.000000000000000000e+00,-0.000000000000000000e+00,-0.000000000000000000e+00,-0.000000000000000000e+00,-3.403387887838654202e-01,-0.000000000000000000e+00,-0.000000000000000000e+00,-0.000000000000000000e+00,-0.000000000000000000e+00,-0.000000000000000000e+00,-0.000000000000000000e+00,-0.000000000000000000e+00,-0.000000000000000000e+00,-0.000000000000000000e+00,-0.000000000000000000e+00,-0.000000000000000000e+00,-0.000000000000000000e+00,0.000000000000000000e+00,-0.000000000000000000e+00,-0.000000000000000000e+00,-0.000000000000000000e+00,0.000000000000000000e+00,-0.000000000000000000e+00,-2.184062591265931996e-01,1.851033941515794368e+00
