1.988398476717442964e+00,-8.137361461043028932e-01,-0.000000000000000000e+00,-0.000000000000000000e+00,-0.000000000000000000e+00,0.000000000000000000e+00,-0.000000000000000000e+00,-0.000000000000000000e+00,-6.025996650356073292e-02,-0.000000000000000000e+00,-0.000000000000000000e+00,-0.000000000000000000e+00,-0.000000000000000000e+00,-0.000000000000000000e+00,-0.000000000000000000e+00,-0.000000000000000000e+00,-0.000000000000000000e+00,-0.000000000000000000e+00,0.000000000000000000e+00,-0.000000000000000000e+00,-0.000000000000000000e+00,-0.000000000000000000e+00,-0.000000000000000000e+00,-0.000000000000000000e+00,-0.000000000000000000e+00,-0.000000000000000000e+00,-7.003256965161356457e-03,-0.000000000000000000e+00,-4.169042124013884187e-01,-5.322209351356217422e-01,0.000000000000000000e+00,-0.000000000000000000e+00,0.000000000000000000e+00,-0.000000000000000000e+00,-0.000000000000000000e+00,-0.000000000000000000e+00,-0.000000000000000000e+00,-0.000000000000000000e+00,-0.000000000000000000e+00
-8.137361461043028932e-01,1.653175684842904003e+00,-0.000000000000000000e+00,-0.000000000000000000e+00,0.000000000000000000e+00,0.000000000000000000e+00,-0.000000000000000000e+00,-0.000000000000000000e+00,-0.000000000000000000e+00,-0.000000000000000000e+00,-0.000000000000000000e+00,0.000000000000000000e+00,0.000000000000000000e+00,-0.000000000000000000e+00,0.000000000000000000e+00,-0.000000000000000000e+00,0.000000000000000000e+00,-0.000000000000000000e+00,0.000000000000000000e+00,-0.000000000000000000e+00,-0.000000000000000000e+00,-0.000000000000000000e+00,-0.000000000000000000e+00,-0.000000000000000000e+00,0.000000000000000000e+00,-0.000000000000000000e+00,-1.101091966217141171e-01,0.000000000000000000e+00,-0.000000000000000000e+00,-2.100546436223177382e-01,0.000000000000000000e+00,-1.003560856785780248e-01,0.000000000000000000e+00,0.000000000000000000e+00,-1.167856268297675637e-01,-0.000000000000000000e+00,-7.508837185267770720e-02,0.000000000000000000e+00,0.000000000000000000e+00
-0.000000000000000000e+00,-0.000000000000000000e+00,2.373870101841095703e+00,-0.000000000000000000e+00,-1.006879902546553573e+00,0.000000000000000000e+00,-0.000000000000000000e+00,-2.786160359245237195e-01,-1.090116280331990678e-01,-0.000000000000000000e+00,0.000000000000000000e+00,-0.000000000000000000e+00,0.000000000000000000e+00,-1.618500122615836312e-01,-0.000000000000000000e+00,-0.000000000000000000e+00,-0.000000000000000000e+00,-0.000000000000000000e+00,-0.000000000000000000e+00,-0.000000000000000000e+00,-0.000000000000000000e+00,-1.049271193534137420e-01,-0.000000000000000000e+00,-1.105180444050146704e-01,-0.000000000000000000e+00,-3.014115857132317403e-02,0.000000000000000000e+00,-1.883772793501452547e-01,-0.000000000000000000e+00,-1.557275746276765849e-01,-0.000000000000000000e+00,-0.000000000000000000e+00,-0.000000000000000000e+00,-2.233862156492615603e-01,0.000000000000000000e+00,-0.000000000000000000e+00,0.000000000000000000e+00,-0.000000000000000000e+00,-0.000000000000000000e+00
-0.000000000000000000e+00,-0.000000000000000000e+00,-0.000000000000000000e+00,1.601762352175038817e+00,-0.000000000000000000e+00,0.000000000000000000e+00,-5.375793673836216646e-01,0.000000000000000000e+00,-0.000000000000000000e+00,0.000000000000000000e+00,0.000000000000000000e+00,-0.000000000000000000e+00,-6.622687169429214427e-02,0.000000000000000000e+00,-0.000000000000000000e+00,-0.000000000000000000e+00,0.000000000000000000e+00,-2.473877309288463056e-01,-2.154592525802881686e-01,-0.000000000000000000e+00,1.987601073363458315e-01,-0.000000000000000000e+00,0.000000000000000000e+00,0.000000000000000000e+00,0.000000000000000000e+00,0.000000000000000000e+00,0.000000000000000000e+00,0.000000000000000000e+00,-0.000000000000000000e+00,-0.000000000000000000e+00,1.149758690506810926e-01,-0.000000000000000000e+00,2.403267918678683446e-01,-0.000000000000000000e+00,0.000000000000000000e+00,-0.000000000000000000e+00,-0.000000000000000000e+00,0.000000000000000000e+00,-0.000000000000000000e+00
-0.000000000000000000e+00,0.000000000000000000e+00,-1.006879902546553573e+00,-0.000000000000000000e+00,2.324076868848526711e+00,0.000000000000000000e+00,-0.000000000000000000e+00,-0.000000000000000000e+00,-9.478746555726114131e-02,-0.000000000000000000e+00,0.000000000000000000e+00,-0.000000000000000000e+00,0.000000000000000000e+00,-1.849648329822709825e-01,-0.000000000000000000e+00,-0.000000000000000000e+00,-0.000000000000000000e+00,-0.000000000000000000e+00,-0.000000000000000000e+00,-0.000000000000000000e+00,-0.000000000000000000e+00,-0.000000000000000000e+00,-0.000000000000000000e+00,-0.000000000000000000e+00,-0.000000000000000000e+00,-0.000000000000000000e+00,0.000000000000000000e+00,-7.559529813941280596e-02,-0.000000000000000000e+00,-0.000000000000000000e+00,-0.000000000000000000e+00,-0.000000000000000000e+00,-2.209893501000600446e-01,-5.459258910751593197e-01,-0.000000000000000000e+00,-0.000000000000000000e+00,0.000000000000000000e+00,-0.000000000000000000e+00,-0.000000000000000000e+00
0.000000000000000000e+00,0.000000000000000000e+00,0.000000000000000000e+00,0.000000000000000000e+00,0.000000000000000000e+00,2.176231855967347251e+00,0.000000000000000000e+00,0.000000000000000000e+00,1.622597758469389861e-01,0.000000000000000000e+00,-4.934369559128238825e-01,0.000000000000000000e+00,0.000000000000000000e+00,0.000000000000000000e+00,2.757715772081261174e-01,2.000455929694636148e-01,-1.811763751565843017e-01,2.651664034868048692e-01,0.000000000000000000e+00,2.334997400186790417e-01,-0.000000000000000000e+00,1.431603480007360152e-01,0.000000000000000000e+00,0.000000000000000000e+00,0.000000000000000000e+00,0.000000000000000000e+00,0.000000000000000000e+00,0.000000000000000000e+00,0.000000000000000000e+00,0.000000000000000000e+00,0.000000000000000000e+00,0.000000000000000000e+00,-0.000000000000000000e+00,1.169006860807413235e-02,-0.000000000000000000e+00,0.000000000000000000e+00,-0.000000000000000000e+00,1.172850418087482832e-01,2.157171777258059531e-01
-0.000000000000000000e+00,-0.000000000000000000e+00,-0.000000000000000000e+00,-5.375793673836216646e-01,-0.000000000000000000e+00,0.000000000000000000e+00,1.508922628774093111e+00,0.000000000000000000e+00,-0.000000000000000000e+00,-0.000000000000000000e+00,0.000000000000000000e+00,-0.000000000000000000e+00,-0.000000000000000000e+00,0.000000000000000000e+00,-0.000000000000000000e+00,-0.000000000000000000e+00,5.744762249705270135e-02,-8.410283315150661465e-02,-7.353931576240191337e-02,-2.488115942690856119e-01,8.156190694870971147e-02,-1.132600148183011274e-01,0.000000000000000000e+00,0.000000000000000000e+00,7.701974164177471938e-02,0.000000000000000000e+00,0.000000000000000000e+00,0.000000000000000000e+00,-0.000000000000000000e+00,0.000000000000000000e+00,-0.000000000000000000e+00,-3.602921900579216657e-02,1.734522790261268932e-01,-0.000000000000000000e+00,0.000000000000000000e+00,0.000000000000000000e+00,-0.000000000000000000e+00,0.000000000000000000e+00,-0.000000000000000000e+00
-0.000000000000000000e+00,-0.000000000000000000e+00,-2.786160359245237195e-01,0.000000000000000000e+00,-0.000000000000000000e+00,0.000000000000000000e+00,0.000000000000000000e+00,2.028650503401757454e+00,-0.000000000000000000e+00,-0.000000000000000000e+00,-0.000000000000000000e+00,0.000000000000000000e+00,0.000000000000000000e+00,-0.000000000000000000e+00,0.000000000000000000e+00,-0.000000000000000000e+00,-0.000000000000000000e+00,0.000000000000000000e+00,0.000000000000000000e+00,-0.000000000000000000e+00,-7.429377001221622034e-01,-1.623761345386598165e-01,-0.000000000000000000e+00,-0.000000000000000000e+00,-0.000000000000000000e+00,-0.000000000000000000e+00,-0.000000000000000000e+00,-4.120851664711084328e-01,-0.000000000000000000e+00,-5.238672481824686172e-02,-0.000000000000000000e+00,-0.000000000000000000e+00,-4.598475039767477845e-01,-0.000000000000000000e+00,-0.000000000000000000e+00,0.000000000000000000e+00,-0.000000000000000000e+00,-0.000000000000000000e+00,-0.000000000000000000e+00
-6.025996650356073292e-02,-0.000000000000000000e+00,-1.090116280331990678e-01,-0.000000000000000000e+00,-9.478746555726114131e-02,1.622597758469389861e-01,-0.000000000000000000e+00,-0.000000000000000000e+00,3.231127592882616639e+00,-2.452879057731348691e-02,0.000000000000000000e+00,-0.000000000000000000e+00,-0.000000000000000000e+00,-3.108886942527830377e-01,-2.622355220769617135e-01,-3.831630943599303452e-01,0.000000000000000000e+00,-1.899004073545115800e-01,-0.000000000000000000e+00,-1.306829184995608462e-01,-0.000000000000000000e+00,-0.000000000000000000e+00,-0.000000000000000000e+00,-0.000000000000000000e+00,-1.307418580022498000e-01,-3.042256723028188281e-01,-0.000000000000000000e+00,-3.484627696226711563e-02,-1.975602091527766946e-01,-2.204574706928469352e-01,-0.000000000000000000e+00,-0.000000000000000000e+00,-0.000000000000000000e+00,-7.605079455354740725e-01,0.000000000000000000e+00,-0.000000000000000000e+00,0.000000000000000000e+00,-1.503592581703648567e-01,-1.798133716657791537e-01
-0.000000000000000000e+00,-0.000000000000000000e+00,-0.000000000000000000e+00,0.000000000000000000e+00,-0.000000000000000000e+00,0.000000000000000000e+00,-0.000000000000000000e+00,-0.000000000000000000e+00,-2.452879057731348691e-02,2.370516169231578374e+00,0.000000000000000000e+00,-0.000000000000000000e+00,0.000000000000000000e+00,-0.000000000000000000e+00,-0.000000000000000000e+00,-9.544099091890210218e-01,-0.000000000000000000e+00,-0.000000000000000000e+00,-0.000000000000000000e+00,-0.000000000000000000e+00,-0.000000000000000000e+00,-0.000000000000000000e+00,-9.748079398092930614e-02,-2.181586357262479403e-01,-2.273154416753827844e-01,-0.000000000000000000e+00,-0.000000000000000000e+00,-2.784040630903581448e-01,-0.000000000000000000e+00,-3.181839289321465869e-01,-2.260892210911376043e-01,-0.000000000000000000e+00,-0.000000000000000000e+00,-0.000000000000000000e+00,-0.000000000000000000e+00,0.000000000000000000e+00,0.000000000000000000e+00,-0.000000000000000000e+00,-2.247531270810931500e-02
-0.000000000000000000e+00,-0.000000000000000000e+00,0.000000000000000000e+00,0.000000000000000000e+00,0.000000000000000000e+00,-4.934369559128238825e-01,0.000000000000000000e+00,-0.000000000000000000e+00,0.000000000000000000e+00,0.000000000000000000e+00,1.904323608734929341e+00,3.568949705115314740e-03,0.000000000000000000e+00,2.118469954803233260e-02,4.145286013097563282e-01,0.000000000000000000e+00,-1.292231302778770186e-01,0.000000000000000000e+00,0.000000000000000000e+00,9.633895374471190820e-02,-0.000000000000000000e+00,0.000000000000000000e+00,0.000000000000000000e+00,-0.000000000000000000e+00,0.000000000000000000e+00,0.000000000000000000e+00,-2.723892533002005290e-01,0.000000000000000000e+00,0.000000000000000000e+00,0.000000000000000000e+00,-0.000000000000000000e+00,-0.000000000000000000e+00,-0.000000000000000000e+00,1.623601706347884699e-01,-2.996108445969675738e-01,1.170503762019335370e-01,-1.845648598510015448e-01,2.430207543081756155e-02,0.000000000000000000e+00
-0.000000000000000000e+00,0.000000000000000000e+00,-0.000000000000000000e+00,-0.000000000000000000e+00,-0.000000000000000000e+00,0.000000000000000000e+00,-0.000000000000000000e+00,0.000000000000000000e+00,-0.000000000000000000e+00,-0.000000000000000000e+00,3.568949705115314740e-03,3.044951443950254522e+00,-0.000000000000000000e+00,-0.000000000000000000e+00,-7.619300037090469546e-01,-0.000000000000000000e+00,8.040240561565280275e-02,-3.579149490191509964e-01,-6.926481059880493785e-01,-2.430217084734522248e-01,2.857134137506612409e-02,-0.000000000000000000e+00,-0.000000000000000000e+00,-0.000000000000000000e+00,-0.000000000000000000e+00,-0.000000000000000000e+00,-0.000000000000000000e+00,-0.000000000000000000e+00,-0.000000000000000000e+00,0.000000000000000000e+00,-0.000000000000000000e+00,-1.140951442853526399e-01,-0.000000000000000000e+00,-2.082849546102483462e-01,0.000000000000000000e+00,-0.000000000000000000e+00,0.000000000000000000e+00,-0.000000000000000000e+00,-6.982059303109762194e-01
-0.000000000000000000e+00,0.000000000000000000e+00,0.000000000000000000e+00,-6.622687169429214427e-02,0.000000000000000000e+00,0.000000000000000000e+00,-0.000000000000000000e+00,0.000000000000000000e+00,-0.000000000000000000e+00,0.000000000000000000e+00,0.000000000000000000e+00,-0.000000000000000000e+00,1.086894150792363734e+00,-0.000000000000000000e+00,-0.000000000000000000e+00,-0.000000000000000000e+00,5.694035579188694253e-04,-0.000000000000000000e+00,-5.461477921277414771e-02,-0.000000000000000000e+00,9.019951609425033712e-02,4.794056728027864395e-02,-0.000000000000000000e+00,-0.000000000000000000e+00,-0.000000000000000000e+00,0.000000000000000000e+00,0.000000000000000000e+00,0.000000000000000000e+00,-0.000000000000000000e+00,0.000000000000000000e+00,2.198176422635630123e-01,-0.000000000000000000e+00,3.145956690710911829e-02,0.000000000000000000e+00,0.000000000000000000e+00,-6.253212416845119193e-02,-0.000000000000000000e+00,-0.000000000000000000e+00,-0.000000000000000000e+00
-0.000000000000000000e+00,-0.000000000000000000e+00,-1.618500122615836312e-01,0.000000000000000000e+00,-1.849648329822709825e-01,0.000000000000000000e+00,0.000000000000000000e+00,-0.000000000000000000e+00,-3.108886942527830377e-01,-0.000000000000000000e+00,2.118469954803233260e-02,-0.000000000000000000e+00,-0.000000000000000000e+00,2.212561582965961282e+00,-0.000000000000000000e+00,-2.872375291044931486e-02,-0.000000000000000000e+00,-0.000000000000000000e+00,-0.000000000000000000e+00,-0.000000000000000000e+00,-0.000000000000000000e+00,0.000000000000000000e+00,-2.695164392232909378e-01,-1.042964830136783455e-01,-3.021170533106347089e-01,-0.000000000000000000e+00,0.000000000000000000e+00,-1.520316440159370092e-02,-0.000000000000000000e+00,-9.178674592164814960e-02,0.000000000000000000e+00,-0.000000000000000000e+00,-1.802460111108708241e-01,-3.700930875354565552e-01,0.000000000000000000e+00,-1.257292337522699921e-01,0.000000000000000000e+00,-1.469349188430012221e-01,-0.000000000000000000e+00
-0.000000000000000000e+00,0.000000000000000000e+00,-0.000000000000000000e+00,-0.000000000000000000e+00,-0.000000000000000000e+00,2.757715772081261174e-01,-0.000000000000000000e+00,0.000000000000000000e+00,-2.622355220769617135e-01,-0.000000000000000000e+00,4.145286013097563282e-01,-7.619300037090469546e-01,-0.000000000000000000e+00,-0.000000000000000000e+00,3.307262654572733052e+00,-0.000000000000000000e+00,1.604466691681449841e-02,-5.203638401510828349e-01,-3.634908422544915751e-01,-4.315167570809300690e-01,0.000000000000000000e+00,-0.000000000000000000e+00,-0.000000000000000000e+00,-0.000000000000000000e+00,-0.000000000000000000e+00,-0.000000000000000000e+00,0.000000000000000000e+00,-0.000000000000000000e+00,-3.477902871991307016e-02,-0.000000000000000000e+00,-0.000000000000000000e+00,-0.000000000000000000e+00,0.000000000000000000e+00,-3.230540559241116827e-01,0.000000000000000000e+00,-0.000000000000000000e+00,0.000000000000000000e+00,-1.104424271855555806e-01,-9.779065693778550561e-02
-0.000000000000000000e+00,-0.000000000000000000e+00,-0.000000000000000000e+00,-0.000000000000000000e+00,-0.000000000000000000e+00,2.000455929694636148e-01,-0.000000000000000000e+00,-0.000000000000000000e+00,-3.831630943599303452e-01,-9.544099091890210218e-01,0.000000000000000000e+00,-0.000000000000000000e+00,-0.000000000000000000e+00,-2.872375291044931486e-02,-0.000000000000000000e+00,2.477255620175399908e+00,0.000000000000000000e+00,-3.813864553207211433e-02,-0.000000000000000000e+00,-4.040136363213486098e-02,-0.000000000000000000e+00,-0.000000000000000000e+00,-1.605822789077562263e-01,-1.840857955548379221e-01,-1.257757396225399060e-01,-1.709812702074841595e-01,-0.000000000000000000e+00,-5.441286869112924723e-02,-0.000000000000000000e+00,-5.876008934104270248e-02,-0.000000000000000000e+00,-0.000000000000000000e+00,-0.000000000000000000e+00,-2.270603111142350389e-02,0.000000000000000000e+00,-0.000000000000000000e+00,0.000000000000000000e+00,-5.223685774016872257e-02,-2.247039056415738728e-02
-0.000000000000000000e+00,0.000000000000000000e+00,-0.000000000000000000e+00,0.000000000000000000e+00,-0.000000000000000000e+00,-1.811763751565843017e-01,5.744762249705270135e-02,-0.000000000000000000e+00,0.000000000000000000e+00,-0.000000000000000000e+00,-1.292231302778770186e-01,8.040240561565280275e-02,5.694035579188694253e-04,-0.000000000000000000e+00,1.604466691681449841e-02,0.000000000000000000e+00,1.317597919428227904e+00,0.000000000000000000e+00,0.000000000000000000e+00,0.000000000000000000e+00,-4.583419210679109401e-01,0.000000000000000000e+00,-0.000000000000000000e+00,-1.136245612549498935e-01,-0.000000000000000000e+00,-0.000000000000000000e+00,-0.000000000000000000e+00,-0.000000000000000000e+00,-0.000000000000000000e+00,-0.000000000000000000e+00,0.000000000000000000e+00,0.000000000000000000e+00,-0.000000000000000000e+00,0.000000000000000000e+00,-5.073543850077568557e-02,2.614778750357003162e-02,-0.000000000000000000e+00,0.000000000000000000e+00,0.000000000000000000e+00
-0.000000000000000000e+00,-0.000000000000000000e+00,-0.000000000000000000e+00,-2.473877309288463056e-01,-0.000000000000000000e+00,2.651664034868048692e-01,-8.410283315150661465e-02,0.000000000000000000e+00,-1.899004073545115800e-01,-0.000000000000000000e+00,0.000000000000000000e+00,-3.579149490191509964e-01,-0.000000000000000000e+00,-0.000000000000000000e+00,-5.203638401510828349e-01,-3.813864553207211433e-02,0.000000000000000000e+00,2.554570990177639445e+00,-6.993064455016099190e-01,-0.000000000000000000e+00,0.000000000000000000e+00,-0.000000000000000000e+00,-0.000000000000000000e+00,-0.000000000000000000e+00,-0.000000000000000000e+00,-0.000000000000000000e+00,-0.000000000000000000e+00,-0.000000000000000000e+00,-0.000000000000000000e+00,-0.000000000000000000e+00,-0.000000000000000000e+00,-2.053343401483482267e-01,0.000000000000000000e+00,-0.000000000000000000e+00,0.000000000000000000e+00,-0.000000000000000000e+00,0.000000000000000000e+00,-1.063063594750149471e-01,-0.000000000000000000e+00
0.000000000000000000e+00,0.000000000000000000e+00,-0.000000000000000000e+00,-2.154592525802881686e-01,-0.000000000000000000e+00,0.000000000000000000e+00,-7.353931576240191337e-02,0.000000000000000000e+00,-0.000000000000000000e+00,-0.000000000000000000e+00,0.000000000000000000e+00,-6.926481059880493785e-01,-5.461477921277414771e-02,-0.000000000000000000e+00,-3.634908422544915751e-01,-0.000000000000000000e+00,0.000000000000000000e+00,-6.993064455016099190e-01,2.662178061253051009e+00,-2.202911199323304148e-01,3.687203449007664391e-01,-0.000000000000000000e+00,-0.000000000000000000e+00,-0.000000000000000000e+00,-0.000000000000000000e+00,-0.000000000000000000e+00,-0.000000000000000000e+00,-0.000000000000000000e+00,-0.000000000000000000e+00,0.000000000000000000e+00,-0.000000000000000000e+00,-5.228345850751817646e-03,0.000000000000000000e+00,-0.000000000000000000e+00,0.000000000000000000e+00,-0.000000000000000000e+00,0.000000000000000000e+00,-0.000000000000000000e+00,-2.324012576346315140e-01
-0.000000000000000000e+00,-0.000000000000000000e+00,-0.000000000000000000e+00,-0.000000000000000000e+00,-0.000000000000000000e+00,2.334997400186790417e-01,-2.488115942690856119e-01,-0.000000000000000000e+00,-1.306829184995608462e-01,-0.000000000000000000e+00,9.633895374471190820e-02,-2.430217084734522248e-01,-0.000000000000000000e+00,-0.000000000000000000e+00,-4.315167570809300690e-01,-4.040136363213486098e-02,0.000000000000000000e+00,-0.000000000000000000e+00,-2.202911199323304148e-01,2.086885959209340502e+00,0.000000000000000000e+00,-3.978320836796694349e-01,-0.000000000000000000e+00,-0.000000000000000000e+00,-0.000000000000000000e+00,-0.000000000000000000e+00,0.000000000000000000e+00,-0.000000000000000000e+00,-2.723464447386220871e-02,-0.000000000000000000e+00,-0.000000000000000000e+00,-0.000000000000000000e+00,0.000000000000000000e+00,-5.336017922256097723e-02,0.000000000000000000e+00,-0.000000000000000000e+00,0.000000000000000000e+00,-0.000000000000000000e+00,-1.663044172434773038e-02
-0.000000000000000000e+00,-0.000000000000000000e+00,-0.000000000000000000e+00,1.987601073363458315e-01,-0.000000000000000000e+00,-0.000000000000000000e+00,8.156190694870971147e-02,-7.429377001221622034e-01,-0.000000000000000000e+00,-0.000000000000000000e+00,-0.000000000000000000e+00,2.857134137506612409e-02,9.019951609425033712e-02,-0.000000000000000000e+00,0.000000000000000000e+00,-0.000000000000000000e+00,-4.583419210679109401e-01,0.000000000000000000e+00,3.687203449007664391e-01,0.000000000000000000e+00,1.909314541432455270e+00,-0.000000000000000000e+00,-0.000000000000000000e+00,-3.258828248754171847e-02,-0.000000000000000000e+00,-0.000000000000000000e+00,-0.000000000000000000e+00,-2.589903040742492450e-03,-0.000000000000000000e+00,-1.220038161335750687e-01,-0.000000000000000000e+00,0.000000000000000000e+00,-1.821171258788124581e-01,-0.000000000000000000e+00,-0.000000000000000000e+00,0.000000000000000000e+00,-0.000000000000000000e+00,-0.000000000000000000e+00,0.000000000000000000e+00
-0.000000000000000000e+00,-0.000000000000000000e+00,-1.049271193534137420e-01,-0.000000000000000000e+00,-0.000000000000000000e+00,1.431603480007360152e-01,-1.132600148183011274e-01,-1.623761345386598165e-01,-0.000000000000000000e+00,-0.000000000000000000e+00,0.000000000000000000e+00,-0.000000000000000000e+00,4.794056728027864395e-02,0.000000000000000000e+00,-0.000000000000000000e+00,-0.000000000000000000e+00,0.000000000000000000e+00,-0.000000000000000000e+00,-0.000000000000000000e+00,-3.978320836796694349e-01,-0.000000000000000000e+00,1.358873340745663016e+00,0.000000000000000000e+00,-0.000000000000000000e+00,0.000000000000000000e+00,-2.484572189285946114e-02,-0.000000000000000000e+00,-0.000000000000000000e+00,-5.019974310416079610e-02,-0.000000000000000000e+00,-7.824042020591172319e-02,-0.000000000000000000e+00,-0.000000000000000000e+00,-0.000000000000000000e+00,-0.000000000000000000e+00,0.000000000000000000e+00,-0.000000000000000000e+00,-0.000000000000000000e+00,-0.000000000000000000e+00
-0.000000000000000000e+00,-0.000000000000000000e+00,-0.000000000000000000e+00,0.000000000000000000e+00,-0.000000000000000000e+00,0.000000000000000000e+00,0.000000000000000000e+00,-0.000000000000000000e+00,-0.000000000000000000e+00,-9.748079398092930614e-02,0.000000000000000000e+00,-0.000000000000000000e+00,-0.000000000000000000e+00,-2.695164392232909378e-01,-0.000000000000000000e+00,-1.605822789077562263e-01,-0.000000000000000000e+00,-0.000000000000000000e+00,-0.000000000000000000e+00,-0.000000000000000000e+00,-0.000000000000000000e+00,0.000000000000000000e+00,2.114482448898325373e+00,-2.154247937940021729e-01,-9.375980642676070564e-01,-0.000000000000000000e+00,-0.000000000000000000e+00,-1.805384111270424141e-01,-0.000000000000000000e+00,-9.640097932105481590e-03,-0.000000000000000000e+00,-0.000000000000000000e+00,-0.000000000000000000e+00,-0.000000000000000000e+00,-0.000000000000000000e+00,-0.000000000000000000e+00,0.000000000000000000e+00,-0.000000000000000000e+00,-0.000000000000000000e+00
-0.000000000000000000e+00,-0.000000000000000000e+00,-1.105180444050146704e-01,0.000000000000000000e+00,-0.000000000000000000e+00,0.000000000000000000e+00,0.000000000000000000e+00,-0.000000000000000000e+00,-0.000000000000000000e+00,-2.181586357262479403e-01,-0.000000000000000000e+00,-0.000000000000000000e+00,-0.000000000000000000e+00,-1.042964830136783455e-01,-0.000000000000000000e+00,-1.840857955548379221e-01,-1.136245612549498935e-01,-0.000000000000000000e+00,-0.000000000000000000e+00,-0.000000000000000000e+00,-3.258828248754171847e-02,-0.000000000000000000e+00,-2.154247937940021729e-01,1.618809886830119726e+00,-1.000714890686150577e-01,-1.540190906144704996e-01,-0.000000000000000000e+00,-0.000000000000000000e+00,-7.299587297151076057e-03,-2.014326469245222850e-01,-0.000000000000000000e+00,-3.841050818243745696e-02,-0.000000000000000000e+00,-0.000000000000000000e+00,-5.321988035142969850e-03,0.000000000000000000e+00,-0.000000000000000000e+00,-0.000000000000000000e+00,-0.000000000000000000e+00
-0.000000000000000000e+00,0.000000000000000000e+00,-0.000000000000000000e+00,0.000000000000000000e+00,-0.000000000000000000e+00,0.000000000000000000e+00,7.701974164177471938e-02,-0.000000000000000000e+00,-1.307418580022498000e-01,-2.273154416753827844e-01,0.000000000000000000e+00,-0.000000000000000000e+00,-0.000000000000000000e+00,-3.021170533106347089e-01,-0.000000000000000000e+00,-1.257757396225399060e-01,-0.000000000000000000e+00,-0.000000000000000000e+00,-0.000000000000000000e+00,-0.000000000000000000e+00,-0.000000000000000000e+00,0.000000000000000000e+00,-9.375980642676070564e-01,-1.000714890686150577e-01,2.375495428710834300e+00,-0.000000000000000000e+00,0.000000000000000000e+00,-3.781194012320923670e-01,-0.000000000000000000e+00,-4.060408648763082218e-02,-0.000000000000000000e+00,0.000000000000000000e+00,-4.149936367381332203e-02,-0.000000000000000000e+00,-0.000000000000000000e+00,-0.000000000000000000e+00,0.000000000000000000e+00,-0.000000000000000000e+00,-4.239764597303704251e-04
-0.000000000000000000e+00,-0.000000000000000000e+00,-3.014115857132317403e-02,0.000000000000000000e+00,-0.000000000000000000e+00,0.000000000000000000e+00,0.000000000000000000e+00,-0.000000000000000000e+00,-3.042256723028188281e-01,-0.000000000000000000e+00,0.000000000000000000e+00,-0.000000000000000000e+00,0.000000000000000000e+00,-0.000000000000000000e+00,-0.000000000000000000e+00,-1.709812702074841595e-01,-0.000000000000000000e+00,-0.000000000000000000e+00,-0.000000000000000000e+00,-0.000000000000000000e+00,-0.000000000000000000e+00,-2.484572189285946114e-02,-0.000000000000000000e+00,-1.540190906144704996e-01,-0.000000000000000000e+00,2.097886408094716160e+00,-2.789303890138601291e-02,-1.720563176830829377e-01,-3.576992776913436867e-01,-4.088920643980487046e-01,-0.000000000000000000e+00,-1.821383026057878931e-03,-0.000000000000000000e+00,-0.000000000000000000e+00,0.000000000000000000e+00,-0.000000000000000000e+00,0.000000000000000000e+00,-4.316348468728640198e-01,-0.000000000000000000e+00
-7.003256965161356457e-03,-1.101091966217141171e-01,0.000000000000000000e+00,0.000000000000000000e+00,0.000000000000000000e+00,0.000000000000000000e+00,0.000000000000000000e+00,-0.000000000000000000e+00,-0.000000000000000000e+00,-0.000000000000000000e+00,-2.723892533002005290e-01,-0.000000000000000000e+00,0.000000000000000000e+00,0.000000000000000000e+00,0.000000000000000000e+00,-0.000000000000000000e+00,-0.000000000000000000e+00,-0.000000000000000000e+00,-0.000000000000000000e+00,0.000000000000000000e+00,-0.000000000000000000e+00,-0.000000000000000000e+00,-0.000000000000000000e+00,-0.000000000000000000e+00,0.000000000000000000e+00,-2.789303890138601291e-02,1.360042685526714479e+00,0.000000000000000000e+00,-1.192866676874857965e-02,-0.000000000000000000e+00,-4.705556561626929486e-03,-5.255461658276067149e-01,-0.000000000000000000e+00,0.000000000000000000e+00,-1.901937350896812928e-01,-0.000000000000000000e+00,-0.000000000000000000e+00,-0.000000000000000000e+00,-0.000000000000000000e+00
-0.000000000000000000e+00,0.000000000000000000e+00,-1.883772793501452547e-01,0.000000000000000000e+00,-7.559529813941280596e-02,0.000000000000000000e+00,0.000000000000000000e+00,-4.120851664711084328e-01,-3.484627696226711563e-02,-2.784040630903581448e-01,0.000000000000000000e+00,-0.000000000000000000e+00,0.000000000000000000e+00,-1.520316440159370092e-02,-0.000000000000000000e+00,-5.441286869112924723e-02,-0.000000000000000000e+00,-0.000000000000000000e+00,-0.000000000000000000e+00,-0.000000000000000000e+00,-2.589903040742492450e-03,-0.000000000000000000e+00,-1.805384111270424141e-01,-0.000000000000000000e+00,-3.781194012320923670e-01,-1.720563176830829377e-01,0.000000000000000000e+00,2.608739728126712176e+00,-0.000000000000000000e+00,-0.000000000000000000e+00,-1.019965381155956141e-01,-0.000000000000000000e+00,-2.108605546620331284e-01,-3.175310873274342360e-01,0.000000000000000000e+00,-0.000000000000000000e+00,0.000000000000000000e+00,-5.017083304595133519e-01,-0.000000000000000000e+00
-4.169042124013884187e-01,-0.000000000000000000e+00,-0.000000000000000000e+00,-0.000000000000000000e+00,-0.000000000000000000e+00,0.000000000000000000e+00,-0.000000000000000000e+00,-0.000000000000000000e+00,-1.975602091527766946e-01,-0.000000000000000000e+00,0.000000000000000000e+00,-0.000000000000000000e+00,-0.000000000000000000e+00,-0.000000000000000000e+00,-3.477902871991307016e-02,-0.000000000000000000e+00,-0.000000000000000000e+00,-0.000000000000000000e+00,-0.000000000000000000e+00,-2.723464447386220871e-02,-0.000000000000000000e+00,-5.019974310416079610e-02,-0.000000000000000000e+00,-7.299587297151076057e-03,-0.000000000000000000e+00,-3.576992776913436867e-01,-1.192866676874857965e-02,-0.000000000000000000e+00,1.632383281761903282e+00,-0.000000000000000000e+00,0.000000000000000000e+00,-3.239776474770402204e-01,-0.000000000000000000e+00,-6.387203389044747090e-03,-0.000000000000000000e+00,-0.000000000000000000e+00,-2.001037051916128851e-01,-0.000000000000000000e+00,-0.000000000000000000e+00
-5.322209351356217422e-01,-2.100546436223177382e-01,-1.557275746276765849e-01,-0.000000000000000000e+00,-0.000000000000000000e+00,0.000000000000000000e+00,0.000000000000000000e+00,-5.238672481824686172e-02,-2.204574706928469352e-01,-3.181839289321465869e-01,0.000000000000000000e+00,0.000000000000000000e+00,0.000000000000000000e+00,-9.178674592164814960e-02,-0.000000000000000000e+00,-5.876008934104270248e-02,-0.000000000000000000e+00,-0.000000000000000000e+00,0.000000000000000000e+00,-0.000000000000000000e+00,-1.220038161335750687e-01,-0.000000000000000000e+00,-9.640097932105481590e-03,-2.014326469245222850e-01,-4.060408648763082218e-02,-4.088920643980487046e-01,-0.000000000000000000e+00,-0.000000000000000000e+00,-0.000000000000000000e+00,2.199124884538370406e+00,0.000000000000000000e+00,-0.000000000000000000e+00,-0.000000000000000000e+00,-0.000000000000000000e+00,-0.000000000000000000e+00,-0.000000000000000000e+00,-0.000000000000000000e+00,-0.000000000000000000e+00,-0.000000000000000000e+00
0.000000000000000000e+00,0.000000000000000000e+00,-0.000000000000000000e+00,1.149758690506810926e-01,-0.000000000000000000e+00,0.000000000000000000e+00,-0.000000000000000000e+00,-0.000000000000000000e+00,-0.000000000000000000e+00,-2.260892210911376043e-01,-0.000000000000000000e+00,-0.000000000000000000e+00,2.198176422635630123e-01,0.000000000000000000e+00,-0.000000000000000000e+00,-0.000000000000000000e+00,0.000000000000000000e+00,-0.000000000000000000e+00,-0.000000000000000000e+00,-0.000000000000000000e+00,-0.000000000000000000e+00,-7.824042020591172319e-02,-0.000000000000000000e+00,-0.000000000000000000e+00,-0.000000000000000000e+00,-0.000000000000000000e+00,-4.705556561626929486e-03,-1.019965381155956141e-01,0.000000000000000000e+00,0.000000000000000000e+00,1.281798387635850078e+00,-0.000000000000000000e+00,-9.231334790047823757e-02,-0.000000000000000000e+00,-0.000000000000000000e+00,0.000000000000000000e+00,-0.000000000000000000e+00,-0.000000000000000000e+00,-2.297376833535305640e-01
-0.000000000000000000e+00,-1.003560856785780248e-01,-0.000000000000000000e+00,-0.000000000000000000e+00,-0.000000000000000000e+00,0.000000000000000000e+00,-3.602921900579216657e-02,-0.000000000000000000e+00,-0.000000000000000000e+00,-0.000000000000000000e+00,-0.000000000000000000e+00,-1.140951442853526399e-01,-0.000000000000000000e+00,-0.000000000000000000e+00,-0.000000000000000000e+00,-0.000000000000000000e+00,0.000000000000000000e+00,-2.053343401483482267e-01,-5.228345850751817646e-03,-0.000000000000000000e+00,0.000000000000000000e+00,-0.000000000000000000e+00,-0.000000000000000000e+00,-3.841050818243745696e-02,0.000000000000000000e+00,-1.821383026057878931e-03,-5.255461658276067149e-01,-0.000000000000000000e+00,-3.239776474770402204e-01,-0.000000000000000000e+00,-0.000000000000000000e+00,1.474005047378422972e+00,-0.000000000000000000e+00,-0.000000000000000000e+00,-1.451688147031963668e-03,-0.000000000000000000e+00,-0.000000000000000000e+00,-0.000000000000000000e+00,-0.000000000000000000e+00
0.000000000000000000e+00,0.000000000000000000e+00,-0.000000000000000000e+00,2.403267918678683446e-01,-2.209893501000600446e-01,-0.000000000000000000e+00,1.734522790261268932e-01,-4.598475039767477845e-01,-0.000000000000000000e+00,-0.000000000000000000e+00,-0.000000000000000000e+00,-0.000000000000000000e+00,3.145956690710911829e-02,-1.802460111108708241e-01,0.000000000000000000e+00,-0.000000000000000000e+00,-0.000000000000000000e+00,0.000000000000000000e+00,0.000000000000000000e+00,0.000000000000000000e+00,-1.821171258788124581e-01,-0.000000000000000000e+00,-0.000000000000000000e+00,-0.000000000000000000e+00,-4.149936367381332203e-02,-0.000000000000000000e+00,-0.000000000000000000e+00,-2.108605546620331284e-01,-0.000000000000000000e+00,-0.000000000000000000e+00,-9.231334790047823757e-02,-0.000000000000000000e+00,1.747565785943569372e+00,-6.020209952115378182e-02,-0.000000000000000000e+00,-0.000000000000000000e+00,-0.000000000000000000e+00,-0.000000000000000000e+00,-0.000000000000000000e+00
-0.000000000000000000e+00,0.000000000000000000e+00,-2.233862156492615603e-01,-0.000000000000000000e+00,-5.459258910751593197e-01,1.169006860807413235e-02,-0.000000000000000000e+00,-0.000000000000000000e+00,-7.605079455354740725e-01,-0.000000000000000000e+00,1.623601706347884699e-01,-2.082849546102483462e-01,0.000000000000000000e+00,-3.700930875354565552e-01,-3.230540559241116827e-01,-2.270603111142350389e-02,0.000000000000000000e+00,-0.000000000000000000e+00,-0.000000000000000000e+00,-5.336017922256097723e-02,-0.000000000000000000e+00,-0.000000000000000000e+00,-0.000000000000000000e+00,-0.000000000000000000e+00,-0.000000000000000000e+00,-0.000000000000000000e+00,0.000000000000000000e+00,-3.175310873274342360e-01,-6.387203389044747090e-03,-0.000000000000000000e+00,-0.000000000000000000e+00,-0.000000000000000000e+00,-6.020209952115378182e-02,3.113094752186081671e+00,0.000000000000000000e+00,-0.000000000000000000e+00,0.000000000000000000e+00,-2.285266487082475151e-01,-1.144794133715918427e-01
-0.000000000000000000e+00,-1.167856268297675637e-01,0.000000000000000000e+00,0.000000000000000000e+00,-0.000000000000000000e+00,-0.000000000000000000e+00,0.000000000000000000e+00,-0.000000000000000000e+00,0.000000000000000000e+00,-0.000000000000000000e+00,-2.996108445969675738e-01,0.000000000000000000e+00,0.000000000000000000e+00,0.000000000000000000e+00,0.000000000000000000e+00,0.000000000000000000e+00,-5.073543850077568557e-02,0.000000000000000000e+00,0.000000000000000000e+00,0.000000000000000000e+00,-0.000000000000000000e+00,-0.000000000000000000e+00,-0.000000000000000000e+00,-5.321988035142969850e-03,-0.000000000000000000e+00,0.000000000000000000e+00,-1.901937350896812928e-01,0.000000000000000000e+00,-0.000000000000000000e+00,-0.000000000000000000e+00,-0.000000000000000000e+00,-1.451688147031963668e-03,-0.000000000000000000e+00,0.000000000000000000e+00,1.772730614173360086e+00,0.000000000000000000e+00,-9.423984294160357988e-01,0.000000000000000000e+00,0.000000000000000000e+00
-0.000000000000000000e+00,-0.000000000000000000e+00,-0.000000000000000000e+00,-0.000000000000000000e+00,-0.000000000000000000e+00,0.000000000000000000e+00,0.000000000000000000e+00,0.000000000000000000e+00,-0.000000000000000000e+00,0.000000000000000000e+00,1.170503762019335370e-01,-0.000000000000000000e+00,-6.253212416845119193e-02,-1.257292337522699921e-01,-0.000000000000000000e+00,-0.000000000000000000e+00,2.614778750357003162e-02,-0.000000000000000000e+00,-0.000000000000000000e+00,-0.000000000000000000e+00,0.000000000000000000e+00,0.000000000000000000e+00,-0.000000000000000000e+00,0.000000000000000000e+00,-0.000000000000000000e+00,-0.000000000000000000e+00,-0.000000000000000000e+00,-0.000000000000000000e+00,-0.000000000000000000e+00,-0.000000000000000000e+00,0.000000000000000000e+00,-0.000000000000000000e+00,-0.000000000000000000e+00,-0.000000000000000000e+00,0.000000000000000000e+00,1.042576537538412840e+00,0.000000000000000000e+00,-0.000000000000000000e+00,-0.000000000000000000e+00
-0.000000000000000000e+00,-7.508837185267770720e-02,0.000000000000000000e+00,-0.000000000000000000e+00,0.000000000000000000e+00,-0.000000000000000000e+00,-0.000000000000000000e+00,-0.000000000000000000e+00,0.000000000000000000e+00,0.000000000000000000e+00,-1.845648598510015448e-01,0.000000000000000000e+00,-0.000000000000000000e+00,0.000000000000000000e+00,0.000000000000000000e+00,0.000000000000000000e+00,-0.000000000000000000e+00,0.000000000000000000e+00,0.000000000000000000e+00,0.000000000000000000e+00,-0.000000000000000000e+00,-0.000000000000000000e+00,0.000000000000000000e+00,-0.000000000000000000e+00,0.000000000000000000e+00,0.000000000000000000e+00,-0.000000000000000000e+00,0.000000000000000000e+00,-2.001037051916128851e-01,-0.000000000000000000e+00,-0.000000000000000000e+00,-0.000000000000000000e+00,-0.000000000000000000e+00,0.000000000000000000e+00,-9.423984294160357988e-01,0.000000000000000000e+00,1.701383699607163180e+00,1.196982393838424974e-01,0.000000000000000000e+00
-0.000000000000000000e+00,0.000000000000000000e+00,-0.000000000000000000e+00,0.000000000000000000e+00,-0.000000000000000000e+00,1.172850418087482832e-01,0.000000000000000000e+00,-0.000000000000000000e+00,-1.503592581703648567e-01,-0.000000000000000000e+00,2.430207543081756155e-02,-0.000000000000000000e+00,-0.000000000000000000e+00,-1.469349188430012221e-01,-1.104424271855555806e-01,-5.223685774016872257e-02,0.000000000000000000e+00,-1.063063594750149471e-01,-0.000000000000000000e+00,-0.000000000000000000e+00,-0.000000000000000000e+00,-0.000000000000000000e+00,-0.000000000000000000e+00,-0.000000000000000000e+00,-0.000000000000000000e+00,-4.316348468728640198e-01,-0.000000000000000000e+00,-5.017083304595133519e-01,-0.000000000000000000e+00,-0.000000000000000000e+00,-0.000000000000000000e+00,-0.000000000000000000e+00,-0.000000000000000000e+00,-2.285266487082475151e-01,0.000000000000000000e+00,-0.000000000000000000e+00,1.196982393838424974e-01,2.303477162769524078e+00,-3.918017251280123681e-01
-0.000000000000000000e+00,0.000000000000000000e+00,-0.000000000000000000e+00,-0.000000000000000000e+00,-0.000000000000000000e+00,2.157171777258059531e-01,-0.000000000000000000e+00,-0.000000000000000000e+00,-1.798133716657791537e-01,-2.247531270810931500e-02,0.000000000000000000e+00,-6.982059303109762194e-01,-0.000000000000000000e+00,-0.000000000000000000e+00,-9.779065693778550561e-02,-2.247039056415738728e-02,0.000000000000000000e+00,-0.000000000000000000e+00,-2.324012576346315140e-01,-1.663044172434773038e-02,0.000000000000000000e+00,-0.000000000000000000e+00,-0.000000000000000000e+00,-0.000000000000000000e+00,-4.239764597303704251e-04,-0.000000000000000000e+00,-0.000000000000000000e+00,-0.000000000000000000e+00,-0.000000000000000000e+00,-0.000000000000000000e+00,-2.297376833535305640e-01,-0.000000000000000000e+00,-0.000000000000000000e+00,-1.144794133715918427e-01,0.000000000000000000e+00,-0.000000000000000000e+00,0.000000000000000000e+00,-3.918017251280123681e-01,2.251421881560399907e+00
