1.792611995704928685e+00,-3.086114021460893420e-01,-0.000000000000000000e+00,0.000000000000000000e+00,-0.000000000000000000e+00,0.000000000000000000e+00,0.000000000000000000e+00,-0.000000000000000000e+00,-0.000000000000000000e+00,-2.731820878804131283e-02,6.264385665545378623e-02,-0.000000000000000000e+00,-0.000000000000000000e+00,0.000000000000000000e+00,-0.000000000000000000e+00,-2.550214908302516070e-01,0.000000000000000000e+00,0.000000000000000000e+00,0.000000000000000000e+00,-0.000000000000000000e+00,-0.000000000000000000e+00,-0.000000000000000000e+00,-0.000000000000000000e+00,0.000000000000000000e+00,-0.000000000000000000e+00,-3.151280678865659990e-01,0.000000000000000000e+00,-0.000000000000000000e+00,-0.000000000000000000e+00,-0.000000000000000000e+00,-0.000000000000000000e+00,0.000000000000000000e+00,0.000000000000000000e+00,-0.000000000000000000e+00,0.000000000000000000e+00,-0.000000000000000000e+00,-1.260979358504626079e-02,-7.127183799067241532e-01,-0.000000000000000000e+00
-3.086114021460893420e-01,2.391387749507248195e+00,0.000000000000000000e+00,0.000000000000000000e+00,-0.000000000000000000e+00,0.000000000000000000e+00,0.000000000000000000e+00,0.000000000000000000e+00,-0.000000000000000000e+00,-7.364284898517835520e-01,4.987216957491565072e-02,-0.000000000000000000e+00,-0.000000000000000000e+00,0.000000000000000000e+00,-0.000000000000000000e+00,-0.000000000000000000e+00,0.000000000000000000e+00,-0.000000000000000000e+00,-0.000000000000000000e+00,0.000000000000000000e+00,-0.000000000000000000e+00,4.413221051158807383e-03,-0.000000000000000000e+00,-4.268748269330649089e-03,-0.000000000000000000e+00,-0.000000000000000000e+00,1.863943370563407309e-01,0.000000000000000000e+00,-0.000000000000000000e+00,-0.000000000000000000e+00,0.000000000000000000e+00,5.707807639092884466e-01,-0.000000000000000000e+00,-0.000000000000000000e+00,-0.000000000000000000e+00,0.000000000000000000e+00,-0.000000000000000000e+00,-0.000000000000000000e+00,-6.462856523516299356e-01
-0.000000000000000000e+00,0.000000000000000000e+00,2.378776402908004961e+00,0.000000000000000000e+00,0.000000000000000000e+00,0.000000000000000000e+00,0.000000000000000000e+00,6.857121299368607037e-01,0.000000000000000000e+00,-0.000000000000000000e+00,-4.645927496233431819e-02,-0.000000000000000000e+00,-0.000000000000000000e+00,-0.000000000000000000e+00,-3.625751768682953236e-01,-0.000000000000000000e+00,-0.000000000000000000e+00,-9.839935433395791131e-02,-3.170392010929766746e-01,-2.355323239300359528e-01,-3.785503411468625623e-02,-2.822655354666848693e-01,0.000000000000000000e+00,0.000000000000000000e+00,-0.000000000000000000e+00,0.000000000000000000e+00,0.000000000000000000e+00,-4.640348858283955824e-01,-0.000000000000000000e+00,-0.000000000000000000e+00,-2.428605059809421651e-01,-0.000000000000000000e+00,-0.000000000000000000e+00,-0.000000000000000000e+00,0.000000000000000000e+00,0.000000000000000000e+00,-5.379917088628956290e-02,0.000000000000000000e+00,0.000000000000000000e+00
0.000000000000000000e+00,0.000000000000000000e+00,0.000000000000000000e+00,1.491470766536961534e+00,-1.265968626068705305e-01,-1.996380475718711189e-01,-0.000000000000000000e+00,0.000000000000000000e+00,-0.000000000000000000e+00,0.000000000000000000e+00,-0.000000000000000000e+00,-0.000000000000000000e+00,0.000000000000000000e+00,-1.132648989014925639e-01,6.761347859485075662e-02,0.000000000000000000e+00,0.000000000000000000e+00,0.000000000000000000e+00,0.000000000000000000e+00,-0.000000000000000000e+00,3.082953450489439584e-01,-1.851574835516076739e-02,-0.000000000000000000e+00,-0.000000000000000000e+00,0.000000000000000000e+00,-2.458751358568054060e-02,-1.788010403316142860e-01,0.000000000000000000e+00,-0.000000000000000000e+00,-0.000000000000000000e+00,0.000000000000000000e+00,-0.000000000000000000e+00,0.000000000000000000e+00,-0.000000000000000000e+00,-4.319978183870232247e-01,-0.000000000000000000e+00,0.000000000000000000e+00,0.000000000000000000e+00,2.137183160617307180e-03
-0.000000000000000000e+00,-0.000000000000000000e+00,0.000000000000000000e+00,-1.265968626068705305e-01,2.145635687585421891e+00,0.000000000000000000e+00,-0.000000000000000000e+00,-0.000000000000000000e+00,-1.835563673698958065e-01,-0.000000000000000000e+00,-0.000000000000000000e+00,-0.000000000000000000e+00,0.000000000000000000e+00,-8.046507689232297589e-02,0.000000000000000000e+00,-0.000000000000000000e+00,-0.000000000000000000e+00,-0.000000000000000000e+00,0.000000000000000000e+00,-0.000000000000000000e+00,0.000000000000000000e+00,0.000000000000000000e+00,-3.733721710352951723e-02,-0.000000000000000000e+00,-0.000000000000000000e+00,-8.878783002190968610e-01,-2.960214099054916947e-02,0.000000000000000000e+00,-0.000000000000000000e+00,-0.000000000000000000e+00,0.000000000000000000e+00,-0.000000000000000000e+00,-0.000000000000000000e+00,-5.277998457032733182e-01,-0.000000000000000000e+00,-4.392527046023763648e-01,0.000000000000000000e+00,-0.000000000000000000e+00,-0.000000000000000000e+00
0.000000000000000000e+00,0.000000000000000000e+00,0.000000000000000000e+00,-1.996380475718711189e-01,0.000000000000000000e+00,1.539418396887232143e+00,0.000000000000000000e+00,-0.000000000000000000e+00,0.000000000000000000e+00,1.113332909819582661e-01,4.655064951239298691e-03,0.000000000000000000e+00,0.000000000000000000e+00,-0.000000000000000000e+00,1.147724943602665276e-01,0.000000000000000000e+00,1.520925129122140951e-01,0.000000000000000000e+00,0.000000000000000000e+00,-0.000000000000000000e+00,2.255422079717522496e-02,0.000000000000000000e+00,-4.929286411386649136e-02,-2.391972329294962119e-01,-0.000000000000000000e+00,-0.000000000000000000e+00,-2.837235114029478811e-01,0.000000000000000000e+00,-0.000000000000000000e+00,0.000000000000000000e+00,-0.000000000000000000e+00,-0.000000000000000000e+00,0.000000000000000000e+00,0.000000000000000000e+00,-1.418128270015400483e-01,-1.823198996324031096e-02,0.000000000000000000e+00,0.000000000000000000e+00,2.325086653539095438e-01
0.000000000000000000e+00,0.000000000000000000e+00,0.000000000000000000e+00,-0.000000000000000000e+00,-0.000000000000000000e+00,0.000000000000000000e+00,1.176099114671718793e+00,-0.000000000000000000e+00,0.000000000000000000e+00,0.000000000000000000e+00,-4.148511474534959942e-01,0.000000000000000000e+00,0.000000000000000000e+00,-4.327665106083587732e-02,0.000000000000000000e+00,2.190087728447876261e-02,-0.000000000000000000e+00,0.000000000000000000e+00,0.000000000000000000e+00,-5.661668121658593178e-02,0.000000000000000000e+00,-0.000000000000000000e+00,4.344041078827957231e-02,0.000000000000000000e+00,8.839680704267510736e-02,0.000000000000000000e+00,0.000000000000000000e+00,0.000000000000000000e+00,0.000000000000000000e+00,-9.280117351834206441e-02,0.000000000000000000e+00,0.000000000000000000e+00,2.263262066743798595e-02,0.000000000000000000e+00,-0.000000000000000000e+00,-0.000000000000000000e+00,-0.000000000000000000e+00,-0.000000000000000000e+00,0.000000000000000000e+00
-0.000000000000000000e+00,0.000000000000000000e+00,6.857121299368607037e-01,0.000000000000000000e+00,-0.000000000000000000e+00,-0.000000000000000000e+00,-0.000000000000000000e+00,1.624582328376172446e+00,0.000000000000000000e+00,0.000000000000000000e+00,6.412517154255824303e-02,0.000000000000000000e+00,0.000000000000000000e+00,2.103460650619868311e-01,0.000000000000000000e+00,0.000000000000000000e+00,0.000000000000000000e+00,0.000000000000000000e+00,0.000000000000000000e+00,0.000000000000000000e+00,0.000000000000000000e+00,0.000000000000000000e+00,0.000000000000000000e+00,2.139306248078066408e-01,0.000000000000000000e+00,0.000000000000000000e+00,-0.000000000000000000e+00,-0.000000000000000000e+00,6.418008069366083757e-02,2.315967987886186630e-01,0.000000000000000000e+00,0.000000000000000000e+00,1.975173483751451742e-01,-0.000000000000000000e+00,0.000000000000000000e+00,-0.000000000000000000e+00,9.068178916273877954e-02,-0.000000000000000000e+00,0.000000000000000000e+00
-0.000000000000000000e+00,-0.000000000000000000e+00,0.000000000000000000e+00,-0.000000000000000000e+00,-1.835563673698958065e-01,0.000000000000000000e+00,0.000000000000000000e+00,0.000000000000000000e+00,2.406121601189783021e+00,-0.000000000000000000e+00,-0.000000000000000000e+00,-0.000000000000000000e+00,-0.000000000000000000e+00,-0.000000000000000000e+00,-0.000000000000000000e+00,-1.195288181474279086e-02,-0.000000000000000000e+00,-0.000000000000000000e+00,-0.000000000000000000e+00,0.000000000000000000e+00,0.000000000000000000e+00,0.000000000000000000e+00,-4.342546497931179528e-01,-0.000000000000000000e+00,-3.111795941894742179e-01,-2.864019377371831432e-01,-0.000000000000000000e+00,0.000000000000000000e+00,-4.216850462225106566e-03,-7.442239890090526777e-02,-0.000000000000000000e+00,-0.000000000000000000e+00,-0.000000000000000000e+00,-6.277750516423575844e-01,0.000000000000000000e+00,-9.490563549037447921e-02,0.000000000000000000e+00,-5.171696928476819943e-01,-1.629630014170646291e-01
-2.731820878804131283e-02,-7.364284898517835520e-01,-0.000000000000000000e+00,0.000000000000000000e+00,-0.000000000000000000e+00,1.113332909819582661e-01,0.000000000000000000e+00,0.000000000000000000e+00,-0.000000000000000000e+00,3.013451753154218871e+00,0.000000000000000000e+00,-0.000000000000000000e+00,-0.000000000000000000e+00,0.000000000000000000e+00,-0.000000000000000000e+00,-8.846483202331909546e-01,-0.000000000000000000e+00,-0.000000000000000000e+00,-0.000000000000000000e+00,0.000000000000000000e+00,-0.000000000000000000e+00,0.000000000000000000e+00,-0.000000000000000000e+00,-0.000000000000000000e+00,-0.000000000000000000e+00,-0.000000000000000000e+00,2.861623777771575838e-01,-0.000000000000000000e+00,0.000000000000000000e+00,-0.000000000000000000e+00,0.000000000000000000e+00,0.000000000000000000e+00,-2.243373376635867666e-01,-0.000000000000000000e+00,0.000000000000000000e+00,0.000000000000000000e+00,-0.000000000000000000e+00,-0.000000000000000000e+00,-9.388233075086914736e-01
6.264385665545378623e-02,4.987216957491565072e-02,-4.645927496233431819e-02,-0.000000000000000000e+00,-0.000000000000000000e+00,4.655064951239298691e-03,-4.148511474534959942e-01,6.412517154255824303e-02,-0.000000000000000000e+00,0.000000000000000000e+00,1.504955218355918056e+00,0.000000000000000000e+00,0.000000000000000000e+00,-3.085619656430529378e-01,-0.000000000000000000e+00,0.000000000000000000e+00,-2.662404441724294801e-01,-5.961844315730999155e-02,-3.298643702954721924e-02,-0.000000000000000000e+00,-0.000000000000000000e+00,-0.000000000000000000e+00,0.000000000000000000e+00,0.000000000000000000e+00,-0.000000000000000000e+00,0.000000000000000000e+00,-0.000000000000000000e+00,0.000000000000000000e+00,-0.000000000000000000e+00,-0.000000000000000000e+00,-2.965784775642527071e-02,-3.312648229400458888e-01,-0.000000000000000000e+00,-0.000000000000000000e+00,4.911493889793863005e-02,-0.000000000000000000e+00,0.000000000000000000e+00,-0.000000000000000000e+00,0.000000000000000000e+00
-0.000000000000000000e+00,-0.000000000000000000e+00,-0.000000000000000000e+00,-0.000000000000000000e+00,-0.000000000000000000e+00,0.000000000000000000e+00,0.000000000000000000e+00,0.000000000000000000e+00,-0.000000000000000000e+00,-0.000000000000000000e+00,0.000000000000000000e+00,1.558689472919847940e+00,-3.228197131942959208e-01,-2.691258118406095190e-01,-1.578934133323887656e-01,-0.000000000000000000e+00,-0.000000000000000000e+00,-2.185067973362079530e-01,-0.000000000000000000e+00,-7.608797100974172556e-02,0.000000000000000000e+00,0.000000000000000000e+00,-1.191438255980213357e-01,-0.000000000000000000e+00,-0.000000000000000000e+00,0.000000000000000000e+00,3.664821070936197939e-02,0.000000000000000000e+00,-0.000000000000000000e+00,-0.000000000000000000e+00,0.000000000000000000e+00,0.000000000000000000e+00,-0.000000000000000000e+00,-2.122564783805096500e-01,0.000000000000000000e+00,0.000000000000000000e+00,-0.000000000000000000e+00,-0.000000000000000000e+00,-9.046311177109511714e-02
-0.000000000000000000e+00,-0.000000000000000000e+00,-0.000000000000000000e+00,0.000000000000000000e+00,0.000000000000000000e+00,0.000000000000000000e+00,0.000000000000000000e+00,0.000000000000000000e+00,-0.000000000000000000e+00,-0.000000000000000000e+00,0.000000000000000000e+00,-3.228197131942959208e-01,1.306872244540577599e+00,-0.000000000000000000e+00,-1.389547816827320925e-01,-0.000000000000000000e+00,-0.000000000000000000e+00,-1.200860821695124842e-01,-0.000000000000000000e+00,-6.393569246956937180e-02,-0.000000000000000000e+00,0.000000000000000000e+00,-0.000000000000000000e+00,0.000000000000000000e+00,-0.000000000000000000e+00,0.000000000000000000e+00,2.242867855124632270e-01,-5.945693014632411066e-02,-0.000000000000000000e+00,-0.000000000000000000e+00,0.000000000000000000e+00,0.000000000000000000e+00,-0.000000000000000000e+00,-0.000000000000000000e+00,0.000000000000000000e+00,0.000000000000000000e+00,-0.000000000000000000e+00,-0.000000000000000000e+00,-0.000000000000000000e+00
0.000000000000000000e+00,0.000000000000000000e+00,-0.000000000000000000e+00,-1.132648989014925639e-01,-8.046507689232297589e-02,-0.000000000000000000e+00,-4.327665106083587732e-02,2.103460650619868311e-01,-0.000000000000000000e+00,0.000000000000000000e+00,-3.085619656430529378e-01,-2.691258118406095190e-01,-0.000000000000000000e+00,1.350973360687218516e+00,-0.000000000000000000e+00,0.000000000000000000e+00,-1.121771465889198349e-01,-6.574913318462492426e-03,-0.000000000000000000e+00,-0.000000000000000000e+00,0.000000000000000000e+00,-0.000000000000000000e+00,-1.240868984913167106e-01,-0.000000000000000000e+00,-0.000000000000000000e+00,-0.000000000000000000e+00,-0.000000000000000000e+00,0.000000000000000000e+00,-4.768434571942228167e-03,-0.000000000000000000e+00,-1.334087668639179214e-02,-0.000000000000000000e+00,-0.000000000000000000e+00,-0.000000000000000000e+00,-0.000000000000000000e+00,-1.220868815884071715e-02,0.000000000000000000e+00,-0.000000000000000000e+00,-0.000000000000000000e+00
-0.000000000000000000e+00,-0.000000000000000000e+00,-3.625751768682953236e-01,6.761347859485075662e-02,0.000000000000000000e+00,1.147724943602665276e-01,0.000000000000000000e+00,0.000000000000000000e+00,-0.000000000000000000e+00,-0.000000000000000000e+00,-0.000000000000000000e+00,-1.578934133323887656e-01,-1.389547816827320925e-01,-0.000000000000000000e+00,2.743070643504197381e+00,-2.239569857741516845e-01,-0.000000000000000000e+00,-5.676145241094965321e-01,-2.098416481621475094e-01,-0.000000000000000000e+00,-0.000000000000000000e+00,-0.000000000000000000e+00,-0.000000000000000000e+00,0.000000000000000000e+00,-0.000000000000000000e+00,-0.000000000000000000e+00,3.836490604684553857e-02,-2.854597237806943966e-01,-0.000000000000000000e+00,-0.000000000000000000e+00,-0.000000000000000000e+00,-0.000000000000000000e+00,-0.000000000000000000e+00,-4.038757201304893907e-01,5.996591051892039559e-01,0.000000000000000000e+00,-0.000000000000000000e+00,-0.000000000000000000e+00,-0.000000000000000000e+00
-2.550214908302516070e-01,-0.000000000000000000e+00,-0.000000000000000000e+00,0.000000000000000000e+00,-0.000000000000000000e+00,0.000000000000000000e+00,2.190087728447876261e-02,0.000000000000000000e+00,-1.195288181474279086e-02,-8.846483202331909546e-01,0.000000000000000000e+00,-0.000000000000000000e+00,-0.000000000000000000e+00,0.000000000000000000e+00,-2.239569857741516845e-01,2.144713480970316777e+00,-0.000000000000000000e+00,-0.000000000000000000e+00,-0.000000000000000000e+00,0.000000000000000000e+00,-3.737793719978719786e-01,-0.000000000000000000e+00,-0.000000000000000000e+00,0.000000000000000000e+00,-2.642893894161373741e-02,-0.000000000000000000e+00,0.000000000000000000e+00,-1.136544288910410795e-02,-0.000000000000000000e+00,-4.347562576747909108e-02,-0.000000000000000000e+00,-0.000000000000000000e+00,-1.072779273231523472e-01,-1.136935909114399901e-01,0.000000000000000000e+00,-0.000000000000000000e+00,-0.000000000000000000e+00,-0.000000000000000000e+00,-1.470258228132368394e-01
0.000000000000000000e+00,0.000000000000000000e+00,-0.000000000000000000e+00,0.000000000000000000e+00,-0.000000000000000000e+00,1.520925129122140951e-01,-0.000000000000000000e+00,0.000000000000000000e+00,-0.000000000000000000e+00,-0.000000000000000000e+00,-2.662404441724294801e-01,-0.000000000000000000e+00,-0.000000000000000000e+00,-1.121771465889198349e-01,-0.000000000000000000e+00,-0.000000000000000000e+00,1.891464164658255509e+00,-1.409703344557718674e-01,-1.688215639908696164e-01,0.000000000000000000e+00,-0.000000000000000000e+00,0.000000000000000000e+00,-0.000000000000000000e+00,-0.000000000000000000e+00,-0.000000000000000000e+00,0.000000000000000000e+00,0.000000000000000000e+00,0.000000000000000000e+00,-0.000000000000000000e+00,-0.000000000000000000e+00,-0.000000000000000000e+00,-0.000000000000000000e+00,-9.595996211212948213e-01,-2.236676297857968093e-02,0.000000000000000000e+00,-0.000000000000000000e+00,1.758059894018725033e-02,-0.000000000000000000e+00,-0.000000000000000000e+00
0.000000000000000000e+00,-0.000000000000000000e+00,-9.839935433395791131e-02,0.000000000000000000e+00,-0.000000000000000000e+00,0.000000000000000000e+00,0.000000000000000000e+00,0.000000000000000000e+00,-0.000000000000000000e+00,-0.000000000000000000e+00,-5.961844315730999155e-02,-2.185067973362079530e-01,-1.200860821695124842e-01,-6.574913318462492426e-03,-5.676145241094965321e-01,-0.000000000000000000e+00,-1.409703344557718674e-01,2.723007683395108458e+00,-8.622726653877178515e-01,-0.000000000000000000e+00,-0.000000000000000000e+00,-0.000000000000000000e+00,-0.000000000000000000e+00,-0.000000000000000000e+00,-1.240559264788675953e-01,-0.000000000000000000e+00,0.000000000000000000e+00,-0.000000000000000000e+00,-6.503289458980722471e-02,-0.000000000000000000e+00,-0.000000000000000000e+00,-3.064727455564275269e-02,-7.973957988712446210e-02,-5.411078424743710480e-01,1.916709211692015080e-01,-0.000000000000000000e+00,-0.000000000000000000e+00,-0.000000000000000000e+00,-0.000000000000000000e+00
0.000000000000000000e+00,-0.000000000000000000e+00,-3.170392010929766746e-01,0.000000000000000000e+00,0.000000000000000000e+00,0.000000000000000000e+00,0.000000000000000000e+00,0.000000000000000000e+00,-0.000000000000000000e+00,-0.000000000000000000e+00,-3.298643702954721924e-02,-0.000000000000000000e+00,-0.000000000000000000e+00,-0.000000000000000000e+00,-2.098416481621475094e-01,-0.000000000000000000e+00,-1.688215639908696164e-01,-8.622726653877178515e-01,2.142992372679273227e+00,0.000000000000000000e+00,-0.000000000000000000e+00,-0.000000000000000000e+00,-0.000000000000000000e+00,-0.000000000000000000e+00,-0.000000000000000000e+00,0.000000000000000000e+00,0.000000000000000000e+00,-0.000000000000000000e+00,-0.000000000000000000e+00,-0.000000000000000000e+00,-0.000000000000000000e+00,-0.000000000000000000e+00,-1.712314494535620568e-01,-0.000000000000000000e+00,2.726437742980779566e-01,0.000000000000000000e+00,-0.000000000000000000e+00,0.000000000000000000e+00,-0.000000000000000000e+00
-0.000000000000000000e+00,0.000000000000000000e+00,-2.355323239300359528e-01,-0.000000000000000000e+00,-0.000000000000000000e+00,-0.000000000000000000e+00,-5.661668121658593178e-02,0.000000000000000000e+00,0.000000000000000000e+00,0.000000000000000000e+00,-0.000000000000000000e+00,-7.608797100974172556e-02,-6.393569246956937180e-02,-0.000000000000000000e+00,-0.000000000000000000e+00,0.000000000000000000e+00,0.000000000000000000e+00,-0.000000000000000000e+00,0.000000000000000000e+00,1.563329244713058452e+00,-0.000000000000000000e+00,-5.699448924807041239e-01,0.000000000000000000e+00,0.000000000000000000e+00,0.000000000000000000e+00,-0.000000000000000000e+00,0.000000000000000000e+00,-2.927896951942284276e-01,-0.000000000000000000e+00,-0.000000000000000000e+00,-0.000000000000000000e+00,-0.000000000000000000e+00,2.725579002732955725e-01,-0.000000000000000000e+00,0.000000000000000000e+00,-0.000000000000000000e+00,-0.000000000000000000e+00,-0.000000000000000000e+00,0.000000000000000000e+00
-0.000000000000000000e+00,-0.000000000000000000e+00,-3.785503411468625623e-02,3.082953450489439584e-01,0.000000000000000000e+00,2.255422079717522496e-02,0.000000000000000000e+00,0.000000000000000000e+00,0.000000000000000000e+00,-0.000000000000000000e+00,-0.000000000000000000e+00,0.000000000000000000e+00,-0.000000000000000000e+00,0.000000000000000000e+00,-0.000000000000000000e+00,-3.737793719978719786e-01,-0.000000000000000000e+00,-0.000000000000000000e+00,-0.000000000000000000e+00,-0.000000000000000000e+00,1.962349992466009274e+00,-0.000000000000000000e+00,0.000000000000000000e+00,1.098670265603444995e-01,-0.000000000000000000e+00,0.000000000000000000e+00,0.000000000000000000e+00,-8.551633157990179424e-01,0.000000000000000000e+00,0.000000000000000000e+00,-0.000000000000000000e+00,-0.000000000000000000e+00,-3.555422276681823729e-02,-0.000000000000000000e+00,1.702741570807272398e-01,-0.000000000000000000e+00,-0.000000000000000000e+00,0.000000000000000000e+00,-0.000000000000000000e+00
-0.000000000000000000e+00,4.413221051158807383e-03,-2.822655354666848693e-01,-1.851574835516076739e-02,0.000000000000000000e+00,0.000000000000000000e+00,-0.000000000000000000e+00,0.000000000000000000e+00,0.000000000000000000e+00,0.000000000000000000e+00,-0.000000000000000000e+00,0.000000000000000000e+00,0.000000000000000000e+00,-0.000000000000000000e+00,-0.000000000000000000e+00,-0.000000000000000000e+00,0.000000000000000000e+00,-0.000000000000000000e+00,-0.000000000000000000e+00,-5.699448924807041239e-01,-0.000000000000000000e+00,1.633973213535697688e+00,0.000000000000000000e+00,2.633458548070998634e-02,0.000000000000000000e+00,-0.000000000000000000e+00,-0.000000000000000000e+00,-2.246579136120154807e-01,0.000000000000000000e+00,-0.000000000000000000e+00,-2.697831243148262614e-01,-6.223573672122811179e-02,0.000000000000000000e+00,-0.000000000000000000e+00,-0.000000000000000000e+00,-0.000000000000000000e+00,-0.000000000000000000e+00,0.000000000000000000e+00,0.000000000000000000e+00
-0.000000000000000000e+00,-0.000000000000000000e+00,0.000000000000000000e+00,-0.000000000000000000e+00,-3.733721710352951723e-02,-4.929286411386649136e-02,4.344041078827957231e-02,0.000000000000000000e+00,-4.342546497931179528e-01,-0.000000000000000000e+00,0.000000000000000000e+00,-1.191438255980213357e-01,-0.000000000000000000e+00,-1.240868984913167106e-01,-0.000000000000000000e+00,-0.000000000000000000e+00,-0.000000000000000000e+00,-0.000000000000000000e+00,-0.000000000000000000e+00,0.000000000000000000e+00,0.000000000000000000e+00,0.000000000000000000e+00,2.096874925740213946e+00,-4.522795975762194942e-01,-6.573913409239372507e-01,-1.014074424139445318e-01,-0.000000000000000000e+00,0.000000000000000000e+00,-3.520019438112531596e-01,-0.000000000000000000e+00,-0.000000000000000000e+00,-0.000000000000000000e+00,-0.000000000000000000e+00,-0.000000000000000000e+00,-0.000000000000000000e+00,-0.000000000000000000e+00,-0.000000000000000000e+00,-0.000000000000000000e+00,-0.000000000000000000e+00
0.000000000000000000e+00,-4.268748269330649089e-03,0.000000000000000000e+00,-0.000000000000000000e+00,-0.000000000000000000e+00,-2.391972329294962119e-01,0.000000000000000000e+00,2.139306248078066408e-01,-0.000000000000000000e+00,-0.000000000000000000e+00,0.000000000000000000e+00,-0.000000000000000000e+00,0.000000000000000000e+00,-0.000000000000000000e+00,0.000000000000000000e+00,0.000000000000000000e+00,-0.000000000000000000e+00,-0.000000000000000000e+00,-0.000000000000000000e+00,0.000000000000000000e+00,1.098670265603444995e-01,2.633458548070998634e-02,-4.522795975762194942e-01,1.519265768355628543e+00,-0.000000000000000000e+00,-1.025332202127562792e-01,-0.000000000000000000e+00,2.351759501654329398e-01,-1.997775644603142220e-01,-3.600432016143192970e-02,0.000000000000000000e+00,0.000000000000000000e+00,-0.000000000000000000e+00,-0.000000000000000000e+00,-2.292004276269327956e-01,-0.000000000000000000e+00,-0.000000000000000000e+00,-0.000000000000000000e+00,-0.000000000000000000e+00
-0.000000000000000000e+00,-0.000000000000000000e+00,-0.000000000000000000e+00,0.000000000000000000e+00,-0.000000000000000000e+00,-0.000000000000000000e+00,8.839680704267510736e-02,0.000000000000000000e+00,-3.111795941894742179e-01,-0.000000000000000000e+00,-0.000000000000000000e+00,-0.000000000000000000e+00,-0.000000000000000000e+00,-0.000000000000000000e+00,-0.000000000000000000e+00,-2.642893894161373741e-02,-0.000000000000000000e+00,-1.240559264788675953e-01,-0.000000000000000000e+00,0.000000000000000000e+00,-0.000000000000000000e+00,0.000000000000000000e+00,-6.573913409239372507e-01,-0.000000000000000000e+00,1.705771940652210494e+00,-0.000000000000000000e+00,-0.000000000000000000e+00,-0.000000000000000000e+00,-2.147549729914230154e-01,-5.783052280854148602e-02,-0.000000000000000000e+00,-0.000000000000000000e+00,-0.000000000000000000e+00,-4.582501853318923790e-02,0.000000000000000000e+00,-0.000000000000000000e+00,-0.000000000000000000e+00,-0.000000000000000000e+00,-0.000000000000000000e+00
-3.151280678865659990e-01,-0.000000000000000000e+00,0.000000000000000000e+00,-2.458751358568054060e-02,-8.878783002190968610e-01,-0.000000000000000000e+00,0.000000000000000000e+00,0.000000000000000000e+00,-2.864019377371831432e-01,-0.000000000000000000e+00,0.000000000000000000e+00,0.000000000000000000e+00,0.000000000000000000e+00,-0.000000000000000000e+00,-0.000000000000000000e+00,-0.000000000000000000e+00,0.000000000000000000e+00,-0.000000000000000000e+00,0.000000000000000000e+00,-0.000000000000000000e+00,0.000000000000000000e+00,-0.000000000000000000e+00,-1.014074424139445318e-01,-1.025332202127562792e-01,-0.000000000000000000e+00,2.144061211866640004e+00,-9.344489842193640095e-02,0.000000000000000000e+00,-3.623641557152443848e-01,-0.000000000000000000e+00,-0.000000000000000000e+00,-0.000000000000000000e+00,0.000000000000000000e+00,-0.000000000000000000e+00,-0.000000000000000000e+00,-0.000000000000000000e+00,0.000000000000000000e+00,-1.454134391689720085e-01,-0.000000000000000000e+00
0.000000000000000000e+00,1.863943370563407309e-01,0.000000000000000000e+00,-1.788010403316142860e-01,-2.960214099054916947e-02,-2.837235114029478811e-01,0.000000000000000000e+00,-0.000000000000000000e+00,-0.000000000000000000e+00,2.861623777771575838e-01,-0.000000000000000000e+00,3.664821070936197939e-02,2.242867855124632270e-01,-0.000000000000000000e+00,3.836490604684553857e-02,0.000000000000000000e+00,0.000000000000000000e+00,0.000000000000000000e+00,0.000000000000000000e+00,0.000000000000000000e+00,0.000000000000000000e+00,-0.000000000000000000e+00,-0.000000000000000000e+00,-0.000000000000000000e+00,-0.000000000000000000e+00,-9.344489842193640095e-02,1.746636234758831785e+00,0.000000000000000000e+00,-0.000000000000000000e+00,0.000000000000000000e+00,-3.096881231843447158e-02,-3.229750626659357859e-01,0.000000000000000000e+00,-0.000000000000000000e+00,-0.000000000000000000e+00,-2.991227057748975238e-01,1.030822485038684344e-01,0.000000000000000000e+00,1.044544909183256903e-01
-0.000000000000000000e+00,0.000000000000000000e+00,-4.640348858283955824e-01,0.000000000000000000e+00,0.000000000000000000e+00,0.000000000000000000e+00,0.000000000000000000e+00,-0.000000000000000000e+00,0.000000000000000000e+00,-0.000000000000000000e+00,0.000000000000000000e+00,0.000000000000000000e+00,-5.945693014632411066e-02,0.000000000000000000e+00,-2.854597237806943966e-01,-1.136544288910410795e-02,0.000000000000000000e+00,-0.000000000000000000e+00,-0.000000000000000000e+00,-2.927896951942284276e-01,-8.551633157990179424e-01,-2.246579136120154807e-01,0.000000000000000000e+00,2.351759501654329398e-01,-0.000000000000000000e+00,0.000000000000000000e+00,0.000000000000000000e+00,2.369339685867714262e+00,-0.000000000000000000e+00,0.000000000000000000e+00,-1.773966670285627434e-01,-0.000000000000000000e+00,0.000000000000000000e+00,-0.000000000000000000e+00,1.276891012157774508e-01,-0.000000000000000000e+00,-0.000000000000000000e+00,0.000000000000000000e+00,0.000000000000000000e+00
-0.000000000000000000e+00,-0.000000000000000000e+00,-0.000000000000000000e+00,-0.000000000000000000e+00,-0.000000000000000000e+00,-0.000000000000000000e+00,0.000000000000000000e+00,6.418008069366083757e-02,-4.216850462225106566e-03,0.000000000000000000e+00,-0.000000000000000000e+00,-0.000000000000000000e+00,-0.000000000000000000e+00,-4.768434571942228167e-03,-0.000000000000000000e+00,-0.000000000000000000e+00,-0.000000000000000000e+00,-6.503289458980722471e-02,-0.000000000000000000e+00,-0.000000000000000000e+00,0.000000000000000000e+00,0.000000000000000000e+00,-3.520019438112531596e-01,-1.997775644603142220e-01,-2.147549729914230154e-01,-3.623641557152443848e-01,-0.000000000000000000e+00,-0.000000000000000000e+00,1.520543757014411579e+00,-0.000000000000000000e+00,-0.000000000000000000e+00,-5.817141659790036473e-03,-0.000000000000000000e+00,-0.000000000000000000e+00,0.000000000000000000e+00,-0.000000000000000000e+00,-7.019229023700620552e-03,-0.000000000000000000e+00,-0.000000000000000000e+00
-0.000000000000000000e+00,-0.000000000000000000e+00,-0.000000000000000000e+00,-0.000000000000000000e+00,-0.000000000000000000e+00,0.000000000000000000e+00,-9.280117351834206441e-02,2.315967987886186630e-01,-7.442239890090526777e-02,-0.000000000000000000e+00,-0.000000000000000000e+00,-0.000000000000000000e+00,-0.000000000000000000e+00,-0.000000000000000000e+00,-0.000000000000000000e+00,-4.347562576747909108e-02,-0.000000000000000000e+00,-0.000000000000000000e+00,-0.000000000000000000e+00,-0.000000000000000000e+00,0.000000000000000000e+00,-0.000000000000000000e+00,-0.000000000000000000e+00,-3.600432016143192970e-02,-5.783052280854148602e-02,-0.000000000000000000e+00,0.000000000000000000e+00,0.000000000000000000e+00,-0.000000000000000000e+00,1.329051070732824913e+00,-0.000000000000000000e+00,-0.000000000000000000e+00,-0.000000000000000000e+00,-0.000000000000000000e+00,0.000000000000000000e+00,-0.000000000000000000e+00,-0.000000000000000000e+00,-2.452748527848435112e-01,-2.847432194300790198e-01
-0.000000000000000000e+00,0.000000000000000000e+00,-2.428605059809421651e-01,0.000000000000000000e+00,0.000000000000000000e+00,-0.000000000000000000e+00,0.000000000000000000e+00,0.000000000000000000e+00,-0.000000000000000000e+00,0.000000000000000000e+00,-2.965784775642527071e-02,0.000000000000000000e+00,0.000000000000000000e+00,-1.334087668639179214e-02,-0.000000000000000000e+00,-0.000000000000000000e+00,-0.000000000000000000e+00,-0.000000000000000000e+00,-0.000000000000000000e+00,-0.000000000000000000e+00,-0.000000000000000000e+00,-2.697831243148262614e-01,-0.000000000000000000e+00,0.000000000000000000e+00,-0.000000000000000000e+00,-0.000000000000000000e+00,-3.096881231843447158e-02,-1.773966670285627434e-01,-0.000000000000000000e+00,-0.000000000000000000e+00,1.415802473180231225e+00,-3.946497934605824320e-01,-0.000000000000000000e+00,-0.000000000000000000e+00,0.000000000000000000e+00,-1.132568819586786124e-01,0.000000000000000000e+00,0.000000000000000000e+00,0.000000000000000000e+00
0.000000000000000000e+00,5.707807639092884466e-01,-0.000000000000000000e+00,-0.000000000000000000e+00,-0.000000000000000000e+00,-0.000000000000000000e+00,0.000000000000000000e+00,0.000000000000000000e+00,-0.000000000000000000e+00,0.000000000000000000e+00,-3.312648229400458888e-01,0.000000000000000000e+00,0.000000000000000000e+00,-0.000000000000000000e+00,-0.000000000000000000e+00,-0.000000000000000000e+00,-0.000000000000000000e+00,-3.064727455564275269e-02,-0.000000000000000000e+00,-0.000000000000000000e+00,-0.000000000000000000e+00,-6.223573672122811179e-02,-0.000000000000000000e+00,0.000000000000000000e+00,-0.000000000000000000e+00,-0.000000000000000000e+00,-3.229750626659357859e-01,-0.000000000000000000e+00,-5.817141659790036473e-03,-0.000000000000000000e+00,-3.946497934605824320e-01,1.654894409108065734e+00,-0.000000000000000000e+00,-0.000000000000000000e+00,0.000000000000000000e+00,-5.927271936630235105e-02,0.000000000000000000e+00,-0.000000000000000000e+00,0.000000000000000000e+00
0.000000000000000000e+00,-0.000000000000000000e+00,-0.000000000000000000e+00,0.000000000000000000e+00,-0.000000000000000000e+00,0.000000000000000000e+00,2.263262066743798595e-02,1.975173483751451742e-01,-0.000000000000000000e+00,-2.243373376635867666e-01,-0.000000000000000000e+00,-0.000000000000000000e+00,-0.000000000000000000e+00,-0.000000000000000000e+00,-0.000000000000000000e+00,-1.072779273231523472e-01,-9.595996211212948213e-01,-7.973957988712446210e-02,-1.712314494535620568e-01,2.725579002732955725e-01,-3.555422276681823729e-02,0.000000000000000000e+00,-0.000000000000000000e+00,-0.000000000000000000e+00,-0.000000000000000000e+00,0.000000000000000000e+00,0.000000000000000000e+00,0.000000000000000000e+00,-0.000000000000000000e+00,-0.000000000000000000e+00,-0.000000000000000000e+00,-0.000000000000000000e+00,1.919423249162535372e+00,-0.000000000000000000e+00,0.000000000000000000e+00,-0.000000000000000000e+00,0.000000000000000000e+00,-0.000000000000000000e+00,-3.510149018310763230e-02
-0.000000000000000000e+00,-0.000000000000000000e+00,-0.000000000000000000e+00,-0.000000000000000000e+00,-5.277998457032733182e-01,0.000000000000000000e+00,0.000000000000000000e+00,-0.000000000000000000e+00,-6.277750516423575844e-01,-0.000000000000000000e+00,-0.000000000000000000e+00,-2.122564783805096500e-01,-0.000000000000000000e+00,-0.000000000000000000e+00,-4.038757201304893907e-01,-1.136935909114399901e-01,-2.236676297857968093e-02,-5.411078424743710480e-01,-0.000000000000000000e+00,-0.000000000000000000e+00,-0.000000000000000000e+00,-0.000000000000000000e+00,-0.000000000000000000e+00,-0.000000000000000000e+00,-4.582501853318923790e-02,-0.000000000000000000e+00,-0.000000000000000000e+00,-0.000000000000000000e+00,-0.000000000000000000e+00,-0.000000000000000000e+00,-0.000000000000000000e+00,-0.000000000000000000e+00,-0.000000000000000000e+00,2.422181325067691571e+00,0.000000000000000000e+00,-0.000000000000000000e+00,0.000000000000000000e+00,-5.363868121877440193e-02,-9.491099386147631989e-02
0.000000000000000000e+00,-0.000000000000000000e+00,0.000000000000000000e+00,-4.319978183870232247e-01,-0.000000000000000000e+00,-1.418128270015400483e-01,-0.000000000000000000e+00,0.000000000000000000e+00,0.000000000000000000e+00,0.000000000000000000e+00,4.911493889793863005e-02,0.000000000000000000e+00,0.000000000000000000e+00,-0.000000000000000000e+00,5.996591051892039559e-01,0.000000000000000000e+00,0.000000000000000000e+00,1.916709211692015080e-01,2.726437742980779566e-01,0.000000000000000000e+00,1.702741570807272398e-01,-0.000000000000000000e+00,-0.000000000000000000e+00,-2.292004276269327956e-01,0.000000000000000000e+00,-0.000000000000000000e+00,-0.000000000000000000e+00,1.276891012157774508e-01,0.000000000000000000e+00,0.000000000000000000e+00,0.000000000000000000e+00,0.000000000000000000e+00,0.000000000000000000e+00,0.000000000000000000e+00,2.071150056715346466e+00,0.000000000000000000e+00,0.000000000000000000e+00,0.000000000000000000e+00,0.000000000000000000e+00
-0.000000000000000000e+00,0.000000000000000000e+00,0.000000000000000000e+00,-0.000000000000000000e+00,-4.392527046023763648e-01,-1.823198996324031096e-02,-0.000000000000000000e+00,-0.000000000000000000e+00,-9.490563549037447921e-02,0.000000000000000000e+00,-0.000000000000000000e+00,0.000000000000000000e+00,0.000000000000000000e+00,-1.220868815884071715e-02,0.000000000000000000e+00,-0.000000000000000000e+00,-0.000000000000000000e+00,-0.000000000000000000e+00,0.000000000000000000e+00,-0.000000000000000000e+00,-0.000000000000000000e+00,-0.000000000000000000e+00,-0.000000000000000000e+00,-0.000000000000000000e+00,-0.000000000000000000e+00,-0.000000000000000000e+00,-2.991227057748975238e-01,-0.000000000000000000e+00,-0.000000000000000000e+00,-0.000000000000000000e+00,-1.132568819586786124e-01,-5.927271936630235105e-02,-0.000000000000000000e+00,-0.000000000000000000e+00,0.000000000000000000e+00,1.322178933923904509e+00,1.090486160506041469e-01,-0.000000000000000000e+00,0.000000000000000000e+00
-1.260979358504626079e-02,-0.000000000000000000e+00,-5.379917088628956290e-02,0.000000000000000000e+00,0.000000000000000000e+00,0.000000000000000000e+00,-0.000000000000000000e+00,9.068178916273877954e-02,0.000000000000000000e+00,-0.000000000000000000e+00,0.000000000000000000e+00,-0.000000000000000000e+00,-0.000000000000000000e+00,0.000000000000000000e+00,-0.000000000000000000e+00,-0.000000000000000000e+00,1.758059894018725033e-02,-0.000000000000000000e+00,-0.000000000000000000e+00,-0.000000000000000000e+00,-0.000000000000000000e+00,-0.000000000000000000e+00,-0.000000000000000000e+00,-0.000000000000000000e+00,-0.000000000000000000e+00,0.000000000000000000e+00,1.030822485038684344e-01,-0.000000000000000000e+00,-7.019229023700620552e-03,-0.000000000000000000e+00,0.000000000000000000e+00,0.000000000000000000e+00,0.000000000000000000e+00,0.000000000000000000e+00,0.000000000000000000e+00,1.090486160506041469e-01,1.043985848419353601e+00,-0.000000000000000000e+00,-0.000000000000000000e+00
-7.127183799067241532e-01,-0.000000000000000000e+00,0.000000000000000000e+00,0.000000000000000000e+00,-0.000000000000000000e+00,0.000000000000000000e+00,-0.000000000000000000e+00,-0.000000000000000000e+00,-5.171696928476819943e-01,-0.000000000000000000e+00,-0.000000000000000000e+00,-0.000000000000000000e+00,-0.000000000000000000e+00,-0.000000000000000000e+00,-0.000000000000000000e+00,-0.000000000000000000e+00,-0.000000000000000000e+00,-0.000000000000000000e+00,0.000000000000000000e+00,-0.000000000000000000e+00,0.000000000000000000e+00,0.000000000000000000e+00,-0.000000000000000000e+00,-0.000000000000000000e+00,-0.000000000000000000e+00,-1.454134391689720085e-01,0.000000000000000000e+00,0.000000000000000000e+00,-0.000000000000000000e+00,-2.452748527848435112e-01,0.000000000000000000e+00,-0.000000000000000000e+00,-0.000000000000000000e+00,-5.363868121877440193e-02,0.000000000000000000e+00,-0.000000000000000000e+00,-0.000000000000000000e+00,1.941375593185619808e+00,-1.616773479253416634e-01
-0.000000000000000000e+00,-6.462856523516299356e-01,0.000000000000000000e+00,2.137183160617307180e-03,-0.000000000000000000e+00,2.325086653539095438e-01,0.000000000000000000e+00,0.000000000000000000e+00,-1.629630014170646291e-01,-9.388233075086914736e-01,0.000000000000000000e+00,-9.046311177109511714e-02,-0.000000000000000000e+00,-0.000000000000000000e+00,-0.000000000000000000e+00,-1.470258228132368394e-01,-0.000000000000000000e+00,-0.000000000000000000e+00,-0.000000000000000000e+00,0.000000000000000000e+00,-0.000000000000000000e+00,0.000000000000000000e+00,-0.000000000000000000e+00,-0.000000000000000000e+00,-0.000000000000000000e+00,-0.000000000000000000e+00,1.044544909183256903e-01,0.000000000000000000e+00,-0.000000000000000000e+00,-2.847432194300790198e-01,0.000000000000000000e+00,0.000000000000000000e+00,-3.510149018310763230e-02,-9.491099386147631989e-02,0.000000000000000000e+00,0.000000000000000000e+00,-0.000000000000000000e+00,-1.616773479253416634e-01,2.621738832359427729e+00
