2.173407346673665419e+00,-7.563350213561040869e-01,0.000000000000000000e+00,-0.000000000000000000e+00,-0.000000000000000000e+00,-0.000000000000000000e+00,-0.000000000000000000e+00,0.000000000000000000e+00,-0.000000000000000000e+00,-1.807771612420585872e-01,0.000000000000000000e+00,-0.000000000000000000e+00,0.000000000000000000e+00,-0.000000000000000000e+00,-0.000000000000000000e+00,-1.516895670192734136e-01,-0.000000000000000000e+00,-0.000000000000000000e+00,-0.000000000000000000e+00,-0.000000000000000000e+00,-0.000000000000000000e+00,-1.371791641563542552e-01,-0.000000000000000000e+00,0.000000000000000000e+00,-0.000000000000000000e+00,-8.431343896782562963e-02,-0.000000000000000000e+00,0.000000000000000000e+00,-2.355400248364497018e-01,-6.920245030574730949e-01,0.000000000000000000e+00,-0.000000000000000000e+00,0.000000000000000000e+00,-0.000000000000000000e+00,0.000000000000000000e+00,-0.000000000000000000e+00,-0.000000000000000000e+00,-0.000000000000000000e+00,0.000000000000000000e+00
-7.563350213561040869e-01,2.150965172955084714e+00,0.000000000000000000e+00,-0.000000000000000000e+00,-0.000000000000000000e+00,-2.451003656703236444e-01,-0.000000000000000000e+00,-0.000000000000000000e+00,-0.000000000000000000e+00,-2.513800406868597070e-01,-0.000000000000000000e+00,-0.000000000000000000e+00,0.000000000000000000e+00,-0.000000000000000000e+00,-0.000000000000000000e+00,-2.692119111070488402e-01,-0.000000000000000000e+00,-0.000000000000000000e+00,-0.000000000000000000e+00,-0.000000000000000000e+00,-0.000000000000000000e+00,-2.079736837404141687e-03,-0.000000000000000000e+00,0.000000000000000000e+00,-0.000000000000000000e+00,0.000000000000000000e+00,-1.362808361832663351e-01,0.000000000000000000e+00,-0.000000000000000000e+00,-8.291741773643339364e-02,0.000000000000000000e+00,-1.421100556992856145e-01,3.991294233210922193e-02,-0.000000000000000000e+00,0.000000000000000000e+00,-2.847426411168496596e-01,-0.000000000000000000e+00,-0.000000000000000000e+00,-0.000000000000000000e+00
0.000000000000000000e+00,0.000000000000000000e+00,1.944789380642380161e+00,0.000000000000000000e+00,-3.500400903979303813e-01,0.000000000000000000e+00,-5.745661072650596474e-02,7.681109947503652613e-01,-0.000000000000000000e+00,0.000000000000000000e+00,-0.000000000000000000e+00,0.000000000000000000e+00,0.000000000000000000e+00,-0.000000000000000000e+00,6.386620483583156649e-02,0.000000000000000000e+00,-0.000000000000000000e+00,6.810190747512576137e-02,-0.000000000000000000e+00,4.516361307309327972e-02,0.000000000000000000e+00,0.000000000000000000e+00,-0.000000000000000000e+00,-2.247665976406977295e-01,-0.000000000000000000e+00,-3.654253162391947751e-01,-0.000000000000000000e+00,-1.112411361522023523e-01,-0.000000000000000000e+00,0.000000000000000000e+00,-2.068173326484235297e-01,0.000000000000000000e+00,-5.440557128958206645e-02,-0.000000000000000000e+00,-7.089460700943638061e-02,-0.000000000000000000e+00,0.000000000000000000e+00,0.000000000000000000e+00,0.000000000000000000e+00
-0.000000000000000000e+00,-0.000000000000000000e+00,0.000000000000000000e+00,1.078736839846325513e+00,-0.000000000000000000e+00,0.000000000000000000e+00,-1.578817215206997776e-02,0.000000000000000000e+00,-0.000000000000000000e+00,-1.157216469319475999e-01,-0.000000000000000000e+00,-0.000000000000000000e+00,0.000000000000000000e+00,0.000000000000000000e+00,-0.000000000000000000e+00,-0.000000000000000000e+00,-0.000000000000000000e+00,-1.538076931653798406e-02,-0.000000000000000000e+00,-5.354521059202043548e-02,-0.000000000000000000e+00,-0.000000000000000000e+00,0.000000000000000000e+00,-0.000000000000000000e+00,-0.000000000000000000e+00,-0.000000000000000000e+00,0.000000000000000000e+00,0.000000000000000000e+00,0.000000000000000000e+00,-0.000000000000000000e+00,-1.479915344532500565e-01,0.000000000000000000e+00,0.000000000000000000e+00,-1.203858748748099367e-01,0.000000000000000000e+00,-0.000000000000000000e+00,0.000000000000000000e+00,-2.414861354406968533e-03,-0.000000000000000000e+00
-0.000000000000000000e+00,-0.000000000000000000e+00,-3.500400903979303813e-01,-0.000000000000000000e+00,1.952273984479594438e+00,-0.000000000000000000e+00,-0.000000000000000000e+00,2.211448421281717869e-01,-0.000000000000000000e+00,-1.049899214728574059e-01,-0.000000000000000000e+00,0.000000000000000000e+00,0.000000000000000000e+00,-1.791819257763698492e-01,0.000000000000000000e+00,-0.000000000000000000e+00,-0.000000000000000000e+00,-0.000000000000000000e+00,-0.000000000000000000e+00,0.000000000000000000e+00,-0.000000000000000000e+00,0.000000000000000000e+00,-0.000000000000000000e+00,-0.000000000000000000e+00,-0.000000000000000000e+00,-0.000000000000000000e+00,-2.275367321304562762e-01,-0.000000000000000000e+00,0.000000000000000000e+00,-4.204471858478662366e-02,-5.002239364546846867e-02,-0.000000000000000000e+00,0.000000000000000000e+00,-6.613166215809930248e-01,-0.000000000000000000e+00,-0.000000000000000000e+00,-0.000000000000000000e+00,0.000000000000000000e+00,-0.000000000000000000e+00
-0.000000000000000000e+00,-2.451003656703236444e-01,0.000000000000000000e+00,0.000000000000000000e+00,-0.000000000000000000e+00,1.424573467119544246e+00,0.000000000000000000e+00,0.000000000000000000e+00,-0.000000000000000000e+00,-0.000000000000000000e+00,-6.825900874416546138e-02,-0.000000000000000000e+00,0.000000000000000000e+00,-0.000000000000000000e+00,-0.000000000000000000e+00,-0.000000000000000000e+00,-0.000000000000000000e+00,-2.117544796548377628e-01,-0.000000000000000000e+00,-0.000000000000000000e+00,-0.000000000000000000e+00,-0.000000000000000000e+00,-3.782200954878192634e-01,0.000000000000000000e+00,-0.000000000000000000e+00,0.000000000000000000e+00,-0.000000000000000000e+00,0.000000000000000000e+00,-0.000000000000000000e+00,-0.000000000000000000e+00,4.722205358215259691e-02,-0.000000000000000000e+00,0.000000000000000000e+00,-0.000000000000000000e+00,0.000000000000000000e+00,-1.738815117477171823e-01,-0.000000000000000000e+00,-0.000000000000000000e+00,-0.000000000000000000e+00
-0.000000000000000000e+00,-0.000000000000000000e+00,-5.745661072650596474e-02,-1.578817215206997776e-02,-0.000000000000000000e+00,0.000000000000000000e+00,1.317560192084226367e+00,-0.000000000000000000e+00,0.000000000000000000e+00,0.000000000000000000e+00,-0.000000000000000000e+00,2.955394020234514696e-01,-0.000000000000000000e+00,0.000000000000000000e+00,1.685955328765260663e-01,0.000000000000000000e+00,0.000000000000000000e+00,6.286303288093701702e-02,0.000000000000000000e+00,0.000000000000000000e+00,4.947009127834247483e-02,0.000000000000000000e+00,0.000000000000000000e+00,0.000000000000000000e+00,0.000000000000000000e+00,-0.000000000000000000e+00,-0.000000000000000000e+00,0.000000000000000000e+00,-0.000000000000000000e+00,-0.000000000000000000e+00,-1.823818374433838208e-01,0.000000000000000000e+00,6.685667461894279073e-02,-0.000000000000000000e+00,-0.000000000000000000e+00,0.000000000000000000e+00,1.820681919986771591e-01,0.000000000000000000e+00,0.000000000000000000e+00
0.000000000000000000e+00,-0.000000000000000000e+00,7.681109947503652613e-01,0.000000000000000000e+00,2.211448421281717869e-01,0.000000000000000000e+00,-0.000000000000000000e+00,2.503041666362557205e+00,3.289864829279517400e-01,0.000000000000000000e+00,2.950334855177257423e-02,0.000000000000000000e+00,-0.000000000000000000e+00,3.739364074284662331e-01,0.000000000000000000e+00,0.000000000000000000e+00,1.570321171880981886e-02,0.000000000000000000e+00,0.000000000000000000e+00,-0.000000000000000000e+00,0.000000000000000000e+00,-0.000000000000000000e+00,2.081569711030168135e-01,1.262312046073342797e-01,7.370511646116753579e-02,0.000000000000000000e+00,6.388690957320269925e-02,3.198659730709728644e-01,0.000000000000000000e+00,0.000000000000000000e+00,0.000000000000000000e+00,0.000000000000000000e+00,4.981063997079451106e-03,1.824465091694005558e-01,0.000000000000000000e+00,0.000000000000000000e+00,0.000000000000000000e+00,0.000000000000000000e+00,0.000000000000000000e+00
-0.000000000000000000e+00,-0.000000000000000000e+00,-0.000000000000000000e+00,-0.000000000000000000e+00,-0.000000000000000000e+00,-0.000000000000000000e+00,0.000000000000000000e+00,3.289864829279517400e-01,2.988567357176593386e+00,-2.360437429550996946e-01,-0.000000000000000000e+00,-2.538241012645167105e-01,0.000000000000000000e+00,-2.510386096973281078e-01,-3.435593028563101170e-02,-2.380717410357539587e-01,-0.000000000000000000e+00,-0.000000000000000000e+00,-4.121338222491511827e-01,-0.000000000000000000e+00,-0.000000000000000000e+00,-0.000000000000000000e+00,-0.000000000000000000e+00,-0.000000000000000000e+00,-0.000000000000000000e+00,-0.000000000000000000e+00,-2.700227685333138616e-01,-2.868533301594669016e-01,-0.000000000000000000e+00,-7.040117493639197477e-02,-0.000000000000000000e+00,-0.000000000000000000e+00,-0.000000000000000000e+00,-7.936666818192819051e-01,-0.000000000000000000e+00,-0.000000000000000000e+00,-0.000000000000000000e+00,-0.000000000000000000e+00,-1.881568470987226016e-01
-1.807771612420585872e-01,-2.513800406868597070e-01,0.000000000000000000e+00,-1.157216469319475999e-01,-1.049899214728574059e-01,-0.000000000000000000e+00,0.000000000000000000e+00,0.000000000000000000e+00,-2.360437429550996946e-01,2.535300326023758988e+00,-0.000000000000000000e+00,-0.000000000000000000e+00,0.000000000000000000e+00,-0.000000000000000000e+00,-0.000000000000000000e+00,-7.144714481491654112e-01,-0.000000000000000000e+00,-1.593191262566400479e-01,-0.000000000000000000e+00,-0.000000000000000000e+00,-0.000000000000000000e+00,-0.000000000000000000e+00,-6.145361612368587662e-02,0.000000000000000000e+00,-3.045149650935992658e-01,-0.000000000000000000e+00,-3.234806143269725043e-02,-0.000000000000000000e+00,-0.000000000000000000e+00,-1.129176699254481053e-01,-0.000000000000000000e+00,-3.008295806464367228e-01,0.000000000000000000e+00,-3.942905178658800969e-02,0.000000000000000000e+00,-9.429565411932931684e-02,-0.000000000000000000e+00,-0.000000000000000000e+00,-0.000000000000000000e+00
0.000000000000000000e+00,-0.000000000000000000e+00,-0.000000000000000000e+00,-0.000000000000000000e+00,-0.000000000000000000e+00,-6.825900874416546138e-02,-0.000000000000000000e+00,2.950334855177257423e-02,-0.000000000000000000e+00,-0.000000000000000000e+00,1.359267353416723001e+00,-0.000000000000000000e+00,0.000000000000000000e+00,-0.000000000000000000e+00,-0.000000000000000000e+00,-0.000000000000000000e+00,-5.901737302392664475e-01,-0.000000000000000000e+00,-0.000000000000000000e+00,0.000000000000000000e+00,-0.000000000000000000e+00,0.000000000000000000e+00,-0.000000000000000000e+00,-0.000000000000000000e+00,-0.000000000000000000e+00,-0.000000000000000000e+00,-1.767473996083502863e-01,-0.000000000000000000e+00,-0.000000000000000000e+00,-0.000000000000000000e+00,-0.000000000000000000e+00,-0.000000000000000000e+00,-0.000000000000000000e+00,-0.000000000000000000e+00,-2.665506346906161908e-02,-0.000000000000000000e+00,-0.000000000000000000e+00,-0.000000000000000000e+00,-2.677318801231267156e-02
-0.000000000000000000e+00,-0.000000000000000000e+00,0.000000000000000000e+00,-0.000000000000000000e+00,0.000000000000000000e+00,-0.000000000000000000e+00,2.955394020234514696e-01,0.000000000000000000e+00,-2.538241012645167105e-01,-0.000000000000000000e+00,-0.000000000000000000e+00,2.374985463449635681e+00,1.899706836734375848e-02,-0.000000000000000000e+00,-8.838289474108930177e-01,-0.000000000000000000e+00,-0.000000000000000000e+00,-2.810902975418648753e-01,-0.000000000000000000e+00,-0.000000000000000000e+00,-0.000000000000000000e+00,0.000000000000000000e+00,-0.000000000000000000e+00,-0.000000000000000000e+00,-6.029876704707770596e-02,8.056793154933937495e-02,-0.000000000000000000e+00,-0.000000000000000000e+00,0.000000000000000000e+00,-0.000000000000000000e+00,0.000000000000000000e+00,-8.057114107876123255e-02,-0.000000000000000000e+00,-0.000000000000000000e+00,0.000000000000000000e+00,-0.000000000000000000e+00,-0.000000000000000000e+00,-0.000000000000000000e+00,-5.048203130223436474e-01
0.000000000000000000e+00,0.000000000000000000e+00,0.000000000000000000e+00,0.000000000000000000e+00,0.000000000000000000e+00,0.000000000000000000e+00,-0.000000000000000000e+00,-0.000000000000000000e+00,0.000000000000000000e+00,0.000000000000000000e+00,0.000000000000000000e+00,1.899706836734375848e-02,1.380381750084482606e+00,-0.000000000000000000e+00,0.000000000000000000e+00,9.375863272263959547e-02,0.000000000000000000e+00,0.000000000000000000e+00,1.729119886977450726e-01,0.000000000000000000e+00,1.146592637541790083e-01,0.000000000000000000e+00,0.000000000000000000e+00,0.000000000000000000e+00,0.000000000000000000e+00,-0.000000000000000000e+00,1.741217672218062923e-02,-0.000000000000000000e+00,-1.619532239015189501e-01,0.000000000000000000e+00,3.141465006282535000e-01,2.789979564801691597e-02,-0.000000000000000000e+00,4.983566850403894910e-02,-0.000000000000000000e+00,0.000000000000000000e+00,3.467540012876475786e-02,-0.000000000000000000e+00,2.270168553741082895e-01
-0.000000000000000000e+00,-0.000000000000000000e+00,-0.000000000000000000e+00,0.000000000000000000e+00,-1.791819257763698492e-01,-0.000000000000000000e+00,0.000000000000000000e+00,3.739364074284662331e-01,-2.510386096973281078e-01,-0.000000000000000000e+00,-0.000000000000000000e+00,-0.000000000000000000e+00,-0.000000000000000000e+00,2.063988719499581848e+00,-0.000000000000000000e+00,-0.000000000000000000e+00,-3.529656396510703065e-01,-0.000000000000000000e+00,-0.000000000000000000e+00,0.000000000000000000e+00,-0.000000000000000000e+00,0.000000000000000000e+00,-3.160423528300743690e-01,-7.427599046780991587e-02,-2.532991667383869827e-01,-0.000000000000000000e+00,-0.000000000000000000e+00,-3.222586718164527908e-01,-0.000000000000000000e+00,-0.000000000000000000e+00,0.000000000000000000e+00,-0.000000000000000000e+00,-0.000000000000000000e+00,-0.000000000000000000e+00,-0.000000000000000000e+00,-0.000000000000000000e+00,-0.000000000000000000e+00,-0.000000000000000000e+00,-0.000000000000000000e+00
-0.000000000000000000e+00,-0.000000000000000000e+00,6.386620483583156649e-02,-0.000000000000000000e+00,0.000000000000000000e+00,-0.000000000000000000e+00,1.685955328765260663e-01,0.000000000000000000e+00,-3.435593028563101170e-02,-0.000000000000000000e+00,-0.000000000000000000e+00,-8.838289474108930177e-01,0.000000000000000000e+00,-0.000000000000000000e+00,2.361743857023600679e+00,-5.922307434238309465e-02,-0.000000000000000000e+00,-3.189290347736771780e-01,-8.649808777110724878e-02,-1.416846082273049978e-01,-4.408425099955984305e-01,-0.000000000000000000e+00,-0.000000000000000000e+00,-0.000000000000000000e+00,-0.000000000000000000e+00,0.000000000000000000e+00,-0.000000000000000000e+00,-0.000000000000000000e+00,-0.000000000000000000e+00,-0.000000000000000000e+00,0.000000000000000000e+00,-8.416797341439095914e-02,-0.000000000000000000e+00,-6.630322179611022881e-02,0.000000000000000000e+00,-0.000000000000000000e+00,-1.038683319775392383e-01,-0.000000000000000000e+00,-0.000000000000000000e+00
-1.516895670192734136e-01,-2.692119111070488402e-01,0.000000000000000000e+00,-0.000000000000000000e+00,-0.000000000000000000e+00,-0.000000000000000000e+00,0.000000000000000000e+00,0.000000000000000000e+00,-2.380717410357539587e-01,-7.144714481491654112e-01,-0.000000000000000000e+00,-0.000000000000000000e+00,9.375863272263959547e-02,-0.000000000000000000e+00,-5.922307434238309465e-02,2.902571117073459828e+00,-0.000000000000000000e+00,-2.095278134026354599e-01,-2.621340373688040848e-01,-0.000000000000000000e+00,-4.077901292308298148e-02,-0.000000000000000000e+00,-1.947545043964661049e-01,-0.000000000000000000e+00,-1.264735142398942247e-01,0.000000000000000000e+00,-4.823471550445829897e-02,-0.000000000000000000e+00,-0.000000000000000000e+00,-3.343608078503478298e-01,-0.000000000000000000e+00,-2.775354557221741958e-01,0.000000000000000000e+00,-1.438939276652650423e-01,0.000000000000000000e+00,-9.805833374582334505e-02,-0.000000000000000000e+00,-0.000000000000000000e+00,-0.000000000000000000e+00
-0.000000000000000000e+00,-0.000000000000000000e+00,-0.000000000000000000e+00,-0.000000000000000000e+00,-0.000000000000000000e+00,-0.000000000000000000e+00,0.000000000000000000e+00,1.570321171880981886e-02,-0.000000000000000000e+00,-0.000000000000000000e+00,-5.901737302392664475e-01,-0.000000000000000000e+00,0.000000000000000000e+00,-3.529656396510703065e-01,-0.000000000000000000e+00,-0.000000000000000000e+00,1.458872546247264479e+00,-0.000000000000000000e+00,-0.000000000000000000e+00,0.000000000000000000e+00,-0.000000000000000000e+00,1.532841854055642383e-01,-0.000000000000000000e+00,-0.000000000000000000e+00,-0.000000000000000000e+00,-0.000000000000000000e+00,-0.000000000000000000e+00,-0.000000000000000000e+00,-0.000000000000000000e+00,-0.000000000000000000e+00,-0.000000000000000000e+00,-1.165380149671938897e-01,-0.000000000000000000e+00,-0.000000000000000000e+00,-0.000000000000000000e+00,0.000000000000000000e+00,-0.000000000000000000e+00,-0.000000000000000000e+00,-4.262352703135974426e-03
-0.000000000000000000e+00,-0.000000000000000000e+00,6.810190747512576137e-02,-1.538076931653798406e-02,-0.000000000000000000e+00,-2.117544796548377628e-01,6.286303288093701702e-02,0.000000000000000000e+00,-0.000000000000000000e+00,-1.593191262566400479e-01,-0.000000000000000000e+00,-2.810902975418648753e-01,0.000000000000000000e+00,-0.000000000000000000e+00,-3.189290347736771780e-01,-2.095278134026354599e-01,-0.000000000000000000e+00,2.134326795088070661e+00,-3.985267110728489270e-01,-2.292624495640534308e-03,-1.261481509831502146e-01,-0.000000000000000000e+00,-0.000000000000000000e+00,-0.000000000000000000e+00,-1.700783951160294016e-01,0.000000000000000000e+00,-0.000000000000000000e+00,-0.000000000000000000e+00,-0.000000000000000000e+00,-4.348427243539335074e-02,7.324904502258136607e-02,-0.000000000000000000e+00,-0.000000000000000000e+00,-0.000000000000000000e+00,0.000000000000000000e+00,-1.137648510490050641e-01,-0.000000000000000000e+00,-2.404207139515122382e-01,-0.000000000000000000e+00
-0.000000000000000000e+00,-0.000000000000000000e+00,-0.000000000000000000e+00,-0.000000000000000000e+00,-0.000000000000000000e+00,-0.000000000000000000e+00,0.000000000000000000e+00,0.000000000000000000e+00,-4.121338222491511827e-01,-0.000000000000000000e+00,-0.000000000000000000e+00,-0.000000000000000000e+00,1.729119886977450726e-01,-0.000000000000000000e+00,-8.649808777110724878e-02,-2.621340373688040848e-01,-0.000000000000000000e+00,-3.985267110728489270e-01,2.308637164034193834e+00,-1.020049563635731238e-01,-4.501387775048475426e-01,-1.768670407255709121e-01,-0.000000000000000000e+00,-0.000000000000000000e+00,-0.000000000000000000e+00,-0.000000000000000000e+00,-0.000000000000000000e+00,-1.083328226316439685e-01,-0.000000000000000000e+00,-0.000000000000000000e+00,-0.000000000000000000e+00,-0.000000000000000000e+00,-3.537932943377453815e-02,-0.000000000000000000e+00,-0.000000000000000000e+00,-0.000000000000000000e+00,-1.454266215338029244e-01,-2.001814263787080050e-02,-1.127465546148475883e-01
-0.000000000000000000e+00,-0.000000000000000000e+00,4.516361307309327972e-02,-5.354521059202043548e-02,0.000000000000000000e+00,-0.000000000000000000e+00,0.000000000000000000e+00,-0.000000000000000000e+00,-0.000000000000000000e+00,-0.000000000000000000e+00,0.000000000000000000e+00,-0.000000000000000000e+00,0.000000000000000000e+00,0.000000000000000000e+00,-1.416846082273049978e-01,-0.000000000000000000e+00,0.000000000000000000e+00,-2.292624495640534308e-03,-1.020049563635731238e-01,1.533696097082908771e+00,-2.740866138071811897e-01,-6.514355141402228266e-01,0.000000000000000000e+00,0.000000000000000000e+00,-0.000000000000000000e+00,0.000000000000000000e+00,-0.000000000000000000e+00,0.000000000000000000e+00,0.000000000000000000e+00,-0.000000000000000000e+00,-0.000000000000000000e+00,-0.000000000000000000e+00,-0.000000000000000000e+00,-0.000000000000000000e+00,-0.000000000000000000e+00,-0.000000000000000000e+00,-0.000000000000000000e+00,-0.000000000000000000e+00,-0.000000000000000000e+00
-0.000000000000000000e+00,-0.000000000000000000e+00,0.000000000000000000e+00,-0.000000000000000000e+00,-0.000000000000000000e+00,-0.000000000000000000e+00,4.947009127834247483e-02,0.000000000000000000e+00,-0.000000000000000000e+00,-0.000000000000000000e+00,-0.000000000000000000e+00,-0.000000000000000000e+00,1.146592637541790083e-01,-0.000000000000000000e+00,-4.408425099955984305e-01,-4.077901292308298148e-02,-0.000000000000000000e+00,-1.261481509831502146e-01,-4.501387775048475426e-01,-2.740866138071811897e-01,2.532913572943466196e+00,-0.000000000000000000e+00,-5.453116972218193664e-02,-0.000000000000000000e+00,-1.650486583915768690e-01,0.000000000000000000e+00,-0.000000000000000000e+00,-0.000000000000000000e+00,0.000000000000000000e+00,-0.000000000000000000e+00,0.000000000000000000e+00,-0.000000000000000000e+00,-0.000000000000000000e+00,-0.000000000000000000e+00,-0.000000000000000000e+00,-1.619744720282069450e-02,-6.123907083673838514e-01,-0.000000000000000000e+00,-4.138183282908544647e-01
-1.371791641563542552e-01,-2.079736837404141687e-03,0.000000000000000000e+00,-0.000000000000000000e+00,0.000000000000000000e+00,-0.000000000000000000e+00,0.000000000000000000e+00,-0.000000000000000000e+00,-0.000000000000000000e+00,-0.000000000000000000e+00,0.000000000000000000e+00,0.000000000000000000e+00,0.000000000000000000e+00,0.000000000000000000e+00,-0.000000000000000000e+00,-0.000000000000000000e+00,1.532841854055642383e-01,-0.000000000000000000e+00,-1.768670407255709121e-01,-6.514355141402228266e-01,-0.000000000000000000e+00,1.458537668608842486e+00,0.000000000000000000e+00,0.000000000000000000e+00,0.000000000000000000e+00,-0.000000000000000000e+00,-0.000000000000000000e+00,0.000000000000000000e+00,-0.000000000000000000e+00,-0.000000000000000000e+00,-0.000000000000000000e+00,-0.000000000000000000e+00,-0.000000000000000000e+00,0.000000000000000000e+00,-0.000000000000000000e+00,-0.000000000000000000e+00,-2.942194311609625662e-03,-1.248638650580564946e-01,-0.000000000000000000e+00
-0.000000000000000000e+00,-0.000000000000000000e+00,-0.000000000000000000e+00,0.000000000000000000e+00,-0.000000000000000000e+00,-3.782200954878192634e-01,0.000000000000000000e+00,2.081569711030168135e-01,-0.000000000000000000e+00,-6.145361612368587662e-02,-0.000000000000000000e+00,-0.000000000000000000e+00,0.000000000000000000e+00,-3.160423528300743690e-01,-0.000000000000000000e+00,-1.947545043964661049e-01,-0.000000000000000000e+00,-0.000000000000000000e+00,-0.000000000000000000e+00,0.000000000000000000e+00,-5.453116972218193664e-02,0.000000000000000000e+00,2.513285471293679851e+00,-0.000000000000000000e+00,-1.081066499637244771e+00,0.000000000000000000e+00,-3.245349703287876524e-03,-0.000000000000000000e+00,-0.000000000000000000e+00,-0.000000000000000000e+00,0.000000000000000000e+00,-1.515353341191642833e-01,-0.000000000000000000e+00,-0.000000000000000000e+00,0.000000000000000000e+00,-8.218857012386213134e-03,-0.000000000000000000e+00,-0.000000000000000000e+00,-9.988372208428117349e-02
0.000000000000000000e+00,0.000000000000000000e+00,-2.247665976406977295e-01,-0.000000000000000000e+00,-0.000000000000000000e+00,0.000000000000000000e+00,0.000000000000000000e+00,1.262312046073342797e-01,-0.000000000000000000e+00,0.000000000000000000e+00,-0.000000000000000000e+00,-0.000000000000000000e+00,0.000000000000000000e+00,-7.427599046780991587e-02,-0.000000000000000000e+00,-0.000000000000000000e+00,-0.000000000000000000e+00,-0.000000000000000000e+00,-0.000000000000000000e+00,0.000000000000000000e+00,-0.000000000000000000e+00,0.000000000000000000e+00,-0.000000000000000000e+00,1.223679470903572764e+00,-1.588324479334268791e-01,-0.000000000000000000e+00,-0.000000000000000000e+00,-0.000000000000000000e+00,0.000000000000000000e+00,0.000000000000000000e+00,-0.000000000000000000e+00,0.000000000000000000e+00,-1.120542826720749979e-01,-0.000000000000000000e+00,-0.000000000000000000e+00,-0.000000000000000000e+00,0.000000000000000000e+00,-2.348629408287637027e-02,-0.000000000000000000e+00
-0.000000000000000000e+00,-0.000000000000000000e+00,-0.000000000000000000e+00,-0.000000000000000000e+00,-0.000000000000000000e+00,-0.000000000000000000e+00,0.000000000000000000e+00,7.370511646116753579e-02,-0.000000000000000000e+00,-3.045149650935992658e-01,-0.000000000000000000e+00,-6.029876704707770596e-02,0.000000000000000000e+00,-2.532991667383869827e-01,-0.000000000000000000e+00,-1.264735142398942247e-01,-0.000000000000000000e+00,-1.700783951160294016e-01,-0.000000000000000000e+00,-0.000000000000000000e+00,-1.650486583915768690e-01,0.000000000000000000e+00,-1.081066499637244771e+00,-1.588324479334268791e-01,2.421613961046201968e+00,0.000000000000000000e+00,-0.000000000000000000e+00,-0.000000000000000000e+00,-0.000000000000000000e+00,-0.000000000000000000e+00,0.000000000000000000e+00,-0.000000000000000000e+00,-0.000000000000000000e+00,-0.000000000000000000e+00,0.000000000000000000e+00,-0.000000000000000000e+00,-0.000000000000000000e+00,-0.000000000000000000e+00,-5.648072941890317986e-03
-8.431343896782562963e-02,0.000000000000000000e+00,-3.654253162391947751e-01,-0.000000000000000000e+00,-0.000000000000000000e+00,0.000000000000000000e+00,-0.000000000000000000e+00,0.000000000000000000e+00,-0.000000000000000000e+00,-0.000000000000000000e+00,-0.000000000000000000e+00,8.056793154933937495e-02,-0.000000000000000000e+00,-0.000000000000000000e+00,0.000000000000000000e+00,0.000000000000000000e+00,-0.000000000000000000e+00,0.000000000000000000e+00,-0.000000000000000000e+00,0.000000000000000000e+00,0.000000000000000000e+00,-0.000000000000000000e+00,0.000000000000000000e+00,-0.000000000000000000e+00,0.000000000000000000e+00,1.354404746661877379e+00,-0.000000000000000000e+00,-0.000000000000000000e+00,-2.969329744514072611e-01,-0.000000000000000000e+00,-0.000000000000000000e+00,0.000000000000000000e+00,-1.222328540345862524e-01,-0.000000000000000000e+00,-2.062767966352394844e-01,-0.000000000000000000e+00,0.000000000000000000e+00,-1.501926044095154289e-01,0.000000000000000000e+00
-0.000000000000000000e+00,-1.362808361832663351e-01,-0.000000000000000000e+00,0.000000000000000000e+00,-2.275367321304562762e-01,-0.000000000000000000e+00,-0.000000000000000000e+00,6.388690957320269925e-02,-2.700227685333138616e-01,-3.234806143269725043e-02,-1.767473996083502863e-01,-0.000000000000000000e+00,1.741217672218062923e-02,-0.000000000000000000e+00,-0.000000000000000000e+00,-4.823471550445829897e-02,-0.000000000000000000e+00,-0.000000000000000000e+00,-0.000000000000000000e+00,-0.000000000000000000e+00,-0.000000000000000000e+00,-0.000000000000000000e+00,-3.245349703287876524e-03,-0.000000000000000000e+00,-0.000000000000000000e+00,-0.000000000000000000e+00,1.881292881175025578e+00,-0.000000000000000000e+00,0.000000000000000000e+00,-0.000000000000000000e+00,-9.665488748131008390e-02,-3.670274021961523747e-01,-0.000000000000000000e+00,-1.073761259454204531e-01,-0.000000000000000000e+00,-1.122441280092857374e-01,-5.576544408277116227e-03,-0.000000000000000000e+00,-2.579773707285330508e-01
0.000000000000000000e+00,0.000000000000000000e+00,-1.112411361522023523e-01,0.000000000000000000e+00,-0.000000000000000000e+00,0.000000000000000000e+00,0.000000000000000000e+00,3.198659730709728644e-01,-2.868533301594669016e-01,-0.000000000000000000e+00,-0.000000000000000000e+00,-0.000000000000000000e+00,-0.000000000000000000e+00,-3.222586718164527908e-01,-0.000000000000000000e+00,-0.000000000000000000e+00,-0.000000000000000000e+00,-0.000000000000000000e+00,-1.083328226316439685e-01,0.000000000000000000e+00,-0.000000000000000000e+00,0.000000000000000000e+00,-0.000000000000000000e+00,-0.000000000000000000e+00,-0.000000000000000000e+00,-0.000000000000000000e+00,-0.000000000000000000e+00,2.040817915869073573e+00,-0.000000000000000000e+00,0.000000000000000000e+00,0.000000000000000000e+00,-0.000000000000000000e+00,-7.602547583363984396e-01,-0.000000000000000000e+00,-5.820958277331932107e-02,-0.000000000000000000e+00,-3.390159603281867745e-02,-0.000000000000000000e+00,-0.000000000000000000e+00
-2.355400248364497018e-01,-0.000000000000000000e+00,-0.000000000000000000e+00,0.000000000000000000e+00,0.000000000000000000e+00,-0.000000000000000000e+00,-0.000000000000000000e+00,0.000000000000000000e+00,-0.000000000000000000e+00,-0.000000000000000000e+00,-0.000000000000000000e+00,0.000000000000000000e+00,-1.619532239015189501e-01,-0.000000000000000000e+00,-0.000000000000000000e+00,-0.000000000000000000e+00,-0.000000000000000000e+00,-0.000000000000000000e+00,-0.000000000000000000e+00,0.000000000000000000e+00,0.000000000000000000e+00,-0.000000000000000000e+00,-0.000000000000000000e+00,0.000000000000000000e+00,-0.000000000000000000e+00,-2.969329744514072611e-01,0.000000000000000000e+00,-0.000000000000000000e+00,1.251817597023479278e+00,-1.467437948568754182e-02,1.816307689358493405e-01,-0.000000000000000000e+00,-2.056004704559493690e-01,0.000000000000000000e+00,-0.000000000000000000e+00,-0.000000000000000000e+00,-0.000000000000000000e+00,-0.000000000000000000e+00,0.000000000000000000e+00
-6.920245030574730949e-01,-8.291741773643339364e-02,0.000000000000000000e+00,-0.000000000000000000e+00,-4.204471858478662366e-02,-0.000000000000000000e+00,-0.000000000000000000e+00,0.000000000000000000e+00,-7.040117493639197477e-02,-1.129176699254481053e-01,-0.000000000000000000e+00,-0.000000000000000000e+00,0.000000000000000000e+00,-0.000000000000000000e+00,-0.000000000000000000e+00,-3.343608078503478298e-01,-0.000000000000000000e+00,-4.348427243539335074e-02,-0.000000000000000000e+00,-0.000000000000000000e+00,-0.000000000000000000e+00,-0.000000000000000000e+00,-0.000000000000000000e+00,0.000000000000000000e+00,-0.000000000000000000e+00,-0.000000000000000000e+00,-0.000000000000000000e+00,0.000000000000000000e+00,-1.467437948568754182e-02,1.749514486166431793e+00,-0.000000000000000000e+00,-0.000000000000000000e+00,0.000000000000000000e+00,-8.200531081328328240e-03,0.000000000000000000e+00,-0.000000000000000000e+00,-0.000000000000000000e+00,-0.000000000000000000e+00,0.000000000000000000e+00
0.000000000000000000e+00,0.000000000000000000e+00,-2.068173326484235297e-01,-1.479915344532500565e-01,-5.002239364546846867e-02,4.722205358215259691e-02,-1.823818374433838208e-01,0.000000000000000000e+00,-0.000000000000000000e+00,-0.000000000000000000e+00,-0.000000000000000000e+00,0.000000000000000000e+00,3.141465006282535000e-01,0.000000000000000000e+00,0.000000000000000000e+00,-0.000000000000000000e+00,-0.000000000000000000e+00,7.324904502258136607e-02,-0.000000000000000000e+00,-0.000000000000000000e+00,0.000000000000000000e+00,-0.000000000000000000e+00,0.000000000000000000e+00,-0.000000000000000000e+00,0.000000000000000000e+00,-0.000000000000000000e+00,-9.665488748131008390e-02,0.000000000000000000e+00,1.816307689358493405e-01,-0.000000000000000000e+00,1.238967273946098180e+00,0.000000000000000000e+00,0.000000000000000000e+00,-0.000000000000000000e+00,-0.000000000000000000e+00,0.000000000000000000e+00,0.000000000000000000e+00,-0.000000000000000000e+00,-0.000000000000000000e+00
-0.000000000000000000e+00,-1.421100556992856145e-01,0.000000000000000000e+00,0.000000000000000000e+00,-0.000000000000000000e+00,-0.000000000000000000e+00,0.000000000000000000e+00,0.000000000000000000e+00,-0.000000000000000000e+00,-3.008295806464367228e-01,-0.000000000000000000e+00,-8.057114107876123255e-02,2.789979564801691597e-02,-0.000000000000000000e+00,-8.416797341439095914e-02,-2.775354557221741958e-01,-1.165380149671938897e-01,-0.000000000000000000e+00,-0.000000000000000000e+00,-0.000000000000000000e+00,-0.000000000000000000e+00,-0.000000000000000000e+00,-1.515353341191642833e-01,0.000000000000000000e+00,-0.000000000000000000e+00,0.000000000000000000e+00,-3.670274021961523747e-01,-0.000000000000000000e+00,-0.000000000000000000e+00,-0.000000000000000000e+00,0.000000000000000000e+00,2.276147814774199141e+00,-0.000000000000000000e+00,-0.000000000000000000e+00,0.000000000000000000e+00,-0.000000000000000000e+00,-5.206344161811873317e-01,-0.000000000000000000e+00,-3.064222364740230020e-01
0.000000000000000000e+00,3.991294233210922193e-02,-5.440557128958206645e-02,0.000000000000000000e+00,0.000000000000000000e+00,0.000000000000000000e+00,6.685667461894279073e-02,4.981063997079451106e-03,-0.000000000000000000e+00,0.000000000000000000e+00,-0.000000000000000000e+00,-0.000000000000000000e+00,-0.000000000000000000e+00,-0.000000000000000000e+00,-0.000000000000000000e+00,0.000000000000000000e+00,-0.000000000000000000e+00,-0.000000000000000000e+00,-3.537932943377453815e-02,-0.000000000000000000e+00,-0.000000000000000000e+00,-0.000000000000000000e+00,-0.000000000000000000e+00,-1.120542826720749979e-01,-0.000000000000000000e+00,-1.222328540345862524e-01,-0.000000000000000000e+00,-7.602547583363984396e-01,-2.056004704559493690e-01,0.000000000000000000e+00,0.000000000000000000e+00,-0.000000000000000000e+00,1.642910003859771262e+00,-0.000000000000000000e+00,-2.921673645513631068e-02,-0.000000000000000000e+00,-1.428383296390992041e-01,-3.026480120838596216e-02,-0.000000000000000000e+00
-0.000000000000000000e+00,-0.000000000000000000e+00,-0.000000000000000000e+00,-1.203858748748099367e-01,-6.613166215809930248e-01,-0.000000000000000000e+00,-0.000000000000000000e+00,1.824465091694005558e-01,-7.936666818192819051e-01,-3.942905178658800969e-02,-0.000000000000000000e+00,-0.000000000000000000e+00,4.983566850403894910e-02,-0.000000000000000000e+00,-6.630322179611022881e-02,-1.438939276652650423e-01,-0.000000000000000000e+00,-0.000000000000000000e+00,-0.000000000000000000e+00,-0.000000000000000000e+00,-0.000000000000000000e+00,0.000000000000000000e+00,-0.000000000000000000e+00,-0.000000000000000000e+00,-0.000000000000000000e+00,-0.000000000000000000e+00,-1.073761259454204531e-01,-0.000000000000000000e+00,0.000000000000000000e+00,-8.200531081328328240e-03,-0.000000000000000000e+00,-0.000000000000000000e+00,-0.000000000000000000e+00,2.245340041020218003e+00,0.000000000000000000e+00,-0.000000000000000000e+00,-0.000000000000000000e+00,0.000000000000000000e+00,-0.000000000000000000e+00
0.000000000000000000e+00,0.000000000000000000e+00,-7.089460700943638061e-02,0.000000000000000000e+00,-0.000000000000000000e+00,0.000000000000000000e+00,-0.000000000000000000e+00,0.000000000000000000e+00,-0.000000000000000000e+00,0.000000000000000000e+00,-2.665506346906161908e-02,0.000000000000000000e+00,-0.000000000000000000e+00,-0.000000000000000000e+00,0.000000000000000000e+00,0.000000000000000000e+00,-0.000000000000000000e+00,0.000000000000000000e+00,-0.000000000000000000e+00,-0.000000000000000000e+00,-0.000000000000000000e+00,-0.000000000000000000e+00,0.000000000000000000e+00,-0.000000000000000000e+00,0.000000000000000000e+00,-2.062767966352394844e-01,-0.000000000000000000e+00,-5.820958277331932107e-02,-0.000000000000000000e+00,0.000000000000000000e+00,-0.000000000000000000e+00,0.000000000000000000e+00,-2.921673645513631068e-02,0.000000000000000000e+00,1.087150593336203119e+00,0.000000000000000000e+00,-0.000000000000000000e+00,-6.678553149811937428e-02,-0.000000000000000000e+00
-0.000000000000000000e+00,-2.847426411168496596e-01,-0.000000000000000000e+00,-0.000000000000000000e+00,-0.000000000000000000e+00,-1.738815117477171823e-01,0.000000000000000000e+00,0.000000000000000000e+00,-0.000000000000000000e+00,-9.429565411932931684e-02,-0.000000000000000000e+00,-0.000000000000000000e+00,0.000000000000000000e+00,-0.000000000000000000e+00,-0.000000000000000000e+00,-9.805833374582334505e-02,0.000000000000000000e+00,-1.137648510490050641e-01,-0.000000000000000000e+00,-0.000000000000000000e+00,-1.619744720282069450e-02,-0.000000000000000000e+00,-8.218857012386213134e-03,-0.000000000000000000e+00,-0.000000000000000000e+00,-0.000000000000000000e+00,-1.122441280092857374e-01,-0.000000000000000000e+00,-0.000000000000000000e+00,-0.000000000000000000e+00,0.000000000000000000e+00,-0.000000000000000000e+00,-0.000000000000000000e+00,-0.000000000000000000e+00,0.000000000000000000e+00,1.339276679210261500e+00,-0.000000000000000000e+00,-0.000000000000000000e+00,-0.000000000000000000e+00
-0.000000000000000000e+00,-0.000000000000000000e+00,0.000000000000000000e+00,0.000000000000000000e+00,-0.000000000000000000e+00,-0.000000000000000000e+00,1.820681919986771591e-01,0.000000000000000000e+00,-0.000000000000000000e+00,-0.000000000000000000e+00,-0.000000000000000000e+00,-0.000000000000000000e+00,3.467540012876475786e-02,-0.000000000000000000e+00,-1.038683319775392383e-01,-0.000000000000000000e+00,-0.000000000000000000e+00,-0.000000000000000000e+00,-1.454266215338029244e-01,-0.000000000000000000e+00,-6.123907083673838514e-01,-2.942194311609625662e-03,-0.000000000000000000e+00,0.000000000000000000e+00,-0.000000000000000000e+00,0.000000000000000000e+00,-5.576544408277116227e-03,-3.390159603281867745e-02,-0.000000000000000000e+00,-0.000000000000000000e+00,0.000000000000000000e+00,-5.206344161811873317e-01,-1.428383296390992041e-01,-0.000000000000000000e+00,-0.000000000000000000e+00,-0.000000000000000000e+00,1.934255753347281948e+00,-0.000000000000000000e+00,-1.539190342308056902e-02
-0.000000000000000000e+00,-0.000000000000000000e+00,0.000000000000000000e+00,-2.414861354406968533e-03,0.000000000000000000e+00,-0.000000000000000000e+00,0.000000000000000000e+00,0.000000000000000000e+00,-0.000000000000000000e+00,-0.000000000000000000e+00,-0.000000000000000000e+00,-0.000000000000000000e+00,-0.000000000000000000e+00,-0.000000000000000000e+00,-0.000000000000000000e+00,-0.000000000000000000e+00,-0.000000000000000000e+00,-2.404207139515122382e-01,-2.001814263787080050e-02,-0.000000000000000000e+00,-0.000000000000000000e+00,-1.248638650580564946e-01,-0.000000000000000000e+00,-2.348629408287637027e-02,-0.000000000000000000e+00,-1.501926044095154289e-01,-0.000000000000000000e+00,-0.000000000000000000e+00,-0.000000000000000000e+00,-0.000000000000000000e+00,-0.000000000000000000e+00,-0.000000000000000000e+00,-3.026480120838596216e-02,0.000000000000000000e+00,-6.678553149811937428e-02,-0.000000000000000000e+00,-0.000000000000000000e+00,1.140593640073444881e+00,-0.000000000000000000e+00
0.000000000000000000e+00,-0.000000000000000000e+00,0.000000000000000000e+00,-0.000000000000000000e+00,-0.000000000000000000e+00,-0.000000000000000000e+00,0.000000000000000000e+00,0.000000000000000000e+00,-1.881568470987226016e-01,-0.000000000000000000e+00,-2.677318801231267156e-02,-5.048203130223436474e-01,2.270168553741082895e-01,-0.000000000000000000e+00,-0.000000000000000000e+00,-0.000000000000000000e+00,-4.262352703135974426e-03,-0.000000000000000000e+00,-1.127465546148475883e-01,-0.000000000000000000e+00,-4.138183282908544647e-01,-0.000000000000000000e+00,-9.988372208428117349e-02,-0.000000000000000000e+00,-5.648072941890317986e-03,0.000000000000000000e+00,-2.579773707285330508e-01,-0.000000000000000000e+00,0.000000000000000000e+00,0.000000000000000000e+00,-0.000000000000000000e+00,-3.064222364740230020e-01,-0.000000000000000000e+00,-0.000000000000000000e+00,-0.000000000000000000e+00,-0.000000000000000000e+00,-1.539190342308056902e-02,-0.000000000000000000e+00,2.161160468916186517e+00
