1.596638628209264388e+00,-2.789134504340916587e-01,-7.412766445033153184e-02,-0.000000000000000000e+00,-1.227123950868561075e-01,-0.000000000000000000e+00,-0.000000000000000000e+00,0.000000000000000000e+00,-4.920802372191468432e-02,-4.166730314959960629e-02,-0.000000000000000000e+00,-1.401404355100109448e-03,-0.000000000000000000e+00,-0.000000000000000000e+00,0.000000000000000000e+00,-0.000000000000000000e+00,-6.346945711703341764e-02,-0.000000000000000000e+00,-0.000000000000000000e+00,-0.000000000000000000e+00,0.000000000000000000e+00,-0.000000000000000000e+00,-0.000000000000000000e+00,-0.000000000000000000e+00,-0.000000000000000000e+00,-3.219154906660197987e-03,-9.504873839255655044e-02,-0.000000000000000000e+00,0.000000000000000000e+00,-0.000000000000000000e+00,-2.434697487659606696e-02,-0.000000000000000000e+00,0.000000000000000000e+00,-0.000000000000000000e+00,-1.544888243549358553e-01,-0.000000000000000000e+00,-0.000000000000000000e+00,-2.938477312035218114e-01,-3.718466802938922289e-01
-2.789134504340916587e-01,2.274841103415928156e+00,-0.000000000000000000e+00,-0.000000000000000000e+00,-0.000000000000000000e+00,-0.000000000000000000e+00,-0.000000000000000000e+00,1.948314797128377629e-01,-0.000000000000000000e+00,-1.625160041581871773e-01,-0.000000000000000000e+00,-0.000000000000000000e+00,-6.708864677601360238e-02,-0.000000000000000000e+00,0.000000000000000000e+00,-0.000000000000000000e+00,-0.000000000000000000e+00,-0.000000000000000000e+00,-0.000000000000000000e+00,-0.000000000000000000e+00,0.000000000000000000e+00,-0.000000000000000000e+00,-3.313034961473646511e-01,0.000000000000000000e+00,-0.000000000000000000e+00,-0.000000000000000000e+00,-4.186494718658950176e-01,0.000000000000000000e+00,0.000000000000000000e+00,-0.000000000000000000e+00,-0.000000000000000000e+00,-0.000000000000000000e+00,0.000000000000000000e+00,0.000000000000000000e+00,-1.912625341065384288e-01,-2.079774269570881240e-01,-8.736000381481186239e-02,-0.000000000000000000e+00,-4.402978623894254762e-01
-7.412766445033153184e-02,-0.000000000000000000e+00,1.744619942738028451e+00,-0.000000000000000000e+00,-5.534209280536795950e-01,-0.000000000000000000e+00,-0.000000000000000000e+00,4.916577131460331263e-01,-0.000000000000000000e+00,-7.241183100868973758e-03,-0.000000000000000000e+00,-0.000000000000000000e+00,-0.000000000000000000e+00,-1.170102994732510060e-01,0.000000000000000000e+00,-0.000000000000000000e+00,-0.000000000000000000e+00,-0.000000000000000000e+00,-8.203499667110021598e-02,-0.000000000000000000e+00,-0.000000000000000000e+00,-1.764471270176476425e-01,-0.000000000000000000e+00,-0.000000000000000000e+00,-0.000000000000000000e+00,-0.000000000000000000e+00,-0.000000000000000000e+00,0.000000000000000000e+00,0.000000000000000000e+00,-0.000000000000000000e+00,-0.000000000000000000e+00,-0.000000000000000000e+00,-0.000000000000000000e+00,-0.000000000000000000e+00,-0.000000000000000000e+00,-0.000000000000000000e+00,-1.395473104252736019e-01,-0.000000000000000000e+00,-0.000000000000000000e+00
-0.000000000000000000e+00,-0.000000000000000000e+00,-0.000000000000000000e+00,2.491813913151637472e+00,-0.000000000000000000e+00,-0.000000000000000000e+00,-3.991689582551440074e-02,7.893884966653168245e-02,0.000000000000000000e+00,-0.000000000000000000e+00,-1.453689471635702946e-01,-4.304754834984774736e-01,-0.000000000000000000e+00,-2.621511751562504919e-03,0.000000000000000000e+00,0.000000000000000000e+00,-0.000000000000000000e+00,-5.083099247594904391e-01,-0.000000000000000000e+00,-3.590655610023457678e-01,2.168634843325994294e-02,-2.433218723113900889e-02,-9.553248728804346335e-02,0.000000000000000000e+00,-1.571488420820240650e-01,9.894314243116071605e-02,-0.000000000000000000e+00,9.079493812426225885e-02,5.205002895000927499e-01,0.000000000000000000e+00,0.000000000000000000e+00,-9.063681953353140697e-02,0.000000000000000000e+00,0.000000000000000000e+00,-0.000000000000000000e+00,-0.000000000000000000e+00,-0.000000000000000000e+00,0.000000000000000000e+00,-0.000000000000000000e+00
-1.227123950868561075e-01,-0.000000000000000000e+00,-5.534209280536795950e-01,-0.000000000000000000e+00,1.679759016393844506e+00,-0.000000000000000000e+00,-0.000000000000000000e+00,0.000000000000000000e+00,-1.650372885046182125e-01,-3.661987187659516280e-02,-0.000000000000000000e+00,-0.000000000000000000e+00,-0.000000000000000000e+00,-1.950743410511353026e-01,-0.000000000000000000e+00,-0.000000000000000000e+00,-0.000000000000000000e+00,-0.000000000000000000e+00,-9.584206722454474692e-02,-0.000000000000000000e+00,-0.000000000000000000e+00,-3.198195379661534360e-02,-0.000000000000000000e+00,-0.000000000000000000e+00,-0.000000000000000000e+00,-0.000000000000000000e+00,-0.000000000000000000e+00,-0.000000000000000000e+00,-0.000000000000000000e+00,-5.544414182069311997e-02,-4.315290196029397674e-02,-0.000000000000000000e+00,-2.943328499390521769e-01,-3.190087332967214695e-01,-0.000000000000000000e+00,-0.000000000000000000e+00,-0.000000000000000000e+00,-2.316975091864352174e-02,-0.000000000000000000e+00
-0.000000000000000000e+00,-0.000000000000000000e+00,-0.000000000000000000e+00,-0.000000000000000000e+00,-0.000000000000000000e+00,2.225571828135368690e+00,-5.839568744651768561e-02,5.681251794930652563e-03,0.000000000000000000e+00,-0.000000000000000000e+00,-6.849144151881115805e-01,-0.000000000000000000e+00,-7.786215418679359734e-02,-0.000000000000000000e+00,8.301265350779815644e-02,0.000000000000000000e+00,-0.000000000000000000e+00,-0.000000000000000000e+00,-0.000000000000000000e+00,-1.432181221689167172e-01,0.000000000000000000e+00,-1.890399937945019537e-01,-1.591088721955514762e-01,0.000000000000000000e+00,-1.737421136723244774e-01,0.000000000000000000e+00,-0.000000000000000000e+00,0.000000000000000000e+00,0.000000000000000000e+00,0.000000000000000000e+00,-0.000000000000000000e+00,-2.177215244164729391e-01,0.000000000000000000e+00,0.000000000000000000e+00,-1.732562558859903623e-01,-0.000000000000000000e+00,-1.949563795092460194e-01,1.324321551807207224e-02,-0.000000000000000000e+00
-0.000000000000000000e+00,-0.000000000000000000e+00,-0.000000000000000000e+00,-3.991689582551440074e-02,-0.000000000000000000e+00,-5.839568744651768561e-02,1.559394509513482685e+00,0.000000000000000000e+00,-0.000000000000000000e+00,-3.331641108828974907e-01,-3.240210999979151185e-02,-2.370088514977036209e-01,-0.000000000000000000e+00,-0.000000000000000000e+00,0.000000000000000000e+00,-0.000000000000000000e+00,-1.850826388695000491e-01,-6.693796746005653553e-02,-0.000000000000000000e+00,-1.532352374520482841e-01,0.000000000000000000e+00,-0.000000000000000000e+00,-2.229447449092878189e-02,1.014971437478074667e-01,-0.000000000000000000e+00,0.000000000000000000e+00,-0.000000000000000000e+00,-0.000000000000000000e+00,0.000000000000000000e+00,-0.000000000000000000e+00,-0.000000000000000000e+00,-0.000000000000000000e+00,0.000000000000000000e+00,0.000000000000000000e+00,-0.000000000000000000e+00,-4.647042828116555030e-03,-0.000000000000000000e+00,0.000000000000000000e+00,-1.352179027876269923e-01
0.000000000000000000e+00,1.948314797128377629e-01,4.916577131460331263e-01,7.893884966653168245e-02,0.000000000000000000e+00,5.681251794930652563e-03,0.000000000000000000e+00,2.035865749508455114e+00,-0.000000000000000000e+00,0.000000000000000000e+00,1.718482461295451902e-01,0.000000000000000000e+00,0.000000000000000000e+00,0.000000000000000000e+00,-0.000000000000000000e+00,-0.000000000000000000e+00,1.398166719490547549e-01,1.094652486498309540e-01,0.000000000000000000e+00,2.096025157108727666e-01,-8.878975485020938752e-02,3.601951725348020300e-02,1.079324754768152539e-01,-0.000000000000000000e+00,4.142679265804925098e-02,-0.000000000000000000e+00,4.412977443721211035e-02,-0.000000000000000000e+00,-0.000000000000000000e+00,-0.000000000000000000e+00,0.000000000000000000e+00,1.690080978753905616e-01,-0.000000000000000000e+00,-0.000000000000000000e+00,0.000000000000000000e+00,0.000000000000000000e+00,5.592933962954706184e-02,-0.000000000000000000e+00,1.787916554464921981e-01
-4.920802372191468432e-02,-0.000000000000000000e+00,-0.000000000000000000e+00,0.000000000000000000e+00,-1.650372885046182125e-01,0.000000000000000000e+00,-0.000000000000000000e+00,-0.000000000000000000e+00,1.550205914982623279e+00,-0.000000000000000000e+00,0.000000000000000000e+00,-0.000000000000000000e+00,0.000000000000000000e+00,-0.000000000000000000e+00,-0.000000000000000000e+00,-2.133527550067411682e-01,-0.000000000000000000e+00,0.000000000000000000e+00,-0.000000000000000000e+00,0.000000000000000000e+00,-0.000000000000000000e+00,-0.000000000000000000e+00,0.000000000000000000e+00,-0.000000000000000000e+00,0.000000000000000000e+00,-1.352154547466471457e-01,-0.000000000000000000e+00,-0.000000000000000000e+00,-0.000000000000000000e+00,-2.316939429468393430e-01,-3.057237601464475422e-03,0.000000000000000000e+00,-0.000000000000000000e+00,-2.491725192672579747e-01,-0.000000000000000000e+00,-0.000000000000000000e+00,-0.000000000000000000e+00,-3.833863801105175106e-01,-0.000000000000000000e+00
-4.166730314959960629e-02,-1.625160041581871773e-01,-7.241183100868973758e-03,-0.000000000000000000e+00,-3.661987187659516280e-02,-0.000000000000000000e+00,-3.331641108828974907e-01,0.000000000000000000e+00,-0.000000000000000000e+00,2.032759895220745072e+00,-0.000000000000000000e+00,-0.000000000000000000e+00,-4.048137163513143011e-01,-0.000000000000000000e+00,0.000000000000000000e+00,-0.000000000000000000e+00,-0.000000000000000000e+00,-0.000000000000000000e+00,-2.494111229370781779e-01,-0.000000000000000000e+00,0.000000000000000000e+00,-2.124196361956333934e-01,-1.211855823103452356e-01,0.000000000000000000e+00,-0.000000000000000000e+00,-0.000000000000000000e+00,-2.707800802049636912e-01,-0.000000000000000000e+00,0.000000000000000000e+00,-0.000000000000000000e+00,-1.289104563229719579e-02,-0.000000000000000000e+00,0.000000000000000000e+00,-0.000000000000000000e+00,-4.272548371860598881e-02,-1.770860403572009356e-01,-0.000000000000000000e+00,-0.000000000000000000e+00,-6.717119306474785001e-02
-0.000000000000000000e+00,-0.000000000000000000e+00,-0.000000000000000000e+00,-1.453689471635702946e-01,-0.000000000000000000e+00,-6.849144151881115805e-01,-3.240210999979151185e-02,1.718482461295451902e-01,0.000000000000000000e+00,-0.000000000000000000e+00,2.632172029208532216e+00,-0.000000000000000000e+00,-1.228440586272508683e-01,-9.114291210913481184e-03,7.350068252258828982e-02,0.000000000000000000e+00,-1.888492535438171804e-01,-8.728586239106235489e-02,-0.000000000000000000e+00,-1.685046602885782174e-01,0.000000000000000000e+00,-3.946380540092205014e-02,-2.362818017778283153e-01,0.000000000000000000e+00,-2.763763517376721102e-01,0.000000000000000000e+00,-0.000000000000000000e+00,9.318371813513023905e-02,2.927053964457984603e-01,0.000000000000000000e+00,-0.000000000000000000e+00,-2.239125229626364733e-01,0.000000000000000000e+00,0.000000000000000000e+00,-0.000000000000000000e+00,-0.000000000000000000e+00,-2.947830010611226723e-02,0.000000000000000000e+00,-0.000000000000000000e+00
-1.401404355100109448e-03,-0.000000000000000000e+00,-0.000000000000000000e+00,-4.304754834984774736e-01,-0.000000000000000000e+00,-0.000000000000000000e+00,-2.370088514977036209e-01,0.000000000000000000e+00,-0.000000000000000000e+00,-0.000000000000000000e+00,-0.000000000000000000e+00,1.747389263824015604e+00,-0.000000000000000000e+00,-1.310676765334734817e-01,0.000000000000000000e+00,0.000000000000000000e+00,-1.306216755535119789e-01,-1.985112318126056874e-01,-0.000000000000000000e+00,-0.000000000000000000e+00,0.000000000000000000e+00,-0.000000000000000000e+00,-0.000000000000000000e+00,-0.000000000000000000e+00,-0.000000000000000000e+00,0.000000000000000000e+00,-2.504297067842668756e-02,0.000000000000000000e+00,7.932890763676735124e-02,-0.000000000000000000e+00,0.000000000000000000e+00,-0.000000000000000000e+00,0.000000000000000000e+00,0.000000000000000000e+00,-0.000000000000000000e+00,0.000000000000000000e+00,-0.000000000000000000e+00,-0.000000000000000000e+00,-3.361989853540433559e-01
-0.000000000000000000e+00,-6.708864677601360238e-02,-0.000000000000000000e+00,-0.000000000000000000e+00,-0.000000000000000000e+00,-7.786215418679359734e-02,-0.000000000000000000e+00,0.000000000000000000e+00,0.000000000000000000e+00,-4.048137163513143011e-01,-1.228440586272508683e-01,-0.000000000000000000e+00,2.008407763015573444e+00,-0.000000000000000000e+00,1.240283209858699699e-02,-0.000000000000000000e+00,-0.000000000000000000e+00,-0.000000000000000000e+00,-1.127210669822198003e-01,-0.000000000000000000e+00,0.000000000000000000e+00,-0.000000000000000000e+00,-1.038282956234470450e-01,0.000000000000000000e+00,-1.226906867985252947e-01,0.000000000000000000e+00,-5.042256077970195260e-01,0.000000000000000000e+00,0.000000000000000000e+00,0.000000000000000000e+00,-5.077600166467464982e-02,-0.000000000000000000e+00,0.000000000000000000e+00,0.000000000000000000e+00,-3.166165783268507505e-01,-0.000000000000000000e+00,-1.206205948602835122e-02,0.000000000000000000e+00,-1.565986518416191686e-02
-0.000000000000000000e+00,-0.000000000000000000e+00,-1.170102994732510060e-01,-2.621511751562504919e-03,-1.950743410511353026e-01,-0.000000000000000000e+00,-0.000000000000000000e+00,0.000000000000000000e+00,-0.000000000000000000e+00,-0.000000000000000000e+00,-9.114291210913481184e-03,-1.310676765334734817e-01,-0.000000000000000000e+00,1.507619668135987689e+00,0.000000000000000000e+00,0.000000000000000000e+00,-0.000000000000000000e+00,-0.000000000000000000e+00,-0.000000000000000000e+00,-0.000000000000000000e+00,-0.000000000000000000e+00,-2.171520478432229229e-01,-0.000000000000000000e+00,-1.259109336454828920e-01,-4.320175519097247396e-01,0.000000000000000000e+00,-0.000000000000000000e+00,9.598126424530922796e-02,0.000000000000000000e+00,-0.000000000000000000e+00,0.000000000000000000e+00,-0.000000000000000000e+00,-0.000000000000000000e+00,-0.000000000000000000e+00,-0.000000000000000000e+00,0.000000000000000000e+00,-6.676196310759195673e-02,0.000000000000000000e+00,-0.000000000000000000e+00
0.000000000000000000e+00,0.000000000000000000e+00,0.000000000000000000e+00,0.000000000000000000e+00,-0.000000000000000000e+00,8.301265350779815644e-02,0.000000000000000000e+00,-0.000000000000000000e+00,-0.000000000000000000e+00,0.000000000000000000e+00,7.350068252258828982e-02,0.000000000000000000e+00,1.240283209858699699e-02,0.000000000000000000e+00,1.332097285317628499e+00,-0.000000000000000000e+00,0.000000000000000000e+00,2.523403393036294795e-01,1.291317538458585656e-01,0.000000000000000000e+00,-0.000000000000000000e+00,0.000000000000000000e+00,0.000000000000000000e+00,-2.497473767777345921e-01,0.000000000000000000e+00,-0.000000000000000000e+00,0.000000000000000000e+00,-0.000000000000000000e+00,-0.000000000000000000e+00,-0.000000000000000000e+00,-0.000000000000000000e+00,0.000000000000000000e+00,-0.000000000000000000e+00,-0.000000000000000000e+00,7.064825792523710124e-02,0.000000000000000000e+00,1.458149602211637197e-01,-5.780928558079622727e-03,0.000000000000000000e+00
-0.000000000000000000e+00,-0.000000000000000000e+00,-0.000000000000000000e+00,0.000000000000000000e+00,-0.000000000000000000e+00,0.000000000000000000e+00,-0.000000000000000000e+00,-0.000000000000000000e+00,-2.133527550067411682e-01,-0.000000000000000000e+00,0.000000000000000000e+00,0.000000000000000000e+00,-0.000000000000000000e+00,0.000000000000000000e+00,-0.000000000000000000e+00,1.822483586608393491e+00,-0.000000000000000000e+00,0.000000000000000000e+00,-0.000000000000000000e+00,0.000000000000000000e+00,-1.514769761337562415e-01,0.000000000000000000e+00,0.000000000000000000e+00,-0.000000000000000000e+00,0.000000000000000000e+00,-1.488760945590288098e-01,0.000000000000000000e+00,-6.073145259457268796e-01,-3.422090867903192918e-02,-4.318720631800430643e-01,-5.826750483437499045e-02,0.000000000000000000e+00,-2.625496832267291622e-02,-0.000000000000000000e+00,-0.000000000000000000e+00,-1.327455349208661872e-01,0.000000000000000000e+00,-1.394962233579104260e-01,-0.000000000000000000e+00
-6.346945711703341764e-02,-0.000000000000000000e+00,-0.000000000000000000e+00,-0.000000000000000000e+00,-0.000000000000000000e+00,-0.000000000000000000e+00,-1.850826388695000491e-01,1.398166719490547549e-01,-0.000000000000000000e+00,-0.000000000000000000e+00,-1.888492535438171804e-01,-1.306216755535119789e-01,-0.000000000000000000e+00,-0.000000000000000000e+00,0.000000000000000000e+00,-0.000000000000000000e+00,1.423682438549830565e+00,-0.000000000000000000e+00,-0.000000000000000000e+00,-3.767051063385141313e-02,0.000000000000000000e+00,-0.000000000000000000e+00,-2.918887539045659785e-01,0.000000000000000000e+00,-0.000000000000000000e+00,0.000000000000000000e+00,-0.000000000000000000e+00,0.000000000000000000e+00,0.000000000000000000e+00,-0.000000000000000000e+00,-0.000000000000000000e+00,-0.000000000000000000e+00,0.000000000000000000e+00,-0.000000000000000000e+00,-0.000000000000000000e+00,-0.000000000000000000e+00,-0.000000000000000000e+00,0.000000000000000000e+00,-0.000000000000000000e+00
-0.000000000000000000e+00,-0.000000000000000000e+00,-0.000000000000000000e+00,-5.083099247594904391e-01,-0.000000000000000000e+00,-0.000000000000000000e+00,-6.693796746005653553e-02,1.094652486498309540e-01,0.000000000000000000e+00,-0.000000000000000000e+00,-8.728586239106235489e-02,-1.985112318126056874e-01,-0.000000000000000000e+00,-0.000000000000000000e+00,2.523403393036294795e-01,0.000000000000000000e+00,-0.000000000000000000e+00,2.151473297376305549e+00,-3.185195374121485012e-01,-6.110325105842569215e-02,0.000000000000000000e+00,-2.188429102688648487e-01,-9.025433806534051417e-02,0.000000000000000000e+00,-0.000000000000000000e+00,0.000000000000000000e+00,-0.000000000000000000e+00,0.000000000000000000e+00,1.606042098018483077e-01,-0.000000000000000000e+00,0.000000000000000000e+00,-0.000000000000000000e+00,0.000000000000000000e+00,0.000000000000000000e+00,-0.000000000000000000e+00,-0.000000000000000000e+00,-2.444713070955951018e-03,0.000000000000000000e+00,-1.784327762067048351e-01
-0.000000000000000000e+00,-0.000000000000000000e+00,-8.203499667110021598e-02,-0.000000000000000000e+00,-9.584206722454474692e-02,-0.000000000000000000e+00,-0.000000000000000000e+00,0.000000000000000000e+00,-0.000000000000000000e+00,-2.494111229370781779e-01,-0.000000000000000000e+00,-0.000000000000000000e+00,-1.127210669822198003e-01,-0.000000000000000000e+00,1.291317538458585656e-01,-0.000000000000000000e+00,-0.000000000000000000e+00,-3.185195374121485012e-01,1.526368733780397502e+00,-0.000000000000000000e+00,-0.000000000000000000e+00,-4.702083322485815092e-02,-0.000000000000000000e+00,0.000000000000000000e+00,-0.000000000000000000e+00,-0.000000000000000000e+00,-0.000000000000000000e+00,0.000000000000000000e+00,0.000000000000000000e+00,-0.000000000000000000e+00,-0.000000000000000000e+00,-0.000000000000000000e+00,-0.000000000000000000e+00,0.000000000000000000e+00,-0.000000000000000000e+00,-0.000000000000000000e+00,-4.303126018139247916e-02,-0.000000000000000000e+00,-2.089775158840525837e-01
-0.000000000000000000e+00,-0.000000000000000000e+00,-0.000000000000000000e+00,-3.590655610023457678e-01,-0.000000000000000000e+00,-1.432181221689167172e-01,-1.532352374520482841e-01,2.096025157108727666e-01,0.000000000000000000e+00,-0.000000000000000000e+00,-1.685046602885782174e-01,-0.000000000000000000e+00,-0.000000000000000000e+00,-0.000000000000000000e+00,0.000000000000000000e+00,0.000000000000000000e+00,-3.767051063385141313e-02,-6.110325105842569215e-02,-0.000000000000000000e+00,2.137753044317085571e+00,0.000000000000000000e+00,-1.094041436767255460e-01,-7.308071973116235520e-02,0.000000000000000000e+00,-0.000000000000000000e+00,0.000000000000000000e+00,-0.000000000000000000e+00,1.753290050343984247e-02,1.327127025603412336e-01,0.000000000000000000e+00,0.000000000000000000e+00,-4.519690824180233046e-01,9.178374897257736420e-02,0.000000000000000000e+00,-0.000000000000000000e+00,-0.000000000000000000e+00,-0.000000000000000000e+00,0.000000000000000000e+00,-1.697272894653477082e-01
0.000000000000000000e+00,0.000000000000000000e+00,-0.000000000000000000e+00,2.168634843325994294e-02,-0.000000000000000000e+00,0.000000000000000000e+00,0.000000000000000000e+00,-8.878975485020938752e-02,-0.000000000000000000e+00,0.000000000000000000e+00,0.000000000000000000e+00,0.000000000000000000e+00,0.000000000000000000e+00,-0.000000000000000000e+00,-0.000000000000000000e+00,-1.514769761337562415e-01,0.000000000000000000e+00,0.000000000000000000e+00,-0.000000000000000000e+00,0.000000000000000000e+00,1.395558285619932226e+00,-0.000000000000000000e+00,0.000000000000000000e+00,-0.000000000000000000e+00,0.000000000000000000e+00,-0.000000000000000000e+00,3.020335430373745703e-02,-0.000000000000000000e+00,-1.235414771577389853e-01,-0.000000000000000000e+00,0.000000000000000000e+00,0.000000000000000000e+00,-6.232306644288048147e-01,-0.000000000000000000e+00,0.000000000000000000e+00,-0.000000000000000000e+00,0.000000000000000000e+00,-0.000000000000000000e+00,0.000000000000000000e+00
-0.000000000000000000e+00,-0.000000000000000000e+00,-1.764471270176476425e-01,-2.433218723113900889e-02,-3.198195379661534360e-02,-1.890399937945019537e-01,-0.000000000000000000e+00,3.601951725348020300e-02,-0.000000000000000000e+00,-2.124196361956333934e-01,-3.946380540092205014e-02,-0.000000000000000000e+00,-0.000000000000000000e+00,-2.171520478432229229e-01,0.000000000000000000e+00,0.000000000000000000e+00,-0.000000000000000000e+00,-2.188429102688648487e-01,-4.702083322485815092e-02,-1.094041436767255460e-01,-0.000000000000000000e+00,1.921433873995313846e+00,-1.419186347698808970e-01,0.000000000000000000e+00,-4.423211961443847956e-02,0.000000000000000000e+00,-0.000000000000000000e+00,0.000000000000000000e+00,0.000000000000000000e+00,-0.000000000000000000e+00,0.000000000000000000e+00,-1.602614099706224648e-01,-0.000000000000000000e+00,-0.000000000000000000e+00,-9.726718492611406697e-02,-0.000000000000000000e+00,-1.728676980635158456e-01,0.000000000000000000e+00,-0.000000000000000000e+00
-0.000000000000000000e+00,-3.313034961473646511e-01,-0.000000000000000000e+00,-9.553248728804346335e-02,-0.000000000000000000e+00,-1.591088721955514762e-01,-2.229447449092878189e-02,1.079324754768152539e-01,0.000000000000000000e+00,-1.211855823103452356e-01,-2.362818017778283153e-01,-0.000000000000000000e+00,-1.038282956234470450e-01,-0.000000000000000000e+00,0.000000000000000000e+00,0.000000000000000000e+00,-2.918887539045659785e-01,-9.025433806534051417e-02,-0.000000000000000000e+00,-7.308071973116235520e-02,0.000000000000000000e+00,-1.419186347698808970e-01,2.612037866850379864e+00,0.000000000000000000e+00,-1.802110719772705427e-01,0.000000000000000000e+00,-1.815215794325445720e-01,0.000000000000000000e+00,0.000000000000000000e+00,0.000000000000000000e+00,-0.000000000000000000e+00,-2.031364785797806216e-01,0.000000000000000000e+00,0.000000000000000000e+00,-2.876720526122872323e-01,-0.000000000000000000e+00,-1.215416537893670712e-01,0.000000000000000000e+00,-1.471518661016235630e-01
-0.000000000000000000e+00,0.000000000000000000e+00,-0.000000000000000000e+00,0.000000000000000000e+00,-0.000000000000000000e+00,0.000000000000000000e+00,1.014971437478074667e-01,-0.000000000000000000e+00,-0.000000000000000000e+00,0.000000000000000000e+00,0.000000000000000000e+00,-0.000000000000000000e+00,0.000000000000000000e+00,-1.259109336454828920e-01,-2.497473767777345921e-01,-0.000000000000000000e+00,0.000000000000000000e+00,0.000000000000000000e+00,0.000000000000000000e+00,0.000000000000000000e+00,-0.000000000000000000e+00,0.000000000000000000e+00,0.000000000000000000e+00,1.311449446764122229e+00,0.000000000000000000e+00,-0.000000000000000000e+00,0.000000000000000000e+00,-0.000000000000000000e+00,-0.000000000000000000e+00,-6.938009160515519469e-02,0.000000000000000000e+00,0.000000000000000000e+00,-8.111269871858778346e-02,-3.992959475114815082e-01,0.000000000000000000e+00,2.323873726055856459e-01,0.000000000000000000e+00,-2.067690853854934827e-02,0.000000000000000000e+00
-0.000000000000000000e+00,-0.000000000000000000e+00,-0.000000000000000000e+00,-1.571488420820240650e-01,-0.000000000000000000e+00,-1.737421136723244774e-01,-0.000000000000000000e+00,4.142679265804925098e-02,0.000000000000000000e+00,-0.000000000000000000e+00,-2.763763517376721102e-01,-0.000000000000000000e+00,-1.226906867985252947e-01,-4.320175519097247396e-01,0.000000000000000000e+00,0.000000000000000000e+00,-0.000000000000000000e+00,-0.000000000000000000e+00,-0.000000000000000000e+00,-0.000000000000000000e+00,0.000000000000000000e+00,-4.423211961443847956e-02,-1.802110719772705427e-01,0.000000000000000000e+00,2.182466244297913693e+00,0.000000000000000000e+00,-1.034898460922187569e-01,9.431430635511104874e-03,2.633240137958574589e-01,0.000000000000000000e+00,-0.000000000000000000e+00,-1.976249561140056843e-01,0.000000000000000000e+00,-0.000000000000000000e+00,-0.000000000000000000e+00,0.000000000000000000e+00,-2.517188726369476437e-01,0.000000000000000000e+00,-0.000000000000000000e+00
-3.219154906660197987e-03,-0.000000000000000000e+00,-0.000000000000000000e+00,9.894314243116071605e-02,-0.000000000000000000e+00,0.000000000000000000e+00,0.000000000000000000e+00,-0.000000000000000000e+00,-1.352154547466471457e-01,-0.000000000000000000e+00,0.000000000000000000e+00,0.000000000000000000e+00,0.000000000000000000e+00,0.000000000000000000e+00,-0.000000000000000000e+00,-1.488760945590288098e-01,0.000000000000000000e+00,0.000000000000000000e+00,-0.000000000000000000e+00,0.000000000000000000e+00,-0.000000000000000000e+00,0.000000000000000000e+00,0.000000000000000000e+00,-0.000000000000000000e+00,0.000000000000000000e+00,1.987137586334087214e+00,-0.000000000000000000e+00,-6.364204308716678860e-01,-4.087559047011059543e-01,-0.000000000000000000e+00,-4.061691020888026915e-01,0.000000000000000000e+00,-0.000000000000000000e+00,-0.000000000000000000e+00,-0.000000000000000000e+00,-0.000000000000000000e+00,0.000000000000000000e+00,-2.842132129879419433e-01,0.000000000000000000e+00
-9.504873839255655044e-02,-4.186494718658950176e-01,-0.000000000000000000e+00,-0.000000000000000000e+00,-0.000000000000000000e+00,-0.000000000000000000e+00,-0.000000000000000000e+00,4.412977443721211035e-02,-0.000000000000000000e+00,-2.707800802049636912e-01,-0.000000000000000000e+00,-2.504297067842668756e-02,-5.042256077970195260e-01,-0.000000000000000000e+00,0.000000000000000000e+00,0.000000000000000000e+00,-0.000000000000000000e+00,-0.000000000000000000e+00,-0.000000000000000000e+00,-0.000000000000000000e+00,3.020335430373745703e-02,-0.000000000000000000e+00,-1.815215794325445720e-01,0.000000000000000000e+00,-1.034898460922187569e-01,-0.000000000000000000e+00,2.085301978511143517e+00,0.000000000000000000e+00,0.000000000000000000e+00,0.000000000000000000e+00,-3.064766905617065107e-01,-0.000000000000000000e+00,0.000000000000000000e+00,0.000000000000000000e+00,-0.000000000000000000e+00,-0.000000000000000000e+00,-0.000000000000000000e+00,-0.000000000000000000e+00,-1.831682470237772642e-01
-0.000000000000000000e+00,0.000000000000000000e+00,0.000000000000000000e+00,9.079493812426225885e-02,-0.000000000000000000e+00,0.000000000000000000e+00,-0.000000000000000000e+00,-0.000000000000000000e+00,-0.000000000000000000e+00,-0.000000000000000000e+00,9.318371813513023905e-02,0.000000000000000000e+00,0.000000000000000000e+00,9.598126424530922796e-02,-0.000000000000000000e+00,-6.073145259457268796e-01,0.000000000000000000e+00,0.000000000000000000e+00,0.000000000000000000e+00,1.753290050343984247e-02,-0.000000000000000000e+00,0.000000000000000000e+00,0.000000000000000000e+00,-0.000000000000000000e+00,9.431430635511104874e-03,-6.364204308716678860e-01,0.000000000000000000e+00,2.120383659867047133e+00,-3.092419533471979509e-01,-0.000000000000000000e+00,-6.555734861893064425e-02,1.792818479647197150e-01,-0.000000000000000000e+00,-0.000000000000000000e+00,0.000000000000000000e+00,-0.000000000000000000e+00,0.000000000000000000e+00,-1.737357392654241550e-01,0.000000000000000000e+00
0.000000000000000000e+00,0.000000000000000000e+00,0.000000000000000000e+00,5.205002895000927499e-01,-0.000000000000000000e+00,0.000000000000000000e+00,0.000000000000000000e+00,-0.000000000000000000e+00,-0.000000000000000000e+00,0.000000000000000000e+00,2.927053964457984603e-01,7.932890763676735124e-02,0.000000000000000000e+00,0.000000000000000000e+00,-0.000000000000000000e+00,-3.422090867903192918e-02,0.000000000000000000e+00,1.606042098018483077e-01,0.000000000000000000e+00,1.327127025603412336e-01,-1.235414771577389853e-01,0.000000000000000000e+00,0.000000000000000000e+00,-0.000000000000000000e+00,2.633240137958574589e-01,-4.087559047011059543e-01,0.000000000000000000e+00,-3.092419533471979509e-01,2.202557359111045443e+00,-0.000000000000000000e+00,-0.000000000000000000e+00,0.000000000000000000e+00,-7.264443765183209445e-02,-0.000000000000000000e+00,0.000000000000000000e+00,0.000000000000000000e+00,0.000000000000000000e+00,-0.000000000000000000e+00,0.000000000000000000e+00
-0.000000000000000000e+00,-0.000000000000000000e+00,-0.000000000000000000e+00,0.000000000000000000e+00,-5.544414182069311997e-02,0.000000000000000000e+00,-0.000000000000000000e+00,-0.000000000000000000e+00,-2.316939429468393430e-01,-0.000000000000000000e+00,0.000000000000000000e+00,-0.000000000000000000e+00,0.000000000000000000e+00,-0.000000000000000000e+00,-0.000000000000000000e+00,-4.318720631800430643e-01,-0.000000000000000000e+00,-0.000000000000000000e+00,-0.000000000000000000e+00,0.000000000000000000e+00,-0.000000000000000000e+00,-0.000000000000000000e+00,0.000000000000000000e+00,-6.938009160515519469e-02,0.000000000000000000e+00,-0.000000000000000000e+00,0.000000000000000000e+00,-0.000000000000000000e+00,-0.000000000000000000e+00,1.403341602742431693e+00,-0.000000000000000000e+00,0.000000000000000000e+00,-0.000000000000000000e+00,-0.000000000000000000e+00,0.000000000000000000e+00,-0.000000000000000000e+00,0.000000000000000000e+00,-2.438771710724331188e-01,-0.000000000000000000e+00
-2.434697487659606696e-02,-0.000000000000000000e+00,-0.000000000000000000e+00,0.000000000000000000e+00,-4.315290196029397674e-02,-0.000000000000000000e+00,-0.000000000000000000e+00,0.000000000000000000e+00,-3.057237601464475422e-03,-1.289104563229719579e-02,-0.000000000000000000e+00,0.000000000000000000e+00,-5.077600166467464982e-02,0.000000000000000000e+00,-0.000000000000000000e+00,-5.826750483437499045e-02,-0.000000000000000000e+00,0.000000000000000000e+00,-0.000000000000000000e+00,0.000000000000000000e+00,0.000000000000000000e+00,0.000000000000000000e+00,-0.000000000000000000e+00,0.000000000000000000e+00,-0.000000000000000000e+00,-4.061691020888026915e-01,-3.064766905617065107e-01,-6.555734861893064425e-02,-0.000000000000000000e+00,-0.000000000000000000e+00,1.323585207729790936e+00,-0.000000000000000000e+00,-0.000000000000000000e+00,-0.000000000000000000e+00,-0.000000000000000000e+00,-1.886031474621939763e-01,-0.000000000000000000e+00,-0.000000000000000000e+00,-0.000000000000000000e+00
-0.000000000000000000e+00,-0.000000000000000000e+00,-0.000000000000000000e+00,-9.063681953353140697e-02,-0.000000000000000000e+00,-2.177215244164729391e-01,-0.000000000000000000e+00,1.690080978753905616e-01,0.000000000000000000e+00,-0.000000000000000000e+00,-2.239125229626364733e-01,-0.000000000000000000e+00,-0.000000000000000000e+00,-0.000000000000000000e+00,0.000000000000000000e+00,0.000000000000000000e+00,-0.000000000000000000e+00,-0.000000000000000000e+00,-0.000000000000000000e+00,-4.519690824180233046e-01,0.000000000000000000e+00,-1.602614099706224648e-01,-2.031364785797806216e-01,0.000000000000000000e+00,-1.976249561140056843e-01,0.000000000000000000e+00,-0.000000000000000000e+00,1.792818479647197150e-01,0.000000000000000000e+00,0.000000000000000000e+00,-0.000000000000000000e+00,2.076075034683596332e+00,0.000000000000000000e+00,0.000000000000000000e+00,-4.557053701554937553e-02,-0.000000000000000000e+00,-6.823381037827877527e-02,0.000000000000000000e+00,-1.447213166063249668e-03
0.000000000000000000e+00,0.000000000000000000e+00,-0.000000000000000000e+00,0.000000000000000000e+00,-2.943328499390521769e-01,0.000000000000000000e+00,0.000000000000000000e+00,-0.000000000000000000e+00,-0.000000000000000000e+00,0.000000000000000000e+00,0.000000000000000000e+00,0.000000000000000000e+00,0.000000000000000000e+00,-0.000000000000000000e+00,-0.000000000000000000e+00,-2.625496832267291622e-02,0.000000000000000000e+00,0.000000000000000000e+00,-0.000000000000000000e+00,9.178374897257736420e-02,-6.232306644288048147e-01,-0.000000000000000000e+00,0.000000000000000000e+00,-8.111269871858778346e-02,0.000000000000000000e+00,-0.000000000000000000e+00,0.000000000000000000e+00,-0.000000000000000000e+00,-7.264443765183209445e-02,-0.000000000000000000e+00,-0.000000000000000000e+00,0.000000000000000000e+00,1.565619781855910997e+00,-3.152880099660844149e-01,0.000000000000000000e+00,-0.000000000000000000e+00,0.000000000000000000e+00,-0.000000000000000000e+00,0.000000000000000000e+00
-0.000000000000000000e+00,0.000000000000000000e+00,-0.000000000000000000e+00,0.000000000000000000e+00,-3.190087332967214695e-01,0.000000000000000000e+00,0.000000000000000000e+00,-0.000000000000000000e+00,-2.491725192672579747e-01,-0.000000000000000000e+00,0.000000000000000000e+00,0.000000000000000000e+00,0.000000000000000000e+00,-0.000000000000000000e+00,-0.000000000000000000e+00,-0.000000000000000000e+00,-0.000000000000000000e+00,0.000000000000000000e+00,0.000000000000000000e+00,0.000000000000000000e+00,-0.000000000000000000e+00,-0.000000000000000000e+00,0.000000000000000000e+00,-3.992959475114815082e-01,-0.000000000000000000e+00,-0.000000000000000000e+00,0.000000000000000000e+00,-0.000000000000000000e+00,-0.000000000000000000e+00,-0.000000000000000000e+00,-0.000000000000000000e+00,0.000000000000000000e+00,-3.152880099660844149e-01,1.533504416837020434e+00,-0.000000000000000000e+00,0.000000000000000000e+00,-0.000000000000000000e+00,-1.773019194829282275e-01,0.000000000000000000e+00
-1.544888243549358553e-01,-1.912625341065384288e-01,-0.000000000000000000e+00,-0.000000000000000000e+00,-0.000000000000000000e+00,-1.732562558859903623e-01,-0.000000000000000000e+00,0.000000000000000000e+00,-0.000000000000000000e+00,-4.272548371860598881e-02,-0.000000000000000000e+00,-0.000000000000000000e+00,-3.166165783268507505e-01,-0.000000000000000000e+00,7.064825792523710124e-02,-0.000000000000000000e+00,-0.000000000000000000e+00,-0.000000000000000000e+00,-0.000000000000000000e+00,-0.000000000000000000e+00,0.000000000000000000e+00,-9.726718492611406697e-02,-2.876720526122872323e-01,0.000000000000000000e+00,-0.000000000000000000e+00,-0.000000000000000000e+00,-0.000000000000000000e+00,0.000000000000000000e+00,0.000000000000000000e+00,0.000000000000000000e+00,-0.000000000000000000e+00,-4.557053701554937553e-02,0.000000000000000000e+00,-0.000000000000000000e+00,2.204182994921534799e+00,-9.510680564108074664e-02,-7.380347098541443218e-01,0.000000000000000000e+00,-0.000000000000000000e+00
-0.000000000000000000e+00,-2.079774269570881240e-01,-0.000000000000000000e+00,-0.000000000000000000e+00,-0.000000000000000000e+00,-0.000000000000000000e+00,-4.647042828116555030e-03,0.000000000000000000e+00,-0.000000000000000000e+00,-1.770860403572009356e-01,-0.000000000000000000e+00,0.000000000000000000e+00,-0.000000000000000000e+00,0.000000000000000000e+00,0.000000000000000000e+00,-1.327455349208661872e-01,-0.000000000000000000e+00,-0.000000000000000000e+00,-0.000000000000000000e+00,-0.000000000000000000e+00,-0.000000000000000000e+00,-0.000000000000000000e+00,-0.000000000000000000e+00,2.323873726055856459e-01,0.000000000000000000e+00,-0.000000000000000000e+00,-0.000000000000000000e+00,-0.000000000000000000e+00,0.000000000000000000e+00,-0.000000000000000000e+00,-1.886031474621939763e-01,-0.000000000000000000e+00,-0.000000000000000000e+00,0.000000000000000000e+00,-9.510680564108074664e-02,1.256247976596084337e+00,-0.000000000000000000e+00,-0.000000000000000000e+00,-0.000000000000000000e+00
-0.000000000000000000e+00,-8.736000381481186239e-02,-1.395473104252736019e-01,-0.000000000000000000e+00,-0.000000000000000000e+00,-1.949563795092460194e-01,-0.000000000000000000e+00,5.592933962954706184e-02,-0.000000000000000000e+00,-0.000000000000000000e+00,-2.947830010611226723e-02,-0.000000000000000000e+00,-1.206205948602835122e-02,-6.676196310759195673e-02,1.458149602211637197e-01,0.000000000000000000e+00,-0.000000000000000000e+00,-2.444713070955951018e-03,-4.303126018139247916e-02,-0.000000000000000000e+00,0.000000000000000000e+00,-1.728676980635158456e-01,-1.215416537893670712e-01,0.000000000000000000e+00,-2.517188726369476437e-01,0.000000000000000000e+00,-0.000000000000000000e+00,0.000000000000000000e+00,0.000000000000000000e+00,0.000000000000000000e+00,-0.000000000000000000e+00,-6.823381037827877527e-02,0.000000000000000000e+00,-0.000000000000000000e+00,-7.380347098541443218e-01,-0.000000000000000000e+00,2.141667087592575403e+00,0.000000000000000000e+00,-0.000000000000000000e+00
-2.938477312035218114e-01,-0.000000000000000000e+00,-0.000000000000000000e+00,0.000000000000000000e+00,-2.316975091864352174e-02,1.324321551807207224e-02,0.000000000000000000e+00,-0.000000000000000000e+00,-3.833863801105175106e-01,-0.000000000000000000e+00,0.000000000000000000e+00,-0.000000000000000000e+00,0.000000000000000000e+00,0.000000000000000000e+00,-5.780928558079622727e-03,-1.394962233579104260e-01,0.000000000000000000e+00,0.000000000000000000e+00,-0.000000000000000000e+00,0.000000000000000000e+00,-0.000000000000000000e+00,0.000000000000000000e+00,0.000000000000000000e+00,-2.067690853854934827e-02,0.000000000000000000e+00,-2.842132129879419433e-01,-0.000000000000000000e+00,-1.737357392654241550e-01,-0.000000000000000000e+00,-2.438771710724331188e-01,-0.000000000000000000e+00,0.000000000000000000e+00,-0.000000000000000000e+00,-1.773019194829282275e-01,0.000000000000000000e+00,-0.000000000000000000e+00,0.000000000000000000e+00,1.662994410342713669e+00,-0.000000000000000000e+00
-3.718466802938922289e-01,-4.402978623894254762e-01,-0.000000000000000000e+00,-0.000000000000000000e+00,-0.000000000000000000e+00,-0.000000000000000000e+00,-1.352179027876269923e-01,1.787916554464921981e-01,-0.000000000000000000e+00,-6.717119306474785001e-02,-0.000000000000000000e+00,-3.361989853540433559e-01,-1.565986518416191686e-02,-0.000000000000000000e+00,0.000000000000000000e+00,-0.000000000000000000e+00,-0.000000000000000000e+00,-1.784327762067048351e-01,-2.089775158840525837e-01,-1.697272894653477082e-01,0.000000000000000000e+00,-0.000000000000000000e+00,-1.471518661016235630e-01,0.000000000000000000e+00,-0.000000000000000000e+00,0.000000000000000000e+00,-1.831682470237772642e-01,0.000000000000000000e+00,0.000000000000000000e+00,-0.000000000000000000e+00,-0.000000000000000000e+00,-1.447213166063249668e-03,0.000000000000000000e+00,0.000000000000000000e+00,-0.000000000000000000e+00,-0.000000000000000000e+00,-0.000000000000000000e+00,-0.000000000000000000e+00,2.264559067583091334e+00
