1.144654863518476562e+00,-8.848271926030810974e-02,-0.000000000000000000e+00,0.000000000000000000e+00,-0.000000000000000000e+00,-0.000000000000000000e+00,0.000000000000000000e+00,0.000000000000000000e+00,0.000000000000000000e+00,-0.000000000000000000e+00,-0.000000000000000000e+00,0.000000000000000000e+00,-0.000000000000000000e+00,0.000000000000000000e+00,0.000000000000000000e+00,-1.238455171696969531e-01,-8.062814602812477804e-02,1.264401747230203821e-01,0.000000000000000000e+00,-0.000000000000000000e+00,-0.000000000000000000e+00,-0.000000000000000000e+00,0.000000000000000000e+00,-0.000000000000000000e+00,0.000000000000000000e+00,-2.362678901434874523e-01,-1.035690433969759482e-02,-0.000000000000000000e+00,0.000000000000000000e+00,0.000000000000000000e+00,-0.000000000000000000e+00,-0.000000000000000000e+00,-0.000000000000000000e+00,0.000000000000000000e+00,-0.000000000000000000e+00,-0.000000000000000000e+00,0.000000000000000000e+00,-0.000000000000000000e+00,0.000000000000000000e+00
-8.848271926030810974e-02,1.211723391362911517e+00,-0.000000000000000000e+00,0.000000000000000000e+00,-0.000000000000000000e+00,0.000000000000000000e+00,0.000000000000000000e+00,0.000000000000000000e+00,-0.000000000000000000e+00,-0.000000000000000000e+00,5.345553595154566018e-02,-0.000000000000000000e+00,7.261860327045890906e-02,-0.000000000000000000e+00,-0.000000000000000000e+00,0.000000000000000000e+00,0.000000000000000000e+00,-0.000000000000000000e+00,-0.000000000000000000e+00,0.000000000000000000e+00,1.227193569085867769e-01,0.000000000000000000e+00,0.000000000000000000e+00,0.000000000000000000e+00,-0.000000000000000000e+00,-0.000000000000000000e+00,-0.000000000000000000e+00,0.000000000000000000e+00,-0.000000000000000000e+00,-3.800985315376603085e-02,-0.000000000000000000e+00,-3.660629071870332707e-01,0.000000000000000000e+00,-0.000000000000000000e+00,0.000000000000000000e+00,-0.000000000000000000e+00,0.000000000000000000e+00,-0.000000000000000000e+00,-2.080572514252426453e-01
-0.000000000000000000e+00,-0.000000000000000000e+00,2.028104451293810673e+00,-0.000000000000000000e+00,-2.265120418609215813e-01,-0.000000000000000000e+00,-0.000000000000000000e+00,8.319603582932182384e-01,-0.000000000000000000e+00,-1.772090684251227399e-01,0.000000000000000000e+00,0.000000000000000000e+00,-0.000000000000000000e+00,-0.000000000000000000e+00,0.000000000000000000e+00,-1.318657193919686721e-02,0.000000000000000000e+00,-1.399831305020147743e-01,-6.268219784928044658e-02,-1.531505055350063371e-01,-0.000000000000000000e+00,-7.322462977421130559e-02,-0.000000000000000000e+00,-0.000000000000000000e+00,-2.834406972517697354e-02,-2.869902138810441830e-02,-0.000000000000000000e+00,-1.116900724486815343e-02,-0.000000000000000000e+00,-2.815202998094467057e-01,-0.000000000000000000e+00,-0.000000000000000000e+00,-3.059664866044939924e-01,-0.000000000000000000e+00,-0.000000000000000000e+00,-0.000000000000000000e+00,0.000000000000000000e+00,-0.000000000000000000e+00,-0.000000000000000000e+00
0.000000000000000000e+00,0.000000000000000000e+00,-0.000000000000000000e+00,2.513727018629399179e+00,-0.000000000000000000e+00,-0.000000000000000000e+00,-1.092770581051802914e+00,0.000000000000000000e+00,7.238243153331834490e-02,-0.000000000000000000e+00,-0.000000000000000000e+00,2.118655688226700751e-01,-0.000000000000000000e+00,-0.000000000000000000e+00,0.000000000000000000e+00,-0.000000000000000000e+00,-0.000000000000000000e+00,-0.000000000000000000e+00,0.000000000000000000e+00,-0.000000000000000000e+00,-0.000000000000000000e+00,-1.390640771682486454e-01,-0.000000000000000000e+00,-0.000000000000000000e+00,-0.000000000000000000e+00,-0.000000000000000000e+00,-0.000000000000000000e+00,-3.085118865828654910e-01,-0.000000000000000000e+00,-0.000000000000000000e+00,-0.000000000000000000e+00,-0.000000000000000000e+00,-0.000000000000000000e+00,0.000000000000000000e+00,-0.000000000000000000e+00,-2.596288921607863842e-01,-0.000000000000000000e+00,1.301967893734798098e-01,2.233829216981780275e-01
-0.000000000000000000e+00,-0.000000000000000000e+00,-2.265120418609215813e-01,-0.000000000000000000e+00,1.359671902261136101e+00,-0.000000000000000000e+00,-0.000000000000000000e+00,1.187968330337293571e-01,-0.000000000000000000e+00,-1.254410944411965267e-01,-0.000000000000000000e+00,-0.000000000000000000e+00,-0.000000000000000000e+00,-3.061125656020616814e-01,0.000000000000000000e+00,-0.000000000000000000e+00,-0.000000000000000000e+00,-0.000000000000000000e+00,-0.000000000000000000e+00,0.000000000000000000e+00,-0.000000000000000000e+00,-0.000000000000000000e+00,-3.605050993689364134e-03,-6.017175066327524330e-02,-0.000000000000000000e+00,-8.709814444750173246e-02,-0.000000000000000000e+00,-0.000000000000000000e+00,-0.000000000000000000e+00,-0.000000000000000000e+00,-8.726929196612391582e-02,-2.030979932448701564e-01,-0.000000000000000000e+00,-0.000000000000000000e+00,-0.000000000000000000e+00,-0.000000000000000000e+00,-0.000000000000000000e+00,-2.263017257172047700e-02,-0.000000000000000000e+00
-0.000000000000000000e+00,0.000000000000000000e+00,-0.000000000000000000e+00,-0.000000000000000000e+00,-0.000000000000000000e+00,2.243096897159007064e+00,-0.000000000000000000e+00,0.000000000000000000e+00,0.000000000000000000e+00,-0.000000000000000000e+00,-3.559584651576375713e-01,0.000000000000000000e+00,-3.756959020040496755e-01,-0.000000000000000000e+00,0.000000000000000000e+00,-0.000000000000000000e+00,-4.328466060622360723e-01,0.000000000000000000e+00,0.000000000000000000e+00,-0.000000000000000000e+00,-0.000000000000000000e+00,-0.000000000000000000e+00,-3.762917349552341584e-01,-2.611549370716702567e-01,-0.000000000000000000e+00,-0.000000000000000000e+00,-0.000000000000000000e+00,-0.000000000000000000e+00,-0.000000000000000000e+00,0.000000000000000000e+00,-0.000000000000000000e+00,-0.000000000000000000e+00,-1.964199047957944089e-01,0.000000000000000000e+00,-2.953481235357436341e-01,-0.000000000000000000e+00,-5.603154244815634205e-02,0.000000000000000000e+00,0.000000000000000000e+00
0.000000000000000000e+00,0.000000000000000000e+00,-0.000000000000000000e+00,-1.092770581051802914e+00,-0.000000000000000000e+00,-0.000000000000000000e+00,2.713684086955518104e+00,6.516355140247881428e-02,5.280625211442194211e-02,-0.000000000000000000e+00,-0.000000000000000000e+00,6.892705365969883924e-02,-3.828108870200870226e-04,-0.000000000000000000e+00,0.000000000000000000e+00,-0.000000000000000000e+00,-0.000000000000000000e+00,-0.000000000000000000e+00,0.000000000000000000e+00,-1.935764975523673048e-01,-0.000000000000000000e+00,-5.399630541335090905e-01,-0.000000000000000000e+00,-0.000000000000000000e+00,-2.214334623040999789e-02,-0.000000000000000000e+00,-3.676069492052340404e-02,-4.186280520754712131e-01,-1.763307232174062510e-03,-0.000000000000000000e+00,-0.000000000000000000e+00,-0.000000000000000000e+00,-1.293638116427262529e-02,0.000000000000000000e+00,-0.000000000000000000e+00,-6.977025177616859308e-02,-0.000000000000000000e+00,1.060483235093730020e-01,4.770436547651453474e-02
0.000000000000000000e+00,0.000000000000000000e+00,8.319603582932182384e-01,0.000000000000000000e+00,1.187968330337293571e-01,0.000000000000000000e+00,6.516355140247881428e-02,1.919237326049858972e+00,-0.000000000000000000e+00,3.881039449037823608e-02,0.000000000000000000e+00,-0.000000000000000000e+00,0.000000000000000000e+00,0.000000000000000000e+00,-0.000000000000000000e+00,0.000000000000000000e+00,0.000000000000000000e+00,0.000000000000000000e+00,-0.000000000000000000e+00,0.000000000000000000e+00,0.000000000000000000e+00,0.000000000000000000e+00,0.000000000000000000e+00,0.000000000000000000e+00,0.000000000000000000e+00,2.199682567313035464e-01,4.716349898128164436e-02,0.000000000000000000e+00,0.000000000000000000e+00,0.000000000000000000e+00,0.000000000000000000e+00,0.000000000000000000e+00,0.000000000000000000e+00,-0.000000000000000000e+00,0.000000000000000000e+00,4.633881138544672651e-01,0.000000000000000000e+00,-0.000000000000000000e+00,-0.000000000000000000e+00
0.000000000000000000e+00,-0.000000000000000000e+00,-0.000000000000000000e+00,7.238243153331834490e-02,-0.000000000000000000e+00,0.000000000000000000e+00,5.280625211442194211e-02,-0.000000000000000000e+00,3.288926133786291395e+00,-0.000000000000000000e+00,3.759858319949800909e-01,-4.673443378825378747e-01,1.433251323492840956e-01,-0.000000000000000000e+00,-5.496198622664532074e-01,0.000000000000000000e+00,2.580645214042441224e-02,-0.000000000000000000e+00,-1.880581243419627013e-01,0.000000000000000000e+00,0.000000000000000000e+00,0.000000000000000000e+00,0.000000000000000000e+00,0.000000000000000000e+00,0.000000000000000000e+00,0.000000000000000000e+00,0.000000000000000000e+00,0.000000000000000000e+00,0.000000000000000000e+00,-0.000000000000000000e+00,0.000000000000000000e+00,-0.000000000000000000e+00,0.000000000000000000e+00,-7.352756113046046149e-01,5.102295461759965949e-03,4.489753598148771285e-02,0.000000000000000000e+00,-1.185127998090707152e-01,-6.588508411021094524e-01
-0.000000000000000000e+00,-0.000000000000000000e+00,-1.772090684251227399e-01,-0.000000000000000000e+00,-1.254410944411965267e-01,-0.000000000000000000e+00,-0.000000000000000000e+00,3.881039449037823608e-02,-0.000000000000000000e+00,1.850787985960978821e+00,-0.000000000000000000e+00,-0.000000000000000000e+00,-0.000000000000000000e+00,-0.000000000000000000e+00,-0.000000000000000000e+00,-6.600848977270458162e-01,0.000000000000000000e+00,-0.000000000000000000e+00,-1.362024511302009633e-01,-0.000000000000000000e+00,-0.000000000000000000e+00,-0.000000000000000000e+00,-0.000000000000000000e+00,-0.000000000000000000e+00,-2.873789431327230526e-01,-0.000000000000000000e+00,-0.000000000000000000e+00,-0.000000000000000000e+00,-0.000000000000000000e+00,-2.965390501602814255e-01,-2.776005115041145221e-01,-0.000000000000000000e+00,-0.000000000000000000e+00,-0.000000000000000000e+00,-0.000000000000000000e+00,-0.000000000000000000e+00,0.000000000000000000e+00,-4.521657215771811289e-02,-0.000000000000000000e+00
-0.000000000000000000e+00,5.345553595154566018e-02,0.000000000000000000e+00,-0.000000000000000000e+00,-0.000000000000000000e+00,-3.559584651576375713e-01,-0.000000000000000000e+00,0.000000000000000000e+00,3.759858319949800909e-01,-0.000000000000000000e+00,2.355259041636847517e+00,8.245377728586580912e-02,-3.449538905178597958e-01,0.000000000000000000e+00,2.501489630076842996e-01,-0.000000000000000000e+00,-3.581584580063589263e-01,0.000000000000000000e+00,0.000000000000000000e+00,-0.000000000000000000e+00,-0.000000000000000000e+00,-0.000000000000000000e+00,-2.498520620625779495e-02,-0.000000000000000000e+00,-0.000000000000000000e+00,-0.000000000000000000e+00,-0.000000000000000000e+00,-0.000000000000000000e+00,-0.000000000000000000e+00,0.000000000000000000e+00,-0.000000000000000000e+00,-0.000000000000000000e+00,-0.000000000000000000e+00,2.114819024666599045e-01,-3.078407035597309771e-01,-0.000000000000000000e+00,-0.000000000000000000e+00,0.000000000000000000e+00,0.000000000000000000e+00
0.000000000000000000e+00,-0.000000000000000000e+00,0.000000000000000000e+00,2.118655688226700751e-01,-0.000000000000000000e+00,0.000000000000000000e+00,6.892705365969883924e-02,-0.000000000000000000e+00,-4.673443378825378747e-01,-0.000000000000000000e+00,8.245377728586580912e-02,3.118907175156921951e+00,0.000000000000000000e+00,-0.000000000000000000e+00,-9.712700658302566570e-01,0.000000000000000000e+00,6.921331007144360115e-02,-0.000000000000000000e+00,-3.627912335256355814e-01,0.000000000000000000e+00,0.000000000000000000e+00,0.000000000000000000e+00,0.000000000000000000e+00,0.000000000000000000e+00,0.000000000000000000e+00,9.528081314940446689e-02,1.558621383928521509e-01,0.000000000000000000e+00,0.000000000000000000e+00,-0.000000000000000000e+00,0.000000000000000000e+00,0.000000000000000000e+00,0.000000000000000000e+00,-2.748827619485118556e-01,2.616609048217597225e-02,1.655996517815398750e-01,0.000000000000000000e+00,-1.190340223823168342e-01,-2.417571224548455966e-01
-0.000000000000000000e+00,7.261860327045890906e-02,-0.000000000000000000e+00,-0.000000000000000000e+00,-0.000000000000000000e+00,-3.756959020040496755e-01,-3.828108870200870226e-04,0.000000000000000000e+00,1.433251323492840956e-01,-0.000000000000000000e+00,-3.449538905178597958e-01,0.000000000000000000e+00,2.594878803804383960e+00,0.000000000000000000e+00,5.032110864717398435e-02,-6.100625057387992767e-02,-0.000000000000000000e+00,0.000000000000000000e+00,0.000000000000000000e+00,-1.171524979135314809e-01,-3.464388319521986004e-01,-1.847094561836393478e-01,-0.000000000000000000e+00,-0.000000000000000000e+00,-0.000000000000000000e+00,-4.889493306269170059e-02,-7.888152583852968414e-02,-3.007415701691065202e-01,-0.000000000000000000e+00,0.000000000000000000e+00,-0.000000000000000000e+00,0.000000000000000000e+00,-2.784873288854037288e-01,0.000000000000000000e+00,-3.553169688894664557e-01,-0.000000000000000000e+00,-0.000000000000000000e+00,0.000000000000000000e+00,0.000000000000000000e+00
0.000000000000000000e+00,-0.000000000000000000e+00,-0.000000000000000000e+00,-0.000000000000000000e+00,-3.061125656020616814e-01,-0.000000000000000000e+00,-0.000000000000000000e+00,0.000000000000000000e+00,-0.000000000000000000e+00,-0.000000000000000000e+00,0.000000000000000000e+00,-0.000000000000000000e+00,0.000000000000000000e+00,1.303208881781790174e+00,-0.000000000000000000e+00,-0.000000000000000000e+00,0.000000000000000000e+00,-0.000000000000000000e+00,-0.000000000000000000e+00,0.000000000000000000e+00,-0.000000000000000000e+00,-0.000000000000000000e+00,-1.703270177856378714e-02,-0.000000000000000000e+00,-0.000000000000000000e+00,0.000000000000000000e+00,-0.000000000000000000e+00,-0.000000000000000000e+00,-3.242097229108517609e-01,-1.441226363001631983e-01,-0.000000000000000000e+00,-0.000000000000000000e+00,-0.000000000000000000e+00,-2.839222343080377020e-01,-0.000000000000000000e+00,-0.000000000000000000e+00,-0.000000000000000000e+00,-5.315168524074779383e-02,-0.000000000000000000e+00
0.000000000000000000e+00,-0.000000000000000000e+00,0.000000000000000000e+00,0.000000000000000000e+00,0.000000000000000000e+00,0.000000000000000000e+00,0.000000000000000000e+00,-0.000000000000000000e+00,-5.496198622664532074e-01,-0.000000000000000000e+00,2.501489630076842996e-01,-9.712700658302566570e-01,5.032110864717398435e-02,-0.000000000000000000e+00,3.235562506432880792e+00,0.000000000000000000e+00,3.041716380864777358e-01,-2.440122425836917242e-01,-2.489668225666930856e-01,0.000000000000000000e+00,0.000000000000000000e+00,0.000000000000000000e+00,0.000000000000000000e+00,0.000000000000000000e+00,0.000000000000000000e+00,5.278688219128745661e-03,1.255637644091353589e-01,0.000000000000000000e+00,0.000000000000000000e+00,-0.000000000000000000e+00,0.000000000000000000e+00,0.000000000000000000e+00,0.000000000000000000e+00,-2.890235321739966223e-01,1.135006090870739198e-01,2.409158339152542294e-01,0.000000000000000000e+00,-1.039244733540145571e-01,-2.014329629907185212e-02
-1.238455171696969531e-01,0.000000000000000000e+00,-1.318657193919686721e-02,-0.000000000000000000e+00,-0.000000000000000000e+00,-0.000000000000000000e+00,-0.000000000000000000e+00,0.000000000000000000e+00,0.000000000000000000e+00,-6.600848977270458162e-01,-0.000000000000000000e+00,0.000000000000000000e+00,-6.100625057387992767e-02,-0.000000000000000000e+00,0.000000000000000000e+00,1.746562298627241772e+00,-0.000000000000000000e+00,-0.000000000000000000e+00,-0.000000000000000000e+00,-0.000000000000000000e+00,-9.313634632287412507e-02,-0.000000000000000000e+00,-8.387760151130541075e-02,-0.000000000000000000e+00,-0.000000000000000000e+00,-4.404581308611269647e-02,-0.000000000000000000e+00,-2.290054790190490797e-01,-0.000000000000000000e+00,-1.395307691953169282e-01,-0.000000000000000000e+00,-0.000000000000000000e+00,-2.146241958901849989e-01,-0.000000000000000000e+00,-0.000000000000000000e+00,-0.000000000000000000e+00,-0.000000000000000000e+00,-0.000000000000000000e+00,-0.000000000000000000e+00
-8.062814602812477804e-02,0.000000000000000000e+00,0.000000000000000000e+00,-0.000000000000000000e+00,-0.000000000000000000e+00,-4.328466060622360723e-01,-0.000000000000000000e+00,0.000000000000000000e+00,2.580645214042441224e-02,0.000000000000000000e+00,-3.581584580063589263e-01,6.921331007144360115e-02,-0.000000000000000000e+00,0.000000000000000000e+00,3.041716380864777358e-01,-0.000000000000000000e+00,1.981793407673759777e+00,2.552516888649195570e-01,0.000000000000000000e+00,0.000000000000000000e+00,-0.000000000000000000e+00,-0.000000000000000000e+00,-0.000000000000000000e+00,-0.000000000000000000e+00,-0.000000000000000000e+00,-2.676557793516786132e-01,-0.000000000000000000e+00,-0.000000000000000000e+00,-0.000000000000000000e+00,0.000000000000000000e+00,-0.000000000000000000e+00,-1.366531850872370057e-01,-0.000000000000000000e+00,9.025133175006715136e-02,-0.000000000000000000e+00,-0.000000000000000000e+00,-0.000000000000000000e+00,0.000000000000000000e+00,0.000000000000000000e+00
1.264401747230203821e-01,-0.000000000000000000e+00,-1.399831305020147743e-01,-0.000000000000000000e+00,-0.000000000000000000e+00,0.000000000000000000e+00,-0.000000000000000000e+00,0.000000000000000000e+00,-0.000000000000000000e+00,-0.000000000000000000e+00,0.000000000000000000e+00,-0.000000000000000000e+00,0.000000000000000000e+00,-0.000000000000000000e+00,-2.440122425836917242e-01,-0.000000000000000000e+00,2.552516888649195570e-01,2.104916992668286913e+00,-7.955829146320979595e-01,-0.000000000000000000e+00,-0.000000000000000000e+00,-0.000000000000000000e+00,-0.000000000000000000e+00,0.000000000000000000e+00,-0.000000000000000000e+00,0.000000000000000000e+00,0.000000000000000000e+00,-0.000000000000000000e+00,-0.000000000000000000e+00,-5.454096290797986191e-01,-0.000000000000000000e+00,0.000000000000000000e+00,-0.000000000000000000e+00,-2.279130042482218899e-01,0.000000000000000000e+00,0.000000000000000000e+00,0.000000000000000000e+00,-0.000000000000000000e+00,-0.000000000000000000e+00
0.000000000000000000e+00,-0.000000000000000000e+00,-6.268219784928044658e-02,0.000000000000000000e+00,-0.000000000000000000e+00,0.000000000000000000e+00,0.000000000000000000e+00,-0.000000000000000000e+00,-1.880581243419627013e-01,-1.362024511302009633e-01,0.000000000000000000e+00,-3.627912335256355814e-01,0.000000000000000000e+00,-0.000000000000000000e+00,-2.489668225666930856e-01,-0.000000000000000000e+00,0.000000000000000000e+00,-7.955829146320979595e-01,2.139068925111524688e+00,-0.000000000000000000e+00,-0.000000000000000000e+00,-0.000000000000000000e+00,-0.000000000000000000e+00,0.000000000000000000e+00,-0.000000000000000000e+00,0.000000000000000000e+00,0.000000000000000000e+00,0.000000000000000000e+00,0.000000000000000000e+00,-0.000000000000000000e+00,0.000000000000000000e+00,0.000000000000000000e+00,-0.000000000000000000e+00,-7.071005402324301303e-02,0.000000000000000000e+00,0.000000000000000000e+00,0.000000000000000000e+00,-8.295032806579218099e-02,-1.790451056074274239e-01
-0.000000000000000000e+00,0.000000000000000000e+00,-1.531505055350063371e-01,-0.000000000000000000e+00,0.000000000000000000e+00,-0.000000000000000000e+00,-1.935764975523673048e-01,0.000000000000000000e+00,0.000000000000000000e+00,-0.000000000000000000e+00,-0.000000000000000000e+00,0.000000000000000000e+00,-1.171524979135314809e-01,0.000000000000000000e+00,0.000000000000000000e+00,-0.000000000000000000e+00,0.000000000000000000e+00,-0.000000000000000000e+00,-0.000000000000000000e+00,1.537547509926212808e+00,-2.900589710018506850e-01,-2.146302646922433333e-01,-0.000000000000000000e+00,-0.000000000000000000e+00,-0.000000000000000000e+00,-0.000000000000000000e+00,-0.000000000000000000e+00,-1.326682535178464184e-01,-0.000000000000000000e+00,-0.000000000000000000e+00,0.000000000000000000e+00,2.272840155798059869e-01,-0.000000000000000000e+00,0.000000000000000000e+00,-0.000000000000000000e+00,-0.000000000000000000e+00,-0.000000000000000000e+00,0.000000000000000000e+00,5.332975219200696004e-02
-0.000000000000000000e+00,1.227193569085867769e-01,-0.000000000000000000e+00,-0.000000000000000000e+00,-0.000000000000000000e+00,-0.000000000000000000e+00,-0.000000000000000000e+00,0.000000000000000000e+00,0.000000000000000000e+00,-0.000000000000000000e+00,-0.000000000000000000e+00,0.000000000000000000e+00,-3.464388319521986004e-01,-0.000000000000000000e+00,0.000000000000000000e+00,-9.313634632287412507e-02,-0.000000000000000000e+00,-0.000000000000000000e+00,-0.000000000000000000e+00,-2.900589710018506850e-01,2.727059653057310129e+00,-6.951863405455435130e-01,-2.030960798721668722e-04,-0.000000000000000000e+00,-0.000000000000000000e+00,-0.000000000000000000e+00,-0.000000000000000000e+00,-4.002622197261107018e-01,-0.000000000000000000e+00,-0.000000000000000000e+00,-0.000000000000000000e+00,0.000000000000000000e+00,-5.774453640260841514e-01,0.000000000000000000e+00,-2.810393849451818249e-01,-0.000000000000000000e+00,-0.000000000000000000e+00,0.000000000000000000e+00,0.000000000000000000e+00
-0.000000000000000000e+00,0.000000000000000000e+00,-7.322462977421130559e-02,-1.390640771682486454e-01,-0.000000000000000000e+00,-0.000000000000000000e+00,-5.399630541335090905e-01,0.000000000000000000e+00,0.000000000000000000e+00,-0.000000000000000000e+00,-0.000000000000000000e+00,0.000000000000000000e+00,-1.847094561836393478e-01,-0.000000000000000000e+00,0.000000000000000000e+00,-0.000000000000000000e+00,-0.000000000000000000e+00,-0.000000000000000000e+00,-0.000000000000000000e+00,-2.146302646922433333e-01,-6.951863405455435130e-01,2.857923617753920897e+00,-0.000000000000000000e+00,-0.000000000000000000e+00,-0.000000000000000000e+00,-0.000000000000000000e+00,-0.000000000000000000e+00,-3.686731528105501310e-01,-0.000000000000000000e+00,-0.000000000000000000e+00,-0.000000000000000000e+00,0.000000000000000000e+00,-5.437930168470830328e-01,0.000000000000000000e+00,-0.000000000000000000e+00,-1.630778811684794882e-01,-0.000000000000000000e+00,0.000000000000000000e+00,0.000000000000000000e+00
0.000000000000000000e+00,0.000000000000000000e+00,-0.000000000000000000e+00,-0.000000000000000000e+00,-3.605050993689364134e-03,-3.762917349552341584e-01,-0.000000000000000000e+00,0.000000000000000000e+00,0.000000000000000000e+00,-0.000000000000000000e+00,-2.498520620625779495e-02,0.000000000000000000e+00,-0.000000000000000000e+00,-1.703270177856378714e-02,0.000000000000000000e+00,-8.387760151130541075e-02,-0.000000000000000000e+00,-0.000000000000000000e+00,-0.000000000000000000e+00,-0.000000000000000000e+00,-2.030960798721668722e-04,-0.000000000000000000e+00,1.820681105965457292e+00,-3.015432356593351904e-02,-4.731335442012903902e-01,-0.000000000000000000e+00,-0.000000000000000000e+00,-0.000000000000000000e+00,-2.447993268304713144e-01,-0.000000000000000000e+00,-0.000000000000000000e+00,-0.000000000000000000e+00,-3.156352109029231245e-01,-0.000000000000000000e+00,-1.769415664021633250e-01,-0.000000000000000000e+00,-2.107630479147418190e-02,-0.000000000000000000e+00,0.000000000000000000e+00
-0.000000000000000000e+00,0.000000000000000000e+00,-0.000000000000000000e+00,-0.000000000000000000e+00,-6.017175066327524330e-02,-2.611549370716702567e-01,-0.000000000000000000e+00,0.000000000000000000e+00,0.000000000000000000e+00,-0.000000000000000000e+00,-0.000000000000000000e+00,0.000000000000000000e+00,-0.000000000000000000e+00,-0.000000000000000000e+00,0.000000000000000000e+00,-0.000000000000000000e+00,-0.000000000000000000e+00,0.000000000000000000e+00,0.000000000000000000e+00,-0.000000000000000000e+00,-0.000000000000000000e+00,-0.000000000000000000e+00,-3.015432356593351904e-02,1.152411676236826610e+00,-0.000000000000000000e+00,-0.000000000000000000e+00,-0.000000000000000000e+00,-0.000000000000000000e+00,-0.000000000000000000e+00,0.000000000000000000e+00,-0.000000000000000000e+00,-0.000000000000000000e+00,-0.000000000000000000e+00,0.000000000000000000e+00,-0.000000000000000000e+00,0.000000000000000000e+00,-1.964447839151436115e-01,0.000000000000000000e+00,0.000000000000000000e+00
0.000000000000000000e+00,-0.000000000000000000e+00,-2.834406972517697354e-02,-0.000000000000000000e+00,-0.000000000000000000e+00,-0.000000000000000000e+00,-2.214334623040999789e-02,0.000000000000000000e+00,0.000000000000000000e+00,-2.873789431327230526e-01,-0.000000000000000000e+00,0.000000000000000000e+00,-0.000000000000000000e+00,-0.000000000000000000e+00,0.000000000000000000e+00,-0.000000000000000000e+00,-0.000000000000000000e+00,-0.000000000000000000e+00,-0.000000000000000000e+00,-0.000000000000000000e+00,-0.000000000000000000e+00,-0.000000000000000000e+00,-4.731335442012903902e-01,-0.000000000000000000e+00,1.530055100630542952e+00,-0.000000000000000000e+00,-0.000000000000000000e+00,-0.000000000000000000e+00,-3.877700594286253438e-02,-9.081049165867399742e-02,-1.767138163298450915e-01,-0.000000000000000000e+00,-1.748049520282417835e-01,-0.000000000000000000e+00,-0.000000000000000000e+00,-0.000000000000000000e+00,-0.000000000000000000e+00,-0.000000000000000000e+00,-0.000000000000000000e+00
-2.362678901434874523e-01,-0.000000000000000000e+00,-2.869902138810441830e-02,-0.000000000000000000e+00,-8.709814444750173246e-02,-0.000000000000000000e+00,-0.000000000000000000e+00,2.199682567313035464e-01,0.000000000000000000e+00,-0.000000000000000000e+00,-0.000000000000000000e+00,9.528081314940446689e-02,-4.889493306269170059e-02,0.000000000000000000e+00,5.278688219128745661e-03,-4.404581308611269647e-02,-2.676557793516786132e-01,0.000000000000000000e+00,0.000000000000000000e+00,-0.000000000000000000e+00,-0.000000000000000000e+00,-0.000000000000000000e+00,-0.000000000000000000e+00,-0.000000000000000000e+00,-0.000000000000000000e+00,2.480395817872341979e+00,-1.077456316466997688e+00,-3.377020401584915343e-01,-0.000000000000000000e+00,-0.000000000000000000e+00,-3.554509106857593748e-02,-1.678688260056165893e-01,-8.574773076726277532e-02,0.000000000000000000e+00,-0.000000000000000000e+00,-0.000000000000000000e+00,-0.000000000000000000e+00,0.000000000000000000e+00,0.000000000000000000e+00
-1.035690433969759482e-02,-0.000000000000000000e+00,-0.000000000000000000e+00,-0.000000000000000000e+00,-0.000000000000000000e+00,-0.000000000000000000e+00,-3.676069492052340404e-02,4.716349898128164436e-02,0.000000000000000000e+00,-0.000000000000000000e+00,-0.000000000000000000e+00,1.558621383928521509e-01,-7.888152583852968414e-02,-0.000000000000000000e+00,1.255637644091353589e-01,-0.000000000000000000e+00,-0.000000000000000000e+00,0.000000000000000000e+00,0.000000000000000000e+00,-0.000000000000000000e+00,-0.000000000000000000e+00,-0.000000000000000000e+00,-0.000000000000000000e+00,-0.000000000000000000e+00,-0.000000000000000000e+00,-1.077456316466997688e+00,2.543561813631920909e+00,-4.232676733759754284e-01,-4.109750535430212182e-02,-0.000000000000000000e+00,-4.240577733466939225e-01,-0.000000000000000000e+00,-1.114886706608824163e-01,0.000000000000000000e+00,-0.000000000000000000e+00,-9.034499143325977477e-02,-0.000000000000000000e+00,0.000000000000000000e+00,0.000000000000000000e+00
-0.000000000000000000e+00,0.000000000000000000e+00,-1.116900724486815343e-02,-3.085118865828654910e-01,-0.000000000000000000e+00,-0.000000000000000000e+00,-4.186280520754712131e-01,0.000000000000000000e+00,0.000000000000000000e+00,-0.000000000000000000e+00,-0.000000000000000000e+00,0.000000000000000000e+00,-3.007415701691065202e-01,-0.000000000000000000e+00,0.000000000000000000e+00,-2.290054790190490797e-01,-0.000000000000000000e+00,-0.000000000000000000e+00,0.000000000000000000e+00,-1.326682535178464184e-01,-4.002622197261107018e-01,-3.686731528105501310e-01,-0.000000000000000000e+00,-0.000000000000000000e+00,-0.000000000000000000e+00,-3.377020401584915343e-01,-4.232676733759754284e-01,2.928574128843449031e+00,-0.000000000000000000e+00,-0.000000000000000000e+00,-0.000000000000000000e+00,0.000000000000000000e+00,-1.957190071054308866e-01,0.000000000000000000e+00,-0.000000000000000000e+00,-4.035201330108362933e-02,-0.000000000000000000e+00,0.000000000000000000e+00,0.000000000000000000e+00
0.000000000000000000e+00,-0.000000000000000000e+00,-0.000000000000000000e+00,-0.000000000000000000e+00,-0.000000000000000000e+00,-0.000000000000000000e+00,-1.763307232174062510e-03,0.000000000000000000e+00,0.000000000000000000e+00,-0.000000000000000000e+00,-0.000000000000000000e+00,0.000000000000000000e+00,-0.000000000000000000e+00,-3.242097229108517609e-01,0.000000000000000000e+00,-0.000000000000000000e+00,-0.000000000000000000e+00,-0.000000000000000000e+00,0.000000000000000000e+00,-0.000000000000000000e+00,-0.000000000000000000e+00,-0.000000000000000000e+00,-2.447993268304713144e-01,-0.000000000000000000e+00,-3.877700594286253438e-02,-0.000000000000000000e+00,-4.109750535430212182e-02,-0.000000000000000000e+00,1.545048647742808035e+00,-8.095843253942286433e-02,-1.366557145848451560e-01,-0.000000000000000000e+00,-0.000000000000000000e+00,-0.000000000000000000e+00,-0.000000000000000000e+00,-0.000000000000000000e+00,-5.699707864894875131e-01,-0.000000000000000000e+00,0.000000000000000000e+00
0.000000000000000000e+00,-3.800985315376603085e-02,-2.815202998094467057e-01,-0.000000000000000000e+00,-0.000000000000000000e+00,0.000000000000000000e+00,-0.000000000000000000e+00,0.000000000000000000e+00,-0.000000000000000000e+00,-2.965390501602814255e-01,0.000000000000000000e+00,-0.000000000000000000e+00,0.000000000000000000e+00,-1.441226363001631983e-01,-0.000000000000000000e+00,-1.395307691953169282e-01,0.000000000000000000e+00,-5.454096290797986191e-01,-0.000000000000000000e+00,-0.000000000000000000e+00,-0.000000000000000000e+00,-0.000000000000000000e+00,-0.000000000000000000e+00,0.000000000000000000e+00,-9.081049165867399742e-02,-0.000000000000000000e+00,-0.000000000000000000e+00,-0.000000000000000000e+00,-8.095843253942286433e-02,1.634842214765155122e+00,-6.178890653154879564e-02,-0.000000000000000000e+00,-0.000000000000000000e+00,-0.000000000000000000e+00,0.000000000000000000e+00,-8.968224161205073930e-02,0.000000000000000000e+00,-1.685947993708910575e-01,-0.000000000000000000e+00
-0.000000000000000000e+00,-0.000000000000000000e+00,-0.000000000000000000e+00,-0.000000000000000000e+00,-8.726929196612391582e-02,-0.000000000000000000e+00,-0.000000000000000000e+00,0.000000000000000000e+00,0.000000000000000000e+00,-2.776005115041145221e-01,-0.000000000000000000e+00,0.000000000000000000e+00,-0.000000000000000000e+00,-0.000000000000000000e+00,0.000000000000000000e+00,-0.000000000000000000e+00,-0.000000000000000000e+00,-0.000000000000000000e+00,0.000000000000000000e+00,0.000000000000000000e+00,-0.000000000000000000e+00,-0.000000000000000000e+00,-0.000000000000000000e+00,-0.000000000000000000e+00,-1.767138163298450915e-01,-3.554509106857593748e-02,-4.240577733466939225e-01,-0.000000000000000000e+00,-1.366557145848451560e-01,-6.178890653154879564e-02,1.587681460705853809e+00,-3.614932955057602038e-01,-0.000000000000000000e+00,-0.000000000000000000e+00,-0.000000000000000000e+00,-0.000000000000000000e+00,-0.000000000000000000e+00,-0.000000000000000000e+00,-0.000000000000000000e+00
-0.000000000000000000e+00,-3.660629071870332707e-01,-0.000000000000000000e+00,-0.000000000000000000e+00,-2.030979932448701564e-01,-0.000000000000000000e+00,-0.000000000000000000e+00,0.000000000000000000e+00,-0.000000000000000000e+00,-0.000000000000000000e+00,-0.000000000000000000e+00,0.000000000000000000e+00,0.000000000000000000e+00,-0.000000000000000000e+00,0.000000000000000000e+00,-0.000000000000000000e+00,-1.366531850872370057e-01,0.000000000000000000e+00,0.000000000000000000e+00,2.272840155798059869e-01,0.000000000000000000e+00,0.000000000000000000e+00,-0.000000000000000000e+00,-0.000000000000000000e+00,-0.000000000000000000e+00,-1.678688260056165893e-01,-0.000000000000000000e+00,0.000000000000000000e+00,-0.000000000000000000e+00,-0.000000000000000000e+00,-3.614932955057602038e-01,1.374422553344769593e+00,-0.000000000000000000e+00,-0.000000000000000000e+00,0.000000000000000000e+00,-0.000000000000000000e+00,-0.000000000000000000e+00,-0.000000000000000000e+00,-0.000000000000000000e+00
-0.000000000000000000e+00,0.000000000000000000e+00,-3.059664866044939924e-01,-0.000000000000000000e+00,-0.000000000000000000e+00,-1.964199047957944089e-01,-1.293638116427262529e-02,0.000000000000000000e+00,0.000000000000000000e+00,-0.000000000000000000e+00,-0.000000000000000000e+00,0.000000000000000000e+00,-2.784873288854037288e-01,-0.000000000000000000e+00,0.000000000000000000e+00,-2.146241958901849989e-01,-0.000000000000000000e+00,-0.000000000000000000e+00,-0.000000000000000000e+00,-0.000000000000000000e+00,-5.774453640260841514e-01,-5.437930168470830328e-01,-3.156352109029231245e-01,-0.000000000000000000e+00,-1.748049520282417835e-01,-8.574773076726277532e-02,-1.114886706608824163e-01,-1.957190071054308866e-01,-0.000000000000000000e+00,-0.000000000000000000e+00,-0.000000000000000000e+00,-0.000000000000000000e+00,2.832883588310744827e+00,0.000000000000000000e+00,-1.342616216489262992e-01,-0.000000000000000000e+00,-0.000000000000000000e+00,0.000000000000000000e+00,0.000000000000000000e+00
0.000000000000000000e+00,-0.000000000000000000e+00,-0.000000000000000000e+00,0.000000000000000000e+00,-0.000000000000000000e+00,0.000000000000000000e+00,0.000000000000000000e+00,-0.000000000000000000e+00,-7.352756113046046149e-01,-0.000000000000000000e+00,2.114819024666599045e-01,-2.748827619485118556e-01,0.000000000000000000e+00,-2.839222343080377020e-01,-2.890235321739966223e-01,-0.000000000000000000e+00,9.025133175006715136e-02,-2.279130042482218899e-01,-7.071005402324301303e-02,0.000000000000000000e+00,0.000000000000000000e+00,0.000000000000000000e+00,-0.000000000000000000e+00,0.000000000000000000e+00,-0.000000000000000000e+00,0.000000000000000000e+00,0.000000000000000000e+00,0.000000000000000000e+00,-0.000000000000000000e+00,-0.000000000000000000e+00,-0.000000000000000000e+00,-0.000000000000000000e+00,0.000000000000000000e+00,2.602385557805265925e+00,0.000000000000000000e+00,0.000000000000000000e+00,0.000000000000000000e+00,-2.743707614013299878e-01,-2.780765851804067323e-01
-0.000000000000000000e+00,0.000000000000000000e+00,-0.000000000000000000e+00,-0.000000000000000000e+00,-0.000000000000000000e+00,-2.953481235357436341e-01,-0.000000000000000000e+00,0.000000000000000000e+00,5.102295461759965949e-03,-0.000000000000000000e+00,-3.078407035597309771e-01,2.616609048217597225e-02,-3.553169688894664557e-01,-0.000000000000000000e+00,1.135006090870739198e-01,-0.000000000000000000e+00,-0.000000000000000000e+00,0.000000000000000000e+00,0.000000000000000000e+00,-0.000000000000000000e+00,-2.810393849451818249e-01,-0.000000000000000000e+00,-1.769415664021633250e-01,-0.000000000000000000e+00,-0.000000000000000000e+00,-0.000000000000000000e+00,-0.000000000000000000e+00,-0.000000000000000000e+00,-0.000000000000000000e+00,0.000000000000000000e+00,-0.000000000000000000e+00,0.000000000000000000e+00,-1.342616216489262992e-01,0.000000000000000000e+00,2.435008573310248892e+00,-0.000000000000000000e+00,-8.122431271930149466e-01,0.000000000000000000e+00,3.661970250188285175e-02
-0.000000000000000000e+00,-0.000000000000000000e+00,-0.000000000000000000e+00,-2.596288921607863842e-01,-0.000000000000000000e+00,-0.000000000000000000e+00,-6.977025177616859308e-02,4.633881138544672651e-01,4.489753598148771285e-02,-0.000000000000000000e+00,-0.000000000000000000e+00,1.655996517815398750e-01,-0.000000000000000000e+00,-0.000000000000000000e+00,2.409158339152542294e-01,-0.000000000000000000e+00,-0.000000000000000000e+00,0.000000000000000000e+00,0.000000000000000000e+00,-0.000000000000000000e+00,-0.000000000000000000e+00,-1.630778811684794882e-01,-0.000000000000000000e+00,0.000000000000000000e+00,-0.000000000000000000e+00,-0.000000000000000000e+00,-9.034499143325977477e-02,-4.035201330108362933e-02,-0.000000000000000000e+00,-8.968224161205073930e-02,-0.000000000000000000e+00,-0.000000000000000000e+00,-0.000000000000000000e+00,0.000000000000000000e+00,-0.000000000000000000e+00,1.744469576314416681e+00,-0.000000000000000000e+00,0.000000000000000000e+00,0.000000000000000000e+00
0.000000000000000000e+00,0.000000000000000000e+00,0.000000000000000000e+00,-0.000000000000000000e+00,-0.000000000000000000e+00,-5.603154244815634205e-02,-0.000000000000000000e+00,0.000000000000000000e+00,0.000000000000000000e+00,0.000000000000000000e+00,-0.000000000000000000e+00,0.000000000000000000e+00,-0.000000000000000000e+00,-0.000000000000000000e+00,0.000000000000000000e+00,-0.000000000000000000e+00,-0.000000000000000000e+00,0.000000000000000000e+00,0.000000000000000000e+00,-0.000000000000000000e+00,-0.000000000000000000e+00,-0.000000000000000000e+00,-2.107630479147418190e-02,-1.964447839151436115e-01,-0.000000000000000000e+00,-0.000000000000000000e+00,-0.000000000000000000e+00,-0.000000000000000000e+00,-5.699707864894875131e-01,0.000000000000000000e+00,-0.000000000000000000e+00,-0.000000000000000000e+00,-0.000000000000000000e+00,0.000000000000000000e+00,-8.122431271930149466e-01,-0.000000000000000000e+00,1.851481292802755751e+00,0.000000000000000000e+00,0.000000000000000000e+00
-0.000000000000000000e+00,-0.000000000000000000e+00,-0.000000000000000000e+00,1.301967893734798098e-01,-2.263017257172047700e-02,0.000000000000000000e+00,1.060483235093730020e-01,-0.000000000000000000e+00,-1.185127998090707152e-01,-4.521657215771811289e-02,0.000000000000000000e+00,-1.190340223823168342e-01,0.000000000000000000e+00,-5.315168524074779383e-02,-1.039244733540145571e-01,-0.000000000000000000e+00,0.000000000000000000e+00,-0.000000000000000000e+00,-8.295032806579218099e-02,0.000000000000000000e+00,0.000000000000000000e+00,0.000000000000000000e+00,-0.000000000000000000e+00,0.000000000000000000e+00,-0.000000000000000000e+00,0.000000000000000000e+00,0.000000000000000000e+00,0.000000000000000000e+00,-0.000000000000000000e+00,-1.685947993708910575e-01,-0.000000000000000000e+00,-0.000000000000000000e+00,0.000000000000000000e+00,-2.743707614013299878e-01,0.000000000000000000e+00,0.000000000000000000e+00,0.000000000000000000e+00,2.087160829541605533e+00,-8.187420181403161079e-01
0.000000000000000000e+00,-2.080572514252426453e-01,-0.000000000000000000e+00,2.233829216981780275e-01,-0.000000000000000000e+00,0.000000000000000000e+00,4.770436547651453474e-02,-0.000000000000000000e+00,-6.588508411021094524e-01,-0.000000000000000000e+00,0.000000000000000000e+00,-2.417571224548455966e-01,0.000000000000000000e+00,-0.000000000000000000e+00,-2.014329629907185212e-02,-0.000000000000000000e+00,0.000000000000000000e+00,-0.000000000000000000e+00,-1.790451056074274239e-01,5.332975219200696004e-02,0.000000000000000000e+00,0.000000000000000000e+00,0.000000000000000000e+00,0.000000000000000000e+00,-0.000000000000000000e+00,0.000000000000000000e+00,0.000000000000000000e+00,0.000000000000000000e+00,0.000000000000000000e+00,-0.000000000000000000e+00,-0.000000000000000000e+00,-0.000000000000000000e+00,0.000000000000000000e+00,-2.780765851804067323e-01,3.661970250188285175e-02,0.000000000000000000e+00,0.000000000000000000e+00,-8.187420181403161079e-01,2.660569578742718821e+00
