2.308594200388186746e+00,-8.378779578810158918e-03,-0.000000000000000000e+00,-3.503263958894820007e-01,-0.000000000000000000e+00,-0.000000000000000000e+00,-0.000000000000000000e+00,0.000000000000000000e+00,-0.000000000000000000e+00,-7.346562092988805082e-02,-3.378329981528376269e-01,-1.302529979137507371e-02,0.000000000000000000e+00,-5.295180069870564221e-03,-1.047985489831011890e-01,-0.000000000000000000e+00,-0.000000000000000000e+00,-1.028846811384372395e-01,-0.000000000000000000e+00,-0.000000000000000000e+00,-0.000000000000000000e+00,-0.000000000000000000e+00,-9.435564954009802163e-02,-0.000000000000000000e+00,-1.198811475309290858e-01,-3.117836715098631223e-02,-0.000000000000000000e+00,-0.000000000000000000e+00,-4.960794785174258426e-01,-3.183790916701282475e-02,-0.000000000000000000e+00,-3.413754926471349038e-01,-1.074423452938827982e-02,-0.000000000000000000e+00,-0.000000000000000000e+00,-0.000000000000000000e+00,-2.013792020693738194e-01,-1.410929638283438259e-01,-0.000000000000000000e+00
-8.378779578810158918e-03,2.734677458140329254e+00,-0.000000000000000000e+00,-0.000000000000000000e+00,-0.000000000000000000e+00,0.000000000000000000e+00,-0.000000000000000000e+00,0.000000000000000000e+00,-0.000000000000000000e+00,-4.665574686414332706e-01,-0.000000000000000000e+00,-9.068291025417772599e-02,0.000000000000000000e+00,-4.197425103087734088e-01,-0.000000000000000000e+00,-4.744272306718507748e-01,-0.000000000000000000e+00,-0.000000000000000000e+00,-0.000000000000000000e+00,-0.000000000000000000e+00,0.000000000000000000e+00,0.000000000000000000e+00,-2.345844815378901327e-01,-0.000000000000000000e+00,-0.000000000000000000e+00,-0.000000000000000000e+00,-0.000000000000000000e+00,-0.000000000000000000e+00,-0.000000000000000000e+00,-2.862698881740395884e-01,-0.000000000000000000e+00,-4.364168787063821275e-01,-0.000000000000000000e+00,-2.778959835448615440e-02,-0.000000000000000000e+00,-1.577465894084572051e-01,-2.110765035633557773e-01,-0.000000000000000000e+00,-0.000000000000000000e+00
-0.000000000000000000e+00,-0.000000000000000000e+00,2.211413122153088384e+00,-0.000000000000000000e+00,-5.003083725984998065e-01,0.000000000000000000e+00,-0.000000000000000000e+00,1.092987473130300424e+00,-0.000000000000000000e+00,-0.000000000000000000e+00,-0.000000000000000000e+00,-0.000000000000000000e+00,0.000000000000000000e+00,-0.000000000000000000e+00,-1.955691271863469610e-02,0.000000000000000000e+00,0.000000000000000000e+00,0.000000000000000000e+00,-0.000000000000000000e+00,0.000000000000000000e+00,0.000000000000000000e+00,0.000000000000000000e+00,-0.000000000000000000e+00,-1.710050657309701294e-01,-1.916475063291341874e-01,-0.000000000000000000e+00,-0.000000000000000000e+00,-0.000000000000000000e+00,1.204191972502970977e-02,0.000000000000000000e+00,-0.000000000000000000e+00,0.000000000000000000e+00,-0.000000000000000000e+00,-0.000000000000000000e+00,0.000000000000000000e+00,-0.000000000000000000e+00,-0.000000000000000000e+00,-0.000000000000000000e+00,-0.000000000000000000e+00
-3.503263958894820007e-01,-0.000000000000000000e+00,-0.000000000000000000e+00,1.810034196723872890e+00,-0.000000000000000000e+00,0.000000000000000000e+00,-2.136074504881525227e-01,0.000000000000000000e+00,0.000000000000000000e+00,-0.000000000000000000e+00,-0.000000000000000000e+00,-0.000000000000000000e+00,-0.000000000000000000e+00,-0.000000000000000000e+00,-0.000000000000000000e+00,-0.000000000000000000e+00,-0.000000000000000000e+00,-2.492344115127528847e-02,-0.000000000000000000e+00,-1.283078567885605759e-01,-0.000000000000000000e+00,-1.129675768863429713e-01,-0.000000000000000000e+00,-0.000000000000000000e+00,-6.248773833241465236e-02,-0.000000000000000000e+00,-0.000000000000000000e+00,-2.514817159159463689e-01,-0.000000000000000000e+00,-0.000000000000000000e+00,-0.000000000000000000e+00,-1.508682220035764132e-01,-1.793441346949454784e-01,-0.000000000000000000e+00,0.000000000000000000e+00,-0.000000000000000000e+00,-3.146355915244354318e-01,-0.000000000000000000e+00,0.000000000000000000e+00
-0.000000000000000000e+00,-0.000000000000000000e+00,-5.003083725984998065e-01,-0.000000000000000000e+00,2.513743960439046354e+00,0.000000000000000000e+00,-0.000000000000000000e+00,2.945322968197863767e-01,-3.174262704719407191e-01,-0.000000000000000000e+00,-0.000000000000000000e+00,-0.000000000000000000e+00,0.000000000000000000e+00,-2.651500257529142424e-01,-0.000000000000000000e+00,-0.000000000000000000e+00,0.000000000000000000e+00,-0.000000000000000000e+00,-4.760944967278301077e-01,0.000000000000000000e+00,0.000000000000000000e+00,0.000000000000000000e+00,-1.490938773865597700e-01,-0.000000000000000000e+00,-0.000000000000000000e+00,-0.000000000000000000e+00,-0.000000000000000000e+00,0.000000000000000000e+00,0.000000000000000000e+00,-0.000000000000000000e+00,-0.000000000000000000e+00,-0.000000000000000000e+00,0.000000000000000000e+00,-5.051825851889647501e-01,-0.000000000000000000e+00,-0.000000000000000000e+00,-0.000000000000000000e+00,-0.000000000000000000e+00,-0.000000000000000000e+00
-0.000000000000000000e+00,0.000000000000000000e+00,0.000000000000000000e+00,0.000000000000000000e+00,0.000000000000000000e+00,1.279821611577168783e+00,0.000000000000000000e+00,-0.000000000000000000e+00,0.000000000000000000e+00,0.000000000000000000e+00,-2.582371768524068315e-02,-0.000000000000000000e+00,1.367409313878309093e-02,0.000000000000000000e+00,0.000000000000000000e+00,0.000000000000000000e+00,-3.829463064266412364e-01,-0.000000000000000000e+00,0.000000000000000000e+00,-0.000000000000000000e+00,-1.493618312955856398e-01,-0.000000000000000000e+00,-0.000000000000000000e+00,3.922721825993999434e-02,-0.000000000000000000e+00,-9.691566084056370267e-02,-0.000000000000000000e+00,0.000000000000000000e+00,-3.450719613184444895e-02,0.000000000000000000e+00,0.000000000000000000e+00,-0.000000000000000000e+00,-0.000000000000000000e+00,0.000000000000000000e+00,-1.866953502732692782e-01,-0.000000000000000000e+00,-0.000000000000000000e+00,-0.000000000000000000e+00,-0.000000000000000000e+00
-0.000000000000000000e+00,-0.000000000000000000e+00,-0.000000000000000000e+00,-2.136074504881525227e-01,-0.000000000000000000e+00,0.000000000000000000e+00,1.408562354088040980e+00,0.000000000000000000e+00,-0.000000000000000000e+00,-6.670855242757346704e-02,-0.000000000000000000e+00,2.128539537216164457e-01,-0.000000000000000000e+00,-0.000000000000000000e+00,0.000000000000000000e+00,-0.000000000000000000e+00,-0.000000000000000000e+00,-6.199922657102119317e-03,-5.203019035105094225e-01,-0.000000000000000000e+00,0.000000000000000000e+00,-0.000000000000000000e+00,-0.000000000000000000e+00,-0.000000000000000000e+00,-4.841386114384974015e-02,-0.000000000000000000e+00,0.000000000000000000e+00,-0.000000000000000000e+00,-0.000000000000000000e+00,-0.000000000000000000e+00,-5.443924870499482205e-02,-9.441983321935976844e-06,-0.000000000000000000e+00,-0.000000000000000000e+00,0.000000000000000000e+00,-0.000000000000000000e+00,-0.000000000000000000e+00,1.148562275208608596e-01,2.999726538021951772e-01
0.000000000000000000e+00,0.000000000000000000e+00,1.092987473130300424e+00,0.000000000000000000e+00,2.945322968197863767e-01,-0.000000000000000000e+00,0.000000000000000000e+00,2.730180012426354441e+00,3.997328891517002991e-01,0.000000000000000000e+00,0.000000000000000000e+00,0.000000000000000000e+00,-6.056381547940960230e-02,0.000000000000000000e+00,0.000000000000000000e+00,0.000000000000000000e+00,-0.000000000000000000e+00,0.000000000000000000e+00,1.514811620562674654e-01,-1.758532695626514875e-01,-0.000000000000000000e+00,-0.000000000000000000e+00,9.375052121583551945e-02,1.936979913729776348e-01,0.000000000000000000e+00,0.000000000000000000e+00,0.000000000000000000e+00,-0.000000000000000000e+00,-0.000000000000000000e+00,0.000000000000000000e+00,-0.000000000000000000e+00,-0.000000000000000000e+00,-0.000000000000000000e+00,4.987300065304820507e-01,0.000000000000000000e+00,0.000000000000000000e+00,0.000000000000000000e+00,0.000000000000000000e+00,0.000000000000000000e+00
-0.000000000000000000e+00,-0.000000000000000000e+00,-0.000000000000000000e+00,0.000000000000000000e+00,-3.174262704719407191e-01,0.000000000000000000e+00,-0.000000000000000000e+00,3.997328891517002991e-01,2.445514238702470866e+00,-1.024393622295585587e-01,-0.000000000000000000e+00,-3.616612286068091736e-02,1.469839924619836535e-01,-0.000000000000000000e+00,-0.000000000000000000e+00,-0.000000000000000000e+00,0.000000000000000000e+00,-0.000000000000000000e+00,-5.640812791411772137e-02,5.514177071832938870e-02,0.000000000000000000e+00,9.125970524374502069e-02,-2.762533799608355989e-01,-2.029293583675702631e-02,-0.000000000000000000e+00,-2.089651978872462679e-01,-0.000000000000000000e+00,0.000000000000000000e+00,-0.000000000000000000e+00,-0.000000000000000000e+00,-0.000000000000000000e+00,-0.000000000000000000e+00,0.000000000000000000e+00,-7.509435794249255114e-01,-0.000000000000000000e+00,-0.000000000000000000e+00,-0.000000000000000000e+00,-2.621917727017734623e-01,-1.608704840706022821e-01
-7.346562092988805082e-02,-4.665574686414332706e-01,-0.000000000000000000e+00,-0.000000000000000000e+00,-0.000000000000000000e+00,0.000000000000000000e+00,-6.670855242757346704e-02,0.000000000000000000e+00,-1.024393622295585587e-01,2.984147985305447559e+00,-0.000000000000000000e+00,-6.783704608501450739e-02,0.000000000000000000e+00,-2.218010821590726822e-01,-0.000000000000000000e+00,-6.055715957174322428e-01,-0.000000000000000000e+00,-1.154525289544613559e-01,-0.000000000000000000e+00,-0.000000000000000000e+00,0.000000000000000000e+00,-0.000000000000000000e+00,-2.009205607617411959e-02,-0.000000000000000000e+00,-1.560548855143276958e-01,-8.823823099881469151e-03,-0.000000000000000000e+00,-0.000000000000000000e+00,-7.620346904375240038e-02,-6.194596297066795598e-01,-0.000000000000000000e+00,-1.399501439357040966e-01,-0.000000000000000000e+00,-9.179439944327565104e-02,-0.000000000000000000e+00,-2.645703636019147154e-01,-2.066705122050553345e-01,-0.000000000000000000e+00,-0.000000000000000000e+00
-3.378329981528376269e-01,-0.000000000000000000e+00,-0.000000000000000000e+00,-0.000000000000000000e+00,-0.000000000000000000e+00,-2.582371768524068315e-02,-0.000000000000000000e+00,0.000000000000000000e+00,-0.000000000000000000e+00,-0.000000000000000000e+00,2.021797579587797156e+00,-4.432537912452534645e-02,0.000000000000000000e+00,-0.000000000000000000e+00,-0.000000000000000000e+00,-0.000000000000000000e+00,-4.460852830910210232e-01,-0.000000000000000000e+00,-0.000000000000000000e+00,-0.000000000000000000e+00,-0.000000000000000000e+00,-0.000000000000000000e+00,-6.462458750019511693e-03,-0.000000000000000000e+00,-8.698697358306571592e-02,-0.000000000000000000e+00,-1.419030008341050364e-01,-0.000000000000000000e+00,-6.906224397306726104e-02,-0.000000000000000000e+00,-0.000000000000000000e+00,-2.514636035099278022e-01,-8.446763622786382375e-02,-0.000000000000000000e+00,-0.000000000000000000e+00,-1.005988841669728656e-01,-4.191847145027948196e-01,-1.067469174812371233e-02,-0.000000000000000000e+00
-1.302529979137507371e-02,-9.068291025417772599e-02,-0.000000000000000000e+00,-0.000000000000000000e+00,-0.000000000000000000e+00,-0.000000000000000000e+00,2.128539537216164457e-01,0.000000000000000000e+00,-3.616612286068091736e-02,-6.783704608501450739e-02,-4.432537912452534645e-02,1.910659438950788269e+00,0.000000000000000000e+00,-0.000000000000000000e+00,-2.604917881597074159e-01,-0.000000000000000000e+00,-0.000000000000000000e+00,-0.000000000000000000e+00,-0.000000000000000000e+00,-0.000000000000000000e+00,-0.000000000000000000e+00,-0.000000000000000000e+00,-0.000000000000000000e+00,-0.000000000000000000e+00,-0.000000000000000000e+00,-0.000000000000000000e+00,-3.901088196621486093e-01,-0.000000000000000000e+00,-0.000000000000000000e+00,-0.000000000000000000e+00,-0.000000000000000000e+00,-0.000000000000000000e+00,-0.000000000000000000e+00,-0.000000000000000000e+00,-0.000000000000000000e+00,-0.000000000000000000e+00,-4.530565261608124339e-02,-5.161241883951600551e-01,-3.574672812170948122e-01
0.000000000000000000e+00,0.000000000000000000e+00,0.000000000000000000e+00,-0.000000000000000000e+00,0.000000000000000000e+00,1.367409313878309093e-02,-0.000000000000000000e+00,-6.056381547940960230e-02,1.469839924619836535e-01,0.000000000000000000e+00,0.000000000000000000e+00,0.000000000000000000e+00,1.146386814311965763e+00,0.000000000000000000e+00,-0.000000000000000000e+00,0.000000000000000000e+00,0.000000000000000000e+00,7.611099905997759096e-02,0.000000000000000000e+00,-0.000000000000000000e+00,0.000000000000000000e+00,-0.000000000000000000e+00,0.000000000000000000e+00,1.284961756112315903e-02,0.000000000000000000e+00,7.423730116483941155e-02,-0.000000000000000000e+00,-1.129244408843926573e-01,0.000000000000000000e+00,0.000000000000000000e+00,0.000000000000000000e+00,0.000000000000000000e+00,-0.000000000000000000e+00,1.832755741649022274e-01,0.000000000000000000e+00,0.000000000000000000e+00,-0.000000000000000000e+00,0.000000000000000000e+00,0.000000000000000000e+00
-5.295180069870564221e-03,-4.197425103087734088e-01,-0.000000000000000000e+00,-0.000000000000000000e+00,-2.651500257529142424e-01,0.000000000000000000e+00,-0.000000000000000000e+00,0.000000000000000000e+00,-0.000000000000000000e+00,-2.218010821590726822e-01,-0.000000000000000000e+00,-0.000000000000000000e+00,0.000000000000000000e+00,2.437163515451460594e+00,0.000000000000000000e+00,-1.036887052604385795e-01,-0.000000000000000000e+00,-0.000000000000000000e+00,-2.037480621001114267e-01,0.000000000000000000e+00,2.773067835132955131e-03,0.000000000000000000e+00,-5.105713479684760303e-01,-3.321010650798758568e-02,-0.000000000000000000e+00,-1.164555607566283152e-01,-0.000000000000000000e+00,-0.000000000000000000e+00,-0.000000000000000000e+00,-1.212394521621249222e-01,-2.139888987988460001e-01,-1.739679541258222495e-01,0.000000000000000000e+00,-0.000000000000000000e+00,-0.000000000000000000e+00,-7.245706241844518392e-02,-1.501688190187866201e-01,-0.000000000000000000e+00,-0.000000000000000000e+00
-1.047985489831011890e-01,-0.000000000000000000e+00,-1.955691271863469610e-02,-0.000000000000000000e+00,-0.000000000000000000e+00,0.000000000000000000e+00,0.000000000000000000e+00,0.000000000000000000e+00,-0.000000000000000000e+00,-0.000000000000000000e+00,-0.000000000000000000e+00,-2.604917881597074159e-01,-0.000000000000000000e+00,0.000000000000000000e+00,1.506145587220449666e+00,0.000000000000000000e+00,-0.000000000000000000e+00,-0.000000000000000000e+00,-0.000000000000000000e+00,-0.000000000000000000e+00,-0.000000000000000000e+00,-0.000000000000000000e+00,-0.000000000000000000e+00,-0.000000000000000000e+00,-3.423834154687705467e-01,-0.000000000000000000e+00,-1.063773544783312014e-01,-3.653216179614097725e-01,-0.000000000000000000e+00,-0.000000000000000000e+00,-0.000000000000000000e+00,-0.000000000000000000e+00,-0.000000000000000000e+00,-0.000000000000000000e+00,0.000000000000000000e+00,-0.000000000000000000e+00,-0.000000000000000000e+00,-0.000000000000000000e+00,-0.000000000000000000e+00
-0.000000000000000000e+00,-4.744272306718507748e-01,0.000000000000000000e+00,-0.000000000000000000e+00,-0.000000000000000000e+00,0.000000000000000000e+00,-0.000000000000000000e+00,0.000000000000000000e+00,-0.000000000000000000e+00,-6.055715957174322428e-01,-0.000000000000000000e+00,-0.000000000000000000e+00,0.000000000000000000e+00,-1.036887052604385795e-01,0.000000000000000000e+00,2.796608014071961357e+00,-0.000000000000000000e+00,-1.244112611657414019e-01,-0.000000000000000000e+00,-0.000000000000000000e+00,0.000000000000000000e+00,0.000000000000000000e+00,-0.000000000000000000e+00,-0.000000000000000000e+00,-0.000000000000000000e+00,-0.000000000000000000e+00,0.000000000000000000e+00,0.000000000000000000e+00,-2.575254072714056597e-01,-9.230920026202958928e-01,-0.000000000000000000e+00,-1.736754944295695879e-01,0.000000000000000000e+00,-9.484975935363428035e-02,-0.000000000000000000e+00,-0.000000000000000000e+00,-0.000000000000000000e+00,-0.000000000000000000e+00,-0.000000000000000000e+00
-0.000000000000000000e+00,-0.000000000000000000e+00,0.000000000000000000e+00,-0.000000000000000000e+00,0.000000000000000000e+00,-3.829463064266412364e-01,-0.000000000000000000e+00,-0.000000000000000000e+00,0.000000000000000000e+00,-0.000000000000000000e+00,-4.460852830910210232e-01,-0.000000000000000000e+00,0.000000000000000000e+00,-0.000000000000000000e+00,-0.000000000000000000e+00,-0.000000000000000000e+00,1.611222397674021867e+00,-0.000000000000000000e+00,0.000000000000000000e+00,-0.000000000000000000e+00,-0.000000000000000000e+00,-0.000000000000000000e+00,-0.000000000000000000e+00,0.000000000000000000e+00,-0.000000000000000000e+00,-0.000000000000000000e+00,-0.000000000000000000e+00,-0.000000000000000000e+00,-1.084370713908227590e-01,0.000000000000000000e+00,-0.000000000000000000e+00,-0.000000000000000000e+00,-3.959164356699417797e-01,0.000000000000000000e+00,-2.534074678097766875e-02,-0.000000000000000000e+00,-9.872532671428466480e-03,-3.606404312378193311e-02,-0.000000000000000000e+00
-1.028846811384372395e-01,-0.000000000000000000e+00,0.000000000000000000e+00,-2.492344115127528847e-02,-0.000000000000000000e+00,-0.000000000000000000e+00,-6.199922657102119317e-03,0.000000000000000000e+00,-0.000000000000000000e+00,-1.154525289544613559e-01,-0.000000000000000000e+00,-0.000000000000000000e+00,7.611099905997759096e-02,-0.000000000000000000e+00,-0.000000000000000000e+00,-1.244112611657414019e-01,-0.000000000000000000e+00,1.668325588231303502e+00,-6.008311432209521019e-01,-0.000000000000000000e+00,-0.000000000000000000e+00,-0.000000000000000000e+00,-0.000000000000000000e+00,-0.000000000000000000e+00,-9.386728546289901942e-02,-0.000000000000000000e+00,0.000000000000000000e+00,0.000000000000000000e+00,-0.000000000000000000e+00,-1.756768814255925681e-01,-0.000000000000000000e+00,-7.650120027576347292e-02,-0.000000000000000000e+00,-0.000000000000000000e+00,0.000000000000000000e+00,-0.000000000000000000e+00,-2.549977887571333243e-02,-0.000000000000000000e+00,0.000000000000000000e+00
-0.000000000000000000e+00,-0.000000000000000000e+00,-0.000000000000000000e+00,-0.000000000000000000e+00,-4.760944967278301077e-01,0.000000000000000000e+00,-5.203019035105094225e-01,1.514811620562674654e-01,-5.640812791411772137e-02,-0.000000000000000000e+00,-0.000000000000000000e+00,-0.000000000000000000e+00,0.000000000000000000e+00,-2.037480621001114267e-01,-0.000000000000000000e+00,-0.000000000000000000e+00,0.000000000000000000e+00,-6.008311432209521019e-01,2.341214845283390300e+00,0.000000000000000000e+00,0.000000000000000000e+00,0.000000000000000000e+00,-0.000000000000000000e+00,-0.000000000000000000e+00,-2.549957475589946856e-02,-0.000000000000000000e+00,0.000000000000000000e+00,0.000000000000000000e+00,-0.000000000000000000e+00,-0.000000000000000000e+00,-0.000000000000000000e+00,-0.000000000000000000e+00,-0.000000000000000000e+00,-4.945141142450626970e-01,0.000000000000000000e+00,-0.000000000000000000e+00,-0.000000000000000000e+00,-0.000000000000000000e+00,0.000000000000000000e+00
-0.000000000000000000e+00,-0.000000000000000000e+00,0.000000000000000000e+00,-1.283078567885605759e-01,0.000000000000000000e+00,-0.000000000000000000e+00,-0.000000000000000000e+00,-1.758532695626514875e-01,5.514177071832938870e-02,-0.000000000000000000e+00,-0.000000000000000000e+00,-0.000000000000000000e+00,-0.000000000000000000e+00,0.000000000000000000e+00,-0.000000000000000000e+00,-0.000000000000000000e+00,-0.000000000000000000e+00,-0.000000000000000000e+00,0.000000000000000000e+00,1.599380098367794378e+00,-1.198784372955570970e-01,-5.331305583679784021e-01,0.000000000000000000e+00,0.000000000000000000e+00,-0.000000000000000000e+00,-0.000000000000000000e+00,-7.742235599230684259e-03,-1.502638333054985564e-01,-0.000000000000000000e+00,-0.000000000000000000e+00,-0.000000000000000000e+00,-1.181821339482858751e-01,-2.267177999499202234e-01,0.000000000000000000e+00,0.000000000000000000e+00,-0.000000000000000000e+00,-0.000000000000000000e+00,0.000000000000000000e+00,0.000000000000000000e+00
-0.000000000000000000e+00,0.000000000000000000e+00,0.000000000000000000e+00,-0.000000000000000000e+00,0.000000000000000000e+00,-1.493618312955856398e-01,0.000000000000000000e+00,-0.000000000000000000e+00,0.000000000000000000e+00,0.000000000000000000e+00,-0.000000000000000000e+00,-0.000000000000000000e+00,0.000000000000000000e+00,2.773067835132955131e-03,-0.000000000000000000e+00,0.000000000000000000e+00,-0.000000000000000000e+00,-0.000000000000000000e+00,0.000000000000000000e+00,-1.198784372955570970e-01,1.613951039111500396e+00,-6.224456455581831582e-01,0.000000000000000000e+00,-0.000000000000000000e+00,-0.000000000000000000e+00,-0.000000000000000000e+00,-7.321213469564058496e-02,-0.000000000000000000e+00,-0.000000000000000000e+00,0.000000000000000000e+00,0.000000000000000000e+00,-0.000000000000000000e+00,-2.964760825363177421e-01,0.000000000000000000e+00,0.000000000000000000e+00,-0.000000000000000000e+00,-0.000000000000000000e+00,-0.000000000000000000e+00,-0.000000000000000000e+00
-0.000000000000000000e+00,0.000000000000000000e+00,0.000000000000000000e+00,-1.129675768863429713e-01,0.000000000000000000e+00,-0.000000000000000000e+00,-0.000000000000000000e+00,-0.000000000000000000e+00,9.125970524374502069e-02,-0.000000000000000000e+00,-0.000000000000000000e+00,-0.000000000000000000e+00,-0.000000000000000000e+00,0.000000000000000000e+00,-0.000000000000000000e+00,0.000000000000000000e+00,-0.000000000000000000e+00,-0.000000000000000000e+00,0.000000000000000000e+00,-5.331305583679784021e-01,-6.224456455581831582e-01,2.325987027006288788e+00,-0.000000000000000000e+00,-0.000000000000000000e+00,-0.000000000000000000e+00,-0.000000000000000000e+00,-0.000000000000000000e+00,-1.508369660109135646e-01,-0.000000000000000000e+00,-0.000000000000000000e+00,-0.000000000000000000e+00,-0.000000000000000000e+00,-8.431148870076806690e-01,0.000000000000000000e+00,0.000000000000000000e+00,-0.000000000000000000e+00,-0.000000000000000000e+00,0.000000000000000000e+00,0.000000000000000000e+00
-9.435564954009802163e-02,-2.345844815378901327e-01,-0.000000000000000000e+00,-0.000000000000000000e+00,-1.490938773865597700e-01,-0.000000000000000000e+00,-0.000000000000000000e+00,9.375052121583551945e-02,-2.762533799608355989e-01,-2.009205607617411959e-02,-6.462458750019511693e-03,-0.000000000000000000e+00,0.000000000000000000e+00,-5.105713479684760303e-01,-0.000000000000000000e+00,-0.000000000000000000e+00,-0.000000000000000000e+00,-0.000000000000000000e+00,-0.000000000000000000e+00,0.000000000000000000e+00,0.000000000000000000e+00,-0.000000000000000000e+00,1.954247827935482240e+00,-1.546312350287904480e-01,-9.397519674612826723e-02,-3.418768222945869212e-03,0.000000000000000000e+00,-0.000000000000000000e+00,-0.000000000000000000e+00,-5.200129910836021746e-02,-8.516719186895654881e-02,-0.000000000000000000e+00,-0.000000000000000000e+00,-0.000000000000000000e+00,-0.000000000000000000e+00,-0.000000000000000000e+00,-1.004175877626845709e-01,-0.000000000000000000e+00,-0.000000000000000000e+00
-0.000000000000000000e+00,-0.000000000000000000e+00,-1.710050657309701294e-01,-0.000000000000000000e+00,-0.000000000000000000e+00,3.922721825993999434e-02,-0.000000000000000000e+00,1.936979913729776348e-01,-2.029293583675702631e-02,-0.000000000000000000e+00,-0.000000000000000000e+00,-0.000000000000000000e+00,1.284961756112315903e-02,-3.321010650798758568e-02,-0.000000000000000000e+00,-0.000000000000000000e+00,0.000000000000000000e+00,-0.000000000000000000e+00,-0.000000000000000000e+00,0.000000000000000000e+00,-0.000000000000000000e+00,-0.000000000000000000e+00,-1.546312350287904480e-01,1.314286759739105692e+00,-2.308851551922334044e-01,-0.000000000000000000e+00,-0.000000000000000000e+00,-0.000000000000000000e+00,0.000000000000000000e+00,-0.000000000000000000e+00,-2.188181644346885724e-02,-0.000000000000000000e+00,-0.000000000000000000e+00,-0.000000000000000000e+00,0.000000000000000000e+00,-5.487382673685445300e-02,-0.000000000000000000e+00,-0.000000000000000000e+00,-0.000000000000000000e+00
-1.198811475309290858e-01,-0.000000000000000000e+00,-1.916475063291341874e-01,-6.248773833241465236e-02,-0.000000000000000000e+00,-0.000000000000000000e+00,-4.841386114384974015e-02,0.000000000000000000e+00,-0.000000000000000000e+00,-1.560548855143276958e-01,-8.698697358306571592e-02,-0.000000000000000000e+00,0.000000000000000000e+00,-0.000000000000000000e+00,-3.423834154687705467e-01,-0.000000000000000000e+00,-0.000000000000000000e+00,-9.386728546289901942e-02,-2.549957475589946856e-02,-0.000000000000000000e+00,-0.000000000000000000e+00,-0.000000000000000000e+00,-9.397519674612826723e-02,-2.308851551922334044e-01,2.045052171449246003e+00,-1.399632910456165558e-01,-1.467490687126967730e-01,-1.669806863470277014e-01,-0.000000000000000000e+00,-0.000000000000000000e+00,-1.503227057816204637e-01,-0.000000000000000000e+00,-8.214611524035497769e-02,-0.000000000000000000e+00,-0.000000000000000000e+00,-6.526365816881710136e-02,-2.150068170805666534e-01,-0.000000000000000000e+00,-0.000000000000000000e+00
-3.117836715098631223e-02,-0.000000000000000000e+00,-0.000000000000000000e+00,-0.000000000000000000e+00,-0.000000000000000000e+00,-9.691566084056370267e-02,-0.000000000000000000e+00,0.000000000000000000e+00,-2.089651978872462679e-01,-8.823823099881469151e-03,-0.000000000000000000e+00,-0.000000000000000000e+00,7.423730116483941155e-02,-1.164555607566283152e-01,-0.000000000000000000e+00,-0.000000000000000000e+00,-0.000000000000000000e+00,-0.000000000000000000e+00,-0.000000000000000000e+00,-0.000000000000000000e+00,-0.000000000000000000e+00,-0.000000000000000000e+00,-3.418768222945869212e-03,-0.000000000000000000e+00,-1.399632910456165558e-01,1.563915138792312920e+00,-1.180871501825599551e-01,-0.000000000000000000e+00,-1.288337766264983364e-01,-0.000000000000000000e+00,-1.729940305572318371e-01,-0.000000000000000000e+00,-0.000000000000000000e+00,-0.000000000000000000e+00,-3.974897878380993510e-01,-0.000000000000000000e+00,-0.000000000000000000e+00,-2.116210655269409879e-02,-0.000000000000000000e+00
-0.000000000000000000e+00,-0.000000000000000000e+00,-0.000000000000000000e+00,-0.000000000000000000e+00,-0.000000000000000000e+00,-0.000000000000000000e+00,0.000000000000000000e+00,0.000000000000000000e+00,-0.000000000000000000e+00,-0.000000000000000000e+00,-1.419030008341050364e-01,-3.901088196621486093e-01,-0.000000000000000000e+00,-0.000000000000000000e+00,-1.063773544783312014e-01,0.000000000000000000e+00,-0.000000000000000000e+00,0.000000000000000000e+00,0.000000000000000000e+00,-7.742235599230684259e-03,-7.321213469564058496e-02,-0.000000000000000000e+00,0.000000000000000000e+00,-0.000000000000000000e+00,-1.467490687126967730e-01,-1.180871501825599551e-01,1.775986459329710998e+00,-1.371304869800491488e-01,-0.000000000000000000e+00,-0.000000000000000000e+00,-3.172062811439892854e-02,-0.000000000000000000e+00,-0.000000000000000000e+00,0.000000000000000000e+00,-1.511454960556379290e-01,-0.000000000000000000e+00,-0.000000000000000000e+00,-0.000000000000000000e+00,-4.983376361131814369e-01
-0.000000000000000000e+00,-0.000000000000000000e+00,-0.000000000000000000e+00,-2.514817159159463689e-01,0.000000000000000000e+00,0.000000000000000000e+00,-0.000000000000000000e+00,-0.000000000000000000e+00,0.000000000000000000e+00,-0.000000000000000000e+00,-0.000000000000000000e+00,-0.000000000000000000e+00,-1.129244408843926573e-01,-0.000000000000000000e+00,-3.653216179614097725e-01,0.000000000000000000e+00,-0.000000000000000000e+00,0.000000000000000000e+00,0.000000000000000000e+00,-1.502638333054985564e-01,-0.000000000000000000e+00,-1.508369660109135646e-01,-0.000000000000000000e+00,-0.000000000000000000e+00,-1.669806863470277014e-01,-0.000000000000000000e+00,-1.371304869800491488e-01,1.897986145601133989e+00,-0.000000000000000000e+00,-0.000000000000000000e+00,-2.613627537916462518e-01,-0.000000000000000000e+00,-4.227960567119362079e-01,0.000000000000000000e+00,-0.000000000000000000e+00,-0.000000000000000000e+00,-7.107274709970111404e-02,0.000000000000000000e+00,0.000000000000000000e+00
-4.960794785174258426e-01,-0.000000000000000000e+00,1.204191972502970977e-02,-0.000000000000000000e+00,0.000000000000000000e+00,-3.450719613184444895e-02,-0.000000000000000000e+00,-0.000000000000000000e+00,-0.000000000000000000e+00,-7.620346904375240038e-02,-6.906224397306726104e-02,-0.000000000000000000e+00,0.000000000000000000e+00,-0.000000000000000000e+00,-0.000000000000000000e+00,-2.575254072714056597e-01,-1.084370713908227590e-01,-0.000000000000000000e+00,-0.000000000000000000e+00,-0.000000000000000000e+00,-0.000000000000000000e+00,-0.000000000000000000e+00,-0.000000000000000000e+00,0.000000000000000000e+00,-0.000000000000000000e+00,-1.288337766264983364e-01,-0.000000000000000000e+00,-0.000000000000000000e+00,1.810601864885603485e+00,-7.007138577837400406e-02,-0.000000000000000000e+00,-1.450471591812231287e-01,-0.000000000000000000e+00,-0.000000000000000000e+00,-2.139857694130968269e-01,-0.000000000000000000e+00,-3.391429959716877468e-02,-1.070349726628598702e-01,-0.000000000000000000e+00
-3.183790916701282475e-02,-2.862698881740395884e-01,0.000000000000000000e+00,-0.000000000000000000e+00,-0.000000000000000000e+00,0.000000000000000000e+00,-0.000000000000000000e+00,0.000000000000000000e+00,-0.000000000000000000e+00,-6.194596297066795598e-01,-0.000000000000000000e+00,-0.000000000000000000e+00,0.000000000000000000e+00,-1.212394521621249222e-01,-0.000000000000000000e+00,-9.230920026202958928e-01,0.000000000000000000e+00,-1.756768814255925681e-01,-0.000000000000000000e+00,-0.000000000000000000e+00,0.000000000000000000e+00,-0.000000000000000000e+00,-5.200129910836021746e-02,-0.000000000000000000e+00,-0.000000000000000000e+00,-0.000000000000000000e+00,-0.000000000000000000e+00,-0.000000000000000000e+00,-7.007138577837400406e-02,2.522400461323997423e+00,-0.000000000000000000e+00,-1.685093788059083622e-02,0.000000000000000000e+00,-5.322863412590939786e-02,-0.000000000000000000e+00,-0.000000000000000000e+00,-0.000000000000000000e+00,-0.000000000000000000e+00,-0.000000000000000000e+00
-0.000000000000000000e+00,-0.000000000000000000e+00,-0.000000000000000000e+00,-0.000000000000000000e+00,-0.000000000000000000e+00,0.000000000000000000e+00,-5.443924870499482205e-02,-0.000000000000000000e+00,-0.000000000000000000e+00,-0.000000000000000000e+00,-0.000000000000000000e+00,-0.000000000000000000e+00,0.000000000000000000e+00,-2.139888987988460001e-01,-0.000000000000000000e+00,-0.000000000000000000e+00,-0.000000000000000000e+00,-0.000000000000000000e+00,-0.000000000000000000e+00,-0.000000000000000000e+00,0.000000000000000000e+00,-0.000000000000000000e+00,-8.516719186895654881e-02,-2.188181644346885724e-02,-1.503227057816204637e-01,-1.729940305572318371e-01,-3.172062811439892854e-02,-2.613627537916462518e-01,-0.000000000000000000e+00,-0.000000000000000000e+00,1.358269438928918715e+00,-1.713297643768243311e-02,-0.000000000000000000e+00,0.000000000000000000e+00,-0.000000000000000000e+00,-0.000000000000000000e+00,-1.350957504237520514e-02,0.000000000000000000e+00,0.000000000000000000e+00
-3.413754926471349038e-01,-4.364168787063821275e-01,0.000000000000000000e+00,-1.508682220035764132e-01,-0.000000000000000000e+00,-0.000000000000000000e+00,-9.441983321935976844e-06,-0.000000000000000000e+00,-0.000000000000000000e+00,-1.399501439357040966e-01,-2.514636035099278022e-01,-0.000000000000000000e+00,0.000000000000000000e+00,-1.739679541258222495e-01,-0.000000000000000000e+00,-1.736754944295695879e-01,-0.000000000000000000e+00,-7.650120027576347292e-02,-0.000000000000000000e+00,-1.181821339482858751e-01,-0.000000000000000000e+00,-0.000000000000000000e+00,-0.000000000000000000e+00,-0.000000000000000000e+00,-0.000000000000000000e+00,-0.000000000000000000e+00,-0.000000000000000000e+00,-0.000000000000000000e+00,-1.450471591812231287e-01,-1.685093788059083622e-02,-1.713297643768243311e-02,2.746133225537704003e+00,-2.259922077767972243e-02,-0.000000000000000000e+00,-0.000000000000000000e+00,-2.039230981975404672e-02,-8.045299761648437853e-01,-0.000000000000000000e+00,0.000000000000000000e+00
-1.074423452938827982e-02,-0.000000000000000000e+00,-0.000000000000000000e+00,-1.793441346949454784e-01,0.000000000000000000e+00,-0.000000000000000000e+00,-0.000000000000000000e+00,-0.000000000000000000e+00,0.000000000000000000e+00,-0.000000000000000000e+00,-8.446763622786382375e-02,-0.000000000000000000e+00,-0.000000000000000000e+00,0.000000000000000000e+00,-0.000000000000000000e+00,0.000000000000000000e+00,-3.959164356699417797e-01,-0.000000000000000000e+00,-0.000000000000000000e+00,-2.267177999499202234e-01,-2.964760825363177421e-01,-8.431148870076806690e-01,-0.000000000000000000e+00,-0.000000000000000000e+00,-8.214611524035497769e-02,-0.000000000000000000e+00,-0.000000000000000000e+00,-4.227960567119362079e-01,-0.000000000000000000e+00,0.000000000000000000e+00,-0.000000000000000000e+00,-2.259922077767972243e-02,2.483018765005459816e+00,0.000000000000000000e+00,0.000000000000000000e+00,-0.000000000000000000e+00,-1.541829583624111100e-01,0.000000000000000000e+00,0.000000000000000000e+00
-0.000000000000000000e+00,-2.778959835448615440e-02,-0.000000000000000000e+00,-0.000000000000000000e+00,-5.051825851889647501e-01,0.000000000000000000e+00,-0.000000000000000000e+00,4.987300065304820507e-01,-7.509435794249255114e-01,-9.179439944327565104e-02,-0.000000000000000000e+00,-0.000000000000000000e+00,1.832755741649022274e-01,-0.000000000000000000e+00,-0.000000000000000000e+00,-9.484975935363428035e-02,0.000000000000000000e+00,-0.000000000000000000e+00,-4.945141142450626970e-01,0.000000000000000000e+00,0.000000000000000000e+00,0.000000000000000000e+00,-0.000000000000000000e+00,-0.000000000000000000e+00,-0.000000000000000000e+00,-0.000000000000000000e+00,0.000000000000000000e+00,0.000000000000000000e+00,-0.000000000000000000e+00,-5.322863412590939786e-02,0.000000000000000000e+00,-0.000000000000000000e+00,0.000000000000000000e+00,2.636935005382514241e+00,-0.000000000000000000e+00,-0.000000000000000000e+00,-0.000000000000000000e+00,-0.000000000000000000e+00,-0.000000000000000000e+00
-0.000000000000000000e+00,-0.000000000000000000e+00,0.000000000000000000e+00,0.000000000000000000e+00,-0.000000000000000000e+00,-1.866953502732692782e-01,0.000000000000000000e+00,0.000000000000000000e+00,-0.000000000000000000e+00,-0.000000000000000000e+00,-0.000000000000000000e+00,-0.000000000000000000e+00,0.000000000000000000e+00,-0.000000000000000000e+00,0.000000000000000000e+00,-0.000000000000000000e+00,-2.534074678097766875e-02,0.000000000000000000e+00,0.000000000000000000e+00,0.000000000000000000e+00,0.000000000000000000e+00,0.000000000000000000e+00,-0.000000000000000000e+00,0.000000000000000000e+00,-0.000000000000000000e+00,-3.974897878380993510e-01,-1.511454960556379290e-01,-0.000000000000000000e+00,-2.139857694130968269e-01,-0.000000000000000000e+00,-0.000000000000000000e+00,-0.000000000000000000e+00,0.000000000000000000e+00,-0.000000000000000000e+00,1.386983413908499330e+00,-0.000000000000000000e+00,-0.000000000000000000e+00,-3.471614467354589006e-02,-7.277249248109098068e-02
-0.000000000000000000e+00,-1.577465894084572051e-01,-0.000000000000000000e+00,-0.000000000000000000e+00,-0.000000000000000000e+00,-0.000000000000000000e+00,-0.000000000000000000e+00,0.000000000000000000e+00,-0.000000000000000000e+00,-2.645703636019147154e-01,-1.005988841669728656e-01,-0.000000000000000000e+00,0.000000000000000000e+00,-7.245706241844518392e-02,-0.000000000000000000e+00,-0.000000000000000000e+00,-0.000000000000000000e+00,-0.000000000000000000e+00,-0.000000000000000000e+00,-0.000000000000000000e+00,-0.000000000000000000e+00,-0.000000000000000000e+00,-0.000000000000000000e+00,-5.487382673685445300e-02,-6.526365816881710136e-02,-0.000000000000000000e+00,-0.000000000000000000e+00,-0.000000000000000000e+00,-0.000000000000000000e+00,-0.000000000000000000e+00,-0.000000000000000000e+00,-2.039230981975404672e-02,-0.000000000000000000e+00,-0.000000000000000000e+00,-0.000000000000000000e+00,1.265887641826319854e+00,-0.000000000000000000e+00,-0.000000000000000000e+00,-0.000000000000000000e+00
-2.013792020693738194e-01,-2.110765035633557773e-01,-0.000000000000000000e+00,-3.146355915244354318e-01,-0.000000000000000000e+00,-0.000000000000000000e+00,-0.000000000000000000e+00,0.000000000000000000e+00,-0.000000000000000000e+00,-2.066705122050553345e-01,-4.191847145027948196e-01,-4.530565261608124339e-02,-0.000000000000000000e+00,-1.501688190187866201e-01,-0.000000000000000000e+00,-0.000000000000000000e+00,-9.872532671428466480e-03,-2.549977887571333243e-02,-0.000000000000000000e+00,-0.000000000000000000e+00,-0.000000000000000000e+00,-0.000000000000000000e+00,-1.004175877626845709e-01,-0.000000000000000000e+00,-2.150068170805666534e-01,-0.000000000000000000e+00,-0.000000000000000000e+00,-7.107274709970111404e-02,-3.391429959716877468e-02,-0.000000000000000000e+00,-1.350957504237520514e-02,-8.045299761648437853e-01,-1.541829583624111100e-01,-0.000000000000000000e+00,-0.000000000000000000e+00,-0.000000000000000000e+00,2.777810952467856698e+00,-0.000000000000000000e+00,-0.000000000000000000e+00
-1.410929638283438259e-01,-0.000000000000000000e+00,-0.000000000000000000e+00,-0.000000000000000000e+00,-0.000000000000000000e+00,-0.000000000000000000e+00,1.148562275208608596e-01,0.000000000000000000e+00,-2.621917727017734623e-01,-0.000000000000000000e+00,-1.067469174812371233e-02,-5.161241883951600551e-01,0.000000000000000000e+00,-0.000000000000000000e+00,-0.000000000000000000e+00,-0.000000000000000000e+00,-3.606404312378193311e-02,-0.000000000000000000e+00,-0.000000000000000000e+00,0.000000000000000000e+00,-0.000000000000000000e+00,0.000000000000000000e+00,-0.000000000000000000e+00,-0.000000000000000000e+00,-0.000000000000000000e+00,-2.116210655269409879e-02,-0.000000000000000000e+00,0.000000000000000000e+00,-1.070349726628598702e-01,-0.000000000000000000e+00,0.000000000000000000e+00,-0.000000000000000000e+00,0.000000000000000000e+00,-0.000000000000000000e+00,-3.471614467354589006e-02,-0.000000000000000000e+00,-0.000000000000000000e+00,1.706166316096901392e+00,-3.888588878904208346e-01
-0.000000000000000000e+00,-0.000000000000000000e+00,-0.000000000000000000e+00,0.000000000000000000e+00,-0.000000000000000000e+00,-0.000000000000000000e+00,2.999726538021951772e-01,0.000000000000000000e+00,-1.608704840706022821e-01,-0.000000000000000000e+00,-0.000000000000000000e+00,-3.574672812170948122e-01,0.000000000000000000e+00,-0.000000000000000000e+00,-0.000000000000000000e+00,-0.000000000000000000e+00,-0.000000000000000000e+00,0.000000000000000000e+00,0.000000000000000000e+00,0.000000000000000000e+00,-0.000000000000000000e+00,0.000000000000000000e+00,-0.000000000000000000e+00,-0.000000000000000000e+00,-0.000000000000000000e+00,-0.000000000000000000e+00,-4.983376361131814369e-01,0.000000000000000000e+00,-0.000000000000000000e+00,-0.000000000000000000e+00,0.000000000000000000e+00,0.000000000000000000e+00,0.000000000000000000e+00,-0.000000000000000000e+00,-7.277249248109098068e-02,-0.000000000000000000e+00,-0.000000000000000000e+00,-3.888588878904208346e-01,1.786529549843265618e+00
