2.564911732353408524e+00,-7.451824172337669916e-01,-0.000000000000000000e+00,-0.000000000000000000e+00,-0.000000000000000000e+00,-2.905418826893962567e-02,-0.000000000000000000e+00,0.000000000000000000e+00,-0.000000000000000000e+00,-2.220843010968033826e-01,0.000000000000000000e+00,-0.000000000000000000e+00,-0.000000000000000000e+00,-0.000000000000000000e+00,-0.000000000000000000e+00,-1.789118879163000275e-01,0.000000000000000000e+00,-0.000000000000000000e+00,-0.000000000000000000e+00,0.000000000000000000e+00,-0.000000000000000000e+00,-0.000000000000000000e+00,-1.308187830936944629e-01,-0.000000000000000000e+00,-5.025498355329210270e-02,-8.834534082741139771e-02,-0.000000000000000000e+00,-0.000000000000000000e+00,-1.081350845206732331e-01,-3.787970820684742335e-01,-0.000000000000000000e+00,-0.000000000000000000e+00,-0.000000000000000000e+00,-0.000000000000000000e+00,-0.000000000000000000e+00,0.000000000000000000e+00,-0.000000000000000000e+00,-4.213197237223443303e-01,-1.963853799808265022e-01
-7.451824172337669916e-01,2.270857498490372883e+00,0.000000000000000000e+00,-0.000000000000000000e+00,-0.000000000000000000e+00,-0.000000000000000000e+00,-0.000000000000000000e+00,0.000000000000000000e+00,-0.000000000000000000e+00,-2.523703184531166932e-01,0.000000000000000000e+00,-0.000000000000000000e+00,-0.000000000000000000e+00,-0.000000000000000000e+00,-0.000000000000000000e+00,-1.546635594823495830e-01,0.000000000000000000e+00,-0.000000000000000000e+00,-0.000000000000000000e+00,-0.000000000000000000e+00,-0.000000000000000000e+00,-0.000000000000000000e+00,-3.396821913616253352e-02,-0.000000000000000000e+00,-0.000000000000000000e+00,-0.000000000000000000e+00,-0.000000000000000000e+00,-0.000000000000000000e+00,-1.237178770250370180e-01,-3.278517317114691965e-01,-0.000000000000000000e+00,-0.000000000000000000e+00,-0.000000000000000000e+00,-0.000000000000000000e+00,-0.000000000000000000e+00,0.000000000000000000e+00,-4.838954506930494975e-02,-1.844804416701216199e-01,-2.482044715246323197e-01
-0.000000000000000000e+00,0.000000000000000000e+00,2.245492539704891044e+00,0.000000000000000000e+00,-3.203120319170431052e-01,-0.000000000000000000e+00,0.000000000000000000e+00,7.342765296154700749e-01,-0.000000000000000000e+00,-0.000000000000000000e+00,-0.000000000000000000e+00,-0.000000000000000000e+00,0.000000000000000000e+00,-0.000000000000000000e+00,-2.009240594831174925e-02,-0.000000000000000000e+00,-0.000000000000000000e+00,-6.598119129410572048e-02,-8.143764364912726983e-02,0.000000000000000000e+00,-0.000000000000000000e+00,0.000000000000000000e+00,-0.000000000000000000e+00,-0.000000000000000000e+00,-0.000000000000000000e+00,-0.000000000000000000e+00,-2.891870415656452864e-01,-0.000000000000000000e+00,-0.000000000000000000e+00,-0.000000000000000000e+00,-5.518266360154050476e-01,-0.000000000000000000e+00,-0.000000000000000000e+00,-0.000000000000000000e+00,0.000000000000000000e+00,-2.427495679425719921e-01,0.000000000000000000e+00,-0.000000000000000000e+00,-0.000000000000000000e+00
-0.000000000000000000e+00,-0.000000000000000000e+00,0.000000000000000000e+00,1.725721811115984661e+00,0.000000000000000000e+00,-0.000000000000000000e+00,-9.817891952280928258e-01,-1.650090457539168387e-01,0.000000000000000000e+00,-0.000000000000000000e+00,-0.000000000000000000e+00,0.000000000000000000e+00,-1.006973349537833851e-01,0.000000000000000000e+00,0.000000000000000000e+00,-0.000000000000000000e+00,1.208648116459048322e-02,0.000000000000000000e+00,8.282280711492516490e-02,-0.000000000000000000e+00,-0.000000000000000000e+00,-0.000000000000000000e+00,-0.000000000000000000e+00,3.984043156171187400e-02,0.000000000000000000e+00,-0.000000000000000000e+00,0.000000000000000000e+00,-0.000000000000000000e+00,-0.000000000000000000e+00,-0.000000000000000000e+00,0.000000000000000000e+00,-0.000000000000000000e+00,-9.406849456159753486e-02,0.000000000000000000e+00,-1.498785717418375969e-02,9.418800468270678572e-02,-0.000000000000000000e+00,-0.000000000000000000e+00,-0.000000000000000000e+00
-0.000000000000000000e+00,-0.000000000000000000e+00,-3.203120319170431052e-01,0.000000000000000000e+00,1.985857888809170912e+00,-0.000000000000000000e+00,0.000000000000000000e+00,2.959589333492558816e-01,-2.467588292313946940e-01,-0.000000000000000000e+00,-0.000000000000000000e+00,-0.000000000000000000e+00,0.000000000000000000e+00,-4.419885476898770954e-02,-0.000000000000000000e+00,-0.000000000000000000e+00,-0.000000000000000000e+00,-1.101309910271398018e-01,-2.875207959750459286e-01,0.000000000000000000e+00,0.000000000000000000e+00,0.000000000000000000e+00,-0.000000000000000000e+00,-0.000000000000000000e+00,-1.802480978681967119e-02,-0.000000000000000000e+00,-1.132940721761095670e-01,-0.000000000000000000e+00,-0.000000000000000000e+00,-0.000000000000000000e+00,-1.528837374150812016e-03,-0.000000000000000000e+00,-0.000000000000000000e+00,-3.102731619063275881e-01,0.000000000000000000e+00,-9.023091950198820765e-02,0.000000000000000000e+00,-2.264097527281534739e-02,-0.000000000000000000e+00
-2.905418826893962567e-02,-0.000000000000000000e+00,-0.000000000000000000e+00,-0.000000000000000000e+00,-0.000000000000000000e+00,1.338488261040317928e+00,-0.000000000000000000e+00,-0.000000000000000000e+00,-0.000000000000000000e+00,-0.000000000000000000e+00,-0.000000000000000000e+00,-0.000000000000000000e+00,-0.000000000000000000e+00,-0.000000000000000000e+00,-0.000000000000000000e+00,-0.000000000000000000e+00,0.000000000000000000e+00,-0.000000000000000000e+00,-0.000000000000000000e+00,0.000000000000000000e+00,-0.000000000000000000e+00,-0.000000000000000000e+00,-3.279773859892291532e-01,-5.259555360610007960e-03,-0.000000000000000000e+00,-1.764243388109177149e-02,-0.000000000000000000e+00,-0.000000000000000000e+00,-0.000000000000000000e+00,-4.376051060352841721e-02,-0.000000000000000000e+00,-1.738244950224394625e-01,-0.000000000000000000e+00,-0.000000000000000000e+00,-0.000000000000000000e+00,0.000000000000000000e+00,-2.524313134911012058e-01,-0.000000000000000000e+00,-0.000000000000000000e+00
-0.000000000000000000e+00,-0.000000000000000000e+00,0.000000000000000000e+00,-9.817891952280928258e-01,0.000000000000000000e+00,-0.000000000000000000e+00,1.684394643854351337e+00,-1.217522387273299589e-02,0.000000000000000000e+00,-0.000000000000000000e+00,-0.000000000000000000e+00,0.000000000000000000e+00,-0.000000000000000000e+00,0.000000000000000000e+00,0.000000000000000000e+00,-0.000000000000000000e+00,6.190245693775603191e-04,2.533871575671474766e-02,0.000000000000000000e+00,-0.000000000000000000e+00,-0.000000000000000000e+00,-1.339650556034472362e-01,-0.000000000000000000e+00,0.000000000000000000e+00,0.000000000000000000e+00,-0.000000000000000000e+00,0.000000000000000000e+00,-0.000000000000000000e+00,-0.000000000000000000e+00,-0.000000000000000000e+00,0.000000000000000000e+00,-0.000000000000000000e+00,-1.403917302858768146e-01,0.000000000000000000e+00,-0.000000000000000000e+00,0.000000000000000000e+00,-6.230358842522458473e-02,-0.000000000000000000e+00,-0.000000000000000000e+00
0.000000000000000000e+00,0.000000000000000000e+00,7.342765296154700749e-01,-1.650090457539168387e-01,2.959589333492558816e-01,-0.000000000000000000e+00,-1.217522387273299589e-02,2.376207323729770948e+00,1.787571189056422760e-01,0.000000000000000000e+00,-0.000000000000000000e+00,0.000000000000000000e+00,-2.403292137208020152e-01,0.000000000000000000e+00,7.181435012359634051e-02,0.000000000000000000e+00,0.000000000000000000e+00,3.385843205377427889e-01,1.938945511106643649e-01,-5.545767211987528977e-02,-0.000000000000000000e+00,-0.000000000000000000e+00,0.000000000000000000e+00,0.000000000000000000e+00,0.000000000000000000e+00,0.000000000000000000e+00,0.000000000000000000e+00,0.000000000000000000e+00,0.000000000000000000e+00,0.000000000000000000e+00,4.997971435420207886e-02,-0.000000000000000000e+00,-0.000000000000000000e+00,2.635422891618458552e-01,-0.000000000000000000e+00,1.034487236360442236e-01,-0.000000000000000000e+00,0.000000000000000000e+00,0.000000000000000000e+00
-0.000000000000000000e+00,-0.000000000000000000e+00,-0.000000000000000000e+00,0.000000000000000000e+00,-2.467588292313946940e-01,-0.000000000000000000e+00,0.000000000000000000e+00,1.787571189056422760e-01,2.662113273472384023e+00,-1.053729805751266006e-02,0.000000000000000000e+00,-3.329736166722051943e-02,0.000000000000000000e+00,-2.606937382013687632e-01,-2.953608187483737768e-01,-0.000000000000000000e+00,-0.000000000000000000e+00,-2.802745539317938461e-01,-8.696731373568711287e-02,0.000000000000000000e+00,-0.000000000000000000e+00,-0.000000000000000000e+00,-5.843836688559311127e-02,-4.493035136818220032e-02,-3.951509905846855575e-01,-0.000000000000000000e+00,-1.466223639304031767e-01,-0.000000000000000000e+00,-0.000000000000000000e+00,-0.000000000000000000e+00,-0.000000000000000000e+00,-0.000000000000000000e+00,-0.000000000000000000e+00,-3.436571059312180654e-01,-0.000000000000000000e+00,-0.000000000000000000e+00,-0.000000000000000000e+00,-2.632977899034986136e-01,-2.743959968835452679e-01
-2.220843010968033826e-01,-2.523703184531166932e-01,-0.000000000000000000e+00,-0.000000000000000000e+00,-0.000000000000000000e+00,-0.000000000000000000e+00,-0.000000000000000000e+00,0.000000000000000000e+00,-1.053729805751266006e-02,2.467526503690106399e+00,0.000000000000000000e+00,-0.000000000000000000e+00,0.000000000000000000e+00,-0.000000000000000000e+00,-0.000000000000000000e+00,-7.203311922352615415e-01,-0.000000000000000000e+00,-0.000000000000000000e+00,-0.000000000000000000e+00,0.000000000000000000e+00,-0.000000000000000000e+00,-0.000000000000000000e+00,-9.565117395081738916e-02,-0.000000000000000000e+00,-4.657443382744020921e-01,-0.000000000000000000e+00,-0.000000000000000000e+00,-0.000000000000000000e+00,-0.000000000000000000e+00,-3.978936327267063588e-01,0.000000000000000000e+00,-0.000000000000000000e+00,-0.000000000000000000e+00,-1.248945690443153400e-01,-0.000000000000000000e+00,-0.000000000000000000e+00,-0.000000000000000000e+00,-4.603110533455357506e-02,-1.050172155921011014e-01
0.000000000000000000e+00,0.000000000000000000e+00,-0.000000000000000000e+00,-0.000000000000000000e+00,-0.000000000000000000e+00,-0.000000000000000000e+00,-0.000000000000000000e+00,-0.000000000000000000e+00,0.000000000000000000e+00,0.000000000000000000e+00,1.015089634917572869e+00,0.000000000000000000e+00,-7.276650995407549748e-03,-0.000000000000000000e+00,0.000000000000000000e+00,0.000000000000000000e+00,-0.000000000000000000e+00,0.000000000000000000e+00,0.000000000000000000e+00,0.000000000000000000e+00,-0.000000000000000000e+00,-0.000000000000000000e+00,-0.000000000000000000e+00,0.000000000000000000e+00,0.000000000000000000e+00,-0.000000000000000000e+00,-0.000000000000000000e+00,-0.000000000000000000e+00,-0.000000000000000000e+00,0.000000000000000000e+00,-0.000000000000000000e+00,-0.000000000000000000e+00,-1.211030008549215664e-01,0.000000000000000000e+00,-0.000000000000000000e+00,0.000000000000000000e+00,-0.000000000000000000e+00,0.000000000000000000e+00,0.000000000000000000e+00
-0.000000000000000000e+00,-0.000000000000000000e+00,-0.000000000000000000e+00,0.000000000000000000e+00,-0.000000000000000000e+00,-0.000000000000000000e+00,0.000000000000000000e+00,0.000000000000000000e+00,-3.329736166722051943e-02,-0.000000000000000000e+00,0.000000000000000000e+00,2.007805541729404730e+00,0.000000000000000000e+00,-1.251521907583092452e-01,-6.701455053379411497e-01,-7.746521313298361348e-03,-0.000000000000000000e+00,-1.322735961203484190e-01,-0.000000000000000000e+00,0.000000000000000000e+00,-0.000000000000000000e+00,-0.000000000000000000e+00,-0.000000000000000000e+00,-0.000000000000000000e+00,-0.000000000000000000e+00,-0.000000000000000000e+00,-1.745623685331973984e-01,-0.000000000000000000e+00,-0.000000000000000000e+00,-2.394468972200502754e-01,-0.000000000000000000e+00,-0.000000000000000000e+00,-0.000000000000000000e+00,-0.000000000000000000e+00,-0.000000000000000000e+00,-0.000000000000000000e+00,-0.000000000000000000e+00,-6.017167642657510022e-03,-4.306708669024478242e-01
-0.000000000000000000e+00,-0.000000000000000000e+00,0.000000000000000000e+00,-1.006973349537833851e-01,0.000000000000000000e+00,-0.000000000000000000e+00,-0.000000000000000000e+00,-2.403292137208020152e-01,0.000000000000000000e+00,0.000000000000000000e+00,-7.276650995407549748e-03,0.000000000000000000e+00,1.383894464523111045e+00,-0.000000000000000000e+00,0.000000000000000000e+00,0.000000000000000000e+00,0.000000000000000000e+00,0.000000000000000000e+00,0.000000000000000000e+00,-0.000000000000000000e+00,-0.000000000000000000e+00,-0.000000000000000000e+00,-0.000000000000000000e+00,0.000000000000000000e+00,0.000000000000000000e+00,-0.000000000000000000e+00,0.000000000000000000e+00,-0.000000000000000000e+00,-0.000000000000000000e+00,-0.000000000000000000e+00,0.000000000000000000e+00,-3.576679072015806482e-02,-2.478534682990849169e-01,1.127204817881627824e-01,-3.499169950462664991e-01,2.245688323612957948e-01,-0.000000000000000000e+00,0.000000000000000000e+00,0.000000000000000000e+00
-0.000000000000000000e+00,-0.000000000000000000e+00,-0.000000000000000000e+00,0.000000000000000000e+00,-4.419885476898770954e-02,-0.000000000000000000e+00,0.000000000000000000e+00,0.000000000000000000e+00,-2.606937382013687632e-01,-0.000000000000000000e+00,-0.000000000000000000e+00,-1.251521907583092452e-01,-0.000000000000000000e+00,2.124095820083769848e+00,-6.470205441981513594e-02,-0.000000000000000000e+00,-0.000000000000000000e+00,-0.000000000000000000e+00,-0.000000000000000000e+00,0.000000000000000000e+00,-0.000000000000000000e+00,-0.000000000000000000e+00,-1.894608112620827234e-01,-2.084541900416606308e-01,-0.000000000000000000e+00,-2.929511124230372299e-01,-2.863208040053466519e-01,-1.286564540609320961e-01,-6.104112137846775393e-02,-9.847685975369991490e-03,-3.885892999288907412e-01,-1.166926125419860127e-01,-0.000000000000000000e+00,-0.000000000000000000e+00,-0.000000000000000000e+00,-0.000000000000000000e+00,-0.000000000000000000e+00,-0.000000000000000000e+00,-5.731584511419863387e-02
-0.000000000000000000e+00,-0.000000000000000000e+00,-2.009240594831174925e-02,0.000000000000000000e+00,-0.000000000000000000e+00,-0.000000000000000000e+00,0.000000000000000000e+00,7.181435012359634051e-02,-2.953608187483737768e-01,-0.000000000000000000e+00,0.000000000000000000e+00,-6.701455053379411497e-01,0.000000000000000000e+00,-6.470205441981513594e-02,2.006895491684193455e+00,-0.000000000000000000e+00,-0.000000000000000000e+00,-2.594107879614311885e-01,-0.000000000000000000e+00,0.000000000000000000e+00,-0.000000000000000000e+00,-0.000000000000000000e+00,-0.000000000000000000e+00,-0.000000000000000000e+00,-0.000000000000000000e+00,-3.909132922960047163e-02,-6.185999488253594164e-02,-0.000000000000000000e+00,-0.000000000000000000e+00,-8.013231680244477240e-02,-5.408835154577675691e-02,-0.000000000000000000e+00,-0.000000000000000000e+00,-0.000000000000000000e+00,-0.000000000000000000e+00,-0.000000000000000000e+00,-0.000000000000000000e+00,-1.119285019241011980e-01,-1.241933656457290397e-01
-1.789118879163000275e-01,-1.546635594823495830e-01,-0.000000000000000000e+00,-0.000000000000000000e+00,-0.000000000000000000e+00,-0.000000000000000000e+00,-0.000000000000000000e+00,0.000000000000000000e+00,-0.000000000000000000e+00,-7.203311922352615415e-01,0.000000000000000000e+00,-7.746521313298361348e-03,0.000000000000000000e+00,-0.000000000000000000e+00,-0.000000000000000000e+00,1.869499521247116158e+00,-0.000000000000000000e+00,-0.000000000000000000e+00,-0.000000000000000000e+00,-0.000000000000000000e+00,-0.000000000000000000e+00,-1.211521803195803829e-03,-0.000000000000000000e+00,-0.000000000000000000e+00,-1.952276772233407232e-01,-0.000000000000000000e+00,-0.000000000000000000e+00,-0.000000000000000000e+00,-0.000000000000000000e+00,-2.382046646177794769e-01,0.000000000000000000e+00,-0.000000000000000000e+00,-0.000000000000000000e+00,-0.000000000000000000e+00,0.000000000000000000e+00,-0.000000000000000000e+00,-0.000000000000000000e+00,-0.000000000000000000e+00,-7.685611940017744378e-03
0.000000000000000000e+00,0.000000000000000000e+00,-0.000000000000000000e+00,1.208648116459048322e-02,-0.000000000000000000e+00,0.000000000000000000e+00,6.190245693775603191e-04,0.000000000000000000e+00,-0.000000000000000000e+00,-0.000000000000000000e+00,-0.000000000000000000e+00,-0.000000000000000000e+00,0.000000000000000000e+00,-0.000000000000000000e+00,-0.000000000000000000e+00,-0.000000000000000000e+00,1.087436635466250134e+00,-0.000000000000000000e+00,-0.000000000000000000e+00,0.000000000000000000e+00,0.000000000000000000e+00,0.000000000000000000e+00,0.000000000000000000e+00,0.000000000000000000e+00,-0.000000000000000000e+00,0.000000000000000000e+00,-0.000000000000000000e+00,0.000000000000000000e+00,4.640883203358542319e-02,0.000000000000000000e+00,-0.000000000000000000e+00,0.000000000000000000e+00,0.000000000000000000e+00,-0.000000000000000000e+00,1.693154599706901409e-01,-0.000000000000000000e+00,1.370891654026332174e-01,0.000000000000000000e+00,-0.000000000000000000e+00
-0.000000000000000000e+00,-0.000000000000000000e+00,-6.598119129410572048e-02,0.000000000000000000e+00,-1.101309910271398018e-01,-0.000000000000000000e+00,2.533871575671474766e-02,3.385843205377427889e-01,-2.802745539317938461e-01,-0.000000000000000000e+00,0.000000000000000000e+00,-1.322735961203484190e-01,0.000000000000000000e+00,-0.000000000000000000e+00,-2.594107879614311885e-01,-0.000000000000000000e+00,-0.000000000000000000e+00,2.316656529482550297e+00,-7.010766481102018721e-01,9.584611250290413220e-03,0.000000000000000000e+00,0.000000000000000000e+00,-0.000000000000000000e+00,-0.000000000000000000e+00,-0.000000000000000000e+00,-0.000000000000000000e+00,-6.553540982481571853e-02,-0.000000000000000000e+00,-0.000000000000000000e+00,-0.000000000000000000e+00,-0.000000000000000000e+00,-0.000000000000000000e+00,0.000000000000000000e+00,-3.070085998901880275e-01,0.000000000000000000e+00,-0.000000000000000000e+00,0.000000000000000000e+00,-0.000000000000000000e+00,-0.000000000000000000e+00
-0.000000000000000000e+00,-0.000000000000000000e+00,-8.143764364912726983e-02,8.282280711492516490e-02,-2.875207959750459286e-01,-0.000000000000000000e+00,0.000000000000000000e+00,1.938945511106643649e-01,-8.696731373568711287e-02,-0.000000000000000000e+00,0.000000000000000000e+00,-0.000000000000000000e+00,0.000000000000000000e+00,-0.000000000000000000e+00,-0.000000000000000000e+00,-0.000000000000000000e+00,-0.000000000000000000e+00,-7.010766481102018721e-01,2.142827506549993100e+00,0.000000000000000000e+00,0.000000000000000000e+00,0.000000000000000000e+00,-0.000000000000000000e+00,-0.000000000000000000e+00,-2.015473407284851248e-02,-0.000000000000000000e+00,-0.000000000000000000e+00,-0.000000000000000000e+00,-0.000000000000000000e+00,-0.000000000000000000e+00,-0.000000000000000000e+00,-0.000000000000000000e+00,0.000000000000000000e+00,-5.111907392102772452e-01,0.000000000000000000e+00,-0.000000000000000000e+00,0.000000000000000000e+00,-0.000000000000000000e+00,-0.000000000000000000e+00
0.000000000000000000e+00,-0.000000000000000000e+00,0.000000000000000000e+00,-0.000000000000000000e+00,0.000000000000000000e+00,0.000000000000000000e+00,-0.000000000000000000e+00,-5.545767211987528977e-02,0.000000000000000000e+00,0.000000000000000000e+00,0.000000000000000000e+00,0.000000000000000000e+00,-0.000000000000000000e+00,0.000000000000000000e+00,0.000000000000000000e+00,-0.000000000000000000e+00,0.000000000000000000e+00,9.584611250290413220e-03,0.000000000000000000e+00,1.312860040611671941e+00,-5.264709281259446344e-02,-6.151090593830741415e-01,0.000000000000000000e+00,2.041571844262045354e-02,0.000000000000000000e+00,0.000000000000000000e+00,0.000000000000000000e+00,0.000000000000000000e+00,0.000000000000000000e+00,0.000000000000000000e+00,0.000000000000000000e+00,0.000000000000000000e+00,0.000000000000000000e+00,0.000000000000000000e+00,-0.000000000000000000e+00,-0.000000000000000000e+00,-0.000000000000000000e+00,0.000000000000000000e+00,0.000000000000000000e+00
-0.000000000000000000e+00,-0.000000000000000000e+00,-0.000000000000000000e+00,-0.000000000000000000e+00,0.000000000000000000e+00,-0.000000000000000000e+00,-0.000000000000000000e+00,-0.000000000000000000e+00,-0.000000000000000000e+00,-0.000000000000000000e+00,-0.000000000000000000e+00,-0.000000000000000000e+00,-0.000000000000000000e+00,-0.000000000000000000e+00,-0.000000000000000000e+00,-0.000000000000000000e+00,0.000000000000000000e+00,0.000000000000000000e+00,0.000000000000000000e+00,-5.264709281259446344e-02,1.265388981292634440e+00,-4.307405283353559766e-01,-0.000000000000000000e+00,-0.000000000000000000e+00,-0.000000000000000000e+00,-0.000000000000000000e+00,-0.000000000000000000e+00,-0.000000000000000000e+00,-7.533572906660966628e-02,-0.000000000000000000e+00,-0.000000000000000000e+00,-4.392760177935008115e-02,-3.744265840524294703e-02,0.000000000000000000e+00,-1.236480219776089212e-01,-0.000000000000000000e+00,-8.144732445006646129e-03,-0.000000000000000000e+00,-0.000000000000000000e+00
-0.000000000000000000e+00,-0.000000000000000000e+00,0.000000000000000000e+00,-0.000000000000000000e+00,0.000000000000000000e+00,-0.000000000000000000e+00,-1.339650556034472362e-01,-0.000000000000000000e+00,-0.000000000000000000e+00,-0.000000000000000000e+00,-0.000000000000000000e+00,-0.000000000000000000e+00,-0.000000000000000000e+00,-0.000000000000000000e+00,-0.000000000000000000e+00,-1.211521803195803829e-03,0.000000000000000000e+00,0.000000000000000000e+00,0.000000000000000000e+00,-6.151090593830741415e-01,-4.307405283353559766e-01,1.616125530542610322e+00,-0.000000000000000000e+00,0.000000000000000000e+00,-0.000000000000000000e+00,-0.000000000000000000e+00,-0.000000000000000000e+00,-0.000000000000000000e+00,-0.000000000000000000e+00,-0.000000000000000000e+00,-0.000000000000000000e+00,-3.558877874542727086e-03,-2.448584240566112069e-01,0.000000000000000000e+00,-0.000000000000000000e+00,-0.000000000000000000e+00,-1.020622393927696353e-01,-0.000000000000000000e+00,-0.000000000000000000e+00
-1.308187830936944629e-01,-3.396821913616253352e-02,-0.000000000000000000e+00,-0.000000000000000000e+00,-0.000000000000000000e+00,-3.279773859892291532e-01,-0.000000000000000000e+00,0.000000000000000000e+00,-5.843836688559311127e-02,-9.565117395081738916e-02,-0.000000000000000000e+00,-0.000000000000000000e+00,-0.000000000000000000e+00,-1.894608112620827234e-01,-0.000000000000000000e+00,-0.000000000000000000e+00,0.000000000000000000e+00,-0.000000000000000000e+00,-0.000000000000000000e+00,0.000000000000000000e+00,-0.000000000000000000e+00,-0.000000000000000000e+00,2.218095550064988153e+00,-2.718124179475685520e-01,-2.387301931628653673e-01,-3.014840790837913787e-01,-0.000000000000000000e+00,-0.000000000000000000e+00,-3.515273780918334312e-01,-1.113124580155801652e-01,-0.000000000000000000e+00,-1.339900457424200164e-01,-0.000000000000000000e+00,-0.000000000000000000e+00,-3.996268053102505768e-02,0.000000000000000000e+00,-1.184656099955414543e-01,-5.184743868007263279e-02,-0.000000000000000000e+00
-0.000000000000000000e+00,-0.000000000000000000e+00,-0.000000000000000000e+00,3.984043156171187400e-02,-0.000000000000000000e+00,-5.259555360610007960e-03,0.000000000000000000e+00,0.000000000000000000e+00,-4.493035136818220032e-02,-0.000000000000000000e+00,0.000000000000000000e+00,-0.000000000000000000e+00,0.000000000000000000e+00,-2.084541900416606308e-01,-0.000000000000000000e+00,-0.000000000000000000e+00,0.000000000000000000e+00,-0.000000000000000000e+00,-0.000000000000000000e+00,2.041571844262045354e-02,-0.000000000000000000e+00,0.000000000000000000e+00,-2.718124179475685520e-01,1.239226823999403759e+00,-0.000000000000000000e+00,-0.000000000000000000e+00,-1.298235894370004806e-01,-0.000000000000000000e+00,-0.000000000000000000e+00,-0.000000000000000000e+00,-0.000000000000000000e+00,-0.000000000000000000e+00,-0.000000000000000000e+00,-1.220094428757898149e-02,-0.000000000000000000e+00,-0.000000000000000000e+00,-0.000000000000000000e+00,-0.000000000000000000e+00,-0.000000000000000000e+00
-5.025498355329210270e-02,-0.000000000000000000e+00,-0.000000000000000000e+00,0.000000000000000000e+00,-1.802480978681967119e-02,-0.000000000000000000e+00,0.000000000000000000e+00,0.000000000000000000e+00,-3.951509905846855575e-01,-4.657443382744020921e-01,0.000000000000000000e+00,-0.000000000000000000e+00,0.000000000000000000e+00,-0.000000000000000000e+00,-0.000000000000000000e+00,-1.952276772233407232e-01,-0.000000000000000000e+00,-0.000000000000000000e+00,-2.015473407284851248e-02,0.000000000000000000e+00,-0.000000000000000000e+00,-0.000000000000000000e+00,-2.387301931628653673e-01,-0.000000000000000000e+00,2.282210283481965973e+00,-0.000000000000000000e+00,-0.000000000000000000e+00,-0.000000000000000000e+00,-0.000000000000000000e+00,-1.052446176958748980e-01,-0.000000000000000000e+00,-0.000000000000000000e+00,-0.000000000000000000e+00,-2.642563171890914830e-01,-0.000000000000000000e+00,-0.000000000000000000e+00,-0.000000000000000000e+00,-2.798474828458533681e-01,-2.151903659476243902e-01
-8.834534082741139771e-02,-0.000000000000000000e+00,-0.000000000000000000e+00,-0.000000000000000000e+00,-0.000000000000000000e+00,-1.764243388109177149e-02,-0.000000000000000000e+00,0.000000000000000000e+00,-0.000000000000000000e+00,-0.000000000000000000e+00,-0.000000000000000000e+00,-0.000000000000000000e+00,-0.000000000000000000e+00,-2.929511124230372299e-01,-3.909132922960047163e-02,-0.000000000000000000e+00,0.000000000000000000e+00,-0.000000000000000000e+00,-0.000000000000000000e+00,0.000000000000000000e+00,-0.000000000000000000e+00,-0.000000000000000000e+00,-3.014840790837913787e-01,-0.000000000000000000e+00,-0.000000000000000000e+00,2.599748530838023264e+00,-4.267166073105090884e-01,-4.017913999337073827e-01,-3.557709803614367838e-01,-1.291380525270364732e-01,-0.000000000000000000e+00,-1.095666220147753500e-01,-8.838007095059448315e-02,-0.000000000000000000e+00,-0.000000000000000000e+00,0.000000000000000000e+00,-1.153353171812036490e-02,-4.141606050683788731e-01,-1.550710059879494562e-01
-0.000000000000000000e+00,-0.000000000000000000e+00,-2.891870415656452864e-01,0.000000000000000000e+00,-1.132940721761095670e-01,-0.000000000000000000e+00,0.000000000000000000e+00,0.000000000000000000e+00,-1.466223639304031767e-01,-0.000000000000000000e+00,-0.000000000000000000e+00,-1.745623685331973984e-01,0.000000000000000000e+00,-2.863208040053466519e-01,-6.185999488253594164e-02,-0.000000000000000000e+00,-0.000000000000000000e+00,-6.553540982481571853e-02,-0.000000000000000000e+00,0.000000000000000000e+00,-0.000000000000000000e+00,-0.000000000000000000e+00,-0.000000000000000000e+00,-1.298235894370004806e-01,-0.000000000000000000e+00,-4.267166073105090884e-01,1.991837646334793321e+00,-1.817158928012446995e-01,-0.000000000000000000e+00,-0.000000000000000000e+00,-1.094676610965597680e-01,-0.000000000000000000e+00,-0.000000000000000000e+00,-0.000000000000000000e+00,-0.000000000000000000e+00,-0.000000000000000000e+00,-0.000000000000000000e+00,-0.000000000000000000e+00,-0.000000000000000000e+00
-0.000000000000000000e+00,-0.000000000000000000e+00,-0.000000000000000000e+00,-0.000000000000000000e+00,-0.000000000000000000e+00,-0.000000000000000000e+00,-0.000000000000000000e+00,0.000000000000000000e+00,-0.000000000000000000e+00,-0.000000000000000000e+00,-0.000000000000000000e+00,-0.000000000000000000e+00,-0.000000000000000000e+00,-1.286564540609320961e-01,-0.000000000000000000e+00,-0.000000000000000000e+00,0.000000000000000000e+00,-0.000000000000000000e+00,-0.000000000000000000e+00,0.000000000000000000e+00,-0.000000000000000000e+00,-0.000000000000000000e+00,-0.000000000000000000e+00,-0.000000000000000000e+00,-0.000000000000000000e+00,-4.017913999337073827e-01,-1.817158928012446995e-01,1.847146144926776534e+00,-1.212859526940093802e-01,-0.000000000000000000e+00,-3.746593720890731283e-01,-2.517606047155236670e-02,-4.773892266823767661e-01,-0.000000000000000000e+00,-0.000000000000000000e+00,-0.000000000000000000e+00,-0.000000000000000000e+00,-0.000000000000000000e+00,-0.000000000000000000e+00
-1.081350845206732331e-01,-1.237178770250370180e-01,-0.000000000000000000e+00,-0.000000000000000000e+00,-0.000000000000000000e+00,-0.000000000000000000e+00,-0.000000000000000000e+00,0.000000000000000000e+00,-0.000000000000000000e+00,-0.000000000000000000e+00,-0.000000000000000000e+00,-0.000000000000000000e+00,-0.000000000000000000e+00,-6.104112137846775393e-02,-0.000000000000000000e+00,-0.000000000000000000e+00,4.640883203358542319e-02,-0.000000000000000000e+00,-0.000000000000000000e+00,0.000000000000000000e+00,-7.533572906660966628e-02,-0.000000000000000000e+00,-3.515273780918334312e-01,-0.000000000000000000e+00,-0.000000000000000000e+00,-3.557709803614367838e-01,-0.000000000000000000e+00,-1.212859526940093802e-01,2.105129814827493284e+00,-0.000000000000000000e+00,-7.419952408193355477e-03,-3.378260058537569943e-01,-0.000000000000000000e+00,-0.000000000000000000e+00,-3.776808509076628462e-01,0.000000000000000000e+00,-9.490709702521910041e-02,-8.353659281263881020e-02,-0.000000000000000000e+00
-3.787970820684742335e-01,-3.278517317114691965e-01,-0.000000000000000000e+00,-0.000000000000000000e+00,-0.000000000000000000e+00,-4.376051060352841721e-02,-0.000000000000000000e+00,0.000000000000000000e+00,-0.000000000000000000e+00,-3.978936327267063588e-01,0.000000000000000000e+00,-2.394468972200502754e-01,-0.000000000000000000e+00,-9.847685975369991490e-03,-8.013231680244477240e-02,-2.382046646177794769e-01,0.000000000000000000e+00,-0.000000000000000000e+00,-0.000000000000000000e+00,0.000000000000000000e+00,-0.000000000000000000e+00,-0.000000000000000000e+00,-1.113124580155801652e-01,-0.000000000000000000e+00,-1.052446176958748980e-01,-1.291380525270364732e-01,-0.000000000000000000e+00,-0.000000000000000000e+00,-0.000000000000000000e+00,2.410958426624055573e+00,-0.000000000000000000e+00,-0.000000000000000000e+00,-0.000000000000000000e+00,-1.554372171078907856e-02,-0.000000000000000000e+00,0.000000000000000000e+00,-0.000000000000000000e+00,-2.054935048650504414e-01,-1.605734058607005410e-01
-0.000000000000000000e+00,-0.000000000000000000e+00,-5.518266360154050476e-01,0.000000000000000000e+00,-1.528837374150812016e-03,-0.000000000000000000e+00,0.000000000000000000e+00,4.997971435420207886e-02,-0.000000000000000000e+00,0.000000000000000000e+00,-0.000000000000000000e+00,-0.000000000000000000e+00,0.000000000000000000e+00,-3.885892999288907412e-01,-5.408835154577675691e-02,0.000000000000000000e+00,-0.000000000000000000e+00,-0.000000000000000000e+00,-0.000000000000000000e+00,0.000000000000000000e+00,-0.000000000000000000e+00,-0.000000000000000000e+00,-0.000000000000000000e+00,-0.000000000000000000e+00,-0.000000000000000000e+00,-0.000000000000000000e+00,-1.094676610965597680e-01,-3.746593720890731283e-01,-7.419952408193355477e-03,-0.000000000000000000e+00,1.770670940532355742e+00,-0.000000000000000000e+00,-5.100210389432819312e-03,-0.000000000000000000e+00,-0.000000000000000000e+00,-0.000000000000000000e+00,-0.000000000000000000e+00,-0.000000000000000000e+00,-0.000000000000000000e+00
-0.000000000000000000e+00,-0.000000000000000000e+00,-0.000000000000000000e+00,-0.000000000000000000e+00,-0.000000000000000000e+00,-1.738244950224394625e-01,-0.000000000000000000e+00,-0.000000000000000000e+00,-0.000000000000000000e+00,-0.000000000000000000e+00,-0.000000000000000000e+00,-0.000000000000000000e+00,-3.576679072015806482e-02,-1.166926125419860127e-01,-0.000000000000000000e+00,-0.000000000000000000e+00,0.000000000000000000e+00,-0.000000000000000000e+00,-0.000000000000000000e+00,0.000000000000000000e+00,-4.392760177935008115e-02,-3.558877874542727086e-03,-1.339900457424200164e-01,-0.000000000000000000e+00,-0.000000000000000000e+00,-1.095666220147753500e-01,-0.000000000000000000e+00,-2.517606047155236670e-02,-3.378260058537569943e-01,-0.000000000000000000e+00,-0.000000000000000000e+00,2.381056974698337214e+00,-4.467912021343127815e-01,0.000000000000000000e+00,-4.984003840657338369e-01,0.000000000000000000e+00,-5.394890274047310363e-01,-0.000000000000000000e+00,-0.000000000000000000e+00
-0.000000000000000000e+00,-0.000000000000000000e+00,-0.000000000000000000e+00,-9.406849456159753486e-02,-0.000000000000000000e+00,-0.000000000000000000e+00,-1.403917302858768146e-01,-0.000000000000000000e+00,-0.000000000000000000e+00,-0.000000000000000000e+00,-1.211030008549215664e-01,-0.000000000000000000e+00,-2.478534682990849169e-01,-0.000000000000000000e+00,-0.000000000000000000e+00,-0.000000000000000000e+00,0.000000000000000000e+00,0.000000000000000000e+00,0.000000000000000000e+00,0.000000000000000000e+00,-3.744265840524294703e-02,-2.448584240566112069e-01,-0.000000000000000000e+00,-0.000000000000000000e+00,-0.000000000000000000e+00,-8.838007095059448315e-02,-0.000000000000000000e+00,-4.773892266823767661e-01,-0.000000000000000000e+00,-0.000000000000000000e+00,-5.100210389432819312e-03,-4.467912021343127815e-01,2.137744832972386710e+00,0.000000000000000000e+00,-4.437149755558296160e-01,0.000000000000000000e+00,-1.720064931689826437e-01,-0.000000000000000000e+00,-0.000000000000000000e+00
-0.000000000000000000e+00,-0.000000000000000000e+00,-0.000000000000000000e+00,0.000000000000000000e+00,-3.102731619063275881e-01,-0.000000000000000000e+00,0.000000000000000000e+00,2.635422891618458552e-01,-3.436571059312180654e-01,-1.248945690443153400e-01,0.000000000000000000e+00,-0.000000000000000000e+00,1.127204817881627824e-01,-0.000000000000000000e+00,-0.000000000000000000e+00,-0.000000000000000000e+00,-0.000000000000000000e+00,-3.070085998901880275e-01,-5.111907392102772452e-01,0.000000000000000000e+00,0.000000000000000000e+00,0.000000000000000000e+00,-0.000000000000000000e+00,-1.220094428757898149e-02,-2.642563171890914830e-01,-0.000000000000000000e+00,-0.000000000000000000e+00,-0.000000000000000000e+00,-0.000000000000000000e+00,-1.554372171078907856e-02,-0.000000000000000000e+00,0.000000000000000000e+00,0.000000000000000000e+00,2.287529680893753081e+00,0.000000000000000000e+00,-0.000000000000000000e+00,0.000000000000000000e+00,-0.000000000000000000e+00,-6.791261199293731343e-02
-0.000000000000000000e+00,-0.000000000000000000e+00,0.000000000000000000e+00,-1.498785717418375969e-02,0.000000000000000000e+00,-0.000000000000000000e+00,-0.000000000000000000e+00,-0.000000000000000000e+00,-0.000000000000000000e+00,-0.000000000000000000e+00,-0.000000000000000000e+00,-0.000000000000000000e+00,-3.499169950462664991e-01,-0.000000000000000000e+00,-0.000000000000000000e+00,0.000000000000000000e+00,1.693154599706901409e-01,0.000000000000000000e+00,0.000000000000000000e+00,-0.000000000000000000e+00,-1.236480219776089212e-01,-0.000000000000000000e+00,-3.996268053102505768e-02,-0.000000000000000000e+00,-0.000000000000000000e+00,-0.000000000000000000e+00,-0.000000000000000000e+00,-0.000000000000000000e+00,-3.776808509076628462e-01,-0.000000000000000000e+00,-0.000000000000000000e+00,-4.984003840657338369e-01,-4.437149755558296160e-01,0.000000000000000000e+00,2.395300985358853385e+00,3.156230948935608016e-02,-6.008025385987816325e-01,-0.000000000000000000e+00,-0.000000000000000000e+00
0.000000000000000000e+00,0.000000000000000000e+00,-2.427495679425719921e-01,9.418800468270678572e-02,-9.023091950198820765e-02,0.000000000000000000e+00,0.000000000000000000e+00,1.034487236360442236e-01,-0.000000000000000000e+00,-0.000000000000000000e+00,0.000000000000000000e+00,-0.000000000000000000e+00,2.245688323612957948e-01,-0.000000000000000000e+00,-0.000000000000000000e+00,-0.000000000000000000e+00,-0.000000000000000000e+00,-0.000000000000000000e+00,-0.000000000000000000e+00,-0.000000000000000000e+00,-0.000000000000000000e+00,-0.000000000000000000e+00,0.000000000000000000e+00,-0.000000000000000000e+00,-0.000000000000000000e+00,0.000000000000000000e+00,-0.000000000000000000e+00,-0.000000000000000000e+00,0.000000000000000000e+00,0.000000000000000000e+00,-0.000000000000000000e+00,0.000000000000000000e+00,0.000000000000000000e+00,-0.000000000000000000e+00,3.156230948935608016e-02,1.216637917249176803e+00,4.871412226708507313e-03,-0.000000000000000000e+00,-0.000000000000000000e+00
-0.000000000000000000e+00,-4.838954506930494975e-02,0.000000000000000000e+00,-0.000000000000000000e+00,0.000000000000000000e+00,-2.524313134911012058e-01,-6.230358842522458473e-02,-0.000000000000000000e+00,-0.000000000000000000e+00,-0.000000000000000000e+00,-0.000000000000000000e+00,-0.000000000000000000e+00,-0.000000000000000000e+00,-0.000000000000000000e+00,-0.000000000000000000e+00,-0.000000000000000000e+00,1.370891654026332174e-01,0.000000000000000000e+00,0.000000000000000000e+00,-0.000000000000000000e+00,-8.144732445006646129e-03,-1.020622393927696353e-01,-1.184656099955414543e-01,-0.000000000000000000e+00,-0.000000000000000000e+00,-1.153353171812036490e-02,-0.000000000000000000e+00,-0.000000000000000000e+00,-9.490709702521910041e-02,-0.000000000000000000e+00,-0.000000000000000000e+00,-5.394890274047310363e-01,-1.720064931689826437e-01,0.000000000000000000e+00,-6.008025385987816325e-01,4.871412226708507313e-03,2.104082038701768020e+00,-0.000000000000000000e+00,-0.000000000000000000e+00
-4.213197237223443303e-01,-1.844804416701216199e-01,-0.000000000000000000e+00,-0.000000000000000000e+00,-2.264097527281534739e-02,-0.000000000000000000e+00,-0.000000000000000000e+00,0.000000000000000000e+00,-2.632977899034986136e-01,-4.603110533455357506e-02,0.000000000000000000e+00,-6.017167642657510022e-03,0.000000000000000000e+00,-0.000000000000000000e+00,-1.119285019241011980e-01,-0.000000000000000000e+00,0.000000000000000000e+00,-0.000000000000000000e+00,-0.000000000000000000e+00,0.000000000000000000e+00,-0.000000000000000000e+00,-0.000000000000000000e+00,-5.184743868007263279e-02,-0.000000000000000000e+00,-2.798474828458533681e-01,-4.141606050683788731e-01,-0.000000000000000000e+00,-0.000000000000000000e+00,-8.353659281263881020e-02,-2.054935048650504414e-01,-0.000000000000000000e+00,-0.000000000000000000e+00,-0.000000000000000000e+00,-0.000000000000000000e+00,-0.000000000000000000e+00,-0.000000000000000000e+00,-0.000000000000000000e+00,2.596168906819644739e+00,-5.358430477510643941e-01
-1.963853799808265022e-01,-2.482044715246323197e-01,-0.000000000000000000e+00,-0.000000000000000000e+00,-0.000000000000000000e+00,-0.000000000000000000e+00,-0.000000000000000000e+00,0.000000000000000000e+00,-2.743959968835452679e-01,-1.050172155921011014e-01,0.000000000000000000e+00,-4.306708669024478242e-01,0.000000000000000000e+00,-5.731584511419863387e-02,-1.241933656457290397e-01,-7.685611940017744378e-03,-0.000000000000000000e+00,-0.000000000000000000e+00,-0.000000000000000000e+00,0.000000000000000000e+00,-0.000000000000000000e+00,-0.000000000000000000e+00,-0.000000000000000000e+00,-0.000000000000000000e+00,-2.151903659476243902e-01,-1.550710059879494562e-01,-0.000000000000000000e+00,-0.000000000000000000e+00,-0.000000000000000000e+00,-1.605734058607005410e-01,-0.000000000000000000e+00,-0.000000000000000000e+00,-0.000000000000000000e+00,-6.791261199293731343e-02,-0.000000000000000000e+00,-0.000000000000000000e+00,-0.000000000000000000e+00,-5.358430477510643941e-01,2.530732066106375022e+00
