2.713825146326271476e+00,-1.521120879781774626e-01,-0.000000000000000000e+00,-0.000000000000000000e+00,-3.585526595100640423e-01,-0.000000000000000000e+00,0.000000000000000000e+00,1.285599165209680705e-01,-4.842213040723739731e-02,-4.663377298517560887e-01,-0.000000000000000000e+00,0.000000000000000000e+00,0.000000000000000000e+00,-2.527559069992862395e-01,-0.000000000000000000e+00,-5.456503963486371012e-01,-0.000000000000000000e+00,-2.609341862068593858e-04,-0.000000000000000000e+00,-0.000000000000000000e+00,0.000000000000000000e+00,0.000000000000000000e+00,-0.000000000000000000e+00,-0.000000000000000000e+00,-0.000000000000000000e+00,-2.717874335180350820e-01,-0.000000000000000000e+00,-0.000000000000000000e+00,-1.419464402096817790e-01,-2.362462356049223333e-01,-0.000000000000000000e+00,-0.000000000000000000e+00,-0.000000000000000000e+00,-0.000000000000000000e+00,-0.000000000000000000e+00,-3.875896080368312901e-02,-0.000000000000000000e+00,-3.065219550120679703e-01,-0.000000000000000000e+00
-1.521120879781774626e-01,2.068942373045082217e+00,0.000000000000000000e+00,-0.000000000000000000e+00,-1.655685742307238528e-01,-0.000000000000000000e+00,2.485957826268551962e-04,-0.000000000000000000e+00,-4.652870163701031125e-01,-0.000000000000000000e+00,-0.000000000000000000e+00,-0.000000000000000000e+00,-0.000000000000000000e+00,-2.021119680677902486e-01,-0.000000000000000000e+00,-0.000000000000000000e+00,0.000000000000000000e+00,-0.000000000000000000e+00,-0.000000000000000000e+00,0.000000000000000000e+00,2.271095653336658582e-01,1.239891910844424378e-01,-0.000000000000000000e+00,-0.000000000000000000e+00,-1.887691555794015208e-01,0.000000000000000000e+00,0.000000000000000000e+00,0.000000000000000000e+00,-0.000000000000000000e+00,-1.321482571368633729e-01,0.000000000000000000e+00,-0.000000000000000000e+00,0.000000000000000000e+00,-4.882652313425936974e-01,0.000000000000000000e+00,-0.000000000000000000e+00,-0.000000000000000000e+00,-0.000000000000000000e+00,-0.000000000000000000e+00
-0.000000000000000000e+00,0.000000000000000000e+00,3.250704024647175228e+00,0.000000000000000000e+00,-0.000000000000000000e+00,0.000000000000000000e+00,-0.000000000000000000e+00,1.263737857520697005e+00,0.000000000000000000e+00,-0.000000000000000000e+00,-0.000000000000000000e+00,-0.000000000000000000e+00,4.394421066599137338e-01,-0.000000000000000000e+00,0.000000000000000000e+00,-0.000000000000000000e+00,-0.000000000000000000e+00,-0.000000000000000000e+00,-2.473406758227302271e-01,-0.000000000000000000e+00,-1.370041591228604409e-02,-4.822875675887989405e-02,-0.000000000000000000e+00,-0.000000000000000000e+00,0.000000000000000000e+00,-2.898252166434384658e-01,-1.738257933693994894e-01,-4.381129437748927380e-01,-0.000000000000000000e+00,-0.000000000000000000e+00,-3.612551481186633273e-01,-0.000000000000000000e+00,-2.054771487972085475e-01,0.000000000000000000e+00,-0.000000000000000000e+00,-4.687432767031316340e-04,-0.000000000000000000e+00,-0.000000000000000000e+00,-0.000000000000000000e+00
-0.000000000000000000e+00,-0.000000000000000000e+00,0.000000000000000000e+00,2.388010422744422101e+00,-0.000000000000000000e+00,-4.470687424089739986e-02,0.000000000000000000e+00,-0.000000000000000000e+00,-0.000000000000000000e+00,-0.000000000000000000e+00,2.159357467090549376e-01,0.000000000000000000e+00,-9.894887325580960236e-02,-0.000000000000000000e+00,-0.000000000000000000e+00,-0.000000000000000000e+00,0.000000000000000000e+00,-1.936658359567849930e-01,-0.000000000000000000e+00,0.000000000000000000e+00,6.917466077405738378e-01,7.124331335681780564e-01,-0.000000000000000000e+00,-3.490963992376877600e-02,-1.383686548074679890e-01,0.000000000000000000e+00,8.003482504337611214e-02,9.894298561988141075e-03,-0.000000000000000000e+00,-3.669648834425326966e-01,0.000000000000000000e+00,0.000000000000000000e+00,2.837753334854596979e-02,-0.000000000000000000e+00,0.000000000000000000e+00,0.000000000000000000e+00,-0.000000000000000000e+00,0.000000000000000000e+00,-0.000000000000000000e+00
-3.585526595100640423e-01,-1.655685742307238528e-01,-0.000000000000000000e+00,-0.000000000000000000e+00,2.350889827778693153e+00,-0.000000000000000000e+00,0.000000000000000000e+00,2.215011217798197318e-01,-2.865026623726127930e-01,-3.063589934393591910e-02,-0.000000000000000000e+00,-0.000000000000000000e+00,-0.000000000000000000e+00,-2.491566864092540357e-01,-0.000000000000000000e+00,-6.617470755562908369e-02,-0.000000000000000000e+00,-2.400079554177425856e-01,-0.000000000000000000e+00,0.000000000000000000e+00,0.000000000000000000e+00,0.000000000000000000e+00,-0.000000000000000000e+00,-0.000000000000000000e+00,-0.000000000000000000e+00,-0.000000000000000000e+00,-0.000000000000000000e+00,0.000000000000000000e+00,-0.000000000000000000e+00,-6.325567279396049347e-01,0.000000000000000000e+00,-0.000000000000000000e+00,0.000000000000000000e+00,-0.000000000000000000e+00,-0.000000000000000000e+00,-0.000000000000000000e+00,-0.000000000000000000e+00,-2.184615066431472574e-01,-0.000000000000000000e+00
-0.000000000000000000e+00,-0.000000000000000000e+00,0.000000000000000000e+00,-4.470687424089739986e-02,-0.000000000000000000e+00,1.868333153055192541e+00,-5.923888351329406957e-03,-0.000000000000000000e+00,0.000000000000000000e+00,-4.634043492623769918e-03,0.000000000000000000e+00,5.062414341975031151e-01,-0.000000000000000000e+00,-0.000000000000000000e+00,0.000000000000000000e+00,-0.000000000000000000e+00,-0.000000000000000000e+00,-0.000000000000000000e+00,0.000000000000000000e+00,0.000000000000000000e+00,5.436971176653712656e-02,9.958668679423858527e-02,0.000000000000000000e+00,-0.000000000000000000e+00,-2.715356090421482405e-01,-0.000000000000000000e+00,0.000000000000000000e+00,0.000000000000000000e+00,-3.870956644893661092e-01,-0.000000000000000000e+00,0.000000000000000000e+00,0.000000000000000000e+00,-0.000000000000000000e+00,0.000000000000000000e+00,-7.524600417718166345e-02,-0.000000000000000000e+00,-5.251831927625296714e-01,0.000000000000000000e+00,7.497815042793071205e-02
0.000000000000000000e+00,2.485957826268551962e-04,-0.000000000000000000e+00,0.000000000000000000e+00,0.000000000000000000e+00,-5.923888351329406957e-03,1.942700306362981966e+00,0.000000000000000000e+00,0.000000000000000000e+00,-0.000000000000000000e+00,0.000000000000000000e+00,5.759635739851852732e-01,0.000000000000000000e+00,0.000000000000000000e+00,3.651522708664184380e-01,0.000000000000000000e+00,-0.000000000000000000e+00,0.000000000000000000e+00,0.000000000000000000e+00,-0.000000000000000000e+00,-0.000000000000000000e+00,-0.000000000000000000e+00,0.000000000000000000e+00,0.000000000000000000e+00,0.000000000000000000e+00,-0.000000000000000000e+00,0.000000000000000000e+00,-0.000000000000000000e+00,-0.000000000000000000e+00,0.000000000000000000e+00,-0.000000000000000000e+00,0.000000000000000000e+00,-4.082391981814646048e-02,4.062783804139564192e-01,-1.043646373717987269e-01,0.000000000000000000e+00,-0.000000000000000000e+00,1.109365991375796251e-01,3.457745741016238217e-01
1.285599165209680705e-01,-0.000000000000000000e+00,1.263737857520697005e+00,-0.000000000000000000e+00,2.215011217798197318e-01,-0.000000000000000000e+00,0.000000000000000000e+00,2.437157953959739221e+00,0.000000000000000000e+00,0.000000000000000000e+00,8.770122656462521482e-02,0.000000000000000000e+00,-1.744239822167674425e-01,0.000000000000000000e+00,-0.000000000000000000e+00,0.000000000000000000e+00,0.000000000000000000e+00,0.000000000000000000e+00,1.129952217246046366e-02,1.128279480430489090e-01,0.000000000000000000e+00,0.000000000000000000e+00,0.000000000000000000e+00,0.000000000000000000e+00,-0.000000000000000000e+00,3.164442996436123701e-01,0.000000000000000000e+00,0.000000000000000000e+00,0.000000000000000000e+00,0.000000000000000000e+00,0.000000000000000000e+00,2.067234859952368428e-02,0.000000000000000000e+00,-0.000000000000000000e+00,0.000000000000000000e+00,0.000000000000000000e+00,0.000000000000000000e+00,1.802738685762985404e-01,0.000000000000000000e+00
-4.842213040723739731e-02,-4.652870163701031125e-01,0.000000000000000000e+00,-0.000000000000000000e+00,-2.865026623726127930e-01,0.000000000000000000e+00,0.000000000000000000e+00,0.000000000000000000e+00,2.336144731130128438e+00,-0.000000000000000000e+00,-0.000000000000000000e+00,-0.000000000000000000e+00,-0.000000000000000000e+00,-1.601534068168392749e-02,-4.601163917092065403e-01,-0.000000000000000000e+00,0.000000000000000000e+00,-0.000000000000000000e+00,0.000000000000000000e+00,-0.000000000000000000e+00,0.000000000000000000e+00,0.000000000000000000e+00,-2.930144716897568058e-01,-0.000000000000000000e+00,-0.000000000000000000e+00,0.000000000000000000e+00,0.000000000000000000e+00,0.000000000000000000e+00,0.000000000000000000e+00,-6.490821593453072191e-02,0.000000000000000000e+00,-0.000000000000000000e+00,0.000000000000000000e+00,-7.379655564640968946e-01,0.000000000000000000e+00,-0.000000000000000000e+00,0.000000000000000000e+00,-0.000000000000000000e+00,-1.057662461851446856e-01
-4.663377298517560887e-01,-0.000000000000000000e+00,-0.000000000000000000e+00,-0.000000000000000000e+00,-3.063589934393591910e-02,-4.634043492623769918e-03,-0.000000000000000000e+00,0.000000000000000000e+00,-0.000000000000000000e+00,2.954698092255778619e+00,0.000000000000000000e+00,0.000000000000000000e+00,0.000000000000000000e+00,-1.854433497535444564e-01,0.000000000000000000e+00,-5.842201725949055513e-01,-0.000000000000000000e+00,-1.637949459733026858e-01,-0.000000000000000000e+00,0.000000000000000000e+00,0.000000000000000000e+00,0.000000000000000000e+00,-3.874348503520451403e-02,-4.458827286207760476e-01,-1.118039155925776712e-01,-2.000234334031094074e-01,-0.000000000000000000e+00,-0.000000000000000000e+00,-0.000000000000000000e+00,-4.329864457047850057e-01,-0.000000000000000000e+00,-1.848533894415123058e-01,-0.000000000000000000e+00,0.000000000000000000e+00,-1.876321218549582559e-01,-0.000000000000000000e+00,-2.020026198414306695e-01,-0.000000000000000000e+00,-0.000000000000000000e+00
-0.000000000000000000e+00,-0.000000000000000000e+00,-0.000000000000000000e+00,2.159357467090549376e-01,-0.000000000000000000e+00,0.000000000000000000e+00,0.000000000000000000e+00,8.770122656462521482e-02,-0.000000000000000000e+00,0.000000000000000000e+00,1.182521611699837605e+00,-7.341814009472649553e-03,0.000000000000000000e+00,-0.000000000000000000e+00,-0.000000000000000000e+00,0.000000000000000000e+00,-1.847393600069046349e-01,1.374212525954160158e-01,0.000000000000000000e+00,-2.231204925404739192e-01,-0.000000000000000000e+00,-0.000000000000000000e+00,-2.292496949623503560e-02,0.000000000000000000e+00,-0.000000000000000000e+00,-0.000000000000000000e+00,-0.000000000000000000e+00,-0.000000000000000000e+00,0.000000000000000000e+00,0.000000000000000000e+00,-0.000000000000000000e+00,-0.000000000000000000e+00,-0.000000000000000000e+00,-0.000000000000000000e+00,0.000000000000000000e+00,-0.000000000000000000e+00,0.000000000000000000e+00,-0.000000000000000000e+00,-0.000000000000000000e+00
0.000000000000000000e+00,-0.000000000000000000e+00,-0.000000000000000000e+00,0.000000000000000000e+00,-0.000000000000000000e+00,5.062414341975031151e-01,5.759635739851852732e-01,0.000000000000000000e+00,-0.000000000000000000e+00,0.000000000000000000e+00,-7.341814009472649553e-03,2.180577021000937865e+00,0.000000000000000000e+00,-0.000000000000000000e+00,-0.000000000000000000e+00,-0.000000000000000000e+00,2.642434137388042226e-01,-0.000000000000000000e+00,-2.191321239067521853e-01,-0.000000000000000000e+00,-0.000000000000000000e+00,-0.000000000000000000e+00,-0.000000000000000000e+00,0.000000000000000000e+00,0.000000000000000000e+00,0.000000000000000000e+00,-0.000000000000000000e+00,0.000000000000000000e+00,2.393193461480383200e-01,0.000000000000000000e+00,-0.000000000000000000e+00,-0.000000000000000000e+00,0.000000000000000000e+00,-2.183522940437149923e-02,0.000000000000000000e+00,-0.000000000000000000e+00,0.000000000000000000e+00,-0.000000000000000000e+00,-7.129624684753754771e-01
0.000000000000000000e+00,-0.000000000000000000e+00,4.394421066599137338e-01,-9.894887325580960236e-02,-0.000000000000000000e+00,-0.000000000000000000e+00,0.000000000000000000e+00,-1.744239822167674425e-01,-0.000000000000000000e+00,0.000000000000000000e+00,0.000000000000000000e+00,0.000000000000000000e+00,2.924126800855545660e+00,-0.000000000000000000e+00,-0.000000000000000000e+00,0.000000000000000000e+00,1.341619726889650421e-01,-0.000000000000000000e+00,0.000000000000000000e+00,0.000000000000000000e+00,2.921117239777717978e-01,2.860118672126912287e-01,-0.000000000000000000e+00,-0.000000000000000000e+00,-0.000000000000000000e+00,0.000000000000000000e+00,7.955296433210071183e-02,5.062762216785197111e-01,0.000000000000000000e+00,-0.000000000000000000e+00,4.994500150375011382e-01,0.000000000000000000e+00,5.407655693985514711e-01,-0.000000000000000000e+00,0.000000000000000000e+00,8.513368703472523613e-02,0.000000000000000000e+00,0.000000000000000000e+00,0.000000000000000000e+00
-2.527559069992862395e-01,-2.021119680677902486e-01,-0.000000000000000000e+00,-0.000000000000000000e+00,-2.491566864092540357e-01,-0.000000000000000000e+00,0.000000000000000000e+00,0.000000000000000000e+00,-1.601534068168392749e-02,-1.854433497535444564e-01,-0.000000000000000000e+00,-0.000000000000000000e+00,-0.000000000000000000e+00,2.633868258573567989e+00,-0.000000000000000000e+00,-2.899685912867062676e-01,-0.000000000000000000e+00,-0.000000000000000000e+00,-0.000000000000000000e+00,0.000000000000000000e+00,0.000000000000000000e+00,0.000000000000000000e+00,-1.826130025240446930e-01,-7.313072026925160340e-01,-1.440722896744912884e-02,-0.000000000000000000e+00,-0.000000000000000000e+00,0.000000000000000000e+00,-0.000000000000000000e+00,-1.780452685480063135e-01,-0.000000000000000000e+00,-2.311954557161202406e-01,0.000000000000000000e+00,-0.000000000000000000e+00,-0.000000000000000000e+00,-2.427972289152102447e-01,-0.000000000000000000e+00,-0.000000000000000000e+00,-0.000000000000000000e+00
-0.000000000000000000e+00,-0.000000000000000000e+00,0.000000000000000000e+00,-0.000000000000000000e+00,-0.000000000000000000e+00,0.000000000000000000e+00,3.651522708664184380e-01,-0.000000000000000000e+00,-4.601163917092065403e-01,0.000000000000000000e+00,-0.000000000000000000e+00,-0.000000000000000000e+00,-0.000000000000000000e+00,-0.000000000000000000e+00,1.971482339471571255e+00,0.000000000000000000e+00,-0.000000000000000000e+00,-0.000000000000000000e+00,0.000000000000000000e+00,-0.000000000000000000e+00,2.041982628110645265e-02,0.000000000000000000e+00,-0.000000000000000000e+00,-0.000000000000000000e+00,-0.000000000000000000e+00,0.000000000000000000e+00,0.000000000000000000e+00,0.000000000000000000e+00,0.000000000000000000e+00,-0.000000000000000000e+00,2.108855335212952153e-01,0.000000000000000000e+00,2.358584178058867331e-01,-4.791607270093425353e-01,1.121835728716560759e-01,0.000000000000000000e+00,0.000000000000000000e+00,-1.459745712995821620e-01,-0.000000000000000000e+00
-5.456503963486371012e-01,-0.000000000000000000e+00,-0.000000000000000000e+00,-0.000000000000000000e+00,-6.617470755562908369e-02,-0.000000000000000000e+00,0.000000000000000000e+00,0.000000000000000000e+00,-0.000000000000000000e+00,-5.842201725949055513e-01,0.000000000000000000e+00,-0.000000000000000000e+00,0.000000000000000000e+00,-2.899685912867062676e-01,0.000000000000000000e+00,2.718221870148710639e+00,-0.000000000000000000e+00,-8.823556024616081850e-02,-4.658935029393486416e-02,0.000000000000000000e+00,0.000000000000000000e+00,0.000000000000000000e+00,-0.000000000000000000e+00,-2.314987780643109339e-01,-0.000000000000000000e+00,-1.663932355186729592e-02,-0.000000000000000000e+00,-0.000000000000000000e+00,-0.000000000000000000e+00,-3.036559886979783296e-01,-0.000000000000000000e+00,-1.416679326880675716e-01,-0.000000000000000000e+00,-0.000000000000000000e+00,-8.217677769566165968e-02,-3.426569000484120386e-01,-4.756678138324248184e-02,-0.000000000000000000e+00,-6.874142436176969295e-02
-0.000000000000000000e+00,0.000000000000000000e+00,-0.000000000000000000e+00,0.000000000000000000e+00,-0.000000000000000000e+00,-0.000000000000000000e+00,-0.000000000000000000e+00,0.000000000000000000e+00,0.000000000000000000e+00,-0.000000000000000000e+00,-1.847393600069046349e-01,2.642434137388042226e-01,1.341619726889650421e-01,-0.000000000000000000e+00,-0.000000000000000000e+00,-0.000000000000000000e+00,1.438133291849614581e+00,0.000000000000000000e+00,7.564405111295234574e-02,-0.000000000000000000e+00,-0.000000000000000000e+00,-0.000000000000000000e+00,0.000000000000000000e+00,-0.000000000000000000e+00,0.000000000000000000e+00,-1.371239576429806317e-01,-0.000000000000000000e+00,-0.000000000000000000e+00,-4.470914551129284709e-01,0.000000000000000000e+00,-0.000000000000000000e+00,0.000000000000000000e+00,-2.924680538168666910e-02,0.000000000000000000e+00,-0.000000000000000000e+00,-0.000000000000000000e+00,-2.928361945017431828e-02,-0.000000000000000000e+00,0.000000000000000000e+00
-2.609341862068593858e-04,-0.000000000000000000e+00,-0.000000000000000000e+00,-1.936658359567849930e-01,-2.400079554177425856e-01,-0.000000000000000000e+00,0.000000000000000000e+00,0.000000000000000000e+00,-0.000000000000000000e+00,-1.637949459733026858e-01,1.374212525954160158e-01,-0.000000000000000000e+00,-0.000000000000000000e+00,-0.000000000000000000e+00,-0.000000000000000000e+00,-8.823556024616081850e-02,0.000000000000000000e+00,2.016612220671749167e+00,-6.850553887057225788e-01,0.000000000000000000e+00,0.000000000000000000e+00,0.000000000000000000e+00,-0.000000000000000000e+00,-1.301918080946298517e-01,-0.000000000000000000e+00,-5.667109405283439483e-02,-0.000000000000000000e+00,0.000000000000000000e+00,-1.896637077944051189e-02,-2.928650369772262674e-01,-0.000000000000000000e+00,-0.000000000000000000e+00,-0.000000000000000000e+00,-0.000000000000000000e+00,-0.000000000000000000e+00,-0.000000000000000000e+00,-0.000000000000000000e+00,-1.349885893331602416e-01,-0.000000000000000000e+00
-0.000000000000000000e+00,-0.000000000000000000e+00,-2.473406758227302271e-01,-0.000000000000000000e+00,-0.000000000000000000e+00,0.000000000000000000e+00,0.000000000000000000e+00,1.129952217246046366e-02,0.000000000000000000e+00,-0.000000000000000000e+00,0.000000000000000000e+00,-2.191321239067521853e-01,0.000000000000000000e+00,-0.000000000000000000e+00,0.000000000000000000e+00,-4.658935029393486416e-02,7.564405111295234574e-02,-6.850553887057225788e-01,1.748936950535104451e+00,0.000000000000000000e+00,-0.000000000000000000e+00,-0.000000000000000000e+00,-0.000000000000000000e+00,-0.000000000000000000e+00,0.000000000000000000e+00,-0.000000000000000000e+00,-1.958939662857489827e-01,-0.000000000000000000e+00,-0.000000000000000000e+00,-0.000000000000000000e+00,-1.249564854825636478e-01,-0.000000000000000000e+00,-0.000000000000000000e+00,0.000000000000000000e+00,-0.000000000000000000e+00,-0.000000000000000000e+00,-0.000000000000000000e+00,-0.000000000000000000e+00,-2.287103417779622894e-01
-0.000000000000000000e+00,0.000000000000000000e+00,-0.000000000000000000e+00,0.000000000000000000e+00,0.000000000000000000e+00,0.000000000000000000e+00,-0.000000000000000000e+00,1.128279480430489090e-01,-0.000000000000000000e+00,0.000000000000000000e+00,-2.231204925404739192e-01,-0.000000000000000000e+00,0.000000000000000000e+00,0.000000000000000000e+00,-0.000000000000000000e+00,0.000000000000000000e+00,-0.000000000000000000e+00,0.000000000000000000e+00,0.000000000000000000e+00,1.156310681721209876e+00,-1.684126350081698031e-01,-9.951971480269471149e-02,-0.000000000000000000e+00,0.000000000000000000e+00,-0.000000000000000000e+00,-0.000000000000000000e+00,-0.000000000000000000e+00,-0.000000000000000000e+00,1.343077207866476275e-01,0.000000000000000000e+00,-0.000000000000000000e+00,-0.000000000000000000e+00,-0.000000000000000000e+00,0.000000000000000000e+00,0.000000000000000000e+00,0.000000000000000000e+00,4.463665348675491945e-02,-0.000000000000000000e+00,-0.000000000000000000e+00
0.000000000000000000e+00,2.271095653336658582e-01,-1.370041591228604409e-02,6.917466077405738378e-01,0.000000000000000000e+00,5.436971176653712656e-02,-0.000000000000000000e+00,0.000000000000000000e+00,0.000000000000000000e+00,0.000000000000000000e+00,-0.000000000000000000e+00,-0.000000000000000000e+00,2.921117239777717978e-01,0.000000000000000000e+00,2.041982628110645265e-02,0.000000000000000000e+00,-0.000000000000000000e+00,0.000000000000000000e+00,-0.000000000000000000e+00,-1.684126350081698031e-01,3.045645243209675890e+00,-1.005252293479737213e+00,0.000000000000000000e+00,1.546515683988760881e-01,2.817530260638976825e-01,-0.000000000000000000e+00,-0.000000000000000000e+00,-5.146481329219206868e-01,0.000000000000000000e+00,0.000000000000000000e+00,-0.000000000000000000e+00,-0.000000000000000000e+00,-0.000000000000000000e+00,0.000000000000000000e+00,-0.000000000000000000e+00,-0.000000000000000000e+00,0.000000000000000000e+00,0.000000000000000000e+00,0.000000000000000000e+00
0.000000000000000000e+00,1.239891910844424378e-01,-4.822875675887989405e-02,7.124331335681780564e-01,0.000000000000000000e+00,9.958668679423858527e-02,-0.000000000000000000e+00,0.000000000000000000e+00,0.000000000000000000e+00,0.000000000000000000e+00,-0.000000000000000000e+00,-0.000000000000000000e+00,2.860118672126912287e-01,0.000000000000000000e+00,0.000000000000000000e+00,0.000000000000000000e+00,-0.000000000000000000e+00,0.000000000000000000e+00,-0.000000000000000000e+00,-9.951971480269471149e-02,-1.005252293479737213e+00,3.126712031627567612e+00,0.000000000000000000e+00,8.413670354698238318e-02,3.070584346590925495e-01,-0.000000000000000000e+00,-1.231382401365134910e-01,-3.444119954894861446e-01,0.000000000000000000e+00,0.000000000000000000e+00,-2.352812764792059363e-01,-0.000000000000000000e+00,-1.342544883439858172e-01,0.000000000000000000e+00,-0.000000000000000000e+00,-0.000000000000000000e+00,0.000000000000000000e+00,0.000000000000000000e+00,-0.000000000000000000e+00
-0.000000000000000000e+00,-0.000000000000000000e+00,-0.000000000000000000e+00,-0.000000000000000000e+00,-0.000000000000000000e+00,0.000000000000000000e+00,0.000000000000000000e+00,0.000000000000000000e+00,-2.930144716897568058e-01,-3.874348503520451403e-02,-2.292496949623503560e-02,-0.000000000000000000e+00,-0.000000000000000000e+00,-1.826130025240446930e-01,-0.000000000000000000e+00,-0.000000000000000000e+00,0.000000000000000000e+00,-0.000000000000000000e+00,-0.000000000000000000e+00,-0.000000000000000000e+00,0.000000000000000000e+00,0.000000000000000000e+00,1.911698102605022820e+00,-0.000000000000000000e+00,-3.369598960983422042e-01,-0.000000000000000000e+00,-0.000000000000000000e+00,0.000000000000000000e+00,0.000000000000000000e+00,-0.000000000000000000e+00,0.000000000000000000e+00,-5.344176297043615742e-01,1.525634313631613892e-01,-0.000000000000000000e+00,0.000000000000000000e+00,-0.000000000000000000e+00,0.000000000000000000e+00,-0.000000000000000000e+00,-4.733217744266761673e-01
-0.000000000000000000e+00,-0.000000000000000000e+00,-0.000000000000000000e+00,-3.490963992376877600e-02,-0.000000000000000000e+00,-0.000000000000000000e+00,0.000000000000000000e+00,0.000000000000000000e+00,-0.000000000000000000e+00,-4.458827286207760476e-01,0.000000000000000000e+00,0.000000000000000000e+00,-0.000000000000000000e+00,-7.313072026925160340e-01,-0.000000000000000000e+00,-2.314987780643109339e-01,-0.000000000000000000e+00,-1.301918080946298517e-01,-0.000000000000000000e+00,0.000000000000000000e+00,1.546515683988760881e-01,8.413670354698238318e-02,-0.000000000000000000e+00,2.701202203183216355e+00,-3.204846289127458170e-01,-0.000000000000000000e+00,-0.000000000000000000e+00,0.000000000000000000e+00,-1.029576448949897083e-01,-5.069976655507371088e-01,-0.000000000000000000e+00,-5.252218910369051835e-02,0.000000000000000000e+00,-0.000000000000000000e+00,-0.000000000000000000e+00,-0.000000000000000000e+00,-9.477177156065598462e-02,-0.000000000000000000e+00,-0.000000000000000000e+00
-0.000000000000000000e+00,-1.887691555794015208e-01,0.000000000000000000e+00,-1.383686548074679890e-01,-0.000000000000000000e+00,-2.715356090421482405e-01,0.000000000000000000e+00,-0.000000000000000000e+00,-0.000000000000000000e+00,-1.118039155925776712e-01,-0.000000000000000000e+00,0.000000000000000000e+00,-0.000000000000000000e+00,-1.440722896744912884e-02,-0.000000000000000000e+00,-0.000000000000000000e+00,0.000000000000000000e+00,-0.000000000000000000e+00,0.000000000000000000e+00,-0.000000000000000000e+00,2.817530260638976825e-01,3.070584346590925495e-01,-3.369598960983422042e-01,-3.204846289127458170e-01,2.074895869419356664e+00,0.000000000000000000e+00,0.000000000000000000e+00,0.000000000000000000e+00,-0.000000000000000000e+00,-3.180066606898552806e-01,0.000000000000000000e+00,-0.000000000000000000e+00,0.000000000000000000e+00,-0.000000000000000000e+00,0.000000000000000000e+00,0.000000000000000000e+00,-0.000000000000000000e+00,-0.000000000000000000e+00,-0.000000000000000000e+00
-2.717874335180350820e-01,0.000000000000000000e+00,-2.898252166434384658e-01,0.000000000000000000e+00,-0.000000000000000000e+00,-0.000000000000000000e+00,-0.000000000000000000e+00,3.164442996436123701e-01,0.000000000000000000e+00,-2.000234334031094074e-01,-0.000000000000000000e+00,0.000000000000000000e+00,0.000000000000000000e+00,-0.000000000000000000e+00,0.000000000000000000e+00,-1.663932355186729592e-02,-1.371239576429806317e-01,-5.667109405283439483e-02,-0.000000000000000000e+00,-0.000000000000000000e+00,-0.000000000000000000e+00,-0.000000000000000000e+00,-0.000000000000000000e+00,-0.000000000000000000e+00,0.000000000000000000e+00,2.654506694622236207e+00,-2.780141077807409267e-01,-3.513377880911898177e-01,-1.964335652016412359e-01,-0.000000000000000000e+00,-9.490602487807447973e-02,-0.000000000000000000e+00,-5.436056719816670987e-04,0.000000000000000000e+00,-2.476455472556897408e-01,-9.677684020252362573e-02,-2.528838975980653853e-02,-5.754236918015878111e-01,-0.000000000000000000e+00
-0.000000000000000000e+00,0.000000000000000000e+00,-1.738257933693994894e-01,8.003482504337611214e-02,-0.000000000000000000e+00,0.000000000000000000e+00,0.000000000000000000e+00,0.000000000000000000e+00,0.000000000000000000e+00,-0.000000000000000000e+00,-0.000000000000000000e+00,-0.000000000000000000e+00,7.955296433210071183e-02,-0.000000000000000000e+00,0.000000000000000000e+00,-0.000000000000000000e+00,-0.000000000000000000e+00,-0.000000000000000000e+00,-1.958939662857489827e-01,-0.000000000000000000e+00,-0.000000000000000000e+00,-1.231382401365134910e-01,-0.000000000000000000e+00,-0.000000000000000000e+00,0.000000000000000000e+00,-2.780141077807409267e-01,2.651731174272004221e+00,-2.760649671343984868e-01,-0.000000000000000000e+00,0.000000000000000000e+00,-9.653749878907696980e-01,-5.829043415229681058e-01,-0.000000000000000000e+00,0.000000000000000000e+00,-0.000000000000000000e+00,-4.998782622617763821e-02,-0.000000000000000000e+00,-0.000000000000000000e+00,-1.624157084662136152e-01
-0.000000000000000000e+00,0.000000000000000000e+00,-4.381129437748927380e-01,9.894298561988141075e-03,0.000000000000000000e+00,0.000000000000000000e+00,-0.000000000000000000e+00,0.000000000000000000e+00,0.000000000000000000e+00,-0.000000000000000000e+00,-0.000000000000000000e+00,0.000000000000000000e+00,5.062762216785197111e-01,0.000000000000000000e+00,0.000000000000000000e+00,-0.000000000000000000e+00,-0.000000000000000000e+00,0.000000000000000000e+00,-0.000000000000000000e+00,-0.000000000000000000e+00,-5.146481329219206868e-01,-3.444119954894861446e-01,0.000000000000000000e+00,0.000000000000000000e+00,0.000000000000000000e+00,-3.513377880911898177e-01,-2.760649671343984868e-01,3.359525060733309587e+00,-0.000000000000000000e+00,0.000000000000000000e+00,-6.245663029780592623e-01,-0.000000000000000000e+00,-2.791040324382894622e-01,4.335973929453790787e-01,-0.000000000000000000e+00,-0.000000000000000000e+00,-0.000000000000000000e+00,-0.000000000000000000e+00,-0.000000000000000000e+00
-1.419464402096817790e-01,-0.000000000000000000e+00,-0.000000000000000000e+00,-0.000000000000000000e+00,-0.000000000000000000e+00,-3.870956644893661092e-01,-0.000000000000000000e+00,0.000000000000000000e+00,0.000000000000000000e+00,-0.000000000000000000e+00,0.000000000000000000e+00,2.393193461480383200e-01,0.000000000000000000e+00,-0.000000000000000000e+00,0.000000000000000000e+00,-0.000000000000000000e+00,-4.470914551129284709e-01,-1.896637077944051189e-02,-0.000000000000000000e+00,1.343077207866476275e-01,0.000000000000000000e+00,0.000000000000000000e+00,0.000000000000000000e+00,-1.029576448949897083e-01,-0.000000000000000000e+00,-1.964335652016412359e-01,-0.000000000000000000e+00,-0.000000000000000000e+00,2.617018418255268042e+00,-0.000000000000000000e+00,-0.000000000000000000e+00,-0.000000000000000000e+00,-0.000000000000000000e+00,0.000000000000000000e+00,-4.076987621774798010e-01,-0.000000000000000000e+00,-9.209115262706618621e-01,-0.000000000000000000e+00,0.000000000000000000e+00
-2.362462356049223333e-01,-1.321482571368633729e-01,-0.000000000000000000e+00,-3.669648834425326966e-01,-6.325567279396049347e-01,-0.000000000000000000e+00,0.000000000000000000e+00,0.000000000000000000e+00,-6.490821593453072191e-02,-4.329864457047850057e-01,0.000000000000000000e+00,0.000000000000000000e+00,-0.000000000000000000e+00,-1.780452685480063135e-01,-0.000000000000000000e+00,-3.036559886979783296e-01,0.000000000000000000e+00,-2.928650369772262674e-01,-0.000000000000000000e+00,0.000000000000000000e+00,0.000000000000000000e+00,0.000000000000000000e+00,-0.000000000000000000e+00,-5.069976655507371088e-01,-3.180066606898552806e-01,-0.000000000000000000e+00,0.000000000000000000e+00,0.000000000000000000e+00,-0.000000000000000000e+00,3.106878834826550140e+00,0.000000000000000000e+00,-0.000000000000000000e+00,0.000000000000000000e+00,-0.000000000000000000e+00,-0.000000000000000000e+00,-0.000000000000000000e+00,-0.000000000000000000e+00,-0.000000000000000000e+00,-0.000000000000000000e+00
-0.000000000000000000e+00,0.000000000000000000e+00,-3.612551481186633273e-01,0.000000000000000000e+00,0.000000000000000000e+00,0.000000000000000000e+00,-0.000000000000000000e+00,0.000000000000000000e+00,0.000000000000000000e+00,-0.000000000000000000e+00,-0.000000000000000000e+00,-0.000000000000000000e+00,4.994500150375011382e-01,-0.000000000000000000e+00,2.108855335212952153e-01,-0.000000000000000000e+00,-0.000000000000000000e+00,-0.000000000000000000e+00,-1.249564854825636478e-01,-0.000000000000000000e+00,-0.000000000000000000e+00,-2.352812764792059363e-01,0.000000000000000000e+00,-0.000000000000000000e+00,0.000000000000000000e+00,-9.490602487807447973e-02,-9.653749878907696980e-01,-6.245663029780592623e-01,-0.000000000000000000e+00,0.000000000000000000e+00,3.376751088402402790e+00,-5.680167466617596500e-02,-3.185875299018037232e-01,1.760688492911891695e-02,-2.527900320084094932e-01,-0.000000000000000000e+00,-0.000000000000000000e+00,-0.000000000000000000e+00,-0.000000000000000000e+00
-0.000000000000000000e+00,-0.000000000000000000e+00,-0.000000000000000000e+00,0.000000000000000000e+00,-0.000000000000000000e+00,0.000000000000000000e+00,0.000000000000000000e+00,2.067234859952368428e-02,-0.000000000000000000e+00,-1.848533894415123058e-01,-0.000000000000000000e+00,-0.000000000000000000e+00,0.000000000000000000e+00,-2.311954557161202406e-01,0.000000000000000000e+00,-1.416679326880675716e-01,0.000000000000000000e+00,-0.000000000000000000e+00,-0.000000000000000000e+00,-0.000000000000000000e+00,-0.000000000000000000e+00,-0.000000000000000000e+00,-5.344176297043615742e-01,-5.252218910369051835e-02,-0.000000000000000000e+00,-0.000000000000000000e+00,-5.829043415229681058e-01,-0.000000000000000000e+00,-0.000000000000000000e+00,-0.000000000000000000e+00,-5.680167466617596500e-02,2.046457343536622897e+00,-0.000000000000000000e+00,0.000000000000000000e+00,-0.000000000000000000e+00,-1.114569375158254716e-01,-0.000000000000000000e+00,-0.000000000000000000e+00,-2.400557221770979466e-01
-0.000000000000000000e+00,0.000000000000000000e+00,-2.054771487972085475e-01,2.837753334854596979e-02,0.000000000000000000e+00,-0.000000000000000000e+00,-4.082391981814646048e-02,0.000000000000000000e+00,0.000000000000000000e+00,-0.000000000000000000e+00,-0.000000000000000000e+00,0.000000000000000000e+00,5.407655693985514711e-01,0.000000000000000000e+00,2.358584178058867331e-01,-0.000000000000000000e+00,-2.924680538168666910e-02,-0.000000000000000000e+00,-0.000000000000000000e+00,-0.000000000000000000e+00,-0.000000000000000000e+00,-1.342544883439858172e-01,1.525634313631613892e-01,0.000000000000000000e+00,0.000000000000000000e+00,-5.436056719816670987e-04,-0.000000000000000000e+00,-2.791040324382894622e-01,-0.000000000000000000e+00,0.000000000000000000e+00,-3.185875299018037232e-01,-0.000000000000000000e+00,2.326711660793467473e+00,0.000000000000000000e+00,-2.656182811818139644e-01,-1.971005017466084530e-01,-1.571575867043823738e-01,-0.000000000000000000e+00,0.000000000000000000e+00
-0.000000000000000000e+00,-4.882652313425936974e-01,0.000000000000000000e+00,-0.000000000000000000e+00,-0.000000000000000000e+00,0.000000000000000000e+00,4.062783804139564192e-01,-0.000000000000000000e+00,-7.379655564640968946e-01,0.000000000000000000e+00,-0.000000000000000000e+00,-2.183522940437149923e-02,-0.000000000000000000e+00,-0.000000000000000000e+00,-4.791607270093425353e-01,-0.000000000000000000e+00,0.000000000000000000e+00,-0.000000000000000000e+00,0.000000000000000000e+00,0.000000000000000000e+00,0.000000000000000000e+00,0.000000000000000000e+00,-0.000000000000000000e+00,-0.000000000000000000e+00,-0.000000000000000000e+00,0.000000000000000000e+00,0.000000000000000000e+00,4.335973929453790787e-01,0.000000000000000000e+00,-0.000000000000000000e+00,1.760688492911891695e-02,0.000000000000000000e+00,0.000000000000000000e+00,2.604623619121516409e+00,3.742244217071090673e-01,0.000000000000000000e+00,0.000000000000000000e+00,-0.000000000000000000e+00,-0.000000000000000000e+00
-0.000000000000000000e+00,0.000000000000000000e+00,-0.000000000000000000e+00,0.000000000000000000e+00,-0.000000000000000000e+00,-7.524600417718166345e-02,-1.043646373717987269e-01,0.000000000000000000e+00,0.000000000000000000e+00,-1.876321218549582559e-01,0.000000000000000000e+00,0.000000000000000000e+00,0.000000000000000000e+00,-0.000000000000000000e+00,1.121835728716560759e-01,-8.217677769566165968e-02,-0.000000000000000000e+00,-0.000000000000000000e+00,-0.000000000000000000e+00,0.000000000000000000e+00,-0.000000000000000000e+00,-0.000000000000000000e+00,0.000000000000000000e+00,-0.000000000000000000e+00,0.000000000000000000e+00,-2.476455472556897408e-01,-0.000000000000000000e+00,-0.000000000000000000e+00,-4.076987621774798010e-01,-0.000000000000000000e+00,-2.527900320084094932e-01,-0.000000000000000000e+00,-2.656182811818139644e-01,3.742244217071090673e-01,2.719612404781191373e+00,-0.000000000000000000e+00,-1.008109433682650602e+00,0.000000000000000000e+00,0.000000000000000000e+00
-3.875896080368312901e-02,-0.000000000000000000e+00,-4.687432767031316340e-04,0.000000000000000000e+00,-0.000000000000000000e+00,-0.000000000000000000e+00,0.000000000000000000e+00,0.000000000000000000e+00,-0.000000000000000000e+00,-0.000000000000000000e+00,-0.000000000000000000e+00,-0.000000000000000000e+00,8.513368703472523613e-02,-2.427972289152102447e-01,0.000000000000000000e+00,-3.426569000484120386e-01,-0.000000000000000000e+00,-0.000000000000000000e+00,-0.000000000000000000e+00,0.000000000000000000e+00,-0.000000000000000000e+00,-0.000000000000000000e+00,-0.000000000000000000e+00,-0.000000000000000000e+00,0.000000000000000000e+00,-9.677684020252362573e-02,-4.998782622617763821e-02,-0.000000000000000000e+00,-0.000000000000000000e+00,-0.000000000000000000e+00,-0.000000000000000000e+00,-1.114569375158254716e-01,-1.971005017466084530e-01,0.000000000000000000e+00,-0.000000000000000000e+00,1.577059576190418477e+00,-2.152838486254317063e-01,-0.000000000000000000e+00,-0.000000000000000000e+00
-0.000000000000000000e+00,-0.000000000000000000e+00,-0.000000000000000000e+00,-0.000000000000000000e+00,-0.000000000000000000e+00,-5.251831927625296714e-01,-0.000000000000000000e+00,0.000000000000000000e+00,0.000000000000000000e+00,-2.020026198414306695e-01,0.000000000000000000e+00,0.000000000000000000e+00,0.000000000000000000e+00,-0.000000000000000000e+00,0.000000000000000000e+00,-4.756678138324248184e-02,-2.928361945017431828e-02,-0.000000000000000000e+00,-0.000000000000000000e+00,4.463665348675491945e-02,0.000000000000000000e+00,0.000000000000000000e+00,0.000000000000000000e+00,-9.477177156065598462e-02,-0.000000000000000000e+00,-2.528838975980653853e-02,-0.000000000000000000e+00,-0.000000000000000000e+00,-9.209115262706618621e-01,-0.000000000000000000e+00,-0.000000000000000000e+00,-0.000000000000000000e+00,-1.571575867043823738e-01,0.000000000000000000e+00,-1.008109433682650602e+00,-2.152838486254317063e-01,2.992054605918521570e+00,-0.000000000000000000e+00,0.000000000000000000e+00
-3.065219550120679703e-01,-0.000000000000000000e+00,-0.000000000000000000e+00,0.000000000000000000e+00,-2.184615066431472574e-01,0.000000000000000000e+00,1.109365991375796251e-01,1.802738685762985404e-01,-0.000000000000000000e+00,-0.000000000000000000e+00,-0.000000000000000000e+00,-0.000000000000000000e+00,0.000000000000000000e+00,-0.000000000000000000e+00,-1.459745712995821620e-01,-0.000000000000000000e+00,-0.000000000000000000e+00,-1.349885893331602416e-01,-0.000000000000000000e+00,-0.000000000000000000e+00,0.000000000000000000e+00,0.000000000000000000e+00,-0.000000000000000000e+00,-0.000000000000000000e+00,-0.000000000000000000e+00,-5.754236918015878111e-01,-0.000000000000000000e+00,-0.000000000000000000e+00,-0.000000000000000000e+00,-0.000000000000000000e+00,-0.000000000000000000e+00,-0.000000000000000000e+00,-0.000000000000000000e+00,-0.000000000000000000e+00,0.000000000000000000e+00,-0.000000000000000000e+00,-0.000000000000000000e+00,1.894337250713680421e+00,-3.172591725581863087e-01
-0.000000000000000000e+00,-0.000000000000000000e+00,-0.000000000000000000e+00,-0.000000000000000000e+00,-0.000000000000000000e+00,7.497815042793071205e-02,3.457745741016238217e-01,0.000000000000000000e+00,-1.057662461851446856e-01,-0.000000000000000000e+00,-0.000000000000000000e+00,-7.129624684753754771e-01,0.000000000000000000e+00,-0.000000000000000000e+00,-0.000000000000000000e+00,-6.874142436176969295e-02,0.000000000000000000e+00,-0.000000000000000000e+00,-2.287103417779622894e-01,-0.000000000000000000e+00,0.000000000000000000e+00,-0.000000000000000000e+00,-4.733217744266761673e-01,-0.000000000000000000e+00,-0.000000000000000000e+00,-0.000000000000000000e+00,-1.624157084662136152e-01,-0.000000000000000000e+00,0.000000000000000000e+00,-0.000000000000000000e+00,-0.000000000000000000e+00,-2.400557221770979466e-01,0.000000000000000000e+00,-0.000000000000000000e+00,0.000000000000000000e+00,-0.000000000000000000e+00,0.000000000000000000e+00,-3.172591725581863087e-01,2.255826718360815608e+00
