2.450046995738678568e+00,-5.638551870005333866e-01,-0.000000000000000000e+00,-0.000000000000000000e+00,-0.000000000000000000e+00,-0.000000000000000000e+00,0.000000000000000000e+00,0.000000000000000000e+00,-0.000000000000000000e+00,-3.569008655018548470e-01,-0.000000000000000000e+00,-0.000000000000000000e+00,0.000000000000000000e+00,-0.000000000000000000e+00,0.000000000000000000e+00,-7.926519464307478502e-02,-0.000000000000000000e+00,-0.000000000000000000e+00,-0.000000000000000000e+00,0.000000000000000000e+00,0.000000000000000000e+00,0.000000000000000000e+00,-0.000000000000000000e+00,-0.000000000000000000e+00,-3.575524264375883055e-02,-4.680905926819587393e-01,-9.913142484058867776e-02,-0.000000000000000000e+00,-2.363934273504199601e-01,-3.465216580383591594e-01,-0.000000000000000000e+00,-1.460155213518318229e-01,-0.000000000000000000e+00,-0.000000000000000000e+00,-0.000000000000000000e+00,-0.000000000000000000e+00,-1.168476653025421648e-02,-5.988406237500909501e-03,-0.000000000000000000e+00
-5.638551870005333866e-01,2.250949930373859154e+00,-0.000000000000000000e+00,-0.000000000000000000e+00,-0.000000000000000000e+00,-0.000000000000000000e+00,-0.000000000000000000e+00,0.000000000000000000e+00,-0.000000000000000000e+00,-3.739161779144362652e-01,-0.000000000000000000e+00,-0.000000000000000000e+00,-0.000000000000000000e+00,-0.000000000000000000e+00,0.000000000000000000e+00,-2.397871657026555414e-01,-0.000000000000000000e+00,-0.000000000000000000e+00,-5.296520588553915027e-02,0.000000000000000000e+00,6.272560324174356050e-02,0.000000000000000000e+00,-0.000000000000000000e+00,-0.000000000000000000e+00,-0.000000000000000000e+00,-4.093123015762279576e-02,-2.521645500168830448e-02,-0.000000000000000000e+00,-3.373455032449939606e-01,-1.497164254962454477e-01,-0.000000000000000000e+00,-1.859520775767300738e-01,-0.000000000000000000e+00,0.000000000000000000e+00,-0.000000000000000000e+00,-5.026618991998263973e-03,-1.503609716805137109e-01,-0.000000000000000000e+00,-0.000000000000000000e+00
-0.000000000000000000e+00,-0.000000000000000000e+00,2.551277512060465824e+00,-0.000000000000000000e+00,-4.055107911287751943e-01,0.000000000000000000e+00,-0.000000000000000000e+00,8.948512403405265436e-01,-0.000000000000000000e+00,-0.000000000000000000e+00,0.000000000000000000e+00,-1.229652512023494959e-01,0.000000000000000000e+00,-0.000000000000000000e+00,0.000000000000000000e+00,-0.000000000000000000e+00,-0.000000000000000000e+00,-1.753887450094325784e-01,-0.000000000000000000e+00,-0.000000000000000000e+00,-0.000000000000000000e+00,-0.000000000000000000e+00,-1.099779453688134456e-01,-2.316284981310381963e-01,-0.000000000000000000e+00,-0.000000000000000000e+00,-0.000000000000000000e+00,-0.000000000000000000e+00,-0.000000000000000000e+00,-8.520454659968759725e-02,-0.000000000000000000e+00,-0.000000000000000000e+00,-3.612195883777719607e-01,-2.975198903545525075e-01,0.000000000000000000e+00,0.000000000000000000e+00,-0.000000000000000000e+00,-0.000000000000000000e+00,-1.016478658296826459e-01
-0.000000000000000000e+00,-0.000000000000000000e+00,-0.000000000000000000e+00,1.611028880188674961e+00,-0.000000000000000000e+00,2.629973991676562428e-01,-0.000000000000000000e+00,0.000000000000000000e+00,-3.661884074035220982e-01,-0.000000000000000000e+00,0.000000000000000000e+00,-9.402465689773802093e-02,0.000000000000000000e+00,-0.000000000000000000e+00,-0.000000000000000000e+00,0.000000000000000000e+00,0.000000000000000000e+00,-0.000000000000000000e+00,-0.000000000000000000e+00,-1.358996170440653350e-01,-0.000000000000000000e+00,-0.000000000000000000e+00,-0.000000000000000000e+00,-9.529333250941175726e-02,0.000000000000000000e+00,-0.000000000000000000e+00,-0.000000000000000000e+00,-0.000000000000000000e+00,0.000000000000000000e+00,-0.000000000000000000e+00,0.000000000000000000e+00,-1.838912414149584118e-01,-0.000000000000000000e+00,-1.774170270420179218e-01,6.275079954011857086e-02,0.000000000000000000e+00,0.000000000000000000e+00,-3.215245829881674955e-01,-7.948628512811825239e-03
-0.000000000000000000e+00,-0.000000000000000000e+00,-4.055107911287751943e-01,-0.000000000000000000e+00,2.465602190513802139e+00,0.000000000000000000e+00,-0.000000000000000000e+00,1.078608095082965457e-01,-1.708601173033552634e-01,-0.000000000000000000e+00,-0.000000000000000000e+00,-0.000000000000000000e+00,0.000000000000000000e+00,-1.184215624278061180e-01,0.000000000000000000e+00,-0.000000000000000000e+00,-0.000000000000000000e+00,-4.741926855289266274e-02,-0.000000000000000000e+00,-0.000000000000000000e+00,-0.000000000000000000e+00,-0.000000000000000000e+00,-3.144333497679490108e-01,-7.347550110914898014e-02,-0.000000000000000000e+00,-0.000000000000000000e+00,-4.353495867453316404e-03,-0.000000000000000000e+00,-0.000000000000000000e+00,-2.828151692871501699e-01,-9.797563721988788998e-02,-2.590822259875563138e-01,-4.099667403060218707e-01,-3.821219423539313764e-01,-0.000000000000000000e+00,0.000000000000000000e+00,-0.000000000000000000e+00,-0.000000000000000000e+00,-0.000000000000000000e+00
-0.000000000000000000e+00,-0.000000000000000000e+00,0.000000000000000000e+00,2.629973991676562428e-01,0.000000000000000000e+00,2.311854832271797555e+00,-0.000000000000000000e+00,0.000000000000000000e+00,0.000000000000000000e+00,-0.000000000000000000e+00,-5.418021302399946837e-01,1.950878625764721208e-01,-8.715856284498026130e-02,-0.000000000000000000e+00,0.000000000000000000e+00,-0.000000000000000000e+00,-5.476254765332885244e-01,0.000000000000000000e+00,0.000000000000000000e+00,1.185274307214124467e-01,0.000000000000000000e+00,0.000000000000000000e+00,-0.000000000000000000e+00,0.000000000000000000e+00,-1.691870667169440845e-01,-0.000000000000000000e+00,-0.000000000000000000e+00,0.000000000000000000e+00,-0.000000000000000000e+00,-0.000000000000000000e+00,-0.000000000000000000e+00,0.000000000000000000e+00,-0.000000000000000000e+00,0.000000000000000000e+00,-4.605738055333530867e-01,-0.000000000000000000e+00,-1.603333232571166056e-01,1.838506048264048620e-01,4.579739799425015107e-02
0.000000000000000000e+00,-0.000000000000000000e+00,-0.000000000000000000e+00,-0.000000000000000000e+00,-0.000000000000000000e+00,-0.000000000000000000e+00,1.104886852579293199e+00,0.000000000000000000e+00,-0.000000000000000000e+00,0.000000000000000000e+00,-0.000000000000000000e+00,-0.000000000000000000e+00,-3.226545823577390837e-01,-0.000000000000000000e+00,0.000000000000000000e+00,0.000000000000000000e+00,0.000000000000000000e+00,-0.000000000000000000e+00,-0.000000000000000000e+00,-0.000000000000000000e+00,0.000000000000000000e+00,0.000000000000000000e+00,-0.000000000000000000e+00,-0.000000000000000000e+00,-0.000000000000000000e+00,0.000000000000000000e+00,0.000000000000000000e+00,4.939169562534716229e-02,0.000000000000000000e+00,0.000000000000000000e+00,0.000000000000000000e+00,0.000000000000000000e+00,0.000000000000000000e+00,-0.000000000000000000e+00,-0.000000000000000000e+00,-0.000000000000000000e+00,-0.000000000000000000e+00,0.000000000000000000e+00,-0.000000000000000000e+00
0.000000000000000000e+00,0.000000000000000000e+00,8.948512403405265436e-01,0.000000000000000000e+00,1.078608095082965457e-01,0.000000000000000000e+00,0.000000000000000000e+00,2.028940661231422471e+00,0.000000000000000000e+00,0.000000000000000000e+00,0.000000000000000000e+00,0.000000000000000000e+00,0.000000000000000000e+00,3.594355528786015719e-01,-0.000000000000000000e+00,0.000000000000000000e+00,0.000000000000000000e+00,0.000000000000000000e+00,0.000000000000000000e+00,0.000000000000000000e+00,0.000000000000000000e+00,0.000000000000000000e+00,8.593740060059092134e-02,1.090250334340680249e-01,0.000000000000000000e+00,0.000000000000000000e+00,0.000000000000000000e+00,0.000000000000000000e+00,0.000000000000000000e+00,0.000000000000000000e+00,8.368561230169214993e-02,0.000000000000000000e+00,1.330442372981808508e-01,0.000000000000000000e+00,0.000000000000000000e+00,0.000000000000000000e+00,0.000000000000000000e+00,0.000000000000000000e+00,0.000000000000000000e+00
-0.000000000000000000e+00,-0.000000000000000000e+00,-0.000000000000000000e+00,-3.661884074035220982e-01,-1.708601173033552634e-01,0.000000000000000000e+00,-0.000000000000000000e+00,0.000000000000000000e+00,2.439188192489732288e+00,-0.000000000000000000e+00,0.000000000000000000e+00,-3.142317114459410726e-02,0.000000000000000000e+00,-0.000000000000000000e+00,-0.000000000000000000e+00,-0.000000000000000000e+00,8.121899604532873546e-03,-6.753407397222369601e-01,-3.706185397323391029e-01,-0.000000000000000000e+00,0.000000000000000000e+00,0.000000000000000000e+00,-0.000000000000000000e+00,-1.606848956754820257e-01,-0.000000000000000000e+00,-0.000000000000000000e+00,-0.000000000000000000e+00,-0.000000000000000000e+00,-0.000000000000000000e+00,-5.877553658483163079e-02,-0.000000000000000000e+00,-3.361211275025404177e-01,-0.000000000000000000e+00,-0.000000000000000000e+00,0.000000000000000000e+00,0.000000000000000000e+00,0.000000000000000000e+00,-3.534696089736402702e-01,-1.561743503833967206e-01
-3.569008655018548470e-01,-3.739161779144362652e-01,-0.000000000000000000e+00,-0.000000000000000000e+00,-0.000000000000000000e+00,-0.000000000000000000e+00,0.000000000000000000e+00,0.000000000000000000e+00,-0.000000000000000000e+00,2.780006871996732354e+00,-0.000000000000000000e+00,-0.000000000000000000e+00,0.000000000000000000e+00,-0.000000000000000000e+00,0.000000000000000000e+00,-6.205706217177788808e-01,-0.000000000000000000e+00,-1.621654927741248975e-01,-0.000000000000000000e+00,0.000000000000000000e+00,0.000000000000000000e+00,0.000000000000000000e+00,-2.341674919651695608e-02,-0.000000000000000000e+00,-0.000000000000000000e+00,-2.892312272382480121e-01,-2.380896899297745006e-01,-0.000000000000000000e+00,-9.035241367108133581e-02,-5.427869622577344844e-01,-5.680393389037800139e-02,-7.234944019971976947e-02,-0.000000000000000000e+00,-0.000000000000000000e+00,-0.000000000000000000e+00,-5.237045176883019237e-02,-0.000000000000000000e+00,-0.000000000000000000e+00,-0.000000000000000000e+00
-0.000000000000000000e+00,-0.000000000000000000e+00,0.000000000000000000e+00,0.000000000000000000e+00,-0.000000000000000000e+00,-5.418021302399946837e-01,-0.000000000000000000e+00,0.000000000000000000e+00,0.000000000000000000e+00,-0.000000000000000000e+00,2.455880459776003555e+00,0.000000000000000000e+00,-0.000000000000000000e+00,-4.011086711246945880e-02,9.203653336794303391e-03,-0.000000000000000000e+00,-4.549952543206709499e-01,0.000000000000000000e+00,0.000000000000000000e+00,1.472530982111256437e-01,9.953900244141986042e-03,0.000000000000000000e+00,-0.000000000000000000e+00,0.000000000000000000e+00,-2.968339939014625339e-01,-0.000000000000000000e+00,-0.000000000000000000e+00,0.000000000000000000e+00,-8.278849047318989629e-02,-0.000000000000000000e+00,-0.000000000000000000e+00,-0.000000000000000000e+00,-0.000000000000000000e+00,0.000000000000000000e+00,-3.702277574308234231e-01,-0.000000000000000000e+00,-5.296187242993214417e-01,0.000000000000000000e+00,0.000000000000000000e+00
-0.000000000000000000e+00,-0.000000000000000000e+00,-1.229652512023494959e-01,-9.402465689773802093e-02,-0.000000000000000000e+00,1.950878625764721208e-01,-0.000000000000000000e+00,0.000000000000000000e+00,-3.142317114459410726e-02,-0.000000000000000000e+00,0.000000000000000000e+00,1.485730135631632587e+00,0.000000000000000000e+00,-0.000000000000000000e+00,-0.000000000000000000e+00,0.000000000000000000e+00,1.622939419390721782e-02,-0.000000000000000000e+00,-0.000000000000000000e+00,-7.157767166204961895e-02,-0.000000000000000000e+00,-1.263576213289902828e-01,-0.000000000000000000e+00,-0.000000000000000000e+00,0.000000000000000000e+00,-0.000000000000000000e+00,-0.000000000000000000e+00,-0.000000000000000000e+00,0.000000000000000000e+00,-0.000000000000000000e+00,-0.000000000000000000e+00,-0.000000000000000000e+00,-0.000000000000000000e+00,-0.000000000000000000e+00,0.000000000000000000e+00,0.000000000000000000e+00,0.000000000000000000e+00,-0.000000000000000000e+00,-6.293425049052017162e-01
0.000000000000000000e+00,-0.000000000000000000e+00,0.000000000000000000e+00,0.000000000000000000e+00,0.000000000000000000e+00,-8.715856284498026130e-02,-3.226545823577390837e-01,0.000000000000000000e+00,0.000000000000000000e+00,0.000000000000000000e+00,-0.000000000000000000e+00,0.000000000000000000e+00,1.316837867113103799e+00,-0.000000000000000000e+00,0.000000000000000000e+00,-0.000000000000000000e+00,-0.000000000000000000e+00,-0.000000000000000000e+00,-0.000000000000000000e+00,1.323945544233881739e-04,3.768112464046035615e-01,0.000000000000000000e+00,-0.000000000000000000e+00,0.000000000000000000e+00,-0.000000000000000000e+00,0.000000000000000000e+00,0.000000000000000000e+00,2.400349057528017305e-01,-0.000000000000000000e+00,0.000000000000000000e+00,0.000000000000000000e+00,0.000000000000000000e+00,0.000000000000000000e+00,0.000000000000000000e+00,-0.000000000000000000e+00,-0.000000000000000000e+00,-0.000000000000000000e+00,0.000000000000000000e+00,0.000000000000000000e+00
-0.000000000000000000e+00,-0.000000000000000000e+00,-0.000000000000000000e+00,-0.000000000000000000e+00,-1.184215624278061180e-01,-0.000000000000000000e+00,-0.000000000000000000e+00,3.594355528786015719e-01,-0.000000000000000000e+00,-0.000000000000000000e+00,-4.011086711246945880e-02,-0.000000000000000000e+00,-0.000000000000000000e+00,2.389325699199887243e+00,0.000000000000000000e+00,-5.769243491790771589e-02,-0.000000000000000000e+00,-0.000000000000000000e+00,-0.000000000000000000e+00,0.000000000000000000e+00,0.000000000000000000e+00,0.000000000000000000e+00,-4.675313879694310004e-01,-0.000000000000000000e+00,-5.818691305220895504e-01,-0.000000000000000000e+00,-9.178091014265266079e-02,-0.000000000000000000e+00,-0.000000000000000000e+00,-4.045254822440692150e-02,-2.265957007141359003e-01,-0.000000000000000000e+00,-3.346862285753918753e-01,-0.000000000000000000e+00,-9.320450544651810720e-02,-0.000000000000000000e+00,-7.923583340359806326e-02,-0.000000000000000000e+00,-0.000000000000000000e+00
0.000000000000000000e+00,0.000000000000000000e+00,0.000000000000000000e+00,-0.000000000000000000e+00,0.000000000000000000e+00,0.000000000000000000e+00,0.000000000000000000e+00,-0.000000000000000000e+00,-0.000000000000000000e+00,0.000000000000000000e+00,9.203653336794303391e-03,-0.000000000000000000e+00,0.000000000000000000e+00,0.000000000000000000e+00,1.245617017975632512e+00,0.000000000000000000e+00,3.646923411392302694e-01,-0.000000000000000000e+00,-0.000000000000000000e+00,-0.000000000000000000e+00,-0.000000000000000000e+00,-0.000000000000000000e+00,0.000000000000000000e+00,0.000000000000000000e+00,6.195665673206898760e-02,0.000000000000000000e+00,0.000000000000000000e+00,0.000000000000000000e+00,0.000000000000000000e+00,0.000000000000000000e+00,1.773686226044977610e-01,0.000000000000000000e+00,7.691582499206310597e-02,0.000000000000000000e+00,0.000000000000000000e+00,0.000000000000000000e+00,0.000000000000000000e+00,-0.000000000000000000e+00,-0.000000000000000000e+00
-7.926519464307478502e-02,-2.397871657026555414e-01,-0.000000000000000000e+00,0.000000000000000000e+00,-0.000000000000000000e+00,-0.000000000000000000e+00,0.000000000000000000e+00,0.000000000000000000e+00,-0.000000000000000000e+00,-6.205706217177788808e-01,-0.000000000000000000e+00,0.000000000000000000e+00,-0.000000000000000000e+00,-5.769243491790771589e-02,0.000000000000000000e+00,2.605648216809005380e+00,-0.000000000000000000e+00,-0.000000000000000000e+00,-0.000000000000000000e+00,0.000000000000000000e+00,0.000000000000000000e+00,0.000000000000000000e+00,-0.000000000000000000e+00,0.000000000000000000e+00,-3.090815436048617859e-01,-4.045624596183450272e-02,-1.047621812682643511e-01,-0.000000000000000000e+00,-2.228709520936079103e-01,-1.529397241289778830e-01,-1.729166524019388473e-01,-0.000000000000000000e+00,-0.000000000000000000e+00,0.000000000000000000e+00,-3.547983943669475587e-02,-3.474142298661788142e-01,-3.396516108340363882e-01,-0.000000000000000000e+00,0.000000000000000000e+00
-0.000000000000000000e+00,-0.000000000000000000e+00,-0.000000000000000000e+00,0.000000000000000000e+00,-0.000000000000000000e+00,-5.476254765332885244e-01,0.000000000000000000e+00,0.000000000000000000e+00,8.121899604532873546e-03,-0.000000000000000000e+00,-4.549952543206709499e-01,1.622939419390721782e-02,-0.000000000000000000e+00,-0.000000000000000000e+00,3.646923411392302694e-01,-0.000000000000000000e+00,2.205956055145954053e+00,0.000000000000000000e+00,6.832635467937850371e-02,0.000000000000000000e+00,0.000000000000000000e+00,0.000000000000000000e+00,-0.000000000000000000e+00,0.000000000000000000e+00,-2.348362070119208722e-01,-0.000000000000000000e+00,-0.000000000000000000e+00,-0.000000000000000000e+00,-2.223726097556881845e-02,-0.000000000000000000e+00,-1.895822756231282935e-01,0.000000000000000000e+00,-0.000000000000000000e+00,0.000000000000000000e+00,-3.307183959983208688e-01,-0.000000000000000000e+00,-5.323998029665967524e-02,0.000000000000000000e+00,1.423309760121208196e-02
-0.000000000000000000e+00,-0.000000000000000000e+00,-1.753887450094325784e-01,-0.000000000000000000e+00,-4.741926855289266274e-02,0.000000000000000000e+00,-0.000000000000000000e+00,0.000000000000000000e+00,-6.753407397222369601e-01,-1.621654927741248975e-01,0.000000000000000000e+00,-0.000000000000000000e+00,-0.000000000000000000e+00,-0.000000000000000000e+00,-0.000000000000000000e+00,-0.000000000000000000e+00,0.000000000000000000e+00,2.299459712523612698e+00,-6.812346916339943048e-01,-0.000000000000000000e+00,0.000000000000000000e+00,0.000000000000000000e+00,-2.145687838945926629e-01,-0.000000000000000000e+00,-0.000000000000000000e+00,-0.000000000000000000e+00,-0.000000000000000000e+00,-0.000000000000000000e+00,-0.000000000000000000e+00,-1.615155937907307090e-02,-0.000000000000000000e+00,-0.000000000000000000e+00,-0.000000000000000000e+00,-0.000000000000000000e+00,0.000000000000000000e+00,-0.000000000000000000e+00,-0.000000000000000000e+00,-1.033232793061554244e-01,-2.847201458374220007e-01
-0.000000000000000000e+00,-5.296520588553915027e-02,-0.000000000000000000e+00,-0.000000000000000000e+00,-0.000000000000000000e+00,0.000000000000000000e+00,-0.000000000000000000e+00,0.000000000000000000e+00,-3.706185397323391029e-01,-0.000000000000000000e+00,0.000000000000000000e+00,-0.000000000000000000e+00,-0.000000000000000000e+00,-0.000000000000000000e+00,-0.000000000000000000e+00,-0.000000000000000000e+00,6.832635467937850371e-02,-6.812346916339943048e-01,1.821872064230718902e+00,0.000000000000000000e+00,4.289631701487024024e-02,0.000000000000000000e+00,-0.000000000000000000e+00,-0.000000000000000000e+00,-0.000000000000000000e+00,-0.000000000000000000e+00,-0.000000000000000000e+00,0.000000000000000000e+00,-0.000000000000000000e+00,-0.000000000000000000e+00,0.000000000000000000e+00,-0.000000000000000000e+00,0.000000000000000000e+00,0.000000000000000000e+00,0.000000000000000000e+00,-0.000000000000000000e+00,-0.000000000000000000e+00,-2.850234894979490341e-01,-1.032563247563499237e-01
0.000000000000000000e+00,0.000000000000000000e+00,-0.000000000000000000e+00,-1.358996170440653350e-01,-0.000000000000000000e+00,1.185274307214124467e-01,-0.000000000000000000e+00,0.000000000000000000e+00,-0.000000000000000000e+00,0.000000000000000000e+00,1.472530982111256437e-01,-7.157767166204961895e-02,1.323945544233881739e-04,0.000000000000000000e+00,-0.000000000000000000e+00,0.000000000000000000e+00,0.000000000000000000e+00,-0.000000000000000000e+00,0.000000000000000000e+00,1.264492383102679307e+00,-1.577690858063167390e-01,-2.779021102459710013e-01,-0.000000000000000000e+00,-0.000000000000000000e+00,0.000000000000000000e+00,-0.000000000000000000e+00,0.000000000000000000e+00,-7.407821058300144423e-02,0.000000000000000000e+00,-0.000000000000000000e+00,-0.000000000000000000e+00,-0.000000000000000000e+00,-0.000000000000000000e+00,-1.723330015062391959e-02,0.000000000000000000e+00,0.000000000000000000e+00,4.096456758487793787e-04,-0.000000000000000000e+00,-3.869805856786170950e-02
0.000000000000000000e+00,6.272560324174356050e-02,-0.000000000000000000e+00,-0.000000000000000000e+00,-0.000000000000000000e+00,0.000000000000000000e+00,0.000000000000000000e+00,0.000000000000000000e+00,0.000000000000000000e+00,0.000000000000000000e+00,9.953900244141986042e-03,-0.000000000000000000e+00,3.768112464046035615e-01,0.000000000000000000e+00,-0.000000000000000000e+00,0.000000000000000000e+00,0.000000000000000000e+00,0.000000000000000000e+00,4.289631701487024024e-02,-1.577690858063167390e-01,1.767936451936853892e+00,-8.491461149342562909e-01,0.000000000000000000e+00,-0.000000000000000000e+00,0.000000000000000000e+00,-0.000000000000000000e+00,-0.000000000000000000e+00,-2.648994122865370726e-01,0.000000000000000000e+00,-0.000000000000000000e+00,-0.000000000000000000e+00,0.000000000000000000e+00,-0.000000000000000000e+00,-0.000000000000000000e+00,0.000000000000000000e+00,-0.000000000000000000e+00,0.000000000000000000e+00,0.000000000000000000e+00,0.000000000000000000e+00
0.000000000000000000e+00,0.000000000000000000e+00,-0.000000000000000000e+00,-0.000000000000000000e+00,-0.000000000000000000e+00,0.000000000000000000e+00,0.000000000000000000e+00,0.000000000000000000e+00,0.000000000000000000e+00,0.000000000000000000e+00,0.000000000000000000e+00,-1.263576213289902828e-01,0.000000000000000000e+00,0.000000000000000000e+00,-0.000000000000000000e+00,0.000000000000000000e+00,0.000000000000000000e+00,0.000000000000000000e+00,0.000000000000000000e+00,-2.779021102459710013e-01,-8.491461149342562909e-01,1.622989536287390733e+00,0.000000000000000000e+00,-0.000000000000000000e+00,0.000000000000000000e+00,0.000000000000000000e+00,-0.000000000000000000e+00,-1.660511546193031360e-02,0.000000000000000000e+00,-0.000000000000000000e+00,-0.000000000000000000e+00,0.000000000000000000e+00,-0.000000000000000000e+00,-0.000000000000000000e+00,0.000000000000000000e+00,-0.000000000000000000e+00,0.000000000000000000e+00,0.000000000000000000e+00,-0.000000000000000000e+00
-0.000000000000000000e+00,-0.000000000000000000e+00,-1.099779453688134456e-01,-0.000000000000000000e+00,-3.144333497679490108e-01,-0.000000000000000000e+00,-0.000000000000000000e+00,8.593740060059092134e-02,-0.000000000000000000e+00,-2.341674919651695608e-02,-0.000000000000000000e+00,-0.000000000000000000e+00,-0.000000000000000000e+00,-4.675313879694310004e-01,0.000000000000000000e+00,-0.000000000000000000e+00,-0.000000000000000000e+00,-2.145687838945926629e-01,-0.000000000000000000e+00,-0.000000000000000000e+00,0.000000000000000000e+00,0.000000000000000000e+00,1.912018492587680196e+00,-2.025581649345007118e-01,-2.257577060609932684e-01,-0.000000000000000000e+00,-0.000000000000000000e+00,-0.000000000000000000e+00,-0.000000000000000000e+00,-1.276060268429072275e-01,-0.000000000000000000e+00,-0.000000000000000000e+00,-4.113585030542020460e-02,-0.000000000000000000e+00,-0.000000000000000000e+00,-0.000000000000000000e+00,-0.000000000000000000e+00,-0.000000000000000000e+00,-1.161978702703279562e-02
-0.000000000000000000e+00,-0.000000000000000000e+00,-2.316284981310381963e-01,-9.529333250941175726e-02,-7.347550110914898014e-02,0.000000000000000000e+00,-0.000000000000000000e+00,1.090250334340680249e-01,-1.606848956754820257e-01,-0.000000000000000000e+00,0.000000000000000000e+00,-0.000000000000000000e+00,0.000000000000000000e+00,-0.000000000000000000e+00,0.000000000000000000e+00,0.000000000000000000e+00,0.000000000000000000e+00,-0.000000000000000000e+00,-0.000000000000000000e+00,-0.000000000000000000e+00,-0.000000000000000000e+00,-0.000000000000000000e+00,-2.025581649345007118e-01,1.476362677649311950e+00,-0.000000000000000000e+00,0.000000000000000000e+00,-0.000000000000000000e+00,-0.000000000000000000e+00,0.000000000000000000e+00,-0.000000000000000000e+00,-0.000000000000000000e+00,-0.000000000000000000e+00,-0.000000000000000000e+00,-2.855275018074828752e-01,0.000000000000000000e+00,0.000000000000000000e+00,0.000000000000000000e+00,-0.000000000000000000e+00,-6.280457432594965198e-04
-3.575524264375883055e-02,-0.000000000000000000e+00,-0.000000000000000000e+00,0.000000000000000000e+00,-0.000000000000000000e+00,-1.691870667169440845e-01,-0.000000000000000000e+00,0.000000000000000000e+00,-0.000000000000000000e+00,-0.000000000000000000e+00,-2.968339939014625339e-01,0.000000000000000000e+00,-0.000000000000000000e+00,-5.818691305220895504e-01,6.195665673206898760e-02,-3.090815436048617859e-01,-2.348362070119208722e-01,-0.000000000000000000e+00,-0.000000000000000000e+00,0.000000000000000000e+00,0.000000000000000000e+00,0.000000000000000000e+00,-2.257577060609932684e-01,-0.000000000000000000e+00,2.509782335257500385e+00,-0.000000000000000000e+00,-3.819217027023224381e-02,-0.000000000000000000e+00,-8.886364281709455137e-02,-0.000000000000000000e+00,-1.177328106197575580e-01,-0.000000000000000000e+00,-3.489093367437977322e-02,-0.000000000000000000e+00,-2.945684419191346159e-01,-0.000000000000000000e+00,-2.082003913974305731e-01,0.000000000000000000e+00,0.000000000000000000e+00
-4.680905926819587393e-01,-4.093123015762279576e-02,-0.000000000000000000e+00,-0.000000000000000000e+00,-0.000000000000000000e+00,-0.000000000000000000e+00,0.000000000000000000e+00,0.000000000000000000e+00,-0.000000000000000000e+00,-2.892312272382480121e-01,-0.000000000000000000e+00,-0.000000000000000000e+00,0.000000000000000000e+00,-0.000000000000000000e+00,0.000000000000000000e+00,-4.045624596183450272e-02,-0.000000000000000000e+00,-0.000000000000000000e+00,-0.000000000000000000e+00,-0.000000000000000000e+00,-0.000000000000000000e+00,0.000000000000000000e+00,-0.000000000000000000e+00,0.000000000000000000e+00,-0.000000000000000000e+00,2.470776986081715698e+00,-4.783569804456502816e-01,-3.920499653400495998e-01,-3.323881859912278802e-01,-1.144614618255356958e-01,-0.000000000000000000e+00,-3.503625048462634672e-01,-0.000000000000000000e+00,-0.000000000000000000e+00,-0.000000000000000000e+00,-0.000000000000000000e+00,-0.000000000000000000e+00,-0.000000000000000000e+00,-0.000000000000000000e+00
-9.913142484058867776e-02,-2.521645500168830448e-02,-0.000000000000000000e+00,-0.000000000000000000e+00,-4.353495867453316404e-03,-0.000000000000000000e+00,0.000000000000000000e+00,0.000000000000000000e+00,-0.000000000000000000e+00,-2.380896899297745006e-01,-0.000000000000000000e+00,-0.000000000000000000e+00,0.000000000000000000e+00,-9.178091014265266079e-02,0.000000000000000000e+00,-1.047621812682643511e-01,-0.000000000000000000e+00,-0.000000000000000000e+00,-0.000000000000000000e+00,0.000000000000000000e+00,-0.000000000000000000e+00,-0.000000000000000000e+00,-0.000000000000000000e+00,-0.000000000000000000e+00,-3.819217027023224381e-02,-4.783569804456502816e-01,2.251668845398766106e+00,-0.000000000000000000e+00,-3.327809025697731071e-01,-2.991966179228533126e-02,-3.279597548523190964e-01,-2.374412375736390246e-01,-7.688002676412304670e-02,-0.000000000000000000e+00,-0.000000000000000000e+00,-6.471030826621876342e-02,-6.216070085449094951e-02,-0.000000000000000000e+00,-0.000000000000000000e+00
-0.000000000000000000e+00,-0.000000000000000000e+00,-0.000000000000000000e+00,-0.000000000000000000e+00,-0.000000000000000000e+00,0.000000000000000000e+00,4.939169562534716229e-02,0.000000000000000000e+00,-0.000000000000000000e+00,-0.000000000000000000e+00,0.000000000000000000e+00,-0.000000000000000000e+00,2.400349057528017305e-01,-0.000000000000000000e+00,0.000000000000000000e+00,-0.000000000000000000e+00,-0.000000000000000000e+00,-0.000000000000000000e+00,0.000000000000000000e+00,-7.407821058300144423e-02,-2.648994122865370726e-01,-1.660511546193031360e-02,-0.000000000000000000e+00,-0.000000000000000000e+00,-0.000000000000000000e+00,-3.920499653400495998e-01,-0.000000000000000000e+00,1.630517341464282621e+00,-0.000000000000000000e+00,-1.268811769537000755e-01,-4.691796686764658220e-01,-0.000000000000000000e+00,-0.000000000000000000e+00,-0.000000000000000000e+00,-0.000000000000000000e+00,-0.000000000000000000e+00,-0.000000000000000000e+00,-0.000000000000000000e+00,0.000000000000000000e+00
-2.363934273504199601e-01,-3.373455032449939606e-01,-0.000000000000000000e+00,0.000000000000000000e+00,-0.000000000000000000e+00,-0.000000000000000000e+00,0.000000000000000000e+00,0.000000000000000000e+00,-0.000000000000000000e+00,-9.035241367108133581e-02,-8.278849047318989629e-02,0.000000000000000000e+00,-0.000000000000000000e+00,-0.000000000000000000e+00,0.000000000000000000e+00,-2.228709520936079103e-01,-2.223726097556881845e-02,-0.000000000000000000e+00,-0.000000000000000000e+00,0.000000000000000000e+00,0.000000000000000000e+00,0.000000000000000000e+00,-0.000000000000000000e+00,0.000000000000000000e+00,-8.886364281709455137e-02,-3.323881859912278802e-01,-3.327809025697731071e-01,-0.000000000000000000e+00,2.476452396330127925e+00,-0.000000000000000000e+00,-0.000000000000000000e+00,-0.000000000000000000e+00,-0.000000000000000000e+00,0.000000000000000000e+00,-5.515716207325224718e-02,-2.700378434626389823e-01,-4.728251917789601522e-01,0.000000000000000000e+00,0.000000000000000000e+00
-3.465216580383591594e-01,-1.497164254962454477e-01,-8.520454659968759725e-02,-0.000000000000000000e+00,-2.828151692871501699e-01,-0.000000000000000000e+00,0.000000000000000000e+00,0.000000000000000000e+00,-5.877553658483163079e-02,-5.427869622577344844e-01,-0.000000000000000000e+00,-0.000000000000000000e+00,0.000000000000000000e+00,-4.045254822440692150e-02,0.000000000000000000e+00,-1.529397241289778830e-01,-0.000000000000000000e+00,-1.615155937907307090e-02,-0.000000000000000000e+00,-0.000000000000000000e+00,-0.000000000000000000e+00,-0.000000000000000000e+00,-1.276060268429072275e-01,-0.000000000000000000e+00,-0.000000000000000000e+00,-1.144614618255356958e-01,-2.991966179228533126e-02,-1.268811769537000755e-01,-0.000000000000000000e+00,2.402460745121160812e+00,-8.829259679186964027e-02,-3.110721349234373267e-01,-0.000000000000000000e+00,-0.000000000000000000e+00,-0.000000000000000000e+00,-0.000000000000000000e+00,-0.000000000000000000e+00,-0.000000000000000000e+00,-0.000000000000000000e+00
-0.000000000000000000e+00,-0.000000000000000000e+00,-0.000000000000000000e+00,0.000000000000000000e+00,-9.797563721988788998e-02,-0.000000000000000000e+00,0.000000000000000000e+00,8.368561230169214993e-02,-0.000000000000000000e+00,-5.680393389037800139e-02,-0.000000000000000000e+00,-0.000000000000000000e+00,0.000000000000000000e+00,-2.265957007141359003e-01,1.773686226044977610e-01,-1.729166524019388473e-01,-1.895822756231282935e-01,-0.000000000000000000e+00,0.000000000000000000e+00,-0.000000000000000000e+00,-0.000000000000000000e+00,-0.000000000000000000e+00,-0.000000000000000000e+00,-0.000000000000000000e+00,-1.177328106197575580e-01,-0.000000000000000000e+00,-3.279597548523190964e-01,-4.691796686764658220e-01,-0.000000000000000000e+00,-8.829259679186964027e-02,2.191352692956510140e+00,-0.000000000000000000e+00,-3.879278915401606076e-01,-0.000000000000000000e+00,-0.000000000000000000e+00,-0.000000000000000000e+00,-0.000000000000000000e+00,0.000000000000000000e+00,0.000000000000000000e+00
-1.460155213518318229e-01,-1.859520775767300738e-01,-0.000000000000000000e+00,-1.838912414149584118e-01,-2.590822259875563138e-01,0.000000000000000000e+00,0.000000000000000000e+00,0.000000000000000000e+00,-3.361211275025404177e-01,-7.234944019971976947e-02,-0.000000000000000000e+00,-0.000000000000000000e+00,0.000000000000000000e+00,-0.000000000000000000e+00,0.000000000000000000e+00,-0.000000000000000000e+00,0.000000000000000000e+00,-0.000000000000000000e+00,-0.000000000000000000e+00,-0.000000000000000000e+00,0.000000000000000000e+00,0.000000000000000000e+00,-0.000000000000000000e+00,-0.000000000000000000e+00,-0.000000000000000000e+00,-3.503625048462634672e-01,-2.374412375736390246e-01,-0.000000000000000000e+00,-0.000000000000000000e+00,-3.110721349234373267e-01,-0.000000000000000000e+00,2.112728827718677760e+00,-0.000000000000000000e+00,-0.000000000000000000e+00,0.000000000000000000e+00,-0.000000000000000000e+00,-0.000000000000000000e+00,-9.305432378589600928e-02,-0.000000000000000000e+00
-0.000000000000000000e+00,-0.000000000000000000e+00,-3.612195883777719607e-01,-0.000000000000000000e+00,-4.099667403060218707e-01,-0.000000000000000000e+00,0.000000000000000000e+00,1.330442372981808508e-01,-0.000000000000000000e+00,-0.000000000000000000e+00,-0.000000000000000000e+00,-0.000000000000000000e+00,0.000000000000000000e+00,-3.346862285753918753e-01,7.691582499206310597e-02,-0.000000000000000000e+00,-0.000000000000000000e+00,-0.000000000000000000e+00,0.000000000000000000e+00,-0.000000000000000000e+00,-0.000000000000000000e+00,-0.000000000000000000e+00,-4.113585030542020460e-02,-0.000000000000000000e+00,-3.489093367437977322e-02,-0.000000000000000000e+00,-7.688002676412304670e-02,-0.000000000000000000e+00,-0.000000000000000000e+00,-0.000000000000000000e+00,-3.879278915401606076e-01,-0.000000000000000000e+00,2.111198349149508768e+00,-2.108114054467958853e-01,-0.000000000000000000e+00,0.000000000000000000e+00,-0.000000000000000000e+00,-0.000000000000000000e+00,-0.000000000000000000e+00
-0.000000000000000000e+00,0.000000000000000000e+00,-2.975198903545525075e-01,-1.774170270420179218e-01,-3.821219423539313764e-01,0.000000000000000000e+00,-0.000000000000000000e+00,0.000000000000000000e+00,-0.000000000000000000e+00,-0.000000000000000000e+00,0.000000000000000000e+00,-0.000000000000000000e+00,0.000000000000000000e+00,-0.000000000000000000e+00,0.000000000000000000e+00,0.000000000000000000e+00,0.000000000000000000e+00,-0.000000000000000000e+00,0.000000000000000000e+00,-1.723330015062391959e-02,-0.000000000000000000e+00,-0.000000000000000000e+00,-0.000000000000000000e+00,-2.855275018074828752e-01,-0.000000000000000000e+00,-0.000000000000000000e+00,-0.000000000000000000e+00,-0.000000000000000000e+00,0.000000000000000000e+00,-0.000000000000000000e+00,-0.000000000000000000e+00,-0.000000000000000000e+00,-2.108114054467958853e-01,1.617209300705791719e+00,0.000000000000000000e+00,9.969280734986858683e-02,0.000000000000000000e+00,-0.000000000000000000e+00,-0.000000000000000000e+00
-0.000000000000000000e+00,-0.000000000000000000e+00,0.000000000000000000e+00,6.275079954011857086e-02,-0.000000000000000000e+00,-4.605738055333530867e-01,-0.000000000000000000e+00,0.000000000000000000e+00,0.000000000000000000e+00,-0.000000000000000000e+00,-3.702277574308234231e-01,0.000000000000000000e+00,-0.000000000000000000e+00,-9.320450544651810720e-02,0.000000000000000000e+00,-3.547983943669475587e-02,-3.307183959983208688e-01,0.000000000000000000e+00,0.000000000000000000e+00,0.000000000000000000e+00,0.000000000000000000e+00,0.000000000000000000e+00,-0.000000000000000000e+00,0.000000000000000000e+00,-2.945684419191346159e-01,-0.000000000000000000e+00,-0.000000000000000000e+00,-0.000000000000000000e+00,-5.515716207325224718e-02,-0.000000000000000000e+00,-0.000000000000000000e+00,0.000000000000000000e+00,-0.000000000000000000e+00,0.000000000000000000e+00,2.394105798080912173e+00,-2.400875935888241441e-01,-4.903008044707198865e-01,0.000000000000000000e+00,0.000000000000000000e+00
-0.000000000000000000e+00,-5.026618991998263973e-03,0.000000000000000000e+00,0.000000000000000000e+00,0.000000000000000000e+00,-0.000000000000000000e+00,-0.000000000000000000e+00,0.000000000000000000e+00,0.000000000000000000e+00,-5.237045176883019237e-02,-0.000000000000000000e+00,0.000000000000000000e+00,-0.000000000000000000e+00,-0.000000000000000000e+00,0.000000000000000000e+00,-3.474142298661788142e-01,-0.000000000000000000e+00,-0.000000000000000000e+00,-0.000000000000000000e+00,0.000000000000000000e+00,-0.000000000000000000e+00,-0.000000000000000000e+00,-0.000000000000000000e+00,0.000000000000000000e+00,-0.000000000000000000e+00,-0.000000000000000000e+00,-6.471030826621876342e-02,-0.000000000000000000e+00,-2.700378434626389823e-01,-0.000000000000000000e+00,-0.000000000000000000e+00,-0.000000000000000000e+00,0.000000000000000000e+00,9.969280734986858683e-02,-2.400875935888241441e-01,1.517442680602807403e+00,-1.402094082314214729e-01,0.000000000000000000e+00,0.000000000000000000e+00
-1.168476653025421648e-02,-1.503609716805137109e-01,-0.000000000000000000e+00,0.000000000000000000e+00,-0.000000000000000000e+00,-1.603333232571166056e-01,-0.000000000000000000e+00,0.000000000000000000e+00,0.000000000000000000e+00,-0.000000000000000000e+00,-5.296187242993214417e-01,0.000000000000000000e+00,-0.000000000000000000e+00,-7.923583340359806326e-02,0.000000000000000000e+00,-3.396516108340363882e-01,-5.323998029665967524e-02,-0.000000000000000000e+00,-0.000000000000000000e+00,4.096456758487793787e-04,0.000000000000000000e+00,0.000000000000000000e+00,-0.000000000000000000e+00,0.000000000000000000e+00,-2.082003913974305731e-01,-0.000000000000000000e+00,-6.216070085449094951e-02,-0.000000000000000000e+00,-4.728251917789601522e-01,-0.000000000000000000e+00,-0.000000000000000000e+00,-0.000000000000000000e+00,-0.000000000000000000e+00,0.000000000000000000e+00,-4.903008044707198865e-01,-1.402094082314214729e-01,2.597811262501499296e+00,0.000000000000000000e+00,0.000000000000000000e+00
-5.988406237500909501e-03,-0.000000000000000000e+00,-0.000000000000000000e+00,-3.215245829881674955e-01,-0.000000000000000000e+00,1.838506048264048620e-01,0.000000000000000000e+00,0.000000000000000000e+00,-3.534696089736402702e-01,-0.000000000000000000e+00,0.000000000000000000e+00,-0.000000000000000000e+00,0.000000000000000000e+00,-0.000000000000000000e+00,-0.000000000000000000e+00,-0.000000000000000000e+00,0.000000000000000000e+00,-1.033232793061554244e-01,-2.850234894979490341e-01,-0.000000000000000000e+00,0.000000000000000000e+00,0.000000000000000000e+00,-0.000000000000000000e+00,-0.000000000000000000e+00,0.000000000000000000e+00,-0.000000000000000000e+00,-0.000000000000000000e+00,-0.000000000000000000e+00,0.000000000000000000e+00,-0.000000000000000000e+00,0.000000000000000000e+00,-9.305432378589600928e-02,-0.000000000000000000e+00,-0.000000000000000000e+00,0.000000000000000000e+00,0.000000000000000000e+00,0.000000000000000000e+00,1.874307461693060839e+00,-4.907939348174624739e-01
-0.000000000000000000e+00,-0.000000000000000000e+00,-1.016478658296826459e-01,-7.948628512811825239e-03,-0.000000000000000000e+00,4.579739799425015107e-02,-0.000000000000000000e+00,0.000000000000000000e+00,-1.561743503833967206e-01,-0.000000000000000000e+00,0.000000000000000000e+00,-6.293425049052017162e-01,0.000000000000000000e+00,-0.000000000000000000e+00,-0.000000000000000000e+00,0.000000000000000000e+00,1.423309760121208196e-02,-2.847201458374220007e-01,-1.032563247563499237e-01,-3.869805856786170950e-02,0.000000000000000000e+00,-0.000000000000000000e+00,-1.161978702703279562e-02,-6.280457432594965198e-04,0.000000000000000000e+00,-0.000000000000000000e+00,-0.000000000000000000e+00,0.000000000000000000e+00,0.000000000000000000e+00,-0.000000000000000000e+00,0.000000000000000000e+00,-0.000000000000000000e+00,-0.000000000000000000e+00,-0.000000000000000000e+00,0.000000000000000000e+00,0.000000000000000000e+00,0.000000000000000000e+00,-4.907939348174624739e-01,1.909660547930570385e+00
