2.192536707819134456e+00,-6.146605218700219586e-01,-0.000000000000000000e+00,0.000000000000000000e+00,-0.000000000000000000e+00,0.000000000000000000e+00,0.000000000000000000e+00,0.000000000000000000e+00,-2.641500922432556131e-02,-0.000000000000000000e+00,-0.000000000000000000e+00,-0.000000000000000000e+00,0.000000000000000000e+00,-0.000000000000000000e+00,-0.000000000000000000e+00,-2.836954369661474629e-01,-0.000000000000000000e+00,-0.000000000000000000e+00,-0.000000000000000000e+00,-0.000000000000000000e+00,-0.000000000000000000e+00,-0.000000000000000000e+00,-0.000000000000000000e+00,-0.000000000000000000e+00,-0.000000000000000000e+00,-3.904984514451514399e-01,-6.146903241552135327e-02,-0.000000000000000000e+00,-1.858896227793919442e-01,-3.119608950704405581e-01,-0.000000000000000000e+00,-1.920709195036528760e-01,0.000000000000000000e+00,-0.000000000000000000e+00,-0.000000000000000000e+00,-2.823176521108247683e-01,-1.058366915767415262e-01,-0.000000000000000000e+00,-0.000000000000000000e+00
-6.146605218700219586e-01,1.488226002104162227e+00,-0.000000000000000000e+00,1.356195627251851055e-01,-0.000000000000000000e+00,0.000000000000000000e+00,0.000000000000000000e+00,-0.000000000000000000e+00,-1.224386256568702619e-02,-0.000000000000000000e+00,-0.000000000000000000e+00,-0.000000000000000000e+00,-0.000000000000000000e+00,-0.000000000000000000e+00,-0.000000000000000000e+00,-0.000000000000000000e+00,-0.000000000000000000e+00,-0.000000000000000000e+00,-0.000000000000000000e+00,0.000000000000000000e+00,0.000000000000000000e+00,-0.000000000000000000e+00,-0.000000000000000000e+00,-0.000000000000000000e+00,0.000000000000000000e+00,-0.000000000000000000e+00,-1.363318787428234591e-01,-0.000000000000000000e+00,-0.000000000000000000e+00,-0.000000000000000000e+00,-6.581638812170973601e-04,-3.112618003582090162e-02,0.000000000000000000e+00,-0.000000000000000000e+00,0.000000000000000000e+00,-2.304557782673826993e-01,-0.000000000000000000e+00,-0.000000000000000000e+00,-0.000000000000000000e+00
-0.000000000000000000e+00,-0.000000000000000000e+00,2.266175203845028907e+00,0.000000000000000000e+00,-3.994545763357877366e-01,0.000000000000000000e+00,0.000000000000000000e+00,1.119488230233680603e+00,-0.000000000000000000e+00,-3.865628276013910805e-04,-0.000000000000000000e+00,-0.000000000000000000e+00,4.270709515754381180e-02,-2.446419117657658293e-01,-0.000000000000000000e+00,-0.000000000000000000e+00,-0.000000000000000000e+00,-0.000000000000000000e+00,-0.000000000000000000e+00,0.000000000000000000e+00,-0.000000000000000000e+00,-0.000000000000000000e+00,-0.000000000000000000e+00,-0.000000000000000000e+00,-0.000000000000000000e+00,-0.000000000000000000e+00,-0.000000000000000000e+00,-2.369349211998561799e-01,-0.000000000000000000e+00,-0.000000000000000000e+00,-4.318533675336874711e-02,-0.000000000000000000e+00,-0.000000000000000000e+00,-4.033031286217259037e-02,-0.000000000000000000e+00,-0.000000000000000000e+00,-0.000000000000000000e+00,-0.000000000000000000e+00,-0.000000000000000000e+00
0.000000000000000000e+00,1.356195627251851055e-01,0.000000000000000000e+00,1.090718521982257716e+00,0.000000000000000000e+00,3.282205333569722036e-03,-0.000000000000000000e+00,-0.000000000000000000e+00,0.000000000000000000e+00,0.000000000000000000e+00,0.000000000000000000e+00,-0.000000000000000000e+00,-0.000000000000000000e+00,0.000000000000000000e+00,-0.000000000000000000e+00,-0.000000000000000000e+00,0.000000000000000000e+00,-0.000000000000000000e+00,-0.000000000000000000e+00,-0.000000000000000000e+00,0.000000000000000000e+00,0.000000000000000000e+00,0.000000000000000000e+00,-0.000000000000000000e+00,0.000000000000000000e+00,0.000000000000000000e+00,0.000000000000000000e+00,6.902480671905206200e-02,0.000000000000000000e+00,0.000000000000000000e+00,1.407953068746680969e-01,0.000000000000000000e+00,0.000000000000000000e+00,0.000000000000000000e+00,0.000000000000000000e+00,0.000000000000000000e+00,1.105537367667646931e-01,-0.000000000000000000e+00,0.000000000000000000e+00
-0.000000000000000000e+00,-0.000000000000000000e+00,-3.994545763357877366e-01,0.000000000000000000e+00,2.110075745483088294e+00,0.000000000000000000e+00,0.000000000000000000e+00,2.250780037691360036e-01,-0.000000000000000000e+00,-0.000000000000000000e+00,-0.000000000000000000e+00,-0.000000000000000000e+00,0.000000000000000000e+00,-1.959033081464944537e-01,-0.000000000000000000e+00,-6.319152867940149021e-02,-1.872514641497901033e-01,-0.000000000000000000e+00,-0.000000000000000000e+00,-0.000000000000000000e+00,-0.000000000000000000e+00,-0.000000000000000000e+00,-0.000000000000000000e+00,-0.000000000000000000e+00,-0.000000000000000000e+00,-2.728225023952167705e-01,-0.000000000000000000e+00,-2.857130337429840128e-01,-0.000000000000000000e+00,-1.706365919609237058e-01,-0.000000000000000000e+00,-0.000000000000000000e+00,-0.000000000000000000e+00,-4.535048561541490386e-01,-0.000000000000000000e+00,-0.000000000000000000e+00,-0.000000000000000000e+00,-0.000000000000000000e+00,-0.000000000000000000e+00
0.000000000000000000e+00,0.000000000000000000e+00,0.000000000000000000e+00,3.282205333569722036e-03,0.000000000000000000e+00,1.608627368534495616e+00,0.000000000000000000e+00,-0.000000000000000000e+00,0.000000000000000000e+00,0.000000000000000000e+00,-3.143601217620759503e-01,5.243574188157634763e-02,-0.000000000000000000e+00,0.000000000000000000e+00,3.180001824938095689e-01,0.000000000000000000e+00,-8.353900595672510143e-02,3.217300190516809155e-01,1.491643188759726180e-01,-0.000000000000000000e+00,-0.000000000000000000e+00,-0.000000000000000000e+00,-0.000000000000000000e+00,-0.000000000000000000e+00,-0.000000000000000000e+00,0.000000000000000000e+00,0.000000000000000000e+00,-0.000000000000000000e+00,0.000000000000000000e+00,0.000000000000000000e+00,-0.000000000000000000e+00,-2.798641173061946347e-02,-1.010627031564067940e-01,0.000000000000000000e+00,-0.000000000000000000e+00,-0.000000000000000000e+00,-3.065066180050126099e-01,0.000000000000000000e+00,0.000000000000000000e+00
0.000000000000000000e+00,0.000000000000000000e+00,0.000000000000000000e+00,-0.000000000000000000e+00,0.000000000000000000e+00,0.000000000000000000e+00,1.127651946102553149e+00,-0.000000000000000000e+00,1.255135031271523427e-01,0.000000000000000000e+00,0.000000000000000000e+00,9.864761487133319462e-02,0.000000000000000000e+00,0.000000000000000000e+00,0.000000000000000000e+00,0.000000000000000000e+00,0.000000000000000000e+00,0.000000000000000000e+00,0.000000000000000000e+00,-0.000000000000000000e+00,-0.000000000000000000e+00,-0.000000000000000000e+00,0.000000000000000000e+00,-0.000000000000000000e+00,0.000000000000000000e+00,0.000000000000000000e+00,9.192369094701796639e-02,0.000000000000000000e+00,0.000000000000000000e+00,0.000000000000000000e+00,0.000000000000000000e+00,9.533051191373627387e-02,-0.000000000000000000e+00,0.000000000000000000e+00,-0.000000000000000000e+00,0.000000000000000000e+00,0.000000000000000000e+00,6.808051033411699482e-03,1.001317935363453537e-01
0.000000000000000000e+00,-0.000000000000000000e+00,1.119488230233680603e+00,-0.000000000000000000e+00,2.250780037691360036e-01,-0.000000000000000000e+00,-0.000000000000000000e+00,2.137509108044421069e+00,0.000000000000000000e+00,0.000000000000000000e+00,0.000000000000000000e+00,0.000000000000000000e+00,-1.295422326088324361e-01,1.568968310855139991e-01,0.000000000000000000e+00,0.000000000000000000e+00,0.000000000000000000e+00,0.000000000000000000e+00,0.000000000000000000e+00,-0.000000000000000000e+00,4.374422783114462199e-02,0.000000000000000000e+00,0.000000000000000000e+00,0.000000000000000000e+00,0.000000000000000000e+00,0.000000000000000000e+00,0.000000000000000000e+00,1.045107296782157719e-01,-0.000000000000000000e+00,0.000000000000000000e+00,1.849101639032492694e-01,-0.000000000000000000e+00,5.578944852531632359e-02,0.000000000000000000e+00,0.000000000000000000e+00,0.000000000000000000e+00,0.000000000000000000e+00,0.000000000000000000e+00,0.000000000000000000e+00
-2.641500922432556131e-02,-1.224386256568702619e-02,-0.000000000000000000e+00,0.000000000000000000e+00,-0.000000000000000000e+00,0.000000000000000000e+00,1.255135031271523427e-01,0.000000000000000000e+00,2.643334647231422085e+00,-0.000000000000000000e+00,0.000000000000000000e+00,-3.332993940208365813e-01,-0.000000000000000000e+00,-1.348223390618490669e-01,-2.318876822485382017e-01,-0.000000000000000000e+00,-0.000000000000000000e+00,-2.120522921559771790e-01,-2.792281046497616659e-01,-0.000000000000000000e+00,0.000000000000000000e+00,0.000000000000000000e+00,-0.000000000000000000e+00,0.000000000000000000e+00,0.000000000000000000e+00,-1.506813176839838231e-01,-0.000000000000000000e+00,-0.000000000000000000e+00,-3.294955066396599436e-02,-1.646225226944846853e-01,-0.000000000000000000e+00,-0.000000000000000000e+00,0.000000000000000000e+00,-4.600563324184192004e-01,0.000000000000000000e+00,-0.000000000000000000e+00,0.000000000000000000e+00,-2.975574755151385586e-01,-3.755439540235261386e-01
-0.000000000000000000e+00,-0.000000000000000000e+00,-3.865628276013910805e-04,0.000000000000000000e+00,-0.000000000000000000e+00,0.000000000000000000e+00,0.000000000000000000e+00,0.000000000000000000e+00,-0.000000000000000000e+00,1.584708250820137554e+00,-0.000000000000000000e+00,-0.000000000000000000e+00,0.000000000000000000e+00,-1.078555535074347677e-01,-0.000000000000000000e+00,-4.396965289554206624e-01,-0.000000000000000000e+00,-0.000000000000000000e+00,-4.736636239377983379e-03,0.000000000000000000e+00,-0.000000000000000000e+00,-0.000000000000000000e+00,-1.493122577682568786e-01,-0.000000000000000000e+00,-2.414463104466337551e-01,-0.000000000000000000e+00,-3.812773187133783326e-02,-0.000000000000000000e+00,-0.000000000000000000e+00,-2.490930163014318521e-01,-1.388108200719417040e-01,-0.000000000000000000e+00,0.000000000000000000e+00,-0.000000000000000000e+00,-0.000000000000000000e+00,-0.000000000000000000e+00,-0.000000000000000000e+00,-0.000000000000000000e+00,-6.374604585532744894e-02
-0.000000000000000000e+00,-0.000000000000000000e+00,-0.000000000000000000e+00,0.000000000000000000e+00,-0.000000000000000000e+00,-3.143601217620759503e-01,0.000000000000000000e+00,0.000000000000000000e+00,0.000000000000000000e+00,-0.000000000000000000e+00,1.525306738897802772e+00,0.000000000000000000e+00,0.000000000000000000e+00,-0.000000000000000000e+00,0.000000000000000000e+00,-0.000000000000000000e+00,-5.731898548027941631e-01,5.774352059908907653e-02,0.000000000000000000e+00,-0.000000000000000000e+00,-1.901264773223017568e-01,-0.000000000000000000e+00,-0.000000000000000000e+00,-0.000000000000000000e+00,-0.000000000000000000e+00,-0.000000000000000000e+00,0.000000000000000000e+00,-0.000000000000000000e+00,0.000000000000000000e+00,-0.000000000000000000e+00,-5.614378304662048791e-03,-0.000000000000000000e+00,-1.889317898186295419e-01,0.000000000000000000e+00,-0.000000000000000000e+00,-0.000000000000000000e+00,-0.000000000000000000e+00,0.000000000000000000e+00,0.000000000000000000e+00
-0.000000000000000000e+00,-0.000000000000000000e+00,-0.000000000000000000e+00,-0.000000000000000000e+00,-0.000000000000000000e+00,5.243574188157634763e-02,9.864761487133319462e-02,0.000000000000000000e+00,-3.332993940208365813e-01,-0.000000000000000000e+00,0.000000000000000000e+00,2.657465273282464846e+00,-0.000000000000000000e+00,-0.000000000000000000e+00,-2.826108687138472741e-01,-0.000000000000000000e+00,0.000000000000000000e+00,-4.393867540737322330e-01,-2.662980433477354913e-01,-0.000000000000000000e+00,5.271951324192596100e-02,0.000000000000000000e+00,0.000000000000000000e+00,0.000000000000000000e+00,0.000000000000000000e+00,-0.000000000000000000e+00,-1.570004901396115371e-01,-0.000000000000000000e+00,-6.053254512100433166e-02,-0.000000000000000000e+00,-0.000000000000000000e+00,-0.000000000000000000e+00,0.000000000000000000e+00,-2.419963909319383100e-01,0.000000000000000000e+00,-0.000000000000000000e+00,0.000000000000000000e+00,-2.464993558359279968e-01,-5.508015811986727295e-01
0.000000000000000000e+00,-0.000000000000000000e+00,4.270709515754381180e-02,-0.000000000000000000e+00,0.000000000000000000e+00,-0.000000000000000000e+00,0.000000000000000000e+00,-1.295422326088324361e-01,-0.000000000000000000e+00,0.000000000000000000e+00,0.000000000000000000e+00,-0.000000000000000000e+00,1.323479488778227964e+00,2.487998617463335893e-01,-0.000000000000000000e+00,0.000000000000000000e+00,0.000000000000000000e+00,-0.000000000000000000e+00,0.000000000000000000e+00,-0.000000000000000000e+00,9.279642772344859347e-02,0.000000000000000000e+00,0.000000000000000000e+00,0.000000000000000000e+00,9.730465653973904838e-02,0.000000000000000000e+00,0.000000000000000000e+00,0.000000000000000000e+00,-0.000000000000000000e+00,0.000000000000000000e+00,2.046582023332747802e-01,0.000000000000000000e+00,1.246072229560247907e-01,0.000000000000000000e+00,1.714851136545206267e-01,-0.000000000000000000e+00,0.000000000000000000e+00,-0.000000000000000000e+00,-0.000000000000000000e+00
-0.000000000000000000e+00,-0.000000000000000000e+00,-2.446419117657658293e-01,0.000000000000000000e+00,-1.959033081464944537e-01,0.000000000000000000e+00,0.000000000000000000e+00,1.568968310855139991e-01,-1.348223390618490669e-01,-1.078555535074347677e-01,-0.000000000000000000e+00,-0.000000000000000000e+00,2.487998617463335893e-01,1.612151139300838087e+00,-0.000000000000000000e+00,-0.000000000000000000e+00,-0.000000000000000000e+00,-0.000000000000000000e+00,-7.517645886060059235e-02,0.000000000000000000e+00,-0.000000000000000000e+00,-0.000000000000000000e+00,-0.000000000000000000e+00,-0.000000000000000000e+00,-3.139369863847964875e-03,-1.347647334263583352e-01,-3.836465447458312777e-02,-0.000000000000000000e+00,-0.000000000000000000e+00,-1.739274630990212539e-02,-9.129890228420249609e-02,-0.000000000000000000e+00,-0.000000000000000000e+00,-0.000000000000000000e+00,-0.000000000000000000e+00,-0.000000000000000000e+00,-0.000000000000000000e+00,-0.000000000000000000e+00,-1.084190032674705734e-01
-0.000000000000000000e+00,-0.000000000000000000e+00,-0.000000000000000000e+00,-0.000000000000000000e+00,-0.000000000000000000e+00,3.180001824938095689e-01,0.000000000000000000e+00,0.000000000000000000e+00,-2.318876822485382017e-01,-0.000000000000000000e+00,0.000000000000000000e+00,-2.826108687138472741e-01,-0.000000000000000000e+00,-0.000000000000000000e+00,2.358646562138487557e+00,-0.000000000000000000e+00,0.000000000000000000e+00,-2.688086566512971620e-01,-2.550823040202280373e-02,-0.000000000000000000e+00,0.000000000000000000e+00,0.000000000000000000e+00,0.000000000000000000e+00,0.000000000000000000e+00,0.000000000000000000e+00,-0.000000000000000000e+00,-0.000000000000000000e+00,-0.000000000000000000e+00,-1.105920848369317672e-01,-0.000000000000000000e+00,0.000000000000000000e+00,-0.000000000000000000e+00,2.017608061019354748e-01,-4.420788009920109674e-01,0.000000000000000000e+00,0.000000000000000000e+00,0.000000000000000000e+00,-5.426270837524982404e-01,-0.000000000000000000e+00
-2.836954369661474629e-01,-0.000000000000000000e+00,-0.000000000000000000e+00,-0.000000000000000000e+00,-6.319152867940149021e-02,0.000000000000000000e+00,0.000000000000000000e+00,0.000000000000000000e+00,-0.000000000000000000e+00,-4.396965289554206624e-01,-0.000000000000000000e+00,-0.000000000000000000e+00,0.000000000000000000e+00,-0.000000000000000000e+00,-0.000000000000000000e+00,1.907377341119726566e+00,-0.000000000000000000e+00,-0.000000000000000000e+00,-0.000000000000000000e+00,-0.000000000000000000e+00,-0.000000000000000000e+00,-0.000000000000000000e+00,-0.000000000000000000e+00,-0.000000000000000000e+00,-0.000000000000000000e+00,-1.940634887858727342e-01,-0.000000000000000000e+00,-0.000000000000000000e+00,-1.357196595083531299e-01,-4.125796933884588458e-01,-0.000000000000000000e+00,-1.138521272316427415e-03,0.000000000000000000e+00,-1.720373409686408173e-01,-0.000000000000000000e+00,-0.000000000000000000e+00,-0.000000000000000000e+00,-1.167611548259005483e-01,-0.000000000000000000e+00
-0.000000000000000000e+00,-0.000000000000000000e+00,-0.000000000000000000e+00,0.000000000000000000e+00,-1.872514641497901033e-01,-8.353900595672510143e-02,0.000000000000000000e+00,0.000000000000000000e+00,-0.000000000000000000e+00,-0.000000000000000000e+00,-5.731898548027941631e-01,0.000000000000000000e+00,0.000000000000000000e+00,-0.000000000000000000e+00,0.000000000000000000e+00,-0.000000000000000000e+00,1.658741782503725615e+00,0.000000000000000000e+00,0.000000000000000000e+00,-0.000000000000000000e+00,-0.000000000000000000e+00,-0.000000000000000000e+00,-3.500708133101517183e-01,-0.000000000000000000e+00,-0.000000000000000000e+00,-0.000000000000000000e+00,0.000000000000000000e+00,-0.000000000000000000e+00,-0.000000000000000000e+00,-2.640363006131890566e-02,-0.000000000000000000e+00,-3.140564451369400878e-01,-3.785211005123650246e-02,-0.000000000000000000e+00,-0.000000000000000000e+00,-1.809704879096736274e-01,-0.000000000000000000e+00,-0.000000000000000000e+00,0.000000000000000000e+00
-0.000000000000000000e+00,-0.000000000000000000e+00,-0.000000000000000000e+00,-0.000000000000000000e+00,-0.000000000000000000e+00,3.217300190516809155e-01,0.000000000000000000e+00,0.000000000000000000e+00,-2.120522921559771790e-01,-0.000000000000000000e+00,5.774352059908907653e-02,-4.393867540737322330e-01,-0.000000000000000000e+00,-0.000000000000000000e+00,-2.688086566512971620e-01,-0.000000000000000000e+00,0.000000000000000000e+00,2.614618666095649857e+00,-5.460726430129745346e-01,-0.000000000000000000e+00,2.958891515023992849e-02,0.000000000000000000e+00,0.000000000000000000e+00,0.000000000000000000e+00,0.000000000000000000e+00,-0.000000000000000000e+00,-9.864284880321974591e-02,0.000000000000000000e+00,-0.000000000000000000e+00,-0.000000000000000000e+00,0.000000000000000000e+00,-0.000000000000000000e+00,2.854755725890372187e-01,-0.000000000000000000e+00,0.000000000000000000e+00,0.000000000000000000e+00,0.000000000000000000e+00,-3.303537579705621563e-01,-2.620215207229932286e-01
-0.000000000000000000e+00,-0.000000000000000000e+00,-0.000000000000000000e+00,-0.000000000000000000e+00,-0.000000000000000000e+00,1.491643188759726180e-01,0.000000000000000000e+00,0.000000000000000000e+00,-2.792281046497616659e-01,-4.736636239377983379e-03,0.000000000000000000e+00,-2.662980433477354913e-01,0.000000000000000000e+00,-7.517645886060059235e-02,-2.550823040202280373e-02,-0.000000000000000000e+00,0.000000000000000000e+00,-5.460726430129745346e-01,2.153215874034792865e+00,-0.000000000000000000e+00,5.250054949881802907e-02,0.000000000000000000e+00,0.000000000000000000e+00,0.000000000000000000e+00,-0.000000000000000000e+00,-0.000000000000000000e+00,-5.673211485083648475e-02,-0.000000000000000000e+00,-0.000000000000000000e+00,-0.000000000000000000e+00,-0.000000000000000000e+00,-0.000000000000000000e+00,1.994809876256716311e-02,-0.000000000000000000e+00,0.000000000000000000e+00,0.000000000000000000e+00,0.000000000000000000e+00,-2.301491854696334494e-01,-3.466231274181160171e-01
-0.000000000000000000e+00,0.000000000000000000e+00,0.000000000000000000e+00,-0.000000000000000000e+00,-0.000000000000000000e+00,-0.000000000000000000e+00,-0.000000000000000000e+00,-0.000000000000000000e+00,-0.000000000000000000e+00,0.000000000000000000e+00,-0.000000000000000000e+00,-0.000000000000000000e+00,-0.000000000000000000e+00,0.000000000000000000e+00,-0.000000000000000000e+00,-0.000000000000000000e+00,-0.000000000000000000e+00,-0.000000000000000000e+00,-0.000000000000000000e+00,1.001666947773137473e+00,-0.000000000000000000e+00,-0.000000000000000000e+00,-0.000000000000000000e+00,-0.000000000000000000e+00,0.000000000000000000e+00,-0.000000000000000000e+00,0.000000000000000000e+00,-0.000000000000000000e+00,-4.086222843839698582e-02,-0.000000000000000000e+00,0.000000000000000000e+00,-0.000000000000000000e+00,0.000000000000000000e+00,-0.000000000000000000e+00,0.000000000000000000e+00,0.000000000000000000e+00,-0.000000000000000000e+00,-0.000000000000000000e+00,0.000000000000000000e+00
-0.000000000000000000e+00,0.000000000000000000e+00,-0.000000000000000000e+00,0.000000000000000000e+00,-0.000000000000000000e+00,-0.000000000000000000e+00,-0.000000000000000000e+00,4.374422783114462199e-02,0.000000000000000000e+00,-0.000000000000000000e+00,-1.901264773223017568e-01,5.271951324192596100e-02,9.279642772344859347e-02,-0.000000000000000000e+00,0.000000000000000000e+00,-0.000000000000000000e+00,-0.000000000000000000e+00,2.958891515023992849e-02,5.250054949881802907e-02,-0.000000000000000000e+00,1.541409420609192837e+00,-1.715282294395402973e-01,-0.000000000000000000e+00,-7.731406918538454021e-02,-0.000000000000000000e+00,-0.000000000000000000e+00,0.000000000000000000e+00,-3.118810700860221719e-01,0.000000000000000000e+00,-0.000000000000000000e+00,-0.000000000000000000e+00,-0.000000000000000000e+00,-4.787010199152157974e-01,0.000000000000000000e+00,-1.353639057981660954e-01,-0.000000000000000000e+00,-8.110795350019842087e-02,0.000000000000000000e+00,0.000000000000000000e+00
-0.000000000000000000e+00,-0.000000000000000000e+00,-0.000000000000000000e+00,0.000000000000000000e+00,-0.000000000000000000e+00,-0.000000000000000000e+00,-0.000000000000000000e+00,0.000000000000000000e+00,0.000000000000000000e+00,-0.000000000000000000e+00,-0.000000000000000000e+00,0.000000000000000000e+00,0.000000000000000000e+00,-0.000000000000000000e+00,0.000000000000000000e+00,-0.000000000000000000e+00,-0.000000000000000000e+00,0.000000000000000000e+00,0.000000000000000000e+00,-0.000000000000000000e+00,-1.715282294395402973e-01,1.102097561353553301e+00,-0.000000000000000000e+00,-1.132605627934369918e-01,-0.000000000000000000e+00,-0.000000000000000000e+00,-0.000000000000000000e+00,-7.614207236306370918e-02,-0.000000000000000000e+00,-0.000000000000000000e+00,-0.000000000000000000e+00,-0.000000000000000000e+00,-0.000000000000000000e+00,0.000000000000000000e+00,-0.000000000000000000e+00,-0.000000000000000000e+00,-1.488695240027681777e-01,0.000000000000000000e+00,0.000000000000000000e+00
-0.000000000000000000e+00,-0.000000000000000000e+00,-0.000000000000000000e+00,0.000000000000000000e+00,-0.000000000000000000e+00,-0.000000000000000000e+00,0.000000000000000000e+00,0.000000000000000000e+00,-0.000000000000000000e+00,-1.493122577682568786e-01,-0.000000000000000000e+00,0.000000000000000000e+00,0.000000000000000000e+00,-0.000000000000000000e+00,0.000000000000000000e+00,-0.000000000000000000e+00,-3.500708133101517183e-01,0.000000000000000000e+00,0.000000000000000000e+00,-0.000000000000000000e+00,-0.000000000000000000e+00,-0.000000000000000000e+00,1.505560950272467835e+00,-1.173076085204805552e-01,-4.160353619349544951e-01,-0.000000000000000000e+00,-0.000000000000000000e+00,-0.000000000000000000e+00,-0.000000000000000000e+00,-2.703784764678121011e-01,-0.000000000000000000e+00,-0.000000000000000000e+00,-0.000000000000000000e+00,-0.000000000000000000e+00,-0.000000000000000000e+00,-3.657126766141591961e-02,-2.037874283243273910e-02,0.000000000000000000e+00,-0.000000000000000000e+00
-0.000000000000000000e+00,-0.000000000000000000e+00,-0.000000000000000000e+00,-0.000000000000000000e+00,-0.000000000000000000e+00,-0.000000000000000000e+00,-0.000000000000000000e+00,0.000000000000000000e+00,0.000000000000000000e+00,-0.000000000000000000e+00,-0.000000000000000000e+00,0.000000000000000000e+00,0.000000000000000000e+00,-0.000000000000000000e+00,0.000000000000000000e+00,-0.000000000000000000e+00,-0.000000000000000000e+00,0.000000000000000000e+00,0.000000000000000000e+00,-0.000000000000000000e+00,-7.731406918538454021e-02,-1.132605627934369918e-01,-1.173076085204805552e-01,1.058709888857385817e+00,-7.027969176807065399e-02,-0.000000000000000000e+00,0.000000000000000000e+00,-0.000000000000000000e+00,-0.000000000000000000e+00,-0.000000000000000000e+00,-0.000000000000000000e+00,-0.000000000000000000e+00,-0.000000000000000000e+00,0.000000000000000000e+00,-0.000000000000000000e+00,-0.000000000000000000e+00,-2.396263136894206253e-02,0.000000000000000000e+00,0.000000000000000000e+00
-0.000000000000000000e+00,0.000000000000000000e+00,-0.000000000000000000e+00,0.000000000000000000e+00,-0.000000000000000000e+00,-0.000000000000000000e+00,0.000000000000000000e+00,0.000000000000000000e+00,0.000000000000000000e+00,-2.414463104466337551e-01,-0.000000000000000000e+00,0.000000000000000000e+00,9.730465653973904838e-02,-3.139369863847964875e-03,0.000000000000000000e+00,-0.000000000000000000e+00,-0.000000000000000000e+00,0.000000000000000000e+00,-0.000000000000000000e+00,0.000000000000000000e+00,-0.000000000000000000e+00,-0.000000000000000000e+00,-4.160353619349544951e-01,-7.027969176807065399e-02,1.446185406879246793e+00,-0.000000000000000000e+00,-0.000000000000000000e+00,-8.150802986083863222e-02,-0.000000000000000000e+00,-0.000000000000000000e+00,-1.717313683067385188e-01,-0.000000000000000000e+00,-4.141978089780301575e-02,-0.000000000000000000e+00,-1.411759346470659870e-01,-0.000000000000000000e+00,-8.306959984855304124e-02,0.000000000000000000e+00,-0.000000000000000000e+00
-3.904984514451514399e-01,-0.000000000000000000e+00,-0.000000000000000000e+00,0.000000000000000000e+00,-2.728225023952167705e-01,0.000000000000000000e+00,0.000000000000000000e+00,0.000000000000000000e+00,-1.506813176839838231e-01,-0.000000000000000000e+00,-0.000000000000000000e+00,-0.000000000000000000e+00,0.000000000000000000e+00,-1.347647334263583352e-01,-0.000000000000000000e+00,-1.940634887858727342e-01,-0.000000000000000000e+00,-0.000000000000000000e+00,-0.000000000000000000e+00,-0.000000000000000000e+00,-0.000000000000000000e+00,-0.000000000000000000e+00,-0.000000000000000000e+00,-0.000000000000000000e+00,-0.000000000000000000e+00,2.214200421696728593e+00,-0.000000000000000000e+00,-3.872757371166051787e-01,-3.451216687165431507e-01,-6.531190551602937544e-02,-0.000000000000000000e+00,-1.177012360460630378e-03,0.000000000000000000e+00,-2.217591436961621754e-01,-0.000000000000000000e+00,-0.000000000000000000e+00,-0.000000000000000000e+00,-1.930524208544266984e-01,-2.372838892126765895e-02
-6.146903241552135327e-02,-1.363318787428234591e-01,-0.000000000000000000e+00,0.000000000000000000e+00,-0.000000000000000000e+00,0.000000000000000000e+00,9.192369094701796639e-02,0.000000000000000000e+00,-0.000000000000000000e+00,-3.812773187133783326e-02,0.000000000000000000e+00,-1.570004901396115371e-01,0.000000000000000000e+00,-3.836465447458312777e-02,-0.000000000000000000e+00,-0.000000000000000000e+00,0.000000000000000000e+00,-9.864284880321974591e-02,-5.673211485083648475e-02,0.000000000000000000e+00,0.000000000000000000e+00,-0.000000000000000000e+00,-0.000000000000000000e+00,0.000000000000000000e+00,-0.000000000000000000e+00,-0.000000000000000000e+00,1.513936917959294748e+00,-0.000000000000000000e+00,-4.214432661477469921e-02,-0.000000000000000000e+00,-8.270523142394425875e-02,-0.000000000000000000e+00,0.000000000000000000e+00,-0.000000000000000000e+00,0.000000000000000000e+00,-0.000000000000000000e+00,-0.000000000000000000e+00,-0.000000000000000000e+00,-4.693018703083297050e-01
-0.000000000000000000e+00,-0.000000000000000000e+00,-2.369349211998561799e-01,6.902480671905206200e-02,-2.857130337429840128e-01,-0.000000000000000000e+00,0.000000000000000000e+00,1.045107296782157719e-01,-0.000000000000000000e+00,-0.000000000000000000e+00,-0.000000000000000000e+00,-0.000000000000000000e+00,0.000000000000000000e+00,-0.000000000000000000e+00,-0.000000000000000000e+00,-0.000000000000000000e+00,-0.000000000000000000e+00,0.000000000000000000e+00,-0.000000000000000000e+00,-0.000000000000000000e+00,-3.118810700860221719e-01,-7.614207236306370918e-02,-0.000000000000000000e+00,-0.000000000000000000e+00,-8.150802986083863222e-02,-3.872757371166051787e-01,-0.000000000000000000e+00,1.909690733774796811e+00,-0.000000000000000000e+00,-0.000000000000000000e+00,-3.496388815135146877e-01,-0.000000000000000000e+00,-0.000000000000000000e+00,-0.000000000000000000e+00,-0.000000000000000000e+00,-0.000000000000000000e+00,-2.406500573899406636e-01,-0.000000000000000000e+00,-0.000000000000000000e+00
-1.858896227793919442e-01,-0.000000000000000000e+00,-0.000000000000000000e+00,0.000000000000000000e+00,-0.000000000000000000e+00,0.000000000000000000e+00,0.000000000000000000e+00,-0.000000000000000000e+00,-3.294955066396599436e-02,-0.000000000000000000e+00,0.000000000000000000e+00,-6.053254512100433166e-02,-0.000000000000000000e+00,-0.000000000000000000e+00,-1.105920848369317672e-01,-1.357196595083531299e-01,-0.000000000000000000e+00,-0.000000000000000000e+00,-0.000000000000000000e+00,-4.086222843839698582e-02,0.000000000000000000e+00,-0.000000000000000000e+00,-0.000000000000000000e+00,-0.000000000000000000e+00,-0.000000000000000000e+00,-3.451216687165431507e-01,-4.214432661477469921e-02,-0.000000000000000000e+00,1.618828591065180955e+00,-8.595110708971792288e-03,-0.000000000000000000e+00,-1.908253977537186508e-01,4.453458530168433877e-02,-4.712035151201992428e-02,-0.000000000000000000e+00,-0.000000000000000000e+00,-1.335056760673329901e-01,-1.587180816241989256e-01,-2.015674912629740120e-02
-3.119608950704405581e-01,-0.000000000000000000e+00,-0.000000000000000000e+00,0.000000000000000000e+00,-1.706365919609237058e-01,0.000000000000000000e+00,0.000000000000000000e+00,0.000000000000000000e+00,-1.646225226944846853e-01,-2.490930163014318521e-01,-0.000000000000000000e+00,-0.000000000000000000e+00,0.000000000000000000e+00,-1.739274630990212539e-02,-0.000000000000000000e+00,-4.125796933884588458e-01,-2.640363006131890566e-02,-0.000000000000000000e+00,-0.000000000000000000e+00,-0.000000000000000000e+00,-0.000000000000000000e+00,-0.000000000000000000e+00,-2.703784764678121011e-01,-0.000000000000000000e+00,-0.000000000000000000e+00,-6.531190551602937544e-02,-0.000000000000000000e+00,-0.000000000000000000e+00,-8.595110708971792288e-03,1.986786793711517118e+00,-0.000000000000000000e+00,-0.000000000000000000e+00,0.000000000000000000e+00,-7.215428666667213220e-02,-0.000000000000000000e+00,-2.575070519432551830e-01,-0.000000000000000000e+00,-9.025719879784280253e-02,-0.000000000000000000e+00
-0.000000000000000000e+00,-6.581638812170973601e-04,-4.318533675336874711e-02,1.407953068746680969e-01,-0.000000000000000000e+00,-0.000000000000000000e+00,0.000000000000000000e+00,1.849101639032492694e-01,-0.000000000000000000e+00,-1.388108200719417040e-01,-5.614378304662048791e-03,-0.000000000000000000e+00,2.046582023332747802e-01,-9.129890228420249609e-02,0.000000000000000000e+00,-0.000000000000000000e+00,-0.000000000000000000e+00,0.000000000000000000e+00,-0.000000000000000000e+00,0.000000000000000000e+00,-0.000000000000000000e+00,-0.000000000000000000e+00,-0.000000000000000000e+00,-0.000000000000000000e+00,-1.717313683067385188e-01,-0.000000000000000000e+00,-8.270523142394425875e-02,-3.496388815135146877e-01,-0.000000000000000000e+00,-0.000000000000000000e+00,1.590476510207554206e+00,-1.120695835001357665e-01,-5.262742501060146266e-02,-0.000000000000000000e+00,-0.000000000000000000e+00,-4.681966778463678147e-02,-7.784445052606714377e-02,-0.000000000000000000e+00,-0.000000000000000000e+00
-1.920709195036528760e-01,-3.112618003582090162e-02,-0.000000000000000000e+00,0.000000000000000000e+00,-0.000000000000000000e+00,-2.798641173061946347e-02,9.533051191373627387e-02,-0.000000000000000000e+00,-0.000000000000000000e+00,-0.000000000000000000e+00,-0.000000000000000000e+00,-0.000000000000000000e+00,0.000000000000000000e+00,-0.000000000000000000e+00,-0.000000000000000000e+00,-1.138521272316427415e-03,-3.140564451369400878e-01,-0.000000000000000000e+00,-0.000000000000000000e+00,-0.000000000000000000e+00,-0.000000000000000000e+00,-0.000000000000000000e+00,-0.000000000000000000e+00,-0.000000000000000000e+00,-0.000000000000000000e+00,-1.177012360460630378e-03,-0.000000000000000000e+00,-0.000000000000000000e+00,-1.908253977537186508e-01,-0.000000000000000000e+00,-1.120695835001357665e-01,1.477573850108192532e+00,-0.000000000000000000e+00,-0.000000000000000000e+00,-0.000000000000000000e+00,-8.638949561619020320e-03,-3.828628577308987313e-01,-0.000000000000000000e+00,-0.000000000000000000e+00
0.000000000000000000e+00,0.000000000000000000e+00,-0.000000000000000000e+00,0.000000000000000000e+00,-0.000000000000000000e+00,-1.010627031564067940e-01,-0.000000000000000000e+00,5.578944852531632359e-02,0.000000000000000000e+00,0.000000000000000000e+00,-1.889317898186295419e-01,0.000000000000000000e+00,1.246072229560247907e-01,-0.000000000000000000e+00,2.017608061019354748e-01,0.000000000000000000e+00,-3.785211005123650246e-02,2.854755725890372187e-01,1.994809876256716311e-02,0.000000000000000000e+00,-4.787010199152157974e-01,-0.000000000000000000e+00,-0.000000000000000000e+00,-0.000000000000000000e+00,-4.141978089780301575e-02,0.000000000000000000e+00,0.000000000000000000e+00,-0.000000000000000000e+00,4.453458530168433877e-02,0.000000000000000000e+00,-5.262742501060146266e-02,-0.000000000000000000e+00,1.589310803034917452e+00,0.000000000000000000e+00,-9.930752082030756822e-02,-0.000000000000000000e+00,-0.000000000000000000e+00,4.514479668091118947e-02,0.000000000000000000e+00
-0.000000000000000000e+00,-0.000000000000000000e+00,-4.033031286217259037e-02,0.000000000000000000e+00,-4.535048561541490386e-01,0.000000000000000000e+00,0.000000000000000000e+00,0.000000000000000000e+00,-4.600563324184192004e-01,-0.000000000000000000e+00,0.000000000000000000e+00,-2.419963909319383100e-01,0.000000000000000000e+00,-0.000000000000000000e+00,-4.420788009920109674e-01,-1.720373409686408173e-01,-0.000000000000000000e+00,-0.000000000000000000e+00,-0.000000000000000000e+00,-0.000000000000000000e+00,0.000000000000000000e+00,0.000000000000000000e+00,-0.000000000000000000e+00,0.000000000000000000e+00,-0.000000000000000000e+00,-2.217591436961621754e-01,-0.000000000000000000e+00,-0.000000000000000000e+00,-4.712035151201992428e-02,-7.215428666667213220e-02,-0.000000000000000000e+00,-0.000000000000000000e+00,0.000000000000000000e+00,2.473512900485307142e+00,0.000000000000000000e+00,-0.000000000000000000e+00,-0.000000000000000000e+00,-3.210828090945080371e-01,-1.031052520619851892e-01
-0.000000000000000000e+00,0.000000000000000000e+00,-0.000000000000000000e+00,0.000000000000000000e+00,-0.000000000000000000e+00,-0.000000000000000000e+00,-0.000000000000000000e+00,0.000000000000000000e+00,0.000000000000000000e+00,-0.000000000000000000e+00,-0.000000000000000000e+00,0.000000000000000000e+00,1.714851136545206267e-01,-0.000000000000000000e+00,0.000000000000000000e+00,-0.000000000000000000e+00,-0.000000000000000000e+00,0.000000000000000000e+00,0.000000000000000000e+00,0.000000000000000000e+00,-1.353639057981660954e-01,-0.000000000000000000e+00,-0.000000000000000000e+00,-0.000000000000000000e+00,-1.411759346470659870e-01,-0.000000000000000000e+00,0.000000000000000000e+00,-0.000000000000000000e+00,-0.000000000000000000e+00,-0.000000000000000000e+00,-0.000000000000000000e+00,-0.000000000000000000e+00,-9.930752082030756822e-02,0.000000000000000000e+00,1.157408571605461844e+00,0.000000000000000000e+00,-1.349339482633706844e-01,0.000000000000000000e+00,0.000000000000000000e+00
-2.823176521108247683e-01,-2.304557782673826993e-01,-0.000000000000000000e+00,0.000000000000000000e+00,-0.000000000000000000e+00,-0.000000000000000000e+00,0.000000000000000000e+00,0.000000000000000000e+00,-0.000000000000000000e+00,-0.000000000000000000e+00,-0.000000000000000000e+00,-0.000000000000000000e+00,-0.000000000000000000e+00,-0.000000000000000000e+00,0.000000000000000000e+00,-0.000000000000000000e+00,-1.809704879096736274e-01,0.000000000000000000e+00,0.000000000000000000e+00,0.000000000000000000e+00,-0.000000000000000000e+00,-0.000000000000000000e+00,-3.657126766141591961e-02,-0.000000000000000000e+00,-0.000000000000000000e+00,-0.000000000000000000e+00,-0.000000000000000000e+00,-0.000000000000000000e+00,-0.000000000000000000e+00,-2.575070519432551830e-01,-4.681966778463678147e-02,-8.638949561619020320e-03,-0.000000000000000000e+00,-0.000000000000000000e+00,0.000000000000000000e+00,1.397264692765320726e+00,-3.061230278762269719e-02,-0.000000000000000000e+00,-0.000000000000000000e+00
-1.058366915767415262e-01,-0.000000000000000000e+00,-0.000000000000000000e+00,1.105537367667646931e-01,-0.000000000000000000e+00,-3.065066180050126099e-01,0.000000000000000000e+00,0.000000000000000000e+00,0.000000000000000000e+00,-0.000000000000000000e+00,-0.000000000000000000e+00,0.000000000000000000e+00,0.000000000000000000e+00,-0.000000000000000000e+00,0.000000000000000000e+00,-0.000000000000000000e+00,-0.000000000000000000e+00,0.000000000000000000e+00,0.000000000000000000e+00,-0.000000000000000000e+00,-8.110795350019842087e-02,-1.488695240027681777e-01,-2.037874283243273910e-02,-2.396263136894206253e-02,-8.306959984855304124e-02,-0.000000000000000000e+00,-0.000000000000000000e+00,-2.406500573899406636e-01,-1.335056760673329901e-01,-0.000000000000000000e+00,-7.784445052606714377e-02,-3.828628577308987313e-01,-0.000000000000000000e+00,-0.000000000000000000e+00,-1.349339482633706844e-01,-3.061230278762269719e-02,1.573266534809531825e+00,0.000000000000000000e+00,0.000000000000000000e+00
-0.000000000000000000e+00,-0.000000000000000000e+00,-0.000000000000000000e+00,-0.000000000000000000e+00,-0.000000000000000000e+00,0.000000000000000000e+00,6.808051033411699482e-03,0.000000000000000000e+00,-2.975574755151385586e-01,-0.000000000000000000e+00,0.000000000000000000e+00,-2.464993558359279968e-01,-0.000000000000000000e+00,-0.000000000000000000e+00,-5.426270837524982404e-01,-1.167611548259005483e-01,-0.000000000000000000e+00,-3.303537579705621563e-01,-2.301491854696334494e-01,-0.000000000000000000e+00,0.000000000000000000e+00,0.000000000000000000e+00,0.000000000000000000e+00,0.000000000000000000e+00,0.000000000000000000e+00,-1.930524208544266984e-01,-0.000000000000000000e+00,-0.000000000000000000e+00,-1.587180816241989256e-01,-9.025719879784280253e-02,-0.000000000000000000e+00,-0.000000000000000000e+00,4.514479668091118947e-02,-3.210828090945080371e-01,0.000000000000000000e+00,-0.000000000000000000e+00,0.000000000000000000e+00,2.615804575588964287e+00,-1.664518788865172183e-01
-0.000000000000000000e+00,-0.000000000000000000e+00,-0.000000000000000000e+00,0.000000000000000000e+00,-0.000000000000000000e+00,0.000000000000000000e+00,1.001317935363453537e-01,0.000000000000000000e+00,-3.755439540235261386e-01,-6.374604585532744894e-02,0.000000000000000000e+00,-5.508015811986727295e-01,-0.000000000000000000e+00,-1.084190032674705734e-01,-0.000000000000000000e+00,-0.000000000000000000e+00,0.000000000000000000e+00,-2.620215207229932286e-01,-3.466231274181160171e-01,0.000000000000000000e+00,0.000000000000000000e+00,0.000000000000000000e+00,-0.000000000000000000e+00,0.000000000000000000e+00,-0.000000000000000000e+00,-2.372838892126765895e-02,-4.693018703083297050e-01,-0.000000000000000000e+00,-2.015674912629740120e-02,-0.000000000000000000e+00,-0.000000000000000000e+00,-0.000000000000000000e+00,0.000000000000000000e+00,-1.031052520619851892e-01,0.000000000000000000e+00,-0.000000000000000000e+00,0.000000000000000000e+00,-1.664518788865172183e-01,2.484897294826238667e+00
