1.954892041691068671e+00,-5.672233210383952340e-01,-0.000000000000000000e+00,6.699498531448036531e-02,-0.000000000000000000e+00,-0.000000000000000000e+00,0.000000000000000000e+00,0.000000000000000000e+00,-0.000000000000000000e+00,-5.366745081025652703e-02,-0.000000000000000000e+00,0.000000000000000000e+00,0.000000000000000000e+00,-0.000000000000000000e+00,-0.000000000000000000e+00,-1.609867720821450132e-01,0.000000000000000000e+00,0.000000000000000000e+00,-0.000000000000000000e+00,0.000000000000000000e+00,-0.000000000000000000e+00,-0.000000000000000000e+00,-0.000000000000000000e+00,0.000000000000000000e+00,-2.019967512338023963e-01,-0.000000000000000000e+00,-0.000000000000000000e+00,-0.000000000000000000e+00,-0.000000000000000000e+00,-2.260637262780345463e-02,-9.676346333497326535e-02,0.000000000000000000e+00,-0.000000000000000000e+00,-0.000000000000000000e+00,-0.000000000000000000e+00,-0.000000000000000000e+00,0.000000000000000000e+00,-7.464631313604703777e-01,-0.000000000000000000e+00
-5.672233210383952340e-01,2.138816617295792977e+00,-0.000000000000000000e+00,0.000000000000000000e+00,0.000000000000000000e+00,-0.000000000000000000e+00,0.000000000000000000e+00,-0.000000000000000000e+00,-0.000000000000000000e+00,-4.063879179440391676e-01,-2.363692185726230799e-02,-3.406647765578193349e-02,-0.000000000000000000e+00,-0.000000000000000000e+00,-0.000000000000000000e+00,-3.701341362602077467e-01,-0.000000000000000000e+00,-0.000000000000000000e+00,-9.169957557216651400e-02,-0.000000000000000000e+00,0.000000000000000000e+00,-1.101122374681986898e-01,-0.000000000000000000e+00,0.000000000000000000e+00,-0.000000000000000000e+00,0.000000000000000000e+00,-7.097755350381766692e-02,0.000000000000000000e+00,0.000000000000000000e+00,-0.000000000000000000e+00,-0.000000000000000000e+00,-4.830689138198754340e-02,-0.000000000000000000e+00,-0.000000000000000000e+00,9.168220877839965957e-05,-0.000000000000000000e+00,-0.000000000000000000e+00,-0.000000000000000000e+00,-4.533065254443006120e-01
-0.000000000000000000e+00,-0.000000000000000000e+00,2.901925880261341462e+00,-0.000000000000000000e+00,-3.395472723149154937e-01,0.000000000000000000e+00,-0.000000000000000000e+00,1.562418813704758991e+00,-2.937404484759750245e-01,-0.000000000000000000e+00,0.000000000000000000e+00,-0.000000000000000000e+00,0.000000000000000000e+00,-0.000000000000000000e+00,-0.000000000000000000e+00,-0.000000000000000000e+00,-0.000000000000000000e+00,-0.000000000000000000e+00,-1.426771753011266998e-02,0.000000000000000000e+00,-0.000000000000000000e+00,-0.000000000000000000e+00,-2.610776234308875843e-02,-0.000000000000000000e+00,-0.000000000000000000e+00,-0.000000000000000000e+00,-0.000000000000000000e+00,-1.047197072401756385e-01,0.000000000000000000e+00,-0.000000000000000000e+00,-9.162983542773400769e-02,-0.000000000000000000e+00,-1.101247665918262952e-01,-4.455555958807855821e-01,0.000000000000000000e+00,-0.000000000000000000e+00,-0.000000000000000000e+00,-0.000000000000000000e+00,-0.000000000000000000e+00
6.699498531448036531e-02,0.000000000000000000e+00,-0.000000000000000000e+00,1.297224542601642439e+00,-0.000000000000000000e+00,3.151493973864796967e-03,-4.908105702396435843e-01,-0.000000000000000000e+00,0.000000000000000000e+00,0.000000000000000000e+00,-0.000000000000000000e+00,-0.000000000000000000e+00,-0.000000000000000000e+00,-0.000000000000000000e+00,0.000000000000000000e+00,-0.000000000000000000e+00,-2.006273590364630530e-02,-5.811687083456593128e-02,-0.000000000000000000e+00,-5.011684359328809520e-03,0.000000000000000000e+00,-1.194084142163242546e-01,6.728355281054028414e-02,-0.000000000000000000e+00,0.000000000000000000e+00,1.427700291981099656e-01,0.000000000000000000e+00,-0.000000000000000000e+00,0.000000000000000000e+00,0.000000000000000000e+00,0.000000000000000000e+00,-0.000000000000000000e+00,0.000000000000000000e+00,-0.000000000000000000e+00,0.000000000000000000e+00,0.000000000000000000e+00,-0.000000000000000000e+00,2.924714519032856411e-02,0.000000000000000000e+00
-0.000000000000000000e+00,0.000000000000000000e+00,-3.395472723149154937e-01,-0.000000000000000000e+00,1.834451012418293114e+00,1.678108895745747675e-01,-2.489531691459464235e-01,2.091124114573434944e-01,-0.000000000000000000e+00,-0.000000000000000000e+00,-0.000000000000000000e+00,-0.000000000000000000e+00,-0.000000000000000000e+00,-0.000000000000000000e+00,-0.000000000000000000e+00,-0.000000000000000000e+00,-0.000000000000000000e+00,-0.000000000000000000e+00,-0.000000000000000000e+00,-0.000000000000000000e+00,0.000000000000000000e+00,-0.000000000000000000e+00,-0.000000000000000000e+00,-0.000000000000000000e+00,-0.000000000000000000e+00,0.000000000000000000e+00,0.000000000000000000e+00,-0.000000000000000000e+00,0.000000000000000000e+00,-0.000000000000000000e+00,0.000000000000000000e+00,-0.000000000000000000e+00,-0.000000000000000000e+00,-7.667228110694997989e-01,0.000000000000000000e+00,-0.000000000000000000e+00,0.000000000000000000e+00,-0.000000000000000000e+00,0.000000000000000000e+00
-0.000000000000000000e+00,-0.000000000000000000e+00,0.000000000000000000e+00,3.151493973864796967e-03,1.678108895745747675e-01,1.255217301173070066e+00,0.000000000000000000e+00,-0.000000000000000000e+00,0.000000000000000000e+00,0.000000000000000000e+00,-0.000000000000000000e+00,0.000000000000000000e+00,5.522275892700178462e-02,0.000000000000000000e+00,0.000000000000000000e+00,0.000000000000000000e+00,0.000000000000000000e+00,0.000000000000000000e+00,0.000000000000000000e+00,0.000000000000000000e+00,-0.000000000000000000e+00,0.000000000000000000e+00,-0.000000000000000000e+00,-3.358974361561135186e-02,-3.478521807262519028e-01,-0.000000000000000000e+00,-0.000000000000000000e+00,0.000000000000000000e+00,-2.750256283477897634e-01,0.000000000000000000e+00,-0.000000000000000000e+00,-0.000000000000000000e+00,-0.000000000000000000e+00,1.052595605543849705e-01,-0.000000000000000000e+00,0.000000000000000000e+00,-6.162849925076319124e-02,-0.000000000000000000e+00,-0.000000000000000000e+00
0.000000000000000000e+00,0.000000000000000000e+00,-0.000000000000000000e+00,-4.908105702396435843e-01,-2.489531691459464235e-01,0.000000000000000000e+00,1.271574778835599773e+00,0.000000000000000000e+00,-0.000000000000000000e+00,-0.000000000000000000e+00,-0.000000000000000000e+00,0.000000000000000000e+00,-0.000000000000000000e+00,-0.000000000000000000e+00,0.000000000000000000e+00,-0.000000000000000000e+00,-0.000000000000000000e+00,-0.000000000000000000e+00,-3.444424424774712029e-02,-5.250640118752671059e-02,0.000000000000000000e+00,-0.000000000000000000e+00,0.000000000000000000e+00,-0.000000000000000000e+00,0.000000000000000000e+00,0.000000000000000000e+00,0.000000000000000000e+00,-0.000000000000000000e+00,0.000000000000000000e+00,0.000000000000000000e+00,0.000000000000000000e+00,-0.000000000000000000e+00,-0.000000000000000000e+00,-0.000000000000000000e+00,0.000000000000000000e+00,0.000000000000000000e+00,-0.000000000000000000e+00,0.000000000000000000e+00,0.000000000000000000e+00
0.000000000000000000e+00,-0.000000000000000000e+00,1.562418813704758991e+00,-0.000000000000000000e+00,2.091124114573434944e-01,-0.000000000000000000e+00,0.000000000000000000e+00,2.654767538415722772e+00,1.639017409466316313e-02,0.000000000000000000e+00,-0.000000000000000000e+00,-0.000000000000000000e+00,-0.000000000000000000e+00,0.000000000000000000e+00,0.000000000000000000e+00,0.000000000000000000e+00,-0.000000000000000000e+00,-0.000000000000000000e+00,0.000000000000000000e+00,-0.000000000000000000e+00,2.028829162231247929e-01,-0.000000000000000000e+00,1.207397935433058289e-01,0.000000000000000000e+00,0.000000000000000000e+00,0.000000000000000000e+00,0.000000000000000000e+00,2.174754941527320684e-01,-0.000000000000000000e+00,0.000000000000000000e+00,2.329853059712637953e-01,-0.000000000000000000e+00,0.000000000000000000e+00,9.004314613296354741e-02,0.000000000000000000e+00,0.000000000000000000e+00,-0.000000000000000000e+00,7.012609218843637859e-02,-0.000000000000000000e+00
-0.000000000000000000e+00,-0.000000000000000000e+00,-2.937404484759750245e-01,0.000000000000000000e+00,-0.000000000000000000e+00,0.000000000000000000e+00,-0.000000000000000000e+00,1.639017409466316313e-02,2.263010105077453371e+00,-1.020384566090723477e-01,-0.000000000000000000e+00,-0.000000000000000000e+00,-0.000000000000000000e+00,-3.549036568070381703e-01,-2.788871856293494156e-02,-9.273267322950325131e-02,-0.000000000000000000e+00,-0.000000000000000000e+00,-6.418569942581259236e-02,-0.000000000000000000e+00,-0.000000000000000000e+00,-0.000000000000000000e+00,-1.402094259157722900e-01,-0.000000000000000000e+00,-0.000000000000000000e+00,-0.000000000000000000e+00,-0.000000000000000000e+00,-0.000000000000000000e+00,0.000000000000000000e+00,-5.177475131424922328e-01,-0.000000000000000000e+00,-0.000000000000000000e+00,-0.000000000000000000e+00,-4.010157316464964539e-01,0.000000000000000000e+00,-2.889857298214699166e-01,0.000000000000000000e+00,-2.195003974715872275e-01,-0.000000000000000000e+00
-5.366745081025652703e-02,-4.063879179440391676e-01,-0.000000000000000000e+00,0.000000000000000000e+00,-0.000000000000000000e+00,0.000000000000000000e+00,-0.000000000000000000e+00,0.000000000000000000e+00,-1.020384566090723477e-01,2.464883894790433683e+00,-0.000000000000000000e+00,-0.000000000000000000e+00,-0.000000000000000000e+00,-4.184102142317100426e-02,-0.000000000000000000e+00,-1.307755893168210726e+00,-3.972110843679984432e-03,-0.000000000000000000e+00,-4.814672753780253195e-02,-0.000000000000000000e+00,0.000000000000000000e+00,-5.238538329481248756e-02,0.000000000000000000e+00,0.000000000000000000e+00,-0.000000000000000000e+00,0.000000000000000000e+00,-0.000000000000000000e+00,0.000000000000000000e+00,0.000000000000000000e+00,-0.000000000000000000e+00,-0.000000000000000000e+00,-0.000000000000000000e+00,-1.351812730006015373e-01,-0.000000000000000000e+00,0.000000000000000000e+00,-1.817399071110672726e-01,-0.000000000000000000e+00,-0.000000000000000000e+00,-0.000000000000000000e+00
-0.000000000000000000e+00,-2.363692185726230799e-02,0.000000000000000000e+00,-0.000000000000000000e+00,-0.000000000000000000e+00,-0.000000000000000000e+00,-0.000000000000000000e+00,-0.000000000000000000e+00,-0.000000000000000000e+00,-0.000000000000000000e+00,1.356989792788053872e+00,-0.000000000000000000e+00,-0.000000000000000000e+00,-2.989576531398629444e-01,-0.000000000000000000e+00,-0.000000000000000000e+00,-1.333198921585064811e-01,-0.000000000000000000e+00,-3.461875473663252739e-02,-1.331998839310516713e-01,0.000000000000000000e+00,-0.000000000000000000e+00,-0.000000000000000000e+00,-0.000000000000000000e+00,-4.123679432711067211e-02,-0.000000000000000000e+00,-5.595450782858045480e-02,-0.000000000000000000e+00,-0.000000000000000000e+00,-0.000000000000000000e+00,-0.000000000000000000e+00,-1.321443601826617908e-01,-0.000000000000000000e+00,0.000000000000000000e+00,0.000000000000000000e+00,-0.000000000000000000e+00,-1.231164067558475905e-01,-0.000000000000000000e+00,-0.000000000000000000e+00
0.000000000000000000e+00,-3.406647765578193349e-02,-0.000000000000000000e+00,-0.000000000000000000e+00,-0.000000000000000000e+00,0.000000000000000000e+00,0.000000000000000000e+00,-0.000000000000000000e+00,-0.000000000000000000e+00,-0.000000000000000000e+00,-0.000000000000000000e+00,2.757526585345665637e+00,-0.000000000000000000e+00,-1.072291498782364100e-01,-3.082489511922067438e-01,-0.000000000000000000e+00,-1.500609757501761843e-01,-5.339492063236038755e-01,-2.356312285813030871e-01,-0.000000000000000000e+00,2.791099648088085292e-02,-5.586793619667557165e-01,0.000000000000000000e+00,0.000000000000000000e+00,0.000000000000000000e+00,0.000000000000000000e+00,-0.000000000000000000e+00,0.000000000000000000e+00,0.000000000000000000e+00,-0.000000000000000000e+00,0.000000000000000000e+00,-3.790928225155680287e-01,-1.801619947879598213e-02,-0.000000000000000000e+00,2.894729192611004143e-01,-0.000000000000000000e+00,-0.000000000000000000e+00,0.000000000000000000e+00,-5.239113471812557599e-01
0.000000000000000000e+00,-0.000000000000000000e+00,0.000000000000000000e+00,-0.000000000000000000e+00,-0.000000000000000000e+00,5.522275892700178462e-02,-0.000000000000000000e+00,-0.000000000000000000e+00,-0.000000000000000000e+00,-0.000000000000000000e+00,-0.000000000000000000e+00,-0.000000000000000000e+00,1.865264325116934518e+00,-0.000000000000000000e+00,-0.000000000000000000e+00,-0.000000000000000000e+00,-0.000000000000000000e+00,-4.570505708063760802e-02,-0.000000000000000000e+00,-3.008961596498956892e-01,3.691587290959189582e-01,-1.216773306930996751e-01,0.000000000000000000e+00,1.217709257316142504e-02,0.000000000000000000e+00,6.953691699863021047e-02,-0.000000000000000000e+00,0.000000000000000000e+00,2.528043438688511446e-01,0.000000000000000000e+00,3.374478104259277522e-01,-0.000000000000000000e+00,0.000000000000000000e+00,-0.000000000000000000e+00,2.699952298008381213e-01,0.000000000000000000e+00,-0.000000000000000000e+00,0.000000000000000000e+00,-0.000000000000000000e+00
-0.000000000000000000e+00,-0.000000000000000000e+00,-0.000000000000000000e+00,-0.000000000000000000e+00,-0.000000000000000000e+00,0.000000000000000000e+00,-0.000000000000000000e+00,0.000000000000000000e+00,-3.549036568070381703e-01,-4.184102142317100426e-02,-2.989576531398629444e-01,-1.072291498782364100e-01,-0.000000000000000000e+00,2.045519809346940665e+00,-0.000000000000000000e+00,-2.293205662004059731e-01,-4.327544682462826642e-01,-0.000000000000000000e+00,-0.000000000000000000e+00,-0.000000000000000000e+00,-0.000000000000000000e+00,-0.000000000000000000e+00,-0.000000000000000000e+00,-0.000000000000000000e+00,-0.000000000000000000e+00,-0.000000000000000000e+00,-3.210428859993130213e-01,-1.364605043237397675e-01,-0.000000000000000000e+00,-2.310443217051890707e-01,-3.683355832836406052e-02,-0.000000000000000000e+00,-0.000000000000000000e+00,-2.592375899412346571e-02,0.000000000000000000e+00,-5.383916903875737847e-02,-0.000000000000000000e+00,-0.000000000000000000e+00,-0.000000000000000000e+00
-0.000000000000000000e+00,-0.000000000000000000e+00,-0.000000000000000000e+00,0.000000000000000000e+00,-0.000000000000000000e+00,0.000000000000000000e+00,0.000000000000000000e+00,0.000000000000000000e+00,-2.788871856293494156e-02,-0.000000000000000000e+00,-0.000000000000000000e+00,-3.082489511922067438e-01,-0.000000000000000000e+00,-0.000000000000000000e+00,1.545147092077427287e+00,-0.000000000000000000e+00,-0.000000000000000000e+00,-0.000000000000000000e+00,-1.760571830374693114e-01,-0.000000000000000000e+00,0.000000000000000000e+00,-0.000000000000000000e+00,-1.637388678965520095e-01,-0.000000000000000000e+00,-0.000000000000000000e+00,-0.000000000000000000e+00,-0.000000000000000000e+00,-0.000000000000000000e+00,0.000000000000000000e+00,-0.000000000000000000e+00,0.000000000000000000e+00,-0.000000000000000000e+00,-0.000000000000000000e+00,-2.102019219311111187e-01,0.000000000000000000e+00,-3.254351793307030949e-01,-0.000000000000000000e+00,-1.778319389322577937e-01,-0.000000000000000000e+00
-1.609867720821450132e-01,-3.701341362602077467e-01,-0.000000000000000000e+00,-0.000000000000000000e+00,-0.000000000000000000e+00,0.000000000000000000e+00,-0.000000000000000000e+00,0.000000000000000000e+00,-9.273267322950325131e-02,-1.307755893168210726e+00,-0.000000000000000000e+00,-0.000000000000000000e+00,-0.000000000000000000e+00,-2.293205662004059731e-01,-0.000000000000000000e+00,2.681157864064895868e+00,-0.000000000000000000e+00,-0.000000000000000000e+00,-1.787218751908573877e-01,-8.386237892441950059e-02,0.000000000000000000e+00,-1.017088911686943181e-01,0.000000000000000000e+00,0.000000000000000000e+00,-0.000000000000000000e+00,0.000000000000000000e+00,-0.000000000000000000e+00,-0.000000000000000000e+00,0.000000000000000000e+00,-1.590641835560896722e-01,-0.000000000000000000e+00,-0.000000000000000000e+00,-0.000000000000000000e+00,-0.000000000000000000e+00,0.000000000000000000e+00,-1.519095164169406709e-01,-0.000000000000000000e+00,-0.000000000000000000e+00,-0.000000000000000000e+00
0.000000000000000000e+00,-0.000000000000000000e+00,-0.000000000000000000e+00,-2.006273590364630530e-02,-0.000000000000000000e+00,0.000000000000000000e+00,-0.000000000000000000e+00,-0.000000000000000000e+00,-0.000000000000000000e+00,-3.972110843679984432e-03,-1.333198921585064811e-01,-1.500609757501761843e-01,-0.000000000000000000e+00,-4.327544682462826642e-01,-0.000000000000000000e+00,-0.000000000000000000e+00,2.330598831280117356e+00,-3.548624097127043853e-01,-2.218119115540481343e-02,-3.870547375719630701e-01,0.000000000000000000e+00,-9.612992041229820317e-02,-0.000000000000000000e+00,-0.000000000000000000e+00,0.000000000000000000e+00,0.000000000000000000e+00,-0.000000000000000000e+00,0.000000000000000000e+00,0.000000000000000000e+00,-0.000000000000000000e+00,0.000000000000000000e+00,-6.473151258768028438e-01,-0.000000000000000000e+00,-0.000000000000000000e+00,0.000000000000000000e+00,-0.000000000000000000e+00,-2.165798617173648466e-01,0.000000000000000000e+00,-0.000000000000000000e+00
0.000000000000000000e+00,-0.000000000000000000e+00,-0.000000000000000000e+00,-5.811687083456593128e-02,-0.000000000000000000e+00,0.000000000000000000e+00,-0.000000000000000000e+00,-0.000000000000000000e+00,-0.000000000000000000e+00,-0.000000000000000000e+00,-0.000000000000000000e+00,-5.339492063236038755e-01,-4.570505708063760802e-02,-0.000000000000000000e+00,-0.000000000000000000e+00,-0.000000000000000000e+00,-3.548624097127043853e-01,2.219705218351097464e+00,-1.681676501431382253e-01,-0.000000000000000000e+00,2.650712046180750958e-01,-2.225305264152454832e-01,0.000000000000000000e+00,0.000000000000000000e+00,0.000000000000000000e+00,2.615371604785297066e-01,-0.000000000000000000e+00,0.000000000000000000e+00,1.660588282530583298e-02,0.000000000000000000e+00,0.000000000000000000e+00,-1.636411807023590848e-01,-0.000000000000000000e+00,-0.000000000000000000e+00,2.193755993071336563e-01,-0.000000000000000000e+00,-0.000000000000000000e+00,3.771032928659463768e-02,-0.000000000000000000e+00
-0.000000000000000000e+00,-9.169957557216651400e-02,-1.426771753011266998e-02,-0.000000000000000000e+00,-0.000000000000000000e+00,0.000000000000000000e+00,-3.444424424774712029e-02,0.000000000000000000e+00,-6.418569942581259236e-02,-4.814672753780253195e-02,-3.461875473663252739e-02,-2.356312285813030871e-01,-0.000000000000000000e+00,-0.000000000000000000e+00,-1.760571830374693114e-01,-1.787218751908573877e-01,-2.218119115540481343e-02,-1.681676501431382253e-01,1.666767137981304048e+00,-4.017684968324211625e-02,0.000000000000000000e+00,-2.438467271165138672e-02,-0.000000000000000000e+00,-0.000000000000000000e+00,-0.000000000000000000e+00,0.000000000000000000e+00,-7.087251906103210486e-02,0.000000000000000000e+00,1.400641400228186569e-02,-0.000000000000000000e+00,-0.000000000000000000e+00,-6.479912556185757344e-02,-1.954330260016572396e-01,-1.272517192760558857e-01,5.223280120120919051e-02,-0.000000000000000000e+00,-0.000000000000000000e+00,-0.000000000000000000e+00,-0.000000000000000000e+00
0.000000000000000000e+00,-0.000000000000000000e+00,0.000000000000000000e+00,-5.011684359328809520e-03,-0.000000000000000000e+00,0.000000000000000000e+00,-5.250640118752671059e-02,-0.000000000000000000e+00,-0.000000000000000000e+00,-0.000000000000000000e+00,-1.331998839310516713e-01,-0.000000000000000000e+00,-3.008961596498956892e-01,-0.000000000000000000e+00,-0.000000000000000000e+00,-8.386237892441950059e-02,-3.870547375719630701e-01,-0.000000000000000000e+00,-4.017684968324211625e-02,1.635356055202545678e+00,2.001615139872336691e-01,-3.060164026449671559e-01,-0.000000000000000000e+00,0.000000000000000000e+00,0.000000000000000000e+00,0.000000000000000000e+00,-0.000000000000000000e+00,0.000000000000000000e+00,0.000000000000000000e+00,-0.000000000000000000e+00,0.000000000000000000e+00,-0.000000000000000000e+00,-0.000000000000000000e+00,-0.000000000000000000e+00,0.000000000000000000e+00,-5.989011800376896517e-03,-0.000000000000000000e+00,0.000000000000000000e+00,-0.000000000000000000e+00
-0.000000000000000000e+00,0.000000000000000000e+00,-0.000000000000000000e+00,0.000000000000000000e+00,0.000000000000000000e+00,-0.000000000000000000e+00,0.000000000000000000e+00,2.028829162231247929e-01,-0.000000000000000000e+00,0.000000000000000000e+00,0.000000000000000000e+00,2.791099648088085292e-02,3.691587290959189582e-01,-0.000000000000000000e+00,0.000000000000000000e+00,0.000000000000000000e+00,0.000000000000000000e+00,2.650712046180750958e-01,0.000000000000000000e+00,2.001615139872336691e-01,2.296460741785057547e+00,1.924454145693397233e-01,-0.000000000000000000e+00,-0.000000000000000000e+00,-0.000000000000000000e+00,-4.827837828204634696e-01,0.000000000000000000e+00,-3.736278557887378060e-01,-9.394866587890808585e-02,-0.000000000000000000e+00,-8.551921815225063672e-02,0.000000000000000000e+00,0.000000000000000000e+00,0.000000000000000000e+00,-2.665270597798070629e-01,0.000000000000000000e+00,0.000000000000000000e+00,-0.000000000000000000e+00,0.000000000000000000e+00
-0.000000000000000000e+00,-1.101122374681986898e-01,-0.000000000000000000e+00,-1.194084142163242546e-01,-0.000000000000000000e+00,0.000000000000000000e+00,-0.000000000000000000e+00,-0.000000000000000000e+00,-0.000000000000000000e+00,-5.238538329481248756e-02,-0.000000000000000000e+00,-5.586793619667557165e-01,-1.216773306930996751e-01,-0.000000000000000000e+00,-0.000000000000000000e+00,-1.017088911686943181e-01,-9.612992041229820317e-02,-2.225305264152454832e-01,-2.438467271165138672e-02,-3.060164026449671559e-01,1.924454145693397233e-01,2.593703774597032830e+00,0.000000000000000000e+00,0.000000000000000000e+00,0.000000000000000000e+00,1.439436719291043443e-01,-0.000000000000000000e+00,0.000000000000000000e+00,3.275570042942790860e-01,-0.000000000000000000e+00,0.000000000000000000e+00,-0.000000000000000000e+00,-0.000000000000000000e+00,-0.000000000000000000e+00,4.084364571298656488e-01,-0.000000000000000000e+00,-0.000000000000000000e+00,0.000000000000000000e+00,-2.320005462189145273e-01
-0.000000000000000000e+00,-0.000000000000000000e+00,-2.610776234308875843e-02,6.728355281054028414e-02,-0.000000000000000000e+00,-0.000000000000000000e+00,0.000000000000000000e+00,1.207397935433058289e-01,-1.402094259157722900e-01,0.000000000000000000e+00,-0.000000000000000000e+00,0.000000000000000000e+00,0.000000000000000000e+00,-0.000000000000000000e+00,-1.637388678965520095e-01,0.000000000000000000e+00,-0.000000000000000000e+00,0.000000000000000000e+00,-0.000000000000000000e+00,-0.000000000000000000e+00,-0.000000000000000000e+00,0.000000000000000000e+00,1.765235837640819927e+00,-3.415055394851395087e-01,-6.467767011798872812e-01,-8.639849204999330845e-02,-0.000000000000000000e+00,-0.000000000000000000e+00,-0.000000000000000000e+00,-0.000000000000000000e+00,-0.000000000000000000e+00,-0.000000000000000000e+00,-0.000000000000000000e+00,-0.000000000000000000e+00,-0.000000000000000000e+00,-3.320145985648825099e-02,-0.000000000000000000e+00,-1.554508530308156833e-01,-0.000000000000000000e+00
0.000000000000000000e+00,0.000000000000000000e+00,-0.000000000000000000e+00,-0.000000000000000000e+00,-0.000000000000000000e+00,-3.358974361561135186e-02,-0.000000000000000000e+00,0.000000000000000000e+00,-0.000000000000000000e+00,0.000000000000000000e+00,-0.000000000000000000e+00,0.000000000000000000e+00,1.217709257316142504e-02,-0.000000000000000000e+00,-0.000000000000000000e+00,0.000000000000000000e+00,-0.000000000000000000e+00,0.000000000000000000e+00,-0.000000000000000000e+00,0.000000000000000000e+00,-0.000000000000000000e+00,0.000000000000000000e+00,-3.415055394851395087e-01,1.452755720585154009e+00,-2.836488147084342826e-01,-0.000000000000000000e+00,-0.000000000000000000e+00,-0.000000000000000000e+00,-2.144911487942920136e-01,-0.000000000000000000e+00,-0.000000000000000000e+00,-0.000000000000000000e+00,-0.000000000000000000e+00,-0.000000000000000000e+00,-2.294131669874653889e-01,-0.000000000000000000e+00,-2.226477656890624990e-01,-0.000000000000000000e+00,0.000000000000000000e+00
-2.019967512338023963e-01,-0.000000000000000000e+00,-0.000000000000000000e+00,0.000000000000000000e+00,-0.000000000000000000e+00,-3.478521807262519028e-01,0.000000000000000000e+00,0.000000000000000000e+00,-0.000000000000000000e+00,-0.000000000000000000e+00,-4.123679432711067211e-02,0.000000000000000000e+00,0.000000000000000000e+00,-0.000000000000000000e+00,-0.000000000000000000e+00,-0.000000000000000000e+00,0.000000000000000000e+00,0.000000000000000000e+00,-0.000000000000000000e+00,0.000000000000000000e+00,-0.000000000000000000e+00,0.000000000000000000e+00,-6.467767011798872812e-01,-2.836488147084342826e-01,1.839410408532637708e+00,-0.000000000000000000e+00,-1.905342633897464666e-01,-0.000000000000000000e+00,-0.000000000000000000e+00,-0.000000000000000000e+00,-1.582686016478589974e-01,-0.000000000000000000e+00,-0.000000000000000000e+00,-0.000000000000000000e+00,-0.000000000000000000e+00,-0.000000000000000000e+00,-0.000000000000000000e+00,-1.055803841337778354e-01,-0.000000000000000000e+00
-0.000000000000000000e+00,0.000000000000000000e+00,-0.000000000000000000e+00,1.427700291981099656e-01,0.000000000000000000e+00,-0.000000000000000000e+00,0.000000000000000000e+00,0.000000000000000000e+00,-0.000000000000000000e+00,0.000000000000000000e+00,-0.000000000000000000e+00,0.000000000000000000e+00,6.953691699863021047e-02,-0.000000000000000000e+00,-0.000000000000000000e+00,0.000000000000000000e+00,0.000000000000000000e+00,2.615371604785297066e-01,0.000000000000000000e+00,0.000000000000000000e+00,-4.827837828204634696e-01,1.439436719291043443e-01,-8.639849204999330845e-02,-0.000000000000000000e+00,-0.000000000000000000e+00,2.492268160122116605e+00,-0.000000000000000000e+00,-3.841381690605999988e-01,-5.096484573562192200e-01,-3.030108679477928196e-02,-2.151212784150757507e-01,1.220913298941023878e-01,0.000000000000000000e+00,-0.000000000000000000e+00,-2.304686747875588637e-01,-0.000000000000000000e+00,0.000000000000000000e+00,-4.278150812045123930e-01,0.000000000000000000e+00
-0.000000000000000000e+00,-7.097755350381766692e-02,-0.000000000000000000e+00,0.000000000000000000e+00,0.000000000000000000e+00,-0.000000000000000000e+00,0.000000000000000000e+00,0.000000000000000000e+00,-0.000000000000000000e+00,-0.000000000000000000e+00,-5.595450782858045480e-02,-0.000000000000000000e+00,-0.000000000000000000e+00,-3.210428859993130213e-01,-0.000000000000000000e+00,-0.000000000000000000e+00,-0.000000000000000000e+00,-0.000000000000000000e+00,-7.087251906103210486e-02,-0.000000000000000000e+00,0.000000000000000000e+00,-0.000000000000000000e+00,-0.000000000000000000e+00,-0.000000000000000000e+00,-1.905342633897464666e-01,-0.000000000000000000e+00,2.005962735832335309e+00,-0.000000000000000000e+00,0.000000000000000000e+00,-0.000000000000000000e+00,-3.507697551277452197e-01,-2.094298178966453039e-01,-3.535881756217648109e-01,-0.000000000000000000e+00,0.000000000000000000e+00,-0.000000000000000000e+00,-1.026410736780967864e-01,-0.000000000000000000e+00,-4.806735791976680661e-01
-0.000000000000000000e+00,0.000000000000000000e+00,-1.047197072401756385e-01,-0.000000000000000000e+00,-0.000000000000000000e+00,0.000000000000000000e+00,-0.000000000000000000e+00,2.174754941527320684e-01,-0.000000000000000000e+00,0.000000000000000000e+00,-0.000000000000000000e+00,0.000000000000000000e+00,0.000000000000000000e+00,-1.364605043237397675e-01,-0.000000000000000000e+00,-0.000000000000000000e+00,0.000000000000000000e+00,0.000000000000000000e+00,0.000000000000000000e+00,0.000000000000000000e+00,-3.736278557887378060e-01,0.000000000000000000e+00,-0.000000000000000000e+00,-0.000000000000000000e+00,-0.000000000000000000e+00,-3.841381690605999988e-01,-0.000000000000000000e+00,1.738591852396688120e+00,-0.000000000000000000e+00,-3.279895424753569433e-01,-1.919992165973579967e-01,0.000000000000000000e+00,0.000000000000000000e+00,-0.000000000000000000e+00,-0.000000000000000000e+00,-0.000000000000000000e+00,0.000000000000000000e+00,-1.031116828116631148e-02,-0.000000000000000000e+00
-0.000000000000000000e+00,0.000000000000000000e+00,0.000000000000000000e+00,0.000000000000000000e+00,0.000000000000000000e+00,-2.750256283477897634e-01,0.000000000000000000e+00,-0.000000000000000000e+00,0.000000000000000000e+00,0.000000000000000000e+00,-0.000000000000000000e+00,0.000000000000000000e+00,2.528043438688511446e-01,-0.000000000000000000e+00,0.000000000000000000e+00,0.000000000000000000e+00,0.000000000000000000e+00,1.660588282530583298e-02,1.400641400228186569e-02,0.000000000000000000e+00,-9.394866587890808585e-02,3.275570042942790860e-01,-0.000000000000000000e+00,-2.144911487942920136e-01,-0.000000000000000000e+00,-5.096484573562192200e-01,0.000000000000000000e+00,-0.000000000000000000e+00,2.495439893453451852e+00,-0.000000000000000000e+00,-0.000000000000000000e+00,0.000000000000000000e+00,0.000000000000000000e+00,5.733306620940076953e-02,-9.129775889263238575e-01,0.000000000000000000e+00,0.000000000000000000e+00,-0.000000000000000000e+00,0.000000000000000000e+00
-2.260637262780345463e-02,-0.000000000000000000e+00,-0.000000000000000000e+00,0.000000000000000000e+00,-0.000000000000000000e+00,0.000000000000000000e+00,0.000000000000000000e+00,0.000000000000000000e+00,-5.177475131424922328e-01,-0.000000000000000000e+00,-0.000000000000000000e+00,-0.000000000000000000e+00,0.000000000000000000e+00,-2.310443217051890707e-01,-0.000000000000000000e+00,-1.590641835560896722e-01,-0.000000000000000000e+00,0.000000000000000000e+00,-0.000000000000000000e+00,-0.000000000000000000e+00,-0.000000000000000000e+00,-0.000000000000000000e+00,-0.000000000000000000e+00,-0.000000000000000000e+00,-0.000000000000000000e+00,-3.030108679477928196e-02,-0.000000000000000000e+00,-3.279895424753569433e-01,-0.000000000000000000e+00,1.619983909961199453e+00,-1.164581220954751840e-02,0.000000000000000000e+00,-0.000000000000000000e+00,-0.000000000000000000e+00,-0.000000000000000000e+00,-0.000000000000000000e+00,0.000000000000000000e+00,-7.760783537345641858e-02,-2.257915052016603100e-02
-9.676346333497326535e-02,-0.000000000000000000e+00,-9.162983542773400769e-02,0.000000000000000000e+00,0.000000000000000000e+00,-0.000000000000000000e+00,0.000000000000000000e+00,2.329853059712637953e-01,-0.000000000000000000e+00,-0.000000000000000000e+00,-0.000000000000000000e+00,0.000000000000000000e+00,3.374478104259277522e-01,-3.683355832836406052e-02,0.000000000000000000e+00,-0.000000000000000000e+00,0.000000000000000000e+00,0.000000000000000000e+00,-0.000000000000000000e+00,0.000000000000000000e+00,-8.551921815225063672e-02,0.000000000000000000e+00,-0.000000000000000000e+00,-0.000000000000000000e+00,-1.582686016478589974e-01,-2.151212784150757507e-01,-3.507697551277452197e-01,-1.919992165973579967e-01,-0.000000000000000000e+00,-1.164581220954751840e-02,1.745435215181569744e+00,-0.000000000000000000e+00,-7.634474931491308514e-02,-0.000000000000000000e+00,-0.000000000000000000e+00,-9.495591554317792116e-02,-0.000000000000000000e+00,-0.000000000000000000e+00,-0.000000000000000000e+00
0.000000000000000000e+00,-4.830689138198754340e-02,-0.000000000000000000e+00,-0.000000000000000000e+00,-0.000000000000000000e+00,-0.000000000000000000e+00,-0.000000000000000000e+00,-0.000000000000000000e+00,-0.000000000000000000e+00,-0.000000000000000000e+00,-1.321443601826617908e-01,-3.790928225155680287e-01,-0.000000000000000000e+00,-0.000000000000000000e+00,-0.000000000000000000e+00,-0.000000000000000000e+00,-6.473151258768028438e-01,-1.636411807023590848e-01,-6.479912556185757344e-02,-0.000000000000000000e+00,0.000000000000000000e+00,-0.000000000000000000e+00,-0.000000000000000000e+00,-0.000000000000000000e+00,-0.000000000000000000e+00,1.220913298941023878e-01,-2.094298178966453039e-01,0.000000000000000000e+00,0.000000000000000000e+00,0.000000000000000000e+00,-0.000000000000000000e+00,3.018528424085863637e+00,-2.111595014892935496e-01,-0.000000000000000000e+00,0.000000000000000000e+00,-0.000000000000000000e+00,-1.343912314700501653e+00,0.000000000000000000e+00,-0.000000000000000000e+00
-0.000000000000000000e+00,-0.000000000000000000e+00,-1.101247665918262952e-01,0.000000000000000000e+00,-0.000000000000000000e+00,-0.000000000000000000e+00,-0.000000000000000000e+00,0.000000000000000000e+00,-0.000000000000000000e+00,-1.351812730006015373e-01,-0.000000000000000000e+00,-1.801619947879598213e-02,0.000000000000000000e+00,-0.000000000000000000e+00,-0.000000000000000000e+00,-0.000000000000000000e+00,-0.000000000000000000e+00,-0.000000000000000000e+00,-1.954330260016572396e-01,-0.000000000000000000e+00,0.000000000000000000e+00,-0.000000000000000000e+00,-0.000000000000000000e+00,-0.000000000000000000e+00,-0.000000000000000000e+00,0.000000000000000000e+00,-3.535881756217648109e-01,0.000000000000000000e+00,0.000000000000000000e+00,-0.000000000000000000e+00,-7.634474931491308514e-02,-2.111595014892935496e-01,1.724969763106940057e+00,-1.083328916401415515e-01,0.000000000000000000e+00,-3.324699195914709304e-01,-1.146998837567353435e-01,-0.000000000000000000e+00,-0.000000000000000000e+00
-0.000000000000000000e+00,-0.000000000000000000e+00,-4.455555958807855821e-01,-0.000000000000000000e+00,-7.667228110694997989e-01,1.052595605543849705e-01,-0.000000000000000000e+00,9.004314613296354741e-02,-4.010157316464964539e-01,-0.000000000000000000e+00,0.000000000000000000e+00,-0.000000000000000000e+00,-0.000000000000000000e+00,-2.592375899412346571e-02,-2.102019219311111187e-01,-0.000000000000000000e+00,-0.000000000000000000e+00,-0.000000000000000000e+00,-1.272517192760558857e-01,-0.000000000000000000e+00,0.000000000000000000e+00,-0.000000000000000000e+00,-0.000000000000000000e+00,-0.000000000000000000e+00,-0.000000000000000000e+00,-0.000000000000000000e+00,-0.000000000000000000e+00,-0.000000000000000000e+00,5.733306620940076953e-02,-0.000000000000000000e+00,-0.000000000000000000e+00,-0.000000000000000000e+00,-1.083328916401415515e-01,2.268775168435286815e+00,9.577923323610484929e-02,-8.855755932205142122e-02,0.000000000000000000e+00,-6.841817570256181202e-02,-0.000000000000000000e+00
-0.000000000000000000e+00,9.168220877839965957e-05,0.000000000000000000e+00,0.000000000000000000e+00,0.000000000000000000e+00,-0.000000000000000000e+00,0.000000000000000000e+00,0.000000000000000000e+00,0.000000000000000000e+00,0.000000000000000000e+00,0.000000000000000000e+00,2.894729192611004143e-01,2.699952298008381213e-01,0.000000000000000000e+00,0.000000000000000000e+00,0.000000000000000000e+00,0.000000000000000000e+00,2.193755993071336563e-01,5.223280120120919051e-02,0.000000000000000000e+00,-2.665270597798070629e-01,4.084364571298656488e-01,-0.000000000000000000e+00,-2.294131669874653889e-01,-0.000000000000000000e+00,-2.304686747875588637e-01,0.000000000000000000e+00,-0.000000000000000000e+00,-9.129775889263238575e-01,-0.000000000000000000e+00,-0.000000000000000000e+00,0.000000000000000000e+00,0.000000000000000000e+00,9.577923323610484929e-02,2.701067089924692244e+00,0.000000000000000000e+00,0.000000000000000000e+00,0.000000000000000000e+00,0.000000000000000000e+00
-0.000000000000000000e+00,-0.000000000000000000e+00,-0.000000000000000000e+00,0.000000000000000000e+00,-0.000000000000000000e+00,0.000000000000000000e+00,0.000000000000000000e+00,0.000000000000000000e+00,-2.889857298214699166e-01,-1.817399071110672726e-01,-0.000000000000000000e+00,-0.000000000000000000e+00,0.000000000000000000e+00,-5.383916903875737847e-02,-3.254351793307030949e-01,-1.519095164169406709e-01,-0.000000000000000000e+00,-0.000000000000000000e+00,-0.000000000000000000e+00,-5.989011800376896517e-03,0.000000000000000000e+00,-0.000000000000000000e+00,-3.320145985648825099e-02,-0.000000000000000000e+00,-0.000000000000000000e+00,-0.000000000000000000e+00,-0.000000000000000000e+00,-0.000000000000000000e+00,0.000000000000000000e+00,-0.000000000000000000e+00,-9.495591554317792116e-02,-0.000000000000000000e+00,-3.324699195914709304e-01,-8.855755932205142122e-02,0.000000000000000000e+00,1.791594786792941374e+00,-0.000000000000000000e+00,-1.492858164951055000e-01,-6.308021940962688090e-02
0.000000000000000000e+00,-0.000000000000000000e+00,-0.000000000000000000e+00,-0.000000000000000000e+00,0.000000000000000000e+00,-6.162849925076319124e-02,-0.000000000000000000e+00,-0.000000000000000000e+00,0.000000000000000000e+00,-0.000000000000000000e+00,-1.231164067558475905e-01,-0.000000000000000000e+00,-0.000000000000000000e+00,-0.000000000000000000e+00,-0.000000000000000000e+00,-0.000000000000000000e+00,-2.165798617173648466e-01,-0.000000000000000000e+00,-0.000000000000000000e+00,-0.000000000000000000e+00,0.000000000000000000e+00,-0.000000000000000000e+00,-0.000000000000000000e+00,-2.226477656890624990e-01,-0.000000000000000000e+00,0.000000000000000000e+00,-1.026410736780967864e-01,0.000000000000000000e+00,0.000000000000000000e+00,0.000000000000000000e+00,-0.000000000000000000e+00,-1.343912314700501653e+00,-1.146998837567353435e-01,0.000000000000000000e+00,0.000000000000000000e+00,-0.000000000000000000e+00,2.263407081170820234e+00,2.303740537637403996e-02,-0.000000000000000000e+00
-7.464631313604703777e-01,-0.000000000000000000e+00,-0.000000000000000000e+00,2.924714519032856411e-02,-0.000000000000000000e+00,-0.000000000000000000e+00,0.000000000000000000e+00,7.012609218843637859e-02,-2.195003974715872275e-01,-0.000000000000000000e+00,-0.000000000000000000e+00,0.000000000000000000e+00,0.000000000000000000e+00,-0.000000000000000000e+00,-1.778319389322577937e-01,-0.000000000000000000e+00,0.000000000000000000e+00,3.771032928659463768e-02,-0.000000000000000000e+00,0.000000000000000000e+00,-0.000000000000000000e+00,0.000000000000000000e+00,-1.554508530308156833e-01,-0.000000000000000000e+00,-1.055803841337778354e-01,-4.278150812045123930e-01,-0.000000000000000000e+00,-1.031116828116631148e-02,-0.000000000000000000e+00,-7.760783537345641858e-02,-0.000000000000000000e+00,0.000000000000000000e+00,-0.000000000000000000e+00,-6.841817570256181202e-02,0.000000000000000000e+00,-1.492858164951055000e-01,2.303740537637403996e-02,2.022731135011280656e+00,-5.951057977266590443e-02
-0.000000000000000000e+00,-4.533065254443006120e-01,-0.000000000000000000e+00,0.000000000000000000e+00,0.000000000000000000e+00,-0.000000000000000000e+00,0.000000000000000000e+00,-0.000000000000000000e+00,-0.000000000000000000e+00,-0.000000000000000000e+00,-0.000000000000000000e+00,-5.239113471812557599e-01,-0.000000000000000000e+00,-0.000000000000000000e+00,-0.000000000000000000e+00,-0.000000000000000000e+00,-0.000000000000000000e+00,-0.000000000000000000e+00,-0.000000000000000000e+00,-0.000000000000000000e+00,0.000000000000000000e+00,-2.320005462189145273e-01,-0.000000000000000000e+00,0.000000000000000000e+00,-0.000000000000000000e+00,0.000000000000000000e+00,-4.806735791976680661e-01,-0.000000000000000000e+00,0.000000000000000000e+00,-2.257915052016603100e-02,-0.000000000000000000e+00,-0.000000000000000000e+00,-0.000000000000000000e+00,-0.000000000000000000e+00,0.000000000000000000e+00,-6.308021940962688090e-02,-0.000000000000000000e+00,-5.951057977266590443e-02,1.933000095198975643e+00
