1.747430274190391097e+00,-5.572904545829814316e-01,-0.000000000000000000e+00,-0.000000000000000000e+00,-0.000000000000000000e+00,0.000000000000000000e+00,-0.000000000000000000e+00,0.000000000000000000e+00,-0.000000000000000000e+00,-9.555362204346771679e-03,0.000000000000000000e+00,-0.000000000000000000e+00,0.000000000000000000e+00,-2.699470930996093841e-03,-0.000000000000000000e+00,-2.029827046711107363e-01,0.000000000000000000e+00,-0.000000000000000000e+00,-0.000000000000000000e+00,-0.000000000000000000e+00,-0.000000000000000000e+00,-0.000000000000000000e+00,-0.000000000000000000e+00,0.000000000000000000e+00,-0.000000000000000000e+00,-4.299101858031961210e-01,-0.000000000000000000e+00,-0.000000000000000000e+00,-0.000000000000000000e+00,-5.901022517562812958e-02,0.000000000000000000e+00,-0.000000000000000000e+00,0.000000000000000000e+00,0.000000000000000000e+00,-0.000000000000000000e+00,-1.873639523093075798e-01,0.000000000000000000e+00,-1.112247611380337703e-01,-3.822109314155119203e-02
-5.572904545829814316e-01,1.630227022978394835e+00,-0.000000000000000000e+00,-0.000000000000000000e+00,-0.000000000000000000e+00,0.000000000000000000e+00,-0.000000000000000000e+00,0.000000000000000000e+00,-2.057440883422077815e-02,-5.469711374461190545e-02,0.000000000000000000e+00,-0.000000000000000000e+00,0.000000000000000000e+00,-2.434785473335427108e-01,-0.000000000000000000e+00,-1.535608778680937030e-02,0.000000000000000000e+00,-0.000000000000000000e+00,-0.000000000000000000e+00,-0.000000000000000000e+00,-0.000000000000000000e+00,-0.000000000000000000e+00,-0.000000000000000000e+00,-0.000000000000000000e+00,-0.000000000000000000e+00,-2.027124857898694177e-01,-2.455780757773286804e-01,-0.000000000000000000e+00,0.000000000000000000e+00,-0.000000000000000000e+00,-0.000000000000000000e+00,-0.000000000000000000e+00,0.000000000000000000e+00,-0.000000000000000000e+00,-0.000000000000000000e+00,-0.000000000000000000e+00,-0.000000000000000000e+00,-0.000000000000000000e+00,-0.000000000000000000e+00
-0.000000000000000000e+00,-0.000000000000000000e+00,2.515266715940092546e+00,-9.305461612754700393e-03,-1.887163091604796283e-01,0.000000000000000000e+00,-0.000000000000000000e+00,8.306909823884213173e-01,-6.214934433370081224e-02,-1.006902936670856126e-02,0.000000000000000000e+00,-0.000000000000000000e+00,0.000000000000000000e+00,-2.222158315197186595e-01,-0.000000000000000000e+00,-0.000000000000000000e+00,0.000000000000000000e+00,-1.366926709131637552e-01,-8.214009939142064010e-02,-1.102902420979960246e-01,-4.201526888043733976e-01,-4.743948339506652290e-01,-0.000000000000000000e+00,-0.000000000000000000e+00,-8.375975801517351882e-02,-0.000000000000000000e+00,-0.000000000000000000e+00,-1.878028206188604721e-01,-0.000000000000000000e+00,-0.000000000000000000e+00,-0.000000000000000000e+00,-0.000000000000000000e+00,-2.745231827552562821e-03,-0.000000000000000000e+00,-0.000000000000000000e+00,-0.000000000000000000e+00,-0.000000000000000000e+00,-0.000000000000000000e+00,-0.000000000000000000e+00
-0.000000000000000000e+00,-0.000000000000000000e+00,-9.305461612754700393e-03,2.113164699788906642e+00,-0.000000000000000000e+00,2.733819149730597475e-01,-2.973390376210000574e-01,0.000000000000000000e+00,-0.000000000000000000e+00,-1.702524652804394412e-01,0.000000000000000000e+00,-0.000000000000000000e+00,0.000000000000000000e+00,-0.000000000000000000e+00,-0.000000000000000000e+00,-0.000000000000000000e+00,3.460754915450101922e-03,-3.008015423559581847e-01,-4.280426445356146914e-01,-2.581856482269095920e-01,-6.085941025813522420e-02,-2.009291229954985603e-01,-0.000000000000000000e+00,-0.000000000000000000e+00,-0.000000000000000000e+00,-0.000000000000000000e+00,-0.000000000000000000e+00,-0.000000000000000000e+00,0.000000000000000000e+00,-0.000000000000000000e+00,0.000000000000000000e+00,0.000000000000000000e+00,0.000000000000000000e+00,-0.000000000000000000e+00,0.000000000000000000e+00,-0.000000000000000000e+00,0.000000000000000000e+00,-0.000000000000000000e+00,-0.000000000000000000e+00
-0.000000000000000000e+00,-0.000000000000000000e+00,-1.887163091604796283e-01,-0.000000000000000000e+00,1.626832307520360343e+00,-0.000000000000000000e+00,-0.000000000000000000e+00,1.740634131910120397e-01,-3.412717937322484046e-02,-9.260683146686246592e-02,0.000000000000000000e+00,-0.000000000000000000e+00,0.000000000000000000e+00,-3.584489319307637700e-01,-0.000000000000000000e+00,-2.281956384948875469e-02,-0.000000000000000000e+00,-0.000000000000000000e+00,-0.000000000000000000e+00,-0.000000000000000000e+00,-0.000000000000000000e+00,-0.000000000000000000e+00,-9.756680907246659956e-03,-0.000000000000000000e+00,-0.000000000000000000e+00,-9.717409331373852432e-02,-1.718468877784277149e-01,-2.743138504331960603e-01,-0.000000000000000000e+00,-0.000000000000000000e+00,-1.028134001814210302e-01,-2.516521527202931346e-02,-0.000000000000000000e+00,-5.959039808693998574e-02,-0.000000000000000000e+00,-0.000000000000000000e+00,-0.000000000000000000e+00,-0.000000000000000000e+00,-0.000000000000000000e+00
0.000000000000000000e+00,0.000000000000000000e+00,0.000000000000000000e+00,2.733819149730597475e-01,-0.000000000000000000e+00,1.896985366573730847e+00,3.063252287679955194e-02,-0.000000000000000000e+00,1.427605314083177715e-02,7.106513384789606147e-02,0.000000000000000000e+00,1.301987040391576200e-01,-0.000000000000000000e+00,0.000000000000000000e+00,7.006855004820096433e-02,0.000000000000000000e+00,-7.047389391145726378e-01,1.019672851726452778e-01,3.548741187832383376e-02,0.000000000000000000e+00,0.000000000000000000e+00,0.000000000000000000e+00,-0.000000000000000000e+00,-0.000000000000000000e+00,-0.000000000000000000e+00,0.000000000000000000e+00,0.000000000000000000e+00,0.000000000000000000e+00,-1.473857126320064492e-01,0.000000000000000000e+00,-0.000000000000000000e+00,-0.000000000000000000e+00,-0.000000000000000000e+00,0.000000000000000000e+00,-0.000000000000000000e+00,0.000000000000000000e+00,-2.798931337259583096e-01,5.416819414389317799e-02,2.110640402534065541e-02
-0.000000000000000000e+00,-0.000000000000000000e+00,-0.000000000000000000e+00,-2.973390376210000574e-01,-0.000000000000000000e+00,3.063252287679955194e-02,2.415538489461756200e+00,0.000000000000000000e+00,-5.351468203605398710e-02,-6.284464717315027538e-02,-0.000000000000000000e+00,-1.501517870757732021e-01,0.000000000000000000e+00,-0.000000000000000000e+00,-1.678026939857223121e-01,-0.000000000000000000e+00,1.288552142856089211e-01,-2.098071549241900535e-01,-4.079787751209306146e-01,-4.315445774229065279e-01,-0.000000000000000000e+00,-3.357283727057183143e-01,-0.000000000000000000e+00,-0.000000000000000000e+00,-0.000000000000000000e+00,-0.000000000000000000e+00,-0.000000000000000000e+00,-4.743909324621360668e-02,0.000000000000000000e+00,-0.000000000000000000e+00,0.000000000000000000e+00,0.000000000000000000e+00,0.000000000000000000e+00,-0.000000000000000000e+00,-0.000000000000000000e+00,-0.000000000000000000e+00,0.000000000000000000e+00,-1.411334231691559193e-01,-0.000000000000000000e+00
0.000000000000000000e+00,0.000000000000000000e+00,8.306909823884213173e-01,0.000000000000000000e+00,1.740634131910120397e-01,-0.000000000000000000e+00,0.000000000000000000e+00,1.714797168997698185e+00,8.544999472135928614e-03,0.000000000000000000e+00,0.000000000000000000e+00,0.000000000000000000e+00,-0.000000000000000000e+00,2.767399722614565308e-02,0.000000000000000000e+00,0.000000000000000000e+00,-0.000000000000000000e+00,0.000000000000000000e+00,0.000000000000000000e+00,0.000000000000000000e+00,1.159959004535432853e-01,8.680014306821710879e-02,0.000000000000000000e+00,0.000000000000000000e+00,0.000000000000000000e+00,0.000000000000000000e+00,0.000000000000000000e+00,0.000000000000000000e+00,0.000000000000000000e+00,0.000000000000000000e+00,0.000000000000000000e+00,0.000000000000000000e+00,1.310979348586504556e-01,0.000000000000000000e+00,0.000000000000000000e+00,0.000000000000000000e+00,0.000000000000000000e+00,0.000000000000000000e+00,0.000000000000000000e+00
-0.000000000000000000e+00,-2.057440883422077815e-02,-6.214934433370081224e-02,-0.000000000000000000e+00,-3.412717937322484046e-02,1.427605314083177715e-02,-5.351468203605398710e-02,8.544999472135928614e-03,2.640915930314270632e+00,-2.101901593929520473e-01,0.000000000000000000e+00,-2.832706290617998390e-01,0.000000000000000000e+00,-4.342776507885880849e-02,-0.000000000000000000e+00,-1.537306890582408325e-01,0.000000000000000000e+00,-3.720932414531442634e-01,-1.019838636441197793e-01,-0.000000000000000000e+00,-0.000000000000000000e+00,-0.000000000000000000e+00,-0.000000000000000000e+00,-0.000000000000000000e+00,-0.000000000000000000e+00,-1.275950281103607198e-01,-5.262532846955185473e-02,-0.000000000000000000e+00,0.000000000000000000e+00,-3.072015383993185744e-01,0.000000000000000000e+00,0.000000000000000000e+00,0.000000000000000000e+00,-6.812105292477700635e-02,0.000000000000000000e+00,-0.000000000000000000e+00,0.000000000000000000e+00,-3.776507650739433508e-01,-4.426155483405448399e-01
-9.555362204346771679e-03,-5.469711374461190545e-02,-1.006902936670856126e-02,-1.702524652804394412e-01,-9.260683146686246592e-02,7.106513384789606147e-02,-6.284464717315027538e-02,0.000000000000000000e+00,-2.101901593929520473e-01,2.405948424534008367e+00,-0.000000000000000000e+00,-0.000000000000000000e+00,0.000000000000000000e+00,-0.000000000000000000e+00,-0.000000000000000000e+00,-6.045770652326716288e-01,0.000000000000000000e+00,-1.423197500659547643e-01,-3.352005677108251258e-01,-0.000000000000000000e+00,-0.000000000000000000e+00,-0.000000000000000000e+00,-0.000000000000000000e+00,-0.000000000000000000e+00,-0.000000000000000000e+00,-1.352085223345212209e-02,-0.000000000000000000e+00,-0.000000000000000000e+00,0.000000000000000000e+00,-3.707627639947538856e-01,-0.000000000000000000e+00,-0.000000000000000000e+00,0.000000000000000000e+00,-0.000000000000000000e+00,0.000000000000000000e+00,-0.000000000000000000e+00,0.000000000000000000e+00,-8.218830985198487260e-02,-1.606604611784659686e-01
0.000000000000000000e+00,0.000000000000000000e+00,0.000000000000000000e+00,0.000000000000000000e+00,0.000000000000000000e+00,0.000000000000000000e+00,-0.000000000000000000e+00,0.000000000000000000e+00,0.000000000000000000e+00,-0.000000000000000000e+00,1.000000000000000666e+00,0.000000000000000000e+00,0.000000000000000000e+00,0.000000000000000000e+00,0.000000000000000000e+00,0.000000000000000000e+00,0.000000000000000000e+00,0.000000000000000000e+00,0.000000000000000000e+00,-0.000000000000000000e+00,-0.000000000000000000e+00,-0.000000000000000000e+00,0.000000000000000000e+00,-0.000000000000000000e+00,-0.000000000000000000e+00,0.000000000000000000e+00,0.000000000000000000e+00,0.000000000000000000e+00,0.000000000000000000e+00,0.000000000000000000e+00,0.000000000000000000e+00,0.000000000000000000e+00,-0.000000000000000000e+00,0.000000000000000000e+00,0.000000000000000000e+00,0.000000000000000000e+00,0.000000000000000000e+00,0.000000000000000000e+00,0.000000000000000000e+00
-0.000000000000000000e+00,-0.000000000000000000e+00,-0.000000000000000000e+00,-0.000000000000000000e+00,-0.000000000000000000e+00,1.301987040391576200e-01,-1.501517870757732021e-01,0.000000000000000000e+00,-2.832706290617998390e-01,-0.000000000000000000e+00,0.000000000000000000e+00,2.265729555034011078e+00,0.000000000000000000e+00,-0.000000000000000000e+00,-4.134397198887208580e-01,-6.866593655068624347e-02,5.861878762371025564e-02,-1.749953868239389476e-01,-0.000000000000000000e+00,-2.867988105504548635e-01,-0.000000000000000000e+00,-0.000000000000000000e+00,0.000000000000000000e+00,-0.000000000000000000e+00,-0.000000000000000000e+00,-0.000000000000000000e+00,-4.573864509647447563e-02,-0.000000000000000000e+00,0.000000000000000000e+00,-4.407773363736971345e-02,0.000000000000000000e+00,0.000000000000000000e+00,0.000000000000000000e+00,-3.051748343139172315e-01,-0.000000000000000000e+00,0.000000000000000000e+00,0.000000000000000000e+00,-1.796393141608902122e-01,-2.260633875995586850e-01
0.000000000000000000e+00,0.000000000000000000e+00,0.000000000000000000e+00,0.000000000000000000e+00,0.000000000000000000e+00,-0.000000000000000000e+00,0.000000000000000000e+00,-0.000000000000000000e+00,0.000000000000000000e+00,0.000000000000000000e+00,0.000000000000000000e+00,0.000000000000000000e+00,1.596473046756116121e+00,0.000000000000000000e+00,2.425055757106627519e-01,2.691973159129336379e-02,-0.000000000000000000e+00,0.000000000000000000e+00,0.000000000000000000e+00,0.000000000000000000e+00,0.000000000000000000e+00,0.000000000000000000e+00,-0.000000000000000000e+00,-0.000000000000000000e+00,-0.000000000000000000e+00,6.838428066996573781e-03,0.000000000000000000e+00,0.000000000000000000e+00,-0.000000000000000000e+00,1.608079506661610758e-01,-1.020620303039367627e-01,-0.000000000000000000e+00,-3.316737382314557947e-01,0.000000000000000000e+00,-0.000000000000000000e+00,-0.000000000000000000e+00,-1.583210687051258281e-01,2.615937905776848371e-01,3.124076876108783929e-01
-2.699470930996093841e-03,-2.434785473335427108e-01,-2.222158315197186595e-01,-0.000000000000000000e+00,-3.584489319307637700e-01,0.000000000000000000e+00,-0.000000000000000000e+00,2.767399722614565308e-02,-4.342776507885880849e-02,-0.000000000000000000e+00,0.000000000000000000e+00,-0.000000000000000000e+00,0.000000000000000000e+00,1.609984443274305788e+00,-0.000000000000000000e+00,-0.000000000000000000e+00,0.000000000000000000e+00,-0.000000000000000000e+00,-0.000000000000000000e+00,-0.000000000000000000e+00,-0.000000000000000000e+00,-0.000000000000000000e+00,-1.240618459959074577e-01,-8.923783289689805887e-02,-1.059455923064560844e-02,-1.592798788375113517e-01,-1.786854767541447842e-01,-0.000000000000000000e+00,-0.000000000000000000e+00,-0.000000000000000000e+00,-0.000000000000000000e+00,-0.000000000000000000e+00,-0.000000000000000000e+00,-0.000000000000000000e+00,-1.779170546160735722e-01,-0.000000000000000000e+00,-0.000000000000000000e+00,-0.000000000000000000e+00,-0.000000000000000000e+00
-0.000000000000000000e+00,-0.000000000000000000e+00,-0.000000000000000000e+00,-0.000000000000000000e+00,-0.000000000000000000e+00,7.006855004820096433e-02,-1.678026939857223121e-01,0.000000000000000000e+00,-0.000000000000000000e+00,-0.000000000000000000e+00,0.000000000000000000e+00,-4.134397198887208580e-01,2.425055757106627519e-01,-0.000000000000000000e+00,1.897603291138961090e+00,-0.000000000000000000e+00,3.674761967436627752e-01,-0.000000000000000000e+00,-0.000000000000000000e+00,-1.026968328786790896e-01,-0.000000000000000000e+00,-0.000000000000000000e+00,0.000000000000000000e+00,-0.000000000000000000e+00,-0.000000000000000000e+00,-0.000000000000000000e+00,-0.000000000000000000e+00,-0.000000000000000000e+00,6.192373933181434531e-02,-0.000000000000000000e+00,1.119559163342821392e-02,1.172742802533760509e-01,8.573016971153230026e-02,-2.905825526337504905e-01,0.000000000000000000e+00,0.000000000000000000e+00,0.000000000000000000e+00,-3.704264676869723633e-02,-7.271125279637735694e-02
-2.029827046711107363e-01,-1.535608778680937030e-02,-0.000000000000000000e+00,-0.000000000000000000e+00,-2.281956384948875469e-02,0.000000000000000000e+00,-0.000000000000000000e+00,0.000000000000000000e+00,-1.537306890582408325e-01,-6.045770652326716288e-01,0.000000000000000000e+00,-6.866593655068624347e-02,2.691973159129336379e-02,-0.000000000000000000e+00,-0.000000000000000000e+00,2.395872956565161083e+00,0.000000000000000000e+00,-9.885151001481769228e-02,-0.000000000000000000e+00,-0.000000000000000000e+00,-0.000000000000000000e+00,-0.000000000000000000e+00,-0.000000000000000000e+00,0.000000000000000000e+00,-0.000000000000000000e+00,-1.839458929275150922e-01,-0.000000000000000000e+00,-1.097433432203718112e-01,0.000000000000000000e+00,-5.639421139248602666e-01,0.000000000000000000e+00,-0.000000000000000000e+00,0.000000000000000000e+00,-0.000000000000000000e+00,0.000000000000000000e+00,-0.000000000000000000e+00,0.000000000000000000e+00,-1.631922549399491829e-01,-1.545757214889718900e-01
0.000000000000000000e+00,0.000000000000000000e+00,0.000000000000000000e+00,3.460754915450101922e-03,-0.000000000000000000e+00,-7.047389391145726378e-01,1.288552142856089211e-01,-0.000000000000000000e+00,0.000000000000000000e+00,0.000000000000000000e+00,0.000000000000000000e+00,5.861878762371025564e-02,-0.000000000000000000e+00,0.000000000000000000e+00,3.674761967436627752e-01,0.000000000000000000e+00,1.839899830304678519e+00,0.000000000000000000e+00,1.924330156769692504e-02,1.348127625503077187e-01,0.000000000000000000e+00,0.000000000000000000e+00,-8.776469702556786989e-02,0.000000000000000000e+00,0.000000000000000000e+00,0.000000000000000000e+00,0.000000000000000000e+00,0.000000000000000000e+00,-1.324644009841094705e-01,0.000000000000000000e+00,-0.000000000000000000e+00,-1.781981922424318854e-01,-0.000000000000000000e+00,0.000000000000000000e+00,-0.000000000000000000e+00,-0.000000000000000000e+00,-0.000000000000000000e+00,0.000000000000000000e+00,0.000000000000000000e+00
-0.000000000000000000e+00,-0.000000000000000000e+00,-1.366926709131637552e-01,-3.008015423559581847e-01,-0.000000000000000000e+00,1.019672851726452778e-01,-2.098071549241900535e-01,0.000000000000000000e+00,-3.720932414531442634e-01,-1.423197500659547643e-01,0.000000000000000000e+00,-1.749953868239389476e-01,0.000000000000000000e+00,-0.000000000000000000e+00,-0.000000000000000000e+00,-9.885151001481769228e-02,0.000000000000000000e+00,2.680285157746034486e+00,-3.818400352052763735e-01,-4.527800389971461947e-02,-0.000000000000000000e+00,-1.049022517407230404e-01,-0.000000000000000000e+00,-0.000000000000000000e+00,-0.000000000000000000e+00,-1.159327835628044950e-01,-0.000000000000000000e+00,-0.000000000000000000e+00,0.000000000000000000e+00,-0.000000000000000000e+00,0.000000000000000000e+00,0.000000000000000000e+00,0.000000000000000000e+00,-0.000000000000000000e+00,-0.000000000000000000e+00,-0.000000000000000000e+00,0.000000000000000000e+00,-3.887852502797368159e-01,-2.124565328409012965e-01
-0.000000000000000000e+00,-0.000000000000000000e+00,-8.214009939142064010e-02,-4.280426445356146914e-01,-0.000000000000000000e+00,3.548741187832383376e-02,-4.079787751209306146e-01,0.000000000000000000e+00,-1.019838636441197793e-01,-3.352005677108251258e-01,0.000000000000000000e+00,-0.000000000000000000e+00,0.000000000000000000e+00,-0.000000000000000000e+00,-0.000000000000000000e+00,-0.000000000000000000e+00,1.924330156769692504e-02,-3.818400352052763735e-01,2.575834718801939260e+00,-5.637903007539139116e-02,-0.000000000000000000e+00,-2.053825120684882877e-01,-0.000000000000000000e+00,-0.000000000000000000e+00,-0.000000000000000000e+00,-0.000000000000000000e+00,-0.000000000000000000e+00,-1.825070254168937867e-01,0.000000000000000000e+00,-0.000000000000000000e+00,0.000000000000000000e+00,0.000000000000000000e+00,0.000000000000000000e+00,-0.000000000000000000e+00,-0.000000000000000000e+00,-0.000000000000000000e+00,0.000000000000000000e+00,-2.783779614813580161e-01,-1.326037932512285078e-01
-0.000000000000000000e+00,-0.000000000000000000e+00,-1.102902420979960246e-01,-2.581856482269095920e-01,-0.000000000000000000e+00,0.000000000000000000e+00,-4.315445774229065279e-01,0.000000000000000000e+00,-0.000000000000000000e+00,-0.000000000000000000e+00,-0.000000000000000000e+00,-2.867988105504548635e-01,0.000000000000000000e+00,-0.000000000000000000e+00,-1.026968328786790896e-01,-0.000000000000000000e+00,1.348127625503077187e-01,-4.527800389971461947e-02,-5.637903007539139116e-02,2.106249135878152767e+00,-5.242764659437018637e-02,-3.445681395068794783e-01,-0.000000000000000000e+00,-2.034155092964260586e-02,-1.719650473690944453e-02,-0.000000000000000000e+00,-0.000000000000000000e+00,-1.580210676827794591e-01,0.000000000000000000e+00,-0.000000000000000000e+00,0.000000000000000000e+00,0.000000000000000000e+00,-0.000000000000000000e+00,-1.409669806386884550e-01,-0.000000000000000000e+00,-0.000000000000000000e+00,-0.000000000000000000e+00,-0.000000000000000000e+00,-0.000000000000000000e+00
-0.000000000000000000e+00,-0.000000000000000000e+00,-4.201526888043733976e-01,-6.085941025813522420e-02,-0.000000000000000000e+00,0.000000000000000000e+00,-0.000000000000000000e+00,1.159959004535432853e-01,-0.000000000000000000e+00,-0.000000000000000000e+00,-0.000000000000000000e+00,-0.000000000000000000e+00,0.000000000000000000e+00,-0.000000000000000000e+00,-0.000000000000000000e+00,-0.000000000000000000e+00,0.000000000000000000e+00,-0.000000000000000000e+00,-0.000000000000000000e+00,-5.242764659437018637e-02,1.975367047879283744e+00,-7.730554145661934218e-01,-0.000000000000000000e+00,-0.000000000000000000e+00,-0.000000000000000000e+00,-0.000000000000000000e+00,-0.000000000000000000e+00,-0.000000000000000000e+00,0.000000000000000000e+00,-0.000000000000000000e+00,0.000000000000000000e+00,0.000000000000000000e+00,-4.508775698657463415e-01,-0.000000000000000000e+00,-0.000000000000000000e+00,-0.000000000000000000e+00,0.000000000000000000e+00,-0.000000000000000000e+00,-0.000000000000000000e+00
-0.000000000000000000e+00,-0.000000000000000000e+00,-4.743948339506652290e-01,-2.009291229954985603e-01,-0.000000000000000000e+00,0.000000000000000000e+00,-3.357283727057183143e-01,8.680014306821710879e-02,-0.000000000000000000e+00,-0.000000000000000000e+00,-0.000000000000000000e+00,-0.000000000000000000e+00,0.000000000000000000e+00,-0.000000000000000000e+00,-0.000000000000000000e+00,-0.000000000000000000e+00,0.000000000000000000e+00,-1.049022517407230404e-01,-2.053825120684882877e-01,-3.445681395068794783e-01,-7.730554145661934218e-01,2.493731025486370267e+00,-0.000000000000000000e+00,-0.000000000000000000e+00,-0.000000000000000000e+00,-0.000000000000000000e+00,-0.000000000000000000e+00,-4.746008969406560057e-02,0.000000000000000000e+00,-0.000000000000000000e+00,0.000000000000000000e+00,0.000000000000000000e+00,-0.000000000000000000e+00,-0.000000000000000000e+00,-0.000000000000000000e+00,-0.000000000000000000e+00,0.000000000000000000e+00,-0.000000000000000000e+00,-0.000000000000000000e+00
-0.000000000000000000e+00,-0.000000000000000000e+00,-0.000000000000000000e+00,-0.000000000000000000e+00,-9.756680907246659956e-03,-0.000000000000000000e+00,-0.000000000000000000e+00,0.000000000000000000e+00,-0.000000000000000000e+00,-0.000000000000000000e+00,0.000000000000000000e+00,0.000000000000000000e+00,-0.000000000000000000e+00,-1.240618459959074577e-01,0.000000000000000000e+00,-0.000000000000000000e+00,-8.776469702556786989e-02,-0.000000000000000000e+00,-0.000000000000000000e+00,-0.000000000000000000e+00,-0.000000000000000000e+00,-0.000000000000000000e+00,1.123075874486840986e+00,-0.000000000000000000e+00,-1.136340159356228063e-01,-0.000000000000000000e+00,-0.000000000000000000e+00,-5.409322690517696236e-02,-0.000000000000000000e+00,-0.000000000000000000e+00,-0.000000000000000000e+00,-0.000000000000000000e+00,-4.574191016889653932e-02,0.000000000000000000e+00,-4.903712904602020722e-02,-1.317178084074104583e-01,-1.497898721245032316e-01,-0.000000000000000000e+00,-0.000000000000000000e+00
0.000000000000000000e+00,-0.000000000000000000e+00,-0.000000000000000000e+00,-0.000000000000000000e+00,-0.000000000000000000e+00,-0.000000000000000000e+00,-0.000000000000000000e+00,0.000000000000000000e+00,-0.000000000000000000e+00,-0.000000000000000000e+00,-0.000000000000000000e+00,-0.000000000000000000e+00,-0.000000000000000000e+00,-8.923783289689805887e-02,-0.000000000000000000e+00,0.000000000000000000e+00,0.000000000000000000e+00,-0.000000000000000000e+00,-0.000000000000000000e+00,-2.034155092964260586e-02,-0.000000000000000000e+00,-0.000000000000000000e+00,-0.000000000000000000e+00,1.405632549849799018e+00,-2.733765291479212101e-01,-0.000000000000000000e+00,-0.000000000000000000e+00,-0.000000000000000000e+00,-0.000000000000000000e+00,0.000000000000000000e+00,-0.000000000000000000e+00,0.000000000000000000e+00,-0.000000000000000000e+00,-0.000000000000000000e+00,-4.058493674573847576e-01,-0.000000000000000000e+00,-2.987813446957801600e-01,-0.000000000000000000e+00,0.000000000000000000e+00
-0.000000000000000000e+00,-0.000000000000000000e+00,-8.375975801517351882e-02,-0.000000000000000000e+00,-0.000000000000000000e+00,-0.000000000000000000e+00,-0.000000000000000000e+00,0.000000000000000000e+00,-0.000000000000000000e+00,-0.000000000000000000e+00,-0.000000000000000000e+00,-0.000000000000000000e+00,-0.000000000000000000e+00,-1.059455923064560844e-02,-0.000000000000000000e+00,-0.000000000000000000e+00,0.000000000000000000e+00,-0.000000000000000000e+00,-0.000000000000000000e+00,-1.719650473690944453e-02,-0.000000000000000000e+00,-0.000000000000000000e+00,-1.136340159356228063e-01,-2.733765291479212101e-01,1.150416537110091619e+00,-0.000000000000000000e+00,-0.000000000000000000e+00,-6.595239984737935601e-02,-0.000000000000000000e+00,0.000000000000000000e+00,-0.000000000000000000e+00,-0.000000000000000000e+00,-1.173123500574992373e-01,-0.000000000000000000e+00,-2.440529060594279903e-02,-0.000000000000000000e+00,-0.000000000000000000e+00,-0.000000000000000000e+00,0.000000000000000000e+00
-4.299101858031961210e-01,-2.027124857898694177e-01,-0.000000000000000000e+00,-0.000000000000000000e+00,-9.717409331373852432e-02,0.000000000000000000e+00,-0.000000000000000000e+00,0.000000000000000000e+00,-1.275950281103607198e-01,-1.352085223345212209e-02,0.000000000000000000e+00,-0.000000000000000000e+00,6.838428066996573781e-03,-1.592798788375113517e-01,-0.000000000000000000e+00,-1.839458929275150922e-01,0.000000000000000000e+00,-1.159327835628044950e-01,-0.000000000000000000e+00,-0.000000000000000000e+00,-0.000000000000000000e+00,-0.000000000000000000e+00,-0.000000000000000000e+00,-0.000000000000000000e+00,-0.000000000000000000e+00,2.368400595723230140e+00,-6.094634479339120503e-01,-2.871924499182488821e-01,-0.000000000000000000e+00,-1.536485735656585305e-01,-0.000000000000000000e+00,-0.000000000000000000e+00,0.000000000000000000e+00,-0.000000000000000000e+00,-0.000000000000000000e+00,-0.000000000000000000e+00,-0.000000000000000000e+00,-1.385774965969124306e-01,-1.071759958843756383e-01
-0.000000000000000000e+00,-2.455780757773286804e-01,-0.000000000000000000e+00,-0.000000000000000000e+00,-1.718468877784277149e-01,0.000000000000000000e+00,-0.000000000000000000e+00,0.000000000000000000e+00,-5.262532846955185473e-02,-0.000000000000000000e+00,0.000000000000000000e+00,-4.573864509647447563e-02,0.000000000000000000e+00,-1.786854767541447842e-01,-0.000000000000000000e+00,-0.000000000000000000e+00,0.000000000000000000e+00,-0.000000000000000000e+00,-0.000000000000000000e+00,-0.000000000000000000e+00,-0.000000000000000000e+00,-0.000000000000000000e+00,-0.000000000000000000e+00,-0.000000000000000000e+00,-0.000000000000000000e+00,-6.094634479339120503e-01,1.669294494959931097e+00,-1.119606867444456096e-02,-0.000000000000000000e+00,-0.000000000000000000e+00,-0.000000000000000000e+00,-0.000000000000000000e+00,0.000000000000000000e+00,-0.000000000000000000e+00,-1.619329037952555173e-01,-0.000000000000000000e+00,-0.000000000000000000e+00,-0.000000000000000000e+00,-0.000000000000000000e+00
-0.000000000000000000e+00,-0.000000000000000000e+00,-1.878028206188604721e-01,-0.000000000000000000e+00,-2.743138504331960603e-01,0.000000000000000000e+00,-4.743909324621360668e-02,0.000000000000000000e+00,-0.000000000000000000e+00,-0.000000000000000000e+00,0.000000000000000000e+00,-0.000000000000000000e+00,0.000000000000000000e+00,-0.000000000000000000e+00,-0.000000000000000000e+00,-1.097433432203718112e-01,0.000000000000000000e+00,-0.000000000000000000e+00,-1.825070254168937867e-01,-1.580210676827794591e-01,-0.000000000000000000e+00,-4.746008969406560057e-02,-5.409322690517696236e-02,-0.000000000000000000e+00,-6.595239984737935601e-02,-2.871924499182488821e-01,-1.119606867444456096e-02,1.593863218488639211e+00,-8.164044884293107651e-02,-0.000000000000000000e+00,-2.447088817598603444e-02,-0.000000000000000000e+00,-0.000000000000000000e+00,-0.000000000000000000e+00,-3.331365429151133400e-02,-0.000000000000000000e+00,-0.000000000000000000e+00,-0.000000000000000000e+00,-0.000000000000000000e+00
-0.000000000000000000e+00,0.000000000000000000e+00,-0.000000000000000000e+00,0.000000000000000000e+00,-0.000000000000000000e+00,-1.473857126320064492e-01,0.000000000000000000e+00,0.000000000000000000e+00,0.000000000000000000e+00,0.000000000000000000e+00,0.000000000000000000e+00,0.000000000000000000e+00,-0.000000000000000000e+00,-0.000000000000000000e+00,6.192373933181434531e-02,0.000000000000000000e+00,-1.324644009841094705e-01,0.000000000000000000e+00,0.000000000000000000e+00,0.000000000000000000e+00,0.000000000000000000e+00,0.000000000000000000e+00,-0.000000000000000000e+00,-0.000000000000000000e+00,-0.000000000000000000e+00,-0.000000000000000000e+00,-0.000000000000000000e+00,-8.164044884293107651e-02,1.301326410991916926e+00,0.000000000000000000e+00,-4.137009318972346278e-02,-2.859938974134355605e-01,-4.664880770567763485e-02,0.000000000000000000e+00,-8.690933376005074984e-02,-1.880072166011189858e-02,-2.124298415413727048e-01,0.000000000000000000e+00,0.000000000000000000e+00
-5.901022517562812958e-02,-0.000000000000000000e+00,-0.000000000000000000e+00,-0.000000000000000000e+00,-0.000000000000000000e+00,0.000000000000000000e+00,-0.000000000000000000e+00,0.000000000000000000e+00,-3.072015383993185744e-01,-3.707627639947538856e-01,0.000000000000000000e+00,-4.407773363736971345e-02,1.608079506661610758e-01,-0.000000000000000000e+00,-0.000000000000000000e+00,-5.639421139248602666e-01,0.000000000000000000e+00,-0.000000000000000000e+00,-0.000000000000000000e+00,-0.000000000000000000e+00,-0.000000000000000000e+00,-0.000000000000000000e+00,-0.000000000000000000e+00,0.000000000000000000e+00,0.000000000000000000e+00,-1.536485735656585305e-01,-0.000000000000000000e+00,-0.000000000000000000e+00,0.000000000000000000e+00,2.354802057839540552e+00,0.000000000000000000e+00,-0.000000000000000000e+00,0.000000000000000000e+00,-0.000000000000000000e+00,0.000000000000000000e+00,-0.000000000000000000e+00,0.000000000000000000e+00,-2.386867153560186805e-01,-3.560418782771160306e-01
0.000000000000000000e+00,-0.000000000000000000e+00,-0.000000000000000000e+00,0.000000000000000000e+00,-1.028134001814210302e-01,-0.000000000000000000e+00,0.000000000000000000e+00,0.000000000000000000e+00,0.000000000000000000e+00,-0.000000000000000000e+00,0.000000000000000000e+00,0.000000000000000000e+00,-1.020620303039367627e-01,-0.000000000000000000e+00,1.119559163342821392e-02,0.000000000000000000e+00,-0.000000000000000000e+00,0.000000000000000000e+00,0.000000000000000000e+00,0.000000000000000000e+00,0.000000000000000000e+00,0.000000000000000000e+00,-0.000000000000000000e+00,-0.000000000000000000e+00,-0.000000000000000000e+00,-0.000000000000000000e+00,-0.000000000000000000e+00,-2.447088817598603444e-02,-4.137009318972346278e-02,0.000000000000000000e+00,1.272593604795116740e+00,-3.025548810205954120e-01,-5.616449852558297318e-02,0.000000000000000000e+00,-0.000000000000000000e+00,-3.847696178228866837e-02,-3.349748146757927092e-01,0.000000000000000000e+00,0.000000000000000000e+00
-0.000000000000000000e+00,-0.000000000000000000e+00,-0.000000000000000000e+00,0.000000000000000000e+00,-2.516521527202931346e-02,-0.000000000000000000e+00,0.000000000000000000e+00,0.000000000000000000e+00,0.000000000000000000e+00,-0.000000000000000000e+00,0.000000000000000000e+00,0.000000000000000000e+00,-0.000000000000000000e+00,-0.000000000000000000e+00,1.172742802533760509e-01,-0.000000000000000000e+00,-1.781981922424318854e-01,0.000000000000000000e+00,0.000000000000000000e+00,0.000000000000000000e+00,0.000000000000000000e+00,0.000000000000000000e+00,-0.000000000000000000e+00,0.000000000000000000e+00,-0.000000000000000000e+00,-0.000000000000000000e+00,-0.000000000000000000e+00,-0.000000000000000000e+00,-2.859938974134355605e-01,-0.000000000000000000e+00,-3.025548810205954120e-01,1.273451467469197240e+00,-0.000000000000000000e+00,0.000000000000000000e+00,-0.000000000000000000e+00,-0.000000000000000000e+00,-0.000000000000000000e+00,0.000000000000000000e+00,0.000000000000000000e+00
0.000000000000000000e+00,0.000000000000000000e+00,-2.745231827552562821e-03,0.000000000000000000e+00,-0.000000000000000000e+00,-0.000000000000000000e+00,0.000000000000000000e+00,1.310979348586504556e-01,0.000000000000000000e+00,0.000000000000000000e+00,-0.000000000000000000e+00,0.000000000000000000e+00,-3.316737382314557947e-01,-0.000000000000000000e+00,8.573016971153230026e-02,0.000000000000000000e+00,-0.000000000000000000e+00,0.000000000000000000e+00,0.000000000000000000e+00,-0.000000000000000000e+00,-4.508775698657463415e-01,-0.000000000000000000e+00,-4.574191016889653932e-02,-0.000000000000000000e+00,-1.173123500574992373e-01,0.000000000000000000e+00,0.000000000000000000e+00,-0.000000000000000000e+00,-4.664880770567763485e-02,0.000000000000000000e+00,-5.616449852558297318e-02,-0.000000000000000000e+00,1.362635914096951728e+00,0.000000000000000000e+00,-0.000000000000000000e+00,-2.598536833947839159e-02,-1.243741776134326266e-01,0.000000000000000000e+00,0.000000000000000000e+00
0.000000000000000000e+00,-0.000000000000000000e+00,-0.000000000000000000e+00,-0.000000000000000000e+00,-5.959039808693998574e-02,0.000000000000000000e+00,-0.000000000000000000e+00,0.000000000000000000e+00,-6.812105292477700635e-02,-0.000000000000000000e+00,0.000000000000000000e+00,-3.051748343139172315e-01,0.000000000000000000e+00,-0.000000000000000000e+00,-2.905825526337504905e-01,-0.000000000000000000e+00,0.000000000000000000e+00,-0.000000000000000000e+00,-0.000000000000000000e+00,-1.409669806386884550e-01,-0.000000000000000000e+00,-0.000000000000000000e+00,0.000000000000000000e+00,-0.000000000000000000e+00,-0.000000000000000000e+00,-0.000000000000000000e+00,-0.000000000000000000e+00,-0.000000000000000000e+00,0.000000000000000000e+00,-0.000000000000000000e+00,0.000000000000000000e+00,0.000000000000000000e+00,0.000000000000000000e+00,1.346917583642643024e+00,0.000000000000000000e+00,3.635119315363995792e-03,0.000000000000000000e+00,-0.000000000000000000e+00,-0.000000000000000000e+00
-0.000000000000000000e+00,-0.000000000000000000e+00,-0.000000000000000000e+00,0.000000000000000000e+00,-0.000000000000000000e+00,-0.000000000000000000e+00,-0.000000000000000000e+00,0.000000000000000000e+00,0.000000000000000000e+00,0.000000000000000000e+00,0.000000000000000000e+00,-0.000000000000000000e+00,-0.000000000000000000e+00,-1.779170546160735722e-01,0.000000000000000000e+00,0.000000000000000000e+00,-0.000000000000000000e+00,-0.000000000000000000e+00,-0.000000000000000000e+00,-0.000000000000000000e+00,-0.000000000000000000e+00,-0.000000000000000000e+00,-4.903712904602020722e-02,-4.058493674573847576e-01,-2.440529060594279903e-02,-0.000000000000000000e+00,-1.619329037952555173e-01,-3.331365429151133400e-02,-8.690933376005074984e-02,0.000000000000000000e+00,-0.000000000000000000e+00,-0.000000000000000000e+00,-0.000000000000000000e+00,0.000000000000000000e+00,1.657646473377400786e+00,-0.000000000000000000e+00,-6.519815981998218213e-01,0.000000000000000000e+00,0.000000000000000000e+00
-1.873639523093075798e-01,-0.000000000000000000e+00,-0.000000000000000000e+00,-0.000000000000000000e+00,-0.000000000000000000e+00,0.000000000000000000e+00,-0.000000000000000000e+00,0.000000000000000000e+00,-0.000000000000000000e+00,-0.000000000000000000e+00,0.000000000000000000e+00,0.000000000000000000e+00,-0.000000000000000000e+00,-0.000000000000000000e+00,0.000000000000000000e+00,-0.000000000000000000e+00,-0.000000000000000000e+00,-0.000000000000000000e+00,-0.000000000000000000e+00,-0.000000000000000000e+00,-0.000000000000000000e+00,-0.000000000000000000e+00,-1.317178084074104583e-01,-0.000000000000000000e+00,-0.000000000000000000e+00,-0.000000000000000000e+00,-0.000000000000000000e+00,-0.000000000000000000e+00,-1.880072166011189858e-02,-0.000000000000000000e+00,-3.847696178228866837e-02,-0.000000000000000000e+00,-2.598536833947839159e-02,3.635119315363995792e-03,-0.000000000000000000e+00,1.057978924482367633e+00,-0.000000000000000000e+00,-0.000000000000000000e+00,-0.000000000000000000e+00
0.000000000000000000e+00,-0.000000000000000000e+00,-0.000000000000000000e+00,0.000000000000000000e+00,-0.000000000000000000e+00,-2.798931337259583096e-01,0.000000000000000000e+00,0.000000000000000000e+00,0.000000000000000000e+00,0.000000000000000000e+00,0.000000000000000000e+00,0.000000000000000000e+00,-1.583210687051258281e-01,-0.000000000000000000e+00,0.000000000000000000e+00,0.000000000000000000e+00,-0.000000000000000000e+00,0.000000000000000000e+00,0.000000000000000000e+00,-0.000000000000000000e+00,0.000000000000000000e+00,0.000000000000000000e+00,-1.497898721245032316e-01,-2.987813446957801600e-01,-0.000000000000000000e+00,-0.000000000000000000e+00,-0.000000000000000000e+00,-0.000000000000000000e+00,-2.124298415413727048e-01,0.000000000000000000e+00,-3.349748146757927092e-01,-0.000000000000000000e+00,-1.243741776134326266e-01,0.000000000000000000e+00,-6.519815981998218213e-01,-0.000000000000000000e+00,1.854077741915263644e+00,0.000000000000000000e+00,0.000000000000000000e+00
-1.112247611380337703e-01,-0.000000000000000000e+00,-0.000000000000000000e+00,-0.000000000000000000e+00,-0.000000000000000000e+00,5.416819414389317799e-02,-1.411334231691559193e-01,0.000000000000000000e+00,-3.776507650739433508e-01,-8.218830985198487260e-02,0.000000000000000000e+00,-1.796393141608902122e-01,2.615937905776848371e-01,-0.000000000000000000e+00,-3.704264676869723633e-02,-1.631922549399491829e-01,0.000000000000000000e+00,-3.887852502797368159e-01,-2.783779614813580161e-01,-0.000000000000000000e+00,-0.000000000000000000e+00,-0.000000000000000000e+00,-0.000000000000000000e+00,-0.000000000000000000e+00,-0.000000000000000000e+00,-1.385774965969124306e-01,-0.000000000000000000e+00,-0.000000000000000000e+00,0.000000000000000000e+00,-2.386867153560186805e-01,0.000000000000000000e+00,0.000000000000000000e+00,0.000000000000000000e+00,-0.000000000000000000e+00,0.000000000000000000e+00,-0.000000000000000000e+00,0.000000000000000000e+00,2.773826655221779180e+00,-4.840523128416339138e-01
-3.822109314155119203e-02,-0.000000000000000000e+00,-0.000000000000000000e+00,-0.000000000000000000e+00,-0.000000000000000000e+00,2.110640402534065541e-02,-0.000000000000000000e+00,0.000000000000000000e+00,-4.426155483405448399e-01,-1.606604611784659686e-01,0.000000000000000000e+00,-2.260633875995586850e-01,3.124076876108783929e-01,-0.000000000000000000e+00,-7.271125279637735694e-02,-1.545757214889718900e-01,0.000000000000000000e+00,-2.124565328409012965e-01,-1.326037932512285078e-01,-0.000000000000000000e+00,-0.000000000000000000e+00,-0.000000000000000000e+00,-0.000000000000000000e+00,0.000000000000000000e+00,0.000000000000000000e+00,-1.071759958843756383e-01,-0.000000000000000000e+00,-0.000000000000000000e+00,0.000000000000000000e+00,-3.560418782771160306e-01,0.000000000000000000e+00,0.000000000000000000e+00,0.000000000000000000e+00,-0.000000000000000000e+00,0.000000000000000000e+00,-0.000000000000000000e+00,0.000000000000000000e+00,-4.840523128416339138e-01,2.641251167101313690e+00
