2.144771967121100964e+00,-0.000000000000000000e+00,-0.000000000000000000e+00,7.383654854808406609e-02,-0.000000000000000000e+00,-0.000000000000000000e+00,0.000000000000000000e+00,0.000000000000000000e+00,-1.537180045136296025e-01,-0.000000000000000000e+00,-0.000000000000000000e+00,0.000000000000000000e+00,0.000000000000000000e+00,-0.000000000000000000e+00,-3.482186726261469745e-01,-0.000000000000000000e+00,-6.571653066393760845e-02,-1.903136247680803361e-01,-0.000000000000000000e+00,0.000000000000000000e+00,-0.000000000000000000e+00,0.000000000000000000e+00,-0.000000000000000000e+00,-0.000000000000000000e+00,-9.517423105941873185e-02,-2.249121508229927902e-01,0.000000000000000000e+00,-4.927574954834972043e-02,-1.945001256396479139e-01,-2.831018698754234064e-01,0.000000000000000000e+00,-0.000000000000000000e+00,-0.000000000000000000e+00,-6.389035536575496388e-02,-0.000000000000000000e+00,-0.000000000000000000e+00,-0.000000000000000000e+00,-4.311748936208173455e-01,-0.000000000000000000e+00
-0.000000000000000000e+00,2.361108400007768893e+00,-1.482304229398469786e-01,0.000000000000000000e+00,-3.178417432614688565e-02,-0.000000000000000000e+00,-0.000000000000000000e+00,6.299904763416404319e-02,-3.651880661152702712e-01,-1.265020442271069974e-02,-0.000000000000000000e+00,-0.000000000000000000e+00,0.000000000000000000e+00,-1.754818464247779597e-01,-0.000000000000000000e+00,-2.341616618789319273e-02,-0.000000000000000000e+00,-0.000000000000000000e+00,-0.000000000000000000e+00,0.000000000000000000e+00,-0.000000000000000000e+00,-0.000000000000000000e+00,-2.844582317921529047e-01,-7.316878732326152768e-02,-4.092493394257840644e-01,-0.000000000000000000e+00,-0.000000000000000000e+00,-0.000000000000000000e+00,-0.000000000000000000e+00,-0.000000000000000000e+00,-0.000000000000000000e+00,-2.099092313384424702e-01,-0.000000000000000000e+00,-1.081918528564042165e-01,-0.000000000000000000e+00,-9.408640198137942223e-02,-0.000000000000000000e+00,-1.204728726142309664e-01,-2.625848762647565726e-01
-0.000000000000000000e+00,-1.482304229398469786e-01,2.389376568554732572e+00,-0.000000000000000000e+00,-3.554958461188327812e-01,-0.000000000000000000e+00,-0.000000000000000000e+00,8.222198338137733931e-01,-1.166586438827920541e-02,-0.000000000000000000e+00,-0.000000000000000000e+00,-0.000000000000000000e+00,1.805908158065699098e-01,-1.632604842605954731e-01,-0.000000000000000000e+00,-0.000000000000000000e+00,-0.000000000000000000e+00,-0.000000000000000000e+00,-0.000000000000000000e+00,0.000000000000000000e+00,-0.000000000000000000e+00,-0.000000000000000000e+00,-5.872721731516334503e-02,-1.820776624608105576e-01,-0.000000000000000000e+00,-2.398966465588258934e-01,-0.000000000000000000e+00,-0.000000000000000000e+00,-0.000000000000000000e+00,-0.000000000000000000e+00,-2.769695376923660413e-01,-0.000000000000000000e+00,-0.000000000000000000e+00,-0.000000000000000000e+00,-0.000000000000000000e+00,-2.141249485660932234e-02,-0.000000000000000000e+00,-0.000000000000000000e+00,-0.000000000000000000e+00
7.383654854808406609e-02,0.000000000000000000e+00,-0.000000000000000000e+00,1.119931767071477235e+00,-0.000000000000000000e+00,0.000000000000000000e+00,-1.565871749414992631e-01,0.000000000000000000e+00,0.000000000000000000e+00,0.000000000000000000e+00,0.000000000000000000e+00,-0.000000000000000000e+00,-0.000000000000000000e+00,0.000000000000000000e+00,6.898649837865711287e-02,0.000000000000000000e+00,0.000000000000000000e+00,-0.000000000000000000e+00,-3.333161315522565477e-02,-0.000000000000000000e+00,0.000000000000000000e+00,-2.485058669201783421e-01,0.000000000000000000e+00,0.000000000000000000e+00,0.000000000000000000e+00,0.000000000000000000e+00,-0.000000000000000000e+00,0.000000000000000000e+00,0.000000000000000000e+00,0.000000000000000000e+00,-0.000000000000000000e+00,-0.000000000000000000e+00,-0.000000000000000000e+00,0.000000000000000000e+00,-0.000000000000000000e+00,0.000000000000000000e+00,-0.000000000000000000e+00,1.488189688642328479e-01,0.000000000000000000e+00
-0.000000000000000000e+00,-3.178417432614688565e-02,-3.554958461188327812e-01,-0.000000000000000000e+00,2.247113561458130793e+00,0.000000000000000000e+00,-0.000000000000000000e+00,2.718770005507487597e-01,-2.112118591008645963e-01,-0.000000000000000000e+00,-0.000000000000000000e+00,-0.000000000000000000e+00,0.000000000000000000e+00,-0.000000000000000000e+00,-0.000000000000000000e+00,-0.000000000000000000e+00,-0.000000000000000000e+00,-0.000000000000000000e+00,-3.015409451857191669e-01,0.000000000000000000e+00,0.000000000000000000e+00,-0.000000000000000000e+00,-2.255607423926074828e-01,-0.000000000000000000e+00,-1.324159776654502442e-02,-0.000000000000000000e+00,-0.000000000000000000e+00,-0.000000000000000000e+00,-0.000000000000000000e+00,-0.000000000000000000e+00,-0.000000000000000000e+00,-0.000000000000000000e+00,-0.000000000000000000e+00,-6.103097802240516900e-01,-0.000000000000000000e+00,-2.075502038149137085e-01,-0.000000000000000000e+00,-0.000000000000000000e+00,-0.000000000000000000e+00
-0.000000000000000000e+00,-0.000000000000000000e+00,-0.000000000000000000e+00,0.000000000000000000e+00,0.000000000000000000e+00,1.715891227431405541e+00,-6.055966941222806765e-02,0.000000000000000000e+00,-0.000000000000000000e+00,-0.000000000000000000e+00,0.000000000000000000e+00,0.000000000000000000e+00,-0.000000000000000000e+00,-0.000000000000000000e+00,-0.000000000000000000e+00,-0.000000000000000000e+00,-0.000000000000000000e+00,-0.000000000000000000e+00,-0.000000000000000000e+00,-6.588582893827794711e-03,-2.487617936754806247e-01,-0.000000000000000000e+00,0.000000000000000000e+00,-0.000000000000000000e+00,-0.000000000000000000e+00,-0.000000000000000000e+00,0.000000000000000000e+00,-0.000000000000000000e+00,-3.590369807204654151e-01,-0.000000000000000000e+00,-0.000000000000000000e+00,-0.000000000000000000e+00,-1.143354437097991311e-01,0.000000000000000000e+00,-3.789707866542011416e-01,0.000000000000000000e+00,-2.652509022428164442e-01,-0.000000000000000000e+00,-0.000000000000000000e+00
0.000000000000000000e+00,-0.000000000000000000e+00,-0.000000000000000000e+00,-1.565871749414992631e-01,-0.000000000000000000e+00,-6.055966941222806765e-02,1.344338147446640042e+00,0.000000000000000000e+00,0.000000000000000000e+00,0.000000000000000000e+00,-0.000000000000000000e+00,0.000000000000000000e+00,0.000000000000000000e+00,-0.000000000000000000e+00,0.000000000000000000e+00,0.000000000000000000e+00,0.000000000000000000e+00,-0.000000000000000000e+00,-9.720363032712772472e-04,-1.480730961626640918e-01,-0.000000000000000000e+00,-3.366404116332323837e-01,0.000000000000000000e+00,-0.000000000000000000e+00,-0.000000000000000000e+00,-0.000000000000000000e+00,-0.000000000000000000e+00,-0.000000000000000000e+00,-0.000000000000000000e+00,-0.000000000000000000e+00,-2.221518834930467576e-02,-0.000000000000000000e+00,-1.150944519895845397e-02,0.000000000000000000e+00,-3.440742535019596926e-01,0.000000000000000000e+00,-0.000000000000000000e+00,0.000000000000000000e+00,0.000000000000000000e+00
0.000000000000000000e+00,6.299904763416404319e-02,8.222198338137733931e-01,0.000000000000000000e+00,2.718770005507487597e-01,0.000000000000000000e+00,0.000000000000000000e+00,2.434055932162213498e+00,9.357529587216935341e-02,0.000000000000000000e+00,0.000000000000000000e+00,0.000000000000000000e+00,-0.000000000000000000e+00,2.399426444992794616e-01,0.000000000000000000e+00,0.000000000000000000e+00,0.000000000000000000e+00,0.000000000000000000e+00,1.261432291839243436e-01,0.000000000000000000e+00,0.000000000000000000e+00,0.000000000000000000e+00,0.000000000000000000e+00,1.682720587358546294e-01,1.480485969738196128e-02,1.534820658363321988e-01,7.185075739360426150e-02,0.000000000000000000e+00,0.000000000000000000e+00,0.000000000000000000e+00,6.691903526257618473e-02,3.314943443586509386e-01,0.000000000000000000e+00,4.261302328333758244e-02,0.000000000000000000e+00,0.000000000000000000e+00,0.000000000000000000e+00,0.000000000000000000e+00,0.000000000000000000e+00
-1.537180045136296025e-01,-3.651880661152702712e-01,-1.166586438827920541e-02,0.000000000000000000e+00,-2.112118591008645963e-01,-0.000000000000000000e+00,0.000000000000000000e+00,9.357529587216935341e-02,2.568642199154853145e+00,-1.477718842956322193e-02,-0.000000000000000000e+00,-0.000000000000000000e+00,0.000000000000000000e+00,-4.879443792221444670e-02,-0.000000000000000000e+00,-1.996218536080542061e-01,-0.000000000000000000e+00,-0.000000000000000000e+00,-0.000000000000000000e+00,0.000000000000000000e+00,-0.000000000000000000e+00,-0.000000000000000000e+00,-2.696358145306020360e-01,-3.875087469483294838e-03,-2.687119623427929316e-01,-1.717274341131034276e-01,-0.000000000000000000e+00,-0.000000000000000000e+00,-0.000000000000000000e+00,-3.421230135390494753e-03,-0.000000000000000000e+00,-0.000000000000000000e+00,-0.000000000000000000e+00,-2.421135450237682785e-01,-0.000000000000000000e+00,-1.159888620457103087e-01,-0.000000000000000000e+00,-3.242402822376788118e-01,-2.248380332492758427e-01
-0.000000000000000000e+00,-1.265020442271069974e-02,-0.000000000000000000e+00,0.000000000000000000e+00,-0.000000000000000000e+00,-0.000000000000000000e+00,0.000000000000000000e+00,0.000000000000000000e+00,-1.477718842956322193e-02,2.095463787501475217e+00,0.000000000000000000e+00,-0.000000000000000000e+00,-0.000000000000000000e+00,-1.425970702996703920e-01,-0.000000000000000000e+00,-7.991639861233515996e-01,-0.000000000000000000e+00,-0.000000000000000000e+00,-0.000000000000000000e+00,0.000000000000000000e+00,-0.000000000000000000e+00,-0.000000000000000000e+00,-0.000000000000000000e+00,-0.000000000000000000e+00,-1.527494713566937556e-01,-0.000000000000000000e+00,-0.000000000000000000e+00,-0.000000000000000000e+00,-0.000000000000000000e+00,-4.525005030229381497e-02,-0.000000000000000000e+00,-0.000000000000000000e+00,-0.000000000000000000e+00,-0.000000000000000000e+00,-0.000000000000000000e+00,-1.594613968640973545e-01,-0.000000000000000000e+00,-1.478687098275170975e-01,-4.220080379531038206e-01
-0.000000000000000000e+00,-0.000000000000000000e+00,-0.000000000000000000e+00,0.000000000000000000e+00,-0.000000000000000000e+00,0.000000000000000000e+00,-0.000000000000000000e+00,0.000000000000000000e+00,-0.000000000000000000e+00,0.000000000000000000e+00,1.028144121959082113e+00,0.000000000000000000e+00,3.821275922521503998e-02,-0.000000000000000000e+00,0.000000000000000000e+00,0.000000000000000000e+00,-1.482878231062278174e-01,0.000000000000000000e+00,0.000000000000000000e+00,0.000000000000000000e+00,0.000000000000000000e+00,0.000000000000000000e+00,-2.640116043495397205e-02,-0.000000000000000000e+00,-0.000000000000000000e+00,-0.000000000000000000e+00,-0.000000000000000000e+00,0.000000000000000000e+00,0.000000000000000000e+00,0.000000000000000000e+00,-2.357864727889105033e-02,-0.000000000000000000e+00,-0.000000000000000000e+00,-0.000000000000000000e+00,0.000000000000000000e+00,-0.000000000000000000e+00,0.000000000000000000e+00,-0.000000000000000000e+00,-0.000000000000000000e+00
0.000000000000000000e+00,-0.000000000000000000e+00,-0.000000000000000000e+00,-0.000000000000000000e+00,-0.000000000000000000e+00,0.000000000000000000e+00,0.000000000000000000e+00,0.000000000000000000e+00,-0.000000000000000000e+00,-0.000000000000000000e+00,0.000000000000000000e+00,1.407137252467800081e+00,0.000000000000000000e+00,-0.000000000000000000e+00,0.000000000000000000e+00,-0.000000000000000000e+00,0.000000000000000000e+00,0.000000000000000000e+00,-0.000000000000000000e+00,5.627062947897275985e-02,0.000000000000000000e+00,-0.000000000000000000e+00,-7.942325750695722331e-02,-0.000000000000000000e+00,-0.000000000000000000e+00,0.000000000000000000e+00,-5.019005344131661772e-01,7.039079171241111044e-02,3.279387846696548564e-02,0.000000000000000000e+00,-0.000000000000000000e+00,-0.000000000000000000e+00,0.000000000000000000e+00,-6.601102919204715480e-02,0.000000000000000000e+00,-0.000000000000000000e+00,-0.000000000000000000e+00,0.000000000000000000e+00,-3.143792708400371949e-01
0.000000000000000000e+00,0.000000000000000000e+00,1.805908158065699098e-01,-0.000000000000000000e+00,0.000000000000000000e+00,-0.000000000000000000e+00,0.000000000000000000e+00,-0.000000000000000000e+00,0.000000000000000000e+00,-0.000000000000000000e+00,3.821275922521503998e-02,0.000000000000000000e+00,1.254189603057055846e+00,0.000000000000000000e+00,-0.000000000000000000e+00,0.000000000000000000e+00,-0.000000000000000000e+00,-0.000000000000000000e+00,-0.000000000000000000e+00,-0.000000000000000000e+00,-0.000000000000000000e+00,-0.000000000000000000e+00,1.131160866902107265e-01,0.000000000000000000e+00,0.000000000000000000e+00,0.000000000000000000e+00,0.000000000000000000e+00,-1.061274572918794179e-01,-0.000000000000000000e+00,0.000000000000000000e+00,3.897673914759553493e-01,0.000000000000000000e+00,-0.000000000000000000e+00,0.000000000000000000e+00,0.000000000000000000e+00,3.003095421502565907e-02,-0.000000000000000000e+00,0.000000000000000000e+00,0.000000000000000000e+00
-0.000000000000000000e+00,-1.754818464247779597e-01,-1.632604842605954731e-01,0.000000000000000000e+00,-0.000000000000000000e+00,-0.000000000000000000e+00,-0.000000000000000000e+00,2.399426444992794616e-01,-4.879443792221444670e-02,-1.425970702996703920e-01,-0.000000000000000000e+00,-0.000000000000000000e+00,0.000000000000000000e+00,2.323546845467383992e+00,-0.000000000000000000e+00,-1.452444941715618776e-01,-0.000000000000000000e+00,-0.000000000000000000e+00,-0.000000000000000000e+00,-0.000000000000000000e+00,-0.000000000000000000e+00,-0.000000000000000000e+00,-0.000000000000000000e+00,-4.281558244638302146e-01,-2.255493425003730901e-01,-1.110260953303328080e-01,-0.000000000000000000e+00,-0.000000000000000000e+00,-0.000000000000000000e+00,-8.573166407692021929e-02,-0.000000000000000000e+00,-2.738527904475864250e-01,-9.919862823870850832e-02,-0.000000000000000000e+00,-0.000000000000000000e+00,-0.000000000000000000e+00,-2.144913974965189096e-01,-0.000000000000000000e+00,-0.000000000000000000e+00
-3.482186726261469745e-01,-0.000000000000000000e+00,-0.000000000000000000e+00,6.898649837865711287e-02,-0.000000000000000000e+00,-0.000000000000000000e+00,0.000000000000000000e+00,0.000000000000000000e+00,-0.000000000000000000e+00,-0.000000000000000000e+00,0.000000000000000000e+00,0.000000000000000000e+00,-0.000000000000000000e+00,-0.000000000000000000e+00,2.114542110891969973e+00,-1.459409836576071595e-01,-8.418773205956034400e-03,-4.352205403442578335e-01,-0.000000000000000000e+00,-0.000000000000000000e+00,-0.000000000000000000e+00,0.000000000000000000e+00,0.000000000000000000e+00,-0.000000000000000000e+00,-0.000000000000000000e+00,-0.000000000000000000e+00,0.000000000000000000e+00,-5.119278545521981361e-01,-1.441893089415965390e-01,-2.986262755610877284e-01,0.000000000000000000e+00,-0.000000000000000000e+00,-0.000000000000000000e+00,-0.000000000000000000e+00,-0.000000000000000000e+00,-0.000000000000000000e+00,-0.000000000000000000e+00,-9.871380270748335295e-02,-0.000000000000000000e+00
-0.000000000000000000e+00,-2.341616618789319273e-02,-0.000000000000000000e+00,0.000000000000000000e+00,-0.000000000000000000e+00,-0.000000000000000000e+00,0.000000000000000000e+00,0.000000000000000000e+00,-1.996218536080542061e-01,-7.991639861233515996e-01,0.000000000000000000e+00,-0.000000000000000000e+00,0.000000000000000000e+00,-1.452444941715618776e-01,-1.459409836576071595e-01,2.561212900377848989e+00,-0.000000000000000000e+00,-4.432850075536944046e-02,-0.000000000000000000e+00,0.000000000000000000e+00,-0.000000000000000000e+00,-0.000000000000000000e+00,-0.000000000000000000e+00,-0.000000000000000000e+00,-2.812943934592972428e-01,-0.000000000000000000e+00,-0.000000000000000000e+00,-0.000000000000000000e+00,-0.000000000000000000e+00,-5.207809323569909665e-01,-0.000000000000000000e+00,-0.000000000000000000e+00,-0.000000000000000000e+00,-0.000000000000000000e+00,-0.000000000000000000e+00,-0.000000000000000000e+00,-2.626100927949900216e-02,-3.324359121289279240e-01,-6.342781185205484396e-02
-6.571653066393760845e-02,-0.000000000000000000e+00,-0.000000000000000000e+00,0.000000000000000000e+00,-0.000000000000000000e+00,-0.000000000000000000e+00,0.000000000000000000e+00,0.000000000000000000e+00,-0.000000000000000000e+00,-0.000000000000000000e+00,-1.482878231062278174e-01,0.000000000000000000e+00,-0.000000000000000000e+00,-0.000000000000000000e+00,-8.418773205956034400e-03,-0.000000000000000000e+00,1.220996749078262722e+00,-8.090769644371080191e-03,-0.000000000000000000e+00,-0.000000000000000000e+00,-0.000000000000000000e+00,-0.000000000000000000e+00,-0.000000000000000000e+00,-0.000000000000000000e+00,-0.000000000000000000e+00,-0.000000000000000000e+00,0.000000000000000000e+00,-3.441893026026942026e-01,-0.000000000000000000e+00,-0.000000000000000000e+00,0.000000000000000000e+00,-0.000000000000000000e+00,-9.370851919589848200e-02,-0.000000000000000000e+00,0.000000000000000000e+00,-0.000000000000000000e+00,-0.000000000000000000e+00,-8.210498379622251097e-02,-0.000000000000000000e+00
-1.903136247680803361e-01,-0.000000000000000000e+00,-0.000000000000000000e+00,-0.000000000000000000e+00,-0.000000000000000000e+00,-0.000000000000000000e+00,-0.000000000000000000e+00,0.000000000000000000e+00,-0.000000000000000000e+00,-0.000000000000000000e+00,0.000000000000000000e+00,0.000000000000000000e+00,-0.000000000000000000e+00,-0.000000000000000000e+00,-4.352205403442578335e-01,-4.432850075536944046e-02,-8.090769644371080191e-03,2.040443418963501454e+00,-5.510512053264096100e-01,-0.000000000000000000e+00,-1.336852198571640005e-01,-0.000000000000000000e+00,-0.000000000000000000e+00,-0.000000000000000000e+00,-0.000000000000000000e+00,-0.000000000000000000e+00,0.000000000000000000e+00,-3.779481356403984749e-01,-7.383137780731027777e-02,-1.370778685695792642e-01,0.000000000000000000e+00,-0.000000000000000000e+00,-0.000000000000000000e+00,-6.562484639009781573e-02,-0.000000000000000000e+00,-0.000000000000000000e+00,-0.000000000000000000e+00,-0.000000000000000000e+00,-0.000000000000000000e+00
-0.000000000000000000e+00,-0.000000000000000000e+00,-0.000000000000000000e+00,-3.333161315522565477e-02,-3.015409451857191669e-01,-0.000000000000000000e+00,-9.720363032712772472e-04,1.261432291839243436e-01,-0.000000000000000000e+00,-0.000000000000000000e+00,0.000000000000000000e+00,-0.000000000000000000e+00,-0.000000000000000000e+00,-0.000000000000000000e+00,-0.000000000000000000e+00,-0.000000000000000000e+00,-0.000000000000000000e+00,-5.510512053264096100e-01,1.579521498196935880e+00,-0.000000000000000000e+00,-0.000000000000000000e+00,-0.000000000000000000e+00,-0.000000000000000000e+00,-0.000000000000000000e+00,-0.000000000000000000e+00,-0.000000000000000000e+00,-0.000000000000000000e+00,-0.000000000000000000e+00,-0.000000000000000000e+00,-0.000000000000000000e+00,-0.000000000000000000e+00,-0.000000000000000000e+00,-0.000000000000000000e+00,-2.415406554528929661e-01,-0.000000000000000000e+00,-0.000000000000000000e+00,-0.000000000000000000e+00,-0.000000000000000000e+00,0.000000000000000000e+00
0.000000000000000000e+00,0.000000000000000000e+00,0.000000000000000000e+00,-0.000000000000000000e+00,0.000000000000000000e+00,-6.588582893827794711e-03,-1.480730961626640918e-01,0.000000000000000000e+00,0.000000000000000000e+00,0.000000000000000000e+00,0.000000000000000000e+00,5.627062947897275985e-02,-0.000000000000000000e+00,-0.000000000000000000e+00,-0.000000000000000000e+00,0.000000000000000000e+00,-0.000000000000000000e+00,-0.000000000000000000e+00,-0.000000000000000000e+00,1.085403443975849092e+00,-2.381970704957869778e-01,-0.000000000000000000e+00,8.440347269098952276e-02,-0.000000000000000000e+00,0.000000000000000000e+00,-0.000000000000000000e+00,0.000000000000000000e+00,-0.000000000000000000e+00,-0.000000000000000000e+00,-0.000000000000000000e+00,0.000000000000000000e+00,-0.000000000000000000e+00,-0.000000000000000000e+00,0.000000000000000000e+00,-0.000000000000000000e+00,4.780324867619364232e-02,-0.000000000000000000e+00,0.000000000000000000e+00,0.000000000000000000e+00
-0.000000000000000000e+00,-0.000000000000000000e+00,-0.000000000000000000e+00,0.000000000000000000e+00,0.000000000000000000e+00,-2.487617936754806247e-01,-0.000000000000000000e+00,0.000000000000000000e+00,-0.000000000000000000e+00,-0.000000000000000000e+00,0.000000000000000000e+00,0.000000000000000000e+00,-0.000000000000000000e+00,-0.000000000000000000e+00,-0.000000000000000000e+00,-0.000000000000000000e+00,-0.000000000000000000e+00,-1.336852198571640005e-01,-0.000000000000000000e+00,-2.381970704957869778e-01,2.056657054029292997e+00,-0.000000000000000000e+00,0.000000000000000000e+00,-0.000000000000000000e+00,-0.000000000000000000e+00,-5.026718184348490104e-02,0.000000000000000000e+00,-2.237629262844486044e-01,-4.398369451705063660e-01,-0.000000000000000000e+00,0.000000000000000000e+00,-0.000000000000000000e+00,-5.393766102400339157e-01,0.000000000000000000e+00,-2.053093786594798742e-01,0.000000000000000000e+00,-0.000000000000000000e+00,-0.000000000000000000e+00,0.000000000000000000e+00
0.000000000000000000e+00,-0.000000000000000000e+00,-0.000000000000000000e+00,-2.485058669201783421e-01,-0.000000000000000000e+00,-0.000000000000000000e+00,-3.366404116332323837e-01,0.000000000000000000e+00,-0.000000000000000000e+00,-0.000000000000000000e+00,0.000000000000000000e+00,-0.000000000000000000e+00,-0.000000000000000000e+00,-0.000000000000000000e+00,0.000000000000000000e+00,-0.000000000000000000e+00,-0.000000000000000000e+00,-0.000000000000000000e+00,-0.000000000000000000e+00,-0.000000000000000000e+00,-0.000000000000000000e+00,1.448646030633502724e+00,0.000000000000000000e+00,-0.000000000000000000e+00,0.000000000000000000e+00,-0.000000000000000000e+00,-9.519460880654280477e-02,-0.000000000000000000e+00,-0.000000000000000000e+00,-0.000000000000000000e+00,-6.202030223668898376e-03,-5.916572348614382304e-02,-3.610021351435127035e-01,0.000000000000000000e+00,-0.000000000000000000e+00,0.000000000000000000e+00,-1.700099075331385767e-01,0.000000000000000000e+00,-0.000000000000000000e+00
-0.000000000000000000e+00,-2.844582317921529047e-01,-5.872721731516334503e-02,0.000000000000000000e+00,-2.255607423926074828e-01,0.000000000000000000e+00,0.000000000000000000e+00,0.000000000000000000e+00,-2.696358145306020360e-01,-0.000000000000000000e+00,-2.640116043495397205e-02,-7.942325750695722331e-02,1.131160866902107265e-01,-0.000000000000000000e+00,0.000000000000000000e+00,-0.000000000000000000e+00,-0.000000000000000000e+00,-0.000000000000000000e+00,-0.000000000000000000e+00,8.440347269098952276e-02,0.000000000000000000e+00,0.000000000000000000e+00,2.122053787314715834e+00,-0.000000000000000000e+00,-7.643617139950922845e-02,-0.000000000000000000e+00,-1.021566877257041595e-01,0.000000000000000000e+00,0.000000000000000000e+00,-0.000000000000000000e+00,-6.241440730770773243e-02,-2.514734716558249608e-02,-0.000000000000000000e+00,-1.575244119764348735e-02,-0.000000000000000000e+00,-5.299830470742185051e-01,-0.000000000000000000e+00,-0.000000000000000000e+00,-2.826848385127048169e-01
-0.000000000000000000e+00,-7.316878732326152768e-02,-1.820776624608105576e-01,0.000000000000000000e+00,-0.000000000000000000e+00,-0.000000000000000000e+00,-0.000000000000000000e+00,1.682720587358546294e-01,-3.875087469483294838e-03,-0.000000000000000000e+00,-0.000000000000000000e+00,-0.000000000000000000e+00,0.000000000000000000e+00,-4.281558244638302146e-01,-0.000000000000000000e+00,-0.000000000000000000e+00,-0.000000000000000000e+00,-0.000000000000000000e+00,-0.000000000000000000e+00,-0.000000000000000000e+00,-0.000000000000000000e+00,-0.000000000000000000e+00,-0.000000000000000000e+00,2.253483259603867417e+00,-2.687984617435569268e-01,-3.922948195559761153e-01,-0.000000000000000000e+00,-0.000000000000000000e+00,-8.250563166761547274e-02,-9.833022893009102372e-02,-1.523466163631740158e-02,-1.933472148177657057e-01,-0.000000000000000000e+00,-0.000000000000000000e+00,-3.213993075070983862e-01,-0.000000000000000000e+00,-0.000000000000000000e+00,-0.000000000000000000e+00,-0.000000000000000000e+00
-9.517423105941873185e-02,-4.092493394257840644e-01,-0.000000000000000000e+00,0.000000000000000000e+00,-1.324159776654502442e-02,-0.000000000000000000e+00,-0.000000000000000000e+00,1.480485969738196128e-02,-2.687119623427929316e-01,-1.527494713566937556e-01,-0.000000000000000000e+00,-0.000000000000000000e+00,0.000000000000000000e+00,-2.255493425003730901e-01,-0.000000000000000000e+00,-2.812943934592972428e-01,-0.000000000000000000e+00,-0.000000000000000000e+00,-0.000000000000000000e+00,0.000000000000000000e+00,-0.000000000000000000e+00,0.000000000000000000e+00,-7.643617139950922845e-02,-2.687984617435569268e-01,2.443255747889216067e+00,-1.022969565721788543e-01,-0.000000000000000000e+00,-0.000000000000000000e+00,-0.000000000000000000e+00,-1.856221222973495621e-01,-0.000000000000000000e+00,-0.000000000000000000e+00,-0.000000000000000000e+00,-4.241163861237065569e-02,-0.000000000000000000e+00,-2.523440424398410431e-01,-0.000000000000000000e+00,-1.027010010646616095e-01,-0.000000000000000000e+00
-2.249121508229927902e-01,-0.000000000000000000e+00,-2.398966465588258934e-01,0.000000000000000000e+00,-0.000000000000000000e+00,-0.000000000000000000e+00,-0.000000000000000000e+00,1.534820658363321988e-01,-1.717274341131034276e-01,-0.000000000000000000e+00,-0.000000000000000000e+00,0.000000000000000000e+00,0.000000000000000000e+00,-1.110260953303328080e-01,-0.000000000000000000e+00,-0.000000000000000000e+00,-0.000000000000000000e+00,-0.000000000000000000e+00,-0.000000000000000000e+00,-0.000000000000000000e+00,-5.026718184348490104e-02,-0.000000000000000000e+00,-0.000000000000000000e+00,-3.922948195559761153e-01,-1.022969565721788543e-01,2.309058860280457370e+00,-0.000000000000000000e+00,-0.000000000000000000e+00,-3.367521223859756274e-01,-3.060926650621303979e-01,-0.000000000000000000e+00,-0.000000000000000000e+00,-1.178916736960073791e-01,-0.000000000000000000e+00,-1.304216478468901430e-01,-0.000000000000000000e+00,-0.000000000000000000e+00,-0.000000000000000000e+00,-0.000000000000000000e+00
0.000000000000000000e+00,-0.000000000000000000e+00,-0.000000000000000000e+00,-0.000000000000000000e+00,-0.000000000000000000e+00,0.000000000000000000e+00,-0.000000000000000000e+00,7.185075739360426150e-02,-0.000000000000000000e+00,-0.000000000000000000e+00,-0.000000000000000000e+00,-5.019005344131661772e-01,0.000000000000000000e+00,-0.000000000000000000e+00,0.000000000000000000e+00,-0.000000000000000000e+00,0.000000000000000000e+00,0.000000000000000000e+00,-0.000000000000000000e+00,0.000000000000000000e+00,0.000000000000000000e+00,-9.519460880654280477e-02,-1.021566877257041595e-01,-0.000000000000000000e+00,-0.000000000000000000e+00,-0.000000000000000000e+00,1.848795446655064234e+00,1.113467217682074933e-01,0.000000000000000000e+00,0.000000000000000000e+00,-6.376462775883988687e-01,-2.084975970247889832e-01,-0.000000000000000000e+00,-0.000000000000000000e+00,-0.000000000000000000e+00,-0.000000000000000000e+00,-0.000000000000000000e+00,-0.000000000000000000e+00,-1.940188075319463912e-01
-4.927574954834972043e-02,-0.000000000000000000e+00,-0.000000000000000000e+00,0.000000000000000000e+00,-0.000000000000000000e+00,-0.000000000000000000e+00,-0.000000000000000000e+00,0.000000000000000000e+00,-0.000000000000000000e+00,-0.000000000000000000e+00,0.000000000000000000e+00,7.039079171241111044e-02,-1.061274572918794179e-01,-0.000000000000000000e+00,-5.119278545521981361e-01,-0.000000000000000000e+00,-3.441893026026942026e-01,-3.779481356403984749e-01,-0.000000000000000000e+00,-0.000000000000000000e+00,-2.237629262844486044e-01,-0.000000000000000000e+00,0.000000000000000000e+00,-0.000000000000000000e+00,-0.000000000000000000e+00,-0.000000000000000000e+00,1.113467217682074933e-01,1.985144090025634966e+00,-2.977470061710362770e-01,-1.031063318644135675e-02,1.868829668298980021e-02,-0.000000000000000000e+00,-1.825195654956470181e-01,-0.000000000000000000e+00,-0.000000000000000000e+00,0.000000000000000000e+00,-0.000000000000000000e+00,-0.000000000000000000e+00,0.000000000000000000e+00
-1.945001256396479139e-01,-0.000000000000000000e+00,-0.000000000000000000e+00,0.000000000000000000e+00,-0.000000000000000000e+00,-3.590369807204654151e-01,-0.000000000000000000e+00,0.000000000000000000e+00,-0.000000000000000000e+00,-0.000000000000000000e+00,0.000000000000000000e+00,3.279387846696548564e-02,-0.000000000000000000e+00,-0.000000000000000000e+00,-1.441893089415965390e-01,-0.000000000000000000e+00,-0.000000000000000000e+00,-7.383137780731027777e-02,-0.000000000000000000e+00,-0.000000000000000000e+00,-4.398369451705063660e-01,-0.000000000000000000e+00,0.000000000000000000e+00,-8.250563166761547274e-02,-0.000000000000000000e+00,-3.367521223859756274e-01,0.000000000000000000e+00,-2.977470061710362770e-01,2.527902950639692836e+00,-4.449364500695815461e-01,0.000000000000000000e+00,-0.000000000000000000e+00,-2.303875642670229207e-01,-0.000000000000000000e+00,-1.106343234855540203e-01,0.000000000000000000e+00,-0.000000000000000000e+00,-0.000000000000000000e+00,0.000000000000000000e+00
-2.831018698754234064e-01,-0.000000000000000000e+00,-0.000000000000000000e+00,0.000000000000000000e+00,-0.000000000000000000e+00,-0.000000000000000000e+00,-0.000000000000000000e+00,0.000000000000000000e+00,-3.421230135390494753e-03,-4.525005030229381497e-02,0.000000000000000000e+00,0.000000000000000000e+00,0.000000000000000000e+00,-8.573166407692021929e-02,-2.986262755610877284e-01,-5.207809323569909665e-01,-0.000000000000000000e+00,-1.370778685695792642e-01,-0.000000000000000000e+00,-0.000000000000000000e+00,-0.000000000000000000e+00,-0.000000000000000000e+00,-0.000000000000000000e+00,-9.833022893009102372e-02,-1.856221222973495621e-01,-3.060926650621303979e-01,0.000000000000000000e+00,-1.031063318644135675e-02,-4.449364500695815461e-01,2.557219282761524326e+00,0.000000000000000000e+00,-0.000000000000000000e+00,-8.553978658762877857e-03,-0.000000000000000000e+00,-0.000000000000000000e+00,-0.000000000000000000e+00,-0.000000000000000000e+00,-2.179642397979235369e-01,-0.000000000000000000e+00
0.000000000000000000e+00,-0.000000000000000000e+00,-2.769695376923660413e-01,-0.000000000000000000e+00,-0.000000000000000000e+00,-0.000000000000000000e+00,-2.221518834930467576e-02,6.691903526257618473e-02,-0.000000000000000000e+00,-0.000000000000000000e+00,-2.357864727889105033e-02,-0.000000000000000000e+00,3.897673914759553493e-01,-0.000000000000000000e+00,0.000000000000000000e+00,-0.000000000000000000e+00,0.000000000000000000e+00,0.000000000000000000e+00,-0.000000000000000000e+00,0.000000000000000000e+00,0.000000000000000000e+00,-6.202030223668898376e-03,-6.241440730770773243e-02,-1.523466163631740158e-02,-0.000000000000000000e+00,-0.000000000000000000e+00,-6.376462775883988687e-01,1.868829668298980021e-02,0.000000000000000000e+00,0.000000000000000000e+00,1.772702754113849810e+00,-1.710464322797328740e-01,-0.000000000000000000e+00,-0.000000000000000000e+00,-0.000000000000000000e+00,-0.000000000000000000e+00,-0.000000000000000000e+00,-0.000000000000000000e+00,-0.000000000000000000e+00
-0.000000000000000000e+00,-2.099092313384424702e-01,-0.000000000000000000e+00,-0.000000000000000000e+00,-0.000000000000000000e+00,-0.000000000000000000e+00,-0.000000000000000000e+00,3.314943443586509386e-01,-0.000000000000000000e+00,-0.000000000000000000e+00,-0.000000000000000000e+00,-0.000000000000000000e+00,0.000000000000000000e+00,-2.738527904475864250e-01,-0.000000000000000000e+00,-0.000000000000000000e+00,-0.000000000000000000e+00,-0.000000000000000000e+00,-0.000000000000000000e+00,-0.000000000000000000e+00,-0.000000000000000000e+00,-5.916572348614382304e-02,-2.514734716558249608e-02,-1.933472148177657057e-01,-0.000000000000000000e+00,-0.000000000000000000e+00,-2.084975970247889832e-01,-0.000000000000000000e+00,-0.000000000000000000e+00,-0.000000000000000000e+00,-1.710464322797328740e-01,2.279218717042741815e+00,-0.000000000000000000e+00,-0.000000000000000000e+00,-0.000000000000000000e+00,-0.000000000000000000e+00,-6.544372153144201176e-01,-0.000000000000000000e+00,-2.584592912394843567e-01
-0.000000000000000000e+00,-0.000000000000000000e+00,-0.000000000000000000e+00,-0.000000000000000000e+00,-0.000000000000000000e+00,-1.143354437097991311e-01,-1.150944519895845397e-02,0.000000000000000000e+00,-0.000000000000000000e+00,-0.000000000000000000e+00,-0.000000000000000000e+00,0.000000000000000000e+00,-0.000000000000000000e+00,-9.919862823870850832e-02,-0.000000000000000000e+00,-0.000000000000000000e+00,-9.370851919589848200e-02,-0.000000000000000000e+00,-0.000000000000000000e+00,-0.000000000000000000e+00,-5.393766102400339157e-01,-3.610021351435127035e-01,-0.000000000000000000e+00,-0.000000000000000000e+00,-0.000000000000000000e+00,-1.178916736960073791e-01,-0.000000000000000000e+00,-1.825195654956470181e-01,-2.303875642670229207e-01,-8.553978658762877857e-03,-0.000000000000000000e+00,-0.000000000000000000e+00,2.351685057378899213e+00,-0.000000000000000000e+00,-2.907233402229799646e-01,0.000000000000000000e+00,-5.068850692947280967e-01,-0.000000000000000000e+00,-0.000000000000000000e+00
-6.389035536575496388e-02,-1.081918528564042165e-01,-0.000000000000000000e+00,0.000000000000000000e+00,-6.103097802240516900e-01,0.000000000000000000e+00,0.000000000000000000e+00,4.261302328333758244e-02,-2.421135450237682785e-01,-0.000000000000000000e+00,-0.000000000000000000e+00,-6.601102919204715480e-02,0.000000000000000000e+00,-0.000000000000000000e+00,-0.000000000000000000e+00,-0.000000000000000000e+00,-0.000000000000000000e+00,-6.562484639009781573e-02,-2.415406554528929661e-01,0.000000000000000000e+00,0.000000000000000000e+00,0.000000000000000000e+00,-1.575244119764348735e-02,-0.000000000000000000e+00,-4.241163861237065569e-02,-0.000000000000000000e+00,-0.000000000000000000e+00,-0.000000000000000000e+00,-0.000000000000000000e+00,-0.000000000000000000e+00,-0.000000000000000000e+00,-0.000000000000000000e+00,-0.000000000000000000e+00,2.003763353557336480e+00,0.000000000000000000e+00,-3.849700466478896965e-01,-0.000000000000000000e+00,-0.000000000000000000e+00,-0.000000000000000000e+00
-0.000000000000000000e+00,-0.000000000000000000e+00,-0.000000000000000000e+00,-0.000000000000000000e+00,-0.000000000000000000e+00,-3.789707866542011416e-01,-3.440742535019596926e-01,0.000000000000000000e+00,-0.000000000000000000e+00,-0.000000000000000000e+00,0.000000000000000000e+00,0.000000000000000000e+00,0.000000000000000000e+00,-0.000000000000000000e+00,-0.000000000000000000e+00,-0.000000000000000000e+00,0.000000000000000000e+00,-0.000000000000000000e+00,-0.000000000000000000e+00,-0.000000000000000000e+00,-2.053093786594798742e-01,-0.000000000000000000e+00,-0.000000000000000000e+00,-3.213993075070983862e-01,-0.000000000000000000e+00,-1.304216478468901430e-01,-0.000000000000000000e+00,-0.000000000000000000e+00,-1.106343234855540203e-01,-0.000000000000000000e+00,-0.000000000000000000e+00,-0.000000000000000000e+00,-2.907233402229799646e-01,0.000000000000000000e+00,1.980349511806671403e+00,0.000000000000000000e+00,-1.978825179371487830e-01,-0.000000000000000000e+00,-0.000000000000000000e+00
-0.000000000000000000e+00,-9.408640198137942223e-02,-2.141249485660932234e-02,0.000000000000000000e+00,-2.075502038149137085e-01,0.000000000000000000e+00,0.000000000000000000e+00,0.000000000000000000e+00,-1.159888620457103087e-01,-1.594613968640973545e-01,-0.000000000000000000e+00,-0.000000000000000000e+00,3.003095421502565907e-02,-0.000000000000000000e+00,-0.000000000000000000e+00,-0.000000000000000000e+00,-0.000000000000000000e+00,-0.000000000000000000e+00,-0.000000000000000000e+00,4.780324867619364232e-02,0.000000000000000000e+00,0.000000000000000000e+00,-5.299830470742185051e-01,-0.000000000000000000e+00,-2.523440424398410431e-01,-0.000000000000000000e+00,-0.000000000000000000e+00,0.000000000000000000e+00,0.000000000000000000e+00,-0.000000000000000000e+00,-0.000000000000000000e+00,-0.000000000000000000e+00,0.000000000000000000e+00,-3.849700466478896965e-01,0.000000000000000000e+00,2.060252703242990702e+00,-0.000000000000000000e+00,-1.338499516956074276e-01,-1.411165372375299334e-02
-0.000000000000000000e+00,-0.000000000000000000e+00,-0.000000000000000000e+00,-0.000000000000000000e+00,-0.000000000000000000e+00,-2.652509022428164442e-01,-0.000000000000000000e+00,0.000000000000000000e+00,-0.000000000000000000e+00,-0.000000000000000000e+00,0.000000000000000000e+00,-0.000000000000000000e+00,-0.000000000000000000e+00,-2.144913974965189096e-01,-0.000000000000000000e+00,-2.626100927949900216e-02,-0.000000000000000000e+00,-0.000000000000000000e+00,-0.000000000000000000e+00,-0.000000000000000000e+00,-0.000000000000000000e+00,-1.700099075331385767e-01,-0.000000000000000000e+00,-0.000000000000000000e+00,-0.000000000000000000e+00,-0.000000000000000000e+00,-0.000000000000000000e+00,-0.000000000000000000e+00,-0.000000000000000000e+00,-0.000000000000000000e+00,-0.000000000000000000e+00,-6.544372153144201176e-01,-5.068850692947280967e-01,-0.000000000000000000e+00,-1.978825179371487830e-01,-0.000000000000000000e+00,2.097283044152958187e+00,-0.000000000000000000e+00,-0.000000000000000000e+00
-4.311748936208173455e-01,-1.204728726142309664e-01,-0.000000000000000000e+00,1.488189688642328479e-01,-0.000000000000000000e+00,-0.000000000000000000e+00,0.000000000000000000e+00,0.000000000000000000e+00,-3.242402822376788118e-01,-1.478687098275170975e-01,-0.000000000000000000e+00,0.000000000000000000e+00,0.000000000000000000e+00,-0.000000000000000000e+00,-9.871380270748335295e-02,-3.324359121289279240e-01,-8.210498379622251097e-02,-0.000000000000000000e+00,-0.000000000000000000e+00,0.000000000000000000e+00,-0.000000000000000000e+00,0.000000000000000000e+00,-0.000000000000000000e+00,-0.000000000000000000e+00,-1.027010010646616095e-01,-0.000000000000000000e+00,-0.000000000000000000e+00,-0.000000000000000000e+00,-0.000000000000000000e+00,-2.179642397979235369e-01,-0.000000000000000000e+00,-0.000000000000000000e+00,-0.000000000000000000e+00,-0.000000000000000000e+00,-0.000000000000000000e+00,-1.338499516956074276e-01,-0.000000000000000000e+00,2.103412957751679357e+00,-0.000000000000000000e+00
-0.000000000000000000e+00,-2.625848762647565726e-01,-0.000000000000000000e+00,0.000000000000000000e+00,-0.000000000000000000e+00,-0.000000000000000000e+00,0.000000000000000000e+00,0.000000000000000000e+00,-2.248380332492758427e-01,-4.220080379531038206e-01,-0.000000000000000000e+00,-3.143792708400371949e-01,0.000000000000000000e+00,-0.000000000000000000e+00,-0.000000000000000000e+00,-6.342781185205484396e-02,-0.000000000000000000e+00,-0.000000000000000000e+00,0.000000000000000000e+00,0.000000000000000000e+00,0.000000000000000000e+00,-0.000000000000000000e+00,-2.826848385127048169e-01,-0.000000000000000000e+00,-0.000000000000000000e+00,-0.000000000000000000e+00,-1.940188075319463912e-01,0.000000000000000000e+00,0.000000000000000000e+00,-0.000000000000000000e+00,-0.000000000000000000e+00,-2.584592912394843567e-01,-0.000000000000000000e+00,-0.000000000000000000e+00,-0.000000000000000000e+00,-1.411165372375299334e-02,-0.000000000000000000e+00,-0.000000000000000000e+00,2.029043513108321317e+00
