2.245506446251376520e+00,-1.031149189823077794e+00,-0.000000000000000000e+00,-0.000000000000000000e+00,-8.698169154904511480e-02,0.000000000000000000e+00,-0.000000000000000000e+00,0.000000000000000000e+00,-4.029031218432405637e-01,-1.355264692253145727e-02,0.000000000000000000e+00,-0.000000000000000000e+00,0.000000000000000000e+00,-1.097095514310958281e-01,-0.000000000000000000e+00,-2.876048369158282769e-01,-0.000000000000000000e+00,-0.000000000000000000e+00,-0.000000000000000000e+00,-0.000000000000000000e+00,-0.000000000000000000e+00,-0.000000000000000000e+00,-5.291742797082337607e-02,-0.000000000000000000e+00,-0.000000000000000000e+00,-1.361037163953810192e-01,-0.000000000000000000e+00,-0.000000000000000000e+00,-0.000000000000000000e+00,-6.660107944163351501e-02,-0.000000000000000000e+00,-0.000000000000000000e+00,-0.000000000000000000e+00,-0.000000000000000000e+00,-0.000000000000000000e+00,-0.000000000000000000e+00,-0.000000000000000000e+00,-0.000000000000000000e+00,-3.593645948851083988e-02
-1.031149189823077794e+00,2.122644089046439309e+00,-0.000000000000000000e+00,-0.000000000000000000e+00,-2.209296156038676739e-01,0.000000000000000000e+00,-2.415439585613440247e-03,0.000000000000000000e+00,-1.098782270443052628e-01,-0.000000000000000000e+00,0.000000000000000000e+00,-7.021519847892279675e-02,0.000000000000000000e+00,-1.458357999905779238e-02,-0.000000000000000000e+00,-3.952372105750663334e-01,-0.000000000000000000e+00,-0.000000000000000000e+00,-0.000000000000000000e+00,-0.000000000000000000e+00,-0.000000000000000000e+00,-0.000000000000000000e+00,-0.000000000000000000e+00,-0.000000000000000000e+00,-0.000000000000000000e+00,-0.000000000000000000e+00,-0.000000000000000000e+00,-0.000000000000000000e+00,-0.000000000000000000e+00,-0.000000000000000000e+00,0.000000000000000000e+00,-0.000000000000000000e+00,-0.000000000000000000e+00,-1.380622477244892836e-02,-0.000000000000000000e+00,-1.307802270418625679e-01,-0.000000000000000000e+00,-0.000000000000000000e+00,-0.000000000000000000e+00
-0.000000000000000000e+00,-0.000000000000000000e+00,1.921010934632684020e+00,-0.000000000000000000e+00,-4.183685120427362292e-01,0.000000000000000000e+00,-0.000000000000000000e+00,3.770366117536901873e-01,-0.000000000000000000e+00,-1.989898061532409390e-01,-0.000000000000000000e+00,-0.000000000000000000e+00,0.000000000000000000e+00,-8.909389393833863635e-02,-0.000000000000000000e+00,-0.000000000000000000e+00,-0.000000000000000000e+00,-2.192675282266106918e-01,-1.130107203499276514e-01,-8.574595519308461644e-02,-1.429075152737421250e-01,-3.749016164365683718e-02,-0.000000000000000000e+00,-0.000000000000000000e+00,-0.000000000000000000e+00,-3.907913413136475389e-02,-0.000000000000000000e+00,-1.386915783864470508e-01,-0.000000000000000000e+00,-3.007805076765555641e-01,-0.000000000000000000e+00,-0.000000000000000000e+00,-0.000000000000000000e+00,-0.000000000000000000e+00,-0.000000000000000000e+00,-0.000000000000000000e+00,-0.000000000000000000e+00,-0.000000000000000000e+00,-0.000000000000000000e+00
-0.000000000000000000e+00,-0.000000000000000000e+00,-0.000000000000000000e+00,1.044598199848678854e+00,-0.000000000000000000e+00,0.000000000000000000e+00,-1.790193596124294018e-01,0.000000000000000000e+00,-0.000000000000000000e+00,-0.000000000000000000e+00,0.000000000000000000e+00,-0.000000000000000000e+00,6.998234031528412225e-02,-0.000000000000000000e+00,0.000000000000000000e+00,-0.000000000000000000e+00,0.000000000000000000e+00,-0.000000000000000000e+00,-7.956710269160233162e-02,-0.000000000000000000e+00,0.000000000000000000e+00,0.000000000000000000e+00,-0.000000000000000000e+00,0.000000000000000000e+00,-0.000000000000000000e+00,0.000000000000000000e+00,0.000000000000000000e+00,0.000000000000000000e+00,-0.000000000000000000e+00,-0.000000000000000000e+00,0.000000000000000000e+00,0.000000000000000000e+00,-0.000000000000000000e+00,-0.000000000000000000e+00,-0.000000000000000000e+00,-0.000000000000000000e+00,0.000000000000000000e+00,0.000000000000000000e+00,0.000000000000000000e+00
-8.698169154904511480e-02,-2.209296156038676739e-01,-4.183685120427362292e-01,-0.000000000000000000e+00,1.894693855450745090e+00,0.000000000000000000e+00,-0.000000000000000000e+00,3.609728511385972838e-01,-2.014431981882025546e-01,-0.000000000000000000e+00,0.000000000000000000e+00,-0.000000000000000000e+00,0.000000000000000000e+00,-0.000000000000000000e+00,-0.000000000000000000e+00,-6.386262722744391607e-02,0.000000000000000000e+00,-6.576130564482945973e-02,-4.162676666408983150e-01,-0.000000000000000000e+00,-0.000000000000000000e+00,-0.000000000000000000e+00,-0.000000000000000000e+00,-0.000000000000000000e+00,-0.000000000000000000e+00,-0.000000000000000000e+00,-0.000000000000000000e+00,-0.000000000000000000e+00,-0.000000000000000000e+00,-0.000000000000000000e+00,-0.000000000000000000e+00,-0.000000000000000000e+00,-0.000000000000000000e+00,-8.966225361097646118e-02,0.000000000000000000e+00,-0.000000000000000000e+00,0.000000000000000000e+00,-0.000000000000000000e+00,-0.000000000000000000e+00
0.000000000000000000e+00,0.000000000000000000e+00,0.000000000000000000e+00,0.000000000000000000e+00,0.000000000000000000e+00,2.336342832801392877e+00,-0.000000000000000000e+00,-1.467912579039450105e-01,-0.000000000000000000e+00,-0.000000000000000000e+00,-5.553827000426327931e-01,0.000000000000000000e+00,-0.000000000000000000e+00,-0.000000000000000000e+00,3.120740653748129700e-01,0.000000000000000000e+00,-2.459538600820561707e-02,0.000000000000000000e+00,0.000000000000000000e+00,0.000000000000000000e+00,0.000000000000000000e+00,-0.000000000000000000e+00,-0.000000000000000000e+00,-0.000000000000000000e+00,-1.909527031501370709e-01,0.000000000000000000e+00,-0.000000000000000000e+00,0.000000000000000000e+00,-3.441216333902004550e-03,0.000000000000000000e+00,-0.000000000000000000e+00,-1.337083106927968168e-01,-2.941613993770980651e-02,2.722068310239506572e-01,-4.531001702942230036e-01,0.000000000000000000e+00,-3.695682379477679413e-01,0.000000000000000000e+00,0.000000000000000000e+00
-0.000000000000000000e+00,-2.415439585613440247e-03,-0.000000000000000000e+00,-1.790193596124294018e-01,-0.000000000000000000e+00,-0.000000000000000000e+00,1.419805781259374289e+00,-0.000000000000000000e+00,-1.640087935829489529e-01,-7.022447031518888605e-02,-0.000000000000000000e+00,0.000000000000000000e+00,0.000000000000000000e+00,-1.716063495811925160e-02,0.000000000000000000e+00,-0.000000000000000000e+00,-0.000000000000000000e+00,-0.000000000000000000e+00,-0.000000000000000000e+00,-5.471040446081034542e-02,-0.000000000000000000e+00,-0.000000000000000000e+00,-2.115616592894060677e-01,-0.000000000000000000e+00,-1.397361872564182594e-01,-0.000000000000000000e+00,-0.000000000000000000e+00,-0.000000000000000000e+00,-1.814384676829292609e-01,-0.000000000000000000e+00,-0.000000000000000000e+00,-0.000000000000000000e+00,-1.754355404775148897e-01,0.000000000000000000e+00,-0.000000000000000000e+00,-0.000000000000000000e+00,-0.000000000000000000e+00,-0.000000000000000000e+00,-0.000000000000000000e+00
0.000000000000000000e+00,0.000000000000000000e+00,3.770366117536901873e-01,0.000000000000000000e+00,3.609728511385972838e-01,-1.467912579039450105e-01,-0.000000000000000000e+00,1.489835929259868630e+00,0.000000000000000000e+00,0.000000000000000000e+00,-0.000000000000000000e+00,0.000000000000000000e+00,-0.000000000000000000e+00,-0.000000000000000000e+00,0.000000000000000000e+00,0.000000000000000000e+00,-0.000000000000000000e+00,0.000000000000000000e+00,0.000000000000000000e+00,0.000000000000000000e+00,2.227819734722565614e-01,0.000000000000000000e+00,-0.000000000000000000e+00,-0.000000000000000000e+00,-0.000000000000000000e+00,0.000000000000000000e+00,-0.000000000000000000e+00,0.000000000000000000e+00,-0.000000000000000000e+00,1.154658750244722497e-02,0.000000000000000000e+00,-0.000000000000000000e+00,-0.000000000000000000e+00,1.587475774972182396e-01,-0.000000000000000000e+00,0.000000000000000000e+00,-0.000000000000000000e+00,0.000000000000000000e+00,0.000000000000000000e+00
-4.029031218432405637e-01,-1.098782270443052628e-01,-0.000000000000000000e+00,-0.000000000000000000e+00,-2.014431981882025546e-01,-0.000000000000000000e+00,-1.640087935829489529e-01,0.000000000000000000e+00,1.959151812707482510e+00,-3.548011447415390651e-01,-0.000000000000000000e+00,-0.000000000000000000e+00,-0.000000000000000000e+00,-8.958335943366983745e-02,0.000000000000000000e+00,-0.000000000000000000e+00,-0.000000000000000000e+00,-0.000000000000000000e+00,-0.000000000000000000e+00,-0.000000000000000000e+00,-0.000000000000000000e+00,-0.000000000000000000e+00,-0.000000000000000000e+00,-0.000000000000000000e+00,-0.000000000000000000e+00,-1.112552004481458801e-01,-0.000000000000000000e+00,-1.090429589582674746e-01,-0.000000000000000000e+00,-2.419353035768805615e-01,-0.000000000000000000e+00,-5.399521047678568567e-03,-0.000000000000000000e+00,-0.000000000000000000e+00,-0.000000000000000000e+00,-0.000000000000000000e+00,-0.000000000000000000e+00,-1.871386727035625752e-01,-1.310483964208570551e-01
-1.355264692253145727e-02,-0.000000000000000000e+00,-1.989898061532409390e-01,-0.000000000000000000e+00,-0.000000000000000000e+00,-0.000000000000000000e+00,-7.022447031518888605e-02,0.000000000000000000e+00,-3.548011447415390651e-01,2.014187424371351121e+00,-0.000000000000000000e+00,-0.000000000000000000e+00,0.000000000000000000e+00,-9.117467871200250762e-02,0.000000000000000000e+00,-2.851724585097626941e-01,-0.000000000000000000e+00,-0.000000000000000000e+00,-0.000000000000000000e+00,-0.000000000000000000e+00,-0.000000000000000000e+00,-0.000000000000000000e+00,-2.400390625235203357e-01,-0.000000000000000000e+00,-1.841613572135457899e-01,-1.157234395878051214e-01,-1.539927972229995501e-01,-0.000000000000000000e+00,-2.479618288531303463e-02,-0.000000000000000000e+00,-1.126869445678045471e-02,-0.000000000000000000e+00,-1.227174732817593594e-01,-0.000000000000000000e+00,-0.000000000000000000e+00,-0.000000000000000000e+00,-0.000000000000000000e+00,-6.560375429254667635e-03,-3.118335809304558226e-01
0.000000000000000000e+00,0.000000000000000000e+00,-0.000000000000000000e+00,0.000000000000000000e+00,0.000000000000000000e+00,-5.553827000426327931e-01,-0.000000000000000000e+00,-0.000000000000000000e+00,-0.000000000000000000e+00,-0.000000000000000000e+00,2.588986775712031729e+00,0.000000000000000000e+00,-3.113623025693362245e-01,-0.000000000000000000e+00,2.884833885853886337e-01,0.000000000000000000e+00,-4.503801340228636430e-01,0.000000000000000000e+00,0.000000000000000000e+00,0.000000000000000000e+00,-0.000000000000000000e+00,-0.000000000000000000e+00,-0.000000000000000000e+00,-5.587679914179585240e-03,-0.000000000000000000e+00,-0.000000000000000000e+00,-0.000000000000000000e+00,-0.000000000000000000e+00,-0.000000000000000000e+00,0.000000000000000000e+00,-1.673547580706058746e-01,-4.799034831800730871e-01,-1.401149321857855790e-01,0.000000000000000000e+00,-0.000000000000000000e+00,0.000000000000000000e+00,-3.037414270287777107e-01,-0.000000000000000000e+00,-0.000000000000000000e+00
-0.000000000000000000e+00,-7.021519847892279675e-02,-0.000000000000000000e+00,-0.000000000000000000e+00,-0.000000000000000000e+00,0.000000000000000000e+00,0.000000000000000000e+00,0.000000000000000000e+00,-0.000000000000000000e+00,-0.000000000000000000e+00,0.000000000000000000e+00,2.089746563167007132e+00,1.326403192270956821e-01,-0.000000000000000000e+00,-8.423148485007531105e-01,-2.787741179902577526e-01,0.000000000000000000e+00,-1.018496183993287951e-01,-6.422456307773742601e-02,-0.000000000000000000e+00,0.000000000000000000e+00,-0.000000000000000000e+00,-0.000000000000000000e+00,0.000000000000000000e+00,0.000000000000000000e+00,-0.000000000000000000e+00,0.000000000000000000e+00,-0.000000000000000000e+00,0.000000000000000000e+00,-0.000000000000000000e+00,0.000000000000000000e+00,0.000000000000000000e+00,0.000000000000000000e+00,-3.057657194625314490e-01,0.000000000000000000e+00,-2.844795882900494344e-01,4.154378860639292709e-02,-0.000000000000000000e+00,-0.000000000000000000e+00
0.000000000000000000e+00,0.000000000000000000e+00,0.000000000000000000e+00,6.998234031528412225e-02,0.000000000000000000e+00,-0.000000000000000000e+00,0.000000000000000000e+00,-0.000000000000000000e+00,-0.000000000000000000e+00,0.000000000000000000e+00,-3.113623025693362245e-01,1.326403192270956821e-01,1.516392959391076989e+00,-0.000000000000000000e+00,1.970704238753751558e-01,0.000000000000000000e+00,-9.555388872119585653e-02,0.000000000000000000e+00,2.480103316647486456e-01,0.000000000000000000e+00,-0.000000000000000000e+00,-0.000000000000000000e+00,-0.000000000000000000e+00,-0.000000000000000000e+00,-0.000000000000000000e+00,0.000000000000000000e+00,-0.000000000000000000e+00,0.000000000000000000e+00,-0.000000000000000000e+00,0.000000000000000000e+00,-0.000000000000000000e+00,-0.000000000000000000e+00,-0.000000000000000000e+00,1.243364357534234299e-01,-0.000000000000000000e+00,1.139851018504169505e-01,-5.311321019678876681e-02,0.000000000000000000e+00,0.000000000000000000e+00
-1.097095514310958281e-01,-1.458357999905779238e-02,-8.909389393833863635e-02,-0.000000000000000000e+00,-0.000000000000000000e+00,-0.000000000000000000e+00,-1.716063495811925160e-02,-0.000000000000000000e+00,-8.958335943366983745e-02,-9.117467871200250762e-02,-0.000000000000000000e+00,-0.000000000000000000e+00,-0.000000000000000000e+00,1.997920690179497472e+00,0.000000000000000000e+00,-0.000000000000000000e+00,-0.000000000000000000e+00,-0.000000000000000000e+00,-0.000000000000000000e+00,-0.000000000000000000e+00,-0.000000000000000000e+00,-0.000000000000000000e+00,-1.320926619617815434e-01,-3.410892505664565172e-02,-8.995731150586219749e-02,-2.177868266775797035e-01,-2.380099095943258858e-01,-0.000000000000000000e+00,-2.843207041500270260e-01,-0.000000000000000000e+00,-6.359353103678298813e-02,-1.149574872673405218e-01,-2.986997456213338342e-01,-0.000000000000000000e+00,-1.354726097563496434e-01,-0.000000000000000000e+00,-0.000000000000000000e+00,-0.000000000000000000e+00,-0.000000000000000000e+00
-0.000000000000000000e+00,-0.000000000000000000e+00,-0.000000000000000000e+00,0.000000000000000000e+00,-0.000000000000000000e+00,3.120740653748129700e-01,0.000000000000000000e+00,0.000000000000000000e+00,0.000000000000000000e+00,0.000000000000000000e+00,2.884833885853886337e-01,-8.423148485007531105e-01,1.970704238753751558e-01,0.000000000000000000e+00,2.434917444239291129e+00,-0.000000000000000000e+00,2.337926203753230500e-02,-4.169761920529846400e-02,-9.421896097709976658e-02,-0.000000000000000000e+00,0.000000000000000000e+00,0.000000000000000000e+00,0.000000000000000000e+00,0.000000000000000000e+00,0.000000000000000000e+00,-0.000000000000000000e+00,0.000000000000000000e+00,-0.000000000000000000e+00,0.000000000000000000e+00,-0.000000000000000000e+00,0.000000000000000000e+00,0.000000000000000000e+00,0.000000000000000000e+00,-3.139172378814841791e-01,0.000000000000000000e+00,-2.922432238289144335e-01,2.838978797504496665e-01,-0.000000000000000000e+00,-0.000000000000000000e+00
-2.876048369158282769e-01,-3.952372105750663334e-01,-0.000000000000000000e+00,-0.000000000000000000e+00,-6.386262722744391607e-02,0.000000000000000000e+00,-0.000000000000000000e+00,0.000000000000000000e+00,-0.000000000000000000e+00,-2.851724585097626941e-01,0.000000000000000000e+00,-2.787741179902577526e-01,0.000000000000000000e+00,-0.000000000000000000e+00,-0.000000000000000000e+00,1.970798961573666075e+00,0.000000000000000000e+00,-1.297140026144284197e-01,-1.500427780153055779e-01,-0.000000000000000000e+00,0.000000000000000000e+00,-0.000000000000000000e+00,-0.000000000000000000e+00,0.000000000000000000e+00,-0.000000000000000000e+00,-0.000000000000000000e+00,-0.000000000000000000e+00,-0.000000000000000000e+00,-0.000000000000000000e+00,-1.683492127247354919e-01,0.000000000000000000e+00,-0.000000000000000000e+00,-0.000000000000000000e+00,-6.121045337607587677e-02,-0.000000000000000000e+00,-1.963873436526531180e-01,0.000000000000000000e+00,-8.365438420166611266e-02,-1.644052492706415403e-01
-0.000000000000000000e+00,-0.000000000000000000e+00,-0.000000000000000000e+00,0.000000000000000000e+00,0.000000000000000000e+00,-2.459538600820561707e-02,-0.000000000000000000e+00,-0.000000000000000000e+00,-0.000000000000000000e+00,-0.000000000000000000e+00,-4.503801340228636430e-01,0.000000000000000000e+00,-9.555388872119585653e-02,-0.000000000000000000e+00,2.337926203753230500e-02,0.000000000000000000e+00,2.483603286560396306e+00,0.000000000000000000e+00,0.000000000000000000e+00,-0.000000000000000000e+00,-0.000000000000000000e+00,-0.000000000000000000e+00,-0.000000000000000000e+00,-1.299949385058587759e-01,-0.000000000000000000e+00,-0.000000000000000000e+00,-3.616072163025837449e-01,-0.000000000000000000e+00,-1.022944153362841113e-01,-0.000000000000000000e+00,-5.342270897274742358e-01,-3.577606706730616648e-01,-0.000000000000000000e+00,1.890711899339407587e-02,-0.000000000000000000e+00,0.000000000000000000e+00,-3.826279984855194827e-01,-0.000000000000000000e+00,-0.000000000000000000e+00
-0.000000000000000000e+00,-0.000000000000000000e+00,-2.192675282266106918e-01,-0.000000000000000000e+00,-6.576130564482945973e-02,0.000000000000000000e+00,-0.000000000000000000e+00,0.000000000000000000e+00,-0.000000000000000000e+00,-0.000000000000000000e+00,0.000000000000000000e+00,-1.018496183993287951e-01,0.000000000000000000e+00,-0.000000000000000000e+00,-4.169761920529846400e-02,-1.297140026144284197e-01,0.000000000000000000e+00,1.414442369652539000e+00,-3.705303862695224493e-01,-1.067450671310469085e-01,-0.000000000000000000e+00,-0.000000000000000000e+00,-0.000000000000000000e+00,0.000000000000000000e+00,-0.000000000000000000e+00,-0.000000000000000000e+00,-0.000000000000000000e+00,-5.698136089983543012e-02,-0.000000000000000000e+00,-0.000000000000000000e+00,-0.000000000000000000e+00,0.000000000000000000e+00,-0.000000000000000000e+00,-4.477223136825718430e-02,0.000000000000000000e+00,-0.000000000000000000e+00,0.000000000000000000e+00,-0.000000000000000000e+00,-0.000000000000000000e+00
-0.000000000000000000e+00,-0.000000000000000000e+00,-1.130107203499276514e-01,-7.956710269160233162e-02,-4.162676666408983150e-01,0.000000000000000000e+00,-0.000000000000000000e+00,0.000000000000000000e+00,-0.000000000000000000e+00,-0.000000000000000000e+00,0.000000000000000000e+00,-6.422456307773742601e-02,2.480103316647486456e-01,-0.000000000000000000e+00,-9.421896097709976658e-02,-1.500427780153055779e-01,0.000000000000000000e+00,-3.705303862695224493e-01,1.883378382936806483e+00,-0.000000000000000000e+00,-0.000000000000000000e+00,0.000000000000000000e+00,-0.000000000000000000e+00,0.000000000000000000e+00,-0.000000000000000000e+00,-0.000000000000000000e+00,0.000000000000000000e+00,-0.000000000000000000e+00,0.000000000000000000e+00,-0.000000000000000000e+00,0.000000000000000000e+00,0.000000000000000000e+00,-0.000000000000000000e+00,-4.517899032408390636e-01,0.000000000000000000e+00,-0.000000000000000000e+00,0.000000000000000000e+00,-0.000000000000000000e+00,-0.000000000000000000e+00
-0.000000000000000000e+00,-0.000000000000000000e+00,-8.574595519308461644e-02,-0.000000000000000000e+00,-0.000000000000000000e+00,0.000000000000000000e+00,-5.471040446081034542e-02,0.000000000000000000e+00,-0.000000000000000000e+00,-0.000000000000000000e+00,0.000000000000000000e+00,-0.000000000000000000e+00,0.000000000000000000e+00,-0.000000000000000000e+00,-0.000000000000000000e+00,-0.000000000000000000e+00,-0.000000000000000000e+00,-1.067450671310469085e-01,-0.000000000000000000e+00,1.298074822259881245e+00,-4.527860734442794993e-02,-2.176383617991947961e-01,-0.000000000000000000e+00,-0.000000000000000000e+00,-0.000000000000000000e+00,-5.247592162873213756e-02,-0.000000000000000000e+00,-2.305480903376828372e-01,-0.000000000000000000e+00,-0.000000000000000000e+00,-0.000000000000000000e+00,-0.000000000000000000e+00,-0.000000000000000000e+00,-0.000000000000000000e+00,-0.000000000000000000e+00,-0.000000000000000000e+00,-0.000000000000000000e+00,-0.000000000000000000e+00,-1.145378110004526134e-01
-0.000000000000000000e+00,-0.000000000000000000e+00,-1.429075152737421250e-01,0.000000000000000000e+00,-0.000000000000000000e+00,0.000000000000000000e+00,-0.000000000000000000e+00,2.227819734722565614e-01,-0.000000000000000000e+00,-0.000000000000000000e+00,-0.000000000000000000e+00,0.000000000000000000e+00,-0.000000000000000000e+00,-0.000000000000000000e+00,0.000000000000000000e+00,0.000000000000000000e+00,-0.000000000000000000e+00,-0.000000000000000000e+00,-0.000000000000000000e+00,-4.527860734442794993e-02,1.939094871326271896e+00,-4.815681825778304059e-01,-0.000000000000000000e+00,-0.000000000000000000e+00,-0.000000000000000000e+00,-2.489008988997141666e-02,-1.470172429081474663e-01,-6.155606611861691446e-01,-0.000000000000000000e+00,-0.000000000000000000e+00,-2.088240717369637400e-01,-0.000000000000000000e+00,-0.000000000000000000e+00,0.000000000000000000e+00,-0.000000000000000000e+00,0.000000000000000000e+00,-0.000000000000000000e+00,-0.000000000000000000e+00,-0.000000000000000000e+00
-0.000000000000000000e+00,-0.000000000000000000e+00,-3.749016164365683718e-02,0.000000000000000000e+00,-0.000000000000000000e+00,-0.000000000000000000e+00,-0.000000000000000000e+00,0.000000000000000000e+00,-0.000000000000000000e+00,-0.000000000000000000e+00,-0.000000000000000000e+00,-0.000000000000000000e+00,-0.000000000000000000e+00,-0.000000000000000000e+00,0.000000000000000000e+00,-0.000000000000000000e+00,-0.000000000000000000e+00,-0.000000000000000000e+00,0.000000000000000000e+00,-2.176383617991947961e-01,-4.815681825778304059e-01,1.680804407784533661e+00,-0.000000000000000000e+00,-0.000000000000000000e+00,-0.000000000000000000e+00,-1.062758155194878235e-01,-2.252398087231587409e-01,-2.604344068648341004e-01,-0.000000000000000000e+00,-0.000000000000000000e+00,-5.680392864693235844e-02,-0.000000000000000000e+00,-0.000000000000000000e+00,-0.000000000000000000e+00,-0.000000000000000000e+00,0.000000000000000000e+00,-0.000000000000000000e+00,-4.052460466380396198e-02,-1.239068481954968236e-02
-5.291742797082337607e-02,-0.000000000000000000e+00,-0.000000000000000000e+00,-0.000000000000000000e+00,-0.000000000000000000e+00,-0.000000000000000000e+00,-2.115616592894060677e-01,-0.000000000000000000e+00,-0.000000000000000000e+00,-2.400390625235203357e-01,-0.000000000000000000e+00,-0.000000000000000000e+00,-0.000000000000000000e+00,-1.320926619617815434e-01,0.000000000000000000e+00,-0.000000000000000000e+00,-0.000000000000000000e+00,-0.000000000000000000e+00,-0.000000000000000000e+00,-0.000000000000000000e+00,-0.000000000000000000e+00,-0.000000000000000000e+00,1.924650416367241768e+00,-8.754151412978236624e-02,-6.086459269284594242e-01,-0.000000000000000000e+00,-0.000000000000000000e+00,-0.000000000000000000e+00,-1.996183245209946222e-01,-0.000000000000000000e+00,-0.000000000000000000e+00,-0.000000000000000000e+00,-7.730745034230791790e-02,-0.000000000000000000e+00,-1.759191137311799380e-01,-0.000000000000000000e+00,-0.000000000000000000e+00,-0.000000000000000000e+00,-0.000000000000000000e+00
-0.000000000000000000e+00,-0.000000000000000000e+00,-0.000000000000000000e+00,0.000000000000000000e+00,-0.000000000000000000e+00,-0.000000000000000000e+00,-0.000000000000000000e+00,-0.000000000000000000e+00,-0.000000000000000000e+00,-0.000000000000000000e+00,-5.587679914179585240e-03,0.000000000000000000e+00,-0.000000000000000000e+00,-3.410892505664565172e-02,0.000000000000000000e+00,0.000000000000000000e+00,-1.299949385058587759e-01,0.000000000000000000e+00,0.000000000000000000e+00,-0.000000000000000000e+00,-0.000000000000000000e+00,-0.000000000000000000e+00,-8.754151412978236624e-02,1.601765498108543406e+00,-2.180108728114441008e-01,-0.000000000000000000e+00,-0.000000000000000000e+00,-0.000000000000000000e+00,-1.660100072109524094e-01,0.000000000000000000e+00,-0.000000000000000000e+00,-2.626645612159561050e-01,-3.285337009414641962e-02,0.000000000000000000e+00,-6.388731488515546342e-02,0.000000000000000000e+00,-2.266038812720738704e-01,-0.000000000000000000e+00,-0.000000000000000000e+00
-0.000000000000000000e+00,-0.000000000000000000e+00,-0.000000000000000000e+00,-0.000000000000000000e+00,-0.000000000000000000e+00,-1.909527031501370709e-01,-1.397361872564182594e-01,-0.000000000000000000e+00,-0.000000000000000000e+00,-1.841613572135457899e-01,-0.000000000000000000e+00,0.000000000000000000e+00,-0.000000000000000000e+00,-8.995731150586219749e-02,0.000000000000000000e+00,-0.000000000000000000e+00,-0.000000000000000000e+00,-0.000000000000000000e+00,-0.000000000000000000e+00,-0.000000000000000000e+00,-0.000000000000000000e+00,-0.000000000000000000e+00,-6.086459269284594242e-01,-2.180108728114441008e-01,2.281538128759095674e+00,-0.000000000000000000e+00,-0.000000000000000000e+00,-0.000000000000000000e+00,-1.339318221423827227e-01,-0.000000000000000000e+00,-1.064767345532685178e-01,-2.155730245456978222e-01,-1.150302027392332699e-01,0.000000000000000000e+00,-2.550191724200814303e-01,0.000000000000000000e+00,-9.391340581364948648e-02,-0.000000000000000000e+00,-0.000000000000000000e+00
-1.361037163953810192e-01,-0.000000000000000000e+00,-3.907913413136475389e-02,0.000000000000000000e+00,-0.000000000000000000e+00,0.000000000000000000e+00,-0.000000000000000000e+00,0.000000000000000000e+00,-1.112552004481458801e-01,-1.157234395878051214e-01,-0.000000000000000000e+00,-0.000000000000000000e+00,0.000000000000000000e+00,-2.177868266775797035e-01,-0.000000000000000000e+00,-0.000000000000000000e+00,-0.000000000000000000e+00,-0.000000000000000000e+00,-0.000000000000000000e+00,-5.247592162873213756e-02,-2.489008988997141666e-02,-1.062758155194878235e-01,-0.000000000000000000e+00,-0.000000000000000000e+00,-0.000000000000000000e+00,2.383858065195491704e+00,-3.646414756688033387e-01,-6.818508088504936504e-01,-2.974087103721733544e-02,-0.000000000000000000e+00,-0.000000000000000000e+00,-0.000000000000000000e+00,-0.000000000000000000e+00,-0.000000000000000000e+00,-0.000000000000000000e+00,-0.000000000000000000e+00,-0.000000000000000000e+00,-4.959874409685069985e-01,-1.926799006585128982e-01
-0.000000000000000000e+00,-0.000000000000000000e+00,-0.000000000000000000e+00,0.000000000000000000e+00,-0.000000000000000000e+00,-0.000000000000000000e+00,-0.000000000000000000e+00,-0.000000000000000000e+00,-0.000000000000000000e+00,-1.539927972229995501e-01,-0.000000000000000000e+00,0.000000000000000000e+00,-0.000000000000000000e+00,-2.380099095943258858e-01,0.000000000000000000e+00,-0.000000000000000000e+00,-3.616072163025837449e-01,-0.000000000000000000e+00,0.000000000000000000e+00,-0.000000000000000000e+00,-1.470172429081474663e-01,-2.252398087231587409e-01,-0.000000000000000000e+00,-0.000000000000000000e+00,-0.000000000000000000e+00,-3.646414756688033387e-01,2.570591538504193974e+00,-7.586344187585979115e-02,-2.334121433773898857e-01,-0.000000000000000000e+00,-5.371288249489311051e-01,-1.363717619492965938e-01,-6.049030943061260018e-02,0.000000000000000000e+00,-0.000000000000000000e+00,0.000000000000000000e+00,-6.384165482721315676e-02,-2.971298674062720219e-02,-2.383310459925793157e-01
-0.000000000000000000e+00,-0.000000000000000000e+00,-1.386915783864470508e-01,0.000000000000000000e+00,-0.000000000000000000e+00,0.000000000000000000e+00,-0.000000000000000000e+00,0.000000000000000000e+00,-1.090429589582674746e-01,-0.000000000000000000e+00,-0.000000000000000000e+00,-0.000000000000000000e+00,0.000000000000000000e+00,-0.000000000000000000e+00,-0.000000000000000000e+00,-0.000000000000000000e+00,-0.000000000000000000e+00,-5.698136089983543012e-02,-0.000000000000000000e+00,-2.305480903376828372e-01,-6.155606611861691446e-01,-2.604344068648341004e-01,-0.000000000000000000e+00,-0.000000000000000000e+00,-0.000000000000000000e+00,-6.818508088504936504e-01,-7.586344187585979115e-02,2.195149809815756914e+00,-0.000000000000000000e+00,-0.000000000000000000e+00,-6.318197419808974091e-02,-0.000000000000000000e+00,-0.000000000000000000e+00,-0.000000000000000000e+00,-0.000000000000000000e+00,-0.000000000000000000e+00,-0.000000000000000000e+00,-0.000000000000000000e+00,-0.000000000000000000e+00
-0.000000000000000000e+00,-0.000000000000000000e+00,-0.000000000000000000e+00,-0.000000000000000000e+00,-0.000000000000000000e+00,-3.441216333902004550e-03,-1.814384676829292609e-01,-0.000000000000000000e+00,-0.000000000000000000e+00,-2.479618288531303463e-02,-0.000000000000000000e+00,0.000000000000000000e+00,-0.000000000000000000e+00,-2.843207041500270260e-01,0.000000000000000000e+00,-0.000000000000000000e+00,-1.022944153362841113e-01,-0.000000000000000000e+00,0.000000000000000000e+00,-0.000000000000000000e+00,-0.000000000000000000e+00,-0.000000000000000000e+00,-1.996183245209946222e-01,-1.660100072109524094e-01,-1.339318221423827227e-01,-2.974087103721733544e-02,-2.334121433773898857e-01,-0.000000000000000000e+00,2.631250105648721416e+00,-0.000000000000000000e+00,-4.994201426660190707e-02,-2.905775571836246018e-01,-3.631440902772860579e-01,0.000000000000000000e+00,-4.885998976486826129e-01,0.000000000000000000e+00,-2.440880792365150431e-01,-0.000000000000000000e+00,-0.000000000000000000e+00
-6.660107944163351501e-02,-0.000000000000000000e+00,-3.007805076765555641e-01,-0.000000000000000000e+00,-0.000000000000000000e+00,0.000000000000000000e+00,-0.000000000000000000e+00,1.154658750244722497e-02,-2.419353035768805615e-01,-0.000000000000000000e+00,0.000000000000000000e+00,-0.000000000000000000e+00,0.000000000000000000e+00,-0.000000000000000000e+00,-0.000000000000000000e+00,-1.683492127247354919e-01,-0.000000000000000000e+00,-0.000000000000000000e+00,-0.000000000000000000e+00,-0.000000000000000000e+00,-0.000000000000000000e+00,-0.000000000000000000e+00,-0.000000000000000000e+00,0.000000000000000000e+00,-0.000000000000000000e+00,-0.000000000000000000e+00,-0.000000000000000000e+00,-0.000000000000000000e+00,-0.000000000000000000e+00,1.375606059910241319e+00,-0.000000000000000000e+00,-0.000000000000000000e+00,-0.000000000000000000e+00,-1.878480963171018370e-01,0.000000000000000000e+00,-0.000000000000000000e+00,-0.000000000000000000e+00,-6.074873088425288697e-02,-3.447451338802334526e-03
-0.000000000000000000e+00,0.000000000000000000e+00,-0.000000000000000000e+00,0.000000000000000000e+00,-0.000000000000000000e+00,-0.000000000000000000e+00,-0.000000000000000000e+00,0.000000000000000000e+00,-0.000000000000000000e+00,-1.126869445678045471e-02,-1.673547580706058746e-01,0.000000000000000000e+00,-0.000000000000000000e+00,-6.359353103678298813e-02,0.000000000000000000e+00,0.000000000000000000e+00,-5.342270897274742358e-01,-0.000000000000000000e+00,0.000000000000000000e+00,-0.000000000000000000e+00,-2.088240717369637400e-01,-5.680392864693235844e-02,-0.000000000000000000e+00,-0.000000000000000000e+00,-1.064767345532685178e-01,-0.000000000000000000e+00,-5.371288249489311051e-01,-6.318197419808974091e-02,-4.994201426660190707e-02,-0.000000000000000000e+00,2.237976319355958754e+00,-1.015633423110834377e-02,-5.377506666999711665e-02,0.000000000000000000e+00,-0.000000000000000000e+00,2.139142998018717795e-02,-3.312565806183264683e-01,-0.000000000000000000e+00,-0.000000000000000000e+00
-0.000000000000000000e+00,-0.000000000000000000e+00,-0.000000000000000000e+00,0.000000000000000000e+00,-0.000000000000000000e+00,-1.337083106927968168e-01,-0.000000000000000000e+00,-0.000000000000000000e+00,-5.399521047678568567e-03,-0.000000000000000000e+00,-4.799034831800730871e-01,0.000000000000000000e+00,-0.000000000000000000e+00,-1.149574872673405218e-01,0.000000000000000000e+00,-0.000000000000000000e+00,-3.577606706730616648e-01,0.000000000000000000e+00,0.000000000000000000e+00,-0.000000000000000000e+00,-0.000000000000000000e+00,-0.000000000000000000e+00,-0.000000000000000000e+00,-2.626645612159561050e-01,-2.155730245456978222e-01,-0.000000000000000000e+00,-1.363717619492965938e-01,-0.000000000000000000e+00,-2.905775571836246018e-01,-0.000000000000000000e+00,-1.015633423110834377e-02,2.686695238019255694e+00,-3.383879795357186415e-01,0.000000000000000000e+00,-1.498969219901485905e-01,0.000000000000000000e+00,-2.955249505907498464e-01,-0.000000000000000000e+00,-0.000000000000000000e+00
-0.000000000000000000e+00,-0.000000000000000000e+00,-0.000000000000000000e+00,-0.000000000000000000e+00,-0.000000000000000000e+00,-2.941613993770980651e-02,-1.754355404775148897e-01,-0.000000000000000000e+00,-0.000000000000000000e+00,-1.227174732817593594e-01,-1.401149321857855790e-01,0.000000000000000000e+00,-0.000000000000000000e+00,-2.986997456213338342e-01,0.000000000000000000e+00,-0.000000000000000000e+00,-0.000000000000000000e+00,-0.000000000000000000e+00,-0.000000000000000000e+00,-0.000000000000000000e+00,-0.000000000000000000e+00,-0.000000000000000000e+00,-7.730745034230791790e-02,-3.285337009414641962e-02,-1.150302027392332699e-01,-0.000000000000000000e+00,-6.049030943061260018e-02,-0.000000000000000000e+00,-3.631440902772860579e-01,-0.000000000000000000e+00,-5.377506666999711665e-02,-3.383879795357186415e-01,2.137207363615504452e+00,0.000000000000000000e+00,-2.764060989713164607e-01,-0.000000000000000000e+00,-0.000000000000000000e+00,-0.000000000000000000e+00,-0.000000000000000000e+00
-0.000000000000000000e+00,-1.380622477244892836e-02,-0.000000000000000000e+00,-0.000000000000000000e+00,-8.966225361097646118e-02,2.722068310239506572e-01,0.000000000000000000e+00,1.587475774972182396e-01,-0.000000000000000000e+00,-0.000000000000000000e+00,0.000000000000000000e+00,-3.057657194625314490e-01,1.243364357534234299e-01,-0.000000000000000000e+00,-3.139172378814841791e-01,-6.121045337607587677e-02,1.890711899339407587e-02,-4.477223136825718430e-02,-4.517899032408390636e-01,-0.000000000000000000e+00,0.000000000000000000e+00,-0.000000000000000000e+00,-0.000000000000000000e+00,0.000000000000000000e+00,0.000000000000000000e+00,-0.000000000000000000e+00,0.000000000000000000e+00,-0.000000000000000000e+00,0.000000000000000000e+00,-1.878480963171018370e-01,0.000000000000000000e+00,0.000000000000000000e+00,0.000000000000000000e+00,1.902420663781450028e+00,0.000000000000000000e+00,-0.000000000000000000e+00,0.000000000000000000e+00,-0.000000000000000000e+00,-0.000000000000000000e+00
-0.000000000000000000e+00,-0.000000000000000000e+00,-0.000000000000000000e+00,-0.000000000000000000e+00,0.000000000000000000e+00,-4.531001702942230036e-01,-0.000000000000000000e+00,-0.000000000000000000e+00,-0.000000000000000000e+00,-0.000000000000000000e+00,-0.000000000000000000e+00,0.000000000000000000e+00,-0.000000000000000000e+00,-1.354726097563496434e-01,0.000000000000000000e+00,-0.000000000000000000e+00,-0.000000000000000000e+00,0.000000000000000000e+00,0.000000000000000000e+00,-0.000000000000000000e+00,-0.000000000000000000e+00,-0.000000000000000000e+00,-1.759191137311799380e-01,-6.388731488515546342e-02,-2.550191724200814303e-01,-0.000000000000000000e+00,-0.000000000000000000e+00,-0.000000000000000000e+00,-4.885998976486826129e-01,0.000000000000000000e+00,-0.000000000000000000e+00,-1.498969219901485905e-01,-2.764060989713164607e-01,0.000000000000000000e+00,2.333059798942216823e+00,0.000000000000000000e+00,-2.753533205833361697e-01,-0.000000000000000000e+00,-0.000000000000000000e+00
-0.000000000000000000e+00,-1.307802270418625679e-01,-0.000000000000000000e+00,-0.000000000000000000e+00,-0.000000000000000000e+00,0.000000000000000000e+00,-0.000000000000000000e+00,0.000000000000000000e+00,-0.000000000000000000e+00,-0.000000000000000000e+00,0.000000000000000000e+00,-2.844795882900494344e-01,1.139851018504169505e-01,-0.000000000000000000e+00,-2.922432238289144335e-01,-1.963873436526531180e-01,0.000000000000000000e+00,-0.000000000000000000e+00,-0.000000000000000000e+00,-0.000000000000000000e+00,0.000000000000000000e+00,0.000000000000000000e+00,-0.000000000000000000e+00,0.000000000000000000e+00,0.000000000000000000e+00,-0.000000000000000000e+00,0.000000000000000000e+00,-0.000000000000000000e+00,0.000000000000000000e+00,-0.000000000000000000e+00,2.139142998018717795e-02,0.000000000000000000e+00,-0.000000000000000000e+00,-0.000000000000000000e+00,0.000000000000000000e+00,1.402272603523639916e+00,1.463147903481696460e-02,-0.000000000000000000e+00,-0.000000000000000000e+00
-0.000000000000000000e+00,-0.000000000000000000e+00,-0.000000000000000000e+00,0.000000000000000000e+00,0.000000000000000000e+00,-3.695682379477679413e-01,-0.000000000000000000e+00,-0.000000000000000000e+00,-0.000000000000000000e+00,-0.000000000000000000e+00,-3.037414270287777107e-01,4.154378860639292709e-02,-5.311321019678876681e-02,-0.000000000000000000e+00,2.838978797504496665e-01,0.000000000000000000e+00,-3.826279984855194827e-01,0.000000000000000000e+00,0.000000000000000000e+00,-0.000000000000000000e+00,-0.000000000000000000e+00,-0.000000000000000000e+00,-0.000000000000000000e+00,-2.266038812720738704e-01,-9.391340581364948648e-02,-0.000000000000000000e+00,-6.384165482721315676e-02,-0.000000000000000000e+00,-2.440880792365150431e-01,-0.000000000000000000e+00,-3.312565806183264683e-01,-2.955249505907498464e-01,-0.000000000000000000e+00,0.000000000000000000e+00,-2.753533205833361697e-01,1.463147903481696460e-02,2.746293818494727201e+00,-0.000000000000000000e+00,-0.000000000000000000e+00
-0.000000000000000000e+00,-0.000000000000000000e+00,-0.000000000000000000e+00,0.000000000000000000e+00,-0.000000000000000000e+00,0.000000000000000000e+00,-0.000000000000000000e+00,0.000000000000000000e+00,-1.871386727035625752e-01,-6.560375429254667635e-03,-0.000000000000000000e+00,-0.000000000000000000e+00,0.000000000000000000e+00,-0.000000000000000000e+00,-0.000000000000000000e+00,-8.365438420166611266e-02,-0.000000000000000000e+00,-0.000000000000000000e+00,-0.000000000000000000e+00,-0.000000000000000000e+00,-0.000000000000000000e+00,-4.052460466380396198e-02,-0.000000000000000000e+00,-0.000000000000000000e+00,-0.000000000000000000e+00,-4.959874409685069985e-01,-2.971298674062720219e-02,-0.000000000000000000e+00,-0.000000000000000000e+00,-6.074873088425288697e-02,-0.000000000000000000e+00,-0.000000000000000000e+00,-0.000000000000000000e+00,-0.000000000000000000e+00,-0.000000000000000000e+00,-0.000000000000000000e+00,-0.000000000000000000e+00,1.825886281147685031e+00,-6.590806646696298898e-01
-3.593645948851083988e-02,-0.000000000000000000e+00,-0.000000000000000000e+00,0.000000000000000000e+00,-0.000000000000000000e+00,0.000000000000000000e+00,-0.000000000000000000e+00,0.000000000000000000e+00,-1.310483964208570551e-01,-3.118335809304558226e-01,-0.000000000000000000e+00,-0.000000000000000000e+00,0.000000000000000000e+00,-0.000000000000000000e+00,-0.000000000000000000e+00,-1.644052492706415403e-01,-0.000000000000000000e+00,-0.000000000000000000e+00,-0.000000000000000000e+00,-1.145378110004526134e-01,-0.000000000000000000e+00,-1.239068481954968236e-02,-0.000000000000000000e+00,-0.000000000000000000e+00,-0.000000000000000000e+00,-1.926799006585128982e-01,-2.383310459925793157e-01,-0.000000000000000000e+00,-0.000000000000000000e+00,-3.447451338802334526e-03,-0.000000000000000000e+00,-0.000000000000000000e+00,-0.000000000000000000e+00,-0.000000000000000000e+00,-0.000000000000000000e+00,-0.000000000000000000e+00,-0.000000000000000000e+00,-6.590806646696298898e-01,1.942363576841548811e+00
