1.907163949412082227e+00,-3.402266146927458434e-01,-0.000000000000000000e+00,-0.000000000000000000e+00,-2.839365816194101555e-01,-0.000000000000000000e+00,0.000000000000000000e+00,0.000000000000000000e+00,-1.524601952330351118e-01,-0.000000000000000000e+00,-0.000000000000000000e+00,0.000000000000000000e+00,-0.000000000000000000e+00,-3.306531931945002611e-01,-0.000000000000000000e+00,-0.000000000000000000e+00,-0.000000000000000000e+00,-1.238457950683692493e-01,-0.000000000000000000e+00,7.482590977658384879e-02,-1.754548057209932566e-01,-0.000000000000000000e+00,1.874266686645054969e-01,0.000000000000000000e+00,0.000000000000000000e+00,-3.096426688536109140e-01,-0.000000000000000000e+00,-0.000000000000000000e+00,-0.000000000000000000e+00,-0.000000000000000000e+00,-0.000000000000000000e+00,-0.000000000000000000e+00,-0.000000000000000000e+00,-0.000000000000000000e+00,-0.000000000000000000e+00,0.000000000000000000e+00,-0.000000000000000000e+00,-0.000000000000000000e+00,-8.938194897439478981e-02
-3.402266146927458434e-01,1.727087092459465678e+00,-1.124719139104523036e-01,-0.000000000000000000e+00,-0.000000000000000000e+00,-0.000000000000000000e+00,-0.000000000000000000e+00,2.159988420522996055e-01,-0.000000000000000000e+00,-4.771432333564644412e-02,-0.000000000000000000e+00,-0.000000000000000000e+00,-0.000000000000000000e+00,-1.722093458859081938e-01,0.000000000000000000e+00,-1.246738716186128332e-01,-0.000000000000000000e+00,-0.000000000000000000e+00,-0.000000000000000000e+00,1.298433935389345650e-01,-0.000000000000000000e+00,-0.000000000000000000e+00,0.000000000000000000e+00,-0.000000000000000000e+00,0.000000000000000000e+00,-0.000000000000000000e+00,-0.000000000000000000e+00,-0.000000000000000000e+00,-2.326767112696144779e-01,-0.000000000000000000e+00,-2.304975359953398070e-02,-4.378723674419990330e-02,-7.037086794679818513e-02,0.000000000000000000e+00,-0.000000000000000000e+00,-0.000000000000000000e+00,-0.000000000000000000e+00,-0.000000000000000000e+00,-1.550356778762927434e-01
-0.000000000000000000e+00,-1.124719139104523036e-01,2.671337404202218213e+00,-3.460600980604638943e-01,-0.000000000000000000e+00,-0.000000000000000000e+00,-0.000000000000000000e+00,8.347888014534814438e-01,-0.000000000000000000e+00,-0.000000000000000000e+00,-0.000000000000000000e+00,-0.000000000000000000e+00,-0.000000000000000000e+00,-4.281546592964942388e-02,4.477386082847855525e-02,-0.000000000000000000e+00,-0.000000000000000000e+00,-0.000000000000000000e+00,-1.330643814687064268e-02,0.000000000000000000e+00,-0.000000000000000000e+00,-0.000000000000000000e+00,0.000000000000000000e+00,-0.000000000000000000e+00,0.000000000000000000e+00,-2.852173759967992564e-02,-7.482048968972447589e-02,-5.131861532109768254e-01,-0.000000000000000000e+00,-0.000000000000000000e+00,-3.108897850967408116e-01,-1.361800465377550062e-01,-1.332998692407905972e-01,0.000000000000000000e+00,-1.000200244498869184e-01,-0.000000000000000000e+00,-0.000000000000000000e+00,0.000000000000000000e+00,-0.000000000000000000e+00
-0.000000000000000000e+00,-0.000000000000000000e+00,-3.460600980604638943e-01,1.900347934304543296e+00,-0.000000000000000000e+00,0.000000000000000000e+00,-2.296636665810330158e-01,1.966645610904155794e-01,0.000000000000000000e+00,-0.000000000000000000e+00,-0.000000000000000000e+00,-0.000000000000000000e+00,-0.000000000000000000e+00,-0.000000000000000000e+00,1.778453077920817416e-01,-0.000000000000000000e+00,-0.000000000000000000e+00,-0.000000000000000000e+00,-2.025407041221464477e-01,0.000000000000000000e+00,0.000000000000000000e+00,-0.000000000000000000e+00,0.000000000000000000e+00,-0.000000000000000000e+00,0.000000000000000000e+00,-0.000000000000000000e+00,-0.000000000000000000e+00,-4.757712179462262880e-01,-0.000000000000000000e+00,-0.000000000000000000e+00,-1.311064362669574768e-01,-0.000000000000000000e+00,-0.000000000000000000e+00,1.191877362590009273e-02,-0.000000000000000000e+00,-0.000000000000000000e+00,-0.000000000000000000e+00,0.000000000000000000e+00,-0.000000000000000000e+00
-2.839365816194101555e-01,-0.000000000000000000e+00,-0.000000000000000000e+00,-0.000000000000000000e+00,1.803250652979171198e+00,-0.000000000000000000e+00,0.000000000000000000e+00,6.906221384013347397e-02,-3.597958808555880572e-01,-0.000000000000000000e+00,-0.000000000000000000e+00,-0.000000000000000000e+00,-0.000000000000000000e+00,-6.983868104500375040e-02,-0.000000000000000000e+00,-0.000000000000000000e+00,-0.000000000000000000e+00,-4.438699458809804987e-01,-0.000000000000000000e+00,1.064630668886100556e-01,-1.523656675299145113e-01,-0.000000000000000000e+00,0.000000000000000000e+00,-0.000000000000000000e+00,-0.000000000000000000e+00,-4.370670559946136097e-02,-0.000000000000000000e+00,-0.000000000000000000e+00,-0.000000000000000000e+00,-1.451864093241584108e-01,-0.000000000000000000e+00,-0.000000000000000000e+00,-0.000000000000000000e+00,-0.000000000000000000e+00,-0.000000000000000000e+00,0.000000000000000000e+00,-0.000000000000000000e+00,-0.000000000000000000e+00,-1.360692048288861533e-01
-0.000000000000000000e+00,-0.000000000000000000e+00,-0.000000000000000000e+00,0.000000000000000000e+00,-0.000000000000000000e+00,2.029266318428209370e+00,0.000000000000000000e+00,0.000000000000000000e+00,0.000000000000000000e+00,-1.128749109095162212e-01,-5.939988977953972737e-01,1.047734553390488460e-01,-0.000000000000000000e+00,-0.000000000000000000e+00,0.000000000000000000e+00,-0.000000000000000000e+00,-5.850078855044730242e-01,-0.000000000000000000e+00,-0.000000000000000000e+00,0.000000000000000000e+00,-9.179030824694665858e-02,-0.000000000000000000e+00,-0.000000000000000000e+00,-5.683629040213785365e-03,-2.762024167365200941e-02,-0.000000000000000000e+00,-0.000000000000000000e+00,-0.000000000000000000e+00,-9.725392689925457801e-02,-0.000000000000000000e+00,-0.000000000000000000e+00,-0.000000000000000000e+00,-0.000000000000000000e+00,0.000000000000000000e+00,-0.000000000000000000e+00,0.000000000000000000e+00,-3.039642233381891212e-01,0.000000000000000000e+00,0.000000000000000000e+00
0.000000000000000000e+00,-0.000000000000000000e+00,-0.000000000000000000e+00,-2.296636665810330158e-01,0.000000000000000000e+00,0.000000000000000000e+00,1.646614929613675837e+00,0.000000000000000000e+00,1.873923266372336527e-01,0.000000000000000000e+00,-0.000000000000000000e+00,-0.000000000000000000e+00,-0.000000000000000000e+00,-0.000000000000000000e+00,3.823704037817512447e-01,-0.000000000000000000e+00,-0.000000000000000000e+00,0.000000000000000000e+00,-0.000000000000000000e+00,-0.000000000000000000e+00,0.000000000000000000e+00,-0.000000000000000000e+00,0.000000000000000000e+00,0.000000000000000000e+00,1.229193328108625985e-02,-0.000000000000000000e+00,-0.000000000000000000e+00,-4.278921601259527696e-01,-0.000000000000000000e+00,0.000000000000000000e+00,-0.000000000000000000e+00,-2.259694094745796911e-02,-0.000000000000000000e+00,1.601204059362301146e-01,-0.000000000000000000e+00,-3.686939567836881870e-02,-0.000000000000000000e+00,9.328230538291701346e-02,0.000000000000000000e+00
0.000000000000000000e+00,2.159988420522996055e-01,8.347888014534814438e-01,1.966645610904155794e-01,6.906221384013347397e-02,0.000000000000000000e+00,0.000000000000000000e+00,2.394334003234081631e+00,0.000000000000000000e+00,0.000000000000000000e+00,0.000000000000000000e+00,0.000000000000000000e+00,0.000000000000000000e+00,1.474959812758825650e-01,-0.000000000000000000e+00,0.000000000000000000e+00,0.000000000000000000e+00,0.000000000000000000e+00,0.000000000000000000e+00,-5.029835813397862815e-02,0.000000000000000000e+00,0.000000000000000000e+00,-0.000000000000000000e+00,0.000000000000000000e+00,-0.000000000000000000e+00,1.934206681413762619e-01,9.615827686630996907e-02,3.241399096716622852e-01,0.000000000000000000e+00,0.000000000000000000e+00,1.618936953750166885e-01,0.000000000000000000e+00,5.536862171863430465e-02,-0.000000000000000000e+00,0.000000000000000000e+00,0.000000000000000000e+00,0.000000000000000000e+00,-0.000000000000000000e+00,0.000000000000000000e+00
-1.524601952330351118e-01,-0.000000000000000000e+00,-0.000000000000000000e+00,0.000000000000000000e+00,-3.597958808555880572e-01,0.000000000000000000e+00,1.873923266372336527e-01,0.000000000000000000e+00,1.976839498779417781e+00,-0.000000000000000000e+00,0.000000000000000000e+00,-0.000000000000000000e+00,0.000000000000000000e+00,-0.000000000000000000e+00,-2.521384645777984268e-01,-0.000000000000000000e+00,0.000000000000000000e+00,-2.516596061802486295e-01,-0.000000000000000000e+00,0.000000000000000000e+00,-9.071688996082463707e-02,-0.000000000000000000e+00,0.000000000000000000e+00,-0.000000000000000000e+00,-0.000000000000000000e+00,-0.000000000000000000e+00,-0.000000000000000000e+00,0.000000000000000000e+00,-0.000000000000000000e+00,-3.864760344661039015e-02,0.000000000000000000e+00,0.000000000000000000e+00,-0.000000000000000000e+00,-3.835305384175332066e-01,0.000000000000000000e+00,0.000000000000000000e+00,0.000000000000000000e+00,-2.408668006699086761e-01,-5.379461527681551614e-01
-0.000000000000000000e+00,-4.771432333564644412e-02,-0.000000000000000000e+00,-0.000000000000000000e+00,-0.000000000000000000e+00,-1.128749109095162212e-01,0.000000000000000000e+00,0.000000000000000000e+00,-0.000000000000000000e+00,2.004442157387726908e+00,-0.000000000000000000e+00,-0.000000000000000000e+00,-1.884461466085036174e-01,-0.000000000000000000e+00,0.000000000000000000e+00,-5.904097234730205646e-01,-1.523649720413252848e-02,-0.000000000000000000e+00,-6.884831061111917894e-02,0.000000000000000000e+00,-0.000000000000000000e+00,-0.000000000000000000e+00,-0.000000000000000000e+00,-3.526015005928636592e-01,-2.658229358125412389e-01,-0.000000000000000000e+00,-0.000000000000000000e+00,-0.000000000000000000e+00,-1.234026339820546714e-01,-3.736249159824938659e-01,-0.000000000000000000e+00,-4.388476148971195284e-02,-0.000000000000000000e+00,0.000000000000000000e+00,-0.000000000000000000e+00,-0.000000000000000000e+00,-0.000000000000000000e+00,-0.000000000000000000e+00,-0.000000000000000000e+00
-0.000000000000000000e+00,-0.000000000000000000e+00,-0.000000000000000000e+00,-0.000000000000000000e+00,-0.000000000000000000e+00,-5.939988977953972737e-01,-0.000000000000000000e+00,0.000000000000000000e+00,0.000000000000000000e+00,-0.000000000000000000e+00,2.158847215799986063e+00,2.074909537349716171e-01,-0.000000000000000000e+00,-0.000000000000000000e+00,1.345215319013502719e-02,-0.000000000000000000e+00,-5.526447258732096746e-01,-0.000000000000000000e+00,0.000000000000000000e+00,1.364651891100409631e-01,-0.000000000000000000e+00,-0.000000000000000000e+00,0.000000000000000000e+00,-0.000000000000000000e+00,-0.000000000000000000e+00,-0.000000000000000000e+00,-0.000000000000000000e+00,-0.000000000000000000e+00,-1.232060106155567630e-01,-0.000000000000000000e+00,-0.000000000000000000e+00,-0.000000000000000000e+00,-0.000000000000000000e+00,0.000000000000000000e+00,-4.629406847103698097e-02,0.000000000000000000e+00,-4.563350087322589066e-01,0.000000000000000000e+00,0.000000000000000000e+00
0.000000000000000000e+00,-0.000000000000000000e+00,-0.000000000000000000e+00,-0.000000000000000000e+00,-0.000000000000000000e+00,1.047734553390488460e-01,-0.000000000000000000e+00,0.000000000000000000e+00,-0.000000000000000000e+00,-0.000000000000000000e+00,2.074909537349716171e-01,1.214508287503287765e+00,0.000000000000000000e+00,0.000000000000000000e+00,-0.000000000000000000e+00,-5.761258877513990295e-03,6.226126515038205717e-02,-0.000000000000000000e+00,-2.352333767863934166e-01,-0.000000000000000000e+00,0.000000000000000000e+00,0.000000000000000000e+00,-1.539104775782852361e-02,-0.000000000000000000e+00,-0.000000000000000000e+00,0.000000000000000000e+00,-0.000000000000000000e+00,-0.000000000000000000e+00,0.000000000000000000e+00,-0.000000000000000000e+00,-0.000000000000000000e+00,-0.000000000000000000e+00,0.000000000000000000e+00,-0.000000000000000000e+00,0.000000000000000000e+00,-0.000000000000000000e+00,0.000000000000000000e+00,-1.187114373368199360e-01,-2.537750741165173962e-01
-0.000000000000000000e+00,-0.000000000000000000e+00,-0.000000000000000000e+00,-0.000000000000000000e+00,-0.000000000000000000e+00,-0.000000000000000000e+00,-0.000000000000000000e+00,0.000000000000000000e+00,0.000000000000000000e+00,-1.884461466085036174e-01,-0.000000000000000000e+00,0.000000000000000000e+00,1.035371574944410566e+00,-0.000000000000000000e+00,0.000000000000000000e+00,-0.000000000000000000e+00,-0.000000000000000000e+00,-0.000000000000000000e+00,-0.000000000000000000e+00,0.000000000000000000e+00,-0.000000000000000000e+00,-0.000000000000000000e+00,-0.000000000000000000e+00,-0.000000000000000000e+00,-0.000000000000000000e+00,-0.000000000000000000e+00,-0.000000000000000000e+00,-0.000000000000000000e+00,-0.000000000000000000e+00,-0.000000000000000000e+00,-0.000000000000000000e+00,-0.000000000000000000e+00,-0.000000000000000000e+00,1.648865031704869338e-02,-0.000000000000000000e+00,9.711129941107250058e-03,-0.000000000000000000e+00,-0.000000000000000000e+00,-0.000000000000000000e+00
-3.306531931945002611e-01,-1.722093458859081938e-01,-4.281546592964942388e-02,-0.000000000000000000e+00,-6.983868104500375040e-02,-0.000000000000000000e+00,-0.000000000000000000e+00,1.474959812758825650e-01,-0.000000000000000000e+00,-0.000000000000000000e+00,-0.000000000000000000e+00,0.000000000000000000e+00,-0.000000000000000000e+00,2.549898764419150865e+00,0.000000000000000000e+00,-0.000000000000000000e+00,-0.000000000000000000e+00,-1.441534222821705402e-01,-0.000000000000000000e+00,4.577121042299300835e-02,-8.609963178579774223e-02,-9.605151419457985673e-02,6.939467253812878211e-02,-0.000000000000000000e+00,0.000000000000000000e+00,-4.654753779250898615e-01,-3.120730966821109176e-01,-7.333615610575307253e-02,-2.685687562252352945e-01,-0.000000000000000000e+00,-1.569732841840918436e-01,-0.000000000000000000e+00,-1.900702588028586604e-01,0.000000000000000000e+00,-9.617046296750011991e-02,0.000000000000000000e+00,-0.000000000000000000e+00,0.000000000000000000e+00,-0.000000000000000000e+00
-0.000000000000000000e+00,0.000000000000000000e+00,4.477386082847855525e-02,1.778453077920817416e-01,-0.000000000000000000e+00,0.000000000000000000e+00,3.823704037817512447e-01,-0.000000000000000000e+00,-2.521384645777984268e-01,0.000000000000000000e+00,1.345215319013502719e-02,-0.000000000000000000e+00,0.000000000000000000e+00,0.000000000000000000e+00,2.120091079186229965e+00,0.000000000000000000e+00,5.909876099754669820e-02,-0.000000000000000000e+00,0.000000000000000000e+00,-0.000000000000000000e+00,-0.000000000000000000e+00,0.000000000000000000e+00,0.000000000000000000e+00,0.000000000000000000e+00,-0.000000000000000000e+00,0.000000000000000000e+00,0.000000000000000000e+00,0.000000000000000000e+00,0.000000000000000000e+00,-0.000000000000000000e+00,1.190590775689896741e-01,5.045092854197664733e-01,0.000000000000000000e+00,-6.348899323177272791e-01,0.000000000000000000e+00,5.932879935228624335e-02,0.000000000000000000e+00,-1.568927912352556797e-01,-0.000000000000000000e+00
-0.000000000000000000e+00,-1.246738716186128332e-01,-0.000000000000000000e+00,-0.000000000000000000e+00,-0.000000000000000000e+00,-0.000000000000000000e+00,-0.000000000000000000e+00,0.000000000000000000e+00,-0.000000000000000000e+00,-5.904097234730205646e-01,-0.000000000000000000e+00,-5.761258877513990295e-03,-0.000000000000000000e+00,-0.000000000000000000e+00,0.000000000000000000e+00,2.006613986756172530e+00,-0.000000000000000000e+00,-0.000000000000000000e+00,-0.000000000000000000e+00,0.000000000000000000e+00,-0.000000000000000000e+00,-0.000000000000000000e+00,-3.111314254666910917e-01,-3.897698126280620956e-01,-2.056763459952427181e-02,-0.000000000000000000e+00,-0.000000000000000000e+00,-0.000000000000000000e+00,-0.000000000000000000e+00,-3.389912067797407058e-01,-0.000000000000000000e+00,-2.717627973080846693e-01,-0.000000000000000000e+00,0.000000000000000000e+00,-0.000000000000000000e+00,-0.000000000000000000e+00,-0.000000000000000000e+00,-0.000000000000000000e+00,-0.000000000000000000e+00
-0.000000000000000000e+00,-0.000000000000000000e+00,-0.000000000000000000e+00,-0.000000000000000000e+00,-0.000000000000000000e+00,-5.850078855044730242e-01,-0.000000000000000000e+00,0.000000000000000000e+00,0.000000000000000000e+00,-1.523649720413252848e-02,-5.526447258732096746e-01,6.226126515038205717e-02,-0.000000000000000000e+00,-0.000000000000000000e+00,5.909876099754669820e-02,-0.000000000000000000e+00,2.296400034512945165e+00,-0.000000000000000000e+00,-0.000000000000000000e+00,0.000000000000000000e+00,-0.000000000000000000e+00,-0.000000000000000000e+00,-0.000000000000000000e+00,-7.072547471794923823e-02,-0.000000000000000000e+00,-0.000000000000000000e+00,-0.000000000000000000e+00,-0.000000000000000000e+00,-2.977235207986396737e-01,-0.000000000000000000e+00,-0.000000000000000000e+00,-3.690311369733519919e-01,-0.000000000000000000e+00,1.296702335776115655e-01,-1.175417858236139645e-01,-0.000000000000000000e+00,-1.167807515424383880e-01,0.000000000000000000e+00,0.000000000000000000e+00
-1.238457950683692493e-01,-0.000000000000000000e+00,-0.000000000000000000e+00,-0.000000000000000000e+00,-4.438699458809804987e-01,-0.000000000000000000e+00,0.000000000000000000e+00,0.000000000000000000e+00,-2.516596061802486295e-01,-0.000000000000000000e+00,-0.000000000000000000e+00,-0.000000000000000000e+00,-0.000000000000000000e+00,-1.441534222821705402e-01,-0.000000000000000000e+00,-0.000000000000000000e+00,-0.000000000000000000e+00,2.070151458461621186e+00,-2.378438832560206273e-01,0.000000000000000000e+00,-1.510703876664545864e-01,-0.000000000000000000e+00,0.000000000000000000e+00,-0.000000000000000000e+00,0.000000000000000000e+00,-4.449794160123533016e-01,-9.381516893906161059e-02,-0.000000000000000000e+00,-0.000000000000000000e+00,-6.752962658540324903e-02,-0.000000000000000000e+00,-0.000000000000000000e+00,-0.000000000000000000e+00,-0.000000000000000000e+00,-0.000000000000000000e+00,2.944914851720290550e-01,-0.000000000000000000e+00,-0.000000000000000000e+00,-1.174281628469987238e-01
-0.000000000000000000e+00,-0.000000000000000000e+00,-1.330643814687064268e-02,-2.025407041221464477e-01,-0.000000000000000000e+00,-0.000000000000000000e+00,-0.000000000000000000e+00,0.000000000000000000e+00,-0.000000000000000000e+00,-6.884831061111917894e-02,0.000000000000000000e+00,-2.352333767863934166e-01,-0.000000000000000000e+00,-0.000000000000000000e+00,0.000000000000000000e+00,-0.000000000000000000e+00,-0.000000000000000000e+00,-2.378438832560206273e-01,1.396485512858883560e+00,0.000000000000000000e+00,-0.000000000000000000e+00,-1.113606213691371305e-01,-0.000000000000000000e+00,-3.746707761255656938e-02,-0.000000000000000000e+00,-0.000000000000000000e+00,-1.781060580963235440e-01,-0.000000000000000000e+00,-0.000000000000000000e+00,-4.028985692752885817e-02,-0.000000000000000000e+00,-0.000000000000000000e+00,-1.000684469029757863e-02,0.000000000000000000e+00,-0.000000000000000000e+00,0.000000000000000000e+00,-0.000000000000000000e+00,-0.000000000000000000e+00,-1.542967416342822529e-01
7.482590977658384879e-02,1.298433935389345650e-01,0.000000000000000000e+00,0.000000000000000000e+00,1.064630668886100556e-01,0.000000000000000000e+00,-0.000000000000000000e+00,-5.029835813397862815e-02,0.000000000000000000e+00,0.000000000000000000e+00,1.364651891100409631e-01,-0.000000000000000000e+00,0.000000000000000000e+00,4.577121042299300835e-02,-0.000000000000000000e+00,0.000000000000000000e+00,0.000000000000000000e+00,0.000000000000000000e+00,0.000000000000000000e+00,1.344877303600536367e+00,0.000000000000000000e+00,0.000000000000000000e+00,-0.000000000000000000e+00,0.000000000000000000e+00,-0.000000000000000000e+00,0.000000000000000000e+00,1.738484965084990119e-01,0.000000000000000000e+00,6.853244317355455806e-02,0.000000000000000000e+00,0.000000000000000000e+00,0.000000000000000000e+00,1.193721750094373368e-01,-0.000000000000000000e+00,2.132335871704040334e-02,-0.000000000000000000e+00,2.360499792650817830e-02,-0.000000000000000000e+00,0.000000000000000000e+00
-1.754548057209932566e-01,-0.000000000000000000e+00,-0.000000000000000000e+00,0.000000000000000000e+00,-1.523656675299145113e-01,-9.179030824694665858e-02,0.000000000000000000e+00,0.000000000000000000e+00,-9.071688996082463707e-02,-0.000000000000000000e+00,-0.000000000000000000e+00,0.000000000000000000e+00,-0.000000000000000000e+00,-8.609963178579774223e-02,-0.000000000000000000e+00,-0.000000000000000000e+00,-0.000000000000000000e+00,-1.510703876664545864e-01,-0.000000000000000000e+00,0.000000000000000000e+00,1.448303413396218486e+00,-2.309828334025442742e-01,0.000000000000000000e+00,-0.000000000000000000e+00,-0.000000000000000000e+00,-5.998517730668774528e-02,-0.000000000000000000e+00,-0.000000000000000000e+00,-1.066814514105583200e-01,-0.000000000000000000e+00,-0.000000000000000000e+00,-0.000000000000000000e+00,-0.000000000000000000e+00,-0.000000000000000000e+00,-0.000000000000000000e+00,6.111831017316516484e-02,-0.000000000000000000e+00,-0.000000000000000000e+00,-0.000000000000000000e+00
-0.000000000000000000e+00,-0.000000000000000000e+00,-0.000000000000000000e+00,-0.000000000000000000e+00,-0.000000000000000000e+00,-0.000000000000000000e+00,-0.000000000000000000e+00,0.000000000000000000e+00,-0.000000000000000000e+00,-0.000000000000000000e+00,-0.000000000000000000e+00,0.000000000000000000e+00,-0.000000000000000000e+00,-9.605151419457985673e-02,0.000000000000000000e+00,-0.000000000000000000e+00,-0.000000000000000000e+00,-0.000000000000000000e+00,-1.113606213691371305e-01,0.000000000000000000e+00,-2.309828334025442742e-01,2.056784953305774710e+00,0.000000000000000000e+00,-0.000000000000000000e+00,0.000000000000000000e+00,-1.189160287336444299e-01,-2.130620473986715724e-01,-6.296849123085311584e-02,-1.231375040135257448e-01,-0.000000000000000000e+00,-1.901867533207018957e-01,-1.161243224601113816e-01,-3.162319614549287117e-01,0.000000000000000000e+00,-2.357510244171567848e-01,0.000000000000000000e+00,-1.654474785829020411e-01,0.000000000000000000e+00,-0.000000000000000000e+00
1.874266686645054969e-01,0.000000000000000000e+00,0.000000000000000000e+00,0.000000000000000000e+00,0.000000000000000000e+00,-0.000000000000000000e+00,0.000000000000000000e+00,-0.000000000000000000e+00,0.000000000000000000e+00,-0.000000000000000000e+00,0.000000000000000000e+00,-1.539104775782852361e-02,-0.000000000000000000e+00,6.939467253812878211e-02,0.000000000000000000e+00,-3.111314254666910917e-01,-0.000000000000000000e+00,0.000000000000000000e+00,-0.000000000000000000e+00,-0.000000000000000000e+00,0.000000000000000000e+00,0.000000000000000000e+00,1.564570616877472897e+00,-2.205206388497613357e-01,-5.973547061009262249e-01,0.000000000000000000e+00,0.000000000000000000e+00,0.000000000000000000e+00,0.000000000000000000e+00,-0.000000000000000000e+00,0.000000000000000000e+00,-0.000000000000000000e+00,0.000000000000000000e+00,-0.000000000000000000e+00,0.000000000000000000e+00,-1.435271081984325625e-01,0.000000000000000000e+00,-0.000000000000000000e+00,-0.000000000000000000e+00
0.000000000000000000e+00,-0.000000000000000000e+00,-0.000000000000000000e+00,-0.000000000000000000e+00,-0.000000000000000000e+00,-5.683629040213785365e-03,0.000000000000000000e+00,0.000000000000000000e+00,-0.000000000000000000e+00,-3.526015005928636592e-01,-0.000000000000000000e+00,-0.000000000000000000e+00,-0.000000000000000000e+00,-0.000000000000000000e+00,0.000000000000000000e+00,-3.897698126280620956e-01,-7.072547471794923823e-02,-0.000000000000000000e+00,-3.746707761255656938e-02,0.000000000000000000e+00,-0.000000000000000000e+00,-0.000000000000000000e+00,-2.205206388497613357e-01,1.768657542959285012e+00,-3.571953953444317320e-01,-0.000000000000000000e+00,-0.000000000000000000e+00,-0.000000000000000000e+00,-0.000000000000000000e+00,-6.664030692272712719e-02,-0.000000000000000000e+00,-1.519177972275049804e-01,-0.000000000000000000e+00,0.000000000000000000e+00,-0.000000000000000000e+00,-0.000000000000000000e+00,-0.000000000000000000e+00,-0.000000000000000000e+00,-0.000000000000000000e+00
0.000000000000000000e+00,0.000000000000000000e+00,0.000000000000000000e+00,0.000000000000000000e+00,-0.000000000000000000e+00,-2.762024167365200941e-02,1.229193328108625985e-02,-0.000000000000000000e+00,-0.000000000000000000e+00,-2.658229358125412389e-01,-0.000000000000000000e+00,-0.000000000000000000e+00,-0.000000000000000000e+00,0.000000000000000000e+00,-0.000000000000000000e+00,-2.056763459952427181e-02,-0.000000000000000000e+00,0.000000000000000000e+00,-0.000000000000000000e+00,-0.000000000000000000e+00,-0.000000000000000000e+00,0.000000000000000000e+00,-5.973547061009262249e-01,-3.571953953444317320e-01,1.682630814032834987e+00,0.000000000000000000e+00,0.000000000000000000e+00,0.000000000000000000e+00,-0.000000000000000000e+00,-1.571711400868440744e-01,0.000000000000000000e+00,-0.000000000000000000e+00,0.000000000000000000e+00,-0.000000000000000000e+00,0.000000000000000000e+00,-0.000000000000000000e+00,0.000000000000000000e+00,-8.014184948873244452e-02,-0.000000000000000000e+00
-3.096426688536109140e-01,-0.000000000000000000e+00,-2.852173759967992564e-02,-0.000000000000000000e+00,-4.370670559946136097e-02,-0.000000000000000000e+00,-0.000000000000000000e+00,1.934206681413762619e-01,-0.000000000000000000e+00,-0.000000000000000000e+00,-0.000000000000000000e+00,0.000000000000000000e+00,-0.000000000000000000e+00,-4.654753779250898615e-01,0.000000000000000000e+00,-0.000000000000000000e+00,-0.000000000000000000e+00,-4.449794160123533016e-01,-0.000000000000000000e+00,0.000000000000000000e+00,-5.998517730668774528e-02,-1.189160287336444299e-01,0.000000000000000000e+00,-0.000000000000000000e+00,0.000000000000000000e+00,2.535592258795628329e+00,-4.548318100113227236e-01,-9.140814524485042780e-02,-2.971886671221994347e-01,-0.000000000000000000e+00,-0.000000000000000000e+00,-0.000000000000000000e+00,-1.245081696921685327e-01,0.000000000000000000e+00,-0.000000000000000000e+00,0.000000000000000000e+00,-0.000000000000000000e+00,-0.000000000000000000e+00,-8.832452406698635891e-03
-0.000000000000000000e+00,-0.000000000000000000e+00,-7.482048968972447589e-02,-0.000000000000000000e+00,-0.000000000000000000e+00,-0.000000000000000000e+00,-0.000000000000000000e+00,9.615827686630996907e-02,-0.000000000000000000e+00,-0.000000000000000000e+00,-0.000000000000000000e+00,-0.000000000000000000e+00,-0.000000000000000000e+00,-3.120730966821109176e-01,0.000000000000000000e+00,-0.000000000000000000e+00,-0.000000000000000000e+00,-9.381516893906161059e-02,-1.781060580963235440e-01,1.738484965084990119e-01,-0.000000000000000000e+00,-2.130620473986715724e-01,0.000000000000000000e+00,-0.000000000000000000e+00,0.000000000000000000e+00,-4.548318100113227236e-01,2.516656354288552944e+00,-2.747216915354498169e-03,-0.000000000000000000e+00,-0.000000000000000000e+00,-4.643205518920778818e-01,-0.000000000000000000e+00,-3.734736524374432376e-01,0.000000000000000000e+00,-1.369551915341667703e-01,0.000000000000000000e+00,-7.550487514733933252e-03,0.000000000000000000e+00,-0.000000000000000000e+00
-0.000000000000000000e+00,-0.000000000000000000e+00,-5.131861532109768254e-01,-4.757712179462262880e-01,-0.000000000000000000e+00,-0.000000000000000000e+00,-4.278921601259527696e-01,3.241399096716622852e-01,0.000000000000000000e+00,-0.000000000000000000e+00,-0.000000000000000000e+00,-0.000000000000000000e+00,-0.000000000000000000e+00,-7.333615610575307253e-02,0.000000000000000000e+00,-0.000000000000000000e+00,-0.000000000000000000e+00,-0.000000000000000000e+00,-0.000000000000000000e+00,0.000000000000000000e+00,-0.000000000000000000e+00,-6.296849123085311584e-02,0.000000000000000000e+00,-0.000000000000000000e+00,0.000000000000000000e+00,-9.140814524485042780e-02,-2.747216915354498169e-03,2.516028706607256193e+00,-0.000000000000000000e+00,-0.000000000000000000e+00,-2.928660891377780073e-01,-3.612436460773560485e-03,-6.040302064786236269e-02,0.000000000000000000e+00,-2.590567074801101155e-01,-0.000000000000000000e+00,-0.000000000000000000e+00,0.000000000000000000e+00,-0.000000000000000000e+00
-0.000000000000000000e+00,-2.326767112696144779e-01,-0.000000000000000000e+00,-0.000000000000000000e+00,-0.000000000000000000e+00,-9.725392689925457801e-02,-0.000000000000000000e+00,0.000000000000000000e+00,-0.000000000000000000e+00,-1.234026339820546714e-01,-1.232060106155567630e-01,0.000000000000000000e+00,-0.000000000000000000e+00,-2.685687562252352945e-01,0.000000000000000000e+00,-0.000000000000000000e+00,-2.977235207986396737e-01,-0.000000000000000000e+00,-0.000000000000000000e+00,6.853244317355455806e-02,-1.066814514105583200e-01,-1.231375040135257448e-01,0.000000000000000000e+00,-0.000000000000000000e+00,-0.000000000000000000e+00,-2.971886671221994347e-01,-0.000000000000000000e+00,-0.000000000000000000e+00,2.463682634842130348e+00,-0.000000000000000000e+00,-0.000000000000000000e+00,-1.432033227447260942e-02,-3.061757827908191398e-01,0.000000000000000000e+00,-4.481163783965561032e-01,0.000000000000000000e+00,-1.253004048367688250e-01,0.000000000000000000e+00,-0.000000000000000000e+00
-0.000000000000000000e+00,-0.000000000000000000e+00,-0.000000000000000000e+00,-0.000000000000000000e+00,-1.451864093241584108e-01,-0.000000000000000000e+00,0.000000000000000000e+00,0.000000000000000000e+00,-3.864760344661039015e-02,-3.736249159824938659e-01,-0.000000000000000000e+00,-0.000000000000000000e+00,-0.000000000000000000e+00,-0.000000000000000000e+00,-0.000000000000000000e+00,-3.389912067797407058e-01,-0.000000000000000000e+00,-6.752962658540324903e-02,-4.028985692752885817e-02,0.000000000000000000e+00,-0.000000000000000000e+00,-0.000000000000000000e+00,-0.000000000000000000e+00,-6.664030692272712719e-02,-1.571711400868440744e-01,-0.000000000000000000e+00,-0.000000000000000000e+00,-0.000000000000000000e+00,-0.000000000000000000e+00,1.567037740284529690e+00,-0.000000000000000000e+00,-0.000000000000000000e+00,-0.000000000000000000e+00,-0.000000000000000000e+00,-0.000000000000000000e+00,-0.000000000000000000e+00,-0.000000000000000000e+00,-9.513143933460441182e-02,-1.593356834238423836e-01
-0.000000000000000000e+00,-2.304975359953398070e-02,-3.108897850967408116e-01,-1.311064362669574768e-01,-0.000000000000000000e+00,-0.000000000000000000e+00,-0.000000000000000000e+00,1.618936953750166885e-01,0.000000000000000000e+00,-0.000000000000000000e+00,-0.000000000000000000e+00,-0.000000000000000000e+00,-0.000000000000000000e+00,-1.569732841840918436e-01,1.190590775689896741e-01,-0.000000000000000000e+00,-0.000000000000000000e+00,-0.000000000000000000e+00,-0.000000000000000000e+00,0.000000000000000000e+00,-0.000000000000000000e+00,-1.901867533207018957e-01,0.000000000000000000e+00,-0.000000000000000000e+00,0.000000000000000000e+00,-0.000000000000000000e+00,-4.643205518920778818e-01,-2.928660891377780073e-01,-0.000000000000000000e+00,-0.000000000000000000e+00,2.756309486849768842e+00,-6.740598380604469197e-02,-3.895946388398689453e-01,7.463403709565796795e-02,-3.167336008099325695e-01,0.000000000000000000e+00,-2.092166463282950917e-01,0.000000000000000000e+00,-0.000000000000000000e+00
-0.000000000000000000e+00,-4.378723674419990330e-02,-1.361800465377550062e-01,-0.000000000000000000e+00,-0.000000000000000000e+00,-0.000000000000000000e+00,-2.259694094745796911e-02,0.000000000000000000e+00,0.000000000000000000e+00,-4.388476148971195284e-02,-0.000000000000000000e+00,-0.000000000000000000e+00,-0.000000000000000000e+00,-0.000000000000000000e+00,5.045092854197664733e-01,-2.717627973080846693e-01,-3.690311369733519919e-01,-0.000000000000000000e+00,-0.000000000000000000e+00,0.000000000000000000e+00,-0.000000000000000000e+00,-1.161243224601113816e-01,-0.000000000000000000e+00,-1.519177972275049804e-01,-0.000000000000000000e+00,-0.000000000000000000e+00,-0.000000000000000000e+00,-3.612436460773560485e-03,-1.432033227447260942e-02,-0.000000000000000000e+00,-6.740598380604469197e-02,2.093183719561745537e+00,-6.841652162071333587e-02,0.000000000000000000e+00,-2.262247054265168478e-01,-0.000000000000000000e+00,-2.148572306000784971e-01,0.000000000000000000e+00,-0.000000000000000000e+00
-0.000000000000000000e+00,-7.037086794679818513e-02,-1.332998692407905972e-01,-0.000000000000000000e+00,-0.000000000000000000e+00,-0.000000000000000000e+00,-0.000000000000000000e+00,5.536862171863430465e-02,-0.000000000000000000e+00,-0.000000000000000000e+00,-0.000000000000000000e+00,0.000000000000000000e+00,-0.000000000000000000e+00,-1.900702588028586604e-01,0.000000000000000000e+00,-0.000000000000000000e+00,-0.000000000000000000e+00,-0.000000000000000000e+00,-1.000684469029757863e-02,1.193721750094373368e-01,-0.000000000000000000e+00,-3.162319614549287117e-01,0.000000000000000000e+00,-0.000000000000000000e+00,0.000000000000000000e+00,-1.245081696921685327e-01,-3.734736524374432376e-01,-6.040302064786236269e-02,-3.061757827908191398e-01,-0.000000000000000000e+00,-3.895946388398689453e-01,-6.841652162071333587e-02,2.851943083797341405e+00,0.000000000000000000e+00,-4.605905013271451298e-01,0.000000000000000000e+00,-3.058145283303277395e-01,0.000000000000000000e+00,-0.000000000000000000e+00
-0.000000000000000000e+00,0.000000000000000000e+00,0.000000000000000000e+00,1.191877362590009273e-02,-0.000000000000000000e+00,0.000000000000000000e+00,1.601204059362301146e-01,-0.000000000000000000e+00,-3.835305384175332066e-01,0.000000000000000000e+00,0.000000000000000000e+00,-0.000000000000000000e+00,1.648865031704869338e-02,0.000000000000000000e+00,-6.348899323177272791e-01,0.000000000000000000e+00,1.296702335776115655e-01,-0.000000000000000000e+00,0.000000000000000000e+00,-0.000000000000000000e+00,-0.000000000000000000e+00,0.000000000000000000e+00,-0.000000000000000000e+00,0.000000000000000000e+00,-0.000000000000000000e+00,0.000000000000000000e+00,0.000000000000000000e+00,0.000000000000000000e+00,0.000000000000000000e+00,-0.000000000000000000e+00,7.463403709565796795e-02,0.000000000000000000e+00,0.000000000000000000e+00,1.750584630068291458e+00,1.568397261555898592e-01,0.000000000000000000e+00,0.000000000000000000e+00,-1.364792357925222188e-01,-0.000000000000000000e+00
-0.000000000000000000e+00,-0.000000000000000000e+00,-1.000200244498869184e-01,-0.000000000000000000e+00,-0.000000000000000000e+00,-0.000000000000000000e+00,-0.000000000000000000e+00,0.000000000000000000e+00,0.000000000000000000e+00,-0.000000000000000000e+00,-4.629406847103698097e-02,0.000000000000000000e+00,-0.000000000000000000e+00,-9.617046296750011991e-02,0.000000000000000000e+00,-0.000000000000000000e+00,-1.175417858236139645e-01,-0.000000000000000000e+00,-0.000000000000000000e+00,2.132335871704040334e-02,-0.000000000000000000e+00,-2.357510244171567848e-01,0.000000000000000000e+00,-0.000000000000000000e+00,0.000000000000000000e+00,-0.000000000000000000e+00,-1.369551915341667703e-01,-2.590567074801101155e-01,-4.481163783965561032e-01,-0.000000000000000000e+00,-3.167336008099325695e-01,-2.262247054265168478e-01,-4.605905013271451298e-01,1.568397261555898592e-01,2.806328900930331383e+00,0.000000000000000000e+00,-3.693870376876878248e-01,0.000000000000000000e+00,-0.000000000000000000e+00
0.000000000000000000e+00,-0.000000000000000000e+00,-0.000000000000000000e+00,-0.000000000000000000e+00,0.000000000000000000e+00,0.000000000000000000e+00,-3.686939567836881870e-02,0.000000000000000000e+00,0.000000000000000000e+00,-0.000000000000000000e+00,0.000000000000000000e+00,-0.000000000000000000e+00,9.711129941107250058e-03,0.000000000000000000e+00,5.932879935228624335e-02,-0.000000000000000000e+00,-0.000000000000000000e+00,2.944914851720290550e-01,0.000000000000000000e+00,-0.000000000000000000e+00,6.111831017316516484e-02,0.000000000000000000e+00,-1.435271081984325625e-01,-0.000000000000000000e+00,-0.000000000000000000e+00,0.000000000000000000e+00,0.000000000000000000e+00,-0.000000000000000000e+00,0.000000000000000000e+00,-0.000000000000000000e+00,0.000000000000000000e+00,-0.000000000000000000e+00,0.000000000000000000e+00,0.000000000000000000e+00,0.000000000000000000e+00,1.115832222628986958e+00,0.000000000000000000e+00,0.000000000000000000e+00,0.000000000000000000e+00
-0.000000000000000000e+00,-0.000000000000000000e+00,-0.000000000000000000e+00,-0.000000000000000000e+00,-0.000000000000000000e+00,-3.039642233381891212e-01,-0.000000000000000000e+00,0.000000000000000000e+00,0.000000000000000000e+00,-0.000000000000000000e+00,-4.563350087322589066e-01,0.000000000000000000e+00,-0.000000000000000000e+00,-0.000000000000000000e+00,0.000000000000000000e+00,-0.000000000000000000e+00,-1.167807515424383880e-01,-0.000000000000000000e+00,-0.000000000000000000e+00,2.360499792650817830e-02,-0.000000000000000000e+00,-1.654474785829020411e-01,0.000000000000000000e+00,-0.000000000000000000e+00,0.000000000000000000e+00,-0.000000000000000000e+00,-7.550487514733933252e-03,-0.000000000000000000e+00,-1.253004048367688250e-01,-0.000000000000000000e+00,-2.092166463282950917e-01,-2.148572306000784971e-01,-3.058145283303277395e-01,0.000000000000000000e+00,-3.693870376876878248e-01,0.000000000000000000e+00,2.319655888980745484e+00,3.634745266765944827e-03,-0.000000000000000000e+00
-0.000000000000000000e+00,-0.000000000000000000e+00,0.000000000000000000e+00,0.000000000000000000e+00,-0.000000000000000000e+00,0.000000000000000000e+00,9.328230538291701346e-02,-0.000000000000000000e+00,-2.408668006699086761e-01,-0.000000000000000000e+00,0.000000000000000000e+00,-1.187114373368199360e-01,-0.000000000000000000e+00,0.000000000000000000e+00,-1.568927912352556797e-01,-0.000000000000000000e+00,0.000000000000000000e+00,-0.000000000000000000e+00,-0.000000000000000000e+00,-0.000000000000000000e+00,-0.000000000000000000e+00,0.000000000000000000e+00,-0.000000000000000000e+00,-0.000000000000000000e+00,-8.014184948873244452e-02,-0.000000000000000000e+00,0.000000000000000000e+00,0.000000000000000000e+00,0.000000000000000000e+00,-9.513143933460441182e-02,0.000000000000000000e+00,0.000000000000000000e+00,0.000000000000000000e+00,-1.364792357925222188e-01,0.000000000000000000e+00,0.000000000000000000e+00,3.634745266765944827e-03,1.262481670026030844e+00,-8.644216317074733535e-02
-8.938194897439478981e-02,-1.550356778762927434e-01,-0.000000000000000000e+00,-0.000000000000000000e+00,-1.360692048288861533e-01,0.000000000000000000e+00,0.000000000000000000e+00,0.000000000000000000e+00,-5.379461527681551614e-01,-0.000000000000000000e+00,0.000000000000000000e+00,-2.537750741165173962e-01,-0.000000000000000000e+00,-0.000000000000000000e+00,-0.000000000000000000e+00,-0.000000000000000000e+00,0.000000000000000000e+00,-1.174281628469987238e-01,-1.542967416342822529e-01,0.000000000000000000e+00,-0.000000000000000000e+00,-0.000000000000000000e+00,-0.000000000000000000e+00,-0.000000000000000000e+00,-0.000000000000000000e+00,-8.832452406698635891e-03,-0.000000000000000000e+00,-0.000000000000000000e+00,-0.000000000000000000e+00,-1.593356834238423836e-01,-0.000000000000000000e+00,-0.000000000000000000e+00,-0.000000000000000000e+00,-0.000000000000000000e+00,-0.000000000000000000e+00,0.000000000000000000e+00,-0.000000000000000000e+00,-8.644216317074733535e-02,1.640316988623773176e+00
