1.676628974505266712e+00,0.000000000000000000e+00,8.819007325843368494e-02,2.106164826764292050e-02,-0.000000000000000000e+00,0.000000000000000000e+00,3.452844163037979003e-02,-0.000000000000000000e+00,-0.000000000000000000e+00,0.000000000000000000e+00,0.000000000000000000e+00,-1.735779992605213790e-02,0.000000000000000000e+00,0.000000000000000000e+00,-0.000000000000000000e+00,-1.087066818518587497e-01,5.374082705917647418e-02,-1.066134871869207305e-03,-0.000000000000000000e+00,5.757620796680860964e-02,0.000000000000000000e+00,3.237611119224622080e-01,-2.544078275277066870e-01,-0.000000000000000000e+00,0.000000000000000000e+00,3.281899496715348641e-01,-0.000000000000000000e+00,8.205633419146959873e-02,0.000000000000000000e+00,0.000000000000000000e+00,3.127373876362119637e-02,1.697886776011128807e-01,0.000000000000000000e+00,-0.000000000000000000e+00,-0.000000000000000000e+00,0.000000000000000000e+00,2.703080103584435956e-01,-1.118572732580470491e-01,-0.000000000000000000e+00
0.000000000000000000e+00,1.635334313769061021e+00,-0.000000000000000000e+00,0.000000000000000000e+00,-0.000000000000000000e+00,-1.060270536418414511e-01,0.000000000000000000e+00,8.183275332185753481e-02,-0.000000000000000000e+00,-9.613791831965751156e-02,-0.000000000000000000e+00,-2.379455609783292513e-01,-0.000000000000000000e+00,0.000000000000000000e+00,-0.000000000000000000e+00,-0.000000000000000000e+00,0.000000000000000000e+00,-0.000000000000000000e+00,-0.000000000000000000e+00,0.000000000000000000e+00,-0.000000000000000000e+00,-0.000000000000000000e+00,-0.000000000000000000e+00,-0.000000000000000000e+00,-3.308630940390957509e-01,-0.000000000000000000e+00,0.000000000000000000e+00,-0.000000000000000000e+00,-0.000000000000000000e+00,-0.000000000000000000e+00,-0.000000000000000000e+00,-9.111425670281654565e-02,-0.000000000000000000e+00,-0.000000000000000000e+00,-0.000000000000000000e+00,0.000000000000000000e+00,-3.371470631261010986e-01,-0.000000000000000000e+00,-3.219747945673888112e-01
8.819007325843368494e-02,-0.000000000000000000e+00,2.454471504674795579e+00,-0.000000000000000000e+00,-0.000000000000000000e+00,-1.692908927126961505e-01,-0.000000000000000000e+00,0.000000000000000000e+00,-0.000000000000000000e+00,-3.373000699662372787e-02,-1.084250751078721930e-01,0.000000000000000000e+00,-0.000000000000000000e+00,-0.000000000000000000e+00,-0.000000000000000000e+00,-0.000000000000000000e+00,-2.645949800892488102e-01,0.000000000000000000e+00,-0.000000000000000000e+00,-1.609825128648013359e-01,-2.794638753451600399e-01,-5.708178798459272868e-02,0.000000000000000000e+00,0.000000000000000000e+00,-0.000000000000000000e+00,-2.620925087612305804e-01,0.000000000000000000e+00,-3.148428225274979564e-01,-4.481306927238805360e-02,-0.000000000000000000e+00,-0.000000000000000000e+00,-5.482933871826958239e-01,-1.917898977839245234e-01,-0.000000000000000000e+00,5.328922543855834498e-02,-0.000000000000000000e+00,-9.914265941140015803e-02,-0.000000000000000000e+00,-0.000000000000000000e+00
2.106164826764292050e-02,0.000000000000000000e+00,-0.000000000000000000e+00,1.417460217831695291e+00,0.000000000000000000e+00,-0.000000000000000000e+00,-5.796917827546651525e-01,-0.000000000000000000e+00,1.529407336882623620e-04,0.000000000000000000e+00,-0.000000000000000000e+00,0.000000000000000000e+00,-0.000000000000000000e+00,0.000000000000000000e+00,8.033133473768722110e-02,0.000000000000000000e+00,-0.000000000000000000e+00,5.488421580487818502e-02,0.000000000000000000e+00,-1.824129127447436383e-01,-0.000000000000000000e+00,-0.000000000000000000e+00,1.533207747486669548e-01,0.000000000000000000e+00,0.000000000000000000e+00,-0.000000000000000000e+00,2.123519381425724157e-04,-0.000000000000000000e+00,-0.000000000000000000e+00,0.000000000000000000e+00,-0.000000000000000000e+00,-0.000000000000000000e+00,-0.000000000000000000e+00,6.984513237701242550e-02,0.000000000000000000e+00,-0.000000000000000000e+00,-0.000000000000000000e+00,0.000000000000000000e+00,0.000000000000000000e+00
-0.000000000000000000e+00,-0.000000000000000000e+00,-0.000000000000000000e+00,0.000000000000000000e+00,2.010715319126614276e+00,-6.953056414799241823e-03,0.000000000000000000e+00,0.000000000000000000e+00,-4.127556809421643602e-01,-0.000000000000000000e+00,-0.000000000000000000e+00,-0.000000000000000000e+00,-0.000000000000000000e+00,-4.966992276035482323e-01,-1.771928190270163350e-01,-0.000000000000000000e+00,-0.000000000000000000e+00,-0.000000000000000000e+00,-3.273720169900905530e-01,0.000000000000000000e+00,-6.126960253007497637e-02,-0.000000000000000000e+00,-6.589061771737630968e-02,0.000000000000000000e+00,-0.000000000000000000e+00,-9.464490343650990012e-02,-3.981135073302996541e-02,-0.000000000000000000e+00,-3.830354400282675459e-02,-3.815694038123749743e-01,-0.000000000000000000e+00,-0.000000000000000000e+00,-0.000000000000000000e+00,-1.852626964274959875e-01,1.590359263233570228e-02,-2.062002169854135203e-01,0.000000000000000000e+00,-0.000000000000000000e+00,-0.000000000000000000e+00
0.000000000000000000e+00,-1.060270536418414511e-01,-1.692908927126961505e-01,-0.000000000000000000e+00,-6.953056414799241823e-03,1.360509934968464618e+00,-0.000000000000000000e+00,0.000000000000000000e+00,-0.000000000000000000e+00,-1.296690516229314083e-01,-0.000000000000000000e+00,-0.000000000000000000e+00,-9.802956515050467723e-02,-0.000000000000000000e+00,-1.013737629834489812e-01,-0.000000000000000000e+00,-3.792146180987113462e-03,-0.000000000000000000e+00,-0.000000000000000000e+00,-0.000000000000000000e+00,-0.000000000000000000e+00,-0.000000000000000000e+00,-0.000000000000000000e+00,3.265112506976090151e-02,-0.000000000000000000e+00,-0.000000000000000000e+00,0.000000000000000000e+00,-0.000000000000000000e+00,-1.761830027100930174e-01,-0.000000000000000000e+00,-0.000000000000000000e+00,-2.224465832001953913e-01,-0.000000000000000000e+00,-1.986819638794711657e-02,0.000000000000000000e+00,-0.000000000000000000e+00,-0.000000000000000000e+00,-0.000000000000000000e+00,-0.000000000000000000e+00
3.452844163037979003e-02,0.000000000000000000e+00,-0.000000000000000000e+00,-5.796917827546651525e-01,0.000000000000000000e+00,-0.000000000000000000e+00,1.523236938254964867e+00,-0.000000000000000000e+00,0.000000000000000000e+00,-0.000000000000000000e+00,-0.000000000000000000e+00,2.148722763402708957e-01,-0.000000000000000000e+00,0.000000000000000000e+00,0.000000000000000000e+00,0.000000000000000000e+00,-0.000000000000000000e+00,1.134979799296381153e-01,0.000000000000000000e+00,-1.048662331473537296e-01,-0.000000000000000000e+00,-0.000000000000000000e+00,0.000000000000000000e+00,0.000000000000000000e+00,0.000000000000000000e+00,-0.000000000000000000e+00,0.000000000000000000e+00,-3.212314577854499809e-01,-0.000000000000000000e+00,-0.000000000000000000e+00,-0.000000000000000000e+00,-0.000000000000000000e+00,-3.115581177791231643e-02,0.000000000000000000e+00,0.000000000000000000e+00,-0.000000000000000000e+00,-0.000000000000000000e+00,0.000000000000000000e+00,0.000000000000000000e+00
-0.000000000000000000e+00,8.183275332185753481e-02,0.000000000000000000e+00,-0.000000000000000000e+00,0.000000000000000000e+00,0.000000000000000000e+00,-0.000000000000000000e+00,1.067361440219943169e+00,-0.000000000000000000e+00,0.000000000000000000e+00,0.000000000000000000e+00,0.000000000000000000e+00,-0.000000000000000000e+00,-0.000000000000000000e+00,0.000000000000000000e+00,-0.000000000000000000e+00,0.000000000000000000e+00,0.000000000000000000e+00,0.000000000000000000e+00,-0.000000000000000000e+00,-0.000000000000000000e+00,-0.000000000000000000e+00,-0.000000000000000000e+00,0.000000000000000000e+00,0.000000000000000000e+00,0.000000000000000000e+00,-0.000000000000000000e+00,-0.000000000000000000e+00,0.000000000000000000e+00,-0.000000000000000000e+00,-0.000000000000000000e+00,0.000000000000000000e+00,0.000000000000000000e+00,0.000000000000000000e+00,-0.000000000000000000e+00,0.000000000000000000e+00,2.244489989625282067e-01,-0.000000000000000000e+00,0.000000000000000000e+00
-0.000000000000000000e+00,-0.000000000000000000e+00,-0.000000000000000000e+00,1.529407336882623620e-04,-4.127556809421643602e-01,-0.000000000000000000e+00,0.000000000000000000e+00,-0.000000000000000000e+00,1.838974578418329786e+00,-8.345193443457708804e-02,-0.000000000000000000e+00,-0.000000000000000000e+00,-0.000000000000000000e+00,-6.774167130467495523e-02,-1.300376780553834655e-01,-8.573126740139327961e-02,-0.000000000000000000e+00,-9.249882327186413622e-02,-0.000000000000000000e+00,0.000000000000000000e+00,-0.000000000000000000e+00,-0.000000000000000000e+00,-2.925704946370711879e-01,-0.000000000000000000e+00,-2.350798949914438551e-01,-0.000000000000000000e+00,-0.000000000000000000e+00,-0.000000000000000000e+00,-0.000000000000000000e+00,-1.057217056661484550e-01,-0.000000000000000000e+00,-0.000000000000000000e+00,-0.000000000000000000e+00,-2.437230319957215396e-01,0.000000000000000000e+00,-0.000000000000000000e+00,0.000000000000000000e+00,-1.338298975739458940e-01,-1.004519701777678575e-01
0.000000000000000000e+00,-9.613791831965751156e-02,-3.373000699662372787e-02,0.000000000000000000e+00,-0.000000000000000000e+00,-1.296690516229314083e-01,-0.000000000000000000e+00,0.000000000000000000e+00,-8.345193443457708804e-02,2.127718894258802784e+00,-1.128325493279693781e-01,-0.000000000000000000e+00,-4.953239799652479902e-02,-0.000000000000000000e+00,-1.902510293797104457e-01,-3.081485245597217482e-01,-0.000000000000000000e+00,-0.000000000000000000e+00,-0.000000000000000000e+00,-0.000000000000000000e+00,-0.000000000000000000e+00,-0.000000000000000000e+00,-0.000000000000000000e+00,-0.000000000000000000e+00,-2.043355828579924427e-01,-0.000000000000000000e+00,0.000000000000000000e+00,-3.133135080441460524e-02,-2.380238669086533754e-01,-0.000000000000000000e+00,-0.000000000000000000e+00,-1.398049020035618817e-01,-9.568905417500588040e-02,-0.000000000000000000e+00,0.000000000000000000e+00,-0.000000000000000000e+00,-0.000000000000000000e+00,-1.161161516303833574e-01,-6.266919627667674186e-01
0.000000000000000000e+00,-0.000000000000000000e+00,-1.084250751078721930e-01,-0.000000000000000000e+00,-0.000000000000000000e+00,-0.000000000000000000e+00,-0.000000000000000000e+00,0.000000000000000000e+00,-0.000000000000000000e+00,-1.128325493279693781e-01,2.598287303884168065e+00,0.000000000000000000e+00,-1.456733027127913027e-01,-0.000000000000000000e+00,-0.000000000000000000e+00,-0.000000000000000000e+00,-5.115552473091097285e-01,0.000000000000000000e+00,-0.000000000000000000e+00,-0.000000000000000000e+00,-9.014427200246279831e-03,-0.000000000000000000e+00,0.000000000000000000e+00,0.000000000000000000e+00,-0.000000000000000000e+00,-0.000000000000000000e+00,0.000000000000000000e+00,-3.923759808399430726e-01,-4.847571875695179111e-01,-0.000000000000000000e+00,-2.382444687146555995e-01,-6.731997312107759757e-02,-5.211978345900909471e-01,-0.000000000000000000e+00,4.633652428259159989e-02,-0.000000000000000000e+00,-0.000000000000000000e+00,-0.000000000000000000e+00,-0.000000000000000000e+00
-1.735779992605213790e-02,-2.379455609783292513e-01,0.000000000000000000e+00,0.000000000000000000e+00,-0.000000000000000000e+00,-0.000000000000000000e+00,2.148722763402708957e-01,0.000000000000000000e+00,-0.000000000000000000e+00,-0.000000000000000000e+00,0.000000000000000000e+00,1.736700964245862844e+00,-0.000000000000000000e+00,0.000000000000000000e+00,-9.354403603615388252e-02,-2.104999794857497220e-01,0.000000000000000000e+00,-4.799839317951167805e-01,-0.000000000000000000e+00,0.000000000000000000e+00,0.000000000000000000e+00,0.000000000000000000e+00,-0.000000000000000000e+00,-0.000000000000000000e+00,-0.000000000000000000e+00,0.000000000000000000e+00,-0.000000000000000000e+00,0.000000000000000000e+00,-0.000000000000000000e+00,0.000000000000000000e+00,-0.000000000000000000e+00,-0.000000000000000000e+00,0.000000000000000000e+00,-0.000000000000000000e+00,-0.000000000000000000e+00,0.000000000000000000e+00,0.000000000000000000e+00,-1.176047216798049855e-01,-4.074027519801606267e-01
0.000000000000000000e+00,-0.000000000000000000e+00,-0.000000000000000000e+00,-0.000000000000000000e+00,-0.000000000000000000e+00,-9.802956515050467723e-02,-0.000000000000000000e+00,-0.000000000000000000e+00,-0.000000000000000000e+00,-4.953239799652479902e-02,-1.456733027127913027e-01,-0.000000000000000000e+00,1.328766233686828668e+00,-0.000000000000000000e+00,-0.000000000000000000e+00,-2.108115568114836413e-02,-0.000000000000000000e+00,0.000000000000000000e+00,0.000000000000000000e+00,-0.000000000000000000e+00,-0.000000000000000000e+00,-0.000000000000000000e+00,-0.000000000000000000e+00,1.050079511841741781e-01,-0.000000000000000000e+00,-0.000000000000000000e+00,0.000000000000000000e+00,-1.763989034935276867e-01,-1.244875501034565374e-01,0.000000000000000000e+00,-1.121783784232974618e-01,-0.000000000000000000e+00,-1.355895637250136565e-01,-0.000000000000000000e+00,0.000000000000000000e+00,0.000000000000000000e+00,0.000000000000000000e+00,-0.000000000000000000e+00,-0.000000000000000000e+00
0.000000000000000000e+00,0.000000000000000000e+00,-0.000000000000000000e+00,0.000000000000000000e+00,-4.966992276035482323e-01,-0.000000000000000000e+00,0.000000000000000000e+00,-0.000000000000000000e+00,-6.774167130467495523e-02,-0.000000000000000000e+00,-0.000000000000000000e+00,0.000000000000000000e+00,-0.000000000000000000e+00,1.303553476458098714e+00,-0.000000000000000000e+00,-0.000000000000000000e+00,-4.278152480651634180e-04,-0.000000000000000000e+00,-0.000000000000000000e+00,0.000000000000000000e+00,-0.000000000000000000e+00,-0.000000000000000000e+00,-0.000000000000000000e+00,0.000000000000000000e+00,-0.000000000000000000e+00,-1.450683260175351652e-01,-0.000000000000000000e+00,-0.000000000000000000e+00,-0.000000000000000000e+00,-0.000000000000000000e+00,-0.000000000000000000e+00,-0.000000000000000000e+00,-0.000000000000000000e+00,-0.000000000000000000e+00,0.000000000000000000e+00,-7.676129564858731602e-02,0.000000000000000000e+00,-0.000000000000000000e+00,-0.000000000000000000e+00
-0.000000000000000000e+00,-0.000000000000000000e+00,-0.000000000000000000e+00,8.033133473768722110e-02,-1.771928190270163350e-01,-1.013737629834489812e-01,0.000000000000000000e+00,0.000000000000000000e+00,-1.300376780553834655e-01,-1.902510293797104457e-01,-0.000000000000000000e+00,-9.354403603615388252e-02,-0.000000000000000000e+00,-0.000000000000000000e+00,1.600324554702763580e+00,-9.718520837598708384e-02,-0.000000000000000000e+00,-8.403436507937245281e-02,-0.000000000000000000e+00,0.000000000000000000e+00,-0.000000000000000000e+00,0.000000000000000000e+00,-5.807653570231095103e-02,0.000000000000000000e+00,-0.000000000000000000e+00,-0.000000000000000000e+00,0.000000000000000000e+00,-0.000000000000000000e+00,-0.000000000000000000e+00,-0.000000000000000000e+00,-0.000000000000000000e+00,-0.000000000000000000e+00,-0.000000000000000000e+00,-3.845967948086456700e-01,0.000000000000000000e+00,-0.000000000000000000e+00,0.000000000000000000e+00,-1.768653318433765220e-01,-0.000000000000000000e+00
-1.087066818518587497e-01,-0.000000000000000000e+00,-0.000000000000000000e+00,0.000000000000000000e+00,-0.000000000000000000e+00,-0.000000000000000000e+00,0.000000000000000000e+00,-0.000000000000000000e+00,-8.573126740139327961e-02,-3.081485245597217482e-01,-0.000000000000000000e+00,-2.104999794857497220e-01,-2.108115568114836413e-02,-0.000000000000000000e+00,-9.718520837598708384e-02,1.787002219304456352e+00,-0.000000000000000000e+00,-2.753683324008410552e-02,-0.000000000000000000e+00,0.000000000000000000e+00,-0.000000000000000000e+00,0.000000000000000000e+00,-1.554109725082464533e-01,-0.000000000000000000e+00,-0.000000000000000000e+00,0.000000000000000000e+00,0.000000000000000000e+00,-0.000000000000000000e+00,-0.000000000000000000e+00,-0.000000000000000000e+00,-0.000000000000000000e+00,-0.000000000000000000e+00,-0.000000000000000000e+00,-0.000000000000000000e+00,0.000000000000000000e+00,-0.000000000000000000e+00,0.000000000000000000e+00,-5.608883142004170708e-01,-1.649347456136370238e-01
5.374082705917647418e-02,0.000000000000000000e+00,-2.645949800892488102e-01,-0.000000000000000000e+00,-0.000000000000000000e+00,-3.792146180987113462e-03,-0.000000000000000000e+00,0.000000000000000000e+00,-0.000000000000000000e+00,-0.000000000000000000e+00,-5.115552473091097285e-01,0.000000000000000000e+00,-0.000000000000000000e+00,-4.278152480651634180e-04,-0.000000000000000000e+00,-0.000000000000000000e+00,2.023537776393425247e+00,0.000000000000000000e+00,-0.000000000000000000e+00,-0.000000000000000000e+00,-5.017570512012170351e-03,-0.000000000000000000e+00,0.000000000000000000e+00,0.000000000000000000e+00,-0.000000000000000000e+00,-9.957221562457901909e-02,0.000000000000000000e+00,-2.067237244182798528e-01,-1.720293147965883118e-01,-0.000000000000000000e+00,-0.000000000000000000e+00,-0.000000000000000000e+00,-4.148066389088857497e-01,-0.000000000000000000e+00,6.889268771273615588e-02,-0.000000000000000000e+00,-0.000000000000000000e+00,-0.000000000000000000e+00,-0.000000000000000000e+00
-1.066134871869207305e-03,-0.000000000000000000e+00,0.000000000000000000e+00,5.488421580487818502e-02,-0.000000000000000000e+00,-0.000000000000000000e+00,1.134979799296381153e-01,0.000000000000000000e+00,-9.249882327186413622e-02,-0.000000000000000000e+00,0.000000000000000000e+00,-4.799839317951167805e-01,0.000000000000000000e+00,-0.000000000000000000e+00,-8.403436507937245281e-02,-2.753683324008410552e-02,0.000000000000000000e+00,1.767522997247969796e+00,-6.383770161446201685e-01,2.743276164650078064e-01,0.000000000000000000e+00,0.000000000000000000e+00,-1.147332058601477356e-01,-0.000000000000000000e+00,-0.000000000000000000e+00,0.000000000000000000e+00,-0.000000000000000000e+00,0.000000000000000000e+00,0.000000000000000000e+00,-0.000000000000000000e+00,0.000000000000000000e+00,0.000000000000000000e+00,0.000000000000000000e+00,-1.443683452527937637e-02,-0.000000000000000000e+00,0.000000000000000000e+00,0.000000000000000000e+00,-0.000000000000000000e+00,-0.000000000000000000e+00
-0.000000000000000000e+00,-0.000000000000000000e+00,-0.000000000000000000e+00,0.000000000000000000e+00,-3.273720169900905530e-01,-0.000000000000000000e+00,0.000000000000000000e+00,0.000000000000000000e+00,-0.000000000000000000e+00,-0.000000000000000000e+00,-0.000000000000000000e+00,-0.000000000000000000e+00,0.000000000000000000e+00,-0.000000000000000000e+00,-0.000000000000000000e+00,-0.000000000000000000e+00,-0.000000000000000000e+00,-6.383770161446201685e-01,1.488732924188375550e+00,0.000000000000000000e+00,-0.000000000000000000e+00,0.000000000000000000e+00,-0.000000000000000000e+00,-0.000000000000000000e+00,-1.588287964964220020e-02,-0.000000000000000000e+00,-1.675393683664669342e-01,0.000000000000000000e+00,-0.000000000000000000e+00,-0.000000000000000000e+00,-0.000000000000000000e+00,-0.000000000000000000e+00,0.000000000000000000e+00,-4.351270531033688688e-02,-0.000000000000000000e+00,-0.000000000000000000e+00,-0.000000000000000000e+00,-0.000000000000000000e+00,0.000000000000000000e+00
5.757620796680860964e-02,0.000000000000000000e+00,-1.609825128648013359e-01,-1.824129127447436383e-01,0.000000000000000000e+00,-0.000000000000000000e+00,-1.048662331473537296e-01,-0.000000000000000000e+00,0.000000000000000000e+00,-0.000000000000000000e+00,-0.000000000000000000e+00,0.000000000000000000e+00,-0.000000000000000000e+00,0.000000000000000000e+00,0.000000000000000000e+00,0.000000000000000000e+00,-0.000000000000000000e+00,2.743276164650078064e-01,0.000000000000000000e+00,1.500463449002342520e+00,-1.252778418179130993e-01,-2.837949745994463036e-01,0.000000000000000000e+00,0.000000000000000000e+00,0.000000000000000000e+00,-0.000000000000000000e+00,4.322766921581023408e-02,-1.202893836526793131e-01,-0.000000000000000000e+00,0.000000000000000000e+00,-0.000000000000000000e+00,-0.000000000000000000e+00,-1.025575469347225765e-01,0.000000000000000000e+00,0.000000000000000000e+00,-0.000000000000000000e+00,-0.000000000000000000e+00,0.000000000000000000e+00,-0.000000000000000000e+00
0.000000000000000000e+00,-0.000000000000000000e+00,-2.794638753451600399e-01,-0.000000000000000000e+00,-6.126960253007497637e-02,-0.000000000000000000e+00,-0.000000000000000000e+00,-0.000000000000000000e+00,-0.000000000000000000e+00,-0.000000000000000000e+00,-9.014427200246279831e-03,0.000000000000000000e+00,-0.000000000000000000e+00,-0.000000000000000000e+00,-0.000000000000000000e+00,-0.000000000000000000e+00,-5.017570512012170351e-03,0.000000000000000000e+00,-0.000000000000000000e+00,-1.252778418179130993e-01,2.190917755259014221e+00,-2.099830844828044496e-01,-0.000000000000000000e+00,0.000000000000000000e+00,-1.189620169638642977e-01,-9.521078935611364258e-02,0.000000000000000000e+00,-2.735263481196230084e-01,-3.702612676091004973e-01,-0.000000000000000000e+00,-2.811573419291564790e-01,-1.152219899448325147e-01,-2.871378133678496591e-01,-0.000000000000000000e+00,0.000000000000000000e+00,-0.000000000000000000e+00,-0.000000000000000000e+00,-0.000000000000000000e+00,-0.000000000000000000e+00
3.237611119224622080e-01,-0.000000000000000000e+00,-5.708178798459272868e-02,-0.000000000000000000e+00,-0.000000000000000000e+00,-0.000000000000000000e+00,-0.000000000000000000e+00,-0.000000000000000000e+00,-0.000000000000000000e+00,-0.000000000000000000e+00,-0.000000000000000000e+00,0.000000000000000000e+00,-0.000000000000000000e+00,-0.000000000000000000e+00,0.000000000000000000e+00,0.000000000000000000e+00,-0.000000000000000000e+00,0.000000000000000000e+00,0.000000000000000000e+00,-2.837949745994463036e-01,-2.099830844828044496e-01,1.899249621596726501e+00,0.000000000000000000e+00,-0.000000000000000000e+00,-0.000000000000000000e+00,-1.068464955731639882e-02,0.000000000000000000e+00,-2.418769055174280203e-01,-0.000000000000000000e+00,-0.000000000000000000e+00,-2.592453542725707272e-01,-3.041933065963433047e-01,-0.000000000000000000e+00,0.000000000000000000e+00,0.000000000000000000e+00,-0.000000000000000000e+00,-1.422266889178948335e-01,0.000000000000000000e+00,-0.000000000000000000e+00
-2.544078275277066870e-01,-0.000000000000000000e+00,0.000000000000000000e+00,1.533207747486669548e-01,-6.589061771737630968e-02,-0.000000000000000000e+00,0.000000000000000000e+00,-0.000000000000000000e+00,-2.925704946370711879e-01,-0.000000000000000000e+00,0.000000000000000000e+00,-0.000000000000000000e+00,-0.000000000000000000e+00,-0.000000000000000000e+00,-5.807653570231095103e-02,-1.554109725082464533e-01,0.000000000000000000e+00,-1.147332058601477356e-01,-0.000000000000000000e+00,0.000000000000000000e+00,-0.000000000000000000e+00,0.000000000000000000e+00,1.597169392224136786e+00,-0.000000000000000000e+00,-1.631021723015534386e-01,0.000000000000000000e+00,-0.000000000000000000e+00,0.000000000000000000e+00,-0.000000000000000000e+00,-0.000000000000000000e+00,0.000000000000000000e+00,0.000000000000000000e+00,0.000000000000000000e+00,-1.658967278936880341e-01,0.000000000000000000e+00,-0.000000000000000000e+00,0.000000000000000000e+00,-2.827367829032031987e-01,-0.000000000000000000e+00
-0.000000000000000000e+00,-0.000000000000000000e+00,0.000000000000000000e+00,0.000000000000000000e+00,0.000000000000000000e+00,3.265112506976090151e-02,0.000000000000000000e+00,0.000000000000000000e+00,-0.000000000000000000e+00,-0.000000000000000000e+00,0.000000000000000000e+00,-0.000000000000000000e+00,1.050079511841741781e-01,0.000000000000000000e+00,0.000000000000000000e+00,-0.000000000000000000e+00,0.000000000000000000e+00,-0.000000000000000000e+00,-0.000000000000000000e+00,0.000000000000000000e+00,0.000000000000000000e+00,-0.000000000000000000e+00,-0.000000000000000000e+00,1.051728905550070703e+00,-2.233746321674379420e-01,0.000000000000000000e+00,0.000000000000000000e+00,0.000000000000000000e+00,0.000000000000000000e+00,-0.000000000000000000e+00,0.000000000000000000e+00,-0.000000000000000000e+00,0.000000000000000000e+00,0.000000000000000000e+00,-0.000000000000000000e+00,0.000000000000000000e+00,-1.695037719120142880e-02,0.000000000000000000e+00,-0.000000000000000000e+00
0.000000000000000000e+00,-3.308630940390957509e-01,-0.000000000000000000e+00,0.000000000000000000e+00,-0.000000000000000000e+00,-0.000000000000000000e+00,0.000000000000000000e+00,0.000000000000000000e+00,-2.350798949914438551e-01,-2.043355828579924427e-01,-0.000000000000000000e+00,-0.000000000000000000e+00,-0.000000000000000000e+00,-0.000000000000000000e+00,-0.000000000000000000e+00,-0.000000000000000000e+00,-0.000000000000000000e+00,-0.000000000000000000e+00,-1.588287964964220020e-02,0.000000000000000000e+00,-1.189620169638642977e-01,-0.000000000000000000e+00,-1.631021723015534386e-01,-2.233746321674379420e-01,1.568993532967405846e+00,-0.000000000000000000e+00,0.000000000000000000e+00,-0.000000000000000000e+00,-0.000000000000000000e+00,-3.676025949343136173e-02,-0.000000000000000000e+00,-1.399020204811948498e-01,-0.000000000000000000e+00,-4.404579857386915070e-02,0.000000000000000000e+00,-0.000000000000000000e+00,-5.020475151355430210e-02,-0.000000000000000000e+00,-7.797955583796650769e-02
3.281899496715348641e-01,-0.000000000000000000e+00,-2.620925087612305804e-01,-0.000000000000000000e+00,-9.464490343650990012e-02,-0.000000000000000000e+00,-0.000000000000000000e+00,0.000000000000000000e+00,-0.000000000000000000e+00,-0.000000000000000000e+00,-0.000000000000000000e+00,0.000000000000000000e+00,-0.000000000000000000e+00,-1.450683260175351652e-01,-0.000000000000000000e+00,0.000000000000000000e+00,-9.957221562457901909e-02,0.000000000000000000e+00,-0.000000000000000000e+00,-0.000000000000000000e+00,-9.521078935611364258e-02,-1.068464955731639882e-02,0.000000000000000000e+00,0.000000000000000000e+00,-0.000000000000000000e+00,1.606870408501090974e+00,-0.000000000000000000e+00,-8.677949275783967964e-02,-0.000000000000000000e+00,-1.640089661089553230e-01,-0.000000000000000000e+00,-2.699478297326763851e-02,-0.000000000000000000e+00,-0.000000000000000000e+00,6.324538473828124341e-02,-2.982251499093992453e-01,-0.000000000000000000e+00,0.000000000000000000e+00,0.000000000000000000e+00
-0.000000000000000000e+00,0.000000000000000000e+00,0.000000000000000000e+00,2.123519381425724157e-04,-3.981135073302996541e-02,0.000000000000000000e+00,0.000000000000000000e+00,-0.000000000000000000e+00,-0.000000000000000000e+00,0.000000000000000000e+00,0.000000000000000000e+00,-0.000000000000000000e+00,0.000000000000000000e+00,-0.000000000000000000e+00,0.000000000000000000e+00,0.000000000000000000e+00,0.000000000000000000e+00,-0.000000000000000000e+00,-1.675393683664669342e-01,4.322766921581023408e-02,0.000000000000000000e+00,0.000000000000000000e+00,-0.000000000000000000e+00,0.000000000000000000e+00,0.000000000000000000e+00,-0.000000000000000000e+00,1.041165566340668480e+00,0.000000000000000000e+00,0.000000000000000000e+00,-3.798028478425954230e-02,-0.000000000000000000e+00,0.000000000000000000e+00,0.000000000000000000e+00,-0.000000000000000000e+00,-0.000000000000000000e+00,-0.000000000000000000e+00,2.696306359603372477e-02,-0.000000000000000000e+00,0.000000000000000000e+00
8.205633419146959873e-02,-0.000000000000000000e+00,-3.148428225274979564e-01,-0.000000000000000000e+00,-0.000000000000000000e+00,-0.000000000000000000e+00,-3.212314577854499809e-01,-0.000000000000000000e+00,-0.000000000000000000e+00,-3.133135080441460524e-02,-3.923759808399430726e-01,0.000000000000000000e+00,-1.763989034935276867e-01,-0.000000000000000000e+00,-0.000000000000000000e+00,-0.000000000000000000e+00,-2.067237244182798528e-01,0.000000000000000000e+00,0.000000000000000000e+00,-1.202893836526793131e-01,-2.735263481196230084e-01,-2.418769055174280203e-01,0.000000000000000000e+00,0.000000000000000000e+00,-0.000000000000000000e+00,-8.677949275783967964e-02,0.000000000000000000e+00,2.725536327792451363e+00,-1.804733559465230286e-01,-0.000000000000000000e+00,-1.933392764153043231e-01,-6.191269872227846832e-02,-4.347409598328194624e-01,-0.000000000000000000e+00,0.000000000000000000e+00,-0.000000000000000000e+00,-0.000000000000000000e+00,-0.000000000000000000e+00,-0.000000000000000000e+00
0.000000000000000000e+00,-0.000000000000000000e+00,-4.481306927238805360e-02,-0.000000000000000000e+00,-3.830354400282675459e-02,-1.761830027100930174e-01,-0.000000000000000000e+00,0.000000000000000000e+00,-0.000000000000000000e+00,-2.380238669086533754e-01,-4.847571875695179111e-01,-0.000000000000000000e+00,-1.244875501034565374e-01,-0.000000000000000000e+00,-0.000000000000000000e+00,-0.000000000000000000e+00,-1.720293147965883118e-01,0.000000000000000000e+00,-0.000000000000000000e+00,-0.000000000000000000e+00,-3.702612676091004973e-01,-0.000000000000000000e+00,-0.000000000000000000e+00,0.000000000000000000e+00,-0.000000000000000000e+00,-0.000000000000000000e+00,0.000000000000000000e+00,-1.804733559465230286e-01,2.413512345681599225e+00,-0.000000000000000000e+00,-5.391820799770973699e-02,-2.891485453297475139e-02,-4.422471038173471647e-01,-0.000000000000000000e+00,2.429901238787134099e-01,-0.000000000000000000e+00,-0.000000000000000000e+00,-0.000000000000000000e+00,-0.000000000000000000e+00
0.000000000000000000e+00,-0.000000000000000000e+00,-0.000000000000000000e+00,0.000000000000000000e+00,-3.815694038123749743e-01,-0.000000000000000000e+00,-0.000000000000000000e+00,-0.000000000000000000e+00,-1.057217056661484550e-01,-0.000000000000000000e+00,-0.000000000000000000e+00,0.000000000000000000e+00,0.000000000000000000e+00,-0.000000000000000000e+00,-0.000000000000000000e+00,-0.000000000000000000e+00,-0.000000000000000000e+00,-0.000000000000000000e+00,-0.000000000000000000e+00,0.000000000000000000e+00,-0.000000000000000000e+00,-0.000000000000000000e+00,-0.000000000000000000e+00,-0.000000000000000000e+00,-3.676025949343136173e-02,-1.640089661089553230e-01,-3.798028478425954230e-02,-0.000000000000000000e+00,-0.000000000000000000e+00,1.275926805083223536e+00,-0.000000000000000000e+00,-0.000000000000000000e+00,-0.000000000000000000e+00,-0.000000000000000000e+00,0.000000000000000000e+00,-1.145030769147877270e-01,-0.000000000000000000e+00,-0.000000000000000000e+00,-0.000000000000000000e+00
3.127373876362119637e-02,-0.000000000000000000e+00,-0.000000000000000000e+00,-0.000000000000000000e+00,-0.000000000000000000e+00,-0.000000000000000000e+00,-0.000000000000000000e+00,-0.000000000000000000e+00,-0.000000000000000000e+00,-0.000000000000000000e+00,-2.382444687146555995e-01,-0.000000000000000000e+00,-1.121783784232974618e-01,-0.000000000000000000e+00,-0.000000000000000000e+00,-0.000000000000000000e+00,-0.000000000000000000e+00,0.000000000000000000e+00,-0.000000000000000000e+00,-0.000000000000000000e+00,-2.811573419291564790e-01,-2.592453542725707272e-01,0.000000000000000000e+00,0.000000000000000000e+00,-0.000000000000000000e+00,-0.000000000000000000e+00,-0.000000000000000000e+00,-1.933392764153043231e-01,-5.391820799770973699e-02,-0.000000000000000000e+00,1.748248380268256019e+00,-1.255937119588740325e-01,-1.911728283329755806e-01,0.000000000000000000e+00,0.000000000000000000e+00,-0.000000000000000000e+00,-0.000000000000000000e+00,-0.000000000000000000e+00,-0.000000000000000000e+00
1.697886776011128807e-01,-9.111425670281654565e-02,-5.482933871826958239e-01,-0.000000000000000000e+00,-0.000000000000000000e+00,-2.224465832001953913e-01,-0.000000000000000000e+00,0.000000000000000000e+00,-0.000000000000000000e+00,-1.398049020035618817e-01,-6.731997312107759757e-02,-0.000000000000000000e+00,-0.000000000000000000e+00,-0.000000000000000000e+00,-0.000000000000000000e+00,-0.000000000000000000e+00,-0.000000000000000000e+00,0.000000000000000000e+00,-0.000000000000000000e+00,-0.000000000000000000e+00,-1.152219899448325147e-01,-3.041933065963433047e-01,0.000000000000000000e+00,-0.000000000000000000e+00,-1.399020204811948498e-01,-2.699478297326763851e-02,0.000000000000000000e+00,-6.191269872227846832e-02,-2.891485453297475139e-02,-0.000000000000000000e+00,-1.255937119588740325e-01,2.395202869393001421e+00,-1.644918215291424068e-01,-0.000000000000000000e+00,0.000000000000000000e+00,-0.000000000000000000e+00,-4.811758310185421106e-01,-0.000000000000000000e+00,-0.000000000000000000e+00
0.000000000000000000e+00,-0.000000000000000000e+00,-1.917898977839245234e-01,-0.000000000000000000e+00,-0.000000000000000000e+00,-0.000000000000000000e+00,-3.115581177791231643e-02,0.000000000000000000e+00,-0.000000000000000000e+00,-9.568905417500588040e-02,-5.211978345900909471e-01,0.000000000000000000e+00,-1.355895637250136565e-01,-0.000000000000000000e+00,-0.000000000000000000e+00,-0.000000000000000000e+00,-4.148066389088857497e-01,0.000000000000000000e+00,0.000000000000000000e+00,-1.025575469347225765e-01,-2.871378133678496591e-01,-0.000000000000000000e+00,0.000000000000000000e+00,0.000000000000000000e+00,-0.000000000000000000e+00,-0.000000000000000000e+00,0.000000000000000000e+00,-4.347409598328194624e-01,-4.422471038173471647e-01,-0.000000000000000000e+00,-1.911728283329755806e-01,-1.644918215291424068e-01,2.838518008612060939e+00,-0.000000000000000000e+00,1.186730196451584070e-02,-0.000000000000000000e+00,-0.000000000000000000e+00,-0.000000000000000000e+00,-0.000000000000000000e+00
-0.000000000000000000e+00,-0.000000000000000000e+00,-0.000000000000000000e+00,6.984513237701242550e-02,-1.852626964274959875e-01,-1.986819638794711657e-02,0.000000000000000000e+00,0.000000000000000000e+00,-2.437230319957215396e-01,-0.000000000000000000e+00,-0.000000000000000000e+00,-0.000000000000000000e+00,-0.000000000000000000e+00,-0.000000000000000000e+00,-3.845967948086456700e-01,-0.000000000000000000e+00,-0.000000000000000000e+00,-1.443683452527937637e-02,-4.351270531033688688e-02,0.000000000000000000e+00,-0.000000000000000000e+00,0.000000000000000000e+00,-1.658967278936880341e-01,0.000000000000000000e+00,-4.404579857386915070e-02,-0.000000000000000000e+00,-0.000000000000000000e+00,-0.000000000000000000e+00,-0.000000000000000000e+00,-0.000000000000000000e+00,0.000000000000000000e+00,-0.000000000000000000e+00,-0.000000000000000000e+00,1.478147169031623021e+00,0.000000000000000000e+00,-9.862923068388769476e-02,0.000000000000000000e+00,-0.000000000000000000e+00,-0.000000000000000000e+00
-0.000000000000000000e+00,-0.000000000000000000e+00,5.328922543855834498e-02,0.000000000000000000e+00,1.590359263233570228e-02,0.000000000000000000e+00,0.000000000000000000e+00,-0.000000000000000000e+00,0.000000000000000000e+00,0.000000000000000000e+00,4.633652428259159989e-02,-0.000000000000000000e+00,0.000000000000000000e+00,0.000000000000000000e+00,0.000000000000000000e+00,0.000000000000000000e+00,6.889268771273615588e-02,-0.000000000000000000e+00,-0.000000000000000000e+00,0.000000000000000000e+00,0.000000000000000000e+00,0.000000000000000000e+00,0.000000000000000000e+00,-0.000000000000000000e+00,0.000000000000000000e+00,6.324538473828124341e-02,-0.000000000000000000e+00,0.000000000000000000e+00,2.429901238787134099e-01,0.000000000000000000e+00,0.000000000000000000e+00,0.000000000000000000e+00,1.186730196451584070e-02,0.000000000000000000e+00,1.164919708907569573e+00,9.807512529033053650e-02,0.000000000000000000e+00,0.000000000000000000e+00,0.000000000000000000e+00
0.000000000000000000e+00,0.000000000000000000e+00,-0.000000000000000000e+00,-0.000000000000000000e+00,-2.062002169854135203e-01,-0.000000000000000000e+00,-0.000000000000000000e+00,0.000000000000000000e+00,-0.000000000000000000e+00,-0.000000000000000000e+00,-0.000000000000000000e+00,0.000000000000000000e+00,0.000000000000000000e+00,-7.676129564858731602e-02,-0.000000000000000000e+00,-0.000000000000000000e+00,-0.000000000000000000e+00,0.000000000000000000e+00,-0.000000000000000000e+00,-0.000000000000000000e+00,-0.000000000000000000e+00,-0.000000000000000000e+00,-0.000000000000000000e+00,0.000000000000000000e+00,-0.000000000000000000e+00,-2.982251499093992453e-01,-0.000000000000000000e+00,-0.000000000000000000e+00,-0.000000000000000000e+00,-1.145030769147877270e-01,-0.000000000000000000e+00,-0.000000000000000000e+00,-0.000000000000000000e+00,-9.862923068388769476e-02,9.807512529033053650e-02,1.262568491072419530e+00,-0.000000000000000000e+00,-0.000000000000000000e+00,0.000000000000000000e+00
2.703080103584435956e-01,-3.371470631261010986e-01,-9.914265941140015803e-02,-0.000000000000000000e+00,0.000000000000000000e+00,-0.000000000000000000e+00,-0.000000000000000000e+00,2.244489989625282067e-01,0.000000000000000000e+00,-0.000000000000000000e+00,-0.000000000000000000e+00,0.000000000000000000e+00,0.000000000000000000e+00,0.000000000000000000e+00,0.000000000000000000e+00,0.000000000000000000e+00,-0.000000000000000000e+00,0.000000000000000000e+00,-0.000000000000000000e+00,-0.000000000000000000e+00,-0.000000000000000000e+00,-1.422266889178948335e-01,0.000000000000000000e+00,-1.695037719120142880e-02,-5.020475151355430210e-02,-0.000000000000000000e+00,2.696306359603372477e-02,-0.000000000000000000e+00,-0.000000000000000000e+00,-0.000000000000000000e+00,-0.000000000000000000e+00,-4.811758310185421106e-01,-0.000000000000000000e+00,0.000000000000000000e+00,0.000000000000000000e+00,-0.000000000000000000e+00,1.678918860832238735e+00,0.000000000000000000e+00,-0.000000000000000000e+00
-1.118572732580470491e-01,-0.000000000000000000e+00,-0.000000000000000000e+00,0.000000000000000000e+00,-0.000000000000000000e+00,-0.000000000000000000e+00,0.000000000000000000e+00,-0.000000000000000000e+00,-1.338298975739458940e-01,-1.161161516303833574e-01,-0.000000000000000000e+00,-1.176047216798049855e-01,-0.000000000000000000e+00,-0.000000000000000000e+00,-1.768653318433765220e-01,-5.608883142004170708e-01,-0.000000000000000000e+00,-0.000000000000000000e+00,-0.000000000000000000e+00,0.000000000000000000e+00,-0.000000000000000000e+00,0.000000000000000000e+00,-2.827367829032031987e-01,0.000000000000000000e+00,-0.000000000000000000e+00,0.000000000000000000e+00,-0.000000000000000000e+00,-0.000000000000000000e+00,-0.000000000000000000e+00,-0.000000000000000000e+00,-0.000000000000000000e+00,-0.000000000000000000e+00,-0.000000000000000000e+00,-0.000000000000000000e+00,0.000000000000000000e+00,-0.000000000000000000e+00,0.000000000000000000e+00,1.829281447723304144e+00,-2.954140014861653674e-01
-0.000000000000000000e+00,-3.219747945673888112e-01,-0.000000000000000000e+00,0.000000000000000000e+00,-0.000000000000000000e+00,-0.000000000000000000e+00,0.000000000000000000e+00,0.000000000000000000e+00,-1.004519701777678575e-01,-6.266919627667674186e-01,-0.000000000000000000e+00,-4.074027519801606267e-01,-0.000000000000000000e+00,-0.000000000000000000e+00,-0.000000000000000000e+00,-1.649347456136370238e-01,-0.000000000000000000e+00,-0.000000000000000000e+00,0.000000000000000000e+00,-0.000000000000000000e+00,-0.000000000000000000e+00,-0.000000000000000000e+00,-0.000000000000000000e+00,-0.000000000000000000e+00,-7.797955583796650769e-02,0.000000000000000000e+00,0.000000000000000000e+00,-0.000000000000000000e+00,-0.000000000000000000e+00,-0.000000000000000000e+00,-0.000000000000000000e+00,-0.000000000000000000e+00,-0.000000000000000000e+00,-0.000000000000000000e+00,0.000000000000000000e+00,0.000000000000000000e+00,-0.000000000000000000e+00,-2.954140014861653674e-01,2.011799540903640438e+00
