2.333279817970890679e+00,-2.869305070899744181e-01,-0.000000000000000000e+00,-0.000000000000000000e+00,-5.207937548463594662e-02,-0.000000000000000000e+00,-4.951851924236942010e-02,0.000000000000000000e+00,-0.000000000000000000e+00,-2.784699377173087131e-01,7.144557715754559779e-02,0.000000000000000000e+00,0.000000000000000000e+00,-3.325365387022774510e-01,0.000000000000000000e+00,-2.912429659819187888e-01,0.000000000000000000e+00,0.000000000000000000e+00,0.000000000000000000e+00,-0.000000000000000000e+00,-3.753272068395201600e-03,-0.000000000000000000e+00,-0.000000000000000000e+00,-0.000000000000000000e+00,-5.635573517158570106e-02,-2.955039240260862177e-01,-3.556374409184674956e-01,0.000000000000000000e+00,-5.339959438018721666e-02,-1.817949184532363649e-01,-8.495202512923182014e-02,-0.000000000000000000e+00,-1.796596206397925444e-01,0.000000000000000000e+00,-0.000000000000000000e+00,0.000000000000000000e+00,-0.000000000000000000e+00,-0.000000000000000000e+00,-0.000000000000000000e+00
-2.869305070899744181e-01,2.125138740451454122e+00,-3.421848577146244796e-01,-1.488441317110119066e-01,-0.000000000000000000e+00,-0.000000000000000000e+00,-0.000000000000000000e+00,0.000000000000000000e+00,-6.709199159310005878e-02,-0.000000000000000000e+00,0.000000000000000000e+00,-0.000000000000000000e+00,-0.000000000000000000e+00,-0.000000000000000000e+00,-0.000000000000000000e+00,-2.821921183821497481e-01,0.000000000000000000e+00,-0.000000000000000000e+00,-0.000000000000000000e+00,-1.197664071642733259e-02,-3.305090661791294793e-02,-3.670710318199995048e-01,-0.000000000000000000e+00,-0.000000000000000000e+00,-0.000000000000000000e+00,-0.000000000000000000e+00,-8.570763861692469454e-02,0.000000000000000000e+00,-0.000000000000000000e+00,-1.081507118388018718e-01,-0.000000000000000000e+00,-1.931682406178685252e-01,-3.689124949288299232e-02,-0.000000000000000000e+00,-0.000000000000000000e+00,-0.000000000000000000e+00,-0.000000000000000000e+00,-2.204007110728664065e-01,-3.029074861133186913e-01
-0.000000000000000000e+00,-3.421848577146244796e-01,2.192269602651315985e+00,-0.000000000000000000e+00,-2.102833927175905560e-01,0.000000000000000000e+00,-0.000000000000000000e+00,3.887333317617094330e-01,-2.861648031334130815e-01,-0.000000000000000000e+00,0.000000000000000000e+00,-0.000000000000000000e+00,-0.000000000000000000e+00,-0.000000000000000000e+00,-0.000000000000000000e+00,-0.000000000000000000e+00,0.000000000000000000e+00,-0.000000000000000000e+00,-0.000000000000000000e+00,-3.583862029465697541e-01,-0.000000000000000000e+00,-1.258369797131581869e-01,0.000000000000000000e+00,-0.000000000000000000e+00,-0.000000000000000000e+00,-0.000000000000000000e+00,-0.000000000000000000e+00,0.000000000000000000e+00,0.000000000000000000e+00,-0.000000000000000000e+00,0.000000000000000000e+00,-0.000000000000000000e+00,-9.466784039867336131e-02,-0.000000000000000000e+00,0.000000000000000000e+00,-0.000000000000000000e+00,0.000000000000000000e+00,-2.645382728270282424e-01,-3.445425889571867573e-01
-0.000000000000000000e+00,-1.488441317110119066e-01,-0.000000000000000000e+00,1.196907057929776474e+00,-0.000000000000000000e+00,-0.000000000000000000e+00,-0.000000000000000000e+00,-0.000000000000000000e+00,-0.000000000000000000e+00,-0.000000000000000000e+00,0.000000000000000000e+00,-0.000000000000000000e+00,-0.000000000000000000e+00,-0.000000000000000000e+00,0.000000000000000000e+00,-0.000000000000000000e+00,0.000000000000000000e+00,0.000000000000000000e+00,0.000000000000000000e+00,-1.386970551291449305e-01,-7.243068385606726833e-02,-1.522460569314461609e-01,-0.000000000000000000e+00,-4.777083234320701061e-02,-3.068626623144888807e-02,-0.000000000000000000e+00,-2.372281997279961432e-02,0.000000000000000000e+00,-0.000000000000000000e+00,-0.000000000000000000e+00,-0.000000000000000000e+00,-2.691040091054949443e-02,-4.199111142502257726e-02,0.000000000000000000e+00,-0.000000000000000000e+00,0.000000000000000000e+00,-0.000000000000000000e+00,-0.000000000000000000e+00,-0.000000000000000000e+00
-5.207937548463594662e-02,-0.000000000000000000e+00,-2.102833927175905560e-01,-0.000000000000000000e+00,1.407225100896009717e+00,-0.000000000000000000e+00,-0.000000000000000000e+00,3.326902540310459067e-01,-0.000000000000000000e+00,-0.000000000000000000e+00,0.000000000000000000e+00,-0.000000000000000000e+00,0.000000000000000000e+00,-1.257134819726176134e-01,-0.000000000000000000e+00,-1.644615042605911404e-01,0.000000000000000000e+00,-0.000000000000000000e+00,-0.000000000000000000e+00,-0.000000000000000000e+00,-0.000000000000000000e+00,-0.000000000000000000e+00,-0.000000000000000000e+00,-0.000000000000000000e+00,-0.000000000000000000e+00,-2.017148414962055547e-01,-5.108607184245157751e-02,-0.000000000000000000e+00,-0.000000000000000000e+00,-4.742958978902264700e-02,-0.000000000000000000e+00,-0.000000000000000000e+00,-3.525903058701519710e-02,-0.000000000000000000e+00,-0.000000000000000000e+00,0.000000000000000000e+00,-0.000000000000000000e+00,-6.140181969271556878e-02,-0.000000000000000000e+00
-0.000000000000000000e+00,-0.000000000000000000e+00,0.000000000000000000e+00,-0.000000000000000000e+00,-0.000000000000000000e+00,2.925404866219662559e+00,-2.407591045271164146e-02,-0.000000000000000000e+00,0.000000000000000000e+00,-1.028041121183807111e-01,2.781640363466549304e-01,0.000000000000000000e+00,0.000000000000000000e+00,-0.000000000000000000e+00,2.506200378010823293e-01,-0.000000000000000000e+00,0.000000000000000000e+00,0.000000000000000000e+00,1.644644004697715933e-01,0.000000000000000000e+00,-0.000000000000000000e+00,-0.000000000000000000e+00,-4.152146666657686169e-01,-1.587489898656624029e-02,-2.185872969213270567e-01,-0.000000000000000000e+00,-0.000000000000000000e+00,0.000000000000000000e+00,-1.248462915204505697e-01,-0.000000000000000000e+00,-2.409186106356293877e-01,0.000000000000000000e+00,-1.695091795338568574e-02,2.553323846418413257e-01,-3.300638424037334873e-01,2.269421966448621208e-01,-3.456737428796202161e-01,0.000000000000000000e+00,0.000000000000000000e+00
-4.951851924236942010e-02,-0.000000000000000000e+00,-0.000000000000000000e+00,-0.000000000000000000e+00,-0.000000000000000000e+00,-2.407591045271164146e-02,1.516690069461822610e+00,-0.000000000000000000e+00,0.000000000000000000e+00,-0.000000000000000000e+00,0.000000000000000000e+00,3.241332212816797759e-02,0.000000000000000000e+00,-5.513815013164779372e-02,2.914217120756497081e-01,-0.000000000000000000e+00,0.000000000000000000e+00,0.000000000000000000e+00,7.747936215822617823e-02,-0.000000000000000000e+00,-2.494594673424955222e-01,-0.000000000000000000e+00,-8.164597227257171241e-02,-6.038277455741881614e-03,-0.000000000000000000e+00,-0.000000000000000000e+00,-0.000000000000000000e+00,0.000000000000000000e+00,-7.696231572448582019e-03,-0.000000000000000000e+00,-2.038896064449314538e-01,0.000000000000000000e+00,-4.506538087622652400e-02,0.000000000000000000e+00,-2.521363806581688322e-02,0.000000000000000000e+00,-4.141682029410651694e-02,-0.000000000000000000e+00,-0.000000000000000000e+00
0.000000000000000000e+00,0.000000000000000000e+00,3.887333317617094330e-01,-0.000000000000000000e+00,3.326902540310459067e-01,-0.000000000000000000e+00,-0.000000000000000000e+00,1.438121306923434872e+00,9.421045402490108023e-02,0.000000000000000000e+00,0.000000000000000000e+00,0.000000000000000000e+00,-0.000000000000000000e+00,0.000000000000000000e+00,0.000000000000000000e+00,0.000000000000000000e+00,-0.000000000000000000e+00,2.597018582000334419e-01,0.000000000000000000e+00,0.000000000000000000e+00,-0.000000000000000000e+00,-0.000000000000000000e+00,-0.000000000000000000e+00,-0.000000000000000000e+00,0.000000000000000000e+00,1.022622182020289094e-01,0.000000000000000000e+00,0.000000000000000000e+00,0.000000000000000000e+00,0.000000000000000000e+00,-0.000000000000000000e+00,0.000000000000000000e+00,0.000000000000000000e+00,6.681989115041975236e-02,-0.000000000000000000e+00,0.000000000000000000e+00,-0.000000000000000000e+00,4.711668276149349327e-02,0.000000000000000000e+00
-0.000000000000000000e+00,-6.709199159310005878e-02,-2.861648031334130815e-01,-0.000000000000000000e+00,-0.000000000000000000e+00,0.000000000000000000e+00,0.000000000000000000e+00,9.421045402490108023e-02,2.164255388615389464e+00,0.000000000000000000e+00,-0.000000000000000000e+00,-3.424413424564492492e-01,-0.000000000000000000e+00,0.000000000000000000e+00,-4.237157181237016096e-02,-0.000000000000000000e+00,0.000000000000000000e+00,-1.253254825067293410e-01,-0.000000000000000000e+00,-1.044088246494474931e-01,-0.000000000000000000e+00,-0.000000000000000000e+00,0.000000000000000000e+00,0.000000000000000000e+00,0.000000000000000000e+00,-0.000000000000000000e+00,-0.000000000000000000e+00,-0.000000000000000000e+00,0.000000000000000000e+00,-0.000000000000000000e+00,0.000000000000000000e+00,-4.525214694268266807e-02,-0.000000000000000000e+00,-3.765985802945621685e-01,0.000000000000000000e+00,-2.648514462787013857e-01,0.000000000000000000e+00,-2.795391403344664183e-01,-3.793219022261274942e-01
-2.784699377173087131e-01,-0.000000000000000000e+00,-0.000000000000000000e+00,-0.000000000000000000e+00,-0.000000000000000000e+00,-1.028041121183807111e-01,-0.000000000000000000e+00,0.000000000000000000e+00,0.000000000000000000e+00,2.754676741803423479e+00,1.580769438676838390e-01,0.000000000000000000e+00,0.000000000000000000e+00,-2.527792550328525345e-01,0.000000000000000000e+00,-3.333483073727849244e-01,0.000000000000000000e+00,0.000000000000000000e+00,0.000000000000000000e+00,0.000000000000000000e+00,-0.000000000000000000e+00,-0.000000000000000000e+00,-2.531589060036010252e-01,-1.889152637282502101e-01,-3.154907876758542007e-01,-0.000000000000000000e+00,-1.023019922102480772e-01,0.000000000000000000e+00,-1.304448346974340645e-01,-3.967592174767857194e-01,-4.925764968771585706e-02,0.000000000000000000e+00,-3.927448893454475731e-02,0.000000000000000000e+00,-1.435463848078625260e-01,0.000000000000000000e+00,-1.902571509838998087e-01,-0.000000000000000000e+00,-0.000000000000000000e+00
7.144557715754559779e-02,0.000000000000000000e+00,0.000000000000000000e+00,0.000000000000000000e+00,0.000000000000000000e+00,2.781640363466549304e-01,0.000000000000000000e+00,0.000000000000000000e+00,-0.000000000000000000e+00,1.580769438676838390e-01,2.600306979524161122e+00,-0.000000000000000000e+00,-0.000000000000000000e+00,1.812086604850507154e-01,-2.895730882165260464e-02,0.000000000000000000e+00,-6.655375858176928450e-01,-0.000000000000000000e+00,-1.649460719631434813e-02,0.000000000000000000e+00,1.116563806878311527e-01,0.000000000000000000e+00,1.874978095155991342e-01,0.000000000000000000e+00,2.958107075120076923e-02,0.000000000000000000e+00,3.736655087999334740e-02,-0.000000000000000000e+00,1.323117253998064846e-01,0.000000000000000000e+00,7.292282436007621604e-02,-0.000000000000000000e+00,3.870782046830653078e-01,-0.000000000000000000e+00,1.024093692432503783e-01,-1.981972270768126987e-01,1.122585371345777572e-01,0.000000000000000000e+00,0.000000000000000000e+00
0.000000000000000000e+00,-0.000000000000000000e+00,-0.000000000000000000e+00,-0.000000000000000000e+00,-0.000000000000000000e+00,0.000000000000000000e+00,3.241332212816797759e-02,0.000000000000000000e+00,-3.424413424564492492e-01,0.000000000000000000e+00,-0.000000000000000000e+00,2.590201433763257732e+00,-5.663360431011266877e-02,0.000000000000000000e+00,-3.560927475382095753e-01,-0.000000000000000000e+00,-0.000000000000000000e+00,-2.132087759117380077e-01,-4.008070397747300340e-01,-0.000000000000000000e+00,0.000000000000000000e+00,-0.000000000000000000e+00,0.000000000000000000e+00,0.000000000000000000e+00,0.000000000000000000e+00,0.000000000000000000e+00,0.000000000000000000e+00,0.000000000000000000e+00,1.883724373136095864e-01,0.000000000000000000e+00,0.000000000000000000e+00,-3.086756698050239223e-01,0.000000000000000000e+00,-3.462100266992493847e-01,1.844392682029380726e-01,-2.228005031929528312e-01,7.232042440596310462e-02,-0.000000000000000000e+00,-1.828683394761757841e-01
0.000000000000000000e+00,-0.000000000000000000e+00,-0.000000000000000000e+00,-0.000000000000000000e+00,0.000000000000000000e+00,0.000000000000000000e+00,0.000000000000000000e+00,-0.000000000000000000e+00,-0.000000000000000000e+00,0.000000000000000000e+00,-0.000000000000000000e+00,-5.663360431011266877e-02,1.767758853515578821e+00,0.000000000000000000e+00,-0.000000000000000000e+00,0.000000000000000000e+00,0.000000000000000000e+00,-0.000000000000000000e+00,-0.000000000000000000e+00,-3.447742997056736924e-01,-0.000000000000000000e+00,-1.407297019064751298e-01,0.000000000000000000e+00,-0.000000000000000000e+00,0.000000000000000000e+00,4.481146348387242406e-02,-0.000000000000000000e+00,6.669890937807644304e-01,1.859658846866609483e-01,0.000000000000000000e+00,0.000000000000000000e+00,-2.610752721569540302e-01,-0.000000000000000000e+00,-0.000000000000000000e+00,0.000000000000000000e+00,-0.000000000000000000e+00,0.000000000000000000e+00,-0.000000000000000000e+00,-8.294598791400530210e-04
-3.325365387022774510e-01,-0.000000000000000000e+00,-0.000000000000000000e+00,-0.000000000000000000e+00,-1.257134819726176134e-01,-0.000000000000000000e+00,-5.513815013164779372e-02,0.000000000000000000e+00,0.000000000000000000e+00,-2.527792550328525345e-01,1.812086604850507154e-01,0.000000000000000000e+00,0.000000000000000000e+00,2.540077603916490290e+00,0.000000000000000000e+00,-0.000000000000000000e+00,0.000000000000000000e+00,0.000000000000000000e+00,0.000000000000000000e+00,0.000000000000000000e+00,-0.000000000000000000e+00,-0.000000000000000000e+00,-1.559910782079761971e-01,-0.000000000000000000e+00,-2.699495426146998889e-01,-1.096582621121213741e-01,-8.502885118123600094e-02,-0.000000000000000000e+00,-5.100563658699518443e-01,-0.000000000000000000e+00,-1.835580015856985159e-01,0.000000000000000000e+00,-0.000000000000000000e+00,0.000000000000000000e+00,-1.338667564527545595e-01,0.000000000000000000e+00,-2.413529890134887002e-01,-0.000000000000000000e+00,0.000000000000000000e+00
0.000000000000000000e+00,-0.000000000000000000e+00,-0.000000000000000000e+00,0.000000000000000000e+00,-0.000000000000000000e+00,2.506200378010823293e-01,2.914217120756497081e-01,0.000000000000000000e+00,-4.237157181237016096e-02,0.000000000000000000e+00,-2.895730882165260464e-02,-3.560927475382095753e-01,-0.000000000000000000e+00,0.000000000000000000e+00,2.939799453984377031e+00,0.000000000000000000e+00,-0.000000000000000000e+00,-3.799828939728702171e-01,-4.181582161366181327e-01,-0.000000000000000000e+00,0.000000000000000000e+00,-0.000000000000000000e+00,1.571965257150918505e-01,0.000000000000000000e+00,0.000000000000000000e+00,0.000000000000000000e+00,0.000000000000000000e+00,-0.000000000000000000e+00,0.000000000000000000e+00,0.000000000000000000e+00,2.400686546760138484e-01,-0.000000000000000000e+00,0.000000000000000000e+00,-3.838747160198598962e-01,2.276906016710070757e-01,-1.979771512178446768e-01,1.525011558574576598e-01,-0.000000000000000000e+00,-0.000000000000000000e+00
-2.912429659819187888e-01,-2.821921183821497481e-01,-0.000000000000000000e+00,-0.000000000000000000e+00,-1.644615042605911404e-01,-0.000000000000000000e+00,-0.000000000000000000e+00,0.000000000000000000e+00,-0.000000000000000000e+00,-3.333483073727849244e-01,0.000000000000000000e+00,-0.000000000000000000e+00,0.000000000000000000e+00,-0.000000000000000000e+00,0.000000000000000000e+00,2.285164878122982746e+00,0.000000000000000000e+00,-0.000000000000000000e+00,-0.000000000000000000e+00,-0.000000000000000000e+00,-0.000000000000000000e+00,-0.000000000000000000e+00,-0.000000000000000000e+00,-3.150472566820986531e-01,-1.350293303715599802e-01,-0.000000000000000000e+00,-1.741922778874234745e-01,0.000000000000000000e+00,-0.000000000000000000e+00,-6.670932623025447317e-01,-0.000000000000000000e+00,-0.000000000000000000e+00,-0.000000000000000000e+00,0.000000000000000000e+00,-0.000000000000000000e+00,0.000000000000000000e+00,-0.000000000000000000e+00,-0.000000000000000000e+00,-0.000000000000000000e+00
0.000000000000000000e+00,0.000000000000000000e+00,0.000000000000000000e+00,0.000000000000000000e+00,0.000000000000000000e+00,0.000000000000000000e+00,0.000000000000000000e+00,-0.000000000000000000e+00,0.000000000000000000e+00,0.000000000000000000e+00,-6.655375858176928450e-01,-0.000000000000000000e+00,0.000000000000000000e+00,0.000000000000000000e+00,-0.000000000000000000e+00,0.000000000000000000e+00,1.750756113785502111e+00,-0.000000000000000000e+00,-0.000000000000000000e+00,0.000000000000000000e+00,2.602774881548582941e-01,0.000000000000000000e+00,0.000000000000000000e+00,0.000000000000000000e+00,0.000000000000000000e+00,0.000000000000000000e+00,0.000000000000000000e+00,-0.000000000000000000e+00,0.000000000000000000e+00,0.000000000000000000e+00,0.000000000000000000e+00,-0.000000000000000000e+00,3.987297793247102096e-01,-0.000000000000000000e+00,0.000000000000000000e+00,-0.000000000000000000e+00,0.000000000000000000e+00,4.944118483630196431e-02,0.000000000000000000e+00
0.000000000000000000e+00,-0.000000000000000000e+00,-0.000000000000000000e+00,0.000000000000000000e+00,-0.000000000000000000e+00,0.000000000000000000e+00,0.000000000000000000e+00,2.597018582000334419e-01,-1.253254825067293410e-01,0.000000000000000000e+00,-0.000000000000000000e+00,-2.132087759117380077e-01,-0.000000000000000000e+00,0.000000000000000000e+00,-3.799828939728702171e-01,-0.000000000000000000e+00,-0.000000000000000000e+00,2.137136226881410028e+00,-6.776049755495311411e-01,-0.000000000000000000e+00,0.000000000000000000e+00,-0.000000000000000000e+00,0.000000000000000000e+00,0.000000000000000000e+00,0.000000000000000000e+00,-0.000000000000000000e+00,0.000000000000000000e+00,-0.000000000000000000e+00,0.000000000000000000e+00,-0.000000000000000000e+00,0.000000000000000000e+00,-0.000000000000000000e+00,0.000000000000000000e+00,-2.965762610993759596e-01,7.802435625878495484e-02,-0.000000000000000000e+00,0.000000000000000000e+00,-0.000000000000000000e+00,-0.000000000000000000e+00
0.000000000000000000e+00,-0.000000000000000000e+00,-0.000000000000000000e+00,0.000000000000000000e+00,-0.000000000000000000e+00,1.644644004697715933e-01,7.747936215822617823e-02,0.000000000000000000e+00,-0.000000000000000000e+00,0.000000000000000000e+00,-1.649460719631434813e-02,-4.008070397747300340e-01,-0.000000000000000000e+00,0.000000000000000000e+00,-4.181582161366181327e-01,-0.000000000000000000e+00,-0.000000000000000000e+00,-6.776049755495311411e-01,2.244091751656466904e+00,-0.000000000000000000e+00,0.000000000000000000e+00,-0.000000000000000000e+00,0.000000000000000000e+00,0.000000000000000000e+00,0.000000000000000000e+00,0.000000000000000000e+00,0.000000000000000000e+00,-0.000000000000000000e+00,0.000000000000000000e+00,-0.000000000000000000e+00,0.000000000000000000e+00,-0.000000000000000000e+00,0.000000000000000000e+00,-2.179029072388610211e-01,0.000000000000000000e+00,-7.445537111748570802e-02,0.000000000000000000e+00,-0.000000000000000000e+00,-0.000000000000000000e+00
-0.000000000000000000e+00,-1.197664071642733259e-02,-3.583862029465697541e-01,-1.386970551291449305e-01,-0.000000000000000000e+00,0.000000000000000000e+00,-0.000000000000000000e+00,0.000000000000000000e+00,-1.044088246494474931e-01,0.000000000000000000e+00,0.000000000000000000e+00,-0.000000000000000000e+00,-3.447742997056736924e-01,0.000000000000000000e+00,-0.000000000000000000e+00,-0.000000000000000000e+00,0.000000000000000000e+00,-0.000000000000000000e+00,-0.000000000000000000e+00,2.314788499640207942e+00,-2.426261024534716315e-02,-7.364852287752886584e-01,0.000000000000000000e+00,-0.000000000000000000e+00,-0.000000000000000000e+00,0.000000000000000000e+00,-0.000000000000000000e+00,7.486174279631180317e-02,0.000000000000000000e+00,-0.000000000000000000e+00,0.000000000000000000e+00,-2.204085213330949922e-01,-0.000000000000000000e+00,-0.000000000000000000e+00,0.000000000000000000e+00,-0.000000000000000000e+00,0.000000000000000000e+00,-3.086040115542376672e-02,-3.707761178813913094e-01
-3.753272068395201600e-03,-3.305090661791294793e-02,-0.000000000000000000e+00,-7.243068385606726833e-02,-0.000000000000000000e+00,-0.000000000000000000e+00,-2.494594673424955222e-01,-0.000000000000000000e+00,-0.000000000000000000e+00,-0.000000000000000000e+00,1.116563806878311527e-01,0.000000000000000000e+00,-0.000000000000000000e+00,-0.000000000000000000e+00,0.000000000000000000e+00,-0.000000000000000000e+00,2.602774881548582941e-01,0.000000000000000000e+00,0.000000000000000000e+00,-2.426261024534716315e-02,2.250772824886190904e+00,-4.943042935567731888e-01,-0.000000000000000000e+00,-1.915278505249180807e-01,-0.000000000000000000e+00,-0.000000000000000000e+00,-8.507733541740844507e-02,1.683459109619194760e-01,-0.000000000000000000e+00,-0.000000000000000000e+00,-0.000000000000000000e+00,-0.000000000000000000e+00,-7.985498807327310322e-01,0.000000000000000000e+00,-0.000000000000000000e+00,0.000000000000000000e+00,-0.000000000000000000e+00,-0.000000000000000000e+00,-0.000000000000000000e+00
-0.000000000000000000e+00,-3.670710318199995048e-01,-1.258369797131581869e-01,-1.522460569314461609e-01,-0.000000000000000000e+00,-0.000000000000000000e+00,-0.000000000000000000e+00,-0.000000000000000000e+00,-0.000000000000000000e+00,-0.000000000000000000e+00,0.000000000000000000e+00,-0.000000000000000000e+00,-1.407297019064751298e-01,-0.000000000000000000e+00,-0.000000000000000000e+00,-0.000000000000000000e+00,0.000000000000000000e+00,-0.000000000000000000e+00,-0.000000000000000000e+00,-7.364852287752886584e-01,-4.943042935567731888e-01,2.438306116275504198e+00,-0.000000000000000000e+00,-0.000000000000000000e+00,-0.000000000000000000e+00,0.000000000000000000e+00,-0.000000000000000000e+00,2.774025401562541515e-01,0.000000000000000000e+00,-0.000000000000000000e+00,0.000000000000000000e+00,-1.211458250243047235e-01,-7.021611956771982299e-02,-0.000000000000000000e+00,0.000000000000000000e+00,-0.000000000000000000e+00,0.000000000000000000e+00,-0.000000000000000000e+00,-2.601309667675396620e-01
-0.000000000000000000e+00,-0.000000000000000000e+00,0.000000000000000000e+00,-0.000000000000000000e+00,-0.000000000000000000e+00,-4.152146666657686169e-01,-8.164597227257171241e-02,-0.000000000000000000e+00,0.000000000000000000e+00,-2.531589060036010252e-01,1.874978095155991342e-01,0.000000000000000000e+00,0.000000000000000000e+00,-1.559910782079761971e-01,1.571965257150918505e-01,-0.000000000000000000e+00,0.000000000000000000e+00,0.000000000000000000e+00,0.000000000000000000e+00,0.000000000000000000e+00,-0.000000000000000000e+00,-0.000000000000000000e+00,2.978052535917844690e+00,-2.179345387423751168e-01,-3.968767306333745859e-01,-0.000000000000000000e+00,-1.507245126995180283e-02,0.000000000000000000e+00,-1.653882860527827459e-01,-0.000000000000000000e+00,-1.943283993566323753e-01,0.000000000000000000e+00,-4.380015437892396252e-02,9.282391937495358680e-02,-3.619304198048708954e-01,3.774297092275576831e-02,-3.238623420913500084e-01,0.000000000000000000e+00,0.000000000000000000e+00
-0.000000000000000000e+00,-0.000000000000000000e+00,-0.000000000000000000e+00,-4.777083234320701061e-02,-0.000000000000000000e+00,-1.587489898656624029e-02,-6.038277455741881614e-03,-0.000000000000000000e+00,0.000000000000000000e+00,-1.889152637282502101e-01,0.000000000000000000e+00,0.000000000000000000e+00,-0.000000000000000000e+00,-0.000000000000000000e+00,0.000000000000000000e+00,-3.150472566820986531e-01,0.000000000000000000e+00,0.000000000000000000e+00,0.000000000000000000e+00,-0.000000000000000000e+00,-1.915278505249180807e-01,-0.000000000000000000e+00,-2.179345387423751168e-01,2.064428369533176877e+00,-6.284127051923177332e-01,-0.000000000000000000e+00,-1.976935114856822329e-01,0.000000000000000000e+00,-0.000000000000000000e+00,-2.620748990860687425e-02,-0.000000000000000000e+00,-0.000000000000000000e+00,-7.190550114620264388e-02,0.000000000000000000e+00,-0.000000000000000000e+00,0.000000000000000000e+00,-0.000000000000000000e+00,-0.000000000000000000e+00,-0.000000000000000000e+00
-5.635573517158570106e-02,-0.000000000000000000e+00,-0.000000000000000000e+00,-3.068626623144888807e-02,-0.000000000000000000e+00,-2.185872969213270567e-01,-0.000000000000000000e+00,0.000000000000000000e+00,0.000000000000000000e+00,-3.154907876758542007e-01,2.958107075120076923e-02,0.000000000000000000e+00,0.000000000000000000e+00,-2.699495426146998889e-01,0.000000000000000000e+00,-1.350293303715599802e-01,0.000000000000000000e+00,0.000000000000000000e+00,0.000000000000000000e+00,-0.000000000000000000e+00,-0.000000000000000000e+00,-0.000000000000000000e+00,-3.968767306333745859e-01,-6.284127051923177332e-01,2.683652777225696617e+00,-0.000000000000000000e+00,-2.732495464584618339e-01,0.000000000000000000e+00,-2.744698107123422909e-02,-0.000000000000000000e+00,-0.000000000000000000e+00,-0.000000000000000000e+00,-1.792843822583171098e-01,0.000000000000000000e+00,-3.981331972244918360e-02,0.000000000000000000e+00,-1.561416416095845749e-01,-0.000000000000000000e+00,-0.000000000000000000e+00
-2.955039240260862177e-01,-0.000000000000000000e+00,-0.000000000000000000e+00,-0.000000000000000000e+00,-2.017148414962055547e-01,-0.000000000000000000e+00,-0.000000000000000000e+00,1.022622182020289094e-01,-0.000000000000000000e+00,-0.000000000000000000e+00,0.000000000000000000e+00,0.000000000000000000e+00,4.481146348387242406e-02,-1.096582621121213741e-01,0.000000000000000000e+00,-0.000000000000000000e+00,0.000000000000000000e+00,-0.000000000000000000e+00,0.000000000000000000e+00,0.000000000000000000e+00,-0.000000000000000000e+00,0.000000000000000000e+00,-0.000000000000000000e+00,-0.000000000000000000e+00,-0.000000000000000000e+00,1.400371866846243263e+00,-0.000000000000000000e+00,-2.827562528835993461e-01,-2.602505540810546303e-01,-0.000000000000000000e+00,-0.000000000000000000e+00,-0.000000000000000000e+00,-0.000000000000000000e+00,0.000000000000000000e+00,-0.000000000000000000e+00,0.000000000000000000e+00,-0.000000000000000000e+00,-0.000000000000000000e+00,-0.000000000000000000e+00
-3.556374409184674956e-01,-8.570763861692469454e-02,-0.000000000000000000e+00,-2.372281997279961432e-02,-5.108607184245157751e-02,-0.000000000000000000e+00,-0.000000000000000000e+00,0.000000000000000000e+00,-0.000000000000000000e+00,-1.023019922102480772e-01,3.736655087999334740e-02,0.000000000000000000e+00,-0.000000000000000000e+00,-8.502885118123600094e-02,0.000000000000000000e+00,-1.741922778874234745e-01,0.000000000000000000e+00,0.000000000000000000e+00,0.000000000000000000e+00,-0.000000000000000000e+00,-8.507733541740844507e-02,-0.000000000000000000e+00,-1.507245126995180283e-02,-1.976935114856822329e-01,-2.732495464584618339e-01,-0.000000000000000000e+00,2.018659792725248092e+00,0.000000000000000000e+00,-0.000000000000000000e+00,-0.000000000000000000e+00,-1.447855810323721848e-01,-0.000000000000000000e+00,-3.094832469340815240e-01,0.000000000000000000e+00,-0.000000000000000000e+00,0.000000000000000000e+00,-0.000000000000000000e+00,-0.000000000000000000e+00,-0.000000000000000000e+00
0.000000000000000000e+00,0.000000000000000000e+00,0.000000000000000000e+00,0.000000000000000000e+00,-0.000000000000000000e+00,0.000000000000000000e+00,0.000000000000000000e+00,0.000000000000000000e+00,-0.000000000000000000e+00,0.000000000000000000e+00,-0.000000000000000000e+00,0.000000000000000000e+00,6.669890937807644304e-01,-0.000000000000000000e+00,-0.000000000000000000e+00,0.000000000000000000e+00,-0.000000000000000000e+00,-0.000000000000000000e+00,-0.000000000000000000e+00,7.486174279631180317e-02,1.683459109619194760e-01,2.774025401562541515e-01,0.000000000000000000e+00,0.000000000000000000e+00,0.000000000000000000e+00,-2.827562528835993461e-01,0.000000000000000000e+00,1.621341903282271346e+00,-0.000000000000000000e+00,0.000000000000000000e+00,-0.000000000000000000e+00,0.000000000000000000e+00,0.000000000000000000e+00,-0.000000000000000000e+00,0.000000000000000000e+00,-0.000000000000000000e+00,-0.000000000000000000e+00,0.000000000000000000e+00,0.000000000000000000e+00
-5.339959438018721666e-02,-0.000000000000000000e+00,0.000000000000000000e+00,-0.000000000000000000e+00,-0.000000000000000000e+00,-1.248462915204505697e-01,-7.696231572448582019e-03,0.000000000000000000e+00,0.000000000000000000e+00,-1.304448346974340645e-01,1.323117253998064846e-01,1.883724373136095864e-01,1.859658846866609483e-01,-5.100563658699518443e-01,0.000000000000000000e+00,-0.000000000000000000e+00,0.000000000000000000e+00,0.000000000000000000e+00,0.000000000000000000e+00,0.000000000000000000e+00,-0.000000000000000000e+00,0.000000000000000000e+00,-1.653882860527827459e-01,-0.000000000000000000e+00,-2.744698107123422909e-02,-2.602505540810546303e-01,-0.000000000000000000e+00,-0.000000000000000000e+00,2.399198491396749233e+00,-0.000000000000000000e+00,-1.534868271156542285e-01,0.000000000000000000e+00,-0.000000000000000000e+00,0.000000000000000000e+00,-2.071188815815807049e-01,0.000000000000000000e+00,-3.792337495314231921e-01,0.000000000000000000e+00,0.000000000000000000e+00
-1.817949184532363649e-01,-1.081507118388018718e-01,-0.000000000000000000e+00,-0.000000000000000000e+00,-4.742958978902264700e-02,-0.000000000000000000e+00,-0.000000000000000000e+00,0.000000000000000000e+00,-0.000000000000000000e+00,-3.967592174767857194e-01,0.000000000000000000e+00,0.000000000000000000e+00,0.000000000000000000e+00,-0.000000000000000000e+00,0.000000000000000000e+00,-6.670932623025447317e-01,0.000000000000000000e+00,-0.000000000000000000e+00,-0.000000000000000000e+00,-0.000000000000000000e+00,-0.000000000000000000e+00,-0.000000000000000000e+00,-0.000000000000000000e+00,-2.620748990860687425e-02,-0.000000000000000000e+00,-0.000000000000000000e+00,-0.000000000000000000e+00,0.000000000000000000e+00,-0.000000000000000000e+00,1.775054789307790593e+00,-0.000000000000000000e+00,-0.000000000000000000e+00,-0.000000000000000000e+00,0.000000000000000000e+00,-0.000000000000000000e+00,-0.000000000000000000e+00,-0.000000000000000000e+00,-0.000000000000000000e+00,-0.000000000000000000e+00
-8.495202512923182014e-02,-0.000000000000000000e+00,0.000000000000000000e+00,-0.000000000000000000e+00,-0.000000000000000000e+00,-2.409186106356293877e-01,-2.038896064449314538e-01,-0.000000000000000000e+00,0.000000000000000000e+00,-4.925764968771585706e-02,7.292282436007621604e-02,0.000000000000000000e+00,0.000000000000000000e+00,-1.835580015856985159e-01,2.400686546760138484e-01,-0.000000000000000000e+00,0.000000000000000000e+00,0.000000000000000000e+00,0.000000000000000000e+00,0.000000000000000000e+00,-0.000000000000000000e+00,0.000000000000000000e+00,-1.943283993566323753e-01,-0.000000000000000000e+00,-0.000000000000000000e+00,-0.000000000000000000e+00,-1.447855810323721848e-01,-0.000000000000000000e+00,-1.534868271156542285e-01,-0.000000000000000000e+00,2.567275128542444218e+00,0.000000000000000000e+00,-1.324445590731989676e-02,1.525011850604446606e-01,-2.231143589755404111e-01,3.465575861784392919e-01,-3.030574584390710036e-01,0.000000000000000000e+00,0.000000000000000000e+00
-0.000000000000000000e+00,-1.931682406178685252e-01,-0.000000000000000000e+00,-2.691040091054949443e-02,-0.000000000000000000e+00,0.000000000000000000e+00,0.000000000000000000e+00,0.000000000000000000e+00,-4.525214694268266807e-02,0.000000000000000000e+00,-0.000000000000000000e+00,-3.086756698050239223e-01,-2.610752721569540302e-01,0.000000000000000000e+00,-0.000000000000000000e+00,-0.000000000000000000e+00,-0.000000000000000000e+00,-0.000000000000000000e+00,-0.000000000000000000e+00,-2.204085213330949922e-01,-0.000000000000000000e+00,-1.211458250243047235e-01,0.000000000000000000e+00,-0.000000000000000000e+00,-0.000000000000000000e+00,-0.000000000000000000e+00,-0.000000000000000000e+00,0.000000000000000000e+00,0.000000000000000000e+00,-0.000000000000000000e+00,0.000000000000000000e+00,1.639357151948390712e+00,-0.000000000000000000e+00,-0.000000000000000000e+00,0.000000000000000000e+00,-0.000000000000000000e+00,0.000000000000000000e+00,-0.000000000000000000e+00,-2.986031887233817073e-01
-1.796596206397925444e-01,-3.689124949288299232e-02,-9.466784039867336131e-02,-4.199111142502257726e-02,-3.525903058701519710e-02,-1.695091795338568574e-02,-4.506538087622652400e-02,0.000000000000000000e+00,-0.000000000000000000e+00,-3.927448893454475731e-02,3.870782046830653078e-01,0.000000000000000000e+00,-0.000000000000000000e+00,-0.000000000000000000e+00,0.000000000000000000e+00,-0.000000000000000000e+00,3.987297793247102096e-01,0.000000000000000000e+00,0.000000000000000000e+00,-0.000000000000000000e+00,-7.985498807327310322e-01,-7.021611956771982299e-02,-4.380015437892396252e-02,-7.190550114620264388e-02,-1.792843822583171098e-01,-0.000000000000000000e+00,-3.094832469340815240e-01,0.000000000000000000e+00,-0.000000000000000000e+00,-0.000000000000000000e+00,-1.324445590731989676e-02,-0.000000000000000000e+00,2.539681216855044443e+00,0.000000000000000000e+00,-0.000000000000000000e+00,0.000000000000000000e+00,-0.000000000000000000e+00,-0.000000000000000000e+00,-0.000000000000000000e+00
0.000000000000000000e+00,-0.000000000000000000e+00,-0.000000000000000000e+00,0.000000000000000000e+00,-0.000000000000000000e+00,2.553323846418413257e-01,0.000000000000000000e+00,6.681989115041975236e-02,-3.765985802945621685e-01,0.000000000000000000e+00,-0.000000000000000000e+00,-3.462100266992493847e-01,-0.000000000000000000e+00,0.000000000000000000e+00,-3.838747160198598962e-01,0.000000000000000000e+00,-0.000000000000000000e+00,-2.965762610993759596e-01,-2.179029072388610211e-01,-0.000000000000000000e+00,0.000000000000000000e+00,-0.000000000000000000e+00,9.282391937495358680e-02,0.000000000000000000e+00,0.000000000000000000e+00,0.000000000000000000e+00,0.000000000000000000e+00,-0.000000000000000000e+00,0.000000000000000000e+00,0.000000000000000000e+00,1.525011850604446606e-01,-0.000000000000000000e+00,0.000000000000000000e+00,2.821190609861380594e+00,2.815481605991261294e-01,-3.742754981687229643e-01,1.446708775848368211e-01,-0.000000000000000000e+00,-0.000000000000000000e+00
-0.000000000000000000e+00,-0.000000000000000000e+00,0.000000000000000000e+00,-0.000000000000000000e+00,-0.000000000000000000e+00,-3.300638424037334873e-01,-2.521363806581688322e-02,-0.000000000000000000e+00,0.000000000000000000e+00,-1.435463848078625260e-01,1.024093692432503783e-01,1.844392682029380726e-01,0.000000000000000000e+00,-1.338667564527545595e-01,2.276906016710070757e-01,-0.000000000000000000e+00,0.000000000000000000e+00,7.802435625878495484e-02,0.000000000000000000e+00,0.000000000000000000e+00,-0.000000000000000000e+00,0.000000000000000000e+00,-3.619304198048708954e-01,-0.000000000000000000e+00,-3.981331972244918360e-02,-0.000000000000000000e+00,-0.000000000000000000e+00,0.000000000000000000e+00,-2.071188815815807049e-01,-0.000000000000000000e+00,-2.231143589755404111e-01,0.000000000000000000e+00,-0.000000000000000000e+00,2.815481605991261294e-01,2.889783473004144732e+00,1.740732932459131133e-01,-4.392715590385297131e-01,0.000000000000000000e+00,0.000000000000000000e+00
0.000000000000000000e+00,-0.000000000000000000e+00,-0.000000000000000000e+00,0.000000000000000000e+00,0.000000000000000000e+00,2.269421966448621208e-01,0.000000000000000000e+00,0.000000000000000000e+00,-2.648514462787013857e-01,0.000000000000000000e+00,-1.981972270768126987e-01,-2.228005031929528312e-01,-0.000000000000000000e+00,0.000000000000000000e+00,-1.979771512178446768e-01,0.000000000000000000e+00,-0.000000000000000000e+00,-0.000000000000000000e+00,-7.445537111748570802e-02,-0.000000000000000000e+00,0.000000000000000000e+00,-0.000000000000000000e+00,3.774297092275576831e-02,0.000000000000000000e+00,0.000000000000000000e+00,0.000000000000000000e+00,0.000000000000000000e+00,-0.000000000000000000e+00,0.000000000000000000e+00,-0.000000000000000000e+00,3.465575861784392919e-01,-0.000000000000000000e+00,0.000000000000000000e+00,-3.742754981687229643e-01,1.740732932459131133e-01,2.322510869719460302e+00,1.413724394644014226e-01,-0.000000000000000000e+00,-0.000000000000000000e+00
-0.000000000000000000e+00,-0.000000000000000000e+00,0.000000000000000000e+00,-0.000000000000000000e+00,-0.000000000000000000e+00,-3.456737428796202161e-01,-4.141682029410651694e-02,-0.000000000000000000e+00,0.000000000000000000e+00,-1.902571509838998087e-01,1.122585371345777572e-01,7.232042440596310462e-02,0.000000000000000000e+00,-2.413529890134887002e-01,1.525011558574576598e-01,-0.000000000000000000e+00,0.000000000000000000e+00,0.000000000000000000e+00,0.000000000000000000e+00,0.000000000000000000e+00,-0.000000000000000000e+00,0.000000000000000000e+00,-3.238623420913500084e-01,-0.000000000000000000e+00,-1.561416416095845749e-01,-0.000000000000000000e+00,-0.000000000000000000e+00,-0.000000000000000000e+00,-3.792337495314231921e-01,-0.000000000000000000e+00,-3.030574584390710036e-01,0.000000000000000000e+00,-0.000000000000000000e+00,1.446708775848368211e-01,-4.392715590385297131e-01,1.413724394644014226e-01,2.971937076990868842e+00,0.000000000000000000e+00,0.000000000000000000e+00
-0.000000000000000000e+00,-2.204007110728664065e-01,-2.645382728270282424e-01,-0.000000000000000000e+00,-6.140181969271556878e-02,0.000000000000000000e+00,-0.000000000000000000e+00,4.711668276149349327e-02,-2.795391403344664183e-01,-0.000000000000000000e+00,0.000000000000000000e+00,-0.000000000000000000e+00,-0.000000000000000000e+00,-0.000000000000000000e+00,-0.000000000000000000e+00,-0.000000000000000000e+00,4.944118483630196431e-02,-0.000000000000000000e+00,-0.000000000000000000e+00,-3.086040115542376672e-02,-0.000000000000000000e+00,-0.000000000000000000e+00,0.000000000000000000e+00,-0.000000000000000000e+00,-0.000000000000000000e+00,-0.000000000000000000e+00,-0.000000000000000000e+00,0.000000000000000000e+00,0.000000000000000000e+00,-0.000000000000000000e+00,0.000000000000000000e+00,-0.000000000000000000e+00,-0.000000000000000000e+00,-0.000000000000000000e+00,0.000000000000000000e+00,-0.000000000000000000e+00,0.000000000000000000e+00,1.674430787569022527e+00,-4.686242383258633626e-01
-0.000000000000000000e+00,-3.029074861133186913e-01,-3.445425889571867573e-01,-0.000000000000000000e+00,-0.000000000000000000e+00,0.000000000000000000e+00,-0.000000000000000000e+00,0.000000000000000000e+00,-3.793219022261274942e-01,-0.000000000000000000e+00,0.000000000000000000e+00,-1.828683394761757841e-01,-8.294598791400530210e-04,0.000000000000000000e+00,-0.000000000000000000e+00,-0.000000000000000000e+00,0.000000000000000000e+00,-0.000000000000000000e+00,-0.000000000000000000e+00,-3.707761178813913094e-01,-0.000000000000000000e+00,-2.601309667675396620e-01,0.000000000000000000e+00,-0.000000000000000000e+00,-0.000000000000000000e+00,-0.000000000000000000e+00,-0.000000000000000000e+00,0.000000000000000000e+00,0.000000000000000000e+00,-0.000000000000000000e+00,0.000000000000000000e+00,-2.986031887233817073e-01,-0.000000000000000000e+00,-0.000000000000000000e+00,0.000000000000000000e+00,-0.000000000000000000e+00,0.000000000000000000e+00,-4.686242383258633626e-01,2.416412455333112774e+00
