2.727257516474892451e+00,-0.000000000000000000e+00,-0.000000000000000000e+00,1.391040512794955164e-01,-0.000000000000000000e+00,-0.000000000000000000e+00,-0.000000000000000000e+00,-0.000000000000000000e+00,-1.149746543162975393e-01,0.000000000000000000e+00,-0.000000000000000000e+00,0.000000000000000000e+00,0.000000000000000000e+00,-0.000000000000000000e+00,-1.904964445293501618e-01,-2.292512570727212318e-01,-4.272192607757602234e-02,-3.144639307625322622e-01,-0.000000000000000000e+00,-0.000000000000000000e+00,0.000000000000000000e+00,-0.000000000000000000e+00,-0.000000000000000000e+00,-2.821605471311456892e-01,-0.000000000000000000e+00,-4.707412489873390449e-01,0.000000000000000000e+00,-3.811263947650024853e-01,-1.999343958326075532e-01,-1.098561489086744281e-01,-0.000000000000000000e+00,0.000000000000000000e+00,1.210133258295832820e-01,-0.000000000000000000e+00,-0.000000000000000000e+00,-0.000000000000000000e+00,-1.613113461068630683e-01,-3.169208203978018390e-01,-0.000000000000000000e+00
-0.000000000000000000e+00,1.757955300459809855e+00,-0.000000000000000000e+00,0.000000000000000000e+00,-0.000000000000000000e+00,0.000000000000000000e+00,-0.000000000000000000e+00,0.000000000000000000e+00,-1.952518156075897238e-01,-2.778264370469305522e-01,0.000000000000000000e+00,0.000000000000000000e+00,-4.939568925435978974e-02,-0.000000000000000000e+00,-0.000000000000000000e+00,-0.000000000000000000e+00,0.000000000000000000e+00,-0.000000000000000000e+00,-0.000000000000000000e+00,-0.000000000000000000e+00,0.000000000000000000e+00,-0.000000000000000000e+00,-0.000000000000000000e+00,-0.000000000000000000e+00,0.000000000000000000e+00,-0.000000000000000000e+00,-0.000000000000000000e+00,-0.000000000000000000e+00,-0.000000000000000000e+00,-3.958605235093214936e-01,-1.760614861925060073e-02,-3.427332686771527581e-01,0.000000000000000000e+00,-9.490836777861427070e-03,-0.000000000000000000e+00,-7.087875222176164003e-02,-2.685250346602662264e-01,-0.000000000000000000e+00,-1.834220092069712982e-01
-0.000000000000000000e+00,-0.000000000000000000e+00,2.299131877189611650e+00,0.000000000000000000e+00,-4.055708640515077734e-01,0.000000000000000000e+00,-0.000000000000000000e+00,1.060418156470325002e+00,-0.000000000000000000e+00,-1.715557991446492458e-01,0.000000000000000000e+00,0.000000000000000000e+00,-0.000000000000000000e+00,-0.000000000000000000e+00,0.000000000000000000e+00,-0.000000000000000000e+00,0.000000000000000000e+00,-0.000000000000000000e+00,-0.000000000000000000e+00,-0.000000000000000000e+00,-3.241761906204823629e-01,-2.649745795833673978e-01,-0.000000000000000000e+00,-0.000000000000000000e+00,-0.000000000000000000e+00,-0.000000000000000000e+00,-0.000000000000000000e+00,-0.000000000000000000e+00,0.000000000000000000e+00,-0.000000000000000000e+00,-1.509609476097465708e-01,-0.000000000000000000e+00,-0.000000000000000000e+00,-0.000000000000000000e+00,-0.000000000000000000e+00,-7.482488304789648714e-02,-0.000000000000000000e+00,-0.000000000000000000e+00,-0.000000000000000000e+00
1.391040512794955164e-01,0.000000000000000000e+00,0.000000000000000000e+00,1.648215051617618832e+00,0.000000000000000000e+00,0.000000000000000000e+00,0.000000000000000000e+00,0.000000000000000000e+00,0.000000000000000000e+00,-0.000000000000000000e+00,0.000000000000000000e+00,0.000000000000000000e+00,-0.000000000000000000e+00,2.351164076059099675e-02,3.052157680078299018e-01,0.000000000000000000e+00,2.404081952373615660e-01,0.000000000000000000e+00,-0.000000000000000000e+00,0.000000000000000000e+00,-0.000000000000000000e+00,0.000000000000000000e+00,0.000000000000000000e+00,1.502221949031418147e-01,3.078893011914182395e-02,1.701359222019620254e-01,-0.000000000000000000e+00,1.897732917518140938e-01,1.604459588704437722e-01,0.000000000000000000e+00,0.000000000000000000e+00,0.000000000000000000e+00,-0.000000000000000000e+00,0.000000000000000000e+00,0.000000000000000000e+00,0.000000000000000000e+00,0.000000000000000000e+00,0.000000000000000000e+00,-0.000000000000000000e+00
-0.000000000000000000e+00,-0.000000000000000000e+00,-4.055708640515077734e-01,0.000000000000000000e+00,1.496950350264250273e+00,0.000000000000000000e+00,0.000000000000000000e+00,2.980756071543664842e-01,-0.000000000000000000e+00,-6.056466241448624221e-02,-0.000000000000000000e+00,-0.000000000000000000e+00,-0.000000000000000000e+00,-0.000000000000000000e+00,0.000000000000000000e+00,-0.000000000000000000e+00,-0.000000000000000000e+00,0.000000000000000000e+00,0.000000000000000000e+00,-0.000000000000000000e+00,-0.000000000000000000e+00,-0.000000000000000000e+00,-2.592384610293602676e-01,-0.000000000000000000e+00,-0.000000000000000000e+00,-0.000000000000000000e+00,-0.000000000000000000e+00,-0.000000000000000000e+00,0.000000000000000000e+00,-7.186207547595148404e-02,-2.080835192511887310e-01,-0.000000000000000000e+00,-2.626342528135164767e-03,-0.000000000000000000e+00,-0.000000000000000000e+00,-4.487704258323638867e-02,-0.000000000000000000e+00,-0.000000000000000000e+00,-0.000000000000000000e+00
-0.000000000000000000e+00,0.000000000000000000e+00,0.000000000000000000e+00,0.000000000000000000e+00,0.000000000000000000e+00,1.453365616346469436e+00,0.000000000000000000e+00,-0.000000000000000000e+00,0.000000000000000000e+00,0.000000000000000000e+00,-4.147425467421386736e-01,-0.000000000000000000e+00,0.000000000000000000e+00,-9.048135908444418507e-02,-0.000000000000000000e+00,-0.000000000000000000e+00,-1.145552354439043942e-02,-0.000000000000000000e+00,-0.000000000000000000e+00,0.000000000000000000e+00,0.000000000000000000e+00,-0.000000000000000000e+00,-0.000000000000000000e+00,-0.000000000000000000e+00,-1.838421254484608747e-01,-0.000000000000000000e+00,0.000000000000000000e+00,-0.000000000000000000e+00,-3.086707427537582760e-01,-0.000000000000000000e+00,-0.000000000000000000e+00,-0.000000000000000000e+00,0.000000000000000000e+00,1.643889496100688075e-02,-2.418987579824632278e-02,-0.000000000000000000e+00,-0.000000000000000000e+00,-0.000000000000000000e+00,1.368080618841722162e-01
-0.000000000000000000e+00,-0.000000000000000000e+00,-0.000000000000000000e+00,0.000000000000000000e+00,0.000000000000000000e+00,0.000000000000000000e+00,1.357619710708842131e+00,0.000000000000000000e+00,-7.756813848516527776e-02,-0.000000000000000000e+00,0.000000000000000000e+00,4.237900828926315089e-02,-0.000000000000000000e+00,0.000000000000000000e+00,-0.000000000000000000e+00,-5.511748884349108868e-02,-0.000000000000000000e+00,-1.154483636314289630e-01,-1.946495670894344832e-01,-2.749188187116366477e-01,-0.000000000000000000e+00,-0.000000000000000000e+00,0.000000000000000000e+00,-0.000000000000000000e+00,0.000000000000000000e+00,-0.000000000000000000e+00,0.000000000000000000e+00,-0.000000000000000000e+00,-0.000000000000000000e+00,-0.000000000000000000e+00,-0.000000000000000000e+00,0.000000000000000000e+00,0.000000000000000000e+00,-0.000000000000000000e+00,0.000000000000000000e+00,0.000000000000000000e+00,-0.000000000000000000e+00,-1.387713895742646031e-01,-1.516011238610420475e-01
-0.000000000000000000e+00,0.000000000000000000e+00,1.060418156470325002e+00,0.000000000000000000e+00,2.980756071543664842e-01,-0.000000000000000000e+00,0.000000000000000000e+00,2.202270117507579172e+00,0.000000000000000000e+00,0.000000000000000000e+00,-0.000000000000000000e+00,-0.000000000000000000e+00,0.000000000000000000e+00,0.000000000000000000e+00,-0.000000000000000000e+00,0.000000000000000000e+00,-0.000000000000000000e+00,0.000000000000000000e+00,-0.000000000000000000e+00,0.000000000000000000e+00,3.915068262878416694e-01,9.154012844978530461e-02,0.000000000000000000e+00,-0.000000000000000000e+00,0.000000000000000000e+00,0.000000000000000000e+00,7.304468786869959540e-02,0.000000000000000000e+00,-0.000000000000000000e+00,0.000000000000000000e+00,0.000000000000000000e+00,0.000000000000000000e+00,2.422438352447313925e-01,0.000000000000000000e+00,-0.000000000000000000e+00,0.000000000000000000e+00,0.000000000000000000e+00,0.000000000000000000e+00,0.000000000000000000e+00
-1.149746543162975393e-01,-1.952518156075897238e-01,-0.000000000000000000e+00,0.000000000000000000e+00,-0.000000000000000000e+00,0.000000000000000000e+00,-7.756813848516527776e-02,0.000000000000000000e+00,2.538253876121988384e+00,-0.000000000000000000e+00,0.000000000000000000e+00,0.000000000000000000e+00,-0.000000000000000000e+00,-0.000000000000000000e+00,-0.000000000000000000e+00,-3.102495540992361578e-01,-0.000000000000000000e+00,-0.000000000000000000e+00,-0.000000000000000000e+00,-4.024885928543930902e-02,0.000000000000000000e+00,-0.000000000000000000e+00,-0.000000000000000000e+00,-0.000000000000000000e+00,-0.000000000000000000e+00,-0.000000000000000000e+00,0.000000000000000000e+00,-3.341925296896943592e-02,-0.000000000000000000e+00,-6.457586575624036929e-01,-0.000000000000000000e+00,-0.000000000000000000e+00,0.000000000000000000e+00,-4.401298584889628551e-01,-0.000000000000000000e+00,-0.000000000000000000e+00,-1.350291934239324643e-01,-5.323595199826948177e-01,-9.124340914147451020e-02
0.000000000000000000e+00,-2.778264370469305522e-01,-1.715557991446492458e-01,-0.000000000000000000e+00,-6.056466241448624221e-02,0.000000000000000000e+00,-0.000000000000000000e+00,0.000000000000000000e+00,-0.000000000000000000e+00,2.004908841304639644e+00,1.141497434863905126e-02,0.000000000000000000e+00,-0.000000000000000000e+00,0.000000000000000000e+00,0.000000000000000000e+00,-0.000000000000000000e+00,0.000000000000000000e+00,-0.000000000000000000e+00,-0.000000000000000000e+00,-0.000000000000000000e+00,-0.000000000000000000e+00,-0.000000000000000000e+00,-0.000000000000000000e+00,0.000000000000000000e+00,0.000000000000000000e+00,0.000000000000000000e+00,-2.989096705780507415e-02,0.000000000000000000e+00,2.116835564729700192e-01,-9.687333569768451225e-02,-1.248710882725283938e-01,-0.000000000000000000e+00,0.000000000000000000e+00,-3.013935763702391690e-01,0.000000000000000000e+00,0.000000000000000000e+00,-0.000000000000000000e+00,-0.000000000000000000e+00,-9.156371835876339071e-01
-0.000000000000000000e+00,0.000000000000000000e+00,0.000000000000000000e+00,0.000000000000000000e+00,-0.000000000000000000e+00,-4.147425467421386736e-01,0.000000000000000000e+00,-0.000000000000000000e+00,0.000000000000000000e+00,1.141497434863905126e-02,1.882585026836346431e+00,-0.000000000000000000e+00,1.671020638574509387e-01,-0.000000000000000000e+00,-0.000000000000000000e+00,-0.000000000000000000e+00,-6.813983855561005498e-01,-0.000000000000000000e+00,0.000000000000000000e+00,0.000000000000000000e+00,0.000000000000000000e+00,-0.000000000000000000e+00,-0.000000000000000000e+00,-0.000000000000000000e+00,-3.916708098457283294e-01,-0.000000000000000000e+00,0.000000000000000000e+00,-0.000000000000000000e+00,-6.264088514549391584e-02,0.000000000000000000e+00,-0.000000000000000000e+00,0.000000000000000000e+00,0.000000000000000000e+00,0.000000000000000000e+00,-0.000000000000000000e+00,-0.000000000000000000e+00,-0.000000000000000000e+00,-0.000000000000000000e+00,2.095027476537984490e-01
0.000000000000000000e+00,0.000000000000000000e+00,0.000000000000000000e+00,0.000000000000000000e+00,-0.000000000000000000e+00,-0.000000000000000000e+00,4.237900828926315089e-02,-0.000000000000000000e+00,0.000000000000000000e+00,0.000000000000000000e+00,-0.000000000000000000e+00,1.059375918070130096e+00,0.000000000000000000e+00,-0.000000000000000000e+00,-0.000000000000000000e+00,0.000000000000000000e+00,-0.000000000000000000e+00,0.000000000000000000e+00,2.343684329944976108e-01,0.000000000000000000e+00,0.000000000000000000e+00,0.000000000000000000e+00,-0.000000000000000000e+00,-0.000000000000000000e+00,-0.000000000000000000e+00,0.000000000000000000e+00,0.000000000000000000e+00,-0.000000000000000000e+00,-0.000000000000000000e+00,0.000000000000000000e+00,-0.000000000000000000e+00,-0.000000000000000000e+00,-0.000000000000000000e+00,0.000000000000000000e+00,-0.000000000000000000e+00,-0.000000000000000000e+00,0.000000000000000000e+00,0.000000000000000000e+00,0.000000000000000000e+00
0.000000000000000000e+00,-4.939568925435978974e-02,-0.000000000000000000e+00,-0.000000000000000000e+00,-0.000000000000000000e+00,0.000000000000000000e+00,-0.000000000000000000e+00,0.000000000000000000e+00,-0.000000000000000000e+00,-0.000000000000000000e+00,1.671020638574509387e-01,0.000000000000000000e+00,1.175906439510767676e+00,0.000000000000000000e+00,1.196086746667406747e-02,0.000000000000000000e+00,2.184085060374023057e-01,0.000000000000000000e+00,-0.000000000000000000e+00,-0.000000000000000000e+00,-1.250922092735378410e-01,-0.000000000000000000e+00,-0.000000000000000000e+00,0.000000000000000000e+00,0.000000000000000000e+00,0.000000000000000000e+00,-1.494210067780741558e-01,0.000000000000000000e+00,4.771687609735214292e-04,-0.000000000000000000e+00,-0.000000000000000000e+00,-0.000000000000000000e+00,-0.000000000000000000e+00,-0.000000000000000000e+00,0.000000000000000000e+00,-0.000000000000000000e+00,0.000000000000000000e+00,0.000000000000000000e+00,-6.904930818269171267e-02
-0.000000000000000000e+00,-0.000000000000000000e+00,-0.000000000000000000e+00,2.351164076059099675e-02,-0.000000000000000000e+00,-9.048135908444418507e-02,0.000000000000000000e+00,0.000000000000000000e+00,-0.000000000000000000e+00,0.000000000000000000e+00,-0.000000000000000000e+00,-0.000000000000000000e+00,0.000000000000000000e+00,1.799848678784304656e+00,-0.000000000000000000e+00,-0.000000000000000000e+00,-0.000000000000000000e+00,-0.000000000000000000e+00,0.000000000000000000e+00,0.000000000000000000e+00,0.000000000000000000e+00,-0.000000000000000000e+00,-2.279979557361515030e-01,-1.418081240186467862e-01,-2.524502294926453949e-01,-0.000000000000000000e+00,-0.000000000000000000e+00,-0.000000000000000000e+00,-1.291144424335181895e-01,-0.000000000000000000e+00,-0.000000000000000000e+00,-0.000000000000000000e+00,-0.000000000000000000e+00,0.000000000000000000e+00,-3.366215677720054700e-01,-5.603423096912407697e-01,-0.000000000000000000e+00,-0.000000000000000000e+00,0.000000000000000000e+00
-1.904964445293501618e-01,-0.000000000000000000e+00,0.000000000000000000e+00,3.052157680078299018e-01,0.000000000000000000e+00,-0.000000000000000000e+00,-0.000000000000000000e+00,-0.000000000000000000e+00,-0.000000000000000000e+00,0.000000000000000000e+00,-0.000000000000000000e+00,-0.000000000000000000e+00,1.196086746667406747e-02,-0.000000000000000000e+00,1.448029040467981421e+00,-6.332947010150456225e-03,-2.285540844864043797e-02,-0.000000000000000000e+00,-0.000000000000000000e+00,-0.000000000000000000e+00,0.000000000000000000e+00,0.000000000000000000e+00,0.000000000000000000e+00,-1.035393585772723668e-01,-0.000000000000000000e+00,-1.002465965317454188e-01,1.492214893335083448e-01,-0.000000000000000000e+00,-1.126424595001240259e-01,-0.000000000000000000e+00,0.000000000000000000e+00,0.000000000000000000e+00,1.988651744045731307e-01,-0.000000000000000000e+00,-0.000000000000000000e+00,-0.000000000000000000e+00,-0.000000000000000000e+00,-0.000000000000000000e+00,0.000000000000000000e+00
-2.292512570727212318e-01,-0.000000000000000000e+00,-0.000000000000000000e+00,0.000000000000000000e+00,-0.000000000000000000e+00,-0.000000000000000000e+00,-5.511748884349108868e-02,0.000000000000000000e+00,-3.102495540992361578e-01,-0.000000000000000000e+00,-0.000000000000000000e+00,0.000000000000000000e+00,0.000000000000000000e+00,-0.000000000000000000e+00,-6.332947010150456225e-03,2.499667091239027084e+00,-0.000000000000000000e+00,-3.554759312694433238e-01,-0.000000000000000000e+00,-0.000000000000000000e+00,0.000000000000000000e+00,-0.000000000000000000e+00,-0.000000000000000000e+00,-5.823311382635785322e-02,-0.000000000000000000e+00,-1.808391941249495039e-01,0.000000000000000000e+00,-1.280045403427773343e-01,-0.000000000000000000e+00,-4.751070452775307817e-01,-0.000000000000000000e+00,0.000000000000000000e+00,7.000981711875225999e-02,-5.496373631256110115e-02,0.000000000000000000e+00,-0.000000000000000000e+00,-0.000000000000000000e+00,-5.964284558689313398e-01,-0.000000000000000000e+00
-4.272192607757602234e-02,0.000000000000000000e+00,0.000000000000000000e+00,2.404081952373615660e-01,-0.000000000000000000e+00,-1.145552354439043942e-02,-0.000000000000000000e+00,-0.000000000000000000e+00,-0.000000000000000000e+00,0.000000000000000000e+00,-6.813983855561005498e-01,-0.000000000000000000e+00,2.184085060374023057e-01,-0.000000000000000000e+00,-2.285540844864043797e-02,-0.000000000000000000e+00,2.080675637575498005e+00,-0.000000000000000000e+00,-0.000000000000000000e+00,0.000000000000000000e+00,0.000000000000000000e+00,-0.000000000000000000e+00,-0.000000000000000000e+00,-0.000000000000000000e+00,-5.978539647981442190e-02,-3.140144306007439101e-01,1.734827882536126367e-02,-3.042187996504958081e-01,-2.387736104928206982e-01,-0.000000000000000000e+00,-0.000000000000000000e+00,0.000000000000000000e+00,0.000000000000000000e+00,0.000000000000000000e+00,-0.000000000000000000e+00,-0.000000000000000000e+00,-0.000000000000000000e+00,-0.000000000000000000e+00,0.000000000000000000e+00
-3.144639307625322622e-01,-0.000000000000000000e+00,-0.000000000000000000e+00,0.000000000000000000e+00,0.000000000000000000e+00,-0.000000000000000000e+00,-1.154483636314289630e-01,0.000000000000000000e+00,-0.000000000000000000e+00,-0.000000000000000000e+00,-0.000000000000000000e+00,0.000000000000000000e+00,0.000000000000000000e+00,-0.000000000000000000e+00,-0.000000000000000000e+00,-3.554759312694433238e-01,-0.000000000000000000e+00,2.056389456017551520e+00,-3.954647165786523422e-01,-0.000000000000000000e+00,0.000000000000000000e+00,-1.075101750282422552e-01,-0.000000000000000000e+00,-0.000000000000000000e+00,-0.000000000000000000e+00,-8.154949272037928520e-02,3.124191676835394449e-01,-2.412556683015537606e-01,-0.000000000000000000e+00,-0.000000000000000000e+00,0.000000000000000000e+00,0.000000000000000000e+00,2.792542063664297039e-02,-0.000000000000000000e+00,-0.000000000000000000e+00,-0.000000000000000000e+00,-0.000000000000000000e+00,-3.278135201591049208e-01,-0.000000000000000000e+00
-0.000000000000000000e+00,-0.000000000000000000e+00,-0.000000000000000000e+00,-0.000000000000000000e+00,0.000000000000000000e+00,-0.000000000000000000e+00,-1.946495670894344832e-01,-0.000000000000000000e+00,-0.000000000000000000e+00,-0.000000000000000000e+00,0.000000000000000000e+00,2.343684329944976108e-01,-0.000000000000000000e+00,0.000000000000000000e+00,-0.000000000000000000e+00,-0.000000000000000000e+00,-0.000000000000000000e+00,-3.954647165786523422e-01,1.325658105334630799e+00,-1.030143460009562140e-01,-0.000000000000000000e+00,-5.760697120736867072e-02,0.000000000000000000e+00,-0.000000000000000000e+00,0.000000000000000000e+00,-0.000000000000000000e+00,0.000000000000000000e+00,-0.000000000000000000e+00,-0.000000000000000000e+00,-0.000000000000000000e+00,0.000000000000000000e+00,0.000000000000000000e+00,8.034430313985989336e-02,-0.000000000000000000e+00,0.000000000000000000e+00,0.000000000000000000e+00,-0.000000000000000000e+00,-0.000000000000000000e+00,-0.000000000000000000e+00
-0.000000000000000000e+00,-0.000000000000000000e+00,-0.000000000000000000e+00,0.000000000000000000e+00,-0.000000000000000000e+00,0.000000000000000000e+00,-2.749188187116366477e-01,0.000000000000000000e+00,-4.024885928543930902e-02,-0.000000000000000000e+00,0.000000000000000000e+00,0.000000000000000000e+00,-0.000000000000000000e+00,0.000000000000000000e+00,-0.000000000000000000e+00,-0.000000000000000000e+00,0.000000000000000000e+00,-0.000000000000000000e+00,-1.030143460009562140e-01,1.631924019162878103e+00,-0.000000000000000000e+00,-3.361008917058112555e-01,0.000000000000000000e+00,-0.000000000000000000e+00,0.000000000000000000e+00,-0.000000000000000000e+00,0.000000000000000000e+00,-0.000000000000000000e+00,0.000000000000000000e+00,-0.000000000000000000e+00,-0.000000000000000000e+00,0.000000000000000000e+00,0.000000000000000000e+00,-3.702578142065979239e-01,0.000000000000000000e+00,0.000000000000000000e+00,-0.000000000000000000e+00,-1.197833212900465960e-01,-3.045176606610076608e-01
0.000000000000000000e+00,0.000000000000000000e+00,-3.241761906204823629e-01,-0.000000000000000000e+00,-0.000000000000000000e+00,0.000000000000000000e+00,-0.000000000000000000e+00,3.915068262878416694e-01,0.000000000000000000e+00,-0.000000000000000000e+00,0.000000000000000000e+00,0.000000000000000000e+00,-1.250922092735378410e-01,0.000000000000000000e+00,0.000000000000000000e+00,0.000000000000000000e+00,0.000000000000000000e+00,0.000000000000000000e+00,-0.000000000000000000e+00,-0.000000000000000000e+00,1.687497992471552521e+00,-3.352266864373568134e-01,0.000000000000000000e+00,0.000000000000000000e+00,0.000000000000000000e+00,0.000000000000000000e+00,-0.000000000000000000e+00,0.000000000000000000e+00,0.000000000000000000e+00,0.000000000000000000e+00,-0.000000000000000000e+00,0.000000000000000000e+00,-4.089113618665215499e-01,-0.000000000000000000e+00,0.000000000000000000e+00,-0.000000000000000000e+00,0.000000000000000000e+00,0.000000000000000000e+00,-0.000000000000000000e+00
-0.000000000000000000e+00,-0.000000000000000000e+00,-2.649745795833673978e-01,0.000000000000000000e+00,-0.000000000000000000e+00,-0.000000000000000000e+00,-0.000000000000000000e+00,9.154012844978530461e-02,-0.000000000000000000e+00,-0.000000000000000000e+00,-0.000000000000000000e+00,0.000000000000000000e+00,-0.000000000000000000e+00,-0.000000000000000000e+00,0.000000000000000000e+00,-0.000000000000000000e+00,-0.000000000000000000e+00,-1.075101750282422552e-01,-5.760697120736867072e-02,-3.361008917058112555e-01,-3.352266864373568134e-01,1.408365834669131900e+00,-0.000000000000000000e+00,-0.000000000000000000e+00,-0.000000000000000000e+00,-0.000000000000000000e+00,0.000000000000000000e+00,-0.000000000000000000e+00,0.000000000000000000e+00,-0.000000000000000000e+00,-0.000000000000000000e+00,0.000000000000000000e+00,-0.000000000000000000e+00,-0.000000000000000000e+00,0.000000000000000000e+00,-0.000000000000000000e+00,-0.000000000000000000e+00,-0.000000000000000000e+00,-0.000000000000000000e+00
-0.000000000000000000e+00,-0.000000000000000000e+00,-0.000000000000000000e+00,0.000000000000000000e+00,-2.592384610293602676e-01,-0.000000000000000000e+00,0.000000000000000000e+00,0.000000000000000000e+00,-0.000000000000000000e+00,-0.000000000000000000e+00,-0.000000000000000000e+00,-0.000000000000000000e+00,-0.000000000000000000e+00,-2.279979557361515030e-01,0.000000000000000000e+00,-0.000000000000000000e+00,-0.000000000000000000e+00,-0.000000000000000000e+00,0.000000000000000000e+00,0.000000000000000000e+00,0.000000000000000000e+00,-0.000000000000000000e+00,1.551817438668960936e+00,-1.217017132236447724e-01,-5.819627470238361022e-01,-0.000000000000000000e+00,-0.000000000000000000e+00,-0.000000000000000000e+00,-0.000000000000000000e+00,-0.000000000000000000e+00,-6.534391380337645563e-03,-0.000000000000000000e+00,-0.000000000000000000e+00,0.000000000000000000e+00,-0.000000000000000000e+00,-1.418019489986290238e-01,-0.000000000000000000e+00,-0.000000000000000000e+00,0.000000000000000000e+00
-2.821605471311456892e-01,-0.000000000000000000e+00,-0.000000000000000000e+00,1.502221949031418147e-01,-0.000000000000000000e+00,-0.000000000000000000e+00,-0.000000000000000000e+00,-0.000000000000000000e+00,-0.000000000000000000e+00,0.000000000000000000e+00,-0.000000000000000000e+00,-0.000000000000000000e+00,0.000000000000000000e+00,-1.418081240186467862e-01,-1.035393585772723668e-01,-5.823311382635785322e-02,-0.000000000000000000e+00,-0.000000000000000000e+00,-0.000000000000000000e+00,-0.000000000000000000e+00,0.000000000000000000e+00,-0.000000000000000000e+00,-1.217017132236447724e-01,1.718925178280679145e+00,-6.273486564999777859e-02,-2.751116565014443127e-01,0.000000000000000000e+00,-1.097220409576730171e-01,-1.193144046459144042e-01,-8.011668771780949827e-02,-0.000000000000000000e+00,-0.000000000000000000e+00,0.000000000000000000e+00,-0.000000000000000000e+00,-0.000000000000000000e+00,-3.650754790533155408e-02,-6.025992078036511435e-02,-0.000000000000000000e+00,0.000000000000000000e+00
-0.000000000000000000e+00,0.000000000000000000e+00,-0.000000000000000000e+00,3.078893011914182395e-02,-0.000000000000000000e+00,-1.838421254484608747e-01,0.000000000000000000e+00,0.000000000000000000e+00,-0.000000000000000000e+00,0.000000000000000000e+00,-3.916708098457283294e-01,-0.000000000000000000e+00,0.000000000000000000e+00,-2.524502294926453949e-01,-0.000000000000000000e+00,-0.000000000000000000e+00,-5.978539647981442190e-02,-0.000000000000000000e+00,0.000000000000000000e+00,0.000000000000000000e+00,0.000000000000000000e+00,-0.000000000000000000e+00,-5.819627470238361022e-01,-6.273486564999777859e-02,1.847875486681235691e+00,-5.230352269952154992e-02,0.000000000000000000e+00,-1.392565583244748384e-01,-8.126269012950949888e-02,-0.000000000000000000e+00,-0.000000000000000000e+00,0.000000000000000000e+00,-0.000000000000000000e+00,0.000000000000000000e+00,-2.661728698928347847e-02,-0.000000000000000000e+00,-0.000000000000000000e+00,-0.000000000000000000e+00,1.988650055163918018e-02
-4.707412489873390449e-01,-0.000000000000000000e+00,-0.000000000000000000e+00,1.701359222019620254e-01,-0.000000000000000000e+00,-0.000000000000000000e+00,-0.000000000000000000e+00,0.000000000000000000e+00,-0.000000000000000000e+00,0.000000000000000000e+00,-0.000000000000000000e+00,0.000000000000000000e+00,0.000000000000000000e+00,-0.000000000000000000e+00,-1.002465965317454188e-01,-1.808391941249495039e-01,-3.140144306007439101e-01,-8.154949272037928520e-02,-0.000000000000000000e+00,-0.000000000000000000e+00,0.000000000000000000e+00,-0.000000000000000000e+00,-0.000000000000000000e+00,-2.751116565014443127e-01,-5.230352269952154992e-02,2.653281670083128319e+00,0.000000000000000000e+00,-5.902991803178760932e-01,-3.446330428652371047e-01,-6.910332209996281061e-02,-0.000000000000000000e+00,-0.000000000000000000e+00,0.000000000000000000e+00,-0.000000000000000000e+00,-0.000000000000000000e+00,-0.000000000000000000e+00,-9.025031340287262283e-02,-1.169953992932125514e-01,0.000000000000000000e+00
0.000000000000000000e+00,-0.000000000000000000e+00,-0.000000000000000000e+00,-0.000000000000000000e+00,-0.000000000000000000e+00,0.000000000000000000e+00,0.000000000000000000e+00,7.304468786869959540e-02,0.000000000000000000e+00,-2.989096705780507415e-02,0.000000000000000000e+00,0.000000000000000000e+00,-1.494210067780741558e-01,-0.000000000000000000e+00,1.492214893335083448e-01,0.000000000000000000e+00,1.734827882536126367e-02,3.124191676835394449e-01,0.000000000000000000e+00,0.000000000000000000e+00,-0.000000000000000000e+00,0.000000000000000000e+00,-0.000000000000000000e+00,0.000000000000000000e+00,0.000000000000000000e+00,0.000000000000000000e+00,1.443926066917700313e+00,0.000000000000000000e+00,0.000000000000000000e+00,0.000000000000000000e+00,-3.730705060630828407e-01,-2.542887132282493079e-01,-2.189720798739727137e-01,-0.000000000000000000e+00,-0.000000000000000000e+00,-0.000000000000000000e+00,0.000000000000000000e+00,0.000000000000000000e+00,-0.000000000000000000e+00
-3.811263947650024853e-01,-0.000000000000000000e+00,-0.000000000000000000e+00,1.897732917518140938e-01,-0.000000000000000000e+00,-0.000000000000000000e+00,-0.000000000000000000e+00,0.000000000000000000e+00,-3.341925296896943592e-02,0.000000000000000000e+00,-0.000000000000000000e+00,-0.000000000000000000e+00,0.000000000000000000e+00,-0.000000000000000000e+00,-0.000000000000000000e+00,-1.280045403427773343e-01,-3.042187996504958081e-01,-2.412556683015537606e-01,-0.000000000000000000e+00,-0.000000000000000000e+00,0.000000000000000000e+00,-0.000000000000000000e+00,-0.000000000000000000e+00,-1.097220409576730171e-01,-1.392565583244748384e-01,-5.902991803178760932e-01,0.000000000000000000e+00,2.419373584039528069e+00,-1.421867799489635875e-01,-2.173525334699176123e-02,-0.000000000000000000e+00,0.000000000000000000e+00,0.000000000000000000e+00,-0.000000000000000000e+00,-0.000000000000000000e+00,-7.343798588870198429e-02,-0.000000000000000000e+00,-1.687430275185508866e-01,0.000000000000000000e+00
-1.999343958326075532e-01,-0.000000000000000000e+00,0.000000000000000000e+00,1.604459588704437722e-01,0.000000000000000000e+00,-3.086707427537582760e-01,-0.000000000000000000e+00,-0.000000000000000000e+00,-0.000000000000000000e+00,2.116835564729700192e-01,-6.264088514549391584e-02,-0.000000000000000000e+00,4.771687609735214292e-04,-1.291144424335181895e-01,-1.126424595001240259e-01,-0.000000000000000000e+00,-2.387736104928206982e-01,-0.000000000000000000e+00,-0.000000000000000000e+00,0.000000000000000000e+00,0.000000000000000000e+00,0.000000000000000000e+00,-0.000000000000000000e+00,-1.193144046459144042e-01,-8.126269012950949888e-02,-3.446330428652371047e-01,0.000000000000000000e+00,-1.421867799489635875e-01,2.034748151052251597e+00,-0.000000000000000000e+00,0.000000000000000000e+00,-0.000000000000000000e+00,0.000000000000000000e+00,0.000000000000000000e+00,-2.527243296320237920e-01,-0.000000000000000000e+00,-2.606686967064954230e-02,-0.000000000000000000e+00,0.000000000000000000e+00
-1.098561489086744281e-01,-3.958605235093214936e-01,-0.000000000000000000e+00,0.000000000000000000e+00,-7.186207547595148404e-02,-0.000000000000000000e+00,-0.000000000000000000e+00,0.000000000000000000e+00,-6.457586575624036929e-01,-9.687333569768451225e-02,0.000000000000000000e+00,0.000000000000000000e+00,-0.000000000000000000e+00,-0.000000000000000000e+00,-0.000000000000000000e+00,-4.751070452775307817e-01,-0.000000000000000000e+00,-0.000000000000000000e+00,-0.000000000000000000e+00,-0.000000000000000000e+00,0.000000000000000000e+00,-0.000000000000000000e+00,-0.000000000000000000e+00,-8.011668771780949827e-02,-0.000000000000000000e+00,-6.910332209996281061e-02,0.000000000000000000e+00,-2.173525334699176123e-02,-0.000000000000000000e+00,2.559908831744313940e+00,-0.000000000000000000e+00,-0.000000000000000000e+00,0.000000000000000000e+00,-2.263780179113143443e-01,-0.000000000000000000e+00,-0.000000000000000000e+00,-9.100228534720003482e-02,-3.929134032259735676e-01,-5.249677665605412963e-02
-0.000000000000000000e+00,-1.760614861925060073e-02,-1.509609476097465708e-01,0.000000000000000000e+00,-2.080835192511887310e-01,-0.000000000000000000e+00,-0.000000000000000000e+00,0.000000000000000000e+00,-0.000000000000000000e+00,-1.248710882725283938e-01,-0.000000000000000000e+00,-0.000000000000000000e+00,-0.000000000000000000e+00,-0.000000000000000000e+00,0.000000000000000000e+00,-0.000000000000000000e+00,-0.000000000000000000e+00,0.000000000000000000e+00,0.000000000000000000e+00,-0.000000000000000000e+00,-0.000000000000000000e+00,-0.000000000000000000e+00,-6.534391380337645563e-03,-0.000000000000000000e+00,-0.000000000000000000e+00,-0.000000000000000000e+00,-3.730705060630828407e-01,-0.000000000000000000e+00,0.000000000000000000e+00,-0.000000000000000000e+00,1.284520984595667548e+00,-7.199050058944102271e-02,-0.000000000000000000e+00,-0.000000000000000000e+00,-0.000000000000000000e+00,-3.685972044659771574e-02,-0.000000000000000000e+00,-0.000000000000000000e+00,-0.000000000000000000e+00
0.000000000000000000e+00,-3.427332686771527581e-01,-0.000000000000000000e+00,0.000000000000000000e+00,-0.000000000000000000e+00,-0.000000000000000000e+00,0.000000000000000000e+00,0.000000000000000000e+00,-0.000000000000000000e+00,-0.000000000000000000e+00,0.000000000000000000e+00,-0.000000000000000000e+00,-0.000000000000000000e+00,-0.000000000000000000e+00,0.000000000000000000e+00,0.000000000000000000e+00,0.000000000000000000e+00,0.000000000000000000e+00,0.000000000000000000e+00,0.000000000000000000e+00,0.000000000000000000e+00,0.000000000000000000e+00,-0.000000000000000000e+00,-0.000000000000000000e+00,0.000000000000000000e+00,-0.000000000000000000e+00,-2.542887132282493079e-01,0.000000000000000000e+00,-0.000000000000000000e+00,-0.000000000000000000e+00,-7.199050058944102271e-02,1.281617160096125918e+00,-0.000000000000000000e+00,0.000000000000000000e+00,-0.000000000000000000e+00,-1.885846703651371803e-01,-1.352743787065444903e-01,0.000000000000000000e+00,-0.000000000000000000e+00
1.210133258295832820e-01,0.000000000000000000e+00,-0.000000000000000000e+00,-0.000000000000000000e+00,-2.626342528135164767e-03,0.000000000000000000e+00,0.000000000000000000e+00,2.422438352447313925e-01,0.000000000000000000e+00,0.000000000000000000e+00,0.000000000000000000e+00,-0.000000000000000000e+00,-0.000000000000000000e+00,-0.000000000000000000e+00,1.988651744045731307e-01,7.000981711875225999e-02,0.000000000000000000e+00,2.792542063664297039e-02,8.034430313985989336e-02,0.000000000000000000e+00,-4.089113618665215499e-01,-0.000000000000000000e+00,-0.000000000000000000e+00,0.000000000000000000e+00,-0.000000000000000000e+00,0.000000000000000000e+00,-2.189720798739727137e-01,0.000000000000000000e+00,0.000000000000000000e+00,0.000000000000000000e+00,-0.000000000000000000e+00,-0.000000000000000000e+00,1.518973696434401610e+00,0.000000000000000000e+00,0.000000000000000000e+00,-0.000000000000000000e+00,0.000000000000000000e+00,1.852323398493742057e-01,0.000000000000000000e+00
-0.000000000000000000e+00,-9.490836777861427070e-03,-0.000000000000000000e+00,0.000000000000000000e+00,-0.000000000000000000e+00,1.643889496100688075e-02,-0.000000000000000000e+00,0.000000000000000000e+00,-4.401298584889628551e-01,-3.013935763702391690e-01,0.000000000000000000e+00,0.000000000000000000e+00,-0.000000000000000000e+00,0.000000000000000000e+00,-0.000000000000000000e+00,-5.496373631256110115e-02,0.000000000000000000e+00,-0.000000000000000000e+00,-0.000000000000000000e+00,-3.702578142065979239e-01,-0.000000000000000000e+00,-0.000000000000000000e+00,0.000000000000000000e+00,-0.000000000000000000e+00,0.000000000000000000e+00,-0.000000000000000000e+00,-0.000000000000000000e+00,-0.000000000000000000e+00,0.000000000000000000e+00,-2.263780179113143443e-01,-0.000000000000000000e+00,0.000000000000000000e+00,0.000000000000000000e+00,2.105746628059949277e+00,0.000000000000000000e+00,0.000000000000000000e+00,-0.000000000000000000e+00,-1.796615478139626798e-01,-4.859537199190963608e-01
-0.000000000000000000e+00,-0.000000000000000000e+00,-0.000000000000000000e+00,0.000000000000000000e+00,-0.000000000000000000e+00,-2.418987579824632278e-02,0.000000000000000000e+00,-0.000000000000000000e+00,-0.000000000000000000e+00,0.000000000000000000e+00,-0.000000000000000000e+00,-0.000000000000000000e+00,0.000000000000000000e+00,-3.366215677720054700e-01,-0.000000000000000000e+00,0.000000000000000000e+00,-0.000000000000000000e+00,-0.000000000000000000e+00,0.000000000000000000e+00,0.000000000000000000e+00,0.000000000000000000e+00,0.000000000000000000e+00,-0.000000000000000000e+00,-0.000000000000000000e+00,-2.661728698928347847e-02,-0.000000000000000000e+00,-0.000000000000000000e+00,-0.000000000000000000e+00,-2.527243296320237920e-01,-0.000000000000000000e+00,-0.000000000000000000e+00,-0.000000000000000000e+00,0.000000000000000000e+00,0.000000000000000000e+00,1.701990604022189268e+00,-2.015303655652119774e-01,-6.320096504552998873e-01,-0.000000000000000000e+00,0.000000000000000000e+00
-0.000000000000000000e+00,-7.087875222176164003e-02,-7.482488304789648714e-02,0.000000000000000000e+00,-4.487704258323638867e-02,-0.000000000000000000e+00,0.000000000000000000e+00,0.000000000000000000e+00,-0.000000000000000000e+00,0.000000000000000000e+00,-0.000000000000000000e+00,-0.000000000000000000e+00,-0.000000000000000000e+00,-5.603423096912407697e-01,-0.000000000000000000e+00,-0.000000000000000000e+00,-0.000000000000000000e+00,-0.000000000000000000e+00,0.000000000000000000e+00,0.000000000000000000e+00,-0.000000000000000000e+00,-0.000000000000000000e+00,-1.418019489986290238e-01,-3.650754790533155408e-02,-0.000000000000000000e+00,-0.000000000000000000e+00,-0.000000000000000000e+00,-7.343798588870198429e-02,-0.000000000000000000e+00,-0.000000000000000000e+00,-3.685972044659771574e-02,-1.885846703651371803e-01,-0.000000000000000000e+00,0.000000000000000000e+00,-2.015303655652119774e-01,1.621700488502213711e+00,-1.569910579888324498e-01,-0.000000000000000000e+00,0.000000000000000000e+00
-1.613113461068630683e-01,-2.685250346602662264e-01,-0.000000000000000000e+00,0.000000000000000000e+00,-0.000000000000000000e+00,-0.000000000000000000e+00,-0.000000000000000000e+00,0.000000000000000000e+00,-1.350291934239324643e-01,-0.000000000000000000e+00,-0.000000000000000000e+00,0.000000000000000000e+00,0.000000000000000000e+00,-0.000000000000000000e+00,-0.000000000000000000e+00,-0.000000000000000000e+00,-0.000000000000000000e+00,-0.000000000000000000e+00,-0.000000000000000000e+00,-0.000000000000000000e+00,0.000000000000000000e+00,-0.000000000000000000e+00,-0.000000000000000000e+00,-6.025992078036511435e-02,-0.000000000000000000e+00,-9.025031340287262283e-02,0.000000000000000000e+00,-0.000000000000000000e+00,-2.606686967064954230e-02,-9.100228534720003482e-02,-0.000000000000000000e+00,-1.352743787065444903e-01,0.000000000000000000e+00,-0.000000000000000000e+00,-6.320096504552998873e-01,-1.569910579888324498e-01,1.780177442932628251e+00,-0.000000000000000000e+00,-0.000000000000000000e+00
-3.169208203978018390e-01,-0.000000000000000000e+00,-0.000000000000000000e+00,0.000000000000000000e+00,-0.000000000000000000e+00,-0.000000000000000000e+00,-1.387713895742646031e-01,0.000000000000000000e+00,-5.323595199826948177e-01,-0.000000000000000000e+00,-0.000000000000000000e+00,0.000000000000000000e+00,0.000000000000000000e+00,-0.000000000000000000e+00,-0.000000000000000000e+00,-5.964284558689313398e-01,-0.000000000000000000e+00,-3.278135201591049208e-01,-0.000000000000000000e+00,-1.197833212900465960e-01,0.000000000000000000e+00,-0.000000000000000000e+00,-0.000000000000000000e+00,-0.000000000000000000e+00,-0.000000000000000000e+00,-1.169953992932125514e-01,0.000000000000000000e+00,-1.687430275185508866e-01,-0.000000000000000000e+00,-3.929134032259735676e-01,-0.000000000000000000e+00,0.000000000000000000e+00,1.852323398493742057e-01,-1.796615478139626798e-01,-0.000000000000000000e+00,-0.000000000000000000e+00,-0.000000000000000000e+00,2.797552588444872423e+00,-0.000000000000000000e+00
-0.000000000000000000e+00,-1.834220092069712982e-01,-0.000000000000000000e+00,-0.000000000000000000e+00,-0.000000000000000000e+00,1.368080618841722162e-01,-1.516011238610420475e-01,0.000000000000000000e+00,-9.124340914147451020e-02,-9.156371835876339071e-01,2.095027476537984490e-01,0.000000000000000000e+00,-6.904930818269171267e-02,0.000000000000000000e+00,0.000000000000000000e+00,-0.000000000000000000e+00,0.000000000000000000e+00,-0.000000000000000000e+00,-0.000000000000000000e+00,-3.045176606610076608e-01,-0.000000000000000000e+00,-0.000000000000000000e+00,0.000000000000000000e+00,0.000000000000000000e+00,1.988650055163918018e-02,0.000000000000000000e+00,-0.000000000000000000e+00,0.000000000000000000e+00,0.000000000000000000e+00,-5.249677665605412963e-02,-0.000000000000000000e+00,-0.000000000000000000e+00,0.000000000000000000e+00,-4.859537199190963608e-01,0.000000000000000000e+00,0.000000000000000000e+00,-0.000000000000000000e+00,-0.000000000000000000e+00,2.266363934647917855e+00
