1.599839811866206496e+00,-0.000000000000000000e+00,-0.000000000000000000e+00,-0.000000000000000000e+00,-0.000000000000000000e+00,-0.000000000000000000e+00,-0.000000000000000000e+00,0.000000000000000000e+00,-0.000000000000000000e+00,-0.000000000000000000e+00,0.000000000000000000e+00,0.000000000000000000e+00,0.000000000000000000e+00,0.000000000000000000e+00,-0.000000000000000000e+00,-1.313152572231938708e-01,5.771912023179533082e-04,-0.000000000000000000e+00,0.000000000000000000e+00,0.000000000000000000e+00,-0.000000000000000000e+00,0.000000000000000000e+00,-6.842766357191018556e-02,-5.788239552658263481e-02,-1.568300178801861067e-01,-8.192431842829377142e-02,0.000000000000000000e+00,-0.000000000000000000e+00,-3.787062768669547941e-01,-2.667991234289310842e-01,0.000000000000000000e+00,-0.000000000000000000e+00,0.000000000000000000e+00,0.000000000000000000e+00,-0.000000000000000000e+00,-0.000000000000000000e+00,-0.000000000000000000e+00,-3.818290376138044895e-01,-0.000000000000000000e+00
-0.000000000000000000e+00,1.889816753394759408e+00,-9.796941118291621273e-03,-1.305317048219095492e-02,-0.000000000000000000e+00,0.000000000000000000e+00,-3.293317839294833318e-03,0.000000000000000000e+00,-1.272554127181808603e-01,-5.004353463585244910e-01,0.000000000000000000e+00,-0.000000000000000000e+00,-3.664712919362823808e-03,-9.688066291551418463e-02,-0.000000000000000000e+00,-0.000000000000000000e+00,-0.000000000000000000e+00,0.000000000000000000e+00,-0.000000000000000000e+00,-0.000000000000000000e+00,-0.000000000000000000e+00,-2.113593267474959958e-01,-0.000000000000000000e+00,-0.000000000000000000e+00,-0.000000000000000000e+00,-0.000000000000000000e+00,-1.070309231972824127e-01,0.000000000000000000e+00,0.000000000000000000e+00,-3.258180205070964480e-02,-0.000000000000000000e+00,-2.377538265942303608e-01,-3.458646339553157062e-02,-0.000000000000000000e+00,-0.000000000000000000e+00,-2.109980286208171588e-02,0.000000000000000000e+00,-0.000000000000000000e+00,-5.210870509880380919e-01
-0.000000000000000000e+00,-9.796941118291621273e-03,2.799069374529063126e+00,-0.000000000000000000e+00,-3.219680491486184293e-01,0.000000000000000000e+00,-1.407277276074875294e-01,1.533164025657731910e+00,-0.000000000000000000e+00,-0.000000000000000000e+00,0.000000000000000000e+00,-2.479239195768375304e-03,-0.000000000000000000e+00,-0.000000000000000000e+00,-1.786431520496126746e-01,-0.000000000000000000e+00,0.000000000000000000e+00,-7.646955955195561261e-02,-5.870184036057244509e-02,0.000000000000000000e+00,-0.000000000000000000e+00,-0.000000000000000000e+00,0.000000000000000000e+00,-0.000000000000000000e+00,0.000000000000000000e+00,-1.245246705921915081e-01,-2.425222829735663166e-01,-1.183293117877678019e-01,-0.000000000000000000e+00,-0.000000000000000000e+00,-0.000000000000000000e+00,-0.000000000000000000e+00,-1.166510328359975507e-01,-0.000000000000000000e+00,-0.000000000000000000e+00,-0.000000000000000000e+00,-0.000000000000000000e+00,-0.000000000000000000e+00,-0.000000000000000000e+00
-0.000000000000000000e+00,-1.305317048219095492e-02,-0.000000000000000000e+00,1.204503598631655459e+00,-0.000000000000000000e+00,0.000000000000000000e+00,-1.018894408109522337e-01,0.000000000000000000e+00,-0.000000000000000000e+00,-1.082105151991515773e-01,-0.000000000000000000e+00,-0.000000000000000000e+00,-0.000000000000000000e+00,-0.000000000000000000e+00,0.000000000000000000e+00,-1.076572804603745381e-01,-0.000000000000000000e+00,-0.000000000000000000e+00,-0.000000000000000000e+00,-0.000000000000000000e+00,-0.000000000000000000e+00,-2.496287022682536771e-01,-0.000000000000000000e+00,-0.000000000000000000e+00,-0.000000000000000000e+00,-0.000000000000000000e+00,-0.000000000000000000e+00,-0.000000000000000000e+00,0.000000000000000000e+00,-4.396112571497442362e-02,-0.000000000000000000e+00,-4.015446897560717709e-02,-6.830661169826332535e-02,-0.000000000000000000e+00,-0.000000000000000000e+00,-0.000000000000000000e+00,0.000000000000000000e+00,-0.000000000000000000e+00,-0.000000000000000000e+00
-0.000000000000000000e+00,-0.000000000000000000e+00,-3.219680491486184293e-01,-0.000000000000000000e+00,1.919609661279513046e+00,0.000000000000000000e+00,-0.000000000000000000e+00,8.812662552973546393e-02,-2.662703435928725493e-01,-2.672679934109151723e-01,-0.000000000000000000e+00,-0.000000000000000000e+00,-0.000000000000000000e+00,-0.000000000000000000e+00,-0.000000000000000000e+00,-0.000000000000000000e+00,0.000000000000000000e+00,-0.000000000000000000e+00,-0.000000000000000000e+00,5.987054318137183945e-02,-0.000000000000000000e+00,-0.000000000000000000e+00,-0.000000000000000000e+00,0.000000000000000000e+00,-0.000000000000000000e+00,-1.412086987424542583e-01,-0.000000000000000000e+00,0.000000000000000000e+00,0.000000000000000000e+00,-0.000000000000000000e+00,-0.000000000000000000e+00,0.000000000000000000e+00,-0.000000000000000000e+00,-5.181600511861123026e-01,0.000000000000000000e+00,-3.041385850884715802e-01,0.000000000000000000e+00,-0.000000000000000000e+00,-4.817203357128811703e-02
-0.000000000000000000e+00,0.000000000000000000e+00,0.000000000000000000e+00,0.000000000000000000e+00,0.000000000000000000e+00,2.387933624750114170e+00,-0.000000000000000000e+00,-0.000000000000000000e+00,0.000000000000000000e+00,0.000000000000000000e+00,-1.449671709911852166e-02,1.288908418565582747e-01,-0.000000000000000000e+00,-0.000000000000000000e+00,0.000000000000000000e+00,0.000000000000000000e+00,-0.000000000000000000e+00,0.000000000000000000e+00,2.602727620295021693e-01,0.000000000000000000e+00,0.000000000000000000e+00,1.081149061584687487e-01,-3.642472794770848510e-01,-3.318880624979674843e-01,-4.110013998195860552e-01,-0.000000000000000000e+00,0.000000000000000000e+00,0.000000000000000000e+00,-2.289815432223734903e-01,-0.000000000000000000e+00,0.000000000000000000e+00,-0.000000000000000000e+00,0.000000000000000000e+00,3.755717434244842390e-01,-1.799441181470387008e-01,0.000000000000000000e+00,-3.271294167422423849e-01,0.000000000000000000e+00,1.357212215985451886e-01
-0.000000000000000000e+00,-3.293317839294833318e-03,-1.407277276074875294e-01,-1.018894408109522337e-01,-0.000000000000000000e+00,-0.000000000000000000e+00,1.219902599992767733e+00,2.968365942767623930e-02,-0.000000000000000000e+00,-0.000000000000000000e+00,-0.000000000000000000e+00,-0.000000000000000000e+00,-0.000000000000000000e+00,-0.000000000000000000e+00,-0.000000000000000000e+00,-0.000000000000000000e+00,0.000000000000000000e+00,-0.000000000000000000e+00,-0.000000000000000000e+00,-0.000000000000000000e+00,-0.000000000000000000e+00,-0.000000000000000000e+00,-0.000000000000000000e+00,-0.000000000000000000e+00,-0.000000000000000000e+00,-0.000000000000000000e+00,-0.000000000000000000e+00,-0.000000000000000000e+00,-0.000000000000000000e+00,-2.961348549001126540e-01,-5.353807351799103054e-02,-7.169962787505532349e-03,-0.000000000000000000e+00,0.000000000000000000e+00,-1.261821086229429068e-01,-0.000000000000000000e+00,-0.000000000000000000e+00,-0.000000000000000000e+00,-0.000000000000000000e+00
0.000000000000000000e+00,0.000000000000000000e+00,1.533164025657731910e+00,0.000000000000000000e+00,8.812662552973546393e-02,-0.000000000000000000e+00,2.968365942767623930e-02,3.025724894646556251e+00,0.000000000000000000e+00,0.000000000000000000e+00,-0.000000000000000000e+00,5.538025598747974704e-02,0.000000000000000000e+00,0.000000000000000000e+00,1.124713301161857915e-01,0.000000000000000000e+00,-0.000000000000000000e+00,0.000000000000000000e+00,2.282149566142440966e-01,-0.000000000000000000e+00,2.777186300529139173e-01,0.000000000000000000e+00,-0.000000000000000000e+00,0.000000000000000000e+00,-0.000000000000000000e+00,0.000000000000000000e+00,5.037088578285702223e-01,2.481074848456808063e-02,0.000000000000000000e+00,1.186791434394980464e-03,7.932451433964808618e-02,0.000000000000000000e+00,2.464223872585021569e-01,0.000000000000000000e+00,0.000000000000000000e+00,0.000000000000000000e+00,-0.000000000000000000e+00,0.000000000000000000e+00,0.000000000000000000e+00
-0.000000000000000000e+00,-1.272554127181808603e-01,-0.000000000000000000e+00,-0.000000000000000000e+00,-2.662703435928725493e-01,0.000000000000000000e+00,-0.000000000000000000e+00,0.000000000000000000e+00,1.670601501171412373e+00,-1.056976573879709197e-01,0.000000000000000000e+00,-0.000000000000000000e+00,-0.000000000000000000e+00,-3.609022923684212514e-01,-0.000000000000000000e+00,-0.000000000000000000e+00,0.000000000000000000e+00,0.000000000000000000e+00,-0.000000000000000000e+00,0.000000000000000000e+00,-0.000000000000000000e+00,-0.000000000000000000e+00,-3.405172523444196381e-02,-0.000000000000000000e+00,-0.000000000000000000e+00,-3.964032308630978385e-02,-0.000000000000000000e+00,6.563189019389431555e-02,0.000000000000000000e+00,-6.022035167284069644e-03,-0.000000000000000000e+00,0.000000000000000000e+00,-0.000000000000000000e+00,-0.000000000000000000e+00,0.000000000000000000e+00,-3.873931300803459266e-01,0.000000000000000000e+00,-1.473131111416137728e-01,-1.225010966054835143e-01
-0.000000000000000000e+00,-5.004353463585244910e-01,-0.000000000000000000e+00,-1.082105151991515773e-01,-2.672679934109151723e-01,0.000000000000000000e+00,-0.000000000000000000e+00,0.000000000000000000e+00,-1.056976573879709197e-01,2.264195125689136390e+00,0.000000000000000000e+00,-0.000000000000000000e+00,-0.000000000000000000e+00,-0.000000000000000000e+00,0.000000000000000000e+00,-7.450724943003756984e-01,0.000000000000000000e+00,-0.000000000000000000e+00,-0.000000000000000000e+00,0.000000000000000000e+00,-3.452081522194227342e-02,-3.722347124374216637e-02,-0.000000000000000000e+00,0.000000000000000000e+00,-0.000000000000000000e+00,-5.294391708331722124e-02,-1.469488533528266749e-01,0.000000000000000000e+00,0.000000000000000000e+00,-1.943506473848682636e-01,-0.000000000000000000e+00,-0.000000000000000000e+00,-0.000000000000000000e+00,-0.000000000000000000e+00,0.000000000000000000e+00,-2.656031297336914898e-01,0.000000000000000000e+00,-0.000000000000000000e+00,-5.949625702123298443e-02
0.000000000000000000e+00,0.000000000000000000e+00,0.000000000000000000e+00,-0.000000000000000000e+00,-0.000000000000000000e+00,-1.449671709911852166e-02,-0.000000000000000000e+00,-0.000000000000000000e+00,0.000000000000000000e+00,0.000000000000000000e+00,1.500933705555855591e+00,1.603085398365789727e-01,-0.000000000000000000e+00,-0.000000000000000000e+00,0.000000000000000000e+00,0.000000000000000000e+00,-3.780318167188706502e-01,0.000000000000000000e+00,0.000000000000000000e+00,1.398243612865735230e-01,0.000000000000000000e+00,0.000000000000000000e+00,-1.634701734980923138e-01,-0.000000000000000000e+00,-2.816440521060312521e-02,-0.000000000000000000e+00,-0.000000000000000000e+00,1.589182997402472652e-01,-0.000000000000000000e+00,0.000000000000000000e+00,1.912990933065976673e-01,-0.000000000000000000e+00,0.000000000000000000e+00,0.000000000000000000e+00,-0.000000000000000000e+00,-0.000000000000000000e+00,-1.867524457477428013e-01,7.141420640051010515e-02,1.039095682654202768e-01
0.000000000000000000e+00,-0.000000000000000000e+00,-2.479239195768375304e-03,-0.000000000000000000e+00,-0.000000000000000000e+00,1.288908418565582747e-01,-0.000000000000000000e+00,5.538025598747974704e-02,-0.000000000000000000e+00,-0.000000000000000000e+00,1.603085398365789727e-01,3.077284519417074815e+00,-0.000000000000000000e+00,-0.000000000000000000e+00,-3.696029712628393082e-01,-0.000000000000000000e+00,0.000000000000000000e+00,-0.000000000000000000e+00,-8.246820219717455602e-01,-0.000000000000000000e+00,-0.000000000000000000e+00,-2.900014293055596520e-02,0.000000000000000000e+00,0.000000000000000000e+00,7.357905422133818873e-02,0.000000000000000000e+00,-0.000000000000000000e+00,-6.105654257045717986e-02,0.000000000000000000e+00,-0.000000000000000000e+00,-4.715963491234378968e-01,-0.000000000000000000e+00,-3.766302975523798113e-01,-1.909942471593265023e-01,-0.000000000000000000e+00,-0.000000000000000000e+00,1.289051601792769175e-01,-0.000000000000000000e+00,-5.906546311230125301e-01
0.000000000000000000e+00,-3.664712919362823808e-03,-0.000000000000000000e+00,-0.000000000000000000e+00,-0.000000000000000000e+00,-0.000000000000000000e+00,-0.000000000000000000e+00,0.000000000000000000e+00,-0.000000000000000000e+00,-0.000000000000000000e+00,-0.000000000000000000e+00,-0.000000000000000000e+00,1.048832255362456278e+00,-3.411763634669700423e-02,-0.000000000000000000e+00,0.000000000000000000e+00,-0.000000000000000000e+00,0.000000000000000000e+00,-0.000000000000000000e+00,-0.000000000000000000e+00,-0.000000000000000000e+00,-1.394309770719058018e-02,-0.000000000000000000e+00,-0.000000000000000000e+00,-0.000000000000000000e+00,-0.000000000000000000e+00,-0.000000000000000000e+00,-0.000000000000000000e+00,-0.000000000000000000e+00,-0.000000000000000000e+00,-0.000000000000000000e+00,-2.127845135867152682e-01,-0.000000000000000000e+00,-0.000000000000000000e+00,-0.000000000000000000e+00,-0.000000000000000000e+00,-0.000000000000000000e+00,-0.000000000000000000e+00,-0.000000000000000000e+00
0.000000000000000000e+00,-9.688066291551418463e-02,-0.000000000000000000e+00,-0.000000000000000000e+00,-0.000000000000000000e+00,-0.000000000000000000e+00,-0.000000000000000000e+00,0.000000000000000000e+00,-3.609022923684212514e-01,-0.000000000000000000e+00,-0.000000000000000000e+00,-0.000000000000000000e+00,-3.411763634669700423e-02,1.564201109302475023e+00,-0.000000000000000000e+00,-0.000000000000000000e+00,-0.000000000000000000e+00,0.000000000000000000e+00,-0.000000000000000000e+00,0.000000000000000000e+00,-0.000000000000000000e+00,-0.000000000000000000e+00,-1.613749954159060807e-01,-0.000000000000000000e+00,-0.000000000000000000e+00,-3.086967442265972639e-01,-1.687908995925241351e-01,6.608347642041183245e-02,0.000000000000000000e+00,-2.643245298323955092e-02,-0.000000000000000000e+00,-0.000000000000000000e+00,-9.702220282540859053e-02,-0.000000000000000000e+00,-0.000000000000000000e+00,-2.309107455636101036e-01,-0.000000000000000000e+00,-0.000000000000000000e+00,-0.000000000000000000e+00
-0.000000000000000000e+00,-0.000000000000000000e+00,-1.786431520496126746e-01,0.000000000000000000e+00,-0.000000000000000000e+00,0.000000000000000000e+00,-0.000000000000000000e+00,1.124713301161857915e-01,-0.000000000000000000e+00,0.000000000000000000e+00,0.000000000000000000e+00,-3.696029712628393082e-01,-0.000000000000000000e+00,-0.000000000000000000e+00,1.644962927420564824e+00,-0.000000000000000000e+00,-0.000000000000000000e+00,-2.101228092880217668e-01,-8.140713574403866948e-02,-0.000000000000000000e+00,-0.000000000000000000e+00,-0.000000000000000000e+00,0.000000000000000000e+00,0.000000000000000000e+00,4.705606683385969019e-02,0.000000000000000000e+00,-0.000000000000000000e+00,-6.839525377273557305e-02,0.000000000000000000e+00,-0.000000000000000000e+00,-3.873931281360061714e-03,-0.000000000000000000e+00,-0.000000000000000000e+00,-2.194760614513632246e-01,-0.000000000000000000e+00,0.000000000000000000e+00,0.000000000000000000e+00,-1.547108659989641366e-01,-0.000000000000000000e+00
-1.313152572231938708e-01,-0.000000000000000000e+00,-0.000000000000000000e+00,-1.076572804603745381e-01,-0.000000000000000000e+00,0.000000000000000000e+00,-0.000000000000000000e+00,0.000000000000000000e+00,-0.000000000000000000e+00,-7.450724943003756984e-01,0.000000000000000000e+00,-0.000000000000000000e+00,0.000000000000000000e+00,-0.000000000000000000e+00,-0.000000000000000000e+00,1.675053351423522630e+00,0.000000000000000000e+00,-6.853069136605687006e-02,-0.000000000000000000e+00,-0.000000000000000000e+00,-3.298284051700354352e-02,-1.685521366005034716e-01,-0.000000000000000000e+00,-0.000000000000000000e+00,-0.000000000000000000e+00,-0.000000000000000000e+00,-0.000000000000000000e+00,-3.743594127706123542e-02,-0.000000000000000000e+00,-9.468245991685106389e-02,-0.000000000000000000e+00,-0.000000000000000000e+00,-0.000000000000000000e+00,-0.000000000000000000e+00,0.000000000000000000e+00,-0.000000000000000000e+00,0.000000000000000000e+00,-0.000000000000000000e+00,-7.737425072587543473e-02
5.771912023179533082e-04,-0.000000000000000000e+00,0.000000000000000000e+00,-0.000000000000000000e+00,0.000000000000000000e+00,-0.000000000000000000e+00,0.000000000000000000e+00,-0.000000000000000000e+00,0.000000000000000000e+00,0.000000000000000000e+00,-3.780318167188706502e-01,0.000000000000000000e+00,-0.000000000000000000e+00,-0.000000000000000000e+00,-0.000000000000000000e+00,0.000000000000000000e+00,1.160667312944032359e+00,-0.000000000000000000e+00,-0.000000000000000000e+00,0.000000000000000000e+00,0.000000000000000000e+00,-0.000000000000000000e+00,0.000000000000000000e+00,0.000000000000000000e+00,0.000000000000000000e+00,0.000000000000000000e+00,-0.000000000000000000e+00,0.000000000000000000e+00,0.000000000000000000e+00,0.000000000000000000e+00,0.000000000000000000e+00,-1.787359433521410745e-01,-0.000000000000000000e+00,0.000000000000000000e+00,0.000000000000000000e+00,-0.000000000000000000e+00,-0.000000000000000000e+00,2.930502251035139311e-02,0.000000000000000000e+00
-0.000000000000000000e+00,0.000000000000000000e+00,-7.646955955195561261e-02,-0.000000000000000000e+00,-0.000000000000000000e+00,0.000000000000000000e+00,-0.000000000000000000e+00,0.000000000000000000e+00,0.000000000000000000e+00,-0.000000000000000000e+00,0.000000000000000000e+00,-0.000000000000000000e+00,0.000000000000000000e+00,0.000000000000000000e+00,-2.101228092880217668e-01,-6.853069136605687006e-02,-0.000000000000000000e+00,1.910981681715210545e+00,-7.411497771911293997e-01,-0.000000000000000000e+00,-0.000000000000000000e+00,-0.000000000000000000e+00,4.979673860217886938e-02,0.000000000000000000e+00,0.000000000000000000e+00,-0.000000000000000000e+00,-0.000000000000000000e+00,-3.997547780875584378e-01,0.000000000000000000e+00,-0.000000000000000000e+00,-0.000000000000000000e+00,-0.000000000000000000e+00,-0.000000000000000000e+00,-2.336476725429447177e-01,-0.000000000000000000e+00,0.000000000000000000e+00,0.000000000000000000e+00,-0.000000000000000000e+00,-0.000000000000000000e+00
0.000000000000000000e+00,-0.000000000000000000e+00,-5.870184036057244509e-02,-0.000000000000000000e+00,-0.000000000000000000e+00,2.602727620295021693e-01,-0.000000000000000000e+00,2.282149566142440966e-01,-0.000000000000000000e+00,-0.000000000000000000e+00,0.000000000000000000e+00,-8.246820219717455602e-01,-0.000000000000000000e+00,-0.000000000000000000e+00,-8.140713574403866948e-02,-0.000000000000000000e+00,-0.000000000000000000e+00,-7.411497771911293997e-01,2.988672785990533320e+00,-0.000000000000000000e+00,-0.000000000000000000e+00,-9.786707681662952518e-02,0.000000000000000000e+00,0.000000000000000000e+00,8.600981781230440659e-02,0.000000000000000000e+00,-0.000000000000000000e+00,-0.000000000000000000e+00,0.000000000000000000e+00,-0.000000000000000000e+00,-2.243117723116874740e-01,-0.000000000000000000e+00,-2.149783443832645746e-01,-2.525290030154382914e-01,0.000000000000000000e+00,0.000000000000000000e+00,3.408654245857965781e-02,-0.000000000000000000e+00,-2.310826605639564324e-01
0.000000000000000000e+00,-0.000000000000000000e+00,0.000000000000000000e+00,-0.000000000000000000e+00,5.987054318137183945e-02,0.000000000000000000e+00,-0.000000000000000000e+00,-0.000000000000000000e+00,0.000000000000000000e+00,0.000000000000000000e+00,1.398243612865735230e-01,-0.000000000000000000e+00,-0.000000000000000000e+00,0.000000000000000000e+00,-0.000000000000000000e+00,-0.000000000000000000e+00,0.000000000000000000e+00,-0.000000000000000000e+00,-0.000000000000000000e+00,1.084299187442903101e+00,-0.000000000000000000e+00,-2.065261036491334024e-01,0.000000000000000000e+00,0.000000000000000000e+00,7.528787080967068446e-02,0.000000000000000000e+00,0.000000000000000000e+00,-0.000000000000000000e+00,0.000000000000000000e+00,0.000000000000000000e+00,-0.000000000000000000e+00,-0.000000000000000000e+00,-2.821087388422979791e-02,-0.000000000000000000e+00,-0.000000000000000000e+00,0.000000000000000000e+00,0.000000000000000000e+00,-0.000000000000000000e+00,-0.000000000000000000e+00
-0.000000000000000000e+00,-0.000000000000000000e+00,-0.000000000000000000e+00,-0.000000000000000000e+00,-0.000000000000000000e+00,0.000000000000000000e+00,-0.000000000000000000e+00,2.777186300529139173e-01,-0.000000000000000000e+00,-3.452081522194227342e-02,0.000000000000000000e+00,-0.000000000000000000e+00,-0.000000000000000000e+00,-0.000000000000000000e+00,-0.000000000000000000e+00,-3.298284051700354352e-02,0.000000000000000000e+00,-0.000000000000000000e+00,-0.000000000000000000e+00,-0.000000000000000000e+00,1.558232470688236004e+00,-6.736283386962389763e-02,-0.000000000000000000e+00,-0.000000000000000000e+00,-0.000000000000000000e+00,-7.837424622142266650e-02,-8.964009711901776978e-02,-1.323423005700259114e-01,-0.000000000000000000e+00,-2.136752333044469598e-01,-1.421472331599390182e-01,-0.000000000000000000e+00,-1.713613594520216055e-01,0.000000000000000000e+00,-2.041066337087366622e-01,0.000000000000000000e+00,-0.000000000000000000e+00,-0.000000000000000000e+00,-0.000000000000000000e+00
0.000000000000000000e+00,-2.113593267474959958e-01,-0.000000000000000000e+00,-2.496287022682536771e-01,-0.000000000000000000e+00,1.081149061584687487e-01,-0.000000000000000000e+00,0.000000000000000000e+00,-0.000000000000000000e+00,-3.722347124374216637e-02,0.000000000000000000e+00,-2.900014293055596520e-02,-1.394309770719058018e-02,-0.000000000000000000e+00,-0.000000000000000000e+00,-1.685521366005034716e-01,-0.000000000000000000e+00,-0.000000000000000000e+00,-9.786707681662952518e-02,-2.065261036491334024e-01,-6.736283386962389763e-02,1.733813102240501225e+00,0.000000000000000000e+00,0.000000000000000000e+00,0.000000000000000000e+00,0.000000000000000000e+00,-0.000000000000000000e+00,-0.000000000000000000e+00,0.000000000000000000e+00,-0.000000000000000000e+00,-2.300637851311612969e-01,-0.000000000000000000e+00,-1.993720694393402715e-01,-0.000000000000000000e+00,-0.000000000000000000e+00,-0.000000000000000000e+00,0.000000000000000000e+00,-0.000000000000000000e+00,-2.132312436555635904e-01
-6.842766357191018556e-02,-0.000000000000000000e+00,0.000000000000000000e+00,-0.000000000000000000e+00,-0.000000000000000000e+00,-3.642472794770848510e-01,-0.000000000000000000e+00,-0.000000000000000000e+00,-3.405172523444196381e-02,-0.000000000000000000e+00,-1.634701734980923138e-01,0.000000000000000000e+00,-0.000000000000000000e+00,-1.613749954159060807e-01,0.000000000000000000e+00,-0.000000000000000000e+00,0.000000000000000000e+00,4.979673860217886938e-02,0.000000000000000000e+00,0.000000000000000000e+00,-0.000000000000000000e+00,0.000000000000000000e+00,2.162836983036074745e+00,-2.971084692724006437e-01,-9.586861324430558939e-01,-0.000000000000000000e+00,-0.000000000000000000e+00,2.348505789210796751e-02,-0.000000000000000000e+00,-0.000000000000000000e+00,0.000000000000000000e+00,-3.016144843016565352e-02,0.000000000000000000e+00,0.000000000000000000e+00,-0.000000000000000000e+00,-0.000000000000000000e+00,-0.000000000000000000e+00,-0.000000000000000000e+00,0.000000000000000000e+00
-5.788239552658263481e-02,-0.000000000000000000e+00,-0.000000000000000000e+00,-0.000000000000000000e+00,0.000000000000000000e+00,-3.318880624979674843e-01,-0.000000000000000000e+00,0.000000000000000000e+00,-0.000000000000000000e+00,0.000000000000000000e+00,-0.000000000000000000e+00,0.000000000000000000e+00,-0.000000000000000000e+00,-0.000000000000000000e+00,0.000000000000000000e+00,-0.000000000000000000e+00,0.000000000000000000e+00,0.000000000000000000e+00,0.000000000000000000e+00,0.000000000000000000e+00,-0.000000000000000000e+00,0.000000000000000000e+00,-2.971084692724006437e-01,2.757951021479644993e+00,-5.854442670246010616e-01,-3.886170165801882681e-01,-0.000000000000000000e+00,0.000000000000000000e+00,-5.646591657424125943e-01,-0.000000000000000000e+00,0.000000000000000000e+00,-2.740681060641855238e-01,0.000000000000000000e+00,0.000000000000000000e+00,-2.265657803627328937e-01,-0.000000000000000000e+00,-4.390899998705095064e-01,-0.000000000000000000e+00,0.000000000000000000e+00
-1.568300178801861067e-01,-0.000000000000000000e+00,0.000000000000000000e+00,-0.000000000000000000e+00,-0.000000000000000000e+00,-4.110013998195860552e-01,-0.000000000000000000e+00,-0.000000000000000000e+00,-0.000000000000000000e+00,-0.000000000000000000e+00,-2.816440521060312521e-02,7.357905422133818873e-02,-0.000000000000000000e+00,-0.000000000000000000e+00,4.705606683385969019e-02,-0.000000000000000000e+00,0.000000000000000000e+00,0.000000000000000000e+00,8.600981781230440659e-02,7.528787080967068446e-02,-0.000000000000000000e+00,0.000000000000000000e+00,-9.586861324430558939e-01,-5.854442670246010616e-01,2.728044613667398810e+00,-4.412287260864872218e-01,-0.000000000000000000e+00,0.000000000000000000e+00,-0.000000000000000000e+00,-0.000000000000000000e+00,0.000000000000000000e+00,-0.000000000000000000e+00,0.000000000000000000e+00,0.000000000000000000e+00,-0.000000000000000000e+00,-0.000000000000000000e+00,-2.146273465299709249e-01,-0.000000000000000000e+00,0.000000000000000000e+00
-8.192431842829377142e-02,-0.000000000000000000e+00,-1.245246705921915081e-01,-0.000000000000000000e+00,-1.412086987424542583e-01,-0.000000000000000000e+00,-0.000000000000000000e+00,0.000000000000000000e+00,-3.964032308630978385e-02,-5.294391708331722124e-02,-0.000000000000000000e+00,0.000000000000000000e+00,-0.000000000000000000e+00,-3.086967442265972639e-01,0.000000000000000000e+00,-0.000000000000000000e+00,0.000000000000000000e+00,-0.000000000000000000e+00,0.000000000000000000e+00,0.000000000000000000e+00,-7.837424622142266650e-02,0.000000000000000000e+00,-0.000000000000000000e+00,-3.886170165801882681e-01,-4.412287260864872218e-01,1.982675899237033246e+00,-4.216810920512141792e-01,0.000000000000000000e+00,-0.000000000000000000e+00,-1.053146352013577397e-01,0.000000000000000000e+00,-0.000000000000000000e+00,-0.000000000000000000e+00,0.000000000000000000e+00,-1.187626547305391592e-02,-5.968448043833019662e-02,-0.000000000000000000e+00,-0.000000000000000000e+00,0.000000000000000000e+00
0.000000000000000000e+00,-1.070309231972824127e-01,-2.425222829735663166e-01,-0.000000000000000000e+00,-0.000000000000000000e+00,0.000000000000000000e+00,-0.000000000000000000e+00,5.037088578285702223e-01,-0.000000000000000000e+00,-1.469488533528266749e-01,-0.000000000000000000e+00,-0.000000000000000000e+00,-0.000000000000000000e+00,-1.687908995925241351e-01,-0.000000000000000000e+00,-0.000000000000000000e+00,-0.000000000000000000e+00,-0.000000000000000000e+00,-0.000000000000000000e+00,0.000000000000000000e+00,-8.964009711901776978e-02,-0.000000000000000000e+00,-0.000000000000000000e+00,-0.000000000000000000e+00,-0.000000000000000000e+00,-4.216810920512141792e-01,1.895272725524440149e+00,0.000000000000000000e+00,0.000000000000000000e+00,-0.000000000000000000e+00,-0.000000000000000000e+00,-1.473857832363397180e-01,-6.205381443291525280e-03,-0.000000000000000000e+00,-6.182023210731951018e-02,-0.000000000000000000e+00,-0.000000000000000000e+00,0.000000000000000000e+00,-0.000000000000000000e+00
-0.000000000000000000e+00,0.000000000000000000e+00,-1.183293117877678019e-01,-0.000000000000000000e+00,0.000000000000000000e+00,0.000000000000000000e+00,-0.000000000000000000e+00,2.481074848456808063e-02,6.563189019389431555e-02,0.000000000000000000e+00,1.589182997402472652e-01,-6.105654257045717986e-02,-0.000000000000000000e+00,6.608347642041183245e-02,-6.839525377273557305e-02,-3.743594127706123542e-02,0.000000000000000000e+00,-3.997547780875584378e-01,-0.000000000000000000e+00,-0.000000000000000000e+00,-1.323423005700259114e-01,-0.000000000000000000e+00,2.348505789210796751e-02,0.000000000000000000e+00,0.000000000000000000e+00,0.000000000000000000e+00,0.000000000000000000e+00,1.411814843404771036e+00,-2.767752863715398637e-01,-0.000000000000000000e+00,-4.187521711897684157e-02,-0.000000000000000000e+00,-0.000000000000000000e+00,-0.000000000000000000e+00,-0.000000000000000000e+00,6.930398862470513177e-02,0.000000000000000000e+00,-2.123059837095937069e-02,-0.000000000000000000e+00
-3.787062768669547941e-01,0.000000000000000000e+00,-0.000000000000000000e+00,0.000000000000000000e+00,0.000000000000000000e+00,-2.289815432223734903e-01,-0.000000000000000000e+00,0.000000000000000000e+00,0.000000000000000000e+00,0.000000000000000000e+00,-0.000000000000000000e+00,0.000000000000000000e+00,-0.000000000000000000e+00,0.000000000000000000e+00,0.000000000000000000e+00,-0.000000000000000000e+00,0.000000000000000000e+00,0.000000000000000000e+00,0.000000000000000000e+00,0.000000000000000000e+00,-0.000000000000000000e+00,0.000000000000000000e+00,-0.000000000000000000e+00,-5.646591657424125943e-01,-0.000000000000000000e+00,-0.000000000000000000e+00,0.000000000000000000e+00,-2.767752863715398637e-01,1.871510190810246055e+00,-0.000000000000000000e+00,0.000000000000000000e+00,-2.467062282227852621e-01,-0.000000000000000000e+00,0.000000000000000000e+00,-2.660413664011820334e-01,0.000000000000000000e+00,-1.878960799936486153e-02,-0.000000000000000000e+00,0.000000000000000000e+00
-2.667991234289310842e-01,-3.258180205070964480e-02,-0.000000000000000000e+00,-4.396112571497442362e-02,-0.000000000000000000e+00,-0.000000000000000000e+00,-2.961348549001126540e-01,1.186791434394980464e-03,-6.022035167284069644e-03,-1.943506473848682636e-01,0.000000000000000000e+00,-0.000000000000000000e+00,-0.000000000000000000e+00,-2.643245298323955092e-02,-0.000000000000000000e+00,-9.468245991685106389e-02,0.000000000000000000e+00,-0.000000000000000000e+00,-0.000000000000000000e+00,0.000000000000000000e+00,-2.136752333044469598e-01,-0.000000000000000000e+00,-0.000000000000000000e+00,-0.000000000000000000e+00,-0.000000000000000000e+00,-1.053146352013577397e-01,-0.000000000000000000e+00,-0.000000000000000000e+00,-0.000000000000000000e+00,1.880616956942184448e+00,-4.420040498590568911e-02,-0.000000000000000000e+00,-1.949698919558898458e-01,0.000000000000000000e+00,-1.839790371218762433e-01,-0.000000000000000000e+00,-0.000000000000000000e+00,-4.380516034363562405e-01,-0.000000000000000000e+00
0.000000000000000000e+00,-0.000000000000000000e+00,-0.000000000000000000e+00,-0.000000000000000000e+00,-0.000000000000000000e+00,0.000000000000000000e+00,-5.353807351799103054e-02,7.932451433964808618e-02,-0.000000000000000000e+00,-0.000000000000000000e+00,1.912990933065976673e-01,-4.715963491234378968e-01,-0.000000000000000000e+00,-0.000000000000000000e+00,-3.873931281360061714e-03,-0.000000000000000000e+00,0.000000000000000000e+00,-0.000000000000000000e+00,-2.243117723116874740e-01,-0.000000000000000000e+00,-1.421472331599390182e-01,-2.300637851311612969e-01,0.000000000000000000e+00,0.000000000000000000e+00,0.000000000000000000e+00,0.000000000000000000e+00,-0.000000000000000000e+00,-4.187521711897684157e-02,0.000000000000000000e+00,-4.420040498590568911e-02,2.273326464589536577e+00,-0.000000000000000000e+00,-4.473442386619489453e-01,-0.000000000000000000e+00,-0.000000000000000000e+00,0.000000000000000000e+00,8.552396165310227616e-02,-4.026522204740485417e-02,-3.376219660139901935e-01
-0.000000000000000000e+00,-2.377538265942303608e-01,-0.000000000000000000e+00,-4.015446897560717709e-02,0.000000000000000000e+00,-0.000000000000000000e+00,-7.169962787505532349e-03,0.000000000000000000e+00,0.000000000000000000e+00,-0.000000000000000000e+00,-0.000000000000000000e+00,-0.000000000000000000e+00,-2.127845135867152682e-01,-0.000000000000000000e+00,-0.000000000000000000e+00,-0.000000000000000000e+00,-1.787359433521410745e-01,-0.000000000000000000e+00,-0.000000000000000000e+00,-0.000000000000000000e+00,-0.000000000000000000e+00,-0.000000000000000000e+00,-3.016144843016565352e-02,-2.740681060641855238e-01,-0.000000000000000000e+00,-0.000000000000000000e+00,-1.473857832363397180e-01,-0.000000000000000000e+00,-2.467062282227852621e-01,-0.000000000000000000e+00,-0.000000000000000000e+00,1.433081525204140005e+00,-2.868421889114154688e-02,-0.000000000000000000e+00,-2.848272349037085302e-02,-0.000000000000000000e+00,-4.950842252590129805e-02,-0.000000000000000000e+00,-0.000000000000000000e+00
0.000000000000000000e+00,-3.458646339553157062e-02,-1.166510328359975507e-01,-6.830661169826332535e-02,-0.000000000000000000e+00,0.000000000000000000e+00,-0.000000000000000000e+00,2.464223872585021569e-01,-0.000000000000000000e+00,-0.000000000000000000e+00,0.000000000000000000e+00,-3.766302975523798113e-01,-0.000000000000000000e+00,-9.702220282540859053e-02,-0.000000000000000000e+00,-0.000000000000000000e+00,-0.000000000000000000e+00,-0.000000000000000000e+00,-2.149783443832645746e-01,-2.821087388422979791e-02,-1.713613594520216055e-01,-1.993720694393402715e-01,0.000000000000000000e+00,0.000000000000000000e+00,0.000000000000000000e+00,-0.000000000000000000e+00,-6.205381443291525280e-03,-0.000000000000000000e+00,-0.000000000000000000e+00,-1.949698919558898458e-01,-4.473442386619489453e-01,-2.868421889114154688e-02,2.161825215254394195e+00,-0.000000000000000000e+00,-1.374104590431397821e-01,-0.000000000000000000e+00,0.000000000000000000e+00,-0.000000000000000000e+00,-0.000000000000000000e+00
0.000000000000000000e+00,-0.000000000000000000e+00,-0.000000000000000000e+00,-0.000000000000000000e+00,-5.181600511861123026e-01,3.755717434244842390e-01,0.000000000000000000e+00,0.000000000000000000e+00,-0.000000000000000000e+00,-0.000000000000000000e+00,0.000000000000000000e+00,-1.909942471593265023e-01,-0.000000000000000000e+00,-0.000000000000000000e+00,-2.194760614513632246e-01,-0.000000000000000000e+00,0.000000000000000000e+00,-2.336476725429447177e-01,-2.525290030154382914e-01,-0.000000000000000000e+00,0.000000000000000000e+00,-0.000000000000000000e+00,0.000000000000000000e+00,0.000000000000000000e+00,0.000000000000000000e+00,0.000000000000000000e+00,-0.000000000000000000e+00,-0.000000000000000000e+00,0.000000000000000000e+00,0.000000000000000000e+00,-0.000000000000000000e+00,-0.000000000000000000e+00,-0.000000000000000000e+00,2.154078671535334166e+00,0.000000000000000000e+00,-0.000000000000000000e+00,3.815413219233890901e-02,-0.000000000000000000e+00,-3.946478806185528820e-01
-0.000000000000000000e+00,-0.000000000000000000e+00,-0.000000000000000000e+00,-0.000000000000000000e+00,0.000000000000000000e+00,-1.799441181470387008e-01,-1.261821086229429068e-01,0.000000000000000000e+00,0.000000000000000000e+00,0.000000000000000000e+00,-0.000000000000000000e+00,-0.000000000000000000e+00,-0.000000000000000000e+00,-0.000000000000000000e+00,-0.000000000000000000e+00,0.000000000000000000e+00,0.000000000000000000e+00,-0.000000000000000000e+00,0.000000000000000000e+00,-0.000000000000000000e+00,-2.041066337087366622e-01,-0.000000000000000000e+00,-0.000000000000000000e+00,-2.265657803627328937e-01,-0.000000000000000000e+00,-1.187626547305391592e-02,-6.182023210731951018e-02,-0.000000000000000000e+00,-2.660413664011820334e-01,-1.839790371218762433e-01,-0.000000000000000000e+00,-2.848272349037085302e-02,-1.374104590431397821e-01,0.000000000000000000e+00,1.635301867569542100e+00,0.000000000000000000e+00,-3.200197655590137358e-01,-0.000000000000000000e+00,0.000000000000000000e+00
-0.000000000000000000e+00,-2.109980286208171588e-02,-0.000000000000000000e+00,-0.000000000000000000e+00,-3.041385850884715802e-01,0.000000000000000000e+00,-0.000000000000000000e+00,0.000000000000000000e+00,-3.873931300803459266e-01,-2.656031297336914898e-01,-0.000000000000000000e+00,-0.000000000000000000e+00,-0.000000000000000000e+00,-2.309107455636101036e-01,0.000000000000000000e+00,-0.000000000000000000e+00,-0.000000000000000000e+00,0.000000000000000000e+00,0.000000000000000000e+00,0.000000000000000000e+00,0.000000000000000000e+00,-0.000000000000000000e+00,-0.000000000000000000e+00,-0.000000000000000000e+00,-0.000000000000000000e+00,-5.968448043833019662e-02,-0.000000000000000000e+00,6.930398862470513177e-02,0.000000000000000000e+00,-0.000000000000000000e+00,0.000000000000000000e+00,-0.000000000000000000e+00,-0.000000000000000000e+00,-0.000000000000000000e+00,0.000000000000000000e+00,1.554267818968442461e+00,-0.000000000000000000e+00,-0.000000000000000000e+00,-0.000000000000000000e+00
-0.000000000000000000e+00,0.000000000000000000e+00,-0.000000000000000000e+00,0.000000000000000000e+00,0.000000000000000000e+00,-3.271294167422423849e-01,-0.000000000000000000e+00,-0.000000000000000000e+00,0.000000000000000000e+00,0.000000000000000000e+00,-1.867524457477428013e-01,1.289051601792769175e-01,-0.000000000000000000e+00,-0.000000000000000000e+00,0.000000000000000000e+00,0.000000000000000000e+00,-0.000000000000000000e+00,0.000000000000000000e+00,3.408654245857965781e-02,0.000000000000000000e+00,-0.000000000000000000e+00,0.000000000000000000e+00,-0.000000000000000000e+00,-4.390899998705095064e-01,-2.146273465299709249e-01,-0.000000000000000000e+00,-0.000000000000000000e+00,0.000000000000000000e+00,-1.878960799936486153e-02,-0.000000000000000000e+00,8.552396165310227616e-02,-4.950842252590129805e-02,0.000000000000000000e+00,3.815413219233890901e-02,-3.200197655590137358e-01,-0.000000000000000000e+00,1.837618908828828168e+00,0.000000000000000000e+00,3.414735080545080320e-02
-3.818290376138044895e-01,-0.000000000000000000e+00,-0.000000000000000000e+00,-0.000000000000000000e+00,-0.000000000000000000e+00,0.000000000000000000e+00,-0.000000000000000000e+00,0.000000000000000000e+00,-1.473131111416137728e-01,-0.000000000000000000e+00,7.141420640051010515e-02,-0.000000000000000000e+00,-0.000000000000000000e+00,-0.000000000000000000e+00,-1.547108659989641366e-01,-0.000000000000000000e+00,2.930502251035139311e-02,-0.000000000000000000e+00,-0.000000000000000000e+00,-0.000000000000000000e+00,-0.000000000000000000e+00,-0.000000000000000000e+00,-0.000000000000000000e+00,-0.000000000000000000e+00,-0.000000000000000000e+00,-0.000000000000000000e+00,0.000000000000000000e+00,-2.123059837095937069e-02,-0.000000000000000000e+00,-4.380516034363562405e-01,-4.026522204740485417e-02,-0.000000000000000000e+00,-0.000000000000000000e+00,-0.000000000000000000e+00,-0.000000000000000000e+00,-0.000000000000000000e+00,0.000000000000000000e+00,1.539801164949685219e+00,-1.221939179390437169e-01
-0.000000000000000000e+00,-5.210870509880380919e-01,-0.000000000000000000e+00,-0.000000000000000000e+00,-4.817203357128811703e-02,1.357212215985451886e-01,-0.000000000000000000e+00,0.000000000000000000e+00,-1.225010966054835143e-01,-5.949625702123298443e-02,1.039095682654202768e-01,-5.906546311230125301e-01,-0.000000000000000000e+00,-0.000000000000000000e+00,-0.000000000000000000e+00,-7.737425072587543473e-02,0.000000000000000000e+00,-0.000000000000000000e+00,-2.310826605639564324e-01,-0.000000000000000000e+00,-0.000000000000000000e+00,-2.132312436555635904e-01,0.000000000000000000e+00,0.000000000000000000e+00,0.000000000000000000e+00,0.000000000000000000e+00,-0.000000000000000000e+00,-0.000000000000000000e+00,0.000000000000000000e+00,-0.000000000000000000e+00,-3.376219660139901935e-01,-0.000000000000000000e+00,-0.000000000000000000e+00,-3.946478806185528820e-01,0.000000000000000000e+00,-0.000000000000000000e+00,3.414735080545080320e-02,-1.221939179390437169e-01,2.634720850395883662e+00
