1.814028367884740867e+00,-0.000000000000000000e+00,-0.000000000000000000e+00,0.000000000000000000e+00,-0.000000000000000000e+00,-0.000000000000000000e+00,0.000000000000000000e+00,0.000000000000000000e+00,-0.000000000000000000e+00,-0.000000000000000000e+00,-0.000000000000000000e+00,-0.000000000000000000e+00,0.000000000000000000e+00,-0.000000000000000000e+00,0.000000000000000000e+00,-1.035943501125633631e-01,-0.000000000000000000e+00,0.000000000000000000e+00,-0.000000000000000000e+00,-0.000000000000000000e+00,-0.000000000000000000e+00,0.000000000000000000e+00,-0.000000000000000000e+00,-0.000000000000000000e+00,-0.000000000000000000e+00,-9.154689131489790466e-01,-1.000584983530204003e-01,-6.433316751882879603e-02,-2.316577486437276789e-02,-1.038819148194320557e-01,0.000000000000000000e+00,-0.000000000000000000e+00,-0.000000000000000000e+00,-0.000000000000000000e+00,0.000000000000000000e+00,-2.783898846011284012e-01,-0.000000000000000000e+00,-0.000000000000000000e+00,0.000000000000000000e+00
-0.000000000000000000e+00,2.357358303998655202e+00,-0.000000000000000000e+00,0.000000000000000000e+00,-0.000000000000000000e+00,0.000000000000000000e+00,0.000000000000000000e+00,0.000000000000000000e+00,-1.152858240315291632e-01,-7.156909240314986154e-02,-1.168268455656690102e-01,-0.000000000000000000e+00,0.000000000000000000e+00,0.000000000000000000e+00,-0.000000000000000000e+00,-0.000000000000000000e+00,-0.000000000000000000e+00,-1.113721542370527638e-02,-3.034895706400494442e-01,1.928076849530500902e-02,0.000000000000000000e+00,-2.648808591703639692e-01,-0.000000000000000000e+00,-0.000000000000000000e+00,-8.206594649669189667e-02,0.000000000000000000e+00,-3.849531824194643015e-01,-0.000000000000000000e+00,-0.000000000000000000e+00,0.000000000000000000e+00,-8.143630991121679763e-01,-1.806483554595364749e-01,0.000000000000000000e+00,-0.000000000000000000e+00,-0.000000000000000000e+00,-0.000000000000000000e+00,-0.000000000000000000e+00,-0.000000000000000000e+00,-3.019279122292941042e-01
-0.000000000000000000e+00,-0.000000000000000000e+00,3.103935896163414476e+00,0.000000000000000000e+00,-4.893910717540330690e-01,-0.000000000000000000e+00,0.000000000000000000e+00,1.520207009157723999e+00,-9.367426101198625399e-02,-1.765843356473670023e-01,-0.000000000000000000e+00,-1.029675315110475525e-01,1.023660141682718322e-01,-0.000000000000000000e+00,-0.000000000000000000e+00,-0.000000000000000000e+00,-0.000000000000000000e+00,-0.000000000000000000e+00,-0.000000000000000000e+00,0.000000000000000000e+00,-0.000000000000000000e+00,-0.000000000000000000e+00,-1.057033743455049329e-01,-0.000000000000000000e+00,-0.000000000000000000e+00,-0.000000000000000000e+00,-3.384765874313998973e-02,-1.969603648083652070e-01,-7.971183043680275804e-02,-0.000000000000000000e+00,-3.764281229104800008e-01,-0.000000000000000000e+00,-0.000000000000000000e+00,-0.000000000000000000e+00,-0.000000000000000000e+00,-0.000000000000000000e+00,-0.000000000000000000e+00,-0.000000000000000000e+00,-0.000000000000000000e+00
0.000000000000000000e+00,0.000000000000000000e+00,0.000000000000000000e+00,1.137055937009237683e+00,0.000000000000000000e+00,-0.000000000000000000e+00,-0.000000000000000000e+00,-0.000000000000000000e+00,0.000000000000000000e+00,0.000000000000000000e+00,0.000000000000000000e+00,0.000000000000000000e+00,-1.975414142982958449e-02,0.000000000000000000e+00,3.312613798235246598e-01,0.000000000000000000e+00,0.000000000000000000e+00,-0.000000000000000000e+00,0.000000000000000000e+00,-0.000000000000000000e+00,-0.000000000000000000e+00,0.000000000000000000e+00,0.000000000000000000e+00,-0.000000000000000000e+00,0.000000000000000000e+00,-0.000000000000000000e+00,0.000000000000000000e+00,0.000000000000000000e+00,0.000000000000000000e+00,-0.000000000000000000e+00,8.754360922601746309e-02,0.000000000000000000e+00,0.000000000000000000e+00,5.129269107162948843e-02,0.000000000000000000e+00,-0.000000000000000000e+00,-0.000000000000000000e+00,0.000000000000000000e+00,3.314617273585023643e-02
-0.000000000000000000e+00,-0.000000000000000000e+00,-4.893910717540330690e-01,0.000000000000000000e+00,2.577514498160732526e+00,-0.000000000000000000e+00,0.000000000000000000e+00,4.191526637608388728e-01,-3.311949334341595108e-01,-1.887352531911275222e-02,-0.000000000000000000e+00,-0.000000000000000000e+00,0.000000000000000000e+00,-4.105561298573430218e-01,-0.000000000000000000e+00,-1.833244815395322358e-01,-0.000000000000000000e+00,-0.000000000000000000e+00,-0.000000000000000000e+00,0.000000000000000000e+00,-0.000000000000000000e+00,0.000000000000000000e+00,-3.509380321269235659e-02,-0.000000000000000000e+00,-0.000000000000000000e+00,-0.000000000000000000e+00,-6.555946090563607997e-02,-5.748481440277004861e-02,-1.113162738326850948e-01,-0.000000000000000000e+00,-0.000000000000000000e+00,-0.000000000000000000e+00,-5.155541863096620991e-01,-1.747938469897513947e-01,-0.000000000000000000e+00,-1.164035130276648705e-01,-0.000000000000000000e+00,-0.000000000000000000e+00,-0.000000000000000000e+00
-0.000000000000000000e+00,0.000000000000000000e+00,-0.000000000000000000e+00,-0.000000000000000000e+00,-0.000000000000000000e+00,1.367463051608962088e+00,-0.000000000000000000e+00,0.000000000000000000e+00,-0.000000000000000000e+00,-0.000000000000000000e+00,-1.666294613645435130e-01,-0.000000000000000000e+00,0.000000000000000000e+00,-3.624431162134001405e-01,4.431006356153850689e-02,-0.000000000000000000e+00,-1.175312175694727124e-01,-0.000000000000000000e+00,-0.000000000000000000e+00,-0.000000000000000000e+00,-0.000000000000000000e+00,1.708825329647049585e-01,-0.000000000000000000e+00,-0.000000000000000000e+00,0.000000000000000000e+00,-0.000000000000000000e+00,-0.000000000000000000e+00,-0.000000000000000000e+00,-0.000000000000000000e+00,-2.451758977754203706e-01,0.000000000000000000e+00,0.000000000000000000e+00,-1.240781263894287778e-01,-0.000000000000000000e+00,0.000000000000000000e+00,-0.000000000000000000e+00,-0.000000000000000000e+00,0.000000000000000000e+00,2.099814094071307813e-01
0.000000000000000000e+00,0.000000000000000000e+00,0.000000000000000000e+00,-0.000000000000000000e+00,0.000000000000000000e+00,-0.000000000000000000e+00,1.001600135147666215e+00,-0.000000000000000000e+00,0.000000000000000000e+00,0.000000000000000000e+00,0.000000000000000000e+00,4.003359703650450491e-02,-0.000000000000000000e+00,0.000000000000000000e+00,0.000000000000000000e+00,0.000000000000000000e+00,0.000000000000000000e+00,0.000000000000000000e+00,-0.000000000000000000e+00,-0.000000000000000000e+00,0.000000000000000000e+00,-0.000000000000000000e+00,0.000000000000000000e+00,-0.000000000000000000e+00,0.000000000000000000e+00,0.000000000000000000e+00,0.000000000000000000e+00,0.000000000000000000e+00,0.000000000000000000e+00,0.000000000000000000e+00,0.000000000000000000e+00,0.000000000000000000e+00,0.000000000000000000e+00,-0.000000000000000000e+00,-0.000000000000000000e+00,0.000000000000000000e+00,0.000000000000000000e+00,-0.000000000000000000e+00,-0.000000000000000000e+00
0.000000000000000000e+00,0.000000000000000000e+00,1.520207009157723999e+00,-0.000000000000000000e+00,4.191526637608388728e-01,0.000000000000000000e+00,-0.000000000000000000e+00,2.810341149360440660e+00,0.000000000000000000e+00,1.160567149119148683e-01,0.000000000000000000e+00,7.113192723894441738e-02,-5.004056933575322386e-02,0.000000000000000000e+00,0.000000000000000000e+00,0.000000000000000000e+00,0.000000000000000000e+00,0.000000000000000000e+00,0.000000000000000000e+00,-0.000000000000000000e+00,0.000000000000000000e+00,0.000000000000000000e+00,3.587394784190675590e-02,0.000000000000000000e+00,0.000000000000000000e+00,0.000000000000000000e+00,0.000000000000000000e+00,2.089672933511143305e-01,5.667258683283192718e-03,0.000000000000000000e+00,1.564311626746337225e-01,0.000000000000000000e+00,1.697744911128702960e-01,0.000000000000000000e+00,0.000000000000000000e+00,0.000000000000000000e+00,0.000000000000000000e+00,0.000000000000000000e+00,0.000000000000000000e+00
-0.000000000000000000e+00,-1.152858240315291632e-01,-9.367426101198625399e-02,0.000000000000000000e+00,-3.311949334341595108e-01,-0.000000000000000000e+00,0.000000000000000000e+00,0.000000000000000000e+00,2.464768062168253504e+00,-5.362571899752158755e-01,-0.000000000000000000e+00,-5.412664191238408806e-02,0.000000000000000000e+00,-1.124699694916862364e-01,-0.000000000000000000e+00,-0.000000000000000000e+00,-0.000000000000000000e+00,0.000000000000000000e+00,-0.000000000000000000e+00,0.000000000000000000e+00,0.000000000000000000e+00,-0.000000000000000000e+00,-1.130086506041012894e-03,-0.000000000000000000e+00,-2.378179704570221320e-01,-0.000000000000000000e+00,-1.128137299437143373e-02,-6.433276256214440214e-02,-0.000000000000000000e+00,-1.696951393326673052e-01,-0.000000000000000000e+00,-0.000000000000000000e+00,-0.000000000000000000e+00,-8.454935240300854860e-01,-0.000000000000000000e+00,-0.000000000000000000e+00,-0.000000000000000000e+00,-8.413638564850729751e-02,-1.424447015311740977e-02
-0.000000000000000000e+00,-7.156909240314986154e-02,-1.765843356473670023e-01,0.000000000000000000e+00,-1.887352531911275222e-02,-0.000000000000000000e+00,0.000000000000000000e+00,1.160567149119148683e-01,-5.362571899752158755e-01,2.405638644764370948e+00,-1.553558147109848908e-01,-0.000000000000000000e+00,1.305644185852015138e-01,-0.000000000000000000e+00,-0.000000000000000000e+00,-5.986472866868154386e-01,-0.000000000000000000e+00,-0.000000000000000000e+00,-6.618536011473945269e-02,0.000000000000000000e+00,-0.000000000000000000e+00,-0.000000000000000000e+00,-3.966151688554593324e-01,-0.000000000000000000e+00,-2.244472900398951018e-02,-0.000000000000000000e+00,-0.000000000000000000e+00,-0.000000000000000000e+00,-1.132178352510467348e-02,-1.359665222640359106e-01,-7.045706498104835347e-02,-4.636029503565110288e-02,-0.000000000000000000e+00,-9.464770561693550133e-03,-0.000000000000000000e+00,-0.000000000000000000e+00,-0.000000000000000000e+00,-9.994032940176667337e-03,-0.000000000000000000e+00
-0.000000000000000000e+00,-1.168268455656690102e-01,-0.000000000000000000e+00,0.000000000000000000e+00,-0.000000000000000000e+00,-1.666294613645435130e-01,0.000000000000000000e+00,0.000000000000000000e+00,-0.000000000000000000e+00,-1.553558147109848908e-01,1.930112093339365176e+00,-3.573653856642292764e-02,1.442610271475994882e-02,-0.000000000000000000e+00,-0.000000000000000000e+00,-0.000000000000000000e+00,-9.764318983936179919e-01,-0.000000000000000000e+00,-0.000000000000000000e+00,0.000000000000000000e+00,-0.000000000000000000e+00,-0.000000000000000000e+00,-2.442114001429754599e-01,-0.000000000000000000e+00,-5.634191959410559530e-02,0.000000000000000000e+00,-1.197720374989552777e-01,-0.000000000000000000e+00,-0.000000000000000000e+00,-0.000000000000000000e+00,-0.000000000000000000e+00,-0.000000000000000000e+00,-0.000000000000000000e+00,-0.000000000000000000e+00,-0.000000000000000000e+00,-0.000000000000000000e+00,-0.000000000000000000e+00,-0.000000000000000000e+00,-0.000000000000000000e+00
-0.000000000000000000e+00,-0.000000000000000000e+00,-1.029675315110475525e-01,0.000000000000000000e+00,-0.000000000000000000e+00,-0.000000000000000000e+00,4.003359703650450491e-02,7.113192723894441738e-02,-5.412664191238408806e-02,-0.000000000000000000e+00,-3.573653856642292764e-02,1.159585601387254528e+00,0.000000000000000000e+00,-6.486265639056891519e-02,-0.000000000000000000e+00,-0.000000000000000000e+00,-1.342136487110343057e-01,-0.000000000000000000e+00,0.000000000000000000e+00,0.000000000000000000e+00,0.000000000000000000e+00,-0.000000000000000000e+00,-0.000000000000000000e+00,0.000000000000000000e+00,-0.000000000000000000e+00,0.000000000000000000e+00,-0.000000000000000000e+00,-0.000000000000000000e+00,-0.000000000000000000e+00,-0.000000000000000000e+00,-0.000000000000000000e+00,-5.459874570870949101e-02,0.000000000000000000e+00,-0.000000000000000000e+00,0.000000000000000000e+00,-0.000000000000000000e+00,0.000000000000000000e+00,-0.000000000000000000e+00,-1.537150366385045819e-01
0.000000000000000000e+00,0.000000000000000000e+00,1.023660141682718322e-01,-1.975414142982958449e-02,0.000000000000000000e+00,0.000000000000000000e+00,-0.000000000000000000e+00,-5.004056933575322386e-02,0.000000000000000000e+00,1.305644185852015138e-01,1.442610271475994882e-02,0.000000000000000000e+00,1.400082153814423469e+00,0.000000000000000000e+00,0.000000000000000000e+00,0.000000000000000000e+00,0.000000000000000000e+00,0.000000000000000000e+00,0.000000000000000000e+00,-0.000000000000000000e+00,0.000000000000000000e+00,0.000000000000000000e+00,0.000000000000000000e+00,0.000000000000000000e+00,0.000000000000000000e+00,-0.000000000000000000e+00,0.000000000000000000e+00,7.565660500274200284e-02,2.121964921982560578e-02,0.000000000000000000e+00,5.014685070627612484e-01,0.000000000000000000e+00,0.000000000000000000e+00,0.000000000000000000e+00,3.055840621964770951e-02,0.000000000000000000e+00,0.000000000000000000e+00,0.000000000000000000e+00,0.000000000000000000e+00
-0.000000000000000000e+00,0.000000000000000000e+00,-0.000000000000000000e+00,0.000000000000000000e+00,-4.105561298573430218e-01,-3.624431162134001405e-01,0.000000000000000000e+00,0.000000000000000000e+00,-1.124699694916862364e-01,-0.000000000000000000e+00,-0.000000000000000000e+00,-6.486265639056891519e-02,0.000000000000000000e+00,1.462469035386946947e+00,0.000000000000000000e+00,-5.066490751204233423e-02,-8.227840306924031483e-03,-0.000000000000000000e+00,-0.000000000000000000e+00,0.000000000000000000e+00,-0.000000000000000000e+00,0.000000000000000000e+00,-9.863912319491816016e-02,-0.000000000000000000e+00,-0.000000000000000000e+00,-0.000000000000000000e+00,-0.000000000000000000e+00,-0.000000000000000000e+00,-0.000000000000000000e+00,-4.699333701453781154e-02,-0.000000000000000000e+00,-0.000000000000000000e+00,-2.544075709571201604e-02,-0.000000000000000000e+00,-0.000000000000000000e+00,-0.000000000000000000e+00,-0.000000000000000000e+00,0.000000000000000000e+00,0.000000000000000000e+00
0.000000000000000000e+00,-0.000000000000000000e+00,-0.000000000000000000e+00,3.312613798235246598e-01,-0.000000000000000000e+00,4.431006356153850689e-02,0.000000000000000000e+00,0.000000000000000000e+00,-0.000000000000000000e+00,-0.000000000000000000e+00,-0.000000000000000000e+00,-0.000000000000000000e+00,0.000000000000000000e+00,0.000000000000000000e+00,1.203721759866143604e+00,-0.000000000000000000e+00,-0.000000000000000000e+00,0.000000000000000000e+00,-0.000000000000000000e+00,0.000000000000000000e+00,0.000000000000000000e+00,-0.000000000000000000e+00,-0.000000000000000000e+00,-0.000000000000000000e+00,-0.000000000000000000e+00,0.000000000000000000e+00,-0.000000000000000000e+00,-0.000000000000000000e+00,-0.000000000000000000e+00,0.000000000000000000e+00,-8.485699584206157775e-02,-0.000000000000000000e+00,0.000000000000000000e+00,-0.000000000000000000e+00,-0.000000000000000000e+00,0.000000000000000000e+00,-0.000000000000000000e+00,-9.083894230219359545e-02,-1.880516935317153859e-01
-1.035943501125633631e-01,-0.000000000000000000e+00,-0.000000000000000000e+00,0.000000000000000000e+00,-1.833244815395322358e-01,-0.000000000000000000e+00,0.000000000000000000e+00,0.000000000000000000e+00,-0.000000000000000000e+00,-5.986472866868154386e-01,-0.000000000000000000e+00,-0.000000000000000000e+00,0.000000000000000000e+00,-5.066490751204233423e-02,-0.000000000000000000e+00,2.286619120321107257e+00,-0.000000000000000000e+00,-0.000000000000000000e+00,-0.000000000000000000e+00,-0.000000000000000000e+00,-0.000000000000000000e+00,0.000000000000000000e+00,-2.175027319202031406e-01,-7.019429018814980770e-02,-0.000000000000000000e+00,-1.196491121509132977e-01,-0.000000000000000000e+00,-2.943924566408955279e-01,-1.585579707458077969e-01,-5.936524117745128892e-01,-0.000000000000000000e+00,-0.000000000000000000e+00,-7.569035282437171219e-02,-0.000000000000000000e+00,-0.000000000000000000e+00,-0.000000000000000000e+00,-0.000000000000000000e+00,-0.000000000000000000e+00,0.000000000000000000e+00
-0.000000000000000000e+00,-0.000000000000000000e+00,-0.000000000000000000e+00,0.000000000000000000e+00,-0.000000000000000000e+00,-1.175312175694727124e-01,0.000000000000000000e+00,0.000000000000000000e+00,-0.000000000000000000e+00,-0.000000000000000000e+00,-9.764318983936179919e-01,-1.342136487110343057e-01,0.000000000000000000e+00,-8.227840306924031483e-03,-0.000000000000000000e+00,-0.000000000000000000e+00,1.728768131799131913e+00,0.000000000000000000e+00,-0.000000000000000000e+00,0.000000000000000000e+00,-0.000000000000000000e+00,-0.000000000000000000e+00,-0.000000000000000000e+00,0.000000000000000000e+00,-0.000000000000000000e+00,-0.000000000000000000e+00,-0.000000000000000000e+00,-0.000000000000000000e+00,-0.000000000000000000e+00,-0.000000000000000000e+00,-0.000000000000000000e+00,-1.899697299389268845e-01,-0.000000000000000000e+00,-0.000000000000000000e+00,-0.000000000000000000e+00,-0.000000000000000000e+00,-0.000000000000000000e+00,-0.000000000000000000e+00,-0.000000000000000000e+00
0.000000000000000000e+00,-1.113721542370527638e-02,-0.000000000000000000e+00,-0.000000000000000000e+00,-0.000000000000000000e+00,-0.000000000000000000e+00,0.000000000000000000e+00,0.000000000000000000e+00,0.000000000000000000e+00,-0.000000000000000000e+00,-0.000000000000000000e+00,-0.000000000000000000e+00,0.000000000000000000e+00,-0.000000000000000000e+00,0.000000000000000000e+00,-0.000000000000000000e+00,0.000000000000000000e+00,1.074905947132914763e+00,-6.375887962334690628e-02,0.000000000000000000e+00,-0.000000000000000000e+00,-0.000000000000000000e+00,-0.000000000000000000e+00,-0.000000000000000000e+00,-0.000000000000000000e+00,0.000000000000000000e+00,-3.740180726523970739e-02,-0.000000000000000000e+00,-0.000000000000000000e+00,0.000000000000000000e+00,-1.284031921733278514e-01,-0.000000000000000000e+00,0.000000000000000000e+00,0.000000000000000000e+00,-0.000000000000000000e+00,-0.000000000000000000e+00,-3.448097252669760776e-02,2.714769133405872670e-01,-0.000000000000000000e+00
-0.000000000000000000e+00,-3.034895706400494442e-01,-0.000000000000000000e+00,0.000000000000000000e+00,-0.000000000000000000e+00,-0.000000000000000000e+00,-0.000000000000000000e+00,0.000000000000000000e+00,-0.000000000000000000e+00,-6.618536011473945269e-02,-0.000000000000000000e+00,0.000000000000000000e+00,0.000000000000000000e+00,-0.000000000000000000e+00,-0.000000000000000000e+00,-0.000000000000000000e+00,-0.000000000000000000e+00,-6.375887962334690628e-02,1.290250486858904200e+00,0.000000000000000000e+00,-0.000000000000000000e+00,-0.000000000000000000e+00,-0.000000000000000000e+00,-0.000000000000000000e+00,-0.000000000000000000e+00,-0.000000000000000000e+00,-1.832448911086329291e-01,-0.000000000000000000e+00,-0.000000000000000000e+00,-0.000000000000000000e+00,-1.505095912320227047e-01,-0.000000000000000000e+00,0.000000000000000000e+00,-0.000000000000000000e+00,-0.000000000000000000e+00,-5.226648453977791181e-02,-0.000000000000000000e+00,-0.000000000000000000e+00,-0.000000000000000000e+00
-0.000000000000000000e+00,1.928076849530500902e-02,0.000000000000000000e+00,-0.000000000000000000e+00,0.000000000000000000e+00,-0.000000000000000000e+00,-0.000000000000000000e+00,-0.000000000000000000e+00,0.000000000000000000e+00,0.000000000000000000e+00,0.000000000000000000e+00,0.000000000000000000e+00,-0.000000000000000000e+00,0.000000000000000000e+00,0.000000000000000000e+00,-0.000000000000000000e+00,0.000000000000000000e+00,0.000000000000000000e+00,0.000000000000000000e+00,1.004266253261683284e+00,-0.000000000000000000e+00,0.000000000000000000e+00,0.000000000000000000e+00,-0.000000000000000000e+00,0.000000000000000000e+00,-0.000000000000000000e+00,0.000000000000000000e+00,-0.000000000000000000e+00,0.000000000000000000e+00,-0.000000000000000000e+00,4.774914392175508976e-02,0.000000000000000000e+00,-0.000000000000000000e+00,0.000000000000000000e+00,0.000000000000000000e+00,-0.000000000000000000e+00,0.000000000000000000e+00,0.000000000000000000e+00,4.884852621782319500e-03
-0.000000000000000000e+00,0.000000000000000000e+00,-0.000000000000000000e+00,-0.000000000000000000e+00,-0.000000000000000000e+00,-0.000000000000000000e+00,0.000000000000000000e+00,0.000000000000000000e+00,0.000000000000000000e+00,-0.000000000000000000e+00,-0.000000000000000000e+00,0.000000000000000000e+00,0.000000000000000000e+00,-0.000000000000000000e+00,0.000000000000000000e+00,-0.000000000000000000e+00,-0.000000000000000000e+00,-0.000000000000000000e+00,-0.000000000000000000e+00,-0.000000000000000000e+00,1.230971881988654371e+00,0.000000000000000000e+00,-0.000000000000000000e+00,-0.000000000000000000e+00,-0.000000000000000000e+00,-0.000000000000000000e+00,-0.000000000000000000e+00,-2.579064137006297983e-02,-0.000000000000000000e+00,-0.000000000000000000e+00,0.000000000000000000e+00,0.000000000000000000e+00,-4.967354824615625164e-01,-0.000000000000000000e+00,0.000000000000000000e+00,-1.914999469097775076e-02,0.000000000000000000e+00,0.000000000000000000e+00,1.745577601001807588e-01
0.000000000000000000e+00,-2.648808591703639692e-01,-0.000000000000000000e+00,0.000000000000000000e+00,0.000000000000000000e+00,1.708825329647049585e-01,-0.000000000000000000e+00,0.000000000000000000e+00,-0.000000000000000000e+00,-0.000000000000000000e+00,-0.000000000000000000e+00,-0.000000000000000000e+00,0.000000000000000000e+00,0.000000000000000000e+00,-0.000000000000000000e+00,0.000000000000000000e+00,-0.000000000000000000e+00,-0.000000000000000000e+00,-0.000000000000000000e+00,0.000000000000000000e+00,0.000000000000000000e+00,1.199588862821233892e+00,-0.000000000000000000e+00,-0.000000000000000000e+00,-0.000000000000000000e+00,0.000000000000000000e+00,-0.000000000000000000e+00,-0.000000000000000000e+00,-0.000000000000000000e+00,1.014658218554600685e-02,-1.871612888271504960e-01,-0.000000000000000000e+00,0.000000000000000000e+00,-0.000000000000000000e+00,-0.000000000000000000e+00,0.000000000000000000e+00,-0.000000000000000000e+00,-0.000000000000000000e+00,-8.414467365346453565e-02
-0.000000000000000000e+00,-0.000000000000000000e+00,-1.057033743455049329e-01,0.000000000000000000e+00,-3.509380321269235659e-02,-0.000000000000000000e+00,0.000000000000000000e+00,3.587394784190675590e-02,-1.130086506041012894e-03,-3.966151688554593324e-01,-2.442114001429754599e-01,-0.000000000000000000e+00,0.000000000000000000e+00,-9.863912319491816016e-02,-0.000000000000000000e+00,-2.175027319202031406e-01,-0.000000000000000000e+00,-0.000000000000000000e+00,-0.000000000000000000e+00,0.000000000000000000e+00,-0.000000000000000000e+00,-0.000000000000000000e+00,2.049891947106210033e+00,-2.150099529879904436e-01,-6.525451780742652641e-01,-0.000000000000000000e+00,-0.000000000000000000e+00,-0.000000000000000000e+00,-0.000000000000000000e+00,-0.000000000000000000e+00,-1.753500408637694019e-02,-0.000000000000000000e+00,-7.814333927008983161e-02,-0.000000000000000000e+00,-0.000000000000000000e+00,-0.000000000000000000e+00,-0.000000000000000000e+00,-0.000000000000000000e+00,-0.000000000000000000e+00
-0.000000000000000000e+00,-0.000000000000000000e+00,-0.000000000000000000e+00,-0.000000000000000000e+00,-0.000000000000000000e+00,-0.000000000000000000e+00,-0.000000000000000000e+00,0.000000000000000000e+00,-0.000000000000000000e+00,-0.000000000000000000e+00,-0.000000000000000000e+00,0.000000000000000000e+00,0.000000000000000000e+00,-0.000000000000000000e+00,-0.000000000000000000e+00,-7.019429018814980770e-02,0.000000000000000000e+00,-0.000000000000000000e+00,-0.000000000000000000e+00,-0.000000000000000000e+00,-0.000000000000000000e+00,-0.000000000000000000e+00,-2.150099529879904436e-01,1.160941726122227013e+00,-1.259550561326024665e-01,-0.000000000000000000e+00,-0.000000000000000000e+00,-0.000000000000000000e+00,0.000000000000000000e+00,-4.173046159551543899e-02,-0.000000000000000000e+00,0.000000000000000000e+00,-0.000000000000000000e+00,-0.000000000000000000e+00,-7.800176760885418892e-02,-0.000000000000000000e+00,-6.885770186196456255e-02,-0.000000000000000000e+00,-0.000000000000000000e+00
-0.000000000000000000e+00,-8.206594649669189667e-02,-0.000000000000000000e+00,0.000000000000000000e+00,-0.000000000000000000e+00,0.000000000000000000e+00,0.000000000000000000e+00,0.000000000000000000e+00,-2.378179704570221320e-01,-2.244472900398951018e-02,-5.634191959410559530e-02,-0.000000000000000000e+00,0.000000000000000000e+00,-0.000000000000000000e+00,-0.000000000000000000e+00,-0.000000000000000000e+00,-0.000000000000000000e+00,-0.000000000000000000e+00,-0.000000000000000000e+00,0.000000000000000000e+00,-0.000000000000000000e+00,-0.000000000000000000e+00,-6.525451780742652641e-01,-1.259550561326024665e-01,2.009658595657948688e+00,-0.000000000000000000e+00,-2.668010680699354209e-01,-0.000000000000000000e+00,-0.000000000000000000e+00,-0.000000000000000000e+00,-2.052736025287702770e-01,-0.000000000000000000e+00,-0.000000000000000000e+00,-2.779484723690979209e-01,-3.920262391396065610e-02,-0.000000000000000000e+00,-0.000000000000000000e+00,-0.000000000000000000e+00,-7.419544355486941412e-02
-9.154689131489790466e-01,0.000000000000000000e+00,-0.000000000000000000e+00,-0.000000000000000000e+00,-0.000000000000000000e+00,-0.000000000000000000e+00,0.000000000000000000e+00,0.000000000000000000e+00,-0.000000000000000000e+00,-0.000000000000000000e+00,0.000000000000000000e+00,0.000000000000000000e+00,-0.000000000000000000e+00,-0.000000000000000000e+00,0.000000000000000000e+00,-1.196491121509132977e-01,-0.000000000000000000e+00,0.000000000000000000e+00,-0.000000000000000000e+00,-0.000000000000000000e+00,-0.000000000000000000e+00,0.000000000000000000e+00,-0.000000000000000000e+00,-0.000000000000000000e+00,-0.000000000000000000e+00,1.779173540429111133e+00,-0.000000000000000000e+00,-3.155474376329561736e-02,-2.052075532552160853e-01,-6.434290973860609664e-02,0.000000000000000000e+00,-0.000000000000000000e+00,-0.000000000000000000e+00,-0.000000000000000000e+00,0.000000000000000000e+00,-1.228723579385379294e-01,-0.000000000000000000e+00,-1.099701555499114081e-01,0.000000000000000000e+00
-1.000584983530204003e-01,-3.849531824194643015e-01,-3.384765874313998973e-02,0.000000000000000000e+00,-6.555946090563607997e-02,-0.000000000000000000e+00,0.000000000000000000e+00,0.000000000000000000e+00,-1.128137299437143373e-02,-0.000000000000000000e+00,-1.197720374989552777e-01,-0.000000000000000000e+00,0.000000000000000000e+00,-0.000000000000000000e+00,-0.000000000000000000e+00,-0.000000000000000000e+00,-0.000000000000000000e+00,-3.740180726523970739e-02,-1.832448911086329291e-01,0.000000000000000000e+00,-0.000000000000000000e+00,-0.000000000000000000e+00,-0.000000000000000000e+00,-0.000000000000000000e+00,-2.668010680699354209e-01,-0.000000000000000000e+00,1.724968098851156206e+00,-2.444465085652741121e-01,-0.000000000000000000e+00,-0.000000000000000000e+00,-1.069013742077068868e-01,-0.000000000000000000e+00,-0.000000000000000000e+00,-1.039556817156577460e-02,-0.000000000000000000e+00,-1.570071740775531022e-01,-0.000000000000000000e+00,-0.000000000000000000e+00,-0.000000000000000000e+00
-6.433316751882879603e-02,-0.000000000000000000e+00,-1.969603648083652070e-01,0.000000000000000000e+00,-5.748481440277004861e-02,-0.000000000000000000e+00,0.000000000000000000e+00,2.089672933511143305e-01,-6.433276256214440214e-02,-0.000000000000000000e+00,-0.000000000000000000e+00,-0.000000000000000000e+00,7.565660500274200284e-02,-0.000000000000000000e+00,-0.000000000000000000e+00,-2.943924566408955279e-01,-0.000000000000000000e+00,-0.000000000000000000e+00,-0.000000000000000000e+00,-0.000000000000000000e+00,-2.579064137006297983e-02,-0.000000000000000000e+00,-0.000000000000000000e+00,-0.000000000000000000e+00,-0.000000000000000000e+00,-3.155474376329561736e-02,-2.444465085652741121e-01,1.663019517044060480e+00,-6.041109596891940797e-02,-0.000000000000000000e+00,-0.000000000000000000e+00,-0.000000000000000000e+00,-8.610234940546777904e-02,-5.521822686344624725e-02,-1.202986982846408759e-01,-0.000000000000000000e+00,-0.000000000000000000e+00,0.000000000000000000e+00,0.000000000000000000e+00
-2.316577486437276789e-02,-0.000000000000000000e+00,-7.971183043680275804e-02,0.000000000000000000e+00,-1.113162738326850948e-01,-0.000000000000000000e+00,0.000000000000000000e+00,5.667258683283192718e-03,-0.000000000000000000e+00,-1.132178352510467348e-02,-0.000000000000000000e+00,-0.000000000000000000e+00,2.121964921982560578e-02,-0.000000000000000000e+00,-0.000000000000000000e+00,-1.585579707458077969e-01,-0.000000000000000000e+00,-0.000000000000000000e+00,-0.000000000000000000e+00,0.000000000000000000e+00,-0.000000000000000000e+00,-0.000000000000000000e+00,-0.000000000000000000e+00,0.000000000000000000e+00,-0.000000000000000000e+00,-2.052075532552160853e-01,-0.000000000000000000e+00,-6.041109596891940797e-02,1.964546292961164342e+00,-0.000000000000000000e+00,-1.390075985628399548e-02,-7.652483968594969710e-01,-0.000000000000000000e+00,0.000000000000000000e+00,-0.000000000000000000e+00,-0.000000000000000000e+00,-5.019747478041498567e-01,-0.000000000000000000e+00,-0.000000000000000000e+00
-1.038819148194320557e-01,0.000000000000000000e+00,-0.000000000000000000e+00,-0.000000000000000000e+00,-0.000000000000000000e+00,-2.451758977754203706e-01,0.000000000000000000e+00,0.000000000000000000e+00,-1.696951393326673052e-01,-1.359665222640359106e-01,-0.000000000000000000e+00,-0.000000000000000000e+00,0.000000000000000000e+00,-4.699333701453781154e-02,0.000000000000000000e+00,-5.936524117745128892e-01,-0.000000000000000000e+00,0.000000000000000000e+00,-0.000000000000000000e+00,-0.000000000000000000e+00,-0.000000000000000000e+00,1.014658218554600685e-02,-0.000000000000000000e+00,-4.173046159551543899e-02,-0.000000000000000000e+00,-6.434290973860609664e-02,-0.000000000000000000e+00,-0.000000000000000000e+00,-0.000000000000000000e+00,1.946885047450543471e+00,0.000000000000000000e+00,-0.000000000000000000e+00,-1.821400985359250546e-01,-0.000000000000000000e+00,-0.000000000000000000e+00,-4.536735441309747707e-01,-0.000000000000000000e+00,-0.000000000000000000e+00,0.000000000000000000e+00
0.000000000000000000e+00,-8.143630991121679763e-01,-3.764281229104800008e-01,8.754360922601746309e-02,-0.000000000000000000e+00,0.000000000000000000e+00,0.000000000000000000e+00,1.564311626746337225e-01,-0.000000000000000000e+00,-7.045706498104835347e-02,-0.000000000000000000e+00,-0.000000000000000000e+00,5.014685070627612484e-01,-0.000000000000000000e+00,-8.485699584206157775e-02,-0.000000000000000000e+00,-0.000000000000000000e+00,-1.284031921733278514e-01,-1.505095912320227047e-01,4.774914392175508976e-02,0.000000000000000000e+00,-1.871612888271504960e-01,-1.753500408637694019e-02,-0.000000000000000000e+00,-2.052736025287702770e-01,0.000000000000000000e+00,-1.069013742077068868e-01,-0.000000000000000000e+00,-1.390075985628399548e-02,0.000000000000000000e+00,2.830771765787944094e+00,-4.978086596941681125e-02,0.000000000000000000e+00,-0.000000000000000000e+00,-1.228495232838979212e-01,-0.000000000000000000e+00,-0.000000000000000000e+00,-0.000000000000000000e+00,-5.501024671739292993e-01
-0.000000000000000000e+00,-1.806483554595364749e-01,-0.000000000000000000e+00,0.000000000000000000e+00,-0.000000000000000000e+00,0.000000000000000000e+00,0.000000000000000000e+00,0.000000000000000000e+00,-0.000000000000000000e+00,-4.636029503565110288e-02,-0.000000000000000000e+00,-5.459874570870949101e-02,0.000000000000000000e+00,-0.000000000000000000e+00,-0.000000000000000000e+00,-0.000000000000000000e+00,-1.899697299389268845e-01,-0.000000000000000000e+00,-0.000000000000000000e+00,0.000000000000000000e+00,0.000000000000000000e+00,-0.000000000000000000e+00,-0.000000000000000000e+00,0.000000000000000000e+00,-0.000000000000000000e+00,-0.000000000000000000e+00,-0.000000000000000000e+00,-0.000000000000000000e+00,-7.652483968594969710e-01,-0.000000000000000000e+00,-4.978086596941681125e-02,1.821438797759948880e+00,1.071112323458408566e-01,0.000000000000000000e+00,-8.206007694844266731e-02,-0.000000000000000000e+00,-2.594448866783242158e-01,-0.000000000000000000e+00,-1.587809509149789022e-01
-0.000000000000000000e+00,0.000000000000000000e+00,-0.000000000000000000e+00,0.000000000000000000e+00,-5.155541863096620991e-01,-1.240781263894287778e-01,0.000000000000000000e+00,1.697744911128702960e-01,-0.000000000000000000e+00,-0.000000000000000000e+00,-0.000000000000000000e+00,0.000000000000000000e+00,0.000000000000000000e+00,-2.544075709571201604e-02,0.000000000000000000e+00,-7.569035282437171219e-02,-0.000000000000000000e+00,0.000000000000000000e+00,0.000000000000000000e+00,-0.000000000000000000e+00,-4.967354824615625164e-01,0.000000000000000000e+00,-7.814333927008983161e-02,-0.000000000000000000e+00,-0.000000000000000000e+00,-0.000000000000000000e+00,-0.000000000000000000e+00,-8.610234940546777904e-02,-0.000000000000000000e+00,-1.821400985359250546e-01,0.000000000000000000e+00,1.071112323458408566e-01,1.729662895401793854e+00,-5.202299716683734566e-03,0.000000000000000000e+00,-0.000000000000000000e+00,0.000000000000000000e+00,0.000000000000000000e+00,1.110628603340224896e-01
-0.000000000000000000e+00,-0.000000000000000000e+00,-0.000000000000000000e+00,5.129269107162948843e-02,-1.747938469897513947e-01,-0.000000000000000000e+00,-0.000000000000000000e+00,0.000000000000000000e+00,-8.454935240300854860e-01,-9.464770561693550133e-03,-0.000000000000000000e+00,-0.000000000000000000e+00,0.000000000000000000e+00,-0.000000000000000000e+00,-0.000000000000000000e+00,-0.000000000000000000e+00,-0.000000000000000000e+00,0.000000000000000000e+00,-0.000000000000000000e+00,0.000000000000000000e+00,-0.000000000000000000e+00,-0.000000000000000000e+00,-0.000000000000000000e+00,-0.000000000000000000e+00,-2.779484723690979209e-01,-0.000000000000000000e+00,-1.039556817156577460e-02,-5.521822686344624725e-02,0.000000000000000000e+00,-0.000000000000000000e+00,-0.000000000000000000e+00,0.000000000000000000e+00,-5.202299716683734566e-03,1.783034518939809798e+00,-0.000000000000000000e+00,-0.000000000000000000e+00,0.000000000000000000e+00,-0.000000000000000000e+00,-0.000000000000000000e+00
0.000000000000000000e+00,-0.000000000000000000e+00,-0.000000000000000000e+00,0.000000000000000000e+00,-0.000000000000000000e+00,0.000000000000000000e+00,-0.000000000000000000e+00,0.000000000000000000e+00,-0.000000000000000000e+00,-0.000000000000000000e+00,-0.000000000000000000e+00,0.000000000000000000e+00,3.055840621964770951e-02,-0.000000000000000000e+00,-0.000000000000000000e+00,-0.000000000000000000e+00,-0.000000000000000000e+00,-0.000000000000000000e+00,-0.000000000000000000e+00,0.000000000000000000e+00,0.000000000000000000e+00,-0.000000000000000000e+00,-0.000000000000000000e+00,-7.800176760885418892e-02,-3.920262391396065610e-02,0.000000000000000000e+00,-0.000000000000000000e+00,-1.202986982846408759e-01,-0.000000000000000000e+00,-0.000000000000000000e+00,-1.228495232838979212e-01,-8.206007694844266731e-02,0.000000000000000000e+00,-0.000000000000000000e+00,1.603368367921481630e+00,-0.000000000000000000e+00,-8.066511155115102527e-01,-0.000000000000000000e+00,-0.000000000000000000e+00
-2.783898846011284012e-01,-0.000000000000000000e+00,-0.000000000000000000e+00,-0.000000000000000000e+00,-1.164035130276648705e-01,-0.000000000000000000e+00,0.000000000000000000e+00,0.000000000000000000e+00,-0.000000000000000000e+00,-0.000000000000000000e+00,-0.000000000000000000e+00,-0.000000000000000000e+00,0.000000000000000000e+00,-0.000000000000000000e+00,0.000000000000000000e+00,-0.000000000000000000e+00,-0.000000000000000000e+00,-0.000000000000000000e+00,-5.226648453977791181e-02,-0.000000000000000000e+00,-1.914999469097775076e-02,0.000000000000000000e+00,-0.000000000000000000e+00,-0.000000000000000000e+00,-0.000000000000000000e+00,-1.228723579385379294e-01,-1.570071740775531022e-01,-0.000000000000000000e+00,-0.000000000000000000e+00,-4.536735441309747707e-01,-0.000000000000000000e+00,-0.000000000000000000e+00,-0.000000000000000000e+00,-0.000000000000000000e+00,-0.000000000000000000e+00,1.483949626209853712e+00,-0.000000000000000000e+00,-0.000000000000000000e+00,0.000000000000000000e+00
-0.000000000000000000e+00,-0.000000000000000000e+00,-0.000000000000000000e+00,-0.000000000000000000e+00,-0.000000000000000000e+00,-0.000000000000000000e+00,0.000000000000000000e+00,0.000000000000000000e+00,-0.000000000000000000e+00,-0.000000000000000000e+00,-0.000000000000000000e+00,0.000000000000000000e+00,0.000000000000000000e+00,-0.000000000000000000e+00,-0.000000000000000000e+00,-0.000000000000000000e+00,-0.000000000000000000e+00,-3.448097252669760776e-02,-0.000000000000000000e+00,0.000000000000000000e+00,0.000000000000000000e+00,-0.000000000000000000e+00,-0.000000000000000000e+00,-6.885770186196456255e-02,-0.000000000000000000e+00,-0.000000000000000000e+00,-0.000000000000000000e+00,-0.000000000000000000e+00,-5.019747478041498567e-01,-0.000000000000000000e+00,-0.000000000000000000e+00,-2.594448866783242158e-01,0.000000000000000000e+00,0.000000000000000000e+00,-8.066511155115102527e-01,-0.000000000000000000e+00,1.867688429785944626e+00,-0.000000000000000000e+00,-0.000000000000000000e+00
-0.000000000000000000e+00,-0.000000000000000000e+00,-0.000000000000000000e+00,0.000000000000000000e+00,-0.000000000000000000e+00,0.000000000000000000e+00,-0.000000000000000000e+00,0.000000000000000000e+00,-8.413638564850729751e-02,-9.994032940176667337e-03,-0.000000000000000000e+00,-0.000000000000000000e+00,0.000000000000000000e+00,0.000000000000000000e+00,-9.083894230219359545e-02,-0.000000000000000000e+00,-0.000000000000000000e+00,2.714769133405872670e-01,-0.000000000000000000e+00,0.000000000000000000e+00,0.000000000000000000e+00,-0.000000000000000000e+00,-0.000000000000000000e+00,-0.000000000000000000e+00,-0.000000000000000000e+00,-1.099701555499114081e-01,-0.000000000000000000e+00,0.000000000000000000e+00,-0.000000000000000000e+00,-0.000000000000000000e+00,-0.000000000000000000e+00,-0.000000000000000000e+00,0.000000000000000000e+00,-0.000000000000000000e+00,-0.000000000000000000e+00,-0.000000000000000000e+00,-0.000000000000000000e+00,1.583075870769480975e+00,-8.199028113855379996e-01
0.000000000000000000e+00,-3.019279122292941042e-01,-0.000000000000000000e+00,3.314617273585023643e-02,-0.000000000000000000e+00,2.099814094071307813e-01,-0.000000000000000000e+00,0.000000000000000000e+00,-1.424447015311740977e-02,-0.000000000000000000e+00,-0.000000000000000000e+00,-1.537150366385045819e-01,0.000000000000000000e+00,0.000000000000000000e+00,-1.880516935317153859e-01,0.000000000000000000e+00,-0.000000000000000000e+00,-0.000000000000000000e+00,-0.000000000000000000e+00,4.884852621782319500e-03,1.745577601001807588e-01,-8.414467365346453565e-02,-0.000000000000000000e+00,-0.000000000000000000e+00,-7.419544355486941412e-02,0.000000000000000000e+00,-0.000000000000000000e+00,0.000000000000000000e+00,-0.000000000000000000e+00,0.000000000000000000e+00,-5.501024671739292993e-01,-1.587809509149789022e-01,1.110628603340224896e-01,-0.000000000000000000e+00,-0.000000000000000000e+00,0.000000000000000000e+00,-0.000000000000000000e+00,-8.199028113855379996e-01,2.167790215782167795e+00
