2.905539534656413014e+00,-2.062875400591199504e-01,-0.000000000000000000e+00,0.000000000000000000e+00,-0.000000000000000000e+00,-5.315112891197436296e-02,-0.000000000000000000e+00,2.162760321483360795e-02,0.000000000000000000e+00,0.000000000000000000e+00,-0.000000000000000000e+00,3.198725523794072045e-01,-0.000000000000000000e+00,-0.000000000000000000e+00,-8.804628981936077348e-02,-0.000000000000000000e+00,-0.000000000000000000e+00,-0.000000000000000000e+00,0.000000000000000000e+00,3.839590922474073187e-02,0.000000000000000000e+00,0.000000000000000000e+00,-2.319327899416221417e-01,-3.232794628519271019e-01,-1.685277770926611740e-01,-2.153025630484580732e-01,0.000000000000000000e+00,-4.098154953132044920e-01,-2.675001171922332666e-01,0.000000000000000000e+00,0.000000000000000000e+00,0.000000000000000000e+00,-3.374549848299328997e-02,0.000000000000000000e+00,2.117121145309664720e-01,0.000000000000000000e+00,-1.480991644189635636e-01,-3.903246689259844415e-01,-0.000000000000000000e+00
-2.062875400591199504e-01,2.171665552183875914e+00,-0.000000000000000000e+00,-0.000000000000000000e+00,-0.000000000000000000e+00,-8.578891493471574314e-02,-2.235796133143808095e-01,2.996794725720481126e-02,0.000000000000000000e+00,0.000000000000000000e+00,-3.398095396672471402e-01,7.041894616111696314e-02,-8.555763237247243636e-02,-0.000000000000000000e+00,-0.000000000000000000e+00,-0.000000000000000000e+00,-0.000000000000000000e+00,-0.000000000000000000e+00,0.000000000000000000e+00,0.000000000000000000e+00,1.436269641478647545e-02,0.000000000000000000e+00,-6.515312841116327469e-02,-1.779686950969540382e-01,-0.000000000000000000e+00,-1.099703180446107986e-01,0.000000000000000000e+00,-0.000000000000000000e+00,-0.000000000000000000e+00,1.742701347246509713e-01,3.064261092691846627e-02,0.000000000000000000e+00,-7.718081583501568144e-02,0.000000000000000000e+00,1.113002803120552858e-01,0.000000000000000000e+00,-8.909560122773005353e-02,-3.751125203515001671e-02,-4.233186815908117628e-01
-0.000000000000000000e+00,-0.000000000000000000e+00,1.677335448374118743e+00,0.000000000000000000e+00,-1.777676963405475929e-01,-0.000000000000000000e+00,-0.000000000000000000e+00,9.317711017192907841e-01,-0.000000000000000000e+00,-0.000000000000000000e+00,-0.000000000000000000e+00,-0.000000000000000000e+00,-0.000000000000000000e+00,0.000000000000000000e+00,-0.000000000000000000e+00,-0.000000000000000000e+00,-0.000000000000000000e+00,-0.000000000000000000e+00,-0.000000000000000000e+00,0.000000000000000000e+00,-0.000000000000000000e+00,-4.104180514589543249e-01,-0.000000000000000000e+00,-0.000000000000000000e+00,-0.000000000000000000e+00,-0.000000000000000000e+00,-0.000000000000000000e+00,-0.000000000000000000e+00,0.000000000000000000e+00,0.000000000000000000e+00,0.000000000000000000e+00,0.000000000000000000e+00,-0.000000000000000000e+00,-0.000000000000000000e+00,0.000000000000000000e+00,-0.000000000000000000e+00,-0.000000000000000000e+00,0.000000000000000000e+00,-0.000000000000000000e+00
0.000000000000000000e+00,-0.000000000000000000e+00,0.000000000000000000e+00,1.004353844315435174e+00,0.000000000000000000e+00,0.000000000000000000e+00,-0.000000000000000000e+00,-0.000000000000000000e+00,0.000000000000000000e+00,0.000000000000000000e+00,0.000000000000000000e+00,-0.000000000000000000e+00,-0.000000000000000000e+00,-0.000000000000000000e+00,1.479979652473728362e-02,0.000000000000000000e+00,0.000000000000000000e+00,0.000000000000000000e+00,0.000000000000000000e+00,-0.000000000000000000e+00,0.000000000000000000e+00,0.000000000000000000e+00,0.000000000000000000e+00,0.000000000000000000e+00,0.000000000000000000e+00,0.000000000000000000e+00,-0.000000000000000000e+00,5.834463813999527654e-02,0.000000000000000000e+00,0.000000000000000000e+00,2.577360129181161322e-02,-0.000000000000000000e+00,0.000000000000000000e+00,0.000000000000000000e+00,-0.000000000000000000e+00,0.000000000000000000e+00,0.000000000000000000e+00,0.000000000000000000e+00,-0.000000000000000000e+00
-0.000000000000000000e+00,-0.000000000000000000e+00,-1.777676963405475929e-01,0.000000000000000000e+00,1.442231276725577827e+00,-0.000000000000000000e+00,-0.000000000000000000e+00,1.017862690224740768e-01,-0.000000000000000000e+00,-0.000000000000000000e+00,-0.000000000000000000e+00,0.000000000000000000e+00,-0.000000000000000000e+00,-0.000000000000000000e+00,-0.000000000000000000e+00,-8.209036100823148552e-02,-0.000000000000000000e+00,-2.141968261105419227e-02,-6.802515807043639784e-01,0.000000000000000000e+00,-0.000000000000000000e+00,-0.000000000000000000e+00,-0.000000000000000000e+00,-0.000000000000000000e+00,-0.000000000000000000e+00,-1.254526035802387141e-01,-0.000000000000000000e+00,-0.000000000000000000e+00,-0.000000000000000000e+00,0.000000000000000000e+00,0.000000000000000000e+00,0.000000000000000000e+00,-0.000000000000000000e+00,-3.288089735541506464e-02,0.000000000000000000e+00,-3.016771635730855494e-02,-0.000000000000000000e+00,-0.000000000000000000e+00,-0.000000000000000000e+00
-5.315112891197436296e-02,-8.578891493471574314e-02,-0.000000000000000000e+00,0.000000000000000000e+00,-0.000000000000000000e+00,1.529831228414853417e+00,-6.274583076087050793e-02,0.000000000000000000e+00,0.000000000000000000e+00,9.991331918998716533e-03,-0.000000000000000000e+00,0.000000000000000000e+00,-0.000000000000000000e+00,-0.000000000000000000e+00,-0.000000000000000000e+00,0.000000000000000000e+00,-0.000000000000000000e+00,-0.000000000000000000e+00,0.000000000000000000e+00,2.648839557661326061e-01,0.000000000000000000e+00,0.000000000000000000e+00,-0.000000000000000000e+00,-1.120370476113592556e-01,-0.000000000000000000e+00,-9.122792138445925958e-02,0.000000000000000000e+00,-0.000000000000000000e+00,-3.121147724152466274e-02,9.765570029637410387e-02,0.000000000000000000e+00,0.000000000000000000e+00,-2.966409211020398229e-01,0.000000000000000000e+00,1.391002875726899679e-01,0.000000000000000000e+00,-0.000000000000000000e+00,-0.000000000000000000e+00,-0.000000000000000000e+00
-0.000000000000000000e+00,-2.235796133143808095e-01,-0.000000000000000000e+00,-0.000000000000000000e+00,-0.000000000000000000e+00,-6.274583076087050793e-02,1.940850409623059214e+00,2.133635395544190572e-01,1.765018712327758033e-02,8.191800222170796120e-02,-0.000000000000000000e+00,6.825670645125317404e-02,-1.449880234654252475e-01,-0.000000000000000000e+00,-0.000000000000000000e+00,0.000000000000000000e+00,-0.000000000000000000e+00,-0.000000000000000000e+00,-0.000000000000000000e+00,0.000000000000000000e+00,0.000000000000000000e+00,0.000000000000000000e+00,-0.000000000000000000e+00,-6.416452490708286771e-02,-0.000000000000000000e+00,-2.460313009500685044e-01,-0.000000000000000000e+00,-0.000000000000000000e+00,-0.000000000000000000e+00,3.069682342395375629e-01,3.608692852018717534e-02,5.236188374422345165e-02,-0.000000000000000000e+00,0.000000000000000000e+00,3.206535582650611449e-01,0.000000000000000000e+00,-0.000000000000000000e+00,-0.000000000000000000e+00,-2.027334492124564513e-01
2.162760321483360795e-02,2.996794725720481126e-02,9.317711017192907841e-01,-0.000000000000000000e+00,1.017862690224740768e-01,0.000000000000000000e+00,2.133635395544190572e-01,1.987009728058091396e+00,-0.000000000000000000e+00,-0.000000000000000000e+00,0.000000000000000000e+00,-0.000000000000000000e+00,2.759869803356548856e-01,-0.000000000000000000e+00,0.000000000000000000e+00,0.000000000000000000e+00,0.000000000000000000e+00,3.697628502664244976e-02,0.000000000000000000e+00,-3.032895714181106910e-03,0.000000000000000000e+00,0.000000000000000000e+00,0.000000000000000000e+00,3.107315907143135686e-02,0.000000000000000000e+00,2.055792671893538412e-02,0.000000000000000000e+00,2.893560362459513535e-01,0.000000000000000000e+00,-1.208703182983160707e-01,-0.000000000000000000e+00,-0.000000000000000000e+00,0.000000000000000000e+00,-0.000000000000000000e+00,-0.000000000000000000e+00,-0.000000000000000000e+00,1.183441580589579822e-01,0.000000000000000000e+00,0.000000000000000000e+00
0.000000000000000000e+00,0.000000000000000000e+00,-0.000000000000000000e+00,0.000000000000000000e+00,-0.000000000000000000e+00,0.000000000000000000e+00,1.765018712327758033e-02,-0.000000000000000000e+00,1.304120392675308437e+00,-1.413050563478125132e-01,0.000000000000000000e+00,-0.000000000000000000e+00,0.000000000000000000e+00,0.000000000000000000e+00,0.000000000000000000e+00,-7.106629068105194125e-02,0.000000000000000000e+00,-0.000000000000000000e+00,-0.000000000000000000e+00,-0.000000000000000000e+00,-0.000000000000000000e+00,-0.000000000000000000e+00,0.000000000000000000e+00,0.000000000000000000e+00,0.000000000000000000e+00,0.000000000000000000e+00,-0.000000000000000000e+00,0.000000000000000000e+00,0.000000000000000000e+00,-1.072547560708357051e-01,-0.000000000000000000e+00,-0.000000000000000000e+00,0.000000000000000000e+00,-2.685765562154637798e-01,-5.545749663855676498e-02,-2.608369389225648760e-01,-0.000000000000000000e+00,-0.000000000000000000e+00,0.000000000000000000e+00
0.000000000000000000e+00,0.000000000000000000e+00,-0.000000000000000000e+00,0.000000000000000000e+00,-0.000000000000000000e+00,9.991331918998716533e-03,8.191800222170796120e-02,-0.000000000000000000e+00,-1.413050563478125132e-01,1.481623682150375210e+00,0.000000000000000000e+00,-0.000000000000000000e+00,0.000000000000000000e+00,-0.000000000000000000e+00,0.000000000000000000e+00,-2.128990725673925444e-01,-0.000000000000000000e+00,-0.000000000000000000e+00,-3.048175478710324002e-02,-0.000000000000000000e+00,-2.948616174839293821e-02,-6.739391002719460899e-02,0.000000000000000000e+00,0.000000000000000000e+00,0.000000000000000000e+00,0.000000000000000000e+00,-0.000000000000000000e+00,0.000000000000000000e+00,1.342426597442973601e-01,-1.696952990821018747e-01,-8.183408517956966902e-03,-0.000000000000000000e+00,0.000000000000000000e+00,-1.330613343691318118e-01,-0.000000000000000000e+00,-3.662197599932917047e-01,0.000000000000000000e+00,0.000000000000000000e+00,6.998894524796601957e-02
-0.000000000000000000e+00,-3.398095396672471402e-01,-0.000000000000000000e+00,0.000000000000000000e+00,-0.000000000000000000e+00,-0.000000000000000000e+00,-0.000000000000000000e+00,0.000000000000000000e+00,0.000000000000000000e+00,0.000000000000000000e+00,1.751113134638673241e+00,4.255469951948624707e-02,-0.000000000000000000e+00,-0.000000000000000000e+00,-0.000000000000000000e+00,0.000000000000000000e+00,-1.097659194434623120e-01,0.000000000000000000e+00,0.000000000000000000e+00,0.000000000000000000e+00,0.000000000000000000e+00,0.000000000000000000e+00,-2.916018784827908439e-01,-1.825567211104663357e-01,-1.820336322744880719e-01,-0.000000000000000000e+00,0.000000000000000000e+00,-0.000000000000000000e+00,-0.000000000000000000e+00,4.345066616167691381e-02,0.000000000000000000e+00,0.000000000000000000e+00,-1.217614056049398236e-01,1.194626902162020665e-01,1.313176122933095713e-01,0.000000000000000000e+00,-0.000000000000000000e+00,-0.000000000000000000e+00,-0.000000000000000000e+00
3.198725523794072045e-01,7.041894616111696314e-02,-0.000000000000000000e+00,-0.000000000000000000e+00,0.000000000000000000e+00,0.000000000000000000e+00,6.825670645125317404e-02,-0.000000000000000000e+00,-0.000000000000000000e+00,-0.000000000000000000e+00,4.255469951948624707e-02,2.514782880222360184e+00,0.000000000000000000e+00,0.000000000000000000e+00,0.000000000000000000e+00,0.000000000000000000e+00,2.094709993447658736e-01,0.000000000000000000e+00,-0.000000000000000000e+00,-0.000000000000000000e+00,-0.000000000000000000e+00,-2.693948017043139992e-02,1.075975903369117033e-02,1.876739266829249575e-01,2.790237412883893667e-02,3.143155831295911806e-01,-0.000000000000000000e+00,2.670304855044680625e-01,2.342222317423207911e-01,-0.000000000000000000e+00,-0.000000000000000000e+00,-0.000000000000000000e+00,0.000000000000000000e+00,-2.299223405155017830e-01,-3.304355500805611912e-01,-0.000000000000000000e+00,0.000000000000000000e+00,3.476398889682607574e-01,0.000000000000000000e+00
-0.000000000000000000e+00,-8.555763237247243636e-02,-0.000000000000000000e+00,-0.000000000000000000e+00,-0.000000000000000000e+00,-0.000000000000000000e+00,-1.449880234654252475e-01,2.759869803356548856e-01,0.000000000000000000e+00,0.000000000000000000e+00,-0.000000000000000000e+00,0.000000000000000000e+00,1.471166275750059649e+00,0.000000000000000000e+00,-0.000000000000000000e+00,0.000000000000000000e+00,-0.000000000000000000e+00,0.000000000000000000e+00,0.000000000000000000e+00,0.000000000000000000e+00,0.000000000000000000e+00,-0.000000000000000000e+00,-0.000000000000000000e+00,-0.000000000000000000e+00,-0.000000000000000000e+00,-0.000000000000000000e+00,-0.000000000000000000e+00,-0.000000000000000000e+00,-0.000000000000000000e+00,1.742523754789326862e-01,3.469326104548867695e-01,0.000000000000000000e+00,-2.117035838282066429e-01,0.000000000000000000e+00,0.000000000000000000e+00,0.000000000000000000e+00,-0.000000000000000000e+00,-0.000000000000000000e+00,-8.300047717133237843e-03
-0.000000000000000000e+00,-0.000000000000000000e+00,0.000000000000000000e+00,-0.000000000000000000e+00,-0.000000000000000000e+00,-0.000000000000000000e+00,-0.000000000000000000e+00,-0.000000000000000000e+00,0.000000000000000000e+00,-0.000000000000000000e+00,-0.000000000000000000e+00,0.000000000000000000e+00,0.000000000000000000e+00,1.013226394314608036e+00,-0.000000000000000000e+00,-0.000000000000000000e+00,-0.000000000000000000e+00,0.000000000000000000e+00,-0.000000000000000000e+00,-0.000000000000000000e+00,0.000000000000000000e+00,0.000000000000000000e+00,-0.000000000000000000e+00,-0.000000000000000000e+00,-0.000000000000000000e+00,-1.157647846166603434e-01,-0.000000000000000000e+00,-0.000000000000000000e+00,-0.000000000000000000e+00,-0.000000000000000000e+00,0.000000000000000000e+00,0.000000000000000000e+00,-0.000000000000000000e+00,0.000000000000000000e+00,0.000000000000000000e+00,-0.000000000000000000e+00,0.000000000000000000e+00,-0.000000000000000000e+00,-0.000000000000000000e+00
-8.804628981936077348e-02,-0.000000000000000000e+00,-0.000000000000000000e+00,1.479979652473728362e-02,-0.000000000000000000e+00,-0.000000000000000000e+00,-0.000000000000000000e+00,0.000000000000000000e+00,0.000000000000000000e+00,0.000000000000000000e+00,-0.000000000000000000e+00,0.000000000000000000e+00,-0.000000000000000000e+00,-0.000000000000000000e+00,1.806687873973047420e+00,-1.196159336659296385e-01,-0.000000000000000000e+00,-2.617727667074647435e-01,0.000000000000000000e+00,3.197304468014409984e-02,0.000000000000000000e+00,0.000000000000000000e+00,-0.000000000000000000e+00,-0.000000000000000000e+00,-0.000000000000000000e+00,-2.374786379856452245e-01,2.575471838944773384e-01,-1.554063465957509493e-01,-3.033560043853462673e-01,0.000000000000000000e+00,0.000000000000000000e+00,0.000000000000000000e+00,-0.000000000000000000e+00,0.000000000000000000e+00,0.000000000000000000e+00,-0.000000000000000000e+00,-1.850289116931373157e-01,-2.607920492593268080e-01,-0.000000000000000000e+00
-0.000000000000000000e+00,-0.000000000000000000e+00,-0.000000000000000000e+00,0.000000000000000000e+00,-8.209036100823148552e-02,0.000000000000000000e+00,0.000000000000000000e+00,0.000000000000000000e+00,-7.106629068105194125e-02,-2.128990725673925444e-01,0.000000000000000000e+00,0.000000000000000000e+00,0.000000000000000000e+00,-0.000000000000000000e+00,-1.196159336659296385e-01,1.234012110552493491e+00,0.000000000000000000e+00,-1.669336061960134121e-01,-0.000000000000000000e+00,0.000000000000000000e+00,-0.000000000000000000e+00,0.000000000000000000e+00,-0.000000000000000000e+00,0.000000000000000000e+00,-0.000000000000000000e+00,-0.000000000000000000e+00,0.000000000000000000e+00,-0.000000000000000000e+00,-0.000000000000000000e+00,-0.000000000000000000e+00,0.000000000000000000e+00,0.000000000000000000e+00,0.000000000000000000e+00,-0.000000000000000000e+00,-0.000000000000000000e+00,-3.015244485214073622e-01,-0.000000000000000000e+00,-0.000000000000000000e+00,0.000000000000000000e+00
-0.000000000000000000e+00,-0.000000000000000000e+00,-0.000000000000000000e+00,0.000000000000000000e+00,-0.000000000000000000e+00,-0.000000000000000000e+00,-0.000000000000000000e+00,0.000000000000000000e+00,0.000000000000000000e+00,-0.000000000000000000e+00,-1.097659194434623120e-01,2.094709993447658736e-01,-0.000000000000000000e+00,-0.000000000000000000e+00,-0.000000000000000000e+00,0.000000000000000000e+00,1.337617376303215533e+00,0.000000000000000000e+00,-0.000000000000000000e+00,0.000000000000000000e+00,-0.000000000000000000e+00,0.000000000000000000e+00,-8.890039066536011003e-02,-1.806073839038998541e-01,-0.000000000000000000e+00,-0.000000000000000000e+00,0.000000000000000000e+00,-2.012401873676117059e-01,-0.000000000000000000e+00,0.000000000000000000e+00,0.000000000000000000e+00,-0.000000000000000000e+00,-0.000000000000000000e+00,0.000000000000000000e+00,0.000000000000000000e+00,0.000000000000000000e+00,-0.000000000000000000e+00,-3.905034156741971074e-02,-0.000000000000000000e+00
-0.000000000000000000e+00,-0.000000000000000000e+00,-0.000000000000000000e+00,0.000000000000000000e+00,-2.141968261105419227e-02,-0.000000000000000000e+00,-0.000000000000000000e+00,3.697628502664244976e-02,-0.000000000000000000e+00,-0.000000000000000000e+00,0.000000000000000000e+00,0.000000000000000000e+00,0.000000000000000000e+00,0.000000000000000000e+00,-2.617727667074647435e-01,-1.669336061960134121e-01,0.000000000000000000e+00,1.179970987704145102e+00,-1.826816662011281900e-01,1.453494016843886495e-02,-0.000000000000000000e+00,0.000000000000000000e+00,-0.000000000000000000e+00,-0.000000000000000000e+00,-0.000000000000000000e+00,-1.229166862557118899e-02,1.187113057015285467e-01,-0.000000000000000000e+00,-0.000000000000000000e+00,-0.000000000000000000e+00,0.000000000000000000e+00,0.000000000000000000e+00,-0.000000000000000000e+00,-0.000000000000000000e+00,0.000000000000000000e+00,-0.000000000000000000e+00,-1.431024181269703599e-02,-0.000000000000000000e+00,0.000000000000000000e+00
0.000000000000000000e+00,0.000000000000000000e+00,-0.000000000000000000e+00,0.000000000000000000e+00,-6.802515807043639784e-01,0.000000000000000000e+00,-0.000000000000000000e+00,0.000000000000000000e+00,-0.000000000000000000e+00,-3.048175478710324002e-02,0.000000000000000000e+00,-0.000000000000000000e+00,0.000000000000000000e+00,-0.000000000000000000e+00,0.000000000000000000e+00,-0.000000000000000000e+00,-0.000000000000000000e+00,-1.826816662011281900e-01,1.663352986886512008e+00,-0.000000000000000000e+00,-0.000000000000000000e+00,-0.000000000000000000e+00,-0.000000000000000000e+00,0.000000000000000000e+00,0.000000000000000000e+00,-0.000000000000000000e+00,-0.000000000000000000e+00,-0.000000000000000000e+00,0.000000000000000000e+00,-0.000000000000000000e+00,-0.000000000000000000e+00,0.000000000000000000e+00,0.000000000000000000e+00,-5.859786254516984316e-01,-0.000000000000000000e+00,-8.311196876623436897e-03,-0.000000000000000000e+00,0.000000000000000000e+00,5.298315612647860884e-02
3.839590922474073187e-02,0.000000000000000000e+00,0.000000000000000000e+00,-0.000000000000000000e+00,0.000000000000000000e+00,2.648839557661326061e-01,0.000000000000000000e+00,-3.032895714181106910e-03,-0.000000000000000000e+00,-0.000000000000000000e+00,0.000000000000000000e+00,-0.000000000000000000e+00,0.000000000000000000e+00,-0.000000000000000000e+00,3.197304468014409984e-02,0.000000000000000000e+00,0.000000000000000000e+00,1.453494016843886495e-02,-0.000000000000000000e+00,1.392836977141929777e+00,-0.000000000000000000e+00,-8.518211800638693376e-02,3.335883053546295079e-02,2.687097457601686501e-02,0.000000000000000000e+00,0.000000000000000000e+00,-7.946380442224176832e-03,0.000000000000000000e+00,2.333685312532353395e-01,-0.000000000000000000e+00,-0.000000000000000000e+00,-0.000000000000000000e+00,5.911502692424500799e-02,-0.000000000000000000e+00,-0.000000000000000000e+00,-0.000000000000000000e+00,2.331226625091977478e-01,0.000000000000000000e+00,0.000000000000000000e+00
0.000000000000000000e+00,1.436269641478647545e-02,-0.000000000000000000e+00,0.000000000000000000e+00,-0.000000000000000000e+00,0.000000000000000000e+00,0.000000000000000000e+00,0.000000000000000000e+00,-0.000000000000000000e+00,-2.948616174839293821e-02,0.000000000000000000e+00,-0.000000000000000000e+00,0.000000000000000000e+00,0.000000000000000000e+00,0.000000000000000000e+00,-0.000000000000000000e+00,-0.000000000000000000e+00,-0.000000000000000000e+00,-0.000000000000000000e+00,-0.000000000000000000e+00,1.036124406543714960e+00,-0.000000000000000000e+00,0.000000000000000000e+00,0.000000000000000000e+00,0.000000000000000000e+00,0.000000000000000000e+00,-0.000000000000000000e+00,0.000000000000000000e+00,0.000000000000000000e+00,-3.865457700968523425e-02,-1.023409196015655359e-01,-0.000000000000000000e+00,4.276254838144094572e-02,-0.000000000000000000e+00,-0.000000000000000000e+00,-0.000000000000000000e+00,0.000000000000000000e+00,0.000000000000000000e+00,6.104920538412864084e-02
0.000000000000000000e+00,0.000000000000000000e+00,-4.104180514589543249e-01,0.000000000000000000e+00,-0.000000000000000000e+00,0.000000000000000000e+00,0.000000000000000000e+00,0.000000000000000000e+00,-0.000000000000000000e+00,-6.739391002719460899e-02,0.000000000000000000e+00,-2.693948017043139992e-02,-0.000000000000000000e+00,0.000000000000000000e+00,0.000000000000000000e+00,0.000000000000000000e+00,0.000000000000000000e+00,0.000000000000000000e+00,-0.000000000000000000e+00,-8.518211800638693376e-02,-0.000000000000000000e+00,1.487488820306272164e+00,0.000000000000000000e+00,0.000000000000000000e+00,0.000000000000000000e+00,0.000000000000000000e+00,-2.934543545833264711e-01,0.000000000000000000e+00,4.344327956535267155e-01,-0.000000000000000000e+00,-0.000000000000000000e+00,-0.000000000000000000e+00,0.000000000000000000e+00,-0.000000000000000000e+00,-0.000000000000000000e+00,-0.000000000000000000e+00,1.583021491014054496e-02,1.266929670470635649e-01,0.000000000000000000e+00
-2.319327899416221417e-01,-6.515312841116327469e-02,-0.000000000000000000e+00,0.000000000000000000e+00,-0.000000000000000000e+00,-0.000000000000000000e+00,-0.000000000000000000e+00,0.000000000000000000e+00,0.000000000000000000e+00,0.000000000000000000e+00,-2.916018784827908439e-01,1.075975903369117033e-02,-0.000000000000000000e+00,-0.000000000000000000e+00,-0.000000000000000000e+00,-0.000000000000000000e+00,-8.890039066536011003e-02,-0.000000000000000000e+00,-0.000000000000000000e+00,3.335883053546295079e-02,0.000000000000000000e+00,0.000000000000000000e+00,2.137604430253164267e+00,-2.825540437209928535e-01,-5.514353726010381429e-01,-0.000000000000000000e+00,0.000000000000000000e+00,-1.770642200230981497e-02,-0.000000000000000000e+00,0.000000000000000000e+00,0.000000000000000000e+00,-0.000000000000000000e+00,-1.431514236212421687e-01,0.000000000000000000e+00,1.409192260040995071e-01,0.000000000000000000e+00,-0.000000000000000000e+00,-1.879736397953490346e-01,-0.000000000000000000e+00
-3.232794628519271019e-01,-1.779686950969540382e-01,-0.000000000000000000e+00,0.000000000000000000e+00,-0.000000000000000000e+00,-1.120370476113592556e-01,-6.416452490708286771e-02,3.107315907143135686e-02,0.000000000000000000e+00,0.000000000000000000e+00,-1.825567211104663357e-01,1.876739266829249575e-01,-0.000000000000000000e+00,-0.000000000000000000e+00,-0.000000000000000000e+00,0.000000000000000000e+00,-1.806073839038998541e-01,-0.000000000000000000e+00,0.000000000000000000e+00,2.687097457601686501e-02,0.000000000000000000e+00,0.000000000000000000e+00,-2.825540437209928535e-01,2.904281022502038567e+00,-2.068374400889339826e-01,-0.000000000000000000e+00,0.000000000000000000e+00,-3.431251950508732995e-01,-1.261588149314556984e-01,2.018704903009723994e-01,0.000000000000000000e+00,0.000000000000000000e+00,-3.124085297663528049e-01,1.806782034732158648e-02,4.492460233489440902e-01,0.000000000000000000e+00,-0.000000000000000000e+00,-0.000000000000000000e+00,-0.000000000000000000e+00
-1.685277770926611740e-01,-0.000000000000000000e+00,-0.000000000000000000e+00,0.000000000000000000e+00,-0.000000000000000000e+00,-0.000000000000000000e+00,-0.000000000000000000e+00,0.000000000000000000e+00,0.000000000000000000e+00,0.000000000000000000e+00,-1.820336322744880719e-01,2.790237412883893667e-02,-0.000000000000000000e+00,-0.000000000000000000e+00,-0.000000000000000000e+00,-0.000000000000000000e+00,-0.000000000000000000e+00,-0.000000000000000000e+00,0.000000000000000000e+00,0.000000000000000000e+00,0.000000000000000000e+00,0.000000000000000000e+00,-5.514353726010381429e-01,-2.068374400889339826e-01,2.077430518461252706e+00,-7.082339370294681025e-02,0.000000000000000000e+00,-2.305943699134145042e-01,-2.304247307874531803e-01,0.000000000000000000e+00,0.000000000000000000e+00,0.000000000000000000e+00,-1.036403637036927700e-01,0.000000000000000000e+00,0.000000000000000000e+00,0.000000000000000000e+00,-1.271021932107159191e-01,-2.698772622573855987e-02,-0.000000000000000000e+00
-2.153025630484580732e-01,-1.099703180446107986e-01,-0.000000000000000000e+00,0.000000000000000000e+00,-1.254526035802387141e-01,-9.122792138445925958e-02,-2.460313009500685044e-01,2.055792671893538412e-02,0.000000000000000000e+00,0.000000000000000000e+00,-0.000000000000000000e+00,3.143155831295911806e-01,-0.000000000000000000e+00,-1.157647846166603434e-01,-2.374786379856452245e-01,-0.000000000000000000e+00,-0.000000000000000000e+00,-1.229166862557118899e-02,-0.000000000000000000e+00,0.000000000000000000e+00,0.000000000000000000e+00,0.000000000000000000e+00,-0.000000000000000000e+00,-0.000000000000000000e+00,-7.082339370294681025e-02,2.210253074252940486e+00,0.000000000000000000e+00,-3.728412272302557562e-01,-1.147862009581203657e-01,0.000000000000000000e+00,0.000000000000000000e+00,0.000000000000000000e+00,-0.000000000000000000e+00,0.000000000000000000e+00,2.656557935607188337e-01,0.000000000000000000e+00,-0.000000000000000000e+00,-5.631184303355635939e-02,-0.000000000000000000e+00
0.000000000000000000e+00,0.000000000000000000e+00,-0.000000000000000000e+00,-0.000000000000000000e+00,-0.000000000000000000e+00,0.000000000000000000e+00,-0.000000000000000000e+00,0.000000000000000000e+00,-0.000000000000000000e+00,-0.000000000000000000e+00,0.000000000000000000e+00,-0.000000000000000000e+00,-0.000000000000000000e+00,-0.000000000000000000e+00,2.575471838944773384e-01,0.000000000000000000e+00,0.000000000000000000e+00,1.187113057015285467e-01,-0.000000000000000000e+00,-7.946380442224176832e-03,-0.000000000000000000e+00,-2.934543545833264711e-01,0.000000000000000000e+00,0.000000000000000000e+00,0.000000000000000000e+00,0.000000000000000000e+00,1.360312577222951402e+00,0.000000000000000000e+00,3.183794646676410545e-02,0.000000000000000000e+00,-0.000000000000000000e+00,-0.000000000000000000e+00,0.000000000000000000e+00,-0.000000000000000000e+00,-0.000000000000000000e+00,-0.000000000000000000e+00,2.024551275979285248e-01,1.220013213700181509e-01,0.000000000000000000e+00
-4.098154953132044920e-01,-0.000000000000000000e+00,-0.000000000000000000e+00,5.834463813999527654e-02,-0.000000000000000000e+00,-0.000000000000000000e+00,-0.000000000000000000e+00,2.893560362459513535e-01,0.000000000000000000e+00,0.000000000000000000e+00,-0.000000000000000000e+00,2.670304855044680625e-01,-0.000000000000000000e+00,-0.000000000000000000e+00,-1.554063465957509493e-01,-0.000000000000000000e+00,-2.012401873676117059e-01,-0.000000000000000000e+00,-0.000000000000000000e+00,0.000000000000000000e+00,0.000000000000000000e+00,0.000000000000000000e+00,-1.770642200230981497e-02,-3.431251950508732995e-01,-2.305943699134145042e-01,-3.728412272302557562e-01,0.000000000000000000e+00,2.599693259740971207e+00,-1.675506961466764477e-01,0.000000000000000000e+00,0.000000000000000000e+00,0.000000000000000000e+00,-0.000000000000000000e+00,0.000000000000000000e+00,1.717413742614994632e-01,0.000000000000000000e+00,-1.006412821609153734e-02,-1.246590678855325485e-01,-0.000000000000000000e+00
-2.675001171922332666e-01,-0.000000000000000000e+00,0.000000000000000000e+00,0.000000000000000000e+00,-0.000000000000000000e+00,-3.121147724152466274e-02,-0.000000000000000000e+00,0.000000000000000000e+00,0.000000000000000000e+00,1.342426597442973601e-01,-0.000000000000000000e+00,2.342222317423207911e-01,-0.000000000000000000e+00,-0.000000000000000000e+00,-3.033560043853462673e-01,-0.000000000000000000e+00,-0.000000000000000000e+00,-0.000000000000000000e+00,0.000000000000000000e+00,2.333685312532353395e-01,0.000000000000000000e+00,4.344327956535267155e-01,-0.000000000000000000e+00,-1.261588149314556984e-01,-2.304247307874531803e-01,-1.147862009581203657e-01,3.183794646676410545e-02,-1.675506961466764477e-01,2.309820733314185137e+00,0.000000000000000000e+00,0.000000000000000000e+00,0.000000000000000000e+00,-6.614462819640626323e-02,1.930983051285166049e-02,1.048346316459946997e-01,0.000000000000000000e+00,-9.759352715684528612e-02,-0.000000000000000000e+00,-0.000000000000000000e+00
0.000000000000000000e+00,1.742701347246509713e-01,0.000000000000000000e+00,0.000000000000000000e+00,0.000000000000000000e+00,9.765570029637410387e-02,3.069682342395375629e-01,-1.208703182983160707e-01,-1.072547560708357051e-01,-1.696952990821018747e-01,4.345066616167691381e-02,-0.000000000000000000e+00,1.742523754789326862e-01,-0.000000000000000000e+00,0.000000000000000000e+00,-0.000000000000000000e+00,0.000000000000000000e+00,-0.000000000000000000e+00,-0.000000000000000000e+00,-0.000000000000000000e+00,-3.865457700968523425e-02,-0.000000000000000000e+00,0.000000000000000000e+00,2.018704903009723994e-01,0.000000000000000000e+00,0.000000000000000000e+00,0.000000000000000000e+00,0.000000000000000000e+00,0.000000000000000000e+00,1.790843127113309174e+00,-0.000000000000000000e+00,-0.000000000000000000e+00,0.000000000000000000e+00,-9.733165213460955034e-02,-1.756393731725979790e-01,-1.733365842977183935e-01,0.000000000000000000e+00,0.000000000000000000e+00,3.804847925054642699e-02
0.000000000000000000e+00,3.064261092691846627e-02,0.000000000000000000e+00,2.577360129181161322e-02,0.000000000000000000e+00,0.000000000000000000e+00,3.608692852018717534e-02,-0.000000000000000000e+00,-0.000000000000000000e+00,-8.183408517956966902e-03,0.000000000000000000e+00,-0.000000000000000000e+00,3.469326104548867695e-01,0.000000000000000000e+00,0.000000000000000000e+00,0.000000000000000000e+00,0.000000000000000000e+00,0.000000000000000000e+00,-0.000000000000000000e+00,-0.000000000000000000e+00,-1.023409196015655359e-01,-0.000000000000000000e+00,0.000000000000000000e+00,0.000000000000000000e+00,0.000000000000000000e+00,0.000000000000000000e+00,-0.000000000000000000e+00,0.000000000000000000e+00,0.000000000000000000e+00,-0.000000000000000000e+00,1.306244038150114140e+00,-5.838937295037204683e-02,0.000000000000000000e+00,-0.000000000000000000e+00,-0.000000000000000000e+00,-0.000000000000000000e+00,4.139938100241917496e-02,0.000000000000000000e+00,3.385182397901162488e-01
0.000000000000000000e+00,0.000000000000000000e+00,0.000000000000000000e+00,-0.000000000000000000e+00,0.000000000000000000e+00,0.000000000000000000e+00,5.236188374422345165e-02,-0.000000000000000000e+00,-0.000000000000000000e+00,-0.000000000000000000e+00,0.000000000000000000e+00,-0.000000000000000000e+00,0.000000000000000000e+00,0.000000000000000000e+00,0.000000000000000000e+00,0.000000000000000000e+00,-0.000000000000000000e+00,0.000000000000000000e+00,0.000000000000000000e+00,-0.000000000000000000e+00,-0.000000000000000000e+00,-0.000000000000000000e+00,-0.000000000000000000e+00,0.000000000000000000e+00,0.000000000000000000e+00,0.000000000000000000e+00,-0.000000000000000000e+00,0.000000000000000000e+00,0.000000000000000000e+00,-0.000000000000000000e+00,-5.838937295037204683e-02,1.007750511607461430e+00,0.000000000000000000e+00,-0.000000000000000000e+00,-0.000000000000000000e+00,0.000000000000000000e+00,0.000000000000000000e+00,0.000000000000000000e+00,0.000000000000000000e+00
-3.374549848299328997e-02,-7.718081583501568144e-02,-0.000000000000000000e+00,0.000000000000000000e+00,-0.000000000000000000e+00,-2.966409211020398229e-01,-0.000000000000000000e+00,0.000000000000000000e+00,0.000000000000000000e+00,0.000000000000000000e+00,-1.217614056049398236e-01,0.000000000000000000e+00,-2.117035838282066429e-01,-0.000000000000000000e+00,-0.000000000000000000e+00,0.000000000000000000e+00,-0.000000000000000000e+00,-0.000000000000000000e+00,0.000000000000000000e+00,5.911502692424500799e-02,4.276254838144094572e-02,0.000000000000000000e+00,-1.431514236212421687e-01,-3.124085297663528049e-01,-1.036403637036927700e-01,-0.000000000000000000e+00,0.000000000000000000e+00,-0.000000000000000000e+00,-6.614462819640626323e-02,0.000000000000000000e+00,0.000000000000000000e+00,0.000000000000000000e+00,1.961824570868524020e+00,0.000000000000000000e+00,2.577100708784799479e-02,0.000000000000000000e+00,-4.788393436146726745e-01,-0.000000000000000000e+00,-0.000000000000000000e+00
0.000000000000000000e+00,0.000000000000000000e+00,-0.000000000000000000e+00,0.000000000000000000e+00,-3.288089735541506464e-02,0.000000000000000000e+00,0.000000000000000000e+00,-0.000000000000000000e+00,-2.685765562154637798e-01,-1.330613343691318118e-01,1.194626902162020665e-01,-2.299223405155017830e-01,0.000000000000000000e+00,0.000000000000000000e+00,0.000000000000000000e+00,-0.000000000000000000e+00,0.000000000000000000e+00,-0.000000000000000000e+00,-5.859786254516984316e-01,-0.000000000000000000e+00,-0.000000000000000000e+00,-0.000000000000000000e+00,0.000000000000000000e+00,1.806782034732158648e-02,0.000000000000000000e+00,0.000000000000000000e+00,-0.000000000000000000e+00,0.000000000000000000e+00,1.930983051285166049e-02,-9.733165213460955034e-02,-0.000000000000000000e+00,-0.000000000000000000e+00,0.000000000000000000e+00,1.640430305377171605e+00,-0.000000000000000000e+00,-1.913909161361359301e-01,0.000000000000000000e+00,0.000000000000000000e+00,0.000000000000000000e+00
2.117121145309664720e-01,1.113002803120552858e-01,0.000000000000000000e+00,-0.000000000000000000e+00,0.000000000000000000e+00,1.391002875726899679e-01,3.206535582650611449e-01,-0.000000000000000000e+00,-5.545749663855676498e-02,-0.000000000000000000e+00,1.313176122933095713e-01,-3.304355500805611912e-01,0.000000000000000000e+00,0.000000000000000000e+00,0.000000000000000000e+00,-0.000000000000000000e+00,0.000000000000000000e+00,0.000000000000000000e+00,-0.000000000000000000e+00,-0.000000000000000000e+00,-0.000000000000000000e+00,-0.000000000000000000e+00,1.409192260040995071e-01,4.492460233489440902e-01,0.000000000000000000e+00,2.656557935607188337e-01,-0.000000000000000000e+00,1.717413742614994632e-01,1.048346316459946997e-01,-1.756393731725979790e-01,-0.000000000000000000e+00,-0.000000000000000000e+00,2.577100708784799479e-02,-0.000000000000000000e+00,2.529550141888016856e+00,-0.000000000000000000e+00,0.000000000000000000e+00,0.000000000000000000e+00,0.000000000000000000e+00
0.000000000000000000e+00,0.000000000000000000e+00,-0.000000000000000000e+00,0.000000000000000000e+00,-3.016771635730855494e-02,0.000000000000000000e+00,0.000000000000000000e+00,-0.000000000000000000e+00,-2.608369389225648760e-01,-3.662197599932917047e-01,0.000000000000000000e+00,-0.000000000000000000e+00,0.000000000000000000e+00,-0.000000000000000000e+00,-0.000000000000000000e+00,-3.015244485214073622e-01,0.000000000000000000e+00,-0.000000000000000000e+00,-8.311196876623436897e-03,-0.000000000000000000e+00,-0.000000000000000000e+00,-0.000000000000000000e+00,0.000000000000000000e+00,0.000000000000000000e+00,0.000000000000000000e+00,0.000000000000000000e+00,-0.000000000000000000e+00,0.000000000000000000e+00,0.000000000000000000e+00,-1.733365842977183935e-01,-0.000000000000000000e+00,0.000000000000000000e+00,0.000000000000000000e+00,-1.913909161361359301e-01,-0.000000000000000000e+00,1.495770936455130595e+00,0.000000000000000000e+00,0.000000000000000000e+00,0.000000000000000000e+00
-1.480991644189635636e-01,-8.909560122773005353e-02,-0.000000000000000000e+00,0.000000000000000000e+00,-0.000000000000000000e+00,-0.000000000000000000e+00,-0.000000000000000000e+00,1.183441580589579822e-01,-0.000000000000000000e+00,0.000000000000000000e+00,-0.000000000000000000e+00,0.000000000000000000e+00,-0.000000000000000000e+00,0.000000000000000000e+00,-1.850289116931373157e-01,-0.000000000000000000e+00,-0.000000000000000000e+00,-1.431024181269703599e-02,-0.000000000000000000e+00,2.331226625091977478e-01,0.000000000000000000e+00,1.583021491014054496e-02,-0.000000000000000000e+00,-0.000000000000000000e+00,-1.271021932107159191e-01,-0.000000000000000000e+00,2.024551275979285248e-01,-1.006412821609153734e-02,-9.759352715684528612e-02,0.000000000000000000e+00,4.139938100241917496e-02,0.000000000000000000e+00,-4.788393436146726745e-01,0.000000000000000000e+00,0.000000000000000000e+00,0.000000000000000000e+00,1.813273107001031281e+00,-5.446449835940922468e-02,-0.000000000000000000e+00
-3.903246689259844415e-01,-3.751125203515001671e-02,0.000000000000000000e+00,0.000000000000000000e+00,-0.000000000000000000e+00,-0.000000000000000000e+00,-0.000000000000000000e+00,0.000000000000000000e+00,-0.000000000000000000e+00,0.000000000000000000e+00,-0.000000000000000000e+00,3.476398889682607574e-01,-0.000000000000000000e+00,-0.000000000000000000e+00,-2.607920492593268080e-01,-0.000000000000000000e+00,-3.905034156741971074e-02,-0.000000000000000000e+00,0.000000000000000000e+00,0.000000000000000000e+00,0.000000000000000000e+00,1.266929670470635649e-01,-1.879736397953490346e-01,-0.000000000000000000e+00,-2.698772622573855987e-02,-5.631184303355635939e-02,1.220013213700181509e-01,-1.246590678855325485e-01,-0.000000000000000000e+00,0.000000000000000000e+00,0.000000000000000000e+00,0.000000000000000000e+00,-0.000000000000000000e+00,0.000000000000000000e+00,0.000000000000000000e+00,0.000000000000000000e+00,-5.446449835940922468e-02,1.896010443795046463e+00,-0.000000000000000000e+00
-0.000000000000000000e+00,-4.233186815908117628e-01,-0.000000000000000000e+00,-0.000000000000000000e+00,-0.000000000000000000e+00,-0.000000000000000000e+00,-2.027334492124564513e-01,0.000000000000000000e+00,0.000000000000000000e+00,6.998894524796601957e-02,-0.000000000000000000e+00,0.000000000000000000e+00,-8.300047717133237843e-03,-0.000000000000000000e+00,-0.000000000000000000e+00,0.000000000000000000e+00,-0.000000000000000000e+00,0.000000000000000000e+00,5.298315612647860884e-02,0.000000000000000000e+00,6.104920538412864084e-02,0.000000000000000000e+00,-0.000000000000000000e+00,-0.000000000000000000e+00,-0.000000000000000000e+00,-0.000000000000000000e+00,0.000000000000000000e+00,-0.000000000000000000e+00,-0.000000000000000000e+00,3.804847925054642699e-02,3.385182397901162488e-01,0.000000000000000000e+00,-0.000000000000000000e+00,0.000000000000000000e+00,0.000000000000000000e+00,0.000000000000000000e+00,-0.000000000000000000e+00,-0.000000000000000000e+00,1.449993827010051417e+00
