1.826082858586054236e+00,0.000000000000000000e+00,-0.000000000000000000e+00,0.000000000000000000e+00,-4.338231509897778060e-01,-6.263807793371629906e-02,-9.973870219697508754e-02,0.000000000000000000e+00,-0.000000000000000000e+00,-0.000000000000000000e+00,-1.711122966572985529e-02,0.000000000000000000e+00,-0.000000000000000000e+00,-0.000000000000000000e+00,0.000000000000000000e+00,0.000000000000000000e+00,-1.723924072224329584e-01,0.000000000000000000e+00,3.803280148307375957e-02,0.000000000000000000e+00,-0.000000000000000000e+00,2.554300786226702900e-03,-7.505576763228598292e-02,-0.000000000000000000e+00,-7.739679539727979674e-02,-2.092487250649437136e-01,0.000000000000000000e+00,-0.000000000000000000e+00,-2.998878915118917687e-01,-0.000000000000000000e+00,-0.000000000000000000e+00,0.000000000000000000e+00,-0.000000000000000000e+00,0.000000000000000000e+00,-0.000000000000000000e+00,0.000000000000000000e+00,0.000000000000000000e+00,-4.495593627726907626e-01,-0.000000000000000000e+00
0.000000000000000000e+00,2.116733926391910270e+00,-0.000000000000000000e+00,-0.000000000000000000e+00,0.000000000000000000e+00,0.000000000000000000e+00,0.000000000000000000e+00,-5.018512000875931245e-02,0.000000000000000000e+00,-1.115618082270589950e-01,0.000000000000000000e+00,-3.396098549037818715e-01,4.576353372360019572e-02,-0.000000000000000000e+00,2.219391042310149276e-01,-1.513104343224841164e-01,0.000000000000000000e+00,-0.000000000000000000e+00,-0.000000000000000000e+00,-0.000000000000000000e+00,-0.000000000000000000e+00,-7.406742246635071580e-02,-0.000000000000000000e+00,0.000000000000000000e+00,0.000000000000000000e+00,1.858436640940053231e-01,-5.219351460998497005e-01,-0.000000000000000000e+00,1.357583323308819978e-01,0.000000000000000000e+00,-1.109585691205199065e-01,-1.357041944992055937e-01,0.000000000000000000e+00,-0.000000000000000000e+00,1.323899331085006403e-01,-0.000000000000000000e+00,-0.000000000000000000e+00,0.000000000000000000e+00,-4.244017014434274815e-01
-0.000000000000000000e+00,-0.000000000000000000e+00,2.642432190837683326e+00,-1.056527809366250154e-01,-0.000000000000000000e+00,0.000000000000000000e+00,0.000000000000000000e+00,3.922028783172898381e-01,-0.000000000000000000e+00,-0.000000000000000000e+00,-0.000000000000000000e+00,-0.000000000000000000e+00,1.614843376498295915e-02,-2.639794216886493655e-02,-0.000000000000000000e+00,-6.319746383973952331e-02,0.000000000000000000e+00,-7.710554262383164659e-01,-1.199824928470607649e-01,-0.000000000000000000e+00,-1.630519860160870305e-01,-0.000000000000000000e+00,0.000000000000000000e+00,-0.000000000000000000e+00,-0.000000000000000000e+00,-0.000000000000000000e+00,-4.135493166879779248e-02,-4.169001935269837644e-01,-0.000000000000000000e+00,-0.000000000000000000e+00,-4.763895959705674032e-01,-0.000000000000000000e+00,-0.000000000000000000e+00,-5.301087334602619938e-01,0.000000000000000000e+00,-0.000000000000000000e+00,-0.000000000000000000e+00,0.000000000000000000e+00,-0.000000000000000000e+00
0.000000000000000000e+00,-0.000000000000000000e+00,-1.056527809366250154e-01,1.280429425125771736e+00,0.000000000000000000e+00,0.000000000000000000e+00,-0.000000000000000000e+00,-0.000000000000000000e+00,0.000000000000000000e+00,-0.000000000000000000e+00,-0.000000000000000000e+00,-0.000000000000000000e+00,1.098437652461248804e-01,-0.000000000000000000e+00,0.000000000000000000e+00,-6.049818632670858620e-02,-0.000000000000000000e+00,-0.000000000000000000e+00,-0.000000000000000000e+00,-0.000000000000000000e+00,-2.900268192527479805e-01,-0.000000000000000000e+00,0.000000000000000000e+00,-0.000000000000000000e+00,0.000000000000000000e+00,-0.000000000000000000e+00,-2.425987413370844781e-01,-1.068520611943419296e-01,-0.000000000000000000e+00,-0.000000000000000000e+00,-1.659991921386228669e-02,-0.000000000000000000e+00,-0.000000000000000000e+00,0.000000000000000000e+00,0.000000000000000000e+00,-0.000000000000000000e+00,-0.000000000000000000e+00,-0.000000000000000000e+00,-0.000000000000000000e+00
-4.338231509897778060e-01,0.000000000000000000e+00,-0.000000000000000000e+00,0.000000000000000000e+00,1.578339320218012931e+00,-0.000000000000000000e+00,-0.000000000000000000e+00,2.210837192807389995e-01,-1.706646653401004687e-01,-1.414788938617253244e-01,-0.000000000000000000e+00,0.000000000000000000e+00,-0.000000000000000000e+00,-1.621606677722484124e-01,0.000000000000000000e+00,-0.000000000000000000e+00,-0.000000000000000000e+00,-1.226866935430963035e-01,0.000000000000000000e+00,0.000000000000000000e+00,0.000000000000000000e+00,0.000000000000000000e+00,-4.455712052119471106e-02,-0.000000000000000000e+00,-0.000000000000000000e+00,-0.000000000000000000e+00,0.000000000000000000e+00,-1.344504610073115891e-01,0.000000000000000000e+00,-0.000000000000000000e+00,-0.000000000000000000e+00,0.000000000000000000e+00,0.000000000000000000e+00,-2.096532610792607998e-01,0.000000000000000000e+00,-0.000000000000000000e+00,0.000000000000000000e+00,-0.000000000000000000e+00,-0.000000000000000000e+00
-6.263807793371629906e-02,0.000000000000000000e+00,0.000000000000000000e+00,0.000000000000000000e+00,-0.000000000000000000e+00,2.898167847194406122e+00,-0.000000000000000000e+00,0.000000000000000000e+00,-0.000000000000000000e+00,0.000000000000000000e+00,-0.000000000000000000e+00,3.340277462091222893e-01,-0.000000000000000000e+00,0.000000000000000000e+00,0.000000000000000000e+00,1.284944891977359560e-01,-5.863875204721551437e-01,0.000000000000000000e+00,2.888042544816608603e-01,0.000000000000000000e+00,0.000000000000000000e+00,0.000000000000000000e+00,-3.446708730679536870e-01,-0.000000000000000000e+00,-0.000000000000000000e+00,-0.000000000000000000e+00,3.083988508836473241e-01,0.000000000000000000e+00,-6.605475704111878066e-02,-0.000000000000000000e+00,-0.000000000000000000e+00,-0.000000000000000000e+00,-3.896183722314574549e-01,1.082114773398381614e-02,-6.952852358535638322e-01,0.000000000000000000e+00,-0.000000000000000000e+00,-1.438509884980273233e-02,0.000000000000000000e+00
-9.973870219697508754e-02,0.000000000000000000e+00,0.000000000000000000e+00,-0.000000000000000000e+00,-0.000000000000000000e+00,-0.000000000000000000e+00,1.732943937803643752e+00,0.000000000000000000e+00,0.000000000000000000e+00,0.000000000000000000e+00,-0.000000000000000000e+00,4.095821707095912423e-01,0.000000000000000000e+00,0.000000000000000000e+00,0.000000000000000000e+00,0.000000000000000000e+00,-2.154737364645215869e-01,0.000000000000000000e+00,9.422482286241383453e-02,1.112344125989732369e-01,0.000000000000000000e+00,2.698218691007185921e-01,-0.000000000000000000e+00,0.000000000000000000e+00,-0.000000000000000000e+00,-5.733864259932285740e-02,0.000000000000000000e+00,-0.000000000000000000e+00,-0.000000000000000000e+00,-1.468450778387474231e-01,-0.000000000000000000e+00,3.716394647282256214e-02,-0.000000000000000000e+00,0.000000000000000000e+00,-0.000000000000000000e+00,6.552260310729264570e-02,8.667710822926492920e-02,-0.000000000000000000e+00,-0.000000000000000000e+00
0.000000000000000000e+00,-5.018512000875931245e-02,3.922028783172898381e-01,-0.000000000000000000e+00,2.210837192807389995e-01,0.000000000000000000e+00,0.000000000000000000e+00,2.031725124789047765e+00,4.044985883257508075e-01,0.000000000000000000e+00,1.557057263430355609e-01,-0.000000000000000000e+00,-0.000000000000000000e+00,0.000000000000000000e+00,0.000000000000000000e+00,0.000000000000000000e+00,0.000000000000000000e+00,4.416420051814107794e-01,-0.000000000000000000e+00,-1.203197673500929071e-01,-0.000000000000000000e+00,-0.000000000000000000e+00,-0.000000000000000000e+00,0.000000000000000000e+00,8.271146787825231494e-02,4.961540374432983902e-01,-0.000000000000000000e+00,0.000000000000000000e+00,0.000000000000000000e+00,0.000000000000000000e+00,0.000000000000000000e+00,-0.000000000000000000e+00,0.000000000000000000e+00,3.030252340516870896e-02,0.000000000000000000e+00,0.000000000000000000e+00,-0.000000000000000000e+00,-0.000000000000000000e+00,0.000000000000000000e+00
-0.000000000000000000e+00,0.000000000000000000e+00,-0.000000000000000000e+00,0.000000000000000000e+00,-1.706646653401004687e-01,-0.000000000000000000e+00,0.000000000000000000e+00,4.044985883257508075e-01,1.605438214613035042e+00,-1.414267576877856203e-01,-0.000000000000000000e+00,0.000000000000000000e+00,-0.000000000000000000e+00,-0.000000000000000000e+00,-5.395798230797044931e-02,-0.000000000000000000e+00,-0.000000000000000000e+00,-1.289296028978051956e-01,-0.000000000000000000e+00,0.000000000000000000e+00,-0.000000000000000000e+00,0.000000000000000000e+00,-0.000000000000000000e+00,-2.175932005120699911e-02,-2.220369271356065766e-01,-0.000000000000000000e+00,0.000000000000000000e+00,0.000000000000000000e+00,-0.000000000000000000e+00,-3.081593670490325593e-02,-0.000000000000000000e+00,-0.000000000000000000e+00,-0.000000000000000000e+00,-2.052865082530569429e-01,-0.000000000000000000e+00,-2.485459043257944589e-01,-0.000000000000000000e+00,-0.000000000000000000e+00,-0.000000000000000000e+00
-0.000000000000000000e+00,-1.115618082270589950e-01,-0.000000000000000000e+00,-0.000000000000000000e+00,-1.414788938617253244e-01,0.000000000000000000e+00,0.000000000000000000e+00,0.000000000000000000e+00,-1.414267576877856203e-01,1.703423843339624488e+00,0.000000000000000000e+00,-0.000000000000000000e+00,0.000000000000000000e+00,-2.706018107790668717e-02,-0.000000000000000000e+00,-7.307002131442574822e-01,0.000000000000000000e+00,-4.517761574046313261e-02,-0.000000000000000000e+00,-0.000000000000000000e+00,-0.000000000000000000e+00,-0.000000000000000000e+00,-0.000000000000000000e+00,0.000000000000000000e+00,0.000000000000000000e+00,0.000000000000000000e+00,-0.000000000000000000e+00,-0.000000000000000000e+00,0.000000000000000000e+00,-0.000000000000000000e+00,-1.078233061599074699e-01,-0.000000000000000000e+00,-0.000000000000000000e+00,-1.065496990486063944e-01,0.000000000000000000e+00,-4.117807754663344727e-02,-0.000000000000000000e+00,-0.000000000000000000e+00,-1.787297087398804774e-01
-1.711122966572985529e-02,0.000000000000000000e+00,-0.000000000000000000e+00,-0.000000000000000000e+00,-0.000000000000000000e+00,-0.000000000000000000e+00,-0.000000000000000000e+00,1.557057263430355609e-01,-0.000000000000000000e+00,0.000000000000000000e+00,1.233390821035409646e+00,0.000000000000000000e+00,-0.000000000000000000e+00,-0.000000000000000000e+00,0.000000000000000000e+00,0.000000000000000000e+00,-3.056240812182765554e-01,-0.000000000000000000e+00,0.000000000000000000e+00,0.000000000000000000e+00,-0.000000000000000000e+00,0.000000000000000000e+00,0.000000000000000000e+00,-0.000000000000000000e+00,-1.411515230676586852e-01,-0.000000000000000000e+00,0.000000000000000000e+00,0.000000000000000000e+00,-2.722665130626556948e-02,-0.000000000000000000e+00,-2.343032240243493047e-01,0.000000000000000000e+00,-0.000000000000000000e+00,-0.000000000000000000e+00,-0.000000000000000000e+00,-0.000000000000000000e+00,0.000000000000000000e+00,-0.000000000000000000e+00,-0.000000000000000000e+00
0.000000000000000000e+00,-3.396098549037818715e-01,-0.000000000000000000e+00,-0.000000000000000000e+00,0.000000000000000000e+00,3.340277462091222893e-01,4.095821707095912423e-01,-0.000000000000000000e+00,0.000000000000000000e+00,-0.000000000000000000e+00,0.000000000000000000e+00,3.500230670766695251e+00,0.000000000000000000e+00,-0.000000000000000000e+00,-0.000000000000000000e+00,-6.231449099081698417e-02,7.254975992284332098e-02,-0.000000000000000000e+00,-7.453167210361931749e-01,-1.440177368008369041e-01,-0.000000000000000000e+00,-5.164118387651172037e-01,0.000000000000000000e+00,0.000000000000000000e+00,0.000000000000000000e+00,2.142860743392336308e-03,-8.701823766154060946e-01,-0.000000000000000000e+00,0.000000000000000000e+00,0.000000000000000000e+00,-0.000000000000000000e+00,-1.144251093332908503e-01,0.000000000000000000e+00,-0.000000000000000000e+00,1.688222974077648875e-01,-0.000000000000000000e+00,-0.000000000000000000e+00,0.000000000000000000e+00,-0.000000000000000000e+00
-0.000000000000000000e+00,4.576353372360019572e-02,1.614843376498295915e-02,1.098437652461248804e-01,-0.000000000000000000e+00,-0.000000000000000000e+00,0.000000000000000000e+00,-0.000000000000000000e+00,-0.000000000000000000e+00,0.000000000000000000e+00,-0.000000000000000000e+00,0.000000000000000000e+00,1.090500990693345829e+00,0.000000000000000000e+00,-0.000000000000000000e+00,6.289538818467885206e-02,-0.000000000000000000e+00,0.000000000000000000e+00,0.000000000000000000e+00,0.000000000000000000e+00,0.000000000000000000e+00,0.000000000000000000e+00,-0.000000000000000000e+00,-0.000000000000000000e+00,-0.000000000000000000e+00,0.000000000000000000e+00,6.936606043782139741e-02,0.000000000000000000e+00,-0.000000000000000000e+00,0.000000000000000000e+00,1.560175726528796603e-01,0.000000000000000000e+00,0.000000000000000000e+00,0.000000000000000000e+00,-0.000000000000000000e+00,0.000000000000000000e+00,0.000000000000000000e+00,-0.000000000000000000e+00,0.000000000000000000e+00
-0.000000000000000000e+00,-0.000000000000000000e+00,-2.639794216886493655e-02,-0.000000000000000000e+00,-1.621606677722484124e-01,0.000000000000000000e+00,0.000000000000000000e+00,0.000000000000000000e+00,-0.000000000000000000e+00,-2.706018107790668717e-02,-0.000000000000000000e+00,-0.000000000000000000e+00,0.000000000000000000e+00,1.258834033284650600e+00,0.000000000000000000e+00,-3.149061218786285837e-02,0.000000000000000000e+00,-0.000000000000000000e+00,-0.000000000000000000e+00,-0.000000000000000000e+00,-0.000000000000000000e+00,-0.000000000000000000e+00,-0.000000000000000000e+00,-2.376345774721634260e-02,-2.183215159349671253e-01,-0.000000000000000000e+00,-1.016545056118964147e-01,-0.000000000000000000e+00,0.000000000000000000e+00,0.000000000000000000e+00,-1.487846610264116354e-01,-0.000000000000000000e+00,0.000000000000000000e+00,-9.884968865937676652e-02,0.000000000000000000e+00,-7.481953542332101491e-03,-0.000000000000000000e+00,-0.000000000000000000e+00,-2.083075320660358332e-01
0.000000000000000000e+00,2.219391042310149276e-01,-0.000000000000000000e+00,0.000000000000000000e+00,0.000000000000000000e+00,0.000000000000000000e+00,0.000000000000000000e+00,0.000000000000000000e+00,-5.395798230797044931e-02,-0.000000000000000000e+00,0.000000000000000000e+00,-0.000000000000000000e+00,-0.000000000000000000e+00,0.000000000000000000e+00,1.134795366380620729e+00,-0.000000000000000000e+00,0.000000000000000000e+00,-0.000000000000000000e+00,-0.000000000000000000e+00,-2.135342936773562406e-01,-3.067000311329160650e-03,-0.000000000000000000e+00,7.056613443302544621e-03,-0.000000000000000000e+00,0.000000000000000000e+00,-2.966889539185303074e-03,0.000000000000000000e+00,-0.000000000000000000e+00,-0.000000000000000000e+00,-6.414995926911322421e-02,0.000000000000000000e+00,0.000000000000000000e+00,-0.000000000000000000e+00,-1.667185655388269405e-01,-0.000000000000000000e+00,-1.595137120816975396e-01,0.000000000000000000e+00,-0.000000000000000000e+00,5.318184540064464783e-02
0.000000000000000000e+00,-1.513104343224841164e-01,-6.319746383973952331e-02,-6.049818632670858620e-02,-0.000000000000000000e+00,1.284944891977359560e-01,0.000000000000000000e+00,0.000000000000000000e+00,-0.000000000000000000e+00,-7.307002131442574822e-01,0.000000000000000000e+00,-6.231449099081698417e-02,6.289538818467885206e-02,-3.149061218786285837e-02,-0.000000000000000000e+00,1.920777719563078856e+00,0.000000000000000000e+00,-0.000000000000000000e+00,-2.990334707223668564e-01,-0.000000000000000000e+00,-0.000000000000000000e+00,-2.128481728506149279e-02,0.000000000000000000e+00,0.000000000000000000e+00,0.000000000000000000e+00,0.000000000000000000e+00,-0.000000000000000000e+00,-1.193912455706551967e-01,0.000000000000000000e+00,-0.000000000000000000e+00,-0.000000000000000000e+00,-0.000000000000000000e+00,0.000000000000000000e+00,-1.826046021822485543e-01,4.494376057534962138e-02,-0.000000000000000000e+00,-0.000000000000000000e+00,0.000000000000000000e+00,-6.147016972011214858e-02
-1.723924072224329584e-01,0.000000000000000000e+00,0.000000000000000000e+00,-0.000000000000000000e+00,-0.000000000000000000e+00,-5.863875204721551437e-01,-2.154737364645215869e-01,0.000000000000000000e+00,-0.000000000000000000e+00,0.000000000000000000e+00,-3.056240812182765554e-01,7.254975992284332098e-02,-0.000000000000000000e+00,0.000000000000000000e+00,0.000000000000000000e+00,0.000000000000000000e+00,2.355369230461128449e+00,0.000000000000000000e+00,2.039626645896112089e-01,2.952798530937701393e-01,0.000000000000000000e+00,1.054503579235497035e-01,-0.000000000000000000e+00,-1.617460567474218180e-01,-4.152428842521731917e-02,-3.465396753052572137e-02,0.000000000000000000e+00,0.000000000000000000e+00,-2.622681224597295246e-01,-0.000000000000000000e+00,-0.000000000000000000e+00,0.000000000000000000e+00,-0.000000000000000000e+00,0.000000000000000000e+00,-3.600832802950577199e-02,0.000000000000000000e+00,0.000000000000000000e+00,-2.597939183718924183e-01,-0.000000000000000000e+00
0.000000000000000000e+00,-0.000000000000000000e+00,-7.710554262383164659e-01,-0.000000000000000000e+00,-1.226866935430963035e-01,0.000000000000000000e+00,0.000000000000000000e+00,4.416420051814107794e-01,-1.289296028978051956e-01,-4.517761574046313261e-02,-0.000000000000000000e+00,-0.000000000000000000e+00,0.000000000000000000e+00,-0.000000000000000000e+00,-0.000000000000000000e+00,-0.000000000000000000e+00,0.000000000000000000e+00,2.245291532812139668e+00,-1.973761279038792893e-01,-0.000000000000000000e+00,-0.000000000000000000e+00,-0.000000000000000000e+00,0.000000000000000000e+00,-0.000000000000000000e+00,0.000000000000000000e+00,-0.000000000000000000e+00,-0.000000000000000000e+00,-0.000000000000000000e+00,0.000000000000000000e+00,-0.000000000000000000e+00,-6.503912048974354321e-02,-0.000000000000000000e+00,0.000000000000000000e+00,-4.823321312662132709e-01,0.000000000000000000e+00,-0.000000000000000000e+00,-0.000000000000000000e+00,0.000000000000000000e+00,-0.000000000000000000e+00
3.803280148307375957e-02,-0.000000000000000000e+00,-1.199824928470607649e-01,-0.000000000000000000e+00,0.000000000000000000e+00,2.888042544816608603e-01,9.422482286241383453e-02,-0.000000000000000000e+00,-0.000000000000000000e+00,-0.000000000000000000e+00,0.000000000000000000e+00,-7.453167210361931749e-01,0.000000000000000000e+00,-0.000000000000000000e+00,-0.000000000000000000e+00,-2.990334707223668564e-01,2.039626645896112089e-01,-1.973761279038792893e-01,3.070567184594537924e+00,-3.531368982295793879e-01,-0.000000000000000000e+00,-5.360264268247417752e-01,0.000000000000000000e+00,0.000000000000000000e+00,0.000000000000000000e+00,0.000000000000000000e+00,-3.895623332192484911e-01,-0.000000000000000000e+00,0.000000000000000000e+00,0.000000000000000000e+00,-0.000000000000000000e+00,-0.000000000000000000e+00,0.000000000000000000e+00,-1.159062879027359105e-01,0.000000000000000000e+00,-1.034397241800692757e-01,-0.000000000000000000e+00,4.332840571316995404e-02,-0.000000000000000000e+00
0.000000000000000000e+00,-0.000000000000000000e+00,-0.000000000000000000e+00,-0.000000000000000000e+00,0.000000000000000000e+00,0.000000000000000000e+00,1.112344125989732369e-01,-1.203197673500929071e-01,0.000000000000000000e+00,-0.000000000000000000e+00,0.000000000000000000e+00,-1.440177368008369041e-01,0.000000000000000000e+00,-0.000000000000000000e+00,-2.135342936773562406e-01,-0.000000000000000000e+00,2.952798530937701393e-01,-0.000000000000000000e+00,-3.531368982295793879e-01,1.909685706579530295e+00,-1.519394982887749823e-01,-3.591508363389331882e-01,0.000000000000000000e+00,0.000000000000000000e+00,0.000000000000000000e+00,0.000000000000000000e+00,-1.203630082317519168e-01,-1.635767049253939245e-02,0.000000000000000000e+00,0.000000000000000000e+00,0.000000000000000000e+00,-0.000000000000000000e+00,0.000000000000000000e+00,-0.000000000000000000e+00,0.000000000000000000e+00,-0.000000000000000000e+00,-1.458746581134671150e-01,0.000000000000000000e+00,0.000000000000000000e+00
-0.000000000000000000e+00,-0.000000000000000000e+00,-1.630519860160870305e-01,-2.900268192527479805e-01,0.000000000000000000e+00,0.000000000000000000e+00,0.000000000000000000e+00,-0.000000000000000000e+00,-0.000000000000000000e+00,-0.000000000000000000e+00,-0.000000000000000000e+00,-0.000000000000000000e+00,0.000000000000000000e+00,-0.000000000000000000e+00,-3.067000311329160650e-03,-0.000000000000000000e+00,0.000000000000000000e+00,-0.000000000000000000e+00,-0.000000000000000000e+00,-1.519394982887749823e-01,1.488260220627583008e+00,-1.536820588485555694e-01,0.000000000000000000e+00,-1.405627647230845712e-01,0.000000000000000000e+00,-4.338621958028771042e-02,-5.576374544068238293e-02,-0.000000000000000000e+00,-1.300763219885681110e-01,-0.000000000000000000e+00,-6.186735955825602151e-02,-3.519318849225235718e-02,-1.536855330903263706e-01,0.000000000000000000e+00,-0.000000000000000000e+00,-0.000000000000000000e+00,-3.138100207668747532e-01,0.000000000000000000e+00,0.000000000000000000e+00
2.554300786226702900e-03,-7.406742246635071580e-02,-0.000000000000000000e+00,-0.000000000000000000e+00,0.000000000000000000e+00,0.000000000000000000e+00,2.698218691007185921e-01,-0.000000000000000000e+00,0.000000000000000000e+00,-0.000000000000000000e+00,0.000000000000000000e+00,-5.164118387651172037e-01,0.000000000000000000e+00,-0.000000000000000000e+00,-0.000000000000000000e+00,-2.128481728506149279e-02,1.054503579235497035e-01,-0.000000000000000000e+00,-5.360264268247417752e-01,-3.591508363389331882e-01,-1.536820588485555694e-01,2.785488364484310697e+00,0.000000000000000000e+00,0.000000000000000000e+00,2.157711023801259509e-01,0.000000000000000000e+00,-3.939561003178955190e-01,-0.000000000000000000e+00,0.000000000000000000e+00,0.000000000000000000e+00,-0.000000000000000000e+00,-9.216768596481525466e-02,0.000000000000000000e+00,-0.000000000000000000e+00,0.000000000000000000e+00,-0.000000000000000000e+00,-2.936173142745303055e-01,9.893981061567400093e-02,-0.000000000000000000e+00
-7.505576763228598292e-02,-0.000000000000000000e+00,0.000000000000000000e+00,0.000000000000000000e+00,-4.455712052119471106e-02,-3.446708730679536870e-01,-0.000000000000000000e+00,-0.000000000000000000e+00,-0.000000000000000000e+00,-0.000000000000000000e+00,0.000000000000000000e+00,0.000000000000000000e+00,-0.000000000000000000e+00,-0.000000000000000000e+00,7.056613443302544621e-03,0.000000000000000000e+00,-0.000000000000000000e+00,0.000000000000000000e+00,0.000000000000000000e+00,0.000000000000000000e+00,0.000000000000000000e+00,0.000000000000000000e+00,1.356314034835991666e+00,-1.409207953740077846e-01,-8.266423662403062089e-02,-0.000000000000000000e+00,0.000000000000000000e+00,0.000000000000000000e+00,-0.000000000000000000e+00,-0.000000000000000000e+00,-0.000000000000000000e+00,-3.243782633274728405e-02,-7.289863988697772856e-02,0.000000000000000000e+00,-1.282189360073431872e-01,-0.000000000000000000e+00,-0.000000000000000000e+00,-1.205484792542460409e-01,-0.000000000000000000e+00
-0.000000000000000000e+00,0.000000000000000000e+00,-0.000000000000000000e+00,-0.000000000000000000e+00,-0.000000000000000000e+00,-0.000000000000000000e+00,0.000000000000000000e+00,0.000000000000000000e+00,-2.175932005120699911e-02,0.000000000000000000e+00,-0.000000000000000000e+00,0.000000000000000000e+00,-0.000000000000000000e+00,-2.376345774721634260e-02,-0.000000000000000000e+00,0.000000000000000000e+00,-1.617460567474218180e-01,-0.000000000000000000e+00,0.000000000000000000e+00,0.000000000000000000e+00,-1.405627647230845712e-01,0.000000000000000000e+00,-1.409207953740077846e-01,1.436504056419623421e+00,-3.428864742900413626e-02,-9.317107142654443286e-02,-0.000000000000000000e+00,-0.000000000000000000e+00,-2.341849601774866896e-01,-0.000000000000000000e+00,-0.000000000000000000e+00,-1.461897938373252492e-01,-0.000000000000000000e+00,0.000000000000000000e+00,-2.970741337176460717e-01,-0.000000000000000000e+00,-1.592377226839808146e-01,-0.000000000000000000e+00,0.000000000000000000e+00
-7.739679539727979674e-02,0.000000000000000000e+00,-0.000000000000000000e+00,0.000000000000000000e+00,-0.000000000000000000e+00,-0.000000000000000000e+00,-0.000000000000000000e+00,8.271146787825231494e-02,-2.220369271356065766e-01,0.000000000000000000e+00,-1.411515230676586852e-01,0.000000000000000000e+00,-0.000000000000000000e+00,-2.183215159349671253e-01,0.000000000000000000e+00,0.000000000000000000e+00,-4.152428842521731917e-02,0.000000000000000000e+00,0.000000000000000000e+00,0.000000000000000000e+00,0.000000000000000000e+00,2.157711023801259509e-01,-8.266423662403062089e-02,-3.428864742900413626e-02,1.504803258705616376e+00,-4.165029446253829537e-01,0.000000000000000000e+00,0.000000000000000000e+00,-0.000000000000000000e+00,-0.000000000000000000e+00,-0.000000000000000000e+00,0.000000000000000000e+00,0.000000000000000000e+00,0.000000000000000000e+00,-0.000000000000000000e+00,-0.000000000000000000e+00,0.000000000000000000e+00,-0.000000000000000000e+00,-0.000000000000000000e+00
-2.092487250649437136e-01,1.858436640940053231e-01,-0.000000000000000000e+00,-0.000000000000000000e+00,-0.000000000000000000e+00,-0.000000000000000000e+00,-5.733864259932285740e-02,4.961540374432983902e-01,-0.000000000000000000e+00,0.000000000000000000e+00,-0.000000000000000000e+00,2.142860743392336308e-03,0.000000000000000000e+00,-0.000000000000000000e+00,-2.966889539185303074e-03,0.000000000000000000e+00,-3.465396753052572137e-02,-0.000000000000000000e+00,0.000000000000000000e+00,0.000000000000000000e+00,-4.338621958028771042e-02,0.000000000000000000e+00,-0.000000000000000000e+00,-9.317107142654443286e-02,-4.165029446253829537e-01,2.276202844732536423e+00,0.000000000000000000e+00,-0.000000000000000000e+00,-7.363504442733858069e-01,-2.848682250266865168e-01,-0.000000000000000000e+00,0.000000000000000000e+00,-0.000000000000000000e+00,0.000000000000000000e+00,-8.626891921321391821e-02,-0.000000000000000000e+00,0.000000000000000000e+00,-0.000000000000000000e+00,0.000000000000000000e+00
0.000000000000000000e+00,-5.219351460998497005e-01,-4.135493166879779248e-02,-2.425987413370844781e-01,0.000000000000000000e+00,3.083988508836473241e-01,0.000000000000000000e+00,-0.000000000000000000e+00,0.000000000000000000e+00,-0.000000000000000000e+00,0.000000000000000000e+00,-8.701823766154060946e-01,6.936606043782139741e-02,-1.016545056118964147e-01,0.000000000000000000e+00,-0.000000000000000000e+00,0.000000000000000000e+00,-0.000000000000000000e+00,-3.895623332192484911e-01,-1.203630082317519168e-01,-5.576374544068238293e-02,-3.939561003178955190e-01,0.000000000000000000e+00,-0.000000000000000000e+00,0.000000000000000000e+00,0.000000000000000000e+00,3.012856794131878235e+00,-0.000000000000000000e+00,0.000000000000000000e+00,1.762259881761171765e-02,-0.000000000000000000e+00,-1.826508852196408184e-01,0.000000000000000000e+00,-0.000000000000000000e+00,0.000000000000000000e+00,-0.000000000000000000e+00,-6.948490588332534301e-02,0.000000000000000000e+00,-0.000000000000000000e+00
-0.000000000000000000e+00,-0.000000000000000000e+00,-4.169001935269837644e-01,-1.068520611943419296e-01,-1.344504610073115891e-01,0.000000000000000000e+00,-0.000000000000000000e+00,0.000000000000000000e+00,0.000000000000000000e+00,-0.000000000000000000e+00,0.000000000000000000e+00,-0.000000000000000000e+00,0.000000000000000000e+00,-0.000000000000000000e+00,-0.000000000000000000e+00,-1.193912455706551967e-01,0.000000000000000000e+00,-0.000000000000000000e+00,-0.000000000000000000e+00,-1.635767049253939245e-02,-0.000000000000000000e+00,-0.000000000000000000e+00,0.000000000000000000e+00,-0.000000000000000000e+00,0.000000000000000000e+00,-0.000000000000000000e+00,-0.000000000000000000e+00,1.306346753221891532e+00,0.000000000000000000e+00,-0.000000000000000000e+00,-0.000000000000000000e+00,-0.000000000000000000e+00,0.000000000000000000e+00,-3.573426671430696838e-02,0.000000000000000000e+00,-0.000000000000000000e+00,-5.361390728833891062e-02,0.000000000000000000e+00,-0.000000000000000000e+00
-2.998878915118917687e-01,1.357583323308819978e-01,-0.000000000000000000e+00,-0.000000000000000000e+00,0.000000000000000000e+00,-6.605475704111878066e-02,-0.000000000000000000e+00,0.000000000000000000e+00,-0.000000000000000000e+00,0.000000000000000000e+00,-2.722665130626556948e-02,0.000000000000000000e+00,-0.000000000000000000e+00,0.000000000000000000e+00,-0.000000000000000000e+00,0.000000000000000000e+00,-2.622681224597295246e-01,0.000000000000000000e+00,0.000000000000000000e+00,0.000000000000000000e+00,-1.300763219885681110e-01,0.000000000000000000e+00,-0.000000000000000000e+00,-2.341849601774866896e-01,-0.000000000000000000e+00,-7.363504442733858069e-01,0.000000000000000000e+00,0.000000000000000000e+00,2.595103695992134085e+00,-0.000000000000000000e+00,-0.000000000000000000e+00,-0.000000000000000000e+00,-3.065573353418594715e-01,0.000000000000000000e+00,-6.906243467396627755e-01,0.000000000000000000e+00,-0.000000000000000000e+00,-0.000000000000000000e+00,0.000000000000000000e+00
-0.000000000000000000e+00,0.000000000000000000e+00,-0.000000000000000000e+00,-0.000000000000000000e+00,-0.000000000000000000e+00,-0.000000000000000000e+00,-1.468450778387474231e-01,0.000000000000000000e+00,-3.081593670490325593e-02,-0.000000000000000000e+00,-0.000000000000000000e+00,0.000000000000000000e+00,0.000000000000000000e+00,0.000000000000000000e+00,-6.414995926911322421e-02,-0.000000000000000000e+00,-0.000000000000000000e+00,-0.000000000000000000e+00,0.000000000000000000e+00,0.000000000000000000e+00,-0.000000000000000000e+00,0.000000000000000000e+00,-0.000000000000000000e+00,-0.000000000000000000e+00,-0.000000000000000000e+00,-2.848682250266865168e-01,1.762259881761171765e-02,-0.000000000000000000e+00,-0.000000000000000000e+00,1.331194255893903833e+00,-0.000000000000000000e+00,0.000000000000000000e+00,-2.913391302120519888e-01,0.000000000000000000e+00,-0.000000000000000000e+00,-5.391195316974349561e-02,0.000000000000000000e+00,-1.723677647957027603e-01,0.000000000000000000e+00
-0.000000000000000000e+00,-1.109585691205199065e-01,-4.763895959705674032e-01,-1.659991921386228669e-02,-0.000000000000000000e+00,-0.000000000000000000e+00,-0.000000000000000000e+00,0.000000000000000000e+00,-0.000000000000000000e+00,-1.078233061599074699e-01,-2.343032240243493047e-01,-0.000000000000000000e+00,1.560175726528796603e-01,-1.487846610264116354e-01,0.000000000000000000e+00,-0.000000000000000000e+00,-0.000000000000000000e+00,-6.503912048974354321e-02,-0.000000000000000000e+00,0.000000000000000000e+00,-6.186735955825602151e-02,-0.000000000000000000e+00,-0.000000000000000000e+00,-0.000000000000000000e+00,-0.000000000000000000e+00,-0.000000000000000000e+00,-0.000000000000000000e+00,-0.000000000000000000e+00,-0.000000000000000000e+00,-0.000000000000000000e+00,1.606993772424669453e+00,-3.078712767695395147e-01,-0.000000000000000000e+00,-0.000000000000000000e+00,-0.000000000000000000e+00,-0.000000000000000000e+00,-0.000000000000000000e+00,-0.000000000000000000e+00,-2.539227882434880179e-02
0.000000000000000000e+00,-1.357041944992055937e-01,-0.000000000000000000e+00,-0.000000000000000000e+00,0.000000000000000000e+00,-0.000000000000000000e+00,3.716394647282256214e-02,-0.000000000000000000e+00,-0.000000000000000000e+00,-0.000000000000000000e+00,0.000000000000000000e+00,-1.144251093332908503e-01,0.000000000000000000e+00,-0.000000000000000000e+00,0.000000000000000000e+00,-0.000000000000000000e+00,0.000000000000000000e+00,-0.000000000000000000e+00,-0.000000000000000000e+00,-0.000000000000000000e+00,-3.519318849225235718e-02,-9.216768596481525466e-02,-3.243782633274728405e-02,-1.461897938373252492e-01,0.000000000000000000e+00,0.000000000000000000e+00,-1.826508852196408184e-01,-0.000000000000000000e+00,-0.000000000000000000e+00,0.000000000000000000e+00,-3.078712767695395147e-01,2.427777694558161947e+00,-0.000000000000000000e+00,-0.000000000000000000e+00,-0.000000000000000000e+00,-3.617115009312719259e-02,-1.396902735786849536e+00,0.000000000000000000e+00,-0.000000000000000000e+00
-0.000000000000000000e+00,0.000000000000000000e+00,-0.000000000000000000e+00,-0.000000000000000000e+00,0.000000000000000000e+00,-3.896183722314574549e-01,-0.000000000000000000e+00,0.000000000000000000e+00,-0.000000000000000000e+00,-0.000000000000000000e+00,-0.000000000000000000e+00,0.000000000000000000e+00,0.000000000000000000e+00,0.000000000000000000e+00,-0.000000000000000000e+00,0.000000000000000000e+00,-0.000000000000000000e+00,0.000000000000000000e+00,0.000000000000000000e+00,0.000000000000000000e+00,-1.536855330903263706e-01,0.000000000000000000e+00,-7.289863988697772856e-02,-0.000000000000000000e+00,0.000000000000000000e+00,-0.000000000000000000e+00,0.000000000000000000e+00,0.000000000000000000e+00,-3.065573353418594715e-01,-2.913391302120519888e-01,-0.000000000000000000e+00,-0.000000000000000000e+00,1.938684759635594501e+00,0.000000000000000000e+00,-6.369948328100553114e-01,-0.000000000000000000e+00,-5.006345941807913147e-02,-0.000000000000000000e+00,0.000000000000000000e+00
0.000000000000000000e+00,-0.000000000000000000e+00,-5.301087334602619938e-01,0.000000000000000000e+00,-2.096532610792607998e-01,1.082114773398381614e-02,0.000000000000000000e+00,3.030252340516870896e-02,-2.052865082530569429e-01,-1.065496990486063944e-01,-0.000000000000000000e+00,-0.000000000000000000e+00,0.000000000000000000e+00,-9.884968865937676652e-02,-1.667185655388269405e-01,-1.826046021822485543e-01,0.000000000000000000e+00,-4.823321312662132709e-01,-1.159062879027359105e-01,-0.000000000000000000e+00,0.000000000000000000e+00,-0.000000000000000000e+00,0.000000000000000000e+00,0.000000000000000000e+00,0.000000000000000000e+00,0.000000000000000000e+00,-0.000000000000000000e+00,-3.573426671430696838e-02,0.000000000000000000e+00,0.000000000000000000e+00,-0.000000000000000000e+00,-0.000000000000000000e+00,0.000000000000000000e+00,2.080207427935712339e+00,1.243165772412052339e-01,-1.044305025108142326e-01,-0.000000000000000000e+00,0.000000000000000000e+00,-0.000000000000000000e+00
-0.000000000000000000e+00,1.323899331085006403e-01,0.000000000000000000e+00,0.000000000000000000e+00,0.000000000000000000e+00,-6.952852358535638322e-01,-0.000000000000000000e+00,0.000000000000000000e+00,-0.000000000000000000e+00,0.000000000000000000e+00,-0.000000000000000000e+00,1.688222974077648875e-01,-0.000000000000000000e+00,0.000000000000000000e+00,-0.000000000000000000e+00,4.494376057534962138e-02,-3.600832802950577199e-02,0.000000000000000000e+00,0.000000000000000000e+00,0.000000000000000000e+00,-0.000000000000000000e+00,0.000000000000000000e+00,-1.282189360073431872e-01,-2.970741337176460717e-01,-0.000000000000000000e+00,-8.626891921321391821e-02,0.000000000000000000e+00,0.000000000000000000e+00,-6.906243467396627755e-01,-0.000000000000000000e+00,-0.000000000000000000e+00,-0.000000000000000000e+00,-6.369948328100553114e-01,1.243165772412052339e-01,2.748832297171156736e+00,0.000000000000000000e+00,-0.000000000000000000e+00,-0.000000000000000000e+00,1.666364035280775563e-02
0.000000000000000000e+00,-0.000000000000000000e+00,-0.000000000000000000e+00,-0.000000000000000000e+00,-0.000000000000000000e+00,0.000000000000000000e+00,6.552260310729264570e-02,0.000000000000000000e+00,-2.485459043257944589e-01,-4.117807754663344727e-02,-0.000000000000000000e+00,-0.000000000000000000e+00,0.000000000000000000e+00,-7.481953542332101491e-03,-1.595137120816975396e-01,-0.000000000000000000e+00,0.000000000000000000e+00,-0.000000000000000000e+00,-1.034397241800692757e-01,-0.000000000000000000e+00,-0.000000000000000000e+00,-0.000000000000000000e+00,-0.000000000000000000e+00,-0.000000000000000000e+00,-0.000000000000000000e+00,-0.000000000000000000e+00,-0.000000000000000000e+00,-0.000000000000000000e+00,0.000000000000000000e+00,-5.391195316974349561e-02,-0.000000000000000000e+00,-3.617115009312719259e-02,-0.000000000000000000e+00,-1.044305025108142326e-01,0.000000000000000000e+00,1.200332780268819288e+00,-5.719445275594130240e-02,-0.000000000000000000e+00,-1.377716931648496901e-02
0.000000000000000000e+00,-0.000000000000000000e+00,-0.000000000000000000e+00,-0.000000000000000000e+00,0.000000000000000000e+00,-0.000000000000000000e+00,8.667710822926492920e-02,-0.000000000000000000e+00,-0.000000000000000000e+00,-0.000000000000000000e+00,0.000000000000000000e+00,-0.000000000000000000e+00,0.000000000000000000e+00,-0.000000000000000000e+00,0.000000000000000000e+00,-0.000000000000000000e+00,0.000000000000000000e+00,-0.000000000000000000e+00,-0.000000000000000000e+00,-1.458746581134671150e-01,-3.138100207668747532e-01,-2.936173142745303055e-01,-0.000000000000000000e+00,-1.592377226839808146e-01,0.000000000000000000e+00,0.000000000000000000e+00,-6.948490588332534301e-02,-5.361390728833891062e-02,-0.000000000000000000e+00,0.000000000000000000e+00,-0.000000000000000000e+00,-1.396902735786849536e+00,-5.006345941807913147e-02,-0.000000000000000000e+00,-0.000000000000000000e+00,-5.719445275594130240e-02,2.466290235152268195e+00,0.000000000000000000e+00,-0.000000000000000000e+00
-4.495593627726907626e-01,0.000000000000000000e+00,0.000000000000000000e+00,-0.000000000000000000e+00,-0.000000000000000000e+00,-1.438509884980273233e-02,-0.000000000000000000e+00,-0.000000000000000000e+00,-0.000000000000000000e+00,-0.000000000000000000e+00,-0.000000000000000000e+00,0.000000000000000000e+00,-0.000000000000000000e+00,-0.000000000000000000e+00,-0.000000000000000000e+00,0.000000000000000000e+00,-2.597939183718924183e-01,0.000000000000000000e+00,4.332840571316995404e-02,0.000000000000000000e+00,0.000000000000000000e+00,9.893981061567400093e-02,-1.205484792542460409e-01,-0.000000000000000000e+00,-0.000000000000000000e+00,-0.000000000000000000e+00,0.000000000000000000e+00,0.000000000000000000e+00,-0.000000000000000000e+00,-1.723677647957027603e-01,-0.000000000000000000e+00,0.000000000000000000e+00,-0.000000000000000000e+00,0.000000000000000000e+00,-0.000000000000000000e+00,-0.000000000000000000e+00,0.000000000000000000e+00,1.482806957179862106e+00,-2.435221409593020525e-01
-0.000000000000000000e+00,-4.244017014434274815e-01,-0.000000000000000000e+00,-0.000000000000000000e+00,-0.000000000000000000e+00,0.000000000000000000e+00,-0.000000000000000000e+00,0.000000000000000000e+00,-0.000000000000000000e+00,-1.787297087398804774e-01,-0.000000000000000000e+00,-0.000000000000000000e+00,0.000000000000000000e+00,-2.083075320660358332e-01,5.318184540064464783e-02,-6.147016972011214858e-02,-0.000000000000000000e+00,-0.000000000000000000e+00,-0.000000000000000000e+00,0.000000000000000000e+00,0.000000000000000000e+00,-0.000000000000000000e+00,-0.000000000000000000e+00,0.000000000000000000e+00,-0.000000000000000000e+00,0.000000000000000000e+00,-0.000000000000000000e+00,-0.000000000000000000e+00,0.000000000000000000e+00,0.000000000000000000e+00,-2.539227882434880179e-02,-0.000000000000000000e+00,0.000000000000000000e+00,-0.000000000000000000e+00,1.666364035280775563e-02,-1.377716931648496901e-02,-0.000000000000000000e+00,-2.435221409593020525e-01,1.334963657174762064e+00
