2.303471578897934968e+00,-8.095804782253183118e-01,-0.000000000000000000e+00,0.000000000000000000e+00,-0.000000000000000000e+00,-0.000000000000000000e+00,0.000000000000000000e+00,0.000000000000000000e+00,-0.000000000000000000e+00,-2.719554453447654563e-01,-0.000000000000000000e+00,0.000000000000000000e+00,0.000000000000000000e+00,-0.000000000000000000e+00,0.000000000000000000e+00,-0.000000000000000000e+00,-1.528790586763748016e-01,-0.000000000000000000e+00,0.000000000000000000e+00,0.000000000000000000e+00,-0.000000000000000000e+00,-0.000000000000000000e+00,-0.000000000000000000e+00,-0.000000000000000000e+00,-0.000000000000000000e+00,-4.300773954893832851e-01,-0.000000000000000000e+00,-0.000000000000000000e+00,-1.405713647048385806e-01,-1.894659230231542091e-01,-0.000000000000000000e+00,-1.603271360374160237e-01,-0.000000000000000000e+00,-0.000000000000000000e+00,-0.000000000000000000e+00,-0.000000000000000000e+00,-1.674549438822546810e-01,-0.000000000000000000e+00,-0.000000000000000000e+00
-8.095804782253183118e-01,2.114692489816327736e+00,-0.000000000000000000e+00,0.000000000000000000e+00,-0.000000000000000000e+00,-0.000000000000000000e+00,0.000000000000000000e+00,0.000000000000000000e+00,-0.000000000000000000e+00,-2.839445197114843222e-01,-0.000000000000000000e+00,0.000000000000000000e+00,0.000000000000000000e+00,-0.000000000000000000e+00,0.000000000000000000e+00,-1.222353406972893630e-01,-0.000000000000000000e+00,-0.000000000000000000e+00,0.000000000000000000e+00,0.000000000000000000e+00,-0.000000000000000000e+00,-0.000000000000000000e+00,-0.000000000000000000e+00,-0.000000000000000000e+00,-0.000000000000000000e+00,-0.000000000000000000e+00,0.000000000000000000e+00,0.000000000000000000e+00,-2.998083776746645127e-02,-1.625447833857442959e-01,-0.000000000000000000e+00,-2.442845846687937139e-01,0.000000000000000000e+00,-0.000000000000000000e+00,-0.000000000000000000e+00,-1.685376576726760056e-01,-1.271423661955279893e-01,0.000000000000000000e+00,-0.000000000000000000e+00
-0.000000000000000000e+00,-0.000000000000000000e+00,3.273640380572315767e+00,-0.000000000000000000e+00,-2.821358510444954559e-01,-0.000000000000000000e+00,-0.000000000000000000e+00,1.297818063851349901e+00,-0.000000000000000000e+00,-0.000000000000000000e+00,-3.202801019807471894e-02,-7.444095171064732397e-02,-0.000000000000000000e+00,-0.000000000000000000e+00,-0.000000000000000000e+00,-4.055012682642318844e-01,0.000000000000000000e+00,0.000000000000000000e+00,-0.000000000000000000e+00,-0.000000000000000000e+00,-4.294465985188709589e-01,-0.000000000000000000e+00,-3.468335830037455048e-01,-0.000000000000000000e+00,-0.000000000000000000e+00,-0.000000000000000000e+00,-0.000000000000000000e+00,-0.000000000000000000e+00,-0.000000000000000000e+00,-0.000000000000000000e+00,-2.621851178553327166e-01,-0.000000000000000000e+00,-4.370602608042804121e-02,-3.033768128300434741e-01,-0.000000000000000000e+00,-0.000000000000000000e+00,0.000000000000000000e+00,0.000000000000000000e+00,-3.322833242585872260e-02
0.000000000000000000e+00,0.000000000000000000e+00,-0.000000000000000000e+00,1.376671784895727724e+00,0.000000000000000000e+00,-1.139808090801466417e-01,-3.568216415682786136e-01,0.000000000000000000e+00,0.000000000000000000e+00,0.000000000000000000e+00,-0.000000000000000000e+00,-1.563468392193207435e-01,0.000000000000000000e+00,0.000000000000000000e+00,-0.000000000000000000e+00,-0.000000000000000000e+00,-0.000000000000000000e+00,-8.230369540843671464e-03,-1.693711940603468691e-01,-0.000000000000000000e+00,-0.000000000000000000e+00,-1.645243999321087947e-01,-0.000000000000000000e+00,-0.000000000000000000e+00,0.000000000000000000e+00,0.000000000000000000e+00,-0.000000000000000000e+00,0.000000000000000000e+00,0.000000000000000000e+00,0.000000000000000000e+00,-0.000000000000000000e+00,0.000000000000000000e+00,-0.000000000000000000e+00,-0.000000000000000000e+00,-0.000000000000000000e+00,-0.000000000000000000e+00,0.000000000000000000e+00,-0.000000000000000000e+00,-0.000000000000000000e+00
-0.000000000000000000e+00,-0.000000000000000000e+00,-2.821358510444954559e-01,0.000000000000000000e+00,2.154761295602375171e+00,-0.000000000000000000e+00,0.000000000000000000e+00,3.856303117315340034e-01,-2.498107739930959803e-01,-1.650778172908651600e-02,-5.104561023173308232e-02,-0.000000000000000000e+00,-0.000000000000000000e+00,-5.252914874168996828e-01,0.000000000000000000e+00,-4.316161908187289564e-02,-0.000000000000000000e+00,-0.000000000000000000e+00,0.000000000000000000e+00,0.000000000000000000e+00,-0.000000000000000000e+00,-0.000000000000000000e+00,-0.000000000000000000e+00,-0.000000000000000000e+00,-0.000000000000000000e+00,-8.711425099828405683e-02,-0.000000000000000000e+00,-0.000000000000000000e+00,-0.000000000000000000e+00,-2.184847287137120231e-01,-0.000000000000000000e+00,-2.373932636154574283e-02,-9.964668153612459001e-02,-5.061472860597063944e-02,-0.000000000000000000e+00,-0.000000000000000000e+00,-0.000000000000000000e+00,-0.000000000000000000e+00,-0.000000000000000000e+00
-0.000000000000000000e+00,-0.000000000000000000e+00,-0.000000000000000000e+00,-1.139808090801466417e-01,-0.000000000000000000e+00,1.401125862436338521e+00,-1.220944731571706882e-01,-0.000000000000000000e+00,-0.000000000000000000e+00,0.000000000000000000e+00,-8.420454857443393504e-02,-3.868439647391535337e-03,0.000000000000000000e+00,-0.000000000000000000e+00,-0.000000000000000000e+00,-0.000000000000000000e+00,-0.000000000000000000e+00,-2.355934062822887254e-01,-1.005091414563489688e-01,-0.000000000000000000e+00,0.000000000000000000e+00,-0.000000000000000000e+00,-0.000000000000000000e+00,0.000000000000000000e+00,-0.000000000000000000e+00,-0.000000000000000000e+00,-2.927190874254829295e-02,-0.000000000000000000e+00,-0.000000000000000000e+00,0.000000000000000000e+00,0.000000000000000000e+00,-0.000000000000000000e+00,-0.000000000000000000e+00,-0.000000000000000000e+00,-2.225637238557025277e-01,-1.916831265513266325e-01,-0.000000000000000000e+00,-0.000000000000000000e+00,-2.077920776761566640e-02
0.000000000000000000e+00,0.000000000000000000e+00,-0.000000000000000000e+00,-3.568216415682786136e-01,0.000000000000000000e+00,-1.220944731571706882e-01,2.212493791780440588e+00,0.000000000000000000e+00,0.000000000000000000e+00,0.000000000000000000e+00,-0.000000000000000000e+00,-4.364076016391316148e-01,0.000000000000000000e+00,0.000000000000000000e+00,-4.931620349458453734e-01,-0.000000000000000000e+00,0.000000000000000000e+00,-0.000000000000000000e+00,-3.166205100453378662e-01,-3.699906928279330653e-01,-0.000000000000000000e+00,-2.000477691387519616e-02,-0.000000000000000000e+00,0.000000000000000000e+00,-0.000000000000000000e+00,0.000000000000000000e+00,-0.000000000000000000e+00,-0.000000000000000000e+00,0.000000000000000000e+00,0.000000000000000000e+00,-1.132664780655348452e-01,0.000000000000000000e+00,-0.000000000000000000e+00,-1.278265942127652932e-01,-0.000000000000000000e+00,-0.000000000000000000e+00,0.000000000000000000e+00,-0.000000000000000000e+00,-2.100998178058030921e-02
0.000000000000000000e+00,0.000000000000000000e+00,1.297818063851349901e+00,0.000000000000000000e+00,3.856303117315340034e-01,-0.000000000000000000e+00,0.000000000000000000e+00,2.867771377153695678e+00,1.433728762934057821e-01,2.827769015707472938e-02,0.000000000000000000e+00,0.000000000000000000e+00,0.000000000000000000e+00,1.346137670112306228e-01,0.000000000000000000e+00,2.647661610746517846e-01,-0.000000000000000000e+00,-0.000000000000000000e+00,-0.000000000000000000e+00,-0.000000000000000000e+00,4.128356175948152407e-01,0.000000000000000000e+00,4.834637631495562055e-02,9.318662591959842034e-02,0.000000000000000000e+00,0.000000000000000000e+00,0.000000000000000000e+00,0.000000000000000000e+00,0.000000000000000000e+00,0.000000000000000000e+00,4.721098185588475799e-02,0.000000000000000000e+00,0.000000000000000000e+00,0.000000000000000000e+00,0.000000000000000000e+00,0.000000000000000000e+00,-0.000000000000000000e+00,-0.000000000000000000e+00,0.000000000000000000e+00
-0.000000000000000000e+00,-0.000000000000000000e+00,-0.000000000000000000e+00,0.000000000000000000e+00,-2.498107739930959803e-01,-0.000000000000000000e+00,0.000000000000000000e+00,1.433728762934057821e-01,2.350523575886401151e+00,-0.000000000000000000e+00,-0.000000000000000000e+00,-0.000000000000000000e+00,-0.000000000000000000e+00,-5.120631624601454934e-01,0.000000000000000000e+00,-0.000000000000000000e+00,-0.000000000000000000e+00,-0.000000000000000000e+00,-0.000000000000000000e+00,0.000000000000000000e+00,-4.117371667671351071e-02,-0.000000000000000000e+00,-0.000000000000000000e+00,-5.750225985710132742e-03,-3.013422035826085477e-01,-2.860930987831490913e-01,-0.000000000000000000e+00,-3.366481765926522818e-01,-0.000000000000000000e+00,-0.000000000000000000e+00,-7.147543283113100276e-02,-1.212842517365197853e-01,-1.843016307813320764e-01,-1.690586944716734041e-01,-0.000000000000000000e+00,0.000000000000000000e+00,-0.000000000000000000e+00,0.000000000000000000e+00,-7.408382308135245953e-02
-2.719554453447654563e-01,-2.839445197114843222e-01,-0.000000000000000000e+00,0.000000000000000000e+00,-1.650778172908651600e-02,0.000000000000000000e+00,0.000000000000000000e+00,2.827769015707472938e-02,-0.000000000000000000e+00,2.681005297949252686e+00,-0.000000000000000000e+00,0.000000000000000000e+00,-0.000000000000000000e+00,-2.143970971154322558e-01,0.000000000000000000e+00,-8.704290252978934550e-01,-7.644143753108041672e-02,-0.000000000000000000e+00,0.000000000000000000e+00,0.000000000000000000e+00,-0.000000000000000000e+00,-0.000000000000000000e+00,-0.000000000000000000e+00,-4.030201735239618416e-02,-0.000000000000000000e+00,-0.000000000000000000e+00,-0.000000000000000000e+00,-0.000000000000000000e+00,-0.000000000000000000e+00,-7.037756492223025129e-01,-0.000000000000000000e+00,-2.134315382797113692e-01,-0.000000000000000000e+00,-0.000000000000000000e+00,-0.000000000000000000e+00,-0.000000000000000000e+00,-0.000000000000000000e+00,0.000000000000000000e+00,-0.000000000000000000e+00
-0.000000000000000000e+00,-0.000000000000000000e+00,-3.202801019807471894e-02,-0.000000000000000000e+00,-5.104561023173308232e-02,-8.420454857443393504e-02,-0.000000000000000000e+00,0.000000000000000000e+00,-0.000000000000000000e+00,-0.000000000000000000e+00,2.086957353881572441e+00,-0.000000000000000000e+00,-0.000000000000000000e+00,-7.355490388286242687e-02,-0.000000000000000000e+00,-2.450780287456255993e-02,-6.512754905942491623e-02,-9.314331792767030493e-02,-2.289609917517085313e-01,0.000000000000000000e+00,-0.000000000000000000e+00,-2.702855025096441155e-01,-7.271883266316163386e-02,-0.000000000000000000e+00,-0.000000000000000000e+00,-0.000000000000000000e+00,-1.979940164417443305e-01,-0.000000000000000000e+00,-0.000000000000000000e+00,-0.000000000000000000e+00,-0.000000000000000000e+00,-0.000000000000000000e+00,-0.000000000000000000e+00,-0.000000000000000000e+00,-2.961699680218321529e-01,-2.307275086888142257e-01,-0.000000000000000000e+00,-1.072452966450002654e-01,-4.379481378197785935e-01
0.000000000000000000e+00,0.000000000000000000e+00,-7.444095171064732397e-02,-1.563468392193207435e-01,-0.000000000000000000e+00,-3.868439647391535337e-03,-4.364076016391316148e-01,0.000000000000000000e+00,-0.000000000000000000e+00,0.000000000000000000e+00,-0.000000000000000000e+00,2.552109191989913484e+00,0.000000000000000000e+00,0.000000000000000000e+00,-8.055720611498199402e-01,-0.000000000000000000e+00,0.000000000000000000e+00,-0.000000000000000000e+00,-8.509090944839668713e-02,-4.363191496590742569e-01,-0.000000000000000000e+00,-0.000000000000000000e+00,-2.141189645801110097e-01,0.000000000000000000e+00,-0.000000000000000000e+00,0.000000000000000000e+00,-0.000000000000000000e+00,-0.000000000000000000e+00,0.000000000000000000e+00,0.000000000000000000e+00,-0.000000000000000000e+00,0.000000000000000000e+00,-0.000000000000000000e+00,-1.201061395287127131e-02,-2.654838614300442101e-01,-0.000000000000000000e+00,0.000000000000000000e+00,0.000000000000000000e+00,-2.905019453402601926e-01
0.000000000000000000e+00,0.000000000000000000e+00,-0.000000000000000000e+00,0.000000000000000000e+00,-0.000000000000000000e+00,0.000000000000000000e+00,0.000000000000000000e+00,0.000000000000000000e+00,-0.000000000000000000e+00,-0.000000000000000000e+00,-0.000000000000000000e+00,0.000000000000000000e+00,1.001766906244921929e+00,-0.000000000000000000e+00,-0.000000000000000000e+00,0.000000000000000000e+00,0.000000000000000000e+00,0.000000000000000000e+00,-0.000000000000000000e+00,0.000000000000000000e+00,-0.000000000000000000e+00,-0.000000000000000000e+00,-4.207184236162145319e-02,0.000000000000000000e+00,-0.000000000000000000e+00,0.000000000000000000e+00,0.000000000000000000e+00,0.000000000000000000e+00,-0.000000000000000000e+00,-0.000000000000000000e+00,0.000000000000000000e+00,-0.000000000000000000e+00,-0.000000000000000000e+00,0.000000000000000000e+00,-0.000000000000000000e+00,0.000000000000000000e+00,-0.000000000000000000e+00,0.000000000000000000e+00,0.000000000000000000e+00
-0.000000000000000000e+00,-0.000000000000000000e+00,-0.000000000000000000e+00,0.000000000000000000e+00,-5.252914874168996828e-01,-0.000000000000000000e+00,0.000000000000000000e+00,1.346137670112306228e-01,-5.120631624601454934e-01,-2.143970971154322558e-01,-7.355490388286242687e-02,0.000000000000000000e+00,-0.000000000000000000e+00,2.507081714745772683e+00,0.000000000000000000e+00,-8.229913100504862578e-02,-0.000000000000000000e+00,-0.000000000000000000e+00,0.000000000000000000e+00,5.173148267951067220e-02,-0.000000000000000000e+00,-0.000000000000000000e+00,-0.000000000000000000e+00,-2.685575913081338917e-01,-2.303341713394129187e-01,-1.151599293299394033e-01,-0.000000000000000000e+00,-0.000000000000000000e+00,-0.000000000000000000e+00,-2.011021284209884852e-01,-0.000000000000000000e+00,-2.854254763984409582e-01,-8.365806353302814025e-02,-0.000000000000000000e+00,-0.000000000000000000e+00,-0.000000000000000000e+00,-0.000000000000000000e+00,0.000000000000000000e+00,-0.000000000000000000e+00
0.000000000000000000e+00,0.000000000000000000e+00,-0.000000000000000000e+00,-0.000000000000000000e+00,0.000000000000000000e+00,-0.000000000000000000e+00,-4.931620349458453734e-01,0.000000000000000000e+00,0.000000000000000000e+00,0.000000000000000000e+00,-0.000000000000000000e+00,-8.055720611498199402e-01,-0.000000000000000000e+00,0.000000000000000000e+00,2.081049376076036239e+00,-0.000000000000000000e+00,1.684845001735294223e-01,0.000000000000000000e+00,-0.000000000000000000e+00,-1.837245349314155507e-01,-3.955800530139452070e-02,-1.084810142962205903e-01,-1.697314750693619256e-01,0.000000000000000000e+00,-0.000000000000000000e+00,0.000000000000000000e+00,-0.000000000000000000e+00,-1.097842290576405283e-01,0.000000000000000000e+00,0.000000000000000000e+00,-0.000000000000000000e+00,0.000000000000000000e+00,-0.000000000000000000e+00,-0.000000000000000000e+00,-0.000000000000000000e+00,0.000000000000000000e+00,0.000000000000000000e+00,0.000000000000000000e+00,-0.000000000000000000e+00
-0.000000000000000000e+00,-1.222353406972893630e-01,-4.055012682642318844e-01,-0.000000000000000000e+00,-4.316161908187289564e-02,-0.000000000000000000e+00,-0.000000000000000000e+00,2.647661610746517846e-01,-0.000000000000000000e+00,-8.704290252978934550e-01,-2.450780287456255993e-02,-0.000000000000000000e+00,0.000000000000000000e+00,-8.229913100504862578e-02,-0.000000000000000000e+00,2.650846798796918868e+00,-0.000000000000000000e+00,-0.000000000000000000e+00,-0.000000000000000000e+00,-0.000000000000000000e+00,-5.869402386187989873e-02,-0.000000000000000000e+00,-3.319452723277325767e-01,-0.000000000000000000e+00,-0.000000000000000000e+00,-0.000000000000000000e+00,-0.000000000000000000e+00,-0.000000000000000000e+00,-0.000000000000000000e+00,-1.129012674768935104e-01,-3.329589704302676756e-02,-0.000000000000000000e+00,-0.000000000000000000e+00,-0.000000000000000000e+00,-1.034470199176084626e-01,-9.094500021713969318e-02,-0.000000000000000000e+00,-0.000000000000000000e+00,-2.163043811746954148e-01
-1.528790586763748016e-01,-0.000000000000000000e+00,0.000000000000000000e+00,-0.000000000000000000e+00,-0.000000000000000000e+00,-0.000000000000000000e+00,0.000000000000000000e+00,-0.000000000000000000e+00,-0.000000000000000000e+00,-7.644143753108041672e-02,-6.512754905942491623e-02,0.000000000000000000e+00,0.000000000000000000e+00,-0.000000000000000000e+00,1.684845001735294223e-01,-0.000000000000000000e+00,1.456628644710034504e+00,-4.179262306872206234e-01,0.000000000000000000e+00,2.981479938496200410e-01,0.000000000000000000e+00,-0.000000000000000000e+00,0.000000000000000000e+00,-0.000000000000000000e+00,-0.000000000000000000e+00,-1.229113107590251303e-01,0.000000000000000000e+00,0.000000000000000000e+00,-0.000000000000000000e+00,-2.439329989194970877e-02,0.000000000000000000e+00,-5.419336520174713318e-02,0.000000000000000000e+00,0.000000000000000000e+00,-0.000000000000000000e+00,-9.992367330478403586e-02,-5.410255726770703960e-02,-9.885482113139404392e-02,-0.000000000000000000e+00
-0.000000000000000000e+00,-0.000000000000000000e+00,0.000000000000000000e+00,-8.230369540843671464e-03,-0.000000000000000000e+00,-2.355934062822887254e-01,-0.000000000000000000e+00,-0.000000000000000000e+00,-0.000000000000000000e+00,-0.000000000000000000e+00,-9.314331792767030493e-02,-0.000000000000000000e+00,0.000000000000000000e+00,-0.000000000000000000e+00,0.000000000000000000e+00,-0.000000000000000000e+00,-4.179262306872206234e-01,1.512255611954991030e+00,-1.252762730718021411e-01,-0.000000000000000000e+00,0.000000000000000000e+00,-0.000000000000000000e+00,0.000000000000000000e+00,-0.000000000000000000e+00,0.000000000000000000e+00,-1.320796468234668695e-02,-1.159434340742982877e-01,-0.000000000000000000e+00,-1.156730409584711405e-01,-0.000000000000000000e+00,0.000000000000000000e+00,-0.000000000000000000e+00,0.000000000000000000e+00,0.000000000000000000e+00,-4.401844455529630579e-02,-1.022379218121029359e-01,-0.000000000000000000e+00,-1.372286227269699510e-01,-0.000000000000000000e+00
0.000000000000000000e+00,0.000000000000000000e+00,-0.000000000000000000e+00,-1.693711940603468691e-01,0.000000000000000000e+00,-1.005091414563489688e-01,-3.166205100453378662e-01,-0.000000000000000000e+00,-0.000000000000000000e+00,0.000000000000000000e+00,-2.289609917517085313e-01,-8.509090944839668713e-02,-0.000000000000000000e+00,0.000000000000000000e+00,-0.000000000000000000e+00,-0.000000000000000000e+00,0.000000000000000000e+00,-1.252762730718021411e-01,1.644051419141244308e+00,-0.000000000000000000e+00,-0.000000000000000000e+00,-1.578810722309766101e-01,-0.000000000000000000e+00,0.000000000000000000e+00,0.000000000000000000e+00,0.000000000000000000e+00,-1.081509715299665102e-02,-0.000000000000000000e+00,-0.000000000000000000e+00,0.000000000000000000e+00,-0.000000000000000000e+00,0.000000000000000000e+00,-0.000000000000000000e+00,-0.000000000000000000e+00,-0.000000000000000000e+00,-0.000000000000000000e+00,0.000000000000000000e+00,-1.846273098568206317e-01,-1.931513342629473384e-01
0.000000000000000000e+00,0.000000000000000000e+00,-0.000000000000000000e+00,-0.000000000000000000e+00,0.000000000000000000e+00,-0.000000000000000000e+00,-3.699906928279330653e-01,-0.000000000000000000e+00,0.000000000000000000e+00,0.000000000000000000e+00,0.000000000000000000e+00,-4.363191496590742569e-01,0.000000000000000000e+00,5.173148267951067220e-02,-1.837245349314155507e-01,-0.000000000000000000e+00,2.981479938496200410e-01,-0.000000000000000000e+00,-0.000000000000000000e+00,1.548741450034260891e+00,-0.000000000000000000e+00,0.000000000000000000e+00,-0.000000000000000000e+00,0.000000000000000000e+00,0.000000000000000000e+00,0.000000000000000000e+00,-0.000000000000000000e+00,-3.617300979095173369e-03,0.000000000000000000e+00,0.000000000000000000e+00,-5.552240964808537876e-02,0.000000000000000000e+00,-0.000000000000000000e+00,-0.000000000000000000e+00,-0.000000000000000000e+00,0.000000000000000000e+00,0.000000000000000000e+00,0.000000000000000000e+00,-0.000000000000000000e+00
-0.000000000000000000e+00,-0.000000000000000000e+00,-4.294465985188709589e-01,-0.000000000000000000e+00,-0.000000000000000000e+00,0.000000000000000000e+00,-0.000000000000000000e+00,4.128356175948152407e-01,-4.117371667671351071e-02,-0.000000000000000000e+00,-0.000000000000000000e+00,-0.000000000000000000e+00,-0.000000000000000000e+00,-0.000000000000000000e+00,-3.955800530139452070e-02,-5.869402386187989873e-02,0.000000000000000000e+00,0.000000000000000000e+00,-0.000000000000000000e+00,-0.000000000000000000e+00,1.701234950280232416e+00,-0.000000000000000000e+00,-1.196951059576358140e-01,-3.760045866702157319e-02,-1.037495237999960102e-02,-0.000000000000000000e+00,-0.000000000000000000e+00,-2.063716019693463966e-01,-0.000000000000000000e+00,-0.000000000000000000e+00,-0.000000000000000000e+00,-0.000000000000000000e+00,-0.000000000000000000e+00,-0.000000000000000000e+00,-0.000000000000000000e+00,0.000000000000000000e+00,-0.000000000000000000e+00,0.000000000000000000e+00,-0.000000000000000000e+00
-0.000000000000000000e+00,-0.000000000000000000e+00,-0.000000000000000000e+00,-1.645243999321087947e-01,-0.000000000000000000e+00,-0.000000000000000000e+00,-2.000477691387519616e-02,0.000000000000000000e+00,-0.000000000000000000e+00,-0.000000000000000000e+00,-2.702855025096441155e-01,-0.000000000000000000e+00,-0.000000000000000000e+00,-0.000000000000000000e+00,-1.084810142962205903e-01,-0.000000000000000000e+00,-0.000000000000000000e+00,-0.000000000000000000e+00,-1.578810722309766101e-01,0.000000000000000000e+00,-0.000000000000000000e+00,1.522513494443317628e+00,-2.772499579768721301e-01,-0.000000000000000000e+00,-0.000000000000000000e+00,0.000000000000000000e+00,-0.000000000000000000e+00,-0.000000000000000000e+00,-0.000000000000000000e+00,-0.000000000000000000e+00,-0.000000000000000000e+00,-0.000000000000000000e+00,-2.619475623296259048e-01,-0.000000000000000000e+00,-1.985603153127362894e-02,-0.000000000000000000e+00,-0.000000000000000000e+00,-0.000000000000000000e+00,-0.000000000000000000e+00
-0.000000000000000000e+00,-0.000000000000000000e+00,-3.468335830037455048e-01,-0.000000000000000000e+00,-0.000000000000000000e+00,-0.000000000000000000e+00,-0.000000000000000000e+00,4.834637631495562055e-02,-0.000000000000000000e+00,-0.000000000000000000e+00,-7.271883266316163386e-02,-2.141189645801110097e-01,-4.207184236162145319e-02,-0.000000000000000000e+00,-1.697314750693619256e-01,-3.319452723277325767e-01,0.000000000000000000e+00,0.000000000000000000e+00,-0.000000000000000000e+00,-0.000000000000000000e+00,-1.196951059576358140e-01,-2.772499579768721301e-01,2.188247259452471116e+00,-0.000000000000000000e+00,-3.747101590109507829e-01,-0.000000000000000000e+00,-0.000000000000000000e+00,-0.000000000000000000e+00,-0.000000000000000000e+00,-0.000000000000000000e+00,-8.741734392688391142e-02,-0.000000000000000000e+00,-0.000000000000000000e+00,-5.296536976687502007e-02,-1.869510676738928845e-01,-0.000000000000000000e+00,-0.000000000000000000e+00,0.000000000000000000e+00,-4.353423504118933418e-02
-0.000000000000000000e+00,-0.000000000000000000e+00,-0.000000000000000000e+00,-0.000000000000000000e+00,-0.000000000000000000e+00,0.000000000000000000e+00,0.000000000000000000e+00,9.318662591959842034e-02,-5.750225985710132742e-03,-4.030201735239618416e-02,-0.000000000000000000e+00,0.000000000000000000e+00,0.000000000000000000e+00,-2.685575913081338917e-01,0.000000000000000000e+00,-0.000000000000000000e+00,-0.000000000000000000e+00,-0.000000000000000000e+00,0.000000000000000000e+00,0.000000000000000000e+00,-3.760045866702157319e-02,-0.000000000000000000e+00,-0.000000000000000000e+00,1.288299136684105228e+00,-3.140685735379535881e-01,-0.000000000000000000e+00,-0.000000000000000000e+00,-0.000000000000000000e+00,-0.000000000000000000e+00,-0.000000000000000000e+00,-0.000000000000000000e+00,-0.000000000000000000e+00,-0.000000000000000000e+00,-0.000000000000000000e+00,-0.000000000000000000e+00,-0.000000000000000000e+00,0.000000000000000000e+00,0.000000000000000000e+00,-0.000000000000000000e+00
-0.000000000000000000e+00,-0.000000000000000000e+00,-0.000000000000000000e+00,0.000000000000000000e+00,-0.000000000000000000e+00,-0.000000000000000000e+00,-0.000000000000000000e+00,0.000000000000000000e+00,-3.013422035826085477e-01,-0.000000000000000000e+00,-0.000000000000000000e+00,-0.000000000000000000e+00,-0.000000000000000000e+00,-2.303341713394129187e-01,-0.000000000000000000e+00,-0.000000000000000000e+00,-0.000000000000000000e+00,0.000000000000000000e+00,0.000000000000000000e+00,0.000000000000000000e+00,-1.037495237999960102e-02,-0.000000000000000000e+00,-3.747101590109507829e-01,-3.140685735379535881e-01,1.686932742735468338e+00,-0.000000000000000000e+00,-0.000000000000000000e+00,-1.035790357790891125e-01,-0.000000000000000000e+00,-0.000000000000000000e+00,-0.000000000000000000e+00,-0.000000000000000000e+00,-1.454457960106388670e-01,-0.000000000000000000e+00,-0.000000000000000000e+00,0.000000000000000000e+00,-0.000000000000000000e+00,0.000000000000000000e+00,-0.000000000000000000e+00
-4.300773954893832851e-01,-0.000000000000000000e+00,-0.000000000000000000e+00,0.000000000000000000e+00,-8.711425099828405683e-02,-0.000000000000000000e+00,0.000000000000000000e+00,0.000000000000000000e+00,-2.860930987831490913e-01,-0.000000000000000000e+00,-0.000000000000000000e+00,0.000000000000000000e+00,0.000000000000000000e+00,-1.151599293299394033e-01,0.000000000000000000e+00,-0.000000000000000000e+00,-1.229113107590251303e-01,-1.320796468234668695e-02,0.000000000000000000e+00,0.000000000000000000e+00,-0.000000000000000000e+00,0.000000000000000000e+00,-0.000000000000000000e+00,-0.000000000000000000e+00,-0.000000000000000000e+00,1.903800188818358885e+00,-3.723633156403718392e-01,-0.000000000000000000e+00,-2.286909647710139992e-01,-0.000000000000000000e+00,-0.000000000000000000e+00,-0.000000000000000000e+00,-0.000000000000000000e+00,-0.000000000000000000e+00,-0.000000000000000000e+00,-0.000000000000000000e+00,-0.000000000000000000e+00,-2.798522339906640011e-01,-0.000000000000000000e+00
-0.000000000000000000e+00,0.000000000000000000e+00,-0.000000000000000000e+00,-0.000000000000000000e+00,-0.000000000000000000e+00,-2.927190874254829295e-02,-0.000000000000000000e+00,0.000000000000000000e+00,-0.000000000000000000e+00,-0.000000000000000000e+00,-1.979940164417443305e-01,-0.000000000000000000e+00,0.000000000000000000e+00,-0.000000000000000000e+00,-0.000000000000000000e+00,-0.000000000000000000e+00,0.000000000000000000e+00,-1.159434340742982877e-01,-1.081509715299665102e-02,-0.000000000000000000e+00,-0.000000000000000000e+00,-0.000000000000000000e+00,-0.000000000000000000e+00,-0.000000000000000000e+00,-0.000000000000000000e+00,-3.723633156403718392e-01,1.901770531545253551e+00,-0.000000000000000000e+00,-1.540988706165111466e-01,-0.000000000000000000e+00,-0.000000000000000000e+00,-0.000000000000000000e+00,-3.323157791946768080e-01,-2.093548111828825720e-01,-1.494213236004092622e-02,-0.000000000000000000e+00,-0.000000000000000000e+00,-0.000000000000000000e+00,-4.153785704009383961e-01
-0.000000000000000000e+00,0.000000000000000000e+00,-0.000000000000000000e+00,0.000000000000000000e+00,-0.000000000000000000e+00,-0.000000000000000000e+00,-0.000000000000000000e+00,0.000000000000000000e+00,-3.366481765926522818e-01,-0.000000000000000000e+00,-0.000000000000000000e+00,-0.000000000000000000e+00,0.000000000000000000e+00,-0.000000000000000000e+00,-1.097842290576405283e-01,-0.000000000000000000e+00,0.000000000000000000e+00,-0.000000000000000000e+00,-0.000000000000000000e+00,-3.617300979095173369e-03,-2.063716019693463966e-01,-0.000000000000000000e+00,-0.000000000000000000e+00,-0.000000000000000000e+00,-1.035790357790891125e-01,-0.000000000000000000e+00,-0.000000000000000000e+00,1.748558144535294456e+00,-0.000000000000000000e+00,0.000000000000000000e+00,-3.010964271818290516e-01,-0.000000000000000000e+00,-3.168849416551741127e-01,-2.007139748703472282e-01,-0.000000000000000000e+00,0.000000000000000000e+00,0.000000000000000000e+00,0.000000000000000000e+00,-0.000000000000000000e+00
-1.405713647048385806e-01,-2.998083776746645127e-02,-0.000000000000000000e+00,0.000000000000000000e+00,-0.000000000000000000e+00,-0.000000000000000000e+00,0.000000000000000000e+00,0.000000000000000000e+00,-0.000000000000000000e+00,-0.000000000000000000e+00,-0.000000000000000000e+00,0.000000000000000000e+00,-0.000000000000000000e+00,-0.000000000000000000e+00,0.000000000000000000e+00,-0.000000000000000000e+00,-0.000000000000000000e+00,-1.156730409584711405e-01,-0.000000000000000000e+00,0.000000000000000000e+00,-0.000000000000000000e+00,-0.000000000000000000e+00,-0.000000000000000000e+00,-0.000000000000000000e+00,-0.000000000000000000e+00,-2.286909647710139992e-01,-1.540988706165111466e-01,-0.000000000000000000e+00,1.747791363981072932e+00,-1.408511704114596141e-01,-0.000000000000000000e+00,-2.122951601923918352e-01,-0.000000000000000000e+00,-0.000000000000000000e+00,-0.000000000000000000e+00,-2.006894086375738961e-01,-4.127932596932217257e-01,-0.000000000000000000e+00,-0.000000000000000000e+00
-1.894659230231542091e-01,-1.625447833857442959e-01,-0.000000000000000000e+00,0.000000000000000000e+00,-2.184847287137120231e-01,0.000000000000000000e+00,0.000000000000000000e+00,0.000000000000000000e+00,-0.000000000000000000e+00,-7.037756492223025129e-01,-0.000000000000000000e+00,0.000000000000000000e+00,-0.000000000000000000e+00,-2.011021284209884852e-01,0.000000000000000000e+00,-1.129012674768935104e-01,-2.439329989194970877e-02,-0.000000000000000000e+00,0.000000000000000000e+00,0.000000000000000000e+00,-0.000000000000000000e+00,-0.000000000000000000e+00,-0.000000000000000000e+00,-0.000000000000000000e+00,-0.000000000000000000e+00,-0.000000000000000000e+00,-0.000000000000000000e+00,0.000000000000000000e+00,-1.408511704114596141e-01,2.259023985830644676e+00,-0.000000000000000000e+00,-2.888832501668522346e-01,-0.000000000000000000e+00,-0.000000000000000000e+00,-0.000000000000000000e+00,-1.705517538931893562e-01,-0.000000000000000000e+00,0.000000000000000000e+00,-0.000000000000000000e+00
-0.000000000000000000e+00,-0.000000000000000000e+00,-2.621851178553327166e-01,-0.000000000000000000e+00,-0.000000000000000000e+00,0.000000000000000000e+00,-1.132664780655348452e-01,4.721098185588475799e-02,-7.147543283113100276e-02,-0.000000000000000000e+00,-0.000000000000000000e+00,-0.000000000000000000e+00,0.000000000000000000e+00,-0.000000000000000000e+00,-0.000000000000000000e+00,-3.329589704302676756e-02,0.000000000000000000e+00,0.000000000000000000e+00,-0.000000000000000000e+00,-5.552240964808537876e-02,-0.000000000000000000e+00,-0.000000000000000000e+00,-8.741734392688391142e-02,-0.000000000000000000e+00,-0.000000000000000000e+00,-0.000000000000000000e+00,-0.000000000000000000e+00,-3.010964271818290516e-01,-0.000000000000000000e+00,-0.000000000000000000e+00,1.929867818045079453e+00,-0.000000000000000000e+00,-0.000000000000000000e+00,-4.354307193452799929e-01,-0.000000000000000000e+00,-0.000000000000000000e+00,0.000000000000000000e+00,-0.000000000000000000e+00,-3.946565332282325200e-01
-1.603271360374160237e-01,-2.442845846687937139e-01,-0.000000000000000000e+00,0.000000000000000000e+00,-2.373932636154574283e-02,-0.000000000000000000e+00,0.000000000000000000e+00,0.000000000000000000e+00,-1.212842517365197853e-01,-2.134315382797113692e-01,-0.000000000000000000e+00,0.000000000000000000e+00,-0.000000000000000000e+00,-2.854254763984409582e-01,0.000000000000000000e+00,-0.000000000000000000e+00,-5.419336520174713318e-02,-0.000000000000000000e+00,0.000000000000000000e+00,0.000000000000000000e+00,-0.000000000000000000e+00,-0.000000000000000000e+00,-0.000000000000000000e+00,-0.000000000000000000e+00,-0.000000000000000000e+00,-0.000000000000000000e+00,-0.000000000000000000e+00,-0.000000000000000000e+00,-2.122951601923918352e-01,-2.888832501668522346e-01,-0.000000000000000000e+00,2.186071492803140170e+00,-0.000000000000000000e+00,-0.000000000000000000e+00,-2.407359028715832794e-01,-2.419784460998110689e-02,-3.964061033953070745e-01,0.000000000000000000e+00,-0.000000000000000000e+00
-0.000000000000000000e+00,0.000000000000000000e+00,-4.370602608042804121e-02,-0.000000000000000000e+00,-9.964668153612459001e-02,-0.000000000000000000e+00,-0.000000000000000000e+00,0.000000000000000000e+00,-1.843016307813320764e-01,-0.000000000000000000e+00,-0.000000000000000000e+00,-0.000000000000000000e+00,-0.000000000000000000e+00,-8.365806353302814025e-02,-0.000000000000000000e+00,-0.000000000000000000e+00,0.000000000000000000e+00,0.000000000000000000e+00,-0.000000000000000000e+00,-0.000000000000000000e+00,-0.000000000000000000e+00,-2.619475623296259048e-01,-0.000000000000000000e+00,-0.000000000000000000e+00,-1.454457960106388670e-01,-0.000000000000000000e+00,-3.323157791946768080e-01,-3.168849416551741127e-01,-0.000000000000000000e+00,-0.000000000000000000e+00,-0.000000000000000000e+00,-0.000000000000000000e+00,1.820990811889259486e+00,-2.619491096368979921e-01,-0.000000000000000000e+00,0.000000000000000000e+00,-0.000000000000000000e+00,0.000000000000000000e+00,-0.000000000000000000e+00
-0.000000000000000000e+00,-0.000000000000000000e+00,-3.033768128300434741e-01,-0.000000000000000000e+00,-5.061472860597063944e-02,-0.000000000000000000e+00,-1.278265942127652932e-01,0.000000000000000000e+00,-1.690586944716734041e-01,-0.000000000000000000e+00,-0.000000000000000000e+00,-1.201061395287127131e-02,0.000000000000000000e+00,-0.000000000000000000e+00,-0.000000000000000000e+00,-0.000000000000000000e+00,0.000000000000000000e+00,0.000000000000000000e+00,-0.000000000000000000e+00,-0.000000000000000000e+00,-0.000000000000000000e+00,-0.000000000000000000e+00,-5.296536976687502007e-02,-0.000000000000000000e+00,-0.000000000000000000e+00,-0.000000000000000000e+00,-2.093548111828825720e-01,-2.007139748703472282e-01,-0.000000000000000000e+00,-0.000000000000000000e+00,-4.354307193452799929e-01,-0.000000000000000000e+00,-2.619491096368979921e-01,1.965806500074401608e+00,-0.000000000000000000e+00,-0.000000000000000000e+00,-0.000000000000000000e+00,-0.000000000000000000e+00,-6.052931315698369813e-02
-0.000000000000000000e+00,-0.000000000000000000e+00,-0.000000000000000000e+00,-0.000000000000000000e+00,-0.000000000000000000e+00,-2.225637238557025277e-01,-0.000000000000000000e+00,0.000000000000000000e+00,-0.000000000000000000e+00,-0.000000000000000000e+00,-2.961699680218321529e-01,-2.654838614300442101e-01,-0.000000000000000000e+00,-0.000000000000000000e+00,-0.000000000000000000e+00,-1.034470199176084626e-01,-0.000000000000000000e+00,-4.401844455529630579e-02,-0.000000000000000000e+00,-0.000000000000000000e+00,-0.000000000000000000e+00,-1.985603153127362894e-02,-1.869510676738928845e-01,-0.000000000000000000e+00,-0.000000000000000000e+00,-0.000000000000000000e+00,-1.494213236004092622e-02,-0.000000000000000000e+00,-0.000000000000000000e+00,-0.000000000000000000e+00,-0.000000000000000000e+00,-2.407359028715832794e-01,-0.000000000000000000e+00,-0.000000000000000000e+00,1.955108927874614100e+00,-1.179205736713233033e-01,-9.501349469913653034e-02,-0.000000000000000000e+00,-3.649126959293281236e-01
-0.000000000000000000e+00,-1.685376576726760056e-01,-0.000000000000000000e+00,-0.000000000000000000e+00,-0.000000000000000000e+00,-1.916831265513266325e-01,-0.000000000000000000e+00,0.000000000000000000e+00,0.000000000000000000e+00,-0.000000000000000000e+00,-2.307275086888142257e-01,-0.000000000000000000e+00,0.000000000000000000e+00,-0.000000000000000000e+00,0.000000000000000000e+00,-9.094500021713969318e-02,-9.992367330478403586e-02,-1.022379218121029359e-01,-0.000000000000000000e+00,0.000000000000000000e+00,0.000000000000000000e+00,-0.000000000000000000e+00,-0.000000000000000000e+00,-0.000000000000000000e+00,0.000000000000000000e+00,-0.000000000000000000e+00,-0.000000000000000000e+00,0.000000000000000000e+00,-2.006894086375738961e-01,-1.705517538931893562e-01,-0.000000000000000000e+00,-2.419784460998110689e-02,0.000000000000000000e+00,-0.000000000000000000e+00,-1.179205736713233033e-01,1.556647628127129979e+00,-0.000000000000000000e+00,-0.000000000000000000e+00,-1.405932693297116097e-04
-1.674549438822546810e-01,-1.271423661955279893e-01,0.000000000000000000e+00,0.000000000000000000e+00,-0.000000000000000000e+00,-0.000000000000000000e+00,0.000000000000000000e+00,-0.000000000000000000e+00,-0.000000000000000000e+00,-0.000000000000000000e+00,-0.000000000000000000e+00,0.000000000000000000e+00,-0.000000000000000000e+00,-0.000000000000000000e+00,0.000000000000000000e+00,-0.000000000000000000e+00,-5.410255726770703960e-02,-0.000000000000000000e+00,0.000000000000000000e+00,0.000000000000000000e+00,-0.000000000000000000e+00,-0.000000000000000000e+00,-0.000000000000000000e+00,0.000000000000000000e+00,-0.000000000000000000e+00,-0.000000000000000000e+00,-0.000000000000000000e+00,0.000000000000000000e+00,-4.127932596932217257e-01,-0.000000000000000000e+00,0.000000000000000000e+00,-3.964061033953070745e-01,-0.000000000000000000e+00,-0.000000000000000000e+00,-9.501349469913653034e-02,-0.000000000000000000e+00,1.589961392821025887e+00,0.000000000000000000e+00,-0.000000000000000000e+00
-0.000000000000000000e+00,0.000000000000000000e+00,0.000000000000000000e+00,-0.000000000000000000e+00,-0.000000000000000000e+00,-0.000000000000000000e+00,-0.000000000000000000e+00,-0.000000000000000000e+00,0.000000000000000000e+00,0.000000000000000000e+00,-1.072452966450002654e-01,0.000000000000000000e+00,0.000000000000000000e+00,0.000000000000000000e+00,0.000000000000000000e+00,-0.000000000000000000e+00,-9.885482113139404392e-02,-1.372286227269699510e-01,-1.846273098568206317e-01,0.000000000000000000e+00,0.000000000000000000e+00,-0.000000000000000000e+00,0.000000000000000000e+00,0.000000000000000000e+00,0.000000000000000000e+00,-2.798522339906640011e-01,-0.000000000000000000e+00,0.000000000000000000e+00,-0.000000000000000000e+00,0.000000000000000000e+00,-0.000000000000000000e+00,0.000000000000000000e+00,0.000000000000000000e+00,-0.000000000000000000e+00,-0.000000000000000000e+00,-0.000000000000000000e+00,0.000000000000000000e+00,1.269891532865042194e+00,-3.343424535200426734e-02
-0.000000000000000000e+00,-0.000000000000000000e+00,-3.322833242585872260e-02,-0.000000000000000000e+00,-0.000000000000000000e+00,-2.077920776761566640e-02,-2.100998178058030921e-02,0.000000000000000000e+00,-7.408382308135245953e-02,-0.000000000000000000e+00,-4.379481378197785935e-01,-2.905019453402601926e-01,0.000000000000000000e+00,-0.000000000000000000e+00,-0.000000000000000000e+00,-2.163043811746954148e-01,-0.000000000000000000e+00,-0.000000000000000000e+00,-1.931513342629473384e-01,-0.000000000000000000e+00,-0.000000000000000000e+00,-0.000000000000000000e+00,-4.353423504118933418e-02,-0.000000000000000000e+00,-0.000000000000000000e+00,-0.000000000000000000e+00,-4.153785704009383961e-01,-0.000000000000000000e+00,-0.000000000000000000e+00,-0.000000000000000000e+00,-3.946565332282325200e-01,-0.000000000000000000e+00,-0.000000000000000000e+00,-6.052931315698369813e-02,-3.649126959293281236e-01,-1.405932693297116097e-04,-0.000000000000000000e+00,-3.343424535200426734e-02,2.408634946740486615e+00
