1.582903349110896363e+00,0.000000000000000000e+00,-0.000000000000000000e+00,0.000000000000000000e+00,-0.000000000000000000e+00,0.000000000000000000e+00,-0.000000000000000000e+00,0.000000000000000000e+00,-2.880919505888852594e-01,-0.000000000000000000e+00,-0.000000000000000000e+00,0.000000000000000000e+00,0.000000000000000000e+00,0.000000000000000000e+00,-0.000000000000000000e+00,-0.000000000000000000e+00,-0.000000000000000000e+00,-0.000000000000000000e+00,0.000000000000000000e+00,-0.000000000000000000e+00,0.000000000000000000e+00,0.000000000000000000e+00,0.000000000000000000e+00,0.000000000000000000e+00,-6.097119347517503812e-02,-1.602245160947174049e-02,0.000000000000000000e+00,0.000000000000000000e+00,-4.110050577432388108e-01,-5.197261625013341879e-01,0.000000000000000000e+00,0.000000000000000000e+00,0.000000000000000000e+00,-7.077135482153860263e-03,-0.000000000000000000e+00,0.000000000000000000e+00,0.000000000000000000e+00,-0.000000000000000000e+00,0.000000000000000000e+00
0.000000000000000000e+00,2.847096810297695235e+00,-0.000000000000000000e+00,-9.498424850767801797e-03,-0.000000000000000000e+00,-2.078859637471354715e-01,8.540489596124610505e-02,0.000000000000000000e+00,-0.000000000000000000e+00,-2.713581590766039886e-01,0.000000000000000000e+00,-1.633888281659033603e-01,-0.000000000000000000e+00,-0.000000000000000000e+00,2.602796981656385067e-01,-7.310327417289622272e-03,-1.601219740454226659e-01,2.156051849694634870e-01,-3.037935831205661880e-02,0.000000000000000000e+00,-3.891560824288229498e-02,-1.030612205870778814e-01,-3.045320833614221234e-01,-2.528737602206887827e-02,0.000000000000000000e+00,9.098896662398547885e-02,-1.782538942018991879e-01,-0.000000000000000000e+00,0.000000000000000000e+00,0.000000000000000000e+00,-0.000000000000000000e+00,-2.060033290432546071e-01,-1.398026195402668204e-01,0.000000000000000000e+00,-0.000000000000000000e+00,0.000000000000000000e+00,-1.570529363322081817e-01,0.000000000000000000e+00,-2.904642468217326634e-01
-0.000000000000000000e+00,-0.000000000000000000e+00,2.182770971010613792e+00,-0.000000000000000000e+00,-3.197838982967451948e-01,-0.000000000000000000e+00,-0.000000000000000000e+00,1.150052529860094319e+00,-9.478891581316052639e-02,-0.000000000000000000e+00,-0.000000000000000000e+00,-0.000000000000000000e+00,0.000000000000000000e+00,-1.307385702220378310e-01,0.000000000000000000e+00,-0.000000000000000000e+00,-0.000000000000000000e+00,0.000000000000000000e+00,-0.000000000000000000e+00,0.000000000000000000e+00,-0.000000000000000000e+00,-0.000000000000000000e+00,-0.000000000000000000e+00,-0.000000000000000000e+00,-0.000000000000000000e+00,-0.000000000000000000e+00,-0.000000000000000000e+00,-3.083054181911767389e-01,-0.000000000000000000e+00,-0.000000000000000000e+00,-4.002184793155593584e-02,-0.000000000000000000e+00,-0.000000000000000000e+00,-7.389744957674644621e-02,-0.000000000000000000e+00,-6.880440646520290249e-02,-0.000000000000000000e+00,0.000000000000000000e+00,-0.000000000000000000e+00
0.000000000000000000e+00,-9.498424850767801797e-03,-0.000000000000000000e+00,1.472538590673832637e+00,-5.370349039922621415e-02,-0.000000000000000000e+00,0.000000000000000000e+00,0.000000000000000000e+00,-0.000000000000000000e+00,-1.156145243701084818e-01,0.000000000000000000e+00,-1.422483968803421317e-01,-2.500078061074534341e-02,-0.000000000000000000e+00,1.057640184349753765e-01,-5.552727326133542057e-02,-0.000000000000000000e+00,0.000000000000000000e+00,-8.148972186277579632e-02,-0.000000000000000000e+00,-2.640108295567996505e-02,-5.314567607053262421e-02,-0.000000000000000000e+00,-0.000000000000000000e+00,0.000000000000000000e+00,2.205022667279231408e-02,-1.079389209282111545e-01,-0.000000000000000000e+00,0.000000000000000000e+00,0.000000000000000000e+00,-0.000000000000000000e+00,-5.393076795245792948e-02,-5.660432570578977779e-02,0.000000000000000000e+00,-0.000000000000000000e+00,0.000000000000000000e+00,-4.346549501349887545e-02,1.718281246866960876e-01,-0.000000000000000000e+00
-0.000000000000000000e+00,-0.000000000000000000e+00,-3.197838982967451948e-01,-5.370349039922621415e-02,1.540613426648583362e+00,-0.000000000000000000e+00,0.000000000000000000e+00,3.247121814019293673e-01,-2.109582196635333695e-01,-1.418350349443194269e-01,-0.000000000000000000e+00,-0.000000000000000000e+00,-0.000000000000000000e+00,-1.870869171832247324e-01,0.000000000000000000e+00,-4.851727722456857655e-02,-0.000000000000000000e+00,0.000000000000000000e+00,-0.000000000000000000e+00,0.000000000000000000e+00,-0.000000000000000000e+00,-0.000000000000000000e+00,-0.000000000000000000e+00,-0.000000000000000000e+00,-0.000000000000000000e+00,0.000000000000000000e+00,-0.000000000000000000e+00,-5.787836625980650324e-02,-0.000000000000000000e+00,-0.000000000000000000e+00,-0.000000000000000000e+00,-0.000000000000000000e+00,-0.000000000000000000e+00,-1.593297170104483462e-01,-0.000000000000000000e+00,-0.000000000000000000e+00,-0.000000000000000000e+00,0.000000000000000000e+00,-0.000000000000000000e+00
0.000000000000000000e+00,-2.078859637471354715e-01,-0.000000000000000000e+00,-0.000000000000000000e+00,-0.000000000000000000e+00,2.827346783754058457e+00,4.640540071747299711e-02,-0.000000000000000000e+00,-0.000000000000000000e+00,-0.000000000000000000e+00,7.323256128580712954e-02,-2.535705954254013125e-03,-7.237785990821353488e-02,-0.000000000000000000e+00,2.262309724259943255e-01,-0.000000000000000000e+00,-1.301870672416996499e-01,4.655452312662539116e-02,-9.454553060115851448e-02,0.000000000000000000e+00,-1.350874860617220785e-01,-5.527434453909438328e-02,-2.035626781152874432e-01,-0.000000000000000000e+00,3.805526957098293896e-03,1.739908010904911706e-01,-1.703451389344559919e-01,-0.000000000000000000e+00,0.000000000000000000e+00,0.000000000000000000e+00,-0.000000000000000000e+00,-3.511021162887562053e-01,-2.752676665356512120e-01,0.000000000000000000e+00,-0.000000000000000000e+00,0.000000000000000000e+00,-3.586921975348535407e-01,1.197354636141763212e-01,-1.579788820550173112e-01
-0.000000000000000000e+00,8.540489596124610505e-02,-0.000000000000000000e+00,0.000000000000000000e+00,0.000000000000000000e+00,4.640540071747299711e-02,1.811856684806727236e+00,0.000000000000000000e+00,0.000000000000000000e+00,0.000000000000000000e+00,-1.180162177400786300e-01,3.880050590957125345e-01,0.000000000000000000e+00,0.000000000000000000e+00,-0.000000000000000000e+00,0.000000000000000000e+00,0.000000000000000000e+00,-7.276806518648169797e-02,1.337075714697188722e-01,-0.000000000000000000e+00,0.000000000000000000e+00,0.000000000000000000e+00,0.000000000000000000e+00,0.000000000000000000e+00,-0.000000000000000000e+00,-1.654043551281167146e-01,9.353874348441675035e-02,0.000000000000000000e+00,-0.000000000000000000e+00,-2.563524977621866804e-02,0.000000000000000000e+00,6.551119043789188634e-02,0.000000000000000000e+00,-0.000000000000000000e+00,0.000000000000000000e+00,-0.000000000000000000e+00,9.052312479562317493e-02,-1.060504746601531739e-01,1.395294324969183486e-01
0.000000000000000000e+00,0.000000000000000000e+00,1.150052529860094319e+00,0.000000000000000000e+00,3.247121814019293673e-01,-0.000000000000000000e+00,0.000000000000000000e+00,2.163162436513132114e+00,7.718126751793662199e-02,0.000000000000000000e+00,0.000000000000000000e+00,0.000000000000000000e+00,-0.000000000000000000e+00,0.000000000000000000e+00,0.000000000000000000e+00,0.000000000000000000e+00,0.000000000000000000e+00,-0.000000000000000000e+00,0.000000000000000000e+00,-0.000000000000000000e+00,0.000000000000000000e+00,0.000000000000000000e+00,0.000000000000000000e+00,0.000000000000000000e+00,0.000000000000000000e+00,0.000000000000000000e+00,0.000000000000000000e+00,2.240881726671883067e-01,0.000000000000000000e+00,0.000000000000000000e+00,1.473282981287531331e-02,0.000000000000000000e+00,0.000000000000000000e+00,2.444401963046491655e-01,0.000000000000000000e+00,5.038062805473652456e-02,0.000000000000000000e+00,-0.000000000000000000e+00,0.000000000000000000e+00
-2.880919505888852594e-01,-0.000000000000000000e+00,-9.478891581316052639e-02,-0.000000000000000000e+00,-2.109582196635333695e-01,-0.000000000000000000e+00,0.000000000000000000e+00,7.718126751793662199e-02,1.417089405636009491e+00,-1.183975155652362971e-01,-0.000000000000000000e+00,-0.000000000000000000e+00,-0.000000000000000000e+00,-0.000000000000000000e+00,-0.000000000000000000e+00,-1.047713088805083126e-01,-0.000000000000000000e+00,0.000000000000000000e+00,-0.000000000000000000e+00,0.000000000000000000e+00,-0.000000000000000000e+00,-0.000000000000000000e+00,-0.000000000000000000e+00,-0.000000000000000000e+00,-1.011362228458311113e-01,-0.000000000000000000e+00,-0.000000000000000000e+00,-0.000000000000000000e+00,-0.000000000000000000e+00,-1.790022082768349121e-01,-0.000000000000000000e+00,-0.000000000000000000e+00,-0.000000000000000000e+00,-2.288264290764235043e-01,-0.000000000000000000e+00,-0.000000000000000000e+00,-0.000000000000000000e+00,-0.000000000000000000e+00,-0.000000000000000000e+00
-0.000000000000000000e+00,-2.713581590766039886e-01,-0.000000000000000000e+00,-1.156145243701084818e-01,-1.418350349443194269e-01,-0.000000000000000000e+00,0.000000000000000000e+00,0.000000000000000000e+00,-1.183975155652362971e-01,2.114970813970111774e+00,0.000000000000000000e+00,-0.000000000000000000e+00,-0.000000000000000000e+00,-1.740876169071029489e-01,0.000000000000000000e+00,-6.387025921893378921e-01,-5.027833615049979478e-03,0.000000000000000000e+00,-1.663795018600075504e-01,-0.000000000000000000e+00,-1.123816143375491461e-01,-3.698762952370333867e-02,-2.190071296857888650e-01,-1.497034601738831718e-02,0.000000000000000000e+00,0.000000000000000000e+00,-5.310635408014713343e-02,-0.000000000000000000e+00,0.000000000000000000e+00,-0.000000000000000000e+00,-0.000000000000000000e+00,-0.000000000000000000e+00,-4.803930798396441326e-02,0.000000000000000000e+00,-0.000000000000000000e+00,0.000000000000000000e+00,-0.000000000000000000e+00,0.000000000000000000e+00,-1.309483952547034757e-01
-0.000000000000000000e+00,0.000000000000000000e+00,-0.000000000000000000e+00,0.000000000000000000e+00,-0.000000000000000000e+00,7.323256128580712954e-02,-1.180162177400786300e-01,0.000000000000000000e+00,-0.000000000000000000e+00,0.000000000000000000e+00,1.316897117930809324e+00,0.000000000000000000e+00,8.113272446604397059e-02,0.000000000000000000e+00,-3.462381876243456752e-02,0.000000000000000000e+00,0.000000000000000000e+00,-0.000000000000000000e+00,1.279590799614056251e-01,0.000000000000000000e+00,0.000000000000000000e+00,0.000000000000000000e+00,0.000000000000000000e+00,0.000000000000000000e+00,-1.303112177147961182e-01,-2.795025465581629093e-02,5.700147644435722694e-02,-0.000000000000000000e+00,-4.343270988596158177e-02,-2.501979675638283523e-02,0.000000000000000000e+00,0.000000000000000000e+00,0.000000000000000000e+00,-4.168845283419084333e-04,0.000000000000000000e+00,-0.000000000000000000e+00,1.249951497691475510e-01,-4.622287371976883247e-02,0.000000000000000000e+00
0.000000000000000000e+00,-1.633888281659033603e-01,-0.000000000000000000e+00,-1.422483968803421317e-01,-0.000000000000000000e+00,-2.535705954254013125e-03,3.880050590957125345e-01,0.000000000000000000e+00,-0.000000000000000000e+00,-0.000000000000000000e+00,0.000000000000000000e+00,2.600018550232589654e+00,-6.372659302441861795e-02,-4.433502280499341391e-02,0.000000000000000000e+00,-0.000000000000000000e+00,-0.000000000000000000e+00,1.140363497593167436e-01,-2.204682310793056044e-01,0.000000000000000000e+00,-0.000000000000000000e+00,-7.777329296980803330e-02,-6.207312134963652306e-02,-0.000000000000000000e+00,0.000000000000000000e+00,6.520583464449623834e-02,-3.507957332359601388e-01,-0.000000000000000000e+00,7.141917768556677037e-02,0.000000000000000000e+00,-0.000000000000000000e+00,-2.096437261047713885e-01,-5.507709869698991512e-02,0.000000000000000000e+00,-0.000000000000000000e+00,0.000000000000000000e+00,-1.458944037380499603e-01,8.060538944166810438e-02,-3.935376114919686419e-01
0.000000000000000000e+00,-0.000000000000000000e+00,0.000000000000000000e+00,-2.500078061074534341e-02,-0.000000000000000000e+00,-7.237785990821353488e-02,0.000000000000000000e+00,-0.000000000000000000e+00,-0.000000000000000000e+00,-0.000000000000000000e+00,8.113272446604397059e-02,-6.372659302441861795e-02,1.387884704957388360e+00,-0.000000000000000000e+00,0.000000000000000000e+00,-0.000000000000000000e+00,-2.305900692619609338e-01,0.000000000000000000e+00,-8.128786875558949299e-02,-0.000000000000000000e+00,-0.000000000000000000e+00,-0.000000000000000000e+00,-0.000000000000000000e+00,-0.000000000000000000e+00,1.446427598729655428e-01,0.000000000000000000e+00,-0.000000000000000000e+00,0.000000000000000000e+00,0.000000000000000000e+00,0.000000000000000000e+00,0.000000000000000000e+00,-4.805149704582382941e-02,-0.000000000000000000e+00,0.000000000000000000e+00,-0.000000000000000000e+00,1.809852181537313920e-01,-1.806130302441785185e-01,0.000000000000000000e+00,-1.009852706883053799e-02
0.000000000000000000e+00,-0.000000000000000000e+00,-1.307385702220378310e-01,-0.000000000000000000e+00,-1.870869171832247324e-01,-0.000000000000000000e+00,0.000000000000000000e+00,0.000000000000000000e+00,-0.000000000000000000e+00,-1.740876169071029489e-01,0.000000000000000000e+00,-4.433502280499341391e-02,-0.000000000000000000e+00,1.872249117317274836e+00,0.000000000000000000e+00,-2.109809479384691100e-01,-1.403196501546825625e-01,0.000000000000000000e+00,-9.221697928479825890e-02,0.000000000000000000e+00,-0.000000000000000000e+00,-0.000000000000000000e+00,-7.669042833489790600e-02,-3.767493427676906759e-01,0.000000000000000000e+00,0.000000000000000000e+00,-8.989588375694636257e-02,-0.000000000000000000e+00,0.000000000000000000e+00,0.000000000000000000e+00,-0.000000000000000000e+00,-0.000000000000000000e+00,-2.048274837147011362e-01,-0.000000000000000000e+00,-6.717537021729215463e-02,-0.000000000000000000e+00,-1.209482723028003637e-01,0.000000000000000000e+00,-4.918788593131809272e-02
-0.000000000000000000e+00,2.602796981656385067e-01,0.000000000000000000e+00,1.057640184349753765e-01,0.000000000000000000e+00,2.262309724259943255e-01,-0.000000000000000000e+00,0.000000000000000000e+00,-0.000000000000000000e+00,0.000000000000000000e+00,-3.462381876243456752e-02,0.000000000000000000e+00,0.000000000000000000e+00,0.000000000000000000e+00,2.894778811509438832e+00,0.000000000000000000e+00,0.000000000000000000e+00,-3.426190138114597050e-01,8.863927610172614435e-02,-0.000000000000000000e+00,1.210219314944591951e-01,0.000000000000000000e+00,1.390561301688017781e-01,6.529593203257071099e-02,-0.000000000000000000e+00,-4.616980288787146947e-01,1.093819641276545657e-01,0.000000000000000000e+00,-0.000000000000000000e+00,-0.000000000000000000e+00,0.000000000000000000e+00,1.338306855809524576e-01,1.727805640620381777e-01,-1.398019991129244854e-01,0.000000000000000000e+00,-0.000000000000000000e+00,9.759216039984684732e-02,-4.536030731200371147e-01,7.706797955581738691e-02
-0.000000000000000000e+00,-7.310327417289622272e-03,-0.000000000000000000e+00,-5.552727326133542057e-02,-4.851727722456857655e-02,-0.000000000000000000e+00,0.000000000000000000e+00,0.000000000000000000e+00,-1.047713088805083126e-01,-6.387025921893378921e-01,0.000000000000000000e+00,-0.000000000000000000e+00,-0.000000000000000000e+00,-2.109809479384691100e-01,0.000000000000000000e+00,1.670917554986746989e+00,-0.000000000000000000e+00,0.000000000000000000e+00,-0.000000000000000000e+00,-0.000000000000000000e+00,-7.633486971565189849e-02,-0.000000000000000000e+00,-1.079132958227170536e-01,-8.541557031355488661e-02,-0.000000000000000000e+00,0.000000000000000000e+00,-0.000000000000000000e+00,-0.000000000000000000e+00,-0.000000000000000000e+00,-0.000000000000000000e+00,-0.000000000000000000e+00,-0.000000000000000000e+00,-9.896260594379509279e-02,0.000000000000000000e+00,-0.000000000000000000e+00,-0.000000000000000000e+00,-0.000000000000000000e+00,0.000000000000000000e+00,-0.000000000000000000e+00
-0.000000000000000000e+00,-1.601219740454226659e-01,-0.000000000000000000e+00,-0.000000000000000000e+00,-0.000000000000000000e+00,-1.301870672416996499e-01,0.000000000000000000e+00,0.000000000000000000e+00,-0.000000000000000000e+00,-5.027833615049979478e-03,0.000000000000000000e+00,-0.000000000000000000e+00,-2.305900692619609338e-01,-1.403196501546825625e-01,0.000000000000000000e+00,-0.000000000000000000e+00,1.671314941043034352e+00,0.000000000000000000e+00,-0.000000000000000000e+00,-0.000000000000000000e+00,-0.000000000000000000e+00,-0.000000000000000000e+00,-1.550896396504376495e-01,-0.000000000000000000e+00,0.000000000000000000e+00,0.000000000000000000e+00,-6.275110958947385797e-02,-0.000000000000000000e+00,0.000000000000000000e+00,0.000000000000000000e+00,-0.000000000000000000e+00,-2.081787794493629162e-01,-0.000000000000000000e+00,0.000000000000000000e+00,-1.894083885193209582e-01,0.000000000000000000e+00,-1.424097542543971695e-01,0.000000000000000000e+00,-9.012384924535581099e-02
-0.000000000000000000e+00,2.156051849694634870e-01,0.000000000000000000e+00,0.000000000000000000e+00,0.000000000000000000e+00,4.655452312662539116e-02,-7.276806518648169797e-02,-0.000000000000000000e+00,0.000000000000000000e+00,0.000000000000000000e+00,-0.000000000000000000e+00,1.140363497593167436e-01,0.000000000000000000e+00,0.000000000000000000e+00,-3.426190138114597050e-01,0.000000000000000000e+00,0.000000000000000000e+00,2.472234037388572059e+00,0.000000000000000000e+00,-0.000000000000000000e+00,0.000000000000000000e+00,5.378651246098540423e-02,1.217331076076529212e-01,1.311317567033594422e-01,-0.000000000000000000e+00,-2.637134362377430152e-01,1.176087495258606869e-01,0.000000000000000000e+00,-0.000000000000000000e+00,-6.097133251894297501e-02,3.641094113941582000e-01,1.305765110466438894e-01,1.531525766257883225e-01,-0.000000000000000000e+00,0.000000000000000000e+00,-0.000000000000000000e+00,0.000000000000000000e+00,-2.307923033595005446e-01,1.215705017030163232e-01
0.000000000000000000e+00,-3.037935831205661880e-02,-0.000000000000000000e+00,-8.148972186277579632e-02,-0.000000000000000000e+00,-9.454553060115851448e-02,1.337075714697188722e-01,0.000000000000000000e+00,-0.000000000000000000e+00,-1.663795018600075504e-01,1.279590799614056251e-01,-2.204682310793056044e-01,-8.128786875558949299e-02,-9.221697928479825890e-02,8.863927610172614435e-02,-0.000000000000000000e+00,-0.000000000000000000e+00,0.000000000000000000e+00,2.294542142479417901e+00,0.000000000000000000e+00,-0.000000000000000000e+00,-0.000000000000000000e+00,-1.178420561861194538e-01,-0.000000000000000000e+00,0.000000000000000000e+00,1.140082743898524903e-01,-2.302835196981940225e-01,-0.000000000000000000e+00,0.000000000000000000e+00,0.000000000000000000e+00,-0.000000000000000000e+00,-7.841072943338538159e-02,-6.559639287571288058e-02,0.000000000000000000e+00,-0.000000000000000000e+00,0.000000000000000000e+00,-1.554457720109968522e-01,1.067613278924686160e-01,-2.904892947163059680e-01
-0.000000000000000000e+00,0.000000000000000000e+00,0.000000000000000000e+00,-0.000000000000000000e+00,0.000000000000000000e+00,0.000000000000000000e+00,-0.000000000000000000e+00,-0.000000000000000000e+00,0.000000000000000000e+00,-0.000000000000000000e+00,0.000000000000000000e+00,0.000000000000000000e+00,-0.000000000000000000e+00,0.000000000000000000e+00,-0.000000000000000000e+00,-0.000000000000000000e+00,-0.000000000000000000e+00,-0.000000000000000000e+00,0.000000000000000000e+00,1.000026451555772633e+00,0.000000000000000000e+00,-5.143223649888703335e-03,0.000000000000000000e+00,0.000000000000000000e+00,0.000000000000000000e+00,-0.000000000000000000e+00,0.000000000000000000e+00,0.000000000000000000e+00,-0.000000000000000000e+00,-0.000000000000000000e+00,0.000000000000000000e+00,0.000000000000000000e+00,0.000000000000000000e+00,0.000000000000000000e+00,-0.000000000000000000e+00,0.000000000000000000e+00,-0.000000000000000000e+00,-0.000000000000000000e+00,0.000000000000000000e+00
0.000000000000000000e+00,-3.891560824288229498e-02,-0.000000000000000000e+00,-2.640108295567996505e-02,-0.000000000000000000e+00,-1.350874860617220785e-01,0.000000000000000000e+00,0.000000000000000000e+00,-0.000000000000000000e+00,-1.123816143375491461e-01,0.000000000000000000e+00,-0.000000000000000000e+00,-0.000000000000000000e+00,-0.000000000000000000e+00,1.210219314944591951e-01,-7.633486971565189849e-02,-0.000000000000000000e+00,0.000000000000000000e+00,-0.000000000000000000e+00,0.000000000000000000e+00,1.761955472725680760e+00,-1.725642056594830220e-01,-2.487385099101218910e-01,-6.014107891765670122e-02,0.000000000000000000e+00,0.000000000000000000e+00,-0.000000000000000000e+00,-0.000000000000000000e+00,0.000000000000000000e+00,0.000000000000000000e+00,-2.026185715209240512e-01,-0.000000000000000000e+00,-3.331810627784100309e-01,0.000000000000000000e+00,-0.000000000000000000e+00,-0.000000000000000000e+00,-1.020440323497766311e-02,1.235101628164566277e-02,-0.000000000000000000e+00
0.000000000000000000e+00,-1.030612205870778814e-01,-0.000000000000000000e+00,-5.314567607053262421e-02,-0.000000000000000000e+00,-5.527434453909438328e-02,0.000000000000000000e+00,0.000000000000000000e+00,-0.000000000000000000e+00,-3.698762952370333867e-02,0.000000000000000000e+00,-7.777329296980803330e-02,-0.000000000000000000e+00,-0.000000000000000000e+00,0.000000000000000000e+00,-0.000000000000000000e+00,-0.000000000000000000e+00,5.378651246098540423e-02,-0.000000000000000000e+00,-5.143223649888703335e-03,-1.725642056594830220e-01,1.584089195208848722e+00,-0.000000000000000000e+00,-0.000000000000000000e+00,0.000000000000000000e+00,0.000000000000000000e+00,-1.671713530577429718e-01,-0.000000000000000000e+00,0.000000000000000000e+00,0.000000000000000000e+00,-9.174451797296399869e-02,-1.189149864107476307e-01,-9.135002610386083743e-02,0.000000000000000000e+00,-0.000000000000000000e+00,0.000000000000000000e+00,-9.004682140493636133e-02,6.764143299371978835e-02,-7.271787029307932859e-02
0.000000000000000000e+00,-3.045320833614221234e-01,-0.000000000000000000e+00,-0.000000000000000000e+00,-0.000000000000000000e+00,-2.035626781152874432e-01,0.000000000000000000e+00,0.000000000000000000e+00,-0.000000000000000000e+00,-2.190071296857888650e-01,0.000000000000000000e+00,-6.207312134963652306e-02,-0.000000000000000000e+00,-7.669042833489790600e-02,1.390561301688017781e-01,-1.079132958227170536e-01,-1.550896396504376495e-01,1.217331076076529212e-01,-1.178420561861194538e-01,0.000000000000000000e+00,-2.487385099101218910e-01,-0.000000000000000000e+00,2.790774910367351147e+00,-3.427188529874799494e-01,0.000000000000000000e+00,0.000000000000000000e+00,-1.038276599052482541e-01,-0.000000000000000000e+00,0.000000000000000000e+00,0.000000000000000000e+00,-1.441839844911992075e-02,-1.001456501691675993e-01,-3.123338503257597210e-01,0.000000000000000000e+00,-0.000000000000000000e+00,0.000000000000000000e+00,-1.293181905803101883e-01,2.098723967900459255e-03,-1.977760386597350872e-01
0.000000000000000000e+00,-2.528737602206887827e-02,-0.000000000000000000e+00,-0.000000000000000000e+00,-0.000000000000000000e+00,-0.000000000000000000e+00,0.000000000000000000e+00,0.000000000000000000e+00,-0.000000000000000000e+00,-1.497034601738831718e-02,0.000000000000000000e+00,-0.000000000000000000e+00,-0.000000000000000000e+00,-3.767493427676906759e-01,6.529593203257071099e-02,-8.541557031355488661e-02,-0.000000000000000000e+00,1.311317567033594422e-01,-0.000000000000000000e+00,0.000000000000000000e+00,-6.014107891765670122e-02,-0.000000000000000000e+00,-3.427188529874799494e-01,1.743184657019924977e+00,0.000000000000000000e+00,0.000000000000000000e+00,-0.000000000000000000e+00,-0.000000000000000000e+00,0.000000000000000000e+00,0.000000000000000000e+00,-1.165017955411507405e-01,-0.000000000000000000e+00,-2.261595273702763920e-01,0.000000000000000000e+00,-0.000000000000000000e+00,-0.000000000000000000e+00,-0.000000000000000000e+00,3.776432493292608550e-02,-0.000000000000000000e+00
-6.097119347517503812e-02,0.000000000000000000e+00,-0.000000000000000000e+00,0.000000000000000000e+00,-0.000000000000000000e+00,3.805526957098293896e-03,-0.000000000000000000e+00,0.000000000000000000e+00,-1.011362228458311113e-01,0.000000000000000000e+00,-1.303112177147961182e-01,0.000000000000000000e+00,1.446427598729655428e-01,0.000000000000000000e+00,-0.000000000000000000e+00,-0.000000000000000000e+00,0.000000000000000000e+00,-0.000000000000000000e+00,0.000000000000000000e+00,0.000000000000000000e+00,0.000000000000000000e+00,0.000000000000000000e+00,0.000000000000000000e+00,0.000000000000000000e+00,1.743660571179565411e+00,-2.080727646021817145e-01,0.000000000000000000e+00,-0.000000000000000000e+00,-2.963178094137416396e-01,-3.692247737957393694e-01,0.000000000000000000e+00,6.299429980783385896e-02,0.000000000000000000e+00,-2.569753288391906088e-01,0.000000000000000000e+00,-1.247688291646630553e-02,5.176552034091504856e-02,-4.882609454605149613e-02,0.000000000000000000e+00
-1.602245160947174049e-02,9.098896662398547885e-02,-0.000000000000000000e+00,2.205022667279231408e-02,0.000000000000000000e+00,1.739908010904911706e-01,-1.654043551281167146e-01,0.000000000000000000e+00,-0.000000000000000000e+00,0.000000000000000000e+00,-2.795025465581629093e-02,6.520583464449623834e-02,0.000000000000000000e+00,0.000000000000000000e+00,-4.616980288787146947e-01,0.000000000000000000e+00,0.000000000000000000e+00,-2.637134362377430152e-01,1.140082743898524903e-01,-0.000000000000000000e+00,0.000000000000000000e+00,0.000000000000000000e+00,0.000000000000000000e+00,0.000000000000000000e+00,-2.080727646021817145e-01,2.761688533748331675e+00,1.041548689765335991e-03,0.000000000000000000e+00,-2.213914820662294669e-01,-1.860606959340502242e-01,0.000000000000000000e+00,1.246351313617856393e-01,4.070176952522022024e-02,-2.676975472751167429e-01,0.000000000000000000e+00,-0.000000000000000000e+00,1.244886851932425348e-01,-4.566200238535363942e-01,2.993088788129777758e-02
0.000000000000000000e+00,-1.782538942018991879e-01,-0.000000000000000000e+00,-1.079389209282111545e-01,-0.000000000000000000e+00,-1.703451389344559919e-01,9.353874348441675035e-02,0.000000000000000000e+00,-0.000000000000000000e+00,-5.310635408014713343e-02,5.700147644435722694e-02,-3.507957332359601388e-01,-0.000000000000000000e+00,-8.989588375694636257e-02,1.093819641276545657e-01,-0.000000000000000000e+00,-6.275110958947385797e-02,1.176087495258606869e-01,-2.302835196981940225e-01,0.000000000000000000e+00,-0.000000000000000000e+00,-1.671713530577429718e-01,-1.038276599052482541e-01,-0.000000000000000000e+00,0.000000000000000000e+00,1.041548689765335991e-03,2.953930002227088458e+00,-0.000000000000000000e+00,0.000000000000000000e+00,0.000000000000000000e+00,-4.126123828096209950e-02,-3.425604485039066560e-01,-1.149661189436173431e-01,0.000000000000000000e+00,-0.000000000000000000e+00,0.000000000000000000e+00,-2.301784443606456065e-01,1.499356588606289842e-01,-3.386711269965845816e-01
0.000000000000000000e+00,-0.000000000000000000e+00,-3.083054181911767389e-01,-0.000000000000000000e+00,-5.787836625980650324e-02,-0.000000000000000000e+00,0.000000000000000000e+00,2.240881726671883067e-01,-0.000000000000000000e+00,-0.000000000000000000e+00,-0.000000000000000000e+00,-0.000000000000000000e+00,0.000000000000000000e+00,-0.000000000000000000e+00,0.000000000000000000e+00,-0.000000000000000000e+00,-0.000000000000000000e+00,0.000000000000000000e+00,-0.000000000000000000e+00,0.000000000000000000e+00,-0.000000000000000000e+00,-0.000000000000000000e+00,-0.000000000000000000e+00,-0.000000000000000000e+00,-0.000000000000000000e+00,0.000000000000000000e+00,-0.000000000000000000e+00,1.365695420662950799e+00,-0.000000000000000000e+00,0.000000000000000000e+00,-3.290537080220883870e-01,-0.000000000000000000e+00,-0.000000000000000000e+00,-0.000000000000000000e+00,-0.000000000000000000e+00,-1.412397182543203844e-01,-0.000000000000000000e+00,0.000000000000000000e+00,-0.000000000000000000e+00
-4.110050577432388108e-01,0.000000000000000000e+00,-0.000000000000000000e+00,0.000000000000000000e+00,-0.000000000000000000e+00,0.000000000000000000e+00,-0.000000000000000000e+00,0.000000000000000000e+00,-0.000000000000000000e+00,0.000000000000000000e+00,-4.343270988596158177e-02,7.141917768556677037e-02,0.000000000000000000e+00,0.000000000000000000e+00,-0.000000000000000000e+00,-0.000000000000000000e+00,0.000000000000000000e+00,-0.000000000000000000e+00,0.000000000000000000e+00,-0.000000000000000000e+00,0.000000000000000000e+00,0.000000000000000000e+00,0.000000000000000000e+00,0.000000000000000000e+00,-2.963178094137416396e-01,-2.213914820662294669e-01,0.000000000000000000e+00,-0.000000000000000000e+00,1.596500989792420944e+00,-2.865751566540109246e-03,1.606515152049634021e-02,0.000000000000000000e+00,0.000000000000000000e+00,-0.000000000000000000e+00,-1.902840534959243102e-01,-0.000000000000000000e+00,0.000000000000000000e+00,-2.564823045663511270e-01,0.000000000000000000e+00
-5.197261625013341879e-01,0.000000000000000000e+00,-0.000000000000000000e+00,0.000000000000000000e+00,-0.000000000000000000e+00,0.000000000000000000e+00,-2.563524977621866804e-02,0.000000000000000000e+00,-1.790022082768349121e-01,-0.000000000000000000e+00,-2.501979675638283523e-02,0.000000000000000000e+00,0.000000000000000000e+00,0.000000000000000000e+00,-0.000000000000000000e+00,-0.000000000000000000e+00,0.000000000000000000e+00,-6.097133251894297501e-02,0.000000000000000000e+00,-0.000000000000000000e+00,0.000000000000000000e+00,0.000000000000000000e+00,0.000000000000000000e+00,0.000000000000000000e+00,-3.692247737957393694e-01,-1.860606959340502242e-01,0.000000000000000000e+00,0.000000000000000000e+00,-2.865751566540109246e-03,1.802811401355697507e+00,0.000000000000000000e+00,0.000000000000000000e+00,0.000000000000000000e+00,-2.789372047918231567e-01,-0.000000000000000000e+00,-0.000000000000000000e+00,0.000000000000000000e+00,-1.065082774727700576e-01,0.000000000000000000e+00
0.000000000000000000e+00,-0.000000000000000000e+00,-4.002184793155593584e-02,-0.000000000000000000e+00,-0.000000000000000000e+00,-0.000000000000000000e+00,0.000000000000000000e+00,1.473282981287531331e-02,-0.000000000000000000e+00,-0.000000000000000000e+00,0.000000000000000000e+00,-0.000000000000000000e+00,0.000000000000000000e+00,-0.000000000000000000e+00,0.000000000000000000e+00,-0.000000000000000000e+00,-0.000000000000000000e+00,3.641094113941582000e-01,-0.000000000000000000e+00,0.000000000000000000e+00,-2.026185715209240512e-01,-9.174451797296399869e-02,-1.441839844911992075e-02,-1.165017955411507405e-01,0.000000000000000000e+00,0.000000000000000000e+00,-4.126123828096209950e-02,-3.290537080220883870e-01,1.606515152049634021e-02,0.000000000000000000e+00,1.453393695070920755e+00,-0.000000000000000000e+00,-0.000000000000000000e+00,-0.000000000000000000e+00,0.000000000000000000e+00,-0.000000000000000000e+00,-0.000000000000000000e+00,1.575717440356321289e-02,-0.000000000000000000e+00
0.000000000000000000e+00,-2.060033290432546071e-01,-0.000000000000000000e+00,-5.393076795245792948e-02,-0.000000000000000000e+00,-3.511021162887562053e-01,6.551119043789188634e-02,0.000000000000000000e+00,-0.000000000000000000e+00,-0.000000000000000000e+00,0.000000000000000000e+00,-2.096437261047713885e-01,-4.805149704582382941e-02,-0.000000000000000000e+00,1.338306855809524576e-01,-0.000000000000000000e+00,-2.081787794493629162e-01,1.305765110466438894e-01,-7.841072943338538159e-02,0.000000000000000000e+00,-0.000000000000000000e+00,-1.189149864107476307e-01,-1.001456501691675993e-01,-0.000000000000000000e+00,6.299429980783385896e-02,1.246351313617856393e-01,-3.425604485039066560e-01,-0.000000000000000000e+00,0.000000000000000000e+00,0.000000000000000000e+00,-0.000000000000000000e+00,2.944250814372303626e+00,-6.577699203546552575e-02,0.000000000000000000e+00,-0.000000000000000000e+00,0.000000000000000000e+00,-3.332518155017887840e-01,1.517917097609688959e-01,-2.769811070018651789e-01
0.000000000000000000e+00,-1.398026195402668204e-01,-0.000000000000000000e+00,-5.660432570578977779e-02,-0.000000000000000000e+00,-2.752676665356512120e-01,0.000000000000000000e+00,0.000000000000000000e+00,-0.000000000000000000e+00,-4.803930798396441326e-02,0.000000000000000000e+00,-5.507709869698991512e-02,-0.000000000000000000e+00,-2.048274837147011362e-01,1.727805640620381777e-01,-9.896260594379509279e-02,-0.000000000000000000e+00,1.531525766257883225e-01,-6.559639287571288058e-02,0.000000000000000000e+00,-3.331810627784100309e-01,-9.135002610386083743e-02,-3.123338503257597210e-01,-2.261595273702763920e-01,0.000000000000000000e+00,4.070176952522022024e-02,-1.149661189436173431e-01,-0.000000000000000000e+00,0.000000000000000000e+00,0.000000000000000000e+00,-0.000000000000000000e+00,-6.577699203546552575e-02,2.842165994722691824e+00,0.000000000000000000e+00,-7.980927734132951118e-03,0.000000000000000000e+00,-2.979846660795512081e-01,1.790374200498996426e-01,-9.009222797097535262e-02
-7.077135482153860263e-03,0.000000000000000000e+00,-7.389744957674644621e-02,0.000000000000000000e+00,-1.593297170104483462e-01,0.000000000000000000e+00,-0.000000000000000000e+00,2.444401963046491655e-01,-2.288264290764235043e-01,0.000000000000000000e+00,-4.168845283419084333e-04,0.000000000000000000e+00,0.000000000000000000e+00,-0.000000000000000000e+00,-1.398019991129244854e-01,0.000000000000000000e+00,0.000000000000000000e+00,-0.000000000000000000e+00,0.000000000000000000e+00,0.000000000000000000e+00,0.000000000000000000e+00,0.000000000000000000e+00,0.000000000000000000e+00,0.000000000000000000e+00,-2.569753288391906088e-01,-2.676975472751167429e-01,0.000000000000000000e+00,-0.000000000000000000e+00,-0.000000000000000000e+00,-2.789372047918231567e-01,-0.000000000000000000e+00,0.000000000000000000e+00,0.000000000000000000e+00,1.674426096714313195e+00,0.000000000000000000e+00,-2.006043831925690968e-01,0.000000000000000000e+00,-0.000000000000000000e+00,0.000000000000000000e+00
-0.000000000000000000e+00,-0.000000000000000000e+00,-0.000000000000000000e+00,-0.000000000000000000e+00,-0.000000000000000000e+00,-0.000000000000000000e+00,0.000000000000000000e+00,0.000000000000000000e+00,-0.000000000000000000e+00,-0.000000000000000000e+00,0.000000000000000000e+00,-0.000000000000000000e+00,-0.000000000000000000e+00,-6.717537021729215463e-02,0.000000000000000000e+00,-0.000000000000000000e+00,-1.894083885193209582e-01,0.000000000000000000e+00,-0.000000000000000000e+00,-0.000000000000000000e+00,-0.000000000000000000e+00,-0.000000000000000000e+00,-0.000000000000000000e+00,-0.000000000000000000e+00,0.000000000000000000e+00,0.000000000000000000e+00,-0.000000000000000000e+00,-0.000000000000000000e+00,-1.902840534959243102e-01,-0.000000000000000000e+00,0.000000000000000000e+00,-0.000000000000000000e+00,-7.980927734132951118e-03,0.000000000000000000e+00,1.061777236783541856e+00,0.000000000000000000e+00,-0.000000000000000000e+00,0.000000000000000000e+00,-0.000000000000000000e+00
0.000000000000000000e+00,0.000000000000000000e+00,-6.880440646520290249e-02,0.000000000000000000e+00,-0.000000000000000000e+00,0.000000000000000000e+00,-0.000000000000000000e+00,5.038062805473652456e-02,-0.000000000000000000e+00,0.000000000000000000e+00,-0.000000000000000000e+00,0.000000000000000000e+00,1.809852181537313920e-01,-0.000000000000000000e+00,-0.000000000000000000e+00,-0.000000000000000000e+00,0.000000000000000000e+00,-0.000000000000000000e+00,0.000000000000000000e+00,0.000000000000000000e+00,-0.000000000000000000e+00,0.000000000000000000e+00,0.000000000000000000e+00,-0.000000000000000000e+00,-1.247688291646630553e-02,-0.000000000000000000e+00,0.000000000000000000e+00,-1.412397182543203844e-01,-0.000000000000000000e+00,-0.000000000000000000e+00,-0.000000000000000000e+00,0.000000000000000000e+00,0.000000000000000000e+00,-2.006043831925690968e-01,0.000000000000000000e+00,1.139950409285353405e+00,0.000000000000000000e+00,-0.000000000000000000e+00,0.000000000000000000e+00
0.000000000000000000e+00,-1.570529363322081817e-01,-0.000000000000000000e+00,-4.346549501349887545e-02,-0.000000000000000000e+00,-3.586921975348535407e-01,9.052312479562317493e-02,0.000000000000000000e+00,-0.000000000000000000e+00,-0.000000000000000000e+00,1.249951497691475510e-01,-1.458944037380499603e-01,-1.806130302441785185e-01,-1.209482723028003637e-01,9.759216039984684732e-02,-0.000000000000000000e+00,-1.424097542543971695e-01,0.000000000000000000e+00,-1.554457720109968522e-01,-0.000000000000000000e+00,-1.020440323497766311e-02,-9.004682140493636133e-02,-1.293181905803101883e-01,-0.000000000000000000e+00,5.176552034091504856e-02,1.244886851932425348e-01,-2.301784443606456065e-01,-0.000000000000000000e+00,0.000000000000000000e+00,0.000000000000000000e+00,-0.000000000000000000e+00,-3.332518155017887840e-01,-2.979846660795512081e-01,0.000000000000000000e+00,-0.000000000000000000e+00,0.000000000000000000e+00,2.977466795261840993e+00,9.357288747899224213e-02,-2.334991838539732800e-01
-0.000000000000000000e+00,0.000000000000000000e+00,0.000000000000000000e+00,1.718281246866960876e-01,0.000000000000000000e+00,1.197354636141763212e-01,-1.060504746601531739e-01,-0.000000000000000000e+00,-0.000000000000000000e+00,0.000000000000000000e+00,-4.622287371976883247e-02,8.060538944166810438e-02,0.000000000000000000e+00,0.000000000000000000e+00,-4.536030731200371147e-01,0.000000000000000000e+00,0.000000000000000000e+00,-2.307923033595005446e-01,1.067613278924686160e-01,-0.000000000000000000e+00,1.235101628164566277e-02,6.764143299371978835e-02,2.098723967900459255e-03,3.776432493292608550e-02,-4.882609454605149613e-02,-4.566200238535363942e-01,1.499356588606289842e-01,0.000000000000000000e+00,-2.564823045663511270e-01,-1.065082774727700576e-01,1.575717440356321289e-02,1.517917097609688959e-01,1.790374200498996426e-01,-0.000000000000000000e+00,0.000000000000000000e+00,-0.000000000000000000e+00,9.357288747899224213e-02,2.707079577964930817e+00,0.000000000000000000e+00
0.000000000000000000e+00,-2.904642468217326634e-01,-0.000000000000000000e+00,-0.000000000000000000e+00,-0.000000000000000000e+00,-1.579788820550173112e-01,1.395294324969183486e-01,0.000000000000000000e+00,-0.000000000000000000e+00,-1.309483952547034757e-01,0.000000000000000000e+00,-3.935376114919686419e-01,-1.009852706883053799e-02,-4.918788593131809272e-02,7.706797955581738691e-02,-0.000000000000000000e+00,-9.012384924535581099e-02,1.215705017030163232e-01,-2.904892947163059680e-01,0.000000000000000000e+00,-0.000000000000000000e+00,-7.271787029307932859e-02,-1.977760386597350872e-01,-0.000000000000000000e+00,0.000000000000000000e+00,2.993088788129777758e-02,-3.386711269965845816e-01,-0.000000000000000000e+00,0.000000000000000000e+00,0.000000000000000000e+00,-0.000000000000000000e+00,-2.769811070018651789e-01,-9.009222797097535262e-02,0.000000000000000000e+00,-0.000000000000000000e+00,0.000000000000000000e+00,-2.334991838539732800e-01,0.000000000000000000e+00,2.921025516081855233e+00
