1.833223901672401235e+00,-2.014107286463248381e-01,-0.000000000000000000e+00,-0.000000000000000000e+00,-0.000000000000000000e+00,-0.000000000000000000e+00,-0.000000000000000000e+00,0.000000000000000000e+00,-8.343290862382703177e-03,-1.564723298443846528e-02,-3.747803989147444753e-02,-0.000000000000000000e+00,-0.000000000000000000e+00,-0.000000000000000000e+00,-0.000000000000000000e+00,-3.871636984733294040e-02,-1.422270584727048093e-01,-0.000000000000000000e+00,-0.000000000000000000e+00,-0.000000000000000000e+00,-0.000000000000000000e+00,-0.000000000000000000e+00,-2.482122893333096880e-01,-0.000000000000000000e+00,-2.648522624907252709e-02,-2.628105739227325488e-01,-1.356539490915719959e-01,-4.309280583162858336e-02,-0.000000000000000000e+00,-0.000000000000000000e+00,-0.000000000000000000e+00,-0.000000000000000000e+00,-0.000000000000000000e+00,-0.000000000000000000e+00,-1.088382851256053524e-01,-4.599494830042602511e-02,-3.140793876408318197e-02,-3.154179850048808853e-01,-1.939185239232107394e-01
-2.014107286463248381e-01,2.013704779128383748e+00,-0.000000000000000000e+00,0.000000000000000000e+00,-5.206859213597218872e-02,-0.000000000000000000e+00,-0.000000000000000000e+00,0.000000000000000000e+00,-1.497137811829364340e-01,-2.201875795581680617e-01,-0.000000000000000000e+00,-0.000000000000000000e+00,-0.000000000000000000e+00,-0.000000000000000000e+00,-0.000000000000000000e+00,-9.785742926212764869e-02,-0.000000000000000000e+00,-0.000000000000000000e+00,-0.000000000000000000e+00,-0.000000000000000000e+00,-0.000000000000000000e+00,-0.000000000000000000e+00,-1.019403873795196314e-01,-0.000000000000000000e+00,-2.838083936256118878e-01,-0.000000000000000000e+00,-0.000000000000000000e+00,-2.668455751919083987e-03,-0.000000000000000000e+00,-2.986108807392615638e-01,-0.000000000000000000e+00,-2.563850886115858208e-01,-0.000000000000000000e+00,-0.000000000000000000e+00,-0.000000000000000000e+00,-3.584873114443193898e-01,-0.000000000000000000e+00,0.000000000000000000e+00,-0.000000000000000000e+00
-0.000000000000000000e+00,-0.000000000000000000e+00,2.499806006676067671e+00,0.000000000000000000e+00,-3.150293604324169161e-01,-0.000000000000000000e+00,-0.000000000000000000e+00,9.793901999371957823e-01,-0.000000000000000000e+00,-0.000000000000000000e+00,-0.000000000000000000e+00,-0.000000000000000000e+00,-0.000000000000000000e+00,-1.297448835057386785e-01,-0.000000000000000000e+00,-0.000000000000000000e+00,-0.000000000000000000e+00,-0.000000000000000000e+00,-7.685995794357317057e-02,-0.000000000000000000e+00,-2.144912217739924076e-01,-0.000000000000000000e+00,-0.000000000000000000e+00,-0.000000000000000000e+00,-0.000000000000000000e+00,-0.000000000000000000e+00,-6.953631738889416714e-02,-1.587813087133150836e-01,-0.000000000000000000e+00,-0.000000000000000000e+00,-7.123821732153459707e-02,-0.000000000000000000e+00,-4.928692978825356952e-01,-6.844265028725166067e-02,-0.000000000000000000e+00,-0.000000000000000000e+00,-0.000000000000000000e+00,-0.000000000000000000e+00,-0.000000000000000000e+00
-0.000000000000000000e+00,0.000000000000000000e+00,0.000000000000000000e+00,1.016446341176159063e+00,0.000000000000000000e+00,-0.000000000000000000e+00,-0.000000000000000000e+00,-0.000000000000000000e+00,2.111600822873302419e-02,0.000000000000000000e+00,-0.000000000000000000e+00,-0.000000000000000000e+00,-0.000000000000000000e+00,-0.000000000000000000e+00,0.000000000000000000e+00,0.000000000000000000e+00,-0.000000000000000000e+00,-1.319003244949313591e-01,0.000000000000000000e+00,-0.000000000000000000e+00,0.000000000000000000e+00,-0.000000000000000000e+00,-0.000000000000000000e+00,-0.000000000000000000e+00,0.000000000000000000e+00,-0.000000000000000000e+00,-0.000000000000000000e+00,0.000000000000000000e+00,-0.000000000000000000e+00,0.000000000000000000e+00,-0.000000000000000000e+00,0.000000000000000000e+00,0.000000000000000000e+00,0.000000000000000000e+00,-0.000000000000000000e+00,0.000000000000000000e+00,-0.000000000000000000e+00,-0.000000000000000000e+00,-0.000000000000000000e+00
-0.000000000000000000e+00,-5.206859213597218872e-02,-3.150293604324169161e-01,0.000000000000000000e+00,2.280640116207521384e+00,-0.000000000000000000e+00,-0.000000000000000000e+00,2.669973488234924641e-01,-5.177120706078673917e-01,-0.000000000000000000e+00,-0.000000000000000000e+00,-0.000000000000000000e+00,-0.000000000000000000e+00,-4.155419721487146889e-02,-0.000000000000000000e+00,-0.000000000000000000e+00,-0.000000000000000000e+00,-0.000000000000000000e+00,-0.000000000000000000e+00,-0.000000000000000000e+00,-0.000000000000000000e+00,-0.000000000000000000e+00,-0.000000000000000000e+00,-0.000000000000000000e+00,-0.000000000000000000e+00,-0.000000000000000000e+00,-0.000000000000000000e+00,-1.988105838890515953e-01,-0.000000000000000000e+00,-1.441693190650336631e-02,-0.000000000000000000e+00,-3.403664350740557842e-01,-2.041279935451835725e-01,-4.644105111659889151e-01,-0.000000000000000000e+00,-0.000000000000000000e+00,-0.000000000000000000e+00,-0.000000000000000000e+00,-0.000000000000000000e+00
-0.000000000000000000e+00,-0.000000000000000000e+00,-0.000000000000000000e+00,-0.000000000000000000e+00,-0.000000000000000000e+00,1.451123559905405536e+00,-0.000000000000000000e+00,0.000000000000000000e+00,0.000000000000000000e+00,-0.000000000000000000e+00,-3.484047862658092715e-02,-0.000000000000000000e+00,-0.000000000000000000e+00,-1.287645570448390231e-01,-0.000000000000000000e+00,-0.000000000000000000e+00,-1.916560065867228824e-01,-9.177648848515214397e-02,-0.000000000000000000e+00,-0.000000000000000000e+00,-0.000000000000000000e+00,-1.392705173375200778e-01,-0.000000000000000000e+00,-0.000000000000000000e+00,-0.000000000000000000e+00,-0.000000000000000000e+00,-0.000000000000000000e+00,-0.000000000000000000e+00,-2.479100290651669314e-01,-0.000000000000000000e+00,-0.000000000000000000e+00,-0.000000000000000000e+00,-2.990485163831395257e-03,-0.000000000000000000e+00,-5.145974282269945299e-02,-1.808693715816123843e-02,-1.934474777026884140e-01,-0.000000000000000000e+00,-0.000000000000000000e+00
-0.000000000000000000e+00,-0.000000000000000000e+00,-0.000000000000000000e+00,-0.000000000000000000e+00,-0.000000000000000000e+00,-0.000000000000000000e+00,1.045683087926206678e+00,0.000000000000000000e+00,-0.000000000000000000e+00,-7.616400637970179022e-03,0.000000000000000000e+00,-0.000000000000000000e+00,-0.000000000000000000e+00,-0.000000000000000000e+00,-0.000000000000000000e+00,-3.007174973852302230e-02,-0.000000000000000000e+00,-1.367999221812747981e-02,-6.108806861769625757e-02,-0.000000000000000000e+00,-0.000000000000000000e+00,-0.000000000000000000e+00,-0.000000000000000000e+00,-0.000000000000000000e+00,-3.757517201917236899e-02,-0.000000000000000000e+00,-3.362951222031089482e-02,-0.000000000000000000e+00,-0.000000000000000000e+00,-0.000000000000000000e+00,-1.052932067433552388e-01,-0.000000000000000000e+00,-0.000000000000000000e+00,-0.000000000000000000e+00,-0.000000000000000000e+00,-1.579239582031724196e-02,-0.000000000000000000e+00,-0.000000000000000000e+00,-0.000000000000000000e+00
0.000000000000000000e+00,0.000000000000000000e+00,9.793901999371957823e-01,-0.000000000000000000e+00,2.669973488234924641e-01,0.000000000000000000e+00,0.000000000000000000e+00,2.285320642011523518e+00,0.000000000000000000e+00,0.000000000000000000e+00,0.000000000000000000e+00,0.000000000000000000e+00,-0.000000000000000000e+00,1.108137358176849718e-01,0.000000000000000000e+00,0.000000000000000000e+00,0.000000000000000000e+00,0.000000000000000000e+00,0.000000000000000000e+00,0.000000000000000000e+00,3.330810136726384818e-01,0.000000000000000000e+00,0.000000000000000000e+00,0.000000000000000000e+00,0.000000000000000000e+00,0.000000000000000000e+00,0.000000000000000000e+00,8.343490576126397218e-02,0.000000000000000000e+00,0.000000000000000000e+00,3.500602405097803186e-03,0.000000000000000000e+00,3.361404480513855431e-01,8.714957760923637553e-02,0.000000000000000000e+00,0.000000000000000000e+00,0.000000000000000000e+00,0.000000000000000000e+00,0.000000000000000000e+00
-8.343290862382703177e-03,-1.497137811829364340e-01,-0.000000000000000000e+00,2.111600822873302419e-02,-5.177120706078673917e-01,0.000000000000000000e+00,-0.000000000000000000e+00,0.000000000000000000e+00,1.453817999790503857e+00,-0.000000000000000000e+00,-0.000000000000000000e+00,0.000000000000000000e+00,0.000000000000000000e+00,-0.000000000000000000e+00,-0.000000000000000000e+00,-0.000000000000000000e+00,-0.000000000000000000e+00,0.000000000000000000e+00,-0.000000000000000000e+00,0.000000000000000000e+00,-0.000000000000000000e+00,0.000000000000000000e+00,-0.000000000000000000e+00,-0.000000000000000000e+00,-0.000000000000000000e+00,-0.000000000000000000e+00,-0.000000000000000000e+00,-0.000000000000000000e+00,0.000000000000000000e+00,-0.000000000000000000e+00,-0.000000000000000000e+00,-1.960287335145308729e-01,-8.861657902614589188e-02,-0.000000000000000000e+00,-0.000000000000000000e+00,-0.000000000000000000e+00,0.000000000000000000e+00,-0.000000000000000000e+00,-6.635312050095018566e-02
-1.564723298443846528e-02,-2.201875795581680617e-01,-0.000000000000000000e+00,0.000000000000000000e+00,-0.000000000000000000e+00,-0.000000000000000000e+00,-7.616400637970179022e-03,0.000000000000000000e+00,-0.000000000000000000e+00,2.589453615473130466e+00,-0.000000000000000000e+00,-0.000000000000000000e+00,-0.000000000000000000e+00,-1.474444251345919943e-01,-0.000000000000000000e+00,-6.285763320493134021e-01,-0.000000000000000000e+00,-0.000000000000000000e+00,-1.137388613393136433e-01,-4.523411782400822700e-02,-0.000000000000000000e+00,-1.959700287709321628e-02,-1.467453508487870373e-01,-0.000000000000000000e+00,-2.671598623485326729e-01,-9.923946468288783948e-03,-2.363718192447538530e-02,-2.020627522864618109e-01,-1.434979446079909238e-01,-4.653837695557859200e-01,-1.254709462254803010e-01,-8.621066395535817439e-02,-0.000000000000000000e+00,-0.000000000000000000e+00,-0.000000000000000000e+00,-1.314647623956754496e-01,-1.045177983535322368e-02,-0.000000000000000000e+00,-0.000000000000000000e+00
-3.747803989147444753e-02,-0.000000000000000000e+00,-0.000000000000000000e+00,-0.000000000000000000e+00,-0.000000000000000000e+00,-3.484047862658092715e-02,0.000000000000000000e+00,0.000000000000000000e+00,-0.000000000000000000e+00,-0.000000000000000000e+00,1.572868207290728737e+00,-0.000000000000000000e+00,-0.000000000000000000e+00,-9.879200853075052746e-03,-0.000000000000000000e+00,-0.000000000000000000e+00,-3.677052448954748476e-01,-0.000000000000000000e+00,-0.000000000000000000e+00,-0.000000000000000000e+00,-0.000000000000000000e+00,-0.000000000000000000e+00,-1.001745754745444195e-01,-0.000000000000000000e+00,-0.000000000000000000e+00,-0.000000000000000000e+00,-2.269983579204493673e-01,-0.000000000000000000e+00,-0.000000000000000000e+00,-0.000000000000000000e+00,-0.000000000000000000e+00,-2.049091838322856240e-01,-1.643576903105363474e-02,-0.000000000000000000e+00,-2.813754049703104734e-02,-0.000000000000000000e+00,-0.000000000000000000e+00,-1.420942500013476495e-01,-2.032348217995730288e-01
-0.000000000000000000e+00,-0.000000000000000000e+00,-0.000000000000000000e+00,-0.000000000000000000e+00,-0.000000000000000000e+00,-0.000000000000000000e+00,-0.000000000000000000e+00,0.000000000000000000e+00,0.000000000000000000e+00,-0.000000000000000000e+00,-0.000000000000000000e+00,1.636962766052844742e+00,-1.620469257064792445e-01,-1.354281309704719327e-01,-2.204989068906764438e-01,-0.000000000000000000e+00,-0.000000000000000000e+00,-2.490316606749879980e-01,-0.000000000000000000e+00,-1.469670778989008164e-01,0.000000000000000000e+00,-3.428157245604936398e-01,-0.000000000000000000e+00,-0.000000000000000000e+00,-0.000000000000000000e+00,-4.426628962386187915e-02,-0.000000000000000000e+00,-0.000000000000000000e+00,-5.298491048311033957e-02,-0.000000000000000000e+00,-1.858801610854517450e-01,-0.000000000000000000e+00,-0.000000000000000000e+00,-6.813505490888366323e-02,-0.000000000000000000e+00,-0.000000000000000000e+00,-5.902769208234354831e-02,-0.000000000000000000e+00,-0.000000000000000000e+00
-0.000000000000000000e+00,-0.000000000000000000e+00,-0.000000000000000000e+00,-0.000000000000000000e+00,-0.000000000000000000e+00,-0.000000000000000000e+00,-0.000000000000000000e+00,-0.000000000000000000e+00,0.000000000000000000e+00,-0.000000000000000000e+00,-0.000000000000000000e+00,-1.620469257064792445e-01,1.040313539805989285e+00,-0.000000000000000000e+00,-8.583966401146014835e-02,-0.000000000000000000e+00,-0.000000000000000000e+00,-0.000000000000000000e+00,-0.000000000000000000e+00,-0.000000000000000000e+00,0.000000000000000000e+00,-0.000000000000000000e+00,-0.000000000000000000e+00,-0.000000000000000000e+00,-0.000000000000000000e+00,-0.000000000000000000e+00,-0.000000000000000000e+00,-0.000000000000000000e+00,-0.000000000000000000e+00,-0.000000000000000000e+00,0.000000000000000000e+00,-0.000000000000000000e+00,-0.000000000000000000e+00,-0.000000000000000000e+00,-0.000000000000000000e+00,-0.000000000000000000e+00,-0.000000000000000000e+00,-0.000000000000000000e+00,-0.000000000000000000e+00
-0.000000000000000000e+00,-0.000000000000000000e+00,-1.297448835057386785e-01,-0.000000000000000000e+00,-4.155419721487146889e-02,-1.287645570448390231e-01,-0.000000000000000000e+00,1.108137358176849718e-01,-0.000000000000000000e+00,-1.474444251345919943e-01,-9.879200853075052746e-03,-1.354281309704719327e-01,-0.000000000000000000e+00,2.108386144358782133e+00,-0.000000000000000000e+00,-6.114788148431811454e-02,-1.496002744662473516e-01,-1.928721603910462101e-01,-0.000000000000000000e+00,-0.000000000000000000e+00,-0.000000000000000000e+00,-0.000000000000000000e+00,-0.000000000000000000e+00,-8.635953153508986457e-02,-1.577278238748449496e-02,-3.982325246973312249e-01,-6.967536315864573948e-02,-1.372419168401096401e-01,-5.825752313215255829e-02,-5.190750364459274790e-02,-0.000000000000000000e+00,-7.660899306960235189e-02,-1.273747753977867159e-01,-1.678542625629215468e-01,-6.092023002218859701e-02,-0.000000000000000000e+00,-0.000000000000000000e+00,-0.000000000000000000e+00,-0.000000000000000000e+00
-0.000000000000000000e+00,-0.000000000000000000e+00,-0.000000000000000000e+00,0.000000000000000000e+00,-0.000000000000000000e+00,-0.000000000000000000e+00,-0.000000000000000000e+00,0.000000000000000000e+00,-0.000000000000000000e+00,-0.000000000000000000e+00,-0.000000000000000000e+00,-2.204989068906764438e-01,-8.583966401146014835e-02,-0.000000000000000000e+00,1.142125694407423175e+00,-0.000000000000000000e+00,-0.000000000000000000e+00,-0.000000000000000000e+00,-4.578335536015082363e-02,-9.885159132248562408e-02,0.000000000000000000e+00,-0.000000000000000000e+00,-0.000000000000000000e+00,-0.000000000000000000e+00,-9.969564768855446180e-02,-0.000000000000000000e+00,-0.000000000000000000e+00,-0.000000000000000000e+00,-0.000000000000000000e+00,-0.000000000000000000e+00,-6.471979434487548644e-02,-0.000000000000000000e+00,-0.000000000000000000e+00,-0.000000000000000000e+00,-0.000000000000000000e+00,-0.000000000000000000e+00,-0.000000000000000000e+00,0.000000000000000000e+00,-0.000000000000000000e+00
-3.871636984733294040e-02,-9.785742926212764869e-02,-0.000000000000000000e+00,0.000000000000000000e+00,-0.000000000000000000e+00,-0.000000000000000000e+00,-3.007174973852302230e-02,0.000000000000000000e+00,-0.000000000000000000e+00,-6.285763320493134021e-01,-0.000000000000000000e+00,-0.000000000000000000e+00,-0.000000000000000000e+00,-6.114788148431811454e-02,-0.000000000000000000e+00,2.566764984046863152e+00,-0.000000000000000000e+00,-2.164269352837943847e-02,-4.068665577149600115e-02,-1.232776748834399361e-01,-0.000000000000000000e+00,-6.037081151952929971e-03,-1.355236377653655858e-02,-0.000000000000000000e+00,-1.441094435929342332e-01,-1.438253197133890493e-01,-0.000000000000000000e+00,-2.552736375168682681e-01,-2.111061915463010308e-01,-5.236916217063477541e-01,-1.537517166704118442e-02,-0.000000000000000000e+00,-0.000000000000000000e+00,-0.000000000000000000e+00,-0.000000000000000000e+00,-3.093876528290361860e-01,-6.674111117237224722e-02,-0.000000000000000000e+00,-0.000000000000000000e+00
-1.422270584727048093e-01,-0.000000000000000000e+00,-0.000000000000000000e+00,-0.000000000000000000e+00,-0.000000000000000000e+00,-1.916560065867228824e-01,-0.000000000000000000e+00,0.000000000000000000e+00,-0.000000000000000000e+00,-0.000000000000000000e+00,-3.677052448954748476e-01,-0.000000000000000000e+00,-0.000000000000000000e+00,-1.496002744662473516e-01,-0.000000000000000000e+00,-0.000000000000000000e+00,1.887938475892912082e+00,-0.000000000000000000e+00,-0.000000000000000000e+00,-0.000000000000000000e+00,-0.000000000000000000e+00,-0.000000000000000000e+00,-2.606449945527751499e-02,-0.000000000000000000e+00,-0.000000000000000000e+00,-1.146091604308124012e-01,-0.000000000000000000e+00,-0.000000000000000000e+00,-2.698133693779554698e-01,-0.000000000000000000e+00,-0.000000000000000000e+00,-4.967332565012833046e-02,-0.000000000000000000e+00,-0.000000000000000000e+00,-2.826585466073361919e-01,-0.000000000000000000e+00,-2.400044827904693479e-01,-0.000000000000000000e+00,-0.000000000000000000e+00
-0.000000000000000000e+00,-0.000000000000000000e+00,-0.000000000000000000e+00,-1.319003244949313591e-01,-0.000000000000000000e+00,-9.177648848515214397e-02,-1.367999221812747981e-02,0.000000000000000000e+00,0.000000000000000000e+00,-0.000000000000000000e+00,-0.000000000000000000e+00,-2.490316606749879980e-01,-0.000000000000000000e+00,-1.928721603910462101e-01,-0.000000000000000000e+00,-2.164269352837943847e-02,-0.000000000000000000e+00,1.597823981337774590e+00,-0.000000000000000000e+00,-0.000000000000000000e+00,-0.000000000000000000e+00,-2.923585190155693625e-01,-0.000000000000000000e+00,-0.000000000000000000e+00,-0.000000000000000000e+00,-4.088826339230385853e-01,-8.037458810205636017e-03,-0.000000000000000000e+00,-0.000000000000000000e+00,-0.000000000000000000e+00,-2.443416554377311409e-02,-0.000000000000000000e+00,-0.000000000000000000e+00,-0.000000000000000000e+00,-0.000000000000000000e+00,-0.000000000000000000e+00,-0.000000000000000000e+00,-0.000000000000000000e+00,-0.000000000000000000e+00
-0.000000000000000000e+00,-0.000000000000000000e+00,-7.685995794357317057e-02,0.000000000000000000e+00,-0.000000000000000000e+00,-0.000000000000000000e+00,-6.108806861769625757e-02,0.000000000000000000e+00,-0.000000000000000000e+00,-1.137388613393136433e-01,-0.000000000000000000e+00,-0.000000000000000000e+00,-0.000000000000000000e+00,-0.000000000000000000e+00,-4.578335536015082363e-02,-4.068665577149600115e-02,-0.000000000000000000e+00,-0.000000000000000000e+00,1.377129801327143799e+00,-0.000000000000000000e+00,-0.000000000000000000e+00,-1.862556927462694911e-01,-0.000000000000000000e+00,-0.000000000000000000e+00,-0.000000000000000000e+00,-0.000000000000000000e+00,-0.000000000000000000e+00,-1.040105845374944132e-01,-0.000000000000000000e+00,-0.000000000000000000e+00,-3.623653605289054447e-01,-0.000000000000000000e+00,-2.324727558101043201e-02,-0.000000000000000000e+00,-0.000000000000000000e+00,-0.000000000000000000e+00,-0.000000000000000000e+00,0.000000000000000000e+00,-0.000000000000000000e+00
-0.000000000000000000e+00,-0.000000000000000000e+00,-0.000000000000000000e+00,-0.000000000000000000e+00,-0.000000000000000000e+00,-0.000000000000000000e+00,-0.000000000000000000e+00,0.000000000000000000e+00,0.000000000000000000e+00,-4.523411782400822700e-02,-0.000000000000000000e+00,-1.469670778989008164e-01,-0.000000000000000000e+00,-0.000000000000000000e+00,-9.885159132248562408e-02,-1.232776748834399361e-01,-0.000000000000000000e+00,-0.000000000000000000e+00,-0.000000000000000000e+00,1.378862579495575558e+00,0.000000000000000000e+00,-1.421050089007295791e-01,-0.000000000000000000e+00,-0.000000000000000000e+00,-1.064712027341265799e-01,-0.000000000000000000e+00,-0.000000000000000000e+00,-0.000000000000000000e+00,-1.160032615433975595e-01,-0.000000000000000000e+00,-1.780897679105702958e-01,-0.000000000000000000e+00,-0.000000000000000000e+00,-0.000000000000000000e+00,-0.000000000000000000e+00,-1.284393335177379421e-02,-9.606215240259105559e-02,0.000000000000000000e+00,-0.000000000000000000e+00
-0.000000000000000000e+00,-0.000000000000000000e+00,-2.144912217739924076e-01,0.000000000000000000e+00,-0.000000000000000000e+00,-0.000000000000000000e+00,-0.000000000000000000e+00,3.330810136726384818e-01,-0.000000000000000000e+00,-0.000000000000000000e+00,-0.000000000000000000e+00,0.000000000000000000e+00,0.000000000000000000e+00,-0.000000000000000000e+00,0.000000000000000000e+00,-0.000000000000000000e+00,-0.000000000000000000e+00,-0.000000000000000000e+00,-0.000000000000000000e+00,0.000000000000000000e+00,1.228002434127083875e+00,0.000000000000000000e+00,-0.000000000000000000e+00,-0.000000000000000000e+00,-0.000000000000000000e+00,-0.000000000000000000e+00,-0.000000000000000000e+00,-0.000000000000000000e+00,-0.000000000000000000e+00,-0.000000000000000000e+00,-0.000000000000000000e+00,-0.000000000000000000e+00,-3.369236468867115031e-02,-0.000000000000000000e+00,-0.000000000000000000e+00,-0.000000000000000000e+00,-0.000000000000000000e+00,-0.000000000000000000e+00,-0.000000000000000000e+00
-0.000000000000000000e+00,-0.000000000000000000e+00,-0.000000000000000000e+00,-0.000000000000000000e+00,-0.000000000000000000e+00,-1.392705173375200778e-01,-0.000000000000000000e+00,0.000000000000000000e+00,0.000000000000000000e+00,-1.959700287709321628e-02,-0.000000000000000000e+00,-3.428157245604936398e-01,-0.000000000000000000e+00,-0.000000000000000000e+00,-0.000000000000000000e+00,-6.037081151952929971e-03,-0.000000000000000000e+00,-2.923585190155693625e-01,-1.862556927462694911e-01,-1.421050089007295791e-01,0.000000000000000000e+00,1.697801199725123000e+00,-0.000000000000000000e+00,-0.000000000000000000e+00,-0.000000000000000000e+00,-0.000000000000000000e+00,-0.000000000000000000e+00,-0.000000000000000000e+00,-5.899879912548016553e-02,-0.000000000000000000e+00,-2.672947327037870635e-01,-0.000000000000000000e+00,-0.000000000000000000e+00,-0.000000000000000000e+00,-1.371680643291392776e-01,-0.000000000000000000e+00,-3.520390951426550369e-02,-0.000000000000000000e+00,-0.000000000000000000e+00
-2.482122893333096880e-01,-1.019403873795196314e-01,-0.000000000000000000e+00,-0.000000000000000000e+00,-0.000000000000000000e+00,-0.000000000000000000e+00,-0.000000000000000000e+00,0.000000000000000000e+00,-0.000000000000000000e+00,-1.467453508487870373e-01,-1.001745754745444195e-01,-0.000000000000000000e+00,-0.000000000000000000e+00,-0.000000000000000000e+00,-0.000000000000000000e+00,-1.355236377653655858e-02,-2.606449945527751499e-02,-0.000000000000000000e+00,-0.000000000000000000e+00,-0.000000000000000000e+00,-0.000000000000000000e+00,-0.000000000000000000e+00,1.720827972206833811e+00,-0.000000000000000000e+00,-6.233999449755349698e-01,-0.000000000000000000e+00,-8.778641788144422864e-02,-0.000000000000000000e+00,-0.000000000000000000e+00,-0.000000000000000000e+00,-0.000000000000000000e+00,-0.000000000000000000e+00,-0.000000000000000000e+00,-0.000000000000000000e+00,-1.294958519165743671e-01,-0.000000000000000000e+00,-0.000000000000000000e+00,-0.000000000000000000e+00,-2.935186150513048250e-02
-0.000000000000000000e+00,-0.000000000000000000e+00,-0.000000000000000000e+00,-0.000000000000000000e+00,-0.000000000000000000e+00,-0.000000000000000000e+00,-0.000000000000000000e+00,0.000000000000000000e+00,-0.000000000000000000e+00,-0.000000000000000000e+00,-0.000000000000000000e+00,-0.000000000000000000e+00,-0.000000000000000000e+00,-8.635953153508986457e-02,-0.000000000000000000e+00,-0.000000000000000000e+00,-0.000000000000000000e+00,-0.000000000000000000e+00,-0.000000000000000000e+00,-0.000000000000000000e+00,-0.000000000000000000e+00,-0.000000000000000000e+00,-0.000000000000000000e+00,1.026845766005423544e+00,-0.000000000000000000e+00,-0.000000000000000000e+00,-0.000000000000000000e+00,-0.000000000000000000e+00,-0.000000000000000000e+00,-0.000000000000000000e+00,-0.000000000000000000e+00,-0.000000000000000000e+00,-8.361750976895969412e-02,-0.000000000000000000e+00,-3.314735430093108254e-02,0.000000000000000000e+00,-0.000000000000000000e+00,-0.000000000000000000e+00,-0.000000000000000000e+00
-2.648522624907252709e-02,-2.838083936256118878e-01,-0.000000000000000000e+00,0.000000000000000000e+00,-0.000000000000000000e+00,-0.000000000000000000e+00,-3.757517201917236899e-02,0.000000000000000000e+00,-0.000000000000000000e+00,-2.671598623485326729e-01,-0.000000000000000000e+00,-0.000000000000000000e+00,-0.000000000000000000e+00,-1.577278238748449496e-02,-9.969564768855446180e-02,-1.441094435929342332e-01,-0.000000000000000000e+00,-0.000000000000000000e+00,-0.000000000000000000e+00,-1.064712027341265799e-01,-0.000000000000000000e+00,-0.000000000000000000e+00,-6.233999449755349698e-01,-0.000000000000000000e+00,1.819585201189019008e+00,-0.000000000000000000e+00,-0.000000000000000000e+00,-2.005935628955659786e-02,-0.000000000000000000e+00,-4.501162680089493967e-02,-3.220293657723555941e-02,-0.000000000000000000e+00,-0.000000000000000000e+00,-0.000000000000000000e+00,-0.000000000000000000e+00,-0.000000000000000000e+00,-0.000000000000000000e+00,0.000000000000000000e+00,-0.000000000000000000e+00
-2.628105739227325488e-01,-0.000000000000000000e+00,-0.000000000000000000e+00,-0.000000000000000000e+00,-0.000000000000000000e+00,-0.000000000000000000e+00,-0.000000000000000000e+00,0.000000000000000000e+00,-0.000000000000000000e+00,-9.923946468288783948e-03,-0.000000000000000000e+00,-4.426628962386187915e-02,-0.000000000000000000e+00,-3.982325246973312249e-01,-0.000000000000000000e+00,-1.438253197133890493e-01,-1.146091604308124012e-01,-4.088826339230385853e-01,-0.000000000000000000e+00,-0.000000000000000000e+00,-0.000000000000000000e+00,-0.000000000000000000e+00,-0.000000000000000000e+00,-0.000000000000000000e+00,-0.000000000000000000e+00,2.131369393691381564e+00,-1.580848538495699396e-01,-1.418124919153673225e-01,-2.639747472545415641e-01,-0.000000000000000000e+00,-0.000000000000000000e+00,-0.000000000000000000e+00,-0.000000000000000000e+00,-0.000000000000000000e+00,-0.000000000000000000e+00,-4.880883093927992217e-02,-1.026174981668391550e-01,-1.352363151155847598e-01,-0.000000000000000000e+00
-1.356539490915719959e-01,-0.000000000000000000e+00,-6.953631738889416714e-02,-0.000000000000000000e+00,-0.000000000000000000e+00,-0.000000000000000000e+00,-3.362951222031089482e-02,0.000000000000000000e+00,-0.000000000000000000e+00,-2.363718192447538530e-02,-2.269983579204493673e-01,-0.000000000000000000e+00,-0.000000000000000000e+00,-6.967536315864573948e-02,-0.000000000000000000e+00,-0.000000000000000000e+00,-0.000000000000000000e+00,-8.037458810205636017e-03,-0.000000000000000000e+00,-0.000000000000000000e+00,-0.000000000000000000e+00,-0.000000000000000000e+00,-8.778641788144422864e-02,-0.000000000000000000e+00,-0.000000000000000000e+00,-1.580848538495699396e-01,2.047914069562475348e+00,-3.551031053049707314e-02,-0.000000000000000000e+00,-0.000000000000000000e+00,-2.716498012358525282e-01,-0.000000000000000000e+00,-9.565716661694498302e-02,-0.000000000000000000e+00,-2.779547905568852673e-01,-0.000000000000000000e+00,-0.000000000000000000e+00,-0.000000000000000000e+00,-6.344678932143904548e-01
-4.309280583162858336e-02,-2.668455751919083987e-03,-1.587813087133150836e-01,0.000000000000000000e+00,-1.988105838890515953e-01,-0.000000000000000000e+00,-0.000000000000000000e+00,8.343490576126397218e-02,-0.000000000000000000e+00,-2.020627522864618109e-01,-0.000000000000000000e+00,-0.000000000000000000e+00,-0.000000000000000000e+00,-1.372419168401096401e-01,-0.000000000000000000e+00,-2.552736375168682681e-01,-0.000000000000000000e+00,-0.000000000000000000e+00,-1.040105845374944132e-01,-0.000000000000000000e+00,-0.000000000000000000e+00,-0.000000000000000000e+00,-0.000000000000000000e+00,-0.000000000000000000e+00,-2.005935628955659786e-02,-1.418124919153673225e-01,-3.551031053049707314e-02,2.149962387504829930e+00,-3.105112313975975091e-01,-4.027604496678679341e-02,-1.738431171812057918e-01,-6.630784860201871349e-03,-6.379731541425155694e-02,-0.000000000000000000e+00,-0.000000000000000000e+00,-1.027961991117084806e-01,-1.674245611376659060e-01,-0.000000000000000000e+00,-0.000000000000000000e+00
-0.000000000000000000e+00,-0.000000000000000000e+00,-0.000000000000000000e+00,-0.000000000000000000e+00,-0.000000000000000000e+00,-2.479100290651669314e-01,-0.000000000000000000e+00,0.000000000000000000e+00,0.000000000000000000e+00,-1.434979446079909238e-01,-0.000000000000000000e+00,-5.298491048311033957e-02,-0.000000000000000000e+00,-5.825752313215255829e-02,-0.000000000000000000e+00,-2.111061915463010308e-01,-2.698133693779554698e-01,-0.000000000000000000e+00,-0.000000000000000000e+00,-1.160032615433975595e-01,-0.000000000000000000e+00,-5.899879912548016553e-02,-0.000000000000000000e+00,-0.000000000000000000e+00,-0.000000000000000000e+00,-2.639747472545415641e-01,-0.000000000000000000e+00,-3.105112313975975091e-01,2.512318023903610253e+00,-3.973827532911427315e-04,-2.207505304459379813e-02,-9.309575754893839594e-02,-0.000000000000000000e+00,-0.000000000000000000e+00,-5.123660774893028583e-03,-6.713711025222046658e-02,-7.807809198808176587e-01,-0.000000000000000000e+00,-0.000000000000000000e+00
-0.000000000000000000e+00,-2.986108807392615638e-01,-0.000000000000000000e+00,0.000000000000000000e+00,-1.441693190650336631e-02,-0.000000000000000000e+00,-0.000000000000000000e+00,0.000000000000000000e+00,-0.000000000000000000e+00,-4.653837695557859200e-01,-0.000000000000000000e+00,-0.000000000000000000e+00,-0.000000000000000000e+00,-5.190750364459274790e-02,-0.000000000000000000e+00,-5.236916217063477541e-01,-0.000000000000000000e+00,-0.000000000000000000e+00,-0.000000000000000000e+00,-0.000000000000000000e+00,-0.000000000000000000e+00,-0.000000000000000000e+00,-0.000000000000000000e+00,-0.000000000000000000e+00,-4.501162680089493967e-02,-0.000000000000000000e+00,-0.000000000000000000e+00,-4.027604496678679341e-02,-3.973827532911427315e-04,2.196033455159227987e+00,-0.000000000000000000e+00,-2.633450824416628810e-01,-0.000000000000000000e+00,-0.000000000000000000e+00,-0.000000000000000000e+00,-3.619198288549230758e-01,-0.000000000000000000e+00,-0.000000000000000000e+00,-0.000000000000000000e+00
-0.000000000000000000e+00,-0.000000000000000000e+00,-7.123821732153459707e-02,-0.000000000000000000e+00,-0.000000000000000000e+00,-0.000000000000000000e+00,-1.052932067433552388e-01,3.500602405097803186e-03,-0.000000000000000000e+00,-1.254709462254803010e-01,-0.000000000000000000e+00,-1.858801610854517450e-01,0.000000000000000000e+00,-0.000000000000000000e+00,-6.471979434487548644e-02,-1.537517166704118442e-02,-0.000000000000000000e+00,-2.443416554377311409e-02,-3.623653605289054447e-01,-1.780897679105702958e-01,-0.000000000000000000e+00,-2.672947327037870635e-01,-0.000000000000000000e+00,-0.000000000000000000e+00,-3.220293657723555941e-02,-0.000000000000000000e+00,-2.716498012358525282e-01,-1.738431171812057918e-01,-2.207505304459379813e-02,-0.000000000000000000e+00,1.918175894170031981e+00,-0.000000000000000000e+00,-1.270239451842144762e-01,-0.000000000000000000e+00,-9.692964515457423713e-02,-0.000000000000000000e+00,-0.000000000000000000e+00,0.000000000000000000e+00,-0.000000000000000000e+00
-0.000000000000000000e+00,-2.563850886115858208e-01,-0.000000000000000000e+00,0.000000000000000000e+00,-3.403664350740557842e-01,-0.000000000000000000e+00,-0.000000000000000000e+00,0.000000000000000000e+00,-1.960287335145308729e-01,-8.621066395535817439e-02,-2.049091838322856240e-01,-0.000000000000000000e+00,-0.000000000000000000e+00,-7.660899306960235189e-02,-0.000000000000000000e+00,-0.000000000000000000e+00,-4.967332565012833046e-02,-0.000000000000000000e+00,-0.000000000000000000e+00,-0.000000000000000000e+00,-0.000000000000000000e+00,-0.000000000000000000e+00,-0.000000000000000000e+00,-0.000000000000000000e+00,-0.000000000000000000e+00,-0.000000000000000000e+00,-0.000000000000000000e+00,-6.630784860201871349e-03,-9.309575754893839594e-02,-2.633450824416628810e-01,-0.000000000000000000e+00,1.829714379986379091e+00,-1.811127788868344135e-02,-2.042120398897641076e-01,-0.000000000000000000e+00,-0.000000000000000000e+00,-0.000000000000000000e+00,-0.000000000000000000e+00,-0.000000000000000000e+00
-0.000000000000000000e+00,-0.000000000000000000e+00,-4.928692978825356952e-01,0.000000000000000000e+00,-2.041279935451835725e-01,-2.990485163831395257e-03,-0.000000000000000000e+00,3.361404480513855431e-01,-8.861657902614589188e-02,-0.000000000000000000e+00,-1.643576903105363474e-02,-0.000000000000000000e+00,-0.000000000000000000e+00,-1.273747753977867159e-01,-0.000000000000000000e+00,-0.000000000000000000e+00,-0.000000000000000000e+00,-0.000000000000000000e+00,-2.324727558101043201e-02,-0.000000000000000000e+00,-3.369236468867115031e-02,-0.000000000000000000e+00,-0.000000000000000000e+00,-8.361750976895969412e-02,-0.000000000000000000e+00,-0.000000000000000000e+00,-9.565716661694498302e-02,-6.379731541425155694e-02,-0.000000000000000000e+00,-0.000000000000000000e+00,-1.270239451842144762e-01,-1.811127788868344135e-02,2.073809071712606311e+00,-2.363776176539689466e-01,-2.103326546200775526e-01,-0.000000000000000000e+00,-0.000000000000000000e+00,-0.000000000000000000e+00,-0.000000000000000000e+00
-0.000000000000000000e+00,-0.000000000000000000e+00,-6.844265028725166067e-02,0.000000000000000000e+00,-4.644105111659889151e-01,-0.000000000000000000e+00,-0.000000000000000000e+00,8.714957760923637553e-02,-0.000000000000000000e+00,-0.000000000000000000e+00,-0.000000000000000000e+00,-6.813505490888366323e-02,-0.000000000000000000e+00,-1.678542625629215468e-01,-0.000000000000000000e+00,-0.000000000000000000e+00,-0.000000000000000000e+00,-0.000000000000000000e+00,-0.000000000000000000e+00,-0.000000000000000000e+00,-0.000000000000000000e+00,-0.000000000000000000e+00,-0.000000000000000000e+00,-0.000000000000000000e+00,-0.000000000000000000e+00,-0.000000000000000000e+00,-0.000000000000000000e+00,-0.000000000000000000e+00,-0.000000000000000000e+00,-0.000000000000000000e+00,-0.000000000000000000e+00,-2.042120398897641076e-01,-2.363776176539689466e-01,1.614844347878264363e+00,-0.000000000000000000e+00,-0.000000000000000000e+00,-0.000000000000000000e+00,-0.000000000000000000e+00,-0.000000000000000000e+00
-1.088382851256053524e-01,-0.000000000000000000e+00,-0.000000000000000000e+00,-0.000000000000000000e+00,-0.000000000000000000e+00,-5.145974282269945299e-02,-0.000000000000000000e+00,0.000000000000000000e+00,-0.000000000000000000e+00,-0.000000000000000000e+00,-2.813754049703104734e-02,-0.000000000000000000e+00,-0.000000000000000000e+00,-6.092023002218859701e-02,-0.000000000000000000e+00,-0.000000000000000000e+00,-2.826585466073361919e-01,-0.000000000000000000e+00,-0.000000000000000000e+00,-0.000000000000000000e+00,-0.000000000000000000e+00,-1.371680643291392776e-01,-1.294958519165743671e-01,-3.314735430093108254e-02,-0.000000000000000000e+00,-0.000000000000000000e+00,-2.779547905568852673e-01,-0.000000000000000000e+00,-5.123660774893028583e-03,-0.000000000000000000e+00,-9.692964515457423713e-02,-0.000000000000000000e+00,-2.103326546200775526e-01,-0.000000000000000000e+00,1.812562336651097228e+00,-0.000000000000000000e+00,-2.406225934835261870e-01,-3.757644290078251265e-02,-1.239707983306794631e-01
-4.599494830042602511e-02,-3.584873114443193898e-01,-0.000000000000000000e+00,0.000000000000000000e+00,-0.000000000000000000e+00,-1.808693715816123843e-02,-1.579239582031724196e-02,0.000000000000000000e+00,-0.000000000000000000e+00,-1.314647623956754496e-01,-0.000000000000000000e+00,-0.000000000000000000e+00,-0.000000000000000000e+00,-0.000000000000000000e+00,-0.000000000000000000e+00,-3.093876528290361860e-01,-0.000000000000000000e+00,-0.000000000000000000e+00,-0.000000000000000000e+00,-1.284393335177379421e-02,-0.000000000000000000e+00,-0.000000000000000000e+00,-0.000000000000000000e+00,0.000000000000000000e+00,-0.000000000000000000e+00,-4.880883093927992217e-02,-0.000000000000000000e+00,-1.027961991117084806e-01,-6.713711025222046658e-02,-3.619198288549230758e-01,-0.000000000000000000e+00,-0.000000000000000000e+00,-0.000000000000000000e+00,-0.000000000000000000e+00,-0.000000000000000000e+00,1.756477686083520062e+00,-0.000000000000000000e+00,-0.000000000000000000e+00,-0.000000000000000000e+00
-3.140793876408318197e-02,-0.000000000000000000e+00,-0.000000000000000000e+00,-0.000000000000000000e+00,-0.000000000000000000e+00,-1.934474777026884140e-01,-0.000000000000000000e+00,0.000000000000000000e+00,0.000000000000000000e+00,-1.045177983535322368e-02,-0.000000000000000000e+00,-5.902769208234354831e-02,-0.000000000000000000e+00,-0.000000000000000000e+00,-0.000000000000000000e+00,-6.674111117237224722e-02,-2.400044827904693479e-01,-0.000000000000000000e+00,-0.000000000000000000e+00,-9.606215240259105559e-02,-0.000000000000000000e+00,-3.520390951426550369e-02,-0.000000000000000000e+00,-0.000000000000000000e+00,-0.000000000000000000e+00,-1.026174981668391550e-01,-0.000000000000000000e+00,-1.674245611376659060e-01,-7.807809198808176587e-01,-0.000000000000000000e+00,-0.000000000000000000e+00,-0.000000000000000000e+00,-0.000000000000000000e+00,-0.000000000000000000e+00,-2.406225934835261870e-01,-0.000000000000000000e+00,2.104907501531027236e+00,-0.000000000000000000e+00,-0.000000000000000000e+00
-3.154179850048808853e-01,0.000000000000000000e+00,-0.000000000000000000e+00,-0.000000000000000000e+00,-0.000000000000000000e+00,-0.000000000000000000e+00,-0.000000000000000000e+00,0.000000000000000000e+00,-0.000000000000000000e+00,-0.000000000000000000e+00,-1.420942500013476495e-01,-0.000000000000000000e+00,-0.000000000000000000e+00,-0.000000000000000000e+00,0.000000000000000000e+00,-0.000000000000000000e+00,-0.000000000000000000e+00,-0.000000000000000000e+00,0.000000000000000000e+00,0.000000000000000000e+00,-0.000000000000000000e+00,-0.000000000000000000e+00,-0.000000000000000000e+00,-0.000000000000000000e+00,0.000000000000000000e+00,-1.352363151155847598e-01,-0.000000000000000000e+00,-0.000000000000000000e+00,-0.000000000000000000e+00,-0.000000000000000000e+00,0.000000000000000000e+00,-0.000000000000000000e+00,-0.000000000000000000e+00,-0.000000000000000000e+00,-3.757644290078251265e-02,-0.000000000000000000e+00,-0.000000000000000000e+00,1.391642497488465580e+00,-3.351878339349968483e-01
-1.939185239232107394e-01,-0.000000000000000000e+00,-0.000000000000000000e+00,-0.000000000000000000e+00,-0.000000000000000000e+00,-0.000000000000000000e+00,-0.000000000000000000e+00,0.000000000000000000e+00,-6.635312050095018566e-02,-0.000000000000000000e+00,-2.032348217995730288e-01,-0.000000000000000000e+00,-0.000000000000000000e+00,-0.000000000000000000e+00,-0.000000000000000000e+00,-0.000000000000000000e+00,-0.000000000000000000e+00,-0.000000000000000000e+00,-0.000000000000000000e+00,-0.000000000000000000e+00,-0.000000000000000000e+00,-0.000000000000000000e+00,-2.935186150513048250e-02,-0.000000000000000000e+00,-0.000000000000000000e+00,-0.000000000000000000e+00,-6.344678932143904548e-01,-0.000000000000000000e+00,-0.000000000000000000e+00,-0.000000000000000000e+00,-0.000000000000000000e+00,-0.000000000000000000e+00,-0.000000000000000000e+00,-0.000000000000000000e+00,-1.239707983306794631e-01,-0.000000000000000000e+00,-0.000000000000000000e+00,-3.351878339349968483e-01,1.769893714055697842e+00
