2.772487936151124099e+00,-7.937240122769528838e-01,0.000000000000000000e+00,0.000000000000000000e+00,-0.000000000000000000e+00,-0.000000000000000000e+00,0.000000000000000000e+00,-0.000000000000000000e+00,-3.544496569173846007e-02,-0.000000000000000000e+00,-1.162738068895606547e-02,0.000000000000000000e+00,0.000000000000000000e+00,-1.957784412800346319e-01,0.000000000000000000e+00,-0.000000000000000000e+00,-9.952796241298608737e-02,0.000000000000000000e+00,0.000000000000000000e+00,0.000000000000000000e+00,-0.000000000000000000e+00,0.000000000000000000e+00,-3.631917722413707805e-01,-0.000000000000000000e+00,-0.000000000000000000e+00,-0.000000000000000000e+00,-4.698826809145015271e-01,-0.000000000000000000e+00,-1.102463687075647680e-01,-5.552800834526062657e-01,-0.000000000000000000e+00,-0.000000000000000000e+00,-0.000000000000000000e+00,-0.000000000000000000e+00,-0.000000000000000000e+00,-1.239937807151768601e-01,-0.000000000000000000e+00,-2.225372809982266442e-01,-0.000000000000000000e+00
-7.937240122769528838e-01,2.743858436028037140e+00,0.000000000000000000e+00,0.000000000000000000e+00,-0.000000000000000000e+00,-0.000000000000000000e+00,0.000000000000000000e+00,-0.000000000000000000e+00,-0.000000000000000000e+00,-3.770519608947060508e-01,-0.000000000000000000e+00,-0.000000000000000000e+00,-0.000000000000000000e+00,-3.581920688357862620e-02,-0.000000000000000000e+00,-4.043306776191073482e-01,-0.000000000000000000e+00,0.000000000000000000e+00,-0.000000000000000000e+00,-0.000000000000000000e+00,-0.000000000000000000e+00,-0.000000000000000000e+00,-0.000000000000000000e+00,-0.000000000000000000e+00,-2.685496006521845835e-01,-0.000000000000000000e+00,-6.999871802256960041e-02,0.000000000000000000e+00,-2.845351192557069031e-01,-1.307235386646793396e-01,-0.000000000000000000e+00,-4.650183916448399901e-01,-0.000000000000000000e+00,-0.000000000000000000e+00,-0.000000000000000000e+00,-0.000000000000000000e+00,-0.000000000000000000e+00,-0.000000000000000000e+00,-0.000000000000000000e+00
0.000000000000000000e+00,0.000000000000000000e+00,3.240783282438055579e+00,-5.651570808626738690e-02,-2.812273163322876468e-01,0.000000000000000000e+00,-1.846268075756088700e-01,1.538871150596622606e+00,-0.000000000000000000e+00,-0.000000000000000000e+00,-0.000000000000000000e+00,-3.440943577890177244e-03,-0.000000000000000000e+00,-0.000000000000000000e+00,0.000000000000000000e+00,0.000000000000000000e+00,0.000000000000000000e+00,-0.000000000000000000e+00,-1.395655067248517678e-01,-5.345387589710215437e-01,-0.000000000000000000e+00,-3.938584544807965382e-01,-0.000000000000000000e+00,-0.000000000000000000e+00,-0.000000000000000000e+00,-0.000000000000000000e+00,-0.000000000000000000e+00,-5.070518717700894795e-03,-0.000000000000000000e+00,4.858915943684345706e-02,-2.151316270855465063e-01,0.000000000000000000e+00,-0.000000000000000000e+00,-0.000000000000000000e+00,-0.000000000000000000e+00,-0.000000000000000000e+00,0.000000000000000000e+00,6.930720899680629932e-02,-0.000000000000000000e+00
0.000000000000000000e+00,0.000000000000000000e+00,-5.651570808626738690e-02,2.825361718786611576e+00,-0.000000000000000000e+00,1.803300087289666509e-02,-6.455872820726651362e-01,2.985713799547789343e-02,0.000000000000000000e+00,-0.000000000000000000e+00,2.245612313301748042e-01,-1.870189803587992694e-01,-0.000000000000000000e+00,0.000000000000000000e+00,-0.000000000000000000e+00,-0.000000000000000000e+00,1.111453104584632784e-01,-1.006617029317576906e+00,-2.245933594560713675e-01,-9.270795329695269427e-02,0.000000000000000000e+00,-1.866526156483052368e-01,6.102881995406669174e-02,0.000000000000000000e+00,0.000000000000000000e+00,-0.000000000000000000e+00,-0.000000000000000000e+00,-0.000000000000000000e+00,0.000000000000000000e+00,8.414303914460229128e-02,-0.000000000000000000e+00,0.000000000000000000e+00,-0.000000000000000000e+00,0.000000000000000000e+00,0.000000000000000000e+00,5.618527517899803148e-02,-0.000000000000000000e+00,1.810805218746592560e-01,0.000000000000000000e+00
-0.000000000000000000e+00,-0.000000000000000000e+00,-2.812273163322876468e-01,-0.000000000000000000e+00,2.393119807694438439e+00,-0.000000000000000000e+00,-0.000000000000000000e+00,3.549001746300274318e-01,-4.483134952707457099e-01,-0.000000000000000000e+00,-0.000000000000000000e+00,-4.548154190450389572e-02,0.000000000000000000e+00,-1.200856161619274498e-01,-0.000000000000000000e+00,-0.000000000000000000e+00,-0.000000000000000000e+00,-0.000000000000000000e+00,-1.895214675309998820e-01,-0.000000000000000000e+00,-0.000000000000000000e+00,-0.000000000000000000e+00,-0.000000000000000000e+00,-0.000000000000000000e+00,-0.000000000000000000e+00,-0.000000000000000000e+00,-8.530847745856477704e-02,-2.132848969155592689e-01,-0.000000000000000000e+00,-0.000000000000000000e+00,-1.726215932759834482e-01,-0.000000000000000000e+00,-0.000000000000000000e+00,-7.063746650222296752e-01,0.000000000000000000e+00,-0.000000000000000000e+00,0.000000000000000000e+00,-0.000000000000000000e+00,-0.000000000000000000e+00
-0.000000000000000000e+00,-0.000000000000000000e+00,0.000000000000000000e+00,1.803300087289666509e-02,-0.000000000000000000e+00,2.132136854833055484e+00,0.000000000000000000e+00,-0.000000000000000000e+00,-0.000000000000000000e+00,-0.000000000000000000e+00,-3.329222903775540532e-01,0.000000000000000000e+00,0.000000000000000000e+00,-0.000000000000000000e+00,0.000000000000000000e+00,-0.000000000000000000e+00,-0.000000000000000000e+00,1.269884974706281811e-01,0.000000000000000000e+00,-0.000000000000000000e+00,-1.440085409742558331e-01,-0.000000000000000000e+00,-3.271961410607032161e-01,-5.547545341845629974e-01,-7.347253252989102701e-02,0.000000000000000000e+00,-0.000000000000000000e+00,0.000000000000000000e+00,-4.202297096002940990e-01,-0.000000000000000000e+00,-0.000000000000000000e+00,-0.000000000000000000e+00,-0.000000000000000000e+00,-0.000000000000000000e+00,-0.000000000000000000e+00,-0.000000000000000000e+00,-3.871745556185722525e-02,-0.000000000000000000e+00,-0.000000000000000000e+00
0.000000000000000000e+00,0.000000000000000000e+00,-1.846268075756088700e-01,-6.455872820726651362e-01,-0.000000000000000000e+00,0.000000000000000000e+00,2.973855374601946266e+00,1.964085339997724902e-02,0.000000000000000000e+00,-0.000000000000000000e+00,0.000000000000000000e+00,-9.588353260978167703e-02,-0.000000000000000000e+00,0.000000000000000000e+00,-0.000000000000000000e+00,-0.000000000000000000e+00,0.000000000000000000e+00,-2.903269410558520502e-01,-2.902510969243553562e-01,-7.909836374770183864e-01,-0.000000000000000000e+00,-5.018373433901923697e-01,0.000000000000000000e+00,0.000000000000000000e+00,-0.000000000000000000e+00,0.000000000000000000e+00,-0.000000000000000000e+00,-0.000000000000000000e+00,0.000000000000000000e+00,1.561732976546676343e-03,-0.000000000000000000e+00,-0.000000000000000000e+00,-0.000000000000000000e+00,0.000000000000000000e+00,0.000000000000000000e+00,0.000000000000000000e+00,-0.000000000000000000e+00,2.785697535890926391e-01,0.000000000000000000e+00
-0.000000000000000000e+00,-0.000000000000000000e+00,1.538871150596622606e+00,2.985713799547789343e-02,3.549001746300274318e-01,-0.000000000000000000e+00,1.964085339997724902e-02,2.851402187553461864e+00,0.000000000000000000e+00,0.000000000000000000e+00,-0.000000000000000000e+00,0.000000000000000000e+00,0.000000000000000000e+00,0.000000000000000000e+00,-0.000000000000000000e+00,-0.000000000000000000e+00,-0.000000000000000000e+00,0.000000000000000000e+00,1.300620465735770892e-01,3.125426587472824869e-01,-0.000000000000000000e+00,5.689891185174833499e-02,0.000000000000000000e+00,-0.000000000000000000e+00,0.000000000000000000e+00,0.000000000000000000e+00,0.000000000000000000e+00,3.387848685078975741e-01,-0.000000000000000000e+00,-5.446164553770416195e-02,4.522096742371182337e-02,-0.000000000000000000e+00,0.000000000000000000e+00,0.000000000000000000e+00,0.000000000000000000e+00,0.000000000000000000e+00,-0.000000000000000000e+00,-0.000000000000000000e+00,0.000000000000000000e+00
-3.544496569173846007e-02,-0.000000000000000000e+00,-0.000000000000000000e+00,0.000000000000000000e+00,-4.483134952707457099e-01,-0.000000000000000000e+00,0.000000000000000000e+00,0.000000000000000000e+00,2.482079636501072883e+00,-0.000000000000000000e+00,-0.000000000000000000e+00,-0.000000000000000000e+00,0.000000000000000000e+00,-1.370097834921535085e-01,-0.000000000000000000e+00,-0.000000000000000000e+00,-0.000000000000000000e+00,0.000000000000000000e+00,-0.000000000000000000e+00,0.000000000000000000e+00,-0.000000000000000000e+00,0.000000000000000000e+00,-8.376072655846523995e-02,-0.000000000000000000e+00,-0.000000000000000000e+00,-2.558486644979520233e-02,-1.180136495410543940e-01,-1.541799559482180948e-01,-0.000000000000000000e+00,-1.482908521806659830e-01,-0.000000000000000000e+00,-0.000000000000000000e+00,0.000000000000000000e+00,-5.167507718783511672e-01,0.000000000000000000e+00,-1.791438328654773315e-01,0.000000000000000000e+00,-3.305502486449669874e-02,-7.790951704029658309e-01
-0.000000000000000000e+00,-3.770519608947060508e-01,-0.000000000000000000e+00,-0.000000000000000000e+00,-0.000000000000000000e+00,-0.000000000000000000e+00,-0.000000000000000000e+00,0.000000000000000000e+00,-0.000000000000000000e+00,2.656937677909643192e+00,0.000000000000000000e+00,-0.000000000000000000e+00,-0.000000000000000000e+00,-0.000000000000000000e+00,-5.302725357945115708e-03,-1.008743432162950260e+00,0.000000000000000000e+00,-0.000000000000000000e+00,-1.181219435362051845e-01,-0.000000000000000000e+00,-0.000000000000000000e+00,-0.000000000000000000e+00,-0.000000000000000000e+00,-0.000000000000000000e+00,-4.675501617182187264e-01,-2.909796986054681844e-01,-1.023544387803541761e-01,-0.000000000000000000e+00,-0.000000000000000000e+00,-2.187013219136763401e-02,-0.000000000000000000e+00,-4.685200651693432333e-02,-0.000000000000000000e+00,-0.000000000000000000e+00,0.000000000000000000e+00,-0.000000000000000000e+00,-0.000000000000000000e+00,-0.000000000000000000e+00,-3.804546547300826087e-01
-1.162738068895606547e-02,-0.000000000000000000e+00,-0.000000000000000000e+00,2.245612313301748042e-01,-0.000000000000000000e+00,-3.329222903775540532e-01,0.000000000000000000e+00,-0.000000000000000000e+00,-0.000000000000000000e+00,0.000000000000000000e+00,2.711104782183456852e+00,0.000000000000000000e+00,0.000000000000000000e+00,-8.596792184632662259e-02,0.000000000000000000e+00,0.000000000000000000e+00,-6.930569408027303924e-01,8.581846223025164921e-02,0.000000000000000000e+00,-0.000000000000000000e+00,-9.906412301480399529e-02,0.000000000000000000e+00,-5.851790672865572196e-01,-5.373111203555369642e-01,-0.000000000000000000e+00,-0.000000000000000000e+00,-1.740613244048266894e-01,-0.000000000000000000e+00,-0.000000000000000000e+00,-0.000000000000000000e+00,-1.047342224807750882e-01,-0.000000000000000000e+00,-0.000000000000000000e+00,-0.000000000000000000e+00,-0.000000000000000000e+00,-0.000000000000000000e+00,-0.000000000000000000e+00,-0.000000000000000000e+00,-0.000000000000000000e+00
0.000000000000000000e+00,-0.000000000000000000e+00,-3.440943577890177244e-03,-1.870189803587992694e-01,-4.548154190450389572e-02,0.000000000000000000e+00,-9.588353260978167703e-02,0.000000000000000000e+00,-0.000000000000000000e+00,-0.000000000000000000e+00,0.000000000000000000e+00,2.970033175965000272e+00,-0.000000000000000000e+00,0.000000000000000000e+00,-6.696037562827948930e-01,-0.000000000000000000e+00,0.000000000000000000e+00,-7.348860580138395493e-01,-7.464427410626059967e-01,-2.434938843852192114e-01,-0.000000000000000000e+00,-3.931664563301037751e-01,0.000000000000000000e+00,0.000000000000000000e+00,-0.000000000000000000e+00,-0.000000000000000000e+00,-0.000000000000000000e+00,-0.000000000000000000e+00,0.000000000000000000e+00,0.000000000000000000e+00,-0.000000000000000000e+00,-0.000000000000000000e+00,0.000000000000000000e+00,-0.000000000000000000e+00,0.000000000000000000e+00,0.000000000000000000e+00,-0.000000000000000000e+00,0.000000000000000000e+00,-0.000000000000000000e+00
0.000000000000000000e+00,-0.000000000000000000e+00,-0.000000000000000000e+00,-0.000000000000000000e+00,0.000000000000000000e+00,0.000000000000000000e+00,-0.000000000000000000e+00,0.000000000000000000e+00,0.000000000000000000e+00,-0.000000000000000000e+00,0.000000000000000000e+00,-0.000000000000000000e+00,1.258090701742586637e+00,-0.000000000000000000e+00,-0.000000000000000000e+00,-0.000000000000000000e+00,0.000000000000000000e+00,-6.227612245020425208e-02,-0.000000000000000000e+00,-0.000000000000000000e+00,0.000000000000000000e+00,-0.000000000000000000e+00,0.000000000000000000e+00,-0.000000000000000000e+00,-0.000000000000000000e+00,-9.052819738159403884e-02,-0.000000000000000000e+00,-0.000000000000000000e+00,-0.000000000000000000e+00,0.000000000000000000e+00,-0.000000000000000000e+00,-0.000000000000000000e+00,-0.000000000000000000e+00,0.000000000000000000e+00,-2.155304470618736590e-01,0.000000000000000000e+00,-3.974139990452177917e-01,0.000000000000000000e+00,0.000000000000000000e+00
-1.957784412800346319e-01,-3.581920688357862620e-02,-0.000000000000000000e+00,0.000000000000000000e+00,-1.200856161619274498e-01,-0.000000000000000000e+00,0.000000000000000000e+00,0.000000000000000000e+00,-1.370097834921535085e-01,-0.000000000000000000e+00,-8.596792184632662259e-02,0.000000000000000000e+00,-0.000000000000000000e+00,1.878883087304770383e+00,0.000000000000000000e+00,-0.000000000000000000e+00,-1.273563144599967889e-01,0.000000000000000000e+00,0.000000000000000000e+00,-0.000000000000000000e+00,0.000000000000000000e+00,0.000000000000000000e+00,-3.236447003257477556e-02,-8.421075082962839464e-02,-2.118675465195888064e-01,-0.000000000000000000e+00,-2.106760490837480959e-01,-0.000000000000000000e+00,-0.000000000000000000e+00,-9.795499603138519210e-03,-1.677246302755239782e-01,-0.000000000000000000e+00,-2.697949315300057077e-02,-0.000000000000000000e+00,-0.000000000000000000e+00,-3.289473323695475404e-01,-0.000000000000000000e+00,-0.000000000000000000e+00,-0.000000000000000000e+00
0.000000000000000000e+00,-0.000000000000000000e+00,0.000000000000000000e+00,-0.000000000000000000e+00,-0.000000000000000000e+00,0.000000000000000000e+00,-0.000000000000000000e+00,-0.000000000000000000e+00,-0.000000000000000000e+00,-5.302725357945115708e-03,0.000000000000000000e+00,-6.696037562827948930e-01,-0.000000000000000000e+00,0.000000000000000000e+00,1.563905229799573693e+00,-0.000000000000000000e+00,0.000000000000000000e+00,-1.141670653274920039e-01,-0.000000000000000000e+00,-0.000000000000000000e+00,-0.000000000000000000e+00,-0.000000000000000000e+00,0.000000000000000000e+00,0.000000000000000000e+00,-0.000000000000000000e+00,-0.000000000000000000e+00,-0.000000000000000000e+00,0.000000000000000000e+00,-0.000000000000000000e+00,-0.000000000000000000e+00,0.000000000000000000e+00,-0.000000000000000000e+00,1.767874005296773132e-01,-3.298200307655648755e-01,1.688312811873660113e-01,0.000000000000000000e+00,-0.000000000000000000e+00,-2.393975986508787013e-01,-0.000000000000000000e+00
-0.000000000000000000e+00,-4.043306776191073482e-01,0.000000000000000000e+00,-0.000000000000000000e+00,-0.000000000000000000e+00,-0.000000000000000000e+00,-0.000000000000000000e+00,-0.000000000000000000e+00,-0.000000000000000000e+00,-1.008743432162950260e+00,0.000000000000000000e+00,-0.000000000000000000e+00,-0.000000000000000000e+00,-0.000000000000000000e+00,-0.000000000000000000e+00,2.389007082521970471e+00,0.000000000000000000e+00,-0.000000000000000000e+00,-0.000000000000000000e+00,-0.000000000000000000e+00,0.000000000000000000e+00,-0.000000000000000000e+00,0.000000000000000000e+00,-0.000000000000000000e+00,-0.000000000000000000e+00,-2.480743167925560655e-01,-0.000000000000000000e+00,-0.000000000000000000e+00,-0.000000000000000000e+00,-5.413788334867113416e-01,-0.000000000000000000e+00,-0.000000000000000000e+00,-0.000000000000000000e+00,-0.000000000000000000e+00,0.000000000000000000e+00,-0.000000000000000000e+00,-0.000000000000000000e+00,-0.000000000000000000e+00,-0.000000000000000000e+00
-9.952796241298608737e-02,-0.000000000000000000e+00,0.000000000000000000e+00,1.111453104584632784e-01,-0.000000000000000000e+00,-0.000000000000000000e+00,0.000000000000000000e+00,-0.000000000000000000e+00,-0.000000000000000000e+00,0.000000000000000000e+00,-6.930569408027303924e-01,0.000000000000000000e+00,0.000000000000000000e+00,-1.273563144599967889e-01,0.000000000000000000e+00,0.000000000000000000e+00,1.949187922872838152e+00,1.232541625934272800e-01,0.000000000000000000e+00,-0.000000000000000000e+00,-0.000000000000000000e+00,0.000000000000000000e+00,-4.618393949120332964e-01,-9.733640172588113593e-02,-0.000000000000000000e+00,-0.000000000000000000e+00,-1.868004110049731326e-02,-0.000000000000000000e+00,-0.000000000000000000e+00,-0.000000000000000000e+00,-0.000000000000000000e+00,-0.000000000000000000e+00,-0.000000000000000000e+00,-0.000000000000000000e+00,0.000000000000000000e+00,-0.000000000000000000e+00,0.000000000000000000e+00,-0.000000000000000000e+00,-0.000000000000000000e+00
0.000000000000000000e+00,0.000000000000000000e+00,-0.000000000000000000e+00,-1.006617029317576906e+00,-0.000000000000000000e+00,1.269884974706281811e-01,-2.903269410558520502e-01,0.000000000000000000e+00,0.000000000000000000e+00,-0.000000000000000000e+00,8.581846223025164921e-02,-7.348860580138395493e-01,-6.227612245020425208e-02,0.000000000000000000e+00,-1.141670653274920039e-01,-0.000000000000000000e+00,1.232541625934272800e-01,2.987045175665516084e+00,-5.712860204768240857e-01,-7.632999385868710629e-02,0.000000000000000000e+00,-0.000000000000000000e+00,0.000000000000000000e+00,0.000000000000000000e+00,0.000000000000000000e+00,-0.000000000000000000e+00,-0.000000000000000000e+00,-0.000000000000000000e+00,0.000000000000000000e+00,0.000000000000000000e+00,-0.000000000000000000e+00,-0.000000000000000000e+00,0.000000000000000000e+00,-0.000000000000000000e+00,0.000000000000000000e+00,0.000000000000000000e+00,-0.000000000000000000e+00,0.000000000000000000e+00,0.000000000000000000e+00
0.000000000000000000e+00,-0.000000000000000000e+00,-1.395655067248517678e-01,-2.245933594560713675e-01,-1.895214675309998820e-01,0.000000000000000000e+00,-2.902510969243553562e-01,1.300620465735770892e-01,-0.000000000000000000e+00,-1.181219435362051845e-01,0.000000000000000000e+00,-7.464427410626059967e-01,-0.000000000000000000e+00,0.000000000000000000e+00,-0.000000000000000000e+00,-0.000000000000000000e+00,0.000000000000000000e+00,-5.712860204768240857e-01,2.636371402389319218e+00,-2.051806039482928501e-01,-0.000000000000000000e+00,-7.597208735288948911e-02,0.000000000000000000e+00,0.000000000000000000e+00,-0.000000000000000000e+00,-0.000000000000000000e+00,-0.000000000000000000e+00,-0.000000000000000000e+00,0.000000000000000000e+00,0.000000000000000000e+00,-0.000000000000000000e+00,-0.000000000000000000e+00,-0.000000000000000000e+00,-0.000000000000000000e+00,0.000000000000000000e+00,0.000000000000000000e+00,0.000000000000000000e+00,0.000000000000000000e+00,-0.000000000000000000e+00
0.000000000000000000e+00,-0.000000000000000000e+00,-5.345387589710215437e-01,-9.270795329695269427e-02,-0.000000000000000000e+00,-0.000000000000000000e+00,-7.909836374770183864e-01,3.125426587472824869e-01,0.000000000000000000e+00,-0.000000000000000000e+00,-0.000000000000000000e+00,-2.434938843852192114e-01,-0.000000000000000000e+00,-0.000000000000000000e+00,-0.000000000000000000e+00,-0.000000000000000000e+00,-0.000000000000000000e+00,-7.632999385868710629e-02,-2.051806039482928501e-01,3.174916938499081187e+00,-0.000000000000000000e+00,-8.898646065296148544e-01,-0.000000000000000000e+00,-0.000000000000000000e+00,-0.000000000000000000e+00,0.000000000000000000e+00,-7.114855250033312595e-02,-0.000000000000000000e+00,-0.000000000000000000e+00,0.000000000000000000e+00,-2.183746763726335943e-02,-0.000000000000000000e+00,-5.492516975629370413e-02,-0.000000000000000000e+00,-0.000000000000000000e+00,0.000000000000000000e+00,-0.000000000000000000e+00,0.000000000000000000e+00,0.000000000000000000e+00
-0.000000000000000000e+00,-0.000000000000000000e+00,-0.000000000000000000e+00,0.000000000000000000e+00,-0.000000000000000000e+00,-1.440085409742558331e-01,-0.000000000000000000e+00,-0.000000000000000000e+00,-0.000000000000000000e+00,-0.000000000000000000e+00,-9.906412301480399529e-02,-0.000000000000000000e+00,0.000000000000000000e+00,0.000000000000000000e+00,-0.000000000000000000e+00,0.000000000000000000e+00,-0.000000000000000000e+00,0.000000000000000000e+00,-0.000000000000000000e+00,-0.000000000000000000e+00,1.511803114109290913e+00,-8.935528018398478101e-02,-4.873203617232912781e-03,-3.351978174352054363e-01,-0.000000000000000000e+00,0.000000000000000000e+00,-0.000000000000000000e+00,0.000000000000000000e+00,-1.125550834061016109e-01,-0.000000000000000000e+00,-0.000000000000000000e+00,-3.388933701100401152e-01,-0.000000000000000000e+00,-6.783330826254541090e-02,-0.000000000000000000e+00,-0.000000000000000000e+00,-0.000000000000000000e+00,-0.000000000000000000e+00,-0.000000000000000000e+00
0.000000000000000000e+00,-0.000000000000000000e+00,-3.938584544807965382e-01,-1.866526156483052368e-01,-0.000000000000000000e+00,-0.000000000000000000e+00,-5.018373433901923697e-01,5.689891185174833499e-02,0.000000000000000000e+00,-0.000000000000000000e+00,0.000000000000000000e+00,-3.931664563301037751e-01,-0.000000000000000000e+00,0.000000000000000000e+00,-0.000000000000000000e+00,-0.000000000000000000e+00,0.000000000000000000e+00,-0.000000000000000000e+00,-7.597208735288948911e-02,-8.898646065296148544e-01,-8.935528018398478101e-02,2.689301997845718883e+00,0.000000000000000000e+00,-0.000000000000000000e+00,-0.000000000000000000e+00,0.000000000000000000e+00,-0.000000000000000000e+00,-0.000000000000000000e+00,-0.000000000000000000e+00,8.899486223845710919e-03,-0.000000000000000000e+00,-0.000000000000000000e+00,-4.000377281037920812e-02,-0.000000000000000000e+00,-0.000000000000000000e+00,0.000000000000000000e+00,-0.000000000000000000e+00,5.465001972329767976e-02,0.000000000000000000e+00
-3.631917722413707805e-01,-0.000000000000000000e+00,-0.000000000000000000e+00,6.102881995406669174e-02,-0.000000000000000000e+00,-3.271961410607032161e-01,0.000000000000000000e+00,0.000000000000000000e+00,-8.376072655846523995e-02,-0.000000000000000000e+00,-5.851790672865572196e-01,0.000000000000000000e+00,0.000000000000000000e+00,-3.236447003257477556e-02,0.000000000000000000e+00,0.000000000000000000e+00,-4.618393949120332964e-01,0.000000000000000000e+00,0.000000000000000000e+00,-0.000000000000000000e+00,-4.873203617232912781e-03,0.000000000000000000e+00,2.683359245924517023e+00,-2.568870749597412240e-01,-9.617537563137809609e-02,-0.000000000000000000e+00,-1.356177692569071336e-01,-0.000000000000000000e+00,-0.000000000000000000e+00,-0.000000000000000000e+00,-4.896158792829062578e-02,-0.000000000000000000e+00,-0.000000000000000000e+00,-0.000000000000000000e+00,-0.000000000000000000e+00,-3.978994994524198692e-01,-0.000000000000000000e+00,-0.000000000000000000e+00,-0.000000000000000000e+00
-0.000000000000000000e+00,-0.000000000000000000e+00,-0.000000000000000000e+00,0.000000000000000000e+00,-0.000000000000000000e+00,-5.547545341845629974e-01,0.000000000000000000e+00,-0.000000000000000000e+00,-0.000000000000000000e+00,-0.000000000000000000e+00,-5.373111203555369642e-01,0.000000000000000000e+00,-0.000000000000000000e+00,-8.421075082962839464e-02,0.000000000000000000e+00,-0.000000000000000000e+00,-9.733640172588113593e-02,0.000000000000000000e+00,0.000000000000000000e+00,-0.000000000000000000e+00,-3.351978174352054363e-01,-0.000000000000000000e+00,-2.568870749597412240e-01,2.710224315084828195e+00,-4.446272299013785956e-01,-0.000000000000000000e+00,-0.000000000000000000e+00,-0.000000000000000000e+00,-2.578781878555274631e-01,-0.000000000000000000e+00,-1.453988910704153981e-01,-7.398304654643564349e-02,-1.542764890705426717e-01,-0.000000000000000000e+00,-0.000000000000000000e+00,-0.000000000000000000e+00,-0.000000000000000000e+00,-0.000000000000000000e+00,-0.000000000000000000e+00
-0.000000000000000000e+00,-2.685496006521845835e-01,-0.000000000000000000e+00,0.000000000000000000e+00,-0.000000000000000000e+00,-7.347253252989102701e-02,-0.000000000000000000e+00,0.000000000000000000e+00,-0.000000000000000000e+00,-4.675501617182187264e-01,-0.000000000000000000e+00,-0.000000000000000000e+00,-0.000000000000000000e+00,-2.118675465195888064e-01,-0.000000000000000000e+00,-0.000000000000000000e+00,-0.000000000000000000e+00,0.000000000000000000e+00,-0.000000000000000000e+00,-0.000000000000000000e+00,-0.000000000000000000e+00,-0.000000000000000000e+00,-9.617537563137809609e-02,-4.446272299013785956e-01,2.146043976126189801e+00,-0.000000000000000000e+00,-1.158888568035680577e-01,-0.000000000000000000e+00,-0.000000000000000000e+00,-9.057276252546947459e-02,-1.098159760530310024e-02,-1.050086552535981488e-01,-0.000000000000000000e+00,-0.000000000000000000e+00,0.000000000000000000e+00,-1.975985355575935742e-01,-0.000000000000000000e+00,-0.000000000000000000e+00,-5.532708779959942882e-03
-0.000000000000000000e+00,-0.000000000000000000e+00,-0.000000000000000000e+00,-0.000000000000000000e+00,-0.000000000000000000e+00,0.000000000000000000e+00,0.000000000000000000e+00,0.000000000000000000e+00,-2.558486644979520233e-02,-2.909796986054681844e-01,-0.000000000000000000e+00,-0.000000000000000000e+00,-9.052819738159403884e-02,-0.000000000000000000e+00,-0.000000000000000000e+00,-2.480743167925560655e-01,-0.000000000000000000e+00,-0.000000000000000000e+00,-0.000000000000000000e+00,0.000000000000000000e+00,0.000000000000000000e+00,0.000000000000000000e+00,-0.000000000000000000e+00,-0.000000000000000000e+00,-0.000000000000000000e+00,1.842966369868493937e+00,-1.528832283953047710e-01,-5.980983412363946039e-01,-0.000000000000000000e+00,-1.007670114375462944e-01,-3.771221233824866015e-02,-0.000000000000000000e+00,-0.000000000000000000e+00,-0.000000000000000000e+00,-0.000000000000000000e+00,-0.000000000000000000e+00,-0.000000000000000000e+00,-1.484181323889116888e-01,-7.854953209087148225e-02
-4.698826809145015271e-01,-6.999871802256960041e-02,-0.000000000000000000e+00,-0.000000000000000000e+00,-8.530847745856477704e-02,-0.000000000000000000e+00,-0.000000000000000000e+00,0.000000000000000000e+00,-1.180136495410543940e-01,-1.023544387803541761e-01,-1.740613244048266894e-01,-0.000000000000000000e+00,-0.000000000000000000e+00,-2.106760490837480959e-01,-0.000000000000000000e+00,-0.000000000000000000e+00,-1.868004110049731326e-02,-0.000000000000000000e+00,-0.000000000000000000e+00,-7.114855250033312595e-02,-0.000000000000000000e+00,-0.000000000000000000e+00,-1.356177692569071336e-01,-0.000000000000000000e+00,-1.158888568035680577e-01,-1.528832283953047710e-01,2.537646623451971450e+00,-2.476780449593805541e-02,-1.692900229058003775e-02,-0.000000000000000000e+00,-8.775905407470385722e-01,-0.000000000000000000e+00,-0.000000000000000000e+00,-0.000000000000000000e+00,-0.000000000000000000e+00,-0.000000000000000000e+00,-0.000000000000000000e+00,-0.000000000000000000e+00,-3.459554719167879516e-02
-0.000000000000000000e+00,0.000000000000000000e+00,-5.070518717700894795e-03,-0.000000000000000000e+00,-2.132848969155592689e-01,0.000000000000000000e+00,-0.000000000000000000e+00,3.387848685078975741e-01,-1.541799559482180948e-01,-0.000000000000000000e+00,-0.000000000000000000e+00,-0.000000000000000000e+00,-0.000000000000000000e+00,-0.000000000000000000e+00,0.000000000000000000e+00,-0.000000000000000000e+00,-0.000000000000000000e+00,-0.000000000000000000e+00,-0.000000000000000000e+00,-0.000000000000000000e+00,0.000000000000000000e+00,-0.000000000000000000e+00,-0.000000000000000000e+00,-0.000000000000000000e+00,-0.000000000000000000e+00,-5.980983412363946039e-01,-2.476780449593805541e-02,1.950779937751554893e+00,-0.000000000000000000e+00,-0.000000000000000000e+00,-5.077566138654138195e-01,0.000000000000000000e+00,-0.000000000000000000e+00,-0.000000000000000000e+00,-0.000000000000000000e+00,-0.000000000000000000e+00,0.000000000000000000e+00,-0.000000000000000000e+00,-0.000000000000000000e+00
-1.102463687075647680e-01,-2.845351192557069031e-01,-0.000000000000000000e+00,0.000000000000000000e+00,-0.000000000000000000e+00,-4.202297096002940990e-01,0.000000000000000000e+00,-0.000000000000000000e+00,-0.000000000000000000e+00,-0.000000000000000000e+00,-0.000000000000000000e+00,0.000000000000000000e+00,-0.000000000000000000e+00,-0.000000000000000000e+00,-0.000000000000000000e+00,-0.000000000000000000e+00,-0.000000000000000000e+00,0.000000000000000000e+00,0.000000000000000000e+00,-0.000000000000000000e+00,-1.125550834061016109e-01,-0.000000000000000000e+00,-0.000000000000000000e+00,-2.578781878555274631e-01,-0.000000000000000000e+00,-0.000000000000000000e+00,-1.692900229058003775e-02,-0.000000000000000000e+00,2.717712992492625990e+00,-0.000000000000000000e+00,-7.273485171839999541e-02,-6.653946729342744559e-01,-1.939712562486561320e-01,-0.000000000000000000e+00,-2.386779154262506364e-01,-0.000000000000000000e+00,-5.941474892694872389e-01,-0.000000000000000000e+00,-0.000000000000000000e+00
-5.552800834526062657e-01,-1.307235386646793396e-01,4.858915943684345706e-02,8.414303914460229128e-02,-0.000000000000000000e+00,-0.000000000000000000e+00,1.561732976546676343e-03,-5.446164553770416195e-02,-1.482908521806659830e-01,-2.187013219136763401e-02,-0.000000000000000000e+00,0.000000000000000000e+00,0.000000000000000000e+00,-9.795499603138519210e-03,-0.000000000000000000e+00,-5.413788334867113416e-01,-0.000000000000000000e+00,0.000000000000000000e+00,0.000000000000000000e+00,0.000000000000000000e+00,-0.000000000000000000e+00,8.899486223845710919e-03,-0.000000000000000000e+00,-0.000000000000000000e+00,-9.057276252546947459e-02,-1.007670114375462944e-01,-0.000000000000000000e+00,-0.000000000000000000e+00,-0.000000000000000000e+00,1.995884910982729687e+00,-0.000000000000000000e+00,-0.000000000000000000e+00,-0.000000000000000000e+00,-0.000000000000000000e+00,0.000000000000000000e+00,-1.812006012251199394e-01,-0.000000000000000000e+00,-3.375063296902279519e-02,-0.000000000000000000e+00
-0.000000000000000000e+00,-0.000000000000000000e+00,-2.151316270855465063e-01,-0.000000000000000000e+00,-1.726215932759834482e-01,-0.000000000000000000e+00,-0.000000000000000000e+00,4.522096742371182337e-02,-0.000000000000000000e+00,-0.000000000000000000e+00,-1.047342224807750882e-01,-0.000000000000000000e+00,-0.000000000000000000e+00,-1.677246302755239782e-01,0.000000000000000000e+00,-0.000000000000000000e+00,-0.000000000000000000e+00,-0.000000000000000000e+00,-0.000000000000000000e+00,-2.183746763726335943e-02,-0.000000000000000000e+00,-0.000000000000000000e+00,-4.896158792829062578e-02,-1.453988910704153981e-01,-1.098159760530310024e-02,-3.771221233824866015e-02,-8.775905407470385722e-01,-5.077566138654138195e-01,-7.273485171839999541e-02,-0.000000000000000000e+00,2.528000233313047129e+00,-0.000000000000000000e+00,-4.077881578205662660e-01,-0.000000000000000000e+00,-1.114875643087263370e-02,-0.000000000000000000e+00,-0.000000000000000000e+00,-0.000000000000000000e+00,-0.000000000000000000e+00
-0.000000000000000000e+00,-4.650183916448399901e-01,0.000000000000000000e+00,0.000000000000000000e+00,-0.000000000000000000e+00,-0.000000000000000000e+00,-0.000000000000000000e+00,-0.000000000000000000e+00,-0.000000000000000000e+00,-4.685200651693432333e-02,-0.000000000000000000e+00,-0.000000000000000000e+00,-0.000000000000000000e+00,-0.000000000000000000e+00,-0.000000000000000000e+00,-0.000000000000000000e+00,-0.000000000000000000e+00,-0.000000000000000000e+00,-0.000000000000000000e+00,-0.000000000000000000e+00,-3.388933701100401152e-01,-0.000000000000000000e+00,-0.000000000000000000e+00,-7.398304654643564349e-02,-1.050086552535981488e-01,-0.000000000000000000e+00,-0.000000000000000000e+00,0.000000000000000000e+00,-6.653946729342744559e-01,-0.000000000000000000e+00,-0.000000000000000000e+00,2.614786611932339966e+00,-0.000000000000000000e+00,-0.000000000000000000e+00,-0.000000000000000000e+00,0.000000000000000000e+00,-8.817178138938237542e-01,-7.399367018295834042e-02,-0.000000000000000000e+00
-0.000000000000000000e+00,-0.000000000000000000e+00,-0.000000000000000000e+00,-0.000000000000000000e+00,-0.000000000000000000e+00,-0.000000000000000000e+00,-0.000000000000000000e+00,0.000000000000000000e+00,0.000000000000000000e+00,-0.000000000000000000e+00,-0.000000000000000000e+00,0.000000000000000000e+00,-0.000000000000000000e+00,-2.697949315300057077e-02,1.767874005296773132e-01,-0.000000000000000000e+00,-0.000000000000000000e+00,0.000000000000000000e+00,-0.000000000000000000e+00,-5.492516975629370413e-02,-0.000000000000000000e+00,-4.000377281037920812e-02,-0.000000000000000000e+00,-1.542764890705426717e-01,-0.000000000000000000e+00,-0.000000000000000000e+00,-0.000000000000000000e+00,-0.000000000000000000e+00,-1.939712562486561320e-01,-0.000000000000000000e+00,-4.077881578205662660e-01,-0.000000000000000000e+00,1.351254572883123561e+00,0.000000000000000000e+00,-5.374307722249940106e-02,0.000000000000000000e+00,-0.000000000000000000e+00,0.000000000000000000e+00,0.000000000000000000e+00
-0.000000000000000000e+00,-0.000000000000000000e+00,-0.000000000000000000e+00,0.000000000000000000e+00,-7.063746650222296752e-01,-0.000000000000000000e+00,0.000000000000000000e+00,0.000000000000000000e+00,-5.167507718783511672e-01,-0.000000000000000000e+00,-0.000000000000000000e+00,-0.000000000000000000e+00,0.000000000000000000e+00,-0.000000000000000000e+00,-3.298200307655648755e-01,-0.000000000000000000e+00,-0.000000000000000000e+00,-0.000000000000000000e+00,-0.000000000000000000e+00,-0.000000000000000000e+00,-6.783330826254541090e-02,-0.000000000000000000e+00,-0.000000000000000000e+00,-0.000000000000000000e+00,-0.000000000000000000e+00,-0.000000000000000000e+00,-0.000000000000000000e+00,-0.000000000000000000e+00,-0.000000000000000000e+00,-0.000000000000000000e+00,-0.000000000000000000e+00,-0.000000000000000000e+00,0.000000000000000000e+00,2.073377884502097146e+00,1.578211296851381520e-02,-2.765917891039852416e-01,0.000000000000000000e+00,-0.000000000000000000e+00,-1.687537329352722937e-01
-0.000000000000000000e+00,-0.000000000000000000e+00,-0.000000000000000000e+00,0.000000000000000000e+00,0.000000000000000000e+00,-0.000000000000000000e+00,0.000000000000000000e+00,0.000000000000000000e+00,0.000000000000000000e+00,0.000000000000000000e+00,-0.000000000000000000e+00,0.000000000000000000e+00,-2.155304470618736590e-01,-0.000000000000000000e+00,1.688312811873660113e-01,0.000000000000000000e+00,0.000000000000000000e+00,0.000000000000000000e+00,0.000000000000000000e+00,-0.000000000000000000e+00,-0.000000000000000000e+00,-0.000000000000000000e+00,-0.000000000000000000e+00,-0.000000000000000000e+00,0.000000000000000000e+00,-0.000000000000000000e+00,-0.000000000000000000e+00,-0.000000000000000000e+00,-2.386779154262506364e-01,0.000000000000000000e+00,-1.114875643087263370e-02,-0.000000000000000000e+00,-5.374307722249940106e-02,1.578211296851381520e-02,1.454321855847914069e+00,0.000000000000000000e+00,-4.760649336005267074e-01,0.000000000000000000e+00,0.000000000000000000e+00
-1.239937807151768601e-01,-0.000000000000000000e+00,-0.000000000000000000e+00,5.618527517899803148e-02,-0.000000000000000000e+00,-0.000000000000000000e+00,0.000000000000000000e+00,0.000000000000000000e+00,-1.791438328654773315e-01,-0.000000000000000000e+00,-0.000000000000000000e+00,0.000000000000000000e+00,0.000000000000000000e+00,-3.289473323695475404e-01,0.000000000000000000e+00,-0.000000000000000000e+00,-0.000000000000000000e+00,0.000000000000000000e+00,0.000000000000000000e+00,0.000000000000000000e+00,-0.000000000000000000e+00,0.000000000000000000e+00,-3.978994994524198692e-01,-0.000000000000000000e+00,-1.975985355575935742e-01,-0.000000000000000000e+00,-0.000000000000000000e+00,-0.000000000000000000e+00,-0.000000000000000000e+00,-1.812006012251199394e-01,-0.000000000000000000e+00,0.000000000000000000e+00,0.000000000000000000e+00,-2.765917891039852416e-01,0.000000000000000000e+00,1.862437819364797909e+00,0.000000000000000000e+00,-0.000000000000000000e+00,-2.336113878681014833e-02
-0.000000000000000000e+00,-0.000000000000000000e+00,0.000000000000000000e+00,-0.000000000000000000e+00,0.000000000000000000e+00,-3.871745556185722525e-02,-0.000000000000000000e+00,-0.000000000000000000e+00,0.000000000000000000e+00,-0.000000000000000000e+00,-0.000000000000000000e+00,-0.000000000000000000e+00,-3.974139990452177917e-01,-0.000000000000000000e+00,-0.000000000000000000e+00,-0.000000000000000000e+00,0.000000000000000000e+00,-0.000000000000000000e+00,0.000000000000000000e+00,-0.000000000000000000e+00,-0.000000000000000000e+00,-0.000000000000000000e+00,-0.000000000000000000e+00,-0.000000000000000000e+00,-0.000000000000000000e+00,-0.000000000000000000e+00,-0.000000000000000000e+00,0.000000000000000000e+00,-5.941474892694872389e-01,-0.000000000000000000e+00,-0.000000000000000000e+00,-8.817178138938237542e-01,-0.000000000000000000e+00,0.000000000000000000e+00,-4.760649336005267074e-01,0.000000000000000000e+00,2.399475522382239490e+00,-0.000000000000000000e+00,-0.000000000000000000e+00
-2.225372809982266442e-01,-0.000000000000000000e+00,6.930720899680629932e-02,1.810805218746592560e-01,-0.000000000000000000e+00,-0.000000000000000000e+00,2.785697535890926391e-01,-0.000000000000000000e+00,-3.305502486449669874e-02,-0.000000000000000000e+00,-0.000000000000000000e+00,0.000000000000000000e+00,0.000000000000000000e+00,-0.000000000000000000e+00,-2.393975986508787013e-01,-0.000000000000000000e+00,-0.000000000000000000e+00,0.000000000000000000e+00,0.000000000000000000e+00,0.000000000000000000e+00,-0.000000000000000000e+00,5.465001972329767976e-02,-0.000000000000000000e+00,-0.000000000000000000e+00,-0.000000000000000000e+00,-1.484181323889116888e-01,-0.000000000000000000e+00,-0.000000000000000000e+00,-0.000000000000000000e+00,-3.375063296902279519e-02,-0.000000000000000000e+00,-7.399367018295834042e-02,0.000000000000000000e+00,-0.000000000000000000e+00,0.000000000000000000e+00,-0.000000000000000000e+00,-0.000000000000000000e+00,1.521879587626671304e+00,-4.058844788712113183e-01
-0.000000000000000000e+00,-0.000000000000000000e+00,-0.000000000000000000e+00,0.000000000000000000e+00,-0.000000000000000000e+00,-0.000000000000000000e+00,0.000000000000000000e+00,0.000000000000000000e+00,-7.790951704029658309e-01,-3.804546547300826087e-01,-0.000000000000000000e+00,-0.000000000000000000e+00,0.000000000000000000e+00,-0.000000000000000000e+00,-0.000000000000000000e+00,-0.000000000000000000e+00,-0.000000000000000000e+00,0.000000000000000000e+00,-0.000000000000000000e+00,0.000000000000000000e+00,-0.000000000000000000e+00,0.000000000000000000e+00,-0.000000000000000000e+00,-0.000000000000000000e+00,-5.532708779959942882e-03,-7.854953209087148225e-02,-3.459554719167879516e-02,-0.000000000000000000e+00,-0.000000000000000000e+00,-0.000000000000000000e+00,-0.000000000000000000e+00,-0.000000000000000000e+00,0.000000000000000000e+00,-1.687537329352722937e-01,0.000000000000000000e+00,-2.336113878681014833e-02,-0.000000000000000000e+00,-4.058844788712113183e-01,1.995901803458750567e+00
