2.122061867274374958e+00,-0.000000000000000000e+00,-0.000000000000000000e+00,0.000000000000000000e+00,-0.000000000000000000e+00,-0.000000000000000000e+00,-0.000000000000000000e+00,2.253964775898651129e-01,-0.000000000000000000e+00,-0.000000000000000000e+00,-0.000000000000000000e+00,0.000000000000000000e+00,0.000000000000000000e+00,0.000000000000000000e+00,0.000000000000000000e+00,-0.000000000000000000e+00,-8.105810339533092712e-02,0.000000000000000000e+00,-0.000000000000000000e+00,-0.000000000000000000e+00,-9.179956001025382784e-02,-1.712934558077501279e-01,-2.735301242825152745e-01,-6.323660913953776941e-02,-0.000000000000000000e+00,-0.000000000000000000e+00,-0.000000000000000000e+00,0.000000000000000000e+00,-2.869379175433943163e-01,-5.711637110844296483e-01,-1.352152801343101673e-01,-0.000000000000000000e+00,0.000000000000000000e+00,0.000000000000000000e+00,-2.250627683207042373e-01,-0.000000000000000000e+00,-0.000000000000000000e+00,-0.000000000000000000e+00,0.000000000000000000e+00
-0.000000000000000000e+00,2.629770700682141804e+00,-1.283266620863399432e-01,0.000000000000000000e+00,-0.000000000000000000e+00,-0.000000000000000000e+00,0.000000000000000000e+00,2.430407957598300916e-01,-1.447653809748363496e-01,-3.632145533218189559e-01,-0.000000000000000000e+00,-0.000000000000000000e+00,0.000000000000000000e+00,-0.000000000000000000e+00,-0.000000000000000000e+00,-8.942159308907013382e-02,-0.000000000000000000e+00,0.000000000000000000e+00,-0.000000000000000000e+00,-0.000000000000000000e+00,-9.044672184460700315e-02,-0.000000000000000000e+00,-0.000000000000000000e+00,-0.000000000000000000e+00,-2.142145912700482158e-01,-1.374186956154689054e-01,-3.525690054281202523e-01,-2.335382046190215000e-01,-0.000000000000000000e+00,-0.000000000000000000e+00,-0.000000000000000000e+00,-2.517304965899386793e-01,-4.799560984093059757e-02,-0.000000000000000000e+00,-0.000000000000000000e+00,-0.000000000000000000e+00,-3.529295634841660978e-01,-1.055150776087601661e-01,-3.064340214006057717e-01
-0.000000000000000000e+00,-1.283266620863399432e-01,2.860988955431901015e+00,-1.053160186923532693e-01,-0.000000000000000000e+00,-0.000000000000000000e+00,-0.000000000000000000e+00,1.162957860601560478e+00,-0.000000000000000000e+00,-1.380344197352780522e-01,-0.000000000000000000e+00,-0.000000000000000000e+00,0.000000000000000000e+00,-0.000000000000000000e+00,-0.000000000000000000e+00,-2.667264093044380835e-01,0.000000000000000000e+00,-0.000000000000000000e+00,-1.115754039610178106e-01,-2.034418557204394351e-01,-0.000000000000000000e+00,-0.000000000000000000e+00,-0.000000000000000000e+00,-0.000000000000000000e+00,-0.000000000000000000e+00,-7.190255794972563730e-02,-3.953749423025456067e-01,-2.488205078086868083e-01,-0.000000000000000000e+00,-0.000000000000000000e+00,-0.000000000000000000e+00,-0.000000000000000000e+00,-5.965721819093601497e-02,-0.000000000000000000e+00,0.000000000000000000e+00,-3.384891027193953628e-01,-4.237998950993911162e-02,-0.000000000000000000e+00,-0.000000000000000000e+00
0.000000000000000000e+00,0.000000000000000000e+00,-1.053160186923532693e-01,1.207131207588858945e+00,0.000000000000000000e+00,0.000000000000000000e+00,-2.253987747731795999e-01,0.000000000000000000e+00,0.000000000000000000e+00,-0.000000000000000000e+00,-0.000000000000000000e+00,-0.000000000000000000e+00,-0.000000000000000000e+00,-0.000000000000000000e+00,-0.000000000000000000e+00,-0.000000000000000000e+00,2.164977709696835340e-01,-1.309294265747893982e-01,-1.105117728632164509e-01,-4.233816319631861919e-02,0.000000000000000000e+00,0.000000000000000000e+00,0.000000000000000000e+00,0.000000000000000000e+00,0.000000000000000000e+00,-0.000000000000000000e+00,0.000000000000000000e+00,-7.314984542053504235e-02,0.000000000000000000e+00,0.000000000000000000e+00,2.483508798098590376e-01,0.000000000000000000e+00,-0.000000000000000000e+00,-0.000000000000000000e+00,0.000000000000000000e+00,-0.000000000000000000e+00,-0.000000000000000000e+00,0.000000000000000000e+00,0.000000000000000000e+00
-0.000000000000000000e+00,-0.000000000000000000e+00,-0.000000000000000000e+00,0.000000000000000000e+00,1.395699759932605977e+00,-0.000000000000000000e+00,0.000000000000000000e+00,1.451439420469567421e-01,-2.193763815124476213e-01,-0.000000000000000000e+00,0.000000000000000000e+00,0.000000000000000000e+00,9.955177315839278118e-02,0.000000000000000000e+00,-0.000000000000000000e+00,-0.000000000000000000e+00,-0.000000000000000000e+00,-2.029450479298106069e-01,-2.238653604001909214e-01,0.000000000000000000e+00,-0.000000000000000000e+00,0.000000000000000000e+00,-0.000000000000000000e+00,-0.000000000000000000e+00,-0.000000000000000000e+00,-0.000000000000000000e+00,-0.000000000000000000e+00,-0.000000000000000000e+00,-0.000000000000000000e+00,-0.000000000000000000e+00,-2.831188168282718354e-01,-0.000000000000000000e+00,0.000000000000000000e+00,-9.083478695656092838e-02,-0.000000000000000000e+00,-0.000000000000000000e+00,-0.000000000000000000e+00,-0.000000000000000000e+00,-2.050886326728304163e-02
-0.000000000000000000e+00,-0.000000000000000000e+00,-0.000000000000000000e+00,0.000000000000000000e+00,-0.000000000000000000e+00,3.292483044292531247e+00,-0.000000000000000000e+00,0.000000000000000000e+00,0.000000000000000000e+00,0.000000000000000000e+00,0.000000000000000000e+00,0.000000000000000000e+00,-0.000000000000000000e+00,0.000000000000000000e+00,0.000000000000000000e+00,0.000000000000000000e+00,-4.709370558185957401e-01,0.000000000000000000e+00,0.000000000000000000e+00,-0.000000000000000000e+00,-0.000000000000000000e+00,-4.991607359389586135e-02,-5.244002942633965159e-01,-5.874507654682979974e-01,-7.947863163776668072e-02,0.000000000000000000e+00,-0.000000000000000000e+00,0.000000000000000000e+00,-5.537109363168253306e-01,-0.000000000000000000e+00,-0.000000000000000000e+00,-4.421528197835878360e-01,-0.000000000000000000e+00,1.457382828087759596e-01,-4.388915452745554280e-01,7.717043693412123373e-02,-1.318610987174723137e-01,-0.000000000000000000e+00,-0.000000000000000000e+00
-0.000000000000000000e+00,0.000000000000000000e+00,-0.000000000000000000e+00,-2.253987747731795999e-01,0.000000000000000000e+00,-0.000000000000000000e+00,1.422257268669957053e+00,0.000000000000000000e+00,0.000000000000000000e+00,0.000000000000000000e+00,-0.000000000000000000e+00,2.006779647196532124e-01,-5.720985938115418640e-02,0.000000000000000000e+00,0.000000000000000000e+00,0.000000000000000000e+00,-0.000000000000000000e+00,-0.000000000000000000e+00,-1.178274854076862416e-01,-2.428218147784164394e-01,-0.000000000000000000e+00,-2.060375368298797416e-01,-0.000000000000000000e+00,-0.000000000000000000e+00,-0.000000000000000000e+00,0.000000000000000000e+00,0.000000000000000000e+00,0.000000000000000000e+00,-0.000000000000000000e+00,-2.154339991180249936e-01,0.000000000000000000e+00,-0.000000000000000000e+00,-0.000000000000000000e+00,2.619973299789432608e-01,-0.000000000000000000e+00,0.000000000000000000e+00,-0.000000000000000000e+00,0.000000000000000000e+00,2.025964047355751363e-01
2.253964775898651129e-01,2.430407957598300916e-01,1.162957860601560478e+00,0.000000000000000000e+00,1.451439420469567421e-01,0.000000000000000000e+00,0.000000000000000000e+00,2.709909972334737738e+00,0.000000000000000000e+00,0.000000000000000000e+00,-0.000000000000000000e+00,0.000000000000000000e+00,-0.000000000000000000e+00,0.000000000000000000e+00,0.000000000000000000e+00,0.000000000000000000e+00,0.000000000000000000e+00,0.000000000000000000e+00,2.155068189984981064e-01,0.000000000000000000e+00,0.000000000000000000e+00,0.000000000000000000e+00,0.000000000000000000e+00,0.000000000000000000e+00,2.216155704835764406e-01,1.750048446716286066e-01,1.234557490724749046e-02,0.000000000000000000e+00,0.000000000000000000e+00,3.841606540964944694e-01,1.337056261301764193e-01,7.119280481779981240e-02,0.000000000000000000e+00,0.000000000000000000e+00,0.000000000000000000e+00,6.494195619005246715e-03,1.944355616790061775e-02,0.000000000000000000e+00,0.000000000000000000e+00
-0.000000000000000000e+00,-1.447653809748363496e-01,-0.000000000000000000e+00,0.000000000000000000e+00,-2.193763815124476213e-01,0.000000000000000000e+00,0.000000000000000000e+00,0.000000000000000000e+00,2.194106773113709608e+00,-0.000000000000000000e+00,-0.000000000000000000e+00,-0.000000000000000000e+00,1.781593864249540471e-01,-0.000000000000000000e+00,-2.588225222580837204e-01,-0.000000000000000000e+00,0.000000000000000000e+00,-0.000000000000000000e+00,-0.000000000000000000e+00,-0.000000000000000000e+00,-0.000000000000000000e+00,0.000000000000000000e+00,0.000000000000000000e+00,0.000000000000000000e+00,-0.000000000000000000e+00,-3.783304980093666336e-01,-4.647787686948373631e-02,-0.000000000000000000e+00,0.000000000000000000e+00,-0.000000000000000000e+00,-0.000000000000000000e+00,-0.000000000000000000e+00,-0.000000000000000000e+00,-3.425580993502989058e-01,0.000000000000000000e+00,-1.175935901111530568e-01,-0.000000000000000000e+00,-4.626101020673858977e-01,-2.911317854500682922e-01
-0.000000000000000000e+00,-3.632145533218189559e-01,-1.380344197352780522e-01,-0.000000000000000000e+00,-0.000000000000000000e+00,0.000000000000000000e+00,0.000000000000000000e+00,0.000000000000000000e+00,-0.000000000000000000e+00,2.382688318387634840e+00,-0.000000000000000000e+00,-0.000000000000000000e+00,0.000000000000000000e+00,-2.177118897456604973e-01,-1.403285191260683906e-01,-1.247734582639874690e+00,0.000000000000000000e+00,0.000000000000000000e+00,-0.000000000000000000e+00,-0.000000000000000000e+00,-2.421523400500635165e-02,-0.000000000000000000e+00,-0.000000000000000000e+00,-0.000000000000000000e+00,-6.455530534649783769e-02,-0.000000000000000000e+00,-0.000000000000000000e+00,-0.000000000000000000e+00,0.000000000000000000e+00,-9.157885841305433983e-02,-0.000000000000000000e+00,-0.000000000000000000e+00,-0.000000000000000000e+00,-0.000000000000000000e+00,0.000000000000000000e+00,-9.707874444165289635e-03,-0.000000000000000000e+00,-0.000000000000000000e+00,-0.000000000000000000e+00
-0.000000000000000000e+00,-0.000000000000000000e+00,-0.000000000000000000e+00,-0.000000000000000000e+00,0.000000000000000000e+00,0.000000000000000000e+00,-0.000000000000000000e+00,-0.000000000000000000e+00,-0.000000000000000000e+00,-0.000000000000000000e+00,1.078856894739457228e+00,-0.000000000000000000e+00,-6.567327925237073996e-03,-0.000000000000000000e+00,-0.000000000000000000e+00,-0.000000000000000000e+00,-0.000000000000000000e+00,0.000000000000000000e+00,0.000000000000000000e+00,-1.396987997404332549e-01,-8.294042065366429017e-02,-1.370456455707140531e-01,0.000000000000000000e+00,0.000000000000000000e+00,-0.000000000000000000e+00,0.000000000000000000e+00,-0.000000000000000000e+00,-0.000000000000000000e+00,0.000000000000000000e+00,-0.000000000000000000e+00,6.205995718297968589e-02,-0.000000000000000000e+00,-0.000000000000000000e+00,0.000000000000000000e+00,0.000000000000000000e+00,0.000000000000000000e+00,-0.000000000000000000e+00,-0.000000000000000000e+00,0.000000000000000000e+00
0.000000000000000000e+00,-0.000000000000000000e+00,-0.000000000000000000e+00,-0.000000000000000000e+00,0.000000000000000000e+00,0.000000000000000000e+00,2.006779647196532124e-01,0.000000000000000000e+00,-0.000000000000000000e+00,-0.000000000000000000e+00,-0.000000000000000000e+00,1.842752171915376991e+00,0.000000000000000000e+00,-1.027042177549309099e-01,-5.121506174416096124e-01,-0.000000000000000000e+00,3.866549090448478387e-01,0.000000000000000000e+00,-0.000000000000000000e+00,0.000000000000000000e+00,0.000000000000000000e+00,0.000000000000000000e+00,0.000000000000000000e+00,0.000000000000000000e+00,0.000000000000000000e+00,-0.000000000000000000e+00,-1.366038693167413165e-01,-0.000000000000000000e+00,0.000000000000000000e+00,0.000000000000000000e+00,0.000000000000000000e+00,-0.000000000000000000e+00,-0.000000000000000000e+00,-3.191619175559021193e-01,2.115005120153784224e-01,-0.000000000000000000e+00,0.000000000000000000e+00,-4.773790593652776915e-02,-5.497173846067497649e-02
0.000000000000000000e+00,0.000000000000000000e+00,0.000000000000000000e+00,-0.000000000000000000e+00,9.955177315839278118e-02,-0.000000000000000000e+00,-5.720985938115418640e-02,-0.000000000000000000e+00,1.781593864249540471e-01,0.000000000000000000e+00,-6.567327925237073996e-03,0.000000000000000000e+00,1.337960499778143797e+00,0.000000000000000000e+00,0.000000000000000000e+00,0.000000000000000000e+00,-0.000000000000000000e+00,0.000000000000000000e+00,0.000000000000000000e+00,-8.350909848168291960e-02,-0.000000000000000000e+00,-5.542748955958235607e-02,-0.000000000000000000e+00,-0.000000000000000000e+00,0.000000000000000000e+00,3.697613125006737889e-01,0.000000000000000000e+00,0.000000000000000000e+00,-0.000000000000000000e+00,0.000000000000000000e+00,2.395917568934085307e-01,-0.000000000000000000e+00,-0.000000000000000000e+00,3.986563631666734803e-02,-0.000000000000000000e+00,4.015055518946136770e-02,-0.000000000000000000e+00,0.000000000000000000e+00,1.216663285002856851e-02
0.000000000000000000e+00,-0.000000000000000000e+00,-0.000000000000000000e+00,-0.000000000000000000e+00,0.000000000000000000e+00,0.000000000000000000e+00,0.000000000000000000e+00,0.000000000000000000e+00,-0.000000000000000000e+00,-2.177118897456604973e-01,-0.000000000000000000e+00,-1.027042177549309099e-01,0.000000000000000000e+00,1.492844264072942684e+00,-0.000000000000000000e+00,-0.000000000000000000e+00,1.132395561123705069e-02,0.000000000000000000e+00,0.000000000000000000e+00,0.000000000000000000e+00,0.000000000000000000e+00,0.000000000000000000e+00,0.000000000000000000e+00,0.000000000000000000e+00,-0.000000000000000000e+00,-1.611299062956751960e-01,-0.000000000000000000e+00,-2.814117939262332224e-01,6.914005786585310318e-04,0.000000000000000000e+00,0.000000000000000000e+00,0.000000000000000000e+00,-7.701051027274186805e-03,-1.547281694603410418e-01,1.847311316361215094e-01,-2.106504757909616332e-01,-0.000000000000000000e+00,-0.000000000000000000e+00,-0.000000000000000000e+00
0.000000000000000000e+00,-0.000000000000000000e+00,-0.000000000000000000e+00,-0.000000000000000000e+00,-0.000000000000000000e+00,0.000000000000000000e+00,0.000000000000000000e+00,0.000000000000000000e+00,-2.588225222580837204e-01,-1.403285191260683906e-01,-0.000000000000000000e+00,-5.121506174416096124e-01,0.000000000000000000e+00,-0.000000000000000000e+00,2.229182038517966813e+00,-2.296696426010683967e-01,4.326722611763525461e-02,0.000000000000000000e+00,-0.000000000000000000e+00,-0.000000000000000000e+00,-0.000000000000000000e+00,0.000000000000000000e+00,0.000000000000000000e+00,0.000000000000000000e+00,-0.000000000000000000e+00,-0.000000000000000000e+00,-0.000000000000000000e+00,-5.324054263563987588e-01,0.000000000000000000e+00,0.000000000000000000e+00,0.000000000000000000e+00,-0.000000000000000000e+00,-0.000000000000000000e+00,-5.857328430184878254e-01,3.853947640301166877e-02,-0.000000000000000000e+00,-0.000000000000000000e+00,-0.000000000000000000e+00,-0.000000000000000000e+00
-0.000000000000000000e+00,-8.942159308907013382e-02,-2.667264093044380835e-01,-0.000000000000000000e+00,-0.000000000000000000e+00,0.000000000000000000e+00,0.000000000000000000e+00,0.000000000000000000e+00,-0.000000000000000000e+00,-1.247734582639874690e+00,-0.000000000000000000e+00,-0.000000000000000000e+00,0.000000000000000000e+00,-0.000000000000000000e+00,-2.296696426010683967e-01,2.589648820617262981e+00,0.000000000000000000e+00,0.000000000000000000e+00,-0.000000000000000000e+00,-0.000000000000000000e+00,-0.000000000000000000e+00,-0.000000000000000000e+00,-0.000000000000000000e+00,-0.000000000000000000e+00,-0.000000000000000000e+00,-0.000000000000000000e+00,-0.000000000000000000e+00,-1.480885968878227210e-01,0.000000000000000000e+00,-2.601450024542329431e-01,-0.000000000000000000e+00,-0.000000000000000000e+00,-0.000000000000000000e+00,-0.000000000000000000e+00,0.000000000000000000e+00,-4.126434075572018023e-01,-0.000000000000000000e+00,-0.000000000000000000e+00,-0.000000000000000000e+00
-8.105810339533092712e-02,-0.000000000000000000e+00,0.000000000000000000e+00,2.164977709696835340e-01,-0.000000000000000000e+00,-4.709370558185957401e-01,-0.000000000000000000e+00,0.000000000000000000e+00,0.000000000000000000e+00,0.000000000000000000e+00,-0.000000000000000000e+00,3.866549090448478387e-01,-0.000000000000000000e+00,1.132395561123705069e-02,4.326722611763525461e-02,0.000000000000000000e+00,2.562052868505600767e+00,0.000000000000000000e+00,0.000000000000000000e+00,-0.000000000000000000e+00,-1.143777128244763408e-01,-0.000000000000000000e+00,-2.434568386983649441e-02,-2.491956663460402621e-01,-0.000000000000000000e+00,0.000000000000000000e+00,0.000000000000000000e+00,0.000000000000000000e+00,-3.800847096931546099e-01,-0.000000000000000000e+00,-3.667206677633292472e-02,-0.000000000000000000e+00,0.000000000000000000e+00,1.648469442795441262e-02,-6.291113826115188878e-01,2.831491803379662109e-01,-0.000000000000000000e+00,0.000000000000000000e+00,0.000000000000000000e+00
0.000000000000000000e+00,0.000000000000000000e+00,-0.000000000000000000e+00,-1.309294265747893982e-01,-2.029450479298106069e-01,0.000000000000000000e+00,-0.000000000000000000e+00,0.000000000000000000e+00,-0.000000000000000000e+00,0.000000000000000000e+00,0.000000000000000000e+00,0.000000000000000000e+00,0.000000000000000000e+00,0.000000000000000000e+00,0.000000000000000000e+00,0.000000000000000000e+00,0.000000000000000000e+00,1.510792110595118087e+00,-7.200123560787587973e-01,0.000000000000000000e+00,3.739985688658287177e-02,0.000000000000000000e+00,0.000000000000000000e+00,0.000000000000000000e+00,0.000000000000000000e+00,-0.000000000000000000e+00,0.000000000000000000e+00,0.000000000000000000e+00,0.000000000000000000e+00,0.000000000000000000e+00,0.000000000000000000e+00,1.149596587826505478e-02,5.926542205880595132e-02,-0.000000000000000000e+00,0.000000000000000000e+00,-0.000000000000000000e+00,0.000000000000000000e+00,3.190173953183776390e-01,0.000000000000000000e+00
-0.000000000000000000e+00,-0.000000000000000000e+00,-1.115754039610178106e-01,-1.105117728632164509e-01,-2.238653604001909214e-01,0.000000000000000000e+00,-1.178274854076862416e-01,2.155068189984981064e-01,-0.000000000000000000e+00,-0.000000000000000000e+00,0.000000000000000000e+00,-0.000000000000000000e+00,0.000000000000000000e+00,0.000000000000000000e+00,-0.000000000000000000e+00,-0.000000000000000000e+00,0.000000000000000000e+00,-7.200123560787587973e-01,1.637850344687190596e+00,-0.000000000000000000e+00,0.000000000000000000e+00,0.000000000000000000e+00,0.000000000000000000e+00,0.000000000000000000e+00,0.000000000000000000e+00,-0.000000000000000000e+00,-0.000000000000000000e+00,-0.000000000000000000e+00,0.000000000000000000e+00,-0.000000000000000000e+00,-0.000000000000000000e+00,0.000000000000000000e+00,-0.000000000000000000e+00,-1.192141799904214289e-01,0.000000000000000000e+00,-9.871570139552780787e-02,0.000000000000000000e+00,-0.000000000000000000e+00,0.000000000000000000e+00
-0.000000000000000000e+00,-0.000000000000000000e+00,-2.034418557204394351e-01,-4.233816319631861919e-02,0.000000000000000000e+00,-0.000000000000000000e+00,-2.428218147784164394e-01,0.000000000000000000e+00,-0.000000000000000000e+00,-0.000000000000000000e+00,-1.396987997404332549e-01,0.000000000000000000e+00,-8.350909848168291960e-02,0.000000000000000000e+00,-0.000000000000000000e+00,-0.000000000000000000e+00,-0.000000000000000000e+00,0.000000000000000000e+00,-0.000000000000000000e+00,1.831016607118282069e+00,-1.150708923724007848e-01,-6.826227876169209674e-01,-0.000000000000000000e+00,-0.000000000000000000e+00,-0.000000000000000000e+00,-0.000000000000000000e+00,-0.000000000000000000e+00,-1.585557630163899057e-01,-0.000000000000000000e+00,-6.951300363157598972e-02,0.000000000000000000e+00,-0.000000000000000000e+00,-1.409708081128054069e-01,0.000000000000000000e+00,-0.000000000000000000e+00,-0.000000000000000000e+00,-8.383781118074135064e-02,-0.000000000000000000e+00,0.000000000000000000e+00
-9.179956001025382784e-02,-9.044672184460700315e-02,-0.000000000000000000e+00,0.000000000000000000e+00,-0.000000000000000000e+00,-0.000000000000000000e+00,-0.000000000000000000e+00,0.000000000000000000e+00,-0.000000000000000000e+00,-2.421523400500635165e-02,-8.294042065366429017e-02,0.000000000000000000e+00,-0.000000000000000000e+00,0.000000000000000000e+00,-0.000000000000000000e+00,-0.000000000000000000e+00,-1.143777128244763408e-01,3.739985688658287177e-02,0.000000000000000000e+00,-1.150708923724007848e-01,2.056646421880679032e+00,-8.494424551502934850e-01,-0.000000000000000000e+00,-0.000000000000000000e+00,-0.000000000000000000e+00,-0.000000000000000000e+00,-0.000000000000000000e+00,-0.000000000000000000e+00,-1.055950428226031801e-01,-1.476494280805275838e-01,-0.000000000000000000e+00,-4.982313432351784949e-03,-1.370457418403661920e-01,0.000000000000000000e+00,-0.000000000000000000e+00,0.000000000000000000e+00,-2.436412643596046756e-01,-0.000000000000000000e+00,0.000000000000000000e+00
-1.712934558077501279e-01,-0.000000000000000000e+00,-0.000000000000000000e+00,0.000000000000000000e+00,0.000000000000000000e+00,-4.991607359389586135e-02,-2.060375368298797416e-01,0.000000000000000000e+00,0.000000000000000000e+00,-0.000000000000000000e+00,-1.370456455707140531e-01,0.000000000000000000e+00,-5.542748955958235607e-02,0.000000000000000000e+00,0.000000000000000000e+00,-0.000000000000000000e+00,-0.000000000000000000e+00,0.000000000000000000e+00,0.000000000000000000e+00,-6.826227876169209674e-01,-8.494424551502934850e-01,2.479803444326044826e+00,-0.000000000000000000e+00,-0.000000000000000000e+00,-9.629697082177579581e-02,0.000000000000000000e+00,-0.000000000000000000e+00,-0.000000000000000000e+00,-0.000000000000000000e+00,-1.347626551155702845e-01,-0.000000000000000000e+00,-1.481939696227561054e-01,-1.004547495278405866e-01,0.000000000000000000e+00,-0.000000000000000000e+00,0.000000000000000000e+00,-1.419356748018411329e-01,-0.000000000000000000e+00,0.000000000000000000e+00
-2.735301242825152745e-01,-0.000000000000000000e+00,-0.000000000000000000e+00,0.000000000000000000e+00,-0.000000000000000000e+00,-5.244002942633965159e-01,-0.000000000000000000e+00,0.000000000000000000e+00,0.000000000000000000e+00,-0.000000000000000000e+00,0.000000000000000000e+00,0.000000000000000000e+00,-0.000000000000000000e+00,0.000000000000000000e+00,0.000000000000000000e+00,-0.000000000000000000e+00,-2.434568386983649441e-02,0.000000000000000000e+00,0.000000000000000000e+00,-0.000000000000000000e+00,-0.000000000000000000e+00,-0.000000000000000000e+00,3.106717477395477545e+00,-6.245670853390250521e-01,-7.014499388849979589e-01,-0.000000000000000000e+00,-0.000000000000000000e+00,0.000000000000000000e+00,-1.090785603911492430e-01,-1.919843528890161988e-03,-4.675731521311005112e-01,-1.791715399217766180e-01,-0.000000000000000000e+00,0.000000000000000000e+00,-2.536509432837796285e-01,0.000000000000000000e+00,-0.000000000000000000e+00,-0.000000000000000000e+00,-0.000000000000000000e+00
-6.323660913953776941e-02,-0.000000000000000000e+00,-0.000000000000000000e+00,0.000000000000000000e+00,-0.000000000000000000e+00,-5.874507654682979974e-01,-0.000000000000000000e+00,0.000000000000000000e+00,0.000000000000000000e+00,-0.000000000000000000e+00,0.000000000000000000e+00,0.000000000000000000e+00,-0.000000000000000000e+00,0.000000000000000000e+00,0.000000000000000000e+00,-0.000000000000000000e+00,-2.491956663460402621e-01,0.000000000000000000e+00,0.000000000000000000e+00,-0.000000000000000000e+00,-0.000000000000000000e+00,-0.000000000000000000e+00,-6.245670853390250521e-01,3.585536297099955583e+00,-3.285493554882781275e-01,-0.000000000000000000e+00,-0.000000000000000000e+00,0.000000000000000000e+00,-5.859922411796726349e-01,-0.000000000000000000e+00,-2.838768759850290313e-01,-3.987490585803322163e-01,-0.000000000000000000e+00,0.000000000000000000e+00,-4.935639046979011235e-01,0.000000000000000000e+00,-1.328932389597565211e-01,-0.000000000000000000e+00,-0.000000000000000000e+00
-0.000000000000000000e+00,-2.142145912700482158e-01,-0.000000000000000000e+00,0.000000000000000000e+00,-0.000000000000000000e+00,-7.947863163776668072e-02,-0.000000000000000000e+00,2.216155704835764406e-01,-0.000000000000000000e+00,-6.455530534649783769e-02,-0.000000000000000000e+00,0.000000000000000000e+00,0.000000000000000000e+00,-0.000000000000000000e+00,-0.000000000000000000e+00,-0.000000000000000000e+00,-0.000000000000000000e+00,0.000000000000000000e+00,0.000000000000000000e+00,-0.000000000000000000e+00,-0.000000000000000000e+00,-9.629697082177579581e-02,-7.014499388849979589e-01,-3.285493554882781275e-01,2.760760093085294464e+00,-0.000000000000000000e+00,-1.188497062525272208e-01,-0.000000000000000000e+00,-0.000000000000000000e+00,-0.000000000000000000e+00,-0.000000000000000000e+00,-5.339762802031291500e-01,-0.000000000000000000e+00,0.000000000000000000e+00,-0.000000000000000000e+00,-0.000000000000000000e+00,-4.658059636875614418e-01,-0.000000000000000000e+00,-0.000000000000000000e+00
-0.000000000000000000e+00,-1.374186956154689054e-01,-7.190255794972563730e-02,-0.000000000000000000e+00,-0.000000000000000000e+00,0.000000000000000000e+00,0.000000000000000000e+00,1.750048446716286066e-01,-3.783304980093666336e-01,-0.000000000000000000e+00,0.000000000000000000e+00,-0.000000000000000000e+00,3.697613125006737889e-01,-1.611299062956751960e-01,-0.000000000000000000e+00,-0.000000000000000000e+00,0.000000000000000000e+00,-0.000000000000000000e+00,-0.000000000000000000e+00,-0.000000000000000000e+00,-0.000000000000000000e+00,0.000000000000000000e+00,-0.000000000000000000e+00,-0.000000000000000000e+00,-0.000000000000000000e+00,2.345768302115855963e+00,-4.932558146942082056e-01,-3.164684022798393559e-01,-0.000000000000000000e+00,-0.000000000000000000e+00,-0.000000000000000000e+00,-0.000000000000000000e+00,-0.000000000000000000e+00,-8.776045901844849173e-02,0.000000000000000000e+00,-1.640246068516175992e-01,-0.000000000000000000e+00,-1.631154224644043582e-01,-1.098631530487466368e-01
-0.000000000000000000e+00,-3.525690054281202523e-01,-3.953749423025456067e-01,0.000000000000000000e+00,-0.000000000000000000e+00,-0.000000000000000000e+00,0.000000000000000000e+00,1.234557490724749046e-02,-4.647787686948373631e-02,-0.000000000000000000e+00,-0.000000000000000000e+00,-1.366038693167413165e-01,0.000000000000000000e+00,-0.000000000000000000e+00,-0.000000000000000000e+00,-0.000000000000000000e+00,0.000000000000000000e+00,0.000000000000000000e+00,-0.000000000000000000e+00,-0.000000000000000000e+00,-0.000000000000000000e+00,-0.000000000000000000e+00,-0.000000000000000000e+00,-0.000000000000000000e+00,-1.188497062525272208e-01,-4.932558146942082056e-01,2.088199493093816361e+00,-3.742240575004790459e-02,-0.000000000000000000e+00,-0.000000000000000000e+00,-0.000000000000000000e+00,-7.996686022299484553e-03,-2.023813366297325667e-01,-0.000000000000000000e+00,0.000000000000000000e+00,-4.240294229706225576e-02,-0.000000000000000000e+00,-2.444717127619979447e-01,-4.591903500239331859e-02
0.000000000000000000e+00,-2.335382046190215000e-01,-2.488205078086868083e-01,-7.314984542053504235e-02,-0.000000000000000000e+00,0.000000000000000000e+00,0.000000000000000000e+00,0.000000000000000000e+00,-0.000000000000000000e+00,-0.000000000000000000e+00,-0.000000000000000000e+00,-0.000000000000000000e+00,0.000000000000000000e+00,-2.814117939262332224e-01,-5.324054263563987588e-01,-1.480885968878227210e-01,0.000000000000000000e+00,0.000000000000000000e+00,-0.000000000000000000e+00,-1.585557630163899057e-01,-0.000000000000000000e+00,-0.000000000000000000e+00,0.000000000000000000e+00,0.000000000000000000e+00,-0.000000000000000000e+00,-3.164684022798393559e-01,-3.742240575004790459e-02,2.131328843681574714e+00,0.000000000000000000e+00,0.000000000000000000e+00,0.000000000000000000e+00,-0.000000000000000000e+00,-2.259216979930404601e-01,-7.463078092121191998e-02,0.000000000000000000e+00,-0.000000000000000000e+00,-3.582563112233969754e-02,-0.000000000000000000e+00,-0.000000000000000000e+00
-2.869379175433943163e-01,-0.000000000000000000e+00,-0.000000000000000000e+00,0.000000000000000000e+00,-0.000000000000000000e+00,-5.537109363168253306e-01,-0.000000000000000000e+00,0.000000000000000000e+00,0.000000000000000000e+00,0.000000000000000000e+00,0.000000000000000000e+00,0.000000000000000000e+00,-0.000000000000000000e+00,6.914005786585310318e-04,0.000000000000000000e+00,0.000000000000000000e+00,-3.800847096931546099e-01,0.000000000000000000e+00,0.000000000000000000e+00,-0.000000000000000000e+00,-1.055950428226031801e-01,-0.000000000000000000e+00,-1.090785603911492430e-01,-5.859922411796726349e-01,-0.000000000000000000e+00,-0.000000000000000000e+00,-0.000000000000000000e+00,0.000000000000000000e+00,3.146614312594483209e+00,-0.000000000000000000e+00,-3.110715665710757638e-01,-1.130577991859859216e-01,-0.000000000000000000e+00,7.022257622902255969e-02,-7.348005022141366194e-01,0.000000000000000000e+00,-0.000000000000000000e+00,-0.000000000000000000e+00,-0.000000000000000000e+00
-5.711637110844296483e-01,-0.000000000000000000e+00,-0.000000000000000000e+00,0.000000000000000000e+00,-0.000000000000000000e+00,-0.000000000000000000e+00,-2.154339991180249936e-01,3.841606540964944694e-01,-0.000000000000000000e+00,-9.157885841305433983e-02,-0.000000000000000000e+00,0.000000000000000000e+00,0.000000000000000000e+00,0.000000000000000000e+00,0.000000000000000000e+00,-2.601450024542329431e-01,-0.000000000000000000e+00,0.000000000000000000e+00,-0.000000000000000000e+00,-6.951300363157598972e-02,-1.476494280805275838e-01,-1.347626551155702845e-01,-1.919843528890161988e-03,-0.000000000000000000e+00,-0.000000000000000000e+00,-0.000000000000000000e+00,-0.000000000000000000e+00,0.000000000000000000e+00,-0.000000000000000000e+00,1.875586439823005769e+00,-0.000000000000000000e+00,-0.000000000000000000e+00,-0.000000000000000000e+00,0.000000000000000000e+00,-0.000000000000000000e+00,-0.000000000000000000e+00,-0.000000000000000000e+00,-0.000000000000000000e+00,0.000000000000000000e+00
-1.352152801343101673e-01,-0.000000000000000000e+00,-0.000000000000000000e+00,2.483508798098590376e-01,-2.831188168282718354e-01,-0.000000000000000000e+00,0.000000000000000000e+00,1.337056261301764193e-01,-0.000000000000000000e+00,-0.000000000000000000e+00,6.205995718297968589e-02,0.000000000000000000e+00,2.395917568934085307e-01,0.000000000000000000e+00,0.000000000000000000e+00,-0.000000000000000000e+00,-3.667206677633292472e-02,0.000000000000000000e+00,-0.000000000000000000e+00,0.000000000000000000e+00,-0.000000000000000000e+00,-0.000000000000000000e+00,-4.675731521311005112e-01,-2.838768759850290313e-01,-0.000000000000000000e+00,-0.000000000000000000e+00,-0.000000000000000000e+00,0.000000000000000000e+00,-3.110715665710757638e-01,-0.000000000000000000e+00,2.026237650185415351e+00,-6.050156674802462282e-03,0.000000000000000000e+00,0.000000000000000000e+00,-3.654381100181121333e-02,-0.000000000000000000e+00,-0.000000000000000000e+00,-0.000000000000000000e+00,-1.622137225761280943e-01
-0.000000000000000000e+00,-2.517304965899386793e-01,-0.000000000000000000e+00,0.000000000000000000e+00,-0.000000000000000000e+00,-4.421528197835878360e-01,-0.000000000000000000e+00,7.119280481779981240e-02,-0.000000000000000000e+00,-0.000000000000000000e+00,-0.000000000000000000e+00,-0.000000000000000000e+00,-0.000000000000000000e+00,0.000000000000000000e+00,-0.000000000000000000e+00,-0.000000000000000000e+00,-0.000000000000000000e+00,1.149596587826505478e-02,0.000000000000000000e+00,-0.000000000000000000e+00,-4.982313432351784949e-03,-1.481939696227561054e-01,-1.791715399217766180e-01,-3.987490585803322163e-01,-5.339762802031291500e-01,-0.000000000000000000e+00,-7.996686022299484553e-03,-0.000000000000000000e+00,-1.130577991859859216e-01,-0.000000000000000000e+00,-6.050156674802462282e-03,3.063324077132881129e+00,-4.848030515317692385e-02,0.000000000000000000e+00,-0.000000000000000000e+00,0.000000000000000000e+00,-9.411233827619747139e-01,-0.000000000000000000e+00,-1.115729453985747632e-02
0.000000000000000000e+00,-4.799560984093059757e-02,-5.965721819093601497e-02,-0.000000000000000000e+00,0.000000000000000000e+00,-0.000000000000000000e+00,-0.000000000000000000e+00,0.000000000000000000e+00,-0.000000000000000000e+00,-0.000000000000000000e+00,-0.000000000000000000e+00,-0.000000000000000000e+00,-0.000000000000000000e+00,-7.701051027274186805e-03,-0.000000000000000000e+00,-0.000000000000000000e+00,0.000000000000000000e+00,5.926542205880595132e-02,-0.000000000000000000e+00,-1.409708081128054069e-01,-1.370457418403661920e-01,-1.004547495278405866e-01,-0.000000000000000000e+00,-0.000000000000000000e+00,-0.000000000000000000e+00,-0.000000000000000000e+00,-2.023813366297325667e-01,-2.259216979930404601e-01,-0.000000000000000000e+00,-0.000000000000000000e+00,0.000000000000000000e+00,-4.848030515317692385e-02,1.499961686237327951e+00,-0.000000000000000000e+00,0.000000000000000000e+00,-0.000000000000000000e+00,-2.533991971874630100e-01,-2.011348580534039719e-03,-0.000000000000000000e+00
0.000000000000000000e+00,-0.000000000000000000e+00,-0.000000000000000000e+00,-0.000000000000000000e+00,-9.083478695656092838e-02,1.457382828087759596e-01,2.619973299789432608e-01,0.000000000000000000e+00,-3.425580993502989058e-01,-0.000000000000000000e+00,0.000000000000000000e+00,-3.191619175559021193e-01,3.986563631666734803e-02,-1.547281694603410418e-01,-5.857328430184878254e-01,-0.000000000000000000e+00,1.648469442795441262e-02,-0.000000000000000000e+00,-1.192141799904214289e-01,0.000000000000000000e+00,0.000000000000000000e+00,0.000000000000000000e+00,0.000000000000000000e+00,0.000000000000000000e+00,0.000000000000000000e+00,-8.776045901844849173e-02,-0.000000000000000000e+00,-7.463078092121191998e-02,7.022257622902255969e-02,0.000000000000000000e+00,0.000000000000000000e+00,0.000000000000000000e+00,-0.000000000000000000e+00,2.013384532797582338e+00,9.434625135773262727e-02,-1.010930087683066525e-02,0.000000000000000000e+00,-0.000000000000000000e+00,-0.000000000000000000e+00
-2.250627683207042373e-01,-0.000000000000000000e+00,0.000000000000000000e+00,0.000000000000000000e+00,-0.000000000000000000e+00,-4.388915452745554280e-01,-0.000000000000000000e+00,0.000000000000000000e+00,0.000000000000000000e+00,0.000000000000000000e+00,0.000000000000000000e+00,2.115005120153784224e-01,-0.000000000000000000e+00,1.847311316361215094e-01,3.853947640301166877e-02,0.000000000000000000e+00,-6.291113826115188878e-01,0.000000000000000000e+00,0.000000000000000000e+00,-0.000000000000000000e+00,-0.000000000000000000e+00,-0.000000000000000000e+00,-2.536509432837796285e-01,-4.935639046979011235e-01,-0.000000000000000000e+00,0.000000000000000000e+00,0.000000000000000000e+00,0.000000000000000000e+00,-7.348005022141366194e-01,-0.000000000000000000e+00,-3.654381100181121333e-02,-0.000000000000000000e+00,0.000000000000000000e+00,9.434625135773262727e-02,3.096807988399449929e+00,1.125068203618685841e-01,-0.000000000000000000e+00,0.000000000000000000e+00,0.000000000000000000e+00
-0.000000000000000000e+00,-0.000000000000000000e+00,-3.384891027193953628e-01,-0.000000000000000000e+00,-0.000000000000000000e+00,7.717043693412123373e-02,0.000000000000000000e+00,6.494195619005246715e-03,-1.175935901111530568e-01,-9.707874444165289635e-03,0.000000000000000000e+00,-0.000000000000000000e+00,4.015055518946136770e-02,-2.106504757909616332e-01,-0.000000000000000000e+00,-4.126434075572018023e-01,2.831491803379662109e-01,-0.000000000000000000e+00,-9.871570139552780787e-02,-0.000000000000000000e+00,0.000000000000000000e+00,0.000000000000000000e+00,0.000000000000000000e+00,0.000000000000000000e+00,-0.000000000000000000e+00,-1.640246068516175992e-01,-4.240294229706225576e-02,-0.000000000000000000e+00,0.000000000000000000e+00,-0.000000000000000000e+00,-0.000000000000000000e+00,0.000000000000000000e+00,-0.000000000000000000e+00,-1.010930087683066525e-02,1.125068203618685841e-01,1.736677926541170924e+00,0.000000000000000000e+00,-2.357298011050787401e-02,-0.000000000000000000e+00
-0.000000000000000000e+00,-3.529295634841660978e-01,-4.237998950993911162e-02,-0.000000000000000000e+00,-0.000000000000000000e+00,-1.318610987174723137e-01,-0.000000000000000000e+00,1.944355616790061775e-02,-0.000000000000000000e+00,-0.000000000000000000e+00,-0.000000000000000000e+00,0.000000000000000000e+00,-0.000000000000000000e+00,-0.000000000000000000e+00,-0.000000000000000000e+00,-0.000000000000000000e+00,-0.000000000000000000e+00,0.000000000000000000e+00,0.000000000000000000e+00,-8.383781118074135064e-02,-2.436412643596046756e-01,-1.419356748018411329e-01,-0.000000000000000000e+00,-1.328932389597565211e-01,-4.658059636875614418e-01,-0.000000000000000000e+00,-0.000000000000000000e+00,-3.582563112233969754e-02,-0.000000000000000000e+00,-0.000000000000000000e+00,-0.000000000000000000e+00,-9.411233827619747139e-01,-2.533991971874630100e-01,0.000000000000000000e+00,-0.000000000000000000e+00,0.000000000000000000e+00,2.738384760341393775e+00,-0.000000000000000000e+00,-0.000000000000000000e+00
-0.000000000000000000e+00,-1.055150776087601661e-01,-0.000000000000000000e+00,0.000000000000000000e+00,-0.000000000000000000e+00,-0.000000000000000000e+00,0.000000000000000000e+00,0.000000000000000000e+00,-4.626101020673858977e-01,-0.000000000000000000e+00,-0.000000000000000000e+00,-4.773790593652776915e-02,0.000000000000000000e+00,-0.000000000000000000e+00,-0.000000000000000000e+00,-0.000000000000000000e+00,0.000000000000000000e+00,3.190173953183776390e-01,-0.000000000000000000e+00,-0.000000000000000000e+00,-0.000000000000000000e+00,-0.000000000000000000e+00,-0.000000000000000000e+00,-0.000000000000000000e+00,-0.000000000000000000e+00,-1.631154224644043582e-01,-2.444717127619979447e-01,-0.000000000000000000e+00,-0.000000000000000000e+00,-0.000000000000000000e+00,-0.000000000000000000e+00,-0.000000000000000000e+00,-2.011348580534039719e-03,-0.000000000000000000e+00,0.000000000000000000e+00,-2.357298011050787401e-02,-0.000000000000000000e+00,1.795591958719494619e+00,-4.423295279784116851e-01
0.000000000000000000e+00,-3.064340214006057717e-01,-0.000000000000000000e+00,0.000000000000000000e+00,-2.050886326728304163e-02,-0.000000000000000000e+00,2.025964047355751363e-01,0.000000000000000000e+00,-2.911317854500682922e-01,-0.000000000000000000e+00,0.000000000000000000e+00,-5.497173846067497649e-02,1.216663285002856851e-02,-0.000000000000000000e+00,-0.000000000000000000e+00,-0.000000000000000000e+00,0.000000000000000000e+00,0.000000000000000000e+00,0.000000000000000000e+00,0.000000000000000000e+00,0.000000000000000000e+00,0.000000000000000000e+00,-0.000000000000000000e+00,-0.000000000000000000e+00,-0.000000000000000000e+00,-1.098631530487466368e-01,-4.591903500239331859e-02,-0.000000000000000000e+00,-0.000000000000000000e+00,0.000000000000000000e+00,-1.622137225761280943e-01,-1.115729453985747632e-02,-0.000000000000000000e+00,-0.000000000000000000e+00,0.000000000000000000e+00,-0.000000000000000000e+00,-0.000000000000000000e+00,-4.423295279784116851e-01,1.692377586324017802e+00
