1.687717065878672873e+00,-0.000000000000000000e+00,-1.054809404921658311e-01,-5.200828892528228109e-02,-9.639881182629284062e-02,-1.311195751682623645e-01,-5.311788116238553431e-02,-1.115831956647817952e-01,0.000000000000000000e+00,-0.000000000000000000e+00,-0.000000000000000000e+00,-0.000000000000000000e+00,0.000000000000000000e+00,-4.918601743015227346e-02,-0.000000000000000000e+00,-1.342819885407462999e-01,-0.000000000000000000e+00,-1.056819222651337181e-01,-0.000000000000000000e+00,-1.026029474956660081e-01,0.000000000000000000e+00,-1.224971086947054533e-01,-6.960470438364127488e-02,-0.000000000000000000e+00,-8.110837250872358906e-02,1.414556150598997031e-01,-1.043038258372875754e-01,-0.000000000000000000e+00,1.309664919577988862e-01,-1.595707753800936282e-02,-0.000000000000000000e+00,4.173763056288616602e-02,5.131638854430063679e-02,-0.000000000000000000e+00,-0.000000000000000000e+00,-8.357948683717884852e-02,0.000000000000000000e+00,3.510458837639524043e-02,-0.000000000000000000e+00
-0.000000000000000000e+00,1.054610098076866453e+00,-0.000000000000000000e+00,-0.000000000000000000e+00,-0.000000000000000000e+00,-0.000000000000000000e+00,-0.000000000000000000e+00,-0.000000000000000000e+00,0.000000000000000000e+00,-1.060432442823026067e-01,-0.000000000000000000e+00,-0.000000000000000000e+00,0.000000000000000000e+00,-0.000000000000000000e+00,-0.000000000000000000e+00,-0.000000000000000000e+00,0.000000000000000000e+00,-0.000000000000000000e+00,-0.000000000000000000e+00,-0.000000000000000000e+00,1.209497529416301703e-01,-0.000000000000000000e+00,-0.000000000000000000e+00,-0.000000000000000000e+00,-0.000000000000000000e+00,0.000000000000000000e+00,-0.000000000000000000e+00,-5.935251396863506362e-02,0.000000000000000000e+00,-0.000000000000000000e+00,-0.000000000000000000e+00,1.041073569659904385e-01,0.000000000000000000e+00,-0.000000000000000000e+00,0.000000000000000000e+00,-0.000000000000000000e+00,1.044709296571321305e-01,0.000000000000000000e+00,-0.000000000000000000e+00
-1.054809404921658311e-01,-0.000000000000000000e+00,1.595219028633487302e+00,-5.456841476212215963e-02,-1.207571370763941138e-01,-0.000000000000000000e+00,-6.916609565931297610e-02,-4.247969306871950818e-02,0.000000000000000000e+00,-0.000000000000000000e+00,-0.000000000000000000e+00,-0.000000000000000000e+00,0.000000000000000000e+00,-0.000000000000000000e+00,-0.000000000000000000e+00,-1.380504862755871087e-01,-0.000000000000000000e+00,-7.206819855077109538e-02,-0.000000000000000000e+00,-9.901496754975078196e-02,0.000000000000000000e+00,-1.519352438153889762e-01,-0.000000000000000000e+00,-0.000000000000000000e+00,-3.966796020805358342e-02,9.157269486027495853e-02,-1.120822450380950519e-01,-1.636286936228873168e-01,1.107797847750560116e-01,-1.959453983546470546e-02,-6.195957923304410558e-02,4.617325719849565274e-02,0.000000000000000000e+00,-0.000000000000000000e+00,-0.000000000000000000e+00,-4.345372879149856510e-02,0.000000000000000000e+00,9.289500824684278346e-02,-0.000000000000000000e+00
-5.200828892528228109e-02,-0.000000000000000000e+00,-5.456841476212215963e-02,1.188335646180068927e+00,-0.000000000000000000e+00,-0.000000000000000000e+00,-5.786272798872715839e-02,-0.000000000000000000e+00,0.000000000000000000e+00,-0.000000000000000000e+00,-0.000000000000000000e+00,-0.000000000000000000e+00,0.000000000000000000e+00,-0.000000000000000000e+00,-0.000000000000000000e+00,-0.000000000000000000e+00,-0.000000000000000000e+00,-0.000000000000000000e+00,-0.000000000000000000e+00,-1.449589795912649692e-01,0.000000000000000000e+00,-5.968906743014481403e-02,-0.000000000000000000e+00,-0.000000000000000000e+00,-0.000000000000000000e+00,2.287120067656025352e-02,-1.415872114840155405e-01,-0.000000000000000000e+00,0.000000000000000000e+00,-0.000000000000000000e+00,-0.000000000000000000e+00,7.562263945972561019e-02,3.230432899896973440e-03,-0.000000000000000000e+00,0.000000000000000000e+00,-0.000000000000000000e+00,0.000000000000000000e+00,1.294497291034468200e-01,0.000000000000000000e+00
-9.639881182629284062e-02,-0.000000000000000000e+00,-1.207571370763941138e-01,-0.000000000000000000e+00,1.607876003406571774e+00,-2.049070451301125695e-02,-0.000000000000000000e+00,-1.006512320179609593e-01,0.000000000000000000e+00,-0.000000000000000000e+00,-0.000000000000000000e+00,-1.679033821969989626e-01,0.000000000000000000e+00,-6.495318238967777436e-02,-1.158436205567994343e-01,-1.231802634982052669e-01,-0.000000000000000000e+00,-1.039275383628044114e-01,-0.000000000000000000e+00,-8.299485618352442362e-02,0.000000000000000000e+00,-1.038467793727109179e-01,-3.972415654219499381e-02,-3.223883452176443121e-02,-6.629969672300085881e-02,5.125264933003887552e-02,-1.607157370312790601e-01,-2.802296894818329456e-02,1.320308273554255396e-01,-1.128497287313724451e-01,-0.000000000000000000e+00,4.010604989885401678e-02,1.503941394941701350e-02,-0.000000000000000000e+00,-0.000000000000000000e+00,-5.718753749393798783e-03,0.000000000000000000e+00,0.000000000000000000e+00,-0.000000000000000000e+00
-1.311195751682623645e-01,-0.000000000000000000e+00,-0.000000000000000000e+00,-0.000000000000000000e+00,-2.049070451301125695e-02,1.325528362423586293e+00,-1.029482094492753103e-01,-9.649810503394770644e-02,0.000000000000000000e+00,-0.000000000000000000e+00,-0.000000000000000000e+00,-0.000000000000000000e+00,0.000000000000000000e+00,-5.093313832731543797e-03,-1.958646984187378468e-02,-6.888846195831126173e-02,-0.000000000000000000e+00,-5.464921816822859713e-02,-0.000000000000000000e+00,-4.162188985984761197e-02,0.000000000000000000e+00,-7.359557759411690381e-02,-1.484059227508747747e-01,-0.000000000000000000e+00,-3.653621627670718824e-02,1.084189894130073717e-01,-0.000000000000000000e+00,-0.000000000000000000e+00,3.913016134302525761e-02,-0.000000000000000000e+00,-0.000000000000000000e+00,0.000000000000000000e+00,0.000000000000000000e+00,-0.000000000000000000e+00,0.000000000000000000e+00,-1.240345186491444568e-01,0.000000000000000000e+00,0.000000000000000000e+00,-0.000000000000000000e+00
-5.311788116238553431e-02,-0.000000000000000000e+00,-6.916609565931297610e-02,-5.786272798872715839e-02,-0.000000000000000000e+00,-1.029482094492753103e-01,1.187722089343954623e+00,-1.820469509205213943e-01,0.000000000000000000e+00,0.000000000000000000e+00,-0.000000000000000000e+00,-0.000000000000000000e+00,0.000000000000000000e+00,-0.000000000000000000e+00,-0.000000000000000000e+00,-0.000000000000000000e+00,-0.000000000000000000e+00,-0.000000000000000000e+00,-0.000000000000000000e+00,-3.568618645058981714e-02,0.000000000000000000e+00,-1.194768586241636704e-01,-4.903294450963188549e-03,-0.000000000000000000e+00,-0.000000000000000000e+00,6.876939471457514663e-02,-0.000000000000000000e+00,-0.000000000000000000e+00,0.000000000000000000e+00,-0.000000000000000000e+00,-0.000000000000000000e+00,0.000000000000000000e+00,0.000000000000000000e+00,-0.000000000000000000e+00,-0.000000000000000000e+00,-2.240419124405405166e-02,0.000000000000000000e+00,7.019546541784347192e-03,0.000000000000000000e+00
-1.115831956647817952e-01,-0.000000000000000000e+00,-4.247969306871950818e-02,-0.000000000000000000e+00,-1.006512320179609593e-01,-9.649810503394770644e-02,-1.820469509205213943e-01,1.439036982799363873e+00,0.000000000000000000e+00,-0.000000000000000000e+00,-0.000000000000000000e+00,-0.000000000000000000e+00,0.000000000000000000e+00,-9.154928580113891323e-02,-0.000000000000000000e+00,-3.619372229854648376e-03,-0.000000000000000000e+00,-4.594709954671045288e-02,-0.000000000000000000e+00,-4.788639781761441783e-02,0.000000000000000000e+00,-1.498173730263989145e-01,-1.502400397247515007e-01,-0.000000000000000000e+00,-0.000000000000000000e+00,1.128947715181222687e-02,-1.300529717949947817e-01,-0.000000000000000000e+00,6.299304185003082313e-02,-0.000000000000000000e+00,-0.000000000000000000e+00,0.000000000000000000e+00,0.000000000000000000e+00,-0.000000000000000000e+00,-0.000000000000000000e+00,-9.356115939491370381e-02,0.000000000000000000e+00,0.000000000000000000e+00,-0.000000000000000000e+00
0.000000000000000000e+00,0.000000000000000000e+00,0.000000000000000000e+00,0.000000000000000000e+00,0.000000000000000000e+00,0.000000000000000000e+00,0.000000000000000000e+00,0.000000000000000000e+00,1.032351094868474428e+00,-0.000000000000000000e+00,0.000000000000000000e+00,-0.000000000000000000e+00,-0.000000000000000000e+00,0.000000000000000000e+00,-0.000000000000000000e+00,0.000000000000000000e+00,0.000000000000000000e+00,0.000000000000000000e+00,-0.000000000000000000e+00,0.000000000000000000e+00,-0.000000000000000000e+00,0.000000000000000000e+00,0.000000000000000000e+00,0.000000000000000000e+00,0.000000000000000000e+00,-0.000000000000000000e+00,0.000000000000000000e+00,0.000000000000000000e+00,-0.000000000000000000e+00,0.000000000000000000e+00,3.565439206488902474e-02,-0.000000000000000000e+00,-0.000000000000000000e+00,-0.000000000000000000e+00,0.000000000000000000e+00,0.000000000000000000e+00,-0.000000000000000000e+00,-1.743043339994897190e-01,-0.000000000000000000e+00
-0.000000000000000000e+00,-1.060432442823026067e-01,-0.000000000000000000e+00,-0.000000000000000000e+00,-0.000000000000000000e+00,-0.000000000000000000e+00,0.000000000000000000e+00,-0.000000000000000000e+00,-0.000000000000000000e+00,1.011280233459374456e+00,-0.000000000000000000e+00,-1.119868715729370641e-02,0.000000000000000000e+00,-0.000000000000000000e+00,-0.000000000000000000e+00,-0.000000000000000000e+00,0.000000000000000000e+00,-0.000000000000000000e+00,-0.000000000000000000e+00,-0.000000000000000000e+00,0.000000000000000000e+00,-0.000000000000000000e+00,-0.000000000000000000e+00,-0.000000000000000000e+00,-0.000000000000000000e+00,0.000000000000000000e+00,-0.000000000000000000e+00,-0.000000000000000000e+00,0.000000000000000000e+00,-0.000000000000000000e+00,-0.000000000000000000e+00,0.000000000000000000e+00,0.000000000000000000e+00,-0.000000000000000000e+00,0.000000000000000000e+00,-0.000000000000000000e+00,0.000000000000000000e+00,0.000000000000000000e+00,-0.000000000000000000e+00
-0.000000000000000000e+00,-0.000000000000000000e+00,-0.000000000000000000e+00,-0.000000000000000000e+00,-0.000000000000000000e+00,-0.000000000000000000e+00,-0.000000000000000000e+00,-0.000000000000000000e+00,0.000000000000000000e+00,-0.000000000000000000e+00,1.000000000000000888e+00,-0.000000000000000000e+00,-0.000000000000000000e+00,-0.000000000000000000e+00,0.000000000000000000e+00,-0.000000000000000000e+00,-0.000000000000000000e+00,-0.000000000000000000e+00,0.000000000000000000e+00,-0.000000000000000000e+00,0.000000000000000000e+00,-0.000000000000000000e+00,-0.000000000000000000e+00,0.000000000000000000e+00,0.000000000000000000e+00,0.000000000000000000e+00,-0.000000000000000000e+00,-0.000000000000000000e+00,0.000000000000000000e+00,-0.000000000000000000e+00,0.000000000000000000e+00,0.000000000000000000e+00,0.000000000000000000e+00,0.000000000000000000e+00,0.000000000000000000e+00,-0.000000000000000000e+00,0.000000000000000000e+00,0.000000000000000000e+00,-0.000000000000000000e+00
-0.000000000000000000e+00,-0.000000000000000000e+00,-0.000000000000000000e+00,-0.000000000000000000e+00,-1.679033821969989626e-01,-0.000000000000000000e+00,-0.000000000000000000e+00,-0.000000000000000000e+00,-0.000000000000000000e+00,-1.119868715729370641e-02,-0.000000000000000000e+00,1.129066225732939355e+00,0.000000000000000000e+00,-5.226594046464762278e-02,-1.002727356374286671e-01,-0.000000000000000000e+00,-0.000000000000000000e+00,-0.000000000000000000e+00,-1.830828160077222488e-01,-0.000000000000000000e+00,0.000000000000000000e+00,-0.000000000000000000e+00,-0.000000000000000000e+00,-0.000000000000000000e+00,-0.000000000000000000e+00,0.000000000000000000e+00,-1.695805566037690906e-02,-0.000000000000000000e+00,3.794781170046687777e-03,-1.121186356856017224e-01,-0.000000000000000000e+00,0.000000000000000000e+00,0.000000000000000000e+00,-0.000000000000000000e+00,-0.000000000000000000e+00,-0.000000000000000000e+00,0.000000000000000000e+00,0.000000000000000000e+00,-0.000000000000000000e+00
0.000000000000000000e+00,0.000000000000000000e+00,0.000000000000000000e+00,0.000000000000000000e+00,0.000000000000000000e+00,0.000000000000000000e+00,0.000000000000000000e+00,0.000000000000000000e+00,-0.000000000000000000e+00,0.000000000000000000e+00,-0.000000000000000000e+00,0.000000000000000000e+00,1.109698988645011486e+00,0.000000000000000000e+00,0.000000000000000000e+00,0.000000000000000000e+00,-0.000000000000000000e+00,0.000000000000000000e+00,-0.000000000000000000e+00,0.000000000000000000e+00,-0.000000000000000000e+00,0.000000000000000000e+00,0.000000000000000000e+00,0.000000000000000000e+00,0.000000000000000000e+00,-0.000000000000000000e+00,0.000000000000000000e+00,0.000000000000000000e+00,-0.000000000000000000e+00,0.000000000000000000e+00,3.489023019704522444e-01,-0.000000000000000000e+00,-0.000000000000000000e+00,-0.000000000000000000e+00,0.000000000000000000e+00,0.000000000000000000e+00,-0.000000000000000000e+00,-0.000000000000000000e+00,0.000000000000000000e+00
-4.918601743015227346e-02,-0.000000000000000000e+00,-0.000000000000000000e+00,-0.000000000000000000e+00,-6.495318238967777436e-02,-5.093313832731543797e-03,-0.000000000000000000e+00,-9.154928580113891323e-02,0.000000000000000000e+00,-0.000000000000000000e+00,-0.000000000000000000e+00,-5.226594046464762278e-02,0.000000000000000000e+00,1.155918881661687436e+00,-1.261621593796325227e-02,-7.280344962703031234e-03,-0.000000000000000000e+00,-5.059790309229584421e-02,-1.430116960441841882e-02,-0.000000000000000000e+00,0.000000000000000000e+00,-4.391660276873871754e-02,-1.126914567537763839e-01,-0.000000000000000000e+00,-0.000000000000000000e+00,0.000000000000000000e+00,-9.002511414433786441e-02,-0.000000000000000000e+00,0.000000000000000000e+00,-7.516081982858145716e-02,-0.000000000000000000e+00,0.000000000000000000e+00,1.113686906359767116e-02,-0.000000000000000000e+00,0.000000000000000000e+00,-4.362752648614892648e-02,0.000000000000000000e+00,0.000000000000000000e+00,-0.000000000000000000e+00
-0.000000000000000000e+00,-0.000000000000000000e+00,-0.000000000000000000e+00,-0.000000000000000000e+00,-1.158436205567994343e-01,-1.958646984187378468e-02,-0.000000000000000000e+00,-0.000000000000000000e+00,-0.000000000000000000e+00,-0.000000000000000000e+00,0.000000000000000000e+00,-1.002727356374286671e-01,0.000000000000000000e+00,-1.261621593796325227e-02,1.306428217440184891e+00,-0.000000000000000000e+00,-0.000000000000000000e+00,-2.329572176648374848e-01,-1.799599611931205212e-01,-0.000000000000000000e+00,0.000000000000000000e+00,-0.000000000000000000e+00,-0.000000000000000000e+00,-0.000000000000000000e+00,-0.000000000000000000e+00,0.000000000000000000e+00,-0.000000000000000000e+00,-0.000000000000000000e+00,1.749027512435276290e-03,-8.948384130175933426e-02,-0.000000000000000000e+00,0.000000000000000000e+00,0.000000000000000000e+00,-3.351995259027848451e-01,-0.000000000000000000e+00,-7.915916550988924896e-03,0.000000000000000000e+00,0.000000000000000000e+00,-0.000000000000000000e+00
-1.342819885407462999e-01,-0.000000000000000000e+00,-1.380504862755871087e-01,-0.000000000000000000e+00,-1.231802634982052669e-01,-6.888846195831126173e-02,-0.000000000000000000e+00,-3.619372229854648376e-03,0.000000000000000000e+00,-0.000000000000000000e+00,-0.000000000000000000e+00,-0.000000000000000000e+00,0.000000000000000000e+00,-7.280344962703031234e-03,-0.000000000000000000e+00,1.685130450448051542e+00,-0.000000000000000000e+00,-9.625369437745737167e-02,-0.000000000000000000e+00,-1.037128936692610498e-01,0.000000000000000000e+00,-1.108978472690668599e-01,-2.134756900314433575e-02,-0.000000000000000000e+00,-1.053322393730143913e-01,1.320264627399133917e-01,-1.028562527338294647e-01,-1.566111882459781945e-01,1.365779206150657676e-01,-8.199848416426225306e-02,-5.658755118655159344e-02,4.233687558520786431e-02,4.182754649652365569e-02,-0.000000000000000000e+00,0.000000000000000000e+00,-8.840394597265574528e-02,0.000000000000000000e+00,5.719118927565142174e-02,-0.000000000000000000e+00
-0.000000000000000000e+00,0.000000000000000000e+00,-0.000000000000000000e+00,-0.000000000000000000e+00,-0.000000000000000000e+00,-0.000000000000000000e+00,-0.000000000000000000e+00,-0.000000000000000000e+00,0.000000000000000000e+00,0.000000000000000000e+00,-0.000000000000000000e+00,-0.000000000000000000e+00,-0.000000000000000000e+00,-0.000000000000000000e+00,-0.000000000000000000e+00,-0.000000000000000000e+00,1.000000000000000222e+00,-0.000000000000000000e+00,-0.000000000000000000e+00,-0.000000000000000000e+00,-0.000000000000000000e+00,-0.000000000000000000e+00,-0.000000000000000000e+00,0.000000000000000000e+00,-0.000000000000000000e+00,0.000000000000000000e+00,-0.000000000000000000e+00,-0.000000000000000000e+00,0.000000000000000000e+00,-0.000000000000000000e+00,-0.000000000000000000e+00,0.000000000000000000e+00,0.000000000000000000e+00,-0.000000000000000000e+00,0.000000000000000000e+00,-0.000000000000000000e+00,0.000000000000000000e+00,0.000000000000000000e+00,-0.000000000000000000e+00
-1.056819222651337181e-01,-0.000000000000000000e+00,-7.206819855077109538e-02,-0.000000000000000000e+00,-1.039275383628044114e-01,-5.464921816822859713e-02,-0.000000000000000000e+00,-4.594709954671045288e-02,0.000000000000000000e+00,-0.000000000000000000e+00,-0.000000000000000000e+00,-0.000000000000000000e+00,0.000000000000000000e+00,-5.059790309229584421e-02,-2.329572176648374848e-01,-9.625369437745737167e-02,-0.000000000000000000e+00,1.575769328775801226e+00,-0.000000000000000000e+00,-5.864369899247533907e-02,0.000000000000000000e+00,-9.402561912320726856e-02,-0.000000000000000000e+00,-0.000000000000000000e+00,-0.000000000000000000e+00,1.409223794020506848e-01,-9.754027347094099132e-02,-1.946435503474393952e-02,1.096722365372413965e-01,-7.815621410319073536e-02,-0.000000000000000000e+00,6.274461430608821444e-02,1.177421315311679290e-01,-4.033937590246845090e-02,0.000000000000000000e+00,-6.277091409849844261e-02,0.000000000000000000e+00,3.574406043989093729e-02,-0.000000000000000000e+00
-0.000000000000000000e+00,-0.000000000000000000e+00,-0.000000000000000000e+00,-0.000000000000000000e+00,-0.000000000000000000e+00,-0.000000000000000000e+00,-0.000000000000000000e+00,-0.000000000000000000e+00,-0.000000000000000000e+00,-0.000000000000000000e+00,0.000000000000000000e+00,-1.830828160077222488e-01,-0.000000000000000000e+00,-1.430116960441841882e-02,-1.799599611931205212e-01,-0.000000000000000000e+00,-0.000000000000000000e+00,-0.000000000000000000e+00,1.161482694017482276e+00,-0.000000000000000000e+00,0.000000000000000000e+00,-0.000000000000000000e+00,-0.000000000000000000e+00,-0.000000000000000000e+00,-0.000000000000000000e+00,0.000000000000000000e+00,-0.000000000000000000e+00,-0.000000000000000000e+00,0.000000000000000000e+00,-0.000000000000000000e+00,-0.000000000000000000e+00,0.000000000000000000e+00,0.000000000000000000e+00,-2.551100104807536018e-01,0.000000000000000000e+00,-0.000000000000000000e+00,0.000000000000000000e+00,0.000000000000000000e+00,-0.000000000000000000e+00
-1.026029474956660081e-01,-0.000000000000000000e+00,-9.901496754975078196e-02,-1.449589795912649692e-01,-8.299485618352442362e-02,-4.162188985984761197e-02,-3.568618645058981714e-02,-4.788639781761441783e-02,0.000000000000000000e+00,-0.000000000000000000e+00,-0.000000000000000000e+00,-0.000000000000000000e+00,0.000000000000000000e+00,-0.000000000000000000e+00,-0.000000000000000000e+00,-1.037128936692610498e-01,-0.000000000000000000e+00,-5.864369899247533907e-02,-0.000000000000000000e+00,1.613955753939596782e+00,0.000000000000000000e+00,-1.163122915548688713e-01,-2.566246611511800030e-02,-0.000000000000000000e+00,-1.110076574646312875e-01,7.436141523645621587e-02,-1.245447631393425264e-01,-6.975761983361880580e-02,9.220343854934001659e-02,-1.052758012358935048e-02,-4.229072232018316752e-02,3.598218203450304076e-02,1.044167103914720174e-01,-0.000000000000000000e+00,-0.000000000000000000e+00,-1.070801941489756270e-01,0.000000000000000000e+00,9.294056841861687845e-02,-0.000000000000000000e+00
0.000000000000000000e+00,1.209497529416301703e-01,0.000000000000000000e+00,0.000000000000000000e+00,0.000000000000000000e+00,0.000000000000000000e+00,0.000000000000000000e+00,0.000000000000000000e+00,-0.000000000000000000e+00,0.000000000000000000e+00,0.000000000000000000e+00,0.000000000000000000e+00,-0.000000000000000000e+00,0.000000000000000000e+00,0.000000000000000000e+00,0.000000000000000000e+00,-0.000000000000000000e+00,0.000000000000000000e+00,0.000000000000000000e+00,0.000000000000000000e+00,1.019337151081387116e+00,0.000000000000000000e+00,0.000000000000000000e+00,0.000000000000000000e+00,0.000000000000000000e+00,-0.000000000000000000e+00,0.000000000000000000e+00,6.135027696896615257e-02,-0.000000000000000000e+00,0.000000000000000000e+00,0.000000000000000000e+00,-0.000000000000000000e+00,-0.000000000000000000e+00,0.000000000000000000e+00,-0.000000000000000000e+00,0.000000000000000000e+00,-0.000000000000000000e+00,-0.000000000000000000e+00,0.000000000000000000e+00
-1.224971086947054533e-01,-0.000000000000000000e+00,-1.519352438153889762e-01,-5.968906743014481403e-02,-1.038467793727109179e-01,-7.359557759411690381e-02,-1.194768586241636704e-01,-1.498173730263989145e-01,0.000000000000000000e+00,-0.000000000000000000e+00,-0.000000000000000000e+00,-0.000000000000000000e+00,0.000000000000000000e+00,-4.391660276873871754e-02,-0.000000000000000000e+00,-1.108978472690668599e-01,-0.000000000000000000e+00,-9.402561912320726856e-02,-0.000000000000000000e+00,-1.163122915548688713e-01,0.000000000000000000e+00,1.678704552165746211e+00,-5.646339869659275368e-02,-0.000000000000000000e+00,-1.808393895433452886e-02,9.544069394822465857e-02,-1.238761452678162622e-01,-4.289842295234943571e-03,1.206999285792099419e-01,-1.669166383800125067e-02,-0.000000000000000000e+00,9.980979068690928879e-03,6.811932615713971184e-02,-0.000000000000000000e+00,-0.000000000000000000e+00,-8.644531905545475847e-02,0.000000000000000000e+00,4.619066133787301520e-02,-0.000000000000000000e+00
-6.960470438364127488e-02,-0.000000000000000000e+00,-0.000000000000000000e+00,-0.000000000000000000e+00,-3.972415654219499381e-02,-1.484059227508747747e-01,-4.903294450963188549e-03,-1.502400397247515007e-01,0.000000000000000000e+00,-0.000000000000000000e+00,-0.000000000000000000e+00,-0.000000000000000000e+00,0.000000000000000000e+00,-1.126914567537763839e-01,-0.000000000000000000e+00,-2.134756900314433575e-02,-0.000000000000000000e+00,-0.000000000000000000e+00,-0.000000000000000000e+00,-2.566246611511800030e-02,0.000000000000000000e+00,-5.646339869659275368e-02,1.285563017406390784e+00,-0.000000000000000000e+00,-1.112920326279663030e-01,2.961804742304677621e-02,-2.321530976038056054e-02,-0.000000000000000000e+00,1.559657700769117965e-02,-3.318078111375074440e-03,-0.000000000000000000e+00,0.000000000000000000e+00,0.000000000000000000e+00,-0.000000000000000000e+00,-0.000000000000000000e+00,-1.766799678244985183e-01,0.000000000000000000e+00,0.000000000000000000e+00,-0.000000000000000000e+00
-0.000000000000000000e+00,-0.000000000000000000e+00,-0.000000000000000000e+00,-0.000000000000000000e+00,-3.223883452176443121e-02,-0.000000000000000000e+00,-0.000000000000000000e+00,-0.000000000000000000e+00,0.000000000000000000e+00,-0.000000000000000000e+00,0.000000000000000000e+00,-0.000000000000000000e+00,0.000000000000000000e+00,-0.000000000000000000e+00,-0.000000000000000000e+00,-0.000000000000000000e+00,0.000000000000000000e+00,-0.000000000000000000e+00,-0.000000000000000000e+00,-0.000000000000000000e+00,0.000000000000000000e+00,-0.000000000000000000e+00,-0.000000000000000000e+00,1.002218517453062674e+00,-0.000000000000000000e+00,0.000000000000000000e+00,-2.369083624416049375e-02,-0.000000000000000000e+00,0.000000000000000000e+00,-0.000000000000000000e+00,-0.000000000000000000e+00,0.000000000000000000e+00,0.000000000000000000e+00,-0.000000000000000000e+00,0.000000000000000000e+00,-0.000000000000000000e+00,0.000000000000000000e+00,0.000000000000000000e+00,-0.000000000000000000e+00
-8.110837250872358906e-02,-0.000000000000000000e+00,-3.966796020805358342e-02,-0.000000000000000000e+00,-6.629969672300085881e-02,-3.653621627670718824e-02,-0.000000000000000000e+00,-0.000000000000000000e+00,0.000000000000000000e+00,-0.000000000000000000e+00,0.000000000000000000e+00,-0.000000000000000000e+00,0.000000000000000000e+00,-0.000000000000000000e+00,-0.000000000000000000e+00,-1.053322393730143913e-01,-0.000000000000000000e+00,-0.000000000000000000e+00,-0.000000000000000000e+00,-1.110076574646312875e-01,0.000000000000000000e+00,-1.808393895433452886e-02,-1.112920326279663030e-01,-0.000000000000000000e+00,1.253158416048239188e+00,8.244800641395791385e-02,-0.000000000000000000e+00,-3.945363995636959331e-02,6.476758088273103231e-02,-2.088677785573661919e-02,-5.712470515271561577e-02,3.313050778518941003e-02,0.000000000000000000e+00,-0.000000000000000000e+00,0.000000000000000000e+00,-6.086497328472575269e-02,0.000000000000000000e+00,0.000000000000000000e+00,-0.000000000000000000e+00
1.414556150598997031e-01,0.000000000000000000e+00,9.157269486027495853e-02,2.287120067656025352e-02,5.125264933003887552e-02,1.084189894130073717e-01,6.876939471457514663e-02,1.128947715181222687e-02,-0.000000000000000000e+00,0.000000000000000000e+00,0.000000000000000000e+00,0.000000000000000000e+00,-0.000000000000000000e+00,0.000000000000000000e+00,0.000000000000000000e+00,1.320264627399133917e-01,0.000000000000000000e+00,1.409223794020506848e-01,0.000000000000000000e+00,7.436141523645621587e-02,-0.000000000000000000e+00,9.544069394822465857e-02,2.961804742304677621e-02,0.000000000000000000e+00,8.244800641395791385e-02,1.490514923445267703e+00,3.160584101869629015e-02,6.382638654092623320e-02,-7.809846815369388129e-02,8.552803781897553095e-03,0.000000000000000000e+00,-2.330421911293938109e-02,-4.556040959029539900e-02,0.000000000000000000e+00,-0.000000000000000000e+00,9.790987753881839895e-03,-4.237511545385299477e-02,-1.018568242239021177e-01,0.000000000000000000e+00
-1.043038258372875754e-01,-0.000000000000000000e+00,-1.120822450380950519e-01,-1.415872114840155405e-01,-1.607157370312790601e-01,-0.000000000000000000e+00,-0.000000000000000000e+00,-1.300529717949947817e-01,0.000000000000000000e+00,-0.000000000000000000e+00,-0.000000000000000000e+00,-1.695805566037690906e-02,0.000000000000000000e+00,-9.002511414433786441e-02,-0.000000000000000000e+00,-1.028562527338294647e-01,-0.000000000000000000e+00,-9.754027347094099132e-02,-0.000000000000000000e+00,-1.245447631393425264e-01,0.000000000000000000e+00,-1.238761452678162622e-01,-2.321530976038056054e-02,-2.369083624416049375e-02,-0.000000000000000000e+00,3.160584101869629015e-02,1.535150080883791679e+00,-9.402258189568179006e-03,1.041328858254010059e-01,-0.000000000000000000e+00,-0.000000000000000000e+00,0.000000000000000000e+00,8.395270943046524714e-02,-0.000000000000000000e+00,-0.000000000000000000e+00,-0.000000000000000000e+00,0.000000000000000000e+00,2.290228893919120379e-02,-0.000000000000000000e+00
-0.000000000000000000e+00,-5.935251396863506362e-02,-1.636286936228873168e-01,-0.000000000000000000e+00,-2.802296894818329456e-02,-0.000000000000000000e+00,-0.000000000000000000e+00,-0.000000000000000000e+00,0.000000000000000000e+00,-0.000000000000000000e+00,-0.000000000000000000e+00,-0.000000000000000000e+00,0.000000000000000000e+00,-0.000000000000000000e+00,-0.000000000000000000e+00,-1.566111882459781945e-01,-0.000000000000000000e+00,-1.946435503474393952e-02,-0.000000000000000000e+00,-6.975761983361880580e-02,6.135027696896615257e-02,-4.289842295234943571e-03,-0.000000000000000000e+00,-0.000000000000000000e+00,-3.945363995636959331e-02,6.382638654092623320e-02,-9.402258189568179006e-03,1.374654401372598089e+00,9.081624861479778432e-02,-8.215057852287850973e-03,-2.388026797611837726e-01,4.967159609876955345e-02,6.341530775710281509e-02,-0.000000000000000000e+00,0.000000000000000000e+00,-0.000000000000000000e+00,0.000000000000000000e+00,1.720173278359036495e-01,-0.000000000000000000e+00
1.309664919577988862e-01,0.000000000000000000e+00,1.107797847750560116e-01,0.000000000000000000e+00,1.320308273554255396e-01,3.913016134302525761e-02,0.000000000000000000e+00,6.299304185003082313e-02,-0.000000000000000000e+00,0.000000000000000000e+00,0.000000000000000000e+00,3.794781170046687777e-03,-0.000000000000000000e+00,0.000000000000000000e+00,1.749027512435276290e-03,1.365779206150657676e-01,0.000000000000000000e+00,1.096722365372413965e-01,0.000000000000000000e+00,9.220343854934001659e-02,-0.000000000000000000e+00,1.206999285792099419e-01,1.559657700769117965e-02,0.000000000000000000e+00,6.476758088273103231e-02,-7.809846815369388129e-02,1.041328858254010059e-01,9.081624861479778432e-02,1.635346535911287091e+00,6.458778682640792246e-02,1.967894819608233953e-02,-1.056811046056916892e-01,-1.060257719154240330e-01,0.000000000000000000e+00,0.000000000000000000e+00,7.706263471511609620e-02,-0.000000000000000000e+00,-3.316476719370526488e-02,0.000000000000000000e+00
-1.595707753800936282e-02,-0.000000000000000000e+00,-1.959453983546470546e-02,-0.000000000000000000e+00,-1.128497287313724451e-01,-0.000000000000000000e+00,-0.000000000000000000e+00,-0.000000000000000000e+00,0.000000000000000000e+00,-0.000000000000000000e+00,-0.000000000000000000e+00,-1.121186356856017224e-01,0.000000000000000000e+00,-7.516081982858145716e-02,-8.948384130175933426e-02,-8.199848416426225306e-02,-0.000000000000000000e+00,-7.815621410319073536e-02,-0.000000000000000000e+00,-1.052758012358935048e-02,0.000000000000000000e+00,-1.669166383800125067e-02,-3.318078111375074440e-03,-0.000000000000000000e+00,-2.088677785573661919e-02,8.552803781897553095e-03,-0.000000000000000000e+00,-8.215057852287850973e-03,6.458778682640792246e-02,1.218586721837716658e+00,-0.000000000000000000e+00,2.874007651639999897e-02,7.039115746182962596e-02,-0.000000000000000000e+00,0.000000000000000000e+00,-9.724883497623634798e-02,0.000000000000000000e+00,0.000000000000000000e+00,-0.000000000000000000e+00
-0.000000000000000000e+00,-0.000000000000000000e+00,-6.195957923304410558e-02,-0.000000000000000000e+00,-0.000000000000000000e+00,-0.000000000000000000e+00,-0.000000000000000000e+00,-0.000000000000000000e+00,3.565439206488902474e-02,-0.000000000000000000e+00,0.000000000000000000e+00,-0.000000000000000000e+00,3.489023019704522444e-01,-0.000000000000000000e+00,-0.000000000000000000e+00,-5.658755118655159344e-02,-0.000000000000000000e+00,-0.000000000000000000e+00,-0.000000000000000000e+00,-4.229072232018316752e-02,0.000000000000000000e+00,-0.000000000000000000e+00,-0.000000000000000000e+00,-0.000000000000000000e+00,-5.712470515271561577e-02,0.000000000000000000e+00,-0.000000000000000000e+00,-2.388026797611837726e-01,1.967894819608233953e-02,-0.000000000000000000e+00,1.224236716960909632e+00,0.000000000000000000e+00,0.000000000000000000e+00,-0.000000000000000000e+00,-0.000000000000000000e+00,-0.000000000000000000e+00,0.000000000000000000e+00,7.833162799915256713e-03,-0.000000000000000000e+00
4.173763056288616602e-02,1.041073569659904385e-01,4.617325719849565274e-02,7.562263945972561019e-02,4.010604989885401678e-02,0.000000000000000000e+00,0.000000000000000000e+00,0.000000000000000000e+00,-0.000000000000000000e+00,0.000000000000000000e+00,0.000000000000000000e+00,0.000000000000000000e+00,-0.000000000000000000e+00,0.000000000000000000e+00,0.000000000000000000e+00,4.233687558520786431e-02,0.000000000000000000e+00,6.274461430608821444e-02,0.000000000000000000e+00,3.598218203450304076e-02,-0.000000000000000000e+00,9.980979068690928879e-03,0.000000000000000000e+00,0.000000000000000000e+00,3.313050778518941003e-02,-2.330421911293938109e-02,0.000000000000000000e+00,4.967159609876955345e-02,-1.056811046056916892e-01,2.874007651639999897e-02,0.000000000000000000e+00,1.200880773754836373e+00,-1.579698576569717183e-01,0.000000000000000000e+00,-0.000000000000000000e+00,0.000000000000000000e+00,-0.000000000000000000e+00,-8.332168426142252601e-03,0.000000000000000000e+00
5.131638854430063679e-02,0.000000000000000000e+00,0.000000000000000000e+00,3.230432899896973440e-03,1.503941394941701350e-02,0.000000000000000000e+00,0.000000000000000000e+00,0.000000000000000000e+00,-0.000000000000000000e+00,0.000000000000000000e+00,0.000000000000000000e+00,0.000000000000000000e+00,-0.000000000000000000e+00,1.113686906359767116e-02,0.000000000000000000e+00,4.182754649652365569e-02,0.000000000000000000e+00,1.177421315311679290e-01,0.000000000000000000e+00,1.044167103914720174e-01,-0.000000000000000000e+00,6.811932615713971184e-02,0.000000000000000000e+00,0.000000000000000000e+00,0.000000000000000000e+00,-4.556040959029539900e-02,8.395270943046524714e-02,6.341530775710281509e-02,-1.060257719154240330e-01,7.039115746182962596e-02,0.000000000000000000e+00,-1.579698576569717183e-01,1.361131999375777557e+00,0.000000000000000000e+00,-0.000000000000000000e+00,7.800594831462120959e-02,-0.000000000000000000e+00,-1.491096996858817525e-01,0.000000000000000000e+00
-0.000000000000000000e+00,-0.000000000000000000e+00,-0.000000000000000000e+00,-0.000000000000000000e+00,-0.000000000000000000e+00,-0.000000000000000000e+00,-0.000000000000000000e+00,-0.000000000000000000e+00,-0.000000000000000000e+00,-0.000000000000000000e+00,0.000000000000000000e+00,-0.000000000000000000e+00,-0.000000000000000000e+00,-0.000000000000000000e+00,-3.351995259027848451e-01,-0.000000000000000000e+00,-0.000000000000000000e+00,-4.033937590246845090e-02,-2.551100104807536018e-01,-0.000000000000000000e+00,0.000000000000000000e+00,-0.000000000000000000e+00,-0.000000000000000000e+00,-0.000000000000000000e+00,-0.000000000000000000e+00,0.000000000000000000e+00,-0.000000000000000000e+00,-0.000000000000000000e+00,0.000000000000000000e+00,-0.000000000000000000e+00,-0.000000000000000000e+00,0.000000000000000000e+00,0.000000000000000000e+00,1.196638211790519213e+00,0.000000000000000000e+00,-0.000000000000000000e+00,0.000000000000000000e+00,0.000000000000000000e+00,-2.381580696023061564e-02
-0.000000000000000000e+00,0.000000000000000000e+00,-0.000000000000000000e+00,0.000000000000000000e+00,-0.000000000000000000e+00,0.000000000000000000e+00,-0.000000000000000000e+00,-0.000000000000000000e+00,0.000000000000000000e+00,0.000000000000000000e+00,0.000000000000000000e+00,-0.000000000000000000e+00,0.000000000000000000e+00,0.000000000000000000e+00,-0.000000000000000000e+00,0.000000000000000000e+00,0.000000000000000000e+00,0.000000000000000000e+00,0.000000000000000000e+00,-0.000000000000000000e+00,-0.000000000000000000e+00,-0.000000000000000000e+00,-0.000000000000000000e+00,0.000000000000000000e+00,0.000000000000000000e+00,-0.000000000000000000e+00,-0.000000000000000000e+00,0.000000000000000000e+00,0.000000000000000000e+00,0.000000000000000000e+00,-0.000000000000000000e+00,-0.000000000000000000e+00,-0.000000000000000000e+00,0.000000000000000000e+00,1.080833242315839993e+00,-0.000000000000000000e+00,-2.955795246276903820e-01,-0.000000000000000000e+00,0.000000000000000000e+00
-8.357948683717884852e-02,-0.000000000000000000e+00,-4.345372879149856510e-02,-0.000000000000000000e+00,-5.718753749393798783e-03,-1.240345186491444568e-01,-2.240419124405405166e-02,-9.356115939491370381e-02,0.000000000000000000e+00,-0.000000000000000000e+00,-0.000000000000000000e+00,-0.000000000000000000e+00,0.000000000000000000e+00,-4.362752648614892648e-02,-7.915916550988924896e-03,-8.840394597265574528e-02,-0.000000000000000000e+00,-6.277091409849844261e-02,-0.000000000000000000e+00,-1.070801941489756270e-01,0.000000000000000000e+00,-8.644531905545475847e-02,-1.766799678244985183e-01,-0.000000000000000000e+00,-6.086497328472575269e-02,9.790987753881839895e-03,-0.000000000000000000e+00,-0.000000000000000000e+00,7.706263471511609620e-02,-9.724883497623634798e-02,-0.000000000000000000e+00,0.000000000000000000e+00,7.800594831462120959e-02,-0.000000000000000000e+00,-0.000000000000000000e+00,1.402450190576011391e+00,0.000000000000000000e+00,0.000000000000000000e+00,-0.000000000000000000e+00
0.000000000000000000e+00,1.044709296571321305e-01,0.000000000000000000e+00,0.000000000000000000e+00,0.000000000000000000e+00,0.000000000000000000e+00,0.000000000000000000e+00,0.000000000000000000e+00,-0.000000000000000000e+00,0.000000000000000000e+00,0.000000000000000000e+00,0.000000000000000000e+00,-0.000000000000000000e+00,0.000000000000000000e+00,0.000000000000000000e+00,0.000000000000000000e+00,0.000000000000000000e+00,0.000000000000000000e+00,0.000000000000000000e+00,0.000000000000000000e+00,-0.000000000000000000e+00,0.000000000000000000e+00,0.000000000000000000e+00,0.000000000000000000e+00,0.000000000000000000e+00,-4.237511545385299477e-02,0.000000000000000000e+00,0.000000000000000000e+00,-0.000000000000000000e+00,0.000000000000000000e+00,0.000000000000000000e+00,-0.000000000000000000e+00,-0.000000000000000000e+00,0.000000000000000000e+00,-2.955795246276903820e-01,0.000000000000000000e+00,1.093791701989122123e+00,-0.000000000000000000e+00,0.000000000000000000e+00
3.510458837639524043e-02,0.000000000000000000e+00,9.289500824684278346e-02,1.294497291034468200e-01,0.000000000000000000e+00,0.000000000000000000e+00,7.019546541784347192e-03,0.000000000000000000e+00,-1.743043339994897190e-01,0.000000000000000000e+00,0.000000000000000000e+00,0.000000000000000000e+00,-0.000000000000000000e+00,0.000000000000000000e+00,0.000000000000000000e+00,5.719118927565142174e-02,0.000000000000000000e+00,3.574406043989093729e-02,0.000000000000000000e+00,9.294056841861687845e-02,-0.000000000000000000e+00,4.619066133787301520e-02,0.000000000000000000e+00,0.000000000000000000e+00,0.000000000000000000e+00,-1.018568242239021177e-01,2.290228893919120379e-02,1.720173278359036495e-01,-3.316476719370526488e-02,0.000000000000000000e+00,7.833162799915256713e-03,-8.332168426142252601e-03,-1.491096996858817525e-01,0.000000000000000000e+00,-0.000000000000000000e+00,0.000000000000000000e+00,-0.000000000000000000e+00,1.322986682133566738e+00,-0.000000000000000000e+00
-0.000000000000000000e+00,-0.000000000000000000e+00,-0.000000000000000000e+00,0.000000000000000000e+00,-0.000000000000000000e+00,-0.000000000000000000e+00,0.000000000000000000e+00,-0.000000000000000000e+00,-0.000000000000000000e+00,-0.000000000000000000e+00,-0.000000000000000000e+00,-0.000000000000000000e+00,0.000000000000000000e+00,-0.000000000000000000e+00,-0.000000000000000000e+00,-0.000000000000000000e+00,-0.000000000000000000e+00,-0.000000000000000000e+00,-0.000000000000000000e+00,-0.000000000000000000e+00,0.000000000000000000e+00,-0.000000000000000000e+00,-0.000000000000000000e+00,-0.000000000000000000e+00,-0.000000000000000000e+00,0.000000000000000000e+00,-0.000000000000000000e+00,-0.000000000000000000e+00,0.000000000000000000e+00,-0.000000000000000000e+00,-0.000000000000000000e+00,0.000000000000000000e+00,0.000000000000000000e+00,-2.381580696023061564e-02,0.000000000000000000e+00,-0.000000000000000000e+00,0.000000000000000000e+00,-0.000000000000000000e+00,1.000566871318075091e+00
