1.468482181414234367e+00,-4.676266626714806751e-01,0.000000000000000000e+00,0.000000000000000000e+00,-0.000000000000000000e+00,-0.000000000000000000e+00,0.000000000000000000e+00,-0.000000000000000000e+00,-1.389469649997837619e-01,-0.000000000000000000e+00,-0.000000000000000000e+00,-0.000000000000000000e+00,0.000000000000000000e+00,-0.000000000000000000e+00,-0.000000000000000000e+00,-2.160275196883019999e-01,0.000000000000000000e+00,-0.000000000000000000e+00,-0.000000000000000000e+00,-0.000000000000000000e+00,-2.560659733725164644e-01,-0.000000000000000000e+00,-0.000000000000000000e+00,-0.000000000000000000e+00,-6.942847073177148276e-02,-8.151586775916645766e-03,0.000000000000000000e+00,6.844041976933554206e-02,-0.000000000000000000e+00,-0.000000000000000000e+00,0.000000000000000000e+00,0.000000000000000000e+00,-0.000000000000000000e+00,-0.000000000000000000e+00,0.000000000000000000e+00,-0.000000000000000000e+00,-0.000000000000000000e+00,-0.000000000000000000e+00,-0.000000000000000000e+00
-4.676266626714806751e-01,1.794289669334711457e+00,0.000000000000000000e+00,-0.000000000000000000e+00,-2.884723855803322107e-02,0.000000000000000000e+00,-0.000000000000000000e+00,-0.000000000000000000e+00,-0.000000000000000000e+00,-2.480466975180286304e-01,-0.000000000000000000e+00,-0.000000000000000000e+00,-0.000000000000000000e+00,-1.552395729294013815e-01,-0.000000000000000000e+00,-4.607572628568852580e-02,0.000000000000000000e+00,0.000000000000000000e+00,-0.000000000000000000e+00,-0.000000000000000000e+00,-0.000000000000000000e+00,-0.000000000000000000e+00,-0.000000000000000000e+00,-0.000000000000000000e+00,-1.394052911225527047e-01,-0.000000000000000000e+00,-0.000000000000000000e+00,9.309430844181941847e-03,-1.983071214757540501e-01,-0.000000000000000000e+00,-0.000000000000000000e+00,-2.534305575106184927e-01,2.430701489988759678e-01,0.000000000000000000e+00,-0.000000000000000000e+00,-3.050347116534667113e-02,-4.849775960518130230e-02,-0.000000000000000000e+00,-1.823145965653497624e-01
0.000000000000000000e+00,0.000000000000000000e+00,2.772122476309997641e+00,-0.000000000000000000e+00,-1.348189733360354858e-01,3.631378543229802497e-02,-0.000000000000000000e+00,1.758566924990247582e+00,-0.000000000000000000e+00,-0.000000000000000000e+00,0.000000000000000000e+00,-0.000000000000000000e+00,0.000000000000000000e+00,-0.000000000000000000e+00,1.125866413587360863e-03,-0.000000000000000000e+00,0.000000000000000000e+00,-0.000000000000000000e+00,-1.257274762196183837e-01,0.000000000000000000e+00,-0.000000000000000000e+00,-0.000000000000000000e+00,-0.000000000000000000e+00,-0.000000000000000000e+00,-0.000000000000000000e+00,-0.000000000000000000e+00,-0.000000000000000000e+00,-3.169854177121190220e-01,0.000000000000000000e+00,-0.000000000000000000e+00,-2.828605059889913176e-01,-0.000000000000000000e+00,-0.000000000000000000e+00,-4.319032325768400182e-02,0.000000000000000000e+00,0.000000000000000000e+00,0.000000000000000000e+00,0.000000000000000000e+00,0.000000000000000000e+00
0.000000000000000000e+00,-0.000000000000000000e+00,-0.000000000000000000e+00,1.034641763443689966e+00,-0.000000000000000000e+00,0.000000000000000000e+00,-0.000000000000000000e+00,0.000000000000000000e+00,-0.000000000000000000e+00,-0.000000000000000000e+00,0.000000000000000000e+00,-0.000000000000000000e+00,-0.000000000000000000e+00,-0.000000000000000000e+00,0.000000000000000000e+00,0.000000000000000000e+00,0.000000000000000000e+00,-0.000000000000000000e+00,-0.000000000000000000e+00,-0.000000000000000000e+00,-0.000000000000000000e+00,-1.893193292272219996e-01,0.000000000000000000e+00,-0.000000000000000000e+00,-0.000000000000000000e+00,-0.000000000000000000e+00,0.000000000000000000e+00,-0.000000000000000000e+00,0.000000000000000000e+00,-0.000000000000000000e+00,-0.000000000000000000e+00,-0.000000000000000000e+00,0.000000000000000000e+00,-0.000000000000000000e+00,0.000000000000000000e+00,-0.000000000000000000e+00,0.000000000000000000e+00,-0.000000000000000000e+00,-0.000000000000000000e+00
-0.000000000000000000e+00,-2.884723855803322107e-02,-1.348189733360354858e-01,-0.000000000000000000e+00,1.980814055842883503e+00,0.000000000000000000e+00,-0.000000000000000000e+00,2.295622815374509518e-01,-2.228734105605650329e-01,-1.715106984209701091e-01,-0.000000000000000000e+00,-0.000000000000000000e+00,0.000000000000000000e+00,-5.689976353665696651e-01,0.000000000000000000e+00,-0.000000000000000000e+00,0.000000000000000000e+00,0.000000000000000000e+00,-0.000000000000000000e+00,0.000000000000000000e+00,-0.000000000000000000e+00,-0.000000000000000000e+00,-0.000000000000000000e+00,-0.000000000000000000e+00,-5.786245558837450897e-02,-0.000000000000000000e+00,-1.744020044250696108e-02,-0.000000000000000000e+00,-0.000000000000000000e+00,-1.614091181043909862e-01,-0.000000000000000000e+00,-1.176873262812975635e-01,0.000000000000000000e+00,-2.670281806024129567e-01,-0.000000000000000000e+00,-0.000000000000000000e+00,-0.000000000000000000e+00,-0.000000000000000000e+00,-0.000000000000000000e+00
-0.000000000000000000e+00,0.000000000000000000e+00,3.631378543229802497e-02,0.000000000000000000e+00,0.000000000000000000e+00,1.747831220065561464e+00,0.000000000000000000e+00,-0.000000000000000000e+00,0.000000000000000000e+00,0.000000000000000000e+00,-3.572694696296507266e-01,1.684924646308739449e-01,-0.000000000000000000e+00,-0.000000000000000000e+00,0.000000000000000000e+00,0.000000000000000000e+00,-5.694584487824745356e-01,-0.000000000000000000e+00,0.000000000000000000e+00,2.142275471459406111e-01,-1.272329593215595078e-01,9.022273103239096537e-02,-0.000000000000000000e+00,0.000000000000000000e+00,-0.000000000000000000e+00,-0.000000000000000000e+00,0.000000000000000000e+00,-0.000000000000000000e+00,0.000000000000000000e+00,-0.000000000000000000e+00,0.000000000000000000e+00,0.000000000000000000e+00,-1.249663529212537982e-01,0.000000000000000000e+00,-2.694041944520831899e-01,-0.000000000000000000e+00,-0.000000000000000000e+00,-0.000000000000000000e+00,0.000000000000000000e+00
0.000000000000000000e+00,-0.000000000000000000e+00,-0.000000000000000000e+00,-0.000000000000000000e+00,-0.000000000000000000e+00,0.000000000000000000e+00,1.293287074881619203e+00,0.000000000000000000e+00,7.400083994069082960e-02,-0.000000000000000000e+00,0.000000000000000000e+00,0.000000000000000000e+00,-0.000000000000000000e+00,0.000000000000000000e+00,0.000000000000000000e+00,0.000000000000000000e+00,-0.000000000000000000e+00,4.326167671356442312e-01,7.279941300932954440e-02,-0.000000000000000000e+00,0.000000000000000000e+00,-0.000000000000000000e+00,0.000000000000000000e+00,0.000000000000000000e+00,0.000000000000000000e+00,0.000000000000000000e+00,0.000000000000000000e+00,0.000000000000000000e+00,0.000000000000000000e+00,-0.000000000000000000e+00,-0.000000000000000000e+00,-0.000000000000000000e+00,2.155793555498580066e-02,4.100581023922064694e-02,-0.000000000000000000e+00,-0.000000000000000000e+00,0.000000000000000000e+00,8.194291061673776577e-02,5.589684422979396966e-02
-0.000000000000000000e+00,-0.000000000000000000e+00,1.758566924990247582e+00,0.000000000000000000e+00,2.295622815374509518e-01,-0.000000000000000000e+00,0.000000000000000000e+00,2.822306644037722467e+00,0.000000000000000000e+00,1.125533003440482016e-02,-0.000000000000000000e+00,0.000000000000000000e+00,-2.952238526985621891e-02,0.000000000000000000e+00,-9.515888248214916800e-02,3.166178019159082008e-02,-0.000000000000000000e+00,0.000000000000000000e+00,1.263384058525661158e-01,-0.000000000000000000e+00,0.000000000000000000e+00,0.000000000000000000e+00,0.000000000000000000e+00,5.524776924462505845e-02,0.000000000000000000e+00,0.000000000000000000e+00,0.000000000000000000e+00,2.702868441102075914e-01,-0.000000000000000000e+00,0.000000000000000000e+00,7.013098676744874971e-02,0.000000000000000000e+00,1.578208649852740758e-02,1.992470535330269077e-01,-0.000000000000000000e+00,-0.000000000000000000e+00,-0.000000000000000000e+00,-0.000000000000000000e+00,-0.000000000000000000e+00
-1.389469649997837619e-01,-0.000000000000000000e+00,-0.000000000000000000e+00,-0.000000000000000000e+00,-2.228734105605650329e-01,0.000000000000000000e+00,7.400083994069082960e-02,0.000000000000000000e+00,2.731953075613682280e+00,-0.000000000000000000e+00,-0.000000000000000000e+00,-0.000000000000000000e+00,0.000000000000000000e+00,-1.473484167740344297e-01,0.000000000000000000e+00,-1.453522155033395817e-02,0.000000000000000000e+00,-7.182380226825813008e-02,-3.815508109083335930e-01,0.000000000000000000e+00,-3.039968203321870566e-01,-0.000000000000000000e+00,-0.000000000000000000e+00,-3.188069638568431508e-01,-1.691557038509882149e-01,-0.000000000000000000e+00,-0.000000000000000000e+00,-0.000000000000000000e+00,-0.000000000000000000e+00,-0.000000000000000000e+00,0.000000000000000000e+00,-0.000000000000000000e+00,-0.000000000000000000e+00,-9.217622318273791526e-01,1.171108646406699913e-02,0.000000000000000000e+00,-0.000000000000000000e+00,-0.000000000000000000e+00,-3.990169679806997993e-01
-0.000000000000000000e+00,-2.480466975180286304e-01,-0.000000000000000000e+00,-0.000000000000000000e+00,-1.715106984209701091e-01,0.000000000000000000e+00,-0.000000000000000000e+00,1.125533003440482016e-02,-0.000000000000000000e+00,2.641740846165111289e+00,-0.000000000000000000e+00,-0.000000000000000000e+00,0.000000000000000000e+00,-2.666388001504762031e-02,0.000000000000000000e+00,-8.913619714532267091e-01,-0.000000000000000000e+00,0.000000000000000000e+00,-0.000000000000000000e+00,-0.000000000000000000e+00,-0.000000000000000000e+00,-0.000000000000000000e+00,-2.394185090716959008e-02,-0.000000000000000000e+00,-2.658022556073209031e-01,-1.543122746681635238e-01,-3.846526380578274562e-02,-0.000000000000000000e+00,-0.000000000000000000e+00,-7.404550731649975903e-01,-0.000000000000000000e+00,-1.001036028920989501e-01,-0.000000000000000000e+00,-0.000000000000000000e+00,-0.000000000000000000e+00,-2.615278676901774263e-02,-0.000000000000000000e+00,-0.000000000000000000e+00,-0.000000000000000000e+00
-0.000000000000000000e+00,-0.000000000000000000e+00,0.000000000000000000e+00,0.000000000000000000e+00,-0.000000000000000000e+00,-3.572694696296507266e-01,0.000000000000000000e+00,-0.000000000000000000e+00,-0.000000000000000000e+00,-0.000000000000000000e+00,1.754126134049871277e+00,0.000000000000000000e+00,0.000000000000000000e+00,-0.000000000000000000e+00,0.000000000000000000e+00,-0.000000000000000000e+00,-3.462113511347872374e-01,-0.000000000000000000e+00,-0.000000000000000000e+00,0.000000000000000000e+00,-1.663351786219363030e-03,0.000000000000000000e+00,-1.322347523927902002e-01,-0.000000000000000000e+00,-0.000000000000000000e+00,-2.606636243152326005e-01,-0.000000000000000000e+00,-0.000000000000000000e+00,-1.052947053561939794e-01,-0.000000000000000000e+00,-0.000000000000000000e+00,-6.724470014445094179e-02,-0.000000000000000000e+00,0.000000000000000000e+00,-0.000000000000000000e+00,-3.445622509301273229e-01,-1.995405252923184158e-01,-6.910410847334004514e-02,-0.000000000000000000e+00
-0.000000000000000000e+00,-0.000000000000000000e+00,-0.000000000000000000e+00,-0.000000000000000000e+00,-0.000000000000000000e+00,1.684924646308739449e-01,0.000000000000000000e+00,0.000000000000000000e+00,-0.000000000000000000e+00,-0.000000000000000000e+00,0.000000000000000000e+00,2.032705093219082659e+00,0.000000000000000000e+00,-0.000000000000000000e+00,-2.262911107436923475e-01,-0.000000000000000000e+00,2.906979096141267815e-01,-0.000000000000000000e+00,-1.777669565106048122e-01,-0.000000000000000000e+00,-0.000000000000000000e+00,-5.235901287821103089e-01,-0.000000000000000000e+00,-0.000000000000000000e+00,-0.000000000000000000e+00,-0.000000000000000000e+00,-1.563858036612757740e-01,0.000000000000000000e+00,-2.284896801397759136e-01,0.000000000000000000e+00,-0.000000000000000000e+00,-0.000000000000000000e+00,1.690564131216580612e-01,-0.000000000000000000e+00,0.000000000000000000e+00,-0.000000000000000000e+00,-0.000000000000000000e+00,-0.000000000000000000e+00,-7.267658736865999503e-01
0.000000000000000000e+00,-0.000000000000000000e+00,0.000000000000000000e+00,-0.000000000000000000e+00,0.000000000000000000e+00,-0.000000000000000000e+00,-0.000000000000000000e+00,-2.952238526985621891e-02,0.000000000000000000e+00,0.000000000000000000e+00,0.000000000000000000e+00,0.000000000000000000e+00,1.250133347777533599e+00,0.000000000000000000e+00,-5.087446096083009933e-02,0.000000000000000000e+00,-4.116928427159156911e-02,0.000000000000000000e+00,0.000000000000000000e+00,0.000000000000000000e+00,-0.000000000000000000e+00,-0.000000000000000000e+00,-0.000000000000000000e+00,0.000000000000000000e+00,0.000000000000000000e+00,0.000000000000000000e+00,0.000000000000000000e+00,2.734273775682244945e-01,-0.000000000000000000e+00,-0.000000000000000000e+00,3.538454787844992344e-01,-0.000000000000000000e+00,0.000000000000000000e+00,0.000000000000000000e+00,-0.000000000000000000e+00,0.000000000000000000e+00,-0.000000000000000000e+00,-0.000000000000000000e+00,-0.000000000000000000e+00
-0.000000000000000000e+00,-1.552395729294013815e-01,-0.000000000000000000e+00,-0.000000000000000000e+00,-5.689976353665696651e-01,-0.000000000000000000e+00,0.000000000000000000e+00,0.000000000000000000e+00,-1.473484167740344297e-01,-2.666388001504762031e-02,-0.000000000000000000e+00,-0.000000000000000000e+00,0.000000000000000000e+00,2.154499036149220892e+00,0.000000000000000000e+00,-5.987483605835702827e-02,0.000000000000000000e+00,-0.000000000000000000e+00,-0.000000000000000000e+00,0.000000000000000000e+00,-0.000000000000000000e+00,-0.000000000000000000e+00,-3.400644239334938979e-01,-1.502677187263677487e-02,-3.946638881872711890e-02,-1.571385685638572727e-01,-0.000000000000000000e+00,-0.000000000000000000e+00,-2.121726550797349564e-01,-1.355667725927971745e-01,-0.000000000000000000e+00,-2.314289157098762539e-01,0.000000000000000000e+00,-0.000000000000000000e+00,-0.000000000000000000e+00,-2.539598658522962960e-01,-0.000000000000000000e+00,-0.000000000000000000e+00,-0.000000000000000000e+00
-0.000000000000000000e+00,-0.000000000000000000e+00,1.125866413587360863e-03,0.000000000000000000e+00,0.000000000000000000e+00,0.000000000000000000e+00,0.000000000000000000e+00,-9.515888248214916800e-02,0.000000000000000000e+00,0.000000000000000000e+00,0.000000000000000000e+00,-2.262911107436923475e-01,-5.087446096083009933e-02,0.000000000000000000e+00,1.141797449342765614e+00,0.000000000000000000e+00,1.146875613581750525e-01,-0.000000000000000000e+00,0.000000000000000000e+00,-1.080529747214930697e-01,-0.000000000000000000e+00,-0.000000000000000000e+00,0.000000000000000000e+00,0.000000000000000000e+00,0.000000000000000000e+00,0.000000000000000000e+00,2.214125999113864506e-03,1.801687382122618697e-01,-0.000000000000000000e+00,3.088252522462537480e-02,0.000000000000000000e+00,1.336002501304246227e-02,0.000000000000000000e+00,0.000000000000000000e+00,0.000000000000000000e+00,0.000000000000000000e+00,-0.000000000000000000e+00,0.000000000000000000e+00,-0.000000000000000000e+00
-2.160275196883019999e-01,-4.607572628568852580e-02,-0.000000000000000000e+00,0.000000000000000000e+00,-0.000000000000000000e+00,0.000000000000000000e+00,0.000000000000000000e+00,3.166178019159082008e-02,-1.453522155033395817e-02,-8.913619714532267091e-01,-0.000000000000000000e+00,-0.000000000000000000e+00,0.000000000000000000e+00,-5.987483605835702827e-02,0.000000000000000000e+00,2.385230443662003541e+00,0.000000000000000000e+00,-0.000000000000000000e+00,-0.000000000000000000e+00,-0.000000000000000000e+00,-0.000000000000000000e+00,-0.000000000000000000e+00,-7.641139480807421225e-02,-5.036863644386369021e-02,-1.521614030155395703e-01,-3.843661024984199592e-01,-1.516902000817704210e-01,-0.000000000000000000e+00,-0.000000000000000000e+00,-3.390068475251122315e-01,-0.000000000000000000e+00,-0.000000000000000000e+00,-0.000000000000000000e+00,-0.000000000000000000e+00,0.000000000000000000e+00,-0.000000000000000000e+00,-0.000000000000000000e+00,-0.000000000000000000e+00,-0.000000000000000000e+00
0.000000000000000000e+00,0.000000000000000000e+00,0.000000000000000000e+00,0.000000000000000000e+00,0.000000000000000000e+00,-5.694584487824745356e-01,-0.000000000000000000e+00,-0.000000000000000000e+00,0.000000000000000000e+00,-0.000000000000000000e+00,-3.462113511347872374e-01,2.906979096141267815e-01,-4.116928427159156911e-02,0.000000000000000000e+00,1.146875613581750525e-01,0.000000000000000000e+00,2.049265998437163283e+00,0.000000000000000000e+00,0.000000000000000000e+00,0.000000000000000000e+00,-0.000000000000000000e+00,0.000000000000000000e+00,-0.000000000000000000e+00,0.000000000000000000e+00,0.000000000000000000e+00,-0.000000000000000000e+00,-0.000000000000000000e+00,-0.000000000000000000e+00,-0.000000000000000000e+00,-0.000000000000000000e+00,0.000000000000000000e+00,-0.000000000000000000e+00,-0.000000000000000000e+00,2.436970729943388481e-01,-6.967746470391524838e-01,-7.698151712252677970e-02,-0.000000000000000000e+00,-0.000000000000000000e+00,0.000000000000000000e+00
-0.000000000000000000e+00,0.000000000000000000e+00,-0.000000000000000000e+00,-0.000000000000000000e+00,0.000000000000000000e+00,-0.000000000000000000e+00,4.326167671356442312e-01,0.000000000000000000e+00,-7.182380226825813008e-02,0.000000000000000000e+00,-0.000000000000000000e+00,-0.000000000000000000e+00,0.000000000000000000e+00,-0.000000000000000000e+00,-0.000000000000000000e+00,-0.000000000000000000e+00,0.000000000000000000e+00,1.897488144704320590e+00,-2.644729281000126053e-01,0.000000000000000000e+00,-3.573683777122643179e-01,-0.000000000000000000e+00,-0.000000000000000000e+00,-1.034006612074099725e-02,0.000000000000000000e+00,-8.872197647830415423e-02,-0.000000000000000000e+00,-0.000000000000000000e+00,0.000000000000000000e+00,0.000000000000000000e+00,0.000000000000000000e+00,1.453509007949365939e-01,-3.367820841946838617e-01,-2.050521058948890085e-01,7.478371851712206642e-02,0.000000000000000000e+00,0.000000000000000000e+00,-3.523584822081732293e-01,-0.000000000000000000e+00
-0.000000000000000000e+00,-0.000000000000000000e+00,-1.257274762196183837e-01,-0.000000000000000000e+00,-0.000000000000000000e+00,0.000000000000000000e+00,7.279941300932954440e-02,1.263384058525661158e-01,-3.815508109083335930e-01,-0.000000000000000000e+00,-0.000000000000000000e+00,-1.777669565106048122e-01,0.000000000000000000e+00,-0.000000000000000000e+00,0.000000000000000000e+00,-0.000000000000000000e+00,0.000000000000000000e+00,-2.644729281000126053e-01,2.133370931326781239e+00,0.000000000000000000e+00,-0.000000000000000000e+00,-3.787865683850618476e-02,-0.000000000000000000e+00,-1.317837494135136178e-01,-0.000000000000000000e+00,-2.237799844396430038e-01,-3.510947389136347407e-01,-0.000000000000000000e+00,-0.000000000000000000e+00,-0.000000000000000000e+00,-0.000000000000000000e+00,-0.000000000000000000e+00,-0.000000000000000000e+00,-3.020608295948023492e-01,0.000000000000000000e+00,-0.000000000000000000e+00,0.000000000000000000e+00,-0.000000000000000000e+00,-1.476063408093865881e-01
-0.000000000000000000e+00,-0.000000000000000000e+00,0.000000000000000000e+00,-0.000000000000000000e+00,0.000000000000000000e+00,2.142275471459406111e-01,-0.000000000000000000e+00,-0.000000000000000000e+00,0.000000000000000000e+00,-0.000000000000000000e+00,0.000000000000000000e+00,-0.000000000000000000e+00,0.000000000000000000e+00,0.000000000000000000e+00,-1.080529747214930697e-01,-0.000000000000000000e+00,0.000000000000000000e+00,0.000000000000000000e+00,0.000000000000000000e+00,1.081173064732609213e+00,0.000000000000000000e+00,-1.004395977212113045e-01,0.000000000000000000e+00,0.000000000000000000e+00,0.000000000000000000e+00,0.000000000000000000e+00,-0.000000000000000000e+00,-0.000000000000000000e+00,-0.000000000000000000e+00,0.000000000000000000e+00,-4.991740998360733039e-02,0.000000000000000000e+00,1.324178986355488592e-02,1.981761043811492221e-02,0.000000000000000000e+00,-0.000000000000000000e+00,0.000000000000000000e+00,0.000000000000000000e+00,0.000000000000000000e+00
-2.560659733725164644e-01,-0.000000000000000000e+00,-0.000000000000000000e+00,-0.000000000000000000e+00,-0.000000000000000000e+00,-1.272329593215595078e-01,0.000000000000000000e+00,0.000000000000000000e+00,-3.039968203321870566e-01,-0.000000000000000000e+00,-1.663351786219363030e-03,-0.000000000000000000e+00,-0.000000000000000000e+00,-0.000000000000000000e+00,-0.000000000000000000e+00,-0.000000000000000000e+00,-0.000000000000000000e+00,-3.573683777122643179e-01,-0.000000000000000000e+00,0.000000000000000000e+00,1.516717959549394701e+00,-0.000000000000000000e+00,-8.650000632335509698e-02,-0.000000000000000000e+00,-2.991743770262788107e-02,-0.000000000000000000e+00,0.000000000000000000e+00,0.000000000000000000e+00,-0.000000000000000000e+00,-0.000000000000000000e+00,0.000000000000000000e+00,0.000000000000000000e+00,-1.465679472379082804e-01,-6.006600119577434893e-02,-0.000000000000000000e+00,-0.000000000000000000e+00,-0.000000000000000000e+00,-5.890328795249036298e-02,-0.000000000000000000e+00
-0.000000000000000000e+00,-0.000000000000000000e+00,-0.000000000000000000e+00,-1.893193292272219996e-01,-0.000000000000000000e+00,9.022273103239096537e-02,-0.000000000000000000e+00,0.000000000000000000e+00,-0.000000000000000000e+00,-0.000000000000000000e+00,0.000000000000000000e+00,-5.235901287821103089e-01,-0.000000000000000000e+00,-0.000000000000000000e+00,-0.000000000000000000e+00,-0.000000000000000000e+00,0.000000000000000000e+00,-0.000000000000000000e+00,-3.787865683850618476e-02,-1.004395977212113045e-01,-0.000000000000000000e+00,1.330259802508855227e+00,-0.000000000000000000e+00,-0.000000000000000000e+00,-0.000000000000000000e+00,-0.000000000000000000e+00,-0.000000000000000000e+00,-0.000000000000000000e+00,-2.916192385305979573e-02,-0.000000000000000000e+00,-6.328498432197890433e-02,-0.000000000000000000e+00,0.000000000000000000e+00,-0.000000000000000000e+00,0.000000000000000000e+00,-0.000000000000000000e+00,-0.000000000000000000e+00,-0.000000000000000000e+00,-8.634088428985924740e-03
-0.000000000000000000e+00,-0.000000000000000000e+00,-0.000000000000000000e+00,0.000000000000000000e+00,-0.000000000000000000e+00,-0.000000000000000000e+00,0.000000000000000000e+00,0.000000000000000000e+00,-0.000000000000000000e+00,-2.394185090716959008e-02,-1.322347523927902002e-01,-0.000000000000000000e+00,-0.000000000000000000e+00,-3.400644239334938979e-01,0.000000000000000000e+00,-7.641139480807421225e-02,-0.000000000000000000e+00,-0.000000000000000000e+00,-0.000000000000000000e+00,0.000000000000000000e+00,-8.650000632335509698e-02,-0.000000000000000000e+00,2.334561698085353854e+00,-0.000000000000000000e+00,-6.296765883670272235e-01,-0.000000000000000000e+00,-0.000000000000000000e+00,-0.000000000000000000e+00,-0.000000000000000000e+00,-4.961249659766885367e-01,-0.000000000000000000e+00,-0.000000000000000000e+00,0.000000000000000000e+00,-0.000000000000000000e+00,-1.669800216734592113e-01,-2.999282534672988512e-02,-4.797535321490880578e-01,-0.000000000000000000e+00,-0.000000000000000000e+00
-0.000000000000000000e+00,-0.000000000000000000e+00,-0.000000000000000000e+00,-0.000000000000000000e+00,-0.000000000000000000e+00,0.000000000000000000e+00,0.000000000000000000e+00,5.524776924462505845e-02,-3.188069638568431508e-01,-0.000000000000000000e+00,-0.000000000000000000e+00,-0.000000000000000000e+00,0.000000000000000000e+00,-1.502677187263677487e-02,0.000000000000000000e+00,-5.036863644386369021e-02,0.000000000000000000e+00,-1.034006612074099725e-02,-1.317837494135136178e-01,0.000000000000000000e+00,-0.000000000000000000e+00,-0.000000000000000000e+00,-0.000000000000000000e+00,1.423941591635681903e+00,-4.843596921063018923e-02,-1.523426674086243160e-01,-0.000000000000000000e+00,-0.000000000000000000e+00,-0.000000000000000000e+00,-0.000000000000000000e+00,-0.000000000000000000e+00,0.000000000000000000e+00,-2.456319837054297614e-02,-2.161600637879801667e-01,2.405063840124276389e-02,-0.000000000000000000e+00,0.000000000000000000e+00,-3.410917626332852191e-03,-0.000000000000000000e+00
-6.942847073177148276e-02,-1.394052911225527047e-01,-0.000000000000000000e+00,-0.000000000000000000e+00,-5.786245558837450897e-02,-0.000000000000000000e+00,0.000000000000000000e+00,0.000000000000000000e+00,-1.691557038509882149e-01,-2.658022556073209031e-01,-0.000000000000000000e+00,-0.000000000000000000e+00,0.000000000000000000e+00,-3.946638881872711890e-02,0.000000000000000000e+00,-1.521614030155395703e-01,0.000000000000000000e+00,0.000000000000000000e+00,-0.000000000000000000e+00,0.000000000000000000e+00,-2.991743770262788107e-02,-0.000000000000000000e+00,-6.296765883670272235e-01,-4.843596921063018923e-02,2.094760891026826499e+00,-0.000000000000000000e+00,-0.000000000000000000e+00,-0.000000000000000000e+00,-0.000000000000000000e+00,-2.855506260755577563e-01,-0.000000000000000000e+00,-0.000000000000000000e+00,-0.000000000000000000e+00,-0.000000000000000000e+00,-0.000000000000000000e+00,-0.000000000000000000e+00,-1.751400677560187580e-01,-0.000000000000000000e+00,-0.000000000000000000e+00
-8.151586775916645766e-03,-0.000000000000000000e+00,-0.000000000000000000e+00,-0.000000000000000000e+00,-0.000000000000000000e+00,-0.000000000000000000e+00,0.000000000000000000e+00,0.000000000000000000e+00,-0.000000000000000000e+00,-1.543122746681635238e-01,-2.606636243152326005e-01,-0.000000000000000000e+00,0.000000000000000000e+00,-1.571385685638572727e-01,0.000000000000000000e+00,-3.843661024984199592e-01,-0.000000000000000000e+00,-8.872197647830415423e-02,-2.237799844396430038e-01,0.000000000000000000e+00,-0.000000000000000000e+00,-0.000000000000000000e+00,-0.000000000000000000e+00,-1.523426674086243160e-01,-0.000000000000000000e+00,2.069443209245774185e+00,-3.529971816136857066e-01,-1.307207397142020333e-01,-2.565324743795665413e-02,-0.000000000000000000e+00,-0.000000000000000000e+00,-0.000000000000000000e+00,-0.000000000000000000e+00,-0.000000000000000000e+00,-0.000000000000000000e+00,-0.000000000000000000e+00,-0.000000000000000000e+00,-4.138041406439676995e-01,-0.000000000000000000e+00
0.000000000000000000e+00,-0.000000000000000000e+00,-0.000000000000000000e+00,0.000000000000000000e+00,-1.744020044250696108e-02,0.000000000000000000e+00,0.000000000000000000e+00,0.000000000000000000e+00,-0.000000000000000000e+00,-3.846526380578274562e-02,-0.000000000000000000e+00,-1.563858036612757740e-01,0.000000000000000000e+00,-0.000000000000000000e+00,2.214125999113864506e-03,-1.516902000817704210e-01,-0.000000000000000000e+00,-0.000000000000000000e+00,-3.510947389136347407e-01,-0.000000000000000000e+00,0.000000000000000000e+00,-0.000000000000000000e+00,-0.000000000000000000e+00,-0.000000000000000000e+00,-0.000000000000000000e+00,-3.529971816136857066e-01,1.819758429688226542e+00,-0.000000000000000000e+00,-0.000000000000000000e+00,-0.000000000000000000e+00,-3.705199957704431446e-01,-3.745098707369647340e-01,0.000000000000000000e+00,-0.000000000000000000e+00,-0.000000000000000000e+00,-0.000000000000000000e+00,-0.000000000000000000e+00,-0.000000000000000000e+00,-5.219860492007782210e-02
6.844041976933554206e-02,9.309430844181941847e-03,-3.169854177121190220e-01,-0.000000000000000000e+00,-0.000000000000000000e+00,-0.000000000000000000e+00,0.000000000000000000e+00,2.702868441102075914e-01,-0.000000000000000000e+00,-0.000000000000000000e+00,-0.000000000000000000e+00,0.000000000000000000e+00,2.734273775682244945e-01,-0.000000000000000000e+00,1.801687382122618697e-01,-0.000000000000000000e+00,-0.000000000000000000e+00,-0.000000000000000000e+00,-0.000000000000000000e+00,-0.000000000000000000e+00,0.000000000000000000e+00,-0.000000000000000000e+00,-0.000000000000000000e+00,-0.000000000000000000e+00,-0.000000000000000000e+00,-1.307207397142020333e-01,-0.000000000000000000e+00,1.667912712034257172e+00,0.000000000000000000e+00,-0.000000000000000000e+00,-2.690106844644184481e-01,-0.000000000000000000e+00,-3.144748689241887996e-01,-0.000000000000000000e+00,-0.000000000000000000e+00,-0.000000000000000000e+00,0.000000000000000000e+00,-0.000000000000000000e+00,0.000000000000000000e+00
-0.000000000000000000e+00,-1.983071214757540501e-01,0.000000000000000000e+00,0.000000000000000000e+00,-0.000000000000000000e+00,0.000000000000000000e+00,0.000000000000000000e+00,-0.000000000000000000e+00,-0.000000000000000000e+00,-0.000000000000000000e+00,-1.052947053561939794e-01,-2.284896801397759136e-01,-0.000000000000000000e+00,-2.121726550797349564e-01,-0.000000000000000000e+00,-0.000000000000000000e+00,-0.000000000000000000e+00,0.000000000000000000e+00,-0.000000000000000000e+00,-0.000000000000000000e+00,-0.000000000000000000e+00,-2.916192385305979573e-02,-0.000000000000000000e+00,-0.000000000000000000e+00,-0.000000000000000000e+00,-2.565324743795665413e-02,-0.000000000000000000e+00,0.000000000000000000e+00,1.422974051966596765e+00,-0.000000000000000000e+00,0.000000000000000000e+00,-0.000000000000000000e+00,0.000000000000000000e+00,0.000000000000000000e+00,-0.000000000000000000e+00,-0.000000000000000000e+00,-3.116549739451804357e-01,-0.000000000000000000e+00,-1.064443152790800901e-01
-0.000000000000000000e+00,-0.000000000000000000e+00,-0.000000000000000000e+00,-0.000000000000000000e+00,-1.614091181043909862e-01,-0.000000000000000000e+00,-0.000000000000000000e+00,0.000000000000000000e+00,-0.000000000000000000e+00,-7.404550731649975903e-01,-0.000000000000000000e+00,0.000000000000000000e+00,-0.000000000000000000e+00,-1.355667725927971745e-01,3.088252522462537480e-02,-3.390068475251122315e-01,-0.000000000000000000e+00,0.000000000000000000e+00,-0.000000000000000000e+00,0.000000000000000000e+00,-0.000000000000000000e+00,-0.000000000000000000e+00,-4.961249659766885367e-01,-0.000000000000000000e+00,-2.855506260755577563e-01,-0.000000000000000000e+00,-0.000000000000000000e+00,-0.000000000000000000e+00,-0.000000000000000000e+00,2.325883844633889641e+00,-0.000000000000000000e+00,-3.777041038953550534e-02,0.000000000000000000e+00,-0.000000000000000000e+00,-0.000000000000000000e+00,-0.000000000000000000e+00,-0.000000000000000000e+00,-0.000000000000000000e+00,-0.000000000000000000e+00
0.000000000000000000e+00,-0.000000000000000000e+00,-2.828605059889913176e-01,-0.000000000000000000e+00,-0.000000000000000000e+00,0.000000000000000000e+00,-0.000000000000000000e+00,7.013098676744874971e-02,0.000000000000000000e+00,-0.000000000000000000e+00,-0.000000000000000000e+00,-0.000000000000000000e+00,3.538454787844992344e-01,-0.000000000000000000e+00,0.000000000000000000e+00,-0.000000000000000000e+00,0.000000000000000000e+00,0.000000000000000000e+00,-0.000000000000000000e+00,-4.991740998360733039e-02,0.000000000000000000e+00,-6.328498432197890433e-02,-0.000000000000000000e+00,-0.000000000000000000e+00,-0.000000000000000000e+00,-0.000000000000000000e+00,-3.705199957704431446e-01,-2.690106844644184481e-01,0.000000000000000000e+00,-0.000000000000000000e+00,1.557792531120603119e+00,-2.458267702917618647e-02,0.000000000000000000e+00,0.000000000000000000e+00,-0.000000000000000000e+00,-0.000000000000000000e+00,-0.000000000000000000e+00,7.000321756816499374e-02,0.000000000000000000e+00
0.000000000000000000e+00,-2.534305575106184927e-01,-0.000000000000000000e+00,-0.000000000000000000e+00,-1.176873262812975635e-01,0.000000000000000000e+00,-0.000000000000000000e+00,0.000000000000000000e+00,-0.000000000000000000e+00,-1.001036028920989501e-01,-6.724470014445094179e-02,-0.000000000000000000e+00,-0.000000000000000000e+00,-2.314289157098762539e-01,1.336002501304246227e-02,-0.000000000000000000e+00,-0.000000000000000000e+00,1.453509007949365939e-01,-0.000000000000000000e+00,0.000000000000000000e+00,0.000000000000000000e+00,-0.000000000000000000e+00,-0.000000000000000000e+00,0.000000000000000000e+00,-0.000000000000000000e+00,-0.000000000000000000e+00,-3.745098707369647340e-01,-0.000000000000000000e+00,-0.000000000000000000e+00,-3.777041038953550534e-02,-2.458267702917618647e-02,1.542686390159440535e+00,0.000000000000000000e+00,0.000000000000000000e+00,-3.321571601757571015e-03,-1.805617721991818747e-01,-0.000000000000000000e+00,0.000000000000000000e+00,-0.000000000000000000e+00
-0.000000000000000000e+00,2.430701489988759678e-01,-0.000000000000000000e+00,0.000000000000000000e+00,0.000000000000000000e+00,-1.249663529212537982e-01,2.155793555498580066e-02,1.578208649852740758e-02,-0.000000000000000000e+00,-0.000000000000000000e+00,-0.000000000000000000e+00,1.690564131216580612e-01,0.000000000000000000e+00,0.000000000000000000e+00,0.000000000000000000e+00,-0.000000000000000000e+00,-0.000000000000000000e+00,-3.367820841946838617e-01,-0.000000000000000000e+00,1.324178986355488592e-02,-1.465679472379082804e-01,0.000000000000000000e+00,0.000000000000000000e+00,-2.456319837054297614e-02,-0.000000000000000000e+00,-0.000000000000000000e+00,0.000000000000000000e+00,-3.144748689241887996e-01,0.000000000000000000e+00,0.000000000000000000e+00,0.000000000000000000e+00,0.000000000000000000e+00,1.333541056601780683e+00,-7.312483901629511507e-02,0.000000000000000000e+00,4.205538735366724790e-02,0.000000000000000000e+00,-0.000000000000000000e+00,0.000000000000000000e+00
-0.000000000000000000e+00,0.000000000000000000e+00,-4.319032325768400182e-02,-0.000000000000000000e+00,-2.670281806024129567e-01,0.000000000000000000e+00,4.100581023922064694e-02,1.992470535330269077e-01,-9.217622318273791526e-01,-0.000000000000000000e+00,0.000000000000000000e+00,-0.000000000000000000e+00,0.000000000000000000e+00,-0.000000000000000000e+00,0.000000000000000000e+00,-0.000000000000000000e+00,2.436970729943388481e-01,-2.050521058948890085e-01,-3.020608295948023492e-01,1.981761043811492221e-02,-6.006600119577434893e-02,-0.000000000000000000e+00,-0.000000000000000000e+00,-2.161600637879801667e-01,-0.000000000000000000e+00,-0.000000000000000000e+00,-0.000000000000000000e+00,-0.000000000000000000e+00,0.000000000000000000e+00,-0.000000000000000000e+00,0.000000000000000000e+00,0.000000000000000000e+00,-7.312483901629511507e-02,2.328557379600459498e+00,6.959229153670089263e-02,0.000000000000000000e+00,0.000000000000000000e+00,-0.000000000000000000e+00,-0.000000000000000000e+00
0.000000000000000000e+00,-0.000000000000000000e+00,0.000000000000000000e+00,0.000000000000000000e+00,-0.000000000000000000e+00,-2.694041944520831899e-01,-0.000000000000000000e+00,-0.000000000000000000e+00,1.171108646406699913e-02,-0.000000000000000000e+00,-0.000000000000000000e+00,0.000000000000000000e+00,-0.000000000000000000e+00,-0.000000000000000000e+00,0.000000000000000000e+00,0.000000000000000000e+00,-6.967746470391524838e-01,7.478371851712206642e-02,0.000000000000000000e+00,0.000000000000000000e+00,-0.000000000000000000e+00,0.000000000000000000e+00,-1.669800216734592113e-01,2.405063840124276389e-02,-0.000000000000000000e+00,-0.000000000000000000e+00,-0.000000000000000000e+00,-0.000000000000000000e+00,-0.000000000000000000e+00,-0.000000000000000000e+00,-0.000000000000000000e+00,-3.321571601757571015e-03,0.000000000000000000e+00,6.959229153670089263e-02,1.835659275660111778e+00,-6.437725531971676129e-02,-4.837424506545934810e-01,0.000000000000000000e+00,0.000000000000000000e+00
-0.000000000000000000e+00,-3.050347116534667113e-02,0.000000000000000000e+00,-0.000000000000000000e+00,-0.000000000000000000e+00,-0.000000000000000000e+00,-0.000000000000000000e+00,-0.000000000000000000e+00,0.000000000000000000e+00,-2.615278676901774263e-02,-3.445622509301273229e-01,-0.000000000000000000e+00,0.000000000000000000e+00,-2.539598658522962960e-01,0.000000000000000000e+00,-0.000000000000000000e+00,-7.698151712252677970e-02,0.000000000000000000e+00,-0.000000000000000000e+00,-0.000000000000000000e+00,-0.000000000000000000e+00,-0.000000000000000000e+00,-2.999282534672988512e-02,-0.000000000000000000e+00,-0.000000000000000000e+00,-0.000000000000000000e+00,-0.000000000000000000e+00,-0.000000000000000000e+00,-0.000000000000000000e+00,-0.000000000000000000e+00,-0.000000000000000000e+00,-1.805617721991818747e-01,4.205538735366724790e-02,0.000000000000000000e+00,-6.437725531971676129e-02,1.511757284660105727e+00,-2.767563019650834955e-01,-0.000000000000000000e+00,-0.000000000000000000e+00
-0.000000000000000000e+00,-4.849775960518130230e-02,0.000000000000000000e+00,0.000000000000000000e+00,-0.000000000000000000e+00,-0.000000000000000000e+00,0.000000000000000000e+00,-0.000000000000000000e+00,-0.000000000000000000e+00,-0.000000000000000000e+00,-1.995405252923184158e-01,-0.000000000000000000e+00,-0.000000000000000000e+00,-0.000000000000000000e+00,-0.000000000000000000e+00,-0.000000000000000000e+00,-0.000000000000000000e+00,0.000000000000000000e+00,0.000000000000000000e+00,0.000000000000000000e+00,-0.000000000000000000e+00,-0.000000000000000000e+00,-4.797535321490880578e-01,0.000000000000000000e+00,-1.751400677560187580e-01,-0.000000000000000000e+00,-0.000000000000000000e+00,0.000000000000000000e+00,-3.116549739451804357e-01,-0.000000000000000000e+00,-0.000000000000000000e+00,-0.000000000000000000e+00,0.000000000000000000e+00,0.000000000000000000e+00,-4.837424506545934810e-01,-2.767563019650834955e-01,1.917858195521493947e+00,-0.000000000000000000e+00,-0.000000000000000000e+00
-0.000000000000000000e+00,-0.000000000000000000e+00,0.000000000000000000e+00,-0.000000000000000000e+00,-0.000000000000000000e+00,-0.000000000000000000e+00,8.194291061673776577e-02,-0.000000000000000000e+00,-0.000000000000000000e+00,-0.000000000000000000e+00,-6.910410847334004514e-02,-0.000000000000000000e+00,-0.000000000000000000e+00,-0.000000000000000000e+00,0.000000000000000000e+00,-0.000000000000000000e+00,-0.000000000000000000e+00,-3.523584822081732293e-01,-0.000000000000000000e+00,0.000000000000000000e+00,-5.890328795249036298e-02,-0.000000000000000000e+00,-0.000000000000000000e+00,-3.410917626332852191e-03,-0.000000000000000000e+00,-4.138041406439676995e-01,-0.000000000000000000e+00,-0.000000000000000000e+00,-0.000000000000000000e+00,-0.000000000000000000e+00,7.000321756816499374e-02,0.000000000000000000e+00,-0.000000000000000000e+00,-0.000000000000000000e+00,0.000000000000000000e+00,-0.000000000000000000e+00,-0.000000000000000000e+00,1.570606658725469673e+00,-3.885818300187858787e-01
-0.000000000000000000e+00,-1.823145965653497624e-01,0.000000000000000000e+00,-0.000000000000000000e+00,-0.000000000000000000e+00,0.000000000000000000e+00,5.589684422979396966e-02,-0.000000000000000000e+00,-3.990169679806997993e-01,-0.000000000000000000e+00,-0.000000000000000000e+00,-7.267658736865999503e-01,-0.000000000000000000e+00,-0.000000000000000000e+00,-0.000000000000000000e+00,-0.000000000000000000e+00,0.000000000000000000e+00,-0.000000000000000000e+00,-1.476063408093865881e-01,0.000000000000000000e+00,-0.000000000000000000e+00,-8.634088428985924740e-03,-0.000000000000000000e+00,-0.000000000000000000e+00,-0.000000000000000000e+00,-0.000000000000000000e+00,-5.219860492007782210e-02,0.000000000000000000e+00,-1.064443152790800901e-01,-0.000000000000000000e+00,0.000000000000000000e+00,-0.000000000000000000e+00,0.000000000000000000e+00,-0.000000000000000000e+00,0.000000000000000000e+00,-0.000000000000000000e+00,-0.000000000000000000e+00,-3.885818300187858787e-01,1.991575083795916523e+00
