1.770575476554315353e+00,-7.180125689513489062e-01,-0.000000000000000000e+00,0.000000000000000000e+00,-0.000000000000000000e+00,0.000000000000000000e+00,-0.000000000000000000e+00,0.000000000000000000e+00,-0.000000000000000000e+00,-0.000000000000000000e+00,-0.000000000000000000e+00,0.000000000000000000e+00,0.000000000000000000e+00,-0.000000000000000000e+00,-0.000000000000000000e+00,-0.000000000000000000e+00,-0.000000000000000000e+00,-0.000000000000000000e+00,-1.029827724450319282e-01,0.000000000000000000e+00,-0.000000000000000000e+00,0.000000000000000000e+00,-0.000000000000000000e+00,-0.000000000000000000e+00,-0.000000000000000000e+00,-2.952157906977541102e-01,-0.000000000000000000e+00,-0.000000000000000000e+00,-2.170811043884456754e-02,-4.058894384493281215e-01,-8.657239334772003081e-02,-0.000000000000000000e+00,-0.000000000000000000e+00,-0.000000000000000000e+00,-0.000000000000000000e+00,-0.000000000000000000e+00,-7.819202213146919656e-02,-0.000000000000000000e+00,-0.000000000000000000e+00
-7.180125689513489062e-01,1.887075157357164690e+00,-8.164017014312976994e-02,-0.000000000000000000e+00,-0.000000000000000000e+00,-0.000000000000000000e+00,0.000000000000000000e+00,0.000000000000000000e+00,-3.757371624604089605e-02,-2.630623410263679407e-01,-5.387728512851735346e-02,-0.000000000000000000e+00,0.000000000000000000e+00,-0.000000000000000000e+00,0.000000000000000000e+00,-3.101657547765250822e-01,-0.000000000000000000e+00,-0.000000000000000000e+00,-0.000000000000000000e+00,-0.000000000000000000e+00,-0.000000000000000000e+00,-0.000000000000000000e+00,-6.435789731293431459e-02,-0.000000000000000000e+00,-0.000000000000000000e+00,-1.275192312991888788e-01,-0.000000000000000000e+00,-0.000000000000000000e+00,-0.000000000000000000e+00,-0.000000000000000000e+00,-0.000000000000000000e+00,-0.000000000000000000e+00,0.000000000000000000e+00,-0.000000000000000000e+00,0.000000000000000000e+00,0.000000000000000000e+00,-5.292174605202959459e-02,-2.388284518016926122e-02,-1.765107272371985447e-01
-0.000000000000000000e+00,-8.164017014312976994e-02,2.251283175990048679e+00,-0.000000000000000000e+00,-1.922180854805946304e-01,-0.000000000000000000e+00,0.000000000000000000e+00,1.167879302828633392e+00,-0.000000000000000000e+00,-3.974547023416626079e-02,-0.000000000000000000e+00,-0.000000000000000000e+00,0.000000000000000000e+00,-8.750948471296808584e-02,0.000000000000000000e+00,-4.846306500960145813e-02,-0.000000000000000000e+00,-0.000000000000000000e+00,-1.871457444312376039e-01,-0.000000000000000000e+00,-2.676435352472085125e-02,-0.000000000000000000e+00,-1.540487909726876575e-02,-0.000000000000000000e+00,-3.758913968751347728e-02,-0.000000000000000000e+00,-0.000000000000000000e+00,-0.000000000000000000e+00,-0.000000000000000000e+00,-1.880993482243854542e-01,-0.000000000000000000e+00,-0.000000000000000000e+00,-0.000000000000000000e+00,-1.629811204811654757e-01,-0.000000000000000000e+00,-0.000000000000000000e+00,-1.211320788597121910e-02,-0.000000000000000000e+00,-3.474135769740721580e-02
0.000000000000000000e+00,-0.000000000000000000e+00,-0.000000000000000000e+00,2.708202000527580200e+00,0.000000000000000000e+00,-7.762304487501961447e-02,3.205160369203327586e-01,0.000000000000000000e+00,-0.000000000000000000e+00,-0.000000000000000000e+00,-0.000000000000000000e+00,-3.147214315616798652e-01,9.547613835026688700e-02,-0.000000000000000000e+00,1.549934802712227555e-01,-0.000000000000000000e+00,-0.000000000000000000e+00,-2.650661380342467233e-01,0.000000000000000000e+00,-3.890046540733514413e-01,-9.168224447963466139e-02,-3.712571560129666604e-01,-0.000000000000000000e+00,-2.785712421984701259e-02,-0.000000000000000000e+00,0.000000000000000000e+00,0.000000000000000000e+00,0.000000000000000000e+00,1.612209774612573601e-02,0.000000000000000000e+00,1.572043347391944013e-01,0.000000000000000000e+00,3.385900569755589395e-01,-0.000000000000000000e+00,2.640188269810337940e-01,1.366132594299604153e-01,0.000000000000000000e+00,-0.000000000000000000e+00,-0.000000000000000000e+00
-0.000000000000000000e+00,-0.000000000000000000e+00,-1.922180854805946304e-01,0.000000000000000000e+00,1.766415017302003676e+00,0.000000000000000000e+00,-0.000000000000000000e+00,9.236769145368368961e-02,-0.000000000000000000e+00,-0.000000000000000000e+00,0.000000000000000000e+00,-0.000000000000000000e+00,-0.000000000000000000e+00,-2.006811071843959959e-01,-4.408260646231423885e-02,-0.000000000000000000e+00,0.000000000000000000e+00,0.000000000000000000e+00,-8.183225396869797663e-02,0.000000000000000000e+00,0.000000000000000000e+00,0.000000000000000000e+00,-0.000000000000000000e+00,-0.000000000000000000e+00,-0.000000000000000000e+00,-0.000000000000000000e+00,-0.000000000000000000e+00,-7.154076172445346382e-02,-0.000000000000000000e+00,-2.601688046599499038e-01,-1.111996220916828954e-01,-0.000000000000000000e+00,-4.504699649160295860e-01,-4.648228919448258445e-01,-0.000000000000000000e+00,-1.658244466001630446e-01,-0.000000000000000000e+00,-0.000000000000000000e+00,-0.000000000000000000e+00
0.000000000000000000e+00,-0.000000000000000000e+00,-0.000000000000000000e+00,-7.762304487501961447e-02,0.000000000000000000e+00,1.811733172540838099e+00,2.307525416170733978e-01,0.000000000000000000e+00,-0.000000000000000000e+00,-0.000000000000000000e+00,-2.949595969503088777e-01,-0.000000000000000000e+00,0.000000000000000000e+00,-0.000000000000000000e+00,2.685569801068252160e-01,-0.000000000000000000e+00,-4.054374123945500563e-01,-0.000000000000000000e+00,0.000000000000000000e+00,-5.487803319498364002e-02,-1.111210518970877498e-01,-8.001187227556730286e-02,-0.000000000000000000e+00,-0.000000000000000000e+00,-0.000000000000000000e+00,0.000000000000000000e+00,0.000000000000000000e+00,0.000000000000000000e+00,0.000000000000000000e+00,0.000000000000000000e+00,0.000000000000000000e+00,-0.000000000000000000e+00,2.349237531583427963e-01,0.000000000000000000e+00,0.000000000000000000e+00,0.000000000000000000e+00,0.000000000000000000e+00,-0.000000000000000000e+00,-0.000000000000000000e+00
-0.000000000000000000e+00,0.000000000000000000e+00,0.000000000000000000e+00,3.205160369203327586e-01,-0.000000000000000000e+00,2.307525416170733978e-01,2.267938807899545939e+00,-0.000000000000000000e+00,0.000000000000000000e+00,0.000000000000000000e+00,0.000000000000000000e+00,2.179174642223149494e-01,-3.705622985799159053e-01,0.000000000000000000e+00,-0.000000000000000000e+00,0.000000000000000000e+00,0.000000000000000000e+00,0.000000000000000000e+00,-0.000000000000000000e+00,1.776595871126338821e-01,8.894463197935210952e-02,8.682373684887084719e-02,0.000000000000000000e+00,0.000000000000000000e+00,0.000000000000000000e+00,-0.000000000000000000e+00,-0.000000000000000000e+00,-3.987880180506272326e-02,-8.993903000915833001e-02,-0.000000000000000000e+00,-1.542575369659772155e-01,-0.000000000000000000e+00,-2.611435085658906918e-01,0.000000000000000000e+00,-2.979105175296360986e-01,-1.584864896810598417e-02,-0.000000000000000000e+00,0.000000000000000000e+00,0.000000000000000000e+00
0.000000000000000000e+00,0.000000000000000000e+00,1.167879302828633392e+00,0.000000000000000000e+00,9.236769145368368961e-02,0.000000000000000000e+00,-0.000000000000000000e+00,2.166607132697918381e+00,0.000000000000000000e+00,2.417448437723936083e-02,0.000000000000000000e+00,0.000000000000000000e+00,-0.000000000000000000e+00,1.360049507464637097e-01,-0.000000000000000000e+00,5.804166578807991306e-02,0.000000000000000000e+00,0.000000000000000000e+00,7.958514644508014879e-02,0.000000000000000000e+00,1.660199908418457104e-01,0.000000000000000000e+00,6.532566348115610710e-02,0.000000000000000000e+00,3.963635087362938486e-02,0.000000000000000000e+00,0.000000000000000000e+00,0.000000000000000000e+00,0.000000000000000000e+00,8.569925940138362064e-02,0.000000000000000000e+00,0.000000000000000000e+00,0.000000000000000000e+00,1.563996653466269982e-01,0.000000000000000000e+00,0.000000000000000000e+00,0.000000000000000000e+00,0.000000000000000000e+00,3.856770475782456825e-02
-0.000000000000000000e+00,-3.757371624604089605e-02,-0.000000000000000000e+00,-0.000000000000000000e+00,-0.000000000000000000e+00,-0.000000000000000000e+00,0.000000000000000000e+00,0.000000000000000000e+00,2.484844108420001696e+00,-2.079728926285423843e-02,-0.000000000000000000e+00,-2.094650082272049296e-01,1.685412723170713056e-01,-8.089335330576692684e-02,0.000000000000000000e+00,-3.640852284265472250e-02,-1.653987408050255903e-02,-2.516834839836968873e-01,-0.000000000000000000e+00,-2.142459450247559127e-01,-1.363696660151366702e-01,-1.099218801576070659e-01,-1.449458066180913107e-01,-8.087063272942067449e-02,-9.651387569450874462e-03,-0.000000000000000000e+00,0.000000000000000000e+00,0.000000000000000000e+00,0.000000000000000000e+00,-0.000000000000000000e+00,0.000000000000000000e+00,0.000000000000000000e+00,0.000000000000000000e+00,-0.000000000000000000e+00,0.000000000000000000e+00,0.000000000000000000e+00,-0.000000000000000000e+00,-5.052355139032375098e-01,-5.829914214715764542e-01
-0.000000000000000000e+00,-2.630623410263679407e-01,-3.974547023416626079e-02,-0.000000000000000000e+00,-0.000000000000000000e+00,-0.000000000000000000e+00,0.000000000000000000e+00,2.417448437723936083e-02,-2.079728926285423843e-02,2.177900623309370065e+00,-7.034344964649652532e-02,-0.000000000000000000e+00,0.000000000000000000e+00,-0.000000000000000000e+00,0.000000000000000000e+00,-5.758279072414209665e-01,-8.545345392888006181e-03,-1.890222191496593596e-01,-7.258630180874889315e-02,-0.000000000000000000e+00,-1.756479834948360408e-01,-0.000000000000000000e+00,-5.500341997925681237e-02,-0.000000000000000000e+00,-3.334587377146413512e-01,-0.000000000000000000e+00,-0.000000000000000000e+00,-0.000000000000000000e+00,-0.000000000000000000e+00,-3.017549792182716573e-02,-0.000000000000000000e+00,-0.000000000000000000e+00,0.000000000000000000e+00,-0.000000000000000000e+00,0.000000000000000000e+00,0.000000000000000000e+00,-0.000000000000000000e+00,-9.316735415774980017e-03,-3.492904516347871691e-01
-0.000000000000000000e+00,-5.387728512851735346e-02,-0.000000000000000000e+00,-0.000000000000000000e+00,0.000000000000000000e+00,-2.949595969503088777e-01,0.000000000000000000e+00,0.000000000000000000e+00,-0.000000000000000000e+00,-7.034344964649652532e-02,1.624723115965369225e+00,-0.000000000000000000e+00,0.000000000000000000e+00,-0.000000000000000000e+00,0.000000000000000000e+00,-0.000000000000000000e+00,-5.933129387745973427e-01,-0.000000000000000000e+00,0.000000000000000000e+00,-0.000000000000000000e+00,-0.000000000000000000e+00,-0.000000000000000000e+00,-0.000000000000000000e+00,-1.111784790521899990e-01,-6.499032833314639934e-02,-0.000000000000000000e+00,-0.000000000000000000e+00,-0.000000000000000000e+00,-0.000000000000000000e+00,-0.000000000000000000e+00,-0.000000000000000000e+00,-3.415009254223185242e-01,0.000000000000000000e+00,-0.000000000000000000e+00,0.000000000000000000e+00,0.000000000000000000e+00,-4.655130811078408287e-02,-0.000000000000000000e+00,-0.000000000000000000e+00
0.000000000000000000e+00,-0.000000000000000000e+00,-0.000000000000000000e+00,-3.147214315616798652e-01,-0.000000000000000000e+00,-0.000000000000000000e+00,2.179174642223149494e-01,0.000000000000000000e+00,-2.094650082272049296e-01,-0.000000000000000000e+00,-0.000000000000000000e+00,1.788041207599753157e+00,1.259466719391369727e-01,-3.098963901536301926e-02,0.000000000000000000e+00,-0.000000000000000000e+00,-0.000000000000000000e+00,-4.280109873562634032e-02,-0.000000000000000000e+00,-1.196661233964273763e-01,-5.968133181383031283e-02,-1.568726812340437704e-01,-5.675853690375068372e-02,-1.373977248065749376e-02,-1.844669996510978904e-01,0.000000000000000000e+00,0.000000000000000000e+00,0.000000000000000000e+00,0.000000000000000000e+00,-0.000000000000000000e+00,0.000000000000000000e+00,0.000000000000000000e+00,0.000000000000000000e+00,-0.000000000000000000e+00,2.585083589884763170e-03,0.000000000000000000e+00,0.000000000000000000e+00,-0.000000000000000000e+00,-6.578706612017364008e-02
0.000000000000000000e+00,0.000000000000000000e+00,0.000000000000000000e+00,9.547613835026688700e-02,-0.000000000000000000e+00,0.000000000000000000e+00,-3.705622985799159053e-01,-0.000000000000000000e+00,1.685412723170713056e-01,0.000000000000000000e+00,0.000000000000000000e+00,1.259466719391369727e-01,1.896842180176681936e+00,0.000000000000000000e+00,-6.759129926613040296e-02,0.000000000000000000e+00,0.000000000000000000e+00,1.776386037072998358e-01,0.000000000000000000e+00,2.558521729059921174e-02,2.799492964960013583e-02,0.000000000000000000e+00,2.593811200030676431e-02,0.000000000000000000e+00,0.000000000000000000e+00,0.000000000000000000e+00,-0.000000000000000000e+00,-0.000000000000000000e+00,-0.000000000000000000e+00,0.000000000000000000e+00,-0.000000000000000000e+00,-0.000000000000000000e+00,-3.668683390573088815e-02,0.000000000000000000e+00,-2.591844755813236811e-01,-5.306946867977008209e-02,-0.000000000000000000e+00,1.745282145639164006e-01,2.184535118340799886e-01
-0.000000000000000000e+00,-0.000000000000000000e+00,-8.750948471296808584e-02,-0.000000000000000000e+00,-2.006811071843959959e-01,-0.000000000000000000e+00,0.000000000000000000e+00,1.360049507464637097e-01,-8.089335330576692684e-02,-0.000000000000000000e+00,-0.000000000000000000e+00,-3.098963901536301926e-02,0.000000000000000000e+00,1.500170254818040894e+00,-0.000000000000000000e+00,-0.000000000000000000e+00,-0.000000000000000000e+00,-0.000000000000000000e+00,-0.000000000000000000e+00,-0.000000000000000000e+00,-0.000000000000000000e+00,-0.000000000000000000e+00,-1.271137022696958718e-01,-1.558921691287738220e-01,-1.288729476069257474e-01,-0.000000000000000000e+00,0.000000000000000000e+00,-0.000000000000000000e+00,-0.000000000000000000e+00,-1.064911226732359328e-01,-0.000000000000000000e+00,-0.000000000000000000e+00,-0.000000000000000000e+00,-2.593665629891272473e-01,0.000000000000000000e+00,-0.000000000000000000e+00,-0.000000000000000000e+00,-6.749951258234955509e-02,-1.594244629515396625e-02
-0.000000000000000000e+00,0.000000000000000000e+00,0.000000000000000000e+00,1.549934802712227555e-01,-4.408260646231423885e-02,2.685569801068252160e-01,-0.000000000000000000e+00,-0.000000000000000000e+00,0.000000000000000000e+00,0.000000000000000000e+00,0.000000000000000000e+00,0.000000000000000000e+00,-6.759129926613040296e-02,-0.000000000000000000e+00,1.374904815741485820e+00,0.000000000000000000e+00,3.169586418320489204e-03,2.386889430117331706e-02,-0.000000000000000000e+00,3.676203756942043877e-02,6.879477539541492548e-02,0.000000000000000000e+00,0.000000000000000000e+00,0.000000000000000000e+00,0.000000000000000000e+00,-0.000000000000000000e+00,-7.023061801734100697e-03,-3.731315915937170966e-03,-0.000000000000000000e+00,-0.000000000000000000e+00,-0.000000000000000000e+00,0.000000000000000000e+00,-1.410749799786891745e-01,-0.000000000000000000e+00,-3.052143345593619564e-02,-1.848738654288523686e-01,-0.000000000000000000e+00,0.000000000000000000e+00,0.000000000000000000e+00
-0.000000000000000000e+00,-3.101657547765250822e-01,-4.846306500960145813e-02,-0.000000000000000000e+00,-0.000000000000000000e+00,-0.000000000000000000e+00,0.000000000000000000e+00,5.804166578807991306e-02,-3.640852284265472250e-02,-5.758279072414209665e-01,-0.000000000000000000e+00,-0.000000000000000000e+00,0.000000000000000000e+00,-0.000000000000000000e+00,0.000000000000000000e+00,2.174636882663548043e+00,-0.000000000000000000e+00,-4.241964475301642223e-01,-2.040155756216939786e-01,-0.000000000000000000e+00,-0.000000000000000000e+00,-0.000000000000000000e+00,-1.508077303435982064e-01,-8.361375226755497769e-02,-2.120369942416997985e-02,-0.000000000000000000e+00,-0.000000000000000000e+00,-0.000000000000000000e+00,-0.000000000000000000e+00,-6.829470619472063908e-02,-0.000000000000000000e+00,-0.000000000000000000e+00,0.000000000000000000e+00,-0.000000000000000000e+00,0.000000000000000000e+00,0.000000000000000000e+00,-0.000000000000000000e+00,-2.325408495059509417e-01,-3.039788312930240960e-02
-0.000000000000000000e+00,-0.000000000000000000e+00,-0.000000000000000000e+00,-0.000000000000000000e+00,0.000000000000000000e+00,-4.054374123945500563e-01,0.000000000000000000e+00,0.000000000000000000e+00,-1.653987408050255903e-02,-8.545345392888006181e-03,-5.933129387745973427e-01,-0.000000000000000000e+00,0.000000000000000000e+00,-0.000000000000000000e+00,3.169586418320489204e-03,-0.000000000000000000e+00,1.844022009054302469e+00,-4.794279021414461078e-02,-0.000000000000000000e+00,-1.212646988162438405e-01,-1.910458015150655886e-01,-1.363144613513071202e-01,-0.000000000000000000e+00,-1.182614974348958070e-01,-3.945671844434930214e-02,-0.000000000000000000e+00,0.000000000000000000e+00,0.000000000000000000e+00,-0.000000000000000000e+00,-0.000000000000000000e+00,0.000000000000000000e+00,-0.000000000000000000e+00,0.000000000000000000e+00,-0.000000000000000000e+00,0.000000000000000000e+00,0.000000000000000000e+00,-0.000000000000000000e+00,-0.000000000000000000e+00,-4.838908155977890424e-02
-0.000000000000000000e+00,-0.000000000000000000e+00,-0.000000000000000000e+00,-2.650661380342467233e-01,0.000000000000000000e+00,-0.000000000000000000e+00,0.000000000000000000e+00,0.000000000000000000e+00,-2.516834839836968873e-01,-1.890222191496593596e-01,-0.000000000000000000e+00,-4.280109873562634032e-02,1.776386037072998358e-01,-0.000000000000000000e+00,2.386889430117331706e-02,-4.241964475301642223e-01,-4.794279021414461078e-02,2.251236123132812850e+00,-0.000000000000000000e+00,-1.164860469498082141e-01,-2.239092798166230081e-01,-9.693843348890647527e-02,-1.346797510940922760e-01,-6.213331619709097642e-02,-0.000000000000000000e+00,-0.000000000000000000e+00,0.000000000000000000e+00,0.000000000000000000e+00,0.000000000000000000e+00,-0.000000000000000000e+00,0.000000000000000000e+00,-0.000000000000000000e+00,0.000000000000000000e+00,0.000000000000000000e+00,0.000000000000000000e+00,0.000000000000000000e+00,-0.000000000000000000e+00,-2.618898019184812131e-01,-0.000000000000000000e+00
-1.029827724450319282e-01,-0.000000000000000000e+00,-1.871457444312376039e-01,0.000000000000000000e+00,-8.183225396869797663e-02,0.000000000000000000e+00,-0.000000000000000000e+00,7.958514644508014879e-02,-0.000000000000000000e+00,-7.258630180874889315e-02,0.000000000000000000e+00,-0.000000000000000000e+00,0.000000000000000000e+00,-0.000000000000000000e+00,-0.000000000000000000e+00,-2.040155756216939786e-01,-0.000000000000000000e+00,-0.000000000000000000e+00,1.413845599853951640e+00,-0.000000000000000000e+00,-0.000000000000000000e+00,-0.000000000000000000e+00,-1.387040769711501628e-02,-0.000000000000000000e+00,-0.000000000000000000e+00,-0.000000000000000000e+00,-0.000000000000000000e+00,-3.868856235230410529e-02,-0.000000000000000000e+00,-3.184318351367897426e-01,-0.000000000000000000e+00,-0.000000000000000000e+00,-0.000000000000000000e+00,-0.000000000000000000e+00,-0.000000000000000000e+00,-0.000000000000000000e+00,-0.000000000000000000e+00,-1.927002475145231245e-03,-0.000000000000000000e+00
0.000000000000000000e+00,-0.000000000000000000e+00,-0.000000000000000000e+00,-3.890046540733514413e-01,0.000000000000000000e+00,-5.487803319498364002e-02,1.776595871126338821e-01,0.000000000000000000e+00,-2.142459450247559127e-01,-0.000000000000000000e+00,-0.000000000000000000e+00,-1.196661233964273763e-01,2.558521729059921174e-02,-0.000000000000000000e+00,3.676203756942043877e-02,-0.000000000000000000e+00,-1.212646988162438405e-01,-1.164860469498082141e-01,-0.000000000000000000e+00,2.620625496232067420e+00,-4.154501222518223735e-01,-6.270713298237431399e-01,-0.000000000000000000e+00,-1.047465946179070156e-01,-3.075101164315757057e-02,0.000000000000000000e+00,0.000000000000000000e+00,0.000000000000000000e+00,0.000000000000000000e+00,-0.000000000000000000e+00,0.000000000000000000e+00,0.000000000000000000e+00,9.233846685000204890e-02,-0.000000000000000000e+00,2.059967422598366904e-01,0.000000000000000000e+00,0.000000000000000000e+00,-0.000000000000000000e+00,-0.000000000000000000e+00
-0.000000000000000000e+00,-0.000000000000000000e+00,-2.676435352472085125e-02,-9.168224447963466139e-02,0.000000000000000000e+00,-1.111210518970877498e-01,8.894463197935210952e-02,1.660199908418457104e-01,-1.363696660151366702e-01,-1.756479834948360408e-01,-0.000000000000000000e+00,-5.968133181383031283e-02,2.799492964960013583e-02,-0.000000000000000000e+00,6.879477539541492548e-02,-0.000000000000000000e+00,-1.910458015150655886e-01,-2.239092798166230081e-01,-0.000000000000000000e+00,-4.154501222518223735e-01,2.426651559657492907e+00,-4.691424018534792739e-01,-0.000000000000000000e+00,-1.076263469244115312e-01,-9.369221849181276485e-02,0.000000000000000000e+00,0.000000000000000000e+00,0.000000000000000000e+00,0.000000000000000000e+00,-0.000000000000000000e+00,0.000000000000000000e+00,-0.000000000000000000e+00,0.000000000000000000e+00,-0.000000000000000000e+00,4.195587593807315746e-02,0.000000000000000000e+00,0.000000000000000000e+00,-0.000000000000000000e+00,-1.539667644831945736e-01
0.000000000000000000e+00,-0.000000000000000000e+00,-0.000000000000000000e+00,-3.712571560129666604e-01,0.000000000000000000e+00,-8.001187227556730286e-02,8.682373684887084719e-02,0.000000000000000000e+00,-1.099218801576070659e-01,-0.000000000000000000e+00,-0.000000000000000000e+00,-1.568726812340437704e-01,0.000000000000000000e+00,-0.000000000000000000e+00,0.000000000000000000e+00,-0.000000000000000000e+00,-1.363144613513071202e-01,-9.693843348890647527e-02,-0.000000000000000000e+00,-6.270713298237431399e-01,-4.691424018534792739e-01,2.546531729761046137e+00,-0.000000000000000000e+00,-1.171543530677700701e-01,-5.193620304627460244e-02,0.000000000000000000e+00,0.000000000000000000e+00,0.000000000000000000e+00,0.000000000000000000e+00,-0.000000000000000000e+00,1.780238269157196490e-02,0.000000000000000000e+00,1.198150272244547926e-01,-0.000000000000000000e+00,1.794642118143468523e-01,0.000000000000000000e+00,0.000000000000000000e+00,-0.000000000000000000e+00,-0.000000000000000000e+00
-0.000000000000000000e+00,-6.435789731293431459e-02,-1.540487909726876575e-02,-0.000000000000000000e+00,-0.000000000000000000e+00,-0.000000000000000000e+00,0.000000000000000000e+00,6.532566348115610710e-02,-1.449458066180913107e-01,-5.500341997925681237e-02,-0.000000000000000000e+00,-5.675853690375068372e-02,2.593811200030676431e-02,-1.271137022696958718e-01,0.000000000000000000e+00,-1.508077303435982064e-01,-0.000000000000000000e+00,-1.346797510940922760e-01,-1.387040769711501628e-02,-0.000000000000000000e+00,-0.000000000000000000e+00,-0.000000000000000000e+00,1.743031747110005636e+00,-1.893890878135269795e-01,-3.633188654570170262e-01,-0.000000000000000000e+00,-0.000000000000000000e+00,-0.000000000000000000e+00,-0.000000000000000000e+00,-7.007405531404069243e-02,-0.000000000000000000e+00,-0.000000000000000000e+00,0.000000000000000000e+00,-0.000000000000000000e+00,0.000000000000000000e+00,0.000000000000000000e+00,-0.000000000000000000e+00,-1.684746507354366873e-01,-0.000000000000000000e+00
-0.000000000000000000e+00,-0.000000000000000000e+00,-0.000000000000000000e+00,-2.785712421984701259e-02,-0.000000000000000000e+00,-0.000000000000000000e+00,0.000000000000000000e+00,0.000000000000000000e+00,-8.087063272942067449e-02,-0.000000000000000000e+00,-1.111784790521899990e-01,-1.373977248065749376e-02,0.000000000000000000e+00,-1.558921691287738220e-01,0.000000000000000000e+00,-8.361375226755497769e-02,-1.182614974348958070e-01,-6.213331619709097642e-02,-0.000000000000000000e+00,-1.047465946179070156e-01,-1.076263469244115312e-01,-1.171543530677700701e-01,-1.893890878135269795e-01,1.525707656205016693e+00,-1.525707013887590280e-01,-0.000000000000000000e+00,0.000000000000000000e+00,0.000000000000000000e+00,0.000000000000000000e+00,-0.000000000000000000e+00,0.000000000000000000e+00,-0.000000000000000000e+00,0.000000000000000000e+00,-0.000000000000000000e+00,0.000000000000000000e+00,0.000000000000000000e+00,-0.000000000000000000e+00,-0.000000000000000000e+00,-0.000000000000000000e+00
-0.000000000000000000e+00,-0.000000000000000000e+00,-3.758913968751347728e-02,-0.000000000000000000e+00,-0.000000000000000000e+00,-0.000000000000000000e+00,0.000000000000000000e+00,3.963635087362938486e-02,-9.651387569450874462e-03,-3.334587377146413512e-01,-6.499032833314639934e-02,-1.844669996510978904e-01,0.000000000000000000e+00,-1.288729476069257474e-01,0.000000000000000000e+00,-2.120369942416997985e-02,-3.945671844434930214e-02,-0.000000000000000000e+00,-0.000000000000000000e+00,-3.075101164315757057e-02,-9.369221849181276485e-02,-5.193620304627460244e-02,-3.633188654570170262e-01,-1.525707013887590280e-01,1.816103245642842312e+00,-0.000000000000000000e+00,-0.000000000000000000e+00,-0.000000000000000000e+00,0.000000000000000000e+00,-6.969633382673530442e-02,0.000000000000000000e+00,-0.000000000000000000e+00,0.000000000000000000e+00,-0.000000000000000000e+00,0.000000000000000000e+00,0.000000000000000000e+00,-0.000000000000000000e+00,-0.000000000000000000e+00,-1.627701445710025563e-01
-2.952157906977541102e-01,-1.275192312991888788e-01,-0.000000000000000000e+00,0.000000000000000000e+00,-0.000000000000000000e+00,0.000000000000000000e+00,-0.000000000000000000e+00,0.000000000000000000e+00,-0.000000000000000000e+00,-0.000000000000000000e+00,-0.000000000000000000e+00,0.000000000000000000e+00,0.000000000000000000e+00,-0.000000000000000000e+00,-0.000000000000000000e+00,-0.000000000000000000e+00,-0.000000000000000000e+00,-0.000000000000000000e+00,-0.000000000000000000e+00,0.000000000000000000e+00,0.000000000000000000e+00,0.000000000000000000e+00,-0.000000000000000000e+00,-0.000000000000000000e+00,-0.000000000000000000e+00,1.890829063057636539e+00,-4.153482653638589372e-01,-4.905793233788555141e-01,-2.169287252958105594e-01,-0.000000000000000000e+00,-1.082521710525833764e-01,-2.123544493014589141e-01,-0.000000000000000000e+00,-0.000000000000000000e+00,-0.000000000000000000e+00,-0.000000000000000000e+00,-4.410463241709471766e-02,-0.000000000000000000e+00,-0.000000000000000000e+00
-0.000000000000000000e+00,-0.000000000000000000e+00,-0.000000000000000000e+00,0.000000000000000000e+00,-0.000000000000000000e+00,0.000000000000000000e+00,-0.000000000000000000e+00,0.000000000000000000e+00,0.000000000000000000e+00,-0.000000000000000000e+00,-0.000000000000000000e+00,0.000000000000000000e+00,-0.000000000000000000e+00,0.000000000000000000e+00,-7.023061801734100697e-03,-0.000000000000000000e+00,0.000000000000000000e+00,0.000000000000000000e+00,-0.000000000000000000e+00,0.000000000000000000e+00,0.000000000000000000e+00,0.000000000000000000e+00,-0.000000000000000000e+00,0.000000000000000000e+00,-0.000000000000000000e+00,-4.153482653638589372e-01,1.937145566280416009e+00,-3.702543620156044102e-01,-5.694296916496452421e-02,-0.000000000000000000e+00,-6.227848952987845577e-01,-0.000000000000000000e+00,-0.000000000000000000e+00,-0.000000000000000000e+00,-3.982426775867770746e-02,-0.000000000000000000e+00,-1.832112556285012961e-01,0.000000000000000000e+00,0.000000000000000000e+00
-0.000000000000000000e+00,-0.000000000000000000e+00,-0.000000000000000000e+00,0.000000000000000000e+00,-7.154076172445346382e-02,0.000000000000000000e+00,-3.987880180506272326e-02,0.000000000000000000e+00,0.000000000000000000e+00,-0.000000000000000000e+00,-0.000000000000000000e+00,0.000000000000000000e+00,-0.000000000000000000e+00,-0.000000000000000000e+00,-3.731315915937170966e-03,-0.000000000000000000e+00,0.000000000000000000e+00,0.000000000000000000e+00,-3.868856235230410529e-02,0.000000000000000000e+00,0.000000000000000000e+00,0.000000000000000000e+00,-0.000000000000000000e+00,0.000000000000000000e+00,-0.000000000000000000e+00,-4.905793233788555141e-01,-3.702543620156044102e-01,1.992373825134019727e+00,-7.690420498614518319e-02,-0.000000000000000000e+00,-4.272631828038932489e-01,-4.915029975505620652e-02,-9.808847594664288350e-02,-0.000000000000000000e+00,-1.237626241796487420e-01,-0.000000000000000000e+00,-1.550874076724853001e-01,-0.000000000000000000e+00,0.000000000000000000e+00
-2.170811043884456754e-02,-0.000000000000000000e+00,-0.000000000000000000e+00,1.612209774612573601e-02,-0.000000000000000000e+00,0.000000000000000000e+00,-8.993903000915833001e-02,0.000000000000000000e+00,0.000000000000000000e+00,-0.000000000000000000e+00,-0.000000000000000000e+00,0.000000000000000000e+00,-0.000000000000000000e+00,-0.000000000000000000e+00,-0.000000000000000000e+00,-0.000000000000000000e+00,-0.000000000000000000e+00,0.000000000000000000e+00,-0.000000000000000000e+00,0.000000000000000000e+00,0.000000000000000000e+00,0.000000000000000000e+00,-0.000000000000000000e+00,0.000000000000000000e+00,0.000000000000000000e+00,-2.169287252958105594e-01,-5.694296916496452421e-02,-7.690420498614518319e-02,1.927350627493600532e+00,-0.000000000000000000e+00,-2.753255581448676437e-01,-3.313664217152288427e-01,-0.000000000000000000e+00,-0.000000000000000000e+00,-3.249867543142617721e-01,-0.000000000000000000e+00,-4.825570030787725284e-01,0.000000000000000000e+00,0.000000000000000000e+00
-4.058894384493281215e-01,-0.000000000000000000e+00,-1.880993482243854542e-01,0.000000000000000000e+00,-2.601688046599499038e-01,0.000000000000000000e+00,-0.000000000000000000e+00,8.569925940138362064e-02,-0.000000000000000000e+00,-3.017549792182716573e-02,-0.000000000000000000e+00,-0.000000000000000000e+00,0.000000000000000000e+00,-1.064911226732359328e-01,-0.000000000000000000e+00,-6.829470619472063908e-02,-0.000000000000000000e+00,-0.000000000000000000e+00,-3.184318351367897426e-01,-0.000000000000000000e+00,-0.000000000000000000e+00,-0.000000000000000000e+00,-7.007405531404069243e-02,-0.000000000000000000e+00,-6.969633382673530442e-02,-0.000000000000000000e+00,-0.000000000000000000e+00,-0.000000000000000000e+00,-0.000000000000000000e+00,1.905556561328444642e+00,-0.000000000000000000e+00,0.000000000000000000e+00,-0.000000000000000000e+00,-0.000000000000000000e+00,-0.000000000000000000e+00,-0.000000000000000000e+00,-0.000000000000000000e+00,-2.308950404683269009e-01,-2.443677910356493732e-01
-8.657239334772003081e-02,-0.000000000000000000e+00,-0.000000000000000000e+00,1.572043347391944013e-01,-1.111996220916828954e-01,0.000000000000000000e+00,-1.542575369659772155e-01,0.000000000000000000e+00,0.000000000000000000e+00,-0.000000000000000000e+00,-0.000000000000000000e+00,0.000000000000000000e+00,-0.000000000000000000e+00,-0.000000000000000000e+00,-0.000000000000000000e+00,-0.000000000000000000e+00,0.000000000000000000e+00,0.000000000000000000e+00,-0.000000000000000000e+00,0.000000000000000000e+00,0.000000000000000000e+00,1.780238269157196490e-02,-0.000000000000000000e+00,0.000000000000000000e+00,0.000000000000000000e+00,-1.082521710525833764e-01,-6.227848952987845577e-01,-4.272631828038932489e-01,-2.753255581448676437e-01,-0.000000000000000000e+00,2.422648554542699895e+00,-0.000000000000000000e+00,-3.853826031751749759e-01,-0.000000000000000000e+00,-2.501962546112196373e-01,-0.000000000000000000e+00,-8.862666142218235399e-02,0.000000000000000000e+00,0.000000000000000000e+00
-0.000000000000000000e+00,-0.000000000000000000e+00,-0.000000000000000000e+00,0.000000000000000000e+00,-0.000000000000000000e+00,-0.000000000000000000e+00,-0.000000000000000000e+00,0.000000000000000000e+00,0.000000000000000000e+00,-0.000000000000000000e+00,-3.415009254223185242e-01,0.000000000000000000e+00,-0.000000000000000000e+00,-0.000000000000000000e+00,0.000000000000000000e+00,-0.000000000000000000e+00,-0.000000000000000000e+00,-0.000000000000000000e+00,-0.000000000000000000e+00,0.000000000000000000e+00,-0.000000000000000000e+00,0.000000000000000000e+00,-0.000000000000000000e+00,-0.000000000000000000e+00,-0.000000000000000000e+00,-2.123544493014589141e-01,-0.000000000000000000e+00,-4.915029975505620652e-02,-3.313664217152288427e-01,0.000000000000000000e+00,-0.000000000000000000e+00,1.571418590622167599e+00,-0.000000000000000000e+00,0.000000000000000000e+00,-0.000000000000000000e+00,0.000000000000000000e+00,-4.575840056286539226e-01,0.000000000000000000e+00,0.000000000000000000e+00
-0.000000000000000000e+00,0.000000000000000000e+00,-0.000000000000000000e+00,3.385900569755589395e-01,-4.504699649160295860e-01,2.349237531583427963e-01,-2.611435085658906918e-01,0.000000000000000000e+00,0.000000000000000000e+00,0.000000000000000000e+00,0.000000000000000000e+00,0.000000000000000000e+00,-3.668683390573088815e-02,-0.000000000000000000e+00,-1.410749799786891745e-01,0.000000000000000000e+00,0.000000000000000000e+00,0.000000000000000000e+00,-0.000000000000000000e+00,9.233846685000204890e-02,0.000000000000000000e+00,1.198150272244547926e-01,0.000000000000000000e+00,0.000000000000000000e+00,0.000000000000000000e+00,-0.000000000000000000e+00,-0.000000000000000000e+00,-9.808847594664288350e-02,-0.000000000000000000e+00,-0.000000000000000000e+00,-3.853826031751749759e-01,-0.000000000000000000e+00,2.398115981129871788e+00,-0.000000000000000000e+00,-3.634838319587886946e-01,-2.943461985701861794e-01,-0.000000000000000000e+00,0.000000000000000000e+00,0.000000000000000000e+00
-0.000000000000000000e+00,-0.000000000000000000e+00,-1.629811204811654757e-01,-0.000000000000000000e+00,-4.648228919448258445e-01,0.000000000000000000e+00,0.000000000000000000e+00,1.563996653466269982e-01,-0.000000000000000000e+00,-0.000000000000000000e+00,-0.000000000000000000e+00,-0.000000000000000000e+00,0.000000000000000000e+00,-2.593665629891272473e-01,-0.000000000000000000e+00,-0.000000000000000000e+00,-0.000000000000000000e+00,0.000000000000000000e+00,-0.000000000000000000e+00,-0.000000000000000000e+00,-0.000000000000000000e+00,-0.000000000000000000e+00,-0.000000000000000000e+00,-0.000000000000000000e+00,-0.000000000000000000e+00,-0.000000000000000000e+00,-0.000000000000000000e+00,-0.000000000000000000e+00,-0.000000000000000000e+00,-0.000000000000000000e+00,-0.000000000000000000e+00,0.000000000000000000e+00,-0.000000000000000000e+00,1.434265301674816362e+00,-0.000000000000000000e+00,-0.000000000000000000e+00,-0.000000000000000000e+00,-0.000000000000000000e+00,-0.000000000000000000e+00
-0.000000000000000000e+00,0.000000000000000000e+00,-0.000000000000000000e+00,2.640188269810337940e-01,-0.000000000000000000e+00,0.000000000000000000e+00,-2.979105175296360986e-01,0.000000000000000000e+00,0.000000000000000000e+00,0.000000000000000000e+00,0.000000000000000000e+00,2.585083589884763170e-03,-2.591844755813236811e-01,0.000000000000000000e+00,-3.052143345593619564e-02,0.000000000000000000e+00,0.000000000000000000e+00,0.000000000000000000e+00,-0.000000000000000000e+00,2.059967422598366904e-01,4.195587593807315746e-02,1.794642118143468523e-01,0.000000000000000000e+00,0.000000000000000000e+00,0.000000000000000000e+00,-0.000000000000000000e+00,-3.982426775867770746e-02,-1.237626241796487420e-01,-3.249867543142617721e-01,-0.000000000000000000e+00,-2.501962546112196373e-01,-0.000000000000000000e+00,-3.634838319587886946e-01,-0.000000000000000000e+00,2.343221504135589939e+00,-1.062880971902254411e-02,-1.464484996032642816e-01,0.000000000000000000e+00,0.000000000000000000e+00
-0.000000000000000000e+00,0.000000000000000000e+00,-0.000000000000000000e+00,1.366132594299604153e-01,-1.658244466001630446e-01,0.000000000000000000e+00,-1.584864896810598417e-02,0.000000000000000000e+00,0.000000000000000000e+00,0.000000000000000000e+00,0.000000000000000000e+00,0.000000000000000000e+00,-5.306946867977008209e-02,-0.000000000000000000e+00,-1.848738654288523686e-01,0.000000000000000000e+00,0.000000000000000000e+00,0.000000000000000000e+00,-0.000000000000000000e+00,0.000000000000000000e+00,0.000000000000000000e+00,0.000000000000000000e+00,0.000000000000000000e+00,0.000000000000000000e+00,0.000000000000000000e+00,-0.000000000000000000e+00,-0.000000000000000000e+00,-0.000000000000000000e+00,-0.000000000000000000e+00,-0.000000000000000000e+00,-0.000000000000000000e+00,0.000000000000000000e+00,-2.943461985701861794e-01,-0.000000000000000000e+00,-1.062880971902254411e-02,1.295577862136122249e+00,-0.000000000000000000e+00,0.000000000000000000e+00,0.000000000000000000e+00
-7.819202213146919656e-02,-5.292174605202959459e-02,-1.211320788597121910e-02,0.000000000000000000e+00,-0.000000000000000000e+00,0.000000000000000000e+00,-0.000000000000000000e+00,0.000000000000000000e+00,-0.000000000000000000e+00,-0.000000000000000000e+00,-4.655130811078408287e-02,0.000000000000000000e+00,-0.000000000000000000e+00,-0.000000000000000000e+00,-0.000000000000000000e+00,-0.000000000000000000e+00,-0.000000000000000000e+00,-0.000000000000000000e+00,-0.000000000000000000e+00,0.000000000000000000e+00,0.000000000000000000e+00,0.000000000000000000e+00,-0.000000000000000000e+00,-0.000000000000000000e+00,-0.000000000000000000e+00,-4.410463241709471766e-02,-1.832112556285012961e-01,-1.550874076724853001e-01,-4.825570030787725284e-01,-0.000000000000000000e+00,-8.862666142218235399e-02,-4.575840056286539226e-01,-0.000000000000000000e+00,-0.000000000000000000e+00,-1.464484996032642816e-01,-0.000000000000000000e+00,1.796085522967069359e+00,-0.000000000000000000e+00,-0.000000000000000000e+00
-0.000000000000000000e+00,-2.388284518016926122e-02,-0.000000000000000000e+00,-0.000000000000000000e+00,-0.000000000000000000e+00,-0.000000000000000000e+00,0.000000000000000000e+00,0.000000000000000000e+00,-5.052355139032375098e-01,-9.316735415774980017e-03,-0.000000000000000000e+00,-0.000000000000000000e+00,1.745282145639164006e-01,-6.749951258234955509e-02,0.000000000000000000e+00,-2.325408495059509417e-01,-0.000000000000000000e+00,-2.618898019184812131e-01,-1.927002475145231245e-03,-0.000000000000000000e+00,-0.000000000000000000e+00,-0.000000000000000000e+00,-1.684746507354366873e-01,-0.000000000000000000e+00,-0.000000000000000000e+00,-0.000000000000000000e+00,0.000000000000000000e+00,-0.000000000000000000e+00,0.000000000000000000e+00,-2.308950404683269009e-01,0.000000000000000000e+00,0.000000000000000000e+00,0.000000000000000000e+00,-0.000000000000000000e+00,0.000000000000000000e+00,0.000000000000000000e+00,-0.000000000000000000e+00,2.206702764492532332e+00,-4.858144216228058032e-01
-0.000000000000000000e+00,-1.765107272371985447e-01,-3.474135769740721580e-02,-0.000000000000000000e+00,-0.000000000000000000e+00,-0.000000000000000000e+00,0.000000000000000000e+00,3.856770475782456825e-02,-5.829914214715764542e-01,-3.492904516347871691e-01,-0.000000000000000000e+00,-6.578706612017364008e-02,2.184535118340799886e-01,-1.594244629515396625e-02,0.000000000000000000e+00,-3.039788312930240960e-02,-4.838908155977890424e-02,-0.000000000000000000e+00,-0.000000000000000000e+00,-0.000000000000000000e+00,-1.539667644831945736e-01,-0.000000000000000000e+00,-0.000000000000000000e+00,-0.000000000000000000e+00,-1.627701445710025563e-01,-0.000000000000000000e+00,0.000000000000000000e+00,0.000000000000000000e+00,0.000000000000000000e+00,-2.443677910356493732e-01,0.000000000000000000e+00,0.000000000000000000e+00,0.000000000000000000e+00,-0.000000000000000000e+00,0.000000000000000000e+00,0.000000000000000000e+00,-0.000000000000000000e+00,-4.858144216228058032e-01,2.452544001513352612e+00
