1.941810492025411117e+00,-0.000000000000000000e+00,-0.000000000000000000e+00,-0.000000000000000000e+00,-0.000000000000000000e+00,-0.000000000000000000e+00,0.000000000000000000e+00,0.000000000000000000e+00,-1.503736202214503437e-01,-0.000000000000000000e+00,-0.000000000000000000e+00,0.000000000000000000e+00,-0.000000000000000000e+00,0.000000000000000000e+00,-0.000000000000000000e+00,-5.693794392778008806e-01,0.000000000000000000e+00,-2.157253553088633313e-01,-0.000000000000000000e+00,-2.376721816616079730e-01,-0.000000000000000000e+00,-0.000000000000000000e+00,-0.000000000000000000e+00,0.000000000000000000e+00,-0.000000000000000000e+00,-0.000000000000000000e+00,3.646511048700265545e-02,-2.444734921061833266e-01,-0.000000000000000000e+00,-1.378196198906319059e-01,2.081364863054382397e-01,1.386475907460214541e-01,0.000000000000000000e+00,-0.000000000000000000e+00,0.000000000000000000e+00,-0.000000000000000000e+00,0.000000000000000000e+00,-5.433229040594619308e-01,-0.000000000000000000e+00
-0.000000000000000000e+00,2.336667421121958022e+00,-0.000000000000000000e+00,0.000000000000000000e+00,-1.864868083992613640e-02,0.000000000000000000e+00,0.000000000000000000e+00,1.121241689721008683e-01,-3.770142347694745849e-02,-2.703085175718545896e-01,-0.000000000000000000e+00,-2.576728848286023998e-01,-0.000000000000000000e+00,-0.000000000000000000e+00,0.000000000000000000e+00,-1.256018531203331734e-01,-0.000000000000000000e+00,-0.000000000000000000e+00,-0.000000000000000000e+00,0.000000000000000000e+00,0.000000000000000000e+00,-2.618551259218154792e-02,-0.000000000000000000e+00,0.000000000000000000e+00,-2.893282520867785923e-01,0.000000000000000000e+00,-0.000000000000000000e+00,0.000000000000000000e+00,0.000000000000000000e+00,-0.000000000000000000e+00,-0.000000000000000000e+00,-1.328145263574866675e-01,0.000000000000000000e+00,-4.850030636664060674e-02,0.000000000000000000e+00,-5.256351588024611443e-01,-0.000000000000000000e+00,-0.000000000000000000e+00,-6.759424323273741653e-01
-0.000000000000000000e+00,-0.000000000000000000e+00,1.622931139303847914e+00,-0.000000000000000000e+00,-0.000000000000000000e+00,-0.000000000000000000e+00,-2.158563099800305252e-01,0.000000000000000000e+00,-1.143862075757588054e-01,-0.000000000000000000e+00,-0.000000000000000000e+00,0.000000000000000000e+00,4.107573802495945864e-02,-0.000000000000000000e+00,0.000000000000000000e+00,-1.552171539377152076e-01,-0.000000000000000000e+00,-0.000000000000000000e+00,-3.261804834068459669e-01,-0.000000000000000000e+00,-0.000000000000000000e+00,-1.089141432840092481e-02,-7.630650433072533323e-02,-0.000000000000000000e+00,-1.725918047078474349e-01,-0.000000000000000000e+00,-0.000000000000000000e+00,-2.321651107708639084e-01,-0.000000000000000000e+00,-2.800427027570207006e-01,-2.783021984263972168e-02,-0.000000000000000000e+00,-1.208787623237372183e-01,-0.000000000000000000e+00,-0.000000000000000000e+00,-0.000000000000000000e+00,-8.129955693605544001e-03,0.000000000000000000e+00,0.000000000000000000e+00
-0.000000000000000000e+00,0.000000000000000000e+00,-0.000000000000000000e+00,1.340228375380654757e+00,-0.000000000000000000e+00,0.000000000000000000e+00,-5.017819415393204308e-01,0.000000000000000000e+00,0.000000000000000000e+00,-0.000000000000000000e+00,-0.000000000000000000e+00,-0.000000000000000000e+00,0.000000000000000000e+00,5.925012895129518758e-02,-0.000000000000000000e+00,-0.000000000000000000e+00,0.000000000000000000e+00,-2.393742255144839515e-01,-1.217228336265587380e-01,-0.000000000000000000e+00,-0.000000000000000000e+00,-0.000000000000000000e+00,0.000000000000000000e+00,0.000000000000000000e+00,-0.000000000000000000e+00,0.000000000000000000e+00,0.000000000000000000e+00,0.000000000000000000e+00,4.705642373809035967e-02,-0.000000000000000000e+00,-0.000000000000000000e+00,0.000000000000000000e+00,-0.000000000000000000e+00,-0.000000000000000000e+00,0.000000000000000000e+00,-0.000000000000000000e+00,0.000000000000000000e+00,-0.000000000000000000e+00,4.474987436009425501e-02
-0.000000000000000000e+00,-1.864868083992613640e-02,-0.000000000000000000e+00,-0.000000000000000000e+00,1.589974761414539861e+00,0.000000000000000000e+00,-0.000000000000000000e+00,1.922196748965795676e-01,-2.155332002059432428e-01,-0.000000000000000000e+00,0.000000000000000000e+00,-0.000000000000000000e+00,-4.618413157008328246e-02,-0.000000000000000000e+00,0.000000000000000000e+00,-4.154012145375648307e-02,0.000000000000000000e+00,-0.000000000000000000e+00,-2.910441461803355834e-01,7.764861692290953021e-02,1.362207464349417946e-02,0.000000000000000000e+00,-0.000000000000000000e+00,0.000000000000000000e+00,-0.000000000000000000e+00,0.000000000000000000e+00,0.000000000000000000e+00,0.000000000000000000e+00,0.000000000000000000e+00,-1.660141473835640979e-01,-0.000000000000000000e+00,-0.000000000000000000e+00,0.000000000000000000e+00,-3.095533938021964304e-01,0.000000000000000000e+00,-0.000000000000000000e+00,0.000000000000000000e+00,-0.000000000000000000e+00,-0.000000000000000000e+00
-0.000000000000000000e+00,0.000000000000000000e+00,-0.000000000000000000e+00,0.000000000000000000e+00,0.000000000000000000e+00,2.187025600840087236e+00,-0.000000000000000000e+00,-0.000000000000000000e+00,-0.000000000000000000e+00,0.000000000000000000e+00,-1.519288337520774690e-01,0.000000000000000000e+00,-0.000000000000000000e+00,-0.000000000000000000e+00,-0.000000000000000000e+00,0.000000000000000000e+00,0.000000000000000000e+00,0.000000000000000000e+00,0.000000000000000000e+00,-0.000000000000000000e+00,-1.918605979123092775e-01,-0.000000000000000000e+00,-4.592241106449055366e-01,-5.418205168516875281e-01,-0.000000000000000000e+00,-1.471455380179688410e-01,-0.000000000000000000e+00,-0.000000000000000000e+00,-2.201602865918169116e-01,-0.000000000000000000e+00,-0.000000000000000000e+00,-0.000000000000000000e+00,-3.459155381826665709e-01,0.000000000000000000e+00,-0.000000000000000000e+00,0.000000000000000000e+00,-2.400939118347326373e-01,-0.000000000000000000e+00,0.000000000000000000e+00
0.000000000000000000e+00,0.000000000000000000e+00,-2.158563099800305252e-01,-5.017819415393204308e-01,-0.000000000000000000e+00,-0.000000000000000000e+00,1.382103280552201552e+00,0.000000000000000000e+00,0.000000000000000000e+00,0.000000000000000000e+00,-0.000000000000000000e+00,-0.000000000000000000e+00,1.060460529888491710e-01,-0.000000000000000000e+00,3.298492492533156017e-02,0.000000000000000000e+00,-1.384711000968259255e-02,-0.000000000000000000e+00,-1.914479096772671307e-01,-0.000000000000000000e+00,-0.000000000000000000e+00,0.000000000000000000e+00,0.000000000000000000e+00,-0.000000000000000000e+00,0.000000000000000000e+00,0.000000000000000000e+00,-0.000000000000000000e+00,0.000000000000000000e+00,0.000000000000000000e+00,-0.000000000000000000e+00,-1.221082983132814742e-01,-0.000000000000000000e+00,-0.000000000000000000e+00,0.000000000000000000e+00,-0.000000000000000000e+00,-0.000000000000000000e+00,0.000000000000000000e+00,1.678243329969205389e-01,4.110266337301732992e-02
0.000000000000000000e+00,1.121241689721008683e-01,0.000000000000000000e+00,0.000000000000000000e+00,1.922196748965795676e-01,-0.000000000000000000e+00,0.000000000000000000e+00,2.330018121504413564e+00,0.000000000000000000e+00,3.294926157236959807e-01,-0.000000000000000000e+00,0.000000000000000000e+00,7.210443159331082763e-02,-0.000000000000000000e+00,-8.536642683358440509e-02,1.311720694841032320e-01,0.000000000000000000e+00,0.000000000000000000e+00,6.251449862228845022e-01,-1.647231803345803602e-01,-1.182649029948719122e-01,0.000000000000000000e+00,0.000000000000000000e+00,-0.000000000000000000e+00,0.000000000000000000e+00,-0.000000000000000000e+00,-0.000000000000000000e+00,-0.000000000000000000e+00,-0.000000000000000000e+00,0.000000000000000000e+00,-0.000000000000000000e+00,0.000000000000000000e+00,-3.884477408520645852e-02,3.225586301458260863e-01,-4.462040862408660491e-01,1.179093290781305092e-01,-0.000000000000000000e+00,-0.000000000000000000e+00,0.000000000000000000e+00
-1.503736202214503437e-01,-3.770142347694745849e-02,-1.143862075757588054e-01,0.000000000000000000e+00,-2.155332002059432428e-01,-0.000000000000000000e+00,0.000000000000000000e+00,0.000000000000000000e+00,2.408485073372477636e+00,-3.958956221179784074e-01,-0.000000000000000000e+00,-0.000000000000000000e+00,-9.377769630221005149e-04,-0.000000000000000000e+00,0.000000000000000000e+00,-4.402441648619254688e-01,-0.000000000000000000e+00,-0.000000000000000000e+00,-0.000000000000000000e+00,0.000000000000000000e+00,0.000000000000000000e+00,-0.000000000000000000e+00,-3.963543677663087378e-02,0.000000000000000000e+00,-2.347293231294416138e-01,-0.000000000000000000e+00,-0.000000000000000000e+00,-0.000000000000000000e+00,-0.000000000000000000e+00,-4.715828633321367813e-01,0.000000000000000000e+00,-0.000000000000000000e+00,-0.000000000000000000e+00,-6.937127768086878699e-02,0.000000000000000000e+00,-0.000000000000000000e+00,-0.000000000000000000e+00,-5.116136446815471419e-04,-3.761972566401145524e-01
-0.000000000000000000e+00,-2.703085175718545896e-01,-0.000000000000000000e+00,-0.000000000000000000e+00,-0.000000000000000000e+00,0.000000000000000000e+00,0.000000000000000000e+00,3.294926157236959807e-01,-3.958956221179784074e-01,2.800701012942181656e+00,0.000000000000000000e+00,-6.150870688002421649e-03,-4.576871985293760360e-03,-0.000000000000000000e+00,0.000000000000000000e+00,-9.474388396142180424e-01,-0.000000000000000000e+00,-9.281901637678127703e-02,-0.000000000000000000e+00,0.000000000000000000e+00,0.000000000000000000e+00,-6.097207323471100227e-02,-0.000000000000000000e+00,1.517556376636052529e-01,-5.551868292374736308e-02,0.000000000000000000e+00,0.000000000000000000e+00,0.000000000000000000e+00,0.000000000000000000e+00,-1.823761068137173258e-01,0.000000000000000000e+00,-0.000000000000000000e+00,0.000000000000000000e+00,-9.037275662800557663e-02,0.000000000000000000e+00,-3.276665717680416479e-01,-0.000000000000000000e+00,-0.000000000000000000e+00,-1.517872517206882432e-01
-0.000000000000000000e+00,-0.000000000000000000e+00,-0.000000000000000000e+00,-0.000000000000000000e+00,0.000000000000000000e+00,-1.519288337520774690e-01,-0.000000000000000000e+00,-0.000000000000000000e+00,-0.000000000000000000e+00,0.000000000000000000e+00,1.150631704097615060e+00,0.000000000000000000e+00,0.000000000000000000e+00,-0.000000000000000000e+00,-0.000000000000000000e+00,-0.000000000000000000e+00,-2.755960101237886484e-01,0.000000000000000000e+00,0.000000000000000000e+00,-0.000000000000000000e+00,-0.000000000000000000e+00,-0.000000000000000000e+00,-0.000000000000000000e+00,-0.000000000000000000e+00,-6.153431708306286024e-02,-0.000000000000000000e+00,-0.000000000000000000e+00,-0.000000000000000000e+00,-1.201454449023569154e-01,-0.000000000000000000e+00,-0.000000000000000000e+00,-0.000000000000000000e+00,-5.604562137380970921e-02,-0.000000000000000000e+00,0.000000000000000000e+00,0.000000000000000000e+00,-0.000000000000000000e+00,-0.000000000000000000e+00,-0.000000000000000000e+00
0.000000000000000000e+00,-2.576728848286023998e-01,0.000000000000000000e+00,-0.000000000000000000e+00,-0.000000000000000000e+00,0.000000000000000000e+00,-0.000000000000000000e+00,0.000000000000000000e+00,-0.000000000000000000e+00,-6.150870688002421649e-03,0.000000000000000000e+00,2.199857326097995447e+00,-0.000000000000000000e+00,0.000000000000000000e+00,0.000000000000000000e+00,-0.000000000000000000e+00,-0.000000000000000000e+00,-0.000000000000000000e+00,-0.000000000000000000e+00,0.000000000000000000e+00,-0.000000000000000000e+00,-4.955523170888956885e-01,0.000000000000000000e+00,0.000000000000000000e+00,-0.000000000000000000e+00,5.785162560680401356e-01,-0.000000000000000000e+00,2.780143234141208564e-01,1.682354436711005763e-01,-0.000000000000000000e+00,-0.000000000000000000e+00,-2.506476690703414167e-01,0.000000000000000000e+00,-4.131538423586712805e-02,1.246433241221740901e-01,-3.256552014602251410e-01,0.000000000000000000e+00,0.000000000000000000e+00,-2.527828743713338433e-01
-0.000000000000000000e+00,-0.000000000000000000e+00,4.107573802495945864e-02,0.000000000000000000e+00,-4.618413157008328246e-02,-0.000000000000000000e+00,1.060460529888491710e-01,7.210443159331082763e-02,-9.377769630221005149e-04,-4.576871985293760360e-03,0.000000000000000000e+00,-0.000000000000000000e+00,1.088220824882932369e+00,-0.000000000000000000e+00,-0.000000000000000000e+00,-0.000000000000000000e+00,0.000000000000000000e+00,-0.000000000000000000e+00,-0.000000000000000000e+00,3.619045418474575726e-02,4.223609121071337374e-02,0.000000000000000000e+00,-0.000000000000000000e+00,0.000000000000000000e+00,-0.000000000000000000e+00,0.000000000000000000e+00,0.000000000000000000e+00,0.000000000000000000e+00,-0.000000000000000000e+00,-0.000000000000000000e+00,2.197227460123701570e-01,-0.000000000000000000e+00,6.016898117650751679e-03,-0.000000000000000000e+00,0.000000000000000000e+00,0.000000000000000000e+00,0.000000000000000000e+00,-5.461308016527720993e-02,-0.000000000000000000e+00
0.000000000000000000e+00,-0.000000000000000000e+00,-0.000000000000000000e+00,5.925012895129518758e-02,-0.000000000000000000e+00,-0.000000000000000000e+00,-0.000000000000000000e+00,-0.000000000000000000e+00,-0.000000000000000000e+00,-0.000000000000000000e+00,-0.000000000000000000e+00,0.000000000000000000e+00,-0.000000000000000000e+00,1.737280175244168001e+00,0.000000000000000000e+00,0.000000000000000000e+00,-4.257282934763716165e-02,1.401942688977700913e-01,0.000000000000000000e+00,0.000000000000000000e+00,0.000000000000000000e+00,9.900422769448465748e-03,-1.210594597071075612e-01,-7.762790594127315369e-02,-0.000000000000000000e+00,-5.782638986610157822e-02,-1.445476226690947941e-01,-0.000000000000000000e+00,-3.119008578197967063e-01,-1.322736417927742880e-01,-2.738599483730281281e-01,-2.682965464692918869e-02,-3.565132758147648850e-02,0.000000000000000000e+00,-2.423876287208788505e-01,-0.000000000000000000e+00,-2.317851603391528348e-01,-0.000000000000000000e+00,-0.000000000000000000e+00
-0.000000000000000000e+00,0.000000000000000000e+00,0.000000000000000000e+00,-0.000000000000000000e+00,0.000000000000000000e+00,-0.000000000000000000e+00,3.298492492533156017e-02,-8.536642683358440509e-02,0.000000000000000000e+00,0.000000000000000000e+00,-0.000000000000000000e+00,0.000000000000000000e+00,-0.000000000000000000e+00,0.000000000000000000e+00,1.398935069920585583e+00,0.000000000000000000e+00,1.486010791556266475e-01,-1.085474806459710631e-02,0.000000000000000000e+00,-0.000000000000000000e+00,-2.113706453314380396e-01,0.000000000000000000e+00,-0.000000000000000000e+00,-0.000000000000000000e+00,0.000000000000000000e+00,-0.000000000000000000e+00,3.603000936694657208e-02,-1.236024606067081116e-01,-0.000000000000000000e+00,-0.000000000000000000e+00,0.000000000000000000e+00,1.075500850174196388e-01,-0.000000000000000000e+00,-0.000000000000000000e+00,-0.000000000000000000e+00,0.000000000000000000e+00,0.000000000000000000e+00,-5.144272595281562666e-01,0.000000000000000000e+00
-5.693794392778008806e-01,-1.256018531203331734e-01,-1.552171539377152076e-01,-0.000000000000000000e+00,-4.154012145375648307e-02,0.000000000000000000e+00,0.000000000000000000e+00,1.311720694841032320e-01,-4.402441648619254688e-01,-9.474388396142180424e-01,-0.000000000000000000e+00,-0.000000000000000000e+00,-0.000000000000000000e+00,0.000000000000000000e+00,0.000000000000000000e+00,3.091537946156028838e+00,0.000000000000000000e+00,-2.711358941079758944e-01,-0.000000000000000000e+00,-0.000000000000000000e+00,-0.000000000000000000e+00,-4.517892359891215875e-02,-0.000000000000000000e+00,0.000000000000000000e+00,-3.477950033400127317e-01,0.000000000000000000e+00,0.000000000000000000e+00,-0.000000000000000000e+00,0.000000000000000000e+00,-2.335633306507282070e-01,0.000000000000000000e+00,0.000000000000000000e+00,0.000000000000000000e+00,-1.003190092561437041e-01,0.000000000000000000e+00,-1.344796313854640935e-01,-0.000000000000000000e+00,-0.000000000000000000e+00,-0.000000000000000000e+00
0.000000000000000000e+00,-0.000000000000000000e+00,-0.000000000000000000e+00,0.000000000000000000e+00,0.000000000000000000e+00,0.000000000000000000e+00,-1.384711000968259255e-02,0.000000000000000000e+00,-0.000000000000000000e+00,-0.000000000000000000e+00,-2.755960101237886484e-01,-0.000000000000000000e+00,0.000000000000000000e+00,-4.257282934763716165e-02,1.486010791556266475e-01,0.000000000000000000e+00,1.379418450472388757e+00,5.691874913854586687e-02,-0.000000000000000000e+00,0.000000000000000000e+00,1.308622541636774439e-01,0.000000000000000000e+00,0.000000000000000000e+00,0.000000000000000000e+00,-0.000000000000000000e+00,0.000000000000000000e+00,-0.000000000000000000e+00,2.468203147480004800e-01,-0.000000000000000000e+00,0.000000000000000000e+00,-0.000000000000000000e+00,-4.737233612784694792e-01,-0.000000000000000000e+00,-0.000000000000000000e+00,0.000000000000000000e+00,-0.000000000000000000e+00,-0.000000000000000000e+00,0.000000000000000000e+00,-3.596945748388760689e-02
-2.157253553088633313e-01,-0.000000000000000000e+00,-0.000000000000000000e+00,-2.393742255144839515e-01,-0.000000000000000000e+00,0.000000000000000000e+00,-0.000000000000000000e+00,0.000000000000000000e+00,-0.000000000000000000e+00,-9.281901637678127703e-02,0.000000000000000000e+00,-0.000000000000000000e+00,-0.000000000000000000e+00,1.401942688977700913e-01,-1.085474806459710631e-02,-2.711358941079758944e-01,5.691874913854586687e-02,2.028423815642091732e+00,-4.980357427678337445e-01,-0.000000000000000000e+00,-0.000000000000000000e+00,-3.011678718578282843e-01,-0.000000000000000000e+00,0.000000000000000000e+00,-0.000000000000000000e+00,0.000000000000000000e+00,2.606594117490502738e-01,-0.000000000000000000e+00,0.000000000000000000e+00,-0.000000000000000000e+00,0.000000000000000000e+00,0.000000000000000000e+00,0.000000000000000000e+00,-3.200933179772673665e-01,0.000000000000000000e+00,-0.000000000000000000e+00,0.000000000000000000e+00,-0.000000000000000000e+00,0.000000000000000000e+00
-0.000000000000000000e+00,-0.000000000000000000e+00,-3.261804834068459669e-01,-1.217228336265587380e-01,-2.910441461803355834e-01,0.000000000000000000e+00,-1.914479096772671307e-01,6.251449862228845022e-01,-0.000000000000000000e+00,-0.000000000000000000e+00,0.000000000000000000e+00,-0.000000000000000000e+00,-0.000000000000000000e+00,0.000000000000000000e+00,0.000000000000000000e+00,-0.000000000000000000e+00,-0.000000000000000000e+00,-4.980357427678337445e-01,2.438906671657887326e+00,0.000000000000000000e+00,0.000000000000000000e+00,-0.000000000000000000e+00,-0.000000000000000000e+00,0.000000000000000000e+00,-0.000000000000000000e+00,8.199353214133935086e-02,0.000000000000000000e+00,0.000000000000000000e+00,0.000000000000000000e+00,-0.000000000000000000e+00,-0.000000000000000000e+00,0.000000000000000000e+00,0.000000000000000000e+00,-5.651605464137977597e-01,0.000000000000000000e+00,-1.427782500806442506e-02,0.000000000000000000e+00,0.000000000000000000e+00,0.000000000000000000e+00
-2.376721816616079730e-01,0.000000000000000000e+00,-0.000000000000000000e+00,-0.000000000000000000e+00,7.764861692290953021e-02,-0.000000000000000000e+00,-0.000000000000000000e+00,-1.647231803345803602e-01,0.000000000000000000e+00,0.000000000000000000e+00,-0.000000000000000000e+00,0.000000000000000000e+00,3.619045418474575726e-02,0.000000000000000000e+00,-0.000000000000000000e+00,-0.000000000000000000e+00,0.000000000000000000e+00,-0.000000000000000000e+00,0.000000000000000000e+00,1.203655803575970795e+00,-3.046860137764248466e-01,-0.000000000000000000e+00,-0.000000000000000000e+00,-0.000000000000000000e+00,-0.000000000000000000e+00,-0.000000000000000000e+00,0.000000000000000000e+00,-6.490857807378276612e-02,0.000000000000000000e+00,-0.000000000000000000e+00,1.610829947254963784e-02,0.000000000000000000e+00,-0.000000000000000000e+00,0.000000000000000000e+00,-0.000000000000000000e+00,0.000000000000000000e+00,-0.000000000000000000e+00,-0.000000000000000000e+00,0.000000000000000000e+00
-0.000000000000000000e+00,0.000000000000000000e+00,-0.000000000000000000e+00,-0.000000000000000000e+00,1.362207464349417946e-02,-1.918605979123092775e-01,-0.000000000000000000e+00,-1.182649029948719122e-01,0.000000000000000000e+00,0.000000000000000000e+00,-0.000000000000000000e+00,-0.000000000000000000e+00,4.223609121071337374e-02,0.000000000000000000e+00,-2.113706453314380396e-01,-0.000000000000000000e+00,1.308622541636774439e-01,-0.000000000000000000e+00,0.000000000000000000e+00,-3.046860137764248466e-01,1.568595308856417736e+00,-3.966380973504803897e-01,-0.000000000000000000e+00,-1.956403255948602204e-02,-0.000000000000000000e+00,-0.000000000000000000e+00,-0.000000000000000000e+00,-2.028131885032457837e-01,-0.000000000000000000e+00,-0.000000000000000000e+00,-0.000000000000000000e+00,-0.000000000000000000e+00,-3.258938575252360303e-01,0.000000000000000000e+00,-0.000000000000000000e+00,0.000000000000000000e+00,-0.000000000000000000e+00,-0.000000000000000000e+00,0.000000000000000000e+00
-0.000000000000000000e+00,-2.618551259218154792e-02,-1.089141432840092481e-02,-0.000000000000000000e+00,0.000000000000000000e+00,-0.000000000000000000e+00,0.000000000000000000e+00,0.000000000000000000e+00,-0.000000000000000000e+00,-6.097207323471100227e-02,-0.000000000000000000e+00,-4.955523170888956885e-01,0.000000000000000000e+00,9.900422769448465748e-03,0.000000000000000000e+00,-4.517892359891215875e-02,0.000000000000000000e+00,-3.011678718578282843e-01,-0.000000000000000000e+00,-0.000000000000000000e+00,-3.966380973504803897e-01,1.542267584699076988e+00,-0.000000000000000000e+00,0.000000000000000000e+00,-1.753902384416099747e-01,0.000000000000000000e+00,-0.000000000000000000e+00,-0.000000000000000000e+00,0.000000000000000000e+00,-0.000000000000000000e+00,0.000000000000000000e+00,-0.000000000000000000e+00,-0.000000000000000000e+00,-0.000000000000000000e+00,3.556173651869817126e-02,-0.000000000000000000e+00,-0.000000000000000000e+00,0.000000000000000000e+00,-0.000000000000000000e+00
-0.000000000000000000e+00,-0.000000000000000000e+00,-7.630650433072533323e-02,0.000000000000000000e+00,-0.000000000000000000e+00,-4.592241106449055366e-01,0.000000000000000000e+00,0.000000000000000000e+00,-3.963543677663087378e-02,-0.000000000000000000e+00,-0.000000000000000000e+00,0.000000000000000000e+00,-0.000000000000000000e+00,-1.210594597071075612e-01,-0.000000000000000000e+00,-0.000000000000000000e+00,0.000000000000000000e+00,-0.000000000000000000e+00,-0.000000000000000000e+00,-0.000000000000000000e+00,-0.000000000000000000e+00,-0.000000000000000000e+00,2.417553677046031524e+00,-2.151237041505247027e-01,-9.543097548408308040e-01,-0.000000000000000000e+00,-0.000000000000000000e+00,-2.597595966146267754e-01,-5.289871514840262245e-02,-2.122696811925323113e-01,-0.000000000000000000e+00,-4.068474510991049176e-02,-0.000000000000000000e+00,-0.000000000000000000e+00,-0.000000000000000000e+00,-0.000000000000000000e+00,-2.463534227973707691e-01,-1.385625969262408441e-01,-0.000000000000000000e+00
0.000000000000000000e+00,0.000000000000000000e+00,-0.000000000000000000e+00,0.000000000000000000e+00,0.000000000000000000e+00,-5.418205168516875281e-01,-0.000000000000000000e+00,-0.000000000000000000e+00,0.000000000000000000e+00,1.517556376636052529e-01,-0.000000000000000000e+00,0.000000000000000000e+00,0.000000000000000000e+00,-7.762790594127315369e-02,-0.000000000000000000e+00,0.000000000000000000e+00,0.000000000000000000e+00,0.000000000000000000e+00,0.000000000000000000e+00,-0.000000000000000000e+00,-1.956403255948602204e-02,0.000000000000000000e+00,-2.151237041505247027e-01,2.100074202347440799e+00,-0.000000000000000000e+00,-1.163066522798644475e-01,-4.636567266559792067e-02,-6.164039534042669438e-02,-5.039402566425436047e-01,-0.000000000000000000e+00,-6.460431320974613367e-02,-0.000000000000000000e+00,-1.715251808172558734e-01,0.000000000000000000e+00,-1.185011951281742110e-01,4.374681322998384171e-03,-9.435838318784425804e-02,-0.000000000000000000e+00,7.940873496744221480e-03
-0.000000000000000000e+00,-2.893282520867785923e-01,-1.725918047078474349e-01,-0.000000000000000000e+00,-0.000000000000000000e+00,-0.000000000000000000e+00,0.000000000000000000e+00,0.000000000000000000e+00,-2.347293231294416138e-01,-5.551868292374736308e-02,-6.153431708306286024e-02,-0.000000000000000000e+00,-0.000000000000000000e+00,-0.000000000000000000e+00,0.000000000000000000e+00,-3.477950033400127317e-01,-0.000000000000000000e+00,-0.000000000000000000e+00,-0.000000000000000000e+00,-0.000000000000000000e+00,-0.000000000000000000e+00,-1.753902384416099747e-01,-9.543097548408308040e-01,-0.000000000000000000e+00,2.459331929374670267e+00,-0.000000000000000000e+00,-0.000000000000000000e+00,-0.000000000000000000e+00,-0.000000000000000000e+00,-2.921223768598773529e-01,-0.000000000000000000e+00,-9.833864360716189357e-02,-0.000000000000000000e+00,-0.000000000000000000e+00,0.000000000000000000e+00,-0.000000000000000000e+00,-1.792580645941281581e-01,-0.000000000000000000e+00,-0.000000000000000000e+00
-0.000000000000000000e+00,0.000000000000000000e+00,-0.000000000000000000e+00,0.000000000000000000e+00,0.000000000000000000e+00,-1.471455380179688410e-01,0.000000000000000000e+00,-0.000000000000000000e+00,-0.000000000000000000e+00,0.000000000000000000e+00,-0.000000000000000000e+00,5.785162560680401356e-01,0.000000000000000000e+00,-5.782638986610157822e-02,-0.000000000000000000e+00,0.000000000000000000e+00,0.000000000000000000e+00,0.000000000000000000e+00,8.199353214133935086e-02,-0.000000000000000000e+00,-0.000000000000000000e+00,0.000000000000000000e+00,-0.000000000000000000e+00,-1.163066522798644475e-01,-0.000000000000000000e+00,2.891038596747242728e+00,-0.000000000000000000e+00,-5.733655517433762228e-01,-6.814911080659370457e-01,-0.000000000000000000e+00,0.000000000000000000e+00,0.000000000000000000e+00,-0.000000000000000000e+00,0.000000000000000000e+00,-7.953048658235841728e-01,0.000000000000000000e+00,-1.907568074715495707e-02,-2.827579003233725019e-01,0.000000000000000000e+00
3.646511048700265545e-02,-0.000000000000000000e+00,-0.000000000000000000e+00,0.000000000000000000e+00,0.000000000000000000e+00,-0.000000000000000000e+00,-0.000000000000000000e+00,-0.000000000000000000e+00,-0.000000000000000000e+00,0.000000000000000000e+00,-0.000000000000000000e+00,-0.000000000000000000e+00,0.000000000000000000e+00,-1.445476226690947941e-01,3.603000936694657208e-02,0.000000000000000000e+00,-0.000000000000000000e+00,2.606594117490502738e-01,0.000000000000000000e+00,0.000000000000000000e+00,-0.000000000000000000e+00,-0.000000000000000000e+00,-0.000000000000000000e+00,-4.636567266559792067e-02,-0.000000000000000000e+00,-0.000000000000000000e+00,2.556681963291016935e+00,0.000000000000000000e+00,-0.000000000000000000e+00,-0.000000000000000000e+00,-1.652706860417222923e-01,-8.571934812163527484e-01,-7.257586654641935420e-01,0.000000000000000000e+00,-0.000000000000000000e+00,0.000000000000000000e+00,-5.217419381986395654e-01,0.000000000000000000e+00,-0.000000000000000000e+00
-2.444734921061833266e-01,0.000000000000000000e+00,-2.321651107708639084e-01,0.000000000000000000e+00,0.000000000000000000e+00,-0.000000000000000000e+00,0.000000000000000000e+00,-0.000000000000000000e+00,-0.000000000000000000e+00,0.000000000000000000e+00,-0.000000000000000000e+00,2.780143234141208564e-01,0.000000000000000000e+00,-0.000000000000000000e+00,-1.236024606067081116e-01,-0.000000000000000000e+00,2.468203147480004800e-01,-0.000000000000000000e+00,0.000000000000000000e+00,-6.490857807378276612e-02,-2.028131885032457837e-01,-0.000000000000000000e+00,-2.597595966146267754e-01,-6.164039534042669438e-02,-0.000000000000000000e+00,-5.733655517433762228e-01,0.000000000000000000e+00,1.994508195529682615e+00,-2.016158313755239129e-01,-0.000000000000000000e+00,0.000000000000000000e+00,0.000000000000000000e+00,-0.000000000000000000e+00,0.000000000000000000e+00,-0.000000000000000000e+00,0.000000000000000000e+00,-0.000000000000000000e+00,-8.085063960615575251e-02,0.000000000000000000e+00
-0.000000000000000000e+00,0.000000000000000000e+00,-0.000000000000000000e+00,4.705642373809035967e-02,0.000000000000000000e+00,-2.201602865918169116e-01,0.000000000000000000e+00,-0.000000000000000000e+00,-0.000000000000000000e+00,0.000000000000000000e+00,-1.201454449023569154e-01,1.682354436711005763e-01,-0.000000000000000000e+00,-3.119008578197967063e-01,-0.000000000000000000e+00,0.000000000000000000e+00,-0.000000000000000000e+00,0.000000000000000000e+00,0.000000000000000000e+00,0.000000000000000000e+00,-0.000000000000000000e+00,0.000000000000000000e+00,-5.289871514840262245e-02,-5.039402566425436047e-01,-0.000000000000000000e+00,-6.814911080659370457e-01,-0.000000000000000000e+00,-2.016158313755239129e-01,2.328881013731806338e+00,-0.000000000000000000e+00,-0.000000000000000000e+00,-0.000000000000000000e+00,-0.000000000000000000e+00,0.000000000000000000e+00,-1.641941701062203662e-01,0.000000000000000000e+00,-0.000000000000000000e+00,-0.000000000000000000e+00,0.000000000000000000e+00
-1.378196198906319059e-01,-0.000000000000000000e+00,-2.800427027570207006e-01,-0.000000000000000000e+00,-1.660141473835640979e-01,-0.000000000000000000e+00,-0.000000000000000000e+00,0.000000000000000000e+00,-4.715828633321367813e-01,-1.823761068137173258e-01,-0.000000000000000000e+00,-0.000000000000000000e+00,-0.000000000000000000e+00,-1.322736417927742880e-01,-0.000000000000000000e+00,-2.335633306507282070e-01,0.000000000000000000e+00,-0.000000000000000000e+00,-0.000000000000000000e+00,-0.000000000000000000e+00,-0.000000000000000000e+00,-0.000000000000000000e+00,-2.122696811925323113e-01,-0.000000000000000000e+00,-2.921223768598773529e-01,-0.000000000000000000e+00,-0.000000000000000000e+00,-0.000000000000000000e+00,-0.000000000000000000e+00,2.029961064158483985e+00,-0.000000000000000000e+00,-0.000000000000000000e+00,-0.000000000000000000e+00,-0.000000000000000000e+00,-0.000000000000000000e+00,-0.000000000000000000e+00,-0.000000000000000000e+00,-0.000000000000000000e+00,-0.000000000000000000e+00
2.081364863054382397e-01,-0.000000000000000000e+00,-2.783021984263972168e-02,-0.000000000000000000e+00,-0.000000000000000000e+00,-0.000000000000000000e+00,-1.221082983132814742e-01,-0.000000000000000000e+00,0.000000000000000000e+00,0.000000000000000000e+00,-0.000000000000000000e+00,-0.000000000000000000e+00,2.197227460123701570e-01,-2.738599483730281281e-01,0.000000000000000000e+00,0.000000000000000000e+00,-0.000000000000000000e+00,0.000000000000000000e+00,-0.000000000000000000e+00,1.610829947254963784e-02,-0.000000000000000000e+00,0.000000000000000000e+00,-0.000000000000000000e+00,-6.460431320974613367e-02,-0.000000000000000000e+00,0.000000000000000000e+00,-1.652706860417222923e-01,0.000000000000000000e+00,-0.000000000000000000e+00,-0.000000000000000000e+00,1.500578905633466631e+00,-3.056437843764903128e-01,-1.245858068221044057e-01,-0.000000000000000000e+00,-0.000000000000000000e+00,-0.000000000000000000e+00,-0.000000000000000000e+00,1.170425856847605028e-01,0.000000000000000000e+00
1.386475907460214541e-01,-1.328145263574866675e-01,-0.000000000000000000e+00,0.000000000000000000e+00,-0.000000000000000000e+00,-0.000000000000000000e+00,-0.000000000000000000e+00,0.000000000000000000e+00,-0.000000000000000000e+00,-0.000000000000000000e+00,-0.000000000000000000e+00,-2.506476690703414167e-01,-0.000000000000000000e+00,-2.682965464692918869e-02,1.075500850174196388e-01,0.000000000000000000e+00,-4.737233612784694792e-01,0.000000000000000000e+00,0.000000000000000000e+00,0.000000000000000000e+00,-0.000000000000000000e+00,-0.000000000000000000e+00,-4.068474510991049176e-02,-0.000000000000000000e+00,-9.833864360716189357e-02,0.000000000000000000e+00,-8.571934812163527484e-01,0.000000000000000000e+00,-0.000000000000000000e+00,-0.000000000000000000e+00,-3.056437843764903128e-01,2.165578294734848086e+00,-2.178350820465993834e-02,-0.000000000000000000e+00,0.000000000000000000e+00,-0.000000000000000000e+00,-3.336291491132449272e-01,0.000000000000000000e+00,-0.000000000000000000e+00
0.000000000000000000e+00,0.000000000000000000e+00,-1.208787623237372183e-01,-0.000000000000000000e+00,0.000000000000000000e+00,-3.459155381826665709e-01,-0.000000000000000000e+00,-3.884477408520645852e-02,-0.000000000000000000e+00,0.000000000000000000e+00,-5.604562137380970921e-02,0.000000000000000000e+00,6.016898117650751679e-03,-3.565132758147648850e-02,-0.000000000000000000e+00,0.000000000000000000e+00,-0.000000000000000000e+00,0.000000000000000000e+00,0.000000000000000000e+00,-0.000000000000000000e+00,-3.258938575252360303e-01,-0.000000000000000000e+00,-0.000000000000000000e+00,-1.715251808172558734e-01,-0.000000000000000000e+00,-0.000000000000000000e+00,-7.257586654641935420e-01,-0.000000000000000000e+00,-0.000000000000000000e+00,-0.000000000000000000e+00,-1.245858068221044057e-01,-2.178350820465993834e-02,2.361010909993968898e+00,4.292409321396249006e-02,-2.162636104051362529e-01,0.000000000000000000e+00,-4.531630695888110849e-01,0.000000000000000000e+00,0.000000000000000000e+00
-0.000000000000000000e+00,-4.850030636664060674e-02,-0.000000000000000000e+00,-0.000000000000000000e+00,-3.095533938021964304e-01,0.000000000000000000e+00,0.000000000000000000e+00,3.225586301458260863e-01,-6.937127768086878699e-02,-9.037275662800557663e-02,-0.000000000000000000e+00,-4.131538423586712805e-02,-0.000000000000000000e+00,0.000000000000000000e+00,-0.000000000000000000e+00,-1.003190092561437041e-01,-0.000000000000000000e+00,-3.200933179772673665e-01,-5.651605464137977597e-01,0.000000000000000000e+00,0.000000000000000000e+00,-0.000000000000000000e+00,-0.000000000000000000e+00,0.000000000000000000e+00,-0.000000000000000000e+00,0.000000000000000000e+00,0.000000000000000000e+00,0.000000000000000000e+00,0.000000000000000000e+00,-0.000000000000000000e+00,-0.000000000000000000e+00,-0.000000000000000000e+00,4.292409321396249006e-02,2.492059114686357102e+00,2.143498670797310268e-01,-5.331177528455638415e-01,0.000000000000000000e+00,-0.000000000000000000e+00,-0.000000000000000000e+00
0.000000000000000000e+00,0.000000000000000000e+00,-0.000000000000000000e+00,0.000000000000000000e+00,0.000000000000000000e+00,-0.000000000000000000e+00,-0.000000000000000000e+00,-4.462040862408660491e-01,0.000000000000000000e+00,0.000000000000000000e+00,0.000000000000000000e+00,1.246433241221740901e-01,0.000000000000000000e+00,-2.423876287208788505e-01,-0.000000000000000000e+00,0.000000000000000000e+00,0.000000000000000000e+00,0.000000000000000000e+00,0.000000000000000000e+00,-0.000000000000000000e+00,-0.000000000000000000e+00,3.556173651869817126e-02,-0.000000000000000000e+00,-1.185011951281742110e-01,0.000000000000000000e+00,-7.953048658235841728e-01,-0.000000000000000000e+00,-0.000000000000000000e+00,-1.641941701062203662e-01,-0.000000000000000000e+00,-0.000000000000000000e+00,0.000000000000000000e+00,-2.162636104051362529e-01,2.143498670797310268e-01,2.362220374455214600e+00,1.270870510273353418e-02,-2.042301721990925079e-01,-0.000000000000000000e+00,4.692667132116178780e-02
-0.000000000000000000e+00,-5.256351588024611443e-01,-0.000000000000000000e+00,-0.000000000000000000e+00,-0.000000000000000000e+00,0.000000000000000000e+00,-0.000000000000000000e+00,1.179093290781305092e-01,-0.000000000000000000e+00,-3.276665717680416479e-01,0.000000000000000000e+00,-3.256552014602251410e-01,0.000000000000000000e+00,-0.000000000000000000e+00,0.000000000000000000e+00,-1.344796313854640935e-01,-0.000000000000000000e+00,-0.000000000000000000e+00,-1.427782500806442506e-02,0.000000000000000000e+00,0.000000000000000000e+00,-0.000000000000000000e+00,-0.000000000000000000e+00,4.374681322998384171e-03,-0.000000000000000000e+00,0.000000000000000000e+00,0.000000000000000000e+00,0.000000000000000000e+00,0.000000000000000000e+00,-0.000000000000000000e+00,-0.000000000000000000e+00,-0.000000000000000000e+00,0.000000000000000000e+00,-5.331177528455638415e-01,1.270870510273353418e-02,2.142303785864177801e+00,0.000000000000000000e+00,-0.000000000000000000e+00,-3.040346035669894836e-02
0.000000000000000000e+00,-0.000000000000000000e+00,-8.129955693605544001e-03,0.000000000000000000e+00,0.000000000000000000e+00,-2.400939118347326373e-01,0.000000000000000000e+00,-0.000000000000000000e+00,-0.000000000000000000e+00,-0.000000000000000000e+00,-0.000000000000000000e+00,0.000000000000000000e+00,0.000000000000000000e+00,-2.317851603391528348e-01,0.000000000000000000e+00,-0.000000000000000000e+00,-0.000000000000000000e+00,0.000000000000000000e+00,0.000000000000000000e+00,-0.000000000000000000e+00,-0.000000000000000000e+00,-0.000000000000000000e+00,-2.463534227973707691e-01,-9.435838318784425804e-02,-1.792580645941281581e-01,-1.907568074715495707e-02,-5.217419381986395654e-01,-0.000000000000000000e+00,-0.000000000000000000e+00,-0.000000000000000000e+00,-0.000000000000000000e+00,-3.336291491132449272e-01,-4.531630695888110849e-01,0.000000000000000000e+00,-2.042301721990925079e-01,0.000000000000000000e+00,2.340651443987851632e+00,0.000000000000000000e+00,0.000000000000000000e+00
-5.433229040594619308e-01,-0.000000000000000000e+00,0.000000000000000000e+00,-0.000000000000000000e+00,-0.000000000000000000e+00,-0.000000000000000000e+00,1.678243329969205389e-01,-0.000000000000000000e+00,-5.116136446815471419e-04,-0.000000000000000000e+00,-0.000000000000000000e+00,0.000000000000000000e+00,-5.461308016527720993e-02,-0.000000000000000000e+00,-5.144272595281562666e-01,-0.000000000000000000e+00,0.000000000000000000e+00,-0.000000000000000000e+00,0.000000000000000000e+00,-0.000000000000000000e+00,-0.000000000000000000e+00,0.000000000000000000e+00,-1.385625969262408441e-01,-0.000000000000000000e+00,-0.000000000000000000e+00,-2.827579003233725019e-01,0.000000000000000000e+00,-8.085063960615575251e-02,-0.000000000000000000e+00,-0.000000000000000000e+00,1.170425856847605028e-01,0.000000000000000000e+00,0.000000000000000000e+00,-0.000000000000000000e+00,-0.000000000000000000e+00,-0.000000000000000000e+00,0.000000000000000000e+00,1.696731628745078213e+00,-6.519501731402489730e-02
-0.000000000000000000e+00,-6.759424323273741653e-01,0.000000000000000000e+00,4.474987436009425501e-02,-0.000000000000000000e+00,0.000000000000000000e+00,4.110266337301732992e-02,0.000000000000000000e+00,-3.761972566401145524e-01,-1.517872517206882432e-01,-0.000000000000000000e+00,-2.527828743713338433e-01,-0.000000000000000000e+00,-0.000000000000000000e+00,0.000000000000000000e+00,-0.000000000000000000e+00,-3.596945748388760689e-02,0.000000000000000000e+00,0.000000000000000000e+00,0.000000000000000000e+00,0.000000000000000000e+00,-0.000000000000000000e+00,-0.000000000000000000e+00,7.940873496744221480e-03,-0.000000000000000000e+00,0.000000000000000000e+00,-0.000000000000000000e+00,0.000000000000000000e+00,0.000000000000000000e+00,-0.000000000000000000e+00,0.000000000000000000e+00,-0.000000000000000000e+00,0.000000000000000000e+00,-0.000000000000000000e+00,4.692667132116178780e-02,-3.040346035669894836e-02,0.000000000000000000e+00,-6.519501731402489730e-02,1.813741706288067634e+00
