1.818335957297001260e+00,-4.521309749621282292e-01,-0.000000000000000000e+00,0.000000000000000000e+00,-0.000000000000000000e+00,-0.000000000000000000e+00,-0.000000000000000000e+00,0.000000000000000000e+00,0.000000000000000000e+00,-3.079346337612662854e-01,-0.000000000000000000e+00,0.000000000000000000e+00,5.230821773906860900e-02,-0.000000000000000000e+00,0.000000000000000000e+00,-2.250058684010836085e-01,-0.000000000000000000e+00,0.000000000000000000e+00,0.000000000000000000e+00,-0.000000000000000000e+00,-0.000000000000000000e+00,-0.000000000000000000e+00,-0.000000000000000000e+00,-0.000000000000000000e+00,-0.000000000000000000e+00,-2.328406161170585853e-01,-0.000000000000000000e+00,-0.000000000000000000e+00,-5.852756331556490527e-02,-1.980677306164533857e-01,-0.000000000000000000e+00,-0.000000000000000000e+00,-0.000000000000000000e+00,-0.000000000000000000e+00,-1.602105157707700567e-01,-7.788574741151174652e-02,-0.000000000000000000e+00,0.000000000000000000e+00,0.000000000000000000e+00
-4.521309749621282292e-01,1.493692598002480665e+00,0.000000000000000000e+00,0.000000000000000000e+00,-0.000000000000000000e+00,-0.000000000000000000e+00,-0.000000000000000000e+00,0.000000000000000000e+00,0.000000000000000000e+00,-0.000000000000000000e+00,-0.000000000000000000e+00,0.000000000000000000e+00,0.000000000000000000e+00,-0.000000000000000000e+00,0.000000000000000000e+00,-0.000000000000000000e+00,-0.000000000000000000e+00,0.000000000000000000e+00,0.000000000000000000e+00,0.000000000000000000e+00,-0.000000000000000000e+00,0.000000000000000000e+00,-0.000000000000000000e+00,-0.000000000000000000e+00,-3.018637285794327496e-02,-0.000000000000000000e+00,-0.000000000000000000e+00,0.000000000000000000e+00,-2.549912423865817804e-02,-3.481994275740709632e-01,-0.000000000000000000e+00,-0.000000000000000000e+00,-0.000000000000000000e+00,0.000000000000000000e+00,-0.000000000000000000e+00,-2.486390511489451061e-01,-0.000000000000000000e+00,0.000000000000000000e+00,0.000000000000000000e+00
-0.000000000000000000e+00,0.000000000000000000e+00,2.151204211036525926e+00,0.000000000000000000e+00,-4.808082134217527837e-01,-0.000000000000000000e+00,-0.000000000000000000e+00,1.097704653783379891e+00,-0.000000000000000000e+00,-0.000000000000000000e+00,-0.000000000000000000e+00,0.000000000000000000e+00,0.000000000000000000e+00,-7.395103673315906595e-03,0.000000000000000000e+00,-7.524090833820151758e-02,-0.000000000000000000e+00,-0.000000000000000000e+00,0.000000000000000000e+00,0.000000000000000000e+00,-0.000000000000000000e+00,-1.111734025695230027e-01,-0.000000000000000000e+00,-0.000000000000000000e+00,-1.486269474072951235e-01,-4.585241992105151126e-02,-0.000000000000000000e+00,-1.042544653044302772e-01,-0.000000000000000000e+00,-0.000000000000000000e+00,-0.000000000000000000e+00,-0.000000000000000000e+00,-8.661832552806369989e-02,-0.000000000000000000e+00,-0.000000000000000000e+00,-0.000000000000000000e+00,-0.000000000000000000e+00,-0.000000000000000000e+00,-0.000000000000000000e+00
0.000000000000000000e+00,0.000000000000000000e+00,0.000000000000000000e+00,1.744488257842133461e+00,0.000000000000000000e+00,0.000000000000000000e+00,0.000000000000000000e+00,-0.000000000000000000e+00,-4.640694309213667934e-02,0.000000000000000000e+00,0.000000000000000000e+00,-2.355815722424773051e-01,-0.000000000000000000e+00,0.000000000000000000e+00,-0.000000000000000000e+00,0.000000000000000000e+00,1.607872019614327297e-01,-2.251326911164790723e-01,-4.658006027812079397e-01,-9.342750078790457158e-03,0.000000000000000000e+00,-0.000000000000000000e+00,0.000000000000000000e+00,-0.000000000000000000e+00,0.000000000000000000e+00,0.000000000000000000e+00,0.000000000000000000e+00,-0.000000000000000000e+00,0.000000000000000000e+00,0.000000000000000000e+00,6.234251657687394678e-03,0.000000000000000000e+00,0.000000000000000000e+00,-0.000000000000000000e+00,1.214840267402739066e-01,1.006890414753852381e-01,0.000000000000000000e+00,-0.000000000000000000e+00,-8.129889931710108930e-02
-0.000000000000000000e+00,-0.000000000000000000e+00,-4.808082134217527837e-01,0.000000000000000000e+00,1.885885919031146551e+00,0.000000000000000000e+00,-0.000000000000000000e+00,4.393416375664989659e-01,-0.000000000000000000e+00,-0.000000000000000000e+00,-0.000000000000000000e+00,-0.000000000000000000e+00,1.262504910559038573e-01,-2.820410220800350642e-01,0.000000000000000000e+00,-0.000000000000000000e+00,-0.000000000000000000e+00,-0.000000000000000000e+00,0.000000000000000000e+00,0.000000000000000000e+00,-0.000000000000000000e+00,-7.141178696715154428e-02,-0.000000000000000000e+00,-0.000000000000000000e+00,-0.000000000000000000e+00,-5.289857278154790760e-02,-0.000000000000000000e+00,-0.000000000000000000e+00,-0.000000000000000000e+00,-0.000000000000000000e+00,-0.000000000000000000e+00,-0.000000000000000000e+00,-0.000000000000000000e+00,-5.786820834108031830e-01,-0.000000000000000000e+00,-0.000000000000000000e+00,-0.000000000000000000e+00,-0.000000000000000000e+00,-0.000000000000000000e+00
-0.000000000000000000e+00,-0.000000000000000000e+00,-0.000000000000000000e+00,0.000000000000000000e+00,0.000000000000000000e+00,2.793467028754541115e+00,-1.400404732652826834e-01,0.000000000000000000e+00,3.124974170306841770e-01,-0.000000000000000000e+00,-3.225413792847560135e-01,1.641004093867850233e-01,0.000000000000000000e+00,-0.000000000000000000e+00,1.319321220542144513e-01,-4.460258602404795075e-02,-3.780052954742044724e-01,0.000000000000000000e+00,0.000000000000000000e+00,-0.000000000000000000e+00,-0.000000000000000000e+00,0.000000000000000000e+00,-1.915113232953683797e-01,0.000000000000000000e+00,-0.000000000000000000e+00,-0.000000000000000000e+00,-2.451235157916575036e-01,-0.000000000000000000e+00,-0.000000000000000000e+00,-0.000000000000000000e+00,-1.153953167926683454e-01,-9.880218757115508815e-03,-9.571190663425666045e-02,0.000000000000000000e+00,-1.977018747028580770e-01,-2.219650443261195552e-02,-4.144908295916580054e-01,1.672867097977056017e-01,0.000000000000000000e+00
-0.000000000000000000e+00,-0.000000000000000000e+00,-0.000000000000000000e+00,0.000000000000000000e+00,-0.000000000000000000e+00,-1.400404732652826834e-01,1.510489404266265545e+00,0.000000000000000000e+00,0.000000000000000000e+00,-0.000000000000000000e+00,-0.000000000000000000e+00,2.276330171103589650e-01,0.000000000000000000e+00,-0.000000000000000000e+00,4.566131080902313677e-03,-9.511103704980218565e-02,-5.198225408624203292e-02,0.000000000000000000e+00,0.000000000000000000e+00,-0.000000000000000000e+00,-0.000000000000000000e+00,0.000000000000000000e+00,-5.978091855688368039e-02,-0.000000000000000000e+00,-0.000000000000000000e+00,-0.000000000000000000e+00,-1.872591645789113135e-01,-8.040889573648714317e-03,-0.000000000000000000e+00,-0.000000000000000000e+00,-2.196123178043569990e-01,-0.000000000000000000e+00,-0.000000000000000000e+00,0.000000000000000000e+00,-0.000000000000000000e+00,-4.207241224060372792e-02,-8.427243291472887032e-02,0.000000000000000000e+00,0.000000000000000000e+00
0.000000000000000000e+00,0.000000000000000000e+00,1.097704653783379891e+00,-0.000000000000000000e+00,4.393416375664989659e-01,0.000000000000000000e+00,0.000000000000000000e+00,2.026139306144353114e+00,0.000000000000000000e+00,0.000000000000000000e+00,0.000000000000000000e+00,-0.000000000000000000e+00,-0.000000000000000000e+00,0.000000000000000000e+00,-0.000000000000000000e+00,0.000000000000000000e+00,0.000000000000000000e+00,0.000000000000000000e+00,-0.000000000000000000e+00,-0.000000000000000000e+00,0.000000000000000000e+00,0.000000000000000000e+00,0.000000000000000000e+00,0.000000000000000000e+00,5.690503552573143026e-02,0.000000000000000000e+00,0.000000000000000000e+00,0.000000000000000000e+00,0.000000000000000000e+00,0.000000000000000000e+00,0.000000000000000000e+00,0.000000000000000000e+00,0.000000000000000000e+00,1.036592343319317627e-01,0.000000000000000000e+00,-0.000000000000000000e+00,0.000000000000000000e+00,0.000000000000000000e+00,0.000000000000000000e+00
0.000000000000000000e+00,0.000000000000000000e+00,-0.000000000000000000e+00,-4.640694309213667934e-02,-0.000000000000000000e+00,3.124974170306841770e-01,0.000000000000000000e+00,0.000000000000000000e+00,2.497426288783156867e+00,0.000000000000000000e+00,7.012737408226807356e-02,-2.968488320376555523e-01,0.000000000000000000e+00,0.000000000000000000e+00,-3.834826073327339824e-01,0.000000000000000000e+00,4.547323881761702533e-03,-2.838762758273636888e-01,-3.099598679755372621e-01,0.000000000000000000e+00,0.000000000000000000e+00,-0.000000000000000000e+00,0.000000000000000000e+00,-0.000000000000000000e+00,0.000000000000000000e+00,0.000000000000000000e+00,0.000000000000000000e+00,0.000000000000000000e+00,0.000000000000000000e+00,-0.000000000000000000e+00,1.330389027577582040e-01,0.000000000000000000e+00,0.000000000000000000e+00,-2.502454158341951285e-01,0.000000000000000000e+00,0.000000000000000000e+00,1.981290988441189449e-01,-2.877932718536332923e-01,-4.999333592891373919e-03
-3.079346337612662854e-01,-0.000000000000000000e+00,-0.000000000000000000e+00,0.000000000000000000e+00,-0.000000000000000000e+00,-0.000000000000000000e+00,-0.000000000000000000e+00,0.000000000000000000e+00,0.000000000000000000e+00,2.308918322980013649e+00,-0.000000000000000000e+00,0.000000000000000000e+00,0.000000000000000000e+00,-7.117060759325689878e-02,0.000000000000000000e+00,-6.997090943705734922e-01,-0.000000000000000000e+00,0.000000000000000000e+00,0.000000000000000000e+00,-0.000000000000000000e+00,-2.002953160054294079e-01,-0.000000000000000000e+00,-1.115975196769707911e-01,-0.000000000000000000e+00,-1.237528046750858701e-01,-2.149542794066357787e-01,-6.698415555394220122e-02,-2.155316608213970198e-01,-1.798262337789515164e-01,-0.000000000000000000e+00,-0.000000000000000000e+00,-1.339116591097014308e-01,-0.000000000000000000e+00,-0.000000000000000000e+00,-8.288648070550526381e-02,-0.000000000000000000e+00,-7.898513605004405316e-03,0.000000000000000000e+00,0.000000000000000000e+00
-0.000000000000000000e+00,-0.000000000000000000e+00,-0.000000000000000000e+00,0.000000000000000000e+00,-0.000000000000000000e+00,-3.225413792847560135e-01,-0.000000000000000000e+00,0.000000000000000000e+00,7.012737408226807356e-02,-0.000000000000000000e+00,2.127429584857673639e+00,1.127940500904795751e-01,0.000000000000000000e+00,-0.000000000000000000e+00,1.278508324667886609e-01,-0.000000000000000000e+00,-4.662507667987386695e-01,0.000000000000000000e+00,1.560313399770245357e-01,0.000000000000000000e+00,-0.000000000000000000e+00,0.000000000000000000e+00,-1.472650152792778222e-01,-0.000000000000000000e+00,-0.000000000000000000e+00,-0.000000000000000000e+00,-0.000000000000000000e+00,-0.000000000000000000e+00,-2.792360068305907994e-01,-0.000000000000000000e+00,-1.165941424431086587e-01,-1.569574422527913460e-01,-1.647897190636220602e-02,0.000000000000000000e+00,-0.000000000000000000e+00,-1.165477812244792265e-02,-0.000000000000000000e+00,0.000000000000000000e+00,0.000000000000000000e+00
0.000000000000000000e+00,0.000000000000000000e+00,0.000000000000000000e+00,-2.355815722424773051e-01,-0.000000000000000000e+00,1.641004093867850233e-01,2.276330171103589650e-01,-0.000000000000000000e+00,-2.968488320376555523e-01,0.000000000000000000e+00,1.127940500904795751e-01,2.338433355965110927e+00,-0.000000000000000000e+00,0.000000000000000000e+00,-4.523363643043729065e-01,0.000000000000000000e+00,2.875111969362438846e-01,-1.369094978759876624e-01,-6.125553936566741769e-02,-0.000000000000000000e+00,0.000000000000000000e+00,-0.000000000000000000e+00,0.000000000000000000e+00,-0.000000000000000000e+00,0.000000000000000000e+00,0.000000000000000000e+00,0.000000000000000000e+00,0.000000000000000000e+00,0.000000000000000000e+00,0.000000000000000000e+00,0.000000000000000000e+00,0.000000000000000000e+00,0.000000000000000000e+00,-9.282493666628256757e-02,0.000000000000000000e+00,0.000000000000000000e+00,8.980752771657853073e-02,-3.135671675280592152e-02,-2.210980873584817430e-01
5.230821773906860900e-02,0.000000000000000000e+00,0.000000000000000000e+00,-0.000000000000000000e+00,1.262504910559038573e-01,0.000000000000000000e+00,0.000000000000000000e+00,-0.000000000000000000e+00,0.000000000000000000e+00,0.000000000000000000e+00,0.000000000000000000e+00,-0.000000000000000000e+00,1.038803594617057291e+00,0.000000000000000000e+00,-0.000000000000000000e+00,0.000000000000000000e+00,0.000000000000000000e+00,-0.000000000000000000e+00,-0.000000000000000000e+00,-1.049323668967352963e-02,0.000000000000000000e+00,0.000000000000000000e+00,0.000000000000000000e+00,-0.000000000000000000e+00,1.070590143372690192e-03,1.050391571519293105e-01,0.000000000000000000e+00,0.000000000000000000e+00,0.000000000000000000e+00,0.000000000000000000e+00,0.000000000000000000e+00,0.000000000000000000e+00,0.000000000000000000e+00,0.000000000000000000e+00,0.000000000000000000e+00,0.000000000000000000e+00,0.000000000000000000e+00,0.000000000000000000e+00,-0.000000000000000000e+00
-0.000000000000000000e+00,-0.000000000000000000e+00,-7.395103673315906595e-03,0.000000000000000000e+00,-2.820410220800350642e-01,-0.000000000000000000e+00,-0.000000000000000000e+00,0.000000000000000000e+00,0.000000000000000000e+00,-7.117060759325689878e-02,-0.000000000000000000e+00,0.000000000000000000e+00,0.000000000000000000e+00,1.750176691755185310e+00,0.000000000000000000e+00,-9.796378206800414323e-02,-0.000000000000000000e+00,0.000000000000000000e+00,0.000000000000000000e+00,0.000000000000000000e+00,-0.000000000000000000e+00,-2.340983695458163927e-02,-2.116697623824546348e-01,-2.875765123736858664e-01,-1.738875066616301091e-01,-2.243545892291055888e-02,-0.000000000000000000e+00,-0.000000000000000000e+00,-2.685629120808665782e-01,-2.771548088588496883e-01,-0.000000000000000000e+00,-0.000000000000000000e+00,-1.906346564379073349e-01,-0.000000000000000000e+00,-0.000000000000000000e+00,-0.000000000000000000e+00,-0.000000000000000000e+00,0.000000000000000000e+00,-0.000000000000000000e+00
0.000000000000000000e+00,0.000000000000000000e+00,0.000000000000000000e+00,-0.000000000000000000e+00,0.000000000000000000e+00,1.319321220542144513e-01,4.566131080902313677e-03,-0.000000000000000000e+00,-3.834826073327339824e-01,0.000000000000000000e+00,1.278508324667886609e-01,-4.523363643043729065e-01,-0.000000000000000000e+00,0.000000000000000000e+00,2.346052228716346111e+00,0.000000000000000000e+00,4.588853799942321787e-02,-1.392164888436822345e-01,-2.414191769439719415e-01,-0.000000000000000000e+00,1.817925027768511614e-01,0.000000000000000000e+00,0.000000000000000000e+00,-0.000000000000000000e+00,0.000000000000000000e+00,0.000000000000000000e+00,3.514196617511215759e-02,0.000000000000000000e+00,0.000000000000000000e+00,0.000000000000000000e+00,3.102695549418546528e-01,0.000000000000000000e+00,5.149155652175498032e-02,-0.000000000000000000e+00,6.414508024402389152e-02,0.000000000000000000e+00,1.045558908452579039e-01,-1.793894007162677440e-02,-0.000000000000000000e+00
-2.250058684010836085e-01,-0.000000000000000000e+00,-7.524090833820151758e-02,0.000000000000000000e+00,-0.000000000000000000e+00,-4.460258602404795075e-02,-9.511103704980218565e-02,0.000000000000000000e+00,0.000000000000000000e+00,-6.997090943705734922e-01,-0.000000000000000000e+00,0.000000000000000000e+00,0.000000000000000000e+00,-9.796378206800414323e-02,0.000000000000000000e+00,2.321780609593423694e+00,-2.474276604871517293e-01,0.000000000000000000e+00,0.000000000000000000e+00,-0.000000000000000000e+00,-5.275986610530114529e-02,-0.000000000000000000e+00,-8.821251752343070573e-02,-0.000000000000000000e+00,-1.142542957079567684e-01,-0.000000000000000000e+00,-3.436844737227420787e-02,-1.799746368674534358e-01,-0.000000000000000000e+00,-3.235787103615276467e-02,-1.556927758972532494e-01,-0.000000000000000000e+00,-5.646107118469593372e-02,0.000000000000000000e+00,-1.623160857319398964e-01,-0.000000000000000000e+00,-6.801321676555882600e-02,0.000000000000000000e+00,0.000000000000000000e+00
-0.000000000000000000e+00,-0.000000000000000000e+00,-0.000000000000000000e+00,1.607872019614327297e-01,-0.000000000000000000e+00,-3.780052954742044724e-01,-5.198225408624203292e-02,0.000000000000000000e+00,4.547323881761702533e-03,-0.000000000000000000e+00,-4.662507667987386695e-01,2.875111969362438846e-01,0.000000000000000000e+00,-0.000000000000000000e+00,4.588853799942321787e-02,-2.474276604871517293e-01,2.729487805312860615e+00,0.000000000000000000e+00,8.494284818096621559e-02,0.000000000000000000e+00,-0.000000000000000000e+00,-0.000000000000000000e+00,-7.734695921436188226e-02,-0.000000000000000000e+00,-1.296613006761869989e-02,-0.000000000000000000e+00,-6.750926518943910389e-03,-0.000000000000000000e+00,-0.000000000000000000e+00,-0.000000000000000000e+00,-1.811147641531724306e-01,-1.541918582788392444e-01,-2.434722749524279306e-01,0.000000000000000000e+00,-1.885372735465160876e-01,-1.842771626504772359e-02,-2.505527899829017580e-01,0.000000000000000000e+00,0.000000000000000000e+00
0.000000000000000000e+00,0.000000000000000000e+00,-0.000000000000000000e+00,-2.251326911164790723e-01,-0.000000000000000000e+00,0.000000000000000000e+00,0.000000000000000000e+00,0.000000000000000000e+00,-2.838762758273636888e-01,0.000000000000000000e+00,0.000000000000000000e+00,-1.369094978759876624e-01,-0.000000000000000000e+00,0.000000000000000000e+00,-1.392164888436822345e-01,0.000000000000000000e+00,0.000000000000000000e+00,2.522105031056360414e+00,-3.800471354550111758e-01,-0.000000000000000000e+00,0.000000000000000000e+00,-0.000000000000000000e+00,0.000000000000000000e+00,-0.000000000000000000e+00,0.000000000000000000e+00,-0.000000000000000000e+00,0.000000000000000000e+00,-0.000000000000000000e+00,0.000000000000000000e+00,0.000000000000000000e+00,8.309966879136484325e-03,0.000000000000000000e+00,0.000000000000000000e+00,-2.342438000993646643e-03,1.778344250405518301e-01,1.024786345055248848e-01,0.000000000000000000e+00,-6.940568372215725201e-01,-4.316306130748678860e-01
0.000000000000000000e+00,0.000000000000000000e+00,0.000000000000000000e+00,-4.658006027812079397e-01,0.000000000000000000e+00,0.000000000000000000e+00,0.000000000000000000e+00,-0.000000000000000000e+00,-3.099598679755372621e-01,0.000000000000000000e+00,1.560313399770245357e-01,-6.125553936566741769e-02,-0.000000000000000000e+00,0.000000000000000000e+00,-2.414191769439719415e-01,0.000000000000000000e+00,8.494284818096621559e-02,-3.800471354550111758e-01,2.416311601427466815e+00,-0.000000000000000000e+00,1.401849959378950738e-01,0.000000000000000000e+00,0.000000000000000000e+00,-0.000000000000000000e+00,0.000000000000000000e+00,0.000000000000000000e+00,0.000000000000000000e+00,0.000000000000000000e+00,0.000000000000000000e+00,0.000000000000000000e+00,2.743590666997465233e-01,0.000000000000000000e+00,1.399929722269862564e-01,-0.000000000000000000e+00,8.744383386306152361e-02,3.539948102652486217e-02,7.026933638456263342e-02,-1.264877342454755367e-02,-0.000000000000000000e+00
-0.000000000000000000e+00,0.000000000000000000e+00,0.000000000000000000e+00,-9.342750078790457158e-03,0.000000000000000000e+00,-0.000000000000000000e+00,-0.000000000000000000e+00,-0.000000000000000000e+00,0.000000000000000000e+00,-0.000000000000000000e+00,0.000000000000000000e+00,-0.000000000000000000e+00,-1.049323668967352963e-02,0.000000000000000000e+00,-0.000000000000000000e+00,-0.000000000000000000e+00,0.000000000000000000e+00,-0.000000000000000000e+00,-0.000000000000000000e+00,1.012076632507579399e+00,-0.000000000000000000e+00,-0.000000000000000000e+00,-0.000000000000000000e+00,-0.000000000000000000e+00,0.000000000000000000e+00,-0.000000000000000000e+00,-0.000000000000000000e+00,-1.130549322531563955e-01,0.000000000000000000e+00,0.000000000000000000e+00,-0.000000000000000000e+00,0.000000000000000000e+00,-0.000000000000000000e+00,0.000000000000000000e+00,0.000000000000000000e+00,0.000000000000000000e+00,-0.000000000000000000e+00,-0.000000000000000000e+00,-0.000000000000000000e+00
-0.000000000000000000e+00,-0.000000000000000000e+00,-0.000000000000000000e+00,0.000000000000000000e+00,-0.000000000000000000e+00,-0.000000000000000000e+00,-0.000000000000000000e+00,0.000000000000000000e+00,0.000000000000000000e+00,-2.002953160054294079e-01,-0.000000000000000000e+00,0.000000000000000000e+00,0.000000000000000000e+00,-0.000000000000000000e+00,1.817925027768511614e-01,-5.275986610530114529e-02,-0.000000000000000000e+00,0.000000000000000000e+00,1.401849959378950738e-01,-0.000000000000000000e+00,1.505968813689215757e+00,-6.348310662476090716e-02,-0.000000000000000000e+00,0.000000000000000000e+00,-0.000000000000000000e+00,-0.000000000000000000e+00,-0.000000000000000000e+00,-0.000000000000000000e+00,-6.648817315223725169e-03,-0.000000000000000000e+00,-3.025554851056472261e-01,-0.000000000000000000e+00,-5.600901415694371083e-02,0.000000000000000000e+00,-1.517062864439751579e-01,-4.794346673119383694e-03,-0.000000000000000000e+00,0.000000000000000000e+00,0.000000000000000000e+00
-0.000000000000000000e+00,0.000000000000000000e+00,-1.111734025695230027e-01,-0.000000000000000000e+00,-7.141178696715154428e-02,0.000000000000000000e+00,0.000000000000000000e+00,0.000000000000000000e+00,-0.000000000000000000e+00,-0.000000000000000000e+00,0.000000000000000000e+00,-0.000000000000000000e+00,0.000000000000000000e+00,-2.340983695458163927e-02,0.000000000000000000e+00,-0.000000000000000000e+00,-0.000000000000000000e+00,-0.000000000000000000e+00,0.000000000000000000e+00,-0.000000000000000000e+00,-6.348310662476090716e-02,1.224089135456379651e+00,-0.000000000000000000e+00,-0.000000000000000000e+00,-0.000000000000000000e+00,-0.000000000000000000e+00,-0.000000000000000000e+00,-0.000000000000000000e+00,-0.000000000000000000e+00,-2.469554362650448406e-02,-0.000000000000000000e+00,-0.000000000000000000e+00,-0.000000000000000000e+00,-4.128879796409563596e-01,-0.000000000000000000e+00,-0.000000000000000000e+00,0.000000000000000000e+00,-0.000000000000000000e+00,-6.332365242080582879e-02
-0.000000000000000000e+00,-0.000000000000000000e+00,-0.000000000000000000e+00,0.000000000000000000e+00,-0.000000000000000000e+00,-1.915113232953683797e-01,-5.978091855688368039e-02,0.000000000000000000e+00,0.000000000000000000e+00,-1.115975196769707911e-01,-1.472650152792778222e-01,0.000000000000000000e+00,0.000000000000000000e+00,-2.116697623824546348e-01,0.000000000000000000e+00,-8.821251752343070573e-02,-7.734695921436188226e-02,0.000000000000000000e+00,0.000000000000000000e+00,-0.000000000000000000e+00,-0.000000000000000000e+00,-0.000000000000000000e+00,2.140722231471153147e+00,-0.000000000000000000e+00,-4.981562913659399183e-01,-0.000000000000000000e+00,-0.000000000000000000e+00,-4.382153650204354683e-02,-2.946596731912332623e-01,-0.000000000000000000e+00,-0.000000000000000000e+00,-0.000000000000000000e+00,-2.319808564686940966e-01,0.000000000000000000e+00,-7.799458992119533141e-02,-0.000000000000000000e+00,-9.191282056443438042e-02,0.000000000000000000e+00,0.000000000000000000e+00
-0.000000000000000000e+00,-0.000000000000000000e+00,-0.000000000000000000e+00,-0.000000000000000000e+00,-0.000000000000000000e+00,0.000000000000000000e+00,-0.000000000000000000e+00,0.000000000000000000e+00,-0.000000000000000000e+00,-0.000000000000000000e+00,-0.000000000000000000e+00,-0.000000000000000000e+00,-0.000000000000000000e+00,-2.875765123736858664e-01,-0.000000000000000000e+00,-0.000000000000000000e+00,-0.000000000000000000e+00,-0.000000000000000000e+00,-0.000000000000000000e+00,-0.000000000000000000e+00,0.000000000000000000e+00,-0.000000000000000000e+00,-0.000000000000000000e+00,1.076734645042574989e+00,-0.000000000000000000e+00,-0.000000000000000000e+00,-0.000000000000000000e+00,-0.000000000000000000e+00,-0.000000000000000000e+00,-0.000000000000000000e+00,0.000000000000000000e+00,-0.000000000000000000e+00,-0.000000000000000000e+00,-0.000000000000000000e+00,0.000000000000000000e+00,0.000000000000000000e+00,-0.000000000000000000e+00,-0.000000000000000000e+00,-7.493196549246003641e-04
-0.000000000000000000e+00,-3.018637285794327496e-02,-1.486269474072951235e-01,0.000000000000000000e+00,-0.000000000000000000e+00,-0.000000000000000000e+00,-0.000000000000000000e+00,5.690503552573143026e-02,0.000000000000000000e+00,-1.237528046750858701e-01,-0.000000000000000000e+00,0.000000000000000000e+00,1.070590143372690192e-03,-1.738875066616301091e-01,0.000000000000000000e+00,-1.142542957079567684e-01,-1.296613006761869989e-02,0.000000000000000000e+00,0.000000000000000000e+00,0.000000000000000000e+00,-0.000000000000000000e+00,-0.000000000000000000e+00,-4.981562913659399183e-01,-0.000000000000000000e+00,1.816254485675248276e+00,-0.000000000000000000e+00,-0.000000000000000000e+00,-0.000000000000000000e+00,-1.712041886357380249e-01,-2.180334712179096135e-01,-0.000000000000000000e+00,-0.000000000000000000e+00,-0.000000000000000000e+00,0.000000000000000000e+00,-1.909374088880589071e-01,-0.000000000000000000e+00,-0.000000000000000000e+00,0.000000000000000000e+00,0.000000000000000000e+00
-2.328406161170585853e-01,-0.000000000000000000e+00,-4.585241992105151126e-02,0.000000000000000000e+00,-5.289857278154790760e-02,-0.000000000000000000e+00,-0.000000000000000000e+00,0.000000000000000000e+00,0.000000000000000000e+00,-2.149542794066357787e-01,-0.000000000000000000e+00,0.000000000000000000e+00,1.050391571519293105e-01,-2.243545892291055888e-02,0.000000000000000000e+00,-0.000000000000000000e+00,-0.000000000000000000e+00,-0.000000000000000000e+00,0.000000000000000000e+00,-0.000000000000000000e+00,-0.000000000000000000e+00,-0.000000000000000000e+00,-0.000000000000000000e+00,-0.000000000000000000e+00,-0.000000000000000000e+00,1.795906648430798613e+00,-1.673384431657067850e-01,-5.030039961328225395e-01,-0.000000000000000000e+00,-0.000000000000000000e+00,-0.000000000000000000e+00,-3.013631489124863894e-01,-1.150418283263018732e-01,-0.000000000000000000e+00,-0.000000000000000000e+00,-0.000000000000000000e+00,-0.000000000000000000e+00,-0.000000000000000000e+00,-0.000000000000000000e+00
-0.000000000000000000e+00,-0.000000000000000000e+00,-0.000000000000000000e+00,0.000000000000000000e+00,-0.000000000000000000e+00,-2.451235157916575036e-01,-1.872591645789113135e-01,0.000000000000000000e+00,0.000000000000000000e+00,-6.698415555394220122e-02,-0.000000000000000000e+00,0.000000000000000000e+00,0.000000000000000000e+00,-0.000000000000000000e+00,3.514196617511215759e-02,-3.436844737227420787e-02,-6.750926518943910389e-03,0.000000000000000000e+00,0.000000000000000000e+00,-0.000000000000000000e+00,-0.000000000000000000e+00,-0.000000000000000000e+00,-0.000000000000000000e+00,-0.000000000000000000e+00,-0.000000000000000000e+00,-1.673384431657067850e-01,2.178051004580238370e+00,-1.999166824112321994e-01,-0.000000000000000000e+00,-0.000000000000000000e+00,-3.001382112555739390e-01,-3.077178545501723095e-01,-3.265365596399251169e-01,0.000000000000000000e+00,-0.000000000000000000e+00,-0.000000000000000000e+00,-2.749720356806313881e-01,0.000000000000000000e+00,0.000000000000000000e+00
-0.000000000000000000e+00,0.000000000000000000e+00,-1.042544653044302772e-01,-0.000000000000000000e+00,-0.000000000000000000e+00,-0.000000000000000000e+00,-8.040889573648714317e-03,0.000000000000000000e+00,0.000000000000000000e+00,-2.155316608213970198e-01,-0.000000000000000000e+00,0.000000000000000000e+00,0.000000000000000000e+00,-0.000000000000000000e+00,0.000000000000000000e+00,-1.799746368674534358e-01,-0.000000000000000000e+00,-0.000000000000000000e+00,0.000000000000000000e+00,-1.130549322531563955e-01,-0.000000000000000000e+00,-0.000000000000000000e+00,-4.382153650204354683e-02,-0.000000000000000000e+00,-0.000000000000000000e+00,-5.030039961328225395e-01,-1.999166824112321994e-01,1.628447253645476378e+00,-0.000000000000000000e+00,-0.000000000000000000e+00,-0.000000000000000000e+00,-0.000000000000000000e+00,-7.167897129482313223e-02,-0.000000000000000000e+00,-0.000000000000000000e+00,-0.000000000000000000e+00,-0.000000000000000000e+00,-0.000000000000000000e+00,-0.000000000000000000e+00
-5.852756331556490527e-02,-2.549912423865817804e-02,-0.000000000000000000e+00,0.000000000000000000e+00,-0.000000000000000000e+00,-0.000000000000000000e+00,-0.000000000000000000e+00,0.000000000000000000e+00,0.000000000000000000e+00,-1.798262337789515164e-01,-2.792360068305907994e-01,0.000000000000000000e+00,0.000000000000000000e+00,-2.685629120808665782e-01,0.000000000000000000e+00,-0.000000000000000000e+00,-0.000000000000000000e+00,0.000000000000000000e+00,0.000000000000000000e+00,0.000000000000000000e+00,-6.648817315223725169e-03,-0.000000000000000000e+00,-2.946596731912332623e-01,-0.000000000000000000e+00,-1.712041886357380249e-01,-0.000000000000000000e+00,-0.000000000000000000e+00,-0.000000000000000000e+00,2.061810109790482848e+00,-0.000000000000000000e+00,-0.000000000000000000e+00,-2.356311080326104201e-01,-2.544946012159223295e-02,0.000000000000000000e+00,-2.111051741161406037e-01,-1.039689600403992387e-01,-1.859447050012392189e-01,0.000000000000000000e+00,0.000000000000000000e+00
-1.980677306164533857e-01,-3.481994275740709632e-01,-0.000000000000000000e+00,0.000000000000000000e+00,-0.000000000000000000e+00,-0.000000000000000000e+00,-0.000000000000000000e+00,0.000000000000000000e+00,-0.000000000000000000e+00,-0.000000000000000000e+00,-0.000000000000000000e+00,0.000000000000000000e+00,0.000000000000000000e+00,-2.771548088588496883e-01,0.000000000000000000e+00,-3.235787103615276467e-02,-0.000000000000000000e+00,0.000000000000000000e+00,0.000000000000000000e+00,0.000000000000000000e+00,-0.000000000000000000e+00,-2.469554362650448406e-02,-0.000000000000000000e+00,-0.000000000000000000e+00,-2.180334712179096135e-01,-0.000000000000000000e+00,-0.000000000000000000e+00,-0.000000000000000000e+00,-0.000000000000000000e+00,1.560005053488614957e+00,-0.000000000000000000e+00,-0.000000000000000000e+00,-0.000000000000000000e+00,-0.000000000000000000e+00,-0.000000000000000000e+00,-2.472738212760882126e-01,-0.000000000000000000e+00,0.000000000000000000e+00,0.000000000000000000e+00
-0.000000000000000000e+00,-0.000000000000000000e+00,-0.000000000000000000e+00,6.234251657687394678e-03,-0.000000000000000000e+00,-1.153953167926683454e-01,-2.196123178043569990e-01,0.000000000000000000e+00,1.330389027577582040e-01,-0.000000000000000000e+00,-1.165941424431086587e-01,0.000000000000000000e+00,0.000000000000000000e+00,-0.000000000000000000e+00,3.102695549418546528e-01,-1.556927758972532494e-01,-1.811147641531724306e-01,8.309966879136484325e-03,2.743590666997465233e-01,-0.000000000000000000e+00,-3.025554851056472261e-01,-0.000000000000000000e+00,-0.000000000000000000e+00,0.000000000000000000e+00,-0.000000000000000000e+00,-0.000000000000000000e+00,-3.001382112555739390e-01,-0.000000000000000000e+00,-0.000000000000000000e+00,-0.000000000000000000e+00,2.745777936618516435e+00,-3.761644022307183630e-03,-2.556548992499098616e-01,0.000000000000000000e+00,-2.622749289895335290e-01,-1.989610865306035148e-01,-1.470232135576198806e-01,0.000000000000000000e+00,0.000000000000000000e+00
-0.000000000000000000e+00,-0.000000000000000000e+00,-0.000000000000000000e+00,0.000000000000000000e+00,-0.000000000000000000e+00,-9.880218757115508815e-03,-0.000000000000000000e+00,0.000000000000000000e+00,0.000000000000000000e+00,-1.339116591097014308e-01,-1.569574422527913460e-01,0.000000000000000000e+00,0.000000000000000000e+00,-0.000000000000000000e+00,0.000000000000000000e+00,-0.000000000000000000e+00,-1.541918582788392444e-01,0.000000000000000000e+00,0.000000000000000000e+00,0.000000000000000000e+00,-0.000000000000000000e+00,-0.000000000000000000e+00,-0.000000000000000000e+00,-0.000000000000000000e+00,-0.000000000000000000e+00,-3.013631489124863894e-01,-3.077178545501723095e-01,-0.000000000000000000e+00,-2.356311080326104201e-01,-0.000000000000000000e+00,-3.761644022307183630e-03,1.891821366769592894e+00,-5.301585994015636794e-02,0.000000000000000000e+00,-6.305968581936211362e-03,-0.000000000000000000e+00,-3.377209937741564860e-01,0.000000000000000000e+00,0.000000000000000000e+00
-0.000000000000000000e+00,-0.000000000000000000e+00,-8.661832552806369989e-02,0.000000000000000000e+00,-0.000000000000000000e+00,-9.571190663425666045e-02,-0.000000000000000000e+00,0.000000000000000000e+00,0.000000000000000000e+00,-0.000000000000000000e+00,-1.647897190636220602e-02,0.000000000000000000e+00,0.000000000000000000e+00,-1.906346564379073349e-01,5.149155652175498032e-02,-5.646107118469593372e-02,-2.434722749524279306e-01,0.000000000000000000e+00,1.399929722269862564e-01,-0.000000000000000000e+00,-5.600901415694371083e-02,-0.000000000000000000e+00,-2.319808564686940966e-01,-0.000000000000000000e+00,-0.000000000000000000e+00,-1.150418283263018732e-01,-3.265365596399251169e-01,-7.167897129482313223e-02,-2.544946012159223295e-02,-0.000000000000000000e+00,-2.556548992499098616e-01,-5.301585994015636794e-02,2.181834808875240839e+00,-0.000000000000000000e+00,-2.339497993698416711e-02,-0.000000000000000000e+00,-1.880426918950768300e-01,0.000000000000000000e+00,0.000000000000000000e+00
-0.000000000000000000e+00,0.000000000000000000e+00,-0.000000000000000000e+00,-0.000000000000000000e+00,-5.786820834108031830e-01,0.000000000000000000e+00,0.000000000000000000e+00,1.036592343319317627e-01,-2.502454158341951285e-01,-0.000000000000000000e+00,0.000000000000000000e+00,-9.282493666628256757e-02,0.000000000000000000e+00,-0.000000000000000000e+00,-0.000000000000000000e+00,0.000000000000000000e+00,0.000000000000000000e+00,-2.342438000993646643e-03,-0.000000000000000000e+00,0.000000000000000000e+00,0.000000000000000000e+00,-4.128879796409563596e-01,0.000000000000000000e+00,-0.000000000000000000e+00,0.000000000000000000e+00,-0.000000000000000000e+00,0.000000000000000000e+00,-0.000000000000000000e+00,0.000000000000000000e+00,-0.000000000000000000e+00,0.000000000000000000e+00,0.000000000000000000e+00,-0.000000000000000000e+00,1.871009295463429201e+00,0.000000000000000000e+00,0.000000000000000000e+00,0.000000000000000000e+00,-3.743741498660254075e-01,-2.734288889806726353e-01
-1.602105157707700567e-01,-0.000000000000000000e+00,-0.000000000000000000e+00,1.214840267402739066e-01,-0.000000000000000000e+00,-1.977018747028580770e-01,-0.000000000000000000e+00,0.000000000000000000e+00,0.000000000000000000e+00,-8.288648070550526381e-02,-0.000000000000000000e+00,0.000000000000000000e+00,0.000000000000000000e+00,-0.000000000000000000e+00,6.414508024402389152e-02,-1.623160857319398964e-01,-1.885372735465160876e-01,1.778344250405518301e-01,8.744383386306152361e-02,0.000000000000000000e+00,-1.517062864439751579e-01,-0.000000000000000000e+00,-7.799458992119533141e-02,0.000000000000000000e+00,-1.909374088880589071e-01,-0.000000000000000000e+00,-0.000000000000000000e+00,-0.000000000000000000e+00,-2.111051741161406037e-01,-0.000000000000000000e+00,-2.622749289895335290e-01,-6.305968581936211362e-03,-2.339497993698416711e-02,0.000000000000000000e+00,2.586107716927660061e+00,-3.083220163561030125e-01,-3.364236679244759776e-01,0.000000000000000000e+00,0.000000000000000000e+00
-7.788574741151174652e-02,-2.486390511489451061e-01,-0.000000000000000000e+00,1.006890414753852381e-01,-0.000000000000000000e+00,-2.219650443261195552e-02,-4.207241224060372792e-02,-0.000000000000000000e+00,0.000000000000000000e+00,-0.000000000000000000e+00,-1.165477812244792265e-02,0.000000000000000000e+00,0.000000000000000000e+00,-0.000000000000000000e+00,0.000000000000000000e+00,-0.000000000000000000e+00,-1.842771626504772359e-02,1.024786345055248848e-01,3.539948102652486217e-02,0.000000000000000000e+00,-4.794346673119383694e-03,-0.000000000000000000e+00,-0.000000000000000000e+00,0.000000000000000000e+00,-0.000000000000000000e+00,-0.000000000000000000e+00,-0.000000000000000000e+00,-0.000000000000000000e+00,-1.039689600403992387e-01,-2.472738212760882126e-01,-1.989610865306035148e-01,-0.000000000000000000e+00,-0.000000000000000000e+00,0.000000000000000000e+00,-3.083220163561030125e-01,1.727796860835217885e+00,-1.985387977320182337e-02,8.044567590738041507e-02,0.000000000000000000e+00
-0.000000000000000000e+00,-0.000000000000000000e+00,-0.000000000000000000e+00,0.000000000000000000e+00,-0.000000000000000000e+00,-4.144908295916580054e-01,-8.427243291472887032e-02,0.000000000000000000e+00,1.981290988441189449e-01,-7.898513605004405316e-03,-0.000000000000000000e+00,8.980752771657853073e-02,0.000000000000000000e+00,-0.000000000000000000e+00,1.045558908452579039e-01,-6.801321676555882600e-02,-2.505527899829017580e-01,0.000000000000000000e+00,7.026933638456263342e-02,-0.000000000000000000e+00,-0.000000000000000000e+00,0.000000000000000000e+00,-9.191282056443438042e-02,-0.000000000000000000e+00,-0.000000000000000000e+00,-0.000000000000000000e+00,-2.749720356806313881e-01,-0.000000000000000000e+00,-1.859447050012392189e-01,-0.000000000000000000e+00,-1.470232135576198806e-01,-3.377209937741564860e-01,-1.880426918950768300e-01,0.000000000000000000e+00,-3.364236679244759776e-01,-1.985387977320182337e-02,2.738022226509376100e+00,0.000000000000000000e+00,0.000000000000000000e+00
0.000000000000000000e+00,0.000000000000000000e+00,-0.000000000000000000e+00,-0.000000000000000000e+00,-0.000000000000000000e+00,1.672867097977056017e-01,0.000000000000000000e+00,0.000000000000000000e+00,-2.877932718536332923e-01,0.000000000000000000e+00,0.000000000000000000e+00,-3.135671675280592152e-02,0.000000000000000000e+00,0.000000000000000000e+00,-1.793894007162677440e-02,0.000000000000000000e+00,0.000000000000000000e+00,-6.940568372215725201e-01,-1.264877342454755367e-02,-0.000000000000000000e+00,0.000000000000000000e+00,-0.000000000000000000e+00,0.000000000000000000e+00,-0.000000000000000000e+00,0.000000000000000000e+00,-0.000000000000000000e+00,0.000000000000000000e+00,-0.000000000000000000e+00,0.000000000000000000e+00,0.000000000000000000e+00,0.000000000000000000e+00,0.000000000000000000e+00,0.000000000000000000e+00,-3.743741498660254075e-01,0.000000000000000000e+00,8.044567590738041507e-02,0.000000000000000000e+00,2.278706388161815699e+00,-5.651544465838459486e-01
0.000000000000000000e+00,0.000000000000000000e+00,-0.000000000000000000e+00,-8.129889931710108930e-02,-0.000000000000000000e+00,0.000000000000000000e+00,0.000000000000000000e+00,0.000000000000000000e+00,-4.999333592891373919e-03,0.000000000000000000e+00,0.000000000000000000e+00,-2.210980873584817430e-01,-0.000000000000000000e+00,-0.000000000000000000e+00,-0.000000000000000000e+00,0.000000000000000000e+00,0.000000000000000000e+00,-4.316306130748678860e-01,-0.000000000000000000e+00,-0.000000000000000000e+00,0.000000000000000000e+00,-6.332365242080582879e-02,0.000000000000000000e+00,-7.493196549246003641e-04,0.000000000000000000e+00,-0.000000000000000000e+00,0.000000000000000000e+00,-0.000000000000000000e+00,0.000000000000000000e+00,0.000000000000000000e+00,0.000000000000000000e+00,0.000000000000000000e+00,0.000000000000000000e+00,-2.734288889806726353e-01,0.000000000000000000e+00,0.000000000000000000e+00,0.000000000000000000e+00,-5.651544465838459486e-01,1.864234629569518242e+00
