2.338785750071160408e+00,-5.348271549537637615e-01,-0.000000000000000000e+00,0.000000000000000000e+00,-0.000000000000000000e+00,-0.000000000000000000e+00,-8.980959580666372788e-03,0.000000000000000000e+00,-0.000000000000000000e+00,-0.000000000000000000e+00,-0.000000000000000000e+00,-1.083821419291840366e-01,0.000000000000000000e+00,-1.445709825741241517e-01,-8.307885122794066157e-02,-1.788536845685260168e-01,-3.630077019262631377e-01,-0.000000000000000000e+00,-0.000000000000000000e+00,-0.000000000000000000e+00,-0.000000000000000000e+00,-1.764188224832677065e-01,-1.982519354336602369e-01,-1.402958348612816653e-01,-2.186952075189829425e-01,-0.000000000000000000e+00,-0.000000000000000000e+00,-0.000000000000000000e+00,-0.000000000000000000e+00,-0.000000000000000000e+00,-1.778938656389141837e-01,-0.000000000000000000e+00,-0.000000000000000000e+00,-0.000000000000000000e+00,-3.407328446729321336e-02,-0.000000000000000000e+00,-0.000000000000000000e+00,-1.619402954133602468e-01,-2.183341493854498369e-02
-5.348271549537637615e-01,2.119977724247759099e+00,-0.000000000000000000e+00,0.000000000000000000e+00,-0.000000000000000000e+00,-0.000000000000000000e+00,-8.729186711590400383e-02,0.000000000000000000e+00,-0.000000000000000000e+00,-1.812531326442842483e-01,-0.000000000000000000e+00,-6.444613910906189791e-02,0.000000000000000000e+00,-0.000000000000000000e+00,-0.000000000000000000e+00,-1.178092739606364098e-01,-3.301571301012658499e-01,-1.604845004027077859e-01,-0.000000000000000000e+00,-1.973284075687951333e-01,-0.000000000000000000e+00,-9.632266848110151991e-02,-2.430432295820222563e-02,-0.000000000000000000e+00,-3.907994976595777908e-02,-3.421854279771752855e-02,-0.000000000000000000e+00,-0.000000000000000000e+00,-1.319587848408806385e-01,-0.000000000000000000e+00,-0.000000000000000000e+00,-0.000000000000000000e+00,-0.000000000000000000e+00,-0.000000000000000000e+00,-2.604330867107024217e-01,-4.391181550536788630e-02,-3.931394352268745285e-02,-0.000000000000000000e+00,-0.000000000000000000e+00
-0.000000000000000000e+00,-0.000000000000000000e+00,2.272878638782470873e+00,0.000000000000000000e+00,-3.489193234420474576e-01,-0.000000000000000000e+00,-0.000000000000000000e+00,1.173842814153220893e+00,-0.000000000000000000e+00,-0.000000000000000000e+00,-0.000000000000000000e+00,-0.000000000000000000e+00,0.000000000000000000e+00,-2.285436602909177509e-02,-0.000000000000000000e+00,-0.000000000000000000e+00,-0.000000000000000000e+00,-0.000000000000000000e+00,0.000000000000000000e+00,0.000000000000000000e+00,-2.573877711421042047e-01,-0.000000000000000000e+00,-0.000000000000000000e+00,-0.000000000000000000e+00,-8.500381968808230770e-02,-0.000000000000000000e+00,0.000000000000000000e+00,-2.327044242060770374e-02,-0.000000000000000000e+00,-0.000000000000000000e+00,-8.486841440957067911e-03,0.000000000000000000e+00,-1.530233240240846670e-01,-1.583260884449567696e-01,-0.000000000000000000e+00,-0.000000000000000000e+00,-0.000000000000000000e+00,-0.000000000000000000e+00,-1.077350709927341575e-02
0.000000000000000000e+00,0.000000000000000000e+00,0.000000000000000000e+00,1.424923293460938156e+00,3.505371335605968891e-02,0.000000000000000000e+00,-0.000000000000000000e+00,-0.000000000000000000e+00,2.278178362094327170e-01,0.000000000000000000e+00,1.256441236726540955e-01,0.000000000000000000e+00,-0.000000000000000000e+00,0.000000000000000000e+00,0.000000000000000000e+00,0.000000000000000000e+00,0.000000000000000000e+00,-0.000000000000000000e+00,-0.000000000000000000e+00,-0.000000000000000000e+00,0.000000000000000000e+00,0.000000000000000000e+00,0.000000000000000000e+00,0.000000000000000000e+00,0.000000000000000000e+00,0.000000000000000000e+00,0.000000000000000000e+00,4.956988301709350231e-01,0.000000000000000000e+00,0.000000000000000000e+00,5.573218861104148499e-03,6.905377217769771703e-02,0.000000000000000000e+00,2.477214502325193746e-02,0.000000000000000000e+00,0.000000000000000000e+00,0.000000000000000000e+00,0.000000000000000000e+00,0.000000000000000000e+00
-0.000000000000000000e+00,-0.000000000000000000e+00,-3.489193234420474576e-01,3.505371335605968891e-02,1.942814068205421352e+00,-0.000000000000000000e+00,-0.000000000000000000e+00,8.586900947295365849e-02,-1.842948647241629823e-01,-0.000000000000000000e+00,-0.000000000000000000e+00,-0.000000000000000000e+00,0.000000000000000000e+00,-5.548742931992990679e-02,-0.000000000000000000e+00,-8.035815293748192756e-02,-0.000000000000000000e+00,-0.000000000000000000e+00,0.000000000000000000e+00,0.000000000000000000e+00,-0.000000000000000000e+00,-0.000000000000000000e+00,-0.000000000000000000e+00,-0.000000000000000000e+00,-0.000000000000000000e+00,-9.121374785500258042e-02,-0.000000000000000000e+00,-2.502780826460405672e-01,-0.000000000000000000e+00,-1.571208536542372525e-01,-7.971167363994256794e-02,-0.000000000000000000e+00,-1.862231691529038502e-01,-3.176774893669797595e-01,-0.000000000000000000e+00,-0.000000000000000000e+00,-0.000000000000000000e+00,-0.000000000000000000e+00,-1.583712206597908123e-01
-0.000000000000000000e+00,-0.000000000000000000e+00,-0.000000000000000000e+00,0.000000000000000000e+00,-0.000000000000000000e+00,1.409550431022957850e+00,-0.000000000000000000e+00,0.000000000000000000e+00,-0.000000000000000000e+00,-0.000000000000000000e+00,-0.000000000000000000e+00,-0.000000000000000000e+00,-0.000000000000000000e+00,-3.503041886750525857e-01,-0.000000000000000000e+00,-0.000000000000000000e+00,-1.172222518363486843e-01,-0.000000000000000000e+00,-0.000000000000000000e+00,-0.000000000000000000e+00,-0.000000000000000000e+00,-0.000000000000000000e+00,-7.400362025594950377e-02,-0.000000000000000000e+00,-2.867540498340127170e-02,-0.000000000000000000e+00,-0.000000000000000000e+00,-0.000000000000000000e+00,-2.322399397793369902e-01,-0.000000000000000000e+00,-0.000000000000000000e+00,-0.000000000000000000e+00,-0.000000000000000000e+00,-0.000000000000000000e+00,-1.042030601324773868e-02,-0.000000000000000000e+00,-0.000000000000000000e+00,-1.722650232862849018e-01,-0.000000000000000000e+00
-8.980959580666372788e-03,-8.729186711590400383e-02,-0.000000000000000000e+00,-0.000000000000000000e+00,-0.000000000000000000e+00,-0.000000000000000000e+00,1.013369680078650692e+00,0.000000000000000000e+00,-0.000000000000000000e+00,-0.000000000000000000e+00,0.000000000000000000e+00,-0.000000000000000000e+00,0.000000000000000000e+00,-0.000000000000000000e+00,-0.000000000000000000e+00,-0.000000000000000000e+00,-0.000000000000000000e+00,-0.000000000000000000e+00,-0.000000000000000000e+00,-0.000000000000000000e+00,-0.000000000000000000e+00,-3.625082374180582656e-02,-4.008543317402743673e-03,-7.376386074069883440e-03,-0.000000000000000000e+00,-0.000000000000000000e+00,-0.000000000000000000e+00,-0.000000000000000000e+00,-0.000000000000000000e+00,-0.000000000000000000e+00,-0.000000000000000000e+00,-0.000000000000000000e+00,-0.000000000000000000e+00,-0.000000000000000000e+00,-0.000000000000000000e+00,-0.000000000000000000e+00,-0.000000000000000000e+00,-0.000000000000000000e+00,-0.000000000000000000e+00
0.000000000000000000e+00,0.000000000000000000e+00,1.173842814153220893e+00,-0.000000000000000000e+00,8.586900947295365849e-02,0.000000000000000000e+00,0.000000000000000000e+00,1.972956843258069526e+00,0.000000000000000000e+00,0.000000000000000000e+00,-0.000000000000000000e+00,0.000000000000000000e+00,-0.000000000000000000e+00,6.538838007403626265e-03,0.000000000000000000e+00,0.000000000000000000e+00,0.000000000000000000e+00,0.000000000000000000e+00,-0.000000000000000000e+00,-0.000000000000000000e+00,2.534354185254046321e-01,0.000000000000000000e+00,0.000000000000000000e+00,0.000000000000000000e+00,2.545705664616717059e-02,0.000000000000000000e+00,-0.000000000000000000e+00,0.000000000000000000e+00,0.000000000000000000e+00,0.000000000000000000e+00,0.000000000000000000e+00,-0.000000000000000000e+00,4.557404074647707082e-02,0.000000000000000000e+00,0.000000000000000000e+00,0.000000000000000000e+00,0.000000000000000000e+00,0.000000000000000000e+00,0.000000000000000000e+00
-0.000000000000000000e+00,-0.000000000000000000e+00,-0.000000000000000000e+00,2.278178362094327170e-01,-1.842948647241629823e-01,-0.000000000000000000e+00,-0.000000000000000000e+00,0.000000000000000000e+00,1.960753408641749518e+00,-1.733072748715259181e-01,-6.723349542429306325e-02,-0.000000000000000000e+00,0.000000000000000000e+00,-0.000000000000000000e+00,0.000000000000000000e+00,-0.000000000000000000e+00,-0.000000000000000000e+00,-0.000000000000000000e+00,0.000000000000000000e+00,0.000000000000000000e+00,-0.000000000000000000e+00,-0.000000000000000000e+00,-0.000000000000000000e+00,-0.000000000000000000e+00,-0.000000000000000000e+00,-2.292127084025220168e-02,-0.000000000000000000e+00,-3.389474959112894203e-01,-0.000000000000000000e+00,-6.749081227430406837e-01,-0.000000000000000000e+00,-0.000000000000000000e+00,-0.000000000000000000e+00,-1.346216076220631830e-01,-0.000000000000000000e+00,-1.729738069406546938e-02,-0.000000000000000000e+00,-8.307102167446862168e-03,-9.632717988919990704e-02
-0.000000000000000000e+00,-1.812531326442842483e-01,-0.000000000000000000e+00,0.000000000000000000e+00,-0.000000000000000000e+00,-0.000000000000000000e+00,-0.000000000000000000e+00,0.000000000000000000e+00,-1.733072748715259181e-01,2.262388779892443136e+00,-0.000000000000000000e+00,-0.000000000000000000e+00,0.000000000000000000e+00,-0.000000000000000000e+00,-0.000000000000000000e+00,-6.303520897527749023e-01,-4.636438353442397242e-02,-0.000000000000000000e+00,-0.000000000000000000e+00,-0.000000000000000000e+00,0.000000000000000000e+00,-0.000000000000000000e+00,-0.000000000000000000e+00,-0.000000000000000000e+00,-1.013297960849533601e-02,-6.432126226957758652e-02,-2.814791789706162783e-02,-9.312177547042771453e-02,-2.501932081339970915e-01,-1.835761913514586119e-01,-0.000000000000000000e+00,-9.823989544404064522e-02,-0.000000000000000000e+00,-0.000000000000000000e+00,-1.143282099831960212e-02,-3.765318288123808421e-01,-1.967260608666327459e-01,-0.000000000000000000e+00,-0.000000000000000000e+00
-0.000000000000000000e+00,-0.000000000000000000e+00,-0.000000000000000000e+00,1.256441236726540955e-01,-0.000000000000000000e+00,-0.000000000000000000e+00,0.000000000000000000e+00,-0.000000000000000000e+00,-6.723349542429306325e-02,-0.000000000000000000e+00,1.542881291532743226e+00,-0.000000000000000000e+00,0.000000000000000000e+00,-0.000000000000000000e+00,-0.000000000000000000e+00,-0.000000000000000000e+00,-9.725463477491855246e-02,0.000000000000000000e+00,0.000000000000000000e+00,-0.000000000000000000e+00,0.000000000000000000e+00,0.000000000000000000e+00,-0.000000000000000000e+00,-0.000000000000000000e+00,-0.000000000000000000e+00,-3.197294197046211539e-01,-2.745409976373491823e-01,-2.980267426577093773e-02,-0.000000000000000000e+00,-0.000000000000000000e+00,-0.000000000000000000e+00,-2.598799295873648885e-01,-0.000000000000000000e+00,-0.000000000000000000e+00,-0.000000000000000000e+00,-0.000000000000000000e+00,-0.000000000000000000e+00,-0.000000000000000000e+00,-6.379291557388215572e-02
-1.083821419291840366e-01,-6.444613910906189791e-02,-0.000000000000000000e+00,0.000000000000000000e+00,-0.000000000000000000e+00,-0.000000000000000000e+00,-0.000000000000000000e+00,0.000000000000000000e+00,-0.000000000000000000e+00,-0.000000000000000000e+00,-0.000000000000000000e+00,1.187604799381212217e+00,0.000000000000000000e+00,-1.025310087008498607e-02,-0.000000000000000000e+00,-0.000000000000000000e+00,-7.852059949769180092e-02,-0.000000000000000000e+00,-0.000000000000000000e+00,-0.000000000000000000e+00,-0.000000000000000000e+00,-0.000000000000000000e+00,-1.041934720507377843e-01,-9.773421844744657055e-03,-1.591764804007866907e-01,-0.000000000000000000e+00,-0.000000000000000000e+00,-0.000000000000000000e+00,-0.000000000000000000e+00,-0.000000000000000000e+00,-0.000000000000000000e+00,-0.000000000000000000e+00,-0.000000000000000000e+00,-6.149438839533858531e-02,-0.000000000000000000e+00,-0.000000000000000000e+00,-0.000000000000000000e+00,-8.963612797211348293e-03,-0.000000000000000000e+00
0.000000000000000000e+00,0.000000000000000000e+00,0.000000000000000000e+00,-0.000000000000000000e+00,0.000000000000000000e+00,-0.000000000000000000e+00,0.000000000000000000e+00,-0.000000000000000000e+00,0.000000000000000000e+00,0.000000000000000000e+00,0.000000000000000000e+00,0.000000000000000000e+00,1.254643664292173666e+00,0.000000000000000000e+00,0.000000000000000000e+00,0.000000000000000000e+00,0.000000000000000000e+00,0.000000000000000000e+00,-0.000000000000000000e+00,-0.000000000000000000e+00,0.000000000000000000e+00,0.000000000000000000e+00,0.000000000000000000e+00,0.000000000000000000e+00,0.000000000000000000e+00,0.000000000000000000e+00,1.365943373101508318e-01,1.515403103040004473e-01,0.000000000000000000e+00,0.000000000000000000e+00,3.563262309698892460e-01,6.066398486442056009e-02,0.000000000000000000e+00,0.000000000000000000e+00,0.000000000000000000e+00,0.000000000000000000e+00,0.000000000000000000e+00,0.000000000000000000e+00,0.000000000000000000e+00
-1.445709825741241517e-01,-0.000000000000000000e+00,-2.285436602909177509e-02,0.000000000000000000e+00,-5.548742931992990679e-02,-3.503041886750525857e-01,-0.000000000000000000e+00,6.538838007403626265e-03,-0.000000000000000000e+00,-0.000000000000000000e+00,-0.000000000000000000e+00,-1.025310087008498607e-02,0.000000000000000000e+00,2.410928642408957767e+00,-3.947389206085514385e-02,-4.126168114059768771e-02,-7.032130320774486465e-02,-0.000000000000000000e+00,-0.000000000000000000e+00,-0.000000000000000000e+00,-0.000000000000000000e+00,-1.212711403683528963e-02,-4.399090426310421353e-01,-4.693925805620567937e-01,-3.120093104086253954e-01,-0.000000000000000000e+00,-0.000000000000000000e+00,-0.000000000000000000e+00,-0.000000000000000000e+00,-0.000000000000000000e+00,-2.909824946950467783e-02,-0.000000000000000000e+00,-3.476130743083605812e-01,-1.033966654599524360e-01,-4.565794126419264742e-02,-0.000000000000000000e+00,-0.000000000000000000e+00,-1.472210145225308908e-01,-0.000000000000000000e+00
-8.307885122794066157e-02,-0.000000000000000000e+00,-0.000000000000000000e+00,0.000000000000000000e+00,-0.000000000000000000e+00,-0.000000000000000000e+00,-0.000000000000000000e+00,0.000000000000000000e+00,0.000000000000000000e+00,-0.000000000000000000e+00,-0.000000000000000000e+00,-0.000000000000000000e+00,0.000000000000000000e+00,-3.947389206085514385e-02,1.103537113251565671e+00,-0.000000000000000000e+00,-9.889907052778841579e-02,0.000000000000000000e+00,-0.000000000000000000e+00,-0.000000000000000000e+00,-0.000000000000000000e+00,-0.000000000000000000e+00,-1.507661318346453505e-01,-2.634047467804663534e-02,-1.164059388045373365e-02,-0.000000000000000000e+00,-0.000000000000000000e+00,-0.000000000000000000e+00,-0.000000000000000000e+00,0.000000000000000000e+00,-0.000000000000000000e+00,-0.000000000000000000e+00,-0.000000000000000000e+00,-0.000000000000000000e+00,-0.000000000000000000e+00,-0.000000000000000000e+00,-0.000000000000000000e+00,-6.854965953077666457e-03,-0.000000000000000000e+00
-1.788536845685260168e-01,-1.178092739606364098e-01,-0.000000000000000000e+00,0.000000000000000000e+00,-8.035815293748192756e-02,-0.000000000000000000e+00,-0.000000000000000000e+00,0.000000000000000000e+00,-0.000000000000000000e+00,-6.303520897527749023e-01,-0.000000000000000000e+00,-0.000000000000000000e+00,0.000000000000000000e+00,-4.126168114059768771e-02,-0.000000000000000000e+00,2.354986743174023456e+00,-6.178875940162993630e-02,-0.000000000000000000e+00,-0.000000000000000000e+00,-0.000000000000000000e+00,-0.000000000000000000e+00,-0.000000000000000000e+00,-1.011912606218943883e-01,-2.620267019965100488e-02,-2.260642363174020786e-01,-8.496664169008914802e-02,-0.000000000000000000e+00,-2.451616166108145853e-02,-0.000000000000000000e+00,-1.260198843142026903e-01,-1.965386364461141067e-01,-0.000000000000000000e+00,-0.000000000000000000e+00,-0.000000000000000000e+00,-2.022914460273247117e-01,-2.406080758578221790e-01,-1.443239705265775275e-01,-0.000000000000000000e+00,-0.000000000000000000e+00
-3.630077019262631377e-01,-3.301571301012658499e-01,-0.000000000000000000e+00,0.000000000000000000e+00,-0.000000000000000000e+00,-1.172222518363486843e-01,-0.000000000000000000e+00,0.000000000000000000e+00,-0.000000000000000000e+00,-4.636438353442397242e-02,-9.725463477491855246e-02,-7.852059949769180092e-02,0.000000000000000000e+00,-7.032130320774486465e-02,-9.889907052778841579e-02,-6.178875940162993630e-02,1.947333263272318149e+00,-0.000000000000000000e+00,-0.000000000000000000e+00,-0.000000000000000000e+00,-0.000000000000000000e+00,-0.000000000000000000e+00,-6.629422050183554627e-02,-0.000000000000000000e+00,-3.867921621186105607e-01,-2.436805828449337824e-02,-0.000000000000000000e+00,-0.000000000000000000e+00,-8.413728806076242739e-02,-0.000000000000000000e+00,-3.909445177360732979e-03,-0.000000000000000000e+00,-0.000000000000000000e+00,-0.000000000000000000e+00,-0.000000000000000000e+00,-0.000000000000000000e+00,-4.891965168746676557e-02,-2.298204879465313294e-02,-5.995900967512313509e-03
-0.000000000000000000e+00,-1.604845004027077859e-01,-0.000000000000000000e+00,-0.000000000000000000e+00,-0.000000000000000000e+00,-0.000000000000000000e+00,-0.000000000000000000e+00,0.000000000000000000e+00,-0.000000000000000000e+00,-0.000000000000000000e+00,0.000000000000000000e+00,-0.000000000000000000e+00,0.000000000000000000e+00,-0.000000000000000000e+00,0.000000000000000000e+00,-0.000000000000000000e+00,-0.000000000000000000e+00,1.495417465291469572e+00,-5.441339404725427098e-01,-0.000000000000000000e+00,-0.000000000000000000e+00,-0.000000000000000000e+00,-1.530976725704311092e-01,-0.000000000000000000e+00,-1.662747135390291869e-02,-0.000000000000000000e+00,-0.000000000000000000e+00,-0.000000000000000000e+00,-6.911016528108042400e-02,-0.000000000000000000e+00,-0.000000000000000000e+00,-0.000000000000000000e+00,-0.000000000000000000e+00,0.000000000000000000e+00,-1.058145744058370530e-01,-2.215007883981864323e-01,-0.000000000000000000e+00,-0.000000000000000000e+00,0.000000000000000000e+00
-0.000000000000000000e+00,-0.000000000000000000e+00,0.000000000000000000e+00,-0.000000000000000000e+00,0.000000000000000000e+00,-0.000000000000000000e+00,-0.000000000000000000e+00,-0.000000000000000000e+00,0.000000000000000000e+00,-0.000000000000000000e+00,0.000000000000000000e+00,-0.000000000000000000e+00,-0.000000000000000000e+00,-0.000000000000000000e+00,-0.000000000000000000e+00,-0.000000000000000000e+00,-0.000000000000000000e+00,-5.441339404725427098e-01,1.284196596570573501e+00,-1.479507724918002476e-01,0.000000000000000000e+00,-0.000000000000000000e+00,-1.031693571746715920e-03,-0.000000000000000000e+00,-0.000000000000000000e+00,-0.000000000000000000e+00,-0.000000000000000000e+00,0.000000000000000000e+00,-7.747106046149927761e-02,0.000000000000000000e+00,-0.000000000000000000e+00,-0.000000000000000000e+00,0.000000000000000000e+00,4.213423750428375164e-02,-0.000000000000000000e+00,-0.000000000000000000e+00,-0.000000000000000000e+00,-0.000000000000000000e+00,4.373858300283547940e-02
-0.000000000000000000e+00,-1.973284075687951333e-01,0.000000000000000000e+00,-0.000000000000000000e+00,0.000000000000000000e+00,-0.000000000000000000e+00,-0.000000000000000000e+00,-0.000000000000000000e+00,0.000000000000000000e+00,-0.000000000000000000e+00,-0.000000000000000000e+00,-0.000000000000000000e+00,-0.000000000000000000e+00,-0.000000000000000000e+00,-0.000000000000000000e+00,-0.000000000000000000e+00,-0.000000000000000000e+00,-0.000000000000000000e+00,-1.479507724918002476e-01,1.090083507958874653e+00,0.000000000000000000e+00,-2.218196254663781092e-02,-7.115005180920848382e-03,-0.000000000000000000e+00,-0.000000000000000000e+00,-0.000000000000000000e+00,-0.000000000000000000e+00,0.000000000000000000e+00,-0.000000000000000000e+00,0.000000000000000000e+00,-0.000000000000000000e+00,-0.000000000000000000e+00,0.000000000000000000e+00,0.000000000000000000e+00,-0.000000000000000000e+00,-7.046775400927356159e-02,-0.000000000000000000e+00,-0.000000000000000000e+00,0.000000000000000000e+00
-0.000000000000000000e+00,-0.000000000000000000e+00,-2.573877711421042047e-01,0.000000000000000000e+00,-0.000000000000000000e+00,-0.000000000000000000e+00,-0.000000000000000000e+00,2.534354185254046321e-01,-0.000000000000000000e+00,0.000000000000000000e+00,0.000000000000000000e+00,-0.000000000000000000e+00,0.000000000000000000e+00,-0.000000000000000000e+00,-0.000000000000000000e+00,-0.000000000000000000e+00,-0.000000000000000000e+00,-0.000000000000000000e+00,0.000000000000000000e+00,0.000000000000000000e+00,1.401394174225781608e+00,-1.458379173236097615e-01,-0.000000000000000000e+00,-0.000000000000000000e+00,-0.000000000000000000e+00,0.000000000000000000e+00,0.000000000000000000e+00,-0.000000000000000000e+00,0.000000000000000000e+00,-0.000000000000000000e+00,-0.000000000000000000e+00,0.000000000000000000e+00,-3.489741999567905761e-01,-0.000000000000000000e+00,-0.000000000000000000e+00,0.000000000000000000e+00,0.000000000000000000e+00,-0.000000000000000000e+00,-0.000000000000000000e+00
-1.764188224832677065e-01,-9.632266848110151991e-02,-0.000000000000000000e+00,0.000000000000000000e+00,-0.000000000000000000e+00,-0.000000000000000000e+00,-3.625082374180582656e-02,0.000000000000000000e+00,-0.000000000000000000e+00,-0.000000000000000000e+00,0.000000000000000000e+00,-0.000000000000000000e+00,0.000000000000000000e+00,-1.212711403683528963e-02,-0.000000000000000000e+00,-0.000000000000000000e+00,-0.000000000000000000e+00,-0.000000000000000000e+00,-0.000000000000000000e+00,-2.218196254663781092e-02,-1.458379173236097615e-01,1.240892773712963582e+00,-1.107210679239649942e-01,-9.809711212812764758e-02,-0.000000000000000000e+00,-0.000000000000000000e+00,-0.000000000000000000e+00,-0.000000000000000000e+00,-0.000000000000000000e+00,-0.000000000000000000e+00,-1.053843410696820027e-01,-0.000000000000000000e+00,-1.498980195151154195e-02,-0.000000000000000000e+00,-0.000000000000000000e+00,-0.000000000000000000e+00,-0.000000000000000000e+00,-0.000000000000000000e+00,-0.000000000000000000e+00
-1.982519354336602369e-01,-2.430432295820222563e-02,-0.000000000000000000e+00,0.000000000000000000e+00,-0.000000000000000000e+00,-7.400362025594950377e-02,-4.008543317402743673e-03,0.000000000000000000e+00,-0.000000000000000000e+00,-0.000000000000000000e+00,-0.000000000000000000e+00,-1.041934720507377843e-01,0.000000000000000000e+00,-4.399090426310421353e-01,-1.507661318346453505e-01,-1.011912606218943883e-01,-6.629422050183554627e-02,-1.530976725704311092e-01,-1.031693571746715920e-03,-7.115005180920848382e-03,-0.000000000000000000e+00,-1.107210679239649942e-01,2.449311656652834568e+00,-1.652161149940651608e-01,-5.475047419937105753e-01,-0.000000000000000000e+00,-0.000000000000000000e+00,-0.000000000000000000e+00,-1.506428669475337601e-01,-0.000000000000000000e+00,-5.841982250391070108e-02,-0.000000000000000000e+00,-4.671220681464770957e-02,-0.000000000000000000e+00,-1.282432945360047205e-01,-0.000000000000000000e+00,-0.000000000000000000e+00,-2.520588351524029602e-01,-0.000000000000000000e+00
-1.402958348612816653e-01,-0.000000000000000000e+00,-0.000000000000000000e+00,0.000000000000000000e+00,-0.000000000000000000e+00,-0.000000000000000000e+00,-7.376386074069883440e-03,0.000000000000000000e+00,-0.000000000000000000e+00,-0.000000000000000000e+00,-0.000000000000000000e+00,-9.773421844744657055e-03,0.000000000000000000e+00,-4.693925805620567937e-01,-2.634047467804663534e-02,-2.620267019965100488e-02,-0.000000000000000000e+00,-0.000000000000000000e+00,-0.000000000000000000e+00,-0.000000000000000000e+00,-0.000000000000000000e+00,-9.809711212812764758e-02,-1.652161149940651608e-01,1.648070200220388859e+00,-2.063914292052280997e-01,-0.000000000000000000e+00,-0.000000000000000000e+00,-0.000000000000000000e+00,-0.000000000000000000e+00,-0.000000000000000000e+00,-0.000000000000000000e+00,-0.000000000000000000e+00,-9.758382969548819175e-02,-0.000000000000000000e+00,-1.066408809382172335e-01,-0.000000000000000000e+00,-0.000000000000000000e+00,-0.000000000000000000e+00,-0.000000000000000000e+00
-2.186952075189829425e-01,-3.907994976595777908e-02,-8.500381968808230770e-02,0.000000000000000000e+00,-0.000000000000000000e+00,-2.867540498340127170e-02,-0.000000000000000000e+00,2.545705664616717059e-02,-0.000000000000000000e+00,-1.013297960849533601e-02,-0.000000000000000000e+00,-1.591764804007866907e-01,0.000000000000000000e+00,-3.120093104086253954e-01,-1.164059388045373365e-02,-2.260642363174020786e-01,-3.867921621186105607e-01,-1.662747135390291869e-02,-0.000000000000000000e+00,-0.000000000000000000e+00,-0.000000000000000000e+00,-0.000000000000000000e+00,-5.475047419937105753e-01,-2.063914292052280997e-01,2.500632111781893929e+00,-0.000000000000000000e+00,-0.000000000000000000e+00,-0.000000000000000000e+00,-1.115808584872795585e-02,-0.000000000000000000e+00,-2.466618097092835582e-01,-0.000000000000000000e+00,-6.455248412268324749e-03,-0.000000000000000000e+00,-1.402562122600548022e-01,-0.000000000000000000e+00,-0.000000000000000000e+00,-2.526617029189530753e-02,-0.000000000000000000e+00
-0.000000000000000000e+00,-3.421854279771752855e-02,-0.000000000000000000e+00,0.000000000000000000e+00,-9.121374785500258042e-02,-0.000000000000000000e+00,-0.000000000000000000e+00,0.000000000000000000e+00,-2.292127084025220168e-02,-6.432126226957758652e-02,-3.197294197046211539e-01,-0.000000000000000000e+00,0.000000000000000000e+00,-0.000000000000000000e+00,-0.000000000000000000e+00,-8.496664169008914802e-02,-2.436805828449337824e-02,-0.000000000000000000e+00,-0.000000000000000000e+00,-0.000000000000000000e+00,0.000000000000000000e+00,-0.000000000000000000e+00,-0.000000000000000000e+00,-0.000000000000000000e+00,-0.000000000000000000e+00,2.264188397901496952e+00,-6.635600145546156625e-01,-2.880874377927811758e-01,-6.908625508355754896e-02,-0.000000000000000000e+00,-1.779850518688583239e-01,-2.932414403398253544e-01,-0.000000000000000000e+00,-0.000000000000000000e+00,-0.000000000000000000e+00,-0.000000000000000000e+00,-1.877039472537209985e-01,-0.000000000000000000e+00,-0.000000000000000000e+00
-0.000000000000000000e+00,-0.000000000000000000e+00,0.000000000000000000e+00,0.000000000000000000e+00,-0.000000000000000000e+00,-0.000000000000000000e+00,-0.000000000000000000e+00,-0.000000000000000000e+00,-0.000000000000000000e+00,-2.814791789706162783e-02,-2.745409976373491823e-01,-0.000000000000000000e+00,1.365943373101508318e-01,-0.000000000000000000e+00,-0.000000000000000000e+00,-0.000000000000000000e+00,-0.000000000000000000e+00,-0.000000000000000000e+00,-0.000000000000000000e+00,-0.000000000000000000e+00,0.000000000000000000e+00,-0.000000000000000000e+00,-0.000000000000000000e+00,-0.000000000000000000e+00,-0.000000000000000000e+00,-6.635600145546156625e-01,2.076390283663532177e+00,-0.000000000000000000e+00,-3.505447615746632578e-02,-0.000000000000000000e+00,-0.000000000000000000e+00,-5.004901124432939996e-01,-0.000000000000000000e+00,-0.000000000000000000e+00,-0.000000000000000000e+00,-6.457263418427049151e-02,-2.388416413218907852e-01,-0.000000000000000000e+00,-0.000000000000000000e+00
-0.000000000000000000e+00,-0.000000000000000000e+00,-2.327044242060770374e-02,4.956988301709350231e-01,-2.502780826460405672e-01,-0.000000000000000000e+00,-0.000000000000000000e+00,0.000000000000000000e+00,-3.389474959112894203e-01,-9.312177547042771453e-02,-2.980267426577093773e-02,-0.000000000000000000e+00,1.515403103040004473e-01,-0.000000000000000000e+00,-0.000000000000000000e+00,-2.451616166108145853e-02,-0.000000000000000000e+00,-0.000000000000000000e+00,0.000000000000000000e+00,0.000000000000000000e+00,-0.000000000000000000e+00,-0.000000000000000000e+00,-0.000000000000000000e+00,-0.000000000000000000e+00,-0.000000000000000000e+00,-2.880874377927811758e-01,-0.000000000000000000e+00,2.080206424193111303e+00,-0.000000000000000000e+00,-1.297631776119099190e-01,-3.279843139313038947e-01,-7.221442916884214525e-02,-0.000000000000000000e+00,-0.000000000000000000e+00,-0.000000000000000000e+00,-0.000000000000000000e+00,-0.000000000000000000e+00,-0.000000000000000000e+00,-0.000000000000000000e+00
-0.000000000000000000e+00,-1.319587848408806385e-01,-0.000000000000000000e+00,0.000000000000000000e+00,-0.000000000000000000e+00,-2.322399397793369902e-01,-0.000000000000000000e+00,0.000000000000000000e+00,-0.000000000000000000e+00,-2.501932081339970915e-01,-0.000000000000000000e+00,-0.000000000000000000e+00,0.000000000000000000e+00,-0.000000000000000000e+00,-0.000000000000000000e+00,-0.000000000000000000e+00,-8.413728806076242739e-02,-6.911016528108042400e-02,-7.747106046149927761e-02,-0.000000000000000000e+00,0.000000000000000000e+00,-0.000000000000000000e+00,-1.506428669475337601e-01,-0.000000000000000000e+00,-1.115808584872795585e-02,-6.908625508355754896e-02,-3.505447615746632578e-02,-0.000000000000000000e+00,2.282892831586516014e+00,-0.000000000000000000e+00,-0.000000000000000000e+00,-1.533024081477696865e-01,-0.000000000000000000e+00,-0.000000000000000000e+00,-3.732951589931274849e-01,-1.900271094948890183e-01,-5.946153125834033881e-01,-0.000000000000000000e+00,-0.000000000000000000e+00
-0.000000000000000000e+00,-0.000000000000000000e+00,-0.000000000000000000e+00,0.000000000000000000e+00,-1.571208536542372525e-01,-0.000000000000000000e+00,-0.000000000000000000e+00,0.000000000000000000e+00,-6.749081227430406837e-01,-1.835761913514586119e-01,-0.000000000000000000e+00,-0.000000000000000000e+00,0.000000000000000000e+00,-0.000000000000000000e+00,0.000000000000000000e+00,-1.260198843142026903e-01,-0.000000000000000000e+00,-0.000000000000000000e+00,0.000000000000000000e+00,0.000000000000000000e+00,-0.000000000000000000e+00,-0.000000000000000000e+00,-0.000000000000000000e+00,-0.000000000000000000e+00,-0.000000000000000000e+00,-0.000000000000000000e+00,-0.000000000000000000e+00,-1.297631776119099190e-01,-0.000000000000000000e+00,1.666803244208013179e+00,-0.000000000000000000e+00,-6.127723333020867330e-02,-0.000000000000000000e+00,-0.000000000000000000e+00,-0.000000000000000000e+00,-0.000000000000000000e+00,-0.000000000000000000e+00,-0.000000000000000000e+00,-0.000000000000000000e+00
-1.778938656389141837e-01,-0.000000000000000000e+00,-8.486841440957067911e-03,5.573218861104148499e-03,-7.971167363994256794e-02,-0.000000000000000000e+00,-0.000000000000000000e+00,0.000000000000000000e+00,-0.000000000000000000e+00,-0.000000000000000000e+00,-0.000000000000000000e+00,-0.000000000000000000e+00,3.563262309698892460e-01,-2.909824946950467783e-02,-0.000000000000000000e+00,-1.965386364461141067e-01,-3.909445177360732979e-03,-0.000000000000000000e+00,-0.000000000000000000e+00,-0.000000000000000000e+00,-0.000000000000000000e+00,-1.053843410696820027e-01,-5.841982250391070108e-02,-0.000000000000000000e+00,-2.466618097092835582e-01,-1.779850518688583239e-01,-0.000000000000000000e+00,-3.279843139313038947e-01,-0.000000000000000000e+00,-0.000000000000000000e+00,2.032657756264465210e+00,-0.000000000000000000e+00,-1.468207284358647169e-01,-0.000000000000000000e+00,-1.260648201851794215e-01,-0.000000000000000000e+00,-0.000000000000000000e+00,-0.000000000000000000e+00,-1.642524584712372615e-01
-0.000000000000000000e+00,-0.000000000000000000e+00,0.000000000000000000e+00,6.905377217769771703e-02,-0.000000000000000000e+00,-0.000000000000000000e+00,-0.000000000000000000e+00,-0.000000000000000000e+00,-0.000000000000000000e+00,-9.823989544404064522e-02,-2.598799295873648885e-01,-0.000000000000000000e+00,6.066398486442056009e-02,-0.000000000000000000e+00,-0.000000000000000000e+00,-0.000000000000000000e+00,-0.000000000000000000e+00,-0.000000000000000000e+00,-0.000000000000000000e+00,-0.000000000000000000e+00,0.000000000000000000e+00,-0.000000000000000000e+00,-0.000000000000000000e+00,-0.000000000000000000e+00,-0.000000000000000000e+00,-2.932414403398253544e-01,-5.004901124432939996e-01,-7.221442916884214525e-02,-1.533024081477696865e-01,-6.127723333020867330e-02,-0.000000000000000000e+00,2.084430089663845465e+00,-0.000000000000000000e+00,-0.000000000000000000e+00,-0.000000000000000000e+00,-0.000000000000000000e+00,-4.607146073865724389e-01,-0.000000000000000000e+00,-0.000000000000000000e+00
-0.000000000000000000e+00,-0.000000000000000000e+00,-1.530233240240846670e-01,0.000000000000000000e+00,-1.862231691529038502e-01,-0.000000000000000000e+00,-0.000000000000000000e+00,4.557404074647707082e-02,-0.000000000000000000e+00,-0.000000000000000000e+00,-0.000000000000000000e+00,-0.000000000000000000e+00,0.000000000000000000e+00,-3.476130743083605812e-01,-0.000000000000000000e+00,-0.000000000000000000e+00,-0.000000000000000000e+00,-0.000000000000000000e+00,0.000000000000000000e+00,0.000000000000000000e+00,-3.489741999567905761e-01,-1.498980195151154195e-02,-4.671220681464770957e-02,-9.758382969548819175e-02,-6.455248412268324749e-03,-0.000000000000000000e+00,-0.000000000000000000e+00,-0.000000000000000000e+00,-0.000000000000000000e+00,-0.000000000000000000e+00,-1.468207284358647169e-01,-0.000000000000000000e+00,1.858178874352198084e+00,-2.958724472747484291e-01,-0.000000000000000000e+00,-0.000000000000000000e+00,-0.000000000000000000e+00,-0.000000000000000000e+00,-1.796980311586032775e-01
-0.000000000000000000e+00,-0.000000000000000000e+00,-1.583260884449567696e-01,2.477214502325193746e-02,-3.176774893669797595e-01,-0.000000000000000000e+00,-0.000000000000000000e+00,0.000000000000000000e+00,-1.346216076220631830e-01,-0.000000000000000000e+00,-0.000000000000000000e+00,-6.149438839533858531e-02,0.000000000000000000e+00,-1.033966654599524360e-01,-0.000000000000000000e+00,-0.000000000000000000e+00,-0.000000000000000000e+00,0.000000000000000000e+00,4.213423750428375164e-02,0.000000000000000000e+00,-0.000000000000000000e+00,-0.000000000000000000e+00,-0.000000000000000000e+00,-0.000000000000000000e+00,-0.000000000000000000e+00,-0.000000000000000000e+00,-0.000000000000000000e+00,-0.000000000000000000e+00,-0.000000000000000000e+00,-0.000000000000000000e+00,-0.000000000000000000e+00,-0.000000000000000000e+00,-2.958724472747484291e-01,1.899034679551054872e+00,-0.000000000000000000e+00,-0.000000000000000000e+00,-0.000000000000000000e+00,-2.337265827595826906e-01,-5.218592559694318345e-01
-3.407328446729321336e-02,-2.604330867107024217e-01,-0.000000000000000000e+00,0.000000000000000000e+00,-0.000000000000000000e+00,-1.042030601324773868e-02,-0.000000000000000000e+00,0.000000000000000000e+00,-0.000000000000000000e+00,-1.143282099831960212e-02,-0.000000000000000000e+00,-0.000000000000000000e+00,0.000000000000000000e+00,-4.565794126419264742e-02,-0.000000000000000000e+00,-2.022914460273247117e-01,-0.000000000000000000e+00,-1.058145744058370530e-01,-0.000000000000000000e+00,-0.000000000000000000e+00,-0.000000000000000000e+00,-0.000000000000000000e+00,-1.282432945360047205e-01,-1.066408809382172335e-01,-1.402562122600548022e-01,-0.000000000000000000e+00,-0.000000000000000000e+00,-0.000000000000000000e+00,-3.732951589931274849e-01,-0.000000000000000000e+00,-1.260648201851794215e-01,-0.000000000000000000e+00,-0.000000000000000000e+00,-0.000000000000000000e+00,2.155575095582305867e+00,-2.745608429678114346e-02,-5.486008824158508101e-01,-0.000000000000000000e+00,-0.000000000000000000e+00
-0.000000000000000000e+00,-4.391181550536788630e-02,-0.000000000000000000e+00,0.000000000000000000e+00,-0.000000000000000000e+00,-0.000000000000000000e+00,-0.000000000000000000e+00,0.000000000000000000e+00,-1.729738069406546938e-02,-3.765318288123808421e-01,-0.000000000000000000e+00,-0.000000000000000000e+00,0.000000000000000000e+00,-0.000000000000000000e+00,-0.000000000000000000e+00,-2.406080758578221790e-01,-0.000000000000000000e+00,-2.215007883981864323e-01,-0.000000000000000000e+00,-7.046775400927356159e-02,0.000000000000000000e+00,-0.000000000000000000e+00,-0.000000000000000000e+00,-0.000000000000000000e+00,-0.000000000000000000e+00,-0.000000000000000000e+00,-6.457263418427049151e-02,-0.000000000000000000e+00,-1.900271094948890183e-01,-0.000000000000000000e+00,-0.000000000000000000e+00,-0.000000000000000000e+00,-0.000000000000000000e+00,-0.000000000000000000e+00,-2.745608429678114346e-02,1.557274861587322645e+00,-3.499026948038240492e-02,-0.000000000000000000e+00,-0.000000000000000000e+00
-0.000000000000000000e+00,-3.931394352268745285e-02,-0.000000000000000000e+00,0.000000000000000000e+00,-0.000000000000000000e+00,-0.000000000000000000e+00,-0.000000000000000000e+00,0.000000000000000000e+00,-0.000000000000000000e+00,-1.967260608666327459e-01,-0.000000000000000000e+00,-0.000000000000000000e+00,0.000000000000000000e+00,-0.000000000000000000e+00,-0.000000000000000000e+00,-1.443239705265775275e-01,-4.891965168746676557e-02,-0.000000000000000000e+00,-0.000000000000000000e+00,-0.000000000000000000e+00,0.000000000000000000e+00,-0.000000000000000000e+00,-0.000000000000000000e+00,-0.000000000000000000e+00,-0.000000000000000000e+00,-1.877039472537209985e-01,-2.388416413218907852e-01,-0.000000000000000000e+00,-5.946153125834033881e-01,-0.000000000000000000e+00,-0.000000000000000000e+00,-4.607146073865724389e-01,-0.000000000000000000e+00,-0.000000000000000000e+00,-5.486008824158508101e-01,-3.499026948038240492e-02,2.470563719943751124e+00,-0.000000000000000000e+00,-0.000000000000000000e+00
-1.619402954133602468e-01,-0.000000000000000000e+00,-0.000000000000000000e+00,0.000000000000000000e+00,-0.000000000000000000e+00,-1.722650232862849018e-01,-0.000000000000000000e+00,0.000000000000000000e+00,-8.307102167446862168e-03,-0.000000000000000000e+00,-0.000000000000000000e+00,-8.963612797211348293e-03,0.000000000000000000e+00,-1.472210145225308908e-01,-6.854965953077666457e-03,-0.000000000000000000e+00,-2.298204879465313294e-02,-0.000000000000000000e+00,-0.000000000000000000e+00,-0.000000000000000000e+00,-0.000000000000000000e+00,-0.000000000000000000e+00,-2.520588351524029602e-01,-0.000000000000000000e+00,-2.526617029189530753e-02,-0.000000000000000000e+00,-0.000000000000000000e+00,-0.000000000000000000e+00,-0.000000000000000000e+00,-0.000000000000000000e+00,-0.000000000000000000e+00,-0.000000000000000000e+00,-0.000000000000000000e+00,-2.337265827595826906e-01,-0.000000000000000000e+00,-0.000000000000000000e+00,-0.000000000000000000e+00,1.680175944188561088e+00,-4.350136302249547060e-01
-2.183341493854498369e-02,-0.000000000000000000e+00,-1.077350709927341575e-02,0.000000000000000000e+00,-1.583712206597908123e-01,-0.000000000000000000e+00,-0.000000000000000000e+00,0.000000000000000000e+00,-9.632717988919990704e-02,-0.000000000000000000e+00,-6.379291557388215572e-02,-0.000000000000000000e+00,0.000000000000000000e+00,-0.000000000000000000e+00,-0.000000000000000000e+00,-0.000000000000000000e+00,-5.995900967512313509e-03,0.000000000000000000e+00,4.373858300283547940e-02,0.000000000000000000e+00,-0.000000000000000000e+00,-0.000000000000000000e+00,-0.000000000000000000e+00,-0.000000000000000000e+00,-0.000000000000000000e+00,-0.000000000000000000e+00,-0.000000000000000000e+00,-0.000000000000000000e+00,-0.000000000000000000e+00,-0.000000000000000000e+00,-1.642524584712372615e-01,-0.000000000000000000e+00,-1.796980311586032775e-01,-5.218592559694318345e-01,-0.000000000000000000e+00,-0.000000000000000000e+00,-0.000000000000000000e+00,-4.350136302249547060e-01,1.804797615654052834e+00
