2.109730563823158711e+00,-4.583569104079410761e-01,0.000000000000000000e+00,-0.000000000000000000e+00,-1.933093755709770212e-01,0.000000000000000000e+00,-0.000000000000000000e+00,-0.000000000000000000e+00,-6.548251881014234554e-02,-0.000000000000000000e+00,0.000000000000000000e+00,0.000000000000000000e+00,-0.000000000000000000e+00,-0.000000000000000000e+00,9.553847072786905703e-02,-5.187039308189598241e-01,-0.000000000000000000e+00,-0.000000000000000000e+00,-0.000000000000000000e+00,-6.954389097365192007e-02,0.000000000000000000e+00,-0.000000000000000000e+00,-1.206541857860644060e-03,-0.000000000000000000e+00,-0.000000000000000000e+00,-0.000000000000000000e+00,0.000000000000000000e+00,0.000000000000000000e+00,0.000000000000000000e+00,-4.190313885543410222e-01,0.000000000000000000e+00,-0.000000000000000000e+00,-0.000000000000000000e+00,-1.010765046742188311e-01,0.000000000000000000e+00,-0.000000000000000000e+00,0.000000000000000000e+00,-2.504651086466245236e-01,-0.000000000000000000e+00
-4.583569104079410761e-01,2.787460671447568483e+00,0.000000000000000000e+00,-1.444802053375969231e-01,-1.712110556549067408e-01,0.000000000000000000e+00,-1.632199539228540164e-01,-0.000000000000000000e+00,-2.623681847237231413e-01,-0.000000000000000000e+00,0.000000000000000000e+00,0.000000000000000000e+00,-0.000000000000000000e+00,-0.000000000000000000e+00,1.671118390263309217e-01,-0.000000000000000000e+00,-0.000000000000000000e+00,-1.905682850810463680e-01,-2.120044282194564755e-01,-8.115282425071457251e-02,0.000000000000000000e+00,-0.000000000000000000e+00,-2.515641963866689923e-01,-0.000000000000000000e+00,-0.000000000000000000e+00,0.000000000000000000e+00,0.000000000000000000e+00,1.803804682656438493e-02,0.000000000000000000e+00,-1.795552751706001871e-03,0.000000000000000000e+00,0.000000000000000000e+00,-0.000000000000000000e+00,-1.852632159314269167e-01,0.000000000000000000e+00,0.000000000000000000e+00,0.000000000000000000e+00,-3.440116163439685959e-01,-2.672859228159099598e-01
0.000000000000000000e+00,0.000000000000000000e+00,2.412624920919556715e+00,8.913522593100121905e-02,0.000000000000000000e+00,-3.545740626218223113e-02,8.664873742686245162e-02,9.424674318149273144e-01,0.000000000000000000e+00,-0.000000000000000000e+00,-6.709928921129409973e-02,-0.000000000000000000e+00,1.137326872543399231e-01,0.000000000000000000e+00,-0.000000000000000000e+00,0.000000000000000000e+00,-0.000000000000000000e+00,0.000000000000000000e+00,6.979756147332338845e-02,0.000000000000000000e+00,-1.365838810008011828e-01,0.000000000000000000e+00,0.000000000000000000e+00,-0.000000000000000000e+00,-0.000000000000000000e+00,-0.000000000000000000e+00,-5.594553081392826532e-02,-3.222769614202028454e-01,-0.000000000000000000e+00,0.000000000000000000e+00,-1.540264221193053118e-01,-0.000000000000000000e+00,-0.000000000000000000e+00,0.000000000000000000e+00,-1.535546903005772512e-01,-8.041866733130373368e-02,-0.000000000000000000e+00,0.000000000000000000e+00,3.776107084278536308e-02
-0.000000000000000000e+00,-1.444802053375969231e-01,8.913522593100121905e-02,2.576084853352310411e+00,-1.691122444568334549e-01,1.568280711354973767e-01,-1.407738841557774068e-01,-1.237290368643820526e-01,-1.863513409514821473e-01,0.000000000000000000e+00,0.000000000000000000e+00,8.543451700413957905e-02,-0.000000000000000000e+00,-0.000000000000000000e+00,1.082629304915720958e-01,-0.000000000000000000e+00,0.000000000000000000e+00,-1.982825508984699392e-01,-1.726499052263612000e-01,-3.514379093208676308e-02,0.000000000000000000e+00,-7.246734582502815936e-02,-0.000000000000000000e+00,-0.000000000000000000e+00,0.000000000000000000e+00,0.000000000000000000e+00,0.000000000000000000e+00,1.329395632159862950e-01,1.312946730775005899e-01,-8.466082625997429015e-03,0.000000000000000000e+00,0.000000000000000000e+00,0.000000000000000000e+00,-3.192997922665685023e-02,1.556632179195564236e-01,0.000000000000000000e+00,2.377990346900842600e-01,-2.514861661153405259e-01,-9.515283643589808604e-02
-1.933093755709770212e-01,-1.712110556549067408e-01,0.000000000000000000e+00,-1.691122444568334549e-01,2.678493711800052246e+00,0.000000000000000000e+00,-7.430947183376844511e-02,-0.000000000000000000e+00,-3.390172197689116373e-01,-0.000000000000000000e+00,0.000000000000000000e+00,0.000000000000000000e+00,-0.000000000000000000e+00,-1.207645391462774526e-01,1.882753765359800324e-01,-0.000000000000000000e+00,-0.000000000000000000e+00,-2.481642055174013983e-01,-1.532833117093817255e-01,-8.281436858112520283e-02,0.000000000000000000e+00,-0.000000000000000000e+00,-2.593906485865996592e-01,-0.000000000000000000e+00,-0.000000000000000000e+00,0.000000000000000000e+00,0.000000000000000000e+00,0.000000000000000000e+00,0.000000000000000000e+00,-1.976494244942863798e-01,0.000000000000000000e+00,0.000000000000000000e+00,-0.000000000000000000e+00,-2.228218598352306179e-01,0.000000000000000000e+00,0.000000000000000000e+00,0.000000000000000000e+00,-2.545367518449556110e-01,-1.762419049041246133e-01
0.000000000000000000e+00,0.000000000000000000e+00,-3.545740626218223113e-02,1.568280711354973767e-01,0.000000000000000000e+00,2.101364523448149502e+00,0.000000000000000000e+00,3.018368586609832330e-03,0.000000000000000000e+00,-0.000000000000000000e+00,-4.650814445435779154e-01,-6.188684318259946721e-02,0.000000000000000000e+00,-0.000000000000000000e+00,-0.000000000000000000e+00,0.000000000000000000e+00,-1.276640489979744275e-01,0.000000000000000000e+00,0.000000000000000000e+00,0.000000000000000000e+00,-0.000000000000000000e+00,0.000000000000000000e+00,0.000000000000000000e+00,-0.000000000000000000e+00,-1.052600016483924705e-01,-0.000000000000000000e+00,-0.000000000000000000e+00,-6.176699834015392243e-02,-5.493754672401715000e-01,0.000000000000000000e+00,-0.000000000000000000e+00,-0.000000000000000000e+00,-0.000000000000000000e+00,0.000000000000000000e+00,-2.024682021744590443e-01,-1.393139298830461253e-02,-2.832138628818771653e-01,3.001103038104361784e-02,0.000000000000000000e+00
-0.000000000000000000e+00,-1.632199539228540164e-01,8.664873742686245162e-02,-1.407738841557774068e-01,-7.430947183376844511e-02,0.000000000000000000e+00,2.396926385008428362e+00,-1.072994989754701145e-01,-1.296305043071473151e-01,0.000000000000000000e+00,0.000000000000000000e+00,3.825311554865366559e-01,-0.000000000000000000e+00,-0.000000000000000000e+00,0.000000000000000000e+00,-0.000000000000000000e+00,0.000000000000000000e+00,-9.829421286469799957e-02,-3.000254775566384979e-01,-0.000000000000000000e+00,8.282782601005156398e-02,-0.000000000000000000e+00,-1.211348494780804252e-01,-0.000000000000000000e+00,0.000000000000000000e+00,0.000000000000000000e+00,6.153580259953348418e-03,1.477479153752493390e-01,0.000000000000000000e+00,-0.000000000000000000e+00,0.000000000000000000e+00,0.000000000000000000e+00,-0.000000000000000000e+00,-0.000000000000000000e+00,4.436010902778139003e-02,0.000000000000000000e+00,1.292776450298712410e-01,-8.130709937729438397e-02,-2.641709861422267824e-01
-0.000000000000000000e+00,-0.000000000000000000e+00,9.424674318149273144e-01,-1.237290368643820526e-01,-0.000000000000000000e+00,3.018368586609832330e-03,-1.072994989754701145e-01,2.477814516897237418e+00,-0.000000000000000000e+00,0.000000000000000000e+00,2.448593162427727121e-02,0.000000000000000000e+00,-1.433971454037435977e-01,-0.000000000000000000e+00,0.000000000000000000e+00,-0.000000000000000000e+00,0.000000000000000000e+00,-0.000000000000000000e+00,-1.147514713534883851e-01,-0.000000000000000000e+00,1.722230594184454289e-01,-0.000000000000000000e+00,-0.000000000000000000e+00,0.000000000000000000e+00,0.000000000000000000e+00,0.000000000000000000e+00,2.614853137876298889e-02,2.688019321867403666e-01,0.000000000000000000e+00,-0.000000000000000000e+00,9.654264346617393022e-02,0.000000000000000000e+00,0.000000000000000000e+00,-0.000000000000000000e+00,1.863039664102480730e-01,5.717618510961783307e-02,0.000000000000000000e+00,-7.039272607755710232e-02,-1.023035923132654262e-01
-6.548251881014234554e-02,-2.623681847237231413e-01,0.000000000000000000e+00,-1.863513409514821473e-01,-3.390172197689116373e-01,0.000000000000000000e+00,-1.296305043071473151e-01,-0.000000000000000000e+00,2.920795740039894728e+00,-0.000000000000000000e+00,0.000000000000000000e+00,1.059240952124395757e-01,-0.000000000000000000e+00,-0.000000000000000000e+00,1.931053215253865363e-01,-0.000000000000000000e+00,0.000000000000000000e+00,-2.767226528618663695e-01,-1.483050985528190924e-01,-8.316763839211532838e-02,0.000000000000000000e+00,-0.000000000000000000e+00,-3.135001368692417745e-01,-6.830060089247004529e-03,-0.000000000000000000e+00,0.000000000000000000e+00,0.000000000000000000e+00,0.000000000000000000e+00,0.000000000000000000e+00,-2.481099298834409939e-01,0.000000000000000000e+00,0.000000000000000000e+00,-0.000000000000000000e+00,-3.195320328669225274e-02,1.049670009224195344e-01,0.000000000000000000e+00,1.388666033006218936e-01,-2.456088907307723279e-01,-2.233708043852896674e-01
-0.000000000000000000e+00,-0.000000000000000000e+00,-0.000000000000000000e+00,0.000000000000000000e+00,-0.000000000000000000e+00,-0.000000000000000000e+00,0.000000000000000000e+00,0.000000000000000000e+00,-0.000000000000000000e+00,1.907473647292627472e+00,-0.000000000000000000e+00,-0.000000000000000000e+00,0.000000000000000000e+00,-0.000000000000000000e+00,0.000000000000000000e+00,-7.773620243305819910e-01,-0.000000000000000000e+00,0.000000000000000000e+00,0.000000000000000000e+00,-0.000000000000000000e+00,-0.000000000000000000e+00,-0.000000000000000000e+00,-0.000000000000000000e+00,0.000000000000000000e+00,-6.191351287746516691e-02,-4.936639187553386598e-01,-0.000000000000000000e+00,-0.000000000000000000e+00,-0.000000000000000000e+00,-0.000000000000000000e+00,-0.000000000000000000e+00,-2.841616227585981314e-01,-9.892430278499267371e-02,-0.000000000000000000e+00,-0.000000000000000000e+00,-2.357673113867699566e-01,-0.000000000000000000e+00,-0.000000000000000000e+00,0.000000000000000000e+00
0.000000000000000000e+00,0.000000000000000000e+00,-6.709928921129409973e-02,0.000000000000000000e+00,0.000000000000000000e+00,-4.650814445435779154e-01,0.000000000000000000e+00,2.448593162427727121e-02,0.000000000000000000e+00,-0.000000000000000000e+00,2.193824262852293483e+00,-0.000000000000000000e+00,1.595679387975892649e-01,-0.000000000000000000e+00,-0.000000000000000000e+00,-0.000000000000000000e+00,-2.161566757901048075e-01,0.000000000000000000e+00,0.000000000000000000e+00,0.000000000000000000e+00,-0.000000000000000000e+00,-0.000000000000000000e+00,0.000000000000000000e+00,-0.000000000000000000e+00,-2.029517947742948691e-01,-0.000000000000000000e+00,-2.676825895139875455e-01,-8.587109777727876259e-02,-0.000000000000000000e+00,0.000000000000000000e+00,-3.404918710607804933e-01,-3.008260968445606309e-01,-0.000000000000000000e+00,0.000000000000000000e+00,-2.903070058351242891e-02,-5.388142595512074307e-02,-2.085057991010393075e-01,0.000000000000000000e+00,0.000000000000000000e+00
0.000000000000000000e+00,0.000000000000000000e+00,-0.000000000000000000e+00,8.543451700413957905e-02,0.000000000000000000e+00,-6.188684318259946721e-02,3.825311554865366559e-01,0.000000000000000000e+00,1.059240952124395757e-01,-0.000000000000000000e+00,-0.000000000000000000e+00,1.757375823347935073e+00,0.000000000000000000e+00,0.000000000000000000e+00,-1.646950076541559282e-01,0.000000000000000000e+00,-0.000000000000000000e+00,6.860601732338651726e-02,1.999381433195555891e-01,0.000000000000000000e+00,-0.000000000000000000e+00,0.000000000000000000e+00,0.000000000000000000e+00,0.000000000000000000e+00,-0.000000000000000000e+00,-0.000000000000000000e+00,-0.000000000000000000e+00,-8.156462803415888418e-02,-2.950781067706290464e-02,0.000000000000000000e+00,-0.000000000000000000e+00,-0.000000000000000000e+00,-0.000000000000000000e+00,0.000000000000000000e+00,-1.121015706167644982e-01,-0.000000000000000000e+00,-8.337242817013687524e-02,2.241019897896973090e-02,5.049582658841519911e-02
-0.000000000000000000e+00,-0.000000000000000000e+00,1.137326872543399231e-01,-0.000000000000000000e+00,-0.000000000000000000e+00,0.000000000000000000e+00,-0.000000000000000000e+00,-1.433971454037435977e-01,-0.000000000000000000e+00,0.000000000000000000e+00,1.595679387975892649e-01,0.000000000000000000e+00,1.871194188913075873e+00,0.000000000000000000e+00,0.000000000000000000e+00,-0.000000000000000000e+00,0.000000000000000000e+00,-0.000000000000000000e+00,-0.000000000000000000e+00,-0.000000000000000000e+00,7.646707925303836140e-02,0.000000000000000000e+00,-0.000000000000000000e+00,0.000000000000000000e+00,0.000000000000000000e+00,0.000000000000000000e+00,2.856951470630866158e-02,2.254517056725369173e-02,0.000000000000000000e+00,0.000000000000000000e+00,8.831309105968705442e-01,6.495206435508830978e-02,-1.480534805446217551e-02,-1.184779240705927661e-01,0.000000000000000000e+00,0.000000000000000000e+00,0.000000000000000000e+00,-0.000000000000000000e+00,-0.000000000000000000e+00
-0.000000000000000000e+00,-0.000000000000000000e+00,0.000000000000000000e+00,-0.000000000000000000e+00,-1.207645391462774526e-01,-0.000000000000000000e+00,-0.000000000000000000e+00,-0.000000000000000000e+00,-0.000000000000000000e+00,-0.000000000000000000e+00,-0.000000000000000000e+00,0.000000000000000000e+00,0.000000000000000000e+00,1.441990316405097117e+00,0.000000000000000000e+00,-6.583523113957887030e-02,-1.744644795298539441e-01,-0.000000000000000000e+00,-0.000000000000000000e+00,-0.000000000000000000e+00,0.000000000000000000e+00,-0.000000000000000000e+00,-2.613194949346515084e-01,-3.495859269427665783e-01,-2.495537042333376698e-01,-0.000000000000000000e+00,-0.000000000000000000e+00,0.000000000000000000e+00,-0.000000000000000000e+00,-2.233096376865039145e-01,-0.000000000000000000e+00,-0.000000000000000000e+00,-1.801149748481783650e-02,-0.000000000000000000e+00,0.000000000000000000e+00,-0.000000000000000000e+00,0.000000000000000000e+00,-0.000000000000000000e+00,-0.000000000000000000e+00
9.553847072786905703e-02,1.671118390263309217e-01,-0.000000000000000000e+00,1.082629304915720958e-01,1.882753765359800324e-01,-0.000000000000000000e+00,0.000000000000000000e+00,0.000000000000000000e+00,1.931053215253865363e-01,0.000000000000000000e+00,-0.000000000000000000e+00,-1.646950076541559282e-01,0.000000000000000000e+00,0.000000000000000000e+00,2.098377563617184194e+00,0.000000000000000000e+00,0.000000000000000000e+00,3.010154387942174936e-01,0.000000000000000000e+00,6.803379763032323113e-02,-0.000000000000000000e+00,0.000000000000000000e+00,2.234194251433753095e-02,0.000000000000000000e+00,0.000000000000000000e+00,-0.000000000000000000e+00,-0.000000000000000000e+00,-0.000000000000000000e+00,-0.000000000000000000e+00,3.008870699516095759e-01,-0.000000000000000000e+00,-0.000000000000000000e+00,0.000000000000000000e+00,0.000000000000000000e+00,-0.000000000000000000e+00,-0.000000000000000000e+00,-0.000000000000000000e+00,3.004533710863784846e-01,5.119106161331685168e-02
-5.187039308189598241e-01,-0.000000000000000000e+00,0.000000000000000000e+00,-0.000000000000000000e+00,-0.000000000000000000e+00,0.000000000000000000e+00,-0.000000000000000000e+00,-0.000000000000000000e+00,-0.000000000000000000e+00,-7.773620243305819910e-01,-0.000000000000000000e+00,0.000000000000000000e+00,-0.000000000000000000e+00,-6.583523113957887030e-02,0.000000000000000000e+00,1.791777742835518605e+00,-0.000000000000000000e+00,-0.000000000000000000e+00,-0.000000000000000000e+00,-0.000000000000000000e+00,0.000000000000000000e+00,-0.000000000000000000e+00,-4.664279948995414538e-02,-0.000000000000000000e+00,-1.932409890978903644e-01,-8.385003886374281512e-02,-0.000000000000000000e+00,0.000000000000000000e+00,-0.000000000000000000e+00,-1.880291684641514083e-01,-0.000000000000000000e+00,-0.000000000000000000e+00,-2.112653324925934523e-02,-0.000000000000000000e+00,0.000000000000000000e+00,-0.000000000000000000e+00,0.000000000000000000e+00,-0.000000000000000000e+00,-0.000000000000000000e+00
-0.000000000000000000e+00,-0.000000000000000000e+00,-0.000000000000000000e+00,0.000000000000000000e+00,-0.000000000000000000e+00,-1.276640489979744275e-01,0.000000000000000000e+00,0.000000000000000000e+00,0.000000000000000000e+00,-0.000000000000000000e+00,-2.161566757901048075e-01,-0.000000000000000000e+00,0.000000000000000000e+00,-1.744644795298539441e-01,0.000000000000000000e+00,-0.000000000000000000e+00,1.145252007166848829e+00,-0.000000000000000000e+00,0.000000000000000000e+00,0.000000000000000000e+00,0.000000000000000000e+00,0.000000000000000000e+00,-0.000000000000000000e+00,-3.277934726615475830e-02,-6.013935895647688074e-02,-0.000000000000000000e+00,-0.000000000000000000e+00,-0.000000000000000000e+00,-6.080459635190969825e-02,-0.000000000000000000e+00,-0.000000000000000000e+00,-0.000000000000000000e+00,-0.000000000000000000e+00,0.000000000000000000e+00,-0.000000000000000000e+00,-0.000000000000000000e+00,-0.000000000000000000e+00,0.000000000000000000e+00,0.000000000000000000e+00
-0.000000000000000000e+00,-1.905682850810463680e-01,0.000000000000000000e+00,-1.982825508984699392e-01,-2.481642055174013983e-01,0.000000000000000000e+00,-9.829421286469799957e-02,-0.000000000000000000e+00,-2.767226528618663695e-01,0.000000000000000000e+00,0.000000000000000000e+00,6.860601732338651726e-02,-0.000000000000000000e+00,-0.000000000000000000e+00,3.010154387942174936e-01,-0.000000000000000000e+00,-0.000000000000000000e+00,2.792144800122623227e+00,-3.056021372974124239e-01,-8.465070636269396431e-03,0.000000000000000000e+00,-0.000000000000000000e+00,-2.176055773362773615e-01,-0.000000000000000000e+00,-0.000000000000000000e+00,0.000000000000000000e+00,0.000000000000000000e+00,3.263900011877390178e-02,0.000000000000000000e+00,-9.489819571404113641e-02,0.000000000000000000e+00,0.000000000000000000e+00,-0.000000000000000000e+00,-0.000000000000000000e+00,1.934973302891640490e-01,0.000000000000000000e+00,1.038419126785143226e-01,-2.483976834226923336e-01,-2.508409884499211984e-01
-0.000000000000000000e+00,-2.120044282194564755e-01,6.979756147332338845e-02,-1.726499052263612000e-01,-1.532833117093817255e-01,0.000000000000000000e+00,-3.000254775566384979e-01,-1.147514713534883851e-01,-1.483050985528190924e-01,0.000000000000000000e+00,0.000000000000000000e+00,1.999381433195555891e-01,-0.000000000000000000e+00,-0.000000000000000000e+00,0.000000000000000000e+00,-0.000000000000000000e+00,0.000000000000000000e+00,-3.056021372974124239e-01,2.790812439445893300e+00,-0.000000000000000000e+00,1.668330625797395939e-01,-0.000000000000000000e+00,-9.923004287513323418e-02,-0.000000000000000000e+00,0.000000000000000000e+00,0.000000000000000000e+00,0.000000000000000000e+00,2.412493760817903676e-01,0.000000000000000000e+00,-0.000000000000000000e+00,0.000000000000000000e+00,0.000000000000000000e+00,-0.000000000000000000e+00,-0.000000000000000000e+00,1.517451824666122551e-01,0.000000000000000000e+00,1.661604014239247140e-01,-1.312995543830302592e-01,-2.484515693932471680e-01
-6.954389097365192007e-02,-8.115282425071457251e-02,0.000000000000000000e+00,-3.514379093208676308e-02,-8.281436858112520283e-02,0.000000000000000000e+00,-0.000000000000000000e+00,-0.000000000000000000e+00,-8.316763839211532838e-02,-0.000000000000000000e+00,0.000000000000000000e+00,0.000000000000000000e+00,-0.000000000000000000e+00,-0.000000000000000000e+00,6.803379763032323113e-02,-0.000000000000000000e+00,0.000000000000000000e+00,-8.465070636269396431e-03,-0.000000000000000000e+00,1.159001692782510640e+00,0.000000000000000000e+00,-0.000000000000000000e+00,-2.967912341751974270e-02,-0.000000000000000000e+00,-0.000000000000000000e+00,-0.000000000000000000e+00,0.000000000000000000e+00,0.000000000000000000e+00,0.000000000000000000e+00,-0.000000000000000000e+00,0.000000000000000000e+00,0.000000000000000000e+00,-0.000000000000000000e+00,-0.000000000000000000e+00,0.000000000000000000e+00,0.000000000000000000e+00,0.000000000000000000e+00,-7.201013959406654674e-02,-0.000000000000000000e+00
0.000000000000000000e+00,0.000000000000000000e+00,-1.365838810008011828e-01,0.000000000000000000e+00,0.000000000000000000e+00,-0.000000000000000000e+00,8.282782601005156398e-02,1.722230594184454289e-01,0.000000000000000000e+00,-0.000000000000000000e+00,-0.000000000000000000e+00,-0.000000000000000000e+00,7.646707925303836140e-02,0.000000000000000000e+00,-0.000000000000000000e+00,0.000000000000000000e+00,0.000000000000000000e+00,0.000000000000000000e+00,1.668330625797395939e-01,0.000000000000000000e+00,1.682991362177352013e+00,0.000000000000000000e+00,4.497374998302478694e-02,0.000000000000000000e+00,0.000000000000000000e+00,-0.000000000000000000e+00,-9.153758795716746000e-02,-2.471852884123111604e-01,-0.000000000000000000e+00,0.000000000000000000e+00,-0.000000000000000000e+00,-0.000000000000000000e+00,0.000000000000000000e+00,0.000000000000000000e+00,-4.619186947960256945e-02,-2.096010966838860179e-01,-0.000000000000000000e+00,0.000000000000000000e+00,1.441507889784494345e-01
-0.000000000000000000e+00,-0.000000000000000000e+00,0.000000000000000000e+00,-7.246734582502815936e-02,-0.000000000000000000e+00,0.000000000000000000e+00,-0.000000000000000000e+00,-0.000000000000000000e+00,-0.000000000000000000e+00,-0.000000000000000000e+00,-0.000000000000000000e+00,0.000000000000000000e+00,0.000000000000000000e+00,-0.000000000000000000e+00,0.000000000000000000e+00,-0.000000000000000000e+00,0.000000000000000000e+00,-0.000000000000000000e+00,-0.000000000000000000e+00,-0.000000000000000000e+00,0.000000000000000000e+00,1.009379955532053952e+00,-8.939097727595098769e-03,0.000000000000000000e+00,-0.000000000000000000e+00,0.000000000000000000e+00,0.000000000000000000e+00,0.000000000000000000e+00,0.000000000000000000e+00,-3.291146982061967513e-02,-0.000000000000000000e+00,-0.000000000000000000e+00,0.000000000000000000e+00,-0.000000000000000000e+00,0.000000000000000000e+00,0.000000000000000000e+00,0.000000000000000000e+00,-0.000000000000000000e+00,-0.000000000000000000e+00
-1.206541857860644060e-03,-2.515641963866689923e-01,0.000000000000000000e+00,-0.000000000000000000e+00,-2.593906485865996592e-01,0.000000000000000000e+00,-1.211348494780804252e-01,-0.000000000000000000e+00,-3.135001368692417745e-01,-0.000000000000000000e+00,0.000000000000000000e+00,0.000000000000000000e+00,-0.000000000000000000e+00,-2.613194949346515084e-01,2.234194251433753095e-02,-4.664279948995414538e-02,-0.000000000000000000e+00,-2.176055773362773615e-01,-9.923004287513323418e-02,-2.967912341751974270e-02,4.497374998302478694e-02,-8.939097727595098769e-03,2.192578575120367024e+00,-1.435213947169886872e-01,-0.000000000000000000e+00,0.000000000000000000e+00,0.000000000000000000e+00,0.000000000000000000e+00,0.000000000000000000e+00,-0.000000000000000000e+00,0.000000000000000000e+00,0.000000000000000000e+00,-0.000000000000000000e+00,-2.138143910475293896e-01,0.000000000000000000e+00,0.000000000000000000e+00,0.000000000000000000e+00,-4.553651974998306623e-02,-2.131667437535413046e-01
-0.000000000000000000e+00,-0.000000000000000000e+00,-0.000000000000000000e+00,-0.000000000000000000e+00,-0.000000000000000000e+00,-0.000000000000000000e+00,-0.000000000000000000e+00,0.000000000000000000e+00,-6.830060089247004529e-03,0.000000000000000000e+00,-0.000000000000000000e+00,0.000000000000000000e+00,0.000000000000000000e+00,-3.495859269427665783e-01,0.000000000000000000e+00,-0.000000000000000000e+00,-3.277934726615475830e-02,-0.000000000000000000e+00,-0.000000000000000000e+00,-0.000000000000000000e+00,0.000000000000000000e+00,0.000000000000000000e+00,-1.435213947169886872e-01,1.178209319722415493e+00,-1.743411176735453903e-04,0.000000000000000000e+00,0.000000000000000000e+00,0.000000000000000000e+00,0.000000000000000000e+00,-5.429388581339512215e-02,-0.000000000000000000e+00,-0.000000000000000000e+00,-0.000000000000000000e+00,-0.000000000000000000e+00,0.000000000000000000e+00,-0.000000000000000000e+00,0.000000000000000000e+00,-0.000000000000000000e+00,-0.000000000000000000e+00
-0.000000000000000000e+00,-0.000000000000000000e+00,-0.000000000000000000e+00,0.000000000000000000e+00,-0.000000000000000000e+00,-1.052600016483924705e-01,0.000000000000000000e+00,0.000000000000000000e+00,-0.000000000000000000e+00,-6.191351287746516691e-02,-2.029517947742948691e-01,-0.000000000000000000e+00,0.000000000000000000e+00,-2.495537042333376698e-01,0.000000000000000000e+00,-1.932409890978903644e-01,-6.013935895647688074e-02,-0.000000000000000000e+00,0.000000000000000000e+00,-0.000000000000000000e+00,0.000000000000000000e+00,-0.000000000000000000e+00,-0.000000000000000000e+00,-1.743411176735453903e-04,1.347379780298100238e+00,-4.642475050680101856e-02,-0.000000000000000000e+00,-0.000000000000000000e+00,-8.309756511208997443e-02,-0.000000000000000000e+00,-0.000000000000000000e+00,-0.000000000000000000e+00,-2.930211051523888832e-01,-0.000000000000000000e+00,-0.000000000000000000e+00,-0.000000000000000000e+00,-0.000000000000000000e+00,-0.000000000000000000e+00,-0.000000000000000000e+00
-0.000000000000000000e+00,0.000000000000000000e+00,-0.000000000000000000e+00,0.000000000000000000e+00,0.000000000000000000e+00,-0.000000000000000000e+00,0.000000000000000000e+00,0.000000000000000000e+00,0.000000000000000000e+00,-4.936639187553386598e-01,-0.000000000000000000e+00,-0.000000000000000000e+00,0.000000000000000000e+00,-0.000000000000000000e+00,-0.000000000000000000e+00,-8.385003886374281512e-02,-0.000000000000000000e+00,0.000000000000000000e+00,0.000000000000000000e+00,-0.000000000000000000e+00,-0.000000000000000000e+00,0.000000000000000000e+00,0.000000000000000000e+00,0.000000000000000000e+00,-4.642475050680101856e-02,1.950977423611113926e+00,-3.859070394392787318e-01,-0.000000000000000000e+00,-2.782022536343554675e-01,-0.000000000000000000e+00,-0.000000000000000000e+00,-3.827828168237376039e-01,-0.000000000000000000e+00,0.000000000000000000e+00,-0.000000000000000000e+00,-2.136861559907273223e-01,-7.376858302404652734e-02,0.000000000000000000e+00,0.000000000000000000e+00
0.000000000000000000e+00,0.000000000000000000e+00,-5.594553081392826532e-02,0.000000000000000000e+00,0.000000000000000000e+00,-0.000000000000000000e+00,6.153580259953348418e-03,2.614853137876298889e-02,0.000000000000000000e+00,-0.000000000000000000e+00,-2.676825895139875455e-01,-0.000000000000000000e+00,2.856951470630866158e-02,-0.000000000000000000e+00,-0.000000000000000000e+00,-0.000000000000000000e+00,-0.000000000000000000e+00,0.000000000000000000e+00,0.000000000000000000e+00,0.000000000000000000e+00,-9.153758795716746000e-02,0.000000000000000000e+00,0.000000000000000000e+00,0.000000000000000000e+00,-0.000000000000000000e+00,-3.859070394392787318e-01,2.477227745986737339e+00,-3.517814508071383517e-01,-0.000000000000000000e+00,-0.000000000000000000e+00,-2.378165815835622254e-01,-3.824110792097728528e-01,-0.000000000000000000e+00,0.000000000000000000e+00,-2.220103600744476047e-01,-3.533970628125812086e-01,-2.498790536948801155e-01,0.000000000000000000e+00,0.000000000000000000e+00
0.000000000000000000e+00,1.803804682656438493e-02,-3.222769614202028454e-01,1.329395632159862950e-01,0.000000000000000000e+00,-6.176699834015392243e-02,1.477479153752493390e-01,2.688019321867403666e-01,0.000000000000000000e+00,-0.000000000000000000e+00,-8.587109777727876259e-02,-8.156462803415888418e-02,2.254517056725369173e-02,0.000000000000000000e+00,-0.000000000000000000e+00,0.000000000000000000e+00,-0.000000000000000000e+00,3.263900011877390178e-02,2.412493760817903676e-01,0.000000000000000000e+00,-2.471852884123111604e-01,0.000000000000000000e+00,0.000000000000000000e+00,0.000000000000000000e+00,-0.000000000000000000e+00,-0.000000000000000000e+00,-3.517814508071383517e-01,2.790149113566434913e+00,-0.000000000000000000e+00,0.000000000000000000e+00,-8.074002021886692027e-02,-0.000000000000000000e+00,-0.000000000000000000e+00,0.000000000000000000e+00,-3.299498487440090111e-01,-0.000000000000000000e+00,-2.764361673877673842e-01,0.000000000000000000e+00,2.386776886776369178e-01
0.000000000000000000e+00,0.000000000000000000e+00,-0.000000000000000000e+00,1.312946730775005899e-01,0.000000000000000000e+00,-5.493754672401715000e-01,0.000000000000000000e+00,0.000000000000000000e+00,0.000000000000000000e+00,-0.000000000000000000e+00,-0.000000000000000000e+00,-2.950781067706290464e-02,0.000000000000000000e+00,-0.000000000000000000e+00,-0.000000000000000000e+00,-0.000000000000000000e+00,-6.080459635190969825e-02,0.000000000000000000e+00,0.000000000000000000e+00,0.000000000000000000e+00,-0.000000000000000000e+00,0.000000000000000000e+00,0.000000000000000000e+00,0.000000000000000000e+00,-8.309756511208997443e-02,-2.782022536343554675e-01,-0.000000000000000000e+00,-0.000000000000000000e+00,1.879409276240208371e+00,0.000000000000000000e+00,-0.000000000000000000e+00,-0.000000000000000000e+00,-1.039576031477212198e-01,0.000000000000000000e+00,-1.254482557391794761e-01,-0.000000000000000000e+00,-4.310298936213988741e-01,0.000000000000000000e+00,0.000000000000000000e+00
-4.190313885543410222e-01,-1.795552751706001871e-03,0.000000000000000000e+00,-8.466082625997429015e-03,-1.976494244942863798e-01,0.000000000000000000e+00,-0.000000000000000000e+00,-0.000000000000000000e+00,-2.481099298834409939e-01,-0.000000000000000000e+00,0.000000000000000000e+00,0.000000000000000000e+00,0.000000000000000000e+00,-2.233096376865039145e-01,3.008870699516095759e-01,-1.880291684641514083e-01,-0.000000000000000000e+00,-9.489819571404113641e-02,-0.000000000000000000e+00,-0.000000000000000000e+00,0.000000000000000000e+00,-3.291146982061967513e-02,-0.000000000000000000e+00,-5.429388581339512215e-02,-0.000000000000000000e+00,-0.000000000000000000e+00,-0.000000000000000000e+00,0.000000000000000000e+00,0.000000000000000000e+00,1.862932343056584727e+00,-0.000000000000000000e+00,-0.000000000000000000e+00,-0.000000000000000000e+00,-0.000000000000000000e+00,0.000000000000000000e+00,-0.000000000000000000e+00,0.000000000000000000e+00,-5.275918671261613235e-02,-0.000000000000000000e+00
0.000000000000000000e+00,0.000000000000000000e+00,-1.540264221193053118e-01,0.000000000000000000e+00,0.000000000000000000e+00,-0.000000000000000000e+00,0.000000000000000000e+00,9.654264346617393022e-02,0.000000000000000000e+00,-0.000000000000000000e+00,-3.404918710607804933e-01,-0.000000000000000000e+00,8.831309105968705442e-01,-0.000000000000000000e+00,-0.000000000000000000e+00,-0.000000000000000000e+00,-0.000000000000000000e+00,0.000000000000000000e+00,0.000000000000000000e+00,0.000000000000000000e+00,-0.000000000000000000e+00,-0.000000000000000000e+00,0.000000000000000000e+00,-0.000000000000000000e+00,-0.000000000000000000e+00,-0.000000000000000000e+00,-2.378165815835622254e-01,-8.074002021886692027e-02,-0.000000000000000000e+00,-0.000000000000000000e+00,2.145701415056840311e+00,-2.246567172023312409e-01,0.000000000000000000e+00,0.000000000000000000e+00,-0.000000000000000000e+00,-0.000000000000000000e+00,-0.000000000000000000e+00,0.000000000000000000e+00,0.000000000000000000e+00
-0.000000000000000000e+00,0.000000000000000000e+00,-0.000000000000000000e+00,0.000000000000000000e+00,0.000000000000000000e+00,-0.000000000000000000e+00,0.000000000000000000e+00,0.000000000000000000e+00,0.000000000000000000e+00,-2.841616227585981314e-01,-3.008260968445606309e-01,-0.000000000000000000e+00,6.495206435508830978e-02,-0.000000000000000000e+00,-0.000000000000000000e+00,-0.000000000000000000e+00,-0.000000000000000000e+00,0.000000000000000000e+00,0.000000000000000000e+00,0.000000000000000000e+00,-0.000000000000000000e+00,-0.000000000000000000e+00,0.000000000000000000e+00,-0.000000000000000000e+00,-0.000000000000000000e+00,-3.827828168237376039e-01,-3.824110792097728528e-01,-0.000000000000000000e+00,-0.000000000000000000e+00,-0.000000000000000000e+00,-2.246567172023312409e-01,1.828875765862382652e+00,-0.000000000000000000e+00,0.000000000000000000e+00,-0.000000000000000000e+00,-2.505925084706201594e-02,-0.000000000000000000e+00,0.000000000000000000e+00,0.000000000000000000e+00
-0.000000000000000000e+00,-0.000000000000000000e+00,-0.000000000000000000e+00,0.000000000000000000e+00,-0.000000000000000000e+00,-0.000000000000000000e+00,-0.000000000000000000e+00,0.000000000000000000e+00,-0.000000000000000000e+00,-9.892430278499267371e-02,-0.000000000000000000e+00,-0.000000000000000000e+00,-1.480534805446217551e-02,-1.801149748481783650e-02,0.000000000000000000e+00,-2.112653324925934523e-02,-0.000000000000000000e+00,-0.000000000000000000e+00,-0.000000000000000000e+00,-0.000000000000000000e+00,0.000000000000000000e+00,0.000000000000000000e+00,-0.000000000000000000e+00,-0.000000000000000000e+00,-2.930211051523888832e-01,-0.000000000000000000e+00,-0.000000000000000000e+00,-0.000000000000000000e+00,-1.039576031477212198e-01,-0.000000000000000000e+00,0.000000000000000000e+00,-0.000000000000000000e+00,1.140908266591731390e+00,-1.048292197609543980e-01,-0.000000000000000000e+00,-2.371274478959117457e-02,-0.000000000000000000e+00,-0.000000000000000000e+00,-0.000000000000000000e+00
-1.010765046742188311e-01,-1.852632159314269167e-01,0.000000000000000000e+00,-3.192997922665685023e-02,-2.228218598352306179e-01,0.000000000000000000e+00,-0.000000000000000000e+00,-0.000000000000000000e+00,-3.195320328669225274e-02,-0.000000000000000000e+00,0.000000000000000000e+00,0.000000000000000000e+00,-1.184779240705927661e-01,-0.000000000000000000e+00,0.000000000000000000e+00,-0.000000000000000000e+00,0.000000000000000000e+00,-0.000000000000000000e+00,-0.000000000000000000e+00,-0.000000000000000000e+00,0.000000000000000000e+00,-0.000000000000000000e+00,-2.138143910475293896e-01,-0.000000000000000000e+00,-0.000000000000000000e+00,0.000000000000000000e+00,0.000000000000000000e+00,0.000000000000000000e+00,0.000000000000000000e+00,-0.000000000000000000e+00,0.000000000000000000e+00,0.000000000000000000e+00,-1.048292197609543980e-01,1.500519447914953508e+00,0.000000000000000000e+00,0.000000000000000000e+00,0.000000000000000000e+00,-7.757408995299963639e-02,-1.208070289753011561e-01
0.000000000000000000e+00,0.000000000000000000e+00,-1.535546903005772512e-01,1.556632179195564236e-01,0.000000000000000000e+00,-2.024682021744590443e-01,4.436010902778139003e-02,1.863039664102480730e-01,1.049670009224195344e-01,-0.000000000000000000e+00,-2.903070058351242891e-02,-1.121015706167644982e-01,0.000000000000000000e+00,0.000000000000000000e+00,-0.000000000000000000e+00,0.000000000000000000e+00,-0.000000000000000000e+00,1.934973302891640490e-01,1.517451824666122551e-01,0.000000000000000000e+00,-4.619186947960256945e-02,0.000000000000000000e+00,0.000000000000000000e+00,0.000000000000000000e+00,-0.000000000000000000e+00,-0.000000000000000000e+00,-2.220103600744476047e-01,-3.299498487440090111e-01,-1.254482557391794761e-01,0.000000000000000000e+00,-0.000000000000000000e+00,-0.000000000000000000e+00,-0.000000000000000000e+00,0.000000000000000000e+00,2.762468999925688173e+00,-1.367650466151237587e-01,-3.988939891159163365e-01,9.009386045088020600e-02,2.431662408545113285e-01
-0.000000000000000000e+00,0.000000000000000000e+00,-8.041866733130373368e-02,0.000000000000000000e+00,0.000000000000000000e+00,-1.393139298830461253e-02,0.000000000000000000e+00,5.717618510961783307e-02,0.000000000000000000e+00,-2.357673113867699566e-01,-5.388142595512074307e-02,-0.000000000000000000e+00,0.000000000000000000e+00,-0.000000000000000000e+00,-0.000000000000000000e+00,-0.000000000000000000e+00,-0.000000000000000000e+00,0.000000000000000000e+00,0.000000000000000000e+00,0.000000000000000000e+00,-2.096010966838860179e-01,0.000000000000000000e+00,0.000000000000000000e+00,-0.000000000000000000e+00,-0.000000000000000000e+00,-2.136861559907273223e-01,-3.533970628125812086e-01,-0.000000000000000000e+00,-0.000000000000000000e+00,-0.000000000000000000e+00,-0.000000000000000000e+00,-2.505925084706201594e-02,-2.371274478959117457e-02,0.000000000000000000e+00,-1.367650466151237587e-01,1.610383405336967000e+00,-0.000000000000000000e+00,0.000000000000000000e+00,0.000000000000000000e+00
0.000000000000000000e+00,0.000000000000000000e+00,-0.000000000000000000e+00,2.377990346900842600e-01,0.000000000000000000e+00,-2.832138628818771653e-01,1.292776450298712410e-01,0.000000000000000000e+00,1.388666033006218936e-01,-0.000000000000000000e+00,-2.085057991010393075e-01,-8.337242817013687524e-02,0.000000000000000000e+00,0.000000000000000000e+00,-0.000000000000000000e+00,0.000000000000000000e+00,-0.000000000000000000e+00,1.038419126785143226e-01,1.661604014239247140e-01,0.000000000000000000e+00,-0.000000000000000000e+00,0.000000000000000000e+00,0.000000000000000000e+00,0.000000000000000000e+00,-0.000000000000000000e+00,-7.376858302404652734e-02,-2.498790536948801155e-01,-2.764361673877673842e-01,-4.310298936213988741e-01,0.000000000000000000e+00,-0.000000000000000000e+00,-0.000000000000000000e+00,-0.000000000000000000e+00,0.000000000000000000e+00,-3.988939891159163365e-01,-0.000000000000000000e+00,2.787359982178020168e+00,0.000000000000000000e+00,1.875740746034830486e-01
-2.504651086466245236e-01,-3.440116163439685959e-01,0.000000000000000000e+00,-2.514861661153405259e-01,-2.545367518449556110e-01,3.001103038104361784e-02,-8.130709937729438397e-02,-7.039272607755710232e-02,-2.456088907307723279e-01,-0.000000000000000000e+00,0.000000000000000000e+00,2.241019897896973090e-02,-0.000000000000000000e+00,-0.000000000000000000e+00,3.004533710863784846e-01,-0.000000000000000000e+00,0.000000000000000000e+00,-2.483976834226923336e-01,-1.312995543830302592e-01,-7.201013959406654674e-02,0.000000000000000000e+00,-0.000000000000000000e+00,-4.553651974998306623e-02,-0.000000000000000000e+00,-0.000000000000000000e+00,0.000000000000000000e+00,0.000000000000000000e+00,0.000000000000000000e+00,0.000000000000000000e+00,-5.275918671261613235e-02,0.000000000000000000e+00,0.000000000000000000e+00,-0.000000000000000000e+00,-7.757408995299963639e-02,9.009386045088020600e-02,0.000000000000000000e+00,0.000000000000000000e+00,2.707077004856363267e+00,-2.263256520766757929e-01
-0.000000000000000000e+00,-2.672859228159099598e-01,3.776107084278536308e-02,-9.515283643589808604e-02,-1.762419049041246133e-01,0.000000000000000000e+00,-2.641709861422267824e-01,-1.023035923132654262e-01,-2.233708043852896674e-01,0.000000000000000000e+00,0.000000000000000000e+00,5.049582658841519911e-02,-0.000000000000000000e+00,-0.000000000000000000e+00,5.119106161331685168e-02,-0.000000000000000000e+00,0.000000000000000000e+00,-2.508409884499211984e-01,-2.484515693932471680e-01,-0.000000000000000000e+00,1.441507889784494345e-01,-0.000000000000000000e+00,-2.131667437535413046e-01,-0.000000000000000000e+00,-0.000000000000000000e+00,0.000000000000000000e+00,0.000000000000000000e+00,2.386776886776369178e-01,0.000000000000000000e+00,-0.000000000000000000e+00,0.000000000000000000e+00,0.000000000000000000e+00,-0.000000000000000000e+00,-1.208070289753011561e-01,2.431662408545113285e-01,0.000000000000000000e+00,1.875740746034830486e-01,-2.263256520766757929e-01,2.972945597521510663e+00
