1.167408349535913326e+00,-1.971512418019384094e-01,-0.000000000000000000e+00,-0.000000000000000000e+00,-0.000000000000000000e+00,-0.000000000000000000e+00,-0.000000000000000000e+00,8.980995404326558296e-02,0.000000000000000000e+00,-0.000000000000000000e+00,-0.000000000000000000e+00,0.000000000000000000e+00,-0.000000000000000000e+00,-0.000000000000000000e+00,0.000000000000000000e+00,-6.134957838171266331e-02,-0.000000000000000000e+00,0.000000000000000000e+00,0.000000000000000000e+00,-0.000000000000000000e+00,-0.000000000000000000e+00,-0.000000000000000000e+00,-0.000000000000000000e+00,-7.899204938199941295e-02,-0.000000000000000000e+00,-2.494506730479575662e-01,-4.439694472366809141e-02,-0.000000000000000000e+00,-1.386186327616157066e-01,-0.000000000000000000e+00,-0.000000000000000000e+00,0.000000000000000000e+00,-0.000000000000000000e+00,0.000000000000000000e+00,-0.000000000000000000e+00,-0.000000000000000000e+00,-0.000000000000000000e+00,-0.000000000000000000e+00,0.000000000000000000e+00
-1.971512418019384094e-01,1.301649120567485607e+00,-0.000000000000000000e+00,0.000000000000000000e+00,-0.000000000000000000e+00,0.000000000000000000e+00,0.000000000000000000e+00,0.000000000000000000e+00,-5.395595140402926343e-02,-0.000000000000000000e+00,3.081166863347348933e-02,-6.507259173378404996e-03,6.625774813291959893e-03,-1.421985444889166672e-01,-0.000000000000000000e+00,0.000000000000000000e+00,0.000000000000000000e+00,-0.000000000000000000e+00,-0.000000000000000000e+00,0.000000000000000000e+00,4.199677504696619317e-03,0.000000000000000000e+00,0.000000000000000000e+00,-0.000000000000000000e+00,0.000000000000000000e+00,0.000000000000000000e+00,0.000000000000000000e+00,6.139399146912291605e-02,-0.000000000000000000e+00,-3.756534937149770548e-02,-0.000000000000000000e+00,-2.788236350421849363e-01,0.000000000000000000e+00,-2.313355755395400757e-03,0.000000000000000000e+00,0.000000000000000000e+00,0.000000000000000000e+00,-0.000000000000000000e+00,-2.493708346163584222e-01
-0.000000000000000000e+00,-0.000000000000000000e+00,1.866275371852426312e+00,0.000000000000000000e+00,-1.210576162350926466e-01,-0.000000000000000000e+00,-0.000000000000000000e+00,9.210489656543044967e-01,-0.000000000000000000e+00,-6.689885018093794100e-02,-0.000000000000000000e+00,-0.000000000000000000e+00,-0.000000000000000000e+00,-7.508398943321596686e-02,-0.000000000000000000e+00,-1.497232391456498612e-01,-0.000000000000000000e+00,-0.000000000000000000e+00,-0.000000000000000000e+00,-0.000000000000000000e+00,-0.000000000000000000e+00,-0.000000000000000000e+00,-4.564441000330425819e-04,-0.000000000000000000e+00,-2.701956552718291424e-03,-0.000000000000000000e+00,-0.000000000000000000e+00,-0.000000000000000000e+00,-0.000000000000000000e+00,-2.482300667242722525e-01,-0.000000000000000000e+00,-0.000000000000000000e+00,-3.722411846856777395e-01,-0.000000000000000000e+00,-0.000000000000000000e+00,-0.000000000000000000e+00,-0.000000000000000000e+00,-0.000000000000000000e+00,-0.000000000000000000e+00
-0.000000000000000000e+00,0.000000000000000000e+00,0.000000000000000000e+00,1.473462233567425450e+00,-0.000000000000000000e+00,-0.000000000000000000e+00,-5.458767708641005800e-01,-0.000000000000000000e+00,0.000000000000000000e+00,0.000000000000000000e+00,-0.000000000000000000e+00,0.000000000000000000e+00,-0.000000000000000000e+00,0.000000000000000000e+00,0.000000000000000000e+00,-0.000000000000000000e+00,-0.000000000000000000e+00,0.000000000000000000e+00,0.000000000000000000e+00,-1.041760115925091656e-01,-0.000000000000000000e+00,-0.000000000000000000e+00,-0.000000000000000000e+00,0.000000000000000000e+00,0.000000000000000000e+00,-0.000000000000000000e+00,-0.000000000000000000e+00,-6.123102795374404939e-02,0.000000000000000000e+00,0.000000000000000000e+00,0.000000000000000000e+00,0.000000000000000000e+00,-0.000000000000000000e+00,0.000000000000000000e+00,-0.000000000000000000e+00,-0.000000000000000000e+00,-0.000000000000000000e+00,1.588577111552448018e-01,1.793865027202083129e-01
-0.000000000000000000e+00,-0.000000000000000000e+00,-1.210576162350926466e-01,-0.000000000000000000e+00,1.130652332555425410e+00,-0.000000000000000000e+00,-0.000000000000000000e+00,0.000000000000000000e+00,-0.000000000000000000e+00,-0.000000000000000000e+00,0.000000000000000000e+00,-0.000000000000000000e+00,0.000000000000000000e+00,-2.069272172825379619e-01,-0.000000000000000000e+00,-0.000000000000000000e+00,0.000000000000000000e+00,-2.999570508116968220e-03,-1.168596617403462427e-02,0.000000000000000000e+00,-0.000000000000000000e+00,0.000000000000000000e+00,-0.000000000000000000e+00,-9.236429426661016406e-02,-0.000000000000000000e+00,-3.767675641239297268e-02,-0.000000000000000000e+00,-0.000000000000000000e+00,-0.000000000000000000e+00,-0.000000000000000000e+00,-1.399183557851285953e-01,-1.126722646630933938e-01,-0.000000000000000000e+00,-0.000000000000000000e+00,-0.000000000000000000e+00,-0.000000000000000000e+00,-0.000000000000000000e+00,-0.000000000000000000e+00,-0.000000000000000000e+00
-0.000000000000000000e+00,0.000000000000000000e+00,-0.000000000000000000e+00,-0.000000000000000000e+00,-0.000000000000000000e+00,1.805267562845074947e+00,-0.000000000000000000e+00,0.000000000000000000e+00,0.000000000000000000e+00,-0.000000000000000000e+00,-3.341699004031895015e-01,2.377737273341899993e-01,-0.000000000000000000e+00,0.000000000000000000e+00,0.000000000000000000e+00,-0.000000000000000000e+00,-2.717512537303545805e-01,0.000000000000000000e+00,0.000000000000000000e+00,-0.000000000000000000e+00,-1.189893810744259428e-01,-0.000000000000000000e+00,-3.116608344194989888e-01,-0.000000000000000000e+00,-0.000000000000000000e+00,-2.428845077028273791e-01,-0.000000000000000000e+00,-0.000000000000000000e+00,-0.000000000000000000e+00,0.000000000000000000e+00,0.000000000000000000e+00,0.000000000000000000e+00,-0.000000000000000000e+00,9.536006552780020018e-02,-1.545112875062413550e-02,-0.000000000000000000e+00,-1.270622287509481918e-01,0.000000000000000000e+00,0.000000000000000000e+00
-0.000000000000000000e+00,0.000000000000000000e+00,-0.000000000000000000e+00,-5.458767708641005800e-01,-0.000000000000000000e+00,-0.000000000000000000e+00,1.768468719203176942e+00,0.000000000000000000e+00,0.000000000000000000e+00,0.000000000000000000e+00,-0.000000000000000000e+00,0.000000000000000000e+00,-2.280638244412592219e-01,0.000000000000000000e+00,0.000000000000000000e+00,-0.000000000000000000e+00,-0.000000000000000000e+00,0.000000000000000000e+00,0.000000000000000000e+00,-2.141907543781401135e-01,-0.000000000000000000e+00,-2.432339021239118271e-01,-0.000000000000000000e+00,0.000000000000000000e+00,-0.000000000000000000e+00,-0.000000000000000000e+00,-3.925666702396967550e-02,-1.444610028461864801e-02,-0.000000000000000000e+00,0.000000000000000000e+00,0.000000000000000000e+00,0.000000000000000000e+00,-0.000000000000000000e+00,0.000000000000000000e+00,-0.000000000000000000e+00,-0.000000000000000000e+00,-1.465299022837558696e-01,1.926292649654370581e-01,2.409029764436632949e-03
8.980995404326558296e-02,0.000000000000000000e+00,9.210489656543044967e-01,-0.000000000000000000e+00,0.000000000000000000e+00,0.000000000000000000e+00,0.000000000000000000e+00,1.656060234471729453e+00,-0.000000000000000000e+00,0.000000000000000000e+00,0.000000000000000000e+00,-0.000000000000000000e+00,0.000000000000000000e+00,9.664109064937254079e-02,-0.000000000000000000e+00,3.466442402363338615e-02,0.000000000000000000e+00,0.000000000000000000e+00,0.000000000000000000e+00,0.000000000000000000e+00,0.000000000000000000e+00,0.000000000000000000e+00,3.128396830100124704e-02,0.000000000000000000e+00,0.000000000000000000e+00,0.000000000000000000e+00,0.000000000000000000e+00,0.000000000000000000e+00,5.272669672698999943e-02,0.000000000000000000e+00,0.000000000000000000e+00,0.000000000000000000e+00,2.552589354184075024e-02,-0.000000000000000000e+00,0.000000000000000000e+00,1.436961216242123585e-01,0.000000000000000000e+00,0.000000000000000000e+00,0.000000000000000000e+00
0.000000000000000000e+00,-5.395595140402926343e-02,-0.000000000000000000e+00,0.000000000000000000e+00,-0.000000000000000000e+00,0.000000000000000000e+00,0.000000000000000000e+00,-0.000000000000000000e+00,2.874963437959763279e+00,-0.000000000000000000e+00,6.553263806008742531e-03,-3.938615496958691176e-01,1.975815623539023957e-01,-0.000000000000000000e+00,-4.620161538900656173e-01,0.000000000000000000e+00,2.164475779502660069e-01,-5.391259385076111431e-04,-8.701740053714305482e-05,1.188600522663457587e-01,2.022316136809645948e-01,1.107526540189190251e-02,0.000000000000000000e+00,-0.000000000000000000e+00,0.000000000000000000e+00,0.000000000000000000e+00,0.000000000000000000e+00,9.577416522028132928e-02,0.000000000000000000e+00,-0.000000000000000000e+00,-0.000000000000000000e+00,-3.371708913066756574e-02,0.000000000000000000e+00,-5.808528745994069320e-01,5.348703305820995922e-03,0.000000000000000000e+00,0.000000000000000000e+00,-1.832121737259024552e-01,-4.427181541167833356e-01
-0.000000000000000000e+00,-0.000000000000000000e+00,-6.689885018093794100e-02,0.000000000000000000e+00,-0.000000000000000000e+00,-0.000000000000000000e+00,0.000000000000000000e+00,0.000000000000000000e+00,-0.000000000000000000e+00,1.690337433659595767e+00,-0.000000000000000000e+00,-0.000000000000000000e+00,-0.000000000000000000e+00,-2.380951295591094644e-03,-0.000000000000000000e+00,-3.913238927071775453e-01,0.000000000000000000e+00,-2.143550906058353800e-01,-1.594105770600132699e-01,0.000000000000000000e+00,-0.000000000000000000e+00,-0.000000000000000000e+00,-0.000000000000000000e+00,-0.000000000000000000e+00,-3.407317875967021958e-01,-0.000000000000000000e+00,-0.000000000000000000e+00,-0.000000000000000000e+00,-2.932534058308291017e-02,-3.130847355946676513e-01,-3.570040694333966869e-01,-0.000000000000000000e+00,-0.000000000000000000e+00,-0.000000000000000000e+00,-0.000000000000000000e+00,-0.000000000000000000e+00,-0.000000000000000000e+00,-1.107205689763702539e-01,-0.000000000000000000e+00
-0.000000000000000000e+00,3.081166863347348933e-02,-0.000000000000000000e+00,-0.000000000000000000e+00,0.000000000000000000e+00,-3.341699004031895015e-01,-0.000000000000000000e+00,0.000000000000000000e+00,6.553263806008742531e-03,-0.000000000000000000e+00,1.647946505558990138e+00,0.000000000000000000e+00,-7.345964454383809017e-02,0.000000000000000000e+00,0.000000000000000000e+00,-0.000000000000000000e+00,-2.655123890979512735e-01,0.000000000000000000e+00,0.000000000000000000e+00,-1.365403987068553315e-01,-1.317314314665122832e-01,-4.978347190526821731e-02,-0.000000000000000000e+00,-0.000000000000000000e+00,-4.246074042293594003e-02,-6.771829270228703346e-02,-0.000000000000000000e+00,-2.665007608396098571e-02,-1.056126142647095950e-01,0.000000000000000000e+00,-0.000000000000000000e+00,6.631312776153417896e-03,-6.925475915764539581e-02,1.119221130503217886e-02,-7.894471363770229344e-02,-0.000000000000000000e+00,-6.700613984396666667e-02,0.000000000000000000e+00,0.000000000000000000e+00
0.000000000000000000e+00,-6.507259173378404996e-03,-0.000000000000000000e+00,0.000000000000000000e+00,-0.000000000000000000e+00,2.377737273341899993e-01,0.000000000000000000e+00,-0.000000000000000000e+00,-3.938615496958691176e-01,-0.000000000000000000e+00,0.000000000000000000e+00,2.654984460140056513e+00,0.000000000000000000e+00,-0.000000000000000000e+00,-4.867927130558340476e-01,0.000000000000000000e+00,1.279510442723101882e-01,-8.042077871397183830e-02,-2.802740892643235671e-01,0.000000000000000000e+00,1.155697241062747932e-01,0.000000000000000000e+00,0.000000000000000000e+00,-0.000000000000000000e+00,0.000000000000000000e+00,0.000000000000000000e+00,0.000000000000000000e+00,1.321792038784875278e-01,0.000000000000000000e+00,-0.000000000000000000e+00,-0.000000000000000000e+00,-2.415597305223453062e-01,0.000000000000000000e+00,-3.536601234032408780e-01,0.000000000000000000e+00,5.467341252344656843e-02,0.000000000000000000e+00,-2.813225224092454416e-02,-3.387501787133278541e-01
-0.000000000000000000e+00,6.625774813291959893e-03,-0.000000000000000000e+00,-0.000000000000000000e+00,0.000000000000000000e+00,-0.000000000000000000e+00,-2.280638244412592219e-01,0.000000000000000000e+00,1.975815623539023957e-01,-0.000000000000000000e+00,-7.345964454383809017e-02,0.000000000000000000e+00,2.455910246419785725e+00,0.000000000000000000e+00,1.714625754926902279e-01,-0.000000000000000000e+00,-1.045522071360993344e-01,0.000000000000000000e+00,0.000000000000000000e+00,-2.277348369151405427e-01,-2.675274888791860373e-01,-4.656724288875832563e-01,-0.000000000000000000e+00,0.000000000000000000e+00,-0.000000000000000000e+00,-0.000000000000000000e+00,-2.065590585908339827e-01,-2.717913721308025665e-01,-0.000000000000000000e+00,0.000000000000000000e+00,-0.000000000000000000e+00,0.000000000000000000e+00,-1.357215253696218704e-01,4.427652190494608259e-02,-1.658933019052264146e-01,-0.000000000000000000e+00,-5.617699068159392496e-03,0.000000000000000000e+00,0.000000000000000000e+00
-0.000000000000000000e+00,-1.421985444889166672e-01,-7.508398943321596686e-02,0.000000000000000000e+00,-2.069272172825379619e-01,0.000000000000000000e+00,0.000000000000000000e+00,9.664109064937254079e-02,-0.000000000000000000e+00,-2.380951295591094644e-03,0.000000000000000000e+00,-0.000000000000000000e+00,0.000000000000000000e+00,1.301454148438417002e+00,-0.000000000000000000e+00,-0.000000000000000000e+00,0.000000000000000000e+00,-9.053735408256592676e-02,-7.636082438427060914e-02,-0.000000000000000000e+00,0.000000000000000000e+00,0.000000000000000000e+00,-0.000000000000000000e+00,-1.734274403403607556e-01,-0.000000000000000000e+00,-0.000000000000000000e+00,-0.000000000000000000e+00,0.000000000000000000e+00,-1.953281136378473282e-01,-1.347923960436987756e-01,-0.000000000000000000e+00,-0.000000000000000000e+00,-0.000000000000000000e+00,-1.008768435270515906e-01,-0.000000000000000000e+00,0.000000000000000000e+00,-0.000000000000000000e+00,-2.967884736891954894e-02,-3.984852556713922717e-02
0.000000000000000000e+00,-0.000000000000000000e+00,-0.000000000000000000e+00,0.000000000000000000e+00,-0.000000000000000000e+00,0.000000000000000000e+00,0.000000000000000000e+00,-0.000000000000000000e+00,-4.620161538900656173e-01,-0.000000000000000000e+00,0.000000000000000000e+00,-4.867927130558340476e-01,1.714625754926902279e-01,-0.000000000000000000e+00,2.666119270995859658e+00,0.000000000000000000e+00,1.194935936682468280e-01,-2.851056834713138199e-01,-1.167765097200214458e-01,3.731212807329882530e-02,2.522761960416649088e-02,1.048677757960475715e-01,0.000000000000000000e+00,-0.000000000000000000e+00,0.000000000000000000e+00,0.000000000000000000e+00,0.000000000000000000e+00,0.000000000000000000e+00,0.000000000000000000e+00,-0.000000000000000000e+00,-0.000000000000000000e+00,-0.000000000000000000e+00,0.000000000000000000e+00,-2.710930526445284316e-01,9.615262776714950110e-02,2.959437698713114906e-01,0.000000000000000000e+00,-2.483864706574890058e-01,-1.810769433633799552e-01
-6.134957838171266331e-02,0.000000000000000000e+00,-1.497232391456498612e-01,-0.000000000000000000e+00,-0.000000000000000000e+00,-0.000000000000000000e+00,-0.000000000000000000e+00,3.466442402363338615e-02,0.000000000000000000e+00,-3.913238927071775453e-01,-0.000000000000000000e+00,0.000000000000000000e+00,-0.000000000000000000e+00,-0.000000000000000000e+00,0.000000000000000000e+00,1.552138986426751632e+00,-0.000000000000000000e+00,-0.000000000000000000e+00,-0.000000000000000000e+00,-3.037225274568247646e-02,-6.549165039789578424e-02,-2.927825311406974731e-02,-2.598069947389375356e-01,-0.000000000000000000e+00,-0.000000000000000000e+00,-2.857925335969786068e-02,-4.621213918707375856e-02,-1.524641625870981343e-01,-0.000000000000000000e+00,-0.000000000000000000e+00,-1.888409729654553781e-01,0.000000000000000000e+00,-1.696799720389590982e-01,0.000000000000000000e+00,-0.000000000000000000e+00,-0.000000000000000000e+00,-0.000000000000000000e+00,-0.000000000000000000e+00,0.000000000000000000e+00
-0.000000000000000000e+00,0.000000000000000000e+00,-0.000000000000000000e+00,-0.000000000000000000e+00,0.000000000000000000e+00,-2.717512537303545805e-01,-0.000000000000000000e+00,0.000000000000000000e+00,2.164475779502660069e-01,0.000000000000000000e+00,-2.655123890979512735e-01,1.279510442723101882e-01,-1.045522071360993344e-01,0.000000000000000000e+00,1.194935936682468280e-01,-0.000000000000000000e+00,1.940292335052630657e+00,1.185318738580920933e-01,9.688943256433425744e-02,-0.000000000000000000e+00,-1.147424145543214473e-02,-0.000000000000000000e+00,-0.000000000000000000e+00,0.000000000000000000e+00,-0.000000000000000000e+00,-2.687511487073798722e-01,-0.000000000000000000e+00,-0.000000000000000000e+00,-0.000000000000000000e+00,0.000000000000000000e+00,0.000000000000000000e+00,0.000000000000000000e+00,-0.000000000000000000e+00,2.964246146027224582e-01,-0.000000000000000000e+00,-0.000000000000000000e+00,-0.000000000000000000e+00,0.000000000000000000e+00,6.048857866846833395e-03
0.000000000000000000e+00,-0.000000000000000000e+00,-0.000000000000000000e+00,0.000000000000000000e+00,-2.999570508116968220e-03,0.000000000000000000e+00,0.000000000000000000e+00,0.000000000000000000e+00,-5.391259385076111431e-04,-2.143550906058353800e-01,0.000000000000000000e+00,-8.042077871397183830e-02,0.000000000000000000e+00,-9.053735408256592676e-02,-2.851056834713138199e-01,-0.000000000000000000e+00,1.185318738580920933e-01,2.032113373629425457e+00,-9.528758026340387044e-01,0.000000000000000000e+00,0.000000000000000000e+00,0.000000000000000000e+00,-0.000000000000000000e+00,-0.000000000000000000e+00,-0.000000000000000000e+00,0.000000000000000000e+00,0.000000000000000000e+00,0.000000000000000000e+00,0.000000000000000000e+00,-1.624827322569748211e-01,-0.000000000000000000e+00,-0.000000000000000000e+00,-0.000000000000000000e+00,-0.000000000000000000e+00,0.000000000000000000e+00,0.000000000000000000e+00,0.000000000000000000e+00,-7.884253238916714979e-02,-0.000000000000000000e+00
0.000000000000000000e+00,-0.000000000000000000e+00,-0.000000000000000000e+00,0.000000000000000000e+00,-1.168596617403462427e-02,0.000000000000000000e+00,0.000000000000000000e+00,0.000000000000000000e+00,-8.701740053714305482e-05,-1.594105770600132699e-01,0.000000000000000000e+00,-2.802740892643235671e-01,0.000000000000000000e+00,-7.636082438427060914e-02,-1.167765097200214458e-01,-0.000000000000000000e+00,9.688943256433425744e-02,-9.528758026340387044e-01,1.979261905981364533e+00,0.000000000000000000e+00,0.000000000000000000e+00,0.000000000000000000e+00,-0.000000000000000000e+00,-0.000000000000000000e+00,-0.000000000000000000e+00,0.000000000000000000e+00,0.000000000000000000e+00,0.000000000000000000e+00,0.000000000000000000e+00,-1.227459172738686877e-01,-0.000000000000000000e+00,-4.159739121783835591e-02,-0.000000000000000000e+00,-0.000000000000000000e+00,0.000000000000000000e+00,0.000000000000000000e+00,0.000000000000000000e+00,-1.647645196097775877e-02,-0.000000000000000000e+00
-0.000000000000000000e+00,0.000000000000000000e+00,-0.000000000000000000e+00,-1.041760115925091656e-01,0.000000000000000000e+00,-0.000000000000000000e+00,-2.141907543781401135e-01,0.000000000000000000e+00,1.188600522663457587e-01,0.000000000000000000e+00,-1.365403987068553315e-01,0.000000000000000000e+00,-2.277348369151405427e-01,-0.000000000000000000e+00,3.731212807329882530e-02,-3.037225274568247646e-02,-0.000000000000000000e+00,0.000000000000000000e+00,0.000000000000000000e+00,2.211479091487774884e+00,-1.720068842206028403e-01,-3.122200626521304256e-01,-0.000000000000000000e+00,0.000000000000000000e+00,-0.000000000000000000e+00,-0.000000000000000000e+00,-1.300260927806844158e-01,-2.420638746228442884e-01,-0.000000000000000000e+00,0.000000000000000000e+00,-0.000000000000000000e+00,4.471463749331916135e-03,-0.000000000000000000e+00,0.000000000000000000e+00,-3.458892736469623697e-01,-2.330363475855506961e-02,-1.117937393617195740e-01,0.000000000000000000e+00,8.526773711318726134e-02
-0.000000000000000000e+00,4.199677504696619317e-03,-0.000000000000000000e+00,-0.000000000000000000e+00,-0.000000000000000000e+00,-1.189893810744259428e-01,-0.000000000000000000e+00,0.000000000000000000e+00,2.022316136809645948e-01,-0.000000000000000000e+00,-1.317314314665122832e-01,1.155697241062747932e-01,-2.675274888791860373e-01,0.000000000000000000e+00,2.522761960416649088e-02,-6.549165039789578424e-02,-1.147424145543214473e-02,0.000000000000000000e+00,0.000000000000000000e+00,-1.720068842206028403e-01,2.680218971797796446e+00,-4.854266528651993151e-01,-5.112247258284235985e-02,0.000000000000000000e+00,-0.000000000000000000e+00,-0.000000000000000000e+00,-0.000000000000000000e+00,-4.287761127598730404e-01,-0.000000000000000000e+00,-0.000000000000000000e+00,-0.000000000000000000e+00,1.077294129322186322e-01,-4.080236497645419180e-01,1.004037317517592620e-01,-1.511403712415707590e-01,-1.098277604911977456e-01,-0.000000000000000000e+00,0.000000000000000000e+00,0.000000000000000000e+00
-0.000000000000000000e+00,0.000000000000000000e+00,-0.000000000000000000e+00,-0.000000000000000000e+00,0.000000000000000000e+00,-0.000000000000000000e+00,-2.432339021239118271e-01,0.000000000000000000e+00,1.107526540189190251e-02,-0.000000000000000000e+00,-4.978347190526821731e-02,0.000000000000000000e+00,-4.656724288875832563e-01,0.000000000000000000e+00,1.048677757960475715e-01,-2.927825311406974731e-02,-0.000000000000000000e+00,0.000000000000000000e+00,0.000000000000000000e+00,-3.122200626521304256e-01,-4.854266528651993151e-01,2.392453870440433228e+00,-0.000000000000000000e+00,0.000000000000000000e+00,-0.000000000000000000e+00,-0.000000000000000000e+00,-0.000000000000000000e+00,-1.876840633536598357e-01,-0.000000000000000000e+00,0.000000000000000000e+00,-0.000000000000000000e+00,0.000000000000000000e+00,-3.590170761850976500e-01,0.000000000000000000e+00,-0.000000000000000000e+00,-1.584916821317614577e-01,-0.000000000000000000e+00,0.000000000000000000e+00,0.000000000000000000e+00
-0.000000000000000000e+00,0.000000000000000000e+00,-4.564441000330425819e-04,-0.000000000000000000e+00,-0.000000000000000000e+00,-3.116608344194989888e-01,-0.000000000000000000e+00,3.128396830100124704e-02,0.000000000000000000e+00,-0.000000000000000000e+00,-0.000000000000000000e+00,0.000000000000000000e+00,-0.000000000000000000e+00,-0.000000000000000000e+00,0.000000000000000000e+00,-2.598069947389375356e-01,-0.000000000000000000e+00,-0.000000000000000000e+00,-0.000000000000000000e+00,-0.000000000000000000e+00,-5.112247258284235985e-02,-0.000000000000000000e+00,1.741470635662745625e+00,-0.000000000000000000e+00,-6.466472827080629315e-01,-0.000000000000000000e+00,-0.000000000000000000e+00,-0.000000000000000000e+00,-4.297787422008137598e-02,-0.000000000000000000e+00,-0.000000000000000000e+00,0.000000000000000000e+00,-2.543637247120553169e-01,0.000000000000000000e+00,-9.518950944003292183e-03,-0.000000000000000000e+00,-5.267782025630526194e-02,-0.000000000000000000e+00,0.000000000000000000e+00
-7.899204938199941295e-02,-0.000000000000000000e+00,-0.000000000000000000e+00,0.000000000000000000e+00,-9.236429426661016406e-02,-0.000000000000000000e+00,0.000000000000000000e+00,0.000000000000000000e+00,-0.000000000000000000e+00,-0.000000000000000000e+00,-0.000000000000000000e+00,-0.000000000000000000e+00,0.000000000000000000e+00,-1.734274403403607556e-01,-0.000000000000000000e+00,-0.000000000000000000e+00,0.000000000000000000e+00,-0.000000000000000000e+00,-0.000000000000000000e+00,0.000000000000000000e+00,0.000000000000000000e+00,0.000000000000000000e+00,-0.000000000000000000e+00,1.095351393824185005e+00,-0.000000000000000000e+00,-0.000000000000000000e+00,-0.000000000000000000e+00,0.000000000000000000e+00,-6.511164986476369876e-02,-0.000000000000000000e+00,-0.000000000000000000e+00,-1.399376010986211061e-01,0.000000000000000000e+00,-0.000000000000000000e+00,-0.000000000000000000e+00,5.997144528219613274e-02,-0.000000000000000000e+00,-0.000000000000000000e+00,-0.000000000000000000e+00
-0.000000000000000000e+00,0.000000000000000000e+00,-2.701956552718291424e-03,0.000000000000000000e+00,-0.000000000000000000e+00,-0.000000000000000000e+00,-0.000000000000000000e+00,0.000000000000000000e+00,0.000000000000000000e+00,-3.407317875967021958e-01,-4.246074042293594003e-02,0.000000000000000000e+00,-0.000000000000000000e+00,-0.000000000000000000e+00,0.000000000000000000e+00,-0.000000000000000000e+00,-0.000000000000000000e+00,-0.000000000000000000e+00,-0.000000000000000000e+00,-0.000000000000000000e+00,-0.000000000000000000e+00,-0.000000000000000000e+00,-6.466472827080629315e-01,-0.000000000000000000e+00,1.545511351803554589e+00,-0.000000000000000000e+00,-0.000000000000000000e+00,-0.000000000000000000e+00,-8.281696666916937843e-02,-0.000000000000000000e+00,-0.000000000000000000e+00,0.000000000000000000e+00,-1.579408309917007536e-01,0.000000000000000000e+00,-0.000000000000000000e+00,-0.000000000000000000e+00,-9.510238636747984919e-03,-0.000000000000000000e+00,0.000000000000000000e+00
-2.494506730479575662e-01,0.000000000000000000e+00,-0.000000000000000000e+00,-0.000000000000000000e+00,-3.767675641239297268e-02,-2.428845077028273791e-01,-0.000000000000000000e+00,0.000000000000000000e+00,0.000000000000000000e+00,-0.000000000000000000e+00,-6.771829270228703346e-02,0.000000000000000000e+00,-0.000000000000000000e+00,-0.000000000000000000e+00,0.000000000000000000e+00,-2.857925335969786068e-02,-2.687511487073798722e-01,0.000000000000000000e+00,0.000000000000000000e+00,-0.000000000000000000e+00,-0.000000000000000000e+00,-0.000000000000000000e+00,-0.000000000000000000e+00,-0.000000000000000000e+00,-0.000000000000000000e+00,1.817058889178570613e+00,-5.149023724073846786e-01,-2.808530320409989289e-01,-1.567245235065219677e-01,-0.000000000000000000e+00,-0.000000000000000000e+00,-0.000000000000000000e+00,-6.066705269163295139e-02,0.000000000000000000e+00,-0.000000000000000000e+00,-0.000000000000000000e+00,-0.000000000000000000e+00,0.000000000000000000e+00,0.000000000000000000e+00
-4.439694472366809141e-02,0.000000000000000000e+00,-0.000000000000000000e+00,-0.000000000000000000e+00,-0.000000000000000000e+00,-0.000000000000000000e+00,-3.925666702396967550e-02,0.000000000000000000e+00,0.000000000000000000e+00,-0.000000000000000000e+00,-0.000000000000000000e+00,0.000000000000000000e+00,-2.065590585908339827e-01,-0.000000000000000000e+00,0.000000000000000000e+00,-4.621213918707375856e-02,-0.000000000000000000e+00,0.000000000000000000e+00,0.000000000000000000e+00,-1.300260927806844158e-01,-0.000000000000000000e+00,-0.000000000000000000e+00,-0.000000000000000000e+00,-0.000000000000000000e+00,-0.000000000000000000e+00,-5.149023724073846786e-01,1.707277264902379521e+00,-3.591869358138038287e-02,-2.478015617974305140e-02,-0.000000000000000000e+00,-1.377442988269163837e-01,0.000000000000000000e+00,-6.031615819119204303e-02,0.000000000000000000e+00,-2.303843691440703723e-01,-9.855558424744743917e-02,-8.897827223308658884e-02,0.000000000000000000e+00,0.000000000000000000e+00
-0.000000000000000000e+00,6.139399146912291605e-02,-0.000000000000000000e+00,-6.123102795374404939e-02,-0.000000000000000000e+00,-0.000000000000000000e+00,-1.444610028461864801e-02,0.000000000000000000e+00,9.577416522028132928e-02,-0.000000000000000000e+00,-2.665007608396098571e-02,1.321792038784875278e-01,-2.717913721308025665e-01,0.000000000000000000e+00,0.000000000000000000e+00,-1.524641625870981343e-01,-0.000000000000000000e+00,0.000000000000000000e+00,0.000000000000000000e+00,-2.420638746228442884e-01,-4.287761127598730404e-01,-1.876840633536598357e-01,-0.000000000000000000e+00,0.000000000000000000e+00,-0.000000000000000000e+00,-2.808530320409989289e-01,-3.591869358138038287e-02,2.223481789143489706e+00,-0.000000000000000000e+00,0.000000000000000000e+00,-0.000000000000000000e+00,0.000000000000000000e+00,-8.811956891261359115e-02,0.000000000000000000e+00,-0.000000000000000000e+00,-0.000000000000000000e+00,-0.000000000000000000e+00,0.000000000000000000e+00,2.352409425010523469e-01
-1.386186327616157066e-01,-0.000000000000000000e+00,-0.000000000000000000e+00,0.000000000000000000e+00,-0.000000000000000000e+00,-0.000000000000000000e+00,-0.000000000000000000e+00,5.272669672698999943e-02,0.000000000000000000e+00,-2.932534058308291017e-02,-1.056126142647095950e-01,0.000000000000000000e+00,-0.000000000000000000e+00,-1.953281136378473282e-01,0.000000000000000000e+00,-0.000000000000000000e+00,-0.000000000000000000e+00,0.000000000000000000e+00,0.000000000000000000e+00,-0.000000000000000000e+00,-0.000000000000000000e+00,-0.000000000000000000e+00,-4.297787422008137598e-02,-6.511164986476369876e-02,-8.281696666916937843e-02,-1.567245235065219677e-01,-2.478015617974305140e-02,-0.000000000000000000e+00,1.330800101214663300e+00,-0.000000000000000000e+00,-7.817163770169244588e-03,0.000000000000000000e+00,-0.000000000000000000e+00,0.000000000000000000e+00,-4.030756230700117959e-02,-0.000000000000000000e+00,-3.241286628051145424e-01,-0.000000000000000000e+00,0.000000000000000000e+00
-0.000000000000000000e+00,-3.756534937149770548e-02,-2.482300667242722525e-01,0.000000000000000000e+00,-0.000000000000000000e+00,0.000000000000000000e+00,0.000000000000000000e+00,0.000000000000000000e+00,-0.000000000000000000e+00,-3.130847355946676513e-01,0.000000000000000000e+00,-0.000000000000000000e+00,0.000000000000000000e+00,-1.347923960436987756e-01,-0.000000000000000000e+00,-0.000000000000000000e+00,0.000000000000000000e+00,-1.624827322569748211e-01,-1.227459172738686877e-01,0.000000000000000000e+00,-0.000000000000000000e+00,0.000000000000000000e+00,-0.000000000000000000e+00,-0.000000000000000000e+00,-0.000000000000000000e+00,-0.000000000000000000e+00,-0.000000000000000000e+00,0.000000000000000000e+00,-0.000000000000000000e+00,1.522671680049562548e+00,-0.000000000000000000e+00,-0.000000000000000000e+00,-0.000000000000000000e+00,-0.000000000000000000e+00,0.000000000000000000e+00,-0.000000000000000000e+00,0.000000000000000000e+00,-3.581091342206750294e-01,-1.057059939382724301e-01
-0.000000000000000000e+00,-0.000000000000000000e+00,-0.000000000000000000e+00,0.000000000000000000e+00,-1.399183557851285953e-01,0.000000000000000000e+00,0.000000000000000000e+00,0.000000000000000000e+00,-0.000000000000000000e+00,-3.570040694333966869e-01,-0.000000000000000000e+00,-0.000000000000000000e+00,-0.000000000000000000e+00,-0.000000000000000000e+00,-0.000000000000000000e+00,-1.888409729654553781e-01,0.000000000000000000e+00,-0.000000000000000000e+00,-0.000000000000000000e+00,-0.000000000000000000e+00,-0.000000000000000000e+00,-0.000000000000000000e+00,-0.000000000000000000e+00,-0.000000000000000000e+00,-0.000000000000000000e+00,-0.000000000000000000e+00,-1.377442988269163837e-01,-0.000000000000000000e+00,-7.817163770169244588e-03,-0.000000000000000000e+00,1.257149689578618057e+00,-0.000000000000000000e+00,-0.000000000000000000e+00,-0.000000000000000000e+00,-0.000000000000000000e+00,-0.000000000000000000e+00,-0.000000000000000000e+00,-1.187007283412299802e-01,-0.000000000000000000e+00
0.000000000000000000e+00,-2.788236350421849363e-01,-0.000000000000000000e+00,0.000000000000000000e+00,-1.126722646630933938e-01,0.000000000000000000e+00,0.000000000000000000e+00,0.000000000000000000e+00,-3.371708913066756574e-02,-0.000000000000000000e+00,6.631312776153417896e-03,-2.415597305223453062e-01,0.000000000000000000e+00,-0.000000000000000000e+00,-0.000000000000000000e+00,0.000000000000000000e+00,0.000000000000000000e+00,-0.000000000000000000e+00,-4.159739121783835591e-02,4.471463749331916135e-03,1.077294129322186322e-01,0.000000000000000000e+00,0.000000000000000000e+00,-1.399376010986211061e-01,0.000000000000000000e+00,-0.000000000000000000e+00,0.000000000000000000e+00,0.000000000000000000e+00,0.000000000000000000e+00,-0.000000000000000000e+00,-0.000000000000000000e+00,1.373723132727648899e+00,0.000000000000000000e+00,-3.188484609630970468e-02,0.000000000000000000e+00,1.252566438576226994e-02,0.000000000000000000e+00,-0.000000000000000000e+00,-1.452593922941948501e-01
-0.000000000000000000e+00,0.000000000000000000e+00,-3.722411846856777395e-01,-0.000000000000000000e+00,-0.000000000000000000e+00,-0.000000000000000000e+00,-0.000000000000000000e+00,2.552589354184075024e-02,0.000000000000000000e+00,-0.000000000000000000e+00,-6.925475915764539581e-02,0.000000000000000000e+00,-1.357215253696218704e-01,-0.000000000000000000e+00,0.000000000000000000e+00,-1.696799720389590982e-01,-0.000000000000000000e+00,-0.000000000000000000e+00,-0.000000000000000000e+00,-0.000000000000000000e+00,-4.080236497645419180e-01,-3.590170761850976500e-01,-2.543637247120553169e-01,0.000000000000000000e+00,-1.579408309917007536e-01,-6.066705269163295139e-02,-6.031615819119204303e-02,-8.811956891261359115e-02,-0.000000000000000000e+00,-0.000000000000000000e+00,-0.000000000000000000e+00,0.000000000000000000e+00,2.116308682229695037e+00,0.000000000000000000e+00,-1.316702615647960539e-01,-8.592000844705630080e-02,-0.000000000000000000e+00,0.000000000000000000e+00,0.000000000000000000e+00
0.000000000000000000e+00,-2.313355755395400757e-03,-0.000000000000000000e+00,0.000000000000000000e+00,-0.000000000000000000e+00,9.536006552780020018e-02,0.000000000000000000e+00,-0.000000000000000000e+00,-5.808528745994069320e-01,-0.000000000000000000e+00,1.119221130503217886e-02,-3.536601234032408780e-01,4.427652190494608259e-02,-1.008768435270515906e-01,-2.710930526445284316e-01,0.000000000000000000e+00,2.964246146027224582e-01,-0.000000000000000000e+00,-0.000000000000000000e+00,0.000000000000000000e+00,1.004037317517592620e-01,0.000000000000000000e+00,0.000000000000000000e+00,-0.000000000000000000e+00,0.000000000000000000e+00,0.000000000000000000e+00,0.000000000000000000e+00,0.000000000000000000e+00,0.000000000000000000e+00,-0.000000000000000000e+00,-0.000000000000000000e+00,-3.188484609630970468e-02,0.000000000000000000e+00,2.416967156443539100e+00,0.000000000000000000e+00,0.000000000000000000e+00,0.000000000000000000e+00,-1.268955612938414690e-01,-3.784979174648230860e-01
-0.000000000000000000e+00,0.000000000000000000e+00,-0.000000000000000000e+00,-0.000000000000000000e+00,-0.000000000000000000e+00,-1.545112875062413550e-02,-0.000000000000000000e+00,0.000000000000000000e+00,5.348703305820995922e-03,-0.000000000000000000e+00,-7.894471363770229344e-02,0.000000000000000000e+00,-1.658933019052264146e-01,-0.000000000000000000e+00,9.615262776714950110e-02,-0.000000000000000000e+00,-0.000000000000000000e+00,0.000000000000000000e+00,0.000000000000000000e+00,-3.458892736469623697e-01,-1.511403712415707590e-01,-0.000000000000000000e+00,-9.518950944003292183e-03,-0.000000000000000000e+00,-0.000000000000000000e+00,-0.000000000000000000e+00,-2.303843691440703723e-01,-0.000000000000000000e+00,-4.030756230700117959e-02,0.000000000000000000e+00,-0.000000000000000000e+00,0.000000000000000000e+00,-1.316702615647960539e-01,0.000000000000000000e+00,2.040803126318714078e+00,-1.601811365077516758e-01,-6.126460923925988178e-01,0.000000000000000000e+00,0.000000000000000000e+00
-0.000000000000000000e+00,0.000000000000000000e+00,-0.000000000000000000e+00,-0.000000000000000000e+00,-0.000000000000000000e+00,-0.000000000000000000e+00,-0.000000000000000000e+00,1.436961216242123585e-01,0.000000000000000000e+00,-0.000000000000000000e+00,-0.000000000000000000e+00,5.467341252344656843e-02,-0.000000000000000000e+00,0.000000000000000000e+00,2.959437698713114906e-01,-0.000000000000000000e+00,-0.000000000000000000e+00,0.000000000000000000e+00,0.000000000000000000e+00,-2.330363475855506961e-02,-1.098277604911977456e-01,-1.584916821317614577e-01,-0.000000000000000000e+00,5.997144528219613274e-02,-0.000000000000000000e+00,-0.000000000000000000e+00,-9.855558424744743917e-02,-0.000000000000000000e+00,-0.000000000000000000e+00,-0.000000000000000000e+00,-0.000000000000000000e+00,1.252566438576226994e-02,-8.592000844705630080e-02,0.000000000000000000e+00,-1.601811365077516758e-01,1.446179432299042000e+00,-0.000000000000000000e+00,0.000000000000000000e+00,0.000000000000000000e+00
-0.000000000000000000e+00,0.000000000000000000e+00,-0.000000000000000000e+00,-0.000000000000000000e+00,-0.000000000000000000e+00,-1.270622287509481918e-01,-1.465299022837558696e-01,0.000000000000000000e+00,0.000000000000000000e+00,-0.000000000000000000e+00,-6.700613984396666667e-02,0.000000000000000000e+00,-5.617699068159392496e-03,-0.000000000000000000e+00,0.000000000000000000e+00,-0.000000000000000000e+00,-0.000000000000000000e+00,0.000000000000000000e+00,0.000000000000000000e+00,-1.117937393617195740e-01,-0.000000000000000000e+00,-0.000000000000000000e+00,-5.267782025630526194e-02,-0.000000000000000000e+00,-9.510238636747984919e-03,-0.000000000000000000e+00,-8.897827223308658884e-02,-0.000000000000000000e+00,-3.241286628051145424e-01,0.000000000000000000e+00,-0.000000000000000000e+00,0.000000000000000000e+00,-0.000000000000000000e+00,0.000000000000000000e+00,-6.126460923925988178e-01,-0.000000000000000000e+00,1.699118760295668773e+00,0.000000000000000000e+00,0.000000000000000000e+00
-0.000000000000000000e+00,-0.000000000000000000e+00,-0.000000000000000000e+00,1.588577111552448018e-01,-0.000000000000000000e+00,0.000000000000000000e+00,1.926292649654370581e-01,0.000000000000000000e+00,-1.832121737259024552e-01,-1.107205689763702539e-01,0.000000000000000000e+00,-2.813225224092454416e-02,0.000000000000000000e+00,-2.967884736891954894e-02,-2.483864706574890058e-01,-0.000000000000000000e+00,0.000000000000000000e+00,-7.884253238916714979e-02,-1.647645196097775877e-02,0.000000000000000000e+00,0.000000000000000000e+00,0.000000000000000000e+00,-0.000000000000000000e+00,-0.000000000000000000e+00,-0.000000000000000000e+00,0.000000000000000000e+00,0.000000000000000000e+00,0.000000000000000000e+00,-0.000000000000000000e+00,-3.581091342206750294e-01,-1.187007283412299802e-01,-0.000000000000000000e+00,0.000000000000000000e+00,-1.268955612938414690e-01,0.000000000000000000e+00,0.000000000000000000e+00,0.000000000000000000e+00,2.005005753633460674e+00,-5.130956837805923376e-01
0.000000000000000000e+00,-2.493708346163584222e-01,-0.000000000000000000e+00,1.793865027202083129e-01,-0.000000000000000000e+00,0.000000000000000000e+00,2.409029764436632949e-03,0.000000000000000000e+00,-4.427181541167833356e-01,-0.000000000000000000e+00,0.000000000000000000e+00,-3.387501787133278541e-01,0.000000000000000000e+00,-3.984852556713922717e-02,-1.810769433633799552e-01,0.000000000000000000e+00,6.048857866846833395e-03,-0.000000000000000000e+00,-0.000000000000000000e+00,8.526773711318726134e-02,0.000000000000000000e+00,0.000000000000000000e+00,0.000000000000000000e+00,-0.000000000000000000e+00,0.000000000000000000e+00,0.000000000000000000e+00,0.000000000000000000e+00,2.352409425010523469e-01,0.000000000000000000e+00,-1.057059939382724301e-01,-0.000000000000000000e+00,-1.452593922941948501e-01,0.000000000000000000e+00,-3.784979174648230860e-01,0.000000000000000000e+00,0.000000000000000000e+00,0.000000000000000000e+00,-5.130956837805923376e-01,2.608771849754172756e+00
