2.331109315623987044e+00,-3.736177352741051338e-01,-0.000000000000000000e+00,-0.000000000000000000e+00,-0.000000000000000000e+00,-3.123331673143708853e-01,-0.000000000000000000e+00,5.091771791137995537e-03,-0.000000000000000000e+00,-0.000000000000000000e+00,-0.000000000000000000e+00,0.000000000000000000e+00,-0.000000000000000000e+00,-6.917639660263562307e-02,-0.000000000000000000e+00,-0.000000000000000000e+00,-8.167880399270692482e-02,-0.000000000000000000e+00,-0.000000000000000000e+00,-0.000000000000000000e+00,-0.000000000000000000e+00,-0.000000000000000000e+00,-4.939304135720835875e-02,-0.000000000000000000e+00,-2.400287025975082408e-02,-4.657693674072433399e-01,-1.604561498176418077e-01,-1.321308772640574503e-01,-1.861463175322835006e-01,-0.000000000000000000e+00,-9.855654317744183546e-02,-1.707563079253958949e-01,-0.000000000000000000e+00,-0.000000000000000000e+00,-1.450530021364374381e-02,-1.628426890385151760e-01,-7.482891552315994177e-02,-0.000000000000000000e+00,-0.000000000000000000e+00
-3.736177352741051338e-01,1.959941199179845217e+00,-0.000000000000000000e+00,0.000000000000000000e+00,-0.000000000000000000e+00,-3.321348408302630673e-01,-1.550109921741188966e-02,0.000000000000000000e+00,-0.000000000000000000e+00,-0.000000000000000000e+00,-0.000000000000000000e+00,1.728040197600249628e-01,-0.000000000000000000e+00,-0.000000000000000000e+00,0.000000000000000000e+00,-0.000000000000000000e+00,-0.000000000000000000e+00,-0.000000000000000000e+00,-0.000000000000000000e+00,-0.000000000000000000e+00,-0.000000000000000000e+00,-0.000000000000000000e+00,-5.871920749147834656e-02,-0.000000000000000000e+00,-5.187505765776148636e-02,-1.146522977658717274e-01,-2.910295988459428163e-01,-0.000000000000000000e+00,-0.000000000000000000e+00,-0.000000000000000000e+00,-0.000000000000000000e+00,-0.000000000000000000e+00,-0.000000000000000000e+00,-0.000000000000000000e+00,-0.000000000000000000e+00,-3.909682775808881461e-01,-5.003545649476000279e-02,0.000000000000000000e+00,0.000000000000000000e+00
-0.000000000000000000e+00,-0.000000000000000000e+00,2.698763958959648157e+00,-0.000000000000000000e+00,-2.644823488401471523e-01,-0.000000000000000000e+00,-0.000000000000000000e+00,7.066809507791849132e-01,-0.000000000000000000e+00,-0.000000000000000000e+00,-0.000000000000000000e+00,0.000000000000000000e+00,-0.000000000000000000e+00,-0.000000000000000000e+00,-0.000000000000000000e+00,-0.000000000000000000e+00,-0.000000000000000000e+00,-0.000000000000000000e+00,-1.135762145717082727e-01,-0.000000000000000000e+00,-8.605314979904427064e-02,-2.548601000761145374e-01,-4.935389554099932352e-02,-0.000000000000000000e+00,-0.000000000000000000e+00,-1.966653196192668651e-01,-0.000000000000000000e+00,-2.132869221329469489e-01,-0.000000000000000000e+00,-0.000000000000000000e+00,-1.126065882525924683e-01,-0.000000000000000000e+00,-4.341855865907339185e-01,-2.320153177871140393e-01,-0.000000000000000000e+00,-3.342437424546542551e-02,-1.548755647333610874e-01,-0.000000000000000000e+00,-0.000000000000000000e+00
-0.000000000000000000e+00,0.000000000000000000e+00,-0.000000000000000000e+00,1.343935927067977598e+00,0.000000000000000000e+00,0.000000000000000000e+00,-0.000000000000000000e+00,0.000000000000000000e+00,0.000000000000000000e+00,0.000000000000000000e+00,-0.000000000000000000e+00,-8.413793488305125468e-02,-0.000000000000000000e+00,0.000000000000000000e+00,-1.376881492572126497e-01,1.075487324371273562e-02,-0.000000000000000000e+00,-4.496449144208178837e-03,-0.000000000000000000e+00,-4.192660825507841804e-01,-0.000000000000000000e+00,-3.014117688961241992e-01,-0.000000000000000000e+00,0.000000000000000000e+00,-0.000000000000000000e+00,-0.000000000000000000e+00,0.000000000000000000e+00,-0.000000000000000000e+00,-0.000000000000000000e+00,4.167672869269879038e-02,0.000000000000000000e+00,-0.000000000000000000e+00,-0.000000000000000000e+00,0.000000000000000000e+00,0.000000000000000000e+00,0.000000000000000000e+00,0.000000000000000000e+00,-0.000000000000000000e+00,1.327088106618928010e-01
-0.000000000000000000e+00,-0.000000000000000000e+00,-2.644823488401471523e-01,0.000000000000000000e+00,2.627114497102615687e+00,-0.000000000000000000e+00,-1.111387457592294958e-01,3.066136531541355237e-01,-2.050593734750597308e-01,-0.000000000000000000e+00,-0.000000000000000000e+00,0.000000000000000000e+00,-0.000000000000000000e+00,-2.106797884835037160e-01,-0.000000000000000000e+00,-8.639501440196760418e-02,-0.000000000000000000e+00,-0.000000000000000000e+00,-4.458921850243029450e-01,0.000000000000000000e+00,-0.000000000000000000e+00,-0.000000000000000000e+00,-0.000000000000000000e+00,-0.000000000000000000e+00,-0.000000000000000000e+00,-0.000000000000000000e+00,-0.000000000000000000e+00,-0.000000000000000000e+00,-0.000000000000000000e+00,-1.414190372285319963e-01,-2.787720303215231454e-01,-0.000000000000000000e+00,-1.235554652445364741e-02,-4.723665011653948032e-01,-0.000000000000000000e+00,-2.433323475263803604e-01,-3.765102698337036147e-02,-0.000000000000000000e+00,-3.676687334031398385e-02
-3.123331673143708853e-01,-3.321348408302630673e-01,-0.000000000000000000e+00,0.000000000000000000e+00,-0.000000000000000000e+00,2.120177361320169762e+00,-0.000000000000000000e+00,0.000000000000000000e+00,-0.000000000000000000e+00,-0.000000000000000000e+00,-2.468257924899018296e-01,2.592949724599433181e-02,-3.973369090541845755e-02,-5.471963895522966720e-02,-0.000000000000000000e+00,-0.000000000000000000e+00,-1.427471420615882558e-01,-0.000000000000000000e+00,-0.000000000000000000e+00,-0.000000000000000000e+00,-0.000000000000000000e+00,-0.000000000000000000e+00,-8.631722490730849018e-02,-0.000000000000000000e+00,-2.355376767272124860e-01,-0.000000000000000000e+00,-6.884155557302509831e-02,-0.000000000000000000e+00,-0.000000000000000000e+00,-0.000000000000000000e+00,-5.477592154355750281e-02,-3.133830525591701360e-02,-0.000000000000000000e+00,-0.000000000000000000e+00,-1.341889028672181572e-01,-1.609358399495964820e-01,-2.218253943077458101e-01,-0.000000000000000000e+00,-0.000000000000000000e+00
-0.000000000000000000e+00,-1.550109921741188966e-02,-0.000000000000000000e+00,-0.000000000000000000e+00,-1.111387457592294958e-01,-0.000000000000000000e+00,1.426561841765844330e+00,0.000000000000000000e+00,-0.000000000000000000e+00,-0.000000000000000000e+00,-0.000000000000000000e+00,0.000000000000000000e+00,-0.000000000000000000e+00,-0.000000000000000000e+00,0.000000000000000000e+00,-0.000000000000000000e+00,-0.000000000000000000e+00,-2.087569819936798410e-01,-0.000000000000000000e+00,-0.000000000000000000e+00,-0.000000000000000000e+00,-0.000000000000000000e+00,-0.000000000000000000e+00,0.000000000000000000e+00,-0.000000000000000000e+00,-0.000000000000000000e+00,-1.862029575715164476e-01,-6.726726045238447249e-02,0.000000000000000000e+00,-0.000000000000000000e+00,-8.062546865416640729e-02,-0.000000000000000000e+00,-0.000000000000000000e+00,-2.819025729588036100e-01,-0.000000000000000000e+00,-8.928159263540873247e-02,-0.000000000000000000e+00,0.000000000000000000e+00,-0.000000000000000000e+00
5.091771791137995537e-03,0.000000000000000000e+00,7.066809507791849132e-01,0.000000000000000000e+00,3.066136531541355237e-01,0.000000000000000000e+00,0.000000000000000000e+00,2.160734012134715165e+00,0.000000000000000000e+00,0.000000000000000000e+00,0.000000000000000000e+00,-0.000000000000000000e+00,-0.000000000000000000e+00,0.000000000000000000e+00,0.000000000000000000e+00,0.000000000000000000e+00,0.000000000000000000e+00,0.000000000000000000e+00,0.000000000000000000e+00,0.000000000000000000e+00,0.000000000000000000e+00,0.000000000000000000e+00,0.000000000000000000e+00,0.000000000000000000e+00,0.000000000000000000e+00,1.536003219240315298e-01,0.000000000000000000e+00,0.000000000000000000e+00,8.746025660497709631e-02,0.000000000000000000e+00,0.000000000000000000e+00,0.000000000000000000e+00,1.651920577429094872e-01,1.620215198747249064e-01,4.367393250347398337e-02,1.846221224904256164e-01,1.738109330815390263e-01,0.000000000000000000e+00,0.000000000000000000e+00
-0.000000000000000000e+00,-0.000000000000000000e+00,-0.000000000000000000e+00,0.000000000000000000e+00,-2.050593734750597308e-01,-0.000000000000000000e+00,-0.000000000000000000e+00,0.000000000000000000e+00,2.220124012125848978e+00,-4.469030382881294949e-01,0.000000000000000000e+00,-0.000000000000000000e+00,0.000000000000000000e+00,-1.438068119498808750e-01,-0.000000000000000000e+00,-1.968411322909107697e-01,-0.000000000000000000e+00,-0.000000000000000000e+00,-2.279530342475619975e-01,-0.000000000000000000e+00,0.000000000000000000e+00,-0.000000000000000000e+00,-0.000000000000000000e+00,-8.674286019413431081e-02,-0.000000000000000000e+00,-0.000000000000000000e+00,-8.906548123873600509e-02,-0.000000000000000000e+00,-0.000000000000000000e+00,-2.616921192098817794e-01,-0.000000000000000000e+00,-0.000000000000000000e+00,-0.000000000000000000e+00,-1.568053557842033208e-01,-0.000000000000000000e+00,-0.000000000000000000e+00,-0.000000000000000000e+00,-2.366118902141859937e-01,-2.912845753176522279e-01
-0.000000000000000000e+00,-0.000000000000000000e+00,-0.000000000000000000e+00,0.000000000000000000e+00,-0.000000000000000000e+00,-0.000000000000000000e+00,-0.000000000000000000e+00,0.000000000000000000e+00,-4.469030382881294949e-01,2.181526925173031373e+00,0.000000000000000000e+00,-0.000000000000000000e+00,0.000000000000000000e+00,-0.000000000000000000e+00,-0.000000000000000000e+00,-5.824204370651311358e-01,0.000000000000000000e+00,-0.000000000000000000e+00,-1.083285852047017050e-01,0.000000000000000000e+00,0.000000000000000000e+00,0.000000000000000000e+00,-0.000000000000000000e+00,-0.000000000000000000e+00,-0.000000000000000000e+00,-0.000000000000000000e+00,-0.000000000000000000e+00,-0.000000000000000000e+00,0.000000000000000000e+00,-4.635016403201651647e-01,-0.000000000000000000e+00,0.000000000000000000e+00,-0.000000000000000000e+00,-0.000000000000000000e+00,-0.000000000000000000e+00,-0.000000000000000000e+00,-0.000000000000000000e+00,-0.000000000000000000e+00,-3.870611806015621936e-01
-0.000000000000000000e+00,-0.000000000000000000e+00,-0.000000000000000000e+00,-0.000000000000000000e+00,-0.000000000000000000e+00,-2.468257924899018296e-01,-0.000000000000000000e+00,0.000000000000000000e+00,0.000000000000000000e+00,0.000000000000000000e+00,2.217253179847643363e+00,1.948061023159726587e-03,-3.466279459450420375e-01,-0.000000000000000000e+00,-0.000000000000000000e+00,0.000000000000000000e+00,-9.344350288440897989e-01,-0.000000000000000000e+00,-0.000000000000000000e+00,-0.000000000000000000e+00,-0.000000000000000000e+00,-0.000000000000000000e+00,-1.141706348165022894e-01,-0.000000000000000000e+00,-2.353672176692524487e-01,-0.000000000000000000e+00,-0.000000000000000000e+00,-6.194103937768005892e-03,-1.262184475275584528e-01,0.000000000000000000e+00,-0.000000000000000000e+00,-1.656465916639068281e-01,-0.000000000000000000e+00,-0.000000000000000000e+00,-0.000000000000000000e+00,-0.000000000000000000e+00,-0.000000000000000000e+00,-0.000000000000000000e+00,0.000000000000000000e+00
0.000000000000000000e+00,1.728040197600249628e-01,0.000000000000000000e+00,-8.413793488305125468e-02,0.000000000000000000e+00,2.592949724599433181e-02,0.000000000000000000e+00,-0.000000000000000000e+00,-0.000000000000000000e+00,-0.000000000000000000e+00,1.948061023159726587e-03,1.206689645752715423e+00,0.000000000000000000e+00,0.000000000000000000e+00,-3.297436609785451278e-01,0.000000000000000000e+00,0.000000000000000000e+00,-0.000000000000000000e+00,-0.000000000000000000e+00,-0.000000000000000000e+00,0.000000000000000000e+00,-0.000000000000000000e+00,0.000000000000000000e+00,0.000000000000000000e+00,0.000000000000000000e+00,0.000000000000000000e+00,0.000000000000000000e+00,0.000000000000000000e+00,0.000000000000000000e+00,0.000000000000000000e+00,0.000000000000000000e+00,0.000000000000000000e+00,0.000000000000000000e+00,0.000000000000000000e+00,8.044554871626552472e-02,2.101881842742529261e-01,4.266968062255487026e-02,-0.000000000000000000e+00,-0.000000000000000000e+00
-0.000000000000000000e+00,-0.000000000000000000e+00,-0.000000000000000000e+00,-0.000000000000000000e+00,-0.000000000000000000e+00,-3.973369090541845755e-02,-0.000000000000000000e+00,-0.000000000000000000e+00,0.000000000000000000e+00,0.000000000000000000e+00,-3.466279459450420375e-01,0.000000000000000000e+00,1.275667119832181173e+00,-0.000000000000000000e+00,-0.000000000000000000e+00,0.000000000000000000e+00,-9.432245609618514215e-02,-0.000000000000000000e+00,-0.000000000000000000e+00,-0.000000000000000000e+00,-0.000000000000000000e+00,-1.568626646302567484e-01,-0.000000000000000000e+00,0.000000000000000000e+00,-3.339210293823901415e-02,-0.000000000000000000e+00,-0.000000000000000000e+00,-0.000000000000000000e+00,-0.000000000000000000e+00,7.075224353310741177e-02,-0.000000000000000000e+00,-1.178727293413003169e-01,-0.000000000000000000e+00,0.000000000000000000e+00,-0.000000000000000000e+00,-0.000000000000000000e+00,-0.000000000000000000e+00,-0.000000000000000000e+00,0.000000000000000000e+00
-6.917639660263562307e-02,-0.000000000000000000e+00,-0.000000000000000000e+00,0.000000000000000000e+00,-2.106797884835037160e-01,-5.471963895522966720e-02,-0.000000000000000000e+00,0.000000000000000000e+00,-1.438068119498808750e-01,-0.000000000000000000e+00,-0.000000000000000000e+00,0.000000000000000000e+00,-0.000000000000000000e+00,2.022126037014007505e+00,-0.000000000000000000e+00,-0.000000000000000000e+00,-0.000000000000000000e+00,-0.000000000000000000e+00,-1.915367938887811705e-02,-0.000000000000000000e+00,-0.000000000000000000e+00,-0.000000000000000000e+00,-7.586745936648797706e-02,-3.694498292417014995e-01,-2.044027420737869749e-01,-0.000000000000000000e+00,-0.000000000000000000e+00,-0.000000000000000000e+00,-0.000000000000000000e+00,-0.000000000000000000e+00,-0.000000000000000000e+00,-0.000000000000000000e+00,-4.589528274796936813e-01,-0.000000000000000000e+00,-1.689214676578686680e-01,-0.000000000000000000e+00,-0.000000000000000000e+00,-2.782413687118339141e-01,-0.000000000000000000e+00
-0.000000000000000000e+00,0.000000000000000000e+00,-0.000000000000000000e+00,-1.376881492572126497e-01,-0.000000000000000000e+00,-0.000000000000000000e+00,0.000000000000000000e+00,0.000000000000000000e+00,-0.000000000000000000e+00,-0.000000000000000000e+00,-0.000000000000000000e+00,-3.297436609785451278e-01,-0.000000000000000000e+00,-0.000000000000000000e+00,1.696001103648693720e+00,-0.000000000000000000e+00,-0.000000000000000000e+00,-1.982211425583050302e-01,-0.000000000000000000e+00,-4.917589726393337690e-01,-0.000000000000000000e+00,-0.000000000000000000e+00,-0.000000000000000000e+00,-0.000000000000000000e+00,-0.000000000000000000e+00,-0.000000000000000000e+00,0.000000000000000000e+00,-0.000000000000000000e+00,-5.470424691521509619e-02,-0.000000000000000000e+00,-0.000000000000000000e+00,-0.000000000000000000e+00,-0.000000000000000000e+00,-0.000000000000000000e+00,0.000000000000000000e+00,0.000000000000000000e+00,0.000000000000000000e+00,-5.463783073682223490e-01,-0.000000000000000000e+00
-0.000000000000000000e+00,-0.000000000000000000e+00,-0.000000000000000000e+00,1.075487324371273562e-02,-8.639501440196760418e-02,-0.000000000000000000e+00,-0.000000000000000000e+00,0.000000000000000000e+00,-1.968411322909107697e-01,-5.824204370651311358e-01,0.000000000000000000e+00,0.000000000000000000e+00,0.000000000000000000e+00,-0.000000000000000000e+00,-0.000000000000000000e+00,2.034502847684557025e+00,0.000000000000000000e+00,-0.000000000000000000e+00,-0.000000000000000000e+00,0.000000000000000000e+00,0.000000000000000000e+00,0.000000000000000000e+00,-0.000000000000000000e+00,-0.000000000000000000e+00,-0.000000000000000000e+00,-0.000000000000000000e+00,-3.429995170354772915e-02,-0.000000000000000000e+00,0.000000000000000000e+00,-5.738017643236732468e-01,-0.000000000000000000e+00,-0.000000000000000000e+00,-0.000000000000000000e+00,-0.000000000000000000e+00,-0.000000000000000000e+00,-8.810144504501976614e-02,-0.000000000000000000e+00,-0.000000000000000000e+00,-2.426657092518698378e-01
-8.167880399270692482e-02,-0.000000000000000000e+00,-0.000000000000000000e+00,-0.000000000000000000e+00,-0.000000000000000000e+00,-1.427471420615882558e-01,-0.000000000000000000e+00,0.000000000000000000e+00,-0.000000000000000000e+00,0.000000000000000000e+00,-9.344350288440897989e-01,0.000000000000000000e+00,-9.432245609618514215e-02,-0.000000000000000000e+00,-0.000000000000000000e+00,0.000000000000000000e+00,2.339381871525200385e+00,-0.000000000000000000e+00,-0.000000000000000000e+00,-1.833559207317331241e-01,-0.000000000000000000e+00,-6.467063342788265112e-02,-7.786417439197435009e-02,-0.000000000000000000e+00,-3.503915583749488138e-02,-0.000000000000000000e+00,-0.000000000000000000e+00,-1.181673974107693287e-01,-5.034872761348334613e-01,0.000000000000000000e+00,-0.000000000000000000e+00,-1.763453490199919649e-01,-0.000000000000000000e+00,-0.000000000000000000e+00,-0.000000000000000000e+00,-0.000000000000000000e+00,-0.000000000000000000e+00,-0.000000000000000000e+00,8.675619442597769237e-02
-0.000000000000000000e+00,-0.000000000000000000e+00,-0.000000000000000000e+00,-4.496449144208178837e-03,-0.000000000000000000e+00,-0.000000000000000000e+00,-2.087569819936798410e-01,0.000000000000000000e+00,-0.000000000000000000e+00,-0.000000000000000000e+00,-0.000000000000000000e+00,-0.000000000000000000e+00,-0.000000000000000000e+00,-0.000000000000000000e+00,-1.982211425583050302e-01,-0.000000000000000000e+00,-0.000000000000000000e+00,1.646671106003694929e+00,-4.135657547815510537e-01,-0.000000000000000000e+00,-0.000000000000000000e+00,-1.391302735904836052e-01,-0.000000000000000000e+00,-0.000000000000000000e+00,-0.000000000000000000e+00,-4.047990519647802661e-03,-0.000000000000000000e+00,-4.166600743155358666e-01,-0.000000000000000000e+00,-0.000000000000000000e+00,-5.827739795493925429e-02,-0.000000000000000000e+00,-0.000000000000000000e+00,-0.000000000000000000e+00,-0.000000000000000000e+00,-0.000000000000000000e+00,-0.000000000000000000e+00,-0.000000000000000000e+00,-0.000000000000000000e+00
-0.000000000000000000e+00,-0.000000000000000000e+00,-1.135762145717082727e-01,-0.000000000000000000e+00,-4.458921850243029450e-01,-0.000000000000000000e+00,-0.000000000000000000e+00,0.000000000000000000e+00,-2.279530342475619975e-01,-1.083285852047017050e-01,-0.000000000000000000e+00,-0.000000000000000000e+00,-0.000000000000000000e+00,-1.915367938887811705e-02,-0.000000000000000000e+00,-0.000000000000000000e+00,-0.000000000000000000e+00,-4.135657547815510537e-01,2.027029784114568578e+00,-0.000000000000000000e+00,-0.000000000000000000e+00,-0.000000000000000000e+00,-0.000000000000000000e+00,-0.000000000000000000e+00,-0.000000000000000000e+00,-0.000000000000000000e+00,-0.000000000000000000e+00,-0.000000000000000000e+00,-0.000000000000000000e+00,-0.000000000000000000e+00,-1.956836734119206667e-01,-0.000000000000000000e+00,-0.000000000000000000e+00,-3.285642014926802579e-02,-0.000000000000000000e+00,-0.000000000000000000e+00,-0.000000000000000000e+00,-2.941497991757873742e-01,-1.757328592975671844e-01
-0.000000000000000000e+00,-0.000000000000000000e+00,-0.000000000000000000e+00,-4.192660825507841804e-01,0.000000000000000000e+00,-0.000000000000000000e+00,-0.000000000000000000e+00,0.000000000000000000e+00,-0.000000000000000000e+00,0.000000000000000000e+00,-0.000000000000000000e+00,-0.000000000000000000e+00,-0.000000000000000000e+00,-0.000000000000000000e+00,-4.917589726393337690e-01,0.000000000000000000e+00,-1.833559207317331241e-01,-0.000000000000000000e+00,-0.000000000000000000e+00,1.587783875082029450e+00,-0.000000000000000000e+00,-1.813987605479905063e-01,-0.000000000000000000e+00,0.000000000000000000e+00,-0.000000000000000000e+00,-0.000000000000000000e+00,0.000000000000000000e+00,-1.709944364150598958e-02,-6.017407052686019747e-02,0.000000000000000000e+00,-0.000000000000000000e+00,-0.000000000000000000e+00,-0.000000000000000000e+00,0.000000000000000000e+00,0.000000000000000000e+00,0.000000000000000000e+00,0.000000000000000000e+00,-4.994714315883142658e-02,0.000000000000000000e+00
-0.000000000000000000e+00,-0.000000000000000000e+00,-8.605314979904427064e-02,-0.000000000000000000e+00,-0.000000000000000000e+00,-0.000000000000000000e+00,-0.000000000000000000e+00,0.000000000000000000e+00,0.000000000000000000e+00,0.000000000000000000e+00,-0.000000000000000000e+00,0.000000000000000000e+00,-0.000000000000000000e+00,-0.000000000000000000e+00,-0.000000000000000000e+00,0.000000000000000000e+00,-0.000000000000000000e+00,-0.000000000000000000e+00,-0.000000000000000000e+00,-0.000000000000000000e+00,1.769622873524703044e+00,-9.132944397644917611e-01,-0.000000000000000000e+00,0.000000000000000000e+00,-0.000000000000000000e+00,-0.000000000000000000e+00,-0.000000000000000000e+00,-1.640059685422823876e-01,-0.000000000000000000e+00,0.000000000000000000e+00,-0.000000000000000000e+00,-0.000000000000000000e+00,-1.715168528249688684e-01,-0.000000000000000000e+00,-0.000000000000000000e+00,-0.000000000000000000e+00,-0.000000000000000000e+00,-0.000000000000000000e+00,0.000000000000000000e+00
-0.000000000000000000e+00,-0.000000000000000000e+00,-2.548601000761145374e-01,-3.014117688961241992e-01,-0.000000000000000000e+00,-0.000000000000000000e+00,-0.000000000000000000e+00,0.000000000000000000e+00,-0.000000000000000000e+00,0.000000000000000000e+00,-0.000000000000000000e+00,-0.000000000000000000e+00,-1.568626646302567484e-01,-0.000000000000000000e+00,-0.000000000000000000e+00,0.000000000000000000e+00,-6.467063342788265112e-02,-1.391302735904836052e-01,-0.000000000000000000e+00,-1.813987605479905063e-01,-9.132944397644917611e-01,2.231101401606651713e+00,-0.000000000000000000e+00,-0.000000000000000000e+00,-0.000000000000000000e+00,-0.000000000000000000e+00,-0.000000000000000000e+00,-2.468550186225779985e-01,-0.000000000000000000e+00,0.000000000000000000e+00,-0.000000000000000000e+00,-0.000000000000000000e+00,-1.846534697826802407e-01,-0.000000000000000000e+00,-0.000000000000000000e+00,-0.000000000000000000e+00,-0.000000000000000000e+00,-0.000000000000000000e+00,0.000000000000000000e+00
-4.939304135720835875e-02,-5.871920749147834656e-02,-4.935389554099932352e-02,-0.000000000000000000e+00,-0.000000000000000000e+00,-8.631722490730849018e-02,-0.000000000000000000e+00,0.000000000000000000e+00,-0.000000000000000000e+00,-0.000000000000000000e+00,-1.141706348165022894e-01,0.000000000000000000e+00,-0.000000000000000000e+00,-7.586745936648797706e-02,-0.000000000000000000e+00,-0.000000000000000000e+00,-7.786417439197435009e-02,-0.000000000000000000e+00,-0.000000000000000000e+00,-0.000000000000000000e+00,-0.000000000000000000e+00,-0.000000000000000000e+00,2.093731108755474857e+00,-5.030566375119275430e-02,-9.517898650144089867e-01,-0.000000000000000000e+00,-0.000000000000000000e+00,-3.531391615895088792e-02,-0.000000000000000000e+00,-0.000000000000000000e+00,-1.697788893295375245e-02,-0.000000000000000000e+00,-4.057100320668147186e-02,-0.000000000000000000e+00,-0.000000000000000000e+00,-1.718530930090189091e-01,-0.000000000000000000e+00,-1.610256129778347145e-01,-0.000000000000000000e+00
-0.000000000000000000e+00,-0.000000000000000000e+00,-0.000000000000000000e+00,0.000000000000000000e+00,-0.000000000000000000e+00,-0.000000000000000000e+00,0.000000000000000000e+00,0.000000000000000000e+00,-8.674286019413431081e-02,-0.000000000000000000e+00,-0.000000000000000000e+00,0.000000000000000000e+00,0.000000000000000000e+00,-3.694498292417014995e-01,-0.000000000000000000e+00,-0.000000000000000000e+00,-0.000000000000000000e+00,-0.000000000000000000e+00,-0.000000000000000000e+00,0.000000000000000000e+00,0.000000000000000000e+00,-0.000000000000000000e+00,-5.030566375119275430e-02,1.404062569429450180e+00,-0.000000000000000000e+00,-0.000000000000000000e+00,-0.000000000000000000e+00,-0.000000000000000000e+00,-0.000000000000000000e+00,-8.349734920873895516e-02,-0.000000000000000000e+00,-0.000000000000000000e+00,-0.000000000000000000e+00,-0.000000000000000000e+00,-3.040580922933332486e-01,-0.000000000000000000e+00,-0.000000000000000000e+00,-6.157329799607501319e-02,-5.608648081024562165e-02
-2.400287025975082408e-02,-5.187505765776148636e-02,-0.000000000000000000e+00,-0.000000000000000000e+00,-0.000000000000000000e+00,-2.355376767272124860e-01,-0.000000000000000000e+00,0.000000000000000000e+00,-0.000000000000000000e+00,-0.000000000000000000e+00,-2.353672176692524487e-01,0.000000000000000000e+00,-3.339210293823901415e-02,-2.044027420737869749e-01,-0.000000000000000000e+00,-0.000000000000000000e+00,-3.503915583749488138e-02,-0.000000000000000000e+00,-0.000000000000000000e+00,-0.000000000000000000e+00,-0.000000000000000000e+00,-0.000000000000000000e+00,-9.517898650144089867e-01,-0.000000000000000000e+00,2.409219082901817188e+00,-0.000000000000000000e+00,-0.000000000000000000e+00,-1.755505060248629678e-01,-0.000000000000000000e+00,-0.000000000000000000e+00,-1.684355060278932559e-01,-0.000000000000000000e+00,-4.528454950482305175e-02,-0.000000000000000000e+00,-8.475193626846093398e-02,-1.920039640305247763e-01,-0.000000000000000000e+00,-0.000000000000000000e+00,-0.000000000000000000e+00
-4.657693674072433399e-01,-1.146522977658717274e-01,-1.966653196192668651e-01,-0.000000000000000000e+00,-0.000000000000000000e+00,-0.000000000000000000e+00,-0.000000000000000000e+00,1.536003219240315298e-01,-0.000000000000000000e+00,-0.000000000000000000e+00,-0.000000000000000000e+00,0.000000000000000000e+00,-0.000000000000000000e+00,-0.000000000000000000e+00,-0.000000000000000000e+00,-0.000000000000000000e+00,-0.000000000000000000e+00,-4.047990519647802661e-03,-0.000000000000000000e+00,-0.000000000000000000e+00,-0.000000000000000000e+00,-0.000000000000000000e+00,-0.000000000000000000e+00,-0.000000000000000000e+00,-0.000000000000000000e+00,2.508143423155834384e+00,-1.406883977530949403e-01,-5.747648700003347155e-01,-4.308645566789109371e-01,-0.000000000000000000e+00,-1.543388901276469549e-01,-9.950216614579296404e-02,-0.000000000000000000e+00,-0.000000000000000000e+00,-0.000000000000000000e+00,-3.087953383229379359e-02,-1.947828089101793225e-01,-0.000000000000000000e+00,-0.000000000000000000e+00
-1.604561498176418077e-01,-2.910295988459428163e-01,-0.000000000000000000e+00,0.000000000000000000e+00,-0.000000000000000000e+00,-6.884155557302509831e-02,-1.862029575715164476e-01,0.000000000000000000e+00,-8.906548123873600509e-02,-0.000000000000000000e+00,-0.000000000000000000e+00,0.000000000000000000e+00,-0.000000000000000000e+00,-0.000000000000000000e+00,0.000000000000000000e+00,-3.429995170354772915e-02,-0.000000000000000000e+00,-0.000000000000000000e+00,-0.000000000000000000e+00,0.000000000000000000e+00,-0.000000000000000000e+00,-0.000000000000000000e+00,-0.000000000000000000e+00,-0.000000000000000000e+00,-0.000000000000000000e+00,-1.406883977530949403e-01,1.954978814961229938e+00,-0.000000000000000000e+00,-0.000000000000000000e+00,-0.000000000000000000e+00,-5.219996890000708767e-01,-2.053684534534131190e-01,-0.000000000000000000e+00,-0.000000000000000000e+00,-0.000000000000000000e+00,-1.691135748993596033e-01,-0.000000000000000000e+00,-0.000000000000000000e+00,-0.000000000000000000e+00
-1.321308772640574503e-01,-0.000000000000000000e+00,-2.132869221329469489e-01,-0.000000000000000000e+00,-0.000000000000000000e+00,-0.000000000000000000e+00,-6.726726045238447249e-02,0.000000000000000000e+00,-0.000000000000000000e+00,-0.000000000000000000e+00,-6.194103937768005892e-03,0.000000000000000000e+00,-0.000000000000000000e+00,-0.000000000000000000e+00,-0.000000000000000000e+00,-0.000000000000000000e+00,-1.181673974107693287e-01,-4.166600743155358666e-01,-0.000000000000000000e+00,-1.709944364150598958e-02,-1.640059685422823876e-01,-2.468550186225779985e-01,-3.531391615895088792e-02,-0.000000000000000000e+00,-1.755505060248629678e-01,-5.747648700003347155e-01,-0.000000000000000000e+00,2.540186207908531557e+00,-1.076195292492607286e-01,-0.000000000000000000e+00,-2.202965694531361096e-01,-2.583594201348668115e-02,-2.151460176789243284e-01,-0.000000000000000000e+00,-0.000000000000000000e+00,-0.000000000000000000e+00,-2.471471392183422974e-02,-2.136678027260359089e-02,-0.000000000000000000e+00
-1.861463175322835006e-01,-0.000000000000000000e+00,-0.000000000000000000e+00,-0.000000000000000000e+00,-0.000000000000000000e+00,-0.000000000000000000e+00,0.000000000000000000e+00,8.746025660497709631e-02,-0.000000000000000000e+00,0.000000000000000000e+00,-1.262184475275584528e-01,0.000000000000000000e+00,-0.000000000000000000e+00,-0.000000000000000000e+00,-5.470424691521509619e-02,0.000000000000000000e+00,-5.034872761348334613e-01,-0.000000000000000000e+00,-0.000000000000000000e+00,-6.017407052686019747e-02,-0.000000000000000000e+00,-0.000000000000000000e+00,-0.000000000000000000e+00,-0.000000000000000000e+00,-0.000000000000000000e+00,-4.308645566789109371e-01,-0.000000000000000000e+00,-1.076195292492607286e-01,2.140835505441061049e+00,0.000000000000000000e+00,-0.000000000000000000e+00,-2.537141555584481178e-01,-2.313760217267832875e-01,-0.000000000000000000e+00,-0.000000000000000000e+00,-0.000000000000000000e+00,-0.000000000000000000e+00,-1.180573428625166926e-01,0.000000000000000000e+00
-0.000000000000000000e+00,-0.000000000000000000e+00,-0.000000000000000000e+00,4.167672869269879038e-02,-1.414190372285319963e-01,-0.000000000000000000e+00,-0.000000000000000000e+00,0.000000000000000000e+00,-2.616921192098817794e-01,-4.635016403201651647e-01,0.000000000000000000e+00,0.000000000000000000e+00,7.075224353310741177e-02,-0.000000000000000000e+00,-0.000000000000000000e+00,-5.738017643236732468e-01,0.000000000000000000e+00,-0.000000000000000000e+00,-0.000000000000000000e+00,0.000000000000000000e+00,0.000000000000000000e+00,0.000000000000000000e+00,-0.000000000000000000e+00,-8.349734920873895516e-02,-0.000000000000000000e+00,-0.000000000000000000e+00,-0.000000000000000000e+00,-0.000000000000000000e+00,0.000000000000000000e+00,2.263331641514304771e+00,-0.000000000000000000e+00,0.000000000000000000e+00,-0.000000000000000000e+00,-3.277438655201135309e-01,-0.000000000000000000e+00,-0.000000000000000000e+00,-0.000000000000000000e+00,-0.000000000000000000e+00,-3.825202390201934421e-01
-9.855654317744183546e-02,-0.000000000000000000e+00,-1.126065882525924683e-01,0.000000000000000000e+00,-2.787720303215231454e-01,-5.477592154355750281e-02,-8.062546865416640729e-02,0.000000000000000000e+00,-0.000000000000000000e+00,-0.000000000000000000e+00,-0.000000000000000000e+00,0.000000000000000000e+00,-0.000000000000000000e+00,-0.000000000000000000e+00,-0.000000000000000000e+00,-0.000000000000000000e+00,-0.000000000000000000e+00,-5.827739795493925429e-02,-1.956836734119206667e-01,-0.000000000000000000e+00,-0.000000000000000000e+00,-0.000000000000000000e+00,-1.697788893295375245e-02,-0.000000000000000000e+00,-1.684355060278932559e-01,-1.543388901276469549e-01,-5.219996890000708767e-01,-2.202965694531361096e-01,-0.000000000000000000e+00,-0.000000000000000000e+00,2.419580243558850707e+00,-5.963208361620853278e-03,-3.881654484210073780e-02,-1.873131272038502659e-01,-0.000000000000000000e+00,-2.153403059454143953e-01,-1.271482193157891238e-01,-0.000000000000000000e+00,-0.000000000000000000e+00
-1.707563079253958949e-01,-0.000000000000000000e+00,-0.000000000000000000e+00,-0.000000000000000000e+00,-0.000000000000000000e+00,-3.133830525591701360e-02,-0.000000000000000000e+00,0.000000000000000000e+00,-0.000000000000000000e+00,0.000000000000000000e+00,-1.656465916639068281e-01,0.000000000000000000e+00,-1.178727293413003169e-01,-0.000000000000000000e+00,-0.000000000000000000e+00,-0.000000000000000000e+00,-1.763453490199919649e-01,-0.000000000000000000e+00,-0.000000000000000000e+00,-0.000000000000000000e+00,-0.000000000000000000e+00,-0.000000000000000000e+00,-0.000000000000000000e+00,-0.000000000000000000e+00,-0.000000000000000000e+00,-9.950216614579296404e-02,-2.053684534534131190e-01,-2.583594201348668115e-02,-2.537141555584481178e-01,0.000000000000000000e+00,-5.963208361620853278e-03,1.548978252065110528e+00,-0.000000000000000000e+00,-0.000000000000000000e+00,-0.000000000000000000e+00,-0.000000000000000000e+00,-0.000000000000000000e+00,-0.000000000000000000e+00,0.000000000000000000e+00
-0.000000000000000000e+00,-0.000000000000000000e+00,-4.341855865907339185e-01,-0.000000000000000000e+00,-1.235554652445364741e-02,-0.000000000000000000e+00,-0.000000000000000000e+00,1.651920577429094872e-01,-0.000000000000000000e+00,-0.000000000000000000e+00,-0.000000000000000000e+00,0.000000000000000000e+00,-0.000000000000000000e+00,-4.589528274796936813e-01,-0.000000000000000000e+00,-0.000000000000000000e+00,-0.000000000000000000e+00,-0.000000000000000000e+00,-0.000000000000000000e+00,-0.000000000000000000e+00,-1.715168528249688684e-01,-1.846534697826802407e-01,-4.057100320668147186e-02,-0.000000000000000000e+00,-4.528454950482305175e-02,-0.000000000000000000e+00,-0.000000000000000000e+00,-2.151460176789243284e-01,-2.313760217267832875e-01,-0.000000000000000000e+00,-3.881654484210073780e-02,-0.000000000000000000e+00,2.368086512736122362e+00,-2.858125646493086536e-01,-1.300048059362705899e-01,-0.000000000000000000e+00,-6.693612105581191185e-02,-0.000000000000000000e+00,-0.000000000000000000e+00
-0.000000000000000000e+00,-0.000000000000000000e+00,-2.320153177871140393e-01,0.000000000000000000e+00,-4.723665011653948032e-01,-0.000000000000000000e+00,-2.819025729588036100e-01,1.620215198747249064e-01,-1.568053557842033208e-01,-0.000000000000000000e+00,-0.000000000000000000e+00,0.000000000000000000e+00,0.000000000000000000e+00,-0.000000000000000000e+00,-0.000000000000000000e+00,-0.000000000000000000e+00,-0.000000000000000000e+00,-0.000000000000000000e+00,-3.285642014926802579e-02,0.000000000000000000e+00,-0.000000000000000000e+00,-0.000000000000000000e+00,-0.000000000000000000e+00,-0.000000000000000000e+00,-0.000000000000000000e+00,-0.000000000000000000e+00,-0.000000000000000000e+00,-0.000000000000000000e+00,-0.000000000000000000e+00,-3.277438655201135309e-01,-1.873131272038502659e-01,-0.000000000000000000e+00,-2.858125646493086536e-01,2.169278383053765857e+00,-0.000000000000000000e+00,-9.828100209006178020e-04,-1.904902680268351356e-02,-0.000000000000000000e+00,-0.000000000000000000e+00
-1.450530021364374381e-02,-0.000000000000000000e+00,-0.000000000000000000e+00,0.000000000000000000e+00,-0.000000000000000000e+00,-1.341889028672181572e-01,-0.000000000000000000e+00,4.367393250347398337e-02,-0.000000000000000000e+00,-0.000000000000000000e+00,-0.000000000000000000e+00,8.044554871626552472e-02,-0.000000000000000000e+00,-1.689214676578686680e-01,0.000000000000000000e+00,-0.000000000000000000e+00,-0.000000000000000000e+00,-0.000000000000000000e+00,-0.000000000000000000e+00,0.000000000000000000e+00,-0.000000000000000000e+00,-0.000000000000000000e+00,-0.000000000000000000e+00,-3.040580922933332486e-01,-8.475193626846093398e-02,-0.000000000000000000e+00,-0.000000000000000000e+00,-0.000000000000000000e+00,-0.000000000000000000e+00,-0.000000000000000000e+00,-0.000000000000000000e+00,-0.000000000000000000e+00,-1.300048059362705899e-01,-0.000000000000000000e+00,2.075655142451367396e+00,-1.536531509226081171e-01,-8.814222897860287675e-01,-0.000000000000000000e+00,-0.000000000000000000e+00
-1.628426890385151760e-01,-3.909682775808881461e-01,-3.342437424546542551e-02,0.000000000000000000e+00,-2.433323475263803604e-01,-1.609358399495964820e-01,-8.928159263540873247e-02,1.846221224904256164e-01,-0.000000000000000000e+00,-0.000000000000000000e+00,-0.000000000000000000e+00,2.101881842742529261e-01,-0.000000000000000000e+00,-0.000000000000000000e+00,0.000000000000000000e+00,-8.810144504501976614e-02,-0.000000000000000000e+00,-0.000000000000000000e+00,-0.000000000000000000e+00,0.000000000000000000e+00,-0.000000000000000000e+00,-0.000000000000000000e+00,-1.718530930090189091e-01,-0.000000000000000000e+00,-1.920039640305247763e-01,-3.087953383229379359e-02,-1.691135748993596033e-01,-0.000000000000000000e+00,-0.000000000000000000e+00,-0.000000000000000000e+00,-2.153403059454143953e-01,-0.000000000000000000e+00,-0.000000000000000000e+00,-9.828100209006178020e-04,-1.536531509226081171e-01,2.370974327094985679e+00,-1.484664082652644157e-01,-0.000000000000000000e+00,-0.000000000000000000e+00
-7.482891552315994177e-02,-5.003545649476000279e-02,-1.548755647333610874e-01,0.000000000000000000e+00,-3.765102698337036147e-02,-2.218253943077458101e-01,-0.000000000000000000e+00,1.738109330815390263e-01,-0.000000000000000000e+00,-0.000000000000000000e+00,-0.000000000000000000e+00,4.266968062255487026e-02,-0.000000000000000000e+00,-0.000000000000000000e+00,0.000000000000000000e+00,-0.000000000000000000e+00,-0.000000000000000000e+00,-0.000000000000000000e+00,-0.000000000000000000e+00,0.000000000000000000e+00,-0.000000000000000000e+00,-0.000000000000000000e+00,-0.000000000000000000e+00,-0.000000000000000000e+00,-0.000000000000000000e+00,-1.947828089101793225e-01,-0.000000000000000000e+00,-2.471471392183422974e-02,-0.000000000000000000e+00,-0.000000000000000000e+00,-1.271482193157891238e-01,-0.000000000000000000e+00,-6.693612105581191185e-02,-1.904902680268351356e-02,-8.814222897860287675e-01,-1.484664082652644157e-01,2.263913601821228028e+00,-0.000000000000000000e+00,-0.000000000000000000e+00
-0.000000000000000000e+00,0.000000000000000000e+00,-0.000000000000000000e+00,-0.000000000000000000e+00,-0.000000000000000000e+00,-0.000000000000000000e+00,0.000000000000000000e+00,0.000000000000000000e+00,-2.366118902141859937e-01,-0.000000000000000000e+00,-0.000000000000000000e+00,-0.000000000000000000e+00,-0.000000000000000000e+00,-2.782413687118339141e-01,-5.463783073682223490e-01,-0.000000000000000000e+00,-0.000000000000000000e+00,-0.000000000000000000e+00,-2.941497991757873742e-01,-4.994714315883142658e-02,-0.000000000000000000e+00,-0.000000000000000000e+00,-1.610256129778347145e-01,-6.157329799607501319e-02,-0.000000000000000000e+00,-0.000000000000000000e+00,-0.000000000000000000e+00,-2.136678027260359089e-02,-1.180573428625166926e-01,-0.000000000000000000e+00,-0.000000000000000000e+00,-0.000000000000000000e+00,-0.000000000000000000e+00,-0.000000000000000000e+00,-0.000000000000000000e+00,-0.000000000000000000e+00,-0.000000000000000000e+00,1.787830378971164702e+00,-0.000000000000000000e+00
-0.000000000000000000e+00,0.000000000000000000e+00,-0.000000000000000000e+00,1.327088106618928010e-01,-3.676687334031398385e-02,-0.000000000000000000e+00,-0.000000000000000000e+00,0.000000000000000000e+00,-2.912845753176522279e-01,-3.870611806015621936e-01,0.000000000000000000e+00,-0.000000000000000000e+00,0.000000000000000000e+00,-0.000000000000000000e+00,-0.000000000000000000e+00,-2.426657092518698378e-01,8.675619442597769237e-02,-0.000000000000000000e+00,-1.757328592975671844e-01,0.000000000000000000e+00,0.000000000000000000e+00,0.000000000000000000e+00,-0.000000000000000000e+00,-5.608648081024562165e-02,-0.000000000000000000e+00,-0.000000000000000000e+00,-0.000000000000000000e+00,-0.000000000000000000e+00,0.000000000000000000e+00,-3.825202390201934421e-01,-0.000000000000000000e+00,0.000000000000000000e+00,-0.000000000000000000e+00,-0.000000000000000000e+00,-0.000000000000000000e+00,-0.000000000000000000e+00,-0.000000000000000000e+00,-0.000000000000000000e+00,1.816027177160295825e+00
