1.473976353688004837e+00,-3.702567515355944389e-02,-0.000000000000000000e+00,-0.000000000000000000e+00,-1.400704057252453727e-01,0.000000000000000000e+00,0.000000000000000000e+00,0.000000000000000000e+00,-5.009136990526600330e-01,0.000000000000000000e+00,0.000000000000000000e+00,-0.000000000000000000e+00,-0.000000000000000000e+00,-0.000000000000000000e+00,0.000000000000000000e+00,0.000000000000000000e+00,-0.000000000000000000e+00,-0.000000000000000000e+00,-0.000000000000000000e+00,-3.749769037370211111e-02,-0.000000000000000000e+00,-3.868537347572984647e-02,-0.000000000000000000e+00,-0.000000000000000000e+00,-2.244219473017926292e-01,-0.000000000000000000e+00,0.000000000000000000e+00,-0.000000000000000000e+00,0.000000000000000000e+00,-0.000000000000000000e+00,0.000000000000000000e+00,0.000000000000000000e+00,0.000000000000000000e+00,-4.866007880294556318e-03,0.000000000000000000e+00,0.000000000000000000e+00,0.000000000000000000e+00,-2.126426585315227547e-01,-4.095954887097019714e-02
-3.702567515355944389e-02,1.718750506985298854e+00,-0.000000000000000000e+00,-0.000000000000000000e+00,-0.000000000000000000e+00,-0.000000000000000000e+00,-0.000000000000000000e+00,0.000000000000000000e+00,-0.000000000000000000e+00,-0.000000000000000000e+00,-0.000000000000000000e+00,-1.792872416961048265e-01,-0.000000000000000000e+00,-1.898828454511999331e-01,1.602163739856232172e-01,-0.000000000000000000e+00,-0.000000000000000000e+00,-0.000000000000000000e+00,-0.000000000000000000e+00,-0.000000000000000000e+00,0.000000000000000000e+00,-6.852077879524270942e-02,-2.650305100765666944e-01,-0.000000000000000000e+00,-2.180159534680043421e-01,-2.069099472614351343e-01,-3.951955795185863041e-01,-0.000000000000000000e+00,-0.000000000000000000e+00,-5.520548569661985067e-02,-0.000000000000000000e+00,-0.000000000000000000e+00,0.000000000000000000e+00,-0.000000000000000000e+00,-0.000000000000000000e+00,-0.000000000000000000e+00,-0.000000000000000000e+00,-0.000000000000000000e+00,-2.557177595405006332e-01
-0.000000000000000000e+00,-0.000000000000000000e+00,2.390259378208552832e+00,-0.000000000000000000e+00,-3.100403125714979446e-01,-0.000000000000000000e+00,-0.000000000000000000e+00,1.162466406148795039e+00,0.000000000000000000e+00,-0.000000000000000000e+00,-0.000000000000000000e+00,-0.000000000000000000e+00,0.000000000000000000e+00,-0.000000000000000000e+00,0.000000000000000000e+00,-0.000000000000000000e+00,-0.000000000000000000e+00,-0.000000000000000000e+00,-0.000000000000000000e+00,0.000000000000000000e+00,-4.909443422076666397e-01,-0.000000000000000000e+00,-0.000000000000000000e+00,-0.000000000000000000e+00,-0.000000000000000000e+00,-0.000000000000000000e+00,-0.000000000000000000e+00,-3.232342050474844297e-02,0.000000000000000000e+00,-0.000000000000000000e+00,-9.672273692859566230e-02,-0.000000000000000000e+00,-3.720223224304188836e-01,-0.000000000000000000e+00,0.000000000000000000e+00,-0.000000000000000000e+00,0.000000000000000000e+00,-0.000000000000000000e+00,-2.993299753516785039e-02
-0.000000000000000000e+00,-0.000000000000000000e+00,-0.000000000000000000e+00,1.203363521060978103e+00,-0.000000000000000000e+00,0.000000000000000000e+00,-0.000000000000000000e+00,0.000000000000000000e+00,-0.000000000000000000e+00,0.000000000000000000e+00,1.586038798179820741e-01,-0.000000000000000000e+00,-0.000000000000000000e+00,0.000000000000000000e+00,2.526194120970400858e-01,0.000000000000000000e+00,0.000000000000000000e+00,-0.000000000000000000e+00,-0.000000000000000000e+00,-6.590732169637615601e-02,0.000000000000000000e+00,-7.842204975420317969e-02,-0.000000000000000000e+00,-0.000000000000000000e+00,-0.000000000000000000e+00,0.000000000000000000e+00,0.000000000000000000e+00,2.620932799329840912e-01,0.000000000000000000e+00,-0.000000000000000000e+00,0.000000000000000000e+00,0.000000000000000000e+00,0.000000000000000000e+00,0.000000000000000000e+00,0.000000000000000000e+00,0.000000000000000000e+00,5.109509699814320655e-02,-0.000000000000000000e+00,-0.000000000000000000e+00
-1.400704057252453727e-01,-0.000000000000000000e+00,-3.100403125714979446e-01,-0.000000000000000000e+00,1.778309264509154497e+00,0.000000000000000000e+00,-0.000000000000000000e+00,6.827477617492961476e-03,-2.340397108713231644e-01,-0.000000000000000000e+00,0.000000000000000000e+00,-0.000000000000000000e+00,-0.000000000000000000e+00,-0.000000000000000000e+00,0.000000000000000000e+00,0.000000000000000000e+00,-0.000000000000000000e+00,-1.779780301141102583e-01,-0.000000000000000000e+00,-0.000000000000000000e+00,-4.775469714603843008e-02,-1.139728459835765290e-01,-0.000000000000000000e+00,-0.000000000000000000e+00,-0.000000000000000000e+00,-0.000000000000000000e+00,0.000000000000000000e+00,-0.000000000000000000e+00,0.000000000000000000e+00,-6.052348939693826674e-02,-0.000000000000000000e+00,0.000000000000000000e+00,-0.000000000000000000e+00,-4.380460487247331280e-01,0.000000000000000000e+00,0.000000000000000000e+00,0.000000000000000000e+00,-9.066106554083160074e-02,-3.823159222276371061e-01
0.000000000000000000e+00,-0.000000000000000000e+00,-0.000000000000000000e+00,0.000000000000000000e+00,0.000000000000000000e+00,2.153966894722077807e+00,-0.000000000000000000e+00,0.000000000000000000e+00,1.920196805493243619e-01,-8.525149746131997774e-02,-2.356892991722461250e-01,0.000000000000000000e+00,3.291717277123947794e-01,-0.000000000000000000e+00,0.000000000000000000e+00,-1.896095954925647586e-01,-2.406532590428084872e-01,0.000000000000000000e+00,0.000000000000000000e+00,1.018917574144497101e-01,-0.000000000000000000e+00,0.000000000000000000e+00,-5.041328133918929200e-02,-0.000000000000000000e+00,-0.000000000000000000e+00,-0.000000000000000000e+00,-0.000000000000000000e+00,-0.000000000000000000e+00,-1.760606763797434998e-02,-0.000000000000000000e+00,-4.211474852846707750e-01,-0.000000000000000000e+00,-0.000000000000000000e+00,0.000000000000000000e+00,-5.374734380532832784e-02,-1.057313925444732516e-01,-5.209553978667202240e-02,1.270857441286311063e-01,0.000000000000000000e+00
0.000000000000000000e+00,-0.000000000000000000e+00,-0.000000000000000000e+00,-0.000000000000000000e+00,-0.000000000000000000e+00,-0.000000000000000000e+00,9.999999999999997780e-01,0.000000000000000000e+00,0.000000000000000000e+00,-0.000000000000000000e+00,-0.000000000000000000e+00,0.000000000000000000e+00,0.000000000000000000e+00,0.000000000000000000e+00,0.000000000000000000e+00,-0.000000000000000000e+00,-0.000000000000000000e+00,-0.000000000000000000e+00,-0.000000000000000000e+00,0.000000000000000000e+00,-0.000000000000000000e+00,-0.000000000000000000e+00,-0.000000000000000000e+00,0.000000000000000000e+00,-0.000000000000000000e+00,-0.000000000000000000e+00,-0.000000000000000000e+00,-0.000000000000000000e+00,-0.000000000000000000e+00,-0.000000000000000000e+00,-0.000000000000000000e+00,-0.000000000000000000e+00,-0.000000000000000000e+00,0.000000000000000000e+00,-0.000000000000000000e+00,-0.000000000000000000e+00,-0.000000000000000000e+00,0.000000000000000000e+00,-0.000000000000000000e+00
0.000000000000000000e+00,0.000000000000000000e+00,1.162466406148795039e+00,0.000000000000000000e+00,6.827477617492961476e-03,0.000000000000000000e+00,0.000000000000000000e+00,2.032322379503245902e+00,-0.000000000000000000e+00,0.000000000000000000e+00,0.000000000000000000e+00,0.000000000000000000e+00,-0.000000000000000000e+00,0.000000000000000000e+00,-0.000000000000000000e+00,0.000000000000000000e+00,0.000000000000000000e+00,0.000000000000000000e+00,0.000000000000000000e+00,-0.000000000000000000e+00,9.646774105971125945e-02,0.000000000000000000e+00,0.000000000000000000e+00,0.000000000000000000e+00,2.589299346750764327e-02,0.000000000000000000e+00,0.000000000000000000e+00,0.000000000000000000e+00,0.000000000000000000e+00,0.000000000000000000e+00,3.891467464954171396e-01,0.000000000000000000e+00,9.114144221536210622e-02,0.000000000000000000e+00,0.000000000000000000e+00,0.000000000000000000e+00,0.000000000000000000e+00,-0.000000000000000000e+00,0.000000000000000000e+00
-5.009136990526600330e-01,-0.000000000000000000e+00,0.000000000000000000e+00,-0.000000000000000000e+00,-2.340397108713231644e-01,1.920196805493243619e-01,0.000000000000000000e+00,-0.000000000000000000e+00,2.343769131606158851e+00,0.000000000000000000e+00,0.000000000000000000e+00,-1.016400789003725075e-01,-1.887405464318243353e-01,-0.000000000000000000e+00,0.000000000000000000e+00,0.000000000000000000e+00,0.000000000000000000e+00,-6.634997985065979598e-02,-3.481866847613005952e-03,-3.549548668555249642e-01,-0.000000000000000000e+00,-2.120669751224137367e-01,0.000000000000000000e+00,-0.000000000000000000e+00,-0.000000000000000000e+00,-0.000000000000000000e+00,0.000000000000000000e+00,-0.000000000000000000e+00,0.000000000000000000e+00,-0.000000000000000000e+00,1.302420704435047483e-01,0.000000000000000000e+00,0.000000000000000000e+00,-5.338864309133763142e-02,0.000000000000000000e+00,1.054178504780520047e-02,0.000000000000000000e+00,-6.354688086918934831e-01,-6.436084259072481772e-02
0.000000000000000000e+00,-0.000000000000000000e+00,-0.000000000000000000e+00,0.000000000000000000e+00,-0.000000000000000000e+00,-8.525149746131997774e-02,-0.000000000000000000e+00,0.000000000000000000e+00,0.000000000000000000e+00,2.287571057684888221e+00,-0.000000000000000000e+00,0.000000000000000000e+00,8.491409705122374141e-02,-0.000000000000000000e+00,0.000000000000000000e+00,-4.685023155070516809e-01,-0.000000000000000000e+00,0.000000000000000000e+00,1.869444810922062800e-02,0.000000000000000000e+00,0.000000000000000000e+00,0.000000000000000000e+00,-0.000000000000000000e+00,0.000000000000000000e+00,-0.000000000000000000e+00,-6.293212923780783230e-02,-0.000000000000000000e+00,-1.498069755116413770e-01,-3.221538521865471849e-01,-6.359537351032008845e-02,-1.723707506544163159e-01,-3.169907973867726603e-01,-0.000000000000000000e+00,-0.000000000000000000e+00,-6.455371618250182499e-03,-3.217715604571227961e-01,-1.909794003492712999e-01,0.000000000000000000e+00,0.000000000000000000e+00
0.000000000000000000e+00,-0.000000000000000000e+00,-0.000000000000000000e+00,1.586038798179820741e-01,0.000000000000000000e+00,-2.356892991722461250e-01,-0.000000000000000000e+00,0.000000000000000000e+00,0.000000000000000000e+00,-0.000000000000000000e+00,2.329409020429804578e+00,0.000000000000000000e+00,3.725190973072654566e-01,-0.000000000000000000e+00,-0.000000000000000000e+00,-0.000000000000000000e+00,-8.192996054416188390e-01,0.000000000000000000e+00,0.000000000000000000e+00,0.000000000000000000e+00,0.000000000000000000e+00,0.000000000000000000e+00,-0.000000000000000000e+00,-0.000000000000000000e+00,-0.000000000000000000e+00,-0.000000000000000000e+00,-0.000000000000000000e+00,-0.000000000000000000e+00,-0.000000000000000000e+00,-0.000000000000000000e+00,-3.679797724775295958e-02,-2.268135653251912853e-01,-0.000000000000000000e+00,-0.000000000000000000e+00,-0.000000000000000000e+00,-4.418345722655299401e-02,-4.089512011560552107e-01,2.271400002182645886e-02,0.000000000000000000e+00
-0.000000000000000000e+00,-1.792872416961048265e-01,-0.000000000000000000e+00,-0.000000000000000000e+00,-0.000000000000000000e+00,0.000000000000000000e+00,0.000000000000000000e+00,0.000000000000000000e+00,-1.016400789003725075e-01,0.000000000000000000e+00,0.000000000000000000e+00,1.450681501387412586e+00,-3.543067383030341910e-02,-0.000000000000000000e+00,0.000000000000000000e+00,0.000000000000000000e+00,0.000000000000000000e+00,-5.734381129690742374e-02,-0.000000000000000000e+00,-0.000000000000000000e+00,-0.000000000000000000e+00,-4.358588644501568687e-01,-0.000000000000000000e+00,-0.000000000000000000e+00,-0.000000000000000000e+00,-0.000000000000000000e+00,-0.000000000000000000e+00,-0.000000000000000000e+00,0.000000000000000000e+00,-0.000000000000000000e+00,0.000000000000000000e+00,0.000000000000000000e+00,0.000000000000000000e+00,-8.417500142515396688e-02,0.000000000000000000e+00,0.000000000000000000e+00,0.000000000000000000e+00,-0.000000000000000000e+00,-2.619769461653729814e-01
-0.000000000000000000e+00,-0.000000000000000000e+00,0.000000000000000000e+00,-0.000000000000000000e+00,-0.000000000000000000e+00,3.291717277123947794e-01,0.000000000000000000e+00,-0.000000000000000000e+00,-1.887405464318243353e-01,8.491409705122374141e-02,3.725190973072654566e-01,-3.543067383030341910e-02,2.311710005928472089e+00,0.000000000000000000e+00,-0.000000000000000000e+00,1.304960354288121072e-01,0.000000000000000000e+00,-0.000000000000000000e+00,-0.000000000000000000e+00,-2.151783991542780550e-01,-0.000000000000000000e+00,-0.000000000000000000e+00,0.000000000000000000e+00,0.000000000000000000e+00,-0.000000000000000000e+00,0.000000000000000000e+00,0.000000000000000000e+00,0.000000000000000000e+00,0.000000000000000000e+00,0.000000000000000000e+00,3.532351435626970848e-01,3.410403605465264082e-02,0.000000000000000000e+00,0.000000000000000000e+00,0.000000000000000000e+00,2.854566622161073264e-01,2.479966795295706350e-01,-1.282995849211181205e-01,-0.000000000000000000e+00
-0.000000000000000000e+00,-1.898828454511999331e-01,-0.000000000000000000e+00,0.000000000000000000e+00,-0.000000000000000000e+00,-0.000000000000000000e+00,0.000000000000000000e+00,0.000000000000000000e+00,-0.000000000000000000e+00,-0.000000000000000000e+00,-0.000000000000000000e+00,-0.000000000000000000e+00,0.000000000000000000e+00,1.535860147876492166e+00,0.000000000000000000e+00,-7.074639426280077137e-02,-2.911646006501752981e-01,0.000000000000000000e+00,0.000000000000000000e+00,0.000000000000000000e+00,4.636281607215436695e-02,-0.000000000000000000e+00,-1.907807119049748645e-01,-3.317113164035723899e-02,-1.379844923434045021e-03,-0.000000000000000000e+00,-2.389769264070249095e-03,-0.000000000000000000e+00,-0.000000000000000000e+00,-3.065452539838479651e-01,-0.000000000000000000e+00,-9.527900774606497258e-02,0.000000000000000000e+00,-6.386186476560201664e-02,-1.763826969792795796e-01,-0.000000000000000000e+00,-0.000000000000000000e+00,0.000000000000000000e+00,-0.000000000000000000e+00
0.000000000000000000e+00,1.602163739856232172e-01,0.000000000000000000e+00,2.526194120970400858e-01,0.000000000000000000e+00,0.000000000000000000e+00,0.000000000000000000e+00,-0.000000000000000000e+00,0.000000000000000000e+00,0.000000000000000000e+00,-0.000000000000000000e+00,0.000000000000000000e+00,-0.000000000000000000e+00,0.000000000000000000e+00,1.143421543477139757e+00,0.000000000000000000e+00,-0.000000000000000000e+00,5.140002251689467644e-02,0.000000000000000000e+00,0.000000000000000000e+00,-0.000000000000000000e+00,0.000000000000000000e+00,1.137261050336149382e-01,0.000000000000000000e+00,2.433275480220376680e-02,0.000000000000000000e+00,0.000000000000000000e+00,0.000000000000000000e+00,0.000000000000000000e+00,7.390024270594025557e-02,0.000000000000000000e+00,0.000000000000000000e+00,-0.000000000000000000e+00,-0.000000000000000000e+00,0.000000000000000000e+00,0.000000000000000000e+00,0.000000000000000000e+00,0.000000000000000000e+00,6.602141424117564938e-02
0.000000000000000000e+00,-0.000000000000000000e+00,-0.000000000000000000e+00,0.000000000000000000e+00,0.000000000000000000e+00,-1.896095954925647586e-01,-0.000000000000000000e+00,0.000000000000000000e+00,0.000000000000000000e+00,-4.685023155070516809e-01,-0.000000000000000000e+00,0.000000000000000000e+00,1.304960354288121072e-01,-7.074639426280077137e-02,0.000000000000000000e+00,2.458939736933709597e+00,-3.081048018408932831e-02,0.000000000000000000e+00,8.750663080900684260e-03,0.000000000000000000e+00,0.000000000000000000e+00,0.000000000000000000e+00,-4.091163882555566567e-02,-0.000000000000000000e+00,-0.000000000000000000e+00,-2.152590573045726555e-02,-5.883224800769485535e-02,-0.000000000000000000e+00,-1.543177662591500021e-01,-1.563416346936351009e-01,-1.731284333528305963e-02,-1.793941557835669887e-01,-0.000000000000000000e+00,-0.000000000000000000e+00,-4.789464151837461436e-01,-3.273047826910389091e-01,-1.844163446359331215e-01,0.000000000000000000e+00,0.000000000000000000e+00
-0.000000000000000000e+00,-0.000000000000000000e+00,-0.000000000000000000e+00,0.000000000000000000e+00,-0.000000000000000000e+00,-2.406532590428084872e-01,-0.000000000000000000e+00,0.000000000000000000e+00,0.000000000000000000e+00,-0.000000000000000000e+00,-8.192996054416188390e-01,0.000000000000000000e+00,0.000000000000000000e+00,-2.911646006501752981e-01,-0.000000000000000000e+00,-3.081048018408932831e-02,1.893863760985033062e+00,0.000000000000000000e+00,0.000000000000000000e+00,0.000000000000000000e+00,0.000000000000000000e+00,0.000000000000000000e+00,-0.000000000000000000e+00,-5.888578512617637095e-02,-0.000000000000000000e+00,-0.000000000000000000e+00,-0.000000000000000000e+00,-8.271272997359301049e-02,-0.000000000000000000e+00,-0.000000000000000000e+00,-0.000000000000000000e+00,-1.519773391331286916e-01,-0.000000000000000000e+00,-0.000000000000000000e+00,-0.000000000000000000e+00,-0.000000000000000000e+00,-2.104838549186745233e-02,0.000000000000000000e+00,0.000000000000000000e+00
-0.000000000000000000e+00,-0.000000000000000000e+00,-0.000000000000000000e+00,-0.000000000000000000e+00,-1.779780301141102583e-01,0.000000000000000000e+00,-0.000000000000000000e+00,0.000000000000000000e+00,-6.634997985065979598e-02,0.000000000000000000e+00,0.000000000000000000e+00,-5.734381129690742374e-02,-0.000000000000000000e+00,0.000000000000000000e+00,5.140002251689467644e-02,0.000000000000000000e+00,0.000000000000000000e+00,2.004486752519911708e+00,-3.363039861162386845e-01,-0.000000000000000000e+00,-1.469493535707401544e-01,-2.660797350893024382e-01,0.000000000000000000e+00,0.000000000000000000e+00,-0.000000000000000000e+00,-0.000000000000000000e+00,-0.000000000000000000e+00,-0.000000000000000000e+00,0.000000000000000000e+00,-0.000000000000000000e+00,0.000000000000000000e+00,0.000000000000000000e+00,-0.000000000000000000e+00,-0.000000000000000000e+00,0.000000000000000000e+00,0.000000000000000000e+00,0.000000000000000000e+00,-3.468228827018254856e-01,-6.721531489329588549e-01
-0.000000000000000000e+00,-0.000000000000000000e+00,-0.000000000000000000e+00,-0.000000000000000000e+00,-0.000000000000000000e+00,0.000000000000000000e+00,-0.000000000000000000e+00,0.000000000000000000e+00,-3.481866847613005952e-03,1.869444810922062800e-02,0.000000000000000000e+00,-0.000000000000000000e+00,-0.000000000000000000e+00,0.000000000000000000e+00,0.000000000000000000e+00,8.750663080900684260e-03,0.000000000000000000e+00,-3.363039861162386845e-01,1.317572748353205592e+00,-1.269851991904001054e-01,-0.000000000000000000e+00,-5.925377186460942941e-02,0.000000000000000000e+00,-0.000000000000000000e+00,-0.000000000000000000e+00,0.000000000000000000e+00,0.000000000000000000e+00,0.000000000000000000e+00,0.000000000000000000e+00,0.000000000000000000e+00,0.000000000000000000e+00,0.000000000000000000e+00,-0.000000000000000000e+00,-0.000000000000000000e+00,5.480297424962245201e-02,1.025791883825333400e-01,4.527078241219861798e-02,-1.602676852412095176e-01,-0.000000000000000000e+00
-3.749769037370211111e-02,-0.000000000000000000e+00,0.000000000000000000e+00,-6.590732169637615601e-02,-0.000000000000000000e+00,1.018917574144497101e-01,0.000000000000000000e+00,-0.000000000000000000e+00,-3.549548668555249642e-01,0.000000000000000000e+00,0.000000000000000000e+00,-0.000000000000000000e+00,-2.151783991542780550e-01,0.000000000000000000e+00,0.000000000000000000e+00,0.000000000000000000e+00,0.000000000000000000e+00,-0.000000000000000000e+00,-1.269851991904001054e-01,1.498699382888520892e+00,-0.000000000000000000e+00,-1.137541352050683297e-01,0.000000000000000000e+00,-0.000000000000000000e+00,-0.000000000000000000e+00,-0.000000000000000000e+00,0.000000000000000000e+00,0.000000000000000000e+00,0.000000000000000000e+00,0.000000000000000000e+00,0.000000000000000000e+00,0.000000000000000000e+00,0.000000000000000000e+00,-0.000000000000000000e+00,0.000000000000000000e+00,5.207476591207114980e-02,3.791187420344817316e-02,-1.360867460624916592e-01,-0.000000000000000000e+00
-0.000000000000000000e+00,0.000000000000000000e+00,-4.909443422076666397e-01,0.000000000000000000e+00,-4.775469714603843008e-02,-0.000000000000000000e+00,-0.000000000000000000e+00,9.646774105971125945e-02,-0.000000000000000000e+00,0.000000000000000000e+00,0.000000000000000000e+00,-0.000000000000000000e+00,-0.000000000000000000e+00,4.636281607215436695e-02,-0.000000000000000000e+00,0.000000000000000000e+00,0.000000000000000000e+00,-1.469493535707401544e-01,-0.000000000000000000e+00,-0.000000000000000000e+00,1.643741911763164421e+00,-0.000000000000000000e+00,0.000000000000000000e+00,0.000000000000000000e+00,0.000000000000000000e+00,0.000000000000000000e+00,0.000000000000000000e+00,-0.000000000000000000e+00,0.000000000000000000e+00,0.000000000000000000e+00,-0.000000000000000000e+00,0.000000000000000000e+00,-5.620295637940362354e-01,-0.000000000000000000e+00,4.172274675743482125e-02,0.000000000000000000e+00,0.000000000000000000e+00,-0.000000000000000000e+00,-3.124263951928899982e-02
-3.868537347572984647e-02,-6.852077879524270942e-02,-0.000000000000000000e+00,-7.842204975420317969e-02,-1.139728459835765290e-01,0.000000000000000000e+00,-0.000000000000000000e+00,0.000000000000000000e+00,-2.120669751224137367e-01,0.000000000000000000e+00,0.000000000000000000e+00,-4.358588644501568687e-01,-0.000000000000000000e+00,-0.000000000000000000e+00,0.000000000000000000e+00,0.000000000000000000e+00,0.000000000000000000e+00,-2.660797350893024382e-01,-5.925377186460942941e-02,-1.137541352050683297e-01,-0.000000000000000000e+00,1.791111228528183608e+00,-0.000000000000000000e+00,-0.000000000000000000e+00,-0.000000000000000000e+00,-0.000000000000000000e+00,-0.000000000000000000e+00,-0.000000000000000000e+00,0.000000000000000000e+00,-0.000000000000000000e+00,0.000000000000000000e+00,0.000000000000000000e+00,-0.000000000000000000e+00,-0.000000000000000000e+00,0.000000000000000000e+00,0.000000000000000000e+00,0.000000000000000000e+00,-0.000000000000000000e+00,-3.970373244523280332e-01
-0.000000000000000000e+00,-2.650305100765666944e-01,-0.000000000000000000e+00,-0.000000000000000000e+00,-0.000000000000000000e+00,-5.041328133918929200e-02,-0.000000000000000000e+00,0.000000000000000000e+00,0.000000000000000000e+00,-0.000000000000000000e+00,-0.000000000000000000e+00,-0.000000000000000000e+00,0.000000000000000000e+00,-1.907807119049748645e-01,1.137261050336149382e-01,-4.091163882555566567e-02,-0.000000000000000000e+00,0.000000000000000000e+00,0.000000000000000000e+00,0.000000000000000000e+00,0.000000000000000000e+00,-0.000000000000000000e+00,2.030070198715474117e+00,-4.819226865733313159e-01,-6.932997132904988868e-01,-0.000000000000000000e+00,-1.672362150499598910e-01,-0.000000000000000000e+00,-2.014592201343054587e-03,-6.695363728420307414e-02,-0.000000000000000000e+00,-0.000000000000000000e+00,0.000000000000000000e+00,0.000000000000000000e+00,-1.450092439913544529e-01,-0.000000000000000000e+00,-0.000000000000000000e+00,0.000000000000000000e+00,-0.000000000000000000e+00
-0.000000000000000000e+00,-0.000000000000000000e+00,-0.000000000000000000e+00,-0.000000000000000000e+00,-0.000000000000000000e+00,-0.000000000000000000e+00,0.000000000000000000e+00,0.000000000000000000e+00,-0.000000000000000000e+00,0.000000000000000000e+00,-0.000000000000000000e+00,-0.000000000000000000e+00,0.000000000000000000e+00,-3.317113164035723899e-02,0.000000000000000000e+00,-0.000000000000000000e+00,-5.888578512617637095e-02,0.000000000000000000e+00,-0.000000000000000000e+00,-0.000000000000000000e+00,0.000000000000000000e+00,-0.000000000000000000e+00,-4.819226865733313159e-01,1.440882782876067969e+00,-3.770272259774404278e-01,-0.000000000000000000e+00,-0.000000000000000000e+00,0.000000000000000000e+00,-0.000000000000000000e+00,-0.000000000000000000e+00,-0.000000000000000000e+00,-0.000000000000000000e+00,0.000000000000000000e+00,-0.000000000000000000e+00,-0.000000000000000000e+00,0.000000000000000000e+00,-0.000000000000000000e+00,0.000000000000000000e+00,-0.000000000000000000e+00
-2.244219473017926292e-01,-2.180159534680043421e-01,-0.000000000000000000e+00,-0.000000000000000000e+00,-0.000000000000000000e+00,-0.000000000000000000e+00,-0.000000000000000000e+00,2.589299346750764327e-02,-0.000000000000000000e+00,-0.000000000000000000e+00,-0.000000000000000000e+00,-0.000000000000000000e+00,-0.000000000000000000e+00,-1.379844923434045021e-03,2.433275480220376680e-02,-0.000000000000000000e+00,-0.000000000000000000e+00,-0.000000000000000000e+00,-0.000000000000000000e+00,-0.000000000000000000e+00,0.000000000000000000e+00,-0.000000000000000000e+00,-6.932997132904988868e-01,-3.770272259774404278e-01,1.745553392001901516e+00,-8.413028817112512547e-02,-0.000000000000000000e+00,-0.000000000000000000e+00,-0.000000000000000000e+00,-0.000000000000000000e+00,-0.000000000000000000e+00,-0.000000000000000000e+00,0.000000000000000000e+00,-0.000000000000000000e+00,-0.000000000000000000e+00,-0.000000000000000000e+00,-0.000000000000000000e+00,0.000000000000000000e+00,-0.000000000000000000e+00
-0.000000000000000000e+00,-2.069099472614351343e-01,-0.000000000000000000e+00,0.000000000000000000e+00,-0.000000000000000000e+00,-0.000000000000000000e+00,-0.000000000000000000e+00,0.000000000000000000e+00,-0.000000000000000000e+00,-6.293212923780783230e-02,-0.000000000000000000e+00,-0.000000000000000000e+00,0.000000000000000000e+00,-0.000000000000000000e+00,0.000000000000000000e+00,-2.152590573045726555e-02,-0.000000000000000000e+00,-0.000000000000000000e+00,0.000000000000000000e+00,-0.000000000000000000e+00,0.000000000000000000e+00,-0.000000000000000000e+00,-0.000000000000000000e+00,-0.000000000000000000e+00,-8.413028817112512547e-02,1.458955449808952087e+00,-4.548253836972955821e-01,-1.174020646882601576e-01,-1.683763517503633900e-01,-0.000000000000000000e+00,-0.000000000000000000e+00,-0.000000000000000000e+00,0.000000000000000000e+00,-0.000000000000000000e+00,-1.069606396143201431e-02,-0.000000000000000000e+00,-0.000000000000000000e+00,0.000000000000000000e+00,-0.000000000000000000e+00
0.000000000000000000e+00,-3.951955795185863041e-01,-0.000000000000000000e+00,0.000000000000000000e+00,0.000000000000000000e+00,-0.000000000000000000e+00,-0.000000000000000000e+00,0.000000000000000000e+00,0.000000000000000000e+00,-0.000000000000000000e+00,-0.000000000000000000e+00,-0.000000000000000000e+00,0.000000000000000000e+00,-2.389769264070249095e-03,0.000000000000000000e+00,-5.883224800769485535e-02,-0.000000000000000000e+00,-0.000000000000000000e+00,0.000000000000000000e+00,0.000000000000000000e+00,0.000000000000000000e+00,-0.000000000000000000e+00,-1.672362150499598910e-01,-0.000000000000000000e+00,-0.000000000000000000e+00,-4.548253836972955821e-01,2.020941455300065748e+00,-0.000000000000000000e+00,-2.515014779248249122e-01,-6.015604866146567753e-02,-2.943895376540738851e-01,-2.623294780631120759e-01,0.000000000000000000e+00,-0.000000000000000000e+00,-1.717506651632935699e-01,-0.000000000000000000e+00,-0.000000000000000000e+00,0.000000000000000000e+00,-0.000000000000000000e+00
-0.000000000000000000e+00,-0.000000000000000000e+00,-3.232342050474844297e-02,2.620932799329840912e-01,-0.000000000000000000e+00,-0.000000000000000000e+00,-0.000000000000000000e+00,0.000000000000000000e+00,-0.000000000000000000e+00,-1.498069755116413770e-01,-0.000000000000000000e+00,-0.000000000000000000e+00,0.000000000000000000e+00,-0.000000000000000000e+00,0.000000000000000000e+00,-0.000000000000000000e+00,-8.271272997359301049e-02,-0.000000000000000000e+00,0.000000000000000000e+00,0.000000000000000000e+00,-0.000000000000000000e+00,-0.000000000000000000e+00,-0.000000000000000000e+00,0.000000000000000000e+00,-0.000000000000000000e+00,-1.174020646882601576e-01,-0.000000000000000000e+00,1.594013555402188143e+00,-0.000000000000000000e+00,-5.365637851770723582e-02,-1.488019988313966924e-01,-2.142956212788700299e-01,-3.667687439203222710e-01,-3.211524853639230459e-01,-0.000000000000000000e+00,-0.000000000000000000e+00,-0.000000000000000000e+00,-0.000000000000000000e+00,-0.000000000000000000e+00
0.000000000000000000e+00,-0.000000000000000000e+00,0.000000000000000000e+00,0.000000000000000000e+00,0.000000000000000000e+00,-1.760606763797434998e-02,-0.000000000000000000e+00,0.000000000000000000e+00,0.000000000000000000e+00,-3.221538521865471849e-01,-0.000000000000000000e+00,0.000000000000000000e+00,0.000000000000000000e+00,-0.000000000000000000e+00,0.000000000000000000e+00,-1.543177662591500021e-01,-0.000000000000000000e+00,0.000000000000000000e+00,0.000000000000000000e+00,0.000000000000000000e+00,0.000000000000000000e+00,0.000000000000000000e+00,-2.014592201343054587e-03,-0.000000000000000000e+00,-0.000000000000000000e+00,-1.683763517503633900e-01,-2.515014779248249122e-01,-0.000000000000000000e+00,2.276516696785757077e+00,-0.000000000000000000e+00,-0.000000000000000000e+00,-3.081229689139519667e-01,0.000000000000000000e+00,0.000000000000000000e+00,-4.808321881078030935e-01,-2.067152032654162030e-01,-2.352224945349762897e-01,7.695717721216083218e-02,0.000000000000000000e+00
-0.000000000000000000e+00,-5.520548569661985067e-02,-0.000000000000000000e+00,-0.000000000000000000e+00,-6.052348939693826674e-02,-0.000000000000000000e+00,-0.000000000000000000e+00,0.000000000000000000e+00,-0.000000000000000000e+00,-6.359537351032008845e-02,-0.000000000000000000e+00,-0.000000000000000000e+00,0.000000000000000000e+00,-3.065452539838479651e-01,7.390024270594025557e-02,-1.563416346936351009e-01,-0.000000000000000000e+00,-0.000000000000000000e+00,0.000000000000000000e+00,0.000000000000000000e+00,0.000000000000000000e+00,-0.000000000000000000e+00,-6.695363728420307414e-02,-0.000000000000000000e+00,-0.000000000000000000e+00,-0.000000000000000000e+00,-6.015604866146567753e-02,-5.365637851770723582e-02,-0.000000000000000000e+00,1.380790427153393951e+00,-0.000000000000000000e+00,-1.016617543509794608e-01,-0.000000000000000000e+00,-3.532692802481239569e-02,-9.287002835944918253e-03,-1.180112855143399253e-01,-0.000000000000000000e+00,0.000000000000000000e+00,-0.000000000000000000e+00
0.000000000000000000e+00,-0.000000000000000000e+00,-9.672273692859566230e-02,0.000000000000000000e+00,-0.000000000000000000e+00,-4.211474852846707750e-01,-0.000000000000000000e+00,3.891467464954171396e-01,1.302420704435047483e-01,-1.723707506544163159e-01,-3.679797724775295958e-02,0.000000000000000000e+00,3.532351435626970848e-01,-0.000000000000000000e+00,0.000000000000000000e+00,-1.731284333528305963e-02,-0.000000000000000000e+00,0.000000000000000000e+00,0.000000000000000000e+00,0.000000000000000000e+00,-0.000000000000000000e+00,0.000000000000000000e+00,-0.000000000000000000e+00,-0.000000000000000000e+00,-0.000000000000000000e+00,-0.000000000000000000e+00,-2.943895376540738851e-01,-1.488019988313966924e-01,-0.000000000000000000e+00,-0.000000000000000000e+00,2.143133933372303179e+00,-1.791279970510676056e-01,-8.967885114296281213e-02,-0.000000000000000000e+00,-0.000000000000000000e+00,-7.437036029628214806e-02,-0.000000000000000000e+00,0.000000000000000000e+00,-0.000000000000000000e+00
0.000000000000000000e+00,-0.000000000000000000e+00,-0.000000000000000000e+00,0.000000000000000000e+00,0.000000000000000000e+00,-0.000000000000000000e+00,-0.000000000000000000e+00,0.000000000000000000e+00,0.000000000000000000e+00,-3.169907973867726603e-01,-2.268135653251912853e-01,0.000000000000000000e+00,3.410403605465264082e-02,-9.527900774606497258e-02,0.000000000000000000e+00,-1.793941557835669887e-01,-1.519773391331286916e-01,0.000000000000000000e+00,0.000000000000000000e+00,0.000000000000000000e+00,0.000000000000000000e+00,0.000000000000000000e+00,-0.000000000000000000e+00,-0.000000000000000000e+00,-0.000000000000000000e+00,-0.000000000000000000e+00,-2.623294780631120759e-01,-2.142956212788700299e-01,-3.081229689139519667e-01,-1.016617543509794608e-01,-1.791279970510676056e-01,2.703278753867672801e+00,-0.000000000000000000e+00,-0.000000000000000000e+00,-1.124103519200752299e-01,-2.989805495671749025e-01,-4.835303319639293052e-01,0.000000000000000000e+00,0.000000000000000000e+00
0.000000000000000000e+00,0.000000000000000000e+00,-3.720223224304188836e-01,0.000000000000000000e+00,-0.000000000000000000e+00,-0.000000000000000000e+00,-0.000000000000000000e+00,9.114144221536210622e-02,0.000000000000000000e+00,-0.000000000000000000e+00,-0.000000000000000000e+00,0.000000000000000000e+00,0.000000000000000000e+00,0.000000000000000000e+00,-0.000000000000000000e+00,-0.000000000000000000e+00,-0.000000000000000000e+00,-0.000000000000000000e+00,-0.000000000000000000e+00,0.000000000000000000e+00,-5.620295637940362354e-01,-0.000000000000000000e+00,0.000000000000000000e+00,0.000000000000000000e+00,0.000000000000000000e+00,0.000000000000000000e+00,0.000000000000000000e+00,-3.667687439203222710e-01,0.000000000000000000e+00,-0.000000000000000000e+00,-8.967885114296281213e-02,-0.000000000000000000e+00,1.692387639504493224e+00,-0.000000000000000000e+00,0.000000000000000000e+00,-0.000000000000000000e+00,-0.000000000000000000e+00,-0.000000000000000000e+00,-0.000000000000000000e+00
-4.866007880294556318e-03,-0.000000000000000000e+00,-0.000000000000000000e+00,0.000000000000000000e+00,-4.380460487247331280e-01,0.000000000000000000e+00,0.000000000000000000e+00,0.000000000000000000e+00,-5.338864309133763142e-02,-0.000000000000000000e+00,-0.000000000000000000e+00,-8.417500142515396688e-02,0.000000000000000000e+00,-6.386186476560201664e-02,-0.000000000000000000e+00,-0.000000000000000000e+00,-0.000000000000000000e+00,-0.000000000000000000e+00,-0.000000000000000000e+00,-0.000000000000000000e+00,-0.000000000000000000e+00,-0.000000000000000000e+00,0.000000000000000000e+00,-0.000000000000000000e+00,-0.000000000000000000e+00,-0.000000000000000000e+00,-0.000000000000000000e+00,-3.211524853639230459e-01,0.000000000000000000e+00,-3.532692802481239569e-02,-0.000000000000000000e+00,-0.000000000000000000e+00,-0.000000000000000000e+00,1.308270143095291216e+00,0.000000000000000000e+00,-0.000000000000000000e+00,-0.000000000000000000e+00,-0.000000000000000000e+00,-0.000000000000000000e+00
0.000000000000000000e+00,-0.000000000000000000e+00,0.000000000000000000e+00,0.000000000000000000e+00,0.000000000000000000e+00,-5.374734380532832784e-02,-0.000000000000000000e+00,0.000000000000000000e+00,0.000000000000000000e+00,-6.455371618250182499e-03,-0.000000000000000000e+00,0.000000000000000000e+00,0.000000000000000000e+00,-1.763826969792795796e-01,0.000000000000000000e+00,-4.789464151837461436e-01,-0.000000000000000000e+00,0.000000000000000000e+00,5.480297424962245201e-02,0.000000000000000000e+00,4.172274675743482125e-02,0.000000000000000000e+00,-1.450092439913544529e-01,-0.000000000000000000e+00,-0.000000000000000000e+00,-1.069606396143201431e-02,-1.717506651632935699e-01,-0.000000000000000000e+00,-4.808321881078030935e-01,-9.287002835944918253e-03,-0.000000000000000000e+00,-1.124103519200752299e-01,0.000000000000000000e+00,0.000000000000000000e+00,2.355141362952581918e+00,-2.083943005471674825e-01,-3.187743624418500343e-01,2.234467098727998813e-01,0.000000000000000000e+00
0.000000000000000000e+00,-0.000000000000000000e+00,-0.000000000000000000e+00,0.000000000000000000e+00,0.000000000000000000e+00,-1.057313925444732516e-01,-0.000000000000000000e+00,0.000000000000000000e+00,1.054178504780520047e-02,-3.217715604571227961e-01,-4.418345722655299401e-02,0.000000000000000000e+00,2.854566622161073264e-01,-0.000000000000000000e+00,0.000000000000000000e+00,-3.273047826910389091e-01,-0.000000000000000000e+00,0.000000000000000000e+00,1.025791883825333400e-01,5.207476591207114980e-02,0.000000000000000000e+00,0.000000000000000000e+00,-0.000000000000000000e+00,0.000000000000000000e+00,-0.000000000000000000e+00,-0.000000000000000000e+00,-0.000000000000000000e+00,-0.000000000000000000e+00,-2.067152032654162030e-01,-1.180112855143399253e-01,-7.437036029628214806e-02,-2.989805495671749025e-01,-0.000000000000000000e+00,-0.000000000000000000e+00,-2.083943005471674825e-01,2.390326296434281517e+00,-1.268315327094471923e-01,1.973382296951041170e-01,0.000000000000000000e+00
0.000000000000000000e+00,-0.000000000000000000e+00,0.000000000000000000e+00,5.109509699814320655e-02,0.000000000000000000e+00,-5.209553978667202240e-02,-0.000000000000000000e+00,0.000000000000000000e+00,0.000000000000000000e+00,-1.909794003492712999e-01,-4.089512011560552107e-01,0.000000000000000000e+00,2.479966795295706350e-01,-0.000000000000000000e+00,0.000000000000000000e+00,-1.844163446359331215e-01,-2.104838549186745233e-02,0.000000000000000000e+00,4.527078241219861798e-02,3.791187420344817316e-02,0.000000000000000000e+00,0.000000000000000000e+00,-0.000000000000000000e+00,-0.000000000000000000e+00,-0.000000000000000000e+00,-0.000000000000000000e+00,-0.000000000000000000e+00,-0.000000000000000000e+00,-2.352224945349762897e-01,-0.000000000000000000e+00,-0.000000000000000000e+00,-4.835303319639293052e-01,-0.000000000000000000e+00,-0.000000000000000000e+00,-3.187743624418500343e-01,-1.268315327094471923e-01,2.506373842398642804e+00,1.793009171772825538e-01,0.000000000000000000e+00
-2.126426585315227547e-01,-0.000000000000000000e+00,-0.000000000000000000e+00,-0.000000000000000000e+00,-9.066106554083160074e-02,1.270857441286311063e-01,0.000000000000000000e+00,-0.000000000000000000e+00,-6.354688086918934831e-01,0.000000000000000000e+00,2.271400002182645886e-02,-0.000000000000000000e+00,-1.282995849211181205e-01,0.000000000000000000e+00,0.000000000000000000e+00,0.000000000000000000e+00,0.000000000000000000e+00,-3.468228827018254856e-01,-1.602676852412095176e-01,-1.360867460624916592e-01,-0.000000000000000000e+00,-0.000000000000000000e+00,0.000000000000000000e+00,0.000000000000000000e+00,0.000000000000000000e+00,0.000000000000000000e+00,0.000000000000000000e+00,-0.000000000000000000e+00,7.695717721216083218e-02,0.000000000000000000e+00,0.000000000000000000e+00,0.000000000000000000e+00,-0.000000000000000000e+00,-0.000000000000000000e+00,2.234467098727998813e-01,1.973382296951041170e-01,1.793009171772825538e-01,2.282308117439026507e+00,-4.391388808073153072e-02
-4.095954887097019714e-02,-2.557177595405006332e-01,-2.993299753516785039e-02,-0.000000000000000000e+00,-3.823159222276371061e-01,0.000000000000000000e+00,-0.000000000000000000e+00,0.000000000000000000e+00,-6.436084259072481772e-02,0.000000000000000000e+00,0.000000000000000000e+00,-2.619769461653729814e-01,-0.000000000000000000e+00,-0.000000000000000000e+00,6.602141424117564938e-02,0.000000000000000000e+00,0.000000000000000000e+00,-6.721531489329588549e-01,-0.000000000000000000e+00,-0.000000000000000000e+00,-3.124263951928899982e-02,-3.970373244523280332e-01,-0.000000000000000000e+00,-0.000000000000000000e+00,-0.000000000000000000e+00,-0.000000000000000000e+00,-0.000000000000000000e+00,-0.000000000000000000e+00,0.000000000000000000e+00,-0.000000000000000000e+00,-0.000000000000000000e+00,0.000000000000000000e+00,-0.000000000000000000e+00,-0.000000000000000000e+00,0.000000000000000000e+00,0.000000000000000000e+00,0.000000000000000000e+00,-4.391388808073153072e-02,2.084252558799009947e+00
