1.989632455406970202e+00,-0.000000000000000000e+00,-0.000000000000000000e+00,0.000000000000000000e+00,-1.205106184765208643e-01,-0.000000000000000000e+00,0.000000000000000000e+00,1.487932501901354787e-01,-0.000000000000000000e+00,-0.000000000000000000e+00,-0.000000000000000000e+00,0.000000000000000000e+00,9.560584109687891852e-02,-7.698345408137951054e-03,-0.000000000000000000e+00,-6.735748381853235989e-01,-3.708921393234281688e-02,0.000000000000000000e+00,-0.000000000000000000e+00,-1.805437147421551716e-02,-0.000000000000000000e+00,-0.000000000000000000e+00,-0.000000000000000000e+00,-0.000000000000000000e+00,-0.000000000000000000e+00,-4.057514585792478812e-01,-1.678177194823417540e-01,-0.000000000000000000e+00,-0.000000000000000000e+00,-0.000000000000000000e+00,-1.848211692745612977e-01,-0.000000000000000000e+00,-0.000000000000000000e+00,-0.000000000000000000e+00,-0.000000000000000000e+00,-0.000000000000000000e+00,-1.382392078347759179e-01,-7.131271957735470235e-02,0.000000000000000000e+00
-0.000000000000000000e+00,1.798460146535570514e+00,-0.000000000000000000e+00,-0.000000000000000000e+00,-0.000000000000000000e+00,-0.000000000000000000e+00,-3.723276237700859359e-02,-0.000000000000000000e+00,-1.285216535590182063e-01,-3.747864583079819067e-01,-0.000000000000000000e+00,-0.000000000000000000e+00,0.000000000000000000e+00,0.000000000000000000e+00,-0.000000000000000000e+00,-0.000000000000000000e+00,0.000000000000000000e+00,-0.000000000000000000e+00,-6.830363192211687251e-02,0.000000000000000000e+00,0.000000000000000000e+00,0.000000000000000000e+00,0.000000000000000000e+00,0.000000000000000000e+00,0.000000000000000000e+00,0.000000000000000000e+00,-0.000000000000000000e+00,0.000000000000000000e+00,0.000000000000000000e+00,-0.000000000000000000e+00,-0.000000000000000000e+00,-6.337544232755055740e-01,0.000000000000000000e+00,-0.000000000000000000e+00,0.000000000000000000e+00,0.000000000000000000e+00,-0.000000000000000000e+00,-0.000000000000000000e+00,-2.935941958711537070e-01
-0.000000000000000000e+00,-0.000000000000000000e+00,2.146558130402756781e+00,-0.000000000000000000e+00,-5.600211723708822253e-01,-0.000000000000000000e+00,0.000000000000000000e+00,5.417136206950103894e-01,-3.833921946111675666e-02,-0.000000000000000000e+00,-0.000000000000000000e+00,-0.000000000000000000e+00,0.000000000000000000e+00,-4.602156412294994281e-02,-0.000000000000000000e+00,-5.275180528013758557e-02,-0.000000000000000000e+00,-0.000000000000000000e+00,-0.000000000000000000e+00,-0.000000000000000000e+00,-0.000000000000000000e+00,-0.000000000000000000e+00,-0.000000000000000000e+00,-0.000000000000000000e+00,-0.000000000000000000e+00,-0.000000000000000000e+00,-0.000000000000000000e+00,0.000000000000000000e+00,-0.000000000000000000e+00,-2.500152590524775675e-01,-0.000000000000000000e+00,-0.000000000000000000e+00,-3.503525096788248638e-01,-3.061717345829839676e-01,0.000000000000000000e+00,0.000000000000000000e+00,-0.000000000000000000e+00,-5.435897416589241526e-02,-0.000000000000000000e+00
0.000000000000000000e+00,-0.000000000000000000e+00,-0.000000000000000000e+00,2.018544973480639548e+00,-0.000000000000000000e+00,0.000000000000000000e+00,0.000000000000000000e+00,-0.000000000000000000e+00,-0.000000000000000000e+00,-0.000000000000000000e+00,0.000000000000000000e+00,-3.889503442839272740e-01,-0.000000000000000000e+00,0.000000000000000000e+00,-0.000000000000000000e+00,0.000000000000000000e+00,0.000000000000000000e+00,-4.134497699198430021e-01,-3.276915361741364885e-01,0.000000000000000000e+00,4.062080027398367460e-03,8.783038494457388878e-02,6.697624796215181919e-02,0.000000000000000000e+00,4.774367328378336522e-02,0.000000000000000000e+00,0.000000000000000000e+00,2.302630949918397507e-01,2.715785796383135553e-01,-0.000000000000000000e+00,0.000000000000000000e+00,-0.000000000000000000e+00,0.000000000000000000e+00,-0.000000000000000000e+00,7.743678395458489239e-03,0.000000000000000000e+00,0.000000000000000000e+00,-0.000000000000000000e+00,-1.307309921421800220e-02
-1.205106184765208643e-01,-0.000000000000000000e+00,-5.600211723708822253e-01,-0.000000000000000000e+00,2.297620686640868382e+00,-0.000000000000000000e+00,-0.000000000000000000e+00,1.818029970622233871e-01,-1.946416850197236342e-02,-0.000000000000000000e+00,-0.000000000000000000e+00,-0.000000000000000000e+00,2.923362828069359098e-02,-3.126552680367372106e-01,-0.000000000000000000e+00,-3.289411115928421725e-01,-0.000000000000000000e+00,-0.000000000000000000e+00,-0.000000000000000000e+00,-0.000000000000000000e+00,-0.000000000000000000e+00,-0.000000000000000000e+00,-0.000000000000000000e+00,-0.000000000000000000e+00,-0.000000000000000000e+00,-0.000000000000000000e+00,-1.699048743967266073e-01,-0.000000000000000000e+00,-0.000000000000000000e+00,-2.692802152999091425e-01,-1.607229121954491524e-01,-0.000000000000000000e+00,-2.999539860133503821e-01,-1.925585566943914875e-02,-0.000000000000000000e+00,-0.000000000000000000e+00,-0.000000000000000000e+00,-8.028954081305779422e-03,-0.000000000000000000e+00
-0.000000000000000000e+00,-0.000000000000000000e+00,-0.000000000000000000e+00,0.000000000000000000e+00,-0.000000000000000000e+00,1.960621559634120104e+00,-2.984125192525156553e-02,0.000000000000000000e+00,0.000000000000000000e+00,0.000000000000000000e+00,-3.484676946461249258e-01,0.000000000000000000e+00,0.000000000000000000e+00,-0.000000000000000000e+00,1.915179102077522455e-01,-0.000000000000000000e+00,-0.000000000000000000e+00,0.000000000000000000e+00,0.000000000000000000e+00,-0.000000000000000000e+00,-4.833372693935835546e-02,-1.227279037979987358e-01,-3.785810562153703041e-01,-1.390739908080132203e-01,-2.010297499133124333e-01,-0.000000000000000000e+00,-1.964177168388076267e-01,-0.000000000000000000e+00,-0.000000000000000000e+00,0.000000000000000000e+00,-0.000000000000000000e+00,-0.000000000000000000e+00,-0.000000000000000000e+00,0.000000000000000000e+00,-6.448500177818314305e-02,-8.345137014693089494e-02,-1.281053374189673189e-01,0.000000000000000000e+00,0.000000000000000000e+00
0.000000000000000000e+00,-3.723276237700859359e-02,0.000000000000000000e+00,0.000000000000000000e+00,-0.000000000000000000e+00,-2.984125192525156553e-02,1.014435524949694578e+00,-0.000000000000000000e+00,0.000000000000000000e+00,0.000000000000000000e+00,-3.761522229408948564e-02,0.000000000000000000e+00,-0.000000000000000000e+00,-0.000000000000000000e+00,7.155488564608658564e-02,0.000000000000000000e+00,0.000000000000000000e+00,0.000000000000000000e+00,0.000000000000000000e+00,0.000000000000000000e+00,-0.000000000000000000e+00,-0.000000000000000000e+00,-2.267311463018505807e-02,-0.000000000000000000e+00,-0.000000000000000000e+00,-0.000000000000000000e+00,-0.000000000000000000e+00,-0.000000000000000000e+00,-0.000000000000000000e+00,0.000000000000000000e+00,-0.000000000000000000e+00,-0.000000000000000000e+00,-0.000000000000000000e+00,0.000000000000000000e+00,-0.000000000000000000e+00,-0.000000000000000000e+00,-0.000000000000000000e+00,0.000000000000000000e+00,-0.000000000000000000e+00
1.487932501901354787e-01,-0.000000000000000000e+00,5.417136206950103894e-01,-0.000000000000000000e+00,1.818029970622233871e-01,0.000000000000000000e+00,-0.000000000000000000e+00,2.248324448485729654e+00,0.000000000000000000e+00,-0.000000000000000000e+00,0.000000000000000000e+00,-0.000000000000000000e+00,-0.000000000000000000e+00,4.233811544800395454e-01,0.000000000000000000e+00,5.689452711803675428e-02,5.443750561256319176e-02,-0.000000000000000000e+00,-0.000000000000000000e+00,0.000000000000000000e+00,1.664782217942050169e-01,0.000000000000000000e+00,0.000000000000000000e+00,2.002303180520322301e-01,1.104063710717330393e-01,0.000000000000000000e+00,0.000000000000000000e+00,0.000000000000000000e+00,0.000000000000000000e+00,0.000000000000000000e+00,0.000000000000000000e+00,-0.000000000000000000e+00,3.791732073940791703e-01,0.000000000000000000e+00,0.000000000000000000e+00,0.000000000000000000e+00,0.000000000000000000e+00,0.000000000000000000e+00,-0.000000000000000000e+00
-0.000000000000000000e+00,-1.285216535590182063e-01,-3.833921946111675666e-02,-0.000000000000000000e+00,-1.946416850197236342e-02,0.000000000000000000e+00,0.000000000000000000e+00,0.000000000000000000e+00,2.573396002438694818e+00,-3.625692221256934245e-01,0.000000000000000000e+00,-1.919534884338032210e-01,3.669026349257000635e-02,-0.000000000000000000e+00,-5.576055665363328917e-02,-0.000000000000000000e+00,0.000000000000000000e+00,-0.000000000000000000e+00,-3.826350286425895808e-01,0.000000000000000000e+00,0.000000000000000000e+00,0.000000000000000000e+00,0.000000000000000000e+00,0.000000000000000000e+00,0.000000000000000000e+00,0.000000000000000000e+00,-0.000000000000000000e+00,0.000000000000000000e+00,0.000000000000000000e+00,-6.939510836743711941e-01,-0.000000000000000000e+00,-1.791038525359806843e-01,-0.000000000000000000e+00,-2.188711588589168089e-01,0.000000000000000000e+00,0.000000000000000000e+00,0.000000000000000000e+00,-5.656699276041314839e-01,-0.000000000000000000e+00
-0.000000000000000000e+00,-3.747864583079819067e-01,-0.000000000000000000e+00,-0.000000000000000000e+00,-0.000000000000000000e+00,0.000000000000000000e+00,0.000000000000000000e+00,-0.000000000000000000e+00,-3.625692221256934245e-01,2.566014907077557972e+00,0.000000000000000000e+00,-3.059674325888888657e-01,0.000000000000000000e+00,0.000000000000000000e+00,-0.000000000000000000e+00,-0.000000000000000000e+00,2.153490745425186946e-03,-0.000000000000000000e+00,-5.323468671680837705e-01,0.000000000000000000e+00,3.714302393756509224e-02,0.000000000000000000e+00,0.000000000000000000e+00,0.000000000000000000e+00,0.000000000000000000e+00,0.000000000000000000e+00,-0.000000000000000000e+00,0.000000000000000000e+00,2.916783078340842023e-02,-1.691744838992061128e-01,-0.000000000000000000e+00,-4.254086962678675921e-01,0.000000000000000000e+00,-0.000000000000000000e+00,0.000000000000000000e+00,0.000000000000000000e+00,0.000000000000000000e+00,-0.000000000000000000e+00,-5.157838245231168850e-01
-0.000000000000000000e+00,-0.000000000000000000e+00,-0.000000000000000000e+00,0.000000000000000000e+00,-0.000000000000000000e+00,-3.484676946461249258e-01,-3.761522229408948564e-02,0.000000000000000000e+00,0.000000000000000000e+00,0.000000000000000000e+00,1.944304504143265611e+00,5.763375559530622624e-03,0.000000000000000000e+00,-0.000000000000000000e+00,0.000000000000000000e+00,-0.000000000000000000e+00,-3.426155640018379578e-01,0.000000000000000000e+00,0.000000000000000000e+00,-0.000000000000000000e+00,-0.000000000000000000e+00,-4.134839873873632360e-02,-1.375345646701280899e-01,-0.000000000000000000e+00,-3.606257339623294977e-01,-0.000000000000000000e+00,-0.000000000000000000e+00,-0.000000000000000000e+00,-0.000000000000000000e+00,0.000000000000000000e+00,-2.133203597643193727e-01,-0.000000000000000000e+00,-0.000000000000000000e+00,0.000000000000000000e+00,-0.000000000000000000e+00,-2.474554476949885895e-01,-5.884155994872548173e-02,0.000000000000000000e+00,0.000000000000000000e+00
0.000000000000000000e+00,-0.000000000000000000e+00,-0.000000000000000000e+00,-3.889503442839272740e-01,-0.000000000000000000e+00,0.000000000000000000e+00,0.000000000000000000e+00,-0.000000000000000000e+00,-1.919534884338032210e-01,-3.059674325888888657e-01,5.763375559530622624e-03,2.445349452193293693e+00,0.000000000000000000e+00,0.000000000000000000e+00,-8.670504264196005062e-02,-0.000000000000000000e+00,0.000000000000000000e+00,-2.170691743943398491e-02,-1.991656373640351974e-01,0.000000000000000000e+00,9.658670052307984089e-02,0.000000000000000000e+00,6.540210402681471968e-02,0.000000000000000000e+00,7.798958570081312991e-02,1.542559820987902675e-01,0.000000000000000000e+00,2.750066405368227773e-01,2.663801921390946958e-01,-0.000000000000000000e+00,0.000000000000000000e+00,-0.000000000000000000e+00,0.000000000000000000e+00,-1.181094873065515471e-01,1.149059569074955545e-01,5.375257271263885958e-03,0.000000000000000000e+00,-0.000000000000000000e+00,-3.011368429672591773e-01
9.560584109687891852e-02,0.000000000000000000e+00,0.000000000000000000e+00,-0.000000000000000000e+00,2.923362828069359098e-02,0.000000000000000000e+00,-0.000000000000000000e+00,-0.000000000000000000e+00,3.669026349257000635e-02,0.000000000000000000e+00,0.000000000000000000e+00,0.000000000000000000e+00,1.155804065598161401e+00,0.000000000000000000e+00,-0.000000000000000000e+00,1.859990072280893469e-01,0.000000000000000000e+00,0.000000000000000000e+00,0.000000000000000000e+00,0.000000000000000000e+00,0.000000000000000000e+00,0.000000000000000000e+00,0.000000000000000000e+00,0.000000000000000000e+00,0.000000000000000000e+00,0.000000000000000000e+00,1.016014693298218086e-01,0.000000000000000000e+00,0.000000000000000000e+00,1.243647163506398853e-02,1.127530997969989623e-01,0.000000000000000000e+00,0.000000000000000000e+00,0.000000000000000000e+00,-0.000000000000000000e+00,0.000000000000000000e+00,0.000000000000000000e+00,0.000000000000000000e+00,0.000000000000000000e+00
-7.698345408137951054e-03,0.000000000000000000e+00,-4.602156412294994281e-02,0.000000000000000000e+00,-3.126552680367372106e-01,-0.000000000000000000e+00,-0.000000000000000000e+00,4.233811544800395454e-01,-0.000000000000000000e+00,0.000000000000000000e+00,-0.000000000000000000e+00,0.000000000000000000e+00,0.000000000000000000e+00,2.529124078811015419e+00,-0.000000000000000000e+00,-0.000000000000000000e+00,-1.784387492504664885e-01,0.000000000000000000e+00,0.000000000000000000e+00,-0.000000000000000000e+00,-7.013602358027679062e-02,-1.776366504804195445e-01,-0.000000000000000000e+00,-4.764073679601913969e-01,-1.371267771204652541e-01,-0.000000000000000000e+00,-0.000000000000000000e+00,-0.000000000000000000e+00,-0.000000000000000000e+00,-0.000000000000000000e+00,-8.471440594505605381e-02,-0.000000000000000000e+00,-6.841112024230826538e-01,-0.000000000000000000e+00,-0.000000000000000000e+00,-0.000000000000000000e+00,-0.000000000000000000e+00,-0.000000000000000000e+00,0.000000000000000000e+00
-0.000000000000000000e+00,-0.000000000000000000e+00,-0.000000000000000000e+00,-0.000000000000000000e+00,-0.000000000000000000e+00,1.915179102077522455e-01,7.155488564608658564e-02,0.000000000000000000e+00,-5.576055665363328917e-02,-0.000000000000000000e+00,0.000000000000000000e+00,-8.670504264196005062e-02,-0.000000000000000000e+00,-0.000000000000000000e+00,1.515083584238520187e+00,-0.000000000000000000e+00,0.000000000000000000e+00,-0.000000000000000000e+00,-0.000000000000000000e+00,0.000000000000000000e+00,0.000000000000000000e+00,0.000000000000000000e+00,2.565603492642465899e-01,0.000000000000000000e+00,0.000000000000000000e+00,0.000000000000000000e+00,0.000000000000000000e+00,0.000000000000000000e+00,0.000000000000000000e+00,-0.000000000000000000e+00,0.000000000000000000e+00,-0.000000000000000000e+00,-0.000000000000000000e+00,-2.709730154249443412e-01,0.000000000000000000e+00,2.673034503933501838e-01,0.000000000000000000e+00,-2.530249800924121439e-01,-0.000000000000000000e+00
-6.735748381853235989e-01,-0.000000000000000000e+00,-5.275180528013758557e-02,0.000000000000000000e+00,-3.289411115928421725e-01,-0.000000000000000000e+00,0.000000000000000000e+00,5.689452711803675428e-02,-0.000000000000000000e+00,-0.000000000000000000e+00,-0.000000000000000000e+00,-0.000000000000000000e+00,1.859990072280893469e-01,-0.000000000000000000e+00,-0.000000000000000000e+00,2.049363813899938602e+00,-2.012445058179104448e-02,-0.000000000000000000e+00,-0.000000000000000000e+00,-0.000000000000000000e+00,-0.000000000000000000e+00,-0.000000000000000000e+00,-0.000000000000000000e+00,-0.000000000000000000e+00,-0.000000000000000000e+00,-0.000000000000000000e+00,-1.244821444167292790e-01,-0.000000000000000000e+00,-0.000000000000000000e+00,-1.625174472802190240e-01,-0.000000000000000000e+00,-0.000000000000000000e+00,-0.000000000000000000e+00,-0.000000000000000000e+00,-0.000000000000000000e+00,-0.000000000000000000e+00,-0.000000000000000000e+00,-5.363855918752429286e-01,0.000000000000000000e+00
-3.708921393234281688e-02,0.000000000000000000e+00,-0.000000000000000000e+00,0.000000000000000000e+00,-0.000000000000000000e+00,-0.000000000000000000e+00,0.000000000000000000e+00,5.443750561256319176e-02,0.000000000000000000e+00,2.153490745425186946e-03,-3.426155640018379578e-01,0.000000000000000000e+00,0.000000000000000000e+00,-1.784387492504664885e-01,0.000000000000000000e+00,-2.012445058179104448e-02,2.043915582134097519e+00,0.000000000000000000e+00,0.000000000000000000e+00,-1.301764367914726162e-01,-1.907529206372684735e-02,-1.539166318581348773e-02,-0.000000000000000000e+00,-0.000000000000000000e+00,-3.783210715800056773e-02,-2.479514311098960089e-01,-0.000000000000000000e+00,-3.582329285089685955e-01,-3.330498736247252123e-01,0.000000000000000000e+00,-0.000000000000000000e+00,0.000000000000000000e+00,-0.000000000000000000e+00,0.000000000000000000e+00,-0.000000000000000000e+00,-1.244166161979100710e-01,-0.000000000000000000e+00,-0.000000000000000000e+00,8.863693567966358933e-02
0.000000000000000000e+00,-0.000000000000000000e+00,-0.000000000000000000e+00,-4.134497699198430021e-01,-0.000000000000000000e+00,0.000000000000000000e+00,0.000000000000000000e+00,-0.000000000000000000e+00,-0.000000000000000000e+00,-0.000000000000000000e+00,0.000000000000000000e+00,-2.170691743943398491e-02,0.000000000000000000e+00,0.000000000000000000e+00,-0.000000000000000000e+00,-0.000000000000000000e+00,0.000000000000000000e+00,1.682379690002330674e+00,-3.962437635203048258e-01,-0.000000000000000000e+00,1.172217399634989665e-01,2.503957968183974092e-01,0.000000000000000000e+00,1.818329829708527356e-01,0.000000000000000000e+00,0.000000000000000000e+00,0.000000000000000000e+00,0.000000000000000000e+00,0.000000000000000000e+00,-0.000000000000000000e+00,0.000000000000000000e+00,-0.000000000000000000e+00,0.000000000000000000e+00,0.000000000000000000e+00,0.000000000000000000e+00,0.000000000000000000e+00,0.000000000000000000e+00,-0.000000000000000000e+00,-0.000000000000000000e+00
-0.000000000000000000e+00,-6.830363192211687251e-02,-0.000000000000000000e+00,-3.276915361741364885e-01,-0.000000000000000000e+00,0.000000000000000000e+00,0.000000000000000000e+00,-0.000000000000000000e+00,-3.826350286425895808e-01,-5.323468671680837705e-01,0.000000000000000000e+00,-1.991656373640351974e-01,0.000000000000000000e+00,0.000000000000000000e+00,-0.000000000000000000e+00,-0.000000000000000000e+00,0.000000000000000000e+00,-3.962437635203048258e-01,2.441822088668324398e+00,0.000000000000000000e+00,1.060412789964395169e-01,1.656052307326772721e-01,1.041036624318201348e-02,0.000000000000000000e+00,0.000000000000000000e+00,0.000000000000000000e+00,-0.000000000000000000e+00,0.000000000000000000e+00,1.622905023890513776e-01,-0.000000000000000000e+00,0.000000000000000000e+00,-0.000000000000000000e+00,0.000000000000000000e+00,-0.000000000000000000e+00,0.000000000000000000e+00,0.000000000000000000e+00,0.000000000000000000e+00,-1.170523021348029019e-01,-2.189372593254967636e-01
-1.805437147421551716e-02,0.000000000000000000e+00,-0.000000000000000000e+00,0.000000000000000000e+00,-0.000000000000000000e+00,-0.000000000000000000e+00,0.000000000000000000e+00,0.000000000000000000e+00,0.000000000000000000e+00,0.000000000000000000e+00,-0.000000000000000000e+00,0.000000000000000000e+00,0.000000000000000000e+00,-0.000000000000000000e+00,0.000000000000000000e+00,-0.000000000000000000e+00,-1.301764367914726162e-01,-0.000000000000000000e+00,0.000000000000000000e+00,1.203071004894675333e+00,-0.000000000000000000e+00,-0.000000000000000000e+00,-0.000000000000000000e+00,-0.000000000000000000e+00,-0.000000000000000000e+00,-1.896376167780312316e-01,-0.000000000000000000e+00,-1.521558043963850693e-01,-0.000000000000000000e+00,0.000000000000000000e+00,-0.000000000000000000e+00,3.814854078750792854e-02,-0.000000000000000000e+00,0.000000000000000000e+00,-0.000000000000000000e+00,-0.000000000000000000e+00,-0.000000000000000000e+00,-0.000000000000000000e+00,1.086063402742318690e-01
-0.000000000000000000e+00,0.000000000000000000e+00,-0.000000000000000000e+00,4.062080027398367460e-03,-0.000000000000000000e+00,-4.833372693935835546e-02,-0.000000000000000000e+00,1.664782217942050169e-01,0.000000000000000000e+00,3.714302393756509224e-02,-0.000000000000000000e+00,9.658670052307984089e-02,0.000000000000000000e+00,-7.013602358027679062e-02,0.000000000000000000e+00,-0.000000000000000000e+00,-1.907529206372684735e-02,1.172217399634989665e-01,1.060412789964395169e-01,-0.000000000000000000e+00,2.188886021224058620e+00,-7.653614944785764873e-01,-9.859082886085858421e-02,-1.170035442106372170e-01,-2.013872245785533754e-01,-2.281101747582860162e-02,-0.000000000000000000e+00,-1.050665306338091493e-01,-1.403314578147499270e-01,0.000000000000000000e+00,-0.000000000000000000e+00,0.000000000000000000e+00,-1.556620926491165263e-02,0.000000000000000000e+00,-0.000000000000000000e+00,-0.000000000000000000e+00,-0.000000000000000000e+00,0.000000000000000000e+00,0.000000000000000000e+00
-0.000000000000000000e+00,0.000000000000000000e+00,-0.000000000000000000e+00,8.783038494457388878e-02,-0.000000000000000000e+00,-1.227279037979987358e-01,-0.000000000000000000e+00,0.000000000000000000e+00,0.000000000000000000e+00,0.000000000000000000e+00,-4.134839873873632360e-02,0.000000000000000000e+00,0.000000000000000000e+00,-1.776366504804195445e-01,0.000000000000000000e+00,-0.000000000000000000e+00,-1.539166318581348773e-02,2.503957968183974092e-01,1.656052307326772721e-01,-0.000000000000000000e+00,-7.653614944785764873e-01,2.474102417055604963e+00,-2.566304907554469716e-01,-2.499390215059377474e-01,-1.423483136337976296e-01,-0.000000000000000000e+00,-0.000000000000000000e+00,-0.000000000000000000e+00,-4.726552100279578922e-02,0.000000000000000000e+00,-0.000000000000000000e+00,0.000000000000000000e+00,-2.812470834697091693e-01,-0.000000000000000000e+00,-0.000000000000000000e+00,-0.000000000000000000e+00,-0.000000000000000000e+00,0.000000000000000000e+00,0.000000000000000000e+00
-0.000000000000000000e+00,0.000000000000000000e+00,-0.000000000000000000e+00,6.697624796215181919e-02,-0.000000000000000000e+00,-3.785810562153703041e-01,-2.267311463018505807e-02,0.000000000000000000e+00,0.000000000000000000e+00,0.000000000000000000e+00,-1.375345646701280899e-01,6.540210402681471968e-02,0.000000000000000000e+00,-0.000000000000000000e+00,2.565603492642465899e-01,-0.000000000000000000e+00,-0.000000000000000000e+00,0.000000000000000000e+00,1.041036624318201348e-02,-0.000000000000000000e+00,-9.859082886085858421e-02,-2.566304907554469716e-01,2.353638568418091825e+00,-1.641896342263515218e-01,-4.780702518653742739e-01,-9.735154737826472171e-02,-0.000000000000000000e+00,-1.296878257195135664e-01,-1.484725916419199314e-02,0.000000000000000000e+00,-1.061030347318045325e-01,0.000000000000000000e+00,-0.000000000000000000e+00,0.000000000000000000e+00,-1.540792832386398414e-01,-3.079066282556697925e-02,-0.000000000000000000e+00,0.000000000000000000e+00,0.000000000000000000e+00
-0.000000000000000000e+00,0.000000000000000000e+00,-0.000000000000000000e+00,0.000000000000000000e+00,-0.000000000000000000e+00,-1.390739908080132203e-01,-0.000000000000000000e+00,2.002303180520322301e-01,0.000000000000000000e+00,0.000000000000000000e+00,-0.000000000000000000e+00,0.000000000000000000e+00,0.000000000000000000e+00,-4.764073679601913969e-01,0.000000000000000000e+00,-0.000000000000000000e+00,-0.000000000000000000e+00,1.818329829708527356e-01,0.000000000000000000e+00,-0.000000000000000000e+00,-1.170035442106372170e-01,-2.499390215059377474e-01,-1.641896342263515218e-01,2.142897670586132008e+00,-9.914862979222340000e-02,-0.000000000000000000e+00,-0.000000000000000000e+00,-0.000000000000000000e+00,-1.035116955001792322e-01,-0.000000000000000000e+00,-1.003805706746761506e-01,-0.000000000000000000e+00,-2.451864044220813943e-01,-0.000000000000000000e+00,-6.780363153545661270e-02,-0.000000000000000000e+00,-0.000000000000000000e+00,-0.000000000000000000e+00,0.000000000000000000e+00
-0.000000000000000000e+00,0.000000000000000000e+00,-0.000000000000000000e+00,4.774367328378336522e-02,-0.000000000000000000e+00,-2.010297499133124333e-01,-0.000000000000000000e+00,1.104063710717330393e-01,0.000000000000000000e+00,0.000000000000000000e+00,-3.606257339623294977e-01,7.798958570081312991e-02,0.000000000000000000e+00,-1.371267771204652541e-01,0.000000000000000000e+00,-0.000000000000000000e+00,-3.783210715800056773e-02,0.000000000000000000e+00,0.000000000000000000e+00,-0.000000000000000000e+00,-2.013872245785533754e-01,-1.423483136337976296e-01,-4.780702518653742739e-01,-9.914862979222340000e-02,2.766270141751763223e+00,-3.711512032853250820e-01,-0.000000000000000000e+00,-1.576114075599842068e-01,-1.594620459322718675e-01,0.000000000000000000e+00,-1.409470843202992874e-01,0.000000000000000000e+00,-0.000000000000000000e+00,0.000000000000000000e+00,-6.664508696085130746e-02,-1.573206012301485712e-01,-6.060183583276957525e-02,0.000000000000000000e+00,0.000000000000000000e+00
-4.057514585792478812e-01,0.000000000000000000e+00,-0.000000000000000000e+00,0.000000000000000000e+00,-0.000000000000000000e+00,-0.000000000000000000e+00,-0.000000000000000000e+00,0.000000000000000000e+00,0.000000000000000000e+00,0.000000000000000000e+00,-0.000000000000000000e+00,1.542559820987902675e-01,0.000000000000000000e+00,-0.000000000000000000e+00,0.000000000000000000e+00,-0.000000000000000000e+00,-2.479514311098960089e-01,0.000000000000000000e+00,0.000000000000000000e+00,-1.896376167780312316e-01,-2.281101747582860162e-02,-0.000000000000000000e+00,-9.735154737826472171e-02,-0.000000000000000000e+00,-3.711512032853250820e-01,2.787933281103296412e+00,-0.000000000000000000e+00,-4.306163736976951761e-01,-4.397249899596347156e-01,0.000000000000000000e+00,-0.000000000000000000e+00,0.000000000000000000e+00,-0.000000000000000000e+00,0.000000000000000000e+00,-2.785878352168263405e-01,-3.141256747961523321e-01,-9.640076682684252385e-02,-0.000000000000000000e+00,0.000000000000000000e+00
-1.678177194823417540e-01,-0.000000000000000000e+00,-0.000000000000000000e+00,0.000000000000000000e+00,-1.699048743967266073e-01,-1.964177168388076267e-01,-0.000000000000000000e+00,0.000000000000000000e+00,-0.000000000000000000e+00,-0.000000000000000000e+00,-0.000000000000000000e+00,0.000000000000000000e+00,1.016014693298218086e-01,-0.000000000000000000e+00,0.000000000000000000e+00,-1.244821444167292790e-01,-0.000000000000000000e+00,0.000000000000000000e+00,-0.000000000000000000e+00,-0.000000000000000000e+00,-0.000000000000000000e+00,-0.000000000000000000e+00,-0.000000000000000000e+00,-0.000000000000000000e+00,-0.000000000000000000e+00,-0.000000000000000000e+00,2.019461105289477310e+00,-0.000000000000000000e+00,-0.000000000000000000e+00,-0.000000000000000000e+00,-8.149088822809618105e-01,-4.080472964436212546e-01,-0.000000000000000000e+00,-0.000000000000000000e+00,-0.000000000000000000e+00,-1.008487115500346504e-01,-8.077182629120520374e-02,-0.000000000000000000e+00,-0.000000000000000000e+00
-0.000000000000000000e+00,0.000000000000000000e+00,0.000000000000000000e+00,2.302630949918397507e-01,-0.000000000000000000e+00,-0.000000000000000000e+00,-0.000000000000000000e+00,0.000000000000000000e+00,0.000000000000000000e+00,0.000000000000000000e+00,-0.000000000000000000e+00,2.750066405368227773e-01,0.000000000000000000e+00,-0.000000000000000000e+00,0.000000000000000000e+00,-0.000000000000000000e+00,-3.582329285089685955e-01,0.000000000000000000e+00,0.000000000000000000e+00,-1.521558043963850693e-01,-1.050665306338091493e-01,-0.000000000000000000e+00,-1.296878257195135664e-01,-0.000000000000000000e+00,-1.576114075599842068e-01,-4.306163736976951761e-01,-0.000000000000000000e+00,2.742392582246146571e+00,-3.859224501719672462e-01,0.000000000000000000e+00,-0.000000000000000000e+00,0.000000000000000000e+00,-0.000000000000000000e+00,0.000000000000000000e+00,-1.502809387873058622e-01,-3.239516278536230809e-01,-0.000000000000000000e+00,0.000000000000000000e+00,2.352192886776554304e-01
-0.000000000000000000e+00,0.000000000000000000e+00,-0.000000000000000000e+00,2.715785796383135553e-01,-0.000000000000000000e+00,-0.000000000000000000e+00,-0.000000000000000000e+00,0.000000000000000000e+00,0.000000000000000000e+00,2.916783078340842023e-02,-0.000000000000000000e+00,2.663801921390946958e-01,0.000000000000000000e+00,-0.000000000000000000e+00,0.000000000000000000e+00,-0.000000000000000000e+00,-3.330498736247252123e-01,0.000000000000000000e+00,1.622905023890513776e-01,-0.000000000000000000e+00,-1.403314578147499270e-01,-4.726552100279578922e-02,-1.484725916419199314e-02,-1.035116955001792322e-01,-1.594620459322718675e-01,-4.397249899596347156e-01,-0.000000000000000000e+00,-3.859224501719672462e-01,2.807685583195432155e+00,0.000000000000000000e+00,-0.000000000000000000e+00,0.000000000000000000e+00,-0.000000000000000000e+00,0.000000000000000000e+00,-3.331889402102985454e-01,-0.000000000000000000e+00,-0.000000000000000000e+00,0.000000000000000000e+00,3.287824622296736665e-01
-0.000000000000000000e+00,-0.000000000000000000e+00,-2.500152590524775675e-01,-0.000000000000000000e+00,-2.692802152999091425e-01,0.000000000000000000e+00,0.000000000000000000e+00,0.000000000000000000e+00,-6.939510836743711941e-01,-1.691744838992061128e-01,0.000000000000000000e+00,-0.000000000000000000e+00,1.243647163506398853e-02,-0.000000000000000000e+00,-0.000000000000000000e+00,-1.625174472802190240e-01,0.000000000000000000e+00,-0.000000000000000000e+00,-0.000000000000000000e+00,0.000000000000000000e+00,0.000000000000000000e+00,0.000000000000000000e+00,0.000000000000000000e+00,-0.000000000000000000e+00,0.000000000000000000e+00,0.000000000000000000e+00,-0.000000000000000000e+00,0.000000000000000000e+00,0.000000000000000000e+00,2.480460512172082854e+00,-0.000000000000000000e+00,-2.499605766994813238e-01,-0.000000000000000000e+00,-4.516124241561108033e-01,0.000000000000000000e+00,0.000000000000000000e+00,-0.000000000000000000e+00,-4.960160460573802554e-01,-0.000000000000000000e+00
-1.848211692745612977e-01,-0.000000000000000000e+00,-0.000000000000000000e+00,0.000000000000000000e+00,-1.607229121954491524e-01,-0.000000000000000000e+00,-0.000000000000000000e+00,0.000000000000000000e+00,-0.000000000000000000e+00,-0.000000000000000000e+00,-2.133203597643193727e-01,0.000000000000000000e+00,1.127530997969989623e-01,-8.471440594505605381e-02,0.000000000000000000e+00,-0.000000000000000000e+00,-0.000000000000000000e+00,0.000000000000000000e+00,0.000000000000000000e+00,-0.000000000000000000e+00,-0.000000000000000000e+00,-0.000000000000000000e+00,-1.061030347318045325e-01,-1.003805706746761506e-01,-1.409470843202992874e-01,-0.000000000000000000e+00,-8.149088822809618105e-01,-0.000000000000000000e+00,-0.000000000000000000e+00,-0.000000000000000000e+00,2.229146672192231726e+00,-4.180831548008587945e-02,-4.544510036221516974e-02,-0.000000000000000000e+00,-0.000000000000000000e+00,-1.203293614637034326e-01,-2.657359953887483139e-01,-0.000000000000000000e+00,0.000000000000000000e+00
-0.000000000000000000e+00,-6.337544232755055740e-01,-0.000000000000000000e+00,-0.000000000000000000e+00,-0.000000000000000000e+00,-0.000000000000000000e+00,-0.000000000000000000e+00,-0.000000000000000000e+00,-1.791038525359806843e-01,-4.254086962678675921e-01,-0.000000000000000000e+00,-0.000000000000000000e+00,0.000000000000000000e+00,-0.000000000000000000e+00,-0.000000000000000000e+00,-0.000000000000000000e+00,0.000000000000000000e+00,-0.000000000000000000e+00,-0.000000000000000000e+00,3.814854078750792854e-02,0.000000000000000000e+00,0.000000000000000000e+00,0.000000000000000000e+00,-0.000000000000000000e+00,0.000000000000000000e+00,0.000000000000000000e+00,-4.080472964436212546e-01,0.000000000000000000e+00,0.000000000000000000e+00,-2.499605766994813238e-01,-4.180831548008587945e-02,1.948517103606427714e+00,-0.000000000000000000e+00,-0.000000000000000000e+00,0.000000000000000000e+00,-0.000000000000000000e+00,-0.000000000000000000e+00,-0.000000000000000000e+00,-4.651699769962674286e-02
-0.000000000000000000e+00,0.000000000000000000e+00,-3.503525096788248638e-01,0.000000000000000000e+00,-2.999539860133503821e-01,-0.000000000000000000e+00,-0.000000000000000000e+00,3.791732073940791703e-01,-0.000000000000000000e+00,0.000000000000000000e+00,-0.000000000000000000e+00,0.000000000000000000e+00,0.000000000000000000e+00,-6.841112024230826538e-01,-0.000000000000000000e+00,-0.000000000000000000e+00,-0.000000000000000000e+00,0.000000000000000000e+00,0.000000000000000000e+00,-0.000000000000000000e+00,-1.556620926491165263e-02,-2.812470834697091693e-01,-0.000000000000000000e+00,-2.451864044220813943e-01,-0.000000000000000000e+00,-0.000000000000000000e+00,-0.000000000000000000e+00,-0.000000000000000000e+00,-0.000000000000000000e+00,-0.000000000000000000e+00,-4.544510036221516974e-02,-0.000000000000000000e+00,2.367494561384341445e+00,-6.809033572556388858e-02,-0.000000000000000000e+00,-0.000000000000000000e+00,-0.000000000000000000e+00,-0.000000000000000000e+00,0.000000000000000000e+00
-0.000000000000000000e+00,-0.000000000000000000e+00,-3.061717345829839676e-01,-0.000000000000000000e+00,-1.925585566943914875e-02,0.000000000000000000e+00,0.000000000000000000e+00,0.000000000000000000e+00,-2.188711588589168089e-01,-0.000000000000000000e+00,0.000000000000000000e+00,-1.181094873065515471e-01,0.000000000000000000e+00,-0.000000000000000000e+00,-2.709730154249443412e-01,-0.000000000000000000e+00,0.000000000000000000e+00,0.000000000000000000e+00,-0.000000000000000000e+00,0.000000000000000000e+00,0.000000000000000000e+00,-0.000000000000000000e+00,0.000000000000000000e+00,-0.000000000000000000e+00,0.000000000000000000e+00,0.000000000000000000e+00,-0.000000000000000000e+00,0.000000000000000000e+00,0.000000000000000000e+00,-4.516124241561108033e-01,-0.000000000000000000e+00,-0.000000000000000000e+00,-6.809033572556388858e-02,1.618446962575409431e+00,0.000000000000000000e+00,1.121499995488114826e-01,0.000000000000000000e+00,-0.000000000000000000e+00,-0.000000000000000000e+00
-0.000000000000000000e+00,0.000000000000000000e+00,0.000000000000000000e+00,7.743678395458489239e-03,-0.000000000000000000e+00,-6.448500177818314305e-02,-0.000000000000000000e+00,0.000000000000000000e+00,0.000000000000000000e+00,0.000000000000000000e+00,-0.000000000000000000e+00,1.149059569074955545e-01,-0.000000000000000000e+00,-0.000000000000000000e+00,0.000000000000000000e+00,-0.000000000000000000e+00,-0.000000000000000000e+00,0.000000000000000000e+00,0.000000000000000000e+00,-0.000000000000000000e+00,-0.000000000000000000e+00,-0.000000000000000000e+00,-1.540792832386398414e-01,-6.780363153545661270e-02,-6.664508696085130746e-02,-2.785878352168263405e-01,-0.000000000000000000e+00,-1.502809387873058622e-01,-3.331889402102985454e-01,0.000000000000000000e+00,-0.000000000000000000e+00,0.000000000000000000e+00,-0.000000000000000000e+00,0.000000000000000000e+00,2.261568105804728113e+00,-1.429427262943736843e-01,-7.674265042261800840e-01,0.000000000000000000e+00,0.000000000000000000e+00
-0.000000000000000000e+00,0.000000000000000000e+00,0.000000000000000000e+00,0.000000000000000000e+00,-0.000000000000000000e+00,-8.345137014693089494e-02,-0.000000000000000000e+00,0.000000000000000000e+00,0.000000000000000000e+00,0.000000000000000000e+00,-2.474554476949885895e-01,5.375257271263885958e-03,0.000000000000000000e+00,-0.000000000000000000e+00,2.673034503933501838e-01,-0.000000000000000000e+00,-1.244166161979100710e-01,0.000000000000000000e+00,0.000000000000000000e+00,-0.000000000000000000e+00,-0.000000000000000000e+00,-0.000000000000000000e+00,-3.079066282556697925e-02,-0.000000000000000000e+00,-1.573206012301485712e-01,-3.141256747961523321e-01,-1.008487115500346504e-01,-3.239516278536230809e-01,-0.000000000000000000e+00,0.000000000000000000e+00,-1.203293614637034326e-01,-0.000000000000000000e+00,-0.000000000000000000e+00,1.121499995488114826e-01,-1.429427262943736843e-01,2.247452583504335966e+00,-3.666789307284119559e-01,0.000000000000000000e+00,0.000000000000000000e+00
-1.382392078347759179e-01,-0.000000000000000000e+00,-0.000000000000000000e+00,0.000000000000000000e+00,-0.000000000000000000e+00,-1.281053374189673189e-01,-0.000000000000000000e+00,0.000000000000000000e+00,0.000000000000000000e+00,0.000000000000000000e+00,-5.884155994872548173e-02,0.000000000000000000e+00,0.000000000000000000e+00,-0.000000000000000000e+00,0.000000000000000000e+00,-0.000000000000000000e+00,-0.000000000000000000e+00,0.000000000000000000e+00,0.000000000000000000e+00,-0.000000000000000000e+00,-0.000000000000000000e+00,-0.000000000000000000e+00,-0.000000000000000000e+00,-0.000000000000000000e+00,-6.060183583276957525e-02,-9.640076682684252385e-02,-8.077182629120520374e-02,-0.000000000000000000e+00,-0.000000000000000000e+00,-0.000000000000000000e+00,-2.657359953887483139e-01,-0.000000000000000000e+00,-0.000000000000000000e+00,0.000000000000000000e+00,-7.674265042261800840e-01,-3.666789307284119559e-01,2.092333942159306570e+00,-0.000000000000000000e+00,0.000000000000000000e+00
-7.131271957735470235e-02,-0.000000000000000000e+00,-5.435897416589241526e-02,-0.000000000000000000e+00,-8.028954081305779422e-03,0.000000000000000000e+00,0.000000000000000000e+00,0.000000000000000000e+00,-5.656699276041314839e-01,-0.000000000000000000e+00,0.000000000000000000e+00,-0.000000000000000000e+00,0.000000000000000000e+00,-0.000000000000000000e+00,-2.530249800924121439e-01,-5.363855918752429286e-01,-0.000000000000000000e+00,-0.000000000000000000e+00,-1.170523021348029019e-01,-0.000000000000000000e+00,0.000000000000000000e+00,0.000000000000000000e+00,0.000000000000000000e+00,-0.000000000000000000e+00,0.000000000000000000e+00,-0.000000000000000000e+00,-0.000000000000000000e+00,0.000000000000000000e+00,0.000000000000000000e+00,-4.960160460573802554e-01,-0.000000000000000000e+00,-0.000000000000000000e+00,-0.000000000000000000e+00,-0.000000000000000000e+00,0.000000000000000000e+00,0.000000000000000000e+00,-0.000000000000000000e+00,2.058179337876364201e+00,-0.000000000000000000e+00
0.000000000000000000e+00,-2.935941958711537070e-01,-0.000000000000000000e+00,-1.307309921421800220e-02,-0.000000000000000000e+00,0.000000000000000000e+00,-0.000000000000000000e+00,-0.000000000000000000e+00,-0.000000000000000000e+00,-5.157838245231168850e-01,0.000000000000000000e+00,-3.011368429672591773e-01,0.000000000000000000e+00,0.000000000000000000e+00,-0.000000000000000000e+00,0.000000000000000000e+00,8.863693567966358933e-02,-0.000000000000000000e+00,-2.189372593254967636e-01,1.086063402742318690e-01,0.000000000000000000e+00,0.000000000000000000e+00,0.000000000000000000e+00,0.000000000000000000e+00,0.000000000000000000e+00,0.000000000000000000e+00,-0.000000000000000000e+00,2.352192886776554304e-01,3.287824622296736665e-01,-0.000000000000000000e+00,0.000000000000000000e+00,-4.651699769962674286e-02,0.000000000000000000e+00,-0.000000000000000000e+00,0.000000000000000000e+00,0.000000000000000000e+00,0.000000000000000000e+00,-0.000000000000000000e+00,2.152389682649614056e+00
