2.672680319956640460e+00,-8.330289197023503789e-01,-0.000000000000000000e+00,0.000000000000000000e+00,-0.000000000000000000e+00,0.000000000000000000e+00,0.000000000000000000e+00,0.000000000000000000e+00,-1.707425875914871105e-01,-2.133119334474472273e-01,-0.000000000000000000e+00,-1.993297954150754711e-02,-0.000000000000000000e+00,-0.000000000000000000e+00,-0.000000000000000000e+00,-0.000000000000000000e+00,-2.456435750654790695e-01,-0.000000000000000000e+00,-5.188574626612752622e-02,0.000000000000000000e+00,0.000000000000000000e+00,0.000000000000000000e+00,-0.000000000000000000e+00,-0.000000000000000000e+00,-1.244678421658001882e-01,-0.000000000000000000e+00,-1.381261418128814158e-02,0.000000000000000000e+00,-0.000000000000000000e+00,-3.974607183052488169e-01,-0.000000000000000000e+00,-0.000000000000000000e+00,-0.000000000000000000e+00,-2.101671084863424022e-01,0.000000000000000000e+00,0.000000000000000000e+00,0.000000000000000000e+00,-4.131143780245966624e-01,-1.534924011292099211e-01
-8.330289197023503789e-01,2.442813247986660219e+00,-0.000000000000000000e+00,0.000000000000000000e+00,-0.000000000000000000e+00,0.000000000000000000e+00,0.000000000000000000e+00,0.000000000000000000e+00,-1.002524563291946336e-01,-0.000000000000000000e+00,-0.000000000000000000e+00,-0.000000000000000000e+00,-0.000000000000000000e+00,-0.000000000000000000e+00,0.000000000000000000e+00,-9.881432564197609181e-02,-1.041177475732677910e-01,-0.000000000000000000e+00,-0.000000000000000000e+00,0.000000000000000000e+00,0.000000000000000000e+00,-0.000000000000000000e+00,-0.000000000000000000e+00,-0.000000000000000000e+00,-2.595002403697721505e-01,-0.000000000000000000e+00,-1.352482651188210150e-01,-0.000000000000000000e+00,-0.000000000000000000e+00,-1.348667717012770051e-01,0.000000000000000000e+00,-0.000000000000000000e+00,-0.000000000000000000e+00,-0.000000000000000000e+00,0.000000000000000000e+00,-0.000000000000000000e+00,-0.000000000000000000e+00,-6.625633636967572133e-03,-7.313191643367591421e-01
-0.000000000000000000e+00,-0.000000000000000000e+00,2.796472700523324750e+00,0.000000000000000000e+00,-2.002629998323913751e-01,0.000000000000000000e+00,0.000000000000000000e+00,1.798023956847522253e+00,-0.000000000000000000e+00,-0.000000000000000000e+00,-0.000000000000000000e+00,0.000000000000000000e+00,0.000000000000000000e+00,-0.000000000000000000e+00,-0.000000000000000000e+00,-0.000000000000000000e+00,-1.028411999535395055e-01,-5.093481096975376043e-03,-0.000000000000000000e+00,0.000000000000000000e+00,-0.000000000000000000e+00,0.000000000000000000e+00,-0.000000000000000000e+00,-1.557845135835914455e-02,-5.821478176078203476e-02,-5.667896532104733237e-02,-7.935246577052891548e-02,-0.000000000000000000e+00,0.000000000000000000e+00,-0.000000000000000000e+00,-3.527856740251286150e-01,0.000000000000000000e+00,-1.040603317173384723e-01,-3.877991960658732501e-02,0.000000000000000000e+00,-9.184418232215026123e-02,0.000000000000000000e+00,-0.000000000000000000e+00,-0.000000000000000000e+00
0.000000000000000000e+00,0.000000000000000000e+00,0.000000000000000000e+00,1.264366664908807225e+00,-0.000000000000000000e+00,-0.000000000000000000e+00,-5.748366224891633403e-01,-0.000000000000000000e+00,0.000000000000000000e+00,0.000000000000000000e+00,-0.000000000000000000e+00,0.000000000000000000e+00,-0.000000000000000000e+00,0.000000000000000000e+00,0.000000000000000000e+00,0.000000000000000000e+00,0.000000000000000000e+00,-0.000000000000000000e+00,0.000000000000000000e+00,-0.000000000000000000e+00,-0.000000000000000000e+00,0.000000000000000000e+00,1.802609565474027828e-02,0.000000000000000000e+00,0.000000000000000000e+00,0.000000000000000000e+00,0.000000000000000000e+00,-0.000000000000000000e+00,-0.000000000000000000e+00,0.000000000000000000e+00,0.000000000000000000e+00,-0.000000000000000000e+00,-0.000000000000000000e+00,-0.000000000000000000e+00,-0.000000000000000000e+00,0.000000000000000000e+00,-0.000000000000000000e+00,0.000000000000000000e+00,0.000000000000000000e+00
-0.000000000000000000e+00,-0.000000000000000000e+00,-2.002629998323913751e-01,-0.000000000000000000e+00,1.528801279334044194e+00,0.000000000000000000e+00,-0.000000000000000000e+00,0.000000000000000000e+00,-0.000000000000000000e+00,-0.000000000000000000e+00,-4.195702580848208185e-02,0.000000000000000000e+00,0.000000000000000000e+00,-1.563830221209655258e-01,-0.000000000000000000e+00,-0.000000000000000000e+00,-0.000000000000000000e+00,-2.159121535223998412e-01,-0.000000000000000000e+00,0.000000000000000000e+00,0.000000000000000000e+00,0.000000000000000000e+00,-7.778107603746721443e-02,-0.000000000000000000e+00,-0.000000000000000000e+00,-1.272293213725427807e-01,-1.220664413755036676e-01,-0.000000000000000000e+00,-0.000000000000000000e+00,-0.000000000000000000e+00,-1.927963152592060692e-01,0.000000000000000000e+00,-0.000000000000000000e+00,-2.988974004490372455e-02,-0.000000000000000000e+00,-3.193284800830535897e-01,0.000000000000000000e+00,-0.000000000000000000e+00,-0.000000000000000000e+00
0.000000000000000000e+00,0.000000000000000000e+00,0.000000000000000000e+00,-0.000000000000000000e+00,0.000000000000000000e+00,2.661201608986244693e+00,-0.000000000000000000e+00,-0.000000000000000000e+00,0.000000000000000000e+00,-0.000000000000000000e+00,-0.000000000000000000e+00,0.000000000000000000e+00,-6.508457433375536283e-02,-0.000000000000000000e+00,-0.000000000000000000e+00,0.000000000000000000e+00,0.000000000000000000e+00,0.000000000000000000e+00,0.000000000000000000e+00,-3.559733528404593339e-01,-1.378480736321452960e-01,-0.000000000000000000e+00,0.000000000000000000e+00,-7.687114986333755395e-02,0.000000000000000000e+00,-0.000000000000000000e+00,0.000000000000000000e+00,-2.818856444616892887e-01,-2.109040386202871986e-01,0.000000000000000000e+00,0.000000000000000000e+00,-7.880609714745657746e-01,-0.000000000000000000e+00,0.000000000000000000e+00,-1.133780621359735674e-01,0.000000000000000000e+00,-6.344747812497707473e-01,-0.000000000000000000e+00,0.000000000000000000e+00
0.000000000000000000e+00,0.000000000000000000e+00,0.000000000000000000e+00,-5.748366224891633403e-01,-0.000000000000000000e+00,-0.000000000000000000e+00,1.432852411045238528e+00,-0.000000000000000000e+00,0.000000000000000000e+00,-0.000000000000000000e+00,-3.308110262417568101e-03,2.671392023651331660e-01,-0.000000000000000000e+00,0.000000000000000000e+00,0.000000000000000000e+00,0.000000000000000000e+00,0.000000000000000000e+00,0.000000000000000000e+00,0.000000000000000000e+00,-6.742620082185904300e-04,-0.000000000000000000e+00,-0.000000000000000000e+00,1.334470397321151913e-01,0.000000000000000000e+00,4.313810510777362633e-02,0.000000000000000000e+00,0.000000000000000000e+00,-2.152857334096884845e-01,-0.000000000000000000e+00,0.000000000000000000e+00,0.000000000000000000e+00,-0.000000000000000000e+00,0.000000000000000000e+00,0.000000000000000000e+00,-0.000000000000000000e+00,-0.000000000000000000e+00,-0.000000000000000000e+00,0.000000000000000000e+00,0.000000000000000000e+00
0.000000000000000000e+00,0.000000000000000000e+00,1.798023956847522253e+00,-0.000000000000000000e+00,0.000000000000000000e+00,-0.000000000000000000e+00,-0.000000000000000000e+00,2.603277635782413668e+00,0.000000000000000000e+00,0.000000000000000000e+00,0.000000000000000000e+00,-0.000000000000000000e+00,-1.068007347815066593e-01,0.000000000000000000e+00,0.000000000000000000e+00,0.000000000000000000e+00,5.186455438624328063e-02,0.000000000000000000e+00,0.000000000000000000e+00,0.000000000000000000e+00,0.000000000000000000e+00,-0.000000000000000000e+00,0.000000000000000000e+00,7.613664218385986227e-02,0.000000000000000000e+00,1.371048468722527447e-01,0.000000000000000000e+00,0.000000000000000000e+00,-0.000000000000000000e+00,0.000000000000000000e+00,1.818208148794018819e-01,-0.000000000000000000e+00,1.380872525296331921e-01,0.000000000000000000e+00,-0.000000000000000000e+00,0.000000000000000000e+00,-0.000000000000000000e+00,0.000000000000000000e+00,0.000000000000000000e+00
-1.707425875914871105e-01,-1.002524563291946336e-01,-0.000000000000000000e+00,0.000000000000000000e+00,-0.000000000000000000e+00,0.000000000000000000e+00,0.000000000000000000e+00,0.000000000000000000e+00,2.827485714167479625e+00,-1.705946673813829861e-01,-0.000000000000000000e+00,-0.000000000000000000e+00,0.000000000000000000e+00,-9.687822975959209382e-02,-1.446936522674406936e-02,-0.000000000000000000e+00,-0.000000000000000000e+00,-2.928438974664356875e-01,-0.000000000000000000e+00,0.000000000000000000e+00,0.000000000000000000e+00,0.000000000000000000e+00,-2.887883435645389185e-01,-1.974200814413294702e-02,-2.511637660884451506e-01,-5.445970297088434942e-01,-1.960254037221230428e-01,-0.000000000000000000e+00,-0.000000000000000000e+00,-6.929246770890329365e-01,-0.000000000000000000e+00,-0.000000000000000000e+00,-0.000000000000000000e+00,-0.000000000000000000e+00,-0.000000000000000000e+00,0.000000000000000000e+00,-0.000000000000000000e+00,-2.664792164838859501e-01,-1.227784427099761280e-02
-2.133119334474472273e-01,-0.000000000000000000e+00,-0.000000000000000000e+00,0.000000000000000000e+00,-0.000000000000000000e+00,-0.000000000000000000e+00,-0.000000000000000000e+00,0.000000000000000000e+00,-1.705946673813829861e-01,2.020800124829948086e+00,-2.383596371115631052e-01,-0.000000000000000000e+00,-0.000000000000000000e+00,-1.787944346024440412e-01,-0.000000000000000000e+00,-3.456129501895373601e-01,-0.000000000000000000e+00,-5.119925625981405076e-02,-0.000000000000000000e+00,-0.000000000000000000e+00,-0.000000000000000000e+00,0.000000000000000000e+00,-0.000000000000000000e+00,-0.000000000000000000e+00,-0.000000000000000000e+00,-1.608012838258967292e-01,-0.000000000000000000e+00,-0.000000000000000000e+00,-1.198016054605452463e-01,-3.763279601746134517e-01,0.000000000000000000e+00,-0.000000000000000000e+00,-0.000000000000000000e+00,-0.000000000000000000e+00,-0.000000000000000000e+00,0.000000000000000000e+00,-0.000000000000000000e+00,-1.892220074004344332e-01,-0.000000000000000000e+00
-0.000000000000000000e+00,-0.000000000000000000e+00,-0.000000000000000000e+00,-0.000000000000000000e+00,-4.195702580848208185e-02,-0.000000000000000000e+00,-3.308110262417568101e-03,0.000000000000000000e+00,-0.000000000000000000e+00,-2.383596371115631052e-01,1.455578555472684998e+00,0.000000000000000000e+00,-0.000000000000000000e+00,-0.000000000000000000e+00,-1.125020806864619194e-01,-0.000000000000000000e+00,-3.726109660817807090e-02,-0.000000000000000000e+00,0.000000000000000000e+00,-0.000000000000000000e+00,-0.000000000000000000e+00,-0.000000000000000000e+00,-0.000000000000000000e+00,-0.000000000000000000e+00,-0.000000000000000000e+00,-1.100243029937614109e-01,-0.000000000000000000e+00,-2.324566666570178630e-01,-0.000000000000000000e+00,-0.000000000000000000e+00,-0.000000000000000000e+00,-0.000000000000000000e+00,-1.968193591967332678e-01,-0.000000000000000000e+00,-0.000000000000000000e+00,-0.000000000000000000e+00,0.000000000000000000e+00,-2.835178701045151795e-01,0.000000000000000000e+00
-1.993297954150754711e-02,-0.000000000000000000e+00,0.000000000000000000e+00,0.000000000000000000e+00,0.000000000000000000e+00,0.000000000000000000e+00,2.671392023651331660e-01,-0.000000000000000000e+00,-0.000000000000000000e+00,-0.000000000000000000e+00,0.000000000000000000e+00,1.926713833018977917e+00,0.000000000000000000e+00,-0.000000000000000000e+00,0.000000000000000000e+00,-9.159248116658026684e-02,-0.000000000000000000e+00,-0.000000000000000000e+00,-3.838384640951618687e-01,6.021597618831047577e-02,0.000000000000000000e+00,0.000000000000000000e+00,-0.000000000000000000e+00,0.000000000000000000e+00,-0.000000000000000000e+00,0.000000000000000000e+00,-0.000000000000000000e+00,1.690441463364778796e-01,0.000000000000000000e+00,-0.000000000000000000e+00,-0.000000000000000000e+00,0.000000000000000000e+00,-0.000000000000000000e+00,-3.605814855388597140e-01,4.139572745791240127e-01,-0.000000000000000000e+00,1.514296825436297345e-01,-0.000000000000000000e+00,-4.003871899893023945e-01
-0.000000000000000000e+00,-0.000000000000000000e+00,0.000000000000000000e+00,-0.000000000000000000e+00,0.000000000000000000e+00,-6.508457433375536283e-02,-0.000000000000000000e+00,-1.068007347815066593e-01,0.000000000000000000e+00,-0.000000000000000000e+00,-0.000000000000000000e+00,0.000000000000000000e+00,1.941623813566646595e+00,-0.000000000000000000e+00,-0.000000000000000000e+00,-0.000000000000000000e+00,0.000000000000000000e+00,0.000000000000000000e+00,0.000000000000000000e+00,-2.134779610446064235e-01,-0.000000000000000000e+00,-2.362726460162302700e-01,0.000000000000000000e+00,-0.000000000000000000e+00,0.000000000000000000e+00,0.000000000000000000e+00,0.000000000000000000e+00,-1.325850149766010788e-01,-0.000000000000000000e+00,-0.000000000000000000e+00,9.444469395885791707e-01,-4.441528309879019809e-02,-2.147957489053288760e-01,0.000000000000000000e+00,0.000000000000000000e+00,0.000000000000000000e+00,-0.000000000000000000e+00,-0.000000000000000000e+00,-0.000000000000000000e+00
-0.000000000000000000e+00,-0.000000000000000000e+00,-0.000000000000000000e+00,0.000000000000000000e+00,-1.563830221209655258e-01,-0.000000000000000000e+00,0.000000000000000000e+00,0.000000000000000000e+00,-9.687822975959209382e-02,-1.787944346024440412e-01,-0.000000000000000000e+00,-0.000000000000000000e+00,-0.000000000000000000e+00,1.925002827886666212e+00,-1.370067578541065700e-01,-1.534464210866858247e-01,-0.000000000000000000e+00,-6.269740924383915281e-02,-0.000000000000000000e+00,-0.000000000000000000e+00,-0.000000000000000000e+00,0.000000000000000000e+00,-2.200350427670234310e-01,-7.248459061845010654e-01,-0.000000000000000000e+00,-9.465320463828064135e-02,-0.000000000000000000e+00,-0.000000000000000000e+00,-0.000000000000000000e+00,-3.153413385210793868e-02,-0.000000000000000000e+00,-0.000000000000000000e+00,-1.043041518755887520e-01,-0.000000000000000000e+00,-0.000000000000000000e+00,-0.000000000000000000e+00,-0.000000000000000000e+00,-0.000000000000000000e+00,-0.000000000000000000e+00
-0.000000000000000000e+00,0.000000000000000000e+00,-0.000000000000000000e+00,0.000000000000000000e+00,-0.000000000000000000e+00,-0.000000000000000000e+00,0.000000000000000000e+00,0.000000000000000000e+00,-1.446936522674406936e-02,-0.000000000000000000e+00,-1.125020806864619194e-01,0.000000000000000000e+00,-0.000000000000000000e+00,-1.370067578541065700e-01,1.401049679185705443e+00,-0.000000000000000000e+00,-0.000000000000000000e+00,-0.000000000000000000e+00,0.000000000000000000e+00,-1.107772591178124294e-01,-5.177051955503079311e-02,0.000000000000000000e+00,-0.000000000000000000e+00,-1.330574847850191089e-02,-0.000000000000000000e+00,-1.446645107259184049e-01,0.000000000000000000e+00,-0.000000000000000000e+00,-2.089959494049662136e-01,-0.000000000000000000e+00,0.000000000000000000e+00,-0.000000000000000000e+00,-1.993937163042600325e-01,0.000000000000000000e+00,-0.000000000000000000e+00,0.000000000000000000e+00,-0.000000000000000000e+00,-1.608880978553618168e-01,0.000000000000000000e+00
-0.000000000000000000e+00,-9.881432564197609181e-02,-0.000000000000000000e+00,0.000000000000000000e+00,-0.000000000000000000e+00,0.000000000000000000e+00,0.000000000000000000e+00,0.000000000000000000e+00,-0.000000000000000000e+00,-3.456129501895373601e-01,-0.000000000000000000e+00,-9.159248116658026684e-02,-0.000000000000000000e+00,-1.534464210866858247e-01,-0.000000000000000000e+00,1.558969149779621421e+00,-0.000000000000000000e+00,-0.000000000000000000e+00,-7.391293294907129441e-02,0.000000000000000000e+00,0.000000000000000000e+00,-0.000000000000000000e+00,-0.000000000000000000e+00,-0.000000000000000000e+00,-0.000000000000000000e+00,-0.000000000000000000e+00,-1.149330759857839085e-01,-0.000000000000000000e+00,0.000000000000000000e+00,-3.766241064813122263e-01,-0.000000000000000000e+00,0.000000000000000000e+00,-0.000000000000000000e+00,-2.330929865992868374e-02,0.000000000000000000e+00,-0.000000000000000000e+00,0.000000000000000000e+00,-0.000000000000000000e+00,-0.000000000000000000e+00
-2.456435750654790695e-01,-1.041177475732677910e-01,-1.028411999535395055e-01,0.000000000000000000e+00,-0.000000000000000000e+00,0.000000000000000000e+00,0.000000000000000000e+00,5.186455438624328063e-02,-0.000000000000000000e+00,-0.000000000000000000e+00,-3.726109660817807090e-02,-0.000000000000000000e+00,0.000000000000000000e+00,-0.000000000000000000e+00,-0.000000000000000000e+00,-0.000000000000000000e+00,1.751342766975910514e+00,-0.000000000000000000e+00,-0.000000000000000000e+00,0.000000000000000000e+00,0.000000000000000000e+00,0.000000000000000000e+00,-0.000000000000000000e+00,-0.000000000000000000e+00,-1.716589745628177288e-01,-0.000000000000000000e+00,-1.324861647022536615e-01,0.000000000000000000e+00,0.000000000000000000e+00,-0.000000000000000000e+00,-0.000000000000000000e+00,-0.000000000000000000e+00,-0.000000000000000000e+00,-3.306437664352849248e-01,0.000000000000000000e+00,-0.000000000000000000e+00,6.363982627255211763e-04,-1.899618377779194178e-01,-2.622452088398671277e-01
-0.000000000000000000e+00,-0.000000000000000000e+00,-5.093481096975376043e-03,-0.000000000000000000e+00,-2.159121535223998412e-01,0.000000000000000000e+00,0.000000000000000000e+00,0.000000000000000000e+00,-2.928438974664356875e-01,-5.119925625981405076e-02,-0.000000000000000000e+00,-0.000000000000000000e+00,0.000000000000000000e+00,-6.269740924383915281e-02,-0.000000000000000000e+00,-0.000000000000000000e+00,-0.000000000000000000e+00,1.797393097763941405e+00,-2.775630576645681247e-01,0.000000000000000000e+00,-0.000000000000000000e+00,0.000000000000000000e+00,-0.000000000000000000e+00,-0.000000000000000000e+00,-0.000000000000000000e+00,-3.412506058589281910e-01,-0.000000000000000000e+00,-0.000000000000000000e+00,-2.980882040200596994e-02,-3.161784873625652637e-01,-0.000000000000000000e+00,-0.000000000000000000e+00,-0.000000000000000000e+00,-7.268595627325645514e-02,-0.000000000000000000e+00,0.000000000000000000e+00,-0.000000000000000000e+00,-0.000000000000000000e+00,-0.000000000000000000e+00
-5.188574626612752622e-02,-0.000000000000000000e+00,-0.000000000000000000e+00,0.000000000000000000e+00,-0.000000000000000000e+00,0.000000000000000000e+00,0.000000000000000000e+00,0.000000000000000000e+00,-0.000000000000000000e+00,-0.000000000000000000e+00,0.000000000000000000e+00,-3.838384640951618687e-01,0.000000000000000000e+00,-0.000000000000000000e+00,0.000000000000000000e+00,-7.391293294907129441e-02,-0.000000000000000000e+00,-2.775630576645681247e-01,1.534724945121038298e+00,1.079815838215403695e-01,0.000000000000000000e+00,0.000000000000000000e+00,-0.000000000000000000e+00,-0.000000000000000000e+00,-0.000000000000000000e+00,-0.000000000000000000e+00,-1.059756157884857719e-01,0.000000000000000000e+00,0.000000000000000000e+00,-1.646283393457504129e-01,-0.000000000000000000e+00,0.000000000000000000e+00,-0.000000000000000000e+00,-1.266698200291296039e-01,0.000000000000000000e+00,0.000000000000000000e+00,0.000000000000000000e+00,-0.000000000000000000e+00,-8.037340627451354524e-02
0.000000000000000000e+00,0.000000000000000000e+00,0.000000000000000000e+00,-0.000000000000000000e+00,0.000000000000000000e+00,-3.559733528404593339e-01,-6.742620082185904300e-04,0.000000000000000000e+00,0.000000000000000000e+00,-0.000000000000000000e+00,-0.000000000000000000e+00,6.021597618831047577e-02,-2.134779610446064235e-01,-0.000000000000000000e+00,-1.107772591178124294e-01,0.000000000000000000e+00,0.000000000000000000e+00,0.000000000000000000e+00,1.079815838215403695e-01,2.185539423545304949e+00,-3.588783365675441983e-01,-2.213580704648213104e-01,0.000000000000000000e+00,-0.000000000000000000e+00,0.000000000000000000e+00,-0.000000000000000000e+00,0.000000000000000000e+00,-4.927355695127676460e-01,-0.000000000000000000e+00,0.000000000000000000e+00,2.262734732417831518e-01,-0.000000000000000000e+00,-0.000000000000000000e+00,0.000000000000000000e+00,-0.000000000000000000e+00,0.000000000000000000e+00,-2.525619414935871831e-01,-0.000000000000000000e+00,0.000000000000000000e+00
0.000000000000000000e+00,0.000000000000000000e+00,-0.000000000000000000e+00,-0.000000000000000000e+00,0.000000000000000000e+00,-1.378480736321452960e-01,-0.000000000000000000e+00,0.000000000000000000e+00,0.000000000000000000e+00,-0.000000000000000000e+00,-0.000000000000000000e+00,0.000000000000000000e+00,-0.000000000000000000e+00,-0.000000000000000000e+00,-5.177051955503079311e-02,0.000000000000000000e+00,0.000000000000000000e+00,-0.000000000000000000e+00,0.000000000000000000e+00,-3.588783365675441983e-01,1.734286101177256123e+00,-2.700270908101768189e-02,0.000000000000000000e+00,-0.000000000000000000e+00,0.000000000000000000e+00,-0.000000000000000000e+00,0.000000000000000000e+00,-4.562458444777132138e-01,-8.797177599480586474e-02,0.000000000000000000e+00,0.000000000000000000e+00,-1.526104620227183850e-02,-3.224910493975305936e-01,0.000000000000000000e+00,-0.000000000000000000e+00,0.000000000000000000e+00,-5.400537464953537176e-02,-0.000000000000000000e+00,0.000000000000000000e+00
0.000000000000000000e+00,-0.000000000000000000e+00,0.000000000000000000e+00,0.000000000000000000e+00,0.000000000000000000e+00,-0.000000000000000000e+00,-0.000000000000000000e+00,-0.000000000000000000e+00,0.000000000000000000e+00,0.000000000000000000e+00,-0.000000000000000000e+00,0.000000000000000000e+00,-2.362726460162302700e-01,0.000000000000000000e+00,0.000000000000000000e+00,-0.000000000000000000e+00,0.000000000000000000e+00,0.000000000000000000e+00,0.000000000000000000e+00,-2.213580704648213104e-01,-2.700270908101768189e-02,1.174579838523678532e+00,0.000000000000000000e+00,0.000000000000000000e+00,0.000000000000000000e+00,0.000000000000000000e+00,0.000000000000000000e+00,-0.000000000000000000e+00,0.000000000000000000e+00,0.000000000000000000e+00,2.346098843741505069e-02,-0.000000000000000000e+00,-7.944615869278570663e-02,4.811431744449379440e-03,0.000000000000000000e+00,-0.000000000000000000e+00,-0.000000000000000000e+00,0.000000000000000000e+00,0.000000000000000000e+00
-0.000000000000000000e+00,-0.000000000000000000e+00,-0.000000000000000000e+00,1.802609565474027828e-02,-7.778107603746721443e-02,0.000000000000000000e+00,1.334470397321151913e-01,0.000000000000000000e+00,-2.887883435645389185e-01,-0.000000000000000000e+00,-0.000000000000000000e+00,-0.000000000000000000e+00,0.000000000000000000e+00,-2.200350427670234310e-01,-0.000000000000000000e+00,-0.000000000000000000e+00,-0.000000000000000000e+00,-0.000000000000000000e+00,-0.000000000000000000e+00,0.000000000000000000e+00,0.000000000000000000e+00,0.000000000000000000e+00,1.830908441968529754e+00,-1.118850804662008674e-01,-7.797364311900246703e-01,-5.376407344149693873e-02,-0.000000000000000000e+00,0.000000000000000000e+00,-0.000000000000000000e+00,-0.000000000000000000e+00,-0.000000000000000000e+00,0.000000000000000000e+00,-0.000000000000000000e+00,-0.000000000000000000e+00,-0.000000000000000000e+00,-8.792811973055279784e-03,0.000000000000000000e+00,-0.000000000000000000e+00,-0.000000000000000000e+00
-0.000000000000000000e+00,-0.000000000000000000e+00,-1.557845135835914455e-02,0.000000000000000000e+00,-0.000000000000000000e+00,-7.687114986333755395e-02,0.000000000000000000e+00,7.613664218385986227e-02,-1.974200814413294702e-02,-0.000000000000000000e+00,-0.000000000000000000e+00,0.000000000000000000e+00,-0.000000000000000000e+00,-7.248459061845010654e-01,-1.330574847850191089e-02,-0.000000000000000000e+00,-0.000000000000000000e+00,-0.000000000000000000e+00,-0.000000000000000000e+00,-0.000000000000000000e+00,-0.000000000000000000e+00,0.000000000000000000e+00,-1.118850804662008674e-01,2.094328728502370840e+00,-0.000000000000000000e+00,-3.118010550207049314e-01,-0.000000000000000000e+00,-1.746878607502048431e-01,-3.101265305427629571e-01,-0.000000000000000000e+00,-0.000000000000000000e+00,-2.799959253745277765e-01,-0.000000000000000000e+00,-0.000000000000000000e+00,-0.000000000000000000e+00,0.000000000000000000e+00,-0.000000000000000000e+00,-8.534018741126321583e-02,-0.000000000000000000e+00
-1.244678421658001882e-01,-2.595002403697721505e-01,-5.821478176078203476e-02,0.000000000000000000e+00,-0.000000000000000000e+00,0.000000000000000000e+00,4.313810510777362633e-02,0.000000000000000000e+00,-2.511637660884451506e-01,-0.000000000000000000e+00,-0.000000000000000000e+00,-0.000000000000000000e+00,0.000000000000000000e+00,-0.000000000000000000e+00,-0.000000000000000000e+00,-0.000000000000000000e+00,-1.716589745628177288e-01,-0.000000000000000000e+00,-0.000000000000000000e+00,0.000000000000000000e+00,0.000000000000000000e+00,0.000000000000000000e+00,-7.797364311900246703e-01,-0.000000000000000000e+00,2.029960549659429958e+00,-0.000000000000000000e+00,-9.504458064234511117e-02,0.000000000000000000e+00,0.000000000000000000e+00,-7.247006781551058874e-02,-0.000000000000000000e+00,0.000000000000000000e+00,-0.000000000000000000e+00,-0.000000000000000000e+00,0.000000000000000000e+00,-4.693528863975344328e-02,8.062440059116797106e-03,-0.000000000000000000e+00,-8.684168533019805125e-02
-0.000000000000000000e+00,-0.000000000000000000e+00,-5.667896532104733237e-02,0.000000000000000000e+00,-1.272293213725427807e-01,-0.000000000000000000e+00,0.000000000000000000e+00,1.371048468722527447e-01,-5.445970297088434942e-01,-1.608012838258967292e-01,-1.100243029937614109e-01,0.000000000000000000e+00,0.000000000000000000e+00,-9.465320463828064135e-02,-1.446645107259184049e-01,-0.000000000000000000e+00,-0.000000000000000000e+00,-3.412506058589281910e-01,-0.000000000000000000e+00,-0.000000000000000000e+00,-0.000000000000000000e+00,0.000000000000000000e+00,-5.376407344149693873e-02,-3.118010550207049314e-01,-0.000000000000000000e+00,2.374626295898543127e+00,-2.364333500683827305e-01,-0.000000000000000000e+00,-1.220829341436057008e-01,-4.289272262565035215e-02,-0.000000000000000000e+00,-0.000000000000000000e+00,-0.000000000000000000e+00,-0.000000000000000000e+00,-2.582363067122492306e-01,0.000000000000000000e+00,-0.000000000000000000e+00,-1.013628877265828065e-01,-0.000000000000000000e+00
-1.381261418128814158e-02,-1.352482651188210150e-01,-7.935246577052891548e-02,0.000000000000000000e+00,-1.220664413755036676e-01,0.000000000000000000e+00,0.000000000000000000e+00,0.000000000000000000e+00,-1.960254037221230428e-01,-0.000000000000000000e+00,-0.000000000000000000e+00,-0.000000000000000000e+00,0.000000000000000000e+00,-0.000000000000000000e+00,0.000000000000000000e+00,-1.149330759857839085e-01,-1.324861647022536615e-01,-0.000000000000000000e+00,-1.059756157884857719e-01,0.000000000000000000e+00,0.000000000000000000e+00,0.000000000000000000e+00,-0.000000000000000000e+00,-0.000000000000000000e+00,-9.504458064234511117e-02,-2.364333500683827305e-01,1.667148100686943968e+00,0.000000000000000000e+00,0.000000000000000000e+00,-0.000000000000000000e+00,-1.600757476475582197e-01,-0.000000000000000000e+00,-0.000000000000000000e+00,-2.052519659285845233e-01,0.000000000000000000e+00,-0.000000000000000000e+00,0.000000000000000000e+00,-0.000000000000000000e+00,-0.000000000000000000e+00
0.000000000000000000e+00,-0.000000000000000000e+00,-0.000000000000000000e+00,-0.000000000000000000e+00,-0.000000000000000000e+00,-2.818856444616892887e-01,-2.152857334096884845e-01,0.000000000000000000e+00,-0.000000000000000000e+00,-0.000000000000000000e+00,-2.324566666570178630e-01,1.690441463364778796e-01,-1.325850149766010788e-01,-0.000000000000000000e+00,-0.000000000000000000e+00,-0.000000000000000000e+00,0.000000000000000000e+00,-0.000000000000000000e+00,0.000000000000000000e+00,-4.927355695127676460e-01,-4.562458444777132138e-01,-0.000000000000000000e+00,0.000000000000000000e+00,-1.746878607502048431e-01,0.000000000000000000e+00,-0.000000000000000000e+00,0.000000000000000000e+00,2.620779820118324555e+00,-1.084581470436969675e-01,0.000000000000000000e+00,0.000000000000000000e+00,-2.123984876371594610e-01,-5.010850870838672033e-02,0.000000000000000000e+00,-0.000000000000000000e+00,0.000000000000000000e+00,-5.483221050000455232e-01,-0.000000000000000000e+00,0.000000000000000000e+00
-0.000000000000000000e+00,-0.000000000000000000e+00,0.000000000000000000e+00,-0.000000000000000000e+00,-0.000000000000000000e+00,-2.109040386202871986e-01,-0.000000000000000000e+00,-0.000000000000000000e+00,-0.000000000000000000e+00,-1.198016054605452463e-01,-0.000000000000000000e+00,0.000000000000000000e+00,-0.000000000000000000e+00,-0.000000000000000000e+00,-2.089959494049662136e-01,0.000000000000000000e+00,0.000000000000000000e+00,-2.980882040200596994e-02,0.000000000000000000e+00,-0.000000000000000000e+00,-8.797177599480586474e-02,0.000000000000000000e+00,-0.000000000000000000e+00,-3.101265305427629571e-01,0.000000000000000000e+00,-1.220829341436057008e-01,0.000000000000000000e+00,-1.084581470436969675e-01,2.539870357034553994e+00,-0.000000000000000000e+00,0.000000000000000000e+00,-1.938985500220062053e-01,0.000000000000000000e+00,0.000000000000000000e+00,-1.099646208361936495e+00,3.576251002996758827e-02,-1.367918758581202210e-01,-1.941905829225159807e-01,0.000000000000000000e+00
-3.974607183052488169e-01,-1.348667717012770051e-01,-0.000000000000000000e+00,0.000000000000000000e+00,-0.000000000000000000e+00,0.000000000000000000e+00,0.000000000000000000e+00,0.000000000000000000e+00,-6.929246770890329365e-01,-3.763279601746134517e-01,-0.000000000000000000e+00,-0.000000000000000000e+00,-0.000000000000000000e+00,-3.153413385210793868e-02,-0.000000000000000000e+00,-3.766241064813122263e-01,-0.000000000000000000e+00,-3.161784873625652637e-01,-1.646283393457504129e-01,0.000000000000000000e+00,0.000000000000000000e+00,0.000000000000000000e+00,-0.000000000000000000e+00,-0.000000000000000000e+00,-7.247006781551058874e-02,-4.289272262565035215e-02,-0.000000000000000000e+00,0.000000000000000000e+00,-0.000000000000000000e+00,2.610308242659633127e+00,-0.000000000000000000e+00,-0.000000000000000000e+00,-0.000000000000000000e+00,-1.770983518637262999e-01,-0.000000000000000000e+00,0.000000000000000000e+00,0.000000000000000000e+00,-0.000000000000000000e+00,-0.000000000000000000e+00
-0.000000000000000000e+00,0.000000000000000000e+00,-3.527856740251286150e-01,0.000000000000000000e+00,-1.927963152592060692e-01,0.000000000000000000e+00,0.000000000000000000e+00,1.818208148794018819e-01,-0.000000000000000000e+00,0.000000000000000000e+00,-0.000000000000000000e+00,-0.000000000000000000e+00,9.444469395885791707e-01,-0.000000000000000000e+00,0.000000000000000000e+00,-0.000000000000000000e+00,-0.000000000000000000e+00,-0.000000000000000000e+00,-0.000000000000000000e+00,2.262734732417831518e-01,0.000000000000000000e+00,2.346098843741505069e-02,-0.000000000000000000e+00,-0.000000000000000000e+00,-0.000000000000000000e+00,-0.000000000000000000e+00,-1.600757476475582197e-01,0.000000000000000000e+00,0.000000000000000000e+00,-0.000000000000000000e+00,2.344374705624537647e+00,0.000000000000000000e+00,0.000000000000000000e+00,-3.536078602858025444e-01,0.000000000000000000e+00,-1.460888007201682770e-01,2.458403351165832917e-01,0.000000000000000000e+00,-0.000000000000000000e+00
-0.000000000000000000e+00,-0.000000000000000000e+00,0.000000000000000000e+00,-0.000000000000000000e+00,0.000000000000000000e+00,-7.880609714745657746e-01,-0.000000000000000000e+00,-0.000000000000000000e+00,-0.000000000000000000e+00,-0.000000000000000000e+00,-0.000000000000000000e+00,0.000000000000000000e+00,-4.441528309879019809e-02,-0.000000000000000000e+00,-0.000000000000000000e+00,0.000000000000000000e+00,-0.000000000000000000e+00,-0.000000000000000000e+00,0.000000000000000000e+00,-0.000000000000000000e+00,-1.526104620227183850e-02,-0.000000000000000000e+00,0.000000000000000000e+00,-2.799959253745277765e-01,0.000000000000000000e+00,-0.000000000000000000e+00,-0.000000000000000000e+00,-2.123984876371594610e-01,-1.938985500220062053e-01,-0.000000000000000000e+00,0.000000000000000000e+00,2.492026923181034803e+00,-0.000000000000000000e+00,0.000000000000000000e+00,-0.000000000000000000e+00,0.000000000000000000e+00,-7.355342121592182147e-01,-1.911649087067979758e-01,-0.000000000000000000e+00
-0.000000000000000000e+00,-0.000000000000000000e+00,-1.040603317173384723e-01,-0.000000000000000000e+00,-0.000000000000000000e+00,-0.000000000000000000e+00,0.000000000000000000e+00,1.380872525296331921e-01,-0.000000000000000000e+00,-0.000000000000000000e+00,-1.968193591967332678e-01,-0.000000000000000000e+00,-2.147957489053288760e-01,-1.043041518755887520e-01,-1.993937163042600325e-01,-0.000000000000000000e+00,-0.000000000000000000e+00,-0.000000000000000000e+00,-0.000000000000000000e+00,-0.000000000000000000e+00,-3.224910493975305936e-01,-7.944615869278570663e-02,-0.000000000000000000e+00,-0.000000000000000000e+00,-0.000000000000000000e+00,-0.000000000000000000e+00,-0.000000000000000000e+00,-5.010850870838672033e-02,0.000000000000000000e+00,-0.000000000000000000e+00,0.000000000000000000e+00,-0.000000000000000000e+00,1.412438749304266050e+00,-0.000000000000000000e+00,0.000000000000000000e+00,-0.000000000000000000e+00,-0.000000000000000000e+00,-0.000000000000000000e+00,-0.000000000000000000e+00
-2.101671084863424022e-01,-0.000000000000000000e+00,-3.877991960658732501e-02,-0.000000000000000000e+00,-2.988974004490372455e-02,0.000000000000000000e+00,0.000000000000000000e+00,0.000000000000000000e+00,-0.000000000000000000e+00,-0.000000000000000000e+00,-0.000000000000000000e+00,-3.605814855388597140e-01,0.000000000000000000e+00,-0.000000000000000000e+00,0.000000000000000000e+00,-2.330929865992868374e-02,-3.306437664352849248e-01,-7.268595627325645514e-02,-1.266698200291296039e-01,0.000000000000000000e+00,0.000000000000000000e+00,4.811431744449379440e-03,-0.000000000000000000e+00,-0.000000000000000000e+00,-0.000000000000000000e+00,-0.000000000000000000e+00,-2.052519659285845233e-01,0.000000000000000000e+00,0.000000000000000000e+00,-1.770983518637262999e-01,-3.536078602858025444e-01,0.000000000000000000e+00,-0.000000000000000000e+00,1.989739392589380040e+00,0.000000000000000000e+00,-0.000000000000000000e+00,0.000000000000000000e+00,-0.000000000000000000e+00,-1.956750771451763182e-01
0.000000000000000000e+00,0.000000000000000000e+00,0.000000000000000000e+00,-0.000000000000000000e+00,-0.000000000000000000e+00,-1.133780621359735674e-01,-0.000000000000000000e+00,-0.000000000000000000e+00,-0.000000000000000000e+00,-0.000000000000000000e+00,-0.000000000000000000e+00,4.139572745791240127e-01,0.000000000000000000e+00,-0.000000000000000000e+00,-0.000000000000000000e+00,0.000000000000000000e+00,0.000000000000000000e+00,-0.000000000000000000e+00,0.000000000000000000e+00,-0.000000000000000000e+00,-0.000000000000000000e+00,0.000000000000000000e+00,-0.000000000000000000e+00,-0.000000000000000000e+00,0.000000000000000000e+00,-2.582363067122492306e-01,0.000000000000000000e+00,-0.000000000000000000e+00,-1.099646208361936495e+00,-0.000000000000000000e+00,0.000000000000000000e+00,-0.000000000000000000e+00,0.000000000000000000e+00,0.000000000000000000e+00,2.109950343610614176e+00,3.351359616598492686e-02,-1.224507435262810612e-01,-0.000000000000000000e+00,1.212270312763608499e-01
0.000000000000000000e+00,-0.000000000000000000e+00,-9.184418232215026123e-02,0.000000000000000000e+00,-3.193284800830535897e-01,0.000000000000000000e+00,-0.000000000000000000e+00,0.000000000000000000e+00,0.000000000000000000e+00,0.000000000000000000e+00,-0.000000000000000000e+00,-0.000000000000000000e+00,0.000000000000000000e+00,-0.000000000000000000e+00,0.000000000000000000e+00,-0.000000000000000000e+00,-0.000000000000000000e+00,0.000000000000000000e+00,0.000000000000000000e+00,0.000000000000000000e+00,0.000000000000000000e+00,-0.000000000000000000e+00,-8.792811973055279784e-03,0.000000000000000000e+00,-4.693528863975344328e-02,0.000000000000000000e+00,-0.000000000000000000e+00,0.000000000000000000e+00,3.576251002996758827e-02,0.000000000000000000e+00,-1.460888007201682770e-01,0.000000000000000000e+00,-0.000000000000000000e+00,-0.000000000000000000e+00,3.351359616598492686e-02,1.186632077537762120e+00,0.000000000000000000e+00,0.000000000000000000e+00,-0.000000000000000000e+00
0.000000000000000000e+00,-0.000000000000000000e+00,0.000000000000000000e+00,-0.000000000000000000e+00,0.000000000000000000e+00,-6.344747812497707473e-01,-0.000000000000000000e+00,-0.000000000000000000e+00,-0.000000000000000000e+00,-0.000000000000000000e+00,0.000000000000000000e+00,1.514296825436297345e-01,-0.000000000000000000e+00,-0.000000000000000000e+00,-0.000000000000000000e+00,0.000000000000000000e+00,6.363982627255211763e-04,-0.000000000000000000e+00,0.000000000000000000e+00,-2.525619414935871831e-01,-5.400537464953537176e-02,-0.000000000000000000e+00,0.000000000000000000e+00,-0.000000000000000000e+00,8.062440059116797106e-03,-0.000000000000000000e+00,0.000000000000000000e+00,-5.483221050000455232e-01,-1.367918758581202210e-01,0.000000000000000000e+00,2.458403351165832917e-01,-7.355342121592182147e-01,-0.000000000000000000e+00,0.000000000000000000e+00,-1.224507435262810612e-01,0.000000000000000000e+00,2.750696620223718636e+00,-0.000000000000000000e+00,0.000000000000000000e+00
-4.131143780245966624e-01,-6.625633636967572133e-03,-0.000000000000000000e+00,0.000000000000000000e+00,-0.000000000000000000e+00,-0.000000000000000000e+00,0.000000000000000000e+00,0.000000000000000000e+00,-2.664792164838859501e-01,-1.892220074004344332e-01,-2.835178701045151795e-01,-0.000000000000000000e+00,-0.000000000000000000e+00,-0.000000000000000000e+00,-1.608880978553618168e-01,-0.000000000000000000e+00,-1.899618377779194178e-01,-0.000000000000000000e+00,-0.000000000000000000e+00,-0.000000000000000000e+00,-0.000000000000000000e+00,0.000000000000000000e+00,-0.000000000000000000e+00,-8.534018741126321583e-02,-0.000000000000000000e+00,-1.013628877265828065e-01,-0.000000000000000000e+00,-0.000000000000000000e+00,-1.941905829225159807e-01,-0.000000000000000000e+00,0.000000000000000000e+00,-1.911649087067979758e-01,-0.000000000000000000e+00,-0.000000000000000000e+00,-0.000000000000000000e+00,0.000000000000000000e+00,-0.000000000000000000e+00,1.984138649420109868e+00,-6.310984454933991905e-02
-1.534924011292099211e-01,-7.313191643367591421e-01,-0.000000000000000000e+00,0.000000000000000000e+00,-0.000000000000000000e+00,0.000000000000000000e+00,0.000000000000000000e+00,0.000000000000000000e+00,-1.227784427099761280e-02,-0.000000000000000000e+00,0.000000000000000000e+00,-4.003871899893023945e-01,-0.000000000000000000e+00,-0.000000000000000000e+00,0.000000000000000000e+00,-0.000000000000000000e+00,-2.622452088398671277e-01,-0.000000000000000000e+00,-8.037340627451354524e-02,0.000000000000000000e+00,0.000000000000000000e+00,0.000000000000000000e+00,-0.000000000000000000e+00,-0.000000000000000000e+00,-8.684168533019805125e-02,-0.000000000000000000e+00,-0.000000000000000000e+00,0.000000000000000000e+00,0.000000000000000000e+00,-0.000000000000000000e+00,-0.000000000000000000e+00,-0.000000000000000000e+00,-0.000000000000000000e+00,-1.956750771451763182e-01,1.212270312763608499e-01,-0.000000000000000000e+00,0.000000000000000000e+00,-6.310984454933991905e-02,2.065931366129422742e+00
