2.636241703498288569e+00,-6.684072690878780643e-01,-0.000000000000000000e+00,-0.000000000000000000e+00,-1.078001934679797130e-01,0.000000000000000000e+00,-0.000000000000000000e+00,0.000000000000000000e+00,-2.845022069486897731e-01,-0.000000000000000000e+00,-0.000000000000000000e+00,-0.000000000000000000e+00,3.606141775703550212e-01,-5.687347937588644875e-01,0.000000000000000000e+00,-0.000000000000000000e+00,-5.883799439728228109e-02,-0.000000000000000000e+00,-0.000000000000000000e+00,0.000000000000000000e+00,0.000000000000000000e+00,-0.000000000000000000e+00,0.000000000000000000e+00,0.000000000000000000e+00,0.000000000000000000e+00,-5.213859759870665966e-01,-9.301425322541068130e-02,-0.000000000000000000e+00,-1.359293957117204132e-01,-0.000000000000000000e+00,-0.000000000000000000e+00,-0.000000000000000000e+00,-0.000000000000000000e+00,-0.000000000000000000e+00,-0.000000000000000000e+00,-0.000000000000000000e+00,-0.000000000000000000e+00,-0.000000000000000000e+00,-0.000000000000000000e+00
-6.684072690878780643e-01,2.499171524604585581e+00,-4.222531541110697423e-02,-0.000000000000000000e+00,-6.830453643123843288e-02,0.000000000000000000e+00,-0.000000000000000000e+00,4.710534810210364326e-02,-4.134680576609096603e-01,-6.106296008625979044e-02,-0.000000000000000000e+00,-0.000000000000000000e+00,0.000000000000000000e+00,-0.000000000000000000e+00,-0.000000000000000000e+00,-1.198837082842712926e-01,-0.000000000000000000e+00,-0.000000000000000000e+00,-3.292719888539344386e-02,0.000000000000000000e+00,0.000000000000000000e+00,-0.000000000000000000e+00,-0.000000000000000000e+00,0.000000000000000000e+00,0.000000000000000000e+00,-3.615527869600115851e-01,-0.000000000000000000e+00,-0.000000000000000000e+00,-1.405166635178350595e-02,-0.000000000000000000e+00,-0.000000000000000000e+00,-4.323439573969458105e-01,-0.000000000000000000e+00,-2.910797671952835564e-01,0.000000000000000000e+00,-0.000000000000000000e+00,-0.000000000000000000e+00,-1.213794813058189648e-01,-9.326680345883722745e-02
-0.000000000000000000e+00,-4.222531541110697423e-02,2.865977295920238976e+00,-0.000000000000000000e+00,-5.316754922148578810e-01,0.000000000000000000e+00,-4.424615778568392888e-02,1.047264543389408331e+00,-0.000000000000000000e+00,-2.488330111971586434e-01,-0.000000000000000000e+00,-0.000000000000000000e+00,0.000000000000000000e+00,-0.000000000000000000e+00,0.000000000000000000e+00,-9.801614130265523528e-02,0.000000000000000000e+00,-1.850575865392015684e-01,-0.000000000000000000e+00,-4.853558579911037424e-02,-9.883846522511134658e-02,-6.868527467699879485e-02,-0.000000000000000000e+00,-0.000000000000000000e+00,-0.000000000000000000e+00,-0.000000000000000000e+00,-3.027776145559565868e-01,-0.000000000000000000e+00,-0.000000000000000000e+00,-0.000000000000000000e+00,-0.000000000000000000e+00,-0.000000000000000000e+00,-3.585799162876945889e-01,-0.000000000000000000e+00,0.000000000000000000e+00,-0.000000000000000000e+00,-0.000000000000000000e+00,0.000000000000000000e+00,-0.000000000000000000e+00
-0.000000000000000000e+00,-0.000000000000000000e+00,-0.000000000000000000e+00,1.429511644294976458e+00,-0.000000000000000000e+00,0.000000000000000000e+00,-2.880869173992327559e-01,0.000000000000000000e+00,0.000000000000000000e+00,-0.000000000000000000e+00,-0.000000000000000000e+00,-0.000000000000000000e+00,-0.000000000000000000e+00,-0.000000000000000000e+00,0.000000000000000000e+00,-0.000000000000000000e+00,-0.000000000000000000e+00,-0.000000000000000000e+00,-0.000000000000000000e+00,-4.081030268236710556e-01,-1.300701821125571089e-01,-1.745723923594440577e-02,-0.000000000000000000e+00,-0.000000000000000000e+00,-0.000000000000000000e+00,-0.000000000000000000e+00,-9.672305000552080048e-03,-1.611960940641526674e-01,-0.000000000000000000e+00,-0.000000000000000000e+00,-0.000000000000000000e+00,-0.000000000000000000e+00,-0.000000000000000000e+00,0.000000000000000000e+00,-0.000000000000000000e+00,-0.000000000000000000e+00,0.000000000000000000e+00,0.000000000000000000e+00,1.438054247702943989e-01
-1.078001934679797130e-01,-6.830453643123843288e-02,-5.316754922148578810e-01,-0.000000000000000000e+00,2.572030506258926152e+00,0.000000000000000000e+00,-0.000000000000000000e+00,6.339722042925787227e-01,-5.124016144069246659e-01,-0.000000000000000000e+00,-0.000000000000000000e+00,-0.000000000000000000e+00,0.000000000000000000e+00,-3.115791832649372761e-01,-0.000000000000000000e+00,-3.485292709843358649e-03,-0.000000000000000000e+00,-1.866248645620375846e-01,-0.000000000000000000e+00,-0.000000000000000000e+00,-0.000000000000000000e+00,-0.000000000000000000e+00,-0.000000000000000000e+00,0.000000000000000000e+00,-0.000000000000000000e+00,-0.000000000000000000e+00,-8.172732651784776758e-02,-0.000000000000000000e+00,-0.000000000000000000e+00,-1.998216208442064601e-01,-0.000000000000000000e+00,-0.000000000000000000e+00,-0.000000000000000000e+00,-0.000000000000000000e+00,0.000000000000000000e+00,-0.000000000000000000e+00,-0.000000000000000000e+00,-0.000000000000000000e+00,-0.000000000000000000e+00
0.000000000000000000e+00,0.000000000000000000e+00,0.000000000000000000e+00,0.000000000000000000e+00,0.000000000000000000e+00,3.370311146323714535e+00,0.000000000000000000e+00,-0.000000000000000000e+00,0.000000000000000000e+00,-0.000000000000000000e+00,4.214898823380222592e-01,0.000000000000000000e+00,0.000000000000000000e+00,-0.000000000000000000e+00,1.541262663288728296e-01,-0.000000000000000000e+00,9.727484638986313992e-02,0.000000000000000000e+00,0.000000000000000000e+00,0.000000000000000000e+00,-0.000000000000000000e+00,0.000000000000000000e+00,-6.420081424067134446e-01,-6.794316768754300462e-01,-4.890162552267717788e-01,0.000000000000000000e+00,-0.000000000000000000e+00,3.353984247674526298e-01,0.000000000000000000e+00,-0.000000000000000000e+00,-0.000000000000000000e+00,-0.000000000000000000e+00,-0.000000000000000000e+00,0.000000000000000000e+00,-1.182181106491703021e-01,2.899615678537175723e-01,-5.928301147906585022e-01,-0.000000000000000000e+00,-0.000000000000000000e+00
-0.000000000000000000e+00,-0.000000000000000000e+00,-4.424615778568392888e-02,-2.880869173992327559e-01,-0.000000000000000000e+00,0.000000000000000000e+00,1.815619081287619174e+00,8.276545018213592175e-02,0.000000000000000000e+00,-0.000000000000000000e+00,-0.000000000000000000e+00,1.473746487233774383e-01,0.000000000000000000e+00,-0.000000000000000000e+00,0.000000000000000000e+00,-0.000000000000000000e+00,-0.000000000000000000e+00,-0.000000000000000000e+00,-0.000000000000000000e+00,-0.000000000000000000e+00,-1.849835085990455541e-01,-2.391722536288748702e-01,0.000000000000000000e+00,0.000000000000000000e+00,0.000000000000000000e+00,-1.291922472218867968e-01,-1.157903408199193185e-01,-4.759441837827389499e-01,-0.000000000000000000e+00,0.000000000000000000e+00,-1.804504624696934012e-01,0.000000000000000000e+00,-0.000000000000000000e+00,0.000000000000000000e+00,0.000000000000000000e+00,-0.000000000000000000e+00,0.000000000000000000e+00,0.000000000000000000e+00,2.599582384991867140e-02
0.000000000000000000e+00,4.710534810210364326e-02,1.047264543389408331e+00,0.000000000000000000e+00,6.339722042925787227e-01,-0.000000000000000000e+00,8.276545018213592175e-02,2.853065235722638260e+00,0.000000000000000000e+00,0.000000000000000000e+00,0.000000000000000000e+00,0.000000000000000000e+00,-0.000000000000000000e+00,0.000000000000000000e+00,0.000000000000000000e+00,0.000000000000000000e+00,0.000000000000000000e+00,2.565995034506038941e-01,0.000000000000000000e+00,0.000000000000000000e+00,0.000000000000000000e+00,0.000000000000000000e+00,-0.000000000000000000e+00,-0.000000000000000000e+00,-0.000000000000000000e+00,4.134759165416113103e-01,6.194177993306766022e-02,2.140369756488494646e-01,0.000000000000000000e+00,0.000000000000000000e+00,0.000000000000000000e+00,0.000000000000000000e+00,0.000000000000000000e+00,1.625753218519216670e-01,-0.000000000000000000e+00,0.000000000000000000e+00,-0.000000000000000000e+00,-0.000000000000000000e+00,0.000000000000000000e+00
-2.845022069486897731e-01,-4.134680576609096603e-01,-0.000000000000000000e+00,0.000000000000000000e+00,-5.124016144069246659e-01,0.000000000000000000e+00,0.000000000000000000e+00,0.000000000000000000e+00,2.165890148863621523e+00,-0.000000000000000000e+00,-0.000000000000000000e+00,-0.000000000000000000e+00,0.000000000000000000e+00,-1.749956231057095690e-01,-0.000000000000000000e+00,-0.000000000000000000e+00,-0.000000000000000000e+00,-0.000000000000000000e+00,-0.000000000000000000e+00,0.000000000000000000e+00,0.000000000000000000e+00,0.000000000000000000e+00,-0.000000000000000000e+00,0.000000000000000000e+00,-0.000000000000000000e+00,-0.000000000000000000e+00,-0.000000000000000000e+00,-0.000000000000000000e+00,-0.000000000000000000e+00,-0.000000000000000000e+00,-0.000000000000000000e+00,-3.813864359804883253e-02,-0.000000000000000000e+00,-1.623649682835828501e-01,0.000000000000000000e+00,-0.000000000000000000e+00,-0.000000000000000000e+00,-3.604983505125091137e-01,-3.271889273748173066e-01
-0.000000000000000000e+00,-6.106296008625979044e-02,-2.488330111971586434e-01,-0.000000000000000000e+00,-0.000000000000000000e+00,-0.000000000000000000e+00,-0.000000000000000000e+00,0.000000000000000000e+00,-0.000000000000000000e+00,3.050325428912455283e+00,0.000000000000000000e+00,-0.000000000000000000e+00,0.000000000000000000e+00,-0.000000000000000000e+00,-0.000000000000000000e+00,-1.120615052922615318e+00,0.000000000000000000e+00,-4.173405482060030952e-02,-2.627623674504184770e-01,-0.000000000000000000e+00,-0.000000000000000000e+00,-0.000000000000000000e+00,-0.000000000000000000e+00,-0.000000000000000000e+00,-2.808344844408700025e-02,-0.000000000000000000e+00,-3.901396439473445166e-02,-0.000000000000000000e+00,-0.000000000000000000e+00,-8.513551032225701309e-01,-1.883628272450575125e-01,-1.683472219686878435e-01,-2.235605687981606915e-01,-0.000000000000000000e+00,-0.000000000000000000e+00,-0.000000000000000000e+00,-0.000000000000000000e+00,-0.000000000000000000e+00,-0.000000000000000000e+00
-0.000000000000000000e+00,-0.000000000000000000e+00,-0.000000000000000000e+00,-0.000000000000000000e+00,-0.000000000000000000e+00,4.214898823380222592e-01,-0.000000000000000000e+00,0.000000000000000000e+00,-0.000000000000000000e+00,0.000000000000000000e+00,2.658514691434672450e+00,-0.000000000000000000e+00,-0.000000000000000000e+00,-0.000000000000000000e+00,-2.137125675486058751e-01,0.000000000000000000e+00,-9.257874311070084516e-01,-0.000000000000000000e+00,-0.000000000000000000e+00,-0.000000000000000000e+00,0.000000000000000000e+00,-5.997975933326041981e-02,9.705204027554546753e-02,1.462512645794670496e-01,1.813557214667755602e-01,-0.000000000000000000e+00,0.000000000000000000e+00,-8.437837555096064368e-02,-0.000000000000000000e+00,0.000000000000000000e+00,0.000000000000000000e+00,0.000000000000000000e+00,0.000000000000000000e+00,-1.150607788477659710e-01,0.000000000000000000e+00,-2.700970444156666761e-01,3.182969582709498924e-01,0.000000000000000000e+00,0.000000000000000000e+00
-0.000000000000000000e+00,-0.000000000000000000e+00,-0.000000000000000000e+00,-0.000000000000000000e+00,-0.000000000000000000e+00,0.000000000000000000e+00,1.473746487233774383e-01,0.000000000000000000e+00,-0.000000000000000000e+00,-0.000000000000000000e+00,-0.000000000000000000e+00,2.047566309828769082e+00,-0.000000000000000000e+00,-0.000000000000000000e+00,-7.557802994405521391e-01,-0.000000000000000000e+00,-0.000000000000000000e+00,-2.531272373418332888e-01,-1.121209119582429886e-01,-0.000000000000000000e+00,0.000000000000000000e+00,-0.000000000000000000e+00,0.000000000000000000e+00,0.000000000000000000e+00,-0.000000000000000000e+00,-0.000000000000000000e+00,0.000000000000000000e+00,-0.000000000000000000e+00,-0.000000000000000000e+00,-8.268335986833340312e-02,0.000000000000000000e+00,-0.000000000000000000e+00,0.000000000000000000e+00,-5.142769539963337744e-01,0.000000000000000000e+00,-4.628997972260000954e-02,0.000000000000000000e+00,-0.000000000000000000e+00,-2.439800014756937363e-01
3.606141775703550212e-01,0.000000000000000000e+00,0.000000000000000000e+00,-0.000000000000000000e+00,0.000000000000000000e+00,0.000000000000000000e+00,0.000000000000000000e+00,-0.000000000000000000e+00,0.000000000000000000e+00,0.000000000000000000e+00,-0.000000000000000000e+00,-0.000000000000000000e+00,1.884072884164178063e+00,8.424906828408824933e-02,-0.000000000000000000e+00,1.066283299668268660e-02,0.000000000000000000e+00,-0.000000000000000000e+00,0.000000000000000000e+00,-8.053576777727543615e-03,0.000000000000000000e+00,0.000000000000000000e+00,0.000000000000000000e+00,-0.000000000000000000e+00,0.000000000000000000e+00,0.000000000000000000e+00,1.011209142829175463e-03,0.000000000000000000e+00,0.000000000000000000e+00,0.000000000000000000e+00,5.682215759269549915e-01,2.569622042636185988e-01,0.000000000000000000e+00,-0.000000000000000000e+00,0.000000000000000000e+00,-0.000000000000000000e+00,5.181208093067480869e-01,-0.000000000000000000e+00,-0.000000000000000000e+00
-5.687347937588644875e-01,-0.000000000000000000e+00,-0.000000000000000000e+00,-0.000000000000000000e+00,-3.115791832649372761e-01,-0.000000000000000000e+00,-0.000000000000000000e+00,0.000000000000000000e+00,-1.749956231057095690e-01,-0.000000000000000000e+00,-0.000000000000000000e+00,-0.000000000000000000e+00,8.424906828408824933e-02,2.145299963524251563e+00,0.000000000000000000e+00,-0.000000000000000000e+00,-0.000000000000000000e+00,-0.000000000000000000e+00,-0.000000000000000000e+00,0.000000000000000000e+00,-0.000000000000000000e+00,-0.000000000000000000e+00,-0.000000000000000000e+00,0.000000000000000000e+00,-0.000000000000000000e+00,-1.616364512284325372e-02,-0.000000000000000000e+00,-0.000000000000000000e+00,-5.777522588993198038e-01,-0.000000000000000000e+00,-1.233164147527636423e-01,-1.868807153570360147e-01,-0.000000000000000000e+00,-0.000000000000000000e+00,-0.000000000000000000e+00,0.000000000000000000e+00,-1.494971768453852989e-01,-0.000000000000000000e+00,-0.000000000000000000e+00
0.000000000000000000e+00,-0.000000000000000000e+00,0.000000000000000000e+00,0.000000000000000000e+00,-0.000000000000000000e+00,1.541262663288728296e-01,0.000000000000000000e+00,0.000000000000000000e+00,-0.000000000000000000e+00,-0.000000000000000000e+00,-2.137125675486058751e-01,-7.557802994405521391e-01,-0.000000000000000000e+00,0.000000000000000000e+00,2.439414639276508368e+00,-0.000000000000000000e+00,-0.000000000000000000e+00,-1.355497438679529043e-01,-4.476658155588998933e-01,-0.000000000000000000e+00,0.000000000000000000e+00,-0.000000000000000000e+00,1.259384654702970507e-02,0.000000000000000000e+00,0.000000000000000000e+00,-0.000000000000000000e+00,0.000000000000000000e+00,-0.000000000000000000e+00,-0.000000000000000000e+00,-0.000000000000000000e+00,3.820757592487872834e-01,-0.000000000000000000e+00,3.013927368347586733e-02,-2.483499621047350059e-01,1.253804352381474030e-01,-3.392688396298923492e-01,6.915746702841880922e-02,0.000000000000000000e+00,-0.000000000000000000e+00
-0.000000000000000000e+00,-1.198837082842712926e-01,-9.801614130265523528e-02,-0.000000000000000000e+00,-3.485292709843358649e-03,-0.000000000000000000e+00,-0.000000000000000000e+00,0.000000000000000000e+00,-0.000000000000000000e+00,-1.120615052922615318e+00,0.000000000000000000e+00,-0.000000000000000000e+00,1.066283299668268660e-02,-0.000000000000000000e+00,-0.000000000000000000e+00,2.811102131373750534e+00,0.000000000000000000e+00,-2.048541677034499409e-01,-1.578490300023858151e-01,-0.000000000000000000e+00,-0.000000000000000000e+00,-0.000000000000000000e+00,-4.758950972821814757e-02,-0.000000000000000000e+00,-1.430675085927696766e-01,-0.000000000000000000e+00,-1.195469902879446322e-01,-0.000000000000000000e+00,-0.000000000000000000e+00,-7.469210831797857830e-01,-3.857330001960184579e-02,-7.609954821273938463e-02,-2.029037443447484837e-02,-0.000000000000000000e+00,-0.000000000000000000e+00,-0.000000000000000000e+00,-0.000000000000000000e+00,-0.000000000000000000e+00,-0.000000000000000000e+00
-5.883799439728228109e-02,-0.000000000000000000e+00,0.000000000000000000e+00,-0.000000000000000000e+00,-0.000000000000000000e+00,9.727484638986313992e-02,-0.000000000000000000e+00,0.000000000000000000e+00,-0.000000000000000000e+00,0.000000000000000000e+00,-9.257874311070084516e-01,-0.000000000000000000e+00,0.000000000000000000e+00,-0.000000000000000000e+00,-0.000000000000000000e+00,0.000000000000000000e+00,2.002677393735021294e+00,-0.000000000000000000e+00,-0.000000000000000000e+00,0.000000000000000000e+00,0.000000000000000000e+00,-0.000000000000000000e+00,1.272150487172918898e-01,2.935996908583353715e-01,6.177164646170221068e-02,-1.615300696978536066e-01,0.000000000000000000e+00,-0.000000000000000000e+00,-5.175396305580832849e-03,0.000000000000000000e+00,0.000000000000000000e+00,-0.000000000000000000e+00,1.599605340572713558e-02,-4.370108381253010044e-02,0.000000000000000000e+00,-6.957603367154619779e-03,0.000000000000000000e+00,0.000000000000000000e+00,0.000000000000000000e+00
-0.000000000000000000e+00,-0.000000000000000000e+00,-1.850575865392015684e-01,-0.000000000000000000e+00,-1.866248645620375846e-01,0.000000000000000000e+00,-0.000000000000000000e+00,2.565995034506038941e-01,-0.000000000000000000e+00,-4.173405482060030952e-02,-0.000000000000000000e+00,-2.531272373418332888e-01,-0.000000000000000000e+00,-0.000000000000000000e+00,-1.355497438679529043e-01,-2.048541677034499409e-01,-0.000000000000000000e+00,2.161199300218762165e+00,-6.440351126210908106e-01,-0.000000000000000000e+00,-0.000000000000000000e+00,-0.000000000000000000e+00,0.000000000000000000e+00,0.000000000000000000e+00,-0.000000000000000000e+00,-0.000000000000000000e+00,-0.000000000000000000e+00,-0.000000000000000000e+00,-0.000000000000000000e+00,-8.284593269759521483e-02,-0.000000000000000000e+00,-0.000000000000000000e+00,-0.000000000000000000e+00,-2.124282001821026500e-01,0.000000000000000000e+00,-0.000000000000000000e+00,0.000000000000000000e+00,-0.000000000000000000e+00,-0.000000000000000000e+00
-0.000000000000000000e+00,-3.292719888539344386e-02,-0.000000000000000000e+00,-0.000000000000000000e+00,-0.000000000000000000e+00,0.000000000000000000e+00,-0.000000000000000000e+00,0.000000000000000000e+00,-0.000000000000000000e+00,-2.627623674504184770e-01,-0.000000000000000000e+00,-1.121209119582429886e-01,0.000000000000000000e+00,-0.000000000000000000e+00,-4.476658155588998933e-01,-1.578490300023858151e-01,-0.000000000000000000e+00,-6.440351126210908106e-01,2.299598792098980216e+00,-0.000000000000000000e+00,-0.000000000000000000e+00,-4.037797121826087743e-01,0.000000000000000000e+00,0.000000000000000000e+00,0.000000000000000000e+00,-8.044511206141703730e-02,-0.000000000000000000e+00,-6.621755833119248591e-02,-0.000000000000000000e+00,-0.000000000000000000e+00,-0.000000000000000000e+00,-0.000000000000000000e+00,0.000000000000000000e+00,-5.573413988659132318e-02,0.000000000000000000e+00,-2.456098022476650711e-01,0.000000000000000000e+00,0.000000000000000000e+00,0.000000000000000000e+00
0.000000000000000000e+00,0.000000000000000000e+00,-4.853558579911037424e-02,-4.081030268236710556e-01,-0.000000000000000000e+00,0.000000000000000000e+00,-0.000000000000000000e+00,0.000000000000000000e+00,0.000000000000000000e+00,-0.000000000000000000e+00,-0.000000000000000000e+00,-0.000000000000000000e+00,-8.053576777727543615e-03,0.000000000000000000e+00,-0.000000000000000000e+00,-0.000000000000000000e+00,0.000000000000000000e+00,-0.000000000000000000e+00,-0.000000000000000000e+00,1.702830174160436583e+00,-5.860962654322464660e-01,-3.801647166113730769e-01,-0.000000000000000000e+00,-0.000000000000000000e+00,-0.000000000000000000e+00,-0.000000000000000000e+00,-0.000000000000000000e+00,-0.000000000000000000e+00,0.000000000000000000e+00,-0.000000000000000000e+00,-0.000000000000000000e+00,0.000000000000000000e+00,-0.000000000000000000e+00,0.000000000000000000e+00,-0.000000000000000000e+00,-0.000000000000000000e+00,0.000000000000000000e+00,3.398600812573854962e-02,0.000000000000000000e+00
0.000000000000000000e+00,0.000000000000000000e+00,-9.883846522511134658e-02,-1.300701821125571089e-01,-0.000000000000000000e+00,-0.000000000000000000e+00,-1.849835085990455541e-01,0.000000000000000000e+00,0.000000000000000000e+00,-0.000000000000000000e+00,0.000000000000000000e+00,0.000000000000000000e+00,0.000000000000000000e+00,-0.000000000000000000e+00,0.000000000000000000e+00,-0.000000000000000000e+00,0.000000000000000000e+00,-0.000000000000000000e+00,-0.000000000000000000e+00,-5.860962654322464660e-01,2.218533950387282072e+00,-2.295066244039461745e-01,-0.000000000000000000e+00,-0.000000000000000000e+00,-0.000000000000000000e+00,-0.000000000000000000e+00,-1.300906415004758343e-01,-3.973009289510583131e-02,0.000000000000000000e+00,-0.000000000000000000e+00,-4.671364031816714335e-01,0.000000000000000000e+00,-5.258547917853374498e-01,2.756024464372861665e-02,-0.000000000000000000e+00,0.000000000000000000e+00,-0.000000000000000000e+00,5.389775211412495270e-02,0.000000000000000000e+00
-0.000000000000000000e+00,-0.000000000000000000e+00,-6.868527467699879485e-02,-1.745723923594440577e-02,-0.000000000000000000e+00,0.000000000000000000e+00,-2.391722536288748702e-01,0.000000000000000000e+00,0.000000000000000000e+00,-0.000000000000000000e+00,-5.997975933326041981e-02,-0.000000000000000000e+00,0.000000000000000000e+00,-0.000000000000000000e+00,-0.000000000000000000e+00,-0.000000000000000000e+00,-0.000000000000000000e+00,-0.000000000000000000e+00,-4.037797121826087743e-01,-3.801647166113730769e-01,-2.295066244039461745e-01,2.236598367749394356e+00,0.000000000000000000e+00,0.000000000000000000e+00,0.000000000000000000e+00,-0.000000000000000000e+00,-3.541677786116822352e-02,-6.474226488766989807e-01,-0.000000000000000000e+00,-0.000000000000000000e+00,-0.000000000000000000e+00,-0.000000000000000000e+00,-0.000000000000000000e+00,-0.000000000000000000e+00,0.000000000000000000e+00,-3.257541890187931055e-01,0.000000000000000000e+00,2.767431045960318525e-01,0.000000000000000000e+00
0.000000000000000000e+00,-0.000000000000000000e+00,-0.000000000000000000e+00,-0.000000000000000000e+00,-0.000000000000000000e+00,-6.420081424067134446e-01,0.000000000000000000e+00,-0.000000000000000000e+00,-0.000000000000000000e+00,-0.000000000000000000e+00,9.705204027554546753e-02,0.000000000000000000e+00,0.000000000000000000e+00,-0.000000000000000000e+00,1.259384654702970507e-02,-4.758950972821814757e-02,1.272150487172918898e-01,0.000000000000000000e+00,0.000000000000000000e+00,-0.000000000000000000e+00,-0.000000000000000000e+00,0.000000000000000000e+00,3.122991436457589032e+00,-4.744059401415480770e-01,-9.617389761287161720e-01,0.000000000000000000e+00,-0.000000000000000000e+00,0.000000000000000000e+00,0.000000000000000000e+00,-1.519300344743679809e-01,-0.000000000000000000e+00,-0.000000000000000000e+00,-4.059956011971768697e-01,0.000000000000000000e+00,-1.151146142217471247e-01,2.093561042832463026e-01,-5.720940284396469622e-02,-3.159556557403430527e-02,-8.187642013062265689e-02
0.000000000000000000e+00,0.000000000000000000e+00,-0.000000000000000000e+00,-0.000000000000000000e+00,0.000000000000000000e+00,-6.794316768754300462e-01,0.000000000000000000e+00,-0.000000000000000000e+00,0.000000000000000000e+00,-0.000000000000000000e+00,1.462512645794670496e-01,0.000000000000000000e+00,-0.000000000000000000e+00,0.000000000000000000e+00,0.000000000000000000e+00,-0.000000000000000000e+00,2.935996908583353715e-01,0.000000000000000000e+00,0.000000000000000000e+00,-0.000000000000000000e+00,-0.000000000000000000e+00,0.000000000000000000e+00,-4.744059401415480770e-01,2.880990243905670933e+00,-8.413040433897753800e-01,1.175787039595120043e-01,-0.000000000000000000e+00,0.000000000000000000e+00,1.771882852131687891e-01,-1.713325698670542171e-02,-0.000000000000000000e+00,-0.000000000000000000e+00,-3.141294374905890252e-01,0.000000000000000000e+00,-0.000000000000000000e+00,0.000000000000000000e+00,-0.000000000000000000e+00,-0.000000000000000000e+00,-0.000000000000000000e+00
0.000000000000000000e+00,0.000000000000000000e+00,-0.000000000000000000e+00,-0.000000000000000000e+00,-0.000000000000000000e+00,-4.890162552267717788e-01,0.000000000000000000e+00,-0.000000000000000000e+00,-0.000000000000000000e+00,-2.808344844408700025e-02,1.813557214667755602e-01,-0.000000000000000000e+00,0.000000000000000000e+00,-0.000000000000000000e+00,0.000000000000000000e+00,-1.430675085927696766e-01,6.177164646170221068e-02,-0.000000000000000000e+00,0.000000000000000000e+00,-0.000000000000000000e+00,-0.000000000000000000e+00,0.000000000000000000e+00,-9.617389761287161720e-01,-8.413040433897753800e-01,3.196347759566082747e+00,0.000000000000000000e+00,-0.000000000000000000e+00,0.000000000000000000e+00,0.000000000000000000e+00,-2.399327135748956230e-01,-0.000000000000000000e+00,-0.000000000000000000e+00,-4.137615874368542612e-01,0.000000000000000000e+00,-0.000000000000000000e+00,1.405667169734579544e-02,-0.000000000000000000e+00,-0.000000000000000000e+00,-0.000000000000000000e+00
-5.213859759870665966e-01,-3.615527869600115851e-01,-0.000000000000000000e+00,-0.000000000000000000e+00,-0.000000000000000000e+00,0.000000000000000000e+00,-1.291922472218867968e-01,4.134759165416113103e-01,-0.000000000000000000e+00,-0.000000000000000000e+00,-0.000000000000000000e+00,-0.000000000000000000e+00,0.000000000000000000e+00,-1.616364512284325372e-02,-0.000000000000000000e+00,-0.000000000000000000e+00,-1.615300696978536066e-01,-0.000000000000000000e+00,-8.044511206141703730e-02,-0.000000000000000000e+00,-0.000000000000000000e+00,-0.000000000000000000e+00,0.000000000000000000e+00,1.175787039595120043e-01,0.000000000000000000e+00,3.133515349771216041e+00,-3.531790635870835637e-01,-7.766070424597512067e-01,-6.659618383611890513e-01,-0.000000000000000000e+00,-0.000000000000000000e+00,-0.000000000000000000e+00,0.000000000000000000e+00,-0.000000000000000000e+00,0.000000000000000000e+00,-5.800583338364107694e-02,0.000000000000000000e+00,0.000000000000000000e+00,-0.000000000000000000e+00
-9.301425322541068130e-02,-0.000000000000000000e+00,-3.027776145559565868e-01,-9.672305000552080048e-03,-8.172732651784776758e-02,-0.000000000000000000e+00,-1.157903408199193185e-01,6.194177993306766022e-02,-0.000000000000000000e+00,-3.901396439473445166e-02,0.000000000000000000e+00,0.000000000000000000e+00,1.011209142829175463e-03,-0.000000000000000000e+00,0.000000000000000000e+00,-1.195469902879446322e-01,0.000000000000000000e+00,-0.000000000000000000e+00,-0.000000000000000000e+00,-0.000000000000000000e+00,-1.300906415004758343e-01,-3.541677786116822352e-02,-0.000000000000000000e+00,-0.000000000000000000e+00,-0.000000000000000000e+00,-3.531790635870835637e-01,2.156765688912972934e+00,-6.956055177885991925e-02,-0.000000000000000000e+00,-0.000000000000000000e+00,-7.177038685183604327e-01,-0.000000000000000000e+00,-0.000000000000000000e+00,0.000000000000000000e+00,-0.000000000000000000e+00,0.000000000000000000e+00,-0.000000000000000000e+00,0.000000000000000000e+00,-0.000000000000000000e+00
-0.000000000000000000e+00,-0.000000000000000000e+00,-0.000000000000000000e+00,-1.611960940641526674e-01,-0.000000000000000000e+00,3.353984247674526298e-01,-4.759441837827389499e-01,2.140369756488494646e-01,-0.000000000000000000e+00,-0.000000000000000000e+00,-8.437837555096064368e-02,-0.000000000000000000e+00,0.000000000000000000e+00,-0.000000000000000000e+00,-0.000000000000000000e+00,-0.000000000000000000e+00,-0.000000000000000000e+00,-0.000000000000000000e+00,-6.621755833119248591e-02,-0.000000000000000000e+00,-3.973009289510583131e-02,-6.474226488766989807e-01,0.000000000000000000e+00,0.000000000000000000e+00,0.000000000000000000e+00,-7.766070424597512067e-01,-6.956055177885991925e-02,2.718159763489030656e+00,-2.644380057324672295e-01,-0.000000000000000000e+00,-0.000000000000000000e+00,0.000000000000000000e+00,0.000000000000000000e+00,-0.000000000000000000e+00,0.000000000000000000e+00,-0.000000000000000000e+00,0.000000000000000000e+00,0.000000000000000000e+00,0.000000000000000000e+00
-1.359293957117204132e-01,-1.405166635178350595e-02,-0.000000000000000000e+00,-0.000000000000000000e+00,-0.000000000000000000e+00,0.000000000000000000e+00,-0.000000000000000000e+00,0.000000000000000000e+00,-0.000000000000000000e+00,-0.000000000000000000e+00,-0.000000000000000000e+00,-0.000000000000000000e+00,0.000000000000000000e+00,-5.777522588993198038e-01,-0.000000000000000000e+00,-0.000000000000000000e+00,-5.175396305580832849e-03,-0.000000000000000000e+00,-0.000000000000000000e+00,0.000000000000000000e+00,0.000000000000000000e+00,-0.000000000000000000e+00,0.000000000000000000e+00,1.771882852131687891e-01,0.000000000000000000e+00,-6.659618383611890513e-01,-0.000000000000000000e+00,-2.644380057324672295e-01,2.017686691186795667e+00,-0.000000000000000000e+00,-0.000000000000000000e+00,-0.000000000000000000e+00,0.000000000000000000e+00,-4.141898512621123435e-02,0.000000000000000000e+00,-0.000000000000000000e+00,-0.000000000000000000e+00,-0.000000000000000000e+00,-0.000000000000000000e+00
-0.000000000000000000e+00,-0.000000000000000000e+00,-0.000000000000000000e+00,-0.000000000000000000e+00,-1.998216208442064601e-01,-0.000000000000000000e+00,0.000000000000000000e+00,0.000000000000000000e+00,-0.000000000000000000e+00,-8.513551032225701309e-01,0.000000000000000000e+00,-8.268335986833340312e-02,0.000000000000000000e+00,-0.000000000000000000e+00,-0.000000000000000000e+00,-7.469210831797857830e-01,0.000000000000000000e+00,-8.284593269759521483e-02,-0.000000000000000000e+00,-0.000000000000000000e+00,-0.000000000000000000e+00,-0.000000000000000000e+00,-1.519300344743679809e-01,-1.713325698670542171e-02,-2.399327135748956230e-01,-0.000000000000000000e+00,-0.000000000000000000e+00,-0.000000000000000000e+00,-0.000000000000000000e+00,2.583208088825932336e+00,-0.000000000000000000e+00,-3.375464354647832871e-02,-1.121619204630841526e-01,-0.000000000000000000e+00,-0.000000000000000000e+00,-0.000000000000000000e+00,-0.000000000000000000e+00,-0.000000000000000000e+00,-2.436479306093076169e-01
-0.000000000000000000e+00,-0.000000000000000000e+00,-0.000000000000000000e+00,-0.000000000000000000e+00,-0.000000000000000000e+00,-0.000000000000000000e+00,-1.804504624696934012e-01,0.000000000000000000e+00,-0.000000000000000000e+00,-1.883628272450575125e-01,0.000000000000000000e+00,0.000000000000000000e+00,5.682215759269549915e-01,-1.233164147527636423e-01,3.820757592487872834e-01,-3.857330001960184579e-02,0.000000000000000000e+00,-0.000000000000000000e+00,-0.000000000000000000e+00,-0.000000000000000000e+00,-4.671364031816714335e-01,-0.000000000000000000e+00,-0.000000000000000000e+00,-0.000000000000000000e+00,-0.000000000000000000e+00,-0.000000000000000000e+00,-7.177038685183604327e-01,-0.000000000000000000e+00,-0.000000000000000000e+00,-0.000000000000000000e+00,2.551254757926581185e+00,-0.000000000000000000e+00,-3.377466897466214757e-01,0.000000000000000000e+00,-0.000000000000000000e+00,0.000000000000000000e+00,-1.062957744446849095e-01,0.000000000000000000e+00,0.000000000000000000e+00
-0.000000000000000000e+00,-4.323439573969458105e-01,-0.000000000000000000e+00,-0.000000000000000000e+00,-0.000000000000000000e+00,-0.000000000000000000e+00,0.000000000000000000e+00,0.000000000000000000e+00,-3.813864359804883253e-02,-1.683472219686878435e-01,0.000000000000000000e+00,-0.000000000000000000e+00,2.569622042636185988e-01,-1.868807153570360147e-01,-0.000000000000000000e+00,-7.609954821273938463e-02,-0.000000000000000000e+00,-0.000000000000000000e+00,-0.000000000000000000e+00,0.000000000000000000e+00,0.000000000000000000e+00,-0.000000000000000000e+00,-0.000000000000000000e+00,-0.000000000000000000e+00,-0.000000000000000000e+00,-0.000000000000000000e+00,-0.000000000000000000e+00,0.000000000000000000e+00,-0.000000000000000000e+00,-3.375464354647832871e-02,-0.000000000000000000e+00,1.632312386125555514e+00,-0.000000000000000000e+00,-0.000000000000000000e+00,-0.000000000000000000e+00,-0.000000000000000000e+00,-2.691310551774646065e-01,-0.000000000000000000e+00,-0.000000000000000000e+00
-0.000000000000000000e+00,-0.000000000000000000e+00,-3.585799162876945889e-01,-0.000000000000000000e+00,-0.000000000000000000e+00,-0.000000000000000000e+00,-0.000000000000000000e+00,0.000000000000000000e+00,-0.000000000000000000e+00,-2.235605687981606915e-01,0.000000000000000000e+00,0.000000000000000000e+00,0.000000000000000000e+00,-0.000000000000000000e+00,3.013927368347586733e-02,-2.029037443447484837e-02,1.599605340572713558e-02,-0.000000000000000000e+00,0.000000000000000000e+00,-0.000000000000000000e+00,-5.258547917853374498e-01,-0.000000000000000000e+00,-4.059956011971768697e-01,-3.141294374905890252e-01,-4.137615874368542612e-01,0.000000000000000000e+00,-0.000000000000000000e+00,0.000000000000000000e+00,0.000000000000000000e+00,-1.121619204630841526e-01,-3.377466897466214757e-01,-0.000000000000000000e+00,2.439996508806119291e+00,0.000000000000000000e+00,-0.000000000000000000e+00,0.000000000000000000e+00,-0.000000000000000000e+00,-0.000000000000000000e+00,-0.000000000000000000e+00
-0.000000000000000000e+00,-2.910797671952835564e-01,-0.000000000000000000e+00,0.000000000000000000e+00,-0.000000000000000000e+00,0.000000000000000000e+00,0.000000000000000000e+00,1.625753218519216670e-01,-1.623649682835828501e-01,-0.000000000000000000e+00,-1.150607788477659710e-01,-5.142769539963337744e-01,-0.000000000000000000e+00,-0.000000000000000000e+00,-2.483499621047350059e-01,-0.000000000000000000e+00,-4.370108381253010044e-02,-2.124282001821026500e-01,-5.573413988659132318e-02,0.000000000000000000e+00,2.756024464372861665e-02,-0.000000000000000000e+00,0.000000000000000000e+00,0.000000000000000000e+00,0.000000000000000000e+00,-0.000000000000000000e+00,0.000000000000000000e+00,-0.000000000000000000e+00,-4.141898512621123435e-02,-0.000000000000000000e+00,0.000000000000000000e+00,-0.000000000000000000e+00,0.000000000000000000e+00,2.297048633670232487e+00,1.470646813790529028e-01,-5.324660078697810439e-01,0.000000000000000000e+00,-0.000000000000000000e+00,-6.259135707906848811e-02
-0.000000000000000000e+00,0.000000000000000000e+00,0.000000000000000000e+00,-0.000000000000000000e+00,0.000000000000000000e+00,-1.182181106491703021e-01,0.000000000000000000e+00,-0.000000000000000000e+00,0.000000000000000000e+00,-0.000000000000000000e+00,0.000000000000000000e+00,0.000000000000000000e+00,0.000000000000000000e+00,-0.000000000000000000e+00,1.253804352381474030e-01,-0.000000000000000000e+00,0.000000000000000000e+00,0.000000000000000000e+00,0.000000000000000000e+00,-0.000000000000000000e+00,-0.000000000000000000e+00,0.000000000000000000e+00,-1.151146142217471247e-01,-0.000000000000000000e+00,-0.000000000000000000e+00,0.000000000000000000e+00,-0.000000000000000000e+00,0.000000000000000000e+00,0.000000000000000000e+00,-0.000000000000000000e+00,-0.000000000000000000e+00,-0.000000000000000000e+00,-0.000000000000000000e+00,1.470646813790529028e-01,2.083327491395284614e+00,4.571511258854305537e-01,-9.316929677614363969e-01,-0.000000000000000000e+00,0.000000000000000000e+00
-0.000000000000000000e+00,-0.000000000000000000e+00,-0.000000000000000000e+00,-0.000000000000000000e+00,-0.000000000000000000e+00,2.899615678537175723e-01,-0.000000000000000000e+00,0.000000000000000000e+00,-0.000000000000000000e+00,-0.000000000000000000e+00,-2.700970444156666761e-01,-4.628997972260000954e-02,-0.000000000000000000e+00,0.000000000000000000e+00,-3.392688396298923492e-01,-0.000000000000000000e+00,-6.957603367154619779e-03,-0.000000000000000000e+00,-2.456098022476650711e-01,-0.000000000000000000e+00,0.000000000000000000e+00,-3.257541890187931055e-01,2.093561042832463026e-01,0.000000000000000000e+00,1.405667169734579544e-02,-5.800583338364107694e-02,0.000000000000000000e+00,-0.000000000000000000e+00,-0.000000000000000000e+00,-0.000000000000000000e+00,0.000000000000000000e+00,-0.000000000000000000e+00,0.000000000000000000e+00,-5.324660078697810439e-01,4.571511258854305537e-01,2.483553272605150131e+00,0.000000000000000000e+00,0.000000000000000000e+00,0.000000000000000000e+00
-0.000000000000000000e+00,-0.000000000000000000e+00,-0.000000000000000000e+00,0.000000000000000000e+00,-0.000000000000000000e+00,-5.928301147906585022e-01,0.000000000000000000e+00,-0.000000000000000000e+00,-0.000000000000000000e+00,-0.000000000000000000e+00,3.182969582709498924e-01,0.000000000000000000e+00,5.181208093067480869e-01,-1.494971768453852989e-01,6.915746702841880922e-02,-0.000000000000000000e+00,0.000000000000000000e+00,0.000000000000000000e+00,0.000000000000000000e+00,0.000000000000000000e+00,-0.000000000000000000e+00,0.000000000000000000e+00,-5.720940284396469622e-02,-0.000000000000000000e+00,-0.000000000000000000e+00,0.000000000000000000e+00,-0.000000000000000000e+00,0.000000000000000000e+00,-0.000000000000000000e+00,-0.000000000000000000e+00,-1.062957744446849095e-01,-2.691310551774646065e-01,-0.000000000000000000e+00,0.000000000000000000e+00,-9.316929677614363969e-01,0.000000000000000000e+00,2.607406799458418245e+00,-0.000000000000000000e+00,-0.000000000000000000e+00
-0.000000000000000000e+00,-1.213794813058189648e-01,0.000000000000000000e+00,0.000000000000000000e+00,-0.000000000000000000e+00,-0.000000000000000000e+00,0.000000000000000000e+00,-0.000000000000000000e+00,-3.604983505125091137e-01,-0.000000000000000000e+00,0.000000000000000000e+00,-0.000000000000000000e+00,-0.000000000000000000e+00,-0.000000000000000000e+00,0.000000000000000000e+00,-0.000000000000000000e+00,0.000000000000000000e+00,-0.000000000000000000e+00,0.000000000000000000e+00,3.398600812573854962e-02,5.389775211412495270e-02,2.767431045960318525e-01,-3.159556557403430527e-02,-0.000000000000000000e+00,-0.000000000000000000e+00,0.000000000000000000e+00,0.000000000000000000e+00,0.000000000000000000e+00,-0.000000000000000000e+00,-0.000000000000000000e+00,0.000000000000000000e+00,-0.000000000000000000e+00,-0.000000000000000000e+00,-0.000000000000000000e+00,-0.000000000000000000e+00,0.000000000000000000e+00,-0.000000000000000000e+00,1.501888244751790280e+00,-5.704247712810086579e-01
-0.000000000000000000e+00,-9.326680345883722745e-02,-0.000000000000000000e+00,1.438054247702943989e-01,-0.000000000000000000e+00,-0.000000000000000000e+00,2.599582384991867140e-02,0.000000000000000000e+00,-3.271889273748173066e-01,-0.000000000000000000e+00,0.000000000000000000e+00,-2.439800014756937363e-01,-0.000000000000000000e+00,-0.000000000000000000e+00,-0.000000000000000000e+00,-0.000000000000000000e+00,0.000000000000000000e+00,-0.000000000000000000e+00,0.000000000000000000e+00,0.000000000000000000e+00,0.000000000000000000e+00,0.000000000000000000e+00,-8.187642013062265689e-02,-0.000000000000000000e+00,-0.000000000000000000e+00,-0.000000000000000000e+00,-0.000000000000000000e+00,0.000000000000000000e+00,-0.000000000000000000e+00,-2.436479306093076169e-01,0.000000000000000000e+00,-0.000000000000000000e+00,-0.000000000000000000e+00,-6.259135707906848811e-02,0.000000000000000000e+00,0.000000000000000000e+00,-0.000000000000000000e+00,-5.704247712810086579e-01,1.670709339023425777e+00
