1.830401514029625698e+00,-4.069348155597422578e-01,-0.000000000000000000e+00,-0.000000000000000000e+00,-1.648396763767085438e-01,-0.000000000000000000e+00,-0.000000000000000000e+00,7.195456857874840684e-02,-0.000000000000000000e+00,-0.000000000000000000e+00,-0.000000000000000000e+00,-1.479632551565736309e-01,0.000000000000000000e+00,-0.000000000000000000e+00,-0.000000000000000000e+00,-5.895357790166484702e-02,0.000000000000000000e+00,-0.000000000000000000e+00,0.000000000000000000e+00,-0.000000000000000000e+00,-0.000000000000000000e+00,-0.000000000000000000e+00,-0.000000000000000000e+00,-0.000000000000000000e+00,-1.246317910901428988e-01,-1.342848198176253005e-01,-8.739556751946603308e-02,-0.000000000000000000e+00,-6.176035532895542135e-02,0.000000000000000000e+00,-1.298025165798332992e-01,-0.000000000000000000e+00,-0.000000000000000000e+00,-0.000000000000000000e+00,-0.000000000000000000e+00,-0.000000000000000000e+00,-0.000000000000000000e+00,-1.958929685132788368e-01,-2.353125032479386203e-01
-4.069348155597422578e-01,2.498914840188174669e+00,-1.010098303751935933e-01,-0.000000000000000000e+00,-0.000000000000000000e+00,-0.000000000000000000e+00,-0.000000000000000000e+00,1.707039757435449001e-01,-0.000000000000000000e+00,-0.000000000000000000e+00,-0.000000000000000000e+00,-0.000000000000000000e+00,-0.000000000000000000e+00,-0.000000000000000000e+00,-0.000000000000000000e+00,-0.000000000000000000e+00,0.000000000000000000e+00,0.000000000000000000e+00,0.000000000000000000e+00,-0.000000000000000000e+00,-0.000000000000000000e+00,-1.257679064493605614e-01,-0.000000000000000000e+00,-2.397776469862647752e-01,-1.924972280415462311e-01,-2.144565543957269171e-01,-2.308483981872698487e-01,-0.000000000000000000e+00,-1.686377127462580505e-01,0.000000000000000000e+00,-9.785408094140607416e-02,-0.000000000000000000e+00,-0.000000000000000000e+00,-0.000000000000000000e+00,-2.524799041513652864e-01,-0.000000000000000000e+00,-1.355314717136160418e-01,-0.000000000000000000e+00,-3.031522975109919860e-01
-0.000000000000000000e+00,-1.010098303751935933e-01,2.705541566694323219e+00,-1.629305012186631763e-01,-0.000000000000000000e+00,-0.000000000000000000e+00,-2.258113436165109719e-02,7.660241536913500182e-01,-0.000000000000000000e+00,0.000000000000000000e+00,0.000000000000000000e+00,-0.000000000000000000e+00,-0.000000000000000000e+00,-0.000000000000000000e+00,-1.083315142486646343e-01,0.000000000000000000e+00,0.000000000000000000e+00,0.000000000000000000e+00,0.000000000000000000e+00,-0.000000000000000000e+00,-2.633447464065913901e-01,-2.338204391276946514e-01,-3.279392848684148376e-02,-0.000000000000000000e+00,-0.000000000000000000e+00,-2.306500605328910269e-01,-2.320591330841901834e-01,-3.087901151939983491e-01,-3.326488289970686713e-02,0.000000000000000000e+00,-0.000000000000000000e+00,-0.000000000000000000e+00,-2.219412383337494854e-01,0.000000000000000000e+00,-5.175190467048058907e-02,-0.000000000000000000e+00,-0.000000000000000000e+00,-0.000000000000000000e+00,-0.000000000000000000e+00
-0.000000000000000000e+00,-0.000000000000000000e+00,-1.629305012186631763e-01,2.522711242253683928e+00,-0.000000000000000000e+00,-0.000000000000000000e+00,-6.123117789093173169e-01,0.000000000000000000e+00,0.000000000000000000e+00,0.000000000000000000e+00,-0.000000000000000000e+00,-0.000000000000000000e+00,-0.000000000000000000e+00,-0.000000000000000000e+00,-0.000000000000000000e+00,0.000000000000000000e+00,0.000000000000000000e+00,0.000000000000000000e+00,0.000000000000000000e+00,-3.475499388670719170e-01,-3.690501615746309416e-01,-3.257907326147835847e-01,-0.000000000000000000e+00,-9.399368618310874335e-02,-0.000000000000000000e+00,-0.000000000000000000e+00,-0.000000000000000000e+00,-1.866772520339766150e-01,-0.000000000000000000e+00,0.000000000000000000e+00,-0.000000000000000000e+00,-0.000000000000000000e+00,-2.830398586973125186e-01,0.000000000000000000e+00,-0.000000000000000000e+00,0.000000000000000000e+00,-3.371850134904693513e-02,0.000000000000000000e+00,-0.000000000000000000e+00
-1.648396763767085438e-01,-0.000000000000000000e+00,-0.000000000000000000e+00,-0.000000000000000000e+00,1.441969800923471601e+00,-0.000000000000000000e+00,-0.000000000000000000e+00,1.753400083542446808e-01,-2.719277981794301913e-01,-0.000000000000000000e+00,0.000000000000000000e+00,-0.000000000000000000e+00,0.000000000000000000e+00,-4.231028285047008786e-02,-0.000000000000000000e+00,-0.000000000000000000e+00,0.000000000000000000e+00,-0.000000000000000000e+00,0.000000000000000000e+00,0.000000000000000000e+00,-0.000000000000000000e+00,-0.000000000000000000e+00,-0.000000000000000000e+00,-0.000000000000000000e+00,-0.000000000000000000e+00,-0.000000000000000000e+00,-1.388382318701960882e-01,-0.000000000000000000e+00,-0.000000000000000000e+00,0.000000000000000000e+00,-1.052596808330272804e-01,-0.000000000000000000e+00,-0.000000000000000000e+00,-1.717914138037276162e-01,-0.000000000000000000e+00,-6.763456030415804232e-02,-0.000000000000000000e+00,-0.000000000000000000e+00,-1.270956964600127581e-01
-0.000000000000000000e+00,-0.000000000000000000e+00,-0.000000000000000000e+00,-0.000000000000000000e+00,-0.000000000000000000e+00,1.391703621639491795e+00,-0.000000000000000000e+00,0.000000000000000000e+00,-0.000000000000000000e+00,0.000000000000000000e+00,-0.000000000000000000e+00,0.000000000000000000e+00,-1.870760022392501387e-01,0.000000000000000000e+00,0.000000000000000000e+00,0.000000000000000000e+00,-1.232976507479039696e-01,-0.000000000000000000e+00,-0.000000000000000000e+00,-0.000000000000000000e+00,-0.000000000000000000e+00,-0.000000000000000000e+00,-4.751570256630963107e-01,-1.113023422023081965e-01,-1.097011813016563614e-01,-0.000000000000000000e+00,0.000000000000000000e+00,-0.000000000000000000e+00,-6.149945408027827215e-02,0.000000000000000000e+00,0.000000000000000000e+00,-1.557246904801638451e-02,-0.000000000000000000e+00,0.000000000000000000e+00,-0.000000000000000000e+00,0.000000000000000000e+00,-0.000000000000000000e+00,0.000000000000000000e+00,-0.000000000000000000e+00
-0.000000000000000000e+00,-0.000000000000000000e+00,-2.258113436165109719e-02,-6.123117789093173169e-01,-0.000000000000000000e+00,-0.000000000000000000e+00,2.534458198929693484e+00,0.000000000000000000e+00,0.000000000000000000e+00,0.000000000000000000e+00,-0.000000000000000000e+00,-0.000000000000000000e+00,-0.000000000000000000e+00,-0.000000000000000000e+00,-0.000000000000000000e+00,0.000000000000000000e+00,0.000000000000000000e+00,1.470328699185890486e-01,0.000000000000000000e+00,-6.634014687503644869e-02,-3.044759234101919176e-01,-3.364230431250377906e-01,-0.000000000000000000e+00,-0.000000000000000000e+00,-0.000000000000000000e+00,-1.671939500119489774e-01,-0.000000000000000000e+00,-1.624253963226907072e-01,-0.000000000000000000e+00,9.665625331863118841e-02,-0.000000000000000000e+00,-0.000000000000000000e+00,-2.980003048831850743e-01,4.927402201449142261e-02,-1.027604672964381460e-01,0.000000000000000000e+00,-2.035351600321717025e-01,0.000000000000000000e+00,-0.000000000000000000e+00
7.195456857874840684e-02,1.707039757435449001e-01,7.660241536913500182e-01,0.000000000000000000e+00,1.753400083542446808e-01,0.000000000000000000e+00,0.000000000000000000e+00,2.378767822113309727e+00,0.000000000000000000e+00,-0.000000000000000000e+00,-0.000000000000000000e+00,0.000000000000000000e+00,0.000000000000000000e+00,0.000000000000000000e+00,0.000000000000000000e+00,-0.000000000000000000e+00,-0.000000000000000000e+00,-0.000000000000000000e+00,-0.000000000000000000e+00,0.000000000000000000e+00,0.000000000000000000e+00,0.000000000000000000e+00,2.226000442647620425e-01,9.869871772132518539e-02,8.158026358459884164e-02,1.855717464207733147e-01,9.106782172288846455e-02,2.414750271807579451e-01,1.657496151826993169e-01,-0.000000000000000000e+00,5.097511795275538188e-02,0.000000000000000000e+00,0.000000000000000000e+00,0.000000000000000000e+00,9.557731240880688525e-03,0.000000000000000000e+00,0.000000000000000000e+00,0.000000000000000000e+00,4.455220592488977338e-02
-0.000000000000000000e+00,-0.000000000000000000e+00,-0.000000000000000000e+00,0.000000000000000000e+00,-2.719277981794301913e-01,-0.000000000000000000e+00,0.000000000000000000e+00,0.000000000000000000e+00,1.555011448628058623e+00,-0.000000000000000000e+00,-0.000000000000000000e+00,-0.000000000000000000e+00,0.000000000000000000e+00,-4.578657813343575689e-02,-0.000000000000000000e+00,-0.000000000000000000e+00,0.000000000000000000e+00,-0.000000000000000000e+00,0.000000000000000000e+00,0.000000000000000000e+00,0.000000000000000000e+00,0.000000000000000000e+00,-0.000000000000000000e+00,-0.000000000000000000e+00,-6.238576087042647933e-02,-0.000000000000000000e+00,-0.000000000000000000e+00,-0.000000000000000000e+00,-0.000000000000000000e+00,0.000000000000000000e+00,-0.000000000000000000e+00,-0.000000000000000000e+00,0.000000000000000000e+00,-1.009755149153893222e-01,-0.000000000000000000e+00,-1.278374434728255515e-01,-0.000000000000000000e+00,-3.126578692513187763e-01,-4.776285601228558164e-01
-0.000000000000000000e+00,-0.000000000000000000e+00,0.000000000000000000e+00,0.000000000000000000e+00,-0.000000000000000000e+00,0.000000000000000000e+00,0.000000000000000000e+00,-0.000000000000000000e+00,-0.000000000000000000e+00,1.637839293418624997e+00,1.399835335376302947e-01,-0.000000000000000000e+00,0.000000000000000000e+00,-0.000000000000000000e+00,-0.000000000000000000e+00,-7.125626241793822091e-01,0.000000000000000000e+00,-0.000000000000000000e+00,-0.000000000000000000e+00,0.000000000000000000e+00,0.000000000000000000e+00,0.000000000000000000e+00,0.000000000000000000e+00,0.000000000000000000e+00,-1.648704061316939584e-01,0.000000000000000000e+00,0.000000000000000000e+00,0.000000000000000000e+00,0.000000000000000000e+00,-3.844358924651382070e-01,-0.000000000000000000e+00,0.000000000000000000e+00,0.000000000000000000e+00,-8.817278721326640700e-02,0.000000000000000000e+00,-2.081454039425195413e-01,0.000000000000000000e+00,-0.000000000000000000e+00,-0.000000000000000000e+00
-0.000000000000000000e+00,-0.000000000000000000e+00,0.000000000000000000e+00,-0.000000000000000000e+00,0.000000000000000000e+00,-0.000000000000000000e+00,-0.000000000000000000e+00,-0.000000000000000000e+00,-0.000000000000000000e+00,1.399835335376302947e-01,1.348358198797938279e+00,-0.000000000000000000e+00,-0.000000000000000000e+00,-0.000000000000000000e+00,7.722879522994841213e-03,0.000000000000000000e+00,-2.737568310433147190e-02,0.000000000000000000e+00,1.114976673039276001e-01,-0.000000000000000000e+00,-0.000000000000000000e+00,-0.000000000000000000e+00,-0.000000000000000000e+00,-0.000000000000000000e+00,0.000000000000000000e+00,-0.000000000000000000e+00,-0.000000000000000000e+00,-0.000000000000000000e+00,-0.000000000000000000e+00,6.384381535451842671e-02,-0.000000000000000000e+00,-5.106111054704456365e-01,-0.000000000000000000e+00,5.295742950944212768e-02,-0.000000000000000000e+00,6.718659875484604693e-02,-1.073001384448482171e-01,0.000000000000000000e+00,-0.000000000000000000e+00
-1.479632551565736309e-01,-0.000000000000000000e+00,-0.000000000000000000e+00,-0.000000000000000000e+00,-0.000000000000000000e+00,0.000000000000000000e+00,-0.000000000000000000e+00,0.000000000000000000e+00,-0.000000000000000000e+00,-0.000000000000000000e+00,-0.000000000000000000e+00,1.695772337138532482e+00,2.493991815151590519e-01,-0.000000000000000000e+00,-0.000000000000000000e+00,-0.000000000000000000e+00,4.056844471568146065e-02,-0.000000000000000000e+00,0.000000000000000000e+00,0.000000000000000000e+00,0.000000000000000000e+00,-0.000000000000000000e+00,0.000000000000000000e+00,-0.000000000000000000e+00,-0.000000000000000000e+00,-0.000000000000000000e+00,-1.892621383204622088e-01,-0.000000000000000000e+00,-0.000000000000000000e+00,0.000000000000000000e+00,-6.066908546388651846e-01,-0.000000000000000000e+00,-0.000000000000000000e+00,-1.047004136404221103e-01,-0.000000000000000000e+00,-0.000000000000000000e+00,-0.000000000000000000e+00,-0.000000000000000000e+00,-3.490477791535398500e-01
0.000000000000000000e+00,-0.000000000000000000e+00,-0.000000000000000000e+00,-0.000000000000000000e+00,0.000000000000000000e+00,-1.870760022392501387e-01,-0.000000000000000000e+00,0.000000000000000000e+00,0.000000000000000000e+00,0.000000000000000000e+00,-0.000000000000000000e+00,2.493991815151590519e-01,1.377650418432392998e+00,0.000000000000000000e+00,-0.000000000000000000e+00,0.000000000000000000e+00,-0.000000000000000000e+00,0.000000000000000000e+00,-0.000000000000000000e+00,-3.047801405077238401e-01,-1.695707928863990355e-01,-0.000000000000000000e+00,-3.982525248243967589e-04,-0.000000000000000000e+00,-0.000000000000000000e+00,-0.000000000000000000e+00,0.000000000000000000e+00,-1.605278682555547898e-01,-0.000000000000000000e+00,5.111882006359962788e-02,0.000000000000000000e+00,-0.000000000000000000e+00,-9.254394544887276086e-02,1.021867889854634476e-01,-0.000000000000000000e+00,0.000000000000000000e+00,-0.000000000000000000e+00,0.000000000000000000e+00,0.000000000000000000e+00
-0.000000000000000000e+00,-0.000000000000000000e+00,-0.000000000000000000e+00,-0.000000000000000000e+00,-4.231028285047008786e-02,0.000000000000000000e+00,-0.000000000000000000e+00,0.000000000000000000e+00,-4.578657813343575689e-02,-0.000000000000000000e+00,-0.000000000000000000e+00,-0.000000000000000000e+00,0.000000000000000000e+00,1.725102155895894329e+00,0.000000000000000000e+00,-0.000000000000000000e+00,5.804390917646354286e-02,0.000000000000000000e+00,3.927626748445356974e-01,0.000000000000000000e+00,-0.000000000000000000e+00,-0.000000000000000000e+00,-0.000000000000000000e+00,-0.000000000000000000e+00,-0.000000000000000000e+00,-1.681442939420715321e-01,-3.580980870577067376e-01,-0.000000000000000000e+00,-0.000000000000000000e+00,0.000000000000000000e+00,-3.238911590230924564e-01,-0.000000000000000000e+00,-0.000000000000000000e+00,0.000000000000000000e+00,-7.031932089410425357e-02,-1.218554623612656262e-01,-0.000000000000000000e+00,-0.000000000000000000e+00,-9.335701264641814434e-02
-0.000000000000000000e+00,-0.000000000000000000e+00,-1.083315142486646343e-01,-0.000000000000000000e+00,-0.000000000000000000e+00,0.000000000000000000e+00,-0.000000000000000000e+00,0.000000000000000000e+00,-0.000000000000000000e+00,-0.000000000000000000e+00,7.722879522994841213e-03,-0.000000000000000000e+00,-0.000000000000000000e+00,0.000000000000000000e+00,1.168924948549817433e+00,-0.000000000000000000e+00,4.460149266492226261e-02,0.000000000000000000e+00,-1.683831086037124170e-02,-2.128610029152793182e-01,-0.000000000000000000e+00,-0.000000000000000000e+00,-0.000000000000000000e+00,-0.000000000000000000e+00,-0.000000000000000000e+00,-0.000000000000000000e+00,-0.000000000000000000e+00,-0.000000000000000000e+00,-0.000000000000000000e+00,-0.000000000000000000e+00,-0.000000000000000000e+00,0.000000000000000000e+00,-0.000000000000000000e+00,-2.689891551917544255e-01,-0.000000000000000000e+00,-0.000000000000000000e+00,-0.000000000000000000e+00,-1.427070109470950920e-01,-0.000000000000000000e+00
-5.895357790166484702e-02,-0.000000000000000000e+00,0.000000000000000000e+00,0.000000000000000000e+00,-0.000000000000000000e+00,0.000000000000000000e+00,0.000000000000000000e+00,-0.000000000000000000e+00,-0.000000000000000000e+00,-7.125626241793822091e-01,0.000000000000000000e+00,-0.000000000000000000e+00,0.000000000000000000e+00,-0.000000000000000000e+00,-0.000000000000000000e+00,1.527961639442318109e+00,2.683083526388391205e-02,-0.000000000000000000e+00,-0.000000000000000000e+00,0.000000000000000000e+00,0.000000000000000000e+00,0.000000000000000000e+00,0.000000000000000000e+00,0.000000000000000000e+00,-0.000000000000000000e+00,0.000000000000000000e+00,-0.000000000000000000e+00,0.000000000000000000e+00,0.000000000000000000e+00,-0.000000000000000000e+00,-0.000000000000000000e+00,0.000000000000000000e+00,0.000000000000000000e+00,-1.869885191391952861e-01,0.000000000000000000e+00,-2.069777967849913136e-01,0.000000000000000000e+00,-1.057722607600899978e-01,-0.000000000000000000e+00
0.000000000000000000e+00,0.000000000000000000e+00,0.000000000000000000e+00,0.000000000000000000e+00,0.000000000000000000e+00,-1.232976507479039696e-01,0.000000000000000000e+00,-0.000000000000000000e+00,0.000000000000000000e+00,0.000000000000000000e+00,-2.737568310433147190e-02,4.056844471568146065e-02,-0.000000000000000000e+00,5.804390917646354286e-02,4.460149266492226261e-02,2.683083526388391205e-02,1.042936081134312243e+00,-0.000000000000000000e+00,-0.000000000000000000e+00,0.000000000000000000e+00,0.000000000000000000e+00,1.893795887955647579e-03,-0.000000000000000000e+00,0.000000000000000000e+00,0.000000000000000000e+00,2.176631796800250832e-02,2.370269352493119611e-02,0.000000000000000000e+00,0.000000000000000000e+00,0.000000000000000000e+00,9.492827941699132077e-02,-0.000000000000000000e+00,0.000000000000000000e+00,0.000000000000000000e+00,0.000000000000000000e+00,0.000000000000000000e+00,0.000000000000000000e+00,0.000000000000000000e+00,0.000000000000000000e+00
-0.000000000000000000e+00,0.000000000000000000e+00,0.000000000000000000e+00,0.000000000000000000e+00,-0.000000000000000000e+00,-0.000000000000000000e+00,1.470328699185890486e-01,-0.000000000000000000e+00,-0.000000000000000000e+00,-0.000000000000000000e+00,0.000000000000000000e+00,-0.000000000000000000e+00,0.000000000000000000e+00,0.000000000000000000e+00,0.000000000000000000e+00,-0.000000000000000000e+00,-0.000000000000000000e+00,1.225720924659276623e+00,-4.129177357416941030e-01,0.000000000000000000e+00,1.010063468255392727e-02,8.326122096770138814e-03,0.000000000000000000e+00,0.000000000000000000e+00,-0.000000000000000000e+00,0.000000000000000000e+00,0.000000000000000000e+00,0.000000000000000000e+00,0.000000000000000000e+00,-0.000000000000000000e+00,0.000000000000000000e+00,0.000000000000000000e+00,2.241761142961590583e-02,-8.130825287663211165e-02,0.000000000000000000e+00,0.000000000000000000e+00,0.000000000000000000e+00,0.000000000000000000e+00,-0.000000000000000000e+00
0.000000000000000000e+00,0.000000000000000000e+00,0.000000000000000000e+00,0.000000000000000000e+00,0.000000000000000000e+00,-0.000000000000000000e+00,0.000000000000000000e+00,-0.000000000000000000e+00,0.000000000000000000e+00,-0.000000000000000000e+00,1.114976673039276001e-01,0.000000000000000000e+00,-0.000000000000000000e+00,3.927626748445356974e-01,-1.683831086037124170e-02,-0.000000000000000000e+00,-0.000000000000000000e+00,-4.129177357416941030e-01,1.591995865813852884e+00,-0.000000000000000000e+00,0.000000000000000000e+00,0.000000000000000000e+00,0.000000000000000000e+00,0.000000000000000000e+00,0.000000000000000000e+00,0.000000000000000000e+00,6.301218898491801890e-02,0.000000000000000000e+00,0.000000000000000000e+00,-1.681607635524245969e-01,4.503438263561265059e-02,0.000000000000000000e+00,0.000000000000000000e+00,-3.087037077802020080e-01,1.251516119300953023e-01,-0.000000000000000000e+00,3.108522874336825184e-02,0.000000000000000000e+00,0.000000000000000000e+00
-0.000000000000000000e+00,-0.000000000000000000e+00,-0.000000000000000000e+00,-3.475499388670719170e-01,0.000000000000000000e+00,-0.000000000000000000e+00,-6.634014687503644869e-02,0.000000000000000000e+00,0.000000000000000000e+00,0.000000000000000000e+00,-0.000000000000000000e+00,0.000000000000000000e+00,-3.047801405077238401e-01,0.000000000000000000e+00,-2.128610029152793182e-01,0.000000000000000000e+00,0.000000000000000000e+00,0.000000000000000000e+00,-0.000000000000000000e+00,1.792302904106470196e+00,-4.618244287886799637e-01,-1.584019343220696430e-01,-0.000000000000000000e+00,-0.000000000000000000e+00,-0.000000000000000000e+00,-0.000000000000000000e+00,-0.000000000000000000e+00,-0.000000000000000000e+00,-0.000000000000000000e+00,0.000000000000000000e+00,0.000000000000000000e+00,-0.000000000000000000e+00,-8.143066300953279157e-02,0.000000000000000000e+00,-0.000000000000000000e+00,0.000000000000000000e+00,-0.000000000000000000e+00,0.000000000000000000e+00,0.000000000000000000e+00
-0.000000000000000000e+00,-0.000000000000000000e+00,-2.633447464065913901e-01,-3.690501615746309416e-01,-0.000000000000000000e+00,-0.000000000000000000e+00,-3.044759234101919176e-01,0.000000000000000000e+00,0.000000000000000000e+00,0.000000000000000000e+00,-0.000000000000000000e+00,0.000000000000000000e+00,-1.695707928863990355e-01,-0.000000000000000000e+00,-0.000000000000000000e+00,0.000000000000000000e+00,0.000000000000000000e+00,1.010063468255392727e-02,0.000000000000000000e+00,-4.618244287886799637e-01,2.777713948048319725e+00,-3.220773361145640168e-01,-0.000000000000000000e+00,-1.387431932353227204e-01,-0.000000000000000000e+00,-0.000000000000000000e+00,-0.000000000000000000e+00,-3.038862074057396279e-01,-0.000000000000000000e+00,6.756547559756362342e-02,-0.000000000000000000e+00,-0.000000000000000000e+00,-4.600204773129273894e-01,0.000000000000000000e+00,-0.000000000000000000e+00,0.000000000000000000e+00,-0.000000000000000000e+00,0.000000000000000000e+00,-0.000000000000000000e+00
-0.000000000000000000e+00,-1.257679064493605614e-01,-2.338204391276946514e-01,-3.257907326147835847e-01,-0.000000000000000000e+00,-0.000000000000000000e+00,-3.364230431250377906e-01,0.000000000000000000e+00,0.000000000000000000e+00,0.000000000000000000e+00,-0.000000000000000000e+00,-0.000000000000000000e+00,-0.000000000000000000e+00,-0.000000000000000000e+00,-0.000000000000000000e+00,0.000000000000000000e+00,1.893795887955647579e-03,8.326122096770138814e-03,0.000000000000000000e+00,-1.584019343220696430e-01,-3.220773361145640168e-01,2.600991638241001436e+00,-0.000000000000000000e+00,-7.114208400741044158e-02,-0.000000000000000000e+00,-1.585124153736612584e-01,-0.000000000000000000e+00,-0.000000000000000000e+00,-0.000000000000000000e+00,6.142653907395435875e-02,-0.000000000000000000e+00,-0.000000000000000000e+00,-3.711325062652736095e-01,0.000000000000000000e+00,-2.072458788191677281e-01,0.000000000000000000e+00,-1.993125215637228942e-01,0.000000000000000000e+00,-0.000000000000000000e+00
-0.000000000000000000e+00,-0.000000000000000000e+00,-3.279392848684148376e-02,-0.000000000000000000e+00,-0.000000000000000000e+00,-4.751570256630963107e-01,-0.000000000000000000e+00,2.226000442647620425e-01,-0.000000000000000000e+00,0.000000000000000000e+00,-0.000000000000000000e+00,0.000000000000000000e+00,-3.982525248243967589e-04,-0.000000000000000000e+00,-0.000000000000000000e+00,0.000000000000000000e+00,-0.000000000000000000e+00,0.000000000000000000e+00,0.000000000000000000e+00,-0.000000000000000000e+00,-0.000000000000000000e+00,-0.000000000000000000e+00,2.155722556359938480e+00,-3.313948299935109976e-01,-3.148516793155355376e-01,-0.000000000000000000e+00,-0.000000000000000000e+00,-4.177303728545102013e-01,-3.522616504743069088e-01,0.000000000000000000e+00,-0.000000000000000000e+00,-0.000000000000000000e+00,-0.000000000000000000e+00,0.000000000000000000e+00,-0.000000000000000000e+00,-0.000000000000000000e+00,-0.000000000000000000e+00,-0.000000000000000000e+00,-0.000000000000000000e+00
-0.000000000000000000e+00,-2.397776469862647752e-01,-0.000000000000000000e+00,-9.399368618310874335e-02,-0.000000000000000000e+00,-1.113023422023081965e-01,-0.000000000000000000e+00,9.869871772132518539e-02,-0.000000000000000000e+00,0.000000000000000000e+00,-0.000000000000000000e+00,-0.000000000000000000e+00,-0.000000000000000000e+00,-0.000000000000000000e+00,-0.000000000000000000e+00,0.000000000000000000e+00,0.000000000000000000e+00,0.000000000000000000e+00,0.000000000000000000e+00,-0.000000000000000000e+00,-1.387431932353227204e-01,-7.114208400741044158e-02,-3.313948299935109976e-01,2.533479933094690217e+00,-1.462268794913345119e-02,-1.208621748950968050e-01,-0.000000000000000000e+00,-1.327773743229481440e-01,-4.151802801049653824e-01,2.484966962287294898e-02,-0.000000000000000000e+00,-0.000000000000000000e+00,-2.025956940559408836e-01,0.000000000000000000e+00,-1.791028149681511139e-01,0.000000000000000000e+00,-3.714503752495916244e-01,-0.000000000000000000e+00,-0.000000000000000000e+00
-1.246317910901428988e-01,-1.924972280415462311e-01,-0.000000000000000000e+00,-0.000000000000000000e+00,-0.000000000000000000e+00,-1.097011813016563614e-01,-0.000000000000000000e+00,8.158026358459884164e-02,-6.238576087042647933e-02,-1.648704061316939584e-01,0.000000000000000000e+00,-0.000000000000000000e+00,-0.000000000000000000e+00,-0.000000000000000000e+00,-0.000000000000000000e+00,-0.000000000000000000e+00,0.000000000000000000e+00,-0.000000000000000000e+00,0.000000000000000000e+00,-0.000000000000000000e+00,-0.000000000000000000e+00,-0.000000000000000000e+00,-3.148516793155355376e-01,-1.462268794913345119e-02,1.439250041215485387e+00,-0.000000000000000000e+00,-0.000000000000000000e+00,-0.000000000000000000e+00,-0.000000000000000000e+00,0.000000000000000000e+00,-0.000000000000000000e+00,-0.000000000000000000e+00,-0.000000000000000000e+00,0.000000000000000000e+00,-0.000000000000000000e+00,-9.183587541391241560e-02,-0.000000000000000000e+00,-1.256380676217183634e-01,-4.364640680429691943e-02
-1.342848198176253005e-01,-2.144565543957269171e-01,-2.306500605328910269e-01,-0.000000000000000000e+00,-0.000000000000000000e+00,-0.000000000000000000e+00,-1.671939500119489774e-01,1.855717464207733147e-01,-0.000000000000000000e+00,0.000000000000000000e+00,-0.000000000000000000e+00,-0.000000000000000000e+00,-0.000000000000000000e+00,-1.681442939420715321e-01,-0.000000000000000000e+00,0.000000000000000000e+00,2.176631796800250832e-02,0.000000000000000000e+00,0.000000000000000000e+00,-0.000000000000000000e+00,-0.000000000000000000e+00,-1.585124153736612584e-01,-0.000000000000000000e+00,-1.208621748950968050e-01,-0.000000000000000000e+00,2.881201921653291809e+00,-3.429377705763241857e-01,-2.772945292304879183e-01,-2.222457741172805812e-01,9.444284470765221262e-02,-0.000000000000000000e+00,-0.000000000000000000e+00,-2.592126969469604192e-01,0.000000000000000000e+00,-3.382827839886675680e-01,-0.000000000000000000e+00,-1.398405916914382263e-01,-0.000000000000000000e+00,-0.000000000000000000e+00
-8.739556751946603308e-02,-2.308483981872698487e-01,-2.320591330841901834e-01,-0.000000000000000000e+00,-1.388382318701960882e-01,0.000000000000000000e+00,-0.000000000000000000e+00,9.106782172288846455e-02,-0.000000000000000000e+00,0.000000000000000000e+00,-0.000000000000000000e+00,-1.892621383204622088e-01,0.000000000000000000e+00,-3.580980870577067376e-01,-0.000000000000000000e+00,-0.000000000000000000e+00,2.370269352493119611e-02,0.000000000000000000e+00,6.301218898491801890e-02,-0.000000000000000000e+00,-0.000000000000000000e+00,-0.000000000000000000e+00,-0.000000000000000000e+00,-0.000000000000000000e+00,-0.000000000000000000e+00,-3.429377705763241857e-01,2.421267722083666918e+00,-0.000000000000000000e+00,-0.000000000000000000e+00,0.000000000000000000e+00,-2.821419394015557969e-01,-0.000000000000000000e+00,-0.000000000000000000e+00,-0.000000000000000000e+00,-3.411836886910634692e-01,-0.000000000000000000e+00,-0.000000000000000000e+00,-0.000000000000000000e+00,-2.276245553994052651e-01
-0.000000000000000000e+00,-0.000000000000000000e+00,-3.087901151939983491e-01,-1.866772520339766150e-01,-0.000000000000000000e+00,-0.000000000000000000e+00,-1.624253963226907072e-01,2.414750271807579451e-01,-0.000000000000000000e+00,0.000000000000000000e+00,-0.000000000000000000e+00,-0.000000000000000000e+00,-1.605278682555547898e-01,-0.000000000000000000e+00,-0.000000000000000000e+00,0.000000000000000000e+00,0.000000000000000000e+00,0.000000000000000000e+00,0.000000000000000000e+00,-0.000000000000000000e+00,-3.038862074057396279e-01,-0.000000000000000000e+00,-4.177303728545102013e-01,-1.327773743229481440e-01,-0.000000000000000000e+00,-2.772945292304879183e-01,-0.000000000000000000e+00,2.789062917574967049e+00,-2.504061131753920755e-01,3.426267341210012529e-02,-0.000000000000000000e+00,-0.000000000000000000e+00,-3.227903355390761564e-01,0.000000000000000000e+00,-0.000000000000000000e+00,-0.000000000000000000e+00,-1.160144707461526897e-01,-0.000000000000000000e+00,-0.000000000000000000e+00
-6.176035532895542135e-02,-1.686377127462580505e-01,-3.326488289970686713e-02,-0.000000000000000000e+00,-0.000000000000000000e+00,-6.149945408027827215e-02,-0.000000000000000000e+00,1.657496151826993169e-01,-0.000000000000000000e+00,0.000000000000000000e+00,-0.000000000000000000e+00,-0.000000000000000000e+00,-0.000000000000000000e+00,-0.000000000000000000e+00,-0.000000000000000000e+00,0.000000000000000000e+00,0.000000000000000000e+00,0.000000000000000000e+00,0.000000000000000000e+00,-0.000000000000000000e+00,-0.000000000000000000e+00,-0.000000000000000000e+00,-3.522616504743069088e-01,-4.151802801049653824e-01,-0.000000000000000000e+00,-2.222457741172805812e-01,-0.000000000000000000e+00,-2.504061131753920755e-01,2.629797258786432668e+00,9.266988443165355416e-02,-0.000000000000000000e+00,-1.323008621263650764e-02,-8.321896663214553569e-02,0.000000000000000000e+00,-3.257701886526511159e-01,-0.000000000000000000e+00,-4.102280083509363684e-01,-0.000000000000000000e+00,-0.000000000000000000e+00
0.000000000000000000e+00,0.000000000000000000e+00,0.000000000000000000e+00,0.000000000000000000e+00,0.000000000000000000e+00,0.000000000000000000e+00,9.665625331863118841e-02,-0.000000000000000000e+00,0.000000000000000000e+00,-3.844358924651382070e-01,6.384381535451842671e-02,0.000000000000000000e+00,5.111882006359962788e-02,0.000000000000000000e+00,-0.000000000000000000e+00,-0.000000000000000000e+00,0.000000000000000000e+00,-0.000000000000000000e+00,-1.681607635524245969e-01,0.000000000000000000e+00,6.756547559756362342e-02,6.142653907395435875e-02,0.000000000000000000e+00,2.484966962287294898e-02,0.000000000000000000e+00,9.444284470765221262e-02,0.000000000000000000e+00,3.426267341210012529e-02,9.266988443165355416e-02,1.728858752953148503e+00,0.000000000000000000e+00,0.000000000000000000e+00,9.823032211395749114e-02,-0.000000000000000000e+00,2.308392852900012227e-01,-0.000000000000000000e+00,2.638697778351275502e-01,-0.000000000000000000e+00,0.000000000000000000e+00
-1.298025165798332992e-01,-9.785408094140607416e-02,-0.000000000000000000e+00,-0.000000000000000000e+00,-1.052596808330272804e-01,0.000000000000000000e+00,-0.000000000000000000e+00,5.097511795275538188e-02,-0.000000000000000000e+00,-0.000000000000000000e+00,-0.000000000000000000e+00,-6.066908546388651846e-01,0.000000000000000000e+00,-3.238911590230924564e-01,-0.000000000000000000e+00,-0.000000000000000000e+00,9.492827941699132077e-02,0.000000000000000000e+00,4.503438263561265059e-02,0.000000000000000000e+00,-0.000000000000000000e+00,-0.000000000000000000e+00,-0.000000000000000000e+00,-0.000000000000000000e+00,-0.000000000000000000e+00,-0.000000000000000000e+00,-2.821419394015557969e-01,-0.000000000000000000e+00,-0.000000000000000000e+00,0.000000000000000000e+00,2.053960538212502129e+00,-0.000000000000000000e+00,-0.000000000000000000e+00,-0.000000000000000000e+00,-1.081113953397710020e-01,-0.000000000000000000e+00,-0.000000000000000000e+00,-0.000000000000000000e+00,-2.667737034505477389e-01
-0.000000000000000000e+00,-0.000000000000000000e+00,-0.000000000000000000e+00,-0.000000000000000000e+00,-0.000000000000000000e+00,-1.557246904801638451e-02,-0.000000000000000000e+00,0.000000000000000000e+00,-0.000000000000000000e+00,0.000000000000000000e+00,-5.106111054704456365e-01,-0.000000000000000000e+00,-0.000000000000000000e+00,-0.000000000000000000e+00,0.000000000000000000e+00,0.000000000000000000e+00,-0.000000000000000000e+00,0.000000000000000000e+00,0.000000000000000000e+00,-0.000000000000000000e+00,-0.000000000000000000e+00,-0.000000000000000000e+00,-0.000000000000000000e+00,-0.000000000000000000e+00,-0.000000000000000000e+00,-0.000000000000000000e+00,-0.000000000000000000e+00,-0.000000000000000000e+00,-1.323008621263650764e-02,0.000000000000000000e+00,-0.000000000000000000e+00,1.459229158045991959e+00,-0.000000000000000000e+00,0.000000000000000000e+00,-1.619634283544469089e-01,0.000000000000000000e+00,-3.355990216207744292e-01,0.000000000000000000e+00,-4.875935213731346501e-02
-0.000000000000000000e+00,-0.000000000000000000e+00,-2.219412383337494854e-01,-2.830398586973125186e-01,-0.000000000000000000e+00,-0.000000000000000000e+00,-2.980003048831850743e-01,0.000000000000000000e+00,0.000000000000000000e+00,0.000000000000000000e+00,-0.000000000000000000e+00,-0.000000000000000000e+00,-9.254394544887276086e-02,-0.000000000000000000e+00,-0.000000000000000000e+00,0.000000000000000000e+00,0.000000000000000000e+00,2.241761142961590583e-02,0.000000000000000000e+00,-8.143066300953279157e-02,-4.600204773129273894e-01,-3.711325062652736095e-01,-0.000000000000000000e+00,-2.025956940559408836e-01,-0.000000000000000000e+00,-2.592126969469604192e-01,-0.000000000000000000e+00,-3.227903355390761564e-01,-8.321896663214553569e-02,9.823032211395749114e-02,-0.000000000000000000e+00,-0.000000000000000000e+00,2.906142356749088940e+00,0.000000000000000000e+00,-6.541676467103943460e-02,0.000000000000000000e+00,-1.476662891822343449e-01,-0.000000000000000000e+00,-0.000000000000000000e+00
-0.000000000000000000e+00,-0.000000000000000000e+00,0.000000000000000000e+00,0.000000000000000000e+00,-1.717914138037276162e-01,0.000000000000000000e+00,4.927402201449142261e-02,0.000000000000000000e+00,-1.009755149153893222e-01,-8.817278721326640700e-02,5.295742950944212768e-02,-1.047004136404221103e-01,1.021867889854634476e-01,0.000000000000000000e+00,-2.689891551917544255e-01,-1.869885191391952861e-01,0.000000000000000000e+00,-8.130825287663211165e-02,-3.087037077802020080e-01,0.000000000000000000e+00,0.000000000000000000e+00,0.000000000000000000e+00,0.000000000000000000e+00,0.000000000000000000e+00,0.000000000000000000e+00,0.000000000000000000e+00,-0.000000000000000000e+00,0.000000000000000000e+00,0.000000000000000000e+00,-0.000000000000000000e+00,-0.000000000000000000e+00,0.000000000000000000e+00,0.000000000000000000e+00,1.312881740378441853e+00,0.000000000000000000e+00,-0.000000000000000000e+00,0.000000000000000000e+00,-0.000000000000000000e+00,-0.000000000000000000e+00
-0.000000000000000000e+00,-2.524799041513652864e-01,-5.175190467048058907e-02,-0.000000000000000000e+00,-0.000000000000000000e+00,-0.000000000000000000e+00,-1.027604672964381460e-01,9.557731240880688525e-03,-0.000000000000000000e+00,0.000000000000000000e+00,-0.000000000000000000e+00,-0.000000000000000000e+00,-0.000000000000000000e+00,-7.031932089410425357e-02,-0.000000000000000000e+00,0.000000000000000000e+00,0.000000000000000000e+00,0.000000000000000000e+00,1.251516119300953023e-01,-0.000000000000000000e+00,-0.000000000000000000e+00,-2.072458788191677281e-01,-0.000000000000000000e+00,-1.791028149681511139e-01,-0.000000000000000000e+00,-3.382827839886675680e-01,-3.411836886910634692e-01,-0.000000000000000000e+00,-3.257701886526511159e-01,2.308392852900012227e-01,-1.081113953397710020e-01,-1.619634283544469089e-01,-6.541676467103943460e-02,0.000000000000000000e+00,2.804999589608158761e+00,-0.000000000000000000e+00,-4.706638939171385871e-01,-0.000000000000000000e+00,-0.000000000000000000e+00
-0.000000000000000000e+00,-0.000000000000000000e+00,-0.000000000000000000e+00,0.000000000000000000e+00,-6.763456030415804232e-02,0.000000000000000000e+00,0.000000000000000000e+00,0.000000000000000000e+00,-1.278374434728255515e-01,-2.081454039425195413e-01,6.718659875484604693e-02,-0.000000000000000000e+00,0.000000000000000000e+00,-1.218554623612656262e-01,-0.000000000000000000e+00,-2.069777967849913136e-01,0.000000000000000000e+00,0.000000000000000000e+00,-0.000000000000000000e+00,0.000000000000000000e+00,0.000000000000000000e+00,0.000000000000000000e+00,-0.000000000000000000e+00,0.000000000000000000e+00,-9.183587541391241560e-02,-0.000000000000000000e+00,-0.000000000000000000e+00,-0.000000000000000000e+00,-0.000000000000000000e+00,-0.000000000000000000e+00,-0.000000000000000000e+00,0.000000000000000000e+00,0.000000000000000000e+00,-0.000000000000000000e+00,-0.000000000000000000e+00,1.249173279250542112e+00,0.000000000000000000e+00,-1.259468829528920808e-01,-0.000000000000000000e+00
-0.000000000000000000e+00,-1.355314717136160418e-01,-0.000000000000000000e+00,-3.371850134904693513e-02,-0.000000000000000000e+00,-0.000000000000000000e+00,-2.035351600321717025e-01,0.000000000000000000e+00,-0.000000000000000000e+00,0.000000000000000000e+00,-1.073001384448482171e-01,-0.000000000000000000e+00,-0.000000000000000000e+00,-0.000000000000000000e+00,-0.000000000000000000e+00,0.000000000000000000e+00,0.000000000000000000e+00,0.000000000000000000e+00,3.108522874336825184e-02,-0.000000000000000000e+00,-0.000000000000000000e+00,-1.993125215637228942e-01,-0.000000000000000000e+00,-3.714503752495916244e-01,-0.000000000000000000e+00,-1.398405916914382263e-01,-0.000000000000000000e+00,-1.160144707461526897e-01,-4.102280083509363684e-01,2.638697778351275502e-01,-0.000000000000000000e+00,-3.355990216207744292e-01,-1.476662891822343449e-01,0.000000000000000000e+00,-4.706638939171385871e-01,0.000000000000000000e+00,2.748031777710784329e+00,0.000000000000000000e+00,-0.000000000000000000e+00
-1.958929685132788368e-01,-0.000000000000000000e+00,-0.000000000000000000e+00,0.000000000000000000e+00,-0.000000000000000000e+00,0.000000000000000000e+00,0.000000000000000000e+00,0.000000000000000000e+00,-3.126578692513187763e-01,-0.000000000000000000e+00,0.000000000000000000e+00,-0.000000000000000000e+00,0.000000000000000000e+00,-0.000000000000000000e+00,-1.427070109470950920e-01,-1.057722607600899978e-01,0.000000000000000000e+00,0.000000000000000000e+00,0.000000000000000000e+00,0.000000000000000000e+00,0.000000000000000000e+00,0.000000000000000000e+00,-0.000000000000000000e+00,-0.000000000000000000e+00,-1.256380676217183634e-01,-0.000000000000000000e+00,-0.000000000000000000e+00,-0.000000000000000000e+00,-0.000000000000000000e+00,-0.000000000000000000e+00,-0.000000000000000000e+00,0.000000000000000000e+00,-0.000000000000000000e+00,-0.000000000000000000e+00,-0.000000000000000000e+00,-1.259468829528920808e-01,0.000000000000000000e+00,1.369185030663302438e+00,-1.529469367657084189e-01
-2.353125032479386203e-01,-3.031522975109919860e-01,-0.000000000000000000e+00,-0.000000000000000000e+00,-1.270956964600127581e-01,-0.000000000000000000e+00,-0.000000000000000000e+00,4.455220592488977338e-02,-4.776285601228558164e-01,-0.000000000000000000e+00,-0.000000000000000000e+00,-3.490477791535398500e-01,0.000000000000000000e+00,-9.335701264641814434e-02,-0.000000000000000000e+00,-0.000000000000000000e+00,0.000000000000000000e+00,-0.000000000000000000e+00,0.000000000000000000e+00,0.000000000000000000e+00,-0.000000000000000000e+00,-0.000000000000000000e+00,-0.000000000000000000e+00,-0.000000000000000000e+00,-4.364640680429691943e-02,-0.000000000000000000e+00,-2.276245553994052651e-01,-0.000000000000000000e+00,-0.000000000000000000e+00,0.000000000000000000e+00,-2.667737034505477389e-01,-4.875935213731346501e-02,-0.000000000000000000e+00,-0.000000000000000000e+00,-0.000000000000000000e+00,-0.000000000000000000e+00,-0.000000000000000000e+00,-1.529469367657084189e-01,2.169803659616453828e+00
