1.755273451230740189e+00,-6.752805273029847954e-02,-0.000000000000000000e+00,-0.000000000000000000e+00,-1.450563570656922957e-04,0.000000000000000000e+00,0.000000000000000000e+00,2.392005617515736027e-03,-4.321985854746900335e-01,-0.000000000000000000e+00,0.000000000000000000e+00,-0.000000000000000000e+00,0.000000000000000000e+00,-0.000000000000000000e+00,-0.000000000000000000e+00,-0.000000000000000000e+00,-0.000000000000000000e+00,-0.000000000000000000e+00,0.000000000000000000e+00,-0.000000000000000000e+00,-0.000000000000000000e+00,-0.000000000000000000e+00,-0.000000000000000000e+00,-1.392768350047211834e-01,-0.000000000000000000e+00,-1.985033502290729224e-01,-0.000000000000000000e+00,-0.000000000000000000e+00,-3.353593170808970569e-01,-3.126472036635374319e-01,-0.000000000000000000e+00,0.000000000000000000e+00,-0.000000000000000000e+00,-0.000000000000000000e+00,-0.000000000000000000e+00,-0.000000000000000000e+00,-0.000000000000000000e+00,-1.063704859204801095e-01,-0.000000000000000000e+00
-6.752805273029847954e-02,1.933567676092423637e+00,-1.466489642487832194e-02,0.000000000000000000e+00,-4.632214955140560864e-02,0.000000000000000000e+00,0.000000000000000000e+00,9.297946460430124571e-02,-2.364772869590767990e-01,-2.149560239002686612e-01,0.000000000000000000e+00,-6.530825434601333912e-02,0.000000000000000000e+00,-3.168475683045733904e-01,-6.561945827446274970e-02,-0.000000000000000000e+00,0.000000000000000000e+00,0.000000000000000000e+00,0.000000000000000000e+00,-0.000000000000000000e+00,-0.000000000000000000e+00,-0.000000000000000000e+00,-1.501970729497770496e-01,-0.000000000000000000e+00,-4.501229049672116067e-02,-1.226395334304474366e-01,-0.000000000000000000e+00,-0.000000000000000000e+00,-2.781008555206227612e-02,-0.000000000000000000e+00,-7.939804649390758140e-02,-0.000000000000000000e+00,-0.000000000000000000e+00,-1.132555674578894500e-01,-0.000000000000000000e+00,-1.994704981437752656e-01,-0.000000000000000000e+00,-0.000000000000000000e+00,-0.000000000000000000e+00
-0.000000000000000000e+00,-1.466489642487832194e-02,2.564144988569019290e+00,0.000000000000000000e+00,-3.454086853726722195e-01,0.000000000000000000e+00,0.000000000000000000e+00,8.189473459400880007e-01,-1.344106948392202461e-01,-2.323665929810541167e-02,0.000000000000000000e+00,-0.000000000000000000e+00,0.000000000000000000e+00,-1.155943458926705220e-01,-0.000000000000000000e+00,-1.518063544165651757e-01,0.000000000000000000e+00,0.000000000000000000e+00,0.000000000000000000e+00,-0.000000000000000000e+00,-1.207742819752805480e-01,-0.000000000000000000e+00,-3.071501057640002585e-02,-0.000000000000000000e+00,-0.000000000000000000e+00,-4.869318514912666235e-02,-0.000000000000000000e+00,-1.238993976905253536e-01,-0.000000000000000000e+00,-1.275514806290323211e-01,-0.000000000000000000e+00,-0.000000000000000000e+00,-3.328732038408716010e-01,-2.185910877894108872e-01,-0.000000000000000000e+00,-0.000000000000000000e+00,-0.000000000000000000e+00,-2.430155450912410350e-02,-0.000000000000000000e+00
-0.000000000000000000e+00,0.000000000000000000e+00,0.000000000000000000e+00,1.313478909706296660e+00,-0.000000000000000000e+00,-0.000000000000000000e+00,-0.000000000000000000e+00,-0.000000000000000000e+00,-0.000000000000000000e+00,-0.000000000000000000e+00,0.000000000000000000e+00,0.000000000000000000e+00,-0.000000000000000000e+00,0.000000000000000000e+00,-1.093889097390017828e-01,0.000000000000000000e+00,0.000000000000000000e+00,-2.235262793006189685e-01,-4.912053040607983756e-01,-0.000000000000000000e+00,0.000000000000000000e+00,0.000000000000000000e+00,-0.000000000000000000e+00,-0.000000000000000000e+00,0.000000000000000000e+00,-0.000000000000000000e+00,0.000000000000000000e+00,0.000000000000000000e+00,0.000000000000000000e+00,-0.000000000000000000e+00,0.000000000000000000e+00,0.000000000000000000e+00,0.000000000000000000e+00,-0.000000000000000000e+00,7.990221609705588576e-03,0.000000000000000000e+00,0.000000000000000000e+00,-0.000000000000000000e+00,-4.749650353785964119e-02
-1.450563570656922957e-04,-4.632214955140560864e-02,-3.454086853726722195e-01,-0.000000000000000000e+00,1.716991012748573464e+00,0.000000000000000000e+00,0.000000000000000000e+00,2.480432983725338603e-01,-2.573519208737492514e-01,-0.000000000000000000e+00,0.000000000000000000e+00,-0.000000000000000000e+00,0.000000000000000000e+00,-2.169139742897065737e-01,-0.000000000000000000e+00,-0.000000000000000000e+00,-0.000000000000000000e+00,-0.000000000000000000e+00,-0.000000000000000000e+00,-0.000000000000000000e+00,-0.000000000000000000e+00,-0.000000000000000000e+00,-0.000000000000000000e+00,-0.000000000000000000e+00,-0.000000000000000000e+00,-2.175346585868754012e-01,-0.000000000000000000e+00,-0.000000000000000000e+00,-0.000000000000000000e+00,-8.616301492095804204e-02,-0.000000000000000000e+00,-0.000000000000000000e+00,-0.000000000000000000e+00,-0.000000000000000000e+00,-0.000000000000000000e+00,-0.000000000000000000e+00,-0.000000000000000000e+00,-0.000000000000000000e+00,-0.000000000000000000e+00
0.000000000000000000e+00,0.000000000000000000e+00,0.000000000000000000e+00,-0.000000000000000000e+00,0.000000000000000000e+00,2.335319955929839431e+00,-1.150208393997717848e-01,-0.000000000000000000e+00,0.000000000000000000e+00,0.000000000000000000e+00,-4.770211811351340869e-01,4.212185686981716470e-01,-0.000000000000000000e+00,-0.000000000000000000e+00,0.000000000000000000e+00,0.000000000000000000e+00,-5.227374866076741622e-01,-0.000000000000000000e+00,-0.000000000000000000e+00,3.382950623886660929e-02,6.606965681275833724e-02,7.093243807208073071e-02,0.000000000000000000e+00,-0.000000000000000000e+00,0.000000000000000000e+00,0.000000000000000000e+00,-0.000000000000000000e+00,0.000000000000000000e+00,-0.000000000000000000e+00,-0.000000000000000000e+00,0.000000000000000000e+00,-0.000000000000000000e+00,0.000000000000000000e+00,9.727669188539420086e-02,-1.422783732718782834e-01,6.458111596538763585e-03,-3.981156488775607905e-01,1.114460775720766683e-01,0.000000000000000000e+00
0.000000000000000000e+00,0.000000000000000000e+00,0.000000000000000000e+00,-0.000000000000000000e+00,0.000000000000000000e+00,-1.150208393997717848e-01,1.511274001192691063e+00,-1.173124255231411221e-02,0.000000000000000000e+00,0.000000000000000000e+00,-0.000000000000000000e+00,1.217789001450912262e-01,-5.493444165557606618e-02,0.000000000000000000e+00,0.000000000000000000e+00,0.000000000000000000e+00,-0.000000000000000000e+00,-0.000000000000000000e+00,-3.819008540286719655e-01,0.000000000000000000e+00,1.736978726281243335e-01,5.519377008365508597e-02,0.000000000000000000e+00,0.000000000000000000e+00,0.000000000000000000e+00,0.000000000000000000e+00,0.000000000000000000e+00,2.130989280516423501e-01,0.000000000000000000e+00,0.000000000000000000e+00,0.000000000000000000e+00,-0.000000000000000000e+00,0.000000000000000000e+00,0.000000000000000000e+00,-0.000000000000000000e+00,8.756769739278151554e-02,-0.000000000000000000e+00,0.000000000000000000e+00,-0.000000000000000000e+00
2.392005617515736027e-03,9.297946460430124571e-02,8.189473459400880007e-01,-0.000000000000000000e+00,2.480432983725338603e-01,-0.000000000000000000e+00,-1.173124255231411221e-02,2.469152762924873290e+00,1.103257341879243236e-01,0.000000000000000000e+00,-0.000000000000000000e+00,0.000000000000000000e+00,-1.643769215180939172e-02,1.038604996694504207e-01,0.000000000000000000e+00,3.456970806794088663e-02,-0.000000000000000000e+00,-0.000000000000000000e+00,-0.000000000000000000e+00,0.000000000000000000e+00,2.111994569493656770e-01,0.000000000000000000e+00,6.703397463769482367e-02,0.000000000000000000e+00,1.600201273887006878e-02,5.594209097113309742e-02,0.000000000000000000e+00,1.610067668245672989e-01,0.000000000000000000e+00,0.000000000000000000e+00,0.000000000000000000e+00,0.000000000000000000e+00,2.792016946432892555e-01,1.451496553533538070e-01,0.000000000000000000e+00,0.000000000000000000e+00,-0.000000000000000000e+00,1.132716636045859732e-01,0.000000000000000000e+00
-4.321985854746900335e-01,-2.364772869590767990e-01,-1.344106948392202461e-01,-0.000000000000000000e+00,-2.573519208737492514e-01,0.000000000000000000e+00,0.000000000000000000e+00,1.103257341879243236e-01,1.993313406321403969e+00,-0.000000000000000000e+00,0.000000000000000000e+00,-0.000000000000000000e+00,0.000000000000000000e+00,-0.000000000000000000e+00,-1.978875920547194800e-01,-0.000000000000000000e+00,0.000000000000000000e+00,-0.000000000000000000e+00,-0.000000000000000000e+00,-0.000000000000000000e+00,-0.000000000000000000e+00,-0.000000000000000000e+00,-0.000000000000000000e+00,-0.000000000000000000e+00,-0.000000000000000000e+00,-0.000000000000000000e+00,-0.000000000000000000e+00,-0.000000000000000000e+00,-0.000000000000000000e+00,-1.080622616793092683e-01,-0.000000000000000000e+00,0.000000000000000000e+00,-0.000000000000000000e+00,-1.342541640002649916e-01,0.000000000000000000e+00,-0.000000000000000000e+00,0.000000000000000000e+00,-3.182665501174988254e-01,-1.074632454913728580e-01
-0.000000000000000000e+00,-2.149560239002686612e-01,-2.323665929810541167e-02,-0.000000000000000000e+00,-0.000000000000000000e+00,0.000000000000000000e+00,0.000000000000000000e+00,0.000000000000000000e+00,-0.000000000000000000e+00,2.467597576563440143e+00,6.286864482185408609e-02,-1.396671382543278606e-01,1.765727839440690561e-01,-1.981849736036082540e-02,-0.000000000000000000e+00,-4.767546956635613786e-01,0.000000000000000000e+00,0.000000000000000000e+00,0.000000000000000000e+00,-7.626077185353043186e-02,-0.000000000000000000e+00,-0.000000000000000000e+00,-3.283940152715285610e-01,-0.000000000000000000e+00,-1.419981832832134805e-01,-2.489962731935406459e-01,-0.000000000000000000e+00,-6.617856276775427316e-02,-0.000000000000000000e+00,-9.633094881324631709e-02,-1.785297864570031534e-01,-0.000000000000000000e+00,-0.000000000000000000e+00,-3.885652591471065731e-02,0.000000000000000000e+00,-2.976230997634211617e-01,0.000000000000000000e+00,-0.000000000000000000e+00,-0.000000000000000000e+00
0.000000000000000000e+00,0.000000000000000000e+00,0.000000000000000000e+00,0.000000000000000000e+00,0.000000000000000000e+00,-4.770211811351340869e-01,-0.000000000000000000e+00,-0.000000000000000000e+00,0.000000000000000000e+00,6.286864482185408609e-02,2.270577022311885518e+00,3.344729376296989298e-01,-0.000000000000000000e+00,0.000000000000000000e+00,2.343899767190741334e-01,0.000000000000000000e+00,-6.625005694844006143e-01,-0.000000000000000000e+00,-0.000000000000000000e+00,7.837080410683198994e-03,1.039817291297292362e-01,1.077145731056487928e-02,4.431782657536201958e-02,-0.000000000000000000e+00,0.000000000000000000e+00,0.000000000000000000e+00,-0.000000000000000000e+00,0.000000000000000000e+00,0.000000000000000000e+00,0.000000000000000000e+00,0.000000000000000000e+00,-0.000000000000000000e+00,0.000000000000000000e+00,2.803805383693602771e-02,-0.000000000000000000e+00,1.722655963653898781e-01,-8.707690936135684123e-02,1.202397357736606220e-01,0.000000000000000000e+00
-0.000000000000000000e+00,-6.530825434601333912e-02,-0.000000000000000000e+00,0.000000000000000000e+00,-0.000000000000000000e+00,4.212185686981716470e-01,1.217789001450912262e-01,0.000000000000000000e+00,-0.000000000000000000e+00,-1.396671382543278606e-01,3.344729376296989298e-01,2.472147036498718364e+00,0.000000000000000000e+00,-0.000000000000000000e+00,-0.000000000000000000e+00,-0.000000000000000000e+00,9.765544752094108827e-02,0.000000000000000000e+00,0.000000000000000000e+00,-3.572698758793953211e-02,-1.206186309048085520e-01,-3.260361270840586023e-01,-5.193550619195087814e-02,-0.000000000000000000e+00,-0.000000000000000000e+00,-0.000000000000000000e+00,-0.000000000000000000e+00,-1.127321306498666048e-01,-0.000000000000000000e+00,-0.000000000000000000e+00,-7.647957835385169045e-02,0.000000000000000000e+00,-0.000000000000000000e+00,-3.807276774118918405e-01,0.000000000000000000e+00,-3.569810079447718887e-01,0.000000000000000000e+00,-0.000000000000000000e+00,-0.000000000000000000e+00
0.000000000000000000e+00,0.000000000000000000e+00,0.000000000000000000e+00,-0.000000000000000000e+00,0.000000000000000000e+00,-0.000000000000000000e+00,-5.493444165557606618e-02,-1.643769215180939172e-02,0.000000000000000000e+00,1.765727839440690561e-01,-0.000000000000000000e+00,0.000000000000000000e+00,1.930834536374085086e+00,0.000000000000000000e+00,0.000000000000000000e+00,1.616952838023745231e-01,-0.000000000000000000e+00,-0.000000000000000000e+00,-0.000000000000000000e+00,8.538207890693320923e-02,3.096836306414916043e-02,1.987243684229977325e-01,0.000000000000000000e+00,0.000000000000000000e+00,1.046473269804042427e-01,0.000000000000000000e+00,2.148867046997628705e-01,2.783297418509149135e-01,0.000000000000000000e+00,4.509264375939246033e-02,3.443341318934454165e-01,0.000000000000000000e+00,6.203018308803542880e-02,7.840642326371870599e-03,0.000000000000000000e+00,8.818898205186341153e-04,-0.000000000000000000e+00,5.472155385708815656e-02,0.000000000000000000e+00
-0.000000000000000000e+00,-3.168475683045733904e-01,-1.155943458926705220e-01,0.000000000000000000e+00,-2.169139742897065737e-01,-0.000000000000000000e+00,0.000000000000000000e+00,1.038604996694504207e-01,-0.000000000000000000e+00,-1.981849736036082540e-02,0.000000000000000000e+00,-0.000000000000000000e+00,0.000000000000000000e+00,2.258535136138575705e+00,-0.000000000000000000e+00,-1.108024562109577588e-01,-0.000000000000000000e+00,0.000000000000000000e+00,0.000000000000000000e+00,-0.000000000000000000e+00,-0.000000000000000000e+00,-0.000000000000000000e+00,-1.554838546569676239e-01,-1.165433079399513516e-01,-2.592908676472108209e-01,-1.378694461344723843e-01,-0.000000000000000000e+00,-3.121519048075922440e-02,-5.449536107008259300e-01,-1.520603927818350853e-01,-0.000000000000000000e+00,-0.000000000000000000e+00,-1.064751578975209056e-01,-0.000000000000000000e+00,-1.996056633261788366e-02,-0.000000000000000000e+00,-0.000000000000000000e+00,-0.000000000000000000e+00,-0.000000000000000000e+00
-0.000000000000000000e+00,-6.561945827446274970e-02,-0.000000000000000000e+00,-1.093889097390017828e-01,-0.000000000000000000e+00,0.000000000000000000e+00,0.000000000000000000e+00,0.000000000000000000e+00,-1.978875920547194800e-01,-0.000000000000000000e+00,2.343899767190741334e-01,-0.000000000000000000e+00,0.000000000000000000e+00,-0.000000000000000000e+00,1.324133486518667580e+00,-0.000000000000000000e+00,1.584265367653190162e-02,-0.000000000000000000e+00,-0.000000000000000000e+00,-2.067492192899452741e-01,-0.000000000000000000e+00,-0.000000000000000000e+00,-2.617945306255628490e-02,-0.000000000000000000e+00,-0.000000000000000000e+00,-6.396594923567230917e-02,0.000000000000000000e+00,-0.000000000000000000e+00,-0.000000000000000000e+00,-0.000000000000000000e+00,-0.000000000000000000e+00,0.000000000000000000e+00,-0.000000000000000000e+00,-1.905657250327598765e-02,0.000000000000000000e+00,-0.000000000000000000e+00,9.329512345977827859e-03,-0.000000000000000000e+00,-1.442619924298425560e-01
-0.000000000000000000e+00,-0.000000000000000000e+00,-1.518063544165651757e-01,0.000000000000000000e+00,-0.000000000000000000e+00,0.000000000000000000e+00,0.000000000000000000e+00,3.456970806794088663e-02,-0.000000000000000000e+00,-4.767546956635613786e-01,0.000000000000000000e+00,-0.000000000000000000e+00,1.616952838023745231e-01,-1.108024562109577588e-01,-0.000000000000000000e+00,2.347360613929676099e+00,0.000000000000000000e+00,0.000000000000000000e+00,0.000000000000000000e+00,-0.000000000000000000e+00,-1.637651592613078300e-01,-0.000000000000000000e+00,-2.014778093715559049e-01,-0.000000000000000000e+00,-0.000000000000000000e+00,-2.405028358381490206e-01,-1.232279037262108828e-01,-2.569770296491496464e-01,-0.000000000000000000e+00,-1.772143281594074915e-01,-1.778769638028080968e-01,-0.000000000000000000e+00,-0.000000000000000000e+00,-0.000000000000000000e+00,-0.000000000000000000e+00,-9.699402985082193618e-02,-0.000000000000000000e+00,-0.000000000000000000e+00,-0.000000000000000000e+00
-0.000000000000000000e+00,0.000000000000000000e+00,0.000000000000000000e+00,0.000000000000000000e+00,-0.000000000000000000e+00,-5.227374866076741622e-01,-0.000000000000000000e+00,-0.000000000000000000e+00,0.000000000000000000e+00,0.000000000000000000e+00,-6.625005694844006143e-01,9.765544752094108827e-02,-0.000000000000000000e+00,-0.000000000000000000e+00,1.584265367653190162e-02,0.000000000000000000e+00,2.145931282556660324e+00,-0.000000000000000000e+00,-0.000000000000000000e+00,0.000000000000000000e+00,0.000000000000000000e+00,0.000000000000000000e+00,0.000000000000000000e+00,-0.000000000000000000e+00,-0.000000000000000000e+00,0.000000000000000000e+00,-0.000000000000000000e+00,0.000000000000000000e+00,-0.000000000000000000e+00,-0.000000000000000000e+00,0.000000000000000000e+00,-4.011707136741668456e-02,-0.000000000000000000e+00,0.000000000000000000e+00,-3.630973686452590998e-01,0.000000000000000000e+00,-3.328931860699865242e-01,0.000000000000000000e+00,0.000000000000000000e+00
-0.000000000000000000e+00,0.000000000000000000e+00,0.000000000000000000e+00,-2.235262793006189685e-01,-0.000000000000000000e+00,-0.000000000000000000e+00,-0.000000000000000000e+00,-0.000000000000000000e+00,-0.000000000000000000e+00,0.000000000000000000e+00,-0.000000000000000000e+00,0.000000000000000000e+00,-0.000000000000000000e+00,0.000000000000000000e+00,-0.000000000000000000e+00,0.000000000000000000e+00,-0.000000000000000000e+00,1.663292026737020368e+00,-7.400182845646352536e-01,0.000000000000000000e+00,0.000000000000000000e+00,2.066634312673921725e-01,0.000000000000000000e+00,-0.000000000000000000e+00,0.000000000000000000e+00,-0.000000000000000000e+00,0.000000000000000000e+00,0.000000000000000000e+00,0.000000000000000000e+00,0.000000000000000000e+00,1.024173129145867361e-01,0.000000000000000000e+00,0.000000000000000000e+00,0.000000000000000000e+00,-0.000000000000000000e+00,1.098553149658341166e-01,-0.000000000000000000e+00,-0.000000000000000000e+00,-0.000000000000000000e+00
0.000000000000000000e+00,0.000000000000000000e+00,0.000000000000000000e+00,-4.912053040607983756e-01,-0.000000000000000000e+00,-0.000000000000000000e+00,-3.819008540286719655e-01,-0.000000000000000000e+00,-0.000000000000000000e+00,0.000000000000000000e+00,-0.000000000000000000e+00,0.000000000000000000e+00,-0.000000000000000000e+00,0.000000000000000000e+00,-0.000000000000000000e+00,0.000000000000000000e+00,-0.000000000000000000e+00,-7.400182845646352536e-01,1.915487413974297004e+00,0.000000000000000000e+00,1.278986140729247156e-01,4.167229528562655522e-02,0.000000000000000000e+00,0.000000000000000000e+00,0.000000000000000000e+00,0.000000000000000000e+00,0.000000000000000000e+00,0.000000000000000000e+00,0.000000000000000000e+00,0.000000000000000000e+00,4.907651774687959469e-03,0.000000000000000000e+00,9.263634947631943506e-02,0.000000000000000000e+00,0.000000000000000000e+00,0.000000000000000000e+00,0.000000000000000000e+00,0.000000000000000000e+00,-0.000000000000000000e+00
-0.000000000000000000e+00,-0.000000000000000000e+00,-0.000000000000000000e+00,-0.000000000000000000e+00,-0.000000000000000000e+00,3.382950623886660929e-02,0.000000000000000000e+00,0.000000000000000000e+00,-0.000000000000000000e+00,-7.626077185353043186e-02,7.837080410683198994e-03,-3.572698758793953211e-02,8.538207890693320923e-02,-0.000000000000000000e+00,-2.067492192899452741e-01,-0.000000000000000000e+00,0.000000000000000000e+00,0.000000000000000000e+00,0.000000000000000000e+00,1.380664973815906693e+00,-0.000000000000000000e+00,-3.778027266213859203e-01,-0.000000000000000000e+00,-0.000000000000000000e+00,-0.000000000000000000e+00,-0.000000000000000000e+00,-0.000000000000000000e+00,-0.000000000000000000e+00,-0.000000000000000000e+00,-0.000000000000000000e+00,-0.000000000000000000e+00,0.000000000000000000e+00,-0.000000000000000000e+00,-1.168274978008264631e-01,0.000000000000000000e+00,-0.000000000000000000e+00,0.000000000000000000e+00,-4.350336502394249599e-02,-0.000000000000000000e+00
-0.000000000000000000e+00,-0.000000000000000000e+00,-1.207742819752805480e-01,0.000000000000000000e+00,-0.000000000000000000e+00,6.606965681275833724e-02,1.736978726281243335e-01,2.111994569493656770e-01,-0.000000000000000000e+00,-0.000000000000000000e+00,1.039817291297292362e-01,-1.206186309048085520e-01,3.096836306414916043e-02,-0.000000000000000000e+00,-0.000000000000000000e+00,-1.637651592613078300e-01,0.000000000000000000e+00,0.000000000000000000e+00,1.278986140729247156e-01,-0.000000000000000000e+00,2.430657425056149012e+00,-5.096124612299263168e-01,-5.929197331354875422e-02,-0.000000000000000000e+00,-0.000000000000000000e+00,-0.000000000000000000e+00,-0.000000000000000000e+00,-4.675896957873876270e-01,-0.000000000000000000e+00,-0.000000000000000000e+00,-1.142640391092924063e-01,0.000000000000000000e+00,-1.131046095191927392e-01,-2.588178960998555045e-02,0.000000000000000000e+00,-1.332293523276036895e-01,0.000000000000000000e+00,-0.000000000000000000e+00,0.000000000000000000e+00
-0.000000000000000000e+00,-0.000000000000000000e+00,-0.000000000000000000e+00,0.000000000000000000e+00,-0.000000000000000000e+00,7.093243807208073071e-02,5.519377008365508597e-02,0.000000000000000000e+00,-0.000000000000000000e+00,-0.000000000000000000e+00,1.077145731056487928e-02,-3.260361270840586023e-01,1.987243684229977325e-01,-0.000000000000000000e+00,-0.000000000000000000e+00,-0.000000000000000000e+00,0.000000000000000000e+00,2.066634312673921725e-01,4.167229528562655522e-02,-3.778027266213859203e-01,-5.096124612299263168e-01,2.322281677383088550e+00,-0.000000000000000000e+00,-0.000000000000000000e+00,-0.000000000000000000e+00,-0.000000000000000000e+00,-0.000000000000000000e+00,-2.562146669595400938e-01,-0.000000000000000000e+00,-0.000000000000000000e+00,-2.607769979838823193e-01,0.000000000000000000e+00,-0.000000000000000000e+00,-7.423490924377804112e-02,-0.000000000000000000e+00,-8.201749453020079628e-02,0.000000000000000000e+00,-0.000000000000000000e+00,-0.000000000000000000e+00
-0.000000000000000000e+00,-1.501970729497770496e-01,-3.071501057640002585e-02,-0.000000000000000000e+00,-0.000000000000000000e+00,0.000000000000000000e+00,0.000000000000000000e+00,6.703397463769482367e-02,-0.000000000000000000e+00,-3.283940152715285610e-01,4.431782657536201958e-02,-5.193550619195087814e-02,0.000000000000000000e+00,-1.554838546569676239e-01,-2.617945306255628490e-02,-2.014778093715559049e-01,0.000000000000000000e+00,0.000000000000000000e+00,0.000000000000000000e+00,-0.000000000000000000e+00,-5.929197331354875422e-02,-0.000000000000000000e+00,2.350831777269850154e+00,-3.881438361730885772e-02,-4.140161557951226312e-01,-2.034908977013912268e-01,-0.000000000000000000e+00,-1.564682124595956070e-01,-1.237876840232739889e-01,-0.000000000000000000e+00,-0.000000000000000000e+00,-0.000000000000000000e+00,-0.000000000000000000e+00,-1.388569122318697169e-01,-0.000000000000000000e+00,-1.436564542064901195e-01,-0.000000000000000000e+00,-1.185514312754848004e-01,-0.000000000000000000e+00
-1.392768350047211834e-01,-0.000000000000000000e+00,-0.000000000000000000e+00,-0.000000000000000000e+00,-0.000000000000000000e+00,-0.000000000000000000e+00,0.000000000000000000e+00,0.000000000000000000e+00,-0.000000000000000000e+00,-0.000000000000000000e+00,-0.000000000000000000e+00,-0.000000000000000000e+00,0.000000000000000000e+00,-1.165433079399513516e-01,-0.000000000000000000e+00,-0.000000000000000000e+00,-0.000000000000000000e+00,-0.000000000000000000e+00,0.000000000000000000e+00,-0.000000000000000000e+00,-0.000000000000000000e+00,-0.000000000000000000e+00,-3.881438361730885772e-02,1.219165175634389087e+00,-1.511125329697878827e-01,-0.000000000000000000e+00,-0.000000000000000000e+00,-0.000000000000000000e+00,-9.903744340226902643e-02,-0.000000000000000000e+00,-0.000000000000000000e+00,-0.000000000000000000e+00,-1.630281146732073805e-01,-0.000000000000000000e+00,-0.000000000000000000e+00,-0.000000000000000000e+00,-6.004492376760547229e-02,-0.000000000000000000e+00,-0.000000000000000000e+00
-0.000000000000000000e+00,-4.501229049672116067e-02,-0.000000000000000000e+00,0.000000000000000000e+00,-0.000000000000000000e+00,0.000000000000000000e+00,0.000000000000000000e+00,1.600201273887006878e-02,-0.000000000000000000e+00,-1.419981832832134805e-01,0.000000000000000000e+00,-0.000000000000000000e+00,1.046473269804042427e-01,-2.592908676472108209e-01,-0.000000000000000000e+00,-0.000000000000000000e+00,-0.000000000000000000e+00,0.000000000000000000e+00,0.000000000000000000e+00,-0.000000000000000000e+00,-0.000000000000000000e+00,-0.000000000000000000e+00,-4.140161557951226312e-01,-1.511125329697878827e-01,1.844686213300236632e+00,-5.283302537216209155e-02,-1.548139093372199460e-01,-0.000000000000000000e+00,-0.000000000000000000e+00,-2.193440170121164490e-01,-0.000000000000000000e+00,-0.000000000000000000e+00,-8.028037304106531991e-02,-0.000000000000000000e+00,-0.000000000000000000e+00,-0.000000000000000000e+00,-0.000000000000000000e+00,-6.041155020264781655e-02,-9.367518556367744609e-02
-1.985033502290729224e-01,-1.226395334304474366e-01,-4.869318514912666235e-02,-0.000000000000000000e+00,-2.175346585868754012e-01,0.000000000000000000e+00,0.000000000000000000e+00,5.594209097113309742e-02,-0.000000000000000000e+00,-2.489962731935406459e-01,0.000000000000000000e+00,-0.000000000000000000e+00,0.000000000000000000e+00,-1.378694461344723843e-01,-6.396594923567230917e-02,-2.405028358381490206e-01,0.000000000000000000e+00,-0.000000000000000000e+00,0.000000000000000000e+00,-0.000000000000000000e+00,-0.000000000000000000e+00,-0.000000000000000000e+00,-2.034908977013912268e-01,-0.000000000000000000e+00,-5.283302537216209155e-02,2.187813575993595272e+00,-0.000000000000000000e+00,-2.321192658592345914e-01,-2.581427598688964542e-01,-0.000000000000000000e+00,-0.000000000000000000e+00,0.000000000000000000e+00,-0.000000000000000000e+00,-0.000000000000000000e+00,-0.000000000000000000e+00,-0.000000000000000000e+00,0.000000000000000000e+00,-1.636921191789853514e-01,-0.000000000000000000e+00
-0.000000000000000000e+00,-0.000000000000000000e+00,-0.000000000000000000e+00,0.000000000000000000e+00,-0.000000000000000000e+00,-0.000000000000000000e+00,0.000000000000000000e+00,0.000000000000000000e+00,-0.000000000000000000e+00,-0.000000000000000000e+00,-0.000000000000000000e+00,-0.000000000000000000e+00,2.148867046997628705e-01,-0.000000000000000000e+00,0.000000000000000000e+00,-1.232279037262108828e-01,-0.000000000000000000e+00,0.000000000000000000e+00,0.000000000000000000e+00,-0.000000000000000000e+00,-0.000000000000000000e+00,-0.000000000000000000e+00,-0.000000000000000000e+00,-0.000000000000000000e+00,-1.548139093372199460e-01,-0.000000000000000000e+00,1.556808315756353700e+00,-0.000000000000000000e+00,-0.000000000000000000e+00,-0.000000000000000000e+00,-5.705301318591924353e-01,-1.919469957062422405e-01,-3.353122926381723462e-02,-0.000000000000000000e+00,-1.379452554801990916e-01,-0.000000000000000000e+00,-0.000000000000000000e+00,-0.000000000000000000e+00,-0.000000000000000000e+00
-0.000000000000000000e+00,-0.000000000000000000e+00,-1.238993976905253536e-01,0.000000000000000000e+00,-0.000000000000000000e+00,0.000000000000000000e+00,2.130989280516423501e-01,1.610067668245672989e-01,-0.000000000000000000e+00,-6.617856276775427316e-02,0.000000000000000000e+00,-1.127321306498666048e-01,2.783297418509149135e-01,-3.121519048075922440e-02,-0.000000000000000000e+00,-2.569770296491496464e-01,0.000000000000000000e+00,0.000000000000000000e+00,0.000000000000000000e+00,-0.000000000000000000e+00,-4.675896957873876270e-01,-2.562146669595400938e-01,-1.564682124595956070e-01,-0.000000000000000000e+00,-0.000000000000000000e+00,-2.321192658592345914e-01,-0.000000000000000000e+00,2.679058048943886217e+00,-4.142192277442783427e-02,-0.000000000000000000e+00,-1.799130251178506223e-01,0.000000000000000000e+00,-1.580773503893528331e-01,-6.714610771470436168e-02,-0.000000000000000000e+00,-9.105955042290972412e-02,0.000000000000000000e+00,-0.000000000000000000e+00,-0.000000000000000000e+00
-3.353593170808970569e-01,-2.781008555206227612e-02,-0.000000000000000000e+00,0.000000000000000000e+00,-0.000000000000000000e+00,-0.000000000000000000e+00,0.000000000000000000e+00,0.000000000000000000e+00,-0.000000000000000000e+00,-0.000000000000000000e+00,0.000000000000000000e+00,-0.000000000000000000e+00,0.000000000000000000e+00,-5.449536107008259300e-01,-0.000000000000000000e+00,-0.000000000000000000e+00,-0.000000000000000000e+00,0.000000000000000000e+00,0.000000000000000000e+00,-0.000000000000000000e+00,-0.000000000000000000e+00,-0.000000000000000000e+00,-1.237876840232739889e-01,-9.903744340226902643e-02,-0.000000000000000000e+00,-2.581427598688964542e-01,-0.000000000000000000e+00,-4.142192277442783427e-02,1.714982280296562633e+00,-0.000000000000000000e+00,-0.000000000000000000e+00,-0.000000000000000000e+00,-0.000000000000000000e+00,-0.000000000000000000e+00,-4.368420191248232991e-03,-0.000000000000000000e+00,-0.000000000000000000e+00,-0.000000000000000000e+00,0.000000000000000000e+00
-3.126472036635374319e-01,-0.000000000000000000e+00,-1.275514806290323211e-01,-0.000000000000000000e+00,-8.616301492095804204e-02,-0.000000000000000000e+00,0.000000000000000000e+00,0.000000000000000000e+00,-1.080622616793092683e-01,-9.633094881324631709e-02,0.000000000000000000e+00,-0.000000000000000000e+00,4.509264375939246033e-02,-1.520603927818350853e-01,-0.000000000000000000e+00,-1.772143281594074915e-01,-0.000000000000000000e+00,0.000000000000000000e+00,0.000000000000000000e+00,-0.000000000000000000e+00,-0.000000000000000000e+00,-0.000000000000000000e+00,-0.000000000000000000e+00,-0.000000000000000000e+00,-2.193440170121164490e-01,-0.000000000000000000e+00,-0.000000000000000000e+00,-0.000000000000000000e+00,-0.000000000000000000e+00,1.769612367281296006e+00,-0.000000000000000000e+00,-0.000000000000000000e+00,-1.415745966772223030e-01,-0.000000000000000000e+00,-0.000000000000000000e+00,-0.000000000000000000e+00,-0.000000000000000000e+00,-1.555459415932914091e-01,-0.000000000000000000e+00
-0.000000000000000000e+00,-7.939804649390758140e-02,-0.000000000000000000e+00,0.000000000000000000e+00,-0.000000000000000000e+00,0.000000000000000000e+00,0.000000000000000000e+00,0.000000000000000000e+00,-0.000000000000000000e+00,-1.785297864570031534e-01,0.000000000000000000e+00,-7.647957835385169045e-02,3.443341318934454165e-01,-0.000000000000000000e+00,-0.000000000000000000e+00,-1.778769638028080968e-01,0.000000000000000000e+00,1.024173129145867361e-01,4.907651774687959469e-03,-0.000000000000000000e+00,-1.142640391092924063e-01,-2.607769979838823193e-01,-0.000000000000000000e+00,-0.000000000000000000e+00,-0.000000000000000000e+00,-0.000000000000000000e+00,-5.705301318591924353e-01,-1.799130251178506223e-01,-0.000000000000000000e+00,-0.000000000000000000e+00,2.307485578434308682e+00,-0.000000000000000000e+00,-2.855292012554863645e-01,-4.379556322236086846e-02,-0.000000000000000000e+00,-1.954918283074744481e-02,-0.000000000000000000e+00,-0.000000000000000000e+00,-0.000000000000000000e+00
0.000000000000000000e+00,-0.000000000000000000e+00,-0.000000000000000000e+00,0.000000000000000000e+00,-0.000000000000000000e+00,-0.000000000000000000e+00,-0.000000000000000000e+00,0.000000000000000000e+00,0.000000000000000000e+00,-0.000000000000000000e+00,-0.000000000000000000e+00,0.000000000000000000e+00,0.000000000000000000e+00,-0.000000000000000000e+00,0.000000000000000000e+00,-0.000000000000000000e+00,-4.011707136741668456e-02,0.000000000000000000e+00,0.000000000000000000e+00,0.000000000000000000e+00,0.000000000000000000e+00,0.000000000000000000e+00,-0.000000000000000000e+00,-0.000000000000000000e+00,-0.000000000000000000e+00,0.000000000000000000e+00,-1.919469957062422405e-01,0.000000000000000000e+00,-0.000000000000000000e+00,-0.000000000000000000e+00,-0.000000000000000000e+00,1.243415523287792590e+00,-0.000000000000000000e+00,0.000000000000000000e+00,-1.634112760014979626e-01,-0.000000000000000000e+00,-3.780495468076221499e-01,0.000000000000000000e+00,0.000000000000000000e+00
-0.000000000000000000e+00,-0.000000000000000000e+00,-3.328732038408716010e-01,0.000000000000000000e+00,-0.000000000000000000e+00,0.000000000000000000e+00,0.000000000000000000e+00,2.792016946432892555e-01,-0.000000000000000000e+00,-0.000000000000000000e+00,0.000000000000000000e+00,-0.000000000000000000e+00,6.203018308803542880e-02,-1.064751578975209056e-01,-0.000000000000000000e+00,-0.000000000000000000e+00,-0.000000000000000000e+00,0.000000000000000000e+00,9.263634947631943506e-02,-0.000000000000000000e+00,-1.131046095191927392e-01,-0.000000000000000000e+00,-0.000000000000000000e+00,-1.630281146732073805e-01,-8.028037304106531991e-02,-0.000000000000000000e+00,-3.353122926381723462e-02,-1.580773503893528331e-01,-0.000000000000000000e+00,-1.415745966772223030e-01,-2.855292012554863645e-01,-0.000000000000000000e+00,1.911518895427999132e+00,-0.000000000000000000e+00,-0.000000000000000000e+00,-0.000000000000000000e+00,-0.000000000000000000e+00,-0.000000000000000000e+00,-0.000000000000000000e+00
-0.000000000000000000e+00,-1.132555674578894500e-01,-2.185910877894108872e-01,-0.000000000000000000e+00,-0.000000000000000000e+00,9.727669188539420086e-02,0.000000000000000000e+00,1.451496553533538070e-01,-1.342541640002649916e-01,-3.885652591471065731e-02,2.803805383693602771e-02,-3.807276774118918405e-01,7.840642326371870599e-03,-0.000000000000000000e+00,-1.905657250327598765e-02,-0.000000000000000000e+00,0.000000000000000000e+00,0.000000000000000000e+00,0.000000000000000000e+00,-1.168274978008264631e-01,-2.588178960998555045e-02,-7.423490924377804112e-02,-1.388569122318697169e-01,-0.000000000000000000e+00,-0.000000000000000000e+00,-0.000000000000000000e+00,-0.000000000000000000e+00,-6.714610771470436168e-02,-0.000000000000000000e+00,-0.000000000000000000e+00,-4.379556322236086846e-02,0.000000000000000000e+00,-0.000000000000000000e+00,2.103477051082955906e+00,0.000000000000000000e+00,-3.382088161907954860e-02,0.000000000000000000e+00,-3.561493969886179722e-01,-1.068456825349666794e-01
-0.000000000000000000e+00,-0.000000000000000000e+00,-0.000000000000000000e+00,7.990221609705588576e-03,-0.000000000000000000e+00,-1.422783732718782834e-01,-0.000000000000000000e+00,0.000000000000000000e+00,0.000000000000000000e+00,0.000000000000000000e+00,-0.000000000000000000e+00,0.000000000000000000e+00,0.000000000000000000e+00,-1.996056633261788366e-02,0.000000000000000000e+00,-0.000000000000000000e+00,-3.630973686452590998e-01,-0.000000000000000000e+00,0.000000000000000000e+00,0.000000000000000000e+00,0.000000000000000000e+00,-0.000000000000000000e+00,-0.000000000000000000e+00,-0.000000000000000000e+00,-0.000000000000000000e+00,-0.000000000000000000e+00,-1.379452554801990916e-01,-0.000000000000000000e+00,-4.368420191248232991e-03,-0.000000000000000000e+00,-0.000000000000000000e+00,-1.634112760014979626e-01,-0.000000000000000000e+00,0.000000000000000000e+00,1.674199850649367827e+00,0.000000000000000000e+00,-6.495912885257225655e-01,0.000000000000000000e+00,0.000000000000000000e+00
-0.000000000000000000e+00,-1.994704981437752656e-01,-0.000000000000000000e+00,0.000000000000000000e+00,-0.000000000000000000e+00,6.458111596538763585e-03,8.756769739278151554e-02,0.000000000000000000e+00,-0.000000000000000000e+00,-2.976230997634211617e-01,1.722655963653898781e-01,-3.569810079447718887e-01,8.818898205186341153e-04,-0.000000000000000000e+00,-0.000000000000000000e+00,-9.699402985082193618e-02,0.000000000000000000e+00,1.098553149658341166e-01,0.000000000000000000e+00,-0.000000000000000000e+00,-1.332293523276036895e-01,-8.201749453020079628e-02,-1.436564542064901195e-01,-0.000000000000000000e+00,-0.000000000000000000e+00,-0.000000000000000000e+00,-0.000000000000000000e+00,-9.105955042290972412e-02,-0.000000000000000000e+00,-0.000000000000000000e+00,-1.954918283074744481e-02,-0.000000000000000000e+00,-0.000000000000000000e+00,-3.382088161907954860e-02,0.000000000000000000e+00,1.933781716569292097e+00,0.000000000000000000e+00,-0.000000000000000000e+00,-0.000000000000000000e+00
-0.000000000000000000e+00,-0.000000000000000000e+00,-0.000000000000000000e+00,0.000000000000000000e+00,-0.000000000000000000e+00,-3.981156488775607905e-01,-0.000000000000000000e+00,-0.000000000000000000e+00,0.000000000000000000e+00,0.000000000000000000e+00,-8.707690936135684123e-02,0.000000000000000000e+00,-0.000000000000000000e+00,-0.000000000000000000e+00,9.329512345977827859e-03,-0.000000000000000000e+00,-3.328931860699865242e-01,-0.000000000000000000e+00,0.000000000000000000e+00,0.000000000000000000e+00,0.000000000000000000e+00,0.000000000000000000e+00,-0.000000000000000000e+00,-6.004492376760547229e-02,-0.000000000000000000e+00,0.000000000000000000e+00,-0.000000000000000000e+00,0.000000000000000000e+00,-0.000000000000000000e+00,-0.000000000000000000e+00,-0.000000000000000000e+00,-3.780495468076221499e-01,-0.000000000000000000e+00,0.000000000000000000e+00,-6.495912885257225655e-01,0.000000000000000000e+00,1.946174495773128843e+00,0.000000000000000000e+00,0.000000000000000000e+00
-1.063704859204801095e-01,-0.000000000000000000e+00,-2.430155450912410350e-02,-0.000000000000000000e+00,-0.000000000000000000e+00,1.114460775720766683e-01,0.000000000000000000e+00,1.132716636045859732e-01,-3.182665501174988254e-01,-0.000000000000000000e+00,1.202397357736606220e-01,-0.000000000000000000e+00,5.472155385708815656e-02,-0.000000000000000000e+00,-0.000000000000000000e+00,-0.000000000000000000e+00,0.000000000000000000e+00,-0.000000000000000000e+00,0.000000000000000000e+00,-4.350336502394249599e-02,-0.000000000000000000e+00,-0.000000000000000000e+00,-1.185514312754848004e-01,-0.000000000000000000e+00,-6.041155020264781655e-02,-1.636921191789853514e-01,-0.000000000000000000e+00,-0.000000000000000000e+00,-0.000000000000000000e+00,-1.555459415932914091e-01,-0.000000000000000000e+00,0.000000000000000000e+00,-0.000000000000000000e+00,-3.561493969886179722e-01,0.000000000000000000e+00,-0.000000000000000000e+00,0.000000000000000000e+00,2.006070963604367208e+00,-3.430586324464701131e-01
-0.000000000000000000e+00,-0.000000000000000000e+00,-0.000000000000000000e+00,-4.749650353785964119e-02,-0.000000000000000000e+00,0.000000000000000000e+00,-0.000000000000000000e+00,0.000000000000000000e+00,-1.074632454913728580e-01,-0.000000000000000000e+00,0.000000000000000000e+00,-0.000000000000000000e+00,0.000000000000000000e+00,-0.000000000000000000e+00,-1.442619924298425560e-01,-0.000000000000000000e+00,0.000000000000000000e+00,-0.000000000000000000e+00,-0.000000000000000000e+00,-0.000000000000000000e+00,0.000000000000000000e+00,-0.000000000000000000e+00,-0.000000000000000000e+00,-0.000000000000000000e+00,-9.367518556367744609e-02,-0.000000000000000000e+00,-0.000000000000000000e+00,-0.000000000000000000e+00,0.000000000000000000e+00,-0.000000000000000000e+00,-0.000000000000000000e+00,0.000000000000000000e+00,-0.000000000000000000e+00,-1.068456825349666794e-01,0.000000000000000000e+00,-0.000000000000000000e+00,0.000000000000000000e+00,-3.430586324464701131e-01,1.283687822715329441e+00
