1.540201271636476132e+00,-8.199556516107295856e-01,-0.000000000000000000e+00,0.000000000000000000e+00,-0.000000000000000000e+00,-0.000000000000000000e+00,0.000000000000000000e+00,0.000000000000000000e+00,-0.000000000000000000e+00,-1.065410803630114089e-01,-0.000000000000000000e+00,-0.000000000000000000e+00,5.690933706346769372e-02,-0.000000000000000000e+00,-0.000000000000000000e+00,-2.088104788432874892e-01,-0.000000000000000000e+00,-0.000000000000000000e+00,-0.000000000000000000e+00,0.000000000000000000e+00,-0.000000000000000000e+00,-7.797675450167226852e-02,-0.000000000000000000e+00,-0.000000000000000000e+00,-0.000000000000000000e+00,-0.000000000000000000e+00,-0.000000000000000000e+00,-0.000000000000000000e+00,-0.000000000000000000e+00,-0.000000000000000000e+00,-0.000000000000000000e+00,-0.000000000000000000e+00,-0.000000000000000000e+00,-0.000000000000000000e+00,-0.000000000000000000e+00,-0.000000000000000000e+00,-0.000000000000000000e+00,-0.000000000000000000e+00,-0.000000000000000000e+00
-8.199556516107295856e-01,2.006834705386068229e+00,-0.000000000000000000e+00,-0.000000000000000000e+00,-0.000000000000000000e+00,-3.458182480796871683e-02,-0.000000000000000000e+00,0.000000000000000000e+00,-5.139685495321913433e-02,-0.000000000000000000e+00,0.000000000000000000e+00,-0.000000000000000000e+00,0.000000000000000000e+00,-0.000000000000000000e+00,-0.000000000000000000e+00,-0.000000000000000000e+00,0.000000000000000000e+00,-0.000000000000000000e+00,0.000000000000000000e+00,0.000000000000000000e+00,-2.938360741907630053e-02,-0.000000000000000000e+00,-0.000000000000000000e+00,-3.360739429680997814e-01,-2.074495363744131848e-01,-1.506174123657985364e-01,-0.000000000000000000e+00,-0.000000000000000000e+00,-2.199188803713271190e-01,0.000000000000000000e+00,-9.903669931775194168e-02,-0.000000000000000000e+00,-0.000000000000000000e+00,-0.000000000000000000e+00,-0.000000000000000000e+00,-0.000000000000000000e+00,-3.715593887457448868e-02,-0.000000000000000000e+00,-1.056773664544581881e-01
-0.000000000000000000e+00,-0.000000000000000000e+00,2.498310643716464163e+00,-0.000000000000000000e+00,-7.276051387456468345e-02,-0.000000000000000000e+00,-1.437839924539592862e-01,8.470740023826354159e-01,-4.943591928376146749e-02,0.000000000000000000e+00,0.000000000000000000e+00,-0.000000000000000000e+00,0.000000000000000000e+00,-0.000000000000000000e+00,0.000000000000000000e+00,2.096617123770651639e-02,0.000000000000000000e+00,-0.000000000000000000e+00,0.000000000000000000e+00,-0.000000000000000000e+00,-1.430364688538411470e-02,-0.000000000000000000e+00,-0.000000000000000000e+00,-0.000000000000000000e+00,-0.000000000000000000e+00,-1.715947417108037443e-01,-4.088205430830204046e-01,-5.206819506773052719e-01,-0.000000000000000000e+00,0.000000000000000000e+00,-4.549262166972282972e-02,-0.000000000000000000e+00,-1.766881388915505224e-01,-0.000000000000000000e+00,-0.000000000000000000e+00,-0.000000000000000000e+00,-0.000000000000000000e+00,-0.000000000000000000e+00,-1.591043626206741076e-03
0.000000000000000000e+00,-0.000000000000000000e+00,-0.000000000000000000e+00,1.521215204485649286e+00,-0.000000000000000000e+00,-0.000000000000000000e+00,-6.027429462267870353e-01,0.000000000000000000e+00,-0.000000000000000000e+00,4.995681229795116175e-03,-0.000000000000000000e+00,-0.000000000000000000e+00,0.000000000000000000e+00,0.000000000000000000e+00,0.000000000000000000e+00,0.000000000000000000e+00,-0.000000000000000000e+00,-1.412926104380083335e-02,0.000000000000000000e+00,-2.165487785005312804e-01,-1.102986158442139375e-01,-0.000000000000000000e+00,-0.000000000000000000e+00,-0.000000000000000000e+00,0.000000000000000000e+00,-0.000000000000000000e+00,-1.543211047465561057e-02,-4.778543065999631828e-02,-0.000000000000000000e+00,1.285298081286402605e-02,-0.000000000000000000e+00,-4.255716404603167996e-02,-1.311862011961523744e-01,0.000000000000000000e+00,-0.000000000000000000e+00,0.000000000000000000e+00,-0.000000000000000000e+00,0.000000000000000000e+00,0.000000000000000000e+00
-0.000000000000000000e+00,-0.000000000000000000e+00,-7.276051387456468345e-02,-0.000000000000000000e+00,1.388846059624870399e+00,0.000000000000000000e+00,-0.000000000000000000e+00,2.092507026974852469e-01,-8.105149932509460309e-02,-0.000000000000000000e+00,0.000000000000000000e+00,-0.000000000000000000e+00,0.000000000000000000e+00,-0.000000000000000000e+00,-0.000000000000000000e+00,-0.000000000000000000e+00,0.000000000000000000e+00,-1.042683295861685372e-01,-0.000000000000000000e+00,-0.000000000000000000e+00,-0.000000000000000000e+00,0.000000000000000000e+00,-0.000000000000000000e+00,0.000000000000000000e+00,-0.000000000000000000e+00,-0.000000000000000000e+00,-4.645459452912851367e-02,-7.674253713615719619e-02,-0.000000000000000000e+00,-0.000000000000000000e+00,-0.000000000000000000e+00,-0.000000000000000000e+00,-0.000000000000000000e+00,-5.174523731181990271e-01,-0.000000000000000000e+00,-3.496119132530123991e-02,0.000000000000000000e+00,-0.000000000000000000e+00,-0.000000000000000000e+00
-0.000000000000000000e+00,-3.458182480796871683e-02,-0.000000000000000000e+00,-0.000000000000000000e+00,0.000000000000000000e+00,1.950477103038131377e+00,-0.000000000000000000e+00,0.000000000000000000e+00,-0.000000000000000000e+00,0.000000000000000000e+00,0.000000000000000000e+00,0.000000000000000000e+00,0.000000000000000000e+00,-0.000000000000000000e+00,5.017953558454447266e-02,0.000000000000000000e+00,0.000000000000000000e+00,0.000000000000000000e+00,2.253985513828425657e-02,0.000000000000000000e+00,-1.064615865628785601e-01,-0.000000000000000000e+00,-4.580308067015495532e-01,-4.067809172806851059e-01,-1.174514063092954308e-01,-3.097403491065523623e-02,-0.000000000000000000e+00,-0.000000000000000000e+00,-2.132104091908715304e-01,0.000000000000000000e+00,-0.000000000000000000e+00,-0.000000000000000000e+00,-1.610148498915730045e-02,0.000000000000000000e+00,-1.950801638997691767e-01,-0.000000000000000000e+00,-1.807544550005734940e-01,-0.000000000000000000e+00,-0.000000000000000000e+00
0.000000000000000000e+00,-0.000000000000000000e+00,-1.437839924539592862e-01,-6.027429462267870353e-01,-0.000000000000000000e+00,-0.000000000000000000e+00,1.957143773017189003e+00,0.000000000000000000e+00,0.000000000000000000e+00,5.906026230673299543e-02,0.000000000000000000e+00,0.000000000000000000e+00,0.000000000000000000e+00,-0.000000000000000000e+00,9.605499616088544745e-02,2.587463118736733625e-01,0.000000000000000000e+00,-0.000000000000000000e+00,0.000000000000000000e+00,-0.000000000000000000e+00,-8.205009820022210465e-02,-0.000000000000000000e+00,-0.000000000000000000e+00,-0.000000000000000000e+00,-0.000000000000000000e+00,-0.000000000000000000e+00,-0.000000000000000000e+00,-1.915734697153833321e-01,-0.000000000000000000e+00,0.000000000000000000e+00,-0.000000000000000000e+00,-0.000000000000000000e+00,-3.558982936499817673e-01,0.000000000000000000e+00,-2.043545097407728217e-01,0.000000000000000000e+00,-7.232654566022278519e-02,0.000000000000000000e+00,0.000000000000000000e+00
0.000000000000000000e+00,0.000000000000000000e+00,8.470740023826354159e-01,0.000000000000000000e+00,2.092507026974852469e-01,0.000000000000000000e+00,0.000000000000000000e+00,2.233895739565543437e+00,1.901445748296388960e-01,-0.000000000000000000e+00,-1.203804165404860210e-01,0.000000000000000000e+00,-0.000000000000000000e+00,0.000000000000000000e+00,-0.000000000000000000e+00,-0.000000000000000000e+00,-0.000000000000000000e+00,0.000000000000000000e+00,-0.000000000000000000e+00,0.000000000000000000e+00,0.000000000000000000e+00,0.000000000000000000e+00,1.018988306357981322e-01,0.000000000000000000e+00,0.000000000000000000e+00,1.638542982730293862e-01,2.268580666187618999e-01,2.955083071110998771e-01,0.000000000000000000e+00,-0.000000000000000000e+00,8.291199707735240343e-02,0.000000000000000000e+00,0.000000000000000000e+00,0.000000000000000000e+00,0.000000000000000000e+00,0.000000000000000000e+00,0.000000000000000000e+00,0.000000000000000000e+00,1.028915493511231155e-01
-0.000000000000000000e+00,-5.139685495321913433e-02,-4.943591928376146749e-02,-0.000000000000000000e+00,-8.105149932509460309e-02,-0.000000000000000000e+00,0.000000000000000000e+00,1.901445748296388960e-01,1.488575735675810696e+00,-0.000000000000000000e+00,0.000000000000000000e+00,-1.981128637253785907e-02,0.000000000000000000e+00,-0.000000000000000000e+00,-0.000000000000000000e+00,-0.000000000000000000e+00,0.000000000000000000e+00,-0.000000000000000000e+00,0.000000000000000000e+00,-0.000000000000000000e+00,-0.000000000000000000e+00,-0.000000000000000000e+00,-0.000000000000000000e+00,-0.000000000000000000e+00,-1.210391553214364424e-01,-9.328865323051492575e-02,-3.128235011526883658e-02,-1.639993550752506107e-02,-0.000000000000000000e+00,0.000000000000000000e+00,-1.443523339323188326e-01,-0.000000000000000000e+00,-0.000000000000000000e+00,-7.128975741072371419e-02,-0.000000000000000000e+00,-1.737454529222426935e-01,-0.000000000000000000e+00,-0.000000000000000000e+00,-3.997737343663002041e-01
-1.065410803630114089e-01,-0.000000000000000000e+00,0.000000000000000000e+00,4.995681229795116175e-03,-0.000000000000000000e+00,0.000000000000000000e+00,5.906026230673299543e-02,-0.000000000000000000e+00,-0.000000000000000000e+00,1.824086597765244289e+00,-0.000000000000000000e+00,0.000000000000000000e+00,-0.000000000000000000e+00,-3.546671758179672368e-02,-0.000000000000000000e+00,-1.081056918049853932e+00,-0.000000000000000000e+00,-0.000000000000000000e+00,-4.094104840899374931e-02,2.746656136545739813e-01,0.000000000000000000e+00,0.000000000000000000e+00,-0.000000000000000000e+00,0.000000000000000000e+00,-0.000000000000000000e+00,0.000000000000000000e+00,0.000000000000000000e+00,0.000000000000000000e+00,0.000000000000000000e+00,-0.000000000000000000e+00,0.000000000000000000e+00,0.000000000000000000e+00,0.000000000000000000e+00,-0.000000000000000000e+00,0.000000000000000000e+00,-7.463592335033499003e-02,0.000000000000000000e+00,0.000000000000000000e+00,0.000000000000000000e+00
-0.000000000000000000e+00,0.000000000000000000e+00,0.000000000000000000e+00,-0.000000000000000000e+00,0.000000000000000000e+00,0.000000000000000000e+00,0.000000000000000000e+00,-1.203804165404860210e-01,0.000000000000000000e+00,-0.000000000000000000e+00,1.369144089418646404e+00,-0.000000000000000000e+00,0.000000000000000000e+00,-0.000000000000000000e+00,-0.000000000000000000e+00,-0.000000000000000000e+00,-6.408858818844594962e-01,-0.000000000000000000e+00,0.000000000000000000e+00,-2.219769466619945716e-02,0.000000000000000000e+00,0.000000000000000000e+00,2.299314011385202028e-02,0.000000000000000000e+00,1.892684182959838285e-02,0.000000000000000000e+00,0.000000000000000000e+00,0.000000000000000000e+00,-0.000000000000000000e+00,-0.000000000000000000e+00,0.000000000000000000e+00,-2.127445503160708684e-01,0.000000000000000000e+00,-0.000000000000000000e+00,-0.000000000000000000e+00,0.000000000000000000e+00,-0.000000000000000000e+00,3.501967835262464329e-02,0.000000000000000000e+00
-0.000000000000000000e+00,-0.000000000000000000e+00,-0.000000000000000000e+00,-0.000000000000000000e+00,-0.000000000000000000e+00,0.000000000000000000e+00,0.000000000000000000e+00,0.000000000000000000e+00,-1.981128637253785907e-02,0.000000000000000000e+00,-0.000000000000000000e+00,1.442845445621854905e+00,4.450215490329696016e-02,0.000000000000000000e+00,-5.516657562526740000e-01,-0.000000000000000000e+00,-1.023154853498711714e-02,-0.000000000000000000e+00,-0.000000000000000000e+00,-1.439985919344224374e-01,-0.000000000000000000e+00,-0.000000000000000000e+00,0.000000000000000000e+00,0.000000000000000000e+00,0.000000000000000000e+00,-0.000000000000000000e+00,-8.644342792665810071e-02,-0.000000000000000000e+00,-0.000000000000000000e+00,-0.000000000000000000e+00,-0.000000000000000000e+00,-2.630540368077373750e-02,-0.000000000000000000e+00,-2.475951968977111450e-01,-0.000000000000000000e+00,0.000000000000000000e+00,-0.000000000000000000e+00,-8.824762521444196040e-02,-1.197689232396680487e-01
5.690933706346769372e-02,0.000000000000000000e+00,0.000000000000000000e+00,0.000000000000000000e+00,0.000000000000000000e+00,0.000000000000000000e+00,0.000000000000000000e+00,-0.000000000000000000e+00,0.000000000000000000e+00,-0.000000000000000000e+00,0.000000000000000000e+00,4.450215490329696016e-02,1.223392138136524698e+00,0.000000000000000000e+00,0.000000000000000000e+00,-0.000000000000000000e+00,0.000000000000000000e+00,0.000000000000000000e+00,0.000000000000000000e+00,0.000000000000000000e+00,2.099501597986085100e-01,7.143734058207233673e-02,0.000000000000000000e+00,0.000000000000000000e+00,0.000000000000000000e+00,1.782105884141365337e-01,7.772494979174385255e-02,0.000000000000000000e+00,3.200323071235052635e-02,-0.000000000000000000e+00,6.441946002440654406e-02,0.000000000000000000e+00,0.000000000000000000e+00,0.000000000000000000e+00,0.000000000000000000e+00,-0.000000000000000000e+00,0.000000000000000000e+00,0.000000000000000000e+00,0.000000000000000000e+00
-0.000000000000000000e+00,-0.000000000000000000e+00,-0.000000000000000000e+00,0.000000000000000000e+00,-0.000000000000000000e+00,-0.000000000000000000e+00,-0.000000000000000000e+00,0.000000000000000000e+00,-0.000000000000000000e+00,-3.546671758179672368e-02,-0.000000000000000000e+00,0.000000000000000000e+00,0.000000000000000000e+00,1.236881890024537078e+00,0.000000000000000000e+00,-0.000000000000000000e+00,-0.000000000000000000e+00,-0.000000000000000000e+00,0.000000000000000000e+00,0.000000000000000000e+00,-0.000000000000000000e+00,0.000000000000000000e+00,-0.000000000000000000e+00,-0.000000000000000000e+00,-2.528446701991238776e-01,-0.000000000000000000e+00,-0.000000000000000000e+00,-0.000000000000000000e+00,-0.000000000000000000e+00,-0.000000000000000000e+00,-2.339401841619768718e-01,-0.000000000000000000e+00,-0.000000000000000000e+00,-0.000000000000000000e+00,-0.000000000000000000e+00,-2.464636810727005301e-01,-0.000000000000000000e+00,-0.000000000000000000e+00,-0.000000000000000000e+00
-0.000000000000000000e+00,-0.000000000000000000e+00,0.000000000000000000e+00,0.000000000000000000e+00,-0.000000000000000000e+00,5.017953558454447266e-02,9.605499616088544745e-02,-0.000000000000000000e+00,-0.000000000000000000e+00,-0.000000000000000000e+00,-0.000000000000000000e+00,-5.516657562526740000e-01,0.000000000000000000e+00,0.000000000000000000e+00,1.674625205559056917e+00,-2.463898806278251152e-03,-2.884483638698008209e-02,-0.000000000000000000e+00,-1.202980573440785433e-01,-0.000000000000000000e+00,0.000000000000000000e+00,0.000000000000000000e+00,3.303577438480472250e-01,0.000000000000000000e+00,0.000000000000000000e+00,0.000000000000000000e+00,0.000000000000000000e+00,0.000000000000000000e+00,0.000000000000000000e+00,-6.575928034491869412e-02,0.000000000000000000e+00,-0.000000000000000000e+00,0.000000000000000000e+00,-4.567440478152977601e-01,0.000000000000000000e+00,0.000000000000000000e+00,0.000000000000000000e+00,-1.599403555993612058e-01,-0.000000000000000000e+00
-2.088104788432874892e-01,-0.000000000000000000e+00,2.096617123770651639e-02,0.000000000000000000e+00,-0.000000000000000000e+00,0.000000000000000000e+00,2.587463118736733625e-01,-0.000000000000000000e+00,-0.000000000000000000e+00,-1.081056918049853932e+00,-0.000000000000000000e+00,-0.000000000000000000e+00,-0.000000000000000000e+00,-0.000000000000000000e+00,-2.463898806278251152e-03,1.885001071722280708e+00,-0.000000000000000000e+00,-0.000000000000000000e+00,-0.000000000000000000e+00,0.000000000000000000e+00,0.000000000000000000e+00,0.000000000000000000e+00,0.000000000000000000e+00,0.000000000000000000e+00,-0.000000000000000000e+00,0.000000000000000000e+00,0.000000000000000000e+00,0.000000000000000000e+00,0.000000000000000000e+00,-2.065912534807783918e-01,0.000000000000000000e+00,0.000000000000000000e+00,0.000000000000000000e+00,-1.327330370355787048e-01,0.000000000000000000e+00,-0.000000000000000000e+00,0.000000000000000000e+00,-0.000000000000000000e+00,-0.000000000000000000e+00
-0.000000000000000000e+00,0.000000000000000000e+00,0.000000000000000000e+00,-0.000000000000000000e+00,0.000000000000000000e+00,0.000000000000000000e+00,0.000000000000000000e+00,-0.000000000000000000e+00,0.000000000000000000e+00,-0.000000000000000000e+00,-6.408858818844594962e-01,-1.023154853498711714e-02,0.000000000000000000e+00,-0.000000000000000000e+00,-2.884483638698008209e-02,-0.000000000000000000e+00,1.463593263571128844e+00,-0.000000000000000000e+00,-0.000000000000000000e+00,-3.281573736435126204e-02,0.000000000000000000e+00,0.000000000000000000e+00,3.627684892604243760e-01,0.000000000000000000e+00,4.524695429752093739e-02,0.000000000000000000e+00,0.000000000000000000e+00,0.000000000000000000e+00,-0.000000000000000000e+00,-0.000000000000000000e+00,0.000000000000000000e+00,-0.000000000000000000e+00,0.000000000000000000e+00,-0.000000000000000000e+00,0.000000000000000000e+00,0.000000000000000000e+00,0.000000000000000000e+00,0.000000000000000000e+00,0.000000000000000000e+00
-0.000000000000000000e+00,-0.000000000000000000e+00,-0.000000000000000000e+00,-1.412926104380083335e-02,-1.042683295861685372e-01,0.000000000000000000e+00,-0.000000000000000000e+00,0.000000000000000000e+00,-0.000000000000000000e+00,-0.000000000000000000e+00,-0.000000000000000000e+00,-0.000000000000000000e+00,0.000000000000000000e+00,-0.000000000000000000e+00,-0.000000000000000000e+00,-0.000000000000000000e+00,-0.000000000000000000e+00,1.262195408626674897e+00,-4.328759781350184910e-01,0.000000000000000000e+00,-0.000000000000000000e+00,-0.000000000000000000e+00,0.000000000000000000e+00,-0.000000000000000000e+00,-0.000000000000000000e+00,-0.000000000000000000e+00,-0.000000000000000000e+00,-0.000000000000000000e+00,-0.000000000000000000e+00,0.000000000000000000e+00,-0.000000000000000000e+00,-0.000000000000000000e+00,-0.000000000000000000e+00,-1.728816280109515269e-01,-0.000000000000000000e+00,-0.000000000000000000e+00,-0.000000000000000000e+00,0.000000000000000000e+00,0.000000000000000000e+00
-0.000000000000000000e+00,0.000000000000000000e+00,0.000000000000000000e+00,0.000000000000000000e+00,-0.000000000000000000e+00,2.253985513828425657e-02,0.000000000000000000e+00,-0.000000000000000000e+00,0.000000000000000000e+00,-4.094104840899374931e-02,0.000000000000000000e+00,-0.000000000000000000e+00,0.000000000000000000e+00,0.000000000000000000e+00,-1.202980573440785433e-01,-0.000000000000000000e+00,-0.000000000000000000e+00,-4.328759781350184910e-01,1.415898367878908548e+00,0.000000000000000000e+00,0.000000000000000000e+00,0.000000000000000000e+00,0.000000000000000000e+00,0.000000000000000000e+00,0.000000000000000000e+00,0.000000000000000000e+00,0.000000000000000000e+00,0.000000000000000000e+00,0.000000000000000000e+00,-0.000000000000000000e+00,0.000000000000000000e+00,0.000000000000000000e+00,0.000000000000000000e+00,-4.346976720903008018e-01,0.000000000000000000e+00,0.000000000000000000e+00,0.000000000000000000e+00,-0.000000000000000000e+00,0.000000000000000000e+00
0.000000000000000000e+00,0.000000000000000000e+00,-0.000000000000000000e+00,-2.165487785005312804e-01,-0.000000000000000000e+00,0.000000000000000000e+00,-0.000000000000000000e+00,0.000000000000000000e+00,-0.000000000000000000e+00,2.746656136545739813e-01,-2.219769466619945716e-02,-1.439985919344224374e-01,0.000000000000000000e+00,0.000000000000000000e+00,-0.000000000000000000e+00,0.000000000000000000e+00,-3.281573736435126204e-02,0.000000000000000000e+00,0.000000000000000000e+00,1.346420637031030543e+00,-0.000000000000000000e+00,-1.483246510415102137e-01,0.000000000000000000e+00,0.000000000000000000e+00,2.326021833692059337e-01,-0.000000000000000000e+00,-0.000000000000000000e+00,-0.000000000000000000e+00,-0.000000000000000000e+00,0.000000000000000000e+00,-0.000000000000000000e+00,-3.525056327444123228e-01,-0.000000000000000000e+00,0.000000000000000000e+00,-0.000000000000000000e+00,7.726779316156644206e-02,-0.000000000000000000e+00,-0.000000000000000000e+00,-0.000000000000000000e+00
-0.000000000000000000e+00,-2.938360741907630053e-02,-1.430364688538411470e-02,-1.102986158442139375e-01,-0.000000000000000000e+00,-1.064615865628785601e-01,-8.205009820022210465e-02,0.000000000000000000e+00,-0.000000000000000000e+00,0.000000000000000000e+00,0.000000000000000000e+00,-0.000000000000000000e+00,2.099501597986085100e-01,-0.000000000000000000e+00,0.000000000000000000e+00,0.000000000000000000e+00,0.000000000000000000e+00,-0.000000000000000000e+00,0.000000000000000000e+00,-0.000000000000000000e+00,2.594711116965011666e+00,-1.723766211453255093e-01,-0.000000000000000000e+00,-1.954415400798042990e-01,-0.000000000000000000e+00,-1.911076169455396823e-01,-0.000000000000000000e+00,-1.163823598896003841e-01,-2.446593750606459172e-01,3.312668042859840400e-01,-0.000000000000000000e+00,-0.000000000000000000e+00,-3.764503111276565339e-01,0.000000000000000000e+00,-4.078242368496048376e-01,0.000000000000000000e+00,-3.345265333522525752e-01,0.000000000000000000e+00,-0.000000000000000000e+00
-7.797675450167226852e-02,-0.000000000000000000e+00,-0.000000000000000000e+00,-0.000000000000000000e+00,0.000000000000000000e+00,-0.000000000000000000e+00,-0.000000000000000000e+00,0.000000000000000000e+00,-0.000000000000000000e+00,0.000000000000000000e+00,0.000000000000000000e+00,-0.000000000000000000e+00,7.143734058207233673e-02,0.000000000000000000e+00,0.000000000000000000e+00,0.000000000000000000e+00,0.000000000000000000e+00,-0.000000000000000000e+00,0.000000000000000000e+00,-1.483246510415102137e-01,-1.723766211453255093e-01,1.250361353180555968e+00,-0.000000000000000000e+00,-1.614020933583907094e-02,-0.000000000000000000e+00,-0.000000000000000000e+00,-0.000000000000000000e+00,-0.000000000000000000e+00,-2.534602275058488174e-02,6.038598209035585945e-02,-0.000000000000000000e+00,-0.000000000000000000e+00,-7.429148590841801181e-02,0.000000000000000000e+00,-3.231841909596211426e-02,0.000000000000000000e+00,-1.734332916799270485e-01,-0.000000000000000000e+00,-0.000000000000000000e+00
-0.000000000000000000e+00,-0.000000000000000000e+00,-0.000000000000000000e+00,-0.000000000000000000e+00,-0.000000000000000000e+00,-4.580308067015495532e-01,-0.000000000000000000e+00,1.018988306357981322e-01,-0.000000000000000000e+00,-0.000000000000000000e+00,2.299314011385202028e-02,0.000000000000000000e+00,0.000000000000000000e+00,-0.000000000000000000e+00,3.303577438480472250e-01,0.000000000000000000e+00,3.627684892604243760e-01,0.000000000000000000e+00,0.000000000000000000e+00,0.000000000000000000e+00,-0.000000000000000000e+00,-0.000000000000000000e+00,2.191073046763795329e+00,-1.990280345842340703e-01,-7.944001615990898824e-01,-8.377640875073498472e-03,-0.000000000000000000e+00,-1.074148485165730693e-01,-0.000000000000000000e+00,0.000000000000000000e+00,-7.714184475409668895e-02,0.000000000000000000e+00,-0.000000000000000000e+00,0.000000000000000000e+00,-0.000000000000000000e+00,-0.000000000000000000e+00,-0.000000000000000000e+00,-0.000000000000000000e+00,-0.000000000000000000e+00
-0.000000000000000000e+00,-3.360739429680997814e-01,-0.000000000000000000e+00,-0.000000000000000000e+00,0.000000000000000000e+00,-4.067809172806851059e-01,-0.000000000000000000e+00,0.000000000000000000e+00,-0.000000000000000000e+00,0.000000000000000000e+00,0.000000000000000000e+00,0.000000000000000000e+00,0.000000000000000000e+00,-0.000000000000000000e+00,0.000000000000000000e+00,0.000000000000000000e+00,0.000000000000000000e+00,-0.000000000000000000e+00,0.000000000000000000e+00,0.000000000000000000e+00,-1.954415400798042990e-01,-1.614020933583907094e-02,-1.990280345842340703e-01,2.206160353572626853e+00,-1.960965531411125728e-01,-9.163494930932758464e-02,-0.000000000000000000e+00,-0.000000000000000000e+00,-1.478560641887480542e-01,0.000000000000000000e+00,-1.932040889756501678e-01,-0.000000000000000000e+00,-0.000000000000000000e+00,0.000000000000000000e+00,-1.749291473224344473e-01,-0.000000000000000000e+00,-2.717098374298810293e-01,0.000000000000000000e+00,-0.000000000000000000e+00
-0.000000000000000000e+00,-2.074495363744131848e-01,-0.000000000000000000e+00,0.000000000000000000e+00,-0.000000000000000000e+00,-1.174514063092954308e-01,-0.000000000000000000e+00,0.000000000000000000e+00,-1.210391553214364424e-01,-0.000000000000000000e+00,1.892684182959838285e-02,0.000000000000000000e+00,0.000000000000000000e+00,-2.528446701991238776e-01,0.000000000000000000e+00,-0.000000000000000000e+00,4.524695429752093739e-02,-0.000000000000000000e+00,0.000000000000000000e+00,2.326021833692059337e-01,-0.000000000000000000e+00,-0.000000000000000000e+00,-7.944001615990898824e-01,-1.960965531411125728e-01,2.038742659226792764e+00,-0.000000000000000000e+00,-0.000000000000000000e+00,-0.000000000000000000e+00,-0.000000000000000000e+00,0.000000000000000000e+00,-2.119759713812082169e-01,0.000000000000000000e+00,-0.000000000000000000e+00,0.000000000000000000e+00,-0.000000000000000000e+00,-1.610845078680475106e-01,-0.000000000000000000e+00,-0.000000000000000000e+00,-0.000000000000000000e+00
-0.000000000000000000e+00,-1.506174123657985364e-01,-1.715947417108037443e-01,-0.000000000000000000e+00,-0.000000000000000000e+00,-3.097403491065523623e-02,-0.000000000000000000e+00,1.638542982730293862e-01,-9.328865323051492575e-02,0.000000000000000000e+00,0.000000000000000000e+00,-0.000000000000000000e+00,1.782105884141365337e-01,-0.000000000000000000e+00,0.000000000000000000e+00,0.000000000000000000e+00,0.000000000000000000e+00,-0.000000000000000000e+00,0.000000000000000000e+00,-0.000000000000000000e+00,-1.911076169455396823e-01,-0.000000000000000000e+00,-8.377640875073498472e-03,-9.163494930932758464e-02,-0.000000000000000000e+00,2.669954199065437628e+00,-3.367574519854329429e-01,-3.952683503743584792e-01,-2.130319971449993743e-01,0.000000000000000000e+00,-4.695989573721323640e-01,-0.000000000000000000e+00,-1.730658480093322793e-01,-0.000000000000000000e+00,-1.832337331861928209e-01,-0.000000000000000000e+00,-5.508309719218157374e-02,-0.000000000000000000e+00,-0.000000000000000000e+00
-0.000000000000000000e+00,-0.000000000000000000e+00,-4.088205430830204046e-01,-1.543211047465561057e-02,-4.645459452912851367e-02,-0.000000000000000000e+00,-0.000000000000000000e+00,2.268580666187618999e-01,-3.128235011526883658e-02,0.000000000000000000e+00,0.000000000000000000e+00,-8.644342792665810071e-02,7.772494979174385255e-02,-0.000000000000000000e+00,0.000000000000000000e+00,0.000000000000000000e+00,0.000000000000000000e+00,-0.000000000000000000e+00,0.000000000000000000e+00,-0.000000000000000000e+00,-0.000000000000000000e+00,-0.000000000000000000e+00,-0.000000000000000000e+00,-0.000000000000000000e+00,-0.000000000000000000e+00,-3.367574519854329429e-01,2.192556174521593348e+00,-3.394000034036826485e-01,-0.000000000000000000e+00,0.000000000000000000e+00,-2.718394433902184271e-01,-0.000000000000000000e+00,-3.058966921875502232e-01,-0.000000000000000000e+00,-0.000000000000000000e+00,-0.000000000000000000e+00,-0.000000000000000000e+00,-0.000000000000000000e+00,-3.596476559367214887e-02
-0.000000000000000000e+00,-0.000000000000000000e+00,-5.206819506773052719e-01,-4.778543065999631828e-02,-7.674253713615719619e-02,-0.000000000000000000e+00,-1.915734697153833321e-01,2.955083071110998771e-01,-1.639993550752506107e-02,0.000000000000000000e+00,0.000000000000000000e+00,-0.000000000000000000e+00,0.000000000000000000e+00,-0.000000000000000000e+00,0.000000000000000000e+00,0.000000000000000000e+00,0.000000000000000000e+00,-0.000000000000000000e+00,0.000000000000000000e+00,-0.000000000000000000e+00,-1.163823598896003841e-01,-0.000000000000000000e+00,-1.074148485165730693e-01,-0.000000000000000000e+00,-0.000000000000000000e+00,-3.952683503743584792e-01,-3.394000034036826485e-01,2.449036687677526025e+00,-0.000000000000000000e+00,0.000000000000000000e+00,-2.525903825839617700e-01,-0.000000000000000000e+00,-1.517049841444330360e-01,-0.000000000000000000e+00,-3.288909454528570614e-03,-0.000000000000000000e+00,-0.000000000000000000e+00,-0.000000000000000000e+00,-0.000000000000000000e+00
-0.000000000000000000e+00,-2.199188803713271190e-01,-0.000000000000000000e+00,-0.000000000000000000e+00,-0.000000000000000000e+00,-2.132104091908715304e-01,-0.000000000000000000e+00,0.000000000000000000e+00,-0.000000000000000000e+00,0.000000000000000000e+00,-0.000000000000000000e+00,-0.000000000000000000e+00,3.200323071235052635e-02,-0.000000000000000000e+00,0.000000000000000000e+00,0.000000000000000000e+00,-0.000000000000000000e+00,-0.000000000000000000e+00,0.000000000000000000e+00,-0.000000000000000000e+00,-2.446593750606459172e-01,-2.534602275058488174e-02,-0.000000000000000000e+00,-1.478560641887480542e-01,-0.000000000000000000e+00,-2.130319971449993743e-01,-0.000000000000000000e+00,-0.000000000000000000e+00,2.457567509312922560e+00,0.000000000000000000e+00,-1.321565702211676130e-01,-3.504287871154964651e-01,-1.549602809921572788e-01,0.000000000000000000e+00,-3.822428553513116944e-01,-0.000000000000000000e+00,-4.060928266968542033e-01,-0.000000000000000000e+00,-0.000000000000000000e+00
-0.000000000000000000e+00,0.000000000000000000e+00,0.000000000000000000e+00,1.285298081286402605e-02,-0.000000000000000000e+00,0.000000000000000000e+00,0.000000000000000000e+00,-0.000000000000000000e+00,0.000000000000000000e+00,-0.000000000000000000e+00,-0.000000000000000000e+00,-0.000000000000000000e+00,-0.000000000000000000e+00,-0.000000000000000000e+00,-6.575928034491869412e-02,-2.065912534807783918e-01,-0.000000000000000000e+00,0.000000000000000000e+00,-0.000000000000000000e+00,0.000000000000000000e+00,3.312668042859840400e-01,6.038598209035585945e-02,0.000000000000000000e+00,0.000000000000000000e+00,0.000000000000000000e+00,0.000000000000000000e+00,0.000000000000000000e+00,0.000000000000000000e+00,0.000000000000000000e+00,1.251343722636503175e+00,0.000000000000000000e+00,0.000000000000000000e+00,4.939783322705920687e-02,-0.000000000000000000e+00,9.802130067271958014e-02,-0.000000000000000000e+00,0.000000000000000000e+00,-3.899146512141742765e-02,-0.000000000000000000e+00
-0.000000000000000000e+00,-9.903669931775194168e-02,-4.549262166972282972e-02,-0.000000000000000000e+00,-0.000000000000000000e+00,-0.000000000000000000e+00,-0.000000000000000000e+00,8.291199707735240343e-02,-1.443523339323188326e-01,0.000000000000000000e+00,0.000000000000000000e+00,-0.000000000000000000e+00,6.441946002440654406e-02,-2.339401841619768718e-01,0.000000000000000000e+00,0.000000000000000000e+00,0.000000000000000000e+00,-0.000000000000000000e+00,0.000000000000000000e+00,-0.000000000000000000e+00,-0.000000000000000000e+00,-0.000000000000000000e+00,-7.714184475409668895e-02,-1.932040889756501678e-01,-2.119759713812082169e-01,-4.695989573721323640e-01,-2.718394433902184271e-01,-2.525903825839617700e-01,-1.321565702211676130e-01,0.000000000000000000e+00,2.223496960874227213e+00,-0.000000000000000000e+00,-0.000000000000000000e+00,-0.000000000000000000e+00,-1.176983602989035288e-01,-0.000000000000000000e+00,-0.000000000000000000e+00,-0.000000000000000000e+00,-0.000000000000000000e+00
-0.000000000000000000e+00,-0.000000000000000000e+00,-0.000000000000000000e+00,-4.255716404603167996e-02,-0.000000000000000000e+00,-0.000000000000000000e+00,-0.000000000000000000e+00,0.000000000000000000e+00,-0.000000000000000000e+00,0.000000000000000000e+00,-2.127445503160708684e-01,-2.630540368077373750e-02,0.000000000000000000e+00,-0.000000000000000000e+00,-0.000000000000000000e+00,0.000000000000000000e+00,-0.000000000000000000e+00,-0.000000000000000000e+00,0.000000000000000000e+00,-3.525056327444123228e-01,-0.000000000000000000e+00,-0.000000000000000000e+00,0.000000000000000000e+00,-0.000000000000000000e+00,0.000000000000000000e+00,-0.000000000000000000e+00,-0.000000000000000000e+00,-0.000000000000000000e+00,-3.504287871154964651e-01,0.000000000000000000e+00,-0.000000000000000000e+00,1.781398697369261486e+00,-1.576781503150958275e-01,0.000000000000000000e+00,-1.710905887243566459e-01,0.000000000000000000e+00,-4.716958412560197655e-01,-0.000000000000000000e+00,-0.000000000000000000e+00
-0.000000000000000000e+00,-0.000000000000000000e+00,-1.766881388915505224e-01,-1.311862011961523744e-01,-0.000000000000000000e+00,-1.610148498915730045e-02,-3.558982936499817673e-01,0.000000000000000000e+00,-0.000000000000000000e+00,0.000000000000000000e+00,0.000000000000000000e+00,-0.000000000000000000e+00,0.000000000000000000e+00,-0.000000000000000000e+00,0.000000000000000000e+00,0.000000000000000000e+00,0.000000000000000000e+00,-0.000000000000000000e+00,0.000000000000000000e+00,-0.000000000000000000e+00,-3.764503111276565339e-01,-7.429148590841801181e-02,-0.000000000000000000e+00,-0.000000000000000000e+00,-0.000000000000000000e+00,-1.730658480093322793e-01,-3.058966921875502232e-01,-1.517049841444330360e-01,-1.549602809921572788e-01,4.939783322705920687e-02,-0.000000000000000000e+00,-1.576781503150958275e-01,2.704956301979182243e+00,0.000000000000000000e+00,-3.642788866174440643e-01,0.000000000000000000e+00,-4.312835091209192284e-01,-0.000000000000000000e+00,-0.000000000000000000e+00
-0.000000000000000000e+00,-0.000000000000000000e+00,-0.000000000000000000e+00,0.000000000000000000e+00,-5.174523731181990271e-01,0.000000000000000000e+00,0.000000000000000000e+00,0.000000000000000000e+00,-7.128975741072371419e-02,-0.000000000000000000e+00,-0.000000000000000000e+00,-2.475951968977111450e-01,0.000000000000000000e+00,-0.000000000000000000e+00,-4.567440478152977601e-01,-1.327330370355787048e-01,-0.000000000000000000e+00,-1.728816280109515269e-01,-4.346976720903008018e-01,0.000000000000000000e+00,0.000000000000000000e+00,0.000000000000000000e+00,0.000000000000000000e+00,0.000000000000000000e+00,0.000000000000000000e+00,-0.000000000000000000e+00,-0.000000000000000000e+00,-0.000000000000000000e+00,0.000000000000000000e+00,-0.000000000000000000e+00,-0.000000000000000000e+00,0.000000000000000000e+00,0.000000000000000000e+00,1.810775400292656823e+00,0.000000000000000000e+00,-0.000000000000000000e+00,0.000000000000000000e+00,-0.000000000000000000e+00,-0.000000000000000000e+00
-0.000000000000000000e+00,-0.000000000000000000e+00,-0.000000000000000000e+00,-0.000000000000000000e+00,-0.000000000000000000e+00,-1.950801638997691767e-01,-2.043545097407728217e-01,0.000000000000000000e+00,-0.000000000000000000e+00,0.000000000000000000e+00,-0.000000000000000000e+00,-0.000000000000000000e+00,0.000000000000000000e+00,-0.000000000000000000e+00,0.000000000000000000e+00,0.000000000000000000e+00,0.000000000000000000e+00,-0.000000000000000000e+00,0.000000000000000000e+00,-0.000000000000000000e+00,-4.078242368496048376e-01,-3.231841909596211426e-02,-0.000000000000000000e+00,-1.749291473224344473e-01,-0.000000000000000000e+00,-1.832337331861928209e-01,-0.000000000000000000e+00,-3.288909454528570614e-03,-3.822428553513116944e-01,9.802130067271958014e-02,-1.176983602989035288e-01,-1.710905887243566459e-01,-3.642788866174440643e-01,0.000000000000000000e+00,2.719024902399755028e+00,0.000000000000000000e+00,-5.073109091468640530e-01,0.000000000000000000e+00,-0.000000000000000000e+00
-0.000000000000000000e+00,-0.000000000000000000e+00,-0.000000000000000000e+00,0.000000000000000000e+00,-3.496119132530123991e-02,-0.000000000000000000e+00,0.000000000000000000e+00,0.000000000000000000e+00,-1.737454529222426935e-01,-7.463592335033499003e-02,0.000000000000000000e+00,0.000000000000000000e+00,-0.000000000000000000e+00,-2.464636810727005301e-01,0.000000000000000000e+00,-0.000000000000000000e+00,0.000000000000000000e+00,-0.000000000000000000e+00,0.000000000000000000e+00,7.726779316156644206e-02,0.000000000000000000e+00,0.000000000000000000e+00,-0.000000000000000000e+00,-0.000000000000000000e+00,-1.610845078680475106e-01,-0.000000000000000000e+00,-0.000000000000000000e+00,-0.000000000000000000e+00,-0.000000000000000000e+00,-0.000000000000000000e+00,-0.000000000000000000e+00,0.000000000000000000e+00,0.000000000000000000e+00,-0.000000000000000000e+00,0.000000000000000000e+00,1.174581445432245408e+00,0.000000000000000000e+00,0.000000000000000000e+00,-0.000000000000000000e+00
-0.000000000000000000e+00,-3.715593887457448868e-02,-0.000000000000000000e+00,-0.000000000000000000e+00,0.000000000000000000e+00,-1.807544550005734940e-01,-7.232654566022278519e-02,0.000000000000000000e+00,-0.000000000000000000e+00,0.000000000000000000e+00,-0.000000000000000000e+00,-0.000000000000000000e+00,0.000000000000000000e+00,-0.000000000000000000e+00,0.000000000000000000e+00,0.000000000000000000e+00,0.000000000000000000e+00,-0.000000000000000000e+00,0.000000000000000000e+00,-0.000000000000000000e+00,-3.345265333522525752e-01,-1.734332916799270485e-01,-0.000000000000000000e+00,-2.717098374298810293e-01,-0.000000000000000000e+00,-5.508309719218157374e-02,-0.000000000000000000e+00,-0.000000000000000000e+00,-4.060928266968542033e-01,0.000000000000000000e+00,-0.000000000000000000e+00,-4.716958412560197655e-01,-4.312835091209192284e-01,0.000000000000000000e+00,-5.073109091468640530e-01,0.000000000000000000e+00,2.785176309106454973e+00,0.000000000000000000e+00,-0.000000000000000000e+00
-0.000000000000000000e+00,-0.000000000000000000e+00,-0.000000000000000000e+00,0.000000000000000000e+00,-0.000000000000000000e+00,-0.000000000000000000e+00,0.000000000000000000e+00,0.000000000000000000e+00,-0.000000000000000000e+00,0.000000000000000000e+00,3.501967835262464329e-02,-8.824762521444196040e-02,0.000000000000000000e+00,-0.000000000000000000e+00,-1.599403555993612058e-01,-0.000000000000000000e+00,0.000000000000000000e+00,0.000000000000000000e+00,-0.000000000000000000e+00,-0.000000000000000000e+00,0.000000000000000000e+00,-0.000000000000000000e+00,-0.000000000000000000e+00,0.000000000000000000e+00,-0.000000000000000000e+00,-0.000000000000000000e+00,-0.000000000000000000e+00,-0.000000000000000000e+00,-0.000000000000000000e+00,-3.899146512141742765e-02,-0.000000000000000000e+00,-0.000000000000000000e+00,-0.000000000000000000e+00,-0.000000000000000000e+00,0.000000000000000000e+00,0.000000000000000000e+00,0.000000000000000000e+00,1.232116884312228322e+00,-4.530229758654774619e-01
-0.000000000000000000e+00,-1.056773664544581881e-01,-1.591043626206741076e-03,0.000000000000000000e+00,-0.000000000000000000e+00,-0.000000000000000000e+00,0.000000000000000000e+00,1.028915493511231155e-01,-3.997737343663002041e-01,0.000000000000000000e+00,0.000000000000000000e+00,-1.197689232396680487e-01,0.000000000000000000e+00,-0.000000000000000000e+00,-0.000000000000000000e+00,-0.000000000000000000e+00,0.000000000000000000e+00,0.000000000000000000e+00,0.000000000000000000e+00,-0.000000000000000000e+00,-0.000000000000000000e+00,-0.000000000000000000e+00,-0.000000000000000000e+00,-0.000000000000000000e+00,-0.000000000000000000e+00,-0.000000000000000000e+00,-3.596476559367214887e-02,-0.000000000000000000e+00,-0.000000000000000000e+00,-0.000000000000000000e+00,-0.000000000000000000e+00,-0.000000000000000000e+00,-0.000000000000000000e+00,-0.000000000000000000e+00,-0.000000000000000000e+00,-0.000000000000000000e+00,-0.000000000000000000e+00,-4.530229758654774619e-01,1.421679194490467646e+00
