1.754365938124170077e+00,-2.447687925258767994e-01,-2.140017685383117652e-01,0.000000000000000000e+00,-0.000000000000000000e+00,-0.000000000000000000e+00,0.000000000000000000e+00,0.000000000000000000e+00,-0.000000000000000000e+00,-0.000000000000000000e+00,-0.000000000000000000e+00,-3.902281553190092844e-01,-0.000000000000000000e+00,0.000000000000000000e+00,-0.000000000000000000e+00,-0.000000000000000000e+00,-0.000000000000000000e+00,-0.000000000000000000e+00,0.000000000000000000e+00,-0.000000000000000000e+00,-0.000000000000000000e+00,-4.310857126781083015e-01,-2.597992733162363121e-01,-1.158980659093550303e-01,-0.000000000000000000e+00,2.066444457344612518e-01,-0.000000000000000000e+00,-0.000000000000000000e+00,0.000000000000000000e+00,0.000000000000000000e+00,-0.000000000000000000e+00,5.304460045989340539e-02,-0.000000000000000000e+00,0.000000000000000000e+00,-0.000000000000000000e+00,0.000000000000000000e+00,0.000000000000000000e+00,-9.006214552405444884e-02,-0.000000000000000000e+00
-2.447687925258767994e-01,1.700197528262349378e+00,-1.648257085152915191e-01,0.000000000000000000e+00,-0.000000000000000000e+00,-0.000000000000000000e+00,3.661327571200954922e-02,6.125363735093959650e-02,-2.326375313911636378e-01,-4.659066871174762925e-01,-0.000000000000000000e+00,-2.165646502616633013e-03,-6.699323102516964445e-02,-0.000000000000000000e+00,-0.000000000000000000e+00,-5.029228750434628498e-02,-0.000000000000000000e+00,0.000000000000000000e+00,0.000000000000000000e+00,0.000000000000000000e+00,-0.000000000000000000e+00,-0.000000000000000000e+00,-3.526892413687993111e-02,-0.000000000000000000e+00,-0.000000000000000000e+00,-0.000000000000000000e+00,0.000000000000000000e+00,-0.000000000000000000e+00,0.000000000000000000e+00,0.000000000000000000e+00,0.000000000000000000e+00,8.752221725656835752e-04,-0.000000000000000000e+00,-0.000000000000000000e+00,0.000000000000000000e+00,-8.902965391074052146e-03,-0.000000000000000000e+00,-0.000000000000000000e+00,-2.458747501267230517e-01
-2.140017685383117652e-01,-1.648257085152915191e-01,2.638596847996263595e+00,-0.000000000000000000e+00,-0.000000000000000000e+00,-0.000000000000000000e+00,0.000000000000000000e+00,1.651123178536370306e-01,-0.000000000000000000e+00,-0.000000000000000000e+00,-0.000000000000000000e+00,-1.153662315371516665e-02,-4.147665422785141720e-01,0.000000000000000000e+00,-0.000000000000000000e+00,-0.000000000000000000e+00,-0.000000000000000000e+00,0.000000000000000000e+00,0.000000000000000000e+00,-0.000000000000000000e+00,-3.526970748860758786e-01,-3.662043188663114401e-01,-2.882287246774135059e-01,-5.956501464092896214e-02,-0.000000000000000000e+00,0.000000000000000000e+00,-0.000000000000000000e+00,-0.000000000000000000e+00,0.000000000000000000e+00,0.000000000000000000e+00,-0.000000000000000000e+00,-0.000000000000000000e+00,-1.044800885498085474e+00,0.000000000000000000e+00,-0.000000000000000000e+00,-4.649199256415189989e-03,0.000000000000000000e+00,-0.000000000000000000e+00,-0.000000000000000000e+00
0.000000000000000000e+00,0.000000000000000000e+00,-0.000000000000000000e+00,1.160698664516863099e+00,0.000000000000000000e+00,-0.000000000000000000e+00,-3.203545380702496059e-01,-0.000000000000000000e+00,1.967686021901276713e-02,0.000000000000000000e+00,-0.000000000000000000e+00,0.000000000000000000e+00,-0.000000000000000000e+00,0.000000000000000000e+00,1.445823278230295439e-01,0.000000000000000000e+00,0.000000000000000000e+00,0.000000000000000000e+00,0.000000000000000000e+00,0.000000000000000000e+00,-0.000000000000000000e+00,-0.000000000000000000e+00,0.000000000000000000e+00,0.000000000000000000e+00,0.000000000000000000e+00,0.000000000000000000e+00,-0.000000000000000000e+00,-1.563596150886557290e-01,0.000000000000000000e+00,-8.872066208995955938e-02,-0.000000000000000000e+00,0.000000000000000000e+00,-0.000000000000000000e+00,0.000000000000000000e+00,0.000000000000000000e+00,-0.000000000000000000e+00,3.540089031246522466e-02,3.290729211224770190e-02,0.000000000000000000e+00
-0.000000000000000000e+00,-0.000000000000000000e+00,-0.000000000000000000e+00,0.000000000000000000e+00,2.545247191153317878e+00,-0.000000000000000000e+00,0.000000000000000000e+00,-0.000000000000000000e+00,-3.626277336162570530e-01,-0.000000000000000000e+00,0.000000000000000000e+00,-1.131231178619792194e-01,-0.000000000000000000e+00,-0.000000000000000000e+00,-0.000000000000000000e+00,-6.027446436105021038e-02,-2.575821978732477646e-01,-1.328448157051719536e-01,-1.776926608476114555e-01,0.000000000000000000e+00,-0.000000000000000000e+00,-0.000000000000000000e+00,-0.000000000000000000e+00,0.000000000000000000e+00,-1.774028069635297800e-01,-2.718476522211019097e-01,-7.431952858438864995e-01,-0.000000000000000000e+00,-0.000000000000000000e+00,-2.074796089558485213e-01,-0.000000000000000000e+00,0.000000000000000000e+00,-0.000000000000000000e+00,-6.826614116320383063e-01,-0.000000000000000000e+00,-0.000000000000000000e+00,-0.000000000000000000e+00,-2.497082351158607522e-02,-0.000000000000000000e+00
-0.000000000000000000e+00,-0.000000000000000000e+00,-0.000000000000000000e+00,-0.000000000000000000e+00,-0.000000000000000000e+00,1.484437141680641670e+00,-0.000000000000000000e+00,-3.471093480189285096e-01,-0.000000000000000000e+00,-0.000000000000000000e+00,-0.000000000000000000e+00,-0.000000000000000000e+00,-9.058413002105211373e-03,1.434997044606398653e-01,0.000000000000000000e+00,-0.000000000000000000e+00,-0.000000000000000000e+00,0.000000000000000000e+00,0.000000000000000000e+00,-0.000000000000000000e+00,0.000000000000000000e+00,-5.472543696687219850e-01,-2.659472988886164568e-01,9.115408216962027355e-02,-0.000000000000000000e+00,0.000000000000000000e+00,-0.000000000000000000e+00,0.000000000000000000e+00,0.000000000000000000e+00,-0.000000000000000000e+00,0.000000000000000000e+00,0.000000000000000000e+00,-0.000000000000000000e+00,-0.000000000000000000e+00,-1.105500630027360376e-01,-0.000000000000000000e+00,-0.000000000000000000e+00,-0.000000000000000000e+00,-0.000000000000000000e+00
0.000000000000000000e+00,3.661327571200954922e-02,0.000000000000000000e+00,-3.203545380702496059e-01,0.000000000000000000e+00,-0.000000000000000000e+00,1.187787811215008427e+00,-0.000000000000000000e+00,2.461750188231270897e-01,2.918685895439890668e-02,-0.000000000000000000e+00,1.857069118555951248e-02,0.000000000000000000e+00,-0.000000000000000000e+00,-0.000000000000000000e+00,0.000000000000000000e+00,0.000000000000000000e+00,2.488272141276905158e-02,0.000000000000000000e+00,-0.000000000000000000e+00,-0.000000000000000000e+00,0.000000000000000000e+00,0.000000000000000000e+00,0.000000000000000000e+00,-0.000000000000000000e+00,-0.000000000000000000e+00,-0.000000000000000000e+00,-7.332473136185917520e-03,-0.000000000000000000e+00,-0.000000000000000000e+00,-0.000000000000000000e+00,-0.000000000000000000e+00,0.000000000000000000e+00,0.000000000000000000e+00,0.000000000000000000e+00,0.000000000000000000e+00,0.000000000000000000e+00,0.000000000000000000e+00,0.000000000000000000e+00
0.000000000000000000e+00,6.125363735093959650e-02,1.651123178536370306e-01,-0.000000000000000000e+00,-0.000000000000000000e+00,-3.471093480189285096e-01,-0.000000000000000000e+00,1.320329652646948126e+00,0.000000000000000000e+00,0.000000000000000000e+00,0.000000000000000000e+00,0.000000000000000000e+00,0.000000000000000000e+00,0.000000000000000000e+00,0.000000000000000000e+00,0.000000000000000000e+00,0.000000000000000000e+00,0.000000000000000000e+00,0.000000000000000000e+00,-2.501835630104922714e-01,1.886712592113630738e-01,-0.000000000000000000e+00,-0.000000000000000000e+00,0.000000000000000000e+00,0.000000000000000000e+00,0.000000000000000000e+00,-0.000000000000000000e+00,3.294842888727823188e-02,0.000000000000000000e+00,-1.253161700979485149e-01,6.485929778129640236e-03,1.519744726180282668e-01,0.000000000000000000e+00,-0.000000000000000000e+00,-2.114188550635341113e-01,-0.000000000000000000e+00,-0.000000000000000000e+00,-0.000000000000000000e+00,0.000000000000000000e+00
-0.000000000000000000e+00,-2.326375313911636378e-01,-0.000000000000000000e+00,1.967686021901276713e-02,-3.626277336162570530e-01,-0.000000000000000000e+00,2.461750188231270897e-01,0.000000000000000000e+00,1.785893564943928258e+00,-2.629846415095197232e-01,0.000000000000000000e+00,-8.090817352465605461e-02,-0.000000000000000000e+00,-0.000000000000000000e+00,-0.000000000000000000e+00,-6.971528357317489932e-02,-0.000000000000000000e+00,-2.450015866244872054e-01,-2.981048979886814776e-02,5.170918728098494732e-02,0.000000000000000000e+00,-0.000000000000000000e+00,-5.513013929571430188e-02,0.000000000000000000e+00,-1.714297136938225385e-01,-4.143778025109399674e-03,-0.000000000000000000e+00,0.000000000000000000e+00,-0.000000000000000000e+00,-0.000000000000000000e+00,0.000000000000000000e+00,0.000000000000000000e+00,-0.000000000000000000e+00,-5.943074506125037987e-02,0.000000000000000000e+00,-0.000000000000000000e+00,-0.000000000000000000e+00,-0.000000000000000000e+00,-6.767140247303715661e-02
-0.000000000000000000e+00,-4.659066871174762925e-01,-0.000000000000000000e+00,0.000000000000000000e+00,-0.000000000000000000e+00,-0.000000000000000000e+00,2.918685895439890668e-02,0.000000000000000000e+00,-2.629846415095197232e-01,2.466338637509207565e+00,-0.000000000000000000e+00,-2.423455812386466346e-01,-0.000000000000000000e+00,0.000000000000000000e+00,-0.000000000000000000e+00,-8.733309349510397501e-01,-0.000000000000000000e+00,-0.000000000000000000e+00,-0.000000000000000000e+00,0.000000000000000000e+00,0.000000000000000000e+00,-0.000000000000000000e+00,-1.729510015692075076e-01,-0.000000000000000000e+00,-0.000000000000000000e+00,0.000000000000000000e+00,0.000000000000000000e+00,-0.000000000000000000e+00,0.000000000000000000e+00,0.000000000000000000e+00,0.000000000000000000e+00,0.000000000000000000e+00,-0.000000000000000000e+00,-0.000000000000000000e+00,-0.000000000000000000e+00,-0.000000000000000000e+00,-6.938896819750069167e-02,-1.297081809622444015e-01,-3.741967372210663334e-01
-0.000000000000000000e+00,-0.000000000000000000e+00,-0.000000000000000000e+00,-0.000000000000000000e+00,0.000000000000000000e+00,-0.000000000000000000e+00,-0.000000000000000000e+00,0.000000000000000000e+00,0.000000000000000000e+00,-0.000000000000000000e+00,1.417106626102023981e+00,-0.000000000000000000e+00,-1.034899860308486630e-01,0.000000000000000000e+00,-0.000000000000000000e+00,0.000000000000000000e+00,-7.418373439965332272e-01,-0.000000000000000000e+00,-0.000000000000000000e+00,0.000000000000000000e+00,-0.000000000000000000e+00,-0.000000000000000000e+00,0.000000000000000000e+00,0.000000000000000000e+00,0.000000000000000000e+00,0.000000000000000000e+00,0.000000000000000000e+00,-0.000000000000000000e+00,-0.000000000000000000e+00,0.000000000000000000e+00,-0.000000000000000000e+00,-3.253987413544478895e-03,-0.000000000000000000e+00,0.000000000000000000e+00,-0.000000000000000000e+00,0.000000000000000000e+00,-0.000000000000000000e+00,-0.000000000000000000e+00,0.000000000000000000e+00
-3.902281553190092844e-01,-2.165646502616633013e-03,-1.153662315371516665e-02,0.000000000000000000e+00,-1.131231178619792194e-01,-0.000000000000000000e+00,1.857069118555951248e-02,0.000000000000000000e+00,-8.090817352465605461e-02,-2.423455812386466346e-01,-0.000000000000000000e+00,2.308965481975710610e+00,-0.000000000000000000e+00,0.000000000000000000e+00,-4.425012643861729877e-01,-1.130509559745130899e-01,-1.640186683827763170e-01,-3.314409262086294161e-01,-0.000000000000000000e+00,0.000000000000000000e+00,-0.000000000000000000e+00,-7.769363824100971108e-03,-0.000000000000000000e+00,-0.000000000000000000e+00,-0.000000000000000000e+00,0.000000000000000000e+00,-0.000000000000000000e+00,-0.000000000000000000e+00,0.000000000000000000e+00,0.000000000000000000e+00,-0.000000000000000000e+00,0.000000000000000000e+00,-2.781888529527012238e-02,-3.114025658767953248e-03,-0.000000000000000000e+00,0.000000000000000000e+00,0.000000000000000000e+00,-3.773431289282219714e-02,-6.124223029618809377e-01
-0.000000000000000000e+00,-6.699323102516964445e-02,-4.147665422785141720e-01,-0.000000000000000000e+00,-0.000000000000000000e+00,-9.058413002105211373e-03,0.000000000000000000e+00,0.000000000000000000e+00,-0.000000000000000000e+00,-0.000000000000000000e+00,-1.034899860308486630e-01,-0.000000000000000000e+00,2.012567400512816018e+00,-0.000000000000000000e+00,0.000000000000000000e+00,-0.000000000000000000e+00,-5.163396470017773965e-02,0.000000000000000000e+00,0.000000000000000000e+00,-0.000000000000000000e+00,-0.000000000000000000e+00,-7.052671264703478382e-01,-1.084938783230288487e-02,-0.000000000000000000e+00,-0.000000000000000000e+00,0.000000000000000000e+00,-0.000000000000000000e+00,0.000000000000000000e+00,0.000000000000000000e+00,-0.000000000000000000e+00,1.345473637252564240e-02,0.000000000000000000e+00,-4.679208219525179402e-01,0.000000000000000000e+00,-0.000000000000000000e+00,-1.496709824943820433e-01,0.000000000000000000e+00,-0.000000000000000000e+00,-0.000000000000000000e+00
0.000000000000000000e+00,-0.000000000000000000e+00,0.000000000000000000e+00,0.000000000000000000e+00,-0.000000000000000000e+00,1.434997044606398653e-01,-0.000000000000000000e+00,0.000000000000000000e+00,-0.000000000000000000e+00,0.000000000000000000e+00,0.000000000000000000e+00,0.000000000000000000e+00,-0.000000000000000000e+00,1.589596554643917026e+00,0.000000000000000000e+00,-0.000000000000000000e+00,-0.000000000000000000e+00,-0.000000000000000000e+00,-1.599742696808977294e-01,0.000000000000000000e+00,-0.000000000000000000e+00,0.000000000000000000e+00,-0.000000000000000000e+00,-0.000000000000000000e+00,-0.000000000000000000e+00,-4.935489204381407480e-01,-2.460180124774222210e-01,0.000000000000000000e+00,-0.000000000000000000e+00,-4.886210047418359376e-02,0.000000000000000000e+00,-0.000000000000000000e+00,0.000000000000000000e+00,-0.000000000000000000e+00,0.000000000000000000e+00,-4.099025179875301905e-01,0.000000000000000000e+00,0.000000000000000000e+00,0.000000000000000000e+00
-0.000000000000000000e+00,-0.000000000000000000e+00,-0.000000000000000000e+00,1.445823278230295439e-01,-0.000000000000000000e+00,0.000000000000000000e+00,-0.000000000000000000e+00,0.000000000000000000e+00,-0.000000000000000000e+00,-0.000000000000000000e+00,-0.000000000000000000e+00,-4.425012643861729877e-01,0.000000000000000000e+00,0.000000000000000000e+00,1.865974060096012410e+00,-0.000000000000000000e+00,-7.873412020991098215e-02,-3.081838410654158186e-02,0.000000000000000000e+00,0.000000000000000000e+00,-0.000000000000000000e+00,0.000000000000000000e+00,-0.000000000000000000e+00,-0.000000000000000000e+00,-0.000000000000000000e+00,0.000000000000000000e+00,-0.000000000000000000e+00,-0.000000000000000000e+00,-0.000000000000000000e+00,0.000000000000000000e+00,-0.000000000000000000e+00,0.000000000000000000e+00,0.000000000000000000e+00,-1.731108622358167592e-01,-0.000000000000000000e+00,0.000000000000000000e+00,-0.000000000000000000e+00,-5.958265031029212899e-01,-2.618499819058244249e-01
-0.000000000000000000e+00,-5.029228750434628498e-02,-0.000000000000000000e+00,0.000000000000000000e+00,-6.027446436105021038e-02,-0.000000000000000000e+00,0.000000000000000000e+00,0.000000000000000000e+00,-6.971528357317489932e-02,-8.733309349510397501e-01,0.000000000000000000e+00,-1.130509559745130899e-01,-0.000000000000000000e+00,-0.000000000000000000e+00,-0.000000000000000000e+00,1.933811360815109293e+00,-0.000000000000000000e+00,-0.000000000000000000e+00,-0.000000000000000000e+00,0.000000000000000000e+00,-0.000000000000000000e+00,-4.463231117742953724e-02,-0.000000000000000000e+00,-0.000000000000000000e+00,-1.166635681136804908e-01,-0.000000000000000000e+00,-0.000000000000000000e+00,-0.000000000000000000e+00,0.000000000000000000e+00,-0.000000000000000000e+00,0.000000000000000000e+00,0.000000000000000000e+00,-0.000000000000000000e+00,-0.000000000000000000e+00,-0.000000000000000000e+00,-0.000000000000000000e+00,-0.000000000000000000e+00,-1.703529655924271580e-01,-2.010969081172106765e-01
-0.000000000000000000e+00,-0.000000000000000000e+00,-0.000000000000000000e+00,0.000000000000000000e+00,-2.575821978732477646e-01,-0.000000000000000000e+00,0.000000000000000000e+00,0.000000000000000000e+00,-0.000000000000000000e+00,-0.000000000000000000e+00,-7.418373439965332272e-01,-1.640186683827763170e-01,-5.163396470017773965e-02,-0.000000000000000000e+00,-7.873412020991098215e-02,-0.000000000000000000e+00,1.749709771772044453e+00,-4.379526649441532055e-02,-0.000000000000000000e+00,0.000000000000000000e+00,-1.903738625700070741e-01,-0.000000000000000000e+00,-0.000000000000000000e+00,0.000000000000000000e+00,-0.000000000000000000e+00,-0.000000000000000000e+00,-0.000000000000000000e+00,-0.000000000000000000e+00,-3.367194676049988789e-01,-0.000000000000000000e+00,-5.011744026152827047e-02,-2.658943621271261243e-02,-0.000000000000000000e+00,-0.000000000000000000e+00,-0.000000000000000000e+00,-0.000000000000000000e+00,-8.753658693024414864e-03,-0.000000000000000000e+00,-0.000000000000000000e+00
-0.000000000000000000e+00,0.000000000000000000e+00,0.000000000000000000e+00,0.000000000000000000e+00,-1.328448157051719536e-01,0.000000000000000000e+00,2.488272141276905158e-02,0.000000000000000000e+00,-2.450015866244872054e-01,-0.000000000000000000e+00,-0.000000000000000000e+00,-3.314409262086294161e-01,0.000000000000000000e+00,-0.000000000000000000e+00,-3.081838410654158186e-02,-0.000000000000000000e+00,-4.379526649441532055e-02,1.893338777379564908e+00,-8.920225098609650960e-01,2.836929114444458958e-02,0.000000000000000000e+00,0.000000000000000000e+00,-0.000000000000000000e+00,-0.000000000000000000e+00,-0.000000000000000000e+00,-0.000000000000000000e+00,-0.000000000000000000e+00,0.000000000000000000e+00,-0.000000000000000000e+00,-0.000000000000000000e+00,-0.000000000000000000e+00,-0.000000000000000000e+00,0.000000000000000000e+00,-4.841427247051179744e-02,0.000000000000000000e+00,0.000000000000000000e+00,0.000000000000000000e+00,-0.000000000000000000e+00,-0.000000000000000000e+00
0.000000000000000000e+00,0.000000000000000000e+00,0.000000000000000000e+00,0.000000000000000000e+00,-1.776926608476114555e-01,0.000000000000000000e+00,0.000000000000000000e+00,0.000000000000000000e+00,-2.981048979886814776e-02,-0.000000000000000000e+00,-0.000000000000000000e+00,-0.000000000000000000e+00,0.000000000000000000e+00,-1.599742696808977294e-01,0.000000000000000000e+00,-0.000000000000000000e+00,-0.000000000000000000e+00,-8.920225098609650960e-01,1.925585742284201318e+00,2.312289688238393093e-01,0.000000000000000000e+00,7.265155829664067533e-02,-0.000000000000000000e+00,0.000000000000000000e+00,-0.000000000000000000e+00,-3.390066645111561305e-01,-0.000000000000000000e+00,0.000000000000000000e+00,-0.000000000000000000e+00,-0.000000000000000000e+00,-0.000000000000000000e+00,-0.000000000000000000e+00,0.000000000000000000e+00,-5.125442031535731857e-02,0.000000000000000000e+00,-0.000000000000000000e+00,0.000000000000000000e+00,0.000000000000000000e+00,0.000000000000000000e+00
-0.000000000000000000e+00,0.000000000000000000e+00,-0.000000000000000000e+00,0.000000000000000000e+00,0.000000000000000000e+00,-0.000000000000000000e+00,-0.000000000000000000e+00,-2.501835630104922714e-01,5.170918728098494732e-02,0.000000000000000000e+00,0.000000000000000000e+00,0.000000000000000000e+00,-0.000000000000000000e+00,0.000000000000000000e+00,0.000000000000000000e+00,0.000000000000000000e+00,0.000000000000000000e+00,2.836929114444458958e-02,2.312289688238393093e-01,1.282753093631459285e+00,-0.000000000000000000e+00,-3.896021799514837736e-01,-0.000000000000000000e+00,-4.803873862870725736e-02,-0.000000000000000000e+00,0.000000000000000000e+00,-0.000000000000000000e+00,-0.000000000000000000e+00,0.000000000000000000e+00,0.000000000000000000e+00,0.000000000000000000e+00,0.000000000000000000e+00,0.000000000000000000e+00,9.904143504439932855e-02,-0.000000000000000000e+00,0.000000000000000000e+00,0.000000000000000000e+00,-0.000000000000000000e+00,-0.000000000000000000e+00
-0.000000000000000000e+00,-0.000000000000000000e+00,-3.526970748860758786e-01,-0.000000000000000000e+00,-0.000000000000000000e+00,0.000000000000000000e+00,-0.000000000000000000e+00,1.886712592113630738e-01,0.000000000000000000e+00,0.000000000000000000e+00,-0.000000000000000000e+00,-0.000000000000000000e+00,-0.000000000000000000e+00,-0.000000000000000000e+00,-0.000000000000000000e+00,-0.000000000000000000e+00,-1.903738625700070741e-01,0.000000000000000000e+00,0.000000000000000000e+00,-0.000000000000000000e+00,1.427834275303822897e+00,-0.000000000000000000e+00,-0.000000000000000000e+00,0.000000000000000000e+00,0.000000000000000000e+00,-0.000000000000000000e+00,-0.000000000000000000e+00,-3.638805802655999122e-02,-0.000000000000000000e+00,0.000000000000000000e+00,-1.208762583836019977e-01,-1.438003116322970620e-01,-3.071625506433335873e-01,-0.000000000000000000e+00,5.223212418615681002e-02,-0.000000000000000000e+00,0.000000000000000000e+00,0.000000000000000000e+00,0.000000000000000000e+00
-4.310857126781083015e-01,-0.000000000000000000e+00,-3.662043188663114401e-01,-0.000000000000000000e+00,-0.000000000000000000e+00,-5.472543696687219850e-01,0.000000000000000000e+00,-0.000000000000000000e+00,-0.000000000000000000e+00,-0.000000000000000000e+00,-0.000000000000000000e+00,-7.769363824100971108e-03,-7.052671264703478382e-01,0.000000000000000000e+00,0.000000000000000000e+00,-4.463231117742953724e-02,-0.000000000000000000e+00,0.000000000000000000e+00,7.265155829664067533e-02,-3.896021799514837736e-01,-0.000000000000000000e+00,2.331318125530711605e+00,-9.432441201938899372e-03,-5.753596463843929990e-03,-0.000000000000000000e+00,0.000000000000000000e+00,-0.000000000000000000e+00,0.000000000000000000e+00,1.167771547620763822e-01,0.000000000000000000e+00,0.000000000000000000e+00,1.172880488106536750e-01,-1.515147495788912724e-01,0.000000000000000000e+00,-0.000000000000000000e+00,-0.000000000000000000e+00,-0.000000000000000000e+00,-0.000000000000000000e+00,-0.000000000000000000e+00
-2.597992733162363121e-01,-3.526892413687993111e-02,-2.882287246774135059e-01,0.000000000000000000e+00,-0.000000000000000000e+00,-2.659472988886164568e-01,0.000000000000000000e+00,-0.000000000000000000e+00,-5.513013929571430188e-02,-1.729510015692075076e-01,0.000000000000000000e+00,-0.000000000000000000e+00,-1.084938783230288487e-02,-0.000000000000000000e+00,-0.000000000000000000e+00,-0.000000000000000000e+00,-0.000000000000000000e+00,-0.000000000000000000e+00,-0.000000000000000000e+00,-0.000000000000000000e+00,-0.000000000000000000e+00,-9.432441201938899372e-03,1.773736121537820010e+00,-5.305068855852594113e-03,-6.640743558564573545e-01,0.000000000000000000e+00,-0.000000000000000000e+00,-0.000000000000000000e+00,-0.000000000000000000e+00,-0.000000000000000000e+00,-0.000000000000000000e+00,0.000000000000000000e+00,-0.000000000000000000e+00,-0.000000000000000000e+00,-3.569053034357668602e-02,-2.501282585936697236e-02,-7.324051286624007340e-02,-0.000000000000000000e+00,-0.000000000000000000e+00
-1.158980659093550303e-01,-0.000000000000000000e+00,-5.956501464092896214e-02,0.000000000000000000e+00,0.000000000000000000e+00,9.115408216962027355e-02,0.000000000000000000e+00,0.000000000000000000e+00,0.000000000000000000e+00,-0.000000000000000000e+00,0.000000000000000000e+00,-0.000000000000000000e+00,-0.000000000000000000e+00,-0.000000000000000000e+00,-0.000000000000000000e+00,-0.000000000000000000e+00,0.000000000000000000e+00,-0.000000000000000000e+00,0.000000000000000000e+00,-4.803873862870725736e-02,0.000000000000000000e+00,-5.753596463843929990e-03,-5.305068855852594113e-03,1.065465153261435649e+00,-0.000000000000000000e+00,7.887912190193982487e-03,0.000000000000000000e+00,0.000000000000000000e+00,0.000000000000000000e+00,1.959545908451467422e-01,0.000000000000000000e+00,0.000000000000000000e+00,-0.000000000000000000e+00,0.000000000000000000e+00,-0.000000000000000000e+00,-0.000000000000000000e+00,-0.000000000000000000e+00,-0.000000000000000000e+00,-0.000000000000000000e+00
-0.000000000000000000e+00,-0.000000000000000000e+00,-0.000000000000000000e+00,0.000000000000000000e+00,-1.774028069635297800e-01,-0.000000000000000000e+00,-0.000000000000000000e+00,0.000000000000000000e+00,-1.714297136938225385e-01,-0.000000000000000000e+00,0.000000000000000000e+00,-0.000000000000000000e+00,-0.000000000000000000e+00,-0.000000000000000000e+00,-0.000000000000000000e+00,-1.166635681136804908e-01,-0.000000000000000000e+00,-0.000000000000000000e+00,-0.000000000000000000e+00,-0.000000000000000000e+00,0.000000000000000000e+00,-0.000000000000000000e+00,-6.640743558564573545e-01,-0.000000000000000000e+00,1.585923918881237071e+00,-0.000000000000000000e+00,-0.000000000000000000e+00,-0.000000000000000000e+00,-2.832331903395740591e-01,-0.000000000000000000e+00,-0.000000000000000000e+00,0.000000000000000000e+00,0.000000000000000000e+00,-0.000000000000000000e+00,-0.000000000000000000e+00,-0.000000000000000000e+00,-0.000000000000000000e+00,-1.460703574734486046e-02,-0.000000000000000000e+00
2.066444457344612518e-01,-0.000000000000000000e+00,0.000000000000000000e+00,0.000000000000000000e+00,-2.718476522211019097e-01,0.000000000000000000e+00,-0.000000000000000000e+00,0.000000000000000000e+00,-4.143778025109399674e-03,0.000000000000000000e+00,0.000000000000000000e+00,0.000000000000000000e+00,0.000000000000000000e+00,-4.935489204381407480e-01,0.000000000000000000e+00,-0.000000000000000000e+00,-0.000000000000000000e+00,-0.000000000000000000e+00,-3.390066645111561305e-01,0.000000000000000000e+00,-0.000000000000000000e+00,0.000000000000000000e+00,0.000000000000000000e+00,7.887912190193982487e-03,-0.000000000000000000e+00,1.891744979364083035e+00,-2.581867932373547170e-01,0.000000000000000000e+00,-0.000000000000000000e+00,-4.154574981928930155e-01,0.000000000000000000e+00,-1.601204662840932935e-01,0.000000000000000000e+00,-2.121252342100437768e-02,0.000000000000000000e+00,-0.000000000000000000e+00,0.000000000000000000e+00,0.000000000000000000e+00,0.000000000000000000e+00
-0.000000000000000000e+00,0.000000000000000000e+00,-0.000000000000000000e+00,-0.000000000000000000e+00,-7.431952858438864995e-01,-0.000000000000000000e+00,-0.000000000000000000e+00,-0.000000000000000000e+00,-0.000000000000000000e+00,0.000000000000000000e+00,0.000000000000000000e+00,-0.000000000000000000e+00,-0.000000000000000000e+00,-2.460180124774222210e-01,-0.000000000000000000e+00,-0.000000000000000000e+00,-0.000000000000000000e+00,-0.000000000000000000e+00,-0.000000000000000000e+00,-0.000000000000000000e+00,-0.000000000000000000e+00,-0.000000000000000000e+00,-0.000000000000000000e+00,0.000000000000000000e+00,-0.000000000000000000e+00,-2.581867932373547170e-01,1.701854389992635497e+00,0.000000000000000000e+00,-0.000000000000000000e+00,-9.677569773794642005e-02,-0.000000000000000000e+00,-0.000000000000000000e+00,-0.000000000000000000e+00,-0.000000000000000000e+00,-0.000000000000000000e+00,-0.000000000000000000e+00,1.836929348118314653e-01,-0.000000000000000000e+00,-0.000000000000000000e+00
-0.000000000000000000e+00,-0.000000000000000000e+00,-0.000000000000000000e+00,-1.563596150886557290e-01,-0.000000000000000000e+00,0.000000000000000000e+00,-7.332473136185917520e-03,3.294842888727823188e-02,0.000000000000000000e+00,-0.000000000000000000e+00,-0.000000000000000000e+00,-0.000000000000000000e+00,0.000000000000000000e+00,0.000000000000000000e+00,-0.000000000000000000e+00,-0.000000000000000000e+00,-0.000000000000000000e+00,0.000000000000000000e+00,0.000000000000000000e+00,-0.000000000000000000e+00,-3.638805802655999122e-02,0.000000000000000000e+00,-0.000000000000000000e+00,0.000000000000000000e+00,-0.000000000000000000e+00,0.000000000000000000e+00,0.000000000000000000e+00,1.108452369642930035e+00,-0.000000000000000000e+00,0.000000000000000000e+00,-2.767180297614619255e-01,-1.511104808856000153e-02,-0.000000000000000000e+00,-0.000000000000000000e+00,0.000000000000000000e+00,0.000000000000000000e+00,-0.000000000000000000e+00,-9.275392524580805542e-02,-0.000000000000000000e+00
0.000000000000000000e+00,0.000000000000000000e+00,0.000000000000000000e+00,0.000000000000000000e+00,-0.000000000000000000e+00,0.000000000000000000e+00,-0.000000000000000000e+00,0.000000000000000000e+00,-0.000000000000000000e+00,0.000000000000000000e+00,-0.000000000000000000e+00,0.000000000000000000e+00,0.000000000000000000e+00,-0.000000000000000000e+00,-0.000000000000000000e+00,0.000000000000000000e+00,-3.367194676049988789e-01,-0.000000000000000000e+00,-0.000000000000000000e+00,0.000000000000000000e+00,-0.000000000000000000e+00,1.167771547620763822e-01,-0.000000000000000000e+00,0.000000000000000000e+00,-2.832331903395740591e-01,-0.000000000000000000e+00,-0.000000000000000000e+00,-0.000000000000000000e+00,1.279145079951055530e+00,-0.000000000000000000e+00,-0.000000000000000000e+00,-2.662452631804552716e-01,0.000000000000000000e+00,-0.000000000000000000e+00,-0.000000000000000000e+00,0.000000000000000000e+00,-9.964869681973813342e-02,-0.000000000000000000e+00,0.000000000000000000e+00
0.000000000000000000e+00,0.000000000000000000e+00,0.000000000000000000e+00,-8.872066208995955938e-02,-2.074796089558485213e-01,-0.000000000000000000e+00,-0.000000000000000000e+00,-1.253161700979485149e-01,-0.000000000000000000e+00,0.000000000000000000e+00,0.000000000000000000e+00,0.000000000000000000e+00,-0.000000000000000000e+00,-4.886210047418359376e-02,0.000000000000000000e+00,-0.000000000000000000e+00,-0.000000000000000000e+00,-0.000000000000000000e+00,-0.000000000000000000e+00,0.000000000000000000e+00,0.000000000000000000e+00,0.000000000000000000e+00,-0.000000000000000000e+00,1.959545908451467422e-01,-0.000000000000000000e+00,-4.154574981928930155e-01,-9.677569773794642005e-02,0.000000000000000000e+00,-0.000000000000000000e+00,1.403788636845838766e+00,-0.000000000000000000e+00,-0.000000000000000000e+00,0.000000000000000000e+00,-0.000000000000000000e+00,0.000000000000000000e+00,-1.738565901383156975e-01,0.000000000000000000e+00,0.000000000000000000e+00,0.000000000000000000e+00
-0.000000000000000000e+00,0.000000000000000000e+00,-0.000000000000000000e+00,-0.000000000000000000e+00,-0.000000000000000000e+00,0.000000000000000000e+00,-0.000000000000000000e+00,6.485929778129640236e-03,0.000000000000000000e+00,0.000000000000000000e+00,-0.000000000000000000e+00,-0.000000000000000000e+00,1.345473637252564240e-02,0.000000000000000000e+00,-0.000000000000000000e+00,0.000000000000000000e+00,-5.011744026152827047e-02,-0.000000000000000000e+00,-0.000000000000000000e+00,0.000000000000000000e+00,-1.208762583836019977e-01,0.000000000000000000e+00,-0.000000000000000000e+00,0.000000000000000000e+00,-0.000000000000000000e+00,0.000000000000000000e+00,-0.000000000000000000e+00,-2.767180297614619255e-01,-0.000000000000000000e+00,-0.000000000000000000e+00,1.102253832299767256e+00,-6.469975924447478322e-02,-0.000000000000000000e+00,-0.000000000000000000e+00,0.000000000000000000e+00,0.000000000000000000e+00,0.000000000000000000e+00,-0.000000000000000000e+00,0.000000000000000000e+00
5.304460045989340539e-02,8.752221725656835752e-04,-0.000000000000000000e+00,0.000000000000000000e+00,0.000000000000000000e+00,0.000000000000000000e+00,-0.000000000000000000e+00,1.519744726180282668e-01,0.000000000000000000e+00,0.000000000000000000e+00,-3.253987413544478895e-03,0.000000000000000000e+00,0.000000000000000000e+00,-0.000000000000000000e+00,0.000000000000000000e+00,0.000000000000000000e+00,-2.658943621271261243e-02,-0.000000000000000000e+00,-0.000000000000000000e+00,0.000000000000000000e+00,-1.438003116322970620e-01,1.172880488106536750e-01,0.000000000000000000e+00,0.000000000000000000e+00,0.000000000000000000e+00,-1.601204662840932935e-01,-0.000000000000000000e+00,-1.511104808856000153e-02,-2.662452631804552716e-01,-0.000000000000000000e+00,-6.469975924447478322e-02,1.185871463089853473e+00,-0.000000000000000000e+00,0.000000000000000000e+00,0.000000000000000000e+00,-0.000000000000000000e+00,-0.000000000000000000e+00,0.000000000000000000e+00,7.766036553409298715e-02
-0.000000000000000000e+00,-0.000000000000000000e+00,-1.044800885498085474e+00,-0.000000000000000000e+00,-0.000000000000000000e+00,-0.000000000000000000e+00,0.000000000000000000e+00,0.000000000000000000e+00,-0.000000000000000000e+00,-0.000000000000000000e+00,-0.000000000000000000e+00,-2.781888529527012238e-02,-4.679208219525179402e-01,0.000000000000000000e+00,0.000000000000000000e+00,-0.000000000000000000e+00,-0.000000000000000000e+00,0.000000000000000000e+00,0.000000000000000000e+00,0.000000000000000000e+00,-3.071625506433335873e-01,-1.515147495788912724e-01,-0.000000000000000000e+00,-0.000000000000000000e+00,0.000000000000000000e+00,0.000000000000000000e+00,-0.000000000000000000e+00,-0.000000000000000000e+00,0.000000000000000000e+00,0.000000000000000000e+00,-0.000000000000000000e+00,-0.000000000000000000e+00,2.214656721097839842e+00,0.000000000000000000e+00,0.000000000000000000e+00,-0.000000000000000000e+00,0.000000000000000000e+00,0.000000000000000000e+00,-0.000000000000000000e+00
0.000000000000000000e+00,-0.000000000000000000e+00,0.000000000000000000e+00,0.000000000000000000e+00,-6.826614116320383063e-01,-0.000000000000000000e+00,0.000000000000000000e+00,-0.000000000000000000e+00,-5.943074506125037987e-02,-0.000000000000000000e+00,0.000000000000000000e+00,-3.114025658767953248e-03,0.000000000000000000e+00,-0.000000000000000000e+00,-1.731108622358167592e-01,-0.000000000000000000e+00,-0.000000000000000000e+00,-4.841427247051179744e-02,-5.125442031535731857e-02,9.904143504439932855e-02,-0.000000000000000000e+00,0.000000000000000000e+00,-0.000000000000000000e+00,0.000000000000000000e+00,-0.000000000000000000e+00,-2.121252342100437768e-02,-0.000000000000000000e+00,-0.000000000000000000e+00,-0.000000000000000000e+00,-0.000000000000000000e+00,-0.000000000000000000e+00,0.000000000000000000e+00,0.000000000000000000e+00,1.568276389088028022e+00,-0.000000000000000000e+00,-0.000000000000000000e+00,-0.000000000000000000e+00,-7.384101324541644806e-02,-7.253679401285140216e-02
-0.000000000000000000e+00,0.000000000000000000e+00,-0.000000000000000000e+00,0.000000000000000000e+00,-0.000000000000000000e+00,-1.105500630027360376e-01,0.000000000000000000e+00,-2.114188550635341113e-01,0.000000000000000000e+00,-0.000000000000000000e+00,-0.000000000000000000e+00,-0.000000000000000000e+00,-0.000000000000000000e+00,0.000000000000000000e+00,-0.000000000000000000e+00,-0.000000000000000000e+00,-0.000000000000000000e+00,0.000000000000000000e+00,0.000000000000000000e+00,-0.000000000000000000e+00,5.223212418615681002e-02,-0.000000000000000000e+00,-3.569053034357668602e-02,-0.000000000000000000e+00,-0.000000000000000000e+00,0.000000000000000000e+00,-0.000000000000000000e+00,0.000000000000000000e+00,-0.000000000000000000e+00,0.000000000000000000e+00,0.000000000000000000e+00,0.000000000000000000e+00,0.000000000000000000e+00,-0.000000000000000000e+00,1.167333798056218619e+00,-0.000000000000000000e+00,-3.122609189280043385e-01,-0.000000000000000000e+00,-0.000000000000000000e+00
0.000000000000000000e+00,-8.902965391074052146e-03,-4.649199256415189989e-03,-0.000000000000000000e+00,-0.000000000000000000e+00,-0.000000000000000000e+00,0.000000000000000000e+00,-0.000000000000000000e+00,-0.000000000000000000e+00,-0.000000000000000000e+00,0.000000000000000000e+00,0.000000000000000000e+00,-1.496709824943820433e-01,-4.099025179875301905e-01,0.000000000000000000e+00,-0.000000000000000000e+00,-0.000000000000000000e+00,0.000000000000000000e+00,-0.000000000000000000e+00,0.000000000000000000e+00,-0.000000000000000000e+00,-0.000000000000000000e+00,-2.501282585936697236e-02,-0.000000000000000000e+00,-0.000000000000000000e+00,-0.000000000000000000e+00,-0.000000000000000000e+00,0.000000000000000000e+00,0.000000000000000000e+00,-1.738565901383156975e-01,0.000000000000000000e+00,-0.000000000000000000e+00,-0.000000000000000000e+00,-0.000000000000000000e+00,-0.000000000000000000e+00,1.219952843099581186e+00,-0.000000000000000000e+00,6.191111992067264286e-02,0.000000000000000000e+00
0.000000000000000000e+00,-0.000000000000000000e+00,0.000000000000000000e+00,3.540089031246522466e-02,-0.000000000000000000e+00,-0.000000000000000000e+00,0.000000000000000000e+00,-0.000000000000000000e+00,-0.000000000000000000e+00,-6.938896819750069167e-02,-0.000000000000000000e+00,0.000000000000000000e+00,0.000000000000000000e+00,0.000000000000000000e+00,-0.000000000000000000e+00,-0.000000000000000000e+00,-8.753658693024414864e-03,0.000000000000000000e+00,0.000000000000000000e+00,0.000000000000000000e+00,0.000000000000000000e+00,-0.000000000000000000e+00,-7.324051286624007340e-02,-0.000000000000000000e+00,-0.000000000000000000e+00,0.000000000000000000e+00,1.836929348118314653e-01,-0.000000000000000000e+00,-9.964869681973813342e-02,0.000000000000000000e+00,0.000000000000000000e+00,-0.000000000000000000e+00,0.000000000000000000e+00,-0.000000000000000000e+00,-3.122609189280043385e-01,-0.000000000000000000e+00,1.153813822487782081e+00,-7.376777008348567310e-02,-0.000000000000000000e+00
-9.006214552405444884e-02,-0.000000000000000000e+00,-0.000000000000000000e+00,3.290729211224770190e-02,-2.497082351158607522e-02,-0.000000000000000000e+00,0.000000000000000000e+00,-0.000000000000000000e+00,-0.000000000000000000e+00,-1.297081809622444015e-01,-0.000000000000000000e+00,-3.773431289282219714e-02,-0.000000000000000000e+00,0.000000000000000000e+00,-5.958265031029212899e-01,-1.703529655924271580e-01,-0.000000000000000000e+00,-0.000000000000000000e+00,0.000000000000000000e+00,-0.000000000000000000e+00,0.000000000000000000e+00,-0.000000000000000000e+00,-0.000000000000000000e+00,-0.000000000000000000e+00,-1.460703574734486046e-02,0.000000000000000000e+00,-0.000000000000000000e+00,-9.275392524580805542e-02,-0.000000000000000000e+00,0.000000000000000000e+00,-0.000000000000000000e+00,0.000000000000000000e+00,0.000000000000000000e+00,-7.384101324541644806e-02,-0.000000000000000000e+00,6.191111992067264286e-02,-7.376777008348567310e-02,2.228092533966165245e+00,-9.078461815733479545e-01
-0.000000000000000000e+00,-2.458747501267230517e-01,-0.000000000000000000e+00,0.000000000000000000e+00,-0.000000000000000000e+00,-0.000000000000000000e+00,0.000000000000000000e+00,0.000000000000000000e+00,-6.767140247303715661e-02,-3.741967372210663334e-01,0.000000000000000000e+00,-6.124223029618809377e-01,-0.000000000000000000e+00,0.000000000000000000e+00,-2.618499819058244249e-01,-2.010969081172106765e-01,-0.000000000000000000e+00,-0.000000000000000000e+00,0.000000000000000000e+00,-0.000000000000000000e+00,0.000000000000000000e+00,-0.000000000000000000e+00,-0.000000000000000000e+00,-0.000000000000000000e+00,-0.000000000000000000e+00,0.000000000000000000e+00,-0.000000000000000000e+00,-0.000000000000000000e+00,0.000000000000000000e+00,0.000000000000000000e+00,0.000000000000000000e+00,7.766036553409298715e-02,-0.000000000000000000e+00,-7.253679401285140216e-02,-0.000000000000000000e+00,0.000000000000000000e+00,-0.000000000000000000e+00,-9.078461815733479545e-01,2.670887276007138045e+00
