2.195813952984682071e+00,-0.000000000000000000e+00,-4.353992686476230306e-02,0.000000000000000000e+00,-3.823914515320744195e-02,-0.000000000000000000e+00,-0.000000000000000000e+00,0.000000000000000000e+00,-0.000000000000000000e+00,-0.000000000000000000e+00,-0.000000000000000000e+00,0.000000000000000000e+00,0.000000000000000000e+00,-0.000000000000000000e+00,-0.000000000000000000e+00,-0.000000000000000000e+00,-5.246949437492523863e-04,-8.980923117198603978e-02,-2.064835878062539765e-01,-9.152422610977973411e-03,-3.022528828742174212e-02,-0.000000000000000000e+00,-0.000000000000000000e+00,-0.000000000000000000e+00,-0.000000000000000000e+00,-3.029724826837771334e-01,-0.000000000000000000e+00,-3.131573248884021998e-01,-2.684341081334502555e-01,-4.148374962150292583e-02,-0.000000000000000000e+00,-0.000000000000000000e+00,-0.000000000000000000e+00,-0.000000000000000000e+00,-0.000000000000000000e+00,-1.962398943189575806e-01,-0.000000000000000000e+00,-6.817175641152828369e-01,-0.000000000000000000e+00
-0.000000000000000000e+00,2.438808697066300990e+00,-0.000000000000000000e+00,0.000000000000000000e+00,-1.328531781244356724e-01,-0.000000000000000000e+00,-0.000000000000000000e+00,0.000000000000000000e+00,-1.970589264144769273e-02,-2.540571523882488858e-01,-0.000000000000000000e+00,-0.000000000000000000e+00,6.129641656163192093e-02,-8.354544871135979531e-03,0.000000000000000000e+00,-1.503680421196528227e-01,-0.000000000000000000e+00,-0.000000000000000000e+00,-0.000000000000000000e+00,-0.000000000000000000e+00,0.000000000000000000e+00,-0.000000000000000000e+00,-2.738768141156103231e-01,-0.000000000000000000e+00,-7.960840955389662799e-02,-0.000000000000000000e+00,-2.524633139461027187e-01,-0.000000000000000000e+00,-0.000000000000000000e+00,-0.000000000000000000e+00,-3.267948575147451851e-01,-5.762636798699694030e-01,-0.000000000000000000e+00,-8.483870058704223727e-02,-0.000000000000000000e+00,-0.000000000000000000e+00,-2.815032769523651002e-01,0.000000000000000000e+00,-0.000000000000000000e+00
-4.353992686476230306e-02,-0.000000000000000000e+00,2.490269118706624596e+00,0.000000000000000000e+00,-3.268287831476237582e-01,-0.000000000000000000e+00,-1.337607852667181407e-01,9.392775977709021396e-01,-0.000000000000000000e+00,-0.000000000000000000e+00,0.000000000000000000e+00,0.000000000000000000e+00,0.000000000000000000e+00,-0.000000000000000000e+00,-0.000000000000000000e+00,-0.000000000000000000e+00,-0.000000000000000000e+00,-0.000000000000000000e+00,-0.000000000000000000e+00,-0.000000000000000000e+00,-3.365046219343586498e-01,-0.000000000000000000e+00,-0.000000000000000000e+00,-0.000000000000000000e+00,-0.000000000000000000e+00,-0.000000000000000000e+00,-0.000000000000000000e+00,-2.477201841760112710e-01,-0.000000000000000000e+00,-0.000000000000000000e+00,-0.000000000000000000e+00,0.000000000000000000e+00,-4.608439772617739516e-01,-0.000000000000000000e+00,-0.000000000000000000e+00,-0.000000000000000000e+00,-0.000000000000000000e+00,-4.556431746333415578e-02,-0.000000000000000000e+00
0.000000000000000000e+00,0.000000000000000000e+00,0.000000000000000000e+00,1.059120834855633131e+00,0.000000000000000000e+00,0.000000000000000000e+00,0.000000000000000000e+00,-0.000000000000000000e+00,-0.000000000000000000e+00,0.000000000000000000e+00,-0.000000000000000000e+00,-0.000000000000000000e+00,-1.686259746379623059e-01,-0.000000000000000000e+00,3.217472894037294584e-02,0.000000000000000000e+00,0.000000000000000000e+00,-1.317846286716176964e-02,-0.000000000000000000e+00,0.000000000000000000e+00,0.000000000000000000e+00,-0.000000000000000000e+00,0.000000000000000000e+00,0.000000000000000000e+00,0.000000000000000000e+00,0.000000000000000000e+00,0.000000000000000000e+00,1.215473837837332954e-01,0.000000000000000000e+00,0.000000000000000000e+00,1.223460284444512214e-02,0.000000000000000000e+00,0.000000000000000000e+00,0.000000000000000000e+00,0.000000000000000000e+00,0.000000000000000000e+00,0.000000000000000000e+00,-0.000000000000000000e+00,-0.000000000000000000e+00
-3.823914515320744195e-02,-1.328531781244356724e-01,-3.268287831476237582e-01,0.000000000000000000e+00,2.219283281952789899e+00,-0.000000000000000000e+00,-0.000000000000000000e+00,1.875646406926381182e-01,-3.065166847042490317e-01,-7.749095526062713124e-02,-0.000000000000000000e+00,-0.000000000000000000e+00,9.482923676010918124e-02,-8.198077846099535715e-03,0.000000000000000000e+00,-2.601278620640668643e-02,-0.000000000000000000e+00,-0.000000000000000000e+00,-3.577656915129780787e-03,-0.000000000000000000e+00,-0.000000000000000000e+00,-0.000000000000000000e+00,-7.106814659103431915e-03,-0.000000000000000000e+00,-1.828540364872068558e-01,-1.233653142386352403e-01,-1.383152809697616448e-01,-0.000000000000000000e+00,-0.000000000000000000e+00,-0.000000000000000000e+00,-8.048505437359565473e-02,-0.000000000000000000e+00,-1.407828053190378625e-01,-3.815364382445496361e-01,-0.000000000000000000e+00,-4.323447713722822910e-02,-9.551402834490933802e-02,-0.000000000000000000e+00,-0.000000000000000000e+00
-0.000000000000000000e+00,-0.000000000000000000e+00,-0.000000000000000000e+00,0.000000000000000000e+00,-0.000000000000000000e+00,1.869013150886190022e+00,0.000000000000000000e+00,-0.000000000000000000e+00,-1.921755023012709784e-02,-0.000000000000000000e+00,-5.494662928024049986e-01,-1.453914660974611472e-01,0.000000000000000000e+00,-1.032361946096614636e-01,0.000000000000000000e+00,-0.000000000000000000e+00,-1.886359202287722359e-01,-3.422807393042487378e-02,-0.000000000000000000e+00,0.000000000000000000e+00,0.000000000000000000e+00,-9.009593730678880363e-02,-1.046279750062303199e-01,-0.000000000000000000e+00,-2.791658682188907781e-01,-0.000000000000000000e+00,-0.000000000000000000e+00,-0.000000000000000000e+00,-0.000000000000000000e+00,-0.000000000000000000e+00,-0.000000000000000000e+00,-1.030448507371056616e-01,-0.000000000000000000e+00,-5.754660113358284895e-02,-0.000000000000000000e+00,-0.000000000000000000e+00,-1.749014056691319541e-01,0.000000000000000000e+00,-0.000000000000000000e+00
-0.000000000000000000e+00,-0.000000000000000000e+00,-1.337607852667181407e-01,0.000000000000000000e+00,-0.000000000000000000e+00,0.000000000000000000e+00,1.103069022353138529e+00,2.252383888944960444e-01,-0.000000000000000000e+00,-0.000000000000000000e+00,0.000000000000000000e+00,0.000000000000000000e+00,0.000000000000000000e+00,-0.000000000000000000e+00,-0.000000000000000000e+00,-0.000000000000000000e+00,-0.000000000000000000e+00,0.000000000000000000e+00,-0.000000000000000000e+00,-0.000000000000000000e+00,-0.000000000000000000e+00,-0.000000000000000000e+00,-0.000000000000000000e+00,-0.000000000000000000e+00,-0.000000000000000000e+00,-0.000000000000000000e+00,-0.000000000000000000e+00,-0.000000000000000000e+00,-0.000000000000000000e+00,-0.000000000000000000e+00,-0.000000000000000000e+00,-0.000000000000000000e+00,-7.154942897455257751e-03,-0.000000000000000000e+00,-0.000000000000000000e+00,-0.000000000000000000e+00,-0.000000000000000000e+00,-0.000000000000000000e+00,-0.000000000000000000e+00
0.000000000000000000e+00,0.000000000000000000e+00,9.392775977709021396e-01,-0.000000000000000000e+00,1.875646406926381182e-01,-0.000000000000000000e+00,2.252383888944960444e-01,2.320972752293018804e+00,0.000000000000000000e+00,0.000000000000000000e+00,-0.000000000000000000e+00,-0.000000000000000000e+00,-0.000000000000000000e+00,0.000000000000000000e+00,2.600878949715111285e-02,0.000000000000000000e+00,0.000000000000000000e+00,-0.000000000000000000e+00,0.000000000000000000e+00,0.000000000000000000e+00,3.489245800881423665e-01,0.000000000000000000e+00,0.000000000000000000e+00,0.000000000000000000e+00,0.000000000000000000e+00,0.000000000000000000e+00,0.000000000000000000e+00,2.527598199799842016e-01,0.000000000000000000e+00,0.000000000000000000e+00,0.000000000000000000e+00,-0.000000000000000000e+00,3.320033010998010847e-01,0.000000000000000000e+00,0.000000000000000000e+00,0.000000000000000000e+00,0.000000000000000000e+00,0.000000000000000000e+00,0.000000000000000000e+00
-0.000000000000000000e+00,-1.970589264144769273e-02,-0.000000000000000000e+00,-0.000000000000000000e+00,-3.065166847042490317e-01,-1.921755023012709784e-02,-0.000000000000000000e+00,0.000000000000000000e+00,2.349507076616005552e+00,-0.000000000000000000e+00,-2.028349309941333833e-01,-0.000000000000000000e+00,0.000000000000000000e+00,-4.806387869791580170e-01,0.000000000000000000e+00,-0.000000000000000000e+00,-1.081386510135485118e-01,-1.487967723422900512e-01,-5.025959747018501345e-01,-0.000000000000000000e+00,-0.000000000000000000e+00,-4.366291316221086738e-02,-9.234029184398635792e-02,-2.354404700885430034e-03,-1.853874929637771840e-01,-0.000000000000000000e+00,-0.000000000000000000e+00,-0.000000000000000000e+00,-0.000000000000000000e+00,-4.740701466452381004e-03,-0.000000000000000000e+00,-0.000000000000000000e+00,-2.949632964423207909e-02,-2.607233314429845406e-01,-0.000000000000000000e+00,-0.000000000000000000e+00,-4.713186177542336153e-02,-0.000000000000000000e+00,-1.675781846049832768e-01
-0.000000000000000000e+00,-2.540571523882488858e-01,-0.000000000000000000e+00,0.000000000000000000e+00,-7.749095526062713124e-02,-0.000000000000000000e+00,-0.000000000000000000e+00,0.000000000000000000e+00,-0.000000000000000000e+00,2.563032073099353880e+00,-0.000000000000000000e+00,-0.000000000000000000e+00,0.000000000000000000e+00,-0.000000000000000000e+00,0.000000000000000000e+00,-3.875497975225700165e-01,-0.000000000000000000e+00,-0.000000000000000000e+00,-0.000000000000000000e+00,-0.000000000000000000e+00,0.000000000000000000e+00,-0.000000000000000000e+00,-3.648948770641459172e-01,-0.000000000000000000e+00,-7.547882874929726094e-02,-0.000000000000000000e+00,-1.173756127389237736e-01,-0.000000000000000000e+00,-0.000000000000000000e+00,-2.236919048571399393e-01,-1.255519770106192368e-01,-2.549128954101753108e-01,-0.000000000000000000e+00,-0.000000000000000000e+00,-1.254415843298016531e-01,-2.977316947095270949e-01,-3.390387762156389373e-01,-0.000000000000000000e+00,-0.000000000000000000e+00
-0.000000000000000000e+00,-0.000000000000000000e+00,0.000000000000000000e+00,-0.000000000000000000e+00,-0.000000000000000000e+00,-5.494662928024049986e-01,0.000000000000000000e+00,-0.000000000000000000e+00,-2.028349309941333833e-01,-0.000000000000000000e+00,1.817733588947074042e+00,-1.098950527662618110e-01,-0.000000000000000000e+00,-1.438612622250814432e-01,7.158124116583622354e-02,-0.000000000000000000e+00,-2.655690444971718911e-01,-2.940322937995268684e-02,-0.000000000000000000e+00,0.000000000000000000e+00,0.000000000000000000e+00,-0.000000000000000000e+00,-5.670432007992402129e-02,-0.000000000000000000e+00,-0.000000000000000000e+00,-0.000000000000000000e+00,-1.571227830485711144e-02,0.000000000000000000e+00,-0.000000000000000000e+00,-0.000000000000000000e+00,-0.000000000000000000e+00,-2.391322120861257561e-01,-0.000000000000000000e+00,-2.424061973216087851e-02,-0.000000000000000000e+00,-0.000000000000000000e+00,-0.000000000000000000e+00,0.000000000000000000e+00,-1.198493740322165851e-01
0.000000000000000000e+00,-0.000000000000000000e+00,0.000000000000000000e+00,-0.000000000000000000e+00,-0.000000000000000000e+00,-1.453914660974611472e-01,0.000000000000000000e+00,-0.000000000000000000e+00,-0.000000000000000000e+00,-0.000000000000000000e+00,-1.098950527662618110e-01,1.097092187529511431e+00,-0.000000000000000000e+00,-0.000000000000000000e+00,5.550038690810107228e-02,-0.000000000000000000e+00,-0.000000000000000000e+00,-1.483411522832270013e-01,-0.000000000000000000e+00,0.000000000000000000e+00,0.000000000000000000e+00,-9.088411725693594859e-03,-0.000000000000000000e+00,0.000000000000000000e+00,-6.071683971164325636e-03,-0.000000000000000000e+00,-0.000000000000000000e+00,0.000000000000000000e+00,-0.000000000000000000e+00,-0.000000000000000000e+00,-0.000000000000000000e+00,-0.000000000000000000e+00,0.000000000000000000e+00,-0.000000000000000000e+00,-0.000000000000000000e+00,-0.000000000000000000e+00,-0.000000000000000000e+00,0.000000000000000000e+00,-0.000000000000000000e+00
0.000000000000000000e+00,6.129641656163192093e-02,0.000000000000000000e+00,-1.686259746379623059e-01,9.482923676010918124e-02,0.000000000000000000e+00,0.000000000000000000e+00,-0.000000000000000000e+00,0.000000000000000000e+00,0.000000000000000000e+00,-0.000000000000000000e+00,-0.000000000000000000e+00,1.409409967205744740e+00,0.000000000000000000e+00,0.000000000000000000e+00,4.241442943050118680e-02,0.000000000000000000e+00,-0.000000000000000000e+00,-0.000000000000000000e+00,0.000000000000000000e+00,0.000000000000000000e+00,-0.000000000000000000e+00,0.000000000000000000e+00,0.000000000000000000e+00,0.000000000000000000e+00,7.533341227163831144e-02,0.000000000000000000e+00,2.082556651583851726e-01,1.200316068227883781e-01,0.000000000000000000e+00,2.631543663888932238e-01,0.000000000000000000e+00,0.000000000000000000e+00,0.000000000000000000e+00,0.000000000000000000e+00,1.031871478276744220e-01,0.000000000000000000e+00,0.000000000000000000e+00,-0.000000000000000000e+00
-0.000000000000000000e+00,-8.354544871135979531e-03,-0.000000000000000000e+00,-0.000000000000000000e+00,-8.198077846099535715e-03,-1.032361946096614636e-01,-0.000000000000000000e+00,0.000000000000000000e+00,-4.806387869791580170e-01,-0.000000000000000000e+00,-1.438612622250814432e-01,-0.000000000000000000e+00,0.000000000000000000e+00,1.860076739730704087e+00,0.000000000000000000e+00,-0.000000000000000000e+00,-6.580820992003534597e-02,-0.000000000000000000e+00,-0.000000000000000000e+00,0.000000000000000000e+00,-0.000000000000000000e+00,-0.000000000000000000e+00,-0.000000000000000000e+00,-2.994400131901769346e-01,-2.160847714918580631e-01,-0.000000000000000000e+00,-0.000000000000000000e+00,-0.000000000000000000e+00,-0.000000000000000000e+00,-0.000000000000000000e+00,-0.000000000000000000e+00,-0.000000000000000000e+00,-2.533870251205623259e-01,-2.471952712147382492e-01,-0.000000000000000000e+00,-0.000000000000000000e+00,-0.000000000000000000e+00,-0.000000000000000000e+00,-0.000000000000000000e+00
-0.000000000000000000e+00,0.000000000000000000e+00,-0.000000000000000000e+00,3.217472894037294584e-02,0.000000000000000000e+00,0.000000000000000000e+00,-0.000000000000000000e+00,2.600878949715111285e-02,0.000000000000000000e+00,0.000000000000000000e+00,7.158124116583622354e-02,5.550038690810107228e-02,0.000000000000000000e+00,0.000000000000000000e+00,1.094955111833263883e+00,0.000000000000000000e+00,0.000000000000000000e+00,0.000000000000000000e+00,-0.000000000000000000e+00,-1.248401722154635074e-02,-3.099478885377973114e-01,0.000000000000000000e+00,0.000000000000000000e+00,-0.000000000000000000e+00,0.000000000000000000e+00,0.000000000000000000e+00,0.000000000000000000e+00,-0.000000000000000000e+00,-0.000000000000000000e+00,0.000000000000000000e+00,0.000000000000000000e+00,8.215056053296435068e-02,-0.000000000000000000e+00,-0.000000000000000000e+00,0.000000000000000000e+00,0.000000000000000000e+00,0.000000000000000000e+00,-0.000000000000000000e+00,0.000000000000000000e+00
-0.000000000000000000e+00,-1.503680421196528227e-01,-0.000000000000000000e+00,0.000000000000000000e+00,-2.601278620640668643e-02,-0.000000000000000000e+00,-0.000000000000000000e+00,0.000000000000000000e+00,-0.000000000000000000e+00,-3.875497975225700165e-01,-0.000000000000000000e+00,-0.000000000000000000e+00,4.241442943050118680e-02,-0.000000000000000000e+00,0.000000000000000000e+00,2.572706744610384177e+00,-4.489920422390900057e-02,-0.000000000000000000e+00,-0.000000000000000000e+00,-0.000000000000000000e+00,0.000000000000000000e+00,-0.000000000000000000e+00,-3.473619817352796568e-01,-0.000000000000000000e+00,-0.000000000000000000e+00,-3.438457348099014932e-01,-0.000000000000000000e+00,-0.000000000000000000e+00,-3.222766116489169663e-01,-4.017983590455105891e-01,-0.000000000000000000e+00,-8.927532147063577117e-02,-0.000000000000000000e+00,-0.000000000000000000e+00,-1.639584856078058483e-01,-2.463728855566451881e-01,-5.254461909078476933e-02,-0.000000000000000000e+00,0.000000000000000000e+00
-5.246949437492523863e-04,-0.000000000000000000e+00,-0.000000000000000000e+00,0.000000000000000000e+00,-0.000000000000000000e+00,-1.886359202287722359e-01,-0.000000000000000000e+00,0.000000000000000000e+00,-1.081386510135485118e-01,-0.000000000000000000e+00,-2.655690444971718911e-01,-0.000000000000000000e+00,0.000000000000000000e+00,-6.580820992003534597e-02,0.000000000000000000e+00,-4.489920422390900057e-02,1.655684087342793820e+00,-0.000000000000000000e+00,-0.000000000000000000e+00,-0.000000000000000000e+00,-0.000000000000000000e+00,-0.000000000000000000e+00,-2.834288548901527788e-02,-0.000000000000000000e+00,-0.000000000000000000e+00,-3.534998807468112819e-02,-0.000000000000000000e+00,-0.000000000000000000e+00,-2.039343538599474592e-01,-1.916142044590761762e-01,-0.000000000000000000e+00,-1.268107757400918113e-02,-0.000000000000000000e+00,-7.699925864208083393e-02,-0.000000000000000000e+00,-0.000000000000000000e+00,-2.179376530803676659e-01,-0.000000000000000000e+00,-0.000000000000000000e+00
-8.980923117198603978e-02,-0.000000000000000000e+00,-0.000000000000000000e+00,-1.317846286716176964e-02,-0.000000000000000000e+00,-3.422807393042487378e-02,0.000000000000000000e+00,-0.000000000000000000e+00,-1.487967723422900512e-01,-0.000000000000000000e+00,-2.940322937995268684e-02,-1.483411522832270013e-01,-0.000000000000000000e+00,-0.000000000000000000e+00,0.000000000000000000e+00,-0.000000000000000000e+00,-0.000000000000000000e+00,1.601090621373541856e+00,-3.361645529352950690e-01,-0.000000000000000000e+00,-0.000000000000000000e+00,-3.411831084594110219e-01,-5.486439748988098525e-02,-0.000000000000000000e+00,-0.000000000000000000e+00,-0.000000000000000000e+00,-0.000000000000000000e+00,-0.000000000000000000e+00,-0.000000000000000000e+00,-2.606073578357348541e-01,0.000000000000000000e+00,-0.000000000000000000e+00,-0.000000000000000000e+00,-0.000000000000000000e+00,-0.000000000000000000e+00,-0.000000000000000000e+00,-0.000000000000000000e+00,-3.343816672330186812e-02,-0.000000000000000000e+00
-2.064835878062539765e-01,-0.000000000000000000e+00,-0.000000000000000000e+00,-0.000000000000000000e+00,-3.577656915129780787e-03,-0.000000000000000000e+00,-0.000000000000000000e+00,0.000000000000000000e+00,-5.025959747018501345e-01,-0.000000000000000000e+00,-0.000000000000000000e+00,-0.000000000000000000e+00,-0.000000000000000000e+00,-0.000000000000000000e+00,-0.000000000000000000e+00,-0.000000000000000000e+00,-0.000000000000000000e+00,-3.361645529352950690e-01,1.878382111665076293e+00,-0.000000000000000000e+00,-0.000000000000000000e+00,-2.276291557612672989e-01,-0.000000000000000000e+00,-0.000000000000000000e+00,-0.000000000000000000e+00,-0.000000000000000000e+00,-0.000000000000000000e+00,-0.000000000000000000e+00,-0.000000000000000000e+00,-0.000000000000000000e+00,0.000000000000000000e+00,-0.000000000000000000e+00,-1.568937577458223154e-01,-0.000000000000000000e+00,-0.000000000000000000e+00,-0.000000000000000000e+00,-0.000000000000000000e+00,-2.176550627140985683e-01,-2.527022579829501514e-01
-9.152422610977973411e-03,-0.000000000000000000e+00,-0.000000000000000000e+00,0.000000000000000000e+00,-0.000000000000000000e+00,0.000000000000000000e+00,-0.000000000000000000e+00,0.000000000000000000e+00,-0.000000000000000000e+00,-0.000000000000000000e+00,0.000000000000000000e+00,0.000000000000000000e+00,0.000000000000000000e+00,0.000000000000000000e+00,-1.248401722154635074e-02,-0.000000000000000000e+00,-0.000000000000000000e+00,-0.000000000000000000e+00,-0.000000000000000000e+00,1.093648839407000084e+00,-2.027502650837309430e-03,-0.000000000000000000e+00,-0.000000000000000000e+00,-0.000000000000000000e+00,-0.000000000000000000e+00,-0.000000000000000000e+00,0.000000000000000000e+00,-1.982504539698845825e-01,-6.964147278873106250e-02,-0.000000000000000000e+00,0.000000000000000000e+00,0.000000000000000000e+00,-0.000000000000000000e+00,0.000000000000000000e+00,-1.917628576157088833e-03,-0.000000000000000000e+00,-0.000000000000000000e+00,-1.040071532509277696e-01,1.169086392052944316e-03
-3.022528828742174212e-02,0.000000000000000000e+00,-3.365046219343586498e-01,0.000000000000000000e+00,-0.000000000000000000e+00,0.000000000000000000e+00,-0.000000000000000000e+00,3.489245800881423665e-01,-0.000000000000000000e+00,0.000000000000000000e+00,0.000000000000000000e+00,0.000000000000000000e+00,0.000000000000000000e+00,-0.000000000000000000e+00,-3.099478885377973114e-01,0.000000000000000000e+00,-0.000000000000000000e+00,-0.000000000000000000e+00,-0.000000000000000000e+00,-2.027502650837309430e-03,1.976465222899125518e+00,-0.000000000000000000e+00,0.000000000000000000e+00,-9.266757960325798515e-02,-0.000000000000000000e+00,-0.000000000000000000e+00,0.000000000000000000e+00,-2.389088595119872593e-01,-0.000000000000000000e+00,-0.000000000000000000e+00,0.000000000000000000e+00,0.000000000000000000e+00,-1.117491480493753991e-01,-0.000000000000000000e+00,-0.000000000000000000e+00,-0.000000000000000000e+00,-0.000000000000000000e+00,-5.690040892279127904e-01,0.000000000000000000e+00
-0.000000000000000000e+00,-0.000000000000000000e+00,-0.000000000000000000e+00,-0.000000000000000000e+00,-0.000000000000000000e+00,-9.009593730678880363e-02,-0.000000000000000000e+00,0.000000000000000000e+00,-4.366291316221086738e-02,-0.000000000000000000e+00,-0.000000000000000000e+00,-9.088411725693594859e-03,-0.000000000000000000e+00,-0.000000000000000000e+00,0.000000000000000000e+00,-0.000000000000000000e+00,-0.000000000000000000e+00,-3.411831084594110219e-01,-2.276291557612672989e-01,-0.000000000000000000e+00,-0.000000000000000000e+00,1.358683935899959172e+00,-0.000000000000000000e+00,-0.000000000000000000e+00,-1.900286642205830934e-01,-0.000000000000000000e+00,-0.000000000000000000e+00,-0.000000000000000000e+00,-0.000000000000000000e+00,-0.000000000000000000e+00,-0.000000000000000000e+00,-0.000000000000000000e+00,-0.000000000000000000e+00,-0.000000000000000000e+00,-0.000000000000000000e+00,-0.000000000000000000e+00,-0.000000000000000000e+00,-0.000000000000000000e+00,-4.932786229024541808e-02
-0.000000000000000000e+00,-2.738768141156103231e-01,-0.000000000000000000e+00,0.000000000000000000e+00,-7.106814659103431915e-03,-1.046279750062303199e-01,-0.000000000000000000e+00,0.000000000000000000e+00,-9.234029184398635792e-02,-3.648948770641459172e-01,-5.670432007992402129e-02,-0.000000000000000000e+00,0.000000000000000000e+00,-0.000000000000000000e+00,0.000000000000000000e+00,-3.473619817352796568e-01,-2.834288548901527788e-02,-5.486439748988098525e-02,-0.000000000000000000e+00,-0.000000000000000000e+00,0.000000000000000000e+00,-0.000000000000000000e+00,2.395916390994857981e+00,-0.000000000000000000e+00,-3.295274844275319914e-01,-7.153859748123976570e-02,-2.696958352130398029e-01,-0.000000000000000000e+00,-0.000000000000000000e+00,-8.086006139179414964e-02,-5.182848546360940140e-02,-1.220780438419497987e-01,-0.000000000000000000e+00,-0.000000000000000000e+00,-8.810161509828819126e-02,-4.107988187945018493e-02,-1.061327402709041079e-01,-0.000000000000000000e+00,-0.000000000000000000e+00
-0.000000000000000000e+00,-0.000000000000000000e+00,-0.000000000000000000e+00,0.000000000000000000e+00,-0.000000000000000000e+00,-0.000000000000000000e+00,-0.000000000000000000e+00,0.000000000000000000e+00,-2.354404700885430034e-03,-0.000000000000000000e+00,-0.000000000000000000e+00,0.000000000000000000e+00,0.000000000000000000e+00,-2.994400131901769346e-01,-0.000000000000000000e+00,-0.000000000000000000e+00,-0.000000000000000000e+00,-0.000000000000000000e+00,-0.000000000000000000e+00,-0.000000000000000000e+00,-9.266757960325798515e-02,-0.000000000000000000e+00,-0.000000000000000000e+00,1.190750671349307899e+00,-1.474316717454604922e-02,-0.000000000000000000e+00,-0.000000000000000000e+00,-0.000000000000000000e+00,-0.000000000000000000e+00,-0.000000000000000000e+00,-0.000000000000000000e+00,-0.000000000000000000e+00,-1.875342672454003434e-01,-0.000000000000000000e+00,-0.000000000000000000e+00,0.000000000000000000e+00,-0.000000000000000000e+00,-0.000000000000000000e+00,-0.000000000000000000e+00
-0.000000000000000000e+00,-7.960840955389662799e-02,-0.000000000000000000e+00,0.000000000000000000e+00,-1.828540364872068558e-01,-2.791658682188907781e-01,-0.000000000000000000e+00,0.000000000000000000e+00,-1.853874929637771840e-01,-7.547882874929726094e-02,-0.000000000000000000e+00,-6.071683971164325636e-03,0.000000000000000000e+00,-2.160847714918580631e-01,0.000000000000000000e+00,-0.000000000000000000e+00,-0.000000000000000000e+00,-0.000000000000000000e+00,-0.000000000000000000e+00,-0.000000000000000000e+00,-0.000000000000000000e+00,-1.900286642205830934e-01,-3.295274844275319914e-01,-1.474316717454604922e-02,1.923543967550237044e+00,-0.000000000000000000e+00,-1.422596395148510717e-01,-0.000000000000000000e+00,-0.000000000000000000e+00,-0.000000000000000000e+00,-0.000000000000000000e+00,-0.000000000000000000e+00,-1.320311826639847079e-02,-1.228073928063658747e-02,-0.000000000000000000e+00,-0.000000000000000000e+00,-1.679789025898293653e-01,-0.000000000000000000e+00,-0.000000000000000000e+00
-3.029724826837771334e-01,-0.000000000000000000e+00,-0.000000000000000000e+00,0.000000000000000000e+00,-1.233653142386352403e-01,-0.000000000000000000e+00,-0.000000000000000000e+00,0.000000000000000000e+00,-0.000000000000000000e+00,-0.000000000000000000e+00,-0.000000000000000000e+00,-0.000000000000000000e+00,7.533341227163831144e-02,-0.000000000000000000e+00,0.000000000000000000e+00,-3.438457348099014932e-01,-3.534998807468112819e-02,-0.000000000000000000e+00,-0.000000000000000000e+00,-0.000000000000000000e+00,-0.000000000000000000e+00,-0.000000000000000000e+00,-7.153859748123976570e-02,-0.000000000000000000e+00,-0.000000000000000000e+00,2.433193879750008559e+00,-0.000000000000000000e+00,-2.254043192628860104e-01,-5.193318696243351962e-01,-3.802117654658983548e-01,-0.000000000000000000e+00,-0.000000000000000000e+00,-0.000000000000000000e+00,-0.000000000000000000e+00,-2.373231194702078439e-01,-1.570391188564710661e-01,-0.000000000000000000e+00,-0.000000000000000000e+00,0.000000000000000000e+00
-0.000000000000000000e+00,-2.524633139461027187e-01,-0.000000000000000000e+00,0.000000000000000000e+00,-1.383152809697616448e-01,-0.000000000000000000e+00,-0.000000000000000000e+00,0.000000000000000000e+00,-0.000000000000000000e+00,-1.173756127389237736e-01,-1.571227830485711144e-02,-0.000000000000000000e+00,0.000000000000000000e+00,-0.000000000000000000e+00,0.000000000000000000e+00,-0.000000000000000000e+00,-0.000000000000000000e+00,-0.000000000000000000e+00,-0.000000000000000000e+00,0.000000000000000000e+00,0.000000000000000000e+00,-0.000000000000000000e+00,-2.696958352130398029e-01,-0.000000000000000000e+00,-1.422596395148510717e-01,-0.000000000000000000e+00,1.932929708745297681e+00,-0.000000000000000000e+00,-0.000000000000000000e+00,-0.000000000000000000e+00,-5.769871881298833660e-01,-9.286055391739644893e-02,-0.000000000000000000e+00,-9.675771607861881340e-02,-0.000000000000000000e+00,-0.000000000000000000e+00,-0.000000000000000000e+00,0.000000000000000000e+00,-1.150372147704596809e-01
-3.131573248884021998e-01,-0.000000000000000000e+00,-2.477201841760112710e-01,1.215473837837332954e-01,-0.000000000000000000e+00,-0.000000000000000000e+00,-0.000000000000000000e+00,2.527598199799842016e-01,-0.000000000000000000e+00,-0.000000000000000000e+00,0.000000000000000000e+00,0.000000000000000000e+00,2.082556651583851726e-01,-0.000000000000000000e+00,-0.000000000000000000e+00,-0.000000000000000000e+00,-0.000000000000000000e+00,-0.000000000000000000e+00,-0.000000000000000000e+00,-1.982504539698845825e-01,-2.389088595119872593e-01,-0.000000000000000000e+00,-0.000000000000000000e+00,-0.000000000000000000e+00,-0.000000000000000000e+00,-2.254043192628860104e-01,-0.000000000000000000e+00,2.068345122629082766e+00,-3.015866838258800531e-01,-0.000000000000000000e+00,-0.000000000000000000e+00,-0.000000000000000000e+00,-0.000000000000000000e+00,-0.000000000000000000e+00,-0.000000000000000000e+00,-3.625315394101216119e-03,-0.000000000000000000e+00,-1.593942743788412386e-01,0.000000000000000000e+00
-2.684341081334502555e-01,-0.000000000000000000e+00,-0.000000000000000000e+00,0.000000000000000000e+00,-0.000000000000000000e+00,-0.000000000000000000e+00,-0.000000000000000000e+00,0.000000000000000000e+00,-0.000000000000000000e+00,-0.000000000000000000e+00,-0.000000000000000000e+00,-0.000000000000000000e+00,1.200316068227883781e-01,-0.000000000000000000e+00,-0.000000000000000000e+00,-3.222766116489169663e-01,-2.039343538599474592e-01,-0.000000000000000000e+00,-0.000000000000000000e+00,-6.964147278873106250e-02,-0.000000000000000000e+00,-0.000000000000000000e+00,-0.000000000000000000e+00,-0.000000000000000000e+00,-0.000000000000000000e+00,-5.193318696243351962e-01,-0.000000000000000000e+00,-3.015866838258800531e-01,2.440576848725970027e+00,-1.967912848021615146e-01,-0.000000000000000000e+00,-0.000000000000000000e+00,-0.000000000000000000e+00,-0.000000000000000000e+00,-2.258180301183635441e-01,-3.150565239517842953e-01,-2.127793955619846841e-02,-0.000000000000000000e+00,0.000000000000000000e+00
-4.148374962150292583e-02,-0.000000000000000000e+00,-0.000000000000000000e+00,0.000000000000000000e+00,-0.000000000000000000e+00,-0.000000000000000000e+00,-0.000000000000000000e+00,0.000000000000000000e+00,-4.740701466452381004e-03,-2.236919048571399393e-01,-0.000000000000000000e+00,-0.000000000000000000e+00,0.000000000000000000e+00,-0.000000000000000000e+00,0.000000000000000000e+00,-4.017983590455105891e-01,-1.916142044590761762e-01,-2.606073578357348541e-01,-0.000000000000000000e+00,-0.000000000000000000e+00,-0.000000000000000000e+00,-0.000000000000000000e+00,-8.086006139179414964e-02,-0.000000000000000000e+00,-0.000000000000000000e+00,-3.802117654658983548e-01,-0.000000000000000000e+00,-0.000000000000000000e+00,-1.967912848021615146e-01,2.218355334065298834e+00,-0.000000000000000000e+00,-9.655831698593261500e-03,-0.000000000000000000e+00,-0.000000000000000000e+00,-1.436760340675372061e-01,-1.858375247622600923e-01,-8.125685270054386344e-02,-0.000000000000000000e+00,-0.000000000000000000e+00
-0.000000000000000000e+00,-3.267948575147451851e-01,-0.000000000000000000e+00,1.223460284444512214e-02,-8.048505437359565473e-02,-0.000000000000000000e+00,-0.000000000000000000e+00,0.000000000000000000e+00,-0.000000000000000000e+00,-1.255519770106192368e-01,-0.000000000000000000e+00,-0.000000000000000000e+00,2.631543663888932238e-01,-0.000000000000000000e+00,0.000000000000000000e+00,-0.000000000000000000e+00,-0.000000000000000000e+00,0.000000000000000000e+00,0.000000000000000000e+00,0.000000000000000000e+00,0.000000000000000000e+00,-0.000000000000000000e+00,-5.182848546360940140e-02,-0.000000000000000000e+00,-0.000000000000000000e+00,-0.000000000000000000e+00,-5.769871881298833660e-01,-0.000000000000000000e+00,-0.000000000000000000e+00,-0.000000000000000000e+00,1.802731858338193494e+00,-7.550435174172673292e-02,-0.000000000000000000e+00,-5.565770701467096654e-02,-2.806014995150620667e-02,-0.000000000000000000e+00,-0.000000000000000000e+00,0.000000000000000000e+00,-0.000000000000000000e+00
-0.000000000000000000e+00,-5.762636798699694030e-01,0.000000000000000000e+00,0.000000000000000000e+00,-0.000000000000000000e+00,-1.030448507371056616e-01,-0.000000000000000000e+00,-0.000000000000000000e+00,-0.000000000000000000e+00,-2.549128954101753108e-01,-2.391322120861257561e-01,-0.000000000000000000e+00,0.000000000000000000e+00,-0.000000000000000000e+00,8.215056053296435068e-02,-8.927532147063577117e-02,-1.268107757400918113e-02,-0.000000000000000000e+00,-0.000000000000000000e+00,0.000000000000000000e+00,0.000000000000000000e+00,-0.000000000000000000e+00,-1.220780438419497987e-01,-0.000000000000000000e+00,-0.000000000000000000e+00,-0.000000000000000000e+00,-9.286055391739644893e-02,-0.000000000000000000e+00,-0.000000000000000000e+00,-9.655831698593261500e-03,-7.550435174172673292e-02,2.082926365080095099e+00,-0.000000000000000000e+00,-0.000000000000000000e+00,-2.692237605549681334e-02,-0.000000000000000000e+00,-3.381275138353025400e-01,0.000000000000000000e+00,-0.000000000000000000e+00
-0.000000000000000000e+00,-0.000000000000000000e+00,-4.608439772617739516e-01,0.000000000000000000e+00,-1.407828053190378625e-01,-0.000000000000000000e+00,-7.154942897455257751e-03,3.320033010998010847e-01,-2.949632964423207909e-02,-0.000000000000000000e+00,-0.000000000000000000e+00,0.000000000000000000e+00,0.000000000000000000e+00,-2.533870251205623259e-01,-0.000000000000000000e+00,-0.000000000000000000e+00,-0.000000000000000000e+00,-0.000000000000000000e+00,-1.568937577458223154e-01,-0.000000000000000000e+00,-1.117491480493753991e-01,-0.000000000000000000e+00,-0.000000000000000000e+00,-1.875342672454003434e-01,-1.320311826639847079e-02,-0.000000000000000000e+00,-0.000000000000000000e+00,-0.000000000000000000e+00,-0.000000000000000000e+00,-0.000000000000000000e+00,-0.000000000000000000e+00,-0.000000000000000000e+00,1.970290387298819779e+00,-2.809033183725625493e-01,-0.000000000000000000e+00,-0.000000000000000000e+00,-0.000000000000000000e+00,-0.000000000000000000e+00,-0.000000000000000000e+00
-0.000000000000000000e+00,-8.483870058704223727e-02,-0.000000000000000000e+00,0.000000000000000000e+00,-3.815364382445496361e-01,-5.754660113358284895e-02,-0.000000000000000000e+00,0.000000000000000000e+00,-2.607233314429845406e-01,-0.000000000000000000e+00,-2.424061973216087851e-02,-0.000000000000000000e+00,0.000000000000000000e+00,-2.471952712147382492e-01,-0.000000000000000000e+00,-0.000000000000000000e+00,-7.699925864208083393e-02,-0.000000000000000000e+00,-0.000000000000000000e+00,0.000000000000000000e+00,-0.000000000000000000e+00,-0.000000000000000000e+00,-0.000000000000000000e+00,-0.000000000000000000e+00,-1.228073928063658747e-02,-0.000000000000000000e+00,-9.675771607861881340e-02,-0.000000000000000000e+00,-0.000000000000000000e+00,-0.000000000000000000e+00,-5.565770701467096654e-02,-0.000000000000000000e+00,-2.809033183725625493e-01,1.771963466166277312e+00,-0.000000000000000000e+00,-0.000000000000000000e+00,-1.835902800066374976e-02,0.000000000000000000e+00,-0.000000000000000000e+00
-0.000000000000000000e+00,-0.000000000000000000e+00,-0.000000000000000000e+00,0.000000000000000000e+00,-0.000000000000000000e+00,-0.000000000000000000e+00,-0.000000000000000000e+00,0.000000000000000000e+00,-0.000000000000000000e+00,-1.254415843298016531e-01,-0.000000000000000000e+00,-0.000000000000000000e+00,0.000000000000000000e+00,-0.000000000000000000e+00,0.000000000000000000e+00,-1.639584856078058483e-01,-0.000000000000000000e+00,-0.000000000000000000e+00,-0.000000000000000000e+00,-1.917628576157088833e-03,-0.000000000000000000e+00,-0.000000000000000000e+00,-8.810161509828819126e-02,-0.000000000000000000e+00,-0.000000000000000000e+00,-2.373231194702078439e-01,-0.000000000000000000e+00,-0.000000000000000000e+00,-2.258180301183635441e-01,-1.436760340675372061e-01,-2.806014995150620667e-02,-2.692237605549681334e-02,-0.000000000000000000e+00,-0.000000000000000000e+00,1.809288073262163676e+00,-2.082443085771168989e-01,-2.907169549523027641e-01,-0.000000000000000000e+00,-0.000000000000000000e+00
-1.962398943189575806e-01,-0.000000000000000000e+00,-0.000000000000000000e+00,0.000000000000000000e+00,-4.323447713722822910e-02,-0.000000000000000000e+00,-0.000000000000000000e+00,0.000000000000000000e+00,-0.000000000000000000e+00,-2.977316947095270949e-01,-0.000000000000000000e+00,-0.000000000000000000e+00,1.031871478276744220e-01,-0.000000000000000000e+00,0.000000000000000000e+00,-2.463728855566451881e-01,-0.000000000000000000e+00,-0.000000000000000000e+00,-0.000000000000000000e+00,-0.000000000000000000e+00,-0.000000000000000000e+00,-0.000000000000000000e+00,-4.107988187945018493e-02,0.000000000000000000e+00,-0.000000000000000000e+00,-1.570391188564710661e-01,-0.000000000000000000e+00,-3.625315394101216119e-03,-3.150565239517842953e-01,-1.858375247622600923e-01,-0.000000000000000000e+00,-0.000000000000000000e+00,-0.000000000000000000e+00,-0.000000000000000000e+00,-2.082443085771168989e-01,2.083097423057893138e+00,-1.802645596508399839e-01,-0.000000000000000000e+00,-0.000000000000000000e+00
-0.000000000000000000e+00,-2.815032769523651002e-01,-0.000000000000000000e+00,0.000000000000000000e+00,-9.551402834490933802e-02,-1.749014056691319541e-01,-0.000000000000000000e+00,0.000000000000000000e+00,-4.713186177542336153e-02,-3.390387762156389373e-01,-0.000000000000000000e+00,-0.000000000000000000e+00,0.000000000000000000e+00,-0.000000000000000000e+00,0.000000000000000000e+00,-5.254461909078476933e-02,-2.179376530803676659e-01,-0.000000000000000000e+00,-0.000000000000000000e+00,-0.000000000000000000e+00,-0.000000000000000000e+00,-0.000000000000000000e+00,-1.061327402709041079e-01,-0.000000000000000000e+00,-1.679789025898293653e-01,-0.000000000000000000e+00,-0.000000000000000000e+00,-0.000000000000000000e+00,-2.127793955619846841e-02,-8.125685270054386344e-02,-0.000000000000000000e+00,-3.381275138353025400e-01,-0.000000000000000000e+00,-1.835902800066374976e-02,-2.907169549523027641e-01,-1.802645596508399839e-01,2.331267065380765224e+00,-0.000000000000000000e+00,-0.000000000000000000e+00
-6.817175641152828369e-01,0.000000000000000000e+00,-4.556431746333415578e-02,-0.000000000000000000e+00,-0.000000000000000000e+00,0.000000000000000000e+00,-0.000000000000000000e+00,0.000000000000000000e+00,-0.000000000000000000e+00,-0.000000000000000000e+00,0.000000000000000000e+00,0.000000000000000000e+00,0.000000000000000000e+00,-0.000000000000000000e+00,-0.000000000000000000e+00,-0.000000000000000000e+00,-0.000000000000000000e+00,-3.343816672330186812e-02,-2.176550627140985683e-01,-1.040071532509277696e-01,-5.690040892279127904e-01,-0.000000000000000000e+00,-0.000000000000000000e+00,-0.000000000000000000e+00,-0.000000000000000000e+00,-0.000000000000000000e+00,0.000000000000000000e+00,-1.593942743788412386e-01,-0.000000000000000000e+00,-0.000000000000000000e+00,0.000000000000000000e+00,0.000000000000000000e+00,-0.000000000000000000e+00,0.000000000000000000e+00,-0.000000000000000000e+00,-0.000000000000000000e+00,-0.000000000000000000e+00,1.949270036867266409e+00,-0.000000000000000000e+00
-0.000000000000000000e+00,-0.000000000000000000e+00,-0.000000000000000000e+00,-0.000000000000000000e+00,-0.000000000000000000e+00,-0.000000000000000000e+00,-0.000000000000000000e+00,0.000000000000000000e+00,-1.675781846049832768e-01,-0.000000000000000000e+00,-1.198493740322165851e-01,-0.000000000000000000e+00,-0.000000000000000000e+00,-0.000000000000000000e+00,0.000000000000000000e+00,0.000000000000000000e+00,-0.000000000000000000e+00,-0.000000000000000000e+00,-2.527022579829501514e-01,1.169086392052944316e-03,0.000000000000000000e+00,-4.932786229024541808e-02,-0.000000000000000000e+00,-0.000000000000000000e+00,-0.000000000000000000e+00,0.000000000000000000e+00,-1.150372147704596809e-01,0.000000000000000000e+00,0.000000000000000000e+00,-0.000000000000000000e+00,-0.000000000000000000e+00,-0.000000000000000000e+00,-0.000000000000000000e+00,-0.000000000000000000e+00,-0.000000000000000000e+00,-0.000000000000000000e+00,-0.000000000000000000e+00,-0.000000000000000000e+00,1.225876508504456508e+00
