2.063180747976354645e+00,-0.000000000000000000e+00,-7.316447240919712880e-02,0.000000000000000000e+00,-3.226254087208970112e-01,0.000000000000000000e+00,-0.000000000000000000e+00,1.194279480638358870e-01,-0.000000000000000000e+00,-1.238004427088958970e-01,-0.000000000000000000e+00,-0.000000000000000000e+00,0.000000000000000000e+00,-0.000000000000000000e+00,0.000000000000000000e+00,-4.194254302375992061e-01,-2.129890364257473190e-01,-0.000000000000000000e+00,0.000000000000000000e+00,-0.000000000000000000e+00,-1.546064962557469093e-02,-0.000000000000000000e+00,-0.000000000000000000e+00,-2.536129059060996394e-01,-9.165627040121809843e-02,-0.000000000000000000e+00,-0.000000000000000000e+00,-0.000000000000000000e+00,0.000000000000000000e+00,-0.000000000000000000e+00,-0.000000000000000000e+00,-0.000000000000000000e+00,-0.000000000000000000e+00,-0.000000000000000000e+00,-5.610970282780391311e-02,-3.553824899982711005e-01,-0.000000000000000000e+00,-3.281385385681603872e-02,-0.000000000000000000e+00
-0.000000000000000000e+00,1.923762282090607956e+00,-0.000000000000000000e+00,-0.000000000000000000e+00,-0.000000000000000000e+00,9.491604044635848503e-02,-0.000000000000000000e+00,0.000000000000000000e+00,-0.000000000000000000e+00,-3.331781154289938929e-01,-0.000000000000000000e+00,-9.098964839219515766e-02,-2.777075817344594744e-01,-0.000000000000000000e+00,-0.000000000000000000e+00,-0.000000000000000000e+00,-4.015259361789590142e-02,-0.000000000000000000e+00,1.348049125989917441e-01,-0.000000000000000000e+00,0.000000000000000000e+00,-0.000000000000000000e+00,-0.000000000000000000e+00,-9.768248537517616736e-02,-0.000000000000000000e+00,-6.361600435310713064e-02,-6.159386414650280805e-01,-0.000000000000000000e+00,0.000000000000000000e+00,-6.997564999485451909e-02,-0.000000000000000000e+00,-0.000000000000000000e+00,0.000000000000000000e+00,-0.000000000000000000e+00,-0.000000000000000000e+00,-0.000000000000000000e+00,-0.000000000000000000e+00,-1.948343346842221907e-02,-1.778600455527619140e-01
-7.316447240919712880e-02,-0.000000000000000000e+00,2.673644259326685813e+00,0.000000000000000000e+00,-2.113620911791251056e-01,0.000000000000000000e+00,-0.000000000000000000e+00,8.258186661577204823e-01,-1.209606325722423492e-01,-0.000000000000000000e+00,-0.000000000000000000e+00,-0.000000000000000000e+00,0.000000000000000000e+00,-0.000000000000000000e+00,0.000000000000000000e+00,-0.000000000000000000e+00,-0.000000000000000000e+00,-0.000000000000000000e+00,0.000000000000000000e+00,-2.296863417015004849e-01,-3.820108579806946736e-01,-3.728507305606849065e-01,-2.868731401492856034e-02,-0.000000000000000000e+00,-0.000000000000000000e+00,-0.000000000000000000e+00,-5.159563000285522644e-02,-1.059349329485140129e-01,0.000000000000000000e+00,-5.093981925824763585e-02,-3.274415897927318575e-02,-0.000000000000000000e+00,-0.000000000000000000e+00,-8.612827005728820873e-02,-6.263140844907974514e-02,-1.570309262448612575e-01,-0.000000000000000000e+00,-3.514775267613764326e-02,-0.000000000000000000e+00
0.000000000000000000e+00,-0.000000000000000000e+00,0.000000000000000000e+00,1.094780293310052555e+00,-0.000000000000000000e+00,1.487936884480810795e-01,-0.000000000000000000e+00,-0.000000000000000000e+00,-0.000000000000000000e+00,-0.000000000000000000e+00,7.672505448620103863e-02,-0.000000000000000000e+00,-0.000000000000000000e+00,0.000000000000000000e+00,0.000000000000000000e+00,-0.000000000000000000e+00,0.000000000000000000e+00,-2.910626694065768585e-02,0.000000000000000000e+00,-0.000000000000000000e+00,0.000000000000000000e+00,-0.000000000000000000e+00,0.000000000000000000e+00,0.000000000000000000e+00,-0.000000000000000000e+00,0.000000000000000000e+00,0.000000000000000000e+00,2.237480323685717143e-01,0.000000000000000000e+00,-0.000000000000000000e+00,0.000000000000000000e+00,0.000000000000000000e+00,9.547824753538707021e-02,-0.000000000000000000e+00,-0.000000000000000000e+00,0.000000000000000000e+00,0.000000000000000000e+00,-0.000000000000000000e+00,-0.000000000000000000e+00
-3.226254087208970112e-01,-0.000000000000000000e+00,-2.113620911791251056e-01,-0.000000000000000000e+00,2.037100377318131095e+00,0.000000000000000000e+00,-0.000000000000000000e+00,1.879696956583779555e-01,-0.000000000000000000e+00,-0.000000000000000000e+00,-0.000000000000000000e+00,-0.000000000000000000e+00,0.000000000000000000e+00,-0.000000000000000000e+00,0.000000000000000000e+00,-2.001616862377768313e-01,-8.384207806424902321e-02,-0.000000000000000000e+00,0.000000000000000000e+00,-0.000000000000000000e+00,-3.732558354192565264e-02,-0.000000000000000000e+00,-0.000000000000000000e+00,-0.000000000000000000e+00,-4.546936611053410959e-01,-1.642294082510260267e-01,-0.000000000000000000e+00,-0.000000000000000000e+00,0.000000000000000000e+00,-0.000000000000000000e+00,-0.000000000000000000e+00,0.000000000000000000e+00,-0.000000000000000000e+00,-0.000000000000000000e+00,-0.000000000000000000e+00,-1.767109118334677931e-01,-0.000000000000000000e+00,-1.901647265093565353e-01,-0.000000000000000000e+00
0.000000000000000000e+00,9.491604044635848503e-02,0.000000000000000000e+00,1.487936884480810795e-01,0.000000000000000000e+00,1.355885897519961025e+00,0.000000000000000000e+00,-0.000000000000000000e+00,0.000000000000000000e+00,1.798431842840603201e-01,-1.966580570117465107e-02,0.000000000000000000e+00,0.000000000000000000e+00,-1.274259912042667864e-01,0.000000000000000000e+00,0.000000000000000000e+00,-0.000000000000000000e+00,0.000000000000000000e+00,-4.830366316614878586e-02,0.000000000000000000e+00,-0.000000000000000000e+00,0.000000000000000000e+00,-0.000000000000000000e+00,0.000000000000000000e+00,0.000000000000000000e+00,0.000000000000000000e+00,0.000000000000000000e+00,-0.000000000000000000e+00,-2.848409159207935248e-01,1.615990117314310970e-01,-0.000000000000000000e+00,-0.000000000000000000e+00,-1.566357523818839581e-01,0.000000000000000000e+00,0.000000000000000000e+00,0.000000000000000000e+00,-0.000000000000000000e+00,0.000000000000000000e+00,1.730764999075870558e-01
-0.000000000000000000e+00,-0.000000000000000000e+00,-0.000000000000000000e+00,-0.000000000000000000e+00,-0.000000000000000000e+00,0.000000000000000000e+00,1.017220598323712588e+00,0.000000000000000000e+00,-0.000000000000000000e+00,-0.000000000000000000e+00,0.000000000000000000e+00,-0.000000000000000000e+00,-0.000000000000000000e+00,-0.000000000000000000e+00,-0.000000000000000000e+00,-0.000000000000000000e+00,-2.329307931419913671e-02,-0.000000000000000000e+00,0.000000000000000000e+00,-0.000000000000000000e+00,-0.000000000000000000e+00,-0.000000000000000000e+00,-0.000000000000000000e+00,-0.000000000000000000e+00,-1.096103178104259890e-01,-2.788896136764738853e-02,-0.000000000000000000e+00,-0.000000000000000000e+00,-0.000000000000000000e+00,-0.000000000000000000e+00,-0.000000000000000000e+00,-0.000000000000000000e+00,-0.000000000000000000e+00,-0.000000000000000000e+00,-0.000000000000000000e+00,-0.000000000000000000e+00,-0.000000000000000000e+00,-0.000000000000000000e+00,-0.000000000000000000e+00
1.194279480638358870e-01,0.000000000000000000e+00,8.258186661577204823e-01,-0.000000000000000000e+00,1.879696956583779555e-01,-0.000000000000000000e+00,0.000000000000000000e+00,2.392077733976444076e+00,0.000000000000000000e+00,0.000000000000000000e+00,0.000000000000000000e+00,0.000000000000000000e+00,-0.000000000000000000e+00,0.000000000000000000e+00,-0.000000000000000000e+00,0.000000000000000000e+00,1.693202918114555117e-02,0.000000000000000000e+00,-0.000000000000000000e+00,4.486906259529047786e-02,4.657356229684851412e-01,2.318343239381173704e-01,0.000000000000000000e+00,1.462739458792410366e-02,0.000000000000000000e+00,0.000000000000000000e+00,6.927885309351042298e-02,1.772467486426398953e-01,-0.000000000000000000e+00,0.000000000000000000e+00,9.177401861632031310e-02,0.000000000000000000e+00,1.100278362711989456e-02,0.000000000000000000e+00,0.000000000000000000e+00,1.014850864215865178e-01,5.515538672549066823e-02,0.000000000000000000e+00,0.000000000000000000e+00
-0.000000000000000000e+00,-0.000000000000000000e+00,-1.209606325722423492e-01,-0.000000000000000000e+00,-0.000000000000000000e+00,0.000000000000000000e+00,-0.000000000000000000e+00,0.000000000000000000e+00,2.671748313361599791e+00,-2.380119984130274202e-01,-0.000000000000000000e+00,-0.000000000000000000e+00,0.000000000000000000e+00,-0.000000000000000000e+00,0.000000000000000000e+00,-2.279535944511364154e-01,-1.515864622613273711e-02,-1.888593607790599871e-01,7.855470783836340787e-02,-2.025145174382155244e-01,-0.000000000000000000e+00,-2.038822253805332857e-02,-0.000000000000000000e+00,-0.000000000000000000e+00,-0.000000000000000000e+00,-0.000000000000000000e+00,-0.000000000000000000e+00,-0.000000000000000000e+00,0.000000000000000000e+00,-3.595262131557961371e-01,-0.000000000000000000e+00,0.000000000000000000e+00,0.000000000000000000e+00,-4.897200404812038776e-01,-0.000000000000000000e+00,-5.425890315068791769e-02,-0.000000000000000000e+00,-3.209521221819301995e-01,-4.023568244070173106e-01
-1.238004427088958970e-01,-3.331781154289938929e-01,-0.000000000000000000e+00,-0.000000000000000000e+00,-0.000000000000000000e+00,1.798431842840603201e-01,-0.000000000000000000e+00,0.000000000000000000e+00,-2.380119984130274202e-01,2.748289558471815219e+00,-0.000000000000000000e+00,-3.211464651963712863e-02,-0.000000000000000000e+00,-0.000000000000000000e+00,-0.000000000000000000e+00,-3.804782583894124603e-01,-1.379049705114405444e-01,-0.000000000000000000e+00,2.556833277296559001e-02,-0.000000000000000000e+00,-0.000000000000000000e+00,-0.000000000000000000e+00,-0.000000000000000000e+00,-0.000000000000000000e+00,-0.000000000000000000e+00,-1.353403660177618095e-01,-6.466341924462720367e-03,-0.000000000000000000e+00,0.000000000000000000e+00,-4.087078261773015031e-01,-0.000000000000000000e+00,0.000000000000000000e+00,0.000000000000000000e+00,-1.282994239796143299e-01,-6.381195471452603962e-02,-0.000000000000000000e+00,-0.000000000000000000e+00,-3.619019525871456922e-01,-3.688440354500284735e-01
-0.000000000000000000e+00,-0.000000000000000000e+00,-0.000000000000000000e+00,7.672505448620103863e-02,-0.000000000000000000e+00,-1.966580570117465107e-02,0.000000000000000000e+00,0.000000000000000000e+00,-0.000000000000000000e+00,-0.000000000000000000e+00,1.106648737621602319e+00,0.000000000000000000e+00,0.000000000000000000e+00,-1.164983788185861152e-01,0.000000000000000000e+00,-0.000000000000000000e+00,-1.408257450115822096e-01,-0.000000000000000000e+00,-0.000000000000000000e+00,0.000000000000000000e+00,-0.000000000000000000e+00,0.000000000000000000e+00,0.000000000000000000e+00,-0.000000000000000000e+00,0.000000000000000000e+00,-0.000000000000000000e+00,-0.000000000000000000e+00,-0.000000000000000000e+00,-0.000000000000000000e+00,-0.000000000000000000e+00,-0.000000000000000000e+00,-1.137562921459807919e-01,-3.517221768992825903e-02,0.000000000000000000e+00,-0.000000000000000000e+00,-4.131631627982151195e-02,-7.830180801920239020e-02,0.000000000000000000e+00,0.000000000000000000e+00
-0.000000000000000000e+00,-9.098964839219515766e-02,-0.000000000000000000e+00,-0.000000000000000000e+00,-0.000000000000000000e+00,0.000000000000000000e+00,-0.000000000000000000e+00,0.000000000000000000e+00,-0.000000000000000000e+00,-3.211464651963712863e-02,0.000000000000000000e+00,1.744577639290826543e+00,-0.000000000000000000e+00,-0.000000000000000000e+00,-0.000000000000000000e+00,-0.000000000000000000e+00,-8.755610349015081895e-02,-9.044160680146424297e-03,4.422001207271921697e-01,-1.581274608888378896e-01,-0.000000000000000000e+00,-9.414551680583772841e-02,-0.000000000000000000e+00,-0.000000000000000000e+00,-0.000000000000000000e+00,-0.000000000000000000e+00,-1.390276367206946112e-02,-0.000000000000000000e+00,0.000000000000000000e+00,-1.525870643111747471e-01,-0.000000000000000000e+00,0.000000000000000000e+00,0.000000000000000000e+00,-1.688096534966175843e-01,-0.000000000000000000e+00,-0.000000000000000000e+00,-0.000000000000000000e+00,-5.517008587304336742e-02,-2.253380360858422971e-01
0.000000000000000000e+00,-2.777075817344594744e-01,0.000000000000000000e+00,-0.000000000000000000e+00,0.000000000000000000e+00,0.000000000000000000e+00,-0.000000000000000000e+00,-0.000000000000000000e+00,0.000000000000000000e+00,-0.000000000000000000e+00,0.000000000000000000e+00,-0.000000000000000000e+00,1.065702009465053113e+00,0.000000000000000000e+00,-0.000000000000000000e+00,0.000000000000000000e+00,-0.000000000000000000e+00,0.000000000000000000e+00,0.000000000000000000e+00,0.000000000000000000e+00,1.085241094768969183e-01,-0.000000000000000000e+00,-0.000000000000000000e+00,-0.000000000000000000e+00,0.000000000000000000e+00,-0.000000000000000000e+00,-0.000000000000000000e+00,-0.000000000000000000e+00,0.000000000000000000e+00,-0.000000000000000000e+00,-0.000000000000000000e+00,-0.000000000000000000e+00,0.000000000000000000e+00,0.000000000000000000e+00,0.000000000000000000e+00,0.000000000000000000e+00,0.000000000000000000e+00,-0.000000000000000000e+00,-0.000000000000000000e+00
-0.000000000000000000e+00,-0.000000000000000000e+00,-0.000000000000000000e+00,0.000000000000000000e+00,-0.000000000000000000e+00,-1.274259912042667864e-01,-0.000000000000000000e+00,0.000000000000000000e+00,-0.000000000000000000e+00,-0.000000000000000000e+00,-1.164983788185861152e-01,-0.000000000000000000e+00,0.000000000000000000e+00,1.520213684874626825e+00,5.553477424401881413e-02,-0.000000000000000000e+00,-1.181874775103985697e-01,-0.000000000000000000e+00,0.000000000000000000e+00,-0.000000000000000000e+00,-4.560140665106833524e-02,-0.000000000000000000e+00,-2.749502051617724319e-01,-3.701015127786514564e-02,-0.000000000000000000e+00,-4.690954998458863115e-03,-0.000000000000000000e+00,-3.234179685550293004e-01,-0.000000000000000000e+00,-0.000000000000000000e+00,-0.000000000000000000e+00,-0.000000000000000000e+00,-2.044455000875274042e-01,-0.000000000000000000e+00,-0.000000000000000000e+00,-2.824546327858262762e-01,-2.901882942729616319e-02,-0.000000000000000000e+00,-0.000000000000000000e+00
0.000000000000000000e+00,-0.000000000000000000e+00,0.000000000000000000e+00,0.000000000000000000e+00,0.000000000000000000e+00,0.000000000000000000e+00,-0.000000000000000000e+00,-0.000000000000000000e+00,0.000000000000000000e+00,-0.000000000000000000e+00,0.000000000000000000e+00,-0.000000000000000000e+00,-0.000000000000000000e+00,5.553477424401881413e-02,1.046343887477858114e+00,0.000000000000000000e+00,0.000000000000000000e+00,0.000000000000000000e+00,0.000000000000000000e+00,0.000000000000000000e+00,1.824111578550624002e-01,0.000000000000000000e+00,-0.000000000000000000e+00,-0.000000000000000000e+00,0.000000000000000000e+00,-0.000000000000000000e+00,-0.000000000000000000e+00,0.000000000000000000e+00,0.000000000000000000e+00,-0.000000000000000000e+00,0.000000000000000000e+00,0.000000000000000000e+00,0.000000000000000000e+00,-0.000000000000000000e+00,0.000000000000000000e+00,2.027232963039734062e-02,1.171603276856957726e-02,-0.000000000000000000e+00,-0.000000000000000000e+00
-4.194254302375992061e-01,-0.000000000000000000e+00,-0.000000000000000000e+00,-0.000000000000000000e+00,-2.001616862377768313e-01,0.000000000000000000e+00,-0.000000000000000000e+00,0.000000000000000000e+00,-2.279535944511364154e-01,-3.804782583894124603e-01,-0.000000000000000000e+00,-0.000000000000000000e+00,0.000000000000000000e+00,-0.000000000000000000e+00,0.000000000000000000e+00,2.595103083456445248e+00,-1.462744363323345842e-01,-0.000000000000000000e+00,0.000000000000000000e+00,-0.000000000000000000e+00,-0.000000000000000000e+00,-0.000000000000000000e+00,-0.000000000000000000e+00,-1.076823374648118170e-01,-9.763412404142116086e-02,-1.927270186928007056e-01,-0.000000000000000000e+00,-0.000000000000000000e+00,0.000000000000000000e+00,-3.136983025100749112e-01,-0.000000000000000000e+00,0.000000000000000000e+00,0.000000000000000000e+00,-1.026408590459031156e-01,-0.000000000000000000e+00,-0.000000000000000000e+00,-0.000000000000000000e+00,-4.040020944470733011e-01,-1.016893873882234178e-01
-2.129890364257473190e-01,-4.015259361789590142e-02,-0.000000000000000000e+00,0.000000000000000000e+00,-8.384207806424902321e-02,-0.000000000000000000e+00,-2.329307931419913671e-02,1.693202918114555117e-02,-1.515864622613273711e-02,-1.379049705114405444e-01,-1.408257450115822096e-01,-8.755610349015081895e-02,-0.000000000000000000e+00,-1.181874775103985697e-01,0.000000000000000000e+00,-1.462744363323345842e-01,1.575716574454239849e+00,-7.986928092097630993e-02,0.000000000000000000e+00,-0.000000000000000000e+00,-0.000000000000000000e+00,-0.000000000000000000e+00,-0.000000000000000000e+00,-2.282219000142444998e-01,-0.000000000000000000e+00,-2.483248604081749258e-02,-0.000000000000000000e+00,-0.000000000000000000e+00,-0.000000000000000000e+00,-5.874215719217774218e-02,-0.000000000000000000e+00,-0.000000000000000000e+00,-0.000000000000000000e+00,-0.000000000000000000e+00,-0.000000000000000000e+00,-5.696434742673592982e-03,-0.000000000000000000e+00,-7.532416959229001896e-02,-0.000000000000000000e+00
-0.000000000000000000e+00,-0.000000000000000000e+00,-0.000000000000000000e+00,-2.910626694065768585e-02,-0.000000000000000000e+00,0.000000000000000000e+00,-0.000000000000000000e+00,0.000000000000000000e+00,-1.888593607790599871e-01,-0.000000000000000000e+00,-0.000000000000000000e+00,-9.044160680146424297e-03,0.000000000000000000e+00,-0.000000000000000000e+00,0.000000000000000000e+00,-0.000000000000000000e+00,-7.986928092097630993e-02,1.326928660055628928e+00,0.000000000000000000e+00,-4.788014082990525722e-02,-1.359974299672477849e-01,-2.291525278735780102e-01,-0.000000000000000000e+00,-0.000000000000000000e+00,-0.000000000000000000e+00,-0.000000000000000000e+00,-0.000000000000000000e+00,-0.000000000000000000e+00,0.000000000000000000e+00,-0.000000000000000000e+00,-0.000000000000000000e+00,0.000000000000000000e+00,0.000000000000000000e+00,-0.000000000000000000e+00,-0.000000000000000000e+00,-2.887058611423983998e-02,-0.000000000000000000e+00,-0.000000000000000000e+00,-1.424305316511092767e-01
0.000000000000000000e+00,1.348049125989917441e-01,0.000000000000000000e+00,0.000000000000000000e+00,0.000000000000000000e+00,-4.830366316614878586e-02,0.000000000000000000e+00,-0.000000000000000000e+00,7.855470783836340787e-02,2.556833277296559001e-02,-0.000000000000000000e+00,4.422001207271921697e-01,0.000000000000000000e+00,0.000000000000000000e+00,0.000000000000000000e+00,0.000000000000000000e+00,0.000000000000000000e+00,0.000000000000000000e+00,1.580352148181444871e+00,0.000000000000000000e+00,0.000000000000000000e+00,0.000000000000000000e+00,0.000000000000000000e+00,0.000000000000000000e+00,-0.000000000000000000e+00,0.000000000000000000e+00,0.000000000000000000e+00,0.000000000000000000e+00,-1.377075012425970912e-01,4.050496372262171046e-02,0.000000000000000000e+00,-0.000000000000000000e+00,-2.024953927221973329e-02,2.557989808420397804e-01,0.000000000000000000e+00,0.000000000000000000e+00,-0.000000000000000000e+00,0.000000000000000000e+00,1.592061853755380174e-01
-0.000000000000000000e+00,-0.000000000000000000e+00,-2.296863417015004849e-01,-0.000000000000000000e+00,-0.000000000000000000e+00,0.000000000000000000e+00,-0.000000000000000000e+00,4.486906259529047786e-02,-2.025145174382155244e-01,-0.000000000000000000e+00,0.000000000000000000e+00,-1.581274608888378896e-01,0.000000000000000000e+00,-0.000000000000000000e+00,0.000000000000000000e+00,-0.000000000000000000e+00,-0.000000000000000000e+00,-4.788014082990525722e-02,0.000000000000000000e+00,2.191993153823790674e+00,-2.120446950170536138e-01,-6.173243419508666063e-01,-1.444606476086326696e-01,-0.000000000000000000e+00,-0.000000000000000000e+00,-7.977421126188566358e-02,-0.000000000000000000e+00,-0.000000000000000000e+00,0.000000000000000000e+00,-0.000000000000000000e+00,-0.000000000000000000e+00,0.000000000000000000e+00,-0.000000000000000000e+00,-1.701973365992269227e-01,-0.000000000000000000e+00,-0.000000000000000000e+00,-0.000000000000000000e+00,-1.364947598459810840e-01,-1.234283980497516281e-01
-1.546064962557469093e-02,0.000000000000000000e+00,-3.820108579806946736e-01,0.000000000000000000e+00,-3.732558354192565264e-02,-0.000000000000000000e+00,-0.000000000000000000e+00,4.657356229684851412e-01,-0.000000000000000000e+00,-0.000000000000000000e+00,-0.000000000000000000e+00,-0.000000000000000000e+00,1.085241094768969183e-01,-4.560140665106833524e-02,1.824111578550624002e-01,-0.000000000000000000e+00,-0.000000000000000000e+00,-1.359974299672477849e-01,0.000000000000000000e+00,-2.120446950170536138e-01,1.911044371760871163e+00,-2.536493424078457015e-01,-0.000000000000000000e+00,-0.000000000000000000e+00,-0.000000000000000000e+00,-0.000000000000000000e+00,-0.000000000000000000e+00,-0.000000000000000000e+00,-0.000000000000000000e+00,-0.000000000000000000e+00,-0.000000000000000000e+00,0.000000000000000000e+00,-1.087623765326442005e-01,-0.000000000000000000e+00,-0.000000000000000000e+00,-4.646485775448132294e-02,-0.000000000000000000e+00,-0.000000000000000000e+00,-0.000000000000000000e+00
-0.000000000000000000e+00,-0.000000000000000000e+00,-3.728507305606849065e-01,-0.000000000000000000e+00,-0.000000000000000000e+00,0.000000000000000000e+00,-0.000000000000000000e+00,2.318343239381173704e-01,-2.038822253805332857e-02,-0.000000000000000000e+00,0.000000000000000000e+00,-9.414551680583772841e-02,-0.000000000000000000e+00,-0.000000000000000000e+00,0.000000000000000000e+00,-0.000000000000000000e+00,-0.000000000000000000e+00,-2.291525278735780102e-01,0.000000000000000000e+00,-6.173243419508666063e-01,-2.536493424078457015e-01,2.407986782381734248e+00,-1.178117487783208184e-01,-0.000000000000000000e+00,-0.000000000000000000e+00,-4.077401788030957791e-02,-4.559064257466505926e-02,-0.000000000000000000e+00,0.000000000000000000e+00,-0.000000000000000000e+00,-2.388221163727368423e-01,0.000000000000000000e+00,-0.000000000000000000e+00,-5.902095485706968653e-02,-0.000000000000000000e+00,-0.000000000000000000e+00,-0.000000000000000000e+00,-1.365310856907091253e-01,-9.584923612383330904e-02
-0.000000000000000000e+00,-0.000000000000000000e+00,-2.868731401492856034e-02,0.000000000000000000e+00,-0.000000000000000000e+00,-0.000000000000000000e+00,-0.000000000000000000e+00,0.000000000000000000e+00,-0.000000000000000000e+00,-0.000000000000000000e+00,0.000000000000000000e+00,-0.000000000000000000e+00,-0.000000000000000000e+00,-2.749502051617724319e-01,-0.000000000000000000e+00,-0.000000000000000000e+00,-0.000000000000000000e+00,-0.000000000000000000e+00,0.000000000000000000e+00,-1.444606476086326696e-01,-0.000000000000000000e+00,-1.178117487783208184e-01,1.331575016246507648e+00,-0.000000000000000000e+00,-4.112146102857894281e-02,-7.004706062347017259e-02,-0.000000000000000000e+00,-1.656105815522509739e-01,0.000000000000000000e+00,-0.000000000000000000e+00,-1.062853741254486672e-01,-0.000000000000000000e+00,-4.542124591912918233e-04,-0.000000000000000000e+00,-0.000000000000000000e+00,-0.000000000000000000e+00,-0.000000000000000000e+00,-0.000000000000000000e+00,-0.000000000000000000e+00
-2.536129059060996394e-01,-9.768248537517616736e-02,-0.000000000000000000e+00,0.000000000000000000e+00,-0.000000000000000000e+00,0.000000000000000000e+00,-0.000000000000000000e+00,1.462739458792410366e-02,-0.000000000000000000e+00,-0.000000000000000000e+00,-0.000000000000000000e+00,-0.000000000000000000e+00,-0.000000000000000000e+00,-3.701015127786514564e-02,-0.000000000000000000e+00,-1.076823374648118170e-01,-2.282219000142444998e-01,-0.000000000000000000e+00,0.000000000000000000e+00,-0.000000000000000000e+00,-0.000000000000000000e+00,-0.000000000000000000e+00,-0.000000000000000000e+00,1.374205761308441964e+00,-3.089040689329391673e-03,-0.000000000000000000e+00,-0.000000000000000000e+00,-0.000000000000000000e+00,-0.000000000000000000e+00,-0.000000000000000000e+00,-0.000000000000000000e+00,-0.000000000000000000e+00,-3.972570924756713140e-02,-0.000000000000000000e+00,-2.260660067980574950e-01,-0.000000000000000000e+00,-3.934478148085821317e-03,-0.000000000000000000e+00,-0.000000000000000000e+00
-9.165627040121809843e-02,-0.000000000000000000e+00,-0.000000000000000000e+00,-0.000000000000000000e+00,-4.546936611053410959e-01,0.000000000000000000e+00,-1.096103178104259890e-01,0.000000000000000000e+00,-0.000000000000000000e+00,-0.000000000000000000e+00,0.000000000000000000e+00,-0.000000000000000000e+00,0.000000000000000000e+00,-0.000000000000000000e+00,0.000000000000000000e+00,-9.763412404142116086e-02,-0.000000000000000000e+00,-0.000000000000000000e+00,-0.000000000000000000e+00,-0.000000000000000000e+00,-0.000000000000000000e+00,-0.000000000000000000e+00,-4.112146102857894281e-02,-3.089040689329391673e-03,1.376722943672950450e+00,-1.690397392272142418e-01,-0.000000000000000000e+00,-0.000000000000000000e+00,0.000000000000000000e+00,-0.000000000000000000e+00,-0.000000000000000000e+00,0.000000000000000000e+00,-0.000000000000000000e+00,-0.000000000000000000e+00,-0.000000000000000000e+00,-0.000000000000000000e+00,-0.000000000000000000e+00,-0.000000000000000000e+00,-0.000000000000000000e+00
-0.000000000000000000e+00,-6.361600435310713064e-02,-0.000000000000000000e+00,0.000000000000000000e+00,-1.642294082510260267e-01,0.000000000000000000e+00,-2.788896136764738853e-02,0.000000000000000000e+00,-0.000000000000000000e+00,-1.353403660177618095e-01,-0.000000000000000000e+00,-0.000000000000000000e+00,-0.000000000000000000e+00,-4.690954998458863115e-03,-0.000000000000000000e+00,-1.927270186928007056e-01,-2.483248604081749258e-02,-0.000000000000000000e+00,0.000000000000000000e+00,-7.977421126188566358e-02,-0.000000000000000000e+00,-4.077401788030957791e-02,-7.004706062347017259e-02,-0.000000000000000000e+00,-1.690397392272142418e-01,2.078047282570290033e+00,-2.679832671354220874e-01,-2.815869527884558576e-01,0.000000000000000000e+00,-4.682198617806398316e-02,-0.000000000000000000e+00,-0.000000000000000000e+00,-0.000000000000000000e+00,-0.000000000000000000e+00,-1.362704479820233405e-01,-2.083741402155636635e-01,-0.000000000000000000e+00,-2.835513395067841835e-01,-0.000000000000000000e+00
-0.000000000000000000e+00,-6.159386414650280805e-01,-5.159563000285522644e-02,0.000000000000000000e+00,-0.000000000000000000e+00,0.000000000000000000e+00,-0.000000000000000000e+00,6.927885309351042298e-02,-0.000000000000000000e+00,-6.466341924462720367e-03,-0.000000000000000000e+00,-1.390276367206946112e-02,-0.000000000000000000e+00,-0.000000000000000000e+00,-0.000000000000000000e+00,-0.000000000000000000e+00,-0.000000000000000000e+00,-0.000000000000000000e+00,0.000000000000000000e+00,-0.000000000000000000e+00,-0.000000000000000000e+00,-4.559064257466505926e-02,-0.000000000000000000e+00,-0.000000000000000000e+00,-0.000000000000000000e+00,-2.679832671354220874e-01,2.231834199484100889e+00,-2.700559793812956980e-02,0.000000000000000000e+00,-2.073484133567365939e-02,-6.572114037557592603e-01,-0.000000000000000000e+00,-0.000000000000000000e+00,-5.274738518736606097e-02,-4.183557642152628264e-01,-0.000000000000000000e+00,-0.000000000000000000e+00,-0.000000000000000000e+00,-0.000000000000000000e+00
-0.000000000000000000e+00,-0.000000000000000000e+00,-1.059349329485140129e-01,2.237480323685717143e-01,-0.000000000000000000e+00,-0.000000000000000000e+00,-0.000000000000000000e+00,1.772467486426398953e-01,-0.000000000000000000e+00,-0.000000000000000000e+00,-0.000000000000000000e+00,-0.000000000000000000e+00,-0.000000000000000000e+00,-3.234179685550293004e-01,0.000000000000000000e+00,-0.000000000000000000e+00,-0.000000000000000000e+00,-0.000000000000000000e+00,0.000000000000000000e+00,-0.000000000000000000e+00,-0.000000000000000000e+00,-0.000000000000000000e+00,-1.656105815522509739e-01,-0.000000000000000000e+00,-0.000000000000000000e+00,-2.815869527884558576e-01,-2.700559793812956980e-02,1.719726538318477438e+00,-0.000000000000000000e+00,-0.000000000000000000e+00,-3.345538232317456506e-01,-0.000000000000000000e+00,-9.815537811216674957e-02,-0.000000000000000000e+00,-0.000000000000000000e+00,-5.827331779949310175e-02,-0.000000000000000000e+00,-0.000000000000000000e+00,-0.000000000000000000e+00
0.000000000000000000e+00,0.000000000000000000e+00,0.000000000000000000e+00,0.000000000000000000e+00,0.000000000000000000e+00,-2.848409159207935248e-01,-0.000000000000000000e+00,-0.000000000000000000e+00,0.000000000000000000e+00,0.000000000000000000e+00,-0.000000000000000000e+00,0.000000000000000000e+00,0.000000000000000000e+00,-0.000000000000000000e+00,0.000000000000000000e+00,0.000000000000000000e+00,-0.000000000000000000e+00,0.000000000000000000e+00,-1.377075012425970912e-01,0.000000000000000000e+00,-0.000000000000000000e+00,0.000000000000000000e+00,0.000000000000000000e+00,-0.000000000000000000e+00,0.000000000000000000e+00,0.000000000000000000e+00,0.000000000000000000e+00,-0.000000000000000000e+00,1.227900752024597697e+00,0.000000000000000000e+00,-0.000000000000000000e+00,-1.288916463114588573e-01,-2.298385889618562439e-01,5.320111622628442144e-02,-0.000000000000000000e+00,-0.000000000000000000e+00,-1.561844220677454376e-01,0.000000000000000000e+00,1.373360204089538877e-02
-0.000000000000000000e+00,-6.997564999485451909e-02,-5.093981925824763585e-02,-0.000000000000000000e+00,-0.000000000000000000e+00,1.615990117314310970e-01,-0.000000000000000000e+00,0.000000000000000000e+00,-3.595262131557961371e-01,-4.087078261773015031e-01,-0.000000000000000000e+00,-1.525870643111747471e-01,-0.000000000000000000e+00,-0.000000000000000000e+00,-0.000000000000000000e+00,-3.136983025100749112e-01,-5.874215719217774218e-02,-0.000000000000000000e+00,4.050496372262171046e-02,-0.000000000000000000e+00,-0.000000000000000000e+00,-0.000000000000000000e+00,-0.000000000000000000e+00,-0.000000000000000000e+00,-0.000000000000000000e+00,-4.682198617806398316e-02,-2.073484133567365939e-02,-0.000000000000000000e+00,0.000000000000000000e+00,2.712938786340323816e+00,-0.000000000000000000e+00,0.000000000000000000e+00,0.000000000000000000e+00,-3.387098951776467137e-01,-8.631829633409832114e-02,-0.000000000000000000e+00,-0.000000000000000000e+00,-3.722239235206760144e-01,-3.318074349211970753e-01
-0.000000000000000000e+00,-0.000000000000000000e+00,-3.274415897927318575e-02,0.000000000000000000e+00,-0.000000000000000000e+00,-0.000000000000000000e+00,-0.000000000000000000e+00,9.177401861632031310e-02,-0.000000000000000000e+00,-0.000000000000000000e+00,-0.000000000000000000e+00,-0.000000000000000000e+00,-0.000000000000000000e+00,-0.000000000000000000e+00,0.000000000000000000e+00,-0.000000000000000000e+00,-0.000000000000000000e+00,-0.000000000000000000e+00,0.000000000000000000e+00,-0.000000000000000000e+00,-0.000000000000000000e+00,-2.388221163727368423e-01,-1.062853741254486672e-01,-0.000000000000000000e+00,-0.000000000000000000e+00,-0.000000000000000000e+00,-6.572114037557592603e-01,-3.345538232317456506e-01,-0.000000000000000000e+00,-0.000000000000000000e+00,1.819359151972960387e+00,-0.000000000000000000e+00,-0.000000000000000000e+00,-0.000000000000000000e+00,-1.168605175809380170e-01,-0.000000000000000000e+00,-6.992263298169770769e-02,-0.000000000000000000e+00,-0.000000000000000000e+00
-0.000000000000000000e+00,-0.000000000000000000e+00,-0.000000000000000000e+00,0.000000000000000000e+00,0.000000000000000000e+00,-0.000000000000000000e+00,-0.000000000000000000e+00,0.000000000000000000e+00,0.000000000000000000e+00,0.000000000000000000e+00,-1.137562921459807919e-01,0.000000000000000000e+00,-0.000000000000000000e+00,-0.000000000000000000e+00,0.000000000000000000e+00,0.000000000000000000e+00,-0.000000000000000000e+00,0.000000000000000000e+00,-0.000000000000000000e+00,0.000000000000000000e+00,0.000000000000000000e+00,0.000000000000000000e+00,-0.000000000000000000e+00,-0.000000000000000000e+00,0.000000000000000000e+00,-0.000000000000000000e+00,-0.000000000000000000e+00,-0.000000000000000000e+00,-1.288916463114588573e-01,0.000000000000000000e+00,-0.000000000000000000e+00,1.176298444391176146e+00,-8.095038620406763696e-02,0.000000000000000000e+00,-0.000000000000000000e+00,-0.000000000000000000e+00,-3.531035365192192188e-01,0.000000000000000000e+00,0.000000000000000000e+00
-0.000000000000000000e+00,0.000000000000000000e+00,-0.000000000000000000e+00,9.547824753538707021e-02,-0.000000000000000000e+00,-1.566357523818839581e-01,-0.000000000000000000e+00,1.100278362711989456e-02,0.000000000000000000e+00,0.000000000000000000e+00,-3.517221768992825903e-02,0.000000000000000000e+00,0.000000000000000000e+00,-2.044455000875274042e-01,0.000000000000000000e+00,0.000000000000000000e+00,-0.000000000000000000e+00,0.000000000000000000e+00,-2.024953927221973329e-02,-0.000000000000000000e+00,-1.087623765326442005e-01,-0.000000000000000000e+00,-4.542124591912918233e-04,-3.972570924756713140e-02,-0.000000000000000000e+00,-0.000000000000000000e+00,-0.000000000000000000e+00,-9.815537811216674957e-02,-2.298385889618562439e-01,0.000000000000000000e+00,-0.000000000000000000e+00,-8.095038620406763696e-02,1.226740223466679325e+00,0.000000000000000000e+00,-0.000000000000000000e+00,-0.000000000000000000e+00,-0.000000000000000000e+00,0.000000000000000000e+00,0.000000000000000000e+00
-0.000000000000000000e+00,-0.000000000000000000e+00,-8.612827005728820873e-02,-0.000000000000000000e+00,-0.000000000000000000e+00,0.000000000000000000e+00,-0.000000000000000000e+00,0.000000000000000000e+00,-4.897200404812038776e-01,-1.282994239796143299e-01,0.000000000000000000e+00,-1.688096534966175843e-01,0.000000000000000000e+00,-0.000000000000000000e+00,-0.000000000000000000e+00,-1.026408590459031156e-01,-0.000000000000000000e+00,-0.000000000000000000e+00,2.557989808420397804e-01,-1.701973365992269227e-01,-0.000000000000000000e+00,-5.902095485706968653e-02,-0.000000000000000000e+00,-0.000000000000000000e+00,-0.000000000000000000e+00,-0.000000000000000000e+00,-5.274738518736606097e-02,-0.000000000000000000e+00,5.320111622628442144e-02,-3.387098951776467137e-01,-0.000000000000000000e+00,0.000000000000000000e+00,0.000000000000000000e+00,2.430667583259202846e+00,-0.000000000000000000e+00,-0.000000000000000000e+00,-0.000000000000000000e+00,-2.616962644153606465e-01,-2.726973856693010734e-01
-5.610970282780391311e-02,-0.000000000000000000e+00,-6.263140844907974514e-02,-0.000000000000000000e+00,-0.000000000000000000e+00,0.000000000000000000e+00,-0.000000000000000000e+00,0.000000000000000000e+00,-0.000000000000000000e+00,-6.381195471452603962e-02,-0.000000000000000000e+00,-0.000000000000000000e+00,0.000000000000000000e+00,-0.000000000000000000e+00,0.000000000000000000e+00,-0.000000000000000000e+00,-0.000000000000000000e+00,-0.000000000000000000e+00,0.000000000000000000e+00,-0.000000000000000000e+00,-0.000000000000000000e+00,-0.000000000000000000e+00,-0.000000000000000000e+00,-2.260660067980574950e-01,-0.000000000000000000e+00,-1.362704479820233405e-01,-4.183557642152628264e-01,-0.000000000000000000e+00,-0.000000000000000000e+00,-8.631829633409832114e-02,-1.168605175809380170e-01,-0.000000000000000000e+00,-0.000000000000000000e+00,-0.000000000000000000e+00,2.016239066300675287e+00,-2.549469143636728941e-01,-6.462901096897586406e-01,-0.000000000000000000e+00,-0.000000000000000000e+00
-3.553824899982711005e-01,-0.000000000000000000e+00,-1.570309262448612575e-01,0.000000000000000000e+00,-1.767109118334677931e-01,0.000000000000000000e+00,-0.000000000000000000e+00,1.014850864215865178e-01,-5.425890315068791769e-02,-0.000000000000000000e+00,-4.131631627982151195e-02,-0.000000000000000000e+00,0.000000000000000000e+00,-2.824546327858262762e-01,2.027232963039734062e-02,-0.000000000000000000e+00,-5.696434742673592982e-03,-2.887058611423983998e-02,0.000000000000000000e+00,-0.000000000000000000e+00,-4.646485775448132294e-02,-0.000000000000000000e+00,-0.000000000000000000e+00,-0.000000000000000000e+00,-0.000000000000000000e+00,-2.083741402155636635e-01,-0.000000000000000000e+00,-5.827331779949310175e-02,-0.000000000000000000e+00,-0.000000000000000000e+00,-0.000000000000000000e+00,-0.000000000000000000e+00,-0.000000000000000000e+00,-0.000000000000000000e+00,-2.549469143636728941e-01,1.905949829959106445e+00,-1.790345942198698359e-01,-0.000000000000000000e+00,-0.000000000000000000e+00
-0.000000000000000000e+00,-0.000000000000000000e+00,-0.000000000000000000e+00,0.000000000000000000e+00,-0.000000000000000000e+00,-0.000000000000000000e+00,-0.000000000000000000e+00,5.515538672549066823e-02,-0.000000000000000000e+00,-0.000000000000000000e+00,-7.830180801920239020e-02,-0.000000000000000000e+00,0.000000000000000000e+00,-2.901882942729616319e-02,1.171603276856957726e-02,-0.000000000000000000e+00,-0.000000000000000000e+00,-0.000000000000000000e+00,-0.000000000000000000e+00,-0.000000000000000000e+00,-0.000000000000000000e+00,-0.000000000000000000e+00,-0.000000000000000000e+00,-3.934478148085821317e-03,-0.000000000000000000e+00,-0.000000000000000000e+00,-0.000000000000000000e+00,-0.000000000000000000e+00,-1.561844220677454376e-01,-0.000000000000000000e+00,-6.992263298169770769e-02,-3.531035365192192188e-01,-0.000000000000000000e+00,-0.000000000000000000e+00,-6.462901096897586406e-01,-1.790345942198698359e-01,1.628410759422897591e+00,-0.000000000000000000e+00,-0.000000000000000000e+00
-3.281385385681603872e-02,-1.948343346842221907e-02,-3.514775267613764326e-02,-0.000000000000000000e+00,-1.901647265093565353e-01,0.000000000000000000e+00,-0.000000000000000000e+00,0.000000000000000000e+00,-3.209521221819301995e-01,-3.619019525871456922e-01,0.000000000000000000e+00,-5.517008587304336742e-02,-0.000000000000000000e+00,-0.000000000000000000e+00,-0.000000000000000000e+00,-4.040020944470733011e-01,-7.532416959229001896e-02,-0.000000000000000000e+00,0.000000000000000000e+00,-1.364947598459810840e-01,-0.000000000000000000e+00,-1.365310856907091253e-01,-0.000000000000000000e+00,-0.000000000000000000e+00,-0.000000000000000000e+00,-2.835513395067841835e-01,-0.000000000000000000e+00,-0.000000000000000000e+00,0.000000000000000000e+00,-3.722239235206760144e-01,-0.000000000000000000e+00,0.000000000000000000e+00,0.000000000000000000e+00,-2.616962644153606465e-01,-0.000000000000000000e+00,-0.000000000000000000e+00,-0.000000000000000000e+00,2.910720125778600398e+00,-3.536636508523596789e-01
-0.000000000000000000e+00,-1.778600455527619140e-01,-0.000000000000000000e+00,-0.000000000000000000e+00,-0.000000000000000000e+00,1.730764999075870558e-01,-0.000000000000000000e+00,0.000000000000000000e+00,-4.023568244070173106e-01,-3.688440354500284735e-01,0.000000000000000000e+00,-2.253380360858422971e-01,-0.000000000000000000e+00,-0.000000000000000000e+00,-0.000000000000000000e+00,-1.016893873882234178e-01,-0.000000000000000000e+00,-1.424305316511092767e-01,1.592061853755380174e-01,-1.234283980497516281e-01,-0.000000000000000000e+00,-9.584923612383330904e-02,-0.000000000000000000e+00,-0.000000000000000000e+00,-0.000000000000000000e+00,-0.000000000000000000e+00,-0.000000000000000000e+00,-0.000000000000000000e+00,1.373360204089538877e-02,-3.318074349211970753e-01,-0.000000000000000000e+00,0.000000000000000000e+00,0.000000000000000000e+00,-2.726973856693010734e-01,-0.000000000000000000e+00,-0.000000000000000000e+00,-0.000000000000000000e+00,-3.536636508523596789e-01,2.732802147416210303e+00
