2.159737324975111061e+00,-0.000000000000000000e+00,-0.000000000000000000e+00,0.000000000000000000e+00,-0.000000000000000000e+00,0.000000000000000000e+00,-0.000000000000000000e+00,0.000000000000000000e+00,-4.660410614619215353e-01,-0.000000000000000000e+00,-0.000000000000000000e+00,-0.000000000000000000e+00,-0.000000000000000000e+00,-2.207729302842114522e-02,-0.000000000000000000e+00,-0.000000000000000000e+00,-4.479102187233697241e-01,-0.000000000000000000e+00,-0.000000000000000000e+00,-0.000000000000000000e+00,-0.000000000000000000e+00,-0.000000000000000000e+00,-0.000000000000000000e+00,-1.770935012088477589e-01,-3.862860508757056111e-01,-2.335816315221720119e-01,-0.000000000000000000e+00,-1.025386587990994441e-01,-0.000000000000000000e+00,-6.254388443236361290e-03,-0.000000000000000000e+00,-0.000000000000000000e+00,-0.000000000000000000e+00,-0.000000000000000000e+00,-0.000000000000000000e+00,-0.000000000000000000e+00,-0.000000000000000000e+00,-3.424271819667685790e-01,-0.000000000000000000e+00
-0.000000000000000000e+00,2.416743724613568567e+00,-0.000000000000000000e+00,-0.000000000000000000e+00,-7.736500807311041950e-02,-0.000000000000000000e+00,-0.000000000000000000e+00,0.000000000000000000e+00,-0.000000000000000000e+00,-2.840777165005357596e-01,-0.000000000000000000e+00,-0.000000000000000000e+00,0.000000000000000000e+00,-0.000000000000000000e+00,0.000000000000000000e+00,-0.000000000000000000e+00,-5.903334329623215193e-02,-1.004431832469232927e-01,-0.000000000000000000e+00,0.000000000000000000e+00,-0.000000000000000000e+00,-0.000000000000000000e+00,-2.634391734562336329e-01,-0.000000000000000000e+00,-0.000000000000000000e+00,-0.000000000000000000e+00,-1.828753736440867361e-01,-0.000000000000000000e+00,-1.526691819762181490e-01,-2.103227968640614953e-01,-7.711212504107617383e-02,-1.756928529225587898e-01,-0.000000000000000000e+00,-0.000000000000000000e+00,-0.000000000000000000e+00,-9.727834213099367799e-02,-3.224814732559201369e-01,-0.000000000000000000e+00,-4.881053425130700840e-01
-0.000000000000000000e+00,-0.000000000000000000e+00,3.003959258593554171e+00,0.000000000000000000e+00,-1.829177376149162260e-01,-7.049248738427286477e-03,-0.000000000000000000e+00,1.407634232388693674e+00,-0.000000000000000000e+00,-0.000000000000000000e+00,-0.000000000000000000e+00,-0.000000000000000000e+00,0.000000000000000000e+00,-0.000000000000000000e+00,-1.094677333361458449e-01,-0.000000000000000000e+00,-0.000000000000000000e+00,0.000000000000000000e+00,-0.000000000000000000e+00,-0.000000000000000000e+00,-4.276088616973629519e-01,-0.000000000000000000e+00,-1.110194930075251857e-01,-1.039384798516074099e-01,-7.058543315754699232e-02,-0.000000000000000000e+00,-0.000000000000000000e+00,-0.000000000000000000e+00,-0.000000000000000000e+00,-0.000000000000000000e+00,-1.884219829795292234e-01,-0.000000000000000000e+00,-5.116332278728252803e-01,-0.000000000000000000e+00,-0.000000000000000000e+00,0.000000000000000000e+00,-0.000000000000000000e+00,0.000000000000000000e+00,-0.000000000000000000e+00
0.000000000000000000e+00,-0.000000000000000000e+00,0.000000000000000000e+00,1.126132994785507879e+00,0.000000000000000000e+00,0.000000000000000000e+00,-0.000000000000000000e+00,-0.000000000000000000e+00,0.000000000000000000e+00,0.000000000000000000e+00,0.000000000000000000e+00,-0.000000000000000000e+00,-9.116994696941788101e-02,0.000000000000000000e+00,0.000000000000000000e+00,0.000000000000000000e+00,0.000000000000000000e+00,-0.000000000000000000e+00,-0.000000000000000000e+00,0.000000000000000000e+00,0.000000000000000000e+00,0.000000000000000000e+00,-0.000000000000000000e+00,0.000000000000000000e+00,-0.000000000000000000e+00,0.000000000000000000e+00,0.000000000000000000e+00,3.518821305464615024e-01,0.000000000000000000e+00,0.000000000000000000e+00,0.000000000000000000e+00,0.000000000000000000e+00,0.000000000000000000e+00,2.936074967086470602e-02,0.000000000000000000e+00,-0.000000000000000000e+00,0.000000000000000000e+00,0.000000000000000000e+00,-2.327621501583297323e-02
-0.000000000000000000e+00,-7.736500807311041950e-02,-1.829177376149162260e-01,0.000000000000000000e+00,2.421747849163987887e+00,-4.122610798310107072e-02,-0.000000000000000000e+00,1.453025032521146689e-02,-3.723258517347792784e-01,-0.000000000000000000e+00,-0.000000000000000000e+00,-0.000000000000000000e+00,0.000000000000000000e+00,-4.955032157214140365e-01,0.000000000000000000e+00,-0.000000000000000000e+00,-9.655994798563087567e-02,-0.000000000000000000e+00,-0.000000000000000000e+00,-0.000000000000000000e+00,-0.000000000000000000e+00,-0.000000000000000000e+00,-6.753434918434039758e-02,-0.000000000000000000e+00,-1.019633090740619391e-01,-0.000000000000000000e+00,-0.000000000000000000e+00,-4.062615612388456587e-01,-0.000000000000000000e+00,-3.127977108701944231e-01,-0.000000000000000000e+00,-0.000000000000000000e+00,-1.795832818174020878e-02,-3.549862065508474496e-01,-0.000000000000000000e+00,-0.000000000000000000e+00,-0.000000000000000000e+00,-0.000000000000000000e+00,-0.000000000000000000e+00
0.000000000000000000e+00,-0.000000000000000000e+00,-7.049248738427286477e-03,0.000000000000000000e+00,-4.122610798310107072e-02,1.744111188688464154e+00,-0.000000000000000000e+00,0.000000000000000000e+00,0.000000000000000000e+00,-0.000000000000000000e+00,-4.384128026782854182e-01,-0.000000000000000000e+00,2.492343362106585747e-01,-4.903014680540202647e-02,0.000000000000000000e+00,-0.000000000000000000e+00,-0.000000000000000000e+00,-0.000000000000000000e+00,-0.000000000000000000e+00,0.000000000000000000e+00,-0.000000000000000000e+00,-0.000000000000000000e+00,-0.000000000000000000e+00,-0.000000000000000000e+00,-0.000000000000000000e+00,-0.000000000000000000e+00,-0.000000000000000000e+00,-0.000000000000000000e+00,-0.000000000000000000e+00,-2.692747995664748414e-02,-3.140606637316807892e-01,-1.199361419050708061e-01,-1.636638763603414093e-01,-0.000000000000000000e+00,-1.095131651710982562e-01,-1.141909688236634052e-01,-3.399360983898238459e-02,0.000000000000000000e+00,-0.000000000000000000e+00
-0.000000000000000000e+00,-0.000000000000000000e+00,-0.000000000000000000e+00,-0.000000000000000000e+00,-0.000000000000000000e+00,-0.000000000000000000e+00,1.001227674155638292e+00,0.000000000000000000e+00,-0.000000000000000000e+00,-0.000000000000000000e+00,-0.000000000000000000e+00,0.000000000000000000e+00,0.000000000000000000e+00,-0.000000000000000000e+00,-0.000000000000000000e+00,-0.000000000000000000e+00,-0.000000000000000000e+00,-0.000000000000000000e+00,-3.505956843519184019e-02,0.000000000000000000e+00,-0.000000000000000000e+00,0.000000000000000000e+00,-0.000000000000000000e+00,-0.000000000000000000e+00,-0.000000000000000000e+00,-0.000000000000000000e+00,-0.000000000000000000e+00,-0.000000000000000000e+00,-0.000000000000000000e+00,-0.000000000000000000e+00,-0.000000000000000000e+00,-0.000000000000000000e+00,-0.000000000000000000e+00,0.000000000000000000e+00,-0.000000000000000000e+00,-0.000000000000000000e+00,-0.000000000000000000e+00,-0.000000000000000000e+00,-0.000000000000000000e+00
0.000000000000000000e+00,0.000000000000000000e+00,1.407634232388693674e+00,-0.000000000000000000e+00,1.453025032521146689e-02,0.000000000000000000e+00,0.000000000000000000e+00,2.710788795657110839e+00,-0.000000000000000000e+00,-0.000000000000000000e+00,0.000000000000000000e+00,0.000000000000000000e+00,-0.000000000000000000e+00,0.000000000000000000e+00,1.590561833675245285e-01,0.000000000000000000e+00,0.000000000000000000e+00,-0.000000000000000000e+00,0.000000000000000000e+00,0.000000000000000000e+00,3.402215369151805890e-01,0.000000000000000000e+00,1.341871143828306245e-02,1.304616808148838236e-01,3.290864786676608866e-02,0.000000000000000000e+00,0.000000000000000000e+00,0.000000000000000000e+00,-0.000000000000000000e+00,0.000000000000000000e+00,1.095182395596296654e-01,-0.000000000000000000e+00,4.151712087946422547e-01,0.000000000000000000e+00,0.000000000000000000e+00,-0.000000000000000000e+00,0.000000000000000000e+00,-0.000000000000000000e+00,0.000000000000000000e+00
-4.660410614619215353e-01,-0.000000000000000000e+00,-0.000000000000000000e+00,0.000000000000000000e+00,-3.723258517347792784e-01,0.000000000000000000e+00,-0.000000000000000000e+00,-0.000000000000000000e+00,2.006227275166720503e+00,-0.000000000000000000e+00,-0.000000000000000000e+00,-0.000000000000000000e+00,-0.000000000000000000e+00,-0.000000000000000000e+00,0.000000000000000000e+00,-0.000000000000000000e+00,-0.000000000000000000e+00,-0.000000000000000000e+00,0.000000000000000000e+00,-0.000000000000000000e+00,0.000000000000000000e+00,-1.765517793059959845e-02,-0.000000000000000000e+00,-0.000000000000000000e+00,-4.000314458617029029e-02,-0.000000000000000000e+00,-0.000000000000000000e+00,-0.000000000000000000e+00,-0.000000000000000000e+00,-2.313904281828756127e-01,0.000000000000000000e+00,-0.000000000000000000e+00,-0.000000000000000000e+00,-2.099611184292411170e-01,-0.000000000000000000e+00,0.000000000000000000e+00,-0.000000000000000000e+00,-5.913379982742346108e-01,-0.000000000000000000e+00
-0.000000000000000000e+00,-2.840777165005357596e-01,-0.000000000000000000e+00,0.000000000000000000e+00,-0.000000000000000000e+00,-0.000000000000000000e+00,-0.000000000000000000e+00,-0.000000000000000000e+00,-0.000000000000000000e+00,2.434260687704705717e+00,-0.000000000000000000e+00,-0.000000000000000000e+00,0.000000000000000000e+00,-0.000000000000000000e+00,0.000000000000000000e+00,-5.699131768992755642e-01,-0.000000000000000000e+00,-5.781128757055724321e-02,-0.000000000000000000e+00,-0.000000000000000000e+00,-0.000000000000000000e+00,-1.752315988777704975e-02,-0.000000000000000000e+00,-0.000000000000000000e+00,-5.888574090968047049e-03,-1.235829606448459045e-01,-2.362743799163195824e-01,-2.917649627459393061e-02,-4.028972815826157849e-01,-1.336803885346360410e-01,-0.000000000000000000e+00,-1.513737074218188816e-01,-0.000000000000000000e+00,-0.000000000000000000e+00,-0.000000000000000000e+00,-3.262265804056282970e-01,-0.000000000000000000e+00,-0.000000000000000000e+00,-7.160958252583494998e-02
-0.000000000000000000e+00,-0.000000000000000000e+00,-0.000000000000000000e+00,0.000000000000000000e+00,-0.000000000000000000e+00,-4.384128026782854182e-01,-0.000000000000000000e+00,0.000000000000000000e+00,-0.000000000000000000e+00,-0.000000000000000000e+00,2.233165823270935935e+00,-0.000000000000000000e+00,9.753981073655702827e-02,-2.321330726942688050e-01,0.000000000000000000e+00,-0.000000000000000000e+00,-7.398220549768983467e-01,-0.000000000000000000e+00,0.000000000000000000e+00,0.000000000000000000e+00,-0.000000000000000000e+00,-0.000000000000000000e+00,-0.000000000000000000e+00,-0.000000000000000000e+00,-0.000000000000000000e+00,-0.000000000000000000e+00,-0.000000000000000000e+00,-0.000000000000000000e+00,-0.000000000000000000e+00,-0.000000000000000000e+00,-0.000000000000000000e+00,-2.029583244497716599e-01,-0.000000000000000000e+00,-1.776276819361381487e-01,-0.000000000000000000e+00,-5.633796079609332957e-02,-2.587053068001341494e-01,0.000000000000000000e+00,-0.000000000000000000e+00
-0.000000000000000000e+00,-0.000000000000000000e+00,-0.000000000000000000e+00,-0.000000000000000000e+00,-0.000000000000000000e+00,-0.000000000000000000e+00,0.000000000000000000e+00,0.000000000000000000e+00,-0.000000000000000000e+00,-0.000000000000000000e+00,-0.000000000000000000e+00,1.557185503171995000e+00,-1.762476399050346212e-02,-0.000000000000000000e+00,-1.329393188759403766e-01,-0.000000000000000000e+00,-0.000000000000000000e+00,-0.000000000000000000e+00,-0.000000000000000000e+00,-0.000000000000000000e+00,-1.771111559487263329e-02,-0.000000000000000000e+00,-2.663124069788539994e-01,-0.000000000000000000e+00,-2.266160112954567207e-01,-0.000000000000000000e+00,-0.000000000000000000e+00,-0.000000000000000000e+00,-3.296910091662074577e-02,-0.000000000000000000e+00,-8.682048812629006296e-02,-0.000000000000000000e+00,-0.000000000000000000e+00,-0.000000000000000000e+00,-0.000000000000000000e+00,-0.000000000000000000e+00,-0.000000000000000000e+00,-0.000000000000000000e+00,-4.532388644586123894e-01
-0.000000000000000000e+00,0.000000000000000000e+00,0.000000000000000000e+00,-9.116994696941788101e-02,0.000000000000000000e+00,2.492343362106585747e-01,0.000000000000000000e+00,-0.000000000000000000e+00,-0.000000000000000000e+00,0.000000000000000000e+00,9.753981073655702827e-02,-1.762476399050346212e-02,1.214050077372189174e+00,3.217437255818766245e-02,-9.226938927972909432e-02,0.000000000000000000e+00,0.000000000000000000e+00,-0.000000000000000000e+00,-1.381407251101872125e-01,-8.388438042732687672e-02,-0.000000000000000000e+00,-0.000000000000000000e+00,-0.000000000000000000e+00,0.000000000000000000e+00,-0.000000000000000000e+00,-0.000000000000000000e+00,0.000000000000000000e+00,0.000000000000000000e+00,-0.000000000000000000e+00,0.000000000000000000e+00,0.000000000000000000e+00,9.413942720646576931e-03,0.000000000000000000e+00,1.688392371498973477e-01,0.000000000000000000e+00,0.000000000000000000e+00,0.000000000000000000e+00,-2.902404950203582024e-01,-0.000000000000000000e+00
-2.207729302842114522e-02,-0.000000000000000000e+00,-0.000000000000000000e+00,0.000000000000000000e+00,-4.955032157214140365e-01,-4.903014680540202647e-02,-0.000000000000000000e+00,0.000000000000000000e+00,-0.000000000000000000e+00,-0.000000000000000000e+00,-2.321330726942688050e-01,-0.000000000000000000e+00,3.217437255818766245e-02,2.452762544558365398e+00,0.000000000000000000e+00,-0.000000000000000000e+00,-3.206395197057990698e-01,0.000000000000000000e+00,0.000000000000000000e+00,0.000000000000000000e+00,-0.000000000000000000e+00,-0.000000000000000000e+00,-1.887305144641099807e-03,-4.089528875310607381e-01,-0.000000000000000000e+00,-0.000000000000000000e+00,-0.000000000000000000e+00,-2.248725445589622521e-02,-0.000000000000000000e+00,-2.317237791328025376e-01,-0.000000000000000000e+00,-0.000000000000000000e+00,-1.439559269061478353e-01,-4.065414409692685860e-01,-9.130679626429265283e-02,-0.000000000000000000e+00,-1.393172203065345949e-01,-0.000000000000000000e+00,-0.000000000000000000e+00
-0.000000000000000000e+00,0.000000000000000000e+00,-1.094677333361458449e-01,0.000000000000000000e+00,0.000000000000000000e+00,0.000000000000000000e+00,-0.000000000000000000e+00,1.590561833675245285e-01,0.000000000000000000e+00,0.000000000000000000e+00,0.000000000000000000e+00,-1.329393188759403766e-01,-9.226938927972909432e-02,0.000000000000000000e+00,1.278430320759342598e+00,0.000000000000000000e+00,-0.000000000000000000e+00,4.113289539831375269e-02,-1.393197893829450640e-01,-0.000000000000000000e+00,-2.781438642135047878e-01,-0.000000000000000000e+00,-0.000000000000000000e+00,-0.000000000000000000e+00,-2.858012791783530460e-02,0.000000000000000000e+00,-0.000000000000000000e+00,0.000000000000000000e+00,0.000000000000000000e+00,0.000000000000000000e+00,-0.000000000000000000e+00,0.000000000000000000e+00,-0.000000000000000000e+00,0.000000000000000000e+00,0.000000000000000000e+00,0.000000000000000000e+00,0.000000000000000000e+00,0.000000000000000000e+00,-0.000000000000000000e+00
-0.000000000000000000e+00,-0.000000000000000000e+00,-0.000000000000000000e+00,0.000000000000000000e+00,-0.000000000000000000e+00,-0.000000000000000000e+00,-0.000000000000000000e+00,0.000000000000000000e+00,-0.000000000000000000e+00,-5.699131768992755642e-01,-0.000000000000000000e+00,-0.000000000000000000e+00,0.000000000000000000e+00,-0.000000000000000000e+00,0.000000000000000000e+00,2.714677363052218517e+00,-3.862334948256507250e-01,-0.000000000000000000e+00,-0.000000000000000000e+00,0.000000000000000000e+00,-0.000000000000000000e+00,-0.000000000000000000e+00,-0.000000000000000000e+00,-0.000000000000000000e+00,-0.000000000000000000e+00,-1.216981468847379705e-01,-3.035586328119440069e-01,-3.517593410745881721e-01,-2.029674510350549990e-03,-2.076436563587164275e-01,-0.000000000000000000e+00,-2.116162315562481466e-01,-0.000000000000000000e+00,-0.000000000000000000e+00,-1.643208558034453814e-01,-4.443005437556403203e-01,-1.703866080232071048e-02,-0.000000000000000000e+00,-0.000000000000000000e+00
-4.479102187233697241e-01,-5.903334329623215193e-02,-0.000000000000000000e+00,0.000000000000000000e+00,-9.655994798563087567e-02,-0.000000000000000000e+00,-0.000000000000000000e+00,0.000000000000000000e+00,-0.000000000000000000e+00,-0.000000000000000000e+00,-7.398220549768983467e-01,-0.000000000000000000e+00,0.000000000000000000e+00,-3.206395197057990698e-01,-0.000000000000000000e+00,-3.862334948256507250e-01,2.425157805506570785e+00,-0.000000000000000000e+00,-0.000000000000000000e+00,0.000000000000000000e+00,-0.000000000000000000e+00,-0.000000000000000000e+00,-1.413966505956522068e-01,-0.000000000000000000e+00,-4.811504749574155651e-03,-0.000000000000000000e+00,-0.000000000000000000e+00,-0.000000000000000000e+00,-0.000000000000000000e+00,-8.333376532782198545e-03,-0.000000000000000000e+00,-0.000000000000000000e+00,-0.000000000000000000e+00,-0.000000000000000000e+00,-6.170064832976940999e-02,-0.000000000000000000e+00,-1.464530034769092881e-01,-0.000000000000000000e+00,-0.000000000000000000e+00
-0.000000000000000000e+00,-1.004431832469232927e-01,0.000000000000000000e+00,-0.000000000000000000e+00,-0.000000000000000000e+00,-0.000000000000000000e+00,-0.000000000000000000e+00,-0.000000000000000000e+00,-0.000000000000000000e+00,-5.781128757055724321e-02,-0.000000000000000000e+00,-0.000000000000000000e+00,-0.000000000000000000e+00,0.000000000000000000e+00,4.113289539831375269e-02,-0.000000000000000000e+00,-0.000000000000000000e+00,1.470408001334535752e+00,-1.051845419684080546e-01,-0.000000000000000000e+00,-0.000000000000000000e+00,-1.043765154858552167e-02,-0.000000000000000000e+00,0.000000000000000000e+00,-0.000000000000000000e+00,-2.638676601346529385e-02,-1.357535332086153568e-01,-0.000000000000000000e+00,-1.568385294471467406e-01,-0.000000000000000000e+00,-0.000000000000000000e+00,-0.000000000000000000e+00,-0.000000000000000000e+00,0.000000000000000000e+00,-0.000000000000000000e+00,-0.000000000000000000e+00,-0.000000000000000000e+00,-1.258504910032088031e-01,-4.520441186369725806e-01
-0.000000000000000000e+00,-0.000000000000000000e+00,-0.000000000000000000e+00,-0.000000000000000000e+00,-0.000000000000000000e+00,-0.000000000000000000e+00,-3.505956843519184019e-02,0.000000000000000000e+00,0.000000000000000000e+00,-0.000000000000000000e+00,0.000000000000000000e+00,-0.000000000000000000e+00,-1.381407251101872125e-01,0.000000000000000000e+00,-1.393197893829450640e-01,-0.000000000000000000e+00,-0.000000000000000000e+00,-1.051845419684080546e-01,1.187675539137540204e+00,-0.000000000000000000e+00,-1.256846422408452180e-01,-0.000000000000000000e+00,-0.000000000000000000e+00,-0.000000000000000000e+00,-1.386337462191692960e-01,-0.000000000000000000e+00,-3.818492993727692214e-02,-0.000000000000000000e+00,-0.000000000000000000e+00,0.000000000000000000e+00,-8.038235202440281030e-03,0.000000000000000000e+00,-0.000000000000000000e+00,1.164528180812529345e-01,-0.000000000000000000e+00,-0.000000000000000000e+00,0.000000000000000000e+00,-0.000000000000000000e+00,-1.515115769608229301e-01
-0.000000000000000000e+00,0.000000000000000000e+00,-0.000000000000000000e+00,0.000000000000000000e+00,-0.000000000000000000e+00,0.000000000000000000e+00,0.000000000000000000e+00,0.000000000000000000e+00,-0.000000000000000000e+00,-0.000000000000000000e+00,0.000000000000000000e+00,-0.000000000000000000e+00,-8.388438042732687672e-02,0.000000000000000000e+00,-0.000000000000000000e+00,0.000000000000000000e+00,0.000000000000000000e+00,-0.000000000000000000e+00,-0.000000000000000000e+00,1.019060559909707564e+00,-0.000000000000000000e+00,-0.000000000000000000e+00,-0.000000000000000000e+00,-0.000000000000000000e+00,-0.000000000000000000e+00,-0.000000000000000000e+00,-0.000000000000000000e+00,-0.000000000000000000e+00,0.000000000000000000e+00,-0.000000000000000000e+00,0.000000000000000000e+00,0.000000000000000000e+00,-0.000000000000000000e+00,0.000000000000000000e+00,0.000000000000000000e+00,0.000000000000000000e+00,0.000000000000000000e+00,-9.797727059460339949e-02,-0.000000000000000000e+00
-0.000000000000000000e+00,-0.000000000000000000e+00,-4.276088616973629519e-01,0.000000000000000000e+00,-0.000000000000000000e+00,-0.000000000000000000e+00,-0.000000000000000000e+00,3.402215369151805890e-01,0.000000000000000000e+00,-0.000000000000000000e+00,-0.000000000000000000e+00,-1.771111559487263329e-02,-0.000000000000000000e+00,-0.000000000000000000e+00,-2.781438642135047878e-01,-0.000000000000000000e+00,-0.000000000000000000e+00,-0.000000000000000000e+00,-1.256846422408452180e-01,-0.000000000000000000e+00,1.653115373526542697e+00,-0.000000000000000000e+00,-0.000000000000000000e+00,-0.000000000000000000e+00,-0.000000000000000000e+00,-0.000000000000000000e+00,-0.000000000000000000e+00,-3.004603149185674366e-02,-0.000000000000000000e+00,-0.000000000000000000e+00,-1.161149263594488945e-01,0.000000000000000000e+00,-6.316378980131200083e-02,0.000000000000000000e+00,-0.000000000000000000e+00,0.000000000000000000e+00,0.000000000000000000e+00,0.000000000000000000e+00,-0.000000000000000000e+00
-0.000000000000000000e+00,-0.000000000000000000e+00,-0.000000000000000000e+00,0.000000000000000000e+00,-0.000000000000000000e+00,-0.000000000000000000e+00,0.000000000000000000e+00,0.000000000000000000e+00,-1.765517793059959845e-02,-1.752315988777704975e-02,-0.000000000000000000e+00,-0.000000000000000000e+00,-0.000000000000000000e+00,-0.000000000000000000e+00,-0.000000000000000000e+00,-0.000000000000000000e+00,-0.000000000000000000e+00,-1.043765154858552167e-02,-0.000000000000000000e+00,-0.000000000000000000e+00,-0.000000000000000000e+00,1.011527118697750360e+00,-0.000000000000000000e+00,-0.000000000000000000e+00,-1.023949453683080900e-02,-0.000000000000000000e+00,-0.000000000000000000e+00,-0.000000000000000000e+00,-0.000000000000000000e+00,-0.000000000000000000e+00,-0.000000000000000000e+00,-0.000000000000000000e+00,-0.000000000000000000e+00,-0.000000000000000000e+00,-0.000000000000000000e+00,-0.000000000000000000e+00,-0.000000000000000000e+00,-8.105807909029706659e-02,-0.000000000000000000e+00
-0.000000000000000000e+00,-2.634391734562336329e-01,-1.110194930075251857e-01,-0.000000000000000000e+00,-6.753434918434039758e-02,-0.000000000000000000e+00,-0.000000000000000000e+00,1.341871143828306245e-02,-0.000000000000000000e+00,-0.000000000000000000e+00,-0.000000000000000000e+00,-2.663124069788539994e-01,-0.000000000000000000e+00,-1.887305144641099807e-03,-0.000000000000000000e+00,-0.000000000000000000e+00,-1.413966505956522068e-01,-0.000000000000000000e+00,-0.000000000000000000e+00,-0.000000000000000000e+00,-0.000000000000000000e+00,-0.000000000000000000e+00,2.685706496894548323e+00,-4.334915263561769372e-01,-8.966396770996660770e-01,-0.000000000000000000e+00,-9.612118139050616905e-02,-0.000000000000000000e+00,-6.617216038051854619e-03,-3.187736172020574910e-02,-3.429195229282517438e-02,-0.000000000000000000e+00,-1.645148567335426026e-01,-0.000000000000000000e+00,-3.873462033256695747e-02,-0.000000000000000000e+00,-0.000000000000000000e+00,-0.000000000000000000e+00,-3.087692862062799692e-01
-1.770935012088477589e-01,-0.000000000000000000e+00,-1.039384798516074099e-01,0.000000000000000000e+00,-0.000000000000000000e+00,-0.000000000000000000e+00,-0.000000000000000000e+00,1.304616808148838236e-01,-0.000000000000000000e+00,-0.000000000000000000e+00,-0.000000000000000000e+00,-0.000000000000000000e+00,0.000000000000000000e+00,-4.089528875310607381e-01,-0.000000000000000000e+00,-0.000000000000000000e+00,-0.000000000000000000e+00,0.000000000000000000e+00,-0.000000000000000000e+00,-0.000000000000000000e+00,-0.000000000000000000e+00,-0.000000000000000000e+00,-4.334915263561769372e-01,1.786633467445176926e+00,-4.210404336516553742e-02,-0.000000000000000000e+00,-0.000000000000000000e+00,-0.000000000000000000e+00,-0.000000000000000000e+00,-4.610457831520135136e-02,-0.000000000000000000e+00,0.000000000000000000e+00,-2.033239134730202291e-01,-0.000000000000000000e+00,-0.000000000000000000e+00,0.000000000000000000e+00,-0.000000000000000000e+00,-0.000000000000000000e+00,-0.000000000000000000e+00
-3.862860508757056111e-01,-0.000000000000000000e+00,-7.058543315754699232e-02,-0.000000000000000000e+00,-1.019633090740619391e-01,-0.000000000000000000e+00,-0.000000000000000000e+00,3.290864786676608866e-02,-4.000314458617029029e-02,-5.888574090968047049e-03,-0.000000000000000000e+00,-2.266160112954567207e-01,-0.000000000000000000e+00,-0.000000000000000000e+00,-2.858012791783530460e-02,-0.000000000000000000e+00,-4.811504749574155651e-03,-0.000000000000000000e+00,-1.386337462191692960e-01,-0.000000000000000000e+00,-0.000000000000000000e+00,-1.023949453683080900e-02,-8.966396770996660770e-01,-4.210404336516553742e-02,2.434094438208950884e+00,-2.095477324099651872e-01,-2.418886538781665485e-01,-0.000000000000000000e+00,-4.581618931196411448e-02,-0.000000000000000000e+00,-0.000000000000000000e+00,-0.000000000000000000e+00,-0.000000000000000000e+00,-0.000000000000000000e+00,-2.983533993018728722e-02,-0.000000000000000000e+00,-0.000000000000000000e+00,-5.259549130951057805e-02,-6.860766012059797518e-03
-2.335816315221720119e-01,-0.000000000000000000e+00,-0.000000000000000000e+00,0.000000000000000000e+00,-0.000000000000000000e+00,-0.000000000000000000e+00,-0.000000000000000000e+00,0.000000000000000000e+00,-0.000000000000000000e+00,-1.235829606448459045e-01,-0.000000000000000000e+00,-0.000000000000000000e+00,-0.000000000000000000e+00,-0.000000000000000000e+00,0.000000000000000000e+00,-1.216981468847379705e-01,-0.000000000000000000e+00,-2.638676601346529385e-02,-0.000000000000000000e+00,-0.000000000000000000e+00,-0.000000000000000000e+00,-0.000000000000000000e+00,-0.000000000000000000e+00,-0.000000000000000000e+00,-2.095477324099651872e-01,2.284761749906118133e+00,-5.227065333979278305e-01,-6.244169027319239618e-01,-1.953415683134945291e-01,-0.000000000000000000e+00,-0.000000000000000000e+00,-0.000000000000000000e+00,-0.000000000000000000e+00,-0.000000000000000000e+00,-5.539205689814349909e-02,-0.000000000000000000e+00,-4.143505814417062366e-02,-6.652915090532716957e-02,-0.000000000000000000e+00
-0.000000000000000000e+00,-1.828753736440867361e-01,-0.000000000000000000e+00,0.000000000000000000e+00,-0.000000000000000000e+00,-0.000000000000000000e+00,-0.000000000000000000e+00,0.000000000000000000e+00,-0.000000000000000000e+00,-2.362743799163195824e-01,-0.000000000000000000e+00,-0.000000000000000000e+00,0.000000000000000000e+00,-0.000000000000000000e+00,-0.000000000000000000e+00,-3.035586328119440069e-01,-0.000000000000000000e+00,-1.357535332086153568e-01,-3.818492993727692214e-02,-0.000000000000000000e+00,-0.000000000000000000e+00,-0.000000000000000000e+00,-9.612118139050616905e-02,-0.000000000000000000e+00,-2.418886538781665485e-01,-5.227065333979278305e-01,2.545074524752179546e+00,-2.730612701725226854e-01,-5.234149957175309592e-02,-0.000000000000000000e+00,-5.693070842131875420e-01,-0.000000000000000000e+00,-0.000000000000000000e+00,-0.000000000000000000e+00,-2.458979483599937899e-03,-0.000000000000000000e+00,-0.000000000000000000e+00,-0.000000000000000000e+00,-0.000000000000000000e+00
-1.025386587990994441e-01,-0.000000000000000000e+00,-0.000000000000000000e+00,3.518821305464615024e-01,-4.062615612388456587e-01,-0.000000000000000000e+00,-0.000000000000000000e+00,0.000000000000000000e+00,-0.000000000000000000e+00,-2.917649627459393061e-02,-0.000000000000000000e+00,-0.000000000000000000e+00,0.000000000000000000e+00,-2.248725445589622521e-02,0.000000000000000000e+00,-3.517593410745881721e-01,-0.000000000000000000e+00,-0.000000000000000000e+00,-0.000000000000000000e+00,-0.000000000000000000e+00,-3.004603149185674366e-02,-0.000000000000000000e+00,-0.000000000000000000e+00,-0.000000000000000000e+00,-0.000000000000000000e+00,-6.244169027319239618e-01,-2.730612701725226854e-01,2.368351631105913846e+00,-0.000000000000000000e+00,-1.135092375853733182e-01,-0.000000000000000000e+00,-6.423300889129113234e-02,-8.141141403985366343e-02,-0.000000000000000000e+00,-6.390170482911185224e-02,-0.000000000000000000e+00,-0.000000000000000000e+00,-0.000000000000000000e+00,-0.000000000000000000e+00
-0.000000000000000000e+00,-1.526691819762181490e-01,-0.000000000000000000e+00,0.000000000000000000e+00,-0.000000000000000000e+00,-0.000000000000000000e+00,-0.000000000000000000e+00,-0.000000000000000000e+00,-0.000000000000000000e+00,-4.028972815826157849e-01,-0.000000000000000000e+00,-3.296910091662074577e-02,-0.000000000000000000e+00,-0.000000000000000000e+00,0.000000000000000000e+00,-2.029674510350549990e-03,-0.000000000000000000e+00,-1.568385294471467406e-01,-0.000000000000000000e+00,0.000000000000000000e+00,-0.000000000000000000e+00,-0.000000000000000000e+00,-6.617216038051854619e-03,-0.000000000000000000e+00,-4.581618931196411448e-02,-1.953415683134945291e-01,-5.234149957175309592e-02,-0.000000000000000000e+00,2.141110269184777426e+00,-0.000000000000000000e+00,-0.000000000000000000e+00,-3.717049452302391144e-01,-0.000000000000000000e+00,-0.000000000000000000e+00,-4.760431423409891005e-01,-9.394163841793408409e-02,-3.036863583609498637e-02,-0.000000000000000000e+00,-1.771714595453859368e-03
-6.254388443236361290e-03,-2.103227968640614953e-01,-0.000000000000000000e+00,0.000000000000000000e+00,-3.127977108701944231e-01,-2.692747995664748414e-02,-0.000000000000000000e+00,0.000000000000000000e+00,-2.313904281828756127e-01,-1.336803885346360410e-01,-0.000000000000000000e+00,-0.000000000000000000e+00,0.000000000000000000e+00,-2.317237791328025376e-01,0.000000000000000000e+00,-2.076436563587164275e-01,-8.333376532782198545e-03,-0.000000000000000000e+00,0.000000000000000000e+00,-0.000000000000000000e+00,-0.000000000000000000e+00,-0.000000000000000000e+00,-3.187736172020574910e-02,-4.610457831520135136e-02,-0.000000000000000000e+00,-0.000000000000000000e+00,-0.000000000000000000e+00,-1.135092375853733182e-01,-0.000000000000000000e+00,2.218390210974274801e+00,-0.000000000000000000e+00,-8.630600833945865913e-02,-4.667000285886725892e-03,-1.789878496884566017e-01,-2.408199151350699230e-01,-0.000000000000000000e+00,-1.547378592963037369e-01,-0.000000000000000000e+00,-0.000000000000000000e+00
-0.000000000000000000e+00,-7.711212504107617383e-02,-1.884219829795292234e-01,0.000000000000000000e+00,-0.000000000000000000e+00,-3.140606637316807892e-01,-0.000000000000000000e+00,1.095182395596296654e-01,0.000000000000000000e+00,-0.000000000000000000e+00,-0.000000000000000000e+00,-8.682048812629006296e-02,0.000000000000000000e+00,-0.000000000000000000e+00,-0.000000000000000000e+00,-0.000000000000000000e+00,-0.000000000000000000e+00,-0.000000000000000000e+00,-8.038235202440281030e-03,0.000000000000000000e+00,-1.161149263594488945e-01,-0.000000000000000000e+00,-3.429195229282517438e-02,-0.000000000000000000e+00,-0.000000000000000000e+00,-0.000000000000000000e+00,-5.693070842131875420e-01,-0.000000000000000000e+00,-0.000000000000000000e+00,-0.000000000000000000e+00,2.100616219839395171e+00,-0.000000000000000000e+00,-3.184206547172273027e-01,-0.000000000000000000e+00,-0.000000000000000000e+00,-0.000000000000000000e+00,-0.000000000000000000e+00,3.191669546638420396e-02,-3.012229609650178275e-01
-0.000000000000000000e+00,-1.756928529225587898e-01,-0.000000000000000000e+00,0.000000000000000000e+00,-0.000000000000000000e+00,-1.199361419050708061e-01,-0.000000000000000000e+00,-0.000000000000000000e+00,-0.000000000000000000e+00,-1.513737074218188816e-01,-2.029583244497716599e-01,-0.000000000000000000e+00,9.413942720646576931e-03,-0.000000000000000000e+00,0.000000000000000000e+00,-2.116162315562481466e-01,-0.000000000000000000e+00,-0.000000000000000000e+00,0.000000000000000000e+00,0.000000000000000000e+00,0.000000000000000000e+00,-0.000000000000000000e+00,-0.000000000000000000e+00,0.000000000000000000e+00,-0.000000000000000000e+00,-0.000000000000000000e+00,-0.000000000000000000e+00,-6.423300889129113234e-02,-3.717049452302391144e-01,-8.630600833945865913e-02,-0.000000000000000000e+00,2.869844081224353527e+00,-0.000000000000000000e+00,-0.000000000000000000e+00,-1.724748949910043239e-01,-4.844389846242003195e-01,-8.904605674823491412e-01,-0.000000000000000000e+00,-0.000000000000000000e+00
-0.000000000000000000e+00,-0.000000000000000000e+00,-5.116332278728252803e-01,0.000000000000000000e+00,-1.795832818174020878e-02,-1.636638763603414093e-01,-0.000000000000000000e+00,4.151712087946422547e-01,-0.000000000000000000e+00,-0.000000000000000000e+00,-0.000000000000000000e+00,-0.000000000000000000e+00,0.000000000000000000e+00,-1.439559269061478353e-01,-0.000000000000000000e+00,-0.000000000000000000e+00,-0.000000000000000000e+00,-0.000000000000000000e+00,-0.000000000000000000e+00,-0.000000000000000000e+00,-6.316378980131200083e-02,-0.000000000000000000e+00,-1.645148567335426026e-01,-2.033239134730202291e-01,-0.000000000000000000e+00,-0.000000000000000000e+00,-0.000000000000000000e+00,-8.141141403985366343e-02,-0.000000000000000000e+00,-4.667000285886725892e-03,-3.184206547172273027e-01,-0.000000000000000000e+00,2.148636880548684847e+00,-0.000000000000000000e+00,-0.000000000000000000e+00,-0.000000000000000000e+00,-0.000000000000000000e+00,0.000000000000000000e+00,-0.000000000000000000e+00
-0.000000000000000000e+00,-0.000000000000000000e+00,-0.000000000000000000e+00,2.936074967086470602e-02,-3.549862065508474496e-01,-0.000000000000000000e+00,0.000000000000000000e+00,0.000000000000000000e+00,-2.099611184292411170e-01,-0.000000000000000000e+00,-1.776276819361381487e-01,-0.000000000000000000e+00,1.688392371498973477e-01,-4.065414409692685860e-01,0.000000000000000000e+00,-0.000000000000000000e+00,-0.000000000000000000e+00,0.000000000000000000e+00,1.164528180812529345e-01,0.000000000000000000e+00,0.000000000000000000e+00,-0.000000000000000000e+00,-0.000000000000000000e+00,-0.000000000000000000e+00,-0.000000000000000000e+00,-0.000000000000000000e+00,-0.000000000000000000e+00,-0.000000000000000000e+00,-0.000000000000000000e+00,-1.789878496884566017e-01,-0.000000000000000000e+00,-0.000000000000000000e+00,-0.000000000000000000e+00,1.709200431576476831e+00,-0.000000000000000000e+00,-0.000000000000000000e+00,-0.000000000000000000e+00,-0.000000000000000000e+00,-0.000000000000000000e+00
-0.000000000000000000e+00,-0.000000000000000000e+00,-0.000000000000000000e+00,0.000000000000000000e+00,-0.000000000000000000e+00,-1.095131651710982562e-01,-0.000000000000000000e+00,0.000000000000000000e+00,-0.000000000000000000e+00,-0.000000000000000000e+00,-0.000000000000000000e+00,-0.000000000000000000e+00,0.000000000000000000e+00,-9.130679626429265283e-02,0.000000000000000000e+00,-1.643208558034453814e-01,-6.170064832976940999e-02,-0.000000000000000000e+00,-0.000000000000000000e+00,0.000000000000000000e+00,-0.000000000000000000e+00,-0.000000000000000000e+00,-3.873462033256695747e-02,-0.000000000000000000e+00,-2.983533993018728722e-02,-5.539205689814349909e-02,-2.458979483599937899e-03,-6.390170482911185224e-02,-4.760431423409891005e-01,-2.408199151350699230e-01,-0.000000000000000000e+00,-1.724748949910043239e-01,-0.000000000000000000e+00,-0.000000000000000000e+00,2.361530760205064361e+00,-3.193170952451215294e-01,-4.876847801759526813e-01,-0.000000000000000000e+00,-0.000000000000000000e+00
-0.000000000000000000e+00,-9.727834213099367799e-02,0.000000000000000000e+00,-0.000000000000000000e+00,-0.000000000000000000e+00,-1.141909688236634052e-01,-0.000000000000000000e+00,-0.000000000000000000e+00,0.000000000000000000e+00,-3.262265804056282970e-01,-5.633796079609332957e-02,-0.000000000000000000e+00,0.000000000000000000e+00,-0.000000000000000000e+00,0.000000000000000000e+00,-4.443005437556403203e-01,-0.000000000000000000e+00,-0.000000000000000000e+00,-0.000000000000000000e+00,0.000000000000000000e+00,0.000000000000000000e+00,-0.000000000000000000e+00,-0.000000000000000000e+00,0.000000000000000000e+00,-0.000000000000000000e+00,-0.000000000000000000e+00,-0.000000000000000000e+00,-0.000000000000000000e+00,-9.394163841793408409e-02,-0.000000000000000000e+00,-0.000000000000000000e+00,-4.844389846242003195e-01,-0.000000000000000000e+00,-0.000000000000000000e+00,-3.193170952451215294e-01,2.237107861346542936e+00,-1.246833340827507852e-01,-0.000000000000000000e+00,-0.000000000000000000e+00
-0.000000000000000000e+00,-3.224814732559201369e-01,-0.000000000000000000e+00,0.000000000000000000e+00,-0.000000000000000000e+00,-3.399360983898238459e-02,-0.000000000000000000e+00,0.000000000000000000e+00,-0.000000000000000000e+00,-0.000000000000000000e+00,-2.587053068001341494e-01,-0.000000000000000000e+00,0.000000000000000000e+00,-1.393172203065345949e-01,0.000000000000000000e+00,-1.703866080232071048e-02,-1.464530034769092881e-01,-0.000000000000000000e+00,0.000000000000000000e+00,0.000000000000000000e+00,0.000000000000000000e+00,-0.000000000000000000e+00,-0.000000000000000000e+00,-0.000000000000000000e+00,-0.000000000000000000e+00,-4.143505814417062366e-02,-0.000000000000000000e+00,-0.000000000000000000e+00,-3.036863583609498637e-02,-1.547378592963037369e-01,-0.000000000000000000e+00,-8.904605674823491412e-01,-0.000000000000000000e+00,-0.000000000000000000e+00,-4.876847801759526813e-01,-1.246833340827507852e-01,2.675421241956876806e+00,-0.000000000000000000e+00,-0.000000000000000000e+00
-3.424271819667685790e-01,-0.000000000000000000e+00,0.000000000000000000e+00,0.000000000000000000e+00,-0.000000000000000000e+00,0.000000000000000000e+00,-0.000000000000000000e+00,-0.000000000000000000e+00,-5.913379982742346108e-01,-0.000000000000000000e+00,0.000000000000000000e+00,-0.000000000000000000e+00,-2.902404950203582024e-01,-0.000000000000000000e+00,0.000000000000000000e+00,-0.000000000000000000e+00,-0.000000000000000000e+00,-1.258504910032088031e-01,-0.000000000000000000e+00,-9.797727059460339949e-02,0.000000000000000000e+00,-8.105807909029706659e-02,-0.000000000000000000e+00,-0.000000000000000000e+00,-5.259549130951057805e-02,-6.652915090532716957e-02,-0.000000000000000000e+00,-0.000000000000000000e+00,-0.000000000000000000e+00,-0.000000000000000000e+00,3.191669546638420396e-02,-0.000000000000000000e+00,0.000000000000000000e+00,-0.000000000000000000e+00,-0.000000000000000000e+00,-0.000000000000000000e+00,-0.000000000000000000e+00,1.615975147338549300e+00,-0.000000000000000000e+00
-0.000000000000000000e+00,-4.881053425130700840e-01,-0.000000000000000000e+00,-2.327621501583297323e-02,-0.000000000000000000e+00,-0.000000000000000000e+00,-0.000000000000000000e+00,0.000000000000000000e+00,-0.000000000000000000e+00,-7.160958252583494998e-02,-0.000000000000000000e+00,-4.532388644586123894e-01,-0.000000000000000000e+00,-0.000000000000000000e+00,-0.000000000000000000e+00,-0.000000000000000000e+00,-0.000000000000000000e+00,-4.520441186369725806e-01,-1.515115769608229301e-01,-0.000000000000000000e+00,-0.000000000000000000e+00,-0.000000000000000000e+00,-3.087692862062799692e-01,-0.000000000000000000e+00,-6.860766012059797518e-03,-0.000000000000000000e+00,-0.000000000000000000e+00,-0.000000000000000000e+00,-1.771714595453859368e-03,-0.000000000000000000e+00,-3.012229609650178275e-01,-0.000000000000000000e+00,-0.000000000000000000e+00,-0.000000000000000000e+00,-0.000000000000000000e+00,-0.000000000000000000e+00,-0.000000000000000000e+00,-0.000000000000000000e+00,2.154170505005161385e+00
