1.000000000000000000e+00,7.731230905769003181e-01,6.234744573275738944e-01,2.348719389455148632e-01,5.804300973807499098e-01,-3.674984138677593326e-01,-4.008063155763490482e-01,-6.417948820720817960e-01,7.253295029814372796e-01,5.613141509427215237e-01,3.191621138846924000e-01,3.959455339298816323e-01,-1.146173096845201633e-01,5.884931147031097209e-01,-4.841667249312416738e-02,5.035896426033632522e-01,-1.670909287023588929e-01,3.546469491301785237e-01,5.308187174549102716e-01,-2.403650687844099409e-01,1.903699914449673292e-01,-3.718463297261049433e-02,3.581599450565941534e-01,2.185054747853121537e-01,5.886408468033164088e-01,5.728025559801723787e-01,4.272885602530926419e-01,3.621899630873021136e-01,-1.328574257128653513e-01,6.184882363285295614e-01,2.615802426461553143e-01,1.578680752215533001e-01,2.647065155571516337e-01,5.825126255951396104e-01,-1.830494877322102476e-01,6.844110438461681323e-01,3.795333440729195540e-02,5.208741603042320589e-01,5.218626839962698938e-01
7.731230905769003181e-01,1.000000000000000000e+00,7.316826839870301802e-01,4.787051444558380053e-01,6.788558406940837786e-01,-6.262876049168904224e-02,-5.803960868816667729e-01,-7.527873927493533568e-01,7.894538374623875088e-01,7.641991981345495066e-01,4.327624073357417833e-01,7.152665726635472065e-01,-2.479060546425854439e-01,7.034921339084191372e-01,-2.271407410926351567e-01,7.120368802863352720e-01,-4.142826721947464458e-02,4.342934259481882608e-01,6.760750384172943273e-01,-1.420483124792468743e-01,6.150767184328750220e-02,2.236137686722324269e-01,5.686458784891227358e-01,3.518646602940931345e-01,6.508755484921416867e-01,4.060030722245862034e-01,7.211231876740420432e-01,4.289411273582674489e-01,-3.794942002087179911e-01,6.941804393198212075e-01,5.079841816392014486e-01,2.777640231931243209e-01,4.203471249856743364e-01,7.669723055929825728e-01,-4.155814692173426805e-01,7.120191780702754825e-01,1.669176069021185704e-01,3.481242570003006409e-01,7.299209495178873297e-01
6.234744573275738944e-01,7.316826839870301802e-01,1.000000000000000000e+00,4.510892633375130356e-01,7.639632785607347598e-01,-1.101297504370224445e-01,-4.614585165256213650e-01,-8.543968068439247165e-01,7.735898357652791768e-01,7.107937805261700381e-01,4.468522600946437384e-01,6.674420540039752714e-01,-3.247685015939055231e-01,6.783678583851417976e-01,-1.057718047919140592e-01,6.973286433347795077e-01,-3.509479740627706457e-02,4.797483977908217900e-01,8.391423476218212718e-01,-1.414975255279993238e-01,1.867352062015036063e-01,2.357609636521132701e-01,4.845979160368825700e-01,3.556609727958789935e-01,6.414806946592479520e-01,4.858222631701675231e-01,6.608783503851318741e-01,6.133887242374427284e-01,-3.308426596138846487e-01,6.390141815741132714e-01,5.881210340746281240e-01,1.783740886942745962e-01,5.447184907541343657e-01,8.359876213912205145e-01,-4.068017945506198774e-01,6.281603770345716153e-01,8.554947967036320711e-02,3.369991809969011820e-01,5.865041249260847245e-01
2.348719389455148632e-01,4.787051444558380053e-01,4.510892633375130356e-01,1.000000000000000000e+00,5.523033690395986461e-01,2.398264878914033171e-01,-1.613504613809370603e-01,-4.490751589516071007e-01,2.852754133494583844e-01,5.949870169702641265e-01,4.936568209755328174e-01,6.654964780364978072e-01,-3.510431920914726667e-01,4.356091553627476909e-01,-2.892629503171662564e-01,6.367683206351982816e-01,2.566231969334126228e-01,4.815227000251787182e-01,5.909848893101926626e-01,3.042147855221224440e-01,-1.133030507849022706e-01,5.206934190297730636e-01,3.578754137699022841e-01,4.725279784311002818e-01,4.041352200334376588e-01,8.030962146324595319e-02,5.899907615782283843e-01,2.599146717680234642e-01,-4.883541578000376582e-01,4.851653584326734436e-01,4.676665393417327454e-01,1.234578832870230070e-01,5.488466961252275178e-01,5.450956027123714520e-01,-5.440295438369905368e-01,2.349381224247540922e-01,2.114237219103113630e-01,-6.489775356074771462e-02,4.435709830197458459e-01
5.804300973807499098e-01,6.788558406940837786e-01,7.639632785607347598e-01,5.523033690395986461e-01,1.000000000000000000e+00,-6.016064697906313430e-02,-3.289593383145498762e-01,-7.314751833434016692e-01,6.601745510979027953e-01,6.348799230074192446e-01,4.879344943897155340e-01,6.330387245015612896e-01,-2.697293101627051826e-01,5.984584533252187422e-01,-3.630644033153157535e-02,6.670324070652944304e-01,1.009889464217856164e-01,6.290184202339348385e-01,7.948831754432207353e-01,-8.976051086046615834e-02,7.831514310804983670e-03,3.208135506969978512e-01,4.302300783183432564e-01,4.256127272970333664e-01,6.074913200381052425e-01,4.535047541674108174e-01,5.853815780542986902e-01,5.190974105526272586e-01,-3.599120323815757638e-01,6.256951403915101961e-01,4.950570527393934328e-01,1.295290343707328484e-01,5.905968130179933828e-01,7.958811286403029150e-01,-4.589604477488183343e-01,5.023582371275492342e-01,7.793115195701344478e-02,4.322069633396343202e-01,5.670253225070983616e-01
-3.674984138677593326e-01,-6.262876049168904224e-02,-1.101297504370224445e-01,2.398264878914033171e-01,-6.016064697906313430e-02,1.000000000000000000e+00,-5.270486022184312121e-03,3.995488039393317592e-02,-9.588122700613715965e-02,1.184794512644877923e-01,-5.517217186710974414e-02,1.348872142118833217e-01,-4.945347477113408441e-02,9.401267104384002787e-03,-1.591500894711527225e-01,4.947042328174092174e-02,5.840883749118659374e-01,-2.812748143116284780e-02,-4.768523830224524057e-02,4.893733559828412905e-02,-2.588320322692661546e-01,2.825674146468407089e-01,3.669077544261700186e-01,1.788625713023338226e-01,5.675910821204146334e-02,-1.772046915544792933e-01,1.707612102060632187e-01,-3.051707857571923921e-02,1.468106816473344622e-01,8.875609076389785745e-02,1.416466554184009907e-01,6.964370477574693963e-02,1.336138741947951736e-01,1.138322273597693057e-02,8.170048581677434585e-02,-1.324446327060956607e-01,1.436177383904097826e-01,-2.786738006291005210e-01,3.332027728960098439e-02
-4.008063155763490482e-01,-5.803960868816667729e-01,-4.614585165256213650e-01,-1.613504613809370603e-01,-3.289593383145498762e-01,-5.270486022184312121e-03,1.000000000000000000e+00,4.720250682331235681e-01,-6.797516832559655775e-01,-4.745784082856365771e-01,-2.838702492791532125e-02,-6.261889874684889445e-01,1.782018833039777095e-01,-4.799598865316779817e-01,5.163995928463991358e-01,-3.466281415814196909e-01,3.420393569508297094e-01,-9.124215530820251052e-02,-3.221971334193275971e-01,4.319568303167212742e-01,-1.310457912946183801e-01,1.882845961418090630e-01,-4.132521177570844251e-01,-8.137581076961402163e-03,-2.345389259870414578e-01,-1.025520331413184022e-01,-6.176212397648246366e-01,-2.480181132891643575e-02,3.311633502563433584e-01,-3.112946883681940169e-01,-2.603295805864687118e-01,-4.773921014003940644e-01,6.826246820766578016e-02,-4.992431425700271652e-01,2.287669025081915664e-01,-5.793757342672612998e-01,-2.745870342810934894e-01,-3.683345535762676259e-02,-6.439051723122216631e-01
-6.417948820720817960e-01,-7.527873927493533568e-01,-8.543968068439247165e-01,-4.490751589516071007e-01,-7.314751833434016692e-01,3.995488039393317592e-02,4.720250682331235681e-01,1.000000000000000000e+00,-7.565729964941785290e-01,-7.222301602811460608e-01,-3.137398551581318529e-01,-6.275734406815088873e-01,2.708198692217133607e-01,-5.887081528414599418e-01,1.974628993747892525e-01,-6.693979939512446631e-01,6.098751045515656000e-02,-4.564302383213474368e-01,-7.925195310521276904e-01,2.589442115854695969e-01,9.819426353262888929e-02,-1.686545102251243711e-01,-4.380451416370562678e-01,-2.447591747820710983e-01,-5.798355174851596017e-01,-3.768074172128922372e-01,-5.773604887474580449e-01,-4.174744419326872902e-01,3.765952350270436733e-01,-6.141640970275452638e-01,-4.305447869907793046e-01,-7.868700521695277950e-02,-4.217352303526868407e-01,-7.876402873372932989e-01,4.573992860423270468e-01,-6.717018912615569937e-01,2.759469101254889353e-02,-2.846896688715818136e-01,-5.887507406776544272e-01
7.253295029814372796e-01,7.894538374623875088e-01,7.735898357652791768e-01,2.852754133494583844e-01,6.601745510979027953e-01,-9.588122700613715965e-02,-6.797516832559655775e-01,-7.565729964941785290e-01,1.000000000000000000e+00,6.819088368938934774e-01,3.107953120820161064e-01,6.533694564581415953e-01,-1.685487408618472904e-01,7.050562446430619357e-01,-1.735180639280613779e-01,6.091737512410766442e-01,-1.023510775450785643e-01,4.263503593770374689e-01,6.158080142780854027e-01,-3.126486059887781388e-01,1.957585859583000354e-01,9.898603578163939209e-02,5.230785251261022006e-01,2.915757357726962984e-01,5.924676855590517155e-01,5.146427738802297203e-01,6.523882465892937299e-01,4.553849193393721406e-01,-2.486043826106130727e-01,6.435942703023218581e-01,4.745449344592868601e-01,2.958699494370828909e-01,3.165872393941405183e-01,7.750194131455606650e-01,-2.658774692088096137e-01,7.435090620766955372e-01,1.584059611215956898e-01,4.207061404461394649e-01,7.659606775674149270e-01
5.613141509427215237e-01,7.641991981345495066e-01,7.107937805261700381e-01,5.949870169702641265e-01,6.348799230074192446e-01,1.184794512644877923e-01,-4.745784082856365771e-01,-7.222301602811460608e-01,6.819088368938934774e-01,1.000000000000000000e+00,3.603200425856495914e-01,7.293562998489360183e-01,-3.814313452582398511e-01,6.241954409425247707e-01,-3.082866687635047453e-01,8.716154929311036303e-01,2.399905953770421416e-02,4.824184610866918965e-01,7.043450686174675957e-01,-1.721500357019666028e-02,-6.331006311691141086e-02,3.648334862940176282e-01,5.803480416315999202e-01,3.742518548882520224e-01,6.484436847776043900e-01,3.239387311244863454e-01,6.792610017756810503e-01,4.081524976272530858e-01,-4.451984964046952209e-01,7.250369339000112268e-01,5.609207367005191180e-01,1.460379184747136461e-01,4.993371273065013161e-01,7.661016480643653148e-01,-5.192904215048915750e-01,6.353347390071567569e-01,6.805350089297761140e-02,1.294724047970305381e-01,6.316265083396630509e-01
3.191621138846924000e-01,4.327624073357417833e-01,4.468522600946437384e-01,4.936568209755328174e-01,4.879344943897155340e-01,-5.517217186710974414e-02,-2.838702492791532125e-02,-3.137398551581318529e-01,3.107953120820161064e-01,3.603200425856495914e-01,1.000000000000000000e+00,5.605857006446158808e-01,-6.585986207491822952e-02,4.917886201328769968e-01,1.737730610106607565e-01,5.061279368994432426e-01,3.922389892537926359e-01,5.378467540000576586e-01,4.680498432965231048e-01,4.552067544130882770e-01,2.195526722791221186e-01,5.957632185386579904e-01,3.395886105983009773e-01,6.912332441750033141e-01,6.153687444621340763e-01,4.109911647593311734e-01,5.526775316641457936e-01,6.611478738419304113e-01,-3.111297132550120415e-01,5.083335338426531180e-01,4.646528462957292827e-01,3.657450729637385933e-01,6.878477590511711259e-01,4.809500141239417825e-01,-4.760281496686581404e-01,1.528925005031404882e-01,4.829876257406031104e-01,2.889477837155867146e-01,4.838575439584897331e-01
3.959455339298816323e-01,7.152665726635472065e-01,6.674420540039752714e-01,6.654964780364978072e-01,6.330387245015612896e-01,1.348872142118833217e-01,-6.261889874684889445e-01,-6.275734406815088873e-01,6.533694564581415953e-01,7.293562998489360183e-01,5.605857006446158808e-01,1.000000000000000000e+00,-3.399170294785858748e-01,6.261378884329807937e-01,-3.784934545488093383e-01,7.267647012610120028e-01,5.071502246074403170e-02,5.085266315227394696e-01,6.578438340456718159e-01,7.266306814038873962e-02,2.202531892051278264e-02,4.564771333947608700e-01,5.710494506750301014e-01,4.818218793695415725e-01,5.458597051263320843e-01,1.796126160421555873e-01,8.706899132604400959e-01,3.841903111736825749e-01,-6.042298533660753757e-01,5.840255929819901937e-01,6.122940854667084931e-01,4.315605574673242462e-01,5.078340716841724944e-01,7.684017958351575528e-01,-6.258754531777059871e-01,5.086333546516296211e-01,3.900004270994881228e-01,6.909780180322265541e-02,7.879460465489001031e-01
-1.146173096845201633e-01,-2.479060546425854439e-01,-3.247685015939055231e-01,-3.510431920914726667e-01,-2.697293101627051826e-01,-4.945347477113408441e-02,1.782018833039777095e-01,2.708198692217133607e-01,-1.685487408618472904e-01,-3.814313452582398511e-01,-6.585986207491822952e-02,-3.399170294785858748e-01,1.000000000000000000e+00,-1.895643128438800895e-01,1.932015992840292185e-01,-3.929050785122906730e-01,-5.909943945157108969e-02,-3.133110063628015141e-01,-4.271999838929355642e-01,-2.056499925327622338e-02,1.970016713994313939e-01,-2.290663318787971858e-01,-3.078806093892850759e-01,-2.709037867473879091e-01,-1.469627504523158823e-01,-1.162410674607528421e-01,-2.428378111843255971e-01,-1.020136289809480817e-01,1.615635880555293669e-01,-2.446637773408688599e-01,-6.423858167519391760e-01,1.945085382194403911e-01,-3.255048824000703056e-01,-4.375083402015186307e-01,1.680979402165324044e-01,-1.279014223595740518e-01,2.060300807189882344e-01,1.372576433020604170e-01,-6.287597063616040538e-02
5.884931147031097209e-01,7.034921339084191372e-01,6.783678583851417976e-01,4.356091553627476909e-01,5.984584533252187422e-01,9.401267104384002787e-03,-4.799598865316779817e-01,-5.887081528414599418e-01,7.050562446430619357e-01,6.241954409425247707e-01,4.917886201328769968e-01,6.261378884329807937e-01,-1.895643128438800895e-01,1.000000000000000000e+00,-1.189410876488165014e-01,6.346973938670290583e-01,9.864420446211083493e-02,4.141096905039937659e-01,5.615987412563555603e-01,-5.385694084793454794e-02,2.158002191892164356e-01,2.510166142480497742e-01,5.643719255401314916e-01,5.336304975019794394e-01,6.009626899902021924e-01,4.620266939055939770e-01,6.986878667997070691e-01,5.264926319594899207e-01,-2.195226171455321729e-01,6.180972490199111435e-01,5.237403435542880015e-01,3.911842365022210055e-01,4.591542722786223218e-01,6.872236217046190365e-01,-2.547361237914582133e-01,5.494439336097679538e-01,3.213232664558700047e-01,3.598164601511352201e-01,6.588153286076992021e-01
-4.841667249312416738e-02,-2.271407410926351567e-01,-1.057718047919140592e-01,-2.892629503171662564e-01,-3.630644033153157535e-02,-1.591500894711527225e-01,5.163995928463991358e-01,1.974628993747892525e-01,-1.735180639280613779e-01,-3.082866687635047453e-01,1.737730610106607565e-01,-3.784934545488093383e-01,1.932015992840292185e-01,-1.189410876488165014e-01,1.000000000000000000e+00,-1.662394082183088762e-01,3.532882601871613071e-01,2.459806515994234777e-01,-6.225468659079529121e-02,3.068128231287091667e-01,5.277869567203972295e-02,2.441645799790916060e-01,-2.619190920926940391e-01,1.080933840548722602e-01,4.991877638827060121e-02,4.187831113967451779e-01,-4.003711664744866727e-01,4.354034900615939563e-01,4.179776715380671415e-01,-5.198250598492960839e-02,-5.189202391739420467e-02,-4.057090562671256118e-01,3.198459238473818078e-01,-6.618894298905043938e-02,1.260092825588592369e-01,-2.714141499807002367e-01,-3.122578805889393294e-01,5.025990027792488490e-01,-2.390236500388960572e-01
5.035896426033632522e-01,7.120368802863352720e-01,6.973286433347795077e-01,6.367683206351982816e-01,6.670324070652944304e-01,4.947042328174092174e-02,-3.466281415814196909e-01,-6.693979939512446631e-01,6.091737512410766442e-01,8.716154929311036303e-01,5.061279368994432426e-01,7.267647012610120028e-01,-3.929050785122906730e-01,6.346973938670290583e-01,-1.662394082183088762e-01,1.000000000000000000e+00,8.462964934439497211e-02,5.517914155532714915e-01,7.139676245743888927e-01,1.363558556763761198e-01,-7.075123379396282275e-02,4.784263540860249075e-01,4.810330618203132458e-01,4.599242814918624855e-01,6.693784085298460917e-01,3.281911600601308820e-01,6.519975969240769942e-01,5.065305699870473743e-01,-5.256034264881760398e-01,7.131682583313784241e-01,5.977760373469274136e-01,1.083735156675493111e-01,6.202748858657567421e-01,7.868104912983808763e-01,-6.305912351788929282e-01,5.536040031270770267e-01,1.061162985885578114e-01,1.771456503674800897e-01,5.969788790108034870e-01
-1.670909287023588929e-01,-4.142826721947464458e-02,-3.509479740627706457e-02,2.566231969334126228e-01,1.009889464217856164e-01,5.840883749118659374e-01,3.420393569508297094e-01,6.098751045515656000e-02,-1.023510775450785643e-01,2.399905953770421416e-02,3.922389892537926359e-01,5.071502246074403170e-02,-5.909943945157108969e-02,9.864420446211083493e-02,3.532882601871613071e-01,8.462964934439497211e-02,1.000000000000000000e+00,2.929449765674492778e-01,7.356957538683572828e-02,4.225315721366153521e-01,-1.128923417171531496e-01,5.855381998885935690e-01,2.512198318962400312e-01,5.357186029570463193e-01,2.618195355606983132e-01,2.173167730520950414e-01,7.477291242624688195e-02,3.956132169851303004e-01,2.685931311532387400e-01,1.950894212219428658e-01,2.635820846690680175e-01,-8.195741820326593596e-02,5.192909535430499934e-01,8.966155942307292570e-02,6.511292057041273562e-02,-2.997494400156775485e-01,8.313785980955108734e-02,7.487501334101992478e-02,1.145826355128880085e-02
3.546469491301785237e-01,4.342934259481882608e-01,4.797483977908217900e-01,4.815227000251787182e-01,6.290184202339348385e-01,-2.812748143116284780e-02,-9.124215530820251052e-02,-4.564302383213474368e-01,4.263503593770374689e-01,4.824184610866918965e-01,5.378467540000576586e-01,5.085266315227394696e-01,-3.133110063628015141e-01,4.141096905039937659e-01,2.459806515994234777e-01,5.517914155532714915e-01,2.929449765674492778e-01,1.000000000000000000e+00,5.646656593786218981e-01,2.229234513928544104e-01,-8.111186413789975291e-02,5.600082189677856315e-01,3.810405968079871863e-01,5.706001327124728961e-01,5.755978982599370131e-01,5.673843211108438034e-01,3.810381513858751013e-01,5.131776386867796802e-01,-1.626980651646278697e-01,5.580886335642445406e-01,4.975781751316461499e-01,-1.697925292672695929e-02,6.744487936234156988e-01,5.834853157525671241e-01,-4.346074034373013650e-01,1.655133836196049646e-01,-2.426164439313647711e-02,4.283974256459324725e-01,5.015851477823546345e-01
5.308187174549102716e-01,6.760750384172943273e-01,8.391423476218212718e-01,5.909848893101926626e-01,7.948831754432207353e-01,-4.768523830224524057e-02,-3.221971334193275971e-01,-7.925195310521276904e-01,6.158080142780854027e-01,7.043450686174675957e-01,4.680498432965231048e-01,6.578438340456718159e-01,-4.271999838929355642e-01,5.615987412563555603e-01,-6.225468659079529121e-02,7.139676245743888927e-01,7.356957538683572828e-02,5.646656593786218981e-01,1.000000000000000000e+00,-1.603682712314538281e-02,-2.375339899219389497e-02,3.552884381566162597e-01,3.965965921470173683e-01,3.905312868535634752e-01,5.790985961310117780e-01,4.078981735234670225e-01,6.018661953116763996e-01,5.632649712805202213e-01,-3.844210594000816439e-01,5.868329899785735826e-01,6.148520440552277533e-01,-4.072248861876914990e-03,6.572561813011386089e-01,8.271665387409685710e-01,-4.999321515978950026e-01,5.219209559602226989e-01,-3.829161279104981858e-02,2.225289281601435798e-01,4.662091100338405791e-01
-2.403650687844099409e-01,-1.420483124792468743e-01,-1.414975255279993238e-01,3.042147855221224440e-01,-8.976051086046615834e-02,4.893733559828412905e-02,4.319568303167212742e-01,2.589442115854695969e-01,-3.126486059887781388e-01,-1.721500357019666028e-02,4.552067544130882770e-01,7.266306814038873962e-02,-2.056499925327622338e-02,-5.385694084793454794e-02,3.068128231287091667e-01,1.363558556763761198e-01,4.225315721366153521e-01,2.229234513928544104e-01,-1.603682712314538281e-02,1.000000000000000000e+00,9.590768231186615200e-02,6.254379087165586881e-01,-1.194315279544732183e-01,3.759846207014049257e-01,8.140663939544461047e-02,7.190294211667009293e-03,3.276600632924028117e-02,2.789285993886899129e-01,-1.687164470654807791e-01,8.211123181790859482e-02,1.284848883769469652e-01,-7.769207463645805278e-02,4.479128082343299400e-01,-6.378073165857017779e-02,-2.641248460207620274e-01,-3.653074441810192918e-01,1.411102485683328189e-01,-3.839212906683404924e-02,-3.464840842596755843e-02
1.903699914449673292e-01,6.150767184328750220e-02,1.867352062015036063e-01,-1.133030507849022706e-01,7.831514310804983670e-03,-2.588320322692661546e-01,-1.310457912946183801e-01,9.819426353262888929e-02,1.957585859583000354e-01,-6.331006311691141086e-02,2.195526722791221186e-01,2.202531892051278264e-02,1.970016713994313939e-01,2.158002191892164356e-01,5.277869567203972295e-02,-7.075123379396282275e-02,-1.128923417171531496e-01,-8.111186413789975291e-02,-2.375339899219389497e-02,9.590768231186615200e-02,1.000000000000000000e+00,-1.440289128734510982e-01,1.197717258716407551e-01,8.351669534387017035e-02,1.759858569570124098e-01,2.714586577161092751e-01,2.008156330596936601e-01,2.787298599556597423e-01,1.692137475730577656e-01,7.917571292617725520e-02,4.468169747397194441e-02,4.798712909328350928e-01,-4.106508930344284630e-02,-4.561953828563920788e-02,2.668255458285069270e-01,7.504197799806075486e-02,4.639916536360032540e-01,1.640495053128284419e-01,1.519349444387697035e-01
-3.718463297261049433e-02,2.236137686722324269e-01,2.357609636521132701e-01,5.206934190297730636e-01,3.208135506969978512e-01,2.825674146468407089e-01,1.882845961418090630e-01,-1.686545102251243711e-01,9.898603578163939209e-02,3.648334862940176282e-01,5.957632185386579904e-01,4.564771333947608700e-01,-2.290663318787971858e-01,2.510166142480497742e-01,2.441645799790916060e-01,4.784263540860249075e-01,5.855381998885935690e-01,5.600082189677856315e-01,3.552884381566162597e-01,6.254379087165586881e-01,-1.440289128734510982e-01,1.000000000000000000e+00,3.280511147815444173e-01,6.320792530506027518e-01,3.711632132411569196e-01,1.791625226087449341e-01,3.879023594695560351e-01,5.355652837812642231e-01,-2.489965688723692894e-01,3.654058780144787133e-01,5.576859699011723626e-01,-5.797347554222147953e-02,7.532392154428753095e-01,4.053841290173966216e-01,-4.164846596809994583e-01,-7.977422067936426608e-02,1.078549948638447692e-01,1.113871691738134162e-01,3.222287916813996178e-01
3.581599450565941534e-01,5.686458784891227358e-01,4.845979160368825700e-01,3.578754137699022841e-01,4.302300783183432564e-01,3.669077544261700186e-01,-4.132521177570844251e-01,-4.380451416370562678e-01,5.230785251261022006e-01,5.803480416315999202e-01,3.395886105983009773e-01,5.710494506750301014e-01,-3.078806093892850759e-01,5.643719255401314916e-01,-2.619190920926940391e-01,4.810330618203132458e-01,2.512198318962400312e-01,3.810405968079871863e-01,3.965965921470173683e-01,-1.194315279544732183e-01,1.197717258716407551e-01,3.280511147815444173e-01,1.000000000000000000e+00,5.769319282076965649e-01,6.590648516258412748e-01,3.186657179974692333e-01,6.636495120436041173e-01,3.214690872321947501e-01,2.211725542787084525e-02,5.501787235260271469e-01,5.652495775630813624e-01,4.445620676866844367e-01,3.878253419807699554e-01,5.156927646669215992e-01,-1.720447603619807211e-02,3.063204559319573916e-01,3.446207888272483921e-01,1.171198823143203838e-01,5.257936031664479648e-01
2.185054747853121537e-01,3.518646602940931345e-01,3.556609727958789935e-01,4.725279784311002818e-01,4.256127272970333664e-01,1.788625713023338226e-01,-8.137581076961402163e-03,-2.447591747820710983e-01,2.915757357726962984e-01,3.742518548882520224e-01,6.912332441750033141e-01,4.818218793695415725e-01,-2.709037867473879091e-01,5.336304975019794394e-01,1.080933840548722602e-01,4.599242814918624855e-01,5.357186029570463193e-01,5.706001327124728961e-01,3.905312868535634752e-01,3.759846207014049257e-01,8.351669534387017035e-02,6.320792530506027518e-01,5.769319282076965649e-01,1.000000000000000000e+00,5.671428521191327343e-01,4.259054605423898132e-01,5.026878586587469888e-01,5.412227455844640378e-01,-4.707821071834972226e-02,4.946724332659153678e-01,5.617421431830625922e-01,2.610946136053375888e-01,6.856944112623785115e-01,4.461794730817871257e-01,-1.900691808028617258e-01,1.558468865269395896e-02,3.541794162689200776e-01,2.057364972099272882e-01,3.816901686427283669e-01
5.886408468033164088e-01,6.508755484921416867e-01,6.414806946592479520e-01,4.041352200334376588e-01,6.074913200381052425e-01,5.675910821204146334e-02,-2.345389259870414578e-01,-5.798355174851596017e-01,5.924676855590517155e-01,6.484436847776043900e-01,6.153687444621340763e-01,5.458597051263320843e-01,-1.469627504523158823e-01,6.009626899902021924e-01,4.991877638827060121e-02,6.693784085298460917e-01,2.618195355606983132e-01,5.755978982599370131e-01,5.790985961310117780e-01,8.140663939544461047e-02,1.759858569570124098e-01,3.711632132411569196e-01,6.590648516258412748e-01,5.671428521191327343e-01,1.000000000000000000e+00,5.573194847418778686e-01,5.827201733484109747e-01,5.984384137049375552e-01,-1.398731717021656773e-01,7.427842099504086137e-01,4.861528448699644622e-01,3.082431091287510250e-01,5.829300515842188446e-01,6.318016989058111710e-01,-3.187048357231833107e-01,4.316524287322196507e-01,2.742432934489127394e-01,4.021565784828911028e-01,5.640122290541880190e-01
5.728025559801723787e-01,4.060030722245862034e-01,4.858222631701675231e-01,8.030962146324595319e-02,4.535047541674108174e-01,-1.772046915544792933e-01,-1.025520331413184022e-01,-3.768074172128922372e-01,5.146427738802297203e-01,3.239387311244863454e-01,4.109911647593311734e-01,1.796126160421555873e-01,-1.162410674607528421e-01,4.620266939055939770e-01,4.187831113967451779e-01,3.281911600601308820e-01,2.173167730520950414e-01,5.673843211108438034e-01,4.078981735234670225e-01,7.190294211667009293e-03,2.714586577161092751e-01,1.791625226087449341e-01,3.186657179974692333e-01,4.259054605423898132e-01,5.573194847418778686e-01,1.000000000000000000e+00,2.177174927764773671e-01,6.290415183604131100e-01,2.355272523859580081e-01,5.562317151248465930e-01,3.144377510892488736e-01,-6.695291253495294984e-03,5.069702908152066145e-01,4.404450794180541084e-01,-3.705449365007281760e-03,2.953329561201260556e-01,-4.865139365960568368e-02,6.064114924766269565e-01,2.854530592769840558e-01
4.272885602530926419e-01,7.211231876740420432e-01,6.608783503851318741e-01,5.899907615782283843e-01,5.853815780542986902e-01,1.707612102060632187e-01,-6.176212397648246366e-01,-5.773604887474580449e-01,6.523882465892937299e-01,6.792610017756810503e-01,5.526775316641457936e-01,8.706899132604400959e-01,-2.428378111843255971e-01,6.986878667997070691e-01,-4.003711664744866727e-01,6.519975969240769942e-01,7.477291242624688195e-02,3.810381513858751013e-01,6.018661953116763996e-01,3.276600632924028117e-02,2.008156330596936601e-01,3.879023594695560351e-01,6.636495120436041173e-01,5.026878586587469888e-01,5.827201733484109747e-01,2.177174927764773671e-01,1.000000000000000000e+00,4.233269320890800103e-01,-4.928345640915197112e-01,5.605043331384154115e-01,6.044855549353734814e-01,5.642695698364439405e-01,4.671282829045609319e-01,6.857587672066921547e-01,-4.513806971458321771e-01,5.183482968583046357e-01,5.010189916971489188e-01,9.342001417020988352e-02,7.641905792843830536e-01
3.621899630873021136e-01,4.289411273582674489e-01,6.133887242374427284e-01,2.599146717680234642e-01,5.190974105526272586e-01,-3.051707857571923921e-02,-2.480181132891643575e-02,-4.174744419326872902e-01,4.553849193393721406e-01,4.081524976272530858e-01,6.611478738419304113e-01,3.841903111736825749e-01,-1.020136289809480817e-01,5.264926319594899207e-01,4.354034900615939563e-01,5.065305699870473743e-01,3.956132169851303004e-01,5.131776386867796802e-01,5.632649712805202213e-01,2.789285993886899129e-01,2.787298599556597423e-01,5.355652837812642231e-01,3.214690872321947501e-01,5.412227455844640378e-01,5.984384137049375552e-01,6.290415183604131100e-01,4.233269320890800103e-01,1.000000000000000000e+00,-4.462017791657102439e-02,5.204614090107059221e-01,5.767935566981542417e-01,6.563430525675645333e-02,7.570889083581480161e-01,5.989862651872515098e-01,-2.682691261808886063e-01,2.928682178896364063e-01,1.128298850260432279e-01,5.057635383017763386e-01,3.687734561298968705e-01
-1.328574257128653513e-01,-3.794942002087179911e-01,-3.308426596138846487e-01,-4.883541578000376582e-01,-3.599120323815757638e-01,1.468106816473344622e-01,3.311633502563433584e-01,3.765952350270436733e-01,-2.486043826106130727e-01,-4.451984964046952209e-01,-3.111297132550120415e-01,-6.042298533660753757e-01,1.615635880555293669e-01,-2.195226171455321729e-01,4.179776715380671415e-01,-5.256034264881760398e-01,2.685931311532387400e-01,-1.626980651646278697e-01,-3.844210594000816439e-01,-1.687164470654807791e-01,1.692137475730577656e-01,-2.489965688723692894e-01,2.211725542787084525e-02,-4.707821071834972226e-02,-1.398731717021656773e-01,2.355272523859580081e-01,-4.928345640915197112e-01,-4.462017791657102439e-02,1.000000000000000000e+00,-2.143095279752625093e-01,-2.073835156482856101e-01,-1.285306756486346569e-01,-1.874191538390767298e-01,-4.063661591906339021e-01,8.158786847998463765e-01,-3.695972587648865826e-01,-1.615181321689796168e-01,1.365437281232717293e-01,-4.189840843593914399e-01
6.184882363285295614e-01,6.941804393198212075e-01,6.390141815741132714e-01,4.851653584326734436e-01,6.256951403915101961e-01,8.875609076389785745e-02,-3.112946883681940169e-01,-6.141640970275452638e-01,6.435942703023218581e-01,7.250369339000112268e-01,5.083335338426531180e-01,5.840255929819901937e-01,-2.446637773408688599e-01,6.180972490199111435e-01,-5.198250598492960839e-02,7.131682583313784241e-01,1.950894212219428658e-01,5.580886335642445406e-01,5.868329899785735826e-01,8.211123181790859482e-02,7.917571292617725520e-02,3.654058780144787133e-01,5.501787235260271469e-01,4.946724332659153678e-01,7.427842099504086137e-01,5.562317151248465930e-01,5.605043331384154115e-01,5.204614090107059221e-01,-2.143095279752625093e-01,1.000000000000000000e+00,5.194397535266900290e-01,1.806591550364786136e-01,5.360231819399339237e-01,6.760999855246933032e-01,-3.525761752612247002e-01,5.234534628908410481e-01,1.619156358913461657e-01,3.388384488353067270e-01,5.753374363531698066e-01
2.615802426461553143e-01,5.079841816392014486e-01,5.881210340746281240e-01,4.676665393417327454e-01,4.950570527393934328e-01,1.416466554184009907e-01,-2.603295805864687118e-01,-4.305447869907793046e-01,4.745449344592868601e-01,5.609207367005191180e-01,4.646528462957292827e-01,6.122940854667084931e-01,-6.423858167519391760e-01,5.237403435542880015e-01,-5.189202391739420467e-02,5.977760373469274136e-01,2.635820846690680175e-01,4.975781751316461499e-01,6.148520440552277533e-01,1.284848883769469652e-01,4.468169747397194441e-02,5.576859699011723626e-01,5.652495775630813624e-01,5.617421431830625922e-01,4.861528448699644622e-01,3.144377510892488736e-01,6.044855549353734814e-01,5.767935566981542417e-01,-2.073835156482856101e-01,5.194397535266900290e-01,1.000000000000000000e+00,1.053412774154108833e-01,6.354556054928554021e-01,6.915096734103515219e-01,-2.576019417422706903e-01,3.191874895084271246e-01,1.217610965889105307e-01,1.519324416695288504e-01,4.460201970934253302e-01
1.578680752215533001e-01,2.777640231931243209e-01,1.783740886942745962e-01,1.234578832870230070e-01,1.295290343707328484e-01,6.964370477574693963e-02,-4.773921014003940644e-01,-7.868700521695277950e-02,2.958699494370828909e-01,1.460379184747136461e-01,3.657450729637385933e-01,4.315605574673242462e-01,1.945085382194403911e-01,3.911842365022210055e-01,-4.057090562671256118e-01,1.083735156675493111e-01,-8.195741820326593596e-02,-1.697925292672695929e-02,-4.072248861876914990e-03,-7.769207463645805278e-02,4.798712909328350928e-01,-5.797347554222147953e-02,4.445620676866844367e-01,2.610946136053375888e-01,3.082431091287510250e-01,-6.695291253495294984e-03,5.642695698364439405e-01,6.563430525675645333e-02,-1.285306756486346569e-01,1.806591550364786136e-01,1.053412774154108833e-01,1.000000000000000000e+00,-8.539240930438399269e-02,9.591854895676572845e-02,-1.907792689682840867e-02,1.801659634989814518e-01,8.546344846012842167e-01,-1.841521414532115361e-02,4.969973265344587166e-01
2.647065155571516337e-01,4.203471249856743364e-01,5.447184907541343657e-01,5.488466961252275178e-01,5.905968130179933828e-01,1.336138741947951736e-01,6.826246820766578016e-02,-4.217352303526868407e-01,3.165872393941405183e-01,4.993371273065013161e-01,6.878477590511711259e-01,5.078340716841724944e-01,-3.255048824000703056e-01,4.591542722786223218e-01,3.198459238473818078e-01,6.202748858657567421e-01,5.192909535430499934e-01,6.744487936234156988e-01,6.572561813011386089e-01,4.479128082343299400e-01,-4.106508930344284630e-02,7.532392154428753095e-01,3.878253419807699554e-01,6.856944112623785115e-01,5.829300515842188446e-01,5.069702908152066145e-01,4.671282829045609319e-01,7.570889083581480161e-01,-1.874191538390767298e-01,5.360231819399339237e-01,6.354556054928554021e-01,-8.539240930438399269e-02,1.000000000000000000e+00,6.373468717110523096e-01,-4.294910333290587467e-01,1.429320064041010585e-01,1.439753133338623863e-02,3.457315646975891443e-01,3.367989122370977917e-01
5.825126255951396104e-01,7.669723055929825728e-01,8.359876213912205145e-01,5.450956027123714520e-01,7.958811286403029150e-01,1.138322273597693057e-02,-4.992431425700271652e-01,-7.876402873372932989e-01,7.750194131455606650e-01,7.661016480643653148e-01,4.809500141239417825e-01,7.684017958351575528e-01,-4.375083402015186307e-01,6.872236217046190365e-01,-6.618894298905043938e-02,7.868104912983808763e-01,8.966155942307292570e-02,5.834853157525671241e-01,8.271665387409685710e-01,-6.378073165857017779e-02,-4.561953828563920788e-02,4.053841290173966216e-01,5.156927646669215992e-01,4.461794730817871257e-01,6.318016989058111710e-01,4.404450794180541084e-01,6.857587672066921547e-01,5.989862651872515098e-01,-4.063661591906339021e-01,6.760999855246933032e-01,6.915096734103515219e-01,9.591854895676572845e-02,6.373468717110523096e-01,1.000000000000000000e+00,-5.209557525841292946e-01,6.275385166146468796e-01,3.741172244265700969e-02,3.370370817081134174e-01,6.542190545342287944e-01
-1.830494877322102476e-01,-4.155814692173426805e-01,-4.068017945506198774e-01,-5.440295438369905368e-01,-4.589604477488183343e-01,8.170048581677434585e-02,2.287669025081915664e-01,4.573992860423270468e-01,-2.658774692088096137e-01,-5.192904215048915750e-01,-4.760281496686581404e-01,-6.258754531777059871e-01,1.680979402165324044e-01,-2.547361237914582133e-01,1.260092825588592369e-01,-6.305912351788929282e-01,6.511292057041273562e-02,-4.346074034373013650e-01,-4.999321515978950026e-01,-2.641248460207620274e-01,2.668255458285069270e-01,-4.164846596809994583e-01,-1.720447603619807211e-02,-1.900691808028617258e-01,-3.187048357231833107e-01,-3.705449365007281760e-03,-4.513806971458321771e-01,-2.682691261808886063e-01,8.158786847998463765e-01,-3.525761752612247002e-01,-2.576019417422706903e-01,-1.907792689682840867e-02,-4.294910333290587467e-01,-5.209557525841292946e-01,1.000000000000000000e+00,-3.336598145297222651e-01,-4.537653763944744095e-02,-5.788398881270306190e-02,-4.446920214054514431e-01
6.844110438461681323e-01,7.120191780702754825e-01,6.281603770345716153e-01,2.349381224247540922e-01,5.023582371275492342e-01,-1.324446327060956607e-01,-5.793757342672612998e-01,-6.717018912615569937e-01,7.435090620766955372e-01,6.353347390071567569e-01,1.528925005031404882e-01,5.086333546516296211e-01,-1.279014223595740518e-01,5.494439336097679538e-01,-2.714141499807002367e-01,5.536040031270770267e-01,-2.997494400156775485e-01,1.655133836196049646e-01,5.219209559602226989e-01,-3.653074441810192918e-01,7.504197799806075486e-02,-7.977422067936426608e-02,3.063204559319573916e-01,1.558468865269395896e-02,4.316524287322196507e-01,2.953329561201260556e-01,5.183482968583046357e-01,2.928682178896364063e-01,-3.695972587648865826e-01,5.234534628908410481e-01,3.191874895084271246e-01,1.801659634989814518e-01,1.429320064041010585e-01,6.275385166146468796e-01,-3.336598145297222651e-01,1.000000000000000000e+00,6.477473628435675979e-02,2.983736165501133519e-01,5.548779875750911028e-01
3.795333440729195540e-02,1.669176069021185704e-01,8.554947967036320711e-02,2.114237219103113630e-01,7.793115195701344478e-02,1.436177383904097826e-01,-2.745870342810934894e-01,2.759469101254889353e-02,1.584059611215956898e-01,6.805350089297761140e-02,4.829876257406031104e-01,3.900004270994881228e-01,2.060300807189882344e-01,3.213232664558700047e-01,-3.122578805889393294e-01,1.061162985885578114e-01,8.313785980955108734e-02,-2.426164439313647711e-02,-3.829161279104981858e-02,1.411102485683328189e-01,4.639916536360032540e-01,1.078549948638447692e-01,3.446207888272483921e-01,3.541794162689200776e-01,2.742432934489127394e-01,-4.865139365960568368e-02,5.010189916971489188e-01,1.128298850260432279e-01,-1.615181321689796168e-01,1.619156358913461657e-01,1.217610965889105307e-01,8.546344846012842167e-01,1.439753133338623863e-02,3.741172244265700969e-02,-4.537653763944744095e-02,6.477473628435675979e-02,1.000000000000000000e+00,-5.624105316546837430e-02,4.055552954654110254e-01
5.208741603042320589e-01,3.481242570003006409e-01,3.369991809969011820e-01,-6.489775356074771462e-02,4.322069633396343202e-01,-2.786738006291005210e-01,-3.683345535762676259e-02,-2.846896688715818136e-01,4.207061404461394649e-01,1.294724047970305381e-01,2.889477837155867146e-01,6.909780180322265541e-02,1.372576433020604170e-01,3.598164601511352201e-01,5.025990027792488490e-01,1.771456503674800897e-01,7.487501334101992478e-02,4.283974256459324725e-01,2.225289281601435798e-01,-3.839212906683404924e-02,1.640495053128284419e-01,1.113871691738134162e-01,1.171198823143203838e-01,2.057364972099272882e-01,4.021565784828911028e-01,6.064114924766269565e-01,9.342001417020988352e-02,5.057635383017763386e-01,1.365437281232717293e-01,3.388384488353067270e-01,1.519324416695288504e-01,-1.841521414532115361e-02,3.457315646975891443e-01,3.370370817081134174e-01,-5.788398881270306190e-02,2.983736165501133519e-01,-5.624105316546837430e-02,1.000000000000000000e+00,3.446122353580111652e-01
5.218626839962698938e-01,7.299209495178873297e-01,5.865041249260847245e-01,4.435709830197458459e-01,5.670253225070983616e-01,3.332027728960098439e-02,-6.439051723122216631e-01,-5.887507406776544272e-01,7.659606775674149270e-01,6.316265083396630509e-01,4.838575439584897331e-01,7.879460465489001031e-01,-6.287597063616040538e-02,6.588153286076992021e-01,-2.390236500388960572e-01,5.969788790108034870e-01,1.145826355128880085e-02,5.015851477823546345e-01,4.662091100338405791e-01,-3.464840842596755843e-02,1.519349444387697035e-01,3.222287916813996178e-01,5.257936031664479648e-01,3.816901686427283669e-01,5.640122290541880190e-01,2.854530592769840558e-01,7.641905792843830536e-01,3.687734561298968705e-01,-4.189840843593914399e-01,5.753374363531698066e-01,4.460201970934253302e-01,4.969973265344587166e-01,3.367989122370977917e-01,6.542190545342287944e-01,-4.446920214054514431e-01,5.548779875750911028e-01,4.055552954654110254e-01,3.446122353580111652e-01,1.000000000000000000e+00
