1.000000000000000000e+00,1.376104595526770613e-01,5.192488522218866587e-01,-5.185428872133437395e-01,5.622036407032700023e-01,-3.704208721930791759e-01,4.194410189287674506e-01,-5.207555312392334601e-01,6.204857113039873306e-01,4.198116164048968924e-01,-2.940971575571505459e-01,5.620442433404716498e-01,-1.317045848643581263e-01,5.007939557555064480e-01,-1.526574737871860266e-01,6.216744464804345727e-01,-4.554330094704768239e-01,6.254083129324771173e-01,6.170627928520776573e-01,4.707080336578716162e-01,3.336495316695510249e-01,2.342388389718675912e-01,1.889141239911185655e-01,5.562868378971584926e-01,3.045703753507772449e-01,7.290333443011129955e-01,7.092124451569536969e-01,6.161135546435451138e-01,6.174261241134628708e-01,3.080418568221080511e-01,6.121993556150407967e-01,6.562815809452030580e-01,2.142273810020123570e-01,2.759614871172528239e-01,5.151690690164322239e-01,3.349960654841194208e-01,2.371782352050342824e-01,6.627644928979199435e-01,3.736688048083116609e-01
1.376104595526770613e-01,1.000000000000000000e+00,-2.621102999804764133e-01,2.520855353929492559e-01,-4.279154261080350685e-02,3.789841336479741196e-01,-4.697060155146583482e-01,2.919755892511445849e-01,2.580982492792022742e-01,4.045567255304652332e-01,3.597719505386308136e-01,-2.729102415706716189e-01,-2.977160574741338772e-01,-1.235738535112983483e-01,-4.884228941758669840e-01,1.722542645145803408e-01,2.901159434524910319e-01,-1.981238835489168848e-01,-3.397452462858402411e-01,-2.614933695412030579e-01,-1.428127813405271618e-01,-1.760217387765641017e-01,1.414932147327666312e-01,-2.150170276605880559e-01,3.136987410614852645e-02,-2.248464337944430513e-01,-2.740353365628940899e-02,-4.078359034131454619e-01,-7.847511591977814061e-02,3.056668182348530327e-01,-4.920651374967630054e-02,3.494860450440858898e-03,1.132223587101529629e-02,-4.453550288880790964e-01,6.930609635787636502e-02,6.138075848425353920e-01,2.033627976811055726e-01,-1.221597422810118960e-01,2.708931214075764315e-01
5.192488522218866587e-01,-2.621102999804764133e-01,1.000000000000000000e+00,-4.991243361086578623e-01,7.383617031391913610e-01,-4.377858224676928756e-01,5.432818316116753143e-01,-8.711513373252534054e-01,3.877750273079398347e-01,2.793745165127333174e-01,-2.417509540471829699e-01,5.450685784614451856e-01,2.229104659485981466e-01,7.367117263908254943e-01,-8.983013089627582548e-02,5.586867218246795996e-01,-4.924887608911843739e-01,5.759859914719492879e-01,5.693274426534634669e-01,6.130946063579031380e-01,5.508154132141226400e-01,5.993897852476870458e-01,2.361181090561441653e-01,6.586317038767562915e-01,4.335216597280947548e-01,6.230674310541468586e-01,5.023502874740382040e-01,6.845263326054400466e-01,5.463918878076673424e-01,2.299601918851744420e-01,6.206274448839796953e-01,5.070584028989553182e-01,5.883283604016853463e-01,6.084059955134792919e-01,4.881574769692682003e-01,1.378853419193965257e-01,1.762688697693276241e-01,6.485058056986743313e-01,3.794593206669421570e-01
-5.185428872133437395e-01,2.520855353929492559e-01,-4.991243361086578623e-01,1.000000000000000000e+00,-3.238205829118331880e-01,4.343982963518606133e-01,-5.243904411298401236e-01,5.202012765491599300e-01,-1.111701081851478173e-01,4.883047198308373971e-02,3.285603521699997920e-01,-4.253520340971992386e-01,-2.015009679466438497e-01,-4.025829111040395425e-01,-2.585786221200351842e-01,-2.391828695896508206e-01,4.421749909729916772e-01,-4.199353873460965891e-01,-4.684084734610927669e-01,-4.284605987943876926e-01,-4.208084706964952404e-01,-2.581463755273792904e-01,-2.737994804025247197e-01,-5.813013144831502554e-01,-4.158369377526704436e-01,-6.671053827133286429e-01,-5.581804341991244423e-01,-7.200952973118406319e-01,-6.713262921699125751e-01,1.702496485575744900e-01,-6.261730242000012048e-01,-5.001224394261292172e-01,-2.319779951777052873e-01,-3.599211275545840527e-01,-5.403964458799055404e-01,-5.167145399178545151e-02,-2.745642206161811316e-01,-4.139025943635827320e-01,4.763217169599216066e-02
5.622036407032700023e-01,-4.279154261080350685e-02,7.383617031391913610e-01,-3.238205829118331880e-01,1.000000000000000000e+00,-3.791374522188489249e-01,4.155246307486575863e-01,-7.092881971510568428e-01,6.418481608951547290e-01,5.563071052069206157e-01,-2.616626856046564420e-01,5.394670566933287281e-01,-1.311621606758238932e-02,7.024390462809297908e-01,-2.791306136606118704e-01,7.007220769740075683e-01,-4.614419149883871585e-01,6.464114183652797108e-01,5.645307952368294746e-01,5.507748209508676052e-01,3.936070290299288343e-01,4.547861421117969094e-01,1.343020093664111514e-01,5.549124313056590374e-01,2.762893908213241434e-01,5.955721437416238162e-01,5.538574242307083839e-01,5.401635054045784701e-01,4.232700704244917178e-01,5.167298879859043570e-01,5.272349660944818384e-01,5.423196042998981170e-01,4.809457758261246885e-01,5.952119121457191131e-01,4.048682069169062814e-01,1.715418424504138450e-01,1.136367608030304788e-01,7.257872197685696358e-01,6.009531520394475468e-01
-3.704208721930791759e-01,3.789841336479741196e-01,-4.377858224676928756e-01,4.343982963518606133e-01,-3.791374522188489249e-01,1.000000000000000000e+00,-6.700788444793865928e-01,4.638934355499378381e-01,-3.169046544455414449e-01,-1.335594311203854301e-01,6.412173089581949537e-01,-6.661929808595580260e-01,-3.656931693671318373e-02,-4.371895120087669895e-01,-3.675405675916263437e-01,-3.083605253433037152e-01,7.714803962048177866e-01,-5.877587349549746598e-01,-6.334282202355877578e-01,-4.668948752315091322e-01,-3.401187959038102226e-01,3.426506857239121351e-02,2.422511222372265016e-01,-4.933069708082131744e-01,-6.452956578800210508e-02,-5.534915262842220463e-01,-3.946958577110918354e-01,-6.173884400945166551e-01,-3.550550666717713355e-01,-3.015161311291164603e-02,-3.884952843755792307e-01,-2.282064009228673696e-01,-7.529936123632484379e-02,-4.525579466377331883e-01,-2.403074022197942139e-01,2.215751584529042639e-01,1.288134701144255101e-01,-6.064175701278696762e-01,-2.297757044400977611e-01
4.194410189287674506e-01,-4.697060155146583482e-01,5.432818316116753143e-01,-5.243904411298401236e-01,4.155246307486575863e-01,-6.700788444793865928e-01,1.000000000000000000e+00,-5.765260444393559558e-01,2.078639504544766703e-01,1.122789796936929547e-02,-4.899728443415914403e-01,6.337154652384211495e-01,2.550803270895173891e-01,4.540203525397207285e-01,2.474080243113573052e-01,3.164693641429675020e-01,-6.310857664555991065e-01,5.880923244142699513e-01,7.240112738483428512e-01,5.639898912194483138e-01,3.386430655996497951e-01,2.361540014009710364e-01,1.286419777880395748e-03,6.114553668966813404e-01,2.358441487197605047e-01,6.783827835866116374e-01,5.653264377801141549e-01,7.474022957275745505e-01,5.013465241180909970e-01,-9.484360278022797852e-02,5.722105928268247377e-01,4.391748094734164720e-01,1.488992481165579140e-01,4.444816851235420807e-01,3.908182332935103420e-01,-1.328729074382397901e-01,1.124820079143293433e-01,5.549995046091961148e-01,8.814779965304897491e-02
-5.207555312392334601e-01,2.919755892511445849e-01,-8.711513373252534054e-01,5.202012765491599300e-01,-7.092881971510568428e-01,4.638934355499378381e-01,-5.765260444393559558e-01,1.000000000000000000e+00,-3.533282845698100250e-01,-2.268190813947127960e-01,2.579837475681470704e-01,-5.686966758858925663e-01,-2.677449936423576538e-01,-7.299585891255625514e-01,6.158913339415057753e-02,-5.358127159506559378e-01,5.139852846913542939e-01,-5.530644820805963313e-01,-5.691603043348925084e-01,-5.749987789354833456e-01,-5.153793695595126900e-01,-5.718124656263626759e-01,-2.523785185578489854e-01,-6.862873239988919183e-01,-4.677120570628436336e-01,-6.337775376831196184e-01,-5.159280648208958153e-01,-7.027617194359498942e-01,-5.662170009472796695e-01,-1.688770706547593481e-01,-6.490648928217733760e-01,-5.174098614982584055e-01,-5.523444260055728749e-01,-5.904676526488108479e-01,-4.973075368281886788e-01,-1.321962614087374144e-01,-1.830749852970554870e-01,-6.337794141878906329e-01,-3.293345844677754153e-01
6.204857113039873306e-01,2.580982492792022742e-01,3.877750273079398347e-01,-1.111701081851478173e-01,6.418481608951547290e-01,-3.169046544455414449e-01,2.078639504544766703e-01,-3.533282845698100250e-01,1.000000000000000000e+00,7.202060237750127492e-01,-3.569539252102687521e-01,4.831689986445027452e-01,-3.556155024678507304e-01,4.237770457215983555e-01,-2.999275972936200629e-01,6.726311487809027989e-01,-4.165412608311255260e-01,5.997496047583347201e-01,5.083247794532309571e-01,4.202787962555206702e-01,1.251749112524588869e-01,8.172687932221221752e-02,-6.833991207539465151e-02,3.081565406893308490e-01,5.363925090286331653e-03,4.464550288897295438e-01,4.606030279487920431e-01,2.814281750880508470e-01,1.695569671997485817e-01,6.960146754150369208e-01,2.718695941946800421e-01,3.790983481000581024e-01,1.268111544725664119e-01,3.552675680035046191e-01,1.537719945963595125e-01,1.984407458805328428e-01,-3.465570817499749601e-02,6.751039045676140438e-01,6.794467578168214006e-01
4.198116164048968924e-01,4.045567255304652332e-01,2.793745165127333174e-01,4.883047198308373971e-02,5.563071052069206157e-01,-1.335594311203854301e-01,1.122789796936929547e-02,-2.268190813947127960e-01,7.202060237750127492e-01,1.000000000000000000e+00,-7.746225473690313001e-02,2.664072336469211488e-01,-3.130881185014357526e-01,3.711441830341583037e-01,-4.656843993891453537e-01,6.959029893561834434e-01,-2.453064166734648388e-01,4.205580150749069213e-01,2.860585160546797456e-01,2.848578734941656365e-01,-2.857871965157512961e-02,5.903325494598108542e-02,-6.789334360703090654e-02,1.415131473131002182e-01,1.434362337458626457e-02,2.517799992482473437e-01,3.166907113889912972e-01,6.164030330038702127e-02,6.272369122008994435e-02,7.750164780824545518e-01,1.775605223314513925e-01,3.146192216706921174e-01,1.340061146829243099e-01,1.903139919811591418e-01,7.651635815231923321e-02,3.055414289148198903e-01,1.132059533477195075e-02,5.475017693598218660e-01,7.824549911842376693e-01
-2.940971575571505459e-01,3.597719505386308136e-01,-2.417509540471829699e-01,3.285603521699997920e-01,-2.616626856046564420e-01,6.412173089581949537e-01,-4.899728443415914403e-01,2.579837475681470704e-01,-3.569539252102687521e-01,-7.746225473690313001e-02,1.000000000000000000e+00,-5.551142431540363464e-01,1.931538722742242864e-01,-2.044064795675147317e-01,-3.597769394381418739e-01,-1.601464475148501321e-01,7.003365514424938487e-01,-5.673836676820391833e-01,-6.205385431486637460e-01,-3.788218831462337177e-01,-5.804491466235340430e-02,1.680392161875554624e-01,3.229942735643467344e-01,-3.164947625275243981e-01,2.271557353590428485e-01,-4.413337861385490668e-01,-2.949957786265436921e-01,-4.608727508034818898e-01,-1.233667622153126475e-01,-6.500617545773293426e-02,-1.414776392894697143e-01,-1.105163859935690274e-01,2.300043461070107875e-01,-4.185961069239374499e-01,-5.451647279092070725e-02,3.809545607365386055e-01,2.402022826750186135e-01,-4.437678268973326845e-01,-5.243477995106030076e-02
5.620442433404716498e-01,-2.729102415706716189e-01,5.450685784614451856e-01,-4.253520340971992386e-01,5.394670566933287281e-01,-6.661929808595580260e-01,6.337154652384211495e-01,-5.686966758858925663e-01,4.831689986445027452e-01,2.664072336469211488e-01,-5.551142431540363464e-01,1.000000000000000000e+00,-1.256618127064632398e-02,5.497575535963886706e-01,1.130384861229313809e-01,5.459880380231347807e-01,-7.014613651974875852e-01,7.260488336483703620e-01,7.589020349979517244e-01,5.582056230579971468e-01,3.476463535383987336e-01,1.439809224108379304e-01,8.649144331106573685e-03,6.660653137603796958e-01,2.379088778956328643e-01,6.830890363721028313e-01,6.150391266200982976e-01,6.733841386031845788e-01,4.530294243960486522e-01,1.775914537761656975e-01,5.085902282685229592e-01,4.330243863574324004e-01,2.066836274207150548e-01,3.936439872464312373e-01,3.473346281116759249e-01,-8.774855825625474393e-02,-3.629925588434152091e-03,7.253696949329795363e-01,3.544294337589392607e-01
-1.317045848643581263e-01,-2.977160574741338772e-01,2.229104659485981466e-01,-2.015009679466438497e-01,-1.311621606758238932e-02,-3.656931693671318373e-02,2.550803270895173891e-01,-2.677449936423576538e-01,-3.556155024678507304e-01,-3.130881185014357526e-01,1.931538722742242864e-01,-1.256618127064632398e-02,1.000000000000000000e+00,8.784381033998406307e-02,5.774456408906330357e-02,-1.347691545524278556e-01,5.230870862580037917e-02,-1.736192000709941008e-01,-3.440880359836626795e-02,3.674283039800210759e-02,1.105394643487453837e-01,4.029101018673137413e-01,1.755331295309087991e-01,1.175099867412948973e-01,3.357494399399463814e-01,2.824686000652197257e-02,-2.219468639574143087e-02,1.948967161854044117e-01,9.258954866179273935e-02,-3.841209253444872185e-01,2.882613797283413715e-01,5.353265943613447903e-02,2.404585519374737856e-01,1.153653371254578230e-01,1.094451278748151540e-01,1.178297428657846257e-01,1.176709489639650719e-01,-1.511954220415873129e-01,-2.272062517549394145e-01
5.007939557555064480e-01,-1.235738535112983483e-01,7.367117263908254943e-01,-4.025829111040395425e-01,7.024390462809297908e-01,-4.371895120087669895e-01,4.540203525397207285e-01,-7.299585891255625514e-01,4.237770457215983555e-01,3.711441830341583037e-01,-2.044064795675147317e-01,5.497575535963886706e-01,8.784381033998406307e-02,1.000000000000000000e+00,-9.288782836350024941e-02,5.954198508247140476e-01,-5.082063731005461715e-01,5.876880000262780790e-01,5.261920465481642051e-01,5.079122921497906118e-01,4.403646577413300456e-01,3.647847359321894634e-01,2.239122034912129633e-01,6.845119761909750355e-01,4.048394816848974176e-01,5.710936598441714862e-01,4.741302756627177595e-01,5.927142112950600783e-01,5.596360501401367316e-01,3.044924129610043217e-01,5.669121043560072515e-01,4.895933968414728499e-01,5.722237811776007543e-01,4.631922552945562099e-01,5.105760664568189666e-01,1.223122488948906461e-01,1.718681641446013764e-01,6.688599710169284007e-01,4.808055575350994038e-01
-1.526574737871860266e-01,-4.884228941758669840e-01,-8.983013089627582548e-02,-2.585786221200351842e-01,-2.791306136606118704e-01,-3.675405675916263437e-01,2.474080243113573052e-01,6.158913339415057753e-02,-2.999275972936200629e-01,-4.656843993891453537e-01,-3.597769394381418739e-01,1.130384861229313809e-01,5.774456408906330357e-02,-9.288782836350024941e-02,1.000000000000000000e+00,-3.624735249652714097e-01,-2.270306523378487484e-01,-5.149543994430160615e-02,9.954689701469893182e-02,1.199153951834006915e-01,9.243776572415604575e-02,-1.691754170558789350e-01,-1.765438116458252771e-01,1.313013811233719741e-01,-1.041325931670834953e-01,5.127341026544702390e-02,-1.311014260870944359e-01,1.929885418994338464e-01,6.371611485670963804e-02,-4.445772572436427206e-01,-1.255761038751198599e-01,-2.079287553476709960e-01,-2.003712329451617646e-01,1.018256319278797173e-01,-4.213680866123220049e-03,-4.415227756068014764e-01,-1.220627445523202320e-01,-1.003210816771696878e-01,-4.310682315532433084e-01
6.216744464804345727e-01,1.722542645145803408e-01,5.586867218246795996e-01,-2.391828695896508206e-01,7.007220769740075683e-01,-3.083605253433037152e-01,3.164693641429675020e-01,-5.358127159506559378e-01,6.726311487809027989e-01,6.959029893561834434e-01,-1.601464475148501321e-01,5.459880380231347807e-01,-1.347691545524278556e-01,5.954198508247140476e-01,-3.624735249652714097e-01,1.000000000000000000e+00,-4.171862170790968660e-01,6.205376471138831507e-01,5.145106554783744901e-01,4.775653668310634870e-01,2.976090900140911932e-01,3.045493146610177004e-01,2.303065263813534880e-01,5.472205583620373126e-01,3.389871469912600355e-01,5.787684017192484820e-01,6.040093639003111248e-01,4.450674988935741094e-01,4.032913526524813386e-01,5.703427653175453527e-01,5.054022193500999904e-01,5.206360233606777133e-01,3.830914566222184958e-01,2.828552988990418182e-01,3.712922698697775914e-01,3.384579949565548751e-01,1.565943201395135487e-01,7.358484305871888509e-01,6.633483181778742077e-01
-4.554330094704768239e-01,2.901159434524910319e-01,-4.924887608911843739e-01,4.421749909729916772e-01,-4.614419149883871585e-01,7.714803962048177866e-01,-6.310857664555991065e-01,5.139852846913542939e-01,-4.165412608311255260e-01,-2.453064166734648388e-01,7.003365514424938487e-01,-7.014613651974875852e-01,5.230870862580037917e-02,-5.082063731005461715e-01,-2.270306523378487484e-01,-4.171862170790968660e-01,1.000000000000000000e+00,-6.654673361807498244e-01,-7.013241266666977447e-01,-5.253374503843176724e-01,-2.827375444741185850e-01,6.553605930722067666e-03,2.343299127717066443e-01,-5.587807648105316272e-01,-7.533419745707328752e-02,-6.257210186200877766e-01,-5.066322171259888263e-01,-6.346441347016731349e-01,-4.128911033985120382e-01,-1.269744464786838056e-01,-4.347839009510737762e-01,-3.551359466108192642e-01,-6.293747051823363192e-02,-3.965616099324755783e-01,-3.161014518690468122e-01,1.308214547508230741e-01,4.083275570784720976e-02,-6.365778441223074458e-01,-2.523751181234017982e-01
6.254083129324771173e-01,-1.981238835489168848e-01,5.759859914719492879e-01,-4.199353873460965891e-01,6.464114183652797108e-01,-5.877587349549746598e-01,5.880923244142699513e-01,-5.530644820805963313e-01,5.997496047583347201e-01,4.205580150749069213e-01,-5.673836676820391833e-01,7.260488336483703620e-01,-1.736192000709941008e-01,5.876880000262780790e-01,-5.149543994430160615e-02,6.205376471138831507e-01,-6.654673361807498244e-01,1.000000000000000000e+00,8.118905376541882823e-01,5.986119034457577648e-01,3.611388251802783445e-01,1.570273849802507615e-01,-4.168338172381535339e-02,5.689019288542843666e-01,7.678561045769230486e-02,7.378576287279434709e-01,6.495543401590576638e-01,6.826089583441599107e-01,4.697687038166876716e-01,3.495251840832798718e-01,4.811053875400281843e-01,5.041320222030485354e-01,2.156400604242338370e-01,4.825678401191915712e-01,3.781056329322456389e-01,-8.093511473016412605e-02,3.991464466743770839e-02,7.900596597107323316e-01,4.431819026430490749e-01
6.170627928520776573e-01,-3.397452462858402411e-01,5.693274426534634669e-01,-4.684084734610927669e-01,5.645307952368294746e-01,-6.334282202355877578e-01,7.240112738483428512e-01,-5.691603043348925084e-01,5.083247794532309571e-01,2.860585160546797456e-01,-6.205385431486637460e-01,7.589020349979517244e-01,-3.440880359836626795e-02,5.261920465481642051e-01,9.954689701469893182e-02,5.145106554783744901e-01,-7.013241266666977447e-01,8.118905376541882823e-01,1.000000000000000000e+00,6.580149867274925901e-01,2.951202190852469376e-01,1.869879220103455308e-01,-8.471449225543131734e-02,5.978542232640117193e-01,8.937642095042361290e-02,7.565684786940708451e-01,6.505088777495066088e-01,7.415621816280482115e-01,4.737051179549551239e-01,2.100892794174391565e-01,5.009770201457670602e-01,5.302951778279255679e-01,9.888602589291548006e-02,4.779932565419513502e-01,3.529384079064675217e-01,-1.197894552594206269e-01,3.656773288645923103e-02,7.331875216374894588e-01,3.016465165518031899e-01
4.707080336578716162e-01,-2.614933695412030579e-01,6.130946063579031380e-01,-4.284605987943876926e-01,5.507748209508676052e-01,-4.668948752315091322e-01,5.639898912194483138e-01,-5.749987789354833456e-01,4.202787962555206702e-01,2.848578734941656365e-01,-3.788218831462337177e-01,5.582056230579971468e-01,3.674283039800210759e-02,5.079122921497906118e-01,1.199153951834006915e-01,4.775653668310634870e-01,-5.253374503843176724e-01,5.986119034457577648e-01,6.580149867274925901e-01,1.000000000000000000e+00,4.070601001396167429e-01,3.930418204457061249e-01,3.751608840382603116e-02,5.229480968091478887e-01,2.283919795645017736e-01,5.826382498574149693e-01,4.781958917800269715e-01,6.090583361336704415e-01,4.023905925085887181e-01,2.138068202500087722e-01,4.263340250294354039e-01,4.255853148378164197e-01,3.044809965858102929e-01,4.584115625507361180e-01,3.623074297269179844e-01,3.216966590065965109e-02,1.368331041790998015e-01,6.058864477536152204e-01,2.988347228179436543e-01
3.336495316695510249e-01,-1.428127813405271618e-01,5.508154132141226400e-01,-4.208084706964952404e-01,3.936070290299288343e-01,-3.401187959038102226e-01,3.386430655996497951e-01,-5.153793695595126900e-01,1.251749112524588869e-01,-2.857871965157512961e-02,-5.804491466235340430e-02,3.476463535383987336e-01,1.105394643487453837e-01,4.403646577413300456e-01,9.243776572415604575e-02,2.976090900140911932e-01,-2.827375444741185850e-01,3.611388251802783445e-01,2.951202190852469376e-01,4.070601001396167429e-01,1.000000000000000000e+00,4.217293755100588459e-01,2.633030390745049742e-01,4.948224471391078905e-01,4.339464197830166792e-01,4.369574691159205937e-01,3.344124359955855108e-01,5.113428095415043506e-01,5.136860259818442076e-01,-1.071814377896123105e-01,4.071182005235405854e-01,2.655424402747402768e-01,6.128145438220407026e-01,2.457565620430078590e-01,4.973390514666347073e-01,1.143374486154162539e-01,2.150750401326795846e-01,3.615918987476841040e-01,8.470252011844715823e-02
2.342388389718675912e-01,-1.760217387765641017e-01,5.993897852476870458e-01,-2.581463755273792904e-01,4.547861421117969094e-01,3.426506857239121351e-02,2.361540014009710364e-01,-5.718124656263626759e-01,8.172687932221221752e-02,5.903325494598108542e-02,1.680392161875554624e-01,1.439809224108379304e-01,4.029101018673137413e-01,3.647847359321894634e-01,-1.691754170558789350e-01,3.045493146610177004e-01,6.553605930722067666e-03,1.570273849802507615e-01,1.869879220103455308e-01,3.930418204457061249e-01,4.217293755100588459e-01,1.000000000000000000e+00,3.867132977966913909e-01,3.702236627185409579e-01,4.249495361944216065e-01,3.062706390769980302e-01,2.498885563332706450e-01,3.703171869555478279e-01,2.806612650788705143e-01,7.687721464029768914e-02,4.130732553770909976e-01,3.261495614917062080e-01,5.997799904414904404e-01,3.790163870275010116e-01,3.304358580980467086e-01,2.598842143759824697e-01,2.690550951999108875e-01,2.265486421150025853e-01,1.263293825311165020e-01
1.889141239911185655e-01,1.414932147327666312e-01,2.361181090561441653e-01,-2.737994804025247197e-01,1.343020093664111514e-01,2.422511222372265016e-01,1.286419777880395748e-03,-2.523785185578489854e-01,-6.833991207539465151e-02,-6.789334360703090654e-02,3.229942735643467344e-01,8.649144331106573685e-03,1.755331295309087991e-01,2.239122034912129633e-01,-1.765438116458252771e-01,2.303065263813534880e-01,2.343299127717066443e-01,-4.168338172381535339e-02,-8.471449225543131734e-02,3.751608840382603116e-02,2.633030390745049742e-01,3.867132977966913909e-01,1.000000000000000000e+00,3.888087368577826108e-01,6.842914058684185230e-01,1.521555145514302265e-01,2.049688487208609911e-01,1.669715515952955864e-01,3.496777612999867335e-01,-1.146327043638864229e-01,3.461719678628513153e-01,2.440955401001104752e-01,4.139113664891922451e-01,-2.610738896335695891e-02,3.631654079499421206e-01,3.402558252335733946e-01,3.619905166461770407e-01,4.240551901997595408e-02,-3.602327565615334043e-02
5.562868378971584926e-01,-2.150170276605880559e-01,6.586317038767562915e-01,-5.813013144831502554e-01,5.549124313056590374e-01,-4.933069708082131744e-01,6.114553668966813404e-01,-6.862873239988919183e-01,3.081565406893308490e-01,1.415131473131002182e-01,-3.164947625275243981e-01,6.660653137603796958e-01,1.175099867412948973e-01,6.845119761909750355e-01,1.313013811233719741e-01,5.472205583620373126e-01,-5.587807648105316272e-01,5.689019288542843666e-01,5.978542232640117193e-01,5.229480968091478887e-01,4.948224471391078905e-01,3.702236627185409579e-01,3.888087368577826108e-01,1.000000000000000000e+00,5.547697077507670604e-01,7.119808016736004497e-01,6.227201194518732219e-01,7.364904961375835502e-01,6.808446280734461453e-01,2.494415383158247318e-02,6.642159056170851006e-01,5.101740351119207206e-01,4.630926362384630846e-01,3.301444432486590475e-01,6.370457651597927207e-01,1.166249373047178878e-01,2.850285112918902186e-01,6.233064472490073005e-01,2.134625946110285666e-01
3.045703753507772449e-01,3.136987410614852645e-02,4.335216597280947548e-01,-4.158369377526704436e-01,2.762893908213241434e-01,-6.452956578800210508e-02,2.358441487197605047e-01,-4.677120570628436336e-01,5.363925090286331653e-03,1.434362337458626457e-02,2.271557353590428485e-01,2.379088778956328643e-01,3.357494399399463814e-01,4.048394816848974176e-01,-1.041325931670834953e-01,3.389871469912600355e-01,-7.533419745707328752e-02,7.678561045769230486e-02,8.937642095042361290e-02,2.283919795645017736e-01,4.339464197830166792e-01,4.249495361944216065e-01,6.842914058684185230e-01,5.547697077507670604e-01,1.000000000000000000e+00,3.434429920845334383e-01,3.650386090132976546e-01,3.812101503098374589e-01,5.201951495494437916e-01,-1.496019205361879267e-01,5.641007124920824900e-01,4.087179498801837840e-01,5.256410040764558644e-01,2.646428702940607780e-02,4.818971092848500226e-01,3.579255513247533438e-01,4.086760750610126669e-01,2.273213408441612515e-01,8.206265948657555376e-02
7.290333443011129955e-01,-2.248464337944430513e-01,6.230674310541468586e-01,-6.671053827133286429e-01,5.955721437416238162e-01,-5.534915262842220463e-01,6.783827835866116374e-01,-6.337775376831196184e-01,4.464550288897295438e-01,2.517799992482473437e-01,-4.413337861385490668e-01,6.830890363721028313e-01,2.824686000652197257e-02,5.710936598441714862e-01,5.127341026544702390e-02,5.787684017192484820e-01,-6.257210186200877766e-01,7.378576287279434709e-01,7.565684786940708451e-01,5.826382498574149693e-01,4.369574691159205937e-01,3.062706390769980302e-01,1.521555145514302265e-01,7.119808016736004497e-01,3.434429920845334383e-01,1.000000000000000000e+00,8.172812563070778191e-01,8.299080087543472262e-01,7.231985534461349285e-01,1.146782737523504847e-01,7.208263466046166412e-01,6.974519942429461272e-01,2.655331183378639159e-01,4.128153764005124682e-01,5.891133971568167649e-01,8.756622827051227520e-02,2.707603909658692909e-01,7.062005591029743012e-01,2.365786881734570635e-01
7.092124451569536969e-01,-2.740353365628940899e-02,5.023502874740382040e-01,-5.581804341991244423e-01,5.538574242307083839e-01,-3.946958577110918354e-01,5.653264377801141549e-01,-5.159280648208958153e-01,4.606030279487920431e-01,3.166907113889912972e-01,-2.949957786265436921e-01,6.150391266200982976e-01,-2.219468639574143087e-02,4.741302756627177595e-01,-1.311014260870944359e-01,6.040093639003111248e-01,-5.066322171259888263e-01,6.495543401590576638e-01,6.505088777495066088e-01,4.781958917800269715e-01,3.344124359955855108e-01,2.498885563332706450e-01,2.049688487208609911e-01,6.227201194518732219e-01,3.650386090132976546e-01,8.172812563070778191e-01,1.000000000000000000e+00,6.946326266738843680e-01,6.846519065091088985e-01,1.619189184292136596e-01,7.323638050512581987e-01,7.455358852298250572e-01,2.316029440864944000e-01,2.616877247396895978e-01,5.687368318888579299e-01,2.210753811788433443e-01,3.359126448961823330e-01,6.316584241644146447e-01,2.750754894066793632e-01
6.161135546435451138e-01,-4.078359034131454619e-01,6.845263326054400466e-01,-7.200952973118406319e-01,5.401635054045784701e-01,-6.173884400945166551e-01,7.474022957275745505e-01,-7.027617194359498942e-01,2.814281750880508470e-01,6.164030330038702127e-02,-4.608727508034818898e-01,6.733841386031845788e-01,1.948967161854044117e-01,5.927142112950600783e-01,1.929885418994338464e-01,4.450674988935741094e-01,-6.346441347016731349e-01,6.826089583441599107e-01,7.415621816280482115e-01,6.090583361336704415e-01,5.113428095415043506e-01,3.703171869555478279e-01,1.669715515952955864e-01,7.364904961375835502e-01,3.812101503098374589e-01,8.299080087543472262e-01,6.946326266738843680e-01,1.000000000000000000e+00,7.120441921500568760e-01,-4.328935895445577137e-02,7.160361218132840211e-01,6.100260153885700420e-01,3.220706497216453967e-01,4.847331671489662486e-01,5.633290444229483995e-01,-1.372613239266781693e-02,2.017364667320167282e-01,6.502094869418786338e-01,1.136506593069118026e-01
6.174261241134628708e-01,-7.847511591977814061e-02,5.463918878076673424e-01,-6.713262921699125751e-01,4.232700704244917178e-01,-3.550550666717713355e-01,5.013465241180909970e-01,-5.662170009472796695e-01,1.695569671997485817e-01,6.272369122008994435e-02,-1.233667622153126475e-01,4.530294243960486522e-01,9.258954866179273935e-02,5.596360501401367316e-01,6.371611485670963804e-02,4.032913526524813386e-01,-4.128911033985120382e-01,4.697687038166876716e-01,4.737051179549551239e-01,4.023905925085887181e-01,5.136860259818442076e-01,2.806612650788705143e-01,3.496777612999867335e-01,6.808446280734461453e-01,5.201951495494437916e-01,7.231985534461349285e-01,6.846519065091088985e-01,7.120441921500568760e-01,1.000000000000000000e+00,-7.863705252623306996e-02,7.202248537826277941e-01,6.634387107092231117e-01,4.021001048664982758e-01,1.673292610859371254e-01,7.185747029912540329e-01,2.424469491656606746e-01,4.319212371823433760e-01,4.852985863785608811e-01,8.341303028444518874e-02
3.080418568221080511e-01,3.056668182348530327e-01,2.299601918851744420e-01,1.702496485575744900e-01,5.167298879859043570e-01,-3.015161311291164603e-02,-9.484360278022797852e-02,-1.688770706547593481e-01,6.960146754150369208e-01,7.750164780824545518e-01,-6.500617545773293426e-02,1.775914537761656975e-01,-3.841209253444872185e-01,3.044924129610043217e-01,-4.445772572436427206e-01,5.703427653175453527e-01,-1.269744464786838056e-01,3.495251840832798718e-01,2.100892794174391565e-01,2.138068202500087722e-01,-1.071814377896123105e-01,7.687721464029768914e-02,-1.146327043638864229e-01,2.494415383158247318e-02,-1.496019205361879267e-01,1.146782737523504847e-01,1.619189184292136596e-01,-4.328935895445577137e-02,-7.863705252623306996e-02,1.000000000000000000e+00,1.420718673055372007e-02,1.984171585938404314e-01,1.241196239289318326e-01,2.869335301973726104e-01,-1.193344524074338303e-01,1.451351163353151452e-01,-1.922034238374340231e-01,4.945770187553807373e-01,7.525109017309373760e-01
6.121993556150407967e-01,-4.920651374967630054e-02,6.206274448839796953e-01,-6.261730242000012048e-01,5.272349660944818384e-01,-3.884952843755792307e-01,5.722105928268247377e-01,-6.490648928217733760e-01,2.718695941946800421e-01,1.775605223314513925e-01,-1.414776392894697143e-01,5.085902282685229592e-01,2.882613797283413715e-01,5.669121043560072515e-01,-1.255761038751198599e-01,5.054022193500999904e-01,-4.347839009510737762e-01,4.811053875400281843e-01,5.009770201457670602e-01,4.263340250294354039e-01,4.071182005235405854e-01,4.130732553770909976e-01,3.461719678628513153e-01,6.642159056170851006e-01,5.641007124920824900e-01,7.208263466046166412e-01,7.323638050512581987e-01,7.160361218132840211e-01,7.202248537826277941e-01,1.420718673055372007e-02,1.000000000000000000e+00,6.881446120928197407e-01,4.131865409165824121e-01,2.929755333823358954e-01,6.429575695970871640e-01,3.428941473306404975e-01,4.033028284059704260e-01,5.354593558008227117e-01,2.120090414037597015e-01
6.562815809452030580e-01,3.494860450440858898e-03,5.070584028989553182e-01,-5.001224394261292172e-01,5.423196042998981170e-01,-2.282064009228673696e-01,4.391748094734164720e-01,-5.174098614982584055e-01,3.790983481000581024e-01,3.146192216706921174e-01,-1.105163859935690274e-01,4.330243863574324004e-01,5.353265943613447903e-02,4.895933968414728499e-01,-2.079287553476709960e-01,5.206360233606777133e-01,-3.551359466108192642e-01,5.041320222030485354e-01,5.302951778279255679e-01,4.255853148378164197e-01,2.655424402747402768e-01,3.261495614917062080e-01,2.440955401001104752e-01,5.101740351119207206e-01,4.087179498801837840e-01,6.974519942429461272e-01,7.455358852298250572e-01,6.100260153885700420e-01,6.634387107092231117e-01,1.984171585938404314e-01,6.881446120928197407e-01,1.000000000000000000e+00,2.121972222021711041e-01,2.533531938708370457e-01,4.842159484693611127e-01,3.014530406204006807e-01,3.111125519430787412e-01,5.139422449307913254e-01,2.496926682463909974e-01
2.142273810020123570e-01,1.132223587101529629e-02,5.883283604016853463e-01,-2.319779951777052873e-01,4.809457758261246885e-01,-7.529936123632484379e-02,1.488992481165579140e-01,-5.523444260055728749e-01,1.268111544725664119e-01,1.340061146829243099e-01,2.300043461070107875e-01,2.066836274207150548e-01,2.404585519374737856e-01,5.722237811776007543e-01,-2.003712329451617646e-01,3.830914566222184958e-01,-6.293747051823363192e-02,2.156400604242338370e-01,9.888602589291548006e-02,3.044809965858102929e-01,6.128145438220407026e-01,5.997799904414904404e-01,4.139113664891922451e-01,4.630926362384630846e-01,5.256410040764558644e-01,2.655331183378639159e-01,2.316029440864944000e-01,3.220706497216453967e-01,4.021001048664982758e-01,1.241196239289318326e-01,4.131865409165824121e-01,2.121972222021711041e-01,1.000000000000000000e+00,2.468143378572185409e-01,4.524667840739463043e-01,2.507432427661058782e-01,2.804973546169088339e-01,3.329160313778399827e-01,3.245031678767118510e-01
2.759614871172528239e-01,-4.453550288880790964e-01,6.084059955134792919e-01,-3.599211275545840527e-01,5.952119121457191131e-01,-4.525579466377331883e-01,4.444816851235420807e-01,-5.904676526488108479e-01,3.552675680035046191e-01,1.903139919811591418e-01,-4.185961069239374499e-01,3.936439872464312373e-01,1.153653371254578230e-01,4.631922552945562099e-01,1.018256319278797173e-01,2.828552988990418182e-01,-3.965616099324755783e-01,4.825678401191915712e-01,4.779932565419513502e-01,4.584115625507361180e-01,2.457565620430078590e-01,3.790163870275010116e-01,-2.610738896335695891e-02,3.301444432486590475e-01,2.646428702940607780e-02,4.128153764005124682e-01,2.616877247396895978e-01,4.847331671489662486e-01,1.673292610859371254e-01,2.869335301973726104e-01,2.929755333823358954e-01,2.533531938708370457e-01,2.468143378572185409e-01,1.000000000000000000e+00,1.123657241081088415e-01,-2.720927894584648787e-01,-1.257809198398746331e-01,5.186172466075211762e-01,2.964633272429131883e-01
5.151690690164322239e-01,6.930609635787636502e-02,4.881574769692682003e-01,-5.403964458799055404e-01,4.048682069169062814e-01,-2.403074022197942139e-01,3.908182332935103420e-01,-4.973075368281886788e-01,1.537719945963595125e-01,7.651635815231923321e-02,-5.451647279092070725e-02,3.473346281116759249e-01,1.094451278748151540e-01,5.105760664568189666e-01,-4.213680866123220049e-03,3.712922698697775914e-01,-3.161014518690468122e-01,3.781056329322456389e-01,3.529384079064675217e-01,3.623074297269179844e-01,4.973390514666347073e-01,3.304358580980467086e-01,3.631654079499421206e-01,6.370457651597927207e-01,4.818971092848500226e-01,5.891133971568167649e-01,5.687368318888579299e-01,5.633290444229483995e-01,7.185747029912540329e-01,-1.193344524074338303e-01,6.429575695970871640e-01,4.842159484693611127e-01,4.524667840739463043e-01,1.123657241081088415e-01,1.000000000000000000e+00,3.499149633812029259e-01,6.807364929393335817e-01,3.525146506008823843e-01,6.944782800340623674e-02
3.349960654841194208e-01,6.138075848425353920e-01,1.378853419193965257e-01,-5.167145399178545151e-02,1.715418424504138450e-01,2.215751584529042639e-01,-1.328729074382397901e-01,-1.321962614087374144e-01,1.984407458805328428e-01,3.055414289148198903e-01,3.809545607365386055e-01,-8.774855825625474393e-02,1.178297428657846257e-01,1.223122488948906461e-01,-4.415227756068014764e-01,3.384579949565548751e-01,1.308214547508230741e-01,-8.093511473016412605e-02,-1.197894552594206269e-01,3.216966590065965109e-02,1.143374486154162539e-01,2.598842143759824697e-01,3.402558252335733946e-01,1.166249373047178878e-01,3.579255513247533438e-01,8.756622827051227520e-02,2.210753811788433443e-01,-1.372613239266781693e-02,2.424469491656606746e-01,1.451351163353151452e-01,3.428941473306404975e-01,3.014530406204006807e-01,2.507432427661058782e-01,-2.720927894584648787e-01,3.499149633812029259e-01,1.000000000000000000e+00,3.651711554599638698e-01,1.955342659960166915e-02,1.986772521350176623e-01
2.371782352050342824e-01,2.033627976811055726e-01,1.762688697693276241e-01,-2.745642206161811316e-01,1.136367608030304788e-01,1.288134701144255101e-01,1.124820079143293433e-01,-1.830749852970554870e-01,-3.465570817499749601e-02,1.132059533477195075e-02,2.402022826750186135e-01,-3.629925588434152091e-03,1.176709489639650719e-01,1.718681641446013764e-01,-1.220627445523202320e-01,1.565943201395135487e-01,4.083275570784720976e-02,3.991464466743770839e-02,3.656773288645923103e-02,1.368331041790998015e-01,2.150750401326795846e-01,2.690550951999108875e-01,3.619905166461770407e-01,2.850285112918902186e-01,4.086760750610126669e-01,2.707603909658692909e-01,3.359126448961823330e-01,2.017364667320167282e-01,4.319212371823433760e-01,-1.922034238374340231e-01,4.033028284059704260e-01,3.111125519430787412e-01,2.804973546169088339e-01,-1.257809198398746331e-01,6.807364929393335817e-01,3.651711554599638698e-01,1.000000000000000000e+00,5.839001128506002627e-03,-5.360698815825667291e-02
6.627644928979199435e-01,-1.221597422810118960e-01,6.485058056986743313e-01,-4.139025943635827320e-01,7.257872197685696358e-01,-6.064175701278696762e-01,5.549995046091961148e-01,-6.337794141878906329e-01,6.751039045676140438e-01,5.475017693598218660e-01,-4.437678268973326845e-01,7.253696949329795363e-01,-1.511954220415873129e-01,6.688599710169284007e-01,-1.003210816771696878e-01,7.358484305871888509e-01,-6.365778441223074458e-01,7.900596597107323316e-01,7.331875216374894588e-01,6.058864477536152204e-01,3.615918987476841040e-01,2.265486421150025853e-01,4.240551901997595408e-02,6.233064472490073005e-01,2.273213408441612515e-01,7.062005591029743012e-01,6.316584241644146447e-01,6.502094869418786338e-01,4.852985863785608811e-01,4.945770187553807373e-01,5.354593558008227117e-01,5.139422449307913254e-01,3.329160313778399827e-01,5.186172466075211762e-01,3.525146506008823843e-01,1.955342659960166915e-02,5.839001128506002627e-03,1.000000000000000000e+00,6.280025817149227363e-01
3.736688048083116609e-01,2.708931214075764315e-01,3.794593206669421570e-01,4.763217169599216066e-02,6.009531520394475468e-01,-2.297757044400977611e-01,8.814779965304897491e-02,-3.293345844677754153e-01,6.794467578168214006e-01,7.824549911842376693e-01,-5.243477995106030076e-02,3.544294337589392607e-01,-2.272062517549394145e-01,4.808055575350994038e-01,-4.310682315532433084e-01,6.633483181778742077e-01,-2.523751181234017982e-01,4.431819026430490749e-01,3.016465165518031899e-01,2.988347228179436543e-01,8.470252011844715823e-02,1.263293825311165020e-01,-3.602327565615334043e-02,2.134625946110285666e-01,8.206265948657555376e-02,2.365786881734570635e-01,2.750754894066793632e-01,1.136506593069118026e-01,8.341303028444518874e-02,7.525109017309373760e-01,2.120090414037597015e-01,2.496926682463909974e-01,3.245031678767118510e-01,2.964633272429131883e-01,6.944782800340623674e-02,1.986772521350176623e-01,-5.360698815825667291e-02,6.280025817149227363e-01,1.000000000000000000e+00
