1.000000000000000000e+00,7.984741264452671627e-01,4.843880083025435823e-01,5.847279331639334554e-01,4.073992367865428843e-01,1.553320740506575481e-01,5.216011582227298993e-01,-3.306569743112874327e-01,7.344745264064954648e-01,6.280119776289146971e-01,8.138603091572110815e-02,3.292788361239761818e-01,-3.523805603252182228e-02,6.549473564620059696e-01,2.893532746174297676e-01,6.988735338532907626e-01,1.323283096795200842e-01,6.945799028273424991e-01,6.277497567032609416e-01,3.908939565532663640e-01,3.303771070324360015e-01,3.542502329034890596e-01,5.477726135774524385e-01,2.305311596785941941e-01,4.927306754835454328e-01,7.946281274455910815e-01,4.758492302046502531e-01,5.764647054940003068e-01,2.961547242936661273e-01,5.534104778712929384e-01,9.232285903419254480e-02,3.700123924424139066e-01,1.932855552578998520e-02,1.976206266182097826e-01,1.877303025870447339e-01,4.439528458715978898e-01,3.017244568551859518e-01,6.958312012040116512e-01,6.319672317881720458e-01
7.984741264452671627e-01,1.000000000000000000e+00,4.440622565385625165e-01,4.652459941484956563e-01,3.334581881358211763e-01,1.434504884484749665e-01,5.111340360778794389e-01,-2.692140835631715579e-01,6.295446460329020555e-01,5.179346969114727584e-01,9.835041396506617739e-02,3.283128172157868674e-01,-1.120526793353329199e-02,6.692145307941685939e-01,2.994131246441033012e-01,5.394518795350036200e-01,1.697627515652272434e-01,6.138650626527486498e-01,5.169484219654933987e-01,3.795061701890203310e-01,3.145057248635083069e-01,3.813464852046520859e-01,4.985661196870813106e-01,2.858486426291865778e-01,4.814759266881374900e-01,7.256031496560337857e-01,5.517983004802190505e-01,4.016818466552319333e-01,1.320883905952821846e-01,4.091267847157658566e-01,4.563295214589009607e-02,3.419294447270164738e-01,6.574537511576896602e-04,1.867023747511614706e-01,2.818470887392240387e-01,3.986852279478577676e-01,3.198913874380460154e-01,5.624437766512399017e-01,5.608054393736047194e-01
4.843880083025435823e-01,4.440622565385625165e-01,1.000000000000000000e+00,5.526140244592891992e-01,5.903873633720301273e-01,4.477670496614900020e-01,5.060773512687783970e-01,-8.070039347038644451e-01,5.484272495817840154e-01,5.215061310211815959e-01,1.505638315435277319e-01,2.550124666634779325e-01,3.393108077936846656e-01,6.349463254471165996e-01,1.286063863623492232e-01,3.924000715649935134e-01,2.650098965395020212e-01,6.347913736151556963e-01,5.892492280918827374e-01,5.525979607796736026e-01,7.931053144760508156e-01,7.681482535728941796e-01,5.287804776882205626e-01,4.742449594807753854e-01,6.446224162376376077e-01,5.080390881473526576e-01,3.316840677915640079e-01,5.896048383885165167e-01,3.351600990118404066e-01,3.027970600159217152e-01,3.047494068863391137e-01,3.995601611527822561e-01,5.966946122309246814e-01,2.744531902569450343e-01,3.588215641721667626e-01,4.994585200353105492e-01,5.297413201003318139e-01,4.085152224077390204e-01,3.590558132082630194e-01
5.847279331639334554e-01,4.652459941484956563e-01,5.526140244592891992e-01,1.000000000000000000e+00,3.766200090024170999e-01,2.665353715000383095e-01,7.104212893641426163e-01,-2.671339342219725688e-01,6.844789247221596540e-01,6.680669980449233103e-01,1.413388834704250585e-01,4.857411104642316291e-01,3.364075856172991652e-01,5.826083346460335655e-01,3.325448941394306135e-01,5.721330059630619358e-01,1.125344690051462426e-01,7.641016002481838543e-01,8.064145908697353260e-01,6.853181135129153834e-01,5.602166901014178357e-01,5.869430698468911523e-01,6.060692156288037813e-01,3.711603716275939657e-01,6.413430706787774938e-01,6.052920504762078213e-01,2.867183501212545171e-01,6.772517496886388821e-01,1.858924967563280461e-01,4.469902754246722343e-01,2.992289662124570926e-01,2.844675302943072137e-01,1.032749765444219980e-01,3.689462327001531983e-01,1.441094781781483980e-01,4.911250772604142112e-01,3.253925005103972534e-01,6.366280117003970673e-01,5.690150783773333387e-01
4.073992367865428843e-01,3.334581881358211763e-01,5.903873633720301273e-01,3.766200090024170999e-01,1.000000000000000000e+00,4.171993037473515908e-01,3.137688050476384327e-01,-5.132218762299837200e-01,4.866822264356302497e-01,6.214033908369775983e-01,1.213819179154013023e-01,2.784981349439181186e-01,1.053100223601253077e-01,6.529447963381904696e-01,3.503952545494665866e-02,5.667813133577297435e-01,2.426716713724492436e-01,4.185504216663050725e-01,4.172409781111306448e-01,3.168458520104723841e-01,3.100625961334113057e-01,3.359327269895452939e-01,5.096696666188154090e-01,3.980479778628880361e-01,4.420139868361301350e-01,4.731743536532647121e-01,4.139710357463368684e-01,5.999947507138748692e-01,3.709409297642567993e-01,4.854806915433474424e-01,5.047819287650685549e-01,4.753772250378869857e-01,2.729496494378255145e-01,3.228810945394857690e-01,2.767290706541634671e-01,3.751687729812984706e-01,3.764984382044286870e-01,3.752244912642956343e-01,3.240649085183851530e-01
1.553320740506575481e-01,1.434504884484749665e-01,4.477670496614900020e-01,2.665353715000383095e-01,4.171993037473515908e-01,1.000000000000000000e+00,4.127473561805426461e-01,-2.645754543058259634e-01,3.217994622287222439e-01,3.158174412138833875e-01,2.137695051899129173e-01,2.789648046011555804e-01,4.324295697908038250e-01,4.726690927120703045e-01,2.683121291199261904e-01,1.947344564446884252e-01,7.054669880153691119e-01,3.499866586719417305e-01,2.975897915266887961e-01,4.919325777550324075e-01,4.566076867653346416e-01,5.063087046271887992e-01,4.755121695259078018e-01,6.600417864800246504e-01,5.034423361180112577e-01,2.955290212047164689e-01,2.424812160636628799e-01,4.007706231533815777e-01,1.374980379402467867e-01,8.083939852003246829e-02,1.931032802247527047e-01,5.318083234574652041e-01,1.893824783936866596e-01,2.681298300368166743e-01,3.777064643913423114e-01,1.603652011948614176e-01,5.518093491525394301e-01,3.152085778270144467e-01,3.000880524010002270e-01
5.216011582227298993e-01,5.111340360778794389e-01,5.060773512687783970e-01,7.104212893641426163e-01,3.137688050476384327e-01,4.127473561805426461e-01,1.000000000000000000e+00,-1.798510741385205003e-01,6.832598728532627286e-01,6.097565396056578990e-01,1.889014508671482129e-01,6.551830340667269548e-01,3.142608578073057268e-01,5.890373289392444311e-01,5.936542057317448773e-01,4.947257171923102881e-01,1.953704364222853263e-01,7.392222206488068270e-01,7.204271697061382929e-01,7.873649098997445028e-01,5.778736748873739559e-01,6.703836578412214475e-01,5.212425824692213938e-01,5.375777944575835798e-01,6.476259293539046169e-01,6.528874825259155523e-01,3.968922365257339657e-01,6.300196767112634655e-01,1.457332621853004717e-01,3.633818914235024677e-01,1.280478140852696622e-01,3.691941552989035369e-01,-4.544111934021993066e-02,5.273156999376673593e-01,1.829606635743843412e-01,3.688373093290264193e-01,3.649053578093249262e-01,6.790062825988786299e-01,6.471900466545168484e-01
-3.306569743112874327e-01,-2.692140835631715579e-01,-8.070039347038644451e-01,-2.671339342219725688e-01,-5.132218762299837200e-01,-2.645754543058259634e-01,-1.798510741385205003e-01,1.000000000000000000e+00,-3.157054020025768515e-01,-3.197134650322951965e-01,-4.489558997755830477e-02,5.030985020695264570e-02,-1.386394681058919498e-01,-4.290637496429000608e-01,1.537062280988633900e-01,-2.498063842295021875e-01,-1.861481611617343823e-01,-3.770591135970655650e-01,-3.352355355985339735e-01,-2.073358857325737770e-01,-6.144542737841238722e-01,-5.332986029436177500e-01,-3.224233826071998266e-01,-2.084758181534165367e-01,-3.636179341869105741e-01,-2.771737097068164291e-01,-2.201293174645747031e-01,-3.529192433137985918e-01,-3.591484414738070896e-01,-1.959621656105189347e-01,-2.536960975491559522e-01,-2.736429979919456357e-01,-6.767357429083373788e-01,-5.283455248443958557e-02,-2.753432044760255049e-01,-4.026125421015522843e-01,-4.029122119384195844e-01,-1.616255605846126375e-01,-1.234985670391706147e-01
7.344745264064954648e-01,6.295446460329020555e-01,5.484272495817840154e-01,6.844789247221596540e-01,4.866822264356302497e-01,3.217994622287222439e-01,6.832598728532627286e-01,-3.157054020025768515e-01,1.000000000000000000e+00,7.684041480085240794e-01,2.174770321019598718e-01,6.332513854184249613e-01,3.489606100733425725e-02,6.760162922243296846e-01,5.240239128717898431e-01,7.330195722489271093e-01,2.451066812811346640e-01,8.319554192015364835e-01,7.672605207918569148e-01,6.214906888023669085e-01,4.700038400386709614e-01,5.113117151281010297e-01,5.597880048967458499e-01,4.450134118142630713e-01,5.770504296356280260e-01,8.010017436462402163e-01,5.615563847895868044e-01,6.617209097302203524e-01,2.110176811345894077e-01,6.466860313023812257e-01,1.271605708523169675e-01,4.028981679123265214e-01,-4.764065898022416812e-02,5.569543292088540154e-01,1.050859191635235279e-01,3.569995785962506440e-01,2.572821621770866596e-01,8.623440789024242603e-01,8.472205647094428471e-01
6.280119776289146971e-01,5.179346969114727584e-01,5.215061310211815959e-01,6.680669980449233103e-01,6.214033908369775983e-01,3.158174412138833875e-01,6.097565396056578990e-01,-3.197134650322951965e-01,7.684041480085240794e-01,1.000000000000000000e+00,1.401463673117471498e-01,5.240908829142552072e-01,9.997498476539558310e-02,6.383653822780825937e-01,3.770262712071958955e-01,7.675176567804647965e-01,1.726979765071103012e-01,6.747704657100996872e-01,7.905985801000754432e-01,5.032236993639557232e-01,3.734383568330055247e-01,4.075531696495130474e-01,5.452783889665540062e-01,3.830089061994907951e-01,5.964584335319738084e-01,6.920543919636081842e-01,5.177404298701108187e-01,7.263982775091712973e-01,3.087228750054750170e-01,7.346637437384235803e-01,4.489443088693745865e-01,5.304987007792383302e-01,2.296861620723634687e-02,4.188997114919332243e-01,1.274209898408491803e-01,4.069346950786010275e-01,2.818518719780992443e-01,6.890465678500549140e-01,6.671681435059910736e-01
8.138603091572110815e-02,9.835041396506617739e-02,1.505638315435277319e-01,1.413388834704250585e-01,1.213819179154013023e-01,2.137695051899129173e-01,1.889014508671482129e-01,-4.489558997755830477e-02,2.174770321019598718e-01,1.401463673117471498e-01,1.000000000000000000e+00,1.858227998857341634e-01,1.549440792317519355e-01,2.109204857782051024e-01,2.087416894847309856e-01,9.201365333604781538e-02,3.011294672387153093e-01,1.715174002216217630e-01,1.315121819857199559e-01,2.053343178690239246e-01,1.664259565741222080e-01,1.729775264229758414e-01,1.173005732360323655e-01,2.295233659642520740e-01,1.915439448289338320e-01,1.096589467454802819e-01,6.500979344007717931e-02,9.777763225132335423e-02,-3.883941857685910162e-04,7.604909424595207579e-02,8.208716765529174009e-02,1.693492785602721817e-01,4.644820991123554954e-02,2.672246374040628814e-01,5.329387123176061725e-02,3.174798861489352281e-02,1.942923528592697680e-01,1.305083345567909781e-01,1.714462800351377880e-01
3.292788361239761818e-01,3.283128172157868674e-01,2.550124666634779325e-01,4.857411104642316291e-01,2.784981349439181186e-01,2.789648046011555804e-01,6.551830340667269548e-01,5.030985020695264570e-02,6.332513854184249613e-01,5.240908829142552072e-01,1.858227998857341634e-01,1.000000000000000000e+00,1.163327628504535749e-01,3.974987710248856221e-01,7.633036348080816103e-01,4.185487886457677775e-01,1.258834317444096074e-01,6.084242847498089191e-01,5.462392929752758475e-01,6.879710010974124934e-01,2.889423213747162045e-01,4.230894537945854017e-01,4.071993791610893365e-01,4.805617251753188102e-01,4.452007349996195962e-01,5.897729089038999950e-01,4.722882680476271910e-01,5.059646243688287193e-01,2.479502697775606487e-02,3.929325944951840288e-01,1.259623528467844200e-01,2.768488460448602084e-01,-3.311254815625258585e-01,6.806624728098265020e-01,4.279344405645968408e-02,1.011916341915990031e-01,1.964169712243201971e-01,6.660491091870350822e-01,6.736472299506139905e-01
-3.523805603252182228e-02,-1.120526793353329199e-02,3.393108077936846656e-01,3.364075856172991652e-01,1.053100223601253077e-01,4.324295697908038250e-01,3.142608578073057268e-01,-1.386394681058919498e-01,3.489606100733425725e-02,9.997498476539558310e-02,1.549440792317519355e-01,1.163327628504535749e-01,1.000000000000000000e+00,2.627140060630366314e-01,1.486625397910211997e-02,-1.874113441998547513e-01,2.530514242164002559e-01,2.135630348208209517e-01,2.900090169785290994e-01,4.402034200923004570e-01,4.759332961883845914e-01,4.702908284516252868e-01,3.106225670383900850e-01,4.311003154347655686e-01,4.962693171479994336e-01,3.794771694624337471e-02,1.554757548889449184e-02,3.402858553212038673e-01,1.615782925981524565e-01,-2.400504677111627849e-01,3.612565527256478282e-01,1.687476488103857863e-01,4.459636492875575509e-01,9.064150347686626696e-02,4.259583862146575917e-01,3.469000317675649536e-01,5.724227179920438058e-01,-3.702377133975826018e-02,-7.112077665229565859e-02
6.549473564620059696e-01,6.692145307941685939e-01,6.349463254471165996e-01,5.826083346460335655e-01,6.529447963381904696e-01,4.726690927120703045e-01,5.890373289392444311e-01,-4.290637496429000608e-01,6.760162922243296846e-01,6.383653822780825937e-01,2.109204857782051024e-01,3.974987710248856221e-01,2.627140060630366314e-01,1.000000000000000000e+00,2.539050551140261680e-01,5.661686229913134305e-01,2.965852223685662148e-01,6.712043237780653815e-01,6.148458658208617589e-01,5.518809012335963438e-01,5.279103900099518798e-01,5.779618457935913334e-01,7.147192645869336891e-01,5.818426190855255919e-01,6.891050721561514658e-01,6.812856389303507676e-01,5.585870700546021750e-01,6.006899420777818133e-01,3.046226862211517394e-01,4.173064654666323592e-01,3.431894915482377462e-01,4.730218062738678619e-01,2.584700442443212398e-01,3.416648412482277131e-01,4.597670435179315729e-01,6.000285747287431581e-01,5.886837855879129000e-01,5.502774452423777607e-01,5.124858337887598925e-01
2.893532746174297676e-01,2.994131246441033012e-01,1.286063863623492232e-01,3.325448941394306135e-01,3.503952545494665866e-02,2.683121291199261904e-01,5.936542057317448773e-01,1.537062280988633900e-01,5.240239128717898431e-01,3.770262712071958955e-01,2.087416894847309856e-01,7.633036348080816103e-01,1.486625397910211997e-02,2.539050551140261680e-01,1.000000000000000000e+00,3.238567060828159705e-01,1.498009046443935510e-01,4.791219648899486261e-01,4.448483730091790100e-01,6.007681132310787042e-01,2.517869663032295535e-01,3.639834420214707045e-01,2.297344649611712808e-01,3.988519255489911264e-01,3.563274506677548414e-01,4.952997170306145946e-01,2.842637480588814936e-01,2.979365483939681036e-01,-1.433517326692016480e-01,2.787111567653348665e-01,-1.357229938468536845e-01,1.425360059284612180e-01,-4.166972014668003932e-01,5.976952112723128430e-01,-4.816909437492309515e-02,-3.063446672012388496e-03,8.817444322825880587e-02,5.981406058867879683e-01,6.359854363818641110e-01
6.988735338532907626e-01,5.394518795350036200e-01,3.924000715649935134e-01,5.721330059630619358e-01,5.667813133577297435e-01,1.947344564446884252e-01,4.947257171923102881e-01,-2.498063842295021875e-01,7.330195722489271093e-01,7.675176567804647965e-01,9.201365333604781538e-02,4.185487886457677775e-01,-1.874113441998547513e-01,5.661686229913134305e-01,3.238567060828159705e-01,1.000000000000000000e+00,1.295840034090913473e-01,5.969863018912999753e-01,6.157240738820310977e-01,3.459840438489147907e-01,1.804180506843726106e-01,2.244700557516238482e-01,4.580489234080829530e-01,2.229617199198552502e-01,3.694468560848804262e-01,6.855533845853410968e-01,4.660063951445442831e-01,6.371348476198519517e-01,2.123880084948927827e-01,7.967138123471674271e-01,1.861542185941670591e-01,3.666250559700237610e-01,-1.346632710443314285e-01,3.334284469737208156e-01,-6.817286020037764682e-02,2.352069440418527446e-01,3.496573368742769000e-02,7.214648775338471376e-01,6.664480295601447057e-01
1.323283096795200842e-01,1.697627515652272434e-01,2.650098965395020212e-01,1.125344690051462426e-01,2.426716713724492436e-01,7.054669880153691119e-01,1.953704364222853263e-01,-1.861481611617343823e-01,2.451066812811346640e-01,1.726979765071103012e-01,3.011294672387153093e-01,1.258834317444096074e-01,2.530514242164002559e-01,2.965852223685662148e-01,1.498009046443935510e-01,1.295840034090913473e-01,1.000000000000000000e+00,2.298686519896690761e-01,1.202286620148146773e-01,2.344169531194211509e-01,2.631234466416945139e-01,2.959911057726128947e-01,3.761409988760555656e-01,3.844492322029219866e-01,2.194808808104312947e-01,2.356888262190447725e-01,2.627923878110238753e-01,2.045700556068542342e-01,3.974242648056032501e-02,3.089684224356025258e-02,6.462919772155509279e-02,4.457558257781027433e-01,7.851082865005655498e-02,1.475190160699748343e-01,2.112025435965544373e-01,-8.517051644089109613e-03,3.500429082499938449e-01,2.630830202266422613e-01,2.928186530672972077e-01
6.945799028273424991e-01,6.138650626527486498e-01,6.347913736151556963e-01,7.641016002481838543e-01,4.185504216663050725e-01,3.499866586719417305e-01,7.392222206488068270e-01,-3.770591135970655650e-01,8.319554192015364835e-01,6.747704657100996872e-01,1.715174002216217630e-01,6.084242847498089191e-01,2.135630348208209517e-01,6.712043237780653815e-01,4.791219648899486261e-01,5.969863018912999753e-01,2.298686519896690761e-01,1.000000000000000000e+00,7.922419858590405983e-01,7.402437761166037467e-01,6.253998985041610004e-01,6.576169270629337316e-01,6.336043783005008700e-01,5.070263846113424178e-01,6.765791683500188558e-01,7.984317708240832312e-01,5.395974097823119653e-01,6.459845817696613368e-01,1.192598998632857094e-01,4.354163692730115831e-01,1.183395037538582384e-01,3.055642399629056594e-01,6.453248132296010575e-02,4.262896850893694856e-01,2.418136141070618972e-01,4.583677631828952936e-01,3.973252981675397533e-01,7.921482589547136355e-01,7.678287278653439518e-01
6.277497567032609416e-01,5.169484219654933987e-01,5.892492280918827374e-01,8.064145908697353260e-01,4.172409781111306448e-01,2.975897915266887961e-01,7.204271697061382929e-01,-3.352355355985339735e-01,7.672605207918569148e-01,7.905985801000754432e-01,1.315121819857199559e-01,5.462392929752758475e-01,2.900090169785290994e-01,6.148458658208617589e-01,4.448483730091790100e-01,6.157240738820310977e-01,1.202286620148146773e-01,7.922419858590405983e-01,1.000000000000000000e+00,6.491317674370528090e-01,5.675351882255978975e-01,5.934832830950601545e-01,5.679087613457328709e-01,3.850636753285954228e-01,6.612328865703374081e-01,6.766282567249994884e-01,4.358370388420381158e-01,7.245338502223752641e-01,2.224043361128952845e-01,5.452196720636721672e-01,3.164668342427568448e-01,3.901390724179538694e-01,8.633839372477858376e-02,3.381158509883495089e-01,1.518307116057791006e-01,5.058743455845668979e-01,3.307207731482998403e-01,7.073736708066635792e-01,6.702809751290910167e-01
3.908939565532663640e-01,3.795061701890203310e-01,5.525979607796736026e-01,6.853181135129153834e-01,3.168458520104723841e-01,4.919325777550324075e-01,7.873649098997445028e-01,-2.073358857325737770e-01,6.214906888023669085e-01,5.032236993639557232e-01,2.053343178690239246e-01,6.879710010974124934e-01,4.402034200923004570e-01,5.518809012335963438e-01,6.007681132310787042e-01,3.459840438489147907e-01,2.344169531194211509e-01,7.402437761166037467e-01,6.491317674370528090e-01,1.000000000000000000e+00,6.699011085781866326e-01,7.483028239260741676e-01,4.987874120048414461e-01,6.314422716440802885e-01,6.708674936955459911e-01,5.909361526128229514e-01,3.323723722135626391e-01,6.155940513152818871e-01,9.716191726496765935e-02,1.914706939197450275e-01,1.451310764241079687e-01,3.030229760665429373e-01,4.342781360910250021e-02,5.767006680868764779e-01,2.668123812759907176e-01,3.637590612278920887e-01,4.506360908610332339e-01,6.081232519152754978e-01,5.757481061557797597e-01
3.303771070324360015e-01,3.145057248635083069e-01,7.931053144760508156e-01,5.602166901014178357e-01,3.100625961334113057e-01,4.566076867653346416e-01,5.778736748873739559e-01,-6.144542737841238722e-01,4.700038400386709614e-01,3.734383568330055247e-01,1.664259565741222080e-01,2.889423213747162045e-01,4.759332961883845914e-01,5.279103900099518798e-01,2.517869663032295535e-01,1.804180506843726106e-01,2.631234466416945139e-01,6.253998985041610004e-01,5.675351882255978975e-01,6.699011085781866326e-01,1.000000000000000000e+00,8.920823633884018555e-01,4.511016426701698334e-01,5.115063112184300431e-01,6.500547860591905369e-01,4.080029482506379312e-01,2.224928766575147154e-01,4.820731987697997045e-01,2.146222806097524416e-01,6.350014678898309450e-02,1.408847404670150738e-01,2.890107545106991305e-01,5.543294450588073241e-01,3.051641977225739155e-01,3.490017414528943096e-01,5.143980981133277064e-01,5.238672332365705842e-01,3.726042489044975592e-01,3.353714336120114381e-01
3.542502329034890596e-01,3.813464852046520859e-01,7.681482535728941796e-01,5.869430698468911523e-01,3.359327269895452939e-01,5.063087046271887992e-01,6.703836578412214475e-01,-5.332986029436177500e-01,5.113117151281010297e-01,4.075531696495130474e-01,1.729775264229758414e-01,4.230894537945854017e-01,4.702908284516252868e-01,5.779618457935913334e-01,3.639834420214707045e-01,2.244700557516238482e-01,2.959911057726128947e-01,6.576169270629337316e-01,5.934832830950601545e-01,7.483028239260741676e-01,8.920823633884018555e-01,1.000000000000000000e+00,4.887007914282404664e-01,5.760399284463666447e-01,6.859696770447306635e-01,4.771847070814700942e-01,2.989608300373324257e-01,5.347013865088579010e-01,2.106437310014294406e-01,8.812622695829476493e-02,1.339866795515299580e-01,3.613391685244874973e-01,4.336804762795561374e-01,3.894270956158956132e-01,3.514122293809065489e-01,4.551531754004470853e-01,5.191069199250771815e-01,4.453615592825831970e-01,4.012461632712439052e-01
5.477726135774524385e-01,4.985661196870813106e-01,5.287804776882205626e-01,6.060692156288037813e-01,5.096696666188154090e-01,4.755121695259078018e-01,5.212425824692213938e-01,-3.224233826071998266e-01,5.597880048967458499e-01,5.452783889665540062e-01,1.173005732360323655e-01,4.071993791610893365e-01,3.106225670383900850e-01,7.147192645869336891e-01,2.297344649611712808e-01,4.580489234080829530e-01,3.761409988760555656e-01,6.336043783005008700e-01,5.679087613457328709e-01,4.987874120048414461e-01,4.511016426701698334e-01,4.887007914282404664e-01,1.000000000000000000e+00,4.879316668430466186e-01,6.189088170950578505e-01,6.097093070455613661e-01,4.906055543626571258e-01,5.016838394731931716e-01,1.490725279049054941e-01,3.685264830271829384e-01,3.163441446393046586e-01,4.193530975950287010e-01,1.835622124286771517e-01,1.945202899005590846e-01,3.480818976797602216e-01,5.225256864352164632e-01,5.274604517890856270e-01,5.112659940520740687e-01,4.737900837781467978e-01
2.305311596785941941e-01,2.858486426291865778e-01,4.742449594807753854e-01,3.711603716275939657e-01,3.980479778628880361e-01,6.600417864800246504e-01,5.375777944575835798e-01,-2.084758181534165367e-01,4.450134118142630713e-01,3.830089061994907951e-01,2.295233659642520740e-01,4.805617251753188102e-01,4.311003154347655686e-01,5.818426190855255919e-01,3.988519255489911264e-01,2.229617199198552502e-01,3.844492322029219866e-01,5.070263846113424178e-01,3.850636753285954228e-01,6.314422716440802885e-01,5.115063112184300431e-01,5.760399284463666447e-01,4.879316668430466186e-01,1.000000000000000000e+00,6.569246657164179437e-01,4.338452412036721273e-01,4.081657416836546592e-01,4.291218384036677436e-01,1.186207706989273747e-01,8.275407872153739408e-02,1.474700269426670873e-01,3.554804875208913417e-01,1.569869203964170123e-01,4.378159312000621251e-01,5.582878172198697531e-01,2.394347744026305846e-01,6.067180572505095348e-01,3.945699730873840627e-01,3.948783812020809636e-01
4.927306754835454328e-01,4.814759266881374900e-01,6.446224162376376077e-01,6.413430706787774938e-01,4.420139868361301350e-01,5.034423361180112577e-01,6.476259293539046169e-01,-3.636179341869105741e-01,5.770504296356280260e-01,5.964584335319738084e-01,1.915439448289338320e-01,4.452007349996195962e-01,4.962693171479994336e-01,6.891050721561514658e-01,3.563274506677548414e-01,3.694468560848804262e-01,2.194808808104312947e-01,6.765791683500188558e-01,6.612328865703374081e-01,6.708674936955459911e-01,6.500547860591905369e-01,6.859696770447306635e-01,6.189088170950578505e-01,6.569246657164179437e-01,1.000000000000000000e+00,5.991482339530389556e-01,3.843424980084202414e-01,6.059887722561495549e-01,2.589213653120012171e-01,2.554413964859725272e-01,3.632106008897885707e-01,4.469432542352562709e-01,3.112531767604978516e-01,3.374812515929606627e-01,4.805139959693385254e-01,5.601124571268983887e-01,6.226134211780628425e-01,4.667598165551581912e-01,4.547656776324398575e-01
7.946281274455910815e-01,7.256031496560337857e-01,5.080390881473526576e-01,6.052920504762078213e-01,4.731743536532647121e-01,2.955290212047164689e-01,6.528874825259155523e-01,-2.771737097068164291e-01,8.010017436462402163e-01,6.920543919636081842e-01,1.096589467454802819e-01,5.897729089038999950e-01,3.794771694624337471e-02,6.812856389303507676e-01,4.952997170306145946e-01,6.855533845853410968e-01,2.356888262190447725e-01,7.984317708240832312e-01,6.766282567249994884e-01,5.909361526128229514e-01,4.080029482506379312e-01,4.771847070814700942e-01,6.097093070455613661e-01,4.338452412036721273e-01,5.991482339530389556e-01,1.000000000000000000e+00,6.792657831460082729e-01,6.673030576941516578e-01,2.686401359541232270e-01,5.304391679130598947e-01,1.292491208819953608e-01,4.495607481805089511e-01,-8.969271182280263988e-02,3.707551382500897663e-01,2.375361879105303275e-01,4.195959279963891730e-01,3.447625426364279710e-01,7.924000683189912353e-01,7.622543582816017071e-01
4.758492302046502531e-01,5.517983004802190505e-01,3.316840677915640079e-01,2.867183501212545171e-01,4.139710357463368684e-01,2.424812160636628799e-01,3.968922365257339657e-01,-2.201293174645747031e-01,5.615563847895868044e-01,5.177404298701108187e-01,6.500979344007717931e-02,4.722882680476271910e-01,1.554757548889449184e-02,5.585870700546021750e-01,2.842637480588814936e-01,4.660063951445442831e-01,2.627923878110238753e-01,5.395974097823119653e-01,4.358370388420381158e-01,3.323723722135626391e-01,2.224928766575147154e-01,2.989608300373324257e-01,4.906055543626571258e-01,4.081657416836546592e-01,3.843424980084202414e-01,6.792657831460082729e-01,1.000000000000000000e+00,4.289582303319186551e-01,1.712364630414166811e-01,3.801944340481381301e-01,2.009785282904471004e-01,3.994197539006258957e-01,-6.005450634590175918e-02,2.312056783968950702e-01,3.522734586229178677e-01,3.016012459850206939e-01,3.438211367439394373e-01,5.144484116035148435e-01,5.358567636243021237e-01
5.764647054940003068e-01,4.016818466552319333e-01,5.896048383885165167e-01,6.772517496886388821e-01,5.999947507138748692e-01,4.007706231533815777e-01,6.300196767112634655e-01,-3.529192433137985918e-01,6.617209097302203524e-01,7.263982775091712973e-01,9.777763225132335423e-02,5.059646243688287193e-01,3.402858553212038673e-01,6.006899420777818133e-01,2.979365483939681036e-01,6.371348476198519517e-01,2.045700556068542342e-01,6.459845817696613368e-01,7.245338502223752641e-01,6.155940513152818871e-01,4.820731987697997045e-01,5.347013865088579010e-01,5.016838394731931716e-01,4.291218384036677436e-01,6.059887722561495549e-01,6.673030576941516578e-01,4.289582303319186551e-01,1.000000000000000000e+00,5.448270706940514518e-01,5.213509900245346662e-01,4.505501644659204441e-01,5.969210501532954405e-01,1.508408959771808389e-01,3.884265985848243119e-01,1.992086058637003443e-01,4.506306090933719921e-01,4.037517134321123580e-01,6.248087944426236051e-01,5.243715473549800388e-01
2.961547242936661273e-01,1.320883905952821846e-01,3.351600990118404066e-01,1.858924967563280461e-01,3.709409297642567993e-01,1.374980379402467867e-01,1.457332621853004717e-01,-3.591484414738070896e-01,2.110176811345894077e-01,3.087228750054750170e-01,-3.883941857685910162e-04,2.479502697775606487e-02,1.615782925981524565e-01,3.046226862211517394e-01,-1.433517326692016480e-01,2.123880084948927827e-01,3.974242648056032501e-02,1.192598998632857094e-01,2.224043361128952845e-01,9.716191726496765935e-02,2.146222806097524416e-01,2.106437310014294406e-01,1.490725279049054941e-01,1.186207706989273747e-01,2.589213653120012171e-01,2.686401359541232270e-01,1.712364630414166811e-01,5.448270706940514518e-01,1.000000000000000000e+00,2.461046469440408002e-01,4.158734534896184054e-01,5.687893521990068368e-01,3.438716711380817581e-01,1.189250681055067510e-01,1.843519747529006325e-01,3.443821416726122187e-01,3.331191789178662988e-01,1.162332182841433192e-01,-1.139148723273755021e-02
5.534104778712929384e-01,4.091267847157658566e-01,3.027970600159217152e-01,4.469902754246722343e-01,4.854806915433474424e-01,8.083939852003246829e-02,3.633818914235024677e-01,-1.959621656105189347e-01,6.466860313023812257e-01,7.346637437384235803e-01,7.604909424595207579e-02,3.929325944951840288e-01,-2.400504677111627849e-01,4.173064654666323592e-01,2.787111567653348665e-01,7.967138123471674271e-01,3.089684224356025258e-02,4.354163692730115831e-01,5.452196720636721672e-01,1.914706939197450275e-01,6.350014678898309450e-02,8.812622695829476493e-02,3.685264830271829384e-01,8.275407872153739408e-02,2.554413964859725272e-01,5.304391679130598947e-01,3.801944340481381301e-01,5.213509900245346662e-01,2.461046469440408002e-01,1.000000000000000000e+00,2.461200848261027307e-01,3.761062865295907165e-01,-1.172462821378737058e-01,3.237192254331309194e-01,-1.363522301529608294e-01,1.406973871219433514e-01,-4.404075722175734148e-02,6.032173334415019683e-01,5.752362350690630732e-01
9.232285903419254480e-02,4.563295214589009607e-02,3.047494068863391137e-01,2.992289662124570926e-01,5.047819287650685549e-01,1.931032802247527047e-01,1.280478140852696622e-01,-2.536960975491559522e-01,1.271605708523169675e-01,4.489443088693745865e-01,8.208716765529174009e-02,1.259623528467844200e-01,3.612565527256478282e-01,3.431894915482377462e-01,-1.357229938468536845e-01,1.861542185941670591e-01,6.462919772155509279e-02,1.183395037538582384e-01,3.164668342427568448e-01,1.451310764241079687e-01,1.408847404670150738e-01,1.339866795515299580e-01,3.163441446393046586e-01,1.474700269426670873e-01,3.632106008897885707e-01,1.292491208819953608e-01,2.009785282904471004e-01,4.505501644659204441e-01,4.158734534896184054e-01,2.461200848261027307e-01,1.000000000000000000e+00,4.222911790465400661e-01,3.186118030143445523e-01,1.021295912624894525e-01,2.810703509405788614e-01,3.900256401042221377e-01,4.381103772994782708e-01,-1.943003479843402430e-03,-7.305643528200191604e-03
3.700123924424139066e-01,3.419294447270164738e-01,3.995601611527822561e-01,2.844675302943072137e-01,4.753772250378869857e-01,5.318083234574652041e-01,3.691941552989035369e-01,-2.736429979919456357e-01,4.028981679123265214e-01,5.304987007792383302e-01,1.693492785602721817e-01,2.768488460448602084e-01,1.687476488103857863e-01,4.730218062738678619e-01,1.425360059284612180e-01,3.666250559700237610e-01,4.457558257781027433e-01,3.055642399629056594e-01,3.901390724179538694e-01,3.030229760665429373e-01,2.890107545106991305e-01,3.613391685244874973e-01,4.193530975950287010e-01,3.554804875208913417e-01,4.469432542352562709e-01,4.495607481805089511e-01,3.994197539006258957e-01,5.969210501532954405e-01,5.687893521990068368e-01,3.761062865295907165e-01,4.222911790465400661e-01,1.000000000000000000e+00,1.435031827166101670e-01,1.965173860182337084e-01,2.470303928071433119e-01,2.703936346234970256e-01,4.248747216047882302e-01,3.601160179640680026e-01,3.218597804798424278e-01
1.932855552578998520e-02,6.574537511576896602e-04,5.966946122309246814e-01,1.032749765444219980e-01,2.729496494378255145e-01,1.893824783936866596e-01,-4.544111934021993066e-02,-6.767357429083373788e-01,-4.764065898022416812e-02,2.296861620723634687e-02,4.644820991123554954e-02,-3.311254815625258585e-01,4.459636492875575509e-01,2.584700442443212398e-01,-4.166972014668003932e-01,-1.346632710443314285e-01,7.851082865005655498e-02,6.453248132296010575e-02,8.633839372477858376e-02,4.342781360910250021e-02,5.543294450588073241e-01,4.336804762795561374e-01,1.835622124286771517e-01,1.569869203964170123e-01,3.112531767604978516e-01,-8.969271182280263988e-02,-6.005450634590175918e-02,1.508408959771808389e-01,3.438716711380817581e-01,-1.172462821378737058e-01,3.186118030143445523e-01,1.435031827166101670e-01,1.000000000000000000e+00,-1.327714917675064388e-01,3.845618704145269406e-01,4.310823327427319440e-01,4.619366239322568179e-01,-2.262646893132922443e-01,-2.697593455490280290e-01
1.976206266182097826e-01,1.867023747511614706e-01,2.744531902569450343e-01,3.689462327001531983e-01,3.228810945394857690e-01,2.681298300368166743e-01,5.273156999376673593e-01,-5.283455248443958557e-02,5.569543292088540154e-01,4.188997114919332243e-01,2.672246374040628814e-01,6.806624728098265020e-01,9.064150347686626696e-02,3.416648412482277131e-01,5.976952112723128430e-01,3.334284469737208156e-01,1.475190160699748343e-01,4.262896850893694856e-01,3.381158509883495089e-01,5.767006680868764779e-01,3.051641977225739155e-01,3.894270956158956132e-01,1.945202899005590846e-01,4.378159312000621251e-01,3.374812515929606627e-01,3.707551382500897663e-01,2.312056783968950702e-01,3.884265985848243119e-01,1.189250681055067510e-01,3.237192254331309194e-01,1.021295912624894525e-01,1.965173860182337084e-01,-1.327714917675064388e-01,1.000000000000000000e+00,-7.889728933596807867e-03,6.983421101948000462e-03,1.312241007693399075e-01,5.121793126334639457e-01,5.168892181612142478e-01
1.877303025870447339e-01,2.818470887392240387e-01,3.588215641721667626e-01,1.441094781781483980e-01,2.767290706541634671e-01,3.777064643913423114e-01,1.829606635743843412e-01,-2.753432044760255049e-01,1.050859191635235279e-01,1.274209898408491803e-01,5.329387123176061725e-02,4.279344405645968408e-02,4.259583862146575917e-01,4.597670435179315729e-01,-4.816909437492309515e-02,-6.817286020037764682e-02,2.112025435965544373e-01,2.418136141070618972e-01,1.518307116057791006e-01,2.668123812759907176e-01,3.490017414528943096e-01,3.514122293809065489e-01,3.480818976797602216e-01,5.582878172198697531e-01,4.805139959693385254e-01,2.375361879105303275e-01,3.522734586229178677e-01,1.992086058637003443e-01,1.843519747529006325e-01,-1.363522301529608294e-01,2.810703509405788614e-01,2.470303928071433119e-01,3.845618704145269406e-01,-7.889728933596807867e-03,1.000000000000000000e+00,4.014899598344795484e-01,7.663475762782968603e-01,-6.980529355603926154e-04,3.270728035154138458e-02
4.439528458715978898e-01,3.986852279478577676e-01,4.994585200353105492e-01,4.911250772604142112e-01,3.751687729812984706e-01,1.603652011948614176e-01,3.688373093290264193e-01,-4.026125421015522843e-01,3.569995785962506440e-01,4.069346950786010275e-01,3.174798861489352281e-02,1.011916341915990031e-01,3.469000317675649536e-01,6.000285747287431581e-01,-3.063446672012388496e-03,2.352069440418527446e-01,-8.517051644089109613e-03,4.583677631828952936e-01,5.058743455845668979e-01,3.637590612278920887e-01,5.143980981133277064e-01,4.551531754004470853e-01,5.225256864352164632e-01,2.394347744026305846e-01,5.601124571268983887e-01,4.195959279963891730e-01,3.016012459850206939e-01,4.506306090933719921e-01,3.443821416726122187e-01,1.406973871219433514e-01,3.900256401042221377e-01,2.703936346234970256e-01,4.310823327427319440e-01,6.983421101948000462e-03,4.014899598344795484e-01,1.000000000000000000e+00,5.315923375372432202e-01,2.015564054974790242e-01,1.494522419029356564e-01
3.017244568551859518e-01,3.198913874380460154e-01,5.297413201003318139e-01,3.253925005103972534e-01,3.764984382044286870e-01,5.518093491525394301e-01,3.649053578093249262e-01,-4.029122119384195844e-01,2.572821621770866596e-01,2.818518719780992443e-01,1.942923528592697680e-01,1.964169712243201971e-01,5.724227179920438058e-01,5.886837855879129000e-01,8.817444322825880587e-02,3.496573368742769000e-02,3.500429082499938449e-01,3.973252981675397533e-01,3.307207731482998403e-01,4.506360908610332339e-01,5.238672332365705842e-01,5.191069199250771815e-01,5.274604517890856270e-01,6.067180572505095348e-01,6.226134211780628425e-01,3.447625426364279710e-01,3.438211367439394373e-01,4.037517134321123580e-01,3.331191789178662988e-01,-4.404075722175734148e-02,4.381103772994782708e-01,4.248747216047882302e-01,4.619366239322568179e-01,1.312241007693399075e-01,7.663475762782968603e-01,5.315923375372432202e-01,1.000000000000000000e+00,1.260479826366415756e-01,1.237699673608289169e-01
6.958312012040116512e-01,5.624437766512399017e-01,4.085152224077390204e-01,6.366280117003970673e-01,3.752244912642956343e-01,3.152085778270144467e-01,6.790062825988786299e-01,-1.616255605846126375e-01,8.623440789024242603e-01,6.890465678500549140e-01,1.305083345567909781e-01,6.660491091870350822e-01,-3.702377133975826018e-02,5.502774452423777607e-01,5.981406058867879683e-01,7.214648775338471376e-01,2.630830202266422613e-01,7.921482589547136355e-01,7.073736708066635792e-01,6.081232519152754978e-01,3.726042489044975592e-01,4.453615592825831970e-01,5.112659940520740687e-01,3.945699730873840627e-01,4.667598165551581912e-01,7.924000683189912353e-01,5.144484116035148435e-01,6.248087944426236051e-01,1.162332182841433192e-01,6.032173334415019683e-01,-1.943003479843402430e-03,3.601160179640680026e-01,-2.262646893132922443e-01,5.121793126334639457e-01,-6.980529355603926154e-04,2.015564054974790242e-01,1.260479826366415756e-01,1.000000000000000000e+00,8.811143434625862136e-01
6.319672317881720458e-01,5.608054393736047194e-01,3.590558132082630194e-01,5.690150783773333387e-01,3.240649085183851530e-01,3.000880524010002270e-01,6.471900466545168484e-01,-1.234985670391706147e-01,8.472205647094428471e-01,6.671681435059910736e-01,1.714462800351377880e-01,6.736472299506139905e-01,-7.112077665229565859e-02,5.124858337887598925e-01,6.359854363818641110e-01,6.664480295601447057e-01,2.928186530672972077e-01,7.678287278653439518e-01,6.702809751290910167e-01,5.757481061557797597e-01,3.353714336120114381e-01,4.012461632712439052e-01,4.737900837781467978e-01,3.948783812020809636e-01,4.547656776324398575e-01,7.622543582816017071e-01,5.358567636243021237e-01,5.243715473549800388e-01,-1.139148723273755021e-02,5.752362350690630732e-01,-7.305643528200191604e-03,3.218597804798424278e-01,-2.697593455490280290e-01,5.168892181612142478e-01,3.270728035154138458e-02,1.494522419029356564e-01,1.237699673608289169e-01,8.811143434625862136e-01,1.000000000000000000e+00
