1.000000000000000000e+00,4.731602945744906585e-01,5.560030081157609771e-01,-3.378646571352159622e-01,4.174727410627487867e-01,5.144588721567631973e-02,2.517955162163831861e-01,-4.688217210891181264e-01,4.641084428207495338e-01,5.285756473871570105e-01,1.729670429356890693e-01,-6.786590235162591467e-02,1.975374123928150816e-01,5.229679123140718033e-01,-2.967218986156905380e-01,6.621900804113395322e-01,2.088135924878956329e-01,-1.313876132078487247e-01,2.584155389707131212e-01,-2.243740436873831734e-01,3.130976784987007377e-01,4.530464856963871412e-02,6.345423514870266457e-01,4.602659392482313927e-01,3.208888556014947713e-01,5.528770183948542583e-01,4.663053168650190816e-01,3.070366347073166247e-01,5.741815797072234995e-01,4.896624117754965200e-01,5.082418407790697534e-01,3.835952774179770541e-01,4.842209316381455020e-01,1.252903634372511121e-01,2.986020322386017112e-01,2.947158105208660950e-01,2.364511651814366344e-01,4.031037240587092563e-01,4.709881523640188639e-01
4.731602945744906585e-01,1.000000000000000000e+00,1.051207071153015676e-01,-2.037042922071872209e-01,1.020418188510294755e-01,4.116505308750942893e-01,3.584243811742364727e-01,-6.252906565486485158e-02,1.094045920766483632e-01,2.734894245006868063e-01,5.323172885809026589e-01,4.451191385987336435e-01,3.542849317681764920e-01,3.270664344044030836e-01,-5.321024115446891800e-01,4.033257803859542912e-01,2.123010466059495685e-02,1.364944813782982824e-01,4.720331067847081674e-01,-4.113272689774978841e-01,-1.862987936734595007e-01,3.780541492860319264e-01,5.789417193061525690e-01,2.405448808850575437e-01,-6.656942022589801278e-02,-7.634670275265392769e-02,7.429682566636788277e-01,-2.974564791073496250e-01,3.166527929912326678e-01,2.310391729705430497e-01,5.393366872340312757e-01,7.124067726947941326e-01,5.179209294264787156e-01,4.466414706697150599e-02,5.498876402868876356e-01,4.024929802546362567e-01,7.085870137538426983e-01,-2.124841363146077744e-01,6.003319070825162695e-01
5.560030081157609771e-01,1.051207071153015676e-01,1.000000000000000000e+00,-9.921956548548567512e-02,7.093607439255160685e-01,-1.873031718467481066e-01,1.527664027682675008e-01,-8.356224523048968456e-01,7.430815689449128403e-01,5.609962114006472600e-01,-1.592295992902621471e-01,-1.838512977033499307e-01,-1.023094650959471830e-01,6.310929472678323826e-01,7.671266052019334869e-02,5.935980834873528789e-01,1.890107971325846181e-01,9.922760360646831757e-02,2.974297703871829346e-01,6.446865519183582471e-02,6.603156210394127701e-01,6.544475840970355451e-02,4.970230167078553696e-01,5.923489421466793248e-01,3.682871645797967108e-01,7.095880363133253432e-01,2.113649771985465498e-01,6.718528957744859254e-01,4.538398434399472658e-01,5.705744408081341312e-01,4.501027534912590555e-01,5.668983196894399751e-02,4.495232252362688086e-01,4.847455210363326161e-01,1.628546892966728776e-01,2.121941162699496342e-02,-1.060832920143758712e-01,6.350769199586363545e-01,2.834828193188339007e-01
-3.378646571352159622e-01,-2.037042922071872209e-01,-9.921956548548567512e-02,1.000000000000000000e+00,1.628429211323316472e-01,-2.067854056739089064e-01,-4.847764474643113247e-02,-4.223865053733143887e-02,1.262958303448723507e-01,2.306146252540802527e-04,-1.370120538462485660e-01,9.479531667999660516e-02,-2.159303048423642235e-01,-8.635223586234780369e-02,3.848123360366120793e-01,-9.349232596915027504e-02,-1.561603147528969719e-02,6.102715079551773725e-01,7.091394823522262358e-02,4.088061161787235331e-01,9.603414691521888757e-02,9.630539453105212144e-02,-9.340861011333569108e-02,-6.975584552193302146e-02,1.914361281959809646e-01,-1.697139786395898686e-01,-4.244128045693587592e-01,6.642862397100676372e-03,-1.323830463368674548e-01,1.730904380278090460e-01,-4.331732637363450156e-01,-3.098277089188292699e-01,-3.081905335527030942e-01,3.187064969680672433e-01,-1.363288638513830420e-01,-3.232670032326935838e-01,-2.464716227405854554e-01,-8.635311172244142242e-02,-2.233724659613831598e-01
4.174727410627487867e-01,1.020418188510294755e-01,7.093607439255160685e-01,1.628429211323316472e-01,1.000000000000000000e+00,-1.424257997232860895e-01,1.387282858996179979e-01,-7.723803902796393395e-01,6.914212110054777094e-01,5.599005159689331990e-01,-5.662154865478043198e-02,-1.152851585846159793e-01,-1.984500206028561309e-01,5.980370343020496859e-01,1.697641492293659460e-01,5.333760307990267346e-01,1.980136909448861893e-01,3.840887257136542665e-01,2.300729396925942916e-01,8.775195072433106258e-02,5.602192317178473768e-01,7.827163286907182216e-02,5.028431382152318552e-01,4.616626036946750999e-01,4.519463981982541623e-01,5.146296433383972246e-01,6.134155904810448950e-02,5.468094780110275277e-01,3.682167047763455492e-01,6.017399760334430914e-01,2.502155665027681053e-01,-5.891073533838332710e-02,3.083837549083518481e-01,6.268978983757096390e-01,2.143625429073079125e-01,5.166635092404106219e-03,-9.547586097329500976e-02,4.269227219783431893e-01,1.302626839942108428e-01
5.144588721567631973e-02,4.116505308750942893e-01,-1.873031718467481066e-01,-2.067854056739089064e-01,-1.424257997232860895e-01,1.000000000000000000e+00,1.792870018814144983e-01,1.241928397622295843e-01,-2.270402025537099078e-01,5.338225381317229790e-02,7.836826604462124868e-01,6.907086218516490794e-02,-5.001955956583604979e-02,1.291150811013345445e-01,-4.257804816444529239e-01,6.350404067332889729e-03,3.550814007734782729e-01,-2.523320218592895207e-04,3.575820407153948097e-03,-4.088904088560297301e-01,-2.010731661600481390e-01,2.615805848554159097e-02,2.465878529949036557e-01,7.608192926679317736e-02,2.380784957825741316e-02,-3.162125216619454116e-01,4.055383992654530423e-01,-3.334304214148922640e-01,1.592690639136410957e-01,-1.887734906165259019e-01,3.120402955333969053e-01,3.832818139092832865e-01,4.190721238829744344e-01,-2.421133103250637242e-01,5.372276954310896135e-01,4.804448236270884021e-01,6.731251602015597690e-01,-2.593063780692940190e-01,1.793770019719878595e-01
2.517955162163831861e-01,3.584243811742364727e-01,1.527664027682675008e-01,-4.847764474643113247e-02,1.387282858996179979e-01,1.792870018814144983e-01,1.000000000000000000e+00,-1.679571915733052978e-01,1.796039094054908969e-01,-3.361867630443980681e-02,2.574529628507620238e-01,3.293451511980578506e-01,2.037694474729415672e-01,2.352533831917364149e-01,-1.723840343869343927e-01,1.985126991412420605e-01,1.558804268237834294e-02,3.963542950203124970e-02,4.010403299384157627e-01,-2.782307136262211489e-01,1.846953786000154335e-02,3.405881392250230122e-01,3.223505794755233134e-01,1.171049303576337242e-01,-1.629156168916270631e-01,-1.895490496435845926e-02,4.086946814058699529e-01,-1.476670092230005782e-01,1.401384148192489354e-01,7.204724808367531097e-02,4.284237941349469669e-01,4.856677140183938146e-01,3.268921080377472088e-01,1.772030053692458529e-01,3.428761881746546503e-01,1.936517974867100478e-01,3.701404115659872041e-01,1.633713389906552016e-02,4.345505564746764415e-01
-4.688217210891181264e-01,-6.252906565486485158e-02,-8.356224523048968456e-01,-4.223865053733143887e-02,-7.723803902796393395e-01,1.241928397622295843e-01,-1.679571915733052978e-01,1.000000000000000000e+00,-7.527883511864460475e-01,-5.564782838376862717e-01,9.098343691347773876e-02,1.744393406171085015e-01,2.328694407197875460e-01,-6.328907810777125720e-01,-1.697332387813768606e-01,-5.651246501063941219e-01,-2.505696403195417643e-01,-2.721084017168933222e-01,-2.577363484577051556e-01,-6.927495620972240475e-02,-7.070843188789399658e-01,-5.482471849152383003e-02,-4.854827477875751085e-01,-5.705537542881521373e-01,-4.427808961708852298e-01,-6.256851186975183055e-01,-1.262276611682951466e-01,-6.377646846570607098e-01,-4.026559112005417274e-01,-5.689580815320691709e-01,-3.695136207918937599e-01,3.527929313103422143e-02,-4.274629667965983981e-01,-5.635350001176423484e-01,-2.062925068938054884e-01,-3.997315273315948936e-02,1.055423994766303691e-01,-5.777493474766201009e-01,-2.207881774354081561e-01
4.641084428207495338e-01,1.094045920766483632e-01,7.430815689449128403e-01,1.262958303448723507e-01,6.914212110054777094e-01,-2.270402025537099078e-01,1.796039094054908969e-01,-7.527883511864460475e-01,1.000000000000000000e+00,5.387099410937281618e-01,-1.479771339323550372e-01,-5.734072042981893519e-02,-1.155684691914979079e-01,6.282211631462255585e-01,3.324422154560288667e-01,5.552500179160330118e-01,1.762122155121104428e-01,3.310522601776489937e-01,4.398687978420188216e-01,1.801620647622534932e-01,6.516295873896530422e-01,1.527823605595338974e-01,4.940882908873639456e-01,5.864888628043606333e-01,4.266261713361740315e-01,6.125979235956974245e-01,1.207803503519286059e-01,5.731439076153773682e-01,3.926044715917395012e-01,6.519183993373586228e-01,2.927509624052819226e-01,4.188686488878486797e-02,3.714247201771838647e-01,6.128662478507486133e-01,1.818126940181227225e-01,-8.632759006480900110e-02,-1.468908372390701211e-01,6.567975921352020574e-01,3.785420443622438125e-01
5.285756473871570105e-01,2.734894245006868063e-01,5.609962114006472600e-01,2.306146252540802527e-04,5.599005159689331990e-01,5.338225381317229790e-02,-3.361867630443980681e-02,-5.564782838376862717e-01,5.387099410937281618e-01,1.000000000000000000e+00,1.471022015303185826e-01,-2.937914139470332864e-01,-1.558047950376358348e-01,6.597913519876272836e-01,1.059222986010262268e-02,6.734740279103130778e-01,4.154307769188692046e-01,2.855084572688825206e-01,2.165253446052492758e-01,9.808352227396943679e-02,5.232430164418103713e-01,-7.903849538821337839e-02,5.415323701917945654e-01,5.879793874340586424e-01,5.993333912960424614e-01,5.250482982100714846e-01,1.056991262464768572e-01,5.186232499009444386e-01,6.394188908886681011e-01,7.160494262322086856e-01,1.651028221787761985e-01,-3.580338957802112199e-02,2.879203475342013707e-01,2.008772143423083467e-01,2.609381644054536431e-01,2.025138999070230927e-01,5.701967227756030154e-02,4.320361463137772917e-01,1.525087559794929826e-01
1.729670429356890693e-01,5.323172885809026589e-01,-1.592295992902621471e-01,-1.370120538462485660e-01,-5.662154865478043198e-02,7.836826604462124868e-01,2.574529628507620238e-01,9.098343691347773876e-02,-1.479771339323550372e-01,1.471022015303185826e-01,1.000000000000000000e+00,7.917605299736678315e-02,-3.967112220118478028e-02,1.695452754468891876e-01,-4.457733806939054300e-01,1.180357015920097535e-01,4.406421828383460526e-01,7.388641894517290754e-02,5.968081886144618875e-02,-4.112511392016652279e-01,-1.852169884227093111e-01,4.324630868726948157e-02,3.141115108258498712e-01,1.325315060658224797e-01,1.076163582846616645e-01,-2.664011680360527934e-01,4.614817766297553692e-01,-3.021279242045930569e-01,1.999441258928239817e-01,-4.244129849701005347e-02,2.941064058109639223e-01,4.547353428613157278e-01,3.716631505478993902e-01,-2.063905578142751773e-01,5.403546224912830764e-01,4.949648383738424195e-01,7.028756677879708370e-01,-2.436574823248814636e-01,2.588414114607485161e-01
-6.786590235162591467e-02,4.451191385987336435e-01,-1.838512977033499307e-01,9.479531667999660516e-02,-1.152851585846159793e-01,6.907086218516490794e-02,3.293451511980578506e-01,1.744393406171085015e-01,-5.734072042981893519e-02,-2.937914139470332864e-01,7.917605299736678315e-02,1.000000000000000000e+00,4.202637307083726959e-01,-5.476437436714357010e-02,-1.376611967501411293e-01,2.465058085063027288e-02,-4.557031326396391302e-01,1.754200052600837778e-01,4.570234706025062543e-01,-1.972522243918446716e-01,-3.339654207506804751e-01,6.224890428542999565e-01,1.536120058151816403e-01,-1.737079678659651238e-01,-5.039131354387620387e-01,-4.297386334088911242e-01,3.931509133287965363e-01,-5.828212483145668310e-01,-2.201209835534762571e-01,-7.379348737074767350e-02,2.505278783914306473e-01,5.236834061224761028e-01,1.274477546914670467e-01,2.667670376831066670e-01,2.235493048778305347e-01,-6.527463886772320346e-03,3.668667688512134428e-01,-4.413900133885718668e-01,4.510623280331639284e-01
1.975374123928150816e-01,3.542849317681764920e-01,-1.023094650959471830e-01,-2.159303048423642235e-01,-1.984500206028561309e-01,-5.001955956583604979e-02,2.037694474729415672e-01,2.328694407197875460e-01,-1.155684691914979079e-01,-1.558047950376358348e-01,-3.967112220118478028e-02,4.202637307083726959e-01,1.000000000000000000e+00,-6.548633430658931665e-02,-3.634871935737068460e-01,1.031522853793600814e-01,-3.550470586173039012e-01,-1.939489101774357904e-01,2.828257121366531956e-01,-2.959852888309783547e-01,-3.334180965519942252e-01,2.749193216658040728e-01,1.393377120734029251e-01,-1.499211915719778354e-01,-4.184687216353109585e-01,-8.647127380268693209e-02,3.502259544145965298e-01,-3.677831053030047315e-01,3.982604755634926164e-02,-5.200997273892252193e-02,1.967031620872353448e-01,4.814922478019902918e-01,1.038411077604293603e-01,-1.690981356578176997e-01,8.567237670035709324e-03,-5.341760164003282046e-02,2.129225678614016792e-01,-2.368616709531936315e-01,2.979402094966345782e-01
5.229679123140718033e-01,3.270664344044030836e-01,6.310929472678323826e-01,-8.635223586234780369e-02,5.980370343020496859e-01,1.291150811013345445e-01,2.352533831917364149e-01,-6.328907810777125720e-01,6.282211631462255585e-01,6.597913519876272836e-01,1.695452754468891876e-01,-5.476437436714357010e-02,-6.548633430658931665e-02,1.000000000000000000e+00,-2.150474997166129318e-02,6.412148687143024439e-01,3.613954640140930041e-01,2.565884661314638548e-01,4.388367334918693574e-01,-7.240926114667475821e-02,5.161110061086062739e-01,1.144975206202015483e-01,6.305797134607359355e-01,6.919903929057791281e-01,3.794480372031251436e-01,5.065816191910403887e-01,3.048826576065827298e-01,4.175547986594830840e-01,6.312217183126638265e-01,6.494442660950690005e-01,4.104459610896488697e-01,2.115909307869465183e-01,4.748357148269866657e-01,3.615142155862294260e-01,4.375445247133030735e-01,1.820508215817594200e-01,2.084004669258955056e-01,4.272479451473798484e-01,3.453113305830063373e-01
-2.967218986156905380e-01,-5.321024115446891800e-01,7.671266052019334869e-02,3.848123360366120793e-01,1.697641492293659460e-01,-4.257804816444529239e-01,-1.723840343869343927e-01,-1.697332387813768606e-01,3.324422154560288667e-01,1.059222986010262268e-02,-4.457733806939054300e-01,-1.376611967501411293e-01,-3.634871935737068460e-01,-2.150474997166129318e-02,1.000000000000000000e+00,-1.028430973617762700e-01,-1.140502044987885474e-02,2.827017099451098470e-01,-4.290363666921952895e-02,4.876635048242252135e-01,3.855195631339028983e-01,-8.644455250737391461e-02,-3.268523656394292098e-01,-8.406892227505614185e-03,2.330620342477304763e-01,1.916560840457262604e-01,-6.083815416782097918e-01,3.275717432318357436e-01,-1.359575350228453827e-01,1.861879631713752037e-01,-4.788987842772386427e-01,-5.313218088246485227e-01,-3.385548142103072533e-01,3.484518956728145933e-01,-3.153137400808714297e-01,-4.517740533016756377e-01,-6.012235547466122654e-01,3.468670894384944803e-01,-2.160941609031346022e-01
6.621900804113395322e-01,4.033257803859542912e-01,5.935980834873528789e-01,-9.349232596915027504e-02,5.333760307990267346e-01,6.350404067332889729e-03,1.985126991412420605e-01,-5.651246501063941219e-01,5.552500179160330118e-01,6.734740279103130778e-01,1.180357015920097535e-01,2.465058085063027288e-02,1.031522853793600814e-01,6.412148687143024439e-01,-1.028430973617762700e-01,1.000000000000000000e+00,1.432543911083650479e-01,1.885727360600908398e-01,3.612141136543167708e-01,2.643751082289095417e-02,4.668247045722140331e-01,1.907313852703243495e-01,6.420546442411905197e-01,4.922160487722357924e-01,2.900990570339336827e-01,4.675714880584440625e-01,3.239920973443959906e-01,3.338533548987430155e-01,5.087415459043387322e-01,6.993386880615073409e-01,3.639993296666568789e-01,2.593979804520603061e-01,3.567983170560486972e-01,2.984213097021799488e-01,3.339604228173361777e-01,2.810703624805840906e-01,1.535051369552609679e-01,3.229729503366942645e-01,3.761673676628978225e-01
2.088135924878956329e-01,2.123010466059495685e-02,1.890107971325846181e-01,-1.561603147528969719e-02,1.980136909448861893e-01,3.550814007734782729e-01,1.558804268237834294e-02,-2.505696403195417643e-01,1.762122155121104428e-01,4.154307769188692046e-01,4.406421828383460526e-01,-4.557031326396391302e-01,-3.550470586173039012e-01,3.613954640140930041e-01,-1.140502044987885474e-02,1.432543911083650479e-01,1.000000000000000000e+00,4.373860691782392035e-02,-1.419767079096169449e-01,-8.192603829697990558e-02,3.078212335205809391e-01,-3.070940954717937821e-01,2.209654160681377988e-01,4.277185492758407981e-01,5.849226278205913454e-01,2.622973000716462555e-01,-9.983233388979882370e-03,3.528078704976702618e-01,3.984602384538870057e-01,2.360514557667757751e-01,4.360913338448701299e-02,-7.533482045464114096e-02,1.886426653731036185e-01,-8.990318078088907483e-02,2.223915565149454376e-01,1.856578349604012523e-01,1.345923387064017485e-01,3.125109205096024967e-01,-6.501421675202782857e-02
-1.313876132078487247e-01,1.364944813782982824e-01,9.922760360646831757e-02,6.102715079551773725e-01,3.840887257136542665e-01,-2.523320218592895207e-04,3.963542950203124970e-02,-2.721084017168933222e-01,3.310522601776489937e-01,2.855084572688825206e-01,7.388641894517290754e-02,1.754200052600837778e-01,-1.939489101774357904e-01,2.565884661314638548e-01,2.827017099451098470e-01,1.885727360600908398e-01,4.373860691782392035e-02,1.000000000000000000e+00,3.360862662271788537e-01,1.605119342309692665e-01,2.019995611665237056e-01,1.456304039482549106e-01,1.854516624816004711e-01,1.673986601818109321e-01,2.167046949527932365e-01,-8.883414169807959948e-02,-1.257979070671579602e-01,1.459349542486389206e-02,9.931484265690708468e-02,3.607245085668562834e-01,-1.594998182814967858e-01,-1.106992818769364922e-01,1.317131940695183412e-02,3.913906236094273350e-01,2.144891509490891301e-01,-1.499101993454950155e-01,4.915947213946324224e-02,-9.863866821562657095e-02,-1.715252095095475687e-02
2.584155389707131212e-01,4.720331067847081674e-01,2.974297703871829346e-01,7.091394823522262358e-02,2.300729396925942916e-01,3.575820407153948097e-03,4.010403299384157627e-01,-2.577363484577051556e-01,4.398687978420188216e-01,2.165253446052492758e-01,5.968081886144618875e-02,4.570234706025062543e-01,2.828257121366531956e-01,4.388367334918693574e-01,-4.290363666921952895e-02,3.612141136543167708e-01,-1.419767079096169449e-01,3.360862662271788537e-01,1.000000000000000000e+00,-6.528335004409810405e-02,1.075288077589835883e-01,4.347380079973781619e-01,4.424359128758214021e-01,3.269618141769709552e-01,-1.420818736118055481e-01,6.720803930561755624e-02,4.472586150597674948e-01,-9.350172628903122285e-02,2.132341114474649857e-01,3.432458681992618943e-01,4.080171247744492358e-01,4.769092034477379061e-01,3.558926776622247656e-01,3.111427292587573556e-01,3.147388022628477833e-01,2.701071999570368865e-02,2.991826064957443521e-01,1.185933812162271173e-01,6.298551906351863572e-01
-2.243740436873831734e-01,-4.113272689774978841e-01,6.446865519183582471e-02,4.088061161787235331e-01,8.775195072433106258e-02,-4.088904088560297301e-01,-2.782307136262211489e-01,-6.927495620972240475e-02,1.801620647622534932e-01,9.808352227396943679e-02,-4.112511392016652279e-01,-1.972522243918446716e-01,-2.959852888309783547e-01,-7.240926114667475821e-02,4.876635048242252135e-01,2.643751082289095417e-02,-8.192603829697990558e-02,1.605119342309692665e-01,-6.528335004409810405e-02,1.000000000000000000e+00,3.450848066041376505e-01,1.190243960491997460e-01,-1.893595702770344280e-01,-2.821664073838070150e-02,1.907069529126551588e-01,1.836480144751754806e-01,-4.682882584401374393e-01,3.613975971888930272e-01,-1.610444629640996606e-01,2.694041523502561097e-01,-4.000594338558614016e-01,-4.479679513247661338e-01,-3.608429601973978662e-01,2.635386915293089216e-01,-3.161165165079592443e-01,-2.158953276103282026e-01,-5.123622752208935038e-01,2.174645698829257012e-01,-2.478252745471691831e-01
3.130976784987007377e-01,-1.862987936734595007e-01,6.603156210394127701e-01,9.603414691521888757e-02,5.602192317178473768e-01,-2.010731661600481390e-01,1.846953786000154335e-02,-7.070843188789399658e-01,6.516295873896530422e-01,5.232430164418103713e-01,-1.852169884227093111e-01,-3.339654207506804751e-01,-3.334180965519942252e-01,5.161110061086062739e-01,3.855195631339028983e-01,4.668247045722140331e-01,3.078212335205809391e-01,2.019995611665237056e-01,1.075288077589835883e-01,3.450848066041376505e-01,1.000000000000000000e+00,-1.017580291611807214e-01,2.550188677107915192e-01,4.596723914607596662e-01,5.020761453619164705e-01,6.413565683228786840e-01,-1.491058181837655316e-01,7.004419369343221069e-01,3.578663817807323788e-01,5.498505442658581099e-01,1.015928438195971978e-01,-2.531342162033473620e-01,2.083473971722178408e-01,4.074403436506168208e-01,1.390972366464327155e-02,-2.895058412424694402e-02,-3.204356130404605874e-01,6.313656183643535647e-01,5.175341954054265420e-02
4.530464856963871412e-02,3.780541492860319264e-01,6.544475840970355451e-02,9.630539453105212144e-02,7.827163286907182216e-02,2.615805848554159097e-02,3.405881392250230122e-01,-5.482471849152383003e-02,1.527823605595338974e-01,-7.903849538821337839e-02,4.324630868726948157e-02,6.224890428542999565e-01,2.749193216658040728e-01,1.144975206202015483e-01,-8.644455250737391461e-02,1.907313852703243495e-01,-3.070940954717937821e-01,1.456304039482549106e-01,4.347380079973781619e-01,1.190243960491997460e-01,-1.017580291611807214e-01,1.000000000000000000e+00,2.495212764969132191e-01,1.091255325094877757e-02,-3.409934007480459051e-01,-1.649413732074974659e-01,3.872799956675402333e-01,-2.566287237816678446e-01,-1.092407778830620929e-01,1.341743587426148521e-01,3.418926871967647441e-01,4.329733440953402179e-01,2.035746254505877706e-01,4.556074005474872179e-01,2.183640349489741339e-01,1.499443152255836575e-01,2.801442153108122390e-01,-1.622694333330096661e-01,4.531758694076649663e-01
6.345423514870266457e-01,5.789417193061525690e-01,4.970230167078553696e-01,-9.340861011333569108e-02,5.028431382152318552e-01,2.465878529949036557e-01,3.223505794755233134e-01,-4.854827477875751085e-01,4.940882908873639456e-01,5.415323701917945654e-01,3.141115108258498712e-01,1.536120058151816403e-01,1.393377120734029251e-01,6.305797134607359355e-01,-3.268523656394292098e-01,6.420546442411905197e-01,2.209654160681377988e-01,1.854516624816004711e-01,4.424359128758214021e-01,-1.893595702770344280e-01,2.550188677107915192e-01,2.495212764969132191e-01,1.000000000000000000e+00,5.570314711859840617e-01,3.010860035444374305e-01,2.701130230250320396e-01,5.146769270900770632e-01,1.347402208512260002e-01,4.584625262567215698e-01,5.022006009273113358e-01,5.629094549570811123e-01,4.399121848908909560e-01,5.706593442762419865e-01,3.190850891377820520e-01,5.177182870025913708e-01,3.562007015485134098e-01,4.022504139175342441e-01,2.129733559457282210e-01,4.993339263230405223e-01
4.602659392482313927e-01,2.405448808850575437e-01,5.923489421466793248e-01,-6.975584552193302146e-02,4.616626036946750999e-01,7.608192926679317736e-02,1.171049303576337242e-01,-5.705537542881521373e-01,5.864888628043606333e-01,5.879793874340586424e-01,1.325315060658224797e-01,-1.737079678659651238e-01,-1.499211915719778354e-01,6.919903929057791281e-01,-8.406892227505614185e-03,4.922160487722357924e-01,4.277185492758407981e-01,1.673986601818109321e-01,3.269618141769709552e-01,-2.821664073838070150e-02,4.596723914607596662e-01,1.091255325094877757e-02,5.570314711859840617e-01,1.000000000000000000e+00,4.463177407730373747e-01,5.011623125126278833e-01,2.381111233615152700e-01,4.632564475189096531e-01,5.584807574522129281e-01,5.440120665873466876e-01,3.710345637097361426e-01,1.701196255544681624e-01,4.402757684264052562e-01,2.441853538270686574e-01,3.843384150024101165e-01,7.205193577597093779e-02,1.548854215151017066e-01,5.119486051800833382e-01,3.007711128736775819e-01
3.208888556014947713e-01,-6.656942022589801278e-02,3.682871645797967108e-01,1.914361281959809646e-01,4.519463981982541623e-01,2.380784957825741316e-02,-1.629156168916270631e-01,-4.427808961708852298e-01,4.266261713361740315e-01,5.993333912960424614e-01,1.076163582846616645e-01,-5.039131354387620387e-01,-4.184687216353109585e-01,3.794480372031251436e-01,2.330620342477304763e-01,2.900990570339336827e-01,5.849226278205913454e-01,2.167046949527932365e-01,-1.420818736118055481e-01,1.907069529126551588e-01,5.020761453619164705e-01,-3.409934007480459051e-01,3.010860035444374305e-01,4.463177407730373747e-01,1.000000000000000000e+00,4.611171515724206138e-01,-2.089558259499567361e-01,5.665498662400438867e-01,4.296427879066049837e-01,4.691218659627126586e-01,-1.133946685560263262e-01,-3.124128660101565536e-01,1.208222655318210020e-01,1.557198034498969152e-01,1.102530654153341116e-01,4.853493930087815489e-02,-1.492390058215584403e-01,4.761442246374251175e-01,-9.676588064548480306e-02
5.528770183948542583e-01,-7.634670275265392769e-02,7.095880363133253432e-01,-1.697139786395898686e-01,5.146296433383972246e-01,-3.162125216619454116e-01,-1.895490496435845926e-02,-6.256851186975183055e-01,6.125979235956974245e-01,5.250482982100714846e-01,-2.664011680360527934e-01,-4.297386334088911242e-01,-8.647127380268693209e-02,5.065816191910403887e-01,1.916560840457262604e-01,4.675714880584440625e-01,2.622973000716462555e-01,-8.883414169807959948e-02,6.720803930561755624e-02,1.836480144751754806e-01,6.413565683228786840e-01,-1.649413732074974659e-01,2.701130230250320396e-01,5.011623125126278833e-01,4.611171515724206138e-01,1.000000000000000000e+00,6.022227467906877962e-03,7.734620007125018182e-01,5.306920824094528699e-01,5.550737706243485947e-01,1.809625264818027490e-01,-1.224071885765970757e-01,2.535187129694437269e-01,2.352228455553156128e-01,-3.290502831895795316e-02,-8.241645647529138863e-02,-3.026018330320260352e-01,6.978746069112689021e-01,7.352393586113958879e-02
4.663053168650190816e-01,7.429682566636788277e-01,2.113649771985465498e-01,-4.244128045693587592e-01,6.134155904810448950e-02,4.055383992654530423e-01,4.086946814058699529e-01,-1.262276611682951466e-01,1.207803503519286059e-01,1.056991262464768572e-01,4.614817766297553692e-01,3.931509133287965363e-01,3.502259544145965298e-01,3.048826576065827298e-01,-6.083815416782097918e-01,3.239920973443959906e-01,-9.983233388979882370e-03,-1.257979070671579602e-01,4.472586150597674948e-01,-4.682882584401374393e-01,-1.491058181837655316e-01,3.872799956675402333e-01,5.146769270900770632e-01,2.381111233615152700e-01,-2.089558259499567361e-01,6.022227467906877962e-03,1.000000000000000000e+00,-2.124387197125150728e-01,2.173512129635944146e-01,5.466593371249089256e-02,7.379745584062634700e-01,7.732978342633221036e-01,6.258710705422423359e-01,4.137436771089686438e-02,5.459332217925404462e-01,4.443751837717460074e-01,6.967782959222278416e-01,-8.655341763196103266e-02,6.646725303755640635e-01
3.070366347073166247e-01,-2.974564791073496250e-01,6.718528957744859254e-01,6.642862397100676372e-03,5.468094780110275277e-01,-3.334304214148922640e-01,-1.476670092230005782e-01,-6.377646846570607098e-01,5.731439076153773682e-01,5.186232499009444386e-01,-3.021279242045930569e-01,-5.828212483145668310e-01,-3.677831053030047315e-01,4.175547986594830840e-01,3.275717432318357436e-01,3.338533548987430155e-01,3.528078704976702618e-01,1.459349542486389206e-02,-9.350172628903122285e-02,3.613975971888930272e-01,7.004419369343221069e-01,-2.566287237816678446e-01,1.347402208512260002e-01,4.632564475189096531e-01,5.665498662400438867e-01,7.734620007125018182e-01,-2.124387197125150728e-01,1.000000000000000000e+00,3.796702052083342771e-01,4.902165752834911627e-01,1.766773120318015228e-02,-3.829386654167041826e-01,9.224318892102587042e-02,2.775839707775674126e-01,-1.171400075666645946e-01,-1.151628846588814009e-01,-4.277811347775272166e-01,7.038282856472477533e-01,-1.517417676560435524e-01
5.741815797072234995e-01,3.166527929912326678e-01,4.538398434399472658e-01,-1.323830463368674548e-01,3.682167047763455492e-01,1.592690639136410957e-01,1.401384148192489354e-01,-4.026559112005417274e-01,3.926044715917395012e-01,6.394188908886681011e-01,1.999441258928239817e-01,-2.201209835534762571e-01,3.982604755634926164e-02,6.312217183126638265e-01,-1.359575350228453827e-01,5.087415459043387322e-01,3.984602384538870057e-01,9.931484265690708468e-02,2.132341114474649857e-01,-1.610444629640996606e-01,3.578663817807323788e-01,-1.092407778830620929e-01,4.584625262567215698e-01,5.584807574522129281e-01,4.296427879066049837e-01,5.306920824094528699e-01,2.173512129635944146e-01,3.796702052083342771e-01,1.000000000000000000e+00,5.427093924136909830e-01,2.662257274278430064e-01,1.766216539565932941e-01,4.201660938834265169e-01,3.830352995703146385e-02,3.028745486763089745e-01,1.245011122664251846e-01,2.116860353182330179e-01,3.667757622369905990e-01,1.718749587137436696e-01
4.896624117754965200e-01,2.310391729705430497e-01,5.705744408081341312e-01,1.730904380278090460e-01,6.017399760334430914e-01,-1.887734906165259019e-01,7.204724808367531097e-02,-5.689580815320691709e-01,6.519183993373586228e-01,7.160494262322086856e-01,-4.244129849701005347e-02,-7.379348737074767350e-02,-5.200997273892252193e-02,6.494442660950690005e-01,1.861879631713752037e-01,6.993386880615073409e-01,2.360514557667757751e-01,3.607245085668562834e-01,3.432458681992618943e-01,2.694041523502561097e-01,5.498505442658581099e-01,1.341743587426148521e-01,5.022006009273113358e-01,5.440120665873466876e-01,4.691218659627126586e-01,5.550737706243485947e-01,5.466593371249089256e-02,4.902165752834911627e-01,5.427093924136909830e-01,1.000000000000000000e+00,9.207315048478445507e-02,2.852065453546038382e-02,1.845761541384173532e-01,4.015230004114967444e-01,1.687159073694657063e-01,2.149774652311268672e-02,-7.826081356922391652e-02,4.394043340613368320e-01,2.277817247760306474e-01
5.082418407790697534e-01,5.393366872340312757e-01,4.501027534912590555e-01,-4.331732637363450156e-01,2.502155665027681053e-01,3.120402955333969053e-01,4.284237941349469669e-01,-3.695136207918937599e-01,2.927509624052819226e-01,1.651028221787761985e-01,2.941064058109639223e-01,2.505278783914306473e-01,1.967031620872353448e-01,4.104459610896488697e-01,-4.788987842772386427e-01,3.639993296666568789e-01,4.360913338448701299e-02,-1.594998182814967858e-01,4.080171247744492358e-01,-4.000594338558614016e-01,1.015928438195971978e-01,3.418926871967647441e-01,5.629094549570811123e-01,3.710345637097361426e-01,-1.133946685560263262e-01,1.809625264818027490e-01,7.379745584062634700e-01,1.766773120318015228e-02,2.662257274278430064e-01,9.207315048478445507e-02,1.000000000000000000e+00,6.177917173517776250e-01,7.340635284281148421e-01,2.226420138497871015e-01,5.072291942726424585e-01,3.909714616165644863e-01,5.057393994712322538e-01,1.550034938428825060e-01,6.003555862500516982e-01
3.835952774179770541e-01,7.124067726947941326e-01,5.668983196894399751e-02,-3.098277089188292699e-01,-5.891073533838332710e-02,3.832818139092832865e-01,4.856677140183938146e-01,3.527929313103422143e-02,4.188686488878486797e-02,-3.580338957802112199e-02,4.547353428613157278e-01,5.236834061224761028e-01,4.814922478019902918e-01,2.115909307869465183e-01,-5.313218088246485227e-01,2.593979804520603061e-01,-7.533482045464114096e-02,-1.106992818769364922e-01,4.769092034477379061e-01,-4.479679513247661338e-01,-2.531342162033473620e-01,4.329733440953402179e-01,4.399121848908909560e-01,1.701196255544681624e-01,-3.124128660101565536e-01,-1.224071885765970757e-01,7.732978342633221036e-01,-3.829386654167041826e-01,1.766216539565932941e-01,2.852065453546038382e-02,6.177917173517776250e-01,1.000000000000000000e+00,4.974254285011522336e-01,-4.219517508457527703e-03,4.782836134147233631e-01,2.817192888350504298e-01,6.845314451704446190e-01,-1.563314526551998485e-01,6.752953491328186342e-01
4.842209316381455020e-01,5.179209294264787156e-01,4.495232252362688086e-01,-3.081905335527030942e-01,3.083837549083518481e-01,4.190721238829744344e-01,3.268921080377472088e-01,-4.274629667965983981e-01,3.714247201771838647e-01,2.879203475342013707e-01,3.716631505478993902e-01,1.274477546914670467e-01,1.038411077604293603e-01,4.748357148269866657e-01,-3.385548142103072533e-01,3.567983170560486972e-01,1.886426653731036185e-01,1.317131940695183412e-02,3.558926776622247656e-01,-3.608429601973978662e-01,2.083473971722178408e-01,2.035746254505877706e-01,5.706593442762419865e-01,4.402757684264052562e-01,1.208222655318210020e-01,2.535187129694437269e-01,6.258710705422423359e-01,9.224318892102587042e-02,4.201660938834265169e-01,1.845761541384173532e-01,7.340635284281148421e-01,4.974254285011522336e-01,1.000000000000000000e+00,2.271077879932565380e-01,5.940078972027243998e-01,3.587268168204365004e-01,4.788198781419119587e-01,2.070917214987821608e-01,5.291978187645836051e-01
1.252903634372511121e-01,4.466414706697150599e-02,4.847455210363326161e-01,3.187064969680672433e-01,6.268978983757096390e-01,-2.421133103250637242e-01,1.772030053692458529e-01,-5.635350001176423484e-01,6.128662478507486133e-01,2.008772143423083467e-01,-2.063905578142751773e-01,2.667670376831066670e-01,-1.690981356578176997e-01,3.615142155862294260e-01,3.484518956728145933e-01,2.984213097021799488e-01,-8.990318078088907483e-02,3.913906236094273350e-01,3.111427292587573556e-01,2.635386915293089216e-01,4.074403436506168208e-01,4.556074005474872179e-01,3.190850891377820520e-01,2.441853538270686574e-01,1.557198034498969152e-01,2.352228455553156128e-01,4.137436771089686438e-02,2.775839707775674126e-01,3.830352995703146385e-02,4.015230004114967444e-01,2.226420138497871015e-01,-4.219517508457527703e-03,2.271077879932565380e-01,1.000000000000000000e+00,1.094933077111328174e-01,-8.978111634696024634e-02,-1.397268904661872480e-01,2.606661433643860382e-01,2.363065417929072765e-01
2.986020322386017112e-01,5.498876402868876356e-01,1.628546892966728776e-01,-1.363288638513830420e-01,2.143625429073079125e-01,5.372276954310896135e-01,3.428761881746546503e-01,-2.062925068938054884e-01,1.818126940181227225e-01,2.609381644054536431e-01,5.403546224912830764e-01,2.235493048778305347e-01,8.567237670035709324e-03,4.375445247133030735e-01,-3.153137400808714297e-01,3.339604228173361777e-01,2.223915565149454376e-01,2.144891509490891301e-01,3.147388022628477833e-01,-3.161165165079592443e-01,1.390972366464327155e-02,2.183640349489741339e-01,5.177182870025913708e-01,3.843384150024101165e-01,1.102530654153341116e-01,-3.290502831895795316e-02,5.459332217925404462e-01,-1.171400075666645946e-01,3.028745486763089745e-01,1.687159073694657063e-01,5.072291942726424585e-01,4.782836134147233631e-01,5.940078972027243998e-01,1.094933077111328174e-01,1.000000000000000000e+00,3.480603158661141339e-01,6.273251053364041763e-01,-5.594249499023031674e-02,3.969073853142913166e-01
2.947158105208660950e-01,4.024929802546362567e-01,2.121941162699496342e-02,-3.232670032326935838e-01,5.166635092404106219e-03,4.804448236270884021e-01,1.936517974867100478e-01,-3.997315273315948936e-02,-8.632759006480900110e-02,2.025138999070230927e-01,4.949648383738424195e-01,-6.527463886772320346e-03,-5.341760164003282046e-02,1.820508215817594200e-01,-4.517740533016756377e-01,2.810703624805840906e-01,1.856578349604012523e-01,-1.499101993454950155e-01,2.701071999570368865e-02,-2.158953276103282026e-01,-2.895058412424694402e-02,1.499443152255836575e-01,3.562007015485134098e-01,7.205193577597093779e-02,4.853493930087815489e-02,-8.241645647529138863e-02,4.443751837717460074e-01,-1.151628846588814009e-01,1.245011122664251846e-01,2.149774652311268672e-02,3.909714616165644863e-01,2.817192888350504298e-01,3.587268168204365004e-01,-8.978111634696024634e-02,3.480603158661141339e-01,1.000000000000000000e+00,4.638529339931852791e-01,-6.877093758419540459e-02,2.665027003486168944e-01
2.364511651814366344e-01,7.085870137538426983e-01,-1.060832920143758712e-01,-2.464716227405854554e-01,-9.547586097329500976e-02,6.731251602015597690e-01,3.701404115659872041e-01,1.055423994766303691e-01,-1.468908372390701211e-01,5.701967227756030154e-02,7.028756677879708370e-01,3.668667688512134428e-01,2.129225678614016792e-01,2.084004669258955056e-01,-6.012235547466122654e-01,1.535051369552609679e-01,1.345923387064017485e-01,4.915947213946324224e-02,2.991826064957443521e-01,-5.123622752208935038e-01,-3.204356130404605874e-01,2.801442153108122390e-01,4.022504139175342441e-01,1.548854215151017066e-01,-1.492390058215584403e-01,-3.026018330320260352e-01,6.967782959222278416e-01,-4.277811347775272166e-01,2.116860353182330179e-01,-7.826081356922391652e-02,5.057393994712322538e-01,6.845314451704446190e-01,4.788198781419119587e-01,-1.397268904661872480e-01,6.273251053364041763e-01,4.638529339931852791e-01,1.000000000000000000e+00,-3.450651856904881631e-01,4.447669710062905901e-01
4.031037240587092563e-01,-2.124841363146077744e-01,6.350769199586363545e-01,-8.635311172244142242e-02,4.269227219783431893e-01,-2.593063780692940190e-01,1.633713389906552016e-02,-5.777493474766201009e-01,6.567975921352020574e-01,4.320361463137772917e-01,-2.436574823248814636e-01,-4.413900133885718668e-01,-2.368616709531936315e-01,4.272479451473798484e-01,3.468670894384944803e-01,3.229729503366942645e-01,3.125109205096024967e-01,-9.863866821562657095e-02,1.185933812162271173e-01,2.174645698829257012e-01,6.313656183643535647e-01,-1.622694333330096661e-01,2.129733559457282210e-01,5.119486051800833382e-01,4.761442246374251175e-01,6.978746069112689021e-01,-8.655341763196103266e-02,7.038282856472477533e-01,3.667757622369905990e-01,4.394043340613368320e-01,1.550034938428825060e-01,-1.563314526551998485e-01,2.070917214987821608e-01,2.606661433643860382e-01,-5.594249499023031674e-02,-6.877093758419540459e-02,-3.450651856904881631e-01,1.000000000000000000e+00,1.998298097177531318e-01
4.709881523640188639e-01,6.003319070825162695e-01,2.834828193188339007e-01,-2.233724659613831598e-01,1.302626839942108428e-01,1.793770019719878595e-01,4.345505564746764415e-01,-2.207881774354081561e-01,3.785420443622438125e-01,1.525087559794929826e-01,2.588414114607485161e-01,4.510623280331639284e-01,2.979402094966345782e-01,3.453113305830063373e-01,-2.160941609031346022e-01,3.761673676628978225e-01,-6.501421675202782857e-02,-1.715252095095475687e-02,6.298551906351863572e-01,-2.478252745471691831e-01,5.175341954054265420e-02,4.531758694076649663e-01,4.993339263230405223e-01,3.007711128736775819e-01,-9.676588064548480306e-02,7.352393586113958879e-02,6.646725303755640635e-01,-1.517417676560435524e-01,1.718749587137436696e-01,2.277817247760306474e-01,6.003555862500516982e-01,6.752953491328186342e-01,5.291978187645836051e-01,2.363065417929072765e-01,3.969073853142913166e-01,2.665027003486168944e-01,4.447669710062905901e-01,1.998298097177531318e-01,1.000000000000000000e+00
