1.000000000000000000e+00,3.105706479659951502e-01,6.809788363948513501e-01,4.979659158709408007e-01,4.235099385839546926e-01,-1.057574819101190361e-01,-1.003791587406654418e-01,-6.185117792356483735e-01,7.820433936026380817e-01,7.250726752446697843e-01,-3.025570300345804542e-01,3.371321972703757441e-01,-4.846230221312735481e-02,6.134632968342951936e-02,-1.790851360800250758e-01,7.620297934000582751e-01,-1.548837889017682379e-01,5.526204805149420585e-01,6.033677197728993802e-01,2.097835607498760302e-01,-4.385894476929437236e-01,-4.012797634116309076e-01,-7.227867059265710714e-02,1.552418277836150051e-01,-8.373617950116474251e-02,8.871807191750427646e-02,1.340710784354264551e-01,-1.600307514136219134e-01,-2.059062596915144372e-01,7.705109489400080447e-01,-1.429425942125422122e-01,-5.720136099538141589e-02,-1.477841856370165907e-01,6.088604720034711537e-01,1.122697882468099741e-02,-3.223880542415586969e-01,-6.987395847384725300e-02,7.205120964010520712e-01,4.672653169233313419e-01
3.105706479659951502e-01,1.000000000000000000e+00,2.816812955787266204e-01,-2.585262079424541781e-01,5.795717303853190616e-01,1.839831144353231140e-01,5.638350224005479472e-01,-2.963339771725934657e-01,2.463395781934730674e-02,2.663218627501479432e-02,2.335281163352680156e-01,2.417558698004281317e-02,-3.126934348369704297e-01,5.375719932228528730e-01,2.579797913218192518e-01,-7.354399459589873282e-03,2.075129433495634668e-01,-3.160726861755911443e-01,-2.118401032616793744e-01,-1.251676412275615213e-01,3.304004910239263793e-01,3.954447924603627929e-01,5.232137291301935944e-01,5.917729077145408301e-01,4.838921201892657509e-01,5.995522930238587067e-01,5.421282697214044877e-01,3.820402954979423837e-01,4.633364232930647364e-01,3.218971745578590865e-02,5.793427731970772765e-01,6.186857465427864078e-01,4.004478592630336675e-01,2.398215806425048613e-01,6.165335868947441345e-01,4.672561934722390675e-01,6.026964456019169303e-01,-4.625239354499042360e-02,6.851797170961108907e-02
6.809788363948513501e-01,2.816812955787266204e-01,1.000000000000000000e+00,3.247395756291306945e-01,6.693470075998259050e-01,1.208356334301916163e-01,1.206112759100028270e-01,-8.215308960676331873e-01,5.668048112256415250e-01,5.040917127875144121e-01,-4.753548952892103219e-02,3.249398289320744038e-01,-1.384901962616373328e-01,3.295043952431112588e-01,-8.815823563489942616e-02,6.162889593860604309e-01,1.186121209868840620e-01,3.406640653169552557e-01,4.204566337790820452e-01,1.216080284903880565e-01,-1.352583162521621418e-01,-7.692583096390112618e-02,2.140903854679721552e-01,2.730705459480065600e-01,2.067359200050731538e-01,2.452966826512770204e-01,3.486503342081626045e-01,7.964120846009403731e-02,-1.410270736058679385e-02,5.926879987765323321e-01,1.199469437078940631e-01,7.227966344818431699e-02,2.503435152070431768e-01,6.999175619084850863e-01,1.085118271889086161e-01,-1.222653947384532841e-01,3.798816894628379709e-02,5.612256445178437358e-01,3.553563238186663309e-01
4.979659158709408007e-01,-2.585262079424541781e-01,3.247395756291306945e-01,1.000000000000000000e+00,-1.823476171619050068e-01,-4.224876009601651328e-01,-3.432362112800526055e-01,-1.147687864081876757e-01,8.103194162781033327e-01,7.823583392229447320e-01,-5.918585627333358135e-01,5.315327563011552625e-01,2.188411288757426965e-01,-5.494248083727725218e-01,-5.250083069118588464e-01,7.657827060152524457e-01,-5.198568903331926006e-01,9.004864487201904577e-01,8.775769271537804395e-01,4.096827295932438107e-01,-8.008881253384088073e-01,-8.005476849788398797e-01,-5.540334548471027576e-01,-4.627971553257798076e-01,-5.629175791180978106e-01,-6.074054447652462718e-01,-4.590551063519157093e-01,-6.868561273637558973e-01,-7.704759399982891166e-01,7.616991407392323943e-01,-6.800645700680945094e-01,-6.796309828789077745e-01,-6.241013137481125073e-01,4.416411373186468481e-01,-5.628552569676247286e-01,-7.798778658756845283e-01,-6.279761639125706063e-01,8.373826429548409944e-01,7.049142645088771753e-01
4.235099385839546926e-01,5.795717303853190616e-01,6.693470075998259050e-01,-1.823476171619050068e-01,1.000000000000000000e+00,4.024471315867654275e-01,3.440924284221927310e-01,-6.908438803481982138e-01,1.275387042715199204e-01,9.300026430528697541e-02,3.586582286652249540e-01,8.389513981915917851e-02,-2.766973310157968546e-01,6.984051622744390508e-01,2.379122108461877438e-01,2.151070826136620984e-01,4.302620737130032902e-01,-1.781023766693557164e-01,-9.777774244369798196e-02,-1.473177810847748070e-01,2.730272565424624043e-01,3.969974482824291662e-01,6.118900600064310913e-01,6.280089001714795893e-01,5.753945191741975940e-01,5.939304241838029297e-01,6.817567743299700611e-01,4.383320981775805092e-01,4.281478949237291221e-01,1.954466031368820855e-01,5.971559013374809766e-01,5.560227643989252844e-01,6.347988493151590639e-01,5.360782448703745873e-01,4.721729937007197453e-01,3.479415327540165137e-01,4.612380545714421798e-01,9.393381803766180649e-02,4.591660591066933084e-02
-1.057574819101190361e-01,1.839831144353231140e-01,1.208356334301916163e-01,-4.224876009601651328e-01,4.024471315867654275e-01,1.000000000000000000e+00,2.858503778423278630e-01,-1.297485920410050841e-01,-3.682478138455380634e-01,-3.815736023389574849e-01,7.356560152265786412e-01,-1.579363404402838733e-01,-2.170867938939891884e-01,6.537575344468057326e-01,2.155244590625895462e-01,-2.860611753497999676e-01,7.506265637963994708e-01,-4.454061336207004729e-01,-4.279428580961338047e-01,-9.966045182837496297e-02,5.766918826983533641e-01,5.848081532884779055e-01,6.538125876009817095e-01,4.322813802305272568e-01,5.879881219868600128e-01,5.467252286081485391e-01,5.789935475775351836e-01,5.968000207395811607e-01,5.860615379485262233e-01,-2.959852226967344957e-01,5.549556312215964127e-01,5.504501440530299439e-01,6.329332120167053821e-01,-6.233781721844038753e-02,4.814850522256705068e-01,5.722902938096082748e-01,5.312444834811954619e-01,-3.415063549122703823e-01,-3.540106709173973520e-01
-1.003791587406654418e-01,5.638350224005479472e-01,1.206112759100028270e-01,-3.432362112800526055e-01,3.440924284221927310e-01,2.858503778423278630e-01,1.000000000000000000e+00,4.215975869863970195e-03,-2.289613503081144030e-01,-3.186578748830667940e-01,3.175818278868089983e-01,-1.628878128502856196e-02,-2.143426035643965777e-01,5.032899897571372350e-01,2.428621868568613396e-01,-3.105292862506822682e-01,3.694782791122412369e-01,-4.672601127876834792e-01,-3.838922820155983850e-01,7.150611694529607210e-02,5.636197995401884819e-01,5.800492183181906736e-01,5.765444779556183619e-01,4.942992269423086560e-01,4.793662247334165571e-01,5.384953798780303114e-01,4.106137015446338356e-01,5.753220205103625196e-01,5.532438883860629764e-01,-2.612448741180566913e-01,5.300276732804526381e-01,4.231363077470760015e-01,5.155603459141735456e-01,1.193297577941854620e-01,5.537175393857348693e-01,5.684168158133514615e-01,5.710577377755285955e-01,-2.713874814409309444e-01,-1.868718731121284671e-01
-6.185117792356483735e-01,-2.963339771725934657e-01,-8.215308960676331873e-01,-1.147687864081876757e-01,-6.908438803481982138e-01,-1.297485920410050841e-01,4.215975869863970195e-03,1.000000000000000000e+00,-4.066456307167300444e-01,-4.157658750360060940e-01,-7.665715685746597556e-04,-1.343670088042968058e-01,1.536032749161575332e-02,-3.905895706205743112e-01,-6.136011245474726206e-02,-5.291384290378460253e-01,-1.508063355031172004e-01,-1.686504670269943773e-01,-2.301517711993990856e-01,1.053166376941437055e-01,8.525031537676228122e-02,1.516070736154973182e-02,-2.135884185508559463e-01,-3.528331497622728685e-01,-2.303052768365861092e-01,-3.339890132119349153e-01,-4.353397124002341689e-01,-5.642354184049575699e-02,-1.100627320288432159e-01,-4.676941244298845612e-01,-1.737331978381237985e-01,-2.358994999259539649e-01,-2.353612845560138778e-01,-5.618394513639813903e-01,-1.482414731651376105e-01,2.973233944552332655e-02,-8.626093630626800735e-02,-4.197730749277220341e-01,-2.269233307097192343e-01
7.820433936026380817e-01,2.463395781934730674e-02,5.668048112256415250e-01,8.103194162781033327e-01,1.275387042715199204e-01,-3.682478138455380634e-01,-2.289613503081144030e-01,-4.066456307167300444e-01,1.000000000000000000e+00,8.865354420069283536e-01,-5.540041395371626542e-01,4.629768955983388778e-01,6.142370614536420137e-02,-3.203011838861236082e-01,-3.769403216333235829e-01,8.873552247740801313e-01,-4.457223347525511303e-01,8.431767856166777486e-01,8.730626605527642692e-01,3.260996340172130359e-01,-7.229258516300234305e-01,-7.016804926134314613e-01,-3.930636953492744889e-01,-1.743984658834924761e-01,-4.037489110868786035e-01,-3.567099508751338521e-01,-2.284101592398780356e-01,-5.250936026327632788e-01,-6.188226435288612937e-01,9.172948309203337036e-01,-4.789545434949660230e-01,-4.457183831311788413e-01,-4.444566332398648956e-01,6.433805682701085882e-01,-3.622382380980152528e-01,-6.725596943030520691e-01,-4.257255310303440510e-01,9.106825718688251747e-01,7.102766011970125248e-01
7.250726752446697843e-01,2.663218627501479432e-02,5.040917127875144121e-01,7.823583392229447320e-01,9.300026430528697541e-02,-3.815736023389574849e-01,-3.186578748830667940e-01,-4.157658750360060940e-01,8.865354420069283536e-01,1.000000000000000000e+00,-5.631703313059052141e-01,4.646381360074254285e-01,1.476254837002393128e-01,-3.653389943880828161e-01,-3.803686503000219266e-01,9.086526284133190634e-01,-4.870427162621834838e-01,8.353218872777251613e-01,8.669940872425322409e-01,2.416326690876981764e-01,-7.270820191688639467e-01,-7.177675365389988293e-01,-4.128343806056190002e-01,-2.518773446525317539e-01,-3.774373513037307393e-01,-4.028219359429056623e-01,-1.960735930632843682e-01,-5.968576029410210815e-01,-6.538551888711744420e-01,8.862663032038226030e-01,-4.598789215818159248e-01,-3.755342586247937819e-01,-5.123991299532409949e-01,5.431547301628475433e-01,-3.949146866518200572e-01,-6.819190760045545918e-01,-4.726914199956258056e-01,8.935067206627832492e-01,8.224226683173132546e-01
-3.025570300345804542e-01,2.335281163352680156e-01,-4.753548952892103219e-02,-5.918585627333358135e-01,3.586582286652249540e-01,7.356560152265786412e-01,3.175818278868089983e-01,-7.665715685746597556e-04,-5.540041395371626542e-01,-5.631703313059052141e-01,1.000000000000000000e+00,-2.857040976253223397e-01,-1.836017298767514405e-01,6.401164584372366351e-01,1.551781775264967356e-01,-4.833151735042421904e-01,8.626159791186618353e-01,-5.993760358057664828e-01,-5.955804506786898100e-01,-1.332696763780183702e-01,6.652192221132895433e-01,6.970474162853217415e-01,6.870653564822639670e-01,3.697721441696744660e-01,6.663974824364390370e-01,6.039276343121676716e-01,6.401251544075520217e-01,7.249654671331985378e-01,6.772016415913475473e-01,-4.878397296682261408e-01,7.177231756067644630e-01,6.608306474576943756e-01,7.124482766478624773e-01,-2.353937607117005393e-01,4.732112620426865979e-01,7.248131961426348413e-01,5.837807990886099141e-01,-5.174525468311751419e-01,-4.573042568328540280e-01
3.371321972703757441e-01,2.417558698004281317e-02,3.249398289320744038e-01,5.315327563011552625e-01,8.389513981915917851e-02,-1.579363404402838733e-01,-1.628878128502856196e-02,-1.343670088042968058e-01,4.629768955983388778e-01,4.646381360074254285e-01,-2.857040976253223397e-01,1.000000000000000000e+00,1.007707049749365785e-01,-4.361449731529284946e-02,-2.299352463677190872e-01,4.585073033195548042e-01,-2.209853035137755162e-01,4.520949073150417052e-01,4.153130358261374888e-01,3.763217286469288103e-01,-2.569722087436519531e-01,-2.189758470092388609e-01,-5.864216066446363562e-02,-9.278036620779991916e-02,-2.013396337347406889e-02,-1.430648958043658769e-01,5.633569258913386640e-02,-1.747279625691775529e-01,-2.852187964181395752e-01,4.213889657386061804e-01,-1.366616639029391844e-01,-2.694997811457741643e-01,-1.134783674653357249e-01,3.579094043979356154e-01,-1.564078292636223722e-01,-2.376585215882652258e-01,-2.363060205507236944e-01,4.624199965556070047e-01,5.414139035815869194e-01
-4.846230221312735481e-02,-3.126934348369704297e-01,-1.384901962616373328e-01,2.188411288757426965e-01,-2.766973310157968546e-01,-2.170867938939891884e-01,-2.143426035643965777e-01,1.536032749161575332e-02,6.142370614536420137e-02,1.476254837002393128e-01,-1.836017298767514405e-01,1.007707049749365785e-01,1.000000000000000000e+00,-3.496481671807743496e-01,-3.279259005139207317e-01,1.167878028664550150e-01,-1.143735789651941503e-01,2.390231568904119530e-01,1.860927033689253329e-01,7.434499145029936640e-02,-2.783506674120963531e-01,-3.119950098463399879e-01,-3.516803761466131828e-01,-2.592396189561972930e-01,-3.020816115127190615e-01,-2.703670493840954481e-01,-1.924851647374529184e-01,-3.198024525025203180e-01,-1.836620575862141225e-01,8.391249817493978691e-02,-2.871659143593884855e-01,-2.674580344311051072e-01,-3.908847988960864051e-01,-2.431034560555048463e-01,-2.764760226320567282e-01,-2.812874334379105168e-01,-3.592809779735608999e-01,1.533038043968973918e-01,1.280244907351420491e-01
6.134632968342951936e-02,5.375719932228528730e-01,3.295043952431112588e-01,-5.494248083727725218e-01,6.984051622744390508e-01,6.537575344468057326e-01,5.032899897571372350e-01,-3.905895706205743112e-01,-3.203011838861236082e-01,-3.653389943880828161e-01,6.401164584372366351e-01,-4.361449731529284946e-02,-3.496481671807743496e-01,1.000000000000000000e+00,3.686545749883926026e-01,-2.561649597107230614e-01,6.699430148856858613e-01,-5.825760770485973739e-01,-5.453782196103093005e-01,-2.060723220202097250e-01,7.060407559688225421e-01,7.669578751205523570e-01,8.577093466081832096e-01,7.371372716625134158e-01,8.357608917203643850e-01,8.392408794435070041e-01,8.234445278012854086e-01,7.654529716650646520e-01,7.599677289587066786e-01,-2.675439206510674683e-01,7.846540303132203409e-01,7.110367137107075353e-01,8.574640342110719793e-01,1.361373344898229032e-01,6.855849506826745543e-01,7.605698589731556547e-01,6.980501436203710997e-01,-3.578263314831693909e-01,-3.423923275743123718e-01
-1.790851360800250758e-01,2.579797913218192518e-01,-8.815823563489942616e-02,-5.250083069118588464e-01,2.379122108461877438e-01,2.155244590625895462e-01,2.428621868568613396e-01,-6.136011245474726206e-02,-3.769403216333235829e-01,-3.803686503000219266e-01,1.551781775264967356e-01,-2.299352463677190872e-01,-3.279259005139207317e-01,3.686545749883926026e-01,1.000000000000000000e+00,-3.891170075089878111e-01,8.405195213153855704e-02,-5.597737265863247380e-01,-5.186500620900089675e-01,-2.093962261319333440e-01,4.061826232524792801e-01,4.573763398547469605e-01,2.818000742542346448e-01,4.467898303043675856e-01,2.172880121261122344e-01,3.373784134080928809e-01,2.404899658976677179e-01,2.559891303620704939e-01,3.887823315760665088e-01,-3.278816679137678824e-01,3.254057628970428162e-01,4.110922210569264990e-01,3.701705406588578495e-01,3.600694033465452748e-02,3.394315584178586587e-01,3.747872979818493988e-01,3.619373447070840522e-01,-4.650807966681614336e-01,-3.952734813411565296e-01
7.620297934000582751e-01,-7.354399459589873282e-03,6.162889593860604309e-01,7.657827060152524457e-01,2.151070826136620984e-01,-2.860611753497999676e-01,-3.105292862506822682e-01,-5.291384290378460253e-01,8.873552247740801313e-01,9.086526284133190634e-01,-4.833151735042421904e-01,4.585073033195548042e-01,1.167878028664550150e-01,-2.561649597107230614e-01,-3.891170075089878111e-01,1.000000000000000000e+00,-3.569764526240998270e-01,8.212125934730718502e-01,8.378767356337777361e-01,2.222402670725309448e-01,-6.861689488418973859e-01,-6.592895313167850269e-01,-3.121389542342742907e-01,-1.853939071295686580e-01,-3.162302935008776128e-01,-3.153865733130248317e-01,-1.339194558176526051e-01,-5.063294209585699202e-01,-5.747356034239702316e-01,9.067787809092754392e-01,-4.166028592665029784e-01,-3.631568357417572224e-01,-3.921005180251012634e-01,6.534228924567856422e-01,-3.852678775577173531e-01,-6.452166758495314625e-01,-4.505651942162584023e-01,9.198550532462419493e-01,7.375550473344696378e-01
-1.548837889017682379e-01,2.075129433495634668e-01,1.186121209868840620e-01,-5.198568903331926006e-01,4.302620737130032902e-01,7.506265637963994708e-01,3.694782791122412369e-01,-1.508063355031172004e-01,-4.457223347525511303e-01,-4.870427162621834838e-01,8.626159791186618353e-01,-2.209853035137755162e-01,-1.143735789651941503e-01,6.699430148856858613e-01,8.405195213153855704e-02,-3.569764526240998270e-01,1.000000000000000000e+00,-5.102254612878122098e-01,-5.074443034074580527e-01,-4.936929040580715494e-02,6.356328373060525783e-01,6.549644804573796497e-01,6.699530479403847938e-01,4.047596994040577045e-01,6.546554831037141309e-01,6.885170496241712623e-01,6.564667979437427414e-01,7.706581950520480229e-01,7.252126582435335367e-01,-3.849797804656067690e-01,6.588919994442410388e-01,5.927311524052506497e-01,7.149607049063416708e-01,-1.407536825436738470e-01,5.285787895952701598e-01,6.866437985904286778e-01,5.962223758437880106e-01,-3.987358392872502599e-01,-4.711496915868911284e-01
5.526204805149420585e-01,-3.160726861755911443e-01,3.406640653169552557e-01,9.004864487201904577e-01,-1.781023766693557164e-01,-4.454061336207004729e-01,-4.672601127876834792e-01,-1.686504670269943773e-01,8.431767856166777486e-01,8.353218872777251613e-01,-5.993760358057664828e-01,4.520949073150417052e-01,2.390231568904119530e-01,-5.825760770485973739e-01,-5.597737265863247380e-01,8.212125934730718502e-01,-5.102254612878122098e-01,1.000000000000000000e+00,9.327106702137578642e-01,3.824902192228468167e-01,-8.461699857934801283e-01,-8.606968238633139201e-01,-6.102413174499589088e-01,-4.980710133396211714e-01,-5.868532484674452432e-01,-6.125197962335259261e-01,-4.653857926680180501e-01,-6.812320072477214827e-01,-7.960033632983253282e-01,8.092105869865863221e-01,-6.976523129880254359e-01,-6.746076909306255587e-01,-6.575386293918799030e-01,3.819106880734248755e-01,-5.924642127301676942e-01,-8.188718227440250352e-01,-6.465470332165044187e-01,8.655122369934730164e-01,6.990327901911170816e-01
6.033677197728993802e-01,-2.118401032616793744e-01,4.204566337790820452e-01,8.775769271537804395e-01,-9.777774244369798196e-02,-4.279428580961338047e-01,-3.838922820155983850e-01,-2.301517711993990856e-01,8.730626605527642692e-01,8.669940872425322409e-01,-5.955804506786898100e-01,4.153130358261374888e-01,1.860927033689253329e-01,-5.453782196103093005e-01,-5.186500620900089675e-01,8.378767356337777361e-01,-5.074443034074580527e-01,9.327106702137578642e-01,1.000000000000000000e+00,3.675076578254858339e-01,-8.160825423400573930e-01,-8.330070807886430506e-01,-5.596111996139850886e-01,-4.382554725924592276e-01,-5.398370752322442234e-01,-5.701069067787248867e-01,-4.239889547592580188e-01,-6.561036582672877815e-01,-7.723960275870930259e-01,8.367986713785581232e-01,-6.402715025024898754e-01,-6.085965072160173239e-01,-6.160539490007919117e-01,4.441522911060156176e-01,-5.296258877355789485e-01,-8.069797438302070969e-01,-5.937716652091202807e-01,8.886510406735788070e-01,7.398458984614671996e-01
2.097835607498760302e-01,-1.251676412275615213e-01,1.216080284903880565e-01,4.096827295932438107e-01,-1.473177810847748070e-01,-9.966045182837496297e-02,7.150611694529607210e-02,1.053166376941437055e-01,3.260996340172130359e-01,2.416326690876981764e-01,-1.332696763780183702e-01,3.763217286469288103e-01,7.434499145029936640e-02,-2.060723220202097250e-01,-2.093962261319333440e-01,2.222402670725309448e-01,-4.936929040580715494e-02,3.824902192228468167e-01,3.675076578254858339e-01,1.000000000000000000e+00,-3.147002958640042758e-01,-3.269013015518005827e-01,-1.867263643978807064e-01,-2.118507193914028197e-01,-2.161751630351182174e-01,-1.298371881321330745e-01,-1.428289136150211192e-01,-8.220306882795412606e-02,-2.461849125648391257e-01,2.529200904532895589e-01,-2.980537177982276464e-01,-3.205217332714124789e-01,-2.212725089122582478e-01,1.031753181656702573e-01,-1.273821851354365042e-01,-1.907883869910322328e-01,-1.657389954384198838e-01,3.161542136397271219e-01,2.206035816864357624e-01
-4.385894476929437236e-01,3.304004910239263793e-01,-1.352583162521621418e-01,-8.008881253384088073e-01,2.730272565424624043e-01,5.766918826983533641e-01,5.636197995401884819e-01,8.525031537676228122e-02,-7.229258516300234305e-01,-7.270820191688639467e-01,6.652192221132895433e-01,-2.569722087436519531e-01,-2.783506674120963531e-01,7.060407559688225421e-01,4.061826232524792801e-01,-6.861689488418973859e-01,6.356328373060525783e-01,-8.461699857934801283e-01,-8.160825423400573930e-01,-3.147002958640042758e-01,1.000000000000000000e+00,9.265549223304551107e-01,7.325483139330466464e-01,5.152885286193968906e-01,7.426346010802229447e-01,6.967683724166364723e-01,5.896819067345945298e-01,8.147638493110872515e-01,8.186641984189751975e-01,-6.974253962923335770e-01,7.816528779599644094e-01,6.644166531925281838e-01,7.883617762297899789e-01,-2.776803377096869752e-01,6.482370337319136588e-01,8.554596947157581122e-01,6.977735247694644150e-01,-7.282260252283092594e-01,-5.740056938888422611e-01
-4.012797634116309076e-01,3.954447924603627929e-01,-7.692583096390112618e-02,-8.005476849788398797e-01,3.969974482824291662e-01,5.848081532884779055e-01,5.800492183181906736e-01,1.516070736154973182e-02,-7.016804926134314613e-01,-7.177675365389988293e-01,6.970474162853217415e-01,-2.189758470092388609e-01,-3.119950098463399879e-01,7.669578751205523570e-01,4.573763398547469605e-01,-6.592895313167850269e-01,6.549644804573796497e-01,-8.606968238633139201e-01,-8.330070807886430506e-01,-3.269013015518005827e-01,9.265549223304551107e-01,1.000000000000000000e+00,7.851922663039863082e-01,5.989150265159541853e-01,7.796582511737365495e-01,7.202226722583040530e-01,6.534815513503045015e-01,8.226704463928595779e-01,8.448764613445548521e-01,-6.587894996622372101e-01,8.371108977322309075e-01,7.257216279864030506e-01,8.542053228418223787e-01,-1.816954370512783856e-01,6.651191350100758015e-01,8.685177136854681512e-01,7.138261212805134814e-01,-7.165587665132465700e-01,-5.670562723325561771e-01
-7.227867059265710714e-02,5.232137291301935944e-01,2.140903854679721552e-01,-5.540334548471027576e-01,6.118900600064310913e-01,6.538125876009817095e-01,5.765444779556183619e-01,-2.135884185508559463e-01,-3.930636953492744889e-01,-4.128343806056190002e-01,6.870653564822639670e-01,-5.864216066446363562e-02,-3.516803761466131828e-01,8.577093466081832096e-01,2.818000742542346448e-01,-3.121389542342742907e-01,6.699530479403847938e-01,-6.102413174499589088e-01,-5.596111996139850886e-01,-1.867263643978807064e-01,7.325483139330466464e-01,7.851922663039863082e-01,1.000000000000000000e+00,6.562681730275710112e-01,8.814460366532331781e-01,7.527845728327285935e-01,7.586158917181909933e-01,7.773298169620092013e-01,7.385308458454719061e-01,-3.453766896142146381e-01,8.187657816984079684e-01,7.074794964138253484e-01,8.392640996667891651e-01,8.649747583596248401e-02,6.454754677719047873e-01,7.658862028017480172e-01,6.905980917960451437e-01,-3.837900127075274948e-01,-2.837220881815371576e-01
1.552418277836150051e-01,5.917729077145408301e-01,2.730705459480065600e-01,-4.627971553257798076e-01,6.280089001714795893e-01,4.322813802305272568e-01,4.942992269423086560e-01,-3.528331497622728685e-01,-1.743984658834924761e-01,-2.518773446525317539e-01,3.697721441696744660e-01,-9.278036620779991916e-02,-2.592396189561972930e-01,7.371372716625134158e-01,4.467898303043675856e-01,-1.853939071295686580e-01,4.047596994040577045e-01,-4.980710133396211714e-01,-4.382554725924592276e-01,-2.118507193914028197e-01,5.152885286193968906e-01,5.989150265159541853e-01,6.562681730275710112e-01,1.000000000000000000e+00,5.903054813473075368e-01,6.436641949567591947e-01,5.849525891832054736e-01,5.253043067190811266e-01,6.497082096553791208e-01,-1.059733408987459519e-01,6.205913828418332390e-01,6.191284636372034189e-01,6.305759417276328715e-01,2.131834375989253294e-01,6.006028895601052131e-01,5.339119366625322272e-01,5.759601424301628025e-01,-2.539865355867265695e-01,-2.869240730560380093e-01
-8.373617950116474251e-02,4.838921201892657509e-01,2.067359200050731538e-01,-5.629175791180978106e-01,5.753945191741975940e-01,5.879881219868600128e-01,4.793662247334165571e-01,-2.303052768365861092e-01,-4.037489110868786035e-01,-3.774373513037307393e-01,6.663974824364390370e-01,-2.013396337347406889e-02,-3.020816115127190615e-01,8.357608917203643850e-01,2.172880121261122344e-01,-3.162302935008776128e-01,6.546554831037141309e-01,-5.868532484674452432e-01,-5.398370752322442234e-01,-2.161751630351182174e-01,7.426346010802229447e-01,7.796582511737365495e-01,8.814460366532331781e-01,5.903054813473075368e-01,1.000000000000000000e+00,7.446447480725992829e-01,7.914679382671304664e-01,7.726690388452661651e-01,7.276415107447086195e-01,-3.750445315300092730e-01,8.334327280360528389e-01,7.159737045096006280e-01,8.225423669747856659e-01,-1.225475077731440904e-02,6.653888657813628038e-01,7.654214495449928046e-01,6.768851647565723439e-01,-3.955314250557562250e-01,-2.232450676371334763e-01
8.871807191750427646e-02,5.995522930238587067e-01,2.452966826512770204e-01,-6.074054447652462718e-01,5.939304241838029297e-01,5.467252286081485391e-01,5.384953798780303114e-01,-3.339890132119349153e-01,-3.567099508751338521e-01,-4.028219359429056623e-01,6.039276343121676716e-01,-1.430648958043658769e-01,-2.703670493840954481e-01,8.392408794435070041e-01,3.373784134080928809e-01,-3.153865733130248317e-01,6.885170496241712623e-01,-6.125197962335259261e-01,-5.701069067787248867e-01,-1.298371881321330745e-01,6.967683724166364723e-01,7.202226722583040530e-01,7.527845728327285935e-01,6.436641949567591947e-01,7.446447480725992829e-01,1.000000000000000000e+00,7.855008928000707380e-01,8.218875289777088922e-01,8.437972273085689867e-01,-3.419749351615009592e-01,7.500031295329159242e-01,7.092183515538369454e-01,7.445365762684992283e-01,-3.624756336693395198e-02,7.789195585712407333e-01,8.124983373921418339e-01,7.866931443704502369e-01,-4.078364024895197448e-01,-4.262210052907068891e-01
1.340710784354264551e-01,5.421282697214044877e-01,3.486503342081626045e-01,-4.590551063519157093e-01,6.817567743299700611e-01,5.789935475775351836e-01,4.106137015446338356e-01,-4.353397124002341689e-01,-2.284101592398780356e-01,-1.960735930632843682e-01,6.401251544075520217e-01,5.633569258913386640e-02,-1.924851647374529184e-01,8.234445278012854086e-01,2.404899658976677179e-01,-1.339194558176526051e-01,6.564667979437427414e-01,-4.653857926680180501e-01,-4.239889547592580188e-01,-1.428289136150211192e-01,5.896819067345945298e-01,6.534815513503045015e-01,7.586158917181909933e-01,5.849525891832054736e-01,7.914679382671304664e-01,7.855008928000707380e-01,1.000000000000000000e+00,7.059113841218768171e-01,6.764692905475196971e-01,-1.659383653308731943e-01,8.105659792739309255e-01,7.701883097301187586e-01,7.459297228450828543e-01,9.359424404988772594e-02,6.251748967905387255e-01,6.808395383079804963e-01,6.233452855805150516e-01,-2.497628395358771347e-01,-1.602431616207972420e-01
-1.600307514136219134e-01,3.820402954979423837e-01,7.964120846009403731e-02,-6.868561273637558973e-01,4.383320981775805092e-01,5.968000207395811607e-01,5.753220205103625196e-01,-5.642354184049575699e-02,-5.250936026327632788e-01,-5.968576029410210815e-01,7.249654671331985378e-01,-1.747279625691775529e-01,-3.198024525025203180e-01,7.654529716650646520e-01,2.559891303620704939e-01,-5.063294209585699202e-01,7.706581950520480229e-01,-6.812320072477214827e-01,-6.561036582672877815e-01,-8.220306882795412606e-02,8.147638493110872515e-01,8.226704463928595779e-01,7.773298169620092013e-01,5.253043067190811266e-01,7.726690388452661651e-01,8.218875289777088922e-01,7.059113841218768171e-01,1.000000000000000000e+00,8.436325044740213830e-01,-5.171047421767860364e-01,7.949949365529958012e-01,6.554059273416646958e-01,8.175629951430108955e-01,-1.721580230486640384e-01,7.094302100328615523e-01,8.553214744529998859e-01,7.584209039548980291e-01,-5.585687203136411316e-01,-5.492948955060684701e-01
-2.059062596915144372e-01,4.633364232930647364e-01,-1.410270736058679385e-02,-7.704759399982891166e-01,4.281478949237291221e-01,5.860615379485262233e-01,5.532438883860629764e-01,-1.100627320288432159e-01,-6.188226435288612937e-01,-6.538551888711744420e-01,6.772016415913475473e-01,-2.852187964181395752e-01,-1.836620575862141225e-01,7.599677289587066786e-01,3.887823315760665088e-01,-5.747356034239702316e-01,7.252126582435335367e-01,-7.960033632983253282e-01,-7.723960275870930259e-01,-2.461849125648391257e-01,8.186641984189751975e-01,8.448764613445548521e-01,7.385308458454719061e-01,6.497082096553791208e-01,7.276415107447086195e-01,8.437972273085689867e-01,6.764692905475196971e-01,8.436325044740213830e-01,1.000000000000000000e+00,-5.852305448033501278e-01,7.859786925837767280e-01,7.575226725965722441e-01,7.543029396418543531e-01,-2.327830534849504029e-01,7.945824160378165413e-01,8.669253276895915183e-01,8.131466141667947900e-01,-6.389779325447513258e-01,-6.085489984305413325e-01
7.705109489400080447e-01,3.218971745578590865e-02,5.926879987765323321e-01,7.616991407392323943e-01,1.954466031368820855e-01,-2.959852226967344957e-01,-2.612448741180566913e-01,-4.676941244298845612e-01,9.172948309203337036e-01,8.862663032038226030e-01,-4.878397296682261408e-01,4.213889657386061804e-01,8.391249817493978691e-02,-2.675439206510674683e-01,-3.278816679137678824e-01,9.067787809092754392e-01,-3.849797804656067690e-01,8.092105869865863221e-01,8.367986713785581232e-01,2.529200904532895589e-01,-6.974253962923335770e-01,-6.587894996622372101e-01,-3.453766896142146381e-01,-1.059733408987459519e-01,-3.750445315300092730e-01,-3.419749351615009592e-01,-1.659383653308731943e-01,-5.171047421767860364e-01,-5.852305448033501278e-01,1.000000000000000000e+00,-4.225845569605314878e-01,-3.672009657573785391e-01,-3.834963848671824049e-01,6.696605778155750865e-01,-3.737956848854195879e-01,-6.702541167488195173e-01,-4.291928495090903684e-01,9.015626192857760790e-01,6.885768184368850076e-01
-1.429425942125422122e-01,5.793427731970772765e-01,1.199469437078940631e-01,-6.800645700680945094e-01,5.971559013374809766e-01,5.549556312215964127e-01,5.300276732804526381e-01,-1.737331978381237985e-01,-4.789545434949660230e-01,-4.598789215818159248e-01,7.177231756067644630e-01,-1.366616639029391844e-01,-2.871659143593884855e-01,7.846540303132203409e-01,3.254057628970428162e-01,-4.166028592665029784e-01,6.588919994442410388e-01,-6.976523129880254359e-01,-6.402715025024898754e-01,-2.980537177982276464e-01,7.816528779599644094e-01,8.371108977322309075e-01,8.187657816984079684e-01,6.205913828418332390e-01,8.334327280360528389e-01,7.500031295329159242e-01,8.105659792739309255e-01,7.949949365529958012e-01,7.859786925837767280e-01,-4.225845569605314878e-01,1.000000000000000000e+00,8.400448788187409033e-01,8.330694519982558832e-01,-5.054989495225854085e-02,6.919832628935561614e-01,8.001073417993525005e-01,7.329766197625933177e-01,-5.018941812531780844e-01,-3.159581931959739021e-01
-5.720136099538141589e-02,6.186857465427864078e-01,7.227966344818431699e-02,-6.796309828789077745e-01,5.560227643989252844e-01,5.504501440530299439e-01,4.231363077470760015e-01,-2.358994999259539649e-01,-4.457183831311788413e-01,-3.755342586247937819e-01,6.608306474576943756e-01,-2.694997811457741643e-01,-2.674580344311051072e-01,7.110367137107075353e-01,4.110922210569264990e-01,-3.631568357417572224e-01,5.927311524052506497e-01,-6.746076909306255587e-01,-6.085965072160173239e-01,-3.205217332714124789e-01,6.644166531925281838e-01,7.257216279864030506e-01,7.074794964138253484e-01,6.191284636372034189e-01,7.159737045096006280e-01,7.092183515538369454e-01,7.701883097301187586e-01,6.554059273416646958e-01,7.575226725965722441e-01,-3.672009657573785391e-01,8.400448788187409033e-01,1.000000000000000000e+00,6.750285519184259231e-01,-6.368996287921495358e-02,6.616494071195114790e-01,7.301570137529915794e-01,6.890255631907693523e-01,-4.631727491100373073e-01,-3.011129989730141898e-01
-1.477841856370165907e-01,4.004478592630336675e-01,2.503435152070431768e-01,-6.241013137481125073e-01,6.347988493151590639e-01,6.329332120167053821e-01,5.155603459141735456e-01,-2.353612845560138778e-01,-4.444566332398648956e-01,-5.123991299532409949e-01,7.124482766478624773e-01,-1.134783674653357249e-01,-3.908847988960864051e-01,8.574640342110719793e-01,3.701705406588578495e-01,-3.921005180251012634e-01,7.149607049063416708e-01,-6.575386293918799030e-01,-6.160539490007919117e-01,-2.212725089122582478e-01,7.883617762297899789e-01,8.542053228418223787e-01,8.392640996667891651e-01,6.305759417276328715e-01,8.225423669747856659e-01,7.445365762684992283e-01,7.459297228450828543e-01,8.175629951430108955e-01,7.543029396418543531e-01,-3.834963848671824049e-01,8.330694519982558832e-01,6.750285519184259231e-01,1.000000000000000000e+00,1.037934156567530131e-01,6.200286700786848959e-01,7.543115482326735455e-01,6.635221776195832089e-01,-4.703864152231903017e-01,-4.279302756451600076e-01
6.088604720034711537e-01,2.398215806425048613e-01,6.999175619084850863e-01,4.416411373186468481e-01,5.360782448703745873e-01,-6.233781721844038753e-02,1.193297577941854620e-01,-5.618394513639813903e-01,6.433805682701085882e-01,5.431547301628475433e-01,-2.353937607117005393e-01,3.579094043979356154e-01,-2.431034560555048463e-01,1.361373344898229032e-01,3.600694033465452748e-02,6.534228924567856422e-01,-1.407536825436738470e-01,3.819106880734248755e-01,4.441522911060156176e-01,1.031753181656702573e-01,-2.776803377096869752e-01,-1.816954370512783856e-01,8.649747583596248401e-02,2.131834375989253294e-01,-1.225475077731440904e-02,-3.624756336693395198e-02,9.359424404988772594e-02,-1.721580230486640384e-01,-2.327830534849504029e-01,6.696605778155750865e-01,-5.054989495225854085e-02,-6.368996287921495358e-02,1.037934156567530131e-01,1.000000000000000000e+00,-1.103212052154393663e-01,-3.212331296873611741e-01,-1.440592440168396438e-01,6.261650758691034158e-01,4.521503154354472587e-01
1.122697882468099741e-02,6.165335868947441345e-01,1.085118271889086161e-01,-5.628552569676247286e-01,4.721729937007197453e-01,4.814850522256705068e-01,5.537175393857348693e-01,-1.482414731651376105e-01,-3.622382380980152528e-01,-3.949146866518200572e-01,4.732112620426865979e-01,-1.564078292636223722e-01,-2.764760226320567282e-01,6.855849506826745543e-01,3.394315584178586587e-01,-3.852678775577173531e-01,5.285787895952701598e-01,-5.924642127301676942e-01,-5.296258877355789485e-01,-1.273821851354365042e-01,6.482370337319136588e-01,6.651191350100758015e-01,6.454754677719047873e-01,6.006028895601052131e-01,6.653888657813628038e-01,7.789195585712407333e-01,6.251748967905387255e-01,7.094302100328615523e-01,7.945824160378165413e-01,-3.737956848854195879e-01,6.919832628935561614e-01,6.616494071195114790e-01,6.200286700786848959e-01,-1.103212052154393663e-01,1.000000000000000000e+00,7.339789124498719008e-01,9.108700592782702499e-01,-4.397790652232504427e-01,-3.497339436660533707e-01
-3.223880542415586969e-01,4.672561934722390675e-01,-1.222653947384532841e-01,-7.798778658756845283e-01,3.479415327540165137e-01,5.722902938096082748e-01,5.684168158133514615e-01,2.973233944552332655e-02,-6.725596943030520691e-01,-6.819190760045545918e-01,7.248131961426348413e-01,-2.376585215882652258e-01,-2.812874334379105168e-01,7.605698589731556547e-01,3.747872979818493988e-01,-6.452166758495314625e-01,6.866437985904286778e-01,-8.188718227440250352e-01,-8.069797438302070969e-01,-1.907883869910322328e-01,8.554596947157581122e-01,8.685177136854681512e-01,7.658862028017480172e-01,5.339119366625322272e-01,7.654214495449928046e-01,8.124983373921418339e-01,6.808395383079804963e-01,8.553214744529998859e-01,8.669253276895915183e-01,-6.702541167488195173e-01,8.001073417993525005e-01,7.301570137529915794e-01,7.543115482326735455e-01,-3.212331296873611741e-01,7.339789124498719008e-01,1.000000000000000000e+00,7.923959972498192394e-01,-7.051653487897258099e-01,-5.686255674405804594e-01
-6.987395847384725300e-02,6.026964456019169303e-01,3.798816894628379709e-02,-6.279761639125706063e-01,4.612380545714421798e-01,5.312444834811954619e-01,5.710577377755285955e-01,-8.626093630626800735e-02,-4.257255310303440510e-01,-4.726914199956258056e-01,5.837807990886099141e-01,-2.363060205507236944e-01,-3.592809779735608999e-01,6.980501436203710997e-01,3.619373447070840522e-01,-4.505651942162584023e-01,5.962223758437880106e-01,-6.465470332165044187e-01,-5.937716652091202807e-01,-1.657389954384198838e-01,6.977735247694644150e-01,7.138261212805134814e-01,6.905980917960451437e-01,5.759601424301628025e-01,6.768851647565723439e-01,7.866931443704502369e-01,6.233452855805150516e-01,7.584209039548980291e-01,8.131466141667947900e-01,-4.291928495090903684e-01,7.329766197625933177e-01,6.890255631907693523e-01,6.635221776195832089e-01,-1.440592440168396438e-01,9.108700592782702499e-01,7.923959972498192394e-01,1.000000000000000000e+00,-4.978698112078611682e-01,-4.095055618995159796e-01
7.205120964010520712e-01,-4.625239354499042360e-02,5.612256445178437358e-01,8.373826429548409944e-01,9.393381803766180649e-02,-3.415063549122703823e-01,-2.713874814409309444e-01,-4.197730749277220341e-01,9.106825718688251747e-01,8.935067206627832492e-01,-5.174525468311751419e-01,4.624199965556070047e-01,1.533038043968973918e-01,-3.578263314831693909e-01,-4.650807966681614336e-01,9.198550532462419493e-01,-3.987358392872502599e-01,8.655122369934730164e-01,8.886510406735788070e-01,3.161542136397271219e-01,-7.282260252283092594e-01,-7.165587665132465700e-01,-3.837900127075274948e-01,-2.539865355867265695e-01,-3.955314250557562250e-01,-4.078364024895197448e-01,-2.497628395358771347e-01,-5.585687203136411316e-01,-6.389779325447513258e-01,9.015626192857760790e-01,-5.018941812531780844e-01,-4.631727491100373073e-01,-4.703864152231903017e-01,6.261650758691034158e-01,-4.397790652232504427e-01,-7.051653487897258099e-01,-4.978698112078611682e-01,1.000000000000000000e+00,7.563203541141075847e-01
4.672653169233313419e-01,6.851797170961108907e-02,3.553563238186663309e-01,7.049142645088771753e-01,4.591660591066933084e-02,-3.540106709173973520e-01,-1.868718731121284671e-01,-2.269233307097192343e-01,7.102766011970125248e-01,8.224226683173132546e-01,-4.573042568328540280e-01,5.414139035815869194e-01,1.280244907351420491e-01,-3.423923275743123718e-01,-3.952734813411565296e-01,7.375550473344696378e-01,-4.711496915868911284e-01,6.990327901911170816e-01,7.398458984614671996e-01,2.206035816864357624e-01,-5.740056938888422611e-01,-5.670562723325561771e-01,-2.837220881815371576e-01,-2.869240730560380093e-01,-2.232450676371334763e-01,-4.262210052907068891e-01,-1.602431616207972420e-01,-5.492948955060684701e-01,-6.085489984305413325e-01,6.885768184368850076e-01,-3.159581931959739021e-01,-3.011129989730141898e-01,-4.279302756451600076e-01,4.521503154354472587e-01,-3.497339436660533707e-01,-5.686255674405804594e-01,-4.095055618995159796e-01,7.563203541141075847e-01,1.000000000000000000e+00
