1.000000000000000000e+00,7.451295456870339340e-01,3.812923343178788449e-01,-9.796606255710187117e-02,5.676562324540651572e-01,4.703534952359298554e-02,2.376344054867625677e-01,-4.340338162443255210e-01,2.970442394952290677e-01,6.739909316044622178e-01,3.445753870974421207e-01,9.595297579046212222e-02,4.025687519024587768e-01,5.145749578133222979e-01,-3.194547188179576360e-03,5.499400465135605431e-01,3.228552570109146092e-01,4.300912197715243690e-01,3.618005251492172891e-01,-1.880294592217728392e-02,2.734332356676565934e-01,1.354304882942897748e-01,1.548228833873006582e-01,-1.987420270761006830e-02,2.405730942622597568e-01,6.333165427859572816e-01,5.863966033389658161e-01,6.765368505692017642e-01,4.446438419933813613e-01,6.818443136020008177e-01,7.132730137762969269e-01,6.894493182095816630e-01,4.751015246132724856e-01,2.073882488739707264e-01,5.273281229175127427e-01,5.325086254761881577e-01,5.545237796443471812e-01,4.512071334762490782e-01,4.035719335740705072e-01
7.451295456870339340e-01,1.000000000000000000e+00,5.989064543750312053e-01,2.640998764958532585e-01,6.086668488185873471e-01,-4.948453446436564679e-02,1.633754580411310164e-01,-4.168156756036913158e-01,6.099709603983204387e-01,6.653626034972756065e-01,1.117365083986483348e-01,4.139110085108199666e-01,1.152750502347110878e-01,6.013193052686368612e-01,3.252339244681679564e-01,4.733527944249851238e-01,2.473545496452561610e-01,3.400188663173081549e-01,2.956398125072876581e-01,4.202367545057833498e-01,4.942297648715810454e-01,3.849156630171488569e-01,3.690036288467392622e-01,2.101042146382880171e-01,4.613010594186240931e-01,6.444460219632833775e-01,5.323711009285002627e-01,5.516529689701422656e-01,7.323428715487675378e-01,6.567265839734378607e-01,5.114133011668905437e-01,7.102705658819487011e-01,9.920879043598436475e-02,3.846475956466398061e-01,3.178593803591415190e-01,6.195330725410845840e-01,7.145353663707642022e-01,6.027754350939804606e-01,6.483076249098836952e-01
3.812923343178788449e-01,5.989064543750312053e-01,1.000000000000000000e+00,3.973480599945723446e-01,7.861228975168376154e-01,-2.047704219816915139e-01,2.551946439463151917e-01,-7.812149635485123866e-01,7.768378650887656223e-01,4.494944074504269582e-01,-1.405590640948815584e-01,6.673330278523974535e-01,-9.890132384655775377e-02,6.118241043791630140e-01,6.132135095457467155e-01,3.737429476581484167e-01,2.089881893003165195e-02,3.343458035748528290e-01,3.446610964804838750e-01,5.192441009989513523e-01,8.120289959896709320e-01,5.369712395380573655e-01,5.909737351598467470e-01,4.529308332440239449e-01,4.800374622786049983e-01,4.335495205043370937e-01,2.347637996708276109e-01,3.893746448472252819e-01,6.144751467170158632e-01,4.165225501902327099e-01,3.464649742266754373e-01,5.441630965229981021e-01,1.236984381426554092e-01,7.777917851305199415e-01,-9.724921936287324320e-02,3.954630078327733278e-01,5.233274530543979841e-01,6.343398937744406663e-01,7.139873319025795695e-01
-9.796606255710187117e-02,2.640998764958532585e-01,3.973480599945723446e-01,1.000000000000000000e+00,2.022276807680615518e-01,-2.149032075895890570e-01,1.888120980585318576e-01,-7.114905757563111388e-02,5.646446625267308450e-01,-6.893588929391476772e-02,-5.559304610385379375e-01,5.994642825401158559e-01,-6.164188107518027149e-01,2.429788225794013434e-01,5.597616892243807429e-01,-1.384611544427283569e-01,-3.010783684849440700e-01,-1.966850807748434307e-02,7.298932970468190173e-02,7.091204648353949258e-01,3.841163814531082243e-01,3.976057419377806990e-01,4.738789083359815080e-01,4.551750894839143857e-01,3.969928202509817594e-01,-1.076425255331181496e-01,-1.660302546038634752e-01,-1.116228322763422598e-01,4.242694407562676573e-01,-2.537570408542856940e-02,-2.897028896981122537e-01,-5.157803400197183419e-02,-5.579053249224832367e-01,4.145391406483920349e-01,-4.012121604178798817e-01,4.201053919398801267e-02,1.784575642888516778e-01,2.557831070876251944e-01,4.736545832311603310e-01
5.676562324540651572e-01,6.086668488185873471e-01,7.861228975168376154e-01,2.022276807680615518e-01,1.000000000000000000e+00,-1.216101938093116785e-01,2.894830330350495751e-01,-7.358448650305249306e-01,6.900913439378076886e-01,5.470704337388115901e-01,5.664470189523526655e-02,5.365099251221957521e-01,9.430450287701874768e-02,6.760594982656773499e-01,4.534948601690892422e-01,5.114869134637620718e-01,1.269872234269822098e-01,4.744297793405635177e-01,4.307116822560986269e-01,2.445312045905957132e-01,6.668621850442519872e-01,3.706363976328329035e-01,4.873103693016298532e-01,3.908028561263469092e-01,3.534754288238602937e-01,5.516432840451699349e-01,4.383304403569889818e-01,5.879355479211080260e-01,5.303191980420635110e-01,5.708139290753331263e-01,5.777746631997725535e-01,7.148684275189089998e-01,3.886352783956884549e-01,7.527456686158249255e-01,1.643398698935167324e-01,4.451285209633163431e-01,5.925823817539582761e-01,6.329420539745994612e-01,6.456439463810805801e-01
4.703534952359298554e-02,-4.948453446436564679e-02,-2.047704219816915139e-01,-2.149032075895890570e-01,-1.216101938093116785e-01,1.000000000000000000e+00,-2.213934345428582307e-01,1.903469797321860058e-01,-3.849851521020155598e-01,1.558198951171144986e-01,6.294048226449957539e-01,-3.906778416744962623e-01,2.574679825398995536e-01,8.599729183642096375e-02,-4.009128081271006727e-01,9.593859371904221722e-02,5.689593327568072123e-01,-4.830986908322407181e-02,-2.505639643905344660e-01,-1.493519706972372407e-01,-1.526519416094274800e-02,3.238451578165189599e-03,-6.057683276669301176e-02,8.433662165462021965e-02,3.356576949535468590e-01,2.161146789725203882e-02,1.153853041586008626e-01,-5.266248035002419475e-02,8.569125816116281158e-02,8.180183117342287522e-03,9.539765172807829208e-02,1.197512670359160702e-01,1.827513960695231754e-01,-2.337745152618561362e-01,5.610073046415534614e-01,-1.364089141918397585e-01,1.276434808114718378e-01,-2.152688793825429658e-01,-2.811997343006010786e-01
2.376344054867625677e-01,1.633754580411310164e-01,2.551946439463151917e-01,1.888120980585318576e-01,2.894830330350495751e-01,-2.213934345428582307e-01,1.000000000000000000e+00,-3.857711031827706361e-01,1.850794149345118822e-01,1.189260129763377721e-01,-1.590387126524596684e-01,8.777181186803509338e-02,-8.449552083876302189e-02,2.941111535705334679e-01,1.598455265563990813e-01,1.174225423222791248e-01,-1.305928583750802507e-01,7.682251971631193221e-02,2.493333961411277333e-01,4.516164824916314713e-02,1.839777749422937536e-01,1.475790891613301958e-01,1.612470244731108171e-01,1.364278598887682659e-01,-4.116324522044319256e-02,2.148715141610149926e-01,2.713244036445985885e-01,3.789813043751927291e-01,1.113603141549014547e-01,1.512218395636399093e-01,2.686618911158081824e-01,1.860254960007624858e-01,2.577521749756849223e-01,2.539264574587630774e-01,-1.522472024058507852e-02,1.403579408819571051e-01,5.401267399302846217e-02,1.060993176460514192e-01,1.325260037690006443e-01
-4.340338162443255210e-01,-4.168156756036913158e-01,-7.812149635485123866e-01,-7.114905757563111388e-02,-7.358448650305249306e-01,1.903469797321860058e-01,-3.857711031827706361e-01,1.000000000000000000e+00,-4.850414248795100192e-01,-4.372494093404213356e-01,3.956386942426574904e-02,-4.098410726124146475e-01,-5.897311690220785607e-02,-5.696500238483254153e-01,-4.158398129111326447e-01,-4.683776160664313570e-01,-5.654595269388366235e-02,-3.727183813152517011e-01,-4.343171289188284545e-01,-9.585283735243653458e-02,-5.908385938523189607e-01,-3.282241265400913655e-01,-4.671604844929134193e-01,-2.678077506719063750e-01,-2.690705329554040626e-01,-4.575349650191349871e-01,-3.498340891177667000e-01,-5.178461039185751069e-01,-3.254193335126424613e-01,-3.594639836779607855e-01,-4.562892978603593219e-01,-4.852125389498829211e-01,-4.851528208393298125e-01,-6.105167558860733479e-01,-4.717291010958131470e-02,-4.097090154268455131e-01,-3.100032937909028563e-01,-4.597541724547124509e-01,-4.491511602924233015e-01
2.970442394952290677e-01,6.099709603983204387e-01,7.768378650887656223e-01,5.646446625267308450e-01,6.900913439378076886e-01,-3.849851521020155598e-01,1.850794149345118822e-01,-4.850414248795100192e-01,1.000000000000000000e+00,2.973088991571859463e-01,-3.698201368822828239e-01,8.337423659482361415e-01,-2.892748892648600023e-01,5.663248215922979112e-01,7.511952359942162261e-01,2.185614075795014322e-01,-1.634960895868059760e-01,3.228311019777568847e-01,3.944179147923020934e-01,6.090638043593499251e-01,6.402489168865371783e-01,4.333551013255081408e-01,6.161516428523230449e-01,4.311041812203971202e-01,4.068551614715010811e-01,3.838108239876947270e-01,1.913937301075386288e-01,3.247952283385379668e-01,6.307295924311046020e-01,4.011891808678184068e-01,2.223385948603877615e-01,4.696891403053476410e-01,-1.740728275338417896e-01,7.588399212620129397e-01,-2.580956742156239603e-01,4.535244973973053262e-01,5.236087375417720624e-01,6.667167104557258916e-01,7.992103733438390423e-01
6.739909316044622178e-01,6.653626034972756065e-01,4.494944074504269582e-01,-6.893588929391476772e-02,5.470704337388115901e-01,1.558198951171144986e-01,1.189260129763377721e-01,-4.372494093404213356e-01,2.973088991571859463e-01,1.000000000000000000e+00,4.268740976771966955e-01,1.460772247917503930e-01,4.409987991257489082e-01,5.094164014600680579e-01,4.783281874149279689e-02,7.671634576319246168e-01,4.639189339458454353e-01,5.410582651853129699e-01,3.278793225778264264e-01,1.479389142514218602e-01,4.088873471669238757e-01,3.587184524475349190e-01,2.452887163877583432e-01,1.608325149113623564e-01,4.420134335142071325e-01,6.466189968944262567e-01,6.149361330243231505e-01,6.076954955835810468e-01,4.254085485877581174e-01,6.940051440910363079e-01,7.189355310959733014e-01,6.100916972183938469e-01,4.223847844704552990e-01,2.982843774662821690e-01,4.793153528527149265e-01,3.657128875941666468e-01,5.171359242556236024e-01,5.561067485757669182e-01,5.124065597246580950e-01
3.445753870974421207e-01,1.117365083986483348e-01,-1.405590640948815584e-01,-5.559304610385379375e-01,5.664470189523526655e-02,6.294048226449957539e-01,-1.590387126524596684e-01,3.956386942426574904e-02,-3.698201368822828239e-01,4.268740976771966955e-01,1.000000000000000000e+00,-5.058526428915581796e-01,7.436800814364744605e-01,-2.407484018577596072e-02,-5.834859596664437875e-01,3.378548556793214974e-01,7.414389025110191822e-01,1.102216723735387482e-01,-1.423503666175685023e-01,-3.312350109530783349e-01,2.047708629504748322e-03,-1.696710849358757300e-03,-3.122266768561176020e-01,-1.567813985212096750e-01,8.696151189592411790e-02,2.988912110599338257e-01,3.168646139371891213e-01,2.133523571040745193e-01,4.398514801872190072e-02,3.584329727226568951e-01,4.888560011312568787e-01,3.937692553675877227e-01,4.938711040151971265e-01,-2.514129762881647245e-01,7.266255739656044543e-01,-2.365625220621349334e-02,2.560419122987774854e-01,4.113746129479414759e-03,-1.825459840899602004e-01
9.595297579046212222e-02,4.139110085108199666e-01,6.673330278523974535e-01,5.994642825401158559e-01,5.365099251221957521e-01,-3.906778416744962623e-01,8.777181186803509338e-02,-4.098410726124146475e-01,8.337423659482361415e-01,1.460772247917503930e-01,-5.058526428915581796e-01,1.000000000000000000e+00,-3.512563641019570970e-01,5.234723990024686691e-01,8.816327815274280777e-01,1.563065903925782429e-01,-1.926045003066882699e-01,3.209915163085304002e-01,4.360734612785058251e-01,6.030728652067743889e-01,4.825046024942098444e-01,3.799863946513480917e-01,6.752848402587955379e-01,5.205853664589915608e-01,4.227750600780513235e-01,3.095897156946222362e-01,1.450194449153739684e-01,2.879174060834370219e-01,5.344578482715665046e-01,1.974816040499101366e-01,5.604474850849350959e-02,2.160525971076928120e-01,-2.549593210743346106e-01,7.190114942717993340e-01,-3.759003862543564556e-01,3.153325840258411894e-01,3.135081084683778441e-01,6.045087451863349060e-01,7.406208477984154159e-01
4.025687519024587768e-01,1.152750502347110878e-01,-9.890132384655775377e-02,-6.164188107518027149e-01,9.430450287701874768e-02,2.574679825398995536e-01,-8.449552083876302189e-02,-5.897311690220785607e-02,-2.892748892648600023e-01,4.409987991257489082e-01,7.436800814364744605e-01,-3.512563641019570970e-01,1.000000000000000000e+00,-5.088861081280678794e-02,-4.405215631330151038e-01,3.801087811654099702e-01,5.579053935970376132e-01,3.004351004266057612e-01,1.046419601509803038e-01,-3.598847397541823367e-01,-9.953759691781749464e-02,-8.127604423557231728e-02,-3.482384744036078339e-01,-2.448562369916326420e-01,-8.392671073971628981e-02,3.553008759017620144e-01,3.362379185985585051e-01,3.814029114900311934e-01,-3.603704010402430935e-02,3.541638430058316467e-01,5.992309535041996371e-01,3.054966668473537705e-01,5.837350483651442268e-01,-1.939496237886484675e-01,5.922475781907173831e-01,-5.140013907379228919e-02,1.832684683604223208e-01,1.503623922782836297e-01,-3.924270292813573924e-02
5.145749578133222979e-01,6.013193052686368612e-01,6.118241043791630140e-01,2.429788225794013434e-01,6.760594982656773499e-01,8.599729183642096375e-02,2.941111535705334679e-01,-5.696500238483254153e-01,5.663248215922979112e-01,5.094164014600680579e-01,-2.407484018577596072e-02,5.234723990024686691e-01,-5.088861081280678794e-02,1.000000000000000000e+00,5.249845246546559485e-01,5.180806724011319808e-01,1.833939804174277433e-01,4.968053954686150742e-01,4.790102437989534057e-01,2.394310162634924188e-01,4.616858817031059825e-01,2.512015357928690795e-01,5.610920875732120505e-01,5.079406081388330163e-01,4.948298320577774745e-01,6.103993174269745081e-01,6.071050165504970897e-01,6.519947950237290346e-01,5.693186106526836321e-01,4.682123812847624467e-01,4.806360257439262207e-01,5.516821120345590801e-01,3.276369524084863372e-01,5.884235680042996242e-01,2.581810278080255427e-01,4.816738573047887884e-01,4.941765355334519771e-01,5.307449073805601270e-01,5.419731418416796620e-01
-3.194547188179576360e-03,3.252339244681679564e-01,6.132135095457467155e-01,5.597616892243807429e-01,4.534948601690892422e-01,-4.009128081271006727e-01,1.598455265563990813e-01,-4.158398129111326447e-01,7.511952359942162261e-01,4.783281874149279689e-02,-5.834859596664437875e-01,8.816327815274280777e-01,-4.405215631330151038e-01,5.249845246546559485e-01,1.000000000000000000e+00,1.593486232088287269e-01,-2.039725401751341094e-01,2.615749925814515597e-01,3.965578961927121449e-01,5.472437274913315441e-01,4.335930820184071277e-01,3.763375302671683187e-01,6.802871254283239244e-01,5.444743587430977971e-01,3.784394946966087026e-01,2.990533733970543451e-01,1.645488648602692339e-01,2.784423130333052998e-01,4.596785766838549225e-01,1.105161974811519898e-01,-5.205805797995845252e-02,1.354901751322417081e-01,-2.561015970458451196e-01,6.568678088742320176e-01,-4.041046786249054001e-01,3.138591221757698335e-01,2.177994456798074685e-01,5.187816961617576217e-01,5.955773398943519092e-01
5.499400465135605431e-01,4.733527944249851238e-01,3.737429476581484167e-01,-1.384611544427283569e-01,5.114869134637620718e-01,9.593859371904221722e-02,1.174225423222791248e-01,-4.683776160664313570e-01,2.185614075795014322e-01,7.671634576319246168e-01,3.378548556793214974e-01,1.563065903925782429e-01,3.801087811654099702e-01,5.180806724011319808e-01,1.593486232088287269e-01,1.000000000000000000e+00,4.770972410226814175e-01,6.645184714229506184e-01,4.532890044657822415e-01,-1.491329135974584982e-02,2.889607552930420487e-01,2.828044511278999251e-01,3.281560350213771349e-01,2.169392242167096641e-01,3.944771163059345165e-01,6.578904263459052215e-01,6.347599730381684457e-01,6.637397060652576730e-01,2.786203289522086179e-01,6.754186348895072634e-01,6.145103688725325197e-01,4.809448598160492305e-01,4.596095967880447497e-01,2.495034692465998849e-01,4.384673817666550066e-01,3.170793564036040180e-01,3.812069197838067192e-01,5.641206288588611617e-01,3.647996071286184749e-01
3.228552570109146092e-01,2.473545496452561610e-01,2.089881893003165195e-02,-3.010783684849440700e-01,1.269872234269822098e-01,5.689593327568072123e-01,-1.305928583750802507e-01,-5.654595269388366235e-02,-1.634960895868059760e-01,4.639189339458454353e-01,7.414389025110191822e-01,-1.926045003066882699e-01,5.579053935970376132e-01,1.833939804174277433e-01,-2.039725401751341094e-01,4.770972410226814175e-01,1.000000000000000000e+00,1.521207778477512984e-01,-1.003250213107157451e-01,-9.594370426155375553e-02,9.191667077397579211e-02,2.365045302452977449e-01,-2.833881637272366028e-02,1.418595858637141105e-01,3.252252094073001532e-01,4.984095557769847029e-01,4.750409401077120286e-01,3.411586739439555482e-01,2.403115754000399729e-01,4.201511384289728368e-01,3.893596524708001216e-01,3.667521883255098758e-01,3.378289399019956396e-01,-1.014710388333922297e-01,6.411585978054544777e-01,7.465878180755933236e-02,3.191244225113278876e-01,1.959301143275409829e-01,-1.159246956259501853e-02
4.300912197715243690e-01,3.400188663173081549e-01,3.343458035748528290e-01,-1.966850807748434307e-02,4.744297793405635177e-01,-4.830986908322407181e-02,7.682251971631193221e-02,-3.727183813152517011e-01,3.228311019777568847e-01,5.410582651853129699e-01,1.102216723735387482e-01,3.209915163085304002e-01,3.004351004266057612e-01,4.968053954686150742e-01,2.615749925814515597e-01,6.645184714229506184e-01,1.521207778477512984e-01,1.000000000000000000e+00,7.318531118030080496e-01,-2.394017410059695941e-02,1.990392866796785454e-01,-4.609340162951522032e-03,2.845444051019137555e-01,1.263969618251955529e-01,2.621052188163541796e-01,4.692031929530243173e-01,4.385150123335339045e-01,6.172143369022839998e-01,2.043076864070359766e-01,4.795252594736864604e-01,5.780887353168583376e-01,3.118380886873839963e-01,3.800399302303876237e-01,3.325200153007087933e-01,2.222446614859193148e-01,1.838416594987547503e-01,2.970303154700710824e-01,6.164185161082882392e-01,4.713737902081037712e-01
3.618005251492172891e-01,2.956398125072876581e-01,3.446610964804838750e-01,7.298932970468190173e-02,4.307116822560986269e-01,-2.505639643905344660e-01,2.493333961411277333e-01,-4.343171289188284545e-01,3.944179147923020934e-01,3.278793225778264264e-01,-1.423503666175685023e-01,4.360734612785058251e-01,1.046419601509803038e-01,4.790102437989534057e-01,3.965578961927121449e-01,4.532890044657822415e-01,-1.003250213107157451e-01,7.318531118030080496e-01,1.000000000000000000e+00,-6.814487637312413582e-02,1.080862800829709841e-01,-8.592100479979392080e-02,3.929303055502537112e-01,8.022675222903663528e-02,1.526938578993589923e-01,3.691331511246083164e-01,3.751250578254207158e-01,5.468509611785902225e-01,2.009431945256382468e-01,2.790032646494991497e-01,4.236437251893236389e-01,2.489363834093016870e-01,3.047103745933137375e-01,3.439918238415043406e-01,1.130729314137392250e-02,2.737944436385221225e-01,1.506829002984187704e-01,4.437093839407595386e-01,4.086411795888501564e-01
-1.880294592217728392e-02,4.202367545057833498e-01,5.192441009989513523e-01,7.091204648353949258e-01,2.445312045905957132e-01,-1.493519706972372407e-01,4.516164824916314713e-02,-9.585283735243653458e-02,6.090638043593499251e-01,1.479389142514218602e-01,-3.312350109530783349e-01,6.030728652067743889e-01,-3.598847397541823367e-01,2.394310162634924188e-01,5.472437274913315441e-01,-1.491329135974584982e-02,-9.594370426155375553e-02,-2.394017410059695941e-02,-6.814487637312413582e-02,1.000000000000000000e+00,5.460203392274337597e-01,6.168772099868394809e-01,3.610302980907729165e-01,3.982242609162205405e-01,4.416534760285995009e-01,1.101928163698666641e-01,-3.576300858422674228e-02,-1.650472245834859464e-02,6.081113599209877485e-01,1.370631831460828731e-01,-1.450030984830275593e-01,1.516404720265926154e-01,-5.643003674373342493e-01,4.118960891381582279e-01,-2.901496750206384312e-01,9.883844773631110525e-02,4.248770817001205069e-01,3.980417753682484183e-01,5.946746723763971509e-01
2.734332356676565934e-01,4.942297648715810454e-01,8.120289959896709320e-01,3.841163814531082243e-01,6.668621850442519872e-01,-1.526519416094274800e-02,1.839777749422937536e-01,-5.908385938523189607e-01,6.402489168865371783e-01,4.088873471669238757e-01,2.047708629504748322e-03,4.825046024942098444e-01,-9.953759691781749464e-02,4.616858817031059825e-01,4.335930820184071277e-01,2.889607552930420487e-01,9.191667077397579211e-02,1.990392866796785454e-01,1.080862800829709841e-01,5.460203392274337597e-01,1.000000000000000000e+00,6.493287893031971514e-01,4.277468385584682342e-01,4.098236036497530099e-01,4.487274776372788820e-01,3.141598334685113403e-01,1.378257366876576018e-01,2.204588337001473775e-01,5.694389640949686360e-01,3.682989939349860520e-01,2.412737141922341733e-01,5.265611388654772851e-01,2.330365963524711273e-02,6.393949744618299125e-01,-2.626963606750677693e-02,2.632384811504933086e-01,5.385591256762662926e-01,4.815556965860542382e-01,5.551800916026121691e-01
1.354304882942897748e-01,3.849156630171488569e-01,5.369712395380573655e-01,3.976057419377806990e-01,3.706363976328329035e-01,3.238451578165189599e-03,1.475790891613301958e-01,-3.282241265400913655e-01,4.333551013255081408e-01,3.587184524475349190e-01,-1.696710849358757300e-03,3.799863946513480917e-01,-8.127604423557231728e-02,2.512015357928690795e-01,3.763375302671683187e-01,2.828044511278999251e-01,2.365045302452977449e-01,-4.609340162951522032e-03,-8.592100479979392080e-02,6.168772099868394809e-01,6.493287893031971514e-01,1.000000000000000000e+00,3.089245575153445889e-01,3.845173815642211612e-01,4.094357347031876149e-01,2.876478221222243947e-01,1.732607285864953828e-01,1.558348523758484871e-01,4.507956006375602453e-01,2.676244140825317919e-01,4.239161139835970898e-02,3.201572937845396649e-01,-1.964496458904156362e-01,3.743084949494550617e-01,-2.673024582130199053e-03,1.449968765870919829e-01,3.920548729612182703e-01,3.167519192302529207e-01,4.152176271752251457e-01
1.548228833873006582e-01,3.690036288467392622e-01,5.909737351598467470e-01,4.738789083359815080e-01,4.873103693016298532e-01,-6.057683276669301176e-02,1.612470244731108171e-01,-4.671604844929134193e-01,6.161516428523230449e-01,2.452887163877583432e-01,-3.122266768561176020e-01,6.752848402587955379e-01,-3.482384744036078339e-01,5.610920875732120505e-01,6.802871254283239244e-01,3.281560350213771349e-01,-2.833881637272366028e-02,2.845444051019137555e-01,3.929303055502537112e-01,3.610302980907729165e-01,4.277468385584682342e-01,3.089245575153445889e-01,1.000000000000000000e+00,6.214649244712828757e-01,7.104873052056465133e-01,2.813563637800114980e-01,1.863673814751593549e-01,2.446518691264609746e-01,4.663117692330254194e-01,2.189784385814525780e-01,1.190600963414142621e-01,1.999926660397087497e-01,-8.007738520414620087e-02,6.355469686887723624e-01,-1.925788536401261131e-01,3.281110901333758045e-01,2.079015252079236820e-01,4.916422834873879211e-01,5.376580634112287926e-01
-1.987420270761006830e-02,2.101042146382880171e-01,4.529308332440239449e-01,4.551750894839143857e-01,3.908028561263469092e-01,8.433662165462021965e-02,1.364278598887682659e-01,-2.678077506719063750e-01,4.311041812203971202e-01,1.608325149113623564e-01,-1.567813985212096750e-01,5.205853664589915608e-01,-2.448562369916326420e-01,5.079406081388330163e-01,5.444743587430977971e-01,2.169392242167096641e-01,1.418595858637141105e-01,1.263969618251955529e-01,8.022675222903663528e-02,3.982242609162205405e-01,4.098236036497530099e-01,3.845173815642211612e-01,6.214649244712828757e-01,1.000000000000000000e+00,5.821506722354861108e-01,1.565315737048737499e-01,9.611325442866155977e-02,1.462185112267770093e-01,4.344446643359372584e-01,1.434547543563732541e-01,4.142582219288182266e-02,1.421182270865411212e-01,-8.131664164364978131e-02,6.009881724174456208e-01,-1.048075186060894448e-01,-7.140530409514188326e-02,1.871767865412033438e-01,3.508450253544396769e-01,3.915517243164158834e-01
2.405730942622597568e-01,4.613010594186240931e-01,4.800374622786049983e-01,3.969928202509817594e-01,3.534754288238602937e-01,3.356576949535468590e-01,-4.116324522044319256e-02,-2.690705329554040626e-01,4.068551614715010811e-01,4.420134335142071325e-01,8.696151189592411790e-02,4.227750600780513235e-01,-8.392671073971628981e-02,4.948298320577774745e-01,3.784394946966087026e-01,3.944771163059345165e-01,3.252252094073001532e-01,2.621052188163541796e-01,1.526938578993589923e-01,4.416534760285995009e-01,4.487274776372788820e-01,4.094357347031876149e-01,7.104873052056465133e-01,5.821506722354861108e-01,1.000000000000000000e+00,3.198034188881757611e-01,2.514963742873032038e-01,1.953746919126086723e-01,5.687565612584241093e-01,2.947680884702126858e-01,2.022115868593836185e-01,2.584537072868739460e-01,-8.130524991789135625e-02,4.228577013368418624e-01,1.545946324522843862e-01,2.012243074395181075e-01,3.486768492507852923e-01,4.633270813344810835e-01,4.797322473642785523e-01
6.333165427859572816e-01,6.444460219632833775e-01,4.335495205043370937e-01,-1.076425255331181496e-01,5.516432840451699349e-01,2.161146789725203882e-02,2.148715141610149926e-01,-4.575349650191349871e-01,3.838108239876947270e-01,6.466189968944262567e-01,2.988912110599338257e-01,3.095897156946222362e-01,3.553008759017620144e-01,6.103993174269745081e-01,2.990533733970543451e-01,6.578904263459052215e-01,4.984095557769847029e-01,4.692031929530243173e-01,3.691331511246083164e-01,1.101928163698666641e-01,3.141598334685113403e-01,2.876478221222243947e-01,2.813563637800114980e-01,1.565315737048737499e-01,3.198034188881757611e-01,1.000000000000000000e+00,8.305390634031242225e-01,8.167390201321468313e-01,5.012482670444784461e-01,7.001466022554458934e-01,6.547578919781221751e-01,6.223997332326911547e-01,3.864029594116734079e-01,2.794115284922173426e-01,4.849285946955450011e-01,5.842843528345809112e-01,5.601948202637133667e-01,6.258685165989100740e-01,4.677966854331202518e-01
5.863966033389658161e-01,5.323711009285002627e-01,2.347637996708276109e-01,-1.660302546038634752e-01,4.383304403569889818e-01,1.153853041586008626e-01,2.713244036445985885e-01,-3.498340891177667000e-01,1.913937301075386288e-01,6.149361330243231505e-01,3.168646139371891213e-01,1.450194449153739684e-01,3.362379185985585051e-01,6.071050165504970897e-01,1.645488648602692339e-01,6.347599730381684457e-01,4.750409401077120286e-01,4.385150123335339045e-01,3.751250578254207158e-01,-3.576300858422674228e-02,1.378257366876576018e-01,1.732607285864953828e-01,1.863673814751593549e-01,9.611325442866155977e-02,2.514963742873032038e-01,8.305390634031242225e-01,1.000000000000000000e+00,7.922860013722483608e-01,3.813776642868215161e-01,5.826502878425304788e-01,6.155840818223623501e-01,5.590916443225021348e-01,4.653543945741133170e-01,1.390583537902400080e-01,5.827756587998262905e-01,5.375313715321927699e-01,4.245139351072209632e-01,4.037459198110439629e-01,2.795826137710038517e-01
6.765368505692017642e-01,5.516529689701422656e-01,3.893746448472252819e-01,-1.116228322763422598e-01,5.879355479211080260e-01,-5.266248035002419475e-02,3.789813043751927291e-01,-5.178461039185751069e-01,3.247952283385379668e-01,6.076954955835810468e-01,2.133523571040745193e-01,2.879174060834370219e-01,3.814029114900311934e-01,6.519947950237290346e-01,2.784423130333052998e-01,6.637397060652576730e-01,3.411586739439555482e-01,6.172143369022839998e-01,5.468509611785902225e-01,-1.650472245834859464e-02,2.204588337001473775e-01,1.558348523758484871e-01,2.446518691264609746e-01,1.462185112267770093e-01,1.953746919126086723e-01,8.167390201321468313e-01,7.922860013722483608e-01,1.000000000000000000e+00,3.778227414038555776e-01,6.188782165079218522e-01,7.415937810031790756e-01,5.593818577296062466e-01,5.365068649257497269e-01,3.116734918631000606e-01,4.546223771018068072e-01,4.861159342966930308e-01,4.615909274045432720e-01,5.845176168346355450e-01,4.368964884103747059e-01
4.446438419933813613e-01,7.323428715487675378e-01,6.144751467170158632e-01,4.242694407562676573e-01,5.303191980420635110e-01,8.569125816116281158e-02,1.113603141549014547e-01,-3.254193335126424613e-01,6.307295924311046020e-01,4.254085485877581174e-01,4.398514801872190072e-02,5.344578482715665046e-01,-3.603704010402430935e-02,5.693186106526836321e-01,4.596785766838549225e-01,2.786203289522086179e-01,2.403115754000399729e-01,2.043076864070359766e-01,2.009431945256382468e-01,6.081113599209877485e-01,5.694389640949686360e-01,4.507956006375602453e-01,4.663117692330254194e-01,4.344446643359372584e-01,5.687565612584241093e-01,5.012482670444784461e-01,3.813776642868215161e-01,3.778227414038555776e-01,1.000000000000000000e+00,4.689969562191813601e-01,2.818141046295781771e-01,6.182124315680881388e-01,-1.060026040580896445e-01,4.613127542186020169e-01,1.794008293264978404e-01,4.480654456162422861e-01,7.462814861538495936e-01,5.387406721951593092e-01,6.155287446033343990e-01
6.818443136020008177e-01,6.567265839734378607e-01,4.165225501902327099e-01,-2.537570408542856940e-02,5.708139290753331263e-01,8.180183117342287522e-03,1.512218395636399093e-01,-3.594639836779607855e-01,4.011891808678184068e-01,6.940051440910363079e-01,3.584329727226568951e-01,1.974816040499101366e-01,3.541638430058316467e-01,4.682123812847624467e-01,1.105161974811519898e-01,6.754186348895072634e-01,4.201511384289728368e-01,4.795252594736864604e-01,2.790032646494991497e-01,1.370631831460828731e-01,3.682989939349860520e-01,2.676244140825317919e-01,2.189784385814525780e-01,1.434547543563732541e-01,2.947680884702126858e-01,7.001466022554458934e-01,5.826502878425304788e-01,6.188782165079218522e-01,4.689969562191813601e-01,1.000000000000000000e+00,6.371914671040818101e-01,6.810993594635874615e-01,3.158349593697244440e-01,2.804310001453044765e-01,4.396100453937490937e-01,4.661623800335809586e-01,6.277455174738544308e-01,6.382942480128963592e-01,5.005562877589451176e-01
7.132730137762969269e-01,5.114133011668905437e-01,3.464649742266754373e-01,-2.897028896981122537e-01,5.777746631997725535e-01,9.539765172807829208e-02,2.686618911158081824e-01,-4.562892978603593219e-01,2.223385948603877615e-01,7.189355310959733014e-01,4.888560011312568787e-01,5.604474850849350959e-02,5.992309535041996371e-01,4.806360257439262207e-01,-5.205805797995845252e-02,6.145103688725325197e-01,3.893596524708001216e-01,5.780887353168583376e-01,4.236437251893236389e-01,-1.450030984830275593e-01,2.412737141922341733e-01,4.239161139835970898e-02,1.190600963414142621e-01,4.142582219288182266e-02,2.022115868593836185e-01,6.547578919781221751e-01,6.155840818223623501e-01,7.415937810031790756e-01,2.818141046295781771e-01,6.371914671040818101e-01,1.000000000000000000e+00,6.094747613002710063e-01,6.591408725569566363e-01,3.185810495240444795e-01,5.533758499236844930e-01,3.112431086742714625e-01,4.784197738256922849e-01,5.429085629368564092e-01,4.194035188479164344e-01
6.894493182095816630e-01,7.102705658819487011e-01,5.441630965229981021e-01,-5.157803400197183419e-02,7.148684275189089998e-01,1.197512670359160702e-01,1.860254960007624858e-01,-4.852125389498829211e-01,4.696891403053476410e-01,6.100916972183938469e-01,3.937692553675877227e-01,2.160525971076928120e-01,3.054966668473537705e-01,5.516821120345590801e-01,1.354901751322417081e-01,4.809448598160492305e-01,3.667521883255098758e-01,3.118380886873839963e-01,2.489363834093016870e-01,1.516404720265926154e-01,5.265611388654772851e-01,3.201572937845396649e-01,1.999926660397087497e-01,1.421182270865411212e-01,2.584537072868739460e-01,6.223997332326911547e-01,5.590916443225021348e-01,5.593818577296062466e-01,6.182124315680881388e-01,6.810993594635874615e-01,6.094747613002710063e-01,1.000000000000000000e+00,3.689649956798443653e-01,4.044962693273325693e-01,4.597689617119122274e-01,5.865556096312578571e-01,7.341060749099833638e-01,4.496308790754158791e-01,4.385544066093062798e-01
4.751015246132724856e-01,9.920879043598436475e-02,1.236984381426554092e-01,-5.579053249224832367e-01,3.886352783956884549e-01,1.827513960695231754e-01,2.577521749756849223e-01,-4.851528208393298125e-01,-1.740728275338417896e-01,4.223847844704552990e-01,4.938711040151971265e-01,-2.549593210743346106e-01,5.837350483651442268e-01,3.276369524084863372e-01,-2.561015970458451196e-01,4.596095967880447497e-01,3.378289399019956396e-01,3.800399302303876237e-01,3.047103745933137375e-01,-5.643003674373342493e-01,2.330365963524711273e-02,-1.964496458904156362e-01,-8.007738520414620087e-02,-8.131664164364978131e-02,-8.130524991789135625e-02,3.864029594116734079e-01,4.653543945741133170e-01,5.365068649257497269e-01,-1.060026040580896445e-01,3.158349593697244440e-01,6.591408725569566363e-01,3.689649956798443653e-01,1.000000000000000000e+00,1.093092013491722969e-01,5.102371031051683437e-01,1.430982765045865079e-01,7.541937242683754983e-02,1.065161516031453010e-01,-5.775595688855381105e-02
2.073882488739707264e-01,3.846475956466398061e-01,7.777917851305199415e-01,4.145391406483920349e-01,7.527456686158249255e-01,-2.337745152618561362e-01,2.539264574587630774e-01,-6.105167558860733479e-01,7.588399212620129397e-01,2.982843774662821690e-01,-2.514129762881647245e-01,7.190114942717993340e-01,-1.939496237886484675e-01,5.884235680042996242e-01,6.568678088742320176e-01,2.495034692465998849e-01,-1.014710388333922297e-01,3.325200153007087933e-01,3.439918238415043406e-01,4.118960891381582279e-01,6.393949744618299125e-01,3.743084949494550617e-01,6.355469686887723624e-01,6.009881724174456208e-01,4.228577013368418624e-01,2.794115284922173426e-01,1.390583537902400080e-01,3.116734918631000606e-01,4.613127542186020169e-01,2.804310001453044765e-01,3.185810495240444795e-01,4.044962693273325693e-01,1.093092013491722969e-01,1.000000000000000000e+00,-2.210010416015287527e-01,2.026899792101670983e-01,3.589789085183088813e-01,5.896276159448726739e-01,6.896507149381297941e-01
5.273281229175127427e-01,3.178593803591415190e-01,-9.724921936287324320e-02,-4.012121604178798817e-01,1.643398698935167324e-01,5.610073046415534614e-01,-1.522472024058507852e-02,-4.717291010958131470e-02,-2.580956742156239603e-01,4.793153528527149265e-01,7.266255739656044543e-01,-3.759003862543564556e-01,5.922475781907173831e-01,2.581810278080255427e-01,-4.041046786249054001e-01,4.384673817666550066e-01,6.411585978054544777e-01,2.222446614859193148e-01,1.130729314137392250e-02,-2.901496750206384312e-01,-2.626963606750677693e-02,-2.673024582130199053e-03,-1.925788536401261131e-01,-1.048075186060894448e-01,1.545946324522843862e-01,4.849285946955450011e-01,5.827756587998262905e-01,4.546223771018068072e-01,1.794008293264978404e-01,4.396100453937490937e-01,5.533758499236844930e-01,4.597689617119122274e-01,5.102371031051683437e-01,-2.210010416015287527e-01,1.000000000000000000e+00,2.249679251283596693e-01,4.220460109553107464e-01,7.088689972620276780e-02,-9.569267500924147352e-02
5.325086254761881577e-01,6.195330725410845840e-01,3.954630078327733278e-01,4.201053919398801267e-02,4.451285209633163431e-01,-1.364089141918397585e-01,1.403579408819571051e-01,-4.097090154268455131e-01,4.535244973973053262e-01,3.657128875941666468e-01,-2.365625220621349334e-02,3.153325840258411894e-01,-5.140013907379228919e-02,4.816738573047887884e-01,3.138591221757698335e-01,3.170793564036040180e-01,7.465878180755933236e-02,1.838416594987547503e-01,2.737944436385221225e-01,9.883844773631110525e-02,2.632384811504933086e-01,1.449968765870919829e-01,3.281110901333758045e-01,-7.140530409514188326e-02,2.012243074395181075e-01,5.842843528345809112e-01,5.375313715321927699e-01,4.861159342966930308e-01,4.480654456162422861e-01,4.661623800335809586e-01,3.112431086742714625e-01,5.865556096312578571e-01,1.430982765045865079e-01,2.026899792101670983e-01,2.249679251283596693e-01,1.000000000000000000e+00,4.430961849607473746e-01,3.575498751864096270e-01,3.533896379409671162e-01
5.545237796443471812e-01,7.145353663707642022e-01,5.233274530543979841e-01,1.784575642888516778e-01,5.925823817539582761e-01,1.276434808114718378e-01,5.401267399302846217e-02,-3.100032937909028563e-01,5.236087375417720624e-01,5.171359242556236024e-01,2.560419122987774854e-01,3.135081084683778441e-01,1.832684683604223208e-01,4.941765355334519771e-01,2.177994456798074685e-01,3.812069197838067192e-01,3.191244225113278876e-01,2.970303154700710824e-01,1.506829002984187704e-01,4.248770817001205069e-01,5.385591256762662926e-01,3.920548729612182703e-01,2.079015252079236820e-01,1.871767865412033438e-01,3.486768492507852923e-01,5.601948202637133667e-01,4.245139351072209632e-01,4.615909274045432720e-01,7.462814861538495936e-01,6.277455174738544308e-01,4.784197738256922849e-01,7.341060749099833638e-01,7.541937242683754983e-02,3.589789085183088813e-01,4.220460109553107464e-01,4.430961849607473746e-01,1.000000000000000000e+00,5.294263579457556546e-01,5.391374345180932615e-01
4.512071334762490782e-01,6.027754350939804606e-01,6.343398937744406663e-01,2.557831070876251944e-01,6.329420539745994612e-01,-2.152688793825429658e-01,1.060993176460514192e-01,-4.597541724547124509e-01,6.667167104557258916e-01,5.561067485757669182e-01,4.113746129479414759e-03,6.045087451863349060e-01,1.503623922782836297e-01,5.307449073805601270e-01,5.187816961617576217e-01,5.641206288588611617e-01,1.959301143275409829e-01,6.164185161082882392e-01,4.437093839407595386e-01,3.980417753682484183e-01,4.815556965860542382e-01,3.167519192302529207e-01,4.916422834873879211e-01,3.508450253544396769e-01,4.633270813344810835e-01,6.258685165989100740e-01,4.037459198110439629e-01,5.845176168346355450e-01,5.387406721951593092e-01,6.382942480128963592e-01,5.429085629368564092e-01,4.496308790754158791e-01,1.065161516031453010e-01,5.896276159448726739e-01,7.088689972620276780e-02,3.575498751864096270e-01,5.294263579457556546e-01,1.000000000000000000e+00,8.168323067975016283e-01
4.035719335740705072e-01,6.483076249098836952e-01,7.139873319025795695e-01,4.736545832311603310e-01,6.456439463810805801e-01,-2.811997343006010786e-01,1.325260037690006443e-01,-4.491511602924233015e-01,7.992103733438390423e-01,5.124065597246580950e-01,-1.825459840899602004e-01,7.406208477984154159e-01,-3.924270292813573924e-02,5.419731418416796620e-01,5.955773398943519092e-01,3.647996071286184749e-01,-1.159246956259501853e-02,4.713737902081037712e-01,4.086411795888501564e-01,5.946746723763971509e-01,5.551800916026121691e-01,4.152176271752251457e-01,5.376580634112287926e-01,3.915517243164158834e-01,4.797322473642785523e-01,4.677966854331202518e-01,2.795826137710038517e-01,4.368964884103747059e-01,6.155287446033343990e-01,5.005562877589451176e-01,4.194035188479164344e-01,4.385544066093062798e-01,-5.775595688855381105e-02,6.896507149381297941e-01,-9.569267500924147352e-02,3.533896379409671162e-01,5.391374345180932615e-01,8.168323067975016283e-01,1.000000000000000000e+00
