1.000000000000000000e+00,2.105184848104154904e-01,1.934946155542474067e-01,-1.129212269424570703e-01,3.963095900016485595e-01,9.292279030900769954e-02,-1.060306255627503219e-01,-2.231158328156959136e-01,2.515850798784270426e-01,2.779066043066072966e-01,2.243874558517428702e-02,-2.211759791460934377e-01,1.090714631265673334e-01,2.815369147905539271e-01,-1.596345401224833205e-01,4.157624934446547682e-01,-7.775814253815155341e-02,1.255474711957338396e-01,-1.362484338377240589e-01,-5.039146114829878148e-02,-3.991523768441634923e-02,-1.470987479364386230e-01,3.305856321613376836e-01,2.939394488213340484e-01,2.164378977832809858e-01,2.954734656414696459e-01,2.937564428029230262e-02,1.658639315631380284e-01,3.017522573716287515e-01,5.810257280084105691e-01,-5.945481596013358488e-02,-3.007710215465618855e-02,-6.461238303256000570e-02,2.053413871766479881e-01,1.003035183401776165e-01,2.570476325750065683e-01,-4.881902069048083687e-02,4.541601732445490480e-01,-3.630945355910700223e-02
2.105184848104154904e-01,1.000000000000000000e+00,5.828154943116242714e-01,4.561276714652830466e-01,5.806872942064185139e-01,-4.277282457167759233e-01,6.125233833320468113e-01,-5.270241835895846938e-01,7.492834229223479525e-01,8.115400124207978738e-01,-7.960402547007394691e-02,6.113568566279814487e-01,1.044566849429547604e-02,3.857545574828518675e-01,1.276701837698678010e-01,7.777143384442890550e-01,6.547972000504380663e-01,6.303304318804135997e-01,7.832841258144431773e-01,-3.174776527446014907e-01,3.259193726982332895e-01,6.316891130539123989e-01,3.575782429979545984e-01,3.019887921123306507e-01,6.542150389748595529e-01,-5.829163685794250815e-01,7.246038755938997156e-01,1.671591337324954962e-01,-4.619069963079692198e-01,2.075522591331014910e-01,7.010492457437877967e-01,7.322875996080201455e-01,6.281967688820520035e-01,6.569315179507194680e-01,-5.576625002912442008e-01,7.182822676379680971e-01,5.899205535505273046e-01,5.016751299015307364e-01,8.240903724498109817e-01
1.934946155542474067e-01,5.828154943116242714e-01,1.000000000000000000e+00,3.772709882654300406e-01,7.387032681285187197e-01,1.813235315852035692e-02,3.825969710175051164e-01,-9.235242572225909052e-01,5.807115703885195046e-01,7.813651621534184466e-01,9.504574078145200389e-02,1.966232362208146234e-01,-2.857357530720166516e-01,6.683760365745773369e-01,2.262980911250788568e-02,7.458655617614216027e-01,4.415864732717127428e-01,6.803562738007233879e-01,4.726703136461025134e-01,-2.488801568401683706e-01,5.608477234680816492e-01,5.005707549674016654e-01,6.123313454195591365e-01,6.035015698301805509e-01,7.168733170872333416e-01,2.146978800140528394e-03,7.779224760663058236e-01,5.588899514627093668e-01,1.991780302701836453e-02,5.290594575366281971e-01,7.734951158616881761e-01,4.429667381701204443e-01,7.290481445139742611e-01,5.223721477901170918e-01,-2.157512411787224776e-02,6.281627606420512322e-01,5.929483812280014199e-01,3.047196105272865219e-01,4.517848357670916637e-01
-1.129212269424570703e-01,4.561276714652830466e-01,3.772709882654300406e-01,1.000000000000000000e+00,3.622391881947395476e-01,-1.626593995638594137e-01,3.204279645089460060e-01,-2.878055980407608905e-01,4.575439091769812339e-01,4.056771020682176099e-01,2.850140809000456174e-02,4.929256328603001114e-01,1.343523197692008120e-01,6.531954888270356807e-02,7.300826135349472445e-02,3.046598755423146065e-01,4.829410875746159570e-01,7.695039370741120210e-01,6.581467790147056407e-01,-1.025445439142581572e-01,4.399940081445475326e-01,6.506615181630013289e-01,2.160477962381280592e-01,2.179064592921799992e-01,3.768376578715699199e-01,-4.501980618390830080e-01,4.166244054564607335e-01,1.473473071938336681e-02,-2.472164432226787723e-01,-3.888883111485187671e-02,3.687079326159599102e-01,5.136862279204023052e-01,3.909913301639450500e-01,5.728206883233990521e-01,-3.473141606476739529e-01,2.096991188516065530e-01,4.468116624166642570e-01,3.480836136311062368e-01,5.166846176479841235e-01
3.963095900016485595e-01,5.806872942064185139e-01,7.387032681285187197e-01,3.622391881947395476e-01,1.000000000000000000e+00,-1.788843965027774874e-01,3.428175196774000399e-01,-7.463233500670767295e-01,7.253389006862274169e-01,6.698459405372495512e-01,-1.123002443603469819e-01,2.278002815511032397e-01,-6.036057595300472339e-02,4.949437029578000469e-01,1.389384710174524674e-02,7.152301651258092807e-01,3.258306306781652006e-01,6.959088038500741424e-01,4.330589561963109069e-01,-3.553223958168423846e-01,2.133669502583653288e-01,3.413704765954156950e-01,4.353224969584789661e-01,5.111111572154739546e-01,5.898095802647138619e-01,-1.260784910227935041e-01,5.797621366926308806e-01,3.098361346156038865e-01,-1.287133901254572110e-01,5.213072339618728401e-01,5.961929708328664868e-01,3.884794483778874485e-01,4.009941381335944688e-01,7.390856339035272171e-01,-2.442042983176835880e-01,5.339577823407217760e-01,3.454043042350630754e-01,3.828728564501265863e-01,4.540157516614147237e-01
9.292279030900769954e-02,-4.277282457167759233e-01,1.813235315852035692e-02,-1.626593995638594137e-01,-1.788843965027774874e-01,1.000000000000000000e+00,-3.948562079504330247e-01,7.020339264620182977e-03,-4.989140917974494993e-01,-1.391563005573424605e-01,7.283509071685364544e-01,-6.024263660411244281e-01,-1.535936768454359280e-01,2.920751478788215505e-01,-2.306356437229485634e-02,-2.649032750547610782e-01,-1.872460331270703882e-01,-1.645097787887003782e-01,-4.711869852192479002e-01,1.996389275361748206e-01,4.052552488377290096e-01,-1.952045695896802158e-01,5.038935431122198993e-01,3.854299463763334321e-01,7.510171421908085065e-02,6.871766749983836409e-01,-1.027056374869109029e-01,4.095023061159411282e-01,8.579710229796869703e-01,1.557181870562250603e-01,-1.596869225428307060e-01,-3.172679511430987476e-01,-1.249665162374427943e-02,-4.028254718800953205e-01,8.131408189103896955e-01,-3.933259790475028828e-01,2.306194971308771213e-01,-1.972149538566577154e-01,-6.023397002884809392e-01
-1.060306255627503219e-01,6.125233833320468113e-01,3.825969710175051164e-01,3.204279645089460060e-01,3.428175196774000399e-01,-3.948562079504330247e-01,1.000000000000000000e+00,-3.404437436766152292e-01,6.249855031223889856e-01,5.208789801006005193e-01,-1.441223522086620967e-01,5.749439494587378352e-01,1.992674613139879813e-01,1.122367170931736352e-01,4.417680273264902868e-01,4.636532839220579572e-01,6.590625563872699599e-01,4.772991713809829895e-01,7.256299283126615984e-01,-1.800276413665418407e-01,1.532906181664735745e-01,4.588594274959827413e-01,1.262956993340846601e-01,1.607488543699135963e-01,4.509914617342662968e-01,-6.059474082927237548e-01,5.198659428349625689e-01,1.389793899292250390e-01,-5.013632525206399571e-01,1.100551634416850263e-02,5.134383273398278602e-01,6.815010762289603896e-01,4.448200184076311348e-01,5.438897260284406565e-01,-5.902454433505639475e-01,5.645675243601809834e-01,3.618242607596510729e-01,4.406194816031623884e-01,7.353170350451344595e-01
-2.231158328156959136e-01,-5.270241835895846938e-01,-9.235242572225909052e-01,-2.878055980407608905e-01,-7.463233500670767295e-01,7.020339264620182977e-03,-3.404437436766152292e-01,1.000000000000000000e+00,-5.611784709008705851e-01,-7.305940006868781866e-01,-1.898758491186359684e-02,-1.455804168357889283e-01,2.953759819041876233e-01,-6.614045143468567645e-01,3.547743087103252813e-02,-7.358405357847160877e-01,-3.487437546185297443e-01,-6.184096620673310563e-01,-3.910796111503941908e-01,2.446718567498107344e-01,-4.687305757114763050e-01,-4.160034174622089798e-01,-5.566565799931477709e-01,-5.533615115957302155e-01,-6.559631998082161575e-01,-6.171470729544702855e-02,-7.184713487319273062e-01,-5.305418365620033772e-01,-2.728454606089132997e-02,-5.855155187282262697e-01,-7.294798646642338680e-01,-3.574924232880416497e-01,-6.698004595471884759e-01,-4.810505755921284932e-01,-1.311335260256106007e-03,-6.212123640855693463e-01,-4.942327927441951263e-01,-2.613255485893773433e-01,-3.948866444918680552e-01
2.515850798784270426e-01,7.492834229223479525e-01,5.807115703885195046e-01,4.575439091769812339e-01,7.253389006862274169e-01,-4.989140917974494993e-01,6.249855031223889856e-01,-5.611784709008705851e-01,1.000000000000000000e+00,6.870908479530772883e-01,-2.895799976442616774e-01,5.939054240805271556e-01,5.480391675126670276e-02,3.310822767280494627e-01,1.967103515916151235e-01,7.479841092347504494e-01,5.798768194316556990e-01,6.921958316918820353e-01,7.324199597088506541e-01,-3.416991335676664576e-01,1.238586025132078910e-01,5.251746416465591372e-01,2.715573849954872609e-01,2.722918818983470213e-01,6.086091600233918264e-01,-5.305905599404138195e-01,6.240169491161193793e-01,5.998524109712846664e-02,-4.956765484786696541e-01,3.162335332973171820e-01,6.204595577311873278e-01,6.466989475844309165e-01,4.470170364997846923e-01,8.419692026751740555e-01,-6.272160322479687355e-01,7.293138779117361858e-01,3.464390613147847464e-01,6.303461459014405577e-01,8.061998667648597738e-01
2.779066043066072966e-01,8.115400124207978738e-01,7.813651621534184466e-01,4.056771020682176099e-01,6.698459405372495512e-01,-1.391563005573424605e-01,5.208789801006005193e-01,-7.305940006868781866e-01,6.870908479530772883e-01,1.000000000000000000e+00,7.447747087874921623e-02,3.749880694341239384e-01,-1.225913940580770772e-01,6.207465516219636825e-01,1.137149546236081443e-01,8.666115610251847734e-01,6.296187974159567213e-01,6.784314200588670296e-01,6.652081161114351548e-01,-2.935005521252997407e-01,5.115777640068768228e-01,5.806061667754077726e-01,6.275134553770432833e-01,5.019116614304987012e-01,8.077169419479538481e-01,-2.736273292096217391e-01,8.076427653726396816e-01,4.491921101799105087e-01,-1.704797675327074102e-01,4.489604818520859797e-01,7.621609378214964092e-01,6.577771765230000511e-01,7.493343746255742843e-01,5.706002643769081395e-01,-2.493826035508687200e-01,7.263424457571595605e-01,6.854923947246629456e-01,4.865389442278715282e-01,6.690088795158226631e-01
2.243874558517428702e-02,-7.960402547007394691e-02,9.504574078145200389e-02,2.850140809000456174e-02,-1.123002443603469819e-01,7.283509071685364544e-01,-1.441223522086620967e-01,-1.898758491186359684e-02,-2.895799976442616774e-01,7.447747087874921623e-02,1.000000000000000000e+00,-3.010517169485454336e-01,-1.242645707492104484e-01,2.606270851938838895e-01,4.980900490179915319e-02,-1.300474432545329073e-01,1.800865516374746678e-01,1.925555643148819593e-03,-1.357458200332028742e-01,3.944631529613853299e-02,5.941971507449745893e-01,1.439580769299853569e-01,5.811262397373393451e-01,4.625112252914184152e-01,3.105868059922969326e-01,3.248109410162886568e-01,1.716382807644463160e-01,3.881757351942070056e-01,6.259192747547638325e-01,-5.565610924073039617e-02,1.041141412571415098e-01,5.137166664491696127e-04,2.442956934565635729e-01,-1.875841370419187304e-01,5.334469118800573284e-01,-2.405588142017028586e-01,4.954454258645959452e-01,-1.233109491958195164e-01,-2.741268617820998288e-01
-2.211759791460934377e-01,6.113568566279814487e-01,1.966232362208146234e-01,4.929256328603001114e-01,2.278002815511032397e-01,-6.024263660411244281e-01,5.749439494587378352e-01,-1.455804168357889283e-01,5.939054240805271556e-01,3.749880694341239384e-01,-3.010517169485454336e-01,1.000000000000000000e+00,1.269818800309795714e-01,-5.474952464208724529e-02,2.668166884906514325e-01,3.565263312188430289e-01,5.889533675382813138e-01,4.529967914921322891e-01,7.248016486529935687e-01,-1.311691488921039317e-01,4.788922130042567310e-02,5.880944852568990022e-01,-9.976030622492929045e-02,-1.467335305955685398e-01,2.388153533221437641e-01,-7.745066334704331368e-01,3.751205542824625483e-01,-2.401495188558222249e-01,-6.992678563942014147e-01,-1.205790232949112972e-01,4.361571626662231749e-01,6.451448306819106415e-01,3.574944635084349454e-01,5.551849552470380367e-01,-7.223197813939560286e-01,4.550291256509074178e-01,2.764045515759722127e-01,3.143104598921210857e-01,7.604428955421412839e-01
1.090714631265673334e-01,1.044566849429547604e-02,-2.857357530720166516e-01,1.343523197692008120e-01,-6.036057595300472339e-02,-1.535936768454359280e-01,1.992674613139879813e-01,2.953759819041876233e-01,5.480391675126670276e-02,-1.225913940580770772e-01,-1.242645707492104484e-01,1.269818800309795714e-01,1.000000000000000000e+00,-3.283257844562190164e-01,1.062824296329235724e-01,-1.282192523619023472e-01,7.304069911843567853e-02,6.017012923313157929e-02,8.476592645187124020e-02,-1.186257339934414581e-02,-1.998293608766371909e-01,2.674146927360713383e-02,-2.728123387624664109e-01,-6.501363941041016226e-02,-1.995481759485587536e-01,-2.436734564490099786e-01,-2.721342437042965079e-01,-8.422022774272695800e-02,-1.124465735880940537e-01,-1.186654621490314393e-01,-3.582277490297906541e-01,7.053834363088543058e-02,-3.040021369041451815e-01,1.352219155428262265e-01,-2.945801423730132762e-01,-1.089200992680041807e-01,-2.009961840484479068e-01,2.754448966287616485e-01,6.657741324536255167e-02
2.815369147905539271e-01,3.857545574828518675e-01,6.683760365745773369e-01,6.531954888270356807e-02,4.949437029578000469e-01,2.920751478788215505e-01,1.122367170931736352e-01,-6.614045143468567645e-01,3.310822767280494627e-01,6.207465516219636825e-01,2.606270851938838895e-01,-5.474952464208724529e-02,-3.283257844562190164e-01,1.000000000000000000e+00,-1.511798381161582813e-02,5.864657253682061810e-01,2.518260369654064523e-01,3.221195601363968652e-01,1.850978482976958217e-01,-1.687656693317508838e-01,5.028648629111609480e-01,2.667808321321624154e-01,7.375458505317062929e-01,5.923282983003912427e-01,6.659904928330380169e-01,1.994897703716302650e-01,5.502395804734998563e-01,5.444781679256173179e-01,3.085729639831980564e-01,4.899792680882450457e-01,6.248868175633883748e-01,1.995425245614963761e-01,6.280618522591518982e-01,2.387662212263382822e-01,2.895829215241317867e-01,4.946724255748242705e-01,6.435524928246144638e-01,2.197753666327526001e-01,1.967478235310180235e-01
-1.596345401224833205e-01,1.276701837698678010e-01,2.262980911250788568e-02,7.300826135349472445e-02,1.389384710174524674e-02,-2.306356437229485634e-02,4.417680273264902868e-01,3.547743087103252813e-02,1.967103515916151235e-01,1.137149546236081443e-01,4.980900490179915319e-02,2.668166884906514325e-01,1.062824296329235724e-01,-1.511798381161582813e-02,1.000000000000000000e+00,7.079123101283148201e-03,4.071415747692399556e-01,1.005348168955098737e-01,3.077230443222506717e-01,8.202506606583340187e-02,7.632445635034119935e-02,1.855242448710539283e-01,4.273079793190166786e-02,7.051035655151029202e-02,1.357369171048382062e-01,-2.906115350865900449e-01,1.251694929604003637e-01,6.019186399099469426e-02,-1.526852154353495195e-01,-1.544535100964025687e-01,2.013779603594550438e-01,2.975986513824327995e-01,1.084907296543986960e-01,2.497568210182771475e-01,-2.362925475375234619e-01,1.274952061661149827e-01,1.834142766317196638e-01,2.374534379920384686e-01,2.721805877140982544e-01
4.157624934446547682e-01,7.777143384442890550e-01,7.458655617614216027e-01,3.046598755423146065e-01,7.152301651258092807e-01,-2.649032750547610782e-01,4.636532839220579572e-01,-7.358405357847160877e-01,7.479841092347504494e-01,8.666115610251847734e-01,-1.300474432545329073e-01,3.565263312188430289e-01,-1.282192523619023472e-01,5.864657253682061810e-01,7.079123101283148201e-03,1.000000000000000000e+00,4.963610592696759971e-01,6.290430507148085937e-01,5.773250708545365484e-01,-2.922241399145042440e-01,2.951854174258145558e-01,4.356932449255911943e-01,5.186631535113708225e-01,3.775842592776462170e-01,6.983976770554534141e-01,-2.298416771504747935e-01,6.963992705319080878e-01,3.143665948146894817e-01,-2.223177835518176382e-01,6.024783000021641799e-01,6.690061080628469936e-01,5.546094800842729100e-01,6.204083214543389957e-01,5.717952254191747130e-01,-3.018834665783713400e-01,7.697285473753400220e-01,4.825860629055777618e-01,5.369338032433272900e-01,6.470794898922438421e-01
-7.775814253815155341e-02,6.547972000504380663e-01,4.415864732717127428e-01,4.829410875746159570e-01,3.258306306781652006e-01,-1.872460331270703882e-01,6.590625563872699599e-01,-3.487437546185297443e-01,5.798768194316556990e-01,6.296187974159567213e-01,1.800865516374746678e-01,5.889533675382813138e-01,7.304069911843567853e-02,2.518260369654064523e-01,4.071415747692399556e-01,4.963610592696759971e-01,1.000000000000000000e+00,5.633418488932316892e-01,7.523245942211300719e-01,-2.008414959805573385e-01,4.731953353946589669e-01,6.830506999780540101e-01,3.846104631102831850e-01,2.848566872168471487e-01,6.501109451750683998e-01,-5.192436184665173426e-01,6.392948663484100402e-01,1.781633622662363858e-01,-3.135468479928614771e-01,-1.216658566355969954e-03,6.088274257969804593e-01,8.109424154286176689e-01,6.503080247237215117e-01,5.303114855743661371e-01,-4.143435569873324398e-01,5.473752061913524924e-01,6.262331278827932834e-01,4.547802114891794645e-01,6.993322372798395081e-01
1.255474711957338396e-01,6.303304318804135997e-01,6.803562738007233879e-01,7.695039370741120210e-01,6.959088038500741424e-01,-1.645097787887003782e-01,4.772991713809829895e-01,-6.184096620673310563e-01,6.921958316918820353e-01,6.784314200588670296e-01,1.925555643148819593e-03,4.529967914921322891e-01,6.017012923313157929e-02,3.221195601363968652e-01,1.005348168955098737e-01,6.290430507148085937e-01,5.633418488932316892e-01,1.000000000000000000e+00,7.180446753229832169e-01,-2.714668235670619212e-01,4.832811265461509631e-01,6.458571571231829234e-01,4.237899330568820622e-01,4.204018557785667576e-01,6.181075204957036107e-01,-3.597005685174224365e-01,6.097866503657776160e-01,2.830049762328659124e-01,-2.069450178730872225e-01,2.918617964378431573e-01,5.749106598097307730e-01,5.949873414849012887e-01,5.407528444047723371e-01,7.329040772932564618e-01,-3.495820054982357594e-01,4.683532977631785776e-01,5.113867245465476552e-01,4.445814820855547023e-01,6.082296864987336571e-01
-1.362484338377240589e-01,7.832841258144431773e-01,4.726703136461025134e-01,6.581467790147056407e-01,4.330589561963109069e-01,-4.711869852192479002e-01,7.256299283126615984e-01,-3.910796111503941908e-01,7.324199597088506541e-01,6.652081161114351548e-01,-1.357458200332028742e-01,7.248016486529935687e-01,8.476592645187124020e-02,1.850978482976958217e-01,3.077230443222506717e-01,5.773250708545365484e-01,7.523245942211300719e-01,7.180446753229832169e-01,1.000000000000000000e+00,-2.661985517204357721e-01,3.420219489778076327e-01,7.203383806130906342e-01,2.122529277759225286e-01,1.672973869132619584e-01,5.690005452962785260e-01,-7.513388279782249324e-01,6.581354005987786193e-01,7.131801908770923903e-02,-5.927947077011396226e-01,-2.970502080693855629e-02,6.431718267026772518e-01,7.918143675522960612e-01,5.915125102651135336e-01,6.794072772003306726e-01,-6.718226845229307020e-01,6.102887638809519899e-01,5.477529317349403293e-01,4.856125383958795894e-01,8.829688810060251081e-01
-5.039146114829878148e-02,-3.174776527446014907e-01,-2.488801568401683706e-01,-1.025445439142581572e-01,-3.553223958168423846e-01,1.996389275361748206e-01,-1.800276413665418407e-01,2.446718567498107344e-01,-3.416991335676664576e-01,-2.935005521252997407e-01,3.944631529613853299e-02,-1.311691488921039317e-01,-1.186257339934414581e-02,-1.687656693317508838e-01,8.202506606583340187e-02,-2.922241399145042440e-01,-2.008414959805573385e-01,-2.714668235670619212e-01,-2.661985517204357721e-01,1.000000000000000000e+00,-6.082022156093453563e-02,-1.732458094845686636e-01,-1.436595265849715530e-01,-1.499299407830797515e-01,-3.330118600429424758e-01,2.584319468585820068e-01,-2.720975017403924334e-01,-1.501981076110933122e-01,1.703107481184395200e-01,-2.493399746609707701e-02,-2.901168664373657280e-01,-2.125981329945794418e-01,-2.250257942160267255e-01,-3.838042575395194667e-01,2.616706326068161115e-01,-2.956595019575812278e-01,-1.917303713206461591e-01,-1.097112554314122052e-01,-2.818601498319765475e-01
-3.991523768441634923e-02,3.259193726982332895e-01,5.608477234680816492e-01,4.399940081445475326e-01,2.133669502583653288e-01,4.052552488377290096e-01,1.532906181664735745e-01,-4.687305757114763050e-01,1.238586025132078910e-01,5.115777640068768228e-01,5.941971507449745893e-01,4.788922130042567310e-02,-1.998293608766371909e-01,5.028648629111609480e-01,7.632445635034119935e-02,2.951854174258145558e-01,4.731953353946589669e-01,4.832811265461509631e-01,3.420219489778076327e-01,-6.082022156093453563e-02,1.000000000000000000e+00,5.851779188768733153e-01,6.685410457789188188e-01,5.762502415306783865e-01,6.228977599427779621e-01,6.427309121253703406e-02,5.588387142485695680e-01,5.844452212599353658e-01,3.213129281042996777e-01,1.066358333663934566e-01,5.322655260131998745e-01,3.081087496833433415e-01,7.078129934856544070e-01,1.696343390456433731e-01,2.683528016139600791e-01,2.156194926903634013e-01,7.583676015954008420e-01,9.207803968684970253e-02,1.739903237670691605e-01
-1.470987479364386230e-01,6.316891130539123989e-01,5.005707549674016654e-01,6.506615181630013289e-01,3.413704765954156950e-01,-1.952045695896802158e-01,4.588594274959827413e-01,-4.160034174622089798e-01,5.251746416465591372e-01,5.806061667754077726e-01,1.439580769299853569e-01,5.880944852568990022e-01,2.674146927360713383e-02,2.667808321321624154e-01,1.855242448710539283e-01,4.356932449255911943e-01,6.830506999780540101e-01,6.458571571231829234e-01,7.203383806130906342e-01,-1.732458094845686636e-01,5.851779188768733153e-01,1.000000000000000000e+00,3.414142517787289166e-01,3.025637682404589968e-01,5.663665840457825507e-01,-4.853334884290611551e-01,5.991041772479823724e-01,1.426118112074407918e-01,-2.903231995160473478e-01,-8.054882032054844210e-03,6.189900609066177894e-01,6.123563254230813824e-01,6.563714579591716225e-01,5.411093395434517506e-01,-3.314794361096057296e-01,4.611309316503198752e-01,6.460561423138545534e-01,3.066333156313423292e-01,6.382855008280126086e-01
3.305856321613376836e-01,3.575782429979545984e-01,6.123313454195591365e-01,2.160477962381280592e-01,4.353224969584789661e-01,5.038935431122198993e-01,1.262956993340846601e-01,-5.566565799931477709e-01,2.715573849954872609e-01,6.275134553770432833e-01,5.811262397373393451e-01,-9.976030622492929045e-02,-2.728123387624664109e-01,7.375458505317062929e-01,4.273079793190166786e-02,5.186631535113708225e-01,3.846104631102831850e-01,4.237899330568820622e-01,2.122529277759225286e-01,-1.436595265849715530e-01,6.685410457789188188e-01,3.414142517787289166e-01,1.000000000000000000e+00,6.890982882655974917e-01,7.671579318418457749e-01,2.191519908310017584e-01,5.779391732583418761e-01,5.352942542497637346e-01,4.465449194491750151e-01,4.492601867356883494e-01,5.162501159330539213e-01,2.948789214402858794e-01,5.906573259892090588e-01,2.302324915057900045e-01,3.401842041958684781e-01,3.423226527771785488e-01,7.211671378006331290e-01,2.913588473936080669e-01,1.484847093399506712e-01
2.939394488213340484e-01,3.019887921123306507e-01,6.035015698301805509e-01,2.179064592921799992e-01,5.111111572154739546e-01,3.854299463763334321e-01,1.607488543699135963e-01,-5.533615115957302155e-01,2.722918818983470213e-01,5.019116614304987012e-01,4.625112252914184152e-01,-1.467335305955685398e-01,-6.501363941041016226e-02,5.923282983003912427e-01,7.051035655151029202e-02,3.775842592776462170e-01,2.848566872168471487e-01,4.204018557785667576e-01,1.672973869132619584e-01,-1.499299407830797515e-01,5.762502415306783865e-01,3.025637682404589968e-01,6.890982882655974917e-01,1.000000000000000000e+00,6.126676781326866328e-01,1.838500341887632228e-01,4.883018316518829560e-01,5.984085238948568808e-01,3.877083038517349367e-01,2.778055368141889026e-01,4.841980323736149172e-01,2.288051491597158649e-01,4.118974817854866854e-01,3.626541286942147613e-01,2.376229365585444953e-01,2.838890368363448102e-01,5.437746682753001881e-01,2.239521481265757119e-01,9.433239548674962616e-02
2.164378977832809858e-01,6.542150389748595529e-01,7.168733170872333416e-01,3.768376578715699199e-01,5.898095802647138619e-01,7.510171421908085065e-02,4.509914617342662968e-01,-6.559631998082161575e-01,6.086091600233918264e-01,8.077169419479538481e-01,3.105868059922969326e-01,2.388153533221437641e-01,-1.995481759485587536e-01,6.659904928330380169e-01,1.357369171048382062e-01,6.983976770554534141e-01,6.501109451750683998e-01,6.181075204957036107e-01,5.690005452962785260e-01,-3.330118600429424758e-01,6.228977599427779621e-01,5.663665840457825507e-01,7.671579318418457749e-01,6.126676781326866328e-01,1.000000000000000000e+00,-1.771731452448966349e-01,7.739020162570284800e-01,4.630166823672726695e-01,1.187712880982517635e-02,3.257228072356161963e-01,7.371994412987056267e-01,6.078522672087155465e-01,7.378939532850762317e-01,5.308245847634605052e-01,-9.920084194520686904e-02,6.110601992777977554e-01,7.474126884276248717e-01,4.279197926060072654e-01,5.408931651645283445e-01
2.954734656414696459e-01,-5.829163685794250815e-01,2.146978800140528394e-03,-4.501980618390830080e-01,-1.260784910227935041e-01,6.871766749983836409e-01,-6.059474082927237548e-01,-6.171470729544702855e-02,-5.305905599404138195e-01,-2.736273292096217391e-01,3.248109410162886568e-01,-7.745066334704331368e-01,-2.436734564490099786e-01,1.994897703716302650e-01,-2.906115350865900449e-01,-2.298416771504747935e-01,-5.192436184665173426e-01,-3.597005685174224365e-01,-7.513388279782249324e-01,2.584319468585820068e-01,6.427309121253703406e-02,-4.853334884290611551e-01,2.191519908310017584e-01,1.838500341887632228e-01,-1.771731452448966349e-01,1.000000000000000000e+00,-2.651328479603056731e-01,2.892759964596826605e-01,8.065191987531492579e-01,3.795220928010390460e-01,-3.319995193212427198e-01,-5.914651566766584434e-01,-2.073936143597021609e-01,-5.257685173307359294e-01,8.462623338759052150e-01,-3.489923177322201697e-01,-2.076934481268475907e-01,-2.632560679159094974e-01,-7.627558773359386368e-01
2.937564428029230262e-02,7.246038755938997156e-01,7.779224760663058236e-01,4.166244054564607335e-01,5.797621366926308806e-01,-1.027056374869109029e-01,5.198659428349625689e-01,-7.184713487319273062e-01,6.240169491161193793e-01,8.076427653726396816e-01,1.716382807644463160e-01,3.751205542824625483e-01,-2.721342437042965079e-01,5.502395804734998563e-01,1.251694929604003637e-01,6.963992705319080878e-01,6.392948663484100402e-01,6.097866503657776160e-01,6.581354005987786193e-01,-2.720975017403924334e-01,5.588387142485695680e-01,5.991041772479823724e-01,5.779391732583418761e-01,4.883018316518829560e-01,7.739020162570284800e-01,-2.651328479603056731e-01,1.000000000000000000e+00,3.904463626294656375e-01,-1.827954557041728267e-01,2.583393297232667862e-01,8.226018819795598569e-01,6.649147941583735122e-01,7.728064486078152218e-01,5.304846207114870538e-01,-2.310640818346667291e-01,6.633401709724778827e-01,7.187787699315748569e-01,3.933756769576839951e-01,6.536006775271501201e-01
1.658639315631380284e-01,1.671591337324954962e-01,5.588899514627093668e-01,1.473473071938336681e-02,3.098361346156038865e-01,4.095023061159411282e-01,1.389793899292250390e-01,-5.305418365620033772e-01,5.998524109712846664e-02,4.491921101799105087e-01,3.881757351942070056e-01,-2.401495188558222249e-01,-8.422022774272695800e-02,5.444781679256173179e-01,6.019186399099469426e-02,3.143665948146894817e-01,1.781633622662363858e-01,2.830049762328659124e-01,7.131801908770923903e-02,-1.501981076110933122e-01,5.844452212599353658e-01,1.426118112074407918e-01,5.352942542497637346e-01,5.984085238948568808e-01,4.630166823672726695e-01,2.892759964596826605e-01,3.904463626294656375e-01,1.000000000000000000e+00,4.046806230772835300e-01,2.779829309400395077e-01,3.756746914229530110e-01,7.207389342210870908e-02,4.812471710612519216e-01,7.768117785691075472e-02,3.525959493354061114e-01,2.271697464273635947e-01,4.699899920268373332e-01,9.168282976141950424e-02,-3.894286167437767919e-03
3.017522573716287515e-01,-4.619069963079692198e-01,1.991780302701836453e-02,-2.472164432226787723e-01,-1.287133901254572110e-01,8.579710229796869703e-01,-5.013632525206399571e-01,-2.728454606089132997e-02,-4.956765484786696541e-01,-1.704797675327074102e-01,6.259192747547638325e-01,-6.992678563942014147e-01,-1.124465735880940537e-01,3.085729639831980564e-01,-1.526852154353495195e-01,-2.223177835518176382e-01,-3.135468479928614771e-01,-2.069450178730872225e-01,-5.927947077011396226e-01,1.703107481184395200e-01,3.213129281042996777e-01,-2.903231995160473478e-01,4.465449194491750151e-01,3.877083038517349367e-01,1.187712880982517635e-02,8.065191987531492579e-01,-1.827954557041728267e-01,4.046806230772835300e-01,1.000000000000000000e+00,2.867362867040523788e-01,-2.369871663888478419e-01,-4.548295453394625709e-01,-8.177796222586425356e-02,-4.146855449861374665e-01,8.492188317202110648e-01,-3.603342273672876517e-01,8.482414314863018223e-02,-1.676011484462591739e-01,-6.828522957701270713e-01
5.810257280084105691e-01,2.075522591331014910e-01,5.290594575366281971e-01,-3.888883111485187671e-02,5.213072339618728401e-01,1.557181870562250603e-01,1.100551634416850263e-02,-5.855155187282262697e-01,3.162335332973171820e-01,4.489604818520859797e-01,-5.565610924073039617e-02,-1.205790232949112972e-01,-1.186654621490314393e-01,4.899792680882450457e-01,-1.544535100964025687e-01,6.024783000021641799e-01,-1.216658566355969954e-03,2.918617964378431573e-01,-2.970502080693855629e-02,-2.493399746609707701e-02,1.066358333663934566e-01,-8.054882032054844210e-03,4.492601867356883494e-01,2.778055368141889026e-01,3.257228072356161963e-01,3.795220928010390460e-01,2.583393297232667862e-01,2.779829309400395077e-01,2.867362867040523788e-01,1.000000000000000000e+00,1.952106089528928834e-01,3.691671867894354142e-02,2.188993367007179280e-01,1.701746424219710840e-01,2.050979407537796839e-01,3.904657627534859898e-01,9.852898940110750570e-02,3.167644220195197646e-01,3.160639416710657457e-02
-5.945481596013358488e-02,7.010492457437877967e-01,7.734951158616881761e-01,3.687079326159599102e-01,5.961929708328664868e-01,-1.596869225428307060e-01,5.134383273398278602e-01,-7.294798646642338680e-01,6.204595577311873278e-01,7.621609378214964092e-01,1.041141412571415098e-01,4.361571626662231749e-01,-3.582277490297906541e-01,6.248868175633883748e-01,2.013779603594550438e-01,6.690061080628469936e-01,6.088274257969804593e-01,5.749106598097307730e-01,6.431718267026772518e-01,-2.901168664373657280e-01,5.322655260131998745e-01,6.189900609066177894e-01,5.162501159330539213e-01,4.841980323736149172e-01,7.371994412987056267e-01,-3.319995193212427198e-01,8.226018819795598569e-01,3.756746914229530110e-01,-2.369871663888478419e-01,1.952106089528928834e-01,1.000000000000000000e+00,5.852139621381591272e-01,8.037926410729557825e-01,5.539037881222277360e-01,-2.338485364700740032e-01,6.569820941540341908e-01,7.210763191096714042e-01,2.066684090175447408e-01,6.359950135861448528e-01
-3.007710215465618855e-02,7.322875996080201455e-01,4.429667381701204443e-01,5.136862279204023052e-01,3.884794483778874485e-01,-3.172679511430987476e-01,6.815010762289603896e-01,-3.574924232880416497e-01,6.466989475844309165e-01,6.577771765230000511e-01,5.137166664491696127e-04,6.451448306819106415e-01,7.053834363088543058e-02,1.995425245614963761e-01,2.975986513824327995e-01,5.546094800842729100e-01,8.109424154286176689e-01,5.949873414849012887e-01,7.918143675522960612e-01,-2.125981329945794418e-01,3.081087496833433415e-01,6.123563254230813824e-01,2.948789214402858794e-01,2.288051491597158649e-01,6.078522672087155465e-01,-5.914651566766584434e-01,6.649147941583735122e-01,7.207389342210870908e-02,-4.548295453394625709e-01,3.691671867894354142e-02,5.852139621381591272e-01,1.000000000000000000e+00,5.629066435479479491e-01,6.064953534881986075e-01,-5.527748795052540576e-01,5.834830952575478236e-01,5.400457310499847674e-01,5.077346577866823640e-01,7.807196529368325422e-01
-6.461238303256000570e-02,6.281967688820520035e-01,7.290481445139742611e-01,3.909913301639450500e-01,4.009941381335944688e-01,-1.249665162374427943e-02,4.448200184076311348e-01,-6.698004595471884759e-01,4.470170364997846923e-01,7.493343746255742843e-01,2.442956934565635729e-01,3.574944635084349454e-01,-3.040021369041451815e-01,6.280618522591518982e-01,1.084907296543986960e-01,6.204083214543389957e-01,6.503080247237215117e-01,5.407528444047723371e-01,5.915125102651135336e-01,-2.250257942160267255e-01,7.078129934856544070e-01,6.563714579591716225e-01,5.906573259892090588e-01,4.118974817854866854e-01,7.378939532850762317e-01,-2.073936143597021609e-01,7.728064486078152218e-01,4.812471710612519216e-01,-8.177796222586425356e-02,2.188993367007179280e-01,8.037926410729557825e-01,5.629066435479479491e-01,1.000000000000000000e+00,3.607230152889007169e-01,-4.361475761508380733e-02,6.068969637071235379e-01,7.946995366449495224e-01,2.391167192310022227e-01,5.458450878153341401e-01
2.053413871766479881e-01,6.569315179507194680e-01,5.223721477901170918e-01,5.728206883233990521e-01,7.390856339035272171e-01,-4.028254718800953205e-01,5.438897260284406565e-01,-4.810505755921284932e-01,8.419692026751740555e-01,5.706002643769081395e-01,-1.875841370419187304e-01,5.551849552470380367e-01,1.352219155428262265e-01,2.387662212263382822e-01,2.497568210182771475e-01,5.717952254191747130e-01,5.303114855743661371e-01,7.329040772932564618e-01,6.794072772003306726e-01,-3.838042575395194667e-01,1.696343390456433731e-01,5.411093395434517506e-01,2.302324915057900045e-01,3.626541286942147613e-01,5.308245847634605052e-01,-5.257685173307359294e-01,5.304846207114870538e-01,7.768117785691075472e-02,-4.146855449861374665e-01,1.701746424219710840e-01,5.539037881222277360e-01,6.064953534881986075e-01,3.607230152889007169e-01,1.000000000000000000e+00,-5.834473163811857432e-01,5.575590755075259253e-01,3.472424932495901118e-01,5.618833257189026487e-01,6.976435498124431422e-01
1.003035183401776165e-01,-5.576625002912442008e-01,-2.157512411787224776e-02,-3.473141606476739529e-01,-2.442042983176835880e-01,8.131408189103896955e-01,-5.902454433505639475e-01,-1.311335260256106007e-03,-6.272160322479687355e-01,-2.493826035508687200e-01,5.334469118800573284e-01,-7.223197813939560286e-01,-2.945801423730132762e-01,2.895829215241317867e-01,-2.362925475375234619e-01,-3.018834665783713400e-01,-4.143435569873324398e-01,-3.495820054982357594e-01,-6.718226845229307020e-01,2.616706326068161115e-01,2.683528016139600791e-01,-3.314794361096057296e-01,3.401842041958684781e-01,2.376229365585444953e-01,-9.920084194520686904e-02,8.462623338759052150e-01,-2.310640818346667291e-01,3.525959493354061114e-01,8.492188317202110648e-01,2.050979407537796839e-01,-2.338485364700740032e-01,-5.527748795052540576e-01,-4.361475761508380733e-02,-5.834473163811857432e-01,1.000000000000000000e+00,-4.128025781458392052e-01,4.477455091711377011e-02,-3.677498248228944222e-01,-7.463851492380796371e-01
2.570476325750065683e-01,7.182822676379680971e-01,6.281627606420512322e-01,2.096991188516065530e-01,5.339577823407217760e-01,-3.933259790475028828e-01,5.645675243601809834e-01,-6.212123640855693463e-01,7.293138779117361858e-01,7.263424457571595605e-01,-2.405588142017028586e-01,4.550291256509074178e-01,-1.089200992680041807e-01,4.946724255748242705e-01,1.274952061661149827e-01,7.697285473753400220e-01,5.473752061913524924e-01,4.683532977631785776e-01,6.102887638809519899e-01,-2.956595019575812278e-01,2.156194926903634013e-01,4.611309316503198752e-01,3.423226527771785488e-01,2.838890368363448102e-01,6.110601992777977554e-01,-3.489923177322201697e-01,6.633401709724778827e-01,2.271697464273635947e-01,-3.603342273672876517e-01,3.904657627534859898e-01,6.569820941540341908e-01,5.834830952575478236e-01,6.068969637071235379e-01,5.575590755075259253e-01,-4.128025781458392052e-01,1.000000000000000000e+00,4.176566294257428869e-01,5.727829176974973402e-01,7.207194751579057979e-01
-4.881902069048083687e-02,5.899205535505273046e-01,5.929483812280014199e-01,4.468116624166642570e-01,3.454043042350630754e-01,2.306194971308771213e-01,3.618242607596510729e-01,-4.942327927441951263e-01,3.464390613147847464e-01,6.854923947246629456e-01,4.954454258645959452e-01,2.764045515759722127e-01,-2.009961840484479068e-01,6.435524928246144638e-01,1.834142766317196638e-01,4.825860629055777618e-01,6.262331278827932834e-01,5.113867245465476552e-01,5.477529317349403293e-01,-1.917303713206461591e-01,7.583676015954008420e-01,6.460561423138545534e-01,7.211671378006331290e-01,5.437746682753001881e-01,7.474126884276248717e-01,-2.076934481268475907e-01,7.187787699315748569e-01,4.699899920268373332e-01,8.482414314863018223e-02,9.852898940110750570e-02,7.210763191096714042e-01,5.400457310499847674e-01,7.946995366449495224e-01,3.472424932495901118e-01,4.477455091711377011e-02,4.176566294257428869e-01,1.000000000000000000e+00,2.466294451075398408e-01,4.544819270296842628e-01
4.541601732445490480e-01,5.016751299015307364e-01,3.047196105272865219e-01,3.480836136311062368e-01,3.828728564501265863e-01,-1.972149538566577154e-01,4.406194816031623884e-01,-2.613255485893773433e-01,6.303461459014405577e-01,4.865389442278715282e-01,-1.233109491958195164e-01,3.143104598921210857e-01,2.754448966287616485e-01,2.197753666327526001e-01,2.374534379920384686e-01,5.369338032433272900e-01,4.547802114891794645e-01,4.445814820855547023e-01,4.856125383958795894e-01,-1.097112554314122052e-01,9.207803968684970253e-02,3.066333156313423292e-01,2.913588473936080669e-01,2.239521481265757119e-01,4.279197926060072654e-01,-2.632560679159094974e-01,3.933756769576839951e-01,9.168282976141950424e-02,-1.676011484462591739e-01,3.167644220195197646e-01,2.066684090175447408e-01,5.077346577866823640e-01,2.391167192310022227e-01,5.618833257189026487e-01,-3.677498248228944222e-01,5.727829176974973402e-01,2.466294451075398408e-01,1.000000000000000000e+00,5.642095732674770048e-01
-3.630945355910700223e-02,8.240903724498109817e-01,4.517848357670916637e-01,5.166846176479841235e-01,4.540157516614147237e-01,-6.023397002884809392e-01,7.353170350451344595e-01,-3.948866444918680552e-01,8.061998667648597738e-01,6.690088795158226631e-01,-2.741268617820998288e-01,7.604428955421412839e-01,6.657741324536255167e-02,1.967478235310180235e-01,2.721805877140982544e-01,6.470794898922438421e-01,6.993322372798395081e-01,6.082296864987336571e-01,8.829688810060251081e-01,-2.818601498319765475e-01,1.739903237670691605e-01,6.382855008280126086e-01,1.484847093399506712e-01,9.433239548674962616e-02,5.408931651645283445e-01,-7.627558773359386368e-01,6.536006775271501201e-01,-3.894286167437767919e-03,-6.828522957701270713e-01,3.160639416710657457e-02,6.359950135861448528e-01,7.807196529368325422e-01,5.458450878153341401e-01,6.976435498124431422e-01,-7.463851492380796371e-01,7.207194751579057979e-01,4.544819270296842628e-01,5.642095732674770048e-01,1.000000000000000000e+00
