1.000000000000000000e+00,5.581968391448506317e-01,5.238227729637691121e-01,8.072025597934351371e-01,6.221405314958270427e-01,-8.742100321416191866e-01,6.398656644347775480e-01,-7.221422467136702217e-01,9.032299019343965618e-01,-3.920214221679762523e-01,-9.034983122514730347e-01,8.537136989927704978e-01,-5.856104729729127989e-01,-4.522295088931995166e-01,8.702782998762469413e-01,8.157830687318481377e-01,-7.524791600948659287e-01,8.953367402070979697e-01,9.021076706925497124e-01,7.904467119710475442e-01,-1.817925265216555064e-01,-5.323854385350749174e-01,2.770944591356588327e-01,4.947343523362461859e-01,-3.289910549381613314e-01,9.218565944247547606e-01,1.336084523863753926e-01,8.757895660023173878e-01,4.253447569895025260e-01,7.184241262173792775e-01,-6.096352296272966598e-01,-7.477666351196698979e-01,-7.969256914130958824e-01,8.438239764118330433e-01,-4.986526586344776080e-01,-1.888294387251513440e-01,-4.149380344533922793e-01,9.244747531316745981e-01,7.786207886123409638e-01
5.581968391448506317e-01,1.000000000000000000e+00,5.028077329362352632e-01,5.825003954334305734e-01,5.570464572085779276e-01,-5.097290024503444705e-01,5.938132842122201271e-01,-5.057366140292851586e-01,6.265961311820652524e-01,-1.286851663330634832e-01,-5.072480503676151109e-01,5.943034741740981231e-01,-2.639700177703819262e-01,-7.919200640988167950e-02,4.488981879647336304e-01,5.829598326180444046e-01,-5.193490733441061824e-01,6.360209081365079120e-01,6.285534829987582395e-01,4.957287676078990235e-01,-3.167115557142858445e-02,-1.686407528452961990e-01,4.501530274667877030e-01,4.047376397382529967e-01,9.537756579980877225e-02,5.505062502140269931e-01,3.582021930324218451e-01,5.027294712705887569e-01,1.486752835683905205e-01,5.096731976203157100e-01,-1.206443914271595058e-01,-2.684868948676243372e-01,-3.957660339753008016e-01,5.443135999190684693e-01,-2.591130863800050199e-01,1.046845587080568185e-01,-1.710186172043484387e-01,6.172205773374417337e-01,7.253543429897314487e-01
5.238227729637691121e-01,5.028077329362352632e-01,1.000000000000000000e+00,6.737278465556374440e-01,7.880758557300532319e-01,-4.014354897441163583e-01,5.802411253268465741e-01,-4.143108165889478056e-01,5.793908183723364136e-01,9.969747635415675269e-02,-4.396896944283512076e-01,5.198867106273639127e-01,-2.372861116218340227e-01,1.234459818008786375e-01,3.480370781388138490e-01,6.744657584222985003e-01,-3.122478397224134339e-01,6.516227809459536058e-01,5.906889157907414534e-01,5.525315209720577103e-01,2.527851359970498812e-01,-2.342245781283308279e-02,5.114064991075600863e-01,4.808157530778002231e-01,1.224908945480979588e-01,5.412632084382364983e-01,2.272726879992121585e-01,5.750870945660321309e-01,3.154237280445960079e-01,6.298397600807658092e-01,-1.031527163660087287e-01,-2.526405233348660850e-01,-1.854428625860696789e-01,5.767175448460684084e-01,-1.249778900682963351e-01,1.060232389213461024e-01,-7.273023416351165338e-02,5.710960922887337032e-01,6.190121398843253520e-01
8.072025597934351371e-01,5.825003954334305734e-01,6.737278465556374440e-01,1.000000000000000000e+00,7.508888262175668071e-01,-7.156191308267834117e-01,7.972760674844258100e-01,-5.008808105199780147e-01,8.342370867811349511e-01,-1.566862445015263505e-01,-7.851197538605690918e-01,8.211221023199103408e-01,-3.962801937888315584e-01,-2.189340103585395159e-01,6.453195825375127592e-01,8.524313449536290443e-01,-6.683700841385581404e-01,8.996976028430302419e-01,8.754077718597451652e-01,8.012083549834515539e-01,7.865008670888087861e-02,-2.070556443930358093e-01,4.044421344857468958e-01,5.830474454870236967e-01,-1.298039746801199767e-01,8.149758202870837076e-01,2.269965050303181520e-01,8.262502002082614538e-01,3.490714388548151748e-01,7.265006313958783934e-01,-3.234697772030667995e-01,-5.999950732202055104e-01,-5.531462582872275213e-01,7.921468824797028851e-01,-2.996047565400205559e-01,-1.523368860891536058e-01,-2.467405559676299764e-01,8.512346838690501016e-01,8.178147380639838593e-01
6.221405314958270427e-01,5.570464572085779276e-01,7.880758557300532319e-01,7.508888262175668071e-01,1.000000000000000000e+00,-5.375183155133058666e-01,5.907294446583848391e-01,-5.584098114644813204e-01,7.157342761672790266e-01,-7.227566894451979695e-02,-5.293087848509645532e-01,6.272709790595769608e-01,-3.646104053725922611e-01,5.448022735038313136e-02,4.418704339729506159e-01,6.622594055159749526e-01,-3.928609586985997160e-01,7.223551201983150483e-01,6.905432736759561374e-01,5.310950573355981419e-01,6.212979098414152246e-03,-2.505753108772555970e-01,4.678833731560186338e-01,5.003336220613265883e-01,5.809984231742902627e-02,6.515610334173095319e-01,2.407685532688361163e-01,6.256925490307406745e-01,3.963649909257145332e-01,6.341017982598271541e-01,-2.220068200167451544e-01,-3.384786794566123080e-01,-3.609875864357144359e-01,7.104081386155353117e-01,-1.769189239363102017e-01,8.281277887571919516e-02,-2.043290670300176581e-01,6.926775264484336114e-01,7.258911526368120315e-01
-8.742100321416191866e-01,-5.097290024503444705e-01,-4.014354897441163583e-01,-7.156191308267834117e-01,-5.375183155133058666e-01,1.000000000000000000e+00,-5.840094275607018437e-01,7.137559077536574925e-01,-8.433387909407518146e-01,5.387016210555483076e-01,9.097664522816238941e-01,-8.313501104761088500e-01,5.544872186239869771e-01,5.518028552756845118e-01,-8.370999149452862387e-01,-6.890665595031578716e-01,8.172980557972723270e-01,-8.229139598515509135e-01,-8.487448541570795646e-01,-6.965453041711062721e-01,2.580169657792246718e-01,5.243792584669824119e-01,-4.272197559890467122e-02,-3.073455030296410317e-01,5.152202195626371939e-01,-8.328294636914066462e-01,-1.308647916620999108e-01,-7.453751177827834251e-01,-2.411088466139186537e-01,-6.223879476242341058e-01,6.407256772248134391e-01,7.973445353527400803e-01,8.042325107977756904e-01,-7.893718160976604947e-01,6.403226769329107837e-01,1.143438563119026502e-01,5.931634305061793677e-01,-8.507238059297994592e-01,-7.220856307924784501e-01
6.398656644347775480e-01,5.938132842122201271e-01,5.802411253268465741e-01,7.972760674844258100e-01,5.907294446583848391e-01,-5.840094275607018437e-01,1.000000000000000000e+00,-3.489185659700139164e-01,7.383324621125215703e-01,-8.533289180648004346e-02,-6.921859016152962507e-01,7.895344687316728782e-01,-1.374615729193376101e-01,-1.930726229709563424e-01,6.315898292128266922e-01,7.162903280611907508e-01,-6.761333835786825786e-01,7.888442515094143959e-01,7.891752439725955304e-01,8.099809109223246040e-01,2.219433867603073096e-01,4.908177347900642695e-02,4.225970307586606189e-01,5.222817455414350274e-01,-3.228213003794975361e-03,5.929086441620956549e-01,2.412458766427187928e-01,6.534704915965021677e-01,2.766888944797522010e-01,5.354790473817617746e-01,-1.970521881862243863e-01,-4.664491247492028037e-01,-4.442243617906979636e-01,7.374974201763592196e-01,-2.344414188723174530e-01,-1.146193283266724594e-01,-2.626707192985398009e-01,7.180675971482308739e-01,7.884153126117487975e-01
-7.221422467136702217e-01,-5.057366140292851586e-01,-4.143108165889478056e-01,-5.008808105199780147e-01,-5.584098114644813204e-01,7.137559077536574925e-01,-3.489185659700139164e-01,1.000000000000000000e+00,-6.563564088222916260e-01,4.752600794052379563e-01,6.333473482058370463e-01,-5.997279987914333477e-01,5.835317605228113047e-01,2.914745141824474084e-01,-6.381389306882990775e-01,-4.650750958480111552e-01,5.099542886798287267e-01,-6.353697381175386072e-01,-6.572671219722556746e-01,-3.573387728814686470e-01,5.640595867999865787e-01,7.585687895190307284e-01,-2.184478099909607784e-01,-3.259601869160742016e-01,1.954306444994603487e-01,-6.810665783421714359e-01,2.822097507677289938e-02,-5.319956704510263590e-01,-3.494876381473814853e-01,-4.738887631336755057e-01,6.427680710630886418e-01,4.734555539778902422e-01,7.920120486327230092e-01,-5.779698613292909570e-01,5.936356465336427579e-01,-3.182491116108225604e-02,4.627005830220683458e-01,-7.329987195330687211e-01,-6.146206744663431643e-01
9.032299019343965618e-01,6.265961311820652524e-01,5.793908183723364136e-01,8.342370867811349511e-01,7.157342761672790266e-01,-8.433387909407518146e-01,7.383324621125215703e-01,-6.563564088222916260e-01,1.000000000000000000e+00,-3.473424053037791892e-01,-8.682151800634584360e-01,9.021577992944724844e-01,-4.935255059827714508e-01,-3.406940137299382942e-01,8.477762476241639256e-01,8.116897763891240958e-01,-7.355032624372811467e-01,9.163965846175351482e-01,9.221484387610581201e-01,8.092388393629089682e-01,-9.747301072011441136e-02,-4.100988989268888885e-01,3.540462886016302324e-01,5.096419275207559885e-01,-2.287849226024872840e-01,8.646176294906559034e-01,2.083473507076467057e-01,8.197489783267536412e-01,4.093886245111051925e-01,7.106839994908116243e-01,-5.148593257724046746e-01,-6.782177189079600099e-01,-7.075683501090180849e-01,9.182665246324109853e-01,-4.049020100592330973e-01,-1.323288961874736214e-01,-3.907133153192706709e-01,9.228892693229296951e-01,8.608100746363083200e-01
-3.920214221679762523e-01,-1.286851663330634832e-01,9.969747635415675269e-02,-1.566862445015263505e-01,-7.227566894451979695e-02,5.387016210555483076e-01,-8.533289180648004346e-02,4.752600794052379563e-01,-3.473424053037791892e-01,1.000000000000000000e+00,4.206653195659848521e-01,-3.678950738844464774e-01,2.789671846767614594e-01,6.148206626678329734e-01,-4.529852559005541623e-01,1.026180776382552666e-02,4.042631375028027940e-01,-2.513996232884511683e-01,-3.022481176143965720e-01,-1.066545828602000895e-01,5.713927371142458744e-01,5.217841824608488999e-01,2.211112733096904370e-01,7.153897373801126891e-02,4.282198131427586429e-01,-3.159513954631431587e-01,2.293384766915057549e-01,-1.438118314206280612e-01,-1.702443366274495468e-02,1.092713664002896434e-02,6.922307385547588066e-01,4.337555292151588082e-01,6.114182219026962350e-01,-3.324915447281137637e-01,6.078019936252000432e-01,2.544276940150925759e-01,5.560718828092231503e-01,-3.814788135153534543e-01,-2.608119021820352046e-01
-9.034983122514730347e-01,-5.072480503676151109e-01,-4.396896944283512076e-01,-7.851197538605690918e-01,-5.293087848509645532e-01,9.097664522816238941e-01,-6.921859016152962507e-01,6.333473482058370463e-01,-8.682151800634584360e-01,4.206653195659848521e-01,1.000000000000000000e+00,-8.774737869135298407e-01,4.996205487571117598e-01,5.086194894454989512e-01,-8.908757102049146281e-01,-7.780047549809296914e-01,8.580872383498260314e-01,-8.755241010439566152e-01,-8.908473303469769400e-01,-8.321716414228446101e-01,1.219592416087334069e-01,4.427202355058058036e-01,-1.776055248758372784e-01,-3.970235394798283246e-01,4.133016185095724770e-01,-8.621738453669869351e-01,-1.251745261738001214e-01,-8.381615575707855870e-01,-3.445212389108135431e-01,-6.382049917183271193e-01,5.983382536542456442e-01,7.905090737975383197e-01,7.819549929503400998e-01,-8.270516086660995025e-01,5.040314808542835090e-01,2.291006200947766358e-01,4.270220430236153497e-01,-8.785464468309778230e-01,-7.307616960507856696e-01
8.537136989927704978e-01,5.943034741740981231e-01,5.198867106273639127e-01,8.211221023199103408e-01,6.272709790595769608e-01,-8.313501104761088500e-01,7.895344687316728782e-01,-5.997279987914333477e-01,9.021577992944724844e-01,-3.678950738844464774e-01,-8.774737869135298407e-01,1.000000000000000000e+00,-4.159363219449786486e-01,-4.171145227863820582e-01,8.614842073699394698e-01,7.781834358537493834e-01,-7.861369633342625285e-01,8.985328987841803006e-01,9.068571115065428012e-01,8.230864191447601064e-01,-7.433836171787576441e-02,-3.160831066336890482e-01,3.163279213764239595e-01,5.054067232699055445e-01,-2.282407336680908061e-01,8.121892850389667018e-01,2.054865844881081927e-01,7.753167250474183314e-01,3.212474126432990906e-01,6.131919853262548514e-01,-4.914102463180237690e-01,-7.286654528012128651e-01,-7.268323536794214501e-01,8.982940646336451396e-01,-4.209627846778167815e-01,-2.612273581077306783e-01,-4.082347743127583417e-01,8.886170431826712068e-01,8.352070885016161794e-01
-5.856104729729127989e-01,-2.639700177703819262e-01,-2.372861116218340227e-01,-3.962801937888315584e-01,-3.646104053725922611e-01,5.544872186239869771e-01,-1.374615729193376101e-01,5.835317605228113047e-01,-4.935255059827714508e-01,2.789671846767614594e-01,4.996205487571117598e-01,-4.159363219449786486e-01,1.000000000000000000e+00,2.362465761594096936e-01,-5.234081265634570324e-01,-4.177928919203268143e-01,3.174487325603528309e-01,-4.547153769871037921e-01,-4.456600711044028107e-01,-3.308020222422307643e-01,3.191633660008720286e-01,5.866224974400411352e-01,-1.924278815649736307e-03,-2.620189892507585605e-01,2.344872574563491019e-01,-6.150620130442006062e-01,7.544192598955121176e-02,-5.225102400235106526e-01,-1.390553035052005393e-01,-4.098775020500907695e-01,4.687138902970555687e-01,5.294706171110992177e-01,5.771565696499072473e-01,-4.607455696329824657e-01,4.822963155665417889e-01,2.404787877986321321e-01,3.363394185012730242e-01,-5.259457017864952455e-01,-3.234757008245878196e-01
-4.522295088931995166e-01,-7.919200640988167950e-02,1.234459818008786375e-01,-2.189340103585395159e-01,5.448022735038313136e-02,5.518028552756845118e-01,-1.930726229709563424e-01,2.914745141824474084e-01,-3.406940137299382942e-01,6.148206626678329734e-01,5.086194894454989512e-01,-4.171145227863820582e-01,2.362465761594096936e-01,1.000000000000000000e+00,-5.236491121113955316e-01,-1.530956994021414330e-01,5.072558310954410343e-01,-3.195828482822997696e-01,-3.841028234217166437e-01,-3.238363589623348138e-01,2.955951057668533277e-01,3.303186893903970467e-01,2.746582782853919658e-01,3.222050686913612016e-02,5.279898677445684640e-01,-3.827634808171171965e-01,6.425364091391939925e-02,-2.957385935177717085e-01,1.041942853413581754e-01,-1.437636027702250963e-01,5.138221122298292087e-01,6.394673807311146430e-01,5.864773311721896976e-01,-3.251857182045589378e-01,5.823518095774418146e-01,3.596985051826178670e-01,5.908913243642046620e-01,-3.622636826754257466e-01,-2.574297935723324215e-01
8.702782998762469413e-01,4.488981879647336304e-01,3.480370781388138490e-01,6.453195825375127592e-01,4.418704339729506159e-01,-8.370999149452862387e-01,6.315898292128266922e-01,-6.381389306882990775e-01,8.477762476241639256e-01,-4.529852559005541623e-01,-8.908757102049146281e-01,8.614842073699394698e-01,-5.234081265634570324e-01,-5.236491121113955316e-01,1.000000000000000000e+00,6.956057905111462381e-01,-7.690648032506123277e-01,7.965540454191467612e-01,8.258153517157833523e-01,7.957217916961507598e-01,-1.775959521613274528e-01,-4.752985260866877115e-01,2.158967780938333414e-01,4.124052080827145250e-01,-3.180189261154287572e-01,8.071570079540892895e-01,6.020397176189087179e-02,7.690932369731436902e-01,3.792636828398098792e-01,5.407369892537103873e-01,-6.607093785125469632e-01,-7.584722870567891517e-01,-8.101892084551972628e-01,8.393883316504856529e-01,-4.879579669693504540e-01,-3.296684869106809579e-01,-4.380681873382517022e-01,8.345190324454176967e-01,6.685489248937712681e-01
8.157830687318481377e-01,5.829598326180444046e-01,6.744657584222985003e-01,8.524313449536290443e-01,6.622594055159749526e-01,-6.890665595031578716e-01,7.162903280611907508e-01,-4.650750958480111552e-01,8.116897763891240958e-01,1.026180776382552666e-02,-7.780047549809296914e-01,7.781834358537493834e-01,-4.177928919203268143e-01,-1.530956994021414330e-01,6.956057905111462381e-01,1.000000000000000000e+00,-6.453742929304067122e-01,8.639284147237866751e-01,8.417779701607671639e-01,8.411058191032920739e-01,2.019641416777675502e-01,-1.638460310962752686e-01,4.432466221889518332e-01,5.698282353309007675e-01,-1.346037662004190283e-01,8.263873986690872808e-01,2.906964884088295564e-01,8.685527523467145850e-01,3.956477685495726759e-01,7.890111097612175772e-01,-2.750792990773203717e-01,-6.011444809946019374e-01,-4.940571034640795500e-01,7.637634265253234744e-01,-2.265451173171121879e-01,-1.146477725635349498e-01,-1.725762507448171945e-01,8.094290125417188397e-01,7.414971799631978611e-01
-7.524791600948659287e-01,-5.193490733441061824e-01,-3.122478397224134339e-01,-6.683700841385581404e-01,-3.928609586985997160e-01,8.172980557972723270e-01,-6.761333835786825786e-01,5.099542886798287267e-01,-7.355032624372811467e-01,4.042631375028027940e-01,8.580872383498260314e-01,-7.861369633342625285e-01,3.174487325603528309e-01,5.072558310954410343e-01,-7.690648032506123277e-01,-6.453742929304067122e-01,1.000000000000000000e+00,-7.659215818767796113e-01,-7.850943750802749088e-01,-7.308926263538411128e-01,1.107549322130532005e-01,3.002459324587018474e-01,-5.037493891625692555e-02,-2.182396590487057086e-01,3.977625292809609525e-01,-6.796155407697183071e-01,-1.644819782661362251e-01,-6.761730679176755077e-01,-2.061496053246553717e-01,-4.342754561946370329e-01,4.369479136026061528e-01,6.712889682194816965e-01,6.847095392212582121e-01,-6.989023080717738923e-01,4.192262629212935021e-01,1.586643999039777098e-01,3.583347749559785966e-01,-7.530396572707367397e-01,-6.786464410648307410e-01
8.953367402070979697e-01,6.360209081365079120e-01,6.516227809459536058e-01,8.996976028430302419e-01,7.223551201983150483e-01,-8.229139598515509135e-01,7.888442515094143959e-01,-6.353697381175386072e-01,9.163965846175351482e-01,-2.513996232884511683e-01,-8.755241010439566152e-01,8.985328987841803006e-01,-4.547153769871037921e-01,-3.195828482822997696e-01,7.965540454191467612e-01,8.639284147237866751e-01,-7.659215818767796113e-01,1.000000000000000000e+00,9.419899077634684703e-01,8.429010815366189124e-01,-7.296368948125566897e-03,-3.372530641185679245e-01,3.957779278257104183e-01,5.407030908133987346e-01,-1.871350175637402635e-01,8.659892549218571878e-01,2.000360982587761627e-01,8.577545668741892726e-01,3.614880934351805131e-01,7.407381153009849895e-01,-4.379942448963664581e-01,-6.880918319947385564e-01,-6.689899623243721338e-01,8.674072602566181844e-01,-3.966974015757813721e-01,-1.459192568639596510e-01,-3.264370553848223722e-01,9.187942064744049064e-01,8.643094701093598786e-01
9.021076706925497124e-01,6.285534829987582395e-01,5.906889157907414534e-01,8.754077718597451652e-01,6.905432736759561374e-01,-8.487448541570795646e-01,7.891752439725955304e-01,-6.572671219722556746e-01,9.221484387610581201e-01,-3.022481176143965720e-01,-8.908473303469769400e-01,9.068571115065428012e-01,-4.456600711044028107e-01,-3.841028234217166437e-01,8.258153517157833523e-01,8.417779701607671639e-01,-7.850943750802749088e-01,9.419899077634684703e-01,1.000000000000000000e+00,8.316504066306632525e-01,-5.729412567240043525e-02,-3.648349304225220191e-01,3.375391990829831879e-01,5.135991012159200064e-01,-2.503867479571829646e-01,8.726948817407929049e-01,2.255949285065601828e-01,8.416269692106977951e-01,3.766538228590773363e-01,7.209092488965335166e-01,-4.650145356967040344e-01,-7.148924750208704992e-01,-7.131926152241391259e-01,8.607737912844637407e-01,-4.303858553292785882e-01,-1.581549339435981416e-01,-3.966354045578348031e-01,9.234324868587896473e-01,8.712151912757132299e-01
7.904467119710475442e-01,4.957287676078990235e-01,5.525315209720577103e-01,8.012083549834515539e-01,5.310950573355981419e-01,-6.965453041711062721e-01,8.099809109223246040e-01,-3.573387728814686470e-01,8.092388393629089682e-01,-1.066545828602000895e-01,-8.321716414228446101e-01,8.230864191447601064e-01,-3.308020222422307643e-01,-3.238363589623348138e-01,7.957217916961507598e-01,8.411058191032920739e-01,-7.308926263538411128e-01,8.429010815366189124e-01,8.316504066306632525e-01,1.000000000000000000e+00,2.471453546590727801e-01,-8.267655852161670538e-02,3.795385885925326441e-01,5.302784916056100251e-01,-1.592065282382963964e-01,7.725263205253080079e-01,2.284639893096481467e-01,8.585603292680766829e-01,3.358632356333301483e-01,6.435773214343314397e-01,-3.279466598570279778e-01,-6.635319528607966921e-01,-5.287468307382243715e-01,8.035579590573732611e-01,-2.542178539026232476e-01,-2.973610812891830935e-01,-2.265689888922726714e-01,7.741385229796208245e-01,6.953181116712383592e-01
-1.817925265216555064e-01,-3.167115557142858445e-02,2.527851359970498812e-01,7.865008670888087861e-02,6.212979098414152246e-03,2.580169657792246718e-01,2.219433867603073096e-01,5.640595867999865787e-01,-9.747301072011441136e-02,5.713927371142458744e-01,1.219592416087334069e-01,-7.433836171787576441e-02,3.191633660008720286e-01,2.955951057668533277e-01,-1.775959521613274528e-01,2.019641416777675502e-01,1.107549322130532005e-01,-7.296368948125566897e-03,-5.729412567240043525e-02,2.471453546590727801e-01,1.000000000000000000e+00,7.762339952621528649e-01,2.009266934074005473e-01,1.499459052896144340e-01,1.919262767546269788e-01,-1.242060844462487407e-01,2.719940404529164746e-01,7.511905285372594276e-02,-7.396386234138492555e-02,1.157742546493746444e-01,5.184442317025976799e-01,1.262888884151843749e-01,5.793436751333949086e-01,-6.099640900438051128e-02,4.246629927878038946e-01,-3.054470047602053998e-02,3.445570304945274609e-01,-1.687339742438000723e-01,-6.162058982758647496e-02
-5.323854385350749174e-01,-1.686407528452961990e-01,-2.342245781283308279e-02,-2.070556443930358093e-01,-2.505753108772555970e-01,5.243792584669824119e-01,4.908177347900642695e-02,7.585687895190307284e-01,-4.100988989268888885e-01,5.217841824608488999e-01,4.427202355058058036e-01,-3.160831066336890482e-01,5.866224974400411352e-01,3.303186893903970467e-01,-4.752985260866877115e-01,-1.638460310962752686e-01,3.002459324587018474e-01,-3.372530641185679245e-01,-3.648349304225220191e-01,-8.267655852161670538e-02,7.762339952621528649e-01,1.000000000000000000e+00,-8.316562696194029292e-04,-1.013353190183101521e-01,2.659164847117023722e-01,-5.016802001291335023e-01,2.011465846831149706e-01,-3.342909124142521837e-01,-3.165318925442628384e-01,-2.652083852431970645e-01,7.060541904649086931e-01,3.610523794990772029e-01,7.258895503228055546e-01,-3.433931212042282133e-01,5.031939761776702547e-01,3.171460120141774558e-02,3.434518058454926748e-01,-4.761223179648347847e-01,-2.575005002762492667e-01
2.770944591356588327e-01,4.501530274667877030e-01,5.114064991075600863e-01,4.044421344857468958e-01,4.678833731560186338e-01,-4.272197559890467122e-02,4.225970307586606189e-01,-2.184478099909607784e-01,3.540462886016302324e-01,2.211112733096904370e-01,-1.776055248758372784e-01,3.163279213764239595e-01,-1.924278815649736307e-03,2.746582782853919658e-01,2.158967780938333414e-01,4.432466221889518332e-01,-5.037493891625692555e-02,3.957779278257104183e-01,3.375391990829831879e-01,3.795385885925326441e-01,2.009266934074005473e-01,-8.316562696194029292e-04,1.000000000000000000e+00,6.135425957191054103e-01,6.576309404143132475e-01,3.101847828085240732e-01,8.059556667677472697e-02,3.676440047086292906e-01,3.394887605425579435e-01,3.711904768483324513e-01,-3.877967360939487546e-02,6.863999885532001688e-02,-7.698209545359092909e-02,3.508646500722917838e-01,1.369284227198364068e-01,-6.711344355535917017e-02,2.235461980073129018e-01,3.640196072947792794e-01,4.208399560959200092e-01
4.947343523362461859e-01,4.047376397382529967e-01,4.808157530778002231e-01,5.830474454870236967e-01,5.003336220613265883e-01,-3.073455030296410317e-01,5.222817455414350274e-01,-3.259601869160742016e-01,5.096419275207559885e-01,7.153897373801126891e-02,-3.970235394798283246e-01,5.054067232699055445e-01,-2.620189892507585605e-01,3.222050686913612016e-02,4.124052080827145250e-01,5.698282353309007675e-01,-2.182396590487057086e-01,5.407030908133987346e-01,5.135991012159200064e-01,5.302784916056100251e-01,1.499459052896144340e-01,-1.013353190183101521e-01,6.135425957191054103e-01,1.000000000000000000e+00,2.850624393688462321e-01,5.140092867103419616e-01,5.325508097092931936e-02,5.489471435323747261e-01,4.198467078837735955e-01,5.727431894583641103e-01,-2.248518649943900272e-01,-2.219342110039242144e-01,-3.175319975147309903e-01,5.010215833563363974e-01,-9.333252988738868772e-02,-2.592027403678972552e-01,-4.418528301600343350e-02,5.375793325709044002e-01,5.175166997553812820e-01
-3.289910549381613314e-01,9.537756579980877225e-02,1.224908945480979588e-01,-1.298039746801199767e-01,5.809984231742902627e-02,5.152202195626371939e-01,-3.228213003794975361e-03,1.954306444994603487e-01,-2.287849226024872840e-01,4.282198131427586429e-01,4.133016185095724770e-01,-2.282407336680908061e-01,2.344872574563491019e-01,5.279898677445684640e-01,-3.180189261154287572e-01,-1.346037662004190283e-01,3.977625292809609525e-01,-1.871350175637402635e-01,-2.503867479571829646e-01,-1.592065282382963964e-01,1.919262767546269788e-01,2.659164847117023722e-01,6.576309404143132475e-01,2.850624393688462321e-01,1.000000000000000000e+00,-3.015749165562371936e-01,-9.615699057144616591e-02,-2.226281925215559399e-01,4.611904451554148937e-02,-1.700217031708545767e-01,3.281303546126349557e-01,5.261231780566970606e-01,3.550286775660020377e-01,-1.612392844036294459e-01,4.167574373377385122e-01,-6.466866127573276529e-03,4.604674400132163226e-01,-2.334938148467748664e-01,-7.934594936388451869e-02
9.218565944247547606e-01,5.505062502140269931e-01,5.412632084382364983e-01,8.149758202870837076e-01,6.515610334173095319e-01,-8.328294636914066462e-01,5.929086441620956549e-01,-6.810665783421714359e-01,8.646176294906559034e-01,-3.159513954631431587e-01,-8.621738453669869351e-01,8.121892850389667018e-01,-6.150620130442006062e-01,-3.827634808171171965e-01,8.071570079540892895e-01,8.263873986690872808e-01,-6.796155407697183071e-01,8.659892549218571878e-01,8.726948817407929049e-01,7.725263205253080079e-01,-1.242060844462487407e-01,-5.016802001291335023e-01,3.101847828085240732e-01,5.140092867103419616e-01,-3.015749165562371936e-01,1.000000000000000000e+00,2.332729701254896981e-01,8.996605607716807729e-01,4.140767056103545340e-01,7.490251779075837169e-01,-5.483701298287714243e-01,-7.370495491506032781e-01,-7.315903390145612750e-01,7.849560861428240832e-01,-4.575852433686423137e-01,-2.130627608882364188e-01,-3.647598293365297839e-01,8.857935233158086286e-01,7.231742757335936078e-01
1.336084523863753926e-01,3.582021930324218451e-01,2.272726879992121585e-01,2.269965050303181520e-01,2.407685532688361163e-01,-1.308647916620999108e-01,2.412458766427187928e-01,2.822097507677289938e-02,2.083473507076467057e-01,2.293384766915057549e-01,-1.251745261738001214e-01,2.054865844881081927e-01,7.544192598955121176e-02,6.425364091391939925e-02,6.020397176189087179e-02,2.906964884088295564e-01,-1.644819782661362251e-01,2.000360982587761627e-01,2.255949285065601828e-01,2.284639893096481467e-01,2.719940404529164746e-01,2.011465846831149706e-01,8.059556667677472697e-02,5.325508097092931936e-02,-9.615699057144616591e-02,2.332729701254896981e-01,1.000000000000000000e+00,1.954989747829323776e-01,1.042844764656842838e-01,2.598373416409938130e-01,2.806454606648872696e-01,-3.457719165321760518e-02,8.145812701222344965e-02,1.472030295856610049e-01,2.128155253521823165e-01,2.088873314472265985e-01,2.714616872329148403e-02,1.316027237342731471e-01,2.352900110059987504e-01
8.757895660023173878e-01,5.027294712705887569e-01,5.750870945660321309e-01,8.262502002082614538e-01,6.256925490307406745e-01,-7.453751177827834251e-01,6.534704915965021677e-01,-5.319956704510263590e-01,8.197489783267536412e-01,-1.438118314206280612e-01,-8.381615575707855870e-01,7.753167250474183314e-01,-5.225102400235106526e-01,-2.957385935177717085e-01,7.690932369731436902e-01,8.685527523467145850e-01,-6.761730679176755077e-01,8.577545668741892726e-01,8.416269692106977951e-01,8.585603292680766829e-01,7.511905285372594276e-02,-3.342909124142521837e-01,3.676440047086292906e-01,5.489471435323747261e-01,-2.226281925215559399e-01,8.996605607716807729e-01,1.954989747829323776e-01,1.000000000000000000e+00,4.309439291427417662e-01,7.135540226861698532e-01,-4.011745694314537980e-01,-6.971373796935981249e-01,-6.045970868656547204e-01,7.722298054441092408e-01,-3.066673494906586028e-01,-2.769140075326097516e-01,-2.169632177144547036e-01,8.306612964623182327e-01,6.882665327587217385e-01
4.253447569895025260e-01,1.486752835683905205e-01,3.154237280445960079e-01,3.490714388548151748e-01,3.963649909257145332e-01,-2.411088466139186537e-01,2.766888944797522010e-01,-3.494876381473814853e-01,4.093886245111051925e-01,-1.702443366274495468e-02,-3.445212389108135431e-01,3.212474126432990906e-01,-1.390553035052005393e-01,1.041942853413581754e-01,3.792636828398098792e-01,3.956477685495726759e-01,-2.061496053246553717e-01,3.614880934351805131e-01,3.766538228590773363e-01,3.358632356333301483e-01,-7.396386234138492555e-02,-3.165318925442628384e-01,3.394887605425579435e-01,4.198467078837735955e-01,4.611904451554148937e-02,4.140767056103545340e-01,1.042844764656842838e-01,4.309439291427417662e-01,1.000000000000000000e+00,2.991551364425545922e-01,-3.009191183871789410e-01,-6.041257883705151988e-03,-2.936116118150224885e-01,4.109799075652992295e-01,1.754108416683103633e-01,4.172703872855407919e-02,2.016952497383062981e-01,3.951551964373874459e-01,2.878048313374804157e-01
7.184241262173792775e-01,5.096731976203157100e-01,6.298397600807658092e-01,7.265006313958783934e-01,6.341017982598271541e-01,-6.223879476242341058e-01,5.354790473817617746e-01,-4.738887631336755057e-01,7.106839994908116243e-01,1.092713664002896434e-02,-6.382049917183271193e-01,6.131919853262548514e-01,-4.098775020500907695e-01,-1.437636027702250963e-01,5.407369892537103873e-01,7.890111097612175772e-01,-4.342754561946370329e-01,7.407381153009849895e-01,7.209092488965335166e-01,6.435773214343314397e-01,1.157742546493746444e-01,-2.652083852431970645e-01,3.711904768483324513e-01,5.727431894583641103e-01,-1.700217031708545767e-01,7.490251779075837169e-01,2.598373416409938130e-01,7.135540226861698532e-01,2.991551364425545922e-01,1.000000000000000000e+00,-3.212295123404669828e-01,-5.073855869850882883e-01,-4.264854048879332393e-01,6.214318015552398045e-01,-3.134694485604738734e-01,1.116661344516822196e-01,-2.557536185410269058e-01,7.045487327981618808e-01,6.421053653013374385e-01
-6.096352296272966598e-01,-1.206443914271595058e-01,-1.031527163660087287e-01,-3.234697772030667995e-01,-2.220068200167451544e-01,6.407256772248134391e-01,-1.970521881862243863e-01,6.427680710630886418e-01,-5.148593257724046746e-01,6.922307385547588066e-01,5.983382536542456442e-01,-4.914102463180237690e-01,4.687138902970555687e-01,5.138221122298292087e-01,-6.607093785125469632e-01,-2.750792990773203717e-01,4.369479136026061528e-01,-4.379942448963664581e-01,-4.650145356967040344e-01,-3.279466598570279778e-01,5.184442317025976799e-01,7.060541904649086931e-01,-3.877967360939487546e-02,-2.248518649943900272e-01,3.281303546126349557e-01,-5.483701298287714243e-01,2.806454606648872696e-01,-4.011745694314537980e-01,-3.009191183871789410e-01,-3.212295123404669828e-01,1.000000000000000000e+00,5.176793034553879291e-01,7.555109324526280146e-01,-4.953113251190801036e-01,6.137481279293286462e-01,2.120232545342840003e-01,4.952779760913538221e-01,-5.589778997521208659e-01,-2.949467199446405563e-01
-7.477666351196698979e-01,-2.684868948676243372e-01,-2.526405233348660850e-01,-5.999950732202055104e-01,-3.384786794566123080e-01,7.973445353527400803e-01,-4.664491247492028037e-01,4.734555539778902422e-01,-6.782177189079600099e-01,4.337555292151588082e-01,7.905090737975383197e-01,-7.286654528012128651e-01,5.294706171110992177e-01,6.394673807311146430e-01,-7.584722870567891517e-01,-6.011444809946019374e-01,6.712889682194816965e-01,-6.880918319947385564e-01,-7.148924750208704992e-01,-6.635319528607966921e-01,1.262888884151843749e-01,3.610523794990772029e-01,6.863999885532001688e-02,-2.219342110039242144e-01,5.261231780566970606e-01,-7.370495491506032781e-01,-3.457719165321760518e-02,-6.971373796935981249e-01,-6.041257883705151988e-03,-5.073855869850882883e-01,5.176793034553879291e-01,1.000000000000000000e+00,6.837866244380154113e-01,-6.492385137403330342e-01,5.833972711715559312e-01,4.007068505878218501e-01,5.931814268062166606e-01,-6.873158552236763308e-01,-5.253249023717683208e-01
-7.969256914130958824e-01,-3.957660339753008016e-01,-1.854428625860696789e-01,-5.531462582872275213e-01,-3.609875864357144359e-01,8.042325107977756904e-01,-4.442243617906979636e-01,7.920120486327230092e-01,-7.075683501090180849e-01,6.114182219026962350e-01,7.819549929503400998e-01,-7.268323536794214501e-01,5.771565696499072473e-01,5.864773311721896976e-01,-8.101892084551972628e-01,-4.940571034640795500e-01,6.847095392212582121e-01,-6.689899623243721338e-01,-7.131926152241391259e-01,-5.287468307382243715e-01,5.793436751333949086e-01,7.258895503228055546e-01,-7.698209545359092909e-02,-3.175319975147309903e-01,3.550286775660020377e-01,-7.315903390145612750e-01,8.145812701222344965e-02,-6.045970868656547204e-01,-2.936116118150224885e-01,-4.264854048879332393e-01,7.555109324526280146e-01,6.837866244380154113e-01,1.000000000000000000e+00,-6.642911372570581285e-01,6.612500034183929065e-01,2.430308360030267734e-01,5.568569733691941526e-01,-7.660418022755004497e-01,-5.957247552548712299e-01
8.438239764118330433e-01,5.443135999190684693e-01,5.767175448460684084e-01,7.921468824797028851e-01,7.104081386155353117e-01,-7.893718160976604947e-01,7.374974201763592196e-01,-5.779698613292909570e-01,9.182665246324109853e-01,-3.324915447281137637e-01,-8.270516086660995025e-01,8.982940646336451396e-01,-4.607455696329824657e-01,-3.251857182045589378e-01,8.393883316504856529e-01,7.637634265253234744e-01,-6.989023080717738923e-01,8.674072602566181844e-01,8.607737912844637407e-01,8.035579590573732611e-01,-6.099640900438051128e-02,-3.433931212042282133e-01,3.508646500722917838e-01,5.010215833563363974e-01,-1.612392844036294459e-01,7.849560861428240832e-01,1.472030295856610049e-01,7.722298054441092408e-01,4.109799075652992295e-01,6.214318015552398045e-01,-4.953113251190801036e-01,-6.492385137403330342e-01,-6.642911372570581285e-01,1.000000000000000000e+00,-3.523475590202976848e-01,-2.045761031015072284e-01,-3.740324855073649535e-01,8.635627857400900442e-01,8.144543321604141850e-01
-4.986526586344776080e-01,-2.591130863800050199e-01,-1.249778900682963351e-01,-2.996047565400205559e-01,-1.769189239363102017e-01,6.403226769329107837e-01,-2.344414188723174530e-01,5.936356465336427579e-01,-4.049020100592330973e-01,6.078019936252000432e-01,5.040314808542835090e-01,-4.209627846778167815e-01,4.822963155665417889e-01,5.823518095774418146e-01,-4.879579669693504540e-01,-2.265451173171121879e-01,4.192262629212935021e-01,-3.966974015757813721e-01,-4.303858553292785882e-01,-2.542178539026232476e-01,4.246629927878038946e-01,5.031939761776702547e-01,1.369284227198364068e-01,-9.333252988738868772e-02,4.167574373377385122e-01,-4.575852433686423137e-01,2.128155253521823165e-01,-3.066673494906586028e-01,1.754108416683103633e-01,-3.134694485604738734e-01,6.137481279293286462e-01,5.833972711715559312e-01,6.612500034183929065e-01,-3.523475590202976848e-01,1.000000000000000000e+00,8.113676801035329955e-02,7.913393394473574594e-01,-4.738163744366719055e-01,-3.704875525503733558e-01
-1.888294387251513440e-01,1.046845587080568185e-01,1.060232389213461024e-01,-1.523368860891536058e-01,8.281277887571919516e-02,1.143438563119026502e-01,-1.146193283266724594e-01,-3.182491116108225604e-02,-1.323288961874736214e-01,2.544276940150925759e-01,2.291006200947766358e-01,-2.612273581077306783e-01,2.404787877986321321e-01,3.596985051826178670e-01,-3.296684869106809579e-01,-1.146477725635349498e-01,1.586643999039777098e-01,-1.459192568639596510e-01,-1.581549339435981416e-01,-2.973610812891830935e-01,-3.054470047602053998e-02,3.171460120141774558e-02,-6.711344355535917017e-02,-2.592027403678972552e-01,-6.466866127573276529e-03,-2.130627608882364188e-01,2.088873314472265985e-01,-2.769140075326097516e-01,4.172703872855407919e-02,1.116661344516822196e-01,2.120232545342840003e-01,4.007068505878218501e-01,2.430308360030267734e-01,-2.045761031015072284e-01,8.113676801035329955e-02,1.000000000000000000e+00,2.350261805137423068e-02,-1.567498797302158409e-01,-1.919479734179276031e-02
-4.149380344533922793e-01,-1.710186172043484387e-01,-7.273023416351165338e-02,-2.467405559676299764e-01,-2.043290670300176581e-01,5.931634305061793677e-01,-2.626707192985398009e-01,4.627005830220683458e-01,-3.907133153192706709e-01,5.560718828092231503e-01,4.270220430236153497e-01,-4.082347743127583417e-01,3.363394185012730242e-01,5.908913243642046620e-01,-4.380681873382517022e-01,-1.725762507448171945e-01,3.583347749559785966e-01,-3.264370553848223722e-01,-3.966354045578348031e-01,-2.265689888922726714e-01,3.445570304945274609e-01,3.434518058454926748e-01,2.235461980073129018e-01,-4.418528301600343350e-02,4.604674400132163226e-01,-3.647598293365297839e-01,2.714616872329148403e-02,-2.169632177144547036e-01,2.016952497383062981e-01,-2.557536185410269058e-01,4.952779760913538221e-01,5.931814268062166606e-01,5.568569733691941526e-01,-3.740324855073649535e-01,7.913393394473574594e-01,2.350261805137423068e-02,1.000000000000000000e+00,-3.928474563899143623e-01,-3.627754519028702496e-01
9.244747531316745981e-01,6.172205773374417337e-01,5.710960922887337032e-01,8.512346838690501016e-01,6.926775264484336114e-01,-8.507238059297994592e-01,7.180675971482308739e-01,-7.329987195330687211e-01,9.228892693229296951e-01,-3.814788135153534543e-01,-8.785464468309778230e-01,8.886170431826712068e-01,-5.259457017864952455e-01,-3.622636826754257466e-01,8.345190324454176967e-01,8.094290125417188397e-01,-7.530396572707367397e-01,9.187942064744049064e-01,9.234324868587896473e-01,7.741385229796208245e-01,-1.687339742438000723e-01,-4.761223179648347847e-01,3.640196072947792794e-01,5.375793325709044002e-01,-2.334938148467748664e-01,8.857935233158086286e-01,1.316027237342731471e-01,8.306612964623182327e-01,3.951551964373874459e-01,7.045487327981618808e-01,-5.589778997521208659e-01,-6.873158552236763308e-01,-7.660418022755004497e-01,8.635627857400900442e-01,-4.738163744366719055e-01,-1.567498797302158409e-01,-3.928474563899143623e-01,1.000000000000000000e+00,8.647575781965989306e-01
7.786207886123409638e-01,7.253543429897314487e-01,6.190121398843253520e-01,8.178147380639838593e-01,7.258911526368120315e-01,-7.220856307924784501e-01,7.884153126117487975e-01,-6.146206744663431643e-01,8.608100746363083200e-01,-2.608119021820352046e-01,-7.307616960507856696e-01,8.352070885016161794e-01,-3.234757008245878196e-01,-2.574297935723324215e-01,6.685489248937712681e-01,7.414971799631978611e-01,-6.786464410648307410e-01,8.643094701093598786e-01,8.712151912757132299e-01,6.953181116712383592e-01,-6.162058982758647496e-02,-2.575005002762492667e-01,4.208399560959200092e-01,5.175166997553812820e-01,-7.934594936388451869e-02,7.231742757335936078e-01,2.352900110059987504e-01,6.882665327587217385e-01,2.878048313374804157e-01,6.421053653013374385e-01,-2.949467199446405563e-01,-5.253249023717683208e-01,-5.957247552548712299e-01,8.144543321604141850e-01,-3.704875525503733558e-01,-1.919479734179276031e-02,-3.627754519028702496e-01,8.647575781965989306e-01,1.000000000000000000e+00
