1.000000000000000000e+00,6.044272854385434046e-01,4.187150949085145513e-01,2.923136908113034282e-01,5.719937896471292138e-01,3.242513399933686924e-01,2.583184225863009997e-01,-4.644680261322123860e-01,3.692841097460967115e-01,5.035583548966612311e-01,2.828316132297141183e-01,-1.128393471958081817e-01,2.603936085595155436e-01,5.770193207468649055e-01,2.136032652216228178e-01,5.677785573172684508e-01,3.399769605534527228e-01,2.632227946817631281e-01,2.831411968728789752e-01,2.549302199100377253e-01,-3.356949855798668780e-01,-2.117165859878357148e-01,5.821299758561265802e-01,4.901132788885498859e-01,5.020609391372233832e-01,-1.103153480161165739e-01,-2.177449510619935136e-01,-2.185237929385785149e-01,6.561894932071385966e-01,1.606180197395363218e-01,-2.364741648435048638e-01,3.544196240669306164e-01,4.218901480768871282e-01,4.747525316481233659e-01,2.417834997614668469e-01,4.086845570604705769e-01,3.314299410960012682e-01,3.659114088614582316e-01,1.187751701884339206e-01
6.044272854385434046e-01,1.000000000000000000e+00,7.018537150075625231e-02,-1.033296189926789371e-01,9.895009004650665019e-02,-2.021383334068198590e-01,-1.097161829446679886e-03,-1.843228502324351925e-01,2.079182508492958548e-01,-1.562514610144857471e-02,-1.815264401492662216e-01,1.311853876735232516e-01,-2.030109631203572129e-01,5.774623071488069886e-02,-8.987353040914212998e-02,8.281991934241852982e-02,-1.945172665840026183e-01,-2.159189351005427748e-01,-2.133045854075785730e-01,-1.795548438403833935e-01,1.861064553645848940e-01,2.654813453085408392e-01,3.159926843429154697e-02,1.018172491562280568e-01,1.500601499475998947e-02,3.092423566312061944e-01,2.902201701575798931e-01,2.111238051753721867e-01,2.332419087235038380e-01,5.046780560051539188e-01,1.886002821484037695e-01,-8.752839696708426820e-02,8.326636114758512175e-02,-4.366793108702424903e-02,-1.689938874601458751e-01,1.302645449134372073e-02,-1.929087175126977249e-01,3.441431587566604056e-01,3.980821911641517219e-01
4.187150949085145513e-01,7.018537150075625231e-02,1.000000000000000000e+00,2.239263897890431954e-01,6.197312896608891952e-01,1.920042977217385205e-01,3.281465735204510681e-01,-7.883500506902045846e-01,4.636841985390944831e-01,3.836888873418736190e-01,1.832649465634895447e-01,-8.660285258785208051e-02,5.445324077227907400e-02,4.256702914604232335e-01,5.118193747845174030e-02,4.866272257855408512e-01,2.540735298865707259e-01,1.848168203493419093e-01,3.077998321597921194e-01,6.510814390880069469e-02,-1.735391919666171290e-01,-7.966314188446729783e-02,4.382946667237495597e-01,5.202909906864690015e-01,3.667274386965785338e-01,2.593622318074309541e-02,-7.371741139637247309e-02,2.104794452580261571e-02,3.586127278298826826e-01,1.509486137972989306e-01,-1.621191661401500880e-02,2.655339294577925280e-01,3.281371154423391445e-01,5.220365771068846694e-01,3.477299601623528025e-01,2.190359956933454477e-01,2.637393993553323601e-01,1.275467028273934433e-01,1.000638761564576554e-02
2.923136908113034282e-01,-1.033296189926789371e-01,2.239263897890431954e-01,1.000000000000000000e+00,6.429385565257781376e-01,7.993980654670170827e-01,5.880074255142310191e-01,-1.026381897131521392e-01,1.050459062561130003e-01,7.733010789008529784e-01,6.345997513505775567e-01,1.215197070012282443e-01,8.042235129481689615e-01,3.746947802400312222e-01,6.528430419388721040e-01,7.949877486466364607e-01,7.910439371504613959e-01,7.666091493615292407e-01,7.489911742250168203e-01,7.877608651530595418e-01,-8.157814552857011181e-01,-7.046189220039617007e-01,4.589751337717918322e-01,4.706441521971893027e-01,6.818188293165713398e-01,-6.754228776715150984e-01,-6.845012102558348799e-01,-7.997071770880915809e-01,5.802797826523554692e-01,-5.698051474738985434e-01,-8.052017559995884310e-01,6.715290638777092758e-01,2.240181809444608818e-01,5.823430901861743614e-01,5.256951843494016563e-01,7.276603259735522355e-01,7.151897131250029016e-01,3.076981882207967534e-01,2.873587942704839901e-02
5.719937896471292138e-01,9.895009004650665019e-02,6.197312896608891952e-01,6.429385565257781376e-01,1.000000000000000000e+00,6.299084151402587484e-01,5.679641746461352447e-01,-6.313352934137335115e-01,5.037938974347034859e-01,7.331652493098871348e-01,5.594726802441882807e-01,-2.853390817707875116e-02,5.490516380916821149e-01,6.403550479664154027e-01,4.820457898059986035e-01,7.640731972767068614e-01,6.333365357103752924e-01,5.995808769539098249e-01,6.576384152584999754e-01,5.584283231159551386e-01,-6.370446126093801675e-01,-5.814284528754668502e-01,6.356831274730073700e-01,6.171705430129160730e-01,6.713447479274257113e-01,-4.278423287711268785e-01,-4.804182020195574276e-01,-4.960414206239586732e-01,5.989321315074765950e-01,-2.364646570174003815e-01,-5.283130421753903239e-01,5.764186447843070438e-01,4.651031970404900240e-01,8.309138707842966820e-01,4.034908141319547004e-01,6.308330326505251495e-01,5.934137418533983466e-01,4.352735739203549281e-01,1.222029468644114519e-01
3.242513399933686924e-01,-2.021383334068198590e-01,1.920042977217385205e-01,7.993980654670170827e-01,6.299084151402587484e-01,1.000000000000000000e+00,3.229848966304265101e-01,-1.246774311892504400e-01,1.450823228795776187e-01,9.031140556057225544e-01,8.947268643873581562e-01,-8.221568298300120647e-02,9.221476438126682273e-01,6.273150477318136797e-01,7.683201076855934453e-01,8.258875827865594932e-01,9.563558418284866525e-01,9.236523615850434910e-01,8.830989924436680738e-01,8.896922374273197320e-01,-9.611340773484077227e-01,-9.090347473890216801e-01,7.084687662336223157e-01,5.478916940532890800e-01,8.504054146368245082e-01,-7.905056005110155937e-01,-8.671142438544979791e-01,-9.240785382222237443e-01,6.957951436813147872e-01,-7.188244184645224966e-01,-9.029542437905083707e-01,8.433842788420854442e-01,4.095463997255884281e-01,6.972899457514842858e-01,6.917794885336550070e-01,8.640776665364351405e-01,8.831397939312304324e-01,2.756075789709820367e-01,3.208884868678227309e-02
2.583184225863009997e-01,-1.097161829446679886e-03,3.281465735204510681e-01,5.880074255142310191e-01,5.679641746461352447e-01,3.229848966304265101e-01,1.000000000000000000e+00,-3.454241480370972561e-01,1.114580011775750112e-01,3.919677936537794283e-01,1.942897957562518541e-01,-1.953790186446078270e-01,3.266012191072325543e-01,1.507168290480763728e-01,1.246206420465316295e-01,4.404832611665236430e-01,3.056114178127798398e-01,2.985203628580966884e-01,3.951608340660127117e-01,3.455182207750119860e-01,-3.211797259472093935e-01,-2.447273183873182878e-01,2.120297794854056339e-01,3.081709895354345918e-01,3.136903013698873477e-01,-2.393768854318130967e-01,-2.110798106858305934e-01,-2.776309046462610564e-01,2.774913517910613248e-01,-9.385845355626651343e-02,-3.253037103373039862e-01,2.444851004752066903e-01,1.684483509998501161e-01,3.224961488366542839e-01,1.016881715415975662e-01,2.797564240064318031e-01,3.575139838470752229e-01,2.168435082043054518e-01,-2.343778491592807822e-01
-4.644680261322123860e-01,-1.843228502324351925e-01,-7.883500506902045846e-01,-1.026381897131521392e-01,-6.313352934137335115e-01,-1.246774311892504400e-01,-3.454241480370972561e-01,1.000000000000000000e+00,-5.280390678597461918e-01,-3.065485796959663278e-01,-1.611699407346284252e-01,2.078679036190656526e-01,-2.851187822958433510e-02,-4.306436382138795205e-01,1.667160508262197083e-02,-3.531101937813155844e-01,-1.305739006376007705e-01,-1.183797525227440195e-01,-2.789998877685688217e-01,-6.316123502342993468e-03,1.087749322668846025e-01,1.138083463359110675e-01,-4.444961090910072854e-01,-4.683985843432392215e-01,-3.335093486113434591e-01,3.098705916645063882e-02,1.977902387473875687e-02,-5.440226976133891168e-02,-2.537499404546263437e-01,-2.476361996524638065e-01,3.030261232813078517e-03,-1.928185115038052455e-01,-4.006926216105399785e-01,-5.073599703623794532e-01,-7.273566298031396149e-02,-1.738979690271812428e-01,-1.790263837631361210e-01,-2.071429486796345365e-01,-4.340189468264338268e-02
3.692841097460967115e-01,2.079182508492958548e-01,4.636841985390944831e-01,1.050459062561130003e-01,5.037938974347034859e-01,1.450823228795776187e-01,1.114580011775750112e-01,-5.280390678597461918e-01,1.000000000000000000e+00,3.357312617479079608e-01,2.308025610297316232e-01,2.667010444778327924e-02,5.334115677008818140e-02,4.949408606639284502e-01,8.101391267280513148e-03,3.872809925692645705e-01,1.549222060281758295e-01,1.572829818080318243e-01,2.484993376122001107e-01,7.165404894890438359e-02,-1.359995632517122799e-01,-1.584000172649092930e-01,4.883282372318272224e-01,4.926659313880139557e-01,3.585320675420988756e-01,-1.518560738158359312e-02,6.808561722860070886e-02,3.155496101922971447e-02,1.946751485334350662e-01,1.991334299725382728e-01,-1.392658117890886900e-02,2.315106205935598405e-01,4.449621956609291495e-01,6.018645633969860187e-01,6.953364451584827244e-02,1.378121182287649626e-01,1.800415832863556387e-01,2.942494648521190581e-01,4.887135327667194717e-01
5.035583548966612311e-01,-1.562514610144857471e-02,3.836888873418736190e-01,7.733010789008529784e-01,7.331652493098871348e-01,9.031140556057225544e-01,3.919677936537794283e-01,-3.065485796959663278e-01,3.357312617479079608e-01,1.000000000000000000e+00,8.472762392190166247e-01,-9.184968633032471186e-02,8.394471465215577188e-01,6.942786094868665936e-01,6.929640948122304245e-01,9.240273922818549313e-01,9.064880802587667041e-01,8.664600662439159162e-01,8.719588032157068458e-01,8.136656068364387373e-01,-8.975049640757585268e-01,-8.321103561833764761e-01,7.680192730621792085e-01,6.809975071413771897e-01,8.773831948981459794e-01,-6.923351494679548246e-01,-7.671653259849380291e-01,-8.115101009969066803e-01,7.319154107811535193e-01,-4.948871991131679748e-01,-8.147404494433957423e-01,8.247278367969702595e-01,4.679732953689693664e-01,7.639640529574770467e-01,6.826357221760449567e-01,8.586403928615536918e-01,8.534744357544700177e-01,3.223527527093765221e-01,8.500827254555670676e-02
2.828316132297141183e-01,-1.815264401492662216e-01,1.832649465634895447e-01,6.345997513505775567e-01,5.594726802441882807e-01,8.947268643873581562e-01,1.942897957562518541e-01,-1.611699407346284252e-01,2.308025610297316232e-01,8.472762392190166247e-01,1.000000000000000000e+00,-1.165099860661981263e-01,8.224909381751542847e-01,6.634652523124723311e-01,6.876656113879470178e-01,7.444969803327472491e-01,8.995591696114976221e-01,8.465229873650939041e-01,8.323076783305908277e-01,7.729858867350082319e-01,-8.701761916801757923e-01,-8.734523818755983715e-01,7.329105645823527082e-01,6.193463835199908285e-01,8.302372529096404552e-01,-7.064513474873189702e-01,-7.722238448907710051e-01,-8.155339125098546305e-01,6.386631439324098602e-01,-6.033544680614043587e-01,-7.998670117168823479e-01,8.500381992641554696e-01,4.745798557039490606e-01,6.502954189483417524e-01,6.801477778906713789e-01,8.255022058071315172e-01,8.581500065698531854e-01,2.485134050239651837e-01,8.425342372203394048e-02
-1.128393471958081817e-01,1.311853876735232516e-01,-8.660285258785208051e-02,1.215197070012282443e-01,-2.853390817707875116e-02,-8.221568298300120647e-02,-1.953790186446078270e-01,2.078679036190656526e-01,2.667010444778327924e-02,-9.184968633032471186e-02,-1.165099860661981263e-01,1.000000000000000000e+00,-1.339427361072820753e-02,-1.912579762087746327e-01,3.794302467166584814e-01,-1.119693369015574945e-02,-7.027032405551766892e-02,5.333689849146019957e-02,-1.956862072071456279e-02,-3.495940229746603845e-02,4.978813808646113254e-02,5.955024795158066903e-02,-2.976536635850118850e-01,1.865410369194924617e-02,-2.091116876851291106e-01,4.350737473560314927e-02,7.214764041583335286e-02,6.862572520992992614e-03,-1.933578212561409826e-02,7.839847127567918517e-02,-4.108845515585053676e-02,5.546543847959650719e-02,-2.866705265879018749e-01,-1.095343816669332726e-01,-8.631678373785046585e-03,4.446932270461730757e-02,-1.893753006072390888e-01,2.076839401439769250e-01,5.041078624062546032e-01
2.603936085595155436e-01,-2.030109631203572129e-01,5.445324077227907400e-02,8.042235129481689615e-01,5.490516380916821149e-01,9.221476438126682273e-01,3.266012191072325543e-01,-2.851187822958433510e-02,5.334115677008818140e-02,8.394471465215577188e-01,8.224909381751542847e-01,-1.339427361072820753e-02,1.000000000000000000e+00,4.749617217587379647e-01,8.085188362124581252e-01,7.654178753674928393e-01,9.021260487223006219e-01,9.108443061001370022e-01,8.549831018835607477e-01,8.828578763995551526e-01,-9.278415799379876594e-01,-8.874817998253292650e-01,5.817802672353303839e-01,4.797310287919865357e-01,7.515075897548904038e-01,-8.049073864177258564e-01,-8.811090403798553794e-01,-9.414272819818955140e-01,5.881587433663846287e-01,-6.860523995557156196e-01,-9.600054104084526641e-01,7.738034163305814728e-01,2.520198835137416049e-01,5.787338476570818013e-01,5.768594836722482633e-01,8.430142305699754868e-01,8.033960250550088444e-01,2.945088651292099291e-01,-3.578225517638152376e-03
5.770193207468649055e-01,5.774623071488069886e-02,4.256702914604232335e-01,3.746947802400312222e-01,6.403550479664154027e-01,6.273150477318136797e-01,1.507168290480763728e-01,-4.306436382138795205e-01,4.949408606639284502e-01,6.942786094868665936e-01,6.634652523124723311e-01,-1.912579762087746327e-01,4.749617217587379647e-01,1.000000000000000000e+00,3.586787225238366461e-01,6.488432371163588286e-01,6.373770794807334106e-01,5.495975721143198101e-01,5.685369038775471839e-01,4.945681644936830712e-01,-6.101824717107158236e-01,-5.526588525019190401e-01,8.629075092955087456e-01,6.736333539093872780e-01,7.622324126122832499e-01,-4.186478557106967924e-01,-4.594889267618060824e-01,-4.654298201457013895e-01,7.124114480846366337e-01,-2.455372692767033849e-01,-4.203329265612027466e-01,6.626388262448261735e-01,7.185792336259367863e-01,7.501372544183463331e-01,5.176131919288128325e-01,5.384714294153204461e-01,6.587278526217930086e-01,1.960818796953523457e-01,1.403144148296940064e-01
2.136032652216228178e-01,-8.987353040914212998e-02,5.118193747845174030e-02,6.528430419388721040e-01,4.820457898059986035e-01,7.683201076855934453e-01,1.246206420465316295e-01,1.667160508262197083e-02,8.101391267280513148e-03,6.929640948122304245e-01,6.876656113879470178e-01,3.794302467166584814e-01,8.085188362124581252e-01,3.586787225238366461e-01,1.000000000000000000e+00,6.364959406902710448e-01,7.614083583472913697e-01,8.353957572176755608e-01,7.424715696349759586e-01,7.374193314710059122e-01,-7.833420550388555670e-01,-7.604744595699766130e-01,3.753301484117492204e-01,3.805864303070159438e-01,5.450129636402977207e-01,-6.356109794660835810e-01,-7.612547336245241159e-01,-7.976296922813203016e-01,5.513489333070700216e-01,-5.515043385491649186e-01,-8.318424485049394912e-01,7.204476323258257597e-01,1.132394147167878756e-01,4.606518933432769969e-01,5.374477930071943632e-01,7.795362852547015331e-01,6.068207966894045846e-01,3.974755958145629320e-01,1.934947432899611908e-01
5.677785573172684508e-01,8.281991934241852982e-02,4.866272257855408512e-01,7.949877486466364607e-01,7.640731972767068614e-01,8.258875827865594932e-01,4.404832611665236430e-01,-3.531101937813155844e-01,3.872809925692645705e-01,9.240273922818549313e-01,7.444969803327472491e-01,-1.119693369015574945e-02,7.654178753674928393e-01,6.488432371163588286e-01,6.364959406902710448e-01,1.000000000000000000e+00,8.451382591433426184e-01,7.922014570734633443e-01,8.071002708663305159e-01,7.613610060167649296e-01,-8.293936604666158896e-01,-7.266861606103004467e-01,7.209102310400649083e-01,6.803664011480188289e-01,8.279205183358161468e-01,-5.956584700284514033e-01,-6.813342757495073343e-01,-7.236875370140943842e-01,7.213798283882739693e-01,-4.045660937357682951e-01,-7.429334175715559541e-01,7.537268196174772283e-01,4.290624772201667159e-01,7.618469635173272803e-01,6.601761833298499527e-01,8.215353920339718563e-01,7.868564546054812592e-01,3.557684340031038173e-01,1.318252585260069609e-01
3.399769605534527228e-01,-1.945172665840026183e-01,2.540735298865707259e-01,7.910439371504613959e-01,6.333365357103752924e-01,9.563558418284866525e-01,3.056114178127798398e-01,-1.305739006376007705e-01,1.549222060281758295e-01,9.064880802587667041e-01,8.995591696114976221e-01,-7.027032405551766892e-02,9.021260487223006219e-01,6.373770794807334106e-01,7.614083583472913697e-01,8.451382591433426184e-01,1.000000000000000000e+00,9.118558273170469519e-01,8.676273384328190286e-01,8.719683838740701631e-01,-9.519366799275185143e-01,-8.851939948903192468e-01,7.238844161020259182e-01,5.816556508318065921e-01,8.557165999312706939e-01,-7.395835174707731108e-01,-8.643192685432866673e-01,-8.980470326944371973e-01,7.108341519934474606e-01,-6.919636684293909434e-01,-8.790928069854142546e-01,8.412102812317192591e-01,3.968470553195065365e-01,7.010389443029869661e-01,7.270612108777084748e-01,8.649423734778323158e-01,8.789783242121491647e-01,2.873255338741189657e-01,2.564802831915848763e-02
2.632227946817631281e-01,-2.159189351005427748e-01,1.848168203493419093e-01,7.666091493615292407e-01,5.995808769539098249e-01,9.236523615850434910e-01,2.985203628580966884e-01,-1.183797525227440195e-01,1.572829818080318243e-01,8.664600662439159162e-01,8.465229873650939041e-01,5.333689849146019957e-02,9.108443061001370022e-01,5.495975721143198101e-01,8.353957572176755608e-01,7.922014570734633443e-01,9.118558273170469519e-01,1.000000000000000000e+00,9.159486183545741955e-01,8.538268234885333374e-01,-9.186612595962704297e-01,-8.784570106774394205e-01,6.127482167897734255e-01,5.233332072441228000e-01,7.509994833304796114e-01,-7.188569240000586280e-01,-8.356703684340041072e-01,-8.932147150622569143e-01,6.627614510220770638e-01,-6.813457115069218029e-01,-8.978233696817020659e-01,8.462087745294801788e-01,3.687861510102963258e-01,6.313192603999867591e-01,6.602414506083638113e-01,8.384753439086559679e-01,8.287434000172422266e-01,3.802691279942492786e-01,9.771451140007071656e-02
2.831411968728789752e-01,-2.133045854075785730e-01,3.077998321597921194e-01,7.489911742250168203e-01,6.576384152584999754e-01,8.830989924436680738e-01,3.951608340660127117e-01,-2.789998877685688217e-01,2.484993376122001107e-01,8.719588032157068458e-01,8.323076783305908277e-01,-1.956862072071456279e-02,8.549831018835607477e-01,5.685369038775471839e-01,7.424715696349759586e-01,8.071002708663305159e-01,8.676273384328190286e-01,9.159486183545741955e-01,1.000000000000000000e+00,8.063379423653433964e-01,-8.670854956078817288e-01,-8.508545573019359320e-01,6.229133502334971428e-01,5.725232730724452157e-01,7.532917948598216729e-01,-7.324113753063327126e-01,-7.736516269319119177e-01,-8.104721467510768163e-01,6.242614304299362038e-01,-5.678820060247121715e-01,-8.383534099884365487e-01,8.306944807588116930e-01,4.060663272597715978e-01,6.626202319987268829e-01,6.194011887627280943e-01,7.949256653020073671e-01,8.342458580054461503e-01,2.889944714100959322e-01,4.340651702022146202e-02
2.549302199100377253e-01,-1.795548438403833935e-01,6.510814390880069469e-02,7.877608651530595418e-01,5.584283231159551386e-01,8.896922374273197320e-01,3.455182207750119860e-01,-6.316123502342993468e-03,7.165404894890438359e-02,8.136656068364387373e-01,7.729858867350082319e-01,-3.495940229746603845e-02,8.828578763995551526e-01,4.945681644936830712e-01,7.374193314710059122e-01,7.613610060167649296e-01,8.719683838740701631e-01,8.538268234885333374e-01,8.063379423653433964e-01,1.000000000000000000e+00,-8.986943874090316253e-01,-8.535840872622776354e-01,5.680689673541345908e-01,4.143985065747315955e-01,7.376825643709763458e-01,-7.712069912281742656e-01,-8.308641937584546611e-01,-8.910722422522114883e-01,5.762619800858982400e-01,-7.212777435898879430e-01,-8.814962667692314291e-01,7.255108333025499512e-01,2.930992807426291424e-01,6.100558564565247144e-01,5.613431066963757710e-01,7.922842471248836560e-01,7.865579426930678908e-01,2.526754308402296978e-01,2.020073315232078295e-02
-3.356949855798668780e-01,1.861064553645848940e-01,-1.735391919666171290e-01,-8.157814552857011181e-01,-6.370446126093801675e-01,-9.611340773484077227e-01,-3.211797259472093935e-01,1.087749322668846025e-01,-1.359995632517122799e-01,-8.975049640757585268e-01,-8.701761916801757923e-01,4.978813808646113254e-02,-9.278415799379876594e-01,-6.101824717107158236e-01,-7.833420550388555670e-01,-8.293936604666158896e-01,-9.519366799275185143e-01,-9.186612595962704297e-01,-8.670854956078817288e-01,-8.986943874090316253e-01,1.000000000000000000e+00,9.107692990576020664e-01,-6.901983965119087294e-01,-5.212779457464454813e-01,-8.369650347655114286e-01,7.978024029151552510e-01,8.840221069703796397e-01,9.333965101255946584e-01,-6.727305706820662090e-01,7.238156494811138764e-01,9.124973210999038908e-01,-8.070475977950668511e-01,-3.590591816848698326e-01,-7.014980653803220001e-01,-6.590110663230733801e-01,-8.635634396350362341e-01,-8.473536636325721405e-01,-2.940096769838967949e-01,-3.810270459735751875e-02
-2.117165859878357148e-01,2.654813453085408392e-01,-7.966314188446729783e-02,-7.046189220039617007e-01,-5.814284528754668502e-01,-9.090347473890216801e-01,-2.447273183873182878e-01,1.138083463359110675e-01,-1.584000172649092930e-01,-8.321103561833764761e-01,-8.734523818755983715e-01,5.955024795158066903e-02,-8.874817998253292650e-01,-5.526588525019190401e-01,-7.604744595699766130e-01,-7.266861606103004467e-01,-8.851939948903192468e-01,-8.784570106774394205e-01,-8.508545573019359320e-01,-8.535840872622776354e-01,9.107692990576020664e-01,1.000000000000000000e+00,-6.199702440134825521e-01,-4.648440883741737362e-01,-7.664751888600468410e-01,8.319186963211769870e-01,8.715705980227186345e-01,8.860462099198862518e-01,-5.275112494922338247e-01,7.168428770782334647e-01,8.851962565151182405e-01,-7.447877157051439045e-01,-3.027314246531642161e-01,-6.776585536145839361e-01,-5.585477222507337913e-01,-8.161562440660048434e-01,-7.865218359552510474e-01,-2.421876787814594145e-01,-2.565242282102771568e-02
5.821299758561265802e-01,3.159926843429154697e-02,4.382946667237495597e-01,4.589751337717918322e-01,6.356831274730073700e-01,7.084687662336223157e-01,2.120297794854056339e-01,-4.444961090910072854e-01,4.883282372318272224e-01,7.680192730621792085e-01,7.329105645823527082e-01,-2.976536635850118850e-01,5.817802672353303839e-01,8.629075092955087456e-01,3.753301484117492204e-01,7.209102310400649083e-01,7.238844161020259182e-01,6.127482167897734255e-01,6.229133502334971428e-01,5.680689673541345908e-01,-6.901983965119087294e-01,-6.199702440134825521e-01,1.000000000000000000e+00,7.077410035848294978e-01,8.751272568479256941e-01,-4.798224721677903370e-01,-5.521034432270409686e-01,-5.518976609626353724e-01,7.042459717410828324e-01,-3.132493963931661796e-01,-5.247768537229131613e-01,6.741589836075074782e-01,6.224472335408186563e-01,7.546365098118907877e-01,5.472361594649810534e-01,6.216136968719790934e-01,7.068589794540566240e-01,2.431243752983682782e-01,1.128634727146342054e-01
4.901132788885498859e-01,1.018172491562280568e-01,5.202909906864690015e-01,4.706441521971893027e-01,6.171705430129160730e-01,5.478916940532890800e-01,3.081709895354345918e-01,-4.683985843432392215e-01,4.926659313880139557e-01,6.809975071413771897e-01,6.193463835199908285e-01,1.865410369194924617e-02,4.797310287919865357e-01,6.736333539093872780e-01,3.805864303070159438e-01,6.803664011480188289e-01,5.816556508318065921e-01,5.233332072441228000e-01,5.725232730724452157e-01,4.143985065747315955e-01,-5.212779457464454813e-01,-4.648440883741737362e-01,7.077410035848294978e-01,1.000000000000000000e+00,6.743872811476918638e-01,-3.711585970759367914e-01,-3.798571270557345447e-01,-4.071337006058952657e-01,5.864965014281119382e-01,-6.252143548996834388e-02,-4.454608545100878780e-01,6.508172424159890390e-01,5.340882474695634041e-01,6.072602820233750087e-01,4.829934621366428482e-01,5.455436940292194281e-01,5.989838099903913582e-01,2.214954377124184748e-01,1.686850827936408337e-01
5.020609391372233832e-01,1.500601499475998947e-02,3.667274386965785338e-01,6.818188293165713398e-01,6.713447479274257113e-01,8.504054146368245082e-01,3.136903013698873477e-01,-3.335093486113434591e-01,3.585320675420988756e-01,8.773831948981459794e-01,8.302372529096404552e-01,-2.091116876851291106e-01,7.515075897548904038e-01,7.622324126122832499e-01,5.450129636402977207e-01,8.279205183358161468e-01,8.557165999312706939e-01,7.509994833304796114e-01,7.532917948598216729e-01,7.376825643709763458e-01,-8.369650347655114286e-01,-7.664751888600468410e-01,8.751272568479256941e-01,6.743872811476918638e-01,1.000000000000000000e+00,-6.653641792878475236e-01,-7.016813995519738389e-01,-7.355304102158539692e-01,7.331004887168838247e-01,-4.722822905652392933e-01,-7.130931760143534026e-01,7.616864338750382046e-01,5.506104173470285357e-01,7.719074603281886882e-01,6.151804957938283858e-01,7.880034777664940426e-01,8.193833151573871598e-01,2.432037705319178011e-01,9.685805886194746861e-02
-1.103153480161165739e-01,3.092423566312061944e-01,2.593622318074309541e-02,-6.754228776715150984e-01,-4.278423287711268785e-01,-7.905056005110155937e-01,-2.393768854318130967e-01,3.098705916645063882e-02,-1.518560738158359312e-02,-6.923351494679548246e-01,-7.064513474873189702e-01,4.350737473560314927e-02,-8.049073864177258564e-01,-4.186478557106967924e-01,-6.356109794660835810e-01,-5.956584700284514033e-01,-7.395835174707731108e-01,-7.188569240000586280e-01,-7.324113753063327126e-01,-7.712069912281742656e-01,7.978024029151552510e-01,8.319186963211769870e-01,-4.798224721677903370e-01,-3.711585970759367914e-01,-6.653641792878475236e-01,1.000000000000000000e+00,8.218873257305018276e-01,8.187291191817752667e-01,-3.511260564548190910e-01,6.350482635112517649e-01,8.156693187399145506e-01,-6.016326600133076186e-01,-1.932782699780924707e-01,-5.299875305092636157e-01,-4.343807657956131330e-01,-6.738808408054678400e-01,-6.780939267734457099e-01,1.159188372696082769e-01,1.142214762533967365e-01
-2.177449510619935136e-01,2.902201701575798931e-01,-7.371741139637247309e-02,-6.845012102558348799e-01,-4.804182020195574276e-01,-8.671142438544979791e-01,-2.110798106858305934e-01,1.977902387473875687e-02,6.808561722860070886e-02,-7.671653259849380291e-01,-7.722238448907710051e-01,7.214764041583335286e-02,-8.811090403798553794e-01,-4.594889267618060824e-01,-7.612547336245241159e-01,-6.813342757495073343e-01,-8.643192685432866673e-01,-8.356703684340041072e-01,-7.736516269319119177e-01,-8.308641937584546611e-01,8.840221069703796397e-01,8.715705980227186345e-01,-5.521034432270409686e-01,-3.798571270557345447e-01,-7.016813995519738389e-01,8.218873257305018276e-01,1.000000000000000000e+00,8.796262926502659285e-01,-5.051362489793769228e-01,7.177695519024872572e-01,8.776078336853959661e-01,-6.596868780525189102e-01,-1.478880416403506315e-01,-5.512658785551194374e-01,-5.665748530450376297e-01,-7.756695587709007134e-01,-7.394823646610705348e-01,-1.274486033973452059e-01,1.905486790829490629e-01
-2.185237929385785149e-01,2.111238051753721867e-01,2.104794452580261571e-02,-7.997071770880915809e-01,-4.960414206239586732e-01,-9.240785382222237443e-01,-2.776309046462610564e-01,-5.440226976133891168e-02,3.155496101922971447e-02,-8.115101009969066803e-01,-8.155339125098546305e-01,6.862572520992992614e-03,-9.414272819818955140e-01,-4.654298201457013895e-01,-7.976296922813203016e-01,-7.236875370140943842e-01,-8.980470326944371973e-01,-8.932147150622569143e-01,-8.104721467510768163e-01,-8.910722422522114883e-01,9.333965101255946584e-01,8.860462099198862518e-01,-5.518976609626353724e-01,-4.071337006058952657e-01,-7.355304102158539692e-01,8.187291191817752667e-01,8.796262926502659285e-01,1.000000000000000000e+00,-5.949251070484338211e-01,7.578144203995762496e-01,9.412084871894437210e-01,-7.621518854606377236e-01,-2.530940073522095490e-01,-5.393120268315164667e-01,-5.925072927888038743e-01,-8.346536972968786605e-01,-7.889784732174762727e-01,-2.528080378272906104e-01,-1.551894741990134975e-02
6.561894932071385966e-01,2.332419087235038380e-01,3.586127278298826826e-01,5.802797826523554692e-01,5.989321315074765950e-01,6.957951436813147872e-01,2.774913517910613248e-01,-2.537499404546263437e-01,1.946751485334350662e-01,7.319154107811535193e-01,6.386631439324098602e-01,-1.933578212561409826e-02,5.881587433663846287e-01,7.124114480846366337e-01,5.513489333070700216e-01,7.213798283882739693e-01,7.108341519934474606e-01,6.627614510220770638e-01,6.242614304299362038e-01,5.762619800858982400e-01,-6.727305706820662090e-01,-5.275112494922338247e-01,7.042459717410828324e-01,5.864965014281119382e-01,7.331004887168838247e-01,-3.511260564548190910e-01,-5.051362489793769228e-01,-5.949251070484338211e-01,1.000000000000000000e+00,-3.272855031727888164e-01,-5.539068770853188273e-01,7.811024759586902011e-01,5.921094796572476948e-01,5.523654307250683848e-01,6.454307963075344157e-01,6.701667028827865691e-01,7.252685984334822367e-01,4.093275132839711561e-01,1.375932572838887702e-01
1.606180197395363218e-01,5.046780560051539188e-01,1.509486137972989306e-01,-5.698051474738985434e-01,-2.364646570174003815e-01,-7.188244184645224966e-01,-9.385845355626651343e-02,-2.476361996524638065e-01,1.991334299725382728e-01,-4.948871991131679748e-01,-6.033544680614043587e-01,7.839847127567918517e-02,-6.860523995557156196e-01,-2.455372692767033849e-01,-5.515043385491649186e-01,-4.045660937357682951e-01,-6.919636684293909434e-01,-6.813457115069218029e-01,-5.678820060247121715e-01,-7.212777435898879430e-01,7.238156494811138764e-01,7.168428770782334647e-01,-3.132493963931661796e-01,-6.252143548996834388e-02,-4.722822905652392933e-01,6.350482635112517649e-01,7.177695519024872572e-01,7.578144203995762496e-01,-3.272855031727888164e-01,1.000000000000000000e+00,6.788573358718250628e-01,-4.902319562252940299e-01,-1.307922391367738468e-01,-3.945604846949521960e-01,-5.013985378978499385e-01,-5.262664031079697935e-01,-5.968065615920823408e-01,-9.556860883073242663e-02,8.685076728719456907e-02
-2.364741648435048638e-01,1.886002821484037695e-01,-1.621191661401500880e-02,-8.052017559995884310e-01,-5.283130421753903239e-01,-9.029542437905083707e-01,-3.253037103373039862e-01,3.030261232813078517e-03,-1.392658117890886900e-02,-8.147404494433957423e-01,-7.998670117168823479e-01,-4.108845515585053676e-02,-9.600054104084526641e-01,-4.203329265612027466e-01,-8.318424485049394912e-01,-7.429334175715559541e-01,-8.790928069854142546e-01,-8.978233696817020659e-01,-8.383534099884365487e-01,-8.814962667692314291e-01,9.124973210999038908e-01,8.851962565151182405e-01,-5.247768537229131613e-01,-4.454608545100878780e-01,-7.130931760143534026e-01,8.156693187399145506e-01,8.776078336853959661e-01,9.412084871894437210e-01,-5.539068770853188273e-01,6.788573358718250628e-01,1.000000000000000000e+00,-7.530251793461598675e-01,-1.936445586740783154e-01,-5.384567394030382870e-01,-5.466642807672117410e-01,-8.434987327290174308e-01,-7.689427449398049674e-01,-2.909890499244492390e-01,-9.724467481865681565e-03
3.544196240669306164e-01,-8.752839696708426820e-02,2.655339294577925280e-01,6.715290638777092758e-01,5.764186447843070438e-01,8.433842788420854442e-01,2.444851004752066903e-01,-1.928185115038052455e-01,2.315106205935598405e-01,8.247278367969702595e-01,8.500381992641554696e-01,5.546543847959650719e-02,7.738034163305814728e-01,6.626388262448261735e-01,7.204476323258257597e-01,7.537268196174772283e-01,8.412102812317192591e-01,8.462087745294801788e-01,8.306944807588116930e-01,7.255108333025499512e-01,-8.070475977950668511e-01,-7.447877157051439045e-01,6.741589836075074782e-01,6.508172424159890390e-01,7.616864338750382046e-01,-6.016326600133076186e-01,-6.596868780525189102e-01,-7.621518854606377236e-01,7.811024759586902011e-01,-4.902319562252940299e-01,-7.530251793461598675e-01,1.000000000000000000e+00,5.615696295541582339e-01,5.838318629350999212e-01,7.246715183676194494e-01,7.829321416276103784e-01,8.775790404529476563e-01,3.036968493241777867e-01,1.855490324367849719e-01
4.218901480768871282e-01,8.326636114758512175e-02,3.281371154423391445e-01,2.240181809444608818e-01,4.651031970404900240e-01,4.095463997255884281e-01,1.684483509998501161e-01,-4.006926216105399785e-01,4.449621956609291495e-01,4.679732953689693664e-01,4.745798557039490606e-01,-2.866705265879018749e-01,2.520198835137416049e-01,7.185792336259367863e-01,1.132394147167878756e-01,4.290624772201667159e-01,3.968470553195065365e-01,3.687861510102963258e-01,4.060663272597715978e-01,2.930992807426291424e-01,-3.590591816848698326e-01,-3.027314246531642161e-01,6.224472335408186563e-01,5.340882474695634041e-01,5.506104173470285357e-01,-1.932782699780924707e-01,-1.478880416403506315e-01,-2.530940073522095490e-01,5.921094796572476948e-01,-1.307922391367738468e-01,-1.936445586740783154e-01,5.615696295541582339e-01,1.000000000000000000e+00,5.616371807414810569e-01,3.732591262984681357e-01,3.326596599282188871e-01,5.836400571939183157e-01,1.766734455582264773e-01,1.478655013411211139e-01
4.747525316481233659e-01,-4.366793108702424903e-02,5.220365771068846694e-01,5.823430901861743614e-01,8.309138707842966820e-01,6.972899457514842858e-01,3.224961488366542839e-01,-5.073599703623794532e-01,6.018645633969860187e-01,7.639640529574770467e-01,6.502954189483417524e-01,-1.095343816669332726e-01,5.787338476570818013e-01,7.501372544183463331e-01,4.606518933432769969e-01,7.618469635173272803e-01,7.010389443029869661e-01,6.313192603999867591e-01,6.626202319987268829e-01,6.100558564565247144e-01,-7.014980653803220001e-01,-6.776585536145839361e-01,7.546365098118907877e-01,6.072602820233750087e-01,7.719074603281886882e-01,-5.299875305092636157e-01,-5.512658785551194374e-01,-5.393120268315164667e-01,5.523654307250683848e-01,-3.945604846949521960e-01,-5.384567394030382870e-01,5.838318629350999212e-01,5.616371807414810569e-01,1.000000000000000000e+00,4.749819960577005284e-01,6.080927410082039852e-01,6.441465400453054713e-01,2.842751982587292114e-01,1.488451457238312292e-01
2.417834997614668469e-01,-1.689938874601458751e-01,3.477299601623528025e-01,5.256951843494016563e-01,4.034908141319547004e-01,6.917794885336550070e-01,1.016881715415975662e-01,-7.273566298031396149e-02,6.953364451584827244e-02,6.826357221760449567e-01,6.801477778906713789e-01,-8.631678373785046585e-03,5.768594836722482633e-01,5.176131919288128325e-01,5.374477930071943632e-01,6.601761833298499527e-01,7.270612108777084748e-01,6.602414506083638113e-01,6.194011887627280943e-01,5.613431066963757710e-01,-6.590110663230733801e-01,-5.585477222507337913e-01,5.472361594649810534e-01,4.829934621366428482e-01,6.151804957938283858e-01,-4.343807657956131330e-01,-5.665748530450376297e-01,-5.925072927888038743e-01,6.454307963075344157e-01,-5.013985378978499385e-01,-5.466642807672117410e-01,7.246715183676194494e-01,3.732591262984681357e-01,4.749819960577005284e-01,1.000000000000000000e+00,6.106413888995062544e-01,7.398643984501881432e-01,9.705862759050280786e-02,-1.009795327718198028e-02
4.086845570604705769e-01,1.302645449134372073e-02,2.190359956933454477e-01,7.276603259735522355e-01,6.308330326505251495e-01,8.640776665364351405e-01,2.797564240064318031e-01,-1.738979690271812428e-01,1.378121182287649626e-01,8.586403928615536918e-01,8.255022058071315172e-01,4.446932270461730757e-02,8.430142305699754868e-01,5.384714294153204461e-01,7.795362852547015331e-01,8.215353920339718563e-01,8.649423734778323158e-01,8.384753439086559679e-01,7.949256653020073671e-01,7.922842471248836560e-01,-8.635634396350362341e-01,-8.161562440660048434e-01,6.216136968719790934e-01,5.455436940292194281e-01,7.880034777664940426e-01,-6.738808408054678400e-01,-7.756695587709007134e-01,-8.346536972968786605e-01,6.701667028827865691e-01,-5.262664031079697935e-01,-8.434987327290174308e-01,7.829321416276103784e-01,3.326596599282188871e-01,6.080927410082039852e-01,6.106413888995062544e-01,1.000000000000000000e+00,7.743922886012329920e-01,4.064402098164093813e-01,1.486451517450686488e-01
3.314299410960012682e-01,-1.929087175126977249e-01,2.637393993553323601e-01,7.151897131250029016e-01,5.934137418533983466e-01,8.831397939312304324e-01,3.575139838470752229e-01,-1.790263837631361210e-01,1.800415832863556387e-01,8.534744357544700177e-01,8.581500065698531854e-01,-1.893753006072390888e-01,8.033960250550088444e-01,6.587278526217930086e-01,6.068207966894045846e-01,7.868564546054812592e-01,8.789783242121491647e-01,8.287434000172422266e-01,8.342458580054461503e-01,7.865579426930678908e-01,-8.473536636325721405e-01,-7.865218359552510474e-01,7.068589794540566240e-01,5.989838099903913582e-01,8.193833151573871598e-01,-6.780939267734457099e-01,-7.394823646610705348e-01,-7.889784732174762727e-01,7.252685984334822367e-01,-5.968065615920823408e-01,-7.689427449398049674e-01,8.775790404529476563e-01,5.836400571939183157e-01,6.441465400453054713e-01,7.398643984501881432e-01,7.743922886012329920e-01,1.000000000000000000e+00,2.003964902835625450e-01,-4.331554765698527459e-02
3.659114088614582316e-01,3.441431587566604056e-01,1.275467028273934433e-01,3.076981882207967534e-01,4.352735739203549281e-01,2.756075789709820367e-01,2.168435082043054518e-01,-2.071429486796345365e-01,2.942494648521190581e-01,3.223527527093765221e-01,2.485134050239651837e-01,2.076839401439769250e-01,2.945088651292099291e-01,1.960818796953523457e-01,3.974755958145629320e-01,3.557684340031038173e-01,2.873255338741189657e-01,3.802691279942492786e-01,2.889944714100959322e-01,2.526754308402296978e-01,-2.940096769838967949e-01,-2.421876787814594145e-01,2.431243752983682782e-01,2.214954377124184748e-01,2.432037705319178011e-01,1.159188372696082769e-01,-1.274486033973452059e-01,-2.528080378272906104e-01,4.093275132839711561e-01,-9.556860883073242663e-02,-2.909890499244492390e-01,3.036968493241777867e-01,1.766734455582264773e-01,2.842751982587292114e-01,9.705862759050280786e-02,4.064402098164093813e-01,2.003964902835625450e-01,1.000000000000000000e+00,4.603100814806687091e-01
1.187751701884339206e-01,3.980821911641517219e-01,1.000638761564576554e-02,2.873587942704839901e-02,1.222029468644114519e-01,3.208884868678227309e-02,-2.343778491592807822e-01,-4.340189468264338268e-02,4.887135327667194717e-01,8.500827254555670676e-02,8.425342372203394048e-02,5.041078624062546032e-01,-3.578225517638152376e-03,1.403144148296940064e-01,1.934947432899611908e-01,1.318252585260069609e-01,2.564802831915848763e-02,9.771451140007071656e-02,4.340651702022146202e-02,2.020073315232078295e-02,-3.810270459735751875e-02,-2.565242282102771568e-02,1.128634727146342054e-01,1.686850827936408337e-01,9.685805886194746861e-02,1.142214762533967365e-01,1.905486790829490629e-01,-1.551894741990134975e-02,1.375932572838887702e-01,8.685076728719456907e-02,-9.724467481865681565e-03,1.855490324367849719e-01,1.478655013411211139e-01,1.488451457238312292e-01,-1.009795327718198028e-02,1.486451517450686488e-01,-4.331554765698527459e-02,4.603100814806687091e-01,1.000000000000000000e+00
