1.000000000000000000e+00,6.029979206817279724e-01,6.538346838872486355e-01,9.197885759882150347e-02,6.741856716721852383e-01,2.877223506820949517e-01,3.834395102052596260e-01,-6.634210836916286658e-01,7.533421212950233148e-01,7.693689401123198213e-01,6.494480682095659096e-01,-3.347211758133722403e-01,-1.428153067253639941e-01,7.380758288302345926e-01,4.862994551786857800e-01,6.640680869597730407e-01,5.143171554481428265e-01,8.153764683174072325e-02,-2.877041101229674269e-01,1.097887974733603028e-01,6.179337893072044396e-01,2.286662083957268499e-01,5.071918071056228383e-01,5.965354486421474700e-01,5.836153543534734478e-01,7.895656496853994399e-01,1.708529622871642339e-01,4.734693359288069670e-01,7.758545741616119651e-01,5.845887612188419569e-01,3.231610288737779002e-01,1.325156860190218056e-01,5.988442904177355697e-01,5.355025878835247832e-01,5.556114965834269004e-01,2.342597141877763092e-03,4.090536956212789121e-01,6.556916208537302282e-01,-8.986406350828070322e-02
6.029979206817279724e-01,1.000000000000000000e+00,2.948819547056178991e-01,2.017055294295583834e-01,5.504054812313489142e-01,6.743911923576462186e-01,2.181410490346638309e-01,-3.088774481685279127e-01,5.201279477368068171e-01,6.711883948957876322e-01,4.929632267359455033e-01,1.396598690532145359e-01,2.724714378715051843e-01,5.899065431233204704e-01,1.643366210704361174e-01,5.383806672065888366e-01,6.258627074016669400e-01,-1.837617094862081246e-01,-9.079009284572539529e-02,3.735801753136626102e-01,4.986366085502224044e-01,5.348558493269158776e-01,6.449105111467468010e-01,4.595324995644761712e-01,1.461684967930039492e-01,3.003760398455809222e-01,6.310649511257464539e-01,2.119195889554480738e-01,5.572628697613456472e-01,1.573593628392845334e-01,3.572830546283162767e-01,6.656958540496993315e-01,6.818155638506087080e-01,2.419345846193056704e-01,6.026479028834885732e-01,-1.472413005905670869e-01,7.693084215771599510e-01,5.875324824605344942e-02,3.891253689368703306e-01
6.538346838872486355e-01,2.948819547056178991e-01,1.000000000000000000e+00,5.084727834264398533e-02,7.327769427653972878e-01,2.658119156344739345e-02,3.769685964445979032e-01,-9.335870619214501342e-01,7.017763668394310095e-01,6.732538608662619328e-01,6.094046311112155667e-01,-2.172542236581329889e-01,-3.168417366218364006e-01,6.932126212190169445e-01,4.862597045563695208e-01,5.819157217733965659e-01,3.850177272827081665e-01,-1.109930840742735514e-01,-1.738427623959069579e-01,-1.284255733568770708e-01,5.738499612609786471e-01,1.171990934410105240e-01,3.925903656128387209e-01,6.363757807672359990e-01,6.415101302090150392e-01,8.003571432324553259e-01,1.604940104981671944e-01,7.022215381241725396e-01,6.271811459586684734e-01,5.610983772355842003e-01,6.087824303535458448e-01,-5.523967098353229493e-02,5.198768469207689646e-01,6.902869269196543200e-01,4.193401772889563395e-01,2.061933860781841321e-01,2.387217369192571603e-01,5.539992702788789636e-01,-2.453829084426349949e-01
9.197885759882150347e-02,2.017055294295583834e-01,5.084727834264398533e-02,1.000000000000000000e+00,1.562122723357976806e-01,2.286678462368812448e-01,-2.541404185382716268e-03,-9.952415854451623911e-02,9.743481821210939198e-02,2.326749682735391456e-01,-5.013091324018277561e-02,3.050374671674451754e-01,2.436088813446856682e-01,9.406591549200872884e-03,-5.159645289908547372e-02,1.570094912768958684e-01,1.182718680908342729e-01,3.092540680600473491e-01,3.166854981368102395e-01,1.763752080773558772e-01,-4.020734700330947514e-02,1.291500539793732638e-01,1.415695973738606561e-01,-9.987349886311576441e-02,-8.167381263483046439e-02,-7.682546183542994511e-02,2.801929920367142168e-01,-1.170557670003932599e-01,-2.023225056305090128e-02,5.775503841437429342e-02,2.604887697473535699e-03,2.584196779065772720e-01,9.601346392586980472e-02,9.412214185111589249e-02,9.639496755372679859e-02,-1.332602390963680550e-01,2.064352813107104556e-01,-1.328196850925943140e-01,3.352362064067084813e-01
6.741856716721852383e-01,5.504054812313489142e-01,7.327769427653972878e-01,1.562122723357976806e-01,1.000000000000000000e+00,2.607267255647967019e-01,3.075001470277968774e-01,-7.538324520050532218e-01,7.326705000595340467e-01,6.931934130468755395e-01,5.604246864279402995e-01,-6.298602745533610214e-02,-1.280106260735637824e-01,7.109551612410133226e-01,3.446871456876508533e-01,6.283701238307967119e-01,4.626933190814478403e-01,-1.537835027170657842e-01,-2.370142855613153327e-02,4.293194730627972189e-02,4.861681381028400972e-01,2.122622398150433853e-01,5.278521163936747973e-01,5.553794248303338676e-01,5.437965022765872680e-01,6.658901722509531496e-01,4.030577977130048173e-01,5.601260479525475011e-01,5.758009826651606655e-01,5.075671642347251433e-01,5.027082654582024634e-01,2.025247858980762095e-01,5.417099977108305042e-01,7.225839954828424672e-01,4.404403597973571283e-01,1.125701651976298845e-01,4.237223355967235094e-01,4.052918071294391855e-01,4.977927006694016915e-02
2.877223506820949517e-01,6.743911923576462186e-01,2.658119156344739345e-02,2.286678462368812448e-01,2.607267255647967019e-01,1.000000000000000000e+00,2.251413282540422611e-01,-8.560155285558477753e-03,1.897534631017827045e-01,4.769968265311230748e-01,3.312646863352836091e-01,1.885069257999565651e-01,5.296990157357940321e-01,4.425012363080017552e-01,1.963348165976152027e-01,2.256753102379993603e-01,7.114251525367761841e-01,-6.586966684385966997e-02,2.051556681343678912e-02,5.740688974365603103e-01,4.206832979653894466e-01,6.519630423108230266e-01,7.192274428793254959e-01,3.101669517545559418e-01,-2.293663191036966476e-01,2.285413162826416614e-02,6.038017423561191643e-01,7.495651502657182941e-02,4.846841885161621288e-01,-2.855215769156994599e-01,1.673177772690289389e-01,8.550193156608912881e-01,7.301633130639832991e-01,-2.039829003159277787e-01,7.264570316104629333e-01,-3.557168111447276404e-01,8.659478609356985324e-01,-2.217340346317739075e-01,4.371587293555795339e-01
3.834395102052596260e-01,2.181410490346638309e-01,3.769685964445979032e-01,-2.541404185382716268e-03,3.075001470277968774e-01,2.251413282540422611e-01,1.000000000000000000e+00,-3.370136010256479242e-01,1.783742725807574980e-01,3.411982072166210855e-01,5.276361521079419026e-01,-4.029723433716775327e-01,8.805850143809101915e-02,2.570879417130229605e-01,3.700435365788133368e-01,1.643479113408298498e-01,4.459050579665493341e-01,-1.231957510804523592e-01,-4.317940486603553674e-01,2.585207263402982125e-01,4.380438133359929043e-01,3.028495925434706026e-01,2.336237472605651733e-01,2.858949442578071487e-01,1.317498499371857201e-01,3.719354169050066994e-01,-8.201250598892033394e-02,3.034423864440766727e-01,5.106203968277654992e-01,9.106537007901219227e-02,7.767215463530813269e-02,7.983621196340136283e-02,4.324810677829994954e-01,4.582238366980944527e-02,4.452080994456829588e-01,-2.158884549716341417e-01,2.268804891057340789e-01,2.485243804208444873e-01,-2.270035085790469420e-01
-6.634210836916286658e-01,-3.088774481685279127e-01,-9.335870619214501342e-01,-9.952415854451623911e-02,-7.538324520050532218e-01,-8.560155285558477753e-03,-3.370136010256479242e-01,1.000000000000000000e+00,-7.268467042469879402e-01,-6.764717298331930362e-01,-5.630085676681121365e-01,2.177020379964949015e-01,3.590775452829639280e-01,-6.857051541295737795e-01,-4.159127908599613010e-01,-6.035345725764537095e-01,-3.240249489739905897e-01,1.002473461477815520e-01,1.063589602980169607e-01,1.649952192514076432e-01,-5.400631498607317837e-01,-7.477102098689115961e-02,-3.761674435994311061e-01,-6.081849252571219777e-01,-6.806724158299412020e-01,-7.946304968468091978e-01,-1.841120029160910054e-01,-6.918548184240672638e-01,-5.787827981544614309e-01,-6.134622460018450685e-01,-6.185122172334058810e-01,6.782899453967025649e-02,-4.730597013157803454e-01,-7.409309802034518277e-01,-3.581842996619468700e-01,-2.575585971459194989e-01,-2.162448614366621058e-01,-5.581631041621335498e-01,2.162816272401687223e-01
7.533421212950233148e-01,5.201279477368068171e-01,7.017763668394310095e-01,9.743481821210939198e-02,7.326705000595340467e-01,1.897534631017827045e-01,1.783742725807574980e-01,-7.268467042469879402e-01,1.000000000000000000e+00,7.398711577421015484e-01,5.108575470889830106e-01,-1.061121250491470630e-01,-1.636426786714458015e-01,7.418096530800332156e-01,4.166055867599999241e-01,6.735790111863355634e-01,3.979286300204886717e-01,-1.060405286050761647e-01,-6.162969188983818958e-02,4.908521454635236814e-02,4.893700553005418952e-01,1.480381158831745869e-01,5.246874296329026022e-01,6.062487399265595878e-01,6.257498324866622719e-01,7.288007140810734974e-01,3.360423232443570662e-01,4.950203786764922897e-01,5.931906742845042269e-01,6.439132991282396912e-01,4.238739821815160069e-01,1.356895881805621762e-01,5.043309787508513109e-01,6.980255103980470555e-01,4.120596129010880571e-01,2.137288842249990550e-01,3.643318310716524011e-01,5.589725860535024182e-01,6.336402583621364437e-02
7.693689401123198213e-01,6.711883948957876322e-01,6.732538608662619328e-01,2.326749682735391456e-01,6.931934130468755395e-01,4.769968265311230748e-01,3.411982072166210855e-01,-6.764717298331930362e-01,7.398711577421015484e-01,1.000000000000000000e+00,5.369009385708807258e-01,-7.403809188472885994e-02,5.754089319988485440e-02,7.767751699845714120e-01,4.959751654127431131e-01,7.732051881789713255e-01,6.170262746254285835e-01,1.454699827275263146e-02,-7.335044939719446988e-02,2.490611876691826154e-01,6.357922272287069854e-01,4.072501707765436851e-01,6.688860658140737270e-01,5.771539233538462987e-01,4.261735009376559913e-01,6.174023306920327636e-01,4.372896047756844595e-01,4.602272287855850852e-01,6.950687027967060727e-01,4.235573492540257723e-01,4.369591454142138787e-01,3.966604913337630212e-01,7.208844500315648718e-01,4.975171024621551363e-01,6.584686468018824401e-01,-9.457361973081653298e-04,5.890919364620614829e-01,3.720004932629021877e-01,1.491406310509331978e-01
6.494480682095659096e-01,4.929632267359455033e-01,6.094046311112155667e-01,-5.013091324018277561e-02,5.604246864279402995e-01,3.312646863352836091e-01,5.276361521079419026e-01,-5.630085676681121365e-01,5.108575470889830106e-01,5.369009385708807258e-01,1.000000000000000000e+00,-2.959392655997741262e-01,-4.830942526249830393e-02,6.458048950861980941e-01,4.226063828152875068e-01,3.290680590212801682e-01,7.172556788866338850e-01,-2.904266688993990542e-01,-4.940638464751583303e-01,8.472424586507010247e-02,6.515263445610921522e-01,2.966933462738883254e-01,4.475927873628586795e-01,7.246821879329209404e-01,3.643661997624133564e-01,6.910739153319866990e-01,1.003720936509171213e-01,5.425687010342010730e-01,8.247578027003132917e-01,2.209312287907989614e-01,3.963849663590082173e-01,1.866656950556547234e-01,7.050850458608440841e-01,2.297297556934472240e-01,6.328686114212508373e-01,-1.678648903304877649e-01,4.425154057476907155e-01,4.122105555648220010e-01,-3.013137806273222807e-01
-3.347211758133722403e-01,1.396598690532145359e-01,-2.172542236581329889e-01,3.050374671674451754e-01,-6.298602745533610214e-02,1.885069257999565651e-01,-4.029723433716775327e-01,2.177020379964949015e-01,-1.061121250491470630e-01,-7.403809188472885994e-02,-2.959392655997741262e-01,1.000000000000000000e+00,3.411951637395172487e-01,-1.189459138489858125e-01,-1.566888639000855177e-01,-2.263555414214193234e-02,-1.911804174276775931e-02,-1.008622310750161982e-01,4.051405572133859323e-01,1.468234829641636707e-01,-3.071184130742501406e-01,2.053172584781077226e-01,1.004637995964027808e-01,-1.828067600928121594e-01,-3.580573332926971775e-01,-4.371998984564374746e-01,5.096492765976692318e-01,-1.944084288979718023e-01,-3.488284481343775778e-01,-2.881114769888758476e-01,5.303857362318757651e-02,3.956449426830846439e-01,-3.044800461535534380e-02,-2.652566008391746971e-02,-1.066772827842817628e-01,1.128831875015899773e-02,2.123307791736644690e-01,-4.929395734844757571e-01,6.404223746066797229e-01
-1.428153067253639941e-01,2.724714378715051843e-01,-3.168417366218364006e-01,2.436088813446856682e-01,-1.280106260735637824e-01,5.296990157357940321e-01,8.805850143809101915e-02,3.590775452829639280e-01,-1.636426786714458015e-01,5.754089319988485440e-02,-4.830942526249830393e-02,3.411951637395172487e-01,1.000000000000000000e+00,-1.113207396334377902e-01,1.932870813858702519e-01,-1.730300465409874144e-01,4.569870215174978711e-01,7.168768298939282024e-02,-3.098014140796523375e-02,6.660436115259000811e-01,-4.742648049385974479e-02,5.736625109407190726e-01,2.781311125785975724e-01,-1.760911112629208186e-01,-6.660311938181670000e-01,-4.600401093850177148e-01,2.504472590077471139e-01,-4.321145017048228509e-01,1.609441698161247908e-02,-4.572293654328694612e-01,-3.621799705105367417e-01,6.498094811623293943e-01,2.316641614129321403e-01,-4.337470063609085158e-01,4.087151259947254256e-01,-6.254358066162221119e-01,4.076954264348240375e-01,-4.984104206097930700e-01,5.348816764609990448e-01
7.380758288302345926e-01,5.899065431233204704e-01,6.932126212190169445e-01,9.406591549200872884e-03,7.109551612410133226e-01,4.425012363080017552e-01,2.570879417130229605e-01,-6.857051541295737795e-01,7.418096530800332156e-01,7.767751699845714120e-01,6.458048950861980941e-01,-1.189459138489858125e-01,-1.113207396334377902e-01,1.000000000000000000e+00,4.826439289168162339e-01,6.548855787695468944e-01,6.099653076890165782e-01,-9.066867183480419035e-02,-1.180662517134303674e-01,9.512560465912967000e-02,6.200767669808500138e-01,3.282667842241324130e-01,6.955145169484302503e-01,8.015544197038315666e-01,5.107324398958483780e-01,7.075811385829440248e-01,3.837460915076056911e-01,6.220918226263412176e-01,7.748410079878548240e-01,3.902214197391455364e-01,5.419071685091803037e-01,3.267910631171880298e-01,7.679406299407341985e-01,4.925662518662359823e-01,6.624805922115351020e-01,8.268153856537578672e-02,5.898188918781459567e-01,4.149580421352351278e-01,-2.366447127822342983e-02
4.862994551786857800e-01,1.643366210704361174e-01,4.862597045563695208e-01,-5.159645289908547372e-02,3.446871456876508533e-01,1.963348165976152027e-01,3.700435365788133368e-01,-4.159127908599613010e-01,4.166055867599999241e-01,4.959751654127431131e-01,4.226063828152875068e-01,-1.566888639000855177e-01,1.932870813858702519e-01,4.826439289168162339e-01,1.000000000000000000e+00,3.879330028191044222e-01,5.355953050166465390e-01,1.915612506451133679e-01,-4.182771731878447974e-01,3.188240160963424219e-01,3.614801786784972992e-01,3.816028040661644249e-01,3.726795565209082839e-01,3.884255887312166866e-01,1.546423228389458282e-01,4.726480428119775867e-01,-1.128954706740918496e-01,3.165138707503521998e-01,5.927044028420426214e-01,2.360517076264620207e-01,8.466819605205881671e-02,1.015974726447205073e-01,5.120853789839345804e-01,2.443646748531978774e-01,5.999830036953359702e-01,-2.299614055487305964e-01,2.311567693342163610e-01,4.420993146724475076e-01,-1.425337484459762161e-01
6.640680869597730407e-01,5.383806672065888366e-01,5.819157217733965659e-01,1.570094912768958684e-01,6.283701238307967119e-01,2.256753102379993603e-01,1.643479113408298498e-01,-6.035345725764537095e-01,6.735790111863355634e-01,7.732051881789713255e-01,3.290680590212801682e-01,-2.263555414214193234e-02,-1.730300465409874144e-01,6.548855787695468944e-01,3.879330028191044222e-01,1.000000000000000000e+00,3.141363977367165328e-01,6.360186007244703066e-02,2.396143470935390915e-02,6.587390033759672747e-02,4.820880086819757659e-01,1.844841499696383003e-01,5.055410866531653280e-01,4.916131744345240695e-01,5.030435870918921193e-01,5.544342064092463440e-01,3.149150593289791744e-01,4.062069801998711149e-01,4.885654434691578674e-01,5.649643847716790956e-01,3.983608859585632822e-01,1.583348625506523499e-01,4.762521487611365290e-01,5.950196275783369293e-01,3.761035877948399886e-01,1.782449073986953902e-01,3.851068292872112941e-01,4.247036759391626393e-01,1.001698202624836248e-01
5.143171554481428265e-01,6.258627074016669400e-01,3.850177272827081665e-01,1.182718680908342729e-01,4.626933190814478403e-01,7.114251525367761841e-01,4.459050579665493341e-01,-3.240249489739905897e-01,3.979286300204886717e-01,6.170262746254285835e-01,7.172556788866338850e-01,-1.911804174276775931e-02,4.569870215174978711e-01,6.099653076890165782e-01,5.355953050166465390e-01,3.141363977367165328e-01,1.000000000000000000e+00,-1.642326479732396649e-01,-3.259170522955566196e-01,4.995218334067534349e-01,5.811016427729460698e-01,6.451330986687959790e-01,6.777820955109350454e-01,5.746804347283597236e-01,-5.927976936483284054e-02,3.453594763825269531e-01,3.455921564694145465e-01,2.765205809021338279e-01,7.578243652367748773e-01,-8.785676788719713748e-02,2.309700537632187745e-01,6.457544414433373792e-01,8.338823817096974178e-01,-1.030697622427086992e-02,8.679288100257968042e-01,-4.441878517171818919e-01,7.308300036905115427e-01,7.366022972994436258e-02,1.134883871201300687e-01
8.153764683174072325e-02,-1.837617094862081246e-01,-1.109930840742735514e-01,3.092540680600473491e-01,-1.537835027170657842e-01,-6.586966684385966997e-02,-1.231957510804523592e-01,1.002473461477815520e-01,-1.060405286050761647e-01,1.454699827275263146e-02,-2.904266688993990542e-01,-1.008622310750161982e-01,7.168768298939282024e-02,-9.066867183480419035e-02,1.915612506451133679e-01,6.360186007244703066e-02,-1.642326479732396649e-01,1.000000000000000000e+00,2.320774096056590352e-01,1.065841343274105263e-01,-8.263671624548996064e-02,-6.353406354647447851e-02,-6.851568442875109743e-02,-1.988250772917095066e-01,-6.550102546112995241e-04,-1.311281414993358506e-02,-2.697854311293853002e-01,-2.102920719038009478e-01,-7.405584685230626185e-02,1.487788848577786260e-01,-4.221127743793589571e-01,-1.675627027774668765e-01,-1.801399667249455883e-01,-3.351821337663420802e-02,-4.387225639077668715e-02,-6.802207826136731639e-02,-1.727392423431569346e-01,2.051006494601444463e-01,1.124667660260854525e-02
-2.877041101229674269e-01,-9.079009284572539529e-02,-1.738427623959069579e-01,3.166854981368102395e-01,-2.370142855613153327e-02,2.051556681343678912e-02,-4.317940486603553674e-01,1.063589602980169607e-01,-6.162969188983818958e-02,-7.335044939719446988e-02,-4.940638464751583303e-01,4.051405572133859323e-01,-3.098014140796523375e-02,-1.180662517134303674e-01,-4.182771731878447974e-01,2.396143470935390915e-02,-3.259170522955566196e-01,2.320774096056590352e-01,1.000000000000000000e+00,-8.383364295199798033e-02,-2.795645984663838735e-01,-1.957862222618480530e-01,2.080826685209433060e-04,-2.347473386867905687e-01,-8.556440940516198135e-02,-3.123315246672815348e-01,3.501308224965174465e-01,-1.826354969477765877e-01,-4.542808049158476025e-01,-7.879954926044159536e-02,-5.257018085388843326e-02,1.182962337757772348e-01,-2.856223360136739831e-01,8.868453425252260935e-02,-3.304539389746750655e-01,2.488170428565812109e-01,-2.828460506506563082e-02,-2.600888319021953943e-01,4.497795301848446781e-01
1.097887974733603028e-01,3.735801753136626102e-01,-1.284255733568770708e-01,1.763752080773558772e-01,4.293194730627972189e-02,5.740688974365603103e-01,2.585207263402982125e-01,1.649952192514076432e-01,4.908521454635236814e-02,2.490611876691826154e-01,8.472424586507010247e-02,1.468234829641636707e-01,6.660436115259000811e-01,9.512560465912967000e-02,3.188240160963424219e-01,6.587390033759672747e-02,4.995218334067534349e-01,1.065841343274105263e-01,-8.383364295199798033e-02,1.000000000000000000e+00,2.343358318358456927e-01,7.464139713232558204e-01,3.766696395244875650e-01,1.591100729556967422e-02,-4.350824843222350635e-01,-1.649156269693596577e-01,3.010559689344914358e-01,-1.492883435817463633e-01,1.864495845633200033e-01,-2.131336013318098355e-01,-1.566193725976751105e-01,5.822558517002124345e-01,3.725472333696076555e-01,-2.138133851204307156e-01,4.773832781829612792e-01,-3.585178923925705918e-01,4.744967341803904559e-01,-2.033469381283305732e-01,4.798386830278406068e-01
6.179337893072044396e-01,4.986366085502224044e-01,5.738499612609786471e-01,-4.020734700330947514e-02,4.861681381028400972e-01,4.206832979653894466e-01,4.380438133359929043e-01,-5.400631498607317837e-01,4.893700553005418952e-01,6.357922272287069854e-01,6.515263445610921522e-01,-3.071184130742501406e-01,-4.742648049385974479e-02,6.200767669808500138e-01,3.614801786784972992e-01,4.820880086819757659e-01,5.811016427729460698e-01,-8.263671624548996064e-02,-2.795645984663838735e-01,2.343358318358456927e-01,1.000000000000000000e+00,3.965097490177832973e-01,5.312432296175700897e-01,6.239867513233996466e-01,3.277548167116936528e-01,5.972223811583078357e-01,2.273944151411590175e-01,5.044935640078110906e-01,7.372612270169440762e-01,2.853162969967658613e-01,3.902272489711325343e-01,2.456023631966003096e-01,6.856987171400052983e-01,2.362245434189425008e-01,6.345910065568571845e-01,5.780898634606157147e-03,5.542956485791351584e-01,4.023037697084367315e-01,-1.153919679558369077e-01
2.286662083957268499e-01,5.348558493269158776e-01,1.171990934410105240e-01,1.291500539793732638e-01,2.122622398150433853e-01,6.519630423108230266e-01,3.028495925434706026e-01,-7.477102098689115961e-02,1.480381158831745869e-01,4.072501707765436851e-01,2.966933462738883254e-01,2.053172584781077226e-01,5.736625109407190726e-01,3.282667842241324130e-01,3.816028040661644249e-01,1.844841499696383003e-01,6.451330986687959790e-01,-6.353406354647447851e-02,-1.957862222618480530e-01,7.464139713232558204e-01,3.965097490177832973e-01,1.000000000000000000e+00,5.232719007438505487e-01,2.829220990800808133e-01,-2.904638614256870310e-01,6.321228183341713039e-04,4.468832181550197458e-01,1.011945064200991395e-01,3.927655957145451682e-01,-2.228561491340237399e-01,1.712853098894162873e-01,6.790641704125085498e-01,6.283321359503785120e-01,-1.054519996294024931e-01,6.571043866050028104e-01,-3.140169158606739841e-01,6.531395704829042748e-01,-1.945436666147411509e-01,4.067081012273232044e-01
5.071918071056228383e-01,6.449105111467468010e-01,3.925903656128387209e-01,1.415695973738606561e-01,5.278521163936747973e-01,7.192274428793254959e-01,2.336237472605651733e-01,-3.761674435994311061e-01,5.246874296329026022e-01,6.688860658140737270e-01,4.475927873628586795e-01,1.004637995964027808e-01,2.781311125785975724e-01,6.955145169484302503e-01,3.726795565209082839e-01,5.055410866531653280e-01,6.777820955109350454e-01,-6.851568442875109743e-02,2.080826685209433060e-04,3.766696395244875650e-01,5.312432296175700897e-01,5.232719007438505487e-01,1.000000000000000000e+00,5.943799113749387297e-01,1.758691985412373926e-01,3.374842842362252848e-01,5.515612280703501291e-01,3.427315822291598368e-01,6.154787564905814801e-01,5.364769615891350901e-02,3.122873174280379471e-01,6.477061164951344319e-01,7.455260035969729637e-01,1.962191339751868380e-01,6.968997952852806765e-01,-1.166035591294798807e-01,7.495517013210843960e-01,7.872365106620664299e-02,3.192534612017611240e-01
5.965354486421474700e-01,4.595324995644761712e-01,6.363757807672359990e-01,-9.987349886311576441e-02,5.553794248303338676e-01,3.101669517545559418e-01,2.858949442578071487e-01,-6.081849252571219777e-01,6.062487399265595878e-01,5.771539233538462987e-01,7.246821879329209404e-01,-1.828067600928121594e-01,-1.760911112629208186e-01,8.015544197038315666e-01,3.884255887312166866e-01,4.916131744345240695e-01,5.746804347283597236e-01,-1.988250772917095066e-01,-2.347473386867905687e-01,1.591100729556967422e-02,6.239867513233996466e-01,2.829220990800808133e-01,5.943799113749387297e-01,1.000000000000000000e+00,4.297517869184394601e-01,6.536684351185431119e-01,2.185844584814640723e-01,6.326113266394501888e-01,7.330506747576602811e-01,2.140384280833858011e-01,4.667047687579779502e-01,2.139379266306675742e-01,6.880708364119317855e-01,3.294959832098978691e-01,5.780422438804940777e-01,6.870217450520929234e-03,4.730182497718296020e-01,3.576232336674564638e-01,-1.800161714294645499e-01
5.836153543534734478e-01,1.461684967930039492e-01,6.415101302090150392e-01,-8.167381263483046439e-02,5.437965022765872680e-01,-2.293663191036966476e-01,1.317498499371857201e-01,-6.806724158299412020e-01,6.257498324866622719e-01,4.261735009376559913e-01,3.643661997624133564e-01,-3.580573332926971775e-01,-6.660311938181670000e-01,5.107324398958483780e-01,1.546423228389458282e-01,5.030435870918921193e-01,-5.927976936483284054e-02,-6.550102546112995241e-04,-8.556440940516198135e-02,-4.350824843222350635e-01,3.277548167116936528e-01,-2.904638614256870310e-01,1.758691985412373926e-01,4.297517869184394601e-01,1.000000000000000000e+00,7.719859149579325619e-01,-3.190285326618453460e-02,5.865085101862058670e-01,3.889490425093340420e-01,7.148264401226881448e-01,4.317205272360626900e-01,-3.892109056368887599e-01,1.508296904903471125e-01,7.062007258500176965e-01,9.121087376323782844e-03,5.662615839874491908e-01,-7.203026402150039531e-02,7.056105287478572352e-01,-3.545047451331909683e-01
7.895656496853994399e-01,3.003760398455809222e-01,8.003571432324553259e-01,-7.682546183542994511e-02,6.658901722509531496e-01,2.285413162826416614e-02,3.719354169050066994e-01,-7.946304968468091978e-01,7.288007140810734974e-01,6.174023306920327636e-01,6.910739153319866990e-01,-4.371998984564374746e-01,-4.600401093850177148e-01,7.075811385829440248e-01,4.726480428119775867e-01,5.544342064092463440e-01,3.453594763825269531e-01,-1.311281414993358506e-02,-3.123315246672815348e-01,-1.649156269693596577e-01,5.972223811583078357e-01,6.321228183341713039e-04,3.374842842362252848e-01,6.536684351185431119e-01,7.719859149579325619e-01,1.000000000000000000e+00,1.096383258781896512e-02,6.783633685425524140e-01,7.296780292865120421e-01,6.537516205804417835e-01,4.702463863598941862e-01,-1.796500935357306927e-01,4.931995971843528559e-01,6.239449015035561930e-01,3.925677461403653257e-01,2.369008492393341048e-01,1.872518261614011525e-01,7.797614419917411333e-01,-4.034442975992754143e-01
1.708529622871642339e-01,6.310649511257464539e-01,1.604940104981671944e-01,2.801929920367142168e-01,4.030577977130048173e-01,6.038017423561191643e-01,-8.201250598892033394e-02,-1.841120029160910054e-01,3.360423232443570662e-01,4.372896047756844595e-01,1.003720936509171213e-01,5.096492765976692318e-01,2.504472590077471139e-01,3.837460915076056911e-01,-1.128954706740918496e-01,3.149150593289791744e-01,3.455921564694145465e-01,-2.697854311293853002e-01,3.501308224965174465e-01,3.010559689344914358e-01,2.273944151411590175e-01,4.468832181550197458e-01,5.515612280703501291e-01,2.185844584814640723e-01,-3.190285326618453460e-02,1.096383258781896512e-02,1.000000000000000000e+00,1.469536172164609689e-01,1.278606081514679915e-01,-6.860950341847765754e-02,4.709423936713985070e-01,7.116868962614931737e-01,4.653187103200394636e-01,2.195713939934910153e-01,3.117166823686328136e-01,5.834282977664381059e-02,6.858338784643088770e-01,-2.941223277742864295e-01,6.752891062709567294e-01
4.734693359288069670e-01,2.119195889554480738e-01,7.022215381241725396e-01,-1.170557670003932599e-01,5.601260479525475011e-01,7.495651502657182941e-02,3.034423864440766727e-01,-6.918548184240672638e-01,4.950203786764922897e-01,4.602272287855850852e-01,5.425687010342010730e-01,-1.944084288979718023e-01,-4.321145017048228509e-01,6.220918226263412176e-01,3.165138707503521998e-01,4.062069801998711149e-01,2.765205809021338279e-01,-2.102920719038009478e-01,-1.826354969477765877e-01,-1.492883435817463633e-01,5.044935640078110906e-01,1.011945064200991395e-01,3.427315822291598368e-01,6.326113266394501888e-01,5.865085101862058670e-01,6.783633685425524140e-01,1.469536172164609689e-01,1.000000000000000000e+00,5.360298006220002298e-01,3.564648345582514533e-01,6.523969023461680949e-01,-6.196791121209783981e-02,5.011541487654361804e-01,5.503203878574711716e-01,2.920226388384007943e-01,3.491579590651585074e-01,2.364631674419597485e-01,4.375490176246685237e-01,-2.661270197133962512e-01
7.758545741616119651e-01,5.572628697613456472e-01,6.271811459586684734e-01,-2.023225056305090128e-02,5.758009826651606655e-01,4.846841885161621288e-01,5.106203968277654992e-01,-5.787827981544614309e-01,5.931906742845042269e-01,6.950687027967060727e-01,8.247578027003132917e-01,-3.488284481343775778e-01,1.609441698161247908e-02,7.748410079878548240e-01,5.927044028420426214e-01,4.885654434691578674e-01,7.578243652367748773e-01,-7.405584685230626185e-02,-4.542808049158476025e-01,1.864495845633200033e-01,7.372612270169440762e-01,3.927655957145451682e-01,6.154787564905814801e-01,7.330506747576602811e-01,3.889490425093340420e-01,7.296780292865120421e-01,1.278606081514679915e-01,5.360298006220002298e-01,1.000000000000000000e+00,2.767005308522440532e-01,3.542585355773548716e-01,2.808941809145535373e-01,8.244499435467601556e-01,2.273642439863556575e-01,8.111063559426121561e-01,-2.021478079636586100e-01,5.799914055537661595e-01,4.911303791687273157e-01,-2.377689032101657496e-01
5.845887612188419569e-01,1.573593628392845334e-01,5.610983772355842003e-01,5.775503841437429342e-02,5.075671642347251433e-01,-2.855215769156994599e-01,9.106537007901219227e-02,-6.134622460018450685e-01,6.439132991282396912e-01,4.235573492540257723e-01,2.209312287907989614e-01,-2.881114769888758476e-01,-4.572293654328694612e-01,3.902214197391455364e-01,2.360517076264620207e-01,5.649643847716790956e-01,-8.785676788719713748e-02,1.487788848577786260e-01,-7.879954926044159536e-02,-2.131336013318098355e-01,2.853162969967658613e-01,-2.228561491340237399e-01,5.364769615891350901e-02,2.140384280833858011e-01,7.148264401226881448e-01,6.537516205804417835e-01,-6.860950341847765754e-02,3.564648345582514533e-01,2.767005308522440532e-01,1.000000000000000000e+00,2.754324272967345610e-01,-3.854517908760406453e-01,3.539382420219720077e-02,7.278267002540661501e-01,-3.994771684030031661e-02,4.153242858544595184e-01,-1.186398502619230022e-01,7.116818367383486166e-01,-2.148201329415820870e-01
3.231610288737779002e-01,3.572830546283162767e-01,6.087824303535458448e-01,2.604887697473535699e-03,5.027082654582024634e-01,1.673177772690289389e-01,7.767215463530813269e-02,-6.185122172334058810e-01,4.238739821815160069e-01,4.369591454142138787e-01,3.963849663590082173e-01,5.303857362318757651e-02,-3.621799705105367417e-01,5.419071685091803037e-01,8.466819605205881671e-02,3.983608859585632822e-01,2.309700537632187745e-01,-4.221127743793589571e-01,-5.257018085388843326e-02,-1.566193725976751105e-01,3.902272489711325343e-01,1.712853098894162873e-01,3.122873174280379471e-01,4.667047687579779502e-01,4.317205272360626900e-01,4.702463863598941862e-01,4.709423936713985070e-01,6.523969023461680949e-01,3.542585355773548716e-01,2.754324272967345610e-01,1.000000000000000000e+00,1.592403312818143069e-01,4.849435294571129984e-01,4.935620090379126967e-01,2.486925797029986285e-01,3.374734524957583859e-01,3.607578872683702698e-01,1.683593240476127517e-01,-4.855102553721094699e-02
1.325156860190218056e-01,6.656958540496993315e-01,-5.523967098353229493e-02,2.584196779065772720e-01,2.025247858980762095e-01,8.550193156608912881e-01,7.983621196340136283e-02,6.782899453967025649e-02,1.356895881805621762e-01,3.966604913337630212e-01,1.866656950556547234e-01,3.956449426830846439e-01,6.498094811623293943e-01,3.267910631171880298e-01,1.015974726447205073e-01,1.583348625506523499e-01,6.457544414433373792e-01,-1.675627027774668765e-01,1.182962337757772348e-01,5.822558517002124345e-01,2.456023631966003096e-01,6.790641704125085498e-01,6.477061164951344319e-01,2.139379266306675742e-01,-3.892109056368887599e-01,-1.796500935357306927e-01,7.116868962614931737e-01,-6.196791121209783981e-02,2.808941809145535373e-01,-3.854517908760406453e-01,1.592403312818143069e-01,1.000000000000000000e+00,6.095050358584316319e-01,-2.005490957704687827e-01,6.097646601233295272e-01,-3.783269982370245366e-01,8.243096634778226406e-01,-4.220696730059879664e-01,6.274685853018981962e-01
5.988442904177355697e-01,6.818155638506087080e-01,5.198768469207689646e-01,9.601346392586980472e-02,5.417099977108305042e-01,7.301633130639832991e-01,4.324810677829994954e-01,-4.730597013157803454e-01,5.043309787508513109e-01,7.208844500315648718e-01,7.050850458608440841e-01,-3.044800461535534380e-02,2.316641614129321403e-01,7.679406299407341985e-01,5.120853789839345804e-01,4.762521487611365290e-01,8.338823817096974178e-01,-1.801399667249455883e-01,-2.856223360136739831e-01,3.725472333696076555e-01,6.856987171400052983e-01,6.283321359503785120e-01,7.455260035969729637e-01,6.880708364119317855e-01,1.508296904903471125e-01,4.931995971843528559e-01,4.653187103200394636e-01,5.011541487654361804e-01,8.244499435467601556e-01,3.539382420219720077e-02,4.849435294571129984e-01,6.095050358584316319e-01,1.000000000000000000e+00,1.321312993428184479e-01,8.780434934424889981e-01,-2.230908361290991626e-01,8.200940064260691109e-01,1.550753527856243152e-01,9.283446751320895141e-02
5.355025878835247832e-01,2.419345846193056704e-01,6.902869269196543200e-01,9.412214185111589249e-02,7.225839954828424672e-01,-2.039829003159277787e-01,4.582238366980944527e-02,-7.409309802034518277e-01,6.980255103980470555e-01,4.975171024621551363e-01,2.297297556934472240e-01,-2.652566008391746971e-02,-4.337470063609085158e-01,4.925662518662359823e-01,2.443646748531978774e-01,5.950196275783369293e-01,-1.030697622427086992e-02,-3.351821337663420802e-02,8.868453425252260935e-02,-2.138133851204307156e-01,2.362245434189425008e-01,-1.054519996294024931e-01,1.962191339751868380e-01,3.294959832098978691e-01,7.062007258500176965e-01,6.239449015035561930e-01,2.195713939934910153e-01,5.503203878574711716e-01,2.273642439863556575e-01,7.278267002540661501e-01,4.935620090379126967e-01,-2.005490957704687827e-01,1.321312993428184479e-01,1.000000000000000000e+00,-2.139850800218425636e-02,4.852522787740605748e-01,-1.030587771321637459e-02,5.335354761825230607e-01,-1.091309475685830685e-02
5.556114965834269004e-01,6.026479028834885732e-01,4.193401772889563395e-01,9.639496755372679859e-02,4.404403597973571283e-01,7.264570316104629333e-01,4.452080994456829588e-01,-3.581842996619468700e-01,4.120596129010880571e-01,6.584686468018824401e-01,6.328686114212508373e-01,-1.066772827842817628e-01,4.087151259947254256e-01,6.624805922115351020e-01,5.999830036953359702e-01,3.761035877948399886e-01,8.679288100257968042e-01,-4.387225639077668715e-02,-3.304539389746750655e-01,4.773832781829612792e-01,6.345910065568571845e-01,6.571043866050028104e-01,6.968997952852806765e-01,5.780422438804940777e-01,9.121087376323782844e-03,3.925677461403653257e-01,3.117166823686328136e-01,2.920226388384007943e-01,8.111063559426121561e-01,-3.994771684030031661e-02,2.486925797029986285e-01,6.097646601233295272e-01,8.780434934424889981e-01,-2.139850800218425636e-02,1.000000000000000000e+00,-4.140440648852407590e-01,7.634477609005215770e-01,1.214107066186949913e-01,7.785307747758238306e-02
2.342597141877763092e-03,-1.472413005905670869e-01,2.061933860781841321e-01,-1.332602390963680550e-01,1.125701651976298845e-01,-3.557168111447276404e-01,-2.158884549716341417e-01,-2.575585971459194989e-01,2.137288842249990550e-01,-9.457361973081653298e-04,-1.678648903304877649e-01,1.128831875015899773e-02,-6.254358066162221119e-01,8.268153856537578672e-02,-2.299614055487305964e-01,1.782449073986953902e-01,-4.441878517171818919e-01,-6.802207826136731639e-02,2.488170428565812109e-01,-3.585178923925705918e-01,5.780898634606157147e-03,-3.140169158606739841e-01,-1.166035591294798807e-01,6.870217450520929234e-03,5.662615839874491908e-01,2.369008492393341048e-01,5.834282977664381059e-02,3.491579590651585074e-01,-2.021478079636586100e-01,4.153242858544595184e-01,3.374734524957583859e-01,-3.783269982370245366e-01,-2.230908361290991626e-01,4.852522787740605748e-01,-4.140440648852407590e-01,1.000000000000000000e+00,-2.441323519841060441e-01,3.028150080480884188e-01,-6.040783141461090328e-02
4.090536956212789121e-01,7.693084215771599510e-01,2.387217369192571603e-01,2.064352813107104556e-01,4.237223355967235094e-01,8.659478609356985324e-01,2.268804891057340789e-01,-2.162448614366621058e-01,3.643318310716524011e-01,5.890919364620614829e-01,4.425154057476907155e-01,2.123307791736644690e-01,4.076954264348240375e-01,5.898188918781459567e-01,2.311567693342163610e-01,3.851068292872112941e-01,7.308300036905115427e-01,-1.727392423431569346e-01,-2.828460506506563082e-02,4.744967341803904559e-01,5.542956485791351584e-01,6.531395704829042748e-01,7.495517013210843960e-01,4.730182497718296020e-01,-7.203026402150039531e-02,1.872518261614011525e-01,6.858338784643088770e-01,2.364631674419597485e-01,5.799914055537661595e-01,-1.186398502619230022e-01,3.607578872683702698e-01,8.243096634778226406e-01,8.200940064260691109e-01,-1.030587771321637459e-02,7.634477609005215770e-01,-2.441323519841060441e-01,1.000000000000000000e+00,-1.169207226600601363e-01,4.171892821645248883e-01
6.556916208537302282e-01,5.875324824605344942e-02,5.539992702788789636e-01,-1.328196850925943140e-01,4.052918071294391855e-01,-2.217340346317739075e-01,2.485243804208444873e-01,-5.581631041621335498e-01,5.589725860535024182e-01,3.720004932629021877e-01,4.122105555648220010e-01,-4.929395734844757571e-01,-4.984104206097930700e-01,4.149580421352351278e-01,4.420993146724475076e-01,4.247036759391626393e-01,7.366022972994436258e-02,2.051006494601444463e-01,-2.600888319021953943e-01,-2.033469381283305732e-01,4.023037697084367315e-01,-1.945436666147411509e-01,7.872365106620664299e-02,3.576232336674564638e-01,7.056105287478572352e-01,7.797614419917411333e-01,-2.941223277742864295e-01,4.375490176246685237e-01,4.911303791687273157e-01,7.116818367383486166e-01,1.683593240476127517e-01,-4.220696730059879664e-01,1.550753527856243152e-01,5.335354761825230607e-01,1.214107066186949913e-01,3.028150080480884188e-01,-1.169207226600601363e-01,1.000000000000000000e+00,-4.279653481462660225e-01
-8.986406350828070322e-02,3.891253689368703306e-01,-2.453829084426349949e-01,3.352362064067084813e-01,4.977927006694016915e-02,4.371587293555795339e-01,-2.270035085790469420e-01,2.162816272401687223e-01,6.336402583621364437e-02,1.491406310509331978e-01,-3.013137806273222807e-01,6.404223746066797229e-01,5.348816764609990448e-01,-2.366447127822342983e-02,-1.425337484459762161e-01,1.001698202624836248e-01,1.134883871201300687e-01,1.124667660260854525e-02,4.497795301848446781e-01,4.798386830278406068e-01,-1.153919679558369077e-01,4.067081012273232044e-01,3.192534612017611240e-01,-1.800161714294645499e-01,-3.545047451331909683e-01,-4.034442975992754143e-01,6.752891062709567294e-01,-2.661270197133962512e-01,-2.377689032101657496e-01,-2.148201329415820870e-01,-4.855102553721094699e-02,6.274685853018981962e-01,9.283446751320895141e-02,-1.091309475685830685e-02,7.785307747758238306e-02,-6.040783141461090328e-02,4.171892821645248883e-01,-4.279653481462660225e-01,1.000000000000000000e+00
