1.000000000000000000e+00,3.703510034901921766e-01,-4.570026919659255227e-01,3.268221510345827308e-01,4.546320336679632312e-01,5.204866597470413775e-02,1.938134543139312105e-01,4.032491819564031910e-01,-6.654051103042736559e-02,-3.439400844456901862e-01,2.876966758456027673e-01,-5.506961611646361554e-01,-1.398859639585111059e-01,2.937336942666636252e-01,-4.480589574856622126e-01,-3.044577139431993706e-01,4.571817485956082283e-01,9.335144110020683617e-03,-3.508152177371454128e-01,2.002152747186499576e-02,1.373044109425387571e-01,-4.509890953475122477e-01,2.150400251990170764e-01,2.476316737126130485e-01,1.842401698098731222e-01,5.206657342987509596e-01,4.173406930949826732e-01,-1.213453846243445211e-01,4.703777901082469293e-01,-3.473361315631628976e-01,2.813410965088238291e-01,-2.533877952574085102e-01,-3.866299892100468760e-01,-4.065348855903925251e-01,4.449525615756748098e-01,-8.242254543754798379e-02,-4.269986727570487806e-01,2.014340979541321547e-02,-4.455838796068476992e-01
3.703510034901921766e-01,1.000000000000000000e+00,-2.916077758813774221e-02,1.645748717023406971e-01,1.964544746022032495e-01,2.375627408381168204e-01,-1.139513675109649765e-01,-3.486776453727993136e-02,2.601570377056914851e-01,5.741083826441437110e-02,-1.236094830521471122e-01,-1.186215917063481451e-01,-2.470661154537305559e-01,3.236559210762952610e-01,-1.999125389436450517e-01,1.441236021622738783e-01,2.084587791116038757e-01,-1.735535014137301879e-01,-2.462802998857508974e-01,1.749868722198558504e-02,-2.677451235092776632e-02,-9.945170571834240081e-02,3.443681978899825191e-01,1.930150450775890425e-01,5.115533473588168567e-01,2.526863750929706498e-01,2.916190506243703240e-01,-2.267222325851909470e-01,2.205826806007581409e-01,1.126669455455529961e-01,2.688091073926945906e-01,3.169816863940637108e-01,-1.270109554535213126e-01,-1.330600495057072674e-01,5.283486888224916272e-02,3.159872607355622698e-01,8.975911506412202756e-02,1.308730497579652652e-01,8.276367762857858579e-02
-4.570026919659255227e-01,-2.916077758813774221e-02,1.000000000000000000e+00,-4.322018117541277515e-01,-4.127348503115443878e-01,2.117889995266731551e-01,-1.778014484093122238e-01,-8.185767267824600735e-01,3.262848180882762517e-01,6.649723233672507616e-01,-3.158763204336688113e-01,8.025559558905062119e-01,1.536242011268773855e-01,-1.214339505235359773e-01,5.976564734214406815e-01,6.450454482173328952e-01,-5.438400968995147355e-01,-2.332892644861251363e-01,2.016443258141204786e-01,-1.438637716754900819e-01,-4.912151742891854994e-02,7.287194258210246689e-01,4.588612953551311074e-02,-1.214628525513812285e-01,-1.805740049565004168e-01,-6.707778719267043499e-01,-4.552524487345484538e-01,2.532070795554043907e-01,-1.043691507524646955e-01,6.260797739235022252e-01,2.013842539652058866e-02,6.225506886770407755e-01,7.350388135258043576e-01,6.365342916887464231e-01,-3.979114529457338234e-01,3.972930020514275906e-01,6.965722964257882177e-01,2.743201841312221112e-01,7.375828239903460259e-01
3.268221510345827308e-01,1.645748717023406971e-01,-4.322018117541277515e-01,1.000000000000000000e+00,1.931187464193714898e-01,7.350052125507133827e-02,2.730494170182599656e-01,4.075667774828591883e-01,-3.663198625708418144e-01,-3.990539710844578369e-01,7.400602527608104997e-02,-4.655026302038345332e-01,-2.255612217870033298e-01,-1.086174464219192004e-01,-4.409630928096037183e-01,-3.310925565347326849e-01,3.739074482946893596e-01,1.626193544294393667e-01,-1.188288244685321987e-01,1.829673410817292123e-01,-3.802387967038618061e-02,-3.010482304767788109e-01,5.637171453651961331e-03,-5.351302315688206968e-02,1.143091638990793579e-01,3.514550418919111241e-01,3.048424898408323425e-01,-1.684388037429199736e-01,-1.596734145317614886e-02,-4.075500566837306771e-01,-1.293340059794296781e-01,-2.308240786284674606e-01,-4.634793202731689044e-01,-4.753039576929344312e-01,1.608847733629259757e-01,-1.842307034265060484e-01,-2.788358451585259967e-01,-2.694152186297911200e-01,-3.862119724942529864e-01
4.546320336679632312e-01,1.964544746022032495e-01,-4.127348503115443878e-01,1.931187464193714898e-01,1.000000000000000000e+00,-2.319091614777688271e-01,1.479911546771006670e-01,3.841423531732442997e-01,3.253941036260148828e-02,-2.334495697308264783e-01,2.699748684702238388e-01,-3.943786326423981969e-01,-1.551463095050146512e-01,4.289309559156366247e-01,-2.295322797573205731e-01,-2.649983336987191684e-01,3.562801147624435893e-01,3.748689394170179323e-01,1.145654704442170824e-01,7.454852932741230787e-02,8.014639359760925008e-02,-3.592722768070398254e-01,5.765032961870451833e-02,1.092033773990247897e-01,2.503757853789406185e-01,7.185417339272173187e-01,7.522062935389023375e-01,-1.121835388071207584e-01,1.406899313612451075e-01,-3.043811046414265920e-01,3.098138844903897682e-01,-4.104099818130446109e-01,-2.909943426366765062e-01,-4.726007021461218344e-02,2.566658565799930236e-01,1.300464678096468762e-01,-5.487833426387357383e-01,1.467903766746088690e-01,-2.940305415797468402e-01
5.204866597470413775e-02,2.375627408381168204e-01,2.117889995266731551e-01,7.350052125507133827e-02,-2.319091614777688271e-01,1.000000000000000000e+00,3.107107217248645734e-02,-2.222516343030847552e-01,2.251849922965074580e-01,1.464753483229153108e-01,-1.462943302716534499e-01,1.758534156372956458e-01,-5.721113261225559132e-02,-9.467695840268995633e-02,1.101650744196170373e-01,1.882073265023087583e-01,9.031561587798597746e-02,-3.379215156372494810e-01,-2.184483105044750517e-01,-4.177407787494243768e-02,6.968236188866753882e-03,1.153334547145082184e-01,2.497157887534809939e-01,3.275071192512659518e-02,9.869730952607631835e-02,-2.691346511115736972e-01,-1.671687465020210983e-01,-7.953241958957829594e-02,3.297307886488075601e-01,2.179996190352047336e-01,1.170431659082183107e-01,4.245384101888435846e-01,7.453133972519826456e-02,-1.244462695566295705e-02,-8.409311886399814528e-02,1.614430775113819549e-01,3.017365573841468973e-01,7.134241773755030380e-02,2.692827457023665438e-01
1.938134543139312105e-01,-1.139513675109649765e-01,-1.778014484093122238e-01,2.730494170182599656e-01,1.479911546771006670e-01,3.107107217248645734e-02,1.000000000000000000e+00,1.864098767024683356e-01,-2.485175087208128242e-01,-1.212648275091019467e-01,2.400360429036820786e-01,-1.802166325091719146e-01,2.224102228699564865e-01,-9.657589980300237964e-02,-2.376465229894340059e-01,-1.135858871068895631e-01,2.527435978355769830e-01,7.341601537674073696e-02,-8.011954127266000814e-02,-2.141576227125318102e-02,7.412352883606143639e-02,9.571835400478864372e-03,1.365301246825410125e-02,-5.828238652128957253e-02,-9.019776907540519306e-02,8.689995846548709268e-02,1.951074889869804929e-01,2.121361651602333698e-01,3.825987539853027697e-02,-1.901011429221220184e-01,2.707414691135969220e-01,-3.171389915449792651e-01,-4.189201161837772386e-02,-2.480426790417661898e-01,9.401600432436089949e-02,-8.824935639048607505e-02,-3.414386075641169804e-01,-4.597067799667685362e-02,-2.281785566856266434e-01
4.032491819564031910e-01,-3.486776453727993136e-02,-8.185767267824600735e-01,4.075667774828591883e-01,3.841423531732442997e-01,-2.222516343030847552e-01,1.864098767024683356e-01,1.000000000000000000e+00,-3.542413075401480982e-01,-6.356561802076202694e-01,3.182457236159101366e-01,-7.114584698556525311e-01,-1.121322494787101720e-01,6.323959384134550388e-02,-5.200494096687130474e-01,-6.300327479297059829e-01,4.506542003797629481e-01,2.330851629640400269e-01,-1.434116429393787473e-01,1.024583477839210582e-01,7.722862956749149133e-02,-6.478647499806146071e-01,-8.476665683450972100e-02,8.199827377365137560e-02,1.099944906153863533e-01,5.815788813231025367e-01,3.912395535589157092e-01,-1.983995967319623632e-01,9.888159206131656720e-02,-5.905495557189215372e-01,-3.762031930060543566e-02,-5.930957831378506073e-01,-6.397930329662919746e-01,-5.569874550228490762e-01,3.760133283069211352e-01,-4.364654560043690346e-01,-6.302460124933330077e-01,-2.655846133693302580e-01,-6.913283716565079562e-01
-6.654051103042736559e-02,2.601570377056914851e-01,3.262848180882762517e-01,-3.663198625708418144e-01,3.253941036260148828e-02,2.251849922965074580e-01,-2.485175087208128242e-01,-3.542413075401480982e-01,1.000000000000000000e+00,5.161043337114523677e-01,-1.491848381060264794e-01,4.130324254067689327e-01,4.189334192868873763e-02,2.882859229627620645e-01,2.609924197402677115e-01,5.155089622240334180e-01,-1.465846407784342775e-01,-5.189230715330028082e-02,2.066354505312296697e-01,-1.856553874303455143e-01,-2.934805574887532770e-02,1.731428012597131805e-01,3.463583877811883260e-01,2.528933682528261562e-01,2.528530146095804843e-01,-1.543611526619218521e-01,-1.940219186463670864e-02,-2.830028278303215600e-02,2.132730171579748923e-01,6.124667749383905235e-01,1.788207430400577669e-01,4.007984247273168044e-01,4.056536865759842736e-01,4.547584834040060420e-01,-1.158483347364567262e-01,4.395285621307646884e-01,2.827749384956333434e-01,5.406448691780886273e-01,5.590715850376254403e-01
-3.439400844456901862e-01,5.741083826441437110e-02,6.649723233672507616e-01,-3.990539710844578369e-01,-2.334495697308264783e-01,1.464753483229153108e-01,-1.212648275091019467e-01,-6.356561802076202694e-01,5.161043337114523677e-01,1.000000000000000000e+00,-2.894040547673529251e-01,6.796707797945885643e-01,1.273740847131371312e-01,1.452038654914085403e-01,4.221167267414593360e-01,8.529383812507027596e-01,-4.475703334967960356e-01,-1.793253138250569811e-01,2.698602225296702906e-01,-1.613682791535180072e-01,-6.754639986802545015e-02,5.104218403101400403e-01,2.811929296111788101e-01,1.276816152189826359e-01,6.357086688029404964e-02,-4.817140620580470101e-01,-2.906957957891623812e-01,1.702325609388525007e-01,-5.337890108028855302e-02,7.354311301395289879e-01,3.898793442637155104e-02,4.915512530872021557e-01,6.483472636034869341e-01,5.526779297831655446e-01,-3.083085078669791645e-01,5.386291736767678806e-01,5.246729629190851618e-01,5.640647038213629783e-01,7.232586761912590534e-01
2.876966758456027673e-01,-1.236094830521471122e-01,-3.158763204336688113e-01,7.400602527608104997e-02,2.699748684702238388e-01,-1.462943302716534499e-01,2.400360429036820786e-01,3.182457236159101366e-01,-1.491848381060264794e-01,-2.894040547673529251e-01,1.000000000000000000e+00,-2.950367550336280842e-01,-6.481556256557767515e-03,6.584767790583782865e-02,-1.991376885084648329e-01,-3.162437663288071854e-01,2.986764142606266881e-01,9.014055396580548940e-02,-1.869884552021882085e-01,8.037059300318662169e-02,2.588471926484887109e-01,-1.819124470724468035e-01,-4.855388164065921330e-02,4.558941447511966755e-02,5.561375550658286676e-02,2.403168602674403687e-01,1.966054361471911427e-01,7.872188750564210191e-02,1.968357725177812267e-01,-3.415354666272883422e-01,1.346681029055174783e-01,-3.817802655923022148e-01,-1.587194074233657937e-01,-1.463522551377060832e-01,2.302891417553515896e-01,-1.644110181647319424e-01,-4.114391145675100336e-01,-1.333042447136999764e-01,-3.471971115135294439e-01
-5.506961611646361554e-01,-1.186215917063481451e-01,8.025559558905062119e-01,-4.655026302038345332e-01,-3.943786326423981969e-01,1.758534156372956458e-01,-1.802166325091719146e-01,-7.114584698556525311e-01,4.130324254067689327e-01,6.796707797945885643e-01,-2.950367550336280842e-01,1.000000000000000000e+00,1.778991444190027305e-01,-1.404470437649976144e-01,6.646835470585917838e-01,6.411307587537082853e-01,-6.230109279964134439e-01,-1.449528742105950785e-01,3.390092771773594582e-01,-1.945030383099482507e-01,-7.483311420385815871e-02,6.720828109203069722e-01,-4.217335072739051421e-02,-1.973272588412408601e-01,-2.303501561950865861e-01,-6.922114688155599493e-01,-4.648546943751347138e-01,2.156429418117223606e-01,-1.991789411646202046e-01,6.528422901862304117e-01,-7.270692872151245101e-02,5.609928964611894386e-01,7.479933779227188051e-01,7.163652010017860228e-01,-4.379718936591976974e-01,4.138663118785868567e-01,6.499806640981730110e-01,3.582996017564005764e-01,8.029974385733968933e-01
-1.398859639585111059e-01,-2.470661154537305559e-01,1.536242011268773855e-01,-2.255612217870033298e-01,-1.551463095050146512e-01,-5.721113261225559132e-02,2.224102228699564865e-01,-1.121322494787101720e-01,4.189334192868873763e-02,1.273740847131371312e-01,-6.481556256557767515e-03,1.778991444190027305e-01,1.000000000000000000e+00,-1.115444606365242342e-01,5.212011789790930993e-02,1.023392081760863409e-01,-1.121326730820912387e-01,-4.154846698640300706e-02,1.211597360437417087e-01,-1.344100528668039085e-01,-3.124987883096903840e-02,2.416188074973699973e-01,-1.218369335802501896e-01,-1.240807647898642119e-01,-2.065023812141389969e-01,-2.374762761606421801e-01,-2.095028857509352027e-01,4.007379388341292259e-01,-3.129539035691331073e-02,1.946410171126894406e-01,6.721862139939334402e-02,5.461422929371146512e-02,1.899960764984818251e-01,9.497769078789558561e-02,-4.268401084934796835e-02,-9.870347328166167652e-03,4.571960056290499258e-02,3.525591310287132588e-03,5.863077542586474233e-02
2.937336942666636252e-01,3.236559210762952610e-01,-1.214339505235359773e-01,-1.086174464219192004e-01,4.289309559156366247e-01,-9.467695840268995633e-02,-9.657589980300237964e-02,6.323959384134550388e-02,2.882859229627620645e-01,1.452038654914085403e-01,6.584767790583782865e-02,-1.404470437649976144e-01,-1.115444606365242342e-01,1.000000000000000000e+00,-1.603409745841455347e-01,1.451974050627961033e-01,1.946178185485278322e-01,1.110406618181167086e-02,1.001601099629562640e-02,-3.187538245311465068e-02,3.955680999330066228e-03,-1.997679156968065195e-01,2.993156694638495208e-01,6.001996966056813987e-01,4.456153352261122969e-01,4.035713607581040696e-01,4.392858923755980638e-01,-7.990601021371465662e-02,2.953901937751075568e-01,1.063835206826859239e-02,2.459173195053805938e-01,-2.495264727769989574e-02,-1.070241763410197389e-01,-1.416404118400425979e-04,2.008485441626120527e-01,3.128502273963025271e-01,-1.573589022291685402e-01,3.532099908448465553e-01,2.910658938766260903e-02
-4.480589574856622126e-01,-1.999125389436450517e-01,5.976564734214406815e-01,-4.409630928096037183e-01,-2.295322797573205731e-01,1.101650744196170373e-01,-2.376465229894340059e-01,-5.200494096687130474e-01,2.609924197402677115e-01,4.221167267414593360e-01,-1.991376885084648329e-01,6.646835470585917838e-01,5.212011789790930993e-02,-1.603409745841455347e-01,1.000000000000000000e+00,3.813610501214757531e-01,-5.253319556823851100e-01,-1.866013063342309986e-01,2.100169177825883249e-01,-1.320072561405057354e-01,-5.977598083490548442e-02,4.938703085385149349e-01,-1.717823683868761053e-01,-2.607705698780122816e-01,-2.524789592125926130e-01,-4.503914586528768305e-01,-3.379610664630147698e-01,9.785282840817778605e-02,-2.338092110843362770e-01,4.170688352144379385e-01,-2.417079781757901502e-01,3.869191084221260124e-01,4.682432848820839433e-01,6.510025904020212417e-01,-3.603068913792289441e-01,2.199452894113361201e-01,4.629808867785986659e-01,2.633806236416458835e-01,5.650873625743644268e-01
-3.044577139431993706e-01,1.441236021622738783e-01,6.450454482173328952e-01,-3.310925565347326849e-01,-2.649983336987191684e-01,1.882073265023087583e-01,-1.135858871068895631e-01,-6.300327479297059829e-01,5.155089622240334180e-01,8.529383812507027596e-01,-3.162437663288071854e-01,6.411307587537082853e-01,1.023392081760863409e-01,1.451974050627961033e-01,3.813610501214757531e-01,1.000000000000000000e+00,-3.720503672155455188e-01,-2.198613665062644218e-01,2.083562459847353443e-01,-1.533930069530629881e-01,-6.755425476958980269e-02,5.104096617609326092e-01,3.142183405219401982e-01,1.581856167119584933e-01,1.058835357552348061e-01,-4.653644271488305284e-01,-2.931000305375097148e-01,1.963311957249439799e-01,-3.677002543568741455e-02,7.179874424095765706e-01,4.975037462952033168e-02,5.319029563547992279e-01,5.809836313278874398e-01,4.920370871290954962e-01,-3.129489916837822627e-01,5.217029962251901187e-01,5.475981252432212676e-01,5.568075931846865334e-01,6.990765869882525907e-01
4.571817485956082283e-01,2.084587791116038757e-01,-5.438400968995147355e-01,3.739074482946893596e-01,3.562801147624435893e-01,9.031561587798597746e-02,2.527435978355769830e-01,4.506542003797629481e-01,-1.465846407784342775e-01,-4.475703334967960356e-01,2.986764142606266881e-01,-6.230109279964134439e-01,-1.121326730820912387e-01,1.946178185485278322e-01,-5.253319556823851100e-01,-3.720503672155455188e-01,1.000000000000000000e+00,5.688757092797313425e-02,-2.775847719338285780e-01,4.868764113630925927e-02,4.876412389472845749e-02,-4.797078380083055205e-01,2.948798422255598517e-01,3.348848827961793950e-01,3.394818381424802856e-01,5.164050146520859919e-01,4.248237640355971845e-01,-6.891905447390954398e-02,2.979174008737083268e-01,-4.245781829204788860e-01,1.897544288426102344e-01,-2.895064504174599818e-01,-5.416504291244629288e-01,-5.195128024734199101e-01,2.792038380306897660e-01,-1.362679344380072211e-01,-4.723007139142927358e-01,-1.676460501006493409e-01,-5.044622093582729061e-01
9.335144110020683617e-03,-1.735535014137301879e-01,-2.332892644861251363e-01,1.626193544294393667e-01,3.748689394170179323e-01,-3.379215156372494810e-01,7.341601537674073696e-02,2.330851629640400269e-01,-5.189230715330028082e-02,-1.793253138250569811e-01,9.014055396580548940e-02,-1.449528742105950785e-01,-4.154846698640300706e-02,1.110406618181167086e-02,-1.866013063342309986e-01,-2.198613665062644218e-01,5.688757092797313425e-02,1.000000000000000000e+00,6.325683610269117185e-01,5.707511643315268945e-02,1.710938178244129360e-01,-1.965928413667449026e-01,-8.267708596221162720e-02,-6.089738558275235858e-02,-7.086187565619442297e-02,3.372064945197900676e-01,3.253956686823535893e-01,-4.001211593333672129e-02,-6.738274535126730080e-02,-1.669750003527172011e-01,2.208378590773057201e-03,-4.125043954719812000e-01,-9.439690368298392364e-02,-7.980105478819471410e-02,1.481395347801726381e-01,4.586692346509441132e-02,-3.283868970159961043e-01,6.806164493149781392e-02,-1.193632089745204766e-01
-3.508152177371454128e-01,-2.462802998857508974e-01,2.016443258141204786e-01,-1.188288244685321987e-01,1.145654704442170824e-01,-2.184483105044750517e-01,-8.011954127266000814e-02,-1.434116429393787473e-01,2.066354505312296697e-01,2.698602225296702906e-01,-1.869884552021882085e-01,3.390092771773594582e-01,1.211597360437417087e-01,1.001601099629562640e-02,2.100169177825883249e-01,2.083562459847353443e-01,-2.775847719338285780e-01,6.325683610269117185e-01,1.000000000000000000e+00,-8.514103481920155814e-02,9.490415833726852102e-02,1.385239733196383938e-01,-6.693258392758005826e-02,-4.954819459063029147e-02,-1.301724643917881730e-01,-4.637726911616849024e-02,7.267047122861991504e-02,7.589439660757890671e-02,-2.440599526053593427e-01,2.439410731520407216e-01,-1.043229804036238800e-01,-5.106978195465339959e-03,2.539444308481291768e-01,3.219223497179566906e-01,-1.262452103080241028e-01,2.757357427993556986e-01,1.204187970608938674e-01,3.456496959568504113e-01,3.614490533912343984e-01
2.002152747186499576e-02,1.749868722198558504e-02,-1.438637716754900819e-01,1.829673410817292123e-01,7.454852932741230787e-02,-4.177407787494243768e-02,-2.141576227125318102e-02,1.024583477839210582e-01,-1.856553874303455143e-01,-1.613682791535180072e-01,8.037059300318662169e-02,-1.945030383099482507e-01,-1.344100528668039085e-01,-3.187538245311465068e-02,-1.320072561405057354e-01,-1.533930069530629881e-01,4.868764113630925927e-02,5.707511643315268945e-02,-8.514103481920155814e-02,1.000000000000000000e+00,4.082314166137791106e-02,-2.113969265328170116e-02,-5.648888965931244538e-02,-4.198938816447840561e-02,-1.443554012773462167e-02,1.008395418367745849e-01,-1.959827997414802930e-02,-9.475739312898108502e-02,1.066328081616818302e-01,-1.741899864917731411e-01,4.344941569082552690e-02,-1.821334686527893709e-01,-1.303549628288886431e-01,-1.590066124767056666e-01,1.224486933460886690e-01,-1.571013386265723566e-01,-1.202062482829542173e-01,-1.308862544424015673e-01,-2.145644829416221977e-01
1.373044109425387571e-01,-2.677451235092776632e-02,-4.912151742891854994e-02,-3.802387967038618061e-02,8.014639359760925008e-02,6.968236188866753882e-03,7.412352883606143639e-02,7.722862956749149133e-02,-2.934805574887532770e-02,-6.754639986802545015e-02,2.588471926484887109e-01,-7.483311420385815871e-02,-3.124987883096903840e-02,3.955680999330066228e-03,-5.977598083490548442e-02,-6.755425476958980269e-02,4.876412389472845749e-02,1.710938178244129360e-01,9.490415833726852102e-02,4.082314166137791106e-02,1.000000000000000000e+00,3.094154067320309398e-02,-2.953467726852122138e-02,1.181127168725753102e-01,-2.186813262519637230e-02,6.554737078744111989e-02,2.399913561279068408e-02,1.545963561864439895e-01,1.766422451367954949e-01,-9.497719905752037561e-02,1.688152991980557405e-01,-8.632524175344716277e-02,3.094551609356023178e-02,-5.935471495045661211e-02,2.546894690428924135e-01,2.635635952122939406e-03,-1.672813127207987971e-02,5.353813157099148595e-02,-8.940132815193242710e-02
-4.509890953475122477e-01,-9.945170571834240081e-02,7.287194258210246689e-01,-3.010482304767788109e-01,-3.592722768070398254e-01,1.153334547145082184e-01,9.571835400478864372e-03,-6.478647499806146071e-01,1.731428012597131805e-01,5.104218403101400403e-01,-1.819124470724468035e-01,6.720828109203069722e-01,2.416188074973699973e-01,-1.997679156968065195e-01,4.938703085385149349e-01,5.104096617609326092e-01,-4.797078380083055205e-01,-1.965928413667449026e-01,1.385239733196383938e-01,-2.113969265328170116e-02,3.094154067320309398e-02,1.000000000000000000e+00,-4.650068523200764914e-02,-2.127836440990989453e-01,-2.685400616134947516e-01,-6.193955219293663106e-01,-4.169698595579449107e-01,2.718411628935529789e-01,-1.782239187230766908e-01,5.135859247296995500e-01,4.984353605683467664e-02,4.242219555812597465e-01,6.532087679891325216e-01,5.296988500253888565e-01,-3.866148937267745445e-01,2.605342674851061080e-01,5.213891380109092477e-01,8.198944372572143646e-02,5.460598866688984865e-01
2.150400251990170764e-01,3.443681978899825191e-01,4.588612953551311074e-02,5.637171453651961331e-03,5.765032961870451833e-02,2.497157887534809939e-01,1.365301246825410125e-02,-8.476665683450972100e-02,3.463583877811883260e-01,2.811929296111788101e-01,-4.855388164065921330e-02,-4.217335072739051421e-02,-1.218369335802501896e-01,2.993156694638495208e-01,-1.717823683868761053e-01,3.142183405219401982e-01,2.948798422255598517e-01,-8.267708596221162720e-02,-6.693258392758005826e-02,-5.648888965931244538e-02,-2.953467726852122138e-02,-4.650068523200764914e-02,1.000000000000000000e+00,5.258185663510157593e-01,5.893127309934700353e-01,5.924406158049175947e-02,1.115307088502899280e-01,2.414446211222199060e-02,4.075186726575594776e-01,3.466237125905813898e-01,3.019412024540453765e-01,2.678615514532764474e-01,9.160846962146228234e-02,-6.242049544259344052e-02,3.300523817964770568e-02,3.180513284842993449e-01,9.838131313851253279e-02,2.499900277105440161e-01,1.084417158794509922e-01
2.476316737126130485e-01,1.930150450775890425e-01,-1.214628525513812285e-01,-5.351302315688206968e-02,1.092033773990247897e-01,3.275071192512659518e-02,-5.828238652128957253e-02,8.199827377365137560e-02,2.528933682528261562e-01,1.276816152189826359e-01,4.558941447511966755e-02,-1.973272588412408601e-01,-1.240807647898642119e-01,6.001996966056813987e-01,-2.607705698780122816e-01,1.581856167119584933e-01,3.348848827961793950e-01,-6.089738558275235858e-02,-4.954819459063029147e-02,-4.198938816447840561e-02,1.181127168725753102e-01,-2.127836440990989453e-01,5.258185663510157593e-01,1.000000000000000000e+00,4.238665391956530359e-01,1.889355208402471176e-01,1.145550038248930869e-01,3.790763316582944158e-04,4.830565105719011321e-01,7.486946228566716821e-02,2.293662300462571690e-01,4.116116637906409859e-02,-5.812422573054881053e-02,-1.601317204641044822e-01,2.643735924369325363e-01,4.560013287403045373e-02,-7.247886493539137942e-02,2.795253788632335867e-01,-2.754105615841396029e-02
1.842401698098731222e-01,5.115533473588168567e-01,-1.805740049565004168e-01,1.143091638990793579e-01,2.503757853789406185e-01,9.869730952607631835e-02,-9.019776907540519306e-02,1.099944906153863533e-01,2.528530146095804843e-01,6.357086688029404964e-02,5.561375550658286676e-02,-2.303501561950865861e-01,-2.065023812141389969e-01,4.456153352261122969e-01,-2.524789592125926130e-01,1.058835357552348061e-01,3.394818381424802856e-01,-7.086187565619442297e-02,-1.301724643917881730e-01,-1.443554012773462167e-02,-2.186813262519637230e-02,-2.685400616134947516e-01,5.893127309934700353e-01,4.238665391956530359e-01,1.000000000000000000e+00,3.726471772022508788e-01,3.978306913792452604e-01,-1.225252658089642926e-01,1.837515268023676984e-01,9.892809379310471551e-02,1.955636619163405032e-01,1.560226996170559488e-01,-2.143343210990276138e-01,-1.493108187286633082e-01,1.487691673642582146e-01,2.964866130039079950e-01,-7.131116075229096234e-03,1.112111338651306791e-01,-3.624748650123227334e-02
5.206657342987509596e-01,2.526863750929706498e-01,-6.707778719267043499e-01,3.514550418919111241e-01,7.185417339272173187e-01,-2.691346511115736972e-01,8.689995846548709268e-02,5.815788813231025367e-01,-1.543611526619218521e-01,-4.817140620580470101e-01,2.403168602674403687e-01,-6.922114688155599493e-01,-2.374762761606421801e-01,4.035713607581040696e-01,-4.503914586528768305e-01,-4.653644271488305284e-01,5.164050146520859919e-01,3.372064945197900676e-01,-4.637726911616849024e-02,1.008395418367745849e-01,6.554737078744111989e-02,-6.193955219293663106e-01,5.924406158049175947e-02,1.889355208402471176e-01,3.726471772022508788e-01,1.000000000000000000e+00,7.598088249973525832e-01,-2.140931795015521555e-01,9.669162661705139883e-02,-5.278429990574592390e-01,1.340888679171013953e-01,-5.038970554252679701e-01,-6.556368977383092433e-01,-4.413560800265848294e-01,3.547925223185801613e-01,-6.975058575942064132e-02,-6.122625688446490244e-01,-2.007533980042900193e-02,-5.546735590428247820e-01
4.173406930949826732e-01,2.916190506243703240e-01,-4.552524487345484538e-01,3.048424898408323425e-01,7.522062935389023375e-01,-1.671687465020210983e-01,1.951074889869804929e-01,3.912395535589157092e-01,-1.940219186463670864e-02,-2.906957957891623812e-01,1.966054361471911427e-01,-4.648546943751347138e-01,-2.095028857509352027e-01,4.392858923755980638e-01,-3.379610664630147698e-01,-2.931000305375097148e-01,4.248237640355971845e-01,3.253956686823535893e-01,7.267047122861991504e-02,-1.959827997414802930e-02,2.399913561279068408e-02,-4.169698595579449107e-01,1.115307088502899280e-01,1.145550038248930869e-01,3.978306913792452604e-01,7.598088249973525832e-01,1.000000000000000000e+00,-1.712568909830926023e-01,2.766590876796146820e-02,-3.552747838202123254e-01,2.878549398096909018e-01,-3.312193949842889840e-01,-4.466389776610059648e-01,-2.368022090245739120e-01,2.352244419908155193e-01,1.568739006188040463e-01,-5.059436840382732781e-01,5.185570242292239507e-02,-3.149355169787430575e-01
-1.213453846243445211e-01,-2.267222325851909470e-01,2.532070795554043907e-01,-1.684388037429199736e-01,-1.121835388071207584e-01,-7.953241958957829594e-02,2.121361651602333698e-01,-1.983995967319623632e-01,-2.830028278303215600e-02,1.702325609388525007e-01,7.872188750564210191e-02,2.156429418117223606e-01,4.007379388341292259e-01,-7.990601021371465662e-02,9.785282840817778605e-02,1.963311957249439799e-01,-6.891905447390954398e-02,-4.001211593333672129e-02,7.589439660757890671e-02,-9.475739312898108502e-02,1.545963561864439895e-01,2.718411628935529789e-01,2.414446211222199060e-02,3.790763316582944158e-04,-1.225252658089642926e-01,-2.140931795015521555e-01,-1.712568909830926023e-01,1.000000000000000000e+00,1.187835651632349228e-02,1.341997573435652069e-01,1.149446459724919600e-01,9.208747577287529351e-02,2.255713751921548105e-01,1.440425635853256892e-01,-1.030928718508627023e-01,5.420430071735093253e-02,1.567244868775259092e-01,6.080328222157448115e-02,1.392408361720216259e-01
4.703777901082469293e-01,2.205826806007581409e-01,-1.043691507524646955e-01,-1.596734145317614886e-02,1.406899313612451075e-01,3.297307886488075601e-01,3.825987539853027697e-02,9.888159206131656720e-02,2.132730171579748923e-01,-5.337890108028855302e-02,1.968357725177812267e-01,-1.991789411646202046e-01,-3.129539035691331073e-02,2.953901937751075568e-01,-2.338092110843362770e-01,-3.677002543568741455e-02,2.979174008737083268e-01,-6.738274535126730080e-02,-2.440599526053593427e-01,1.066328081616818302e-01,1.766422451367954949e-01,-1.782239187230766908e-01,4.075186726575594776e-01,4.830565105719011321e-01,1.837515268023676984e-01,9.669162661705139883e-02,2.766590876796146820e-02,1.187835651632349228e-02,1.000000000000000000e+00,2.248400133399240317e-02,4.761744705169274061e-01,5.181035561611090773e-02,1.380742308862774499e-02,-1.712553668115527616e-01,4.448371455051627343e-01,-5.733920795232081563e-02,-1.211107762683830413e-01,1.482749845285002976e-01,-1.269955925346026027e-01
-3.473361315631628976e-01,1.126669455455529961e-01,6.260797739235022252e-01,-4.075500566837306771e-01,-3.043811046414265920e-01,2.179996190352047336e-01,-1.901011429221220184e-01,-5.905495557189215372e-01,6.124667749383905235e-01,7.354311301395289879e-01,-3.415354666272883422e-01,6.528422901862304117e-01,1.946410171126894406e-01,1.063835206826859239e-02,4.170688352144379385e-01,7.179874424095765706e-01,-4.245781829204788860e-01,-1.669750003527172011e-01,2.439410731520407216e-01,-1.741899864917731411e-01,-9.497719905752037561e-02,5.135859247296995500e-01,3.466237125905813898e-01,7.486946228566716821e-02,9.892809379310471551e-02,-5.278429990574592390e-01,-3.552747838202123254e-01,1.341997573435652069e-01,2.248400133399240317e-02,1.000000000000000000e+00,8.218625814220016645e-02,5.679085625997402076e-01,6.490317298770786891e-01,5.407126254373593177e-01,-3.332343375615791636e-01,4.696080093728299820e-01,5.394203206340850709e-01,4.234892889162652496e-01,6.944605318904754077e-01
2.813410965088238291e-01,2.688091073926945906e-01,2.013842539652058866e-02,-1.293340059794296781e-01,3.098138844903897682e-01,1.170431659082183107e-01,2.707414691135969220e-01,-3.762031930060543566e-02,1.788207430400577669e-01,3.898793442637155104e-02,1.346681029055174783e-01,-7.270692872151245101e-02,6.721862139939334402e-02,2.459173195053805938e-01,-2.417079781757901502e-01,4.975037462952033168e-02,1.897544288426102344e-01,2.208378590773057201e-03,-1.043229804036238800e-01,4.344941569082552690e-02,1.688152991980557405e-01,4.984353605683467664e-02,3.019412024540453765e-01,2.293662300462571690e-01,1.955636619163405032e-01,1.340888679171013953e-01,2.878549398096909018e-01,1.149446459724919600e-01,4.761744705169274061e-01,8.218625814220016645e-02,1.000000000000000000e+00,-2.215633631026764101e-03,1.440052272418874402e-01,-2.708669132951332589e-02,2.254667300942188313e-01,1.073896817704033668e-01,-1.849404177177809139e-01,1.054213828725764357e-01,-5.626930786077187496e-02
-2.533877952574085102e-01,3.169816863940637108e-01,6.225506886770407755e-01,-2.308240786284674606e-01,-4.104099818130446109e-01,4.245384101888435846e-01,-3.171389915449792651e-01,-5.930957831378506073e-01,4.007984247273168044e-01,4.915512530872021557e-01,-3.817802655923022148e-01,5.609928964611894386e-01,5.461422929371146512e-02,-2.495264727769989574e-02,3.869191084221260124e-01,5.319029563547992279e-01,-2.895064504174599818e-01,-4.125043954719812000e-01,-5.106978195465339959e-03,-1.821334686527893709e-01,-8.632524175344716277e-02,4.242219555812597465e-01,2.678615514532764474e-01,4.116116637906409859e-02,1.560226996170559488e-01,-5.038970554252679701e-01,-3.312193949842889840e-01,9.208747577287529351e-02,5.181035561611090773e-02,5.679085625997402076e-01,-2.215633631026764101e-03,1.000000000000000000e+00,4.265742920443434394e-01,3.897542848769062207e-01,-2.728591938122382210e-01,3.602224872787715415e-01,7.541851242875631245e-01,2.046587594120409248e-01,6.186317683432658310e-01
-3.866299892100468760e-01,-1.270109554535213126e-01,7.350388135258043576e-01,-4.634793202731689044e-01,-2.909943426366765062e-01,7.453133972519826456e-02,-4.189201161837772386e-02,-6.397930329662919746e-01,4.056536865759842736e-01,6.483472636034869341e-01,-1.587194074233657937e-01,7.479933779227188051e-01,1.899960764984818251e-01,-1.070241763410197389e-01,4.682432848820839433e-01,5.809836313278874398e-01,-5.416504291244629288e-01,-9.439690368298392364e-02,2.539444308481291768e-01,-1.303549628288886431e-01,3.094551609356023178e-02,6.532087679891325216e-01,9.160846962146228234e-02,-5.812422573054881053e-02,-2.143343210990276138e-01,-6.556368977383092433e-01,-4.466389776610059648e-01,2.255713751921548105e-01,1.380742308862774499e-02,6.490317298770786891e-01,1.440052272418874402e-01,4.265742920443434394e-01,1.000000000000000000e+00,6.716210638842542435e-01,-2.633220305002724748e-01,3.197583623462878499e-01,5.053052796893210408e-01,2.905739844218349632e-01,6.699577970932463211e-01
-4.065348855903925251e-01,-1.330600495057072674e-01,6.365342916887464231e-01,-4.753039576929344312e-01,-4.726007021461218344e-02,-1.244462695566295705e-02,-2.480426790417661898e-01,-5.569874550228490762e-01,4.547584834040060420e-01,5.526779297831655446e-01,-1.463522551377060832e-01,7.163652010017860228e-01,9.497769078789558561e-02,-1.416404118400425979e-04,6.510025904020212417e-01,4.920370871290954962e-01,-5.195128024734199101e-01,-7.980105478819471410e-02,3.219223497179566906e-01,-1.590066124767056666e-01,-5.935471495045661211e-02,5.296988500253888565e-01,-6.242049544259344052e-02,-1.601317204641044822e-01,-1.493108187286633082e-01,-4.413560800265848294e-01,-2.368022090245739120e-01,1.440425635853256892e-01,-1.712553668115527616e-01,5.407126254373593177e-01,-2.708669132951332589e-02,3.897542848769062207e-01,6.716210638842542435e-01,1.000000000000000000e+00,-3.676417389007430869e-01,3.393984212632899511e-01,4.340864049061936569e-01,3.200858781766854344e-01,6.446360736589009655e-01
4.449525615756748098e-01,5.283486888224916272e-02,-3.979114529457338234e-01,1.608847733629259757e-01,2.566658565799930236e-01,-8.409311886399814528e-02,9.401600432436089949e-02,3.760133283069211352e-01,-1.158483347364567262e-01,-3.083085078669791645e-01,2.302891417553515896e-01,-4.379718936591976974e-01,-4.268401084934796835e-02,2.008485441626120527e-01,-3.603068913792289441e-01,-3.129489916837822627e-01,2.792038380306897660e-01,1.481395347801726381e-01,-1.262452103080241028e-01,1.224486933460886690e-01,2.546894690428924135e-01,-3.866148937267745445e-01,3.300523817964770568e-02,2.643735924369325363e-01,1.487691673642582146e-01,3.547925223185801613e-01,2.352244419908155193e-01,-1.030928718508627023e-01,4.448371455051627343e-01,-3.332343375615791636e-01,2.254667300942188313e-01,-2.728591938122382210e-01,-2.633220305002724748e-01,-3.676417389007430869e-01,1.000000000000000000e+00,-1.853731092257333291e-01,-2.396939052253155011e-01,2.844410705126068119e-03,-4.009274891581625089e-01
-8.242254543754798379e-02,3.159872607355622698e-01,3.972930020514275906e-01,-1.842307034265060484e-01,1.300464678096468762e-01,1.614430775113819549e-01,-8.824935639048607505e-02,-4.364654560043690346e-01,4.395285621307646884e-01,5.386291736767678806e-01,-1.644110181647319424e-01,4.138663118785868567e-01,-9.870347328166167652e-03,3.128502273963025271e-01,2.199452894113361201e-01,5.217029962251901187e-01,-1.362679344380072211e-01,4.586692346509441132e-02,2.757357427993556986e-01,-1.571013386265723566e-01,2.635635952122939406e-03,2.605342674851061080e-01,3.180513284842993449e-01,4.560013287403045373e-02,2.964866130039079950e-01,-6.975058575942064132e-02,1.568739006188040463e-01,5.420430071735093253e-02,-5.733920795232081563e-02,4.696080093728299820e-01,1.073896817704033668e-01,3.602224872787715415e-01,3.197583623462878499e-01,3.393984212632899511e-01,-1.853731092257333291e-01,1.000000000000000000e+00,3.156126305932874798e-01,4.759546023969248307e-01,5.283623427514176907e-01
-4.269986727570487806e-01,8.975911506412202756e-02,6.965722964257882177e-01,-2.788358451585259967e-01,-5.487833426387357383e-01,3.017365573841468973e-01,-3.414386075641169804e-01,-6.302460124933330077e-01,2.827749384956333434e-01,5.246729629190851618e-01,-4.114391145675100336e-01,6.499806640981730110e-01,4.571960056290499258e-02,-1.573589022291685402e-01,4.629808867785986659e-01,5.475981252432212676e-01,-4.723007139142927358e-01,-3.283868970159961043e-01,1.204187970608938674e-01,-1.202062482829542173e-01,-1.672813127207987971e-02,5.213891380109092477e-01,9.838131313851253279e-02,-7.247886493539137942e-02,-7.131116075229096234e-03,-6.122625688446490244e-01,-5.059436840382732781e-01,1.567244868775259092e-01,-1.211107762683830413e-01,5.394203206340850709e-01,-1.849404177177809139e-01,7.541851242875631245e-01,5.053052796893210408e-01,4.340864049061936569e-01,-2.396939052253155011e-01,3.156126305932874798e-01,1.000000000000000000e+00,1.911591494016616211e-01,6.556489764133844877e-01
2.014340979541321547e-02,1.308730497579652652e-01,2.743201841312221112e-01,-2.694152186297911200e-01,1.467903766746088690e-01,7.134241773755030380e-02,-4.597067799667685362e-02,-2.655846133693302580e-01,5.406448691780886273e-01,5.640647038213629783e-01,-1.333042447136999764e-01,3.582996017564005764e-01,3.525591310287132588e-03,3.532099908448465553e-01,2.633806236416458835e-01,5.568075931846865334e-01,-1.676460501006493409e-01,6.806164493149781392e-02,3.456496959568504113e-01,-1.308862544424015673e-01,5.353813157099148595e-02,8.198944372572143646e-02,2.499900277105440161e-01,2.795253788632335867e-01,1.112111338651306791e-01,-2.007533980042900193e-02,5.185570242292239507e-02,6.080328222157448115e-02,1.482749845285002976e-01,4.234892889162652496e-01,1.054213828725764357e-01,2.046587594120409248e-01,2.905739844218349632e-01,3.200858781766854344e-01,2.844410705126068119e-03,4.759546023969248307e-01,1.911591494016616211e-01,1.000000000000000000e+00,5.003536214669623838e-01
-4.455838796068476992e-01,8.276367762857858579e-02,7.375828239903460259e-01,-3.862119724942529864e-01,-2.940305415797468402e-01,2.692827457023665438e-01,-2.281785566856266434e-01,-6.913283716565079562e-01,5.590715850376254403e-01,7.232586761912590534e-01,-3.471971115135294439e-01,8.029974385733968933e-01,5.863077542586474233e-02,2.910658938766260903e-02,5.650873625743644268e-01,6.990765869882525907e-01,-5.044622093582729061e-01,-1.193632089745204766e-01,3.614490533912343984e-01,-2.145644829416221977e-01,-8.940132815193242710e-02,5.460598866688984865e-01,1.084417158794509922e-01,-2.754105615841396029e-02,-3.624748650123227334e-02,-5.546735590428247820e-01,-3.149355169787430575e-01,1.392408361720216259e-01,-1.269955925346026027e-01,6.944605318904754077e-01,-5.626930786077187496e-02,6.186317683432658310e-01,6.699577970932463211e-01,6.446360736589009655e-01,-4.009274891581625089e-01,5.283623427514176907e-01,6.556489764133844877e-01,5.003536214669623838e-01,1.000000000000000000e+00
