1.000000000000000000e+00,8.709467105633281747e-01,6.543126943882149327e-01,-5.549296568213777509e-02,7.018646527796603696e-01,5.145381670037863647e-02,-2.031137938106954144e-01,-1.233284653778591311e-01,7.745681608857800660e-01,8.206532241201633937e-01,6.131032173995347723e-01,6.108143296583282700e-01,-5.739986013972760981e-01,7.228405268748956392e-01,5.022458306994913579e-01,8.463241082919508163e-01,7.101936383351173943e-01,5.606145288092416745e-01,6.623064686089509268e-01,2.304986308524374639e-02,2.424228984203278814e-01,2.192110787649014791e-01,4.398900120034955341e-01,9.810841707592699024e-02,5.797694686999190772e-01,6.111177693631817398e-01,7.969807465576871364e-01,7.028684264774596180e-01,4.697428501283644198e-01,7.668569908605898933e-01,6.532568155666576004e-01,4.864300204246661541e-01,3.844974903701786628e-01,6.959953304987002154e-01,3.587339027512159023e-02,7.012501273103108890e-01,1.601226837491845634e-01,8.440450800298022749e-01,8.270802033876437642e-01
8.709467105633281747e-01,1.000000000000000000e+00,6.975369459552590579e-01,2.137810523585488565e-02,6.834902795868095238e-01,-3.592323858783894736e-02,-1.919296199096550970e-01,-7.682978787801035547e-02,6.614561955371238700e-01,8.201395018784823909e-01,5.619672887847935172e-01,5.782929202011874992e-01,-5.844344077764086487e-01,7.007408974718807304e-01,4.462470572463115848e-01,8.284382246379830006e-01,6.219844129314966441e-01,5.204709720938628381e-01,6.416576781150057363e-01,1.212298246034194671e-01,2.511681989800835235e-01,3.145023045919810301e-01,4.399707946711409745e-01,1.636773231721738373e-02,6.255531987173017505e-01,5.201861921348684970e-01,7.484746448863049961e-01,7.369599440623697539e-01,3.939432141265328258e-01,7.669302198068256304e-01,6.543096518737757661e-01,4.362407913958282757e-01,4.231850880310198404e-01,6.398941767042402029e-01,2.849898824686989546e-02,7.405071103958241752e-01,1.635286344758803134e-01,7.195646235913378819e-01,7.599895095556531421e-01
6.543126943882149327e-01,6.975369459552590579e-01,1.000000000000000000e+00,1.348319696228902631e-01,6.061706638854055251e-01,-1.834657541707111206e-01,-2.336397853876801545e-01,-2.768647473048312276e-03,6.869611878243744307e-01,7.024117829972439386e-01,5.894074897243907207e-01,6.906166670419716658e-01,-5.730419331047786891e-01,7.251722080346382215e-01,6.031420154038377168e-01,7.431110823217039751e-01,6.503508874554243535e-01,6.647148417856219016e-01,8.045821146693113990e-01,1.629925297142222895e-01,3.026079520142579971e-01,1.998801663623248071e-01,3.781841489590485605e-01,-6.108743333225770400e-02,5.667751816616501959e-01,7.048647892424609873e-01,7.754753857977186859e-01,9.216517476556617128e-01,3.229896624471942368e-01,6.302055409548871223e-01,6.822390363544182934e-01,2.260387803469471601e-01,6.872442210746163571e-01,6.418626056611296260e-01,1.213429332546309553e-01,7.299347081064043730e-01,8.850726575217936209e-02,6.230322890636783573e-01,6.452557153747485730e-01
-5.549296568213777509e-02,2.137810523585488565e-02,1.348319696228902631e-01,1.000000000000000000e+00,-2.276191816711660085e-02,-4.207794294199777574e-01,1.749322565253267348e-01,5.541506104934491583e-01,-1.256959192712806817e-01,5.932279113085261318e-02,-1.368787853297685764e-01,3.934840643425168705e-01,-2.144169884042500251e-01,-8.142556112928982237e-02,3.395442494403377309e-01,9.687034633044575016e-02,-2.023515798837302593e-01,3.332992661182596072e-01,1.863790523974208635e-01,5.994439961892140678e-01,-2.501315682643568961e-01,1.448759039044648367e-01,-3.716798821025181221e-01,-3.818031169859873453e-01,-2.120204819793720108e-01,7.202044394622124368e-02,-1.127569673302120101e-02,2.015547296174527436e-01,-3.076520125591235555e-01,-4.780106248614739844e-02,-2.569246840526993036e-01,-3.099915758060519111e-01,3.778824901466924513e-01,-1.043435054432365477e-01,-1.729123011462491977e-01,-3.759204598239813261e-02,-1.474409512219229113e-01,9.815061603803208745e-02,6.177392578256302863e-02
7.018646527796603696e-01,6.834902795868095238e-01,6.061706638854055251e-01,-2.276191816711660085e-02,1.000000000000000000e+00,2.024618081055575836e-01,1.077661946821632244e-01,-3.460443111651345105e-01,6.886949413882847981e-01,7.228067719468738161e-01,4.331733080915029510e-01,4.285631708355511216e-01,-4.327504582638267983e-01,6.671210861735394904e-01,2.647989214472986630e-01,6.578747033795255827e-01,6.010489931548996800e-01,5.694919956855865051e-01,7.249759865695211136e-01,-1.531212738682317109e-01,3.588263880457675525e-01,1.583535340752452170e-01,5.441354156298796596e-01,2.787951368254240614e-01,6.658467654211792652e-01,4.926537799999107237e-01,6.795977250301030725e-01,6.169080833409661402e-01,4.840712043962100419e-01,7.411354807194497907e-01,6.410758020181710481e-01,5.391643638003499328e-01,1.920187617441997119e-01,7.743984998918456153e-01,2.058541241424286239e-01,6.172426373660051535e-01,2.687627936945321538e-01,5.827967491128727140e-01,6.191570881336549981e-01
5.145381670037863647e-02,-3.592323858783894736e-02,-1.834657541707111206e-01,-4.207794294199777574e-01,2.024618081055575836e-01,1.000000000000000000e+00,5.863941421869655057e-01,-7.568155334802485479e-01,1.923729623512334397e-01,1.140145347168906170e-01,-1.419547131901291726e-01,-4.002908748701973773e-01,3.077489692103088648e-01,7.729885898568814029e-02,-4.614393177489507503e-01,-3.480747730953549779e-02,3.100163581143803443e-02,2.765781362029211266e-02,-2.455383918796054388e-02,-6.859955991690107613e-01,6.399196649479746979e-01,6.778612628614197333e-02,6.361673505419935815e-01,7.986723608143032616e-01,4.545752448040867866e-01,1.896063194722259412e-02,4.708441280028460157e-02,-2.494435168382310164e-01,6.518610054488105376e-01,2.357546943346086055e-01,3.300381141348628922e-01,7.815384675159161576e-01,-6.008189250817431715e-01,3.179993709079840802e-01,5.992302016819274213e-01,1.868086604501388026e-01,6.648394715999033089e-01,-6.279155398793929976e-02,-4.415112904416169937e-02
-2.031137938106954144e-01,-1.919296199096550970e-01,-2.336397853876801545e-01,1.749322565253267348e-01,1.077661946821632244e-01,5.863941421869655057e-01,1.000000000000000000e+00,-4.357208628813687423e-01,-7.776612977803958049e-02,-4.811292257608030393e-02,-4.194835811419312388e-01,-3.454936851782464680e-01,3.267495064342059718e-01,-1.326443483661864930e-01,-4.354986773850744175e-01,-1.465826920967217006e-01,-2.450234861110511531e-01,1.548114416218679054e-02,-7.788945207627073763e-02,-2.990348727515074745e-01,4.088086337135193316e-01,1.810368288979045115e-01,2.634611604979547606e-01,5.761880272885662180e-01,1.567180035801010174e-01,-1.052171423532872602e-01,-1.635829212761323315e-01,-2.570146012325943974e-01,2.819840861208922078e-01,3.687862255624176078e-02,7.730286635604788348e-02,4.085928002888966626e-01,-5.161770814211554814e-01,1.467352439892158633e-01,4.488665003157668587e-01,3.229954674489413785e-02,4.458723122344013245e-01,-2.171000564811445821e-01,-2.418257243399049849e-01
-1.233284653778591311e-01,-7.682978787801035547e-02,-2.768647473048312276e-03,5.541506104934491583e-01,-3.460443111651345105e-01,-7.568155334802485479e-01,-4.357208628813687423e-01,1.000000000000000000e+00,-3.133193293546287506e-01,-1.518306773697629675e-01,-3.038639636392132665e-02,4.071751004559972520e-01,-1.037156923577724627e-01,-1.764261214192466565e-01,5.006688165656870693e-01,-4.740200919153103598e-02,-2.222882075546227798e-01,5.499139158908401825e-02,-5.256710266556528094e-02,7.847228230210091526e-01,-6.635070731130154886e-01,-2.122274206953613917e-03,-6.945916869333872423e-01,-8.040124947733335858e-01,-5.583516400479541231e-01,4.082595396626042400e-02,-1.722669596878518838e-01,7.220986476094304329e-02,-4.947997824006582501e-01,-3.141722305359623824e-01,-5.343296751958573898e-01,-6.786187936621764782e-01,5.946360068230603924e-01,-4.859940844597854248e-01,-3.572038075842988158e-01,-3.071317258783382576e-01,-4.301888646279305450e-01,2.785380227447170620e-02,-3.934140948154451339e-02
7.745681608857800660e-01,6.614561955371238700e-01,6.869611878243744307e-01,-1.256959192712806817e-01,6.886949413882847981e-01,1.923729623512334397e-01,-7.776612977803958049e-02,-3.133193293546287506e-01,1.000000000000000000e+00,7.745123464237249067e-01,5.630045942099630718e-01,5.919751484873390091e-01,-4.789437909849745267e-01,7.167728740132723875e-01,4.547383154742092315e-01,8.152264893091126785e-01,7.187991163519659166e-01,6.008859807484039361e-01,7.016615806849638703e-01,-1.736332077611830171e-01,3.851576484921576116e-01,1.372157955908502036e-01,6.050361333631386618e-01,2.973020561724099009e-01,6.829060788449689001e-01,6.854013397696646637e-01,8.690253648674436393e-01,6.944625319817013809e-01,4.986909677973627164e-01,7.687608874399245451e-01,7.219904558011038809e-01,5.423267262965523194e-01,3.222510252548319021e-01,8.133544929023477366e-01,1.636876492630736923e-01,7.019467818811951920e-01,1.726494144364298655e-01,7.464650129225562925e-01,7.770123515076968745e-01
8.206532241201633937e-01,8.201395018784823909e-01,7.024117829972439386e-01,5.932279113085261318e-02,7.228067719468738161e-01,1.140145347168906170e-01,-4.811292257608030393e-02,-1.518306773697629675e-01,7.745123464237249067e-01,1.000000000000000000e+00,5.219430184882869472e-01,6.129275684373014510e-01,-4.244267932618107086e-01,7.766050038839785730e-01,4.561961957917371469e-01,8.773107366003830565e-01,6.630799538888160205e-01,6.740411273883315513e-01,7.232391939888171972e-01,7.678934966663815941e-03,3.344174736749317423e-01,2.204275677700232583e-01,5.796346270155314784e-01,1.854234288675160325e-01,7.192183340111509837e-01,6.859883394986706628e-01,7.919479498441912568e-01,7.304878758471871070e-01,5.719416473262846079e-01,8.745212218424204265e-01,6.602029271046740977e-01,5.248494335831092039e-01,4.004383372132392926e-01,6.933956959568885470e-01,2.514268291110403619e-01,7.261651819473777802e-01,2.886525633527285972e-01,7.049938580643669850e-01,7.159079346021260948e-01
6.131032173995347723e-01,5.619672887847935172e-01,5.894074897243907207e-01,-1.368787853297685764e-01,4.331733080915029510e-01,-1.419547131901291726e-01,-4.194835811419312388e-01,-3.038639636392132665e-02,5.630045942099630718e-01,5.219430184882869472e-01,1.000000000000000000e+00,4.046541952101356809e-01,-3.262110428965968034e-01,6.414737971293332786e-01,4.562785632805019809e-01,5.570102005872820117e-01,8.010810629465832111e-01,2.380735134567558975e-01,4.337890242050831402e-01,3.071252522878441943e-02,1.052976060946429933e-02,-1.866910198163471146e-01,2.927871503021957089e-01,-5.501823091324118536e-02,4.019494762065541349e-01,5.542864781759369031e-01,5.547939477659057372e-01,5.800691230820447242e-01,2.997942509084353113e-01,4.938207541934455658e-01,4.602362711876298862e-01,1.325087222382760055e-01,4.303545730311577611e-01,3.471980630832771086e-01,-4.684313598656660721e-02,6.135408873388069617e-01,-1.098815020249121061e-01,6.452049502314166629e-01,6.193214135381760466e-01
6.108143296583282700e-01,5.782929202011874992e-01,6.906166670419716658e-01,3.934840643425168705e-01,4.285631708355511216e-01,-4.002908748701973773e-01,-3.454936851782464680e-01,4.071751004559972520e-01,5.919751484873390091e-01,6.129275684373014510e-01,4.046541952101356809e-01,1.000000000000000000e+00,-5.879816442217106198e-01,5.291138588594495040e-01,8.072599488445122429e-01,7.163453059200795003e-01,4.159962478959371990e-01,6.988096851910582386e-01,7.049216942258803575e-01,4.306786909403403363e-01,-1.070500164823010025e-01,2.008091740471019127e-01,2.985902926053813494e-02,-3.464536552665648528e-01,2.398831473214788623e-01,6.076864956196367240e-01,6.787672828551833959e-01,7.362301131988503444e-01,6.343704193570288974e-02,5.086698421834513484e-01,2.885890586178629369e-01,1.177245964275228096e-02,7.505950224272037730e-01,4.471189086303510307e-01,-1.145722148856578720e-01,4.208473526827778977e-01,-1.114494923555376382e-01,6.779784321277432246e-01,7.038248575317839206e-01
-5.739986013972760981e-01,-5.844344077764086487e-01,-5.730419331047786891e-01,-2.144169884042500251e-01,-4.327504582638267983e-01,3.077489692103088648e-01,3.267495064342059718e-01,-1.037156923577724627e-01,-4.789437909849745267e-01,-4.244267932618107086e-01,-3.262110428965968034e-01,-5.879816442217106198e-01,1.000000000000000000e+00,-3.091732262774637419e-01,-4.545635893198721189e-01,-5.195281386509570387e-01,-3.627761239404774796e-01,-5.452023866132655883e-01,-6.041545557495201502e-01,-2.744482040366761355e-01,-7.525687209421147439e-02,-2.779065671271456761e-01,-4.743371143299857096e-02,1.883889667702804138e-01,-2.512188413725263136e-01,-1.853461938933889941e-01,-5.900473631444872469e-01,-6.168680479514691006e-01,1.128328644362588812e-01,-3.533492618065570690e-01,-3.983124163065415724e-01,-7.648225080856628499e-02,-4.338941803274142806e-01,-5.364508405289000192e-01,4.372792904381631041e-01,-3.764294872659068036e-01,2.365524940803406251e-01,-5.572326212045605187e-01,-6.616462720187110680e-01
7.228405268748956392e-01,7.007408974718807304e-01,7.251722080346382215e-01,-8.142556112928982237e-02,6.671210861735394904e-01,7.729885898568814029e-02,-1.326443483661864930e-01,-1.764261214192466565e-01,7.167728740132723875e-01,7.766050038839785730e-01,6.414737971293332786e-01,5.291138588594495040e-01,-3.091732262774637419e-01,1.000000000000000000e+00,5.260420125965137306e-01,7.391005388103276674e-01,7.579343584012241397e-01,5.124757450088829325e-01,6.623942445150315939e-01,-1.248301959852718412e-01,2.923984175366310945e-01,-9.767149202851352352e-02,5.580222112999714268e-01,2.282042264294684153e-01,6.498923470443124240e-01,7.273993913032514858e-01,7.302932666902199887e-01,7.296824497030480750e-01,5.959635781184389192e-01,7.514562932377273352e-01,6.808605670220643225e-01,4.709758910399701182e-01,4.600942052755809253e-01,6.088049954503866878e-01,3.786224078585597730e-01,7.383834019805249893e-01,3.525945790570225724e-01,6.899580179666525703e-01,6.342296335835868604e-01
5.022458306994913579e-01,4.462470572463115848e-01,6.031420154038377168e-01,3.395442494403377309e-01,2.647989214472986630e-01,-4.614393177489507503e-01,-4.354986773850744175e-01,5.006688165656870693e-01,4.547383154742092315e-01,4.561961957917371469e-01,4.562785632805019809e-01,8.072599488445122429e-01,-4.545635893198721189e-01,5.260420125965137306e-01,1.000000000000000000e+00,5.630652573840312369e-01,4.209614122615715215e-01,5.175827034726543374e-01,5.740484771897351735e-01,4.068154710838584043e-01,-2.156229519279383722e-01,-1.235138818465920420e-02,-9.938884043476320374e-02,-4.000979383583730953e-01,7.937885553245994930e-02,6.187659789965324064e-01,5.467240390957893714e-01,6.540215455390767652e-01,5.781585582649262367e-02,3.200483782723771431e-01,2.223101043981063341e-01,-1.145299111481178911e-01,7.990115160982705911e-01,2.560087117493306530e-01,-5.639748862295844434e-02,3.561965784479579900e-01,-1.185705494900821250e-01,6.578253209624773667e-01,5.831334062310414845e-01
8.463241082919508163e-01,8.284382246379830006e-01,7.431110823217039751e-01,9.687034633044575016e-02,6.578747033795255827e-01,-3.480747730953549779e-02,-1.465826920967217006e-01,-4.740200919153103598e-02,8.152264893091126785e-01,8.773107366003830565e-01,5.570102005872820117e-01,7.163453059200795003e-01,-5.195281386509570387e-01,7.391005388103276674e-01,5.630652573840312369e-01,1.000000000000000000e+00,6.620051781287850101e-01,6.257293953639889716e-01,7.027655016531445531e-01,1.105187579945863668e-01,2.371728815075103691e-01,2.353221237904244423e-01,4.847265963630234542e-01,4.945312815123947131e-02,6.399577835037250084e-01,7.091636358096172765e-01,8.309668574989756973e-01,7.780535065991763810e-01,4.140651550902038625e-01,8.139680592385558633e-01,6.360688492174985109e-01,4.106357310865015875e-01,4.834425758398708250e-01,6.782615319386123831e-01,9.273675284069123059e-02,7.317810020035815377e-01,1.503663206894644000e-01,7.799648216217157648e-01,7.806302923782347802e-01
7.101936383351173943e-01,6.219844129314966441e-01,6.503508874554243535e-01,-2.023515798837302593e-01,6.010489931548996800e-01,3.100163581143803443e-02,-2.450234861110511531e-01,-2.222882075546227798e-01,7.187991163519659166e-01,6.630799538888160205e-01,8.010810629465832111e-01,4.159962478959371990e-01,-3.627761239404774796e-01,7.579343584012241397e-01,4.209614122615715215e-01,6.620051781287850101e-01,1.000000000000000000e+00,4.125148160367717587e-01,5.587755027340561842e-01,-1.288664498214996679e-01,2.205413619411597803e-01,-1.131809966380521865e-01,4.972667496864275893e-01,1.688440180566608273e-01,5.915859124910393119e-01,6.321950233865997193e-01,6.523703340312123622e-01,6.398294260959191959e-01,4.819051496630312736e-01,6.392693813668475222e-01,6.550708947924910319e-01,3.436611108858944608e-01,3.851603305619856754e-01,5.616234934631577635e-01,1.281091555234986912e-01,6.688964075275732890e-01,7.078675889365725060e-02,7.241131405698238988e-01,6.537295632283383062e-01
5.606145288092416745e-01,5.204709720938628381e-01,6.647148417856219016e-01,3.332992661182596072e-01,5.694919956855865051e-01,2.765781362029211266e-02,1.548114416218679054e-02,5.499139158908401825e-02,6.008859807484039361e-01,6.740411273883315513e-01,2.380735134567558975e-01,6.988096851910582386e-01,-5.452023866132655883e-01,5.124757450088829325e-01,5.175827034726543374e-01,6.257293953639889716e-01,4.125148160367717587e-01,1.000000000000000000e+00,8.355371587625040064e-01,1.617277581397455477e-01,3.327605963993195970e-01,3.330822062975492548e-01,3.050774672182003933e-01,1.172425312679452672e-02,4.525756611128460283e-01,5.916011058364895048e-01,6.488333277243857333e-01,6.759505244797423540e-01,3.906533539594947424e-01,5.803601591709020013e-01,4.268169793464421935e-01,3.576885723949684293e-01,5.279030652822902514e-01,6.041947110110075236e-01,2.007624132092611924e-01,4.257131608425012703e-01,2.365595406590571270e-01,5.492099587524579274e-01,5.614861647882557483e-01
6.623064686089509268e-01,6.416576781150057363e-01,8.045821146693113990e-01,1.863790523974208635e-01,7.249759865695211136e-01,-2.455383918796054388e-02,-7.788945207627073763e-02,-5.256710266556528094e-02,7.016615806849638703e-01,7.232391939888171972e-01,4.337890242050831402e-01,7.049216942258803575e-01,-6.041545557495201502e-01,6.623942445150315939e-01,5.740484771897351735e-01,7.027655016531445531e-01,5.587755027340561842e-01,8.355371587625040064e-01,1.000000000000000000e+00,9.418649076528663733e-02,3.137720887162928074e-01,2.708572615619446178e-01,3.700964155403401734e-01,3.218752529399051404e-02,5.441343532334472766e-01,6.623351870830969101e-01,7.676333634705181375e-01,8.017841316213978331e-01,3.991598974972670466e-01,6.569739040439451783e-01,6.185918311666332992e-01,3.461213740082071944e-01,5.475138478712030521e-01,7.346310158829481018e-01,1.655550775792656304e-01,5.808173937646351481e-01,1.980930446044263937e-01,6.375100429953941550e-01,6.568510015147360770e-01
2.304986308524374639e-02,1.212298246034194671e-01,1.629925297142222895e-01,5.994439961892140678e-01,-1.531212738682317109e-01,-6.859955991690107613e-01,-2.990348727515074745e-01,7.847228230210091526e-01,-1.736332077611830171e-01,7.678934966663815941e-03,3.071252522878441943e-02,4.306786909403403363e-01,-2.744482040366761355e-01,-1.248301959852718412e-01,4.068154710838584043e-01,1.105187579945863668e-01,-1.288664498214996679e-01,1.617277581397455477e-01,9.418649076528663733e-02,1.000000000000000000e+00,-4.449724373071804462e-01,3.041881191515118932e-01,-5.276243912860887342e-01,-7.003444541814388691e-01,-3.449621345062272026e-01,1.100896652815224336e-01,-1.628694839726982369e-02,2.396771563683546269e-01,-4.250861047685953742e-01,-1.620730297449985147e-01,-3.288741253209039317e-01,-5.432473955795179554e-01,5.722306480853305288e-01,-2.786607640389135443e-01,-3.632557111395018357e-01,-1.071686765093460419e-01,-3.818960777592295686e-01,1.059177584720008836e-01,6.364977078188863158e-02
2.424228984203278814e-01,2.511681989800835235e-01,3.026079520142579971e-01,-2.501315682643568961e-01,3.588263880457675525e-01,6.399196649479746979e-01,4.088086337135193316e-01,-6.635070731130154886e-01,3.851576484921576116e-01,3.344174736749317423e-01,1.052976060946429933e-02,-1.070500164823010025e-01,-7.525687209421147439e-02,2.923984175366310945e-01,-2.156229519279383722e-01,2.371728815075103691e-01,2.205413619411597803e-01,3.327605963993195970e-01,3.137720887162928074e-01,-4.449724373071804462e-01,1.000000000000000000e+00,3.698671606600072992e-01,6.620096183998150918e-01,6.089785361284961729e-01,6.071550439957226208e-01,2.750095500133659110e-01,3.838716097679209516e-01,2.409947726578109684e-01,6.320089875144225822e-01,3.834729987274961283e-01,6.346044214743530310e-01,7.087499685058081811e-01,-1.596647913660994567e-01,5.440646718202206689e-01,5.271797601142085288e-01,3.914975308718336433e-01,5.986004388565998591e-01,9.091506507203656051e-02,1.390411707853478618e-01
2.192110787649014791e-01,3.145023045919810301e-01,1.998801663623248071e-01,1.448759039044648367e-01,1.583535340752452170e-01,6.778612628614197333e-02,1.810368288979045115e-01,-2.122274206953613917e-03,1.372157955908502036e-01,2.204275677700232583e-01,-1.866910198163471146e-01,2.008091740471019127e-01,-2.779065671271456761e-01,-9.767149202851352352e-02,-1.235138818465920420e-02,2.353221237904244423e-01,-1.131809966380521865e-01,3.330822062975492548e-01,2.708572615619446178e-01,3.041881191515118932e-01,3.698671606600072992e-01,1.000000000000000000e+00,5.327587276162552149e-02,-4.435108905449400285e-02,1.355889810519190497e-01,1.145827823400516060e-01,2.478398686554909303e-01,2.237230279545928679e-01,1.030045093677235540e-01,1.858428814335251478e-01,2.272471319115265675e-01,1.908218855328763230e-01,8.507485815883973623e-02,2.957426107334740206e-01,2.072280300961956701e-02,1.182993835377781633e-01,1.305709273721336050e-01,7.063917371983377547e-02,1.359705259748139328e-01
4.398900120034955341e-01,4.399707946711409745e-01,3.781841489590485605e-01,-3.716798821025181221e-01,5.441354156298796596e-01,6.361673505419935815e-01,2.634611604979547606e-01,-6.945916869333872423e-01,6.050361333631386618e-01,5.796346270155314784e-01,2.927871503021957089e-01,2.985902926053813494e-02,-4.743371143299857096e-02,5.580222112999714268e-01,-9.938884043476320374e-02,4.847265963630234542e-01,4.972667496864275893e-01,3.050774672182003933e-01,3.700964155403401734e-01,-5.276243912860887342e-01,6.620096183998150918e-01,5.327587276162552149e-02,1.000000000000000000e+00,6.883603446662684977e-01,8.881613126625909072e-01,3.709538660341109018e-01,5.173521259353295321e-01,3.161748608187335829e-01,6.965004454926577715e-01,6.443462625637257357e-01,6.785230918266026423e-01,7.914163342690321290e-01,-1.551452174852554489e-01,6.398536344719897295e-01,5.138933259726479186e-01,6.298311253220317818e-01,5.517011564465434947e-01,2.735697158351004243e-01,3.440933797996426624e-01
9.810841707592699024e-02,1.636773231721738373e-02,-6.108743333225770400e-02,-3.818031169859873453e-01,2.787951368254240614e-01,7.986723608143032616e-01,5.761880272885662180e-01,-8.040124947733335858e-01,2.973020561724099009e-01,1.854234288675160325e-01,-5.501823091324118536e-02,-3.464536552665648528e-01,1.883889667702804138e-01,2.282042264294684153e-01,-4.000979383583730953e-01,4.945312815123947131e-02,1.688440180566608273e-01,1.172425312679452672e-02,3.218752529399051404e-02,-7.003444541814388691e-01,6.089785361284961729e-01,-4.435108905449400285e-02,6.883603446662684977e-01,1.000000000000000000e+00,5.294520231168844404e-01,4.918328478053716341e-02,1.651642231337325240e-01,-1.045789522067366445e-01,5.632955277559869023e-01,2.912322735028080034e-01,4.518481641217427791e-01,7.252922487226250992e-01,-5.452356669756628360e-01,4.388236533882932111e-01,5.218705535886367652e-01,2.986802458818550443e-01,5.670013003828868747e-01,8.800937296637495813e-03,2.857017981327156925e-02
5.797694686999190772e-01,6.255531987173017505e-01,5.667751816616501959e-01,-2.120204819793720108e-01,6.658467654211792652e-01,4.545752448040867866e-01,1.567180035801010174e-01,-5.583516400479541231e-01,6.829060788449689001e-01,7.192183340111509837e-01,4.019494762065541349e-01,2.398831473214788623e-01,-2.512188413725263136e-01,6.498923470443124240e-01,7.937885553245994930e-02,6.399577835037250084e-01,5.915859124910393119e-01,4.525756611128460283e-01,5.441343532334472766e-01,-3.449621345062272026e-01,6.071550439957226208e-01,1.355889810519190497e-01,8.881613126625909072e-01,5.294520231168844404e-01,1.000000000000000000e+00,4.587404556176237769e-01,6.560132502887742190e-01,5.208460639040789486e-01,6.375321449548522201e-01,7.505326172186708167e-01,7.422552940454890669e-01,7.215419886539334859e-01,5.397983611323366876e-02,7.233178349778260907e-01,4.075373302875526238e-01,7.367655233190578690e-01,4.612165278147722924e-01,4.139542477788328290e-01,4.994263010300334926e-01
6.111177693631817398e-01,5.201861921348684970e-01,7.048647892424609873e-01,7.202044394622124368e-02,4.926537799999107237e-01,1.896063194722259412e-02,-1.052171423532872602e-01,4.082595396626042400e-02,6.854013397696646637e-01,6.859883394986706628e-01,5.542864781759369031e-01,6.076864956196367240e-01,-1.853461938933889941e-01,7.273993913032514858e-01,6.187659789965324064e-01,7.091636358096172765e-01,6.321950233865997193e-01,5.916011058364895048e-01,6.623351870830969101e-01,1.100896652815224336e-01,2.750095500133659110e-01,1.145827823400516060e-01,3.709538660341109018e-01,4.918328478053716341e-02,4.587404556176237769e-01,1.000000000000000000e+00,6.868097450782286728e-01,6.942590982902396846e-01,5.947052043108219666e-01,5.937609164593860012e-01,5.353732709694402070e-01,2.893467028981246969e-01,6.093620130290638981e-01,4.665072402676692653e-01,4.507387470660382256e-01,5.720682690911851331e-01,2.889637457078956806e-01,6.549396856421096924e-01,5.098970608822300798e-01
7.969807465576871364e-01,7.484746448863049961e-01,7.754753857977186859e-01,-1.127569673302120101e-02,6.795977250301030725e-01,4.708441280028460157e-02,-1.635829212761323315e-01,-1.722669596878518838e-01,8.690253648674436393e-01,7.919479498441912568e-01,5.547939477659057372e-01,6.787672828551833959e-01,-5.900473631444872469e-01,7.302932666902199887e-01,5.467240390957893714e-01,8.309668574989756973e-01,6.523703340312123622e-01,6.488333277243857333e-01,7.676333634705181375e-01,-1.628694839726982369e-02,3.838716097679209516e-01,2.478398686554909303e-01,5.173521259353295321e-01,1.651642231337325240e-01,6.560132502887742190e-01,6.868097450782286728e-01,1.000000000000000000e+00,8.023145899204641163e-01,4.334681248297191369e-01,7.420265484320616167e-01,7.412870485538449739e-01,4.758831621435268278e-01,4.593986330303651000e-01,7.974641718766882770e-01,1.132882038051133966e-01,6.953782820693420463e-01,1.470264734220641245e-01,7.311106786413603675e-01,8.032941542117179035e-01
7.028684264774596180e-01,7.369599440623697539e-01,9.216517476556617128e-01,2.015547296174527436e-01,6.169080833409661402e-01,-2.494435168382310164e-01,-2.570146012325943974e-01,7.220986476094304329e-02,6.944625319817013809e-01,7.304878758471871070e-01,5.800691230820447242e-01,7.362301131988503444e-01,-6.168680479514691006e-01,7.296824497030480750e-01,6.540215455390767652e-01,7.780535065991763810e-01,6.398294260959191959e-01,6.759505244797423540e-01,8.017841316213978331e-01,2.396771563683546269e-01,2.409947726578109684e-01,2.237230279545928679e-01,3.161748608187335829e-01,-1.045789522067366445e-01,5.208460639040789486e-01,6.942590982902396846e-01,8.023145899204641163e-01,1.000000000000000000e+00,2.698031091145013938e-01,6.351914489387606721e-01,6.482670676783871544e-01,2.007701631367680706e-01,7.050175208817873740e-01,6.484053121500844563e-01,4.905183246990438284e-02,6.916906698893507954e-01,4.545750951077819763e-02,6.730628877005372379e-01,6.835484937872877698e-01
4.697428501283644198e-01,3.939432141265328258e-01,3.229896624471942368e-01,-3.076520125591235555e-01,4.840712043962100419e-01,6.518610054488105376e-01,2.819840861208922078e-01,-4.947997824006582501e-01,4.986909677973627164e-01,5.719416473262846079e-01,2.997942509084353113e-01,6.343704193570288974e-02,1.128328644362588812e-01,5.959635781184389192e-01,5.781585582649262367e-02,4.140651550902038625e-01,4.819051496630312736e-01,3.906533539594947424e-01,3.991598974972670466e-01,-4.250861047685953742e-01,6.320089875144225822e-01,1.030045093677235540e-01,6.965004454926577715e-01,5.632955277559869023e-01,6.375321449548522201e-01,5.947052043108219666e-01,4.334681248297191369e-01,2.698031091145013938e-01,1.000000000000000000e+00,6.056107491985299740e-01,5.968087076777797151e-01,7.632657606819088780e-01,8.845964954814325475e-04,4.680720912863167715e-01,7.604546580857014515e-01,5.140034016032327679e-01,7.329462017608562308e-01,3.677585070802147360e-01,2.748506023521878894e-01
7.668569908605898933e-01,7.669302198068256304e-01,6.302055409548871223e-01,-4.780106248614739844e-02,7.411354807194497907e-01,2.357546943346086055e-01,3.687862255624176078e-02,-3.141722305359623824e-01,7.687608874399245451e-01,8.745212218424204265e-01,4.938207541934455658e-01,5.086698421834513484e-01,-3.533492618065570690e-01,7.514562932377273352e-01,3.200483782723771431e-01,8.139680592385558633e-01,6.392693813668475222e-01,5.803601591709020013e-01,6.569739040439451783e-01,-1.620730297449985147e-01,3.834729987274961283e-01,1.858428814335251478e-01,6.443462625637257357e-01,2.912322735028080034e-01,7.505326172186708167e-01,5.937609164593860012e-01,7.420265484320616167e-01,6.351914489387606721e-01,6.056107491985299740e-01,1.000000000000000000e+00,6.700623712209118343e-01,5.958132973275032107e-01,2.336092926186505991e-01,7.197265131147698725e-01,2.797998837367497438e-01,7.163527366963985399e-01,3.290250057322953170e-01,6.183252219614074896e-01,6.611216702684161728e-01
6.532568155666576004e-01,6.543096518737757661e-01,6.822390363544182934e-01,-2.569246840526993036e-01,6.410758020181710481e-01,3.300381141348628922e-01,7.730286635604788348e-02,-5.343296751958573898e-01,7.219904558011038809e-01,6.602029271046740977e-01,4.602362711876298862e-01,2.885890586178629369e-01,-3.983124163065415724e-01,6.808605670220643225e-01,2.223101043981063341e-01,6.360688492174985109e-01,6.550708947924910319e-01,4.268169793464421935e-01,6.185918311666332992e-01,-3.288741253209039317e-01,6.346044214743530310e-01,2.272471319115265675e-01,6.785230918266026423e-01,4.518481641217427791e-01,7.422552940454890669e-01,5.353732709694402070e-01,7.412870485538449739e-01,6.482670676783871544e-01,5.968087076777797151e-01,6.700623712209118343e-01,1.000000000000000000e+00,6.316356907480047411e-01,1.716106914933439864e-01,8.069730326617311489e-01,3.245058027346823804e-01,7.459091507104745888e-01,3.726756123532880549e-01,5.490293453139170055e-01,5.876700371773654341e-01
4.864300204246661541e-01,4.362407913958282757e-01,2.260387803469471601e-01,-3.099915758060519111e-01,5.391643638003499328e-01,7.815384675159161576e-01,4.085928002888966626e-01,-6.786187936621764782e-01,5.423267262965523194e-01,5.248494335831092039e-01,1.325087222382760055e-01,1.177245964275228096e-02,-7.648225080856628499e-02,4.709758910399701182e-01,-1.145299111481178911e-01,4.106357310865015875e-01,3.436611108858944608e-01,3.576885723949684293e-01,3.461213740082071944e-01,-5.432473955795179554e-01,7.087499685058081811e-01,1.908218855328763230e-01,7.914163342690321290e-01,7.252922487226250992e-01,7.215419886539334859e-01,2.893467028981246969e-01,4.758831621435268278e-01,2.007701631367680706e-01,7.632657606819088780e-01,5.958132973275032107e-01,6.316356907480047411e-01,1.000000000000000000e+00,-2.574817104852787364e-01,6.403767139779414919e-01,5.530079042710739357e-01,5.303872436729113460e-01,7.268349061968079061e-01,3.346489305055295738e-01,3.870078792499546116e-01
3.844974903701786628e-01,4.231850880310198404e-01,6.872442210746163571e-01,3.778824901466924513e-01,1.920187617441997119e-01,-6.008189250817431715e-01,-5.161770814211554814e-01,5.946360068230603924e-01,3.222510252548319021e-01,4.004383372132392926e-01,4.303545730311577611e-01,7.505950224272037730e-01,-4.338941803274142806e-01,4.600942052755809253e-01,7.990115160982705911e-01,4.834425758398708250e-01,3.851603305619856754e-01,5.279030652822902514e-01,5.475138478712030521e-01,5.722306480853305288e-01,-1.596647913660994567e-01,8.507485815883973623e-02,-1.551452174852554489e-01,-5.452356669756628360e-01,5.397983611323366876e-02,6.093620130290638981e-01,4.593986330303651000e-01,7.050175208817873740e-01,8.845964954814325475e-04,2.336092926186505991e-01,1.716106914933439864e-01,-2.574817104852787364e-01,1.000000000000000000e+00,1.253781793424996183e-01,-5.216832494913833940e-02,2.998807912168791057e-01,-1.474638782048152130e-01,4.902446329562920591e-01,4.160532509427126158e-01
6.959953304987002154e-01,6.398941767042402029e-01,6.418626056611296260e-01,-1.043435054432365477e-01,7.743984998918456153e-01,3.179993709079840802e-01,1.467352439892158633e-01,-4.859940844597854248e-01,8.133544929023477366e-01,6.933956959568885470e-01,3.471980630832771086e-01,4.471189086303510307e-01,-5.364508405289000192e-01,6.088049954503866878e-01,2.560087117493306530e-01,6.782615319386123831e-01,5.616234934631577635e-01,6.041947110110075236e-01,7.346310158829481018e-01,-2.786607640389135443e-01,5.440646718202206689e-01,2.957426107334740206e-01,6.398536344719897295e-01,4.388236533882932111e-01,7.233178349778260907e-01,4.665072402676692653e-01,7.974641718766882770e-01,6.484053121500844563e-01,4.680720912863167715e-01,7.197265131147698725e-01,8.069730326617311489e-01,6.403767139779414919e-01,1.253781793424996183e-01,1.000000000000000000e+00,1.667989313078633573e-01,6.533612949427444194e-01,2.760897740869596717e-01,5.863908735426600627e-01,6.795570279760597687e-01
3.587339027512159023e-02,2.849898824686989546e-02,1.213429332546309553e-01,-1.729123011462491977e-01,2.058541241424286239e-01,5.992302016819274213e-01,4.488665003157668587e-01,-3.572038075842988158e-01,1.636876492630736923e-01,2.514268291110403619e-01,-4.684313598656660721e-02,-1.145722148856578720e-01,4.372792904381631041e-01,3.786224078585597730e-01,-5.639748862295844434e-02,9.273675284069123059e-02,1.281091555234986912e-01,2.007624132092611924e-01,1.655550775792656304e-01,-3.632557111395018357e-01,5.271797601142085288e-01,2.072280300961956701e-02,5.138933259726479186e-01,5.218705535886367652e-01,4.075373302875526238e-01,4.507387470660382256e-01,1.132882038051133966e-01,4.905183246990438284e-02,7.604546580857014515e-01,2.797998837367497438e-01,3.245058027346823804e-01,5.530079042710739357e-01,-5.216832494913833940e-02,1.667989313078633573e-01,1.000000000000000000e+00,2.428342427419529770e-01,8.012068990934360091e-01,-1.424258141495870350e-02,-1.271973979744466243e-01
7.012501273103108890e-01,7.405071103958241752e-01,7.299347081064043730e-01,-3.759204598239813261e-02,6.172426373660051535e-01,1.868086604501388026e-01,3.229954674489413785e-02,-3.071317258783382576e-01,7.019467818811951920e-01,7.261651819473777802e-01,6.135408873388069617e-01,4.208473526827778977e-01,-3.764294872659068036e-01,7.383834019805249893e-01,3.561965784479579900e-01,7.317810020035815377e-01,6.688964075275732890e-01,4.257131608425012703e-01,5.808173937646351481e-01,-1.071686765093460419e-01,3.914975308718336433e-01,1.182993835377781633e-01,6.298311253220317818e-01,2.986802458818550443e-01,7.367655233190578690e-01,5.720682690911851331e-01,6.953782820693420463e-01,6.916906698893507954e-01,5.140034016032327679e-01,7.163527366963985399e-01,7.459091507104745888e-01,5.303872436729113460e-01,2.998807912168791057e-01,6.533612949427444194e-01,2.428342427419529770e-01,1.000000000000000000e+00,2.730716798424648317e-01,6.363540123475220911e-01,6.509699006039882940e-01
1.601226837491845634e-01,1.635286344758803134e-01,8.850726575217936209e-02,-1.474409512219229113e-01,2.687627936945321538e-01,6.648394715999033089e-01,4.458723122344013245e-01,-4.301888646279305450e-01,1.726494144364298655e-01,2.886525633527285972e-01,-1.098815020249121061e-01,-1.114494923555376382e-01,2.365524940803406251e-01,3.525945790570225724e-01,-1.185705494900821250e-01,1.503663206894644000e-01,7.078675889365725060e-02,2.365595406590571270e-01,1.980930446044263937e-01,-3.818960777592295686e-01,5.986004388565998591e-01,1.305709273721336050e-01,5.517011564465434947e-01,5.670013003828868747e-01,4.612165278147722924e-01,2.889637457078956806e-01,1.470264734220641245e-01,4.545750951077819763e-02,7.329462017608562308e-01,3.290250057322953170e-01,3.726756123532880549e-01,7.268349061968079061e-01,-1.474638782048152130e-01,2.760897740869596717e-01,8.012068990934360091e-01,2.730716798424648317e-01,1.000000000000000000e+00,7.180227671478510432e-02,-7.515816295993900647e-04
8.440450800298022749e-01,7.195646235913378819e-01,6.230322890636783573e-01,9.815061603803208745e-02,5.827967491128727140e-01,-6.279155398793929976e-02,-2.171000564811445821e-01,2.785380227447170620e-02,7.464650129225562925e-01,7.049938580643669850e-01,6.452049502314166629e-01,6.779784321277432246e-01,-5.572326212045605187e-01,6.899580179666525703e-01,6.578253209624773667e-01,7.799648216217157648e-01,7.241131405698238988e-01,5.492099587524579274e-01,6.375100429953941550e-01,1.059177584720008836e-01,9.091506507203656051e-02,7.063917371983377547e-02,2.735697158351004243e-01,8.800937296637495813e-03,4.139542477788328290e-01,6.549396856421096924e-01,7.311106786413603675e-01,6.730628877005372379e-01,3.677585070802147360e-01,6.183252219614074896e-01,5.490293453139170055e-01,3.346489305055295738e-01,4.902446329562920591e-01,5.863908735426600627e-01,-1.424258141495870350e-02,6.363540123475220911e-01,7.180227671478510432e-02,1.000000000000000000e+00,8.599703510699095999e-01
8.270802033876437642e-01,7.599895095556531421e-01,6.452557153747485730e-01,6.177392578256302863e-02,6.191570881336549981e-01,-4.415112904416169937e-02,-2.418257243399049849e-01,-3.934140948154451339e-02,7.770123515076968745e-01,7.159079346021260948e-01,6.193214135381760466e-01,7.038248575317839206e-01,-6.616462720187110680e-01,6.342296335835868604e-01,5.831334062310414845e-01,7.806302923782347802e-01,6.537295632283383062e-01,5.614861647882557483e-01,6.568510015147360770e-01,6.364977078188863158e-02,1.390411707853478618e-01,1.359705259748139328e-01,3.440933797996426624e-01,2.857017981327156925e-02,4.994263010300334926e-01,5.098970608822300798e-01,8.032941542117179035e-01,6.835484937872877698e-01,2.748506023521878894e-01,6.611216702684161728e-01,5.876700371773654341e-01,3.870078792499546116e-01,4.160532509427126158e-01,6.795570279760597687e-01,-1.271973979744466243e-01,6.509699006039882940e-01,-7.515816295993900647e-04,8.599703510699095999e-01,1.000000000000000000e+00
