1.000000000000000000e+00,8.083324992776522722e-01,2.826823939868793323e-01,1.703029021106998442e-01,2.171574610640091552e-01,-8.066981103088394223e-02,2.209006598185694892e-01,-2.838015539433694778e-01,6.516876280588668191e-01,4.499329169138233109e-01,-5.446713729817882071e-02,-2.832184533962192260e-02,8.937435620387143564e-02,4.975445778587044843e-01,1.597490685787693321e-02,3.964696169160384920e-01,-1.696791660552478820e-01,-1.204239868192461503e-02,-1.603372048232638847e-01,2.832139461367462752e-01,1.349368057691279765e-01,2.302860486405731155e-01,4.595328342504336194e-01,2.172857350095788731e-01,3.834794609047106895e-01,9.774235520305316061e-02,5.084587612437357906e-02,4.950449326222530755e-01,5.230433287228511974e-01,4.503545882588625981e-01,3.085038189963857369e-01,3.187210747289871970e-01,1.625438855543387684e-01,4.525587227302911852e-01,3.892341296112225568e-01,5.245369924295046893e-01,5.151330876132216297e-01,3.040171332785215341e-01,3.632175263205289495e-01
8.083324992776522722e-01,1.000000000000000000e+00,2.469791365079512524e-01,6.882631147015050299e-02,2.025195691777327556e-01,1.363219274084266717e-03,2.084324980466096822e-01,-2.533345221496976496e-01,6.078607898260527387e-01,3.331058872393263814e-01,7.163109323522791859e-03,-1.852755198041152740e-01,-3.416863894248012984e-02,4.220440679048273469e-01,-1.331931857339540559e-01,2.242111610671783106e-01,4.683330385388741190e-02,-1.543758595110028276e-01,-3.241102194119344082e-01,2.467239395993835738e-01,1.115437801181304728e-01,2.154094312897475438e-01,3.500925807831112291e-01,1.819345759098830173e-01,3.212529389615079167e-01,-3.442251662640504611e-02,-7.854430414593077669e-02,3.208441154949220331e-01,4.000172108202800780e-01,2.899863837631128094e-01,2.232857177606408505e-01,3.669727962847045832e-01,1.828614805715739755e-01,4.806945281414681248e-01,2.794355059031963795e-01,4.494205816636196449e-01,4.568918161619081597e-01,1.706453272648898456e-01,2.125590988561458505e-01
2.826823939868793323e-01,2.469791365079512524e-01,1.000000000000000000e+00,3.430433657348282150e-02,7.456822759806400747e-01,6.080222939549865396e-02,-1.315092283749848545e-01,-8.972129397330340650e-01,4.329188222127152708e-01,6.079322735926263599e-01,-5.093190180636088249e-02,2.629660567219850864e-01,-2.106182386995600619e-01,4.248090863746157853e-01,-3.492923213080228323e-02,4.522653271723307555e-01,-1.344159731059925422e-01,3.023756819049638334e-01,1.819224314648757723e-01,3.603420824891160335e-01,7.467822422238465929e-01,6.085884807889104797e-01,4.332326650258671585e-01,2.807197956381132786e-01,5.389660715742407016e-01,6.948164853972341182e-02,2.323499571374249562e-01,5.274919923045775505e-01,1.813344745130989477e-01,4.740336426928652980e-01,5.834470119120445109e-01,2.854259439646336105e-01,6.357371721498923378e-01,4.371243285495527986e-01,2.190613381282813799e-01,2.879093588086080180e-01,2.260965218329236970e-01,4.076109520229894145e-01,4.971137469489192440e-01
1.703029021106998442e-01,6.882631147015050299e-02,3.430433657348282150e-02,1.000000000000000000e+00,9.421040900006336094e-02,-5.103334385903760678e-02,1.571541422645946207e-01,-2.539038980675595650e-02,2.960675912013762123e-01,2.281599981026082580e-01,2.015774582815398619e-01,2.113218049350361061e-01,2.266092407582147583e-01,3.337655082392834149e-01,1.975892991430123757e-01,2.991113802298039359e-01,-2.904759687815572922e-01,2.537359325926628606e-01,2.464019351699584526e-01,2.899329916287613496e-01,1.101655756730212932e-01,7.842112141285570437e-02,2.856904314492731967e-01,1.760582039837100543e-01,9.136566659470209129e-02,1.319983225694614515e-01,1.279199402292751919e-01,3.456287647721228984e-01,2.435927640002652494e-01,1.947827058136823997e-01,2.099819935146649275e-01,2.283661506161411420e-02,-1.112911630709599586e-02,1.146829231547562833e-01,2.723227537550262367e-01,3.944898797449525969e-04,1.800013882665381371e-01,1.530742797251422038e-01,2.215466284356891469e-01
2.171574610640091552e-01,2.025195691777327556e-01,7.456822759806400747e-01,9.421040900006336094e-02,1.000000000000000000e+00,1.304422081134186673e-01,-2.998449368694974804e-01,-7.287775087908777705e-01,4.939982088131055771e-01,6.770245730461910139e-01,-3.010404917433146324e-02,3.968006496634529090e-01,-3.206814451612533534e-01,4.930729445280072065e-01,7.456168317241608501e-02,4.414676974005099508e-01,-1.539466608141257763e-02,4.189031035602098219e-01,3.280080911573824975e-01,3.214585574448560745e-01,5.284561466287452935e-01,5.714980851098875325e-01,3.863550336413271724e-01,3.945830147898577445e-01,4.379344905262104182e-01,2.588417112924591423e-01,3.602543641626694271e-01,4.761895494214552493e-01,2.651704615444572255e-01,4.258898097240783054e-01,5.032003608957330565e-01,3.883096650409698092e-01,6.310198345214483862e-01,4.782180781896299693e-01,1.467144093541207783e-01,2.859456046727002487e-01,2.339281758540330547e-01,5.542615322346003959e-01,5.552882230533516816e-01
-8.066981103088394223e-02,1.363219274084266717e-03,6.080222939549865396e-02,-5.103334385903760678e-02,1.304422081134186673e-01,1.000000000000000000e+00,-1.692390354222239879e-01,1.843350428780049510e-02,7.307970470651732608e-02,-5.760299011587235486e-03,3.002086960120055048e-01,7.232292012063215592e-02,-5.544744181695203389e-02,5.966249356879469584e-02,1.242440334321010115e-01,-7.853491519069258353e-02,4.875312709979472414e-01,-9.059969718199717761e-03,-2.012096849223906359e-01,1.411116985415995263e-02,1.275132331823941312e-01,2.127763023775032791e-01,-4.272415022340372067e-04,5.902114910104770684e-02,1.124970732206759388e-01,1.560647949647741561e-01,2.681684480078183608e-01,-3.611229013938548060e-02,2.089906739313571182e-01,6.196440120894739639e-03,2.933289440834993544e-02,4.430251931756282180e-01,2.629487440416538035e-01,6.996205763811831624e-02,2.671397579433685832e-01,2.257476298855898011e-01,2.584014924595917639e-01,4.400275728838214800e-02,-2.605368872983951367e-01
2.209006598185694892e-01,2.084324980466096822e-01,-1.315092283749848545e-01,1.571541422645946207e-01,-2.998449368694974804e-01,-1.692390354222239879e-01,1.000000000000000000e+00,9.048652596983623730e-02,-1.658512791236612868e-02,-1.308090899332010060e-01,5.875319303242580726e-02,-4.087372600332367933e-01,1.808410252998420842e-01,-9.989035930675356501e-03,-1.153808028615373460e-01,1.161311426898360873e-02,-1.352526098599976523e-01,-3.264518765769627295e-01,-1.981912571794094136e-01,2.129292196387140013e-01,5.641238818432769281e-03,-1.721594875190239349e-01,-3.024458664531791408e-02,-1.897133205665956501e-01,-8.692192162858491944e-03,-3.034512162618464015e-01,-2.659342416681677035e-01,3.378777048552657203e-02,-9.304292557605339797e-02,2.086095833743098829e-02,1.422306121592184155e-02,-1.099719243261891855e-01,-3.610104997754362000e-01,-6.765529129229817806e-02,4.771498455298415348e-02,-4.871572561460259243e-02,-9.340956527591986677e-03,-3.262217945358601989e-01,-1.180633608654267225e-01
-2.838015539433694778e-01,-2.533345221496976496e-01,-8.972129397330340650e-01,-2.539038980675595650e-02,-7.287775087908777705e-01,1.843350428780049510e-02,9.048652596983623730e-02,1.000000000000000000e+00,-3.889805125876513170e-01,-5.763894226874050064e-01,6.269385427745116646e-02,-2.330610559315280939e-01,2.445018002541131386e-01,-4.064109909251376607e-01,2.496181011168198752e-02,-4.221912781134333770e-01,1.588510964427647110e-01,-2.647858526120115408e-01,-1.617767730243097057e-01,-3.958154268568823686e-01,-7.069507516618307452e-01,-5.997971567817599325e-01,-3.672430353181571072e-01,-2.705434800593005118e-01,-4.717199134779623826e-01,-6.309653614568844215e-02,-2.010156809289872781e-01,-4.997043811085760678e-01,-1.399056946551953673e-01,-4.236764398461190795e-01,-5.521540449606957557e-01,-2.308903741488310957e-01,-5.645262933052324072e-01,-4.180962186778162670e-01,-1.597797294078308339e-01,-2.487026558605028859e-01,-2.051590062947204474e-01,-3.639642716768181629e-01,-5.016054193489074553e-01
6.516876280588668191e-01,6.078607898260527387e-01,4.329188222127152708e-01,2.960675912013762123e-01,4.939982088131055771e-01,7.307970470651732608e-02,-1.658512791236612868e-02,-3.889805125876513170e-01,1.000000000000000000e+00,6.502069957043561388e-01,7.141719909618259032e-02,3.048103122863727865e-01,7.239476954631736405e-02,7.126766942207984901e-01,1.778008292023674497e-01,5.301117803094413938e-01,-6.373939315749592438e-02,3.135812929705487639e-01,1.439397507052088410e-01,3.760718924411833863e-01,3.125646999520064750e-01,4.136981770546617199e-01,5.790512017024135316e-01,4.568327681030967535e-01,4.833590613633376165e-01,2.824785643222943454e-01,2.747514997692817040e-01,6.024737209568993279e-01,5.914421796744450122e-01,5.908961852658379810e-01,4.856009758171399016e-01,4.857973509065159901e-01,4.618892894008963523e-01,5.821679168952388350e-01,4.839071732174189955e-01,5.325972441119262157e-01,5.405179019792812900e-01,5.985007442697799496e-01,5.334179656631885535e-01
4.499329169138233109e-01,3.331058872393263814e-01,6.079322735926263599e-01,2.281599981026082580e-01,6.770245730461910139e-01,-5.760299011587235486e-03,-1.308090899332010060e-01,-5.763894226874050064e-01,6.502069957043561388e-01,1.000000000000000000e+00,2.650206423750609691e-02,4.108777537469139873e-01,-1.307905220070247621e-01,6.030586987397960064e-01,1.032791622292215800e-01,7.681937435845708206e-01,-1.473977296053975428e-01,5.941122821727359282e-01,4.963792166897782465e-01,2.790915858970979269e-01,4.603466190684406545e-01,4.768383750667695709e-01,6.408561828779260061e-01,4.312346910909217179e-01,6.153730219781148314e-01,3.760602973241570224e-01,3.652337601597125394e-01,6.631021584737785135e-01,4.754179391312940983e-01,7.502896084851328196e-01,5.952036128419974093e-01,3.519941835627513615e-01,5.006265310617104003e-01,2.990102356585445098e-01,2.950174753745163914e-01,4.893381295675190978e-01,4.024451984244631908e-01,6.923737876751614451e-01,7.238589642981957395e-01
-5.446713729817882071e-02,7.163109323522791859e-03,-5.093190180636088249e-02,2.015774582815398619e-01,-3.010404917433146324e-02,3.002086960120055048e-01,5.875319303242580726e-02,6.269385427745116646e-02,7.141719909618259032e-02,2.650206423750609691e-02,1.000000000000000000e+00,2.248900976100257076e-02,-4.988563477072913838e-02,7.876841777829992133e-03,3.363389474923150768e-02,1.050731250491497709e-01,3.547219476283847150e-01,1.947838747754137845e-01,3.895924269051460193e-02,1.794159004552850489e-01,1.096133601110649697e-01,3.521594094659976498e-02,1.050007418467246156e-01,6.045012223151587094e-02,4.559444079546766393e-02,1.734566426609918666e-01,1.070122439875945825e-01,6.881076026433305404e-02,1.268461783567926271e-01,-1.706515013945730450e-02,1.453950084731093773e-01,1.177339293138913029e-01,9.074259901330372635e-03,-1.178760676838405963e-01,6.316173355671270140e-02,-4.565264964572531697e-02,5.738969920058940855e-02,6.239322128906898274e-02,-1.178622046333615697e-01
-2.832184533962192260e-02,-1.852755198041152740e-01,2.629660567219850864e-01,2.113218049350361061e-01,3.968006496634529090e-01,7.232292012063215592e-02,-4.087372600332367933e-01,-2.330610559315280939e-01,3.048103122863727865e-01,4.108777537469139873e-01,2.248900976100257076e-02,1.000000000000000000e+00,1.001982361431527913e-01,4.152271474532338580e-01,6.395248872799039752e-01,3.613938318761066304e-01,-3.023661008588934274e-01,5.608518899279515413e-01,5.413766024258372944e-01,2.234927719543968738e-01,3.078076958295449250e-01,4.872601940218052041e-01,1.904741601638300086e-01,2.690317605376479349e-01,8.102650478154628522e-02,6.261552714645244322e-01,5.478597580701251024e-01,5.041284287942585651e-01,3.939992494878246654e-01,2.707305740033272290e-01,4.464397053904826107e-01,1.566391242257532124e-01,3.589479472019489470e-01,1.966623740723766611e-01,3.612017486326251636e-01,2.512563440429928519e-01,2.607764651240190301e-01,5.965388829012939764e-01,4.106128274728210181e-01
8.937435620387143564e-02,-3.416863894248012984e-02,-2.106182386995600619e-01,2.266092407582147583e-01,-3.206814451612533534e-01,-5.544744181695203389e-02,1.808410252998420842e-01,2.445018002541131386e-01,7.239476954631736405e-02,-1.307905220070247621e-01,-4.988563477072913838e-02,1.001982361431527913e-01,1.000000000000000000e+00,2.283804520836127672e-01,1.636623481724592821e-01,-3.435677529836392297e-02,-3.667077087102768584e-01,-4.661271330650046396e-02,9.839894262535588826e-03,-1.294129285108844840e-01,-1.855842322572491543e-01,-3.213057625034115850e-01,2.005127599166378893e-01,-1.026700641951162479e-01,3.139952352371117722e-02,-7.610043859764686891e-02,8.504046832218031815e-03,8.465810700748448159e-02,3.400886816442432736e-01,2.707493939286577736e-02,-1.731730267875671025e-01,-9.566567773453399370e-02,-2.497950982161254996e-01,-8.853857115862581728e-02,4.947294034547484176e-01,8.003314081318894935e-02,3.776921118075171058e-01,-5.649720070959038387e-02,-6.397320468840134167e-02
4.975445778587044843e-01,4.220440679048273469e-01,4.248090863746157853e-01,3.337655082392834149e-01,4.930729445280072065e-01,5.966249356879469584e-02,-9.989035930675356501e-03,-4.064109909251376607e-01,7.126766942207984901e-01,6.030586987397960064e-01,7.876841777829992133e-03,4.152271474532338580e-01,2.283804520836127672e-01,1.000000000000000000e+00,3.331307789662077412e-01,5.140458582451660208e-01,-2.097393547960076932e-01,3.439077540171984748e-01,2.646137603095821689e-01,3.754002726216775221e-01,2.664782308634712771e-01,3.885916669114448108e-01,6.110574689652068514e-01,5.074360143006836354e-01,4.489880586618588132e-01,3.171059903150894033e-01,3.556359255735965785e-01,6.421851623104972706e-01,6.328081549560957697e-01,5.285747969590293138e-01,4.798552205305102181e-01,4.513851633520039042e-01,4.415829649622441955e-01,5.042717188638667913e-01,6.063828854491256637e-01,4.892092998328513853e-01,6.087267756797806184e-01,5.176297982870062819e-01,5.091163368573399239e-01
1.597490685787693321e-02,-1.331931857339540559e-01,-3.492923213080228323e-02,1.975892991430123757e-01,7.456168317241608501e-02,1.242440334321010115e-01,-1.153808028615373460e-01,2.496181011168198752e-02,1.778008292023674497e-01,1.032791622292215800e-01,3.363389474923150768e-02,6.395248872799039752e-01,1.636623481724592821e-01,3.331307789662077412e-01,1.000000000000000000e+00,1.712154177843489278e-01,-1.383302601846181645e-01,2.262275918372657624e-01,2.014332961380603249e-01,2.691022372538560137e-01,3.664084612249938339e-02,3.153807166468254319e-01,-5.611344313736815921e-03,1.407540389397593517e-01,-1.583202167474688504e-01,6.787958962285411957e-01,4.991724970807186468e-01,3.351001108775683579e-01,4.053334279681144459e-01,1.196999060160379019e-01,1.687216821766683028e-01,2.080844722427812876e-01,6.343653606558118108e-02,1.580948186963758995e-01,3.451728212575370658e-01,2.398173611633998281e-01,1.778698906820839198e-01,3.896210648116533726e-01,1.258597719962307460e-01
3.964696169160384920e-01,2.242111610671783106e-01,4.522653271723307555e-01,2.991113802298039359e-01,4.414676974005099508e-01,-7.853491519069258353e-02,1.161311426898360873e-02,-4.221912781134333770e-01,5.301117803094413938e-01,7.681937435845708206e-01,1.050731250491497709e-01,3.613938318761066304e-01,-3.435677529836392297e-02,5.140458582451660208e-01,1.712154177843489278e-01,1.000000000000000000e+00,-1.956508181552846226e-01,6.737943005035348376e-01,5.408346635688540127e-01,2.986322571261322834e-01,3.856814546575362268e-01,3.444230398894137513e-01,6.762650429472143454e-01,3.531578196443098117e-01,5.319053289290697206e-01,3.832263353473793766e-01,1.839583661303984818e-01,6.996177024593794869e-01,3.803729450919556276e-01,7.701590947120597885e-01,4.941167879489413162e-01,1.168271763148394649e-01,3.141249991075410475e-01,9.368294753311037781e-02,2.688054952092752692e-01,3.894750291096644168e-01,3.054920685206069519e-01,6.561834618026279875e-01,5.977875533539838138e-01
-1.696791660552478820e-01,4.683330385388741190e-02,-1.344159731059925422e-01,-2.904759687815572922e-01,-1.539466608141257763e-02,4.875312709979472414e-01,-1.352526098599976523e-01,1.588510964427647110e-01,-6.373939315749592438e-02,-1.473977296053975428e-01,3.547219476283847150e-01,-3.023661008588934274e-01,-3.667077087102768584e-01,-2.097393547960076932e-01,-1.383302601846181645e-01,-1.956508181552846226e-01,1.000000000000000000e+00,-1.332424231371650003e-01,-3.143930399683193544e-01,-1.816380693695038850e-01,-1.748032143043133091e-01,-7.951633633305674187e-02,-7.802017936550240118e-02,3.632281029306143327e-02,8.889453152909076311e-03,4.887771523867273649e-02,-2.919650487065721827e-04,-3.330630542236063252e-01,-5.573981227854755971e-02,-1.522227323494179940e-01,-2.060148935623096755e-01,3.164081602673929905e-01,1.015236999603258833e-01,-4.395928976128058580e-02,-1.588893437125955821e-01,-3.323704078661395001e-02,-1.197593813066164248e-01,-3.441987640871931042e-02,-2.885961533165894433e-01
-1.204239868192461503e-02,-1.543758595110028276e-01,3.023756819049638334e-01,2.537359325926628606e-01,4.189031035602098219e-01,-9.059969718199717761e-03,-3.264518765769627295e-01,-2.647858526120115408e-01,3.135812929705487639e-01,5.941122821727359282e-01,1.947838747754137845e-01,5.608518899279515413e-01,-4.661271330650046396e-02,3.439077540171984748e-01,2.262275918372657624e-01,6.737943005035348376e-01,-1.332424231371650003e-01,1.000000000000000000e+00,7.610918872990031225e-01,1.401197051256197479e-01,2.765964802463826699e-01,3.224446977490124100e-01,4.494903098563617361e-01,3.748084746388187782e-01,2.984846230148531787e-01,4.607862921387363975e-01,2.437982057856154794e-01,5.490592868248513891e-01,2.617056879764754207e-01,4.914304843770788134e-01,4.240523581760760607e-01,-6.336030392444203310e-03,3.283844219681106291e-01,-1.039108824303911632e-01,1.205297711101030594e-01,1.333835570067511966e-01,1.813974835500917204e-01,7.053237462048747020e-01,5.221081445247938158e-01
-1.603372048232638847e-01,-3.241102194119344082e-01,1.819224314648757723e-01,2.464019351699584526e-01,3.280080911573824975e-01,-2.012096849223906359e-01,-1.981912571794094136e-01,-1.617767730243097057e-01,1.439397507052088410e-01,4.963792166897782465e-01,3.895924269051460193e-02,5.413766024258372944e-01,9.839894262535588826e-03,2.646137603095821689e-01,2.014332961380603249e-01,5.408346635688540127e-01,-3.143930399683193544e-01,7.610918872990031225e-01,1.000000000000000000e+00,1.204995294589887855e-01,2.242495979099149994e-01,1.813396704743329146e-01,3.155499646318197793e-01,2.611892202808195895e-01,2.189752346418334106e-01,3.244655021233814329e-01,1.743550045422107564e-01,4.294421468914167428e-01,1.496714731629602280e-01,4.061581266242530464e-01,3.541286891656041380e-01,-1.672400718348442672e-01,1.153386234805807570e-01,-2.224938609068280171e-01,4.709638567227508038e-02,2.945959204192126132e-02,1.630022351486096199e-02,5.240782867487722152e-01,5.608576985995420427e-01
2.832139461367462752e-01,2.467239395993835738e-01,3.603420824891160335e-01,2.899329916287613496e-01,3.214585574448560745e-01,1.411116985415995263e-02,2.129292196387140013e-01,-3.958154268568823686e-01,3.760718924411833863e-01,2.790915858970979269e-01,1.794159004552850489e-01,2.234927719543968738e-01,-1.294129285108844840e-01,3.754002726216775221e-01,2.691022372538560137e-01,2.986322571261322834e-01,-1.816380693695038850e-01,1.401197051256197479e-01,1.204995294589887855e-01,1.000000000000000000e+00,4.780118858926553083e-01,5.133576170776165126e-01,1.456228217125212776e-01,1.190481658364022921e-01,1.622870588529525815e-01,1.376102966127658311e-01,1.043641977803798498e-01,4.309900156336725074e-01,1.540062926973268520e-01,2.160317616447775813e-01,4.474886117299030630e-01,1.855786025597489231e-01,2.302209605728358088e-01,3.531194018460183104e-01,2.505709299215163055e-01,1.262716156426421654e-01,1.350551320085046358e-01,2.008306118510774507e-01,2.062661157208347529e-01
1.349368057691279765e-01,1.115437801181304728e-01,7.467822422238465929e-01,1.101655756730212932e-01,5.284561466287452935e-01,1.275132331823941312e-01,5.641238818432769281e-03,-7.069507516618307452e-01,3.125646999520064750e-01,4.603466190684406545e-01,1.096133601110649697e-01,3.078076958295449250e-01,-1.855842322572491543e-01,2.664782308634712771e-01,3.664084612249938339e-02,3.856814546575362268e-01,-1.748032143043133091e-01,2.765964802463826699e-01,2.242495979099149994e-01,4.780118858926553083e-01,1.000000000000000000e+00,6.198424111396856340e-01,2.724226868136627178e-01,1.259367869765555537e-01,3.957252474130527053e-01,9.680441130710086550e-02,2.551479417685261764e-01,4.870716128805122613e-01,1.111500015952396475e-01,3.829603982359672809e-01,6.346151874616168254e-01,2.200786238824894991e-01,5.148523406688121362e-01,2.754162248516825451e-01,2.097279515620298629e-01,2.101653151211703430e-01,1.292398769473572240e-01,2.984776750883479934e-01,3.178764080518362012e-01
2.302860486405731155e-01,2.154094312897475438e-01,6.085884807889104797e-01,7.842112141285570437e-02,5.714980851098875325e-01,2.127763023775032791e-01,-1.721594875190239349e-01,-5.997971567817599325e-01,4.136981770546617199e-01,4.768383750667695709e-01,3.521594094659976498e-02,4.872601940218052041e-01,-3.213057625034115850e-01,3.885916669114448108e-01,3.153807166468254319e-01,3.444230398894137513e-01,-7.951633633305674187e-02,3.224446977490124100e-01,1.813396704743329146e-01,5.133576170776165126e-01,6.198424111396856340e-01,1.000000000000000000e+00,1.864223748361718835e-01,3.032804888379038721e-01,2.783357607314526083e-01,3.383627494244238476e-01,3.494048912297431642e-01,5.552826850154978233e-01,1.862482263893463497e-01,2.857066739017367074e-01,6.604975796654828368e-01,3.709868023625771394e-01,6.437285667488464869e-01,4.934389265742083475e-01,2.415062306468873654e-01,2.963254025549342252e-01,2.085187339972179588e-01,4.423423266129603015e-01,3.581612359155430525e-01
4.595328342504336194e-01,3.500925807831112291e-01,4.332326650258671585e-01,2.856904314492731967e-01,3.863550336413271724e-01,-4.272415022340372067e-04,-3.024458664531791408e-02,-3.672430353181571072e-01,5.790512017024135316e-01,6.408561828779260061e-01,1.050007418467246156e-01,1.904741601638300086e-01,2.005127599166378893e-01,6.110574689652068514e-01,-5.611344313736815921e-03,6.762650429472143454e-01,-7.802017936550240118e-02,4.494903098563617361e-01,3.155499646318197793e-01,1.456228217125212776e-01,2.724226868136627178e-01,1.864223748361718835e-01,1.000000000000000000e+00,4.429063038852246725e-01,7.436088367390407683e-01,1.370075442752154427e-01,9.587374683738313086e-02,6.123245512051995743e-01,4.646575787408768754e-01,6.638835455205104319e-01,3.886939158523314286e-01,2.492737859688795299e-01,4.246186741383913832e-01,2.724500137972364899e-01,4.460668696480165618e-01,3.338484343148753197e-01,4.323486204363491403e-01,5.168424348036043670e-01,4.935860772394045082e-01
2.172857350095788731e-01,1.819345759098830173e-01,2.807197956381132786e-01,1.760582039837100543e-01,3.945830147898577445e-01,5.902114910104770684e-02,-1.897133205665956501e-01,-2.705434800593005118e-01,4.568327681030967535e-01,4.312346910909217179e-01,6.045012223151587094e-02,2.690317605376479349e-01,-1.026700641951162479e-01,5.074360143006836354e-01,1.407540389397593517e-01,3.531578196443098117e-01,3.632281029306143327e-02,3.748084746388187782e-01,2.611892202808195895e-01,1.190481658364022921e-01,1.259367869765555537e-01,3.032804888379038721e-01,4.429063038852246725e-01,1.000000000000000000e+00,3.136915528134565645e-01,2.165071668182787790e-01,2.269941089846975735e-01,3.822976729530480067e-01,2.613585955768871760e-01,3.384473018070887629e-01,3.137017957132119950e-01,2.653862991540897331e-01,4.511309947821606769e-01,3.740465910914710923e-01,2.162100749762303487e-01,6.338929074393480356e-02,3.181790689771711866e-01,4.156925163526524747e-01,3.792906414528843251e-01
3.834794609047106895e-01,3.212529389615079167e-01,5.389660715742407016e-01,9.136566659470209129e-02,4.379344905262104182e-01,1.124970732206759388e-01,-8.692192162858491944e-03,-4.717199134779623826e-01,4.833590613633376165e-01,6.153730219781148314e-01,4.559444079546766393e-02,8.102650478154628522e-02,3.139952352371117722e-02,4.489880586618588132e-01,-1.583202167474688504e-01,5.319053289290697206e-01,8.889453152909076311e-03,2.984846230148531787e-01,2.189752346418334106e-01,1.622870588529525815e-01,3.957252474130527053e-01,2.783357607314526083e-01,7.436088367390407683e-01,3.136915528134565645e-01,1.000000000000000000e+00,2.109555042518885919e-04,9.719755662896875648e-02,5.356500784142248506e-01,3.509718472606804807e-01,6.287764535905017160e-01,4.762038363713467226e-01,3.001250259243737895e-01,5.248335426425925210e-01,3.147635064246024350e-01,3.459365136808338903e-01,3.249560804523627944e-01,3.560368075429489187e-01,4.078252639572496618e-01,4.742691935053974794e-01
9.774235520305316061e-02,-3.442251662640504611e-02,6.948164853972341182e-02,1.319983225694614515e-01,2.588417112924591423e-01,1.560647949647741561e-01,-3.034512162618464015e-01,-6.309653614568844215e-02,2.824785643222943454e-01,3.760602973241570224e-01,1.734566426609918666e-01,6.261552714645244322e-01,-7.610043859764686891e-02,3.171059903150894033e-01,6.787958962285411957e-01,3.832263353473793766e-01,4.887771523867273649e-02,4.607862921387363975e-01,3.244655021233814329e-01,1.376102966127658311e-01,9.680441130710086550e-02,3.383627494244238476e-01,1.370075442752154427e-01,2.165071668182787790e-01,2.109555042518885919e-04,1.000000000000000000e+00,6.717979679945336180e-01,3.712967484460514278e-01,5.387804998766033693e-01,2.805401654822274882e-01,2.922039062285877176e-01,3.579203997402386483e-01,2.413222822014555735e-01,6.665773213346533332e-02,2.872687667763268449e-01,3.950775600893840500e-01,2.773496373844100971e-01,6.051829504832511031e-01,2.324385941700514158e-01
5.084587612437357906e-02,-7.854430414593077669e-02,2.323499571374249562e-01,1.279199402292751919e-01,3.602543641626694271e-01,2.681684480078183608e-01,-2.659342416681677035e-01,-2.010156809289872781e-01,2.747514997692817040e-01,3.652337601597125394e-01,1.070122439875945825e-01,5.478597580701251024e-01,8.504046832218031815e-03,3.556359255735965785e-01,4.991724970807186468e-01,1.839583661303984818e-01,-2.919650487065721827e-04,2.437982057856154794e-01,1.743550045422107564e-01,1.043641977803798498e-01,2.551479417685261764e-01,3.494048912297431642e-01,9.587374683738313086e-02,2.269941089846975735e-01,9.719755662896875648e-02,6.717979679945336180e-01,1.000000000000000000e+00,2.693269206588607689e-01,5.176383889508554548e-01,2.483153087874074572e-01,3.992061917924108472e-01,5.976585640194829185e-01,3.969650965476301252e-01,2.397377855118074108e-01,3.778556996240597932e-01,3.767660700169051524e-01,3.468149077057737784e-01,4.237595296331557737e-01,2.188854422294474189e-01
4.950449326222530755e-01,3.208441154949220331e-01,5.274919923045775505e-01,3.456287647721228984e-01,4.761895494214552493e-01,-3.611229013938548060e-02,3.378777048552657203e-02,-4.997043811085760678e-01,6.024737209568993279e-01,6.631021584737785135e-01,6.881076026433305404e-02,5.041284287942585651e-01,8.465810700748448159e-02,6.421851623104972706e-01,3.351001108775683579e-01,6.996177024593794869e-01,-3.330630542236063252e-01,5.490592868248513891e-01,4.294421468914167428e-01,4.309900156336725074e-01,4.870716128805122613e-01,5.552826850154978233e-01,6.123245512051995743e-01,3.822976729530480067e-01,5.356500784142248506e-01,3.712967484460514278e-01,2.693269206588607689e-01,1.000000000000000000e+00,4.589610669226517614e-01,5.630981624863364843e-01,7.123830022870891732e-01,1.886010331501632165e-01,4.749826817383169808e-01,3.990045910502323934e-01,4.621928533744257828e-01,3.397906594481110432e-01,4.613377282099098697e-01,6.219129032850077010e-01,5.723628239287819053e-01
5.230433287228511974e-01,4.000172108202800780e-01,1.813344745130989477e-01,2.435927640002652494e-01,2.651704615444572255e-01,2.089906739313571182e-01,-9.304292557605339797e-02,-1.399056946551953673e-01,5.914421796744450122e-01,4.754179391312940983e-01,1.268461783567926271e-01,3.939992494878246654e-01,3.400886816442432736e-01,6.328081549560957697e-01,4.053334279681144459e-01,3.803729450919556276e-01,-5.573981227854755971e-02,2.617056879764754207e-01,1.496714731629602280e-01,1.540062926973268520e-01,1.111500015952396475e-01,1.862482263893463497e-01,4.646575787408768754e-01,2.613585955768871760e-01,3.509718472606804807e-01,5.387804998766033693e-01,5.176383889508554548e-01,4.589610669226517614e-01,1.000000000000000000e+00,4.647580586112292078e-01,3.041322082492423085e-01,5.485325035665843396e-01,2.545616123853899904e-01,2.419476433914821145e-01,6.816007654541240690e-01,6.215623991831412676e-01,7.179969198378065576e-01,5.092952942985684572e-01,3.246148789923184452e-01
4.503545882588625981e-01,2.899863837631128094e-01,4.740336426928652980e-01,1.947827058136823997e-01,4.258898097240783054e-01,6.196440120894739639e-03,2.086095833743098829e-02,-4.236764398461190795e-01,5.908961852658379810e-01,7.502896084851328196e-01,-1.706515013945730450e-02,2.707305740033272290e-01,2.707493939286577736e-02,5.285747969590293138e-01,1.196999060160379019e-01,7.701590947120597885e-01,-1.522227323494179940e-01,4.914304843770788134e-01,4.061581266242530464e-01,2.160317616447775813e-01,3.829603982359672809e-01,2.857066739017367074e-01,6.638835455205104319e-01,3.384473018070887629e-01,6.287764535905017160e-01,2.805401654822274882e-01,2.483153087874074572e-01,5.630981624863364843e-01,4.647580586112292078e-01,1.000000000000000000e+00,4.247158696374103704e-01,3.016194042915265605e-01,3.388404272037874865e-01,1.404302830849071815e-01,3.392881879723637639e-01,5.654245128671423481e-01,3.432749943518089153e-01,6.129988152666289158e-01,6.033723655939844388e-01
3.085038189963857369e-01,2.232857177606408505e-01,5.834470119120445109e-01,2.099819935146649275e-01,5.032003608957330565e-01,2.933289440834993544e-02,1.422306121592184155e-02,-5.521540449606957557e-01,4.856009758171399016e-01,5.952036128419974093e-01,1.453950084731093773e-01,4.464397053904826107e-01,-1.731730267875671025e-01,4.798552205305102181e-01,1.687216821766683028e-01,4.941167879489413162e-01,-2.060148935623096755e-01,4.240523581760760607e-01,3.541286891656041380e-01,4.474886117299030630e-01,6.346151874616168254e-01,6.604975796654828368e-01,3.886939158523314286e-01,3.137017957132119950e-01,4.762038363713467226e-01,2.922039062285877176e-01,3.992061917924108472e-01,7.123830022870891732e-01,3.041322082492423085e-01,4.247158696374103704e-01,1.000000000000000000e+00,3.367028193334812847e-01,6.120621229783295147e-01,4.141324251499772791e-01,3.476589529029998071e-01,2.533786824416110472e-01,3.334248991668664619e-01,4.782592226393576618e-01,4.997325789141313646e-01
3.187210747289871970e-01,3.669727962847045832e-01,2.854259439646336105e-01,2.283661506161411420e-02,3.883096650409698092e-01,4.430251931756282180e-01,-1.099719243261891855e-01,-2.308903741488310957e-01,4.857973509065159901e-01,3.519941835627513615e-01,1.177339293138913029e-01,1.566391242257532124e-01,-9.566567773453399370e-02,4.513851633520039042e-01,2.080844722427812876e-01,1.168271763148394649e-01,3.164081602673929905e-01,-6.336030392444203310e-03,-1.672400718348442672e-01,1.855786025597489231e-01,2.200786238824894991e-01,3.709868023625771394e-01,2.492737859688795299e-01,2.653862991540897331e-01,3.001250259243737895e-01,3.579203997402386483e-01,5.976585640194829185e-01,1.886010331501632165e-01,5.485325035665843396e-01,3.016194042915265605e-01,3.367028193334812847e-01,1.000000000000000000e+00,5.230826639688808122e-01,4.664235972099582961e-01,4.312690297182840138e-01,4.945225890331667040e-01,4.441325565153528832e-01,3.074567412902882713e-01,1.197908756542958031e-01
1.625438855543387684e-01,1.828614805715739755e-01,6.357371721498923378e-01,-1.112911630709599586e-02,6.310198345214483862e-01,2.629487440416538035e-01,-3.610104997754362000e-01,-5.645262933052324072e-01,4.618892894008963523e-01,5.006265310617104003e-01,9.074259901330372635e-03,3.589479472019489470e-01,-2.497950982161254996e-01,4.415829649622441955e-01,6.343653606558118108e-02,3.141249991075410475e-01,1.015236999603258833e-01,3.283844219681106291e-01,1.153386234805807570e-01,2.302209605728358088e-01,5.148523406688121362e-01,6.437285667488464869e-01,4.246186741383913832e-01,4.511309947821606769e-01,5.248335426425925210e-01,2.413222822014555735e-01,3.969650965476301252e-01,4.749826817383169808e-01,2.545616123853899904e-01,3.388404272037874865e-01,6.120621229783295147e-01,5.230826639688808122e-01,1.000000000000000000e+00,5.859891093349895996e-01,3.231102736144682019e-01,2.184910133278495092e-01,3.303825657582981079e-01,4.628719158161855862e-01,3.011679976084389310e-01
4.525587227302911852e-01,4.806945281414681248e-01,4.371243285495527986e-01,1.146829231547562833e-01,4.782180781896299693e-01,6.996205763811831624e-02,-6.765529129229817806e-02,-4.180962186778162670e-01,5.821679168952388350e-01,2.990102356585445098e-01,-1.178760676838405963e-01,1.966623740723766611e-01,-8.853857115862581728e-02,5.042717188638667913e-01,1.580948186963758995e-01,9.368294753311037781e-02,-4.395928976128058580e-02,-1.039108824303911632e-01,-2.224938609068280171e-01,3.531194018460183104e-01,2.754162248516825451e-01,4.934389265742083475e-01,2.724500137972364899e-01,3.740465910914710923e-01,3.147635064246024350e-01,6.665773213346533332e-02,2.397377855118074108e-01,3.990045910502323934e-01,2.419476433914821145e-01,1.404302830849071815e-01,4.141324251499772791e-01,4.664235972099582961e-01,5.859891093349895996e-01,1.000000000000000000e+00,3.116199731460333466e-01,1.852231785766587369e-01,3.029384842572816483e-01,2.775950121760748512e-01,2.910385901707194800e-01
3.892341296112225568e-01,2.794355059031963795e-01,2.190613381282813799e-01,2.723227537550262367e-01,1.467144093541207783e-01,2.671397579433685832e-01,4.771498455298415348e-02,-1.597797294078308339e-01,4.839071732174189955e-01,2.950174753745163914e-01,6.316173355671270140e-02,3.612017486326251636e-01,4.947294034547484176e-01,6.063828854491256637e-01,3.451728212575370658e-01,2.688054952092752692e-01,-1.588893437125955821e-01,1.205297711101030594e-01,4.709638567227508038e-02,2.505709299215163055e-01,2.097279515620298629e-01,2.415062306468873654e-01,4.460668696480165618e-01,2.162100749762303487e-01,3.459365136808338903e-01,2.872687667763268449e-01,3.778556996240597932e-01,4.621928533744257828e-01,6.816007654541240690e-01,3.392881879723637639e-01,3.476589529029998071e-01,4.312690297182840138e-01,3.231102736144682019e-01,3.116199731460333466e-01,1.000000000000000000e+00,4.441449150753088992e-01,6.899242464452900458e-01,3.270108817205841234e-01,1.830052474081227398e-01
5.245369924295046893e-01,4.494205816636196449e-01,2.879093588086080180e-01,3.944898797449525969e-04,2.859456046727002487e-01,2.257476298855898011e-01,-4.871572561460259243e-02,-2.487026558605028859e-01,5.325972441119262157e-01,4.893381295675190978e-01,-4.565264964572531697e-02,2.512563440429928519e-01,8.003314081318894935e-02,4.892092998328513853e-01,2.398173611633998281e-01,3.894750291096644168e-01,-3.323704078661395001e-02,1.333835570067511966e-01,2.945959204192126132e-02,1.262716156426421654e-01,2.101653151211703430e-01,2.963254025549342252e-01,3.338484343148753197e-01,6.338929074393480356e-02,3.249560804523627944e-01,3.950775600893840500e-01,3.767660700169051524e-01,3.397906594481110432e-01,6.215623991831412676e-01,5.654245128671423481e-01,2.533786824416110472e-01,4.945225890331667040e-01,2.184910133278495092e-01,1.852231785766587369e-01,4.441449150753088992e-01,1.000000000000000000e+00,4.436733458962878740e-01,4.448892601749679376e-01,3.330804000931834596e-01
5.151330876132216297e-01,4.568918161619081597e-01,2.260965218329236970e-01,1.800013882665381371e-01,2.339281758540330547e-01,2.584014924595917639e-01,-9.340956527591986677e-03,-2.051590062947204474e-01,5.405179019792812900e-01,4.024451984244631908e-01,5.738969920058940855e-02,2.607764651240190301e-01,3.776921118075171058e-01,6.087267756797806184e-01,1.778698906820839198e-01,3.054920685206069519e-01,-1.197593813066164248e-01,1.813974835500917204e-01,1.630022351486096199e-02,1.350551320085046358e-01,1.292398769473572240e-01,2.085187339972179588e-01,4.323486204363491403e-01,3.181790689771711866e-01,3.560368075429489187e-01,2.773496373844100971e-01,3.468149077057737784e-01,4.613377282099098697e-01,7.179969198378065576e-01,3.432749943518089153e-01,3.334248991668664619e-01,4.441325565153528832e-01,3.303825657582981079e-01,3.029384842572816483e-01,6.899242464452900458e-01,4.436733458962878740e-01,1.000000000000000000e+00,3.328015805742413624e-01,2.156369545580079927e-01
3.040171332785215341e-01,1.706453272648898456e-01,4.076109520229894145e-01,1.530742797251422038e-01,5.542615322346003959e-01,4.400275728838214800e-02,-3.262217945358601989e-01,-3.639642716768181629e-01,5.985007442697799496e-01,6.923737876751614451e-01,6.239322128906898274e-02,5.965388829012939764e-01,-5.649720070959038387e-02,5.176297982870062819e-01,3.896210648116533726e-01,6.561834618026279875e-01,-3.441987640871931042e-02,7.053237462048747020e-01,5.240782867487722152e-01,2.008306118510774507e-01,2.984776750883479934e-01,4.423423266129603015e-01,5.168424348036043670e-01,4.156925163526524747e-01,4.078252639572496618e-01,6.051829504832511031e-01,4.237595296331557737e-01,6.219129032850077010e-01,5.092952942985684572e-01,6.129988152666289158e-01,4.782592226393576618e-01,3.074567412902882713e-01,4.628719158161855862e-01,2.775950121760748512e-01,3.270108817205841234e-01,4.448892601749679376e-01,3.328015805742413624e-01,1.000000000000000000e+00,6.726836868467044317e-01
3.632175263205289495e-01,2.125590988561458505e-01,4.971137469489192440e-01,2.215466284356891469e-01,5.552882230533516816e-01,-2.605368872983951367e-01,-1.180633608654267225e-01,-5.016054193489074553e-01,5.334179656631885535e-01,7.238589642981957395e-01,-1.178622046333615697e-01,4.106128274728210181e-01,-6.397320468840134167e-02,5.091163368573399239e-01,1.258597719962307460e-01,5.977875533539838138e-01,-2.885961533165894433e-01,5.221081445247938158e-01,5.608576985995420427e-01,2.062661157208347529e-01,3.178764080518362012e-01,3.581612359155430525e-01,4.935860772394045082e-01,3.792906414528843251e-01,4.742691935053974794e-01,2.324385941700514158e-01,2.188854422294474189e-01,5.723628239287819053e-01,3.246148789923184452e-01,6.033723655939844388e-01,4.997325789141313646e-01,1.197908756542958031e-01,3.011679976084389310e-01,2.910385901707194800e-01,1.830052474081227398e-01,3.330804000931834596e-01,2.156369545580079927e-01,6.726836868467044317e-01,1.000000000000000000e+00
