1.000000000000000000e+00,2.233527831084127502e-01,1.295680449751411556e-01,-3.273155041447964875e-01,-2.586467843781461995e-01,5.524920148786682805e-01,-5.105022149371123419e-01,1.003805421811937611e-02,-3.558710175443584034e-01,3.403637836459436072e-01,2.104095198323684413e-01,-5.433682746138602804e-01,2.817097807048369873e-01,6.551887618838494465e-01,-4.363254346860811483e-01,6.386418504688469167e-01,3.435775299963033658e-01,-2.902528606239527798e-01,-3.787315227178682520e-01,2.978261881721259163e-01,2.513123400684901809e-01,-5.026981038690652159e-01,7.098396184320645563e-01,4.532863453696169276e-01,5.165333899892879943e-01,7.098879282820075298e-01,-1.725486799667563798e-01,6.502323569227920208e-01,6.482296373975413584e-01,4.828034969995869674e-01,-1.668329684755360254e-01,4.391690724733664924e-02,2.873017649365033344e-01,-4.634992947025015075e-01,5.629202449335806158e-01,6.286701061281072533e-01,4.066346445616572103e-01,2.068513462137916981e-01,-4.871532920797383426e-01
2.233527831084127502e-01,1.000000000000000000e+00,4.331988768861046446e-01,1.013469434161834576e-01,2.229511240265726613e-01,3.515117190454617596e-02,1.012488660592043566e-01,-3.911055108462473395e-01,2.903384123012306417e-01,7.322723333376748300e-01,-3.677685570978882212e-02,2.098271452331571807e-01,-3.226442033812789156e-01,5.076718493856522407e-01,6.004903560724381834e-02,5.748499230570615071e-01,-2.934450019676561605e-01,1.897678422103691032e-01,2.369747073992932440e-01,1.440363669315342654e-01,2.573636161240488440e-01,-1.423240876470555430e-02,3.047041467438301177e-01,5.148689416173638511e-01,3.841857686666677041e-01,8.083550863942011444e-02,5.508900474031293015e-01,4.574348410536420440e-02,-8.868798797236517040e-02,4.561961071236093623e-01,5.601347393121549612e-01,6.181555986992421925e-01,1.213785481790480431e-01,1.428522148024524152e-01,-2.512950131638829604e-02,5.541971461838816060e-01,5.342591044089346486e-01,1.223474356812605107e-01,2.680983379253272236e-01
1.295680449751411556e-01,4.331988768861046446e-01,1.000000000000000000e+00,3.995346735414286865e-01,3.009341070133321194e-01,-1.349277206775842831e-03,2.268480090452399123e-01,-8.009183965684074646e-01,2.983472086397757628e-01,5.458034691840626396e-01,-2.990301415976622246e-01,1.617887734055233340e-01,-4.814729256850327488e-01,2.059371801609478081e-01,-5.666837453239388644e-02,2.961119840073352938e-01,-3.870354909534017840e-01,3.425939462471720987e-01,3.417344847992543899e-01,1.453815234423656011e-01,4.515929150004143189e-01,-4.572925614129899619e-02,1.409524574083504678e-01,3.863118380336259539e-01,3.223675297338112755e-01,8.807298857758888433e-02,4.586550532709006145e-01,4.300313183990894100e-02,-1.358157941043020844e-01,4.014080051282521433e-01,5.843139982910693364e-01,2.175178482524230961e-01,3.464591451396973332e-01,1.885036471554877857e-01,2.072888465449034684e-02,1.722447187261250678e-01,4.231738587980041766e-01,2.454092411291229903e-01,2.485762775609420827e-01
-3.273155041447964875e-01,1.013469434161834576e-01,3.995346735414286865e-01,1.000000000000000000e+00,6.853120754645050106e-01,-4.001741962307933664e-01,7.527160609556935444e-01,-5.325279320213152090e-01,6.860629393399767517e-01,2.650834746454418522e-01,-6.287136540415256825e-01,6.781654532109885336e-01,-5.300761131867738341e-01,-4.035197207060396418e-01,5.352702569100521446e-01,-9.418869481252323261e-02,-6.213126076750600246e-01,7.738837220902017311e-01,7.530777133978929783e-01,-6.235246563175996654e-02,1.897140465939990972e-01,5.982465338531116616e-01,-2.991038290291530011e-01,1.144844517218684965e-01,5.621150200664916385e-02,-5.538071010773574221e-01,4.659884156366835839e-01,-4.335967429831321107e-01,-6.195330424457430318e-01,1.181426550557096722e-01,3.705064140862091016e-01,-1.692578714069341850e-01,1.315369819543432510e-02,7.133963263205610472e-01,-6.125124547672953224e-01,-3.395770194430910993e-01,1.552855055648035346e-02,4.413877441545274727e-01,7.011938479020913828e-01
-2.586467843781461995e-01,2.229511240265726613e-01,3.009341070133321194e-01,6.853120754645050106e-01,1.000000000000000000e+00,-5.036674962620750762e-01,6.640475978651152467e-01,-5.511296938443400739e-01,7.943862398234676769e-01,2.935274776921042994e-01,-4.822901463901907992e-01,6.297781878821901991e-01,-4.142868663219147485e-01,-2.937187323005882034e-01,4.997931576315695623e-01,1.137715695405769889e-01,-4.887013128306270104e-01,6.462300419483566483e-01,7.664607233076573545e-01,-3.743552573436720321e-01,-1.380770292186725146e-01,4.930220777941080046e-01,-2.348017503971106257e-01,1.177362698112365547e-01,2.969185710538168460e-02,-5.686106679948674802e-01,3.057188968403459217e-01,-4.934779748374201191e-01,-6.273826545141816258e-01,1.312447016042474213e-01,1.900977112129712543e-01,-1.333389004963010660e-01,-2.702470109259169084e-01,7.652888648245591563e-01,-6.869533167745892621e-01,-2.084351561324958579e-01,-1.251857077907091997e-01,3.603428310741528806e-01,6.625578284754268799e-01
5.524920148786682805e-01,3.515117190454617596e-02,-1.349277206775842831e-03,-4.001741962307933664e-01,-5.036674962620750762e-01,1.000000000000000000e+00,-5.021129789715327307e-01,2.088955944818557953e-01,-6.095982711420646627e-01,1.598632839409764861e-01,4.248278673372686276e-01,-5.692964467863700362e-01,1.952367988750026706e-01,5.099345301237945272e-01,-4.467681770321095258e-01,2.633237045940252097e-01,4.191216231276816973e-01,-3.739717277689939001e-01,-5.130505753760965515e-01,3.854885373904747281e-01,3.577095175804183569e-01,-3.361498726367961876e-01,6.972543917816773629e-01,3.972672980056586312e-01,4.834697116554298457e-01,6.830337499375318533e-01,-1.621720193063240500e-01,5.550426238199595019e-01,7.354917984759663518e-01,3.189631644012901890e-01,-7.191367377926380887e-03,2.345104458477095810e-01,5.689943738603249201e-01,-5.957470826104620532e-01,7.041355523471314326e-01,4.089949735338074821e-01,5.139781400741886275e-01,-1.231903492074978290e-01,-5.686023073163907204e-01
-5.105022149371123419e-01,1.012488660592043566e-01,2.268480090452399123e-01,7.527160609556935444e-01,6.640475978651152467e-01,-5.021129789715327307e-01,1.000000000000000000e+00,-3.976083498850920273e-01,7.214800024789471689e-01,1.386687281084368617e-01,-5.725303310345195573e-01,7.900290343270718330e-01,-5.562072122216459302e-01,-4.909751427107301724e-01,6.890661023558538600e-01,-2.574597827470748168e-01,-6.458635624100410588e-01,7.654247452236900839e-01,7.998612945464907975e-01,-2.498941773196810268e-01,8.353119443735541882e-02,7.649666822230094532e-01,-4.605258870042961417e-01,1.839514741277655657e-02,-1.305470591273623637e-01,-7.298798208387116127e-01,4.967348762392664319e-01,-6.348205089406352419e-01,-7.467469422332032591e-01,-1.082054664126385624e-01,3.711318684275654034e-01,-9.117191390512854876e-02,-7.242308937222878551e-02,8.049288739631061951e-01,-7.335439325846145886e-01,-4.034764468579073449e-01,-1.241608853547490898e-01,3.206902879810112905e-01,7.832913407621444613e-01
1.003805421811937611e-02,-3.911055108462473395e-01,-8.009183965684074646e-01,-5.325279320213152090e-01,-5.511296938443400739e-01,2.088955944818557953e-01,-3.976083498850920273e-01,1.000000000000000000e+00,-5.256655667657250675e-01,-5.076087151244345064e-01,3.760633935393150051e-01,-3.293784882419570903e-01,4.692886276249479405e-01,-4.294241527766222422e-02,-1.163270631970028945e-01,-2.749407292509120082e-01,4.456944454488345753e-01,-4.590998603167312786e-01,-5.395974109254697559e-01,1.010671718418132692e-01,-2.133274194608432428e-01,-1.101043585559168120e-01,-1.153926691489287441e-02,-3.030372037712603661e-01,-2.446214435477550020e-01,1.491681604489358548e-01,-4.034460301103668378e-01,1.338653895017134499e-01,3.321434830107982128e-01,-3.461589385203849845e-01,-4.701548112766356646e-01,-1.008693676157037949e-01,-1.190149413982750093e-01,-4.231475230561006495e-01,2.468539920012078059e-01,-5.109076373329123760e-02,-2.266295863978829428e-01,-2.754834073027966901e-01,-4.058050189752128167e-01
-3.558710175443584034e-01,2.903384123012306417e-01,2.983472086397757628e-01,6.860629393399767517e-01,7.943862398234676769e-01,-6.095982711420646627e-01,7.214800024789471689e-01,-5.256655667657250675e-01,1.000000000000000000e+00,2.965753462194262724e-01,-5.558668912088085001e-01,7.682681584244059891e-01,-4.880320856988585865e-01,-3.082486386254029709e-01,6.002474900539984670e-01,5.173643540663430684e-02,-6.339989052064702868e-01,7.279264506109707211e-01,8.304548716040904832e-01,-3.408240512707424452e-01,-6.893881562322724810e-02,5.323559009440438361e-01,-3.362183696788649256e-01,9.664023540964591930e-02,-3.061548748864069414e-02,-6.477872752901657760e-01,4.501074579462103209e-01,-5.786526235108271354e-01,-7.417116382812203312e-01,3.827636936022007358e-02,2.912119507945853947e-01,-5.703166385191377197e-02,-3.105242999518028624e-01,8.277584811474869575e-01,-7.538861055289305391e-01,-2.264903084959191404e-01,-1.172716692878494338e-01,4.180839220087320118e-01,7.940154154865308733e-01
3.403637836459436072e-01,7.322723333376748300e-01,5.458034691840626396e-01,2.650834746454418522e-01,2.935274776921042994e-01,1.598632839409764861e-01,1.386687281084368617e-01,-5.076087151244345064e-01,2.965753462194262724e-01,1.000000000000000000e+00,-2.058898847551300926e-01,1.619563898696591286e-01,-3.190670321351743444e-01,5.165604231421472292e-01,2.509480855770034394e-02,6.612719070564999635e-01,-3.065098473673955048e-01,3.180037934628488494e-01,3.067876434430055199e-01,2.066636013928753457e-01,3.831559289018054426e-01,-2.716301239595423148e-02,4.552281068609366765e-01,6.708720211615434303e-01,6.189795051814347415e-01,1.744954278363121947e-01,4.979220208953608062e-01,1.551625000077722361e-01,-1.265740484442849298e-02,6.905396467325431997e-01,5.141916439465593625e-01,4.000921998809431890e-01,2.370003712498981452e-01,1.402066062716786909e-01,1.985181175048161134e-02,5.382021314987446292e-01,6.267184623298203139e-01,2.855471165137756784e-01,2.414788382299917213e-01
2.104095198323684413e-01,-3.677685570978882212e-02,-2.990301415976622246e-01,-6.287136540415256825e-01,-4.822901463901907992e-01,4.248278673372686276e-01,-5.725303310345195573e-01,3.760633935393150051e-01,-5.558668912088085001e-01,-2.058898847551300926e-01,1.000000000000000000e+00,-5.533781869825902255e-01,3.886910228804920098e-01,3.178368691455199513e-01,-5.038182842172534981e-01,1.073091820364554250e-01,6.530200691786313127e-01,-6.843400504467290757e-01,-6.271474854491503326e-01,3.546808511902361377e-02,-2.825989059678770676e-01,-3.725818944278519451e-01,2.065131521598699837e-01,-2.585279517743711009e-01,-2.050662690748891737e-01,4.493059970680116089e-01,-3.633240327042255857e-01,3.061128402139752791e-01,5.683900982823251180e-01,-3.782514691665152251e-02,-1.880789798767736332e-01,2.786375620763285044e-01,1.442600930457253738e-01,-5.786789712423136001e-01,5.578024967695111025e-01,3.051992483952314372e-01,-5.525130387212379146e-02,-6.070440930436491467e-01,-6.004614298308912357e-01
-5.433682746138602804e-01,2.098271452331571807e-01,1.617887734055233340e-01,6.781654532109885336e-01,6.297781878821901991e-01,-5.692964467863700362e-01,7.900290343270718330e-01,-3.293784882419570903e-01,7.682681584244059891e-01,1.619563898696591286e-01,-5.533781869825902255e-01,1.000000000000000000e+00,-5.396162653110292418e-01,-4.274181284735701358e-01,7.349846436097176028e-01,-2.143827235533862785e-01,-7.120074056751689584e-01,7.497489184775518734e-01,7.838084122326601788e-01,-2.116743311045020670e-01,6.049231889657619848e-02,7.028955161423601217e-01,-4.691646116979285575e-01,2.249833206572440097e-02,-1.351658411606210253e-01,-7.566863933120538954e-01,5.835265109934011374e-01,-6.459367529007805642e-01,-7.917031017310268703e-01,-1.473154935082443828e-01,3.933765080854261242e-01,5.834586056177905322e-02,-2.061904508740780573e-01,8.096476701232139250e-01,-7.654145922861356199e-01,-3.481580869392899569e-01,-6.229090908488563172e-02,3.600547679365130316e-01,8.533057024236540000e-01
2.817097807048369873e-01,-3.226442033812789156e-01,-4.814729256850327488e-01,-5.300761131867738341e-01,-4.142868663219147485e-01,1.952367988750026706e-01,-5.562072122216459302e-01,4.692886276249479405e-01,-4.880320856988585865e-01,-3.190670321351743444e-01,3.886910228804920098e-01,-5.396162653110292418e-01,1.000000000000000000e+00,1.709030968676218121e-01,-3.291703183198596006e-01,8.619572353923633801e-02,6.458159585863085805e-01,-6.182471076299757007e-01,-5.846884062899443402e-01,9.878750736091468365e-02,-3.775603783439979155e-01,-4.106637783177257139e-01,1.938146928871547214e-01,-1.986058579810955627e-01,-5.228176261348803366e-02,3.420526023905716140e-01,-6.137593301031520898e-01,5.263277133356595305e-01,5.145528044544809276e-01,-3.811585023071402401e-02,-6.594168678671707973e-01,-2.039819113507257697e-01,-1.491469243922053378e-01,-4.895963780981641977e-01,3.324805797623067161e-01,1.781949413430981843e-01,-2.337782492189676709e-01,-2.817838664829588891e-01,-5.970646192890628479e-01
6.551887618838494465e-01,5.076718493856522407e-01,2.059371801609478081e-01,-4.035197207060396418e-01,-2.937187323005882034e-01,5.099345301237945272e-01,-4.909751427107301724e-01,-4.294241527766222422e-02,-3.082486386254029709e-01,5.165604231421472292e-01,3.178368691455199513e-01,-4.274181284735701358e-01,1.709030968676218121e-01,1.000000000000000000e+00,-4.481412369278235941e-01,6.667873916184012817e-01,2.651885543970112225e-01,-3.243515271146255596e-01,-3.555263708167943904e-01,3.176561308792944516e-01,2.497149769514175055e-01,-5.257518337975986000e-01,6.891140257873211716e-01,5.382581091683603658e-01,5.228955512266080241e-01,6.738746511539112083e-01,5.227699173652360087e-02,5.284690320689745535e-01,5.695890584194740480e-01,5.000242315282414918e-01,1.189607686976885959e-01,4.249424284727361667e-01,2.790958097165432417e-01,-4.640322479739686368e-01,5.729259028534166021e-01,7.501927855630909914e-01,5.459602887952468286e-01,-2.731750840318402512e-02,-3.871292288535146398e-01
-4.363254346860811483e-01,6.004903560724381834e-02,-5.666837453239388644e-02,5.352702569100521446e-01,4.997931576315695623e-01,-4.467681770321095258e-01,6.890661023558538600e-01,-1.163270631970028945e-01,6.002474900539984670e-01,2.509480855770034394e-02,-5.038182842172534981e-01,7.349846436097176028e-01,-3.291703183198596006e-01,-4.481412369278235941e-01,1.000000000000000000e+00,-2.773888631675364147e-01,-5.865930151948993698e-01,6.451647831030266067e-01,6.481557820377402690e-01,-1.996445530222757114e-01,9.800416646629633854e-02,7.322433745808670791e-01,-4.059234167950818706e-01,3.326473648468033367e-02,-1.098172909892699695e-01,-7.044918574228020702e-01,4.586533766549682478e-01,-5.065294686953792924e-01,-6.527037481478311642e-01,-2.831727920739555704e-01,1.693883166693344877e-01,-2.727244436309769066e-02,-1.814849063906592841e-01,7.201316596459623742e-01,-7.196854727141778207e-01,-3.747225406178879004e-01,-8.333355514331604319e-02,4.188489834571735848e-01,7.164134470268006538e-01
6.386418504688469167e-01,5.748499230570615071e-01,2.961119840073352938e-01,-9.418869481252323261e-02,1.137715695405769889e-01,2.633237045940252097e-01,-2.574597827470748168e-01,-2.749407292509120082e-01,5.173643540663430684e-02,6.612719070564999635e-01,1.073091820364554250e-01,-2.143827235533862785e-01,8.619572353923633801e-02,6.667873916184012817e-01,-2.773888631675364147e-01,1.000000000000000000e+00,1.024244304747879142e-01,-8.365998099332074001e-02,-4.050511222511587323e-02,1.676870332581543721e-01,7.514752462462992444e-02,-3.688140055773696524e-01,6.176453276498741207e-01,5.162781453068229220e-01,5.400838117418139683e-01,4.444962267517420518e-01,7.076342018272592516e-02,4.189557035560434461e-01,3.138834360579796368e-01,6.470938773382153286e-01,7.468053565038176855e-02,2.520124141756678871e-01,5.491320143376905022e-02,-1.448156836127929836e-01,2.487799529159457068e-01,6.586954207293446162e-01,4.193428228384983858e-01,1.670532082289447606e-01,-1.461256405832673244e-01
3.435775299963033658e-01,-2.934450019676561605e-01,-3.870354909534017840e-01,-6.213126076750600246e-01,-4.887013128306270104e-01,4.191216231276816973e-01,-6.458635624100410588e-01,4.456944454488345753e-01,-6.339989052064702868e-01,-3.065098473673955048e-01,6.530200691786313127e-01,-7.120074056751689584e-01,6.458159585863085805e-01,2.651885543970112225e-01,-5.865930151948993698e-01,1.024244304747879142e-01,1.000000000000000000e+00,-7.361416291585411997e-01,-6.955263285954412789e-01,2.838105122881753178e-02,-3.308974465829097600e-01,-4.652124387280346385e-01,2.977477083055196649e-01,-1.843416828041326005e-01,-5.434661294365488587e-02,5.348227543729945355e-01,-6.695315604191947045e-01,4.709129708930019920e-01,6.835538859747840590e-01,2.392927963068221600e-02,-4.928010951261009853e-01,-1.379706376009310620e-01,1.192438000712006119e-01,-6.399362156795692647e-01,5.589118901929532868e-01,2.432268672049594793e-01,-2.122274351129754266e-01,-5.342496096942694894e-01,-7.609232384309392305e-01
-2.902528606239527798e-01,1.897678422103691032e-01,3.425939462471720987e-01,7.738837220902017311e-01,6.462300419483566483e-01,-3.739717277689939001e-01,7.654247452236900839e-01,-4.590998603167312786e-01,7.279264506109707211e-01,3.180037934628488494e-01,-6.843400504467290757e-01,7.497489184775518734e-01,-6.182471076299757007e-01,-3.243515271146255596e-01,6.451647831030266067e-01,-8.365998099332074001e-02,-7.361416291585411997e-01,1.000000000000000000e+00,8.155458496820372494e-01,-1.380690296842444764e-01,3.126037074142975491e-01,6.327837212221085750e-01,-2.372415221769421934e-01,2.428734584087230974e-01,1.165617129217316472e-01,-5.585372182883658887e-01,5.651726662909299925e-01,-5.095009243151383815e-01,-6.579141086959435780e-01,6.818047757192796654e-02,3.929223695509319048e-01,-9.373625868913687542e-02,-9.760699614085517964e-03,7.551194926375736083e-01,-6.251868213374031091e-01,-2.817033858011851466e-01,1.051807094116343627e-01,5.792446929309367221e-01,7.771740702525218314e-01
-3.787315227178682520e-01,2.369747073992932440e-01,3.417344847992543899e-01,7.530777133978929783e-01,7.664607233076573545e-01,-5.130505753760965515e-01,7.998612945464907975e-01,-5.395974109254697559e-01,8.304548716040904832e-01,3.067876434430055199e-01,-6.271474854491503326e-01,7.838084122326601788e-01,-5.846884062899443402e-01,-3.555263708167943904e-01,6.481557820377402690e-01,-4.050511222511587323e-02,-6.955263285954412789e-01,8.155458496820372494e-01,1.000000000000000000e+00,-3.157602619337492866e-01,8.602300407918590797e-02,6.355131941074868562e-01,-3.184528607689045554e-01,1.571363798992104766e-01,2.726804106030060459e-02,-6.556602392586075023e-01,5.082977123284337928e-01,-5.912134221889727703e-01,-7.425833439175530959e-01,3.452025298464910658e-02,3.572531583773641550e-01,-6.961022048176027099e-02,-1.679800580476970284e-01,8.343975482037517821e-01,-7.328003292369945632e-01,-2.883460360136929079e-01,-3.695026703950324981e-02,4.608799886201791485e-01,8.097692187111698026e-01
2.978261881721259163e-01,1.440363669315342654e-01,1.453815234423656011e-01,-6.235246563175996654e-02,-3.743552573436720321e-01,3.854885373904747281e-01,-2.498941773196810268e-01,1.010671718418132692e-01,-3.408240512707424452e-01,2.066636013928753457e-01,3.546808511902361377e-02,-2.116743311045020670e-01,9.878750736091468365e-02,3.176561308792944516e-01,-1.996445530222757114e-01,1.676870332581543721e-01,2.838105122881753178e-02,-1.380690296842444764e-01,-3.157602619337492866e-01,1.000000000000000000e+00,4.658891796613924829e-01,-2.367443651872403465e-01,2.845767029858170538e-01,2.368018960241300985e-01,2.912756533428115802e-01,3.988525240671657035e-01,1.778932175170386265e-01,4.827461574984740489e-01,3.646932604452036708e-01,2.545481116536021937e-01,2.111175292527928959e-01,2.688625328362732048e-01,4.237529335939776431e-01,-3.633474870063485018e-01,4.235539691140385310e-01,2.433297879246317241e-01,5.047592307835019332e-01,6.199014002204522589e-02,-2.043709314896653695e-01
2.513123400684901809e-01,2.573636161240488440e-01,4.515929150004143189e-01,1.897140465939990972e-01,-1.380770292186725146e-01,3.577095175804183569e-01,8.353119443735541882e-02,-2.133274194608432428e-01,-6.893881562322724810e-02,3.831559289018054426e-01,-2.825989059678770676e-01,6.049231889657619848e-02,-3.775603783439979155e-01,2.497149769514175055e-01,9.800416646629633854e-02,7.514752462462992444e-02,-3.308974465829097600e-01,3.126037074142975491e-01,8.602300407918590797e-02,4.658891796613924829e-01,1.000000000000000000e+00,6.349813024197152600e-02,3.024451078978245833e-01,5.229751510875102483e-01,4.324934913547227588e-01,2.426401992551954490e-01,5.156435225345823437e-01,1.726682370812591127e-01,1.025783039643047428e-01,2.351536831228631941e-01,4.999624582987352572e-01,2.499231105151279997e-01,6.161270455673214519e-01,-4.789350292332284625e-02,2.295606678836858983e-01,1.564236694136810768e-01,6.481413161579250293e-01,4.012683817634032368e-01,1.140770875319147698e-01
-5.026981038690652159e-01,-1.423240876470555430e-02,-4.572925614129899619e-02,5.982465338531116616e-01,4.930220777941080046e-01,-3.361498726367961876e-01,7.649666822230094532e-01,-1.101043585559168120e-01,5.323559009440438361e-01,-2.716301239595423148e-02,-3.725818944278519451e-01,7.028955161423601217e-01,-4.106637783177257139e-01,-5.257518337975986000e-01,7.322433745808670791e-01,-3.688140055773696524e-01,-4.652124387280346385e-01,6.327837212221085750e-01,6.355131941074868562e-01,-2.367443651872403465e-01,6.349813024197152600e-02,1.000000000000000000e+00,-4.293540908714127413e-01,-6.235366684369744728e-02,-1.876570922055408319e-01,-6.914367455990729772e-01,3.981996997790309689e-01,-5.650952490641724113e-01,-6.025256613995713106e-01,-2.436169566307843370e-01,2.618986954541011603e-01,-7.347056683053523884e-02,2.932329485292866147e-02,6.899011063107887143e-01,-6.465840589618672141e-01,-4.176510483333965573e-01,-1.561887729104992628e-01,1.951290551128570805e-01,6.484816176215778549e-01
7.098396184320645563e-01,3.047041467438301177e-01,1.409524574083504678e-01,-2.991038290291530011e-01,-2.348017503971106257e-01,6.972543917816773629e-01,-4.605258870042961417e-01,-1.153926691489287441e-02,-3.362183696788649256e-01,4.552281068609366765e-01,2.065131521598699837e-01,-4.691646116979285575e-01,1.938146928871547214e-01,6.891140257873211716e-01,-4.059234167950818706e-01,6.176453276498741207e-01,2.977477083055196649e-01,-2.372415221769421934e-01,-3.184528607689045554e-01,2.845767029858170538e-01,3.024451078978245833e-01,-4.293540908714127413e-01,1.000000000000000000e+00,6.605190883549741931e-01,7.314132949790215221e-01,6.720054838275348885e-01,-9.510744073025213796e-02,5.520148614906109641e-01,6.247055146470870124e-01,5.691056128730122010e-01,-2.546799342383168629e-02,2.218754998464857742e-01,3.411806138581066628e-01,-4.309402557193207084e-01,5.395937494315294902e-01,5.737160929881885973e-01,5.781428698437173219e-01,1.137167654767345798e-01,-4.248802298262350785e-01
4.532863453696169276e-01,5.148689416173638511e-01,3.863118380336259539e-01,1.144844517218684965e-01,1.177362698112365547e-01,3.972672980056586312e-01,1.839514741277655657e-02,-3.030372037712603661e-01,9.664023540964591930e-02,6.708720211615434303e-01,-2.585279517743711009e-01,2.249833206572440097e-02,-1.986058579810955627e-01,5.382581091683603658e-01,3.326473648468033367e-02,5.162781453068229220e-01,-1.843416828041326005e-01,2.428734584087230974e-01,1.571363798992104766e-01,2.368018960241300985e-01,5.229751510875102483e-01,-6.235366684369744728e-02,6.605190883549741931e-01,1.000000000000000000e+00,8.072939127681431071e-01,2.960310431406614762e-01,3.365474042965131973e-01,2.320179923470012118e-01,1.691299852389939740e-01,5.601368905452803748e-01,3.172858624957100582e-01,2.798138264155102251e-01,3.333573591698233418e-01,2.374048281595995610e-02,1.261503495078920845e-01,4.296229706765783418e-01,6.886550785905383165e-01,3.838150377835093385e-01,8.122191139119626369e-02
5.165333899892879943e-01,3.841857686666677041e-01,3.223675297338112755e-01,5.621150200664916385e-02,2.969185710538168460e-02,4.834697116554298457e-01,-1.305470591273623637e-01,-2.446214435477550020e-01,-3.061548748864069414e-02,6.189795051814347415e-01,-2.050662690748891737e-01,-1.351658411606210253e-01,-5.228176261348803366e-02,5.228955512266080241e-01,-1.098172909892699695e-01,5.400838117418139683e-01,-5.434661294365488587e-02,1.165617129217316472e-01,2.726804106030060459e-02,2.912756533428115802e-01,4.324934913547227588e-01,-1.876570922055408319e-01,7.314132949790215221e-01,8.072939127681431071e-01,1.000000000000000000e+00,4.003935384743371184e-01,1.597628285073274534e-01,3.851964564023321325e-01,3.012901051373343964e-01,6.027350435012862606e-01,1.768484027515890289e-01,1.761744122688339853e-01,3.137392722960120062e-01,-1.158331970002967198e-01,2.292551588504158633e-01,4.203802984197796411e-01,6.668417137061286581e-01,3.283000726735454400e-01,-7.100333066959288453e-02
7.098879282820075298e-01,8.083550863942011444e-02,8.807298857758888433e-02,-5.538071010773574221e-01,-5.686106679948674802e-01,6.830337499375318533e-01,-7.298798208387116127e-01,1.491681604489358548e-01,-6.477872752901657760e-01,1.744954278363121947e-01,4.493059970680116089e-01,-7.566863933120538954e-01,3.420526023905716140e-01,6.738746511539112083e-01,-7.044918574228020702e-01,4.444962267517420518e-01,5.348227543729945355e-01,-5.585372182883658887e-01,-6.556602392586075023e-01,3.988525240671657035e-01,2.426401992551954490e-01,-6.914367455990729772e-01,6.720054838275348885e-01,2.960310431406614762e-01,4.003935384743371184e-01,1.000000000000000000e+00,-2.833428871133621407e-01,7.056369083791751429e-01,8.105485580916508281e-01,3.948345955429701237e-01,-1.059050858595335376e-01,1.228906983992791441e-01,4.190949669153005153e-01,-7.533265337437620168e-01,8.224914001276911746e-01,5.621640940385650431e-01,3.864342919162005452e-01,-1.478687447130636323e-01,-7.162485156395045349e-01
-1.725486799667563798e-01,5.508900474031293015e-01,4.586550532709006145e-01,4.659884156366835839e-01,3.057188968403459217e-01,-1.621720193063240500e-01,4.967348762392664319e-01,-4.034460301103668378e-01,4.501074579462103209e-01,4.979220208953608062e-01,-3.633240327042255857e-01,5.835265109934011374e-01,-6.137593301031520898e-01,5.227699173652360087e-02,4.586533766549682478e-01,7.076342018272592516e-02,-6.695315604191947045e-01,5.651726662909299925e-01,5.082977123284337928e-01,1.778932175170386265e-01,5.156435225345823437e-01,3.981996997790309689e-01,-9.510744073025213796e-02,3.365474042965131973e-01,1.597628285073274534e-01,-2.833428871133621407e-01,1.000000000000000000e+00,-2.731771654335957700e-01,-4.313057217393600484e-01,1.105513736845926132e-01,7.387962847760138896e-01,4.750003966989040372e-01,2.172789952568715266e-01,4.265115901991913261e-01,-2.937153090866674865e-01,8.460002188101541087e-02,4.687916633943496336e-01,3.639785277685667619e-01,6.368504953200685437e-01
6.502323569227920208e-01,4.574348410536420440e-02,4.300313183990894100e-02,-4.335967429831321107e-01,-4.934779748374201191e-01,5.550426238199595019e-01,-6.348205089406352419e-01,1.338653895017134499e-01,-5.786526235108271354e-01,1.551625000077722361e-01,3.061128402139752791e-01,-6.459367529007805642e-01,5.263277133356595305e-01,5.284690320689745535e-01,-5.065294686953792924e-01,4.189557035560434461e-01,4.709129708930019920e-01,-5.095009243151383815e-01,-5.912134221889727703e-01,4.827461574984740489e-01,1.726682370812591127e-01,-5.650952490641724113e-01,5.520148614906109641e-01,2.320179923470012118e-01,3.851964564023321325e-01,7.056369083791751429e-01,-2.731771654335957700e-01,1.000000000000000000e+00,7.149532301500233222e-01,3.519200322879776355e-01,-1.880085264129375822e-01,8.009367374103090742e-02,3.424531355800775612e-01,-6.369918758398586123e-01,6.506426946686308943e-01,4.946519694682642299e-01,3.552456564070825551e-01,-8.365893013050963722e-02,-6.357696331595249495e-01
6.482296373975413584e-01,-8.868798797236517040e-02,-1.358157941043020844e-01,-6.195330424457430318e-01,-6.273826545141816258e-01,7.354917984759663518e-01,-7.467469422332032591e-01,3.321434830107982128e-01,-7.417116382812203312e-01,-1.265740484442849298e-02,5.683900982823251180e-01,-7.917031017310268703e-01,5.145528044544809276e-01,5.695890584194740480e-01,-6.527037481478311642e-01,3.138834360579796368e-01,6.835538859747840590e-01,-6.579141086959435780e-01,-7.425833439175530959e-01,3.646932604452036708e-01,1.025783039643047428e-01,-6.025256613995713106e-01,6.247055146470870124e-01,1.691299852389939740e-01,3.012901051373343964e-01,8.105485580916508281e-01,-4.313057217393600484e-01,7.149532301500233222e-01,1.000000000000000000e+00,2.536884774568352041e-01,-2.786992429032604246e-01,7.570106065078784086e-02,3.906776145750719964e-01,-7.780330410129343566e-01,8.096568351245476691e-01,4.738894675948205348e-01,2.644718953111832582e-01,-2.660711363595473222e-01,-7.973872294874749800e-01
4.828034969995869674e-01,4.561961071236093623e-01,4.014080051282521433e-01,1.181426550557096722e-01,1.312447016042474213e-01,3.189631644012901890e-01,-1.082054664126385624e-01,-3.461589385203849845e-01,3.827636936022007358e-02,6.905396467325431997e-01,-3.782514691665152251e-02,-1.473154935082443828e-01,-3.811585023071402401e-02,5.000242315282414918e-01,-2.831727920739555704e-01,6.470938773382153286e-01,2.392927963068221600e-02,6.818047757192796654e-02,3.452025298464910658e-02,2.545481116536021937e-01,2.351536831228631941e-01,-2.436169566307843370e-01,5.691056128730122010e-01,5.601368905452803748e-01,6.027350435012862606e-01,3.948345955429701237e-01,1.105513736845926132e-01,3.519200322879776355e-01,2.536884774568352041e-01,1.000000000000000000e+00,2.310700076492598065e-01,1.500862298714804310e-01,2.700574434829672299e-01,-1.213922808220067734e-01,2.337745327882717605e-01,5.429670579854383172e-01,4.805135009621155917e-01,1.534281752537176302e-01,-9.508987893525086554e-02
-1.668329684755360254e-01,5.601347393121549612e-01,5.843139982910693364e-01,3.705064140862091016e-01,1.900977112129712543e-01,-7.191367377926380887e-03,3.711318684275654034e-01,-4.701548112766356646e-01,2.912119507945853947e-01,5.141916439465593625e-01,-1.880789798767736332e-01,3.933765080854261242e-01,-6.594168678671707973e-01,1.189607686976885959e-01,1.693883166693344877e-01,7.468053565038176855e-02,-4.928010951261009853e-01,3.929223695509319048e-01,3.572531583773641550e-01,2.111175292527928959e-01,4.999624582987352572e-01,2.618986954541011603e-01,-2.546799342383168629e-02,3.172858624957100582e-01,1.768484027515890289e-01,-1.059050858595335376e-01,7.387962847760138896e-01,-1.880085264129375822e-01,-2.786992429032604246e-01,2.310700076492598065e-01,1.000000000000000000e+00,5.206313646277158647e-01,4.142976878916318495e-01,2.497683623042933898e-01,-8.481920860646934013e-02,1.297291585490245869e-01,4.902880919825960970e-01,7.043930067321335642e-02,4.370893523029229510e-01
4.391690724733664924e-02,6.181555986992421925e-01,2.175178482524230961e-01,-1.692578714069341850e-01,-1.333389004963010660e-01,2.345104458477095810e-01,-9.117191390512854876e-02,-1.008693676157037949e-01,-5.703166385191377197e-02,4.000921998809431890e-01,2.786375620763285044e-01,5.834586056177905322e-02,-2.039819113507257697e-01,4.249424284727361667e-01,-2.727244436309769066e-02,2.520124141756678871e-01,-1.379706376009310620e-01,-9.373625868913687542e-02,-6.961022048176027099e-02,2.688625328362732048e-01,2.499231105151279997e-01,-7.347056683053523884e-02,2.218754998464857742e-01,2.798138264155102251e-01,1.761744122688339853e-01,1.228906983992791441e-01,4.750003966989040372e-01,8.009367374103090742e-02,7.570106065078784086e-02,1.500862298714804310e-01,5.206313646277158647e-01,1.000000000000000000e+00,1.971291390068540539e-01,-1.165753960578598813e-01,1.966178618247282905e-01,3.743956647759439371e-01,5.732923015114860243e-01,-1.504299004053922528e-01,6.737153400512692347e-02
2.873017649365033344e-01,1.213785481790480431e-01,3.464591451396973332e-01,1.315369819543432510e-02,-2.702470109259169084e-01,5.689943738603249201e-01,-7.242308937222878551e-02,-1.190149413982750093e-01,-3.105242999518028624e-01,2.370003712498981452e-01,1.442600930457253738e-01,-2.061904508740780573e-01,-1.491469243922053378e-01,2.790958097165432417e-01,-1.814849063906592841e-01,5.491320143376905022e-02,1.192438000712006119e-01,-9.760699614085517964e-03,-1.679800580476970284e-01,4.237529335939776431e-01,6.161270455673214519e-01,2.932329485292866147e-02,3.411806138581066628e-01,3.333573591698233418e-01,3.137392722960120062e-01,4.190949669153005153e-01,2.172789952568715266e-01,3.424531355800775612e-01,3.906776145750719964e-01,2.700574434829672299e-01,4.142976878916318495e-01,1.971291390068540539e-01,1.000000000000000000e+00,-2.635101936934287625e-01,4.573823320647803503e-01,2.349794617794552787e-01,4.700824046212019880e-01,-5.992261735528175287e-02,-2.071214786605233837e-01
-4.634992947025015075e-01,1.428522148024524152e-01,1.885036471554877857e-01,7.133963263205610472e-01,7.652888648245591563e-01,-5.957470826104620532e-01,8.049288739631061951e-01,-4.231475230561006495e-01,8.277584811474869575e-01,1.402066062716786909e-01,-5.786789712423136001e-01,8.096476701232139250e-01,-4.895963780981641977e-01,-4.640322479739686368e-01,7.201316596459623742e-01,-1.448156836127929836e-01,-6.399362156795692647e-01,7.551194926375736083e-01,8.343975482037517821e-01,-3.633474870063485018e-01,-4.789350292332284625e-02,6.899011063107887143e-01,-4.309402557193207084e-01,2.374048281595995610e-02,-1.158331970002967198e-01,-7.533265337437620168e-01,4.265115901991913261e-01,-6.369918758398586123e-01,-7.780330410129343566e-01,-1.213922808220067734e-01,2.497683623042933898e-01,-1.165753960578598813e-01,-2.635101936934287625e-01,1.000000000000000000e+00,-8.116283821347313188e-01,-3.761134444220827211e-01,-1.844768605537881467e-01,3.979352073593164785e-01,8.053621744947569994e-01
5.629202449335806158e-01,-2.512950131638829604e-02,2.072888465449034684e-02,-6.125124547672953224e-01,-6.869533167745892621e-01,7.041355523471314326e-01,-7.335439325846145886e-01,2.468539920012078059e-01,-7.538861055289305391e-01,1.985181175048161134e-02,5.578024967695111025e-01,-7.654145922861356199e-01,3.324805797623067161e-01,5.729259028534166021e-01,-7.196854727141778207e-01,2.487799529159457068e-01,5.589118901929532868e-01,-6.251868213374031091e-01,-7.328003292369945632e-01,4.235539691140385310e-01,2.295606678836858983e-01,-6.465840589618672141e-01,5.395937494315294902e-01,1.261503495078920845e-01,2.292551588504158633e-01,8.224914001276911746e-01,-2.937153090866674865e-01,6.506426946686308943e-01,8.096568351245476691e-01,2.337745327882717605e-01,-8.481920860646934013e-02,1.966178618247282905e-01,4.573823320647803503e-01,-8.116283821347313188e-01,1.000000000000000000e+00,4.574575902988269882e-01,3.454324775282032745e-01,-2.912964041437985374e-01,-7.510911801508793895e-01
6.286701061281072533e-01,5.541971461838816060e-01,1.722447187261250678e-01,-3.395770194430910993e-01,-2.084351561324958579e-01,4.089949735338074821e-01,-4.034764468579073449e-01,-5.109076373329123760e-02,-2.264903084959191404e-01,5.382021314987446292e-01,3.051992483952314372e-01,-3.481580869392899569e-01,1.781949413430981843e-01,7.501927855630909914e-01,-3.747225406178879004e-01,6.586954207293446162e-01,2.432268672049594793e-01,-2.817033858011851466e-01,-2.883460360136929079e-01,2.433297879246317241e-01,1.564236694136810768e-01,-4.176510483333965573e-01,5.737160929881885973e-01,4.296229706765783418e-01,4.203802984197796411e-01,5.621640940385650431e-01,8.460002188101541087e-02,4.946519694682642299e-01,4.738894675948205348e-01,5.429670579854383172e-01,1.297291585490245869e-01,3.743956647759439371e-01,2.349794617794552787e-01,-3.761134444220827211e-01,4.574575902988269882e-01,1.000000000000000000e+00,4.468860800311462156e-01,-2.970064189012449826e-02,-3.010721100470187261e-01
4.066346445616572103e-01,5.342591044089346486e-01,4.231738587980041766e-01,1.552855055648035346e-02,-1.251857077907091997e-01,5.139781400741886275e-01,-1.241608853547490898e-01,-2.266295863978829428e-01,-1.172716692878494338e-01,6.267184623298203139e-01,-5.525130387212379146e-02,-6.229090908488563172e-02,-2.337782492189676709e-01,5.459602887952468286e-01,-8.333355514331604319e-02,4.193428228384983858e-01,-2.122274351129754266e-01,1.051807094116343627e-01,-3.695026703950324981e-02,5.047592307835019332e-01,6.481413161579250293e-01,-1.561887729104992628e-01,5.781428698437173219e-01,6.886550785905383165e-01,6.668417137061286581e-01,3.864342919162005452e-01,4.687916633943496336e-01,3.552456564070825551e-01,2.644718953111832582e-01,4.805135009621155917e-01,4.902880919825960970e-01,5.732923015114860243e-01,4.700824046212019880e-01,-1.844768605537881467e-01,3.454324775282032745e-01,4.468860800311462156e-01,1.000000000000000000e+00,2.610402962923205616e-01,-1.302429920290200513e-03
2.068513462137916981e-01,1.223474356812605107e-01,2.454092411291229903e-01,4.413877441545274727e-01,3.603428310741528806e-01,-1.231903492074978290e-01,3.206902879810112905e-01,-2.754834073027966901e-01,4.180839220087320118e-01,2.855471165137756784e-01,-6.070440930436491467e-01,3.600547679365130316e-01,-2.817838664829588891e-01,-2.731750840318402512e-02,4.188489834571735848e-01,1.670532082289447606e-01,-5.342496096942694894e-01,5.792446929309367221e-01,4.608799886201791485e-01,6.199014002204522589e-02,4.012683817634032368e-01,1.951290551128570805e-01,1.137167654767345798e-01,3.838150377835093385e-01,3.283000726735454400e-01,-1.478687447130636323e-01,3.639785277685667619e-01,-8.365893013050963722e-02,-2.660711363595473222e-01,1.534281752537176302e-01,7.043930067321335642e-02,-1.504299004053922528e-01,-5.992261735528175287e-02,3.979352073593164785e-01,-2.912964041437985374e-01,-2.970064189012449826e-02,2.610402962923205616e-01,1.000000000000000000e+00,4.368633187321655509e-01
-4.871532920797383426e-01,2.680983379253272236e-01,2.485762775609420827e-01,7.011938479020913828e-01,6.625578284754268799e-01,-5.686023073163907204e-01,7.832913407621444613e-01,-4.058050189752128167e-01,7.940154154865308733e-01,2.414788382299917213e-01,-6.004614298308912357e-01,8.533057024236540000e-01,-5.970646192890628479e-01,-3.871292288535146398e-01,7.164134470268006538e-01,-1.461256405832673244e-01,-7.609232384309392305e-01,7.771740702525218314e-01,8.097692187111698026e-01,-2.043709314896653695e-01,1.140770875319147698e-01,6.484816176215778549e-01,-4.248802298262350785e-01,8.122191139119626369e-02,-7.100333066959288453e-02,-7.162485156395045349e-01,6.368504953200685437e-01,-6.357696331595249495e-01,-7.973872294874749800e-01,-9.508987893525086554e-02,4.370893523029229510e-01,6.737153400512692347e-02,-2.071214786605233837e-01,8.053621744947569994e-01,-7.510911801508793895e-01,-3.010721100470187261e-01,-1.302429920290200513e-03,4.368633187321655509e-01,1.000000000000000000e+00
