1.000000000000000000e+00,7.361916720959178484e-01,1.578017341192764211e-01,1.678848826185717902e-01,2.502632484494566878e-01,2.870889997994934828e-01,3.388280440715931152e-01,-2.054533056621080656e-01,-1.672767128405019399e-01,6.591871510800936251e-01,3.285849560875561126e-01,-3.844370012811019754e-01,3.253480728812396805e-01,2.243488095188227727e-01,-3.862132462440271419e-01,2.405160130719057321e-01,3.141945634652635877e-01,-2.027156155439422680e-01,-2.355655797580700206e-01,-1.738904522348671544e-01,4.174181909789966283e-01,3.791009902919449948e-01,3.401938534108792794e-02,-2.371631627061952519e-01,3.312805871107112332e-01,1.272502581526397114e-01,2.964133665406959994e-01,5.559216491672627214e-01,2.634083945498397195e-01,2.758594997065142995e-01,4.744589272486527398e-01,5.499198217001322053e-01,4.171489822716987761e-01,-1.721477661616269417e-01,3.419504480510051070e-01,6.445143101745069991e-01,3.924329400409571345e-01,-5.051119330274112668e-02,-1.392103179971982685e-01
7.361916720959178484e-01,1.000000000000000000e+00,3.676402222885604143e-01,2.640058085910422236e-01,3.730500483885775820e-01,-2.145857330395811724e-02,3.928578385674899032e-01,-4.362548181648110424e-01,1.468670726883482547e-01,6.418976874551782785e-01,4.141910924365747176e-02,-2.474852023343590904e-02,3.119271240387728739e-01,4.765351640241549114e-01,-3.235106036510226185e-02,4.734806524457358390e-01,2.900402488375316071e-02,1.053172925062862975e-01,7.578585134174072035e-02,1.848269919862402522e-01,8.117305532657764777e-02,4.103126006679203575e-01,3.168957256560826496e-01,1.536689753078215176e-02,4.302283756523413993e-01,1.965022865395670559e-01,3.755417443218489471e-01,3.351997670885771274e-01,3.950888458614541521e-01,3.275360724383642452e-01,2.800348163109480093e-01,3.967347577811825565e-01,3.872607475436905533e-01,1.301364901401338703e-01,5.696086519432205092e-02,6.867102230589039458e-01,1.095625762182576984e-01,1.686056346061147460e-01,1.644940416930146532e-01
1.578017341192764211e-01,3.676402222885604143e-01,1.000000000000000000e+00,3.885437877152510544e-01,8.794236954878623669e-01,-6.773104206237432479e-01,1.096085027866645356e-01,-8.177167485410848924e-01,7.867755706431250884e-01,2.025405347927773936e-01,-6.719326663926847854e-01,6.401639292715228802e-01,-9.036882261574961939e-02,7.346467818293046514e-01,6.486215481750587930e-01,7.307817744073851207e-01,-6.693457413437747805e-01,7.530775297819577441e-01,6.916383140223137937e-01,7.785576020116288243e-01,-5.364133996329220055e-01,5.117690287856684339e-01,7.770699469052574360e-01,7.341239562605857971e-01,4.350045143492043409e-01,8.916576524172219187e-02,3.089103203473513859e-01,-1.790697219405648632e-01,2.322213220942954681e-01,6.843474545499587114e-01,-3.694236810917212455e-01,-2.178515964333740673e-01,2.715976477353804208e-01,7.905024527454583838e-01,-6.478532388889938209e-01,3.771981506365749692e-01,-5.054297788940753655e-01,6.449664368558700733e-01,7.627892796370312478e-01
1.678848826185717902e-01,2.640058085910422236e-01,3.885437877152510544e-01,1.000000000000000000e+00,3.897105225687208518e-01,-3.621978755249237736e-01,5.992985316145991170e-01,-3.849269468895016866e-01,4.085970436790467564e-01,3.930401642213071089e-01,-2.860720039170989160e-01,2.928168049145444818e-01,4.931463282207960985e-02,4.388529702646253861e-01,2.632759830294548187e-01,5.209395753062711076e-01,-3.012153073047526552e-01,5.120247867606888548e-01,4.490334762326845808e-01,3.085987556248091512e-01,-3.063493421776936065e-01,2.160503710117361587e-01,3.365866455883478880e-01,3.051518976020821672e-01,2.660157408188419392e-01,1.004914240685266247e-01,2.344734502407161414e-01,1.591723136391146043e-01,1.575806688732347971e-01,4.073879162422456290e-01,2.850884139423502314e-02,-1.395193002981381381e-01,2.872343911208304346e-01,4.745710233760989105e-01,-3.239684321847907666e-01,2.964448729847858344e-01,-3.252709403128730692e-01,5.244123242519053152e-01,4.047442544203690984e-01
2.502632484494566878e-01,3.730500483885775820e-01,8.794236954878623669e-01,3.897105225687208518e-01,1.000000000000000000e+00,-5.588895505280041531e-01,2.117795438257908114e-01,-7.077580731244546008e-01,6.759701444509893520e-01,2.678178369152849903e-01,-5.448898068556281560e-01,5.261133421691420731e-01,-4.084125011566400870e-02,6.920562703680210870e-01,5.132775580728401454e-01,6.788350260852009654e-01,-5.406137229891858631e-01,6.524426345016627327e-01,6.057538376107908240e-01,6.722161693170835006e-01,-4.350864334242742770e-01,3.930144737927024901e-01,7.175868826051661209e-01,5.964053054656572872e-01,4.794274585788159682e-01,1.183114128401636655e-01,3.710464231517392464e-01,-8.311132186715199099e-02,2.043706325538445223e-01,6.708392158588217802e-01,-2.413508110684476904e-01,-1.267041585160632033e-01,3.291234836597897173e-01,6.755596157433243487e-01,-5.288544427955080840e-01,4.020296590318080954e-01,-4.282477979546844837e-01,5.667605666139974296e-01,6.485522832458366915e-01
2.870889997994934828e-01,-2.145857330395811724e-02,-6.773104206237432479e-01,-3.621978755249237736e-01,-5.588895505280041531e-01,1.000000000000000000e+00,1.172687870916577259e-02,4.956666469548042797e-01,-9.159790706343128308e-01,1.504880765355980643e-01,9.355719165008468119e-01,-8.783980327311214920e-01,3.803346995604041103e-01,-5.382789192838870473e-01,-8.939182927210025387e-01,-6.060746644517609472e-01,9.372793928284557374e-01,-8.956340811491496634e-01,-9.100890308496698555e-01,-8.683328426672780598e-01,8.920415613856189641e-01,-8.129613728491125180e-02,-7.417819819750428589e-01,-8.309960271606781079e-01,-1.636324355071536452e-01,1.443230155406976245e-01,-1.178161789718275461e-02,6.082415559079227263e-01,2.393605089436730282e-02,-4.928968187094698861e-01,7.236677150469548181e-01,6.432464341112194006e-01,1.993918357913830597e-01,-9.155769696719717743e-01,9.172377766667246801e-01,-5.428513076982419139e-02,8.376202490961318636e-01,-7.737420133264432121e-01,-9.138168127368330174e-01
3.388280440715931152e-01,3.928578385674899032e-01,1.096085027866645356e-01,5.992985316145991170e-01,2.117795438257908114e-01,1.172687870916577259e-02,1.000000000000000000e+00,-1.684718229259082045e-01,1.714850656678111249e-02,5.595123942822689544e-01,1.166142236151420236e-01,-1.727577192589146993e-01,1.782516122560368066e-01,2.221167006816608669e-01,-1.537853790353545802e-01,2.785354710138368550e-01,9.894711741968685581e-02,6.376984816236201670e-02,4.439821801736167084e-02,3.833282224738490760e-03,6.992200681777363536e-02,4.855832511965944842e-02,5.278444614668868079e-02,-1.098706632710456932e-01,2.122806023061140079e-01,1.060423547674547995e-01,3.482439413783855464e-01,3.045687427971334182e-01,1.791499050534651749e-01,1.484527113238938156e-01,3.124090429199718466e-01,2.045970909917640135e-01,2.236447309733834432e-01,5.554372464819810895e-02,6.292175868873482736e-02,3.839489134536508974e-01,2.478732802913731145e-02,9.223415854845623540e-02,3.183838173718706727e-02
-2.054533056621080656e-01,-4.362548181648110424e-01,-8.177167485410848924e-01,-3.849269468895016866e-01,-7.077580731244546008e-01,4.956666469548042797e-01,-1.684718229259082045e-01,1.000000000000000000e+00,-5.815862701017431302e-01,-2.832778392519683108e-01,4.568907659072437011e-01,-4.741107778407250839e-01,-1.510871047684362589e-01,-6.156352511431908425e-01,-4.659484263505840884e-01,-5.873722905490865731e-01,4.591634552966912253e-01,-5.644483207227964927e-01,-4.654637678630288433e-01,-6.070130253625521943e-01,3.517425975155633600e-01,-6.247423246984415979e-01,-5.678625389979009563e-01,-5.358366313437923356e-01,-4.043510390798085163e-01,-2.190484594192242118e-01,-3.852126449751128723e-01,1.301376091001546324e-02,-3.904160315946402782e-01,-5.280522478629546823e-01,1.715901020261661192e-01,4.958716822021764191e-03,-2.102502337345289740e-01,-5.837915919173510826e-01,4.346270689934257359e-01,-4.108512418658424314e-01,2.571149537222527370e-01,-4.850011290534179120e-01,-5.922554185204486066e-01
-1.672767128405019399e-01,1.468670726883482547e-01,7.867755706431250884e-01,4.085970436790467564e-01,6.759701444509893520e-01,-9.159790706343128308e-01,1.714850656678111249e-02,-5.815862701017431302e-01,1.000000000000000000e+00,-9.648853591058030588e-02,-9.253704862604864578e-01,9.006394618617390435e-01,-3.350165568892229939e-01,6.977727527057253631e-01,9.138499654989273857e-01,6.872446329262359432e-01,-9.159317340177642874e-01,9.317082588413881927e-01,9.067841256982457354e-01,9.253933909931052471e-01,-8.844050717059729338e-01,1.697778558057796428e-01,8.428376193053722654e-01,8.886208242892167375e-01,2.950147464963477906e-01,-2.810202759526586602e-02,1.253729386502819010e-01,-5.229699860310744741e-01,1.257307417018330431e-01,5.703034289797173084e-01,-6.963922648058722409e-01,-5.696645975723090283e-01,-7.016573253619616535e-02,9.488604059697277604e-01,-9.110071317570218596e-01,1.859346301750380570e-01,-7.893796507955583852e-01,7.640259852388148198e-01,9.145038943860503977e-01
6.591871510800936251e-01,6.418976874551782785e-01,2.025405347927773936e-01,3.930401642213071089e-01,2.678178369152849903e-01,1.504880765355980643e-01,5.595123942822689544e-01,-2.832778392519683108e-01,-9.648853591058030588e-02,1.000000000000000000e+00,2.454541631482893838e-01,-2.452158173209282310e-01,3.763911619043652790e-01,2.581736067601255735e-01,-2.796818757406839273e-01,4.590611396376894637e-01,2.171844043699207027e-01,-3.439631655224897194e-02,-3.424358117905031834e-02,-9.625254201491223460e-02,3.223386331587163589e-01,3.977313633311117536e-01,9.226795748379432172e-02,-2.091247976164285205e-01,4.531767263116021627e-01,2.309563752052923857e-01,4.700829973291714148e-01,5.943509862063092175e-01,2.307658234332518876e-01,3.422321895500840538e-01,5.724576023926971624e-01,4.957202812103819745e-01,5.245431710286777571e-01,-2.660834069991276432e-02,2.493038924338389639e-01,5.150594255225834361e-01,1.858266025974518176e-01,1.207023599215045762e-01,-8.477607811768792662e-03
3.285849560875561126e-01,4.141910924365747176e-02,-6.719326663926847854e-01,-2.860720039170989160e-01,-5.448898068556281560e-01,9.355719165008468119e-01,1.166142236151420236e-01,4.568907659072437011e-01,-9.253704862604864578e-01,2.454541631482893838e-01,1.000000000000000000e+00,-9.079332892364847529e-01,4.564349305951987401e-01,-5.442776502057263821e-01,-9.323927730901196975e-01,-5.829994121373840432e-01,9.529748491134387711e-01,-8.971589269925014376e-01,-8.997625544512460882e-01,-8.802267089850077664e-01,9.174676109941445334e-01,-4.152735156003842243e-02,-7.528343718823133912e-01,-8.607112358880035785e-01,-1.381535565732792681e-01,1.365278248623022495e-01,2.481380463636023020e-02,6.388506371441694531e-01,2.350064873150762082e-02,-4.547952944174752377e-01,8.000729334981109275e-01,6.968741966771483387e-01,2.526022355297531385e-01,-9.132695736187396163e-01,9.396436101817363662e-01,-3.442645802130309823e-02,8.412222687015245004e-01,-7.210668059847004097e-01,-8.859616403045663668e-01
-3.844370012811019754e-01,-2.474852023343590904e-02,6.401639292715228802e-01,2.928168049145444818e-01,5.261133421691420731e-01,-8.783980327311214920e-01,-1.727577192589146993e-01,-4.741107778407250839e-01,9.006394618617390435e-01,-2.452158173209282310e-01,-9.079332892364847529e-01,1.000000000000000000e+00,-3.229711932883649328e-01,5.922498343931718034e-01,9.486844330504381473e-01,5.718779444877215568e-01,-8.959148342761852346e-01,8.847614749587545679e-01,8.723036849551915051e-01,8.854642039291927835e-01,-8.888012452173517097e-01,9.223965548968041106e-02,7.681710106830080820e-01,8.481156524880069103e-01,2.206389787514388134e-01,2.825374370091848428e-02,8.889101916581776397e-02,-5.879306309540410780e-01,1.273943326215511707e-01,4.108253298601065584e-01,-7.265385973153094534e-01,-6.101463161159638160e-01,-1.774720196840396669e-01,8.842185555085360082e-01,-8.917983357556938939e-01,-1.655847740918083705e-02,-7.900022016750221088e-01,7.022132561993791322e-01,8.494496730258432882e-01
3.253480728812396805e-01,3.119271240387728739e-01,-9.036882261574961939e-02,4.931463282207960985e-02,-4.084125011566400870e-02,3.803346995604041103e-01,1.782516122560368066e-01,-1.510871047684362589e-01,-3.350165568892229939e-01,3.763911619043652790e-01,4.564349305951987401e-01,-3.229711932883649328e-01,1.000000000000000000e+00,-2.951740590360847280e-02,-3.984212682844621156e-01,-1.082099250725356981e-01,4.552245154185031728e-01,-3.206798734174775012e-01,-3.746697197804311763e-01,-2.716096209884784618e-01,4.811173111359894339e-01,4.077647705991853111e-01,-2.210960810996845660e-01,-3.037756773479731165e-01,1.170437593214607719e-01,4.132230512240813169e-01,4.024822859715213585e-01,5.288904577559815356e-01,4.318380376670461485e-01,-6.005765953966429871e-02,5.653221822575349442e-01,7.175876870859414502e-01,3.215045758515559515e-01,-3.379620132322580517e-01,4.368598679320785938e-01,1.764544746226711369e-01,5.135200496354772604e-01,-2.583818271294566205e-01,-3.042626145770122026e-01
2.243488095188227727e-01,4.765351640241549114e-01,7.346467818293046514e-01,4.388529702646253861e-01,6.920562703680210870e-01,-5.382789192838870473e-01,2.221167006816608669e-01,-6.156352511431908425e-01,6.977727527057253631e-01,2.581736067601255735e-01,-5.442776502057263821e-01,5.922498343931718034e-01,-2.951740590360847280e-02,1.000000000000000000e+00,5.847987282848983170e-01,7.451558026322486761e-01,-5.412601528414250351e-01,6.502965167686434178e-01,5.834989711946073632e-01,7.199123914523093415e-01,-5.073176973867878914e-01,3.932084245137540401e-01,8.157381875633036294e-01,6.692176331561394687e-01,6.052887075740338574e-01,2.257177179727220817e-01,4.183435830565023217e-01,-1.475039340395498944e-01,4.338074890221686464e-01,6.133130290581898514e-01,-2.910667219588257137e-01,-7.859342028541101144e-02,1.990838837824560614e-01,6.788989883465648134e-01,-5.295037473226217317e-01,4.392105029733673893e-01,-4.005628875474743777e-01,5.541488489995467503e-01,6.414295585371742048e-01
-3.862132462440271419e-01,-3.235106036510226185e-02,6.486215481750587930e-01,2.632759830294548187e-01,5.132775580728401454e-01,-8.939182927210025387e-01,-1.537853790353545802e-01,-4.659484263505840884e-01,9.138499654989273857e-01,-2.796818757406839273e-01,-9.323927730901196975e-01,9.486844330504381473e-01,-3.984212682844621156e-01,5.847987282848983170e-01,1.000000000000000000e+00,5.655674713081654259e-01,-9.097363274084506735e-01,8.874556780391108513e-01,8.649343132258259237e-01,9.004304507393661172e-01,-9.166529672221135350e-01,5.585719061059801760e-02,7.704888809334335953e-01,8.642916692563207270e-01,1.817785495842071386e-01,2.258260378921762498e-02,5.283558421526934890e-02,-6.232476085347665729e-01,1.305900798853738831e-01,4.130192381304399474e-01,-7.770887439457323520e-01,-6.545087588064881778e-01,-2.321450359344761905e-01,8.928584031910358210e-01,-9.169825262596303928e-01,1.179035812512223237e-03,-8.058139084720270517e-01,6.943587998338569545e-01,8.527391386299779663e-01
2.405160130719057321e-01,4.734806524457358390e-01,7.307817744073851207e-01,5.209395753062711076e-01,6.788350260852009654e-01,-6.060746644517609472e-01,2.785354710138368550e-01,-5.873722905490865731e-01,6.872446329262359432e-01,4.590611396376894637e-01,-5.829994121373840432e-01,5.718779444877215568e-01,-1.082099250725356981e-01,7.451558026322486761e-01,5.655674713081654259e-01,1.000000000000000000e+00,-5.965392547438630455e-01,7.339771778019569259e-01,6.811157360922628357e-01,6.697052073771719849e-01,-5.070516353567543488e-01,3.589844410712905720e-01,7.398646985662838960e-01,5.839582552031635787e-01,4.810796618259140511e-01,1.495388713732629660e-01,2.583558254700781820e-01,-7.579322467732689528e-02,2.046877190153140458e-01,6.927049985755953099e-01,-2.541265536842563511e-01,-2.056269711746768480e-01,2.307295060449975621e-01,7.047523071763398539e-01,-5.687419175844089514e-01,3.922974435630507406e-01,-5.230978808231704358e-01,6.215328519449864197e-01,6.718911930834529089e-01
3.141945634652635877e-01,2.900402488375316071e-02,-6.693457413437747805e-01,-3.012153073047526552e-01,-5.406137229891858631e-01,9.372793928284557374e-01,9.894711741968685581e-02,4.591634552966912253e-01,-9.159317340177642874e-01,2.171844043699207027e-01,9.529748491134387711e-01,-8.959148342761852346e-01,4.552245154185031728e-01,-5.412601528414250351e-01,-9.097363274084506735e-01,-5.965392547438630455e-01,1.000000000000000000e+00,-8.941053165163485028e-01,-9.076441946273456907e-01,-8.701176104542664991e-01,9.044929103839020046e-01,-5.320418908215416437e-02,-7.396549564559116163e-01,-8.433592144089144815e-01,-1.484059410163306170e-01,2.051746251355439643e-01,4.735451799104380133e-02,6.450369103123643200e-01,6.964430776216812280e-02,-4.697610937149589438e-01,7.753618561933544040e-01,7.009744606770517139e-01,2.398613314423968523e-01,-9.110177655140908604e-01,9.245323902202670086e-01,-1.374629794718720995e-02,8.349707856393664418e-01,-7.500932372441811991e-01,-9.004345605824366494e-01
-2.027156155439422680e-01,1.053172925062862975e-01,7.530775297819577441e-01,5.120247867606888548e-01,6.524426345016627327e-01,-8.956340811491496634e-01,6.376984816236201670e-02,-5.644483207227964927e-01,9.317082588413881927e-01,-3.439631655224897194e-02,-8.971589269925014376e-01,8.847614749587545679e-01,-3.206798734174775012e-01,6.502965167686434178e-01,8.874556780391108513e-01,7.339771778019569259e-01,-8.941053165163485028e-01,1.000000000000000000e+00,9.256196922686540374e-01,8.685965881793721310e-01,-8.617633914346344293e-01,1.613922126020968240e-01,7.902149848469067761e-01,8.431186796004925821e-01,2.723888334031228098e-01,-3.010765357221389937e-03,8.907646201987172441e-02,-4.464325486662488185e-01,7.433949031637246407e-02,5.910523049905358484e-01,-6.267800777192976680e-01,-5.990494157558619026e-01,-3.163072995421258027e-02,9.374840952276787265e-01,-8.901399114573956828e-01,1.406704807780547739e-01,-7.910773278236339356e-01,7.969106969806433183e-01,8.980234932897076527e-01
-2.355655797580700206e-01,7.578585134174072035e-02,6.916383140223137937e-01,4.490334762326845808e-01,6.057538376107908240e-01,-9.100890308496698555e-01,4.439821801736167084e-02,-4.654637678630288433e-01,9.067841256982457354e-01,-3.424358117905031834e-02,-8.997625544512460882e-01,8.723036849551915051e-01,-3.746697197804311763e-01,5.834989711946073632e-01,8.649343132258259237e-01,6.811157360922628357e-01,-9.076441946273456907e-01,9.256196922686540374e-01,1.000000000000000000e+00,8.442189413380759566e-01,-8.670770764179962509e-01,6.568265474400845905e-02,7.816627985634547748e-01,8.000284880448611524e-01,2.545161740835722997e-01,-1.588262820715488632e-01,1.975710059944027486e-02,-5.070504839640265216e-01,-5.266628602105213885e-02,5.501297221963434847e-01,-6.256251294231296445e-01,-6.339124442347130461e-01,-3.276862554333342947e-02,9.267255307662892738e-01,-8.758097799091126845e-01,7.977137004198919801e-02,-8.327181417086247928e-01,8.251159706429040952e-01,9.057325009276975258e-01
-1.738904522348671544e-01,1.848269919862402522e-01,7.785576020116288243e-01,3.085987556248091512e-01,6.722161693170835006e-01,-8.683328426672780598e-01,3.833282224738490760e-03,-6.070130253625521943e-01,9.253933909931052471e-01,-9.625254201491223460e-02,-8.802267089850077664e-01,8.854642039291927835e-01,-2.716096209884784618e-01,7.199123914523093415e-01,9.004304507393661172e-01,6.697052073771719849e-01,-8.701176104542664991e-01,8.685965881793721310e-01,8.442189413380759566e-01,1.000000000000000000e+00,-8.401078597955933258e-01,1.929820499565379488e-01,8.557511369382324595e-01,8.465634606161812625e-01,3.319185304016471494e-01,2.614759668276914195e-02,1.954640189623136903e-01,-5.161468463972552767e-01,2.453432697716291522e-01,5.106010807519710815e-01,-6.706786691108198584e-01,-4.954064761897631897e-01,-9.643758861062662335e-02,8.954435801744539125e-01,-8.491022460317224629e-01,1.840233337771474131e-01,-7.155154488738632024e-01,7.056292139087462223e-01,8.727196824195911917e-01
4.174181909789966283e-01,8.117305532657764777e-02,-5.364133996329220055e-01,-3.063493421776936065e-01,-4.350864334242742770e-01,8.920415613856189641e-01,6.992200681777363536e-02,3.517425975155633600e-01,-8.844050717059729338e-01,3.223386331587163589e-01,9.174676109941445334e-01,-8.888012452173517097e-01,4.811173111359894339e-01,-5.073176973867878914e-01,-9.166529672221135350e-01,-5.070516353567543488e-01,9.044929103839020046e-01,-8.617633914346344293e-01,-8.670770764179962509e-01,-8.401078597955933258e-01,1.000000000000000000e+00,1.233829104744978283e-01,-7.113051776827644668e-01,-8.160723988068985246e-01,-1.038361546490869508e-01,1.044206806723586151e-01,6.559771080037536672e-02,6.808387406780237461e-01,1.127305563333718709e-02,-3.777531229230550736e-01,8.047444080993898519e-01,7.459321840125818781e-01,3.076584512397888549e-01,-8.598001012201221815e-01,9.044155668722149155e-01,2.449542323121743290e-02,8.403118967023611718e-01,-6.813773021532860685e-01,-8.267940242018775310e-01
3.791009902919449948e-01,4.103126006679203575e-01,5.117690287856684339e-01,2.160503710117361587e-01,3.930144737927024901e-01,-8.129613728491125180e-02,4.855832511965944842e-02,-6.247423246984415979e-01,1.697778558057796428e-01,3.977313633311117536e-01,-4.152735156003842243e-02,9.223965548968041106e-02,4.077647705991853111e-01,3.932084245137540401e-01,5.585719061059801760e-02,3.589844410712905720e-01,-5.320418908215416437e-02,1.613922126020968240e-01,6.568265474400845905e-02,1.929820499565379488e-01,1.233829104744978283e-01,1.000000000000000000e+00,2.740731800520413985e-01,2.235635729802970262e-01,3.272748971702525433e-01,2.769652011977536965e-01,4.367078647155672178e-01,2.779327320405032831e-01,3.928986090102298823e-01,4.145634706424893290e-01,2.324905693874411983e-01,3.791979793233913321e-01,4.637776259873046536e-01,2.052395938746099657e-01,-5.235189396853558164e-03,3.126497323985867882e-01,1.515798070648512186e-01,2.000261098267740179e-01,1.999466796595298912e-01
3.401938534108792794e-02,3.168957256560826496e-01,7.770699469052574360e-01,3.365866455883478880e-01,7.175868826051661209e-01,-7.417819819750428589e-01,5.278444614668868079e-02,-5.678625389979009563e-01,8.428376193053722654e-01,9.226795748379432172e-02,-7.528343718823133912e-01,7.681710106830080820e-01,-2.210960810996845660e-01,8.157381875633036294e-01,7.704888809334335953e-01,7.398646985662838960e-01,-7.396549564559116163e-01,7.902149848469067761e-01,7.816627985634547748e-01,8.557511369382324595e-01,-7.113051776827644668e-01,2.740731800520413985e-01,1.000000000000000000e+00,7.926442517001562882e-01,5.597771591431938143e-01,3.894993928722897264e-02,2.835610762687680864e-01,-3.979912582813590061e-01,2.565284838248579335e-01,6.556434575393572661e-01,-5.225742921403830898e-01,-3.181289094754540803e-01,1.367010936246877140e-01,8.308046144922761611e-01,-7.079615862958652528e-01,2.663580967001524247e-01,-6.095739092462472142e-01,6.953270311179624574e-01,8.192070055859287381e-01
-2.371631627061952519e-01,1.536689753078215176e-02,7.341239562605857971e-01,3.051518976020821672e-01,5.964053054656572872e-01,-8.309960271606781079e-01,-1.098706632710456932e-01,-5.358366313437923356e-01,8.886208242892167375e-01,-2.091247976164285205e-01,-8.607112358880035785e-01,8.481156524880069103e-01,-3.037756773479731165e-01,6.692176331561394687e-01,8.642916692563207270e-01,5.839582552031635787e-01,-8.433592144089144815e-01,8.431186796004925821e-01,8.000284880448611524e-01,8.465634606161812625e-01,-8.160723988068985246e-01,2.235635729802970262e-01,7.926442517001562882e-01,1.000000000000000000e+00,2.686595453208956985e-01,-3.163085329503875776e-02,9.849641277401426087e-02,-5.386900282675152196e-01,1.502195860386606185e-01,5.790135368814789407e-01,-6.849662446863027387e-01,-5.001710193881071520e-01,-3.952859046065835408e-02,8.629865822843788559e-01,-8.323039530307766443e-01,5.198690157595951822e-02,-6.705549998208737428e-01,6.353434240601374405e-01,8.131253453863244163e-01
3.312805871107112332e-01,4.302283756523413993e-01,4.350045143492043409e-01,2.660157408188419392e-01,4.794274585788159682e-01,-1.636324355071536452e-01,2.122806023061140079e-01,-4.043510390798085163e-01,2.950147464963477906e-01,4.531767263116021627e-01,-1.381535565732792681e-01,2.206389787514388134e-01,1.170437593214607719e-01,6.052887075740338574e-01,1.817785495842071386e-01,4.810796618259140511e-01,-1.484059410163306170e-01,2.723888334031228098e-01,2.545161740835722997e-01,3.319185304016471494e-01,-1.038361546490869508e-01,3.272748971702525433e-01,5.597771591431938143e-01,2.686595453208956985e-01,1.000000000000000000e+00,1.580777185986265987e-01,4.618047328752806213e-01,2.012451850410288123e-01,4.006610628053259848e-01,4.848470294554930726e-01,1.200457062792767843e-01,1.824032099582577893e-01,4.648337710833374548e-01,3.314098580616720580e-01,-7.020059992364084678e-02,4.072182752093352343e-01,3.238928365488900288e-03,3.265127082745434284e-01,3.056952545140479427e-01
1.272502581526397114e-01,1.965022865395670559e-01,8.916576524172219187e-02,1.004914240685266247e-01,1.183114128401636655e-01,1.443230155406976245e-01,1.060423547674547995e-01,-2.190484594192242118e-01,-2.810202759526586602e-02,2.309563752052923857e-01,1.365278248623022495e-01,2.825374370091848428e-02,4.132230512240813169e-01,2.257177179727220817e-01,2.258260378921762498e-02,1.495388713732629660e-01,2.051746251355439643e-01,-3.010765357221389937e-03,-1.588262820715488632e-01,2.614759668276914195e-02,1.044206806723586151e-01,2.769652011977536965e-01,3.894993928722897264e-02,-3.163085329503875776e-02,1.580777185986265987e-01,1.000000000000000000e+00,5.834651303322497817e-01,3.865409739177156356e-01,6.707571245112606828e-01,9.026687321599401181e-02,2.371437966412978660e-01,3.674801995034661650e-01,1.362388060326966965e-01,-4.234761730372889332e-02,6.432512268174245262e-02,2.785252081119382050e-01,1.483270641033105908e-01,-8.196597085223250589e-02,-1.223069892082342680e-01
2.964133665406959994e-01,3.755417443218489471e-01,3.089103203473513859e-01,2.344734502407161414e-01,3.710464231517392464e-01,-1.178161789718275461e-02,3.482439413783855464e-01,-3.852126449751128723e-01,1.253729386502819010e-01,4.700829973291714148e-01,2.481380463636023020e-02,8.889101916581776397e-02,4.024822859715213585e-01,4.183435830565023217e-01,5.283558421526934890e-02,2.583558254700781820e-01,4.735451799104380133e-02,8.907646201987172441e-02,1.975710059944027486e-02,1.954640189623136903e-01,6.559771080037536672e-02,4.367078647155672178e-01,2.835610762687680864e-01,9.849641277401426087e-02,4.618047328752806213e-01,5.834651303322497817e-01,1.000000000000000000e+00,2.929368394438491841e-01,5.770224578346597744e-01,1.870818564672615814e-01,3.143360837462583213e-01,4.382100843501250398e-01,3.512859223948850973e-01,1.521295143478504364e-01,2.099085892903861453e-02,3.386717557526588429e-01,8.254516726561325624e-02,1.414717397197915172e-01,1.161846573654776865e-01
5.559216491672627214e-01,3.351997670885771274e-01,-1.790697219405648632e-01,1.591723136391146043e-01,-8.311132186715199099e-02,6.082415559079227263e-01,3.045687427971334182e-01,1.301376091001546324e-02,-5.229699860310744741e-01,5.943509862063092175e-01,6.388506371441694531e-01,-5.879306309540410780e-01,5.288904577559815356e-01,-1.475039340395498944e-01,-6.232476085347665729e-01,-7.579322467732689528e-02,6.450369103123643200e-01,-4.464325486662488185e-01,-5.070504839640265216e-01,-5.161468463972552767e-01,6.808387406780237461e-01,2.779327320405032831e-01,-3.979912582813590061e-01,-5.386900282675152196e-01,2.012451850410288123e-01,3.865409739177156356e-01,2.929368394438491841e-01,1.000000000000000000e+00,2.563672880311597124e-01,4.220435848045250155e-02,8.366215469743432109e-01,6.153390150828138561e-01,5.579259822481963393e-01,-4.594528756073318898e-01,6.383059106029300711e-01,3.975736584168881316e-01,6.249253309479041452e-01,-3.245391796481285063e-01,-5.278596846679859400e-01
2.634083945498397195e-01,3.950888458614541521e-01,2.322213220942954681e-01,1.575806688732347971e-01,2.043706325538445223e-01,2.393605089436730282e-02,1.791499050534651749e-01,-3.904160315946402782e-01,1.257307417018330431e-01,2.307658234332518876e-01,2.350064873150762082e-02,1.273943326215511707e-01,4.318380376670461485e-01,4.338074890221686464e-01,1.305900798853738831e-01,2.046877190153140458e-01,6.964430776216812280e-02,7.433949031637246407e-02,-5.266628602105213885e-02,2.453432697716291522e-01,1.127305563333718709e-02,3.928986090102298823e-01,2.565284838248579335e-01,1.502195860386606185e-01,4.006610628053259848e-01,6.707571245112606828e-01,5.770224578346597744e-01,2.563672880311597124e-01,1.000000000000000000e+00,1.509563405129150659e-01,1.301426111131886998e-01,4.059768847124216040e-01,1.402607842991007714e-01,9.982607723478152673e-02,9.313614276616541746e-03,4.052365563878293497e-01,2.228478141960718584e-01,-1.858246182240082950e-02,2.843296214958931228e-02
2.758594997065142995e-01,3.275360724383642452e-01,6.843474545499587114e-01,4.073879162422456290e-01,6.708392158588217802e-01,-4.928968187094698861e-01,1.484527113238938156e-01,-5.280522478629546823e-01,5.703034289797173084e-01,3.422321895500840538e-01,-4.547952944174752377e-01,4.108253298601065584e-01,-6.005765953966429871e-02,6.133130290581898514e-01,4.130192381304399474e-01,6.927049985755953099e-01,-4.697610937149589438e-01,5.910523049905358484e-01,5.501297221963434847e-01,5.106010807519710815e-01,-3.777531229230550736e-01,4.145634706424893290e-01,6.556434575393572661e-01,5.790135368814789407e-01,4.848470294554930726e-01,9.026687321599401181e-02,1.870818564672615814e-01,4.220435848045250155e-02,1.509563405129150659e-01,1.000000000000000000e+00,-1.315848971801001910e-01,-1.069645041994317924e-01,4.006360609230360526e-01,6.096514375969885879e-01,-4.195573990395538022e-01,3.876320974896829696e-01,-3.126132099369519635e-01,6.032048748474213573e-01,5.885775978388686491e-01
4.744589272486527398e-01,2.800348163109480093e-01,-3.694236810917212455e-01,2.850884139423502314e-02,-2.413508110684476904e-01,7.236677150469548181e-01,3.124090429199718466e-01,1.715901020261661192e-01,-6.963922648058722409e-01,5.724576023926971624e-01,8.000729334981109275e-01,-7.265385973153094534e-01,5.653221822575349442e-01,-2.910667219588257137e-01,-7.770887439457323520e-01,-2.541265536842563511e-01,7.753618561933544040e-01,-6.267800777192976680e-01,-6.256251294231296445e-01,-6.706786691108198584e-01,8.047444080993898519e-01,2.324905693874411983e-01,-5.225742921403830898e-01,-6.849662446863027387e-01,1.200457062792767843e-01,2.371437966412978660e-01,3.143360837462583213e-01,8.366215469743432109e-01,1.301426111131886998e-01,-1.315848971801001910e-01,1.000000000000000000e+00,7.249349787801104839e-01,5.718066035888058618e-01,-6.257899414068629484e-01,8.056438172238358231e-01,1.656916585890672033e-01,7.234660988727343867e-01,-4.085786835244685222e-01,-6.348155632903795809e-01
5.499198217001322053e-01,3.967347577811825565e-01,-2.178515964333740673e-01,-1.395193002981381381e-01,-1.267041585160632033e-01,6.432464341112194006e-01,2.045970909917640135e-01,4.958716822021764191e-03,-5.696645975723090283e-01,4.957202812103819745e-01,6.968741966771483387e-01,-6.101463161159638160e-01,7.175876870859414502e-01,-7.859342028541101144e-02,-6.545087588064881778e-01,-2.056269711746768480e-01,7.009744606770517139e-01,-5.990494157558619026e-01,-6.339124442347130461e-01,-4.954064761897631897e-01,7.459321840125818781e-01,3.791979793233913321e-01,-3.181289094754540803e-01,-5.001710193881071520e-01,1.824032099582577893e-01,3.674801995034661650e-01,4.382100843501250398e-01,6.153390150828138561e-01,4.059768847124216040e-01,-1.069645041994317924e-01,7.249349787801104839e-01,1.000000000000000000e+00,4.096779563061916929e-01,-5.729613610761215003e-01,6.866447513183451257e-01,2.808860401868725210e-01,7.331323186375063861e-01,-4.553304554464421838e-01,-5.186265999927696102e-01
4.171489822716987761e-01,3.872607475436905533e-01,2.715976477353804208e-01,2.872343911208304346e-01,3.291234836597897173e-01,1.993918357913830597e-01,2.236447309733834432e-01,-2.102502337345289740e-01,-7.016573253619616535e-02,5.245431710286777571e-01,2.526022355297531385e-01,-1.774720196840396669e-01,3.215045758515559515e-01,1.990838837824560614e-01,-2.321450359344761905e-01,2.307295060449975621e-01,2.398613314423968523e-01,-3.163072995421258027e-02,-3.276862554333342947e-02,-9.643758861062662335e-02,3.076584512397888549e-01,4.637776259873046536e-01,1.367010936246877140e-01,-3.952859046065835408e-02,4.648337710833374548e-01,1.362388060326966965e-01,3.512859223948850973e-01,5.579259822481963393e-01,1.402607842991007714e-01,4.006360609230360526e-01,5.718066035888058618e-01,4.096779563061916929e-01,1.000000000000000000e+00,4.286913549684458376e-03,2.883200864236394323e-01,2.312905302518689088e-01,2.529353414654352816e-01,9.156775981187559310e-02,-5.417409954596765637e-02
-1.721477661616269417e-01,1.301364901401338703e-01,7.905024527454583838e-01,4.745710233760989105e-01,6.755596157433243487e-01,-9.155769696719717743e-01,5.554372464819810895e-02,-5.837915919173510826e-01,9.488604059697277604e-01,-2.660834069991276432e-02,-9.132695736187396163e-01,8.842185555085360082e-01,-3.379620132322580517e-01,6.788989883465648134e-01,8.928584031910358210e-01,7.047523071763398539e-01,-9.110177655140908604e-01,9.374840952276787265e-01,9.267255307662892738e-01,8.954435801744539125e-01,-8.598001012201221815e-01,2.052395938746099657e-01,8.308046144922761611e-01,8.629865822843788559e-01,3.314098580616720580e-01,-4.234761730372889332e-02,1.521295143478504364e-01,-4.594528756073318898e-01,9.982607723478152673e-02,6.096514375969885879e-01,-6.257899414068629484e-01,-5.729613610761215003e-01,4.286913549684458376e-03,1.000000000000000000e+00,-8.889359597438012406e-01,1.853639578716037017e-01,-7.901739500746476352e-01,8.156208148462933405e-01,9.200732075697043433e-01
3.419504480510051070e-01,5.696086519432205092e-02,-6.478532388889938209e-01,-3.239684321847907666e-01,-5.288544427955080840e-01,9.172377766667246801e-01,6.292175868873482736e-02,4.346270689934257359e-01,-9.110071317570218596e-01,2.493038924338389639e-01,9.396436101817363662e-01,-8.917983357556938939e-01,4.368598679320785938e-01,-5.295037473226217317e-01,-9.169825262596303928e-01,-5.687419175844089514e-01,9.245323902202670086e-01,-8.901399114573956828e-01,-8.758097799091126845e-01,-8.491022460317224629e-01,9.044155668722149155e-01,-5.235189396853558164e-03,-7.079615862958652528e-01,-8.323039530307766443e-01,-7.020059992364084678e-02,6.432512268174245262e-02,2.099085892903861453e-02,6.383059106029300711e-01,9.313614276616541746e-03,-4.195573990395538022e-01,8.056438172238358231e-01,6.866447513183451257e-01,2.883200864236394323e-01,-8.889359597438012406e-01,1.000000000000000000e+00,-1.643540579509971886e-02,8.702782762917175008e-01,-6.901977844192397349e-01,-8.543327588223240676e-01
6.445143101745069991e-01,6.867102230589039458e-01,3.771981506365749692e-01,2.964448729847858344e-01,4.020296590318080954e-01,-5.428513076982419139e-02,3.839489134536508974e-01,-4.108512418658424314e-01,1.859346301750380570e-01,5.150594255225834361e-01,-3.442645802130309823e-02,-1.655847740918083705e-02,1.764544746226711369e-01,4.392105029733673893e-01,1.179035812512223237e-03,3.922974435630507406e-01,-1.374629794718720995e-02,1.406704807780547739e-01,7.977137004198919801e-02,1.840233337771474131e-01,2.449542323121743290e-02,3.126497323985867882e-01,2.663580967001524247e-01,5.198690157595951822e-02,4.072182752093352343e-01,2.785252081119382050e-01,3.386717557526588429e-01,3.975736584168881316e-01,4.052365563878293497e-01,3.876320974896829696e-01,1.656916585890672033e-01,2.808860401868725210e-01,2.312905302518689088e-01,1.853639578716037017e-01,-1.643540579509971886e-02,1.000000000000000000e+00,8.258451696546016685e-02,1.737702907291405752e-01,1.619470956839985099e-01
3.924329400409571345e-01,1.095625762182576984e-01,-5.054297788940753655e-01,-3.252709403128730692e-01,-4.282477979546844837e-01,8.376202490961318636e-01,2.478732802913731145e-02,2.571149537222527370e-01,-7.893796507955583852e-01,1.858266025974518176e-01,8.412222687015245004e-01,-7.900022016750221088e-01,5.135200496354772604e-01,-4.005628875474743777e-01,-8.058139084720270517e-01,-5.230978808231704358e-01,8.349707856393664418e-01,-7.910773278236339356e-01,-8.327181417086247928e-01,-7.155154488738632024e-01,8.403118967023611718e-01,1.515798070648512186e-01,-6.095739092462472142e-01,-6.705549998208737428e-01,3.238928365488900288e-03,1.483270641033105908e-01,8.254516726561325624e-02,6.249253309479041452e-01,2.228478141960718584e-01,-3.126132099369519635e-01,7.234660988727343867e-01,7.331323186375063861e-01,2.529353414654352816e-01,-7.901739500746476352e-01,8.702782762917175008e-01,8.258451696546016685e-02,1.000000000000000000e+00,-6.710272919609714393e-01,-7.647966317702176164e-01
-5.051119330274112668e-02,1.686056346061147460e-01,6.449664368558700733e-01,5.244123242519053152e-01,5.667605666139974296e-01,-7.737420133264432121e-01,9.223415854845623540e-02,-4.850011290534179120e-01,7.640259852388148198e-01,1.207023599215045762e-01,-7.210668059847004097e-01,7.022132561993791322e-01,-2.583818271294566205e-01,5.541488489995467503e-01,6.943587998338569545e-01,6.215328519449864197e-01,-7.500932372441811991e-01,7.969106969806433183e-01,8.251159706429040952e-01,7.056292139087462223e-01,-6.813773021532860685e-01,2.000261098267740179e-01,6.953270311179624574e-01,6.353434240601374405e-01,3.265127082745434284e-01,-8.196597085223250589e-02,1.414717397197915172e-01,-3.245391796481285063e-01,-1.858246182240082950e-02,6.032048748474213573e-01,-4.085786835244685222e-01,-4.553304554464421838e-01,9.156775981187559310e-02,8.156208148462933405e-01,-6.901977844192397349e-01,1.737702907291405752e-01,-6.710272919609714393e-01,1.000000000000000000e+00,8.650708479936992656e-01
-1.392103179971982685e-01,1.644940416930146532e-01,7.627892796370312478e-01,4.047442544203690984e-01,6.485522832458366915e-01,-9.138168127368330174e-01,3.183838173718706727e-02,-5.922554185204486066e-01,9.145038943860503977e-01,-8.477607811768792662e-03,-8.859616403045663668e-01,8.494496730258432882e-01,-3.042626145770122026e-01,6.414295585371742048e-01,8.527391386299779663e-01,6.718911930834529089e-01,-9.004345605824366494e-01,8.980234932897076527e-01,9.057325009276975258e-01,8.727196824195911917e-01,-8.267940242018775310e-01,1.999466796595298912e-01,8.192070055859287381e-01,8.131253453863244163e-01,3.056952545140479427e-01,-1.223069892082342680e-01,1.161846573654776865e-01,-5.278596846679859400e-01,2.843296214958931228e-02,5.885775978388686491e-01,-6.348155632903795809e-01,-5.186265999927696102e-01,-5.417409954596765637e-02,9.200732075697043433e-01,-8.543327588223240676e-01,1.619470956839985099e-01,-7.647966317702176164e-01,8.650708479936992656e-01,1.000000000000000000e+00
