1.000000000000000000e+00,1.451728821939013703e-01,-1.294268471992384428e-01,-5.030167993371009727e-01,1.173350051151221818e-01,5.319354263526715476e-01,-2.027537193942584581e-01,1.866663567408740343e-01,6.515000342982708165e-03,1.613923161063292658e-02,3.526545691599220489e-01,-4.868509483297196461e-01,8.970119823335914733e-02,1.469230616880067564e-01,-4.610265358405486458e-01,3.191845817429704857e-01,3.729507665140956441e-01,-2.089718401011350923e-01,-2.964886676150383371e-01,-3.088780659719264077e-01,-1.461239940089112226e-02,-4.139041785093258707e-01,-1.853174107164276274e-01,-1.474948098603389712e-01,5.432294870133089898e-02,4.496337803590547133e-01,-2.538741628235236525e-01,1.849800454965491447e-01,6.293279300792983255e-01,-8.160348320053731341e-03,-4.500130168436820843e-02,-6.597316363745266143e-02,-2.892345517473962069e-01,-1.871672379629523153e-01,3.923736584292017437e-01,2.386962340986224784e-01,1.683485183097090665e-01,3.824536397825221146e-01,-3.280641858150968870e-01
1.451728821939013703e-01,1.000000000000000000e+00,4.227908595727291052e-01,9.293100961721534325e-02,4.347896398164847187e-01,-2.503258473217332900e-02,2.199128038674645902e-01,-4.240697394968673817e-01,6.165795064709653772e-01,6.804016524345355421e-01,4.950751946104350876e-01,4.223263717631676739e-01,-2.764078222879143634e-02,6.426061746906255312e-01,2.485903934529934689e-01,2.777251602428095212e-01,3.095690541257498096e-01,2.078056151772265381e-01,2.981494946038943383e-01,2.668858089279488310e-01,1.973096750957049061e-01,3.580552070672856635e-01,5.490082711605038801e-01,4.588786871970088610e-01,3.770288715681102132e-01,4.963683894317029166e-01,6.019175074021005933e-01,5.489015617996880758e-01,-1.805782486286689748e-01,5.901752166373337438e-01,7.557873042015487153e-01,7.586919094503732364e-01,4.545300974248386305e-01,5.612721531082622839e-01,6.004524838073933557e-01,6.580862849716058172e-01,7.289527070994091806e-01,2.955876491633230851e-01,4.167980064737338286e-01
-1.294268471992384428e-01,4.227908595727291052e-01,1.000000000000000000e+00,4.501591264444524954e-01,6.816487854507204958e-01,-3.712838051487197810e-01,6.434782387273629833e-01,-8.673677134738639882e-01,6.349639279085713683e-01,7.174792438317963983e-01,2.791325174131715769e-01,5.336248541614868612e-01,2.990480523974304305e-01,5.959459579777750537e-01,4.014340741642433152e-01,5.618299163692161979e-01,2.574230923845629015e-01,7.117169262254787743e-01,6.601707621267290937e-01,6.680529313002887548e-01,7.530186645449606919e-01,7.355046982779034348e-01,6.273621034204488467e-01,5.253259878111924408e-01,4.781594320248359065e-01,3.560738326306228108e-01,5.342487085058451601e-01,5.223631682981345614e-01,-4.624781974059278267e-01,6.853815651415254839e-01,4.237017832563806374e-01,5.046238329151331303e-01,7.862118306905585552e-01,2.830285139731676947e-01,2.641006867684319026e-01,2.407002723806485056e-01,3.889182695637051768e-01,4.169796566132634164e-01,6.590958782610938371e-01
-5.030167993371009727e-01,9.293100961721534325e-02,4.501591264444524954e-01,1.000000000000000000e+00,1.394314711202833401e-01,-7.486327181662580932e-01,5.318499141111194817e-01,-4.915393511270040872e-01,4.023702769856616346e-01,3.442327863268350718e-01,-3.065348606077560323e-01,7.403059331926401532e-01,-1.349138116217400984e-01,1.876784818659086307e-01,7.669234118872491068e-01,-1.735935413853549950e-02,-1.935932494162778961e-01,5.057481487999511138e-01,7.080362961006859690e-01,7.102365980066689399e-01,2.447956603669554365e-01,7.162468530840047087e-01,5.142360985779544924e-01,4.661485601892323416e-01,3.493605367810715956e-01,-1.207052366306546193e-01,4.391821431854692204e-01,1.322402139732304360e-01,-7.199250857301621176e-01,2.870132432375688825e-01,2.198708145437567041e-01,1.614784347228547245e-01,5.417047719899907854e-01,2.577327379982828348e-01,-1.053998210685366116e-01,-6.153135160580551488e-02,6.444776381794165010e-02,2.584047349766038087e-03,5.299921207333643247e-01
1.173350051151221818e-01,4.347896398164847187e-01,6.816487854507204958e-01,1.394314711202833401e-01,1.000000000000000000e+00,-6.864818048157148023e-02,3.658293335041691852e-01,-6.492584901071057901e-01,6.709357934411014357e-01,7.194444364932848224e-01,5.179229664819885448e-01,2.460563449860136143e-01,2.370452331276206859e-01,7.093973426912941749e-01,5.365083232782782291e-02,7.371170528107156006e-01,4.563664836670470182e-01,6.072942041224834719e-01,4.175551491316770170e-01,3.311593015531519857e-01,6.353523939753820127e-01,4.005994388407423945e-01,5.226927791480665553e-01,4.703012096266549480e-01,5.361731588091603884e-01,5.151440129812419055e-01,3.871956231626699774e-01,5.438781969628425639e-01,-2.171197981341879690e-01,7.568051716924322214e-01,4.226686869652101497e-01,4.162145011964697439e-01,6.303458915967906639e-01,3.033149374652747143e-01,3.848440974684871341e-01,2.229127272822834238e-01,4.624303299284109325e-01,6.850777353728666474e-01,6.139333726629366828e-01
5.319354263526715476e-01,-2.503258473217332900e-02,-3.712838051487197810e-01,-7.486327181662580932e-01,-6.864818048157148023e-02,1.000000000000000000e+00,-3.775815911799914604e-01,4.220222744554287253e-01,-2.933631061146096952e-01,-2.364890130381979705e-01,4.796622655780370947e-01,-6.803467015348759750e-01,1.449737710450808847e-01,-7.711137341396656630e-02,-7.241473480387888850e-01,7.398389617529764484e-02,3.509279556670019118e-01,-3.886126067475406121e-01,-5.872671157682903820e-01,-6.048430941970938113e-01,-1.547825676601293776e-01,-6.153823548425428891e-01,-3.938108610345318894e-01,-4.108003731490800226e-01,-2.210714414544971973e-01,1.796125966144750397e-01,-3.643800493809770669e-01,-2.874589213704687937e-02,7.139276187678283980e-01,-1.863417698572859271e-01,-1.587265575808720630e-01,-7.019111275322886812e-02,-4.882315534567899795e-01,-2.956979455380028821e-01,2.013639641692477056e-01,1.803757635419512839e-01,3.771351917631767664e-02,9.740494349262433793e-02,-3.922177742824242697e-01
-2.027537193942584581e-01,2.199128038674645902e-01,6.434782387273629833e-01,5.318499141111194817e-01,3.658293335041691852e-01,-3.775815911799914604e-01,1.000000000000000000e+00,-6.045070668000963598e-01,4.146106746181170699e-01,4.595727892989302510e-01,8.483203472299633008e-02,4.864145499395715055e-01,2.492201440756678099e-01,3.465777828453383558e-01,4.689912655816459441e-01,2.995361386254603575e-01,1.512009928994240693e-01,5.950071315306030284e-01,6.511687319752208492e-01,6.794344260924369827e-01,5.429386561595248573e-01,6.763308364391146243e-01,4.692088779939201371e-01,3.646168514767316737e-01,3.248780606433937512e-01,1.509950661487391155e-01,4.268933428042608336e-01,3.850239703578327011e-01,-3.906764845144557463e-01,4.437249839164681964e-01,2.614705872714356283e-01,3.333206330389765215e-01,5.839552078576253358e-01,8.107380328374995393e-02,6.584129669238397708e-02,1.496337641514762506e-01,1.636953201431607385e-01,2.137495991069649492e-01,4.925540661929743713e-01
1.866663567408740343e-01,-4.240697394968673817e-01,-8.673677134738639882e-01,-4.915393511270040872e-01,-6.492584901071057901e-01,4.220222744554287253e-01,-6.045070668000963598e-01,1.000000000000000000e+00,-6.386331538563556620e-01,-7.181497933497776875e-01,-2.237372743067937431e-01,-5.750233435193344844e-01,-2.365026292447654777e-01,-5.761928057532635927e-01,-4.335954561165854537e-01,-5.255368615569271373e-01,-1.901365670501415639e-01,-6.816614784126323601e-01,-6.479330783369643409e-01,-6.465628581640182615e-01,-7.090817119661871892e-01,-7.399968013931845778e-01,-6.517810342647076816e-01,-5.491288387243361546e-01,-4.829027386059289162e-01,-3.071808208967041764e-01,-5.472746832444369547e-01,-4.703134672991912124e-01,5.150478882452803608e-01,-6.762064303163294321e-01,-4.299385092973841416e-01,-5.167074866396649258e-01,-7.929495605097912625e-01,-3.444243369091631313e-01,-2.492690442085371549e-01,-2.361215648728867689e-01,-3.954676342130291622e-01,-3.745069550182805185e-01,-6.718443555405387846e-01
6.515000342982708165e-03,6.165795064709653772e-01,6.349639279085713683e-01,4.023702769856616346e-01,6.709357934411014357e-01,-2.933631061146096952e-01,4.146106746181170699e-01,-6.386331538563556620e-01,1.000000000000000000e+00,7.937626690445351851e-01,4.020259519659192815e-01,6.007606989623804905e-01,-1.001137773863046421e-01,7.928877258362296843e-01,4.511277153043632970e-01,5.025039430548062791e-01,4.039566741182355480e-01,5.628518129556034921e-01,6.004129939744221600e-01,5.427370038445609168e-01,4.073332820241039598e-01,5.853123821342336441e-01,7.639239215772070102e-01,7.194803273764419638e-01,6.705508091890713951e-01,5.274080791081109387e-01,6.606308212447474792e-01,6.525717291611969895e-01,-4.379891212790352206e-01,7.861840433109376081e-01,6.812939971765153979e-01,5.502018967528109483e-01,6.762712671180532986e-01,5.335180143418202237e-01,4.092214258670320848e-01,3.294456604397097976e-01,6.041603992178506966e-01,5.779739743350833514e-01,6.942173290714760414e-01
1.613923161063292658e-02,6.804016524345355421e-01,7.174792438317963983e-01,3.442327863268350718e-01,7.194444364932848224e-01,-2.364890130381979705e-01,4.595727892989302510e-01,-7.181497933497776875e-01,7.937626690445351851e-01,1.000000000000000000e+00,4.489156015494208396e-01,5.500526505962519686e-01,6.835566521676333940e-02,7.769076009792981186e-01,3.497689183127019041e-01,6.014693861585735934e-01,3.820740765077073053e-01,6.190813929743179678e-01,5.939112445531957718e-01,5.033318272436752006e-01,5.221935315788301946e-01,6.010693010893471966e-01,7.452898910367707908e-01,6.399083650294876691e-01,6.196336254876950722e-01,5.025077255872574256e-01,6.509284951780790474e-01,6.387647430970556650e-01,-4.286496498736926397e-01,8.195594935834819017e-01,6.479846440379518624e-01,6.591004813251895023e-01,7.347719365703544447e-01,4.888005634169019231e-01,4.566292904322861168e-01,4.950560055541972648e-01,6.084684916604081728e-01,5.557842691021579462e-01,7.095874523741984019e-01
3.526545691599220489e-01,4.950751946104350876e-01,2.791325174131715769e-01,-3.065348606077560323e-01,5.179229664819885448e-01,4.796622655780370947e-01,8.483203472299633008e-02,-2.237372743067937431e-01,4.020259519659192815e-01,4.489156015494208396e-01,1.000000000000000000e+00,-8.226388520255917269e-02,2.578115586987163588e-01,5.555399959131257503e-01,-2.641918161413231436e-01,4.536019921756167528e-01,7.039999373068912547e-01,1.377752887044179642e-01,-3.001842567345738497e-02,-4.269846888632495424e-02,2.739622495173562600e-01,2.037495645746536035e-02,2.316357646799053205e-01,1.447047151445180202e-01,2.183343012192557331e-01,5.565573993318641000e-01,3.074706089958230693e-01,5.049325769841008782e-01,1.961752944674871046e-01,5.204715387411953387e-01,4.040380545159922288e-01,4.881197859339680423e-01,2.157248737879775002e-01,1.971609728293873265e-01,4.587869605241058912e-01,4.433776209108359900e-01,4.598183332348248498e-01,4.537602438306183039e-01,2.905377899279822373e-01
-4.868509483297196461e-01,4.223263717631676739e-01,5.336248541614868612e-01,7.403059331926401532e-01,2.460563449860136143e-01,-6.803467015348759750e-01,4.864145499395715055e-01,-5.750233435193344844e-01,6.007606989623804905e-01,5.500526505962519686e-01,-8.226388520255917269e-02,1.000000000000000000e+00,-1.890959217384861613e-01,4.239554808734768421e-01,8.095332768861160933e-01,2.192822688259949901e-02,-3.811786805327226080e-02,4.926917321692191876e-01,6.977077608521399243e-01,7.190751990569301810e-01,2.385795671058732748e-01,7.773226736871867715e-01,6.975410631705564191e-01,6.269881803921119046e-01,4.434256813695228172e-01,8.103068919203983145e-02,7.193735883378877816e-01,3.675343125177258363e-01,-7.463054419847366949e-01,4.920851406211647072e-01,5.595876464977860287e-01,4.958742106846623643e-01,6.569546432494071109e-01,5.174709953511487104e-01,1.149858082892178390e-01,1.833385884869048743e-01,3.693644897291427087e-01,3.813984021937456143e-02,6.492272647242035566e-01
8.970119823335914733e-02,-2.764078222879143634e-02,2.990480523974304305e-01,-1.349138116217400984e-01,2.370452331276206859e-01,1.449737710450808847e-01,2.492201440756678099e-01,-2.365026292447654777e-01,-1.001137773863046421e-01,6.835566521676333940e-02,2.578115586987163588e-01,-1.890959217384861613e-01,1.000000000000000000e+00,-1.376336070008004958e-03,-2.482398746911417542e-01,2.855055998687613950e-01,1.585291125193545869e-01,2.240752679210906151e-01,4.841656857174519470e-03,8.114159568025824942e-02,4.984632186183954872e-01,1.079136365245379481e-01,-2.036570807557998020e-01,-1.856295694360240167e-01,-2.748521917507266155e-01,1.641009003455528026e-01,-3.250365273236819480e-02,1.896149207639658829e-01,1.168341647242774339e-01,8.323091380871919243e-02,-1.994936728225060463e-01,1.197963751005594601e-01,2.210728830465088501e-01,-2.165532062510500955e-01,-5.240464196067399355e-02,-2.666854379276687240e-02,-1.705524705724605627e-01,7.876724501610612994e-02,5.673409494058325592e-02
1.469230616880067564e-01,6.426061746906255312e-01,5.959459579777750537e-01,1.876784818659086307e-01,7.093973426912941749e-01,-7.711137341396656630e-02,3.465777828453383558e-01,-5.761928057532635927e-01,7.928877258362296843e-01,7.769076009792981186e-01,5.555399959131257503e-01,4.239554808734768421e-01,-1.376336070008004958e-03,1.000000000000000000e+00,2.612070695904775697e-01,5.736440014265311582e-01,4.844052730857515976e-01,4.797399138073639158e-01,4.558479745796558680e-01,3.907490066813110174e-01,4.240064013765082462e-01,4.472028814214298320e-01,6.866372097655347728e-01,6.548255724661995458e-01,6.310686038951888177e-01,6.081952792274059050e-01,6.073365474293381805e-01,6.734503280810900661e-01,-2.292077837983038102e-01,7.781740211541892105e-01,6.798599436810732755e-01,5.843145049722188178e-01,6.138262502345994687e-01,5.159597360135558253e-01,5.660619141238083518e-01,4.262475799762700523e-01,6.463070164455607669e-01,5.738851027649419789e-01,5.914590063247889828e-01
-4.610265358405486458e-01,2.485903934529934689e-01,4.014340741642433152e-01,7.669234118872491068e-01,5.365083232782782291e-02,-7.241473480387888850e-01,4.689912655816459441e-01,-4.335954561165854537e-01,4.511277153043632970e-01,3.497689183127019041e-01,-2.641918161413231436e-01,8.095332768861160933e-01,-2.482398746911417542e-01,2.612070695904775697e-01,1.000000000000000000e+00,-1.267845658997288072e-01,-1.752243987583677054e-01,3.554171535144182159e-01,6.750064604431873505e-01,7.227225900569858030e-01,1.392533116517933323e-01,7.056114078775505005e-01,5.679506137110056363e-01,5.387889775383322144e-01,3.835275607442046875e-01,-1.576896885189990952e-02,5.736169048316522856e-01,2.225022295422476037e-01,-6.506393014204996383e-01,2.821976703422991450e-01,4.403480303124917006e-01,2.879274908142045453e-01,5.061151148238429709e-01,3.939649182791609139e-01,2.453339715303252261e-02,2.036759729517860842e-02,1.949613143910552682e-01,-7.704883348204720483e-02,4.763948341074445980e-01
3.191845817429704857e-01,2.777251602428095212e-01,5.618299163692161979e-01,-1.735935413853549950e-02,7.371170528107156006e-01,7.398389617529764484e-02,2.995361386254603575e-01,-5.255368615569271373e-01,5.025039430548062791e-01,6.014693861585735934e-01,4.536019921756167528e-01,2.192822688259949901e-02,2.855055998687613950e-01,5.736440014265311582e-01,-1.267845658997288072e-01,1.000000000000000000e+00,4.834519168482492302e-01,5.709410389216461601e-01,3.325058398295945850e-01,1.884957147188909554e-01,5.398287541715276472e-01,2.256708459122223343e-01,4.011624728735114220e-01,3.563146039121398156e-01,5.240296630438870951e-01,4.904180258343345811e-01,1.717254054887206727e-01,4.860230626305029333e-01,-6.307634504179777946e-02,6.415836764634369471e-01,1.942674703307205042e-01,2.300810886646966202e-01,4.502109356151715591e-01,4.726969396332441481e-02,3.757292881517194649e-01,2.313390887645416782e-01,3.443925838036057119e-01,7.544396411137506142e-01,4.084575957376909705e-01
3.729507665140956441e-01,3.095690541257498096e-01,2.574230923845629015e-01,-1.935932494162778961e-01,4.563664836670470182e-01,3.509279556670019118e-01,1.512009928994240693e-01,-1.901365670501415639e-01,4.039566741182355480e-01,3.820740765077073053e-01,7.039999373068912547e-01,-3.811786805327226080e-02,1.585291125193545869e-01,4.844052730857515976e-01,-1.752243987583677054e-01,4.834519168482492302e-01,1.000000000000000000e+00,2.436494190332953169e-01,9.550065859856764205e-02,8.365296225170655575e-02,2.214774644953357297e-01,6.000547915374248448e-02,2.399323871250864104e-01,1.496460469041746011e-01,2.993038249373248250e-01,5.186363382421519397e-01,2.447200342703850506e-01,5.652209999216456504e-01,1.422313645423921302e-01,4.756647131734926814e-01,2.845956959629333261e-01,2.929830167099020111e-01,1.816305245213135078e-01,3.526850520777652376e-02,3.429698494195343450e-01,3.506867462685155923e-01,3.910183987841165942e-01,5.034978624581341045e-01,2.492661566905234882e-01
-2.089718401011350923e-01,2.078056151772265381e-01,7.117169262254787743e-01,5.057481487999511138e-01,6.072942041224834719e-01,-3.886126067475406121e-01,5.950071315306030284e-01,-6.816614784126323601e-01,5.628518129556034921e-01,6.190813929743179678e-01,1.377752887044179642e-01,4.926917321692191876e-01,2.240752679210906151e-01,4.797399138073639158e-01,3.554171535144182159e-01,5.709410389216461601e-01,2.436494190332953169e-01,1.000000000000000000e+00,7.353557030014421514e-01,6.185748261307292273e-01,6.024093638063994227e-01,6.396542157750236823e-01,5.854261419253942167e-01,4.967729209421822278e-01,4.994482426865356484e-01,2.670675642660266247e-01,4.391703609895085125e-01,4.913384870415653527e-01,-5.540122303726798814e-01,6.099197339122555128e-01,2.562197094253639840e-01,2.831195287448994291e-01,6.795028397311486668e-01,6.694813254824608095e-02,9.124915399128627480e-02,9.857975581946606947e-02,2.297836734338889741e-01,5.062827960521995019e-01,7.042894892988221800e-01
-2.964886676150383371e-01,2.981494946038943383e-01,6.601707621267290937e-01,7.080362961006859690e-01,4.175551491316770170e-01,-5.872671157682903820e-01,6.511687319752208492e-01,-6.479330783369643409e-01,6.004129939744221600e-01,5.939112445531957718e-01,-3.001842567345738497e-02,6.977077608521399243e-01,4.841656857174519470e-03,4.558479745796558680e-01,6.750064604431873505e-01,3.325058398295945850e-01,9.550065859856764205e-02,7.353557030014421514e-01,1.000000000000000000e+00,7.746667620914444718e-01,4.571726896682174468e-01,7.644723761190638234e-01,6.867657236124523612e-01,6.106455113065609730e-01,5.592179045841706442e-01,1.764276404274336130e-01,5.386861165031630039e-01,4.261344380875883853e-01,-6.401827664549973873e-01,5.413813146750704464e-01,3.906699160026454454e-01,3.336382990068492704e-01,6.830553808721346876e-01,2.064122044526761901e-01,1.263106001907153830e-01,1.301827171966725982e-01,2.913320325631219565e-01,3.011058229200559988e-01,6.467685058187619962e-01
-3.088780659719264077e-01,2.668858089279488310e-01,6.680529313002887548e-01,7.102365980066689399e-01,3.311593015531519857e-01,-6.048430941970938113e-01,6.794344260924369827e-01,-6.465628581640182615e-01,5.427370038445609168e-01,5.033318272436752006e-01,-4.269846888632495424e-02,7.190751990569301810e-01,8.114159568025824942e-02,3.907490066813110174e-01,7.227225900569858030e-01,1.884957147188909554e-01,8.365296225170655575e-02,6.185748261307292273e-01,7.746667620914444718e-01,1.000000000000000000e+00,4.963278482927987456e-01,8.184870460529360958e-01,5.828888768473790005e-01,5.065909563808262961e-01,4.203910450261571508e-01,1.771675222812679473e-01,5.732538512823373011e-01,4.342075523383625568e-01,-5.755336686781381550e-01,4.573197501461388481e-01,3.870955617709608831e-01,3.468600769250689830e-01,6.639961100938338578e-01,2.173280662260073381e-01,7.616617923577265192e-02,9.132940491257172944e-02,2.274166179170055424e-01,1.526559528525202603e-01,5.800616388431508730e-01
-1.461239940089112226e-02,1.973096750957049061e-01,7.530186645449606919e-01,2.447956603669554365e-01,6.353523939753820127e-01,-1.547825676601293776e-01,5.429386561595248573e-01,-7.090817119661871892e-01,4.073332820241039598e-01,5.221935315788301946e-01,2.739622495173562600e-01,2.385795671058732748e-01,4.984632186183954872e-01,4.240064013765082462e-01,1.392533116517933323e-01,5.398287541715276472e-01,2.214774644953357297e-01,6.024093638063994227e-01,4.571726896682174468e-01,4.963278482927987456e-01,1.000000000000000000e+00,5.381890961084110359e-01,3.528718337996855081e-01,2.586084163510585787e-01,2.957699312080622200e-01,3.266541605415080873e-01,2.911317424899580453e-01,4.232688438293316646e-01,-2.127730802736600701e-01,5.108643141714614977e-01,1.739707534254329169e-01,3.155774741631658387e-01,6.278233466830605014e-01,7.978858536095775889e-02,1.564162843576829554e-01,1.118104457374631683e-01,1.741776464653485013e-01,3.933209069569701954e-01,4.903835713658128426e-01
-4.139041785093258707e-01,3.580552070672856635e-01,7.355046982779034348e-01,7.162468530840047087e-01,4.005994388407423945e-01,-6.153823548425428891e-01,6.763308364391146243e-01,-7.399968013931845778e-01,5.853123821342336441e-01,6.010693010893471966e-01,2.037495645746536035e-02,7.773226736871867715e-01,1.079136365245379481e-01,4.472028814214298320e-01,7.056114078775505005e-01,2.256708459122223343e-01,6.000547915374248448e-02,6.396542157750236823e-01,7.644723761190638234e-01,8.184870460529360958e-01,5.381890961084110359e-01,1.000000000000000000e+00,6.527203495544890988e-01,5.604976356898800915e-01,4.219918668169152509e-01,1.428308488592769654e-01,6.424883426249690110e-01,4.285398777557473116e-01,-6.779302065084689133e-01,5.569996083228653250e-01,4.494793754252164875e-01,4.780511371097761475e-01,7.743063235546412404e-01,3.667364747841655448e-01,1.078963293463917200e-01,1.766916950822266796e-01,2.987566163825657317e-01,1.382609058171718197e-01,6.664012388533973041e-01
-1.853174107164276274e-01,5.490082711605038801e-01,6.273621034204488467e-01,5.142360985779544924e-01,5.226927791480665553e-01,-3.938108610345318894e-01,4.692088779939201371e-01,-6.517810342647076816e-01,7.639239215772070102e-01,7.452898910367707908e-01,2.316357646799053205e-01,6.975410631705564191e-01,-2.036570807557998020e-01,6.866372097655347728e-01,5.679506137110056363e-01,4.011624728735114220e-01,2.399323871250864104e-01,5.854261419253942167e-01,6.867657236124523612e-01,5.828888768473790005e-01,3.528718337996855081e-01,6.527203495544890988e-01,1.000000000000000000e+00,7.646776440973183098e-01,7.356499811091641305e-01,3.158794696474744312e-01,6.626720395731057200e-01,5.002182195669518938e-01,-5.676139008687443033e-01,7.232529730083914199e-01,6.378756178534705779e-01,5.505962376904839362e-01,6.694061345217235948e-01,4.713558477658396084e-01,3.432404284022288476e-01,3.560958896827631226e-01,5.714362717168682826e-01,4.109904540864041667e-01,7.046304946688107806e-01
-1.474948098603389712e-01,4.588786871970088610e-01,5.253259878111924408e-01,4.661485601892323416e-01,4.703012096266549480e-01,-4.108003731490800226e-01,3.646168514767316737e-01,-5.491288387243361546e-01,7.194803273764419638e-01,6.399083650294876691e-01,1.447047151445180202e-01,6.269881803921119046e-01,-1.856295694360240167e-01,6.548255724661995458e-01,5.387889775383322144e-01,3.563146039121398156e-01,1.496460469041746011e-01,4.967729209421822278e-01,6.106455113065609730e-01,5.065909563808262961e-01,2.586084163510585787e-01,5.604976356898800915e-01,7.646776440973183098e-01,1.000000000000000000e+00,6.497937092215998467e-01,2.483263091533112477e-01,5.463104852614041329e-01,4.140539433920436552e-01,-5.139480400453614317e-01,6.433739484804832376e-01,5.380504107001601311e-01,4.297976253721871864e-01,6.044790030688055316e-01,4.490851525697062141e-01,3.163497283088838596e-01,1.600190215235283431e-01,4.901397907196090031e-01,3.511992786807593969e-01,5.624949660890531389e-01
5.432294870133089898e-02,3.770288715681102132e-01,4.781594320248359065e-01,3.493605367810715956e-01,5.361731588091603884e-01,-2.210714414544971973e-01,3.248780606433937512e-01,-4.829027386059289162e-01,6.705508091890713951e-01,6.196336254876950722e-01,2.183343012192557331e-01,4.434256813695228172e-01,-2.748521917507266155e-01,6.310686038951888177e-01,3.835275607442046875e-01,5.240296630438870951e-01,2.993038249373248250e-01,4.994482426865356484e-01,5.592179045841706442e-01,4.203910450261571508e-01,2.957699312080622200e-01,4.219918668169152509e-01,7.356499811091641305e-01,6.497937092215998467e-01,1.000000000000000000e+00,3.606295325481799208e-01,4.038686380457979230e-01,4.290338825416729063e-01,-3.097943893426964301e-01,6.322367515353528589e-01,5.070589767447540863e-01,2.818205732612539260e-01,4.740606120530199141e-01,3.117949103263432664e-01,4.090589933249185184e-01,2.333475911418199933e-01,5.161742308301670024e-01,5.793650185850530709e-01,5.452913008692592545e-01
4.496337803590547133e-01,4.963683894317029166e-01,3.560738326306228108e-01,-1.207052366306546193e-01,5.151440129812419055e-01,1.796125966144750397e-01,1.509950661487391155e-01,-3.071808208967041764e-01,5.274080791081109387e-01,5.025077255872574256e-01,5.565573993318641000e-01,8.103068919203983145e-02,1.641009003455528026e-01,6.081952792274059050e-01,-1.576896885189990952e-02,4.904180258343345811e-01,5.186363382421519397e-01,2.670675642660266247e-01,1.764276404274336130e-01,1.771675222812679473e-01,3.266541605415080873e-01,1.428308488592769654e-01,3.158794696474744312e-01,2.483263091533112477e-01,3.606295325481799208e-01,1.000000000000000000e+00,4.541944544397574779e-01,7.179077244150100512e-01,1.576473341712304743e-01,5.153114655358205232e-01,4.719910883798285606e-01,3.991929888724411457e-01,2.759569851774316129e-01,2.512312143885007121e-01,5.381104284372618674e-01,3.771933881495656005e-01,5.062194572927329883e-01,5.793750413266539612e-01,3.141678471277201123e-01
-2.538741628235236525e-01,6.019175074021005933e-01,5.342487085058451601e-01,4.391821431854692204e-01,3.871956231626699774e-01,-3.643800493809770669e-01,4.268933428042608336e-01,-5.472746832444369547e-01,6.606308212447474792e-01,6.509284951780790474e-01,3.074706089958230693e-01,7.193735883378877816e-01,-3.250365273236819480e-02,6.073365474293381805e-01,5.736169048316522856e-01,1.717254054887206727e-01,2.447200342703850506e-01,4.391703609895085125e-01,5.386861165031630039e-01,5.732538512823373011e-01,2.911317424899580453e-01,6.424883426249690110e-01,6.626720395731057200e-01,5.463104852614041329e-01,4.038686380457979230e-01,4.541944544397574779e-01,1.000000000000000000e+00,6.273403127269742141e-01,-5.006951663604241043e-01,6.300437896150788974e-01,7.022174505868780114e-01,6.988330012646520872e-01,6.272990259766852983e-01,5.670376550049653908e-01,3.445306220623500781e-01,4.021635142546126085e-01,5.433094281221411137e-01,1.784951016497210441e-01,6.580363415695075213e-01
1.849800454965491447e-01,5.489015617996880758e-01,5.223631682981345614e-01,1.322402139732304360e-01,5.438781969628425639e-01,-2.874589213704687937e-02,3.850239703578327011e-01,-4.703134672991912124e-01,6.525717291611969895e-01,6.387647430970556650e-01,5.049325769841008782e-01,3.675343125177258363e-01,1.896149207639658829e-01,6.734503280810900661e-01,2.225022295422476037e-01,4.860230626305029333e-01,5.652209999216456504e-01,4.913384870415653527e-01,4.261344380875883853e-01,4.342075523383625568e-01,4.232688438293316646e-01,4.285398777557473116e-01,5.002182195669518938e-01,4.140539433920436552e-01,4.290338825416729063e-01,7.179077244150100512e-01,6.273403127269742141e-01,1.000000000000000000e+00,-1.425868501331512828e-01,6.496469742594870311e-01,5.785394987021441615e-01,5.393435749350595776e-01,5.196114313527009365e-01,3.240846240570394166e-01,4.624589226718563428e-01,4.054028596842091381e-01,5.556657589421341026e-01,5.201114968675288885e-01,5.069139563280532501e-01
6.293279300792983255e-01,-1.805782486286689748e-01,-4.624781974059278267e-01,-7.199250857301621176e-01,-2.171197981341879690e-01,7.139276187678283980e-01,-3.906764845144557463e-01,5.150478882452803608e-01,-4.379891212790352206e-01,-4.286496498736926397e-01,1.961752944674871046e-01,-7.463054419847366949e-01,1.168341647242774339e-01,-2.292077837983038102e-01,-6.506393014204996383e-01,-6.307634504179777946e-02,1.422313645423921302e-01,-5.540122303726798814e-01,-6.401827664549973873e-01,-5.755336686781381550e-01,-2.127730802736600701e-01,-6.779302065084689133e-01,-5.676139008687443033e-01,-5.139480400453614317e-01,-3.097943893426964301e-01,1.576473341712304743e-01,-5.006951663604241043e-01,-1.425868501331512828e-01,1.000000000000000000e+00,-3.985061532923360739e-01,-2.827852289860237622e-01,-2.604818419863757506e-01,-5.849290864783661670e-01,-3.409247467559877731e-01,1.737722963543247290e-01,1.357946210346102668e-02,-9.344843078436031181e-02,-3.988159998486170282e-02,-6.360025970640674764e-01
-8.160348320053731341e-03,5.901752166373337438e-01,6.853815651415254839e-01,2.870132432375688825e-01,7.568051716924322214e-01,-1.863417698572859271e-01,4.437249839164681964e-01,-6.762064303163294321e-01,7.861840433109376081e-01,8.195594935834819017e-01,5.204715387411953387e-01,4.920851406211647072e-01,8.323091380871919243e-02,7.781740211541892105e-01,2.821976703422991450e-01,6.415836764634369471e-01,4.756647131734926814e-01,6.099197339122555128e-01,5.413813146750704464e-01,4.573197501461388481e-01,5.108643141714614977e-01,5.569996083228653250e-01,7.232529730083914199e-01,6.433739484804832376e-01,6.322367515353528589e-01,5.153114655358205232e-01,6.300437896150788974e-01,6.496469742594870311e-01,-3.985061532923360739e-01,1.000000000000000000e+00,6.085307421696940500e-01,6.059367516221983996e-01,7.055677915444773518e-01,4.648434632236978503e-01,4.406807930363634829e-01,4.118975125180219243e-01,6.032030672049402131e-01,6.004996879423397660e-01,7.033451120006966040e-01
-4.500130168436820843e-02,7.557873042015487153e-01,4.237017832563806374e-01,2.198708145437567041e-01,4.226686869652101497e-01,-1.587265575808720630e-01,2.614705872714356283e-01,-4.299385092973841416e-01,6.812939971765153979e-01,6.479846440379518624e-01,4.040380545159922288e-01,5.595876464977860287e-01,-1.994936728225060463e-01,6.798599436810732755e-01,4.403480303124917006e-01,1.942674703307205042e-01,2.845956959629333261e-01,2.562197094253639840e-01,3.906699160026454454e-01,3.870955617709608831e-01,1.739707534254329169e-01,4.494793754252164875e-01,6.378756178534705779e-01,5.380504107001601311e-01,5.070589767447540863e-01,4.719910883798285606e-01,7.022174505868780114e-01,5.785394987021441615e-01,-2.827852289860237622e-01,6.085307421696940500e-01,1.000000000000000000e+00,6.608515334264868368e-01,5.045430320832217097e-01,6.534933557841876572e-01,5.072751055498677664e-01,5.001269284814302551e-01,6.754865834861046858e-01,2.780292976633447211e-01,5.263555766783258871e-01
-6.597316363745266143e-02,7.586919094503732364e-01,5.046238329151331303e-01,1.614784347228547245e-01,4.162145011964697439e-01,-7.019111275322886812e-02,3.333206330389765215e-01,-5.167074866396649258e-01,5.502018967528109483e-01,6.591004813251895023e-01,4.881197859339680423e-01,4.958742106846623643e-01,1.197963751005594601e-01,5.843145049722188178e-01,2.879274908142045453e-01,2.300810886646966202e-01,2.929830167099020111e-01,2.831195287448994291e-01,3.336382990068492704e-01,3.468600769250689830e-01,3.155774741631658387e-01,4.780511371097761475e-01,5.505962376904839362e-01,4.297976253721871864e-01,2.818205732612539260e-01,3.991929888724411457e-01,6.988330012646520872e-01,5.393435749350595776e-01,-2.604818419863757506e-01,6.059367516221983996e-01,6.608515334264868368e-01,1.000000000000000000e+00,5.516202948123085648e-01,5.304681946914917567e-01,5.130658917599009161e-01,5.981987664293092477e-01,6.691508839114980178e-01,1.393130542089545398e-01,4.893483347084588431e-01
-2.892345517473962069e-01,4.545300974248386305e-01,7.862118306905585552e-01,5.417047719899907854e-01,6.303458915967906639e-01,-4.882315534567899795e-01,5.839552078576253358e-01,-7.929495605097912625e-01,6.762712671180532986e-01,7.347719365703544447e-01,2.157248737879775002e-01,6.569546432494071109e-01,2.210728830465088501e-01,6.138262502345994687e-01,5.061151148238429709e-01,4.502109356151715591e-01,1.816305245213135078e-01,6.795028397311486668e-01,6.830553808721346876e-01,6.639961100938338578e-01,6.278233466830605014e-01,7.743063235546412404e-01,6.694061345217235948e-01,6.044790030688055316e-01,4.740606120530199141e-01,2.759569851774316129e-01,6.272990259766852983e-01,5.196114313527009365e-01,-5.849290864783661670e-01,7.055677915444773518e-01,5.045430320832217097e-01,5.516202948123085648e-01,1.000000000000000000e+00,4.699823440224407123e-01,2.166193096746647784e-01,2.270753425359266497e-01,4.061174375654561519e-01,3.121349480713074831e-01,7.101365822742760070e-01
-1.871672379629523153e-01,5.612721531082622839e-01,2.830285139731676947e-01,2.577327379982828348e-01,3.033149374652747143e-01,-2.956979455380028821e-01,8.107380328374995393e-02,-3.444243369091631313e-01,5.335180143418202237e-01,4.888005634169019231e-01,1.971609728293873265e-01,5.174709953511487104e-01,-2.165532062510500955e-01,5.159597360135558253e-01,3.939649182791609139e-01,4.726969396332441481e-02,3.526850520777652376e-02,6.694813254824608095e-02,2.064122044526761901e-01,2.173280662260073381e-01,7.978858536095775889e-02,3.667364747841655448e-01,4.713558477658396084e-01,4.490851525697062141e-01,3.117949103263432664e-01,2.512312143885007121e-01,5.670376550049653908e-01,3.240846240570394166e-01,-3.409247467559877731e-01,4.648434632236978503e-01,6.534933557841876572e-01,5.304681946914917567e-01,4.699823440224407123e-01,1.000000000000000000e+00,3.344439730743097305e-01,3.130820330782135286e-01,4.915153777354078213e-01,8.276953540677661758e-02,3.931209851396174626e-01
3.923736584292017437e-01,6.004524838073933557e-01,2.641006867684319026e-01,-1.053998210685366116e-01,3.848440974684871341e-01,2.013639641692477056e-01,6.584129669238397708e-02,-2.492690442085371549e-01,4.092214258670320848e-01,4.566292904322861168e-01,4.587869605241058912e-01,1.149858082892178390e-01,-5.240464196067399355e-02,5.660619141238083518e-01,2.453339715303252261e-02,3.757292881517194649e-01,3.429698494195343450e-01,9.124915399128627480e-02,1.263106001907153830e-01,7.616617923577265192e-02,1.564162843576829554e-01,1.078963293463917200e-01,3.432404284022288476e-01,3.163497283088838596e-01,4.090589933249185184e-01,5.381104284372618674e-01,3.445306220623500781e-01,4.624589226718563428e-01,1.737722963543247290e-01,4.406807930363634829e-01,5.072751055498677664e-01,5.130658917599009161e-01,2.166193096746647784e-01,3.344439730743097305e-01,1.000000000000000000e+00,5.231594771236276475e-01,7.222709565375702301e-01,3.314655773393905269e-01,1.569135555395294312e-01
2.386962340986224784e-01,6.580862849716058172e-01,2.407002723806485056e-01,-6.153135160580551488e-02,2.229127272822834238e-01,1.803757635419512839e-01,1.496337641514762506e-01,-2.361215648728867689e-01,3.294456604397097976e-01,4.950560055541972648e-01,4.433776209108359900e-01,1.833385884869048743e-01,-2.666854379276687240e-02,4.262475799762700523e-01,2.036759729517860842e-02,2.313390887645416782e-01,3.506867462685155923e-01,9.857975581946606947e-02,1.301827171966725982e-01,9.132940491257172944e-02,1.118104457374631683e-01,1.766916950822266796e-01,3.560958896827631226e-01,1.600190215235283431e-01,2.333475911418199933e-01,3.771933881495656005e-01,4.021635142546126085e-01,4.054028596842091381e-01,1.357946210346102668e-02,4.118975125180219243e-01,5.001269284814302551e-01,5.981987664293092477e-01,2.270753425359266497e-01,3.130820330782135286e-01,5.231594771236276475e-01,1.000000000000000000e+00,5.718440057286936495e-01,1.801893180762625113e-01,1.909001550231770872e-01
1.683485183097090665e-01,7.289527070994091806e-01,3.889182695637051768e-01,6.444776381794165010e-02,4.624303299284109325e-01,3.771351917631767664e-02,1.636953201431607385e-01,-3.954676342130291622e-01,6.041603992178506966e-01,6.084684916604081728e-01,4.598183332348248498e-01,3.693644897291427087e-01,-1.705524705724605627e-01,6.463070164455607669e-01,1.949613143910552682e-01,3.443925838036057119e-01,3.910183987841165942e-01,2.297836734338889741e-01,2.913320325631219565e-01,2.274166179170055424e-01,1.741776464653485013e-01,2.987566163825657317e-01,5.714362717168682826e-01,4.901397907196090031e-01,5.161742308301670024e-01,5.062194572927329883e-01,5.433094281221411137e-01,5.556657589421341026e-01,-9.344843078436031181e-02,6.032030672049402131e-01,6.754865834861046858e-01,6.691508839114980178e-01,4.061174375654561519e-01,4.915153777354078213e-01,7.222709565375702301e-01,5.718440057286936495e-01,1.000000000000000000e+00,3.434531100683733129e-01,3.695343940347814438e-01
3.824536397825221146e-01,2.955876491633230851e-01,4.169796566132634164e-01,2.584047349766038087e-03,6.850777353728666474e-01,9.740494349262433793e-02,2.137495991069649492e-01,-3.745069550182805185e-01,5.779739743350833514e-01,5.557842691021579462e-01,4.537602438306183039e-01,3.813984021937456143e-02,7.876724501610612994e-02,5.738851027649419789e-01,-7.704883348204720483e-02,7.544396411137506142e-01,5.034978624581341045e-01,5.062827960521995019e-01,3.011058229200559988e-01,1.526559528525202603e-01,3.933209069569701954e-01,1.382609058171718197e-01,4.109904540864041667e-01,3.511992786807593969e-01,5.793650185850530709e-01,5.793750413266539612e-01,1.784951016497210441e-01,5.201114968675288885e-01,-3.988159998486170282e-02,6.004996879423397660e-01,2.780292976633447211e-01,1.393130542089545398e-01,3.121349480713074831e-01,8.276953540677661758e-02,3.314655773393905269e-01,1.801893180762625113e-01,3.434531100683733129e-01,1.000000000000000000e+00,4.528381767815359837e-01
-3.280641858150968870e-01,4.167980064737338286e-01,6.590958782610938371e-01,5.299921207333643247e-01,6.139333726629366828e-01,-3.922177742824242697e-01,4.925540661929743713e-01,-6.718443555405387846e-01,6.942173290714760414e-01,7.095874523741984019e-01,2.905377899279822373e-01,6.492272647242035566e-01,5.673409494058325592e-02,5.914590063247889828e-01,4.763948341074445980e-01,4.084575957376909705e-01,2.492661566905234882e-01,7.042894892988221800e-01,6.467685058187619962e-01,5.800616388431508730e-01,4.903835713658128426e-01,6.664012388533973041e-01,7.046304946688107806e-01,5.624949660890531389e-01,5.452913008692592545e-01,3.141678471277201123e-01,6.580363415695075213e-01,5.069139563280532501e-01,-6.360025970640674764e-01,7.033451120006966040e-01,5.263555766783258871e-01,4.893483347084588431e-01,7.101365822742760070e-01,3.931209851396174626e-01,1.569135555395294312e-01,1.909001550231770872e-01,3.695343940347814438e-01,4.528381767815359837e-01,1.000000000000000000e+00
