1.000000000000000000e+00,7.669207275576452876e-01,3.220636121197293367e-01,7.030899827873986208e-02,5.043475194807991446e-01,-6.382575436505480426e-02,1.497733523596921079e-01,-3.018960632470116257e-01,5.624544973330812825e-01,6.591074863485912871e-01,8.918977905204868162e-02,4.891908268665424997e-02,1.746752831831304698e-01,4.227245308192668083e-01,3.166038918872560864e-02,6.434087686739323741e-01,2.954969706759953962e-01,1.991173534448593407e-01,1.551644234199646977e-01,-2.046830687583707786e-01,4.296038025711296227e-02,-2.460693796932104938e-02,4.242481534291275280e-01,2.921285468588514789e-01,5.222317244869468800e-01,1.272689376723651900e-01,2.001603570975096780e-01,1.730681701529246941e-01,2.053709395672407567e-01,5.431960080561765158e-01,1.084651974206342906e-01,3.644750053661920397e-01,1.551921167840172033e-01,5.104318014531037395e-01,-1.684513163382139744e-01,5.691717524852281107e-01,1.621590252828870315e-01,5.467377107525089874e-01,3.845161835000412420e-01
7.669207275576452876e-01,1.000000000000000000e+00,4.166617740650605528e-01,2.001504799740774498e-01,4.026679532644060200e-01,-5.682602408558125318e-02,2.749949986529154344e-01,-3.836335033290415031e-01,5.816347982168175168e-01,7.433113015017539515e-01,4.430762178903118603e-02,1.890443452651177081e-01,3.061207598734558277e-01,5.088682587870939633e-01,1.640125012247640457e-01,7.649553024772203225e-01,4.519493567300016945e-01,3.041117086311330153e-01,3.909205984479870444e-01,-9.755520156723399006e-02,2.008561764379250825e-01,1.680899895779947584e-01,4.308796641989137144e-01,2.024972641617716618e-01,5.730446651782908907e-01,-1.499605350962103859e-02,1.726546212752624876e-01,4.416325582392403581e-01,2.481677661749465691e-01,6.410446830461523637e-01,2.664040559768433014e-01,4.923000412647022261e-01,4.205279701465384767e-01,5.065651285890684363e-01,-1.305067805195889996e-01,6.289824509053357771e-01,3.072583897588744284e-01,5.444852585283559421e-01,5.403954165539986976e-01
3.220636121197293367e-01,4.166617740650605528e-01,1.000000000000000000e+00,3.528969651375902794e-01,6.098244791870198744e-01,-1.129737234751614777e-02,2.496270077496206274e-01,-9.129764399556550281e-01,6.237817758429278214e-01,6.257999873117627843e-01,-7.079898120945680995e-02,1.884040294136932747e-01,-2.680395884688955080e-02,5.345911774814688933e-01,2.835335489447270933e-03,6.143405617314374734e-01,4.805642589800083186e-01,6.313423177683399334e-01,4.392735569101477999e-01,7.864906924680022116e-02,3.438896699790722766e-01,4.254929273766957509e-01,3.550861753941058629e-01,1.905236558079048126e-01,6.403742450613240100e-01,4.821233937281091397e-01,5.895036498932267888e-01,5.494110932450809726e-01,2.376784925831219586e-01,5.761477995260557705e-01,6.850809179708218233e-01,5.617025240304340805e-01,5.795892383449653407e-01,5.268097662108167656e-01,1.360952884992468470e-01,6.038553157794631643e-01,2.756795622540731960e-01,4.193490051965368948e-01,4.837145373803742876e-01
7.030899827873986208e-02,2.001504799740774498e-01,3.528969651375902794e-01,1.000000000000000000e+00,2.259540705265897509e-01,6.506231123234486324e-02,3.328196632026842461e-01,-3.188011293384706568e-01,4.702297397952231450e-01,2.464902766116963406e-01,1.568318556563803312e-01,3.512002758521735046e-01,2.121541351508416384e-01,2.781368634623047065e-01,1.445596857356940268e-01,2.821901636296086924e-01,3.133769502848119393e-01,6.617634252373572057e-01,6.992234246026239886e-01,1.010875792261986018e-02,5.629104046040316334e-01,4.109529261319786464e-01,2.372673124642730447e-01,4.521159225678010596e-02,3.782165670245188349e-01,-1.717698561307694771e-01,2.662377906191764065e-01,2.343885348805126445e-01,1.529943963553198893e-01,6.563671487910130442e-02,2.638109308208692050e-01,3.081807344729388110e-01,3.608695585284527607e-01,4.964945199584663849e-01,-7.805575135075662474e-02,3.049713620287701765e-01,3.327052249270187612e-01,4.470624883466091104e-01,4.917371976374252385e-01
5.043475194807991446e-01,4.026679532644060200e-01,6.098244791870198744e-01,2.259540705265897509e-01,1.000000000000000000e+00,-5.156346509850195242e-02,2.246451375039189569e-01,-6.162456632888829722e-01,6.403372967925272663e-01,5.387898313990397980e-01,1.190840666720122676e-01,-9.624895831649757372e-03,3.686004329710855509e-02,4.017449109520135342e-01,1.811931184687668242e-02,4.927651204521705242e-01,3.457839432002421942e-01,5.733886035666676539e-01,2.548770251897861105e-01,-1.984656431245097608e-01,3.031585518676791283e-02,-2.367282482415096218e-03,3.182560260959738097e-01,3.084929936091876934e-01,5.057799123712996003e-01,2.751155510767512857e-01,3.857070702662943051e-01,3.166109067662075671e-01,2.013701094652554091e-01,4.242376470329162208e-01,3.799680081063592785e-01,3.427300271626789185e-01,2.179766201629973199e-01,6.827414602030752455e-01,-7.490828455916287432e-02,4.023638929603715053e-01,1.440599280534108351e-01,3.336757782532056016e-01,2.914201488969242471e-01
-6.382575436505480426e-02,-5.682602408558125318e-02,-1.129737234751614777e-02,6.506231123234486324e-02,-5.156346509850195242e-02,1.000000000000000000e+00,-5.202199162105063390e-01,1.131654460151643310e-01,-3.539923123347493705e-01,1.517450012419253313e-01,7.500843951479503335e-01,-2.463738909044889125e-01,-5.453495093515072778e-01,3.368010491975743093e-01,-1.720609890109217333e-01,-2.534807040784852195e-01,-2.050853156706847757e-01,-2.540457285474102544e-01,-2.351513452490006928e-01,-2.744619052333219789e-01,3.796907003331812525e-01,-1.197556044017729637e-01,6.365933308037617921e-01,5.816787618783412217e-01,2.727250755934640392e-01,1.237730239165278079e-01,4.285804762543115598e-01,-9.976299276284160411e-02,7.880316814392933633e-01,-4.974069107932446721e-02,2.839602170235455136e-01,-6.641884117930890730e-02,-3.210825751590513921e-02,-4.340164597165704213e-02,7.055507857945557681e-01,-2.269509334618346752e-01,6.801882688898073237e-01,-3.230637612073925524e-01,-4.669989310386821746e-01
1.497733523596921079e-01,2.749949986529154344e-01,2.496270077496206274e-01,3.328196632026842461e-01,2.246451375039189569e-01,-5.202199162105063390e-01,1.000000000000000000e+00,-2.830646655909020426e-01,5.846575262276549889e-01,1.654531441882265141e-01,-4.009549392505565302e-01,3.647326645846843407e-01,6.534639630437343305e-01,2.202266760419730601e-02,3.832452168798644587e-01,4.459326971250577309e-01,5.647442613640617504e-01,5.787010599971510461e-01,6.627655881921592496e-01,2.002938655485346220e-01,-8.171819226316536997e-03,2.796804529582391230e-01,-2.443808884901250700e-01,-3.401618554692321106e-01,9.358592883214975067e-02,-2.184734787776262954e-01,-2.243146666346929052e-01,3.848836309695012892e-01,-3.535115444447027855e-01,2.278474625498137784e-01,-3.362772260447875056e-02,3.558520974357412547e-01,2.996982269840865465e-01,3.681778393322788778e-01,-5.424275472318697000e-01,4.057736124174734504e-01,-1.992698010584190993e-01,5.944599727718753446e-01,6.981080464908505645e-01
-3.018960632470116257e-01,-3.836335033290415031e-01,-9.129764399556550281e-01,-3.188011293384706568e-01,-6.162456632888829722e-01,1.131654460151643310e-01,-2.830646655909020426e-01,1.000000000000000000e+00,-6.529516902291456759e-01,-5.782630755776393405e-01,1.716898808666464937e-01,-2.109023896633586137e-01,-7.220856859491969889e-04,-4.798622151608579744e-01,-6.089354439846989507e-03,-6.224377571289320121e-01,-4.734077796308507335e-01,-6.443384577392123891e-01,-4.360611221723920128e-01,-8.499839117161088475e-02,-2.596288278178048303e-01,-4.117528481952776875e-01,-2.714984671538249739e-01,-1.168942294600394116e-01,-5.944256914156347271e-01,-4.698780036093799795e-01,-5.337726918176037838e-01,-5.134056701928081390e-01,-1.312249769518419318e-01,-5.705533803851466912e-01,-6.551358438838875697e-01,-5.360851179857315518e-01,-5.414314665401381843e-01,-5.193274610109045453e-01,-4.788275272087787193e-02,-6.135839452663958138e-01,-1.716356936024351632e-01,-4.299128612346302392e-01,-5.074407752635869961e-01
5.624544973330812825e-01,5.816347982168175168e-01,6.237817758429278214e-01,4.702297397952231450e-01,6.403372967925272663e-01,-3.539923123347493705e-01,5.846575262276549889e-01,-6.529516902291456759e-01,1.000000000000000000e+00,5.839427898469162770e-01,-1.982019531256478673e-01,3.902008810944885275e-01,4.002251782994002971e-01,4.140998050973267453e-01,2.785509220506229844e-01,7.572872161965857885e-01,5.850912308146716256e-01,7.362638141805709635e-01,6.602270611065760297e-01,-4.737328467158725617e-03,1.365588896515085859e-01,2.908566629679885107e-01,1.898210676534984320e-01,-2.027190762200614324e-02,5.461698365524788601e-01,4.679400081686627133e-02,1.987954268832149984e-01,4.038429892327255466e-01,-6.904219579800907614e-02,5.442199771298811273e-01,3.174729610302524652e-01,5.105621469167601623e-01,4.202412691701774006e-01,7.565174420285166734e-01,-3.913822519795492894e-01,6.920152176336247241e-01,3.398846651088643228e-02,7.557141237177660287e-01,7.699376853956689803e-01
6.591074863485912871e-01,7.433113015017539515e-01,6.257999873117627843e-01,2.464902766116963406e-01,5.387898313990397980e-01,1.517450012419253313e-01,1.654531441882265141e-01,-5.782630755776393405e-01,5.839427898469162770e-01,1.000000000000000000e+00,1.201719123373345965e-01,8.979320886246952571e-02,6.797400715362328372e-02,5.547245973382440853e-01,5.163154350609994864e-02,7.753246892087422015e-01,3.815503043714787990e-01,4.248701193161098510e-01,3.630449685145452632e-01,-1.024600868170967988e-01,2.505539173329556224e-01,1.339315081927455464e-01,6.014825267670169673e-01,3.402723042693462929e-01,7.425950118430172386e-01,3.058613762865472485e-01,4.163211465808281941e-01,4.093260981508010099e-01,3.525026471438834075e-01,7.191738518256073354e-01,3.980472947925557392e-01,5.355253438408078548e-01,3.459877260712834190e-01,5.244228314364819399e-01,3.742067579325202703e-02,6.201448922906320771e-01,3.341031827602476967e-01,5.092359612878771813e-01,4.299165497944552605e-01
8.918977905204868162e-02,4.430762178903118603e-02,-7.079898120945680995e-02,1.568318556563803312e-01,1.190840666720122676e-01,7.500843951479503335e-01,-4.009549392505565302e-01,1.716898808666464937e-01,-1.982019531256478673e-01,1.201719123373345965e-01,1.000000000000000000e+00,-2.680501694889735886e-01,-3.626527437732349757e-01,3.071051985026623243e-01,-2.189752404783141745e-02,-2.437312922766781687e-01,-8.610293890403911132e-02,-1.855911597526304913e-01,-1.554763676346737622e-01,-4.413957862331352455e-01,4.017442788249816488e-01,-1.400523743685278821e-01,6.178076822636896503e-01,6.382923285394428436e-01,2.321858415074523896e-01,-7.417019220206728936e-02,3.483388904671403385e-01,-3.728470344839850126e-02,7.445509977775166544e-01,-1.744646003452957339e-01,2.261165253041456102e-01,-6.470629582666331814e-02,-5.546142727754865484e-03,1.771963535104994492e-01,5.291721550581236500e-01,-2.250714462764154822e-01,6.798994947794665400e-01,-2.584641781321644904e-01,-3.883307216751800128e-01
4.891908268665424997e-02,1.890443452651177081e-01,1.884040294136932747e-01,3.512002758521735046e-01,-9.624895831649757372e-03,-2.463738909044889125e-01,3.647326645846843407e-01,-2.109023896633586137e-01,3.902008810944885275e-01,8.979320886246952571e-02,-2.680501694889735886e-01,1.000000000000000000e+00,4.617365580080331489e-01,1.572345797667621670e-01,4.588397462884720723e-01,3.174441216542361888e-01,3.392154839244497233e-01,3.729644882873453526e-01,5.040960696617766690e-01,1.659583054799828039e-01,2.497316983967708404e-01,4.197338267399849943e-01,-8.508879905647401265e-02,-1.357303324845185732e-01,2.266509092002882420e-01,-2.981247558357263405e-01,-1.543091605323176907e-01,2.083227361154424695e-01,-1.717456120269169884e-01,1.281408201304263250e-01,1.170925102817463315e-01,2.220173946216559280e-01,4.188180154765557828e-01,3.985706320927032142e-01,-3.361855723550388197e-01,3.778982050911567914e-01,-2.133314654306469466e-02,3.735814785719359099e-01,5.558037149589962755e-01
1.746752831831304698e-01,3.061207598734558277e-01,-2.680395884688955080e-02,2.121541351508416384e-01,3.686004329710855509e-02,-5.453495093515072778e-01,6.534639630437343305e-01,-7.220856859491969889e-04,4.002251782994002971e-01,6.797400715362328372e-02,-3.626527437732349757e-01,4.617365580080331489e-01,1.000000000000000000e+00,-1.009504771277281165e-01,4.490989441345065170e-01,3.361951562745878475e-01,4.757836855344180771e-01,3.484785248513870837e-01,5.462916664072293704e-01,2.172461979530240228e-01,-6.804869836610262686e-03,2.328940558381202564e-01,-3.156297619558503520e-01,-3.244322604479748517e-01,-6.346771311675381000e-03,-4.536185935430940286e-01,-4.331965221570663882e-01,3.105569736657879387e-01,-4.136967350170900337e-01,1.016096778581697668e-01,-3.196212336751639849e-01,2.919629340213555913e-01,2.414659189078379731e-01,2.702898308373907210e-01,-6.564659289948232557e-01,3.061606456874769178e-01,-2.465580622387747722e-01,4.891089605111141325e-01,6.231906564858871178e-01
4.227245308192668083e-01,5.088682587870939633e-01,5.345911774814688933e-01,2.781368634623047065e-01,4.017449109520135342e-01,3.368010491975743093e-01,2.202266760419730601e-02,-4.798622151608579744e-01,4.140998050973267453e-01,5.547245973382440853e-01,3.071051985026623243e-01,1.572345797667621670e-01,-1.009504771277281165e-01,1.000000000000000000e+00,8.064314157448390641e-02,4.374530639957892597e-01,3.205687619061091675e-01,2.447981554590775433e-01,2.803783649754022500e-01,-1.810911489926937123e-01,4.529047157201004370e-01,3.399902324401960496e-01,6.838101960753847353e-01,4.400309943243053690e-01,6.859389367225277034e-01,1.224310048320724348e-01,4.842446107779745934e-01,2.976290038767138157e-01,6.109204469437919949e-01,4.193056627071798381e-01,6.597755853226856537e-01,4.978301453097078721e-01,5.911318296229496339e-01,5.420293210657659566e-01,3.675802443742732240e-01,4.382114137548580035e-01,7.003448111400739640e-01,2.804010665435405780e-01,2.778217369836442074e-01
3.166038918872560864e-02,1.640125012247640457e-01,2.835335489447270933e-03,1.445596857356940268e-01,1.811931184687668242e-02,-1.720609890109217333e-01,3.832452168798644587e-01,-6.089354439846989507e-03,2.785509220506229844e-01,5.163154350609994864e-02,-2.189752404783141745e-02,4.588397462884720723e-01,4.490989441345065170e-01,8.064314157448390641e-02,1.000000000000000000e+00,1.397850820246807069e-01,3.410680091444034945e-01,1.717243252091225358e-01,4.273619081011839627e-01,-2.052882284430828166e-02,1.544403561276639081e-01,5.519814989284101830e-02,-1.052543554051763308e-01,-3.647585266122458508e-02,7.616308629805029762e-02,-5.069861613438619852e-01,-3.371876979833382526e-01,3.220225390311858282e-01,-1.500823882490465722e-01,-2.235088783516615395e-03,-3.963467286927174760e-02,8.154895016413142572e-02,2.325879393104393622e-01,3.690739287189781503e-01,-3.207293714583721034e-01,1.573571585738886836e-01,-9.217270657093689853e-03,2.208879330845733568e-01,3.583434229023277906e-01
6.434087686739323741e-01,7.649553024772203225e-01,6.143405617314374734e-01,2.821901636296086924e-01,4.927651204521705242e-01,-2.534807040784852195e-01,4.459326971250577309e-01,-6.224377571289320121e-01,7.572872161965857885e-01,7.753246892087422015e-01,-2.437312922766781687e-01,3.174441216542361888e-01,3.361951562745878475e-01,4.374530639957892597e-01,1.397850820246807069e-01,1.000000000000000000e+00,4.993668925007581083e-01,5.464051367294870953e-01,5.282050023711830633e-01,5.327401238488432833e-02,9.394204472530132133e-02,2.527956974226360232e-01,3.022559128618202973e-01,2.943326086825360371e-02,5.979145104842803482e-01,1.693672405451646656e-01,1.820792769122410726e-01,4.348954672370145547e-01,1.041072259943560084e-02,7.604384274842638236e-01,3.212959975884498998e-01,5.462755684946343226e-01,3.988129643556846959e-01,5.473553412108400629e-01,-2.891844707444826690e-01,7.487241042960648407e-01,6.677454484682360247e-02,6.863323172663311489e-01,6.951111173679002109e-01
2.954969706759953962e-01,4.519493567300016945e-01,4.805642589800083186e-01,3.133769502848119393e-01,3.457839432002421942e-01,-2.050853156706847757e-01,5.647442613640617504e-01,-4.734077796308507335e-01,5.850912308146716256e-01,3.815503043714787990e-01,-8.610293890403911132e-02,3.392154839244497233e-01,4.757836855344180771e-01,3.205687619061091675e-01,3.410680091444034945e-01,4.993668925007581083e-01,1.000000000000000000e+00,5.135751308237855861e-01,5.971780675008967476e-01,1.254744497028197625e-01,1.939476599922645705e-01,3.965621622092885268e-01,9.853621279500172914e-02,-1.179298651340110748e-01,3.247901172210916898e-01,-3.837203201159136712e-02,1.187489450267074226e-01,4.996098124414882768e-01,8.004336792831125147e-02,4.670403302001448487e-01,2.421488137295933207e-01,6.016092257245578834e-01,4.953370242168095294e-01,4.887967200288539926e-01,-1.904283300712384941e-01,4.871231568524863609e-01,1.746430458958262988e-01,5.722648226794019299e-01,6.255063274594615530e-01
1.991173534448593407e-01,3.041117086311330153e-01,6.313423177683399334e-01,6.617634252373572057e-01,5.733886035666676539e-01,-2.540457285474102544e-01,5.787010599971510461e-01,-6.443384577392123891e-01,7.362638141805709635e-01,4.248701193161098510e-01,-1.855911597526304913e-01,3.729644882873453526e-01,3.484785248513870837e-01,2.447981554590775433e-01,1.717243252091225358e-01,5.464051367294870953e-01,5.135751308237855861e-01,1.000000000000000000e+00,7.587243658781214206e-01,1.060471115157166355e-01,2.710238512427893820e-01,3.629566523467232519e-01,3.904258390253309563e-02,-1.296248879840425638e-01,3.959556282563341800e-01,6.314845269730422206e-02,2.066359813550547042e-01,4.290231660566808380e-01,-9.410982947947138522e-02,3.645384942603257517e-01,3.076511097174620124e-01,4.069886672998990762e-01,3.965663159757317202e-01,6.148060605631241460e-01,-2.977533833863629242e-01,4.733934970851210733e-01,2.847995414424625213e-02,5.704753128860262645e-01,6.621899467692676788e-01
1.551644234199646977e-01,3.909205984479870444e-01,4.392735569101477999e-01,6.992234246026239886e-01,2.548770251897861105e-01,-2.351513452490006928e-01,6.627655881921592496e-01,-4.360611221723920128e-01,6.602270611065760297e-01,3.630449685145452632e-01,-1.554763676346737622e-01,5.040960696617766690e-01,5.462916664072293704e-01,2.803783649754022500e-01,4.273619081011839627e-01,5.282050023711830633e-01,5.971780675008967476e-01,7.587243658781214206e-01,1.000000000000000000e+00,1.416952839838228617e-01,3.642142697395145956e-01,4.484052359364071316e-01,4.109569182414004457e-02,-1.994589671685355059e-01,3.351142954303448773e-01,-2.696767437898196507e-01,4.662691964023923941e-02,5.089921488757335188e-01,-9.523035043740010752e-02,2.911369264161218773e-01,2.316043974062385324e-01,4.471278903478959621e-01,5.091966486182396556e-01,5.473614511680651162e-01,-3.331854381054071834e-01,4.977911633367047006e-01,1.523676021133021641e-01,6.494379415071911410e-01,7.984967068107809984e-01
-2.046830687583707786e-01,-9.755520156723399006e-02,7.864906924680022116e-02,1.010875792261986018e-02,-1.984656431245097608e-01,-2.744619052333219789e-01,2.002938655485346220e-01,-8.499839117161088475e-02,-4.737328467158725617e-03,-1.024600868170967988e-01,-4.413957862331352455e-01,1.659583054799828039e-01,2.172461979530240228e-01,-1.810911489926937123e-01,-2.052882284430828166e-02,5.327401238488432833e-02,1.254744497028197625e-01,1.060471115157166355e-01,1.416952839838228617e-01,1.000000000000000000e+00,4.235321773103981058e-02,2.754513840962728999e-01,-3.354091062115262534e-01,-4.348054448705621078e-01,-1.171149176823272631e-01,1.556790488655302174e-01,-5.647175875776001830e-02,8.817146157150436425e-02,-2.866846526394530303e-01,5.865837574418743261e-02,-4.111879090227855971e-02,1.488153029031615004e-01,1.861572917898066393e-01,-2.350948000526286441e-01,-4.513143491865524021e-02,7.375513744816615536e-02,-2.069232378278029194e-01,1.014379059785479598e-01,2.263170108724140706e-01
4.296038025711296227e-02,2.008561764379250825e-01,3.438896699790722766e-01,5.629104046040316334e-01,3.031585518676791283e-02,3.796907003331812525e-01,-8.171819226316536997e-03,-2.596288278178048303e-01,1.365588896515085859e-01,2.505539173329556224e-01,4.017442788249816488e-01,2.497316983967708404e-01,-6.804869836610262686e-03,4.529047157201004370e-01,1.544403561276639081e-01,9.394204472530132133e-02,1.939476599922645705e-01,2.710238512427893820e-01,3.642142697395145956e-01,4.235321773103981058e-02,1.000000000000000000e+00,5.291752564615322951e-01,4.253016420474938775e-01,3.233799454460214440e-01,4.254452544876903830e-01,-2.957483142840287502e-02,3.744956343860044168e-01,2.791148613611716400e-01,4.636302127516688243e-01,-1.287154833198366844e-04,4.063816894583214268e-01,2.968695680639295564e-01,5.640545689589091527e-01,3.360783239449194326e-01,3.408997626099129485e-01,1.821465375611118764e-01,6.101652270894700747e-01,1.523134026899574112e-01,1.917360398860538662e-01
-2.460693796932104938e-02,1.680899895779947584e-01,4.254929273766957509e-01,4.109529261319786464e-01,-2.367282482415096218e-03,-1.197556044017729637e-01,2.796804529582391230e-01,-4.117528481952776875e-01,2.908566629679885107e-01,1.339315081927455464e-01,-1.400523743685278821e-01,4.197338267399849943e-01,2.328940558381202564e-01,3.399902324401960496e-01,5.519814989284101830e-02,2.527956974226360232e-01,3.965621622092885268e-01,3.629566523467232519e-01,4.484052359364071316e-01,2.754513840962728999e-01,5.291752564615322951e-01,1.000000000000000000e+00,7.196569588805237783e-02,-8.488022873870422480e-02,2.832187572143405330e-01,6.222717548090614392e-02,2.455640697662743177e-01,2.834265370165002795e-01,7.793772744867788482e-02,1.461076405885833596e-01,3.903094597689435452e-01,4.394578418709461087e-01,6.576686432642790958e-01,2.320734676553717901e-01,5.773882752653358014e-02,3.187279018479429182e-01,2.690398480010772753e-01,3.117746052414669955e-01,4.665953778558718512e-01
4.242481534291275280e-01,4.308796641989137144e-01,3.550861753941058629e-01,2.372673124642730447e-01,3.182560260959738097e-01,6.365933308037617921e-01,-2.443808884901250700e-01,-2.714984671538249739e-01,1.898210676534984320e-01,6.014825267670169673e-01,6.178076822636896503e-01,-8.508879905647401265e-02,-3.156297619558503520e-01,6.838101960753847353e-01,-1.052543554051763308e-01,3.022559128618202973e-01,9.853621279500172914e-02,3.904258390253309563e-02,4.109569182414004457e-02,-3.354091062115262534e-01,4.253016420474938775e-01,7.196569588805237783e-02,1.000000000000000000e+00,7.077350606085195395e-01,7.140112795652975297e-01,2.264723837680980290e-01,5.874928527247303967e-01,8.559046607017493924e-02,7.834633373152880553e-01,3.251911307534211537e-01,5.072866272946179311e-01,3.888629719540485086e-01,2.237030618324866993e-01,3.717580685670141549e-01,4.591062052636719626e-01,2.803424474500910146e-01,7.327825396124282298e-01,1.231301057832107776e-01,-2.551513604617745498e-02
2.921285468588514789e-01,2.024972641617716618e-01,1.905236558079048126e-01,4.521159225678010596e-02,3.084929936091876934e-01,5.816787618783412217e-01,-3.401618554692321106e-01,-1.168942294600394116e-01,-2.027190762200614324e-02,3.402723042693462929e-01,6.382923285394428436e-01,-1.357303324845185732e-01,-3.244322604479748517e-01,4.400309943243053690e-01,-3.647585266122458508e-02,2.943326086825360371e-02,-1.179298651340110748e-01,-1.296248879840425638e-01,-1.994589671685355059e-01,-4.348054448705621078e-01,3.233799454460214440e-01,-8.488022873870422480e-02,7.077350606085195395e-01,1.000000000000000000e+00,5.322013840815236208e-01,1.398398537648016804e-01,4.168672465198243748e-01,1.940992981058593109e-02,6.524929709533459077e-01,4.209612230059698451e-02,3.301069988080434503e-01,1.733564218128308965e-01,6.473461125374886660e-02,2.856145525810990793e-01,4.008345721987628951e-01,7.598678679038228800e-02,5.494981781139641752e-01,-1.745778990839555178e-01,-2.638293015269563835e-01
5.222317244869468800e-01,5.730446651782908907e-01,6.403742450613240100e-01,3.782165670245188349e-01,5.057799123712996003e-01,2.727250755934640392e-01,9.358592883214975067e-02,-5.944256914156347271e-01,5.461698365524788601e-01,7.425950118430172386e-01,2.321858415074523896e-01,2.266509092002882420e-01,-6.346771311675381000e-03,6.859389367225277034e-01,7.616308629805029762e-02,5.979145104842803482e-01,3.247901172210916898e-01,3.959556282563341800e-01,3.351142954303448773e-01,-1.171149176823272631e-01,4.254452544876903830e-01,2.832187572143405330e-01,7.140112795652975297e-01,5.322013840815236208e-01,1.000000000000000000e+00,2.463497314686897977e-01,5.274882273849181846e-01,3.074119932157898805e-01,4.825685964047202181e-01,4.837850269610584064e-01,5.592767637386102386e-01,5.954923616066212233e-01,4.436669765648933450e-01,5.968996871323102305e-01,1.426631988335416434e-01,5.928427197978988206e-01,5.001549974099612772e-01,4.084774624987264624e-01,3.733549895523359807e-01
1.272689376723651900e-01,-1.499605350962103859e-02,4.821233937281091397e-01,-1.717698561307694771e-01,2.751155510767512857e-01,1.237730239165278079e-01,-2.184734787776262954e-01,-4.698780036093799795e-01,4.679400081686627133e-02,3.058613762865472485e-01,-7.417019220206728936e-02,-2.981247558357263405e-01,-4.536185935430940286e-01,1.224310048320724348e-01,-5.069861613438619852e-01,1.693672405451646656e-01,-3.837203201159136712e-02,6.314845269730422206e-02,-2.696767437898196507e-01,1.556790488655302174e-01,-2.957483142840287502e-02,6.222717548090614392e-02,2.264723837680980290e-01,1.398398537648016804e-01,2.463497314686897977e-01,1.000000000000000000e+00,5.493032617698581088e-01,-7.570125140050448787e-02,1.930451307707139741e-01,3.705875691816101214e-01,3.027919093454503052e-01,2.004726062422886312e-01,6.672600536941138138e-03,-1.366920085617388814e-01,3.756387974096968563e-01,1.372603918332090944e-01,-6.157246536223203327e-04,7.277570221464114324e-04,-1.578704154307267737e-01
2.001603570975096780e-01,1.726546212752624876e-01,5.895036498932267888e-01,2.662377906191764065e-01,3.857070702662943051e-01,4.285804762543115598e-01,-2.243146666346929052e-01,-5.337726918176037838e-01,1.987954268832149984e-01,4.163211465808281941e-01,3.483388904671403385e-01,-1.543091605323176907e-01,-4.331965221570663882e-01,4.842446107779745934e-01,-3.371876979833382526e-01,1.820792769122410726e-01,1.187489450267074226e-01,2.066359813550547042e-01,4.662691964023923941e-02,-5.647175875776001830e-02,3.744956343860044168e-01,2.455640697662743177e-01,5.874928527247303967e-01,4.168672465198243748e-01,5.274882273849181846e-01,5.493032617698581088e-01,1.000000000000000000e+00,1.816301816872221697e-01,5.874787985890663755e-01,2.714817824970289228e-01,6.114070813464776988e-01,3.304601956516579064e-01,2.894587351170178069e-01,2.484098710475096117e-01,5.166383230324392839e-01,2.991326554580228669e-01,5.234118735442611081e-01,9.798210030534477977e-02,3.784504728006849589e-02
1.730681701529246941e-01,4.416325582392403581e-01,5.494110932450809726e-01,2.343885348805126445e-01,3.166109067662075671e-01,-9.976299276284160411e-02,3.848836309695012892e-01,-5.134056701928081390e-01,4.038429892327255466e-01,4.093260981508010099e-01,-3.728470344839850126e-02,2.083227361154424695e-01,3.105569736657879387e-01,2.976290038767138157e-01,3.220225390311858282e-01,4.348954672370145547e-01,4.996098124414882768e-01,4.290231660566808380e-01,5.089921488757335188e-01,8.817146157150436425e-02,2.791148613611716400e-01,2.834265370165002795e-01,8.559046607017493924e-02,1.940992981058593109e-02,3.074119932157898805e-01,-7.570125140050448787e-02,1.816301816872221697e-01,1.000000000000000000e+00,8.641375584983405911e-02,3.621899556259903785e-01,3.820768582286098169e-01,3.665631584041945112e-01,5.884410394536430111e-01,3.905236515505411954e-01,-9.733045455970945961e-03,4.728715798240393231e-01,2.335664131311432079e-01,3.254348619871890724e-01,5.027222170052803030e-01
2.053709395672407567e-01,2.481677661749465691e-01,2.376784925831219586e-01,1.529943963553198893e-01,2.013701094652554091e-01,7.880316814392933633e-01,-3.535115444447027855e-01,-1.312249769518419318e-01,-6.904219579800907614e-02,3.525026471438834075e-01,7.445509977775166544e-01,-1.717456120269169884e-01,-4.136967350170900337e-01,6.109204469437919949e-01,-1.500823882490465722e-01,1.041072259943560084e-02,8.004336792831125147e-02,-9.410982947947138522e-02,-9.523035043740010752e-02,-2.866846526394530303e-01,4.636302127516688243e-01,7.793772744867788482e-02,7.834633373152880553e-01,6.524929709533459077e-01,4.825685964047202181e-01,1.930451307707139741e-01,5.874787985890663755e-01,8.641375584983405911e-02,1.000000000000000000e+00,1.742279526867994421e-01,4.915920287771377573e-01,2.232314365055854954e-01,2.510952133565652056e-01,2.148378312104649301e-01,6.983950772376457117e-01,2.412500355253477044e-02,8.385149192852205946e-01,-1.238487484589538973e-01,-2.394019338524935869e-01
5.431960080561765158e-01,6.410446830461523637e-01,5.761477995260557705e-01,6.563671487910130442e-02,4.242376470329162208e-01,-4.974069107932446721e-02,2.278474625498137784e-01,-5.705533803851466912e-01,5.442199771298811273e-01,7.191738518256073354e-01,-1.744646003452957339e-01,1.281408201304263250e-01,1.016096778581697668e-01,4.193056627071798381e-01,-2.235088783516615395e-03,7.604384274842638236e-01,4.670403302001448487e-01,3.645384942603257517e-01,2.911369264161218773e-01,5.865837574418743261e-02,-1.287154833198366844e-04,1.461076405885833596e-01,3.251911307534211537e-01,4.209612230059698451e-02,4.837850269610584064e-01,3.705875691816101214e-01,2.714817824970289228e-01,3.621899556259903785e-01,1.742279526867994421e-01,1.000000000000000000e+00,3.140240271958844587e-01,4.478688785620354440e-01,2.979122956290424229e-01,3.349944721023620509e-01,-2.704957039212503578e-02,5.745556752616494123e-01,1.179676796835625874e-01,4.885102560635209978e-01,4.255672564351332121e-01
1.084651974206342906e-01,2.664040559768433014e-01,6.850809179708218233e-01,2.638109308208692050e-01,3.799680081063592785e-01,2.839602170235455136e-01,-3.362772260447875056e-02,-6.551358438838875697e-01,3.174729610302524652e-01,3.980472947925557392e-01,2.261165253041456102e-01,1.170925102817463315e-01,-3.196212336751639849e-01,6.597755853226856537e-01,-3.963467286927174760e-02,3.212959975884498998e-01,2.421488137295933207e-01,3.076511097174620124e-01,2.316043974062385324e-01,-4.111879090227855971e-02,4.063816894583214268e-01,3.903094597689435452e-01,5.072866272946179311e-01,3.301069988080434503e-01,5.592767637386102386e-01,3.027919093454503052e-01,6.114070813464776988e-01,3.820768582286098169e-01,4.915920287771377573e-01,3.140240271958844587e-01,1.000000000000000000e+00,3.262627950916977548e-01,5.859358509603147525e-01,3.920357468077951268e-01,4.625280779151865196e-01,3.369810896359589081e-01,5.644846648218094787e-01,5.401665311444125289e-02,1.883800808162099105e-01
3.644750053661920397e-01,4.923000412647022261e-01,5.617025240304340805e-01,3.081807344729388110e-01,3.427300271626789185e-01,-6.641884117930890730e-02,3.558520974357412547e-01,-5.360851179857315518e-01,5.105621469167601623e-01,5.355253438408078548e-01,-6.470629582666331814e-02,2.220173946216559280e-01,2.919629340213555913e-01,4.978301453097078721e-01,8.154895016413142572e-02,5.462755684946343226e-01,6.016092257245578834e-01,4.069886672998990762e-01,4.471278903478959621e-01,1.488153029031615004e-01,2.968695680639295564e-01,4.394578418709461087e-01,3.888629719540485086e-01,1.733564218128308965e-01,5.954923616066212233e-01,2.004726062422886312e-01,3.304601956516579064e-01,3.665631584041945112e-01,2.232314365055854954e-01,4.478688785620354440e-01,3.262627950916977548e-01,1.000000000000000000e+00,4.723686888275486218e-01,3.992225441736848568e-01,-8.193067050034476273e-02,5.309538545500737117e-01,2.958833286728667633e-01,5.202739721135678508e-01,5.238423575216800687e-01
1.551921167840172033e-01,4.205279701465384767e-01,5.795892383449653407e-01,3.608695585284527607e-01,2.179766201629973199e-01,-3.210825751590513921e-02,2.996982269840865465e-01,-5.414314665401381843e-01,4.202412691701774006e-01,3.459877260712834190e-01,-5.546142727754865484e-03,4.188180154765557828e-01,2.414659189078379731e-01,5.911318296229496339e-01,2.325879393104393622e-01,3.988129643556846959e-01,4.953370242168095294e-01,3.965663159757317202e-01,5.091966486182396556e-01,1.861572917898066393e-01,5.640545689589091527e-01,6.576686432642790958e-01,2.237030618324866993e-01,6.473461125374886660e-02,4.436669765648933450e-01,6.672600536941138138e-03,2.894587351170178069e-01,5.884410394536430111e-01,2.510952133565652056e-01,2.979122956290424229e-01,5.859358509603147525e-01,4.723686888275486218e-01,1.000000000000000000e+00,4.467665119846515598e-01,1.920260647839364954e-01,4.410418386053707174e-01,4.757278342670583360e-01,3.125429262963713706e-01,5.143371569762269502e-01
5.104318014531037395e-01,5.065651285890684363e-01,5.268097662108167656e-01,4.964945199584663849e-01,6.827414602030752455e-01,-4.340164597165704213e-02,3.681778393322788778e-01,-5.193274610109045453e-01,7.565174420285166734e-01,5.244228314364819399e-01,1.771963535104994492e-01,3.985706320927032142e-01,2.702898308373907210e-01,5.420293210657659566e-01,3.690739287189781503e-01,5.473553412108400629e-01,4.887967200288539926e-01,6.148060605631241460e-01,5.473614511680651162e-01,-2.350948000526286441e-01,3.360783239449194326e-01,2.320734676553717901e-01,3.717580685670141549e-01,2.856145525810990793e-01,5.968996871323102305e-01,-1.366920085617388814e-01,2.484098710475096117e-01,3.905236515505411954e-01,2.148378312104649301e-01,3.349944721023620509e-01,3.920357468077951268e-01,3.992225441736848568e-01,4.467665119846515598e-01,1.000000000000000000e+00,-2.002990139072769737e-01,5.177912687065427955e-01,2.926018388351024346e-01,5.489680670748700031e-01,5.515541524052052225e-01
-1.684513163382139744e-01,-1.305067805195889996e-01,1.360952884992468470e-01,-7.805575135075662474e-02,-7.490828455916287432e-02,7.055507857945557681e-01,-5.424275472318697000e-01,-4.788275272087787193e-02,-3.913822519795492894e-01,3.742067579325202703e-02,5.291721550581236500e-01,-3.361855723550388197e-01,-6.564659289948232557e-01,3.675802443742732240e-01,-3.207293714583721034e-01,-2.891844707444826690e-01,-1.904283300712384941e-01,-2.977533833863629242e-01,-3.331854381054071834e-01,-4.513143491865524021e-02,3.408997626099129485e-01,5.773882752653358014e-02,4.591062052636719626e-01,4.008345721987628951e-01,1.426631988335416434e-01,3.756387974096968563e-01,5.166383230324392839e-01,-9.733045455970945961e-03,6.983950772376457117e-01,-2.704957039212503578e-02,4.625280779151865196e-01,-8.193067050034476273e-02,1.920260647839364954e-01,-2.002990139072769737e-01,1.000000000000000000e+00,-2.078189306173576778e-01,6.457908155030126496e-01,-4.309463179848422865e-01,-4.780883272372584702e-01
5.691717524852281107e-01,6.289824509053357771e-01,6.038553157794631643e-01,3.049713620287701765e-01,4.023638929603715053e-01,-2.269509334618346752e-01,4.057736124174734504e-01,-6.135839452663958138e-01,6.920152176336247241e-01,6.201448922906320771e-01,-2.250714462764154822e-01,3.778982050911567914e-01,3.061606456874769178e-01,4.382114137548580035e-01,1.573571585738886836e-01,7.487241042960648407e-01,4.871231568524863609e-01,4.733934970851210733e-01,4.977911633367047006e-01,7.375513744816615536e-02,1.821465375611118764e-01,3.187279018479429182e-01,2.803424474500910146e-01,7.598678679038228800e-02,5.928427197978988206e-01,1.372603918332090944e-01,2.991326554580228669e-01,4.728715798240393231e-01,2.412500355253477044e-02,5.745556752616494123e-01,3.369810896359589081e-01,5.309538545500737117e-01,4.410418386053707174e-01,5.177912687065427955e-01,-2.078189306173576778e-01,1.000000000000000000e+00,1.079288468563936454e-01,6.952026284501754416e-01,6.956002045603765227e-01
1.621590252828870315e-01,3.072583897588744284e-01,2.756795622540731960e-01,3.327052249270187612e-01,1.440599280534108351e-01,6.801882688898073237e-01,-1.992698010584190993e-01,-1.716356936024351632e-01,3.398846651088643228e-02,3.341031827602476967e-01,6.798994947794665400e-01,-2.133314654306469466e-02,-2.465580622387747722e-01,7.003448111400739640e-01,-9.217270657093689853e-03,6.677454484682360247e-02,1.746430458958262988e-01,2.847995414424625213e-02,1.523676021133021641e-01,-2.069232378278029194e-01,6.101652270894700747e-01,2.690398480010772753e-01,7.327825396124282298e-01,5.494981781139641752e-01,5.001549974099612772e-01,-6.157246536223203327e-04,5.234118735442611081e-01,2.335664131311432079e-01,8.385149192852205946e-01,1.179676796835625874e-01,5.644846648218094787e-01,2.958833286728667633e-01,4.757278342670583360e-01,2.926018388351024346e-01,6.457908155030126496e-01,1.079288468563936454e-01,1.000000000000000000e+00,-2.622194309280152444e-02,-2.980122492954272867e-02
5.467377107525089874e-01,5.444852585283559421e-01,4.193490051965368948e-01,4.470624883466091104e-01,3.336757782532056016e-01,-3.230637612073925524e-01,5.944599727718753446e-01,-4.299128612346302392e-01,7.557141237177660287e-01,5.092359612878771813e-01,-2.584641781321644904e-01,3.735814785719359099e-01,4.891089605111141325e-01,2.804010665435405780e-01,2.208879330845733568e-01,6.863323172663311489e-01,5.722648226794019299e-01,5.704753128860262645e-01,6.494379415071911410e-01,1.014379059785479598e-01,1.523134026899574112e-01,3.117746052414669955e-01,1.231301057832107776e-01,-1.745778990839555178e-01,4.084774624987264624e-01,7.277570221464114324e-04,9.798210030534477977e-02,3.254348619871890724e-01,-1.238487484589538973e-01,4.885102560635209978e-01,5.401665311444125289e-02,5.202739721135678508e-01,3.125429262963713706e-01,5.489680670748700031e-01,-4.309463179848422865e-01,6.952026284501754416e-01,-2.622194309280152444e-02,1.000000000000000000e+00,7.976755076221431207e-01
3.845161835000412420e-01,5.403954165539986976e-01,4.837145373803742876e-01,4.917371976374252385e-01,2.914201488969242471e-01,-4.669989310386821746e-01,6.981080464908505645e-01,-5.074407752635869961e-01,7.699376853956689803e-01,4.299165497944552605e-01,-3.883307216751800128e-01,5.558037149589962755e-01,6.231906564858871178e-01,2.778217369836442074e-01,3.583434229023277906e-01,6.951111173679002109e-01,6.255063274594615530e-01,6.621899467692676788e-01,7.984967068107809984e-01,2.263170108724140706e-01,1.917360398860538662e-01,4.665953778558718512e-01,-2.551513604617745498e-02,-2.638293015269563835e-01,3.733549895523359807e-01,-1.578704154307267737e-01,3.784504728006849589e-02,5.027222170052803030e-01,-2.394019338524935869e-01,4.255672564351332121e-01,1.883800808162099105e-01,5.238423575216800687e-01,5.143371569762269502e-01,5.515541524052052225e-01,-4.780883272372584702e-01,6.956002045603765227e-01,-2.980122492954272867e-02,7.976755076221431207e-01,1.000000000000000000e+00
