1.000000000000000000e+00,4.149671276945118836e-01,3.032867353032685509e-01,1.516854893125177406e-01,4.267746660439359907e-01,-2.923806099470121489e-01,3.259559235808216493e-01,-3.210928859626496767e-01,5.378913421450836063e-01,4.265475915589854172e-01,-2.991993988089842738e-01,1.573941548767301968e-01,2.297790718653845432e-01,2.060395524828373126e-01,6.375234861214976179e-02,6.161590419042712874e-01,3.784625034922062953e-02,4.001140490837671315e-01,2.027129952402494939e-01,1.591051442303616503e-01,-4.162830853232542955e-02,1.083153604086287969e-01,2.074009554435845074e-02,-7.253930600701109788e-02,1.775966800939021151e-01,4.248732136166310513e-01,-9.892210184988245447e-03,3.236300664931563986e-01,1.851916740019029367e-02,6.457851217791890086e-01,-1.110962379559767843e-01,3.737945352899296053e-02,1.817808697347312874e-01,3.543346958905231325e-01,-2.351044881066721992e-01,5.795617864474790215e-01,-2.463645131645638975e-01,6.510345788548796975e-01,4.203499037720088705e-01
4.149671276945118836e-01,1.000000000000000000e+00,2.925212881236338713e-01,1.347578083386667680e-01,2.638059397254238769e-01,1.983304530156110856e-01,2.377172645438648535e-01,-2.632503787668541428e-01,2.492332832963910505e-01,6.554749869843597976e-01,1.444364371532393665e-01,1.525964435254392459e-01,-2.683740808965803457e-02,5.491841239790919982e-01,-3.897061765784822635e-02,5.512746843140720054e-01,3.875102540411521912e-01,1.126521303181005906e-01,3.023996755646517487e-01,-9.072084733277339247e-03,3.099236935608138954e-01,2.587104383284228870e-01,4.026830356412033352e-01,3.187825134484119638e-01,6.084927471491400341e-01,1.000483552833480727e-01,5.359663220514507831e-01,2.775509994593256535e-01,2.992787273110882884e-01,4.074197702256616149e-01,3.943471861681276946e-01,4.160743037630456609e-01,4.029551873209058499e-01,2.486913889992929116e-01,2.000856375258917297e-01,4.458282862287731851e-01,3.637128843828616453e-01,1.769913897652475310e-01,3.638028568248627415e-01
3.032867353032685509e-01,2.925212881236338713e-01,1.000000000000000000e+00,2.398825108817851104e-01,6.304706282205502221e-01,-4.005205324697166391e-01,4.509216912484656503e-01,-9.238436807044220211e-01,6.809059443153036018e-01,5.639589939203575319e-01,-4.375793255704373275e-01,5.272358962553649331e-01,-1.308207237585068961e-01,4.331404237006938329e-01,7.303530692028012417e-02,6.698089933937331208e-01,1.079645408011337543e-01,7.395577588971327110e-01,6.304610724261764387e-01,4.031518172523203547e-01,1.530669022588200812e-01,4.786561115801145627e-01,-7.385807504733693518e-02,-8.626254622199761024e-02,2.481806441218437909e-01,7.342342833063763008e-01,4.295779052182109869e-01,6.771565920230555591e-01,-1.557283217643418982e-01,6.074445206757673743e-01,6.079201342247860795e-01,1.277971621122020451e-01,6.484657394185708856e-01,3.458344185329050302e-01,-1.244959949698703772e-01,7.058831047640586887e-01,-2.022492443040179999e-01,5.071245474375363216e-01,6.758633051806929304e-01
1.516854893125177406e-01,1.347578083386667680e-01,2.398825108817851104e-01,1.000000000000000000e+00,2.267716475488510686e-01,2.515254073157373038e-01,2.876763494339871219e-01,-2.219226267520856277e-01,2.049662668878646510e-01,4.549609425796973250e-01,2.527391074606105681e-01,1.195490766742175748e-01,-1.481535900736827560e-01,3.025624513107526559e-01,1.411151286601912136e-01,3.223083187381063364e-01,3.263451205234236818e-01,5.026181459486460668e-01,4.672242040505269478e-01,-5.477202552446885919e-02,5.667240644730756616e-01,3.473020508743182577e-01,4.398080546885784758e-01,3.395833921814044865e-01,4.128766985772659992e-01,2.277123601195288616e-01,2.585564543879011468e-01,3.807431487426747863e-01,4.518274238871030080e-01,2.305735630418528359e-01,1.132918538807976550e-01,2.869990206225301876e-01,4.287323697672623668e-01,3.080539916941314460e-01,3.119971737476068263e-01,1.186163401120170630e-01,2.989258433638517509e-01,2.143223532126727060e-01,1.038367936842004846e-01
4.267746660439359907e-01,2.638059397254238769e-01,6.304706282205502221e-01,2.267716475488510686e-01,1.000000000000000000e+00,-3.212912258853741210e-01,4.143322319357659600e-01,-6.361662885028392944e-01,6.716731056174833903e-01,4.608476932539513071e-01,-2.933060601684433499e-01,3.235387363608843714e-01,-3.501569086607021764e-02,3.433934950754166104e-01,6.216680681291177762e-02,5.657325801250683295e-01,8.967246055838826169e-02,6.400392363059289602e-01,4.544560414037274176e-01,1.788130828040206677e-01,1.095552132477153884e-02,2.354268002192373699e-01,-3.311215623244236766e-02,2.700935973239443691e-02,2.591149367416864524e-01,4.833288211107981680e-01,2.209081613979360093e-01,4.238471626646652113e-01,-9.100853657971172406e-02,5.692763104520127682e-01,3.229149924511265368e-01,8.430714435053565659e-02,3.549890587127798036e-01,6.227561861209289784e-01,-1.689299859604901088e-01,5.529950421714191489e-01,-1.692393897799694125e-01,4.721551454729781550e-01,4.767833921750654347e-01
-2.923806099470121489e-01,1.983304530156110856e-01,-4.005205324697166391e-01,2.515254073157373038e-01,-3.212912258853741210e-01,1.000000000000000000e+00,-3.092360322468428180e-01,4.421150170623078246e-01,-5.590845209836353691e-01,1.402017611237592609e-01,8.732944784415451744e-01,-4.477984563773696469e-01,-2.237468397411079002e-01,2.265561547900418193e-01,3.842163054679336581e-02,-3.090492324155970638e-01,3.985178813872541359e-01,-4.215483818186628873e-01,-2.067164331962055013e-01,-4.685144087617939546e-01,5.793165115432659107e-01,-5.814258962642945838e-02,7.932074177788129843e-01,7.479900497546349003e-01,5.050489707434504538e-01,-4.011165355367656837e-01,3.275380405739694023e-01,-1.605709568310587365e-01,7.858112494650058011e-01,-3.644410784373633971e-01,4.886892439629184764e-02,3.392819345334107672e-01,8.135709899716139781e-03,-1.545264848885525011e-01,7.732620288882361415e-01,-4.697639144082612628e-01,8.412065577124713256e-01,-5.019612331962501894e-01,-5.283430900691010734e-01
3.259559235808216493e-01,2.377172645438648535e-01,4.509216912484656503e-01,2.876763494339871219e-01,4.143322319357659600e-01,-3.092360322468428180e-01,1.000000000000000000e+00,-4.688523744342869004e-01,6.588517736802400604e-01,4.026351288554517738e-01,-3.126818824044443335e-01,5.384448319386675452e-01,5.102143644472193623e-02,2.808600008588678087e-01,4.107194251582349520e-01,5.613244401537814676e-01,2.668516802996734882e-01,6.220878716779520978e-01,7.054861755623402786e-01,1.818185203371820990e-01,6.977516323691923539e-02,3.653148428430740835e-01,-4.087942157073248123e-02,-1.023327528604813380e-01,1.529654610062028686e-01,2.962247689372490278e-01,8.700585165092093731e-02,5.691362493437195358e-01,-9.482165340506787388e-02,4.888648685369653690e-01,1.350317655437051900e-01,1.956835187800851916e-01,4.717918890588168601e-01,5.004931793049036681e-01,-2.677472019471725528e-01,5.276485735154573531e-01,-1.978015374284097516e-01,6.631263901882953338e-01,6.616837267022119828e-01
-3.210928859626496767e-01,-2.632503787668541428e-01,-9.238436807044220211e-01,-2.219226267520856277e-01,-6.361662885028392944e-01,4.421150170623078246e-01,-4.688523744342869004e-01,1.000000000000000000e+00,-6.939041366850243753e-01,-5.357586911790886974e-01,4.723751564206306042e-01,-5.366165373260723959e-01,1.071903260853910717e-01,-4.060849738396278275e-01,-6.638459254903865403e-02,-6.719784019182728496e-01,-8.460549794440687388e-02,-7.522128140396320273e-01,-6.228952548349995233e-01,-4.026695281935544490e-01,-1.112527107476630750e-01,-4.421395148578658452e-01,1.081469608634970520e-01,1.192348559396597119e-01,-2.119399112389761808e-01,-7.472726862911225343e-01,-3.943796954927126786e-01,-6.720325554848973759e-01,1.898870730042129806e-01,-6.149983326967526365e-01,-5.778291941344801952e-01,-1.077568079692541453e-01,-6.237749526209204198e-01,-3.449781889034898019e-01,1.722158757155379250e-01,-7.173328098382317775e-01,2.473338477198367413e-01,-5.310238225719741134e-01,-6.872277081767366180e-01
5.378913421450836063e-01,2.492332832963910505e-01,6.809059443153036018e-01,2.049662668878646510e-01,6.716731056174833903e-01,-5.590845209836353691e-01,6.588517736802400604e-01,-6.939041366850243753e-01,1.000000000000000000e+00,4.609598048748293486e-01,-5.726375526885899570e-01,6.402154549439303954e-01,-1.303235527823106560e-02,3.052569137359944507e-01,1.919261929021759128e-01,7.372796394598573055e-01,6.018757648128066073e-02,7.306087015726908662e-01,6.583652791110095048e-01,3.746275406978029077e-01,-1.233128608498262613e-01,3.800836473191115394e-01,-2.162394127311017544e-01,-2.724918973865888550e-01,1.458533912292208634e-01,5.211176463620211807e-01,9.521511170145706415e-02,5.086170289855757032e-01,-3.123092138420830444e-01,7.181828667510447017e-01,2.708371432176657767e-01,5.578746037873998087e-02,4.292231537305782885e-01,6.545494240763999327e-01,-4.206716999344942698e-01,7.491800290336175783e-01,-4.111308436444391368e-01,8.094085449496456475e-01,8.107918594008195479e-01
4.265475915589854172e-01,6.554749869843597976e-01,5.639589939203575319e-01,4.549609425796973250e-01,4.608476932539513071e-01,1.402017611237592609e-01,4.026351288554517738e-01,-5.357586911790886974e-01,4.609598048748293486e-01,1.000000000000000000e+00,8.758227387469184888e-02,2.486542621529387598e-01,-1.815115757655032247e-01,6.689487155233158067e-01,1.000407202533610818e-01,7.377661307625525966e-01,4.629697761302903891e-01,5.144017455989332577e-01,5.656952292488087730e-01,2.904676540316691868e-02,4.838115941837188294e-01,4.642076972079158259e-01,5.048767752874526726e-01,3.458778332547975953e-01,6.622039426408644625e-01,4.399590143987109903e-01,5.505038165663943550e-01,5.972566135647394692e-01,3.929114823387545585e-01,6.358713267023003990e-01,4.751519883467300032e-01,3.866697751193826638e-01,6.887559689262805485e-01,3.314933904980316703e-01,2.965306991262419145e-01,5.421854862416284337e-01,3.214764397997148526e-01,3.952437812541947371e-01,4.589965452567054682e-01
-2.991993988089842738e-01,1.444364371532393665e-01,-4.375793255704373275e-01,2.527391074606105681e-01,-2.933060601684433499e-01,8.732944784415451744e-01,-3.126818824044443335e-01,4.723751564206306042e-01,-5.726375526885899570e-01,8.758227387469184888e-02,1.000000000000000000e+00,-4.526136265049263141e-01,-2.327900819268988175e-01,1.891442940133214179e-01,3.709900749136760961e-02,-3.533729945927688854e-01,4.969589238458271829e-01,-4.145992363923639568e-01,-2.143374433590629902e-01,-5.469794193318846531e-01,5.858101197240379587e-01,-5.274490724276881953e-02,7.564789104653690810e-01,7.351197119991151885e-01,4.476738878373346386e-01,-4.274340335801559143e-01,2.929974651295909616e-01,-1.658956241149378563e-01,7.806407968736265302e-01,-4.363550177849120915e-01,-6.852064119709263060e-03,4.139516246251391252e-01,-3.577677643736383779e-04,-1.173556709078932697e-01,7.291412359481904693e-01,-5.320014104875713246e-01,8.130022158327711024e-01,-5.100940776294652368e-01,-5.468986256177122973e-01
1.573941548767301968e-01,1.525964435254392459e-01,5.272358962553649331e-01,1.195490766742175748e-01,3.235387363608843714e-01,-4.477984563773696469e-01,5.384448319386675452e-01,-5.366165373260723959e-01,6.402154549439303954e-01,2.486542621529387598e-01,-4.526136265049263141e-01,1.000000000000000000e+00,3.411209809437010937e-02,2.742623222799778215e-01,2.970557300609290574e-01,4.858315092788341727e-01,4.607197385141163781e-02,5.205066676580603069e-01,5.803923721397575841e-01,3.517694488244470508e-01,-3.158437850704378953e-03,4.091704023030195425e-01,-2.100045530710536734e-01,-2.386007192390182385e-01,7.701953085620054373e-02,2.862974712162926760e-01,1.284627825245141242e-01,4.449161804520261332e-01,-3.007380122458023219e-01,4.082464797928583300e-01,3.468089687218960937e-01,1.004848904015321620e-01,3.990797543226158317e-01,4.549173683779295652e-01,-3.671048023064773513e-01,5.144741280514011361e-01,-2.865433065296814630e-01,5.404444608304197484e-01,7.223391281836177846e-01
2.297790718653845432e-01,-2.683740808965803457e-02,-1.308207237585068961e-01,-1.481535900736827560e-01,-3.501569086607021764e-02,-2.237468397411079002e-01,5.102143644472193623e-02,1.071903260853910717e-01,-1.303235527823106560e-02,-1.815115757655032247e-01,-2.327900819268988175e-01,3.411209809437010937e-02,1.000000000000000000e+00,-2.834748558319109546e-01,1.075509360622255300e-01,2.296534716378572510e-02,-3.019599526933696154e-01,4.940023670618914117e-04,-1.741330429781036415e-01,1.697452702095407495e-01,-2.139153884526155125e-01,-1.231823731268284899e-01,-2.679402270126547969e-01,-2.084248361145847050e-01,-2.100337098471720954e-01,-5.200041934776419850e-02,-3.106565020585572712e-01,4.699861405063394948e-02,-2.191956232295572127e-01,2.263018504196310024e-02,-4.529915243378569434e-01,-2.100705191476108791e-01,-2.975913939954589194e-01,-7.030245798799115986e-02,-3.967797733600200161e-01,8.186477173092997217e-02,-3.222867959106052171e-01,1.396035238392707989e-01,2.507075932701306395e-02
2.060395524828373126e-01,5.491841239790919982e-01,4.331404237006938329e-01,3.025624513107526559e-01,3.433934950754166104e-01,2.265561547900418193e-01,2.808600008588678087e-01,-4.060849738396278275e-01,3.052569137359944507e-01,6.689487155233158067e-01,1.891442940133214179e-01,2.742623222799778215e-01,-2.834748558319109546e-01,1.000000000000000000e+00,5.195219108634440905e-03,4.557636805240358746e-01,3.722601637776850603e-01,3.048165887274982833e-01,4.846171396578124457e-01,-1.143024096880626145e-01,4.904284657950317983e-01,3.985540187249234645e-01,4.760358505366931170e-01,3.910421390395306673e-01,5.414971216106478913e-01,2.452529601950316773e-01,5.281541827414660828e-01,4.326310823643191306e-01,4.592788007900169278e-01,3.618945332730766351e-01,6.134798327211828939e-01,2.386903011689337772e-01,6.543686531313795962e-01,2.895852417091515085e-01,4.227990573258626483e-01,4.039726849286379706e-01,4.988853228379793725e-01,1.940616268159024438e-01,3.116731226209531469e-01
6.375234861214976179e-02,-3.897061765784822635e-02,7.303530692028012417e-02,1.411151286601912136e-01,6.216680681291177762e-02,3.842163054679336581e-02,4.107194251582349520e-01,-6.638459254903865403e-02,1.919261929021759128e-01,1.000407202533610818e-01,3.709900749136760961e-02,2.970557300609290574e-01,1.075509360622255300e-01,5.195219108634440905e-03,1.000000000000000000e+00,1.061806894602466411e-01,3.006685119893703906e-01,2.128281844927416289e-01,2.906355614657697983e-01,-5.001725345310849627e-03,1.386101395233925726e-01,1.677698151447512553e-01,8.661631910986702931e-02,1.088419419474716821e-01,9.657452877503031052e-02,-7.246451006884858936e-02,-4.510107137787803394e-02,3.190268220218058226e-01,5.688394401144131196e-02,2.720291167403275645e-02,-8.278334515756528844e-02,1.976533113084154858e-01,1.065723612063782522e-01,2.976375172394096214e-01,-1.165526114520579054e-01,2.857716838637263182e-02,-4.745606112097931761e-02,2.927353680689240290e-01,2.231674423935904594e-01
6.161590419042712874e-01,5.512746843140720054e-01,6.698089933937331208e-01,3.223083187381063364e-01,5.657325801250683295e-01,-3.090492324155970638e-01,5.613244401537814676e-01,-6.719784019182728496e-01,7.372796394598573055e-01,7.377661307625525966e-01,-3.533729945927688854e-01,4.858315092788341727e-01,2.296534716378572510e-02,4.557636805240358746e-01,1.061806894602466411e-01,1.000000000000000000e+00,2.004368277245998919e-01,6.689376936451625344e-01,6.147634576210861956e-01,2.915157729429468381e-01,1.098115764475239148e-01,4.083489942600796452e-01,1.021939906525762415e-01,-5.684903940429125030e-02,4.078460638163921015e-01,5.798629777110320127e-01,3.154045352430387417e-01,5.589745466875964963e-01,-3.295095805096430464e-02,8.158662425009767238e-01,3.295847879589045570e-01,2.160197456561079865e-01,5.837008601476098013e-01,4.448430720331140731e-01,-1.562144262120719884e-01,7.561549375482526925e-01,-1.497331289894111572e-01,6.627020282516042915e-01,7.095081787166251930e-01
3.784625034922062953e-02,3.875102540411521912e-01,1.079645408011337543e-01,3.263451205234236818e-01,8.967246055838826169e-02,3.985178813872541359e-01,2.668516802996734882e-01,-8.460549794440687388e-02,6.018757648128066073e-02,4.629697761302903891e-01,4.969589238458271829e-01,4.607197385141163781e-02,-3.019599526933696154e-01,3.722601637776850603e-01,3.006685119893703906e-01,2.004368277245998919e-01,1.000000000000000000e+00,1.406118202588719779e-01,3.294684190393910028e-01,-2.568895558538510926e-01,5.272666934715366516e-01,3.542880831201536962e-01,5.150990224955863672e-01,4.584335696008743355e-01,5.280310858928268791e-01,1.306991449205534978e-02,4.636274950670241646e-01,3.584233445725262812e-01,5.345519248700255632e-01,7.801022022248099708e-02,2.253611721837207871e-01,7.592927381637815110e-01,4.500721826860237251e-01,2.214808546775801634e-01,4.009807017003054197e-01,8.165128669788403182e-02,4.768428515284597324e-01,6.564022530856702953e-02,1.259688704602305309e-01
4.001140490837671315e-01,1.126521303181005906e-01,7.395577588971327110e-01,5.026181459486460668e-01,6.400392363059289602e-01,-4.215483818186628873e-01,6.220878716779520978e-01,-7.522128140396320273e-01,7.306087015726908662e-01,5.144017455989332577e-01,-4.145992363923639568e-01,5.205066676580603069e-01,4.940023670618914117e-04,3.048165887274982833e-01,2.128281844927416289e-01,6.689376936451625344e-01,1.406118202588719779e-01,1.000000000000000000e+00,7.328225593873873844e-01,3.489138825947863953e-01,1.733319149034192319e-01,4.917402656538013561e-01,-7.459246492393663275e-02,-1.367788211650438068e-01,1.831960407037217797e-01,6.788520121269491225e-01,1.355443239120242838e-01,7.101389916385286716e-01,-8.270644979963991117e-02,6.643338057257101026e-01,2.521404676516016963e-01,1.424051952447787928e-01,6.060914053347488117e-01,4.460169515539710861e-01,-1.934501600613987848e-01,6.191956535987162002e-01,-2.815254988568730021e-01,6.399369027477203042e-01,6.065190507108628726e-01
2.027129952402494939e-01,3.023996755646517487e-01,6.304610724261764387e-01,4.672242040505269478e-01,4.544560414037274176e-01,-2.067164331962055013e-01,7.054861755623402786e-01,-6.228952548349995233e-01,6.583652791110095048e-01,5.656952292488087730e-01,-2.143374433590629902e-01,5.803923721397575841e-01,-1.741330429781036415e-01,4.846171396578124457e-01,2.906355614657697983e-01,6.147634576210861956e-01,3.294684190393910028e-01,7.328225593873873844e-01,1.000000000000000000e+00,2.151551926404987325e-01,2.806255021800679872e-01,5.717135801423681718e-01,9.183651836456313555e-02,-3.894914201662582481e-02,3.156172596550499976e-01,3.830004309120220718e-01,2.414401038378693465e-01,6.767987854434446282e-01,3.815383699679848750e-02,5.329109651387081703e-01,3.964747125156566909e-01,2.920992867721942665e-01,7.008892423404786687e-01,4.671011489302627218e-01,-4.655451440975067606e-02,5.361441016277276317e-01,-5.493427715824432227e-03,5.550183967962929454e-01,6.576389771698490927e-01
1.591051442303616503e-01,-9.072084733277339247e-03,4.031518172523203547e-01,-5.477202552446885919e-02,1.788130828040206677e-01,-4.685144087617939546e-01,1.818185203371820990e-01,-4.026695281935544490e-01,3.746275406978029077e-01,2.904676540316691868e-02,-5.469794193318846531e-01,3.517694488244470508e-01,1.697452702095407495e-01,-1.143024096880626145e-01,-5.001725345310849627e-03,2.915157729429468381e-01,-2.568895558538510926e-01,3.489138825947863953e-01,2.151551926404987325e-01,1.000000000000000000e+00,-2.455895197868814273e-01,1.577678937279104188e-01,-3.983568359953822413e-01,-4.292373177263782980e-01,-1.057500692424639677e-01,3.194803968803486272e-01,-4.189382339845878350e-02,1.581417452391585265e-01,-4.660145513852249066e-01,3.081533528856122972e-01,6.910761508640569928e-02,-1.378939607708541126e-01,9.687120413381700157e-02,-1.034559971119522470e-02,-4.075166341449487084e-01,3.804547236451198966e-01,-4.513134605891873652e-01,3.145031940180112451e-01,4.275548061706944125e-01
-4.162830853232542955e-02,3.099236935608138954e-01,1.530669022588200812e-01,5.667240644730756616e-01,1.095552132477153884e-02,5.793165115432659107e-01,6.977516323691923539e-02,-1.112527107476630750e-01,-1.233128608498262613e-01,4.838115941837188294e-01,5.858101197240379587e-01,-3.158437850704378953e-03,-2.139153884526155125e-01,4.904284657950317983e-01,1.386101395233925726e-01,1.098115764475239148e-01,5.272666934715366516e-01,1.733319149034192319e-01,2.806255021800679872e-01,-2.455895197868814273e-01,1.000000000000000000e+00,4.547026928165740500e-01,6.938829014420971886e-01,6.682379365255259884e-01,6.089154443246777015e-01,7.701857327486635874e-02,4.935475701628527223e-01,4.106090281547256637e-01,7.384631350185020260e-01,-4.380595596552088605e-02,2.995121835999889348e-01,4.752979508656069441e-01,5.415070647188405806e-01,9.597979357813556101e-02,6.502230008907805558e-01,-6.223756180230947954e-02,6.654414863900612875e-01,-1.159049187303609479e-01,-1.002699877949571744e-01
1.083153604086287969e-01,2.587104383284228870e-01,4.786561115801145627e-01,3.473020508743182577e-01,2.354268002192373699e-01,-5.814258962642945838e-02,3.653148428430740835e-01,-4.421395148578658452e-01,3.800836473191115394e-01,4.642076972079158259e-01,-5.274490724276881953e-02,4.091704023030195425e-01,-1.231823731268284899e-01,3.985540187249234645e-01,1.677698151447512553e-01,4.083489942600796452e-01,3.542880831201536962e-01,4.917402656538013561e-01,5.717135801423681718e-01,1.577678937279104188e-01,4.547026928165740500e-01,1.000000000000000000e+00,1.470033226573708440e-01,9.828075740171156316e-02,3.859204981227514208e-01,2.969731898369105116e-01,2.663796611151157956e-01,5.462757645993157052e-01,1.491045894537003369e-01,3.467493962851848632e-01,3.216705551516300110e-01,3.414172130539762651e-01,6.778677102793022602e-01,2.696419217143289915e-01,1.475581453110530461e-01,3.261815981448588642e-01,9.413437069209731889e-02,2.620977905050023704e-01,4.022516308560190601e-01
2.074009554435845074e-02,4.026830356412033352e-01,-7.385807504733693518e-02,4.398080546885784758e-01,-3.311215623244236766e-02,7.932074177788129843e-01,-4.087942157073248123e-02,1.081469608634970520e-01,-2.162394127311017544e-01,5.048767752874526726e-01,7.564789104653690810e-01,-2.100045530710536734e-01,-2.679402270126547969e-01,4.760358505366931170e-01,8.661631910986702931e-02,1.021939906525762415e-01,5.150990224955863672e-01,-7.459246492393663275e-02,9.183651836456313555e-02,-3.983568359953822413e-01,6.938829014420971886e-01,1.470033226573708440e-01,1.000000000000000000e+00,8.044000636084024380e-01,7.122497499408466659e-01,-8.987870982565941691e-02,5.019904800512365872e-01,1.397502807431090233e-01,8.396503576072500419e-01,4.805500211092092466e-03,2.262140124282652764e-01,4.571335694683461570e-01,3.081719480323429350e-01,6.932678798889213567e-02,7.352089850831130535e-01,-1.482547530220580945e-01,8.029090969573379200e-01,-1.647519004982364588e-01,-2.019595257705624480e-01
-7.253930600701109788e-02,3.187825134484119638e-01,-8.626254622199761024e-02,3.395833921814044865e-01,2.700935973239443691e-02,7.479900497546349003e-01,-1.023327528604813380e-01,1.192348559396597119e-01,-2.724918973865888550e-01,3.458778332547975953e-01,7.351197119991151885e-01,-2.386007192390182385e-01,-2.084248361145847050e-01,3.910421390395306673e-01,1.088419419474716821e-01,-5.684903940429125030e-02,4.584335696008743355e-01,-1.367788211650438068e-01,-3.894914201662582481e-02,-4.292373177263782980e-01,6.682379365255259884e-01,9.828075740171156316e-02,8.044000636084024380e-01,1.000000000000000000e+00,6.505411931017376359e-01,-1.606079090074192806e-01,4.944435230903568290e-01,9.425739024741824901e-02,7.589663726570861080e-01,-1.754706793097230710e-01,2.447204040136519987e-01,4.441986677553648732e-01,1.983705668092841934e-01,1.424314077992569760e-01,6.591020510367736618e-01,-1.926762317161691551e-01,7.424998697672687831e-01,-2.501192504234474034e-01,-2.715895812104173745e-01
1.775966800939021151e-01,6.084927471491400341e-01,2.481806441218437909e-01,4.128766985772659992e-01,2.591149367416864524e-01,5.050489707434504538e-01,1.529654610062028686e-01,-2.119399112389761808e-01,1.458533912292208634e-01,6.622039426408644625e-01,4.476738878373346386e-01,7.701953085620054373e-02,-2.100337098471720954e-01,5.414971216106478913e-01,9.657452877503031052e-02,4.078460638163921015e-01,5.280310858928268791e-01,1.831960407037217797e-01,3.156172596550499976e-01,-1.057500692424639677e-01,6.089154443246777015e-01,3.859204981227514208e-01,7.122497499408466659e-01,6.505411931017376359e-01,1.000000000000000000e+00,4.833862936024159451e-02,5.898775087945044016e-01,3.156516500844152584e-01,5.754247355261541408e-01,2.591613911570809781e-01,3.807822279100490648e-01,5.758326140133940285e-01,4.607352531241223348e-01,3.101059331066721159e-01,4.599673403054833076e-01,2.220747031874748811e-01,5.752603446260304842e-01,3.910019050277543234e-02,1.732775954415232966e-01
4.248732136166310513e-01,1.000483552833480727e-01,7.342342833063763008e-01,2.277123601195288616e-01,4.833288211107981680e-01,-4.011165355367656837e-01,2.962247689372490278e-01,-7.472726862911225343e-01,5.211176463620211807e-01,4.399590143987109903e-01,-4.274340335801559143e-01,2.862974712162926760e-01,-5.200041934776419850e-02,2.452529601950316773e-01,-7.246451006884858936e-02,5.798629777110320127e-01,1.306991449205534978e-02,6.788520121269491225e-01,3.830004309120220718e-01,3.194803968803486272e-01,7.701857327486635874e-02,2.969731898369105116e-01,-8.987870982565941691e-02,-1.606079090074192806e-01,4.833862936024159451e-02,1.000000000000000000e+00,2.763394424502241820e-01,5.704676806530933897e-01,-7.704658582917188470e-02,6.004465327671474340e-01,3.200253499173628113e-01,7.710591757339808894e-02,5.259139952312590349e-01,1.230620850301690911e-01,-5.962957363048582149e-02,5.806899448495292937e-01,-3.025400931248414249e-01,5.044346012447099570e-01,4.345240547669709796e-01
-9.892210184988245447e-03,5.359663220514507831e-01,4.295779052182109869e-01,2.585564543879011468e-01,2.209081613979360093e-01,3.275380405739694023e-01,8.700585165092093731e-02,-3.943796954927126786e-01,9.521511170145706415e-02,5.505038165663943550e-01,2.929974651295909616e-01,1.284627825245141242e-01,-3.106565020585572712e-01,5.281541827414660828e-01,-4.510107137787803394e-02,3.154045352430387417e-01,4.636274950670241646e-01,1.355443239120242838e-01,2.414401038378693465e-01,-4.189382339845878350e-02,4.935475701628527223e-01,2.663796611151157956e-01,5.019904800512365872e-01,4.944435230903568290e-01,5.898775087945044016e-01,2.763394424502241820e-01,1.000000000000000000e+00,2.900946193734681988e-01,3.749854865557225581e-01,1.361242154384567915e-01,6.668708648441489251e-01,5.171756920681741532e-01,4.701466592321483229e-01,1.603127272254595281e-01,3.959772188190585629e-01,2.685516101304815106e-01,4.723703349492403558e-01,6.897504179867854600e-03,2.665290729856383822e-01
3.236300664931563986e-01,2.775509994593256535e-01,6.771565920230555591e-01,3.807431487426747863e-01,4.238471626646652113e-01,-1.605709568310587365e-01,5.691362493437195358e-01,-6.720325554848973759e-01,5.086170289855757032e-01,5.972566135647394692e-01,-1.658956241149378563e-01,4.449161804520261332e-01,4.699861405063394948e-02,4.326310823643191306e-01,3.190268220218058226e-01,5.589745466875964963e-01,3.584233445725262812e-01,7.101389916385286716e-01,6.767987854434446282e-01,1.581417452391585265e-01,4.106090281547256637e-01,5.462757645993157052e-01,1.397502807431090233e-01,9.425739024741824901e-02,3.156516500844152584e-01,5.704676806530933897e-01,2.900946193734681988e-01,1.000000000000000000e+00,1.620456638540949401e-01,4.864077644662042066e-01,3.165823231630205958e-01,2.762729887662099815e-01,7.190086946358942299e-01,2.672663169426487961e-01,4.209815043325452338e-02,5.689512927133150155e-01,-2.988812460334872305e-04,5.164735014046952788e-01,5.134256618313675080e-01
1.851916740019029367e-02,2.992787273110882884e-01,-1.557283217643418982e-01,4.518274238871030080e-01,-9.100853657971172406e-02,7.858112494650058011e-01,-9.482165340506787388e-02,1.898870730042129806e-01,-3.123092138420830444e-01,3.929114823387545585e-01,7.806407968736265302e-01,-3.007380122458023219e-01,-2.191956232295572127e-01,4.592788007900169278e-01,5.688394401144131196e-02,-3.295095805096430464e-02,5.345519248700255632e-01,-8.270644979963991117e-02,3.815383699679848750e-02,-4.660145513852249066e-01,7.384631350185020260e-01,1.491045894537003369e-01,8.396503576072500419e-01,7.589663726570861080e-01,5.754247355261541408e-01,-7.704658582917188470e-02,3.749854865557225581e-01,1.620456638540949401e-01,1.000000000000000000e+00,-7.863962749435599031e-02,1.074908549597845264e-01,4.387931810112029041e-01,3.023383076451875984e-01,-9.576228973593805399e-03,8.052118307582173395e-01,-2.175292013320708207e-01,7.991200440473991140e-01,-2.376991677123997670e-01,-3.544793551385189145e-01
6.457851217791890086e-01,4.074197702256616149e-01,6.074445206757673743e-01,2.305735630418528359e-01,5.692763104520127682e-01,-3.644410784373633971e-01,4.888648685369653690e-01,-6.149983326967526365e-01,7.181828667510447017e-01,6.358713267023003990e-01,-4.363550177849120915e-01,4.082464797928583300e-01,2.263018504196310024e-02,3.618945332730766351e-01,2.720291167403275645e-02,8.158662425009767238e-01,7.801022022248099708e-02,6.643338057257101026e-01,5.329109651387081703e-01,3.081533528856122972e-01,-4.380595596552088605e-02,3.467493962851848632e-01,4.805500211092092466e-03,-1.754706793097230710e-01,2.591613911570809781e-01,6.004465327671474340e-01,1.361242154384567915e-01,4.864077644662042066e-01,-7.863962749435599031e-02,1.000000000000000000e+00,2.155502144990886770e-01,7.759289194163529468e-02,4.572188890275025730e-01,3.585325543733416387e-01,-1.887462041463207618e-01,7.135729268156932870e-01,-2.454963205195180020e-01,6.571125557496085845e-01,6.179553600996253726e-01
-1.110962379559767843e-01,3.943471861681276946e-01,6.079201342247860795e-01,1.132918538807976550e-01,3.229149924511265368e-01,4.886892439629184764e-02,1.350317655437051900e-01,-5.778291941344801952e-01,2.708371432176657767e-01,4.751519883467300032e-01,-6.852064119709263060e-03,3.468089687218960937e-01,-4.529915243378569434e-01,6.134798327211828939e-01,-8.278334515756528844e-02,3.295847879589045570e-01,2.253611721837207871e-01,2.521404676516016963e-01,3.964747125156566909e-01,6.910761508640569928e-02,2.995121835999889348e-01,3.216705551516300110e-01,2.262140124282652764e-01,2.447204040136519987e-01,3.807822279100490648e-01,3.200253499173628113e-01,6.668708648441489251e-01,3.165823231630205958e-01,1.074908549597845264e-01,2.155502144990886770e-01,1.000000000000000000e+00,2.062169806427904539e-01,5.321607825017632409e-01,1.840434277044626921e-01,2.698914039585336710e-01,3.411603221080951043e-01,2.976148810409728340e-01,2.308382128280514478e-02,3.570342942491041560e-01
3.737945352899296053e-02,4.160743037630456609e-01,1.277971621122020451e-01,2.869990206225301876e-01,8.430714435053565659e-02,3.392819345334107672e-01,1.956835187800851916e-01,-1.077568079692541453e-01,5.578746037873998087e-02,3.866697751193826638e-01,4.139516246251391252e-01,1.004848904015321620e-01,-2.100705191476108791e-01,2.386903011689337772e-01,1.976533113084154858e-01,2.160197456561079865e-01,7.592927381637815110e-01,1.424051952447787928e-01,2.920992867721942665e-01,-1.378939607708541126e-01,4.752979508656069441e-01,3.414172130539762651e-01,4.571335694683461570e-01,4.441986677553648732e-01,5.758326140133940285e-01,7.710591757339808894e-02,5.171756920681741532e-01,2.762729887662099815e-01,4.387931810112029041e-01,7.759289194163529468e-02,2.062169806427904539e-01,1.000000000000000000e+00,3.811890646200357669e-01,2.276836111253224271e-01,2.958957274506550106e-01,7.348075314592958374e-02,3.618952894712091362e-01,5.931725173148726105e-02,1.612973875477775598e-01
1.817808697347312874e-01,4.029551873209058499e-01,6.484657394185708856e-01,4.287323697672623668e-01,3.549890587127798036e-01,8.135709899716139781e-03,4.717918890588168601e-01,-6.237749526209204198e-01,4.292231537305782885e-01,6.887559689262805485e-01,-3.577677643736383779e-04,3.990797543226158317e-01,-2.975913939954589194e-01,6.543686531313795962e-01,1.065723612063782522e-01,5.837008601476098013e-01,4.500721826860237251e-01,6.060914053347488117e-01,7.008892423404786687e-01,9.687120413381700157e-02,5.415070647188405806e-01,6.778677102793022602e-01,3.081719480323429350e-01,1.983705668092841934e-01,4.607352531241223348e-01,5.259139952312590349e-01,4.701466592321483229e-01,7.190086946358942299e-01,3.023383076451875984e-01,4.572188890275025730e-01,5.321607825017632409e-01,3.811890646200357669e-01,1.000000000000000000e+00,2.269322613712161929e-01,3.175061989050149136e-01,4.919789442826009718e-01,2.390867715487441370e-01,3.330429828029609629e-01,4.610853574294997426e-01
3.543346958905231325e-01,2.486913889992929116e-01,3.458344185329050302e-01,3.080539916941314460e-01,6.227561861209289784e-01,-1.545264848885525011e-01,5.004931793049036681e-01,-3.449781889034898019e-01,6.545494240763999327e-01,3.314933904980316703e-01,-1.173556709078932697e-01,4.549173683779295652e-01,-7.030245798799115986e-02,2.895852417091515085e-01,2.976375172394096214e-01,4.448430720331140731e-01,2.214808546775801634e-01,4.460169515539710861e-01,4.671011489302627218e-01,-1.034559971119522470e-02,9.597979357813556101e-02,2.696419217143289915e-01,6.932678798889213567e-02,1.424314077992569760e-01,3.101059331066721159e-01,1.230620850301690911e-01,1.603127272254595281e-01,2.672663169426487961e-01,-9.576228973593805399e-03,3.585325543733416387e-01,1.840434277044626921e-01,2.276836111253224271e-01,2.269322613712161929e-01,1.000000000000000000e+00,-1.856007762325369570e-01,3.788057979244054407e-01,-7.691404545193727960e-02,5.501418570910151518e-01,5.073702538246099847e-01
-2.351044881066721992e-01,2.000856375258917297e-01,-1.244959949698703772e-01,3.119971737476068263e-01,-1.689299859604901088e-01,7.732620288882361415e-01,-2.677472019471725528e-01,1.722158757155379250e-01,-4.206716999344942698e-01,2.965306991262419145e-01,7.291412359481904693e-01,-3.671048023064773513e-01,-3.967797733600200161e-01,4.227990573258626483e-01,-1.165526114520579054e-01,-1.562144262120719884e-01,4.009807017003054197e-01,-1.934501600613987848e-01,-4.655451440975067606e-02,-4.075166341449487084e-01,6.502230008907805558e-01,1.475581453110530461e-01,7.352089850831130535e-01,6.591020510367736618e-01,4.599673403054833076e-01,-5.962957363048582149e-02,3.959772188190585629e-01,4.209815043325452338e-02,8.052118307582173395e-01,-1.887462041463207618e-01,2.698914039585336710e-01,2.958957274506550106e-01,3.175061989050149136e-01,-1.856007762325369570e-01,1.000000000000000000e+00,-2.829026997684447875e-01,8.192595750085333028e-01,-4.409957082093450276e-01,-4.471521233845735521e-01
5.795617864474790215e-01,4.458282862287731851e-01,7.058831047640586887e-01,1.186163401120170630e-01,5.529950421714191489e-01,-4.697639144082612628e-01,5.276485735154573531e-01,-7.173328098382317775e-01,7.491800290336175783e-01,5.421854862416284337e-01,-5.320014104875713246e-01,5.144741280514011361e-01,8.186477173092997217e-02,4.039726849286379706e-01,2.857716838637263182e-02,7.561549375482526925e-01,8.165128669788403182e-02,6.191956535987162002e-01,5.361441016277276317e-01,3.804547236451198966e-01,-6.223756180230947954e-02,3.261815981448588642e-01,-1.482547530220580945e-01,-1.926762317161691551e-01,2.220747031874748811e-01,5.806899448495292937e-01,2.685516101304815106e-01,5.689512927133150155e-01,-2.175292013320708207e-01,7.135729268156932870e-01,3.411603221080951043e-01,7.348075314592958374e-02,4.919789442826009718e-01,3.788057979244054407e-01,-2.829026997684447875e-01,1.000000000000000000e+00,-2.712332488176332213e-01,6.767125735785727292e-01,7.649325773297439568e-01
-2.463645131645638975e-01,3.637128843828616453e-01,-2.022492443040179999e-01,2.989258433638517509e-01,-1.692393897799694125e-01,8.412065577124713256e-01,-1.978015374284097516e-01,2.473338477198367413e-01,-4.111308436444391368e-01,3.214764397997148526e-01,8.130022158327711024e-01,-2.865433065296814630e-01,-3.222867959106052171e-01,4.988853228379793725e-01,-4.745606112097931761e-02,-1.497331289894111572e-01,4.768428515284597324e-01,-2.815254988568730021e-01,-5.493427715824432227e-03,-4.513134605891873652e-01,6.654414863900612875e-01,9.413437069209731889e-02,8.029090969573379200e-01,7.424998697672687831e-01,5.752603446260304842e-01,-3.025400931248414249e-01,4.723703349492403558e-01,-2.988812460334872305e-04,7.991200440473991140e-01,-2.454963205195180020e-01,2.976148810409728340e-01,3.618952894712091362e-01,2.390867715487441370e-01,-7.691404545193727960e-02,8.192595750085333028e-01,-2.712332488176332213e-01,1.000000000000000000e+00,-4.271748647468324722e-01,-3.588001677233734199e-01
6.510345788548796975e-01,1.769913897652475310e-01,5.071245474375363216e-01,2.143223532126727060e-01,4.721551454729781550e-01,-5.019612331962501894e-01,6.631263901882953338e-01,-5.310238225719741134e-01,8.094085449496456475e-01,3.952437812541947371e-01,-5.100940776294652368e-01,5.404444608304197484e-01,1.396035238392707989e-01,1.940616268159024438e-01,2.927353680689240290e-01,6.627020282516042915e-01,6.564022530856702953e-02,6.399369027477203042e-01,5.550183967962929454e-01,3.145031940180112451e-01,-1.159049187303609479e-01,2.620977905050023704e-01,-1.647519004982364588e-01,-2.501192504234474034e-01,3.910019050277543234e-02,5.044346012447099570e-01,6.897504179867854600e-03,5.164735014046952788e-01,-2.376991677123997670e-01,6.571125557496085845e-01,2.308382128280514478e-02,5.931725173148726105e-02,3.330429828029609629e-01,5.501418570910151518e-01,-4.409957082093450276e-01,6.767125735785727292e-01,-4.271748647468324722e-01,1.000000000000000000e+00,7.454736485345413444e-01
4.203499037720088705e-01,3.638028568248627415e-01,6.758633051806929304e-01,1.038367936842004846e-01,4.767833921750654347e-01,-5.283430900691010734e-01,6.616837267022119828e-01,-6.872277081767366180e-01,8.107918594008195479e-01,4.589965452567054682e-01,-5.468986256177122973e-01,7.223391281836177846e-01,2.507075932701306395e-02,3.116731226209531469e-01,2.231674423935904594e-01,7.095081787166251930e-01,1.259688704602305309e-01,6.065190507108628726e-01,6.576389771698490927e-01,4.275548061706944125e-01,-1.002699877949571744e-01,4.022516308560190601e-01,-2.019595257705624480e-01,-2.715895812104173745e-01,1.732775954415232966e-01,4.345240547669709796e-01,2.665290729856383822e-01,5.134256618313675080e-01,-3.544793551385189145e-01,6.179553600996253726e-01,3.570342942491041560e-01,1.612973875477775598e-01,4.610853574294997426e-01,5.073702538246099847e-01,-4.471521233845735521e-01,7.649325773297439568e-01,-3.588001677233734199e-01,7.454736485345413444e-01,1.000000000000000000e+00
