1.000000000000000000e+00,2.379618702135247732e-01,3.693952925638580576e-01,5.157793159849507481e-01,4.861280098430114105e-01,-4.423459524089546346e-01,1.658386249288006098e-01,-3.936166525252651760e-01,7.615746371286102878e-01,4.653494681817624823e-01,-2.667311678281487630e-01,3.522760037240273978e-01,3.762247378401575165e-02,4.081786457308009264e-01,4.764984169276773041e-01,5.377833730177303817e-01,-3.181188240856786531e-01,4.560261129078425069e-01,3.553016558473090503e-01,5.150282132537925550e-01,2.787760278063493580e-01,1.104156821173696013e-01,3.377728468002959006e-01,2.675945325929749569e-02,3.488769954500628989e-01,7.256818245169022186e-01,-2.065662332970048254e-01,4.017781778699921480e-01,7.275379458805556476e-01,5.472048088401756383e-01,-1.014011611148494252e-01,-3.165935694581624160e-01,-5.459510819027468126e-02,4.653318753212523085e-01,-1.345927235061878946e-01,5.211807152412226696e-01,-3.436534891861290908e-01,8.063622603401732203e-01,4.157762245828517944e-01
2.379618702135247732e-01,1.000000000000000000e+00,5.503896808572712462e-01,-1.716748097448788646e-01,5.319923079526811538e-01,1.051963701691897707e-01,-6.355678463630454189e-02,-5.316002678185338670e-01,4.095980117152844269e-01,5.152222531430677988e-01,1.279863562469016613e-01,1.729027986050429289e-01,-4.235921289469911644e-01,4.607713288445128286e-01,-9.694798108067739784e-02,4.435898591739673158e-01,2.970035826892118425e-01,-5.086706470125396118e-02,-5.296697895760519442e-02,3.387594925717016259e-02,3.474708262634410016e-01,2.224246471893557286e-01,3.223053664106120264e-01,2.042112917004505757e-01,3.301245119396907790e-01,4.064894212095815917e-01,5.318458388551472460e-01,2.232235175486000089e-01,1.323227153969805114e-01,6.145025438871658530e-01,4.764827046035499669e-01,1.097467351655126988e-01,3.918991287256010092e-01,3.658815609717742667e-01,2.644886756639638348e-01,1.379550249248359117e-01,2.045284943445822845e-01,1.262195535003129976e-01,3.476216220984755800e-01
3.693952925638580576e-01,5.503896808572712462e-01,1.000000000000000000e+00,-4.493699263616487277e-02,7.921804370108851412e-01,8.580209979191695535e-02,-2.314761925310813984e-02,-9.086399553938950824e-01,4.888976072467449141e-01,6.516793350204460600e-01,1.127692252958975849e-01,2.748184717242251329e-01,-5.815661206218334378e-01,7.142222248520826433e-01,-7.013373552773452535e-02,6.071626820178409600e-01,2.405706722056316083e-01,1.188511196481546045e-01,-8.268282392708058148e-02,1.632361622297505976e-01,5.506763423252999390e-01,3.596651465954434079e-01,5.715854703578424623e-01,3.716951477674156346e-01,6.068599150361491112e-01,5.834103155678852515e-01,5.175836582095942884e-01,4.668629039973528627e-01,4.160465460382518632e-01,7.190392494624442410e-01,6.006797036774643717e-01,2.373305278634859072e-01,6.438359881189147371e-01,6.492176042419126603e-01,4.038304308240964202e-01,2.046765345914777767e-01,2.864908913724537043e-01,3.621678723319665116e-01,3.728536458114403151e-01
5.157793159849507481e-01,-1.716748097448788646e-01,-4.493699263616487277e-02,1.000000000000000000e+00,1.751686484441853653e-01,-3.460916179737231202e-01,5.940073276253331480e-01,6.522006592300094718e-02,5.971162808301322400e-01,4.624932566975483578e-02,-3.002198114957807529e-01,2.152584186486549145e-01,4.862400396104992195e-01,6.127586442659152532e-02,6.292959622968529176e-01,8.492687149897079624e-02,-4.720931343574261696e-01,7.874221753575917360e-01,7.872485959120316679e-01,3.214316328870472916e-01,-2.360631863552031251e-01,-1.808256978335801290e-01,3.267923717629202945e-02,-2.728707446208374771e-02,5.825567986099434298e-02,2.189687628305229117e-01,-4.230996404415535705e-01,-1.111450284396265503e-01,2.934712212900460471e-01,1.196517787580746728e-01,-5.185149722379629456e-01,-4.325153457439178117e-01,-3.662670575324590838e-01,1.880348210882339388e-01,-4.502542551302964879e-01,2.786726484162711515e-01,-4.204528264541141924e-01,5.638987479002248726e-01,4.632334718179220157e-01
4.861280098430114105e-01,5.319923079526811538e-01,7.921804370108851412e-01,1.751686484441853653e-01,1.000000000000000000e+00,6.760036638372989015e-02,1.005429493141600794e-01,-7.794538969817172980e-01,6.469006881133941844e-01,5.895132586074599557e-01,1.802969203048197799e-01,1.157158465599382180e-01,-4.027341839862457751e-01,6.337987879713553596e-01,1.298547207033671526e-02,5.581420747872016808e-01,2.633271331299246731e-01,3.791618967740285062e-01,1.711453127226821858e-01,2.902848604321385875e-02,2.779253669462895537e-01,2.540693657488549834e-02,4.927504464556719532e-01,2.934376516979297911e-01,5.444837662539259160e-01,6.216091444994286119e-01,3.338532111037500472e-01,2.660801780683532680e-01,4.155290821040286131e-01,7.645592411111160613e-01,3.743913001841612243e-01,2.503535093207217566e-01,3.482528299929373850e-01,5.716949603109698907e-01,2.243442405167076770e-01,1.326824376420348284e-01,1.527597515129894001e-01,4.429639317965256562e-01,5.095466509124482180e-01
-4.423459524089546346e-01,1.051963701691897707e-01,8.580209979191695535e-02,-3.460916179737231202e-01,6.760036638372989015e-02,1.000000000000000000e+00,7.847844845853196860e-02,-3.760586639015824420e-03,-3.776393936831539122e-01,1.358675495306450876e-01,6.549117101349464232e-01,-6.335403850236019929e-01,-4.245984591907590033e-01,4.496860626767007485e-02,-3.404931180456943207e-01,-1.247199500690155012e-02,6.935902371973416969e-01,2.542084655390188311e-02,-5.009486867595787374e-02,-5.490629227606845797e-01,-2.724813097106372206e-01,-1.913019368238168816e-01,1.633395910332864631e-01,5.183989496035733557e-01,9.920112331904684666e-02,-2.078513025881229548e-01,5.019146276751026425e-01,-2.658768135288441803e-01,-2.847118573246233963e-01,3.382490764556230628e-02,3.611091872811613146e-01,6.032942650199174528e-01,2.581133261042055649e-01,-3.805419607699117579e-01,6.243616243086446138e-01,-6.339691066830858146e-01,8.130460146130945587e-01,-6.071620903666801183e-01,-1.173090023685899180e-01
1.658386249288006098e-01,-6.355678463630454189e-02,-2.314761925310813984e-02,5.940073276253331480e-01,1.005429493141600794e-01,7.847844845853196860e-02,1.000000000000000000e+00,1.089946657495990262e-01,3.208582286215023172e-01,9.598966634043931689e-02,-8.268591864964608407e-02,-2.215345721318350003e-02,2.656014061069535970e-01,5.210624063295834357e-02,3.380615482682581829e-01,9.968236151564192904e-02,-1.991187076013230528e-01,6.153137142688467343e-01,7.309690861059650047e-01,7.314645334214522898e-02,-3.007576140377440921e-01,-1.140162574955202179e-01,3.083290917415388091e-02,1.616966923108302812e-01,2.743320147958217686e-02,-2.502950747189846073e-02,-6.126378817500613416e-02,-2.835234522983212657e-01,4.578052465128868570e-02,1.211795295086633001e-01,-2.513837564210141262e-01,-2.548264168830023935e-01,-1.584780792222959256e-01,-6.559748092097590633e-02,-1.410640168856272247e-01,4.668066865102099561e-02,-5.405837512797335986e-02,1.300769439656285498e-01,3.993827451738219403e-01
-3.936166525252651760e-01,-5.316002678185338670e-01,-9.086399553938950824e-01,6.522006592300094718e-02,-7.794538969817172980e-01,-3.760586639015824420e-03,1.089946657495990262e-01,1.000000000000000000e+00,-4.918874123824704125e-01,-6.024589830917104205e-01,-5.954968858662066516e-02,-2.721543216090779871e-01,5.339058346508124275e-01,-6.729647215457914555e-01,4.772796139359136020e-02,-5.512886796378189125e-01,-1.980709640919833814e-01,-8.203574528086969575e-02,1.230993581108053292e-01,-1.623804868238956367e-01,-5.358348226058721187e-01,-3.178312639450686650e-01,-5.491851722565966876e-01,-3.034480236114119323e-01,-5.915231585145405147e-01,-5.985186048931384617e-01,-4.469968044071996882e-01,-4.531331027116393129e-01,-4.285064006013059590e-01,-6.698762012563335144e-01,-5.329887513844340230e-01,-2.358169718912244972e-01,-5.607047045368013238e-01,-6.517729104016760644e-01,-3.348957697372512698e-01,-2.310348981885235187e-01,-2.179244607721899096e-01,-4.035807133283504378e-01,-3.646179810378817332e-01
7.615746371286102878e-01,4.095980117152844269e-01,4.888976072467449141e-01,5.971162808301322400e-01,6.469006881133941844e-01,-3.776393936831539122e-01,3.208582286215023172e-01,-4.918874123824704125e-01,1.000000000000000000e+00,4.458501014238625548e-01,-2.237162890386916458e-01,4.103279696853349146e-01,3.160456584115531320e-02,4.769358733802511741e-01,4.264858774725523438e-01,4.808728868967522829e-01,-2.329017741783271644e-01,5.530324515631971360e-01,4.940319665828947215e-01,3.624875464184167395e-01,2.027062889046024607e-01,3.966689153347031926e-02,3.845855278913417608e-01,6.310999878697864940e-02,4.338398521651741779e-01,6.168305429307687771e-01,-6.644387374536261937e-02,2.206298478214550607e-01,5.563616381802320987e-01,6.478852721967621742e-01,-4.200383160469498695e-02,-2.245134426291729712e-01,4.854151714075763922e-03,6.195951824860113089e-01,-2.042783306273224242e-01,4.655837758141676552e-01,-3.072698541150314377e-01,7.676570741279366006e-01,6.667796924563224037e-01
4.653494681817624823e-01,5.152222531430677988e-01,6.516793350204460600e-01,4.624932566975483578e-02,5.895132586074599557e-01,1.358675495306450876e-01,9.598966634043931689e-02,-6.024589830917104205e-01,4.458501014238625548e-01,1.000000000000000000e+00,2.023877385376890090e-02,2.180865585997512346e-01,-5.903483861039758862e-01,6.594093740130200221e-01,7.991092012110369769e-04,8.452244808015187960e-01,9.516030683586139405e-02,2.144958156613245015e-01,9.967178928545457339e-02,2.323154959915940398e-01,4.668037156296264145e-01,3.668427502342153090e-01,6.462020722487398228e-01,3.583786610575874776e-01,5.230854102786203219e-01,6.937568060311595231e-01,5.283634997451939208e-01,5.290706202673702840e-01,4.964120720080205107e-01,7.169085622655304579e-01,5.624970149794584762e-01,1.845687954892418770e-01,4.604463522378348106e-01,3.633756825783602262e-01,4.886442851169159329e-01,2.718254678298547278e-01,3.610193066748756952e-01,3.613483492160605159e-01,2.927065032701773317e-01
-2.667311678281487630e-01,1.279863562469016613e-01,1.127692252958975849e-01,-3.002198114957807529e-01,1.802969203048197799e-01,6.549117101349464232e-01,-8.268591864964608407e-02,-5.954968858662066516e-02,-2.237162890386916458e-01,2.023877385376890090e-02,1.000000000000000000e+00,-5.707560070869749369e-01,-3.086904931684649744e-01,1.596975262326039147e-01,-4.367228306545594685e-01,-8.921223945061805549e-02,8.085905969222645373e-01,8.623271065016428066e-03,-1.017202771371843312e-01,-4.836687364044414683e-01,-1.844683462941471563e-01,-2.764304796457655589e-01,9.709199758456575624e-02,4.460284198386422205e-01,2.803007364582609240e-01,-7.934791910372968049e-02,3.347000009615737626e-01,-2.027747977460762074e-01,-9.381281614457183393e-02,1.059616165072543720e-01,2.710307868574701740e-01,6.059797965937157027e-01,2.048055436748566493e-01,-2.390568585186215178e-01,4.456870312751594621e-01,-4.712935576866725818e-01,5.217655124162727809e-01,-4.106596141682967160e-01,-1.302265132000294257e-01
3.522760037240273978e-01,1.729027986050429289e-01,2.748184717242251329e-01,2.152584186486549145e-01,1.157158465599382180e-01,-6.335403850236019929e-01,-2.215345721318350003e-02,-2.721543216090779871e-01,4.103279696853349146e-01,2.180865585997512346e-01,-5.707560070869749369e-01,1.000000000000000000e+00,4.801999254360382954e-03,3.366563410758621200e-01,3.110236841857593748e-01,3.166797020224048076e-01,-5.748020476117913224e-01,-1.039896418305803621e-01,-4.189823436662458433e-02,6.274554029567726010e-01,5.849977757327640138e-01,6.029567202795081959e-01,2.154451347537217620e-01,-2.156320545266678101e-01,1.462784890459342402e-01,3.065354922998494991e-01,4.834374441735117024e-03,5.388882582600033055e-01,3.169074589656030727e-01,2.002133502141517363e-01,1.410942740872849488e-01,-3.972993640083318234e-01,2.637265708783571583e-01,6.329625673439898126e-01,-1.885506291387987476e-01,7.052186583312642920e-01,-3.647936350773088865e-01,5.285726269558446155e-01,1.877398821443448662e-01
3.762247378401575165e-02,-4.235921289469911644e-01,-5.815661206218334378e-01,4.862400396104992195e-01,-4.027341839862457751e-01,-4.245984591907590033e-01,2.656014061069535970e-01,5.339058346508124275e-01,3.160456584115531320e-02,-5.903483861039758862e-01,-3.086904931684649744e-01,4.801999254360382954e-03,1.000000000000000000e+00,-5.152140177565415202e-01,3.866148293779165801e-01,-4.935246590763660013e-01,-4.816043593539009460e-01,2.121899537201955288e-01,3.687461096683500306e-01,4.819872892213854926e-02,-4.886198841472317311e-01,-4.126689759819567316e-01,-4.246985003403291881e-01,-3.594012747785667039e-01,-4.202018616910577209e-01,-3.610939680245087158e-01,-7.301674638876554102e-01,-4.731290626680288991e-01,-1.544027774025416577e-01,-4.349546113340578279e-01,-8.257734000414974629e-01,-4.483536069752234732e-01,-6.546948346543121078e-01,-1.890346383754708537e-01,-7.288915180729713672e-01,1.075396044074409807e-01,-6.261803101279745931e-01,9.148214345939904846e-02,6.397311844857696272e-02
4.081786457308009264e-01,4.607713288445128286e-01,7.142222248520826433e-01,6.127586442659152532e-02,6.337987879713553596e-01,4.496860626767007485e-02,5.210624063295834357e-02,-6.729647215457914555e-01,4.769358733802511741e-01,6.594093740130200221e-01,1.596975262326039147e-01,3.366563410758621200e-01,-5.152140177565415202e-01,1.000000000000000000e+00,-5.988386012604164643e-02,5.810604678858386496e-01,1.588910993495736002e-01,1.332594512608809290e-01,1.618963007478419619e-02,2.896075936054202105e-01,5.733821635922551341e-01,4.205159020422541416e-01,6.494152911252155658e-01,4.046669772897977246e-01,7.462843698028308603e-01,6.152142139167950941e-01,4.422483668349548314e-01,5.620300036095240426e-01,6.359743070154491029e-01,6.743621554413024022e-01,5.509421918930165196e-01,2.229395191627265016e-01,6.153078783673850971e-01,5.672093314069777126e-01,4.908053323891484743e-01,4.245078674112972017e-01,2.942383725245681370e-01,4.345963059795103223e-01,2.942155960534096337e-01
4.764984169276773041e-01,-9.694798108067739784e-02,-7.013373552773452535e-02,6.292959622968529176e-01,1.298547207033671526e-02,-3.404931180456943207e-01,3.380615482682581829e-01,4.772796139359136020e-02,4.264858774725523438e-01,7.991092012110369769e-04,-4.367228306545594685e-01,3.110236841857593748e-01,3.866148293779165801e-01,-5.988386012604164643e-02,1.000000000000000000e+00,5.401517423465702211e-02,-5.008697870474956293e-01,4.623428725625826630e-01,5.229203756794916780e-01,3.606782868777842488e-01,-1.780626000453035540e-01,-5.379542919598983425e-02,1.371798449180973156e-01,-4.879433112773163064e-03,-2.832222558281630512e-02,1.807519533750371887e-01,-3.724373244461395838e-01,-4.367255186764732594e-02,2.033085847169574800e-01,-1.037104223152757361e-02,-4.640631919261635763e-01,-3.888393414552004934e-01,-3.398092760983698057e-01,2.292881582282830510e-01,-3.900270549107685003e-01,2.409148285493402653e-01,-3.549233323175042254e-01,4.853880140526926068e-01,3.739510272071923658e-01
5.377833730177303817e-01,4.435898591739673158e-01,6.071626820178409600e-01,8.492687149897079624e-02,5.581420747872016808e-01,-1.247199500690155012e-02,9.968236151564192904e-02,-5.512886796378189125e-01,4.808728868967522829e-01,8.452244808015187960e-01,-8.921223945061805549e-02,3.166797020224048076e-01,-4.935246590763660013e-01,5.810604678858386496e-01,5.401517423465702211e-02,1.000000000000000000e+00,7.375408493535141538e-03,1.941425728660196581e-01,9.437722712679071091e-02,3.400661883157346521e-01,5.382951671887630241e-01,4.290260231361036070e-01,5.935563415005197241e-01,2.307299756869148621e-01,3.959502799399352013e-01,7.058996077468685515e-01,4.182059888086882560e-01,6.010152575154639187e-01,5.110665123927100595e-01,7.125109231039548074e-01,5.094228134253545592e-01,5.013473597467974635e-02,4.388786731685393461e-01,3.720230480196528022e-01,4.107893707261619509e-01,3.172044509163792214e-01,1.800756120131919436e-01,4.163125052892153177e-01,2.179876124340551780e-01
-3.181188240856786531e-01,2.970035826892118425e-01,2.405706722056316083e-01,-4.720931343574261696e-01,2.633271331299246731e-01,6.935902371973416969e-01,-1.991187076013230528e-01,-1.980709640919833814e-01,-2.329017741783271644e-01,9.516030683586139405e-02,8.085905969222645373e-01,-5.748020476117913224e-01,-4.816043593539009460e-01,1.588910993495736002e-01,-5.008697870474956293e-01,7.375408493535141538e-03,1.000000000000000000e+00,-1.160209540260160183e-01,-2.398622121482235359e-01,-5.208481693893733944e-01,-6.337449626405704250e-02,-1.943455524812631174e-01,1.745220173397120655e-01,4.206969720175775529e-01,2.693284071638448185e-01,-5.977911699147097496e-02,4.548100826346256342e-01,-1.405578092876930141e-01,-1.894596039601650628e-01,2.111444694336773176e-01,4.316208713569589239e-01,6.630289275563562290e-01,3.127381271086926984e-01,-1.590518957527030375e-01,5.027164101929286755e-01,-5.662625800902383322e-01,5.651820291031214305e-01,-4.365457530978026912e-01,-8.770809802157718271e-02
4.560261129078425069e-01,-5.086706470125396118e-02,1.188511196481546045e-01,7.874221753575917360e-01,3.791618967740285062e-01,2.542084655390188311e-02,6.153137142688467343e-01,-8.203574528086969575e-02,5.530324515631971360e-01,2.144958156613245015e-01,8.623271065016428066e-03,-1.039896418305803621e-01,2.121899537201955288e-01,1.332594512608809290e-01,4.623428725625826630e-01,1.941425728660196581e-01,-1.160209540260160183e-01,1.000000000000000000e+00,8.249960308434711731e-01,7.406038705117032328e-02,-3.368995940152754720e-01,-3.075224105637178185e-01,1.240792075095755592e-01,2.255027908808650838e-01,1.576680275748311710e-01,3.144472151802830129e-01,-1.517728734047455452e-01,-1.823978595483305987e-01,2.691417831143345096e-01,2.664780938675713751e-01,-3.120753071832857994e-01,-1.643338170359726347e-01,-2.615606314073775085e-01,5.147719430994726619e-02,-1.718806528515261778e-01,4.976907565328084725e-03,-8.586327248769266840e-02,4.087718938242417277e-01,4.814649804691381041e-01
3.553016558473090503e-01,-5.296697895760519442e-02,-8.268282392708058148e-02,7.872485959120316679e-01,1.711453127226821858e-01,-5.009486867595787374e-02,7.309690861059650047e-01,1.230993581108053292e-01,4.940319665828947215e-01,9.967178928545457339e-02,-1.017202771371843312e-01,-4.189823436662458433e-02,3.687461096683500306e-01,1.618963007478419619e-02,5.229203756794916780e-01,9.437722712679071091e-02,-2.398622121482235359e-01,8.249960308434711731e-01,1.000000000000000000e+00,1.158708188310970527e-01,-4.070801827997894140e-01,-2.827382052193253559e-01,4.042896467856543080e-02,1.384745032400903075e-01,4.312297227464442079e-02,1.251890280839233482e-01,-2.248467254789715819e-01,-3.107857160377585082e-01,1.396596622812508737e-01,1.566747822756181241e-01,-4.241757769090683805e-01,-2.692868283227439763e-01,-3.794351169616358432e-01,-4.652041002185430818e-02,-2.854847992497643316e-01,7.463621347989761456e-02,-2.064808766991720057e-01,3.314799402456849453e-01,5.045762068541436163e-01
5.150282132537925550e-01,3.387594925717016259e-02,1.632361622297505976e-01,3.214316328870472916e-01,2.902848604321385875e-02,-5.490629227606845797e-01,7.314645334214522898e-02,-1.623804868238956367e-01,3.624875464184167395e-01,2.323154959915940398e-01,-4.836687364044414683e-01,6.274554029567726010e-01,4.819872892213854926e-02,2.896075936054202105e-01,3.606782868777842488e-01,3.400661883157346521e-01,-5.208481693893733944e-01,7.406038705117032328e-02,1.158708188310970527e-01,1.000000000000000000e+00,4.977825041507265014e-01,6.256789370668529582e-01,1.376136451160260010e-01,-1.327216857980231812e-01,1.618647010174908973e-01,3.836995242941891315e-01,-1.058896952433382721e-01,5.356558427170010628e-01,4.074278021623245483e-01,2.223680505495424509e-01,9.564111647999012228e-03,-5.128516045942030921e-01,1.437389546526287032e-01,3.856518757560452038e-01,-1.152758773972699935e-01,6.884887145879601267e-01,-3.910946842393233092e-01,5.804759323822686889e-01,6.351826762754092526e-02
2.787760278063493580e-01,3.474708262634410016e-01,5.506763423252999390e-01,-2.360631863552031251e-01,2.779253669462895537e-01,-2.724813097106372206e-01,-3.007576140377440921e-01,-5.358348226058721187e-01,2.027062889046024607e-01,4.668037156296264145e-01,-1.844683462941471563e-01,5.849977757327640138e-01,-4.886198841472317311e-01,5.733821635922551341e-01,-1.780626000453035540e-01,5.382951671887630241e-01,-6.337449626405704250e-02,-3.368995940152754720e-01,-4.070801827997894140e-01,4.977825041507265014e-01,1.000000000000000000e+00,7.760418388064160844e-01,3.585738677146606546e-01,-3.369885002724504891e-02,3.307703188857719079e-01,4.710230979173972710e-01,3.465183423515619809e-01,8.411566884467661653e-01,4.336095857326807690e-01,4.160439803351156929e-01,6.137424979084759036e-01,-1.876155430754044770e-02,6.613033557590284328e-01,5.303804024356139069e-01,3.568254861469463690e-01,5.013594944281917209e-01,3.970860857747862682e-02,3.313221089605766778e-01,-1.230895979819602443e-01
1.104156821173696013e-01,2.224246471893557286e-01,3.596651465954434079e-01,-1.808256978335801290e-01,2.540693657488549834e-02,-1.913019368238168816e-01,-1.140162574955202179e-01,-3.178312639450686650e-01,3.966689153347031926e-02,3.668427502342153090e-01,-2.764304796457655589e-01,6.029567202795081959e-01,-4.126689759819567316e-01,4.205159020422541416e-01,-5.379542919598983425e-02,4.290260231361036070e-01,-1.943455524812631174e-01,-3.075224105637178185e-01,-2.827382052193253559e-01,6.256789370668529582e-01,7.760418388064160844e-01,1.000000000000000000e+00,2.436211438389838946e-01,2.792531557280349130e-02,1.686463601931111056e-01,2.569030326602210201e-01,3.907616383651387193e-01,7.048152633282817048e-01,2.264301448618174784e-01,2.220243810572450349e-01,5.600202050969307344e-01,-1.714161415770310559e-01,6.398305548885646621e-01,3.577042020295290170e-01,3.509995598023653018e-01,4.624430443006756208e-01,8.373302503097415639e-02,1.750010212508777696e-01,-1.738634575212792133e-01
3.377728468002959006e-01,3.223053664106120264e-01,5.715854703578424623e-01,3.267923717629202945e-02,4.927504464556719532e-01,1.633395910332864631e-01,3.083290917415388091e-02,-5.491851722565966876e-01,3.845855278913417608e-01,6.462020722487398228e-01,9.709199758456575624e-02,2.154451347537217620e-01,-4.246985003403291881e-01,6.494152911252155658e-01,1.371798449180973156e-01,5.935563415005197241e-01,1.745220173397120655e-01,1.240792075095755592e-01,4.042896467856543080e-02,1.376136451160260010e-01,3.585738677146606546e-01,2.436211438389838946e-01,1.000000000000000000e+00,5.308890848417432418e-01,6.680333627245781392e-01,4.935457900810775178e-01,2.985017766006908269e-01,3.864819288365112793e-01,4.939494757058120467e-01,5.599994160425043610e-01,4.330574933514857450e-01,3.917212476846256286e-01,4.280035244172541997e-01,4.801069429422728518e-01,4.308399076824854790e-01,1.936670128660072099e-01,3.550914452362126661e-01,3.593477082350066687e-01,3.581935846266930956e-01
2.675945325929749569e-02,2.042112917004505757e-01,3.716951477674156346e-01,-2.728707446208374771e-02,2.934376516979297911e-01,5.183989496035733557e-01,1.616966923108302812e-01,-3.034480236114119323e-01,6.310999878697864940e-02,3.583786610575874776e-01,4.460284198386422205e-01,-2.156320545266678101e-01,-3.594012747785667039e-01,4.046669772897977246e-01,-4.879433112773163064e-03,2.307299756869148621e-01,4.206969720175775529e-01,2.255027908808650838e-01,1.384745032400903075e-01,-1.327216857980231812e-01,-3.369885002724504891e-02,2.792531557280349130e-02,5.308890848417432418e-01,1.000000000000000000e+00,4.849497502790626746e-01,1.286825653858968133e-01,3.601838540451675064e-01,-2.536541703077531060e-02,1.661254708778440725e-01,3.412641850229792828e-01,3.511984951031487667e-01,3.576772417382770852e-01,4.189469495427107781e-01,1.024463875079655722e-01,4.635320414037247261e-01,-2.165461765085071877e-01,5.456566492116219358e-01,-6.166824113778734961e-02,2.870661888195612521e-01
3.488769954500628989e-01,3.301245119396907790e-01,6.068599150361491112e-01,5.825567986099434298e-02,5.444837662539259160e-01,9.920112331904684666e-02,2.743320147958217686e-02,-5.915231585145405147e-01,4.338398521651741779e-01,5.230854102786203219e-01,2.803007364582609240e-01,1.462784890459342402e-01,-4.202018616910577209e-01,7.462843698028308603e-01,-2.832222558281630512e-02,3.959502799399352013e-01,2.693284071638448185e-01,1.576680275748311710e-01,4.312297227464442079e-02,1.618647010174908973e-01,3.307703188857719079e-01,1.686463601931111056e-01,6.680333627245781392e-01,4.849497502790626746e-01,1.000000000000000000e+00,4.928247378095942377e-01,3.403019907030589986e-01,3.289921235881583805e-01,5.633034742282330143e-01,5.776641976906575771e-01,4.072771834925271173e-01,3.061965629352368379e-01,4.539416272560273247e-01,5.027930590704625669e-01,3.865988572983637406e-01,2.246009572557166323e-01,2.654325210187681305e-01,4.151137871355948250e-01,4.119514311043958599e-01
7.256818245169022186e-01,4.064894212095815917e-01,5.834103155678852515e-01,2.189687628305229117e-01,6.216091444994286119e-01,-2.078513025881229548e-01,-2.502950747189846073e-02,-5.985186048931384617e-01,6.168305429307687771e-01,6.937568060311595231e-01,-7.934791910372968049e-02,3.065354922998494991e-01,-3.610939680245087158e-01,6.152142139167950941e-01,1.807519533750371887e-01,7.058996077468685515e-01,-5.977911699147097496e-02,3.144472151802830129e-01,1.251890280839233482e-01,3.836995242941891315e-01,4.710230979173972710e-01,2.569030326602210201e-01,4.935457900810775178e-01,1.286825653858968133e-01,4.928247378095942377e-01,1.000000000000000000e+00,2.527499669737420795e-01,6.276050747268672181e-01,7.281808811192390651e-01,6.030213866404708911e-01,3.036469057458592302e-01,-1.013466061845170671e-02,2.320180989710990960e-01,4.338287051895787227e-01,2.610397524144055237e-01,4.413400337775468807e-01,3.642932733713212523e-02,6.257815994548362459e-01,2.290926705460708257e-01
-2.065662332970048254e-01,5.318458388551472460e-01,5.175836582095942884e-01,-4.230996404415535705e-01,3.338532111037500472e-01,5.019146276751026425e-01,-6.126378817500613416e-02,-4.469968044071996882e-01,-6.644387374536261937e-02,5.283634997451939208e-01,3.347000009615737626e-01,4.834374441735117024e-03,-7.301674638876554102e-01,4.422483668349548314e-01,-3.724373244461395838e-01,4.182059888086882560e-01,4.548100826346256342e-01,-1.517728734047455452e-01,-2.248467254789715819e-01,-1.058896952433382721e-01,3.465183423515619809e-01,3.907616383651387193e-01,2.985017766006908269e-01,3.601838540451675064e-01,3.403019907030589986e-01,2.527499669737420795e-01,1.000000000000000000e+00,2.938625622684126193e-01,-4.510282614731869061e-02,3.547604206704504382e-01,7.913850692093492567e-01,3.728334592631535327e-01,6.652061286099737458e-01,7.544125899606579644e-02,7.006210884194991051e-01,-1.359226619030362293e-01,6.742297698309712706e-01,-2.594159718019682925e-01,-1.686163576798434260e-02
4.017781778699921480e-01,2.232235175486000089e-01,4.668629039973528627e-01,-1.111450284396265503e-01,2.660801780683532680e-01,-2.658768135288441803e-01,-2.835234522983212657e-01,-4.531331027116393129e-01,2.206298478214550607e-01,5.290706202673702840e-01,-2.027747977460762074e-01,5.388882582600033055e-01,-4.731290626680288991e-01,5.620300036095240426e-01,-4.367255186764732594e-02,6.010152575154639187e-01,-1.405578092876930141e-01,-1.823978595483305987e-01,-3.107857160377585082e-01,5.356558427170010628e-01,8.411566884467661653e-01,7.048152633282817048e-01,3.864819288365112793e-01,-2.536541703077531060e-02,3.289921235881583805e-01,6.276050747268672181e-01,2.938625622684126193e-01,1.000000000000000000e+00,5.639077710846471803e-01,3.616863130686811534e-01,5.455698135399128512e-01,-2.048164093423826548e-02,5.481812464926254513e-01,4.498926698231376919e-01,3.976942757166438969e-01,4.992955876464414411e-01,8.276722663741148400e-02,4.166142694223469722e-01,-1.858298488027646522e-01
7.275379458805556476e-01,1.323227153969805114e-01,4.160465460382518632e-01,2.934712212900460471e-01,4.155290821040286131e-01,-2.847118573246233963e-01,4.578052465128868570e-02,-4.285064006013059590e-01,5.563616381802320987e-01,4.964120720080205107e-01,-9.381281614457183393e-02,3.169074589656030727e-01,-1.544027774025416577e-01,6.359743070154491029e-01,2.033085847169574800e-01,5.110665123927100595e-01,-1.894596039601650628e-01,2.691417831143345096e-01,1.396596622812508737e-01,4.074278021623245483e-01,4.336095857326807690e-01,2.264301448618174784e-01,4.939494757058120467e-01,1.661254708778440725e-01,5.633034742282330143e-01,7.281808811192390651e-01,-4.510282614731869061e-02,5.639077710846471803e-01,1.000000000000000000e+00,4.826552029258475152e-01,1.348726457510495691e-01,-6.779014004215069833e-02,2.020546649134845607e-01,4.336324672357665388e-01,2.054990113226242143e-01,5.482553627698449894e-01,-6.169453275684983612e-02,6.769829679714801651e-01,2.285071551825982039e-01
5.472048088401756383e-01,6.145025438871658530e-01,7.190392494624442410e-01,1.196517787580746728e-01,7.645592411111160613e-01,3.382490764556230628e-02,1.211795295086633001e-01,-6.698762012563335144e-01,6.478852721967621742e-01,7.169085622655304579e-01,1.059616165072543720e-01,2.002133502141517363e-01,-4.349546113340578279e-01,6.743621554413024022e-01,-1.037104223152757361e-02,7.125109231039548074e-01,2.111444694336773176e-01,2.664780938675713751e-01,1.566747822756181241e-01,2.223680505495424509e-01,4.160439803351156929e-01,2.220243810572450349e-01,5.599994160425043610e-01,3.412641850229792828e-01,5.776641976906575771e-01,6.030213866404708911e-01,3.547604206704504382e-01,3.616863130686811534e-01,4.826552029258475152e-01,1.000000000000000000e+00,4.528675936296192028e-01,1.162153738723812613e-01,4.333618461725430304e-01,5.599128677308079505e-01,2.702954404151947654e-01,2.750214480963215635e-01,1.110354263170539313e-01,4.816200340863943663e-01,5.160516249465788574e-01
-1.014011611148494252e-01,4.764827046035499669e-01,6.006797036774643717e-01,-5.185149722379629456e-01,3.743913001841612243e-01,3.611091872811613146e-01,-2.513837564210141262e-01,-5.329887513844340230e-01,-4.200383160469498695e-02,5.624970149794584762e-01,2.710307868574701740e-01,1.410942740872849488e-01,-8.257734000414974629e-01,5.509421918930165196e-01,-4.640631919261635763e-01,5.094228134253545592e-01,4.316208713569589239e-01,-3.120753071832857994e-01,-4.241757769090683805e-01,9.564111647999012228e-03,6.137424979084759036e-01,5.600202050969307344e-01,4.330574933514857450e-01,3.511984951031487667e-01,4.072771834925271173e-01,3.036469057458592302e-01,7.913850692093492567e-01,5.455698135399128512e-01,1.348726457510495691e-01,4.528675936296192028e-01,1.000000000000000000e+00,4.082086556753720674e-01,8.209485133341934970e-01,2.791327488218260378e-01,7.341972519084764004e-01,-1.024843134908705149e-02,6.029282690105139952e-01,-1.122284108195927832e-01,-7.202505946996237696e-02
-3.165935694581624160e-01,1.097467351655126988e-01,2.373305278634859072e-01,-4.325153457439178117e-01,2.503535093207217566e-01,6.032942650199174528e-01,-2.548264168830023935e-01,-2.358169718912244972e-01,-2.245134426291729712e-01,1.845687954892418770e-01,6.059797965937157027e-01,-3.972993640083318234e-01,-4.483536069752234732e-01,2.229395191627265016e-01,-3.888393414552004934e-01,5.013473597467974635e-02,6.630289275563562290e-01,-1.643338170359726347e-01,-2.692868283227439763e-01,-5.128516045942030921e-01,-1.876155430754044770e-02,-1.714161415770310559e-01,3.917212476846256286e-01,3.576772417382770852e-01,3.061965629352368379e-01,-1.013466061845170671e-02,3.728334592631535327e-01,-2.048164093423826548e-02,-6.779014004215069833e-02,1.162153738723812613e-01,4.082086556753720674e-01,1.000000000000000000e+00,2.658817492730626286e-01,-7.390011830434338458e-02,5.173038881706443215e-01,-3.651699504717066946e-01,6.451931864617497236e-01,-3.430464612622698972e-01,-1.293428339001977401e-01
-5.459510819027468126e-02,3.918991287256010092e-01,6.438359881189147371e-01,-3.662670575324590838e-01,3.482528299929373850e-01,2.581133261042055649e-01,-1.584780792222959256e-01,-5.607047045368013238e-01,4.854151714075763922e-03,4.604463522378348106e-01,2.048055436748566493e-01,2.637265708783571583e-01,-6.546948346543121078e-01,6.153078783673850971e-01,-3.398092760983698057e-01,4.388786731685393461e-01,3.127381271086926984e-01,-2.615606314073775085e-01,-3.794351169616358432e-01,1.437389546526287032e-01,6.613033557590284328e-01,6.398305548885646621e-01,4.280035244172541997e-01,4.189469495427107781e-01,4.539416272560273247e-01,2.320180989710990960e-01,6.652061286099737458e-01,5.481812464926254513e-01,2.020546649134845607e-01,4.333618461725430304e-01,8.209485133341934970e-01,2.658817492730626286e-01,1.000000000000000000e+00,4.103019533258652762e-01,6.418365337001071813e-01,9.092668766706024641e-02,4.903586844067182038e-01,-2.425580426828139596e-02,-1.195087482362986939e-02
4.653318753212523085e-01,3.658815609717742667e-01,6.492176042419126603e-01,1.880348210882339388e-01,5.716949603109698907e-01,-3.805419607699117579e-01,-6.559748092097590633e-02,-6.517729104016760644e-01,6.195951824860113089e-01,3.633756825783602262e-01,-2.390568585186215178e-01,6.329625673439898126e-01,-1.890346383754708537e-01,5.672093314069777126e-01,2.292881582282830510e-01,3.720230480196528022e-01,-1.590518957527030375e-01,5.147719430994726619e-02,-4.652041002185430818e-02,3.856518757560452038e-01,5.303804024356139069e-01,3.577042020295290170e-01,4.801069429422728518e-01,1.024463875079655722e-01,5.027930590704625669e-01,4.338287051895787227e-01,7.544125899606579644e-02,4.498926698231376919e-01,4.336324672357665388e-01,5.599128677308079505e-01,2.791327488218260378e-01,-7.390011830434338458e-02,4.103019533258652762e-01,1.000000000000000000e+00,-6.405962001457954358e-02,4.627061383830043395e-01,-1.699297183152491120e-01,6.444937677695676825e-01,5.071589440885164723e-01
-1.345927235061878946e-01,2.644886756639638348e-01,4.038304308240964202e-01,-4.502542551302964879e-01,2.243442405167076770e-01,6.243616243086446138e-01,-1.410640168856272247e-01,-3.348957697372512698e-01,-2.042783306273224242e-01,4.886442851169159329e-01,4.456870312751594621e-01,-1.885506291387987476e-01,-7.288915180729713672e-01,4.908053323891484743e-01,-3.900270549107685003e-01,4.107893707261619509e-01,5.027164101929286755e-01,-1.718806528515261778e-01,-2.854847992497643316e-01,-1.152758773972699935e-01,3.568254861469463690e-01,3.509995598023653018e-01,4.308399076824854790e-01,4.635320414037247261e-01,3.865988572983637406e-01,2.610397524144055237e-01,7.006210884194991051e-01,3.976942757166438969e-01,2.054990113226242143e-01,2.702954404151947654e-01,7.341972519084764004e-01,5.173038881706443215e-01,6.418365337001071813e-01,-6.405962001457954358e-02,1.000000000000000000e+00,-1.849299190915635882e-01,7.930124926085646564e-01,-2.636881066985137245e-01,-2.282786476296606026e-01
5.211807152412226696e-01,1.379550249248359117e-01,2.046765345914777767e-01,2.786726484162711515e-01,1.326824376420348284e-01,-6.339691066830858146e-01,4.668066865102099561e-02,-2.310348981885235187e-01,4.655837758141676552e-01,2.718254678298547278e-01,-4.712935576866725818e-01,7.052186583312642920e-01,1.075396044074409807e-01,4.245078674112972017e-01,2.409148285493402653e-01,3.172044509163792214e-01,-5.662625800902383322e-01,4.976907565328084725e-03,7.463621347989761456e-02,6.884887145879601267e-01,5.013594944281917209e-01,4.624430443006756208e-01,1.936670128660072099e-01,-2.165461765085071877e-01,2.246009572557166323e-01,4.413400337775468807e-01,-1.359226619030362293e-01,4.992955876464414411e-01,5.482553627698449894e-01,2.750214480963215635e-01,-1.024843134908705149e-02,-3.651699504717066946e-01,9.092668766706024641e-02,4.627061383830043395e-01,-1.849299190915635882e-01,1.000000000000000000e+00,-3.984662877456748298e-01,6.055106039647792926e-01,1.410900447924411660e-01
-3.436534891861290908e-01,2.045284943445822845e-01,2.864908913724537043e-01,-4.204528264541141924e-01,1.527597515129894001e-01,8.130460146130945587e-01,-5.405837512797335986e-02,-2.179244607721899096e-01,-3.072698541150314377e-01,3.610193066748756952e-01,5.217655124162727809e-01,-3.647936350773088865e-01,-6.261803101279745931e-01,2.942383725245681370e-01,-3.549233323175042254e-01,1.800756120131919436e-01,5.651820291031214305e-01,-8.586327248769266840e-02,-2.064808766991720057e-01,-3.910946842393233092e-01,3.970860857747862682e-02,8.373302503097415639e-02,3.550914452362126661e-01,5.456566492116219358e-01,2.654325210187681305e-01,3.642932733713212523e-02,6.742297698309712706e-01,8.276722663741148400e-02,-6.169453275684983612e-02,1.110354263170539313e-01,6.029282690105139952e-01,6.451931864617497236e-01,4.903586844067182038e-01,-1.699297183152491120e-01,7.930124926085646564e-01,-3.984662877456748298e-01,1.000000000000000000e+00,-4.564335127641919732e-01,-1.581605577338752178e-01
8.063622603401732203e-01,1.262195535003129976e-01,3.621678723319665116e-01,5.638987479002248726e-01,4.429639317965256562e-01,-6.071620903666801183e-01,1.300769439656285498e-01,-4.035807133283504378e-01,7.676570741279366006e-01,3.613483492160605159e-01,-4.106596141682967160e-01,5.285726269558446155e-01,9.148214345939904846e-02,4.345963059795103223e-01,4.853880140526926068e-01,4.163125052892153177e-01,-4.365457530978026912e-01,4.087718938242417277e-01,3.314799402456849453e-01,5.804759323822686889e-01,3.313221089605766778e-01,1.750010212508777696e-01,3.593477082350066687e-01,-6.166824113778734961e-02,4.151137871355948250e-01,6.257815994548362459e-01,-2.594159718019682925e-01,4.166142694223469722e-01,6.769829679714801651e-01,4.816200340863943663e-01,-1.122284108195927832e-01,-3.430464612622698972e-01,-2.425580426828139596e-02,6.444937677695676825e-01,-2.636881066985137245e-01,6.055106039647792926e-01,-4.564335127641919732e-01,1.000000000000000000e+00,5.168378850846528927e-01
4.157762245828517944e-01,3.476216220984755800e-01,3.728536458114403151e-01,4.632334718179220157e-01,5.095466509124482180e-01,-1.173090023685899180e-01,3.993827451738219403e-01,-3.646179810378817332e-01,6.667796924563224037e-01,2.927065032701773317e-01,-1.302265132000294257e-01,1.877398821443448662e-01,6.397311844857696272e-02,2.942155960534096337e-01,3.739510272071923658e-01,2.179876124340551780e-01,-8.770809802157718271e-02,4.814649804691381041e-01,5.045762068541436163e-01,6.351826762754092526e-02,-1.230895979819602443e-01,-1.738634575212792133e-01,3.581935846266930956e-01,2.870661888195612521e-01,4.119514311043958599e-01,2.290926705460708257e-01,-1.686163576798434260e-02,-1.858298488027646522e-01,2.285071551825982039e-01,5.160516249465788574e-01,-7.202505946996237696e-02,-1.293428339001977401e-01,-1.195087482362986939e-02,5.071589440885164723e-01,-2.282786476296606026e-01,1.410900447924411660e-01,-1.581605577338752178e-01,5.168378850846528927e-01,1.000000000000000000e+00
