1.000000000000000000e+00,7.737369869883484741e-01,4.282804064611307471e-01,-8.830881037760326610e-03,6.239601790837360218e-01,5.812135262578618233e-01,-2.400028599361007098e-01,-4.671959925369931765e-01,2.397102323840557270e-01,4.530714483299350115e-01,2.767635956590828727e-01,3.889146388013738909e-01,4.490592016953836585e-01,-4.238104613989286673e-02,4.681917459525259395e-01,5.487367049918421280e-01,1.678573926544953687e-01,5.669372674551586000e-01,5.923491688968012259e-01,-8.059882162379110315e-02,2.074998783393488810e-01,3.665678598438693592e-01,9.105408011141018221e-02,6.975411762859995424e-01,5.336770600428701883e-01,3.449124330948542538e-01,3.602171695176818456e-01,1.762023350220359441e-01,6.166271363425914753e-01,1.808165218232076488e-01,-2.970542989758651053e-01,6.040486258647970175e-01,5.682441827631353748e-01,3.353352917296124058e-01,-4.956046679052316661e-01,2.544435224142705954e-01,1.549348129071361491e-01,5.867865243959395904e-01,3.829119209403130109e-01
7.737369869883484741e-01,1.000000000000000000e+00,2.652898653869656398e-01,-1.327640887204679376e-01,4.862160536698114655e-01,5.337757973999008865e-01,-2.339596535596186189e-01,-3.384513221990217979e-01,1.444884439128680531e-01,3.946214263410481871e-01,2.946296262763835605e-01,1.919525299504913074e-01,5.523593594557583142e-01,1.753063307457330966e-02,4.898133651783462827e-01,3.821939212306257327e-01,1.391220013702533231e-01,4.500198578182735831e-01,5.117490641177773192e-01,-2.420182398266227941e-01,-5.397831655259803518e-03,3.144959465890191375e-01,3.341938108358920023e-01,6.713182347187033328e-01,6.415169838595572438e-01,5.380953331049441735e-01,2.672087224582507248e-01,2.444719465311600837e-01,5.232561077817236006e-01,2.093045604120693792e-01,-4.919004110999642410e-01,5.745636957901307795e-01,4.541127397532024879e-01,2.118469603484116337e-01,-4.695847681662015938e-01,2.290879790788085402e-01,2.795067617506855062e-01,4.358507899095776517e-01,4.280033582963129746e-01
4.282804064611307471e-01,2.652898653869656398e-01,1.000000000000000000e+00,5.380468588606471814e-01,7.777927692700112861e-01,5.867810799255903653e-01,2.414222728835911658e-01,-8.792950932626953930e-01,2.961687078824472019e-01,5.422058257271574755e-01,3.704924478632488638e-01,7.217943166371100228e-01,1.787812991847319566e-01,-3.267337870246520004e-01,3.202865026042475000e-02,7.031287911786656686e-01,-3.096845777629149768e-02,5.954328925200597089e-01,5.971349640754559651e-01,6.483782605823361633e-01,8.061430068860108156e-01,8.226770696760544732e-01,-3.301366646288123041e-01,6.974540518676322076e-01,2.883168217535049815e-01,-7.731236160899829235e-02,-5.849810300483557213e-02,4.223126186081760935e-01,6.663183044041691705e-01,3.931649851255529515e-02,3.254232872818799693e-01,6.527263591384474539e-01,7.981832405634371463e-01,2.835084771048230201e-01,-1.880949306141261601e-01,1.422122826760643388e-01,8.888189281319892887e-02,2.362037462485171990e-01,-2.160525414065924202e-02
-8.830881037760326610e-03,-1.327640887204679376e-01,5.380468588606471814e-01,1.000000000000000000e+00,3.181384772163623476e-01,1.962800499851095337e-01,6.450415147225759815e-01,-5.009649252993212398e-01,4.369603199137736538e-02,2.301098689847154433e-01,2.284427107224549225e-01,3.080918454428343556e-01,-9.856905016772365968e-02,-4.387569554116436121e-01,-5.538332194258606123e-01,2.974726548904499390e-01,-1.280971171997785929e-01,5.640643556947400050e-02,4.463043426992381602e-02,6.056735309627736541e-01,5.518278467110667718e-01,4.376147887894206723e-01,-3.583780360986474345e-01,2.572571972960561726e-01,-6.049852602688046005e-02,-3.506420723880239176e-01,-6.239447463385863063e-02,2.098645767505256943e-01,3.202098965165814937e-01,-2.807995900246861715e-02,3.576755319395925614e-01,1.989934536582713409e-01,4.182108099029961390e-01,-5.850852640581574726e-02,5.014480646363096011e-02,7.473778216903891047e-02,-1.240287745338810310e-01,6.014770673131921569e-02,-1.824432694635346186e-01
6.239601790837360218e-01,4.862160536698114655e-01,7.777927692700112861e-01,3.181384772163623476e-01,1.000000000000000000e+00,6.453827071452946651e-01,-2.073649303235727132e-02,-7.723547359893523367e-01,5.208372772758776970e-01,6.795805459947203975e-01,3.655665495405072130e-01,7.000046159971184956e-01,2.363526406040962757e-01,-1.513731490810509006e-01,2.779985488360315338e-01,7.774170544629880331e-01,-1.341254812314796874e-01,7.603341948099477943e-01,7.920393093042334964e-01,3.378570472196266716e-01,6.074514145936634746e-01,7.216322144131176453e-01,-2.097028499032762283e-01,7.227653176762708354e-01,3.542409530065258605e-01,1.960373942190925534e-01,1.909597948828178071e-01,3.315797052019779367e-01,6.173155386232663799e-01,2.818719411364145611e-01,1.471223645304609584e-01,6.750777445228702822e-01,7.879639097671903292e-01,5.356490161836559016e-01,-3.252173736983631214e-01,3.387681927725008646e-01,1.307483492890687549e-01,4.709426027183557517e-01,2.300807184128479677e-01
5.812135262578618233e-01,5.337757973999008865e-01,5.867810799255903653e-01,1.962800499851095337e-01,6.453827071452946651e-01,1.000000000000000000e+00,-4.359119145017170682e-02,-6.272784020107672331e-01,4.264762033979908606e-01,5.584049632484687775e-01,2.432944934852623586e-01,5.442812531887313288e-01,3.268001836911172409e-01,-1.773241788444445965e-01,2.405797491544034994e-01,5.759204936206793191e-01,-1.205937063466890925e-02,5.976348094859925686e-01,6.068976216862728146e-01,2.037416325141377937e-01,4.224644352901567590e-01,5.783778983473255586e-01,-1.524285069201680998e-01,6.519197479211900070e-01,4.477453638704873562e-01,1.923665813518135870e-01,1.337893644346302147e-01,3.001209429351882618e-01,6.207980913357495911e-01,2.340734161209196973e-01,-5.018956068815099564e-02,6.204674170861770310e-01,6.975678767948312320e-01,4.333984950003980652e-01,-3.224931405713771793e-01,1.687966236268305387e-01,8.414607022849493467e-02,3.947281582638530462e-01,2.894615672263604611e-01
-2.400028599361007098e-01,-2.339596535596186189e-01,2.414222728835911658e-01,6.450415147225759815e-01,-2.073649303235727132e-02,-4.359119145017170682e-02,1.000000000000000000e+00,-1.994914277038121186e-01,-1.929625948234512667e-01,-4.819216993017841344e-02,1.723859815797942618e-01,-4.461012645777397145e-02,-3.395047150343563636e-02,-3.107474915869827270e-01,-5.003209719869170513e-01,-2.308748824902377011e-02,-1.863690955047999920e-01,-1.865004914458355534e-01,-1.737069816720185900e-01,4.259948971911651228e-01,2.585048950353306951e-01,2.385826840409062677e-01,-1.684670565839460898e-01,4.151500874000069174e-02,-1.514927733177281743e-01,-2.759429593714075035e-01,-2.110450205222056674e-01,1.940878472165582236e-01,8.717693562150635733e-02,-1.597663018133749779e-01,2.185454296487612802e-01,-5.207635187183212895e-03,1.598093394182122373e-01,-2.366488005505578973e-01,1.220432488865316606e-01,-1.620486422459696818e-01,-9.790839881178539650e-02,-2.658327424622574653e-01,-3.610423410248508880e-01
-4.671959925369931765e-01,-3.384513221990217979e-01,-8.792950932626953930e-01,-5.009649252993212398e-01,-7.723547359893523367e-01,-6.272784020107672331e-01,-1.994914277038121186e-01,1.000000000000000000e+00,-2.965055397344559251e-01,-5.131240281913530543e-01,-3.550974774170298498e-01,-6.816889958023685248e-01,-2.514460886211254409e-01,3.186256663309410819e-01,-7.379500976732404627e-02,-6.657677136113873129e-01,1.528724734414159750e-02,-6.105514747757858629e-01,-6.156232064897969591e-01,-5.972621849401452687e-01,-7.497924635060377874e-01,-7.986963579475383490e-01,2.468999160051732755e-01,-7.120594831606662511e-01,-3.915762989136122307e-01,6.169707834489112329e-03,2.548330878720108175e-02,-4.716759836289431407e-01,-7.068411159618139816e-01,-5.689243416529428388e-02,-2.218395223668717109e-01,-6.736910370111577340e-01,-7.890799492736250142e-01,-2.924887473685743866e-01,1.795944818703756329e-01,-1.926850258020423035e-01,-1.599612594128889675e-01,-2.674786611820344495e-01,-2.549801835675876566e-02
2.397102323840557270e-01,1.444884439128680531e-01,2.961687078824472019e-01,4.369603199137736538e-02,5.208372772758776970e-01,4.264762033979908606e-01,-1.929625948234512667e-01,-2.965055397344559251e-01,1.000000000000000000e+00,5.595435640935093602e-01,6.366173530426322280e-02,4.227377341483433693e-01,3.543501673342921293e-02,-7.347613741165828771e-02,3.156915925221588926e-01,4.896071255593002491e-01,-3.625601226046868408e-01,6.329018287217933469e-01,5.674167997935296581e-01,-1.807876371236748214e-02,1.878486867904160529e-01,2.486858609894613825e-01,-2.000724984676325868e-01,2.241909273294961924e-01,2.153911237510347521e-02,1.310835242967425263e-01,1.793318933858946695e-01,9.474495458149998287e-03,2.229988505159452850e-01,5.674735893774170981e-01,5.807117200859363004e-02,2.876583260008932497e-01,3.754009959794399331e-01,7.626132807647093559e-01,-1.024138988357925772e-01,3.885729943581461288e-01,8.920443181876437644e-02,4.096990147985751785e-01,4.116757556700805787e-01
4.530714483299350115e-01,3.946214263410481871e-01,5.422058257271574755e-01,2.301098689847154433e-01,6.795805459947203975e-01,5.584049632484687775e-01,-4.819216993017841344e-02,-5.131240281913530543e-01,5.595435640935093602e-01,1.000000000000000000e+00,4.084534281428241487e-01,6.327073315867234315e-01,7.626639841369874107e-02,-2.423851699024915096e-01,2.161581010849407958e-01,8.076034165066089399e-01,-1.600109831923920145e-01,6.009565513237277168e-01,6.099553390384283569e-01,1.768444401819696810e-01,4.406452782948677704e-01,5.373580674259663681e-01,-2.521748410151428699e-01,5.674810982172122653e-01,1.303679879795804075e-01,3.491260403565472209e-02,8.722963853462999129e-02,5.827365897716306475e-02,3.576054820184915162e-01,4.412018062137106900e-01,1.507105929891680296e-01,5.524635219591703672e-01,6.383859053029179442e-01,4.500493265528071607e-01,-2.114117067540087491e-01,3.171464788079539354e-01,1.110645517507048013e-01,3.637653624346443570e-01,3.546553077692811140e-01
2.767635956590828727e-01,2.946296262763835605e-01,3.704924478632488638e-01,2.284427107224549225e-01,3.655665495405072130e-01,2.432944934852623586e-01,1.723859815797942618e-01,-3.550974774170298498e-01,6.366173530426322280e-02,4.084534281428241487e-01,1.000000000000000000e+00,2.937209782626056254e-01,2.288926793387454639e-01,-1.962280885641561612e-01,5.785368685772241011e-03,4.205661504074697521e-01,-1.676614443558635814e-01,1.738520995320265716e-01,2.834003498236342677e-01,2.092623639726624296e-01,2.812430536559568650e-01,3.889910504405165170e-01,9.439067415727260546e-02,4.059699712478465616e-01,2.904971818716237664e-01,5.533908701292684917e-02,3.028329883348552902e-03,8.748321198541123001e-02,2.108416066081180151e-01,1.332302423086502430e-01,-1.158900688094603205e-02,2.714004706420027890e-01,4.143900492651058642e-01,1.838269349816273532e-02,-1.339391764331357426e-01,1.030341623471382750e-01,6.753515729222397956e-02,1.291641283055813549e-01,-1.064086804706915190e-02
3.889146388013738909e-01,1.919525299504913074e-01,7.217943166371100228e-01,3.080918454428343556e-01,7.000046159971184956e-01,5.442812531887313288e-01,-4.461012645777397145e-02,-6.816889958023685248e-01,4.227377341483433693e-01,6.327073315867234315e-01,2.937209782626056254e-01,1.000000000000000000e+00,8.933531033907241015e-02,-3.031709097908201755e-01,2.096583875176355749e-01,7.275105611376940784e-01,-6.789392302597969941e-02,6.286629602551916385e-01,5.556619115871319625e-01,4.539318623644126305e-01,6.669410882703999954e-01,6.293270345777268737e-01,-4.261105469035519899e-01,5.281739356735140056e-01,1.618642167973619039e-01,-1.835145352426296173e-01,1.365960376076795664e-02,2.194464920378752792e-01,5.295941103407797446e-01,6.363417369692977998e-02,3.053811787746835149e-01,5.907026586541218593e-01,7.126452926639512686e-01,4.083279174715147009e-01,-4.242738967505940012e-02,8.895448395760305327e-02,1.158540198932657417e-01,3.626653246322598112e-01,2.397401424948431836e-01
4.490592016953836585e-01,5.523593594557583142e-01,1.787812991847319566e-01,-9.856905016772365968e-02,2.363526406040962757e-01,3.268001836911172409e-01,-3.395047150343563636e-02,-2.514460886211254409e-01,3.543501673342921293e-02,7.626639841369874107e-02,2.288926793387454639e-01,8.933531033907241015e-02,1.000000000000000000e+00,9.377063133162702457e-02,3.420652688573506128e-01,1.916889170928240405e-01,-6.183428682987208297e-02,2.545588195108484109e-01,2.543079064128790923e-01,-1.659775446243911268e-01,-1.162577299359532079e-01,1.911127961202022940e-01,2.162401643778501803e-01,4.022766593060249640e-01,5.354258855491956792e-01,4.290802262162721759e-01,4.400554525218025592e-02,1.717449360123058655e-01,4.723048082004127068e-01,-1.812624380529325244e-02,-6.280560998052212573e-01,3.467188247064002526e-01,3.074812027843745743e-01,9.053185736192358168e-02,-2.895335190355376453e-01,-4.974379925782178302e-02,3.442948865385590529e-01,1.894338192953173572e-01,9.275300869643372803e-02
-4.238104613989286673e-02,1.753063307457330966e-02,-3.267337870246520004e-01,-4.387569554116436121e-01,-1.513731490810509006e-01,-1.773241788444445965e-01,-3.107474915869827270e-01,3.186256663309410819e-01,-7.347613741165828771e-02,-2.423851699024915096e-01,-1.962280885641561612e-01,-3.031709097908201755e-01,9.377063133162702457e-02,1.000000000000000000e+00,1.251366916903059179e-01,-1.868808118091801751e-01,-9.796131464827091684e-02,-5.247232506149703685e-02,3.884293383571004593e-02,-3.871769317256738563e-01,-3.251321104120776795e-01,-2.482552814589697732e-01,2.699878833840344550e-01,-2.043510841796061239e-01,8.001068058580780920e-03,5.146244849530673404e-01,2.830972449397377577e-01,-7.538279680630201318e-02,-3.227400248790328607e-01,-4.122859782687920971e-02,-1.423321940443587896e-01,-2.153650623478272075e-01,-2.185579395298379302e-01,1.033241120330491564e-01,-2.964889081469802012e-01,-1.708327245302907194e-01,-8.221760397836121170e-02,-1.164246809610308547e-01,-1.524726209095842167e-01
4.681917459525259395e-01,4.898133651783462827e-01,3.202865026042475000e-02,-5.538332194258606123e-01,2.779985488360315338e-01,2.405797491544034994e-01,-5.003209719869170513e-01,-7.379500976732404627e-02,3.156915925221588926e-01,2.161581010849407958e-01,5.785368685772241011e-03,2.096583875176355749e-01,3.420652688573506128e-01,1.251366916903059179e-01,1.000000000000000000e+00,2.083289561287417213e-01,1.419070489664975288e-01,5.400071104999389915e-01,4.934766203598213719e-01,-3.722458079495878924e-01,-1.547228845447808365e-01,3.916013273066307199e-02,2.690006704549525174e-01,2.726741237554733965e-01,3.469915903398804180e-01,4.015701958397483451e-01,2.084560098287515650e-01,2.031965304287625118e-01,2.696263981711212177e-01,1.646720737485543040e-01,-3.524615346744927047e-01,3.302576908528258026e-01,1.687700937452817074e-01,4.786981989497844925e-01,-1.341499615673821810e-01,1.584191581277934191e-01,3.898967068332650499e-01,2.829648638162763907e-01,3.948203192041529475e-01
5.487367049918421280e-01,3.821939212306257327e-01,7.031287911786656686e-01,2.974726548904499390e-01,7.774170544629880331e-01,5.759204936206793191e-01,-2.308748824902377011e-02,-6.657677136113873129e-01,4.896071255593002491e-01,8.076034165066089399e-01,4.205661504074697521e-01,7.275105611376940784e-01,1.916889170928240405e-01,-1.868808118091801751e-01,2.083289561287417213e-01,1.000000000000000000e+00,-9.874452899559364727e-02,6.606632772535727671e-01,6.609131013479926375e-01,3.125485914021373657e-01,5.907271171049028879e-01,6.607196615053986255e-01,-3.269685195077270956e-01,6.628987755700662676e-01,1.853972119008964470e-01,1.430059581181562095e-02,4.657795499658055199e-02,1.158272239226619815e-01,5.095289736621475551e-01,2.876479210350950666e-01,2.025699565008826641e-01,6.406012381277167433e-01,7.422709330681036555e-01,4.379206814359835609e-01,-3.002998038244337753e-01,2.451768692706571273e-01,1.080050474430988006e-01,3.825438427661820850e-01,2.091408350477517997e-01
1.678573926544953687e-01,1.391220013702533231e-01,-3.096845777629149768e-02,-1.280971171997785929e-01,-1.341254812314796874e-01,-1.205937063466890925e-02,-1.863690955047999920e-01,1.528724734414159750e-02,-3.625601226046868408e-01,-1.600109831923920145e-01,-1.676614443558635814e-01,-6.789392302597969941e-02,-6.183428682987208297e-02,-9.796131464827091684e-02,1.419070489664975288e-01,-9.874452899559364727e-02,1.000000000000000000e+00,-9.452076195902907318e-02,-1.547944442823458167e-01,5.111648791836917449e-02,9.157285287996938528e-02,-1.552689404798023379e-02,1.798616888549648962e-01,1.352515535556350901e-01,1.762858167989760638e-01,-1.375134603274701661e-01,-7.156527711725826912e-02,1.432339559886339764e-01,1.999357758176975586e-01,-2.796759049486138293e-01,-2.591803325012078177e-02,1.076397011481002725e-01,-6.166610522589763277e-02,-2.963127554253606744e-01,4.284062012188444746e-04,-9.344304887271688564e-02,4.941091873062589124e-02,-5.503173818357619262e-02,-1.745135940240390149e-02
5.669372674551586000e-01,4.500198578182735831e-01,5.954328925200597089e-01,5.640643556947400050e-02,7.603341948099477943e-01,5.976348094859925686e-01,-1.865004914458355534e-01,-6.105514747757858629e-01,6.329018287217933469e-01,6.009565513237277168e-01,1.738520995320265716e-01,6.286629602551916385e-01,2.545588195108484109e-01,-5.247232506149703685e-02,5.400071104999389915e-01,6.606632772535727671e-01,-9.452076195902907318e-02,1.000000000000000000e+00,8.079635159613397510e-01,1.191103833288347652e-01,4.253958425098587903e-01,5.457873808162237994e-01,-1.064467807720023834e-01,5.737273913933382818e-01,3.520722153408650801e-01,2.424239445586744979e-01,2.179338844773984485e-01,3.354875647883180934e-01,5.676859139983672087e-01,2.818060359261312375e-01,5.712826039910842008e-02,6.374363684566500821e-01,6.492638953787264189e-01,7.245384553083422663e-01,-2.277459532091929972e-01,2.976922468134284294e-01,2.923581195193976079e-01,4.191682055460094203e-01,3.722823030597154914e-01
5.923491688968012259e-01,5.117490641177773192e-01,5.971349640754559651e-01,4.463043426992381602e-02,7.920393093042334964e-01,6.068976216862728146e-01,-1.737069816720185900e-01,-6.156232064897969591e-01,5.674167997935296581e-01,6.099553390384283569e-01,2.834003498236342677e-01,5.556619115871319625e-01,2.543079064128790923e-01,3.884293383571004593e-02,4.934766203598213719e-01,6.609131013479926375e-01,-1.547944442823458167e-01,8.079635159613397510e-01,1.000000000000000000e+00,1.101171038894734194e-01,4.074000493033477222e-01,5.730945709987267378e-01,-7.241416579339479687e-02,6.249553364194894156e-01,3.330607143686699079e-01,3.997468205226270554e-01,2.490362687243500295e-01,3.359039346070707421e-01,4.975505858597270570e-01,3.725323611959017733e-01,3.326448498999464570e-02,6.112836263006649062e-01,6.600730828504249859e-01,6.673339367320519910e-01,-3.165846762773991130e-01,3.594829770455063578e-01,2.379159507271498553e-01,4.182203272397236882e-01,2.400191095492217042e-01
-8.059882162379110315e-02,-2.420182398266227941e-01,6.483782605823361633e-01,6.056735309627736541e-01,3.378570472196266716e-01,2.037416325141377937e-01,4.259948971911651228e-01,-5.972621849401452687e-01,-1.807876371236748214e-02,1.768444401819696810e-01,2.092623639726624296e-01,4.539318623644126305e-01,-1.659775446243911268e-01,-3.871769317256738563e-01,-3.722458079495878924e-01,3.125485914021373657e-01,5.111648791836917449e-02,1.191103833288347652e-01,1.101171038894734194e-01,1.000000000000000000e+00,7.504931024087982960e-01,5.783983031792054863e-01,-3.710685401788106907e-01,2.878555747362859241e-01,-2.741535332656632948e-02,-4.395638528639451148e-01,-3.437661639546837899e-01,3.470551283858643865e-01,3.403193530510520981e-01,-1.979388797132412281e-01,5.823412745905642840e-01,2.726209997532979545e-01,3.777069042249150410e-01,-1.237496384513675635e-01,1.980380929407558055e-01,-7.690524647015882509e-02,8.883242141527705749e-03,-1.440065165675469550e-01,-2.996816247747157713e-01
2.074998783393488810e-01,-5.397831655259803518e-03,8.061430068860108156e-01,5.518278467110667718e-01,6.074514145936634746e-01,4.224644352901567590e-01,2.585048950353306951e-01,-7.497924635060377874e-01,1.878486867904160529e-01,4.406452782948677704e-01,2.812430536559568650e-01,6.669410882703999954e-01,-1.162577299359532079e-01,-3.251321104120776795e-01,-1.547228845447808365e-01,5.907271171049028879e-01,9.157285287996938528e-02,4.253958425098587903e-01,4.074000493033477222e-01,7.504931024087982960e-01,1.000000000000000000e+00,7.257417913482372418e-01,-4.251338442511636839e-01,5.167772611909204894e-01,9.758757255250051499e-02,-3.152317680197890271e-01,-1.345557955787034243e-01,3.191456505804052823e-01,4.708414866622740447e-01,-6.602505261545832393e-02,5.610898288062350359e-01,4.632137405536052577e-01,6.536003137257808682e-01,1.431956177699125754e-01,-7.938401026516514469e-02,4.823351641686202812e-02,-1.040291908369310875e-01,1.043596682688280458e-01,-1.349633516393215493e-01
3.665678598438693592e-01,3.144959465890191375e-01,8.226770696760544732e-01,4.376147887894206723e-01,7.216322144131176453e-01,5.783778983473255586e-01,2.385826840409062677e-01,-7.986963579475383490e-01,2.486858609894613825e-01,5.373580674259663681e-01,3.889910504405165170e-01,6.293270345777268737e-01,1.911127961202022940e-01,-2.482552814589697732e-01,3.916013273066307199e-02,6.607196615053986255e-01,-1.552689404798023379e-02,5.457873808162237994e-01,5.730945709987267378e-01,5.783983031792054863e-01,7.257417913482372418e-01,1.000000000000000000e+00,-2.870839573805430422e-01,7.058991044414729688e-01,2.668460338063403658e-01,-5.778415095456648082e-03,-1.405685474861568529e-01,4.059363477889414984e-01,5.960148156438963563e-01,1.962398071077737713e-02,2.815450147173857998e-01,6.519166280121927448e-01,7.446526975549107030e-01,2.330174133819331306e-01,-2.414708471978549431e-01,6.091431253863437839e-02,9.223028933016780284e-02,1.128693748992622009e-01,-4.646773765744070112e-02
9.105408011141018221e-02,3.341938108358920023e-01,-3.301366646288123041e-01,-3.583780360986474345e-01,-2.097028499032762283e-01,-1.524285069201680998e-01,-1.684670565839460898e-01,2.468999160051732755e-01,-2.000724984676325868e-01,-2.521748410151428699e-01,9.439067415727260546e-02,-4.261105469035519899e-01,2.162401643778501803e-01,2.699878833840344550e-01,2.690006704549525174e-01,-3.269685195077270956e-01,1.798616888549648962e-01,-1.064467807720023834e-01,-7.241416579339479687e-02,-3.710685401788106907e-01,-4.251338442511636839e-01,-2.870839573805430422e-01,1.000000000000000000e+00,-2.540656302821771989e-02,4.863852179986264401e-01,5.017912810465821050e-01,8.575018160383289512e-02,2.597153542532776305e-01,-2.177239190574814867e-02,6.702032317767558922e-02,-4.314852746586949062e-01,-1.948168108440421001e-02,-2.468548536545814298e-01,-1.134010883116549351e-01,-5.292989131742113773e-02,1.046081188799054262e-01,3.391446780039193976e-01,-8.635216191124588103e-02,9.891759559380480793e-02
6.975411762859995424e-01,6.713182347187033328e-01,6.974540518676322076e-01,2.572571972960561726e-01,7.227653176762708354e-01,6.519197479211900070e-01,4.151500874000069174e-02,-7.120594831606662511e-01,2.241909273294961924e-01,5.674810982172122653e-01,4.059699712478465616e-01,5.281739356735140056e-01,4.022766593060249640e-01,-2.043510841796061239e-01,2.726741237554733965e-01,6.628987755700662676e-01,1.352515535556350901e-01,5.737273913933382818e-01,6.249553364194894156e-01,2.878555747362859241e-01,5.167772611909204894e-01,7.058991044414729688e-01,-2.540656302821771989e-02,1.000000000000000000e+00,4.962890544582778118e-01,2.154984987945542940e-01,6.805347217399503046e-02,3.888943276492783374e-01,7.019506228556996463e-01,6.799266670064109397e-02,-4.663704959548690965e-02,7.289425937141116307e-01,7.590113926054536941e-01,2.489004134407089841e-01,-4.092688192185386375e-01,1.364435115836729606e-01,1.948209243774470800e-01,3.363805051726516115e-01,1.815377051354869764e-01
5.336770600428701883e-01,6.415169838595572438e-01,2.883168217535049815e-01,-6.049852602688046005e-02,3.542409530065258605e-01,4.477453638704873562e-01,-1.514927733177281743e-01,-3.915762989136122307e-01,2.153911237510347521e-02,1.303679879795804075e-01,2.904971818716237664e-01,1.618642167973619039e-01,5.354258855491956792e-01,8.001068058580780920e-03,3.469915903398804180e-01,1.853972119008964470e-01,1.762858167989760638e-01,3.520722153408650801e-01,3.330607143686699079e-01,-2.741535332656632948e-02,9.758757255250051499e-02,2.668460338063403658e-01,4.863852179986264401e-01,4.962890544582778118e-01,1.000000000000000000e+00,4.249036118765819880e-01,1.680529565708268891e-01,4.290993280572956148e-01,5.501126394731984393e-01,5.149638036748407921e-02,-3.960423931336046754e-01,4.699673478649580294e-01,3.741399062207597104e-01,9.876323439697402840e-02,-2.458718830870295358e-01,1.625278816206344734e-01,3.096714911442974838e-01,2.400574371019534026e-01,2.325558912190485439e-01
3.449124330948542538e-01,5.380953331049441735e-01,-7.731236160899829235e-02,-3.506420723880239176e-01,1.960373942190925534e-01,1.923665813518135870e-01,-2.759429593714075035e-01,6.169707834489112329e-03,1.310835242967425263e-01,3.491260403565472209e-02,5.533908701292684917e-02,-1.835145352426296173e-01,4.290802262162721759e-01,5.146244849530673404e-01,4.015701958397483451e-01,1.430059581181562095e-02,-1.375134603274701661e-01,2.424239445586744979e-01,3.997468205226270554e-01,-4.395638528639451148e-01,-3.152317680197890271e-01,-5.778415095456648082e-03,5.017912810465821050e-01,2.154984987945542940e-01,4.249036118765819880e-01,1.000000000000000000e+00,3.101274984999952133e-01,2.196772476489649850e-01,1.179714681720473862e-01,2.960730456782507680e-01,-4.702326287272627359e-01,1.813858847457322787e-01,9.284125360421240092e-02,2.986474131972180479e-01,-4.469697044199619218e-01,2.488697957370887559e-01,2.412010107901175204e-01,1.510451636581195967e-01,9.574150319611791915e-02
3.602171695176818456e-01,2.672087224582507248e-01,-5.849810300483557213e-02,-6.239447463385863063e-02,1.909597948828178071e-01,1.337893644346302147e-01,-2.110450205222056674e-01,2.548330878720108175e-02,1.793318933858946695e-01,8.722963853462999129e-02,3.028329883348552902e-03,1.365960376076795664e-02,4.400554525218025592e-02,2.830972449397377577e-01,2.084560098287515650e-01,4.657795499658055199e-02,-7.156527711725826912e-02,2.179338844773984485e-01,2.490362687243500295e-01,-3.437661639546837899e-01,-1.345557955787034243e-01,-1.405685474861568529e-01,8.575018160383289512e-02,6.805347217399503046e-02,1.680529565708268891e-01,3.101274984999952133e-01,1.000000000000000000e+00,1.122163180638310756e-03,6.118965925778509056e-03,2.011204776821345630e-01,-2.299736745875900490e-01,-1.052650200646179819e-02,1.585152856748470174e-01,3.504714312239970986e-01,-3.129298921628719810e-01,1.886007557085542796e-01,-2.368287148223049421e-01,4.108364253118844678e-01,2.737112835681198564e-01
1.762023350220359441e-01,2.444719465311600837e-01,4.223126186081760935e-01,2.098645767505256943e-01,3.315797052019779367e-01,3.001209429351882618e-01,1.940878472165582236e-01,-4.716759836289431407e-01,9.474495458149998287e-03,5.827365897716306475e-02,8.748321198541123001e-02,2.194464920378752792e-01,1.717449360123058655e-01,-7.538279680630201318e-02,2.031965304287625118e-01,1.158272239226619815e-01,1.432339559886339764e-01,3.354875647883180934e-01,3.359039346070707421e-01,3.470551283858643865e-01,3.191456505804052823e-01,4.059363477889414984e-01,2.597153542532776305e-01,3.888943276492783374e-01,4.290993280572956148e-01,2.196772476489649850e-01,1.122163180638310756e-03,1.000000000000000000e+00,4.757902452751663902e-01,-7.780450580713674236e-02,4.159907791200525423e-02,3.849822430690695296e-01,3.686347754126581000e-01,1.421430120760975024e-01,6.026874315717951902e-02,5.470254068650915596e-02,3.733242246205176196e-01,-1.148565091742774075e-01,-5.922462349537745835e-02
6.166271363425914753e-01,5.232561077817236006e-01,6.663183044041691705e-01,3.202098965165814937e-01,6.173155386232663799e-01,6.207980913357495911e-01,8.717693562150635733e-02,-7.068411159618139816e-01,2.229988505159452850e-01,3.576054820184915162e-01,2.108416066081180151e-01,5.295941103407797446e-01,4.723048082004127068e-01,-3.227400248790328607e-01,2.696263981711212177e-01,5.095289736621475551e-01,1.999357758176975586e-01,5.676859139983672087e-01,4.975505858597270570e-01,3.403193530510520981e-01,4.708414866622740447e-01,5.960148156438963563e-01,-2.177239190574814867e-02,7.019506228556996463e-01,5.501126394731984393e-01,1.179714681720473862e-01,6.118965925778509056e-03,4.757902452751663902e-01,1.000000000000000000e+00,1.708796789153871690e-02,-1.175848791029068807e-01,7.480745147780945015e-01,6.667790568858544820e-01,2.548354153171575875e-01,-1.826291542869955820e-01,1.616889096156850225e-01,3.776548334089088188e-01,3.630476192553100390e-01,1.791944614078870845e-01
1.808165218232076488e-01,2.093045604120693792e-01,3.931649851255529515e-02,-2.807995900246861715e-02,2.818719411364145611e-01,2.340734161209196973e-01,-1.597663018133749779e-01,-5.689243416529428388e-02,5.674735893774170981e-01,4.412018062137106900e-01,1.332302423086502430e-01,6.363417369692977998e-02,-1.812624380529325244e-02,-4.122859782687920971e-02,1.646720737485543040e-01,2.876479210350950666e-01,-2.796759049486138293e-01,2.818060359261312375e-01,3.725323611959017733e-01,-1.979388797132412281e-01,-6.602505261545832393e-02,1.962398071077737713e-02,6.702032317767558922e-02,6.799266670064109397e-02,5.149638036748407921e-02,2.960730456782507680e-01,2.011204776821345630e-01,-7.780450580713674236e-02,1.708796789153871690e-02,1.000000000000000000e+00,-9.686846445215714640e-02,1.121631045383204989e-01,1.507122458629565065e-01,4.194300399540844548e-01,-1.670654433238830672e-01,6.170294379402572194e-01,2.521856115646670463e-03,2.895031524148661273e-01,2.708843037511098339e-01
-2.970542989758651053e-01,-4.919004110999642410e-01,3.254232872818799693e-01,3.576755319395925614e-01,1.471223645304609584e-01,-5.018956068815099564e-02,2.185454296487612802e-01,-2.218395223668717109e-01,5.807117200859363004e-02,1.507105929891680296e-01,-1.158900688094603205e-02,3.053811787746835149e-01,-6.280560998052212573e-01,-1.423321940443587896e-01,-3.524615346744927047e-01,2.025699565008826641e-01,-2.591803325012078177e-02,5.712826039910842008e-02,3.326448498999464570e-02,5.823412745905642840e-01,5.610898288062350359e-01,2.815450147173857998e-01,-4.314852746586949062e-01,-4.663704959548690965e-02,-3.960423931336046754e-01,-4.702326287272627359e-01,-2.299736745875900490e-01,4.159907791200525423e-02,-1.175848791029068807e-01,-9.686846445215714640e-02,1.000000000000000000e+00,2.393887458799667106e-02,1.099605161258366964e-01,2.882855822405474416e-02,2.077071559600131845e-01,-7.050419778720506958e-02,-2.061469733111111757e-01,-1.744581741817757548e-01,-2.546814908792177645e-01
6.040486258647970175e-01,5.745636957901307795e-01,6.527263591384474539e-01,1.989934536582713409e-01,6.750777445228702822e-01,6.204674170861770310e-01,-5.207635187183212895e-03,-6.736910370111577340e-01,2.876583260008932497e-01,5.524635219591703672e-01,2.714004706420027890e-01,5.907026586541218593e-01,3.467188247064002526e-01,-2.153650623478272075e-01,3.302576908528258026e-01,6.406012381277167433e-01,1.076397011481002725e-01,6.374363684566500821e-01,6.112836263006649062e-01,2.726209997532979545e-01,4.632137405536052577e-01,6.519166280121927448e-01,-1.948168108440421001e-02,7.289425937141116307e-01,4.699673478649580294e-01,1.813858847457322787e-01,-1.052650200646179819e-02,3.849822430690695296e-01,7.480745147780945015e-01,1.121631045383204989e-01,2.393887458799667106e-02,1.000000000000000000e+00,6.806269759368617223e-01,3.039464461234516190e-01,-2.308977820201808528e-01,1.336775738509115019e-01,4.053681674998122486e-01,3.565332190443258331e-01,2.828095265864994934e-01
5.682441827631353748e-01,4.541127397532024879e-01,7.981832405634371463e-01,4.182108099029961390e-01,7.879639097671903292e-01,6.975678767948312320e-01,1.598093394182122373e-01,-7.890799492736250142e-01,3.754009959794399331e-01,6.383859053029179442e-01,4.143900492651058642e-01,7.126452926639512686e-01,3.074812027843745743e-01,-2.185579395298379302e-01,1.687700937452817074e-01,7.422709330681036555e-01,-6.166610522589763277e-02,6.492638953787264189e-01,6.600730828504249859e-01,3.777069042249150410e-01,6.536003137257808682e-01,7.446526975549107030e-01,-2.468548536545814298e-01,7.590113926054536941e-01,3.741399062207597104e-01,9.284125360421240092e-02,1.585152856748470174e-01,3.686347754126581000e-01,6.667790568858544820e-01,1.507122458629565065e-01,1.099605161258366964e-01,6.806269759368617223e-01,1.000000000000000000e+00,4.098752078732592619e-01,-3.726540637906031739e-01,1.695389728579382860e-01,3.190044602985803168e-02,3.802619844456421316e-01,1.241834331703190047e-01
3.353352917296124058e-01,2.118469603484116337e-01,2.835084771048230201e-01,-5.850852640581574726e-02,5.356490161836559016e-01,4.333984950003980652e-01,-2.366488005505578973e-01,-2.924887473685743866e-01,7.626132807647093559e-01,4.500493265528071607e-01,1.838269349816273532e-02,4.083279174715147009e-01,9.053185736192358168e-02,1.033241120330491564e-01,4.786981989497844925e-01,4.379206814359835609e-01,-2.963127554253606744e-01,7.245384553083422663e-01,6.673339367320519910e-01,-1.237496384513675635e-01,1.431956177699125754e-01,2.330174133819331306e-01,-1.134010883116549351e-01,2.489004134407089841e-01,9.876323439697402840e-02,2.986474131972180479e-01,3.504714312239970986e-01,1.421430120760975024e-01,2.548354153171575875e-01,4.194300399540844548e-01,2.882855822405474416e-02,3.039464461234516190e-01,4.098752078732592619e-01,1.000000000000000000e+00,-2.105277126524632836e-01,3.297054912384231318e-01,1.181367556024010279e-01,3.922254977869583659e-01,3.372359488248171666e-01
-4.956046679052316661e-01,-4.695847681662015938e-01,-1.880949306141261601e-01,5.014480646363096011e-02,-3.252173736983631214e-01,-3.224931405713771793e-01,1.220432488865316606e-01,1.795944818703756329e-01,-1.024138988357925772e-01,-2.114117067540087491e-01,-1.339391764331357426e-01,-4.242738967505940012e-02,-2.895335190355376453e-01,-2.964889081469802012e-01,-1.341499615673821810e-01,-3.002998038244337753e-01,4.284062012188444746e-04,-2.277459532091929972e-01,-3.165846762773991130e-01,1.980380929407558055e-01,-7.938401026516514469e-02,-2.414708471978549431e-01,-5.292989131742113773e-02,-4.092688192185386375e-01,-2.458718830870295358e-01,-4.469697044199619218e-01,-3.129298921628719810e-01,6.026874315717951902e-02,-1.826291542869955820e-01,-1.670654433238830672e-01,2.077071559600131845e-01,-2.308977820201808528e-01,-3.726540637906031739e-01,-2.105277126524632836e-01,1.000000000000000000e+00,-1.210889540910992934e-01,3.403973098256098950e-01,-2.846006944344945389e-01,-1.244251287386601360e-02
2.544435224142705954e-01,2.290879790788085402e-01,1.422122826760643388e-01,7.473778216903891047e-02,3.387681927725008646e-01,1.687966236268305387e-01,-1.620486422459696818e-01,-1.926850258020423035e-01,3.885729943581461288e-01,3.171464788079539354e-01,1.030341623471382750e-01,8.895448395760305327e-02,-4.974379925782178302e-02,-1.708327245302907194e-01,1.584191581277934191e-01,2.451768692706571273e-01,-9.344304887271688564e-02,2.976922468134284294e-01,3.594829770455063578e-01,-7.690524647015882509e-02,4.823351641686202812e-02,6.091431253863437839e-02,1.046081188799054262e-01,1.364435115836729606e-01,1.625278816206344734e-01,2.488697957370887559e-01,1.886007557085542796e-01,5.470254068650915596e-02,1.616889096156850225e-01,6.170294379402572194e-01,-7.050419778720506958e-02,1.336775738509115019e-01,1.695389728579382860e-01,3.297054912384231318e-01,-1.210889540910992934e-01,1.000000000000000000e+00,7.388028580604941165e-02,3.134908821951276625e-01,1.874337601888699523e-01
1.549348129071361491e-01,2.795067617506855062e-01,8.888189281319892887e-02,-1.240287745338810310e-01,1.307483492890687549e-01,8.414607022849493467e-02,-9.790839881178539650e-02,-1.599612594128889675e-01,8.920443181876437644e-02,1.110645517507048013e-01,6.753515729222397956e-02,1.158540198932657417e-01,3.442948865385590529e-01,-8.221760397836121170e-02,3.898967068332650499e-01,1.080050474430988006e-01,4.941091873062589124e-02,2.923581195193976079e-01,2.379159507271498553e-01,8.883242141527705749e-03,-1.040291908369310875e-01,9.223028933016780284e-02,3.391446780039193976e-01,1.948209243774470800e-01,3.096714911442974838e-01,2.412010107901175204e-01,-2.368287148223049421e-01,3.733242246205176196e-01,3.776548334089088188e-01,2.521856115646670463e-03,-2.061469733111111757e-01,4.053681674998122486e-01,3.190044602985803168e-02,1.181367556024010279e-01,3.403973098256098950e-01,7.388028580604941165e-02,1.000000000000000000e+00,1.334690404827707302e-02,2.329584829442740979e-01
5.867865243959395904e-01,4.358507899095776517e-01,2.362037462485171990e-01,6.014770673131921569e-02,4.709426027183557517e-01,3.947281582638530462e-01,-2.658327424622574653e-01,-2.674786611820344495e-01,4.096990147985751785e-01,3.637653624346443570e-01,1.291641283055813549e-01,3.626653246322598112e-01,1.894338192953173572e-01,-1.164246809610308547e-01,2.829648638162763907e-01,3.825438427661820850e-01,-5.503173818357619262e-02,4.191682055460094203e-01,4.182203272397236882e-01,-1.440065165675469550e-01,1.043596682688280458e-01,1.128693748992622009e-01,-8.635216191124588103e-02,3.363805051726516115e-01,2.400574371019534026e-01,1.510451636581195967e-01,4.108364253118844678e-01,-1.148565091742774075e-01,3.630476192553100390e-01,2.895031524148661273e-01,-1.744581741817757548e-01,3.565332190443258331e-01,3.802619844456421316e-01,3.922254977869583659e-01,-2.846006944344945389e-01,3.134908821951276625e-01,1.334690404827707302e-02,1.000000000000000000e+00,5.875299772774541518e-01
3.829119209403130109e-01,4.280033582963129746e-01,-2.160525414065924202e-02,-1.824432694635346186e-01,2.300807184128479677e-01,2.894615672263604611e-01,-3.610423410248508880e-01,-2.549801835675876566e-02,4.116757556700805787e-01,3.546553077692811140e-01,-1.064086804706915190e-02,2.397401424948431836e-01,9.275300869643372803e-02,-1.524726209095842167e-01,3.948203192041529475e-01,2.091408350477517997e-01,-1.745135940240390149e-02,3.722823030597154914e-01,2.400191095492217042e-01,-2.996816247747157713e-01,-1.349633516393215493e-01,-4.646773765744070112e-02,9.891759559380480793e-02,1.815377051354869764e-01,2.325558912190485439e-01,9.574150319611791915e-02,2.737112835681198564e-01,-5.922462349537745835e-02,1.791944614078870845e-01,2.708843037511098339e-01,-2.546814908792177645e-01,2.828095265864994934e-01,1.241834331703190047e-01,3.372359488248171666e-01,-1.244251287386601360e-02,1.874337601888699523e-01,2.329584829442740979e-01,5.875299772774541518e-01,1.000000000000000000e+00
