1.000000000000000000e+00,4.055235444309215342e-01,6.537264611374439260e-01,4.575687936060499061e-02,7.049926763779282846e-01,9.252997977360423454e-02,2.397994245747493147e-01,-6.552352044535479925e-01,6.443661586573176114e-01,6.587803166911599950e-01,5.035320137779049077e-01,4.435132488382886873e-01,5.051129245998954298e-01,6.778224018752223579e-01,1.327971912853692926e-01,7.421509582321893506e-01,5.741431734186412950e-01,6.313447386738844092e-01,6.170955882531841130e-01,5.203718916352978452e-01,4.773960856404422803e-01,6.980899622131283566e-01,7.011544913261810175e-01,5.949904314566922814e-01,7.435731611287526022e-01,5.276232500319331109e-01,7.272310623606081936e-01,6.056234279163151824e-01,5.074290523531042041e-01,3.173607489647065072e-01,5.859219680895251248e-01,6.533675020809202039e-01,7.063182885575763903e-01,1.612867640575790795e-01,4.475231487804496311e-01,6.336045537776190395e-01,3.004509025194635474e-01,7.135287499922988719e-01,7.284452014892234262e-01
4.055235444309215342e-01,1.000000000000000000e+00,5.048199240153198319e-01,-1.060844137366942913e-01,4.945901998979445047e-01,1.609776587531579761e-01,1.185593544605501037e-01,-3.252199729760860136e-01,7.429830214201812444e-01,5.985960541670725110e-01,2.701066632605431117e-01,-1.761876499894841075e-01,4.018111802735934573e-02,3.791088635738604218e-01,-4.020356061035317286e-01,3.812619432849148060e-01,1.541179578497310909e-01,3.906881382667036773e-01,3.443517402595709376e-01,2.948638163856718945e-03,3.392557898707692643e-01,2.255348937421878808e-01,1.874521834183117130e-01,3.011437585501583469e-01,5.300613369308292133e-02,2.136527707882294180e-01,3.351101840779933672e-01,1.548488712555967928e-01,3.218602654786966166e-01,6.721627960236358224e-01,9.351875556590802385e-02,3.895391541594647733e-01,3.014061886545906233e-01,-8.619976776235559190e-02,2.604693179051789653e-01,2.351574485904832368e-01,2.946314213221919998e-01,2.067358873367315941e-01,4.644676247351923748e-01
6.537264611374439260e-01,5.048199240153198319e-01,1.000000000000000000e+00,-2.124890720190919791e-01,8.399394602873531124e-01,-3.464828300991990712e-02,-5.148845966529411872e-02,-7.909968019897896108e-01,7.223130186594187707e-01,6.765248935703921385e-01,3.154686682122964658e-01,1.354372166146301792e-01,8.691139573288549081e-02,5.482433691985758584e-01,-1.281080716735939207e-01,5.682178182246738762e-01,3.143346682364227540e-01,5.297459264441546356e-01,5.224065029986073583e-01,1.892214110554205075e-01,7.279010798789297132e-01,6.001960797778057577e-01,4.252475107550764966e-01,4.237761025183725550e-01,4.271293565030534478e-01,3.000201789780485018e-01,4.414712428390312748e-01,3.637079795078094757e-01,2.879855346902985835e-01,5.017417197668225803e-01,3.282592598185221644e-01,4.691176833949328717e-01,7.925569808283916551e-01,2.191243541006385742e-01,2.138587149544946830e-01,3.914423187127937798e-01,1.387412127948996765e-01,4.747801871226412507e-01,5.475484201051709077e-01
4.575687936060499061e-02,-1.060844137366942913e-01,-2.124890720190919791e-01,1.000000000000000000e+00,-1.446375854693093543e-01,1.832053710439510430e-01,4.017709368010994320e-01,2.409235911268661490e-01,-3.579092754848316182e-02,-9.225222894819852526e-02,4.734319468098586309e-02,2.529877031005327570e-01,2.449719441331656422e-01,2.076067016062421375e-02,1.011653446957931635e-01,9.069204093824571877e-02,9.221967861082060181e-02,2.654072033784131146e-01,1.008705046968325220e-01,3.168609546988111481e-01,-2.632549453200777045e-01,2.108828334641001806e-02,2.168213687415230795e-01,5.034563111967740173e-02,2.632037805886892068e-01,1.074407843563128379e-01,-6.146684873602414716e-03,1.226780206255123212e-01,1.395814253514840730e-01,-1.550931803659244546e-01,1.387645231801889201e-01,-4.021782314223026206e-02,-1.835938686241795625e-01,-1.932671297421607592e-01,2.920229418977034475e-01,1.408082753425934919e-01,2.831132384086124110e-01,1.548771404023982501e-01,-3.240842044988397411e-03
7.049926763779282846e-01,4.945901998979445047e-01,8.399394602873531124e-01,-1.446375854693093543e-01,1.000000000000000000e+00,-3.849164798704694107e-02,3.147356912279303948e-02,-7.185973733707284872e-01,7.973188791977048329e-01,8.065550808391963589e-01,3.725781843665918469e-01,1.817981912259531152e-01,1.208697094621609958e-01,6.505723039532830265e-01,-8.527037919100854957e-02,6.279437905800336894e-01,3.431841149706567062e-01,6.494725897739043186e-01,6.742405628716999777e-01,1.950097874951560173e-01,6.475806780479809177e-01,5.380183566536334006e-01,4.880217990435411490e-01,4.723882195102444559e-01,5.231022855849900566e-01,3.837521830819483060e-01,4.773528278186032758e-01,3.704872735703596542e-01,3.030386537496094768e-01,5.299469952708198983e-01,3.576664938026974938e-01,5.082225749355617772e-01,6.990160188966231258e-01,3.261537761129675861e-01,1.887510126964358215e-01,3.025047297876962138e-01,1.387819391069645136e-01,6.097991441197779805e-01,6.212454436856086337e-01
9.252997977360423454e-02,1.609776587531579761e-01,-3.464828300991990712e-02,1.832053710439510430e-01,-3.849164798704694107e-02,1.000000000000000000e+00,5.113372246671412658e-01,-7.076885753949063718e-02,1.072467856819429022e-01,-3.699279016808777742e-02,5.766191565492463367e-01,4.102009780604918276e-01,3.402072263858219037e-01,3.183500283493347349e-01,3.697118120343644287e-01,3.713901548982371792e-01,4.423095230152830348e-01,2.933272363915162551e-01,-1.977647896420938189e-01,4.580661366501579956e-01,-2.546371215076030925e-01,2.849047243706794297e-01,3.215604931375865005e-01,9.296812888349449688e-02,2.153383635880106450e-01,6.348314210021679393e-01,3.647294954061641170e-01,5.767392839203924204e-01,4.089418047121056166e-01,2.804686654915254373e-01,4.708084612100330024e-01,2.757365950566899038e-01,1.563237583998397795e-01,-2.278390428782463839e-01,5.179179583552454558e-01,4.894076394846305078e-01,5.433574388819560896e-01,1.137047119499058762e-01,-1.894356983098113567e-01
2.397994245747493147e-01,1.185593544605501037e-01,-5.148845966529411872e-02,4.017709368010994320e-01,3.147356912279303948e-02,5.113372246671412658e-01,1.000000000000000000e+00,-2.992811477712613646e-02,1.344172522975553841e-01,1.133017272150919075e-01,5.296109333843617151e-01,4.583031516788719784e-01,4.752107084784022439e-01,3.630360566295007252e-01,4.200460735853580041e-01,4.104611517126188769e-01,5.384600959619737504e-01,3.182112797477016364e-01,1.205813897579100374e-01,4.928169462613357643e-01,-2.151217874181583223e-01,3.686656541458898095e-01,4.401402637757322323e-01,2.475970925445006854e-01,4.051949731637900509e-01,5.082588305102119230e-01,3.461165368381452501e-01,5.234020116440682990e-01,3.789825187838140597e-01,2.093973636943408656e-01,4.526390032627448101e-01,1.708907164340697504e-01,7.398088586503304143e-02,1.745941815183658626e-03,3.878682555752244188e-01,3.672310622590708729e-01,4.159278652905449847e-01,4.421818063554482925e-01,1.697661019423530454e-02
-6.552352044535479925e-01,-3.252199729760860136e-01,-7.909968019897896108e-01,2.409235911268661490e-01,-7.185973733707284872e-01,-7.076885753949063718e-02,-2.992811477712613646e-02,1.000000000000000000e+00,-5.684988671973539853e-01,-5.109004701477771748e-01,-5.280016377664578098e-01,-4.127386072070363121e-01,-2.087626590270647564e-01,-5.749168697774661441e-01,-2.423025323308027890e-01,-5.993447203461504946e-01,-4.639454829739702579e-01,-4.472799554009017631e-01,-3.788088653945215767e-01,-4.455971144167147902e-01,-4.134044310794411925e-01,-6.999505862622225072e-01,-4.860842588508205164e-01,-4.451524170221863863e-01,-4.917216741983603812e-01,-5.061140133561919940e-01,-5.904673877847689267e-01,-5.185918886057809818e-01,-3.640308824518718733e-01,-4.126110858214274146e-01,-4.485519252552502278e-01,-4.680258631055812524e-01,-7.388769479699399678e-01,-3.293750501425117827e-01,-2.385583084002047827e-01,-4.975995346246281925e-01,-1.886015394711179349e-01,-5.910453359882662516e-01,-5.356452370219936254e-01
6.443661586573176114e-01,7.429830214201812444e-01,7.223130186594187707e-01,-3.579092754848316182e-02,7.973188791977048329e-01,1.072467856819429022e-01,1.344172522975553841e-01,-5.684988671973539853e-01,1.000000000000000000e+00,7.863096494353777333e-01,4.130334627191925012e-01,1.192882245431947791e-01,1.236605686076186345e-01,6.461384039369016952e-01,-2.234704322725341863e-01,6.162651054736371092e-01,3.177961363410617412e-01,6.320525503701730496e-01,5.777202107205937631e-01,2.041699413124915818e-01,4.604368008727839912e-01,4.699089865882360439e-01,4.595321424923333176e-01,4.862424020158586657e-01,3.936533762167900297e-01,3.748196789344717117e-01,4.481831795719856126e-01,3.537254406063498058e-01,3.729316303012342737e-01,7.447303044854803877e-01,2.728747402901974817e-01,5.295332619404994334e-01,5.250215715937145422e-01,1.963118341889715512e-01,2.898726780404486392e-01,2.986632665949244259e-01,2.649339101185325673e-01,5.660885641492122700e-01,6.332648758065640981e-01
6.587803166911599950e-01,5.985960541670725110e-01,6.765248935703921385e-01,-9.225222894819852526e-02,8.065550808391963589e-01,-3.699279016808777742e-02,1.133017272150919075e-01,-5.109004701477771748e-01,7.863096494353777333e-01,1.000000000000000000e+00,3.104636281829233901e-01,6.925460839456534790e-02,1.275203413636911698e-01,5.369422500893911154e-01,-2.423357612206365475e-01,6.609918031224952806e-01,2.822146065461535458e-01,6.459774896133486655e-01,7.530352454886295455e-01,8.370174040791288073e-02,5.237832668082588183e-01,4.008513351934928082e-01,4.110154181054153644e-01,4.467253977760571315e-01,4.129439366385156407e-01,3.019319182697813853e-01,4.285138554730525962e-01,2.831903575818668917e-01,1.956876034156953270e-01,6.382256888860456945e-01,3.605291436290764540e-01,5.096162113074986788e-01,5.060056537257280329e-01,1.762862682222793298e-01,1.702925579114535071e-01,2.819950059555805244e-01,1.304843137480894699e-01,5.500423342751846745e-01,6.788245250383498908e-01
5.035320137779049077e-01,2.701066632605431117e-01,3.154686682122964658e-01,4.734319468098586309e-02,3.725781843665918469e-01,5.766191565492463367e-01,5.296109333843617151e-01,-5.280016377664578098e-01,4.130334627191925012e-01,3.104636281829233901e-01,1.000000000000000000e+00,6.663181816560628246e-01,5.037839479245891372e-01,6.865005805824992979e-01,4.989770198683781133e-01,6.540950051006302335e-01,7.424798939513002072e-01,4.686636768509829243e-01,1.525806759524855338e-01,6.205868739698002789e-01,-7.822139792693726112e-02,6.321045925532746690e-01,6.253578771992391871e-01,3.628363530315378838e-01,5.730784751206661198e-01,7.899738662029391900e-01,6.585439410586886311e-01,7.376207484432837358e-01,6.143796127205265467e-01,4.121962959926289138e-01,6.005702724115131730e-01,5.414094430642732991e-01,4.250405340774842666e-01,2.226974188814642153e-01,4.388197547794745468e-01,5.639596069076517892e-01,4.507589813422946401e-01,5.839982990552049502e-01,3.039009295040788761e-01
4.435132488382886873e-01,-1.761876499894841075e-01,1.354372166146301792e-01,2.529877031005327570e-01,1.817981912259531152e-01,4.102009780604918276e-01,4.583031516788719784e-01,-4.127386072070363121e-01,1.192882245431947791e-01,6.925460839456534790e-02,6.663181816560628246e-01,1.000000000000000000e+00,6.008689909657619621e-01,5.807631249785757399e-01,7.955261528520128911e-01,5.613365612958592932e-01,6.846451436315664774e-01,3.236103600838673433e-01,7.530401934762431804e-02,8.028066518516305816e-01,-1.982833581825600155e-01,6.264137422673551336e-01,6.622415196702614582e-01,3.248524280957394428e-01,6.817313662394337559e-01,7.216613881033633326e-01,5.558052477333255137e-01,7.670209273152071017e-01,4.982524572964250886e-01,8.225295223765313746e-02,6.444936610531832866e-01,4.257136964699669845e-01,3.791883338292381667e-01,2.990233509424383707e-01,4.327888439793735054e-01,5.771449400164861965e-01,4.095547753943781233e-01,6.309979791950296457e-01,2.087378504443892779e-01
5.051129245998954298e-01,4.018111802735934573e-02,8.691139573288549081e-02,2.449719441331656422e-01,1.208697094621609958e-01,3.402072263858219037e-01,4.752107084784022439e-01,-2.087626590270647564e-01,1.236605686076186345e-01,1.275203413636911698e-01,5.037839479245891372e-01,6.008689909657619621e-01,1.000000000000000000e+00,4.935755910645413524e-01,5.206779164715081842e-01,5.162090542998810649e-01,5.513157974850040333e-01,2.511336544985758867e-01,1.097543163293588919e-01,5.596382459023839795e-01,-5.307830062896760903e-02,4.642236164964043121e-01,5.898463812758715230e-01,4.346527757219841859e-01,5.848433810260644794e-01,5.629804811752560090e-01,6.019763998759319890e-01,6.070072542968018015e-01,4.406128316255378263e-01,2.833310718776827636e-02,6.056176497512404389e-01,4.648890363271734882e-01,3.818251974231262058e-01,7.623715706401260062e-02,5.724460107924439489e-01,6.109833363715889698e-01,4.211094684456737069e-01,4.024117730143419447e-01,2.635289907155335953e-01
6.778224018752223579e-01,3.791088635738604218e-01,5.482433691985758584e-01,2.076067016062421375e-02,6.505723039532830265e-01,3.183500283493347349e-01,3.630360566295007252e-01,-5.749168697774661441e-01,6.461384039369016952e-01,5.369422500893911154e-01,6.865005805824992979e-01,5.807631249785757399e-01,4.935755910645413524e-01,1.000000000000000000e+00,3.352215114678269714e-01,7.111777895738311539e-01,6.484291908177621799e-01,5.620472949838312138e-01,4.318284575415701210e-01,5.371197938099218083e-01,2.578326808862402286e-01,6.462901455554891372e-01,7.744414193721642636e-01,6.190033051946282061e-01,7.278764571497571279e-01,6.752948412480662688e-01,6.843209668415460856e-01,6.761078777338873635e-01,6.309697814271805205e-01,4.791244058759716040e-01,6.008428532854478421e-01,6.610761089376656630e-01,6.338628571961029134e-01,2.993088700305976402e-01,4.694556559828872988e-01,5.701465642898833064e-01,4.243237101554008794e-01,6.619473670689701716e-01,4.451568302507009633e-01
1.327971912853692926e-01,-4.020356061035317286e-01,-1.281080716735939207e-01,1.011653446957931635e-01,-8.527037919100854957e-02,3.697118120343644287e-01,4.200460735853580041e-01,-2.423025323308027890e-01,-2.234704322725341863e-01,-2.423357612206365475e-01,4.989770198683781133e-01,7.955261528520128911e-01,5.206779164715081842e-01,3.352215114678269714e-01,1.000000000000000000e+00,2.587409618717631532e-01,5.074306313181808914e-01,-3.837230405617000906e-02,-1.734754623848586419e-01,6.723619557500042365e-01,-3.425212730700529784e-01,4.206927634889968126e-01,4.191368658401375957e-01,1.348475413958994951e-01,4.467844351473237441e-01,5.695988325780299011e-01,3.724858189414488319e-01,5.876180809073581202e-01,3.386406309474994658e-01,-1.691265620169991601e-01,4.802181387214787822e-01,1.710731463462477897e-01,2.015447961952547828e-01,3.273862450310866534e-01,2.880079371556182877e-01,3.862063449232981394e-01,2.910224902273223502e-01,3.611338186144349982e-01,-1.092600349345837080e-01
7.421509582321893506e-01,3.812619432849148060e-01,5.682178182246738762e-01,9.069204093824571877e-02,6.279437905800336894e-01,3.713901548982371792e-01,4.104611517126188769e-01,-5.993447203461504946e-01,6.162651054736371092e-01,6.609918031224952806e-01,6.540950051006302335e-01,5.613365612958592932e-01,5.162090542998810649e-01,7.111777895738311539e-01,2.587409618717631532e-01,1.000000000000000000e+00,6.154613142338231091e-01,7.130659552822012914e-01,4.343977516699468189e-01,5.616380626058071757e-01,2.619922684227185550e-01,7.055427097627557931e-01,7.154900636203088693e-01,5.191742739184723732e-01,6.811583039900631631e-01,7.248640399813628399e-01,6.665228963434018938e-01,7.428811941056652213e-01,4.103238300210916845e-01,5.467070211212617936e-01,7.029975185804971938e-01,6.199179104608198987e-01,6.294037932572946747e-01,1.431630854583776369e-01,4.656050714100848920e-01,6.959578718147553245e-01,3.923845659989013135e-01,6.911703014957296665e-01,5.308607150820928711e-01
5.741431734186412950e-01,1.541179578497310909e-01,3.143346682364227540e-01,9.221967861082060181e-02,3.431841149706567062e-01,4.423095230152830348e-01,5.384600959619737504e-01,-4.639454829739702579e-01,3.177961363410617412e-01,2.822146065461535458e-01,7.424798939513002072e-01,6.846451436315664774e-01,5.513157974850040333e-01,6.484291908177621799e-01,5.074306313181808914e-01,6.154613142338231091e-01,1.000000000000000000e+00,4.517443517239623785e-01,2.351280379470127302e-01,6.192578083870511341e-01,1.737830688069692472e-02,6.385423303925801264e-01,6.683801441014701750e-01,4.169385924365966445e-01,6.827303088925389396e-01,6.780365647784956096e-01,6.648022602882380783e-01,6.955041034385754939e-01,6.695920843559519664e-01,2.721332657523453658e-01,5.961174741969796909e-01,6.042057369481497187e-01,4.745058718686534505e-01,1.944010988377010141e-01,4.794170137078691551e-01,6.244662816767951874e-01,4.572564155817896991e-01,6.147059919107045189e-01,3.597247655222716167e-01
6.313447386738844092e-01,3.906881382667036773e-01,5.297459264441546356e-01,2.654072033784131146e-01,6.494725897739043186e-01,2.933272363915162551e-01,3.182112797477016364e-01,-4.472799554009017631e-01,6.320525503701730496e-01,6.459774896133486655e-01,4.686636768509829243e-01,3.236103600838673433e-01,2.511336544985758867e-01,5.620472949838312138e-01,-3.837230405617000906e-02,7.130659552822012914e-01,4.517443517239623785e-01,1.000000000000000000e+00,6.123057330410569543e-01,3.355428783114607905e-01,2.773101157464401001e-01,3.894317567963392346e-01,5.411769699617453577e-01,4.252803964446759122e-01,5.608645890119959843e-01,5.252187185522465551e-01,4.485728932928167989e-01,5.092296873555065551e-01,3.755512359586989923e-01,4.332568812322458163e-01,4.719649415141157212e-01,4.567488820673575312e-01,4.348457174792197955e-01,-1.254235065094507773e-01,4.446943467580015685e-01,4.415547683362943676e-01,4.040960830968631234e-01,6.122411235805552687e-01,4.378676649141398647e-01
6.170955882531841130e-01,3.443517402595709376e-01,5.224065029986073583e-01,1.008705046968325220e-01,6.742405628716999777e-01,-1.977647896420938189e-01,1.205813897579100374e-01,-3.788088653945215767e-01,5.777202107205937631e-01,7.530352454886295455e-01,1.525806759524855338e-01,7.530401934762431804e-02,1.097543163293588919e-01,4.318284575415701210e-01,-1.734754623848586419e-01,4.343977516699468189e-01,2.351280379470127302e-01,6.123057330410569543e-01,1.000000000000000000e+00,9.578260305966213028e-02,4.985850243793497061e-01,2.542166970047574637e-01,3.630173375268295199e-01,4.365387883928336654e-01,4.846819944217124476e-01,1.306813616793470190e-01,3.131727292684450825e-01,1.590720297180657772e-01,2.506294203352814609e-01,2.709090537122036402e-01,2.343527495968233398e-01,3.994123289349503780e-01,3.657768327469448910e-01,3.255333243345629596e-02,2.184682238319396730e-01,1.640673404777030775e-01,1.402089061121221669e-01,5.809249093826093224e-01,6.015743659135621701e-01
5.203718916352978452e-01,2.948638163856718945e-03,1.892214110554205075e-01,3.168609546988111481e-01,1.950097874951560173e-01,4.580661366501579956e-01,4.928169462613357643e-01,-4.455971144167147902e-01,2.041699413124915818e-01,8.370174040791288073e-02,6.205868739698002789e-01,8.028066518516305816e-01,5.596382459023839795e-01,5.371197938099218083e-01,6.723619557500042365e-01,5.616380626058071757e-01,6.192578083870511341e-01,3.355428783114607905e-01,9.578260305966213028e-02,1.000000000000000000e+00,-1.329811555968979375e-01,6.987783754613927645e-01,6.919352570253878287e-01,3.505310438850269827e-01,6.892381349813103686e-01,7.104738269886214930e-01,5.868130451136318593e-01,7.964401649525219007e-01,5.447619013600667470e-01,9.063980226995783929e-02,6.757464150588280427e-01,3.911889633487647400e-01,3.967301763411933413e-01,1.508535456589040202e-01,5.149183892081364844e-01,6.899998195112929666e-01,4.627449300514165365e-01,5.680955414234868384e-01,2.315101370558188543e-01
4.773960856404422803e-01,3.392557898707692643e-01,7.279010798789297132e-01,-2.632549453200777045e-01,6.475806780479809177e-01,-2.546371215076030925e-01,-2.151217874181583223e-01,-4.134044310794411925e-01,4.604368008727839912e-01,5.237832668082588183e-01,-7.822139792693726112e-02,-1.982833581825600155e-01,-5.307830062896760903e-02,2.578326808862402286e-01,-3.425212730700529784e-01,2.619922684227185550e-01,1.737830688069692472e-02,2.773101157464401001e-01,4.985850243793497061e-01,-1.329811555968979375e-01,1.000000000000000000e+00,3.608349931745971628e-01,1.429512085292909962e-01,2.327117797664818299e-01,2.244681762155861793e-01,-4.261568465550508167e-02,1.857430137042726248e-01,4.651830630388677223e-02,4.504509865315294709e-02,2.003847894603172364e-01,5.849284425493252171e-02,2.419717806914088998e-01,6.493526134472321631e-01,1.292658619857799396e-01,1.195905165724109320e-02,1.554884056110965307e-01,-8.911731258710797743e-02,1.999213635287212520e-01,3.411239036712583328e-01
6.980899622131283566e-01,2.255348937421878808e-01,6.001960797778057577e-01,2.108828334641001806e-02,5.380183566536334006e-01,2.849047243706794297e-01,3.686656541458898095e-01,-6.999505862622225072e-01,4.699089865882360439e-01,4.008513351934928082e-01,6.321045925532746690e-01,6.264137422673551336e-01,4.642236164964043121e-01,6.462901455554891372e-01,4.206927634889968126e-01,7.055427097627557931e-01,6.385423303925801264e-01,3.894317567963392346e-01,2.542166970047574637e-01,6.987783754613927645e-01,3.608349931745971628e-01,1.000000000000000000e+00,6.768287758730402448e-01,3.715972953951087732e-01,6.714488192590134519e-01,6.317909630115501329e-01,6.402030525011271900e-01,7.203435218432375775e-01,4.380796148833953074e-01,3.475754477516243557e-01,6.192834660903270283e-01,4.920080118870880370e-01,7.126118944291537360e-01,3.750662365933066233e-01,3.122751862070754503e-01,6.945179745314361552e-01,2.382166902282261134e-01,6.458498607138482006e-01,4.391489481649427096e-01
7.011544913261810175e-01,1.874521834183117130e-01,4.252475107550764966e-01,2.168213687415230795e-01,4.880217990435411490e-01,3.215604931375865005e-01,4.401402637757322323e-01,-4.860842588508205164e-01,4.595321424923333176e-01,4.110154181054153644e-01,6.253578771992391871e-01,6.622415196702614582e-01,5.898463812758715230e-01,7.744414193721642636e-01,4.191368658401375957e-01,7.154900636203088693e-01,6.683801441014701750e-01,5.411769699617453577e-01,3.630173375268295199e-01,6.919352570253878287e-01,1.429512085292909962e-01,6.768287758730402448e-01,1.000000000000000000e+00,6.209949702863682974e-01,8.578550143281196139e-01,7.000020172045048339e-01,6.860465852322380487e-01,7.537785049240425250e-01,5.683407471496257912e-01,2.960414015857384951e-01,7.040686197455386930e-01,5.943318153155197070e-01,5.403316244934462942e-01,1.806070033602532598e-01,5.077512279882089308e-01,6.805184306542284567e-01,4.121592836714332297e-01,6.565658792431156021e-01,4.289364965714862477e-01
5.949904314566922814e-01,3.011437585501583469e-01,4.237761025183725550e-01,5.034563111967740173e-02,4.723882195102444559e-01,9.296812888349449688e-02,2.475970925445006854e-01,-4.451524170221863863e-01,4.862424020158586657e-01,4.467253977760571315e-01,3.628363530315378838e-01,3.248524280957394428e-01,4.346527757219841859e-01,6.190033051946282061e-01,1.348475413958994951e-01,5.191742739184723732e-01,4.169385924365966445e-01,4.252803964446759122e-01,4.365387883928336654e-01,3.505310438850269827e-01,2.327117797664818299e-01,3.715972953951087732e-01,6.209949702863682974e-01,1.000000000000000000e+00,5.808066523937691628e-01,4.535706661303419707e-01,6.091008784837371737e-01,4.755332438784443672e-01,4.571464127998242644e-01,2.767380685730155276e-01,5.470809975119693691e-01,5.681406795171299873e-01,4.652572880589042614e-01,1.005394708278589261e-01,4.798137060485201943e-01,4.505744014345674509e-01,3.920342316849906306e-01,4.996303543045448881e-01,4.864169318813342247e-01
7.435731611287526022e-01,5.300613369308292133e-02,4.271293565030534478e-01,2.632037805886892068e-01,5.231022855849900566e-01,2.153383635880106450e-01,4.051949731637900509e-01,-4.917216741983603812e-01,3.936533762167900297e-01,4.129439366385156407e-01,5.730784751206661198e-01,6.817313662394337559e-01,5.848433810260644794e-01,7.278764571497571279e-01,4.467844351473237441e-01,6.811583039900631631e-01,6.827303088925389396e-01,5.608645890119959843e-01,4.846819944217124476e-01,6.892381349813103686e-01,2.244681762155861793e-01,6.714488192590134519e-01,8.578550143281196139e-01,5.808066523937691628e-01,1.000000000000000000e+00,6.324636968706385254e-01,6.627107344202041173e-01,7.058246738077735838e-01,5.393985937177523393e-01,1.271315108760101842e-01,6.930871776191550593e-01,5.886013225428925466e-01,5.666299836337947982e-01,2.525554371205713244e-01,4.917772186808408996e-01,6.496035706706255741e-01,3.791585022681336348e-01,7.224066723026619785e-01,4.682755011372189413e-01
5.276232500319331109e-01,2.136527707882294180e-01,3.000201789780485018e-01,1.074407843563128379e-01,3.837521830819483060e-01,6.348314210021679393e-01,5.082588305102119230e-01,-5.061140133561919940e-01,3.748196789344717117e-01,3.019319182697813853e-01,7.899738662029391900e-01,7.216613881033633326e-01,5.629804811752560090e-01,6.752948412480662688e-01,5.695988325780299011e-01,7.248640399813628399e-01,6.780365647784956096e-01,5.252187185522465551e-01,1.306813616793470190e-01,7.104738269886214930e-01,-4.261568465550508167e-02,6.317909630115501329e-01,7.000020172045048339e-01,4.535706661303419707e-01,6.324636968706385254e-01,1.000000000000000000e+00,7.578774114117110550e-01,8.816391568118577826e-01,5.856321712860254047e-01,3.407656118140169332e-01,7.543643224035558870e-01,5.705487458611362417e-01,5.086109783211438806e-01,1.499825563682540830e-01,5.820831399088289837e-01,6.968201566121298152e-01,5.935404659515242098e-01,5.842904668565424009e-01,2.267446033683821749e-01
7.272310623606081936e-01,3.351101840779933672e-01,4.414712428390312748e-01,-6.146684873602414716e-03,4.773528278186032758e-01,3.647294954061641170e-01,3.461165368381452501e-01,-5.904673877847689267e-01,4.481831795719856126e-01,4.285138554730525962e-01,6.585439410586886311e-01,5.558052477333255137e-01,6.019763998759319890e-01,6.843209668415460856e-01,3.724858189414488319e-01,6.665228963434018938e-01,6.648022602882380783e-01,4.485728932928167989e-01,3.131727292684450825e-01,5.868130451136318593e-01,1.857430137042726248e-01,6.402030525011271900e-01,6.860465852322380487e-01,6.091008784837371737e-01,6.627107344202041173e-01,7.578774114117110550e-01,1.000000000000000000e+00,7.202496314276505274e-01,6.089273205660891142e-01,2.562627867430415929e-01,7.079859217357247214e-01,7.303741450806535696e-01,6.330583355009337110e-01,1.097290419902727104e-01,6.026657269620533386e-01,7.362520116066563203e-01,4.879366742643057586e-01,5.538831097531317083e-01,4.930301165180689948e-01
6.056234279163151824e-01,1.548488712555967928e-01,3.637079795078094757e-01,1.226780206255123212e-01,3.704872735703596542e-01,5.767392839203924204e-01,5.234020116440682990e-01,-5.185918886057809818e-01,3.537254406063498058e-01,2.831903575818668917e-01,7.376207484432837358e-01,7.670209273152071017e-01,6.070072542968018015e-01,6.761078777338873635e-01,5.876180809073581202e-01,7.428811941056652213e-01,6.955041034385754939e-01,5.092296873555065551e-01,1.590720297180657772e-01,7.964401649525219007e-01,4.651830630388677223e-02,7.203435218432375775e-01,7.537785049240425250e-01,4.755332438784443672e-01,7.058246738077735838e-01,8.816391568118577826e-01,7.202496314276505274e-01,1.000000000000000000e+00,5.834854142106602470e-01,2.744482127668516624e-01,8.099423686859044125e-01,5.660493709433901399e-01,5.955946360902872883e-01,1.553226484562282017e-01,5.723955392696765676e-01,7.601521508278757944e-01,5.391532898540327690e-01,6.074082699720257938e-01,2.293953158209111054e-01
5.074290523531042041e-01,3.218602654786966166e-01,2.879855346902985835e-01,1.395814253514840730e-01,3.030386537496094768e-01,4.089418047121056166e-01,3.789825187838140597e-01,-3.640308824518718733e-01,3.729316303012342737e-01,1.956876034156953270e-01,6.143796127205265467e-01,4.982524572964250886e-01,4.406128316255378263e-01,6.309697814271805205e-01,3.386406309474994658e-01,4.103238300210916845e-01,6.695920843559519664e-01,3.755512359586989923e-01,2.506294203352814609e-01,5.447619013600667470e-01,4.504509865315294709e-02,4.380796148833953074e-01,5.683407471496257912e-01,4.571464127998242644e-01,5.393985937177523393e-01,5.856321712860254047e-01,6.089273205660891142e-01,5.834854142106602470e-01,1.000000000000000000e+00,1.688038084761053770e-01,4.943062393379920039e-01,6.846328318989994832e-01,4.266583676769775679e-01,-8.748503227337330089e-04,6.525332227109399419e-01,5.631191241263622249e-01,6.857119705368640572e-01,4.179184828113708394e-01,2.782595510435273423e-01
3.173607489647065072e-01,6.721627960236358224e-01,5.017417197668225803e-01,-1.550931803659244546e-01,5.299469952708198983e-01,2.804686654915254373e-01,2.093973636943408656e-01,-4.126110858214274146e-01,7.447303044854803877e-01,6.382256888860456945e-01,4.121962959926289138e-01,8.225295223765313746e-02,2.833310718776827636e-02,4.791244058759716040e-01,-1.691265620169991601e-01,5.467070211212617936e-01,2.721332657523453658e-01,4.332568812322458163e-01,2.709090537122036402e-01,9.063980226995783929e-02,2.003847894603172364e-01,3.475754477516243557e-01,2.960414015857384951e-01,2.767380685730155276e-01,1.271315108760101842e-01,3.407656118140169332e-01,2.562627867430415929e-01,2.744482127668516624e-01,1.688038084761053770e-01,1.000000000000000000e+00,1.745591472017179735e-01,3.159646169580033748e-01,2.717798023658286044e-01,1.588781091779603583e-01,1.068727858850667400e-01,1.984117653753469379e-01,1.693243050739128563e-01,3.870662394376507276e-01,4.059669359373728192e-01
5.859219680895251248e-01,9.351875556590802385e-02,3.282592598185221644e-01,1.387645231801889201e-01,3.576664938026974938e-01,4.708084612100330024e-01,4.526390032627448101e-01,-4.485519252552502278e-01,2.728747402901974817e-01,3.605291436290764540e-01,6.005702724115131730e-01,6.444936610531832866e-01,6.056176497512404389e-01,6.008428532854478421e-01,4.802181387214787822e-01,7.029975185804971938e-01,5.961174741969796909e-01,4.719649415141157212e-01,2.343527495968233398e-01,6.757464150588280427e-01,5.849284425493252171e-02,6.192834660903270283e-01,7.040686197455386930e-01,5.470809975119693691e-01,6.930871776191550593e-01,7.543643224035558870e-01,7.079859217357247214e-01,8.099423686859044125e-01,4.943062393379920039e-01,1.745591472017179735e-01,1.000000000000000000e+00,6.125438765523916196e-01,5.500089866654568338e-01,7.551321385604435610e-02,5.531726237271212820e-01,7.694924358671106912e-01,4.808803613222346063e-01,4.763554523669557561e-01,2.505842558035409340e-01
6.533675020809202039e-01,3.895391541594647733e-01,4.691176833949328717e-01,-4.021782314223026206e-02,5.082225749355617772e-01,2.757365950566899038e-01,1.708907164340697504e-01,-4.680258631055812524e-01,5.295332619404994334e-01,5.096162113074986788e-01,5.414094430642732991e-01,4.257136964699669845e-01,4.648890363271734882e-01,6.610761089376656630e-01,1.710731463462477897e-01,6.199179104608198987e-01,6.042057369481497187e-01,4.567488820673575312e-01,3.994123289349503780e-01,3.911889633487647400e-01,2.419717806914088998e-01,4.920080118870880370e-01,5.943318153155197070e-01,5.681406795171299873e-01,5.886013225428925466e-01,5.705487458611362417e-01,7.303741450806535696e-01,5.660493709433901399e-01,6.846328318989994832e-01,3.159646169580033748e-01,6.125438765523916196e-01,1.000000000000000000e+00,5.822641120393846625e-01,8.759549343132548571e-02,5.947948972553022129e-01,6.122402109757809630e-01,5.580352335925550245e-01,4.515235222749551802e-01,5.248832692008711387e-01
7.063182885575763903e-01,3.014061886545906233e-01,7.925569808283916551e-01,-1.835938686241795625e-01,6.990160188966231258e-01,1.563237583998397795e-01,7.398088586503304143e-02,-7.388769479699399678e-01,5.250215715937145422e-01,5.060056537257280329e-01,4.250405340774842666e-01,3.791883338292381667e-01,3.818251974231262058e-01,6.338628571961029134e-01,2.015447961952547828e-01,6.294037932572946747e-01,4.745058718686534505e-01,4.348457174792197955e-01,3.657768327469448910e-01,3.967301763411933413e-01,6.493526134472321631e-01,7.126118944291537360e-01,5.403316244934462942e-01,4.652572880589042614e-01,5.666299836337947982e-01,5.086109783211438806e-01,6.330583355009337110e-01,5.955946360902872883e-01,4.266583676769775679e-01,2.717798023658286044e-01,5.500089866654568338e-01,5.822641120393846625e-01,1.000000000000000000e+00,2.469429808372869684e-01,3.744985739748281084e-01,6.164884275378482714e-01,2.764136653019010903e-01,4.689042511479610820e-01,3.915860806585600984e-01
1.612867640575790795e-01,-8.619976776235559190e-02,2.191243541006385742e-01,-1.932671297421607592e-01,3.261537761129675861e-01,-2.278390428782463839e-01,1.745941815183658626e-03,-3.293750501425117827e-01,1.963118341889715512e-01,1.762862682222793298e-01,2.226974188814642153e-01,2.990233509424383707e-01,7.623715706401260062e-02,2.993088700305976402e-01,3.273862450310866534e-01,1.431630854583776369e-01,1.944010988377010141e-01,-1.254235065094507773e-01,3.255333243345629596e-02,1.508535456589040202e-01,1.292658619857799396e-01,3.750662365933066233e-01,1.806070033602532598e-01,1.005394708278589261e-01,2.525554371205713244e-01,1.499825563682540830e-01,1.097290419902727104e-01,1.553226484562282017e-01,-8.748503227337330089e-04,1.588781091779603583e-01,7.551321385604435610e-02,8.759549343132548571e-02,2.469429808372869684e-01,1.000000000000000000e+00,-2.701832961351781082e-01,-6.637478844481546625e-02,-1.881938281202681362e-01,3.779889801079064360e-01,2.337336757713530944e-01
4.475231487804496311e-01,2.604693179051789653e-01,2.138587149544946830e-01,2.920229418977034475e-01,1.887510126964358215e-01,5.179179583552454558e-01,3.878682555752244188e-01,-2.385583084002047827e-01,2.898726780404486392e-01,1.702925579114535071e-01,4.388197547794745468e-01,4.327888439793735054e-01,5.724460107924439489e-01,4.694556559828872988e-01,2.880079371556182877e-01,4.656050714100848920e-01,4.794170137078691551e-01,4.446943467580015685e-01,2.184682238319396730e-01,5.149183892081364844e-01,1.195905165724109320e-02,3.122751862070754503e-01,5.077512279882089308e-01,4.798137060485201943e-01,4.917772186808408996e-01,5.820831399088289837e-01,6.026657269620533386e-01,5.723955392696765676e-01,6.525332227109399419e-01,1.068727858850667400e-01,5.531726237271212820e-01,5.947948972553022129e-01,3.744985739748281084e-01,-2.701832961351781082e-01,1.000000000000000000e+00,6.118008551407512208e-01,8.378659982986158550e-01,3.185771500144395363e-01,1.849040638224598021e-01
6.336045537776190395e-01,2.351574485904832368e-01,3.914423187127937798e-01,1.408082753425934919e-01,3.025047297876962138e-01,4.894076394846305078e-01,3.672310622590708729e-01,-4.975995346246281925e-01,2.986632665949244259e-01,2.819950059555805244e-01,5.639596069076517892e-01,5.771449400164861965e-01,6.109833363715889698e-01,5.701465642898833064e-01,3.862063449232981394e-01,6.959578718147553245e-01,6.244662816767951874e-01,4.415547683362943676e-01,1.640673404777030775e-01,6.899998195112929666e-01,1.554884056110965307e-01,6.945179745314361552e-01,6.805184306542284567e-01,4.505744014345674509e-01,6.496035706706255741e-01,6.968201566121298152e-01,7.362520116066563203e-01,7.601521508278757944e-01,5.631191241263622249e-01,1.984117653753469379e-01,7.694924358671106912e-01,6.122402109757809630e-01,6.164884275378482714e-01,-6.637478844481546625e-02,6.118008551407512208e-01,1.000000000000000000e+00,5.111180596245389340e-01,4.232043646452101626e-01,3.089824096926911956e-01
3.004509025194635474e-01,2.946314213221919998e-01,1.387412127948996765e-01,2.831132384086124110e-01,1.387819391069645136e-01,5.433574388819560896e-01,4.159278652905449847e-01,-1.886015394711179349e-01,2.649339101185325673e-01,1.304843137480894699e-01,4.507589813422946401e-01,4.095547753943781233e-01,4.211094684456737069e-01,4.243237101554008794e-01,2.910224902273223502e-01,3.923845659989013135e-01,4.572564155817896991e-01,4.040960830968631234e-01,1.402089061121221669e-01,4.627449300514165365e-01,-8.911731258710797743e-02,2.382166902282261134e-01,4.121592836714332297e-01,3.920342316849906306e-01,3.791585022681336348e-01,5.935404659515242098e-01,4.879366742643057586e-01,5.391532898540327690e-01,6.857119705368640572e-01,1.693243050739128563e-01,4.808803613222346063e-01,5.580352335925550245e-01,2.764136653019010903e-01,-1.881938281202681362e-01,8.378659982986158550e-01,5.111180596245389340e-01,1.000000000000000000e+00,2.899670362869248841e-01,9.340757372355558419e-02
7.135287499922988719e-01,2.067358873367315941e-01,4.747801871226412507e-01,1.548771404023982501e-01,6.097991441197779805e-01,1.137047119499058762e-01,4.421818063554482925e-01,-5.910453359882662516e-01,5.660885641492122700e-01,5.500423342751846745e-01,5.839982990552049502e-01,6.309979791950296457e-01,4.024117730143419447e-01,6.619473670689701716e-01,3.611338186144349982e-01,6.911703014957296665e-01,6.147059919107045189e-01,6.122411235805552687e-01,5.809249093826093224e-01,5.680955414234868384e-01,1.999213635287212520e-01,6.458498607138482006e-01,6.565658792431156021e-01,4.996303543045448881e-01,7.224066723026619785e-01,5.842904668565424009e-01,5.538831097531317083e-01,6.074082699720257938e-01,4.179184828113708394e-01,3.870662394376507276e-01,4.763554523669557561e-01,4.515235222749551802e-01,4.689042511479610820e-01,3.779889801079064360e-01,3.185771500144395363e-01,4.232043646452101626e-01,2.899670362869248841e-01,1.000000000000000000e+00,6.001960805227936069e-01
7.284452014892234262e-01,4.644676247351923748e-01,5.475484201051709077e-01,-3.240842044988397411e-03,6.212454436856086337e-01,-1.894356983098113567e-01,1.697661019423530454e-02,-5.356452370219936254e-01,6.332648758065640981e-01,6.788245250383498908e-01,3.039009295040788761e-01,2.087378504443892779e-01,2.635289907155335953e-01,4.451568302507009633e-01,-1.092600349345837080e-01,5.308607150820928711e-01,3.597247655222716167e-01,4.378676649141398647e-01,6.015743659135621701e-01,2.315101370558188543e-01,3.411239036712583328e-01,4.391489481649427096e-01,4.289364965714862477e-01,4.864169318813342247e-01,4.682755011372189413e-01,2.267446033683821749e-01,4.930301165180689948e-01,2.293953158209111054e-01,2.782595510435273423e-01,4.059669359373728192e-01,2.505842558035409340e-01,5.248832692008711387e-01,3.915860806585600984e-01,2.337336757713530944e-01,1.849040638224598021e-01,3.089824096926911956e-01,9.340757372355558419e-02,6.001960805227936069e-01,1.000000000000000000e+00
