1.000000000000000000e+00,4.135562191537937027e-01,3.081399408827094621e-01,1.847753401138593488e-01,4.443540180127630856e-01,-3.779524122821675269e-01,-1.448289913513454118e-02,-2.340361594731921735e-01,5.177130803297326223e-01,6.536064996304435937e-01,-5.369578699605042499e-02,3.422243448705298285e-01,3.120862438337740352e-01,6.065016321447902481e-01,5.437188465632678547e-01,7.611042678070809586e-01,-1.631170826663641826e-01,1.982683548558205333e-01,-4.172860588087198841e-02,2.997591889863454595e-01,1.791268595580647327e-01,1.920709592377063679e-01,2.895045970844837280e-01,4.317025349951728597e-01,5.298927674228417484e-01,7.388320259475191776e-01,1.056167028937516905e-01,4.275728115373024774e-01,5.105354854220562899e-01,7.644018624893050839e-01,-3.527743878795977506e-01,-4.838723564696921775e-01,-3.271877427209347600e-01,4.207709166581115046e-01,1.329158546272829478e-01,2.944654280329476737e-01,6.102100777412414190e-02,5.254964643536992330e-01,1.467795082352791047e-01
4.135562191537937027e-01,1.000000000000000000e+00,2.715867937913058472e-01,-5.230092450199218534e-01,4.294192931492671894e-01,-4.883251305975745971e-01,-1.709154264891250830e-01,-4.395484614034088078e-01,6.388077765321037438e-01,2.261664645377604865e-01,4.291687547519337786e-01,6.225532305433316704e-01,-3.905053715364767974e-01,1.129575764612489458e-01,2.489787636188396103e-01,3.482479079468400185e-01,-2.856790840201033910e-01,-3.164556883593213077e-01,1.334794505412046361e-01,-1.748951553081108945e-01,4.869236350400170665e-01,4.287530313445168662e-01,1.328563183687777038e-01,4.069413057370064313e-01,-1.685586948351437964e-01,1.641869236748378369e-01,3.822697686442799170e-01,4.699975221179323454e-02,-3.403596375519682971e-01,3.534771002346939750e-01,4.685820571173701654e-02,1.737441421619790594e-01,-4.658221325420509595e-01,5.625614079121122879e-01,-5.122618994595101727e-01,3.150264131538174639e-01,-1.159478083643140922e-01,2.767481427002539962e-01,6.497484698129708525e-01
3.081399408827094621e-01,2.715867937913058472e-01,1.000000000000000000e+00,-1.405228492171047561e-01,7.439887779817351277e-01,-1.273981392553310832e-01,2.677899237362416432e-02,-8.878924165116899303e-01,4.629160941830768317e-01,4.116746002232660184e-01,3.061262287516831604e-01,2.451856726036129308e-01,-2.525085937351865817e-01,4.343626935692191382e-01,9.748664099351087020e-02,4.356182893567321357e-01,7.788816715129463775e-02,2.449971024957162125e-01,2.311607397386151452e-01,-3.826693597821981263e-02,5.368320797513285170e-01,4.099831397022479784e-01,2.300036568042542473e-01,4.477663308194614888e-01,1.935941601929453970e-01,4.716297809819967601e-01,5.754519540882800932e-01,6.814465325832350651e-01,3.001761354921396452e-02,4.461845986060857805e-01,2.620833122591205155e-01,8.853051664996812453e-02,1.032024394366707482e-01,4.521040335108189034e-01,-2.685630592315764106e-02,1.612235856165540604e-01,1.849764434966457149e-01,2.099512295056863154e-01,3.357985651553085926e-01
1.847753401138593488e-01,-5.230092450199218534e-01,-1.405228492171047561e-01,1.000000000000000000e+00,-1.739036196174179871e-01,2.155127233720104396e-01,3.772577387074024791e-01,3.551602237927684036e-01,-3.548667047735477587e-01,2.323208456608859551e-01,-4.591560236423018471e-01,-4.246450755396534160e-01,6.184055640366217244e-01,1.920293781878874007e-01,6.333930924566676113e-02,9.439598312398604640e-02,1.526155349559129570e-01,4.385133872300485680e-01,-4.294584586511755731e-02,4.453022790269181574e-01,-4.708870530349986705e-01,-3.337040326061959106e-01,-7.205145716709412777e-03,-1.812233596357037124e-01,5.132019416232793674e-01,2.261007150021883960e-01,-3.152127648081976541e-01,6.536149910361287174e-02,6.080142674716257911e-01,1.738365047736254720e-01,-2.763664814126308711e-01,-4.513446209633591999e-01,1.750862183677149853e-01,-3.620207807299726244e-01,5.354762061346394209e-01,-1.572339110750963290e-02,1.050555989683697317e-01,3.196524611790520914e-02,-5.313904456356540740e-01
4.443540180127630856e-01,4.294192931492671894e-01,7.439887779817351277e-01,-1.739036196174179871e-01,1.000000000000000000e+00,-3.687540480201486059e-01,-4.536951304446382865e-02,-7.644346458296475966e-01,7.146827272954250354e-01,4.252166604048654430e-01,3.418297139766153792e-01,4.688856293454787272e-01,-1.214834886604203579e-01,4.818354666943923115e-01,3.702246755255267363e-01,5.558306819672484966e-01,-1.178443508684737101e-01,2.503359107673598927e-01,3.036580412501281856e-01,-1.842754716833210418e-02,5.763486051489667972e-01,4.305380654155341880e-01,3.333371272153676235e-01,6.422992771976235860e-01,2.274472898920522068e-01,5.767863842929245033e-01,5.621617316749684123e-01,5.527047016624243581e-01,3.323087144929837405e-03,5.241674160520205517e-01,-3.451119959734945397e-02,-6.505528090705425814e-02,-2.389845141085995273e-01,7.003389162594935158e-01,-1.544560850432420140e-01,2.052729620026308432e-01,4.938834857981958676e-02,4.986313857001800076e-01,5.603718744760112225e-01
-3.779524122821675269e-01,-4.883251305975745971e-01,-1.273981392553310832e-01,2.155127233720104396e-01,-3.687540480201486059e-01,1.000000000000000000e+00,1.566869172033766577e-01,2.007138260278301944e-01,-7.043827978249919131e-01,1.764644003912568121e-02,6.777429360696556049e-02,-7.742793451218789036e-01,-1.476589791363368820e-01,-5.398477918726905106e-02,-7.783592453054468674e-01,-4.211660108102813216e-01,7.630388672024768226e-01,1.316461092687895573e-01,-1.927711115686949750e-01,-3.452669549908344293e-01,-6.106692121251541261e-01,-4.145580213831564498e-01,5.419027400011952600e-02,-4.143553176351923439e-01,1.053710102092984546e-01,-3.042349803041648482e-01,3.899621058553748298e-02,1.900128137512643520e-02,2.447374952767985001e-01,-3.816655075673224817e-01,5.755714058389526100e-01,5.089235475115679863e-01,8.097329602963874162e-01,-7.606401071946559123e-01,6.433307280537775563e-01,1.287142016863250249e-01,7.160680027499968237e-01,-7.495680907416987226e-01,-6.650807400323550667e-01
-1.448289913513454118e-02,-1.709154264891250830e-01,2.677899237362416432e-02,3.772577387074024791e-01,-4.536951304446382865e-02,1.566869172033766577e-01,1.000000000000000000e+00,6.057551326496727478e-02,-2.487372622601763117e-01,4.410692413095790992e-03,9.211196882625431737e-02,-3.375694959272932394e-01,1.165343503873544490e-01,-1.345847775188433182e-01,-2.051370861833516079e-01,-8.665261423964905341e-02,2.270566580163914661e-01,1.807751219439136456e-02,-1.592918670651424784e-01,9.254027252667303138e-02,-2.010980519041622172e-01,-1.774068424981646575e-01,-1.586437874889051192e-01,-2.557795741975828485e-01,7.271925809606875901e-02,-2.530511636926526670e-02,-8.342648313796353909e-02,9.010064236366450985e-02,6.190345448958772118e-02,-1.590654974576515349e-03,3.865378279485761487e-02,1.856752614315153316e-02,1.757402955582456350e-01,-2.192877113639571662e-01,1.022999751178669953e-01,9.671858799126739625e-02,5.945631895943438022e-02,-1.717594561818396315e-01,-2.456479795103478081e-01
-2.340361594731921735e-01,-4.395484614034088078e-01,-8.878924165116899303e-01,3.551602237927684036e-01,-7.644346458296475966e-01,2.007138260278301944e-01,6.057551326496727478e-02,1.000000000000000000e+00,-5.616163095282642459e-01,-3.157282883584935362e-01,-4.213743650246680184e-01,-3.627725266714553198e-01,4.131695072410384584e-01,-3.412414271921483944e-01,-8.165399807352656525e-02,-3.795348012768736123e-01,-7.317888826424744433e-03,-1.177551004699225606e-01,-2.647812972518742702e-01,1.892537476522739848e-01,-6.279963846754411660e-01,-4.370704179048187088e-01,-2.304554612234782640e-01,-4.854864544877445787e-01,-3.969888840244324008e-02,-3.682886348587985914e-01,-6.226368112511209141e-01,-5.705579469598885956e-01,1.671299019355407534e-01,-3.794853737291341567e-01,-2.963347935205876138e-01,-2.135514828571326573e-01,1.037395497235979978e-02,-5.418484670211642928e-01,2.108249071351522841e-01,-1.794999809339753449e-01,-1.302119634936841908e-01,-2.094517299886951844e-01,-5.063155020538959716e-01
5.177130803297326223e-01,6.388077765321037438e-01,4.629160941830768317e-01,-3.548667047735477587e-01,7.146827272954250354e-01,-7.043827978249919131e-01,-2.487372622601763117e-01,-5.616163095282642459e-01,1.000000000000000000e+00,3.092868535727817947e-01,2.004562529596831399e-01,7.555364256201383411e-01,-9.117027465090160598e-02,3.574742288226211429e-01,6.492396414717507280e-01,6.365124106022251871e-01,-4.848139092343573542e-01,1.059983707509857681e-01,4.032704189922851623e-01,8.566122173536934448e-02,6.960880859263797182e-01,4.914999219035162126e-01,2.476946574777178500e-01,6.731208949276644704e-01,1.072970217531442061e-01,5.305976845715832946e-01,3.691804772793835232e-01,3.358781406177412943e-01,-1.596189688230986725e-01,5.799558038572509844e-01,-2.832987612468585992e-01,-2.482398565477838270e-01,-6.239223227238172020e-01,8.681049705707544195e-01,-4.607161677218192253e-01,6.010011567234995605e-02,-2.781353970709254386e-01,7.268380539136674034e-01,7.905899174481380021e-01
6.536064996304435937e-01,2.261664645377604865e-01,4.116746002232660184e-01,2.323208456608859551e-01,4.252166604048654430e-01,1.764644003912568121e-02,4.410692413095790992e-03,-3.157282883584935362e-01,3.092868535727817947e-01,1.000000000000000000e+00,1.569864053610099675e-02,7.937936639788968629e-02,1.151305382984739167e-01,6.025958458615972013e-01,1.937425182271284019e-01,7.139240741956249803e-01,1.257376287745247678e-01,3.213136586603245748e-01,1.309911708624850735e-01,2.111299688632830851e-01,9.339474253247441460e-02,1.207632695437485526e-01,4.480578603233364432e-01,3.851298886613603867e-01,6.860374523250162282e-01,6.190449979207495179e-01,3.130040228806906244e-01,5.763297670812339568e-01,5.314770431413494700e-01,7.434061946356576023e-01,1.344981375161061893e-02,-1.754434632869549815e-01,4.506085036361955759e-02,1.909366700922435767e-01,3.752869219350258301e-01,4.009673396788724919e-01,4.289766853653816936e-01,2.448265634203714569e-01,4.512512461881593162e-02
-5.369578699605042499e-02,4.291687547519337786e-01,3.061262287516831604e-01,-4.591560236423018471e-01,3.418297139766153792e-01,6.777429360696556049e-02,9.211196882625431737e-02,-4.213743650246680184e-01,2.004562529596831399e-01,1.569864053610099675e-02,1.000000000000000000e+00,1.049117925617506220e-01,-5.833345364426090196e-01,-2.374517587128463850e-02,-2.951651212305373972e-01,-1.012197302449045350e-01,3.876744947422652854e-01,-2.242285634499443236e-01,3.563849349922346144e-02,-4.241631833943400043e-01,2.380959551226691506e-01,3.703453517179627341e-01,-1.954546444865631200e-02,2.059854846548942742e-01,-2.654113172015675204e-01,-9.220626543257745555e-02,5.537686346015791017e-01,1.301352247144754171e-01,-4.301415225630977890e-01,-7.560383961228830940e-02,4.429457359276283146e-01,6.177227164521609248e-01,1.547036299433098838e-01,1.729557519346971994e-01,-2.729555118160169047e-01,2.467148998179254926e-01,2.304748672480367022e-01,-1.783287505249296356e-01,2.987672732564843336e-01
3.422243448705298285e-01,6.225532305433316704e-01,2.451856726036129308e-01,-4.246450755396534160e-01,4.688856293454787272e-01,-7.742793451218789036e-01,-3.375694959272932394e-01,-3.627725266714553198e-01,7.555364256201383411e-01,7.937936639788968629e-02,1.049117925617506220e-01,1.000000000000000000e+00,-9.642406885012989870e-02,8.299023808619879206e-02,6.792535420081078357e-01,4.587260510480618003e-01,-6.728717271707919112e-01,-2.447194188404410720e-01,1.859911396319883781e-01,2.201960557862173429e-01,7.159060401607550972e-01,5.444666533120361418e-01,1.413205933541194781e-01,4.679656613372866203e-01,-1.596830001990282299e-01,2.672493013479753099e-01,1.508041011838901768e-01,6.928412662307674441e-02,-3.114372395756326295e-01,3.397681005443117797e-01,-3.086986088899325020e-01,-2.617575371571527199e-01,-6.876297961266233383e-01,8.206898523491095165e-01,-5.973989974433168149e-01,2.723704033145992950e-02,-4.951771743018304472e-01,6.443334059121479385e-01,7.684474806948258241e-01
3.120862438337740352e-01,-3.905053715364767974e-01,-2.525085937351865817e-01,6.184055640366217244e-01,-1.214834886604203579e-01,-1.476589791363368820e-01,1.165343503873544490e-01,4.131695072410384584e-01,-9.117027465090160598e-02,1.151305382984739167e-01,-5.833345364426090196e-01,-9.642406885012989870e-02,1.000000000000000000e+00,2.278731578968673233e-01,4.361328002256986136e-01,2.330207353993943298e-01,-2.553668000777147840e-01,2.368466464992188825e-01,-1.381942279546380381e-01,4.951299178901563680e-01,-2.840086771054984305e-01,-2.849910146030201763e-01,1.267070146676601006e-01,-3.684670572111887078e-03,5.030520848899160402e-01,2.963396457430183539e-01,-4.417864010890296678e-01,-1.292757435265317889e-01,5.937149626202935515e-01,2.526248987798965229e-01,-7.184404855839626736e-01,-7.539831489694956979e-01,-2.482436112643544301e-01,-5.547992672102481509e-02,3.431995635998983385e-01,-2.293893567691769955e-02,-2.077285625367240596e-01,3.503733665052993773e-01,-3.162217944979784368e-01
6.065016321447902481e-01,1.129575764612489458e-01,4.343626935692191382e-01,1.920293781878874007e-01,4.818354666943923115e-01,-5.398477918726905106e-02,-1.345847775188433182e-01,-3.412414271921483944e-01,3.574742288226211429e-01,6.025958458615972013e-01,-2.374517587128463850e-02,8.299023808619879206e-02,2.278731578968673233e-01,1.000000000000000000e+00,3.013153929531106612e-01,5.882400790507692490e-01,6.953803454161569531e-02,4.531122909062375026e-01,1.593534497303817354e-01,1.442302457063769916e-01,1.027207018182044324e-01,1.749428114637550657e-01,3.863358146245371438e-01,5.304951007454700163e-01,5.819983479252590630e-01,6.817948920411266434e-01,3.452818142649480282e-01,5.278727762221098185e-01,5.537246423514520233e-01,5.823588251526918835e-01,-1.444808280733069494e-01,-2.809905903268220539e-01,-2.486911306156667709e-02,2.625989812032437642e-01,4.291440022486248673e-01,3.073420875382775752e-01,3.137014484603724562e-01,3.605232481188037075e-01,4.996800570917313278e-02
5.437188465632678547e-01,2.489787636188396103e-01,9.748664099351087020e-02,6.333930924566676113e-02,3.702246755255267363e-01,-7.783592453054468674e-01,-2.051370861833516079e-01,-8.165399807352656525e-02,6.492396414717507280e-01,1.937425182271284019e-01,-2.951651212305373972e-01,6.792535420081078357e-01,4.361328002256986136e-01,3.013153929531106612e-01,1.000000000000000000e+00,6.232776025051400826e-01,-6.992545675679262551e-01,1.340483806103426601e-01,2.042628975474794772e-01,5.519254931593738922e-01,4.635411808627313834e-01,2.931427892052169137e-01,1.750891527847774909e-01,4.720470911027021543e-01,2.448401526372845083e-01,5.502127414016982909e-01,-1.127315375435864464e-01,1.144019623545731723e-01,1.643759370471668535e-01,5.159866367720892244e-01,-7.134699603092364839e-01,-7.517061692615343294e-01,-7.398046715706314558e-01,6.899703403750306885e-01,-2.668789878737681809e-01,-5.127644947015725513e-02,-5.204405895466206466e-01,8.713948332424663601e-01,4.802612625839847160e-01
7.611042678070809586e-01,3.482479079468400185e-01,4.356182893567321357e-01,9.439598312398604640e-02,5.558306819672484966e-01,-4.211660108102813216e-01,-8.665261423964905341e-02,-3.795348012768736123e-01,6.365124106022251871e-01,7.139240741956249803e-01,-1.012197302449045350e-01,4.587260510480618003e-01,2.330207353993943298e-01,5.882400790507692490e-01,6.232776025051400826e-01,1.000000000000000000e+00,-2.884211483633281614e-01,2.736026545709354107e-01,2.034676712949172184e-01,3.479841832104503263e-01,3.954772415046410861e-01,2.930765915337499306e-01,4.296878363096751641e-01,5.149947593528588774e-01,5.956517214003199667e-01,7.673326810804730336e-01,2.300135134238658619e-01,5.294682370988536002e-01,4.103206573127170520e-01,8.114083709373515196e-01,-3.196282904232613520e-01,-4.870057566958623241e-01,-3.889040153094889263e-01,5.557456858856439919e-01,8.867407107110034103e-02,2.356530512897577478e-01,3.591698693231984429e-02,6.625317712883664889e-01,3.548019144667486913e-01
-1.631170826663641826e-01,-2.856790840201033910e-01,7.788816715129463775e-02,1.526155349559129570e-01,-1.178443508684737101e-01,7.630388672024768226e-01,2.270566580163914661e-01,-7.317888826424744433e-03,-4.848139092343573542e-01,1.257376287745247678e-01,3.876744947422652854e-01,-6.728717271707919112e-01,-2.553668000777147840e-01,6.953803454161569531e-02,-6.992545675679262551e-01,-2.884211483633281614e-01,1.000000000000000000e+00,2.266787449518121444e-01,-1.323897502860069408e-01,-3.842952464040707561e-01,-4.544086188444456109e-01,-1.895878244546181923e-01,-8.807599269842476819e-02,-2.378243911043219361e-01,1.130419718016532626e-01,-8.535668634734745741e-02,2.473363868642575736e-01,2.437329348907897042e-01,1.827570958753714503e-01,-2.138751710776390369e-01,6.107691736284239781e-01,5.447723616694372106e-01,7.812172463623814345e-01,-5.871605156326149544e-01,5.204188544305299313e-01,1.225296237226370932e-01,7.169514697883463406e-01,-6.217589523835129750e-01,-5.326997196133533841e-01
1.982683548558205333e-01,-3.164556883593213077e-01,2.449971024957162125e-01,4.385133872300485680e-01,2.503359107673598927e-01,1.316461092687895573e-01,1.807751219439136456e-02,-1.177551004699225606e-01,1.059983707509857681e-01,3.213136586603245748e-01,-2.242285634499443236e-01,-2.447194188404410720e-01,2.368466464992188825e-01,4.531122909062375026e-01,1.340483806103426601e-01,2.736026545709354107e-01,2.266787449518121444e-01,1.000000000000000000e+00,5.254990012388447429e-01,1.626054282280760266e-01,-1.088582052435343034e-01,-1.072420898262078787e-01,1.057248707374257718e-01,2.474052093898638782e-01,5.435151621143746725e-01,5.067946898802687672e-01,1.965303529152970241e-01,4.676418505270392156e-01,4.365664160960316398e-01,2.760292727762878595e-01,-5.262589378520200756e-02,-2.554984583682864963e-01,1.471539569549081827e-01,-4.945270234838184537e-02,4.188387342606438857e-01,-1.657774088518771671e-01,2.526962414383416844e-01,2.613541002417376635e-01,-9.118411759196981548e-02
-4.172860588087198841e-02,1.334794505412046361e-01,2.311607397386151452e-01,-4.294584586511755731e-02,3.036580412501281856e-01,-1.927711115686949750e-01,-1.592918670651424784e-01,-2.647812972518742702e-01,4.032704189922851623e-01,1.309911708624850735e-01,3.563849349922346144e-02,1.859911396319883781e-01,-1.381942279546380381e-01,1.593534497303817354e-01,2.042628975474794772e-01,2.034676712949172184e-01,-1.323897502860069408e-01,5.254990012388447429e-01,1.000000000000000000e+00,8.222590357636407055e-02,2.803632178962678911e-01,2.161700855772441532e-01,5.820188767388679435e-02,3.800736674481520749e-01,1.272032218017277727e-01,2.164360796326516012e-01,4.065084197906427277e-01,2.017194246297664695e-01,-1.801851140274478291e-01,1.786323282179441141e-01,3.322852164926944074e-02,1.751108710005924371e-02,-1.755241697603735218e-01,2.783625237410917719e-01,-1.555010063410771914e-01,-1.941506163690742415e-01,-5.494055552233508694e-02,3.472474493834920573e-01,4.577953620962590398e-01
2.997591889863454595e-01,-1.748951553081108945e-01,-3.826693597821981263e-02,4.453022790269181574e-01,-1.842754716833210418e-02,-3.452669549908344293e-01,9.254027252667303138e-02,1.892537476522739848e-01,8.566122173536934448e-02,2.111299688632830851e-01,-4.241631833943400043e-01,2.201960557862173429e-01,4.951299178901563680e-01,1.442302457063769916e-01,5.519254931593738922e-01,3.479841832104503263e-01,-3.842952464040707561e-01,1.626054282280760266e-01,8.222590357636407055e-02,1.000000000000000000e+00,6.591932160173225030e-02,1.679573381178400548e-01,3.402978008262238369e-02,1.043958536090815598e-01,2.682249579780889848e-01,3.271940018767122704e-01,-2.602135697194026265e-01,1.382806813441813110e-01,3.221172753947917911e-01,2.981476535562261887e-01,-4.481148764758743352e-01,-6.377207904706324593e-01,-2.406021133826606040e-01,1.731077534204873980e-01,7.628789368752686428e-02,-1.110934875985135073e-01,-3.347028034843497757e-01,4.373607402390248811e-01,-3.912983817241626194e-02
1.791268595580647327e-01,4.869236350400170665e-01,5.368320797513285170e-01,-4.708870530349986705e-01,5.763486051489667972e-01,-6.106692121251541261e-01,-2.010980519041622172e-01,-6.279963846754411660e-01,6.960880859263797182e-01,9.339474253247441460e-02,2.380959551226691506e-01,7.159060401607550972e-01,-2.840086771054984305e-01,1.027207018182044324e-01,4.635411808627313834e-01,3.954772415046410861e-01,-4.544086188444456109e-01,-1.088582052435343034e-01,2.803632178962678911e-01,6.591932160173225030e-02,1.000000000000000000e+00,5.760716704926626131e-01,1.125689756831285554e-01,4.789041719060943003e-01,-1.607735953183957456e-01,2.774946118476246393e-01,3.364928660407981442e-01,2.952642473643907750e-01,-3.478485289525349855e-01,3.248253881604826754e-01,-5.889431001649564346e-02,-7.474176109874988705e-02,-4.041208729311149273e-01,7.430961006541887404e-01,-5.387164930217921421e-01,-3.141480598081226872e-02,-3.092419811538956176e-01,5.197232097975745813e-01,7.339734574954898116e-01
1.920709592377063679e-01,4.287530313445168662e-01,4.099831397022479784e-01,-3.337040326061959106e-01,4.305380654155341880e-01,-4.145580213831564498e-01,-1.774068424981646575e-01,-4.370704179048187088e-01,4.914999219035162126e-01,1.207632695437485526e-01,3.703453517179627341e-01,5.444666533120361418e-01,-2.849910146030201763e-01,1.749428114637550657e-01,2.931427892052169137e-01,2.930765915337499306e-01,-1.895878244546181923e-01,-1.072420898262078787e-01,2.161700855772441532e-01,1.679573381178400548e-01,5.760716704926626131e-01,1.000000000000000000e+00,-8.952997565354572918e-02,4.083421157193110607e-01,-2.013991248796128397e-01,2.005606876828730789e-01,4.216614371698009234e-01,3.410477245687897341e-01,-3.442098417718020831e-01,1.595324917051710312e-01,1.120377976088585970e-01,6.708612080457847238e-02,-1.540789295814836701e-01,5.528272863679773996e-01,-3.459782190759694287e-01,6.595858491453258921e-02,-2.019248089238035448e-01,2.991577823267628222e-01,4.839387509820768374e-01
2.895045970844837280e-01,1.328563183687777038e-01,2.300036568042542473e-01,-7.205145716709412777e-03,3.333371272153676235e-01,5.419027400011952600e-02,-1.586437874889051192e-01,-2.304554612234782640e-01,2.476946574777178500e-01,4.480578603233364432e-01,-1.954546444865631200e-02,1.413205933541194781e-01,1.267070146676601006e-01,3.863358146245371438e-01,1.750891527847774909e-01,4.296878363096751641e-01,-8.807599269842476819e-02,1.057248707374257718e-01,5.820188767388679435e-02,3.402978008262238369e-02,1.125689756831285554e-01,-8.952997565354572918e-02,1.000000000000000000e+00,4.653271584220456947e-01,4.932176003815111898e-01,3.067584545067914004e-01,1.727302026579331240e-01,2.017450117154027389e-01,3.475203430840712038e-01,3.531433506296652869e-01,-1.253030224359109601e-01,-1.161155613853814272e-01,-1.108734138715987833e-01,1.991524360006161898e-01,2.731900304739706686e-01,2.797265905682835285e-01,3.069354224572572454e-01,2.170383456771105557e-01,1.487459842238768315e-01
4.317025349951728597e-01,4.069413057370064313e-01,4.477663308194614888e-01,-1.812233596357037124e-01,6.422992771976235860e-01,-4.143553176351923439e-01,-2.557795741975828485e-01,-4.854864544877445787e-01,6.731208949276644704e-01,3.851298886613603867e-01,2.059854846548942742e-01,4.679656613372866203e-01,-3.684670572111887078e-03,5.304951007454700163e-01,4.720470911027021543e-01,5.149947593528588774e-01,-2.378243911043219361e-01,2.474052093898638782e-01,3.800736674481520749e-01,1.043958536090815598e-01,4.789041719060943003e-01,4.083421157193110607e-01,4.653271584220456947e-01,1.000000000000000000e+00,2.754271466272300573e-01,5.000147278254402083e-01,4.341472419837087982e-01,3.682900889057002525e-01,3.526679932529532685e-02,4.973597377402904085e-01,-2.249092866580128525e-01,-1.799027716728566761e-01,-3.521290383583531303e-01,6.127416933050535697e-01,-1.204827999712981962e-01,1.695974125005268729e-01,-2.831751516643726818e-02,5.620757027303476816e-01,5.441626037010416361e-01
5.298927674228417484e-01,-1.685586948351437964e-01,1.935941601929453970e-01,5.132019416232793674e-01,2.274472898920522068e-01,1.053710102092984546e-01,7.271925809606875901e-02,-3.969888840244324008e-02,1.072970217531442061e-01,6.860374523250162282e-01,-2.654113172015675204e-01,-1.596830001990282299e-01,5.030520848899160402e-01,5.819983479252590630e-01,2.448401526372845083e-01,5.956517214003199667e-01,1.130419718016532626e-01,5.435151621143746725e-01,1.272032218017277727e-01,2.682249579780889848e-01,-1.607735953183957456e-01,-2.013991248796128397e-01,4.932176003815111898e-01,2.754271466272300573e-01,1.000000000000000000e+00,6.312491983995768274e-01,1.159363648986446310e-01,3.947074828888152975e-01,7.476557227316847909e-01,6.329746779955258695e-01,-2.765618852964366048e-01,-4.503829580038151148e-01,1.397727538847576625e-02,-7.736504198281311459e-03,5.658971061040586337e-01,2.023689756605215884e-01,3.663172664765539932e-01,3.177636539393254855e-01,-1.630805963168659722e-01
7.388320259475191776e-01,1.641869236748378369e-01,4.716297809819967601e-01,2.261007150021883960e-01,5.767863842929245033e-01,-3.042349803041648482e-01,-2.530511636926526670e-02,-3.682886348587985914e-01,5.305976845715832946e-01,6.190449979207495179e-01,-9.220626543257745555e-02,2.672493013479753099e-01,2.963396457430183539e-01,6.817948920411266434e-01,5.502127414016982909e-01,7.673326810804730336e-01,-8.535668634734745741e-02,5.067946898802687672e-01,2.164360796326516012e-01,3.271940018767122704e-01,2.774946118476246393e-01,2.005606876828730789e-01,3.067584545067914004e-01,5.000147278254402083e-01,6.312491983995768274e-01,1.000000000000000000e+00,3.345640557898031942e-01,6.484539317400626057e-01,5.393328588210428709e-01,7.032726339562016538e-01,-2.776740731732958434e-01,-4.970154752915001972e-01,-2.072514189560944464e-01,4.538942980697350249e-01,2.522237267324987098e-01,1.516893479497421482e-01,1.383773072937438675e-01,6.359216818332464882e-01,2.139682335790049350e-01
1.056167028937516905e-01,3.822697686442799170e-01,5.754519540882800932e-01,-3.152127648081976541e-01,5.621617316749684123e-01,3.899621058553748298e-02,-8.342648313796353909e-02,-6.226368112511209141e-01,3.691804772793835232e-01,3.130040228806906244e-01,5.537686346015791017e-01,1.508041011838901768e-01,-4.417864010890296678e-01,3.452818142649480282e-01,-1.127315375435864464e-01,2.300135134238658619e-01,2.473363868642575736e-01,1.965303529152970241e-01,4.065084197906427277e-01,-2.602135697194026265e-01,3.364928660407981442e-01,4.216614371698009234e-01,1.727302026579331240e-01,4.341472419837087982e-01,1.159363648986446310e-01,3.345640557898031942e-01,1.000000000000000000e+00,4.736113183482392741e-01,-1.406210338175196417e-01,1.978314235274854782e-01,4.271021866528276756e-01,4.090312550997526331e-01,1.533063395626114434e-01,3.011152060082611381e-01,-5.511129881980316066e-03,2.372194287507160271e-01,3.565601722218758041e-01,8.668814926554020694e-02,4.279850916045562781e-01
4.275728115373024774e-01,4.699975221179323454e-02,6.814465325832350651e-01,6.536149910361287174e-02,5.527047016624243581e-01,1.900128137512643520e-02,9.010064236366450985e-02,-5.705579469598885956e-01,3.358781406177412943e-01,5.763297670812339568e-01,1.301352247144754171e-01,6.928412662307674441e-02,-1.292757435265317889e-01,5.278727762221098185e-01,1.144019623545731723e-01,5.294682370988536002e-01,2.437329348907897042e-01,4.676418505270392156e-01,2.017194246297664695e-01,1.382806813441813110e-01,2.952642473643907750e-01,3.410477245687897341e-01,2.017450117154027389e-01,3.682900889057002525e-01,3.947074828888152975e-01,6.484539317400626057e-01,4.736113183482392741e-01,1.000000000000000000e+00,2.890711962185780748e-01,4.691635154137082653e-01,2.602865756319123203e-01,-5.101049390361709485e-02,2.667982050458352905e-01,2.761022039547330054e-01,2.713598758065537409e-01,4.444326085043440872e-02,3.438375305961333117e-01,2.212754583595751556e-01,1.005406505516625720e-01
5.105354854220562899e-01,-3.403596375519682971e-01,3.001761354921396452e-02,6.080142674716257911e-01,3.323087144929837405e-03,2.447374952767985001e-01,6.190345448958772118e-02,1.671299019355407534e-01,-1.596189688230986725e-01,5.314770431413494700e-01,-4.301415225630977890e-01,-3.114372395756326295e-01,5.937149626202935515e-01,5.537246423514520233e-01,1.643759370471668535e-01,4.103206573127170520e-01,1.827570958753714503e-01,4.365664160960316398e-01,-1.801851140274478291e-01,3.221172753947917911e-01,-3.478485289525349855e-01,-3.442098417718020831e-01,3.475203430840712038e-01,3.526679932529532685e-02,7.476557227316847909e-01,5.393328588210428709e-01,-1.406210338175196417e-01,2.890711962185780748e-01,1.000000000000000000e+00,4.331840536997465518e-01,-2.613558377402248056e-01,-4.845870329888284367e-01,1.637556942535464410e-01,-2.304675981706556243e-01,7.478436421064342809e-01,2.098185978883331526e-01,4.158014421664954496e-01,1.379262978037712750e-01,-4.805218526811230739e-01
7.644018624893050839e-01,3.534771002346939750e-01,4.461845986060857805e-01,1.738365047736254720e-01,5.241674160520205517e-01,-3.816655075673224817e-01,-1.590654974576515349e-03,-3.794853737291341567e-01,5.799558038572509844e-01,7.434061946356576023e-01,-7.560383961228830940e-02,3.397681005443117797e-01,2.526248987798965229e-01,5.823588251526918835e-01,5.159866367720892244e-01,8.114083709373515196e-01,-2.138751710776390369e-01,2.760292727762878595e-01,1.786323282179441141e-01,2.981476535562261887e-01,3.248253881604826754e-01,1.595324917051710312e-01,3.531433506296652869e-01,4.973597377402904085e-01,6.329746779955258695e-01,7.032726339562016538e-01,1.978314235274854782e-01,4.691635154137082653e-01,4.331840536997465518e-01,1.000000000000000000e+00,-3.137649894648159021e-01,-4.435203784456140941e-01,-3.322487035565525049e-01,4.585723808771121068e-01,6.755157798018357473e-02,2.565755703414052125e-01,6.826956478848909826e-02,5.548113813355218804e-01,2.800145780555169939e-01
-3.527743878795977506e-01,4.685820571173701654e-02,2.620833122591205155e-01,-2.763664814126308711e-01,-3.451119959734945397e-02,5.755714058389526100e-01,3.865378279485761487e-02,-2.963347935205876138e-01,-2.832987612468585992e-01,1.344981375161061893e-02,4.429457359276283146e-01,-3.086986088899325020e-01,-7.184404855839626736e-01,-1.444808280733069494e-01,-7.134699603092364839e-01,-3.196282904232613520e-01,6.107691736284239781e-01,-5.262589378520200756e-02,3.322852164926944074e-02,-4.481148764758743352e-01,-5.889431001649564346e-02,1.120377976088585970e-01,-1.253030224359109601e-01,-2.249092866580128525e-01,-2.765618852964366048e-01,-2.776740731732958434e-01,4.271021866528276756e-01,2.602865756319123203e-01,-2.613558377402248056e-01,-3.137649894648159021e-01,1.000000000000000000e+00,7.942475599381272344e-01,6.922575179916979904e-01,-3.360288455952699094e-01,1.291625934177020596e-01,4.924147603365576498e-02,5.355417186065897228e-01,-6.479678461461061412e-01,-1.433778046874416290e-01
-4.838723564696921775e-01,1.737441421619790594e-01,8.853051664996812453e-02,-4.513446209633591999e-01,-6.505528090705425814e-02,5.089235475115679863e-01,1.856752614315153316e-02,-2.135514828571326573e-01,-2.482398565477838270e-01,-1.754434632869549815e-01,6.177227164521609248e-01,-2.617575371571527199e-01,-7.539831489694956979e-01,-2.809905903268220539e-01,-7.517061692615343294e-01,-4.870057566958623241e-01,5.447723616694372106e-01,-2.554984583682864963e-01,1.751108710005924371e-02,-6.377207904706324593e-01,-7.474176109874988705e-02,6.708612080457847238e-02,-1.161155613853814272e-01,-1.799027716728566761e-01,-4.503829580038151148e-01,-4.970154752915001972e-01,4.090312550997526331e-01,-5.101049390361709485e-02,-4.845870329888284367e-01,-4.435203784456140941e-01,7.942475599381272344e-01,1.000000000000000000e+00,5.099928911086925032e-01,-2.910332638028887420e-01,-8.026481490880438274e-02,1.186884715233041260e-01,4.342874751260832333e-01,-6.711336018335571918e-01,-1.035220122094924859e-02
-3.271877427209347600e-01,-4.658221325420509595e-01,1.032024394366707482e-01,1.750862183677149853e-01,-2.389845141085995273e-01,8.097329602963874162e-01,1.757402955582456350e-01,1.037395497235979978e-02,-6.239223227238172020e-01,4.506085036361955759e-02,1.547036299433098838e-01,-6.876297961266233383e-01,-2.482436112643544301e-01,-2.486911306156667709e-02,-7.398046715706314558e-01,-3.889040153094889263e-01,7.812172463623814345e-01,1.471539569549081827e-01,-1.755241697603735218e-01,-2.406021133826606040e-01,-4.041208729311149273e-01,-1.540789295814836701e-01,-1.108734138715987833e-01,-3.521290383583531303e-01,1.397727538847576625e-02,-2.072514189560944464e-01,1.533063395626114434e-01,2.667982050458352905e-01,1.637556942535464410e-01,-3.322487035565525049e-01,6.922575179916979904e-01,5.099928911086925032e-01,1.000000000000000000e+00,-6.387653449170723752e-01,5.538082218309077209e-01,-1.767554284572268181e-02,6.290535867967185224e-01,-7.205764521339035333e-01,-6.254676761964695908e-01
4.207709166581115046e-01,5.625614079121122879e-01,4.521040335108189034e-01,-3.620207807299726244e-01,7.003389162594935158e-01,-7.606401071946559123e-01,-2.192877113639571662e-01,-5.418484670211642928e-01,8.681049705707544195e-01,1.909366700922435767e-01,1.729557519346971994e-01,8.206898523491095165e-01,-5.547992672102481509e-02,2.625989812032437642e-01,6.899703403750306885e-01,5.557456858856439919e-01,-5.871605156326149544e-01,-4.945270234838184537e-02,2.783625237410917719e-01,1.731077534204873980e-01,7.430961006541887404e-01,5.528272863679773996e-01,1.991524360006161898e-01,6.127416933050535697e-01,-7.736504198281311459e-03,4.538942980697350249e-01,3.011152060082611381e-01,2.761022039547330054e-01,-2.304675981706556243e-01,4.585723808771121068e-01,-3.360288455952699094e-01,-2.910332638028887420e-01,-6.387653449170723752e-01,1.000000000000000000e+00,-5.277243267574681651e-01,4.255548921769799348e-02,-4.183320542780264439e-01,7.313413308579816974e-01,7.909253616922151675e-01
1.329158546272829478e-01,-5.122618994595101727e-01,-2.685630592315764106e-02,5.354762061346394209e-01,-1.544560850432420140e-01,6.433307280537775563e-01,1.022999751178669953e-01,2.108249071351522841e-01,-4.607161677218192253e-01,3.752869219350258301e-01,-2.729555118160169047e-01,-5.973989974433168149e-01,3.431995635998983385e-01,4.291440022486248673e-01,-2.668789878737681809e-01,8.867407107110034103e-02,5.204188544305299313e-01,4.188387342606438857e-01,-1.555010063410771914e-01,7.628789368752686428e-02,-5.387164930217921421e-01,-3.459782190759694287e-01,2.731900304739706686e-01,-1.204827999712981962e-01,5.658971061040586337e-01,2.522237267324987098e-01,-5.511129881980316066e-03,2.713598758065537409e-01,7.478436421064342809e-01,6.755157798018357473e-02,1.291625934177020596e-01,-8.026481490880438274e-02,5.538082218309077209e-01,-5.277243267574681651e-01,1.000000000000000000e+00,2.065595622850893709e-01,6.535124455770884300e-01,-2.646964772085727557e-01,-6.543139995161391109e-01
2.944654280329476737e-01,3.150264131538174639e-01,1.612235856165540604e-01,-1.572339110750963290e-02,2.052729620026308432e-01,1.287142016863250249e-01,9.671858799126739625e-02,-1.794999809339753449e-01,6.010011567234995605e-02,4.009673396788724919e-01,2.467148998179254926e-01,2.723704033145992950e-02,-2.293893567691769955e-02,3.073420875382775752e-01,-5.127644947015725513e-02,2.356530512897577478e-01,1.225296237226370932e-01,-1.657774088518771671e-01,-1.941506163690742415e-01,-1.110934875985135073e-01,-3.141480598081226872e-02,6.595858491453258921e-02,2.797265905682835285e-01,1.695974125005268729e-01,2.023689756605215884e-01,1.516893479497421482e-01,2.372194287507160271e-01,4.444326085043440872e-02,2.098185978883331526e-01,2.565755703414052125e-01,4.924147603365576498e-02,1.186884715233041260e-01,-1.767554284572268181e-02,4.255548921769799348e-02,2.065595622850893709e-01,1.000000000000000000e+00,3.627015020134657375e-01,-3.550100434948053746e-02,3.243897030053188163e-02
6.102100777412414190e-02,-1.159478083643140922e-01,1.849764434966457149e-01,1.050555989683697317e-01,4.938834857981958676e-02,7.160680027499968237e-01,5.945631895943438022e-02,-1.302119634936841908e-01,-2.781353970709254386e-01,4.289766853653816936e-01,2.304748672480367022e-01,-4.951771743018304472e-01,-2.077285625367240596e-01,3.137014484603724562e-01,-5.204405895466206466e-01,3.591698693231984429e-02,7.169514697883463406e-01,2.526962414383416844e-01,-5.494055552233508694e-02,-3.347028034843497757e-01,-3.092419811538956176e-01,-2.019248089238035448e-01,3.069354224572572454e-01,-2.831751516643726818e-02,3.663172664765539932e-01,1.383773072937438675e-01,3.565601722218758041e-01,3.438375305961333117e-01,4.158014421664954496e-01,6.826956478848909826e-02,5.355417186065897228e-01,4.342874751260832333e-01,6.290535867967185224e-01,-4.183320542780264439e-01,6.535124455770884300e-01,3.627015020134657375e-01,1.000000000000000000e+00,-4.345967814966696929e-01,-3.683923902895415159e-01
5.254964643536992330e-01,2.767481427002539962e-01,2.099512295056863154e-01,3.196524611790520914e-02,4.986313857001800076e-01,-7.495680907416987226e-01,-1.717594561818396315e-01,-2.094517299886951844e-01,7.268380539136674034e-01,2.448265634203714569e-01,-1.783287505249296356e-01,6.443334059121479385e-01,3.503733665052993773e-01,3.605232481188037075e-01,8.713948332424663601e-01,6.625317712883664889e-01,-6.217589523835129750e-01,2.613541002417376635e-01,3.472474493834920573e-01,4.373607402390248811e-01,5.197232097975745813e-01,2.991577823267628222e-01,2.170383456771105557e-01,5.620757027303476816e-01,3.177636539393254855e-01,6.359216818332464882e-01,8.668814926554020694e-02,2.212754583595751556e-01,1.379262978037712750e-01,5.548113813355218804e-01,-6.479678461461061412e-01,-6.711336018335571918e-01,-7.205764521339035333e-01,7.313413308579816974e-01,-2.646964772085727557e-01,-3.550100434948053746e-02,-4.345967814966696929e-01,1.000000000000000000e+00,5.872430534987481687e-01
1.467795082352791047e-01,6.497484698129708525e-01,3.357985651553085926e-01,-5.313904456356540740e-01,5.603718744760112225e-01,-6.650807400323550667e-01,-2.456479795103478081e-01,-5.063155020538959716e-01,7.905899174481380021e-01,4.512512461881593162e-02,2.987672732564843336e-01,7.684474806948258241e-01,-3.162217944979784368e-01,4.996800570917313278e-02,4.802612625839847160e-01,3.548019144667486913e-01,-5.326997196133533841e-01,-9.118411759196981548e-02,4.577953620962590398e-01,-3.912983817241626194e-02,7.339734574954898116e-01,4.839387509820768374e-01,1.487459842238768315e-01,5.441626037010416361e-01,-1.630805963168659722e-01,2.139682335790049350e-01,4.279850916045562781e-01,1.005406505516625720e-01,-4.805218526811230739e-01,2.800145780555169939e-01,-1.433778046874416290e-01,-1.035220122094924859e-02,-6.254676761964695908e-01,7.909253616922151675e-01,-6.543139995161391109e-01,3.243897030053188163e-02,-3.683923902895415159e-01,5.872430534987481687e-01,1.000000000000000000e+00
