1.000000000000000000e+00,8.604386311439120583e-01,4.329745305594265292e-01,4.260099263417278792e-02,2.293427246779773943e-01,3.897976836034994230e-01,2.515571394137000594e-01,-4.414612129977960042e-01,7.412958566950461625e-01,7.817763942163498125e-01,2.813834628759020462e-01,5.606991164603600808e-01,2.233106572329403017e-01,6.515860419189324348e-01,6.759461149462627771e-01,8.285340310981136325e-01,4.045709985217044169e-01,3.048648548648312806e-01,4.887764430014815975e-01,4.296469589609870909e-01,2.234780625865605552e-01,4.661708544914319186e-01,6.272927418075107120e-01,3.680447814456456745e-01,6.944662327390251910e-01,7.529202898020476153e-01,6.247474865847685299e-01,6.117296801124362249e-01,3.861540585491655131e-01,7.178520117127458189e-01,5.053550793206232905e-01,3.856100514337129082e-01,6.180184255315789299e-01,5.335081232292533393e-01,4.622888325255868763e-02,7.321721258916034092e-01,2.569292931316606299e-01,8.615924068032495553e-01,7.131624339211967145e-01
8.604386311439120583e-01,1.000000000000000000e+00,3.803884359928290104e-01,-3.066864244873842432e-02,1.402267822589157997e-01,3.663923600543690373e-01,2.243960662423546137e-01,-3.739305980091235382e-01,6.540658003958125244e-01,7.677066601747488672e-01,2.043890445060206063e-01,4.909808205692514638e-01,1.324739173470772524e-01,6.217736280550802963e-01,5.436783670190539208e-01,7.787517096268670169e-01,3.749090846151391654e-01,1.552904210786818229e-01,3.612640244337018136e-01,3.047304640094611328e-01,3.126704939663998983e-01,3.840005091970608020e-01,5.826041957710929031e-01,3.684741078587153718e-01,6.132143040766642184e-01,6.830856734389487706e-01,6.253518373942192898e-01,5.617154841963538647e-01,4.227520939420104651e-01,6.487881234508788841e-01,5.731701121591490367e-01,4.115714977901686611e-01,5.787498749637598472e-01,4.282196819464283433e-01,2.046064973395391451e-01,6.476797581676310145e-01,3.375649875221852225e-01,7.541697299441022517e-01,6.171115975857144331e-01
4.329745305594265292e-01,3.803884359928290104e-01,1.000000000000000000e+00,5.381440623199570394e-01,7.487402318444712490e-01,1.504367213704736472e-01,7.200829275483373593e-01,-9.285255327911408063e-01,6.999862800598234402e-01,4.777182423390447519e-01,3.898554317710012929e-01,4.284585296557175682e-01,2.504628246020142446e-01,7.313290720554845858e-01,3.398061358725457115e-01,5.446723522257953531e-01,5.257872616451886305e-01,2.253768107588049741e-01,5.262739601138177736e-01,3.246911448380492837e-01,6.502147684270398464e-01,5.375013736751437232e-01,3.613900975118772285e-01,5.182931185933906670e-01,4.760159897032085197e-01,5.989237021470158462e-01,5.634394331723410199e-01,7.373982784982004990e-01,3.295175955978285054e-01,6.522784523834547210e-01,6.911824176962512167e-01,5.089124148537249592e-01,5.646773607092483438e-01,7.214877137596195089e-01,7.060788155957153922e-02,4.851457335493115086e-01,4.528170562077867278e-01,5.138307991505410843e-01,3.706505296590914544e-01
4.260099263417278792e-02,-3.066864244873842432e-02,5.381440623199570394e-01,1.000000000000000000e+00,5.809761514714876229e-01,5.097802265688989448e-02,6.839067600707904315e-01,-4.996733113777926949e-01,3.362055599123468519e-01,7.672574426518047330e-02,4.821250443560848864e-01,3.509165613485394353e-01,3.607363942614508212e-01,4.280226208217373651e-01,8.862200257677887993e-02,2.099022332747087771e-01,5.053293687887578933e-01,2.958549575565587730e-01,3.522993699386905431e-01,4.576491908502999251e-01,3.523267584773249195e-01,5.199284116020872482e-01,9.031831433735577896e-02,3.103818875982352621e-01,2.149437570250565255e-01,1.199269492082977590e-01,2.624976615964856319e-01,3.962091828833915197e-01,8.359029188130888410e-02,3.177918650767891928e-01,2.292702557649035078e-01,4.446107806469895007e-01,2.062921516223756857e-01,3.667355476325842023e-01,-8.135740029386322181e-02,1.107647549442402624e-01,3.713354685855674853e-01,1.501421608688489062e-01,2.076862579835880018e-01
2.293427246779773943e-01,1.402267822589157997e-01,7.487402318444712490e-01,5.809761514714876229e-01,1.000000000000000000e+00,-8.108199117475448081e-02,6.217826521614825408e-01,-7.318106047631011135e-01,5.221944829856838277e-01,2.957236901279226560e-01,2.549626563097031062e-01,1.677389420177584078e-01,1.807611550756464958e-01,4.733689397139005384e-01,1.520696881026432634e-01,3.252257139557923615e-01,3.066162446923309526e-01,1.873679859114101565e-01,4.674135392090904562e-01,2.362748073650819958e-01,4.019968664236324707e-01,3.340645675319781072e-01,1.544299025350551469e-01,2.987949197758096864e-01,2.509056331806772677e-01,3.503302118693972789e-01,2.363760537135436712e-01,4.118080200686434211e-01,4.562117924626421517e-02,4.055679215856001774e-01,4.156654746291125746e-01,2.581613856517311900e-01,2.818730921795623567e-01,7.221729870851328892e-01,-1.108639644415777420e-01,2.476717921444261949e-01,2.205302863362756660e-01,2.918474219205151043e-01,7.659808135083648328e-02
3.897976836034994230e-01,3.663923600543690373e-01,1.504367213704736472e-01,5.097802265688989448e-02,-8.108199117475448081e-02,1.000000000000000000e+00,1.025746020610878578e-01,-1.919622702181238982e-01,3.615417094419653976e-01,3.475728823204938811e-01,1.928429310277407494e-01,2.904723529107651192e-01,-1.203721194751491419e-01,3.676425916374560510e-01,2.812464797745320988e-01,2.576995648709536346e-01,4.698913029147976372e-01,2.328593638340061001e-01,2.294483277064411908e-01,1.383445249801637800e-01,3.260270658003149857e-01,1.484033330904255543e-01,6.396610418987932478e-01,5.729613455189381810e-01,6.549433528431805041e-01,4.695140204913981763e-01,4.793414678849329258e-01,2.338345680768791623e-01,6.522158181356226825e-01,4.061122364019087438e-01,4.488841442966310380e-01,5.410604680036740222e-01,5.005406477222424932e-01,-1.148613644313281439e-02,4.834008898698863299e-01,3.382479296764168697e-01,5.188390808520325637e-01,3.548311704440730852e-01,3.115026280934667380e-01
2.515571394137000594e-01,2.243960662423546137e-01,7.200829275483373593e-01,6.839067600707904315e-01,6.217826521614825408e-01,1.025746020610878578e-01,1.000000000000000000e+00,-6.819274238132226884e-01,5.267052303195527418e-01,3.424579358061375922e-01,5.022817560240530055e-01,3.886112134101175619e-01,3.218395774618467708e-01,6.325548139151654370e-01,2.036011154296627212e-01,4.381460329914927398e-01,5.940922776550781048e-01,3.224592655715088352e-01,3.749781056796420708e-01,4.649731378335471565e-01,4.345332244235485808e-01,6.279322425097481064e-01,2.618321417367671655e-01,4.496248731643170959e-01,3.732286748686313160e-01,3.584087078072288879e-01,3.923404703886960720e-01,6.310122275253348123e-01,2.746939558205014897e-01,5.490156668342850432e-01,4.570893454998861682e-01,5.230997681777983521e-01,4.867493548853590868e-01,5.015501445926338064e-01,1.384919093859873253e-02,3.669294046777577534e-01,4.267750291644814564e-01,2.928992069953929023e-01,2.852861846495085563e-01
-4.414612129977960042e-01,-3.739305980091235382e-01,-9.285255327911408063e-01,-4.996733113777926949e-01,-7.318106047631011135e-01,-1.919622702181238982e-01,-6.819274238132226884e-01,1.000000000000000000e+00,-6.852410628933341963e-01,-4.817186968464634012e-01,-3.524314328535704810e-01,-3.666016380652994400e-01,-2.151051093488950128e-01,-7.032267113879294707e-01,-2.843694035611915583e-01,-5.282601733926955978e-01,-5.012522297236612356e-01,-1.715225819622008818e-01,-4.545237368838547232e-01,-2.919677004160436407e-01,-6.390361798362294010e-01,-4.861038160962445898e-01,-3.764005496134387174e-01,-5.218649083525994659e-01,-4.885349576168891983e-01,-6.019363568968691958e-01,-5.378378524900924162e-01,-7.010951778403061718e-01,-3.265229037912329990e-01,-6.233977336181900641e-01,-6.883979726829602130e-01,-4.903540836066522246e-01,-5.490741856091994055e-01,-6.985645836667930819e-01,-8.697836597662569891e-02,-4.632152385972955200e-01,-4.362387432305295798e-01,-5.026515567833350628e-01,-3.482213688812672570e-01
7.412958566950461625e-01,6.540658003958125244e-01,6.999862800598234402e-01,3.362055599123468519e-01,5.221944829856838277e-01,3.615417094419653976e-01,5.267052303195527418e-01,-6.852410628933341963e-01,1.000000000000000000e+00,7.695605997000510845e-01,4.163544691623798366e-01,5.810646742649788754e-01,2.606065634473992976e-01,7.638093295850909570e-01,6.301309753838451044e-01,7.864010892683804821e-01,5.594616499325490988e-01,3.779485097004958161e-01,6.661521388283723200e-01,4.855980180418648096e-01,4.424111116553655076e-01,5.578995609103080122e-01,6.470775655535631055e-01,5.646921184902029545e-01,7.123568177642908283e-01,7.557419743773245990e-01,6.674103428811214433e-01,6.804106134691062513e-01,4.463540960833414228e-01,7.839828663722325786e-01,6.465446824082683452e-01,5.390623360250029750e-01,7.157758019529263382e-01,7.044595421953873116e-01,7.304547190961006853e-02,7.144337753850629191e-01,4.234326557824587556e-01,7.840635094058308052e-01,5.737248373624821429e-01
7.817763942163498125e-01,7.677066601747488672e-01,4.777182423390447519e-01,7.672574426518047330e-02,2.957236901279226560e-01,3.475728823204938811e-01,3.424579358061375922e-01,-4.817186968464634012e-01,7.695605997000510845e-01,1.000000000000000000e+00,2.708092429902850817e-01,4.972684458646389749e-01,1.972810564956789525e-01,6.138908549067998432e-01,5.672726038147103411e-01,8.633334400968194489e-01,4.240769331765711359e-01,2.085049126031529310e-01,4.697163459626911841e-01,3.888938200864885952e-01,2.661970302767455721e-01,4.327898917731990425e-01,6.017198165140171806e-01,3.357228549028932751e-01,6.073828298330924413e-01,6.879019433858145627e-01,5.806968910604726197e-01,5.509127047024863222e-01,3.853327159354665299e-01,6.784741377539869056e-01,5.889124256828569548e-01,3.930217786842897243e-01,6.526393412068978161e-01,5.471468783899874344e-01,9.564374751283055698e-02,6.776357087440535443e-01,2.806819014490188890e-01,7.400262202301710612e-01,5.221183643566866817e-01
2.813834628759020462e-01,2.043890445060206063e-01,3.898554317710012929e-01,4.821250443560848864e-01,2.549626563097031062e-01,1.928429310277407494e-01,5.022817560240530055e-01,-3.524314328535704810e-01,4.163544691623798366e-01,2.708092429902850817e-01,1.000000000000000000e+00,6.846502356394846833e-01,6.015128594185729094e-01,6.076508149123795999e-01,4.709353249641882733e-01,4.397453749073620966e-01,7.447689417670588785e-01,4.843659851836853991e-01,4.041028803600898445e-01,6.914373060123772952e-01,1.885786584359020746e-01,7.379231624564902559e-01,2.275566953413212246e-01,2.991814358868776225e-01,3.267751872973813643e-01,3.194822909422133095e-01,5.416079260886237368e-01,5.924867103666375812e-01,2.870064105076957084e-01,3.272719776479998677e-01,2.673641869292198714e-01,6.544215482257499383e-01,6.155792446104502158e-01,3.313104389247234494e-01,-1.185187408216720473e-01,3.816694080450143134e-01,5.471918171097064354e-01,3.463698355906285054e-01,4.245876381183220083e-01
5.606991164603600808e-01,4.909808205692514638e-01,4.284585296557175682e-01,3.509165613485394353e-01,1.677389420177584078e-01,2.904723529107651192e-01,3.886112134101175619e-01,-3.666016380652994400e-01,5.810646742649788754e-01,4.972684458646389749e-01,6.846502356394846833e-01,1.000000000000000000e+00,6.715541477543854887e-01,6.703954492168315848e-01,7.931075627341990231e-01,6.751464479142861297e-01,7.091779382986062030e-01,6.574369259594042836e-01,6.330165139864429857e-01,7.673398420687864707e-01,1.375848158478172323e-01,8.443141253427677295e-01,4.392945428212759462e-01,3.345912794878327934e-01,5.109570809648840140e-01,4.658293962086632600e-01,7.047364775246066637e-01,6.886288999593492832e-01,2.634520785801596765e-01,5.148673630472571094e-01,3.303107813647541691e-01,6.448632101662843397e-01,7.164739264962612930e-01,4.289404745873549030e-01,-1.627321620092118393e-01,5.923156277070908970e-01,5.067136219803844988e-01,6.308036867005852866e-01,7.283055012306443032e-01
2.233106572329403017e-01,1.324739173470772524e-01,2.504628246020142446e-01,3.607363942614508212e-01,1.807611550756464958e-01,-1.203721194751491419e-01,3.218395774618467708e-01,-2.151051093488950128e-01,2.606065634473992976e-01,1.972810564956789525e-01,6.015128594185729094e-01,6.715541477543854887e-01,1.000000000000000000e+00,3.688202696417757220e-01,4.647876804181553245e-01,4.265354365752728749e-01,5.418197097924524197e-01,5.617348172054437150e-01,3.109567826229404641e-01,8.112842033773217665e-01,-1.490995247866047646e-01,7.367375789134190667e-01,3.777646959599365029e-02,-2.207163685472939008e-02,1.527069547482357015e-01,2.741374218709377933e-02,3.223121736383176006e-01,4.081012844305660359e-01,-1.782964931642605499e-01,1.276070020288301021e-01,-1.102422630183673424e-01,4.875397707351007970e-01,3.943064963203319895e-01,2.051671650137790182e-01,-4.955540396919791424e-01,1.939017514330588221e-01,3.885925283399499497e-01,2.252492387290285780e-01,3.128579531084809684e-01
6.515860419189324348e-01,6.217736280550802963e-01,7.313290720554845858e-01,4.280226208217373651e-01,4.733689397139005384e-01,3.676425916374560510e-01,6.325548139151654370e-01,-7.032267113879294707e-01,7.638093295850909570e-01,6.138908549067998432e-01,6.076508149123795999e-01,6.703954492168315848e-01,3.688202696417757220e-01,1.000000000000000000e+00,5.666345125090417323e-01,7.012565884887793644e-01,7.177925851095773302e-01,3.721700708351904363e-01,5.063793535733256412e-01,5.231163721377056763e-01,5.425769099413907393e-01,6.801234005990024478e-01,5.685055700522635425e-01,6.594313761904114779e-01,6.588717909066617029e-01,7.714075997442160215e-01,8.051861923493414119e-01,8.381205080771279015e-01,6.005628464242379616e-01,7.327350279298021629e-01,7.037552810771964262e-01,7.304195901167724880e-01,7.856153516644864832e-01,6.055894861755479752e-01,2.270180289255962214e-01,6.654658933994368475e-01,6.517885717300515580e-01,6.940370629756027476e-01,6.019865886022910395e-01
6.759461149462627771e-01,5.436783670190539208e-01,3.398061358725457115e-01,8.862200257677887993e-02,1.520696881026432634e-01,2.812464797745320988e-01,2.036011154296627212e-01,-2.843694035611915583e-01,6.301309753838451044e-01,5.672726038147103411e-01,4.709353249641882733e-01,7.931075627341990231e-01,4.647876804181553245e-01,5.666345125090417323e-01,1.000000000000000000e+00,6.869707802750841807e-01,4.958089219035519135e-01,6.139279799606153221e-01,6.961485621352977438e-01,6.122018134218107921e-01,1.031342547799677933e-01,6.372682729003976698e-01,5.368307527293715298e-01,3.171943324158278954e-01,5.699545104234506887e-01,5.678350143467115752e-01,5.655154019527932618e-01,5.881621281763407261e-01,2.479188027747101786e-01,5.268188920013290311e-01,2.820345207688891853e-01,4.255730744795807596e-01,6.576135895052092062e-01,5.171997214067097781e-01,-1.763290231140554332e-01,6.962908066863797707e-01,2.743155092937721862e-01,7.321755743641433778e-01,6.709302777393969519e-01
8.285340310981136325e-01,7.787517096268670169e-01,5.446723522257953531e-01,2.099022332747087771e-01,3.252257139557923615e-01,2.576995648709536346e-01,4.381460329914927398e-01,-5.282601733926955978e-01,7.864010892683804821e-01,8.633334400968194489e-01,4.397453749073620966e-01,6.751464479142861297e-01,4.265354365752728749e-01,7.012565884887793644e-01,6.869707802750841807e-01,1.000000000000000000e+00,5.432876732902574002e-01,3.584107626258206114e-01,5.453597958583827898e-01,5.924420161575072452e-01,2.225481790911437163e-01,6.524959262511600411e-01,5.481438764998926017e-01,3.066229111198692237e-01,6.143780179455483603e-01,6.678522721041828536e-01,6.478526490378064828e-01,6.888302931953220742e-01,3.104107149052346415e-01,7.131378888053211407e-01,5.115094285396279972e-01,4.814924072722554516e-01,6.898185730725387987e-01,5.983627290846873503e-01,-8.640163977711891319e-02,7.392149648369429338e-01,3.270240617632821367e-01,7.855267762269637632e-01,6.623739022495257478e-01
4.045709985217044169e-01,3.749090846151391654e-01,5.257872616451886305e-01,5.053293687887578933e-01,3.066162446923309526e-01,4.698913029147976372e-01,5.940922776550781048e-01,-5.012522297236612356e-01,5.594616499325490988e-01,4.240769331765711359e-01,7.447689417670588785e-01,7.091779382986062030e-01,5.418197097924524197e-01,7.177925851095773302e-01,4.958089219035519135e-01,5.432876732902574002e-01,1.000000000000000000e+00,5.367843850639325565e-01,4.341432869298891273e-01,6.911041131738747678e-01,3.307776288947651966e-01,7.532999335409735764e-01,5.347344953713711879e-01,5.720053164620376718e-01,5.987566285982321990e-01,4.688310723290399773e-01,7.065772204737102991e-01,6.252129911103103677e-01,4.808272335577977730e-01,5.172733763780476002e-01,4.512808564385281662e-01,8.508142049457019240e-01,7.576843600849157978e-01,3.332445689317403148e-01,1.257463622204106901e-01,4.035027791824625787e-01,7.604643890680080620e-01,4.284839359817745330e-01,4.386998919331926428e-01
3.048648548648312806e-01,1.552904210786818229e-01,2.253768107588049741e-01,2.958549575565587730e-01,1.873679859114101565e-01,2.328593638340061001e-01,3.224592655715088352e-01,-1.715225819622008818e-01,3.779485097004958161e-01,2.085049126031529310e-01,4.843659851836853991e-01,6.574369259594042836e-01,5.617348172054437150e-01,3.721700708351904363e-01,6.139279799606153221e-01,3.584107626258206114e-01,5.367843850639325565e-01,1.000000000000000000e+00,5.373142325119196760e-01,6.374221589034124724e-01,-1.060422910173361294e-01,6.497327754187220972e-01,3.602555850932401271e-01,1.450570047483653591e-01,4.004757129130419036e-01,2.273076802384167427e-01,3.598937209934569004e-01,3.931169206634000379e-01,7.315007187915363585e-02,3.531461562668767873e-01,2.422676995932564626e-03,4.473280579579849148e-01,4.804093691682738143e-01,2.657595992613128733e-01,-3.410671645022784193e-01,3.533961256075894286e-01,3.152482100839623658e-01,2.917128225542419129e-01,4.137462021983714378e-01
4.887764430014815975e-01,3.612640244337018136e-01,5.262739601138177736e-01,3.522993699386905431e-01,4.674135392090904562e-01,2.294483277064411908e-01,3.749781056796420708e-01,-4.545237368838547232e-01,6.661521388283723200e-01,4.697163459626911841e-01,4.041028803600898445e-01,6.330165139864429857e-01,3.109567826229404641e-01,5.063793535733256412e-01,6.961485621352977438e-01,5.453597958583827898e-01,4.341432869298891273e-01,5.373142325119196760e-01,1.000000000000000000e+00,4.916849411345493026e-01,2.730850749729085147e-01,5.386798444562276300e-01,4.229408617679779048e-01,3.343658674208354054e-01,4.985445016220435011e-01,4.490704645753598179e-01,5.071870248602773357e-01,4.591348095388845252e-01,1.605823871614394105e-01,5.125302508051723382e-01,3.830259123958815737e-01,3.704885820417565534e-01,5.284162345012208828e-01,6.924876414223292143e-01,-1.662145997305753964e-01,5.530269797532163523e-01,2.493619728549794912e-01,5.955306635163696294e-01,5.206830010000758069e-01
4.296469589609870909e-01,3.047304640094611328e-01,3.246911448380492837e-01,4.576491908502999251e-01,2.362748073650819958e-01,1.383445249801637800e-01,4.649731378335471565e-01,-2.919677004160436407e-01,4.855980180418648096e-01,3.888938200864885952e-01,6.914373060123772952e-01,7.673398420687864707e-01,8.112842033773217665e-01,5.231163721377056763e-01,6.122018134218107921e-01,5.924420161575072452e-01,6.911041131738747678e-01,6.374221589034124724e-01,4.916849411345493026e-01,1.000000000000000000e+00,-6.384042689188845765e-02,8.194623483368207451e-01,3.381565880307572103e-01,2.055665733526470529e-01,4.350655929170485492e-01,2.248712974051553237e-01,4.760795443390860027e-01,4.932458179467748560e-01,3.657494902364847450e-02,3.488792489445170508e-01,7.647549611460309482e-02,6.006867714867303309e-01,5.648433085291606481e-01,3.245672516382775985e-01,-3.421417272575688062e-01,3.795989155534134629e-01,4.533245722165721303e-01,4.242438348875938736e-01,5.006711043453424548e-01
2.234780625865605552e-01,3.126704939663998983e-01,6.502147684270398464e-01,3.523267584773249195e-01,4.019968664236324707e-01,3.260270658003149857e-01,4.345332244235485808e-01,-6.390361798362294010e-01,4.424111116553655076e-01,2.661970302767455721e-01,1.885786584359020746e-01,1.375848158478172323e-01,-1.490995247866047646e-01,5.425769099413907393e-01,1.031342547799677933e-01,2.225481790911437163e-01,3.307776288947651966e-01,-1.060422910173361294e-01,2.730850749729085147e-01,-6.384042689188845765e-02,1.000000000000000000e+00,1.195676700978016010e-01,3.401249928696336022e-01,6.589368554564289937e-01,3.967948402583064138e-01,5.202165579444432142e-01,4.432200301575334733e-01,4.791046180275209676e-01,5.648126048330548432e-01,4.416417839613510643e-01,7.293072425409539150e-01,4.623303505636203181e-01,3.767500620877649586e-01,3.546308038303007670e-01,5.170913025358385706e-01,2.947010826750229295e-01,5.215693878899106961e-01,3.133360325347096520e-01,1.511707765857510932e-01
4.661708544914319186e-01,3.840005091970608020e-01,5.375013736751437232e-01,5.199284116020872482e-01,3.340645675319781072e-01,1.484033330904255543e-01,6.279322425097481064e-01,-4.861038160962445898e-01,5.578995609103080122e-01,4.327898917731990425e-01,7.379231624564902559e-01,8.443141253427677295e-01,7.367375789134190667e-01,6.801234005990024478e-01,6.372682729003976698e-01,6.524959262511600411e-01,7.532999335409735764e-01,6.497327754187220972e-01,5.386798444562276300e-01,8.194623483368207451e-01,1.195676700978016010e-01,1.000000000000000000e+00,3.480558731653288773e-01,2.782167394288238005e-01,4.480594053154271506e-01,3.941059031431198845e-01,6.096272792419212827e-01,7.463161612283664148e-01,1.815628555335379590e-01,5.219010449588074030e-01,2.781708217364342040e-01,6.415352519909672813e-01,6.774931731734469276e-01,4.811676076858089623e-01,-2.549917471107696620e-01,5.164930379764124391e-01,4.740810539871701534e-01,5.097312594875618164e-01,6.316296878554303884e-01
6.272927418075107120e-01,5.826041957710929031e-01,3.613900975118772285e-01,9.031831433735577896e-02,1.544299025350551469e-01,6.396610418987932478e-01,2.618321417367671655e-01,-3.764005496134387174e-01,6.470775655535631055e-01,6.017198165140171806e-01,2.275566953413212246e-01,4.392945428212759462e-01,3.777646959599365029e-02,5.685055700522635425e-01,5.368307527293715298e-01,5.481438764998926017e-01,5.347344953713711879e-01,3.602555850932401271e-01,4.229408617679779048e-01,3.381565880307572103e-01,3.401249928696336022e-01,3.480558731653288773e-01,1.000000000000000000e+00,6.431378757926674572e-01,8.700151607417641042e-01,6.477100557560346861e-01,6.462384325721652889e-01,4.288513256263887241e-01,5.707780291248236715e-01,6.559261656439613342e-01,5.526267019613932963e-01,5.620236849160505921e-01,6.689277276891869572e-01,3.386542485839527106e-01,3.336787614149090420e-01,5.850139470919899498e-01,4.707891657235260818e-01,5.952959903339450909e-01,4.995746504421245127e-01
3.680447814456456745e-01,3.684741078587153718e-01,5.182931185933906670e-01,3.103818875982352621e-01,2.987949197758096864e-01,5.729613455189381810e-01,4.496248731643170959e-01,-5.218649083525994659e-01,5.646921184902029545e-01,3.357228549028932751e-01,2.991814358868776225e-01,3.345912794878327934e-01,-2.207163685472939008e-02,6.594313761904114779e-01,3.171943324158278954e-01,3.066229111198692237e-01,5.720053164620376718e-01,1.450570047483653591e-01,3.343658674208354054e-01,2.055665733526470529e-01,6.589368554564289937e-01,2.782167394288238005e-01,6.431378757926674572e-01,1.000000000000000000e+00,6.555018066016690126e-01,6.067301291653741657e-01,5.512916346677552148e-01,4.923654876943895919e-01,6.804632818338540723e-01,5.567251665702475094e-01,6.486975379483093107e-01,6.376065989612541562e-01,5.937379170145302698e-01,3.076027898205023758e-01,5.708235595765992487e-01,4.115632591494374215e-01,6.637367340423788731e-01,4.267517963785276147e-01,2.866115938143580233e-01
6.944662327390251910e-01,6.132143040766642184e-01,4.760159897032085197e-01,2.149437570250565255e-01,2.509056331806772677e-01,6.549433528431805041e-01,3.732286748686313160e-01,-4.885349576168891983e-01,7.123568177642908283e-01,6.073828298330924413e-01,3.267751872973813643e-01,5.109570809648840140e-01,1.527069547482357015e-01,6.588717909066617029e-01,5.699545104234506887e-01,6.143780179455483603e-01,5.987566285982321990e-01,4.004757129130419036e-01,4.985445016220435011e-01,4.350655929170485492e-01,3.967948402583064138e-01,4.480594053154271506e-01,8.700151607417641042e-01,6.555018066016690126e-01,1.000000000000000000e+00,6.782437951412304544e-01,6.919465440588249416e-01,5.293579816980609198e-01,5.540095293682718580e-01,7.357226074356375545e-01,5.995648218320863698e-01,6.424357602395336375e-01,6.682390601440311162e-01,3.959513247290720184e-01,2.355737210455139674e-01,6.201348395605255082e-01,5.308027895192681811e-01,6.593998529608194881e-01,5.718963854229184296e-01
7.529202898020476153e-01,6.830856734389487706e-01,5.989237021470158462e-01,1.199269492082977590e-01,3.503302118693972789e-01,4.695140204913981763e-01,3.584087078072288879e-01,-6.019363568968691958e-01,7.557419743773245990e-01,6.879019433858145627e-01,3.194822909422133095e-01,4.658293962086632600e-01,2.741374218709377933e-02,7.714075997442160215e-01,5.678350143467115752e-01,6.678522721041828536e-01,4.688310723290399773e-01,2.273076802384167427e-01,4.490704645753598179e-01,2.248712974051553237e-01,5.202165579444432142e-01,3.941059031431198845e-01,6.477100557560346861e-01,6.067301291653741657e-01,6.782437951412304544e-01,1.000000000000000000e+00,7.077450399765381484e-01,7.224349579646787145e-01,6.707368481500229906e-01,7.640347060495423781e-01,7.299755756801095119e-01,4.545938257590796949e-01,7.039727949194737322e-01,5.731433284457683186e-01,3.604615124068955567e-01,7.208798345957349030e-01,3.719459457347251141e-01,7.843301567507365846e-01,5.632785994067198709e-01
6.247474865847685299e-01,6.253518373942192898e-01,5.634394331723410199e-01,2.624976615964856319e-01,2.363760537135436712e-01,4.793414678849329258e-01,3.923404703886960720e-01,-5.378378524900924162e-01,6.674103428811214433e-01,5.806968910604726197e-01,5.416079260886237368e-01,7.047364775246066637e-01,3.223121736383176006e-01,8.051861923493414119e-01,5.655154019527932618e-01,6.478526490378064828e-01,7.065772204737102991e-01,3.598937209934569004e-01,5.071870248602773357e-01,4.760795443390860027e-01,4.432200301575334733e-01,6.096272792419212827e-01,6.462384325721652889e-01,5.512916346677552148e-01,6.919465440588249416e-01,7.077450399765381484e-01,1.000000000000000000e+00,6.895626291797423146e-01,6.134576473285113796e-01,6.314643586912124240e-01,6.779287719653582789e-01,7.491239601694925643e-01,7.834860886253117718e-01,4.622900080572854842e-01,2.559357774044417888e-01,5.951719475220557110e-01,6.510862127829530888e-01,6.745855125251847273e-01,6.788853974642327094e-01
6.117296801124362249e-01,5.617154841963538647e-01,7.373982784982004990e-01,3.962091828833915197e-01,4.118080200686434211e-01,2.338345680768791623e-01,6.310122275253348123e-01,-7.010951778403061718e-01,6.804106134691062513e-01,5.509127047024863222e-01,5.924867103666375812e-01,6.886288999593492832e-01,4.081012844305660359e-01,8.381205080771279015e-01,5.881621281763407261e-01,6.888302931953220742e-01,6.252129911103103677e-01,3.931169206634000379e-01,4.591348095388845252e-01,4.932458179467748560e-01,4.791046180275209676e-01,7.463161612283664148e-01,4.288513256263887241e-01,4.923654876943895919e-01,5.293579816980609198e-01,7.224349579646787145e-01,6.895626291797423146e-01,1.000000000000000000e+00,4.424642364958449869e-01,7.300979404616295687e-01,6.212983659023235683e-01,5.801146961616184816e-01,7.102199577794178209e-01,5.910447774306217816e-01,6.542707065918967890e-02,6.802372718694038589e-01,4.724500094162636943e-01,6.500819196627670715e-01,6.323240784920208801e-01
3.861540585491655131e-01,4.227520939420104651e-01,3.295175955978285054e-01,8.359029188130888410e-02,4.562117924626421517e-02,6.522158181356226825e-01,2.746939558205014897e-01,-3.265229037912329990e-01,4.463540960833414228e-01,3.853327159354665299e-01,2.870064105076957084e-01,2.634520785801596765e-01,-1.782964931642605499e-01,6.005628464242379616e-01,2.479188027747101786e-01,3.104107149052346415e-01,4.808272335577977730e-01,7.315007187915363585e-02,1.605823871614394105e-01,3.657494902364847450e-02,5.648126048330548432e-01,1.815628555335379590e-01,5.707780291248236715e-01,6.804632818338540723e-01,5.540095293682718580e-01,6.707368481500229906e-01,6.134576473285113796e-01,4.424642364958449869e-01,1.000000000000000000e+00,5.154065375498059209e-01,6.206141694831485145e-01,5.696549118263720679e-01,5.811712107302325903e-01,1.097738137299851813e-01,6.821973917832462320e-01,4.176988294159026394e-01,5.512004359688844612e-01,4.363432498821389616e-01,3.385101003524250696e-01
7.178520117127458189e-01,6.487881234508788841e-01,6.522784523834547210e-01,3.177918650767891928e-01,4.055679215856001774e-01,4.061122364019087438e-01,5.490156668342850432e-01,-6.233977336181900641e-01,7.839828663722325786e-01,6.784741377539869056e-01,3.272719776479998677e-01,5.148673630472571094e-01,1.276070020288301021e-01,7.327350279298021629e-01,5.268188920013290311e-01,7.131378888053211407e-01,5.172733763780476002e-01,3.531461562668767873e-01,5.125302508051723382e-01,3.488792489445170508e-01,4.416417839613510643e-01,5.219010449588074030e-01,6.559261656439613342e-01,5.567251665702475094e-01,7.357226074356375545e-01,7.640347060495423781e-01,6.314643586912124240e-01,7.300979404616295687e-01,5.154065375498059209e-01,1.000000000000000000e+00,6.301010402091474782e-01,4.697551177649737508e-01,6.034777865053871926e-01,5.572367867961623977e-01,1.918996531184159193e-01,7.035997831071997277e-01,3.526091918965800209e-01,7.190698841018066112e-01,6.404689105242067360e-01
5.053550793206232905e-01,5.731701121591490367e-01,6.911824176962512167e-01,2.292702557649035078e-01,4.156654746291125746e-01,4.488841442966310380e-01,4.570893454998861682e-01,-6.883979726829602130e-01,6.465446824082683452e-01,5.889124256828569548e-01,2.673641869292198714e-01,3.303107813647541691e-01,-1.102422630183673424e-01,7.037552810771964262e-01,2.820345207688891853e-01,5.115094285396279972e-01,4.512808564385281662e-01,2.422676995932564626e-03,3.830259123958815737e-01,7.647549611460309482e-02,7.293072425409539150e-01,2.781708217364342040e-01,5.526267019613932963e-01,6.486975379483093107e-01,5.995648218320863698e-01,7.299755756801095119e-01,6.779287719653582789e-01,6.212983659023235683e-01,6.206141694831485145e-01,6.301010402091474782e-01,1.000000000000000000e+00,5.136079054038590330e-01,6.160354038689348499e-01,5.351486318297553613e-01,4.737071441097344127e-01,5.173106816806298802e-01,5.081078127628407826e-01,5.373871682912149117e-01,3.599867057382685753e-01
3.856100514337129082e-01,4.115714977901686611e-01,5.089124148537249592e-01,4.446107806469895007e-01,2.581613856517311900e-01,5.410604680036740222e-01,5.230997681777983521e-01,-4.903540836066522246e-01,5.390623360250029750e-01,3.930217786842897243e-01,6.544215482257499383e-01,6.448632101662843397e-01,4.875397707351007970e-01,7.304195901167724880e-01,4.255730744795807596e-01,4.814924072722554516e-01,8.508142049457019240e-01,4.473280579579849148e-01,3.704885820417565534e-01,6.006867714867303309e-01,4.623303505636203181e-01,6.415352519909672813e-01,5.620236849160505921e-01,6.376065989612541562e-01,6.424357602395336375e-01,4.545938257590796949e-01,7.491239601694925643e-01,5.801146961616184816e-01,5.696549118263720679e-01,4.697551177649737508e-01,5.136079054038590330e-01,1.000000000000000000e+00,7.477302898484384786e-01,2.488826790818565449e-01,2.342787146443226221e-01,3.916542125321443857e-01,8.957697305334867410e-01,3.975137203133315422e-01,4.062210923034899057e-01
6.180184255315789299e-01,5.787498749637598472e-01,5.646773607092483438e-01,2.062921516223756857e-01,2.818730921795623567e-01,5.005406477222424932e-01,4.867493548853590868e-01,-5.490741856091994055e-01,7.157758019529263382e-01,6.526393412068978161e-01,6.155792446104502158e-01,7.164739264962612930e-01,3.943064963203319895e-01,7.856153516644864832e-01,6.576135895052092062e-01,6.898185730725387987e-01,7.576843600849157978e-01,4.804093691682738143e-01,5.284162345012208828e-01,5.648433085291606481e-01,3.767500620877649586e-01,6.774931731734469276e-01,6.689277276891869572e-01,5.937379170145302698e-01,6.682390601440311162e-01,7.039727949194737322e-01,7.834860886253117718e-01,7.102199577794178209e-01,5.811712107302325903e-01,6.034777865053871926e-01,6.160354038689348499e-01,7.477302898484384786e-01,1.000000000000000000e+00,5.130966526514760817e-01,1.669871581966350105e-01,6.683606246026860820e-01,6.445809639170082539e-01,6.440346107008046994e-01,5.385011062342602850e-01
5.335081232292533393e-01,4.282196819464283433e-01,7.214877137596195089e-01,3.667355476325842023e-01,7.221729870851328892e-01,-1.148613644313281439e-02,5.015501445926338064e-01,-6.985645836667930819e-01,7.044595421953873116e-01,5.471468783899874344e-01,3.313104389247234494e-01,4.289404745873549030e-01,2.051671650137790182e-01,6.055894861755479752e-01,5.171997214067097781e-01,5.983627290846873503e-01,3.332445689317403148e-01,2.657595992613128733e-01,6.924876414223292143e-01,3.245672516382775985e-01,3.546308038303007670e-01,4.811676076858089623e-01,3.386542485839527106e-01,3.076027898205023758e-01,3.959513247290720184e-01,5.731433284457683186e-01,4.622900080572854842e-01,5.910447774306217816e-01,1.097738137299851813e-01,5.572367867961623977e-01,5.351486318297553613e-01,2.488826790818565449e-01,5.130966526514760817e-01,1.000000000000000000e+00,-1.442064994078944007e-01,5.619609809206261852e-01,1.432094884693875803e-01,6.012709485192599956e-01,4.131303269306827453e-01
4.622888325255868763e-02,2.046064973395391451e-01,7.060788155957153922e-02,-8.135740029386322181e-02,-1.108639644415777420e-01,4.834008898698863299e-01,1.384919093859873253e-02,-8.697836597662569891e-02,7.304547190961006853e-02,9.564374751283055698e-02,-1.185187408216720473e-01,-1.627321620092118393e-01,-4.955540396919791424e-01,2.270180289255962214e-01,-1.763290231140554332e-01,-8.640163977711891319e-02,1.257463622204106901e-01,-3.410671645022784193e-01,-1.662145997305753964e-01,-3.421417272575688062e-01,5.170913025358385706e-01,-2.549917471107696620e-01,3.336787614149090420e-01,5.708235595765992487e-01,2.355737210455139674e-01,3.604615124068955567e-01,2.559357774044417888e-01,6.542707065918967890e-02,6.821973917832462320e-01,1.918996531184159193e-01,4.737071441097344127e-01,2.342787146443226221e-01,1.669871581966350105e-01,-1.442064994078944007e-01,1.000000000000000000e+00,8.961059820084483346e-03,3.656781400120026615e-01,5.654788450896037350e-02,-4.319945613859940692e-02
7.321721258916034092e-01,6.476797581676310145e-01,4.851457335493115086e-01,1.107647549442402624e-01,2.476717921444261949e-01,3.382479296764168697e-01,3.669294046777577534e-01,-4.632152385972955200e-01,7.144337753850629191e-01,6.776357087440535443e-01,3.816694080450143134e-01,5.923156277070908970e-01,1.939017514330588221e-01,6.654658933994368475e-01,6.962908066863797707e-01,7.392149648369429338e-01,4.035027791824625787e-01,3.533961256075894286e-01,5.530269797532163523e-01,3.795989155534134629e-01,2.947010826750229295e-01,5.164930379764124391e-01,5.850139470919899498e-01,4.115632591494374215e-01,6.201348395605255082e-01,7.208798345957349030e-01,5.951719475220557110e-01,6.802372718694038589e-01,4.176988294159026394e-01,7.035997831071997277e-01,5.173106816806298802e-01,3.916542125321443857e-01,6.683606246026860820e-01,5.619609809206261852e-01,8.961059820084483346e-03,1.000000000000000000e+00,2.468667188305894433e-01,7.826549608248272172e-01,6.735801002508452484e-01
2.569292931316606299e-01,3.375649875221852225e-01,4.528170562077867278e-01,3.713354685855674853e-01,2.205302863362756660e-01,5.188390808520325637e-01,4.267750291644814564e-01,-4.362387432305295798e-01,4.234326557824587556e-01,2.806819014490188890e-01,5.471918171097064354e-01,5.067136219803844988e-01,3.885925283399499497e-01,6.517885717300515580e-01,2.743155092937721862e-01,3.270240617632821367e-01,7.604643890680080620e-01,3.152482100839623658e-01,2.493619728549794912e-01,4.533245722165721303e-01,5.215693878899106961e-01,4.740810539871701534e-01,4.707891657235260818e-01,6.637367340423788731e-01,5.308027895192681811e-01,3.719459457347251141e-01,6.510862127829530888e-01,4.724500094162636943e-01,5.512004359688844612e-01,3.526091918965800209e-01,5.081078127628407826e-01,8.957697305334867410e-01,6.445809639170082539e-01,1.432094884693875803e-01,3.656781400120026615e-01,2.468667188305894433e-01,1.000000000000000000e+00,2.534044737037743911e-01,2.275870701711422972e-01
8.615924068032495553e-01,7.541697299441022517e-01,5.138307991505410843e-01,1.501421608688489062e-01,2.918474219205151043e-01,3.548311704440730852e-01,2.928992069953929023e-01,-5.026515567833350628e-01,7.840635094058308052e-01,7.400262202301710612e-01,3.463698355906285054e-01,6.308036867005852866e-01,2.252492387290285780e-01,6.940370629756027476e-01,7.321755743641433778e-01,7.855267762269637632e-01,4.284839359817745330e-01,2.917128225542419129e-01,5.955306635163696294e-01,4.242438348875938736e-01,3.133360325347096520e-01,5.097312594875618164e-01,5.952959903339450909e-01,4.267517963785276147e-01,6.593998529608194881e-01,7.843301567507365846e-01,6.745855125251847273e-01,6.500819196627670715e-01,4.363432498821389616e-01,7.190698841018066112e-01,5.373871682912149117e-01,3.975137203133315422e-01,6.440346107008046994e-01,6.012709485192599956e-01,5.654788450896037350e-02,7.826549608248272172e-01,2.534044737037743911e-01,1.000000000000000000e+00,7.888478979682701508e-01
7.131624339211967145e-01,6.171115975857144331e-01,3.706505296590914544e-01,2.076862579835880018e-01,7.659808135083648328e-02,3.115026280934667380e-01,2.852861846495085563e-01,-3.482213688812672570e-01,5.737248373624821429e-01,5.221183643566866817e-01,4.245876381183220083e-01,7.283055012306443032e-01,3.128579531084809684e-01,6.019865886022910395e-01,6.709302777393969519e-01,6.623739022495257478e-01,4.386998919331926428e-01,4.137462021983714378e-01,5.206830010000758069e-01,5.006711043453424548e-01,1.511707765857510932e-01,6.316296878554303884e-01,4.995746504421245127e-01,2.866115938143580233e-01,5.718963854229184296e-01,5.632785994067198709e-01,6.788853974642327094e-01,6.323240784920208801e-01,3.385101003524250696e-01,6.404689105242067360e-01,3.599867057382685753e-01,4.062210923034899057e-01,5.385011062342602850e-01,4.131303269306827453e-01,-4.319945613859940692e-02,6.735801002508452484e-01,2.275870701711422972e-01,7.888478979682701508e-01,1.000000000000000000e+00
