1.000000000000000000e+00,3.126098758334813765e-01,8.528010667607595074e-01,1.303842652856812279e-01,8.178789220655052761e-01,4.429225156796078311e-01,6.231811846003916244e-01,7.448803786131232840e-01,1.194047668676830320e-01,3.549696638398174287e-01,5.880715963211430308e-01,1.988039989904401839e-01,-5.342854403922344675e-01,6.530765683431221102e-01,7.024596119901908020e-01,4.682747211241046759e-01,5.733610164451048430e-01,7.045140059814286593e-01,4.828764715485124315e-01,8.141579785490048460e-01,-6.520535737394326237e-01,7.596571781526705314e-01,6.259885998332256341e-01,-2.115045111927243426e-01,-6.236034258825593479e-01,4.574488014019947868e-01,7.153972863110262814e-01,7.962720353732695155e-01,-7.936169899216920509e-01,4.971539676079653192e-01,6.644320780235706270e-01,-4.995420572804060155e-01,-7.376379235445711391e-01,3.842814561397366324e-01,-2.960692404933568805e-02,4.301640682207915067e-01,-4.682653949270357274e-01,6.619655249404816644e-01,-3.440910956049487712e-01
3.126098758334813765e-01,1.000000000000000000e+00,2.524536648985307163e-01,1.340865002705002584e-01,5.049906301279616372e-01,8.496768370456782293e-02,2.078055506181976375e-01,4.712633608140807673e-01,2.360224094045544618e-01,4.119735361548890196e-01,2.887767450942624881e-01,4.071362731363235010e-01,-1.064745840965621720e-01,4.105534669897869526e-01,3.425158806332304073e-01,7.080091141450434167e-02,2.925920834199834952e-01,2.318963888453381694e-01,6.481809014726542806e-01,2.420227326261932543e-01,-2.341709718541735707e-01,3.845889410520639262e-01,1.901494973824792434e-01,-1.341040116717801163e-02,-2.863760582971565105e-01,3.836025455063736822e-01,3.376169737989788699e-01,2.249110321408373803e-01,-3.570463049954691326e-01,3.315299099167011154e-01,1.924469916807230452e-01,-5.741085535122957273e-01,-1.792568198982813499e-01,2.209887615936786398e-01,-2.228410257979589193e-01,4.264023656795198347e-01,-4.546296312691870400e-01,5.321897671868430768e-01,-1.634694173694575259e-01
8.528010667607595074e-01,2.524536648985307163e-01,1.000000000000000000e+00,1.807368777755117006e-01,7.866048311226585543e-01,4.774060172618266873e-01,7.210420091164176926e-01,7.497927733293027197e-01,1.256197658721195931e-01,3.096952129294155420e-01,6.005463378589079859e-01,8.808089240179135804e-02,-5.844805443779491627e-01,6.948501837650457036e-01,6.923382612795100366e-01,3.732191145380608366e-01,6.169455397869605395e-01,7.163379660820524686e-01,4.282465018790128086e-01,8.615435735952793328e-01,-6.483319921580754652e-01,8.028737798800436032e-01,6.322433035554501091e-01,-2.002949866645530319e-01,-5.757739835487318825e-01,6.027163065615565030e-01,6.145560627476327475e-01,9.062442990969352685e-01,-6.225816291657995105e-01,4.957358231133083271e-01,7.727459706314184773e-01,-3.235519788147555587e-01,-7.154483452202797800e-01,3.690503549345488521e-01,8.859222849931483457e-02,3.493964864179358587e-01,-3.852908811261698263e-01,5.667477016474025131e-01,-4.645450867819966856e-01
1.303842652856812279e-01,1.340865002705002584e-01,1.807368777755117006e-01,1.000000000000000000e+00,7.674774895074408521e-02,1.885663158111671595e-02,2.897123808521654409e-01,2.151876128224502471e-01,-3.299638470925267408e-01,-1.996126693197847746e-01,2.306198632849797148e-01,-1.917337220689488697e-01,1.408977528043978411e-01,7.565732693448508350e-02,-1.414812541852557004e-01,-2.826089906163727905e-01,3.019425743484983604e-01,5.254256269004318938e-04,-6.236381376759438794e-02,3.211485963602540572e-01,-2.489931591560636259e-01,2.272341172256551745e-01,1.473656644861199849e-01,-3.889048290431978278e-02,-1.071369775844310118e-01,2.384114334952751879e-01,1.618092922904653952e-01,1.557462900548523821e-01,1.105676511008690278e-02,-1.967332189555348609e-01,-2.394924255378752878e-02,2.084713586507194391e-02,-2.093730606510727510e-01,-2.457938961827277058e-01,-1.948168226303371164e-01,-1.475824014687138891e-02,-4.965043728549305840e-02,-3.056443314914201667e-02,-4.347016827391531613e-01
8.178789220655052761e-01,5.049906301279616372e-01,7.866048311226585543e-01,7.674774895074408521e-02,1.000000000000000000e+00,4.504153684053472939e-01,4.776471671233862293e-01,7.287555883811076551e-01,3.743625169705306344e-01,5.078264553361464539e-01,5.565590909419199095e-01,4.751432182708689722e-01,-5.398276765984026948e-01,6.613621410441515858e-01,7.659954292773594187e-01,4.693428389323858752e-01,5.060495650840760584e-01,7.084219924752318542e-01,6.997451435918775609e-01,7.296735604277079235e-01,-5.932463660652788073e-01,6.994978471696275957e-01,5.983025687060998798e-01,-1.179503363985278525e-01,-5.434095777483968215e-01,5.006807547717457840e-01,6.947835270776318017e-01,7.432868069253488752e-01,-7.412290034448059117e-01,6.171085516441686680e-01,6.267101624114691516e-01,-5.220832198519151923e-01,-5.767671661460224142e-01,5.222280817009206100e-01,-1.372514092443837853e-02,4.457188718252559911e-01,-5.155368941846011355e-01,7.809423310513450289e-01,-2.259245059558125934e-01
4.429225156796078311e-01,8.496768370456782293e-02,4.774060172618266873e-01,1.885663158111671595e-02,4.504153684053472939e-01,1.000000000000000000e+00,3.162906772279462930e-01,3.862687875760915657e-01,8.339461085322839862e-02,2.067861132574520533e-01,2.677137478306158558e-01,9.237439020704819870e-02,-4.131656453646843086e-01,2.754540012431500595e-01,4.067598241206389353e-01,2.073515791814454223e-01,3.329426760316949174e-01,4.363258358303607198e-01,2.661128696313564412e-01,3.797915503126426118e-01,-4.050195930998468641e-01,3.943860853489262741e-01,1.658697456344823962e-01,-4.820263432501097345e-01,-3.382282627414686660e-01,3.424129432764758674e-01,3.164752418594176664e-01,4.199045650256260642e-01,-3.204845479739641401e-01,3.212676858406101621e-01,4.356591227469819305e-01,-2.386536441504369388e-01,-3.278299436723194349e-01,2.660286370641896103e-01,-1.019961789363984794e-01,2.768642292044589670e-01,-3.523521460841663178e-01,2.283806435581580141e-01,-1.484273002861776491e-01
6.231811846003916244e-01,2.078055506181976375e-01,7.210420091164176926e-01,2.897123808521654409e-01,4.776471671233862293e-01,3.162906772279462930e-01,1.000000000000000000e+00,8.068610205256740997e-01,-1.421456986071296946e-01,-8.594715463201330063e-02,6.975443263956458972e-01,-3.956390760485939961e-01,-3.303059835253657206e-01,6.975984365933642906e-01,5.005329618319539486e-01,-1.422457994941581094e-01,7.945780713795003170e-01,6.467231046697231589e-01,3.529468501951658621e-01,7.213651319919230920e-01,-5.991799804496812376e-01,8.688188652781170251e-01,2.674669299562527081e-01,-4.160245620408759559e-01,-7.036675196557186096e-01,7.823147025389760589e-01,4.016192891926452790e-01,6.647297257567437168e-01,-3.670646576116421422e-01,1.711913435585160903e-01,6.395115525173423743e-01,-3.668646946604932624e-01,-7.817052551167111840e-01,2.831604112251396854e-01,-2.479374401366258099e-02,3.892628269300897337e-01,-2.974919123521054254e-01,3.178151019907696218e-01,-5.966300535792281590e-01
7.448803786131232840e-01,4.712633608140807673e-01,7.497927733293027197e-01,2.151876128224502471e-01,7.287555883811076551e-01,3.862687875760915657e-01,8.068610205256740997e-01,1.000000000000000000e+00,1.065656018286925827e-01,1.455462712205471409e-01,7.526558581741398246e-01,9.822747018272173433e-03,-4.083109284808440487e-01,7.392492473935604602e-01,6.978754613708941790e-01,1.183484593931317594e-02,7.967875393106612636e-01,7.434405943459417854e-01,6.582936681098765508e-01,7.593593522524456629e-01,-7.049433637417148457e-01,9.144983591809259238e-01,3.553546413824170691e-01,-4.272806343145916785e-01,-7.850116299193496960e-01,7.531550131902530199e-01,6.062420799354589773e-01,6.830084438370765954e-01,-6.167276479594052674e-01,3.755876380136815018e-01,6.480205268305823108e-01,-6.011486606832981971e-01,-7.971786079243146084e-01,4.638534706095113203e-01,-1.207847222598616571e-01,5.196429843633638690e-01,-4.804458183496881918e-01,5.932774209770526053e-01,-4.612856048090829275e-01
1.194047668676830320e-01,2.360224094045544618e-01,1.256197658721195931e-01,-3.299638470925267408e-01,3.743625169705306344e-01,8.339461085322839862e-02,-1.421456986071296946e-01,1.065656018286925827e-01,1.000000000000000000e+00,5.204295509346188453e-01,-5.450583911350651359e-03,5.584923786084475816e-01,-9.444422080650367868e-02,1.419310344829414483e-01,4.241464859704007773e-01,3.422213008104345033e-01,-7.168417716247262039e-02,3.199206565283670423e-01,4.790861390748746840e-01,1.379416725098731554e-02,-8.690578657180136890e-02,5.845858299365510463e-02,1.533318777795534549e-01,2.496884811600084964e-01,-7.363781038103345278e-02,2.701927361528556198e-02,2.363360479193298280e-01,1.306390299658035936e-01,-2.784651790565200735e-01,5.062755945950095926e-01,5.474071643455697550e-02,-2.385007461204001755e-01,8.967365308547503577e-02,6.208919666939860527e-01,-1.282003044262004267e-02,1.117260145728163345e-01,-3.026461182577367404e-01,4.614030056390742707e-01,4.207822524886084548e-01
3.549696638398174287e-01,4.119735361548890196e-01,3.096952129294155420e-01,-1.996126693197847746e-01,5.078264553361464539e-01,2.067861132574520533e-01,-8.594715463201330063e-02,1.455462712205471409e-01,5.204295509346188453e-01,1.000000000000000000e+00,-7.165793806974493640e-02,6.212414540952123643e-01,-2.338978409624321575e-01,1.763357895255625307e-01,3.431759808586809513e-01,7.319051814918496879e-01,-1.943772239854621997e-01,1.704589233058615427e-01,3.449488415588766732e-01,1.423506707111203418e-01,-1.087841423493408344e-01,1.145049537641808363e-01,4.231204550031967826e-01,3.232187278272377062e-01,5.157732263932619104e-02,-1.203799000384784754e-02,2.802345159312145118e-01,3.426494241119629747e-01,-4.589184006581093489e-01,5.947730914864156615e-01,1.795684824797195156e-01,-3.312425369667074682e-01,8.436592963429669079e-02,2.284061035134182793e-01,1.028175740974153138e-02,2.149701684623423481e-01,-4.392171332773332493e-01,5.070364980108509334e-01,2.851791653228222256e-01
5.880715963211430308e-01,2.887767450942624881e-01,6.005463378589079859e-01,2.306198632849797148e-01,5.565590909419199095e-01,2.677137478306158558e-01,6.975443263956458972e-01,7.526558581741398246e-01,-5.450583911350651359e-03,-7.165793806974493640e-02,1.000000000000000000e+00,-6.939037402615000349e-02,-3.382446574398712547e-01,6.119870303659604716e-01,5.582850369880821839e-01,-1.211826878229461529e-01,7.427735577764673636e-01,6.104485567007330582e-01,5.012153946497807100e-01,6.397770785073220168e-01,-5.244343363620173060e-01,7.541725173245000802e-01,2.803195617804821183e-01,-3.994464568772847501e-01,-7.528747643320119476e-01,6.425664557317124492e-01,4.734583631098404077e-01,5.370590228694646084e-01,-4.305354302388221810e-01,2.194954697692288736e-01,5.546693686750266972e-01,-3.906696937857300767e-01,-7.231156827316110869e-01,3.520841633015387995e-01,-1.502503423231979773e-01,3.764557571374326783e-01,-3.037153536735143211e-01,4.543709155539457090e-01,-4.938127476154560713e-01
1.988039989904401839e-01,4.071362731363235010e-01,8.808089240179135804e-02,-1.917337220689488697e-01,4.751432182708689722e-01,9.237439020704819870e-02,-3.956390760485939961e-01,9.822747018272173433e-03,5.584923786084475816e-01,6.212414540952123643e-01,-6.939037402615000349e-02,1.000000000000000000e+00,-1.341887833345617731e-01,2.303460519446278928e-02,3.405856662600826867e-01,5.448870271395118703e-01,-2.268652066228661335e-01,1.224857262089638771e-01,4.577653811140304785e-01,3.129974713807787134e-02,-4.744939382336756800e-02,-8.537957973724480398e-02,3.215251943641169174e-01,3.201213765840402736e-01,7.164689112063163390e-02,-1.987169694688948884e-01,3.478010552825869239e-01,1.015057828014711144e-01,-4.085273792960905093e-01,4.377389653745903941e-01,-2.264754905899637322e-02,-2.436174250861128932e-01,1.634624135546740575e-01,3.113597744778552334e-01,-3.284317901243331145e-02,1.033931277064222831e-01,-2.436941092295613343e-01,4.794427439906988608e-01,2.884171014037242298e-01
-5.342854403922344675e-01,-1.064745840965621720e-01,-5.844805443779491627e-01,1.408977528043978411e-01,-5.398276765984026948e-01,-4.131656453646843086e-01,-3.303059835253657206e-01,-4.083109284808440487e-01,-9.444422080650367868e-02,-2.338978409624321575e-01,-3.382446574398712547e-01,-1.341887833345617731e-01,1.000000000000000000e+00,-4.391460498497505860e-01,-3.742295906607064904e-01,-4.230397761688027836e-01,-3.024796465925109201e-01,-3.809703301848422763e-01,-2.021611404335111606e-01,-5.138237978053876720e-01,4.100235912792635773e-01,-4.045378532962642382e-01,-4.880563207092269429e-01,1.774456249918349160e-01,2.117018563505607132e-01,-3.275609386582818416e-01,-3.353948567516296109e-01,-6.017031709412286045e-01,3.722898611806424451e-01,-4.286101544066003854e-01,-7.712493607331672996e-01,1.039051047084487284e-01,4.529681862236246692e-01,-1.264057578673455084e-01,-2.149121138768861905e-01,-1.280478044986199659e-01,2.260645521507047839e-01,-4.367745329285012690e-01,1.673682210191082265e-01
6.530765683431221102e-01,4.105534669897869526e-01,6.948501837650457036e-01,7.565732693448508350e-02,6.613621410441515858e-01,2.754540012431500595e-01,6.975984365933642906e-01,7.392492473935604602e-01,1.419310344829414483e-01,1.763357895255625307e-01,6.119870303659604716e-01,2.303460519446278928e-02,-4.391460498497505860e-01,1.000000000000000000e+00,5.875500959639232690e-01,1.482108297867787694e-01,6.059782232414110403e-01,6.412420470414710305e-01,5.454272637614500097e-01,6.979731582233121845e-01,-5.616865844819712850e-01,7.532000148442929977e-01,4.444186693427344403e-01,-2.169807541420024077e-01,-5.725884739587953076e-01,6.729455473312837555e-01,5.868690483602690966e-01,6.889546828059255335e-01,-4.847240270248264760e-01,4.445585894588676701e-01,6.844663705793367914e-01,-3.720324358699260148e-01,-6.312602151475233958e-01,4.187593701457532624e-01,9.343147656538423884e-02,3.714930441477780065e-01,-3.212213656600133582e-01,5.062832669962351595e-01,-4.905113298907882724e-01
7.024596119901908020e-01,3.425158806332304073e-01,6.923382612795100366e-01,-1.414812541852557004e-01,7.659954292773594187e-01,4.067598241206389353e-01,5.005329618319539486e-01,6.978754613708941790e-01,4.241464859704007773e-01,3.431759808586809513e-01,5.582850369880821839e-01,3.405856662600826867e-01,-3.742295906607064904e-01,5.875500959639232690e-01,1.000000000000000000e+00,2.664786408025262565e-01,5.575365525091146024e-01,8.351552062321532244e-01,7.575023993219941465e-01,6.211404000975520034e-01,-5.654366641982763175e-01,6.852405987546383859e-01,3.740683828941526179e-01,-2.124388580019972717e-01,-6.566632518929769180e-01,5.237431374259219341e-01,5.913991687048054668e-01,6.288073764265270649e-01,-6.470093861423316106e-01,5.359269383613065596e-01,5.308601129482821701e-01,-5.299142728135985969e-01,-6.070911660800684118e-01,7.634548624285694141e-01,-8.467883396414872810e-02,4.785012029132583722e-01,-4.351221439130152357e-01,6.179729938016729207e-01,-1.945488342322201081e-01
4.682747211241046759e-01,7.080091141450434167e-02,3.732191145380608366e-01,-2.826089906163727905e-01,4.693428389323858752e-01,2.073515791814454223e-01,-1.422457994941581094e-01,1.183484593931317594e-02,3.422213008104345033e-01,7.319051814918496879e-01,-1.211826878229461529e-01,5.448870271395118703e-01,-4.230397761688027836e-01,1.482108297867787694e-01,2.664786408025262565e-01,1.000000000000000000e+00,-2.671170033706296021e-01,1.333799383108778824e-01,7.010804968129694115e-02,2.320131084517267350e-01,-1.086451401540958067e-01,1.581901034916092033e-02,5.621581083189245431e-01,3.287442073414659216e-01,1.134774682864276296e-01,-2.291512092747203522e-01,3.091411847913670963e-01,4.185746668067608645e-01,-5.119970066995872537e-01,5.417547607965191858e-01,2.753694697927505652e-01,-9.234058107559456330e-02,9.731651482186557192e-03,9.098077052655498265e-02,2.208659718158485219e-01,4.101031860438796722e-02,-2.190472478352413210e-01,4.231139285910916481e-01,2.393682519681113174e-01
5.733610164451048430e-01,2.925920834199834952e-01,6.169455397869605395e-01,3.019425743484983604e-01,5.060495650840760584e-01,3.329426760316949174e-01,7.945780713795003170e-01,7.967875393106612636e-01,-7.168417716247262039e-02,-1.943772239854621997e-01,7.427735577764673636e-01,-2.268652066228661335e-01,-3.024796465925109201e-01,6.059782232414110403e-01,5.575365525091146024e-01,-2.671170033706296021e-01,1.000000000000000000e+00,6.591877053776916684e-01,5.157707651230801771e-01,6.748640821227025466e-01,-5.828120078983850538e-01,8.199583171971803752e-01,1.612068298086695994e-01,-5.193207953743639305e-01,-7.675776825184680296e-01,7.431933579738652096e-01,4.687190359487036218e-01,5.410989361441926881e-01,-3.959169705838524456e-01,1.731321471516637789e-01,5.575933860528297092e-01,-4.107903557038539710e-01,-7.648774894777892186e-01,3.763598839451763323e-01,-1.767939547270248324e-01,3.607943578852548239e-01,-3.086734064022294000e-01,3.867792221065434743e-01,-5.518724250042120749e-01
7.045140059814286593e-01,2.318963888453381694e-01,7.163379660820524686e-01,5.254256269004318938e-04,7.084219924752318542e-01,4.363258358303607198e-01,6.467231046697231589e-01,7.434405943459417854e-01,3.199206565283670423e-01,1.704589233058615427e-01,6.104485567007330582e-01,1.224857262089638771e-01,-3.809703301848422763e-01,6.412420470414710305e-01,8.351552062321532244e-01,1.333799383108778824e-01,6.591877053776916684e-01,1.000000000000000000e+00,6.676728365261183074e-01,6.872371454488745979e-01,-5.963112343774272794e-01,7.486366822751150396e-01,3.558909507630085844e-01,-2.688986325541115607e-01,-6.908941338706905411e-01,6.253301613633299727e-01,6.284193945274372251e-01,6.378212920408463660e-01,-5.890657901655773632e-01,3.762453561969302807e-01,5.583727096347071983e-01,-5.015549909079926039e-01,-6.672535090630646870e-01,7.120160282796810236e-01,-1.147028411549289723e-01,4.139151138195125701e-01,-4.578250562792192668e-01,5.122244027664508703e-01,-3.011949054481825594e-01
4.828764715485124315e-01,6.481809014726542806e-01,4.282465018790128086e-01,-6.236381376759438794e-02,6.997451435918775609e-01,2.661128696313564412e-01,3.529468501951658621e-01,6.582936681098765508e-01,4.790861390748746840e-01,3.449488415588766732e-01,5.012153946497807100e-01,4.577653811140304785e-01,-2.021611404335111606e-01,5.454272637614500097e-01,7.575023993219941465e-01,7.010804968129694115e-02,5.157707651230801771e-01,6.676728365261183074e-01,1.000000000000000000e+00,3.830235889578277320e-01,-4.170544429338560732e-01,5.855265983048387746e-01,2.005170726609936394e-01,-2.010897803023349029e-01,-5.782464162764949789e-01,5.363825467830777294e-01,5.322093810814382264e-01,3.628014072196187323e-01,-5.285464024471003830e-01,4.750506055615179579e-01,3.253948265780640114e-01,-6.449386727254008411e-01,-4.023970874284732990e-01,6.814220939788024900e-01,-2.280949740385467828e-01,4.953011561636120885e-01,-5.089299263777291582e-01,6.476078845610008239e-01,-1.344519527674447879e-01
8.141579785490048460e-01,2.420227326261932543e-01,8.615435735952793328e-01,3.211485963602540572e-01,7.296735604277079235e-01,3.797915503126426118e-01,7.213651319919230920e-01,7.593593522524456629e-01,1.379416725098731554e-02,1.423506707111203418e-01,6.397770785073220168e-01,3.129974713807787134e-02,-5.138237978053876720e-01,6.979731582233121845e-01,6.211404000975520034e-01,2.320131084517267350e-01,6.748640821227025466e-01,6.872371454488745979e-01,3.830235889578277320e-01,1.000000000000000000e+00,-6.750893481657810336e-01,7.851711034691322144e-01,5.865396548547697764e-01,-2.044459969351624107e-01,-6.212969780492494376e-01,5.832251777194796816e-01,6.688700774846086938e-01,8.290813558342220446e-01,-6.344689967937751085e-01,3.466694294592189696e-01,7.178495442599168719e-01,-3.300696060979921853e-01,-7.738071077605798154e-01,3.184980571835235308e-01,7.149751306062998579e-02,3.748446167239253835e-01,-2.939523266619740727e-01,5.359325293100145604e-01,-5.513576932859197699e-01
-6.520535737394326237e-01,-2.341709718541735707e-01,-6.483319921580754652e-01,-2.489931591560636259e-01,-5.932463660652788073e-01,-4.050195930998468641e-01,-5.991799804496812376e-01,-7.049433637417148457e-01,-8.690578657180136890e-02,-1.087841423493408344e-01,-5.244343363620173060e-01,-4.744939382336756800e-02,4.100235912792635773e-01,-5.616865844819712850e-01,-5.654366641982763175e-01,-1.086451401540958067e-01,-5.828120078983850538e-01,-5.963112343774272794e-01,-4.170544429338560732e-01,-6.750893481657810336e-01,1.000000000000000000e+00,-6.782174741657485129e-01,-4.045776630354039893e-01,3.675795705576239136e-01,6.065046124860767884e-01,-5.029169882914985568e-01,-5.662218313395118718e-01,-6.222871827958715851e-01,5.508057687665816049e-01,-3.286289328249591968e-01,-5.554360074125526125e-01,3.267613672362734145e-01,7.022604912814721656e-01,-3.531550925710290056e-01,-1.151555767792358971e-02,-3.718734685093690873e-01,2.608661877284543240e-01,-4.305793701569204934e-01,3.954756246667479602e-01
7.596571781526705314e-01,3.845889410520639262e-01,8.028737798800436032e-01,2.272341172256551745e-01,6.994978471696275957e-01,3.943860853489262741e-01,8.688188652781170251e-01,9.144983591809259238e-01,5.845858299365510463e-02,1.145049537641808363e-01,7.541725173245000802e-01,-8.537957973724480398e-02,-4.045378532962642382e-01,7.532000148442929977e-01,6.852405987546383859e-01,1.581901034916092033e-02,8.199583171971803752e-01,7.486366822751150396e-01,5.855265983048387746e-01,7.851711034691322144e-01,-6.782174741657485129e-01,1.000000000000000000e+00,3.747944164843459158e-01,-4.157705900018380807e-01,-7.752973594770012911e-01,7.756104214995040991e-01,5.822222924461477600e-01,7.388003221421047817e-01,-5.749871827986067219e-01,3.628010755511145713e-01,6.738757848279806062e-01,-5.192599443112254631e-01,-8.122690043082916311e-01,4.363222758698105386e-01,-9.338316538422301860e-02,4.713754673686031405e-01,-4.435029814953538874e-01,5.369325854349307203e-01,-5.201578407939462245e-01
6.259885998332256341e-01,1.901494973824792434e-01,6.322433035554501091e-01,1.473656644861199849e-01,5.983025687060998798e-01,1.658697456344823962e-01,2.674669299562527081e-01,3.553546413824170691e-01,1.533318777795534549e-01,4.231204550031967826e-01,2.803195617804821183e-01,3.215251943641169174e-01,-4.880563207092269429e-01,4.444186693427344403e-01,3.740683828941526179e-01,5.621581083189245431e-01,1.612068298086695994e-01,3.558909507630085844e-01,2.005170726609936394e-01,5.865396548547697764e-01,-4.045776630354039893e-01,3.747944164843459158e-01,1.000000000000000000e+00,1.824890714240498535e-01,-1.024803847229092679e-01,2.175230247067761191e-01,4.804221964615978391e-01,6.474066258965556209e-01,-4.900259962607170228e-01,4.415907761976913259e-01,5.369184627251990527e-01,-5.102247385807257701e-02,-3.913731762611424303e-01,6.068161256167640960e-02,2.800962265791369643e-01,7.963720788942989237e-02,-1.540546650542046758e-01,5.640919767863102896e-01,-2.007115536916052045e-01
-2.115045111927243426e-01,-1.341040116717801163e-02,-2.002949866645530319e-01,-3.889048290431978278e-02,-1.179503363985278525e-01,-4.820263432501097345e-01,-4.160245620408759559e-01,-4.272806343145916785e-01,2.496884811600084964e-01,3.232187278272377062e-01,-3.994464568772847501e-01,3.201213765840402736e-01,1.774456249918349160e-01,-2.169807541420024077e-01,-2.124388580019972717e-01,3.287442073414659216e-01,-5.193207953743639305e-01,-2.688986325541115607e-01,-2.010897803023349029e-01,-2.044459969351624107e-01,3.675795705576239136e-01,-4.157705900018380807e-01,1.824890714240498535e-01,1.000000000000000000e+00,4.744842945402782952e-01,-3.985566939842228873e-01,-1.045781605732305358e-01,-1.284438331970783609e-01,9.145610097704605368e-02,-1.510283236787440982e-02,-2.716710999013373651e-01,2.059171072088952503e-01,4.168672309024364364e-01,-1.053182759970100468e-01,2.266766244206974978e-01,-3.428294796511169862e-01,2.006826360622731287e-01,6.092107659712141070e-03,2.446213522099201232e-01
-6.236034258825593479e-01,-2.863760582971565105e-01,-5.757739835487318825e-01,-1.071369775844310118e-01,-5.434095777483968215e-01,-3.382282627414686660e-01,-7.036675196557186096e-01,-7.850116299193496960e-01,-7.363781038103345278e-02,5.157732263932619104e-02,-7.528747643320119476e-01,7.164689112063163390e-02,2.117018563505607132e-01,-5.725884739587953076e-01,-6.566632518929769180e-01,1.134774682864276296e-01,-7.675776825184680296e-01,-6.908941338706905411e-01,-5.782464162764949789e-01,-6.212969780492494376e-01,6.065046124860767884e-01,-7.752973594770012911e-01,-1.024803847229092679e-01,4.744842945402782952e-01,1.000000000000000000e+00,-5.739449953000599347e-01,-5.272148993914105297e-01,-4.832157246892475611e-01,5.632248801922753456e-01,-2.075324888863620265e-01,-4.714573654669426128e-01,5.615764895158740222e-01,7.551241618511150833e-01,-5.037412522960772465e-01,1.658600279471999506e-01,-5.156131620611372757e-01,3.397466662151290007e-01,-4.762595419247492856e-01,4.007921854754668001e-01
4.574488014019947868e-01,3.836025455063736822e-01,6.027163065615565030e-01,2.384114334952751879e-01,5.006807547717457840e-01,3.424129432764758674e-01,7.823147025389760589e-01,7.531550131902530199e-01,2.701927361528556198e-02,-1.203799000384784754e-02,6.425664557317124492e-01,-1.987169694688948884e-01,-3.275609386582818416e-01,6.729455473312837555e-01,5.237431374259219341e-01,-2.291512092747203522e-01,7.431933579738652096e-01,6.253301613633299727e-01,5.363825467830777294e-01,5.832251777194796816e-01,-5.029169882914985568e-01,7.756104214995040991e-01,2.175230247067761191e-01,-3.985566939842228873e-01,-5.739449953000599347e-01,1.000000000000000000e+00,3.719753689739782598e-01,5.937934808429164990e-01,-2.272247548021328611e-01,2.564065520230498496e-01,5.982727018305868949e-01,-3.506834430751488152e-01,-6.321683221319678303e-01,3.943794512132868246e-01,-1.247904754470636687e-02,3.996003616598590713e-01,-3.153821718502384241e-01,3.448491985303577256e-01,-5.410926577851946639e-01
7.153972863110262814e-01,3.376169737989788699e-01,6.145560627476327475e-01,1.618092922904653952e-01,6.947835270776318017e-01,3.164752418594176664e-01,4.016192891926452790e-01,6.062420799354589773e-01,2.363360479193298280e-01,2.802345159312145118e-01,4.734583631098404077e-01,3.478010552825869239e-01,-3.353948567516296109e-01,5.868690483602690966e-01,5.913991687048054668e-01,3.091411847913670963e-01,4.687190359487036218e-01,6.284193945274372251e-01,5.322093810814382264e-01,6.688700774846086938e-01,-5.662218313395118718e-01,5.822222924461477600e-01,4.804221964615978391e-01,-1.045781605732305358e-01,-5.272148993914105297e-01,3.719753689739782598e-01,1.000000000000000000e+00,5.813453152038084992e-01,-6.783021807765546862e-01,3.782899330742975907e-01,4.704155718455452773e-01,-4.452337640726556911e-01,-5.036268533850849494e-01,4.557516095719125193e-01,-6.523287254171228344e-02,3.247463481013573849e-01,-3.645270741710922024e-01,5.618395027917481022e-01,-3.161936742227590136e-01
7.962720353732695155e-01,2.249110321408373803e-01,9.062442990969352685e-01,1.557462900548523821e-01,7.432868069253488752e-01,4.199045650256260642e-01,6.647297257567437168e-01,6.830084438370765954e-01,1.306390299658035936e-01,3.426494241119629747e-01,5.370590228694646084e-01,1.015057828014711144e-01,-6.017031709412286045e-01,6.889546828059255335e-01,6.288073764265270649e-01,4.185746668067608645e-01,5.410989361441926881e-01,6.378212920408463660e-01,3.628014072196187323e-01,8.290813558342220446e-01,-6.222871827958715851e-01,7.388003221421047817e-01,6.474066258965556209e-01,-1.284438331970783609e-01,-4.832157246892475611e-01,5.937934808429164990e-01,5.813453152038084992e-01,1.000000000000000000e+00,-5.572020331099698520e-01,5.156957499732144345e-01,7.740664653393179995e-01,-2.137085215849815478e-01,-6.595614310492721177e-01,3.219526732165197136e-01,1.891869785030085016e-01,2.826693647828507627e-01,-3.232282786565260913e-01,5.208318615774071292e-01,-4.854838959062926507e-01
-7.936169899216920509e-01,-3.570463049954691326e-01,-6.225816291657995105e-01,1.105676511008690278e-02,-7.412290034448059117e-01,-3.204845479739641401e-01,-3.670646576116421422e-01,-6.167276479594052674e-01,-2.784651790565200735e-01,-4.589184006581093489e-01,-4.305354302388221810e-01,-4.085273792960905093e-01,3.722898611806424451e-01,-4.847240270248264760e-01,-6.470093861423316106e-01,-5.119970066995872537e-01,-3.959169705838524456e-01,-5.890657901655773632e-01,-5.285464024471003830e-01,-6.344689967937751085e-01,5.508057687665816049e-01,-5.749871827986067219e-01,-4.900259962607170228e-01,9.145610097704605368e-02,5.632248801922753456e-01,-2.272247548021328611e-01,-6.783021807765546862e-01,-5.572020331099698520e-01,1.000000000000000000e+00,-4.289148904016137354e-01,-4.661984224288051593e-01,6.474040755859519214e-01,5.725994792314896831e-01,-4.320419824709308410e-01,5.951020387869111056e-02,-4.855245293743141732e-01,4.113278530518345022e-01,-7.022688234786597095e-01,1.002442184213420268e-01
4.971539676079653192e-01,3.315299099167011154e-01,4.957358231133083271e-01,-1.967332189555348609e-01,6.171085516441686680e-01,3.212676858406101621e-01,1.711913435585160903e-01,3.755876380136815018e-01,5.062755945950095926e-01,5.947730914864156615e-01,2.194954697692288736e-01,4.377389653745903941e-01,-4.286101544066003854e-01,4.445585894588676701e-01,5.359269383613065596e-01,5.417547607965191858e-01,1.731321471516637789e-01,3.762453561969302807e-01,4.750506055615179579e-01,3.466694294592189696e-01,-3.286289328249591968e-01,3.628010755511145713e-01,4.415907761976913259e-01,-1.510283236787440982e-02,-2.075324888863620265e-01,2.564065520230498496e-01,3.782899330742975907e-01,5.156957499732144345e-01,-4.289148904016137354e-01,1.000000000000000000e+00,4.389874371091882499e-01,-2.527782663770381522e-01,-2.067197928757151804e-01,3.963912996635259312e-01,1.016789019647839770e-01,3.092179600381179672e-01,-3.646116117437857573e-01,5.123198787846273694e-01,3.461872700052479740e-02
6.644320780235706270e-01,1.924469916807230452e-01,7.727459706314184773e-01,-2.394924255378752878e-02,6.267101624114691516e-01,4.356591227469819305e-01,6.395115525173423743e-01,6.480205268305823108e-01,5.474071643455697550e-02,1.795684824797195156e-01,5.546693686750266972e-01,-2.264754905899637322e-02,-7.712493607331672996e-01,6.844663705793367914e-01,5.308601129482821701e-01,2.753694697927505652e-01,5.575933860528297092e-01,5.583727096347071983e-01,3.253948265780640114e-01,7.178495442599168719e-01,-5.554360074125526125e-01,6.738757848279806062e-01,5.369184627251990527e-01,-2.716710999013373651e-01,-4.714573654669426128e-01,5.982727018305868949e-01,4.704155718455452773e-01,7.740664653393179995e-01,-4.661984224288051593e-01,4.389874371091882499e-01,1.000000000000000000e+00,-2.184730255410136657e-01,-6.656266802887567113e-01,2.545740433074221709e-01,2.309161145438335394e-01,2.804470007465771908e-01,-2.095080958988950470e-01,4.983185539885419679e-01,-4.120847496143574262e-01
-4.995420572804060155e-01,-5.741085535122957273e-01,-3.235519788147555587e-01,2.084713586507194391e-02,-5.220832198519151923e-01,-2.386536441504369388e-01,-3.668646946604932624e-01,-6.011486606832981971e-01,-2.385007461204001755e-01,-3.312425369667074682e-01,-3.906696937857300767e-01,-2.436174250861128932e-01,1.039051047084487284e-01,-3.720324358699260148e-01,-5.299142728135985969e-01,-9.234058107559456330e-02,-4.107903557038539710e-01,-5.015549909079926039e-01,-6.449386727254008411e-01,-3.300696060979921853e-01,3.267613672362734145e-01,-5.192599443112254631e-01,-5.102247385807257701e-02,2.059171072088952503e-01,5.615764895158740222e-01,-3.506834430751488152e-01,-4.452337640726556911e-01,-2.137085215849815478e-01,6.474040755859519214e-01,-2.527782663770381522e-01,-2.184730255410136657e-01,1.000000000000000000e+00,4.022118989342329809e-01,-4.689099954678798698e-01,4.504749583031818494e-01,-6.190927595807315109e-01,6.455010478853167033e-01,-5.534765162849655251e-01,3.816520664988164169e-02
-7.376379235445711391e-01,-1.792568198982813499e-01,-7.154483452202797800e-01,-2.093730606510727510e-01,-5.767671661460224142e-01,-3.278299436723194349e-01,-7.817052551167111840e-01,-7.971786079243146084e-01,8.967365308547503577e-02,8.436592963429669079e-02,-7.231156827316110869e-01,1.634624135546740575e-01,4.529681862236246692e-01,-6.312602151475233958e-01,-6.070911660800684118e-01,9.731651482186557192e-03,-7.648774894777892186e-01,-6.672535090630646870e-01,-4.023970874284732990e-01,-7.738071077605798154e-01,7.022604912814721656e-01,-8.122690043082916311e-01,-3.913731762611424303e-01,4.168672309024364364e-01,7.551241618511150833e-01,-6.321683221319678303e-01,-5.036268533850849494e-01,-6.595614310492721177e-01,5.725994792314896831e-01,-2.067197928757151804e-01,-6.656266802887567113e-01,4.022118989342329809e-01,1.000000000000000000e+00,-3.372184379298059920e-01,-4.771362269177971925e-03,-4.196479181369793254e-01,2.459654415723610543e-01,-4.836465410964826961e-01,4.932392511319669826e-01
3.842814561397366324e-01,2.209887615936786398e-01,3.690503549345488521e-01,-2.457938961827277058e-01,5.222280817009206100e-01,2.660286370641896103e-01,2.831604112251396854e-01,4.638534706095113203e-01,6.208919666939860527e-01,2.284061035134182793e-01,3.520841633015387995e-01,3.113597744778552334e-01,-1.264057578673455084e-01,4.187593701457532624e-01,7.634548624285694141e-01,9.098077052655498265e-02,3.763598839451763323e-01,7.120160282796810236e-01,6.814220939788024900e-01,3.184980571835235308e-01,-3.531550925710290056e-01,4.363222758698105386e-01,6.068161256167640960e-02,-1.053182759970100468e-01,-5.037412522960772465e-01,3.943794512132868246e-01,4.557516095719125193e-01,3.219526732165197136e-01,-4.320419824709308410e-01,3.963912996635259312e-01,2.545740433074221709e-01,-4.689099954678798698e-01,-3.372184379298059920e-01,1.000000000000000000e+00,-1.439153603196240694e-01,3.464252526179799618e-01,-3.659548138604226120e-01,4.429242870718905212e-01,6.396961142266643918e-02
-2.960692404933568805e-02,-2.228410257979589193e-01,8.859222849931483457e-02,-1.948168226303371164e-01,-1.372514092443837853e-02,-1.019961789363984794e-01,-2.479374401366258099e-02,-1.207847222598616571e-01,-1.282003044262004267e-02,1.028175740974153138e-02,-1.502503423231979773e-01,-3.284317901243331145e-02,-2.149121138768861905e-01,9.343147656538423884e-02,-8.467883396414872810e-02,2.208659718158485219e-01,-1.767939547270248324e-01,-1.147028411549289723e-01,-2.280949740385467828e-01,7.149751306062998579e-02,-1.151555767792358971e-02,-9.338316538422301860e-02,2.800962265791369643e-01,2.266766244206974978e-01,1.658600279471999506e-01,-1.247904754470636687e-02,-6.523287254171228344e-02,1.891869785030085016e-01,5.951020387869111056e-02,1.016789019647839770e-01,2.309161145438335394e-01,4.504749583031818494e-01,-4.771362269177971925e-03,-1.439153603196240694e-01,1.000000000000000000e+00,-1.131511104031611425e-01,5.924453070379747111e-01,6.985104575785186509e-02,-2.055130098590576306e-03
4.301640682207915067e-01,4.264023656795198347e-01,3.493964864179358587e-01,-1.475824014687138891e-02,4.457188718252559911e-01,2.768642292044589670e-01,3.892628269300897337e-01,5.196429843633638690e-01,1.117260145728163345e-01,2.149701684623423481e-01,3.764557571374326783e-01,1.033931277064222831e-01,-1.280478044986199659e-01,3.714930441477780065e-01,4.785012029132583722e-01,4.101031860438796722e-02,3.607943578852548239e-01,4.139151138195125701e-01,4.953011561636120885e-01,3.748446167239253835e-01,-3.718734685093690873e-01,4.713754673686031405e-01,7.963720788942989237e-02,-3.428294796511169862e-01,-5.156131620611372757e-01,3.996003616598590713e-01,3.247463481013573849e-01,2.826693647828507627e-01,-4.855245293743141732e-01,3.092179600381179672e-01,2.804470007465771908e-01,-6.190927595807315109e-01,-4.196479181369793254e-01,3.464252526179799618e-01,-1.131511104031611425e-01,1.000000000000000000e+00,-3.185685917137970891e-01,4.105006210132358668e-01,-1.673519913451958774e-01
-4.682653949270357274e-01,-4.546296312691870400e-01,-3.852908811261698263e-01,-4.965043728549305840e-02,-5.155368941846011355e-01,-3.523521460841663178e-01,-2.974919123521054254e-01,-4.804458183496881918e-01,-3.026461182577367404e-01,-4.392171332773332493e-01,-3.037153536735143211e-01,-2.436941092295613343e-01,2.260645521507047839e-01,-3.212213656600133582e-01,-4.351221439130152357e-01,-2.190472478352413210e-01,-3.086734064022294000e-01,-4.578250562792192668e-01,-5.089299263777291582e-01,-2.939523266619740727e-01,2.608661877284543240e-01,-4.435029814953538874e-01,-1.540546650542046758e-01,2.006826360622731287e-01,3.397466662151290007e-01,-3.153821718502384241e-01,-3.645270741710922024e-01,-3.232282786565260913e-01,4.113278530518345022e-01,-3.646116117437857573e-01,-2.095080958988950470e-01,6.455010478853167033e-01,2.459654415723610543e-01,-3.659548138604226120e-01,5.924453070379747111e-01,-3.185685917137970891e-01,1.000000000000000000e+00,-4.150507774519995308e-01,-5.748420777024311826e-03
6.619655249404816644e-01,5.321897671868430768e-01,5.667477016474025131e-01,-3.056443314914201667e-02,7.809423310513450289e-01,2.283806435581580141e-01,3.178151019907696218e-01,5.932774209770526053e-01,4.614030056390742707e-01,5.070364980108509334e-01,4.543709155539457090e-01,4.794427439906988608e-01,-4.367745329285012690e-01,5.062832669962351595e-01,6.179729938016729207e-01,4.231139285910916481e-01,3.867792221065434743e-01,5.122244027664508703e-01,6.476078845610008239e-01,5.359325293100145604e-01,-4.305793701569204934e-01,5.369325854349307203e-01,5.640919767863102896e-01,6.092107659712141070e-03,-4.762595419247492856e-01,3.448491985303577256e-01,5.618395027917481022e-01,5.208318615774071292e-01,-7.022688234786597095e-01,5.123198787846273694e-01,4.983185539885419679e-01,-5.534765162849655251e-01,-4.836465410964826961e-01,4.429242870718905212e-01,6.985104575785186509e-02,4.105006210132358668e-01,-4.150507774519995308e-01,1.000000000000000000e+00,4.760375097050131843e-02
-3.440910956049487712e-01,-1.634694173694575259e-01,-4.645450867819966856e-01,-4.347016827391531613e-01,-2.259245059558125934e-01,-1.484273002861776491e-01,-5.966300535792281590e-01,-4.612856048090829275e-01,4.207822524886084548e-01,2.851791653228222256e-01,-4.938127476154560713e-01,2.884171014037242298e-01,1.673682210191082265e-01,-4.905113298907882724e-01,-1.945488342322201081e-01,2.393682519681113174e-01,-5.518724250042120749e-01,-3.011949054481825594e-01,-1.344519527674447879e-01,-5.513576932859197699e-01,3.954756246667479602e-01,-5.201578407939462245e-01,-2.007115536916052045e-01,2.446213522099201232e-01,4.007921854754668001e-01,-5.410926577851946639e-01,-3.161936742227590136e-01,-4.854838959062926507e-01,1.002442184213420268e-01,3.461872700052479740e-02,-4.120847496143574262e-01,3.816520664988164169e-02,4.932392511319669826e-01,6.396961142266643918e-02,-2.055130098590576306e-03,-1.673519913451958774e-01,-5.748420777024311826e-03,4.760375097050131843e-02,1.000000000000000000e+00
