1.000000000000000000e+00,4.812788550166847146e-01,7.721954692037150680e-01,7.818939224892761386e-01,7.495106669037272518e-01,4.080788640570954251e-01,7.293834977122355401e-01,-3.284959987698346517e-01,8.606576211496058670e-01,4.730927340421278160e-01,-3.725486105577629492e-01,8.500056901875572279e-01,-6.935135190979918596e-01,6.422015223076574797e-01,8.224367772676315358e-01,9.184890667984945134e-01,4.652133248313176650e-01,8.543534673224754128e-01,8.272464603518754345e-01,7.039395371071968110e-01,-5.525072324808213420e-01,7.977005072687767817e-02,6.551142658877563418e-01,6.175139414881128941e-01,5.266983408696996882e-01,8.403418798859179084e-01,4.318278812110385445e-01,7.217154410983063206e-01,3.010730217129276021e-01,8.860542382334677391e-01,7.744655479262482212e-01,5.671779113973420827e-01,-6.729775879769126501e-01,6.493959000666188475e-01,3.360242317057038908e-01,9.561015730431712822e-02,2.484540092140385958e-01,8.948390775322617730e-01,8.749443725573285979e-01
4.812788550166847146e-01,1.000000000000000000e+00,5.287389763910482765e-01,1.448865910311191441e-01,5.434452113513509319e-01,5.319481014852772693e-01,2.322683176882578693e-01,-3.300225077990203704e-01,2.956288112845947280e-01,7.839030807425785286e-01,1.750713061609636412e-01,3.061990918836078879e-01,1.958040110722879257e-02,6.596988108291761410e-01,2.059279472018148982e-01,4.860786611468823626e-01,6.094087109608531394e-01,3.310566662823245521e-01,3.248140424883534383e-01,1.924761481635084426e-01,5.951582284597246170e-02,1.891184959805506105e-01,5.332140028628429285e-01,6.346770333549532905e-01,5.176773990839705908e-01,7.003309935572903377e-01,7.897695063654897041e-01,6.680847419640353335e-01,6.580993884216889134e-01,4.469188182866308812e-01,5.508405808529318604e-01,7.012091735308665363e-01,7.163207476633930149e-02,2.625077232328643095e-01,6.264041614172266570e-01,7.139402900222312498e-01,6.257559471987851341e-01,2.987008311243881664e-01,4.020945437371394870e-01
7.721954692037150680e-01,5.287389763910482765e-01,1.000000000000000000e+00,6.707861792109547361e-01,8.955506124379192245e-01,3.563782348821741830e-01,7.209886306922949073e-01,-2.750043957858223087e-01,7.936139429073539864e-01,6.064988799652432094e-01,-2.887820389039027491e-01,8.134560891237826441e-01,-4.256339007403509567e-01,6.515594566197943083e-01,6.995598073284469143e-01,7.927557757383710824e-01,3.748355145859818549e-01,8.334274266300333300e-01,8.376071360806387478e-01,6.523512492292921072e-01,-3.311091502392495278e-01,4.137397756810337612e-01,5.436303103210866627e-01,5.552327352121168014e-01,4.644650680263835429e-01,7.645572475778650290e-01,4.910751991824638951e-01,7.185546918062410970e-01,3.071110983755544477e-01,7.970244673478548147e-01,6.720026732697069738e-01,6.200727764772427930e-01,-4.011602997953887528e-01,6.410150716755218525e-01,3.104086061434830901e-01,1.908149899675486150e-01,3.288520599330931327e-01,7.774535290119208852e-01,8.280748358477185711e-01
7.818939224892761386e-01,1.448865910311191441e-01,6.707861792109547361e-01,1.000000000000000000e+00,6.211053862019813021e-01,2.188547158181347596e-01,8.570935438084206215e-01,1.431149576473236817e-03,8.705395733487919507e-01,1.832736402287245547e-01,-5.741905020269977289e-01,8.604855554804359263e-01,-7.123783704182814480e-01,4.332315663003912798e-01,8.858316692119697633e-01,7.831061871143084607e-01,1.848195654503483887e-01,8.666822449386978322e-01,8.454510675123522168e-01,8.611158810979709921e-01,-5.465930405714112261e-01,2.132158980382140856e-01,4.752457151171018968e-01,3.822694794918197192e-01,3.729573393626982591e-01,5.486023592038458130e-01,1.645329588231365936e-01,5.539431899536951809e-01,-2.903954355793827817e-03,7.853353445960968848e-01,5.807870870295818166e-01,3.740946753760163168e-01,-7.315593843481295044e-01,7.389109533000978169e-01,4.406936808001508943e-02,-2.565468248067316881e-01,7.537695449356957011e-02,8.655395869799440423e-01,8.179028424259635610e-01
7.495106669037272518e-01,5.434452113513509319e-01,8.955506124379192245e-01,6.211053862019813021e-01,1.000000000000000000e+00,3.131811131069975329e-01,6.634016563315582315e-01,-3.284964055683750606e-01,7.797676873748450310e-01,5.833834741436511040e-01,-2.760677671763339114e-01,7.916781001714418009e-01,-3.911260182536835939e-01,6.323059815832184904e-01,6.706798770070238058e-01,7.700730242356840227e-01,3.957903417517758538e-01,8.051914770306350944e-01,8.137954689300898048e-01,5.711656003001701620e-01,-3.437091042582629541e-01,3.397163822790629784e-01,5.193609871080896445e-01,5.352917922003526119e-01,4.408976321391044340e-01,7.728805440018667872e-01,5.492404549399240166e-01,6.895624484205453708e-01,3.157626198406505158e-01,7.468027514550308332e-01,6.741577660830769814e-01,6.185531026453259251e-01,-3.844316673804045736e-01,6.868347541940565959e-01,3.006039091174176892e-01,1.985452614021344098e-01,3.461378742546020737e-01,7.493777508382145625e-01,8.226695192711954707e-01
4.080788640570954251e-01,5.319481014852772693e-01,3.563782348821741830e-01,2.188547158181347596e-01,3.131811131069975329e-01,1.000000000000000000e+00,3.171437334228049409e-01,2.170575945558661859e-02,2.248070761642951831e-01,6.608824911106632172e-01,4.403522065298322574e-01,2.613489086616583301e-01,-8.237502262988506685e-02,7.046061462967320166e-01,2.162197884224168198e-01,4.177495573460285327e-01,8.343543845288969862e-01,2.762702258441603331e-01,2.902502960944912669e-01,3.194783866450143228e-01,3.652326466503900276e-02,9.952727691522152143e-02,7.915495071761543544e-01,8.222248402499751085e-01,8.465877653018933913e-01,5.231129430669795299e-01,4.357394165746679704e-01,6.094885980925205393e-01,7.693060713259604055e-01,4.237295081212701930e-01,3.417857767940259972e-01,7.350630586349218287e-01,-2.222950136105010174e-02,2.381815345593627231e-01,7.561288671702978137e-01,4.165700658731212869e-01,7.158913768103110087e-01,2.651201877610910307e-01,2.752319459676277336e-01
7.293834977122355401e-01,2.322683176882578693e-01,7.209886306922949073e-01,8.570935438084206215e-01,6.634016563315582315e-01,3.171437334228049409e-01,1.000000000000000000e+00,9.091903135051018769e-02,7.916323142825786308e-01,3.400505376826231663e-01,-4.583640422762554900e-01,8.313823109205809025e-01,-5.003672825623897147e-01,5.683860453678540869e-01,7.859913104660403160e-01,7.438650338460239819e-01,2.581461842481878599e-01,8.312140900423026224e-01,8.301418917042744372e-01,8.231953515049039716e-01,-3.907353700222288007e-01,4.537114596922373067e-01,5.223764824012566699e-01,4.423084498218970984e-01,4.466904954497978308e-01,5.508455433633769882e-01,2.624884981846229981e-01,5.919288640118325340e-01,1.315519294692069352e-01,7.643222574497792188e-01,4.836020663291014099e-01,4.889622972553351876e-01,-5.532480364189628075e-01,6.549876064817193866e-01,1.990535585230019666e-01,-1.506839804720305209e-01,2.384625890521519798e-01,7.939234243342729869e-01,7.783598506895195168e-01
-3.284959987698346517e-01,-3.300225077990203704e-01,-2.750043957858223087e-01,1.431149576473236817e-03,-3.284964055683750606e-01,2.170575945558661859e-02,9.091903135051018769e-02,1.000000000000000000e+00,-2.699724626119418547e-01,-1.247773043432164608e-01,1.069304159932320253e-01,-2.103395801531932618e-01,3.260749836708755067e-01,-6.421856111963415714e-02,-2.123764464530325524e-01,-3.036609546802479520e-01,-1.682469382577372330e-01,-1.565161660170075464e-01,-1.085811849628029319e-01,8.220127865909228337e-02,3.390154034612011813e-01,3.845090367702239109e-01,-5.135837698428721149e-02,-1.529117511703439458e-01,8.000566500975346898e-03,-3.895325911945883290e-01,-4.139061972133880052e-01,-6.860875827153829765e-02,-1.058600367067580317e-01,-2.824821770342537675e-01,-5.667500049062077494e-01,-1.355716536847329512e-01,2.482408880551169317e-01,-9.596031467367525936e-02,-1.092621224223245813e-01,-9.761844468243349726e-02,3.510149083890837240e-02,-2.745416839497976103e-01,-3.407312698097880177e-01
8.606576211496058670e-01,2.956288112845947280e-01,7.936139429073539864e-01,8.705395733487919507e-01,7.797676873748450310e-01,2.248070761642951831e-01,7.916323142825786308e-01,-2.699724626119418547e-01,1.000000000000000000e+00,2.991084666815198578e-01,-5.536527763108073374e-01,9.263183140366286761e-01,-7.516743662977977136e-01,5.045413711607791285e-01,9.060184009378221548e-01,8.724853677692590015e-01,2.645100597640032691e-01,9.129048396522716491e-01,8.930044208291316732e-01,7.701907387471402799e-01,-6.197645283202611877e-01,1.425662557468022340e-01,5.005378408376311983e-01,4.536753720742660034e-01,3.706744559510106729e-01,7.028088892896712236e-01,3.236000914604891809e-01,6.041753909247762344e-01,7.759931818931799230e-02,8.660140397486482122e-01,7.515180278787264578e-01,4.595274712244707960e-01,-7.413949356011055869e-01,7.831157033178454130e-01,1.240510264397472195e-01,-1.322328232685051341e-01,1.190109409372598209e-01,9.217600853856351417e-01,9.224733443525711118e-01
4.730927340421278160e-01,7.839030807425785286e-01,6.064988799652432094e-01,1.832736402287245547e-01,5.833834741436511040e-01,6.608824911106632172e-01,3.400505376826231663e-01,-1.247773043432164608e-01,2.991084666815198578e-01,1.000000000000000000e+00,2.692818537999434048e-01,3.368708222396196716e-01,7.176900904742161691e-02,7.256508706218012250e-01,1.855684175509567380e-01,5.159856850457567035e-01,6.665102054294875789e-01,3.823568003244121050e-01,4.058183070100012113e-01,2.691593213490199310e-01,1.891297418871513147e-01,3.852596971182218333e-01,6.648910989278390415e-01,7.229445239229019826e-01,6.640769026553567933e-01,6.633591463819578093e-01,6.147002432728619903e-01,7.213539174754086680e-01,6.719134816685000677e-01,5.139834780510987855e-01,3.980009466398021778e-01,7.204092165262704350e-01,1.373068203538770349e-01,2.696961532195015776e-01,6.613022401135092432e-01,7.291310391052385764e-01,6.327790732855672617e-01,3.052058304846121950e-01,3.823397179080896269e-01
-3.725486105577629492e-01,1.750713061609636412e-01,-2.887820389039027491e-01,-5.741905020269977289e-01,-2.760677671763339114e-01,4.403522065298322574e-01,-4.583640422762554900e-01,1.069304159932320253e-01,-5.536527763108073374e-01,2.692818537999434048e-01,1.000000000000000000e+00,-5.191992741958196822e-01,5.510386650909624429e-01,7.507985256419512365e-02,-5.748863194826939749e-01,-3.827586918054488585e-01,3.860689720292603266e-01,-4.982075700673872509e-01,-4.780431050791192904e-01,-4.333262070865827598e-01,4.033205657788189735e-01,-3.858426532797918501e-02,8.481750382250426157e-02,1.842501518651998571e-01,2.382985496374952772e-01,-1.320615690636638417e-01,1.065365779924862255e-01,-9.519590688685251878e-02,4.473896987234884381e-01,-3.981068424571352349e-01,-3.230464450467288584e-01,1.487517758003570334e-01,5.372049130539193751e-01,-4.362731471030748542e-01,3.579627174805934398e-01,4.609954912144015871e-01,3.917332382858616513e-01,-5.070769475554651740e-01,-4.880485276336654632e-01
8.500056901875572279e-01,3.061990918836078879e-01,8.134560891237826441e-01,8.604855554804359263e-01,7.916781001714418009e-01,2.613489086616583301e-01,8.313823109205809025e-01,-2.103395801531932618e-01,9.263183140366286761e-01,3.368708222396196716e-01,-5.191992741958196822e-01,1.000000000000000000e+00,-7.080135183251026199e-01,5.554514650791896324e-01,8.969885017410733630e-01,8.605335580764709169e-01,2.846061587265731885e-01,9.245310420339468704e-01,9.092528356845211990e-01,7.718291523114251262e-01,-6.195411023955326169e-01,1.986218788925618595e-01,5.260329997073389663e-01,4.607568111469019789e-01,3.899843424510724410e-01,7.053574687718304759e-01,3.313774099122223094e-01,6.145448004094664629e-01,1.200788708139299138e-01,8.551560516712789495e-01,7.193954530358253052e-01,5.131698794792411977e-01,-7.233524828032334986e-01,7.517733954543891484e-01,1.777635403994428931e-01,-1.127963713647438249e-01,1.812180698809246759e-01,9.156344740208874899e-01,9.265122404318204552e-01
-6.935135190979918596e-01,1.958040110722879257e-02,-4.256339007403509567e-01,-7.123783704182814480e-01,-3.911260182536835939e-01,-8.237502262988506685e-02,-5.003672825623897147e-01,3.260749836708755067e-01,-7.516743662977977136e-01,7.176900904742161691e-02,5.510386650909624429e-01,-7.080135183251026199e-01,1.000000000000000000e+00,-2.064313581491093730e-01,-7.945034480202745053e-01,-6.717256496967679569e-01,-1.178825801390593758e-01,-6.670945003037866972e-01,-6.072465070686170474e-01,-5.773358273104158833e-01,7.821955832564960742e-01,3.260752171854424675e-01,-3.499230826514984627e-01,-2.529085381091076834e-01,-1.874840411188590517e-01,-4.599034704780830540e-01,-1.583897553342917749e-02,-2.823818877150210960e-01,1.101308925623163959e-01,-6.614400455237859910e-01,-6.668233825911054069e-01,-1.559965664851707123e-01,8.880105879834998550e-01,-5.427243686037163117e-01,5.601923145645198998e-02,3.623133646441838440e-01,1.829957813196883831e-01,-7.664142327566162427e-01,-7.045930084394821380e-01
6.422015223076574797e-01,6.596988108291761410e-01,6.515594566197943083e-01,4.332315663003912798e-01,6.323059815832184904e-01,7.046061462967320166e-01,5.683860453678540869e-01,-6.421856111963415714e-02,5.045413711607791285e-01,7.256508706218012250e-01,7.507985256419512365e-02,5.554514650791896324e-01,-2.064313581491093730e-01,1.000000000000000000e+00,4.399193808074041145e-01,6.588825299584718520e-01,6.890655407396197862e-01,5.602633206256693033e-01,5.846485251803954508e-01,4.686036707352914110e-01,-1.427426572701969432e-01,2.833110434378271481e-01,8.096061943163640473e-01,8.147196714713331733e-01,7.712161765088542120e-01,7.156288703372339910e-01,5.400391762354631586e-01,7.231515417270242274e-01,6.909150834301979183e-01,6.493253215532660549e-01,5.249800513471417629e-01,7.893244284953742085e-01,-1.843563588291127486e-01,4.647609017975053436e-01,7.088100790891622704e-01,4.233136505138179184e-01,6.641632794433697251e-01,5.277314497497149759e-01,5.657300560998956840e-01
8.224367772676315358e-01,2.059279472018148982e-01,6.995598073284469143e-01,8.858316692119697633e-01,6.706798770070238058e-01,2.162197884224168198e-01,7.859913104660403160e-01,-2.123764464530325524e-01,9.060184009378221548e-01,1.855684175509567380e-01,-5.748863194826939749e-01,8.969885017410733630e-01,-7.945034480202745053e-01,4.399193808074041145e-01,1.000000000000000000e+00,8.099745613728218663e-01,2.391148925440099438e-01,8.819793460462325152e-01,8.520909684471043022e-01,8.117766533627994718e-01,-6.688437057867742119e-01,5.973507364586419510e-02,4.824405241292315516e-01,3.989283757292096944e-01,3.365398526328642337e-01,6.373387966014057993e-01,2.611878056610669185e-01,5.515316978813193938e-01,6.145456142006450878e-02,7.953799728504821198e-01,7.133114036203302977e-01,4.284542425731827642e-01,-7.945158893880271966e-01,7.581361891961546640e-01,1.001040494070187664e-01,-2.400837646091282251e-01,9.767205226544031782e-02,9.027805080441333452e-01,8.795810656095436331e-01
9.184890667984945134e-01,4.860786611468823626e-01,7.927557757383710824e-01,7.831061871143084607e-01,7.700730242356840227e-01,4.177495573460285327e-01,7.438650338460239819e-01,-3.036609546802479520e-01,8.724853677692590015e-01,5.159856850457567035e-01,-3.827586918054488585e-01,8.605335580764709169e-01,-6.717256496967679569e-01,6.588825299584718520e-01,8.099745613728218663e-01,1.000000000000000000e+00,4.759995612073219529e-01,8.570180395060771339e-01,8.371252120795673601e-01,7.014693250717982664e-01,-4.931624460133855470e-01,1.429145928493968654e-01,6.653133365340461181e-01,6.455021483494423062e-01,5.435096235901246686e-01,8.255527379416462974e-01,4.556835582110934646e-01,7.433949671755449851e-01,2.896470104709578108e-01,9.248952732062493132e-01,7.916510242392219565e-01,5.820187861820048658e-01,-6.291336381504006869e-01,7.019649717969439484e-01,3.375832134355558067e-01,1.169460112176359673e-01,2.582558795657581840e-01,8.762051365092194954e-01,8.807434416669196464e-01
4.652133248313176650e-01,6.094087109608531394e-01,3.748355145859818549e-01,1.848195654503483887e-01,3.957903417517758538e-01,8.343543845288969862e-01,2.581461842481878599e-01,-1.682469382577372330e-01,2.645100597640032691e-01,6.665102054294875789e-01,3.860689720292603266e-01,2.846061587265731885e-01,-1.178825801390593758e-01,6.890655407396197862e-01,2.391148925440099438e-01,4.759995612073219529e-01,1.000000000000000000e+00,2.933474900738936575e-01,2.978424712267626617e-01,2.640321829100978901e-01,-1.206372517576838159e-02,1.334674913872430611e-02,7.471488593480729579e-01,7.921446668477871711e-01,7.513206696912244631e-01,6.336386303100206563e-01,5.610800313614321411e-01,6.427580574377882439e-01,8.240380946513978788e-01,4.443725455231312127e-01,4.393689044347202088e-01,7.632880347756954009e-01,-5.227999747101143985e-02,2.708557354068764633e-01,7.593012122165756494e-01,4.748925501199533494e-01,7.002913250512148302e-01,3.021272448738508420e-01,3.344953792561123351e-01
8.543534673224754128e-01,3.310566662823245521e-01,8.334274266300333300e-01,8.666822449386978322e-01,8.051914770306350944e-01,2.762702258441603331e-01,8.312140900423026224e-01,-1.565161660170075464e-01,9.129048396522716491e-01,3.823568003244121050e-01,-4.982075700673872509e-01,9.245310420339468704e-01,-6.670945003037866972e-01,5.602633206256693033e-01,8.819793460462325152e-01,8.570180395060771339e-01,2.933474900738936575e-01,1.000000000000000000e+00,9.250621194760209054e-01,7.882473616772178726e-01,-5.683733667281253288e-01,2.412359037383807192e-01,5.435340793223347733e-01,4.768777109662663549e-01,4.195031709175376933e-01,7.149927724929132644e-01,3.082582703366740229e-01,6.607298244790028585e-01,1.414188373033745671e-01,8.458259670629083571e-01,6.822882804147427649e-01,5.268849532427496429e-01,-6.804788705270785609e-01,7.266675343262427589e-01,1.834969639411151709e-01,-7.440941238547292558e-02,2.054136337550390434e-01,9.127094458932615284e-01,9.058911257986347332e-01
8.272464603518754345e-01,3.248140424883534383e-01,8.376071360806387478e-01,8.454510675123522168e-01,8.137954689300898048e-01,2.902502960944912669e-01,8.301418917042744372e-01,-1.085811849628029319e-01,8.930044208291316732e-01,4.058183070100012113e-01,-4.780431050791192904e-01,9.092528356845211990e-01,-6.072465070686170474e-01,5.846485251803954508e-01,8.520909684471043022e-01,8.371252120795673601e-01,2.978424712267626617e-01,9.250621194760209054e-01,1.000000000000000000e+00,7.765601087969941085e-01,-5.073827054759274535e-01,3.020814499554873023e-01,5.515409518085446772e-01,4.878473535423016316e-01,4.370147343007043661e-01,7.001021360119009662e-01,2.922501828436759874e-01,6.737127384013719134e-01,1.662156152007098486e-01,8.269440561366094844e-01,6.323786836874413231e-01,5.388714543966711679e-01,-6.231444754634434258e-01,7.519013892392749643e-01,2.127057584396746526e-01,-4.404678601708119506e-02,2.475522568591956851e-01,8.807972581788319211e-01,8.843380675306889982e-01
7.039395371071968110e-01,1.924761481635084426e-01,6.523512492292921072e-01,8.611158810979709921e-01,5.711656003001701620e-01,3.194783866450143228e-01,8.231953515049039716e-01,8.220127865909228337e-02,7.701907387471402799e-01,2.691593213490199310e-01,-4.333262070865827598e-01,7.718291523114251262e-01,-5.773358273104158833e-01,4.686036707352914110e-01,8.117766533627994718e-01,7.014693250717982664e-01,2.640321829100978901e-01,7.882473616772178726e-01,7.765601087969941085e-01,1.000000000000000000e+00,-3.811391987755634037e-01,3.413242913889205088e-01,4.903162694908657082e-01,3.977674288860857388e-01,4.103450195289823910e-01,5.121956069069441009e-01,1.682655443136431284e-01,5.928784933551014547e-01,1.045134064506506033e-01,7.104248743832496382e-01,4.806808945914454179e-01,4.455920408437804014e-01,-5.876151340736941453e-01,6.770336279651238964e-01,1.249879719219507967e-01,-1.535340429707086340e-01,1.925727822293362701e-01,7.705514916882983956e-01,7.264566065471339540e-01
-5.525072324808213420e-01,5.951582284597246170e-02,-3.311091502392495278e-01,-5.465930405714112261e-01,-3.437091042582629541e-01,3.652326466503900276e-02,-3.907353700222288007e-01,3.390154034612011813e-01,-6.197645283202611877e-01,1.891297418871513147e-01,4.033205657788189735e-01,-6.195411023955326169e-01,7.821955832564960742e-01,-1.427426572701969432e-01,-6.688437057867742119e-01,-4.931624460133855470e-01,-1.206372517576838159e-02,-5.683733667281253288e-01,-5.073827054759274535e-01,-3.811391987755634037e-01,1.000000000000000000e+00,3.745534574692547247e-01,-1.669210298059026210e-01,-7.814539468439633818e-02,-1.005227972859736377e-02,-3.549218218920630608e-01,-7.418467906971462113e-04,-5.847247678123459330e-02,1.367018878742261578e-01,-4.526392425840904399e-01,-5.245596099414461255e-01,-1.028849822470413455e-01,8.719676835269396520e-01,-3.736688040426918711e-01,8.753997792736868677e-02,4.094561510986454156e-01,1.470181543262444879e-01,-6.658571190412575502e-01,-6.206599122947783487e-01
7.977005072687767817e-02,1.891184959805506105e-01,4.137397756810337612e-01,2.132158980382140856e-01,3.397163822790629784e-01,9.952727691522152143e-02,4.537114596922373067e-01,3.845090367702239109e-01,1.425662557468022340e-01,3.852596971182218333e-01,-3.858426532797918501e-02,1.986218788925618595e-01,3.260752171854424675e-01,2.833110434378271481e-01,5.973507364586419510e-02,1.429145928493968654e-01,1.334674913872430611e-02,2.412359037383807192e-01,3.020814499554873023e-01,3.413242913889205088e-01,3.745534574692547247e-01,1.000000000000000000e+00,5.636980009996780949e-02,9.686021056354179870e-02,1.231774503601266724e-01,8.141627879503618437e-02,1.521581146330944212e-01,3.114370301896227100e-01,5.535172269692189423e-02,1.890793689167367952e-01,-1.330393097944079783e-01,2.122271160370486631e-01,2.647708724952831383e-01,1.660550235971938182e-01,5.991814310875089727e-02,1.892015039818773225e-01,2.135021176698073397e-01,1.008255405355353990e-01,1.500442772426484883e-01
6.551142658877563418e-01,5.332140028628429285e-01,5.436303103210866627e-01,4.752457151171018968e-01,5.193609871080896445e-01,7.915495071761543544e-01,5.223764824012566699e-01,-5.135837698428721149e-02,5.005378408376311983e-01,6.648910989278390415e-01,8.481750382250426157e-02,5.260329997073389663e-01,-3.499230826514984627e-01,8.096061943163640473e-01,4.824405241292315516e-01,6.653133365340461181e-01,7.471488593480729579e-01,5.435340793223347733e-01,5.515409518085446772e-01,4.903162694908657082e-01,-1.669210298059026210e-01,5.636980009996780949e-02,1.000000000000000000e+00,8.592610909661153595e-01,8.778924985768512546e-01,6.928237457598672711e-01,4.306084248146447302e-01,7.144833933191305775e-01,6.730811472896413017e-01,6.495439474622277665e-01,5.339629133186607479e-01,7.233322751969173403e-01,-2.818393950056906627e-01,4.743762932338632665e-01,7.083853622349942647e-01,3.220638012521755966e-01,5.799897680291460356e-01,5.357229300543381312e-01,5.273319877150671742e-01
6.175139414881128941e-01,6.346770333549532905e-01,5.552327352121168014e-01,3.822694794918197192e-01,5.352917922003526119e-01,8.222248402499751085e-01,4.423084498218970984e-01,-1.529117511703439458e-01,4.536753720742660034e-01,7.229445239229019826e-01,1.842501518651998571e-01,4.607568111469019789e-01,-2.529085381091076834e-01,8.147196714713331733e-01,3.989283757292096944e-01,6.455021483494423062e-01,7.921446668477871711e-01,4.768777109662663549e-01,4.878473535423016316e-01,3.977674288860857388e-01,-7.814539468439633818e-02,9.686021056354179870e-02,8.592610909661153595e-01,1.000000000000000000e+00,8.617259624066923029e-01,7.155486292878472376e-01,5.612514785981903565e-01,7.264492378682277929e-01,7.381622931253641884e-01,6.407720270985163280e-01,5.738323523975549234e-01,7.752532519937027633e-01,-1.587665774607277536e-01,4.425888231321961630e-01,7.636173774673188364e-01,4.090044393135800482e-01,6.657823162299523201e-01,4.687109977655818938e-01,4.925487272810256112e-01
5.266983408696996882e-01,5.176773990839705908e-01,4.644650680263835429e-01,3.729573393626982591e-01,4.408976321391044340e-01,8.465877653018933913e-01,4.466904954497978308e-01,8.000566500975346898e-03,3.706744559510106729e-01,6.640769026553567933e-01,2.382985496374952772e-01,3.899843424510724410e-01,-1.874840411188590517e-01,7.712161765088542120e-01,3.365398526328642337e-01,5.435096235901246686e-01,7.513206696912244631e-01,4.195031709175376933e-01,4.370147343007043661e-01,4.103450195289823910e-01,-1.005227972859736377e-02,1.231774503601266724e-01,8.778924985768512546e-01,8.617259624066923029e-01,1.000000000000000000e+00,5.644028335460924417e-01,4.220516818908556789e-01,6.497286466184164500e-01,6.681179017779939056e-01,5.490086115972077074e-01,4.240553786736222519e-01,7.217436036899304019e-01,-1.186609891177389242e-01,3.781679924257693726e-01,6.910142702482282573e-01,3.113917515963851579e-01,6.570419420189870241e-01,4.028880219435498344e-01,3.921262417813590195e-01
8.403418798859179084e-01,7.003309935572903377e-01,7.645572475778650290e-01,5.486023592038458130e-01,7.728805440018667872e-01,5.231129430669795299e-01,5.508455433633769882e-01,-3.895325911945883290e-01,7.028088892896712236e-01,6.633591463819578093e-01,-1.320615690636638417e-01,7.053574687718304759e-01,-4.599034704780830540e-01,7.156288703372339910e-01,6.373387966014057993e-01,8.255527379416462974e-01,6.336386303100206563e-01,7.149927724929132644e-01,7.001021360119009662e-01,5.121956069069441009e-01,-3.549218218920630608e-01,8.141627879503618437e-02,6.928237457598672711e-01,7.155486292878472376e-01,5.644028335460924417e-01,1.000000000000000000e+00,6.631455257100671297e-01,8.233510038040122714e-01,5.571007687198775704e-01,7.725023792053344884e-01,7.656344303079682945e-01,7.104030603437353486e-01,-4.117313367257210421e-01,5.749082676734331709e-01,5.487871660694139120e-01,4.109256219483712336e-01,4.577392322519636680e-01,7.220622205880764533e-01,7.665850872298178853e-01
4.318278812110385445e-01,7.897695063654897041e-01,4.910751991824638951e-01,1.645329588231365936e-01,5.492404549399240166e-01,4.357394165746679704e-01,2.624884981846229981e-01,-4.139061972133880052e-01,3.236000914604891809e-01,6.147002432728619903e-01,1.065365779924862255e-01,3.313774099122223094e-01,-1.583897553342917749e-02,5.400391762354631586e-01,2.611878056610669185e-01,4.556835582110934646e-01,5.610800313614321411e-01,3.082582703366740229e-01,2.922501828436759874e-01,1.682655443136431284e-01,-7.418467906971462113e-04,1.521581146330944212e-01,4.306084248146447302e-01,5.612514785981903565e-01,4.220516818908556789e-01,6.631455257100671297e-01,1.000000000000000000e+00,5.764369059694784969e-01,5.561556816849256846e-01,4.076135623407698971e-01,6.254819502182579205e-01,6.517521723546256807e-01,1.877585297764084241e-02,3.501528148974599741e-01,5.114519102143203488e-01,4.946950662712022995e-01,5.465123024006306451e-01,2.963454172722085334e-01,4.301978769179511386e-01
7.217154410983063206e-01,6.680847419640353335e-01,7.185546918062410970e-01,5.539431899536951809e-01,6.895624484205453708e-01,6.094885980925205393e-01,5.919288640118325340e-01,-6.860875827153829765e-02,6.041753909247762344e-01,7.213539174754086680e-01,-9.519590688685251878e-02,6.145448004094664629e-01,-2.823818877150210960e-01,7.231515417270242274e-01,5.515316978813193938e-01,7.433949671755449851e-01,6.427580574377882439e-01,6.607298244790028585e-01,6.737127384013719134e-01,5.928784933551014547e-01,-5.847247678123459330e-02,3.114370301896227100e-01,7.144833933191305775e-01,7.264492378682277929e-01,6.497286466184164500e-01,8.233510038040122714e-01,5.764369059694784969e-01,1.000000000000000000e+00,5.757877595958856842e-01,7.181005329402424531e-01,6.002194328888436070e-01,7.235669703654631357e-01,-1.977576483085169423e-01,5.948744753137952257e-01,5.364114959492000123e-01,4.616981671586625757e-01,5.307195487740322681e-01,6.007590111130513000e-01,6.351737307229038398e-01
3.010730217129276021e-01,6.580993884216889134e-01,3.071110983755544477e-01,-2.903954355793827817e-03,3.157626198406505158e-01,7.693060713259604055e-01,1.315519294692069352e-01,-1.058600367067580317e-01,7.759931818931799230e-02,6.719134816685000677e-01,4.473896987234884381e-01,1.200788708139299138e-01,1.101308925623163959e-01,6.909150834301979183e-01,6.145456142006450878e-02,2.896470104709578108e-01,8.240380946513978788e-01,1.414188373033745671e-01,1.662156152007098486e-01,1.045134064506506033e-01,1.367018878742261578e-01,5.535172269692189423e-02,6.730811472896413017e-01,7.381622931253641884e-01,6.681179017779939056e-01,5.571007687198775704e-01,5.561556816849256846e-01,5.757877595958856842e-01,1.000000000000000000e+00,2.569803471652538640e-01,2.921586397485347320e-01,7.354561837014768066e-01,1.661549978890727308e-01,1.365394848250077453e-01,8.651924469322026523e-01,5.815114965585300721e-01,7.681466228602988888e-01,1.160483807882956853e-01,1.691677584062111217e-01
8.860542382334677391e-01,4.469188182866308812e-01,7.970244673478548147e-01,7.853353445960968848e-01,7.468027514550308332e-01,4.237295081212701930e-01,7.643222574497792188e-01,-2.824821770342537675e-01,8.660140397486482122e-01,5.139834780510987855e-01,-3.981068424571352349e-01,8.551560516712789495e-01,-6.614400455237859910e-01,6.493253215532660549e-01,7.953799728504821198e-01,9.248952732062493132e-01,4.443725455231312127e-01,8.458259670629083571e-01,8.269440561366094844e-01,7.104248743832496382e-01,-4.526392425840904399e-01,1.890793689167367952e-01,6.495439474622277665e-01,6.407720270985163280e-01,5.490086115972077074e-01,7.725023792053344884e-01,4.076135623407698971e-01,7.181005329402424531e-01,2.569803471652538640e-01,1.000000000000000000e+00,7.627928305210803783e-01,5.669555917234088138e-01,-6.008527345850485091e-01,6.814489958824352378e-01,3.247229724978312748e-01,8.501896309271939067e-02,2.439866250018744298e-01,8.632560396297667138e-01,8.678353239146687770e-01
7.744655479262482212e-01,5.508405808529318604e-01,6.720026732697069738e-01,5.807870870295818166e-01,6.741577660830769814e-01,3.417857767940259972e-01,4.836020663291014099e-01,-5.667500049062077494e-01,7.515180278787264578e-01,3.980009466398021778e-01,-3.230464450467288584e-01,7.193954530358253052e-01,-6.668233825911054069e-01,5.249800513471417629e-01,7.133114036203302977e-01,7.916510242392219565e-01,4.393689044347202088e-01,6.822882804147427649e-01,6.323786836874413231e-01,4.806808945914454179e-01,-5.245596099414461255e-01,-1.330393097944079783e-01,5.339629133186607479e-01,5.738323523975549234e-01,4.240553786736222519e-01,7.656344303079682945e-01,6.254819502182579205e-01,6.002194328888436070e-01,2.921586397485347320e-01,7.627928305210803783e-01,1.000000000000000000e+00,5.527782303661120666e-01,-5.709519133539717739e-01,6.252506344177888309e-01,2.911106056646545204e-01,1.064275668375661565e-01,2.288779723465450000e-01,7.319806422539338886e-01,7.840951274312426555e-01
5.671779113973420827e-01,7.012091735308665363e-01,6.200727764772427930e-01,3.740946753760163168e-01,6.185531026453259251e-01,7.350630586349218287e-01,4.889622972553351876e-01,-1.355716536847329512e-01,4.595274712244707960e-01,7.204092165262704350e-01,1.487517758003570334e-01,5.131698794792411977e-01,-1.559965664851707123e-01,7.893244284953742085e-01,4.284542425731827642e-01,5.820187861820048658e-01,7.632880347756954009e-01,5.268849532427496429e-01,5.388714543966711679e-01,4.455920408437804014e-01,-1.028849822470413455e-01,2.122271160370486631e-01,7.233322751969173403e-01,7.752532519937027633e-01,7.217436036899304019e-01,7.104030603437353486e-01,6.517521723546256807e-01,7.235669703654631357e-01,7.354561837014768066e-01,5.669555917234088138e-01,5.527782303661120666e-01,1.000000000000000000e+00,-1.196605128759689884e-01,4.165570369242257986e-01,7.351078861335109682e-01,4.070474207731909488e-01,8.222509623609917107e-01,4.772712384042536171e-01,5.501453279639588745e-01
-6.729775879769126501e-01,7.163207476633930149e-02,-4.011602997953887528e-01,-7.315593843481295044e-01,-3.844316673804045736e-01,-2.222950136105010174e-02,-5.532480364189628075e-01,2.482408880551169317e-01,-7.413949356011055869e-01,1.373068203538770349e-01,5.372049130539193751e-01,-7.233524828032334986e-01,8.880105879834998550e-01,-1.843563588291127486e-01,-7.945158893880271966e-01,-6.291336381504006869e-01,-5.227999747101143985e-02,-6.804788705270785609e-01,-6.231444754634434258e-01,-5.876151340736941453e-01,8.719676835269396520e-01,2.647708724952831383e-01,-2.818393950056906627e-01,-1.587665774607277536e-01,-1.186609891177389242e-01,-4.117313367257210421e-01,1.877585297764084241e-02,-1.977576483085169423e-01,1.661549978890727308e-01,-6.008527345850485091e-01,-5.709519133539717739e-01,-1.196605128759689884e-01,1.000000000000000000e+00,-5.021226617829122052e-01,1.009900299046928157e-01,4.343923384640853147e-01,1.771328857063637630e-01,-7.788375592410098358e-01,-7.068163983261200878e-01
6.493959000666188475e-01,2.625077232328643095e-01,6.410150716755218525e-01,7.389109533000978169e-01,6.868347541940565959e-01,2.381815345593627231e-01,6.549876064817193866e-01,-9.596031467367525936e-02,7.831157033178454130e-01,2.696961532195015776e-01,-4.362731471030748542e-01,7.517733954543891484e-01,-5.427243686037163117e-01,4.647609017975053436e-01,7.581361891961546640e-01,7.019649717969439484e-01,2.708557354068764633e-01,7.266675343262427589e-01,7.519013892392749643e-01,6.770336279651238964e-01,-3.736688040426918711e-01,1.660550235971938182e-01,4.743762932338632665e-01,4.425888231321961630e-01,3.781679924257693726e-01,5.749082676734331709e-01,3.501528148974599741e-01,5.948744753137952257e-01,1.365394848250077453e-01,6.814489958824352378e-01,6.252506344177888309e-01,4.165570369242257986e-01,-5.021226617829122052e-01,1.000000000000000000e+00,1.216249715811791587e-01,-6.422933075682965565e-02,1.870093690090263161e-01,6.955664668785922489e-01,7.324635339290719305e-01
3.360242317057038908e-01,6.264041614172266570e-01,3.104086061434830901e-01,4.406936808001508943e-02,3.006039091174176892e-01,7.561288671702978137e-01,1.990535585230019666e-01,-1.092621224223245813e-01,1.240510264397472195e-01,6.613022401135092432e-01,3.579627174805934398e-01,1.777635403994428931e-01,5.601923145645198998e-02,7.088100790891622704e-01,1.001040494070187664e-01,3.375832134355558067e-01,7.593012122165756494e-01,1.834969639411151709e-01,2.127057584396746526e-01,1.249879719219507967e-01,8.753997792736868677e-02,5.991814310875089727e-02,7.083853622349942647e-01,7.636173774673188364e-01,6.910142702482282573e-01,5.487871660694139120e-01,5.114519102143203488e-01,5.364114959492000123e-01,8.651924469322026523e-01,3.247229724978312748e-01,2.911106056646545204e-01,7.351078861335109682e-01,1.009900299046928157e-01,1.216249715811791587e-01,1.000000000000000000e+00,5.209583098822968550e-01,7.906545330231906643e-01,1.646521894269032393e-01,2.191366734185704879e-01
9.561015730431712822e-02,7.139402900222312498e-01,1.908149899675486150e-01,-2.565468248067316881e-01,1.985452614021344098e-01,4.165700658731212869e-01,-1.506839804720305209e-01,-9.761844468243349726e-02,-1.322328232685051341e-01,7.291310391052385764e-01,4.609954912144015871e-01,-1.127963713647438249e-01,3.623133646441838440e-01,4.233136505138179184e-01,-2.400837646091282251e-01,1.169460112176359673e-01,4.748925501199533494e-01,-7.440941238547292558e-02,-4.404678601708119506e-02,-1.535340429707086340e-01,4.094561510986454156e-01,1.892015039818773225e-01,3.220638012521755966e-01,4.090044393135800482e-01,3.113917515963851579e-01,4.109256219483712336e-01,4.946950662712022995e-01,4.616981671586625757e-01,5.815114965585300721e-01,8.501896309271939067e-02,1.064275668375661565e-01,4.070474207731909488e-01,4.343923384640853147e-01,-6.422933075682965565e-02,5.209583098822968550e-01,1.000000000000000000e+00,4.554466523746246165e-01,-1.335061727026734535e-01,-3.602795536881259197e-02
2.484540092140385958e-01,6.257559471987851341e-01,3.288520599330931327e-01,7.537695449356957011e-02,3.461378742546020737e-01,7.158913768103110087e-01,2.384625890521519798e-01,3.510149083890837240e-02,1.190109409372598209e-01,6.327790732855672617e-01,3.917332382858616513e-01,1.812180698809246759e-01,1.829957813196883831e-01,6.641632794433697251e-01,9.767205226544031782e-02,2.582558795657581840e-01,7.002913250512148302e-01,2.054136337550390434e-01,2.475522568591956851e-01,1.925727822293362701e-01,1.470181543262444879e-01,2.135021176698073397e-01,5.799897680291460356e-01,6.657823162299523201e-01,6.570419420189870241e-01,4.577392322519636680e-01,5.465123024006306451e-01,5.307195487740322681e-01,7.681466228602988888e-01,2.439866250018744298e-01,2.288779723465450000e-01,8.222509623609917107e-01,1.771328857063637630e-01,1.870093690090263161e-01,7.906545330231906643e-01,4.554466523746246165e-01,1.000000000000000000e+00,1.401324436054502964e-01,2.110559180125839707e-01
8.948390775322617730e-01,2.987008311243881664e-01,7.774535290119208852e-01,8.655395869799440423e-01,7.493777508382145625e-01,2.651201877610910307e-01,7.939234243342729869e-01,-2.745416839497976103e-01,9.217600853856351417e-01,3.052058304846121950e-01,-5.070769475554651740e-01,9.156344740208874899e-01,-7.664142327566162427e-01,5.277314497497149759e-01,9.027805080441333452e-01,8.762051365092194954e-01,3.021272448738508420e-01,9.127094458932615284e-01,8.807972581788319211e-01,7.705514916882983956e-01,-6.658571190412575502e-01,1.008255405355353990e-01,5.357229300543381312e-01,4.687109977655818938e-01,4.028880219435498344e-01,7.220622205880764533e-01,2.963454172722085334e-01,6.007590111130513000e-01,1.160483807882956853e-01,8.632560396297667138e-01,7.319806422539338886e-01,4.772712384042536171e-01,-7.788375592410098358e-01,6.955664668785922489e-01,1.646521894269032393e-01,-1.335061727026734535e-01,1.401324436054502964e-01,1.000000000000000000e+00,9.153000272219860012e-01
8.749443725573285979e-01,4.020945437371394870e-01,8.280748358477185711e-01,8.179028424259635610e-01,8.226695192711954707e-01,2.752319459676277336e-01,7.783598506895195168e-01,-3.407312698097880177e-01,9.224733443525711118e-01,3.823397179080896269e-01,-4.880485276336654632e-01,9.265122404318204552e-01,-7.045930084394821380e-01,5.657300560998956840e-01,8.795810656095436331e-01,8.807434416669196464e-01,3.344953792561123351e-01,9.058911257986347332e-01,8.843380675306889982e-01,7.264566065471339540e-01,-6.206599122947783487e-01,1.500442772426484883e-01,5.273319877150671742e-01,4.925487272810256112e-01,3.921262417813590195e-01,7.665850872298178853e-01,4.301978769179511386e-01,6.351737307229038398e-01,1.691677584062111217e-01,8.678353239146687770e-01,7.840951274312426555e-01,5.501453279639588745e-01,-7.068163983261200878e-01,7.324635339290719305e-01,2.191366734185704879e-01,-3.602795536881259197e-02,2.110559180125839707e-01,9.153000272219860012e-01,1.000000000000000000e+00
