1.000000000000000000e+00,6.736459382665345164e-01,4.956012118193774962e-01,-1.835447259535838427e-01,4.611827829696325542e-01,2.570142512114281796e-01,3.386090886721819238e-01,2.658160101916565154e-01,5.769297702440258080e-01,6.096217795250141736e-01,3.782058083648396352e-01,2.824155156577680126e-01,-2.887747682335470856e-01,5.845188331011582639e-01,1.108757579580018637e-01,5.901642879381416851e-01,4.325535445218542940e-01,1.864617979437452611e-01,2.423754436569061921e-01,2.234941868953758404e-01,3.406951504963917632e-01,4.085659164975848912e-01,5.524967412449866000e-01,4.753238521572331621e-01,4.760080172147880262e-01,5.452009973792901754e-01,6.194776679937521457e-01,4.494994103480842718e-01,6.150834652028467353e-01,7.369505868440108243e-01,4.372557311974064054e-01,5.461699437035812954e-01,4.572161857406062957e-01,2.768421092906968584e-01,5.678169267522874541e-01,2.180115153129562611e-01,5.321922140872675788e-01,3.561416590036736718e-02,2.710219628905864431e-01
6.736459382665345164e-01,1.000000000000000000e+00,3.769075501258497551e-01,4.919952761684815573e-02,3.309983816992086436e-01,2.415727113521349834e-01,2.363102076361312531e-01,-8.752848286278658296e-02,4.636100490897967497e-01,4.080975386402208027e-01,3.104844099197912599e-01,2.988396687185716494e-01,2.489154548949586501e-02,4.596027991005209312e-01,-1.433052100930913286e-01,3.210663943505348006e-01,2.354394811786999497e-01,3.022712381936498716e-01,3.027951126542162696e-01,-2.558084974541029871e-02,-1.004515073527153801e-01,6.596987324990170876e-02,4.740864584590402386e-01,3.975944196380311046e-01,3.447172069629276248e-01,1.469976836653851260e-01,4.707796269202963457e-01,-3.839887194359634017e-03,3.074699078187678181e-01,7.155626724014599871e-01,1.723523191589817483e-01,4.586218688872700233e-01,2.170056656620329150e-01,1.998174380819205675e-01,4.796116474736041857e-01,3.576947502881536733e-01,4.071256976133442729e-01,-1.500218962066386108e-01,3.686653143115466436e-01
4.956012118193774962e-01,3.769075501258497551e-01,1.000000000000000000e+00,-1.109612404425911331e-01,8.115278630653725012e-01,-1.717997712412678429e-02,2.399649003226924371e-01,1.627569559960263534e-01,7.619532636166547190e-01,5.195213474710828061e-01,1.544341968882383953e-01,4.582084401278064822e-01,-8.362928517646428528e-02,5.005782003052655638e-01,2.931995298404149186e-01,5.064198425249152313e-01,1.765390300305370308e-01,2.312524553521425608e-01,2.029669704864697499e-01,2.979111251308902975e-01,3.250371292755047103e-01,3.953431693755141696e-01,4.273998165517002290e-01,4.969350514207747649e-01,4.474804221491283651e-01,4.997207595190151230e-01,4.433196409230273360e-01,5.022911610620164335e-01,3.489508722763932647e-01,5.712698747134408173e-01,3.540163315261334320e-01,3.396061901637306701e-01,5.016937091621579414e-01,7.179679478490349487e-01,3.362024575648794311e-01,5.058052383189303586e-03,2.138721575777605410e-01,2.994739340592414978e-01,5.090216179889163195e-01
-1.835447259535838427e-01,4.919952761684815573e-02,-1.109612404425911331e-01,1.000000000000000000e+00,-1.272787414731829936e-01,-2.807343170078506200e-01,-5.106613495479451342e-02,-3.756809068704740628e-01,-1.643593979730956223e-01,-3.526555522517795249e-01,-3.077898828151094945e-01,-1.206232308635172834e-01,4.837965449730776690e-01,-3.383639106954560716e-01,-1.834138289286692536e-01,-3.493577616719094059e-01,-3.743059690725968336e-01,1.166414457394171073e-01,-3.577471692265325395e-03,-4.149250873254789820e-03,-4.183015352232884454e-01,-4.489063541221833820e-01,-3.107767435969592817e-01,-1.205067191633864554e-01,-2.652373493203606936e-01,-4.063167190627655634e-01,-2.467231839523366665e-01,-4.989038776566216415e-01,-3.755801374895836320e-01,-6.730710275682062760e-02,-5.576684799917153157e-01,-2.716942685232350829e-01,-4.218940402622261554e-01,-2.500316797335682545e-02,-3.372471319810602108e-01,6.423375949266267593e-02,-3.362595655221448099e-01,-3.506840139057454953e-01,-8.376660624220710893e-02
4.611827829696325542e-01,3.309983816992086436e-01,8.115278630653725012e-01,-1.272787414731829936e-01,1.000000000000000000e+00,7.324420722937935099e-03,3.005353432671642455e-01,1.710441980777709370e-01,6.727504617555032373e-01,5.288792175114094274e-01,1.729622273842700286e-01,4.120043575039213368e-01,-1.907734030696426331e-01,5.134038923650684483e-01,2.404495685240899128e-01,5.051818872518806236e-01,1.962530522183443815e-01,1.577325045922270685e-01,2.212187416927129668e-01,2.964016702847085405e-01,3.554766823222275662e-01,4.043230559124446621e-01,4.224222454246999714e-01,4.675696450036649354e-01,4.341823942381056733e-01,4.494222016874758197e-01,4.020610610800425810e-01,5.591528267111322004e-01,3.742311603124317543e-01,4.911405237309717231e-01,4.500783667870329463e-01,3.475436925902682939e-01,4.904593019924769481e-01,6.559964285153523367e-01,3.868418345405881809e-01,-1.141275287851701604e-02,2.551159292878482643e-01,2.669984197008570814e-01,4.411294808538516188e-01
2.570142512114281796e-01,2.415727113521349834e-01,-1.717997712412678429e-02,-2.807343170078506200e-01,7.324420722937935099e-03,1.000000000000000000e+00,3.517823991012943297e-01,2.618532897645256541e-01,-1.085583347205483079e-01,2.540291143848550370e-01,6.803279292714394799e-01,-8.670660183969157442e-02,-5.700526466177127105e-01,5.824371181676368803e-01,-3.227450247221912427e-01,2.796393393627349955e-01,7.032972864904851740e-01,4.424333575031844795e-02,2.616962110943346631e-01,-1.007761689081781709e-01,7.184335820676139572e-02,1.914052530845319067e-01,5.136857373523399106e-01,8.612429909565874619e-02,1.615734810849715763e-01,9.059445768083924933e-02,3.802605271631209760e-01,1.329329636342901633e-01,5.137577647872272335e-01,1.561319058462099230e-01,4.560914356100665978e-01,5.369986581997281405e-01,5.110810058764451158e-01,-2.762274442730185964e-01,7.085491006847319806e-01,3.214564557302220793e-01,7.546779304425358381e-01,-2.273085823031561481e-01,-1.062374092459140440e-01
3.386090886721819238e-01,2.363102076361312531e-01,2.399649003226924371e-01,-5.106613495479451342e-02,3.005353432671642455e-01,3.517823991012943297e-01,1.000000000000000000e+00,4.848701039875527585e-01,1.781908495185731967e-01,4.728009535901921967e-01,5.003879875061368887e-01,4.819666366789837619e-02,-5.646790428666678130e-01,4.473431696348860176e-01,5.108276290642882467e-02,5.316288596316348647e-01,5.107599381782849113e-01,1.391865952567737652e-01,4.618414678383202521e-01,4.597513763606826398e-01,5.013017795378990060e-01,6.202635344049600707e-01,2.177968380737532461e-01,2.593971878197059433e-01,1.073547753241786869e-02,3.436188700733685542e-01,4.413376914264144912e-01,4.271901532773744181e-01,5.053054032685846408e-01,3.497717009162739643e-01,5.738562317240488708e-01,5.514916702257561809e-01,5.419229286729357886e-01,-1.652981204176017307e-02,5.497340528525148651e-01,1.156880495411542475e-01,4.293893076308742951e-01,-5.435499202168801031e-02,7.493025599721755969e-02
2.658160101916565154e-01,-8.752848286278658296e-02,1.627569559960263534e-01,-3.756809068704740628e-01,1.710441980777709370e-01,2.618532897645256541e-01,4.848701039875527585e-01,1.000000000000000000e+00,2.184925155441434785e-01,3.338886195208655150e-01,3.951140838131386168e-01,1.200878712346516580e-01,-5.883245434751681602e-01,2.801467905199085395e-01,1.967457709317218251e-01,3.890893050672993847e-01,4.976750453549099174e-01,-1.199057436301671914e-01,1.483300276500037485e-01,4.464173683021727679e-01,6.623455190068675558e-01,6.843238869768923927e-01,1.376561244033202569e-01,1.450608862567697166e-01,5.107894515602001695e-02,3.764647291827794007e-01,3.258450377832187161e-01,5.607207738475369352e-01,4.185918407183047973e-01,1.501645716419274801e-01,5.116317198424189527e-01,3.805872186072966623e-01,6.007214026741921620e-01,1.087136147772012340e-01,3.986112782606001659e-01,-1.660375495515122035e-01,3.180816888926480956e-01,1.112822312275635606e-01,-2.363360718399738075e-02
5.769297702440258080e-01,4.636100490897967497e-01,7.619532636166547190e-01,-1.643593979730956223e-01,6.727504617555032373e-01,-1.085583347205483079e-01,1.781908495185731967e-01,2.184925155441434785e-01,1.000000000000000000e+00,5.759794050200476301e-01,1.296195908940045161e-01,5.814818004229073134e-01,-3.630762734531105956e-02,4.568119015586792342e-01,4.094069250935923332e-01,5.520847324947653068e-01,1.566518906412363299e-01,4.167972858039212247e-01,3.328812660143288804e-01,3.452880084144860917e-01,3.345224986846474513e-01,4.079724328748245421e-01,4.437193265108543283e-01,5.368883377094449960e-01,5.156782466220671823e-01,6.045139162650745579e-01,5.277948268641629026e-01,5.386299874033749768e-01,3.631114434751437914e-01,6.773627793822976084e-01,3.636076401788128631e-01,3.918790982024619729e-01,4.423750977017920638e-01,7.035586798990500768e-01,3.268408599291943162e-01,1.490006459391779448e-02,1.871128137486353371e-01,4.724073797055601265e-01,6.452857772627432764e-01
6.096217795250141736e-01,4.080975386402208027e-01,5.195213474710828061e-01,-3.526555522517795249e-01,5.288792175114094274e-01,2.540291143848550370e-01,4.728009535901921967e-01,3.338886195208655150e-01,5.759794050200476301e-01,1.000000000000000000e+00,3.888600625226268925e-01,2.297182881739658067e-01,-4.942556719558484635e-01,6.081125422148343507e-01,1.108423903902949204e-01,8.599031421868399416e-01,5.783534214358462267e-01,2.786651634369016750e-01,4.154048146610656023e-01,2.631330716629391997e-01,4.921543458838505969e-01,5.679408621693029513e-01,6.387922208696925619e-01,5.733971009817684372e-01,6.206294693604710311e-01,5.848472936974169478e-01,6.391144983937101509e-01,6.061412978726197220e-01,5.820159310075024850e-01,5.875037018785582710e-01,6.267030736137696456e-01,5.378439872485890616e-01,5.017831055329846635e-01,2.006444559172460562e-01,6.052604285399479922e-01,-1.946352004914600822e-02,5.262102645719494154e-01,2.045228167268779429e-01,3.750260086872685417e-01
3.782058083648396352e-01,3.104844099197912599e-01,1.544341968882383953e-01,-3.077898828151094945e-01,1.729622273842700286e-01,6.803279292714394799e-01,5.003879875061368887e-01,3.951140838131386168e-01,1.296195908940045161e-01,3.888600625226268925e-01,1.000000000000000000e+00,3.082156109546787537e-01,-5.868631819290398566e-01,6.355323080598870300e-01,-5.285626685030775374e-02,4.379895383914644835e-01,6.981726123874021361e-01,1.646257212706869200e-01,4.113849062193299932e-01,2.210998343707190061e-01,3.720527495788891192e-01,4.771399915910247147e-01,4.056873382825023078e-01,3.158385492760891200e-01,1.373802882675326797e-01,3.073986580585097439e-01,6.434370697045389553e-01,3.413287215955623233e-01,6.069656906262015372e-01,2.701648203282984717e-01,6.120891842974167663e-01,8.122803557097570959e-01,6.287883635657566250e-01,-1.026356676561268055e-01,7.250122883062942725e-01,3.168797803155445902e-01,6.600340080213211724e-01,-5.206358013363003578e-02,1.511644010299552920e-01
2.824155156577680126e-01,2.988396687185716494e-01,4.582084401278064822e-01,-1.206232308635172834e-01,4.120043575039213368e-01,-8.670660183969157442e-02,4.819666366789837619e-02,1.200878712346516580e-01,5.814818004229073134e-01,2.297182881739658067e-01,3.082156109546787537e-01,1.000000000000000000e+00,3.344045514118625106e-02,3.382622987980531959e-01,4.686699418507566661e-01,3.027567883498678558e-01,1.028054082852408180e-01,4.051420237135165414e-01,4.112880463269590892e-01,3.765951010711775515e-01,2.913648190939285287e-01,3.506460864149980594e-01,1.583822440184725344e-01,3.627078417773935137e-01,1.491742879539616762e-01,3.702382040964825038e-01,5.276434591140252151e-01,3.297176989356769283e-01,2.304118270666326018e-01,3.193460202049349106e-01,3.062370565666988620e-01,4.809416285067341090e-01,3.570650050207863080e-01,5.060836752804278582e-01,2.135485053076792983e-01,1.380766071503582715e-01,6.380701929964197050e-02,4.644897677709132755e-01,7.057735965244131826e-01
-2.887747682335470856e-01,2.489154548949586501e-02,-8.362928517646428528e-02,4.837965449730776690e-01,-1.907734030696426331e-01,-5.700526466177127105e-01,-5.646790428666678130e-01,-5.883245434751681602e-01,-3.630762734531105956e-02,-4.942556719558484635e-01,-5.868631819290398566e-01,3.344045514118625106e-02,1.000000000000000000e+00,-4.945480467600711916e-01,-2.485615190526720489e-02,-4.994788520352445582e-01,-7.216206319559056448e-01,-1.947824727378772575e-02,-3.098546682101239735e-01,-2.885719502241718692e-01,-6.160017028292977814e-01,-6.581110843136777078e-01,-3.340091337939448679e-01,-2.134138041342168723e-01,-1.509618145442180870e-01,-4.530623134892030057e-01,-4.495496072001638477e-01,-5.901263962065611546e-01,-6.692210424577273997e-01,-1.300331025431134269e-01,-7.579448892317928177e-01,-5.145132327666716021e-01,-6.296830478015924548e-01,1.774646112176670731e-01,-6.160893391636461658e-01,1.114377510409673630e-02,-6.401506540055799110e-01,-6.975921330150446076e-02,9.751763326409165766e-02
5.845188331011582639e-01,4.596027991005209312e-01,5.005782003052655638e-01,-3.383639106954560716e-01,5.134038923650684483e-01,5.824371181676368803e-01,4.473431696348860176e-01,2.801467905199085395e-01,4.568119015586792342e-01,6.081125422148343507e-01,6.355323080598870300e-01,3.382622987980531959e-01,-4.945480467600711916e-01,1.000000000000000000e+00,4.636582288794502404e-02,6.521678229328758958e-01,6.253935388381141047e-01,2.301016323667590124e-01,3.949054978247182879e-01,1.761508048957547146e-01,3.637698755857788346e-01,4.539604882438788569e-01,7.062442804127455620e-01,5.059554891670161592e-01,5.139896812652665625e-01,4.652079081134662952e-01,6.089448171884297434e-01,4.956270934414666596e-01,7.068911447944383752e-01,5.721805433323835510e-01,6.571002501518985461e-01,6.737496950579282551e-01,7.010151900741020681e-01,2.268766627302179206e-01,7.798500883157643004e-01,3.665188999242376400e-01,7.015661905732655246e-01,9.382626216641537509e-02,3.095233735720164803e-01
1.108757579580018637e-01,-1.433052100930913286e-01,2.931995298404149186e-01,-1.834138289286692536e-01,2.404495685240899128e-01,-3.227450247221912427e-01,5.108276290642882467e-02,1.967457709317218251e-01,4.094069250935923332e-01,1.108423903902949204e-01,-5.285626685030775374e-02,4.686699418507566661e-01,-2.485615190526720489e-02,4.636582288794502404e-02,1.000000000000000000e+00,2.063468243012845649e-01,-3.390874082589909883e-02,2.636579551427473689e-01,2.840126423880288686e-01,5.181423909993152499e-01,4.393247925873294268e-01,3.645216408116730977e-01,-1.330881995792644878e-01,1.879788225608572949e-01,-1.946638777567693494e-03,5.307387577297226766e-01,1.574408324010557469e-01,4.932338570738299954e-01,1.695609136386151961e-01,1.043553245620259043e-02,1.713977373290165307e-01,1.400792287622473209e-01,2.106927293622904152e-01,3.947664131997620784e-01,-9.583851844443087853e-02,-1.120135199158500683e-01,-1.848088155306598368e-01,7.346212470077131407e-01,3.099503742039883547e-01
5.901642879381416851e-01,3.210663943505348006e-01,5.064198425249152313e-01,-3.493577616719094059e-01,5.051818872518806236e-01,2.796393393627349955e-01,5.316288596316348647e-01,3.890893050672993847e-01,5.520847324947653068e-01,8.599031421868399416e-01,4.379895383914644835e-01,3.027567883498678558e-01,-4.994788520352445582e-01,6.521678229328758958e-01,2.063468243012845649e-01,1.000000000000000000e+00,5.807398122474717317e-01,2.579104245268512008e-01,4.169432285094724078e-01,3.207321875284259161e-01,5.443948425088402931e-01,6.082222311353520094e-01,5.952477366853893281e-01,5.257148180880762967e-01,4.982253605587162459e-01,6.290701756512887544e-01,6.313869415474676616e-01,6.422376244240073362e-01,6.163822800236735677e-01,5.374855123932419376e-01,6.495516638684271093e-01,5.783859087389661147e-01,5.293950042112931520e-01,2.084116238689663614e-01,6.107408907213848215e-01,2.163455448946708867e-02,5.038297308176925560e-01,2.442582351796915574e-01,3.399678052098231151e-01
4.325535445218542940e-01,2.354394811786999497e-01,1.765390300305370308e-01,-3.743059690725968336e-01,1.962530522183443815e-01,7.032972864904851740e-01,5.107599381782849113e-01,4.976750453549099174e-01,1.566518906412363299e-01,5.783534214358462267e-01,6.981726123874021361e-01,1.028054082852408180e-01,-7.216206319559056448e-01,6.253935388381141047e-01,-3.390874082589909883e-02,5.807398122474717317e-01,1.000000000000000000e+00,1.981304941890429105e-01,4.026487943597906738e-01,2.459187316912584131e-01,4.682108258235102571e-01,5.434629840359792574e-01,5.172187949857627309e-01,3.440734745309756981e-01,2.891496512118696960e-01,3.832301694600603326e-01,6.353859307168325810e-01,4.805601206824318683e-01,6.889810778702302185e-01,3.246405482437180745e-01,6.532934204077084361e-01,6.735730719823380674e-01,6.068667412383306203e-01,-1.782310697906403785e-01,7.450200414651583225e-01,1.276234482361201239e-01,7.597732228763883766e-01,2.184079479093357923e-02,9.558899721205058042e-02
1.864617979437452611e-01,3.022712381936498716e-01,2.312524553521425608e-01,1.166414457394171073e-01,1.577325045922270685e-01,4.424333575031844795e-02,1.391865952567737652e-01,-1.199057436301671914e-01,4.167972858039212247e-01,2.786651634369016750e-01,1.646257212706869200e-01,4.051420237135165414e-01,-1.947824727378772575e-02,2.301016323667590124e-01,2.636579551427473689e-01,2.579104245268512008e-01,1.981304941890429105e-01,1.000000000000000000e+00,6.651916146609962999e-01,2.200187282611988648e-01,1.926019068148849753e-02,8.311674724469406139e-02,2.485905110520990613e-01,4.431607785721667359e-01,1.800998834471916887e-01,2.763599936991615880e-01,4.039300279768568425e-01,1.975517151238993518e-01,1.881208909163543108e-01,3.100807684863541303e-01,1.816050296702727829e-01,3.334998622713726824e-01,1.297673253076758459e-01,1.376236916427555634e-01,2.402268506069157039e-01,1.196973388528554255e-01,1.903282286268959678e-01,3.722671991911241096e-01,5.035619475241035481e-01
2.423754436569061921e-01,3.027951126542162696e-01,2.029669704864697499e-01,-3.577471692265325395e-03,2.212187416927129668e-01,2.616962110943346631e-01,4.618414678383202521e-01,1.483300276500037485e-01,3.328812660143288804e-01,4.154048146610656023e-01,4.113849062193299932e-01,4.112880463269590892e-01,-3.098546682101239735e-01,3.949054978247182879e-01,2.840126423880288686e-01,4.169432285094724078e-01,4.026487943597906738e-01,6.651916146609962999e-01,1.000000000000000000e+00,3.850940582594993833e-01,2.375807849899449486e-01,3.651927631500597737e-01,2.871788457133396255e-01,4.410661950323522817e-01,1.707478210121936291e-01,3.472142145248337530e-01,5.376568819021346757e-01,3.027745753552679164e-01,3.797488454003843938e-01,2.739730267039682254e-01,4.340878845787063400e-01,5.404916646769045707e-01,4.018249649652093636e-01,4.644396145889359562e-02,4.768838614038282131e-01,1.371220439415771764e-01,3.548153973957490770e-01,2.938567699813615652e-01,4.921456589589889852e-01
2.234941868953758404e-01,-2.558084974541029871e-02,2.979111251308902975e-01,-4.149250873254789820e-03,2.964016702847085405e-01,-1.007761689081781709e-01,4.597513763606826398e-01,4.464173683021727679e-01,3.452880084144860917e-01,2.631330716629391997e-01,2.210998343707190061e-01,3.765951010711775515e-01,-2.885719502241718692e-01,1.761508048957547146e-01,5.181423909993152499e-01,3.207321875284259161e-01,2.459187316912584131e-01,2.200187282611988648e-01,3.850940582594993833e-01,1.000000000000000000e+00,6.621276884209529312e-01,6.559045725789532932e-01,-7.575498411265420284e-02,1.861069180615282093e-01,-3.377244821020519011e-02,4.809873847763021515e-01,3.978250290206985507e-01,5.951063489111380056e-01,4.029427730228425375e-01,1.487419914896634665e-01,4.162689471198973146e-01,4.171319302536109497e-01,4.646334527583875218e-01,2.665236510221147825e-01,2.013884756327837811e-01,-8.434864986258971964e-02,1.411540511769238948e-01,3.421126791412735790e-01,2.295985714552794266e-01
3.406951504963917632e-01,-1.004515073527153801e-01,3.250371292755047103e-01,-4.183015352232884454e-01,3.554766823222275662e-01,7.184335820676139572e-02,5.013017795378990060e-01,6.623455190068675558e-01,3.345224986846474513e-01,4.921543458838505969e-01,3.720527495788891192e-01,2.913648190939285287e-01,-6.160017028292977814e-01,3.637698755857788346e-01,4.393247925873294268e-01,5.443948425088402931e-01,4.682108258235102571e-01,1.926019068148849753e-02,2.375807849899449486e-01,6.621276884209529312e-01,1.000000000000000000e+00,8.790559964675923599e-01,6.761884783900028173e-02,2.511453305643180367e-01,9.135495819903081960e-02,6.356578300449832186e-01,4.918834129985121262e-01,7.888975001822907673e-01,6.098822939771064711e-01,1.857134530039684095e-01,6.709487113395145030e-01,4.756714876423709937e-01,6.038427870484694981e-01,1.452445289831820752e-01,3.803847844303642201e-01,-1.526194434052410009e-01,3.491643064348068926e-01,3.266696311480943304e-01,1.093100016488608023e-01
4.085659164975848912e-01,6.596987324990170876e-02,3.953431693755141696e-01,-4.489063541221833820e-01,4.043230559124446621e-01,1.914052530845319067e-01,6.202635344049600707e-01,6.843238869768923927e-01,4.079724328748245421e-01,5.679408621693029513e-01,4.771399915910247147e-01,3.506460864149980594e-01,-6.581110843136777078e-01,4.539604882438788569e-01,3.645216408116730977e-01,6.082222311353520094e-01,5.434629840359792574e-01,8.311674724469406139e-02,3.651927631500597737e-01,6.559045725789532932e-01,8.790559964675923599e-01,1.000000000000000000e+00,1.817198418235980995e-01,2.979491881854272606e-01,1.386926499278573754e-01,6.220900766802005544e-01,5.927628504729791636e-01,7.637832584113283252e-01,6.243515107148750465e-01,3.068563250353944505e-01,7.461451112582075940e-01,5.884649489699510516e-01,7.011391876256132250e-01,1.830369550075461871e-01,5.085222322582889642e-01,-8.272233650283773720e-02,4.398578897843269386e-01,2.901405394636623614e-01,2.300217658248377706e-01
5.524967412449866000e-01,4.740864584590402386e-01,4.273998165517002290e-01,-3.107767435969592817e-01,4.224222454246999714e-01,5.136857373523399106e-01,2.177968380737532461e-01,1.376561244033202569e-01,4.437193265108543283e-01,6.387922208696925619e-01,4.056873382825023078e-01,1.583822440184725344e-01,-3.340091337939448679e-01,7.062442804127455620e-01,-1.330881995792644878e-01,5.952477366853893281e-01,5.172187949857627309e-01,2.485905110520990613e-01,2.871788457133396255e-01,-7.575498411265420284e-02,6.761884783900028173e-02,1.817198418235980995e-01,1.000000000000000000e+00,5.765141800488169377e-01,7.558555347749891240e-01,3.293112340752313849e-01,4.898560087265178553e-01,3.146746996377126626e-01,4.527709861899170685e-01,5.632684460938418569e-01,4.505399675121943281e-01,4.432873789014252774e-01,4.517901167559372211e-01,2.271314683931276446e-01,6.444198604126588625e-01,2.600617641782820844e-01,5.896625718112263881e-01,7.424660370392530129e-02,3.371014954551299070e-01
4.753238521572331621e-01,3.975944196380311046e-01,4.969350514207747649e-01,-1.205067191633864554e-01,4.675696450036649354e-01,8.612429909565874619e-02,2.593971878197059433e-01,1.450608862567697166e-01,5.368883377094449960e-01,5.733971009817684372e-01,3.158385492760891200e-01,3.627078417773935137e-01,-2.134138041342168723e-01,5.059554891670161592e-01,1.879788225608572949e-01,5.257148180880762967e-01,3.440734745309756981e-01,4.431607785721667359e-01,4.410661950323522817e-01,1.861069180615282093e-01,2.511453305643180367e-01,2.979491881854272606e-01,5.765141800488169377e-01,1.000000000000000000e+00,5.505062246776303292e-01,4.299675307791827605e-01,5.215906640473904066e-01,3.830298684456701075e-01,3.800374268762753416e-01,5.300782433331421295e-01,3.698418717360560382e-01,4.458855536894621996e-01,3.817515893337782851e-01,3.109957788053453465e-01,4.742919758026253318e-01,1.610958053951662694e-01,3.390329763496112703e-01,2.480332997651502891e-01,4.342166736949942263e-01
4.760080172147880262e-01,3.447172069629276248e-01,4.474804221491283651e-01,-2.652373493203606936e-01,4.341823942381056733e-01,1.615734810849715763e-01,1.073547753241786869e-02,5.107894515602001695e-02,5.156782466220671823e-01,6.206294693604710311e-01,1.373802882675326797e-01,1.491742879539616762e-01,-1.509618145442180870e-01,5.139896812652665625e-01,-1.946638777567693494e-03,4.982253605587162459e-01,2.891496512118696960e-01,1.800998834471916887e-01,1.707478210121936291e-01,-3.377244821020519011e-02,9.135495819903081960e-02,1.386926499278573754e-01,7.558555347749891240e-01,5.505062246776303292e-01,1.000000000000000000e+00,2.962586378864948689e-01,3.689863205152664194e-01,3.162381965724382904e-01,2.944288039645086563e-01,4.989222889659052917e-01,3.093559500117096794e-01,2.090219300409820180e-01,2.837450527589189808e-01,3.495224027376633291e-01,3.738747181208005310e-01,5.203788803649129352e-02,3.247880336171434790e-01,1.917699392976843498e-01,4.196740086329837083e-01
5.452009973792901754e-01,1.469976836653851260e-01,4.997207595190151230e-01,-4.063167190627655634e-01,4.494222016874758197e-01,9.059445768083924933e-02,3.436188700733685542e-01,3.764647291827794007e-01,6.045139162650745579e-01,5.848472936974169478e-01,3.073986580585097439e-01,3.702382040964825038e-01,-4.530623134892030057e-01,4.652079081134662952e-01,5.307387577297226766e-01,6.290701756512887544e-01,3.832301694600603326e-01,2.763599936991615880e-01,3.472142145248337530e-01,4.809873847763021515e-01,6.356578300449832186e-01,6.220900766802005544e-01,3.293112340752313849e-01,4.299675307791827605e-01,2.962586378864948689e-01,1.000000000000000000e+00,5.806122857722316732e-01,7.704817421324037241e-01,6.513368150236937826e-01,4.104900844741595778e-01,6.086936497047491512e-01,5.039691391168459322e-01,5.540496113297744829e-01,3.378353458517582841e-01,4.153608545447053935e-01,-3.429961213681307491e-02,3.762150585538959202e-01,5.567500301676049368e-01,2.751016776626133975e-01
6.194776679937521457e-01,4.707796269202963457e-01,4.433196409230273360e-01,-2.467231839523366665e-01,4.020610610800425810e-01,3.802605271631209760e-01,4.413376914264144912e-01,3.258450377832187161e-01,5.277948268641629026e-01,6.391144983937101509e-01,6.434370697045389553e-01,5.276434591140252151e-01,-4.495496072001638477e-01,6.089448171884297434e-01,1.574408324010557469e-01,6.313869415474676616e-01,6.353859307168325810e-01,4.039300279768568425e-01,5.376568819021346757e-01,3.978250290206985507e-01,4.918834129985121262e-01,5.927628504729791636e-01,4.898560087265178553e-01,5.215906640473904066e-01,3.689863205152664194e-01,5.806122857722316732e-01,1.000000000000000000e+00,5.393009243572558509e-01,6.624717968166027315e-01,5.185875336982820327e-01,6.653688025808148776e-01,7.774752742543726836e-01,6.121447040436325260e-01,1.561445477907231483e-01,6.814363501499737241e-01,1.944916829330097241e-01,6.222065322546040944e-01,2.023776934761810087e-01,5.213219524269210314e-01
4.494994103480842718e-01,-3.839887194359634017e-03,5.022911610620164335e-01,-4.989038776566216415e-01,5.591528267111322004e-01,1.329329636342901633e-01,4.271901532773744181e-01,5.607207738475369352e-01,5.386299874033749768e-01,6.061412978726197220e-01,3.413287215955623233e-01,3.297176989356769283e-01,-5.901263962065611546e-01,4.956270934414666596e-01,4.932338570738299954e-01,6.422376244240073362e-01,4.805601206824318683e-01,1.975517151238993518e-01,3.027745753552679164e-01,5.951063489111380056e-01,7.888975001822907673e-01,7.637832584113283252e-01,3.146746996377126626e-01,3.830298684456701075e-01,3.162381965724382904e-01,7.704817421324037241e-01,5.393009243572558509e-01,1.000000000000000000e+00,6.642222394166661381e-01,3.064007209680001398e-01,7.497309072312583478e-01,5.048861746476260848e-01,6.740943944660757747e-01,3.622648451878068276e-01,4.693709697657458824e-01,-1.417125654233713228e-01,4.222221734126380688e-01,5.083429700743955504e-01,2.349108995060854577e-01
6.150834652028467353e-01,3.074699078187678181e-01,3.489508722763932647e-01,-3.755801374895836320e-01,3.742311603124317543e-01,5.137577647872272335e-01,5.053054032685846408e-01,4.185918407183047973e-01,3.631114434751437914e-01,5.820159310075024850e-01,6.069656906262015372e-01,2.304118270666326018e-01,-6.692210424577273997e-01,7.068911447944383752e-01,1.695609136386151961e-01,6.163822800236735677e-01,6.889810778702302185e-01,1.881208909163543108e-01,3.797488454003843938e-01,4.029427730228425375e-01,6.098822939771064711e-01,6.243515107148750465e-01,4.527709861899170685e-01,3.800374268762753416e-01,2.944288039645086563e-01,6.513368150236937826e-01,6.624717968166027315e-01,6.642222394166661381e-01,1.000000000000000000e+00,4.829423714815883617e-01,7.245910408451970985e-01,7.026399092935368129e-01,6.895883890802670946e-01,5.557323848193898574e-02,7.390524892350835984e-01,1.396099878928632465e-01,7.575404621230598101e-01,1.646032639177644474e-01,1.003819038680694720e-01
7.369505868440108243e-01,7.155626724014599871e-01,5.712698747134408173e-01,-6.730710275682062760e-02,4.911405237309717231e-01,1.561319058462099230e-01,3.497717009162739643e-01,1.501645716419274801e-01,6.773627793822976084e-01,5.875037018785582710e-01,2.701648203282984717e-01,3.193460202049349106e-01,-1.300331025431134269e-01,5.721805433323835510e-01,1.043553245620259043e-02,5.374855123932419376e-01,3.246405482437180745e-01,3.100807684863541303e-01,2.739730267039682254e-01,1.487419914896634665e-01,1.857134530039684095e-01,3.068563250353944505e-01,5.632684460938418569e-01,5.300782433331421295e-01,4.989222889659052917e-01,4.104900844741595778e-01,5.185875336982820327e-01,3.064007209680001398e-01,4.829423714815883617e-01,1.000000000000000000e+00,3.167625392764000236e-01,4.578810393085209762e-01,3.817118661791832346e-01,3.999477634530484438e-01,5.351521452933143408e-01,1.978004404173364927e-01,4.436151725049077843e-01,4.621761981471408237e-02,3.757314588488412377e-01
4.372557311974064054e-01,1.723523191589817483e-01,3.540163315261334320e-01,-5.576684799917153157e-01,4.500783667870329463e-01,4.560914356100665978e-01,5.738562317240488708e-01,5.116317198424189527e-01,3.636076401788128631e-01,6.267030736137696456e-01,6.120891842974167663e-01,3.062370565666988620e-01,-7.579448892317928177e-01,6.571002501518985461e-01,1.713977373290165307e-01,6.495516638684271093e-01,6.532934204077084361e-01,1.816050296702727829e-01,4.340878845787063400e-01,4.162689471198973146e-01,6.709487113395145030e-01,7.461451112582075940e-01,4.505399675121943281e-01,3.698418717360560382e-01,3.093559500117096794e-01,6.086936497047491512e-01,6.653688025808148776e-01,7.497309072312583478e-01,7.245910408451970985e-01,3.167625392764000236e-01,1.000000000000000000e+00,6.667930765109059132e-01,7.566946409691840403e-01,1.145348836806102666e-01,6.828095796535735840e-01,1.155724347950475156e-01,6.484510690911703401e-01,2.864994519903039105e-01,2.631011733111273676e-01
5.461699437035812954e-01,4.586218688872700233e-01,3.396061901637306701e-01,-2.716942685232350829e-01,3.475436925902682939e-01,5.369986581997281405e-01,5.514916702257561809e-01,3.805872186072966623e-01,3.918790982024619729e-01,5.378439872485890616e-01,8.122803557097570959e-01,4.809416285067341090e-01,-5.145132327666716021e-01,6.737496950579282551e-01,1.400792287622473209e-01,5.783859087389661147e-01,6.735730719823380674e-01,3.334998622713726824e-01,5.404916646769045707e-01,4.171319302536109497e-01,4.756714876423709937e-01,5.884649489699510516e-01,4.432873789014252774e-01,4.458855536894621996e-01,2.090219300409820180e-01,5.039691391168459322e-01,7.774752742543726836e-01,5.048861746476260848e-01,7.026399092935368129e-01,4.578810393085209762e-01,6.667930765109059132e-01,1.000000000000000000e+00,6.870386962446334289e-01,9.813950680163326112e-02,7.650161002727751125e-01,2.688389922267788723e-01,6.834528835029900495e-01,1.197068141424969673e-01,3.248903658796012395e-01
4.572161857406062957e-01,2.170056656620329150e-01,5.016937091621579414e-01,-4.218940402622261554e-01,4.904593019924769481e-01,5.110810058764451158e-01,5.419229286729357886e-01,6.007214026741921620e-01,4.423750977017920638e-01,5.017831055329846635e-01,6.287883635657566250e-01,3.570650050207863080e-01,-6.296830478015924548e-01,7.010151900741020681e-01,2.106927293622904152e-01,5.293950042112931520e-01,6.068667412383306203e-01,1.297673253076758459e-01,4.018249649652093636e-01,4.646334527583875218e-01,6.038427870484694981e-01,7.011391876256132250e-01,4.517901167559372211e-01,3.817515893337782851e-01,2.837450527589189808e-01,5.540496113297744829e-01,6.121447040436325260e-01,6.740943944660757747e-01,6.895883890802670946e-01,3.817118661791832346e-01,7.566946409691840403e-01,6.870386962446334289e-01,1.000000000000000000e+00,3.366656026452196082e-01,7.132213843411633336e-01,1.601526705315430288e-01,6.232412475246401629e-01,2.462240617523204222e-01,2.632261784117365666e-01
2.768421092906968584e-01,1.998174380819205675e-01,7.179679478490349487e-01,-2.500316797335682545e-02,6.559964285153523367e-01,-2.762274442730185964e-01,-1.652981204176017307e-02,1.087136147772012340e-01,7.035586798990500768e-01,2.006444559172460562e-01,-1.026356676561268055e-01,5.060836752804278582e-01,1.774646112176670731e-01,2.268766627302179206e-01,3.947664131997620784e-01,2.084116238689663614e-01,-1.782310697906403785e-01,1.376236916427555634e-01,4.644396145889359562e-02,2.665236510221147825e-01,1.452445289831820752e-01,1.830369550075461871e-01,2.271314683931276446e-01,3.109957788053453465e-01,3.495224027376633291e-01,3.378353458517582841e-01,1.561445477907231483e-01,3.622648451878068276e-01,5.557323848193898574e-02,3.999477634530484438e-01,1.145348836806102666e-01,9.813950680163326112e-02,3.366656026452196082e-01,1.000000000000000000e+00,3.913946294723276431e-02,-6.292735844726647654e-02,-1.287206118537225774e-01,4.458764728148436607e-01,5.022838779282013943e-01
5.678169267522874541e-01,4.796116474736041857e-01,3.362024575648794311e-01,-3.372471319810602108e-01,3.868418345405881809e-01,7.085491006847319806e-01,5.497340528525148651e-01,3.986112782606001659e-01,3.268408599291943162e-01,6.052604285399479922e-01,7.250122883062942725e-01,2.135485053076792983e-01,-6.160893391636461658e-01,7.798500883157643004e-01,-9.583851844443087853e-02,6.107408907213848215e-01,7.450200414651583225e-01,2.402268506069157039e-01,4.768838614038282131e-01,2.013884756327837811e-01,3.803847844303642201e-01,5.085222322582889642e-01,6.444198604126588625e-01,4.742919758026253318e-01,3.738747181208005310e-01,4.153608545447053935e-01,6.814363501499737241e-01,4.693709697657458824e-01,7.390524892350835984e-01,5.351521452933143408e-01,6.828095796535735840e-01,7.650161002727751125e-01,7.132213843411633336e-01,3.913946294723276431e-02,1.000000000000000000e+00,2.459112206874765894e-01,8.444285963762387937e-01,-2.914731306049913803e-02,1.884353818276479631e-01
2.180115153129562611e-01,3.576947502881536733e-01,5.058052383189303586e-03,6.423375949266267593e-02,-1.141275287851701604e-02,3.214564557302220793e-01,1.156880495411542475e-01,-1.660375495515122035e-01,1.490006459391779448e-02,-1.946352004914600822e-02,3.168797803155445902e-01,1.380766071503582715e-01,1.114377510409673630e-02,3.665188999242376400e-01,-1.120135199158500683e-01,2.163455448946708867e-02,1.276234482361201239e-01,1.196973388528554255e-01,1.371220439415771764e-01,-8.434864986258971964e-02,-1.526194434052410009e-01,-8.272233650283773720e-02,2.600617641782820844e-01,1.610958053951662694e-01,5.203788803649129352e-02,-3.429961213681307491e-02,1.944916829330097241e-01,-1.417125654233713228e-01,1.396099878928632465e-01,1.978004404173364927e-01,1.155724347950475156e-01,2.688389922267788723e-01,1.601526705315430288e-01,-6.292735844726647654e-02,2.459112206874765894e-01,1.000000000000000000e+00,2.554231094040987360e-01,-1.352861219143914051e-01,1.203506408131461425e-01
5.321922140872675788e-01,4.071256976133442729e-01,2.138721575777605410e-01,-3.362595655221448099e-01,2.551159292878482643e-01,7.546779304425358381e-01,4.293893076308742951e-01,3.180816888926480956e-01,1.871128137486353371e-01,5.262102645719494154e-01,6.600340080213211724e-01,6.380701929964197050e-02,-6.401506540055799110e-01,7.015661905732655246e-01,-1.848088155306598368e-01,5.038297308176925560e-01,7.597732228763883766e-01,1.903282286268959678e-01,3.548153973957490770e-01,1.411540511769238948e-01,3.491643064348068926e-01,4.398578897843269386e-01,5.896625718112263881e-01,3.390329763496112703e-01,3.247880336171434790e-01,3.762150585538959202e-01,6.222065322546040944e-01,4.222221734126380688e-01,7.575404621230598101e-01,4.436151725049077843e-01,6.484510690911703401e-01,6.834528835029900495e-01,6.232412475246401629e-01,-1.287206118537225774e-01,8.444285963762387937e-01,2.554231094040987360e-01,1.000000000000000000e+00,-1.052092560162202622e-01,1.828975258313375596e-02
3.561416590036736718e-02,-1.500218962066386108e-01,2.994739340592414978e-01,-3.506840139057454953e-01,2.669984197008570814e-01,-2.273085823031561481e-01,-5.435499202168801031e-02,1.112822312275635606e-01,4.724073797055601265e-01,2.045228167268779429e-01,-5.206358013363003578e-02,4.644897677709132755e-01,-6.975921330150446076e-02,9.382626216641537509e-02,7.346212470077131407e-01,2.442582351796915574e-01,2.184079479093357923e-02,3.722671991911241096e-01,2.938567699813615652e-01,3.421126791412735790e-01,3.266696311480943304e-01,2.901405394636623614e-01,7.424660370392530129e-02,2.480332997651502891e-01,1.917699392976843498e-01,5.567500301676049368e-01,2.023776934761810087e-01,5.083429700743955504e-01,1.646032639177644474e-01,4.621761981471408237e-02,2.864994519903039105e-01,1.197068141424969673e-01,2.462240617523204222e-01,4.458764728148436607e-01,-2.914731306049913803e-02,-1.352861219143914051e-01,-1.052092560162202622e-01,1.000000000000000000e+00,4.552176253075457257e-01
2.710219628905864431e-01,3.686653143115466436e-01,5.090216179889163195e-01,-8.376660624220710893e-02,4.411294808538516188e-01,-1.062374092459140440e-01,7.493025599721755969e-02,-2.363360718399738075e-02,6.452857772627432764e-01,3.750260086872685417e-01,1.511644010299552920e-01,7.057735965244131826e-01,9.751763326409165766e-02,3.095233735720164803e-01,3.099503742039883547e-01,3.399678052098231151e-01,9.558899721205058042e-02,5.035619475241035481e-01,4.921456589589889852e-01,2.295985714552794266e-01,1.093100016488608023e-01,2.300217658248377706e-01,3.371014954551299070e-01,4.342166736949942263e-01,4.196740086329837083e-01,2.751016776626133975e-01,5.213219524269210314e-01,2.349108995060854577e-01,1.003819038680694720e-01,3.757314588488412377e-01,2.631011733111273676e-01,3.248903658796012395e-01,2.632261784117365666e-01,5.022838779282013943e-01,1.884353818276479631e-01,1.203506408131461425e-01,1.828975258313375596e-02,4.552176253075457257e-01,1.000000000000000000e+00
