1.000000000000000000e+00,-3.710101575448510047e-02,1.140162308592695267e-01,-3.477543161606563293e-01,5.740723256718100603e-02,-7.828261265989662487e-02,-5.337464539159081367e-01,-1.181685917745410874e-01,1.696873243668179099e-01,-5.042089065599271447e-02,-4.298917875067626571e-01,-1.584236703890920805e-01,-4.011666497543878163e-01,-2.271104225692170964e-01,1.125605188462941580e-01,4.093089666485055789e-01,2.817174127814787155e-01,-2.377545285219355153e-01,8.358708907387801812e-02,-3.342958511441045388e-01,2.709220686019388480e-01,-3.985215675601774254e-01,-1.172534393881164427e-01,1.640626129515475318e-01,-3.263086744490475422e-01,7.610650746188823978e-01,-2.354513881781444135e-02,7.008106507384456174e-01,6.267983518931947717e-01,5.601986588794486410e-01,4.700213561996294948e-02,-2.657788067369404872e-01,-1.777621363581048664e-02,1.052866237545854733e-01,2.427610940433885534e-01,2.452925636816417898e-01,-5.489529288073072971e-02,5.267003559875105267e-01,-2.168951868759036172e-01
-3.710101575448510047e-02,1.000000000000000000e+00,3.056580711693007713e-01,4.946328224945080176e-01,3.243390750342352025e-01,-4.801643668957644717e-02,4.920558880898706633e-01,-3.825656817369044171e-01,3.895988255376206522e-01,5.376955248654138320e-01,3.685924905874983226e-01,4.126634785244228110e-01,6.542111941435029276e-01,4.713230005820501778e-01,-3.708286071301588604e-01,2.810944023509074352e-01,3.853891038579024958e-02,5.488439515312510952e-01,1.671219548332506244e-01,4.183584532260456457e-01,-1.520375616504347493e-01,5.279693043201102443e-01,6.326651760295993743e-01,1.615546100640406213e-01,5.270634353318245369e-01,1.478157886647494812e-01,7.435290912419618703e-01,-1.570692467407907300e-01,-3.642691509998891575e-01,2.197446590650090070e-02,6.774229905719614253e-01,2.137066614768999562e-01,5.036291225230776769e-02,3.742049591142994347e-02,2.547543252630040111e-01,2.347095438199432726e-01,3.989732496248232230e-01,3.237184768738640139e-01,7.328901224084777288e-01
1.140162308592695267e-01,3.056580711693007713e-01,1.000000000000000000e+00,1.780575034188335492e-03,6.580580233348855002e-01,3.867283305340647043e-02,1.841616687847577871e-01,-7.226244445430398677e-01,5.606031926054698689e-01,3.288310333223530835e-01,1.572413718665918170e-01,2.371014022934107290e-01,3.854800179689036876e-01,4.453617897814560189e-01,-1.378505050250967978e-01,3.595425394643073091e-01,1.063338134881608166e-01,1.547906840256611516e-01,3.492649104564352069e-01,2.209986250415130471e-01,3.456648877545508980e-01,5.074125119588711597e-01,3.848749879021681752e-01,3.790288248470776722e-01,3.483800139436609711e-01,2.119101933257425130e-01,3.790427745281464977e-01,6.545342940817082400e-02,8.585196824625072887e-02,2.100229447864921384e-01,3.538617338426742753e-01,2.055226367528762421e-01,7.238897073747507793e-01,5.267204106122258533e-01,2.144933703928377511e-01,1.062282618781530963e-01,1.742335381688678575e-01,5.383435712548084728e-01,3.863630310721352656e-01
-3.477543161606563293e-01,4.946328224945080176e-01,1.780575034188335492e-03,1.000000000000000000e+00,9.705282440667482857e-02,7.432698233984232072e-02,5.272760655728691015e-01,-1.872073182853025430e-01,1.671277623951034352e-01,2.638025121708225673e-01,5.338444063131757567e-01,5.167236074560171977e-01,4.485163310254824398e-01,4.795436103013266949e-01,-5.057939781650362399e-01,-1.048697974342059774e-01,1.944516967194274623e-02,7.676428582655804300e-01,1.433694746464371783e-01,4.435405245244859462e-01,-3.580302943755813150e-01,4.056781211653896491e-01,4.435365174003822464e-01,4.200989793177258014e-02,5.050084459381288804e-01,-3.605952520975170272e-01,3.068816466696278056e-01,-5.324692831534995063e-01,-5.978643259159083234e-01,-1.999950308302831381e-01,1.709536258990344282e-01,1.759944688787978273e-01,-1.616541544530298025e-01,-1.469691778791974712e-01,-1.186807225665996723e-01,-1.167423275221367157e-01,1.839146219183588338e-01,-2.609450451765170376e-02,5.780425053270795699e-01
5.740723256718100603e-02,3.243390750342352025e-01,6.580580233348855002e-01,9.705282440667482857e-02,1.000000000000000000e+00,6.248072005449168548e-02,3.113493840734616325e-01,-4.699043349481525356e-01,6.061669116446986028e-01,4.003333630127517417e-01,2.639669617766657872e-01,4.133876305978347876e-01,4.157595561214960656e-01,6.068594472104138493e-01,-4.962953600452606889e-03,3.830108139622259156e-01,2.020166164582158641e-01,1.670290590197732739e-01,3.227051650767839286e-01,2.794494530646522423e-01,3.525429096602483159e-01,4.940876144357599364e-01,4.051128837348180189e-01,5.418443726235061542e-01,2.967401289309580803e-01,1.371875515112747634e-01,3.519515451076878354e-01,2.786816879628506785e-02,2.455864784545048335e-02,3.248484756440493948e-01,3.194200906544744090e-01,2.767003607405741361e-01,6.361588981346489868e-01,6.542961801964732871e-01,5.907012489565872937e-02,-2.424175397878916560e-02,4.896911134126325643e-02,5.711758314861965502e-01,4.573604237216870594e-01
-7.828261265989662487e-02,-4.801643668957644717e-02,3.867283305340647043e-02,7.432698233984232072e-02,6.248072005449168548e-02,1.000000000000000000e+00,1.480702510592518395e-01,-5.154483747131782118e-02,-3.417995211746750056e-02,8.649185422395810896e-02,4.948853139317854199e-01,-1.444868114308293927e-01,1.526673981647167500e-01,1.333590102528617038e-01,-1.007531287484855487e-01,3.401711807132579840e-02,1.478414037332212994e-01,6.198538456640066696e-02,8.471159036547838694e-02,2.371666631770762979e-01,1.969000298272542138e-01,2.427690823690053235e-01,2.469116088923425378e-01,-1.021174306249983399e-01,2.092290031484067836e-01,-6.424123889428583201e-02,-5.390718284549428363e-02,-2.440440917576049140e-02,1.099547334982081265e-01,-1.405003004517401122e-01,4.514393274317957117e-02,4.012981164334232798e-01,1.295687959544826739e-01,9.539856826710264859e-02,3.717555878570771855e-01,9.854703821435825684e-02,3.432060289327416580e-01,-1.095864746678794632e-01,-6.579791162965895057e-02
-5.337464539159081367e-01,4.920558880898706633e-01,1.841616687847577871e-01,5.272760655728691015e-01,3.113493840734616325e-01,1.480702510592518395e-01,1.000000000000000000e+00,-7.542558323534243048e-02,3.699322469170258088e-01,4.594098228323353905e-01,5.698428412548897093e-01,4.609518324668464007e-01,6.502167361834381154e-01,5.563580809812984640e-01,-2.631044937170021192e-01,1.287900481851769197e-01,1.412043257248167261e-01,4.556047145333827486e-01,8.788731622314104042e-02,5.998134252491019724e-01,-6.454049122893810997e-02,6.552628131196291950e-01,5.254874637110493740e-01,1.139829391632092292e-01,4.241100286717318646e-01,-3.592114049253711805e-01,4.055168298975627694e-01,-4.001089715499019372e-01,-4.824174669387922276e-01,-1.056031332469081208e-01,2.881871391248724823e-01,3.299720000106567963e-01,1.952055926374341166e-01,1.876935926008397315e-01,-7.458947175362827531e-02,6.090035093702864631e-03,1.479005438534374273e-01,-3.082130223686949458e-02,5.843221653012545813e-01
-1.181685917745410874e-01,-3.825656817369044171e-01,-7.226244445430398677e-01,-1.872073182853025430e-01,-4.699043349481525356e-01,-5.154483747131782118e-02,-7.542558323534243048e-02,1.000000000000000000e+00,-4.042616732891505804e-01,-1.903566215480430035e-01,-2.349235426141844385e-01,-2.922866035016150055e-01,-3.312471364185395895e-01,-3.180558084108726646e-01,2.981181180220962013e-01,-1.119827744603860142e-01,1.417757702584531050e-02,-3.291336551864284532e-01,-3.870719903797453787e-01,-2.735757946071035729e-01,-2.871226293989327660e-02,-3.859218423001536391e-01,-3.621733893715148311e-01,-2.312275416415429941e-01,-3.473142397769102274e-01,-1.714742805351620325e-01,-4.036764761592355200e-01,9.622803841851051976e-02,-2.234989955685185575e-02,-2.197328495432181866e-02,-4.070598097222697387e-01,-2.849402331369433328e-01,-3.630731997108481712e-01,-2.603671175768812462e-01,-1.983376764466242281e-01,-6.777050180632411547e-02,-1.935350553005917018e-01,-4.578593527037569944e-01,-4.842628163684563614e-01
1.696873243668179099e-01,3.895988255376206522e-01,5.606031926054698689e-01,1.671277623951034352e-01,6.061669116446986028e-01,-3.417995211746750056e-02,3.699322469170258088e-01,-4.042616732891505804e-01,1.000000000000000000e+00,2.393411534029974974e-01,1.640187547944440827e-01,4.285075684767857274e-01,3.012582456345698212e-01,5.395474319066143609e-01,-1.083775765895179377e-01,4.531650723421999372e-01,3.569903645132552761e-01,2.550058259721741938e-01,3.445049712781262929e-01,2.818078586139748931e-01,2.126390846469350948e-01,3.673499706560141576e-01,4.652598456638889490e-01,5.094397596077234747e-01,2.571809436709105445e-01,2.990581893038948835e-01,3.905015849902304659e-01,1.347608131716050983e-01,9.956518315152398935e-02,4.516802789619828729e-01,3.156420468554861358e-01,6.135371860408127959e-02,4.242460971913431522e-01,5.080029993627398488e-01,7.756988917275828288e-02,1.668613202547269692e-01,8.594293419511324361e-02,6.306550623619292528e-01,4.852029882857634702e-01
-5.042089065599271447e-02,5.376955248654138320e-01,3.288310333223530835e-01,2.638025121708225673e-01,4.003333630127517417e-01,8.649185422395810896e-02,4.594098228323353905e-01,-1.903566215480430035e-01,2.393411534029974974e-01,1.000000000000000000e+00,3.658761714454038527e-01,3.151048325761820479e-01,6.516629752801438302e-01,4.279048174963971940e-01,-2.793132861974079728e-01,5.852669595517103751e-01,1.780380134478012633e-01,3.387542525131168047e-01,2.498416638183436900e-01,4.252489683553754007e-01,2.752338940923919619e-01,6.029734977464592527e-01,5.275127303182400862e-01,6.734882368507798256e-02,3.775980957725986187e-01,6.719847833582155705e-02,5.626723200792949076e-01,6.065231914516418243e-02,-2.120156383503736530e-01,1.588288376807105995e-01,4.533017796756683704e-01,2.094761911212691952e-01,3.233770264389208005e-01,1.946047012896994777e-01,1.844093232985252184e-01,2.922046024462066072e-01,2.400843324677294222e-01,2.559495037061313427e-01,4.837419593725431621e-01
-4.298917875067626571e-01,3.685924905874983226e-01,1.572413718665918170e-01,5.338444063131757567e-01,2.639669617766657872e-01,4.948853139317854199e-01,5.698428412548897093e-01,-2.349235426141844385e-01,1.640187547944440827e-01,3.658761714454038527e-01,1.000000000000000000e+00,3.110890243148556333e-01,5.885985310745296406e-01,5.011518403138598421e-01,-3.592972434719113872e-01,-5.293221193882605147e-02,1.827533989082800459e-01,4.703081491579494400e-01,1.581598661821313478e-01,6.368184680871117331e-01,-1.635652624986661807e-01,5.544241384547360374e-01,5.184464722345785148e-01,2.379108723292448421e-02,5.283440697878638570e-01,-3.340242632866617933e-01,3.103091420624944918e-01,-4.370361825000162459e-01,-3.453691356100909715e-01,-2.308734623098312455e-01,2.847132733692267492e-01,5.752472554402477956e-01,1.062150587171153265e-01,1.648879689278436866e-01,1.053867014088951670e-01,-1.617792270339847918e-02,3.468621159272077259e-01,-9.629870704314794083e-02,4.719870059069602442e-01
-1.584236703890920805e-01,4.126634785244228110e-01,2.371014022934107290e-01,5.167236074560171977e-01,4.133876305978347876e-01,-1.444868114308293927e-01,4.609518324668464007e-01,-2.922866035016150055e-01,4.285075684767857274e-01,3.151048325761820479e-01,3.110890243148556333e-01,1.000000000000000000e+00,4.117295364053607520e-01,5.354940510800262343e-01,-1.715260121018613304e-01,9.105801546703826133e-02,1.182247215528619416e-01,4.669285963667889616e-01,2.217682256781781658e-01,2.227281562102791101e-01,-1.315237514804276919e-01,3.398441636963523416e-01,2.574085163864576753e-01,2.933592465134989835e-01,3.414674109732290797e-01,-7.065410378686130810e-02,4.492902682451135332e-01,-2.170575482061810613e-01,-3.484116795938539402e-01,1.197744160177625222e-01,2.500380423274535246e-01,4.983680887099287832e-02,1.001384474531363117e-01,1.216615362356894547e-01,-2.502129990608194521e-01,-2.288814127161870743e-02,-9.156166446849967055e-02,3.652998622432018783e-01,6.336152455876075118e-01
-4.011666497543878163e-01,6.542111941435029276e-01,3.854800179689036876e-01,4.485163310254824398e-01,4.157595561214960656e-01,1.526673981647167500e-01,6.502167361834381154e-01,-3.312471364185395895e-01,3.012582456345698212e-01,6.516629752801438302e-01,5.885985310745296406e-01,4.117295364053607520e-01,1.000000000000000000e+00,5.152504774835992007e-01,-3.384153998559961685e-01,2.128619360872554545e-01,-1.960338942821264474e-02,4.898040977700208187e-01,2.239383118572451370e-01,4.721346415571711086e-01,2.900236385416987001e-02,7.540015655452285692e-01,6.299027734848695603e-01,2.279708831566173294e-02,6.240834935571941688e-01,-1.661270053024511695e-01,6.966072808483684264e-01,-2.757006600617219472e-01,-4.597504569730718749e-01,-2.116715781307695055e-01,6.055138797579284748e-01,3.842971995217424053e-01,3.075877493089158032e-01,1.652253031794485572e-01,2.433891487240135987e-01,1.969742006657441979e-01,4.064642558488258395e-01,1.854193716042620566e-01,6.979270315301698835e-01
-2.271104225692170964e-01,4.713230005820501778e-01,4.453617897814560189e-01,4.795436103013266949e-01,6.068594472104138493e-01,1.333590102528617038e-01,5.563580809812984640e-01,-3.180558084108726646e-01,5.395474319066143609e-01,4.279048174963971940e-01,5.011518403138598421e-01,5.354940510800262343e-01,5.152504774835992007e-01,1.000000000000000000e+00,-1.490218266756492549e-01,2.479998913058650556e-01,2.683400621299696920e-01,4.249602886025208859e-01,1.261468934580222689e-01,4.255708408077903404e-01,9.751728394494890706e-02,5.878836263803023376e-01,6.109034276273360708e-01,5.317033795987966549e-01,5.526440233658168610e-01,-1.573054975979146786e-01,4.034317444554368914e-01,-3.338535617073467576e-01,-3.712154093777732533e-01,1.759310737500249244e-01,2.974132516362706369e-01,2.294898286347725747e-01,4.610198405960100332e-01,4.011422843192526955e-01,-1.324808688676365198e-01,-1.041856303400898742e-01,8.821336273072173662e-02,3.126658774846182709e-01,5.787683809784749389e-01
1.125605188462941580e-01,-3.708286071301588604e-01,-1.378505050250967978e-01,-5.057939781650362399e-01,-4.962953600452606889e-03,-1.007531287484855487e-01,-2.631044937170021192e-01,2.981181180220962013e-01,-1.083775765895179377e-01,-2.793132861974079728e-01,-3.592972434719113872e-01,-1.715260121018613304e-01,-3.384153998559961685e-01,-1.490218266756492549e-01,1.000000000000000000e+00,-1.016627871477569223e-01,-3.277858980447975051e-02,-6.692165620850402119e-01,-3.646167945016829393e-01,-2.895039485094232368e-01,1.636495775801008468e-01,-3.072448275005635332e-01,-4.015529622058375825e-01,1.684698963142278461e-01,-2.987197960225896343e-01,1.406282966941593549e-01,-2.231267766019153498e-01,2.234032822935992368e-01,3.511224420053856154e-01,9.291334926380720449e-02,-1.703049025672164485e-01,-1.157090930871663703e-01,8.048807537246280286e-02,2.465390799318534776e-01,-1.758266184772931395e-01,-1.369393166299833764e-01,-2.403296214760138605e-01,8.498454148781147896e-03,-3.734546458784225309e-01
4.093089666485055789e-01,2.810944023509074352e-01,3.595425394643073091e-01,-1.048697974342059774e-01,3.830108139622259156e-01,3.401711807132579840e-02,1.287900481851769197e-01,-1.119827744603860142e-01,4.531650723421999372e-01,5.852669595517103751e-01,-5.293221193882605147e-02,9.105801546703826133e-02,2.128619360872554545e-01,2.479998913058650556e-01,-1.016627871477569223e-01,1.000000000000000000e+00,4.680381736510184076e-01,5.263922181901396768e-02,2.557608493370218672e-01,7.544920014637530870e-02,4.669068468293459673e-01,2.296913622010722522e-01,3.598824419650917261e-01,2.796077598770153605e-01,1.358049107676865923e-02,4.650660406414184878e-01,3.158860829193501640e-01,5.291133751265884033e-01,2.434785750983481656e-01,6.277465164784558072e-01,2.765291270500700449e-01,-8.960430817861490815e-02,3.900590787633809731e-01,3.093077030309209219e-01,2.289688489666650839e-01,3.289327514990206813e-01,6.651906882809092980e-02,5.191242825473142419e-01,1.475145907171645510e-01
2.817174127814787155e-01,3.853891038579024958e-02,1.063338134881608166e-01,1.944516967194274623e-02,2.020166164582158641e-01,1.478414037332212994e-01,1.412043257248167261e-01,1.417757702584531050e-02,3.569903645132552761e-01,1.780380134478012633e-01,1.827533989082800459e-01,1.182247215528619416e-01,-1.960338942821264474e-02,2.683400621299696920e-01,-3.277858980447975051e-02,4.680381736510184076e-01,1.000000000000000000e+00,-4.686754236761998121e-02,-7.167355912412025354e-02,1.212704841594997029e-01,1.532800199285438703e-01,1.897736640121200705e-02,2.256909252097700214e-01,3.301303261529640598e-01,-1.402606477166603305e-01,2.223203228213171678e-01,3.622083285920378593e-02,2.856985308693109626e-01,2.552957847355449283e-01,6.052472510935861250e-01,-2.699023747599517062e-02,2.568885971780392533e-02,1.487037961785100670e-01,2.796204940055923571e-01,-8.502306336883062865e-02,4.753659051075970199e-02,-1.593925541697487902e-01,2.057588967570037619e-01,-7.983627845136375897e-03
-2.377545285219355153e-01,5.488439515312510952e-01,1.547906840256611516e-01,7.676428582655804300e-01,1.670290590197732739e-01,6.198538456640066696e-02,4.556047145333827486e-01,-3.291336551864284532e-01,2.550058259721741938e-01,3.387542525131168047e-01,4.703081491579494400e-01,4.669285963667889616e-01,4.898040977700208187e-01,4.249602886025208859e-01,-6.692165620850402119e-01,5.263922181901396768e-02,-4.686754236761998121e-02,1.000000000000000000e+00,4.198895392403307336e-01,4.329201341739938869e-01,-2.299308573027276092e-01,4.556795088471898292e-01,5.250035936556227689e-01,-9.752905408513961455e-03,5.220922366616047583e-01,-2.008839404676482088e-01,3.896139172999448230e-01,-3.675123727591260714e-01,-5.260839711121361173e-01,-1.336275718134347368e-01,2.956678064204785739e-01,1.507505955976859435e-01,-8.217991952586942150e-02,-2.096336847136130443e-01,3.778322016700951663e-02,4.315085338543940552e-02,3.104594231007731797e-01,9.439489741921464061e-02,6.149598363058931261e-01
8.358708907387801812e-02,1.671219548332506244e-01,3.492649104564352069e-01,1.433694746464371783e-01,3.227051650767839286e-01,8.471159036547838694e-02,8.788731622314104042e-02,-3.870719903797453787e-01,3.445049712781262929e-01,2.498416638183436900e-01,1.581598661821313478e-01,2.217682256781781658e-01,2.239383118572451370e-01,1.261468934580222689e-01,-3.646167945016829393e-01,2.557608493370218672e-01,-7.167355912412025354e-02,4.198895392403307336e-01,1.000000000000000000e+00,2.225528393496329360e-01,2.138285237423153962e-01,2.529390064212139189e-01,1.784198071537341501e-01,8.397993122538005561e-02,2.808294436410431194e-01,1.179119426922279751e-01,1.261572281412422503e-01,7.532775238771902138e-02,2.137970405839312305e-02,1.174617778472380608e-01,1.125960997538290181e-01,1.397063233601727461e-01,2.257097317258353053e-01,7.847886655894474595e-02,2.614549140384357928e-01,9.784088604346992402e-02,2.787139816215686849e-01,3.169622274088147451e-01,3.077290751768052002e-01
-3.342958511441045388e-01,4.183584532260456457e-01,2.209986250415130471e-01,4.435405245244859462e-01,2.794494530646522423e-01,2.371666631770762979e-01,5.998134252491019724e-01,-2.735757946071035729e-01,2.818078586139748931e-01,4.252489683553754007e-01,6.368184680871117331e-01,2.227281562102791101e-01,4.721346415571711086e-01,4.255708408077903404e-01,-2.895039485094232368e-01,7.544920014637530870e-02,1.212704841594997029e-01,4.329201341739938869e-01,2.225528393496329360e-01,1.000000000000000000e+00,-1.183720422324683608e-01,5.574144589449531173e-01,5.264675930375242174e-01,1.121119203825755167e-01,4.230834031979064380e-01,-2.352344995266583139e-01,2.895590156325866804e-01,-3.619838862784893196e-01,-2.319527767437560006e-01,-1.077894356702993328e-01,2.880649809792781291e-01,5.585999276859940910e-01,1.021353433416602313e-01,2.604957795862013481e-01,1.354582784068536841e-02,5.961306869173033443e-03,2.642994024321313473e-01,-5.309183304299473771e-02,4.904330535367477095e-01
2.709220686019388480e-01,-1.520375616504347493e-01,3.456648877545508980e-01,-3.580302943755813150e-01,3.525429096602483159e-01,1.969000298272542138e-01,-6.454049122893810997e-02,-2.871226293989327660e-02,2.126390846469350948e-01,2.752338940923919619e-01,-1.635652624986661807e-01,-1.315237514804276919e-01,2.900236385416987001e-02,9.751728394494890706e-02,1.636495775801008468e-01,4.669068468293459673e-01,1.532800199285438703e-01,-2.299308573027276092e-01,2.138285237423153962e-01,-1.183720422324683608e-01,1.000000000000000000e+00,2.501333409418764475e-01,3.958635008882747247e-02,1.839611885055434104e-01,-1.448170233488743353e-01,2.204561875933189474e-01,-7.014135070924069904e-02,4.040803336131113532e-01,3.342441553615583816e-01,3.263770780366667124e-01,-9.047533229239512753e-02,-4.504232819337281035e-02,6.045307312230564500e-01,3.224247655943340840e-01,2.204815588202179710e-01,2.019887302659054418e-01,2.620849383163014953e-02,3.096301371102642142e-01,-1.268455898910270940e-01
-3.985215675601774254e-01,5.279693043201102443e-01,5.074125119588711597e-01,4.056781211653896491e-01,4.940876144357599364e-01,2.427690823690053235e-01,6.552628131196291950e-01,-3.859218423001536391e-01,3.673499706560141576e-01,6.029734977464592527e-01,5.544241384547360374e-01,3.398441636963523416e-01,7.540015655452285692e-01,5.878836263803023376e-01,-3.072448275005635332e-01,2.296913622010722522e-01,1.897736640121200705e-02,4.556795088471898292e-01,2.529390064212139189e-01,5.574144589449531173e-01,2.501333409418764475e-01,1.000000000000000000e+00,6.347716914556881251e-01,1.373726984243363869e-01,5.504977419589113241e-01,-2.377950827664830902e-01,4.988545601812486852e-01,-3.373206246305291978e-01,-3.682021161875711490e-01,-1.206814610709507629e-01,3.974224677714675025e-01,4.577491667724678526e-01,5.206261257656720209e-01,2.741711355786777826e-01,1.913147267159385767e-01,1.219071970996473547e-01,3.541225834266116812e-01,1.411067732820867615e-01,6.084848053764764231e-01
-1.172534393881164427e-01,6.326651760295993743e-01,3.848749879021681752e-01,4.435365174003822464e-01,4.051128837348180189e-01,2.469116088923425378e-01,5.254874637110493740e-01,-3.621733893715148311e-01,4.652598456638889490e-01,5.275127303182400862e-01,5.184464722345785148e-01,2.574085163864576753e-01,6.299027734848695603e-01,6.109034276273360708e-01,-4.015529622058375825e-01,3.598824419650917261e-01,2.256909252097700214e-01,5.250035936556227689e-01,1.784198071537341501e-01,5.264675930375242174e-01,3.958635008882747247e-02,6.347716914556881251e-01,1.000000000000000000e+00,2.290489522658364641e-01,5.630197680810163918e-01,2.089481510443871176e-02,5.688051147837164256e-01,-2.182265425329824871e-01,-2.571901149522191066e-01,5.799603433291453808e-02,5.083198354885732906e-01,3.960986277820223722e-01,2.540874975725155860e-01,2.456847239196100485e-01,2.849852731402898742e-01,1.922553732446229124e-01,4.218899778953205115e-01,2.681598106862211339e-01,6.250596302117211733e-01
1.640626129515475318e-01,1.615546100640406213e-01,3.790288248470776722e-01,4.200989793177258014e-02,5.418443726235061542e-01,-1.021174306249983399e-01,1.139829391632092292e-01,-2.312275416415429941e-01,5.094397596077234747e-01,6.734882368507798256e-02,2.379108723292448421e-02,2.933592465134989835e-01,2.279708831566173294e-02,5.317033795987966549e-01,1.684698963142278461e-01,2.796077598770153605e-01,3.301303261529640598e-01,-9.752905408513961455e-03,8.397993122538005561e-02,1.121119203825755167e-01,1.839611885055434104e-01,1.373726984243363869e-01,2.290489522658364641e-01,1.000000000000000000e+00,1.966963291411873982e-01,1.494373850902419032e-01,7.063072904792712381e-02,4.689392284603113338e-03,1.320479193004417406e-01,4.620352693509772180e-01,8.508813503541656775e-02,1.513273053358667464e-01,4.066063872269499169e-01,5.362125838227013164e-01,-1.166104574589274800e-01,-2.557656897288582143e-01,-1.172572793077999581e-01,4.434091955465937485e-01,2.476490404039463078e-01
-3.263086744490475422e-01,5.270634353318245369e-01,3.483800139436609711e-01,5.050084459381288804e-01,2.967401289309580803e-01,2.092290031484067836e-01,4.241100286717318646e-01,-3.473142397769102274e-01,2.571809436709105445e-01,3.775980957725986187e-01,5.283440697878638570e-01,3.414674109732290797e-01,6.240834935571941688e-01,5.526440233658168610e-01,-2.987197960225896343e-01,1.358049107676865923e-02,-1.402606477166603305e-01,5.220922366616047583e-01,2.808294436410431194e-01,4.230834031979064380e-01,-1.448170233488743353e-01,5.504977419589113241e-01,5.630197680810163918e-01,1.966963291411873982e-01,1.000000000000000000e+00,-1.660965476049627854e-01,4.952296519375121164e-01,-4.187589127380819121e-01,-4.389439569338444702e-01,-2.472555595070945744e-01,4.634673024795667451e-01,3.761978609677555929e-01,2.244161010478373519e-01,1.738206042990640965e-01,1.759718857144776938e-01,5.085234813864633781e-03,4.157756729026020337e-01,1.318151440334602853e-01,5.662350013263045545e-01
7.610650746188823978e-01,1.478157886647494812e-01,2.119101933257425130e-01,-3.605952520975170272e-01,1.371875515112747634e-01,-6.424123889428583201e-02,-3.592114049253711805e-01,-1.714742805351620325e-01,2.990581893038948835e-01,6.719847833582155705e-02,-3.340242632866617933e-01,-7.065410378686130810e-02,-1.661270053024511695e-01,-1.573054975979146786e-01,1.406282966941593549e-01,4.650660406414184878e-01,2.223203228213171678e-01,-2.008839404676482088e-01,1.179119426922279751e-01,-2.352344995266583139e-01,2.204561875933189474e-01,-2.377950827664830902e-01,2.089481510443871176e-02,1.494373850902419032e-01,-1.660965476049627854e-01,1.000000000000000000e+00,3.010160057301480285e-01,7.263802042812673720e-01,6.235777195133586082e-01,4.901540062944457765e-01,3.514363371419875204e-01,-1.536773938800787276e-01,1.863376226473550251e-02,1.239178860371609042e-01,4.083940444256771163e-01,4.514632133702288774e-01,1.898120505782761036e-01,5.766443169479481545e-01,-5.831070686206017012e-02
-2.354513881781444135e-02,7.435290912419618703e-01,3.790427745281464977e-01,3.068816466696278056e-01,3.519515451076878354e-01,-5.390718284549428363e-02,4.055168298975627694e-01,-4.036764761592355200e-01,3.905015849902304659e-01,5.626723200792949076e-01,3.103091420624944918e-01,4.492902682451135332e-01,6.966072808483684264e-01,4.034317444554368914e-01,-2.231267766019153498e-01,3.158860829193501640e-01,3.622083285920378593e-02,3.896139172999448230e-01,1.261572281412422503e-01,2.895590156325866804e-01,-7.014135070924069904e-02,4.988545601812486852e-01,5.688051147837164256e-01,7.063072904792712381e-02,4.952296519375121164e-01,3.010160057301480285e-01,1.000000000000000000e+00,1.204717401491184163e-03,-2.182887814390256920e-01,1.728238264528462673e-02,8.080505230537951000e-01,1.987121674064689647e-01,1.306510186103996829e-01,8.089867530823716124e-02,2.872085442290699953e-01,4.300889963933856031e-01,3.802321497835570718e-01,4.069055741871447918e-01,6.719560700162682254e-01
7.008106507384456174e-01,-1.570692467407907300e-01,6.545342940817082400e-02,-5.324692831534995063e-01,2.786816879628506785e-02,-2.440440917576049140e-02,-4.001089715499019372e-01,9.622803841851051976e-02,1.347608131716050983e-01,6.065231914516418243e-02,-4.370361825000162459e-01,-2.170575482061810613e-01,-2.757006600617219472e-01,-3.338535617073467576e-01,2.234032822935992368e-01,5.291133751265884033e-01,2.856985308693109626e-01,-3.675123727591260714e-01,7.532775238771902138e-02,-3.619838862784893196e-01,4.040803336131113532e-01,-3.373206246305291978e-01,-2.182265425329824871e-01,4.689392284603113338e-03,-4.187589127380819121e-01,7.263802042812673720e-01,1.204717401491184163e-03,1.000000000000000000e+00,6.770837044144238925e-01,5.331233659510788980e-01,8.299213665757300407e-02,-2.890567933564465730e-01,6.636176206929925159e-02,8.815427288284086171e-02,2.819671928718156528e-01,3.953988214782642174e-01,-2.161556120944820372e-02,4.021324414487631449e-01,-3.416135847459620956e-01
6.267983518931947717e-01,-3.642691509998891575e-01,8.585196824625072887e-02,-5.978643259159083234e-01,2.455864784545048335e-02,1.099547334982081265e-01,-4.824174669387922276e-01,-2.234989955685185575e-02,9.956518315152398935e-02,-2.120156383503736530e-01,-3.453691356100909715e-01,-3.484116795938539402e-01,-4.597504569730718749e-01,-3.712154093777732533e-01,3.511224420053856154e-01,2.434785750983481656e-01,2.552957847355449283e-01,-5.260839711121361173e-01,2.137970405839312305e-02,-2.319527767437560006e-01,3.342441553615583816e-01,-3.682021161875711490e-01,-2.571901149522191066e-01,1.320479193004417406e-01,-4.389439569338444702e-01,6.235777195133586082e-01,-2.182887814390256920e-01,6.770837044144238925e-01,1.000000000000000000e+00,4.196993522587246228e-01,-6.343366359071828109e-02,4.599571546883719081e-02,8.450911078894603190e-02,2.225096287797223293e-01,2.613397069589049604e-01,2.596587060167413474e-01,-4.033143218469001368e-02,2.971063388268236904e-01,-4.116362153782623379e-01
5.601986588794486410e-01,2.197446590650090070e-02,2.100229447864921384e-01,-1.999950308302831381e-01,3.248484756440493948e-01,-1.405003004517401122e-01,-1.056031332469081208e-01,-2.197328495432181866e-02,4.516802789619828729e-01,1.588288376807105995e-01,-2.308734623098312455e-01,1.197744160177625222e-01,-2.116715781307695055e-01,1.759310737500249244e-01,9.291334926380720449e-02,6.277465164784558072e-01,6.052472510935861250e-01,-1.336275718134347368e-01,1.174617778472380608e-01,-1.077894356702993328e-01,3.263770780366667124e-01,-1.206814610709507629e-01,5.799603433291453808e-02,4.620352693509772180e-01,-2.472555595070945744e-01,4.901540062944457765e-01,1.728238264528462673e-02,5.331233659510788980e-01,4.196993522587246228e-01,1.000000000000000000e+00,-2.878563194006994452e-02,-1.892865076039512984e-01,2.241132121399191657e-01,3.221755402002991486e-01,-4.171376805849650454e-02,8.750994513420817800e-02,-2.213652691042687082e-01,4.708484521193008199e-01,-4.388776903347837294e-02
4.700213561996294948e-02,6.774229905719614253e-01,3.538617338426742753e-01,1.709536258990344282e-01,3.194200906544744090e-01,4.514393274317957117e-02,2.881871391248724823e-01,-4.070598097222697387e-01,3.156420468554861358e-01,4.533017796756683704e-01,2.847132733692267492e-01,2.500380423274535246e-01,6.055138797579284748e-01,2.974132516362706369e-01,-1.703049025672164485e-01,2.765291270500700449e-01,-2.699023747599517062e-02,2.956678064204785739e-01,1.125960997538290181e-01,2.880649809792781291e-01,-9.047533229239512753e-02,3.974224677714675025e-01,5.083198354885732906e-01,8.508813503541656775e-02,4.634673024795667451e-01,3.514363371419875204e-01,8.080505230537951000e-01,8.299213665757300407e-02,-6.343366359071828109e-02,-2.878563194006994452e-02,1.000000000000000000e+00,2.980123587259042028e-01,9.632190057563837227e-02,1.047085666582697056e-01,3.811662645947624384e-01,4.388435185111284609e-01,4.407287262602520572e-01,3.852418894575288522e-01,5.730271361011508580e-01
-2.657788067369404872e-01,2.137066614768999562e-01,2.055226367528762421e-01,1.759944688787978273e-01,2.767003607405741361e-01,4.012981164334232798e-01,3.299720000106567963e-01,-2.849402331369433328e-01,6.135371860408127959e-02,2.094761911212691952e-01,5.752472554402477956e-01,4.983680887099287832e-02,3.842971995217424053e-01,2.294898286347725747e-01,-1.157090930871663703e-01,-8.960430817861490815e-02,2.568885971780392533e-02,1.507505955976859435e-01,1.397063233601727461e-01,5.585999276859940910e-01,-4.504232819337281035e-02,4.577491667724678526e-01,3.960986277820223722e-01,1.513273053358667464e-01,3.761978609677555929e-01,-1.536773938800787276e-01,1.987121674064689647e-01,-2.890567933564465730e-01,4.599571546883719081e-02,-1.892865076039512984e-01,2.980123587259042028e-01,1.000000000000000000e+00,1.781215060318988297e-01,3.007842276040777474e-01,2.636057609215257114e-01,2.230666917260667320e-02,3.569130715760613359e-01,-5.917793462511912461e-02,3.190687936723138329e-01
-1.777621363581048664e-02,5.036291225230776769e-02,7.238897073747507793e-01,-1.616541544530298025e-01,6.361588981346489868e-01,1.295687959544826739e-01,1.952055926374341166e-01,-3.630731997108481712e-01,4.242460971913431522e-01,3.233770264389208005e-01,1.062150587171153265e-01,1.001384474531363117e-01,3.075877493089158032e-01,4.610198405960100332e-01,8.048807537246280286e-02,3.900590787633809731e-01,1.487037961785100670e-01,-8.217991952586942150e-02,2.257097317258353053e-01,1.021353433416602313e-01,6.045307312230564500e-01,5.206261257656720209e-01,2.540874975725155860e-01,4.066063872269499169e-01,2.244161010478373519e-01,1.863376226473550251e-02,1.306510186103996829e-01,6.636176206929925159e-02,8.450911078894603190e-02,2.241132121399191657e-01,9.632190057563837227e-02,1.781215060318988297e-01,1.000000000000000000e+00,5.948248493561603123e-01,9.429805216800067613e-02,-4.084530604542608440e-02,2.353233286188162118e-02,3.865045703181744785e-01,1.461827063500606705e-01
1.052866237545854733e-01,3.742049591142994347e-02,5.267204106122258533e-01,-1.469691778791974712e-01,6.542961801964732871e-01,9.539856826710264859e-02,1.876935926008397315e-01,-2.603671175768812462e-01,5.080029993627398488e-01,1.946047012896994777e-01,1.648879689278436866e-01,1.216615362356894547e-01,1.652253031794485572e-01,4.011422843192526955e-01,2.465390799318534776e-01,3.093077030309209219e-01,2.796204940055923571e-01,-2.096336847136130443e-01,7.847886655894474595e-02,2.604957795862013481e-01,3.224247655943340840e-01,2.741711355786777826e-01,2.456847239196100485e-01,5.362125838227013164e-01,1.738206042990640965e-01,1.239178860371609042e-01,8.089867530823716124e-02,8.815427288284086171e-02,2.225096287797223293e-01,3.221755402002991486e-01,1.047085666582697056e-01,3.007842276040777474e-01,5.948248493561603123e-01,1.000000000000000000e+00,-6.147080860647175134e-03,-1.411522728722618414e-01,-7.015901256864502666e-02,4.107125856378143758e-01,1.512374348522746437e-01
2.427610940433885534e-01,2.547543252630040111e-01,2.144933703928377511e-01,-1.186807225665996723e-01,5.907012489565872937e-02,3.717555878570771855e-01,-7.458947175362827531e-02,-1.983376764466242281e-01,7.756988917275828288e-02,1.844093232985252184e-01,1.053867014088951670e-01,-2.502129990608194521e-01,2.433891487240135987e-01,-1.324808688676365198e-01,-1.758266184772931395e-01,2.289688489666650839e-01,-8.502306336883062865e-02,3.778322016700951663e-02,2.614549140384357928e-01,1.354582784068536841e-02,2.204815588202179710e-01,1.913147267159385767e-01,2.849852731402898742e-01,-1.166104574589274800e-01,1.759718857144776938e-01,4.083940444256771163e-01,2.872085442290699953e-01,2.819671928718156528e-01,2.613397069589049604e-01,-4.171376805849650454e-02,3.811662645947624384e-01,2.636057609215257114e-01,9.429805216800067613e-02,-6.147080860647175134e-03,1.000000000000000000e+00,4.074593856090059640e-01,7.164950470783733039e-01,1.968454893309226073e-01,7.178187920442068159e-02
2.452925636816417898e-01,2.347095438199432726e-01,1.062282618781530963e-01,-1.167423275221367157e-01,-2.424175397878916560e-02,9.854703821435825684e-02,6.090035093702864631e-03,-6.777050180632411547e-02,1.668613202547269692e-01,2.922046024462066072e-01,-1.617792270339847918e-02,-2.288814127161870743e-02,1.969742006657441979e-01,-1.041856303400898742e-01,-1.369393166299833764e-01,3.289327514990206813e-01,4.753659051075970199e-02,4.315085338543940552e-02,9.784088604346992402e-02,5.961306869173033443e-03,2.019887302659054418e-01,1.219071970996473547e-01,1.922553732446229124e-01,-2.557656897288582143e-01,5.085234813864633781e-03,4.514632133702288774e-01,4.300889963933856031e-01,3.953988214782642174e-01,2.596587060167413474e-01,8.750994513420817800e-02,4.388435185111284609e-01,2.230666917260667320e-02,-4.084530604542608440e-02,-1.411522728722618414e-01,4.074593856090059640e-01,1.000000000000000000e+00,3.305209163486502177e-01,2.088323882506560591e-01,1.239314083358630247e-01
-5.489529288073072971e-02,3.989732496248232230e-01,1.742335381688678575e-01,1.839146219183588338e-01,4.896911134126325643e-02,3.432060289327416580e-01,1.479005438534374273e-01,-1.935350553005917018e-01,8.594293419511324361e-02,2.400843324677294222e-01,3.468621159272077259e-01,-9.156166446849967055e-02,4.064642558488258395e-01,8.821336273072173662e-02,-2.403296214760138605e-01,6.651906882809092980e-02,-1.593925541697487902e-01,3.104594231007731797e-01,2.787139816215686849e-01,2.642994024321313473e-01,2.620849383163014953e-02,3.541225834266116812e-01,4.218899778953205115e-01,-1.172572793077999581e-01,4.157756729026020337e-01,1.898120505782761036e-01,3.802321497835570718e-01,-2.161556120944820372e-02,-4.033143218469001368e-02,-2.213652691042687082e-01,4.407287262602520572e-01,3.569130715760613359e-01,2.353233286188162118e-02,-7.015901256864502666e-02,7.164950470783733039e-01,3.305209163486502177e-01,1.000000000000000000e+00,4.655352608787034774e-02,2.568574906120192347e-01
5.267003559875105267e-01,3.237184768738640139e-01,5.383435712548084728e-01,-2.609450451765170376e-02,5.711758314861965502e-01,-1.095864746678794632e-01,-3.082130223686949458e-02,-4.578593527037569944e-01,6.306550623619292528e-01,2.559495037061313427e-01,-9.629870704314794083e-02,3.652998622432018783e-01,1.854193716042620566e-01,3.126658774846182709e-01,8.498454148781147896e-03,5.191242825473142419e-01,2.057588967570037619e-01,9.439489741921464061e-02,3.169622274088147451e-01,-5.309183304299473771e-02,3.096301371102642142e-01,1.411067732820867615e-01,2.681598106862211339e-01,4.434091955465937485e-01,1.318151440334602853e-01,5.766443169479481545e-01,4.069055741871447918e-01,4.021324414487631449e-01,2.971063388268236904e-01,4.708484521193008199e-01,3.852418894575288522e-01,-5.917793462511912461e-02,3.865045703181744785e-01,4.107125856378143758e-01,1.968454893309226073e-01,2.088323882506560591e-01,4.655352608787034774e-02,1.000000000000000000e+00,3.928019226424633303e-01
-2.168951868759036172e-01,7.328901224084777288e-01,3.863630310721352656e-01,5.780425053270795699e-01,4.573604237216870594e-01,-6.579791162965895057e-02,5.843221653012545813e-01,-4.842628163684563614e-01,4.852029882857634702e-01,4.837419593725431621e-01,4.719870059069602442e-01,6.336152455876075118e-01,6.979270315301698835e-01,5.787683809784749389e-01,-3.734546458784225309e-01,1.475145907171645510e-01,-7.983627845136375897e-03,6.149598363058931261e-01,3.077290751768052002e-01,4.904330535367477095e-01,-1.268455898910270940e-01,6.084848053764764231e-01,6.250596302117211733e-01,2.476490404039463078e-01,5.662350013263045545e-01,-5.831070686206017012e-02,6.719560700162682254e-01,-3.416135847459620956e-01,-4.116362153782623379e-01,-4.388776903347837294e-02,5.730271361011508580e-01,3.190687936723138329e-01,1.461827063500606705e-01,1.512374348522746437e-01,7.178187920442068159e-02,1.239314083358630247e-01,2.568574906120192347e-01,3.928019226424633303e-01,1.000000000000000000e+00
