1.000000000000000000e+00,7.872946836975365237e-01,4.554205607529253630e-01,5.034678687284048770e-01,5.340466229308534762e-01,2.247933692820358320e-01,2.461089855509755175e-01,-5.458726695303334209e-01,7.351588088384891639e-01,8.369364680738009543e-01,1.887747906244672258e-01,1.975009740379423950e-01,-1.713642784906933558e-01,7.793538175817561475e-01,5.451893926144353308e-01,8.190903478925949388e-01,4.611009483351183880e-01,6.376864657580860740e-01,6.163431812434385648e-01,1.620261246280193246e-01,6.842162219779157617e-01,-2.680031869647121062e-02,6.237454411268947840e-01,4.990709912699464179e-01,7.714892376329832713e-01,8.294780005078934426e-01,4.272483361761515441e-01,7.608709922998186936e-01,7.413071240186581701e-01,8.498189077931618263e-01,3.943932382549378279e-01,1.868204239393763677e-01,7.440994353000116579e-01,5.273601773980584051e-01,5.750796868804773920e-01,6.254472191258322322e-01,4.949535331913648695e-01,6.053181272229897214e-01,5.455120057089583030e-01
7.872946836975365237e-01,1.000000000000000000e+00,4.918192649913157855e-01,3.481882913673436941e-01,5.109055892093917750e-01,2.470329411911815209e-01,6.697142678911412184e-02,-5.626650606596861337e-01,7.455895020974900866e-01,7.461300920226798805e-01,3.259172356383973623e-01,3.695799629166658384e-01,-3.087904678695703176e-01,7.066091878374056723e-01,4.288085739287887943e-01,6.621608810686626656e-01,5.680727065841697510e-01,5.067929295058531958e-01,5.311466672621222296e-01,1.257103521988328643e-01,6.452495651136532784e-01,5.869369325350597133e-02,6.191919087038859626e-01,4.895786352925106666e-01,6.779428132923506212e-01,8.164653024320319696e-01,6.351382854259074451e-01,6.862091654373557725e-01,6.625678767460297935e-01,7.583979450325870619e-01,5.933143499374975427e-01,3.562146103250768414e-01,7.238597989481052597e-01,5.061316674863608478e-01,5.560159752716168358e-01,5.558556728718794249e-01,5.573853501991870019e-01,5.751073396141530569e-01,6.386981590599666303e-01
4.554205607529253630e-01,4.918192649913157855e-01,1.000000000000000000e+00,2.739097397512375576e-01,6.931855431577205184e-01,-1.893665692482774943e-01,-2.562152519633765710e-02,-8.733254634478281320e-01,6.323887748886874993e-01,5.022851806229002847e-01,1.829999000241920304e-01,3.470761190068135660e-01,-4.796886755615760167e-01,4.585363937682215840e-01,4.412693452549649731e-01,4.323176819239703539e-01,4.362029030545794828e-01,5.436287706896575367e-01,5.133097643935471410e-01,3.916865634986225198e-01,4.084789862511370440e-01,2.866337907160332321e-01,2.552550853844346990e-01,1.261008434241307763e-01,3.527274695207905930e-01,5.793612412212246765e-01,3.664150318018116748e-01,6.911231339582021294e-01,2.808901996190362182e-01,4.951082152810631909e-01,6.407379604828206121e-01,1.128070675372542103e-01,4.659935691435196370e-01,7.091211095155334210e-01,1.913788037869013359e-01,6.108518730226192295e-01,7.741296155329245587e-02,3.675396811106189099e-01,4.079473643944591665e-01
5.034678687284048770e-01,3.481882913673436941e-01,2.739097397512375576e-01,1.000000000000000000e+00,5.940606349204371472e-01,3.015675581038100850e-01,6.183683214837649711e-01,-4.829845190742610983e-01,2.007509482124464617e-01,3.989014477463277975e-01,-1.311202013500230856e-01,-3.905542932993403271e-01,-9.089092890648955980e-02,4.841515706604521130e-01,1.626127262458726755e-02,4.181278561809287919e-01,-4.909901108491235983e-02,7.865818405838015392e-01,4.430411421499169111e-01,-2.335251070385120364e-01,5.126047042490513572e-01,-4.355561690614566661e-01,2.546804825903754566e-01,5.358610125057220452e-01,5.068836623946654241e-01,3.444581904647562864e-01,3.762182974920701833e-02,4.517286601808432889e-01,5.034513400382463200e-01,4.190357228203585582e-01,-6.876349896224880076e-02,-5.767517736440939957e-02,2.649182764821541025e-01,2.339738969490185727e-01,4.230233837956034471e-01,1.578927841179689484e-01,4.043048996101327730e-01,-1.640070749929778970e-01,-8.769035044197764917e-02
5.340466229308534762e-01,5.109055892093917750e-01,6.931855431577205184e-01,5.940606349204371472e-01,1.000000000000000000e+00,3.295067817310037839e-02,2.249764600176811236e-01,-7.610732115696146050e-01,4.709760250514184454e-01,4.862456956792675644e-01,6.336323972687622763e-02,4.613740989466236925e-02,-3.553093081817546017e-01,5.571566895319326473e-01,2.927401150669513563e-01,4.536958817526108301e-01,2.231646085133074386e-01,7.004891912905316653e-01,5.412923383313814618e-01,2.165968368567345106e-02,4.951896513905119090e-01,-1.222819666653404275e-01,2.910922407486762897e-01,3.540250266210102636e-01,4.575217920571199581e-01,5.131653434372079881e-01,2.271879242962349943e-01,5.931815829388548122e-01,4.020817299889027918e-01,5.011287069128430582e-01,3.527462737878448995e-01,4.977919392675108495e-02,4.274124382354357876e-01,5.998306269248775413e-01,3.021858261958662584e-01,4.293622820339696444e-01,2.302235219294768154e-01,1.562359851394615196e-01,2.138006139056952415e-01
2.247933692820358320e-01,2.470329411911815209e-01,-1.893665692482774943e-01,3.015675581038100850e-01,3.295067817310037839e-02,1.000000000000000000e+00,3.746118066015429182e-01,-5.952677155567136225e-02,4.360914780453675754e-02,8.407829663540332399e-02,3.279865169135583458e-01,-1.937273941797650889e-01,6.186942412576143524e-02,3.749055015316643535e-01,1.142329432235694026e-02,1.098462840255083478e-01,1.969907168644940698e-01,2.591693824016347292e-01,1.918269487021740383e-01,-3.924431435470531193e-01,3.594755090925335628e-01,-2.722072138395773000e-01,2.967774662071478997e-01,7.118418859020102518e-01,4.423339890258544127e-01,2.454998076507373395e-01,2.409606937396679416e-01,5.606062576881234993e-02,6.247821099667026923e-01,2.528771802932705537e-01,3.414326842327014555e-02,5.183880545545085372e-01,3.191176130936891897e-01,-6.664244698005766798e-02,6.849357804562000718e-01,-5.672796088604061676e-02,7.358865631017864617e-01,1.399184477744197241e-01,6.031439740376699776e-02
2.461089855509755175e-01,6.697142678911412184e-02,-2.562152519633765710e-02,6.183683214837649711e-01,2.249764600176811236e-01,3.746118066015429182e-01,1.000000000000000000e+00,-2.244183133407618158e-01,-9.721328584587501931e-02,8.847235067041367418e-02,-9.543789109080937083e-02,-5.592641542325843540e-01,1.914267635617869501e-02,2.433086111515309624e-01,-6.546956980035643914e-02,1.388915989480115076e-01,-1.158352874354933067e-02,4.995954953172574431e-01,2.249088261443526748e-01,-3.302930693329894085e-01,3.791054719158056807e-01,-3.632094948123422706e-01,-2.657532116519994644e-02,4.528275137972294639e-01,2.749712310252683256e-01,1.366194464480484372e-01,-1.483572160692313568e-01,1.623272978461270388e-01,4.037490553833598672e-01,2.114482137605398770e-01,-1.175751769264402197e-01,8.227483389347719491e-04,1.687086826875243972e-01,-2.024756322030766761e-02,4.345641601328348869e-01,-3.537660547933078881e-02,2.716577343122278387e-01,-2.068415610557963746e-01,-2.957341541163887033e-01
-5.458726695303334209e-01,-5.626650606596861337e-01,-8.733254634478281320e-01,-4.829845190742610983e-01,-7.610732115696146050e-01,-5.952677155567136225e-02,-2.244183133407618158e-01,1.000000000000000000e+00,-6.126485995473569535e-01,-5.339637048094449945e-01,-1.544466080328974200e-01,-1.917701006166491473e-01,5.241745223309268731e-01,-5.903290254822989302e-01,-4.329188004963276382e-01,-4.940853011054419652e-01,-3.845211620206703818e-01,-7.126633618264184289e-01,-6.008251929963246418e-01,-1.533570687777623121e-01,-6.052211891955063816e-01,-6.702593589780739269e-02,-2.762662573887663675e-01,-3.614951917651405000e-01,-5.185189778837944186e-01,-6.575031348571527268e-01,-3.829655749855070401e-01,-7.324803234775937311e-01,-4.871903163711062135e-01,-6.013579000158878474e-01,-6.081336670405846911e-01,-1.646752113222234026e-01,-5.545372387313550755e-01,-7.031184539901367270e-01,-4.185294067593078315e-01,-5.847143416867477406e-01,-2.781353052210356891e-01,-3.012405491428953863e-01,-3.679979095939323597e-01
7.351588088384891639e-01,7.455895020974900866e-01,6.323887748886874993e-01,2.007509482124464617e-01,4.709760250514184454e-01,4.360914780453675754e-02,-9.721328584587501931e-02,-6.126485995473569535e-01,1.000000000000000000e+00,8.191980914007134240e-01,2.336727939730052495e-01,5.872423450523460708e-01,-3.444807585342942180e-01,7.264756926107253099e-01,7.336065776828722962e-01,7.745842958947437573e-01,5.040098952523398568e-01,5.326686761702119632e-01,6.075740296307380328e-01,3.360953355049214331e-01,6.286597873125063796e-01,1.720788593452266535e-01,5.795467387248234292e-01,3.127927093296641314e-01,6.915162732612623042e-01,8.241001274885964012e-01,4.765728772791593126e-01,7.598676634268042296e-01,5.817734833861671895e-01,7.809878560550096438e-01,6.388252670622376339e-01,1.960039419453537823e-01,7.053701206498679266e-01,7.515998972847239834e-01,4.465076827784991709e-01,7.043257236992788162e-01,3.501214316580467112e-01,7.180139884850450516e-01,7.630185607479096355e-01
8.369364680738009543e-01,7.461300920226798805e-01,5.022851806229002847e-01,3.989014477463277975e-01,4.862456956792675644e-01,8.407829663540332399e-02,8.847235067041367418e-02,-5.339637048094449945e-01,8.191980914007134240e-01,1.000000000000000000e+00,1.417404763885287411e-01,4.192092396012373490e-01,-2.374515530758954385e-01,7.945781944468911506e-01,6.884197585640617900e-01,8.991131748128866619e-01,4.200953416208371149e-01,5.901567548014324815e-01,6.277520559858865701e-01,3.182172355592233215e-01,6.775523975159694068e-01,6.366597829831804889e-02,5.648980212513800003e-01,3.997512285302861068e-01,7.895153523084660341e-01,8.217861178820768941e-01,3.840981584797441561e-01,7.895805694975670530e-01,6.652820213321664067e-01,8.508941455452062597e-01,4.555382756455966797e-01,1.179582881493522750e-01,7.213816849326857294e-01,6.731659709759925114e-01,4.932476566829336884e-01,7.052490245070226482e-01,4.230830563039095216e-01,6.115040183527851170e-01,6.558491448626729836e-01
1.887747906244672258e-01,3.259172356383973623e-01,1.829999000241920304e-01,-1.311202013500230856e-01,6.336323972687622763e-02,3.279865169135583458e-01,-9.543789109080937083e-02,-1.544466080328974200e-01,2.336727939730052495e-01,1.417404763885287411e-01,1.000000000000000000e+00,3.577073495434875960e-01,4.204583391732799602e-02,1.978263516465961491e-01,1.092552718592196548e-01,1.141220359126971229e-01,7.422253712610513698e-01,-1.073180809198333134e-02,2.782730990900926238e-01,1.873274481582691553e-01,1.319340856836471454e-01,4.317097108667828365e-01,2.114550675955838566e-01,1.587073268146779181e-01,1.099765388952818612e-01,3.097059706250357425e-01,6.487327583016497812e-01,2.510583034417824266e-01,2.836378151381899193e-01,1.669255441137337814e-01,4.609738105354329596e-01,7.931787136297906438e-01,5.183606136452475477e-01,1.491146884581624199e-01,2.883481738068680023e-01,2.492281202959280018e-01,3.490562329082613213e-01,3.621239802029830868e-01,3.886148000334194719e-01
1.975009740379423950e-01,3.695799629166658384e-01,3.470761190068135660e-01,-3.905542932993403271e-01,4.613740989466236925e-02,-1.937273941797650889e-01,-5.592641542325843540e-01,-1.917701006166491473e-01,5.872423450523460708e-01,4.192092396012373490e-01,3.577073495434875960e-01,1.000000000000000000e+00,-2.992786718584218297e-01,2.474872493499769011e-01,5.919650719491303947e-01,3.651800021888689796e-01,4.507866029361859983e-01,-9.642145662656807781e-02,2.921665497923623400e-01,4.583741552202306724e-01,2.207229756403343013e-01,4.805189425301115147e-01,2.334263095653771880e-01,-1.265385578425833046e-01,2.358757080641098736e-01,4.100592958175562908e-01,4.738061164863793806e-01,3.193330703921212765e-01,1.302562472726859766e-01,3.182935096637908856e-01,6.190822867765161108e-01,3.027655284171278383e-01,4.248968229814055753e-01,5.668960804913986129e-01,9.507044995966942857e-02,4.746303801239515341e-01,7.822314489396707538e-02,5.766381093172910921e-01,7.833076175474923408e-01
-1.713642784906933558e-01,-3.087904678695703176e-01,-4.796886755615760167e-01,-9.089092890648955980e-02,-3.553093081817546017e-01,6.186942412576143524e-02,1.914267635617869501e-02,5.241745223309268731e-01,-3.444807585342942180e-01,-2.374515530758954385e-01,4.204583391732799602e-02,-2.992786718584218297e-01,1.000000000000000000e+00,-2.474610727267663179e-01,-3.183739090565940177e-01,-2.138666829722282170e-01,-1.839428128407833707e-01,-2.769570391555439270e-01,-2.717587463201336373e-01,1.392219408894169834e-02,-3.469098911326968793e-01,-4.067146106769519570e-02,-3.637720323581482978e-02,-8.819246319877784013e-02,-3.311725298511486448e-01,-3.740871581671164070e-01,-2.990490523237002152e-01,-3.854759574298754488e-01,-2.248804484432588568e-01,-2.928019691493563559e-01,-5.364436304198585415e-01,-1.057700496272794555e-01,-2.131863270743629135e-01,-4.696792195382128443e-01,-2.836222610927030541e-01,-2.087213700343260314e-01,-2.093186450138919685e-01,-1.195816094717530031e-01,-2.869165437374757710e-01
7.793538175817561475e-01,7.066091878374056723e-01,4.585363937682215840e-01,4.841515706604521130e-01,5.571566895319326473e-01,3.749055015316643535e-01,2.433086111515309624e-01,-5.903290254822989302e-01,7.264756926107253099e-01,7.945781944468911506e-01,1.978263516465961491e-01,2.474872493499769011e-01,-2.474610727267663179e-01,1.000000000000000000e+00,6.428615533285255701e-01,7.965264485144850637e-01,3.915185098421767318e-01,6.914791518308766038e-01,6.320459976557611936e-01,1.213074825043386762e-01,7.628625986741787157e-01,-1.126146799337599397e-01,5.457672198583379819e-01,6.805500270944626617e-01,8.057283912707541296e-01,8.025441254630220067e-01,3.851746392797253393e-01,7.531088709495041833e-01,8.143487910238091931e-01,8.304029663411333084e-01,4.055178113235640147e-01,2.593243284771566404e-01,7.334406618938501543e-01,6.355810042347487254e-01,6.744983304772986799e-01,5.999129853906588483e-01,6.245190052991544949e-01,5.416633317794420366e-01,5.188301027324400128e-01
5.451893926144353308e-01,4.288085739287887943e-01,4.412693452549649731e-01,1.626127262458726755e-02,2.927401150669513563e-01,1.142329432235694026e-02,-6.546956980035643914e-02,-4.329188004963276382e-01,7.336065776828722962e-01,6.884197585640617900e-01,1.092552718592196548e-01,5.919650719491303947e-01,-3.183739090565940177e-01,6.428615533285255701e-01,1.000000000000000000e+00,7.070684666181116240e-01,3.376019027782682924e-01,3.926930630642318509e-01,5.801165479119682056e-01,3.652384402551511755e-01,6.131373891052191993e-01,1.530667247089782801e-01,2.910048574773343999e-01,2.157000942195139437e-01,6.103341753462808716e-01,6.524923195342117177e-01,2.136016373145106229e-01,6.385381643433301058e-01,5.442574772910486747e-01,6.969389415568844059e-01,4.559593890780340719e-01,1.172718620881781221e-01,6.464821723265505860e-01,7.883882628701154305e-01,4.257824575005327850e-01,6.568169551447079479e-01,2.321525693487035136e-01,6.637380466718777461e-01,6.646288430056401797e-01
8.190903478925949388e-01,6.621608810686626656e-01,4.323176819239703539e-01,4.181278561809287919e-01,4.536958817526108301e-01,1.098462840255083478e-01,1.388915989480115076e-01,-4.940853011054419652e-01,7.745842958947437573e-01,8.991131748128866619e-01,1.141220359126971229e-01,3.651800021888689796e-01,-2.138666829722282170e-01,7.965264485144850637e-01,7.070684666181116240e-01,1.000000000000000000e+00,3.397477850185472437e-01,6.210178897049494218e-01,6.661909748703399581e-01,2.415654713901730644e-01,6.723019928441370530e-01,-2.419815809367987722e-02,5.548398775466891752e-01,4.061225445942351353e-01,7.739470714635460213e-01,7.851474659872393902e-01,3.020688167400827906e-01,7.558902255324909669e-01,6.800394941037495311e-01,8.131938440948679458e-01,3.857907519511692973e-01,1.198426915704928208e-01,7.180735780682463432e-01,6.530874364654454256e-01,5.132423383533188943e-01,6.758446448852256649e-01,4.113104210458066734e-01,5.809379777136044476e-01,5.933777236525825671e-01
4.611009483351183880e-01,5.680727065841697510e-01,4.362029030545794828e-01,-4.909901108491235983e-02,2.231646085133074386e-01,1.969907168644940698e-01,-1.158352874354933067e-02,-3.845211620206703818e-01,5.040098952523398568e-01,4.200953416208371149e-01,7.422253712610513698e-01,4.507866029361859983e-01,-1.839428128407833707e-01,3.915185098421767318e-01,3.376019027782682924e-01,3.397477850185472437e-01,1.000000000000000000e+00,1.418023922325658825e-01,3.346189450212897487e-01,3.335795005340609909e-01,3.614865834050324800e-01,4.723695733947479436e-01,3.733779147022987521e-01,2.226439519716676141e-01,3.296383978571988949e-01,5.842798068063401740e-01,6.577942949124716554e-01,5.016158703580574363e-01,4.465556410035314006e-01,4.573684263514964932e-01,6.643469201067031538e-01,6.842400322301466220e-01,6.749606258245258728e-01,3.734712159067616333e-01,4.338166602622374191e-01,4.765277002047904609e-01,3.750482536504503028e-01,5.726269561757326709e-01,5.337894722249407753e-01
6.376864657580860740e-01,5.067929295058531958e-01,5.436287706896575367e-01,7.865818405838015392e-01,7.004891912905316653e-01,2.591693824016347292e-01,4.995954953172574431e-01,-7.126633618264184289e-01,5.326686761702119632e-01,5.901567548014324815e-01,-1.073180809198333134e-02,-9.642145662656807781e-02,-2.769570391555439270e-01,6.914791518308766038e-01,3.926930630642318509e-01,6.210178897049494218e-01,1.418023922325658825e-01,1.000000000000000000e+00,6.860260879602596562e-01,-1.000516018941832452e-01,6.976171227565874933e-01,-3.048553388231854955e-01,3.202509900035210300e-01,5.532190980020670334e-01,6.536752872378341905e-01,5.865228779401875370e-01,1.390643676950782115e-01,6.926779113156168455e-01,6.454701115096928010e-01,6.143673840952216247e-01,2.456922552638299839e-01,2.356598014542417643e-02,5.196772531990550004e-01,5.540133631307063711e-01,5.480481416246947290e-01,4.353686024237206076e-01,4.077669175831090675e-01,1.324011115863769072e-01,1.734299671654851993e-01
6.163431812434385648e-01,5.311466672621222296e-01,5.133097643935471410e-01,4.430411421499169111e-01,5.412923383313814618e-01,1.918269487021740383e-01,2.249088261443526748e-01,-6.008251929963246418e-01,6.075740296307380328e-01,6.277520559858865701e-01,2.782730990900926238e-01,2.921665497923623400e-01,-2.717587463201336373e-01,6.320459976557611936e-01,5.801165479119682056e-01,6.661909748703399581e-01,3.346189450212897487e-01,6.860260879602596562e-01,1.000000000000000000e+00,1.788775016156659847e-01,6.154965560290367454e-01,7.630613727244732469e-02,3.293836526462401992e-01,3.713802436302472421e-01,5.902132163982753976e-01,6.285103272968515231e-01,3.444466755695109184e-01,6.640513114372282866e-01,5.850803584236737853e-01,5.821064965339288744e-01,4.274465961656972457e-01,2.863262418009065446e-01,6.629082823315057826e-01,6.424637545222344759e-01,5.091383712181123400e-01,5.269531530030582278e-01,3.783595912777403814e-01,4.161775952608098850e-01,4.585355993640230499e-01
1.620261246280193246e-01,1.257103521988328643e-01,3.916865634986225198e-01,-2.335251070385120364e-01,2.165968368567345106e-02,-3.924431435470531193e-01,-3.302930693329894085e-01,-1.533570687777623121e-01,3.360953355049214331e-01,3.182172355592233215e-01,1.873274481582691553e-01,4.583741552202306724e-01,1.392219408894169834e-02,1.213074825043386762e-01,3.652384402551511755e-01,2.415654713901730644e-01,3.335795005340609909e-01,-1.000516018941832452e-01,1.788775016156659847e-01,1.000000000000000000e+00,-3.449640989835427943e-03,7.228447465347060952e-01,5.017980142942791988e-02,-1.861432845937235903e-01,5.485494650346552266e-03,2.361960227117554656e-01,1.922073210454063041e-01,3.252213813499048589e-01,-6.175087664515314240e-02,2.091188896412658205e-01,2.592780302227177813e-01,2.404922549184600189e-02,1.742330881711160184e-01,3.552582332110430507e-01,-1.783727243137547269e-01,4.266860025793575706e-01,-1.405361965632059562e-01,4.234242002653875736e-01,3.461501639144138331e-01
6.842162219779157617e-01,6.452495651136532784e-01,4.084789862511370440e-01,5.126047042490513572e-01,4.951896513905119090e-01,3.594755090925335628e-01,3.791054719158056807e-01,-6.052211891955063816e-01,6.286597873125063796e-01,6.775523975159694068e-01,1.319340856836471454e-01,2.207229756403343013e-01,-3.469098911326968793e-01,7.628625986741787157e-01,6.131373891052191993e-01,6.723019928441370530e-01,3.614865834050324800e-01,6.976171227565874933e-01,6.154965560290367454e-01,-3.449640989835427943e-03,1.000000000000000000e+00,-1.028858887749941747e-01,3.094257444208739494e-01,6.042620326278199672e-01,7.811246953020368755e-01,7.509414656005916067e-01,3.637148350167364041e-01,7.250131553733135670e-01,7.822568364246883510e-01,7.827540748058119391e-01,4.470571621094127091e-01,1.875062080867833103e-01,7.243029242779058796e-01,6.482501768848427659e-01,6.890186885563693853e-01,5.831412418314680934e-01,5.578397513096363669e-01,3.632008379818281174e-01,4.996144489444570014e-01
-2.680031869647121062e-02,5.869369325350597133e-02,2.866337907160332321e-01,-4.355561690614566661e-01,-1.222819666653404275e-01,-2.722072138395773000e-01,-3.632094948123422706e-01,-6.702593589780739269e-02,1.720788593452266535e-01,6.366597829831804889e-02,4.317097108667828365e-01,4.805189425301115147e-01,-4.067146106769519570e-02,-1.126146799337599397e-01,1.530667247089782801e-01,-2.419815809367987722e-02,4.723695733947479436e-01,-3.048553388231854955e-01,7.630613727244732469e-02,7.228447465347060952e-01,-1.028858887749941747e-01,1.000000000000000000e+00,-5.921635026245755662e-02,-3.050419600111152763e-01,-1.603838455446756628e-01,1.087962105234597937e-01,3.208601740479959941e-01,1.356795355979832363e-01,-1.945275020206021499e-01,2.589624207659164262e-02,4.297473331760503501e-01,2.420063268661059031e-01,1.450339410274015806e-01,2.170096807561362473e-01,-1.980089076307749718e-01,3.644047725558006712e-01,-1.709193076017446744e-01,3.560888915751966310e-01,3.529848378598419156e-01
6.237454411268947840e-01,6.191919087038859626e-01,2.552550853844346990e-01,2.546804825903754566e-01,2.910922407486762897e-01,2.967774662071478997e-01,-2.657532116519994644e-02,-2.762662573887663675e-01,5.795467387248234292e-01,5.648980212513800003e-01,2.114550675955838566e-01,2.334263095653771880e-01,-3.637720323581482978e-02,5.457672198583379819e-01,2.910048574773343999e-01,5.548398775466891752e-01,3.733779147022987521e-01,3.202509900035210300e-01,3.293836526462401992e-01,5.017980142942791988e-02,3.094257444208739494e-01,-5.921635026245755662e-02,1.000000000000000000e+00,4.737642112576975206e-01,5.811570031065449449e-01,5.358496922594053746e-01,3.727118830128228200e-01,4.164621115367931892e-01,5.040894841121955627e-01,5.711904884594591891e-01,2.908790780658191966e-01,3.486797866570671700e-01,4.897891361731821491e-01,2.825388239844367488e-01,4.392947102842936213e-01,3.493942775674782064e-01,5.024350373954667992e-01,5.180821306762312117e-01,4.596276775816975912e-01
4.990709912699464179e-01,4.895786352925106666e-01,1.261008434241307763e-01,5.358610125057220452e-01,3.540250266210102636e-01,7.118418859020102518e-01,4.528275137972294639e-01,-3.614951917651405000e-01,3.127927093296641314e-01,3.997512285302861068e-01,1.587073268146779181e-01,-1.265385578425833046e-01,-8.819246319877784013e-02,6.805500270944626617e-01,2.157000942195139437e-01,4.061225445942351353e-01,2.226439519716676141e-01,5.532190980020670334e-01,3.713802436302472421e-01,-1.861432845937235903e-01,6.042620326278199672e-01,-3.050419600111152763e-01,4.737642112576975206e-01,1.000000000000000000e+00,6.589783733210845540e-01,4.828845341012119041e-01,2.511930517650305950e-01,3.673168132943763764e-01,7.531330071252559932e-01,5.552721221810174024e-01,1.126659835235096219e-01,3.557933855952323254e-01,4.531381480568589804e-01,2.107050838730686604e-01,7.405076604273469476e-01,1.500058151083489555e-01,8.070556698462066914e-01,1.954861840638294213e-01,1.593166586457669398e-01
7.714892376329832713e-01,6.779428132923506212e-01,3.527274695207905930e-01,5.068836623946654241e-01,4.575217920571199581e-01,4.423339890258544127e-01,2.749712310252683256e-01,-5.185189778837944186e-01,6.915162732612623042e-01,7.895153523084660341e-01,1.099765388952818612e-01,2.358757080641098736e-01,-3.311725298511486448e-01,8.057283912707541296e-01,6.103341753462808716e-01,7.739470714635460213e-01,3.296383978571988949e-01,6.536752872378341905e-01,5.902132163982753976e-01,5.485494650346552266e-03,7.811246953020368755e-01,-1.603838455446756628e-01,5.811570031065449449e-01,6.589783733210845540e-01,1.000000000000000000e+00,7.914932248601458387e-01,3.668044699380040852e-01,6.923214070361012329e-01,8.218152470313966340e-01,8.308222138026961634e-01,3.819333325036895488e-01,2.344386131154721775e-01,6.918028396642211808e-01,5.806338093072270778e-01,7.613051372737240641e-01,5.129686106068302998e-01,6.876614142936758878e-01,4.760668713032856214e-01,5.646772932378630871e-01
8.294780005078934426e-01,8.164653024320319696e-01,5.793612412212246765e-01,3.444581904647562864e-01,5.131653434372079881e-01,2.454998076507373395e-01,1.366194464480484372e-01,-6.575031348571527268e-01,8.241001274885964012e-01,8.217861178820768941e-01,3.097059706250357425e-01,4.100592958175562908e-01,-3.740871581671164070e-01,8.025441254630220067e-01,6.524923195342117177e-01,7.851474659872393902e-01,5.842798068063401740e-01,5.865228779401875370e-01,6.285103272968515231e-01,2.361960227117554656e-01,7.509414656005916067e-01,1.087962105234597937e-01,5.358496922594053746e-01,4.828845341012119041e-01,7.914932248601458387e-01,1.000000000000000000e+00,6.243546963936211780e-01,8.250617516842029264e-01,7.601273395890630891e-01,8.402261087959164154e-01,6.330082944550552426e-01,3.283836029670253454e-01,8.290334826070560048e-01,6.615525141157457822e-01,6.346301163604710638e-01,6.916128030909367563e-01,5.453430384575398415e-01,6.842471284404099130e-01,6.919358343293449121e-01
4.272483361761515441e-01,6.351382854259074451e-01,3.664150318018116748e-01,3.762182974920701833e-02,2.271879242962349943e-01,2.409606937396679416e-01,-1.483572160692313568e-01,-3.829655749855070401e-01,4.765728772791593126e-01,3.840981584797441561e-01,6.487327583016497812e-01,4.738061164863793806e-01,-2.990490523237002152e-01,3.851746392797253393e-01,2.136016373145106229e-01,3.020688167400827906e-01,6.577942949124716554e-01,1.390643676950782115e-01,3.444466755695109184e-01,1.922073210454063041e-01,3.637148350167364041e-01,3.208601740479959941e-01,3.727118830128228200e-01,2.511930517650305950e-01,3.668044699380040852e-01,6.243546963936211780e-01,1.000000000000000000e+00,4.931957050693950850e-01,4.347606530477556297e-01,3.913594351703487684e-01,6.176334653726953672e-01,6.384578953698671899e-01,6.168162997800870073e-01,3.123886130125074212e-01,3.932268592713029087e-01,3.864961016800798066e-01,4.928586253629302361e-01,4.649093190617177296e-01,6.227096960565001726e-01
7.608709922998186936e-01,6.862091654373557725e-01,6.911231339582021294e-01,4.517286601808432889e-01,5.931815829388548122e-01,5.606062576881234993e-02,1.623272978461270388e-01,-7.324803234775937311e-01,7.598676634268042296e-01,7.895805694975670530e-01,2.510583034417824266e-01,3.193330703921212765e-01,-3.854759574298754488e-01,7.531088709495041833e-01,6.385381643433301058e-01,7.558902255324909669e-01,5.016158703580574363e-01,6.926779113156168455e-01,6.640513114372282866e-01,3.252213813499048589e-01,7.250131553733135670e-01,1.356795355979832363e-01,4.164621115367931892e-01,3.673168132943763764e-01,6.923214070361012329e-01,8.250617516842029264e-01,4.931957050693950850e-01,1.000000000000000000e+00,6.473139971646236779e-01,7.832170890777955252e-01,5.662193567100235470e-01,2.011199195822175045e-01,7.555695343080516269e-01,7.496954581486585667e-01,4.912938332524554585e-01,7.386980279747262790e-01,3.945255475071390849e-01,4.846974072503224540e-01,5.227269989405780581e-01
7.413071240186581701e-01,6.625678767460297935e-01,2.808901996190362182e-01,5.034513400382463200e-01,4.020817299889027918e-01,6.247821099667026923e-01,4.037490553833598672e-01,-4.871903163711062135e-01,5.817734833861671895e-01,6.652820213321664067e-01,2.836378151381899193e-01,1.302562472726859766e-01,-2.248804484432588568e-01,8.143487910238091931e-01,5.442574772910486747e-01,6.800394941037495311e-01,4.465556410035314006e-01,6.454701115096928010e-01,5.850803584236737853e-01,-6.175087664515314240e-02,7.822568364246883510e-01,-1.945275020206021499e-01,5.040894841121955627e-01,7.531330071252559932e-01,8.218152470313966340e-01,7.601273395890630891e-01,4.347606530477556297e-01,6.473139971646236779e-01,1.000000000000000000e+00,7.743295901398489223e-01,3.411284106016077011e-01,4.388012499191950577e-01,7.706741345857488490e-01,4.737088128336118809e-01,8.590462232123151631e-01,4.556865366533703332e-01,7.760428363467534174e-01,4.929249944988487453e-01,4.478699638941487926e-01
8.498189077931618263e-01,7.583979450325870619e-01,4.951082152810631909e-01,4.190357228203585582e-01,5.011287069128430582e-01,2.528771802932705537e-01,2.114482137605398770e-01,-6.013579000158878474e-01,7.809878560550096438e-01,8.508941455452062597e-01,1.669255441137337814e-01,3.182935096637908856e-01,-2.928019691493563559e-01,8.304029663411333084e-01,6.969389415568844059e-01,8.131938440948679458e-01,4.573684263514964932e-01,6.143673840952216247e-01,5.821064965339288744e-01,2.091188896412658205e-01,7.827540748058119391e-01,2.589624207659164262e-02,5.711904884594591891e-01,5.552721221810174024e-01,8.308222138026961634e-01,8.402261087959164154e-01,3.913594351703487684e-01,7.832170890777955252e-01,7.743295901398489223e-01,1.000000000000000000e+00,4.673927334317547477e-01,2.096492963903679174e-01,7.560542750076799656e-01,6.721929973110142287e-01,6.227258308808527598e-01,6.954575728306581217e-01,5.367343957796818499e-01,6.131657077202489203e-01,6.133268685140516041e-01
3.943932382549378279e-01,5.933143499374975427e-01,6.407379604828206121e-01,-6.876349896224880076e-02,3.527462737878448995e-01,3.414326842327014555e-02,-1.175751769264402197e-01,-6.081336670405846911e-01,6.388252670622376339e-01,4.555382756455966797e-01,4.609738105354329596e-01,6.190822867765161108e-01,-5.364436304198585415e-01,4.055178113235640147e-01,4.559593890780340719e-01,3.857907519511692973e-01,6.643469201067031538e-01,2.456922552638299839e-01,4.274465961656972457e-01,2.592780302227177813e-01,4.470571621094127091e-01,4.297473331760503501e-01,2.908790780658191966e-01,1.126659835235096219e-01,3.819333325036895488e-01,6.330082944550552426e-01,6.176334653726953672e-01,5.662193567100235470e-01,3.411284106016077011e-01,4.673927334317547477e-01,1.000000000000000000e+00,4.113701434523805989e-01,6.155985734159299394e-01,6.216193347140552827e-01,3.853824726542789403e-01,5.684227026735939603e-01,2.401350288945015843e-01,5.376449156359622839e-01,6.490620575696384176e-01
1.868204239393763677e-01,3.562146103250768414e-01,1.128070675372542103e-01,-5.767517736440939957e-02,4.977919392675108495e-02,5.183880545545085372e-01,8.227483389347719491e-04,-1.646752113222234026e-01,1.960039419453537823e-01,1.179582881493522750e-01,7.931787136297906438e-01,3.027655284171278383e-01,-1.057700496272794555e-01,2.593243284771566404e-01,1.172718620881781221e-01,1.198426915704928208e-01,6.842400322301466220e-01,2.356598014542417643e-02,2.863262418009065446e-01,2.404922549184600189e-02,1.875062080867833103e-01,2.420063268661059031e-01,3.486797866570671700e-01,3.557933855952323254e-01,2.344386131154721775e-01,3.283836029670253454e-01,6.384578953698671899e-01,2.011199195822175045e-01,4.388012499191950577e-01,2.096492963903679174e-01,4.113701434523805989e-01,1.000000000000000000e+00,5.101708840440343229e-01,1.339153939390196335e-01,5.075471222189091858e-01,1.368597155710584989e-01,5.846380217655129385e-01,3.494015055465702901e-01,3.504762192390700193e-01
7.440994353000116579e-01,7.238597989481052597e-01,4.659935691435196370e-01,2.649182764821541025e-01,4.274124382354357876e-01,3.191176130936891897e-01,1.687086826875243972e-01,-5.545372387313550755e-01,7.053701206498679266e-01,7.213816849326857294e-01,5.183606136452475477e-01,4.248968229814055753e-01,-2.131863270743629135e-01,7.334406618938501543e-01,6.464821723265505860e-01,7.180735780682463432e-01,6.749606258245258728e-01,5.196772531990550004e-01,6.629082823315057826e-01,1.742330881711160184e-01,7.243029242779058796e-01,1.450339410274015806e-01,4.897891361731821491e-01,4.531381480568589804e-01,6.918028396642211808e-01,8.290334826070560048e-01,6.168162997800870073e-01,7.555695343080516269e-01,7.706741345857488490e-01,7.560542750076799656e-01,6.155985734159299394e-01,5.101708840440343229e-01,1.000000000000000000e+00,6.304786064415982549e-01,6.631615357580454839e-01,6.625985585649046827e-01,5.307819082380458298e-01,6.535545888749747512e-01,6.527645363873580964e-01
5.273601773980584051e-01,5.061316674863608478e-01,7.091211095155334210e-01,2.339738969490185727e-01,5.998306269248775413e-01,-6.664244698005766798e-02,-2.024756322030766761e-02,-7.031184539901367270e-01,7.515998972847239834e-01,6.731659709759925114e-01,1.491146884581624199e-01,5.668960804913986129e-01,-4.696792195382128443e-01,6.355810042347487254e-01,7.883882628701154305e-01,6.530874364654454256e-01,3.734712159067616333e-01,5.540133631307063711e-01,6.424637545222344759e-01,3.552582332110430507e-01,6.482501768848427659e-01,2.170096807561362473e-01,2.825388239844367488e-01,2.107050838730686604e-01,5.806338093072270778e-01,6.615525141157457822e-01,3.123886130125074212e-01,7.496954581486585667e-01,4.737088128336118809e-01,6.721929973110142287e-01,6.216193347140552827e-01,1.339153939390196335e-01,6.304786064415982549e-01,1.000000000000000000e+00,3.784136583396471853e-01,7.142176331835236036e-01,2.072554899184356758e-01,4.892615243436299055e-01,6.118355272908574394e-01
5.750796868804773920e-01,5.560159752716168358e-01,1.913788037869013359e-01,4.230233837956034471e-01,3.021858261958662584e-01,6.849357804562000718e-01,4.345641601328348869e-01,-4.185294067593078315e-01,4.465076827784991709e-01,4.932476566829336884e-01,2.883481738068680023e-01,9.507044995966942857e-02,-2.836222610927030541e-01,6.744983304772986799e-01,4.257824575005327850e-01,5.132423383533188943e-01,4.338166602622374191e-01,5.480481416246947290e-01,5.091383712181123400e-01,-1.783727243137547269e-01,6.890186885563693853e-01,-1.980089076307749718e-01,4.392947102842936213e-01,7.405076604273469476e-01,7.613051372737240641e-01,6.346301163604710638e-01,3.932268592713029087e-01,4.912938332524554585e-01,8.590462232123151631e-01,6.227258308808527598e-01,3.853824726542789403e-01,5.075471222189091858e-01,6.631615357580454839e-01,3.784136583396471853e-01,1.000000000000000000e+00,3.076792499346786558e-01,8.021305712013195865e-01,3.797560233963411247e-01,3.741488360884084319e-01
6.254472191258322322e-01,5.558556728718794249e-01,6.108518730226192295e-01,1.578927841179689484e-01,4.293622820339696444e-01,-5.672796088604061676e-02,-3.537660547933078881e-02,-5.847143416867477406e-01,7.043257236992788162e-01,7.052490245070226482e-01,2.492281202959280018e-01,4.746303801239515341e-01,-2.087213700343260314e-01,5.999129853906588483e-01,6.568169551447079479e-01,6.758446448852256649e-01,4.765277002047904609e-01,4.353686024237206076e-01,5.269531530030582278e-01,4.266860025793575706e-01,5.831412418314680934e-01,3.644047725558006712e-01,3.493942775674782064e-01,1.500058151083489555e-01,5.129686106068302998e-01,6.916128030909367563e-01,3.864961016800798066e-01,7.386980279747262790e-01,4.556865366533703332e-01,6.954575728306581217e-01,5.684227026735939603e-01,1.368597155710584989e-01,6.625985585649046827e-01,7.142176331835236036e-01,3.076792499346786558e-01,1.000000000000000000e+00,1.720761360870686485e-01,5.994561654874891454e-01,6.188833426568745022e-01
4.949535331913648695e-01,5.573853501991870019e-01,7.741296155329245587e-02,4.043048996101327730e-01,2.302235219294768154e-01,7.358865631017864617e-01,2.716577343122278387e-01,-2.781353052210356891e-01,3.501214316580467112e-01,4.230830563039095216e-01,3.490562329082613213e-01,7.822314489396707538e-02,-2.093186450138919685e-01,6.245190052991544949e-01,2.321525693487035136e-01,4.113104210458066734e-01,3.750482536504503028e-01,4.077669175831090675e-01,3.783595912777403814e-01,-1.405361965632059562e-01,5.578397513096363669e-01,-1.709193076017446744e-01,5.024350373954667992e-01,8.070556698462066914e-01,6.876614142936758878e-01,5.453430384575398415e-01,4.928586253629302361e-01,3.945255475071390849e-01,7.760428363467534174e-01,5.367343957796818499e-01,2.401350288945015843e-01,5.846380217655129385e-01,5.307819082380458298e-01,2.072554899184356758e-01,8.021305712013195865e-01,1.720761360870686485e-01,1.000000000000000000e+00,2.882162876387365791e-01,3.341139749061439734e-01
6.053181272229897214e-01,5.751073396141530569e-01,3.675396811106189099e-01,-1.640070749929778970e-01,1.562359851394615196e-01,1.399184477744197241e-01,-2.068415610557963746e-01,-3.012405491428953863e-01,7.180139884850450516e-01,6.115040183527851170e-01,3.621239802029830868e-01,5.766381093172910921e-01,-1.195816094717530031e-01,5.416633317794420366e-01,6.637380466718777461e-01,5.809379777136044476e-01,5.726269561757326709e-01,1.324011115863769072e-01,4.161775952608098850e-01,4.234242002653875736e-01,3.632008379818281174e-01,3.560888915751966310e-01,5.180821306762312117e-01,1.954861840638294213e-01,4.760668713032856214e-01,6.842471284404099130e-01,4.649093190617177296e-01,4.846974072503224540e-01,4.929249944988487453e-01,6.131657077202489203e-01,5.376449156359622839e-01,3.494015055465702901e-01,6.535545888749747512e-01,4.892615243436299055e-01,3.797560233963411247e-01,5.994561654874891454e-01,2.882162876387365791e-01,1.000000000000000000e+00,7.402772917015734144e-01
5.455120057089583030e-01,6.386981590599666303e-01,4.079473643944591665e-01,-8.769035044197764917e-02,2.138006139056952415e-01,6.031439740376699776e-02,-2.957341541163887033e-01,-3.679979095939323597e-01,7.630185607479096355e-01,6.558491448626729836e-01,3.886148000334194719e-01,7.833076175474923408e-01,-2.869165437374757710e-01,5.188301027324400128e-01,6.646288430056401797e-01,5.933777236525825671e-01,5.337894722249407753e-01,1.734299671654851993e-01,4.585355993640230499e-01,3.461501639144138331e-01,4.996144489444570014e-01,3.529848378598419156e-01,4.596276775816975912e-01,1.593166586457669398e-01,5.646772932378630871e-01,6.919358343293449121e-01,6.227096960565001726e-01,5.227269989405780581e-01,4.478699638941487926e-01,6.133268685140516041e-01,6.490620575696384176e-01,3.504762192390700193e-01,6.527645363873580964e-01,6.118355272908574394e-01,3.741488360884084319e-01,6.188833426568745022e-01,3.341139749061439734e-01,7.402772917015734144e-01,1.000000000000000000e+00
