1.000000000000000000e+00,6.327987640847710926e-01,-3.365672505631765038e-02,2.705978696228770325e-02,-1.563455507742217698e-01,-1.371944304974187512e-01,1.462787246222970738e-01,4.501199951307949948e-02,2.540638299388681687e-01,3.861632740828878085e-01,1.964389483666158787e-01,-2.009405570935222929e-02,-8.637956380295056316e-03,-1.015989973753192166e-01,2.334214423893860024e-01,4.918126529563632832e-01,2.455031619260957254e-01,-1.077032339577823905e-01,-2.191006470385361282e-01,2.825376355170292619e-01,1.349649579811908473e-01,1.240710527125733764e-01,2.003181373191635639e-01,-1.873465367290723660e-01,2.494760200503686742e-01,1.761627196390024019e-01,-1.131474689170359066e-01,9.944996528767653665e-02,-9.881457810209878095e-03,4.414757602636716349e-01,5.192242879933226668e-02,-1.529052890123837848e-02,1.093908350777622260e-02,-9.149502649079932493e-03,-1.642669137259486489e-02,2.068632662079682438e-01,-4.597858580253776084e-02,4.337385631088867544e-01,4.230210999645606096e-01
6.327987640847710926e-01,1.000000000000000000e+00,8.784310223358059166e-02,-9.817093142524943583e-02,-4.570593370760381302e-02,2.913878704197479519e-01,1.493232403045791912e-01,2.477330883394562033e-01,3.187924324421144706e-01,5.258585992702139444e-01,3.754420200436979493e-02,-1.564111361835997527e-01,2.196602265826482492e-01,-1.183046323222543966e-01,1.967741116485092201e-01,5.546320857437281315e-01,4.326522522681675031e-02,-6.831888790732427996e-02,-1.005085259290116884e-01,-1.070023372307707943e-01,-1.675150026213119980e-01,2.488641390748755691e-02,4.405398395997767169e-01,2.129109161381919357e-01,4.225622574656667796e-01,-1.509752199342626611e-01,-4.780995875710568610e-01,-2.333226263198786843e-01,-1.200408669772349141e-01,4.631534022663789107e-01,-5.271264733421312382e-02,2.055331745009483513e-01,-3.751849596337215598e-01,1.692143503863381693e-01,3.144208891424743468e-01,3.334647544489179882e-01,2.870503869010190834e-01,4.233868337438769780e-01,5.212243198657826593e-01
-3.365672505631765038e-02,8.784310223358059166e-02,1.000000000000000000e+00,5.778390665990006808e-02,5.402955014714818649e-01,2.203230268457551100e-01,4.809850317142989190e-02,-5.634978287317080614e-01,3.879411032001589543e-01,3.579714184564843360e-01,-2.166794262262971560e-01,2.531545857807793176e-02,-6.794744160504646857e-02,1.352902178313176995e-01,1.943709684681276320e-02,2.364527810805633345e-01,-5.453682718199155677e-02,5.322728145946040712e-01,5.138152839002394501e-01,-2.007353448682741570e-01,7.094613309375569221e-02,1.922403776337984482e-01,2.220348826487948957e-01,2.193614383576127369e-01,1.008055992853330585e-01,3.001755583266123573e-01,1.723284219747835966e-01,-2.652708866280828470e-02,-1.094457315231613659e-01,5.402987744450293839e-02,3.991605843421185962e-01,1.682297649862606603e-01,-3.620755137928226286e-02,5.450182996872273700e-01,2.756005249690560710e-01,1.516502522628922489e-01,1.423753245448681204e-01,2.473908819153003980e-01,4.141313332304678158e-02
2.705978696228770325e-02,-9.817093142524943583e-02,5.778390665990006808e-02,1.000000000000000000e+00,-4.801661289232554697e-02,-9.654757190940935208e-02,-1.950830460634895430e-02,-4.098544576247677151e-02,2.496901313823141413e-02,1.117219077082930168e-01,1.420429777579745589e-01,7.088935852970369711e-02,1.104002476202409905e-01,-9.834737818462899184e-02,-1.244370145078124712e-01,1.188130888316538403e-01,-1.008410891011200100e-02,3.362653036297832410e-01,2.168665516705248208e-01,3.690546281798863237e-01,2.639823366250753645e-01,2.019328849011984839e-01,4.964505936575931699e-02,-9.504617463131173616e-02,8.534856225423631537e-02,1.709924575811427594e-01,2.872905851497706831e-01,1.667195895070147649e-01,-3.605577624910704521e-02,3.400142657287099843e-03,-1.738156441704993838e-02,4.525231357944945604e-02,2.514144639565057404e-01,-2.702202777384091550e-02,2.209062144700683558e-02,-1.492677081027094510e-01,-2.338788707778307122e-02,-1.802774317115511671e-01,-1.466433892183623133e-01
-1.563455507742217698e-01,-4.570593370760381302e-02,5.402955014714818649e-01,-4.801661289232554697e-02,1.000000000000000000e+00,1.052574204375313072e-01,-1.255632635862159174e-01,-4.270116776546823423e-01,2.261175225804644973e-01,1.837510361844515994e-01,-2.908721178751677017e-01,1.116398926217897769e-01,-1.047468552330212133e-01,1.693164277700447695e-01,1.034463506202652761e-01,9.861112465683417871e-02,-2.244760617517539136e-01,3.883433322480540628e-01,3.648730911335499316e-01,-3.103037822015666247e-01,-1.987385406352270567e-01,-1.863644600890144651e-02,1.899341630479729759e-02,1.352909577163491639e-01,-6.412945011784439153e-02,9.719712808995883968e-02,-5.919002051092844136e-02,-7.689477253794521107e-03,-6.965904808605773157e-02,7.049353245341792584e-02,2.674014462507300349e-01,6.081515466096372446e-02,-1.263451231203998881e-01,6.839256102078411503e-01,5.772025299679679755e-02,-1.439142369838129765e-03,7.509252822038073316e-02,2.774347496562178800e-02,6.681093774862935895e-03
-1.371944304974187512e-01,2.913878704197479519e-01,2.203230268457551100e-01,-9.654757190940935208e-02,1.052574204375313072e-01,1.000000000000000000e+00,6.145945777953142758e-02,3.383657686150256527e-01,1.495897789913019638e-01,2.826763675780468721e-01,-1.788420515312094394e-01,-2.262259197557804358e-01,5.145184693547251165e-01,3.690722171786155886e-02,4.975651344986868271e-03,9.321580820267202916e-02,-1.293033725619184005e-01,1.700488198900048653e-01,3.260580021230998771e-01,-4.312678317705630482e-01,-3.217667793390874276e-01,2.705605404219677684e-02,4.743419814267436641e-01,7.561591406869380139e-01,3.098627388678391048e-01,-3.374802102371992074e-01,-4.131284070330404901e-01,-5.126837734322088336e-01,1.308389981234121466e-02,-6.306982265077966388e-02,-2.655018927865455680e-01,5.464809245415054306e-01,-5.434613798363348014e-01,2.576541226346867330e-01,7.005604818769450848e-01,8.433785627267195717e-02,7.097299138461750090e-01,1.234336532240579570e-01,9.979498647849574522e-02
1.462787246222970738e-01,1.493232403045791912e-01,4.809850317142989190e-02,-1.950830460634895430e-02,-1.255632635862159174e-01,6.145945777953142758e-02,1.000000000000000000e+00,1.703518927132596783e-01,2.006962058779003799e-01,3.918010453721448294e-01,-4.300743229686495445e-02,-6.184564281876557823e-01,2.295982127263910821e-01,-2.451721671352741494e-01,-4.344958753350963709e-01,4.203193965938692989e-01,3.369578928095784930e-03,1.330485215908125962e-01,2.384546481762348513e-01,-7.872234892503089665e-02,6.888003226213712527e-02,2.252106159296219379e-01,2.937053980927370467e-01,1.204862483732917072e-01,2.355003717874536995e-01,-5.867325788317623476e-03,5.408643378095046028e-02,-1.789688542352092793e-01,-2.030727617490903636e-01,1.204597685524328582e-01,-2.412198961130198049e-01,2.391510196885784922e-01,-2.872636000113692328e-02,-1.266505526592323627e-01,1.727550437711549147e-01,8.050619679234415071e-02,9.985933007638787828e-02,1.228231603540097111e-01,-9.057348734815832969e-02
4.501199951307949948e-02,2.477330883394562033e-01,-5.634978287317080614e-01,-4.098544576247677151e-02,-4.270116776546823423e-01,3.383657686150256527e-01,1.703518927132596783e-01,1.000000000000000000e+00,-7.825978813218313623e-02,9.988766919694505586e-02,8.712362541604380672e-02,-2.799512400578842430e-01,5.455683161816968774e-01,-2.836089789386000426e-01,-5.195543806748036814e-02,1.287017236002430121e-01,-2.171161079071566927e-02,-3.539820057703533251e-01,-1.897645517134276538e-01,-5.461544789113036147e-02,-2.012420742130585360e-01,-2.868408638263678090e-02,2.980715692501840763e-01,3.516122496173224032e-01,2.881640017005072107e-01,-5.899650153863468249e-01,-4.601698815893019989e-01,-4.543026649470636724e-01,-1.963165074162494528e-01,3.694214605263697326e-02,-6.068910823819396727e-01,2.577188533871972997e-01,-3.742475689481853385e-01,-2.453283384100585218e-01,3.219788093510244087e-01,1.006061354875787545e-02,4.015618482207164441e-01,5.345070073547363715e-02,1.152613021247540087e-01
2.540638299388681687e-01,3.187924324421144706e-01,3.879411032001589543e-01,2.496901313823141413e-02,2.261175225804644973e-01,1.495897789913019638e-01,2.006962058779003799e-01,-7.825978813218313623e-02,1.000000000000000000e+00,5.717153334824643940e-01,4.980145770152753087e-02,-1.027891882999405482e-01,2.001781691757291981e-01,6.027549702980694590e-02,-4.666013705397432237e-02,5.164371831657452727e-01,-2.188647300662531839e-02,2.208005679605646587e-01,3.161988221860086434e-01,-1.354666914964473001e-01,2.602803885536788099e-04,1.411295639483170494e-01,3.397110160027699832e-01,1.647419067160749151e-01,2.806435114304784428e-01,1.511979630319636447e-01,3.038994331533566642e-02,-1.612904768354875007e-01,-2.625401322316546771e-01,4.102668818501351566e-01,1.449401063388036925e-01,1.600400412791315730e-01,-1.430383807762322934e-01,4.081727201644276271e-01,2.555940574433619439e-01,1.969617637962433887e-01,1.955794358341703953e-01,3.839199214987226716e-01,3.667757706409404683e-01
3.861632740828878085e-01,5.258585992702139444e-01,3.579714184564843360e-01,1.117219077082930168e-01,1.837510361844515994e-01,2.826763675780468721e-01,3.918010453721448294e-01,9.988766919694505586e-02,5.717153334824643940e-01,1.000000000000000000e+00,-1.635154563556808979e-02,-2.854853396373286945e-01,3.137145555119493223e-01,-1.240787172785373232e-01,-3.066916067487706135e-02,7.591674318633421237e-01,5.390097401465081175e-04,2.512979319983760784e-01,2.803922096748032722e-01,-1.192026818847054664e-01,-5.128916274237522955e-04,1.690876545109780971e-01,5.453666062191906416e-01,2.970534808794543791e-01,4.600072961193841237e-01,3.282300045019202056e-02,-1.431175767557024414e-01,-2.288031174092062525e-01,-3.078326118774052933e-01,4.770464500953529585e-01,-1.624088760093906139e-02,3.526890307548215531e-01,-2.434058384439384826e-01,3.873716584565677357e-01,3.850267405254056419e-01,2.950550263053696165e-01,3.187551579073657493e-01,4.384469747030167452e-01,3.873847158185688699e-01
1.964389483666158787e-01,3.754420200436979493e-02,-2.166794262262971560e-01,1.420429777579745589e-01,-2.908721178751677017e-01,-1.788420515312094394e-01,-4.300743229686495445e-02,8.712362541604380672e-02,4.980145770152753087e-02,-1.635154563556808979e-02,1.000000000000000000e+00,9.770995224101333698e-02,3.494775336876389249e-02,-5.978756399208451887e-03,2.753033085920610773e-02,5.330299986978669080e-02,4.754656481026223735e-01,-1.490317694798150294e-01,-1.971228544083345746e-01,3.115807222887500560e-01,2.599767470631512700e-01,7.939215068402816211e-02,2.339272573672801225e-01,-1.366868441678636414e-01,4.415002969880483241e-01,1.177702267718662953e-02,1.090016104781249273e-01,1.803082253618552566e-01,-8.129432981087374166e-02,2.536411762241309875e-02,-5.313808859772717157e-03,-7.291689196093820158e-02,2.557814647884490422e-01,-1.413827596799067943e-01,-1.153569376315943112e-01,1.809879582573306958e-02,-8.342999915542900768e-02,-6.835655293303110475e-03,1.004425946137228187e-01
-2.009405570935222929e-02,-1.564111361835997527e-01,2.531545857807793176e-02,7.088935852970369711e-02,1.116398926217897769e-01,-2.262259197557804358e-01,-6.184564281876557823e-01,-2.799512400578842430e-01,-1.027891882999405482e-01,-2.854853396373286945e-01,9.770995224101333698e-02,1.000000000000000000e+00,-2.488523177584479329e-01,1.123282159572046857e-01,5.054256051086861712e-01,-2.845209395594005541e-01,1.071809011521522303e-01,-8.720945991502913885e-02,-1.681089920222812173e-01,3.329662689445092583e-01,2.649980249565059287e-01,-4.278725155680609266e-02,-2.778257560059832487e-01,-2.582698477016505678e-01,-2.040262582711117045e-01,1.389896128929234420e-01,1.998793749338339532e-01,3.956532226317829859e-01,1.510283018155682278e-01,-9.520874984585805945e-02,1.687524763585190879e-01,-1.612015528145434307e-01,3.716321905944469650e-01,2.127554526855024442e-01,-2.749591432330836804e-01,-6.796937801972553761e-02,-1.310527230643437624e-01,-6.729172044452719215e-02,1.020807955608657863e-01
-8.637956380295056316e-03,2.196602265826482492e-01,-6.794744160504646857e-02,1.104002476202409905e-01,-1.047468552330212133e-01,5.145184693547251165e-01,2.295982127263910821e-01,5.455683161816968774e-01,2.001781691757291981e-01,3.137145555119493223e-01,3.494775336876389249e-02,-2.488523177584479329e-01,1.000000000000000000e+00,-2.210618345339222801e-01,-4.183384578606779564e-02,2.529034659333956880e-01,-2.536230767766934832e-02,1.083969801756568679e-01,2.727722077969349512e-01,-8.488033042331513678e-02,-8.210492209296041399e-02,2.764996972845655890e-02,4.366288187159473866e-01,4.945893506611267476e-01,3.619340660202712279e-01,-3.870901442260214487e-01,-3.022750407376478265e-01,-4.195913748318387815e-01,-2.169182094454846221e-01,-6.443227612824631301e-02,-5.377690134683150713e-01,4.206630025988273291e-01,-3.387030676299487286e-01,1.012786454475211179e-01,5.159278853558244560e-01,3.303238231977658618e-02,5.757144146823941488e-01,1.416294888212855652e-01,8.904029578331706940e-02
-1.015989973753192166e-01,-1.183046323222543966e-01,1.352902178313176995e-01,-9.834737818462899184e-02,1.693164277700447695e-01,3.690722171786155886e-02,-2.451721671352741494e-01,-2.836089789386000426e-01,6.027549702980694590e-02,-1.240787172785373232e-01,-5.978756399208451887e-03,1.123282159572046857e-01,-2.210618345339222801e-01,1.000000000000000000e+00,-7.346607660589592192e-02,-1.885289087165686883e-01,4.282397343026777409e-02,1.226871714034408617e-01,1.983410934997423963e-02,-1.326411943974808993e-01,-3.658854877000531497e-02,5.604092761886386720e-02,-7.259343603188142535e-02,1.649258326402393005e-01,-7.160273291226759707e-02,1.618924847411358781e-01,6.551533985710553121e-02,-8.579175535953862536e-03,1.984270058728505315e-01,-3.781602967206287164e-02,3.092614266831475445e-01,-9.161595198277909524e-02,7.477563572331168140e-02,4.851164392696519223e-02,2.454760276277726319e-02,1.014523999544744703e-01,1.877549057863287310e-02,-1.057428095918708233e-01,-1.235303535028687595e-02
2.334214423893860024e-01,1.967741116485092201e-01,1.943709684681276320e-02,-1.244370145078124712e-01,1.034463506202652761e-01,4.975651344986868271e-03,-4.344958753350963709e-01,-5.195543806748036814e-02,-4.666013705397432237e-02,-3.066916067487706135e-02,2.753033085920610773e-02,5.054256051086861712e-01,-4.183384578606779564e-02,-7.346607660589592192e-02,1.000000000000000000e+00,-3.132143671181549655e-02,1.620770731655747296e-02,-1.237416360398818360e-01,-1.644653519725995383e-01,2.204554150610203989e-01,6.389807429001187478e-02,-1.444292480725801464e-01,-4.792481594235156045e-02,-9.140648183013243278e-02,2.612787347221404849e-02,1.160384614823092020e-01,-1.127990029471765410e-01,2.142930885488298354e-01,1.334410453971661970e-01,1.078516070298694701e-01,-2.649462877202835975e-03,-6.984119638294815358e-02,-3.806372747389254879e-02,2.985128565110177212e-01,-1.194202953251769367e-01,9.228006534956621765e-02,-4.106929659138893601e-02,2.251847869593121276e-01,2.758777559632744070e-01
4.918126529563632832e-01,5.546320857437281315e-01,2.364527810805633345e-01,1.188130888316538403e-01,9.861112465683417871e-02,9.321580820267202916e-02,4.203193965938692989e-01,1.287017236002430121e-01,5.164371831657452727e-01,7.591674318633421237e-01,5.330299986978669080e-02,-2.845209395594005541e-01,2.529034659333956880e-01,-1.885289087165686883e-01,-3.132143671181549655e-02,1.000000000000000000e+00,6.507803092199029860e-02,1.379642147366464955e-01,1.368333163440979550e-01,-2.996380848709274611e-02,2.616377811455389973e-02,1.387491096684639602e-01,4.849940714224603711e-01,1.205747859550425488e-01,4.461236468753566609e-01,1.287454652157469202e-02,-1.540255747159867128e-01,-2.097855823538690156e-01,-4.239055357211397590e-01,5.647696250810322338e-01,-2.832438568122071579e-02,2.087775616862704020e-01,-1.543196272130966662e-01,2.946623360502073075e-01,2.528801839079968805e-01,3.108704145902477234e-01,1.666595336944823591e-01,4.702240342644811166e-01,3.461568401386389549e-01
2.455031619260957254e-01,4.326522522681675031e-02,-5.453682718199155677e-02,-1.008410891011200100e-02,-2.244760617517539136e-01,-1.293033725619184005e-01,3.369578928095784930e-03,-2.171161079071566927e-02,-2.188647300662531839e-02,5.390097401465081175e-04,4.754656481026223735e-01,1.071809011521522303e-01,-2.536230767766934832e-02,4.282397343026777409e-02,1.620770731655747296e-02,6.507803092199029860e-02,1.000000000000000000e+00,-6.335801495121579086e-02,-1.515827475264129587e-01,2.364732093725372963e-01,2.725156561974919067e-01,1.514138518693417812e-01,2.416423727430874469e-01,-1.543356160918527842e-01,3.659805239949968647e-01,5.264467078803126976e-02,1.306960200112094739e-01,4.292404379007801890e-02,-1.571100870878717748e-01,-8.945529388433337559e-02,4.594518098634030323e-02,8.328612422815898173e-04,2.305917224030842871e-01,-1.438428187448262396e-01,1.864108149020675051e-02,1.898826935552126380e-02,-4.081315776630975445e-02,1.394173783282012524e-01,4.919280963543070512e-02
-1.077032339577823905e-01,-6.831888790732427996e-02,5.322728145946040712e-01,3.362653036297832410e-01,3.883433322480540628e-01,1.700488198900048653e-01,1.330485215908125962e-01,-3.539820057703533251e-01,2.208005679605646587e-01,2.512979319983760784e-01,-1.490317694798150294e-01,-8.720945991502913885e-02,1.083969801756568679e-01,1.226871714034408617e-01,-1.237416360398818360e-01,1.379642147366464955e-01,-6.335801495121579086e-02,1.000000000000000000e+00,7.452229178997942238e-01,-6.505646685496402348e-02,3.105181677224459411e-02,7.486947060158460898e-02,8.143781576851112647e-02,1.598162377387642441e-01,8.105117715474849729e-03,2.618212344245395840e-01,2.158212345150689049e-01,-2.506860006777613184e-02,2.328670140406309888e-02,-3.773628013265360043e-02,1.703956995136327313e-01,1.387838875643435388e-01,1.138664879650501220e-02,3.086879392855697568e-01,1.368472789733851946e-01,-6.179989013081772092e-02,9.709862509588039481e-02,-2.012173637180127705e-01,-2.640148134368685562e-01
-2.191006470385361282e-01,-1.005085259290116884e-01,5.138152839002394501e-01,2.168665516705248208e-01,3.648730911335499316e-01,3.260580021230998771e-01,2.384546481762348513e-01,-1.897645517134276538e-01,3.161988221860086434e-01,2.803922096748032722e-01,-1.971228544083345746e-01,-1.681089920222812173e-01,2.727722077969349512e-01,1.983410934997423963e-02,-1.644653519725995383e-01,1.368333163440979550e-01,-1.515827475264129587e-01,7.452229178997942238e-01,1.000000000000000000e+00,-2.081441975242455389e-01,-4.612662067921668302e-02,8.406801216015302725e-02,1.887558858792310890e-01,3.180034525622967290e-01,6.625591512966541585e-02,9.846501616792958933e-02,1.398785405988378638e-01,-1.610419183394335985e-01,-4.166026794004284300e-02,-9.087981140913778400e-02,-9.950281549568274625e-03,2.547681326334815255e-01,-1.314313553532765189e-01,3.614123530586876298e-01,2.933880977428894865e-01,-4.587830068626227303e-02,2.700662012040224713e-01,-1.036749968847533454e-01,-2.831720953931778917e-01
2.825376355170292619e-01,-1.070023372307707943e-01,-2.007353448682741570e-01,3.690546281798863237e-01,-3.103037822015666247e-01,-4.312678317705630482e-01,-7.872234892503089665e-02,-5.461544789113036147e-02,-1.354666914964473001e-01,-1.192026818847054664e-01,3.115807222887500560e-01,3.329662689445092583e-01,-8.488033042331513678e-02,-1.326411943974808993e-01,2.204554150610203989e-01,-2.996380848709274611e-02,2.364732093725372963e-01,-6.505646685496402348e-02,-2.081441975242455389e-01,1.000000000000000000e+00,6.363339762485737960e-01,3.467700294072509903e-01,-2.035458880950962723e-01,-4.112812565474902038e-01,-4.943169340956368729e-02,2.677528617754884599e-01,4.180097896633753751e-01,3.815344750628503201e-01,6.325486693715982878e-02,-8.954610972477694553e-02,2.972899829642372538e-02,-1.673547532168117302e-01,6.075624636398919698e-01,-2.368567444116011778e-01,-3.092683389984732245e-01,-1.159428275904010458e-01,-2.932374553528814265e-01,-6.373010238373327807e-02,-5.736924058602062976e-02
1.349649579811908473e-01,-1.675150026213119980e-01,7.094613309375569221e-02,2.639823366250753645e-01,-1.987385406352270567e-01,-3.217667793390874276e-01,6.888003226213712527e-02,-2.012420742130585360e-01,2.602803885536788099e-04,-5.128916274237522955e-04,2.599767470631512700e-01,2.649980249565059287e-01,-8.210492209296041399e-02,-3.658854877000531497e-02,6.389807429001187478e-02,2.616377811455389973e-02,2.725156561974919067e-01,3.105181677224459411e-02,-4.612662067921668302e-02,6.363339762485737960e-01,1.000000000000000000e+00,5.240225155843897253e-01,-9.375055369519123827e-02,-2.364215500837013317e-01,1.179844757326742972e-03,3.109422546705545853e-01,5.244884872538132514e-01,2.829804661386842723e-01,-5.769309566802131167e-02,-2.054771329735269325e-01,2.690554825770282224e-02,-9.338991075922857543e-02,6.716460375752710821e-01,-1.016019148054035648e-01,-1.420565743760812960e-01,-1.337824648012510831e-01,-1.339880435375056245e-01,1.112288672349830013e-03,-7.727722838395985339e-02
1.240710527125733764e-01,2.488641390748755691e-02,1.922403776337984482e-01,2.019328849011984839e-01,-1.863644600890144651e-02,2.705605404219677684e-02,2.252106159296219379e-01,-2.868408638263678090e-02,1.411295639483170494e-01,1.690876545109780971e-01,7.939215068402816211e-02,-4.278725155680609266e-02,2.764996972845655890e-02,5.604092761886386720e-02,-1.444292480725801464e-01,1.387491096684639602e-01,1.514138518693417812e-01,7.486947060158460898e-02,8.406801216015302725e-02,3.467700294072509903e-01,5.240225155843897253e-01,1.000000000000000000e+00,1.859750297108738737e-01,1.655090643857554111e-01,1.329891431854541839e-01,1.399773718770532527e-01,2.481886165167170588e-01,-9.529874762542600575e-02,-1.013281069085780056e-02,-2.185310541253727701e-01,5.188432108610780552e-02,2.546456312351289553e-01,2.902792808438264260e-01,1.937014622546990444e-02,2.192942506772390110e-01,-1.438974334208551753e-01,2.235569061500268240e-01,1.157297210137807203e-01,-8.180063239802198849e-02
2.003181373191635639e-01,4.405398395997767169e-01,2.220348826487948957e-01,4.964505936575931699e-02,1.899341630479729759e-02,4.743419814267436641e-01,2.937053980927370467e-01,2.980715692501840763e-01,3.397110160027699832e-01,5.453666062191906416e-01,2.339272573672801225e-01,-2.778257560059832487e-01,4.366288187159473866e-01,-7.259343603188142535e-02,-4.792481594235156045e-02,4.849940714224603711e-01,2.416423727430874469e-01,8.143781576851112647e-02,1.887558858792310890e-01,-2.035458880950962723e-01,-9.375055369519123827e-02,1.859750297108738737e-01,1.000000000000000000e+00,4.829024236584478769e-01,7.793424336712859724e-01,-2.249002186144634652e-01,-2.828331429204880565e-01,-4.339465767534320118e-01,-2.937575946474329514e-01,2.266264736230451660e-01,-1.772370372906079683e-01,5.116058575881402559e-01,-3.139404633644336529e-01,2.693418777219399596e-01,5.832006992507808851e-01,2.206536876817137005e-01,5.100150033993930965e-01,4.157452504327842635e-01,2.637436739485434778e-01
-1.873465367290723660e-01,2.129109161381919357e-01,2.193614383576127369e-01,-9.504617463131173616e-02,1.352909577163491639e-01,7.561591406869380139e-01,1.204862483732917072e-01,3.516122496173224032e-01,1.647419067160749151e-01,2.970534808794543791e-01,-1.366868441678636414e-01,-2.582698477016505678e-01,4.945893506611267476e-01,1.649258326402393005e-01,-9.140648183013243278e-02,1.205747859550425488e-01,-1.543356160918527842e-01,1.598162377387642441e-01,3.180034525622967290e-01,-4.112812565474902038e-01,-2.364215500837013317e-01,1.655090643857554111e-01,4.829024236584478769e-01,1.000000000000000000e+00,3.278682058658370924e-01,-3.385901650967076404e-01,-3.588451261183348007e-01,-5.082368696387674634e-01,-9.260511076598530733e-02,-8.765705371552369451e-02,-2.528399683682308607e-01,5.163741812285731481e-01,-4.884243199697644311e-01,2.531868293922537871e-01,7.027501827437551141e-01,1.281643191449310382e-01,7.278322144366173863e-01,1.022735348527007287e-01,5.762153100986006082e-02
2.494760200503686742e-01,4.225622574656667796e-01,1.008055992853330585e-01,8.534856225423631537e-02,-6.412945011784439153e-02,3.098627388678391048e-01,2.355003717874536995e-01,2.881640017005072107e-01,2.806435114304784428e-01,4.600072961193841237e-01,4.415002969880483241e-01,-2.040262582711117045e-01,3.619340660202712279e-01,-7.160273291226759707e-02,2.612787347221404849e-02,4.461236468753566609e-01,3.659805239949968647e-01,8.105117715474849729e-03,6.625591512966541585e-02,-4.943169340956368729e-02,1.179844757326742972e-03,1.329891431854541839e-01,7.793424336712859724e-01,3.278682058658370924e-01,1.000000000000000000e+00,-2.246672516672247877e-01,-2.537748055230187871e-01,-2.842849392166127975e-01,-3.491582394960544011e-01,2.515100430856756497e-01,-1.610719669028200518e-01,3.345234186063848481e-01,-1.984093371977171394e-01,1.827805746314637436e-01,4.160190723644896504e-01,2.372036356990196992e-01,3.532380946498606678e-01,3.618896076837623821e-01,3.039953268123553043e-01
1.761627196390024019e-01,-1.509752199342626611e-01,3.001755583266123573e-01,1.709924575811427594e-01,9.719712808995883968e-02,-3.374802102371992074e-01,-5.867325788317623476e-03,-5.899650153863468249e-01,1.511979630319636447e-01,3.282300045019202056e-02,1.177702267718662953e-02,1.389896128929234420e-01,-3.870901442260214487e-01,1.618924847411358781e-01,1.160384614823092020e-01,1.287454652157469202e-02,5.264467078803126976e-02,2.618212344245395840e-01,9.846501616792958933e-02,2.677528617754884599e-01,3.109422546705545853e-01,1.399773718770532527e-01,-2.249002186144634652e-01,-3.385901650967076404e-01,-2.246672516672247877e-01,1.000000000000000000e+00,6.440314056649177887e-01,4.534485899233904327e-01,2.928811777425777141e-01,7.338972968611949532e-02,4.524908061341184617e-01,-1.255747266509990301e-01,3.642804773849979139e-01,4.991168277670978565e-02,-3.794945255563949571e-01,-8.988672042300784037e-02,-4.331965837388945806e-01,-4.151996609416488959e-02,-8.534546242283932993e-02
-1.131474689170359066e-01,-4.780995875710568610e-01,1.723284219747835966e-01,2.872905851497706831e-01,-5.919002051092844136e-02,-4.131284070330404901e-01,5.408643378095046028e-02,-4.601698815893019989e-01,3.038994331533566642e-02,-1.431175767557024414e-01,1.090016104781249273e-01,1.998793749338339532e-01,-3.022750407376478265e-01,6.551533985710553121e-02,-1.127990029471765410e-01,-1.540255747159867128e-01,1.306960200112094739e-01,2.158212345150689049e-01,1.398785405988378638e-01,4.180097896633753751e-01,5.244884872538132514e-01,2.481886165167170588e-01,-2.828331429204880565e-01,-3.588451261183348007e-01,-2.537748055230187871e-01,6.440314056649177887e-01,1.000000000000000000e+00,4.080917895530494222e-01,1.004670317801657636e-01,-1.902828054677405678e-01,3.083379238709623715e-01,-1.873676933512778420e-01,5.967567567991076682e-01,-1.379352914590196710e-01,-3.784424220933919059e-01,-1.989026226046308188e-01,-4.280911775190319735e-01,-2.149041818369443191e-01,-3.007475556220986501e-01
9.944996528767653665e-02,-2.333226263198786843e-01,-2.652708866280828470e-02,1.667195895070147649e-01,-7.689477253794521107e-03,-5.126837734322088336e-01,-1.789688542352092793e-01,-4.543026649470636724e-01,-1.612904768354875007e-01,-2.288031174092062525e-01,1.803082253618552566e-01,3.956532226317829859e-01,-4.195913748318387815e-01,-8.579175535953862536e-03,2.142930885488298354e-01,-2.097855823538690156e-01,4.292404379007801890e-02,-2.506860006777613184e-02,-1.610419183394335985e-01,3.815344750628503201e-01,2.829804661386842723e-01,-9.529874762542600575e-02,-4.339465767534320118e-01,-5.082368696387674634e-01,-2.842849392166127975e-01,4.534485899233904327e-01,4.080917895530494222e-01,1.000000000000000000e+00,2.583859139885502088e-01,1.908506028426920631e-02,3.154459942514824533e-01,-3.589938717983405247e-01,4.949764795654430505e-01,-8.404553395532839144e-02,-5.684149559661098028e-01,7.642696334841046768e-02,-4.737674813461915657e-01,-2.132837794039381674e-01,-4.245381550504818968e-02
-9.881457810209878095e-03,-1.200408669772349141e-01,-1.094457315231613659e-01,-3.605577624910704521e-02,-6.965904808605773157e-02,1.308389981234121466e-02,-2.030727617490903636e-01,-1.963165074162494528e-01,-2.625401322316546771e-01,-3.078326118774052933e-01,-8.129432981087374166e-02,1.510283018155682278e-01,-2.169182094454846221e-01,1.984270058728505315e-01,1.334410453971661970e-01,-4.239055357211397590e-01,-1.571100870878717748e-01,2.328670140406309888e-02,-4.166026794004284300e-02,6.325486693715982878e-02,-5.769309566802131167e-02,-1.013281069085780056e-02,-2.937575946474329514e-01,-9.260511076598530733e-02,-3.491582394960544011e-01,2.928811777425777141e-01,1.004670317801657636e-01,2.583859139885502088e-01,1.000000000000000000e+00,-1.807106403284540752e-01,1.109291485147821804e-01,1.723786715906962252e-01,8.815538582811753565e-02,-1.732752167503788521e-01,-1.788224705648946145e-01,-2.346963033898989970e-01,-6.065787253391970169e-02,-2.463047482908438668e-01,-1.697054433034317633e-01
4.414757602636716349e-01,4.631534022663789107e-01,5.402987744450293839e-02,3.400142657287099843e-03,7.049353245341792584e-02,-6.306982265077966388e-02,1.204597685524328582e-01,3.694214605263697326e-02,4.102668818501351566e-01,4.770464500953529585e-01,2.536411762241309875e-02,-9.520874984585805945e-02,-6.443227612824631301e-02,-3.781602967206287164e-02,1.078516070298694701e-01,5.647696250810322338e-01,-8.945529388433337559e-02,-3.773628013265360043e-02,-9.087981140913778400e-02,-8.954610972477694553e-02,-2.054771329735269325e-01,-2.185310541253727701e-01,2.266264736230451660e-01,-8.765705371552369451e-02,2.515100430856756497e-01,7.338972968611949532e-02,-1.902828054677405678e-01,1.908506028426920631e-02,-1.807106403284540752e-01,1.000000000000000000e+00,1.022911149577344359e-01,-3.027837555297750727e-02,-1.731437073391321191e-01,1.934605303790030428e-01,-3.737125466581154437e-02,3.029918479498923678e-01,-1.074370576331731969e-01,2.928806161801770225e-01,4.201537197365305398e-01
5.192242879933226668e-02,-5.271264733421312382e-02,3.991605843421185962e-01,-1.738156441704993838e-02,2.674014462507300349e-01,-2.655018927865455680e-01,-2.412198961130198049e-01,-6.068910823819396727e-01,1.449401063388036925e-01,-1.624088760093906139e-02,-5.313808859772717157e-03,1.687524763585190879e-01,-5.377690134683150713e-01,3.092614266831475445e-01,-2.649462877202835975e-03,-2.832438568122071579e-02,4.594518098634030323e-02,1.703956995136327313e-01,-9.950281549568274625e-03,2.972899829642372538e-02,2.690554825770282224e-02,5.188432108610780552e-02,-1.772370372906079683e-01,-2.528399683682308607e-01,-1.610719669028200518e-01,4.524908061341184617e-01,3.083379238709623715e-01,3.154459942514824533e-01,1.109291485147821804e-01,1.022911149577344359e-01,1.000000000000000000e+00,-1.924792508998734164e-01,2.203315834485617131e-01,1.289380352143907615e-01,-2.529727473165953588e-01,1.097313310279146303e-01,-3.406769371146121661e-01,8.266158070888981546e-04,7.044936135760581503e-03
-1.529052890123837848e-02,2.055331745009483513e-01,1.682297649862606603e-01,4.525231357944945604e-02,6.081515466096372446e-02,5.464809245415054306e-01,2.391510196885784922e-01,2.577188533871972997e-01,1.600400412791315730e-01,3.526890307548215531e-01,-7.291689196093820158e-02,-1.612015528145434307e-01,4.206630025988273291e-01,-9.161595198277909524e-02,-6.984119638294815358e-02,2.087775616862704020e-01,8.328612422815898173e-04,1.387838875643435388e-01,2.547681326334815255e-01,-1.673547532168117302e-01,-9.338991075922857543e-02,2.546456312351289553e-01,5.116058575881402559e-01,5.163741812285731481e-01,3.345234186063848481e-01,-1.255747266509990301e-01,-1.873676933512778420e-01,-3.589938717983405247e-01,1.723786715906962252e-01,-3.027837555297750727e-02,-1.924792508998734164e-01,1.000000000000000000e+00,-2.346875235937111726e-01,2.350981529390489544e-01,5.422491223203997901e-01,-4.289226581406140743e-02,5.852322466121928635e-01,1.414772411422332010e-01,1.138217189003526593e-02
1.093908350777622260e-02,-3.751849596337215598e-01,-3.620755137928226286e-02,2.514144639565057404e-01,-1.263451231203998881e-01,-5.434613798363348014e-01,-2.872636000113692328e-02,-3.742475689481853385e-01,-1.430383807762322934e-01,-2.434058384439384826e-01,2.557814647884490422e-01,3.716321905944469650e-01,-3.387030676299487286e-01,7.477563572331168140e-02,-3.806372747389254879e-02,-1.543196272130966662e-01,2.305917224030842871e-01,1.138664879650501220e-02,-1.314313553532765189e-01,6.075624636398919698e-01,6.716460375752710821e-01,2.902792808438264260e-01,-3.139404633644336529e-01,-4.884243199697644311e-01,-1.984093371977171394e-01,3.642804773849979139e-01,5.967567567991076682e-01,4.949764795654430505e-01,8.815538582811753565e-02,-1.731437073391321191e-01,2.203315834485617131e-01,-2.346875235937111726e-01,1.000000000000000000e+00,-1.920037124724781608e-01,-4.137855165248785494e-01,-1.614756555768353252e-01,-3.910227217082218876e-01,-2.141095044302470662e-01,-2.206369866814446856e-01
-9.149502649079932493e-03,1.692143503863381693e-01,5.450182996872273700e-01,-2.702202777384091550e-02,6.839256102078411503e-01,2.576541226346867330e-01,-1.266505526592323627e-01,-2.453283384100585218e-01,4.081727201644276271e-01,3.873716584565677357e-01,-1.413827596799067943e-01,2.127554526855024442e-01,1.012786454475211179e-01,4.851164392696519223e-02,2.985128565110177212e-01,2.946623360502073075e-01,-1.438428187448262396e-01,3.086879392855697568e-01,3.614123530586876298e-01,-2.368567444116011778e-01,-1.016019148054035648e-01,1.937014622546990444e-02,2.693418777219399596e-01,2.531868293922537871e-01,1.827805746314637436e-01,4.991168277670978565e-02,-1.379352914590196710e-01,-8.404553395532839144e-02,-1.732752167503788521e-01,1.934605303790030428e-01,1.289380352143907615e-01,2.350981529390489544e-01,-1.920037124724781608e-01,1.000000000000000000e+00,2.352142689340860071e-01,9.313507306495553972e-02,2.608073376647898622e-01,2.651178721576264441e-01,2.006241638321561993e-01
-1.642669137259486489e-02,3.144208891424743468e-01,2.756005249690560710e-01,2.209062144700683558e-02,5.772025299679679755e-02,7.005604818769450848e-01,1.727550437711549147e-01,3.219788093510244087e-01,2.555940574433619439e-01,3.850267405254056419e-01,-1.153569376315943112e-01,-2.749591432330836804e-01,5.159278853558244560e-01,2.454760276277726319e-02,-1.194202953251769367e-01,2.528801839079968805e-01,1.864108149020675051e-02,1.368472789733851946e-01,2.933880977428894865e-01,-3.092683389984732245e-01,-1.420565743760812960e-01,2.192942506772390110e-01,5.832006992507808851e-01,7.027501827437551141e-01,4.160190723644896504e-01,-3.794945255563949571e-01,-3.784424220933919059e-01,-5.684149559661098028e-01,-1.788224705648946145e-01,-3.737125466581154437e-02,-2.529727473165953588e-01,5.422491223203997901e-01,-4.137855165248785494e-01,2.352142689340860071e-01,1.000000000000000000e+00,1.205965211955543070e-01,7.660131284238570482e-01,3.304430192500103503e-01,1.653001663062489690e-01
2.068632662079682438e-01,3.334647544489179882e-01,1.516502522628922489e-01,-1.492677081027094510e-01,-1.439142369838129765e-03,8.433785627267195717e-02,8.050619679234415071e-02,1.006061354875787545e-02,1.969617637962433887e-01,2.950550263053696165e-01,1.809879582573306958e-02,-6.796937801972553761e-02,3.303238231977658618e-02,1.014523999544744703e-01,9.228006534956621765e-02,3.108704145902477234e-01,1.898826935552126380e-02,-6.179989013081772092e-02,-4.587830068626227303e-02,-1.159428275904010458e-01,-1.337824648012510831e-01,-1.438974334208551753e-01,2.206536876817137005e-01,1.281643191449310382e-01,2.372036356990196992e-01,-8.988672042300784037e-02,-1.989026226046308188e-01,7.642696334841046768e-02,-2.346963033898989970e-01,3.029918479498923678e-01,1.097313310279146303e-01,-4.289226581406140743e-02,-1.614756555768353252e-01,9.313507306495553972e-02,1.205965211955543070e-01,1.000000000000000000e+00,3.214211847940584565e-02,2.858886454178408698e-01,2.555179050192616930e-01
-4.597858580253776084e-02,2.870503869010190834e-01,1.423753245448681204e-01,-2.338788707778307122e-02,7.509252822038073316e-02,7.097299138461750090e-01,9.985933007638787828e-02,4.015618482207164441e-01,1.955794358341703953e-01,3.187551579073657493e-01,-8.342999915542900768e-02,-1.310527230643437624e-01,5.757144146823941488e-01,1.877549057863287310e-02,-4.106929659138893601e-02,1.666595336944823591e-01,-4.081315776630975445e-02,9.709862509588039481e-02,2.700662012040224713e-01,-2.932374553528814265e-01,-1.339880435375056245e-01,2.235569061500268240e-01,5.100150033993930965e-01,7.278322144366173863e-01,3.532380946498606678e-01,-4.331965837388945806e-01,-4.280911775190319735e-01,-4.737674813461915657e-01,-6.065787253391970169e-02,-1.074370576331731969e-01,-3.406769371146121661e-01,5.852322466121928635e-01,-3.910227217082218876e-01,2.608073376647898622e-01,7.660131284238570482e-01,3.214211847940584565e-02,1.000000000000000000e+00,2.403505078696395736e-01,2.026920855705374447e-01
4.337385631088867544e-01,4.233868337438769780e-01,2.473908819153003980e-01,-1.802774317115511671e-01,2.774347496562178800e-02,1.234336532240579570e-01,1.228231603540097111e-01,5.345070073547363715e-02,3.839199214987226716e-01,4.384469747030167452e-01,-6.835655293303110475e-03,-6.729172044452719215e-02,1.416294888212855652e-01,-1.057428095918708233e-01,2.251847869593121276e-01,4.702240342644811166e-01,1.394173783282012524e-01,-2.012173637180127705e-01,-1.036749968847533454e-01,-6.373010238373327807e-02,1.112288672349830013e-03,1.157297210137807203e-01,4.157452504327842635e-01,1.022735348527007287e-01,3.618896076837623821e-01,-4.151996609416488959e-02,-2.149041818369443191e-01,-2.132837794039381674e-01,-2.463047482908438668e-01,2.928806161801770225e-01,8.266158070888981546e-04,1.414772411422332010e-01,-2.141095044302470662e-01,2.651178721576264441e-01,3.304430192500103503e-01,2.858886454178408698e-01,2.403505078696395736e-01,1.000000000000000000e+00,5.505920042614560472e-01
4.230210999645606096e-01,5.212243198657826593e-01,4.141313332304678158e-02,-1.466433892183623133e-01,6.681093774862935895e-03,9.979498647849574522e-02,-9.057348734815832969e-02,1.152613021247540087e-01,3.667757706409404683e-01,3.873847158185688699e-01,1.004425946137228187e-01,1.020807955608657863e-01,8.904029578331706940e-02,-1.235303535028687595e-02,2.758777559632744070e-01,3.461568401386389549e-01,4.919280963543070512e-02,-2.640148134368685562e-01,-2.831720953931778917e-01,-5.736924058602062976e-02,-7.727722838395985339e-02,-8.180063239802198849e-02,2.637436739485434778e-01,5.762153100986006082e-02,3.039953268123553043e-01,-8.534546242283932993e-02,-3.007475556220986501e-01,-4.245381550504818968e-02,-1.697054433034317633e-01,4.201537197365305398e-01,7.044936135760581503e-03,1.138217189003526593e-02,-2.206369866814446856e-01,2.006241638321561993e-01,1.653001663062489690e-01,2.555179050192616930e-01,2.026920855705374447e-01,5.505920042614560472e-01,1.000000000000000000e+00
