1.000000000000000000e+00,-2.557262730463443282e-02,2.973593177056965131e-01,6.285867792308105217e-01,5.802096842690949163e-01,-1.965475554537915448e-01,5.342814853145103626e-01,-2.915899765375597474e-01,7.797610627215244561e-01,3.182514580701993334e-01,1.168679548002218155e-01,-5.255584640498160987e-01,3.469311830167100541e-01,1.590520808188172763e-01,5.213743124857171951e-01,6.787110537367539997e-01,-4.253154427964482842e-01,5.923990403958877549e-01,3.347343514582937218e-01,4.057899244759194390e-01,-2.189599114735035768e-01,-4.220867557308442541e-01,-3.608254486411187623e-01,-3.455483428491909481e-01,-2.191483010747055649e-02,7.561593562298806193e-01,-5.459015084458807010e-01,6.988108173724542072e-01,8.139137563510022710e-01,5.401585933500532288e-01,-3.686651670423897742e-01,-2.635609649185436387e-01,3.964829185484486374e-01,1.739722515937648928e-01,1.037041459668061744e-01,6.811776550391539509e-01,-4.892241295451524308e-01,7.328691322720211065e-01,-1.908536871238542543e-01
-2.557262730463443282e-02,1.000000000000000000e+00,4.577559317060890531e-02,-3.891829763873136949e-01,3.024811695716383420e-01,3.942144550031113637e-01,-2.826335474510839885e-01,-2.146530258506094135e-01,1.628409812575598581e-01,2.192562138517014092e-01,-8.219966154574563644e-02,3.415565760267554318e-01,-2.868622974911563261e-01,1.183405003888733931e-01,-5.261846728332315593e-01,6.968127727618864641e-03,2.279353669429051155e-01,-1.679221185285795503e-01,8.715043370265579403e-02,-3.820189490478211325e-01,2.462963713914292918e-01,1.645963438746798069e-01,4.832190219173272405e-01,9.325826963884763232e-02,1.816260237659322874e-01,-2.132619647377614613e-01,4.877952960455944620e-01,-4.106507570796753548e-01,-3.237135432244692690e-01,-8.057359172054999463e-02,3.522815288452953997e-01,3.905019208484407089e-01,-3.080757950021660307e-01,3.525863627811649526e-01,-2.545761799913752177e-01,-1.694588552341057958e-02,3.664030055141525022e-01,-2.410200919179605883e-01,6.152779651848412357e-01
2.973593177056965131e-01,4.577559317060890531e-02,1.000000000000000000e+00,5.689905199433000771e-01,6.373325492340204956e-01,-9.013365627267817815e-02,5.573142631809012704e-01,-8.832059388207850192e-01,5.060012128446769175e-01,5.036035946295945864e-01,2.410015936259437275e-01,1.098052745173319356e-01,-3.069404772248014446e-01,1.592517245700321715e-01,6.732435517460888530e-02,5.430867315769871695e-01,-2.830926639375523357e-01,6.426937757306512289e-01,6.317312743573535450e-01,5.196949568987001555e-01,6.064895626332151429e-02,1.472918614590615904e-01,-2.094133787367003646e-02,-2.239381303145406843e-01,2.866990180140133182e-01,5.026847299958011606e-01,-3.636645585323790286e-02,5.222517627463980627e-01,3.712767855758000168e-01,6.240103983646807517e-01,4.482754060147646769e-01,-1.347440793531998748e-01,4.953928112099120207e-01,6.611427238504438142e-01,-8.449190748853070698e-02,5.321189147868163882e-01,-2.374905152788978624e-01,4.676005438579953766e-01,1.676889797775281965e-01
6.285867792308105217e-01,-3.891829763873136949e-01,5.689905199433000771e-01,1.000000000000000000e+00,4.999940315048246320e-01,-3.795657884860679232e-01,8.054239401213720839e-01,-4.164851916616985061e-01,6.238004639453920142e-01,3.718084165232015126e-01,2.149093599772959606e-01,-3.198334124441760684e-01,1.953100784744648266e-01,1.960372181289316562e-01,5.553708922993665364e-01,6.273830904269808162e-01,-5.421210340305471220e-01,8.394058935861881121e-01,6.406317514155369652e-01,6.994301818377323121e-01,-3.218550027188228913e-01,-1.309509445223172586e-01,-4.087563840257296133e-01,-3.576156992180671290e-01,2.271204237375873056e-02,7.289954579074916508e-01,-4.486877073871051724e-01,8.612064213505573607e-01,7.175646200391774254e-01,6.150736170424843108e-01,-1.115060651126715957e-01,-4.106277183003438913e-01,6.281207166145463816e-01,3.040952787336230756e-01,2.451041205517555388e-01,5.936497980870094615e-01,-3.932535593913977778e-01,6.124042314059280345e-01,-2.831695967182009110e-01
5.802096842690949163e-01,3.024811695716383420e-01,6.373325492340204956e-01,4.999940315048246320e-01,1.000000000000000000e+00,1.758564173470263765e-03,4.057972935314259066e-01,-7.016296501506876782e-01,7.387411850260662272e-01,4.979328182186347207e-01,1.708870226708557594e-01,-3.203242174698319594e-02,-2.136698768412828228e-02,2.726230999946284150e-01,1.471439803074869601e-01,5.982929662307691077e-01,-3.664862195675043788e-01,6.407010849918488571e-01,5.905638746392658511e-01,1.853777552890097935e-01,-2.444630713183927606e-01,-2.859603499643543767e-01,-6.918958185253089310e-02,-3.216224364947263825e-01,1.479150867390971735e-01,5.677036374754483861e-01,-2.214649591830152864e-01,4.467406009409971568e-01,4.998263144484045850e-01,5.703410345611178434e-01,1.203646914027942660e-01,-8.086463147991949929e-02,2.682772530509501263e-01,6.207416144270203606e-01,1.459295306091498018e-02,6.625482757567913161e-01,-1.494041968800171316e-01,5.752280672615190937e-01,2.736750881181853057e-01
-1.965475554537915448e-01,3.942144550031113637e-01,-9.013365627267817815e-02,-3.795657884860679232e-01,1.758564173470263765e-03,1.000000000000000000e+00,-4.310648049867795151e-01,8.830817474355605714e-04,-1.116940154550456893e-01,1.171820473629251735e-01,-5.984920967433780131e-02,2.541051463432938973e-01,-7.119658787508485742e-02,4.894123070418392868e-02,-2.199400029696382541e-01,-3.059518203000467784e-02,5.157707296152623799e-01,-2.510657037428666305e-01,-2.183879062991264108e-01,-2.556137044924178814e-01,3.589602550876926923e-01,2.153859140393417360e-01,4.927958603145082273e-01,4.981088266446186963e-01,2.357284554939206300e-01,-1.468822014229620165e-01,3.717485418028302346e-01,-3.359835112346120645e-01,-2.097488237915193232e-01,3.286486689971342134e-02,1.825019939345352005e-01,4.993180131882893336e-01,-1.913476193189695973e-01,1.356207337106354882e-01,-1.630700331968591155e-01,-2.454820959081535636e-01,2.975691495220636473e-01,-2.245606177663215797e-01,1.309957004949924009e-01
5.342814853145103626e-01,-2.826335474510839885e-01,5.573142631809012704e-01,8.054239401213720839e-01,4.057972935314259066e-01,-4.310648049867795151e-01,1.000000000000000000e+00,-3.908337843045708859e-01,5.462227933693278858e-01,2.614430063593924936e-01,2.081712611799347024e-01,-3.468650486339838745e-01,4.606825649365204473e-02,1.912085271329009573e-01,4.016021732967574032e-01,5.566958355671186576e-01,-4.877792015581004503e-01,7.107405854805514123e-01,6.214658165139707036e-01,6.506120648994195843e-01,-2.898117887498160017e-01,-2.508225317262785178e-02,-3.215471244941319195e-01,-3.153726168314551215e-01,2.944479382405748580e-02,5.987797751071393115e-01,-3.367569648650882153e-01,7.704950100664189616e-01,5.934736507775338898e-01,5.318556541698105100e-01,4.523746588810188124e-02,-3.671164137322103782e-01,6.157641820811424749e-01,2.464795543420355006e-01,2.227538565106017276e-01,5.264815985569718526e-01,-3.389263378110493607e-01,4.654838454259205283e-01,-2.592785653904547405e-01
-2.915899765375597474e-01,-2.146530258506094135e-01,-8.832059388207850192e-01,-4.164851916616985061e-01,-7.016296501506876782e-01,8.830817474355605714e-04,-3.908337843045708859e-01,1.000000000000000000e+00,-4.817046556513853717e-01,-4.843764721098265391e-01,-2.135935301108527751e-01,-9.321916708049822475e-02,3.110334367344638196e-01,-8.703154057830363166e-02,8.178405822167107708e-02,-4.594650427483243926e-01,2.097366056385632782e-01,-5.341135515499633168e-01,-5.528064042834188729e-01,-3.545117927552315917e-01,-7.750318516133235247e-02,-3.698723192531126053e-02,-1.150571609677816971e-02,2.301881796911969535e-01,-2.767552682380232110e-01,-4.152209451878628443e-01,3.640133939469249874e-02,-3.586522779053982202e-01,-3.024734267562529944e-01,-5.415295644537958530e-01,-4.298464662465333319e-01,3.460904996804971268e-02,-2.957767288047279397e-01,-6.728879102889167019e-01,2.025463331409885492e-01,-5.415613243985430980e-01,2.245239224129439437e-01,-4.440103043169471575e-01,-2.941588208418561279e-01
7.797610627215244561e-01,1.628409812575598581e-01,5.060012128446769175e-01,6.238004639453920142e-01,7.387411850260662272e-01,-1.116940154550456893e-01,5.462227933693278858e-01,-4.817046556513853717e-01,1.000000000000000000e+00,5.355058602601351359e-01,1.966205931679929630e-01,-2.057388655990851078e-01,1.112380026217785478e-01,3.374108350227078001e-01,3.739949809505612732e-01,7.936153978578343038e-01,-3.743623372898904900e-01,7.137768805787876314e-01,5.682700133000138099e-01,3.367190725913523641e-01,-1.947938614910781630e-01,-2.486426432252919760e-01,-1.350428435967582497e-01,-3.275039782189486104e-01,1.433693887043135939e-01,7.585793277199345264e-01,-2.815742720119385756e-01,6.671934767837321978e-01,7.096929637460606122e-01,6.872970851070564491e-01,-2.041306613936795522e-02,-1.183338073352511732e-01,5.107820061033409020e-01,5.079181031357422604e-01,1.611181051024506983e-01,6.777986995874033527e-01,-2.656563874719913843e-01,6.986927327674880006e-01,1.122624106736219013e-01
3.182514580701993334e-01,2.192562138517014092e-01,5.036035946295945864e-01,3.718084165232015126e-01,4.979328182186347207e-01,1.171820473629251735e-01,2.614430063593924936e-01,-4.843764721098265391e-01,5.355058602601351359e-01,1.000000000000000000e+00,2.322489445384267603e-01,2.273616376999851862e-01,-1.070021792566921565e-01,3.205336988535162357e-01,1.709889540087999871e-01,6.689176207799525375e-01,-1.731117799572566285e-01,4.427985373138343395e-01,5.214816635509779141e-01,3.803926574521655501e-01,8.574462313390462942e-02,2.341380316781741522e-01,2.515677497312668320e-01,5.017959098226428688e-02,5.067764443179366696e-01,4.412630516952800175e-01,2.566914244095042652e-01,3.679939079602823626e-01,2.385667345993675026e-01,6.078134887519420770e-01,2.795291107552344556e-01,-2.160420881013668665e-02,4.473011477461646401e-01,5.529397172674138661e-01,9.778033984651295085e-02,3.785243179842566752e-01,8.674596462603229030e-02,4.368613484549281889e-01,4.316942629466283265e-01
1.168679548002218155e-01,-8.219966154574563644e-02,2.410015936259437275e-01,2.149093599772959606e-01,1.708870226708557594e-01,-5.984920967433780131e-02,2.081712611799347024e-01,-2.135935301108527751e-01,1.966205931679929630e-01,2.322489445384267603e-01,1.000000000000000000e+00,-5.973649143972180331e-02,-4.346753543311838996e-02,1.500128286821297563e-01,8.754697045941484124e-02,2.037728506419867192e-01,-4.185040351540077891e-02,1.499566114896053459e-01,1.896308341375857187e-01,1.159026330732233628e-01,-1.127881138906398906e-02,-2.725604409298377356e-02,-1.037638526920603294e-01,-3.378883564999405481e-02,-1.682730937805393401e-01,1.607110556909308319e-01,-1.237733317587355053e-01,1.819184622433648313e-01,1.783337185611544307e-01,2.996223403609503677e-01,5.849114908171013094e-02,-5.242650589481753776e-02,2.170606011707793270e-01,1.494549067631934514e-01,-1.271434584103501610e-02,2.265270036366310302e-01,-1.715358607899881427e-01,2.375761013443600800e-01,3.848439548641587743e-02
-5.255584640498160987e-01,3.415565760267554318e-01,1.098052745173319356e-01,-3.198334124441760684e-01,-3.203242174698319594e-02,2.541051463432938973e-01,-3.468650486339838745e-01,-9.321916708049822475e-02,-2.057388655990851078e-01,2.273616376999851862e-01,-5.973649143972180331e-02,1.000000000000000000e+00,-3.572817881347943869e-01,1.315278534537789867e-01,-2.411658369333865293e-01,-1.398312364113450945e-01,1.354877188705979063e-01,-1.817818453378858556e-01,4.506998454782254297e-03,-1.430282646777418509e-01,2.199092738130521973e-01,4.792582736003042632e-01,4.622881318295389841e-01,1.964075212337463017e-01,1.798856776288909332e-01,-3.113601562710602288e-01,6.866919230702409616e-01,-3.461284703132079810e-01,-5.354996898355129931e-01,-1.384872993649701456e-01,5.066043238588968656e-01,1.908409612731625515e-01,-1.070852377148395207e-01,3.564864579114253029e-01,-1.037954209384013698e-01,-2.430162265833163693e-01,5.022602423514332948e-01,-2.881562486650002253e-01,5.541121901605472466e-01
3.469311830167100541e-01,-2.868622974911563261e-01,-3.069404772248014446e-01,1.953100784744648266e-01,-2.136698768412828228e-02,-7.119658787508485742e-02,4.606825649365204473e-02,3.110334367344638196e-01,1.112380026217785478e-01,-1.070021792566921565e-01,-4.346753543311838996e-02,-3.572817881347943869e-01,1.000000000000000000e+00,-2.049489774819803767e-01,4.085960633551624088e-01,8.681691044797093526e-02,-1.536247674078934922e-01,7.521393497224204694e-02,-1.124275984178197824e-01,1.359066862760259786e-01,-2.481952773567581150e-01,-3.334929380214458061e-01,-3.511957475920520211e-01,-1.743177401843123975e-01,-2.680238280169919829e-01,2.009340333266854128e-01,-4.285220267184229326e-01,1.754099810172406460e-01,2.957025864562700113e-01,1.927483233830577444e-02,-7.602010609700305954e-01,-1.871178187955973293e-01,-9.655904378789283149e-02,-3.228540960778147340e-01,-1.564066592192020141e-02,1.187851173652493680e-01,-2.397504105604807978e-01,2.153224036071674785e-01,-3.589963484467026955e-01
1.590520808188172763e-01,1.183405003888733931e-01,1.592517245700321715e-01,1.960372181289316562e-01,2.726230999946284150e-01,4.894123070418392868e-02,1.912085271329009573e-01,-8.703154057830363166e-02,3.374108350227078001e-01,3.205336988535162357e-01,1.500128286821297563e-01,1.315278534537789867e-01,-2.049489774819803767e-01,1.000000000000000000e+00,2.422114355551497067e-01,3.272309715866539293e-01,-1.905477278707502498e-01,2.553908113207985497e-01,3.257356249365751522e-01,4.415713890438002082e-02,7.742807103952126235e-02,2.035485711314305168e-01,2.697718076533345832e-01,3.263232661419493974e-01,2.827703462406603863e-01,2.273595579548885470e-01,1.134227036861346627e-01,2.268626586771162190e-01,1.523546293743765490e-01,2.906869986664563088e-01,2.153198104054189210e-01,-9.915717708947462128e-02,4.787288944577720584e-01,3.374445791793176941e-01,5.503173423212633919e-01,1.702817213462453350e-01,3.731082571754898436e-01,1.042602002192184601e-01,7.753183744702250857e-02
5.213743124857171951e-01,-5.261846728332315593e-01,6.732435517460888530e-02,5.553708922993665364e-01,1.471439803074869601e-01,-2.199400029696382541e-01,4.016021732967574032e-01,8.178405822167107708e-02,3.739949809505612732e-01,1.709889540087999871e-01,8.754697045941484124e-02,-2.411658369333865293e-01,4.085960633551624088e-01,2.422114355551497067e-01,1.000000000000000000e+00,4.952792067117372521e-01,-4.546036522398687607e-01,4.482937790454444293e-01,1.708020942753951943e-01,5.025655995305668977e-01,-2.496526068755952898e-01,-2.179724783393101328e-01,-3.152664681609005370e-01,-8.237868229388754793e-02,-5.669368667401367828e-02,6.296465303404712444e-01,-4.440524831099337821e-01,6.843566173209911785e-01,6.327150481479048016e-01,3.702045976488104184e-01,-4.437715956886912894e-01,-4.409158762914291985e-01,4.931729819689211758e-01,7.328498286986795569e-03,3.992300840429169329e-01,3.323613119171601737e-01,-2.828006320457732148e-01,5.704774939983148219e-01,-4.977682593980369274e-01
6.787110537367539997e-01,6.968127727618864641e-03,5.430867315769871695e-01,6.273830904269808162e-01,5.982929662307691077e-01,-3.059518203000467784e-02,5.566958355671186576e-01,-4.594650427483243926e-01,7.936153978578343038e-01,6.689176207799525375e-01,2.037728506419867192e-01,-1.398312364113450945e-01,8.681691044797093526e-02,3.272309715866539293e-01,4.952792067117372521e-01,1.000000000000000000e+00,-3.634108392887353545e-01,6.526943299462899528e-01,5.353017612972523764e-01,5.219819146151002398e-01,-5.371728499718846778e-02,-4.910894876349716776e-02,-4.236316820317097970e-02,-2.053486138105996284e-01,2.664360210450713584e-01,7.997127876483719477e-01,-1.736404066692766035e-01,7.198120416698334800e-01,6.725972872671082126e-01,8.089383519456820881e-01,-1.113667080854167414e-02,-1.925043865978535162e-01,6.652737738497007669e-01,4.208562408827578039e-01,1.410092651843976030e-01,5.871918439097912890e-01,-2.778411255586975548e-01,7.069537065420737898e-01,-9.275891559670000966e-03
-4.253154427964482842e-01,2.279353669429051155e-01,-2.830926639375523357e-01,-5.421210340305471220e-01,-3.664862195675043788e-01,5.157707296152623799e-01,-4.877792015581004503e-01,2.097366056385632782e-01,-3.743623372898904900e-01,-1.731117799572566285e-01,-4.185040351540077891e-02,1.354877188705979063e-01,-1.536247674078934922e-01,-1.905477278707502498e-01,-4.546036522398687607e-01,-3.634108392887353545e-01,1.000000000000000000e+00,-4.964169761615955800e-01,-3.837989367067323743e-01,-3.530683548350135870e-01,3.264307216298003578e-01,2.554176764301840930e-01,4.365118193875366925e-01,3.979818358495173514e-01,1.818194478640374201e-01,-4.453837823782968997e-01,3.061003374702127022e-01,-5.246320712168218714e-01,-3.541375135789957551e-01,-1.989786515543408851e-01,1.921384918515811613e-01,7.724509331820363922e-01,-2.688084231703870008e-01,-1.392298782498954390e-01,-2.530553069328679294e-01,-3.936283750522516223e-01,2.077156461850336588e-01,-3.975067588604752067e-01,1.237170660620320745e-01
5.923990403958877549e-01,-1.679221185285795503e-01,6.426937757306512289e-01,8.394058935861881121e-01,6.407010849918488571e-01,-2.510657037428666305e-01,7.107405854805514123e-01,-5.341135515499633168e-01,7.137768805787876314e-01,4.427985373138343395e-01,1.499566114896053459e-01,-1.817818453378858556e-01,7.521393497224204694e-02,2.553908113207985497e-01,4.482937790454444293e-01,6.526943299462899528e-01,-4.964169761615955800e-01,1.000000000000000000e+00,7.636455003769909711e-01,5.470386784278659098e-01,-2.979331949468550511e-01,-1.190948139764251429e-01,-2.355749126435673635e-01,-3.314418481796655436e-01,1.338322163520430375e-01,7.264410793761602037e-01,-3.021958122900131327e-01,7.762630799470426890e-01,6.551912257693887076e-01,6.097022666686600090e-01,6.132398185362297749e-02,-2.892449434020150645e-01,5.589183978049717672e-01,5.554304342131539673e-01,2.702095493787507463e-01,5.312999486174273533e-01,-2.466301346317031906e-01,5.854422149938363074e-01,-8.849723634361320035e-02
3.347343514582937218e-01,8.715043370265579403e-02,6.317312743573535450e-01,6.406317514155369652e-01,5.905638746392658511e-01,-2.183879062991264108e-01,6.214658165139707036e-01,-5.528064042834188729e-01,5.682700133000138099e-01,5.214816635509779141e-01,1.896308341375857187e-01,4.506998454782254297e-03,-1.124275984178197824e-01,3.257356249365751522e-01,1.708020942753951943e-01,5.353017612972523764e-01,-3.837989367067323743e-01,7.636455003769909711e-01,1.000000000000000000e+00,4.216241205979027185e-01,-1.491808439184436341e-01,1.409168236583185907e-01,3.015577536034187017e-02,-2.053270157539979213e-01,2.577230082883214535e-01,4.487061310051111973e-01,1.070250522771407434e-02,5.012176938120369574e-01,3.097248897791942124e-01,5.263273443898152104e-01,2.832425172050334616e-01,-2.181178805414315247e-01,4.546458037308359068e-01,6.263508983615517778e-01,2.072813831022048137e-01,3.757197183172862331e-01,2.263149528972931840e-02,2.840220793878900918e-01,1.165103750318959852e-01
4.057899244759194390e-01,-3.820189490478211325e-01,5.196949568987001555e-01,6.994301818377323121e-01,1.853777552890097935e-01,-2.556137044924178814e-01,6.506120648994195843e-01,-3.545117927552315917e-01,3.367190725913523641e-01,3.803926574521655501e-01,1.159026330732233628e-01,-1.430282646777418509e-01,1.359066862760259786e-01,4.415713890438002082e-02,5.025655995305668977e-01,5.219819146151002398e-01,-3.530683548350135870e-01,5.470386784278659098e-01,4.216241205979027185e-01,1.000000000000000000e+00,4.889444299839948438e-02,2.668455263554211920e-01,-2.328631314551830034e-01,-1.355391093392197543e-01,1.305130883065508118e-01,5.621391740838658224e-01,-1.447836469154891725e-01,7.015616200521116452e-01,4.513009903914846355e-01,4.895181979237960279e-01,-5.518458794942145834e-02,-3.861438786461828809e-01,5.724867049636228611e-01,1.933946317415505267e-01,4.652008236570456812e-02,4.046624556401226536e-01,-3.468222288736421688e-01,4.288118079992561671e-01,-3.169750916610424296e-01
-2.189599114735035768e-01,2.462963713914292918e-01,6.064895626332151429e-02,-3.218550027188228913e-01,-2.444630713183927606e-01,3.589602550876926923e-01,-2.898117887498160017e-01,-7.750318516133235247e-02,-1.947938614910781630e-01,8.574462313390462942e-02,-1.127881138906398906e-02,2.199092738130521973e-01,-2.481952773567581150e-01,7.742807103952126235e-02,-2.496526068755952898e-01,-5.371728499718846778e-02,3.264307216298003578e-01,-2.979331949468550511e-01,-1.491808439184436341e-01,4.889444299839948438e-02,1.000000000000000000e+00,6.072503188330342638e-01,4.524643902316968780e-01,4.104888724415761692e-01,3.136435173923727282e-01,-1.655623396436498862e-01,4.409954873606269921e-01,-2.434008429071096435e-01,-2.993548263274937726e-01,2.604417227094463216e-02,2.514596604334633501e-01,1.054168324842157112e-01,6.724989043451601312e-02,1.057073253830984050e-01,-2.221418187637305142e-01,-2.821805369860466706e-01,1.194234118361591074e-01,-2.673036007395851454e-01,6.772891772702126223e-02
-4.220867557308442541e-01,1.645963438746798069e-01,1.472918614590615904e-01,-1.309509445223172586e-01,-2.859603499643543767e-01,2.153859140393417360e-01,-2.508225317262785178e-02,-3.698723192531126053e-02,-2.486426432252919760e-01,2.341380316781741522e-01,-2.725604409298377356e-02,4.792582736003042632e-01,-3.334929380214458061e-01,2.035485711314305168e-01,-2.179724783393101328e-01,-4.910894876349716776e-02,2.554176764301840930e-01,-1.190948139764251429e-01,1.409168236583185907e-01,2.668455263554211920e-01,6.072503188330342638e-01,1.000000000000000000e+00,5.283606489158116926e-01,4.604503988180127516e-01,3.865305089761628121e-01,-2.438559428365998649e-01,6.823988903892990177e-01,-1.608707466790995910e-01,-4.469675887640107148e-01,8.314919142996295837e-03,4.708145257926890093e-01,1.038136886551125210e-01,2.189800167515213447e-01,2.020617580445761563e-01,1.364902789201570543e-02,-3.500614181368029709e-01,4.325892869895043846e-01,-4.339794714010265508e-01,1.556623196841623313e-01
-3.608254486411187623e-01,4.832190219173272405e-01,-2.094133787367003646e-02,-4.087563840257296133e-01,-6.918958185253089310e-02,4.927958603145082273e-01,-3.215471244941319195e-01,-1.150571609677816971e-02,-1.350428435967582497e-01,2.515677497312668320e-01,-1.037638526920603294e-01,4.622881318295389841e-01,-3.511957475920520211e-01,2.697718076533345832e-01,-3.152664681609005370e-01,-4.236316820317097970e-02,4.365118193875366925e-01,-2.355749126435673635e-01,3.015577536034187017e-02,-2.328631314551830034e-01,4.524643902316968780e-01,5.283606489158116926e-01,1.000000000000000000e+00,5.408730661247580507e-01,6.065994805784225008e-01,-2.706112374203181181e-01,6.369656295695380610e-01,-3.634006902183091747e-01,-4.342662138552039197e-01,-4.697457580163504065e-02,4.453121940695940473e-01,3.635441413431502733e-01,2.228756292253387603e-02,2.983214735312910704e-01,8.916835901470203385e-02,-3.411686922937555710e-01,5.845850951545097374e-01,-3.293341340806599238e-01,3.882383349791247995e-01
-3.455483428491909481e-01,9.325826963884763232e-02,-2.239381303145406843e-01,-3.576156992180671290e-01,-3.216224364947263825e-01,4.981088266446186963e-01,-3.153726168314551215e-01,2.301881796911969535e-01,-3.275039782189486104e-01,5.017959098226428688e-02,-3.378883564999405481e-02,1.964075212337463017e-01,-1.743177401843123975e-01,3.263232661419493974e-01,-8.237868229388754793e-02,-2.053486138105996284e-01,3.979818358495173514e-01,-3.314418481796655436e-01,-2.053270157539979213e-01,-1.355391093392197543e-01,4.104888724415761692e-01,4.604503988180127516e-01,5.408730661247580507e-01,1.000000000000000000e+00,3.706150724482309422e-01,-2.969574563922951493e-01,4.112952735049045239e-01,-2.926100276143430712e-01,-3.503768018152054742e-01,-1.551357557993774394e-01,1.978657350222688127e-01,1.895980992304459878e-01,3.826807317341418546e-02,1.947006146523103109e-02,3.085449184266739753e-01,-4.236246242912603543e-01,5.250121321397722696e-01,-3.701314794645957362e-01,-2.475841054868236496e-02
-2.191483010747055649e-02,1.816260237659322874e-01,2.866990180140133182e-01,2.271204237375873056e-02,1.479150867390971735e-01,2.357284554939206300e-01,2.944479382405748580e-02,-2.767552682380232110e-01,1.433693887043135939e-01,5.067764443179366696e-01,-1.682730937805393401e-01,1.798856776288909332e-01,-2.680238280169919829e-01,2.827703462406603863e-01,-5.669368667401367828e-02,2.664360210450713584e-01,1.818194478640374201e-01,1.338322163520430375e-01,2.577230082883214535e-01,1.305130883065508118e-01,3.136435173923727282e-01,3.865305089761628121e-01,6.065994805784225008e-01,3.706150724482309422e-01,1.000000000000000000e+00,8.262978451105941480e-02,3.239752915469035210e-01,4.842839130450482532e-02,-3.466517265862498198e-02,3.235223467996699576e-01,3.900435383890629160e-01,1.516410033094635623e-01,3.167725238814270705e-01,4.228364010826717867e-01,1.784673849947885915e-01,1.087004359932013976e-02,2.526372846095506497e-01,6.447413977607124869e-02,3.003362088766541316e-01
7.561593562298806193e-01,-2.132619647377614613e-01,5.026847299958011606e-01,7.289954579074916508e-01,5.677036374754483861e-01,-1.468822014229620165e-01,5.987797751071393115e-01,-4.152209451878628443e-01,7.585793277199345264e-01,4.412630516952800175e-01,1.607110556909308319e-01,-3.113601562710602288e-01,2.009340333266854128e-01,2.273595579548885470e-01,6.296465303404712444e-01,7.997127876483719477e-01,-4.453837823782968997e-01,7.264410793761602037e-01,4.487061310051111973e-01,5.621391740838658224e-01,-1.655623396436498862e-01,-2.438559428365998649e-01,-2.706112374203181181e-01,-2.969574563922951493e-01,8.262978451105941480e-02,1.000000000000000000e+00,-3.730030088779070496e-01,8.470042892566573833e-01,8.438453738299073192e-01,6.665919546709634380e-01,-1.889774846575917322e-01,-2.608237764560962235e-01,6.483468152034195242e-01,3.194328950434511816e-01,1.571198596534859881e-01,6.227998207533139707e-01,-4.670617512333192223e-01,7.906792585733508627e-01,-2.265420357078425651e-01
-5.459015084458807010e-01,4.877952960455944620e-01,-3.636645585323790286e-02,-4.486877073871051724e-01,-2.214649591830152864e-01,3.717485418028302346e-01,-3.367569648650882153e-01,3.640133939469249874e-02,-2.815742720119385756e-01,2.566914244095042652e-01,-1.237733317587355053e-01,6.866919230702409616e-01,-4.285220267184229326e-01,1.134227036861346627e-01,-4.440524831099337821e-01,-1.736404066692766035e-01,3.061003374702127022e-01,-3.021958122900131327e-01,1.070250522771407434e-02,-1.447836469154891725e-01,4.409954873606269921e-01,6.823988903892990177e-01,6.369656295695380610e-01,4.112952735049045239e-01,3.239752915469035210e-01,-3.730030088779070496e-01,1.000000000000000000e+00,-4.448602096444492782e-01,-6.411307372324746012e-01,-2.400785161296670467e-01,5.623319757430799148e-01,3.037157183128100790e-01,-1.032937068684868231e-01,2.138647924669121736e-01,-1.225961643082117275e-01,-4.588058796737503608e-01,5.616521431650953744e-01,-5.212731405240093041e-01,5.073627192386030993e-01
6.988108173724542072e-01,-4.106507570796753548e-01,5.222517627463980627e-01,8.612064213505573607e-01,4.467406009409971568e-01,-3.359835112346120645e-01,7.704950100664189616e-01,-3.586522779053982202e-01,6.671934767837321978e-01,3.679939079602823626e-01,1.819184622433648313e-01,-3.461284703132079810e-01,1.754099810172406460e-01,2.268626586771162190e-01,6.843566173209911785e-01,7.198120416698334800e-01,-5.246320712168218714e-01,7.762630799470426890e-01,5.012176938120369574e-01,7.015616200521116452e-01,-2.434008429071096435e-01,-1.608707466790995910e-01,-3.634006902183091747e-01,-2.926100276143430712e-01,4.842839130450482532e-02,8.470042892566573833e-01,-4.448602096444492782e-01,1.000000000000000000e+00,8.125652390487935195e-01,6.303568728441861779e-01,-1.442640280568105171e-01,-4.052176370534737448e-01,7.302893491016440031e-01,2.556382084890295170e-01,2.873361861402429218e-01,6.057846804330351276e-01,-4.587748356533018490e-01,7.275057823821620140e-01,-3.457913359010827414e-01
8.139137563510022710e-01,-3.237135432244692690e-01,3.712767855758000168e-01,7.175646200391774254e-01,4.998263144484045850e-01,-2.097488237915193232e-01,5.934736507775338898e-01,-3.024734267562529944e-01,7.096929637460606122e-01,2.385667345993675026e-01,1.783337185611544307e-01,-5.354996898355129931e-01,2.957025864562700113e-01,1.523546293743765490e-01,6.327150481479048016e-01,6.725972872671082126e-01,-3.541375135789957551e-01,6.551912257693887076e-01,3.097248897791942124e-01,4.513009903914846355e-01,-2.993548263274937726e-01,-4.469675887640107148e-01,-4.342662138552039197e-01,-3.503768018152054742e-01,-3.466517265862498198e-02,8.438453738299073192e-01,-6.411307372324746012e-01,8.125652390487935195e-01,1.000000000000000000e+00,6.185047509608848637e-01,-3.272984489694091281e-01,-1.872076895501889882e-01,5.569955716056420592e-01,1.492422451667024530e-01,1.729334924932919848e-01,6.583732496027082659e-01,-5.821353100008335169e-01,7.983653977696968385e-01,-3.600059199395271303e-01
5.401585933500532288e-01,-8.057359172054999463e-02,6.240103983646807517e-01,6.150736170424843108e-01,5.703410345611178434e-01,3.286486689971342134e-02,5.318556541698105100e-01,-5.415295644537958530e-01,6.872970851070564491e-01,6.078134887519420770e-01,2.996223403609503677e-01,-1.384872993649701456e-01,1.927483233830577444e-02,2.906869986664563088e-01,3.702045976488104184e-01,8.089383519456820881e-01,-1.989786515543408851e-01,6.097022666686600090e-01,5.263273443898152104e-01,4.895181979237960279e-01,2.604417227094463216e-02,8.314919142996295837e-03,-4.697457580163504065e-02,-1.551357557993774394e-01,3.235223467996699576e-01,6.665919546709634380e-01,-2.400785161296670467e-01,6.303568728441861779e-01,6.185047509608848637e-01,1.000000000000000000e+00,8.776505754936023140e-02,-7.378983057038447646e-02,6.465986568909311005e-01,4.419882274914108677e-01,8.099364736928182928e-02,5.638620221724673920e-01,-2.956517179482782143e-01,6.297038157235482769e-01,-1.294872179706403701e-03
-3.686651670423897742e-01,3.522815288452953997e-01,4.482754060147646769e-01,-1.115060651126715957e-01,1.203646914027942660e-01,1.825019939345352005e-01,4.523746588810188124e-02,-4.298464662465333319e-01,-2.041306613936795522e-02,2.795291107552344556e-01,5.849114908171013094e-02,5.066043238588968656e-01,-7.602010609700305954e-01,2.153198104054189210e-01,-4.437715956886912894e-01,-1.113667080854167414e-02,1.921384918515811613e-01,6.132398185362297749e-02,2.832425172050334616e-01,-5.518458794942145834e-02,2.514596604334633501e-01,4.708145257926890093e-01,4.453121940695940473e-01,1.978657350222688127e-01,3.900435383890629160e-01,-1.889774846575917322e-01,5.623319757430799148e-01,-1.442640280568105171e-01,-3.272984489694091281e-01,8.776505754936023140e-02,1.000000000000000000e+00,2.676032366463735324e-01,1.561812813042695591e-01,5.304289067701611904e-01,9.400544761279199663e-03,-1.062568546754067977e-01,3.594475944685315838e-01,-2.226663971299326639e-01,4.992132483381979680e-01
-2.635609649185436387e-01,3.905019208484407089e-01,-1.347440793531998748e-01,-4.106277183003438913e-01,-8.086463147991949929e-02,4.993180131882893336e-01,-3.671164137322103782e-01,3.460904996804971268e-02,-1.183338073352511732e-01,-2.160420881013668665e-02,-5.242650589481753776e-02,1.908409612731625515e-01,-1.871178187955973293e-01,-9.915717708947462128e-02,-4.409158762914291985e-01,-1.925043865978535162e-01,7.724509331820363922e-01,-2.892449434020150645e-01,-2.181178805414315247e-01,-3.861438786461828809e-01,1.054168324842157112e-01,1.038136886551125210e-01,3.635441413431502733e-01,1.895980992304459878e-01,1.516410033094635623e-01,-2.608237764560962235e-01,3.037157183128100790e-01,-4.052176370534737448e-01,-1.872076895501889882e-01,-7.378983057038447646e-02,2.676032366463735324e-01,1.000000000000000000e+00,-2.374370413273346192e-01,5.897584656991995689e-02,-2.340609272074851699e-01,-1.492881954457576654e-01,1.944488126242275294e-01,-2.419884689253773979e-01,3.002002942294121901e-01
3.964829185484486374e-01,-3.080757950021660307e-01,4.953928112099120207e-01,6.281207166145463816e-01,2.682772530509501263e-01,-1.913476193189695973e-01,6.157641820811424749e-01,-2.957767288047279397e-01,5.107820061033409020e-01,4.473011477461646401e-01,2.170606011707793270e-01,-1.070852377148395207e-01,-9.655904378789283149e-02,4.787288944577720584e-01,4.931729819689211758e-01,6.652737738497007669e-01,-2.688084231703870008e-01,5.589183978049717672e-01,4.546458037308359068e-01,5.724867049636228611e-01,6.724989043451601312e-02,2.189800167515213447e-01,2.228756292253387603e-02,3.826807317341418546e-02,3.167725238814270705e-01,6.483468152034195242e-01,-1.032937068684868231e-01,7.302893491016440031e-01,5.569955716056420592e-01,6.465986568909311005e-01,1.561812813042695591e-01,-2.374370413273346192e-01,1.000000000000000000e+00,2.773378991789965942e-01,3.807565934318400958e-01,3.898717509145604443e-01,-1.622548678191569338e-01,5.036538882967432906e-01,-1.953421704157383698e-01
1.739722515937648928e-01,3.525863627811649526e-01,6.611427238504438142e-01,3.040952787336230756e-01,6.207416144270203606e-01,1.356207337106354882e-01,2.464795543420355006e-01,-6.728879102889167019e-01,5.079181031357422604e-01,5.529397172674138661e-01,1.494549067631934514e-01,3.564864579114253029e-01,-3.228540960778147340e-01,3.374445791793176941e-01,7.328498286986795569e-03,4.208562408827578039e-01,-1.392298782498954390e-01,5.554304342131539673e-01,6.263508983615517778e-01,1.933946317415505267e-01,1.057073253830984050e-01,2.020617580445761563e-01,2.983214735312910704e-01,1.947006146523103109e-02,4.228364010826717867e-01,3.194328950434511816e-01,2.138647924669121736e-01,2.556382084890295170e-01,1.492422451667024530e-01,4.419882274914108677e-01,5.304289067701611904e-01,5.897584656991995689e-02,2.773378991789965942e-01,1.000000000000000000e+00,1.342330012963121322e-01,2.992248718057630708e-01,2.007246540480372987e-01,2.707126175658551293e-01,4.232378375668520154e-01
1.037041459668061744e-01,-2.545761799913752177e-01,-8.449190748853070698e-02,2.451041205517555388e-01,1.459295306091498018e-02,-1.630700331968591155e-01,2.227538565106017276e-01,2.025463331409885492e-01,1.611181051024506983e-01,9.778033984651295085e-02,-1.271434584103501610e-02,-1.037954209384013698e-01,-1.564066592192020141e-02,5.503173423212633919e-01,3.992300840429169329e-01,1.410092651843976030e-01,-2.530553069328679294e-01,2.702095493787507463e-01,2.072813831022048137e-01,4.652008236570456812e-02,-2.221418187637305142e-01,1.364902789201570543e-02,8.916835901470203385e-02,3.085449184266739753e-01,1.784673849947885915e-01,1.571198596534859881e-01,-1.225961643082117275e-01,2.873361861402429218e-01,1.729334924932919848e-01,8.099364736928182928e-02,9.400544761279199663e-03,-2.340609272074851699e-01,3.807565934318400958e-01,1.342330012963121322e-01,1.000000000000000000e+00,-5.111600241154354296e-02,4.344749799683517710e-01,8.090631327308757392e-02,-1.785377652160833606e-01
6.811776550391539509e-01,-1.694588552341057958e-02,5.321189147868163882e-01,5.936497980870094615e-01,6.625482757567913161e-01,-2.454820959081535636e-01,5.264815985569718526e-01,-5.415613243985430980e-01,6.777986995874033527e-01,3.785243179842566752e-01,2.265270036366310302e-01,-2.430162265833163693e-01,1.187851173652493680e-01,1.702817213462453350e-01,3.323613119171601737e-01,5.871918439097912890e-01,-3.936283750522516223e-01,5.312999486174273533e-01,3.757197183172862331e-01,4.046624556401226536e-01,-2.821805369860466706e-01,-3.500614181368029709e-01,-3.411686922937555710e-01,-4.236246242912603543e-01,1.087004359932013976e-02,6.227998207533139707e-01,-4.588058796737503608e-01,6.057846804330351276e-01,6.583732496027082659e-01,5.638620221724673920e-01,-1.062568546754067977e-01,-1.492881954457576654e-01,3.898717509145604443e-01,2.992248718057630708e-01,-5.111600241154354296e-02,1.000000000000000000e+00,-4.594901430569279244e-01,7.153281062472411911e-01,4.093517023826290929e-02
-4.892241295451524308e-01,3.664030055141525022e-01,-2.374905152788978624e-01,-3.932535593913977778e-01,-1.494041968800171316e-01,2.975691495220636473e-01,-3.389263378110493607e-01,2.245239224129439437e-01,-2.656563874719913843e-01,8.674596462603229030e-02,-1.715358607899881427e-01,5.022602423514332948e-01,-2.397504105604807978e-01,3.731082571754898436e-01,-2.828006320457732148e-01,-2.778411255586975548e-01,2.077156461850336588e-01,-2.466301346317031906e-01,2.263149528972931840e-02,-3.468222288736421688e-01,1.194234118361591074e-01,4.325892869895043846e-01,5.845850951545097374e-01,5.250121321397722696e-01,2.526372846095506497e-01,-4.670617512333192223e-01,5.616521431650953744e-01,-4.587748356533018490e-01,-5.821353100008335169e-01,-2.956517179482782143e-01,3.594475944685315838e-01,1.944488126242275294e-01,-1.622548678191569338e-01,2.007246540480372987e-01,4.344749799683517710e-01,-4.594901430569279244e-01,1.000000000000000000e+00,-5.291112536242943420e-01,3.573095184959894088e-01
7.328691322720211065e-01,-2.410200919179605883e-01,4.676005438579953766e-01,6.124042314059280345e-01,5.752280672615190937e-01,-2.245606177663215797e-01,4.654838454259205283e-01,-4.440103043169471575e-01,6.986927327674880006e-01,4.368613484549281889e-01,2.375761013443600800e-01,-2.881562486650002253e-01,2.153224036071674785e-01,1.042602002192184601e-01,5.704774939983148219e-01,7.069537065420737898e-01,-3.975067588604752067e-01,5.854422149938363074e-01,2.840220793878900918e-01,4.288118079992561671e-01,-2.673036007395851454e-01,-4.339794714010265508e-01,-3.293341340806599238e-01,-3.701314794645957362e-01,6.447413977607124869e-02,7.906792585733508627e-01,-5.212731405240093041e-01,7.275057823821620140e-01,7.983653977696968385e-01,6.297038157235482769e-01,-2.226663971299326639e-01,-2.419884689253773979e-01,5.036538882967432906e-01,2.707126175658551293e-01,8.090631327308757392e-02,7.153281062472411911e-01,-5.291112536242943420e-01,1.000000000000000000e+00,-5.400337425355533627e-02
-1.908536871238542543e-01,6.152779651848412357e-01,1.676889797775281965e-01,-2.831695967182009110e-01,2.736750881181853057e-01,1.309957004949924009e-01,-2.592785653904547405e-01,-2.941588208418561279e-01,1.122624106736219013e-01,4.316942629466283265e-01,3.848439548641587743e-02,5.541121901605472466e-01,-3.589963484467026955e-01,7.753183744702250857e-02,-4.977682593980369274e-01,-9.275891559670000966e-03,1.237170660620320745e-01,-8.849723634361320035e-02,1.165103750318959852e-01,-3.169750916610424296e-01,6.772891772702126223e-02,1.556623196841623313e-01,3.882383349791247995e-01,-2.475841054868236496e-02,3.003362088766541316e-01,-2.265420357078425651e-01,5.073627192386030993e-01,-3.457913359010827414e-01,-3.600059199395271303e-01,-1.294872179706403701e-03,4.992132483381979680e-01,3.002002942294121901e-01,-1.953421704157383698e-01,4.232378375668520154e-01,-1.785377652160833606e-01,4.093517023826290929e-02,3.573095184959894088e-01,-5.400337425355533627e-02,1.000000000000000000e+00
