1.000000000000000000e+00,6.989319898867013547e-01,2.847177171831649645e-01,1.465746187801627021e-01,2.090700136974568413e-01,4.062113820162174121e-02,1.533947299032238365e-01,-2.508476833742135925e-01,2.519438566393563672e-01,6.918459935054106502e-01,-1.363671382163237911e-01,2.064916411753954795e-01,1.659031859486474192e-01,2.970051301202139560e-01,2.901573986698415264e-01,2.689985109223885784e-01,1.338283491570709249e-01,-4.034914836936420723e-02,7.375554466027393896e-02,3.240105895694200266e-01,2.214282633527831987e-02,3.256755116120651494e-01,3.277356138675895786e-02,1.570926966861748569e-02,2.930714544954228784e-01,5.980035558076205460e-01,3.142049231467274328e-01,3.733745038063745469e-01,2.607693373385221447e-01,4.109587929687736341e-01,5.220888559587727462e-02,3.148401091408192798e-01,3.237560515556278107e-01,2.861896508070574385e-01,4.146667911022405839e-01,4.549981088180936606e-01,2.606006411864409955e-01,5.130659120740014290e-01,5.307118580824278231e-01
6.989319898867013547e-01,1.000000000000000000e+00,1.216327836166077730e-01,2.464138389367137305e-01,1.874940361616800333e-01,1.848069423992040883e-01,7.514463269626122516e-03,-2.146165805195628662e-01,1.875052042752486381e-01,7.255817955569046074e-01,6.607425178854073322e-02,9.400422126333730227e-03,2.071357984047941247e-01,4.514034770210842429e-01,-1.748052966661451171e-02,4.385708479431562612e-01,6.855084069746490705e-02,-1.185364947516993478e-01,1.309013131518747819e-01,6.438203643832078604e-02,2.207427230070697910e-01,1.887867951231318175e-01,2.245750139889787222e-01,2.850351861559415889e-01,5.684634719533998570e-01,4.298223932585462648e-01,4.567050674575737212e-01,3.826293921778342599e-01,7.253788355106953467e-02,2.478461188074373711e-01,-6.922109256961206381e-02,5.129995665951538886e-01,1.800722057609354387e-01,2.504833899880061776e-01,3.890480397762178799e-01,2.071677050533784759e-01,4.968288270228080061e-01,2.317134412241959873e-01,6.060973633701026708e-01
2.847177171831649645e-01,1.216327836166077730e-01,1.000000000000000000e+00,4.140479321417626923e-02,5.628391363827288663e-01,2.265585013129895464e-01,5.830939088182411911e-01,-7.625948118317059654e-01,5.289626739472423900e-01,1.631117391805465833e-01,-5.986464284182402978e-02,3.647012874181948527e-01,-3.258370728462882115e-01,1.887486974626999270e-01,2.326721587819380876e-01,-1.527693426941195420e-01,-2.339509990737350387e-01,4.282931908501708129e-01,6.136167721213411919e-02,4.086902732666183313e-01,-7.926212628938308913e-02,3.159929222001752747e-01,-1.656744784212069721e-01,5.696443506771242671e-02,-1.595933622525754769e-01,4.381936126258716424e-01,2.398801895096590864e-01,1.521638481979844248e-01,4.299179122659271268e-01,6.167625921493856689e-01,5.880301151900440004e-01,-1.720451804640723281e-01,5.610471891963381141e-01,6.064534896342447245e-01,3.441965995416500501e-01,5.553698309682132406e-01,-2.441772896807158366e-01,3.588179941915395355e-01,1.877983996323060456e-01
1.465746187801627021e-01,2.464138389367137305e-01,4.140479321417626923e-02,1.000000000000000000e+00,3.416363962310639546e-01,-9.030925220041771673e-02,-1.845509186382541800e-01,-1.802445996164549480e-01,3.000362440089582861e-01,2.703963782531365601e-01,3.814220584272166037e-01,-2.940433468355166946e-01,5.402003861720157118e-01,3.606157391130678791e-01,-3.625921989659828815e-01,5.046847705090187208e-01,4.415614042974272402e-01,-1.116245768419499296e-01,6.189029033352543285e-01,1.275867636773112823e-01,4.856822638505713940e-01,2.123827836297224325e-01,5.350252649391010751e-01,3.187712060484002574e-01,4.243070737131551806e-01,-1.404514797329332876e-01,1.627775839582712991e-01,5.669797073766755791e-01,-3.308068172777836602e-01,-8.199640622622625385e-02,-4.123988109362378141e-01,5.918042419068232363e-01,-2.837904279472425739e-01,3.063324049905826185e-01,-6.576614298034666461e-02,-5.870547778206087336e-02,5.215447560764285839e-01,-1.390111555359900275e-01,2.160636035293419244e-01
2.090700136974568413e-01,1.874940361616800333e-01,5.628391363827288663e-01,3.416363962310639546e-01,1.000000000000000000e+00,1.178807694205481621e-01,2.976173472807973064e-01,-5.779538291247633408e-01,5.964299691344570054e-01,2.368568395534736137e-01,1.264620701582821749e-01,9.051776032789637938e-02,2.757074316632358336e-03,2.256813512202073824e-01,4.177947599111002386e-02,9.442089602345833665e-02,7.358708569172520142e-03,4.162972975062361192e-01,3.383510739997051542e-01,3.940359394777732116e-01,1.666985538086868668e-01,3.326925801331618304e-01,7.743760828875154156e-02,1.323410966480052520e-01,2.776965142740794867e-02,2.018582283138384559e-01,1.043096694549850295e-01,2.128180490422367788e-01,2.171699411059491436e-01,4.655659233570433320e-01,1.899282568990071363e-01,8.608003542221133453e-02,2.822462516139881972e-01,6.934773405564120807e-01,1.655451323800208874e-01,3.313371183952030785e-01,3.752306407249835635e-02,1.785362358615022182e-01,1.499115209010730421e-01
4.062113820162174121e-02,1.848069423992040883e-01,2.265585013129895464e-01,-9.030925220041771673e-02,1.178807694205481621e-01,1.000000000000000000e+00,2.219280137744612802e-01,-4.067374686414146900e-01,1.376302945341988937e-01,-6.781434900721662606e-02,3.831578405726641656e-01,3.134523430444345615e-02,-3.327813026370382565e-01,2.836567620787422417e-01,-3.527717693187345516e-01,-1.664753307778774755e-02,-3.723153689814321932e-01,2.285265202734015066e-01,-3.023826010941479958e-01,-2.373113306149435275e-01,3.012748352244993266e-01,9.199943123314315019e-02,1.236372959410572264e-01,4.852980148552156203e-01,1.811572597973850063e-01,4.598356287345280180e-02,5.499868421858615797e-01,-2.554386983029723890e-01,2.109584180545368837e-01,1.904024803390225173e-01,3.937106316780223381e-01,5.607788750344097628e-02,3.767822048137866586e-01,8.132297604716477724e-02,3.879422973056769197e-01,-4.453965346454390184e-02,1.030706173315471680e-01,6.674238841015085744e-02,1.612161897131060284e-01
1.533947299032238365e-01,7.514463269626122516e-03,5.830939088182411911e-01,-1.845509186382541800e-01,2.976173472807973064e-01,2.219280137744612802e-01,1.000000000000000000e+00,-4.261982388193149007e-01,3.652982000625152881e-01,6.755656057307664331e-02,-2.462193448405107510e-01,1.669708668441367838e-01,-4.155050240404816742e-01,-5.801745799126753131e-03,3.140593074187999489e-01,-3.071187263322360250e-01,-3.810135901404350656e-01,6.144932548706005804e-01,-2.153379775070239921e-01,3.513192959297674611e-01,-4.032093393091373268e-01,1.242241943546412986e-01,-4.060976248916274844e-01,-1.313101757224466037e-01,-3.787045741057470938e-01,4.601956175845782759e-01,1.020915952910036451e-01,-1.166605410599389492e-01,5.713291358833412215e-01,6.280043966329715843e-01,7.066933874221745793e-01,-4.091854586339681021e-01,6.313966270888254906e-01,1.720031947077311218e-01,4.722510017474003674e-01,4.205605214812301873e-01,-4.331969638173000514e-01,2.064683563199321004e-01,5.052217093006437093e-02
-2.508476833742135925e-01,-2.146165805195628662e-01,-7.625948118317059654e-01,-1.802445996164549480e-01,-5.779538291247633408e-01,-4.067374686414146900e-01,-4.261982388193149007e-01,1.000000000000000000e+00,-5.553788877219334452e-01,-1.608194112827408540e-01,-2.315730908752335060e-01,-1.946362147903984985e-01,2.913661194237351371e-01,-3.626410936486531011e-01,9.213476752684825188e-02,-6.969910392951057798e-02,2.001594061899632238e-01,-3.104441805274399946e-01,-1.598013143141898129e-01,-1.709423503499922503e-01,-1.983841024943141518e-01,-2.584239132722611632e-01,-1.219305493876458174e-01,-3.162317517434126701e-01,-9.403301716050804782e-02,-2.593849727513222181e-01,-4.761028493064041189e-01,-2.195119849149922975e-01,-2.073158847687185391e-01,-4.755745311610386494e-01,-4.832288510135008264e-01,-3.583245757229373135e-02,-4.351515074792665638e-01,-5.976887163571968919e-01,-3.080946353257509318e-01,-3.717599902640598697e-01,-3.770228409531158585e-03,-2.188791556726361054e-01,-3.236054386717796549e-01
2.519438566393563672e-01,1.875052042752486381e-01,5.289626739472423900e-01,3.000362440089582861e-01,5.964299691344570054e-01,1.376302945341988937e-01,3.652982000625152881e-01,-5.553788877219334452e-01,1.000000000000000000e+00,1.961674972419613638e-01,2.207477451614729969e-01,1.380788915385735005e-01,-3.299130794944798301e-02,3.201917167375658568e-01,1.165057214495022510e-02,2.733774015202202201e-01,-2.431872952344525662e-02,3.104630784671714716e-01,3.599959834656971669e-01,3.156975726075176847e-01,1.635293991624801879e-01,2.585584952283952465e-01,1.894032184875364955e-01,1.826174669712489762e-01,2.789551344236928382e-02,1.664725192546170907e-01,2.390674698975989998e-01,2.607801019373118812e-01,1.311022993455118746e-01,5.371679649865204187e-01,2.614875868782013391e-01,5.049490034675181704e-02,3.056883269640865985e-01,5.707077487634915069e-01,1.798607557211408248e-01,3.731371705642582137e-01,4.605617385730160357e-02,1.993056108730084375e-01,3.497992404390156684e-01
6.918459935054106502e-01,7.255817955569046074e-01,1.631117391805465833e-01,2.703963782531365601e-01,2.368568395534736137e-01,-6.781434900721662606e-02,6.755656057307664331e-02,-1.608194112827408540e-01,1.961674972419613638e-01,1.000000000000000000e+00,-9.287545492720754303e-02,4.244716332201569492e-02,2.977595253714755974e-01,3.279828808660923967e-01,1.661535646051798820e-01,3.860932318398941354e-01,2.116921930304420940e-01,-8.466635463990127008e-02,2.825359008377401615e-01,2.366108754971346928e-01,5.878181999034416683e-02,2.015311743308144110e-01,1.310378609003909622e-01,1.235063663913734677e-01,4.876594599411471220e-01,5.205241703575906875e-01,2.693057921943408095e-01,4.722407360515761821e-01,1.294235258356908336e-01,3.054809174666750504e-01,-9.986207873495997478e-02,4.714089703322979497e-01,2.093531059096804259e-01,2.783772528688190362e-01,3.888906147643510502e-01,3.188640679419704194e-01,4.354999676754114923e-01,2.247948253852042610e-01,5.156050334024371296e-01
-1.363671382163237911e-01,6.607425178854073322e-02,-5.986464284182402978e-02,3.814220584272166037e-01,1.264620701582821749e-01,3.831578405726641656e-01,-2.462193448405107510e-01,-2.315730908752335060e-01,2.207477451614729969e-01,-9.287545492720754303e-02,1.000000000000000000e+00,-3.376736538634855789e-01,8.659112291593722144e-02,3.411961266325014286e-01,-6.407143057607987968e-01,4.486430854864406070e-01,1.216778963223689586e-01,-1.883396111526992600e-01,2.934362172901955335e-01,-3.785396607729176743e-01,6.044204216324461365e-01,-4.887956424294111896e-02,6.120265669857231083e-01,5.445353032466374588e-01,4.276354002987927672e-01,-3.789828717714572304e-01,4.010040510991136897e-01,2.285747211986005334e-01,-4.363084562735209948e-01,-2.309838145717671709e-01,-1.831661159026262975e-01,4.090854305628578436e-01,-2.424406022702370878e-01,4.646072192150536850e-02,-7.752794140426344516e-02,-3.325806596794198544e-01,4.554211371005094100e-01,-2.544857394175413234e-01,2.016200659432725029e-01
2.064916411753954795e-01,9.400422126333730227e-03,3.647012874181948527e-01,-2.940433468355166946e-01,9.051776032789637938e-02,3.134523430444345615e-02,1.669708668441367838e-01,-1.946362147903984985e-01,1.380788915385735005e-01,4.244716332201569492e-02,-3.376736538634855789e-01,1.000000000000000000e+00,-2.835217342077727132e-01,-1.194627814577345487e-01,4.830204894947508487e-01,-3.563340479179961107e-01,-2.548919505619134385e-01,1.687665248922601835e-01,-3.215507644028313128e-01,3.186199465014130094e-01,-3.071790439794163108e-01,1.086180222814508434e-01,-3.901476815753903149e-01,-2.056029468224514489e-01,-2.876687762240076607e-01,3.491936053921700367e-01,1.410032602625995585e-02,-1.695875712567059823e-01,4.281338002741009174e-01,3.633825047696319643e-01,3.715738452013094828e-01,-3.272555933911431292e-01,3.846162457350954522e-01,2.745449348603215545e-01,1.296184699939683382e-01,4.313158946305597485e-01,-3.804935100944806803e-01,5.164401433686330867e-01,9.775097123776617380e-02
1.659031859486474192e-01,2.071357984047941247e-01,-3.258370728462882115e-01,5.402003861720157118e-01,2.757074316632358336e-03,-3.327813026370382565e-01,-4.155050240404816742e-01,2.913661194237351371e-01,-3.299130794944798301e-02,2.977595253714755974e-01,8.659112291593722144e-02,-2.835217342077727132e-01,1.000000000000000000e+00,2.285581152815608086e-01,-9.993088025052003498e-02,4.050538013654483294e-01,6.418264866644450839e-01,-2.971507018513391829e-01,4.507541103967379059e-01,1.894178605928093229e-01,2.894198751834864969e-01,2.348601125087962649e-01,3.535216370812918063e-01,6.080809857885986769e-02,3.477568732012990549e-01,-3.560961750045682495e-02,-1.603496370794310344e-01,4.331999290587426055e-01,-2.559396126413160388e-01,-2.727215620952588293e-01,-6.690269090013608588e-01,5.956259053782274604e-01,-3.307801652300442763e-01,-1.317933687598151112e-02,-3.333964265056663101e-02,-1.362289103354651920e-01,5.553129726074642614e-01,-4.115414005836100925e-02,4.361425439713288027e-02
2.970051301202139560e-01,4.514034770210842429e-01,1.887486974626999270e-01,3.606157391130678791e-01,2.256813512202073824e-01,2.836567620787422417e-01,-5.801745799126753131e-03,-3.626410936486531011e-01,3.201917167375658568e-01,3.279828808660923967e-01,3.411961266325014286e-01,-1.194627814577345487e-01,2.285581152815608086e-01,1.000000000000000000e+00,-2.898885936176667233e-01,4.512022014301194650e-01,1.528480586676166653e-01,-1.680272151437194050e-01,2.956769356678031757e-01,-1.072454056311054615e-01,4.027545511660595157e-01,1.383679229805512001e-01,5.390689617854658167e-01,5.803968173382659801e-01,5.259173971485973098e-01,1.056539063662341182e-01,4.408864877130959647e-01,4.588617957857386020e-01,-1.210821688662662848e-01,9.042001709928025599e-02,-7.731358144369371299e-02,5.314941809870677991e-01,3.192146571081532630e-02,2.589766597184371411e-01,2.605368802802773276e-01,1.238424489202555046e-01,5.163583864681224878e-01,6.514262647921213734e-02,3.558673284694570671e-01
2.901573986698415264e-01,-1.748052966661451171e-02,2.326721587819380876e-01,-3.625921989659828815e-01,4.177947599111002386e-02,-3.527717693187345516e-01,3.140593074187999489e-01,9.213476752684825188e-02,1.165057214495022510e-02,1.661535646051798820e-01,-6.407143057607987968e-01,4.830204894947508487e-01,-9.993088025052003498e-02,-2.898885936176667233e-01,1.000000000000000000e+00,-4.113626618798315593e-01,-5.829507850109375694e-02,2.198280165873686409e-01,-2.498544227898144010e-01,5.229007852481324381e-01,-6.376081697332112164e-01,1.189940117026519611e-01,-5.925697943069645479e-01,-5.182164478712362188e-01,-4.626848221372765746e-01,5.665133517483449399e-01,-3.944762088782846066e-01,-1.115866928134326974e-01,5.474399498439260769e-01,3.797065666388538263e-01,2.427593715797221330e-01,-4.132698654892565937e-01,3.658601105603875858e-01,9.308507449940854606e-02,1.912069621967825150e-01,5.240392003652304398e-01,-4.565942152096552076e-01,5.358374447257271411e-01,-1.331921786717692180e-01
2.689985109223885784e-01,4.385708479431562612e-01,-1.527693426941195420e-01,5.046847705090187208e-01,9.442089602345833665e-02,-1.664753307778774755e-02,-3.071187263322360250e-01,-6.969910392951057798e-02,2.733774015202202201e-01,3.860932318398941354e-01,4.486430854864406070e-01,-3.563340479179961107e-01,4.050538013654483294e-01,4.512022014301194650e-01,-4.113626618798315593e-01,1.000000000000000000e+00,3.730269512171388024e-01,-4.149438771640661661e-01,4.982440570057612428e-01,-2.190074631495672330e-01,5.028751217447625654e-01,-4.786462235177014329e-02,7.006382260135574080e-01,4.152417671966363577e-01,6.583719992390780762e-01,-1.888476527738948418e-01,3.964072444869065626e-01,5.749284582498118690e-01,-5.606233831382831934e-01,-1.750865281831420761e-01,-4.344742238954590885e-01,6.404056319691316945e-01,-3.496929406605844837e-01,1.023329940011105388e-01,-1.357005786981351769e-01,-9.380017877529149561e-02,6.767411199685554601e-01,-1.308025330300617295e-01,4.394824793713370537e-01
1.338283491570709249e-01,6.855084069746490705e-02,-2.339509990737350387e-01,4.415614042974272402e-01,7.358708569172520142e-03,-3.723153689814321932e-01,-3.810135901404350656e-01,2.001594061899632238e-01,-2.431872952344525662e-02,2.116921930304420940e-01,1.216778963223689586e-01,-2.548919505619134385e-01,6.418264866644450839e-01,1.528480586676166653e-01,-5.829507850109375694e-02,3.730269512171388024e-01,1.000000000000000000e+00,-2.793449775519101785e-01,4.575568957014234939e-01,1.585143995748695966e-01,2.438732651658666872e-01,2.431923182307142162e-01,3.327119151326666247e-01,-7.215058643847890862e-02,2.240155734109519348e-01,-7.205164203037357773e-02,-1.813476450060521050e-01,4.684057726367326646e-01,-3.208934782571676858e-01,-2.584589413369220989e-01,-5.693454399017127132e-01,4.728345772938294389e-01,-3.642030750450579446e-01,-8.535235209917979224e-03,-1.542212633395220744e-01,-8.419960303023174553e-02,4.179828724789024230e-01,1.078444387049277194e-03,-1.009699075616820804e-02
-4.034914836936420723e-02,-1.185364947516993478e-01,4.282931908501708129e-01,-1.116245768419499296e-01,4.162972975062361192e-01,2.285265202734015066e-01,6.144932548706005804e-01,-3.104441805274399946e-01,3.104630784671714716e-01,-8.466635463990127008e-02,-1.883396111526992600e-01,1.687665248922601835e-01,-2.971507018513391829e-01,-1.680272151437194050e-01,2.198280165873686409e-01,-4.149438771640661661e-01,-2.793449775519101785e-01,1.000000000000000000e+00,-1.964948349478128353e-01,4.498928475866195709e-01,-2.768172302817541452e-01,3.046034763949099222e-01,-4.807896913526000793e-01,-2.062557751767049585e-01,-4.835639867505218681e-01,2.803482168384048845e-01,-1.345016670019135441e-01,-3.631385367408818121e-01,6.017941490333148513e-01,5.585904057864722327e-01,5.407414802450271063e-01,-4.391389847817090408e-01,5.668648588516395082e-01,2.445959650498245042e-01,3.381317430928401091e-01,2.564580147694339174e-01,-4.484407038358608766e-01,6.304084310469447450e-02,-1.646185593094180999e-01
7.375554466027393896e-02,1.309013131518747819e-01,6.136167721213411919e-02,6.189029033352543285e-01,3.383510739997051542e-01,-3.023826010941479958e-01,-2.153379775070239921e-01,-1.598013143141898129e-01,3.599959834656971669e-01,2.825359008377401615e-01,2.934362172901955335e-01,-3.215507644028313128e-01,4.507541103967379059e-01,2.956769356678031757e-01,-2.498544227898144010e-01,4.982440570057612428e-01,4.575568957014234939e-01,-1.964948349478128353e-01,1.000000000000000000e+00,8.545198241539146700e-02,3.822605050480354927e-01,1.404435526873751006e-01,4.871319404022964594e-01,1.963811896294894999e-01,3.784748317698653497e-01,-1.569066299436344403e-01,6.226959223229622080e-03,5.721746816420506532e-01,-3.845224735527679183e-01,-5.319702585069011058e-02,-3.793950099764066830e-01,4.627338864667691065e-01,-2.768720582272055086e-01,3.508189663742503073e-01,-1.631120119639484223e-01,-2.027003024374692680e-02,4.425645688212601070e-01,-2.356474200711714262e-01,1.797239455913802741e-01
3.240105895694200266e-01,6.438203643832078604e-02,4.086902732666183313e-01,1.275867636773112823e-01,3.940359394777732116e-01,-2.373113306149435275e-01,3.513192959297674611e-01,-1.709423503499922503e-01,3.156975726075176847e-01,2.366108754971346928e-01,-3.785396607729176743e-01,3.186199465014130094e-01,1.894178605928093229e-01,-1.072454056311054615e-01,5.229007852481324381e-01,-2.190074631495672330e-01,1.585143995748695966e-01,4.498928475866195709e-01,8.545198241539146700e-02,1.000000000000000000e+00,-2.272946315237235337e-01,5.754252286676295736e-01,-4.018578302552403003e-01,-4.112468782356124564e-01,-3.636817392267571170e-01,4.786572536807798262e-01,-3.169767823544521468e-01,7.416817699997828306e-02,5.213141314081330968e-01,5.231285236976813691e-01,1.593931732248026201e-01,-1.469189454046648524e-01,3.964825074677558181e-01,4.033315019800972623e-01,2.390916552999018674e-01,4.742479638981847434e-01,-2.570852881698698078e-01,4.081533566328032214e-01,-6.268235769613021702e-02
2.214282633527831987e-02,2.207427230070697910e-01,-7.926212628938308913e-02,4.856822638505713940e-01,1.666985538086868668e-01,3.012748352244993266e-01,-4.032093393091373268e-01,-1.983841024943141518e-01,1.635293991624801879e-01,5.878181999034416683e-02,6.044204216324461365e-01,-3.071790439794163108e-01,2.894198751834864969e-01,4.027545511660595157e-01,-6.376081697332112164e-01,5.028751217447625654e-01,2.438732651658666872e-01,-2.768172302817541452e-01,3.822605050480354927e-01,-2.272946315237235337e-01,1.000000000000000000e+00,2.593629774142282018e-01,6.388797511986787914e-01,4.952659715287665576e-01,5.252999697088621689e-01,-3.589056164241455349e-01,3.714669523201804546e-01,2.712410988996385997e-01,-4.227343738889513536e-01,-1.988989656535178341e-01,-3.564551984554063524e-01,5.777456315254837493e-01,-2.539533495321901757e-01,2.511270554954598277e-01,-1.544955222499137526e-01,-2.574291696543882235e-01,5.648915375399743422e-01,-1.538991390627102718e-01,2.246859116665552714e-01
3.256755116120651494e-01,1.887867951231318175e-01,3.159929222001752747e-01,2.123827836297224325e-01,3.326925801331618304e-01,9.199943123314315019e-02,1.242241943546412986e-01,-2.584239132722611632e-01,2.585584952283952465e-01,2.015311743308144110e-01,-4.887956424294111896e-02,1.086180222814508434e-01,2.348601125087962649e-01,1.383679229805512001e-01,1.189940117026519611e-01,-4.786462235177014329e-02,2.431923182307142162e-01,3.046034763949099222e-01,1.404435526873751006e-01,5.754252286676295736e-01,2.593629774142282018e-01,1.000000000000000000e+00,-1.048307099452966129e-01,-1.360394299795291695e-01,-9.200005993051062203e-02,2.950370394782225181e-01,-6.269379174345350580e-02,5.527046791027021705e-02,3.535729910416490762e-01,3.886217080214833253e-01,5.103162480935916762e-02,1.221242258003916586e-01,3.180469454668407026e-01,4.313496184477612072e-01,2.335011757956341749e-01,2.900543611221009233e-01,1.967699494394498788e-02,3.073490995009148796e-01,6.224572218086988490e-02
3.277356138675895786e-02,2.245750139889787222e-01,-1.656744784212069721e-01,5.350252649391010751e-01,7.743760828875154156e-02,1.236372959410572264e-01,-4.060976248916274844e-01,-1.219305493876458174e-01,1.894032184875364955e-01,1.310378609003909622e-01,6.120265669857231083e-01,-3.901476815753903149e-01,3.535216370812918063e-01,5.390689617854658167e-01,-5.925697943069645479e-01,7.006382260135574080e-01,3.327119151326666247e-01,-4.807896913526000793e-01,4.871319404022964594e-01,-4.018578302552403003e-01,6.388797511986787914e-01,-1.048307099452966129e-01,1.000000000000000000e+00,5.883891082412940898e-01,6.462954318652669450e-01,-3.867742843681496456e-01,4.089389550002243690e-01,4.946211736361063593e-01,-6.215236177631149328e-01,-3.293952083003631737e-01,-4.555440856856151077e-01,6.512268126888866027e-01,-4.437984429086793692e-01,7.743426487966846572e-02,-1.916960358330240255e-01,-2.394494235345953070e-01,6.724480653266109442e-01,-1.954064263833354131e-01,2.948564429965701561e-01
1.570926966861748569e-02,2.850351861559415889e-01,5.696443506771242671e-02,3.187712060484002574e-01,1.323410966480052520e-01,4.852980148552156203e-01,-1.313101757224466037e-01,-3.162317517434126701e-01,1.826174669712489762e-01,1.235063663913734677e-01,5.445353032466374588e-01,-2.056029468224514489e-01,6.080809857885986769e-02,5.803968173382659801e-01,-5.182164478712362188e-01,4.152417671966363577e-01,-7.215058643847890862e-02,-2.062557751767049585e-01,1.963811896294894999e-01,-4.112468782356124564e-01,4.952659715287665576e-01,-1.360394299795291695e-01,5.883891082412940898e-01,1.000000000000000000e+00,6.060370601391066314e-01,-1.260534259072735863e-01,5.496092015547282550e-01,2.181945264475089186e-01,-2.534403544223155502e-01,-1.391817175349279456e-01,-8.411456997194217966e-02,4.990939638391163058e-01,-4.973188007517821696e-02,1.480495774923785424e-01,1.479688717407331711e-01,-1.268117326078861129e-01,5.394717991985219507e-01,-1.368001711316335356e-01,2.480886565128142263e-01
2.930714544954228784e-01,5.684634719533998570e-01,-1.595933622525754769e-01,4.243070737131551806e-01,2.776965142740794867e-02,1.811572597973850063e-01,-3.787045741057470938e-01,-9.403301716050804782e-02,2.789551344236928382e-02,4.876594599411471220e-01,4.276354002987927672e-01,-2.876687762240076607e-01,3.477568732012990549e-01,5.259173971485973098e-01,-4.626848221372765746e-01,6.583719992390780762e-01,2.240155734109519348e-01,-4.835639867505218681e-01,3.784748317698653497e-01,-3.636817392267571170e-01,5.252999697088621689e-01,-9.200005993051062203e-02,6.462954318652669450e-01,6.060370601391066314e-01,1.000000000000000000e+00,-5.643150042573140401e-02,5.226211007977411560e-01,4.919342831988146036e-01,-4.332982095604517858e-01,-2.501116835580441955e-01,-3.875480158078196125e-01,7.467077809351291284e-01,-2.551720684061760669e-01,8.180312783639620555e-02,6.974629445695543217e-02,-1.670293026997170249e-01,7.733489711244415643e-01,-1.477412853680523941e-01,4.600058858624495040e-01
5.980035558076205460e-01,4.298223932585462648e-01,4.381936126258716424e-01,-1.404514797329332876e-01,2.018582283138384559e-01,4.598356287345280180e-02,4.601956175845782759e-01,-2.593849727513222181e-01,1.664725192546170907e-01,5.205241703575906875e-01,-3.789828717714572304e-01,3.491936053921700367e-01,-3.560961750045682495e-02,1.056539063662341182e-01,5.665133517483449399e-01,-1.888476527738948418e-01,-7.205164203037357773e-02,2.803482168384048845e-01,-1.569066299436344403e-01,4.786572536807798262e-01,-3.589056164241455349e-01,2.950370394782225181e-01,-3.867742843681496456e-01,-1.260534259072735863e-01,-5.643150042573140401e-02,1.000000000000000000e+00,1.049856611040450582e-01,1.187193425836236549e-01,6.367316591253319169e-01,5.252903899707924706e-01,3.700072740110307845e-01,-2.695586998572268092e-02,6.265595414068759750e-01,2.234786589933707712e-01,6.564713211725072828e-01,5.189476772619215916e-01,-7.397862413557815264e-02,5.293237679600999446e-01,2.478268795040552142e-01
3.142049231467274328e-01,4.567050674575737212e-01,2.398801895096590864e-01,1.627775839582712991e-01,1.043096694549850295e-01,5.499868421858615797e-01,1.020915952910036451e-01,-4.761028493064041189e-01,2.390674698975989998e-01,2.693057921943408095e-01,4.010040510991136897e-01,1.410032602625995585e-02,-1.603496370794310344e-01,4.408864877130959647e-01,-3.944762088782846066e-01,3.964072444869065626e-01,-1.813476450060521050e-01,-1.345016670019135441e-01,6.226959223229622080e-03,-3.169767823544521468e-01,3.714669523201804546e-01,-6.269379174345350580e-02,4.089389550002243690e-01,5.496092015547282550e-01,5.226211007977411560e-01,1.049856611040450582e-01,1.000000000000000000e+00,2.594147935576694430e-01,-1.247225465002001071e-01,7.662149676348369021e-02,2.093070683830983714e-01,3.610419520307537322e-01,1.691253331697729900e-01,1.409608321882006576e-01,2.942615005971237485e-01,2.837778062633911774e-02,3.876321255238791008e-01,9.773913400485687020e-02,5.733350426490808616e-01
3.733745038063745469e-01,3.826293921778342599e-01,1.521638481979844248e-01,5.669797073766755791e-01,2.128180490422367788e-01,-2.554386983029723890e-01,-1.166605410599389492e-01,-2.195119849149922975e-01,2.607801019373118812e-01,4.722407360515761821e-01,2.285747211986005334e-01,-1.695875712567059823e-01,4.331999290587426055e-01,4.588617957857386020e-01,-1.115866928134326974e-01,5.749284582498118690e-01,4.684057726367326646e-01,-3.631385367408818121e-01,5.721746816420506532e-01,7.416817699997828306e-02,2.712410988996385997e-01,5.527046791027021705e-02,4.946211736361063593e-01,2.181945264475089186e-01,4.919342831988146036e-01,1.187193425836236549e-01,2.594147935576694430e-01,1.000000000000000000e+00,-3.529173377110231824e-01,-6.425709862103198833e-02,-3.080061667133671133e-01,5.836960791920721148e-01,-2.199684593487544748e-01,2.316978855188294439e-01,2.480664816182092877e-02,1.300159717962449668e-01,5.112053790873848369e-01,4.620805519327731564e-02,3.804800384018248716e-01
2.607693373385221447e-01,7.253788355106953467e-02,4.299179122659271268e-01,-3.308068172777836602e-01,2.171699411059491436e-01,2.109584180545368837e-01,5.713291358833412215e-01,-2.073158847687185391e-01,1.311022993455118746e-01,1.294235258356908336e-01,-4.363084562735209948e-01,4.281338002741009174e-01,-2.559396126413160388e-01,-1.210821688662662848e-01,5.474399498439260769e-01,-5.606233831382831934e-01,-3.208934782571676858e-01,6.017941490333148513e-01,-3.845224735527679183e-01,5.213141314081330968e-01,-4.227343738889513536e-01,3.535729910416490762e-01,-6.215236177631149328e-01,-2.534403544223155502e-01,-4.332982095604517858e-01,6.367316591253319169e-01,-1.247225465002001071e-01,-3.529173377110231824e-01,1.000000000000000000e+00,6.205635471088918331e-01,5.486328214440512330e-01,-3.861739446238262041e-01,7.325463788347736926e-01,1.917211312685261071e-01,5.872960836795635409e-01,4.372553887388344052e-01,-4.253812236836920224e-01,4.459688413726946576e-01,-7.832772740723141502e-02
4.109587929687736341e-01,2.478461188074373711e-01,6.167625921493856689e-01,-8.199640622622625385e-02,4.655659233570433320e-01,1.904024803390225173e-01,6.280043966329715843e-01,-4.755745311610386494e-01,5.371679649865204187e-01,3.054809174666750504e-01,-2.309838145717671709e-01,3.633825047696319643e-01,-2.727215620952588293e-01,9.042001709928025599e-02,3.797065666388538263e-01,-1.750865281831420761e-01,-2.584589413369220989e-01,5.585904057864722327e-01,-5.319702585069011058e-02,5.231285236976813691e-01,-1.988989656535178341e-01,3.886217080214833253e-01,-3.293952083003631737e-01,-1.391817175349279456e-01,-2.501116835580441955e-01,5.252903899707924706e-01,7.662149676348369021e-02,-6.425709862103198833e-02,6.205635471088918331e-01,1.000000000000000000e+00,5.545833337478142111e-01,-2.626884513072282878e-01,6.597421127903136950e-01,4.756622196686029480e-01,4.399924586655224457e-01,5.563913871333099337e-01,-3.072767304753473150e-01,3.876673737473551595e-01,2.289040009087743854e-01
5.220888559587727462e-02,-6.922109256961206381e-02,5.880301151900440004e-01,-4.123988109362378141e-01,1.899282568990071363e-01,3.937106316780223381e-01,7.066933874221745793e-01,-4.832288510135008264e-01,2.614875868782013391e-01,-9.986207873495997478e-02,-1.831661159026262975e-01,3.715738452013094828e-01,-6.690269090013608588e-01,-7.731358144369371299e-02,2.427593715797221330e-01,-4.344742238954590885e-01,-5.693454399017127132e-01,5.407414802450271063e-01,-3.793950099764066830e-01,1.593931732248026201e-01,-3.564551984554063524e-01,5.103162480935916762e-02,-4.555440856856151077e-01,-8.411456997194217966e-02,-3.875480158078196125e-01,3.700072740110307845e-01,2.093070683830983714e-01,-3.080061667133671133e-01,5.486328214440512330e-01,5.545833337478142111e-01,1.000000000000000000e+00,-5.407147272655895565e-01,6.585205075242513972e-01,1.703069313517402150e-01,4.007053456095346355e-01,3.487100450883015568e-01,-5.318343570819107358e-01,2.056014741962548797e-01,7.141970096788449740e-02
3.148401091408192798e-01,5.129995665951538886e-01,-1.720451804640723281e-01,5.918042419068232363e-01,8.608003542221133453e-02,5.607788750344097628e-02,-4.091854586339681021e-01,-3.583245757229373135e-02,5.049490034675181704e-02,4.714089703322979497e-01,4.090854305628578436e-01,-3.272555933911431292e-01,5.956259053782274604e-01,5.314941809870677991e-01,-4.132698654892565937e-01,6.404056319691316945e-01,4.728345772938294389e-01,-4.391389847817090408e-01,4.627338864667691065e-01,-1.469189454046648524e-01,5.777456315254837493e-01,1.221242258003916586e-01,6.512268126888866027e-01,4.990939638391163058e-01,7.467077809351291284e-01,-2.695586998572268092e-02,3.610419520307537322e-01,5.836960791920721148e-01,-3.861739446238262041e-01,-2.626884513072282878e-01,-5.407147272655895565e-01,1.000000000000000000e+00,-2.814939748940875064e-01,1.075617273093288362e-01,9.197337164107202701e-02,-1.619309874799273463e-01,8.164742514778943194e-01,-6.072838216096455854e-02,3.439602858611821579e-01
3.237560515556278107e-01,1.800722057609354387e-01,5.610471891963381141e-01,-2.837904279472425739e-01,2.822462516139881972e-01,3.767822048137866586e-01,6.313966270888254906e-01,-4.351515074792665638e-01,3.056883269640865985e-01,2.093531059096804259e-01,-2.424406022702370878e-01,3.846162457350954522e-01,-3.307801652300442763e-01,3.192146571081532630e-02,3.658601105603875858e-01,-3.496929406605844837e-01,-3.642030750450579446e-01,5.668648588516395082e-01,-2.768720582272055086e-01,3.964825074677558181e-01,-2.539533495321901757e-01,3.180469454668407026e-01,-4.437984429086793692e-01,-4.973188007517821696e-02,-2.551720684061760669e-01,6.265595414068759750e-01,1.691253331697729900e-01,-2.199684593487544748e-01,7.325463788347736926e-01,6.597421127903136950e-01,6.585205075242513972e-01,-2.814939748940875064e-01,1.000000000000000000e+00,2.787410068862682944e-01,6.500549929571776131e-01,4.376428738632345827e-01,-2.767763879743823097e-01,3.755817315569425774e-01,1.160368988544687313e-01
2.861896508070574385e-01,2.504833899880061776e-01,6.064534896342447245e-01,3.063324049905826185e-01,6.934773405564120807e-01,8.132297604716477724e-02,1.720031947077311218e-01,-5.976887163571968919e-01,5.707077487634915069e-01,2.783772528688190362e-01,4.646072192150536850e-02,2.745449348603215545e-01,-1.317933687598151112e-02,2.589766597184371411e-01,9.308507449940854606e-02,1.023329940011105388e-01,-8.535235209917979224e-03,2.445959650498245042e-01,3.508189663742503073e-01,4.033315019800972623e-01,2.511270554954598277e-01,4.313496184477612072e-01,7.743426487966846572e-02,1.480495774923785424e-01,8.180312783639620555e-02,2.234786589933707712e-01,1.409608321882006576e-01,2.316978855188294439e-01,1.917211312685261071e-01,4.756622196686029480e-01,1.703069313517402150e-01,1.075617273093288362e-01,2.787410068862682944e-01,1.000000000000000000e+00,6.656053793039147515e-02,4.389264696866759241e-01,3.456465640378580950e-02,2.783637162600024473e-01,2.277138959732072643e-01
4.146667911022405839e-01,3.890480397762178799e-01,3.441965995416500501e-01,-6.576614298034666461e-02,1.655451323800208874e-01,3.879422973056769197e-01,4.722510017474003674e-01,-3.080946353257509318e-01,1.798607557211408248e-01,3.888906147643510502e-01,-7.752794140426344516e-02,1.296184699939683382e-01,-3.333964265056663101e-02,2.605368802802773276e-01,1.912069621967825150e-01,-1.357005786981351769e-01,-1.542212633395220744e-01,3.381317430928401091e-01,-1.631120119639484223e-01,2.390916552999018674e-01,-1.544955222499137526e-01,2.335011757956341749e-01,-1.916960358330240255e-01,1.479688717407331711e-01,6.974629445695543217e-02,6.564713211725072828e-01,2.942615005971237485e-01,2.480664816182092877e-02,5.872960836795635409e-01,4.399924586655224457e-01,4.007053456095346355e-01,9.197337164107202701e-02,6.500549929571776131e-01,6.656053793039147515e-02,1.000000000000000000e+00,2.377490744619707441e-01,9.666754486788911582e-02,2.957615797350698905e-01,2.560287121877088956e-01
4.549981088180936606e-01,2.071677050533784759e-01,5.553698309682132406e-01,-5.870547778206087336e-02,3.313371183952030785e-01,-4.453965346454390184e-02,4.205605214812301873e-01,-3.717599902640598697e-01,3.731371705642582137e-01,3.188640679419704194e-01,-3.325806596794198544e-01,4.313158946305597485e-01,-1.362289103354651920e-01,1.238424489202555046e-01,5.240392003652304398e-01,-9.380017877529149561e-02,-8.419960303023174553e-02,2.564580147694339174e-01,-2.027003024374692680e-02,4.742479638981847434e-01,-2.574291696543882235e-01,2.900543611221009233e-01,-2.394494235345953070e-01,-1.268117326078861129e-01,-1.670293026997170249e-01,5.189476772619215916e-01,2.837778062633911774e-02,1.300159717962449668e-01,4.372553887388344052e-01,5.563913871333099337e-01,3.487100450883015568e-01,-1.619309874799273463e-01,4.376428738632345827e-01,4.389264696866759241e-01,2.377490744619707441e-01,1.000000000000000000e+00,-2.306153122588843474e-01,4.923499520745877045e-01,1.561860741050987988e-01
2.606006411864409955e-01,4.968288270228080061e-01,-2.441772896807158366e-01,5.215447560764285839e-01,3.752306407249835635e-02,1.030706173315471680e-01,-4.331969638173000514e-01,-3.770228409531158585e-03,4.605617385730160357e-02,4.354999676754114923e-01,4.554211371005094100e-01,-3.804935100944806803e-01,5.553129726074642614e-01,5.163583864681224878e-01,-4.565942152096552076e-01,6.767411199685554601e-01,4.179828724789024230e-01,-4.484407038358608766e-01,4.425645688212601070e-01,-2.570852881698698078e-01,5.648915375399743422e-01,1.967699494394498788e-02,6.724480653266109442e-01,5.394717991985219507e-01,7.733489711244415643e-01,-7.397862413557815264e-02,3.876321255238791008e-01,5.112053790873848369e-01,-4.253812236836920224e-01,-3.072767304753473150e-01,-5.318343570819107358e-01,8.164742514778943194e-01,-2.767763879743823097e-01,3.456465640378580950e-02,9.666754486788911582e-02,-2.306153122588843474e-01,1.000000000000000000e+00,-1.354937449980214426e-01,3.466192902399153342e-01
5.130659120740014290e-01,2.317134412241959873e-01,3.588179941915395355e-01,-1.390111555359900275e-01,1.785362358615022182e-01,6.674238841015085744e-02,2.064683563199321004e-01,-2.188791556726361054e-01,1.993056108730084375e-01,2.247948253852042610e-01,-2.544857394175413234e-01,5.164401433686330867e-01,-4.115414005836100925e-02,6.514262647921213734e-02,5.358374447257271411e-01,-1.308025330300617295e-01,1.078444387049277194e-03,6.304084310469447450e-02,-2.356474200711714262e-01,4.081533566328032214e-01,-1.538991390627102718e-01,3.073490995009148796e-01,-1.954064263833354131e-01,-1.368001711316335356e-01,-1.477412853680523941e-01,5.293237679600999446e-01,9.773913400485687020e-02,4.620805519327731564e-02,4.459688413726946576e-01,3.876673737473551595e-01,2.056014741962548797e-01,-6.072838216096455854e-02,3.755817315569425774e-01,2.783637162600024473e-01,2.957615797350698905e-01,4.923499520745877045e-01,-1.354937449980214426e-01,1.000000000000000000e+00,1.777282951818645873e-01
5.307118580824278231e-01,6.060973633701026708e-01,1.877983996323060456e-01,2.160636035293419244e-01,1.499115209010730421e-01,1.612161897131060284e-01,5.052217093006437093e-02,-3.236054386717796549e-01,3.497992404390156684e-01,5.156050334024371296e-01,2.016200659432725029e-01,9.775097123776617380e-02,4.361425439713288027e-02,3.558673284694570671e-01,-1.331921786717692180e-01,4.394824793713370537e-01,-1.009699075616820804e-02,-1.646185593094180999e-01,1.797239455913802741e-01,-6.268235769613021702e-02,2.246859116665552714e-01,6.224572218086988490e-02,2.948564429965701561e-01,2.480886565128142263e-01,4.600058858624495040e-01,2.478268795040552142e-01,5.733350426490808616e-01,3.804800384018248716e-01,-7.832772740723141502e-02,2.289040009087743854e-01,7.141970096788449740e-02,3.439602858611821579e-01,1.160368988544687313e-01,2.277138959732072643e-01,2.560287121877088956e-01,1.561860741050987988e-01,3.466192902399153342e-01,1.777282951818645873e-01,1.000000000000000000e+00
