1.000000000000000000e+00,7.201744679505907021e-01,6.695242586427552212e-01,3.674809520633161575e-01,6.546031426477521009e-01,2.937180579038021766e-01,4.006207061705427952e-01,-5.522514760847495596e-01,7.931629966693467537e-01,7.019755990743314911e-01,5.308883459947559835e-01,3.962442003611497676e-01,4.373732292125998011e-01,6.170941270375246424e-01,1.669236067811166180e-01,7.360768565002181463e-01,6.329957491517116397e-01,7.507444597274086640e-01,5.999735254083096159e-01,4.856328949031395448e-01,4.542770788602917831e-01,6.379886526391574941e-01,6.868103728398078367e-01,6.208173127493659127e-01,6.349256278584543001e-01,7.037884142979146107e-01,7.358870136408238727e-01,7.353192612272518858e-01,5.387329750414423524e-01,6.247614553919210723e-01,5.545810259163279632e-01,4.858114653232347702e-01,5.409332367670772745e-01,1.080897750539949465e-01,5.513785032336854242e-01,6.399829169373261184e-01,4.635100191420236104e-01,6.975377047764809157e-01,7.737175966220601886e-01
7.201744679505907021e-01,1.000000000000000000e+00,5.397215690699361801e-01,2.662380133792559556e-01,5.377897443341143058e-01,4.385059506472478996e-01,3.174275867050091460e-01,-5.054899156336809529e-01,7.217732503837043234e-01,6.483937442956316799e-01,5.827426681469376479e-01,2.956030823510940597e-01,2.971637896429890624e-01,6.223548046358529096e-01,9.789918561157277821e-02,7.333529557813653899e-01,6.073961521102054784e-01,6.636079229987883465e-01,4.030982580594236753e-01,3.594848139583783353e-01,2.281532402886644051e-01,4.062539990796493194e-01,5.693461998223616760e-01,5.450378456448703446e-01,4.763248781113680885e-01,7.107314041796883863e-01,7.174634764011468269e-01,6.308691157533773408e-01,5.772914508211816065e-01,7.724941950489653264e-01,4.706990130189431798e-01,6.051841375532541756e-01,3.861522769964657598e-01,4.200048717340635479e-02,5.180414546866310976e-01,6.897849271163003504e-01,6.003461106883078990e-01,5.499664580894283450e-01,6.319863546101044394e-01
6.695242586427552212e-01,5.397215690699361801e-01,1.000000000000000000e+00,1.060164420150651599e-01,8.045484955142059302e-01,4.169951717221827975e-02,5.916274365813543878e-02,-7.445389061017173571e-01,6.686702110882024597e-01,5.361064761401779233e-01,3.405513816876925004e-01,2.518630835832352255e-01,1.896089918351479553e-01,5.644590874847368323e-01,4.580079766682173398e-02,5.907555835956997958e-01,4.148119852413399422e-01,4.997212428053088851e-01,3.599306823916620934e-01,2.861498867953557457e-01,7.456358385236020458e-01,5.780820321947680585e-01,6.014045485540306935e-01,5.556990178307442685e-01,5.251379824929501838e-01,5.066682945794656057e-01,5.935377598148325884e-01,5.721475665941135880e-01,3.874511106246242842e-01,4.552220823033026886e-01,5.119287836115696821e-01,5.050286797080827395e-01,8.330193723926827554e-01,2.912425013121844874e-01,3.400655899112504654e-01,4.708844439350400868e-01,3.212606996683776694e-01,3.853198534104855799e-01,4.934293979438319488e-01
3.674809520633161575e-01,2.662380133792559556e-01,1.060164420150651599e-01,1.000000000000000000e+00,2.786821633508657081e-02,2.911715325405624388e-01,6.867735940917555348e-01,-1.314794560575875682e-02,4.391388667456440631e-01,2.475153810026218260e-01,4.072516717933074570e-01,7.208993784221360279e-01,6.145831109445721863e-01,3.674027932524515094e-01,6.188640416721759019e-01,1.918664354775136138e-01,3.957993882580136402e-01,4.839135453829990774e-01,4.465594050016081229e-01,7.639960279485454864e-01,-1.186746372355442780e-01,4.614823834222115395e-01,3.027997106854525278e-01,2.172210147232759569e-01,3.372342226709517665e-01,4.369230321865391620e-01,2.049588587336739209e-01,4.883944439141311156e-01,4.530085961830568886e-01,2.929314868433262609e-01,2.588927633984169918e-01,-6.193492753089065161e-03,-5.440626954125812875e-02,5.051559833113347664e-02,3.303610908985503691e-01,1.714672823789603062e-01,3.984484678954602344e-01,6.550807248475088995e-01,4.891769179351899699e-01
6.546031426477521009e-01,5.377897443341143058e-01,8.045484955142059302e-01,2.786821633508657081e-02,1.000000000000000000e+00,8.096690773540672625e-02,-6.697662970271593165e-03,-6.245223292879352739e-01,6.835988942437849492e-01,6.673125837359628054e-01,3.418478299334498094e-01,8.573987000512960088e-02,6.126157536586190194e-02,5.683749717376277433e-01,-1.621522012901144560e-01,5.965561439294462254e-01,3.718727689234418987e-01,5.839853914427589610e-01,4.579102111771135575e-01,1.273835561282986306e-01,6.756653292570101721e-01,4.373263873040075800e-01,5.625294885629593677e-01,4.874130073581394718e-01,5.148763412376230475e-01,4.738234076685123863e-01,5.690839044762866505e-01,4.633208506120661263e-01,3.217186554589257508e-01,4.662926963761567789e-01,4.694434449534850562e-01,5.128591196020265697e-01,7.165992913579790624e-01,2.742210366523553100e-01,2.633070921159211264e-01,3.643879563665229360e-01,2.379519261877851843e-01,3.648787645647748046e-01,4.709991496311265458e-01
2.937180579038021766e-01,4.385059506472478996e-01,4.169951717221827975e-02,2.911715325405624388e-01,8.096690773540672625e-02,1.000000000000000000e+00,4.676659241696227709e-01,-6.870907820126070931e-02,3.545786398567999931e-01,3.566991510697035128e-01,5.831795892364547429e-01,1.517742580333499569e-01,4.643620628744795087e-01,4.292919481099737311e-01,8.073300101739150358e-02,4.349771540305887307e-01,4.239233150647474524e-01,4.713037170031226797e-01,2.687453736109792768e-01,2.478099712729881499e-01,-1.948924048921658603e-01,1.489860430636810174e-01,3.550452151907024234e-01,3.060088748281706850e-01,3.563713751865028034e-01,5.382371964968560851e-01,4.208099512218479443e-01,4.325146089430315088e-01,4.978457711805106545e-01,5.326028745476216741e-01,3.889316937144195463e-01,3.586710734133878864e-01,-1.741827541211043301e-02,-2.401082384661996361e-01,4.472862439878640406e-01,4.124057525399581481e-01,5.024419428581599067e-01,3.763587699887535609e-01,2.140197604397562070e-01
4.006207061705427952e-01,3.174275867050091460e-01,5.916274365813543878e-02,6.867735940917555348e-01,-6.697662970271593165e-03,4.676659241696227709e-01,1.000000000000000000e+00,-3.158436253926280319e-03,4.583767571205627500e-01,3.014715213448374564e-01,5.725545688201977290e-01,6.152648501739774733e-01,7.983832485338229201e-01,4.642128541599453984e-01,5.658159008411292046e-01,3.023451346995522648e-01,5.421062198800913334e-01,5.127523658994932454e-01,4.968429999142031650e-01,6.624348007822693507e-01,-1.007775583311863177e-01,5.516816240906624591e-01,4.038829356955113692e-01,3.224967180999148142e-01,4.609307836870258357e-01,5.174230717743720787e-01,2.877762124780959829e-01,5.579047651147206466e-01,4.815495128498158417e-01,4.178314587556308246e-01,2.836912174258986452e-01,-2.782119871602610484e-02,-2.484891594606895848e-02,8.783506732367682424e-02,3.797453521992493197e-01,2.659186638903988653e-01,4.079757838190192221e-01,7.176135334894325757e-01,5.122701035053667251e-01
-5.522514760847495596e-01,-5.054899156336809529e-01,-7.445389061017173571e-01,-1.314794560575875682e-02,-6.245223292879352739e-01,-6.870907820126070931e-02,-3.158436253926280319e-03,1.000000000000000000e+00,-5.724233844208069799e-01,-4.810638575055249944e-01,-3.788633632707910093e-01,-8.790423631296837015e-02,-1.288358049755899681e-01,-4.324179183022956452e-01,1.857949552317212857e-02,-4.978784348555571615e-01,-4.495589292151086491e-01,-3.907587198782901394e-01,-2.701995150941917112e-01,-1.524378833297318492e-01,-4.339700442630385901e-01,-3.536743512342752638e-01,-5.513752553476838347e-01,-4.875749280413791964e-01,-4.048569557095718086e-01,-4.178224633715122982e-01,-5.612488891505422739e-01,-4.086958717827018917e-01,-2.777855554910224622e-01,-4.755544368680794109e-01,-4.158634187199040655e-01,-4.818268372932689725e-01,-5.635075622914350602e-01,-1.602604293807615432e-01,-3.061221590840519369e-01,-4.190554147285089348e-01,-2.444127431883861279e-01,-3.433199258811714394e-01,-4.814937202780364411e-01
7.931629966693467537e-01,7.217732503837043234e-01,6.686702110882024597e-01,4.391388667456440631e-01,6.835988942437849492e-01,3.545786398567999931e-01,4.583767571205627500e-01,-5.724233844208069799e-01,1.000000000000000000e+00,6.877640051808345811e-01,6.218986933624531810e-01,4.360884015317141871e-01,4.639489275972773497e-01,7.555098663237879153e-01,2.440418480509246035e-01,6.463049366239219662e-01,6.848103005269999821e-01,7.565679809722951621e-01,6.031606236636347651e-01,5.119538985408285114e-01,3.645170397734995293e-01,5.680562713454184731e-01,7.177966450719019953e-01,6.427908598384013406e-01,6.455121481208642154e-01,7.507190076214006469e-01,6.282550330935134930e-01,7.195272161293477797e-01,6.523454767295170376e-01,7.162458503728859061e-01,4.697999102486831724e-01,4.549386028369627466e-01,4.809719823545279271e-01,2.534694926879201282e-01,5.304770903080855415e-01,4.478511470407973705e-01,5.394838433822147783e-01,7.866339775417937608e-01,7.436401485783024068e-01
7.019755990743314911e-01,6.483937442956316799e-01,5.361064761401779233e-01,2.475153810026218260e-01,6.673125837359628054e-01,3.566991510697035128e-01,3.014715213448374564e-01,-4.810638575055249944e-01,6.877640051808345811e-01,1.000000000000000000e+00,5.558574197826252616e-01,1.700800591218767921e-01,3.030573623653703974e-01,6.097658967766582672e-01,-1.054680784227717827e-01,7.288823535101178752e-01,5.702393306864869116e-01,7.631788472078860908e-01,7.051698108144972554e-01,2.786550963497814171e-01,3.051910961179731263e-01,3.992475724434584872e-01,5.922548266130394090e-01,6.047786948846750610e-01,5.734126678771614971e-01,6.098493967845645125e-01,6.554096918798153482e-01,5.182929839567522734e-01,4.483931334568572735e-01,6.384325532978699647e-01,5.828873215666804386e-01,5.427318982913145184e-01,4.218604519765742911e-01,-6.494151517604619672e-02,4.454036770202456363e-01,5.148661327603932802e-01,3.732447518175832646e-01,5.586073106139644029e-01,6.187439644875535327e-01
5.308883459947559835e-01,5.827426681469376479e-01,3.405513816876925004e-01,4.072516717933074570e-01,3.418478299334498094e-01,5.831795892364547429e-01,5.725545688201977290e-01,-3.788633632707910093e-01,6.218986933624531810e-01,5.558574197826252616e-01,1.000000000000000000e+00,3.725401541971893327e-01,6.067302077046633491e-01,6.655554031574133500e-01,2.461373801148897811e-01,4.848291813376914838e-01,7.052973888573207395e-01,6.120523975897904645e-01,5.111931377819732836e-01,4.270180319204553432e-01,4.403449746394553360e-02,4.350425124169527424e-01,5.409805639068697714e-01,4.687238559162105744e-01,5.326696554787033744e-01,6.878025086425589851e-01,5.841810232353886745e-01,6.073151306408620664e-01,6.702589179985681822e-01,6.438159422524944997e-01,5.131643288288338933e-01,4.521340615241519201e-01,2.028285830772476872e-01,8.536360053027088057e-02,4.822680039691273901e-01,3.969367968402409130e-01,5.369102718547638098e-01,6.271718261229024538e-01,5.438686986663238132e-01
3.962442003611497676e-01,2.956030823510940597e-01,2.518630835832352255e-01,7.208993784221360279e-01,8.573987000512960088e-02,1.517742580333499569e-01,6.152648501739774733e-01,-8.790423631296837015e-02,4.360884015317141871e-01,1.700800591218767921e-01,3.725401541971893327e-01,1.000000000000000000e+00,6.254728748313209685e-01,3.596268171768183253e-01,8.054593705498437339e-01,2.809087653052075306e-01,3.917479252567981907e-01,3.762235511321828096e-01,2.175052015830370444e-01,7.556939937936510976e-01,8.769882988369870347e-02,6.291100328558641985e-01,3.490567170649109818e-01,2.151181012592783270e-01,3.629890970542934414e-01,4.784382166601849895e-01,2.265539276128688828e-01,6.131528813519223631e-01,4.658926034955570006e-01,3.217734389553775221e-01,2.697691948142670881e-01,5.944533937085706016e-02,1.704731399639394518e-01,3.188558597352655344e-01,2.629747529496937464e-01,2.661678611390635996e-01,3.735160312989505571e-01,6.077491739997705755e-01,5.350115701355154796e-01
4.373732292125998011e-01,2.971637896429890624e-01,1.896089918351479553e-01,6.145831109445721863e-01,6.126157536586190194e-02,4.643620628744795087e-01,7.983832485338229201e-01,-1.288358049755899681e-01,4.639489275972773497e-01,3.030573623653703974e-01,6.067302077046633491e-01,6.254728748313209685e-01,1.000000000000000000e+00,5.413989849220317563e-01,5.666656627765500609e-01,3.157265198553871333e-01,5.549410885018268846e-01,4.853274256176545176e-01,4.792291385395420766e-01,6.469088466511120350e-01,3.394906449966899470e-02,6.081842908115684398e-01,5.084764837242373714e-01,4.493029478201877036e-01,5.884810914998586107e-01,5.566637230632891509e-01,3.859428136518734953e-01,6.209122364077712675e-01,5.631774204175651333e-01,3.429647304093436100e-01,4.271601078026007747e-01,1.002815981276078822e-01,1.573068455876288907e-01,1.287012068850461044e-01,4.469247256476245878e-01,3.433124200700977124e-01,4.582885385695921743e-01,6.792935679367275714e-01,5.073040306981613234e-01
6.170941270375246424e-01,6.223548046358529096e-01,5.644590874847368323e-01,3.674027932524515094e-01,5.683749717376277433e-01,4.292919481099737311e-01,4.642128541599453984e-01,-4.324179183022956452e-01,7.555098663237879153e-01,6.097658967766582672e-01,6.655554031574133500e-01,3.596268171768183253e-01,5.413989849220317563e-01,1.000000000000000000e+00,1.946855160418933528e-01,5.930288862291527296e-01,5.945601257791868210e-01,6.223779703485622372e-01,5.478156119379690159e-01,4.380833720147709331e-01,3.488043224281429655e-01,5.433531856366389245e-01,7.312402741626381486e-01,7.227302850171781756e-01,7.509457817660516454e-01,6.361125012078727714e-01,5.671360660541504561e-01,6.246358683686281665e-01,6.528066933647242998e-01,6.592183718120508962e-01,4.482526580728394272e-01,4.185489325007293870e-01,4.730681014890759095e-01,2.993838234985826685e-01,4.398968056094255674e-01,4.195643001412283635e-01,5.017497235396770616e-01,6.422637638304616869e-01,5.344827570117911542e-01
1.669236067811166180e-01,9.789918561157277821e-02,4.580079766682173398e-02,6.188640416721759019e-01,-1.621522012901144560e-01,8.073300101739150358e-02,5.658159008411292046e-01,1.857949552317212857e-02,2.440418480509246035e-01,-1.054680784227717827e-01,2.461373801148897811e-01,8.054593705498437339e-01,5.666656627765500609e-01,1.946855160418933528e-01,1.000000000000000000e+00,2.174223551938057192e-02,3.085865497925547318e-01,8.486643538391377972e-02,2.383111852023137023e-02,6.588463716330519304e-01,-1.072795979220260709e-01,4.334540491821773367e-01,1.612042788728171028e-01,7.121992321460164643e-02,1.585961610503201502e-01,3.048855635553339716e-01,-6.164429104348266922e-03,4.407729676414863240e-01,3.680423313909982341e-01,1.712945459101474499e-01,6.735010181422519671e-02,-1.427703063209650736e-01,-4.140909783925790510e-02,3.831453052729807962e-01,1.514657418185616777e-01,4.680823904528103735e-02,2.892321102481092421e-01,5.125102785430950547e-01,3.426080616653288669e-01
7.360768565002181463e-01,7.333529557813653899e-01,5.907555835956997958e-01,1.918664354775136138e-01,5.965561439294462254e-01,4.349771540305887307e-01,3.023451346995522648e-01,-4.978784348555571615e-01,6.463049366239219662e-01,7.288823535101178752e-01,4.848291813376914838e-01,2.809087653052075306e-01,3.157265198553871333e-01,5.930288862291527296e-01,2.174223551938057192e-02,1.000000000000000000e+00,5.805900626727170666e-01,6.776273448552280199e-01,3.576407911631058201e-01,3.763519018623942558e-01,3.832963502744572981e-01,5.261528990145551976e-01,7.107955492497368688e-01,6.205309108979664146e-01,6.257201798399628645e-01,6.871605976693340168e-01,6.709033203304670678e-01,6.820180713467390854e-01,4.458099135652358047e-01,6.743840982849611532e-01,5.730797020657759644e-01,5.268117028307659488e-01,5.381141508945519458e-01,1.697066721970990830e-02,4.108520200287864577e-01,7.583060197500346433e-01,3.989867281121361464e-01,4.890588207494785400e-01,5.773076623429450605e-01
6.329957491517116397e-01,6.073961521102054784e-01,4.148119852413399422e-01,3.957993882580136402e-01,3.718727689234418987e-01,4.239233150647474524e-01,5.421062198800913334e-01,-4.495589292151086491e-01,6.848103005269999821e-01,5.702393306864869116e-01,7.052973888573207395e-01,3.917479252567981907e-01,5.549410885018268846e-01,5.945601257791868210e-01,3.085865497925547318e-01,5.805900626727170666e-01,1.000000000000000000e+00,5.908576076355224194e-01,4.932398629669840218e-01,5.089679572176540878e-01,1.070503857385110974e-01,5.212348566903179936e-01,5.993846740015776886e-01,5.641331193695933166e-01,5.342851070866408980e-01,6.986739305354582319e-01,6.118104947069209487e-01,6.724144901633504201e-01,7.001219800679175931e-01,6.277817406517497423e-01,4.485687017565649359e-01,4.557699447543522853e-01,2.749745384298442619e-01,1.233205107488012514e-01,5.623624787580081552e-01,4.933289422378542288e-01,5.578008838169912220e-01,7.016655810287872885e-01,6.165346390132756538e-01
7.507444597274086640e-01,6.636079229987883465e-01,4.997212428053088851e-01,4.839135453829990774e-01,5.839853914427589610e-01,4.713037170031226797e-01,5.127523658994932454e-01,-3.907587198782901394e-01,7.565679809722951621e-01,7.631788472078860908e-01,6.120523975897904645e-01,3.762235511321828096e-01,4.853274256176545176e-01,6.223779703485622372e-01,8.486643538391377972e-02,6.776273448552280199e-01,5.908576076355224194e-01,1.000000000000000000e+00,7.222543797237492846e-01,4.574173452548682683e-01,2.258572668064770528e-01,4.872886705327769685e-01,5.948049701356704633e-01,5.344627322187570639e-01,5.755772391401223764e-01,7.613835679292727532e-01,6.547617142072217344e-01,6.876274157338352344e-01,5.771781628923082774e-01,6.382001666268415363e-01,5.442309928028370436e-01,4.485207434121695202e-01,3.639293657051485553e-01,-1.282881224811627252e-01,5.308621254537582157e-01,5.297482198193720349e-01,5.335556300186057310e-01,7.139481226942760994e-01,6.756034789891457448e-01
5.999735254083096159e-01,4.030982580594236753e-01,3.599306823916620934e-01,4.465594050016081229e-01,4.579102111771135575e-01,2.687453736109792768e-01,4.968429999142031650e-01,-2.701995150941917112e-01,6.031606236636347651e-01,7.051698108144972554e-01,5.111931377819732836e-01,2.175052015830370444e-01,4.792291385395420766e-01,5.478156119379690159e-01,2.383111852023137023e-02,3.576407911631058201e-01,4.932398629669840218e-01,7.222543797237492846e-01,1.000000000000000000e+00,3.569959953910890049e-01,2.152092797742881924e-01,4.046679236655315037e-01,4.248527928498486150e-01,5.019096614485659691e-01,4.997176616390764381e-01,4.683089104966502436e-01,4.916763566432186816e-01,3.975005264955052131e-01,4.680168386348554366e-01,4.278720665666059242e-01,3.850977622259026401e-01,2.920310830686274062e-01,2.407358186359620789e-01,-1.414370972207040222e-01,4.860289792692938371e-01,2.449844251465453093e-01,3.911739855730754778e-01,6.333606164353242640e-01,5.559956392400862146e-01
4.856328949031395448e-01,3.594848139583783353e-01,2.861498867953557457e-01,7.639960279485454864e-01,1.273835561282986306e-01,2.478099712729881499e-01,6.624348007822693507e-01,-1.524378833297318492e-01,5.119538985408285114e-01,2.786550963497814171e-01,4.270180319204553432e-01,7.556939937936510976e-01,6.469088466511120350e-01,4.380833720147709331e-01,6.588463716330519304e-01,3.763519018623942558e-01,5.089679572176540878e-01,4.574173452548682683e-01,3.569959953910890049e-01,1.000000000000000000e+00,8.428581710412144656e-02,6.940656081365556007e-01,4.352609832750909957e-01,3.466675469978015012e-01,4.415558678777959933e-01,4.978673868060771723e-01,2.965080848781634915e-01,6.763667732394362808e-01,4.961418123433620209e-01,3.259804686327205103e-01,3.574597853026750816e-01,1.065063058804853330e-01,1.921015599679454788e-01,2.117615339273886121e-01,2.912843802350140177e-01,3.804720655454592593e-01,3.418755654805839539e-01,6.626637369773228370e-01,5.604588473632270418e-01
4.542770788602917831e-01,2.281532402886644051e-01,7.456358385236020458e-01,-1.186746372355442780e-01,6.756653292570101721e-01,-1.948924048921658603e-01,-1.007775583311863177e-01,-4.339700442630385901e-01,3.645170397734995293e-01,3.051910961179731263e-01,4.403449746394553360e-02,8.769882988369870347e-02,3.394906449966899470e-02,3.488043224281429655e-01,-1.072795979220260709e-01,3.832963502744572981e-01,1.070503857385110974e-01,2.258572668064770528e-01,2.152092797742881924e-01,8.428581710412144656e-02,1.000000000000000000e+00,5.417394627117601003e-01,3.971035463862678250e-01,3.331104848552844389e-01,3.901522995308339681e-01,1.679907040027040499e-01,3.203333862693899525e-01,3.176637147728499366e-01,1.136771969702695673e-01,9.663672939435859199e-02,2.833422178439998773e-01,2.520425921378567913e-01,8.364390931979747146e-01,3.456033304915012705e-01,8.722301546560463914e-02,3.098232129679168723e-01,-2.785888555497831581e-03,9.037283409417604108e-02,2.439813543060131151e-01
6.379886526391574941e-01,4.062539990796493194e-01,5.780820321947680585e-01,4.614823834222115395e-01,4.373263873040075800e-01,1.489860430636810174e-01,5.516816240906624591e-01,-3.536743512342752638e-01,5.680562713454184731e-01,3.992475724434584872e-01,4.350425124169527424e-01,6.291100328558641985e-01,6.081842908115684398e-01,5.433531856366389245e-01,4.334540491821773367e-01,5.261528990145551976e-01,5.212348566903179936e-01,4.872886705327769685e-01,4.046679236655315037e-01,6.940656081365556007e-01,5.417394627117601003e-01,1.000000000000000000e+00,5.557311687377965992e-01,4.523215156883354515e-01,5.969254292301414688e-01,4.871259243710101550e-01,4.781336908528219243e-01,6.917425925912027429e-01,4.234310112801313308e-01,3.517851071407450680e-01,4.509096844757190525e-01,1.808686591092970308e-01,5.795430389776138336e-01,3.633512863442142637e-01,2.714920784110401164e-01,5.118505323836476384e-01,2.201513129278900027e-01,5.635081859507182767e-01,5.733194669220853523e-01
6.868103728398078367e-01,5.693461998223616760e-01,6.014045485540306935e-01,3.027997106854525278e-01,5.625294885629593677e-01,3.550452151907024234e-01,4.038829356955113692e-01,-5.513752553476838347e-01,7.177966450719019953e-01,5.922548266130394090e-01,5.409805639068697714e-01,3.490567170649109818e-01,5.084764837242373714e-01,7.312402741626381486e-01,1.612042788728171028e-01,7.107955492497368688e-01,5.993846740015776886e-01,5.948049701356704633e-01,4.248527928498486150e-01,4.352609832750909957e-01,3.971035463862678250e-01,5.557311687377965992e-01,1.000000000000000000e+00,7.628071372266201911e-01,8.307941928309486856e-01,6.506016225095878625e-01,6.002453670844455358e-01,6.865406774895712605e-01,5.146694435074335994e-01,5.243246258468454712e-01,5.244357391474978591e-01,3.764121770231332875e-01,5.525770646962762100e-01,2.467696374759715539e-01,4.547446154756270564e-01,5.586170600780873130e-01,4.021650304126095365e-01,5.949962388107737921e-01,5.650490159427641323e-01
6.208173127493659127e-01,5.450378456448703446e-01,5.556990178307442685e-01,2.172210147232759569e-01,4.874130073581394718e-01,3.060088748281706850e-01,3.224967180999148142e-01,-4.875749280413791964e-01,6.427908598384013406e-01,6.047786948846750610e-01,4.687238559162105744e-01,2.151181012592783270e-01,4.493029478201877036e-01,7.227302850171781756e-01,7.121992321460164643e-02,6.205309108979664146e-01,5.641331193695933166e-01,5.344627322187570639e-01,5.019096614485659691e-01,3.466675469978015012e-01,3.331104848552844389e-01,4.523215156883354515e-01,7.628071372266201911e-01,1.000000000000000000e+00,7.555749336725949838e-01,5.734890504492756724e-01,6.239683454845305066e-01,5.541503979696416060e-01,5.198570462627327693e-01,5.417134922280457676e-01,5.318233961255292019e-01,3.915675546187161182e-01,4.978045927069162380e-01,8.516254482400879844e-02,5.320401772397478357e-01,5.050625721213031216e-01,4.293874613096476112e-01,5.117943905539164007e-01,4.761257527087470742e-01
6.349256278584543001e-01,4.763248781113680885e-01,5.251379824929501838e-01,3.372342226709517665e-01,5.148763412376230475e-01,3.563713751865028034e-01,4.609307836870258357e-01,-4.048569557095718086e-01,6.455121481208642154e-01,5.734126678771614971e-01,5.326696554787033744e-01,3.629890970542934414e-01,5.884810914998586107e-01,7.509457817660516454e-01,1.585961610503201502e-01,6.257201798399628645e-01,5.342851070866408980e-01,5.755772391401223764e-01,4.997176616390764381e-01,4.415558678777959933e-01,3.901522995308339681e-01,5.969254292301414688e-01,8.307941928309486856e-01,7.555749336725949838e-01,1.000000000000000000e+00,5.748183948562308743e-01,5.781258269671409877e-01,6.141035234878579052e-01,5.187663166535337878e-01,4.566557336710228565e-01,5.376734326210225179e-01,2.933091062072538668e-01,5.005303911229918024e-01,2.547765057366136454e-01,4.947183186193748750e-01,5.021258263101178176e-01,4.032982036173593521e-01,5.726080722065500783e-01,4.942058578793249723e-01
7.037884142979146107e-01,7.107314041796883863e-01,5.066682945794656057e-01,4.369230321865391620e-01,4.738234076685123863e-01,5.382371964968560851e-01,5.174230717743720787e-01,-4.178224633715122982e-01,7.507190076214006469e-01,6.098493967845645125e-01,6.878025086425589851e-01,4.784382166601849895e-01,5.566637230632891509e-01,6.361125012078727714e-01,3.048855635553339716e-01,6.871605976693340168e-01,6.986739305354582319e-01,7.613835679292727532e-01,4.683089104966502436e-01,4.978673868060771723e-01,1.679907040027040499e-01,4.871259243710101550e-01,6.506016225095878625e-01,5.734890504492756724e-01,5.748183948562308743e-01,1.000000000000000000e+00,7.235787660745478522e-01,8.371749155266872133e-01,6.966482433028811094e-01,6.735719508681301537e-01,6.127264322321891443e-01,4.743239729542287342e-01,3.901847717273626004e-01,3.421811152607522749e-02,6.401769783512359924e-01,5.756918678718290217e-01,6.991894331412239483e-01,7.204064399527024820e-01,6.180737522072592416e-01
7.358870136408238727e-01,7.174634764011468269e-01,5.935377598148325884e-01,2.049588587336739209e-01,5.690839044762866505e-01,4.208099512218479443e-01,2.877762124780959829e-01,-5.612488891505422739e-01,6.282550330935134930e-01,6.554096918798153482e-01,5.841810232353886745e-01,2.265539276128688828e-01,3.859428136518734953e-01,5.671360660541504561e-01,-6.164429104348266922e-03,6.709033203304670678e-01,6.118104947069209487e-01,6.547617142072217344e-01,4.916763566432186816e-01,2.965080848781634915e-01,3.203333862693899525e-01,4.781336908528219243e-01,6.002453670844455358e-01,6.239683454845305066e-01,5.781258269671409877e-01,7.235787660745478522e-01,1.000000000000000000e+00,6.560313583942382065e-01,5.343419166233421835e-01,6.140147624063222453e-01,7.118429676863861078e-01,6.477956340996245954e-01,5.155053846071069312e-01,-4.979869543688365818e-02,6.610134827171417760e-01,6.853454009230374178e-01,5.291231787350064719e-01,4.685197844369586306e-01,5.352487379685720859e-01
7.353192612272518858e-01,6.308691157533773408e-01,5.721475665941135880e-01,4.883944439141311156e-01,4.633208506120661263e-01,4.325146089430315088e-01,5.579047651147206466e-01,-4.086958717827018917e-01,7.195272161293477797e-01,5.182929839567522734e-01,6.073151306408620664e-01,6.131528813519223631e-01,6.209122364077712675e-01,6.246358683686281665e-01,4.407729676414863240e-01,6.820180713467390854e-01,6.724144901633504201e-01,6.876274157338352344e-01,3.975005264955052131e-01,6.763667732394362808e-01,3.176637147728499366e-01,6.917425925912027429e-01,6.865406774895712605e-01,5.541503979696416060e-01,6.141035234878579052e-01,8.371749155266872133e-01,6.560313583942382065e-01,1.000000000000000000e+00,6.641935598820216669e-01,5.617170161937863337e-01,6.380584398517117339e-01,4.069381999747359036e-01,5.188552225592746314e-01,1.976200834803515938e-01,5.384684748827704981e-01,6.216871557387706471e-01,5.779986580967608756e-01,7.073749733368096537e-01,6.372116952276793977e-01
5.387329750414423524e-01,5.772914508211816065e-01,3.874511106246242842e-01,4.530085961830568886e-01,3.217186554589257508e-01,4.978457711805106545e-01,4.815495128498158417e-01,-2.777855554910224622e-01,6.523454767295170376e-01,4.483931334568572735e-01,6.702589179985681822e-01,4.658926034955570006e-01,5.631774204175651333e-01,6.528066933647242998e-01,3.680423313909982341e-01,4.458099135652358047e-01,7.001219800679175931e-01,5.771781628923082774e-01,4.680168386348554366e-01,4.961418123433620209e-01,1.136771969702695673e-01,4.234310112801313308e-01,5.146694435074335994e-01,5.198570462627327693e-01,5.187663166535337878e-01,6.966482433028811094e-01,5.343419166233421835e-01,6.641935598820216669e-01,1.000000000000000000e+00,5.515067243085889359e-01,4.156636310698973991e-01,4.896553030646494942e-01,2.879440209770785519e-01,1.098074830090761816e-01,6.070373336280642240e-01,4.055866841202686590e-01,7.453830663404783508e-01,6.651416913719848667e-01,4.914505432820756581e-01
6.247614553919210723e-01,7.724941950489653264e-01,4.552220823033026886e-01,2.929314868433262609e-01,4.662926963761567789e-01,5.326028745476216741e-01,4.178314587556308246e-01,-4.755544368680794109e-01,7.162458503728859061e-01,6.384325532978699647e-01,6.438159422524944997e-01,3.217734389553775221e-01,3.429647304093436100e-01,6.592183718120508962e-01,1.712945459101474499e-01,6.743840982849611532e-01,6.277817406517497423e-01,6.382001666268415363e-01,4.278720665666059242e-01,3.259804686327205103e-01,9.663672939435859199e-02,3.517851071407450680e-01,5.243246258468454712e-01,5.417134922280457676e-01,4.566557336710228565e-01,6.735719508681301537e-01,6.140147624063222453e-01,5.617170161937863337e-01,5.515067243085889359e-01,1.000000000000000000e+00,3.896212406704331332e-01,5.163253318565086403e-01,2.404631790865517371e-01,3.862832395893624898e-02,4.553855158137644632e-01,5.107311614854311843e-01,5.261622724476250346e-01,6.081285131289845269e-01,6.142199350729572460e-01
5.545810259163279632e-01,4.706990130189431798e-01,5.119287836115696821e-01,2.588927633984169918e-01,4.694434449534850562e-01,3.889316937144195463e-01,2.836912174258986452e-01,-4.158634187199040655e-01,4.697999102486831724e-01,5.828873215666804386e-01,5.131643288288338933e-01,2.697691948142670881e-01,4.271601078026007747e-01,4.482526580728394272e-01,6.735010181422519671e-02,5.730797020657759644e-01,4.485687017565649359e-01,5.442309928028370436e-01,3.850977622259026401e-01,3.574597853026750816e-01,2.833422178439998773e-01,4.509096844757190525e-01,5.244357391474978591e-01,5.318233961255292019e-01,5.376734326210225179e-01,6.127264322321891443e-01,7.118429676863861078e-01,6.380584398517117339e-01,4.156636310698973991e-01,3.896212406704331332e-01,1.000000000000000000e+00,5.086507967602199587e-01,4.822526117546448443e-01,-5.391272188262086901e-02,5.035478145203811096e-01,5.911411644882865746e-01,3.795478379876213726e-01,3.553428228198827199e-01,3.837495971645309423e-01
4.858114653232347702e-01,6.051841375532541756e-01,5.050286797080827395e-01,-6.193492753089065161e-03,5.128591196020265697e-01,3.586710734133878864e-01,-2.782119871602610484e-02,-4.818268372932689725e-01,4.549386028369627466e-01,5.427318982913145184e-01,4.521340615241519201e-01,5.944533937085706016e-02,1.002815981276078822e-01,4.185489325007293870e-01,-1.427703063209650736e-01,5.268117028307659488e-01,4.557699447543522853e-01,4.485207434121695202e-01,2.920310830686274062e-01,1.065063058804853330e-01,2.520425921378567913e-01,1.808686591092970308e-01,3.764121770231332875e-01,3.915675546187161182e-01,2.933091062072538668e-01,4.743239729542287342e-01,6.477956340996245954e-01,4.069381999747359036e-01,4.896553030646494942e-01,5.163253318565086403e-01,5.086507967602199587e-01,1.000000000000000000e+00,4.089148468949931337e-01,-1.078929932584766910e-01,4.349284678242803515e-01,5.057465347178785597e-01,4.562150891582388290e-01,2.212822226092839017e-01,3.683724892905218540e-01
5.409332367670772745e-01,3.861522769964657598e-01,8.330193723926827554e-01,-5.440626954125812875e-02,7.165992913579790624e-01,-1.741827541211043301e-02,-2.484891594606895848e-02,-5.635075622914350602e-01,4.809719823545279271e-01,4.218604519765742911e-01,2.028285830772476872e-01,1.704731399639394518e-01,1.573068455876288907e-01,4.730681014890759095e-01,-4.140909783925790510e-02,5.381141508945519458e-01,2.749745384298442619e-01,3.639293657051485553e-01,2.407358186359620789e-01,1.921015599679454788e-01,8.364390931979747146e-01,5.795430389776138336e-01,5.525770646962762100e-01,4.978045927069162380e-01,5.005303911229918024e-01,3.901847717273626004e-01,5.155053846071069312e-01,5.188552225592746314e-01,2.879440209770785519e-01,2.404631790865517371e-01,4.822526117546448443e-01,4.089148468949931337e-01,1.000000000000000000e+00,3.277674987738841139e-01,2.626219463903976536e-01,4.527868403767588701e-01,2.022954651866729348e-01,1.987633112427040494e-01,2.872522467040295457e-01
1.080897750539949465e-01,4.200048717340635479e-02,2.912425013121844874e-01,5.051559833113347664e-02,2.742210366523553100e-01,-2.401082384661996361e-01,8.783506732367682424e-02,-1.602604293807615432e-01,2.534694926879201282e-01,-6.494151517604619672e-02,8.536360053027088057e-02,3.188558597352655344e-01,1.287012068850461044e-01,2.993838234985826685e-01,3.831453052729807962e-01,1.697066721970990830e-02,1.233205107488012514e-01,-1.282881224811627252e-01,-1.414370972207040222e-01,2.117615339273886121e-01,3.456033304915012705e-01,3.633512863442142637e-01,2.467696374759715539e-01,8.516254482400879844e-02,2.547765057366136454e-01,3.421811152607522749e-02,-4.979869543688365818e-02,1.976200834803515938e-01,1.098074830090761816e-01,3.862832395893624898e-02,-5.391272188262086901e-02,-1.078929932584766910e-01,3.277674987738841139e-01,1.000000000000000000e+00,-1.340273124686806872e-01,-1.258129628602117633e-01,-5.764991679688228482e-02,1.870078319976300751e-01,1.387013266786542021e-01
5.513785032336854242e-01,5.180414546866310976e-01,3.400655899112504654e-01,3.303610908985503691e-01,2.633070921159211264e-01,4.472862439878640406e-01,3.797453521992493197e-01,-3.061221590840519369e-01,5.304770903080855415e-01,4.454036770202456363e-01,4.822680039691273901e-01,2.629747529496937464e-01,4.469247256476245878e-01,4.398968056094255674e-01,1.514657418185616777e-01,4.108520200287864577e-01,5.623624787580081552e-01,5.308621254537582157e-01,4.860289792692938371e-01,2.912843802350140177e-01,8.722301546560463914e-02,2.714920784110401164e-01,4.547446154756270564e-01,5.320401772397478357e-01,4.947183186193748750e-01,6.401769783512359924e-01,6.610134827171417760e-01,5.384684748827704981e-01,6.070373336280642240e-01,4.553855158137644632e-01,5.035478145203811096e-01,4.349284678242803515e-01,2.626219463903976536e-01,-1.340273124686806872e-01,1.000000000000000000e+00,4.578384412923830471e-01,7.632170164232213727e-01,5.230503830297549284e-01,3.891914363403736754e-01
6.399829169373261184e-01,6.897849271163003504e-01,4.708844439350400868e-01,1.714672823789603062e-01,3.643879563665229360e-01,4.124057525399581481e-01,2.659186638903988653e-01,-4.190554147285089348e-01,4.478511470407973705e-01,5.148661327603932802e-01,3.969367968402409130e-01,2.661678611390635996e-01,3.433124200700977124e-01,4.195643001412283635e-01,4.680823904528103735e-02,7.583060197500346433e-01,4.933289422378542288e-01,5.297482198193720349e-01,2.449844251465453093e-01,3.804720655454592593e-01,3.098232129679168723e-01,5.118505323836476384e-01,5.586170600780873130e-01,5.050625721213031216e-01,5.021258263101178176e-01,5.756918678718290217e-01,6.853454009230374178e-01,6.216871557387706471e-01,4.055866841202686590e-01,5.107311614854311843e-01,5.911411644882865746e-01,5.057465347178785597e-01,4.527868403767588701e-01,-1.258129628602117633e-01,4.578384412923830471e-01,1.000000000000000000e+00,4.083392044232039830e-01,3.340064428750221248e-01,4.743892477094928672e-01
4.635100191420236104e-01,6.003461106883078990e-01,3.212606996683776694e-01,3.984484678954602344e-01,2.379519261877851843e-01,5.024419428581599067e-01,4.079757838190192221e-01,-2.444127431883861279e-01,5.394838433822147783e-01,3.732447518175832646e-01,5.369102718547638098e-01,3.735160312989505571e-01,4.582885385695921743e-01,5.017497235396770616e-01,2.892321102481092421e-01,3.989867281121361464e-01,5.578008838169912220e-01,5.335556300186057310e-01,3.911739855730754778e-01,3.418755654805839539e-01,-2.785888555497831581e-03,2.201513129278900027e-01,4.021650304126095365e-01,4.293874613096476112e-01,4.032982036173593521e-01,6.991894331412239483e-01,5.291231787350064719e-01,5.779986580967608756e-01,7.453830663404783508e-01,5.261622724476250346e-01,3.795478379876213726e-01,4.562150891582388290e-01,2.022954651866729348e-01,-5.764991679688228482e-02,7.632170164232213727e-01,4.083392044232039830e-01,1.000000000000000000e+00,5.681856882901020755e-01,3.790171718679883339e-01
6.975377047764809157e-01,5.499664580894283450e-01,3.853198534104855799e-01,6.550807248475088995e-01,3.648787645647748046e-01,3.763587699887535609e-01,7.176135334894325757e-01,-3.433199258811714394e-01,7.866339775417937608e-01,5.586073106139644029e-01,6.271718261229024538e-01,6.077491739997705755e-01,6.792935679367275714e-01,6.422637638304616869e-01,5.125102785430950547e-01,4.890588207494785400e-01,7.016655810287872885e-01,7.139481226942760994e-01,6.333606164353242640e-01,6.626637369773228370e-01,9.037283409417604108e-02,5.635081859507182767e-01,5.949962388107737921e-01,5.117943905539164007e-01,5.726080722065500783e-01,7.204064399527024820e-01,4.685197844369586306e-01,7.073749733368096537e-01,6.651416913719848667e-01,6.081285131289845269e-01,3.553428228198827199e-01,2.212822226092839017e-01,1.987633112427040494e-01,1.870078319976300751e-01,5.230503830297549284e-01,3.340064428750221248e-01,5.681856882901020755e-01,1.000000000000000000e+00,7.624046376598740959e-01
7.737175966220601886e-01,6.319863546101044394e-01,4.934293979438319488e-01,4.891769179351899699e-01,4.709991496311265458e-01,2.140197604397562070e-01,5.122701035053667251e-01,-4.814937202780364411e-01,7.436401485783024068e-01,6.187439644875535327e-01,5.438686986663238132e-01,5.350115701355154796e-01,5.073040306981613234e-01,5.344827570117911542e-01,3.426080616653288669e-01,5.773076623429450605e-01,6.165346390132756538e-01,6.756034789891457448e-01,5.559956392400862146e-01,5.604588473632270418e-01,2.439813543060131151e-01,5.733194669220853523e-01,5.650490159427641323e-01,4.761257527087470742e-01,4.942058578793249723e-01,6.180737522072592416e-01,5.352487379685720859e-01,6.372116952276793977e-01,4.914505432820756581e-01,6.142199350729572460e-01,3.837495971645309423e-01,3.683724892905218540e-01,2.872522467040295457e-01,1.387013266786542021e-01,3.891914363403736754e-01,4.743892477094928672e-01,3.790171718679883339e-01,7.624046376598740959e-01,1.000000000000000000e+00
