1.000000000000000000e+00,4.435710962597998464e-01,1.503464110061178138e-01,-1.745476988844756883e-01,1.706361915006966989e-01,-2.510753101119204134e-01,-3.643763321437686747e-02,1.234761844894596977e-01,1.974748162203142365e-01,2.810928310954239340e-01,1.198608677993943383e-01,1.894907702347758405e-01,-1.593491732561631014e-01,2.566067058148463476e-01,1.335405708179318029e-01,4.466166725276449201e-01,2.113458441384075959e-01,-9.503822446355089659e-02,-1.200584216068781435e-01,7.598550990637382985e-02,8.652145680319291154e-02,1.515838560548827228e-02,2.006501678171602465e-01,3.338606621339275660e-01,2.565031689450251728e-01,4.775542662421448648e-01,2.497792135739352326e-01,2.653616742479921187e-01,4.737295127752974566e-01,2.259988326807901293e-01,1.679116283287478972e-01,1.139403061799321853e-01,1.360417553226824644e-02,4.711661254666846821e-01,4.174533957214470251e-03,3.147246389113636522e-01,7.159487750925968078e-03,9.483240054869729319e-02,8.416083560694717636e-02
4.435710962597998464e-01,1.000000000000000000e+00,-4.371254207725717711e-01,2.614975015881815801e-01,4.655747034807526941e-01,2.398835467522961451e-01,-3.203979734058189921e-01,-4.829125102050751267e-02,5.912626662765257946e-01,5.509154033048559995e-01,3.545507316988047997e-01,4.626781638895006155e-01,-4.833215298174460030e-03,2.721743274192411355e-01,-4.397584410802487520e-01,5.306099243496043005e-01,-3.452115302728405721e-01,4.857000159202071732e-01,4.781375328686264248e-01,-1.340719633750755979e-01,2.211266913853143778e-01,-3.731810844601083366e-01,5.518293876937827580e-01,3.799729683830804783e-02,-6.365951608885801749e-02,3.981053298003384838e-02,5.089141259468190626e-01,-2.648355784843757221e-01,2.225842555917429411e-01,-7.848892644107183236e-02,-4.697853695576990618e-01,6.917764830731354397e-01,-4.602723962505714250e-01,3.562850608817502707e-01,-4.596553349546377287e-01,5.559973726821415552e-01,5.490057085963068184e-01,3.756116860730357998e-01,5.719254207426258674e-01
1.503464110061178138e-01,-4.371254207725717711e-01,1.000000000000000000e+00,-3.238708552598595913e-01,-3.865897958208190932e-01,-5.646489332719842880e-01,3.216751978614273422e-01,-1.265907571530009434e-01,-4.866999632052234070e-01,-1.538712655800991147e-01,-2.713003069568798442e-01,-4.367996682731106195e-01,-2.866441172772121182e-01,1.279154351867128718e-02,6.546159132112459034e-01,-1.305848025023669326e-02,5.814073474282156484e-01,-7.641136045043481761e-01,-6.132237627993073481e-01,2.520977875702186122e-01,-2.960371976097456725e-01,5.126480955113492666e-01,-4.563773966708755125e-01,2.335826814113056427e-01,4.973330010879653540e-01,6.465587754045745150e-01,6.062181555551393597e-02,5.602074376340828721e-01,3.082117134251549651e-01,5.303485918735090232e-01,8.895497993590275598e-01,-6.640355923116503245e-01,6.249193396197041395e-01,6.312517645180718007e-02,6.358178336402627862e-01,-2.677102217034346698e-01,-6.139596148215569205e-01,-5.665458405884352677e-01,-6.487830432277985615e-01
-1.745476988844756883e-01,2.614975015881815801e-01,-3.238708552598595913e-01,1.000000000000000000e+00,2.207813539959479210e-01,3.019885370077591280e-01,-2.563657449364537336e-02,7.975023487027997626e-02,2.879060851901121820e-01,1.372386222405100331e-01,1.270545443696730614e-01,2.275141340665533807e-01,1.024282468239535171e-01,5.213737894386125116e-02,-5.387767557136743379e-01,8.880444288149172416e-02,-3.223485595862739528e-01,4.159543503941196541e-01,4.096423359979842749e-01,-3.776198721179144235e-02,1.566696533638125763e-02,-2.679024330643801632e-01,2.059429691783981053e-01,-1.120647833224941853e-01,-2.313049328366406365e-01,-2.431090179777969651e-01,1.642683936835354630e-01,-1.201355014243156022e-01,-2.411069517410848184e-01,-2.862304999155270702e-01,-3.855881660129278354e-01,3.089797400160555485e-01,-3.045161372170732683e-01,-7.832891304658985698e-02,-3.409874576833131776e-01,1.784729441306575903e-01,2.535115511637166530e-01,3.034808612435221931e-01,3.815572255737798013e-01
1.706361915006966989e-01,4.655747034807526941e-01,-3.865897958208190932e-01,2.207813539959479210e-01,1.000000000000000000e+00,3.962787844609297894e-01,-2.448136594338255478e-01,4.321846851282353658e-02,7.825565512899057552e-01,4.473951377340339430e-01,3.007211419664223562e-01,6.677485315064181082e-01,-4.860679761697269535e-02,4.553851938183353654e-01,-4.465501375032510656e-01,4.259904998390647290e-01,-5.527078958666876707e-01,6.007307169484465970e-01,6.944783674158225839e-01,-2.793438072541158390e-01,9.987117272701487303e-02,-3.637908403996440998e-01,6.021598311799932768e-01,1.695834153415274603e-01,-6.958238547956319131e-02,-2.588957887277502090e-01,5.772136799180588307e-01,-1.584522096868626884e-01,-6.931474477670117318e-02,-2.223560209330158188e-01,-4.941860787793497245e-01,6.393995546616554337e-01,-4.166667847294916460e-01,6.200731994540081837e-01,-6.303990336085250057e-01,2.832659750993221648e-01,4.425612021605300206e-01,5.562642924516538745e-01,6.575940444743331170e-01
-2.510753101119204134e-01,2.398835467522961451e-01,-5.646489332719842880e-01,3.019885370077591280e-01,3.962787844609297894e-01,1.000000000000000000e+00,-2.171753677764928225e-01,2.111798574299690069e-03,4.926205442234319332e-01,1.678303686122870064e-01,2.896933321276034534e-01,3.754142456580071285e-01,1.164588006172456169e-01,1.272244656187836442e-01,-5.926197632623418921e-01,-1.256487953625048601e-02,-4.852687482419054676e-01,6.643988237490713322e-01,6.044460216726023072e-01,-3.046719100931031821e-01,3.512742506767681933e-02,-3.944029226777478470e-01,3.653217960805023590e-01,-6.221814957565526862e-03,-2.628124811867890154e-01,-4.601423155362750483e-01,3.332897837714852984e-02,-3.575872860013195043e-01,-1.704077364067445588e-01,-3.380535430058995705e-01,-5.809909291127380859e-01,5.630159610019006555e-01,-3.841280067088950201e-01,6.365141371346881571e-02,-3.859317110268641327e-01,2.058681004561250805e-01,5.020960024733092109e-01,5.650818445239740306e-01,5.681526274764815421e-01
-3.643763321437686747e-02,-3.203979734058189921e-01,3.216751978614273422e-01,-2.563657449364537336e-02,-2.448136594338255478e-01,-2.171753677764928225e-01,1.000000000000000000e+00,5.551827845986519877e-02,-3.123320479513697068e-01,-2.352570678291735495e-01,-1.622733224004067609e-01,-5.192392962255355515e-01,1.555739996592477303e-01,-2.804496291388253737e-01,1.898874474522780353e-01,-2.001943627252113778e-01,1.669989273054483525e-01,-2.811474731719044717e-01,-3.052327648160783613e-01,-5.657557064057899300e-03,-1.962098360519406223e-03,3.676376370746201050e-01,-4.489073979423793270e-01,-1.208926158907289855e-01,-6.397539091259310529e-02,1.863986632379608099e-01,-1.812684722495571388e-01,4.422406772747193293e-01,2.522793105881221062e-02,1.145584933360210000e-01,3.652441381345544191e-01,-3.851762418067117832e-01,3.307700426212862865e-01,-1.547718605725270646e-01,3.042535379591682076e-01,-9.358811730174429466e-02,-3.235575580931499551e-01,-1.910686799322620921e-01,-2.705995901285260241e-01
1.234761844894596977e-01,-4.829125102050751267e-02,-1.265907571530009434e-01,7.975023487027997626e-02,4.321846851282353658e-02,2.111798574299690069e-03,5.551827845986519877e-02,1.000000000000000000e+00,-6.598972661382963845e-03,-3.959176625371903929e-02,3.196355393945551904e-02,-3.939987139450786685e-03,2.219535962258157580e-01,3.056639187487953171e-02,-8.621024278509473171e-02,-3.091047391129225341e-03,2.177545863371677885e-03,8.655648407083275930e-02,1.622348263725904849e-02,-1.151799610801974433e-01,4.245539693154594396e-02,2.032013226002228959e-02,-5.407040629185252273e-02,6.236175942678669204e-02,-2.095879692546629425e-01,4.972501950020150052e-03,-2.027074213780100942e-01,1.162073569516863664e-01,1.138411192369823549e-01,-1.443129210435222225e-04,-1.101278625154906571e-01,2.088900027779688751e-02,8.843648459170018461e-02,-3.632077422138137862e-02,1.020046989892968783e-02,3.536207250411019243e-02,-2.460458856553359580e-02,1.326214722349042530e-01,7.408465261965517523e-02
1.974748162203142365e-01,5.912626662765257946e-01,-4.866999632052234070e-01,2.879060851901121820e-01,7.825565512899057552e-01,4.926205442234319332e-01,-3.123320479513697068e-01,-6.598972661382963845e-03,1.000000000000000000e+00,4.710106377301467862e-01,3.756082061728110988e-01,6.850349747344204321e-01,2.308993896331032816e-02,4.340788294664865710e-01,-5.125851650501137557e-01,4.553764123836685496e-01,-5.204224081805224333e-01,7.113584733299826990e-01,7.811276949186701790e-01,-2.383760818114908642e-01,1.841079305308284952e-01,-4.420447341777489214e-01,7.441277433874763370e-01,1.875660057400883596e-01,-3.403925239292068718e-03,-2.226427816618624100e-01,5.210387015697945934e-01,-2.288679594553373053e-01,-6.083275059788369882e-02,-2.100468896063744928e-01,-5.862861461120077999e-01,7.292851614656669090e-01,-4.720578406159621210e-01,6.032515575324797208e-01,-6.038473573845010156e-01,3.616129896593823778e-01,6.165430591487499612e-01,6.413901883416263106e-01,7.616046553520993134e-01
2.810928310954239340e-01,5.509154033048559995e-01,-1.538712655800991147e-01,1.372386222405100331e-01,4.473951377340339430e-01,1.678303686122870064e-01,-2.352570678291735495e-01,-3.959176625371903929e-02,4.710106377301467862e-01,1.000000000000000000e+00,3.062024897224490672e-01,3.958577468001482358e-01,-7.288050061820700032e-02,4.156850544177653206e-01,-2.262904564495566428e-01,7.684672663212723798e-01,-2.379008560708157083e-01,2.885629866587655634e-01,3.586749077256057294e-01,-6.617452834631246117e-02,9.886661161426293920e-02,-1.932886342894550857e-01,4.263283574099265838e-01,5.729939255731159725e-02,1.578167269659533634e-01,1.601805165761644167e-01,6.225706014472337513e-01,-1.753160210560756049e-01,4.140542983893049089e-01,3.403214068314976415e-01,-2.198652615101117924e-01,5.610006667124894930e-01,-2.041521298906105453e-01,3.539338668438686830e-01,-2.040847839994668622e-01,5.173299375236187769e-01,4.150026349494979616e-01,9.233195897911823657e-02,2.970643921938718179e-01
1.198608677993943383e-01,3.545507316988047997e-01,-2.713003069568798442e-01,1.270545443696730614e-01,3.007211419664223562e-01,2.896933321276034534e-01,-1.622733224004067609e-01,3.196355393945551904e-02,3.756082061728110988e-01,3.062024897224490672e-01,1.000000000000000000e+00,1.874447822222179427e-01,6.569824652030699375e-02,3.438510422461031890e-01,-2.185174916717487203e-01,1.908087555787213729e-01,7.709550554481603424e-02,2.654185690336499648e-01,2.946896496299896695e-01,-9.567927488220530352e-02,-8.260589835428221173e-02,-2.230555198893049429e-01,4.650132735715326593e-01,4.782527676136760775e-02,5.385026094605596669e-02,4.096816128004456686e-02,1.759070960174987097e-01,-2.418888884960299357e-01,2.305239239156715858e-01,4.978655833584929441e-02,-3.173722407046704053e-01,3.925449340404911780e-01,-2.237742797061786360e-01,2.139300199680110592e-01,-1.099262595831331790e-01,4.815001394943717594e-01,3.726356551503464121e-01,2.606529576780101665e-01,3.671934546312839998e-01
1.894907702347758405e-01,4.626781638895006155e-01,-4.367996682731106195e-01,2.275141340665533807e-01,6.677485315064181082e-01,3.754142456580071285e-01,-5.192392962255355515e-01,-3.939987139450786685e-03,6.850349747344204321e-01,3.958577468001482358e-01,1.874447822222179427e-01,1.000000000000000000e+00,-1.107327914102280014e-01,2.830855251710117093e-01,-4.231197339083797027e-01,3.927484637404657919e-01,-4.777247698497130712e-01,5.794313517274822800e-01,6.149631010959564215e-01,-1.462550775034870132e-01,1.293814156664158110e-01,-4.522527645006185759e-01,6.212731289582745786e-01,1.365271731961894275e-01,8.022186224820806663e-03,-2.933635159035016260e-01,4.232821809042372485e-01,-2.850568420254140922e-01,-1.300963513678853323e-01,-2.686262339710334124e-01,-4.964343706854332239e-01,6.167079915354943820e-01,-4.489302754555286601e-01,4.582815024121945635e-01,-5.961169612872702084e-01,2.264006305201994307e-01,4.497464666028903602e-01,5.270704234675690492e-01,5.650831542360867932e-01
-1.593491732561631014e-01,-4.833215298174460030e-03,-2.866441172772121182e-01,1.024282468239535171e-01,-4.860679761697269535e-02,1.164588006172456169e-01,1.555739996592477303e-01,2.219535962258157580e-01,2.308993896331032816e-02,-7.288050061820700032e-02,6.569824652030699375e-02,-1.107327914102280014e-01,1.000000000000000000e+00,-2.301943342587340624e-01,-1.005153723810723876e-01,-1.400993426843762935e-01,-6.157854962548802574e-02,1.994468446743739298e-01,1.403798529997222766e-01,-5.648095705035899999e-02,1.656396463489099580e-01,2.187333982572896296e-01,1.066406688158775401e-01,-2.981373652148688880e-01,-1.690604763116916043e-01,-2.716343718413616881e-01,-2.836198160629911369e-01,-2.491732612063279895e-02,-1.483294541448166026e-01,-7.498115034874387741e-02,-2.688449956179638778e-01,8.533335862342526779e-02,4.415619681432713522e-02,-1.894788760747612710e-01,-2.198091077191391060e-02,-1.891158144100693259e-02,1.568067905389583794e-01,7.641912228504645077e-02,1.301606503077038235e-01
2.566067058148463476e-01,2.721743274192411355e-01,1.279154351867128718e-02,5.213737894386125116e-02,4.553851938183353654e-01,1.272244656187836442e-01,-2.804496291388253737e-01,3.056639187487953171e-02,4.340788294664865710e-01,4.156850544177653206e-01,3.438510422461031890e-01,2.830855251710117093e-01,-2.301943342587340624e-01,1.000000000000000000e+00,-4.236150560445549329e-02,4.505342743718788179e-01,5.937065870610573268e-03,7.186951136334390755e-02,2.313479513960486622e-01,-3.631069365969450541e-02,-2.201139251459424406e-01,-2.195361078654916587e-01,4.250869112509496062e-01,4.491158984004512966e-01,3.801970644623822171e-01,1.749827665083667216e-01,4.448415375587047027e-01,9.444201117971234502e-03,2.196875346008858865e-01,2.052150702673111171e-01,-6.341006376614294338e-02,2.416927760188067875e-01,-1.426071134959103204e-01,5.741528247852737410e-01,-1.371599294718310047e-01,2.652210437095415818e-01,2.140352572326687242e-01,1.010182101668579829e-01,1.833911902189679088e-01
1.335405708179318029e-01,-4.397584410802487520e-01,6.546159132112459034e-01,-5.387767557136743379e-01,-4.465501375032510656e-01,-5.926197632623418921e-01,1.898874474522780353e-01,-8.621024278509473171e-02,-5.125851650501137557e-01,-2.262904564495566428e-01,-2.185174916717487203e-01,-4.231197339083797027e-01,-1.005153723810723876e-01,-4.236150560445549329e-02,1.000000000000000000e+00,-1.240602831586325172e-01,6.030688253059632853e-01,-7.739446967022997059e-01,-6.667883123077212870e-01,2.420823025368729897e-01,-1.309949960160760318e-01,4.579029418641257232e-01,-4.044976393543842086e-01,1.063181300007008251e-01,4.454493848680809998e-01,4.582645801740952152e-01,-1.358973578772525170e-01,3.391533864433404211e-01,2.482391796775824389e-01,4.377422740884228114e-01,7.070839376726775205e-01,-6.243887399804413096e-01,5.417980982948437108e-01,1.445423590911631452e-02,6.094964090568258941e-01,-2.509526332290431538e-01,-4.802210386589098046e-01,-6.172264890368236445e-01,-7.152760870705114904e-01
4.466166725276449201e-01,5.306099243496043005e-01,-1.305848025023669326e-02,8.880444288149172416e-02,4.259904998390647290e-01,-1.256487953625048601e-02,-2.001943627252113778e-01,-3.091047391129225341e-03,4.553764123836685496e-01,7.684672663212723798e-01,1.908087555787213729e-01,3.927484637404657919e-01,-1.400993426843762935e-01,4.505342743718788179e-01,-1.240602831586325172e-01,1.000000000000000000e+00,-1.091270314763235078e-01,1.638918478777603716e-01,2.555501022062774963e-01,5.510392954467097787e-02,8.775984052770853527e-02,-1.449531207720509973e-01,4.109269671862714191e-01,1.989205054947220108e-01,2.601427701590703356e-01,3.186173801404478811e-01,5.948961548408152611e-01,-2.559862379587653398e-03,4.062785122029828888e-01,3.766548162438747571e-01,-7.845083205825023609e-02,4.104514481912704404e-01,-1.277755384832059415e-01,4.531670443967358852e-01,-1.917027694404241644e-01,3.883222419547548987e-01,2.295847402951620153e-01,7.267016399575693120e-02,2.473776803723098106e-01
2.113458441384075959e-01,-3.452115302728405721e-01,5.814073474282156484e-01,-3.223485595862739528e-01,-5.527078958666876707e-01,-4.852687482419054676e-01,1.669989273054483525e-01,2.177545863371677885e-03,-5.204224081805224333e-01,-2.379008560708157083e-01,7.709550554481603424e-02,-4.777247698497130712e-01,-6.157854962548802574e-02,5.937065870610573268e-03,6.030688253059632853e-01,-1.091270314763235078e-01,1.000000000000000000e+00,-7.074559454387207014e-01,-6.941518072212869983e-01,2.693402481297903495e-01,-2.826796621699139145e-01,3.733176537678188356e-01,-3.092772803549263538e-01,1.473510254510922990e-01,3.547227664349158482e-01,6.183070122605075492e-01,-2.693085726114402556e-01,2.821193937326730850e-01,4.202284889807756940e-01,4.840677522945344702e-01,6.282503250630308012e-01,-5.730486052119962981e-01,4.913184495208770541e-01,-1.064368162256464218e-01,6.676190324565668410e-01,-1.121733291276066774e-01,-4.625886130983997702e-01,-5.183409968348113850e-01,-5.994078690595140424e-01
-9.503822446355089659e-02,4.857000159202071732e-01,-7.641136045043481761e-01,4.159543503941196541e-01,6.007307169484465970e-01,6.643988237490713322e-01,-2.811474731719044717e-01,8.655648407083275930e-02,7.113584733299826990e-01,2.885629866587655634e-01,2.654185690336499648e-01,5.794313517274822800e-01,1.994468446743739298e-01,7.186951136334390755e-02,-7.739446967022997059e-01,1.638918478777603716e-01,-7.074559454387207014e-01,1.000000000000000000e+00,8.333223280564250324e-01,-3.048697645466164063e-01,2.594410357292994962e-01,-5.183873824067157798e-01,5.634075160170189944e-01,-9.307295803030346537e-02,-3.873357675291324576e-01,-5.659063418605059237e-01,1.744936719695762972e-01,-4.302305147677314978e-01,-2.990724581834299789e-01,-4.735785357475528201e-01,-8.105032072175122337e-01,7.723938675651778052e-01,-6.043101050858556977e-01,1.318862369468268847e-01,-7.050653726993089121e-01,2.520321936661101825e-01,6.371590944165961279e-01,7.570002720656444639e-01,8.232656674919578421e-01
-1.200584216068781435e-01,4.781375328686264248e-01,-6.132237627993073481e-01,4.096423359979842749e-01,6.944783674158225839e-01,6.044460216726023072e-01,-3.052327648160783613e-01,1.622348263725904849e-02,7.811276949186701790e-01,3.586749077256057294e-01,2.946896496299896695e-01,6.149631010959564215e-01,1.403798529997222766e-01,2.313479513960486622e-01,-6.667883123077212870e-01,2.555501022062774963e-01,-6.941518072212869983e-01,8.333223280564250324e-01,1.000000000000000000e+00,-3.023649482497159924e-01,1.235010128642467508e-01,-4.065229449141534723e-01,6.047519530017118061e-01,-1.489946342322786069e-02,-2.655181552118458521e-01,-4.805604030717861574e-01,3.690447056980047935e-01,-3.494747434325151669e-01,-2.932627002318332066e-01,-3.713182622258791588e-01,-6.977001845553980619e-01,7.339718508994158563e-01,-5.334697973800580639e-01,2.566468096139854493e-01,-7.020420326607420547e-01,2.111933878093493200e-01,5.869124021537449609e-01,6.830681185403477684e-01,7.775979133527849418e-01
7.598550990637382985e-02,-1.340719633750755979e-01,2.520977875702186122e-01,-3.776198721179144235e-02,-2.793438072541158390e-01,-3.046719100931031821e-01,-5.657557064057899300e-03,-1.151799610801974433e-01,-2.383760818114908642e-01,-6.617452834631246117e-02,-9.567927488220530352e-02,-1.462550775034870132e-01,-5.648095705035899999e-02,-3.631069365969450541e-02,2.420823025368729897e-01,5.510392954467097787e-02,2.693402481297903495e-01,-3.048697645466164063e-01,-3.023649482497159924e-01,1.000000000000000000e+00,-7.234077941026137437e-02,1.509908230132352425e-01,-1.192222561968118988e-01,-3.202444497713565624e-02,2.351898222604561217e-01,2.432744229366775035e-01,-8.762910855409253297e-02,1.037238357314483050e-01,8.144339105042230909e-02,1.393653932529881068e-01,2.530979250443641804e-01,-2.634677770960682786e-01,2.663793122176256190e-01,-7.437769656890265424e-02,2.716456123572413284e-01,-9.404813491128025116e-02,-1.603149790682417697e-01,-1.662154119140760444e-01,-2.075002282959824140e-01
8.652145680319291154e-02,2.211266913853143778e-01,-2.960371976097456725e-01,1.566696533638125763e-02,9.987117272701487303e-02,3.512742506767681933e-02,-1.962098360519406223e-03,4.245539693154594396e-02,1.841079305308284952e-01,9.886661161426293920e-02,-8.260589835428221173e-02,1.293814156664158110e-01,1.656396463489099580e-01,-2.201139251459424406e-01,-1.309949960160760318e-01,8.775984052770853527e-02,-2.826796621699139145e-01,2.594410357292994962e-01,1.235010128642467508e-01,-7.234077941026137437e-02,1.000000000000000000e+00,-1.689834037528925026e-01,1.769392540911284284e-01,-9.958248570649726183e-02,-1.206005443773418007e-01,-1.911471246323742379e-01,8.882608684685117106e-02,-1.856157757079317794e-01,-1.119463493996730556e-02,-1.098557901032749390e-01,-2.991741472607052366e-01,2.552231340195100784e-01,-1.832307173345331108e-01,1.449765955478695507e-03,-1.354384464136107469e-01,1.170699973191599297e-01,2.698626144107838520e-01,8.901768556775124797e-02,2.276242637172736227e-01
1.515838560548827228e-02,-3.731810844601083366e-01,5.126480955113492666e-01,-2.679024330643801632e-01,-3.637908403996440998e-01,-3.944029226777478470e-01,3.676376370746201050e-01,2.032013226002228959e-02,-4.420447341777489214e-01,-1.932886342894550857e-01,-2.230555198893049429e-01,-4.522527645006185759e-01,2.187333982572896296e-01,-2.195361078654916587e-01,4.579029418641257232e-01,-1.449531207720509973e-01,3.733176537678188356e-01,-5.183873824067157798e-01,-4.065229449141534723e-01,1.509908230132352425e-01,-1.689834037528925026e-01,1.000000000000000000e+00,-4.590491877829235290e-01,-8.921868148493937445e-02,1.247803484064040069e-01,3.554616937462125592e-01,-1.587835589112742141e-01,4.494366826913857027e-01,1.424087016618815205e-01,3.382491184571053133e-01,5.672319762390268805e-01,-5.034031776357558163e-01,4.918676348138434351e-01,-1.283044812009982438e-01,4.492238189899023793e-01,-3.358641769594620796e-01,-4.556010084738377208e-01,-4.678596503288532937e-01,-5.228863291865046836e-01
2.006501678171602465e-01,5.518293876937827580e-01,-4.563773966708755125e-01,2.059429691783981053e-01,6.021598311799932768e-01,3.653217960805023590e-01,-4.489073979423793270e-01,-5.407040629185252273e-02,7.441277433874763370e-01,4.263283574099265838e-01,4.650132735715326593e-01,6.212731289582745786e-01,1.066406688158775401e-01,4.250869112509496062e-01,-4.044976393543842086e-01,4.109269671862714191e-01,-3.092772803549263538e-01,5.634075160170189944e-01,6.047519530017118061e-01,-1.192222561968118988e-01,1.769392540911284284e-01,-4.590491877829235290e-01,1.000000000000000000e+00,1.376241816571180665e-01,2.465370739214541584e-01,-2.234448600549884256e-01,4.066328360088410920e-01,-3.020200151136918088e-01,-1.819507873873591267e-02,-3.761014394030658126e-02,-5.434991065735542692e-01,6.491450362746759017e-01,-4.777557350078315279e-01,4.849404338845816342e-01,-4.848879503535906688e-01,3.693264225389390476e-01,6.012513309021582097e-01,4.292863290971269952e-01,6.052880582831573486e-01
3.338606621339275660e-01,3.799729683830804783e-02,2.335826814113056427e-01,-1.120647833224941853e-01,1.695834153415274603e-01,-6.221814957565526862e-03,-1.208926158907289855e-01,6.236175942678669204e-02,1.875660057400883596e-01,5.729939255731159725e-02,4.782527676136760775e-02,1.365271731961894275e-01,-2.981373652148688880e-01,4.491158984004512966e-01,1.063181300007008251e-01,1.989205054947220108e-01,1.473510254510922990e-01,-9.307295803030346537e-02,-1.489946342322786069e-02,-3.202444497713565624e-02,-9.958248570649726183e-02,-8.921868148493937445e-02,1.376241816571180665e-01,1.000000000000000000e+00,4.074209387571891550e-01,2.598705428982582832e-01,1.946116776971558437e-01,1.192609110758981045e-01,1.714456336854656981e-01,1.023922462977153447e-01,1.818518751420912793e-01,-3.724164100117737658e-02,8.002903207644694594e-02,3.418047873581893659e-01,6.227468883773949054e-02,5.034899863592810776e-02,-5.582989604513330893e-03,1.108651174339822520e-01,7.643674649178296143e-02
2.565031689450251728e-01,-6.365951608885801749e-02,4.973330010879653540e-01,-2.313049328366406365e-01,-6.958238547956319131e-02,-2.628124811867890154e-01,-6.397539091259310529e-02,-2.095879692546629425e-01,-3.403925239292068718e-03,1.578167269659533634e-01,5.385026094605596669e-02,8.022186224820806663e-03,-1.690604763116916043e-01,3.801970644623822171e-01,4.454493848680809998e-01,2.601427701590703356e-01,3.547227664349158482e-01,-3.873357675291324576e-01,-2.655181552118458521e-01,2.351898222604561217e-01,-1.206005443773418007e-01,1.247803484064040069e-01,2.465370739214541584e-01,4.074209387571891550e-01,1.000000000000000000e+00,4.205142666172052013e-01,2.235634519515420082e-01,2.662340776144473953e-01,2.640084072883967514e-01,5.536195028236363669e-01,4.448173543273921671e-01,-2.277102584357217629e-01,2.338405798779912004e-01,3.492307594026831663e-01,3.564357752456336903e-01,9.068209547037428542e-02,-9.938355141774303514e-02,-3.426637053664625676e-01,-2.934423144190506649e-01
4.775542662421448648e-01,3.981053298003384838e-02,6.465587754045745150e-01,-2.431090179777969651e-01,-2.588957887277502090e-01,-4.601423155362750483e-01,1.863986632379608099e-01,4.972501950020150052e-03,-2.226427816618624100e-01,1.601805165761644167e-01,4.096816128004456686e-02,-2.933635159035016260e-01,-2.716343718413616881e-01,1.749827665083667216e-01,4.582645801740952152e-01,3.186173801404478811e-01,6.183070122605075492e-01,-5.659063418605059237e-01,-4.805604030717861574e-01,2.432744229366775035e-01,-1.911471246323742379e-01,3.554616937462125592e-01,-2.234448600549884256e-01,2.598705428982582832e-01,4.205142666172052013e-01,1.000000000000000000e+00,2.218587664745169941e-01,3.911908200152538484e-01,6.836713307811833618e-01,5.949339038791626733e-01,6.523099355980103153e-01,-3.064075822626894374e-01,4.491605079175318704e-01,1.862269602325268281e-01,5.743942080930709571e-01,9.818079243457203398e-02,-2.989247431733375038e-01,-3.895653298391197339e-01,-3.952215516950599028e-01
2.497792135739352326e-01,5.089141259468190626e-01,6.062181555551393597e-02,1.642683936835354630e-01,5.772136799180588307e-01,3.332897837714852984e-02,-1.812684722495571388e-01,-2.027074213780100942e-01,5.210387015697945934e-01,6.225706014472337513e-01,1.759070960174987097e-01,4.232821809042372485e-01,-2.836198160629911369e-01,4.448415375587047027e-01,-1.358973578772525170e-01,5.948961548408152611e-01,-2.693085726114402556e-01,1.744936719695762972e-01,3.690447056980047935e-01,-8.762910855409253297e-02,8.882608684685117106e-02,-1.587835589112742141e-01,4.066328360088410920e-01,1.946116776971558437e-01,2.235634519515420082e-01,2.218587664745169941e-01,1.000000000000000000e+00,-1.476301982234113838e-02,2.102997633319022008e-01,1.715612712607792467e-01,-6.175579435709848547e-02,4.010401508476476584e-01,-1.853884297555301042e-01,5.450509202458055924e-01,-2.621516025282326634e-01,2.962981221759417583e-01,2.581284507520249516e-01,6.929378485330418835e-02,2.870830460728821532e-01
2.653616742479921187e-01,-2.648355784843757221e-01,5.602074376340828721e-01,-1.201355014243156022e-01,-1.584522096868626884e-01,-3.575872860013195043e-01,4.422406772747193293e-01,1.162073569516863664e-01,-2.288679594553373053e-01,-1.753160210560756049e-01,-2.418888884960299357e-01,-2.850568420254140922e-01,-2.491732612063279895e-02,9.444201117971234502e-03,3.391533864433404211e-01,-2.559862379587653398e-03,2.821193937326730850e-01,-4.302305147677314978e-01,-3.494747434325151669e-01,1.037238357314483050e-01,-1.856157757079317794e-01,4.494366826913857027e-01,-3.020200151136918088e-01,1.192609110758981045e-01,2.662340776144473953e-01,3.911908200152538484e-01,-1.476301982234113838e-02,1.000000000000000000e+00,1.376116440016385278e-01,2.721902846976027579e-01,5.556698193017063359e-01,-4.405978175620187676e-01,3.906888095126507809e-01,1.390079815765211946e-01,3.118360404818369958e-01,-1.862773283655087264e-01,-4.408878216287667740e-01,-2.678517242353885552e-01,-3.614096275513612455e-01
4.737295127752974566e-01,2.225842555917429411e-01,3.082117134251549651e-01,-2.411069517410848184e-01,-6.931474477670117318e-02,-1.704077364067445588e-01,2.522793105881221062e-02,1.138411192369823549e-01,-6.083275059788369882e-02,4.140542983893049089e-01,2.305239239156715858e-01,-1.300963513678853323e-01,-1.483294541448166026e-01,2.196875346008858865e-01,2.482391796775824389e-01,4.062785122029828888e-01,4.202284889807756940e-01,-2.990724581834299789e-01,-2.932627002318332066e-01,8.144339105042230909e-02,-1.119463493996730556e-02,1.424087016618815205e-01,-1.819507873873591267e-02,1.714456336854656981e-01,2.640084072883967514e-01,6.836713307811833618e-01,2.102997633319022008e-01,1.376116440016385278e-01,1.000000000000000000e+00,5.613525281884816920e-01,3.181964129415895681e-01,1.102693057491577477e-01,3.069980166300658730e-01,1.988339930129072175e-01,4.702002668003515962e-01,3.242847791885294373e-01,8.313085530777625243e-02,-2.109545686605137360e-01,-1.486179320035492801e-01
2.259988326807901293e-01,-7.848892644107183236e-02,5.303485918735090232e-01,-2.862304999155270702e-01,-2.223560209330158188e-01,-3.380535430058995705e-01,1.145584933360210000e-01,-1.443129210435222225e-04,-2.100468896063744928e-01,3.403214068314976415e-01,4.978655833584929441e-02,-2.686262339710334124e-01,-7.498115034874387741e-02,2.052150702673111171e-01,4.377422740884228114e-01,3.766548162438747571e-01,4.840677522945344702e-01,-4.735785357475528201e-01,-3.713182622258791588e-01,1.393653932529881068e-01,-1.098557901032749390e-01,3.382491184571053133e-01,-3.761014394030658126e-02,1.023922462977153447e-01,5.536195028236363669e-01,5.949339038791626733e-01,1.715612712607792467e-01,2.721902846976027579e-01,5.613525281884816920e-01,1.000000000000000000e+00,5.035857187607678531e-01,-2.544122667933683690e-01,3.593001787919007928e-01,1.112869478236917925e-01,4.951584562462854611e-01,1.290250090733681687e-01,-2.478943641029143774e-01,-5.473692932921445653e-01,-4.583718040414951900e-01
1.679116283287478972e-01,-4.697853695576990618e-01,8.895497993590275598e-01,-3.855881660129278354e-01,-4.941860787793497245e-01,-5.809909291127380859e-01,3.652441381345544191e-01,-1.101278625154906571e-01,-5.862861461120077999e-01,-2.198652615101117924e-01,-3.173722407046704053e-01,-4.964343706854332239e-01,-2.688449956179638778e-01,-6.341006376614294338e-02,7.070839376726775205e-01,-7.845083205825023609e-02,6.282503250630308012e-01,-8.105032072175122337e-01,-6.977001845553980619e-01,2.530979250443641804e-01,-2.991741472607052366e-01,5.672319762390268805e-01,-5.434991065735542692e-01,1.818518751420912793e-01,4.448173543273921671e-01,6.523099355980103153e-01,-6.175579435709848547e-02,5.556698193017063359e-01,3.181964129415895681e-01,5.035857187607678531e-01,1.000000000000000000e+00,-7.137518435447156584e-01,6.281059820524899084e-01,-1.793437249620000520e-02,6.828448031555712783e-01,-3.093494786034187705e-01,-6.439719787344216906e-01,-6.060568032786586290e-01,-7.282743094542779572e-01
1.139403061799321853e-01,6.917764830731354397e-01,-6.640355923116503245e-01,3.089797400160555485e-01,6.393995546616554337e-01,5.630159610019006555e-01,-3.851762418067117832e-01,2.088900027779688751e-02,7.292851614656669090e-01,5.610006667124894930e-01,3.925449340404911780e-01,6.167079915354943820e-01,8.533335862342526779e-02,2.416927760188067875e-01,-6.243887399804413096e-01,4.104514481912704404e-01,-5.730486052119962981e-01,7.723938675651778052e-01,7.339718508994158563e-01,-2.634677770960682786e-01,2.552231340195100784e-01,-5.034031776357558163e-01,6.491450362746759017e-01,-3.724164100117737658e-02,-2.277102584357217629e-01,-3.064075822626894374e-01,4.010401508476476584e-01,-4.405978175620187676e-01,1.102693057491577477e-01,-2.544122667933683690e-01,-7.137518435447156584e-01,1.000000000000000000e+00,-5.226595563105267406e-01,2.819020684024962642e-01,-5.516106324437562991e-01,4.440101690276895274e-01,7.831498975687939401e-01,6.023913643089207071e-01,7.590778877903068267e-01
1.360417553226824644e-02,-4.602723962505714250e-01,6.249193396197041395e-01,-3.045161372170732683e-01,-4.166667847294916460e-01,-3.841280067088950201e-01,3.307700426212862865e-01,8.843648459170018461e-02,-4.720578406159621210e-01,-2.041521298906105453e-01,-2.237742797061786360e-01,-4.489302754555286601e-01,4.415619681432713522e-02,-1.426071134959103204e-01,5.417980982948437108e-01,-1.277755384832059415e-01,4.913184495208770541e-01,-6.043101050858556977e-01,-5.334697973800580639e-01,2.663793122176256190e-01,-1.832307173345331108e-01,4.918676348138434351e-01,-4.777557350078315279e-01,8.002903207644694594e-02,2.338405798779912004e-01,4.491605079175318704e-01,-1.853884297555301042e-01,3.906888095126507809e-01,3.069980166300658730e-01,3.593001787919007928e-01,6.281059820524899084e-01,-5.226595563105267406e-01,1.000000000000000000e+00,-8.832448815810178822e-02,6.806169357885607507e-01,-2.195077950211084816e-01,-4.000557360336001178e-01,-4.531179413688007362e-01,-5.441526160451228833e-01
4.711661254666846821e-01,3.562850608817502707e-01,6.312517645180718007e-02,-7.832891304658985698e-02,6.200731994540081837e-01,6.365141371346881571e-02,-1.547718605725270646e-01,-3.632077422138137862e-02,6.032515575324797208e-01,3.539338668438686830e-01,2.139300199680110592e-01,4.582815024121945635e-01,-1.894788760747612710e-01,5.741528247852737410e-01,1.445423590911631452e-02,4.531670443967358852e-01,-1.064368162256464218e-01,1.318862369468268847e-01,2.566468096139854493e-01,-7.437769656890265424e-02,1.449765955478695507e-03,-1.283044812009982438e-01,4.849404338845816342e-01,3.418047873581893659e-01,3.492307594026831663e-01,1.862269602325268281e-01,5.450509202458055924e-01,1.390079815765211946e-01,1.988339930129072175e-01,1.112869478236917925e-01,-1.793437249620000520e-02,2.819020684024962642e-01,-8.832448815810178822e-02,1.000000000000000000e+00,-2.006281360224146382e-01,2.216739567599657068e-01,2.054754626707025467e-01,2.341597010136798052e-01,3.003701595193750129e-01
4.174533957214470251e-03,-4.596553349546377287e-01,6.358178336402627862e-01,-3.409874576833131776e-01,-6.303990336085250057e-01,-3.859317110268641327e-01,3.042535379591682076e-01,1.020046989892968783e-02,-6.038473573845010156e-01,-2.040847839994668622e-01,-1.099262595831331790e-01,-5.961169612872702084e-01,-2.198091077191391060e-02,-1.371599294718310047e-01,6.094964090568258941e-01,-1.917027694404241644e-01,6.676190324565668410e-01,-7.050653726993089121e-01,-7.020420326607420547e-01,2.716456123572413284e-01,-1.354384464136107469e-01,4.492238189899023793e-01,-4.848879503535906688e-01,6.227468883773949054e-02,3.564357752456336903e-01,5.743942080930709571e-01,-2.621516025282326634e-01,3.118360404818369958e-01,4.702002668003515962e-01,4.951584562462854611e-01,6.828448031555712783e-01,-5.516106324437562991e-01,6.806169357885607507e-01,-2.006281360224146382e-01,1.000000000000000000e+00,-1.163281534343012513e-01,-3.008112999874134053e-01,-5.923410058914335696e-01,-6.662300746203154711e-01
3.147246389113636522e-01,5.559973726821415552e-01,-2.677102217034346698e-01,1.784729441306575903e-01,2.832659750993221648e-01,2.058681004561250805e-01,-9.358811730174429466e-02,3.536207250411019243e-02,3.616129896593823778e-01,5.173299375236187769e-01,4.815001394943717594e-01,2.264006305201994307e-01,-1.891158144100693259e-02,2.652210437095415818e-01,-2.509526332290431538e-01,3.883222419547548987e-01,-1.121733291276066774e-01,2.520321936661101825e-01,2.111933878093493200e-01,-9.404813491128025116e-02,1.170699973191599297e-01,-3.358641769594620796e-01,3.693264225389390476e-01,5.034899863592810776e-02,9.068209547037428542e-02,9.818079243457203398e-02,2.962981221759417583e-01,-1.862773283655087264e-01,3.242847791885294373e-01,1.290250090733681687e-01,-3.093494786034187705e-01,4.440101690276895274e-01,-2.195077950211084816e-01,2.216739567599657068e-01,-1.163281534343012513e-01,1.000000000000000000e+00,4.251790456380842298e-01,1.813588076101926849e-01,3.082008965868202610e-01
7.159487750925968078e-03,5.490057085963068184e-01,-6.139596148215569205e-01,2.535115511637166530e-01,4.425612021605300206e-01,5.020960024733092109e-01,-3.235575580931499551e-01,-2.460458856553359580e-02,6.165430591487499612e-01,4.150026349494979616e-01,3.726356551503464121e-01,4.497464666028903602e-01,1.568067905389583794e-01,2.140352572326687242e-01,-4.802210386589098046e-01,2.295847402951620153e-01,-4.625886130983997702e-01,6.371590944165961279e-01,5.869124021537449609e-01,-1.603149790682417697e-01,2.698626144107838520e-01,-4.556010084738377208e-01,6.012513309021582097e-01,-5.582989604513330893e-03,-9.938355141774303514e-02,-2.989247431733375038e-01,2.581284507520249516e-01,-4.408878216287667740e-01,8.313085530777625243e-02,-2.478943641029143774e-01,-6.439719787344216906e-01,7.831498975687939401e-01,-4.000557360336001178e-01,2.054754626707025467e-01,-3.008112999874134053e-01,4.251790456380842298e-01,1.000000000000000000e+00,4.680119651941891945e-01,6.138535960088317145e-01
9.483240054869729319e-02,3.756116860730357998e-01,-5.665458405884352677e-01,3.034808612435221931e-01,5.562642924516538745e-01,5.650818445239740306e-01,-1.910686799322620921e-01,1.326214722349042530e-01,6.413901883416263106e-01,9.233195897911823657e-02,2.606529576780101665e-01,5.270704234675690492e-01,7.641912228504645077e-02,1.010182101668579829e-01,-6.172264890368236445e-01,7.267016399575693120e-02,-5.183409968348113850e-01,7.570002720656444639e-01,6.830681185403477684e-01,-1.662154119140760444e-01,8.901768556775124797e-02,-4.678596503288532937e-01,4.292863290971269952e-01,1.108651174339822520e-01,-3.426637053664625676e-01,-3.895653298391197339e-01,6.929378485330418835e-02,-2.678517242353885552e-01,-2.109545686605137360e-01,-5.473692932921445653e-01,-6.060568032786586290e-01,6.023913643089207071e-01,-4.531179413688007362e-01,2.341597010136798052e-01,-5.923410058914335696e-01,1.813588076101926849e-01,4.680119651941891945e-01,1.000000000000000000e+00,8.161414749066896457e-01
8.416083560694717636e-02,5.719254207426258674e-01,-6.487830432277985615e-01,3.815572255737798013e-01,6.575940444743331170e-01,5.681526274764815421e-01,-2.705995901285260241e-01,7.408465261965517523e-02,7.616046553520993134e-01,2.970643921938718179e-01,3.671934546312839998e-01,5.650831542360867932e-01,1.301606503077038235e-01,1.833911902189679088e-01,-7.152760870705114904e-01,2.473776803723098106e-01,-5.994078690595140424e-01,8.232656674919578421e-01,7.775979133527849418e-01,-2.075002282959824140e-01,2.276242637172736227e-01,-5.228863291865046836e-01,6.052880582831573486e-01,7.643674649178296143e-02,-2.934423144190506649e-01,-3.952215516950599028e-01,2.870830460728821532e-01,-3.614096275513612455e-01,-1.486179320035492801e-01,-4.583718040414951900e-01,-7.282743094542779572e-01,7.590778877903068267e-01,-5.441526160451228833e-01,3.003701595193750129e-01,-6.662300746203154711e-01,3.082008965868202610e-01,6.138535960088317145e-01,8.161414749066896457e-01,1.000000000000000000e+00
