1.000000000000000000e+00,-1.605107259157756150e-01,1.019585831306312265e-02,-5.128249792751130576e-01,1.449710916188207965e-01,-1.158072087600728189e-01,2.625614837091775830e-02,-6.095083198035813887e-02,-3.400569197398691790e-01,6.557465496344677680e-01,-2.934884707838830709e-01,-1.733504464720282412e-01,-5.723508389299075683e-01,5.080151451132151053e-01,4.141779051054964578e-01,5.982071464383970083e-01,5.504229999292231668e-01,-4.451023480033463597e-01,-4.907579345623639400e-01,3.898029105811320894e-01,5.405551698988041442e-01,3.777410603012032464e-01,2.317767793694588269e-02,3.243602468290902041e-01,5.728552308743809496e-01,7.057494002420501289e-01,-1.253630896555549545e-01,6.128306081140330042e-01,6.952231793665603066e-01,7.182374682501934116e-01,5.863510085736809430e-01,-2.834585298869127246e-01,4.780998684575303304e-01,-1.136510472880289668e-01,5.215856489120371808e-01,3.499930697804592983e-01,4.790046471382694016e-01,8.419750318321717053e-02,-5.619671931848780888e-01
-1.605107259157756150e-01,1.000000000000000000e+00,4.021805253281492964e-01,7.476770195433168897e-01,5.266622340875491970e-01,2.110459924446717317e-01,-1.231363407875827598e-01,-2.977560127677119639e-01,8.528124924558964093e-01,-2.018825522805108366e-03,6.206784596361641926e-01,6.182236911847482919e-01,5.992938265033882494e-01,-1.870790631781435454e-01,-6.533034751940425267e-01,2.945243164810830427e-02,-7.869583698055598875e-01,6.791069056951906102e-01,7.869004593103947620e-01,-6.384323319632663196e-01,-5.239962268924743816e-01,-3.880414595787108900e-01,4.633687135073840668e-01,-2.913350344057663022e-01,-5.329039839148305147e-01,-6.967557542579952967e-01,7.136909973986215183e-01,-7.129273476511805985e-01,-6.675988430156023501e-01,-1.811225753687786821e-01,-3.796254613567647818e-01,6.716657633807048278e-01,-5.807389713051941404e-01,5.466125596847779544e-01,-6.756112061669962143e-01,5.249948678339513147e-02,-6.207973640077153465e-01,-3.501138174379353485e-01,7.988976049520704059e-01
1.019585831306312265e-02,4.021805253281492964e-01,1.000000000000000000e+00,1.326028595099905671e-01,7.585038590319043150e-01,1.011172496903570833e-01,-2.096730222375979835e-01,-9.468269058412634998e-01,3.779533790966634332e-01,7.770098635485216121e-02,1.373886030683692805e-01,2.097668560167604557e-01,1.392923932544661014e-02,5.020957184559901032e-01,-2.635597570434968784e-01,2.441350606900880571e-01,-2.456726628231349074e-01,1.335987065276612873e-01,1.933308972075390708e-01,-5.061092963881623774e-01,2.747805534738852473e-01,-1.541505804467867558e-01,6.459668394635319499e-01,2.608171291053388852e-01,1.087666813225623280e-01,-2.476226335713824223e-01,4.470401888679128022e-01,-9.405220584146947727e-02,-2.834637189695847215e-01,1.826530622211103572e-01,1.802986967341730640e-01,1.400529481306399537e-01,2.100897750059788627e-01,6.744767590500663212e-01,-4.671890879597465768e-02,3.118765562827264803e-01,-1.573307019631456638e-01,-1.996737211619049879e-02,2.888222714494605992e-01
-5.128249792751130576e-01,7.476770195433168897e-01,1.326028595099905671e-01,1.000000000000000000e+00,1.825158677665482676e-01,3.500709550167983852e-02,2.944991464068202197e-02,-2.149463716506966673e-02,8.364296499305774457e-01,-2.964547607665360407e-01,4.740814391563169528e-01,6.208172336872621599e-01,8.240498962157944973e-01,-5.330275076343694574e-01,-6.548346798844612016e-01,-2.488854238334902991e-01,-8.693472392291329287e-01,8.639356586446810260e-01,8.976335735073928124e-01,-5.482873627982985942e-01,-7.630207171883586215e-01,-4.968296703928367086e-01,2.351218465713457162e-01,-4.633874485341140104e-01,-7.400302960937417129e-01,-8.342758741192343175e-01,4.203482308040041304e-01,-8.920545272796222003e-01,-7.859084033528933588e-01,-4.537869311574058151e-01,-7.539368197237036329e-01,5.320420595578412293e-01,-7.974245486516203796e-01,3.503401338585805380e-01,-8.267275615020972523e-01,-2.540846489360242266e-01,-7.858118118976565869e-01,-1.634716191341151204e-01,8.674017184814599712e-01
1.449710916188207965e-01,5.266622340875491970e-01,7.585038590319043150e-01,1.825158677665482676e-01,1.000000000000000000e+00,1.503105142529547467e-01,-1.945024801783600266e-01,-7.160620817933608384e-01,4.965752865051599185e-01,1.611302944025581330e-01,2.630992534896998691e-01,2.412255819722682604e-01,2.609724691002057034e-02,5.106480890007288886e-01,-3.445169629150280355e-01,2.479566244525769625e-01,-2.441737547948487352e-01,2.251664283641096054e-01,2.558934934513408810e-01,-4.604214744663444048e-01,9.673115686415022230e-02,-2.817567725120127542e-01,5.244915953447869539e-01,1.279436404925863857e-01,3.046760261206880871e-02,-1.932983196190887487e-01,5.816342383500945346e-01,-8.175347998396954863e-02,-2.081866145350837749e-01,2.319742313595791749e-01,1.736368876485607504e-01,2.449102260940836939e-01,2.143899970378995365e-02,7.636627440789355292e-01,-1.291141019822429625e-01,4.111382671298615121e-01,-1.412846684150571575e-01,-1.924732129534229355e-02,3.385153594350607253e-01
-1.158072087600728189e-01,2.110459924446717317e-01,1.011172496903570833e-01,3.500709550167983852e-02,1.503105142529547467e-01,1.000000000000000000e+00,-2.162849333605635083e-01,-6.709064321902619144e-02,9.678918368292053001e-03,-4.999861944450606499e-02,6.832155778578191674e-01,-7.745162905992256097e-02,-7.010569796757070392e-03,9.304380242832079040e-02,-1.913575997322147781e-01,-1.499992601236101730e-01,2.596415624670481495e-02,-4.859076530088991819e-02,4.498264303241896606e-02,-1.660553507858170963e-01,1.561840020614225014e-02,-1.358689022089401843e-01,1.129254061697389649e-01,-2.391431760396809658e-01,-1.277682109381529652e-01,-1.362073400473431672e-01,4.166186828750036986e-01,-4.725197316090659627e-02,-4.474666637454718932e-02,-1.416986039873732450e-01,1.674119042775777666e-01,6.248601011857772836e-01,2.744967077165333044e-02,8.879216861804145600e-02,5.433583725901239801e-03,3.194282851977595095e-01,1.377942737448263621e-01,-4.385418251152323199e-01,8.555345725177139482e-02
2.625614837091775830e-02,-1.231363407875827598e-01,-2.096730222375979835e-01,2.944991464068202197e-02,-1.945024801783600266e-01,-2.162849333605635083e-01,1.000000000000000000e+00,2.139110611539741802e-01,-5.531255696200873540e-02,9.064931589243548082e-02,-1.266349688497725168e-01,-1.430260685459511238e-01,2.074123639136314992e-02,-1.654763318368756009e-01,6.094512743268872684e-02,1.112158354227202328e-01,-1.062053468591013863e-02,8.333429310363808795e-02,1.417651317907080155e-02,1.987865842290681417e-01,-4.801425809499918623e-02,4.529793884518715230e-02,-2.102235478813554992e-01,-8.654089095994343950e-02,-8.276504951769488028e-02,5.768515744152764857e-02,-1.978068968683327766e-01,2.873014058857880498e-02,7.050254814668339975e-02,7.736117640929771055e-02,-3.527752212734832499e-02,-1.214753187263590550e-01,-1.298753999838149764e-01,-2.432754273400672129e-01,-9.068125361380104110e-02,-4.185392909927953750e-03,-4.251309052628197277e-02,6.802081390764892202e-04,-7.263442124412936018e-02
-6.095083198035813887e-02,-2.977560127677119639e-01,-9.468269058412634998e-01,-2.149463716506966673e-02,-7.160620817933608384e-01,-6.709064321902619144e-02,2.139110611539741802e-01,1.000000000000000000e+00,-2.638060322737780239e-01,-1.106026810544922523e-01,-5.598679828935564096e-02,-1.280119464381893057e-01,8.556660572349596150e-02,-5.792450629222110070e-01,1.980206753428838395e-01,-2.839532882528844615e-01,1.379416070984167686e-01,-2.506239217225727373e-02,-7.215941714497040027e-02,4.402550928266802388e-01,-3.674747966728468818e-01,1.032703700662876978e-01,-6.188674740267280372e-01,-3.389480398888886636e-01,-2.087881551322277318e-01,1.489292614956722327e-01,-3.583612767873641802e-01,-8.074313074102133780e-03,1.946167160069527946e-01,-2.380558063793686840e-01,-2.605827422138533578e-01,-5.484446878678658072e-02,-3.094648390935988980e-01,-6.091604704950346338e-01,-6.044828929353719682e-02,-3.280623488600501458e-01,6.957908829659703587e-02,7.499704396879556395e-03,-1.731675281799343602e-01
-3.400569197398691790e-01,8.528124924558964093e-01,3.779533790966634332e-01,8.364296499305774457e-01,4.965752865051599185e-01,9.678918368292053001e-03,-5.531255696200873540e-02,-2.638060322737780239e-01,1.000000000000000000e+00,-1.510626505377525020e-01,4.217161207596498151e-01,6.743641215529818655e-01,7.095233948663133283e-01,-2.816038120464345318e-01,-6.341849212381495127e-01,-8.984667453796867098e-02,-8.474668489805359251e-01,8.491351672806948248e-01,8.928772038580333748e-01,-6.334833293389521280e-01,-6.329531188429442512e-01,-4.843401803798722538e-01,4.378965911234588004e-01,-3.249209165358957763e-01,-5.943378043272788958e-01,-7.671115814130536892e-01,6.201009856644148499e-01,-7.781414660478991330e-01,-7.463222514255141160e-01,-2.676568708953792619e-01,-5.756491022891482290e-01,4.866253092301552896e-01,-6.790294182339173812e-01,6.197194802547956183e-01,-7.647410625600721268e-01,-1.189523252464674691e-01,-7.488989894292237270e-01,-5.963589116598200929e-02,8.941085410134825828e-01
6.557465496344677680e-01,-2.018825522805108366e-03,7.770098635485216121e-02,-2.964547607665360407e-01,1.611302944025581330e-01,-4.999861944450606499e-02,9.064931589243548082e-02,-1.106026810544922523e-01,-1.510626505377525020e-01,1.000000000000000000e+00,-1.844598632847118669e-01,-2.782382678325060962e-02,-4.325829317853179812e-01,4.248725618788608549e-01,2.356584743480568955e-01,8.575963878619162761e-01,3.107575189930257276e-01,-2.554379440351196573e-01,-2.529510405289379094e-01,2.758270131524937496e-01,3.818455382056762382e-01,3.653511089828211378e-01,1.548802140033613828e-01,2.360951505533783190e-01,4.488624149908813088e-01,4.393648445255215473e-01,9.674252012531323053e-02,4.215863337976764047e-01,4.841816475078097315e-01,6.615127575115877789e-01,5.169881878933478836e-01,-1.605524636057928389e-01,2.736888930791295804e-01,-1.391790925628896662e-02,3.569706951665723715e-01,2.590640776566757175e-01,3.102613751062627823e-01,-6.814527784757376527e-02,-3.451245084496635251e-01
-2.934884707838830709e-01,6.206784596361641926e-01,1.373886030683692805e-01,4.740814391563169528e-01,2.630992534896998691e-01,6.832155778578191674e-01,-1.266349688497725168e-01,-5.598679828935564096e-02,4.217161207596498151e-01,-1.844598632847118669e-01,1.000000000000000000e+00,1.862834961498109898e-01,4.117162846877682192e-01,-1.842604766487096202e-01,-5.563434150853050486e-01,-2.309252350550826671e-01,-4.505503316953851090e-01,3.355103064818106273e-01,4.766679373136515907e-01,-4.857607675496950494e-01,-4.034733364992280080e-01,-3.557914023337511722e-01,1.673774663345434510e-01,-3.322607659278801195e-01,-4.840161435614731555e-01,-5.173794702189972172e-01,6.030172048517741246e-01,-5.006639198406288571e-01,-4.625757506193576285e-01,-3.265665856969536263e-01,-1.998447869944922906e-01,8.911210521028454234e-01,-3.992118797555431198e-01,2.277377025887854234e-01,-4.315686178906749659e-01,1.547256147165966267e-01,-2.753080113785356664e-01,-5.401294164057519609e-01,5.133046925358596413e-01
-1.733504464720282412e-01,6.182236911847482919e-01,2.097668560167604557e-01,6.208172336872621599e-01,2.412255819722682604e-01,-7.745162905992256097e-02,-1.430260685459511238e-01,-1.280119464381893057e-01,6.743641215529818655e-01,-2.782382678325060962e-02,1.862834961498109898e-01,1.000000000000000000e+00,5.758950741544902607e-01,-2.417506205532075625e-01,-2.959843006714690250e-01,7.499988333258172934e-02,-6.212321184588214251e-01,6.719457660710328462e-01,7.035467553792611461e-01,-2.888867355664656578e-01,-5.119644144858435109e-01,-2.747058111127352320e-01,4.399137883398287485e-01,-1.943457763168744967e-01,-3.500993611401063688e-01,-5.649143928709522422e-01,3.470585957389438758e-01,-5.823490097380167319e-01,-4.736130576233734679e-01,-9.876145277200369665e-02,-4.836776748799445635e-01,2.636930734988333080e-01,-5.551935682680655404e-01,3.310145558286331502e-01,-5.358915213424920720e-01,-8.696053920255987502e-02,-6.482836051809620637e-01,-8.868974460787999725e-02,6.030417171127376852e-01
-5.723508389299075683e-01,5.992938265033882494e-01,1.392923932544661014e-02,8.240498962157944973e-01,2.609724691002057034e-02,-7.010569796757070392e-03,2.074123639136314992e-02,8.556660572349596150e-02,7.095233948663133283e-01,-4.325829317853179812e-01,4.117162846877682192e-01,5.758950741544902607e-01,1.000000000000000000e+00,-6.182420072387555532e-01,-4.676276734965048032e-01,-4.063036299942183738e-01,-8.121621954394899756e-01,7.539650735922895919e-01,8.354101791414921818e-01,-4.911839539915369146e-01,-7.817235220732834389e-01,-4.122856205122600870e-01,1.801727617855200803e-01,-4.723394456963128651e-01,-6.870211901688647593e-01,-8.029689165670710338e-01,2.801086732897998255e-01,-8.640403092460929857e-01,-7.285200969487041212e-01,-5.109093658396048898e-01,-8.571322821741501619e-01,4.418964629594925864e-01,-7.511928220283348168e-01,1.802798968558816384e-01,-7.721575903222999138e-01,-3.808467462806894854e-01,-8.129437306908592342e-01,-1.311296223477957934e-01,7.897493286726264827e-01
5.080151451132151053e-01,-1.870790631781435454e-01,5.020957184559901032e-01,-5.330275076343694574e-01,5.106480890007288886e-01,9.304380242832079040e-02,-1.654763318368756009e-01,-5.792450629222110070e-01,-2.816038120464345318e-01,4.248725618788608549e-01,-1.842604766487096202e-01,-2.417506205532075625e-01,-6.182420072387555532e-01,1.000000000000000000e+00,1.925255219365380188e-01,5.049480857610842977e-01,4.943755756528972478e-01,-4.673959779955745852e-01,-4.967183116057368730e-01,6.750146311016685940e-02,6.669921608362462395e-01,2.209732466773585147e-01,2.945912798911728414e-01,5.755648519806013663e-01,6.271154432948323754e-01,4.874269894628533994e-01,4.546906861389943266e-02,5.914308950957509747e-01,4.619023283596663809e-01,5.763172533379952167e-01,6.915282535317064383e-01,-2.027211720384944627e-01,6.522856086805419729e-01,2.575129221138748870e-01,5.909906266106803585e-01,5.715668272710814346e-01,4.662221175824458608e-01,7.813461785181502472e-02,-4.363373477621380614e-01
4.141779051054964578e-01,-6.533034751940425267e-01,-2.635597570434968784e-01,-6.548346798844612016e-01,-3.445169629150280355e-01,-1.913575997322147781e-01,6.094512743268872684e-02,1.980206753428838395e-01,-6.341849212381495127e-01,2.356584743480568955e-01,-5.563434150853050486e-01,-2.959843006714690250e-01,-4.676276734965048032e-01,1.925255219365380188e-01,1.000000000000000000e+00,1.745539655734031359e-01,6.643592017137650574e-01,-6.085038683081884781e-01,-6.016887838875765171e-01,6.214232832893490377e-01,4.744591555211631895e-01,4.305563486400735829e-01,-2.205325086518065414e-01,2.637447302744200806e-01,6.102798520210855893e-01,6.551467871115372876e-01,-4.927246393327573415e-01,6.360548763550807339e-01,6.752100568630209354e-01,3.713492336223279677e-01,3.316212857368816547e-01,-6.102878715087286521e-01,4.694013192970697967e-01,-3.288438589062444573e-01,6.105262006028719934e-01,-5.855790773362904572e-02,4.796699198417751497e-01,2.590120774235710743e-01,-6.736078135810900092e-01
5.982071464383970083e-01,2.945243164810830427e-02,2.441350606900880571e-01,-2.488854238334902991e-01,2.479566244525769625e-01,-1.499992601236101730e-01,1.112158354227202328e-01,-2.839532882528844615e-01,-8.984667453796867098e-02,8.575963878619162761e-01,-2.309252350550826671e-01,7.499988333258172934e-02,-4.063036299942183738e-01,5.049480857610842977e-01,1.745539655734031359e-01,1.000000000000000000e+00,2.166960650539059841e-01,-2.001281305694389279e-01,-2.045358393836577970e-01,1.753921346031368511e-01,3.788006082057224222e-01,2.790990263701340068e-01,2.673874712149645894e-01,2.863930793722983537e-01,4.336891283984377066e-01,3.648633113354116664e-01,8.052414551590203473e-02,3.696117978641272894e-01,3.735540665209661770e-01,6.615215046126942111e-01,4.856038207880215563e-01,-1.893464592009478920e-01,2.837173582870564092e-01,7.503718063217075518e-02,3.076343068478571419e-01,3.284967088454456285e-01,2.088638775952258164e-01,-2.994836356651623191e-02,-2.860237454207445462e-01
5.504229999292231668e-01,-7.869583698055598875e-01,-2.456726628231349074e-01,-8.693472392291329287e-01,-2.441737547948487352e-01,2.596415624670481495e-02,-1.062053468591013863e-02,1.379416070984167686e-01,-8.474668489805359251e-01,3.107575189930257276e-01,-4.505503316953851090e-01,-6.212321184588214251e-01,-8.121621954394899756e-01,4.943755756528972478e-01,6.643592017137650574e-01,2.166960650539059841e-01,1.000000000000000000e+00,-8.048311498232979533e-01,-8.978803776270011250e-01,6.447498552546300221e-01,7.370666184304379698e-01,4.659925562122663734e-01,-2.936614086887182618e-01,4.304631600056652574e-01,7.540671942096763836e-01,8.902918461987041621e-01,-4.595763278871524693e-01,9.023785178733668699e-01,8.768059668573876531e-01,4.798087999485798893e-01,6.964001646611405194e-01,-5.081966045834991341e-01,7.640357917857585335e-01,-3.935756787015460278e-01,8.413033589400362722e-01,2.152317413399224555e-01,8.467226852414283522e-01,2.525728547840642713e-01,-8.928774954310135792e-01
-4.451023480033463597e-01,6.791069056951906102e-01,1.335987065276612873e-01,8.639356586446810260e-01,2.251664283641096054e-01,-4.859076530088991819e-02,8.333429310363808795e-02,-2.506239217225727373e-02,8.491351672806948248e-01,-2.554379440351196573e-01,3.355103064818106273e-01,6.719457660710328462e-01,7.539650735922895919e-01,-4.673959779955745852e-01,-6.085038683081884781e-01,-2.001281305694389279e-01,-8.048311498232979533e-01,1.000000000000000000e+00,8.909484659121262862e-01,-4.518387513084889950e-01,-7.227559786885309201e-01,-5.114907129293977395e-01,1.730646143281282801e-01,-4.300552115922812724e-01,-7.255393485732167802e-01,-7.339524800549134254e-01,3.990352033287410949e-01,-7.779893286924299822e-01,-7.000313781658643597e-01,-3.657925105330624982e-01,-7.023233411854516994e-01,3.979014556055511798e-01,-7.925529111841700391e-01,3.407854333865321106e-01,-8.334906094795858644e-01,-2.309380641684351254e-01,-7.780965606207992380e-01,-2.588834375344948625e-03,8.239543022642581427e-01
-4.907579345623639400e-01,7.869004593103947620e-01,1.933308972075390708e-01,8.976335735073928124e-01,2.558934934513408810e-01,4.498264303241896606e-02,1.417651317907080155e-02,-7.215941714497040027e-02,8.928772038580333748e-01,-2.529510405289379094e-01,4.766679373136515907e-01,7.035467553792611461e-01,8.354101791414921818e-01,-4.967183116057368730e-01,-6.016887838875765171e-01,-2.045358393836577970e-01,-8.978803776270011250e-01,8.909484659121262862e-01,1.000000000000000000e+00,-5.751714418341993262e-01,-7.676493433633047037e-01,-4.864888763530929583e-01,3.192008014736878452e-01,-4.443894546179141258e-01,-7.120185081493527468e-01,-8.479110189966482247e-01,5.103867989068141542e-01,-8.797202977548428393e-01,-7.816370205910079250e-01,-4.080784092944688690e-01,-7.244535243572529648e-01,5.395159289625673926e-01,-8.076128289079981259e-01,3.922789678071078034e-01,-8.368252540485746627e-01,-2.242458353737552812e-01,-8.265223896217940291e-01,-1.580169983385126820e-01,9.029012751934893943e-01
3.898029105811320894e-01,-6.384323319632663196e-01,-5.061092963881623774e-01,-5.482873627982985942e-01,-4.604214744663444048e-01,-1.660553507858170963e-01,1.987865842290681417e-01,4.402550928266802388e-01,-6.334833293389521280e-01,2.758270131524937496e-01,-4.857607675496950494e-01,-2.888867355664656578e-01,-4.911839539915369146e-01,6.750146311016685940e-02,6.214232832893490377e-01,1.753921346031368511e-01,6.447498552546300221e-01,-4.518387513084889950e-01,-5.751714418341993262e-01,1.000000000000000000e+00,3.573465993272247898e-01,3.994489146765186627e-01,-4.471534431258123998e-01,1.442918734018292792e-01,4.125012172588091719e-01,6.641092576885527787e-01,-5.290391402574696755e-01,6.169821868363571937e-01,6.777801348554320926e-01,3.586085579533611623e-01,3.735680608591529506e-01,-5.029693108780964872e-01,3.190588764064455352e-01,-5.684573416594379536e-01,4.893455519270202836e-01,-2.479847100682249991e-02,4.973173958805411354e-01,2.361554246615535924e-01,-6.666899292150040290e-01
5.405551698988041442e-01,-5.239962268924743816e-01,2.747805534738852473e-01,-7.630207171883586215e-01,9.673115686415022230e-02,1.561840020614225014e-02,-4.801425809499918623e-02,-3.674747966728468818e-01,-6.329531188429442512e-01,3.818455382056762382e-01,-4.034733364992280080e-01,-5.119644144858435109e-01,-7.817235220732834389e-01,6.669921608362462395e-01,4.744591555211631895e-01,3.788006082057224222e-01,7.370666184304379698e-01,-7.227559786885309201e-01,-7.676493433633047037e-01,3.573465993272247898e-01,1.000000000000000000e+00,4.582985257676114865e-01,4.510830155678898640e-02,5.462811979513515492e-01,7.412208127188121276e-01,7.170493818857699431e-01,-2.213066933835315941e-01,8.075458642033908063e-01,6.480359922188617672e-01,5.557450345205546816e-01,7.982236277507579469e-01,-4.464219260708996995e-01,8.828170521857373609e-01,-8.427183774743547684e-02,7.757965046523838115e-01,3.761684798322840750e-01,7.194551935714933455e-01,1.928025303854331574e-01,-7.097247811064383294e-01
3.777410603012032464e-01,-3.880414595787108900e-01,-1.541505804467867558e-01,-4.968296703928367086e-01,-2.817567725120127542e-01,-1.358689022089401843e-01,4.529793884518715230e-02,1.032703700662876978e-01,-4.843401803798722538e-01,3.653511089828211378e-01,-3.557914023337511722e-01,-2.747058111127352320e-01,-4.122856205122600870e-01,2.209732466773585147e-01,4.305563486400735829e-01,2.790990263701340068e-01,4.659925562122663734e-01,-5.114907129293977395e-01,-4.864888763530929583e-01,3.994489146765186627e-01,4.582985257676114865e-01,1.000000000000000000e+00,-7.392739983344882859e-02,2.752517901344603279e-01,4.732398848460900309e-01,5.088222150306711544e-01,-2.541531742638015734e-01,4.749328224078820937e-01,4.952766692392275849e-01,3.779629867790181286e-01,4.597764507430421310e-01,-3.001718939328417157e-01,5.007988920468509075e-01,-3.459902379497837299e-01,5.100636337427735256e-01,-3.013784665105495933e-02,4.061426348270984477e-01,1.099745043976223940e-01,-4.917707799917700462e-01
2.317767793694588269e-02,4.633687135073840668e-01,6.459668394635319499e-01,2.351218465713457162e-01,5.244915953447869539e-01,1.129254061697389649e-01,-2.102235478813554992e-01,-6.188674740267280372e-01,4.378965911234588004e-01,1.548802140033613828e-01,1.673774663345434510e-01,4.399137883398287485e-01,1.801727617855200803e-01,2.945912798911728414e-01,-2.205325086518065414e-01,2.673874712149645894e-01,-2.936614086887182618e-01,1.730646143281282801e-01,3.192008014736878452e-01,-4.471534431258123998e-01,4.510830155678898640e-02,-7.392739983344882859e-02,1.000000000000000000e+00,2.858464243226019330e-01,2.078616605684889818e-01,-3.337042021665131419e-01,4.480870607192972699e-01,-2.414770446059013587e-01,-2.630593426454699291e-01,1.929673881686391201e-01,-7.038155724915205920e-03,2.468990941645069770e-01,5.477767660753785767e-02,5.739239006977392421e-01,1.185150972062931629e-02,3.156991545812544153e-01,-2.055137256526929357e-01,-5.955627933118894102e-02,3.624575656503148391e-01
3.243602468290902041e-01,-2.913350344057663022e-01,2.608171291053388852e-01,-4.633874485341140104e-01,1.279436404925863857e-01,-2.391431760396809658e-01,-8.654089095994343950e-02,-3.389480398888886636e-01,-3.249209165358957763e-01,2.360951505533783190e-01,-3.322607659278801195e-01,-1.943457763168744967e-01,-4.723394456963128651e-01,5.755648519806013663e-01,2.637447302744200806e-01,2.863930793722983537e-01,4.304631600056652574e-01,-4.300552115922812724e-01,-4.443894546179141258e-01,1.442918734018292792e-01,5.462811979513515492e-01,2.752517901344603279e-01,2.858464243226019330e-01,1.000000000000000000e+00,6.109793151300647596e-01,3.852722192559641656e-01,-1.866561119327287688e-01,4.518360787762733533e-01,3.339115972290733758e-01,4.044654355687775094e-01,4.523878704517158567e-01,-3.579909068065265654e-01,5.754326144346130212e-01,8.209955023044249178e-02,5.285313931635730045e-01,2.593573323538371778e-01,3.915564073174689907e-01,2.379566425031846566e-01,-3.809870480246402291e-01
5.728552308743809496e-01,-5.329039839148305147e-01,1.087666813225623280e-01,-7.400302960937417129e-01,3.046760261206880871e-02,-1.277682109381529652e-01,-8.276504951769488028e-02,-2.087881551322277318e-01,-5.943378043272788958e-01,4.488624149908813088e-01,-4.840161435614731555e-01,-3.500993611401063688e-01,-6.870211901688647593e-01,6.271154432948323754e-01,6.102798520210855893e-01,4.336891283984377066e-01,7.540671942096763836e-01,-7.255393485732167802e-01,-7.120185081493527468e-01,4.125012172588091719e-01,7.412208127188121276e-01,4.732398848460900309e-01,2.078616605684889818e-01,6.109793151300647596e-01,1.000000000000000000e+00,7.044202623158321019e-01,-2.586242416250986720e-01,7.533607676221854010e-01,7.274705708475692756e-01,6.444179376457997988e-01,6.581601386876324566e-01,-4.969961680379393343e-01,7.701677132103180723e-01,-8.093510568059120169e-02,8.421670209886015224e-01,2.857060372865639630e-01,6.834682747038205441e-01,2.766474010600352695e-01,-6.870644764820633688e-01
7.057494002420501289e-01,-6.967557542579952967e-01,-2.476226335713824223e-01,-8.342758741192343175e-01,-1.932983196190887487e-01,-1.362073400473431672e-01,5.768515744152764857e-02,1.489292614956722327e-01,-7.671115814130536892e-01,4.393648445255215473e-01,-5.173794702189972172e-01,-5.649143928709522422e-01,-8.029689165670710338e-01,4.874269894628533994e-01,6.551467871115372876e-01,3.648633113354116664e-01,8.902918461987041621e-01,-7.339524800549134254e-01,-8.479110189966482247e-01,6.641092576885527787e-01,7.170493818857699431e-01,5.088222150306711544e-01,-3.337042021665131419e-01,3.852722192559641656e-01,7.044202623158321019e-01,1.000000000000000000e+00,-4.095449240747376374e-01,9.096984495756855749e-01,9.074031169368677041e-01,5.940083263369260180e-01,7.066882831719842883e-01,-5.387936567490210216e-01,6.979241543156123884e-01,-3.895022693278901715e-01,7.829384034320372443e-01,2.231045337135513784e-01,7.873056792477962640e-01,2.934953564277407168e-01,-8.779891624772093728e-01
-1.253630896555549545e-01,7.136909973986215183e-01,4.470401888679128022e-01,4.203482308040041304e-01,5.816342383500945346e-01,4.166186828750036986e-01,-1.978068968683327766e-01,-3.583612767873641802e-01,6.201009856644148499e-01,9.674252012531323053e-02,6.030172048517741246e-01,3.470585957389438758e-01,2.801086732897998255e-01,4.546906861389943266e-02,-4.927246393327573415e-01,8.052414551590203473e-02,-4.595763278871524693e-01,3.990352033287410949e-01,5.103867989068141542e-01,-5.290391402574696755e-01,-2.213066933835315941e-01,-2.541531742638015734e-01,4.480870607192972699e-01,-1.866561119327287688e-01,-2.586242416250986720e-01,-4.095449240747376374e-01,1.000000000000000000e+00,-3.672405752338789298e-01,-3.905165802594507962e-01,-7.839659063747064782e-02,-1.093120876862476235e-02,6.696001830840856428e-01,-2.439556424829089631e-01,6.255316351396511543e-01,-3.492324653820088054e-01,1.507374552342415353e-01,-2.061162546447226074e-01,-1.904081196818210309e-01,5.835227642217353239e-01
6.128306081140330042e-01,-7.129273476511805985e-01,-9.405220584146947727e-02,-8.920545272796222003e-01,-8.175347998396954863e-02,-4.725197316090659627e-02,2.873014058857880498e-02,-8.074313074102133780e-03,-7.781414660478991330e-01,4.215863337976764047e-01,-5.006639198406288571e-01,-5.823490097380167319e-01,-8.640403092460929857e-01,5.914308950957509747e-01,6.360548763550807339e-01,3.696117978641272894e-01,9.023785178733668699e-01,-7.779893286924299822e-01,-8.797202977548428393e-01,6.169821868363571937e-01,8.075458642033908063e-01,4.749328224078820937e-01,-2.414770446059013587e-01,4.518360787762733533e-01,7.533607676221854010e-01,9.096984495756855749e-01,-3.672405752338789298e-01,1.000000000000000000e+00,8.598535976797941904e-01,5.872200555426524415e-01,8.071190617322331340e-01,-5.508129053111189277e-01,7.749268811218690267e-01,-2.852331462909149518e-01,8.134074157795538884e-01,3.091247742749031469e-01,8.111809206983181531e-01,2.399006818852388034e-01,-8.790818095426996548e-01
6.952231793665603066e-01,-6.675988430156023501e-01,-2.834637189695847215e-01,-7.859084033528933588e-01,-2.081866145350837749e-01,-4.474666637454718932e-02,7.050254814668339975e-02,1.946167160069527946e-01,-7.463222514255141160e-01,4.841816475078097315e-01,-4.625757506193576285e-01,-4.736130576233734679e-01,-7.285200969487041212e-01,4.619023283596663809e-01,6.752100568630209354e-01,3.735540665209661770e-01,8.768059668573876531e-01,-7.000313781658643597e-01,-7.816370205910079250e-01,6.777801348554320926e-01,6.480359922188617672e-01,4.952766692392275849e-01,-2.630593426454699291e-01,3.339115972290733758e-01,7.274705708475692756e-01,9.074031169368677041e-01,-3.905165802594507962e-01,8.598535976797941904e-01,1.000000000000000000e+00,6.247936736296272331e-01,6.522567981555706940e-01,-4.683837538464350470e-01,6.399688701825008152e-01,-4.238932187936906848e-01,7.805023782739435312e-01,2.385207904215499164e-01,7.510000127250006097e-01,2.071192482563844472e-01,-8.563764051630643470e-01
7.182374682501934116e-01,-1.811225753687786821e-01,1.826530622211103572e-01,-4.537869311574058151e-01,2.319742313595791749e-01,-1.416986039873732450e-01,7.736117640929771055e-02,-2.380558063793686840e-01,-2.676568708953792619e-01,6.615127575115877789e-01,-3.265665856969536263e-01,-9.876145277200369665e-02,-5.109093658396048898e-01,5.763172533379952167e-01,3.713492336223279677e-01,6.615215046126942111e-01,4.798087999485798893e-01,-3.657925105330624982e-01,-4.080784092944688690e-01,3.586085579533611623e-01,5.557450345205546816e-01,3.779629867790181286e-01,1.929673881686391201e-01,4.044654355687775094e-01,6.444179376457997988e-01,5.940083263369260180e-01,-7.839659063747064782e-02,5.872200555426524415e-01,6.247936736296272331e-01,1.000000000000000000e+00,5.987587673859037229e-01,-2.925166204686714955e-01,4.468573537108657123e-01,-1.940505026577863962e-03,4.871268509851992001e-01,3.573857164320393132e-01,3.814946994843884664e-01,7.107859049953350883e-02,-4.994360473429081959e-01
5.863510085736809430e-01,-3.796254613567647818e-01,1.802986967341730640e-01,-7.539368197237036329e-01,1.736368876485607504e-01,1.674119042775777666e-01,-3.527752212734832499e-02,-2.605827422138533578e-01,-5.756491022891482290e-01,5.169881878933478836e-01,-1.998447869944922906e-01,-4.836776748799445635e-01,-8.571322821741501619e-01,6.915282535317064383e-01,3.316212857368816547e-01,4.856038207880215563e-01,6.964001646611405194e-01,-7.023233411854516994e-01,-7.244535243572529648e-01,3.735680608591529506e-01,7.982236277507579469e-01,4.597764507430421310e-01,-7.038155724915205920e-03,4.523878704517158567e-01,6.581601386876324566e-01,7.066882831719842883e-01,-1.093120876862476235e-02,8.071190617322331340e-01,6.522567981555706940e-01,5.987587673859037229e-01,1.000000000000000000e+00,-2.188584944209998884e-01,7.482747518012725640e-01,-6.213825103036346026e-02,7.043203537462122688e-01,4.816972757735477617e-01,7.417263850060981101e-01,-2.292912157291572203e-02,-6.730654854379526375e-01
-2.834585298869127246e-01,6.716657633807048278e-01,1.400529481306399537e-01,5.320420595578412293e-01,2.449102260940836939e-01,6.248601011857772836e-01,-1.214753187263590550e-01,-5.484446878678658072e-02,4.866253092301552896e-01,-1.605524636057928389e-01,8.911210521028454234e-01,2.636930734988333080e-01,4.418964629594925864e-01,-2.027211720384944627e-01,-6.102878715087286521e-01,-1.893464592009478920e-01,-5.081966045834991341e-01,3.979014556055511798e-01,5.395159289625673926e-01,-5.029693108780964872e-01,-4.464219260708996995e-01,-3.001718939328417157e-01,2.468990941645069770e-01,-3.579909068065265654e-01,-4.969961680379393343e-01,-5.387936567490210216e-01,6.696001830840856428e-01,-5.508129053111189277e-01,-4.683837538464350470e-01,-2.925166204686714955e-01,-2.188584944209998884e-01,1.000000000000000000e+00,-4.296084712622399437e-01,2.557288494530246536e-01,-4.492063713222169685e-01,1.305122258757248632e-01,-2.954529246652509711e-01,-5.069102741223397990e-01,5.614225839214878055e-01
4.780998684575303304e-01,-5.807389713051941404e-01,2.100897750059788627e-01,-7.974245486516203796e-01,2.143899970378995365e-02,2.744967077165333044e-02,-1.298753999838149764e-01,-3.094648390935988980e-01,-6.790294182339173812e-01,2.736888930791295804e-01,-3.992118797555431198e-01,-5.551935682680655404e-01,-7.511928220283348168e-01,6.522856086805419729e-01,4.694013192970697967e-01,2.837173582870564092e-01,7.640357917857585335e-01,-7.925529111841700391e-01,-8.076128289079981259e-01,3.190588764064455352e-01,8.828170521857373609e-01,5.007988920468509075e-01,5.477767660753785767e-02,5.754326144346130212e-01,7.701677132103180723e-01,6.979241543156123884e-01,-2.439556424829089631e-01,7.749268811218690267e-01,6.399688701825008152e-01,4.468573537108657123e-01,7.482747518012725640e-01,-4.296084712622399437e-01,1.000000000000000000e+00,-1.204859443344360737e-01,8.210173101133190210e-01,3.057495340645629001e-01,7.617077031453741709e-01,2.244174062020765359e-01,-7.093624995501811581e-01
-1.136510472880289668e-01,5.466125596847779544e-01,6.744767590500663212e-01,3.503401338585805380e-01,7.636627440789355292e-01,8.879216861804145600e-02,-2.432754273400672129e-01,-6.091604704950346338e-01,6.197194802547956183e-01,-1.391790925628896662e-02,2.277377025887854234e-01,3.310145558286331502e-01,1.802798968558816384e-01,2.575129221138748870e-01,-3.288438589062444573e-01,7.503718063217075518e-02,-3.935756787015460278e-01,3.407854333865321106e-01,3.922789678071078034e-01,-5.684573416594379536e-01,-8.427183774743547684e-02,-3.459902379497837299e-01,5.739239006977392421e-01,8.209955023044249178e-02,-8.093510568059120169e-02,-3.895022693278901715e-01,6.255316351396511543e-01,-2.852331462909149518e-01,-4.238932187936906848e-01,-1.940505026577863962e-03,-6.213825103036346026e-02,2.557288494530246536e-01,-1.204859443344360737e-01,1.000000000000000000e+00,-2.436519153693868234e-01,1.389992557602431622e-01,-2.655669988976712692e-01,7.431208510336405337e-02,5.126655915020501553e-01
5.215856489120371808e-01,-6.756112061669962143e-01,-4.671890879597465768e-02,-8.267275615020972523e-01,-1.291141019822429625e-01,5.433583725901239801e-03,-9.068125361380104110e-02,-6.044828929353719682e-02,-7.647410625600721268e-01,3.569706951665723715e-01,-4.315686178906749659e-01,-5.358915213424920720e-01,-7.721575903222999138e-01,5.909906266106803585e-01,6.105262006028719934e-01,3.076343068478571419e-01,8.413033589400362722e-01,-8.334906094795858644e-01,-8.368252540485746627e-01,4.893455519270202836e-01,7.757965046523838115e-01,5.100636337427735256e-01,1.185150972062931629e-02,5.285313931635730045e-01,8.421670209886015224e-01,7.829384034320372443e-01,-3.492324653820088054e-01,8.134074157795538884e-01,7.805023782739435312e-01,4.871268509851992001e-01,7.043203537462122688e-01,-4.492063713222169685e-01,8.210173101133190210e-01,-2.436519153693868234e-01,1.000000000000000000e+00,3.325906925168811146e-01,8.112354299396580259e-01,2.165881887128902339e-01,-7.951459433520512432e-01
3.499930697804592983e-01,5.249948678339513147e-02,3.118765562827264803e-01,-2.540846489360242266e-01,4.111382671298615121e-01,3.194282851977595095e-01,-4.185392909927953750e-03,-3.280623488600501458e-01,-1.189523252464674691e-01,2.590640776566757175e-01,1.547256147165966267e-01,-8.696053920255987502e-02,-3.808467462806894854e-01,5.715668272710814346e-01,-5.855790773362904572e-02,3.284967088454456285e-01,2.152317413399224555e-01,-2.309380641684351254e-01,-2.242458353737552812e-01,-2.479847100682249991e-02,3.761684798322840750e-01,-3.013784665105495933e-02,3.156991545812544153e-01,2.593573323538371778e-01,2.857060372865639630e-01,2.231045337135513784e-01,1.507374552342415353e-01,3.091247742749031469e-01,2.385207904215499164e-01,3.573857164320393132e-01,4.816972757735477617e-01,1.305122258757248632e-01,3.057495340645629001e-01,1.389992557602431622e-01,3.325906925168811146e-01,1.000000000000000000e+00,3.148642816044311399e-01,-1.589375639930432904e-01,-1.908725244223961615e-01
4.790046471382694016e-01,-6.207973640077153465e-01,-1.573307019631456638e-01,-7.858118118976565869e-01,-1.412846684150571575e-01,1.377942737448263621e-01,-4.251309052628197277e-02,6.957908829659703587e-02,-7.488989894292237270e-01,3.102613751062627823e-01,-2.753080113785356664e-01,-6.482836051809620637e-01,-8.129437306908592342e-01,4.662221175824458608e-01,4.796699198417751497e-01,2.088638775952258164e-01,8.467226852414283522e-01,-7.780965606207992380e-01,-8.265223896217940291e-01,4.973173958805411354e-01,7.194551935714933455e-01,4.061426348270984477e-01,-2.055137256526929357e-01,3.915564073174689907e-01,6.834682747038205441e-01,7.873056792477962640e-01,-2.061162546447226074e-01,8.111809206983181531e-01,7.510000127250006097e-01,3.814946994843884664e-01,7.417263850060981101e-01,-2.954529246652509711e-01,7.617077031453741709e-01,-2.655669988976712692e-01,8.112354299396580259e-01,3.148642816044311399e-01,1.000000000000000000e+00,2.155884957400759638e-01,-7.396479047220539949e-01
8.419750318321717053e-02,-3.501138174379353485e-01,-1.996737211619049879e-02,-1.634716191341151204e-01,-1.924732129534229355e-02,-4.385418251152323199e-01,6.802081390764892202e-04,7.499704396879556395e-03,-5.963589116598200929e-02,-6.814527784757376527e-02,-5.401294164057519609e-01,-8.868974460787999725e-02,-1.311296223477957934e-01,7.813461785181502472e-02,2.590120774235710743e-01,-2.994836356651623191e-02,2.525728547840642713e-01,-2.588834375344948625e-03,-1.580169983385126820e-01,2.361554246615535924e-01,1.928025303854331574e-01,1.099745043976223940e-01,-5.955627933118894102e-02,2.379566425031846566e-01,2.766474010600352695e-01,2.934953564277407168e-01,-1.904081196818210309e-01,2.399006818852388034e-01,2.071192482563844472e-01,7.107859049953350883e-02,-2.292912157291572203e-02,-5.069102741223397990e-01,2.244174062020765359e-01,7.431208510336405337e-02,2.165881887128902339e-01,-1.589375639930432904e-01,2.155884957400759638e-01,1.000000000000000000e+00,-7.301368683244399693e-02
-5.619671931848780888e-01,7.988976049520704059e-01,2.888222714494605992e-01,8.674017184814599712e-01,3.385153594350607253e-01,8.555345725177139482e-02,-7.263442124412936018e-02,-1.731675281799343602e-01,8.941085410134825828e-01,-3.451245084496635251e-01,5.133046925358596413e-01,6.030417171127376852e-01,7.897493286726264827e-01,-4.363373477621380614e-01,-6.736078135810900092e-01,-2.860237454207445462e-01,-8.928774954310135792e-01,8.239543022642581427e-01,9.029012751934893943e-01,-6.666899292150040290e-01,-7.097247811064383294e-01,-4.917707799917700462e-01,3.624575656503148391e-01,-3.809870480246402291e-01,-6.870644764820633688e-01,-8.779891624772093728e-01,5.835227642217353239e-01,-8.790818095426996548e-01,-8.563764051630643470e-01,-4.994360473429081959e-01,-6.730654854379526375e-01,5.614225839214878055e-01,-7.093624995501811581e-01,5.126655915020501553e-01,-7.951459433520512432e-01,-1.908725244223961615e-01,-7.396479047220539949e-01,-7.301368683244399693e-02,1.000000000000000000e+00
