1.000000000000000000e+00,3.367361272021162089e-01,1.854065100233442120e-01,-2.895411065981674456e-02,2.805789649966623500e-01,-1.557767860786703762e-01,-4.737768595204266964e-02,-2.559155574570409764e-01,5.633919577488674113e-01,3.496735199693432050e-01,-1.022468069019952380e-01,3.953373979076064693e-01,-2.671266398693175059e-01,2.777428010952258663e-01,2.910292243613993302e-01,5.518318210747680252e-01,5.628163345668732616e-03,2.081807266286972435e-01,2.455851358485596769e-01,-2.242708629959399291e-01,-3.256857852996638408e-02,-1.123838331244751687e-01,6.065657476244754737e-02,-6.436535884910428440e-02,1.153380838136988523e-01,5.330204279665068379e-02,1.764515321914030266e-01,-4.401694150097368828e-03,-2.410928908163086190e-04,5.503039854689613097e-01,4.690149184449770442e-02,-1.419285852530173531e-01,-1.002384157251488273e-01,4.883676832868394935e-01,-1.518382256708768197e-01,5.875691037558545826e-01,-1.126886305985341230e-01,4.337172853257876270e-01,4.108647491765604620e-01
3.367361272021162089e-01,1.000000000000000000e+00,3.694712895049669377e-01,-2.815627922461838573e-01,3.456682979460770633e-01,5.353426020928315765e-01,3.529086867990514631e-01,-5.303826839630261247e-01,4.140593840762743505e-01,7.286349891049911376e-01,6.533917757581977348e-01,5.054755269352928515e-01,-1.228026382858169868e-01,6.754465836112474308e-01,-3.521235266807428710e-01,6.306759279582987432e-01,2.900502716624744903e-01,-3.166472009389381115e-01,3.771044206765876428e-02,4.695744487250033683e-02,4.942828774422361460e-01,4.830148772526896006e-01,6.250884453830568566e-01,6.149442996540331885e-01,6.174117578476167045e-01,5.563460874652209620e-02,6.780656314605018053e-01,-2.691513353142246934e-01,4.020456249759945533e-01,3.614283432100688365e-01,6.666730302310917011e-01,6.222414826727826753e-01,6.154571784953641878e-01,8.764498620947468177e-02,1.931654866122463066e-01,7.484568777504882475e-02,6.560177213895974635e-01,6.648212494310620779e-02,6.089311464947861907e-01
1.854065100233442120e-01,3.694712895049669377e-01,1.000000000000000000e+00,1.623165869483477741e-01,5.016382306793929491e-01,-6.123275041923795237e-02,5.154470872013522387e-01,-8.114518689130806317e-01,4.111595566854649997e-01,1.991022804373737409e-01,2.218876969504350871e-01,1.803962767925372523e-01,-6.029615525621100369e-01,2.169492397442356613e-01,2.756755589200783965e-02,2.670477092046070200e-01,2.316367278454865564e-01,1.549242962044339866e-01,5.532094355686015819e-01,-1.039269263318650105e-01,-1.589429898936512708e-01,3.287411449456901780e-01,1.252163455809040815e-01,8.602330409433225911e-02,2.039029702806439415e-01,4.129658563853862430e-01,7.073029343901281463e-01,3.509912684858593201e-01,-1.000629101402016330e-01,1.512351312078232812e-01,2.845851406925045679e-01,1.843589186056603102e-02,3.592727704404571898e-01,2.442309856059840245e-01,-1.290453297237277863e-01,1.518969869664144046e-01,1.388787496447484171e-01,1.899804674357902790e-01,1.917039886927844050e-01
-2.895411065981674456e-02,-2.815627922461838573e-01,1.623165869483477741e-01,1.000000000000000000e+00,1.653383284986058577e-01,-2.912893958436337805e-01,2.880174851804370717e-01,-6.581396807679991412e-02,5.476941258864869572e-02,-2.684980745083781484e-01,-3.704245541361479432e-01,-1.422105030909537604e-01,-9.317627272079069545e-03,-2.957837273020577085e-01,2.631375742702932730e-01,-1.344514954665292084e-01,-1.742640156184682154e-01,5.968843860959128778e-01,4.313477081078574416e-01,3.697972506821137206e-02,-3.711133682898832831e-01,-1.189583878363397879e-01,-3.055418072226602777e-01,-2.735358648532438819e-01,-3.308657245044879236e-01,1.254497070885332022e-01,-1.535491347895331926e-01,3.672598405327671678e-01,-1.653108903002409036e-01,5.763751330726024635e-02,-2.554340477465625314e-01,-3.002590180852882096e-01,-2.548854768117866931e-01,2.319868302875724153e-01,-1.164566568620802323e-01,8.783563488224847837e-02,-2.966254701703454622e-01,8.056311932867682435e-03,-2.195608865532309995e-01
2.805789649966623500e-01,3.456682979460770633e-01,5.016382306793929491e-01,1.653383284986058577e-01,1.000000000000000000e+00,5.440052833383593467e-02,3.113526895773449654e-01,-6.555874609421470378e-01,4.865147060040604376e-01,3.805132419100494823e-01,1.385580436623926048e-01,4.310025306029355852e-01,-3.836380629094112704e-01,4.369688900079751748e-01,-9.093882181394473407e-02,4.081369152381790766e-01,-3.857994446507693673e-03,1.672720071633920502e-01,4.048714787947296223e-01,-3.062572373885401600e-01,7.376807780904072465e-02,5.893465117439300981e-03,2.437946116605635705e-01,1.391481021610671553e-01,2.508547420151912566e-01,7.546047718066507815e-02,4.230745485291137475e-01,-8.803580548238958137e-02,7.120871597620172244e-02,3.216520869010976447e-01,3.140951077358722920e-01,8.483433292024206152e-02,1.715153555637084493e-01,5.797163867264106818e-01,-4.029066165988142573e-02,2.875253951101777727e-01,7.118033520513501744e-02,2.356221823564264573e-01,4.663069528267330122e-01
-1.557767860786703762e-01,5.353426020928315765e-01,-6.123275041923795237e-02,-2.912893958436337805e-01,5.440052833383593467e-02,1.000000000000000000e+00,2.996293005376109431e-01,-1.540543393112308312e-01,-8.071532663397589652e-03,4.942669796859682774e-01,7.646468279173385119e-01,6.470513200562712230e-02,3.109273507243319190e-01,5.946132311822376337e-01,-7.154079443038795505e-01,2.965970188814306407e-01,1.961731066463078821e-01,-6.109117445764254972e-01,-5.244107184951986023e-01,4.189063030030435453e-01,7.981765961953095623e-01,5.829766875559497796e-01,6.650060166264870620e-01,8.129246724027403559e-01,5.061412615566336370e-01,7.647420861586527729e-02,2.189004237166551348e-01,-4.536187472627231099e-01,7.785110610187280233e-01,1.794033342958386845e-01,7.612693475695717638e-01,7.918230531525443094e-01,7.120415167794460487e-01,-3.680864045465592760e-01,7.008490179022384137e-01,-4.521703383789041353e-01,7.886115999814564681e-01,-4.330013916278258046e-01,1.922283124129747223e-01
-4.737768595204266964e-02,3.529086867990514631e-01,5.154470872013522387e-01,2.880174851804370717e-01,3.113526895773449654e-01,2.996293005376109431e-01,1.000000000000000000e+00,-4.672697002181676051e-01,3.500671876153942375e-01,2.422598289539467653e-01,3.402691467213890264e-01,1.184438611783960871e-01,-2.025903114618571588e-01,2.956935469519577642e-01,-2.946611125493174832e-01,2.622578929845202911e-01,1.794768259503454547e-02,-4.911101284387105192e-02,2.939007456280486874e-01,2.367344716487246592e-01,1.577856316178113949e-01,5.104067582629345790e-01,2.197815778445487422e-01,3.482299510443806478e-01,1.707640587917148289e-01,2.473223990505825920e-01,4.628015019140876984e-01,4.306695332331385989e-02,3.307642177300021413e-01,2.484236194515257734e-01,4.776321323133710939e-01,2.852673428121788035e-01,4.247006665713509155e-01,-2.593045481772138228e-02,2.867725162452047782e-01,-9.215756290356512392e-02,3.515129260139124856e-01,-2.051595049288430506e-01,1.517507470382767065e-01
-2.559155574570409764e-01,-5.303826839630261247e-01,-8.114518689130806317e-01,-6.581396807679991412e-02,-6.555874609421470378e-01,-1.540543393112308312e-01,-4.672697002181676051e-01,1.000000000000000000e+00,-4.605241973590624704e-01,-4.181093355275803392e-01,-3.734821440692609462e-01,-3.160152980592674243e-01,5.092856424328455756e-01,-4.569616287560298029e-01,1.824356506284274260e-01,-4.408067845790077377e-01,-1.874639063356752233e-01,-3.939983822424159010e-02,-3.948280112133655817e-01,1.573765006635289010e-01,-1.053744221804431697e-01,-3.261269808608208698e-01,-3.390535137119595754e-01,-2.830912430878946284e-01,-3.773264483078526133e-01,-2.886644838931792800e-01,-7.035019912473126080e-01,-1.028607579800415311e-01,-9.462634679112430502e-02,-2.882210624667301269e-01,-4.882683133725533309e-01,-2.157096318175868166e-01,-4.579632175889910561e-01,-3.384020596712348228e-01,-1.889024822371188289e-03,-1.827211568470259728e-01,-2.892513292581508910e-01,-1.494698756442929821e-01,-3.874189021029761926e-01
5.633919577488674113e-01,4.140593840762743505e-01,4.111595566854649997e-01,5.476941258864869572e-02,4.865147060040604376e-01,-8.071532663397589652e-03,3.500671876153942375e-01,-4.605241973590624704e-01,1.000000000000000000e+00,3.811229488484420558e-01,-2.073445740765443232e-02,4.661328291837582016e-01,-2.923540918262041433e-01,4.583094086715862048e-01,1.395087434683106586e-01,5.637196950359496528e-01,-1.170972833370100968e-01,2.260422674789817066e-01,4.330268899353827972e-01,-1.255431404989627853e-01,-2.444220387969222794e-02,1.247688439325938536e-01,1.746298274979895260e-01,7.387757824428302367e-02,1.181432812243781855e-01,2.067004577773778606e-01,4.278127697153475961e-01,-5.846526448633818790e-02,1.759436426187386548e-01,6.563294896470051043e-01,2.999055115666112714e-01,9.257632529476204908e-02,7.042233315917985348e-02,5.282361561381719861e-01,7.148769248456590675e-02,5.265505062027434624e-01,6.127835215862632162e-02,2.776463114935377452e-01,5.573139175115721100e-01
3.496735199693432050e-01,7.286349891049911376e-01,1.991022804373737409e-01,-2.684980745083781484e-01,3.805132419100494823e-01,4.942669796859682774e-01,2.422598289539467653e-01,-4.181093355275803392e-01,3.811229488484420558e-01,1.000000000000000000e+00,4.814977883114879287e-01,4.946545719791370921e-01,-1.233078444151575609e-01,7.010451930544732146e-01,-2.709205993491036191e-01,7.950001766806128467e-01,3.806928382290132584e-02,-2.535775446809114264e-01,6.062496304288095272e-03,-2.717078867560843158e-02,4.658370013025807665e-01,2.100749436974134743e-01,7.695529902479394391e-01,6.696389181081879860e-01,7.714998264597763278e-01,-2.999527766153646871e-02,4.325407036501656699e-01,-2.883319293849676002e-01,3.437133509957334132e-01,5.285381829591491165e-01,5.972797671121511387e-01,5.232872477669349154e-01,5.020858131867345087e-01,2.389266028534031139e-01,2.172188585769285751e-01,8.825691633775324674e-02,4.660725466991305632e-01,-3.412332138235645018e-02,5.499081012364172016e-01
-1.022468069019952380e-01,6.533917757581977348e-01,2.218876969504350871e-01,-3.704245541361479432e-01,1.385580436623926048e-01,7.646468279173385119e-01,3.402691467213890264e-01,-3.734821440692609462e-01,-2.073445740765443232e-02,4.814977883114879287e-01,1.000000000000000000e+00,1.493339653360309938e-01,2.474575631400337608e-02,5.594476873103175762e-01,-6.894306355030387357e-01,2.722318947185555782e-01,4.074040168347056734e-01,-6.394268612918193595e-01,-3.680259344569762336e-01,2.674790829507209255e-01,7.018304028946673601e-01,6.254458253523758060e-01,6.131908677258235407e-01,7.485774348135223466e-01,5.675410471506104892e-01,1.137281280113258408e-01,5.078305617556692075e-01,-3.470357542837094189e-01,5.748420985453051024e-01,3.505495785729928482e-02,7.474329109717197106e-01,7.128887052744025121e-01,8.044571362409630444e-01,-3.603474429621897346e-01,4.601565998283018710e-01,-3.998005007095794539e-01,8.049787293058772164e-01,-2.552213812050952435e-01,2.546873095984805158e-01
3.953373979076064693e-01,5.054755269352928515e-01,1.803962767925372523e-01,-1.422105030909537604e-01,4.310025306029355852e-01,6.470513200562712230e-02,1.184438611783960871e-01,-3.160152980592674243e-01,4.661328291837582016e-01,4.946545719791370921e-01,1.493339653360309938e-01,1.000000000000000000e+00,-2.697157651442038673e-01,3.811706652763851011e-01,6.940086014628617239e-02,5.585093287501287085e-01,-3.853370615389405118e-02,-2.114018341632391274e-02,3.402531774597858383e-01,-3.978516057139436235e-01,1.660535928009771178e-01,-3.839423789003201110e-02,2.592162658952166798e-01,1.153865115769949490e-01,2.954100349712396878e-01,-3.783557895491748146e-01,4.550138216243801992e-01,-4.418023765428836791e-01,2.550391893352671815e-02,3.589189891970847590e-01,2.790688017251567454e-01,1.539203093180451509e-01,1.007342040545398665e-01,5.747805749041982049e-01,-2.417005097265453317e-01,4.601138516020593094e-01,1.262435222689934078e-01,3.399694780655576620e-01,7.975121843369339381e-01
-2.671266398693175059e-01,-1.228026382858169868e-01,-6.029615525621100369e-01,-9.317627272079069545e-03,-3.836380629094112704e-01,3.109273507243319190e-01,-2.025903114618571588e-01,5.092856424328455756e-01,-2.923540918262041433e-01,-1.233078444151575609e-01,2.474575631400337608e-02,-2.697157651442038673e-01,1.000000000000000000e+00,-3.003784878104547376e-02,-2.277094884035106848e-01,-2.263347366660197202e-01,7.771608603124373349e-02,-1.032924766159705188e-01,-5.060126479162004864e-01,3.532533693324712565e-01,2.547168907913479607e-01,1.406928631930808582e-01,1.015046777289032101e-03,8.996171233833782921e-02,-1.807154282313087890e-01,-1.437185223905950993e-01,-4.508191675168428669e-01,-2.434429943694561005e-01,3.354940512680585907e-01,-1.266034964001169494e-01,-6.109539126372189044e-02,2.610404231422042143e-01,-2.781698642150916626e-02,-4.131421160187478958e-01,3.436919118452188004e-01,-2.853815933241117264e-01,1.656654923867586227e-01,-2.910793186206303007e-01,-2.075881620002852090e-01
2.777428010952258663e-01,6.754465836112474308e-01,2.169492397442356613e-01,-2.957837273020577085e-01,4.369688900079751748e-01,5.946132311822376337e-01,2.956935469519577642e-01,-4.569616287560298029e-01,4.583094086715862048e-01,7.010451930544732146e-01,5.594476873103175762e-01,3.811706652763851011e-01,-3.003784878104547376e-02,1.000000000000000000e+00,-4.596025274965901408e-01,6.062042819251663994e-01,1.931661805064393278e-01,-3.345321903517877726e-01,-1.287966789301198400e-01,1.740697513993940976e-03,5.546631137025626046e-01,3.523722087406624404e-01,6.630235119324975335e-01,6.566231421897603671e-01,5.736919140191116817e-01,8.853479582402230819e-02,4.482358060528354726e-01,-3.132470532256770301e-01,5.495011255571743414e-01,4.919798476523640773e-01,7.080294201555754618e-01,6.490973701882658542e-01,5.240259219765079912e-01,1.078075932044332691e-01,4.505373317662668686e-01,7.954269209793837780e-02,6.167409126644641804e-01,-1.027352211759012812e-01,5.011781004300653874e-01
2.910292243613993302e-01,-3.521235266807428710e-01,2.756755589200783965e-02,2.631375742702932730e-01,-9.093882181394473407e-02,-7.154079443038795505e-01,-2.946611125493174832e-01,1.824356506284274260e-01,1.395087434683106586e-01,-2.709205993491036191e-01,-6.894306355030387357e-01,6.940086014628617239e-02,-2.277094884035106848e-01,-4.596025274965901408e-01,1.000000000000000000e+00,-8.744939810276503023e-02,-1.338216242879750051e-01,6.031008175227901003e-01,4.852580496884822403e-01,-2.471350782555066239e-01,-7.143176116440447254e-01,-4.908456442794880692e-01,-4.482136106978955037e-01,-6.216229486891549083e-01,-3.429203471718100249e-01,7.780391456950166984e-02,-1.961805807737262708e-01,4.593962802015292279e-01,-6.148456679903147037e-01,1.389707141374059082e-02,-6.245262303231817747e-01,-6.464876917452552219e-01,-5.535926879102217590e-01,4.195916674874096142e-01,-5.531101943885017302e-01,4.072627685686279753e-01,-6.681317234867620858e-01,5.461965155349397527e-01,-8.334782602051518663e-02
5.518318210747680252e-01,6.306759279582987432e-01,2.670477092046070200e-01,-1.344514954665292084e-01,4.081369152381790766e-01,2.965970188814306407e-01,2.622578929845202911e-01,-4.408067845790077377e-01,5.637196950359496528e-01,7.950001766806128467e-01,2.722318947185555782e-01,5.585093287501287085e-01,-2.263347366660197202e-01,6.062042819251663994e-01,-8.744939810276503023e-02,1.000000000000000000e+00,-7.474869257449430482e-02,-1.049426911881876645e-01,1.636530166388138197e-01,-7.933257368807521137e-02,3.154999020933807463e-01,1.448165893491402401e-01,5.636647436926870425e-01,4.571297660299207255e-01,5.497063442564564806e-01,-4.405254851750397410e-02,4.068155816274409142e-01,-2.365749526861178065e-01,2.780219079872832122e-01,6.993942226491532965e-01,5.006974564606103684e-01,3.286350600351280460e-01,3.251429991325129332e-01,4.036494867098106010e-01,1.301604208601631063e-01,3.500663178565547318e-01,3.008347541305521067e-01,6.476136039113836174e-02,5.850921859402400393e-01
5.628163345668732616e-03,2.900502716624744903e-01,2.316367278454865564e-01,-1.742640156184682154e-01,-3.857994446507693673e-03,1.961731066463078821e-01,1.794768259503454547e-02,-1.874639063356752233e-01,-1.170972833370100968e-01,3.806928382290132584e-02,4.074040168347056734e-01,-3.853370615389405118e-02,7.771608603124373349e-02,1.931661805064393278e-01,-1.338216242879750051e-01,-7.474869257449430482e-02,1.000000000000000000e+00,-1.726206658783062398e-01,-8.598605741703169159e-02,7.355060316822761846e-02,9.480635009495735899e-02,3.390980279549705712e-01,1.749868749611834529e-01,1.463700664345919111e-01,1.857281255013443211e-01,2.272590281138143764e-01,3.702482248202798587e-01,1.738051544397556103e-01,3.994219041035011047e-02,-1.910337988024349842e-01,1.294990537452391510e-01,2.148561863261276295e-01,3.649172652335991862e-01,-2.871782810041272893e-01,5.552713715475371577e-03,-1.533242667648221369e-01,3.202775044737763421e-01,1.485758181406030554e-01,-5.006511565438753059e-03
2.081807266286972435e-01,-3.166472009389381115e-01,1.549242962044339866e-01,5.968843860959128778e-01,1.672720071633920502e-01,-6.109117445764254972e-01,-4.911101284387105192e-02,-3.939983822424159010e-02,2.260422674789817066e-01,-2.535775446809114264e-01,-6.394268612918193595e-01,-2.114018341632391274e-02,-1.032924766159705188e-01,-3.345321903517877726e-01,6.031008175227901003e-01,-1.049426911881876645e-01,-1.726206658783062398e-01,1.000000000000000000e+00,6.375655558421625679e-01,-2.975233008868246598e-01,-6.693737052469806992e-01,-4.113778484590081552e-01,-3.692733282153195518e-01,-5.392011917799424126e-01,-3.439673997229572566e-01,1.395620517281110362e-01,-1.554583643665451154e-01,4.368312268772481244e-01,-4.774241484815467951e-01,1.001151091209530608e-01,-5.236428334083379488e-01,-5.223006870910068544e-01,-4.915661380105624256e-01,4.705296089438446017e-01,-4.312538262947778200e-01,4.007594603890239360e-01,-5.973004733667134358e-01,3.982370596921584460e-01,-8.103845836849028761e-02
2.455851358485596769e-01,3.771044206765876428e-02,5.532094355686015819e-01,4.313477081078574416e-01,4.048714787947296223e-01,-5.244107184951986023e-01,2.939007456280486874e-01,-3.948280112133655817e-01,4.330268899353827972e-01,6.062496304288095272e-03,-3.680259344569762336e-01,3.402531774597858383e-01,-5.060126479162004864e-01,-1.287966789301198400e-01,4.852580496884822403e-01,1.636530166388138197e-01,-8.598605741703169159e-02,6.375655558421625679e-01,1.000000000000000000e+00,-4.002237891462362418e-01,-5.604015654935103896e-01,-1.923708425213118134e-01,-1.936197802903169285e-01,-3.683123166611623756e-01,-8.554180890728801945e-02,6.696901268126574658e-02,3.757141662995860387e-01,3.476338830166619820e-01,-4.801835805389392808e-01,1.828230317685334005e-01,-2.436820524540438127e-01,-3.695710142505659324e-01,-2.189809456231211482e-01,5.747634849118566924e-01,-5.339628342745884604e-01,4.754208703432596383e-01,-3.689568323548817474e-01,3.939415957545781555e-01,2.286193806586953869e-01
-2.242708629959399291e-01,4.695744487250033683e-02,-1.039269263318650105e-01,3.697972506821137206e-02,-3.062572373885401600e-01,4.189063030030435453e-01,2.367344716487246592e-01,1.573765006635289010e-01,-1.255431404989627853e-01,-2.717078867560843158e-02,2.674790829507209255e-01,-3.978516057139436235e-01,3.532533693324712565e-01,1.740697513993940976e-03,-2.471350782555066239e-01,-7.933257368807521137e-02,7.355060316822761846e-02,-2.975233008868246598e-01,-4.002237891462362418e-01,1.000000000000000000e+00,3.358466775051432429e-01,5.372000048625178437e-01,7.337434218211909276e-02,3.336213894148297165e-01,-1.719236395798416986e-02,3.438804197568654519e-01,-1.178330211893059143e-01,8.769328972408578504e-02,4.770634984890125274e-01,-6.912357866574332654e-02,2.592635379434998777e-01,3.090423473793328379e-01,3.135250602057054747e-01,-5.086376723309639081e-01,5.633037651684863478e-01,-5.233012501209649558e-01,3.627655832752635923e-01,-4.323115598496233281e-01,-3.352574242136169280e-01
-3.256857852996638408e-02,4.942828774422361460e-01,-1.589429898936512708e-01,-3.711133682898832831e-01,7.376807780904072465e-02,7.981765961953095623e-01,1.577856316178113949e-01,-1.053744221804431697e-01,-2.444220387969222794e-02,4.658370013025807665e-01,7.018304028946673601e-01,1.660535928009771178e-01,2.547168907913479607e-01,5.546631137025626046e-01,-7.143176116440447254e-01,3.154999020933807463e-01,9.480635009495735899e-02,-6.693737052469806992e-01,-5.604015654935103896e-01,3.358466775051432429e-01,1.000000000000000000e+00,4.971757779883636541e-01,5.220892327005725031e-01,6.983017696615663183e-01,4.196178930413139163e-01,-8.722754850514051472e-02,1.607811861431987510e-01,-5.665623077072801106e-01,7.451543588567054455e-01,1.566917870047680184e-01,7.092600173711056666e-01,6.805808988261121684e-01,5.830184678572571944e-01,-2.568199378181977299e-01,6.098301938478222217e-01,-3.019523246598418420e-01,7.004773324512619803e-01,-3.787640858540154420e-01,2.701838179183856936e-01
-1.123838331244751687e-01,4.830148772526896006e-01,3.287411449456901780e-01,-1.189583878363397879e-01,5.893465117439300981e-03,5.829766875559497796e-01,5.104067582629345790e-01,-3.261269808608208698e-01,1.247688439325938536e-01,2.100749436974134743e-01,6.254458253523758060e-01,-3.839423789003201110e-02,1.406928631930808582e-01,3.523722087406624404e-01,-4.908456442794880692e-01,1.448165893491402401e-01,3.390980279549705712e-01,-4.113778484590081552e-01,-1.923708425213118134e-01,5.372000048625178437e-01,4.971757779883636541e-01,1.000000000000000000e+00,2.756373914771962363e-01,4.917672826254526064e-01,1.821414259973187233e-01,3.360231627854832204e-01,4.387585095498344190e-01,-8.452714763253164898e-02,5.728817148223661615e-01,5.298332155829424406e-02,6.251608831687889278e-01,5.308685204094525378e-01,6.761772584727554491e-01,-3.747749941339826862e-01,5.260728052396929089e-01,-3.298358789193318596e-01,6.548846206097346245e-01,-3.304258802982502630e-01,4.674978558376335219e-02
6.065657476244754737e-02,6.250884453830568566e-01,1.252163455809040815e-01,-3.055418072226602777e-01,2.437946116605635705e-01,6.650060166264870620e-01,2.197815778445487422e-01,-3.390535137119595754e-01,1.746298274979895260e-01,7.695529902479394391e-01,6.131908677258235407e-01,2.592162658952166798e-01,1.015046777289032101e-03,6.630235119324975335e-01,-4.482136106978955037e-01,5.636647436926870425e-01,1.749868749611834529e-01,-3.692733282153195518e-01,-1.936197802903169285e-01,7.337434218211909276e-02,5.220892327005725031e-01,2.756373914771962363e-01,1.000000000000000000e+00,7.996324991337201427e-01,8.424926479764672793e-01,3.899927379234565533e-02,3.611533774019097809e-01,-2.949417696428257574e-01,4.047193633800642010e-01,3.686680001520108441e-01,6.320358527254215097e-01,6.720520760894259649e-01,6.257224623700374799e-01,-1.142326782650391996e-02,3.569499011010424661e-01,-2.170305977736873559e-01,5.867482991922559066e-01,-1.893254792881925441e-01,3.664491121568544951e-01
-6.436535884910428440e-02,6.149442996540331885e-01,8.602330409433225911e-02,-2.735358648532438819e-01,1.391481021610671553e-01,8.129246724027403559e-01,3.482299510443806478e-01,-2.830912430878946284e-01,7.387757824428302367e-02,6.696389181081879860e-01,7.485774348135223466e-01,1.153865115769949490e-01,8.996171233833782921e-02,6.566231421897603671e-01,-6.216229486891549083e-01,4.571297660299207255e-01,1.463700664345919111e-01,-5.392011917799424126e-01,-3.683123166611623756e-01,3.336213894148297165e-01,6.983017696615663183e-01,4.917672826254526064e-01,7.996324991337201427e-01,1.000000000000000000e+00,7.217909430502682522e-01,1.179302285516192206e-01,3.286620618548730111e-01,-3.056863087424289693e-01,6.315306168613042948e-01,2.683355580233166560e-01,7.639211633451566952e-01,7.717627863162044299e-01,7.263674730633659093e-01,-2.445792104811373158e-01,5.913543266611023252e-01,-4.012933665591091881e-01,7.596891526717012288e-01,-4.013694894250455780e-01,2.278602066021082062e-01
1.153380838136988523e-01,6.174117578476167045e-01,2.039029702806439415e-01,-3.308657245044879236e-01,2.508547420151912566e-01,5.061412615566336370e-01,1.707640587917148289e-01,-3.773264483078526133e-01,1.181432812243781855e-01,7.714998264597763278e-01,5.675410471506104892e-01,2.954100349712396878e-01,-1.807154282313087890e-01,5.736919140191116817e-01,-3.429203471718100249e-01,5.497063442564564806e-01,1.857281255013443211e-01,-3.439673997229572566e-01,-8.554180890728801945e-02,-1.719236395798416986e-02,4.196178930413139163e-01,1.821414259973187233e-01,8.424926479764672793e-01,7.217909430502682522e-01,1.000000000000000000e+00,2.351612857047927913e-02,4.285386205331495613e-01,-1.819689155768670075e-01,2.066390701309350486e-01,2.777074865895516331e-01,5.331332138487694383e-01,5.223996232881708002e-01,5.787131047617140034e-01,5.238376233032281115e-02,1.581658346593853015e-01,-1.790523529607638553e-01,4.754058425622877393e-01,-1.014477847848821446e-01,3.654800583737697339e-01
5.330204279665068379e-02,5.563460874652209620e-02,4.129658563853862430e-01,1.254497070885332022e-01,7.546047718066507815e-02,7.647420861586527729e-02,2.473223990505825920e-01,-2.886644838931792800e-01,2.067004577773778606e-01,-2.999527766153646871e-02,1.137281280113258408e-01,-3.783557895491748146e-01,-1.437185223905950993e-01,8.853479582402230819e-02,7.780391456950166984e-02,-4.405254851750397410e-02,2.272590281138143764e-01,1.395620517281110362e-01,6.696901268126574658e-02,3.438804197568654519e-01,-8.722754850514051472e-02,3.360231627854832204e-01,3.899927379234565533e-02,1.179302285516192206e-01,2.351612857047927913e-02,1.000000000000000000e+00,1.987756189270742102e-01,5.053463266194989645e-01,1.689830576026297992e-01,7.906434283678283326e-02,1.647208953821351074e-01,-4.983532339226806607e-02,3.228969751304679447e-01,-1.447570571663855665e-01,3.275273771220067465e-01,-2.291217160098405203e-01,4.606488371401974008e-02,1.072385313819899794e-01,-2.282908977780013227e-01
1.764515321914030266e-01,6.780656314605018053e-01,7.073029343901281463e-01,-1.535491347895331926e-01,4.230745485291137475e-01,2.189004237166551348e-01,4.628015019140876984e-01,-7.035019912473126080e-01,4.278127697153475961e-01,4.325407036501656699e-01,5.078305617556692075e-01,4.550138216243801992e-01,-4.508191675168428669e-01,4.482358060528354726e-01,-1.961805807737262708e-01,4.068155816274409142e-01,3.702482248202798587e-01,-1.554583643665451154e-01,3.757141662995860387e-01,-1.178330211893059143e-01,1.607811861431987510e-01,4.387585095498344190e-01,3.611533774019097809e-01,3.286620618548730111e-01,4.285386205331495613e-01,1.987756189270742102e-01,1.000000000000000000e+00,1.032377496555470300e-02,8.698065075596977946e-02,1.658811556447379598e-01,4.850236093336818821e-01,3.357996214649714983e-01,5.398480061564072674e-01,1.449020394401446532e-01,-6.727798393579982605e-02,1.075866692435003408e-01,4.436583972300271461e-01,1.645011160210507195e-01,5.000588707951990619e-01
-4.401694150097368828e-03,-2.691513353142246934e-01,3.509912684858593201e-01,3.672598405327671678e-01,-8.803580548238958137e-02,-4.536187472627231099e-01,4.306695332331385989e-02,-1.028607579800415311e-01,-5.846526448633818790e-02,-2.883319293849676002e-01,-3.470357542837094189e-01,-4.418023765428836791e-01,-2.434429943694561005e-01,-3.132470532256770301e-01,4.593962802015292279e-01,-2.365749526861178065e-01,1.738051544397556103e-01,4.368312268772481244e-01,3.476338830166619820e-01,8.769328972408578504e-02,-5.665623077072801106e-01,-8.452714763253164898e-02,-2.949417696428257574e-01,-3.056863087424289693e-01,-1.819689155768670075e-01,5.053463266194989645e-01,1.032377496555470300e-02,1.000000000000000000e+00,-4.262348653462403880e-01,-1.744188936564260439e-01,-3.699363079415174393e-01,-3.877272943179374542e-01,-1.762316506621149637e-01,-3.126538362800415638e-02,-2.288211479056927733e-01,-2.607452185377530027e-02,-3.282123550148099977e-01,1.692458640517849333e-01,-4.532630372428440579e-01
-2.410928908163086190e-04,4.020456249759945533e-01,-1.000629101402016330e-01,-1.653108903002409036e-01,7.120871597620172244e-02,7.785110610187280233e-01,3.307642177300021413e-01,-9.462634679112430502e-02,1.759436426187386548e-01,3.437133509957334132e-01,5.748420985453051024e-01,2.550391893352671815e-02,3.354940512680585907e-01,5.495011255571743414e-01,-6.148456679903147037e-01,2.780219079872832122e-01,3.994219041035011047e-02,-4.774241484815467951e-01,-4.801835805389392808e-01,4.770634984890125274e-01,7.451543588567054455e-01,5.728817148223661615e-01,4.047193633800642010e-01,6.315306168613042948e-01,2.066390701309350486e-01,1.689830576026297992e-01,8.698065075596977946e-02,-4.262348653462403880e-01,1.000000000000000000e+00,3.101701491764966012e-01,7.051025951383450563e-01,6.270423786885992445e-01,5.320401709878077590e-01,-2.896260774172380592e-01,8.225415876165188545e-01,-2.824033729874886323e-01,6.514700578428385125e-01,-3.962911622154763891e-01,1.706192232238443462e-01
5.503039854689613097e-01,3.614283432100688365e-01,1.512351312078232812e-01,5.763751330726024635e-02,3.216520869010976447e-01,1.794033342958386845e-01,2.484236194515257734e-01,-2.882210624667301269e-01,6.563294896470051043e-01,5.285381829591491165e-01,3.505495785729928482e-02,3.589189891970847590e-01,-1.266034964001169494e-01,4.919798476523640773e-01,1.389707141374059082e-02,6.993942226491532965e-01,-1.910337988024349842e-01,1.001151091209530608e-01,1.828230317685334005e-01,-6.912357866574332654e-02,1.566917870047680184e-01,5.298332155829424406e-02,3.686680001520108441e-01,2.683355580233166560e-01,2.777074865895516331e-01,7.906434283678283326e-02,1.658811556447379598e-01,-1.744188936564260439e-01,3.101701491764966012e-01,1.000000000000000000e+00,3.497817987114358318e-01,1.764405696064468010e-01,1.325086967731621823e-01,3.928471619674476778e-01,2.443292733236274439e-01,4.687989348062188144e-01,1.212697773590073885e-01,4.613094083695044867e-02,4.238085582825820707e-01
4.690149184449770442e-02,6.666730302310917011e-01,2.845851406925045679e-01,-2.554340477465625314e-01,3.140951077358722920e-01,7.612693475695717638e-01,4.776321323133710939e-01,-4.882683133725533309e-01,2.999055115666112714e-01,5.972797671121511387e-01,7.474329109717197106e-01,2.790688017251567454e-01,-6.109539126372189044e-02,7.080294201555754618e-01,-6.245262303231817747e-01,5.006974564606103684e-01,1.294990537452391510e-01,-5.236428334083379488e-01,-2.436820524540438127e-01,2.592635379434998777e-01,7.092600173711056666e-01,6.251608831687889278e-01,6.320358527254215097e-01,7.639211633451566952e-01,5.331332138487694383e-01,1.647208953821351074e-01,4.850236093336818821e-01,-3.699363079415174393e-01,7.051025951383450563e-01,3.497817987114358318e-01,1.000000000000000000e+00,6.930326829317426940e-01,7.545857323403000194e-01,-6.930164564985907827e-02,6.031474788395544406e-01,-1.863322574550762556e-01,7.289795682688700040e-01,-2.876343967378482414e-01,4.059435477496209921e-01
-1.419285852530173531e-01,6.222414826727826753e-01,1.843589186056603102e-02,-3.002590180852882096e-01,8.483433292024206152e-02,7.918230531525443094e-01,2.852673428121788035e-01,-2.157096318175868166e-01,9.257632529476204908e-02,5.232872477669349154e-01,7.128887052744025121e-01,1.539203093180451509e-01,2.610404231422042143e-01,6.490973701882658542e-01,-6.464876917452552219e-01,3.286350600351280460e-01,2.148561863261276295e-01,-5.223006870910068544e-01,-3.695710142505659324e-01,3.090423473793328379e-01,6.805808988261121684e-01,5.308685204094525378e-01,6.720520760894259649e-01,7.717627863162044299e-01,5.223996232881708002e-01,-4.983532339226806607e-02,3.357996214649714983e-01,-3.877272943179374542e-01,6.270423786885992445e-01,1.764405696064468010e-01,6.930326829317426940e-01,1.000000000000000000e+00,6.120246984630047793e-01,-2.970197201284076050e-01,5.332679699892574066e-01,-3.049747112901144974e-01,8.459594886012131720e-01,-3.701462184262773736e-01,2.924851536363657356e-01
-1.002384157251488273e-01,6.154571784953641878e-01,3.592727704404571898e-01,-2.548854768117866931e-01,1.715153555637084493e-01,7.120415167794460487e-01,4.247006665713509155e-01,-4.579632175889910561e-01,7.042233315917985348e-02,5.020858131867345087e-01,8.044571362409630444e-01,1.007342040545398665e-01,-2.781698642150916626e-02,5.240259219765079912e-01,-5.535926879102217590e-01,3.251429991325129332e-01,3.649172652335991862e-01,-4.915661380105624256e-01,-2.189809456231211482e-01,3.135250602057054747e-01,5.830184678572571944e-01,6.761772584727554491e-01,6.257224623700374799e-01,7.263674730633659093e-01,5.787131047617140034e-01,3.228969751304679447e-01,5.398480061564072674e-01,-1.762316506621149637e-01,5.320401709878077590e-01,1.325086967731621823e-01,7.545857323403000194e-01,6.120246984630047793e-01,1.000000000000000000e+00,-2.780717747522850614e-01,4.820222823937295176e-01,-4.015143317084282071e-01,7.027778466932020907e-01,-2.715372288593220773e-01,1.844733468064645721e-01
4.883676832868394935e-01,8.764498620947468177e-02,2.442309856059840245e-01,2.319868302875724153e-01,5.797163867264106818e-01,-3.680864045465592760e-01,-2.593045481772138228e-02,-3.384020596712348228e-01,5.282361561381719861e-01,2.389266028534031139e-01,-3.603474429621897346e-01,5.747805749041982049e-01,-4.131421160187478958e-01,1.078075932044332691e-01,4.195916674874096142e-01,4.036494867098106010e-01,-2.871782810041272893e-01,4.705296089438446017e-01,5.747634849118566924e-01,-5.086376723309639081e-01,-2.568199378181977299e-01,-3.747749941339826862e-01,-1.142326782650391996e-02,-2.445792104811373158e-01,5.238376233032281115e-02,-1.447570571663855665e-01,1.449020394401446532e-01,-3.126538362800415638e-02,-2.896260774172380592e-01,3.928471619674476778e-01,-6.930164564985907827e-02,-2.970197201284076050e-01,-2.780717747522850614e-01,1.000000000000000000e+00,-3.974179519975326036e-01,6.198865048681804213e-01,-3.845278412872046303e-01,4.702891447659285351e-01,5.082628192273731527e-01
-1.518382256708768197e-01,1.931654866122463066e-01,-1.290453297237277863e-01,-1.164566568620802323e-01,-4.029066165988142573e-02,7.008490179022384137e-01,2.867725162452047782e-01,-1.889024822371188289e-03,7.148769248456590675e-02,2.172188585769285751e-01,4.601565998283018710e-01,-2.417005097265453317e-01,3.436919118452188004e-01,4.505373317662668686e-01,-5.531101943885017302e-01,1.301604208601631063e-01,5.552713715475371577e-03,-4.312538262947778200e-01,-5.339628342745884604e-01,5.633037651684863478e-01,6.098301938478222217e-01,5.260728052396929089e-01,3.569499011010424661e-01,5.913543266611023252e-01,1.581658346593853015e-01,3.275273771220067465e-01,-6.727798393579982605e-02,-2.288211479056927733e-01,8.225415876165188545e-01,2.443292733236274439e-01,6.031474788395544406e-01,5.332679699892574066e-01,4.820222823937295176e-01,-3.974179519975326036e-01,1.000000000000000000e+00,-4.145145799039364198e-01,5.503135651795697525e-01,-5.157445337581312295e-01,-8.800160730356243466e-02
5.875691037558545826e-01,7.484568777504882475e-02,1.518969869664144046e-01,8.783563488224847837e-02,2.875253951101777727e-01,-4.521703383789041353e-01,-9.215756290356512392e-02,-1.827211568470259728e-01,5.265505062027434624e-01,8.825691633775324674e-02,-3.998005007095794539e-01,4.601138516020593094e-01,-2.853815933241117264e-01,7.954269209793837780e-02,4.072627685686279753e-01,3.500663178565547318e-01,-1.533242667648221369e-01,4.007594603890239360e-01,4.754208703432596383e-01,-5.233012501209649558e-01,-3.019523246598418420e-01,-3.298358789193318596e-01,-2.170305977736873559e-01,-4.012933665591091881e-01,-1.790523529607638553e-01,-2.291217160098405203e-01,1.075866692435003408e-01,-2.607452185377530027e-02,-2.824033729874886323e-01,4.687989348062188144e-01,-1.863322574550762556e-01,-3.049747112901144974e-01,-4.015143317084282071e-01,6.198865048681804213e-01,-4.145145799039364198e-01,1.000000000000000000e+00,-3.444619122985723703e-01,4.758792657585579344e-01,4.335796450356393938e-01
-1.126886305985341230e-01,6.560177213895974635e-01,1.388787496447484171e-01,-2.966254701703454622e-01,7.118033520513501744e-02,7.886115999814564681e-01,3.515129260139124856e-01,-2.892513292581508910e-01,6.127835215862632162e-02,4.660725466991305632e-01,8.049787293058772164e-01,1.262435222689934078e-01,1.656654923867586227e-01,6.167409126644641804e-01,-6.681317234867620858e-01,3.008347541305521067e-01,3.202775044737763421e-01,-5.973004733667134358e-01,-3.689568323548817474e-01,3.627655832752635923e-01,7.004773324512619803e-01,6.548846206097346245e-01,5.867482991922559066e-01,7.596891526717012288e-01,4.754058425622877393e-01,4.606488371401974008e-02,4.436583972300271461e-01,-3.282123550148099977e-01,6.514700578428385125e-01,1.212697773590073885e-01,7.289795682688700040e-01,8.459594886012131720e-01,7.027778466932020907e-01,-3.845278412872046303e-01,5.503135651795697525e-01,-3.444619122985723703e-01,1.000000000000000000e+00,-3.800048230008345462e-01,2.302567717881499332e-01
4.337172853257876270e-01,6.648212494310620779e-02,1.899804674357902790e-01,8.056311932867682435e-03,2.356221823564264573e-01,-4.330013916278258046e-01,-2.051595049288430506e-01,-1.494698756442929821e-01,2.776463114935377452e-01,-3.412332138235645018e-02,-2.552213812050952435e-01,3.399694780655576620e-01,-2.910793186206303007e-01,-1.027352211759012812e-01,5.461965155349397527e-01,6.476136039113836174e-02,1.485758181406030554e-01,3.982370596921584460e-01,3.939415957545781555e-01,-4.323115598496233281e-01,-3.787640858540154420e-01,-3.304258802982502630e-01,-1.893254792881925441e-01,-4.013694894250455780e-01,-1.014477847848821446e-01,1.072385313819899794e-01,1.645011160210507195e-01,1.692458640517849333e-01,-3.962911622154763891e-01,4.613094083695044867e-02,-2.876343967378482414e-01,-3.701462184262773736e-01,-2.715372288593220773e-01,4.702891447659285351e-01,-5.157445337581312295e-01,4.758792657585579344e-01,-3.800048230008345462e-01,1.000000000000000000e+00,3.920673626630570840e-01
4.108647491765604620e-01,6.089311464947861907e-01,1.917039886927844050e-01,-2.195608865532309995e-01,4.663069528267330122e-01,1.922283124129747223e-01,1.517507470382767065e-01,-3.874189021029761926e-01,5.573139175115721100e-01,5.499081012364172016e-01,2.546873095984805158e-01,7.975121843369339381e-01,-2.075881620002852090e-01,5.011781004300653874e-01,-8.334782602051518663e-02,5.850921859402400393e-01,-5.006511565438753059e-03,-8.103845836849028761e-02,2.286193806586953869e-01,-3.352574242136169280e-01,2.701838179183856936e-01,4.674978558376335219e-02,3.664491121568544951e-01,2.278602066021082062e-01,3.654800583737697339e-01,-2.282908977780013227e-01,5.000588707951990619e-01,-4.532630372428440579e-01,1.706192232238443462e-01,4.238085582825820707e-01,4.059435477496209921e-01,2.924851536363657356e-01,1.844733468064645721e-01,5.082628192273731527e-01,-8.800160730356243466e-02,4.335796450356393938e-01,2.302567717881499332e-01,3.920673626630570840e-01,1.000000000000000000e+00
