1.000000000000000000e+00,6.300430463402846293e-01,2.244072402279648215e-01,-1.298949567851422349e-01,3.957941581955973787e-01,3.051474851559969337e-01,-6.736646750266174488e-02,-2.118320343212867773e-01,1.658653633630771951e-01,4.424160243798927472e-01,2.621515424724313870e-01,1.545725961606640164e-01,1.855569711847225925e-02,3.525582532643045108e-01,1.859316861885176031e-01,3.213571975646699608e-01,2.808782792918873006e-01,-2.788976952510514029e-01,-2.584613506027567120e-01,-1.779457259176568662e-01,2.922769148427772912e-01,6.110083359731351832e-02,2.724386998576573404e-01,3.194350929409084383e-01,3.734728595527237460e-01,1.678561603950803616e-01,-4.584501421040076269e-02,2.203190496942026011e-01,4.101741024963605486e-01,4.939655064989281752e-01,3.784560254457824402e-01,3.301188375198253477e-01,4.066930676877900108e-01,2.793795947828111581e-01,3.844040242930812368e-01,-7.619035672021942651e-02,4.365715991994247869e-01,-9.293865730770725295e-03,-3.146466846964131592e-01
6.300430463402846293e-01,1.000000000000000000e+00,1.042480581802818357e-01,-1.933246415687215336e-01,2.947056563867876400e-01,3.395022553182340808e-01,-2.053779992302454671e-01,-7.546742216881723031e-02,5.474745466043076658e-02,4.614101541253961547e-01,3.278846312621093162e-01,2.505448759784925095e-01,8.788327679165545969e-02,3.699885655443972410e-01,2.832657440231166057e-01,2.396847258413410675e-01,3.893170642914491331e-01,-4.172219258745775150e-01,-4.128673185619924912e-01,-2.430247165830068667e-01,2.173835592458375210e-01,-7.037904622069636462e-02,2.062134479294804035e-01,2.370859673715364213e-01,3.707161690402789866e-01,2.528103291517717621e-01,1.006426857535430708e-01,1.415082943013494243e-01,4.777515421196791845e-01,4.033709917790970767e-01,2.594359351558487292e-01,3.813054207198681711e-01,3.732832587140022529e-01,3.001285374614254819e-01,4.518993117029897477e-01,-1.337105827653256029e-01,4.610970897028412452e-01,1.713893805788652414e-01,-2.210527100856766736e-01
2.244072402279648215e-01,1.042480581802818357e-01,1.000000000000000000e+00,-1.562891806456539467e-01,5.035425868140601668e-01,1.707516169170056330e-01,3.035643220122415716e-03,-7.710704830422634437e-01,1.842639924484536507e-01,3.310227786341216061e-01,6.959451026696193698e-02,2.274849210421410750e-01,1.847517701028877635e-01,2.985426275128335027e-01,2.046484638550365998e-01,3.047259729216174606e-01,8.790523164827450386e-02,9.121556759551097127e-02,2.020932529763539709e-01,-2.586821691064348713e-02,2.374591108240254878e-01,1.008960065429040653e-01,2.188001058200149951e-01,2.477940393005093056e-01,3.245264957538460671e-01,9.923972473025978458e-02,9.865045827092964667e-03,4.286949946214732576e-01,2.353752432872975031e-01,3.692721789367355290e-01,2.905741464806745333e-01,1.881090608910218898e-01,4.998310520095716192e-01,3.050284951225690211e-01,1.963221797449354322e-01,1.257312920373854781e-01,2.527403201375943431e-01,1.232196717321290373e-02,1.006600300339476617e-01
-1.298949567851422349e-01,-1.933246415687215336e-01,-1.562891806456539467e-01,1.000000000000000000e+00,-1.951156482461642028e-01,-6.243693377528993782e-01,5.602084535480683636e-01,8.200539218688335241e-02,4.060169079977393181e-01,-4.761964530109754623e-01,-4.597863325595563100e-01,-1.926600492667555065e-01,-5.999683838540116332e-01,-4.179370020335776426e-01,-3.978192311387347968e-01,-4.295308466927407753e-01,-6.241001227885331071e-01,4.273833426037403904e-01,1.617968050739871377e-01,4.660594507086984195e-01,5.735910700245670096e-02,3.227631106802261729e-01,-3.511444628163766235e-01,-2.646758840994768436e-01,-3.905428299626763078e-01,-2.290987992940681228e-01,-1.890966692017233552e-01,-1.377321776163406841e-01,-5.225543598263302503e-01,-2.547985620955587338e-01,-5.271851618722527000e-02,-6.146763648229405241e-01,-5.326027427374281364e-01,-1.846974229021840774e-01,-6.019171547903097164e-01,-2.137587782354284649e-02,-5.757363889154361036e-01,3.199075215378512083e-02,1.762137714924745914e-03
3.957941581955973787e-01,2.947056563867876400e-01,5.035425868140601668e-01,-1.951156482461642028e-01,1.000000000000000000e+00,2.836918340223132384e-01,-1.000182331875683756e-01,-4.820462671629350271e-01,1.814838222951905000e-01,3.630105585015297454e-01,1.408518027443314835e-01,3.545686449157393616e-01,1.711377978685575951e-01,4.971378543413123019e-01,3.878169504038744275e-01,2.094036852595021758e-01,2.327253345830925801e-01,-1.522625958563806614e-01,-3.564712079709570630e-02,-2.189952148377679597e-01,8.697335538742638483e-02,-1.317411248650059985e-01,1.384986997318347623e-01,1.833400432270392844e-01,3.169566097318303188e-01,1.674100239834216408e-01,1.512209590415706899e-02,2.773989901333901442e-01,3.987795915318586570e-01,3.870364565333301865e-01,1.614059652070940765e-01,2.998814144167227247e-01,4.586486214379945081e-01,5.035146281168683124e-01,3.149224046703169022e-01,3.801230419478982686e-02,3.025195480997165953e-01,1.263046491805019378e-01,-5.068678416915527174e-02
3.051474851559969337e-01,3.395022553182340808e-01,1.707516169170056330e-01,-6.243693377528993782e-01,2.836918340223132384e-01,1.000000000000000000e+00,-4.139673833534343039e-01,-1.112333985599709973e-01,-3.001854201963696234e-01,6.269811385082937338e-01,6.183794486604755614e-01,3.258413785784041727e-01,5.435778911635811284e-01,5.494752563018844294e-01,4.130317002575921159e-01,5.709079252817087502e-01,6.813533803945148737e-01,-4.110465377366445683e-01,-1.960651294385689913e-01,-3.900925854050589781e-01,-1.515165623474219042e-02,-3.121360298147505263e-01,5.794030326679069365e-01,5.087027105294044116e-01,6.239624245706979488e-01,2.776114876531712850e-01,3.164857272486383821e-01,2.336369355304721840e-01,6.675053637181369570e-01,4.287257426795600956e-01,1.745225847497489657e-01,7.579867321649056411e-01,6.354950834133734627e-01,2.107668333857961041e-01,7.366908890682497546e-01,1.917633672573461068e-01,7.213128486525853811e-01,-4.958834480336653250e-02,1.044222202691304051e-02
-6.736646750266174488e-02,-2.053779992302454671e-01,3.035643220122415716e-03,5.602084535480683636e-01,-1.000182331875683756e-01,-4.139673833534343039e-01,1.000000000000000000e+00,-8.086778533706100169e-02,3.251935689807405883e-01,-2.854166256704371851e-01,-2.420402092771509195e-01,-1.942473214951938587e-01,-4.306506340938714983e-01,-2.355281904336130328e-01,-3.785410993689073966e-01,-1.550785767305884466e-01,-5.329470264470104190e-01,3.837968433768106369e-01,2.773559010805053959e-01,5.024098972451791489e-01,5.182696038801478527e-02,3.416335250844153015e-01,-1.252243801302282411e-01,-1.029122373529478690e-01,-2.205070112636586255e-01,-1.897133739643484251e-01,-4.547332671460419667e-02,-2.360129843656032927e-02,-4.173842712736174354e-01,-1.468586559728816132e-01,9.266946940003040201e-02,-4.273486214144917028e-01,-3.582585676237618477e-01,-1.648195403492396516e-01,-4.536478790959455609e-01,1.922907138061878962e-01,-4.081121097617260718e-01,-7.733647710103215556e-02,6.121246930234122002e-02
-2.118320343212867773e-01,-7.546742216881723031e-02,-7.710704830422634437e-01,8.200539218688335241e-02,-4.820462671629350271e-01,-1.112333985599709973e-01,-8.086778533706100169e-02,1.000000000000000000e+00,-2.063525154427537367e-01,-2.869099180886285905e-01,-3.013854100605430075e-02,-1.710601645347919197e-01,-1.087323746824681581e-01,-2.339180935074258449e-01,-1.439540399358565648e-01,-2.902567656976314248e-01,-1.305260286472975824e-02,-1.472060773625558372e-01,-2.458984920759878789e-01,-1.489361982873525433e-02,-2.489926867648223630e-01,-1.490846609568242942e-01,-2.125662971437179971e-01,-2.413009128518148749e-01,-3.127358639895893022e-01,-8.928805932807835910e-02,8.886386647727187449e-03,-4.098343554024691526e-01,-1.696665157335400242e-01,-3.570193171826198109e-01,-2.837784058760464134e-01,-1.221673104141513810e-01,-4.402328029567213474e-01,-2.350511376971865241e-01,-1.215822947704026380e-01,-1.380508933459060061e-01,-1.973360272015716455e-01,-6.655804992075020632e-03,-1.179555064162771394e-01
1.658653633630771951e-01,5.474745466043076658e-02,1.842639924484536507e-01,4.060169079977393181e-01,1.814838222951905000e-01,-3.001854201963696234e-01,3.251935689807405883e-01,-2.063525154427537367e-01,1.000000000000000000e+00,-1.185233692048516113e-01,-1.711020282632345069e-01,1.911810743183854910e-01,-2.872487514172828438e-01,-5.192457732247176411e-02,-1.021774433424644905e-02,-8.202129867497343074e-02,-2.835062542642893257e-01,4.119298227895797360e-01,3.023888351730813495e-01,1.458366380588227151e-01,6.662598897684637866e-02,1.727568170106138223e-01,-5.600048645997258989e-02,-8.715551038483447532e-03,-4.451492691136210711e-02,-3.899135113026151039e-02,-7.404004009675334286e-02,1.341380864116317739e-01,-2.012711530879720823e-01,9.520027073769489478e-02,1.430720820445312291e-01,-2.755961957808371610e-01,-6.607767851905868572e-02,3.042577638359167391e-01,-2.958703106991096288e-01,6.375723434546513857e-02,-2.517584242316150966e-01,1.484110390698866189e-01,1.777944300526466404e-01
4.424160243798927472e-01,4.614101541253961547e-01,3.310227786341216061e-01,-4.761964530109754623e-01,3.630105585015297454e-01,6.269811385082937338e-01,-2.854166256704371851e-01,-2.869099180886285905e-01,-1.185233692048516113e-01,1.000000000000000000e+00,4.752818643537387033e-01,3.810171792822628634e-01,4.147628032957642041e-01,5.673984887193177507e-01,4.788184896327603579e-01,6.719394423442585085e-01,6.084828131201180934e-01,-2.742008739997258693e-01,-1.278008327806577360e-01,-2.367987911800034651e-01,2.433384263592499042e-01,-1.027397653580323367e-01,5.618535942666457172e-01,5.697350165750444395e-01,6.841287533913011920e-01,3.836806853515052351e-01,1.423117614212320026e-01,3.695004948901980946e-01,6.609066498823501501e-01,6.085323517683669525e-01,1.959086731242679347e-01,6.227171541576865810e-01,6.180552937602388219e-01,2.764125896792540282e-01,6.327611318168546717e-01,1.859464215297882972e-01,6.768195540676156252e-01,1.878208117157871837e-01,1.197215205631068854e-02
2.621515424724313870e-01,3.278846312621093162e-01,6.959451026696193698e-02,-4.597863325595563100e-01,1.408518027443314835e-01,6.183794486604755614e-01,-2.420402092771509195e-01,-3.013854100605430075e-02,-1.711020282632345069e-01,4.752818643537387033e-01,1.000000000000000000e+00,2.089766792435657772e-01,3.544822333388801261e-01,3.470393765489107052e-01,2.629530924227072575e-01,4.731358994542906871e-01,6.057880951637119038e-01,-3.112588541450254653e-01,-1.597802264106416292e-01,-2.123445898137139576e-01,1.407221350207926410e-03,-1.442727251327036997e-01,5.284252059579930272e-01,5.048905021988234765e-01,4.810089059434362047e-01,2.903125819241988981e-01,4.481494285250693377e-01,1.603776135937401426e-01,4.648852622607382856e-01,3.315226728683344781e-01,2.286293928220143323e-01,6.110395946750633023e-01,5.047903111751045335e-01,7.478057323085331165e-02,5.396206080033104646e-01,2.638797841957530310e-01,5.352570072739049056e-01,-9.535819676924904564e-02,3.631780481299105162e-02
1.545725961606640164e-01,2.505448759784925095e-01,2.274849210421410750e-01,-1.926600492667555065e-01,3.545686449157393616e-01,3.258413785784041727e-01,-1.942473214951938587e-01,-1.710601645347919197e-01,1.911810743183854910e-01,3.810171792822628634e-01,2.089766792435657772e-01,1.000000000000000000e+00,3.118670847994754469e-01,4.870143647936416853e-01,6.085581128804540274e-01,2.426063480078537449e-01,2.628907653487944085e-01,-2.982734880055491755e-02,2.463561331093656187e-02,-1.674492359483520654e-01,9.409421830982837506e-03,-1.563821887650828635e-01,1.834669535002014518e-01,1.790827275408749808e-01,3.521209566603812902e-01,3.579974933529564418e-01,3.315684993336452391e-01,2.513287678739121178e-01,4.202028328601163931e-01,2.356292816518083533e-01,-5.360896633089359126e-03,3.551728778830192113e-01,3.772700728021525229e-01,4.264095289279076773e-01,3.387129125827081921e-01,5.256631171508913125e-02,2.808823929136505249e-01,3.849567614326506182e-01,3.568188641657515925e-01
1.855569711847225925e-02,8.788327679165545969e-02,1.847517701028877635e-01,-5.999683838540116332e-01,1.711377978685575951e-01,5.435778911635811284e-01,-4.306506340938714983e-01,-1.087323746824681581e-01,-2.872487514172828438e-01,4.147628032957642041e-01,3.544822333388801261e-01,3.118670847994754469e-01,1.000000000000000000e+00,4.638576711592213853e-01,3.652731924581462675e-01,3.861406295219778073e-01,5.177397741202560688e-01,-2.467358464107881899e-01,4.949932636132449437e-02,-4.453481978558469501e-01,-5.084276337739448981e-02,-2.309739920556230786e-01,3.444566731834363682e-01,2.372466606052739679e-01,3.402134209357435268e-01,1.494600139833039132e-01,1.920814479651017370e-01,2.514518459559871300e-01,4.660016184779906534e-01,1.650869197709048108e-01,7.468238206165160598e-02,5.534000534743663824e-01,4.611302445699566599e-01,2.546277681508461455e-01,5.207154063948516987e-01,1.033343692070571029e-01,4.730117815294093142e-01,5.863293938635871089e-02,2.392461178126724930e-01
3.525582532643045108e-01,3.699885655443972410e-01,2.985426275128335027e-01,-4.179370020335776426e-01,4.971378543413123019e-01,5.494752563018844294e-01,-2.355281904336130328e-01,-2.339180935074258449e-01,-5.192457732247176411e-02,5.673984887193177507e-01,3.470393765489107052e-01,4.870143647936416853e-01,4.638576711592213853e-01,1.000000000000000000e+00,5.876831598864394879e-01,3.919064912032423909e-01,5.184155936483304528e-01,-2.950013740290039488e-01,-1.311516386017972380e-01,-3.043500617459973800e-01,-2.607882482951331612e-02,-3.295768929955715798e-01,2.952244254737313445e-01,2.722864288413053280e-01,4.561445804796716019e-01,3.452331605547461768e-01,1.652119415900607791e-01,3.384358731866226599e-01,6.433387121847573553e-01,4.698561279987097938e-01,2.744725946592654897e-02,5.725586979404641008e-01,5.044946093377230545e-01,3.818564082913412649e-01,5.794916815881597794e-01,1.201066695155925401e-01,5.160308212319955068e-01,2.511029611254808058e-01,-2.448613558584765426e-02
1.859316861885176031e-01,2.832657440231166057e-01,2.046484638550365998e-01,-3.978192311387347968e-01,3.878169504038744275e-01,4.130317002575921159e-01,-3.785410993689073966e-01,-1.439540399358565648e-01,-1.021774433424644905e-02,4.788184896327603579e-01,2.629530924227072575e-01,6.085581128804540274e-01,3.652731924581462675e-01,5.876831598864394879e-01,1.000000000000000000e+00,2.770007501527301241e-01,4.682015496476392702e-01,-1.926562582019593906e-01,-7.638032815292143674e-02,-2.508110633623905072e-01,-5.776844107907836562e-02,-3.336174438541030240e-01,1.455186069473576593e-01,1.588675468738802166e-01,3.662521256105164547e-01,4.635264567816430037e-01,1.891815839119583009e-01,2.454177833377644558e-01,5.451896171769853305e-01,3.741326122923875896e-01,-1.999046627082376737e-01,4.403360230460485192e-01,4.122957924761631032e-01,3.092183927810863153e-01,4.181056777649219680e-01,1.547129840196376400e-02,3.648502494070034463e-01,4.624638528425846773e-01,1.228434436166444405e-01
3.213571975646699608e-01,2.396847258413410675e-01,3.047259729216174606e-01,-4.295308466927407753e-01,2.094036852595021758e-01,5.709079252817087502e-01,-1.550785767305884466e-01,-2.902567656976314248e-01,-8.202129867497343074e-02,6.719394423442585085e-01,4.731358994542906871e-01,2.426063480078537449e-01,3.861406295219778073e-01,3.919064912032423909e-01,2.770007501527301241e-01,1.000000000000000000e+00,4.778198402299202452e-01,-8.159462083319184156e-02,8.000425658508003579e-02,-1.464302037158881076e-01,2.419488962369252261e-01,3.437531239022619672e-02,6.794230418635398561e-01,6.508646716651299569e-01,6.602580535659035021e-01,3.199520494350807098e-01,1.730353430534576076e-01,3.728125585147393783e-01,4.717757987356762661e-01,5.340073705387954339e-01,2.661682559694908412e-01,5.546668060527485400e-01,5.644275584076996477e-01,1.381643283059519889e-01,5.159471150993122368e-01,3.180602844270069562e-01,6.009434407465792383e-01,2.008146866614993892e-02,1.307419772290597804e-01
2.808782792918873006e-01,3.893170642914491331e-01,8.790523164827450386e-02,-6.241001227885331071e-01,2.327253345830925801e-01,6.813533803945148737e-01,-5.329470264470104190e-01,-1.305260286472975824e-02,-2.835062542642893257e-01,6.084828131201180934e-01,6.057880951637119038e-01,2.628907653487944085e-01,5.177397741202560688e-01,5.184155936483304528e-01,4.682015496476392702e-01,4.778198402299202452e-01,1.000000000000000000e+00,-4.422747575894479533e-01,-2.875407600133675357e-01,-4.136769564030906565e-01,-7.984676539634243120e-03,-3.427342735451222033e-01,4.436570565761870921e-01,4.367489591782438563e-01,5.235245781704084278e-01,3.440510626915798120e-01,1.824163360632838626e-01,2.232584413232558129e-01,6.512576387258418587e-01,4.322972430258961718e-01,4.570338697674098533e-02,6.774487133518007909e-01,5.536818542649283303e-01,2.207762251686737343e-01,6.594401629802968401e-01,7.648937472040705232e-02,6.370519913235798137e-01,1.159504119730256355e-01,-8.755917676314346754e-02
-2.788976952510514029e-01,-4.172219258745775150e-01,9.121556759551097127e-02,4.273833426037403904e-01,-1.522625958563806614e-01,-4.110465377366445683e-01,3.837968433768106369e-01,-1.472060773625558372e-01,4.119298227895797360e-01,-2.742008739997258693e-01,-3.112588541450254653e-01,-2.982734880055491755e-02,-2.467358464107881899e-01,-2.950013740290039488e-01,-1.926562582019593906e-01,-8.159462083319184156e-02,-4.422747575894479533e-01,1.000000000000000000e+00,6.091051889028197275e-01,3.500738176495495901e-01,-1.146727446640581280e-02,2.148146206015286996e-01,-8.208919236972474220e-02,-7.735628255779450346e-02,-1.411716953141143593e-01,2.346084759750038939e-02,-4.515189786997274302e-02,2.683628778372474932e-01,-3.812076584756838860e-01,-1.093132450204518935e-01,-6.412767476886813449e-04,-4.054208730906675995e-01,-2.644502426805188100e-01,-1.864181675123101345e-01,-4.455762503632442195e-01,1.393129498387068177e-01,-3.961803967352479083e-01,1.500575582082042114e-01,3.699588962390926716e-01
-2.584613506027567120e-01,-4.128673185619924912e-01,2.020932529763539709e-01,1.617968050739871377e-01,-3.564712079709570630e-02,-1.960651294385689913e-01,2.773559010805053959e-01,-2.458984920759878789e-01,3.023888351730813495e-01,-1.278008327806577360e-01,-1.597802264106416292e-01,2.463561331093656187e-02,4.949932636132449437e-02,-1.311516386017972380e-01,-7.638032815292143674e-02,8.000425658508003579e-02,-2.875407600133675357e-01,6.091051889028197275e-01,1.000000000000000000e+00,1.284073038126576638e-01,-8.634657951362317840e-02,1.323723587244021171e-01,8.918286640147068955e-02,5.914759904277920241e-03,-1.519299512550565008e-02,1.709755351908565785e-02,4.111744229083764274e-02,1.795362714250861025e-01,-2.345899009596618123e-01,-5.102426290935141440e-02,5.477273673449206681e-02,-1.925937073244667341e-01,-7.661546663548997327e-02,-1.247050816182932453e-01,-2.735369662157046133e-01,2.548995038320220341e-01,-2.272470896124643980e-01,4.623079144333434171e-02,4.893566523022775949e-01
-1.779457259176568662e-01,-2.430247165830068667e-01,-2.586821691064348713e-02,4.660594507086984195e-01,-2.189952148377679597e-01,-3.900925854050589781e-01,5.024098972451791489e-01,-1.489361982873525433e-02,1.458366380588227151e-01,-2.367987911800034651e-01,-2.123445898137139576e-01,-1.674492359483520654e-01,-4.453481978558469501e-01,-3.043500617459973800e-01,-2.508110633623905072e-01,-1.464302037158881076e-01,-4.136769564030906565e-01,3.500738176495495901e-01,1.284073038126576638e-01,1.000000000000000000e+00,1.041309887676059032e-01,2.638693715958252972e-01,-1.576488275401430328e-01,-6.448079767755619807e-02,-2.096067285727060414e-01,-8.701996332920046429e-02,-4.123566516612307137e-02,8.004175643514630997e-03,-3.753240729409217935e-01,-1.323724563773511775e-01,-7.115656058486774516e-02,-4.116604778248915131e-01,-3.723337649266086902e-01,-2.674685790293881982e-01,-4.143166727034451324e-01,1.905964898792210649e-01,-3.585552433626442159e-01,-2.529400512271082549e-02,-1.180209527301931578e-02
2.922769148427772912e-01,2.173835592458375210e-01,2.374591108240254878e-01,5.735910700245670096e-02,8.697335538742638483e-02,-1.515165623474219042e-02,5.182696038801478527e-02,-2.489926867648223630e-01,6.662598897684637866e-02,2.433384263592499042e-01,1.407221350207926410e-03,9.409421830982837506e-03,-5.084276337739448981e-02,-2.607882482951331612e-02,-5.776844107907836562e-02,2.419488962369252261e-01,-7.984676539634243120e-03,-1.146727446640581280e-02,-8.634657951362317840e-02,1.041309887676059032e-01,1.000000000000000000e+00,6.054392164937180132e-01,1.348338279328386569e-01,2.853659163529596032e-01,1.788258386704598413e-01,2.059183908532224994e-02,-1.060019469099612310e-01,2.365178746200792548e-01,9.918656618441254458e-03,1.485051943488704118e-01,3.587538108538723125e-01,1.066378263829367845e-02,1.869332880166477417e-01,1.650359750622926169e-01,3.942575445001555295e-02,2.619611507692831340e-02,1.656066168680920270e-01,-4.784281239862610974e-02,-6.431772502393098834e-02
6.110083359731351832e-02,-7.037904622069636462e-02,1.008960065429040653e-01,3.227631106802261729e-01,-1.317411248650059985e-01,-3.121360298147505263e-01,3.416335250844153015e-01,-1.490846609568242942e-01,1.727568170106138223e-01,-1.027397653580323367e-01,-1.442727251327036997e-01,-1.563821887650828635e-01,-2.309739920556230786e-01,-3.295768929955715798e-01,-3.336174438541030240e-01,3.437531239022619672e-02,-3.427342735451222033e-01,2.148146206015286996e-01,1.323723587244021171e-01,2.638693715958252972e-01,6.054392164937180132e-01,1.000000000000000000e+00,-1.849380374024573934e-02,8.292266872165167391e-02,-1.223472149718315971e-01,-1.415715343031977436e-01,-8.642623549212985479e-02,5.007184778284162058e-02,-3.575333628815736686e-01,-1.365749511632065871e-01,3.357705467988028047e-01,-2.891890998904530496e-01,-1.173163070371716632e-01,-6.334887354714814622e-02,-3.083002595903715504e-01,4.464696685373770180e-02,-1.924727785355564158e-01,-1.816906989180481213e-01,5.201069361508994099e-02
2.724386998576573404e-01,2.062134479294804035e-01,2.188001058200149951e-01,-3.511444628163766235e-01,1.384986997318347623e-01,5.794030326679069365e-01,-1.252243801302282411e-01,-2.125662971437179971e-01,-5.600048645997258989e-02,5.618535942666457172e-01,5.284252059579930272e-01,1.834669535002014518e-01,3.444566731834363682e-01,2.952244254737313445e-01,1.455186069473576593e-01,6.794230418635398561e-01,4.436570565761870921e-01,-8.208919236972474220e-02,8.918286640147068955e-02,-1.576488275401430328e-01,1.348338279328386569e-01,-1.849380374024573934e-02,1.000000000000000000e+00,7.148767737312773374e-01,6.769016545303544463e-01,1.620055772772517888e-01,1.943974843320683266e-01,2.352102262722522985e-01,4.380057420408445257e-01,4.559076703201756509e-01,2.928261548975312212e-01,5.499968938307631117e-01,5.149120773709808807e-01,7.487903187284433715e-02,5.068333224930428038e-01,4.012418015344830224e-01,5.953240005357715026e-01,-1.135156394687990983e-01,1.873848261671620941e-01
3.194350929409084383e-01,2.370859673715364213e-01,2.477940393005093056e-01,-2.646758840994768436e-01,1.833400432270392844e-01,5.087027105294044116e-01,-1.029122373529478690e-01,-2.413009128518148749e-01,-8.715551038483447532e-03,5.697350165750444395e-01,5.048905021988234765e-01,1.790827275408749808e-01,2.372466606052739679e-01,2.722864288413053280e-01,1.588675468738802166e-01,6.508646716651299569e-01,4.367489591782438563e-01,-7.735628255779450346e-02,5.914759904277920241e-03,-6.448079767755619807e-02,2.853659163529596032e-01,8.292266872165167391e-02,7.148767737312773374e-01,1.000000000000000000e+00,6.562837021379874791e-01,1.642459001017557985e-01,1.146546113045359416e-01,2.813422514313721479e-01,4.314955517893355186e-01,5.152716437006791272e-01,3.086574415571163854e-01,5.038098342474824909e-01,5.102084139992418832e-01,1.150109650870861921e-01,4.619384862747376586e-01,3.929662075094712548e-01,5.643199248593590012e-01,-8.257297368292004780e-02,7.005608614872660400e-02
3.734728595527237460e-01,3.707161690402789866e-01,3.245264957538460671e-01,-3.905428299626763078e-01,3.169566097318303188e-01,6.239624245706979488e-01,-2.205070112636586255e-01,-3.127358639895893022e-01,-4.451492691136210711e-02,6.841287533913011920e-01,4.810089059434362047e-01,3.521209566603812902e-01,3.402134209357435268e-01,4.561445804796716019e-01,3.662521256105164547e-01,6.602580535659035021e-01,5.235245781704084278e-01,-1.411716953141143593e-01,-1.519299512550565008e-02,-2.096067285727060414e-01,1.788258386704598413e-01,-1.223472149718315971e-01,6.769016545303544463e-01,6.562837021379874791e-01,1.000000000000000000e+00,3.245567838941655348e-01,1.843129311089893585e-01,3.533757981604112031e-01,5.942213538775119597e-01,5.538457670247940445e-01,2.268494855578574998e-01,5.992999068071384050e-01,6.067206109930592950e-01,2.171690691905211745e-01,5.964419134635415842e-01,2.690016361775466325e-01,6.659424969079047463e-01,1.041584646833823291e-01,1.588664263795030451e-01
1.678561603950803616e-01,2.528103291517717621e-01,9.923972473025978458e-02,-2.290987992940681228e-01,1.674100239834216408e-01,2.776114876531712850e-01,-1.897133739643484251e-01,-8.928805932807835910e-02,-3.899135113026151039e-02,3.836806853515052351e-01,2.903125819241988981e-01,3.579974933529564418e-01,1.494600139833039132e-01,3.452331605547461768e-01,4.635264567816430037e-01,3.199520494350807098e-01,3.440510626915798120e-01,2.346084759750038939e-02,1.709755351908565785e-02,-8.701996332920046429e-02,2.059183908532224994e-02,-1.415715343031977436e-01,1.620055772772517888e-01,1.642459001017557985e-01,3.245567838941655348e-01,1.000000000000000000e+00,3.436638497876441378e-01,3.328924269338497943e-01,3.973993331602052037e-01,2.859638243193305951e-01,-3.828461974048377736e-02,3.305525613602054991e-01,2.686690081069256775e-01,-4.214343153260242253e-02,2.888884231700448724e-01,7.410536214303800606e-02,2.824947291702644137e-01,4.238700538390787198e-01,1.239790499492119669e-01
-4.584501421040076269e-02,1.006426857535430708e-01,9.865045827092964667e-03,-1.890966692017233552e-01,1.512209590415706899e-02,3.164857272486383821e-01,-4.547332671460419667e-02,8.886386647727187449e-03,-7.404004009675334286e-02,1.423117614212320026e-01,4.481494285250693377e-01,3.315684993336452391e-01,1.920814479651017370e-01,1.652119415900607791e-01,1.891815839119583009e-01,1.730353430534576076e-01,1.824163360632838626e-01,-4.515189786997274302e-02,4.111744229083764274e-02,-4.123566516612307137e-02,-1.060019469099612310e-01,-8.642623549212985479e-02,1.943974843320683266e-01,1.146546113045359416e-01,1.843129311089893585e-01,3.436638497876441378e-01,1.000000000000000000e+00,1.161805342714725547e-01,1.745662617979123754e-01,-2.816068080412415311e-02,1.541271156743138915e-01,3.219360491906939625e-01,2.279491079406224252e-01,-6.859162425157959431e-03,2.527330443164763074e-01,2.121435234171978046e-01,1.854315135935757641e-01,1.344789836898781655e-04,3.228064783142652883e-01
2.203190496942026011e-01,1.415082943013494243e-01,4.286949946214732576e-01,-1.377321776163406841e-01,2.773989901333901442e-01,2.336369355304721840e-01,-2.360129843656032927e-02,-4.098343554024691526e-01,1.341380864116317739e-01,3.695004948901980946e-01,1.603776135937401426e-01,2.513287678739121178e-01,2.514518459559871300e-01,3.384358731866226599e-01,2.454177833377644558e-01,3.728125585147393783e-01,2.232584413232558129e-01,2.683628778372474932e-01,1.795362714250861025e-01,8.004175643514630997e-03,2.365178746200792548e-01,5.007184778284162058e-02,2.352102262722522985e-01,2.813422514313721479e-01,3.533757981604112031e-01,3.328924269338497943e-01,1.161805342714725547e-01,1.000000000000000000e+00,3.058221980932149253e-01,3.592579872013618170e-01,3.169363157292664490e-01,2.649331167142122134e-01,3.860322867864626195e-01,1.802348564304447343e-01,2.641509925294635019e-01,6.140454963585370574e-02,2.889326598485226216e-01,2.274930896044185524e-01,1.254077718857922186e-01
4.101741024963605486e-01,4.777515421196791845e-01,2.353752432872975031e-01,-5.225543598263302503e-01,3.987795915318586570e-01,6.675053637181369570e-01,-4.173842712736174354e-01,-1.696665157335400242e-01,-2.012711530879720823e-01,6.609066498823501501e-01,4.648852622607382856e-01,4.202028328601163931e-01,4.660016184779906534e-01,6.433387121847573553e-01,5.451896171769853305e-01,4.717757987356762661e-01,6.512576387258418587e-01,-3.812076584756838860e-01,-2.345899009596618123e-01,-3.753240729409217935e-01,9.918656618441254458e-03,-3.575333628815736686e-01,4.380057420408445257e-01,4.314955517893355186e-01,5.942213538775119597e-01,3.973993331602052037e-01,1.745662617979123754e-01,3.058221980932149253e-01,1.000000000000000000e+00,5.526504263781298887e-01,1.172783034205439057e-01,7.074808599514088581e-01,5.890971192482685748e-01,2.574728327057614341e-01,7.213643584634609196e-01,9.290834105231024487e-02,6.866680184437955470e-01,2.060438590293297845e-01,-6.958793976665803016e-02
4.939655064989281752e-01,4.033709917790970767e-01,3.692721789367355290e-01,-2.547985620955587338e-01,3.870364565333301865e-01,4.287257426795600956e-01,-1.468586559728816132e-01,-3.570193171826198109e-01,9.520027073769489478e-02,6.085323517683669525e-01,3.315226728683344781e-01,2.356292816518083533e-01,1.650869197709048108e-01,4.698561279987097938e-01,3.741326122923875896e-01,5.340073705387954339e-01,4.322972430258961718e-01,-1.093132450204518935e-01,-5.102426290935141440e-02,-1.323724563773511775e-01,1.485051943488704118e-01,-1.365749511632065871e-01,4.559076703201756509e-01,5.152716437006791272e-01,5.538457670247940445e-01,2.859638243193305951e-01,-2.816068080412415311e-02,3.592579872013618170e-01,5.526504263781298887e-01,1.000000000000000000e+00,1.624292584109385262e-01,4.627220259436929384e-01,4.958933275306748878e-01,1.804067508690823107e-01,4.520213591650592555e-01,1.849901284146693858e-01,5.149223331239383139e-01,1.292420145902292150e-01,-1.470988373282718364e-01
3.784560254457824402e-01,2.594359351558487292e-01,2.905741464806745333e-01,-5.271851618722527000e-02,1.614059652070940765e-01,1.745225847497489657e-01,9.266946940003040201e-02,-2.837784058760464134e-01,1.430720820445312291e-01,1.959086731242679347e-01,2.286293928220143323e-01,-5.360896633089359126e-03,7.468238206165160598e-02,2.744725946592654897e-02,-1.999046627082376737e-01,2.661682559694908412e-01,4.570338697674098533e-02,-6.412767476886813449e-04,5.477273673449206681e-02,-7.115656058486774516e-02,3.587538108538723125e-01,3.357705467988028047e-01,2.928261548975312212e-01,3.086574415571163854e-01,2.268494855578574998e-01,-3.828461974048377736e-02,1.541271156743138915e-01,3.169363157292664490e-01,1.172783034205439057e-01,1.624292584109385262e-01,1.000000000000000000e+00,2.085954873090666017e-01,3.359425657193458870e-01,1.555099185972689535e-01,2.361119706585065869e-01,7.802201023612721949e-03,2.941075518136569422e-01,-3.309411560025861676e-01,-8.087540167254034240e-03
3.301188375198253477e-01,3.813054207198681711e-01,1.881090608910218898e-01,-6.146763648229405241e-01,2.998814144167227247e-01,7.579867321649056411e-01,-4.273486214144917028e-01,-1.221673104141513810e-01,-2.755961957808371610e-01,6.227171541576865810e-01,6.110395946750633023e-01,3.551728778830192113e-01,5.534000534743663824e-01,5.725586979404641008e-01,4.403360230460485192e-01,5.546668060527485400e-01,6.774487133518007909e-01,-4.054208730906675995e-01,-1.925937073244667341e-01,-4.116604778248915131e-01,1.066378263829367845e-02,-2.891890998904530496e-01,5.499968938307631117e-01,5.038098342474824909e-01,5.992999068071384050e-01,3.305525613602054991e-01,3.219360491906939625e-01,2.649331167142122134e-01,7.074808599514088581e-01,4.627220259436929384e-01,2.085954873090666017e-01,1.000000000000000000e+00,6.421149239006850307e-01,2.121969358831898855e-01,7.505862614471335847e-01,1.797714517200714457e-01,7.287035557640947347e-01,-5.376645286544363966e-03,-2.535727357355383881e-04
4.066930676877900108e-01,3.732832587140022529e-01,4.998310520095716192e-01,-5.326027427374281364e-01,4.586486214379945081e-01,6.354950834133734627e-01,-3.582585676237618477e-01,-4.402328029567213474e-01,-6.607767851905868572e-02,6.180552937602388219e-01,5.047903111751045335e-01,3.772700728021525229e-01,4.611302445699566599e-01,5.044946093377230545e-01,4.122957924761631032e-01,5.644275584076996477e-01,5.536818542649283303e-01,-2.644502426805188100e-01,-7.661546663548997327e-02,-3.723337649266086902e-01,1.869332880166477417e-01,-1.173163070371716632e-01,5.149120773709808807e-01,5.102084139992418832e-01,6.067206109930592950e-01,2.686690081069256775e-01,2.279491079406224252e-01,3.860322867864626195e-01,5.890971192482685748e-01,4.958933275306748878e-01,3.359425657193458870e-01,6.421149239006850307e-01,1.000000000000000000e+00,3.587773715960630438e-01,6.342655744394989359e-01,1.213189300448705571e-01,6.671343185893168215e-01,-4.475813363550967816e-02,5.113233511633646228e-02
2.793795947828111581e-01,3.001285374614254819e-01,3.050284951225690211e-01,-1.846974229021840774e-01,5.035146281168683124e-01,2.107668333857961041e-01,-1.648195403492396516e-01,-2.350511376971865241e-01,3.042577638359167391e-01,2.764125896792540282e-01,7.478057323085331165e-02,4.264095289279076773e-01,2.546277681508461455e-01,3.818564082913412649e-01,3.092183927810863153e-01,1.381643283059519889e-01,2.207762251686737343e-01,-1.864181675123101345e-01,-1.247050816182932453e-01,-2.674685790293881982e-01,1.650359750622926169e-01,-6.334887354714814622e-02,7.487903187284433715e-02,1.150109650870861921e-01,2.171690691905211745e-01,-4.214343153260242253e-02,-6.859162425157959431e-03,1.802348564304447343e-01,2.574728327057614341e-01,1.804067508690823107e-01,1.555099185972689535e-01,2.121969358831898855e-01,3.587773715960630438e-01,1.000000000000000000e+00,2.526179518351711062e-01,-8.410332242146587034e-02,2.242987508055898360e-01,1.367527821845553049e-01,7.970199198571828458e-02
3.844040242930812368e-01,4.518993117029897477e-01,1.963221797449354322e-01,-6.019171547903097164e-01,3.149224046703169022e-01,7.366908890682497546e-01,-4.536478790959455609e-01,-1.215822947704026380e-01,-2.958703106991096288e-01,6.327611318168546717e-01,5.396206080033104646e-01,3.387129125827081921e-01,5.207154063948516987e-01,5.794916815881597794e-01,4.181056777649219680e-01,5.159471150993122368e-01,6.594401629802968401e-01,-4.455762503632442195e-01,-2.735369662157046133e-01,-4.143166727034451324e-01,3.942575445001555295e-02,-3.083002595903715504e-01,5.068333224930428038e-01,4.619384862747376586e-01,5.964419134635415842e-01,2.888884231700448724e-01,2.527330443164763074e-01,2.641509925294635019e-01,7.213643584634609196e-01,4.520213591650592555e-01,2.361119706585065869e-01,7.505862614471335847e-01,6.342655744394989359e-01,2.526179518351711062e-01,1.000000000000000000e+00,8.396121793542878076e-02,7.471410324907004075e-01,1.065814079643321796e-02,-6.932716658181264924e-02
-7.619035672021942651e-02,-1.337105827653256029e-01,1.257312920373854781e-01,-2.137587782354284649e-02,3.801230419478982686e-02,1.917633672573461068e-01,1.922907138061878962e-01,-1.380508933459060061e-01,6.375723434546513857e-02,1.859464215297882972e-01,2.638797841957530310e-01,5.256631171508913125e-02,1.033343692070571029e-01,1.201066695155925401e-01,1.547129840196376400e-02,3.180602844270069562e-01,7.648937472040705232e-02,1.393129498387068177e-01,2.548995038320220341e-01,1.905964898792210649e-01,2.619611507692831340e-02,4.464696685373770180e-02,4.012418015344830224e-01,3.929662075094712548e-01,2.690016361775466325e-01,7.410536214303800606e-02,2.121435234171978046e-01,6.140454963585370574e-02,9.290834105231024487e-02,1.849901284146693858e-01,7.802201023612721949e-03,1.797714517200714457e-01,1.213189300448705571e-01,-8.410332242146587034e-02,8.396121793542878076e-02,1.000000000000000000e+00,1.364241550730193597e-01,-6.632129888840311571e-02,2.449135785081780203e-01
4.365715991994247869e-01,4.610970897028412452e-01,2.527403201375943431e-01,-5.757363889154361036e-01,3.025195480997165953e-01,7.213128486525853811e-01,-4.081121097617260718e-01,-1.973360272015716455e-01,-2.517584242316150966e-01,6.768195540676156252e-01,5.352570072739049056e-01,2.808823929136505249e-01,4.730117815294093142e-01,5.160308212319955068e-01,3.648502494070034463e-01,6.009434407465792383e-01,6.370519913235798137e-01,-3.961803967352479083e-01,-2.272470896124643980e-01,-3.585552433626442159e-01,1.656066168680920270e-01,-1.924727785355564158e-01,5.953240005357715026e-01,5.643199248593590012e-01,6.659424969079047463e-01,2.824947291702644137e-01,1.854315135935757641e-01,2.889326598485226216e-01,6.866680184437955470e-01,5.149223331239383139e-01,2.941075518136569422e-01,7.287035557640947347e-01,6.671343185893168215e-01,2.242987508055898360e-01,7.471410324907004075e-01,1.364241550730193597e-01,1.000000000000000000e+00,-3.997223088252684770e-02,-5.189476581657279791e-02
-9.293865730770725295e-03,1.713893805788652414e-01,1.232196717321290373e-02,3.199075215378512083e-02,1.263046491805019378e-01,-4.958834480336653250e-02,-7.733647710103215556e-02,-6.655804992075020632e-03,1.484110390698866189e-01,1.878208117157871837e-01,-9.535819676924904564e-02,3.849567614326506182e-01,5.863293938635871089e-02,2.511029611254808058e-01,4.624638528425846773e-01,2.008146866614993892e-02,1.159504119730256355e-01,1.500575582082042114e-01,4.623079144333434171e-02,-2.529400512271082549e-02,-4.784281239862610974e-02,-1.816906989180481213e-01,-1.135156394687990983e-01,-8.257297368292004780e-02,1.041584646833823291e-01,4.238700538390787198e-01,1.344789836898781655e-04,2.274930896044185524e-01,2.060438590293297845e-01,1.292420145902292150e-01,-3.309411560025861676e-01,-5.376645286544363966e-03,-4.475813363550967816e-02,1.367527821845553049e-01,1.065814079643321796e-02,-6.632129888840311571e-02,-3.997223088252684770e-02,1.000000000000000000e+00,2.366287614169624853e-01
-3.146466846964131592e-01,-2.210527100856766736e-01,1.006600300339476617e-01,1.762137714924745914e-03,-5.068678416915527174e-02,1.044222202691304051e-02,6.121246930234122002e-02,-1.179555064162771394e-01,1.777944300526466404e-01,1.197215205631068854e-02,3.631780481299105162e-02,3.568188641657515925e-01,2.392461178126724930e-01,-2.448613558584765426e-02,1.228434436166444405e-01,1.307419772290597804e-01,-8.755917676314346754e-02,3.699588962390926716e-01,4.893566523022775949e-01,-1.180209527301931578e-02,-6.431772502393098834e-02,5.201069361508994099e-02,1.873848261671620941e-01,7.005608614872660400e-02,1.588664263795030451e-01,1.239790499492119669e-01,3.228064783142652883e-01,1.254077718857922186e-01,-6.958793976665803016e-02,-1.470988373282718364e-01,-8.087540167254034240e-03,-2.535727357355383881e-04,5.113233511633646228e-02,7.970199198571828458e-02,-6.932716658181264924e-02,2.449135785081780203e-01,-5.189476581657279791e-02,2.366287614169624853e-01,1.000000000000000000e+00
