1.000000000000000000e+00,-8.705414957881335569e-01,1.356077938424886387e-01,8.395182669754250870e-01,6.050119366414001831e-01,-9.004378948501048363e-01,-5.530281995371636450e-01,-3.687415663264081989e-01,9.517748746112807412e-01,-5.260914591714805910e-01,-9.339737942113639502e-01,-5.024704937406087035e-01,9.174117839960787002e-01,-2.949856958203286861e-01,9.427099997321701785e-01,-5.079303821243964512e-01,-1.012142264886509990e-01,9.476155010810671797e-01,5.706791828613271278e-01,3.214441311599171569e-01,-3.938225645727072566e-01,-6.484667637658856343e-01,-9.254762980311273535e-02,4.344681864892961931e-01,3.745226670974220462e-01,9.494935158881985249e-01,-8.714800749175074523e-01,9.246996437605052854e-01,-7.524538556790361099e-01,4.964471869034350338e-01,-9.371411008955679023e-01,-9.309878602573281592e-01,-8.659993947776017942e-01,8.982195477012566709e-01,-7.648524942764008960e-01,-8.712463854704471933e-01,-9.083820158393728361e-01,9.655266429241993187e-01,4.307547313152132462e-01
-8.705414957881335569e-01,1.000000000000000000e+00,-3.469780512696227920e-02,-8.410416008507290986e-01,-4.571886125132288980e-01,8.658344552289923834e-01,5.838550762151258899e-01,2.991100397011012824e-01,-8.316358245031255647e-01,6.516951955684261444e-01,8.984208018998510736e-01,5.270550330033281217e-01,-8.523850281967983999e-01,4.928069918766899149e-01,-8.792025045204853173e-01,7.021392565193989022e-01,2.360205895314413937e-01,-8.922589770153005473e-01,-3.883446660673546824e-01,-3.578780181467316468e-01,3.566665745932725007e-01,6.859537965282708205e-01,4.199534267211741945e-01,-2.331376144068418033e-01,-2.224264276962076847e-01,-8.721913713473056218e-01,8.869663266182595818e-01,-8.731365207441339482e-01,7.626862424275103747e-01,-2.037426539864770347e-01,9.033490299904646248e-01,9.360226052514900585e-01,8.586504887967034705e-01,-7.566659569571481114e-01,8.031920052452247161e-01,8.968821247058550439e-01,8.939057250364188523e-01,-8.951901822274022091e-01,-1.422877356257312709e-01
1.356077938424886387e-01,-3.469780512696227920e-02,1.000000000000000000e+00,-4.270308907494583389e-02,6.604339160496635053e-01,3.329139989343578993e-02,-1.794220378634096558e-01,-6.849195834804189253e-01,1.769239164238036732e-01,4.080113423895780911e-01,-1.923880544714282395e-02,-3.393418736589968315e-02,-1.687896257517822532e-02,4.994014116782332091e-01,6.048816051891779677e-02,3.223286142984826963e-01,3.859010080089437800e-01,1.103959682418297478e-01,5.578604162291950219e-02,-4.444082828386611284e-01,6.058296801425461231e-01,3.745688347159942949e-02,3.717556999829783049e-01,4.537884448893013678e-01,6.193259609745060956e-01,2.454127515680029625e-01,1.242917266713307461e-01,3.190488434073857071e-01,1.605199622852744590e-01,2.868614478991728944e-01,2.910838301857239171e-02,-4.617181297076711904e-03,1.563578619379735191e-01,2.544689083743478797e-01,1.125333476612376676e-01,-4.912743541257032914e-02,2.198372055187457902e-02,8.679380135838372923e-02,2.140803276975660197e-01
8.395182669754250870e-01,-8.410416008507290986e-01,-4.270308907494583389e-02,1.000000000000000000e+00,3.814851608170612973e-01,-8.767401653282077545e-01,-5.245396077418024161e-01,-9.209227923847009001e-02,8.410412985875567182e-01,-6.033527649683534388e-01,-8.887885910108279663e-01,-3.897784113364978764e-01,8.229412684340785544e-01,-5.026354697583050868e-01,8.359612728675882565e-01,-6.275434279584322095e-01,-3.764522688125917504e-01,8.972520552304003028e-01,6.257258850948973494e-01,4.324751673902937354e-01,-4.286953224032186149e-01,-6.121939741875758179e-01,-2.615325925271891894e-01,2.113002853410093917e-01,1.371653531452455277e-01,8.030430253094730242e-01,-8.169911265249724108e-01,7.823798426148561580e-01,-8.061953292441612628e-01,3.730025886073422559e-01,-8.519205455244063252e-01,-8.769143399872264544e-01,-8.578349831138839532e-01,7.340760267355180835e-01,-8.287368410499195148e-01,-8.017964229125068565e-01,-8.709675286672963201e-01,8.707352026411762091e-01,3.830416935084521302e-01
6.050119366414001831e-01,-4.571886125132288980e-01,6.604339160496635053e-01,3.814851608170612973e-01,1.000000000000000000e+00,-4.546834896021623162e-01,-3.661056652029261449e-01,-7.128261968058055009e-01,6.407839880867287619e-01,-2.392187853316167512e-02,-5.067651737300513659e-01,-2.483717801500731626e-01,4.808901613740129699e-01,2.642930053236511312e-01,5.438578255248598392e-01,-5.946110197777101924e-02,2.086417517387674503e-01,5.670795209898804590e-01,3.032549834497348384e-01,-1.545854584110231411e-01,1.348040428216123743e-01,-4.022063196396366003e-01,2.479280064200173050e-01,4.765132500497283874e-01,5.800990574120286070e-01,6.320954421208524465e-01,-3.867368141948436255e-01,6.921345601235445733e-01,-3.266154083349111503e-01,4.611444819471338108e-01,-4.853908081824458987e-01,-4.773659405800533828e-01,-3.844182588169743897e-01,7.291306529036697404e-01,-3.291849645845188466e-01,-4.803156970592671327e-01,-4.659776034782888154e-01,5.647094469531220851e-01,4.488683165497909799e-01
-9.004378948501048363e-01,8.658344552289923834e-01,3.329139989343578993e-02,-8.767401653282077545e-01,-4.546834896021623162e-01,1.000000000000000000e+00,5.304450112996184075e-01,2.167182593779667932e-01,-9.191668994602155696e-01,6.882406543270290777e-01,9.621664229695153780e-01,3.571950459003455647e-01,-9.012604890675078861e-01,4.941522067188717782e-01,-9.349471936293812790e-01,6.499219659378741021e-01,3.925833653692398229e-01,-9.368953141690814501e-01,-6.550368031913003097e-01,-3.694746916174905249e-01,5.131529693527416836e-01,5.753780353728252805e-01,2.226495421420144616e-01,-2.617231789644164919e-01,-1.081688390059732385e-01,-8.393750395348750226e-01,8.884303329063795163e-01,-8.324184578869896489e-01,9.109616455759080855e-01,-3.773818946782080963e-01,9.229474790783216420e-01,9.364043796890749727e-01,9.351271431739323070e-01,-8.423637633146239256e-01,9.023036793562497770e-01,8.919784558401315788e-01,9.575792147221375838e-01,-9.283248067916165525e-01,-4.495452832675359556e-01
-5.530281995371636450e-01,5.838550762151258899e-01,-1.794220378634096558e-01,-5.245396077418024161e-01,-3.661056652029261449e-01,5.304450112996184075e-01,1.000000000000000000e+00,2.158962562974896249e-01,-5.578207743641893090e-01,2.661477211237455176e-01,5.557936356524491028e-01,1.015397257725999397e-01,-4.782587083716522969e-01,1.456073981019483099e-01,-5.575576208477849294e-01,3.032836273733564569e-01,1.173958372038127473e-01,-5.662996864436462552e-01,-2.792680302073076715e-01,-3.098219045476089950e-01,1.761577300913534649e-02,4.324883038537594149e-01,8.966283267586568073e-02,-3.179007474289339830e-01,-2.101393004781272056e-01,-5.852247463225753732e-01,4.539632935256148194e-01,-6.114840896993496422e-01,4.093450116669111738e-01,-1.972931816025055574e-01,5.288279400247491990e-01,5.472923383577311673e-01,4.618642027836472042e-01,-5.418512996565237883e-01,4.799110033680157872e-01,5.578228927674264703e-01,5.126692168194403321e-01,-5.670249045048553205e-01,-1.996040127824946497e-01
-3.687415663264081989e-01,2.991100397011012824e-01,-6.849195834804189253e-01,-9.209227923847009001e-02,-7.128261968058055009e-01,2.167182593779667932e-01,2.158962562974896249e-01,1.000000000000000000e+00,-3.598685000358325947e-01,-5.250249473878972756e-02,2.669463839186398402e-01,3.280145050329343337e-01,-2.991204874187948226e-01,-3.786152147925838651e-01,-2.917260380475145687e-01,-2.839620454575463374e-02,-3.790320330683170091e-01,-2.948938934670239931e-01,5.638291122243610509e-02,3.713896986823242430e-01,-2.706084743734348264e-01,3.292154896708303080e-01,-2.108229331227152448e-01,-4.474619109285755680e-01,-5.627257407272777678e-01,-4.218014796145184153e-01,2.676033003423450296e-01,-4.678858337784866928e-01,1.206563038550707984e-01,-2.802099594258671833e-01,3.025522912098952411e-01,2.807528385788021219e-01,1.975977728807820910e-01,-4.283494563248777531e-01,1.111111486570501156e-01,3.255568429943642705e-01,2.629767810757976387e-01,-3.119122439456888940e-01,-6.064391415099314175e-02
9.517748746112807412e-01,-8.316358245031255647e-01,1.769239164238036732e-01,8.410412985875567182e-01,6.407839880867287619e-01,-9.191668994602155696e-01,-5.578207743641893090e-01,-3.598685000358325947e-01,1.000000000000000000e+00,-5.200978471998183306e-01,-9.424923979505899219e-01,-3.954323857242216800e-01,8.919465721501395050e-01,-2.750373108106403675e-01,9.446092355980814093e-01,-4.884897840075136943e-01,-1.742373490735819319e-01,9.537870005066789725e-01,6.770931311203237657e-01,3.161034233048154451e-01,-3.641884268783832646e-01,-6.061203985971019836e-01,-1.570163931852785674e-02,4.212854059471721757e-01,3.217765083181358121e-01,9.160526912080020345e-01,-8.376637189628145519e-01,9.120265235628559619e-01,-8.014257027793370014e-01,5.272484439219486951e-01,-9.079991170129526612e-01,-9.089982939199384715e-01,-8.668356441171394255e-01,9.317909675087440169e-01,-8.036621641162911001e-01,-8.595560769659620348e-01,-9.088521125529035460e-01,9.546312174965850827e-01,5.626935828529447958e-01
-5.260914591714805910e-01,6.516951955684261444e-01,4.080113423895780911e-01,-6.033527649683534388e-01,-2.392187853316167512e-02,6.882406543270290777e-01,2.661477211237455176e-01,-5.250249473878972756e-02,-5.200978471998183306e-01,1.000000000000000000e+00,6.516412219198496336e-01,3.141877829993900972e-01,-6.823936370013704567e-01,6.346287338116163301e-01,-6.115224318740384302e-01,8.912071935242286136e-01,4.032839426825161055e-01,-5.887312777395138363e-01,-3.306051149312174142e-01,-3.525324470143674782e-01,6.591465056102518982e-01,4.280253052193759289e-01,4.714698167759512892e-01,6.123644862599555982e-02,3.078156292815555362e-01,-4.175307436786795945e-01,7.362504348252167929e-01,-4.075006163961625849e-01,7.691816739962404892e-01,9.102987005034857138e-02,6.841949277112924221e-01,6.829565020003491860e-01,7.354296770847231768e-01,-4.491243586368723895e-01,7.224210726713837794e-01,6.916389238540673334e-01,7.167873124349734004e-01,-5.868974570572438321e-01,-6.240811747892135997e-02
-9.339737942113639502e-01,8.984208018998510736e-01,-1.923880544714282395e-02,-8.887885910108279663e-01,-5.067651737300513659e-01,9.621664229695153780e-01,5.557936356524491028e-01,2.669463839186398402e-01,-9.424923979505899219e-01,6.516412219198496336e-01,1.000000000000000000e+00,4.124890967439810430e-01,-9.193512436212247785e-01,4.517739206493893711e-01,-9.508275119130612518e-01,6.307670165123613337e-01,3.294264041065297910e-01,-9.611441258804924725e-01,-6.349160535071326494e-01,-3.704693607317006698e-01,4.644725942935693519e-01,6.193394826973227518e-01,2.095070072564391428e-01,-2.943724022849090738e-01,-1.792589936990516553e-01,-8.869183272879878066e-01,9.081686215010874585e-01,-8.819713724331277316e-01,8.761296288236756213e-01,-4.064179281773875330e-01,9.445559181672283922e-01,9.550342785794881939e-01,9.312371172265651031e-01,-8.691268077929817926e-01,8.790214360344205113e-01,9.027655815273918360e-01,9.555313126176511185e-01,-9.560635023136704325e-01,-4.341632652547624538e-01
-5.024704937406087035e-01,5.270550330033281217e-01,-3.393418736589968315e-02,-3.897784113364978764e-01,-2.483717801500731626e-01,3.571950459003455647e-01,1.015397257725999397e-01,3.280145050329343337e-01,-3.954323857242216800e-01,3.141877829993900972e-01,4.124890967439810430e-01,1.000000000000000000e+00,-5.516458907863073247e-01,1.315009368030125581e-01,-4.045940484344111021e-01,3.054545469114444689e-01,-2.558641010685215877e-01,-4.438428263257531148e-01,-4.793968538705263571e-02,-1.017657672336719082e-01,3.017765396647402176e-01,5.003189621344134030e-01,1.698561017288759412e-01,-1.687697761400223651e-01,-4.024062410236856624e-01,-5.112885525136079412e-01,5.448554155991742753e-01,-4.305377753994924506e-01,2.552036524236821480e-01,-1.847448503845506296e-01,5.439117107984128285e-01,5.043622475166920083e-01,4.177595586626420276e-01,-2.937069158666368307e-01,2.685920696824656284e-01,4.819600364221318656e-01,4.391534737769786645e-01,-4.745264622764808760e-01,1.755090902488968541e-01
9.174117839960787002e-01,-8.523850281967983999e-01,-1.687896257517822532e-02,8.229412684340785544e-01,4.808901613740129699e-01,-9.012604890675078861e-01,-4.782587083716522969e-01,-2.991204874187948226e-01,8.919465721501395050e-01,-6.823936370013704567e-01,-9.193512436212247785e-01,-5.516458907863073247e-01,1.000000000000000000e+00,-3.879392864533279806e-01,9.135342830306286688e-01,-6.033225647796849334e-01,-1.965563095432866503e-01,9.082878544420798228e-01,5.309780039594121925e-01,3.297689806383169997e-01,-5.619147041122239949e-01,-6.157105434299247060e-01,-1.720048031660405818e-01,3.319987814333970610e-01,2.268950184123261493e-01,8.487490578819151255e-01,-9.282792797968556497e-01,8.219895832356364229e-01,-8.203361232845859385e-01,4.241985389470808721e-01,-9.578949045890167158e-01,-9.300591048872434152e-01,-8.932746665331211533e-01,8.305717488810594462e-01,-7.988625089298658777e-01,-8.972014978884372827e-01,-9.273897478648260861e-01,9.246632764185082065e-01,3.301511089657711007e-01
-2.949856958203286861e-01,4.928069918766899149e-01,4.994014116782332091e-01,-5.026354697583050868e-01,2.642930053236511312e-01,4.941522067188717782e-01,1.456073981019483099e-01,-3.786152147925838651e-01,-2.750373108106403675e-01,6.346287338116163301e-01,4.517739206493893711e-01,1.315009368030125581e-01,-3.879392864533279806e-01,1.000000000000000000e+00,-4.079598775439906566e-01,6.409924916216774848e-01,6.757060700787972385e-01,-3.929524894605771479e-01,-2.903760566715700153e-01,-3.845075223249775909e-01,5.197974366009704417e-01,1.591669775978684087e-01,5.848693877596276014e-01,4.793645876343863299e-01,3.934412685988318836e-01,-2.448212089209585718e-01,4.948555749894213429e-01,-2.140565471300903688e-01,5.744926101181687672e-01,1.728508384850010737e-01,4.173158558755218905e-01,4.878081578835591903e-01,5.346208552069546815e-01,-1.436361952213404403e-01,6.127302753130301483e-01,4.021541170864227910e-01,4.931341906693941790e-01,-3.666327581418705739e-01,4.869489772558079077e-02
9.427099997321701785e-01,-8.792025045204853173e-01,6.048816051891779677e-02,8.359612728675882565e-01,5.438578255248598392e-01,-9.349471936293812790e-01,-5.575576208477849294e-01,-2.917260380475145687e-01,9.446092355980814093e-01,-6.115224318740384302e-01,-9.508275119130612518e-01,-4.045940484344111021e-01,9.135342830306286688e-01,-4.079598775439906566e-01,1.000000000000000000e+00,-5.684252026999195850e-01,-2.502515197066659813e-01,9.462540760530462336e-01,6.049629130160221191e-01,3.528537286653928295e-01,-4.356515031489123224e-01,-6.059783689432532983e-01,-1.619482377479680435e-01,3.258809993900700919e-01,2.391790974822367855e-01,9.062086138465327290e-01,-8.901576351636723006e-01,9.029666100357701675e-01,-8.294168695717122342e-01,4.358456509012519353e-01,-9.347277006949941125e-01,-9.415143422984126875e-01,-8.960225461728202889e-01,9.029342001989382194e-01,-8.407590133486202433e-01,-8.907777417859293889e-01,-9.366053626455019820e-01,9.577130178319684939e-01,4.435013772679087252e-01
-5.079303821243964512e-01,7.021392565193989022e-01,3.223286142984826963e-01,-6.275434279584322095e-01,-5.946110197777101924e-02,6.499219659378741021e-01,3.032836273733564569e-01,-2.839620454575463374e-02,-4.884897840075136943e-01,8.912071935242286136e-01,6.307670165123613337e-01,3.054545469114444689e-01,-6.033225647796849334e-01,6.409924916216774848e-01,-5.684252026999195850e-01,1.000000000000000000e+00,3.844905359493177577e-01,-5.874222608246173483e-01,-2.739133430636719324e-01,-3.395839757468015474e-01,4.876921408190652008e-01,4.855129434023495172e-01,6.074796180945126745e-01,9.818742041885838989e-02,2.736358262275934705e-01,-4.461373147368536407e-01,6.842815716454888619e-01,-4.446881584764031392e-01,6.868758110752064550e-01,2.096759073017240294e-01,6.376607632611689391e-01,6.676133848028733553e-01,6.972521190316021134e-01,-4.015394792557994696e-01,7.020613996525172373e-01,6.594232016407999275e-01,6.742669639292684369e-01,-5.708917641411311861e-01,1.453220246056151008e-02
-1.012142264886509990e-01,2.360205895314413937e-01,3.859010080089437800e-01,-3.764522688125917504e-01,2.086417517387674503e-01,3.925833653692398229e-01,1.173958372038127473e-01,-3.790320330683170091e-01,-1.742373490735819319e-01,4.032839426825161055e-01,3.294264041065297910e-01,-2.558641010685215877e-01,-1.965563095432866503e-01,6.757060700787972385e-01,-2.502515197066659813e-01,3.844905359493177577e-01,1.000000000000000000e+00,-2.477983166759254174e-01,-3.468612540349751416e-01,-2.646366379496348231e-01,3.339454855538785960e-01,-3.566669097418149331e-02,3.684498422424560826e-01,4.057039613467775530e-01,5.058232216996998432e-01,-3.588577278282058941e-02,2.754126142017407908e-01,-6.870437095551816531e-02,5.340239703198818022e-01,6.410857419328158668e-02,2.102192759653357945e-01,2.748783208994735050e-01,3.756500980275223056e-01,-1.031409726644062635e-01,5.305753014476075613e-01,2.206731433353014971e-01,3.441216823190130780e-01,-1.848879779925148847e-01,-1.426708090310232213e-01
9.476155010810671797e-01,-8.922589770153005473e-01,1.103959682418297478e-01,8.972520552304003028e-01,5.670795209898804590e-01,-9.368953141690814501e-01,-5.662996864436462552e-01,-2.948938934670239931e-01,9.537870005066789725e-01,-5.887312777395138363e-01,-9.611441258804924725e-01,-4.438428263257531148e-01,9.082878544420798228e-01,-3.929524894605771479e-01,9.462540760530462336e-01,-5.874222608246173483e-01,-2.477983166759254174e-01,1.000000000000000000e+00,6.640164565430596300e-01,3.496679693732079874e-01,-4.020035713115877041e-01,-6.259676086994896416e-01,-1.610575519576161740e-01,3.360400893870860162e-01,2.624245628772883809e-01,9.166289695937159809e-01,-8.809422825639855459e-01,9.106681678582010386e-01,-8.268076592591507845e-01,4.489651743130106953e-01,-9.313872063837959070e-01,-9.448323198613015617e-01,-8.999507204442475095e-01,8.766025213736966526e-01,-8.422575798615246079e-01,-8.823101957821766206e-01,-9.329883466363710909e-01,9.637846373842751113e-01,4.678502703339819102e-01
5.706791828613271278e-01,-3.883446660673546824e-01,5.578604162291950219e-02,6.257258850948973494e-01,3.032549834497348384e-01,-6.550368031913003097e-01,-2.792680302073076715e-01,5.638291122243610509e-02,6.770931311203237657e-01,-3.306051149312174142e-01,-6.349160535071326494e-01,-4.793968538705263571e-02,5.309780039594121925e-01,-2.903760566715700153e-01,6.049629130160221191e-01,-2.739133430636719324e-01,-3.468612540349751416e-01,6.640164565430596300e-01,1.000000000000000000e+00,3.497385699146386973e-01,-3.187775545372830699e-01,-1.584305420146539523e-01,1.560461319895941057e-01,1.225511927307225690e-01,-3.666376780246723838e-02,4.945479730586588851e-01,-4.390378934661705590e-01,4.988983800301491911e-01,-6.234197068299816014e-01,4.336219493125699764e-01,-5.078064209220293224e-01,-5.278834327893057177e-01,-5.816780323404078246e-01,5.662663547063889746e-01,-6.206240484280822756e-01,-4.452723117369443151e-01,-5.723685058928678071e-01,6.097254761148654945e-01,8.202642953467640385e-01
3.214441311599171569e-01,-3.578780181467316468e-01,-4.444082828386611284e-01,4.324751673902937354e-01,-1.545854584110231411e-01,-3.694746916174905249e-01,-3.098219045476089950e-01,3.713896986823242430e-01,3.161034233048154451e-01,-3.525324470143674782e-01,-3.704693607317006698e-01,-1.017657672336719082e-01,3.297689806383169997e-01,-3.845075223249775909e-01,3.528537286653928295e-01,-3.395839757468015474e-01,-2.646366379496348231e-01,3.496679693732079874e-01,3.497385699146386973e-01,1.000000000000000000e+00,-3.474184005435321243e-01,-3.225532422956426393e-01,-1.823205778772656327e-01,-5.357841570087226030e-02,-2.191508154511503936e-01,2.796864357674347934e-01,-3.538879122819676426e-01,2.678052303163326875e-01,-3.405922428715350003e-01,5.629342769094181770e-02,-3.597532550806493701e-01,-3.534251335005170747e-01,-3.823299069247388937e-01,2.317252148266606970e-01,-3.964490628765913738e-01,-2.953891290834779748e-01,-3.278897292130494856e-01,3.623950206454993328e-01,1.832782489233281131e-01
-3.938225645727072566e-01,3.566665745932725007e-01,6.058296801425461231e-01,-4.286953224032186149e-01,1.348040428216123743e-01,5.131529693527416836e-01,1.761577300913534649e-02,-2.706084743734348264e-01,-3.641884268783832646e-01,6.591465056102518982e-01,4.644725942935693519e-01,3.017765396647402176e-01,-5.619147041122239949e-01,5.197974366009704417e-01,-4.356515031489123224e-01,4.876921408190652008e-01,3.339454855538785960e-01,-4.020035713115877041e-01,-3.187775545372830699e-01,-3.474184005435321243e-01,1.000000000000000000e+00,2.304400824817522953e-01,2.766625110374282270e-01,1.034397610856709476e-01,2.774200277199962983e-01,-2.342360646160791815e-01,5.845429466751052017e-01,-1.652552817842615485e-01,6.030790182349491380e-01,-1.062266792413047445e-01,5.313815178358601843e-01,4.834892173163454765e-01,5.924788628588599781e-01,-2.863590535958104311e-01,5.206597124634517737e-01,4.428314407973932831e-01,5.309327588325825076e-01,-4.151159575956416270e-01,-1.195483047813419436e-01
-6.484667637658856343e-01,6.859537965282708205e-01,3.745688347159942949e-02,-6.121939741875758179e-01,-4.022063196396366003e-01,5.753780353728252805e-01,4.324883038537594149e-01,3.292154896708303080e-01,-6.061203985971019836e-01,4.280253052193759289e-01,6.193394826973227518e-01,5.003189621344134030e-01,-6.157105434299247060e-01,1.591669775978684087e-01,-6.059783689432532983e-01,4.855129434023495172e-01,-3.566669097418149331e-02,-6.259676086994896416e-01,-1.584305420146539523e-01,-3.225532422956426393e-01,2.304400824817522953e-01,1.000000000000000000e+00,1.622386959680538754e-01,-2.956027367467425893e-01,-2.469695240154433091e-01,-6.493187279960971336e-01,6.497621159130931856e-01,-6.280231636204243184e-01,4.963913006789060223e-01,-2.693791285405130465e-01,6.825631093059183474e-01,6.403199235816463553e-01,6.473226873651718449e-01,-5.741977518431259364e-01,5.087507987063669690e-01,6.270405853877280000e-01,5.989940414872381158e-01,-6.481645965271434218e-01,-7.037625845729457430e-02
-9.254762980311273535e-02,4.199534267211741945e-01,3.717556999829783049e-01,-2.615325925271891894e-01,2.479280064200173050e-01,2.226495421420144616e-01,8.966283267586568073e-02,-2.108229331227152448e-01,-1.570163931852785674e-02,4.714698167759512892e-01,2.095070072564391428e-01,1.698561017288759412e-01,-1.720048031660405818e-01,5.848693877596276014e-01,-1.619482377479680435e-01,6.074796180945126745e-01,3.684498422424560826e-01,-1.610575519576161740e-01,1.560461319895941057e-01,-1.823205778772656327e-01,2.766625110374282270e-01,1.622386959680538754e-01,1.000000000000000000e+00,3.439215114115765082e-01,3.702669375683301789e-01,-9.774026984132637430e-02,3.177773008878851946e-01,-1.088518846057027062e-01,2.554322112730011973e-01,4.757658696216485184e-01,2.284444864238395767e-01,2.985537979766499372e-01,2.904567329688154120e-01,6.005165556855954212e-02,3.248138050446957026e-01,2.744124489912275755e-01,2.642780729210835178e-01,-1.553269222607983613e-01,4.407807701131088995e-01
4.344681864892961931e-01,-2.331376144068418033e-01,4.537884448893013678e-01,2.113002853410093917e-01,4.765132500497283874e-01,-2.617231789644164919e-01,-3.179007474289339830e-01,-4.474619109285755680e-01,4.212854059471721757e-01,6.123644862599555982e-02,-2.943724022849090738e-01,-1.687697761400223651e-01,3.319987814333970610e-01,4.793645876343863299e-01,3.258809993900700919e-01,9.818742041885838989e-02,4.057039613467775530e-01,3.360400893870860162e-01,1.225511927307225690e-01,-5.357841570087226030e-02,1.034397610856709476e-01,-2.956027367467425893e-01,3.439215114115765082e-01,1.000000000000000000e+00,5.522457734419518038e-01,4.611275629807368159e-01,-2.069059880813987340e-01,4.503436466207630384e-01,-6.845900212702399346e-02,3.971559152431601292e-01,-3.255797142145458456e-01,-2.866109392320876914e-01,-1.661459937548233623e-01,4.784139587501929358e-01,-4.395958910703862133e-02,-3.812903192137591657e-01,-2.585913389049124267e-01,3.713011957783614592e-01,2.412622333212541270e-01
3.745226670974220462e-01,-2.224264276962076847e-01,6.193259609745060956e-01,1.371653531452455277e-01,5.800990574120286070e-01,-1.081688390059732385e-01,-2.101393004781272056e-01,-5.627257407272777678e-01,3.217765083181358121e-01,3.078156292815555362e-01,-1.792589936990516553e-01,-4.024062410236856624e-01,2.268950184123261493e-01,3.934412685988318836e-01,2.391790974822367855e-01,2.736358262275934705e-01,5.058232216996998432e-01,2.624245628772883809e-01,-3.666376780246723838e-02,-2.191508154511503936e-01,2.774200277199962983e-01,-2.469695240154433091e-01,3.702669375683301789e-01,5.522457734419518038e-01,1.000000000000000000e+00,4.764556118201439538e-01,-1.279219658667860859e-01,4.374743004740174745e-01,1.023210509039130106e-01,5.175995028108663076e-01,-2.317784306151554619e-01,-2.183212187836114648e-01,-3.972104342069342903e-02,3.580605080206316071e-01,9.850531332390093098e-02,-2.061181298044887922e-01,-1.494890238526495052e-01,2.909544816571562054e-01,7.476319323772245840e-02
9.494935158881985249e-01,-8.721913713473056218e-01,2.454127515680029625e-01,8.030430253094730242e-01,6.320954421208524465e-01,-8.393750395348750226e-01,-5.852247463225753732e-01,-4.218014796145184153e-01,9.160526912080020345e-01,-4.175307436786795945e-01,-8.869183272879878066e-01,-5.112885525136079412e-01,8.487490578819151255e-01,-2.448212089209585718e-01,9.062086138465327290e-01,-4.461373147368536407e-01,-3.588577278282058941e-02,9.166289695937159809e-01,4.945479730586588851e-01,2.796864357674347934e-01,-2.342360646160791815e-01,-6.493187279960971336e-01,-9.774026984132637430e-02,4.611275629807368159e-01,4.764556118201439538e-01,1.000000000000000000e+00,-8.044553394510439714e-01,9.495529427845851300e-01,-6.524069304230173394e-01,4.699264873998363345e-01,-8.830317163632522837e-01,-8.964664531088872845e-01,-7.900388769384123488e-01,8.655938299557361937e-01,-6.887104237936486628e-01,-8.325825564456708072e-01,-8.521480103789736971e-01,9.346224715585866871e-01,3.635505838037724757e-01
-8.714800749175074523e-01,8.869663266182595818e-01,1.242917266713307461e-01,-8.169911265249724108e-01,-3.867368141948436255e-01,8.884303329063795163e-01,4.539632935256148194e-01,2.676033003423450296e-01,-8.376637189628145519e-01,7.362504348252167929e-01,9.081686215010874585e-01,5.448554155991742753e-01,-9.282792797968556497e-01,4.948555749894213429e-01,-8.901576351636723006e-01,6.842815716454888619e-01,2.754126142017407908e-01,-8.809422825639855459e-01,-4.390378934661705590e-01,-3.538879122819676426e-01,5.845429466751052017e-01,6.497621159130931856e-01,3.177773008878851946e-01,-2.069059880813987340e-01,-1.279219658667860859e-01,-8.044553394510439714e-01,1.000000000000000000e+00,-7.855141720313193465e-01,8.470054283236844173e-01,-3.414050298824181651e-01,9.473178131920010347e-01,9.337025769816797993e-01,9.245998703111137917e-01,-7.663707891876317957e-01,8.386832606737948392e-01,8.869741896062220965e-01,9.239345522903481545e-01,-8.899012788142935948e-01,-1.890851058350142000e-01
9.246996437605052854e-01,-8.731365207441339482e-01,3.190488434073857071e-01,7.823798426148561580e-01,6.921345601235445733e-01,-8.324184578869896489e-01,-6.114840896993496422e-01,-4.678858337784866928e-01,9.120265235628559619e-01,-4.075006163961625849e-01,-8.819713724331277316e-01,-4.305377753994924506e-01,8.219895832356364229e-01,-2.140565471300903688e-01,9.029666100357701675e-01,-4.446881584764031392e-01,-6.870437095551816531e-02,9.106681678582010386e-01,4.988983800301491911e-01,2.678052303163326875e-01,-1.652552817842615485e-01,-6.280231636204243184e-01,-1.088518846057027062e-01,4.503436466207630384e-01,4.374743004740174745e-01,9.495529427845851300e-01,-7.855141720313193465e-01,1.000000000000000000e+00,-6.649017077994069380e-01,4.331708477899793297e-01,-8.597649202892377884e-01,-8.794780831660500287e-01,-7.687336757485391248e-01,8.875416692286228759e-01,-7.074897109601951950e-01,-8.299861120545078963e-01,-8.398115180476319885e-01,9.208832128309032417e-01,3.970260847509229918e-01
-7.524538556790361099e-01,7.626862424275103747e-01,1.605199622852744590e-01,-8.061953292441612628e-01,-3.266154083349111503e-01,9.109616455759080855e-01,4.093450116669111738e-01,1.206563038550707984e-01,-8.014257027793370014e-01,7.691816739962404892e-01,8.761296288236756213e-01,2.552036524236821480e-01,-8.203361232845859385e-01,5.744926101181687672e-01,-8.294168695717122342e-01,6.868758110752064550e-01,5.340239703198818022e-01,-8.268076592591507845e-01,-6.234197068299816014e-01,-3.405922428715350003e-01,6.030790182349491380e-01,4.963913006789060223e-01,2.554322112730011973e-01,-6.845900212702399346e-02,1.023210509039130106e-01,-6.524069304230173394e-01,8.470054283236844173e-01,-6.649017077994069380e-01,1.000000000000000000e+00,-2.879253743943434030e-01,8.347308738197506406e-01,8.408056170521092110e-01,9.073863537181023897e-01,-7.320591404547854841e-01,9.248482962565692800e-01,8.109151622491025391e-01,9.034448882923492574e-01,-8.015983671028752422e-01,-4.122101045355820448e-01
4.964471869034350338e-01,-2.037426539864770347e-01,2.868614478991728944e-01,3.730025886073422559e-01,4.611444819471338108e-01,-3.773818946782080963e-01,-1.972931816025055574e-01,-2.802099594258671833e-01,5.272484439219486951e-01,9.102987005034857138e-02,-4.064179281773875330e-01,-1.847448503845506296e-01,4.241985389470808721e-01,1.728508384850010737e-01,4.358456509012519353e-01,2.096759073017240294e-01,6.410857419328158668e-02,4.489651743130106953e-01,4.336219493125699764e-01,5.629342769094181770e-02,-1.062266792413047445e-01,-2.693791285405130465e-01,4.757658696216485184e-01,3.971559152431601292e-01,5.175995028108663076e-01,4.699264873998363345e-01,-3.414050298824181651e-01,4.331708477899793297e-01,-2.879253743943434030e-01,1.000000000000000000e+00,-3.982621696120750010e-01,-3.456424636496272518e-01,-3.451549253385891025e-01,5.205514679504921194e-01,-2.618668708719120164e-01,-2.496152542215594183e-01,-3.603243803274603363e-01,4.476200323834016448e-01,5.131033232327543159e-01
-9.371411008955679023e-01,9.033490299904646248e-01,2.910838301857239171e-02,-8.519205455244063252e-01,-4.853908081824458987e-01,9.229474790783216420e-01,5.288279400247491990e-01,3.025522912098952411e-01,-9.079991170129526612e-01,6.841949277112924221e-01,9.445559181672283922e-01,5.439117107984128285e-01,-9.578949045890167158e-01,4.173158558755218905e-01,-9.347277006949941125e-01,6.376607632611689391e-01,2.102192759653357945e-01,-9.313872063837959070e-01,-5.078064209220293224e-01,-3.597532550806493701e-01,5.313815178358601843e-01,6.825631093059183474e-01,2.284444864238395767e-01,-3.255797142145458456e-01,-2.317784306151554619e-01,-8.830317163632522837e-01,9.473178131920010347e-01,-8.597649202892377884e-01,8.347308738197506406e-01,-3.982621696120750010e-01,1.000000000000000000e+00,9.562618176004763493e-01,9.224209259314728460e-01,-8.429154175172743901e-01,8.263872181295055519e-01,9.190328347136341725e-01,9.452275795165108185e-01,-9.470186126887112366e-01,-3.024283637183768914e-01
-9.309878602573281592e-01,9.360226052514900585e-01,-4.617181297076711904e-03,-8.769143399872264544e-01,-4.773659405800533828e-01,9.364043796890749727e-01,5.472923383577311673e-01,2.807528385788021219e-01,-9.089982939199384715e-01,6.829565020003491860e-01,9.550342785794881939e-01,5.043622475166920083e-01,-9.300591048872434152e-01,4.878081578835591903e-01,-9.415143422984126875e-01,6.676133848028733553e-01,2.748783208994735050e-01,-9.448323198613015617e-01,-5.278834327893057177e-01,-3.534251335005170747e-01,4.834892173163454765e-01,6.403199235816463553e-01,2.985537979766499372e-01,-2.866109392320876914e-01,-2.183212187836114648e-01,-8.964664531088872845e-01,9.337025769816797993e-01,-8.794780831660500287e-01,8.408056170521092110e-01,-3.456424636496272518e-01,9.562618176004763493e-01,1.000000000000000000e+00,9.220738590510535460e-01,-8.373222961879521753e-01,8.540437804078697681e-01,9.212950408630257160e-01,9.564075313335050899e-01,-9.485480226039123552e-01,-2.939409110538040992e-01
-8.659993947776017942e-01,8.586504887967034705e-01,1.563578619379735191e-01,-8.578349831138839532e-01,-3.844182588169743897e-01,9.351271431739323070e-01,4.618642027836472042e-01,1.975977728807820910e-01,-8.668356441171394255e-01,7.354296770847231768e-01,9.312371172265651031e-01,4.177595586626420276e-01,-8.932746665331211533e-01,5.346208552069546815e-01,-8.960225461728202889e-01,6.972521190316021134e-01,3.756500980275223056e-01,-8.999507204442475095e-01,-5.816780323404078246e-01,-3.823299069247388937e-01,5.924788628588599781e-01,6.473226873651718449e-01,2.904567329688154120e-01,-1.661459937548233623e-01,-3.972104342069342903e-02,-7.900388769384123488e-01,9.245998703111137917e-01,-7.687336757485391248e-01,9.073863537181023897e-01,-3.451549253385891025e-01,9.224209259314728460e-01,9.220738590510535460e-01,1.000000000000000000e+00,-7.749459928023751942e-01,8.938906218124337277e-01,8.510041520384031832e-01,9.356952815781746091e-01,-8.942438053362633532e-01,-3.524973604434110119e-01
8.982195477012566709e-01,-7.566659569571481114e-01,2.544689083743478797e-01,7.340760267355180835e-01,7.291306529036697404e-01,-8.423637633146239256e-01,-5.418512996565237883e-01,-4.283494563248777531e-01,9.317909675087440169e-01,-4.491243586368723895e-01,-8.691268077929817926e-01,-2.937069158666368307e-01,8.305717488810594462e-01,-1.436361952213404403e-01,9.029342001989382194e-01,-4.015394792557994696e-01,-1.031409726644062635e-01,8.766025213736966526e-01,5.662663547063889746e-01,2.317252148266606970e-01,-2.863590535958104311e-01,-5.741977518431259364e-01,6.005165556855954212e-02,4.784139587501929358e-01,3.580605080206316071e-01,8.655938299557361937e-01,-7.663707891876317957e-01,8.875416692286228759e-01,-7.320591404547854841e-01,5.205514679504921194e-01,-8.429154175172743901e-01,-8.373222961879521753e-01,-7.749459928023751942e-01,1.000000000000000000e+00,-7.253051780380375124e-01,-8.173388539934975938e-01,-8.451450400165910759e-01,8.913346164703953578e-01,5.467710881500428277e-01
-7.648524942764008960e-01,8.031920052452247161e-01,1.125333476612376676e-01,-8.287368410499195148e-01,-3.291849645845188466e-01,9.023036793562497770e-01,4.799110033680157872e-01,1.111111486570501156e-01,-8.036621641162911001e-01,7.224210726713837794e-01,8.790214360344205113e-01,2.685920696824656284e-01,-7.988625089298658777e-01,6.127302753130301483e-01,-8.407590133486202433e-01,7.020613996525172373e-01,5.305753014476075613e-01,-8.422575798615246079e-01,-6.206240484280822756e-01,-3.964490628765913738e-01,5.206597124634517737e-01,5.087507987063669690e-01,3.248138050446957026e-01,-4.395958910703862133e-02,9.850531332390093098e-02,-6.887104237936486628e-01,8.386832606737948392e-01,-7.074897109601951950e-01,9.248482962565692800e-01,-2.618668708719120164e-01,8.263872181295055519e-01,8.540437804078697681e-01,8.938906218124337277e-01,-7.253051780380375124e-01,1.000000000000000000e+00,8.103712717462169257e-01,8.938114651538635602e-01,-8.121112837260512363e-01,-3.764077119273971372e-01
-8.712463854704471933e-01,8.968821247058550439e-01,-4.912743541257032914e-02,-8.017964229125068565e-01,-4.803156970592671327e-01,8.919784558401315788e-01,5.578228927674264703e-01,3.255568429943642705e-01,-8.595560769659620348e-01,6.916389238540673334e-01,9.027655815273918360e-01,4.819600364221318656e-01,-8.972014978884372827e-01,4.021541170864227910e-01,-8.907777417859293889e-01,6.594232016407999275e-01,2.206731433353014971e-01,-8.823101957821766206e-01,-4.452723117369443151e-01,-2.953891290834779748e-01,4.428314407973932831e-01,6.270405853877280000e-01,2.744124489912275755e-01,-3.812903192137591657e-01,-2.061181298044887922e-01,-8.325825564456708072e-01,8.869741896062220965e-01,-8.299861120545078963e-01,8.109151622491025391e-01,-2.496152542215594183e-01,9.190328347136341725e-01,9.212950408630257160e-01,8.510041520384031832e-01,-8.173388539934975938e-01,8.103712717462169257e-01,1.000000000000000000e+00,9.150833952686413530e-01,-8.922826376334235254e-01,-2.269523691902458618e-01
-9.083820158393728361e-01,8.939057250364188523e-01,2.198372055187457902e-02,-8.709675286672963201e-01,-4.659776034782888154e-01,9.575792147221375838e-01,5.126692168194403321e-01,2.629767810757976387e-01,-9.088521125529035460e-01,7.167873124349734004e-01,9.555313126176511185e-01,4.391534737769786645e-01,-9.273897478648260861e-01,4.931341906693941790e-01,-9.366053626455019820e-01,6.742669639292684369e-01,3.441216823190130780e-01,-9.329883466363710909e-01,-5.723685058928678071e-01,-3.278897292130494856e-01,5.309327588325825076e-01,5.989940414872381158e-01,2.642780729210835178e-01,-2.585913389049124267e-01,-1.494890238526495052e-01,-8.521480103789736971e-01,9.239345522903481545e-01,-8.398115180476319885e-01,9.034448882923492574e-01,-3.603243803274603363e-01,9.452275795165108185e-01,9.564075313335050899e-01,9.356952815781746091e-01,-8.451450400165910759e-01,8.938114651538635602e-01,9.150833952686413530e-01,1.000000000000000000e+00,-9.310884629883416919e-01,-3.563921982202038485e-01
9.655266429241993187e-01,-8.951901822274022091e-01,8.679380135838372923e-02,8.707352026411762091e-01,5.647094469531220851e-01,-9.283248067916165525e-01,-5.670249045048553205e-01,-3.119122439456888940e-01,9.546312174965850827e-01,-5.868974570572438321e-01,-9.560635023136704325e-01,-4.745264622764808760e-01,9.246632764185082065e-01,-3.666327581418705739e-01,9.577130178319684939e-01,-5.708917641411311861e-01,-1.848879779925148847e-01,9.637846373842751113e-01,6.097254761148654945e-01,3.623950206454993328e-01,-4.151159575956416270e-01,-6.481645965271434218e-01,-1.553269222607983613e-01,3.713011957783614592e-01,2.909544816571562054e-01,9.346224715585866871e-01,-8.899012788142935948e-01,9.208832128309032417e-01,-8.015983671028752422e-01,4.476200323834016448e-01,-9.470186126887112366e-01,-9.485480226039123552e-01,-8.942438053362633532e-01,8.913346164703953578e-01,-8.121112837260512363e-01,-8.922826376334235254e-01,-9.310884629883416919e-01,1.000000000000000000e+00,4.416417590170257923e-01
4.307547313152132462e-01,-1.422877356257312709e-01,2.140803276975660197e-01,3.830416935084521302e-01,4.488683165497909799e-01,-4.495452832675359556e-01,-1.996040127824946497e-01,-6.064391415099314175e-02,5.626935828529447958e-01,-6.240811747892135997e-02,-4.341632652547624538e-01,1.755090902488968541e-01,3.301511089657711007e-01,4.869489772558079077e-02,4.435013772679087252e-01,1.453220246056151008e-02,-1.426708090310232213e-01,4.678502703339819102e-01,8.202642953467640385e-01,1.832782489233281131e-01,-1.195483047813419436e-01,-7.037625845729457430e-02,4.407807701131088995e-01,2.412622333212541270e-01,7.476319323772245840e-02,3.635505838037724757e-01,-1.890851058350142000e-01,3.970260847509229918e-01,-4.122101045355820448e-01,5.131033232327543159e-01,-3.024283637183768914e-01,-2.939409110538040992e-01,-3.524973604434110119e-01,5.467710881500428277e-01,-3.764077119273971372e-01,-2.269523691902458618e-01,-3.563921982202038485e-01,4.416417590170257923e-01,1.000000000000000000e+00
