1.000000000000000000e+00,7.733750976876898608e-01,6.721943868090858309e-01,-5.433229541836709364e-01,7.620241039212845013e-01,5.890071591925074568e-01,5.400832301478909747e-02,-6.350478062390521039e-01,6.783095411603148328e-01,7.749774778857972946e-01,6.334441657734183329e-01,5.665548113973453009e-02,-4.766773713170136539e-01,6.315998911961961948e-01,-1.090669948526607619e-01,6.966215669223101425e-01,6.978627061965283485e-01,4.788496215228256192e-01,3.573433611863924275e-01,2.020484803064833967e-01,1.374627516685691664e-01,2.062933577932291596e-01,7.465059428029185984e-01,3.615959070734768299e-01,4.702082181133996897e-01,8.033803653524795862e-01,6.407240734901928914e-01,7.984034082550967026e-01,7.809303210895064407e-01,7.334614032470615497e-01,6.831503434545231901e-01,8.082325516720973990e-01,5.172008008048638583e-01,5.969823808192417092e-01,7.426803347689910906e-01,6.235441277511160063e-01,7.359621130768677633e-01,6.702803514342551283e-01,5.464427131279409044e-01
7.733750976876898608e-01,1.000000000000000000e+00,6.831696771360314946e-01,-5.351318184960305313e-01,7.979949003540333097e-01,7.309902187000336671e-01,-1.622315811180033707e-01,-6.425791258084084800e-01,7.161316278759674026e-01,8.472668650835937232e-01,6.757382011043396863e-01,1.526052204381382893e-01,-4.989239230600029384e-01,5.951205810004640551e-01,-1.375764634911941231e-01,7.732701996652362464e-01,6.412847983334324375e-01,5.192539866523347980e-01,4.471206430547630672e-01,2.206006671032949007e-01,1.006711536398086776e-02,2.972918521531798253e-01,7.837903001177424223e-01,5.039963147469572746e-01,6.365304119755319512e-01,7.586985249262820918e-01,7.567844742581745221e-01,7.230762373107130214e-01,8.590520040904481291e-01,7.382641553547334423e-01,8.164963574715677908e-01,8.603041455845662488e-01,4.775741370228417382e-01,6.129593191072325586e-01,7.796015396760106464e-01,7.552201359199089969e-01,8.536456854091212243e-01,5.376377277062629467e-01,5.101521517167079134e-01
6.721943868090858309e-01,6.831696771360314946e-01,1.000000000000000000e+00,-4.982001066789243371e-01,8.020526564179312201e-01,7.001815792952416073e-01,-2.255426516481097432e-02,-9.307831620903422865e-01,7.823769421190575057e-01,6.204197480248599961e-01,6.296483100607530581e-01,1.353852687890765294e-01,-2.479044220640805873e-01,8.414043137604001465e-01,-8.781228734794670199e-02,4.858981199431847142e-01,6.701005571006417583e-01,6.369344130251174407e-01,5.221324042496826578e-01,2.894444355017035120e-01,5.568739573982488533e-01,4.324266307548725319e-01,7.694280781120766965e-01,5.013593996058759439e-01,6.545542208666812467e-01,6.087026842499602131e-01,5.430848195205013607e-01,7.425407829042827146e-01,6.432149817283170368e-01,7.198155855015427873e-01,7.206329423698788483e-01,6.581029855662180461e-01,8.280898742319190431e-01,6.785297045228566581e-01,6.047160127915582883e-01,4.436526985363355435e-01,6.131612898676619405e-01,6.486063370197707734e-01,6.258078790080534581e-01
-5.433229541836709364e-01,-5.351318184960305313e-01,-4.982001066789243371e-01,1.000000000000000000e+00,-6.348021220029761436e-01,-5.823657003297351142e-01,-9.177911505436984335e-03,5.492968391114274596e-01,-5.421939739094427946e-01,-5.644458953427891057e-01,-4.830122479029675397e-01,3.634308732885733750e-01,5.858178053951407227e-01,-4.074589090254143176e-01,4.632234533131300291e-01,-4.607342779908258357e-01,-5.213595291054849978e-01,-2.561126154320952919e-01,-1.759966261635231566e-01,1.869364508636664757e-01,-2.303997410718177374e-01,1.083427177308453615e-01,-4.749189111162175347e-01,-3.374659528932226760e-01,-4.171205395371642144e-01,-5.863273264300811194e-01,-4.176521880041926815e-01,-6.872720768775563149e-01,-5.606969238156659374e-01,-5.910813642360956965e-01,-6.490353282717034045e-01,-5.521665959262391787e-01,-4.755697242651446000e-01,-3.733218088627609510e-01,-4.651778600943740627e-01,-5.005241908634107117e-01,-5.367514766798016090e-01,-4.517304574551457286e-01,-2.161601195260793862e-01
7.620241039212845013e-01,7.979949003540333097e-01,8.020526564179312201e-01,-6.348021220029761436e-01,1.000000000000000000e+00,6.928195848384659516e-01,-1.204295301871186330e-01,-7.763351949418708653e-01,8.812660328249238839e-01,7.926275765386304739e-01,6.821788563081206958e-01,-6.517662261928682324e-03,-5.573452649499829326e-01,6.794944044740257594e-01,-2.829666465156232547e-01,6.723476356063737835e-01,6.841775095848376953e-01,6.293486135721644281e-01,4.614469663057725879e-01,1.863633100303552503e-01,2.091553136478783437e-01,1.620363314682854439e-01,7.380773899394356130e-01,4.016552858889820832e-01,6.010351899103063555e-01,8.005750941419963462e-01,7.261209196668847454e-01,8.629193771877300412e-01,7.962082612154778305e-01,8.565394204785967691e-01,8.530114947837199590e-01,8.000056788462143187e-01,6.641005318591683970e-01,6.205103146560246863e-01,6.442794109586036377e-01,7.081123734091291366e-01,7.219376967473385420e-01,6.856600942030676160e-01,5.135753816016707107e-01
5.890071591925074568e-01,7.309902187000336671e-01,7.001815792952416073e-01,-5.823657003297351142e-01,6.928195848384659516e-01,1.000000000000000000e+00,-7.152433263014582911e-03,-6.890243585186230924e-01,5.995977664840335120e-01,6.232696445054135559e-01,6.373235008716263694e-01,2.252716294905853650e-02,-3.826307942861414957e-01,6.539591907381849811e-01,-1.802154331865551129e-01,4.928736613207873041e-01,6.653083125008668608e-01,3.956496380837826732e-01,3.700750061455554962e-01,1.809166392089370246e-01,3.109465375657485264e-01,2.255967391301539893e-01,7.497294579752352695e-01,5.801117296628200970e-01,7.314584569388534740e-01,5.303440793883936744e-01,5.174317503878920199e-01,6.276784088485947155e-01,7.000939136880603986e-01,5.828732486996597295e-01,6.634431337803331497e-01,6.649318285211016644e-01,6.334199781533383922e-01,5.582296531133931206e-01,6.302333828705161123e-01,5.448008738652099225e-01,7.004844553499686155e-01,4.979568021081234863e-01,5.154709855978710786e-01
5.400832301478909747e-02,-1.622315811180033707e-01,-2.255426516481097432e-02,-9.177911505436984335e-03,-1.204295301871186330e-01,-7.152433263014582911e-03,1.000000000000000000e+00,3.195927972179685161e-02,-1.618019168573760214e-01,-1.462595999888078868e-01,-3.045594555303843265e-02,-9.388953344936641632e-02,2.102606319122546363e-01,5.955510725219562151e-02,1.501089183174058594e-01,-9.065508727182038096e-02,-3.641857908480942985e-02,-1.359464172776194135e-01,3.564117434755677315e-04,1.918700851258721696e-01,1.318423960415418261e-01,7.686792873107023416e-02,-1.990261531417656868e-02,2.477028654819352430e-02,-2.539238091739910025e-02,-7.838356829716412733e-02,-1.961170807583941245e-01,6.857001891434570673e-02,-9.086551459754541038e-02,-5.929439343113728639e-02,-1.383902779035970088e-01,-9.565057062207737992e-02,6.841645447639015110e-02,1.180702645441371601e-01,8.119533776431255012e-02,-1.212492381109357420e-01,-4.931358474043805173e-02,-8.808804265386593890e-02,1.327672762485947872e-02
-6.350478062390521039e-01,-6.425791258084084800e-01,-9.307831620903422865e-01,5.492968391114274596e-01,-7.763351949418708653e-01,-6.890243585186230924e-01,3.195927972179685161e-02,1.000000000000000000e+00,-7.533186246628486016e-01,-5.979659464704730754e-01,-5.937483093241177068e-01,-4.935324343431269495e-02,2.730288373848809846e-01,-8.079738962619523734e-01,1.671245374227722791e-01,-4.559964601175650611e-01,-6.492944858127640551e-01,-5.817840114654772021e-01,-4.548892427335843314e-01,-1.885229566701643322e-01,-5.986283475218679984e-01,-3.581030018755817501e-01,-7.329681811998672858e-01,-5.103164921864842274e-01,-6.212203576352685053e-01,-5.836608349115369743e-01,-4.924726168979243202e-01,-7.173184470329270201e-01,-6.129877019707020702e-01,-6.927679749458598435e-01,-6.899989420530446838e-01,-6.236480800064515551e-01,-8.091009211241962928e-01,-6.182928779139786890e-01,-5.690317675752465387e-01,-4.111060903218823337e-01,-5.898555350502980854e-01,-6.385175802720761684e-01,-5.829996484561527081e-01
6.783095411603148328e-01,7.161316278759674026e-01,7.823769421190575057e-01,-5.421939739094427946e-01,8.812660328249238839e-01,5.995977664840335120e-01,-1.618019168573760214e-01,-7.533186246628486016e-01,1.000000000000000000e+00,7.291050616317157340e-01,6.751235660035719288e-01,1.711826095306638595e-02,-4.911428452746529061e-01,7.028182429909713980e-01,-2.757805181770033309e-01,5.882786825967835087e-01,6.868606919789840282e-01,6.966314129168746927e-01,4.948517615976385509e-01,1.674811292269671181e-01,2.821671348579716798e-01,1.616472290347874541e-01,7.117267253999767229e-01,4.162985676926683754e-01,5.510493225614208068e-01,7.144085508392258310e-01,6.509472312438290276e-01,7.811950462420060859e-01,7.085521686473715830e-01,8.728443352560719681e-01,7.818817118478930128e-01,7.292649097832626381e-01,6.735616704465419158e-01,5.668275638078177359e-01,5.585666516988379016e-01,6.258551567682779648e-01,6.372824891234704081e-01,7.424170544482415757e-01,5.530838813848550917e-01
7.749774778857972946e-01,8.472668650835937232e-01,6.204197480248599961e-01,-5.644458953427891057e-01,7.926275765386304739e-01,6.232696445054135559e-01,-1.462595999888078868e-01,-5.979659464704730754e-01,7.291050616317157340e-01,1.000000000000000000e+00,6.576737045387124336e-01,4.031559250103691761e-03,-5.953776058263424709e-01,5.702892727651019955e-01,-2.903739759869592985e-01,8.815246880768538018e-01,6.189757768301751284e-01,5.620251307203710800e-01,4.350882193013568822e-01,1.193580513200955678e-01,1.931590921792720669e-03,1.401266564799442671e-01,7.230317653893341134e-01,4.623890687614176098e-01,5.257457590357910160e-01,8.300665486321827657e-01,7.833050241821861714e-01,7.681322070525427037e-01,8.639555820850253198e-01,7.982558934418226837e-01,7.879165391741805857e-01,8.941525300049555369e-01,4.294130573444438492e-01,5.425089175972330757e-01,7.213786227909602111e-01,8.376558434438320377e-01,8.440947400573121095e-01,6.044018774875238309e-01,4.311956079820035703e-01
6.334441657734183329e-01,6.757382011043396863e-01,6.296483100607530581e-01,-4.830122479029675397e-01,6.821788563081206958e-01,6.373235008716263694e-01,-3.045594555303843265e-02,-5.937483093241177068e-01,6.751235660035719288e-01,6.576737045387124336e-01,1.000000000000000000e+00,-3.919252230553619404e-02,-4.232686070576328063e-01,6.423056135768187014e-01,-2.448394852579814651e-01,5.249751733286811550e-01,8.253639462348032474e-01,6.008424645383816376e-01,4.352232499974736379e-01,1.160316498790613660e-01,1.189010918722666343e-01,1.585611233090724603e-01,7.116389301364018927e-01,3.650359961079619464e-01,5.166767619448763282e-01,6.037708097447300748e-01,5.881963145217647959e-01,6.460715307795152906e-01,6.464296594752898528e-01,6.341845302397813855e-01,6.919511990122584333e-01,6.727428302494518064e-01,5.313745290164945123e-01,4.928215185906759666e-01,5.897636820331602081e-01,5.368304050913440539e-01,6.344125240656555142e-01,6.356362607004318876e-01,6.757173506251552553e-01
5.665548113973453009e-02,1.526052204381382893e-01,1.353852687890765294e-01,3.634308732885733750e-01,-6.517662261928682324e-03,2.252716294905853650e-02,-9.388953344936641632e-02,-4.935324343431269495e-02,1.711826095306638595e-02,4.031559250103691761e-03,-3.919252230553619404e-02,1.000000000000000000e+00,5.511208103374336531e-01,1.303727232346640064e-01,8.157703976670057644e-01,1.154364547408145425e-01,-8.492161883467534700e-02,1.940758638360604027e-01,2.217712185394928870e-01,6.336435126140883556e-01,-1.432917473855746526e-01,6.502385271362445263e-01,1.858286609495646280e-01,8.659160169463679668e-02,2.638265930745761767e-01,5.441495851123098054e-02,2.582679596327017157e-01,-9.118573043422990854e-02,1.019432543099273170e-01,-2.926167776615746022e-02,-4.993189373373108780e-02,7.533580112057179645e-02,-7.021077995729040067e-02,3.836271650587284032e-01,1.394751116116588752e-01,5.506744436113465008e-02,6.212657560415675573e-02,-6.544198708754137180e-03,1.628236886512453852e-01
-4.766773713170136539e-01,-4.989239230600029384e-01,-2.479044220640805873e-01,5.858178053951407227e-01,-5.573452649499829326e-01,-3.826307942861414957e-01,2.102606319122546363e-01,2.730288373848809846e-01,-4.911428452746529061e-01,-5.953776058263424709e-01,-4.232686070576328063e-01,5.511208103374336531e-01,1.000000000000000000e+00,-1.663766309526736042e-01,7.137412413670989331e-01,-4.802534712593233279e-01,-4.737366060520777911e-01,-2.097013581507674584e-01,-5.778236125187410921e-02,3.214186798598344663e-01,7.561201802174852271e-02,3.707265733231086546e-01,-3.085341175956010651e-01,-1.447622073316296720e-01,-1.107124226146528473e-01,-5.609798098667735378e-01,-4.433398791418485252e-01,-5.666844602644640627e-01,-5.129505255056827639e-01,-5.306667412341331547e-01,-6.151109700629073807e-01,-5.394176751534988101e-01,-2.191261597614127254e-01,-7.894796091011235806e-02,-3.454469002498462560e-01,-5.384151584073529895e-01,-4.887731373593270368e-01,-4.274527960707183993e-01,-1.310488386338702904e-01
6.315998911961961948e-01,5.951205810004640551e-01,8.414043137604001465e-01,-4.074589090254143176e-01,6.794944044740257594e-01,6.539591907381849811e-01,5.955510725219562151e-02,-8.079738962619523734e-01,7.028182429909713980e-01,5.702892727651019955e-01,6.423056135768187014e-01,1.303727232346640064e-01,-1.663766309526736042e-01,1.000000000000000000e+00,-6.655054398177669139e-02,4.382564048605457341e-01,6.650812724461095948e-01,6.692750894923547023e-01,5.852509390653325427e-01,2.983348450714625733e-01,5.428802861672221702e-01,4.116250129338082098e-01,7.457914893005718193e-01,6.094811634006057632e-01,6.253595541087613174e-01,5.242768971551248214e-01,4.651303082755269824e-01,6.536787931794022510e-01,5.963654645769694840e-01,6.942687742582221988e-01,5.968100362114919788e-01,6.210182192260296219e-01,7.981369497422423631e-01,6.054035637321879548e-01,6.257792537080891782e-01,3.825551207753059013e-01,6.138050758991628886e-01,6.419352107100039229e-01,6.426796494563311590e-01
-1.090669948526607619e-01,-1.375764634911941231e-01,-8.781228734794670199e-02,4.632234533131300291e-01,-2.829666465156232547e-01,-1.802154331865551129e-01,1.501089183174058594e-01,1.671245374227722791e-01,-2.757805181770033309e-01,-2.903739759869592985e-01,-2.448394852579814651e-01,8.157703976670057644e-01,7.137412413670989331e-01,-6.655054398177669139e-02,1.000000000000000000e+00,-1.592435265001890532e-01,-2.729755371429084532e-01,-1.110499449975564518e-01,9.287920195891576081e-02,5.706697297120543189e-01,-1.252522704488312766e-01,5.918701108445789671e-01,-4.206390298555312546e-02,-1.191559023230045478e-01,5.603090109556936593e-02,-2.227414276421377792e-01,-6.170133149938185346e-02,-3.000843480734708968e-01,-1.924807109288211027e-01,-2.958476695076115437e-01,-3.308050040574445627e-01,-2.167914692448359715e-01,-1.906131427083848084e-01,2.181860621150559509e-01,-7.419715583216729415e-02,-2.456172583633898232e-01,-2.202325015125558560e-01,-2.627914720786809211e-01,2.208251881109213333e-02
6.966215669223101425e-01,7.732701996652362464e-01,4.858981199431847142e-01,-4.607342779908258357e-01,6.723476356063737835e-01,4.928736613207873041e-01,-9.065508727182038096e-02,-4.559964601175650611e-01,5.882786825967835087e-01,8.815246880768538018e-01,5.249751733286811550e-01,1.154364547408145425e-01,-4.802534712593233279e-01,4.382564048605457341e-01,-1.592435265001890532e-01,1.000000000000000000e+00,4.566714302131448244e-01,5.168310943097581545e-01,4.118227406754088604e-01,1.910470599741201925e-01,-1.538675727121049108e-01,1.675335806694374097e-01,6.401587283684414542e-01,4.333296862080209810e-01,4.477058960860555437e-01,7.900876629918222038e-01,7.601551558967900579e-01,6.779146448997931396e-01,8.122638633245059525e-01,7.054630975629665457e-01,6.940052654266929411e-01,8.460188836601534312e-01,2.516137154499726303e-01,5.168655126259574795e-01,7.196197690237478017e-01,8.551506301108263708e-01,8.228617369932342829e-01,4.572788980930068692e-01,2.640706951946166781e-01
6.978627061965283485e-01,6.412847983334324375e-01,6.701005571006417583e-01,-5.213595291054849978e-01,6.841775095848376953e-01,6.653083125008668608e-01,-3.641857908480942985e-02,-6.492944858127640551e-01,6.868606919789840282e-01,6.189757768301751284e-01,8.253639462348032474e-01,-8.492161883467534700e-02,-4.737366060520777911e-01,6.650812724461095948e-01,-2.729755371429084532e-01,4.566714302131448244e-01,1.000000000000000000e+00,5.530109814140304891e-01,3.954484410817487028e-01,4.771886147477080731e-02,2.712645335212396924e-01,1.363669377031296592e-01,7.213452966294885416e-01,4.022744530210626279e-01,4.872085688276674431e-01,6.151729062689064165e-01,5.229575234512267023e-01,6.544708160447376688e-01,6.282547926102586278e-01,6.345050918399032236e-01,6.708704806213879879e-01,6.532952970393192116e-01,6.202913963712647361e-01,4.689357123548139050e-01,5.706141453415416454e-01,4.426134563490284335e-01,5.967899904612193884e-01,7.118563993701904069e-01,6.174329470578613366e-01
4.788496215228256192e-01,5.192539866523347980e-01,6.369344130251174407e-01,-2.561126154320952919e-01,6.293486135721644281e-01,3.956496380837826732e-01,-1.359464172776194135e-01,-5.817840114654772021e-01,6.966314129168746927e-01,5.620251307203710800e-01,6.008424645383816376e-01,1.940758638360604027e-01,-2.097013581507674584e-01,6.692750894923547023e-01,-1.110499449975564518e-01,5.168310943097581545e-01,5.530109814140304891e-01,1.000000000000000000e+00,6.825684668009265321e-01,2.696015072712942828e-01,1.822775272418542813e-01,2.976615401091946556e-01,5.903691260719571288e-01,3.824472742213743670e-01,4.412863248179759723e-01,6.148000517353321426e-01,6.190944585854830651e-01,6.050848911075850101e-01,5.682147897846948625e-01,6.676711842659657226e-01,6.395302833957886568e-01,6.025985766279247091e-01,4.860676996043507558e-01,4.315769173769535838e-01,4.913022624806665517e-01,5.159993814683488944e-01,5.514381145867165435e-01,6.099925018271264987e-01,4.656798278750348685e-01
3.573433611863924275e-01,4.471206430547630672e-01,5.221324042496826578e-01,-1.759966261635231566e-01,4.614469663057725879e-01,3.700750061455554962e-01,3.564117434755677315e-04,-4.548892427335843314e-01,4.948517615976385509e-01,4.350882193013568822e-01,4.352232499974736379e-01,2.217712185394928870e-01,-5.778236125187410921e-02,5.852509390653325427e-01,9.287920195891576081e-02,4.118227406754088604e-01,3.954484410817487028e-01,6.825684668009265321e-01,1.000000000000000000e+00,3.751853367093797020e-01,1.526077743835899669e-01,4.398477891346279089e-01,5.293098470513745157e-01,3.547762556890178831e-01,4.783128756370195189e-01,4.148801415734749698e-01,4.848510288775060850e-01,4.573362180295175161e-01,4.899575264618854509e-01,5.375226634648141433e-01,5.144997423462395192e-01,4.876153727720516917e-01,4.515429774434033816e-01,3.193947780176221163e-01,4.687753796348501090e-01,4.325505082275312718e-01,4.973318754470720249e-01,3.452248295510398357e-01,2.961032087751944708e-01
2.020484803064833967e-01,2.206006671032949007e-01,2.894444355017035120e-01,1.869364508636664757e-01,1.863633100303552503e-01,1.809166392089370246e-01,1.918700851258721696e-01,-1.885229566701643322e-01,1.674811292269671181e-01,1.193580513200955678e-01,1.160316498790613660e-01,6.336435126140883556e-01,3.214186798598344663e-01,2.983348450714625733e-01,5.706697297120543189e-01,1.910470599741201925e-01,4.771886147477080731e-02,2.696015072712942828e-01,3.751853367093797020e-01,1.000000000000000000e+00,1.929643069434577862e-02,6.143469646524336580e-01,3.295219349543414000e-01,1.334179187301219316e-01,3.799531516045314694e-01,1.697865909872717238e-01,3.308767884247414415e-01,1.821542557133242202e-01,2.249629299709391406e-01,1.626367979584694701e-01,1.726704592302655272e-01,2.211619699877129808e-01,1.996562221970129003e-01,4.505169446611304584e-01,3.318873888763449465e-01,1.725298186198364336e-01,2.238008608207049388e-01,1.222308943511656448e-01,3.150427692470573193e-01
1.374627516685691664e-01,1.006711536398086776e-02,5.568739573982488533e-01,-2.303997410718177374e-01,2.091553136478783437e-01,3.109465375657485264e-01,1.318423960415418261e-01,-5.986283475218679984e-01,2.821671348579716798e-01,1.931590921792720669e-03,1.189010918722666343e-01,-1.432917473855746526e-01,7.561201802174852271e-02,5.428802861672221702e-01,-1.252522704488312766e-01,-1.538675727121049108e-01,2.712645335212396924e-01,1.822775272418542813e-01,1.526077743835899669e-01,1.929643069434577862e-02,1.000000000000000000e+00,2.084131627578021118e-01,2.910057730652631514e-01,3.285208246683371525e-01,2.924832691451953459e-01,-2.334024020471045166e-02,-1.524097825286844787e-01,2.262989499257861969e-01,8.406066250494658235e-03,1.854689836222858934e-01,1.309944099359659497e-01,1.092132253713590240e-02,6.944511402151865020e-01,2.285252419104248922e-01,7.724528047856396573e-02,-2.104744209286278922e-01,2.330935670545601635e-02,2.737905909488929646e-01,3.023388111683618651e-01
2.062933577932291596e-01,2.972918521531798253e-01,4.324266307548725319e-01,1.083427177308453615e-01,1.620363314682854439e-01,2.255967391301539893e-01,7.686792873107023416e-02,-3.581030018755817501e-01,1.616472290347874541e-01,1.401266564799442671e-01,1.585611233090724603e-01,6.502385271362445263e-01,3.707265733231086546e-01,4.116250129338082098e-01,5.918701108445789671e-01,1.675335806694374097e-01,1.363669377031296592e-01,2.976615401091946556e-01,4.398477891346279089e-01,6.143469646524336580e-01,2.084131627578021118e-01,1.000000000000000000e+00,3.824861191906374080e-01,2.016441366926983170e-01,3.756407428578609209e-01,1.606645942968710217e-01,3.094172994067060922e-01,1.485720586180777625e-01,1.672330940124781562e-01,1.321026843233532866e-01,2.222900492909462844e-01,1.939187698291199857e-01,3.000470572832145133e-01,5.469463209199545428e-01,2.998877867307210288e-01,5.346871322575869750e-02,2.098910216865640943e-01,9.141967521820214271e-02,3.670304710340868137e-01
7.465059428029185984e-01,7.837903001177424223e-01,7.694280781120766965e-01,-4.749189111162175347e-01,7.380773899394356130e-01,7.497294579752352695e-01,-1.990261531417656868e-02,-7.329681811998672858e-01,7.117267253999767229e-01,7.230317653893341134e-01,7.116389301364018927e-01,1.858286609495646280e-01,-3.085341175956010651e-01,7.457914893005718193e-01,-4.206390298555312546e-02,6.401587283684414542e-01,7.213452966294885416e-01,5.903691260719571288e-01,5.293098470513745157e-01,3.295219349543414000e-01,2.910057730652631514e-01,3.824861191906374080e-01,1.000000000000000000e+00,5.625063287108037491e-01,7.759695270834421343e-01,6.567244709294616234e-01,6.389783470998339210e-01,6.900084127174069826e-01,7.694118892186061487e-01,7.134413792695020184e-01,7.118918022172809890e-01,7.675675729857680540e-01,6.427018708988476714e-01,6.722225474989117489e-01,7.598608922666841847e-01,6.231694203714284175e-01,7.713802123978886760e-01,6.010879379735857286e-01,5.843551779443548755e-01
3.615959070734768299e-01,5.039963147469572746e-01,5.013593996058759439e-01,-3.374659528932226760e-01,4.016552858889820832e-01,5.801117296628200970e-01,2.477028654819352430e-02,-5.103164921864842274e-01,4.162985676926683754e-01,4.623890687614176098e-01,3.650359961079619464e-01,8.659160169463679668e-02,-1.447622073316296720e-01,6.094811634006057632e-01,-1.191559023230045478e-01,4.333296862080209810e-01,4.022744530210626279e-01,3.824472742213743670e-01,3.547762556890178831e-01,1.334179187301219316e-01,3.285208246683371525e-01,2.016441366926983170e-01,5.625063287108037491e-01,1.000000000000000000e+00,6.195239092995529218e-01,3.109263070229226766e-01,2.832253361654284984e-01,3.517531697618090925e-01,5.351618508181155143e-01,4.581381741902301186e-01,3.941393817471154359e-01,4.943175074848819572e-01,4.808695949344842235e-01,3.538490114411369514e-01,5.970806953773915016e-01,3.312562840136680786e-01,6.290107571464195191e-01,2.710849060936891264e-01,2.614100799339036385e-01
4.702082181133996897e-01,6.365304119755319512e-01,6.545542208666812467e-01,-4.171205395371642144e-01,6.010351899103063555e-01,7.314584569388534740e-01,-2.539238091739910025e-02,-6.212203576352685053e-01,5.510493225614208068e-01,5.257457590357910160e-01,5.166767619448763282e-01,2.638265930745761767e-01,-1.107124226146528473e-01,6.253595541087613174e-01,5.603090109556936593e-02,4.477058960860555437e-01,4.872085688276674431e-01,4.412863248179759723e-01,4.783128756370195189e-01,3.799531516045314694e-01,2.924832691451953459e-01,3.756407428578609209e-01,7.759695270834421343e-01,6.195239092995529218e-01,1.000000000000000000e+00,4.349028176006872193e-01,5.102818024475767045e-01,4.881188982811386357e-01,6.184438994622684094e-01,5.586206575833796428e-01,5.785269659911799200e-01,5.667158659032387469e-01,6.017080178404760060e-01,5.796383552721436905e-01,6.153874279197477648e-01,5.069250218782926920e-01,6.241284709529779651e-01,3.637353144250971004e-01,4.217338500834119097e-01
8.033803653524795862e-01,7.586985249262820918e-01,6.087026842499602131e-01,-5.863273264300811194e-01,8.005750941419963462e-01,5.303440793883936744e-01,-7.838356829716412733e-02,-5.836608349115369743e-01,7.144085508392258310e-01,8.300665486321827657e-01,6.037708097447300748e-01,5.441495851123098054e-02,-5.609798098667735378e-01,5.242768971551248214e-01,-2.227414276421377792e-01,7.900876629918222038e-01,6.151729062689064165e-01,6.148000517353321426e-01,4.148801415734749698e-01,1.697865909872717238e-01,-2.334024020471045166e-02,1.606645942968710217e-01,6.567244709294616234e-01,3.109263070229226766e-01,4.349028176006872193e-01,1.000000000000000000e+00,8.205281061205692561e-01,8.465970169019865210e-01,8.201632894008068497e-01,7.686892368693878375e-01,7.881331594530375240e-01,8.500958124890078960e-01,4.016217507663837893e-01,5.655078371371631274e-01,6.811377301026474429e-01,7.819358697578949746e-01,7.678985749443024700e-01,6.969873431590751789e-01,3.668222702275636959e-01
6.407240734901928914e-01,7.567844742581745221e-01,5.430848195205013607e-01,-4.176521880041926815e-01,7.261209196668847454e-01,5.174317503878920199e-01,-1.961170807583941245e-01,-4.924726168979243202e-01,6.509472312438290276e-01,7.833050241821861714e-01,5.881963145217647959e-01,2.582679596327017157e-01,-4.433398791418485252e-01,4.651303082755269824e-01,-6.170133149938185346e-02,7.601551558967900579e-01,5.229575234512267023e-01,6.190944585854830651e-01,4.848510288775060850e-01,3.308767884247414415e-01,-1.524097825286844787e-01,3.094172994067060922e-01,6.389783470998339210e-01,2.832253361654284984e-01,5.102818024475767045e-01,8.205281061205692561e-01,1.000000000000000000e+00,6.858150463017983478e-01,7.632871947258494938e-01,6.783842651807351354e-01,7.860465457152661095e-01,7.920334961384912775e-01,3.207645921993646509e-01,5.663219831541251859e-01,6.470444874148799652e-01,7.937844197694092774e-01,7.344987696091518359e-01,5.662214346475260562e-01,4.173092757710167855e-01
7.984034082550967026e-01,7.230762373107130214e-01,7.425407829042827146e-01,-6.872720768775563149e-01,8.629193771877300412e-01,6.276784088485947155e-01,6.857001891434570673e-02,-7.173184470329270201e-01,7.811950462420060859e-01,7.681322070525427037e-01,6.460715307795152906e-01,-9.118573043422990854e-02,-5.666844602644640627e-01,6.536787931794022510e-01,-3.000843480734708968e-01,6.779146448997931396e-01,6.544708160447376688e-01,6.050848911075850101e-01,4.573362180295175161e-01,1.821542557133242202e-01,2.262989499257861969e-01,1.485720586180777625e-01,6.900084127174069826e-01,3.517531697618090925e-01,4.881188982811386357e-01,8.465970169019865210e-01,6.858150463017983478e-01,1.000000000000000000e+00,7.713072479248443969e-01,8.060774842969563592e-01,8.299289416317251478e-01,7.930201279628635858e-01,6.338083319262842741e-01,6.159953647994087511e-01,6.707469324377366426e-01,6.862971657637859657e-01,7.264233158970268001e-01,6.751117797370351781e-01,4.284571528441525334e-01
7.809303210895064407e-01,8.590520040904481291e-01,6.432149817283170368e-01,-5.606969238156659374e-01,7.962082612154778305e-01,7.000939136880603986e-01,-9.086551459754541038e-02,-6.129877019707020702e-01,7.085521686473715830e-01,8.639555820850253198e-01,6.464296594752898528e-01,1.019432543099273170e-01,-5.129505255056827639e-01,5.963654645769694840e-01,-1.924807109288211027e-01,8.122638633245059525e-01,6.282547926102586278e-01,5.682147897846948625e-01,4.899575264618854509e-01,2.249629299709391406e-01,8.406066250494658235e-03,1.672330940124781562e-01,7.694118892186061487e-01,5.351618508181155143e-01,6.184438994622684094e-01,8.201632894008068497e-01,7.632871947258494938e-01,7.713072479248443969e-01,1.000000000000000000e+00,7.895026102882526375e-01,7.641108284860826938e-01,9.191944257893509551e-01,4.627111553021547308e-01,5.563413109103558796e-01,7.876319541331188168e-01,8.139377298016828854e-01,8.929977792257971503e-01,5.699838707370374902e-01,3.714230211657076897e-01
7.334614032470615497e-01,7.382641553547334423e-01,7.198155855015427873e-01,-5.910813642360956965e-01,8.565394204785967691e-01,5.828732486996597295e-01,-5.929439343113728639e-02,-6.927679749458598435e-01,8.728443352560719681e-01,7.982558934418226837e-01,6.341845302397813855e-01,-2.926167776615746022e-02,-5.306667412341331547e-01,6.942687742582221988e-01,-2.958476695076115437e-01,7.054630975629665457e-01,6.345050918399032236e-01,6.676711842659657226e-01,5.375226634648141433e-01,1.626367979584694701e-01,1.854689836222858934e-01,1.321026843233532866e-01,7.134413792695020184e-01,4.581381741902301186e-01,5.586206575833796428e-01,7.686892368693878375e-01,6.783842651807351354e-01,8.060774842969563592e-01,7.895026102882526375e-01,1.000000000000000000e+00,7.668457329023189439e-01,8.086872745587464495e-01,6.006731241941070110e-01,5.189808704112666149e-01,6.551765221077425760e-01,7.335820702850541775e-01,7.355050423047294617e-01,6.936151878919531999e-01,4.349109758255130798e-01
6.831503434545231901e-01,8.164963574715677908e-01,7.206329423698788483e-01,-6.490353282717034045e-01,8.530114947837199590e-01,6.634431337803331497e-01,-1.383902779035970088e-01,-6.899989420530446838e-01,7.818817118478930128e-01,7.879165391741805857e-01,6.919511990122584333e-01,-4.993189373373108780e-02,-6.151109700629073807e-01,5.968100362114919788e-01,-3.308050040574445627e-01,6.940052654266929411e-01,6.708704806213879879e-01,6.395302833957886568e-01,5.144997423462395192e-01,1.726704592302655272e-01,1.309944099359659497e-01,2.222900492909462844e-01,7.118918022172809890e-01,3.941393817471154359e-01,5.785269659911799200e-01,7.881331594530375240e-01,7.860465457152661095e-01,8.299289416317251478e-01,7.641108284860826938e-01,7.668457329023189439e-01,1.000000000000000000e+00,7.857763353602769119e-01,5.995912569155902316e-01,5.657952489594727519e-01,6.833686531059069980e-01,7.279202737842372928e-01,7.559061845127110768e-01,5.958272142919081027e-01,4.718116631532790484e-01
8.082325516720973990e-01,8.603041455845662488e-01,6.581029855662180461e-01,-5.521665959262391787e-01,8.000056788462143187e-01,6.649318285211016644e-01,-9.565057062207737992e-02,-6.236480800064515551e-01,7.292649097832626381e-01,8.941525300049555369e-01,6.727428302494518064e-01,7.533580112057179645e-02,-5.394176751534988101e-01,6.210182192260296219e-01,-2.167914692448359715e-01,8.460188836601534312e-01,6.532952970393192116e-01,6.025985766279247091e-01,4.876153727720516917e-01,2.211619699877129808e-01,1.092132253713590240e-02,1.939187698291199857e-01,7.675675729857680540e-01,4.943175074848819572e-01,5.667158659032387469e-01,8.500958124890078960e-01,7.920334961384912775e-01,7.930201279628635858e-01,9.191944257893509551e-01,8.086872745587464495e-01,7.857763353602769119e-01,1.000000000000000000e+00,4.688255336117743699e-01,5.871187411933558309e-01,7.931621725396617029e-01,8.284251022663386976e-01,8.908790148624181615e-01,6.124624421769739868e-01,4.279943930181724920e-01
5.172008008048638583e-01,4.775741370228417382e-01,8.280898742319190431e-01,-4.755697242651446000e-01,6.641005318591683970e-01,6.334199781533383922e-01,6.841645447639015110e-02,-8.091009211241962928e-01,6.735616704465419158e-01,4.294130573444438492e-01,5.313745290164945123e-01,-7.021077995729040067e-02,-2.191261597614127254e-01,7.981369497422423631e-01,-1.906131427083848084e-01,2.516137154499726303e-01,6.202913963712647361e-01,4.860676996043507558e-01,4.515429774434033816e-01,1.996562221970129003e-01,6.944511402151865020e-01,3.000470572832145133e-01,6.427018708988476714e-01,4.808695949344842235e-01,6.017080178404760060e-01,4.016217507663837893e-01,3.207645921993646509e-01,6.338083319262842741e-01,4.627111553021547308e-01,6.006731241941070110e-01,5.995912569155902316e-01,4.688255336117743699e-01,1.000000000000000000e+00,5.291865414053388283e-01,4.787395840669822489e-01,2.500652390816890946e-01,4.498022453942827070e-01,5.335840468388537428e-01,5.412839464615510909e-01
5.969823808192417092e-01,6.129593191072325586e-01,6.785297045228566581e-01,-3.733218088627609510e-01,6.205103146560246863e-01,5.582296531133931206e-01,1.180702645441371601e-01,-6.182928779139786890e-01,5.668275638078177359e-01,5.425089175972330757e-01,4.928215185906759666e-01,3.836271650587284032e-01,-7.894796091011235806e-02,6.054035637321879548e-01,2.181860621150559509e-01,5.168655126259574795e-01,4.689357123548139050e-01,4.315769173769535838e-01,3.193947780176221163e-01,4.505169446611304584e-01,2.285252419104248922e-01,5.469463209199545428e-01,6.722225474989117489e-01,3.538490114411369514e-01,5.796383552721436905e-01,5.655078371371631274e-01,5.663219831541251859e-01,6.159953647994087511e-01,5.563413109103558796e-01,5.189808704112666149e-01,5.657952489594727519e-01,5.871187411933558309e-01,5.291865414053388283e-01,1.000000000000000000e+00,5.364040438516739506e-01,4.568431136995282915e-01,5.293117699796258124e-01,4.463190146250993751e-01,4.784499384633607022e-01
7.426803347689910906e-01,7.796015396760106464e-01,6.047160127915582883e-01,-4.651778600943740627e-01,6.442794109586036377e-01,6.302333828705161123e-01,8.119533776431255012e-02,-5.690317675752465387e-01,5.585666516988379016e-01,7.213786227909602111e-01,5.897636820331602081e-01,1.394751116116588752e-01,-3.454469002498462560e-01,6.257792537080891782e-01,-7.419715583216729415e-02,7.196197690237478017e-01,5.706141453415416454e-01,4.913022624806665517e-01,4.687753796348501090e-01,3.318873888763449465e-01,7.724528047856396573e-02,2.998877867307210288e-01,7.598608922666841847e-01,5.970806953773915016e-01,6.153874279197477648e-01,6.811377301026474429e-01,6.470444874148799652e-01,6.707469324377366426e-01,7.876319541331188168e-01,6.551765221077425760e-01,6.833686531059069980e-01,7.931621725396617029e-01,4.787395840669822489e-01,5.364040438516739506e-01,1.000000000000000000e+00,6.474105243462624504e-01,8.684839094241122437e-01,4.465778940256906471e-01,4.394360663759475094e-01
6.235441277511160063e-01,7.552201359199089969e-01,4.436526985363355435e-01,-5.005241908634107117e-01,7.081123734091291366e-01,5.448008738652099225e-01,-1.212492381109357420e-01,-4.111060903218823337e-01,6.258551567682779648e-01,8.376558434438320377e-01,5.368304050913440539e-01,5.506744436113465008e-02,-5.384151584073529895e-01,3.825551207753059013e-01,-2.456172583633898232e-01,8.551506301108263708e-01,4.426134563490284335e-01,5.159993814683488944e-01,4.325505082275312718e-01,1.725298186198364336e-01,-2.104744209286278922e-01,5.346871322575869750e-02,6.231694203714284175e-01,3.312562840136680786e-01,5.069250218782926920e-01,7.819358697578949746e-01,7.937844197694092774e-01,6.862971657637859657e-01,8.139377298016828854e-01,7.335820702850541775e-01,7.279202737842372928e-01,8.284251022663386976e-01,2.500652390816890946e-01,4.568431136995282915e-01,6.474105243462624504e-01,1.000000000000000000e+00,7.932812567991635033e-01,4.877028114656520863e-01,2.397507140114118751e-01
7.359621130768677633e-01,8.536456854091212243e-01,6.131612898676619405e-01,-5.367514766798016090e-01,7.219376967473385420e-01,7.004844553499686155e-01,-4.931358474043805173e-02,-5.898555350502980854e-01,6.372824891234704081e-01,8.440947400573121095e-01,6.344125240656555142e-01,6.212657560415675573e-02,-4.887731373593270368e-01,6.138050758991628886e-01,-2.202325015125558560e-01,8.228617369932342829e-01,5.967899904612193884e-01,5.514381145867165435e-01,4.973318754470720249e-01,2.238008608207049388e-01,2.330935670545601635e-02,2.098910216865640943e-01,7.713802123978886760e-01,6.290107571464195191e-01,6.241284709529779651e-01,7.678985749443024700e-01,7.344987696091518359e-01,7.264233158970268001e-01,8.929977792257971503e-01,7.355050423047294617e-01,7.559061845127110768e-01,8.908790148624181615e-01,4.498022453942827070e-01,5.293117699796258124e-01,8.684839094241122437e-01,7.932812567991635033e-01,1.000000000000000000e+00,5.043098055560567561e-01,3.738713306958467708e-01
6.702803514342551283e-01,5.376377277062629467e-01,6.486063370197707734e-01,-4.517304574551457286e-01,6.856600942030676160e-01,4.979568021081234863e-01,-8.808804265386593890e-02,-6.385175802720761684e-01,7.424170544482415757e-01,6.044018774875238309e-01,6.356362607004318876e-01,-6.544198708754137180e-03,-4.274527960707183993e-01,6.419352107100039229e-01,-2.627914720786809211e-01,4.572788980930068692e-01,7.118563993701904069e-01,6.099925018271264987e-01,3.452248295510398357e-01,1.222308943511656448e-01,2.737905909488929646e-01,9.141967521820214271e-02,6.010879379735857286e-01,2.710849060936891264e-01,3.637353144250971004e-01,6.969873431590751789e-01,5.662214346475260562e-01,6.751117797370351781e-01,5.699838707370374902e-01,6.936151878919531999e-01,5.958272142919081027e-01,6.124624421769739868e-01,5.335840468388537428e-01,4.463190146250993751e-01,4.465778940256906471e-01,4.877028114656520863e-01,5.043098055560567561e-01,1.000000000000000000e+00,6.104581465648236671e-01
5.464427131279409044e-01,5.101521517167079134e-01,6.258078790080534581e-01,-2.161601195260793862e-01,5.135753816016707107e-01,5.154709855978710786e-01,1.327672762485947872e-02,-5.829996484561527081e-01,5.530838813848550917e-01,4.311956079820035703e-01,6.757173506251552553e-01,1.628236886512453852e-01,-1.310488386338702904e-01,6.426796494563311590e-01,2.208251881109213333e-02,2.640706951946166781e-01,6.174329470578613366e-01,4.656798278750348685e-01,2.961032087751944708e-01,3.150427692470573193e-01,3.023388111683618651e-01,3.670304710340868137e-01,5.843551779443548755e-01,2.614100799339036385e-01,4.217338500834119097e-01,3.668222702275636959e-01,4.173092757710167855e-01,4.284571528441525334e-01,3.714230211657076897e-01,4.349109758255130798e-01,4.718116631532790484e-01,4.279943930181724920e-01,5.412839464615510909e-01,4.784499384633607022e-01,4.394360663759475094e-01,2.397507140114118751e-01,3.738713306958467708e-01,6.104581465648236671e-01,1.000000000000000000e+00
