1.000000000000000000e+00,7.118749043425555145e-01,6.375483035507703011e-01,2.377865553238451557e-01,7.361820629120162662e-01,6.489060592826728646e-02,2.355123400945955681e-01,-6.646703785987986279e-01,7.544447962394715823e-01,5.637542145988720943e-01,2.351721115642555482e-01,4.145114297937100289e-01,7.554477025006049729e-02,7.290564590552223168e-01,4.081832376453805589e-01,6.072133166895503642e-01,4.520981827907419870e-01,5.756397883258341786e-01,5.935257255885185712e-01,3.006629807013314060e-01,1.344865868611682114e-01,1.775097678543177127e-01,6.951866134377974182e-01,6.162047464891193815e-01,6.224946445791220695e-01,7.900905038876236963e-01,6.046860149104095195e-01,7.528975263166494125e-01,7.901169979065232329e-01,6.971942931575124680e-01,4.220499434060879240e-01,3.973221195842573383e-01,4.062224743908460778e-01,6.000766788847089472e-01,6.491889839292249720e-01,2.867456642099407427e-01,7.002769924442253657e-01,6.053453616870065890e-01,3.936700944097018540e-01
7.118749043425555145e-01,1.000000000000000000e+00,4.661677217218199165e-01,1.969233208598535345e-01,5.732583992132331829e-01,-1.150207719505923765e-01,2.522894858206707336e-01,-5.116099167330495634e-01,6.766889087840146644e-01,4.507184608899085787e-01,1.187196932039518288e-01,4.043498856128797669e-01,2.044938622548168189e-02,5.306587562415098214e-01,1.952816851747175841e-01,4.486552180701365855e-01,2.413838296022310093e-01,4.129023076864096198e-01,4.410239092058326760e-01,1.711975579797457223e-02,-9.568141363042645398e-02,3.560693741102058385e-02,5.042532508668484681e-01,4.876199526973687415e-01,3.967568217839009259e-01,5.754881991870781643e-01,4.739605574553490408e-01,4.748093079413222561e-01,6.989561794865877253e-01,5.717155722780303817e-01,3.284658798320259643e-01,4.808241396585763994e-01,1.349301725854908096e-01,4.244061009488395153e-01,5.581097326848505347e-01,4.705027749216710298e-01,6.578012111789638405e-01,3.069211973775763935e-01,3.571215972523932303e-01
6.375483035507703011e-01,4.661677217218199165e-01,1.000000000000000000e+00,2.956471694157508656e-01,8.092320030997501856e-01,2.397854993807842505e-01,2.519216417401394792e-01,-9.147819639795450319e-01,7.260927597187349924e-01,5.309256244642773792e-01,5.313490309303675607e-01,4.959788723742210581e-01,-1.487448931988870626e-01,7.057126316864749116e-01,2.220054675277309542e-01,4.364604084112922444e-01,4.915498215981128349e-01,5.997209353729526793e-01,5.747410563972196185e-01,1.725855652827137654e-01,4.673014825551653484e-01,3.905867151941430637e-01,6.594761138324060079e-01,5.361722460507322152e-01,6.124553228742500854e-01,6.883695071202466931e-01,6.726825986728834916e-01,7.335395566198790185e-01,6.438087447883804604e-01,6.241274875181012094e-01,5.828057829077925023e-01,4.695200109490724194e-01,7.202692123328930940e-01,7.539016042135968654e-01,5.083427727474515434e-01,1.704749041871542470e-01,5.834530674328405331e-01,4.900615640684133911e-01,5.121191993208615845e-01
2.377865553238451557e-01,1.969233208598535345e-01,2.956471694157508656e-01,1.000000000000000000e+00,2.930822378680432716e-01,1.841576113213374277e-01,3.909320034279843981e-01,-2.371235211802796561e-01,2.316133807846254278e-01,2.368589458398441816e-01,2.882316894724989420e-01,9.990337268549186189e-02,-2.430854521696854398e-01,2.005533443538183025e-01,-9.669465597091278508e-02,2.857329877419768627e-01,2.453609909643187925e-01,3.282147425509165384e-01,2.618841492125906223e-01,1.723074529828467760e-01,1.883433777027856970e-01,3.437184299180338076e-01,2.409189173112388782e-01,1.286358227104949792e-01,1.966853955420792832e-01,2.288947461369752745e-01,2.385141130263061238e-01,2.959564650315212875e-01,1.602964239320186779e-01,2.885172531387825701e-01,2.739472296854361111e-01,2.746503432425719260e-01,2.278348138578830118e-01,1.780950754111974843e-01,1.316739622352329497e-01,2.450280753723377281e-01,1.492644600980261860e-01,8.011348274978855044e-02,1.873970927369937589e-01
7.361820629120162662e-01,5.732583992132331829e-01,8.092320030997501856e-01,2.930822378680432716e-01,1.000000000000000000e+00,2.940212923611538187e-01,1.876969462786740872e-01,-8.160132496591587792e-01,7.290613815113413665e-01,5.978842610081563924e-01,5.132068139991625699e-01,3.812636967482003203e-01,-1.333151291048049747e-01,7.085749943689748642e-01,1.866297446103407087e-01,5.319654645312196228e-01,5.007383079231141343e-01,6.453327984759352764e-01,6.033531276331219884e-01,6.203187534852645096e-02,2.115561637230440606e-01,2.011871096796287450e-01,6.368219911794851251e-01,5.857821821886892710e-01,5.326181063344143096e-01,7.351017288020729179e-01,7.309823059102669163e-01,7.130703545527036225e-01,7.039955807710823743e-01,6.468125189788863638e-01,5.485742063369117849e-01,5.993800047487350957e-01,5.750177955110225003e-01,6.928818667480056703e-01,5.547839667423630772e-01,2.354264337168820165e-01,6.290125925786058669e-01,4.490310431854463991e-01,3.999520442312491375e-01
6.489060592826728646e-02,-1.150207719505923765e-01,2.397854993807842505e-01,1.841576113213374277e-01,2.940212923611538187e-01,1.000000000000000000e+00,-1.084265908709608310e-02,-1.923774994203930055e-01,-2.682616802598012523e-02,3.404860722603684220e-01,5.770747791932737680e-01,-1.549398346326988363e-01,-4.435663164063805564e-01,1.346772489454146349e-01,-3.189616503520809054e-01,3.004053826043386888e-01,4.773818087770888563e-01,2.717278840250604288e-01,1.651336462587423837e-01,-3.335304605106230447e-02,3.404491360470378036e-01,2.925736647083172493e-01,2.842318904533771007e-01,1.062511510322766001e-02,3.058417734803600130e-01,1.367140134516919570e-01,2.997125559165209063e-01,1.802147066890029126e-01,2.237557439552565614e-02,2.121325485699153413e-01,3.790176383817738248e-01,2.930911960392942328e-01,4.461273195218238841e-01,3.183438986992404018e-02,2.780231281927515452e-01,5.403859182809539474e-02,1.931066403062116077e-01,9.859141708360606715e-02,1.015038567558614602e-01
2.355123400945955681e-01,2.522894858206707336e-01,2.519216417401394792e-01,3.909320034279843981e-01,1.876969462786740872e-01,-1.084265908709608310e-02,1.000000000000000000e+00,-1.951569333211211899e-01,1.869954423249334807e-01,2.008909241608028418e-01,1.239143439052217271e-01,1.794499530857807390e-01,-2.147120997157320743e-01,2.127926198673397162e-01,8.014754274118916777e-02,3.889276227343623216e-01,5.431899196852787992e-02,3.973394409098217062e-01,4.031828945313554180e-01,2.735579083471368356e-01,1.449666415031974076e-01,3.994773234216461577e-01,2.986645219833134468e-01,4.195989598018759481e-02,3.237142736705411195e-01,1.703233283758284478e-01,1.849501699882623307e-01,3.460428617925043748e-01,2.052502933026459919e-01,2.015929023354953997e-01,4.233888565581425678e-01,-7.247951266615261512e-02,9.984782732637367819e-02,8.057369896318763991e-02,1.188042967747104384e-01,3.174327945879346080e-01,2.128914080532812447e-01,2.092023201199961768e-01,2.635223471399102957e-01
-6.646703785987986279e-01,-5.116099167330495634e-01,-9.147819639795450319e-01,-2.371235211802796561e-01,-8.160132496591587792e-01,-1.923774994203930055e-01,-1.951569333211211899e-01,1.000000000000000000e+00,-7.262123534153789306e-01,-5.271383186880245209e-01,-4.980476325545042937e-01,-4.608153488431451228e-01,1.094299473903620756e-01,-7.293288235905913686e-01,-2.222326835359527963e-01,-4.013256614773043629e-01,-4.979473195457382317e-01,-5.556614530900511051e-01,-5.576144525124268059e-01,-1.094639484607087543e-01,-3.954133475210678261e-01,-3.012877405273766129e-01,-6.338532562374414869e-01,-5.839801575418377411e-01,-5.987102570054599893e-01,-6.861496170081692325e-01,-6.489610120215187905e-01,-6.989046675632573091e-01,-6.798239771683427524e-01,-6.382589614227733854e-01,-5.494058252989487690e-01,-4.783226189257646088e-01,-6.867366452739639415e-01,-7.374699470277461533e-01,-5.378551318066568943e-01,-1.742257676501296759e-01,-6.010435248850745094e-01,-4.782188942871766768e-01,-4.812799361898682515e-01
7.544447962394715823e-01,6.766889087840146644e-01,7.260927597187349924e-01,2.316133807846254278e-01,7.290613815113413665e-01,-2.682616802598012523e-02,1.869954423249334807e-01,-7.262123534153789306e-01,1.000000000000000000e+00,5.124204312624146551e-01,3.538970495982983744e-01,6.295247898719745772e-01,1.019596805522438587e-01,7.371300149549089298e-01,4.044750342617979832e-01,3.983937855120605609e-01,3.094711028695912858e-01,6.139754388354258241e-01,6.384587153770061585e-01,1.556662173869028387e-01,1.837320042182900015e-01,1.479429421074559547e-01,6.129567476227654188e-01,6.972293647609898448e-01,4.862811596986094664e-01,7.559530463018820923e-01,6.576591737948366267e-01,7.200014269763909125e-01,7.598702518507542969e-01,6.994073981397487261e-01,4.018463278840119224e-01,4.415493480440405016e-01,4.726595448220550222e-01,8.018392009348465077e-01,5.262421859248794798e-01,8.997492747171499661e-02,6.449310298091197602e-01,6.040553521209920396e-01,5.616915010929042218e-01
5.637542145988720943e-01,4.507184608899085787e-01,5.309256244642773792e-01,2.368589458398441816e-01,5.978842610081563924e-01,3.404860722603684220e-01,2.008909241608028418e-01,-5.271383186880245209e-01,5.124204312624146551e-01,1.000000000000000000e+00,4.524378241466498474e-01,6.411990289451874325e-02,-4.486656137565298574e-01,5.333499583206970929e-01,-1.840503514670875362e-01,6.231107553583613567e-01,3.921824095933767462e-01,5.616499655486629772e-01,6.301087547778476683e-01,5.170877707835112164e-02,3.661454968624615613e-01,4.125446604015166052e-01,5.878232232128851598e-01,4.962916428232473920e-01,6.961831277982680755e-01,4.078227896905620153e-01,4.670027158664588063e-01,5.169517689199303323e-01,3.979059310528113569e-01,7.261846486909673271e-01,7.190818862615562246e-01,5.097866454741105668e-01,5.745904484642943011e-01,3.681301184830407802e-01,3.821920784415107630e-01,1.691109037694405459e-01,4.536512914278754693e-01,5.345833568319489082e-01,6.599825865019999238e-01
2.351721115642555482e-01,1.187196932039518288e-01,5.313490309303675607e-01,2.882316894724989420e-01,5.132068139991625699e-01,5.770747791932737680e-01,1.239143439052217271e-01,-4.980476325545042937e-01,3.538970495982983744e-01,4.524378241466498474e-01,1.000000000000000000e+00,1.725076702138147455e-01,-3.007568668630831166e-01,3.858712078787063793e-01,-1.661536712187763054e-01,3.604521402697281052e-01,6.236705592923035280e-01,4.787175904331141818e-01,4.025671328168040075e-01,-5.820265859554274446e-02,3.323076626320761173e-01,2.990542377891833303e-01,4.103285794593179436e-01,2.806205644796452847e-01,3.632715111795720708e-01,3.660498824034552623e-01,6.010836486240616061e-01,3.912651370002027673e-01,3.007707973968729021e-01,4.786457037019831717e-01,5.096694035716928806e-01,4.364608172700003008e-01,5.902325018296172843e-01,4.133386578214077178e-01,2.520960848862043857e-01,-4.738565689378573115e-02,3.234293583189180032e-01,3.342392837151184626e-01,3.819759877734381082e-01
4.145114297937100289e-01,4.043498856128797669e-01,4.959788723742210581e-01,9.990337268549186189e-02,3.812636967482003203e-01,-1.549398346326988363e-01,1.794499530857807390e-01,-4.608153488431451228e-01,6.295247898719745772e-01,6.411990289451874325e-02,1.725076702138147455e-01,1.000000000000000000e+00,2.886027213509161360e-01,4.933553756107162958e-01,6.550951084560722171e-01,2.086545188095757786e-01,5.313443033606383287e-02,4.706125274196281127e-01,4.374853948670910930e-01,2.898473758240337483e-01,6.886169297862758387e-02,1.485904421395997377e-01,3.898297065124066707e-01,3.832392797377294213e-01,2.738544001263567007e-01,6.073740155299824917e-01,5.523427993607321618e-01,5.333590261108056563e-01,5.046581505246265920e-01,2.898208256809688410e-01,1.733172604710895570e-01,-4.320074979621254391e-02,2.169570361668064773e-01,6.212502832277477793e-01,3.340316914555974681e-01,-3.455995641210358321e-02,4.045118514828870415e-01,4.457288663851284305e-01,4.440843276163891074e-01
7.554477025006049729e-02,2.044938622548168189e-02,-1.487448931988870626e-01,-2.430854521696854398e-01,-1.333151291048049747e-01,-4.435663164063805564e-01,-2.147120997157320743e-01,1.094299473903620756e-01,1.019596805522438587e-01,-4.486656137565298574e-01,-3.007568668630831166e-01,2.886027213509161360e-01,1.000000000000000000e+00,7.630542667409045965e-02,6.387239379476905565e-01,-2.387051429241224820e-01,-7.288407418414180605e-02,-1.278515831563209748e-01,-1.440459840175168649e-01,2.626947394879849962e-01,-3.394153508087622284e-01,-4.241538867331612894e-01,-1.086405401426349115e-01,1.192855086933259368e-01,-2.444067913315295382e-01,1.761164152523962689e-01,-2.198139953271927016e-02,-5.458991574135801245e-03,2.042009068179757858e-01,-1.495470128740941373e-01,-5.991054256268326661e-01,-2.857076810591511751e-01,-3.235140380383860759e-01,1.365226587454051732e-01,6.781581162999802091e-03,-2.639284107705747728e-01,3.057110791441985942e-02,1.025597448978613491e-01,-3.029037489000770411e-01
7.290564590552223168e-01,5.306587562415098214e-01,7.057126316864749116e-01,2.005533443538183025e-01,7.085749943689748642e-01,1.346772489454146349e-01,2.127926198673397162e-01,-7.293288235905913686e-01,7.371300149549089298e-01,5.333499583206970929e-01,3.858712078787063793e-01,4.933553756107162958e-01,7.630542667409045965e-02,1.000000000000000000e+00,4.035637800664177988e-01,4.259363427733421914e-01,4.119086904432880947e-01,5.927483267197749539e-01,6.450356243578007076e-01,2.320391935017382667e-01,3.374158507685518504e-01,2.895678873831887823e-01,6.481278213613174133e-01,7.607378260275767801e-01,6.348744702147602892e-01,6.716656115673352856e-01,5.681546919051794209e-01,6.838500737499891846e-01,7.006200781721274584e-01,6.915496604459449026e-01,4.753347095388472110e-01,2.996502175467786744e-01,6.178111918772943856e-01,6.747868249699855436e-01,5.559426980253658890e-01,1.893697098460009332e-01,5.871715726635721166e-01,5.828808805556170425e-01,5.294580003920111855e-01
4.081832376453805589e-01,1.952816851747175841e-01,2.220054675277309542e-01,-9.669465597091278508e-02,1.866297446103407087e-01,-3.189616503520809054e-01,8.014754274118916777e-02,-2.222326835359527963e-01,4.044750342617979832e-01,-1.840503514670875362e-01,-1.661536712187763054e-01,6.550951084560722171e-01,6.387239379476905565e-01,4.035637800664177988e-01,1.000000000000000000e+00,1.407735039336784622e-01,7.538718070774677593e-03,2.735879718280069817e-01,2.644338684900138237e-01,4.934506573219937797e-01,-1.295592824934210796e-01,-1.276410819168586341e-01,2.640847297679552730e-01,3.023608516373978428e-01,1.542984775615894311e-01,5.545924265487938154e-01,3.321167054463860513e-01,4.632878507817274616e-01,4.575136025078554436e-01,7.840733778505477869e-02,-1.473616057643054311e-01,-3.098344429908043707e-01,-4.704095284843878150e-02,4.179784120010776038e-01,2.972121483416556575e-01,-9.236720556135799565e-02,3.096610978758211896e-01,4.024588740855589153e-01,1.841720202945978241e-02
6.072133166895503642e-01,4.486552180701365855e-01,4.364604084112922444e-01,2.857329877419768627e-01,5.319654645312196228e-01,3.004053826043386888e-01,3.889276227343623216e-01,-4.013256614773043629e-01,3.983937855120605609e-01,6.231107553583613567e-01,3.604521402697281052e-01,2.086545188095757786e-01,-2.387051429241224820e-01,4.259363427733421914e-01,1.407735039336784622e-01,1.000000000000000000e+00,4.640837821620110160e-01,7.233573744222530078e-01,6.546273582562649462e-01,3.057191244740783964e-01,1.381347318094447718e-01,3.144277730220002010e-01,7.165872589118621461e-01,2.993306944394486524e-01,6.166917118842177858e-01,5.368172245623132888e-01,5.504474050924320627e-01,6.467602332671783527e-01,4.629402901646620938e-01,5.496469086647390867e-01,6.249438275562815281e-01,2.299623588614576886e-01,3.264497898333141301e-01,2.428035189823613826e-01,4.272987588491435340e-01,3.295056608443289736e-01,5.222589502119949767e-01,5.759779031945786443e-01,3.696169378587602083e-01
4.520981827907419870e-01,2.413838296022310093e-01,4.915498215981128349e-01,2.453609909643187925e-01,5.007383079231141343e-01,4.773818087770888563e-01,5.431899196852787992e-02,-4.979473195457382317e-01,3.094711028695912858e-01,3.921824095933767462e-01,6.236705592923035280e-01,5.313443033606383287e-02,-7.288407418414180605e-02,4.119086904432880947e-01,7.538718070774677593e-03,4.640837821620110160e-01,1.000000000000000000e+00,4.007920313447492777e-01,3.245121353114990836e-01,1.188871167581359023e-01,2.097576601411200170e-01,1.311553855171252725e-01,5.842145533919018696e-01,2.860694556917368625e-01,5.289436332173369504e-01,4.996850832898652173e-01,5.240421901587873910e-01,4.922346977373707189e-01,4.554981689063263284e-01,4.599145122857670187e-01,3.593740825269769457e-01,3.781639805621498374e-01,4.339317541310004356e-01,3.118840160858176724e-01,4.076666989321290346e-01,1.138102674879318266e-01,4.544229373974131292e-01,4.122194358546097392e-01,1.678211478537380841e-01
5.756397883258341786e-01,4.129023076864096198e-01,5.997209353729526793e-01,3.282147425509165384e-01,6.453327984759352764e-01,2.717278840250604288e-01,3.973394409098217062e-01,-5.556614530900511051e-01,6.139754388354258241e-01,5.616499655486629772e-01,4.787175904331141818e-01,4.706125274196281127e-01,-1.278515831563209748e-01,5.927483267197749539e-01,2.735879718280069817e-01,7.233573744222530078e-01,4.007920313447492777e-01,1.000000000000000000e+00,8.521481777924686529e-01,3.168281713336209005e-01,1.871510950055781108e-01,3.450100052932149608e-01,7.050075405085785007e-01,4.583700956901602952e-01,5.551729293750511385e-01,6.515777753956041307e-01,6.814642666720372999e-01,7.873298663144241427e-01,5.553256714705850916e-01,5.602360897504689019e-01,6.436962357725010131e-01,1.812463854315078393e-01,4.616583414713407718e-01,4.518735448528810594e-01,4.327275475241814107e-01,1.178963918085990242e-01,5.404001351775857831e-01,6.569250222329379163e-01,5.032838886978595605e-01
5.935257255885185712e-01,4.410239092058326760e-01,5.747410563972196185e-01,2.618841492125906223e-01,6.033531276331219884e-01,1.651336462587423837e-01,4.031828945313554180e-01,-5.576144525124268059e-01,6.384587153770061585e-01,6.301087547778476683e-01,4.025671328168040075e-01,4.374853948670910930e-01,-1.440459840175168649e-01,6.450356243578007076e-01,2.644338684900138237e-01,6.546273582562649462e-01,3.245121353114990836e-01,8.521481777924686529e-01,1.000000000000000000e+00,2.441843652688364674e-01,2.185619771001578726e-01,3.046482446103511155e-01,6.976689033437364351e-01,5.169507021609802688e-01,5.961154050748446176e-01,5.868686462926415714e-01,5.949168802177333681e-01,7.394254316582334896e-01,5.242141342346470223e-01,5.598097755357651639e-01,6.753871890442535442e-01,1.587568883281264553e-01,4.583194071169144901e-01,4.691036200511711218e-01,3.812907712522470294e-01,6.915859596242183993e-02,4.870116735119852658e-01,6.812598061726641285e-01,5.951990667392259571e-01
3.006629807013314060e-01,1.711975579797457223e-02,1.725855652827137654e-01,1.723074529828467760e-01,6.203187534852645096e-02,-3.335304605106230447e-02,2.735579083471368356e-01,-1.094639484607087543e-01,1.556662173869028387e-01,5.170877707835112164e-02,-5.820265859554274446e-02,2.898473758240337483e-01,2.626947394879849962e-01,2.320391935017382667e-01,4.934506573219937797e-01,3.057191244740783964e-01,1.188871167581359023e-01,3.168281713336209005e-01,2.441843652688364674e-01,1.000000000000000000e+00,1.505311207545226848e-01,3.626003471144688128e-01,3.498110614327105683e-01,9.360103150549166362e-02,3.431751012268270395e-01,3.820181430773863518e-01,2.048398552389851524e-01,4.594917777803098624e-01,1.895162768560017807e-01,1.286520891252007359e-01,8.865472517144680487e-02,-2.963452963506151838e-01,1.051745688619592778e-01,1.484020732165786394e-01,1.935235366034757654e-01,3.511003694320535828e-02,2.043286974181906523e-01,3.857535823559012922e-01,5.513362347316300843e-02
1.344865868611682114e-01,-9.568141363042645398e-02,4.673014825551653484e-01,1.883433777027856970e-01,2.115561637230440606e-01,3.404491360470378036e-01,1.449666415031974076e-01,-3.954133475210678261e-01,1.837320042182900015e-01,3.661454968624615613e-01,3.323076626320761173e-01,6.886169297862758387e-02,-3.394153508087622284e-01,3.374158507685518504e-01,-1.295592824934210796e-01,1.381347318094447718e-01,2.097576601411200170e-01,1.871510950055781108e-01,2.185619771001578726e-01,1.505311207545226848e-01,1.000000000000000000e+00,6.815187248097672734e-01,3.319573375314296970e-01,1.354779312869155150e-01,4.579635285234674447e-01,8.039064328573786167e-02,1.091520602705355752e-01,2.746246271589068977e-01,9.486387583875878840e-03,2.746762517309000451e-01,4.575859925781491921e-01,1.424137908716273659e-01,7.397760109117779148e-01,3.444831422705473822e-01,1.325370859601049112e-01,3.553658141170446330e-03,1.011454000795101588e-01,2.563019057314725457e-01,4.457497606557235259e-01
1.775097678543177127e-01,3.560693741102058385e-02,3.905867151941430637e-01,3.437184299180338076e-01,2.011871096796287450e-01,2.925736647083172493e-01,3.994773234216461577e-01,-3.012877405273766129e-01,1.479429421074559547e-01,4.125446604015166052e-01,2.990542377891833303e-01,1.485904421395997377e-01,-4.241538867331612894e-01,2.895678873831887823e-01,-1.276410819168586341e-01,3.144277730220002010e-01,1.311553855171252725e-01,3.450100052932149608e-01,3.046482446103511155e-01,3.626003471144688128e-01,6.815187248097672734e-01,1.000000000000000000e+00,3.392809255170540217e-01,8.137399959599042609e-02,4.904181139259738420e-01,1.323424960639431325e-01,1.640577384880212986e-01,3.384294409069517062e-01,2.055841527792969317e-02,3.493776599517909864e-01,5.961727098519754575e-01,2.836065265912887309e-02,6.039531710578277535e-01,1.732430823281188581e-01,1.622160288852367849e-01,1.789611082342652537e-01,1.414047852569008112e-01,2.608811560457772183e-01,5.345201650550902572e-01
6.951866134377974182e-01,5.042532508668484681e-01,6.594761138324060079e-01,2.409189173112388782e-01,6.368219911794851251e-01,2.842318904533771007e-01,2.986645219833134468e-01,-6.338532562374414869e-01,6.129567476227654188e-01,5.878232232128851598e-01,4.103285794593179436e-01,3.898297065124066707e-01,-1.086405401426349115e-01,6.481278213613174133e-01,2.640847297679552730e-01,7.165872589118621461e-01,5.842145533919018696e-01,7.050075405085785007e-01,6.976689033437364351e-01,3.498110614327105683e-01,3.319573375314296970e-01,3.392809255170540217e-01,1.000000000000000000e+00,4.796435616954778380e-01,7.565404864866713819e-01,6.674863874864062074e-01,5.920766455982011678e-01,7.819136738463415837e-01,5.849971911170651628e-01,5.782851052028785688e-01,6.147437281212180249e-01,2.552435910432542809e-01,5.170649280476978804e-01,5.384369898710295033e-01,4.896005975745045813e-01,1.932635973741968216e-01,5.664107833420108928e-01,6.647395165387753879e-01,4.760046779857262100e-01
6.162047464891193815e-01,4.876199526973687415e-01,5.361722460507322152e-01,1.286358227104949792e-01,5.857821821886892710e-01,1.062511510322766001e-02,4.195989598018759481e-02,-5.839801575418377411e-01,6.972293647609898448e-01,4.962916428232473920e-01,2.806205644796452847e-01,3.832392797377294213e-01,1.192855086933259368e-01,7.607378260275767801e-01,3.023608516373978428e-01,2.993306944394486524e-01,2.860694556917368625e-01,4.583700956901602952e-01,5.169507021609802688e-01,9.360103150549166362e-02,1.354779312869155150e-01,8.137399959599042609e-02,4.796435616954778380e-01,1.000000000000000000e+00,4.441282992651122696e-01,5.292746812020142633e-01,4.392579216997791747e-01,4.890111663935604036e-01,5.852240848639039816e-01,6.420217643011141284e-01,3.119561419300514449e-01,2.880110222651684482e-01,4.504446423363805407e-01,5.953142494056823386e-01,4.598461906483256589e-01,-6.176429557537300302e-02,4.761624324322030755e-01,4.741898669474732264e-01,4.789338284967541992e-01
6.224946445791220695e-01,3.967568217839009259e-01,6.124553228742500854e-01,1.966853955420792832e-01,5.326181063344143096e-01,3.058417734803600130e-01,3.237142736705411195e-01,-5.987102570054599893e-01,4.862811596986094664e-01,6.961831277982680755e-01,3.632715111795720708e-01,2.738544001263567007e-01,-2.444067913315295382e-01,6.348744702147602892e-01,1.542984775615894311e-01,6.166917118842177858e-01,5.289436332173369504e-01,5.551729293750511385e-01,5.961154050748446176e-01,3.431751012268270395e-01,4.579635285234674447e-01,4.904181139259738420e-01,7.565404864866713819e-01,4.441282992651122696e-01,1.000000000000000000e+00,5.475614371209712727e-01,4.645776461512053368e-01,6.790089953751170526e-01,4.783941988892992936e-01,6.298911359895241757e-01,6.723757864369133141e-01,1.884324885227814661e-01,5.797057679383156303e-01,4.162917219784200151e-01,4.500863415987877980e-01,2.422334307756343619e-01,4.751252510760322068e-01,6.515384873878803385e-01,6.235994002153554261e-01
7.900905038876236963e-01,5.754881991870781643e-01,6.883695071202466931e-01,2.288947461369752745e-01,7.351017288020729179e-01,1.367140134516919570e-01,1.703233283758284478e-01,-6.861496170081692325e-01,7.559530463018820923e-01,4.078227896905620153e-01,3.660498824034552623e-01,6.073740155299824917e-01,1.761164152523962689e-01,6.716656115673352856e-01,5.545924265487938154e-01,5.368172245623132888e-01,4.996850832898652173e-01,6.515777753956041307e-01,5.868686462926415714e-01,3.820181430773863518e-01,8.039064328573786167e-02,1.323424960639431325e-01,6.674863874864062074e-01,5.292746812020142633e-01,5.475614371209712727e-01,1.000000000000000000e+00,8.156521420472755413e-01,8.110108667702037311e-01,7.984606791149920779e-01,6.013828043680187196e-01,3.543874395963736434e-01,3.455671606786471228e-01,3.803586089922147417e-01,6.687021897738394394e-01,6.479549770669255082e-01,1.554604319676510249e-01,7.134948375148741917e-01,6.096425004440274575e-01,3.413224167124389585e-01
6.046860149104095195e-01,4.739605574553490408e-01,6.726825986728834916e-01,2.385141130263061238e-01,7.309823059102669163e-01,2.997125559165209063e-01,1.849501699882623307e-01,-6.489610120215187905e-01,6.576591737948366267e-01,4.670027158664588063e-01,6.010836486240616061e-01,5.523427993607321618e-01,-2.198139953271927016e-02,5.681546919051794209e-01,3.321167054463860513e-01,5.504474050924320627e-01,5.240421901587873910e-01,6.814642666720372999e-01,5.949168802177333681e-01,2.048398552389851524e-01,1.091520602705355752e-01,1.640577384880212986e-01,5.920766455982011678e-01,4.392579216997791747e-01,4.645776461512053368e-01,8.156521420472755413e-01,1.000000000000000000e+00,6.960509206674165839e-01,6.743414647648428017e-01,5.795869135702845787e-01,4.524405998140785257e-01,4.356505091065935309e-01,4.102623557118180719e-01,6.146717741369543964e-01,5.099342366325338993e-01,9.975773208203991826e-02,6.206073119254188475e-01,4.889771856709964615e-01,3.582081269020653269e-01
7.528975263166494125e-01,4.748093079413222561e-01,7.335395566198790185e-01,2.959564650315212875e-01,7.130703545527036225e-01,1.802147066890029126e-01,3.460428617925043748e-01,-6.989046675632573091e-01,7.200014269763909125e-01,5.169517689199303323e-01,3.912651370002027673e-01,5.333590261108056563e-01,-5.458991574135801245e-03,6.838500737499891846e-01,4.632878507817274616e-01,6.467602332671783527e-01,4.922346977373707189e-01,7.873298663144241427e-01,7.394254316582334896e-01,4.594917777803098624e-01,2.746246271589068977e-01,3.384294409069517062e-01,7.819136738463415837e-01,4.890111663935604036e-01,6.790089953751170526e-01,8.110108667702037311e-01,6.960509206674165839e-01,1.000000000000000000e+00,6.752679429911913056e-01,5.977381713386911155e-01,5.795734063634873090e-01,2.106110070696226855e-01,4.945304405443697870e-01,6.350631848685563963e-01,5.297222824942254826e-01,1.559618857304506945e-01,6.036427588608641592e-01,7.119178698946933004e-01,4.594302277427415038e-01
7.901169979065232329e-01,6.989561794865877253e-01,6.438087447883804604e-01,1.602964239320186779e-01,7.039955807710823743e-01,2.237557439552565614e-02,2.052502933026459919e-01,-6.798239771683427524e-01,7.598702518507542969e-01,3.979059310528113569e-01,3.007707973968729021e-01,5.046581505246265920e-01,2.042009068179757858e-01,7.006200781721274584e-01,4.575136025078554436e-01,4.629402901646620938e-01,4.554981689063263284e-01,5.553256714705850916e-01,5.242141342346470223e-01,1.895162768560017807e-01,9.486387583875878840e-03,2.055841527792969317e-02,5.849971911170651628e-01,5.852240848639039816e-01,4.783941988892992936e-01,7.984606791149920779e-01,6.743414647648428017e-01,6.752679429911913056e-01,1.000000000000000000e+00,6.490997264313914661e-01,2.970875065143583904e-01,4.017828388863798339e-01,3.469683390074612683e-01,6.010567980529378795e-01,6.960745567468069606e-01,2.930796240254707752e-01,8.042949314860836640e-01,5.160647814648139375e-01,3.018988520005960741e-01
6.971942931575124680e-01,5.717155722780303817e-01,6.241274875181012094e-01,2.885172531387825701e-01,6.468125189788863638e-01,2.121325485699153413e-01,2.015929023354953997e-01,-6.382589614227733854e-01,6.994073981397487261e-01,7.261846486909673271e-01,4.786457037019831717e-01,2.898208256809688410e-01,-1.495470128740941373e-01,6.915496604459449026e-01,7.840733778505477869e-02,5.496469086647390867e-01,4.599145122857670187e-01,5.602360897504689019e-01,5.598097755357651639e-01,1.286520891252007359e-01,2.746762517309000451e-01,3.493776599517909864e-01,5.782851052028785688e-01,6.420217643011141284e-01,6.298911359895241757e-01,6.013828043680187196e-01,5.795869135702845787e-01,5.977381713386911155e-01,6.490997264313914661e-01,1.000000000000000000e+00,5.745650743514437719e-01,5.046685844073898197e-01,5.884371959710911204e-01,5.460972679998202794e-01,5.396312229150782569e-01,2.342998075642999389e-01,6.122763527084362778e-01,5.895883042509783012e-01,5.924021537049203312e-01
4.220499434060879240e-01,3.284658798320259643e-01,5.828057829077925023e-01,2.739472296854361111e-01,5.485742063369117849e-01,3.790176383817738248e-01,4.233888565581425678e-01,-5.494058252989487690e-01,4.018463278840119224e-01,7.190818862615562246e-01,5.096694035716928806e-01,1.733172604710895570e-01,-5.991054256268326661e-01,4.753347095388472110e-01,-1.473616057643054311e-01,6.249438275562815281e-01,3.593740825269769457e-01,6.436962357725010131e-01,6.753871890442535442e-01,8.865472517144680487e-02,4.575859925781491921e-01,5.961727098519754575e-01,6.147437281212180249e-01,3.119561419300514449e-01,6.723757864369133141e-01,3.543874395963736434e-01,4.524405998140785257e-01,5.795734063634873090e-01,2.970875065143583904e-01,5.745650743514437719e-01,1.000000000000000000e+00,2.570773022634132432e-01,6.354396439158019882e-01,3.351209769067667876e-01,3.226390481556950518e-01,2.215361246657793493e-01,3.676616211650413635e-01,4.811664280638706104e-01,6.377057718273793085e-01
3.973221195842573383e-01,4.808241396585763994e-01,4.695200109490724194e-01,2.746503432425719260e-01,5.993800047487350957e-01,2.930911960392942328e-01,-7.247951266615261512e-02,-4.783226189257646088e-01,4.415493480440405016e-01,5.097866454741105668e-01,4.364608172700003008e-01,-4.320074979621254391e-02,-2.857076810591511751e-01,2.996502175467786744e-01,-3.098344429908043707e-01,2.299623588614576886e-01,3.781639805621498374e-01,1.812463854315078393e-01,1.587568883281264553e-01,-2.963452963506151838e-01,1.424137908716273659e-01,2.836065265912887309e-02,2.552435910432542809e-01,2.880110222651684482e-01,1.884324885227814661e-01,3.455671606786471228e-01,4.356505091065935309e-01,2.106110070696226855e-01,4.017828388863798339e-01,5.046685844073898197e-01,2.570773022634132432e-01,1.000000000000000000e+00,3.570950544043625663e-01,4.035917828087236536e-01,3.174560236687126169e-01,2.882740264055292378e-01,4.142049953475164803e-01,3.476992304358050151e-02,1.781373405076355498e-01
4.062224743908460778e-01,1.349301725854908096e-01,7.202692123328930940e-01,2.278348138578830118e-01,5.750177955110225003e-01,4.461273195218238841e-01,9.984782732637367819e-02,-6.867366452739639415e-01,4.726595448220550222e-01,5.745904484642943011e-01,5.902325018296172843e-01,2.169570361668064773e-01,-3.235140380383860759e-01,6.178111918772943856e-01,-4.704095284843878150e-02,3.264497898333141301e-01,4.339317541310004356e-01,4.616583414713407718e-01,4.583194071169144901e-01,1.051745688619592778e-01,7.397760109117779148e-01,6.039531710578277535e-01,5.170649280476978804e-01,4.504446423363805407e-01,5.797057679383156303e-01,3.803586089922147417e-01,4.102623557118180719e-01,4.945304405443697870e-01,3.469683390074612683e-01,5.884371959710911204e-01,6.354396439158019882e-01,3.570950544043625663e-01,1.000000000000000000e+00,5.745361601920713213e-01,3.932981208605121903e-01,2.021469358994439774e-02,3.889213590577876856e-01,4.576708090605729473e-01,5.816526938846972028e-01
6.000766788847089472e-01,4.244061009488395153e-01,7.539016042135968654e-01,1.780950754111974843e-01,6.928818667480056703e-01,3.183438986992404018e-02,8.057369896318763991e-02,-7.374699470277461533e-01,8.018392009348465077e-01,3.681301184830407802e-01,4.133386578214077178e-01,6.212502832277477793e-01,1.365226587454051732e-01,6.747868249699855436e-01,4.179784120010776038e-01,2.428035189823613826e-01,3.118840160858176724e-01,4.518735448528810594e-01,4.691036200511711218e-01,1.484020732165786394e-01,3.444831422705473822e-01,1.732430823281188581e-01,5.384369898710295033e-01,5.953142494056823386e-01,4.162917219784200151e-01,6.687021897738394394e-01,6.146717741369543964e-01,6.350631848685563963e-01,6.010567980529378795e-01,5.460972679998202794e-01,3.351209769067667876e-01,4.035917828087236536e-01,5.745361601920713213e-01,1.000000000000000000e+00,3.871987043786461191e-01,-1.016007512507013932e-01,4.713452088730434864e-01,5.134427458590280491e-01,4.590919162592573266e-01
6.491889839292249720e-01,5.581097326848505347e-01,5.083427727474515434e-01,1.316739622352329497e-01,5.547839667423630772e-01,2.780231281927515452e-01,1.188042967747104384e-01,-5.378551318066568943e-01,5.262421859248794798e-01,3.821920784415107630e-01,2.520960848862043857e-01,3.340316914555974681e-01,6.781581162999802091e-03,5.559426980253658890e-01,2.972121483416556575e-01,4.272987588491435340e-01,4.076666989321290346e-01,4.327275475241814107e-01,3.812907712522470294e-01,1.935235366034757654e-01,1.325370859601049112e-01,1.622160288852367849e-01,4.896005975745045813e-01,4.598461906483256589e-01,4.500863415987877980e-01,6.479549770669255082e-01,5.099342366325338993e-01,5.297222824942254826e-01,6.960745567468069606e-01,5.396312229150782569e-01,3.226390481556950518e-01,3.174560236687126169e-01,3.932981208605121903e-01,3.871987043786461191e-01,1.000000000000000000e+00,3.596714728940705874e-01,8.217808104416701731e-01,4.113983726463089630e-01,2.850114314976613938e-01
2.867456642099407427e-01,4.705027749216710298e-01,1.704749041871542470e-01,2.450280753723377281e-01,2.354264337168820165e-01,5.403859182809539474e-02,3.174327945879346080e-01,-1.742257676501296759e-01,8.997492747171499661e-02,1.691109037694405459e-01,-4.738565689378573115e-02,-3.455995641210358321e-02,-2.639284107705747728e-01,1.893697098460009332e-01,-9.236720556135799565e-02,3.295056608443289736e-01,1.138102674879318266e-01,1.178963918085990242e-01,6.915859596242183993e-02,3.511003694320535828e-02,3.553658141170446330e-03,1.789611082342652537e-01,1.932635973741968216e-01,-6.176429557537300302e-02,2.422334307756343619e-01,1.554604319676510249e-01,9.975773208203991826e-02,1.559618857304506945e-01,2.930796240254707752e-01,2.342998075642999389e-01,2.215361246657793493e-01,2.882740264055292378e-01,2.021469358994439774e-02,-1.016007512507013932e-01,3.596714728940705874e-01,1.000000000000000000e+00,3.743965185440236709e-01,-8.960288818646497400e-02,1.575313220055738275e-02
7.002769924442253657e-01,6.578012111789638405e-01,5.834530674328405331e-01,1.492644600980261860e-01,6.290125925786058669e-01,1.931066403062116077e-01,2.128914080532812447e-01,-6.010435248850745094e-01,6.449310298091197602e-01,4.536512914278754693e-01,3.234293583189180032e-01,4.045118514828870415e-01,3.057110791441985942e-02,5.871715726635721166e-01,3.096610978758211896e-01,5.222589502119949767e-01,4.544229373974131292e-01,5.404001351775857831e-01,4.870116735119852658e-01,2.043286974181906523e-01,1.011454000795101588e-01,1.414047852569008112e-01,5.664107833420108928e-01,4.761624324322030755e-01,4.751252510760322068e-01,7.134948375148741917e-01,6.206073119254188475e-01,6.036427588608641592e-01,8.042949314860836640e-01,6.122763527084362778e-01,3.676616211650413635e-01,4.142049953475164803e-01,3.889213590577876856e-01,4.713452088730434864e-01,8.217808104416701731e-01,3.743965185440236709e-01,1.000000000000000000e+00,4.740866110939774836e-01,3.314729445141454400e-01
6.053453616870065890e-01,3.069211973775763935e-01,4.900615640684133911e-01,8.011348274978855044e-02,4.490310431854463991e-01,9.859141708360606715e-02,2.092023201199961768e-01,-4.782188942871766768e-01,6.040553521209920396e-01,5.345833568319489082e-01,3.342392837151184626e-01,4.457288663851284305e-01,1.025597448978613491e-01,5.828808805556170425e-01,4.024588740855589153e-01,5.759779031945786443e-01,4.122194358546097392e-01,6.569250222329379163e-01,6.812598061726641285e-01,3.857535823559012922e-01,2.563019057314725457e-01,2.608811560457772183e-01,6.647395165387753879e-01,4.741898669474732264e-01,6.515384873878803385e-01,6.096425004440274575e-01,4.889771856709964615e-01,7.119178698946933004e-01,5.160647814648139375e-01,5.895883042509783012e-01,4.811664280638706104e-01,3.476992304358050151e-02,4.576708090605729473e-01,5.134427458590280491e-01,4.113983726463089630e-01,-8.960288818646497400e-02,4.740866110939774836e-01,1.000000000000000000e+00,6.173184285021375839e-01
3.936700944097018540e-01,3.571215972523932303e-01,5.121191993208615845e-01,1.873970927369937589e-01,3.999520442312491375e-01,1.015038567558614602e-01,2.635223471399102957e-01,-4.812799361898682515e-01,5.616915010929042218e-01,6.599825865019999238e-01,3.819759877734381082e-01,4.440843276163891074e-01,-3.029037489000770411e-01,5.294580003920111855e-01,1.841720202945978241e-02,3.696169378587602083e-01,1.678211478537380841e-01,5.032838886978595605e-01,5.951990667392259571e-01,5.513362347316300843e-02,4.457497606557235259e-01,5.345201650550902572e-01,4.760046779857262100e-01,4.789338284967541992e-01,6.235994002153554261e-01,3.413224167124389585e-01,3.582081269020653269e-01,4.594302277427415038e-01,3.018988520005960741e-01,5.924021537049203312e-01,6.377057718273793085e-01,1.781373405076355498e-01,5.816526938846972028e-01,4.590919162592573266e-01,2.850114314976613938e-01,1.575313220055738275e-02,3.314729445141454400e-01,6.173184285021375839e-01,1.000000000000000000e+00
