1.000000000000000000e+00,7.436164604452466520e-01,5.829661976575991611e-01,-1.733496850931726119e-01,6.463422693569214061e-01,-3.109101752494567057e-03,1.694205918305838054e-01,-5.346529662402279559e-01,6.386727747891867146e-01,6.571032318249681037e-01,3.524108422932137330e-01,4.470910792520573773e-01,3.174667272723540046e-02,5.165692052932954192e-01,4.249628093298200016e-01,7.496874625214526855e-01,6.060240376545502627e-01,-6.856937712959885189e-01,-6.043365262830719953e-01,6.130237204672793760e-01,5.683138578109467876e-01,4.168061305640160530e-01,5.399999914398271317e-01,6.078601202958042737e-01,2.326918209666228032e-01,7.575617876686608909e-01,5.317004645911930227e-01,6.141174924254019230e-01,4.715314687405051663e-01,8.078736474503864784e-01,4.717175459001215487e-01,4.229495210390379345e-01,2.978427168601596176e-01,4.178228214464191903e-01,5.839271520205101540e-01,6.857945099044135961e-01,6.361394749220290468e-01,7.205012915637473148e-01,6.386654936815697736e-01
7.436164604452466520e-01,1.000000000000000000e+00,7.357106007806125669e-01,1.150844392843878017e-01,6.913350830080464693e-01,2.896426231931026676e-02,4.558526027053428353e-01,-6.819634805276940659e-01,6.554406829435643900e-01,7.592227340755706155e-01,4.416222484817318161e-01,6.247367732704761645e-01,4.486407993357385271e-01,6.672550291792468391e-01,5.512704820604210632e-01,6.988166780067893713e-01,6.238114628391424610e-01,-5.582046955690667112e-01,-5.937758729619673215e-01,6.388900134391339858e-01,5.783593675090971109e-01,6.674368595290277595e-01,6.731807868452729382e-01,7.068112495965663822e-01,3.573580604758208046e-01,7.066290279353838466e-01,6.286334914459660306e-01,6.059768199345658690e-01,5.330543300352780234e-01,7.590011774452539717e-01,5.364165157531736172e-01,5.975615142670639424e-01,4.915331288995980485e-01,1.884708826386191916e-01,6.102362963454679434e-01,6.784883485160777550e-01,7.136520146148889188e-01,7.035664748334141683e-01,7.442672539953749666e-01
5.829661976575991611e-01,7.357106007806125669e-01,1.000000000000000000e+00,3.087798259868835271e-01,8.066775470259296421e-01,6.646591340169101525e-02,6.499296494036546079e-01,-9.190871044815691615e-01,7.005507835933945104e-01,7.097780199207075480e-01,5.153754639213233846e-01,6.793910271239723686e-01,5.625255882378251693e-01,8.389194915460485014e-01,6.199191981102790683e-01,6.128733207199924538e-01,6.741826746669290493e-01,-4.427850366583910846e-01,-4.091043858767433039e-01,7.659778993947728987e-01,6.532211841430932697e-01,7.969916073919059984e-01,8.105371239608961664e-01,6.801309796996657386e-01,6.076574740579353540e-01,7.724799972612612642e-01,7.925352702937591420e-01,7.211049221517048524e-01,6.565177633256317202e-01,6.790411595456888882e-01,6.866034178905274787e-01,7.056398746803975719e-01,6.110657312777061367e-01,2.181147502301012120e-01,6.760072249688930945e-01,6.671930528379802494e-01,7.731172520589907338e-01,6.657563608509560193e-01,6.663184242629519582e-01
-1.733496850931726119e-01,1.150844392843878017e-01,3.087798259868835271e-01,1.000000000000000000e+00,1.379935499059034565e-01,-2.877413295924438064e-01,6.594594392474503186e-01,-2.359524329939403919e-01,3.319848263620399642e-01,2.651267905056994278e-01,1.251802734861810762e-01,5.899763648777763825e-01,6.651226408565699133e-01,2.347813287409968863e-01,4.918333831934877387e-01,1.149165158804097697e-01,2.439114890190807045e-02,-2.161274976265369352e-01,-2.521353469325714469e-01,3.213577666443214742e-01,-1.252624859958952619e-01,4.828686002870360983e-01,2.027865372952457057e-01,1.825103248685140400e-01,2.901358649027816483e-01,-3.622054633201170909e-02,1.209537881136206056e-01,5.609771250006231197e-02,-1.493404559267436007e-03,-3.033793788306812789e-02,6.516002235865737957e-02,2.021229318924412377e-01,3.695062629514123814e-02,-2.950432289329466343e-02,1.455066010271527932e-01,-1.481873708191655814e-01,4.746233163364755453e-02,3.205390087866124005e-01,4.175949729136721467e-01
6.463422693569214061e-01,6.913350830080464693e-01,8.066775470259296421e-01,1.379935499059034565e-01,1.000000000000000000e+00,-4.502743440954360549e-02,3.672528929393715780e-01,-7.856237598773270214e-01,7.036320658058826671e-01,7.646446262715774767e-01,3.560518477696755779e-01,5.411824992294970160e-01,3.798472909840741041e-01,6.398467707617341294e-01,4.084390593949070447e-01,7.080363742990468667e-01,5.387652142551019319e-01,-4.752366192775626663e-01,-5.785101786755103559e-01,6.090726151263469168e-01,6.059119916253030702e-01,6.270495994126888961e-01,6.808772183599487438e-01,5.429012882381392124e-01,5.527117750540890828e-01,7.453188257939918904e-01,6.642073380836132079e-01,5.877309731593030051e-01,5.194207376820824118e-01,7.743925425392554907e-01,4.581675563751689273e-01,5.083102299397420643e-01,4.700842159581420376e-01,3.099842534415882533e-01,4.746568027709019977e-01,6.025426834678935251e-01,6.079111386353992508e-01,5.999869297232094389e-01,7.066175960806139189e-01
-3.109101752494567057e-03,2.896426231931026676e-02,6.646591340169101525e-02,-2.877413295924438064e-01,-4.502743440954360549e-02,1.000000000000000000e+00,-2.508123413730651424e-02,-1.418211354594355600e-01,-1.482958821275817130e-01,-1.324996574333173749e-01,4.455648372868534768e-01,-2.701463018038314234e-01,2.752610425611256087e-02,2.028902404690551831e-01,-2.318079652868495211e-01,-2.796634809378730768e-01,3.132478592166373366e-01,3.607496751847718008e-01,3.150959801418401485e-01,-1.565692458972884893e-01,2.398992911908335579e-01,-2.269872326668104928e-02,2.399523682012612569e-01,4.976101919109637145e-02,1.396800250837163526e-01,1.040693764095496909e-01,2.414194088180031672e-01,6.004365596754366458e-02,4.140059252508426213e-01,-4.776223247220275081e-02,3.407639984128894572e-01,3.403082871198258030e-01,4.144219738974921352e-01,2.399759742411416985e-02,1.826522499340610395e-01,3.043909203328337143e-01,2.630327713550635882e-01,-2.280064527955790732e-01,-2.821706022253508417e-01
1.694205918305838054e-01,4.558526027053428353e-01,6.499296494036546079e-01,6.594594392474503186e-01,3.672528929393715780e-01,-2.508123413730651424e-02,1.000000000000000000e+00,-5.583737332594777003e-01,5.875172142821332155e-01,4.117150652467456151e-01,4.454869926456490603e-01,7.542141000653954652e-01,7.114887238293631233e-01,6.778494711515542503e-01,7.276354462928183997e-01,2.913208498871614482e-01,4.576818042214190196e-01,-2.913714318034327233e-01,-2.247790793676188725e-01,6.460648669699585733e-01,2.040956562363236415e-01,6.912554339675931470e-01,6.102931955184386359e-01,5.195775158782346415e-01,4.092603392574988841e-01,3.937962472204564746e-01,5.686432235012423009e-01,5.799818521799710025e-01,4.029428888930850494e-01,2.705659955469537081e-01,4.990409601583316590e-01,6.486925449778861985e-01,2.909304750615934188e-01,1.888251115239188982e-01,6.014029521949579848e-01,3.312564969618387867e-01,5.393445168329793482e-01,5.439053219013481044e-01,5.402325790206192746e-01
-5.346529662402279559e-01,-6.819634805276940659e-01,-9.190871044815691615e-01,-2.359524329939403919e-01,-7.856237598773270214e-01,-1.418211354594355600e-01,-5.583737332594777003e-01,1.000000000000000000e+00,-5.909442676666359917e-01,-6.479820518018791775e-01,-4.663874718941853348e-01,-5.391733732362277154e-01,-5.222281492816492898e-01,-7.991236708880457007e-01,-4.573924641506794120e-01,-5.297244727779042428e-01,-6.258738332185200814e-01,3.174059502283143597e-01,3.368400386270962721e-01,-6.383654732752642724e-01,-6.454259304389069474e-01,-7.011542707626265969e-01,-7.835910146071448645e-01,-6.228033082333817028e-01,-5.890120321238726531e-01,-7.417018008585027911e-01,-7.794828819243356799e-01,-6.392359975829590146e-01,-6.623753204823469298e-01,-6.305035304679037500e-01,-6.956146642369266386e-01,-6.702493273843734833e-01,-6.608358416240596167e-01,-1.728805839134150424e-01,-6.149972953094271499e-01,-6.740261749330556107e-01,-7.366323469003855928e-01,-5.412938339483861494e-01,-5.516192741294998481e-01
6.386727747891867146e-01,6.554406829435643900e-01,7.005507835933945104e-01,3.319848263620399642e-01,7.036320658058826671e-01,-1.482958821275817130e-01,5.875172142821332155e-01,-5.909442676666359917e-01,1.000000000000000000e+00,6.765225898040896357e-01,4.536625023955096481e-01,8.052550030849335849e-01,3.633175998569199705e-01,6.169810667504477264e-01,7.158398683821608488e-01,6.936183227373108329e-01,5.742025997307526053e-01,-7.402847589313746868e-01,-7.008974773096401378e-01,7.824151026225170114e-01,4.174777901912569145e-01,6.872346557464154015e-01,5.805450724096647974e-01,5.672779849667248797e-01,2.911986187235593992e-01,6.011827326773093727e-01,5.363309944407738117e-01,7.205942939320916230e-01,3.314475533050977307e-01,7.430402073560400389e-01,4.160138154688537981e-01,5.281959744017813430e-01,2.330199166651563680e-01,5.013855456429908708e-01,6.045983186451496794e-01,5.195073003843411197e-01,5.951836422228544698e-01,8.475245717109950450e-01,8.438431207548307000e-01
6.571032318249681037e-01,7.592227340755706155e-01,7.097780199207075480e-01,2.651267905056994278e-01,7.646446262715774767e-01,-1.324996574333173749e-01,4.117150652467456151e-01,-6.479820518018791775e-01,6.765225898040896357e-01,1.000000000000000000e+00,4.666807102978219324e-01,6.633798862249932204e-01,5.030489073512853793e-01,5.611012729953768208e-01,4.891408500189707853e-01,8.584821937833926331e-01,5.880932439962526237e-01,-5.957014576310285525e-01,-7.302526599610801306e-01,5.993241330719311089e-01,4.972049314709601209e-01,6.823613643213104485e-01,6.658238949463112233e-01,5.231452567526410080e-01,5.413954999282810654e-01,7.178821020995526103e-01,6.256613605592871163e-01,5.515018984664221691e-01,3.773220685522350459e-01,7.918747915710870888e-01,4.637026117262302849e-01,4.222381620146888337e-01,3.837740213267916145e-01,1.874590774549177996e-01,4.334735695667115696e-01,4.562597248884560641e-01,4.952494085294144033e-01,6.818723409522106094e-01,8.258663083546827766e-01
3.524108422932137330e-01,4.416222484817318161e-01,5.153754639213233846e-01,1.251802734861810762e-01,3.560518477696755779e-01,4.455648372868534768e-01,4.454869926456490603e-01,-4.663874718941853348e-01,4.536625023955096481e-01,4.666807102978219324e-01,1.000000000000000000e+00,4.549610442086641782e-01,4.258384409426776984e-01,5.286822273054313515e-01,3.792712301275305564e-01,3.821092270181932204e-01,7.909339584248131771e-01,-2.232233040130324475e-01,-2.393931656500575822e-01,4.599626055164976468e-01,4.564641733171734272e-01,5.771223801855042135e-01,6.414545979873081949e-01,4.635558121027287259e-01,3.950463096894759052e-01,5.092130516734385548e-01,6.076156066267442979e-01,5.684197388051331901e-01,4.630251781081138884e-01,4.457494406121944031e-01,5.848020678246419468e-01,6.487272800097486636e-01,4.128303006291113575e-01,1.342191592685566537e-01,4.431619320944504836e-01,3.754289325041925696e-01,5.182666778063853563e-01,3.937766280693380527e-01,3.859732999723650693e-01
4.470910792520573773e-01,6.247367732704761645e-01,6.793910271239723686e-01,5.899763648777763825e-01,5.411824992294970160e-01,-2.701463018038314234e-01,7.542141000653954652e-01,-5.391733732362277154e-01,8.052550030849335849e-01,6.633798862249932204e-01,4.549610442086641782e-01,1.000000000000000000e+00,5.899782412394577458e-01,5.997400957672227584e-01,8.682827055725582666e-01,6.249594863887079077e-01,5.200766022372848019e-01,-6.854122489138388952e-01,-6.057485910642221860e-01,8.077466610435775074e-01,2.499492075509430478e-01,7.645563473353491624e-01,5.701656638372979424e-01,6.066664689160081725e-01,3.124750010093215180e-01,5.096169210090069068e-01,5.251347721622067199e-01,6.736059380179678646e-01,2.769149867955995603e-01,5.590935339240510338e-01,4.269464127649226781e-01,5.529574286068626998e-01,1.615741064556139583e-01,2.780275064351448444e-01,5.802690788088780138e-01,3.436175968892392629e-01,5.119757629296994850e-01,8.123502761840021291e-01,8.245509003269366755e-01
3.174667272723540046e-02,4.486407993357385271e-01,5.625255882378251693e-01,6.651226408565699133e-01,3.798472909840741041e-01,2.752610425611256087e-02,7.114887238293631233e-01,-5.222281492816492898e-01,3.633175998569199705e-01,5.030489073512853793e-01,4.258384409426776984e-01,5.899782412394577458e-01,1.000000000000000000e+00,5.254374771778826947e-01,4.607835540540227703e-01,2.629905676863149577e-01,3.258933497079395947e-01,-9.953985025337383497e-02,-2.392558856267465173e-01,3.596492247755310179e-01,2.048549296760981131e-01,6.920925164815087127e-01,5.343056720782461966e-01,3.870883716601885571e-01,4.895236894721725074e-01,2.931380196664114535e-01,4.802969654542578737e-01,3.236792431941524217e-01,2.993547367000353177e-01,2.125174466556884745e-01,3.952876160517344029e-01,4.902847579448134652e-01,4.233153906510214726e-01,-7.026754661881913500e-02,3.024791800840052058e-01,1.825493504927657440e-01,3.152873303099461011e-01,3.203037015925135900e-01,4.702028355687484229e-01
5.165692052932954192e-01,6.672550291792468391e-01,8.389194915460485014e-01,2.347813287409968863e-01,6.398467707617341294e-01,2.028902404690551831e-01,6.778494711515542503e-01,-7.991236708880457007e-01,6.169810667504477264e-01,5.611012729953768208e-01,5.286822273054313515e-01,5.997400957672227584e-01,5.254374771778826947e-01,1.000000000000000000e+00,5.860103061117639678e-01,4.678659741774531255e-01,6.627623943693108366e-01,-3.121278372727800954e-01,-2.279336092271045666e-01,6.786547759272908431e-01,5.913284863493186716e-01,6.970934871618456041e-01,7.896237235723508885e-01,6.611856004013831889e-01,5.335013372686806532e-01,7.075047025424413549e-01,8.039857758783820474e-01,7.596616093100633238e-01,6.784959519955383600e-01,5.712304843711185631e-01,7.299720075947108144e-01,7.532730375268368306e-01,5.893376262455248815e-01,1.696873051408261945e-01,7.690926227260709291e-01,6.578051687695496419e-01,8.144285502008092870e-01,5.923913927445955130e-01,5.221422561027877496e-01
4.249628093298200016e-01,5.512704820604210632e-01,6.199191981102790683e-01,4.918333831934877387e-01,4.084390593949070447e-01,-2.318079652868495211e-01,7.276354462928183997e-01,-4.573924641506794120e-01,7.158398683821608488e-01,4.891408500189707853e-01,3.792712301275305564e-01,8.682827055725582666e-01,4.607835540540227703e-01,5.860103061117639678e-01,1.000000000000000000e+00,4.784273597296708758e-01,4.854002544928652796e-01,-6.492503804963999370e-01,-3.984656007071844530e-01,8.520162291386026432e-01,2.599651009060495732e-01,6.837810614223212013e-01,4.794085172772362680e-01,6.076692256335001208e-01,2.393001096594974952e-01,4.620689190524451817e-01,4.836886886238721539e-01,6.585169896933482647e-01,3.186679134860674334e-01,4.251990835145523784e-01,4.084238986894064283e-01,5.603108593333540055e-01,1.276344728973386189e-01,2.459355337694630050e-01,6.115751436793092077e-01,3.715476798345074827e-01,5.282876181382057945e-01,7.845401941641274579e-01,6.954258867760529927e-01
7.496874625214526855e-01,6.988166780067893713e-01,6.128733207199924538e-01,1.149165158804097697e-01,7.080363742990468667e-01,-2.796634809378730768e-01,2.913208498871614482e-01,-5.297244727779042428e-01,6.936183227373108329e-01,8.584821937833926331e-01,3.821092270181932204e-01,6.249594863887079077e-01,2.629905676863149577e-01,4.678659741774531255e-01,4.784273597296708758e-01,1.000000000000000000e+00,5.811621345857768128e-01,-7.066331278772710611e-01,-7.583832877794648430e-01,6.233051805219914643e-01,4.406902259195237814e-01,5.506355792866717280e-01,5.787322722776099271e-01,5.080175696703048693e-01,3.868485304576070316e-01,7.200547889846951044e-01,5.034454266435141045e-01,5.768981541149927894e-01,2.733256978784156521e-01,8.326396558503453837e-01,3.188952652991193792e-01,3.120661006595004672e-01,1.711316310401802543e-01,2.584366205466687716e-01,4.155576975782276916e-01,4.172644832982200791e-01,4.643031106580876033e-01,7.319778536728799301e-01,8.040304784021544693e-01
6.060240376545502627e-01,6.238114628391424610e-01,6.741826746669290493e-01,2.439114890190807045e-02,5.387652142551019319e-01,3.132478592166373366e-01,4.576818042214190196e-01,-6.258738332185200814e-01,5.742025997307526053e-01,5.880932439962526237e-01,7.909339584248131771e-01,5.200766022372848019e-01,3.258933497079395947e-01,6.627623943693108366e-01,4.854002544928652796e-01,5.811621345857768128e-01,1.000000000000000000e+00,-3.911881371140037422e-01,-3.286474727991783307e-01,6.082863307018766541e-01,5.556627351717811081e-01,5.623541796780368029e-01,7.614775345300356379e-01,6.321796664721134329e-01,3.799899457827684013e-01,7.612082841096087238e-01,7.535730762963985807e-01,7.280583664316681025e-01,6.411645402903086710e-01,6.588402900920397043e-01,6.855864684208239357e-01,7.247266675399205438e-01,4.253383555192134513e-01,2.206215714966582309e-01,5.962890801196398805e-01,6.369031734991058569e-01,7.102926682381573986e-01,5.695580950881091731e-01,4.981650660561144361e-01
-6.856937712959885189e-01,-5.582046955690667112e-01,-4.427850366583910846e-01,-2.161274976265369352e-01,-4.752366192775626663e-01,3.607496751847718008e-01,-2.913714318034327233e-01,3.174059502283143597e-01,-7.402847589313746868e-01,-5.957014576310285525e-01,-2.232233040130324475e-01,-6.854122489138388952e-01,-9.953985025337383497e-02,-3.121278372727800954e-01,-6.492503804963999370e-01,-7.066331278772710611e-01,-3.911881371140037422e-01,1.000000000000000000e+00,7.798520584319164062e-01,-6.863906084784188177e-01,-2.030711709521604846e-01,-4.280518839853878488e-01,-2.581733966186789964e-01,-4.539252223074976000e-01,-4.051634921895529151e-02,-4.626560021164056735e-01,-2.710065770792258744e-01,-5.083628248951532758e-01,-7.393161302964461334e-02,-6.740512321111019611e-01,-2.009910306642645195e-01,-2.057831982348529987e-01,5.474068876985056092e-02,-4.083024270696273827e-01,-4.193291652288064775e-01,-3.373367805718713308e-01,-3.466017330554040377e-01,-8.662999875594117327e-01,-7.725904749868873767e-01
-6.043365262830719953e-01,-5.937758729619673215e-01,-4.091043858767433039e-01,-2.521353469325714469e-01,-5.785101786755103559e-01,3.150959801418401485e-01,-2.247790793676188725e-01,3.368400386270962721e-01,-7.008974773096401378e-01,-7.302526599610801306e-01,-2.393931656500575822e-01,-6.057485910642221860e-01,-2.392558856267465173e-01,-2.279336092271045666e-01,-3.984656007071844530e-01,-7.583832877794648430e-01,-3.286474727991783307e-01,7.798520584319164062e-01,1.000000000000000000e+00,-4.756272480782186562e-01,-1.985072263576453111e-01,-4.481109508945804176e-01,-3.118356520871485293e-01,-3.726355405873473803e-01,-1.362654647939728347e-01,-4.228288513646277225e-01,-2.424766050668853423e-01,-3.624633405919557294e-01,-2.491760098703950724e-02,-7.156399619070054063e-01,-1.252622796273638595e-01,-1.461720015220606128e-01,-3.732326072148881707e-02,-4.090859882502947409e-01,-2.662332840592898098e-01,-2.671446128948211651e-01,-2.455309529106003974e-01,-7.019497969941912441e-01,-8.338370135746846490e-01
6.130237204672793760e-01,6.388900134391339858e-01,7.659778993947728987e-01,3.213577666443214742e-01,6.090726151263469168e-01,-1.565692458972884893e-01,6.460648669699585733e-01,-6.383654732752642724e-01,7.824151026225170114e-01,5.993241330719311089e-01,4.599626055164976468e-01,8.077466610435775074e-01,3.596492247755310179e-01,6.786547759272908431e-01,8.520162291386026432e-01,6.233051805219914643e-01,6.082863307018766541e-01,-6.863906084784188177e-01,-4.756272480782186562e-01,1.000000000000000000e+00,4.934217340093721149e-01,7.303170138576595694e-01,6.211480471284893667e-01,6.815496142977246485e-01,3.812336476877966618e-01,6.582297599633840646e-01,6.068516507833134899e-01,7.615785725368208192e-01,4.540943532441960584e-01,6.129959104774402867e-01,5.147272902545136919e-01,6.060093442945487796e-01,2.796737563923357150e-01,3.429925949082529568e-01,6.866966110651115951e-01,5.264103228173254712e-01,6.766071836225313607e-01,8.161795117431724922e-01,7.345941694808256761e-01
5.683138578109467876e-01,5.783593675090971109e-01,6.532211841430932697e-01,-1.252624859958952619e-01,6.059119916253030702e-01,2.398992911908335579e-01,2.040956562363236415e-01,-6.454259304389069474e-01,4.174777901912569145e-01,4.972049314709601209e-01,4.564641733171734272e-01,2.499492075509430478e-01,2.048549296760981131e-01,5.913284863493186716e-01,2.599651009060495732e-01,4.406902259195237814e-01,5.556627351717811081e-01,-2.030711709521604846e-01,-1.985072263576453111e-01,4.934217340093721149e-01,1.000000000000000000e+00,6.047248481905782569e-01,6.377874603054344282e-01,5.110543500189651533e-01,5.274706994463176368e-01,6.253921747048858393e-01,5.939378994365288600e-01,4.800891361537409918e-01,6.417271115351577127e-01,5.701391349967027677e-01,5.773143692568082352e-01,5.135794290065215373e-01,7.647892179905427801e-01,7.361487921170738191e-02,4.937247738148454190e-01,6.049411823010221179e-01,6.756265714622204932e-01,3.581695972423628582e-01,3.567663050317144147e-01
4.168061305640160530e-01,6.674368595290277595e-01,7.969916073919059984e-01,4.828686002870360983e-01,6.270495994126888961e-01,-2.269872326668104928e-02,6.912554339675931470e-01,-7.011542707626265969e-01,6.872346557464154015e-01,6.823613643213104485e-01,5.771223801855042135e-01,7.645563473353491624e-01,6.920925164815087127e-01,6.970934871618456041e-01,6.837810614223212013e-01,5.506355792866717280e-01,5.623541796780368029e-01,-4.280518839853878488e-01,-4.481109508945804176e-01,7.303170138576595694e-01,6.047248481905782569e-01,1.000000000000000000e+00,7.114315666240902392e-01,5.888933547240815525e-01,5.492750323075991092e-01,5.685646364139403941e-01,6.152815159144919832e-01,6.181258940404192881e-01,4.749788070121785943e-01,5.633157380416600191e-01,5.679713716536248791e-01,6.228650504221637796e-01,5.865260498839983683e-01,1.314890944947333939e-01,5.500380278176524307e-01,4.427126423035869229e-01,6.094016271381401673e-01,6.242492405009782974e-01,7.013652865433984696e-01
5.399999914398271317e-01,6.731807868452729382e-01,8.105371239608961664e-01,2.027865372952457057e-01,6.808772183599487438e-01,2.399523682012612569e-01,6.102931955184386359e-01,-7.835910146071448645e-01,5.805450724096647974e-01,6.658238949463112233e-01,6.414545979873081949e-01,5.701656638372979424e-01,5.343056720782461966e-01,7.896237235723508885e-01,4.794085172772362680e-01,5.787322722776099271e-01,7.614775345300356379e-01,-2.581733966186789964e-01,-3.118356520871485293e-01,6.211480471284893667e-01,6.377874603054344282e-01,7.114315666240902392e-01,1.000000000000000000e+00,7.015271936922049534e-01,6.581651482933826847e-01,7.915143020098724946e-01,8.155845840234122734e-01,7.065466938108517780e-01,7.326171216653020180e-01,6.077875416200457792e-01,7.299046421814989749e-01,7.710491233132893418e-01,5.909617122925002741e-01,2.006343732401432711e-01,6.614813913865702499e-01,6.371214989587747901e-01,7.761563404010840550e-01,4.945493176358445320e-01,5.465909504638458705e-01
6.078601202958042737e-01,7.068112495965663822e-01,6.801309796996657386e-01,1.825103248685140400e-01,5.429012882381392124e-01,4.976101919109637145e-02,5.195775158782346415e-01,-6.228033082333817028e-01,5.672779849667248797e-01,5.231452567526410080e-01,4.635558121027287259e-01,6.066664689160081725e-01,3.870883716601885571e-01,6.611856004013831889e-01,6.076692256335001208e-01,5.080175696703048693e-01,6.321796664721134329e-01,-4.539252223074976000e-01,-3.726355405873473803e-01,6.815496142977246485e-01,5.110543500189651533e-01,5.888933547240815525e-01,7.015271936922049534e-01,1.000000000000000000e+00,3.737429904791338964e-01,6.729858150924933335e-01,6.512732002196356396e-01,6.337963017059915494e-01,6.583418889749896863e-01,5.307534631026527006e-01,5.916705169548442944e-01,7.099728185787339552e-01,3.702895911667715700e-01,2.182792581936852661e-01,6.434137402355147861e-01,6.497386706765876374e-01,7.486239910049760082e-01,6.102128058198880156e-01,5.722420209215520748e-01
2.326918209666228032e-01,3.573580604758208046e-01,6.076574740579353540e-01,2.901358649027816483e-01,5.527117750540890828e-01,1.396800250837163526e-01,4.092603392574988841e-01,-5.890120321238726531e-01,2.911986187235593992e-01,5.413954999282810654e-01,3.950463096894759052e-01,3.124750010093215180e-01,4.895236894721725074e-01,5.335013372686806532e-01,2.393001096594974952e-01,3.868485304576070316e-01,3.799899457827684013e-01,-4.051634921895529151e-02,-1.362654647939728347e-01,3.812336476877966618e-01,5.274706994463176368e-01,5.492750323075991092e-01,6.581651482933826847e-01,3.737429904791338964e-01,1.000000000000000000e+00,5.090471150744081408e-01,5.640115527678630780e-01,2.827696087912129341e-01,5.401221771959252571e-01,3.198341483304362187e-01,4.219058119409127561e-01,3.952723669521228111e-01,5.261240720975052243e-01,1.646559798221522083e-02,2.896815497719722465e-01,2.714434792771859839e-01,4.476610516336202994e-01,2.098496643674057360e-01,3.496058070074329338e-01
7.575617876686608909e-01,7.066290279353838466e-01,7.724799972612612642e-01,-3.622054633201170909e-02,7.453188257939918904e-01,1.040693764095496909e-01,3.937962472204564746e-01,-7.417018008585027911e-01,6.011827326773093727e-01,7.178821020995526103e-01,5.092130516734385548e-01,5.096169210090069068e-01,2.931380196664114535e-01,7.075047025424413549e-01,4.620689190524451817e-01,7.200547889846951044e-01,7.612082841096087238e-01,-4.626560021164056735e-01,-4.228288513646277225e-01,6.582297599633840646e-01,6.253921747048858393e-01,5.685646364139403941e-01,7.915143020098724946e-01,6.729858150924933335e-01,5.090471150744081408e-01,1.000000000000000000e+00,8.301943086306191599e-01,7.498616725954229123e-01,6.947759916366668120e-01,7.665218469916640354e-01,6.957716146815455804e-01,6.409849672204267490e-01,4.685696921266695458e-01,2.730903900716661337e-01,6.328133196220686596e-01,7.247161171624812992e-01,7.470956353536526429e-01,6.046146658613431590e-01,5.866104419681056337e-01
5.317004645911930227e-01,6.286334914459660306e-01,7.925352702937591420e-01,1.209537881136206056e-01,6.642073380836132079e-01,2.414194088180031672e-01,5.686432235012423009e-01,-7.794828819243356799e-01,5.363309944407738117e-01,6.256613605592871163e-01,6.076156066267442979e-01,5.251347721622067199e-01,4.802969654542578737e-01,8.039857758783820474e-01,4.836886886238721539e-01,5.034454266435141045e-01,7.535730762963985807e-01,-2.710065770792258744e-01,-2.424766050668853423e-01,6.068516507833134899e-01,5.939378994365288600e-01,6.152815159144919832e-01,8.155845840234122734e-01,6.512732002196356396e-01,5.640115527678630780e-01,8.301943086306191599e-01,1.000000000000000000e+00,7.474887868071367070e-01,7.285690539026110635e-01,6.026585708846392553e-01,8.156103515040493690e-01,7.575383968605472473e-01,5.721949735734056519e-01,1.874440275063347094e-01,6.598600004620954751e-01,6.729249793133685875e-01,7.442344462535316341e-01,5.085815696598654512e-01,4.823107784643981821e-01
6.141174924254019230e-01,6.059768199345658690e-01,7.211049221517048524e-01,5.609771250006231197e-02,5.877309731593030051e-01,6.004365596754366458e-02,5.799818521799710025e-01,-6.392359975829590146e-01,7.205942939320916230e-01,5.515018984664221691e-01,5.684197388051331901e-01,6.736059380179678646e-01,3.236792431941524217e-01,7.596616093100633238e-01,6.585169896933482647e-01,5.768981541149927894e-01,7.280583664316681025e-01,-5.083628248951532758e-01,-3.624633405919557294e-01,7.615785725368208192e-01,4.800891361537409918e-01,6.181258940404192881e-01,7.065466938108517780e-01,6.337963017059915494e-01,2.827696087912129341e-01,7.498616725954229123e-01,7.474887868071367070e-01,1.000000000000000000e+00,5.051687543629880262e-01,6.754040285759743689e-01,7.015296267452632017e-01,6.878893989981239576e-01,3.259405968432347311e-01,3.868812034853902904e-01,7.288175520797617324e-01,6.252640955299635372e-01,7.368719583166162268e-01,6.867383681047165567e-01,5.756270226296937853e-01
4.715314687405051663e-01,5.330543300352780234e-01,6.565177633256317202e-01,-1.493404559267436007e-03,5.194207376820824118e-01,4.140059252508426213e-01,4.029428888930850494e-01,-6.623753204823469298e-01,3.314475533050977307e-01,3.773220685522350459e-01,4.630251781081138884e-01,2.769149867955995603e-01,2.993547367000353177e-01,6.784959519955383600e-01,3.186679134860674334e-01,2.733256978784156521e-01,6.411645402903086710e-01,-7.393161302964461334e-02,-2.491760098703950724e-02,4.540943532441960584e-01,6.417271115351577127e-01,4.749788070121785943e-01,7.326171216653020180e-01,6.583418889749896863e-01,5.401221771959252571e-01,6.947759916366668120e-01,7.285690539026110635e-01,5.051687543629880262e-01,1.000000000000000000e+00,4.307180697196788532e-01,6.762120144827661328e-01,7.590425484546973189e-01,6.337387454502408923e-01,1.114877804933604305e-01,6.193565860843357473e-01,7.430439215028724620e-01,8.003204267580519282e-01,2.719919750812735959e-01,2.487426745311938914e-01
8.078736474503864784e-01,7.590011774452539717e-01,6.790411595456888882e-01,-3.033793788306812789e-02,7.743925425392554907e-01,-4.776223247220275081e-02,2.705659955469537081e-01,-6.305035304679037500e-01,7.430402073560400389e-01,7.918747915710870888e-01,4.457494406121944031e-01,5.590935339240510338e-01,2.125174466556884745e-01,5.712304843711185631e-01,4.251990835145523784e-01,8.326396558503453837e-01,6.588402900920397043e-01,-6.740512321111019611e-01,-7.156399619070054063e-01,6.129959104774402867e-01,5.701391349967027677e-01,5.633157380416600191e-01,6.077875416200457792e-01,5.307534631026527006e-01,3.198341483304362187e-01,7.665218469916640354e-01,6.026585708846392553e-01,6.754040285759743689e-01,4.307180697196788532e-01,1.000000000000000000e+00,4.624890117110716514e-01,4.477515950345299367e-01,3.754572167444598096e-01,3.248163539704475578e-01,5.429725867094330471e-01,6.281413634565138349e-01,6.201088995836684381e-01,7.206306499111718722e-01,7.427597415988972385e-01
4.717175459001215487e-01,5.364165157531736172e-01,6.866034178905274787e-01,6.516002235865737957e-02,4.581675563751689273e-01,3.407639984128894572e-01,4.990409601583316590e-01,-6.956146642369266386e-01,4.160138154688537981e-01,4.637026117262302849e-01,5.848020678246419468e-01,4.269464127649226781e-01,3.952876160517344029e-01,7.299720075947108144e-01,4.084238986894064283e-01,3.188952652991193792e-01,6.855864684208239357e-01,-2.009910306642645195e-01,-1.252622796273638595e-01,5.147272902545136919e-01,5.773143692568082352e-01,5.679713716536248791e-01,7.299046421814989749e-01,5.916705169548442944e-01,4.219058119409127561e-01,6.957716146815455804e-01,8.156103515040493690e-01,7.015296267452632017e-01,6.762120144827661328e-01,4.624890117110716514e-01,1.000000000000000000e+00,7.095510762431230800e-01,6.245679448576226811e-01,1.825707666244233141e-01,6.529417771114447433e-01,6.584393061525631863e-01,7.222843956178304214e-01,4.177643359515662569e-01,3.169295382505696868e-01
4.229495210390379345e-01,5.975615142670639424e-01,7.056398746803975719e-01,2.021229318924412377e-01,5.083102299397420643e-01,3.403082871198258030e-01,6.486925449778861985e-01,-6.702493273843734833e-01,5.281959744017813430e-01,4.222381620146888337e-01,6.487272800097486636e-01,5.529574286068626998e-01,4.902847579448134652e-01,7.532730375268368306e-01,5.603108593333540055e-01,3.120661006595004672e-01,7.247266675399205438e-01,-2.057831982348529987e-01,-1.461720015220606128e-01,6.060093442945487796e-01,5.135794290065215373e-01,6.228650504221637796e-01,7.710491233132893418e-01,7.099728185787339552e-01,3.952723669521228111e-01,6.409849672204267490e-01,7.575383968605472473e-01,6.878893989981239576e-01,7.590425484546973189e-01,4.477515950345299367e-01,7.095510762431230800e-01,1.000000000000000000e+00,5.136323857635991530e-01,1.765455559161690224e-01,7.137102823752945469e-01,6.727840743003662416e-01,7.961087346384964070e-01,4.462344589619288149e-01,4.126806022031655474e-01
2.978427168601596176e-01,4.915331288995980485e-01,6.110657312777061367e-01,3.695062629514123814e-02,4.700842159581420376e-01,4.144219738974921352e-01,2.909304750615934188e-01,-6.608358416240596167e-01,2.330199166651563680e-01,3.837740213267916145e-01,4.128303006291113575e-01,1.615741064556139583e-01,4.233153906510214726e-01,5.893376262455248815e-01,1.276344728973386189e-01,1.711316310401802543e-01,4.253383555192134513e-01,5.474068876985056092e-02,-3.732326072148881707e-02,2.796737563923357150e-01,7.647892179905427801e-01,5.865260498839983683e-01,5.909617122925002741e-01,3.702895911667715700e-01,5.261240720975052243e-01,4.685696921266695458e-01,5.721949735734056519e-01,3.259405968432347311e-01,6.337387454502408923e-01,3.754572167444598096e-01,6.245679448576226811e-01,5.136323857635991530e-01,1.000000000000000000e+00,-8.312890636387529342e-02,4.339161184086163248e-01,5.397295508589061708e-01,5.816374714860469419e-01,1.623217719137713955e-01,1.958663646740863851e-01
4.178228214464191903e-01,1.884708826386191916e-01,2.181147502301012120e-01,-2.950432289329466343e-02,3.099842534415882533e-01,2.399759742411416985e-02,1.888251115239188982e-01,-1.728805839134150424e-01,5.013855456429908708e-01,1.874590774549177996e-01,1.342191592685566537e-01,2.780275064351448444e-01,-7.026754661881913500e-02,1.696873051408261945e-01,2.459355337694630050e-01,2.584366205466687716e-01,2.206215714966582309e-01,-4.083024270696273827e-01,-4.090859882502947409e-01,3.429925949082529568e-01,7.361487921170738191e-02,1.314890944947333939e-01,2.006343732401432711e-01,2.182792581936852661e-01,1.646559798221522083e-02,2.730903900716661337e-01,1.874440275063347094e-01,3.868812034853902904e-01,1.114877804933604305e-01,3.248163539704475578e-01,1.825707666244233141e-01,1.765455559161690224e-01,-8.312890636387529342e-02,1.000000000000000000e+00,3.107663155672086841e-01,2.933158297222649979e-01,2.548205580344525822e-01,4.032066677480907746e-01,3.703276440474760900e-01
5.839271520205101540e-01,6.102362963454679434e-01,6.760072249688930945e-01,1.455066010271527932e-01,4.746568027709019977e-01,1.826522499340610395e-01,6.014029521949579848e-01,-6.149972953094271499e-01,6.045983186451496794e-01,4.334735695667115696e-01,4.431619320944504836e-01,5.802690788088780138e-01,3.024791800840052058e-01,7.690926227260709291e-01,6.115751436793092077e-01,4.155576975782276916e-01,5.962890801196398805e-01,-4.193291652288064775e-01,-2.662332840592898098e-01,6.866966110651115951e-01,4.937247738148454190e-01,5.500380278176524307e-01,6.614813913865702499e-01,6.434137402355147861e-01,2.896815497719722465e-01,6.328133196220686596e-01,6.598600004620954751e-01,7.288175520797617324e-01,6.193565860843357473e-01,5.429725867094330471e-01,6.529417771114447433e-01,7.137102823752945469e-01,4.339161184086163248e-01,3.107663155672086841e-01,1.000000000000000000e+00,6.609838787531248094e-01,8.300108073693482913e-01,6.066282764125889848e-01,4.973866507368061018e-01
6.857945099044135961e-01,6.784883485160777550e-01,6.671930528379802494e-01,-1.481873708191655814e-01,6.025426834678935251e-01,3.043909203328337143e-01,3.312564969618387867e-01,-6.740261749330556107e-01,5.195073003843411197e-01,4.562597248884560641e-01,3.754289325041925696e-01,3.436175968892392629e-01,1.825493504927657440e-01,6.578051687695496419e-01,3.715476798345074827e-01,4.172644832982200791e-01,6.369031734991058569e-01,-3.373367805718713308e-01,-2.671446128948211651e-01,5.264103228173254712e-01,6.049411823010221179e-01,4.427126423035869229e-01,6.371214989587747901e-01,6.497386706765876374e-01,2.714434792771859839e-01,7.247161171624812992e-01,6.729249793133685875e-01,6.252640955299635372e-01,7.430439215028724620e-01,6.281413634565138349e-01,6.584393061525631863e-01,6.727840743003662416e-01,5.397295508589061708e-01,2.933158297222649979e-01,6.609838787531248094e-01,1.000000000000000000e+00,7.986247602887394104e-01,4.931046343207106109e-01,4.111364020348055037e-01
6.361394749220290468e-01,7.136520146148889188e-01,7.731172520589907338e-01,4.746233163364755453e-02,6.079111386353992508e-01,2.630327713550635882e-01,5.393445168329793482e-01,-7.366323469003855928e-01,5.951836422228544698e-01,4.952494085294144033e-01,5.182666778063853563e-01,5.119757629296994850e-01,3.152873303099461011e-01,8.144285502008092870e-01,5.282876181382057945e-01,4.643031106580876033e-01,7.102926682381573986e-01,-3.466017330554040377e-01,-2.455309529106003974e-01,6.766071836225313607e-01,6.756265714622204932e-01,6.094016271381401673e-01,7.761563404010840550e-01,7.486239910049760082e-01,4.476610516336202994e-01,7.470956353536526429e-01,7.442344462535316341e-01,7.368719583166162268e-01,8.003204267580519282e-01,6.201088995836684381e-01,7.222843956178304214e-01,7.961087346384964070e-01,5.816374714860469419e-01,2.548205580344525822e-01,8.300108073693482913e-01,7.986247602887394104e-01,1.000000000000000000e+00,5.503439487411961872e-01,4.828756636111332656e-01
7.205012915637473148e-01,7.035664748334141683e-01,6.657563608509560193e-01,3.205390087866124005e-01,5.999869297232094389e-01,-2.280064527955790732e-01,5.439053219013481044e-01,-5.412938339483861494e-01,8.475245717109950450e-01,6.818723409522106094e-01,3.937766280693380527e-01,8.123502761840021291e-01,3.203037015925135900e-01,5.923913927445955130e-01,7.845401941641274579e-01,7.319778536728799301e-01,5.695580950881091731e-01,-8.662999875594117327e-01,-7.019497969941912441e-01,8.161795117431724922e-01,3.581695972423628582e-01,6.242492405009782974e-01,4.945493176358445320e-01,6.102128058198880156e-01,2.098496643674057360e-01,6.046146658613431590e-01,5.085815696598654512e-01,6.867383681047165567e-01,2.719919750812735959e-01,7.206306499111718722e-01,4.177643359515662569e-01,4.462344589619288149e-01,1.623217719137713955e-01,4.032066677480907746e-01,6.066282764125889848e-01,4.931046343207106109e-01,5.503439487411961872e-01,1.000000000000000000e+00,8.380652249639061191e-01
6.386654936815697736e-01,7.442672539953749666e-01,6.663184242629519582e-01,4.175949729136721467e-01,7.066175960806139189e-01,-2.821706022253508417e-01,5.402325790206192746e-01,-5.516192741294998481e-01,8.438431207548307000e-01,8.258663083546827766e-01,3.859732999723650693e-01,8.245509003269366755e-01,4.702028355687484229e-01,5.221422561027877496e-01,6.954258867760529927e-01,8.040304784021544693e-01,4.981650660561144361e-01,-7.725904749868873767e-01,-8.338370135746846490e-01,7.345941694808256761e-01,3.567663050317144147e-01,7.013652865433984696e-01,5.465909504638458705e-01,5.722420209215520748e-01,3.496058070074329338e-01,5.866104419681056337e-01,4.823107784643981821e-01,5.756270226296937853e-01,2.487426745311938914e-01,7.427597415988972385e-01,3.169295382505696868e-01,4.126806022031655474e-01,1.958663646740863851e-01,3.703276440474760900e-01,4.973866507368061018e-01,4.111364020348055037e-01,4.828756636111332656e-01,8.380652249639061191e-01,1.000000000000000000e+00
