1.000000000000000000e+00,7.162594322736220986e-01,5.927432837911610353e-01,4.614847200987207132e-01,6.275433957989854372e-01,-3.325181169150264182e-01,-3.154178754621128622e-01,-6.093583947516020283e-01,6.408335580735852188e-01,5.106741547230277956e-01,-7.689498537875094630e-02,5.035913716873144930e-01,1.743107161687700371e-02,3.113073487407528317e-01,4.531397864091210037e-01,5.418240445665348792e-01,-1.465420143622352296e-02,5.627669474403943495e-01,5.092807082275289110e-01,5.848986842343544337e-03,-3.131207979781875927e-01,-2.661327269105789317e-01,2.298358733261136599e-01,-1.049220903920725367e-01,3.754784620473429202e-01,-1.671002980838164342e-01,-3.159199158534728435e-02,-2.881205406488739906e-01,-2.455418303217021536e-01,5.756843813956439293e-01,-2.939637471996237594e-01,-2.722294709266803170e-01,-1.773466755264088424e-01,5.910032534480013089e-01,-4.553094471079264238e-01,3.944432852708247284e-01,-3.792825546016603266e-01,5.178967251333643773e-01,6.742185384835017725e-01
7.162594322736220986e-01,1.000000000000000000e+00,6.555714565560953888e-01,5.886860964475492120e-01,6.438645696936443619e-01,-4.117996859939445642e-01,-3.899997394487113023e-01,-5.795087952930820796e-01,8.191530408268207220e-01,4.415545834010025095e-01,-1.732128635898827484e-01,7.248527561589622747e-01,1.766795964986451195e-01,3.452347041968991670e-01,6.827651972702233341e-01,5.007170531512667999e-01,2.385125573306251523e-02,7.569332467987872626e-01,7.193374477404442802e-01,-8.573021602656885620e-02,-5.293752365467271348e-01,-4.361793200812988380e-01,1.105645084776116921e-01,-1.028755936641947699e-01,3.923115324971595541e-01,-3.904088183363770836e-01,-1.575054740074159632e-01,-4.706510206022718745e-01,-4.402127680389573139e-01,4.901404351549583094e-01,-5.157150768136037344e-01,-3.702180051690543983e-01,-3.291753996027823592e-01,8.068577349282336497e-01,-6.197460824626229714e-01,3.935978425153323634e-01,-5.713357917055968960e-01,5.954813617047234331e-01,8.115921843204553232e-01
5.927432837911610353e-01,6.555714565560953888e-01,1.000000000000000000e+00,4.628521397105298529e-01,8.175879781867607665e-01,-3.092450494514252246e-01,-1.352869073812552614e-01,-7.908406196038844094e-01,6.454623289071517167e-01,5.921749417031659801e-01,5.694860987535948355e-02,5.211221239646004477e-01,9.455820511006605977e-02,5.465351362667723034e-01,4.454594687138419551e-01,6.103636517359782854e-01,2.102104366269821056e-01,6.273372596970353543e-01,5.760363530921421837e-01,2.233836181234980234e-01,-1.817826948428773182e-01,-8.589025247872567048e-02,2.584584231831782986e-01,4.342407333948430925e-03,4.800538968370088866e-01,-5.213111451817412090e-02,1.583035402745746056e-01,-1.229720562872188144e-01,-1.902142426006371567e-01,6.469664032608356541e-01,-1.751401703725734005e-01,-1.220410022786092841e-01,2.998488708247406750e-02,6.406360239580525251e-01,-3.380719690879837591e-01,4.513178909874008826e-01,-2.672755856395571672e-01,5.748903341408345691e-01,6.222612531225637511e-01
4.614847200987207132e-01,5.886860964475492120e-01,4.628521397105298529e-01,1.000000000000000000e+00,3.914998972781081332e-01,-2.895897820449377380e-01,-3.504712614976429608e-01,-2.784136907249268322e-01,7.387897626550389285e-01,2.955977193247195101e-01,-4.057315739209100269e-01,7.104889692172514648e-01,1.098242315906402568e-02,1.020681039172042018e-02,6.786348628439666797e-01,2.552418707976180645e-01,-2.447487193995731281e-01,7.598967029984080579e-01,7.208140054033295163e-01,-8.431565500294514737e-02,-6.058097463792471160e-01,-4.675766695758944436e-01,-2.703985174743061548e-01,-3.553048254363535552e-01,1.164177136822077269e-01,-5.563647815918596473e-01,-3.922858429297631511e-01,-6.232421459662319529e-01,-6.006254643712555241e-01,3.832411050924006690e-01,-6.308456453688020549e-01,-6.014159144548466562e-01,-5.699881949858103258e-01,7.354065253485079223e-01,-6.639866542541681405e-01,2.750777533959601895e-01,-6.322515432609596697e-01,4.644662254281190505e-01,7.259474757239473552e-01
6.275433957989854372e-01,6.438645696936443619e-01,8.175879781867607665e-01,3.914998972781081332e-01,1.000000000000000000e+00,-4.198673780125475874e-01,-9.084535298437466933e-02,-7.508065914174709699e-01,6.409486277080786998e-01,6.981473405940429311e-01,1.442207787847104850e-01,5.077380693539023104e-01,1.119376681843032018e-01,5.990992106108754545e-01,4.286272765536415230e-01,7.307750558386519879e-01,2.403392814934082189e-01,6.304864546127413316e-01,5.906483211918921450e-01,1.770686929078336413e-01,-1.557270304281031248e-01,-8.866461538543854437e-02,3.311250373649523571e-01,1.807189136754914311e-03,5.274750915850874300e-01,-1.341929321245957955e-03,2.330641649249785563e-01,-7.868280090495997914e-02,-1.790066289219704454e-01,7.396081247417477522e-01,-1.127049809228046207e-01,-1.306595880510113550e-01,6.039167940018220354e-02,6.134159998237213030e-01,-3.961135059756720200e-01,5.103303335075021208e-01,-2.614807433393167568e-01,6.710701234527106651e-01,6.154051231281469914e-01
-3.325181169150264182e-01,-4.117996859939445642e-01,-3.092450494514252246e-01,-2.895897820449377380e-01,-4.198673780125475874e-01,1.000000000000000000e+00,-5.538875876426686612e-04,5.961436914569538947e-01,-4.757323106747459174e-01,-3.057440042481964215e-01,-3.474145102295533687e-03,-5.851410712378827261e-01,-4.107447739855680791e-01,-2.575762562035092129e-01,-5.803197429104649530e-01,-3.061305612686668898e-01,-3.154581693732881886e-01,-4.355361307004878557e-01,-4.965841804526884284e-01,-1.725535304395369451e-01,2.083522214996574307e-01,1.096414085699112251e-01,2.617026485529302254e-02,5.685377752454531253e-01,1.303093815910840170e-01,1.360988297589358353e-01,-8.060814716748600228e-02,1.110274775449330981e-01,4.785355784413787283e-01,-3.146357377021043455e-01,2.063543636484176935e-01,3.074799820402562833e-01,3.834170365790412482e-02,-4.460670018702921347e-01,6.066987867463838890e-01,-4.482054859410044556e-01,4.348231824520614186e-01,-5.835973443735108512e-01,-4.786627268926239021e-01
-3.154178754621128622e-01,-3.899997394487113023e-01,-1.352869073812552614e-01,-3.504712614976429608e-01,-9.084535298437466933e-02,-5.538875876426686612e-04,1.000000000000000000e+00,4.269509023762489697e-02,-5.183692808309068312e-01,1.582239812606436591e-01,5.353028385588556315e-01,-4.445533111870911824e-01,2.104146177324122957e-01,4.276542915532737799e-01,-4.608984216838282744e-01,2.184732299018510571e-01,4.975535803981379068e-01,-4.752707191162393596e-01,-4.320932157972257603e-01,6.421182734510862966e-01,7.292277629253092197e-01,8.092059747339099829e-01,3.266575377303290173e-01,2.178153389724519495e-01,3.567772197669357576e-02,6.158342882263371232e-01,5.674779594470495958e-01,7.449872891414762721e-01,4.590836737040657201e-01,9.990123023053615325e-02,6.995610188357715975e-01,5.618856816140270771e-01,6.795753315064100297e-01,-5.407489013677364564e-01,4.701346083897403050e-01,3.585436412083196633e-01,6.211595670674662228e-01,-2.217522685754738099e-01,-5.377363567552284618e-01
-6.093583947516020283e-01,-5.795087952930820796e-01,-7.908406196038844094e-01,-2.784136907249268322e-01,-7.508065914174709699e-01,5.961436914569538947e-01,4.269509023762489697e-02,1.000000000000000000e+00,-5.416436328628119190e-01,-5.040371556397541530e-01,-2.234774238176813754e-01,-4.614650014148790058e-01,-3.366184008791874294e-01,-5.766692624703126935e-01,-4.156595868299987617e-01,-5.476201483107299151e-01,-4.166046873700042785e-01,-4.761720207956766093e-01,-4.436383687193201641e-01,-2.804838970971500478e-01,7.211167017465927587e-02,7.562442494942671865e-03,-3.334698801908026478e-01,1.324722397195327028e-01,-2.953402482625846481e-01,-8.510580120422059358e-02,-2.630045188970325798e-01,-2.424536141394812577e-02,1.438749271421334297e-01,-5.704937289456426530e-01,6.481247764621449192e-02,3.495849206700983591e-02,-1.767688475815691052e-01,-5.178663520514090735e-01,3.492672866840813573e-01,-4.518450833578118164e-01,2.194936588683145118e-01,-5.910753553777644553e-01,-5.325721948808554984e-01
6.408335580735852188e-01,8.191530408268207220e-01,6.454623289071517167e-01,7.387897626550389285e-01,6.409486277080786998e-01,-4.757323106747459174e-01,-5.183692808309068312e-01,-5.416436328628119190e-01,1.000000000000000000e+00,4.286564859594964028e-01,-2.990817843931183884e-01,8.785554521582240595e-01,1.230636625623076491e-01,1.740155125300686390e-01,8.495539244722991601e-01,4.000251511016432171e-01,-9.575611412124600264e-02,9.192316981265573617e-01,8.942616622646388791e-01,-1.845583000827339393e-01,-7.001786351446485090e-01,-5.940115823203281353e-01,-8.491646088455150065e-02,-3.183409225574592716e-01,2.642976523715006021e-01,-5.558786917704969799e-01,-2.780802147166899774e-01,-6.482257182153278174e-01,-6.319636322685506791e-01,5.164449338306869031e-01,-6.791445540866266617e-01,-5.998410583450098921e-01,-5.345596640628080820e-01,9.202304293168412919e-01,-7.902689563424799557e-01,3.557911711445511660e-01,-7.376337128641673457e-01,7.289901636749408498e-01,9.242430871919974367e-01
5.106741547230277956e-01,4.415545834010025095e-01,5.921749417031659801e-01,2.955977193247195101e-01,6.981473405940429311e-01,-3.057440042481964215e-01,1.582239812606436591e-01,-5.040371556397541530e-01,4.286564859594964028e-01,1.000000000000000000e+00,3.290706603608039571e-01,3.499760660209942920e-01,4.358232338924462879e-02,6.248391209513681765e-01,2.467512120979898083e-01,8.639912337743803628e-01,3.941634255794657649e-01,4.477610839885120542e-01,4.661420752310876381e-01,4.165485079329149243e-01,1.002233210381092282e-01,2.088010491142694713e-01,5.526441395172422277e-01,2.323973184277436377e-02,5.990312503911360276e-01,2.502798502727870411e-01,4.975092510166190252e-01,1.119199914468896051e-01,2.454653532105888908e-02,8.094304342138876063e-01,1.681906579373361466e-01,1.211800609316564109e-01,2.219229080143624855e-01,3.348936797311750091e-01,-1.755010351074623720e-01,6.474397547249917118e-01,9.646099434703205716e-03,6.394728859061241666e-01,4.338277392660023768e-01
-7.689498537875094630e-02,-1.732128635898827484e-01,5.694860987535948355e-02,-4.057315739209100269e-01,1.442207787847104850e-01,-3.474145102295533687e-03,5.353028385588556315e-01,-2.234774238176813754e-01,-2.990817843931183884e-01,3.290706603608039571e-01,1.000000000000000000e+00,-3.788017136338315272e-01,2.425526483864229310e-01,5.434307551048888074e-01,-3.991151453273761307e-01,3.754258413632674540e-01,6.302671412884015556e-01,-3.318421767536361422e-01,-3.361538862748323919e-01,5.201060026655102142e-01,6.665567563321217470e-01,6.303005965256579524e-01,7.108105840481295790e-01,4.297995334468123763e-01,3.553618632204461059e-01,7.335021620345969495e-01,7.183493969215253294e-01,6.992016142832593317e-01,6.560324487333470955e-01,2.596688801312846961e-01,6.692911256035966039e-01,6.986876524993027582e-01,7.350201083295813120e-01,-3.521361824596482282e-01,5.014836600484308127e-01,1.576711638850323005e-01,6.728205768512106610e-01,2.028006845364078992e-02,-3.390971718140012858e-01
5.035913716873144930e-01,7.248527561589622747e-01,5.211221239646004477e-01,7.104889692172514648e-01,5.077380693539023104e-01,-5.851410712378827261e-01,-4.445533111870911824e-01,-4.614650014148790058e-01,8.785554521582240595e-01,3.499760660209942920e-01,-3.788017136338315272e-01,1.000000000000000000e+00,1.749678589784529892e-01,8.775553071714682629e-02,9.232362895381637236e-01,2.718723638864198877e-01,-5.603581620481816461e-02,8.746743523319338021e-01,8.944836210376893026e-01,-1.318001867039607922e-01,-7.176087212059959475e-01,-5.698742595828322210e-01,-2.487170775638053444e-01,-4.964858806053617513e-01,1.011471614896094218e-01,-6.280748237442108639e-01,-3.084366824749991687e-01,-6.570501229796689158e-01,-7.627444240864998948e-01,3.958115363337100234e-01,-6.983885310945873170e-01,-6.592724952872098809e-01,-5.710695659274681590e-01,8.669247530250545619e-01,-8.553481448688022848e-01,4.288025208530260590e-01,-7.930518156241798122e-01,6.771539471321355030e-01,8.703054037363294748e-01
1.743107161687700371e-02,1.766795964986451195e-01,9.455820511006605977e-02,1.098242315906402568e-02,1.119376681843032018e-01,-4.107447739855680791e-01,2.104146177324122957e-01,-3.366184008791874294e-01,1.230636625623076491e-01,4.358232338924462879e-02,2.425526483864229310e-01,1.749678589784529892e-01,1.000000000000000000e+00,3.640525818998827656e-01,2.229270911508726416e-01,6.327334026430669889e-02,5.100407855341597685e-01,5.446248476520586940e-02,9.921600326988598562e-02,2.139059286749796507e-01,2.065782063199474161e-02,4.337448720483424308e-02,1.805928655498736657e-01,3.695162051320005636e-02,3.287592300034065246e-02,7.075993337637441483e-02,7.517578894929319300e-02,1.469899629749891468e-01,1.118068486661736270e-02,1.108819006183751898e-01,-5.364161729622708014e-02,1.350709038418367591e-01,1.112789814745017564e-01,9.784686195230352102e-02,-1.118304274764134604e-01,2.409638556984308733e-01,-2.182089709155846796e-02,2.056166138781358455e-01,8.619201749986553363e-02
3.113073487407528317e-01,3.452347041968991670e-01,5.465351362667723034e-01,1.020681039172042018e-02,5.990992106108754545e-01,-2.575762562035092129e-01,4.276542915532737799e-01,-5.766692624703126935e-01,1.740155125300686390e-01,6.248391209513681765e-01,5.434307551048888074e-01,8.775553071714682629e-02,3.640525818998827656e-01,1.000000000000000000e+00,3.278760967054561437e-02,6.929497382515238391e-01,6.299453354624856560e-01,1.532558465271374459e-01,1.454648504039968704e-01,5.167925987735489946e-01,3.696366315696153482e-01,4.149111166726830446e-01,6.422724022993202553e-01,3.577357005455621963e-01,5.362390045239321390e-01,4.861860857623505061e-01,6.104851790372826104e-01,4.591608571981881104e-01,3.197848788310302948e-01,5.962499958341636042e-01,3.834602546310722504e-01,4.182624161206112134e-01,5.595571941908461522e-01,1.291830206455719943e-01,1.032582590176738535e-01,5.565264818544574110e-01,2.817770751039919142e-01,3.808971181053382726e-01,1.285729007987825301e-01
4.531397864091210037e-01,6.827651972702233341e-01,4.454594687138419551e-01,6.786348628439666797e-01,4.286272765536415230e-01,-5.803197429104649530e-01,-4.608984216838282744e-01,-4.156595868299987617e-01,8.495539244722991601e-01,2.467512120979898083e-01,-3.991151453273761307e-01,9.232362895381637236e-01,2.229270911508726416e-01,3.278760967054561437e-02,1.000000000000000000e+00,1.892544200862075754e-01,-6.947660233074311187e-02,8.449992691409909940e-01,8.621966209639772005e-01,-1.733359017734283913e-01,-7.454054371592203632e-01,-6.042351508265321192e-01,-3.001393312842516314e-01,-5.033414300295970811e-01,3.395097219556820339e-02,-6.688857111185677606e-01,-3.976410692719353213e-01,-6.763549778021203940e-01,-7.723622470068807200e-01,3.279832818599410782e-01,-7.499592374639774128e-01,-6.812999347277296502e-01,-6.152077462509837336e-01,8.473983355284780972e-01,-8.586299836630374438e-01,3.692244287446848627e-01,-8.033755492767417072e-01,6.378392645238549763e-01,8.247383211786896151e-01
5.418240445665348792e-01,5.007170531512667999e-01,6.103636517359782854e-01,2.552418707976180645e-01,7.307750558386519879e-01,-3.061305612686668898e-01,2.184732299018510571e-01,-5.476201483107299151e-01,4.000251511016432171e-01,8.639912337743803628e-01,3.754258413632674540e-01,2.718723638864198877e-01,6.327334026430669889e-02,6.929497382515238391e-01,1.892544200862075754e-01,1.000000000000000000e+00,4.010850001857879099e-01,4.088022170498210595e-01,3.997686772285521939e-01,4.519200571780242481e-01,1.545058210614979888e-01,2.606591537112479817e-01,5.968767215756715094e-01,1.286735748245910194e-01,6.339429430199223781e-01,2.917280444643721715e-01,4.739275095346918709e-01,1.764896198610233780e-01,8.363930185928040995e-02,8.074614963018857949e-01,2.056330570492037602e-01,1.626088978455415834e-01,2.924988691568656263e-01,3.209593797497936052e-01,-1.341527464716295859e-01,6.161166547537019200e-01,5.986017504683426721e-02,5.946856439638718017e-01,3.888144807178037787e-01
-1.465420143622352296e-02,2.385125573306251523e-02,2.102104366269821056e-01,-2.447487193995731281e-01,2.403392814934082189e-01,-3.154581693732881886e-01,4.975535803981379068e-01,-4.166046873700042785e-01,-9.575611412124600264e-02,3.941634255794657649e-01,6.302671412884015556e-01,-5.603581620481816461e-02,5.100407855341597685e-01,6.299453354624856560e-01,-6.947660233074311187e-02,4.010850001857879099e-01,1.000000000000000000e+00,-1.112468077330848737e-01,-4.821019610185987847e-02,6.051876255193184839e-01,4.900334763828160245e-01,5.483296793926846213e-01,5.481605449514547201e-01,1.769964904833403463e-01,2.686954970918336016e-01,5.602927583832341130e-01,6.187568095898386966e-01,5.855177164517731958e-01,3.805791232301152793e-01,3.219749880809045783e-01,4.753650301796238931e-01,5.768320799742318039e-01,6.120654101178274464e-01,-1.442445113091152809e-01,2.483163238624853664e-01,4.104852054978184173e-01,4.025239705317282257e-01,2.477556181500425170e-01,-1.095675397238694976e-01
5.627669474403943495e-01,7.569332467987872626e-01,6.273372596970353543e-01,7.598967029984080579e-01,6.304864546127413316e-01,-4.355361307004878557e-01,-4.752707191162393596e-01,-4.761720207956766093e-01,9.192316981265573617e-01,4.477610839885120542e-01,-3.318421767536361422e-01,8.746743523319338021e-01,5.446248476520586940e-02,1.532558465271374459e-01,8.449992691409909940e-01,4.088022170498210595e-01,-1.112468077330848737e-01,1.000000000000000000e+00,9.191495876358659611e-01,-1.599160900888547399e-01,-6.898961659089604126e-01,-5.715353360022505935e-01,-1.301436578430755497e-01,-3.421631347267058976e-01,2.601439820096428379e-01,-5.532211168581943062e-01,-2.758255252778876176e-01,-6.423219878574827346e-01,-6.472137376024067468e-01,5.129608692734470843e-01,-6.599868300377006447e-01,-6.269735827384713689e-01,-5.447822832222768419e-01,8.978997784407508620e-01,-7.844748194856157042e-01,3.700983874860906409e-01,-7.322695662046685428e-01,7.481651003824334456e-01,8.965464940203503597e-01
5.092807082275289110e-01,7.193374477404442802e-01,5.760363530921421837e-01,7.208140054033295163e-01,5.906483211918921450e-01,-4.965841804526884284e-01,-4.320932157972257603e-01,-4.436383687193201641e-01,8.942616622646388791e-01,4.661420752310876381e-01,-3.361538862748323919e-01,8.944836210376893026e-01,9.921600326988598562e-02,1.454648504039968704e-01,8.621966209639772005e-01,3.997686772285521939e-01,-4.821019610185987847e-02,9.191495876358659611e-01,1.000000000000000000e+00,-1.378830735503554505e-01,-6.772511496203964532e-01,-5.438124410247374696e-01,-1.452070103580253291e-01,-3.946891641597574107e-01,2.358289947366083161e-01,-5.487006672406021801e-01,-2.449894762171706819e-01,-6.178578815320254769e-01,-6.767334728357836671e-01,4.836657421674888102e-01,-6.401494893128435448e-01,-6.127213354397119671e-01,-5.360199799433280621e-01,8.658465585650947371e-01,-7.970040553596461352e-01,4.123741517813083735e-01,-7.356674165007116573e-01,7.605618551550401563e-01,8.882407739973290361e-01
5.848986842343544337e-03,-8.573021602656885620e-02,2.233836181234980234e-01,-8.431565500294514737e-02,1.770686929078336413e-01,-1.725535304395369451e-01,6.421182734510862966e-01,-2.804838970971500478e-01,-1.845583000827339393e-01,4.165485079329149243e-01,5.201060026655102142e-01,-1.318001867039607922e-01,2.139059286749796507e-01,5.167925987735489946e-01,-1.733359017734283913e-01,4.519200571780242481e-01,6.051876255193184839e-01,-1.599160900888547399e-01,-1.378830735503554505e-01,1.000000000000000000e+00,5.927028325714676082e-01,7.378620222568185172e-01,4.078668925674289736e-01,1.470912218532517690e-01,2.432395480389217546e-01,5.370737653062204187e-01,5.387709908267738212e-01,6.040014101817394732e-01,3.479251214717450358e-01,3.468118854042531729e-01,5.391004686060970608e-01,4.967997129303969861e-01,6.066028635538679437e-01,-2.421414097763441575e-01,3.078356804260059532e-01,4.566547040604832519e-01,4.858500592544106600e-01,6.143752088161553299e-02,-2.003012338013157034e-01
-3.131207979781875927e-01,-5.293752365467271348e-01,-1.817826948428773182e-01,-6.058097463792471160e-01,-1.557270304281031248e-01,2.083522214996574307e-01,7.292277629253092197e-01,7.211167017465927587e-02,-7.001786351446485090e-01,1.002233210381092282e-01,6.665567563321217470e-01,-7.176087212059959475e-01,2.065782063199474161e-02,3.696366315696153482e-01,-7.454054371592203632e-01,1.545058210614979888e-01,4.900334763828160245e-01,-6.898961659089604126e-01,-6.772511496203964532e-01,5.927028325714676082e-01,1.000000000000000000e+00,8.842300729853578289e-01,5.235604519359036146e-01,4.348424395247899588e-01,1.147850853412837185e-01,8.848308498682611045e-01,7.177505195647223557e-01,9.141839428558593550e-01,7.977174735600387478e-01,-1.064834103783330981e-02,9.103377178862021024e-01,8.129344908952150783e-01,8.873998196029128094e-01,-7.281872265011233303e-01,7.910987911877844780e-01,2.713985222862799404e-02,8.769425764154760161e-01,-3.263920226511485279e-01,-7.005789542414891935e-01
-2.661327269105789317e-01,-4.361793200812988380e-01,-8.589025247872567048e-02,-4.675766695758944436e-01,-8.866461538543854437e-02,1.096414085699112251e-01,8.092059747339099829e-01,7.562442494942671865e-03,-5.940115823203281353e-01,2.088010491142694713e-01,6.303005965256579524e-01,-5.698742595828322210e-01,4.337448720483424308e-02,4.149111166726830446e-01,-6.042351508265321192e-01,2.606591537112479817e-01,5.483296793926846213e-01,-5.715353360022505935e-01,-5.438124410247374696e-01,7.378620222568185172e-01,8.842300729853578289e-01,1.000000000000000000e+00,4.723608606078191774e-01,3.227343081627651045e-01,1.355510413433105299e-01,7.926940291785412596e-01,6.919967357701773958e-01,8.583784764388856514e-01,6.573944120531919344e-01,8.719935629414048150e-02,8.395717970412260867e-01,7.403527979592265940e-01,8.280997832017941152e-01,-6.304750479716394462e-01,6.642006224780014900e-01,2.156911559894341690e-01,7.871931493690152992e-01,-2.472763656044134062e-01,-5.970393220583302130e-01
2.298358733261136599e-01,1.105645084776116921e-01,2.584584231831782986e-01,-2.703985174743061548e-01,3.311250373649523571e-01,2.617026485529302254e-02,3.266575377303290173e-01,-3.334698801908026478e-01,-8.491646088455150065e-02,5.526441395172422277e-01,7.108105840481295790e-01,-2.487170775638053444e-01,1.805928655498736657e-01,6.422724022993202553e-01,-3.001393312842516314e-01,5.968767215756715094e-01,5.481605449514547201e-01,-1.301436578430755497e-01,-1.452070103580253291e-01,4.078668925674289736e-01,5.235604519359036146e-01,4.723608606078191774e-01,1.000000000000000000e+00,5.288416145284198233e-01,6.155430753182836723e-01,6.819538604411518046e-01,6.969832493982415222e-01,5.382723212535951429e-01,6.186053312151895689e-01,4.990760584781572806e-01,5.555859048328789518e-01,6.728803650569264994e-01,6.377591873057116834e-01,-1.616735953977780360e-01,4.159733414821355502e-01,2.658317498847829197e-01,5.456964404099348132e-01,2.371390308396821023e-01,-1.176737180010923450e-01
-1.049220903920725367e-01,-1.028755936641947699e-01,4.342407333948430925e-03,-3.553048254363535552e-01,1.807189136754914311e-03,5.685377752454531253e-01,2.178153389724519495e-01,1.324722397195327028e-01,-3.183409225574592716e-01,2.323973184277436377e-02,4.297995334468123763e-01,-4.964858806053617513e-01,3.695162051320005636e-02,3.577357005455621963e-01,-5.033414300295970811e-01,1.286735748245910194e-01,1.769964904833403463e-01,-3.421631347267058976e-01,-3.946891641597574107e-01,1.470912218532517690e-01,4.348424395247899588e-01,3.227343081627651045e-01,5.288416145284198233e-01,1.000000000000000000e+00,4.828106397738264333e-01,4.677625201454349013e-01,3.160274262145985613e-01,4.223316104561629647e-01,7.000912306235097526e-01,3.767465054609953068e-02,4.086956158103495218e-01,6.195046327670296060e-01,4.315686993865687215e-01,-3.168744131812111786e-01,6.423342028936339654e-01,-1.613851021358294335e-01,6.026853202782901375e-01,-2.781522070166158045e-01,-3.735338587960501111e-01
3.754784620473429202e-01,3.923115324971595541e-01,4.800538968370088866e-01,1.164177136822077269e-01,5.274750915850874300e-01,1.303093815910840170e-01,3.567772197669357576e-02,-2.953402482625846481e-01,2.642976523715006021e-01,5.990312503911360276e-01,3.553618632204461059e-01,1.011471614896094218e-01,3.287592300034065246e-02,5.362390045239321390e-01,3.395097219556820339e-02,6.339429430199223781e-01,2.686954970918336016e-01,2.601439820096428379e-01,2.358289947366083161e-01,2.432395480389217546e-01,1.147850853412837185e-01,1.355510413433105299e-01,6.155430753182836723e-01,4.828106397738264333e-01,1.000000000000000000e+00,2.177548582376232778e-01,3.055440086116389953e-01,1.240030249268502527e-01,2.856280360635553017e-01,5.709273332974659221e-01,1.202384943693487335e-01,2.952929101384649258e-01,2.251711751529610617e-01,2.343394239206426644e-01,1.153504432751183972e-01,2.529480643938056827e-01,1.874917249524620799e-01,2.992393934396396227e-01,2.432957018686985329e-01
-1.671002980838164342e-01,-3.904088183363770836e-01,-5.213111451817412090e-02,-5.563647815918596473e-01,-1.341929321245957955e-03,1.360988297589358353e-01,6.158342882263371232e-01,-8.510580120422059358e-02,-5.558786917704969799e-01,2.502798502727870411e-01,7.335021620345969495e-01,-6.280748237442108639e-01,7.075993337637441483e-02,4.861860857623505061e-01,-6.688857111185677606e-01,2.917280444643721715e-01,5.602927583832341130e-01,-5.532211168581943062e-01,-5.487006672406021801e-01,5.370737653062204187e-01,8.848308498682611045e-01,7.926940291785412596e-01,6.819538604411518046e-01,4.677625201454349013e-01,2.177548582376232778e-01,1.000000000000000000e+00,8.163050536760234621e-01,8.750662500548870293e-01,8.196667717837174960e-01,1.269560021131718175e-01,8.893307449829294109e-01,8.302804350561335811e-01,8.923299298334910201e-01,-6.083860615970924091e-01,7.297460051369335510e-01,6.992151840767443782e-02,8.304293433427687443e-01,-1.113315074967871215e-01,-5.588071739820503758e-01
-3.159199158534728435e-02,-1.575054740074159632e-01,1.583035402745746056e-01,-3.922858429297631511e-01,2.330641649249785563e-01,-8.060814716748600228e-02,5.674779594470495958e-01,-2.630045188970325798e-01,-2.780802147166899774e-01,4.975092510166190252e-01,7.183493969215253294e-01,-3.084366824749991687e-01,7.517578894929319300e-02,6.104851790372826104e-01,-3.976410692719353213e-01,4.739275095346918709e-01,6.187568095898386966e-01,-2.758255252778876176e-01,-2.449894762171706819e-01,5.387709908267738212e-01,7.177505195647223557e-01,6.919967357701773958e-01,6.969832493982415222e-01,3.160274262145985613e-01,3.055440086116389953e-01,8.163050536760234621e-01,1.000000000000000000e+00,7.192038288198374651e-01,5.948740118883125705e-01,3.160117318868487790e-01,7.720784444315766937e-01,6.954077574496593250e-01,8.054928360791717701e-01,-3.568742508561681404e-01,4.766103258643713536e-01,3.392159184486076562e-01,6.257778587257810665e-01,1.625799335167216753e-01,-2.862596389981840184e-01
-2.881205406488739906e-01,-4.706510206022718745e-01,-1.229720562872188144e-01,-6.232421459662319529e-01,-7.868280090495997914e-02,1.110274775449330981e-01,7.449872891414762721e-01,-2.424536141394812577e-02,-6.482257182153278174e-01,1.119199914468896051e-01,6.992016142832593317e-01,-6.570501229796689158e-01,1.469899629749891468e-01,4.591608571981881104e-01,-6.763549778021203940e-01,1.764896198610233780e-01,5.855177164517731958e-01,-6.423219878574827346e-01,-6.178578815320254769e-01,6.040014101817394732e-01,9.141839428558593550e-01,8.583784764388856514e-01,5.382723212535951429e-01,4.223316104561629647e-01,1.240030249268502527e-01,8.750662500548870293e-01,7.192038288198374651e-01,1.000000000000000000e+00,7.618977337768680913e-01,1.648619945555847982e-02,8.867300241707347652e-01,8.028828510769682181e-01,9.036764374634443930e-01,-6.622945162586226786e-01,7.293845519672560451e-01,8.160089983476873088e-02,8.305324172188874865e-01,-2.530769200615742287e-01,-6.541163306288497736e-01
-2.455418303217021536e-01,-4.402127680389573139e-01,-1.902142426006371567e-01,-6.006254643712555241e-01,-1.790066289219704454e-01,4.785355784413787283e-01,4.590836737040657201e-01,1.438749271421334297e-01,-6.319636322685506791e-01,2.454653532105888908e-02,6.560324487333470955e-01,-7.627444240864998948e-01,1.118068486661736270e-02,3.197848788310302948e-01,-7.723622470068807200e-01,8.363930185928040995e-02,3.805791232301152793e-01,-6.472137376024067468e-01,-6.767334728357836671e-01,3.479251214717450358e-01,7.977174735600387478e-01,6.573944120531919344e-01,6.186053312151895689e-01,7.000912306235097526e-01,2.856280360635553017e-01,8.196667717837174960e-01,5.948740118883125705e-01,7.618977337768680913e-01,1.000000000000000000e+00,-5.029440832232137670e-02,7.751626161286603311e-01,8.512072870533924362e-01,7.517693960222303629e-01,-6.596777298231365494e-01,8.692567392327107401e-01,-2.030246466610427236e-01,8.834184464050696128e-01,-3.469546567083225397e-01,-6.450652828164935570e-01
5.756843813956439293e-01,4.901404351549583094e-01,6.469664032608356541e-01,3.832411050924006690e-01,7.396081247417477522e-01,-3.146357377021043455e-01,9.990123023053615325e-02,-5.704937289456426530e-01,5.164449338306869031e-01,8.094304342138876063e-01,2.596688801312846961e-01,3.958115363337100234e-01,1.108819006183751898e-01,5.962499958341636042e-01,3.279832818599410782e-01,8.074614963018857949e-01,3.219749880809045783e-01,5.129608692734470843e-01,4.836657421674888102e-01,3.468118854042531729e-01,-1.064834103783330981e-02,8.719935629414048150e-02,4.990760584781572806e-01,3.767465054609953068e-02,5.709273332974659221e-01,1.269560021131718175e-01,3.160117318868487790e-01,1.648619945555847982e-02,-5.029440832232137670e-02,1.000000000000000000e+00,3.206901259797711318e-02,2.576751334753168976e-02,1.233340192593715134e-01,4.423056625650970131e-01,-2.565822647954136837e-01,6.408317689807303541e-01,-7.532861474011970371e-02,6.394005915323969225e-01,4.788406399614521525e-01
-2.939637471996237594e-01,-5.157150768136037344e-01,-1.751401703725734005e-01,-6.308456453688020549e-01,-1.127049809228046207e-01,2.063543636484176935e-01,6.995610188357715975e-01,6.481247764621449192e-02,-6.791445540866266617e-01,1.681906579373361466e-01,6.692911256035966039e-01,-6.983885310945873170e-01,-5.364161729622708014e-02,3.834602546310722504e-01,-7.499592374639774128e-01,2.056330570492037602e-01,4.753650301796238931e-01,-6.599868300377006447e-01,-6.401494893128435448e-01,5.391004686060970608e-01,9.103377178862021024e-01,8.395717970412260867e-01,5.555859048328789518e-01,4.086956158103495218e-01,1.202384943693487335e-01,8.893307449829294109e-01,7.720784444315766937e-01,8.867300241707347652e-01,7.751626161286603311e-01,3.206901259797711318e-02,1.000000000000000000e+00,8.046699954749712003e-01,8.795791248753882519e-01,-7.174409461522299747e-01,7.649669015851400244e-01,5.800408698480478270e-02,8.572152034417108712e-01,-2.825794433093505864e-01,-6.673968481688430376e-01
-2.722294709266803170e-01,-3.702180051690543983e-01,-1.220410022786092841e-01,-6.014159144548466562e-01,-1.306595880510113550e-01,3.074799820402562833e-01,5.618856816140270771e-01,3.495849206700983591e-02,-5.998410583450098921e-01,1.211800609316564109e-01,6.986876524993027582e-01,-6.592724952872098809e-01,1.350709038418367591e-01,4.182624161206112134e-01,-6.812999347277296502e-01,1.626088978455415834e-01,5.768320799742318039e-01,-6.269735827384713689e-01,-6.127213354397119671e-01,4.967997129303969861e-01,8.129344908952150783e-01,7.403527979592265940e-01,6.728803650569264994e-01,6.195046327670296060e-01,2.952929101384649258e-01,8.302804350561335811e-01,6.954077574496593250e-01,8.028828510769682181e-01,8.512072870533924362e-01,2.576751334753168976e-02,8.046699954749712003e-01,1.000000000000000000e+00,8.143484415922048747e-01,-6.290375351831289930e-01,8.167656915885161961e-01,-9.589849221519756647e-03,8.680441597203201187e-01,-2.932381035340773656e-01,-6.232977934791872343e-01
-1.773466755264088424e-01,-3.291753996027823592e-01,2.998488708247406750e-02,-5.699881949858103258e-01,6.039167940018220354e-02,3.834170365790412482e-02,6.795753315064100297e-01,-1.767688475815691052e-01,-5.345596640628080820e-01,2.219229080143624855e-01,7.350201083295813120e-01,-5.710695659274681590e-01,1.112789814745017564e-01,5.595571941908461522e-01,-6.152077462509837336e-01,2.924988691568656263e-01,6.120654101178274464e-01,-5.447822832222768419e-01,-5.360199799433280621e-01,6.066028635538679437e-01,8.873998196029128094e-01,8.280997832017941152e-01,6.377591873057116834e-01,4.315686993865687215e-01,2.251711751529610617e-01,8.923299298334910201e-01,8.054928360791717701e-01,9.036764374634443930e-01,7.517693960222303629e-01,1.233340192593715134e-01,8.795791248753882519e-01,8.143484415922048747e-01,1.000000000000000000e+00,-5.546967176159224300e-01,6.824868268563697438e-01,1.215689012210059150e-01,7.960651346748616186e-01,-1.557750854974921106e-01,-5.476731366137930213e-01
5.910032534480013089e-01,8.068577349282336497e-01,6.406360239580525251e-01,7.354065253485079223e-01,6.134159998237213030e-01,-4.460670018702921347e-01,-5.407489013677364564e-01,-5.178663520514090735e-01,9.202304293168412919e-01,3.348936797311750091e-01,-3.521361824596482282e-01,8.669247530250545619e-01,9.784686195230352102e-02,1.291830206455719943e-01,8.473983355284780972e-01,3.209593797497936052e-01,-1.442445113091152809e-01,8.978997784407508620e-01,8.658465585650947371e-01,-2.421414097763441575e-01,-7.281872265011233303e-01,-6.304750479716394462e-01,-1.616735953977780360e-01,-3.168744131812111786e-01,2.343394239206426644e-01,-6.083860615970924091e-01,-3.568742508561681404e-01,-6.622945162586226786e-01,-6.596777298231365494e-01,4.423056625650970131e-01,-7.174409461522299747e-01,-6.290375351831289930e-01,-5.546967176159224300e-01,1.000000000000000000e+00,-7.944050277388294834e-01,2.809791027202929170e-01,-7.652633318437177534e-01,6.458456625809261276e-01,8.939066849040905316e-01
-4.553094471079264238e-01,-6.197460824626229714e-01,-3.380719690879837591e-01,-6.639866542541681405e-01,-3.961135059756720200e-01,6.066987867463838890e-01,4.701346083897403050e-01,3.492672866840813573e-01,-7.902689563424799557e-01,-1.755010351074623720e-01,5.014836600484308127e-01,-8.553481448688022848e-01,-1.118304274764134604e-01,1.032582590176738535e-01,-8.586299836630374438e-01,-1.341527464716295859e-01,2.483163238624853664e-01,-7.844748194856157042e-01,-7.970040553596461352e-01,3.078356804260059532e-01,7.910987911877844780e-01,6.642006224780014900e-01,4.159733414821355502e-01,6.423342028936339654e-01,1.153504432751183972e-01,7.297460051369335510e-01,4.766103258643713536e-01,7.293845519672560451e-01,8.692567392327107401e-01,-2.565822647954136837e-01,7.649669015851400244e-01,8.167656915885161961e-01,6.824868268563697438e-01,-7.944050277388294834e-01,1.000000000000000000e+00,-3.123555180448081003e-01,8.938072193845502111e-01,-5.671771246273131784e-01,-7.955307913718172586e-01
3.944432852708247284e-01,3.935978425153323634e-01,4.513178909874008826e-01,2.750777533959601895e-01,5.103303335075021208e-01,-4.482054859410044556e-01,3.585436412083196633e-01,-4.518450833578118164e-01,3.557911711445511660e-01,6.474397547249917118e-01,1.576711638850323005e-01,4.288025208530260590e-01,2.409638556984308733e-01,5.565264818544574110e-01,3.692244287446848627e-01,6.161166547537019200e-01,4.104852054978184173e-01,3.700983874860906409e-01,4.123741517813083735e-01,4.566547040604832519e-01,2.713985222862799404e-02,2.156911559894341690e-01,2.658317498847829197e-01,-1.613851021358294335e-01,2.529480643938056827e-01,6.992151840767443782e-02,3.392159184486076562e-01,8.160089983476873088e-02,-2.030246466610427236e-01,6.408317689807303541e-01,5.800408698480478270e-02,-9.589849221519756647e-03,1.215689012210059150e-01,2.809791027202929170e-01,-3.123555180448081003e-01,1.000000000000000000e+00,-1.208608192783889590e-01,5.039219972233029976e-01,3.446393885385139466e-01
-3.792825546016603266e-01,-5.713357917055968960e-01,-2.672755856395571672e-01,-6.322515432609596697e-01,-2.614807433393167568e-01,4.348231824520614186e-01,6.211595670674662228e-01,2.194936588683145118e-01,-7.376337128641673457e-01,9.646099434703205716e-03,6.728205768512106610e-01,-7.930518156241798122e-01,-2.182089709155846796e-02,2.817770751039919142e-01,-8.033755492767417072e-01,5.986017504683426721e-02,4.025239705317282257e-01,-7.322695662046685428e-01,-7.356674165007116573e-01,4.858500592544106600e-01,8.769425764154760161e-01,7.871931493690152992e-01,5.456964404099348132e-01,6.026853202782901375e-01,1.874917249524620799e-01,8.304293433427687443e-01,6.257778587257810665e-01,8.305324172188874865e-01,8.834184464050696128e-01,-7.532861474011970371e-02,8.572152034417108712e-01,8.680441597203201187e-01,7.960651346748616186e-01,-7.652633318437177534e-01,8.938072193845502111e-01,-1.208608192783889590e-01,1.000000000000000000e+00,-4.435750412165068157e-01,-7.568957200295032273e-01
5.178967251333643773e-01,5.954813617047234331e-01,5.748903341408345691e-01,4.644662254281190505e-01,6.710701234527106651e-01,-5.835973443735108512e-01,-2.217522685754738099e-01,-5.910753553777644553e-01,7.289901636749408498e-01,6.394728859061241666e-01,2.028006845364078992e-02,6.771539471321355030e-01,2.056166138781358455e-01,3.808971181053382726e-01,6.378392645238549763e-01,5.946856439638718017e-01,2.477556181500425170e-01,7.481651003824334456e-01,7.605618551550401563e-01,6.143752088161553299e-02,-3.263920226511485279e-01,-2.472763656044134062e-01,2.371390308396821023e-01,-2.781522070166158045e-01,2.992393934396396227e-01,-1.113315074967871215e-01,1.625799335167216753e-01,-2.530769200615742287e-01,-3.469546567083225397e-01,6.394005915323969225e-01,-2.825794433093505864e-01,-2.932381035340773656e-01,-1.557750854974921106e-01,6.458456625809261276e-01,-5.671771246273131784e-01,5.039219972233029976e-01,-4.435750412165068157e-01,1.000000000000000000e+00,7.179552301292142502e-01
6.742185384835017725e-01,8.115921843204553232e-01,6.222612531225637511e-01,7.259474757239473552e-01,6.154051231281469914e-01,-4.786627268926239021e-01,-5.377363567552284618e-01,-5.325721948808554984e-01,9.242430871919974367e-01,4.338277392660023768e-01,-3.390971718140012858e-01,8.703054037363294748e-01,8.619201749986553363e-02,1.285729007987825301e-01,8.247383211786896151e-01,3.888144807178037787e-01,-1.095675397238694976e-01,8.965464940203503597e-01,8.882407739973290361e-01,-2.003012338013157034e-01,-7.005789542414891935e-01,-5.970393220583302130e-01,-1.176737180010923450e-01,-3.735338587960501111e-01,2.432957018686985329e-01,-5.588071739820503758e-01,-2.862596389981840184e-01,-6.541163306288497736e-01,-6.450652828164935570e-01,4.788406399614521525e-01,-6.673968481688430376e-01,-6.232977934791872343e-01,-5.476731366137930213e-01,8.939066849040905316e-01,-7.955307913718172586e-01,3.446393885385139466e-01,-7.568957200295032273e-01,7.179552301292142502e-01,1.000000000000000000e+00
