1.000000000000000000e+00,6.063806739813045743e-01,5.346124746651446102e-01,1.606344850170782768e-01,5.050983387250174150e-01,3.710993178521844738e-01,2.606090600862354667e-01,-4.903904722762689183e-01,6.128942885475248126e-01,4.856103991569451495e-01,4.273591936426274773e-01,2.355621106619183447e-01,2.656041713751299826e-01,5.318606626165750528e-01,-6.958750926457908659e-02,5.899226485273334486e-01,4.840296439604389600e-01,5.802089966862191694e-01,5.672298436478453443e-01,-3.559346397528933940e-03,2.994548046568816790e-01,1.730726990776971785e-01,4.752835178349483214e-01,4.192256932827834182e-01,3.483685549853773322e-01,6.125791671648039838e-01,5.893894385667042268e-01,4.731241624369887933e-01,6.405645407082619647e-01,4.998513597072222203e-01,5.307519662655503234e-01,5.504666454039202073e-01,4.974686534701530105e-01,3.947382191929249551e-01,6.800529245779571852e-01,6.280392930850857702e-01,6.405172966130306955e-01,7.407285410285676663e-01,6.254514424412036533e-01
6.063806739813045743e-01,1.000000000000000000e+00,4.997259736404430219e-01,3.762133330742165049e-01,4.383275942483494947e-01,3.431785959813993814e-01,5.895489287906330311e-01,-4.135513728759519503e-01,7.404788283939931492e-01,6.209259820712582645e-01,1.527094618228108380e-01,4.681720670665708850e-01,3.664699323165881428e-01,4.704240066547600296e-01,3.806412048897119260e-01,7.747356612975854206e-01,5.373781130596713140e-01,7.433901377902186747e-01,6.316316086776451177e-01,4.591071690157069729e-01,2.499246181305067871e-01,5.473376931252624811e-01,1.891798488760661201e-01,2.429104730685691660e-01,-6.704742174143776823e-02,6.278406654881348858e-01,4.271178144172802504e-01,6.521055559435889881e-01,4.792845133998097640e-01,7.584704796839430996e-01,6.536157358609584467e-01,5.487777560052276016e-01,4.038042330154524295e-01,6.492767568395207967e-01,4.525584914934794867e-01,4.164249299666025750e-01,6.783635951798446806e-01,6.209388234920467653e-01,7.256517139930594995e-01
5.346124746651446102e-01,4.997259736404430219e-01,1.000000000000000000e+00,2.909010912114262659e-01,7.589211236712691822e-01,2.564354368440447396e-01,3.628802744220585019e-01,-9.056410568660503424e-01,6.156532100892497805e-01,6.308638198944833686e-01,5.267629138360448993e-01,3.937973652999878227e-01,3.660549356215285211e-01,6.082577592830763491e-01,1.107580969647742608e-01,6.348409875571989769e-01,4.671668319975663120e-01,6.738856959362272692e-01,7.327380135306796882e-01,1.903689475623890903e-01,6.194089961661218835e-01,5.123964012617904240e-01,4.707563267870768509e-01,3.604711217099608733e-01,3.650439749711803517e-01,5.821876288977411162e-01,5.346218748183518832e-01,4.942100422369182788e-01,5.409808882389693929e-01,5.319613732899913794e-01,4.849260822477910460e-01,6.112668737462206847e-01,8.113494743551041832e-01,6.118299164034756155e-01,4.078043671990245755e-01,5.424418118411096223e-01,5.223600244921936531e-01,6.864859256456173897e-01,5.422416645839112093e-01
1.606344850170782768e-01,3.762133330742165049e-01,2.909010912114262659e-01,1.000000000000000000e+00,4.266074050502320358e-01,3.546923594401252822e-01,6.856203934070823625e-01,-2.124537067428312054e-01,3.082273870570494956e-01,5.338689868042749698e-01,1.535556838542135594e-01,3.936431931033280707e-01,2.547386663779148686e-01,3.644922105873381057e-01,2.451918670268805056e-01,5.207286026990435301e-01,1.478859917016890346e-01,4.653905638076973328e-01,3.975317906836101089e-01,4.382512083384082491e-01,1.111703079101851316e-01,3.804273591618168027e-01,1.907449833092853542e-01,1.522964061488485954e-01,-9.069547197370270153e-03,4.415759443679062035e-01,2.906921547274040618e-01,3.713220479078941372e-01,1.168997941462182055e-01,4.389755425323768057e-01,2.096222373844798259e-01,3.231526392146886195e-01,2.235879093043202093e-01,4.308872236791099208e-01,1.312056182191371489e-01,3.135962539041243780e-01,3.399103954888448853e-01,3.141113284522784599e-01,2.454291175841377959e-01
5.050983387250174150e-01,4.383275942483494947e-01,7.589211236712691822e-01,4.266074050502320358e-01,1.000000000000000000e+00,4.159678834573938833e-01,3.937988751513732955e-01,-6.913975456826934041e-01,6.041533566446507519e-01,6.800831165277274604e-01,6.771524956617757107e-01,3.573070457893017249e-01,3.803152397186193023e-01,7.398608275970174342e-01,2.644782970081688972e-02,6.416841681256914010e-01,3.573473653154963237e-01,6.062569562779892562e-01,7.127311753853712295e-01,4.657577639766382477e-02,4.054918368723182676e-01,2.473663476520136517e-01,6.759592621040140248e-01,5.877446613830211719e-01,5.542631965573999731e-01,6.174329010985503130e-01,6.224480634151283720e-01,5.195424258546402774e-01,5.456055570420876855e-01,4.892720652297289363e-01,4.985302903138462138e-01,6.090840855057071401e-01,7.087304064866718489e-01,5.993217092501995635e-01,4.598789498858642522e-01,6.158461146684540699e-01,5.431793419230547260e-01,7.069063925204648324e-01,5.628991220413832597e-01
3.710993178521844738e-01,3.431785959813993814e-01,2.564354368440447396e-01,3.546923594401252822e-01,4.159678834573938833e-01,1.000000000000000000e+00,3.559209916847043687e-01,-1.922839382195964675e-01,2.829042144067827613e-01,3.295119183763416393e-01,5.046006931821389596e-01,-8.688143167765638442e-02,1.942361568948372252e-01,4.978865754360319862e-01,-2.312718393922713889e-01,4.287500927632605374e-01,5.377124212417498939e-01,3.510190182119342084e-01,3.121242198082423425e-01,-5.888325384981958621e-02,9.909452716705470510e-02,-3.215021193525288007e-02,3.656483377390382095e-01,6.866774544603002628e-01,2.637331575781469706e-01,4.761436110605244965e-01,3.112940381803389056e-01,4.949531966659101445e-01,4.110428028773150944e-01,3.662786908502264072e-01,4.032239168187953249e-01,3.675065517690250250e-01,3.355544390243111463e-01,1.975016533803155838e-01,3.219889002901544228e-01,4.422738339685898801e-01,2.556792203495201754e-01,3.095261804796077265e-01,2.118350470244556583e-01
2.606090600862354667e-01,5.895489287906330311e-01,3.628802744220585019e-01,6.856203934070823625e-01,3.937988751513732955e-01,3.559209916847043687e-01,1.000000000000000000e+00,-2.488404525184535476e-01,4.641964849220712730e-01,5.879401014474742171e-01,1.493807110712741248e-01,4.088784521244828163e-01,4.358405379300273053e-01,3.006149349562516893e-01,3.576400363598176702e-01,6.409679380579494934e-01,2.715490732430992926e-01,6.392664336515958556e-01,5.417679845234698588e-01,5.230666184716912248e-01,2.363601872024580497e-01,5.796383976844414754e-01,1.183520893044284344e-01,1.505094403014393123e-01,-1.384313524963911024e-01,5.124861085925445092e-01,3.095006498170748688e-01,5.779252626509054913e-01,1.760297454514477555e-01,6.242440810509136684e-01,4.071981374844406143e-01,3.619012092922135326e-01,2.629299077284828479e-01,5.291988671321276039e-01,1.380198183438235693e-01,2.980526521793947503e-01,4.121933024540058166e-01,3.697979012337186400e-01,3.995393709687669603e-01
-4.903904722762689183e-01,-4.135513728759519503e-01,-9.056410568660503424e-01,-2.124537067428312054e-01,-6.913975456826934041e-01,-1.922839382195964675e-01,-2.488404525184535476e-01,1.000000000000000000e+00,-5.272076899548699958e-01,-5.312367151281817135e-01,-5.040032448068195725e-01,-3.008921644055921329e-01,-2.377891319764065536e-01,-5.385856526137895450e-01,-5.186055571194921748e-02,-5.466982484394360409e-01,-4.382154119800201753e-01,-5.809652509240752494e-01,-6.476220867181683438e-01,-1.242170112673553067e-01,-6.303410814980905386e-01,-4.659441707689642720e-01,-4.126505817434306111e-01,-2.926605319183945841e-01,-3.324430974128317895e-01,-5.003915075922122924e-01,-4.575374071842418511e-01,-3.954371560532640717e-01,-4.939445352509753140e-01,-4.296964082948437347e-01,-3.817210201945483994e-01,-5.167763002797806093e-01,-7.985791916901625598e-01,-5.145516767180849937e-01,-3.612811722390830149e-01,-4.929027208744363175e-01,-4.364869262613643719e-01,-6.163737928987539361e-01,-4.446674822949187589e-01
6.128942885475248126e-01,7.404788283939931492e-01,6.156532100892497805e-01,3.082273870570494956e-01,6.041533566446507519e-01,2.829042144067827613e-01,4.641964849220712730e-01,-5.272076899548699958e-01,1.000000000000000000e+00,7.161272253595294401e-01,3.314683982792778205e-01,5.763984174261002069e-01,3.314633060738120807e-01,6.042060139158605958e-01,3.775949593572416330e-01,7.584947690939833898e-01,4.701613351361131898e-01,7.366727886578496864e-01,7.509540426952939773e-01,2.996669226325767710e-01,1.708641867563441274e-01,3.808142946159794873e-01,3.380376139815540193e-01,3.568962889066315536e-01,1.347143827663947746e-01,7.097733039118593323e-01,5.822008698671539140e-01,5.769318777969206780e-01,5.612145550127516369e-01,7.935366439600908262e-01,5.943455762558167432e-01,6.514832336126606949e-01,4.375403360972172084e-01,8.260153462505549493e-01,5.849301354796087038e-01,5.220960648933165027e-01,7.444408319171489374e-01,7.747190568513319109e-01,7.669259236438407124e-01
4.856103991569451495e-01,6.209259820712582645e-01,6.308638198944833686e-01,5.338689868042749698e-01,6.800831165277274604e-01,3.295119183763416393e-01,5.879401014474742171e-01,-5.312367151281817135e-01,7.161272253595294401e-01,1.000000000000000000e+00,4.239796829732481731e-01,7.497049816594439919e-01,4.692829864844494936e-01,6.126180359481788740e-01,4.741073496544087051e-01,8.187776181287577115e-01,4.033990161971778843e-01,7.217219494323435791e-01,7.915012482436123431e-01,4.212805055565181367e-01,2.241126141777594616e-01,4.532228327275558688e-01,4.178040935596215033e-01,3.518660445635067857e-01,2.478277135374411244e-01,7.528774008653824623e-01,6.889221951317255899e-01,5.603392313707356021e-01,4.866514765674557763e-01,7.789288634834840019e-01,5.897327250411196209e-01,7.705842091482986156e-01,4.337371135676520439e-01,7.330497397386749325e-01,4.114788691841945734e-01,4.967422526553778583e-01,6.788035452665812652e-01,7.801535470051130794e-01,7.130104572964838239e-01
4.273591936426274773e-01,1.527094618228108380e-01,5.267629138360448993e-01,1.535556838542135594e-01,6.771524956617757107e-01,5.046006931821389596e-01,1.493807110712741248e-01,-5.040032448068195725e-01,3.314683982792778205e-01,4.239796829732481731e-01,1.000000000000000000e+00,3.313261379330512124e-02,2.546261570645699246e-01,5.813069014992302552e-01,-2.233032838058061353e-01,3.973798438483274187e-01,4.027793431674073776e-01,3.241569784410650024e-01,4.937840869634919083e-01,-2.805639887742000793e-01,2.288143437651291301e-01,-1.069560755580124117e-01,6.372789976363523179e-01,5.816162365621033725e-01,6.369638748786368154e-01,5.224435526566451049e-01,5.508163068025186959e-01,3.991572877896310545e-01,5.403443781259175127e-01,2.510378820477278672e-01,3.951196561258926154e-01,4.882548873727571292e-01,5.373483822892165529e-01,2.343477473423553614e-01,4.125613444680762965e-01,5.444558783835274918e-01,2.961821218537614708e-01,5.172454711724615573e-01,2.539088686034483011e-01
2.355621106619183447e-01,4.681720670665708850e-01,3.937973652999878227e-01,3.936431931033280707e-01,3.573070457893017249e-01,-8.688143167765638442e-02,4.088784521244828163e-01,-3.008921644055921329e-01,5.763984174261002069e-01,7.497049816594439919e-01,3.313261379330512124e-02,1.000000000000000000e+00,3.890201293934994475e-01,2.663452710674794055e-01,7.426034230796597635e-01,5.605037010754555515e-01,1.244464624288667970e-01,5.207242799925883014e-01,5.675259046428683396e-01,5.853077998893831957e-01,4.336116398271346734e-02,4.987967481134240044e-01,1.005644729412926291e-01,-4.146983440161940149e-02,-2.358140044141020242e-02,4.829648523880097355e-01,4.617185857480630706e-01,2.947852610341154533e-01,1.866720762605767470e-01,6.376307075334259888e-01,3.744520963117130563e-01,5.964957797571172060e-01,1.071862959572285334e-01,6.830680512948875682e-01,2.012449426588370505e-01,1.109534431506623287e-01,5.247816785389740613e-01,5.665561306476430969e-01,6.303902245090363676e-01
2.656041713751299826e-01,3.664699323165881428e-01,3.660549356215285211e-01,2.547386663779148686e-01,3.803152397186193023e-01,1.942361568948372252e-01,4.358405379300273053e-01,-2.377891319764065536e-01,3.314633060738120807e-01,4.692829864844494936e-01,2.546261570645699246e-01,3.890201293934994475e-01,1.000000000000000000e+00,3.400038488232611789e-01,2.384197388505313875e-01,3.984034986073718976e-01,2.109704398948294701e-01,3.775642101022041452e-01,3.868372622028103947e-01,2.412367516421476121e-01,1.361110038168018010e-01,3.265166152363784824e-01,4.087312286973411313e-01,1.925348499579022654e-01,2.943360513044016025e-01,5.067781665518916734e-01,5.481717835295102370e-01,5.411866259894416720e-01,3.718121611885371602e-01,3.963744594547146671e-01,5.850442742878797509e-01,5.324563993667463802e-01,2.444684311292794898e-01,3.649669210085236815e-01,2.009142284738320572e-01,3.737117417503770245e-01,3.960539944055381234e-01,4.065261604074971169e-01,4.286525107434976389e-01
5.318606626165750528e-01,4.704240066547600296e-01,6.082577592830763491e-01,3.644922105873381057e-01,7.398608275970174342e-01,4.978865754360319862e-01,3.006149349562516893e-01,-5.385856526137895450e-01,6.042060139158605958e-01,6.126180359481788740e-01,5.813069014992302552e-01,2.663452710674794055e-01,3.400038488232611789e-01,1.000000000000000000e+00,2.343595840769002736e-02,6.339865304560549086e-01,5.148983284670145544e-01,5.746310650177020030e-01,6.194693884567197273e-01,5.517007739044829662e-02,1.821520239892740756e-01,1.068857464285269260e-01,6.807916697693244812e-01,6.428350832696855255e-01,5.699092681821501527e-01,6.876353699421865473e-01,6.622422513640807695e-01,5.559706020009509420e-01,7.251723399359767397e-01,4.946947137067466693e-01,5.307635464098569011e-01,6.969331257407441749e-01,5.608459293490533071e-01,5.386615391834246314e-01,5.807636729273564224e-01,6.938566676346358264e-01,6.326142338018335698e-01,6.619671869219667659e-01,4.836863951311279330e-01
-6.958750926457908659e-02,3.806412048897119260e-01,1.107580969647742608e-01,2.451918670268805056e-01,2.644782970081688972e-02,-2.312718393922713889e-01,3.576400363598176702e-01,-5.186055571194921748e-02,3.775949593572416330e-01,4.741073496544087051e-01,-2.233032838058061353e-01,7.426034230796597635e-01,2.384197388505313875e-01,2.343595840769002736e-02,1.000000000000000000e+00,3.442212420634734316e-01,1.206228522015794120e-02,2.780080668005746602e-01,2.761177520699550914e-01,6.500522477617018957e-01,-1.702598382358726514e-01,4.547981082823293608e-01,-1.728748008649628742e-01,-2.642812419778445832e-01,-3.153596913833890958e-01,2.661168038361899080e-01,1.747504621292244043e-01,1.757318317091365323e-01,-3.725114258765722941e-02,4.875830918608402564e-01,2.406016067721908902e-01,3.225246860929713577e-01,-1.676279152180456533e-01,5.268800438935116182e-01,1.488477594976678545e-02,-1.651078631063514213e-01,3.568794607167059540e-01,2.177350739007830049e-01,3.743362902907877432e-01
5.899226485273334486e-01,7.747356612975854206e-01,6.348409875571989769e-01,5.207286026990435301e-01,6.416841681256914010e-01,4.287500927632605374e-01,6.409679380579494934e-01,-5.466982484394360409e-01,7.584947690939833898e-01,8.187776181287577115e-01,3.973798438483274187e-01,5.605037010754555515e-01,3.984034986073718976e-01,6.339865304560549086e-01,3.442212420634734316e-01,1.000000000000000000e+00,6.082796699602026624e-01,8.447532159744562952e-01,7.842845543710115219e-01,3.695439531914783693e-01,3.042103377420704025e-01,5.073564280221531941e-01,3.876197287927792834e-01,3.524346539315448834e-01,1.090535104367463398e-01,7.819368311241170488e-01,5.987189997202142511e-01,7.414377034844977787e-01,5.847288440472517834e-01,8.206599061823397490e-01,6.663195106048110938e-01,7.066011861436972685e-01,5.300183152510821172e-01,7.095132106302469710e-01,4.627934652659296266e-01,5.617935360299488590e-01,7.146909562082282008e-01,7.668004932922205530e-01,6.877366516535518004e-01
4.840296439604389600e-01,5.373781130596713140e-01,4.671668319975663120e-01,1.478859917016890346e-01,3.573473653154963237e-01,5.377124212417498939e-01,2.715490732430992926e-01,-4.382154119800201753e-01,4.701613351361131898e-01,4.033990161971778843e-01,4.027793431674073776e-01,1.244464624288667970e-01,2.109704398948294701e-01,5.148983284670145544e-01,1.206228522015794120e-02,6.082796699602026624e-01,1.000000000000000000e+00,5.466804690279949419e-01,4.398116576887296514e-01,9.815474024286124921e-02,2.590619751363192336e-01,2.332009143239571203e-01,2.406449088961142846e-01,3.829194802193894853e-01,9.132515012880919325e-02,5.767956100706657097e-01,3.285095548345408067e-01,6.581913320518965049e-01,6.247908002631205049e-01,5.473252762675163696e-01,5.716054131994253718e-01,5.290781765271419523e-01,4.787454817444006250e-01,3.764657562270150026e-01,3.821610385625831552e-01,4.168890081635019951e-01,3.987654515443839753e-01,4.873977274209870258e-01,3.367489339428748618e-01
5.802089966862191694e-01,7.433901377902186747e-01,6.738856959362272692e-01,4.653905638076973328e-01,6.062569562779892562e-01,3.510190182119342084e-01,6.392664336515958556e-01,-5.809652509240752494e-01,7.366727886578496864e-01,7.217219494323435791e-01,3.241569784410650024e-01,5.207242799925883014e-01,3.775642101022041452e-01,5.746310650177020030e-01,2.780080668005746602e-01,8.447532159744562952e-01,5.466804690279949419e-01,1.000000000000000000e+00,8.122707217758120546e-01,3.814981693954641595e-01,3.965299438414789934e-01,5.748867710303054990e-01,3.285332580848477901e-01,3.044147634315620965e-01,7.615284242043621199e-02,6.619671070915892352e-01,5.020401422416486126e-01,6.916763725941862395e-01,5.257675198583865450e-01,7.681576470307344140e-01,6.072740537500542768e-01,6.344738718992830595e-01,5.660281244745732909e-01,7.180292227996259991e-01,4.633762602527191632e-01,4.912157859284075334e-01,6.845893592984038101e-01,6.981546149483492947e-01,6.777032292752598330e-01
5.672298436478453443e-01,6.316316086776451177e-01,7.327380135306796882e-01,3.975317906836101089e-01,7.127311753853712295e-01,3.121242198082423425e-01,5.417679845234698588e-01,-6.476220867181683438e-01,7.509540426952939773e-01,7.915012482436123431e-01,4.937840869634919083e-01,5.675259046428683396e-01,3.868372622028103947e-01,6.194693884567197273e-01,2.761177520699550914e-01,7.842845543710115219e-01,4.398116576887296514e-01,8.122707217758120546e-01,1.000000000000000000e+00,2.863078534769454842e-01,3.868164589900203176e-01,4.421390454875942511e-01,4.492253916403024516e-01,3.901345316974489941e-01,3.038605963004888388e-01,6.615454718307451909e-01,6.203934424946241366e-01,5.659445123600490568e-01,5.478923140112609280e-01,7.124455391374943103e-01,5.532611304692480747e-01,6.914756849716658937e-01,5.816376684947132114e-01,7.161857531464453919e-01,4.882881160039675428e-01,5.659228532830066216e-01,6.791314424117679271e-01,7.745187657858840780e-01,6.856498496307558144e-01
-3.559346397528933940e-03,4.591071690157069729e-01,1.903689475623890903e-01,4.382512083384082491e-01,4.657577639766382477e-02,-5.888325384981958621e-02,5.230666184716912248e-01,-1.242170112673553067e-01,2.996669226325767710e-01,4.212805055565181367e-01,-2.805639887742000793e-01,5.853077998893831957e-01,2.412367516421476121e-01,5.517007739044829662e-02,6.500522477617018957e-01,3.695439531914783693e-01,9.815474024286124921e-02,3.814981693954641595e-01,2.863078534769454842e-01,1.000000000000000000e+00,5.956114569717010226e-02,6.688579397524904158e-01,-1.947853169726261047e-01,-2.116250146237527996e-01,-3.333225854987230674e-01,1.936331783637116333e-01,4.435425845181094340e-02,2.093805115202977130e-01,-7.609354597393605535e-02,4.571489605938667267e-01,2.371632935847831636e-01,2.406857557291862404e-01,-2.797071017770273380e-02,4.366059662446717393e-01,-7.864757976668343420e-02,-1.374533769278331319e-01,2.714103683642855591e-01,1.495667715175929557e-01,3.322026996799402054e-01
2.994548046568816790e-01,2.499246181305067871e-01,6.194089961661218835e-01,1.111703079101851316e-01,4.054918368723182676e-01,9.909452716705470510e-02,2.363601872024580497e-01,-6.303410814980905386e-01,1.708641867563441274e-01,2.241126141777594616e-01,2.288143437651291301e-01,4.336116398271346734e-02,1.361110038168018010e-01,1.821520239892740756e-01,-1.702598382358726514e-01,3.042103377420704025e-01,2.590619751363192336e-01,3.965299438414789934e-01,3.868164589900203176e-01,5.956114569717010226e-02,1.000000000000000000e+00,5.672093156264061964e-01,1.742832305607922572e-01,1.127928608599170351e-01,1.063499090380052581e-01,1.385962823594396043e-01,8.576324092559460543e-02,1.838991974863651568e-01,1.906923199371997890e-01,1.176820032202106348e-01,1.259687707111680210e-01,1.480131064121729123e-01,7.736100452606085032e-01,1.593193449777158266e-01,6.097261384495702291e-02,2.171542624583011893e-01,9.350442255417118487e-02,2.656908764987647720e-01,1.870135481849947157e-01
1.730726990776971785e-01,5.473376931252624811e-01,5.123964012617904240e-01,3.804273591618168027e-01,2.473663476520136517e-01,-3.215021193525288007e-02,5.796383976844414754e-01,-4.659441707689642720e-01,3.808142946159794873e-01,4.532228327275558688e-01,-1.069560755580124117e-01,4.987967481134240044e-01,3.265166152363784824e-01,1.068857464285269260e-01,4.547981082823293608e-01,5.073564280221531941e-01,2.332009143239571203e-01,5.748867710303054990e-01,4.421390454875942511e-01,6.688579397524904158e-01,5.672093156264061964e-01,1.000000000000000000e+00,-9.602795183418184888e-02,-1.853817698288865168e-01,-3.030049984782264838e-01,2.732643135050707439e-01,8.696048842158451975e-02,3.504267303859103788e-01,5.322675607591247776e-02,4.782293641827445874e-01,2.971382228342868692e-01,2.700636336391424308e-01,4.268739662515300126e-01,4.962592929008236009e-01,-1.855356167253029154e-02,9.308261737003850275e-03,2.918053097718570910e-01,2.745265796569353323e-01,3.957926926665531475e-01
4.752835178349483214e-01,1.891798488760661201e-01,4.707563267870768509e-01,1.907449833092853542e-01,6.759592621040140248e-01,3.656483377390382095e-01,1.183520893044284344e-01,-4.126505817434306111e-01,3.380376139815540193e-01,4.178040935596215033e-01,6.372789976363523179e-01,1.005644729412926291e-01,4.087312286973411313e-01,6.807916697693244812e-01,-1.728748008649628742e-01,3.876197287927792834e-01,2.406449088961142846e-01,3.285332580848477901e-01,4.492253916403024516e-01,-1.947853169726261047e-01,1.742832305607922572e-01,-9.602795183418184888e-02,1.000000000000000000e+00,6.497458991346062307e-01,8.086701239183382572e-01,5.106756376849684864e-01,6.473813135296625498e-01,3.862255444135019311e-01,6.322957319988682379e-01,1.993809498660591428e-01,4.204801779687397656e-01,5.510014861122548568e-01,4.613822303262096747e-01,2.356687821850294295e-01,5.084815395528425874e-01,6.554376635538157192e-01,4.845459824468786869e-01,5.504852033415007506e-01,3.447554039662825143e-01
4.192256932827834182e-01,2.429104730685691660e-01,3.604711217099608733e-01,1.522964061488485954e-01,5.877446613830211719e-01,6.866774544603002628e-01,1.505094403014393123e-01,-2.926605319183945841e-01,3.568962889066315536e-01,3.518660445635067857e-01,5.816162365621033725e-01,-4.146983440161940149e-02,1.925348499579022654e-01,6.428350832696855255e-01,-2.642812419778445832e-01,3.524346539315448834e-01,3.829194802193894853e-01,3.044147634315620965e-01,3.901345316974489941e-01,-2.116250146237527996e-01,1.127928608599170351e-01,-1.853817698288865168e-01,6.497458991346062307e-01,1.000000000000000000e+00,6.122067276595142271e-01,4.181782650641914234e-01,4.476341678470808771e-01,3.483453593155988459e-01,5.461421365888278201e-01,2.735330063063144967e-01,3.868989176259829410e-01,4.468127864642231217e-01,3.947457217556210596e-01,2.538031594772082178e-01,4.980022438452028077e-01,5.295894324039644996e-01,3.626155102329237656e-01,4.415440241583233894e-01,3.359095386922467674e-01
3.483685549853773322e-01,-6.704742174143776823e-02,3.650439749711803517e-01,-9.069547197370270153e-03,5.542631965573999731e-01,2.637331575781469706e-01,-1.384313524963911024e-01,-3.324430974128317895e-01,1.347143827663947746e-01,2.478277135374411244e-01,6.369638748786368154e-01,-2.358140044141020242e-02,2.943360513044016025e-01,5.699092681821501527e-01,-3.153596913833890958e-01,1.090535104367463398e-01,9.132515012880919325e-02,7.615284242043621199e-02,3.038605963004888388e-01,-3.333225854987230674e-01,1.063499090380052581e-01,-3.030049984782264838e-01,8.086701239183382572e-01,6.122067276595142271e-01,1.000000000000000000e+00,2.997107441614111911e-01,5.626162982895164255e-01,1.191929101238964339e-01,5.037397299468879819e-01,-2.706260493685262378e-02,2.416336027376840834e-01,4.238375104686007977e-01,3.534909953971024921e-01,5.070071982378641234e-02,4.156105633645751918e-01,5.500749046383744956e-01,2.692330084381127642e-01,3.993471867037551859e-01,2.062521029037997222e-01
6.125791671648039838e-01,6.278406654881348858e-01,5.821876288977411162e-01,4.415759443679062035e-01,6.174329010985503130e-01,4.761436110605244965e-01,5.124861085925445092e-01,-5.003915075922122924e-01,7.097733039118593323e-01,7.528774008653824623e-01,5.224435526566451049e-01,4.829648523880097355e-01,5.067781665518916734e-01,6.876353699421865473e-01,2.661168038361899080e-01,7.819368311241170488e-01,5.767956100706657097e-01,6.619671070915892352e-01,6.615454718307451909e-01,1.936331783637116333e-01,1.385962823594396043e-01,2.732643135050707439e-01,5.106756376849684864e-01,4.181782650641914234e-01,2.997107441614111911e-01,1.000000000000000000e+00,7.942180889607354244e-01,7.323451065968731299e-01,7.138875988667380268e-01,7.085795244688827266e-01,6.837895705137861935e-01,7.941638522564643532e-01,4.437312882635686684e-01,6.042095633057326109e-01,5.666019777354230902e-01,6.753494444938377139e-01,7.217191710438065622e-01,7.571436329581323621e-01,6.040926424748953583e-01
5.893894385667042268e-01,4.271178144172802504e-01,5.346218748183518832e-01,2.906921547274040618e-01,6.224480634151283720e-01,3.112940381803389056e-01,3.095006498170748688e-01,-4.575374071842418511e-01,5.822008698671539140e-01,6.889221951317255899e-01,5.508163068025186959e-01,4.617185857480630706e-01,5.481717835295102370e-01,6.622422513640807695e-01,1.747504621292244043e-01,5.987189997202142511e-01,3.285095548345408067e-01,5.020401422416486126e-01,6.203934424946241366e-01,4.435425845181094340e-02,8.576324092559460543e-02,8.696048842158451975e-02,6.473813135296625498e-01,4.476341678470808771e-01,5.626162982895164255e-01,7.942180889607354244e-01,1.000000000000000000e+00,5.472289107572735345e-01,7.366514621670565699e-01,5.265196967795711114e-01,5.916311351359698767e-01,7.978508388564798937e-01,3.706949091248913364e-01,4.856271875660516657e-01,6.207578637504548302e-01,7.284095559452110624e-01,7.063269513776414543e-01,7.498756682110799821e-01,5.930210538402518328e-01
4.731241624369887933e-01,6.521055559435889881e-01,4.942100422369182788e-01,3.713220479078941372e-01,5.195424258546402774e-01,4.949531966659101445e-01,5.779252626509054913e-01,-3.954371560532640717e-01,5.769318777969206780e-01,5.603392313707356021e-01,3.991572877896310545e-01,2.947852610341154533e-01,5.411866259894416720e-01,5.559706020009509420e-01,1.757318317091365323e-01,7.414377034844977787e-01,6.581913320518965049e-01,6.916763725941862395e-01,5.659445123600490568e-01,2.093805115202977130e-01,1.838991974863651568e-01,3.504267303859103788e-01,3.862255444135019311e-01,3.483453593155988459e-01,1.191929101238964339e-01,7.323451065968731299e-01,5.472289107572735345e-01,1.000000000000000000e+00,6.111573735291354614e-01,6.989305294535608226e-01,7.758171076533246779e-01,6.332206691330142245e-01,4.383820888257096149e-01,5.440330058581337447e-01,3.668477605706948474e-01,5.501566563162609835e-01,5.862857065834632397e-01,5.738750210794991702e-01,4.889220857439161017e-01
6.405645407082619647e-01,4.792845133998097640e-01,5.409808882389693929e-01,1.168997941462182055e-01,5.456055570420876855e-01,4.110428028773150944e-01,1.760297454514477555e-01,-4.939445352509753140e-01,5.612145550127516369e-01,4.866514765674557763e-01,5.403443781259175127e-01,1.866720762605767470e-01,3.718121611885371602e-01,7.251723399359767397e-01,-3.725114258765722941e-02,5.847288440472517834e-01,6.247908002631205049e-01,5.257675198583865450e-01,5.478923140112609280e-01,-7.609354597393605535e-02,1.906923199371997890e-01,5.322675607591247776e-02,6.322957319988682379e-01,5.461421365888278201e-01,5.037397299468879819e-01,7.138875988667380268e-01,7.366514621670565699e-01,6.111573735291354614e-01,1.000000000000000000e+00,4.555083435418560978e-01,5.953218191931264336e-01,7.261159368154239679e-01,5.003614576186171670e-01,4.055028172977769296e-01,7.071939815434782339e-01,7.286341693413742604e-01,6.796075643242875941e-01,6.759563846303418000e-01,4.703636520068364968e-01
4.998513597072222203e-01,7.584704796839430996e-01,5.319613732899913794e-01,4.389755425323768057e-01,4.892720652297289363e-01,3.662786908502264072e-01,6.242440810509136684e-01,-4.296964082948437347e-01,7.935366439600908262e-01,7.789288634834840019e-01,2.510378820477278672e-01,6.376307075334259888e-01,3.963744594547146671e-01,4.946947137067466693e-01,4.875830918608402564e-01,8.206599061823397490e-01,5.473252762675163696e-01,7.681576470307344140e-01,7.124455391374943103e-01,4.571489605938667267e-01,1.176820032202106348e-01,4.782293641827445874e-01,1.993809498660591428e-01,2.735330063063144967e-01,-2.706260493685262378e-02,7.085795244688827266e-01,5.265196967795711114e-01,6.989305294535608226e-01,4.555083435418560978e-01,1.000000000000000000e+00,6.913287986495876281e-01,6.704678215398696128e-01,3.178472075857098345e-01,7.951123327689169074e-01,4.002780961659700987e-01,4.239228401539838487e-01,6.859300929041433070e-01,7.044197057354303348e-01,7.145963674560926737e-01
5.307519662655503234e-01,6.536157358609584467e-01,4.849260822477910460e-01,2.096222373844798259e-01,4.985302903138462138e-01,4.032239168187953249e-01,4.071981374844406143e-01,-3.817210201945483994e-01,5.943455762558167432e-01,5.897327250411196209e-01,3.951196561258926154e-01,3.744520963117130563e-01,5.850442742878797509e-01,5.307635464098569011e-01,2.406016067721908902e-01,6.663195106048110938e-01,5.716054131994253718e-01,6.072740537500542768e-01,5.532611304692480747e-01,2.371632935847831636e-01,1.259687707111680210e-01,2.971382228342868692e-01,4.204801779687397656e-01,3.868989176259829410e-01,2.416336027376840834e-01,6.837895705137861935e-01,5.916311351359698767e-01,7.758171076533246779e-01,5.953218191931264336e-01,6.913287986495876281e-01,1.000000000000000000e+00,6.603833686384511514e-01,3.696696907198839255e-01,5.368419441945972981e-01,4.708349483071557207e-01,5.104393106638408506e-01,6.442773368734904249e-01,6.113556932718854364e-01,6.115499575382300490e-01
5.504666454039202073e-01,5.487777560052276016e-01,6.112668737462206847e-01,3.231526392146886195e-01,6.090840855057071401e-01,3.675065517690250250e-01,3.619012092922135326e-01,-5.167763002797806093e-01,6.514832336126606949e-01,7.705842091482986156e-01,4.882548873727571292e-01,5.964957797571172060e-01,5.324563993667463802e-01,6.969331257407441749e-01,3.225246860929713577e-01,7.066011861436972685e-01,5.290781765271419523e-01,6.344738718992830595e-01,6.914756849716658937e-01,2.406857557291862404e-01,1.480131064121729123e-01,2.700636336391424308e-01,5.510014861122548568e-01,4.468127864642231217e-01,4.238375104686007977e-01,7.941638522564643532e-01,7.978508388564798937e-01,6.332206691330142245e-01,7.261159368154239679e-01,6.704678215398696128e-01,6.603833686384511514e-01,1.000000000000000000e+00,4.155784638720494972e-01,6.150518330212376705e-01,5.381446469487093376e-01,5.889673484360902211e-01,7.343444569464829819e-01,7.604618704918150174e-01,6.566289536801511728e-01
4.974686534701530105e-01,4.038042330154524295e-01,8.113494743551041832e-01,2.235879093043202093e-01,7.087304064866718489e-01,3.355544390243111463e-01,2.629299077284828479e-01,-7.985791916901625598e-01,4.375403360972172084e-01,4.337371135676520439e-01,5.373483822892165529e-01,1.071862959572285334e-01,2.444684311292794898e-01,5.608459293490533071e-01,-1.676279152180456533e-01,5.300183152510821172e-01,4.787454817444006250e-01,5.660281244745732909e-01,5.816376684947132114e-01,-2.797071017770273380e-02,7.736100452606085032e-01,4.268739662515300126e-01,4.613822303262096747e-01,3.947457217556210596e-01,3.534909953971024921e-01,4.437312882635686684e-01,3.706949091248913364e-01,4.383820888257096149e-01,5.003614576186171670e-01,3.178472075857098345e-01,3.696696907198839255e-01,4.155784638720494972e-01,1.000000000000000000e+00,3.778495358410716154e-01,3.248465420464817788e-01,5.211921776295450615e-01,3.478137615613440814e-01,5.320277337850307653e-01,3.557476714464927747e-01
3.947382191929249551e-01,6.492767568395207967e-01,6.118299164034756155e-01,4.308872236791099208e-01,5.993217092501995635e-01,1.975016533803155838e-01,5.291988671321276039e-01,-5.145516767180849937e-01,8.260153462505549493e-01,7.330497397386749325e-01,2.343477473423553614e-01,6.830680512948875682e-01,3.649669210085236815e-01,5.386615391834246314e-01,5.268800438935116182e-01,7.095132106302469710e-01,3.764657562270150026e-01,7.180292227996259991e-01,7.161857531464453919e-01,4.366059662446717393e-01,1.593193449777158266e-01,4.962592929008236009e-01,2.356687821850294295e-01,2.538031594772082178e-01,5.070071982378641234e-02,6.042095633057326109e-01,4.856271875660516657e-01,5.440330058581337447e-01,4.055028172977769296e-01,7.951123327689169074e-01,5.368419441945972981e-01,6.150518330212376705e-01,3.778495358410716154e-01,1.000000000000000000e+00,4.283172034730255984e-01,3.652475777711485239e-01,6.686949649690477893e-01,6.800661062633835963e-01,6.991086319554433715e-01
6.800529245779571852e-01,4.525584914934794867e-01,4.078043671990245755e-01,1.312056182191371489e-01,4.598789498858642522e-01,3.219889002901544228e-01,1.380198183438235693e-01,-3.612811722390830149e-01,5.849301354796087038e-01,4.114788691841945734e-01,4.125613444680762965e-01,2.012449426588370505e-01,2.009142284738320572e-01,5.807636729273564224e-01,1.488477594976678545e-02,4.627934652659296266e-01,3.821610385625831552e-01,4.633762602527191632e-01,4.882881160039675428e-01,-7.864757976668343420e-02,6.097261384495702291e-02,-1.855356167253029154e-02,5.084815395528425874e-01,4.980022438452028077e-01,4.156105633645751918e-01,5.666019777354230902e-01,6.207578637504548302e-01,3.668477605706948474e-01,7.071939815434782339e-01,4.002780961659700987e-01,4.708349483071557207e-01,5.381446469487093376e-01,3.248465420464817788e-01,4.283172034730255984e-01,1.000000000000000000e+00,5.811963377270243924e-01,7.160785110582269519e-01,6.133951436733939833e-01,4.972664248942559873e-01
6.280392930850857702e-01,4.164249299666025750e-01,5.424418118411096223e-01,3.135962539041243780e-01,6.158461146684540699e-01,4.422738339685898801e-01,2.980526521793947503e-01,-4.929027208744363175e-01,5.220960648933165027e-01,4.967422526553778583e-01,5.444558783835274918e-01,1.109534431506623287e-01,3.737117417503770245e-01,6.938566676346358264e-01,-1.651078631063514213e-01,5.617935360299488590e-01,4.168890081635019951e-01,4.912157859284075334e-01,5.659228532830066216e-01,-1.374533769278331319e-01,2.171542624583011893e-01,9.308261737003850275e-03,6.554376635538157192e-01,5.295894324039644996e-01,5.500749046383744956e-01,6.753494444938377139e-01,7.284095559452110624e-01,5.501566563162609835e-01,7.286341693413742604e-01,4.239228401539838487e-01,5.104393106638408506e-01,5.889673484360902211e-01,5.211921776295450615e-01,3.652475777711485239e-01,5.811963377270243924e-01,1.000000000000000000e+00,6.303845975840040028e-01,6.354327515562478990e-01,4.144986283009946537e-01
6.405172966130306955e-01,6.783635951798446806e-01,5.223600244921936531e-01,3.399103954888448853e-01,5.431793419230547260e-01,2.556792203495201754e-01,4.121933024540058166e-01,-4.364869262613643719e-01,7.444408319171489374e-01,6.788035452665812652e-01,2.961821218537614708e-01,5.247816785389740613e-01,3.960539944055381234e-01,6.326142338018335698e-01,3.568794607167059540e-01,7.146909562082282008e-01,3.987654515443839753e-01,6.845893592984038101e-01,6.791314424117679271e-01,2.714103683642855591e-01,9.350442255417118487e-02,2.918053097718570910e-01,4.845459824468786869e-01,3.626155102329237656e-01,2.692330084381127642e-01,7.217191710438065622e-01,7.063269513776414543e-01,5.862857065834632397e-01,6.796075643242875941e-01,6.859300929041433070e-01,6.442773368734904249e-01,7.343444569464829819e-01,3.478137615613440814e-01,6.686949649690477893e-01,7.160785110582269519e-01,6.303845975840040028e-01,1.000000000000000000e+00,7.292963944453094705e-01,6.812382106818921645e-01
7.407285410285676663e-01,6.209388234920467653e-01,6.864859256456173897e-01,3.141113284522784599e-01,7.069063925204648324e-01,3.095261804796077265e-01,3.697979012337186400e-01,-6.163737928987539361e-01,7.747190568513319109e-01,7.801535470051130794e-01,5.172454711724615573e-01,5.665561306476430969e-01,4.065261604074971169e-01,6.619671869219667659e-01,2.177350739007830049e-01,7.668004932922205530e-01,4.873977274209870258e-01,6.981546149483492947e-01,7.745187657858840780e-01,1.495667715175929557e-01,2.656908764987647720e-01,2.745265796569353323e-01,5.504852033415007506e-01,4.415440241583233894e-01,3.993471867037551859e-01,7.571436329581323621e-01,7.498756682110799821e-01,5.738750210794991702e-01,6.759563846303418000e-01,7.044197057354303348e-01,6.113556932718854364e-01,7.604618704918150174e-01,5.320277337850307653e-01,6.800661062633835963e-01,6.133951436733939833e-01,6.354327515562478990e-01,7.292963944453094705e-01,1.000000000000000000e+00,7.631630584289743613e-01
6.254514424412036533e-01,7.256517139930594995e-01,5.422416645839112093e-01,2.454291175841377959e-01,5.628991220413832597e-01,2.118350470244556583e-01,3.995393709687669603e-01,-4.446674822949187589e-01,7.669259236438407124e-01,7.130104572964838239e-01,2.539088686034483011e-01,6.303902245090363676e-01,4.286525107434976389e-01,4.836863951311279330e-01,3.743362902907877432e-01,6.877366516535518004e-01,3.367489339428748618e-01,6.777032292752598330e-01,6.856498496307558144e-01,3.322026996799402054e-01,1.870135481849947157e-01,3.957926926665531475e-01,3.447554039662825143e-01,3.359095386922467674e-01,2.062521029037997222e-01,6.040926424748953583e-01,5.930210538402518328e-01,4.889220857439161017e-01,4.703636520068364968e-01,7.145963674560926737e-01,6.115499575382300490e-01,6.566289536801511728e-01,3.557476714464927747e-01,6.991086319554433715e-01,4.972664248942559873e-01,4.144986283009946537e-01,6.812382106818921645e-01,7.631630584289743613e-01,1.000000000000000000e+00
