1.000000000000000000e+00,8.315887499880019185e-01,7.369888570795771754e-01,4.791474628865161067e-01,6.938765163571904981e-01,2.471177565409919119e-01,4.783720654038210451e-01,-5.933270513509868449e-01,7.146856483141618144e-01,7.388224151249703775e-01,-6.302083102228085709e-02,5.932212196809013571e-01,1.308286731162940641e-01,4.630855002233078554e-01,2.300725132754040392e-01,7.948322337855193709e-01,4.560108750134844180e-01,7.433542080654275130e-01,7.238288297781169112e-01,5.035149883416826233e-01,3.550489433330838995e-01,5.123100690534168056e-01,7.698774541635987345e-02,5.007179073909098221e-01,3.532131142202458995e-02,7.971945240552836820e-01,6.730906170347513706e-01,5.518363705173556788e-01,2.412065528795730718e-01,6.834913225908239021e-01,7.641363322687703130e-01,7.396880969201767853e-01,2.724599651357568209e-01,6.019739375286745631e-01,7.579477578099949042e-01,7.493848779531964155e-01,8.045750080901105106e-01,8.396097167882005108e-01,8.281455566323885353e-01
8.315887499880019185e-01,1.000000000000000000e+00,7.303869978691441833e-01,5.853862133067553319e-01,5.670749907844790938e-01,-3.282602030794358472e-02,6.427219129847350221e-01,-5.158424643705885604e-01,8.748943173653858096e-01,8.625552541014853691e-01,-3.917674015508637586e-01,7.649461082868098671e-01,-2.903178759076616156e-02,1.903202430750324525e-01,5.485548686282111230e-01,8.769375629405843364e-01,2.521374164839388921e-01,8.354896937181022221e-01,8.108001953737778988e-01,6.616065153580943381e-01,2.250118403454575977e-01,6.273748521321869109e-01,-2.514632005599160003e-01,2.345886427473556357e-01,-2.862459169326049269e-01,6.586099155187630227e-01,4.277125904125106959e-01,3.482590599078709825e-01,-1.016422338040643969e-01,8.659437627351874722e-01,6.380584393511399277e-01,5.934498198028159699e-01,-3.557481646778024031e-02,8.110856806876628466e-01,6.962877943650228607e-01,5.644318950629830800e-01,8.788338751564863660e-01,8.840860266557395430e-01,9.222529011509291719e-01
7.369888570795771754e-01,7.303869978691441833e-01,1.000000000000000000e+00,6.259103312523089935e-01,8.320865734914234535e-01,1.728144273428403044e-01,6.008537029632016191e-01,-8.485841452972572307e-01,7.604371473087806477e-01,7.791558526273696383e-01,-1.425010975014502634e-01,6.653882892747455813e-01,4.945283069584177627e-02,3.851709374892592908e-01,2.491998222522004425e-01,8.068329226982295932e-01,3.608379993912163575e-01,8.124481036701073355e-01,8.098354729074513925e-01,5.698521215952110364e-01,5.195114728181798869e-01,6.817160160332386143e-01,-3.035420974176214568e-03,4.573430611635624921e-01,-7.783433685637950253e-03,6.694687973216786325e-01,5.008905057494035251e-01,4.137023858034956092e-01,6.696425599634608927e-02,6.917781896525174723e-01,6.020577874239309013e-01,6.106012313602930952e-01,3.623764755797139747e-01,6.987953492322936944e-01,5.361919745850677321e-01,6.158183112638242473e-01,6.889046056512456717e-01,8.045580396641852650e-01,7.655471720281610271e-01
4.791474628865161067e-01,5.853862133067553319e-01,6.259103312523089935e-01,1.000000000000000000e+00,4.691963169899283637e-01,-2.538049272318245592e-02,7.592469099597897175e-01,-4.246071891589400238e-01,6.867586889002769146e-01,7.087938564339580916e-01,-4.249667102573232436e-01,7.209339201747014814e-01,-1.057339916771466992e-01,-3.332011199244715866e-02,4.281021534094511805e-01,6.646820284975671900e-01,4.429548654842530020e-02,7.465168400202286669e-01,7.158069466494616506e-01,6.717376926970847206e-01,2.282560368096481773e-01,6.267649380227652278e-01,-3.319578519500684943e-01,1.036763577022337401e-01,-3.283596647860991813e-01,3.744843401957798079e-01,2.072160446157274016e-01,1.109353443104428572e-01,-2.561326785826265051e-01,6.704051755864470774e-01,2.816469930446678926e-01,3.381989572642571384e-01,-8.237913098337000528e-02,7.096880153961343529e-01,3.510105785310881354e-01,2.660378434444788942e-01,5.034168456142770198e-01,6.436835667017775098e-01,6.182453075002812826e-01
6.938765163571904981e-01,5.670749907844790938e-01,8.320865734914234535e-01,4.691963169899283637e-01,1.000000000000000000e+00,3.541759044372009280e-01,3.265425774092844402e-01,-8.037164512334885602e-01,5.411046762852116387e-01,5.737746135062079533e-01,1.759792806550743993e-01,4.166028479074593838e-01,1.540891011521281495e-01,6.037697394850780608e-01,-7.484271973932003774e-02,6.414383945141649557e-01,4.605970768837967522e-01,6.209412690398118384e-01,6.112182314662407689e-01,2.675496023948487623e-01,5.348941603222356900e-01,4.334235014300717448e-01,3.227213804335633540e-01,6.297767805926258733e-01,3.158430442089460444e-01,6.516900436379575723e-01,5.876546420159203254e-01,5.126287960443376424e-01,3.137965911188705936e-01,4.401185466676403313e-01,6.148389002060823394e-01,6.057257035766213660e-01,6.016140053954042166e-01,4.438244776611220965e-01,4.939161169117280425e-01,7.127468437402698642e-01,5.545317181555784458e-01,6.713232871863038520e-01,6.049409353908900000e-01
2.471177565409919119e-01,-3.282602030794358472e-02,1.728144273428403044e-01,-2.538049272318245592e-02,3.541759044372009280e-01,1.000000000000000000e+00,-2.616233284719611807e-01,-2.545167833222075626e-01,-1.569727868816152005e-01,-7.745044377041024330e-02,7.284170891978388740e-01,-2.311567289124721314e-01,3.544450000857481964e-01,6.891596877278328703e-01,-5.981359579298728413e-01,2.629980068614242925e-02,6.898468567126181394e-01,-2.342778702550835784e-02,-2.911055918563181313e-02,-1.210665403466675838e-01,4.456829008478823684e-01,-2.594401240263166653e-02,7.181330241456614916e-01,8.013544471937013025e-01,7.006838676792900289e-01,4.146343516353425129e-01,5.350385321620590995e-01,5.948414850880573423e-01,7.278574853276403855e-01,-1.814416032965821823e-01,4.846215397156744542e-01,4.634545533503643400e-01,6.740216290279468225e-01,-2.793825875364632227e-01,2.374295806576257051e-01,4.130856019625894771e-01,8.100035470066423507e-03,-7.251663488817084238e-03,-3.119916112995652080e-02
4.783720654038210451e-01,6.427219129847350221e-01,6.008537029632016191e-01,7.592469099597897175e-01,3.265425774092844402e-01,-2.616233284719611807e-01,1.000000000000000000e+00,-4.298708230752779635e-01,7.529488079743313911e-01,7.719788993239826702e-01,-6.052421244861641014e-01,7.749070920750117386e-01,-1.383567462990209496e-01,-1.297417356395594301e-01,6.381564132241330789e-01,6.977997508664077753e-01,1.016237752817590774e-02,7.732646943687326857e-01,7.873710376872946615e-01,6.757231175273676893e-01,6.117028551222762622e-02,6.375204472202732342e-01,-4.632545555237619350e-01,-9.402390826348704100e-02,-4.519287868808622988e-01,3.978108109172738827e-01,1.640152951123682867e-01,1.295217955387833741e-01,-3.928949253502396766e-01,7.639351889483569913e-01,3.109760367187789365e-01,3.137277892071433927e-01,-2.842873113669363017e-01,8.150999672723714395e-01,3.917941823299134763e-01,2.586625584516044629e-01,6.039575666272504195e-01,6.739637177177767446e-01,6.412460746870451977e-01
-5.933270513509868449e-01,-5.158424643705885604e-01,-8.485841452972572307e-01,-4.246071891589400238e-01,-8.037164512334885602e-01,-2.545167833222075626e-01,-4.298708230752779635e-01,1.000000000000000000e+00,-5.304805631458112680e-01,-5.612407755739102777e-01,-7.175294396716211387e-02,-4.024194499776605483e-01,3.204677631836239798e-02,-4.873253009482018117e-01,1.086132673405063389e-04,-5.905691713452895231e-01,-3.905197336771180083e-01,-6.065700331903532971e-01,-6.141413056902096379e-01,-2.614998334201449892e-01,-3.922695524384874899e-01,-3.972221630199305187e-01,-2.061949386142117591e-01,-4.794213314301811746e-01,-2.304813322047826185e-01,-6.334255755928835940e-01,-5.087521944594062262e-01,-4.870932716551937824e-01,-2.297575225302069535e-01,-4.274069743776141572e-01,-5.392340367536536672e-01,-5.535785409840330296e-01,-4.937066497950997612e-01,-4.774384813126639759e-01,-4.428090824066351905e-01,-6.445293701360123029e-01,-5.420710224456415371e-01,-6.175663356839613538e-01,-5.337544389303858772e-01
7.146856483141618144e-01,8.748943173653858096e-01,7.604371473087806477e-01,6.867586889002769146e-01,5.411046762852116387e-01,-1.569727868816152005e-01,7.529488079743313911e-01,-5.304805631458112680e-01,1.000000000000000000e+00,8.883091098246674866e-01,-5.322153661115391898e-01,8.606995265875236889e-01,-1.366966936092831042e-01,6.496537743877074667e-02,6.584657204092324578e-01,8.789284256197140710e-01,1.458085700992891309e-01,8.865374699105674772e-01,8.743711833519650645e-01,7.465300679111501747e-01,2.313553781674969057e-01,7.025627291792546636e-01,-3.820082798307283811e-01,1.188580096483647791e-01,-4.117099466424705700e-01,5.715664872284241804e-01,2.915360479539377270e-01,2.251753047609099667e-01,-2.645641060339121164e-01,9.088897275142637788e-01,5.030740029478625308e-01,4.824341498177346921e-01,-1.217150485806317434e-01,9.157260505774748038e-01,5.927234692646521363e-01,4.515968942844257872e-01,7.993765534000996098e-01,8.759931699452604414e-01,8.980161356223244074e-01
7.388224151249703775e-01,8.625552541014853691e-01,7.791558526273696383e-01,7.087938564339580916e-01,5.737746135062079533e-01,-7.745044377041024330e-02,7.719788993239826702e-01,-5.612407755739102777e-01,8.883091098246674866e-01,1.000000000000000000e+00,-4.653242349599872596e-01,8.887256931133777904e-01,-4.828685417477300568e-02,9.397229934323876599e-02,6.049904386232464182e-01,9.250686983874644165e-01,2.627109340646948121e-01,9.113424683721441655e-01,9.071841666696148776e-01,7.208789059640281494e-01,2.428909405251093168e-01,7.076902415273729208e-01,-3.480830876122669171e-01,2.087038415170335282e-01,-3.619979180835317667e-01,6.382534492631348755e-01,4.126358316474370569e-01,2.625140315048312134e-01,-2.102173517918885792e-01,9.146177457811968114e-01,5.718332529823904054e-01,6.088487675573566182e-01,-9.323842326523762436e-02,8.547496688449838231e-01,5.918419038808514498e-01,4.659395777963116769e-01,8.093670634441562095e-01,8.956108010320033008e-01,8.959894394857109701e-01
-6.302083102228085709e-02,-3.917674015508637586e-01,-1.425010975014502634e-01,-4.249667102573232436e-01,1.759792806550743993e-01,7.284170891978388740e-01,-6.052421244861641014e-01,-7.175294396716211387e-02,-5.322153661115391898e-01,-4.653242349599872596e-01,1.000000000000000000e+00,-5.847364777722120488e-01,4.213816421503664422e-01,6.147039786198871258e-01,-8.351095734019964301e-01,-3.628766782272581093e-01,4.945135924771664748e-01,-4.211799352176923694e-01,-4.114488724734358116e-01,-5.345529999463038973e-01,2.228892826861864074e-01,-4.075653248807203921e-01,8.510656419258789684e-01,5.718260489399468183e-01,8.551790242249061036e-01,1.280557050831407917e-01,3.739864300819449316e-01,4.354552531030764229e-01,7.867308850670851061e-01,-5.898839400710381708e-01,1.824219879502315123e-01,2.102850689610379631e-01,6.936881725787905628e-01,-6.395616179958213410e-01,-5.066743012126260354e-02,2.454095196239855503e-01,-2.985002045628986078e-01,-3.146003571400514121e-01,-3.867653323493853157e-01
5.932212196809013571e-01,7.649461082868098671e-01,6.653882892747455813e-01,7.209339201747014814e-01,4.166028479074593838e-01,-2.311567289124721314e-01,7.749070920750117386e-01,-4.024194499776605483e-01,8.606995265875236889e-01,8.887256931133777904e-01,-5.847364777722120488e-01,1.000000000000000000e+00,-1.175246256042530163e-01,-1.049509582378945621e-01,7.177415174847737722e-01,8.466752020521260969e-01,1.131006899528528148e-01,8.667026419185639430e-01,8.614187995539677178e-01,8.032898802181620557e-01,1.690344759232924876e-01,7.321301563685271852e-01,-4.958005100956285882e-01,2.815981580645373489e-02,-5.164516165391710434e-01,4.724679526066525304e-01,2.599704966781951065e-01,6.753717224123399754e-02,-3.459192458841766626e-01,8.834288955532073606e-01,4.030785674573991728e-01,4.599473534857406731e-01,-2.588590545032500856e-01,8.640381779315352562e-01,4.911376842534165843e-01,2.546640387375413428e-01,7.192050319319358564e-01,8.144574423920557527e-01,8.228081797111451712e-01
1.308286731162940641e-01,-2.903178759076616156e-02,4.945283069584177627e-02,-1.057339916771466992e-01,1.540891011521281495e-01,3.544450000857481964e-01,-1.383567462990209496e-01,3.204677631836239798e-02,-1.366966936092831042e-01,-4.828685417477300568e-02,4.213816421503664422e-01,-1.175246256042530163e-01,1.000000000000000000e+00,3.572305295142874648e-01,-3.077972625212975211e-01,2.739476069742076501e-03,3.063882620232898368e-01,-6.867795919779909330e-02,-5.242659856772926424e-02,-6.633221195674963988e-02,3.163154536297149155e-01,1.601306807488142026e-01,4.062862411654230566e-01,3.849402006096334650e-01,3.893023263282420210e-01,1.800734473965380222e-01,3.838379492657268410e-01,3.036623168197455924e-01,4.183109206454020401e-01,-1.060181480330926046e-01,2.189834285031172501e-01,3.046139496475654407e-01,3.626174299306800797e-01,-2.487274352769064112e-01,5.726197939527321451e-02,2.412813959063331848e-01,-8.014199160543701008e-04,2.371444610070383083e-02,-1.505886007044011411e-02
4.630855002233078554e-01,1.903202430750324525e-01,3.851709374892592908e-01,-3.332011199244715866e-02,6.037697394850780608e-01,6.891596877278328703e-01,-1.297417356395594301e-01,-4.873253009482018117e-01,6.496537743877074667e-02,9.397229934323876599e-02,6.147039786198871258e-01,-1.049509582378945621e-01,3.572305295142874648e-01,1.000000000000000000e+00,-4.834091914050903105e-01,2.189411025830333424e-01,6.461359832553094096e-01,1.382553642266976801e-01,1.264885221934954618e-01,-1.432614674367478358e-01,4.244204833303450441e-01,1.293222975523632481e-02,7.503941526398693052e-01,7.691269829567197736e-01,7.314354171270781579e-01,5.926039055823869584e-01,6.314382215548777211e-01,7.152574786597849510e-01,7.267881808911341723e-01,-1.487403261327686216e-02,5.853256665784931645e-01,5.599259885222477306e-01,7.604272649585964716e-01,-6.064342024363208322e-02,4.264836979644728854e-01,7.000794329814098438e-01,2.584163768066003453e-01,2.391718190450648485e-01,1.815454171714236398e-01
2.300725132754040392e-01,5.485548686282111230e-01,2.491998222522004425e-01,4.281021534094511805e-01,-7.484271973932003774e-02,-5.981359579298728413e-01,6.381564132241330789e-01,1.086132673405063389e-04,6.584657204092324578e-01,6.049904386232464182e-01,-8.351095734019964301e-01,7.177415174847737722e-01,-3.077972625212975211e-01,-4.834091914050903105e-01,1.000000000000000000e+00,5.164743859588265540e-01,-2.690069894206725820e-01,5.372740923477764552e-01,5.475064718797785224e-01,6.412294842520401827e-01,-1.862131058662781502e-01,4.867300508757989586e-01,-7.678412016279810848e-01,-4.354677525293683682e-01,-7.866388980223472105e-01,6.667983659485618442e-02,-1.817347027998747200e-01,-3.001757180895333055e-01,-6.580603212213553821e-01,7.047857400068123779e-01,1.278929414348508285e-02,1.089542613373093403e-02,-6.695011799353252080e-01,7.252645944157842806e-01,2.319195548551218899e-01,-1.243072687913335805e-01,4.878758206192834179e-01,4.861369139386401139e-01,5.550374246442412174e-01
7.948322337855193709e-01,8.769375629405843364e-01,8.068329226982295932e-01,6.646820284975671900e-01,6.414383945141649557e-01,2.629980068614242925e-02,6.977997508664077753e-01,-5.905691713452895231e-01,8.789284256197140710e-01,9.250686983874644165e-01,-3.628766782272581093e-01,8.466752020521260969e-01,2.739476069742076501e-03,2.189411025830333424e-01,5.164743859588265540e-01,1.000000000000000000e+00,3.732022958180331029e-01,9.181920316922228542e-01,8.939230112792092564e-01,7.002019467178579593e-01,3.194474566777731339e-01,7.071523535326977861e-01,-2.299462847193448345e-01,3.163573117471938367e-01,-2.724881892317213561e-01,7.148689671086100317e-01,4.865574487660539460e-01,3.779833170662925679e-01,-7.686512447993669450e-02,8.951840775920162363e-01,6.669637783666203523e-01,6.785232725295389233e-01,3.283353746450671379e-02,8.193416966963467107e-01,6.474552173315994974e-01,5.502928970739803249e-01,8.403277685550422094e-01,9.149177889613359094e-01,9.064335983948165198e-01
4.560108750134844180e-01,2.521374164839388921e-01,3.608379993912163575e-01,4.429548654842530020e-02,4.605970768837967522e-01,6.898468567126181394e-01,1.016237752817590774e-02,-3.905197336771180083e-01,1.458085700992891309e-01,2.627109340646948121e-01,4.945135924771664748e-01,1.131006899528528148e-01,3.063882620232898368e-01,6.461359832553094096e-01,-2.690069894206725820e-01,3.732022958180331029e-01,1.000000000000000000e+00,2.911443397616772510e-01,2.660867883959122659e-01,4.756114551067401608e-02,3.316508326779675220e-01,1.665838146499977190e-01,5.340805590831805283e-01,6.859474320779054279e-01,4.801028349503078108e-01,6.434791507956869605e-01,6.570846060433502833e-01,6.578554387579944596e-01,6.356167515396079493e-01,1.668069233585983135e-01,6.530045947131838391e-01,7.243031201087508641e-01,5.066441410642229526e-01,2.569756135552738602e-02,4.471005343557654665e-01,5.619159320752186160e-01,3.412849453574826608e-01,3.340765181622130098e-01,2.692155638508960669e-01
7.433542080654275130e-01,8.354896937181022221e-01,8.124481036701073355e-01,7.465168400202286669e-01,6.209412690398118384e-01,-2.342778702550835784e-02,7.732646943687326857e-01,-6.065700331903532971e-01,8.865374699105674772e-01,9.113424683721441655e-01,-4.211799352176923694e-01,8.667026419185639430e-01,-6.867795919779909330e-02,1.382553642266976801e-01,5.372740923477764552e-01,9.181920316922228542e-01,2.911443397616772510e-01,1.000000000000000000e+00,9.191893120527391270e-01,7.349906836036388391e-01,2.970457075488563969e-01,7.222820355998208486e-01,-2.860871923229936775e-01,2.385641108392889398e-01,-3.162985431186703389e-01,6.554813940026696928e-01,4.221676752462600879e-01,3.395205156500907817e-01,-1.405916305669373534e-01,8.827370336408915108e-01,5.966558585819835558e-01,6.123692866847372240e-01,-1.130366684652634422e-02,8.568871821307237902e-01,6.037818996221372414e-01,4.975976401858032139e-01,7.994412540720625682e-01,8.931599545280430874e-01,8.729615289781014198e-01
7.238288297781169112e-01,8.108001953737778988e-01,8.098354729074513925e-01,7.158069466494616506e-01,6.112182314662407689e-01,-2.911055918563181313e-02,7.873710376872946615e-01,-6.141413056902096379e-01,8.743711833519650645e-01,9.071841666696148776e-01,-4.114488724734358116e-01,8.614187995539677178e-01,-5.242659856772926424e-02,1.264885221934954618e-01,5.475064718797785224e-01,8.939230112792092564e-01,2.660867883959122659e-01,9.191893120527391270e-01,1.000000000000000000e+00,7.201908635290064087e-01,2.963942080427921510e-01,7.043552881883129446e-01,-2.917842263663972813e-01,2.441225148295391445e-01,-3.007077798236212907e-01,6.323218648295664268e-01,4.103846729279104211e-01,3.071296047225289816e-01,-1.591969637614165656e-01,8.639177664974693194e-01,5.609550055213226027e-01,5.906266004972187122e-01,-1.806538584346827764e-02,8.540319680293481097e-01,5.570319065483991805e-01,4.758302927996699849e-01,7.572509542827323692e-01,8.809534691440220611e-01,8.553797250185608547e-01
5.035149883416826233e-01,6.616065153580943381e-01,5.698521215952110364e-01,6.717376926970847206e-01,2.675496023948487623e-01,-1.210665403466675838e-01,6.757231175273676893e-01,-2.614998334201449892e-01,7.465300679111501747e-01,7.208789059640281494e-01,-5.345529999463038973e-01,8.032898802181620557e-01,-6.633221195674963988e-02,-1.432614674367478358e-01,6.412294842520401827e-01,7.002019467178579593e-01,4.756114551067401608e-02,7.349906836036388391e-01,7.201908635290064087e-01,1.000000000000000000e+00,3.223262833787247650e-01,8.316346163846645156e-01,-5.105308485929037632e-01,5.161214626949252836e-03,-5.327960208225688277e-01,3.013026846204466813e-01,1.222888761850780409e-01,1.089084190768180999e-02,-3.428171500183150311e-01,7.706919010307270446e-01,3.147832994434173748e-01,3.083906973242990790e-01,-2.106230206539358440e-01,7.512750657386563224e-01,3.627518643996044956e-01,8.714122321451367448e-02,5.543245976752994020e-01,6.433038473964045600e-01,6.994320671977648507e-01
3.550489433330838995e-01,2.250118403454575977e-01,5.195114728181798869e-01,2.282560368096481773e-01,5.348941603222356900e-01,4.456829008478823684e-01,6.117028551222762622e-02,-3.922695524384874899e-01,2.313553781674969057e-01,2.428909405251093168e-01,2.228892826861864074e-01,1.690344759232924876e-01,3.163154536297149155e-01,4.244204833303450441e-01,-1.862131058662781502e-01,3.194474566777731339e-01,3.316508326779675220e-01,2.970457075488563969e-01,2.963942080427921510e-01,3.223262833787247650e-01,1.000000000000000000e+00,5.743897099857961930e-01,2.316390754851192779e-01,5.664973491171997333e-01,2.261379146913581606e-01,2.410379720495461342e-01,2.423685474004495521e-01,2.180891810550322218e-01,1.991415266844022702e-01,2.023320243764359094e-01,3.154293638385938792e-01,2.855917116544736678e-01,6.369532749414287265e-01,1.343901695468282809e-01,8.166839000019253392e-02,2.708050275975383281e-01,1.229081428779124907e-01,2.530574815323137217e-01,2.778972731786366612e-01
5.123100690534168056e-01,6.273748521321869109e-01,6.817160160332386143e-01,6.267649380227652278e-01,4.334235014300717448e-01,-2.594401240263166653e-02,6.375204472202732342e-01,-3.972221630199305187e-01,7.025627291792546636e-01,7.076902415273729208e-01,-4.075653248807203921e-01,7.321301563685271852e-01,1.601306807488142026e-01,1.293222975523632481e-02,4.867300508757989586e-01,7.071523535326977861e-01,1.665838146499977190e-01,7.222820355998208486e-01,7.043552881883129446e-01,8.316346163846645156e-01,5.743897099857961930e-01,1.000000000000000000e+00,-3.580510320473824226e-01,1.672738522444225939e-01,-3.776903426672071906e-01,3.184577652484421040e-01,1.582476448862443208e-01,7.115933056396546441e-02,-2.655230167540603703e-01,7.288055110244593404e-01,3.543121610689260459e-01,3.524836992731462115e-01,2.558550817860398910e-02,6.753004859093636458e-01,2.816683614402752389e-01,1.696151739015727689e-01,5.164867916720696783e-01,6.340498095502244968e-01,6.754538338027548106e-01
7.698774541635987345e-02,-2.514632005599160003e-01,-3.035420974176214568e-03,-3.319578519500684943e-01,3.227213804335633540e-01,7.181330241456614916e-01,-4.632545555237619350e-01,-2.061949386142117591e-01,-3.820082798307283811e-01,-3.480830876122669171e-01,8.510656419258789684e-01,-4.958005100956285882e-01,4.062862411654230566e-01,7.503941526398693052e-01,-7.678412016279810848e-01,-2.299462847193448345e-01,5.340805590831805283e-01,-2.860871923229936775e-01,-2.917842263663972813e-01,-5.105308485929037632e-01,2.316390754851192779e-01,-3.580510320473824226e-01,1.000000000000000000e+00,6.439904321175612401e-01,9.163701785290698787e-01,2.908137532011862980e-01,4.916647182668889560e-01,5.679974715454220169e-01,8.361526718182552553e-01,-4.769326353263038665e-01,3.262952481854967668e-01,2.952687297351761497e-01,7.288472087906102681e-01,-4.883492527875905043e-01,1.584498687690752416e-01,4.543716910886717031e-01,-1.209485284591052395e-01,-1.837206139584388609e-01,-2.672790240270472295e-01
5.007179073909098221e-01,2.345886427473556357e-01,4.573430611635624921e-01,1.036763577022337401e-01,6.297767805926258733e-01,8.013544471937013025e-01,-9.402390826348704100e-02,-4.794213314301811746e-01,1.188580096483647791e-01,2.087038415170335282e-01,5.718260489399468183e-01,2.815981580645373489e-02,3.849402006096334650e-01,7.691269829567197736e-01,-4.354677525293683682e-01,3.163573117471938367e-01,6.859474320779054279e-01,2.385641108392889398e-01,2.441225148295391445e-01,5.161214626949252836e-03,5.664973491171997333e-01,1.672738522444225939e-01,6.439904321175612401e-01,1.000000000000000000e+00,6.400049533141568547e-01,5.756701077785431053e-01,6.615411458004396561e-01,6.023006362126795965e-01,6.466598636147008472e-01,7.952960419140300830e-02,6.352356172404526324e-01,6.173574143572002626e-01,7.160264210760701742e-01,-2.929739265802243711e-02,3.653733677164291427e-01,5.903252952209880888e-01,2.416435021144164863e-01,2.959189394101701676e-01,2.738573547749280079e-01
3.532131142202458995e-02,-2.862459169326049269e-01,-7.783433685637950253e-03,-3.283596647860991813e-01,3.158430442089460444e-01,7.006838676792900289e-01,-4.519287868808622988e-01,-2.304813322047826185e-01,-4.117099466424705700e-01,-3.619979180835317667e-01,8.551790242249061036e-01,-5.164516165391710434e-01,3.893023263282420210e-01,7.314354171270781579e-01,-7.866388980223472105e-01,-2.724881892317213561e-01,4.801028349503078108e-01,-3.162985431186703389e-01,-3.007077798236212907e-01,-5.327960208225688277e-01,2.261379146913581606e-01,-3.776903426672071906e-01,9.163701785290698787e-01,6.400049533141568547e-01,1.000000000000000000e+00,2.230123381383469494e-01,4.312970874870816207e-01,5.287648864027141293e-01,7.715783637235597014e-01,-5.060604327936351066e-01,2.578585837227728716e-01,2.487978810458962298e-01,7.275907349008688962e-01,-5.103543223374712445e-01,6.032880163226746889e-02,4.132071589649207732e-01,-1.798114587137096265e-01,-2.188130588361258677e-01,-3.017866372803815755e-01
7.971945240552836820e-01,6.586099155187630227e-01,6.694687973216786325e-01,3.744843401957798079e-01,6.516900436379575723e-01,4.146343516353425129e-01,3.978108109172738827e-01,-6.334255755928835940e-01,5.715664872284241804e-01,6.382534492631348755e-01,1.280557050831407917e-01,4.724679526066525304e-01,1.800734473965380222e-01,5.926039055823869584e-01,6.667983659485618442e-02,7.148689671086100317e-01,6.434791507956869605e-01,6.554813940026696928e-01,6.323218648295664268e-01,3.013026846204466813e-01,2.410379720495461342e-01,3.184577652484421040e-01,2.908137532011862980e-01,5.756701077785431053e-01,2.230123381383469494e-01,1.000000000000000000e+00,8.256018757645058326e-01,7.447235720195493069e-01,4.622637904153948374e-01,5.417572651654638527e-01,8.368116134210848989e-01,8.586107523953192544e-01,3.484432687325067501e-01,4.620843672105525712e-01,7.843780201127191765e-01,8.185435815020524197e-01,7.467783049181274668e-01,7.378873154949007196e-01,6.573420850097088097e-01
6.730906170347513706e-01,4.277125904125106959e-01,5.008905057494035251e-01,2.072160446157274016e-01,5.876546420159203254e-01,5.350385321620590995e-01,1.640152951123682867e-01,-5.087521944594062262e-01,2.915360479539377270e-01,4.126358316474370569e-01,3.739864300819449316e-01,2.599704966781951065e-01,3.838379492657268410e-01,6.314382215548777211e-01,-1.817347027998747200e-01,4.865574487660539460e-01,6.570846060433502833e-01,4.221676752462600879e-01,4.103846729279104211e-01,1.222888761850780409e-01,2.423685474004495521e-01,1.582476448862443208e-01,4.916647182668889560e-01,6.615411458004396561e-01,4.312970874870816207e-01,8.256018757645058326e-01,1.000000000000000000e+00,6.924919340661609413e-01,6.661382370797205299e-01,2.688243665593622600e-01,7.684346017031838949e-01,8.339102663292274897e-01,4.711298059011631012e-01,1.726122745817673665e-01,6.775857464174837030e-01,7.713677147417804525e-01,5.531895992736165502e-01,5.342108766782296403e-01,4.490121947448903472e-01
5.518363705173556788e-01,3.482590599078709825e-01,4.137023858034956092e-01,1.109353443104428572e-01,5.126287960443376424e-01,5.948414850880573423e-01,1.295217955387833741e-01,-4.870932716551937824e-01,2.251753047609099667e-01,2.625140315048312134e-01,4.354552531030764229e-01,6.753717224123399754e-02,3.036623168197455924e-01,7.152574786597849510e-01,-3.001757180895333055e-01,3.779833170662925679e-01,6.578554387579944596e-01,3.395205156500907817e-01,3.071296047225289816e-01,1.089084190768180999e-02,2.180891810550322218e-01,7.115933056396546441e-02,5.679974715454220169e-01,6.023006362126795965e-01,5.287648864027141293e-01,7.447235720195493069e-01,6.924919340661609413e-01,1.000000000000000000e+00,6.337093532107104243e-01,1.785718003410282917e-01,7.594767207703864154e-01,7.029314667006858475e-01,5.226660531570891388e-01,1.294398228889152569e-01,5.342248149201805907e-01,7.436618619519383966e-01,4.455822283042593646e-01,4.088182351686655558e-01,3.098803172059445554e-01
2.412065528795730718e-01,-1.016422338040643969e-01,6.696425599634608927e-02,-2.561326785826265051e-01,3.137965911188705936e-01,7.278574853276403855e-01,-3.928949253502396766e-01,-2.297575225302069535e-01,-2.645641060339121164e-01,-2.102173517918885792e-01,7.867308850670851061e-01,-3.459192458841766626e-01,4.183109206454020401e-01,7.267881808911341723e-01,-6.580603212213553821e-01,-7.686512447993669450e-02,6.356167515396079493e-01,-1.405916305669373534e-01,-1.591969637614165656e-01,-3.428171500183150311e-01,1.991415266844022702e-01,-2.655230167540603703e-01,8.361526718182552553e-01,6.466598636147008472e-01,7.715783637235597014e-01,4.622637904153948374e-01,6.661382370797205299e-01,6.337093532107104243e-01,1.000000000000000000e+00,-3.268686339639315097e-01,4.469140372109529080e-01,4.837779941844123077e-01,6.773599102707389408e-01,-3.866858286564356373e-01,3.630351597670254948e-01,5.391622136026431589e-01,6.513482160985788194e-02,-2.078689292108958434e-02,-1.140691141307787621e-01
6.834913225908239021e-01,8.659437627351874722e-01,6.917781896525174723e-01,6.704051755864470774e-01,4.401185466676403313e-01,-1.814416032965821823e-01,7.639351889483569913e-01,-4.274069743776141572e-01,9.088897275142637788e-01,9.146177457811968114e-01,-5.898839400710381708e-01,8.834288955532073606e-01,-1.060181480330926046e-01,-1.487403261327686216e-02,7.047857400068123779e-01,8.951840775920162363e-01,1.668069233585983135e-01,8.827370336408915108e-01,8.639177664974693194e-01,7.706919010307270446e-01,2.023320243764359094e-01,7.288055110244593404e-01,-4.769326353263038665e-01,7.952960419140300830e-02,-5.060604327936351066e-01,5.417572651654638527e-01,2.688243665593622600e-01,1.785718003410282917e-01,-3.268686339639315097e-01,1.000000000000000000e+00,4.946637887065463701e-01,4.946729785384583189e-01,-2.176922075563869630e-01,8.855944460660208906e-01,5.533579100027455899e-01,3.673859868650288241e-01,7.837861264796056604e-01,8.516756356272421336e-01,8.871381373210336374e-01
7.641363322687703130e-01,6.380584393511399277e-01,6.020577874239309013e-01,2.816469930446678926e-01,6.148389002060823394e-01,4.846215397156744542e-01,3.109760367187789365e-01,-5.392340367536536672e-01,5.030740029478625308e-01,5.718332529823904054e-01,1.824219879502315123e-01,4.030785674573991728e-01,2.189834285031172501e-01,5.853256665784931645e-01,1.278929414348508285e-02,6.669637783666203523e-01,6.530045947131838391e-01,5.966558585819835558e-01,5.609550055213226027e-01,3.147832994434173748e-01,3.154293638385938792e-01,3.543121610689260459e-01,3.262952481854967668e-01,6.352356172404526324e-01,2.578585837227728716e-01,8.368116134210848989e-01,7.684346017031838949e-01,7.594767207703864154e-01,4.469140372109529080e-01,4.946637887065463701e-01,1.000000000000000000e+00,7.935784950595253795e-01,3.652850643033250244e-01,3.962417976102726169e-01,7.044539296708104414e-01,7.186913929382169330e-01,6.882267534872581471e-01,6.550056686813243711e-01,6.272412011676290478e-01
7.396880969201767853e-01,5.934498198028159699e-01,6.106012313602930952e-01,3.381989572642571384e-01,6.057257035766213660e-01,4.634545533503643400e-01,3.137277892071433927e-01,-5.535785409840330296e-01,4.824341498177346921e-01,6.088487675573566182e-01,2.102850689610379631e-01,4.599473534857406731e-01,3.046139496475654407e-01,5.599259885222477306e-01,1.089542613373093403e-02,6.785232725295389233e-01,7.243031201087508641e-01,6.123692866847372240e-01,5.906266004972187122e-01,3.083906973242990790e-01,2.855917116544736678e-01,3.524836992731462115e-01,2.952687297351761497e-01,6.173574143572002626e-01,2.487978810458962298e-01,8.586107523953192544e-01,8.339102663292274897e-01,7.029314667006858475e-01,4.837779941844123077e-01,4.946729785384583189e-01,7.935784950595253795e-01,1.000000000000000000e+00,3.710534813164950707e-01,3.590897472337638008e-01,6.594383127258665045e-01,7.338712230026588346e-01,6.726038421713035342e-01,6.843755980549263152e-01,6.208843195954186767e-01
2.724599651357568209e-01,-3.557481646778024031e-02,3.623764755797139747e-01,-8.237913098337000528e-02,6.016140053954042166e-01,6.740216290279468225e-01,-2.842873113669363017e-01,-4.937066497950997612e-01,-1.217150485806317434e-01,-9.323842326523762436e-02,6.936881725787905628e-01,-2.588590545032500856e-01,3.626174299306800797e-01,7.604272649585964716e-01,-6.695011799353252080e-01,3.283353746450671379e-02,5.066441410642229526e-01,-1.130366684652634422e-02,-1.806538584346827764e-02,-2.106230206539358440e-01,6.369532749414287265e-01,2.558550817860398910e-02,7.288472087906102681e-01,7.160264210760701742e-01,7.275907349008688962e-01,3.484432687325067501e-01,4.711298059011631012e-01,5.226660531570891388e-01,6.773599102707389408e-01,-2.176922075563869630e-01,3.652850643033250244e-01,3.710534813164950707e-01,1.000000000000000000e+00,-2.394949076040670810e-01,1.221107779534766208e-01,5.136977331549388293e-01,-8.619485997144299069e-03,5.123155667999215734e-02,-1.667698370834026431e-02
6.019739375286745631e-01,8.110856806876628466e-01,6.987953492322936944e-01,7.096880153961343529e-01,4.438244776611220965e-01,-2.793825875364632227e-01,8.150999672723714395e-01,-4.774384813126639759e-01,9.157260505774748038e-01,8.547496688449838231e-01,-6.395616179958213410e-01,8.640381779315352562e-01,-2.487274352769064112e-01,-6.064342024363208322e-02,7.252645944157842806e-01,8.193416966963467107e-01,2.569756135552738602e-02,8.568871821307237902e-01,8.540319680293481097e-01,7.512750657386563224e-01,1.343901695468282809e-01,6.753004859093636458e-01,-4.883492527875905043e-01,-2.929739265802243711e-02,-5.103543223374712445e-01,4.620843672105525712e-01,1.726122745817673665e-01,1.294398228889152569e-01,-3.866858286564356373e-01,8.855944460660208906e-01,3.962417976102726169e-01,3.590897472337638008e-01,-2.394949076040670810e-01,1.000000000000000000e+00,5.104390743747703185e-01,3.268348285733898573e-01,7.344302514906485557e-01,8.097998237891768092e-01,8.275551627953152689e-01
7.579477578099949042e-01,6.962877943650228607e-01,5.361919745850677321e-01,3.510105785310881354e-01,4.939161169117280425e-01,2.374295806576257051e-01,3.917941823299134763e-01,-4.428090824066351905e-01,5.927234692646521363e-01,5.918419038808514498e-01,-5.066743012126260354e-02,4.911376842534165843e-01,5.726197939527321451e-02,4.264836979644728854e-01,2.319195548551218899e-01,6.474552173315994974e-01,4.471005343557654665e-01,6.037818996221372414e-01,5.570319065483991805e-01,3.627518643996044956e-01,8.166839000019253392e-02,2.816683614402752389e-01,1.584498687690752416e-01,3.653733677164291427e-01,6.032880163226746889e-02,7.843780201127191765e-01,6.775857464174837030e-01,5.342248149201805907e-01,3.630351597670254948e-01,5.533579100027455899e-01,7.044539296708104414e-01,6.594383127258665045e-01,1.221107779534766208e-01,5.104390743747703185e-01,1.000000000000000000e+00,6.983198630539695362e-01,8.004444807048274324e-01,6.757319460238575548e-01,6.515645809844856640e-01
7.493848779531964155e-01,5.644318950629830800e-01,6.158183112638242473e-01,2.660378434444788942e-01,7.127468437402698642e-01,4.130856019625894771e-01,2.586625584516044629e-01,-6.445293701360123029e-01,4.515968942844257872e-01,4.659395777963116769e-01,2.454095196239855503e-01,2.546640387375413428e-01,2.412813959063331848e-01,7.000794329814098438e-01,-1.243072687913335805e-01,5.502928970739803249e-01,5.619159320752186160e-01,4.975976401858032139e-01,4.758302927996699849e-01,8.714122321451367448e-02,2.708050275975383281e-01,1.696151739015727689e-01,4.543716910886717031e-01,5.903252952209880888e-01,4.132071589649207732e-01,8.185435815020524197e-01,7.713677147417804525e-01,7.436618619519383966e-01,5.391622136026431589e-01,3.673859868650288241e-01,7.186913929382169330e-01,7.338712230026588346e-01,5.136977331549388293e-01,3.268348285733898573e-01,6.983198630539695362e-01,1.000000000000000000e+00,6.495205037292576256e-01,6.174072920895066208e-01,5.361233351049741191e-01
8.045750080901105106e-01,8.788338751564863660e-01,6.889046056512456717e-01,5.034168456142770198e-01,5.545317181555784458e-01,8.100035470066423507e-03,6.039575666272504195e-01,-5.420710224456415371e-01,7.993765534000996098e-01,8.093670634441562095e-01,-2.985002045628986078e-01,7.192050319319358564e-01,-8.014199160543701008e-04,2.584163768066003453e-01,4.878758206192834179e-01,8.403277685550422094e-01,3.412849453574826608e-01,7.994412540720625682e-01,7.572509542827323692e-01,5.543245976752994020e-01,1.229081428779124907e-01,5.164867916720696783e-01,-1.209485284591052395e-01,2.416435021144164863e-01,-1.798114587137096265e-01,7.467783049181274668e-01,5.531895992736165502e-01,4.455822283042593646e-01,6.513482160985788194e-02,7.837861264796056604e-01,6.882267534872581471e-01,6.726038421713035342e-01,-8.619485997144299069e-03,7.344302514906485557e-01,8.004444807048274324e-01,6.495205037292576256e-01,1.000000000000000000e+00,8.581191577047051489e-01,8.446507794769674282e-01
8.396097167882005108e-01,8.840860266557395430e-01,8.045580396641852650e-01,6.436835667017775098e-01,6.713232871863038520e-01,-7.251663488817084238e-03,6.739637177177767446e-01,-6.175663356839613538e-01,8.759931699452604414e-01,8.956108010320033008e-01,-3.146003571400514121e-01,8.144574423920557527e-01,2.371444610070383083e-02,2.391718190450648485e-01,4.861369139386401139e-01,9.149177889613359094e-01,3.340765181622130098e-01,8.931599545280430874e-01,8.809534691440220611e-01,6.433038473964045600e-01,2.530574815323137217e-01,6.340498095502244968e-01,-1.837206139584388609e-01,2.959189394101701676e-01,-2.188130588361258677e-01,7.378873154949007196e-01,5.342108766782296403e-01,4.088182351686655558e-01,-2.078689292108958434e-02,8.516756356272421336e-01,6.550056686813243711e-01,6.843755980549263152e-01,5.123155667999215734e-02,8.097998237891768092e-01,6.757319460238575548e-01,6.174072920895066208e-01,8.581191577047051489e-01,1.000000000000000000e+00,9.144932041882295470e-01
8.281455566323885353e-01,9.222529011509291719e-01,7.655471720281610271e-01,6.182453075002812826e-01,6.049409353908900000e-01,-3.119916112995652080e-02,6.412460746870451977e-01,-5.337544389303858772e-01,8.980161356223244074e-01,8.959894394857109701e-01,-3.867653323493853157e-01,8.228081797111451712e-01,-1.505886007044011411e-02,1.815454171714236398e-01,5.550374246442412174e-01,9.064335983948165198e-01,2.692155638508960669e-01,8.729615289781014198e-01,8.553797250185608547e-01,6.994320671977648507e-01,2.778972731786366612e-01,6.754538338027548106e-01,-2.672790240270472295e-01,2.738573547749280079e-01,-3.017866372803815755e-01,6.573420850097088097e-01,4.490121947448903472e-01,3.098803172059445554e-01,-1.140691141307787621e-01,8.871381373210336374e-01,6.272412011676290478e-01,6.208843195954186767e-01,-1.667698370834026431e-02,8.275551627953152689e-01,6.515645809844856640e-01,5.361233351049741191e-01,8.446507794769674282e-01,9.144932041882295470e-01,1.000000000000000000e+00
