1.000000000000000000e+00,5.958141002897480165e-01,5.094499018158008541e-01,1.375275107753879955e-01,5.811632294886364125e-01,1.434689137003792303e-01,9.326566655374796122e-02,-4.498144984829997028e-01,6.017071306595881408e-01,6.185658249965027000e-01,-2.080970526160643569e-02,5.069010802810093308e-01,-1.435587134260525310e-01,5.458041838940268509e-01,2.299066596723038647e-01,5.738428424288304353e-01,3.136842523801154914e-01,3.964838567614413223e-01,3.901084713969019679e-01,7.755603838421841478e-02,5.401286136551989442e-02,1.454881786482001005e-01,6.115377173270121203e-01,3.565565974242200231e-01,5.173188737740526122e-01,7.342418722097321382e-01,6.046854921551972906e-01,3.848255172740378538e-01,4.638884278497814040e-01,5.731306370028935726e-01,1.992882377418561668e-01,3.893901293344770309e-01,4.893194673361208613e-01,4.878204382149938789e-01,1.162334349567056280e-01,4.116362096446649077e-01,2.609454229530419056e-01,4.590576518500194547e-01,4.555784813969188107e-01
5.958141002897480165e-01,1.000000000000000000e+00,3.845528389296031246e-01,2.726251069445516095e-01,5.831459547003075006e-01,5.610914651534504305e-02,4.547669121076000076e-01,-3.858110582184773873e-01,6.926266051455043371e-01,6.466617501501294996e-01,-1.047515262795510604e-01,6.271473200453917540e-01,-4.084302971204448293e-04,6.092487283137937304e-01,4.015767489106388810e-01,6.866247998912657913e-01,1.611909870371519837e-01,5.455353716622490801e-01,5.883378459530680393e-01,3.644974002031440841e-01,-2.566226016021990186e-01,1.413608945781441584e-01,6.380764383769572667e-01,4.111157901749578070e-01,6.404371981140802861e-01,3.576188379933548100e-01,5.906805091291031928e-01,7.026119909864858570e-02,4.225578981930920297e-01,6.832307881270233141e-01,5.637254422031286877e-02,4.039068439737995564e-01,5.048078155392802246e-01,4.137971740715616353e-01,1.257091280359668439e-01,6.321077474417581277e-01,2.168630267744688089e-01,3.473571311258367711e-01,5.926547023464937558e-01
5.094499018158008541e-01,3.845528389296031246e-01,1.000000000000000000e+00,7.787875440011737815e-02,7.208891953977314415e-01,7.230278715323221195e-02,1.937571210493459484e-01,-8.181241149822773284e-01,5.971945888169307715e-01,6.051804893747937397e-01,-1.043342937676253745e-01,3.224847095821241627e-01,-1.888006696499821280e-01,5.485660470973612313e-01,1.452862553985906358e-02,5.292391085800900452e-01,1.356225136753319016e-01,4.025623632979233313e-01,4.970240811118214475e-01,5.718615750654198332e-02,1.321568594311472999e-01,1.455548642128691172e-01,5.624682098413615883e-01,2.306552908788907785e-01,5.037904570781657210e-01,4.997485753054773938e-01,4.034407334247979149e-01,5.408679012285166898e-01,2.982878724471157428e-01,5.997776865663637658e-01,2.669307464572825417e-01,2.133812387457389714e-01,5.500006990217295444e-01,6.428694121518173654e-01,6.173539660808250590e-02,2.274668343749871036e-01,1.201544245275867340e-01,3.789712922316274546e-01,3.491656381661967790e-01
1.375275107753879955e-01,2.726251069445516095e-01,7.787875440011737815e-02,1.000000000000000000e+00,1.085851858831410055e-01,1.851378308544499585e-01,6.241462954116474560e-01,-9.016276503339414050e-02,3.855123637119451385e-01,2.952976567632160654e-01,1.900628681278681079e-02,3.414826194769590151e-01,1.894826212623430817e-01,3.070999942833992913e-01,2.394419579740937332e-01,4.128965330813679779e-01,2.515738540702044390e-01,6.693981824179559004e-01,5.598174670073334802e-01,6.014645267510403404e-01,-3.634506837927962697e-01,1.786686085855769823e-01,2.951978123513466779e-01,1.974109170869679519e-01,1.867011117380460716e-01,1.125582120181009421e-01,4.465727906531271607e-01,-2.235163942383799895e-01,3.545139273675544378e-01,3.634020206593714941e-01,-9.603734392751926696e-02,3.311168739381104564e-01,2.403596901831347998e-01,-1.932447040528673943e-01,1.764573255293518939e-01,3.076341096091769756e-01,3.172448848394014420e-01,4.074187597548267203e-01,2.610326751250134358e-01
5.811632294886364125e-01,5.831459547003075006e-01,7.208891953977314415e-01,1.085851858831410055e-01,1.000000000000000000e+00,1.328941720588847075e-01,2.478391436363253097e-01,-6.809158611058163668e-01,7.352850599647594576e-01,6.184584467504649075e-01,-1.324366394468549230e-02,5.491025364326702629e-01,-4.419796616679139145e-02,7.183507068208108137e-01,1.850902931859605693e-01,5.777230348632588219e-01,1.940052568348449580e-01,4.751800200948504416e-01,5.376689640766539879e-01,1.615865673704902361e-01,-8.385957579870816081e-02,9.196680515307667503e-02,5.994462149861046196e-01,4.630400499006258053e-01,6.212968590818090941e-01,4.931111718129559951e-01,4.858357577761970858e-01,3.884193584857834614e-01,4.443395182654489295e-01,6.248580699864071386e-01,1.352427979722156948e-01,3.929330464436348036e-01,6.507017970411429486e-01,7.580699524913109277e-01,1.276972011460860978e-01,2.611209453471827757e-01,2.131444836067394044e-01,3.825336917974164752e-01,4.467390471190693657e-01
1.434689137003792303e-01,5.610914651534504305e-02,7.230278715323221195e-02,1.851378308544499585e-01,1.328941720588847075e-01,1.000000000000000000e+00,9.864464454183001496e-02,2.819794743248276933e-02,4.410725537513718320e-02,1.985356160195357322e-01,4.861479156140289248e-01,3.887542914941951588e-01,-7.600286060284703812e-03,4.095324305858084601e-01,1.941089593341001063e-01,2.563223018649492535e-01,4.252159672941027146e-01,1.619227708774211016e-01,8.321767329928611567e-02,2.222586920130291410e-01,-4.935401575856603745e-02,2.517789783207519116e-01,1.183139326900256028e-01,3.553227773369498355e-01,3.389884027291965585e-01,2.499354208574475211e-01,2.424557192383739734e-01,8.399510357189300669e-02,4.706442520223328430e-01,3.959871078071857536e-02,2.280020582809257346e-01,6.045664687365868151e-01,4.813424503609323168e-01,1.071182856703140340e-01,6.154568215911238038e-01,1.922677003333116141e-01,7.023024416444392237e-01,3.066201997978049709e-01,1.742808192129533251e-01
9.326566655374796122e-02,4.547669121076000076e-01,1.937571210493459484e-01,6.241462954116474560e-01,2.478391436363253097e-01,9.864464454183001496e-02,1.000000000000000000e+00,-2.377320257966357153e-01,4.673143421035013123e-01,3.274757171028755964e-01,-2.670749896455939382e-02,3.743985553088810536e-01,1.842234167176384496e-01,3.753510843430459820e-01,3.710867206680882879e-01,4.879731168717840739e-01,2.213090038153479877e-01,6.631237684367098373e-01,6.569782652620709262e-01,6.896829068380309069e-01,-5.387502165022289846e-01,7.978203211846117415e-02,4.292914182027400272e-01,2.225314117438566830e-01,3.804107825878171867e-01,-4.834296587168398357e-02,3.989066890679375255e-01,-3.036020487557634651e-01,3.018821740917468355e-01,4.985159480245176522e-01,-1.715670096125064548e-01,3.109865276815422241e-01,3.631774384263989908e-01,-2.014972527886964640e-02,1.179415309647337817e-01,4.261226569070001302e-01,2.322947942737029758e-01,2.891547084272335089e-01,3.718141329535784578e-01
-4.498144984829997028e-01,-3.858110582184773873e-01,-8.181241149822773284e-01,-9.016276503339414050e-02,-6.809158611058163668e-01,2.819794743248276933e-02,-2.377320257966357153e-01,1.000000000000000000e+00,-5.800542800288445155e-01,-5.017281780003672864e-01,7.212579726228623977e-02,-2.939985252260292614e-01,-2.429865783719733358e-02,-5.184465003319672638e-01,1.240375603039402252e-02,-4.472263172817721455e-01,-1.376501008794687453e-01,-3.784860471634106660e-01,-4.918447143866216398e-01,-7.777713973128193292e-02,7.280760680751677261e-02,9.598488954353562308e-02,-5.498166515691939038e-01,-1.591882358447110901e-01,-4.285354074605901009e-01,-3.493948799919339154e-01,-3.316947289357325412e-01,-3.261038613338668735e-01,-2.229269414535459959e-01,-5.465903271136360875e-01,-7.728993649167636287e-03,-1.798620953741890682e-01,-4.249210433951433608e-01,-5.670720791816551420e-01,5.002990051205054994e-02,-1.470252425350161152e-01,-1.627652550104555576e-02,-3.835894839353183872e-01,-3.522331006205889348e-01
6.017071306595881408e-01,6.926266051455043371e-01,5.971945888169307715e-01,3.855123637119451385e-01,7.352850599647594576e-01,4.410725537513718320e-02,4.673143421035013123e-01,-5.800542800288445155e-01,1.000000000000000000e+00,6.495683941529187821e-01,-1.717811511424378046e-01,6.480943875449661773e-01,5.131479754718943145e-03,6.644872164771011835e-01,3.320788389120550854e-01,6.800606887632961728e-01,1.514970095646540615e-01,7.094902551505427590e-01,7.137090029441708339e-01,3.939674904398713373e-01,-2.051224243756889776e-01,1.797730617776699125e-01,6.750673991976027244e-01,4.574176781408234582e-01,5.884443032861343958e-01,4.777319796106559435e-01,6.035016259814486306e-01,2.159116583815042512e-01,4.172578742112686978e-01,7.370414563546547893e-01,6.882503105839074542e-02,3.270686194928770774e-01,6.204975703867199321e-01,5.560962789644774418e-01,5.745416533069698344e-03,3.852210643653433686e-01,1.731682034205417331e-01,5.216136993916760112e-01,5.776116338166038533e-01
6.185658249965027000e-01,6.466617501501294996e-01,6.051804893747937397e-01,2.952976567632160654e-01,6.184584467504649075e-01,1.985356160195357322e-01,3.274757171028755964e-01,-5.017281780003672864e-01,6.495683941529187821e-01,1.000000000000000000e+00,1.674505655955646141e-02,5.327204093432067467e-01,-2.354116129708001826e-01,6.337728589904980669e-01,1.782070327560015544e-01,7.715657687058826708e-01,2.655504848314679256e-01,5.557856669946424910e-01,5.593519623019340692e-01,3.362315732687212733e-01,1.424021187199234900e-02,3.590305729538758039e-01,6.304708963048465398e-01,3.526549145323361056e-01,6.991842367447818063e-01,5.448571719632907540e-01,5.239937790871137535e-01,4.511014215275133132e-01,5.324536626772952141e-01,7.290857238003710661e-01,3.686582302224211127e-01,4.627411414618980423e-01,6.217844731207741171e-01,4.925037380046250468e-01,2.914902570682025296e-01,5.089313805574605665e-01,3.374312546081562059e-01,3.940456613673580799e-01,4.744052111539812655e-01
-2.080970526160643569e-02,-1.047515262795510604e-01,-1.043342937676253745e-01,1.900628681278681079e-02,-1.324366394468549230e-02,4.861479156140289248e-01,-2.670749896455939382e-02,7.212579726228623977e-02,-1.717811511424378046e-01,1.674505655955646141e-02,1.000000000000000000e+00,1.744048109630917942e-01,2.948109423232780912e-01,2.174012745738465036e-01,7.228924365279858211e-02,-4.538537896569033031e-02,6.018459602848579282e-01,-1.372271189385750045e-01,-2.216124444260683390e-01,1.942724167873014496e-01,-2.049096137886549374e-01,-1.473511128149427030e-01,-1.237416547475550521e-01,1.380229559007475348e-01,1.269743028740776547e-01,-4.225055274382017584e-02,-1.361805430296161856e-01,-6.340550299373835796e-02,3.491385028927014300e-01,-2.353961198817130229e-01,-1.424550525205735552e-01,4.742673395603617670e-01,2.448738933535471174e-01,1.018314574938374156e-01,4.666641313959224990e-01,-2.233849787048504745e-02,3.966831258976825092e-01,1.293151656787203396e-01,-1.583229660504906211e-02
5.069010802810093308e-01,6.271473200453917540e-01,3.224847095821241627e-01,3.414826194769590151e-01,5.491025364326702629e-01,3.887542914941951588e-01,3.743985553088810536e-01,-2.939985252260292614e-01,6.480943875449661773e-01,5.327204093432067467e-01,1.744048109630917942e-01,1.000000000000000000e+00,1.338336786007203183e-01,6.854128239047089233e-01,5.828700225545910829e-01,6.129329943695750460e-01,2.353725971271355133e-01,5.397197684145242924e-01,4.989203502097357967e-01,4.475196362437907638e-01,-3.504693953214380597e-01,1.208924070287121233e-01,5.338300017537420672e-01,5.216197838604035297e-01,6.317464267076752238e-01,3.568828119754612338e-01,5.004157091017400472e-01,1.399111352412717342e-02,5.265080697854441771e-01,4.738027659887974474e-01,-4.965690334065371581e-02,5.243388388955354529e-01,6.671749213286677360e-01,4.319357045053486832e-01,2.482956691241819114e-01,4.209900292435955205e-01,4.091535718278163647e-01,5.662054802113023477e-01,6.509886359551743107e-01
-1.435587134260525310e-01,-4.084302971204448293e-04,-1.888006696499821280e-01,1.894826212623430817e-01,-4.419796616679139145e-02,-7.600286060284703812e-03,1.842234167176384496e-01,-2.429865783719733358e-02,5.131479754718943145e-03,-2.354116129708001826e-01,2.948109423232780912e-01,1.338336786007203183e-01,1.000000000000000000e+00,6.158552850680381469e-02,1.824617955484822696e-01,-9.472747371510643888e-02,1.384128893225960999e-01,8.592034784598905073e-02,3.975745036791987486e-02,2.064518121204852452e-01,-5.537980431376805512e-01,-4.345312435703221343e-01,-5.559645922939522589e-02,-2.415728228924574408e-02,-1.353269385185643381e-01,-3.245199679080981170e-01,-1.238296886895029897e-01,-5.524439229619230174e-01,7.588589985234805990e-02,-1.706935189411193932e-01,-7.133390446816288977e-01,6.791339198910949226e-02,-1.063568219435206269e-01,-1.417829144209792336e-01,-9.891050571827715576e-02,-6.536551412221797142e-02,-1.911485816007644709e-02,1.744542543432870130e-01,8.983665021647954663e-02
5.458041838940268509e-01,6.092487283137937304e-01,5.485660470973612313e-01,3.070999942833992913e-01,7.183507068208108137e-01,4.095324305858084601e-01,3.753510843430459820e-01,-5.184465003319672638e-01,6.644872164771011835e-01,6.337728589904980669e-01,2.174012745738465036e-01,6.854128239047089233e-01,6.158552850680381469e-02,1.000000000000000000e+00,3.087857641900026984e-01,6.986120312911022756e-01,3.410259077058983568e-01,5.358306224855778899e-01,5.733838060716106577e-01,3.737616419822132885e-01,-2.237010394884098863e-01,1.614762427267590894e-01,5.900305951136912697e-01,5.983669971446083924e-01,6.720650760000530521e-01,4.512755311176537831e-01,5.349135467395195187e-01,2.037062549914732956e-01,6.011463570193743555e-01,5.863229997863954601e-01,7.441414640649178514e-02,6.302962707980007684e-01,7.079667295464927568e-01,5.789737036111003432e-01,3.248884940867148297e-01,4.249261288811721493e-01,4.558203102977317900e-01,5.026587897024474838e-01,5.138460959247730386e-01
2.299066596723038647e-01,4.015767489106388810e-01,1.452862553985906358e-02,2.394419579740937332e-01,1.850902931859605693e-01,1.941089593341001063e-01,3.710867206680882879e-01,1.240375603039402252e-02,3.320788389120550854e-01,1.782070327560015544e-01,7.228924365279858211e-02,5.828700225545910829e-01,1.824617955484822696e-01,3.087857641900026984e-01,1.000000000000000000e+00,3.062016040981288545e-01,8.102910762567766545e-02,3.079244106208928744e-01,2.776369207945518225e-01,3.997468867452659280e-01,-4.150121673614104445e-01,5.018152761316834604e-02,2.909975340529050714e-01,3.915956254303954442e-01,3.770026197003086277e-01,7.521829247670380747e-02,2.457138918421414575e-01,-2.851656728458578094e-01,2.325611461331981156e-01,2.147397555515715151e-01,-2.055352882436273787e-01,2.202467585427712871e-01,3.745517031858870416e-01,1.058581773220309830e-01,3.251507704059296983e-02,2.963213904356635231e-01,2.086068021563425301e-01,3.553625454821014995e-01,4.513149396683608927e-01
5.738428424288304353e-01,6.866247998912657913e-01,5.292391085800900452e-01,4.128965330813679779e-01,5.777230348632588219e-01,2.563223018649492535e-01,4.879731168717840739e-01,-4.472263172817721455e-01,6.800606887632961728e-01,7.715657687058826708e-01,-4.538537896569033031e-02,6.129329943695750460e-01,-9.472747371510643888e-02,6.986120312911022756e-01,3.062016040981288545e-01,1.000000000000000000e+00,2.057863469198409900e-01,6.732188218288356341e-01,7.005302212920703209e-01,4.305789825528410497e-01,-1.347850553641574411e-01,3.518893801080059114e-01,6.169187042429892243e-01,3.854738764793448347e-01,6.183341998108806692e-01,4.684175963423767852e-01,6.576189132202153731e-01,2.205007656490742263e-01,5.249487926722581355e-01,7.469486931905540139e-01,2.317999815280656351e-01,4.932908500307056077e-01,6.135248088201598060e-01,3.831510634575401864e-01,2.257486318037781325e-01,6.308971554633119316e-01,3.597184081615615314e-01,4.433615252584552913e-01,4.968856739638159437e-01
3.136842523801154914e-01,1.611909870371519837e-01,1.356225136753319016e-01,2.515738540702044390e-01,1.940052568348449580e-01,4.252159672941027146e-01,2.213090038153479877e-01,-1.376501008794687453e-01,1.514970095646540615e-01,2.655504848314679256e-01,6.018459602848579282e-01,2.353725971271355133e-01,1.384128893225960999e-01,3.410259077058983568e-01,8.102910762567766545e-02,2.057863469198409900e-01,1.000000000000000000e+00,1.956722411407481321e-01,1.167774409269938252e-01,3.225875547692539369e-01,-2.072480090783068996e-01,-6.433075832433154950e-02,1.877041235329999225e-01,1.428077265360435666e-01,3.023537756431009527e-01,3.474014817720242898e-01,2.935265705292435801e-01,4.451491219714401315e-02,5.730894169033471375e-01,1.189709453619541002e-01,-4.935770104388202684e-02,6.021349816221605034e-01,3.795993867594144033e-01,1.525411419983547789e-01,4.660044894711398711e-01,2.348725281812797938e-01,4.438995684602068947e-01,2.354330372978473418e-01,4.676557528697989491e-02
3.964838567614413223e-01,5.455353716622490801e-01,4.025623632979233313e-01,6.693981824179559004e-01,4.751800200948504416e-01,1.619227708774211016e-01,6.631237684367098373e-01,-3.784860471634106660e-01,7.094902551505427590e-01,5.557856669946424910e-01,-1.372271189385750045e-01,5.397197684145242924e-01,8.592034784598905073e-02,5.358306224855778899e-01,3.079244106208928744e-01,6.732188218288356341e-01,1.956722411407481321e-01,1.000000000000000000e+00,8.284292313843845124e-01,5.886967742244765267e-01,-3.395513733827030811e-01,2.315470645622479673e-01,5.626217621599624019e-01,3.282102290026005509e-01,4.578979035526303254e-01,3.105127830371288700e-01,6.520701699969763121e-01,-2.766859305088032080e-03,4.639139912393246967e-01,6.814143997794998020e-01,3.519159277240602179e-02,3.810182971445709721e-01,4.713654363221988497e-01,1.348145167482972806e-01,8.786569901398960658e-02,4.523352935667653840e-01,2.947578274690395572e-01,4.536066070599971689e-01,4.284998505545085101e-01
3.901084713969019679e-01,5.883378459530680393e-01,4.970240811118214475e-01,5.598174670073334802e-01,5.376689640766539879e-01,8.321767329928611567e-02,6.569782652620709262e-01,-4.918447143866216398e-01,7.137090029441708339e-01,5.593519623019340692e-01,-2.216124444260683390e-01,4.989203502097357967e-01,3.975745036791987486e-02,5.733838060716106577e-01,2.776369207945518225e-01,7.005302212920703209e-01,1.167774409269938252e-01,8.284292313843845124e-01,1.000000000000000000e+00,5.238196437367631519e-01,-3.300086245431389509e-01,1.533886986733110358e-01,5.875702192851157690e-01,3.053176423727849143e-01,4.786243313142846678e-01,3.222957232303292896e-01,6.666543245817669883e-01,4.785397395910370721e-03,3.855697084281832776e-01,7.052681230409671986e-01,1.735593335462003867e-02,3.068383349281793016e-01,4.591424399540871004e-01,1.930395518570300895e-01,-2.522106137551395275e-02,4.624693885807719673e-01,1.839286733821521302e-01,4.270181033610085386e-01,4.259587173868167875e-01
7.755603838421841478e-02,3.644974002031440841e-01,5.718615750654198332e-02,6.014645267510403404e-01,1.615865673704902361e-01,2.222586920130291410e-01,6.896829068380309069e-01,-7.777713973128193292e-02,3.939674904398713373e-01,3.362315732687212733e-01,1.942724167873014496e-01,4.475196362437907638e-01,2.064518121204852452e-01,3.737616419822132885e-01,3.997468867452659280e-01,4.305789825528410497e-01,3.225875547692539369e-01,5.886967742244765267e-01,5.238196437367631519e-01,1.000000000000000000e+00,-4.781083327293946250e-01,1.500346343045229625e-01,3.332409592538283505e-01,2.059777609150055533e-01,3.788915848631181360e-01,1.553921751023099821e-03,3.766341598083615683e-01,-2.432355860540840187e-01,3.600112787487538824e-01,3.379780799569154781e-01,-1.328422305123466984e-01,4.224204164243214321e-01,3.720513828505082610e-01,-4.082643054996940024e-02,1.828540153351634057e-01,3.904484862531389933e-01,3.030607578025978910e-01,3.902318426656912198e-01,3.828068389221274681e-01
5.401286136551989442e-02,-2.566226016021990186e-01,1.321568594311472999e-01,-3.634506837927962697e-01,-8.385957579870816081e-02,-4.935401575856603745e-02,-5.387502165022289846e-01,7.280760680751677261e-02,-2.051224243756889776e-01,1.424021187199234900e-02,-2.049096137886549374e-01,-3.504693953214380597e-01,-5.537980431376805512e-01,-2.237010394884098863e-01,-4.150121673614104445e-01,-1.347850553641574411e-01,-2.072480090783068996e-01,-3.395513733827030811e-01,-3.300086245431389509e-01,-4.781083327293946250e-01,1.000000000000000000e+00,4.955006093865532701e-01,-1.934139524230837071e-01,-1.247869299030721912e-01,-2.090261625154102298e-01,3.103512556736578443e-01,-8.420481254543467353e-02,6.683816161188463889e-01,-2.111604336033985341e-01,-8.128445570712909685e-02,6.465773644405661269e-01,-2.433055300006992661e-01,-9.987396523452465869e-02,1.116704843087050480e-01,2.967346011680982443e-02,-7.179810194003702351e-02,-6.917428342503278982e-02,-1.862939010256588757e-01,-2.480522898783342478e-01
1.454881786482001005e-01,1.413608945781441584e-01,1.455548642128691172e-01,1.786686085855769823e-01,9.196680515307667503e-02,2.517789783207519116e-01,7.978203211846117415e-02,9.598488954353562308e-02,1.797730617776699125e-01,3.590305729538758039e-01,-1.473511128149427030e-01,1.208924070287121233e-01,-4.345312435703221343e-01,1.614762427267590894e-01,5.018152761316834604e-02,3.518893801080059114e-01,-6.433075832433154950e-02,2.315470645622479673e-01,1.533886986733110358e-01,1.500346343045229625e-01,4.955006093865532701e-01,1.000000000000000000e+00,1.088792005909034605e-01,2.128387921649523562e-01,1.727196247258047657e-01,3.262876732378435229e-01,3.035450549377117224e-01,4.724770972339488173e-01,1.847942140206390860e-01,3.099073862863368500e-01,6.501703860617572550e-01,1.587284772578763381e-01,2.941561535766951674e-01,8.839604565815001314e-02,2.855164887497369519e-01,3.473745262470288586e-01,2.961518857334934918e-01,1.045218149963590970e-01,9.595951927196241793e-02
6.115377173270121203e-01,6.380764383769572667e-01,5.624682098413615883e-01,2.951978123513466779e-01,5.994462149861046196e-01,1.183139326900256028e-01,4.292914182027400272e-01,-5.498166515691939038e-01,6.750673991976027244e-01,6.304708963048465398e-01,-1.237416547475550521e-01,5.338300017537420672e-01,-5.559645922939522589e-02,5.900305951136912697e-01,2.909975340529050714e-01,6.169187042429892243e-01,1.877041235329999225e-01,5.626217621599624019e-01,5.875702192851157690e-01,3.332409592538283505e-01,-1.934139524230837071e-01,1.088792005909034605e-01,1.000000000000000000e+00,3.571853906826814029e-01,6.838395261156299254e-01,4.036589928485498358e-01,5.336471739027150996e-01,2.039354670700700423e-01,3.834363947520139093e-01,7.113047069990910964e-01,6.086848519705573279e-02,3.547977410532907605e-01,4.940257139821734311e-01,4.216222708898933469e-01,1.217844139236975154e-01,4.252881088944971411e-01,2.364393405418611649e-01,4.247252850171308047e-01,6.161481869540045286e-01
3.565565974242200231e-01,4.111157901749578070e-01,2.306552908788907785e-01,1.974109170869679519e-01,4.630400499006258053e-01,3.553227773369498355e-01,2.225314117438566830e-01,-1.591882358447110901e-01,4.574176781408234582e-01,3.526549145323361056e-01,1.380229559007475348e-01,5.216197838604035297e-01,-2.415728228924574408e-02,5.983669971446083924e-01,3.915956254303954442e-01,3.854738764793448347e-01,1.428077265360435666e-01,3.282102290026005509e-01,3.053176423727849143e-01,2.059777609150055533e-01,-1.247869299030721912e-01,2.128387921649523562e-01,3.571853906826814029e-01,1.000000000000000000e+00,4.638434532768491159e-01,2.635902410391223194e-01,2.926372382343201961e-01,1.001347886189387915e-01,3.096101043614684634e-01,3.415209890566254791e-01,1.334443900203576561e-01,4.039663720740345743e-01,5.359436885336159584e-01,4.231483136321598781e-01,2.619653869230964549e-01,9.856841549093520172e-02,4.152415601928726163e-01,3.544415791538815808e-01,4.259350766769539054e-01
5.173188737740526122e-01,6.404371981140802861e-01,5.037904570781657210e-01,1.867011117380460716e-01,6.212968590818090941e-01,3.389884027291965585e-01,3.804107825878171867e-01,-4.285354074605901009e-01,5.884443032861343958e-01,6.991842367447818063e-01,1.269743028740776547e-01,6.317464267076752238e-01,-1.353269385185643381e-01,6.720650760000530521e-01,3.770026197003086277e-01,6.183341998108806692e-01,3.023537756431009527e-01,4.578979035526303254e-01,4.786243313142846678e-01,3.788915848631181360e-01,-2.090261625154102298e-01,1.727196247258047657e-01,6.838395261156299254e-01,4.638434532768491159e-01,1.000000000000000000e+00,3.961511606286692855e-01,4.520607230468553506e-01,2.718342253572888501e-01,5.699503054077679209e-01,5.854514204219164464e-01,1.788648913661602113e-01,5.362024799837135092e-01,7.044546937136687559e-01,5.341189117538236442e-01,3.539977247812536310e-01,4.466857695772749048e-01,4.128734063414373212e-01,3.366165082078033666e-01,5.370581265444188679e-01
7.342418722097321382e-01,3.576188379933548100e-01,4.997485753054773938e-01,1.125582120181009421e-01,4.931111718129559951e-01,2.499354208574475211e-01,-4.834296587168398357e-02,-3.493948799919339154e-01,4.777319796106559435e-01,5.448571719632907540e-01,-4.225055274382017584e-02,3.568828119754612338e-01,-3.245199679080981170e-01,4.512755311176537831e-01,7.521829247670380747e-02,4.684175963423767852e-01,3.474014817720242898e-01,3.105127830371288700e-01,3.222957232303292896e-01,1.553921751023099821e-03,3.103512556736578443e-01,3.262876732378435229e-01,4.036589928485498358e-01,2.635902410391223194e-01,3.961511606286692855e-01,1.000000000000000000e+00,6.123648052398047437e-01,5.711156949891340595e-01,4.984676499511782044e-01,4.527150818495768170e-01,4.299452634611642954e-01,3.689880190930685533e-01,5.091934276893520517e-01,4.348222058567047243e-01,1.682719916309368680e-01,3.257310479501339118e-01,2.928593896120444406e-01,3.931970659277287949e-01,2.224278690860310714e-01
6.046854921551972906e-01,5.906805091291031928e-01,4.034407334247979149e-01,4.465727906531271607e-01,4.858357577761970858e-01,2.424557192383739734e-01,3.989066890679375255e-01,-3.316947289357325412e-01,6.035016259814486306e-01,5.239937790871137535e-01,-1.361805430296161856e-01,5.004157091017400472e-01,-1.238296886895029897e-01,5.349135467395195187e-01,2.457138918421414575e-01,6.576189132202153731e-01,2.935265705292435801e-01,6.520701699969763121e-01,6.666543245817669883e-01,3.766341598083615683e-01,-8.420481254543467353e-02,3.035450549377117224e-01,5.336471739027150996e-01,2.926372382343201961e-01,4.520607230468553506e-01,6.123648052398047437e-01,1.000000000000000000e+00,1.723235587029096072e-01,4.834567759309861823e-01,6.116445388692114404e-01,2.303892508512196957e-01,4.402286131173687722e-01,4.699586534005752436e-01,2.241209386454819374e-01,1.303464530444980451e-01,5.504236304241927336e-01,3.045297989621610912e-01,4.341500919789226254e-01,3.751194056742075955e-01
3.848255172740378538e-01,7.026119909864858570e-02,5.408679012285166898e-01,-2.235163942383799895e-01,3.884193584857834614e-01,8.399510357189300669e-02,-3.036020487557634651e-01,-3.261038613338668735e-01,2.159116583815042512e-01,4.511014215275133132e-01,-6.340550299373835796e-02,1.399111352412717342e-02,-5.524439229619230174e-01,2.037062549914732956e-01,-2.851656728458578094e-01,2.205007656490742263e-01,4.451491219714401315e-02,-2.766859305088032080e-03,4.785397395910370721e-03,-2.432355860540840187e-01,6.683816161188463889e-01,4.724770972339488173e-01,2.039354670700700423e-01,1.001347886189387915e-01,2.718342253572888501e-01,5.711156949891340595e-01,1.723235587029096072e-01,1.000000000000000000e+00,1.817220770450003187e-01,2.894587830421049834e-01,6.929570133197686665e-01,9.607711243862454564e-02,3.412578902170720907e-01,5.087752321426245450e-01,1.837011554941567482e-01,6.586735316633660076e-02,1.249159775910672759e-01,4.968014519888232922e-02,2.839215207890787712e-02
4.638884278497814040e-01,4.225578981930920297e-01,2.982878724471157428e-01,3.545139273675544378e-01,4.443395182654489295e-01,4.706442520223328430e-01,3.018821740917468355e-01,-2.229269414535459959e-01,4.172578742112686978e-01,5.324536626772952141e-01,3.491385028927014300e-01,5.265080697854441771e-01,7.588589985234805990e-02,6.011463570193743555e-01,2.325611461331981156e-01,5.249487926722581355e-01,5.730894169033471375e-01,4.639139912393246967e-01,3.855697084281832776e-01,3.600112787487538824e-01,-2.111604336033985341e-01,1.847942140206390860e-01,3.834363947520139093e-01,3.096101043614684634e-01,5.699503054077679209e-01,4.984676499511782044e-01,4.834567759309861823e-01,1.817220770450003187e-01,1.000000000000000000e+00,4.053741182812056754e-01,8.900024762725762539e-02,7.506164758387962044e-01,6.400036846452311634e-01,3.252566412809027030e-01,5.433537103783004918e-01,4.497523399080364248e-01,6.222442727719299516e-01,3.156092363526862288e-01,2.332378293294928018e-01
5.731306370028935726e-01,6.832307881270233141e-01,5.997776865663637658e-01,3.634020206593714941e-01,6.248580699864071386e-01,3.959871078071857536e-02,4.985159480245176522e-01,-5.465903271136360875e-01,7.370414563546547893e-01,7.290857238003710661e-01,-2.353961198817130229e-01,4.738027659887974474e-01,-1.706935189411193932e-01,5.863229997863954601e-01,2.147397555515715151e-01,7.469486931905540139e-01,1.189709453619541002e-01,6.814143997794998020e-01,7.052681230409671986e-01,3.379780799569154781e-01,-8.128445570712909685e-02,3.099073862863368500e-01,7.113047069990910964e-01,3.415209890566254791e-01,5.854514204219164464e-01,4.527150818495768170e-01,6.116445388692114404e-01,2.894587830421049834e-01,4.053741182812056754e-01,1.000000000000000000e+00,2.474212751925176090e-01,3.199433338003742078e-01,5.088626569086079909e-01,4.103909920906254616e-01,1.136169917225844789e-01,5.161670271188736336e-01,2.089418859497989833e-01,3.393109863560743733e-01,4.687024288184409859e-01
1.992882377418561668e-01,5.637254422031286877e-02,2.669307464572825417e-01,-9.603734392751926696e-02,1.352427979722156948e-01,2.280020582809257346e-01,-1.715670096125064548e-01,-7.728993649167636287e-03,6.882503105839074542e-02,3.686582302224211127e-01,-1.424550525205735552e-01,-4.965690334065371581e-02,-7.133390446816288977e-01,7.441414640649178514e-02,-2.055352882436273787e-01,2.317999815280656351e-01,-4.935770104388202684e-02,3.519159277240602179e-02,1.735593335462003867e-02,-1.328422305123466984e-01,6.465773644405661269e-01,6.501703860617572550e-01,6.086848519705573279e-02,1.334443900203576561e-01,1.788648913661602113e-01,4.299452634611642954e-01,2.303892508512196957e-01,6.929570133197686665e-01,8.900024762725762539e-02,2.474212751925176090e-01,1.000000000000000000e+00,1.086315619645641523e-01,2.688631160709806234e-01,2.193814450849561337e-01,3.026063044959295678e-01,1.685653935191414043e-01,2.717676223216763387e-01,-5.174006342000809361e-02,-3.679830462482679143e-02
3.893901293344770309e-01,4.039068439737995564e-01,2.133812387457389714e-01,3.311168739381104564e-01,3.929330464436348036e-01,6.045664687365868151e-01,3.109865276815422241e-01,-1.798620953741890682e-01,3.270686194928770774e-01,4.627411414618980423e-01,4.742673395603617670e-01,5.243388388955354529e-01,6.791339198910949226e-02,6.302962707980007684e-01,2.202467585427712871e-01,4.932908500307056077e-01,6.021349816221605034e-01,3.810182971445709721e-01,3.068383349281793016e-01,4.224204164243214321e-01,-2.433055300006992661e-01,1.587284772578763381e-01,3.547977410532907605e-01,4.039663720740345743e-01,5.362024799837135092e-01,3.689880190930685533e-01,4.402286131173687722e-01,9.607711243862454564e-02,7.506164758387962044e-01,3.199433338003742078e-01,1.086315619645641523e-01,1.000000000000000000e+00,6.276300842378428335e-01,2.913113679238188425e-01,6.733949831710059897e-01,4.219149244490891237e-01,7.505381491951450545e-01,3.786254054624007548e-01,3.021348642857018540e-01
4.893194673361208613e-01,5.048078155392802246e-01,5.500006990217295444e-01,2.403596901831347998e-01,6.507017970411429486e-01,4.813424503609323168e-01,3.631774384263989908e-01,-4.249210433951433608e-01,6.204975703867199321e-01,6.217844731207741171e-01,2.448738933535471174e-01,6.671749213286677360e-01,-1.063568219435206269e-01,7.079667295464927568e-01,3.745517031858870416e-01,6.135248088201598060e-01,3.795993867594144033e-01,4.713654363221988497e-01,4.591424399540871004e-01,3.720513828505082610e-01,-9.987396523452465869e-02,2.941561535766951674e-01,4.940257139821734311e-01,5.359436885336159584e-01,7.044546937136687559e-01,5.091934276893520517e-01,4.699586534005752436e-01,3.412578902170720907e-01,6.400036846452311634e-01,5.088626569086079909e-01,2.688631160709806234e-01,6.276300842378428335e-01,1.000000000000000000e+00,6.238283199346404961e-01,4.374905688624769473e-01,3.767567655659686543e-01,5.790015225974722846e-01,4.746214860310916106e-01,4.709919617016868898e-01
4.878204382149938789e-01,4.137971740715616353e-01,6.428694121518173654e-01,-1.932447040528673943e-01,7.580699524913109277e-01,1.071182856703140340e-01,-2.014972527886964640e-02,-5.670720791816551420e-01,5.560962789644774418e-01,4.925037380046250468e-01,1.018314574938374156e-01,4.319357045053486832e-01,-1.417829144209792336e-01,5.789737036111003432e-01,1.058581773220309830e-01,3.831510634575401864e-01,1.525411419983547789e-01,1.348145167482972806e-01,1.930395518570300895e-01,-4.082643054996940024e-02,1.116704843087050480e-01,8.839604565815001314e-02,4.216222708898933469e-01,4.231483136321598781e-01,5.341189117538236442e-01,4.348222058567047243e-01,2.241209386454819374e-01,5.087752321426245450e-01,3.252566412809027030e-01,4.103909920906254616e-01,2.193814450849561337e-01,2.913113679238188425e-01,6.238283199346404961e-01,1.000000000000000000e+00,1.500172636767129475e-01,8.798630780168290033e-02,1.549619496306473831e-01,2.466181883966972743e-01,3.383103959773400837e-01
1.162334349567056280e-01,1.257091280359668439e-01,6.173539660808250590e-02,1.764573255293518939e-01,1.276972011460860978e-01,6.154568215911238038e-01,1.179415309647337817e-01,5.002990051205054994e-02,5.745416533069698344e-03,2.914902570682025296e-01,4.666641313959224990e-01,2.482956691241819114e-01,-9.891050571827715576e-02,3.248884940867148297e-01,3.251507704059296983e-02,2.257486318037781325e-01,4.660044894711398711e-01,8.786569901398960658e-02,-2.522106137551395275e-02,1.828540153351634057e-01,2.967346011680982443e-02,2.855164887497369519e-01,1.217844139236975154e-01,2.619653869230964549e-01,3.539977247812536310e-01,1.682719916309368680e-01,1.303464530444980451e-01,1.837011554941567482e-01,5.433537103783004918e-01,1.136169917225844789e-01,3.026063044959295678e-01,6.733949831710059897e-01,4.374905688624769473e-01,1.500172636767129475e-01,1.000000000000000000e+00,2.434112005103623022e-01,7.556445805073228605e-01,1.388948542034670885e-01,1.263013998346849964e-01
4.116362096446649077e-01,6.321077474417581277e-01,2.274668343749871036e-01,3.076341096091769756e-01,2.611209453471827757e-01,1.922677003333116141e-01,4.261226569070001302e-01,-1.470252425350161152e-01,3.852210643653433686e-01,5.089313805574605665e-01,-2.233849787048504745e-02,4.209900292435955205e-01,-6.536551412221797142e-02,4.249261288811721493e-01,2.963213904356635231e-01,6.308971554633119316e-01,2.348725281812797938e-01,4.523352935667653840e-01,4.624693885807719673e-01,3.904484862531389933e-01,-7.179810194003702351e-02,3.473745262470288586e-01,4.252881088944971411e-01,9.856841549093520172e-02,4.466857695772749048e-01,3.257310479501339118e-01,5.504236304241927336e-01,6.586735316633660076e-02,4.497523399080364248e-01,5.161670271188736336e-01,1.685653935191414043e-01,4.219149244490891237e-01,3.767567655659686543e-01,8.798630780168290033e-02,2.434112005103623022e-01,1.000000000000000000e+00,2.993769616488775043e-01,2.428556388030124746e-01,3.636066879472900082e-01
2.609454229530419056e-01,2.168630267744688089e-01,1.201544245275867340e-01,3.172448848394014420e-01,2.131444836067394044e-01,7.023024416444392237e-01,2.322947942737029758e-01,-1.627652550104555576e-02,1.731682034205417331e-01,3.374312546081562059e-01,3.966831258976825092e-01,4.091535718278163647e-01,-1.911485816007644709e-02,4.558203102977317900e-01,2.086068021563425301e-01,3.597184081615615314e-01,4.438995684602068947e-01,2.947578274690395572e-01,1.839286733821521302e-01,3.030607578025978910e-01,-6.917428342503278982e-02,2.961518857334934918e-01,2.364393405418611649e-01,4.152415601928726163e-01,4.128734063414373212e-01,2.928593896120444406e-01,3.045297989621610912e-01,1.249159775910672759e-01,6.222442727719299516e-01,2.089418859497989833e-01,2.717676223216763387e-01,7.505381491951450545e-01,5.790015225974722846e-01,1.549619496306473831e-01,7.556445805073228605e-01,2.993769616488775043e-01,1.000000000000000000e+00,3.263569768530838466e-01,2.463026601581308761e-01
4.590576518500194547e-01,3.473571311258367711e-01,3.789712922316274546e-01,4.074187597548267203e-01,3.825336917974164752e-01,3.066201997978049709e-01,2.891547084272335089e-01,-3.835894839353183872e-01,5.216136993916760112e-01,3.940456613673580799e-01,1.293151656787203396e-01,5.662054802113023477e-01,1.744542543432870130e-01,5.026587897024474838e-01,3.553625454821014995e-01,4.433615252584552913e-01,2.354330372978473418e-01,4.536066070599971689e-01,4.270181033610085386e-01,3.902318426656912198e-01,-1.862939010256588757e-01,1.045218149963590970e-01,4.247252850171308047e-01,3.544415791538815808e-01,3.366165082078033666e-01,3.931970659277287949e-01,4.341500919789226254e-01,4.968014519888232922e-02,3.156092363526862288e-01,3.393109863560743733e-01,-5.174006342000809361e-02,3.786254054624007548e-01,4.746214860310916106e-01,2.466181883966972743e-01,1.388948542034670885e-01,2.428556388030124746e-01,3.263569768530838466e-01,1.000000000000000000e+00,6.735941891239780599e-01
4.555784813969188107e-01,5.926547023464937558e-01,3.491656381661967790e-01,2.610326751250134358e-01,4.467390471190693657e-01,1.742808192129533251e-01,3.718141329535784578e-01,-3.522331006205889348e-01,5.776116338166038533e-01,4.744052111539812655e-01,-1.583229660504906211e-02,6.509886359551743107e-01,8.983665021647954663e-02,5.138460959247730386e-01,4.513149396683608927e-01,4.968856739638159437e-01,4.676557528697989491e-02,4.284998505545085101e-01,4.259587173868167875e-01,3.828068389221274681e-01,-2.480522898783342478e-01,9.595951927196241793e-02,6.161481869540045286e-01,4.259350766769539054e-01,5.370581265444188679e-01,2.224278690860310714e-01,3.751194056742075955e-01,2.839215207890787712e-02,2.332378293294928018e-01,4.687024288184409859e-01,-3.679830462482679143e-02,3.021348642857018540e-01,4.709919617016868898e-01,3.383103959773400837e-01,1.263013998346849964e-01,3.636066879472900082e-01,2.463026601581308761e-01,6.735941891239780599e-01,1.000000000000000000e+00
