1.000000000000000000e+00,8.896932243894750680e-01,7.746057352460048451e-01,3.180286095970502602e-01,8.043337567733161997e-01,3.052039078931286786e-01,3.369641958838000551e-01,4.933830279868958724e-01,7.563577674641025483e-01,8.292939374768701910e-01,5.766076826306554270e-01,3.770302282533095628e-01,-4.100363172645549725e-01,7.198026009334930198e-01,6.943362120418227201e-01,8.790867945446257936e-01,5.586124142976294227e-01,4.158311540105994464e-01,5.827531768896904163e-01,5.778919996864022579e-01,5.862671199492319740e-01,6.445283074093287601e-01,8.023237369405783470e-01,6.093260165545422158e-01,7.466618927004705641e-01,6.522507156556269781e-01,6.246851672259809973e-01,5.439258055395925773e-01,5.595881702420114623e-01,7.375310000721782000e-01,5.579854395996084460e-01,5.444868196211533062e-01,5.963156823055592026e-01,5.573534963667284847e-01,4.740214107596628645e-01,7.538167954639340973e-01,5.030005466562013083e-01,7.399121669702302118e-01,7.528297579600995437e-01
8.896932243894750680e-01,1.000000000000000000e+00,7.769847235305574751e-01,4.225746929937113094e-01,7.805891325969060990e-01,4.873897015164226909e-01,4.613984037928396398e-01,6.078698324610785075e-01,8.103615245741094819e-01,8.842473925145165614e-01,6.717067316272821165e-01,3.767824523183062602e-01,-4.645176896366424169e-01,8.134499747431975791e-01,6.375785648833324215e-01,8.405332267673759628e-01,6.856778423066406392e-01,3.748351343441692629e-01,5.232962230327399267e-01,5.680494086601736159e-01,6.919934440515368435e-01,7.329150828359971559e-01,8.613821752271052512e-01,7.390481161103085173e-01,7.398212531277543746e-01,7.451760470229203959e-01,7.434531159741399886e-01,6.544111103923034856e-01,6.797993366659942360e-01,8.023758815506527586e-01,6.936078053416872002e-01,6.969658765551349777e-01,6.935920265828956488e-01,4.569434876043439453e-01,6.173594954356304010e-01,6.409835652675259787e-01,6.664106865939251056e-01,7.525546229521871133e-01,7.898190329103345064e-01
7.746057352460048451e-01,7.769847235305574751e-01,1.000000000000000000e+00,4.605010133455840204e-01,8.873904973867936530e-01,5.009398282049383200e-01,4.966404649302787466e-01,6.208116677607351530e-01,8.386693380891104832e-01,8.084764406836729700e-01,6.363248175139689655e-01,2.256105233179537539e-01,-4.284610011944606223e-01,7.987535359178039585e-01,6.774119219873453446e-01,7.348416867698552846e-01,6.991218046692395660e-01,4.641451279515600437e-01,8.210719146342879693e-01,6.250067317076193341e-01,7.343004550464452551e-01,7.804085395203512743e-01,8.208192395035495137e-01,6.963298098630300581e-01,6.742139089889955805e-01,7.775124971508041716e-01,7.261469071191917202e-01,6.562166612138936594e-01,6.892079878813044402e-01,7.707228335495273086e-01,6.694397919660781682e-01,6.482924227542585793e-01,7.353938078377852960e-01,6.198513292572520594e-01,6.379731918007933711e-01,5.606311275186630638e-01,6.261769120421543100e-01,7.516420761679531992e-01,7.547884552356721732e-01
3.180286095970502602e-01,4.225746929937113094e-01,4.605010133455840204e-01,1.000000000000000000e+00,4.824135874329107398e-01,4.708380250539726530e-01,8.657901181395112333e-01,5.368493673379196585e-01,6.048686990639750016e-01,6.083689310984679022e-01,2.608755253311105804e-01,-2.977078994669325462e-01,-2.098918908241219905e-01,4.751441162364390403e-01,5.587771379756927004e-02,3.941066794244297844e-01,5.438276357738751621e-01,1.722563250403575108e-01,4.708651251358956791e-01,5.559151125397144844e-01,6.121977593868854761e-01,6.063645512335466004e-01,4.393446527042870753e-01,5.863314488970461369e-01,9.222212168761839690e-02,5.933908584180588308e-01,5.756675824588932677e-01,6.511879417276507098e-01,5.915432722871516447e-01,5.793767798026635552e-01,6.429745048015403919e-01,5.495268555629695406e-01,5.720755796013707872e-01,-2.760474212154240964e-03,6.123226439638601581e-01,6.242958440313179508e-02,5.878103493393102008e-01,3.500224273568747768e-01,3.884264748713138204e-01
8.043337567733161997e-01,7.805891325969060990e-01,8.873904973867936530e-01,4.824135874329107398e-01,1.000000000000000000e+00,3.673235808694234605e-01,4.584707529688007432e-01,4.912332901244894634e-01,7.960150429274523987e-01,7.636458098338380074e-01,5.816926006825794415e-01,1.673704118628541460e-01,-4.160728495287152051e-01,7.051240136947592996e-01,6.342009030202786501e-01,7.309780288817430138e-01,6.089920279467183617e-01,4.934340280293746384e-01,8.075170689090490628e-01,5.207673719480055974e-01,6.312479085398082779e-01,6.610181362983523767e-01,7.618437864710099205e-01,6.206422868006704618e-01,6.627090390070470294e-01,7.072377108236275189e-01,6.307178167006769476e-01,5.775673168480194297e-01,6.030271862852211173e-01,7.454579770934943728e-01,5.804694173959282777e-01,5.581375298554530628e-01,5.930442515956694249e-01,6.139946186530942374e-01,5.432130175395283311e-01,5.867103035056201454e-01,5.126011962757199836e-01,6.922123493554724893e-01,6.870705494575790606e-01
3.052039078931286786e-01,4.873897015164226909e-01,5.009398282049383200e-01,4.708380250539726530e-01,3.673235808694234605e-01,1.000000000000000000e+00,6.579725266165464825e-01,7.758109971663100790e-01,6.636355941486454801e-01,5.338392571291804556e-01,6.742386809890892341e-01,3.014355986318170613e-03,-3.345964805606532755e-01,7.486168349672565059e-01,3.222097159873550387e-01,2.586176168951073717e-01,8.665108556000871154e-01,-4.492594571866944525e-02,3.325797134871034677e-01,5.922882968898267597e-01,8.040240146158477152e-01,7.812290955671068460e-01,6.793159959099477341e-01,8.016205812921076701e-01,1.510115958190079433e-01,7.942385063588146554e-01,8.039359872795340811e-01,8.330909007987875592e-01,8.660356425558008997e-01,6.884962151979443501e-01,8.135375902891248678e-01,8.768671580654260334e-01,8.173355235251060780e-01,-1.525341220710409174e-01,8.848111886120277880e-01,-5.427455104961399768e-02,8.894735361182182221e-01,6.753001909593886465e-01,5.221346661922688925e-01
3.369641958838000551e-01,4.613984037928396398e-01,4.966404649302787466e-01,8.657901181395112333e-01,4.584707529688007432e-01,6.579725266165464825e-01,1.000000000000000000e+00,7.292246858981233926e-01,6.995229791744548287e-01,6.335358038295192395e-01,4.181725378474175359e-01,-2.895372650233414280e-01,-1.960120798352965876e-01,6.125724038061755028e-01,2.063287306243005437e-01,3.551335291741309907e-01,7.081338831846011317e-01,-3.621262549716875844e-03,4.561164969497101263e-01,5.704591181161011715e-01,7.755748236826471853e-01,7.496951425557806248e-01,5.258931977838580130e-01,7.257171329964002826e-01,1.047264503672387104e-01,7.344266430026110681e-01,7.185884448316133266e-01,8.048741994388531884e-01,7.453984966408135904e-01,6.639063259081917634e-01,7.866423042951536937e-01,7.041217716917798075e-01,7.199869435577943566e-01,-4.778353135332833596e-02,7.672009390916316729e-01,7.974164443067845165e-03,7.390700387358221102e-01,5.154264140846747111e-01,4.792625239570090789e-01
4.933830279868958724e-01,6.078698324610785075e-01,6.208116677607351530e-01,5.368493673379196585e-01,4.912332901244894634e-01,7.758109971663100790e-01,7.292246858981233926e-01,1.000000000000000000e+00,8.116699472115975755e-01,6.938708217413508406e-01,6.260179614433017958e-01,1.214660626268129345e-01,-2.862997860715031373e-01,7.973215854918458412e-01,5.601911609473501086e-01,5.009260629365428485e-01,8.478797982279894230e-01,-2.287444132499490135e-02,4.376192718386495151e-01,6.501739874325193069e-01,9.155612386322503626e-01,9.141702418360453386e-01,7.197850880492108194e-01,8.514115720357263717e-01,3.058583835037913534e-01,8.835759407443370961e-01,8.823068931063512421e-01,9.092479362330629922e-01,8.781006712575278872e-01,7.807062348488323922e-01,9.023523469605179148e-01,8.637853286366987682e-01,9.176611869622902651e-01,8.896316001494013193e-02,8.729819873522048912e-01,1.814637477289174905e-01,8.684999507551069975e-01,7.658602652075821027e-01,6.608969352928359964e-01
7.563577674641025483e-01,8.103615245741094819e-01,8.386693380891104832e-01,6.048686990639750016e-01,7.960150429274523987e-01,6.636355941486454801e-01,6.995229791744548287e-01,8.116699472115975755e-01,1.000000000000000000e+00,8.779556008383522236e-01,7.087115236907604032e-01,1.789718244710953865e-01,-4.207817602105880517e-01,8.640766919483497954e-01,6.572987588848379081e-01,7.244685529824048675e-01,8.543237641504564106e-01,2.368026134941421390e-01,6.625883054571322095e-01,7.077718958867486032e-01,9.058358214005240994e-01,9.116798571545107199e-01,8.864520648877530773e-01,8.656463027963582357e-01,5.823364446746697176e-01,9.222914281182840179e-01,8.902560413004131368e-01,8.610853228148013239e-01,8.684526690721285913e-01,8.933178248168399671e-01,8.791489081023563523e-01,8.405098866097024946e-01,8.762373261813080072e-01,3.590474491136328994e-01,8.317779293725630074e-01,4.539606927378249668e-01,8.180752367978217920e-01,8.831040563208478744e-01,8.622834872804804318e-01
8.292939374768701910e-01,8.842473925145165614e-01,8.084764406836729700e-01,6.083689310984679022e-01,7.636458098338380074e-01,5.338392571291804556e-01,6.335358038295192395e-01,6.938708217413508406e-01,8.779556008383522236e-01,1.000000000000000000e+00,5.544997792246295631e-01,2.159836947137927787e-01,-4.452867032119978141e-01,8.231291405864936683e-01,5.586868096764262548e-01,8.761204871917330772e-01,7.084231259949403947e-01,3.172463735530227646e-01,6.067438970203694604e-01,6.899237785010003954e-01,7.787234116059821298e-01,8.221450796847056264e-01,8.654222859659479461e-01,7.640864621566407777e-01,6.286937112283571549e-01,7.892615585589096705e-01,7.863242470741610424e-01,7.419113158630320504e-01,7.365733801873233233e-01,8.244516286796665927e-01,7.742946196975944995e-01,7.278344691273420652e-01,7.855113625792007337e-01,4.193577119699428701e-01,6.944038303627076969e-01,5.657189622021130404e-01,7.148319177710703576e-01,7.506435359456367085e-01,8.225550575450784052e-01
5.766076826306554270e-01,6.717067316272821165e-01,6.363248175139689655e-01,2.608755253311105804e-01,5.816926006825794415e-01,6.742386809890892341e-01,4.181725378474175359e-01,6.260179614433017958e-01,7.087115236907604032e-01,5.544997792246295631e-01,1.000000000000000000e+00,2.882083261733909274e-01,-3.330947560382842565e-01,7.576485274399913372e-01,5.319399382944020038e-01,4.091377084905136186e-01,8.131808230722712416e-01,1.510498385953301659e-01,3.813572657701429502e-01,5.042403537063369079e-01,7.007163454457081553e-01,6.959363952636193895e-01,7.312235967481964805e-01,7.440697841241622479e-01,4.817176996913727360e-01,7.597708435650617487e-01,7.642702346905112520e-01,6.968547158561798627e-01,7.273338486396937475e-01,6.693740063128041928e-01,6.907446934685292916e-01,7.623546886539750433e-01,6.959623610658467463e-01,1.415065712706011503e-01,6.898409442840304218e-01,3.030211049046698246e-01,7.278484803747564680e-01,7.822979363602469149e-01,6.803404896316476158e-01
3.770302282533095628e-01,3.767824523183062602e-01,2.256105233179537539e-01,-2.977078994669325462e-01,1.673704118628541460e-01,3.014355986318170613e-03,-2.895372650233414280e-01,1.214660626268129345e-01,1.789718244710953865e-01,2.159836947137927787e-01,2.882083261733909274e-01,1.000000000000000000e+00,-5.993007961919340036e-03,2.517948874952037341e-01,5.683890819428999430e-01,3.868146625802413863e-01,1.030910947448666071e-01,3.750063183018963464e-01,-3.056728246858700371e-02,2.025455140407505239e-01,8.459090724085542579e-02,1.640786827540613446e-01,3.343422688047893443e-01,1.338723152116150783e-01,5.571943997809333249e-01,1.109906499362147553e-01,2.115342792683667095e-01,3.208548031160502606e-02,7.221269937844498887e-02,2.575278013667247623e-01,8.629577782856527601e-02,1.693220300851213944e-01,1.682111167744276825e-01,3.493672272975839044e-01,-1.240649070098600974e-02,5.256004784084972181e-01,1.317153329624775882e-01,3.332069034930837392e-01,2.964836483103966969e-01
-4.100363172645549725e-01,-4.645176896366424169e-01,-4.284610011944606223e-01,-2.098918908241219905e-01,-4.160728495287152051e-01,-3.345964805606532755e-01,-1.960120798352965876e-01,-2.862997860715031373e-01,-4.207817602105880517e-01,-4.452867032119978141e-01,-3.330947560382842565e-01,-5.993007961919340036e-03,1.000000000000000000e+00,-4.183179834533488073e-01,-2.482628797642605079e-01,-4.055727907639219421e-01,-3.638761817706105406e-01,-1.216159378699050997e-01,-3.619875223196599712e-01,-3.353947148782991938e-01,-3.381295722329655806e-01,-3.683109809117285915e-01,-5.194895083253274759e-01,-3.832303084621659917e-01,-2.667690155128294993e-01,-4.172392134005607489e-01,-3.980653236008686591e-01,-3.075747387082160555e-01,-4.061585466559422541e-01,-4.219616456826971174e-01,-4.194924874193746711e-01,-3.971322077308602205e-01,-3.572744058646443177e-01,-1.740252539834151735e-01,-3.933666352895499041e-01,-2.895092092022626407e-01,-3.552476175328720398e-01,-4.126906831182098889e-01,-3.675470286389560526e-01
7.198026009334930198e-01,8.134499747431975791e-01,7.987535359178039585e-01,4.751441162364390403e-01,7.051240136947592996e-01,7.486168349672565059e-01,6.125724038061755028e-01,7.973215854918458412e-01,8.640766919483497954e-01,8.231291405864936683e-01,7.576485274399913372e-01,2.517948874952037341e-01,-4.183179834533488073e-01,1.000000000000000000e+00,6.236402917431990156e-01,6.801870541720799190e-01,8.625675514298623003e-01,1.813523168946003794e-01,5.395614688287888594e-01,6.438546393373614229e-01,8.643482629508462134e-01,8.869657640770567397e-01,9.023875096913382965e-01,8.843052576002433662e-01,5.776570600152474144e-01,8.768304829116831955e-01,8.712255984006812559e-01,8.362880316495463484e-01,8.554821438401971623e-01,8.600860959844662812e-01,8.473658161215618101e-01,8.599263105684011865e-01,8.850233504567606158e-01,2.997695349013257404e-01,8.218208370480337699e-01,4.015081828161356503e-01,8.504171128248857459e-01,8.381043422310316959e-01,7.823467494845730563e-01
6.943362120418227201e-01,6.375785648833324215e-01,6.774119219873453446e-01,5.587771379756927004e-02,6.342009030202786501e-01,3.222097159873550387e-01,2.063287306243005437e-01,5.601911609473501086e-01,6.572987588848379081e-01,5.586868096764262548e-01,5.319399382944020038e-01,5.683890819428999430e-01,-2.482628797642605079e-01,6.236402917431990156e-01,1.000000000000000000e+00,6.208784109950559182e-01,5.250201217504411044e-01,2.937179256617158396e-01,5.272449081671011228e-01,4.168914285572232203e-01,5.954533960639860624e-01,6.251778915997319164e-01,6.551806874039376449e-01,5.377524779470976846e-01,6.606759436934208640e-01,6.155959974801865631e-01,5.504523217836808646e-01,4.878859664301077315e-01,5.256430517158868776e-01,6.759515533174031976e-01,4.943335569233771043e-01,4.849533406461877805e-01,5.849532257033551730e-01,5.768183202254250075e-01,4.376606228717849767e-01,5.656320139654826828e-01,4.345380950184835611e-01,7.452337080908225664e-01,5.435829261884169705e-01
8.790867945446257936e-01,8.405332267673759628e-01,7.348416867698552846e-01,3.941066794244297844e-01,7.309780288817430138e-01,2.586176168951073717e-01,3.551335291741309907e-01,5.009260629365428485e-01,7.244685529824048675e-01,8.761204871917330772e-01,4.091377084905136186e-01,3.868146625802413863e-01,-4.055727907639219421e-01,6.801870541720799190e-01,6.208784109950559182e-01,1.000000000000000000e+00,4.757209856773275125e-01,4.293585835491905978e-01,5.588356113881928211e-01,5.909024069366192178e-01,5.618450389920446320e-01,6.399402818663783021e-01,7.778707391251339365e-01,5.572404660157429523e-01,6.865462932450896449e-01,5.840255178262114821e-01,5.726966527796623074e-01,5.062308118293906700e-01,4.993773432989060401e-01,7.081413118057007239e-01,5.386919599402838488e-01,4.985372216765874276e-01,5.969409112901765679e-01,5.696193899041560593e-01,4.344265894915335657e-01,6.924550521735179931e-01,4.696306362985804839e-01,6.363801405875831874e-01,7.090219577147669483e-01
5.586124142976294227e-01,6.856778423066406392e-01,6.991218046692395660e-01,5.438276357738751621e-01,6.089920279467183617e-01,8.665108556000871154e-01,7.081338831846011317e-01,8.478797982279894230e-01,8.543237641504564106e-01,7.084231259949403947e-01,8.131808230722712416e-01,1.030910947448666071e-01,-3.638761817706105406e-01,8.625675514298623003e-01,5.250201217504411044e-01,4.757209856773275125e-01,1.000000000000000000e+00,9.173678769395432475e-02,4.878167521219799463e-01,6.754924187100463939e-01,9.121206497690634851e-01,9.026224131638778125e-01,8.089078549871294710e-01,9.119509835601109504e-01,3.486451497758013551e-01,9.325340734034439638e-01,9.090736806239352319e-01,9.165953453274462426e-01,9.481070421359059086e-01,8.386732955064950534e-01,9.097328470925609700e-01,9.381038407148563074e-01,9.140526277809757350e-01,3.596217224410342556e-02,9.342552907680222729e-01,1.843088132417072811e-01,9.237726973905074912e-01,8.478501840317004268e-01,7.081176436631688720e-01
4.158311540105994464e-01,3.748351343441692629e-01,4.641451279515600437e-01,1.722563250403575108e-01,4.934340280293746384e-01,-4.492594571866944525e-02,-3.621262549716875844e-03,-2.287444132499490135e-02,2.368026134941421390e-01,3.172463735530227646e-01,1.510498385953301659e-01,3.750063183018963464e-01,-1.216159378699050997e-01,1.813523168946003794e-01,2.937179256617158396e-01,4.293585835491905978e-01,9.173678769395432475e-02,1.000000000000000000e+00,5.612155028696215187e-01,4.165168009823002060e-01,3.761156530441420870e-02,1.408548322780250328e-01,3.107949557062921198e-01,1.216646017664071849e-01,4.844610847981900559e-01,1.387451631272270947e-01,1.698359031425737131e-01,3.167519155381439550e-02,4.660175989169917932e-02,3.301819136054190973e-01,7.408469076377643958e-02,7.386509812583724743e-02,1.086753108153442893e-01,4.517715054504306549e-01,-1.289368495883609807e-02,5.086727969044365638e-01,4.718543784726780127e-02,1.214085174078747692e-01,1.929625902707877982e-01
5.827531768896904163e-01,5.232962230327399267e-01,8.210719146342879693e-01,4.708651251358956791e-01,8.075170689090490628e-01,3.325797134871034677e-01,4.561164969497101263e-01,4.376192718386495151e-01,6.625883054571322095e-01,6.067438970203694604e-01,3.813572657701429502e-01,-3.056728246858700371e-02,-3.619875223196599712e-01,5.395614688287888594e-01,5.272449081671011228e-01,5.588356113881928211e-01,4.878167521219799463e-01,5.612155028696215187e-01,1.000000000000000000e+00,5.289329690169963794e-01,5.516159082337792618e-01,5.843887735350835611e-01,5.975364104300284751e-01,4.775769018714434155e-01,4.797797808631334981e-01,5.929055830625349355e-01,5.128003774222389399e-01,4.763734977230648093e-01,4.873184742119306967e-01,6.165142138382201376e-01,4.747915680717009201e-01,4.126236966941439488e-01,5.219789370738058265e-01,6.036076171142402691e-01,4.582083987084870635e-01,4.316413603629835061e-01,3.853969488139146748e-01,5.097798430735046571e-01,4.872462445159133626e-01
5.778919996864022579e-01,5.680494086601736159e-01,6.250067317076193341e-01,5.559151125397144844e-01,5.207673719480055974e-01,5.922882968898267597e-01,5.704591181161011715e-01,6.501739874325193069e-01,7.077718958867486032e-01,6.899237785010003954e-01,5.042403537063369079e-01,2.025455140407505239e-01,-3.353947148782991938e-01,6.438546393373614229e-01,4.168914285572232203e-01,5.909024069366192178e-01,6.754924187100463939e-01,4.165168009823002060e-01,5.289329690169963794e-01,1.000000000000000000e+00,6.562503133858315074e-01,7.374379327750193447e-01,6.834759503374681078e-01,6.775164903380910264e-01,3.489467676645881533e-01,6.925657489323577831e-01,7.487448783088054283e-01,7.104353718284952546e-01,6.869841820660607112e-01,7.393565313566686781e-01,7.156850497740219197e-01,7.094093183418447301e-01,7.414054525228597203e-01,1.021514473315580790e-01,6.586458867823895558e-01,3.714798042170850967e-01,7.025601556152405447e-01,6.498546672955216597e-01,5.961537645455375900e-01
5.862671199492319740e-01,6.919934440515368435e-01,7.343004550464452551e-01,6.121977593868854761e-01,6.312479085398082779e-01,8.040240146158477152e-01,7.755748236826471853e-01,9.155612386322503626e-01,9.058358214005240994e-01,7.787234116059821298e-01,7.007163454457081553e-01,8.459090724085542579e-02,-3.381295722329655806e-01,8.643482629508462134e-01,5.954533960639860624e-01,5.618450389920446320e-01,9.121206497690634851e-01,3.761156530441420870e-02,5.516159082337792618e-01,6.562503133858315074e-01,1.000000000000000000e+00,9.526804285067246303e-01,8.133804229081568193e-01,8.991767492001704332e-01,3.963370958249465836e-01,9.443568432517139843e-01,9.086859006302687725e-01,9.419590936652931790e-01,9.310967709543227500e-01,8.586990472675121167e-01,9.255346578608053543e-01,8.917436515689645127e-01,9.385017304682461425e-01,1.604305454714241574e-01,9.172811090875752082e-01,2.246291632249528269e-01,8.897730028722788953e-01,8.532140718934458912e-01,7.509246331433719890e-01
6.445283074093287601e-01,7.329150828359971559e-01,7.804085395203512743e-01,6.063645512335466004e-01,6.610181362983523767e-01,7.812290955671068460e-01,7.496951425557806248e-01,9.141702418360453386e-01,9.116798571545107199e-01,8.221450796847056264e-01,6.959363952636193895e-01,1.640786827540613446e-01,-3.683109809117285915e-01,8.869657640770567397e-01,6.251778915997319164e-01,6.399402818663783021e-01,9.026224131638778125e-01,1.408548322780250328e-01,5.843887735350835611e-01,7.374379327750193447e-01,9.526804285067246303e-01,1.000000000000000000e+00,8.408504790528521511e-01,8.978224662422000790e-01,4.408288401944953638e-01,9.357283848661309689e-01,9.219227765897169968e-01,9.265687613018038782e-01,9.211736919302729865e-01,8.776599093753583158e-01,9.265253229587282480e-01,8.969510417648078882e-01,9.574794352476173609e-01,2.132570047130666613e-01,8.991693988073474753e-01,2.994421689493226846e-01,8.921054424665640914e-01,8.567409052037286976e-01,7.751313768314087582e-01
8.023237369405783470e-01,8.613821752271052512e-01,8.208192395035495137e-01,4.393446527042870753e-01,7.618437864710099205e-01,6.793159959099477341e-01,5.258931977838580130e-01,7.197850880492108194e-01,8.864520648877530773e-01,8.654222859659479461e-01,7.312235967481964805e-01,3.343422688047893443e-01,-5.194895083253274759e-01,9.023875096913382965e-01,6.551806874039376449e-01,7.778707391251339365e-01,8.089078549871294710e-01,3.107949557062921198e-01,5.975364104300284751e-01,6.834759503374681078e-01,8.133804229081568193e-01,8.408504790528521511e-01,1.000000000000000000e+00,8.242359862265848935e-01,6.792307666489839635e-01,8.453935445161198103e-01,8.431690514633959355e-01,7.680551152751410315e-01,8.111214049306457730e-01,8.723206665596202614e-01,7.968480801577135786e-01,8.152361728075870895e-01,8.283325780888792789e-01,3.830821976489559022e-01,7.619043350416742078e-01,5.190464104199986606e-01,7.813351926301251860e-01,8.570105880406976295e-01,8.214657552599881063e-01
6.093260165545422158e-01,7.390481161103085173e-01,6.963298098630300581e-01,5.863314488970461369e-01,6.206422868006704618e-01,8.016205812921076701e-01,7.257171329964002826e-01,8.514115720357263717e-01,8.656463027963582357e-01,7.640864621566407777e-01,7.440697841241622479e-01,1.338723152116150783e-01,-3.832303084621659917e-01,8.843052576002433662e-01,5.377524779470976846e-01,5.572404660157429523e-01,9.119509835601109504e-01,1.216646017664071849e-01,4.775769018714434155e-01,6.775164903380910264e-01,8.991767492001704332e-01,8.978224662422000790e-01,8.242359862265848935e-01,1.000000000000000000e+00,4.330584619872192009e-01,9.319892751261457109e-01,9.214658598448729476e-01,9.044498893614636437e-01,9.289429535252278214e-01,8.714381575093707033e-01,9.311865553023506159e-01,9.241525392309906106e-01,8.935543614440671911e-01,8.021328612587202977e-02,9.128100582561944343e-01,3.010268770299696084e-01,9.214382764641537715e-01,8.264303504588632610e-01,7.371950173781702809e-01
7.466618927004705641e-01,7.398212531277543746e-01,6.742139089889955805e-01,9.222212168761839690e-02,6.627090390070470294e-01,1.510115958190079433e-01,1.047264503672387104e-01,3.058583835037913534e-01,5.823364446746697176e-01,6.286937112283571549e-01,4.817176996913727360e-01,5.571943997809333249e-01,-2.667690155128294993e-01,5.776570600152474144e-01,6.606759436934208640e-01,6.865462932450896449e-01,3.486451497758013551e-01,4.844610847981900559e-01,4.797797808631334981e-01,3.489467676645881533e-01,3.963370958249465836e-01,4.408288401944953638e-01,6.792307666489839635e-01,4.330584619872192009e-01,1.000000000000000000e+00,4.485415869356547680e-01,4.511158017344774618e-01,2.908482635491754231e-01,3.263101822158334109e-01,5.439892906876102607e-01,3.493172263156386070e-01,3.412981264060437336e-01,3.897619324377992189e-01,6.805448574038996945e-01,2.438280522659352079e-01,7.393843925523397864e-01,3.164897274787861758e-01,5.507299911151012362e-01,6.542151092931891565e-01
6.522507156556269781e-01,7.451760470229203959e-01,7.775124971508041716e-01,5.933908584180588308e-01,7.072377108236275189e-01,7.942385063588146554e-01,7.344266430026110681e-01,8.835759407443370961e-01,9.222914281182840179e-01,7.892615585589096705e-01,7.597708435650617487e-01,1.109906499362147553e-01,-4.172392134005607489e-01,8.768304829116831955e-01,6.155959974801865631e-01,5.840255178262114821e-01,9.325340734034439638e-01,1.387451631272270947e-01,5.929055830625349355e-01,6.925657489323577831e-01,9.443568432517139843e-01,9.357283848661309689e-01,8.453935445161198103e-01,9.319892751261457109e-01,4.485415869356547680e-01,1.000000000000000000e+00,9.334533722372220232e-01,9.254724723373071171e-01,9.490401625434815580e-01,8.891436035657238612e-01,9.378536586037428124e-01,9.166908726110259975e-01,9.193869895699833261e-01,1.649484986016627464e-01,9.283624938511617630e-01,3.176159620678234430e-01,9.014723139462335055e-01,8.838997169132926102e-01,7.679749840406935313e-01
6.246851672259809973e-01,7.434531159741399886e-01,7.261469071191917202e-01,5.756675824588932677e-01,6.307178167006769476e-01,8.039359872795340811e-01,7.185884448316133266e-01,8.823068931063512421e-01,8.902560413004131368e-01,7.863242470741610424e-01,7.642702346905112520e-01,2.115342792683667095e-01,-3.980653236008686591e-01,8.712255984006812559e-01,5.504523217836808646e-01,5.726966527796623074e-01,9.090736806239352319e-01,1.698359031425737131e-01,5.128003774222389399e-01,7.487448783088054283e-01,9.086859006302687725e-01,9.219227765897169968e-01,8.431690514633959355e-01,9.214658598448729476e-01,4.511158017344774618e-01,9.334533722372220232e-01,1.000000000000000000e+00,9.094650616002939447e-01,9.204428742561650001e-01,8.523990308253664994e-01,9.434120687054836640e-01,9.362428588988196410e-01,9.180109882081578521e-01,1.282315885111635634e-01,9.000699117557952045e-01,3.286516358653539527e-01,9.291316869155529234e-01,8.540745117672862152e-01,7.964390198001698451e-01
5.439258055395925773e-01,6.544111103923034856e-01,6.562166612138936594e-01,6.511879417276507098e-01,5.775673168480194297e-01,8.330909007987875592e-01,8.048741994388531884e-01,9.092479362330629922e-01,8.610853228148013239e-01,7.419113158630320504e-01,6.968547158561798627e-01,3.208548031160502606e-02,-3.075747387082160555e-01,8.362880316495463484e-01,4.878859664301077315e-01,5.062308118293906700e-01,9.165953453274462426e-01,3.167519155381439550e-02,4.763734977230648093e-01,7.104353718284952546e-01,9.419590936652931790e-01,9.265687613018038782e-01,7.680551152751410315e-01,9.044498893614636437e-01,2.908482635491754231e-01,9.254724723373071171e-01,9.094650616002939447e-01,1.000000000000000000e+00,9.310549636476144197e-01,8.472379029317984589e-01,9.335879178313482019e-01,9.088875083884558892e-01,9.230561300023973903e-01,1.421952984708090527e-02,9.243837922416736630e-01,1.599131681740315614e-01,9.135841639867084973e-01,8.150600234736805616e-01,7.082517390739453411e-01
5.595881702420114623e-01,6.797993366659942360e-01,6.892079878813044402e-01,5.915432722871516447e-01,6.030271862852211173e-01,8.660356425558008997e-01,7.453984966408135904e-01,8.781006712575278872e-01,8.684526690721285913e-01,7.365733801873233233e-01,7.273338486396937475e-01,7.221269937844498887e-02,-4.061585466559422541e-01,8.554821438401971623e-01,5.256430517158868776e-01,4.993773432989060401e-01,9.481070421359059086e-01,4.660175989169917932e-02,4.873184742119306967e-01,6.869841820660607112e-01,9.310967709543227500e-01,9.211736919302729865e-01,8.111214049306457730e-01,9.289429535252278214e-01,3.263101822158334109e-01,9.490401625434815580e-01,9.204428742561650001e-01,9.310549636476144197e-01,1.000000000000000000e+00,8.600335044539920704e-01,9.428610872014191457e-01,9.508230864476497901e-01,9.258795860198132388e-01,1.693135901301771884e-02,9.657528741801719718e-01,2.013320399587469611e-01,9.399766018304031023e-01,8.515600537836321982e-01,7.119705398656837048e-01
7.375310000721782000e-01,8.023758815506527586e-01,7.707228335495273086e-01,5.793767798026635552e-01,7.454579770934943728e-01,6.884962151979443501e-01,6.639063259081917634e-01,7.807062348488323922e-01,8.933178248168399671e-01,8.244516286796665927e-01,6.693740063128041928e-01,2.575278013667247623e-01,-4.219616456826971174e-01,8.600860959844662812e-01,6.759515533174031976e-01,7.081413118057007239e-01,8.386732955064950534e-01,3.301819136054190973e-01,6.165142138382201376e-01,7.393565313566686781e-01,8.586990472675121167e-01,8.776599093753583158e-01,8.723206665596202614e-01,8.714381575093707033e-01,5.439892906876102607e-01,8.891436035657238612e-01,8.523990308253664994e-01,8.472379029317984589e-01,8.600335044539920704e-01,1.000000000000000000e+00,8.526661413141214396e-01,8.356025013240829802e-01,8.471905378186053159e-01,2.631240149995331956e-01,8.161743470037546855e-01,4.397050048877515493e-01,8.142566414689120791e-01,8.415666928969272043e-01,7.295629655906848976e-01
5.579854395996084460e-01,6.936078053416872002e-01,6.694397919660781682e-01,6.429745048015403919e-01,5.804694173959282777e-01,8.135375902891248678e-01,7.866423042951536937e-01,9.023523469605179148e-01,8.791489081023563523e-01,7.742946196975944995e-01,6.907446934685292916e-01,8.629577782856527601e-02,-4.194924874193746711e-01,8.473658161215618101e-01,4.943335569233771043e-01,5.386919599402838488e-01,9.097328470925609700e-01,7.408469076377643958e-02,4.747915680717009201e-01,7.156850497740219197e-01,9.255346578608053543e-01,9.265253229587282480e-01,7.968480801577135786e-01,9.311865553023506159e-01,3.493172263156386070e-01,9.378536586037428124e-01,9.434120687054836640e-01,9.335879178313482019e-01,9.428610872014191457e-01,8.526661413141214396e-01,1.000000000000000000e+00,9.390180639479149827e-01,9.279265238600153953e-01,2.235456306031564921e-02,9.370031835401013698e-01,2.385596992727245513e-01,9.375124836907430259e-01,8.163955503742795772e-01,7.399159252675820975e-01
5.444868196211533062e-01,6.969658765551349777e-01,6.482924227542585793e-01,5.495268555629695406e-01,5.581375298554530628e-01,8.768671580654260334e-01,7.041217716917798075e-01,8.637853286366987682e-01,8.405098866097024946e-01,7.278344691273420652e-01,7.623546886539750433e-01,1.693220300851213944e-01,-3.971322077308602205e-01,8.599263105684011865e-01,4.849533406461877805e-01,4.985372216765874276e-01,9.381038407148563074e-01,7.386509812583724743e-02,4.126236966941439488e-01,7.094093183418447301e-01,8.917436515689645127e-01,8.969510417648078882e-01,8.152361728075870895e-01,9.241525392309906106e-01,3.412981264060437336e-01,9.166908726110259975e-01,9.362428588988196410e-01,9.088875083884558892e-01,9.508230864476497901e-01,8.356025013240829802e-01,9.390180639479149827e-01,1.000000000000000000e+00,9.126510138682045747e-01,-1.357444810988321475e-02,9.428926292857644498e-01,2.271799576890594918e-01,9.620452826387472234e-01,8.274586028149636396e-01,7.152689320694542996e-01
5.963156823055592026e-01,6.935920265828956488e-01,7.353938078377852960e-01,5.720755796013707872e-01,5.930442515956694249e-01,8.173355235251060780e-01,7.199869435577943566e-01,9.176611869622902651e-01,8.762373261813080072e-01,7.855113625792007337e-01,6.959623610658467463e-01,1.682111167744276825e-01,-3.572744058646443177e-01,8.850233504567606158e-01,5.849532257033551730e-01,5.969409112901765679e-01,9.140526277809757350e-01,1.086753108153442893e-01,5.219789370738058265e-01,7.414054525228597203e-01,9.385017304682461425e-01,9.574794352476173609e-01,8.283325780888792789e-01,8.935543614440671911e-01,3.897619324377992189e-01,9.193869895699833261e-01,9.180109882081578521e-01,9.230561300023973903e-01,9.258795860198132388e-01,8.471905378186053159e-01,9.279265238600153953e-01,9.126510138682045747e-01,1.000000000000000000e+00,1.396781665986966403e-01,9.082786846059799357e-01,2.380879702092791039e-01,9.119359117328749154e-01,8.403896696487315188e-01,7.415522161239241905e-01
5.573534963667284847e-01,4.569434876043439453e-01,6.198513292572520594e-01,-2.760474212154240964e-03,6.139946186530942374e-01,-1.525341220710409174e-01,-4.778353135332833596e-02,8.896316001494013193e-02,3.590474491136328994e-01,4.193577119699428701e-01,1.415065712706011503e-01,3.493672272975839044e-01,-1.740252539834151735e-01,2.997695349013257404e-01,5.768183202254250075e-01,5.696193899041560593e-01,3.596217224410342556e-02,4.517715054504306549e-01,6.036076171142402691e-01,1.021514473315580790e-01,1.604305454714241574e-01,2.132570047130666613e-01,3.830821976489559022e-01,8.021328612587202977e-02,6.805448574038996945e-01,1.649484986016627464e-01,1.282315885111635634e-01,1.421952984708090527e-02,1.693135901301771884e-02,2.631240149995331956e-01,2.235456306031564921e-02,-1.357444810988321475e-02,1.396781665986966403e-01,1.000000000000000000e+00,-5.823736964752933981e-02,6.195285053389010255e-01,-4.522259993931380256e-02,2.644141809990389058e-01,3.861921805222631732e-01
4.740214107596628645e-01,6.173594954356304010e-01,6.379731918007933711e-01,6.123226439638601581e-01,5.432130175395283311e-01,8.848111886120277880e-01,7.672009390916316729e-01,8.729819873522048912e-01,8.317779293725630074e-01,6.944038303627076969e-01,6.898409442840304218e-01,-1.240649070098600974e-02,-3.933666352895499041e-01,8.218208370480337699e-01,4.376606228717849767e-01,4.344265894915335657e-01,9.342552907680222729e-01,-1.289368495883609807e-02,4.582083987084870635e-01,6.586458867823895558e-01,9.172811090875752082e-01,8.991693988073474753e-01,7.619043350416742078e-01,9.128100582561944343e-01,2.438280522659352079e-01,9.283624938511617630e-01,9.000699117557952045e-01,9.243837922416736630e-01,9.657528741801719718e-01,8.161743470037546855e-01,9.370031835401013698e-01,9.428926292857644498e-01,9.082786846059799357e-01,-5.823736964752933981e-02,1.000000000000000000e+00,1.216757247401634018e-01,9.412481766933851191e-01,7.984688797479948530e-01,6.654331495738339264e-01
7.538167954639340973e-01,6.409835652675259787e-01,5.606311275186630638e-01,6.242958440313179508e-02,5.867103035056201454e-01,-5.427455104961399768e-02,7.974164443067845165e-03,1.814637477289174905e-01,4.539606927378249668e-01,5.657189622021130404e-01,3.030211049046698246e-01,5.256004784084972181e-01,-2.895092092022626407e-01,4.015081828161356503e-01,5.656320139654826828e-01,6.924550521735179931e-01,1.843088132417072811e-01,5.086727969044365638e-01,4.316413603629835061e-01,3.714798042170850967e-01,2.246291632249528269e-01,2.994421689493226846e-01,5.190464104199986606e-01,3.010268770299696084e-01,7.393843925523397864e-01,3.176159620678234430e-01,3.286516358653539527e-01,1.599131681740315614e-01,2.013320399587469611e-01,4.397050048877515493e-01,2.385596992727245513e-01,2.271799576890594918e-01,2.380879702092791039e-01,6.195285053389010255e-01,1.216757247401634018e-01,1.000000000000000000e+00,1.787699514290136682e-01,4.332059055330895747e-01,5.106120739179715873e-01
5.030005466562013083e-01,6.664106865939251056e-01,6.261769120421543100e-01,5.878103493393102008e-01,5.126011962757199836e-01,8.894735361182182221e-01,7.390700387358221102e-01,8.684999507551069975e-01,8.180752367978217920e-01,7.148319177710703576e-01,7.278484803747564680e-01,1.317153329624775882e-01,-3.552476175328720398e-01,8.504171128248857459e-01,4.345380950184835611e-01,4.696306362985804839e-01,9.237726973905074912e-01,4.718543784726780127e-02,3.853969488139146748e-01,7.025601556152405447e-01,8.897730028722788953e-01,8.921054424665640914e-01,7.813351926301251860e-01,9.214382764641537715e-01,3.164897274787861758e-01,9.014723139462335055e-01,9.291316869155529234e-01,9.135841639867084973e-01,9.399766018304031023e-01,8.142566414689120791e-01,9.375124836907430259e-01,9.620452826387472234e-01,9.119359117328749154e-01,-4.522259993931380256e-02,9.412481766933851191e-01,1.787699514290136682e-01,1.000000000000000000e+00,7.897689994217834686e-01,7.027278108005393653e-01
7.399121669702302118e-01,7.525546229521871133e-01,7.516420761679531992e-01,3.500224273568747768e-01,6.922123493554724893e-01,6.753001909593886465e-01,5.154264140846747111e-01,7.658602652075821027e-01,8.831040563208478744e-01,7.506435359456367085e-01,7.822979363602469149e-01,3.332069034930837392e-01,-4.126906831182098889e-01,8.381043422310316959e-01,7.452337080908225664e-01,6.363801405875831874e-01,8.478501840317004268e-01,1.214085174078747692e-01,5.097798430735046571e-01,6.498546672955216597e-01,8.532140718934458912e-01,8.567409052037286976e-01,8.570105880406976295e-01,8.264303504588632610e-01,5.507299911151012362e-01,8.838997169132926102e-01,8.540745117672862152e-01,8.150600234736805616e-01,8.515600537836321982e-01,8.415666928969272043e-01,8.163955503742795772e-01,8.274586028149636396e-01,8.403896696487315188e-01,2.644141809990389058e-01,7.984688797479948530e-01,4.332059055330895747e-01,7.897689994217834686e-01,1.000000000000000000e+00,8.231288525191050587e-01
7.528297579600995437e-01,7.898190329103345064e-01,7.547884552356721732e-01,3.884264748713138204e-01,6.870705494575790606e-01,5.221346661922688925e-01,4.792625239570090789e-01,6.608969352928359964e-01,8.622834872804804318e-01,8.225550575450784052e-01,6.803404896316476158e-01,2.964836483103966969e-01,-3.675470286389560526e-01,7.823467494845730563e-01,5.435829261884169705e-01,7.090219577147669483e-01,7.081176436631688720e-01,1.929625902707877982e-01,4.872462445159133626e-01,5.961537645455375900e-01,7.509246331433719890e-01,7.751313768314087582e-01,8.214657552599881063e-01,7.371950173781702809e-01,6.542151092931891565e-01,7.679749840406935313e-01,7.964390198001698451e-01,7.082517390739453411e-01,7.119705398656837048e-01,7.295629655906848976e-01,7.399159252675820975e-01,7.152689320694542996e-01,7.415522161239241905e-01,3.861921805222631732e-01,6.654331495738339264e-01,5.106120739179715873e-01,7.027278108005393653e-01,8.231288525191050587e-01,1.000000000000000000e+00
