1.000000000000000000e+00,1.139520898749245698e-01,4.567521873620445372e-01,-1.958482656026018787e-01,4.696859477407651640e-01,-2.460752847938612875e-01,-1.348820012776067445e-01,-3.673395798409508362e-01,6.288251686028529797e-01,4.263727382282122003e-01,7.282983389574647359e-02,4.908202423761704597e-02,-1.751308050035634833e-01,4.937783798203890795e-01,2.501015161975441714e-01,6.067036081628082167e-01,2.444005550253287029e-01,2.086574413324364941e-01,-3.263225227174789203e-03,-1.244776775358654858e-01,-5.563603808097802167e-02,-1.807418528779218547e-01,1.935545698196909636e-02,4.302945254572980160e-01,5.839579362453580780e-01,6.327415253002993678e-01,1.921038966140313498e-01,2.848372196429631020e-01,1.451645682425992678e-01,5.183082093198696505e-01,-1.346066176121962221e-01,-9.622539896781212576e-02,3.259732328356436115e-01,2.242396923441164758e-01,-1.090840271057611222e-01,2.843648478867830676e-01,1.112355196038502941e-01,5.207721268926499558e-01,7.033683237867842386e-02
1.139520898749245698e-01,1.000000000000000000e+00,3.467996743135154381e-01,3.247571766126743364e-01,4.634436368225781089e-01,-9.049277010901482510e-02,2.355376525750466354e-01,-2.945259892236274379e-01,4.868281741397024187e-01,6.401621979203644397e-01,4.853777199878399617e-01,7.668550095634674157e-01,5.043577555704878979e-01,4.616875287015190787e-01,-5.367126460873716809e-01,3.828866575372276704e-01,-4.179757571877140698e-01,-3.342315358981770568e-01,7.416615717988446210e-01,-5.042552373005478872e-01,-4.909736684403102625e-01,6.727373987550028245e-01,8.078082821139359604e-01,3.828287814521120769e-01,-1.598056925284167262e-01,-4.627631457303431062e-01,7.761820678943892604e-01,-7.207379120714487719e-01,-5.621864968349338243e-01,-3.546870966425331173e-01,7.025709854123752818e-01,7.901664984674970915e-01,8.360643705118434021e-02,6.286651337067338252e-01,-3.238505023695865126e-01,6.675156301695178707e-01,5.372965762184633842e-01,-5.526935280220166558e-01,8.830856002322058362e-01
4.567521873620445372e-01,3.467996743135154381e-01,1.000000000000000000e+00,-1.208685492492188041e-01,5.309354682760446531e-01,-5.422285533568100835e-01,4.449941735602737369e-02,-9.107693904053371092e-01,5.855285309412388006e-01,4.278906119325384672e-01,2.652577057375727909e-01,6.026626145124280853e-01,-6.821930323319336242e-02,6.121351350379946599e-01,3.577098737476957363e-02,5.231338541641826767e-01,-1.314909449542534525e-01,8.757350821097254975e-03,5.506060553979159611e-01,-6.304711387016328494e-01,-3.984671294029690225e-01,1.473038692451257292e-01,2.577143527706310389e-01,3.032245400677848202e-01,3.590053785116855134e-01,2.588191483500306145e-01,6.458916912958015955e-01,-3.002174623783517363e-02,-4.047349743530720412e-01,-6.762737274042852215e-03,3.374948479042401139e-01,2.648224750431795727e-01,7.080981344871027927e-01,3.457751180693760529e-01,-4.686086299593347215e-01,4.340791395158976607e-01,4.375058966065649146e-01,7.594704776172279959e-02,4.517616955566629011e-01
-1.958482656026018787e-01,3.247571766126743364e-01,-1.208685492492188041e-01,1.000000000000000000e+00,1.150038362549373749e-01,4.062185178177876721e-01,-7.072352608187609802e-02,1.254200465749188420e-01,-6.434666026445616527e-02,9.611746885012703578e-02,-7.155429876129389133e-02,1.654158549006509993e-01,3.987181881036160891e-01,-7.586566009078118955e-02,-3.486467981276977213e-01,-7.907079444827144754e-02,4.869500103934824853e-03,9.440517384339544571e-02,2.411769963364167324e-01,5.383097021081455213e-02,3.589440370188723417e-02,4.488344591709754750e-01,4.053877906193143477e-01,1.192936793352164238e-01,-3.960858844911513965e-01,-3.870907465680016868e-01,1.891491561697458412e-01,-3.353841654769993963e-01,5.510067478249169436e-04,-1.708733935124855663e-01,1.110089740973114886e-01,5.222186297853977921e-01,-2.671356484846188484e-01,1.736142957686925004e-01,2.356685570763585036e-01,1.341959179463236285e-01,3.696123226766756531e-01,-4.196963859198646341e-01,2.532170217388614586e-01
4.696859477407651640e-01,4.634436368225781089e-01,5.309354682760446531e-01,1.150038362549373749e-01,1.000000000000000000e+00,-1.237030864504001931e-01,5.798823647312077029e-02,-4.207145304654073548e-01,7.107098712293661302e-01,6.827527150298982050e-01,2.439751831501857926e-01,3.946086900870834913e-01,1.113072099176801860e-01,6.947961981590409231e-01,3.704266383495513626e-02,5.770147786913885080e-01,-5.272870975116287010e-03,9.945764710490506699e-02,4.305029162877529458e-01,-2.953797743319959146e-01,-1.187783881298718064e-01,2.801362893027405931e-01,4.068481632826301819e-01,4.472306895491101608e-01,2.874158798026413830e-01,2.805324662120211587e-01,4.612588430734212430e-01,-7.245141888066106151e-02,-1.347324747446513871e-01,2.092539153668234453e-01,3.041785095612867806e-01,3.543684947767228866e-01,1.869346472015906147e-01,7.615132638552190025e-01,-1.859229327326093750e-01,6.176291738186207025e-01,3.467261877303876583e-01,7.991281060627321298e-02,4.355049530453345419e-01
-2.460752847938612875e-01,-9.049277010901482510e-02,-5.422285533568100835e-01,4.062185178177876721e-01,-1.237030864504001931e-01,1.000000000000000000e+00,-5.860762165220918807e-03,5.578200763892608993e-01,-3.175788271203111024e-01,-1.615162853636941398e-01,-3.041325400638368315e-01,-3.833833906548264059e-01,3.571086015851634432e-01,-3.217618320888733230e-01,-6.587093940727949126e-02,-3.261978527996799992e-01,3.203451399277763012e-01,1.651877767901766270e-01,-2.800233004530428560e-01,5.785506092496142116e-01,5.332279108997421968e-01,2.463681151682342030e-01,1.006491541848124616e-01,-1.115803722298741498e-03,-3.904182561556854281e-01,-1.797438762597187711e-01,-2.636389805488455473e-01,7.154587232856865313e-04,5.613688904522792233e-01,-2.362765360525943478e-03,-1.946590521339237045e-01,1.827374348946089466e-01,-6.139282843674774837e-01,-3.851492915368946723e-02,7.337992302692969426e-01,-6.502447238128147844e-02,1.367370065153317715e-01,-1.806798590467291188e-01,-2.486298570068825875e-01
-1.348820012776067445e-01,2.355376525750466354e-01,4.449941735602737369e-02,-7.072352608187609802e-02,5.798823647312077029e-02,-5.860762165220918807e-03,1.000000000000000000e+00,-1.854723439477216212e-02,-5.221292657745996157e-02,2.312468750807278595e-01,2.064333180909187215e-01,1.971083044850056309e-01,2.086863068681176492e-01,1.472254970630601512e-01,-3.815507713796533196e-01,7.756636937133919163e-02,-1.960117777729222244e-01,-2.196146476859481556e-01,2.908885952587174639e-01,-7.338891302376189529e-02,-1.124355981351345263e-01,3.458855583120450938e-01,2.540888863748858029e-01,-1.024688715974326342e-02,-1.121019551265802078e-01,-2.501521779947091795e-01,1.784000632617868953e-01,-2.289569544972374082e-01,-1.757569094859208481e-01,-1.579432983727131756e-01,5.178752907895481927e-01,1.815589630006407273e-01,-3.860742915485552984e-02,1.518335345052832797e-01,1.778775801846185778e-02,2.128972869241886057e-01,1.986279325048187147e-02,-2.609969517988286469e-01,1.998487219835574091e-01
-3.673395798409508362e-01,-2.945259892236274379e-01,-9.107693904053371092e-01,1.254200465749188420e-01,-4.207145304654073548e-01,5.578200763892608993e-01,-1.854723439477216212e-02,1.000000000000000000e+00,-4.887238493940370132e-01,-3.214990548387735014e-01,-2.471565939643692589e-01,-6.034633083643454743e-01,8.666852698055298176e-02,-5.176518202903720445e-01,-2.359341758598302446e-02,-4.369297111203657158e-01,1.705077889315949613e-01,2.112515525330169695e-03,-5.412368425345757128e-01,6.541841701334746295e-01,4.240547052359104896e-01,-1.126723684285955152e-01,-2.196566747256001872e-01,-2.255933427630522903e-01,-3.038766598480208692e-01,-2.037023581355225099e-01,-6.232068740947255270e-01,4.472512397146136132e-02,4.295609313046108713e-01,7.629870255528653500e-02,-3.118981950555941851e-01,-2.443725974797250067e-01,-7.206460565831062093e-01,-2.508889842064536135e-01,4.772600694506328178e-01,-3.463525418104044795e-01,-4.264170360946427651e-01,-4.787431404899426118e-02,-4.216099331421791496e-01
6.288251686028529797e-01,4.868281741397024187e-01,5.855285309412388006e-01,-6.434666026445616527e-02,7.107098712293661302e-01,-3.175788271203111024e-01,-5.221292657745996157e-02,-4.887238493940370132e-01,1.000000000000000000e+00,7.149059652392714126e-01,3.013085795473272599e-01,4.602757483829022500e-01,5.579560114314847247e-02,7.634226772113419379e-01,7.341843250801369236e-02,7.171036651589173250e-01,-9.494329272316805179e-02,3.643735134659628616e-02,4.221217616932003147e-01,-4.043315931177458022e-01,-3.299270992975016914e-01,1.699543092241423414e-01,4.037012006397686092e-01,5.266492651285734627e-01,4.563815043865934729e-01,3.198276743453686288e-01,5.225000663326438977e-01,-1.185821126909256812e-01,-2.143641692573658442e-01,2.382902323049262416e-01,2.626557360684714792e-01,2.906475605280882113e-01,3.611830381652981203e-01,5.967915079969183800e-01,-2.843427662745920403e-01,6.903903684145410447e-01,3.195995906716168067e-01,1.881615080323403855e-01,4.952587370521025489e-01
4.263727382282122003e-01,6.401621979203644397e-01,4.278906119325384672e-01,9.611746885012703578e-02,6.827527150298982050e-01,-1.615162853636941398e-01,2.312468750807278595e-01,-3.214990548387735014e-01,7.149059652392714126e-01,1.000000000000000000e+00,2.918326220844887353e-01,4.830915018824802343e-01,2.215625086281802492e-01,6.826266751591174575e-01,-1.261278261857504412e-01,7.842193570343757303e-01,-2.136238286631191585e-01,1.100223941082353885e-02,5.042524975814064447e-01,-2.807584032401520546e-01,-2.645141893890469165e-01,3.935993130911689120e-01,5.990689171035938898e-01,5.108718182131497532e-01,2.914308638726315626e-01,7.429136136938578605e-02,5.037626873397210714e-01,-2.588154977712933125e-01,-2.481776981638074975e-01,1.938524708855347556e-01,4.477575064419561657e-01,4.340363188732564437e-01,2.041986063583127453e-01,6.718851620452331863e-01,-2.059574035791311986e-01,7.049791076253005828e-01,3.581464099478142149e-01,-5.300279078902375707e-02,5.832413209571247759e-01
7.282983389574647359e-02,4.853777199878399617e-01,2.652577057375727909e-01,-7.155429876129389133e-02,2.439751831501857926e-01,-3.041325400638368315e-01,2.064333180909187215e-01,-2.471565939643692589e-01,3.013085795473272599e-01,2.918326220844887353e-01,1.000000000000000000e+00,5.078355970937472597e-01,1.392278938098842900e-01,3.271638347098902999e-01,-4.326243403166891710e-01,7.603397100614545101e-02,-1.645886799484571061e-01,-4.177181559420836132e-01,4.554848674033499245e-01,-5.140075037710147843e-01,-4.361670846502296306e-01,2.194874647281692681e-01,3.921065002741803140e-01,2.589733850862306341e-01,3.549296928975556598e-02,-2.572242674197971479e-01,4.921745566237414327e-01,-4.784493780467241053e-01,-4.825630036854271498e-01,-3.251278940318633182e-01,5.852404951133279853e-01,4.167608412690942954e-01,1.545576485351660145e-01,2.175982032182519621e-01,-4.247547706467985074e-01,2.802951549753739391e-01,1.595763384628751669e-01,-3.161466447725187479e-01,5.101755031565254894e-01
4.908202423761704597e-02,7.668550095634674157e-01,6.026626145124280853e-01,1.654158549006509993e-01,3.946086900870834913e-01,-3.833833906548264059e-01,1.971083044850056309e-01,-6.034633083643454743e-01,4.602757483829022500e-01,4.830915018824802343e-01,5.078355970937472597e-01,1.000000000000000000e+00,3.399011344658562916e-01,4.678289560743048026e-01,-4.096910952823793473e-01,3.183288430850678141e-01,-4.737087555971614128e-01,-3.183684332326424671e-01,8.792585060087546589e-01,-7.120343270099045441e-01,-6.079755907930475267e-01,5.880056719883899330e-01,7.012132017892678260e-01,2.304357349280999889e-01,-6.523743677089974269e-02,-4.224481764315824450e-01,8.571954699382001719e-01,-6.501133388571963545e-01,-7.388213738950802911e-01,-4.853513080944678038e-01,7.350376184480867936e-01,6.915137461699182309e-01,4.051920258879850301e-01,5.334849783661166356e-01,-5.524590254322615523e-01,5.774537444175882328e-01,5.591516215375138543e-01,-5.171915250031013933e-01,8.592572578239177084e-01
-1.751308050035634833e-01,5.043577555704878979e-01,-6.821930323319336242e-02,3.987181881036160891e-01,1.113072099176801860e-01,3.571086015851634432e-01,2.086863068681176492e-01,8.666852698055298176e-02,5.579560114314847247e-02,2.215625086281802492e-01,1.392278938098842900e-01,3.399011344658562916e-01,1.000000000000000000e+00,3.431937493761388208e-02,-4.601281810533659478e-01,-2.820014889208937933e-02,-1.123341832689131459e-01,-2.195458563026981003e-01,3.643485460043949242e-01,-1.023976934357659213e-01,-1.911574556371260780e-01,6.080384711567724532e-01,6.256288478797347175e-01,1.452980460853462719e-01,-3.613449632207926254e-01,-4.754025331407795707e-01,3.951945796366967412e-01,-5.421617737710779927e-01,-1.516973811410809725e-01,-2.346809452731600243e-01,3.282023718212596086e-01,6.098413296772717818e-01,-2.503150159313771161e-01,2.913650089349167360e-01,1.825421216194396679e-01,3.101625657025880445e-01,3.922769828195235564e-01,-5.566883002696286775e-01,4.220282999067077601e-01
4.937783798203890795e-01,4.616875287015190787e-01,6.121351350379946599e-01,-7.586566009078118955e-02,6.947961981590409231e-01,-3.217618320888733230e-01,1.472254970630601512e-01,-5.176518202903720445e-01,7.634226772113419379e-01,6.826266751591174575e-01,3.271638347098902999e-01,4.678289560743048026e-01,3.431937493761388208e-02,1.000000000000000000e+00,2.501989860218225767e-02,6.812516009031107656e-01,-1.005322913233819629e-02,-2.433769142083845941e-02,4.692444884359716073e-01,-4.358405874321092388e-01,-3.260040894944058465e-01,2.405187141968037623e-01,4.254086095290031677e-01,5.389087993107920527e-01,4.164477574557706174e-01,2.709192785421223881e-01,5.160601866684345618e-01,-1.384501387776765069e-01,-2.766224701876249248e-01,1.781780431088103855e-01,3.734205677045309146e-01,3.002226638126994085e-01,3.558223825216191849e-01,5.971224859497892279e-01,-2.670678924069518345e-01,6.974755015520029966e-01,3.032632726976412507e-01,1.106672832430081604e-01,4.884843865973123589e-01
2.501015161975441714e-01,-5.367126460873716809e-01,3.577098737476957363e-02,-3.486467981276977213e-01,3.704266383495513626e-02,-6.587093940727949126e-02,-3.815507713796533196e-01,-2.359341758598302446e-02,7.341843250801369236e-02,-1.261278261857504412e-01,-4.326243403166891710e-01,-4.096910952823793473e-01,-4.601281810533659478e-01,2.501989860218225767e-02,1.000000000000000000e+00,1.388471990348477958e-01,3.405403626546875118e-01,5.972579094967580549e-01,-3.881228925852336364e-01,3.607410086531245286e-01,4.757807589572613516e-01,-4.782875029526613697e-01,-5.049365180110118034e-01,-7.035749497287581422e-02,3.641229533647410976e-01,6.379395382381958246e-01,-4.127207926930682169e-01,7.126054870137765729e-01,4.152125218616342095e-01,4.948159761582784921e-01,-5.328841965277518744e-01,-5.651948264227339980e-01,1.509098062412815300e-01,-5.255985793945051887e-02,1.538973235999248901e-01,-1.578658776489705318e-01,-2.088715535725673977e-01,6.722316629931691656e-01,-4.760154492691938688e-01
6.067036081628082167e-01,3.828866575372276704e-01,5.231338541641826767e-01,-7.907079444827144754e-02,5.770147786913885080e-01,-3.261978527996799992e-01,7.756636937133919163e-02,-4.369297111203657158e-01,7.171036651589173250e-01,7.842193570343757303e-01,7.603397100614545101e-02,3.183288430850678141e-01,-2.820014889208937933e-02,6.812516009031107656e-01,1.388471990348477958e-01,1.000000000000000000e+00,-1.248637777209354871e-01,1.849165328150851328e-01,3.005871446276252579e-01,-2.402534288090169556e-01,-2.452670049569616317e-01,9.869612116904595556e-02,3.299984849110884078e-01,4.941958608097257177e-01,4.618064407954473594e-01,3.635458464792781230e-01,3.552310154110558393e-01,4.567615543091798486e-02,-1.455801767626045129e-01,4.245891052882536654e-01,1.446660569279382691e-01,1.318189577406432278e-01,3.930645808852726852e-01,4.727080151883976677e-01,-2.143614377253529879e-01,5.429734557399653605e-01,2.272739576159665542e-01,2.766172288098346921e-01,3.613169094136879922e-01
2.444005550253287029e-01,-4.179757571877140698e-01,-1.314909449542534525e-01,4.869500103934824853e-03,-5.272870975116287010e-03,3.203451399277763012e-01,-1.960117777729222244e-01,1.705077889315949613e-01,-9.494329272316805179e-02,-2.136238286631191585e-01,-1.645886799484571061e-01,-4.737087555971614128e-01,-1.123341832689131459e-01,-1.005322913233819629e-02,3.405403626546875118e-01,-1.248637777209354871e-01,1.000000000000000000e+00,3.312980638771769737e-01,-4.100582869175370404e-01,3.370097884005980871e-01,5.485862377098776888e-01,-2.124153528858799822e-01,-2.770750874829260302e-01,1.518960278768520800e-01,1.836173108206350657e-01,4.331427784998965747e-01,-3.420910503031192595e-01,5.013166945583205081e-01,5.119322138426397606e-01,3.623136357564538113e-01,-4.337114117823733794e-01,-2.329156078054094303e-01,-1.020090274536493147e-01,-2.320501243823995807e-01,3.927056537387043078e-01,-2.423084736256179428e-01,-2.270304196991621698e-02,4.031269378589688590e-01,-4.656768561121223948e-01
2.086574413324364941e-01,-3.342315358981770568e-01,8.757350821097254975e-03,9.440517384339544571e-02,9.945764710490506699e-02,1.651877767901766270e-01,-2.196146476859481556e-01,2.112515525330169695e-03,3.643735134659628616e-02,1.100223941082353885e-02,-4.177181559420836132e-01,-3.183684332326424671e-01,-2.195458563026981003e-01,-2.433769142083845941e-02,5.972579094967580549e-01,1.849165328150851328e-01,3.312980638771769737e-01,1.000000000000000000e+00,-1.527421758508029359e-01,3.421207957208394768e-01,4.608568741504413535e-01,-1.982626095664618837e-01,-2.654548432759190058e-01,1.199685322005673987e-01,1.160485050794850953e-01,4.309665227623913908e-01,-2.650313230543693277e-01,5.228074576893105840e-01,4.442858315135481129e-01,3.792709210422955945e-01,-4.207531785777316458e-01,-2.417509594248968274e-01,5.692393803936949409e-02,-7.966239074008590881e-02,2.937305866353116524e-01,-9.326284627296374530e-02,4.424777409192948152e-02,4.683426892659228180e-01,-3.154736592904714421e-01
-3.263225227174789203e-03,7.416615717988446210e-01,5.506060553979159611e-01,2.411769963364167324e-01,4.305029162877529458e-01,-2.800233004530428560e-01,2.908885952587174639e-01,-5.412368425345757128e-01,4.221217616932003147e-01,5.042524975814064447e-01,4.554848674033499245e-01,8.792585060087546589e-01,3.643485460043949242e-01,4.692444884359716073e-01,-3.881228925852336364e-01,3.005871446276252579e-01,-4.100582869175370404e-01,-1.527421758508029359e-01,1.000000000000000000e+00,-6.165986524403571645e-01,-4.879058941439696762e-01,6.462950963935534254e-01,6.983291191974010381e-01,2.452101874205392940e-01,-1.125592813172164031e-01,-4.323768015869492998e-01,8.204585520916208852e-01,-6.203944783109907046e-01,-6.561431247165586678e-01,-4.951922273566543020e-01,7.520341982791509672e-01,7.150751020043883965e-01,3.417714434580261251e-01,5.469906090520709752e-01,-4.605022011090555978e-01,5.886332622310652685e-01,5.826581774244600220e-01,-5.313686330879179298e-01,8.322879856100419138e-01
-1.244776775358654858e-01,-5.042552373005478872e-01,-6.304711387016328494e-01,5.383097021081455213e-02,-2.953797743319959146e-01,5.785506092496142116e-01,-7.338891302376189529e-02,6.541841701334746295e-01,-4.043315931177458022e-01,-2.807584032401520546e-01,-5.140075037710147843e-01,-7.120343270099045441e-01,-1.023976934357659213e-01,-4.358405874321092388e-01,3.607410086531245286e-01,-2.402534288090169556e-01,3.370097884005980871e-01,3.421207957208394768e-01,-6.165986524403571645e-01,1.000000000000000000e+00,6.844928573975153085e-01,-2.301818640342460642e-01,-3.828862466508240470e-01,-2.145532749132590677e-01,-7.704424194499365219e-02,1.854998644410695563e-01,-6.699511411549405882e-01,4.551921578579727345e-01,7.159391103713935722e-01,3.506282521771356686e-01,-5.048985752703973873e-01,-4.180302379999052964e-01,-5.041570093182168311e-01,-2.240620318793597465e-01,6.352388159565578452e-01,-3.349845023166258540e-01,-3.808009898213431388e-01,2.366207535291992570e-01,-6.316674457235780249e-01
-5.563603808097802167e-02,-4.909736684403102625e-01,-3.984671294029690225e-01,3.589440370188723417e-02,-1.187783881298718064e-01,5.332279108997421968e-01,-1.124355981351345263e-01,4.240547052359104896e-01,-3.299270992975016914e-01,-2.645141893890469165e-01,-4.361670846502296306e-01,-6.079755907930475267e-01,-1.911574556371260780e-01,-3.260040894944058465e-01,4.757807589572613516e-01,-2.452670049569616317e-01,5.485862377098776888e-01,4.608568741504413535e-01,-4.879058941439696762e-01,6.844928573975153085e-01,1.000000000000000000e+00,-1.688329823754838865e-01,-4.054624555877488490e-01,-1.082088363787515606e-01,-1.680260190333303372e-02,2.749498251916870362e-01,-5.373929057171676904e-01,5.828968644781404862e-01,6.993812416289648670e-01,2.799890879779007857e-01,-4.242080253608555007e-01,-3.161356807994573082e-01,-2.703696844629958074e-01,-1.881587103904201197e-01,5.464355372588525217e-01,-3.210695757233891223e-01,-6.861852184684505418e-02,2.996048518032495278e-01,-5.677643154747810117e-01
-1.807418528779218547e-01,6.727373987550028245e-01,1.473038692451257292e-01,4.488344591709754750e-01,2.801362893027405931e-01,2.463681151682342030e-01,3.458855583120450938e-01,-1.126723684285955152e-01,1.699543092241423414e-01,3.935993130911689120e-01,2.194874647281692681e-01,5.880056719883899330e-01,6.080384711567724532e-01,2.405187141968037623e-01,-4.782875029526613697e-01,9.869612116904595556e-02,-2.124153528858799822e-01,-1.982626095664618837e-01,6.462950963935534254e-01,-2.301818640342460642e-01,-1.688329823754838865e-01,1.000000000000000000e+00,7.430479070725352075e-01,1.511543520397948814e-01,-3.218668861000640868e-01,-5.659253427400009473e-01,5.896383936383087221e-01,-6.107075895918049335e-01,-3.285224526703950376e-01,-4.260845736027316089e-01,6.244098556232787756e-01,7.658860467343180378e-01,-3.897148214778841518e-02,4.863358033808930503e-01,-1.266480520008852161e-02,5.158891649714310024e-01,5.950709192560350580e-01,-6.453819046274702487e-01,6.523704253971688294e-01
1.935545698196909636e-02,8.078082821139359604e-01,2.577143527706310389e-01,4.053877906193143477e-01,4.068481632826301819e-01,1.006491541848124616e-01,2.540888863748858029e-01,-2.196566747256001872e-01,4.037012006397686092e-01,5.990689171035938898e-01,3.921065002741803140e-01,7.012132017892678260e-01,6.256288478797347175e-01,4.254086095290031677e-01,-5.049365180110118034e-01,3.299984849110884078e-01,-2.770750874829260302e-01,-2.654548432759190058e-01,6.983291191974010381e-01,-3.828862466508240470e-01,-4.054624555877488490e-01,7.430479070725352075e-01,1.000000000000000000e+00,3.906998782706180284e-01,-1.163179755069297799e-01,-4.784639776560191682e-01,6.899518594777396263e-01,-7.041097519873715793e-01,-4.209303040379187566e-01,-2.893575131344149898e-01,6.411364499446606802e-01,8.122190644764901712e-01,1.969821537290030941e-02,5.805773455778308056e-01,-1.071087741228123058e-01,6.364385771084285492e-01,5.845176501367220778e-01,-5.930829270082715876e-01,7.646859410480397745e-01
4.302945254572980160e-01,3.828287814521120769e-01,3.032245400677848202e-01,1.192936793352164238e-01,4.472306895491101608e-01,-1.115803722298741498e-03,-1.024688715974326342e-02,-2.255933427630522903e-01,5.266492651285734627e-01,5.108718182131497532e-01,2.589733850862306341e-01,2.304357349280999889e-01,1.452980460853462719e-01,5.389087993107920527e-01,-7.035749497287581422e-02,4.941958608097257177e-01,1.518960278768520800e-01,1.199685322005673987e-01,2.452101874205392940e-01,-2.145532749132590677e-01,-1.082088363787515606e-01,1.511543520397948814e-01,3.906998782706180284e-01,1.000000000000000000e+00,2.499782584423286269e-01,1.447744773779292560e-01,3.013966076643128655e-01,-1.401171898102135660e-01,-2.187060529066624237e-02,2.237744866639367058e-01,1.508765867270017713e-01,3.605383168091936819e-01,1.022265922463336113e-01,3.077747301630755494e-01,-1.912234253968308345e-02,3.397337104457030521e-01,3.388408485118801217e-01,1.017776695029655731e-01,3.311136015776862118e-01
5.839579362453580780e-01,-1.598056925284167262e-01,3.590053785116855134e-01,-3.960858844911513965e-01,2.874158798026413830e-01,-3.904182561556854281e-01,-1.121019551265802078e-01,-3.038766598480208692e-01,4.563815043865934729e-01,2.914308638726315626e-01,3.549296928975556598e-02,-6.523743677089974269e-02,-3.613449632207926254e-01,4.164477574557706174e-01,3.641229533647410976e-01,4.618064407954473594e-01,1.836173108206350657e-01,1.160485050794850953e-01,-1.125592813172164031e-01,-7.704424194499365219e-02,-1.680260190333303372e-02,-3.218668861000640868e-01,-1.163179755069297799e-01,2.499782584423286269e-01,1.000000000000000000e+00,6.157604654907948838e-01,-2.542710521677339630e-02,3.832703016813551744e-01,1.433992957282481384e-01,5.231895084803244167e-01,-1.160714012336908491e-01,-3.281069780898562827e-01,4.426597770974913248e-01,5.136092626088290675e-02,-1.293057667241281072e-01,1.293650986669659941e-01,-8.458533197024489803e-02,5.019651893228848083e-01,-1.298289802577482221e-01
6.327415253002993678e-01,-4.627631457303431062e-01,2.588191483500306145e-01,-3.870907465680016868e-01,2.805324662120211587e-01,-1.797438762597187711e-01,-2.501521779947091795e-01,-2.037023581355225099e-01,3.198276743453686288e-01,7.429136136938578605e-02,-2.572242674197971479e-01,-4.224481764315824450e-01,-4.754025331407795707e-01,2.709192785421223881e-01,6.379395382381958246e-01,3.635458464792781230e-01,4.331427784998965747e-01,4.309665227623913908e-01,-4.323768015869492998e-01,1.854998644410695563e-01,2.749498251916870362e-01,-5.659253427400009473e-01,-4.784639776560191682e-01,1.447744773779292560e-01,6.157604654907948838e-01,1.000000000000000000e+00,-3.017977492591960575e-01,7.446531674284297964e-01,4.599837099768469550e-01,7.224181131480210682e-01,-5.205632988800367178e-01,-5.649330967944748982e-01,2.549261703822816583e-01,-5.409534954305072335e-02,1.229547053985987348e-01,-6.541802237775282136e-02,-2.320306992202341434e-01,8.150185667876439499e-01,-4.780615439044810233e-01
1.921038966140313498e-01,7.761820678943892604e-01,6.458916912958015955e-01,1.891491561697458412e-01,4.612588430734212430e-01,-2.636389805488455473e-01,1.784000632617868953e-01,-6.232068740947255270e-01,5.225000663326438977e-01,5.037626873397210714e-01,4.921745566237414327e-01,8.571954699382001719e-01,3.951945796366967412e-01,5.160601866684345618e-01,-4.127207926930682169e-01,3.552310154110558393e-01,-3.420910503031192595e-01,-2.650313230543693277e-01,8.204585520916208852e-01,-6.699511411549405882e-01,-5.373929057171676904e-01,5.896383936383087221e-01,6.899518594777396263e-01,3.013966076643128655e-01,-2.542710521677339630e-02,-3.017977492591960575e-01,1.000000000000000000e+00,-5.721995254410264797e-01,-6.138669948871987581e-01,-4.168552087629235903e-01,6.759645932618401076e-01,7.277580823107157038e-01,4.205298233677368658e-01,5.102553553897837268e-01,-4.251157266137026158e-01,6.076311419216051668e-01,6.553903593237111469e-01,-4.814684047154992319e-01,8.192986452501270778e-01
2.848372196429631020e-01,-7.207379120714487719e-01,-3.002174623783517363e-02,-3.353841654769993963e-01,-7.245141888066106151e-02,7.154587232856865313e-04,-2.289569544972374082e-01,4.472512397146136132e-02,-1.185821126909256812e-01,-2.588154977712933125e-01,-4.784493780467241053e-01,-6.501133388571963545e-01,-5.421617737710779927e-01,-1.384501387776765069e-01,7.126054870137765729e-01,4.567615543091798486e-02,5.013166945583205081e-01,5.228074576893105840e-01,-6.203944783109907046e-01,4.551921578579727345e-01,5.828968644781404862e-01,-6.107075895918049335e-01,-7.041097519873715793e-01,-1.401171898102135660e-01,3.832703016813551744e-01,7.446531674284297964e-01,-5.721995254410264797e-01,1.000000000000000000e+00,5.771202117755644956e-01,5.809100034917090705e-01,-6.319705304937867085e-01,-7.053148226872729687e-01,1.332504800329345762e-01,-3.406414728178975837e-01,2.541920134032643053e-01,-3.963273669978144009e-01,-3.009088489953127832e-01,7.527105235846293096e-01,-7.243750128633628105e-01
1.451645682425992678e-01,-5.621864968349338243e-01,-4.047349743530720412e-01,5.510067478249169436e-04,-1.347324747446513871e-01,5.613688904522792233e-01,-1.757569094859208481e-01,4.295609313046108713e-01,-2.143641692573658442e-01,-2.481776981638074975e-01,-4.825630036854271498e-01,-7.388213738950802911e-01,-1.516973811410809725e-01,-2.766224701876249248e-01,4.152125218616342095e-01,-1.455801767626045129e-01,5.119322138426397606e-01,4.442858315135481129e-01,-6.561431247165586678e-01,7.159391103713935722e-01,6.993812416289648670e-01,-3.285224526703950376e-01,-4.209303040379187566e-01,-2.187060529066624237e-02,1.433992957282481384e-01,4.599837099768469550e-01,-6.138669948871987581e-01,5.771202117755644956e-01,1.000000000000000000e+00,5.298354714293789236e-01,-6.184690912047420275e-01,-4.000815367504478859e-01,-3.274185037541853527e-01,-2.959419798845593919e-01,7.380299556992682142e-01,-2.875122040409216484e-01,-1.996794724649862962e-01,4.510465391784290734e-01,-6.836967339917309205e-01
5.183082093198696505e-01,-3.546870966425331173e-01,-6.762737274042852215e-03,-1.708733935124855663e-01,2.092539153668234453e-01,-2.362765360525943478e-03,-1.579432983727131756e-01,7.629870255528653500e-02,2.382902323049262416e-01,1.938524708855347556e-01,-3.251278940318633182e-01,-4.853513080944678038e-01,-2.346809452731600243e-01,1.781780431088103855e-01,4.948159761582784921e-01,4.245891052882536654e-01,3.623136357564538113e-01,3.792709210422955945e-01,-4.951922273566543020e-01,3.506282521771356686e-01,2.799890879779007857e-01,-4.260845736027316089e-01,-2.893575131344149898e-01,2.237744866639367058e-01,5.231895084803244167e-01,7.224181131480210682e-01,-4.168552087629235903e-01,5.809100034917090705e-01,5.298354714293789236e-01,1.000000000000000000e+00,-5.250201437384116598e-01,-4.674687974723998884e-01,2.870963653740715715e-02,-1.715357535726690433e-02,3.265479357593314425e-01,-1.177523400236838054e-02,-2.745346465708398687e-01,6.882646244126661150e-01,-4.435302797492027826e-01
-1.346066176121962221e-01,7.025709854123752818e-01,3.374948479042401139e-01,1.110089740973114886e-01,3.041785095612867806e-01,-1.946590521339237045e-01,5.178752907895481927e-01,-3.118981950555941851e-01,2.626557360684714792e-01,4.477575064419561657e-01,5.852404951133279853e-01,7.350376184480867936e-01,3.282023718212596086e-01,3.734205677045309146e-01,-5.328841965277518744e-01,1.446660569279382691e-01,-4.337114117823733794e-01,-4.207531785777316458e-01,7.520341982791509672e-01,-5.048985752703973873e-01,-4.242080253608555007e-01,6.244098556232787756e-01,6.411364499446606802e-01,1.508765867270017713e-01,-1.160714012336908491e-01,-5.205632988800367178e-01,6.759645932618401076e-01,-6.319705304937867085e-01,-6.184690912047420275e-01,-5.250201437384116598e-01,1.000000000000000000e+00,6.365171749155086323e-01,2.177936586636168848e-01,4.555712703431054056e-01,-3.591270325974105782e-01,5.205157393914724429e-01,4.145390446965863673e-01,-5.884101702954560587e-01,7.348340930603224352e-01
-9.622539896781212576e-02,7.901664984674970915e-01,2.648224750431795727e-01,5.222186297853977921e-01,3.543684947767228866e-01,1.827374348946089466e-01,1.815589630006407273e-01,-2.443725974797250067e-01,2.906475605280882113e-01,4.340363188732564437e-01,4.167608412690942954e-01,6.915137461699182309e-01,6.098413296772717818e-01,3.002226638126994085e-01,-5.651948264227339980e-01,1.318189577406432278e-01,-2.329156078054094303e-01,-2.417509594248968274e-01,7.150751020043883965e-01,-4.180302379999052964e-01,-3.161356807994573082e-01,7.658860467343180378e-01,8.122190644764901712e-01,3.605383168091936819e-01,-3.281069780898562827e-01,-5.649330967944748982e-01,7.277580823107157038e-01,-7.053148226872729687e-01,-4.000815367504478859e-01,-4.674687974723998884e-01,6.365171749155086323e-01,1.000000000000000000e+00,1.363133547253175641e-02,4.788763960581953194e-01,-8.098302646219240897e-02,5.614326004779714996e-01,7.288008057111741156e-01,-6.555309008303890073e-01,7.641204217434192092e-01
3.259732328356436115e-01,8.360643705118434021e-02,7.080981344871027927e-01,-2.671356484846188484e-01,1.869346472015906147e-01,-6.139282843674774837e-01,-3.860742915485552984e-02,-7.206460565831062093e-01,3.611830381652981203e-01,2.041986063583127453e-01,1.545576485351660145e-01,4.051920258879850301e-01,-2.503150159313771161e-01,3.558223825216191849e-01,1.509098062412815300e-01,3.930645808852726852e-01,-1.020090274536493147e-01,5.692393803936949409e-02,3.417714434580261251e-01,-5.041570093182168311e-01,-2.703696844629958074e-01,-3.897148214778841518e-02,1.969821537290030941e-02,1.022265922463336113e-01,4.426597770974913248e-01,2.549261703822816583e-01,4.205298233677368658e-01,1.332504800329345762e-01,-3.274185037541853527e-01,2.870963653740715715e-02,2.177936586636168848e-01,1.363133547253175641e-02,1.000000000000000000e+00,6.482863178881265002e-03,-3.807949117317296905e-01,1.629079977282902048e-01,3.380869670679845784e-01,1.651660230252290917e-01,2.223827468887724645e-01
2.242396923441164758e-01,6.286651337067338252e-01,3.457751180693760529e-01,1.736142957686925004e-01,7.615132638552190025e-01,-3.851492915368946723e-02,1.518335345052832797e-01,-2.508889842064536135e-01,5.967915079969183800e-01,6.718851620452331863e-01,2.175982032182519621e-01,5.334849783661166356e-01,2.913650089349167360e-01,5.971224859497892279e-01,-5.255985793945051887e-02,4.727080151883976677e-01,-2.320501243823995807e-01,-7.966239074008590881e-02,5.469906090520709752e-01,-2.240620318793597465e-01,-1.881587103904201197e-01,4.863358033808930503e-01,5.805773455778308056e-01,3.077747301630755494e-01,5.136092626088290675e-02,-5.409534954305072335e-02,5.102553553897837268e-01,-3.406414728178975837e-01,-2.959419798845593919e-01,-1.715357535726690433e-02,4.555712703431054056e-01,4.788763960581953194e-01,6.482863178881265002e-03,1.000000000000000000e+00,-2.113552363562618830e-01,6.833735140944724451e-01,3.194770563583542167e-01,-2.066988814052906909e-01,5.955758217852530345e-01
-1.090840271057611222e-01,-3.238505023695865126e-01,-4.686086299593347215e-01,2.356685570763585036e-01,-1.859229327326093750e-01,7.337992302692969426e-01,1.778775801846185778e-02,4.772600694506328178e-01,-2.843427662745920403e-01,-2.059574035791311986e-01,-4.247547706467985074e-01,-5.524590254322615523e-01,1.825421216194396679e-01,-2.670678924069518345e-01,1.538973235999248901e-01,-2.143614377253529879e-01,3.927056537387043078e-01,2.937305866353116524e-01,-4.605022011090555978e-01,6.352388159565578452e-01,5.464355372588525217e-01,-1.266480520008852161e-02,-1.071087741228123058e-01,-1.912234253968308345e-02,-1.293057667241281072e-01,1.229547053985987348e-01,-4.251157266137026158e-01,2.541920134032643053e-01,7.380299556992682142e-01,3.265479357593314425e-01,-3.591270325974105782e-01,-8.098302646219240897e-02,-3.807949117317296905e-01,-2.113552363562618830e-01,1.000000000000000000e+00,-1.226538572832050061e-01,1.301022550818833196e-02,1.293686585453565907e-01,-4.629639955742735902e-01
2.843648478867830676e-01,6.675156301695178707e-01,4.340791395158976607e-01,1.341959179463236285e-01,6.176291738186207025e-01,-6.502447238128147844e-02,2.128972869241886057e-01,-3.463525418104044795e-01,6.903903684145410447e-01,7.049791076253005828e-01,2.802951549753739391e-01,5.774537444175882328e-01,3.101625657025880445e-01,6.974755015520029966e-01,-1.578658776489705318e-01,5.429734557399653605e-01,-2.423084736256179428e-01,-9.326284627296374530e-02,5.886332622310652685e-01,-3.349845023166258540e-01,-3.210695757233891223e-01,5.158891649714310024e-01,6.364385771084285492e-01,3.397337104457030521e-01,1.293650986669659941e-01,-6.541802237775282136e-02,6.076311419216051668e-01,-3.963273669978144009e-01,-2.875122040409216484e-01,-1.177523400236838054e-02,5.205157393914724429e-01,5.614326004779714996e-01,1.629079977282902048e-01,6.833735140944724451e-01,-1.226538572832050061e-01,1.000000000000000000e+00,4.561365437082156582e-01,-1.886244313933091998e-01,6.570536801473090271e-01
1.112355196038502941e-01,5.372965762184633842e-01,4.375058966065649146e-01,3.696123226766756531e-01,3.467261877303876583e-01,1.367370065153317715e-01,1.986279325048187147e-02,-4.264170360946427651e-01,3.195995906716168067e-01,3.581464099478142149e-01,1.595763384628751669e-01,5.591516215375138543e-01,3.922769828195235564e-01,3.032632726976412507e-01,-2.088715535725673977e-01,2.272739576159665542e-01,-2.270304196991621698e-02,4.424777409192948152e-02,5.826581774244600220e-01,-3.808009898213431388e-01,-6.861852184684505418e-02,5.950709192560350580e-01,5.845176501367220778e-01,3.388408485118801217e-01,-8.458533197024489803e-02,-2.320306992202341434e-01,6.553903593237111469e-01,-3.009088489953127832e-01,-1.996794724649862962e-01,-2.745346465708398687e-01,4.145390446965863673e-01,7.288008057111741156e-01,3.380869670679845784e-01,3.194770563583542167e-01,1.301022550818833196e-02,4.561365437082156582e-01,1.000000000000000000e+00,-3.343997205779604687e-01,5.553390252358063606e-01
5.207721268926499558e-01,-5.526935280220166558e-01,7.594704776172279959e-02,-4.196963859198646341e-01,7.991281060627321298e-02,-1.806798590467291188e-01,-2.609969517988286469e-01,-4.787431404899426118e-02,1.881615080323403855e-01,-5.300279078902375707e-02,-3.161466447725187479e-01,-5.171915250031013933e-01,-5.566883002696286775e-01,1.106672832430081604e-01,6.722316629931691656e-01,2.766172288098346921e-01,4.031269378589688590e-01,4.683426892659228180e-01,-5.313686330879179298e-01,2.366207535291992570e-01,2.996048518032495278e-01,-6.453819046274702487e-01,-5.930829270082715876e-01,1.017776695029655731e-01,5.019651893228848083e-01,8.150185667876439499e-01,-4.814684047154992319e-01,7.527105235846293096e-01,4.510465391784290734e-01,6.882646244126661150e-01,-5.884101702954560587e-01,-6.555309008303890073e-01,1.651660230252290917e-01,-2.066988814052906909e-01,1.293686585453565907e-01,-1.886244313933091998e-01,-3.343997205779604687e-01,1.000000000000000000e+00,-5.234434918152757188e-01
7.033683237867842386e-02,8.830856002322058362e-01,4.517616955566629011e-01,2.532170217388614586e-01,4.355049530453345419e-01,-2.486298570068825875e-01,1.998487219835574091e-01,-4.216099331421791496e-01,4.952587370521025489e-01,5.832413209571247759e-01,5.101755031565254894e-01,8.592572578239177084e-01,4.220282999067077601e-01,4.884843865973123589e-01,-4.760154492691938688e-01,3.613169094136879922e-01,-4.656768561121223948e-01,-3.154736592904714421e-01,8.322879856100419138e-01,-6.316674457235780249e-01,-5.677643154747810117e-01,6.523704253971688294e-01,7.646859410480397745e-01,3.311136015776862118e-01,-1.298289802577482221e-01,-4.780615439044810233e-01,8.192986452501270778e-01,-7.243750128633628105e-01,-6.836967339917309205e-01,-4.435302797492027826e-01,7.348340930603224352e-01,7.641204217434192092e-01,2.223827468887724645e-01,5.955758217852530345e-01,-4.629639955742735902e-01,6.570536801473090271e-01,5.553390252358063606e-01,-5.234434918152757188e-01,1.000000000000000000e+00
