1.000000000000000000e+00,5.701110756167521165e-01,2.308640654848127804e-01,-1.964107150825389336e-01,4.431725217138891559e-01,-1.059361448206170148e-01,-1.265406283656198561e-01,-3.021901331348139097e-01,4.120051198058247155e-01,6.885065796054792298e-01,-2.069900550395039895e-01,5.007709063270825156e-03,-2.618553819020775775e-01,3.016925920206585121e-01,2.319368193264141897e-01,6.617750260030287324e-01,2.487702054465953661e-01,-9.324405442312738712e-02,-4.885865669900002484e-02,-1.693182301825544300e-01,2.142146682863988461e-01,-3.324716832078481593e-02,5.992376486123328627e-01,5.205624809259586927e-01,5.516650409163178503e-01,6.334058942783276080e-01,2.880461924031553766e-01,5.506065830737221223e-01,4.073016572351473297e-01,7.151523407202901028e-01,3.783687066289921352e-01,3.594312767145913749e-03,1.468305610784791659e-01,4.685818026014155202e-01,-1.019255769198287725e-01,9.004297052911058863e-02,-3.622159838078318761e-01,2.524535137752240144e-01,-1.264540278099772486e-02
5.701110756167521165e-01,1.000000000000000000e+00,1.602605778749426335e-01,-3.295737644149050460e-01,3.310078980840776564e-01,2.245975627657620655e-01,-6.926745442791754082e-02,-1.443140112045168122e-01,2.834270354688790960e-01,3.630711202628603695e-01,1.868445264189581567e-01,-3.167258105243261641e-03,-7.288639449068930187e-02,4.706127492832691273e-01,-9.274631545644969333e-02,1.993498843078962413e-01,2.325814677108373474e-01,-1.902641069708236043e-01,-7.819516173536086856e-02,-4.518499060768441794e-02,1.052608362066339287e-01,-5.157910582803254540e-02,3.193886211234516215e-01,2.695579068396817268e-01,3.415439711045126225e-01,4.294699468172293866e-01,2.413048956317843663e-01,2.408384325788845703e-01,6.118290864913504823e-01,5.171119301411559732e-01,2.241920506163983251e-01,3.882834124267268150e-01,3.465767822965534761e-01,1.453663275525890475e-01,3.199211370850849057e-01,3.502154870366747663e-01,1.968123920509923519e-01,2.146254904379047909e-02,1.936923202325601875e-02
2.308640654848127804e-01,1.602605778749426335e-01,1.000000000000000000e+00,3.529152140593522918e-02,6.400334839635954953e-01,-1.556363136107329903e-01,1.035776750313075617e-01,-9.044412162123970367e-01,5.353431633825747049e-01,2.922220781137383483e-01,-2.625415306258725434e-01,2.641436340942142080e-01,-5.130582532035636856e-01,3.684749717894730270e-01,2.860262066563116212e-01,3.811367689852340201e-01,-1.971339522532144506e-01,1.772540739773610929e-01,2.701533154492024025e-01,1.484820089802591780e-01,1.383126896085170310e-01,3.655758935657181241e-01,2.205975487684203040e-01,2.086533175470434431e-01,2.718130899118756383e-01,2.491179256607106707e-01,2.440543379348724118e-01,2.318410558752488637e-01,1.698798631106731294e-01,4.861659254489365534e-01,5.455442135369088508e-01,2.837736816035755782e-01,3.183135037670423717e-01,5.232839007167581213e-01,3.952471751417288570e-02,-3.805715022446742868e-02,7.218700327699574537e-02,2.870792643907991160e-01,2.748445090285610015e-01
-1.964107150825389336e-01,-3.295737644149050460e-01,3.529152140593522918e-02,1.000000000000000000e+00,9.437247777096928469e-02,-2.904590589241741738e-01,2.214554570904749276e-01,1.018861020544722940e-02,1.404677624677720671e-01,6.995407856393008605e-02,-2.511565460221170665e-01,2.860030458074336313e-01,-1.796622009338230130e-01,-1.860227348932759761e-01,2.832374876860928592e-01,5.692638474328814285e-02,-3.036762274314085408e-01,3.968207496873241702e-01,3.411801796115345731e-01,-3.805205708587606345e-02,-2.839212020949615223e-01,1.739726155624140846e-01,-2.104911885985703834e-01,-1.004970073290447352e-01,-2.349973356356234166e-01,-9.121970005047028152e-02,3.955331303141173399e-02,-2.339955733230263679e-01,-3.045160531111260060e-01,-2.760981845114426902e-02,1.496491510018500143e-02,-2.525831831776832390e-02,-5.142921740152305299e-01,1.669597362950413222e-01,-3.693382070147959162e-01,-4.027932228787774183e-02,-2.006072454284863471e-01,1.242940240412719471e-01,1.940775152044144081e-01
4.431725217138891559e-01,3.310078980840776564e-01,6.400334839635954953e-01,9.437247777096928469e-02,1.000000000000000000e+00,-3.145598020131186168e-01,1.900569514890113141e-03,-6.199964378220229611e-01,7.144677288390464120e-01,5.455158008350546872e-01,-3.339740820837440172e-01,3.356862716000991731e-01,-6.560912454080720657e-01,4.432003296645574686e-01,4.049982950311932228e-01,4.935055542644621873e-01,-1.519127533061570001e-01,2.855548463134705561e-01,3.371492072581750987e-01,-6.612857710786676502e-02,-9.848555535635671043e-02,2.700421230158097652e-01,2.820111695311644517e-01,3.348952557311028477e-01,1.784252940368305229e-01,6.066762048307594579e-01,4.778149158061293922e-01,2.979787958380888946e-01,3.474886372423106051e-01,6.157778560440013704e-01,6.550603617293746517e-01,3.369261601731164402e-01,2.044035345174997631e-01,6.710242244065832695e-01,-1.477096722085421976e-01,-5.542497568534848312e-05,-1.771435413528819891e-01,5.255686592705914872e-01,3.736710526494061435e-01
-1.059361448206170148e-01,2.245975627657620655e-01,-1.556363136107329903e-01,-2.904590589241741738e-01,-3.145598020131186168e-01,1.000000000000000000e+00,1.565080816454833545e-01,1.954729389468305156e-01,-4.846176030610366281e-01,-1.376078079745296223e-01,7.987554110358899839e-01,-6.877072592798828543e-01,4.615007383009104291e-01,3.903048304352985109e-01,-7.038846004574151882e-01,-1.529245040444711656e-01,7.013970700044640516e-01,-5.146989432110095075e-01,-5.828008434507239155e-01,1.258560162223820167e-01,2.384489153492349300e-01,-8.212092122543333816e-02,2.122115255934095557e-01,4.719850139596801913e-02,2.464510927085144243e-01,-1.652762150197422120e-01,-4.847569185093500432e-01,2.658835926708220110e-01,1.979578763820439291e-01,-1.751007958021573441e-01,-1.082548865136970101e-01,3.135750240125368104e-05,3.228805839447838055e-01,-6.037837963121709395e-01,7.512780815742460261e-01,2.797339252381966790e-01,5.024103253765604959e-01,-4.966234213791511642e-01,-5.986324233653811389e-01
-1.265406283656198561e-01,-6.926745442791754082e-02,1.035776750313075617e-01,2.214554570904749276e-01,1.900569514890113141e-03,1.565080816454833545e-01,1.000000000000000000e+00,-7.521976943412585215e-02,1.893934323173261658e-02,-3.342479055551414446e-02,2.230957654459720663e-01,-2.703391017081003822e-01,1.262987387037588782e-01,-1.318855933153946676e-02,-1.945034433397039575e-01,3.099335607365057491e-03,7.713333369212943547e-02,-1.816667602975969020e-01,-1.400668240985440682e-01,1.791744736542569549e-01,-1.023255517302951341e-02,1.716667305397466814e-01,-1.041910185721014320e-01,-1.523732770731173192e-01,6.873545869881605985e-02,-1.617320917783723611e-01,-2.416620326762838333e-01,-1.545829934595780754e-02,-1.295711994471063777e-01,-5.346726748731626261e-02,-1.471430933544344392e-02,1.929535087143612743e-02,6.568358291180189171e-03,-1.519318164510780333e-01,2.209944888106903094e-01,-3.297162684175623804e-02,2.798155731821947989e-01,-6.853959089741541721e-02,-1.413617365686906380e-01
-3.021901331348139097e-01,-1.443140112045168122e-01,-9.044412162123970367e-01,1.018861020544722940e-02,-6.199964378220229611e-01,1.954729389468305156e-01,-7.521976943412585215e-02,1.000000000000000000e+00,-5.111168692645440270e-01,-3.454265953019028390e-01,3.195739266293864955e-01,-2.336250219348722235e-01,5.014376644571666430e-01,-2.964546760917930457e-01,-3.233663909245955148e-01,-4.482421884814675739e-01,1.681948463213565337e-01,-1.412179166287614585e-01,-2.278971295004507958e-01,-1.518963361513885890e-01,-2.481932271054805017e-01,-3.652694339186864925e-01,-2.745816711610046812e-01,-2.469939261429757171e-01,-3.332221744357766191e-01,-2.857480387954587364e-01,-2.458342441048854687e-01,-2.918726527277417104e-01,-1.226652718959479055e-01,-5.089993017015762566e-01,-5.492322818100022763e-01,-1.770330045778282235e-01,-3.392995809343704594e-01,-5.453502272331609557e-01,2.543801691230198822e-02,4.298212532749426384e-02,3.450170084469584425e-02,-3.332498268445832079e-01,-2.601642697640162427e-01
4.120051198058247155e-01,2.834270354688790960e-01,5.353431633825747049e-01,1.404677624677720671e-01,7.144677288390464120e-01,-4.846176030610366281e-01,1.893934323173261658e-02,-5.111168692645440270e-01,1.000000000000000000e+00,3.982207448756071022e-01,-4.778843494559451011e-01,5.645692238672483931e-01,-7.004022166756332934e-01,2.204888791727400432e-01,5.657291694411606953e-01,3.741395234388431579e-01,-4.288470137634730617e-01,4.734888703810101185e-01,5.639288557984061256e-01,-1.894540976698586288e-01,-2.374058568401332392e-01,1.516109705967407517e-01,1.289927327930573686e-01,2.071076765481778270e-01,1.355899871090413544e-01,5.116895045014835386e-01,6.384349784844198794e-01,1.284542889714117286e-01,3.403612590511094771e-01,5.863186684517452951e-01,6.193217009230478354e-01,5.203519935712650479e-01,1.283273441547129745e-01,8.077497891593904411e-01,-2.353438122248889819e-01,-1.994896134798312404e-01,-1.063417238029987361e-01,6.196582620255964846e-01,6.801328902213447103e-01
6.885065796054792298e-01,3.630711202628603695e-01,2.922220781137383483e-01,6.995407856393008605e-02,5.455158008350546872e-01,-1.376078079745296223e-01,-3.342479055551414446e-02,-3.454265953019028390e-01,3.982207448756071022e-01,1.000000000000000000e+00,-2.177026744678609016e-01,6.823143778194573628e-02,-3.850323280946007509e-01,3.050442181743301395e-01,2.802616183233997416e-01,8.252213054456059016e-01,1.653502954436594785e-01,1.204004043503616450e-01,1.131181233658745816e-01,6.668452577935685133e-02,2.350471087484184707e-01,2.412618173574795077e-01,4.694604474872523525e-01,4.270869028370576914e-01,3.320575303329187378e-01,6.611038067126859819e-01,4.148085484979665005e-01,5.207172473151849834e-01,1.601398279342233777e-01,6.844973747041295242e-01,4.084391424022982275e-01,-5.705265632308784834e-02,-3.122629631713483289e-02,4.388428723468917880e-01,-2.461554205044072241e-01,3.347905680529261740e-01,-4.866163103467306406e-01,3.339161127998238610e-01,3.101145603469489254e-02
-2.069900550395039895e-01,1.868445264189581567e-01,-2.625415306258725434e-01,-2.511565460221170665e-01,-3.339740820837440172e-01,7.987554110358899839e-01,2.230957654459720663e-01,3.195739266293864955e-01,-4.778843494559451011e-01,-2.177026744678609016e-01,1.000000000000000000e+00,-6.625940735470197129e-01,5.064861333399763854e-01,3.279491853810108104e-01,-8.121143905550981534e-01,-2.769258788876384769e-01,5.802203445097857681e-01,-4.923740654507184344e-01,-5.349693160651999291e-01,9.879521347800422626e-02,6.016599877400085478e-02,-1.618166627195030127e-01,-3.709603873127940293e-03,-1.208596736118377618e-01,4.258735769616687344e-02,-2.814266490002593213e-01,-4.764136373973508198e-01,8.141663724977286909e-02,2.160108926070842539e-01,-2.673157943794404745e-01,-1.898426136915676854e-01,5.717137963313175669e-02,2.562870659711178889e-01,-6.979673076444171675e-01,7.016187837679458417e-01,1.935579790759476282e-01,6.010535275555382029e-01,-5.833274163628503484e-01,-5.862621786002536473e-01
5.007709063270825156e-03,-3.167258105243261641e-03,2.641436340942142080e-01,2.860030458074336313e-01,3.356862716000991731e-01,-6.877072592798828543e-01,-2.703391017081003822e-01,-2.336250219348722235e-01,5.645692238672483931e-01,6.823143778194573628e-02,-6.625940735470197129e-01,1.000000000000000000e+00,-5.669304193825642768e-01,-1.566631529391659672e-01,7.251308340461662949e-01,5.877751045754843993e-03,-7.783028588574506523e-01,7.239200181196534523e-01,7.932009367375928433e-01,-3.105267479700589070e-02,-2.724502964622519396e-01,1.893432485601242166e-01,-3.103610358395801905e-01,-7.241922973875934699e-02,-3.673710899031969457e-01,1.978502608234753712e-01,6.693336034004523372e-01,-3.291628203143166509e-01,3.792139111311844391e-02,2.056537427437709342e-01,1.529660706193547992e-01,3.943261465573520974e-01,-1.916370244159787406e-01,6.350710750725162557e-01,-5.547660834197063462e-01,-5.798190547122433758e-02,-2.828262478445485728e-01,4.327423524045127534e-01,7.937966089367252120e-01
-2.618553819020775775e-01,-7.288639449068930187e-02,-5.130582532035636856e-01,-1.796622009338230130e-01,-6.560912454080720657e-01,4.615007383009104291e-01,1.262987387037588782e-01,5.014376644571666430e-01,-7.004022166756332934e-01,-3.850323280946007509e-01,5.064861333399763854e-01,-5.669304193825642768e-01,1.000000000000000000e+00,-9.281974352740474110e-02,-6.233671924107130335e-01,-3.710946482382821987e-01,3.876998542787620794e-01,-4.814857913327472705e-01,-5.630230666036971643e-01,6.359959072503962307e-02,1.197363800659583255e-01,-3.148779110345726329e-01,-4.511718934588481583e-02,-1.018279927407286650e-01,3.205802704591645402e-02,-4.915315829793734936e-01,-6.502577833531164586e-01,-1.930421076032247940e-01,-8.261805204218426735e-02,-4.068503118789899009e-01,-7.062308986034394609e-01,-3.025889625370874469e-01,4.312805697713504444e-02,-7.450016570771983426e-01,4.039516612630051351e-01,1.031481779177130104e-01,2.767335049962270643e-01,-5.796029180200382713e-01,-5.749526579469622645e-01
3.016925920206585121e-01,4.706127492832691273e-01,3.684749717894730270e-01,-1.860227348932759761e-01,4.432003296645574686e-01,3.903048304352985109e-01,-1.318855933153946676e-02,-2.964546760917930457e-01,2.204888791727400432e-01,3.050442181743301395e-01,3.279491853810108104e-01,-1.566631529391659672e-01,-9.281974352740474110e-02,1.000000000000000000e+00,-2.106437272126268079e-01,2.504385328583172976e-01,3.456640182256716654e-01,-2.895955370048050939e-02,-8.114884133090347063e-02,-5.720121627419830906e-02,-2.663531619411511550e-02,7.701504512323097129e-02,4.020611638317264092e-01,4.663128897215065294e-01,2.994011630720782025e-01,3.667503663249649382e-01,2.741882467587077390e-02,3.404201243728680049e-01,6.311882108374060607e-01,4.244575284525641812e-01,3.023923956504649957e-01,4.361440029718390288e-01,3.862561559643248876e-01,7.313209304249904119e-02,4.832827546697271437e-01,2.756794644613838052e-01,2.387865393190105601e-01,-3.396926178501659399e-02,-1.103651371382356194e-01
2.319368193264141897e-01,-9.274631545644969333e-02,2.860262066563116212e-01,2.832374876860928592e-01,4.049982950311932228e-01,-7.038846004574151882e-01,-1.945034433397039575e-01,-3.233663909245955148e-01,5.657291694411606953e-01,2.802616183233997416e-01,-8.121143905550981534e-01,7.251308340461662949e-01,-6.233671924107130335e-01,-2.106437272126268079e-01,1.000000000000000000e+00,3.258595704625184553e-01,-5.283203728173873071e-01,6.110779770310115211e-01,6.122806157699502982e-01,-5.179089368370627666e-02,-5.167186713067354470e-02,2.849285971313467725e-01,3.347196132989686129e-02,1.689792205079226617e-01,-9.793995488742668343e-02,4.231789967304311895e-01,6.065859135059030738e-01,1.947216296831148774e-02,-1.248664869677834771e-01,3.258785035735046187e-01,2.823592634760544451e-01,1.126443419301763615e-01,-1.951977180826016955e-01,7.595369766748463203e-01,-6.445837617968660505e-01,-7.875826325319339183e-02,-5.586226619186306364e-01,6.698396995336968196e-01,6.726603652262371780e-01
6.617750260030287324e-01,1.993498843078962413e-01,3.811367689852340201e-01,5.692638474328814285e-02,4.935055542644621873e-01,-1.529245040444711656e-01,3.099335607365057491e-03,-4.482421884814675739e-01,3.741395234388431579e-01,8.252213054456059016e-01,-2.769258788876384769e-01,5.877751045754843993e-03,-3.710946482382821987e-01,2.504385328583172976e-01,3.258595704625184553e-01,1.000000000000000000e+00,2.022504255493653702e-01,9.695362533889333168e-02,6.535568714473349861e-02,8.542610722242362231e-02,3.059098291998448294e-01,2.947414035522668563e-01,5.796189606604706945e-01,4.462256865147493090e-01,4.254894092212271883e-01,6.400620923889007718e-01,3.204221620862821029e-01,6.075073654367332265e-01,2.339409500215963375e-02,6.488034299721023856e-01,3.878788408406369514e-01,-1.135667311086571013e-01,-4.026009205743328462e-02,4.621984261163818997e-01,-2.457623137785525103e-01,2.142732417611361573e-01,-4.861705813508959140e-01,3.947944457600884860e-01,1.556831944225843881e-02
2.487702054465953661e-01,2.325814677108373474e-01,-1.971339522532144506e-01,-3.036762274314085408e-01,-1.519127533061570001e-01,7.013970700044640516e-01,7.713333369212943547e-02,1.681948463213565337e-01,-4.288470137634730617e-01,1.653502954436594785e-01,5.802203445097857681e-01,-7.783028588574506523e-01,3.876998542787620794e-01,3.456640182256716654e-01,-5.283203728173873071e-01,2.022504255493653702e-01,1.000000000000000000e+00,-6.208866098985252879e-01,-7.220063637569568149e-01,-3.967179695546551449e-02,3.571593052830421278e-01,-1.092808425362880448e-01,5.527618543338074231e-01,3.452009704109837984e-01,4.432608894373239461e-01,1.528602179123763338e-01,-4.717230589567995014e-01,5.361892704530381026e-01,1.216124174412128028e-01,5.786401476102988328e-02,-2.297719683757201009e-02,-2.906654517324703257e-01,1.704224114769855580e-01,-4.180581614707041815e-01,5.038737908644126406e-01,2.181809361027576000e-01,8.000652553347616103e-02,-3.163799772026686385e-01,-7.253983484506689727e-01
-9.324405442312738712e-02,-1.902641069708236043e-01,1.772540739773610929e-01,3.968207496873241702e-01,2.855548463134705561e-01,-5.146989432110095075e-01,-1.816667602975969020e-01,-1.412179166287614585e-01,4.734888703810101185e-01,1.204004043503616450e-01,-4.923740654507184344e-01,7.239200181196534523e-01,-4.814857913327472705e-01,-2.895955370048050939e-02,6.110779770310115211e-01,9.695362533889333168e-02,-6.208866098985252879e-01,1.000000000000000000e+00,8.179863152736569498e-01,-1.165194309943201889e-01,-3.366188860507446923e-01,8.378619526332746481e-02,-2.473046335883650471e-01,2.057895760346225428e-02,-3.552163216048190852e-01,2.691807527002044731e-01,6.080377989195923094e-01,-1.270162417905515984e-01,5.487262365850473916e-02,7.644596473830646277e-02,1.697266561452037137e-01,3.794600634156984342e-01,-2.371673328052894547e-01,4.749472869022643429e-01,-5.064520243502727004e-01,-6.222383423324018802e-03,-3.267697456359947572e-01,4.916050493144685229e-01,7.288868713891382134e-01
-4.885865669900002484e-02,-7.819516173536086856e-02,2.701533154492024025e-01,3.411801796115345731e-01,3.371492072581750987e-01,-5.828008434507239155e-01,-1.400668240985440682e-01,-2.278971295004507958e-01,5.639288557984061256e-01,1.131181233658745816e-01,-5.349693160651999291e-01,7.932009367375928433e-01,-5.630230666036971643e-01,-8.114884133090347063e-02,6.122806157699502982e-01,6.535568714473349861e-02,-7.220063637569568149e-01,8.179863152736569498e-01,1.000000000000000000e+00,-6.196475228796736318e-02,-3.137851221522947043e-01,1.262740721142019129e-01,-3.185169430096244647e-01,-1.028232953326759375e-01,-3.716353865454186667e-01,2.086350690293030385e-01,6.769392385530631495e-01,-2.245519291071411683e-01,6.204973226138853909e-02,1.434404102295711303e-01,2.015801100318389549e-01,4.346143723345177734e-01,-1.955140658456635261e-01,5.475915766114292094e-01,-5.004441984046118508e-01,-5.619157632876620873e-02,-2.293870024642350458e-01,4.296494184776481484e-01,7.855485349993938105e-01
-1.693182301825544300e-01,-4.518499060768441794e-02,1.484820089802591780e-01,-3.805205708587606345e-02,-6.612857710786676502e-02,1.258560162223820167e-01,1.791744736542569549e-01,-1.518963361513885890e-01,-1.894540976698586288e-01,6.668452577935685133e-02,9.879521347800422626e-02,-3.105267479700589070e-02,6.359959072503962307e-02,-5.720121627419830906e-02,-5.179089368370627666e-02,8.542610722242362231e-02,-3.967179695546551449e-02,-1.165194309943201889e-01,-6.196475228796736318e-02,1.000000000000000000e+00,4.620233206874200249e-01,7.069795655048679572e-01,-2.295633250227367694e-01,-2.537227296415774935e-01,-1.315499397190814934e-01,-1.731189602594764010e-01,-2.089507923991797134e-02,-1.243337035579601263e-01,-3.452283895126416757e-01,-1.786140021007713921e-02,-2.061424541499052854e-01,-3.953134074904858519e-02,7.653151531560707654e-02,-1.780230008043500178e-01,8.757697320764877558e-02,4.465850376318954984e-01,1.400945711495674151e-01,-1.278133080851112102e-01,-1.109414984777969959e-01
2.142146682863988461e-01,1.052608362066339287e-01,1.383126896085170310e-01,-2.839212020949615223e-01,-9.848555535635671043e-02,2.384489153492349300e-01,-1.023255517302951341e-02,-2.481932271054805017e-01,-2.374058568401332392e-01,2.350471087484184707e-01,6.016599877400085478e-02,-2.724502964622519396e-01,1.197363800659583255e-01,-2.663531619411511550e-02,-5.167186713067354470e-02,3.059098291998448294e-01,3.571593052830421278e-01,-3.366188860507446923e-01,-3.137851221522947043e-01,4.620233206874200249e-01,1.000000000000000000e+00,4.135209300581514924e-01,2.788456433703828119e-01,1.693150330062954956e-01,2.905903437107531517e-01,1.124280389526600421e-01,-7.952914625414912730e-02,3.780736481397911630e-01,-2.399567657121744191e-01,1.503372820483952488e-01,-8.589602623908165757e-02,-3.101613727924198427e-01,3.015647556671044449e-01,-8.842892619072148519e-02,1.197427854589058344e-01,3.338847102048526083e-01,-1.281478585924700486e-01,-1.099976245765890530e-02,-2.847322941316038913e-01
-3.324716832078481593e-02,-5.157910582803254540e-02,3.655758935657181241e-01,1.739726155624140846e-01,2.700421230158097652e-01,-8.212092122543333816e-02,1.716667305397466814e-01,-3.652694339186864925e-01,1.516109705967407517e-01,2.412618173574795077e-01,-1.618166627195030127e-01,1.893432485601242166e-01,-3.148779110345726329e-01,7.701504512323097129e-02,2.849285971313467725e-01,2.947414035522668563e-01,-1.092808425362880448e-01,8.378619526332746481e-02,1.262740721142019129e-01,7.069795655048679572e-01,4.135209300581514924e-01,1.000000000000000000e+00,-3.402758283074924783e-02,-4.257066451070575658e-02,-6.278863823209744621e-02,8.452063238347348739e-02,1.595501984218801461e-01,2.428709481045068178e-03,-3.316377952706808241e-01,1.917849557511806524e-01,7.157264834737393777e-02,7.073624751626308993e-02,3.005284728947578421e-02,2.239500596974826896e-01,-8.696341517957505152e-02,3.587472390998879823e-01,-6.763637087715392016e-02,1.843969050131106513e-01,1.264519897672220228e-01
5.992376486123328627e-01,3.193886211234516215e-01,2.205975487684203040e-01,-2.104911885985703834e-01,2.820111695311644517e-01,2.122115255934095557e-01,-1.041910185721014320e-01,-2.745816711610046812e-01,1.289927327930573686e-01,4.694604474872523525e-01,-3.709603873127940293e-03,-3.103610358395801905e-01,-4.511718934588481583e-02,4.020611638317264092e-01,3.347196132989686129e-02,5.796189606604706945e-01,5.527618543338074231e-01,-2.473046335883650471e-01,-3.185169430096244647e-01,-2.295633250227367694e-01,2.788456433703828119e-01,-3.402758283074924783e-02,1.000000000000000000e+00,7.039444808071593229e-01,7.045971377023593218e-01,5.048693787437728009e-01,-3.924463067555793161e-02,6.694747275191580416e-01,2.515966722792419841e-01,4.880713214705490466e-01,3.307709120231541733e-01,-1.574284249943778136e-01,2.405715736635888058e-01,2.228709643611815061e-01,1.823460708760840654e-01,6.281469480148782480e-02,-2.129668892886610876e-01,1.905186177853030460e-01,-2.182320138661096032e-01
5.205624809259586927e-01,2.695579068396817268e-01,2.086533175470434431e-01,-1.004970073290447352e-01,3.348952557311028477e-01,4.719850139596801913e-02,-1.523732770731173192e-01,-2.469939261429757171e-01,2.071076765481778270e-01,4.270869028370576914e-01,-1.208596736118377618e-01,-7.241922973875934699e-02,-1.018279927407286650e-01,4.663128897215065294e-01,1.689792205079226617e-01,4.462256865147493090e-01,3.452009704109837984e-01,2.057895760346225428e-02,-1.028232953326759375e-01,-2.537227296415774935e-01,1.693150330062954956e-01,-4.257066451070575658e-02,7.039444808071593229e-01,1.000000000000000000e+00,4.775367598429706151e-01,5.697383418705830316e-01,1.212993404327261798e-01,5.175039325603425500e-01,3.638177893148225595e-01,4.567605175191725153e-01,2.650907059471964700e-01,-5.280337936870205078e-03,2.654200085186408931e-01,3.202510587486093740e-01,2.818698262656620449e-02,9.322177271206760762e-02,-3.228758813091361368e-01,2.549115481670815586e-01,-1.503036596199823147e-02
5.516650409163178503e-01,3.415439711045126225e-01,2.718130899118756383e-01,-2.349973356356234166e-01,1.784252940368305229e-01,2.464510927085144243e-01,6.873545869881605985e-02,-3.332221744357766191e-01,1.355899871090413544e-01,3.320575303329187378e-01,4.258735769616687344e-02,-3.673710899031969457e-01,3.205802704591645402e-02,2.994011630720782025e-01,-9.793995488742668343e-02,4.254894092212271883e-01,4.432608894373239461e-01,-3.552163216048190852e-01,-3.716353865454186667e-01,-1.315499397190814934e-01,2.905903437107531517e-01,-6.278863823209744621e-02,7.045971377023593218e-01,4.775367598429706151e-01,1.000000000000000000e+00,2.813136686788668128e-01,-1.460044582751256759e-01,5.598853512736128302e-01,2.148039617706233861e-01,3.819049722229554966e-01,3.445215343043595002e-01,-2.021281434663800280e-01,3.069789579955087833e-01,1.466981926268174086e-01,2.668037847782666616e-01,6.534064085616820942e-03,-9.798444755995668748e-03,1.336216088475649655e-01,-2.115731051004008656e-01
6.334058942783276080e-01,4.294699468172293866e-01,2.491179256607106707e-01,-9.121970005047028152e-02,6.066762048307594579e-01,-1.652762150197422120e-01,-1.617320917783723611e-01,-2.857480387954587364e-01,5.116895045014835386e-01,6.611038067126859819e-01,-2.814266490002593213e-01,1.978502608234753712e-01,-4.915315829793734936e-01,3.667503663249649382e-01,4.231789967304311895e-01,6.400620923889007718e-01,1.528602179123763338e-01,2.691807527002044731e-01,2.086350690293030385e-01,-1.731189602594764010e-01,1.124280389526600421e-01,8.452063238347348739e-02,5.048693787437728009e-01,5.697383418705830316e-01,2.813136686788668128e-01,1.000000000000000000e+00,5.687444696733297000e-01,5.908083490108291258e-01,4.011195097557165856e-01,6.103942266496720226e-01,4.822764961655345850e-01,1.975271077920603413e-01,1.263331899823311177e-01,5.533628528258014434e-01,-1.893307187280041382e-01,1.670886964232391747e-01,-4.201793805886454569e-01,6.143168997718928548e-01,2.746503485456783800e-01
2.880461924031553766e-01,2.413048956317843663e-01,2.440543379348724118e-01,3.955331303141173399e-02,4.778149158061293922e-01,-4.847569185093500432e-01,-2.416620326762838333e-01,-2.458342441048854687e-01,6.384349784844198794e-01,4.148085484979665005e-01,-4.764136373973508198e-01,6.693336034004523372e-01,-6.502577833531164586e-01,2.741882467587077390e-02,6.065859135059030738e-01,3.204221620862821029e-01,-4.717230589567995014e-01,6.080377989195923094e-01,6.769392385530631495e-01,-2.089507923991797134e-02,-7.952914625414912730e-02,1.595501984218801461e-01,-3.924463067555793161e-02,1.212993404327261798e-01,-1.460044582751256759e-01,5.687444696733297000e-01,1.000000000000000000e+00,1.159054182806011635e-01,2.009200971651611545e-01,3.845264598488349894e-01,3.656899725451995820e-01,4.007155357139570717e-01,5.370714755900898862e-02,6.330391441382385853e-01,-4.347073660794602001e-01,6.799461448158047872e-02,-3.192741461554149951e-01,5.730655063331362431e-01,6.807149821862006345e-01
5.506065830737221223e-01,2.408384325788845703e-01,2.318410558752488637e-01,-2.339955733230263679e-01,2.979787958380888946e-01,2.658835926708220110e-01,-1.545829934595780754e-02,-2.918726527277417104e-01,1.284542889714117286e-01,5.207172473151849834e-01,8.141663724977286909e-02,-3.291628203143166509e-01,-1.930421076032247940e-01,3.404201243728680049e-01,1.947216296831148774e-02,6.075073654367332265e-01,5.361892704530381026e-01,-1.270162417905515984e-01,-2.245519291071411683e-01,-1.243337035579601263e-01,3.780736481397911630e-01,2.428709481045068178e-03,6.694747275191580416e-01,5.175039325603425500e-01,5.598853512736128302e-01,5.908083490108291258e-01,1.159054182806011635e-01,1.000000000000000000e+00,1.796850938047097890e-01,3.736220067041612913e-01,4.295014856470237841e-01,-1.533114669283099085e-01,2.660874582088249563e-01,2.110500430407308281e-01,1.048132420875221432e-01,5.742446465225704844e-02,-2.334232306566009774e-01,2.517577530090889248e-01,-2.090986600199236656e-01
4.073016572351473297e-01,6.118290864913504823e-01,1.698798631106731294e-01,-3.045160531111260060e-01,3.474886372423106051e-01,1.979578763820439291e-01,-1.295711994471063777e-01,-1.226652718959479055e-01,3.403612590511094771e-01,1.601398279342233777e-01,2.160108926070842539e-01,3.792139111311844391e-02,-8.261805204218426735e-02,6.311882108374060607e-01,-1.248664869677834771e-01,2.339409500215963375e-02,1.216124174412128028e-01,5.487262365850473916e-02,6.204973226138853909e-02,-3.452283895126416757e-01,-2.399567657121744191e-01,-3.316377952706808241e-01,2.515966722792419841e-01,3.638177893148225595e-01,2.148039617706233861e-01,4.011195097557165856e-01,2.009200971651611545e-01,1.796850938047097890e-01,1.000000000000000000e+00,4.006347578672093679e-01,2.883976607687323557e-01,5.649626472118871590e-01,4.266162799818545848e-01,1.527620609654390116e-01,3.605863707136164886e-01,1.879488406834071285e-02,2.265446649310917659e-01,1.976315133806226879e-02,1.047982187274570376e-01
7.151523407202901028e-01,5.171119301411559732e-01,4.861659254489365534e-01,-2.760981845114426902e-02,6.157778560440013704e-01,-1.751007958021573441e-01,-5.346726748731626261e-02,-5.089993017015762566e-01,5.863186684517452951e-01,6.844973747041295242e-01,-2.673157943794404745e-01,2.056537427437709342e-01,-4.068503118789899009e-01,4.244575284525641812e-01,3.258785035735046187e-01,6.488034299721023856e-01,5.786401476102988328e-02,7.644596473830646277e-02,1.434404102295711303e-01,-1.786140021007713921e-02,1.503372820483952488e-01,1.917849557511806524e-01,4.880713214705490466e-01,4.567605175191725153e-01,3.819049722229554966e-01,6.103942266496720226e-01,3.845264598488349894e-01,3.736220067041612913e-01,4.006347578672093679e-01,1.000000000000000000e+00,4.061578378743542772e-01,2.838190866160265058e-01,1.668850005684014703e-01,5.655871223271766723e-01,-4.052217335490512773e-02,1.754481429649795698e-01,-2.105396951266634564e-01,3.100812979922725754e-01,1.578921291054920517e-01
3.783687066289921352e-01,2.241920506163983251e-01,5.455442135369088508e-01,1.496491510018500143e-02,6.550603617293746517e-01,-1.082548865136970101e-01,-1.471430933544344392e-02,-5.492322818100022763e-01,6.193217009230478354e-01,4.084391424022982275e-01,-1.898426136915676854e-01,1.529660706193547992e-01,-7.062308986034394609e-01,3.023923956504649957e-01,2.823592634760544451e-01,3.878788408406369514e-01,-2.297719683757201009e-02,1.697266561452037137e-01,2.015801100318389549e-01,-2.061424541499052854e-01,-8.589602623908165757e-02,7.157264834737393777e-02,3.307709120231541733e-01,2.650907059471964700e-01,3.445215343043595002e-01,4.822764961655345850e-01,3.656899725451995820e-01,4.295014856470237841e-01,2.883976607687323557e-01,4.061578378743542772e-01,1.000000000000000000e+00,2.087650800116851169e-01,2.142001406283008669e-01,5.643432330105149219e-01,-6.288535762797894946e-02,-1.697873071888698904e-01,-6.297846599438197690e-02,4.626324250071908728e-01,2.952208190317608949e-01
3.594312767145913749e-03,3.882834124267268150e-01,2.837736816035755782e-01,-2.525831831776832390e-02,3.369261601731164402e-01,3.135750240125368104e-05,1.929535087143612743e-02,-1.770330045778282235e-01,5.203519935712650479e-01,-5.705265632308784834e-02,5.717137963313175669e-02,3.943261465573520974e-01,-3.025889625370874469e-01,4.361440029718390288e-01,1.126443419301763615e-01,-1.135667311086571013e-01,-2.906654517324703257e-01,3.794600634156984342e-01,4.346143723345177734e-01,-3.953134074904858519e-02,-3.101613727924198427e-01,7.073624751626308993e-02,-1.574284249943778136e-01,-5.280337936870205078e-03,-2.021281434663800280e-01,1.975271077920603413e-01,4.007155357139570717e-01,-1.533114669283099085e-01,5.649626472118871590e-01,2.838190866160265058e-01,2.087650800116851169e-01,1.000000000000000000e+00,2.695089571835839193e-01,2.588591726858169850e-01,2.645046781362775934e-01,5.997547278546696420e-02,3.924405059248933236e-01,1.355002229139345982e-01,4.873529630552019265e-01
1.468305610784791659e-01,3.465767822965534761e-01,3.183135037670423717e-01,-5.142921740152305299e-01,2.044035345174997631e-01,3.228805839447838055e-01,6.568358291180189171e-03,-3.392995809343704594e-01,1.283273441547129745e-01,-3.122629631713483289e-02,2.562870659711178889e-01,-1.916370244159787406e-01,4.312805697713504444e-02,3.862561559643248876e-01,-1.951977180826016955e-01,-4.026009205743328462e-02,1.704224114769855580e-01,-2.371673328052894547e-01,-1.955140658456635261e-01,7.653151531560707654e-02,3.015647556671044449e-01,3.005284728947578421e-02,2.405715736635888058e-01,2.654200085186408931e-01,3.069789579955087833e-01,1.263331899823311177e-01,5.370714755900898862e-02,2.660874582088249563e-01,4.266162799818545848e-01,1.668850005684014703e-01,2.142001406283008669e-01,2.695089571835839193e-01,1.000000000000000000e+00,3.957808813634517558e-02,4.772371952551145990e-01,-4.940326187388429519e-02,3.804349159788251167e-01,3.989748391790792770e-02,1.171805737004940652e-02
4.685818026014155202e-01,1.453663275525890475e-01,5.232839007167581213e-01,1.669597362950413222e-01,6.710242244065832695e-01,-6.037837963121709395e-01,-1.519318164510780333e-01,-5.453502272331609557e-01,8.077497891593904411e-01,4.388428723468917880e-01,-6.979673076444171675e-01,6.350710750725162557e-01,-7.450016570771983426e-01,7.313209304249904119e-02,7.595369766748463203e-01,4.621984261163818997e-01,-4.180581614707041815e-01,4.749472869022643429e-01,5.475915766114292094e-01,-1.780230008043500178e-01,-8.842892619072148519e-02,2.239500596974826896e-01,2.228709643611815061e-01,3.202510587486093740e-01,1.466981926268174086e-01,5.533628528258014434e-01,6.330391441382385853e-01,2.110500430407308281e-01,1.527620609654390116e-01,5.655871223271766723e-01,5.643432330105149219e-01,2.588591726858169850e-01,3.957808813634517558e-02,1.000000000000000000e+00,-4.677094556036942019e-01,-2.084124576056780864e-01,-4.111538670557230435e-01,6.524109519882050900e-01,6.508828274385076718e-01
-1.019255769198287725e-01,3.199211370850849057e-01,3.952471751417288570e-02,-3.693382070147959162e-01,-1.477096722085421976e-01,7.512780815742460261e-01,2.209944888106903094e-01,2.543801691230198822e-02,-2.353438122248889819e-01,-2.461554205044072241e-01,7.016187837679458417e-01,-5.547660834197063462e-01,4.039516612630051351e-01,4.832827546697271437e-01,-6.445837617968660505e-01,-2.457623137785525103e-01,5.038737908644126406e-01,-5.064520243502727004e-01,-5.004441984046118508e-01,8.757697320764877558e-02,1.197427854589058344e-01,-8.696341517957505152e-02,1.823460708760840654e-01,2.818698262656620449e-02,2.668037847782666616e-01,-1.893307187280041382e-01,-4.347073660794602001e-01,1.048132420875221432e-01,3.605863707136164886e-01,-4.052217335490512773e-02,-6.288535762797894946e-02,2.645046781362775934e-01,4.772371952551145990e-01,-4.677094556036942019e-01,1.000000000000000000e+00,1.540346357634623242e-01,7.218716318050201197e-01,-4.043142905942512244e-01,-4.051364828442055033e-01
9.004297052911058863e-02,3.502154870366747663e-01,-3.805715022446742868e-02,-4.027932228787774183e-02,-5.542497568534848312e-05,2.797339252381966790e-01,-3.297162684175623804e-02,4.298212532749426384e-02,-1.994896134798312404e-01,3.347905680529261740e-01,1.935579790759476282e-01,-5.798190547122433758e-02,1.031481779177130104e-01,2.756794644613838052e-01,-7.875826325319339183e-02,2.142732417611361573e-01,2.181809361027576000e-01,-6.222383423324018802e-03,-5.619157632876620873e-02,4.465850376318954984e-01,3.338847102048526083e-01,3.587472390998879823e-01,6.281469480148782480e-02,9.322177271206760762e-02,6.534064085616820942e-03,1.670886964232391747e-01,6.799461448158047872e-02,5.742446465225704844e-02,1.879488406834071285e-02,1.754481429649795698e-01,-1.697873071888698904e-01,5.997547278546696420e-02,-4.940326187388429519e-02,-2.084124576056780864e-01,1.540346357634623242e-01,1.000000000000000000e+00,-4.398057910933172998e-02,-7.016823666180510566e-02,-1.350469355973698549e-01
-3.622159838078318761e-01,1.968123920509923519e-01,7.218700327699574537e-02,-2.006072454284863471e-01,-1.771435413528819891e-01,5.024103253765604959e-01,2.798155731821947989e-01,3.450170084469584425e-02,-1.063417238029987361e-01,-4.866163103467306406e-01,6.010535275555382029e-01,-2.828262478445485728e-01,2.767335049962270643e-01,2.387865393190105601e-01,-5.586226619186306364e-01,-4.861705813508959140e-01,8.000652553347616103e-02,-3.267697456359947572e-01,-2.293870024642350458e-01,1.400945711495674151e-01,-1.281478585924700486e-01,-6.763637087715392016e-02,-2.129668892886610876e-01,-3.228758813091361368e-01,-9.798444755995668748e-03,-4.201793805886454569e-01,-3.192741461554149951e-01,-2.334232306566009774e-01,2.265446649310917659e-01,-2.105396951266634564e-01,-6.297846599438197690e-02,3.924405059248933236e-01,3.804349159788251167e-01,-4.111538670557230435e-01,7.218716318050201197e-01,-4.398057910933172998e-02,1.000000000000000000e+00,-3.614830359086285694e-01,-1.473976052223248956e-01
2.524535137752240144e-01,2.146254904379047909e-02,2.870792643907991160e-01,1.242940240412719471e-01,5.255686592705914872e-01,-4.966234213791511642e-01,-6.853959089741541721e-02,-3.332498268445832079e-01,6.196582620255964846e-01,3.339161127998238610e-01,-5.833274163628503484e-01,4.327423524045127534e-01,-5.796029180200382713e-01,-3.396926178501659399e-02,6.698396995336968196e-01,3.947944457600884860e-01,-3.163799772026686385e-01,4.916050493144685229e-01,4.296494184776481484e-01,-1.278133080851112102e-01,-1.099976245765890530e-02,1.843969050131106513e-01,1.905186177853030460e-01,2.549115481670815586e-01,1.336216088475649655e-01,6.143168997718928548e-01,5.730655063331362431e-01,2.517577530090889248e-01,1.976315133806226879e-02,3.100812979922725754e-01,4.626324250071908728e-01,1.355002229139345982e-01,3.989748391790792770e-02,6.524109519882050900e-01,-4.043142905942512244e-01,-7.016823666180510566e-02,-3.614830359086285694e-01,1.000000000000000000e+00,6.337045123436019223e-01
-1.264540278099772486e-02,1.936923202325601875e-02,2.748445090285610015e-01,1.940775152044144081e-01,3.736710526494061435e-01,-5.986324233653811389e-01,-1.413617365686906380e-01,-2.601642697640162427e-01,6.801328902213447103e-01,3.101145603469489254e-02,-5.862621786002536473e-01,7.937966089367252120e-01,-5.749526579469622645e-01,-1.103651371382356194e-01,6.726603652262371780e-01,1.556831944225843881e-02,-7.253983484506689727e-01,7.288868713891382134e-01,7.855485349993938105e-01,-1.109414984777969959e-01,-2.847322941316038913e-01,1.264519897672220228e-01,-2.182320138661096032e-01,-1.503036596199823147e-02,-2.115731051004008656e-01,2.746503485456783800e-01,6.807149821862006345e-01,-2.090986600199236656e-01,1.047982187274570376e-01,1.578921291054920517e-01,2.952208190317608949e-01,4.873529630552019265e-01,1.171805737004940652e-02,6.508828274385076718e-01,-4.051364828442055033e-01,-1.350469355973698549e-01,-1.473976052223248956e-01,6.337045123436019223e-01,1.000000000000000000e+00
