1.000000000000000000e+00,8.529018162112257384e-01,4.490087216681168392e-01,-1.833304444578764680e-01,5.878365144352537541e-01,1.572650792702365852e-01,-2.166174635446353747e-01,-4.713542500555674697e-01,6.802365564988924751e-01,7.285460151445223298e-01,4.391070910497271718e-01,3.464130041928128456e-01,-4.981300995609684867e-01,6.392726444231673355e-01,2.125034685379507682e-01,7.799371058192979822e-01,3.901790374584859777e-01,1.402687081392486601e-01,1.961272546254794191e-01,-2.127384815980256638e-01,3.910054770594213469e-01,3.929938104772673357e-01,7.226510568474459051e-01,6.140042200316908616e-01,6.623006150461068220e-01,7.093366998075666396e-01,4.804563634514125159e-01,5.310956837861052771e-01,4.858191906352836709e-01,8.067622798633291570e-01,4.695252984196739976e-01,5.462777831767418046e-01,4.956038580032844920e-01,3.924180776614462074e-01,2.390714931426863032e-01,8.137540029201748570e-01,3.420753384458710689e-01,6.616142236250831532e-01,6.322229273998496435e-01
8.529018162112257384e-01,1.000000000000000000e+00,3.919412374806487964e-01,-2.610848008375414864e-01,5.285296268547430287e-01,3.344465968504323761e-01,-2.298651190810238887e-01,-5.036016780363196110e-01,6.071058697599058807e-01,7.943245329820958212e-01,5.237106823249948473e-01,3.055582786778661131e-01,-4.311196016562195421e-01,7.320773496631285404e-01,3.115517449663201405e-02,7.825244419193151391e-01,4.471829820613496542e-01,4.434136039312759625e-02,7.393151600560389503e-02,-3.589992950401266203e-01,5.023263191907476610e-01,4.156350599080717578e-01,7.279014065120716914e-01,6.682203768946026745e-01,6.926487746505345378e-01,7.248513763917528996e-01,6.193592487305952243e-01,4.856911309506243835e-01,6.387561326032440423e-01,7.324536077334559137e-01,6.091776751567221648e-01,7.034044002392302319e-01,6.379477189372103618e-01,1.905857851828770266e-01,3.968399984153480053e-01,8.028804820723519642e-01,5.296523142828025721e-01,6.062516182931710906e-01,6.131433308301789120e-01
4.490087216681168392e-01,3.919412374806487964e-01,1.000000000000000000e+00,4.471258190652815934e-01,7.933049208669397112e-01,-4.473504806716714632e-02,3.159057345782145809e-01,-7.831833546389317391e-01,6.760173389395216503e-01,5.222884302144504831e-01,1.047195924094236480e-01,5.640581457765223572e-01,-6.827152509396943181e-01,4.859549220605878239e-01,5.058106319474721113e-01,5.960831268024477936e-01,1.155618508045672399e-01,5.499499908630471889e-01,7.571914226805943615e-01,-6.233636789175833748e-02,6.425165518208372228e-01,6.833660602993150146e-01,4.956054469109886229e-01,4.302948725257420559e-01,3.024492697539109543e-01,6.161607130855139003e-01,5.697193994089911895e-01,8.323211885650728670e-01,3.239832649406001325e-02,6.215859615184048392e-01,6.252881413667303878e-01,1.273006284337423188e-01,5.451570576881933361e-01,6.575401097211609480e-01,9.732926216618049964e-02,5.331737753801845114e-01,1.297447973979179436e-01,4.243555744579089462e-01,4.444953455256359098e-01
-1.833304444578764680e-01,-2.610848008375414864e-01,4.471258190652815934e-01,1.000000000000000000e+00,9.085600174741163826e-02,-1.469950971027604580e-01,7.046673393999760560e-01,-1.345275685760384810e-01,-5.642481560863091272e-02,-3.619212665577550836e-02,-4.663923876356131371e-01,3.032393588755648017e-01,-2.134903753618404287e-01,-1.723114692208293774e-01,4.092207196793101742e-01,7.624480990003772163e-02,-4.614970719858992321e-01,6.387245334737008395e-01,6.076022046895530604e-01,4.652310989485594073e-01,2.950863786268142497e-01,4.056680534545903938e-01,-2.107331119551842658e-01,-6.388909873712717014e-02,-3.340081608196311391e-01,2.185414699147134043e-02,8.113710134010759800e-02,3.427092480620157477e-01,-2.885217664600193688e-01,-6.410804723736866426e-03,1.830257443364909642e-01,-3.315028097202474822e-01,1.346816401112431449e-01,2.428233860710460601e-01,2.254331253483235487e-02,-1.642118459632623331e-02,-3.997745577308355752e-02,-2.492710559026927175e-01,-2.013603100547459723e-01
5.878365144352537541e-01,5.285296268547430287e-01,7.933049208669397112e-01,9.085600174741163826e-02,1.000000000000000000e+00,-1.875995813704194395e-02,1.893034637357996972e-02,-8.057830194576789395e-01,7.905427951119327057e-01,5.782514461540809725e-01,3.449964407184890058e-01,4.045485106862135583e-01,-6.385508327198913259e-01,5.943317775973727679e-01,2.965383828416172096e-01,6.041139366775417630e-01,3.523776335139837679e-01,2.448075567433207478e-01,5.251461834964186171e-01,-3.147889640815048073e-01,4.663643161211548649e-01,4.522441385453450646e-01,6.338798851146288937e-01,4.565418035275304320e-01,5.341188089657040727e-01,5.903994696678684928e-01,5.031187077684730058e-01,6.858554084502264114e-01,1.430366040344295819e-01,6.926647266195985475e-01,5.328200017450078763e-01,2.670773720089222869e-01,4.500741885855648605e-01,6.671621838111497782e-01,3.859558780095105612e-02,5.812939409559979564e-01,1.041378891372758686e-01,5.831627603960392037e-01,6.067194297531280922e-01
1.572650792702365852e-01,3.344465968504323761e-01,-4.473504806716714632e-02,-1.469950971027604580e-01,-1.875995813704194395e-02,1.000000000000000000e+00,7.239059818859971962e-02,-5.227761896405092035e-02,-8.757589561671449974e-02,3.959487769626804377e-01,3.355988567179120086e-01,-2.550122136373017198e-02,-8.577058777053851724e-02,5.414927324188115731e-01,-2.719430709205071239e-01,2.594385449486864559e-01,1.663955676765184188e-01,-7.703691748043971221e-02,-2.878869118465428034e-01,-2.463141120386490579e-01,2.928281184809984894e-01,7.447346441870540679e-02,1.247468697470517918e-01,5.702774331606351721e-01,3.403384295302152585e-01,3.480810164416312524e-01,3.338068224581720034e-01,7.601956616007519985e-02,7.796821789181187512e-01,9.228620118382914461e-02,4.414792759984896287e-01,6.776257727634397154e-01,5.748016082943356864e-01,-3.970909262160154385e-01,8.028830476645391068e-01,3.531762229146047649e-01,7.699372395558931048e-01,8.114809670432591993e-02,6.778337466880861306e-02
-2.166174635446353747e-01,-2.298651190810238887e-01,3.159057345782145809e-01,7.046673393999760560e-01,1.893034637357996972e-02,7.239059818859971962e-02,1.000000000000000000e+00,-1.466688590559655780e-01,-2.391826414701565262e-01,-3.905315642989101721e-02,-2.638565576218920294e-01,-1.280802565034298568e-01,-5.309028392664320861e-02,-1.405794433941821020e-01,6.779164129472982359e-02,-2.387256084060756112e-03,-3.244908368282626854e-01,3.265513368903892322e-01,2.810156580227884393e-01,2.638124454971782495e-01,2.687631365819663776e-01,1.496931485950321050e-01,-2.678377572616762459e-01,-2.385532953590136646e-02,-2.279217723825882613e-01,-4.899522369704508579e-02,-6.123696107449629056e-02,1.558988729106651761e-01,-1.077990044104733536e-01,-5.263039645804656191e-02,1.260670878673494644e-01,-2.646189868611973917e-01,1.181126285885133742e-01,-2.128790586360234868e-02,1.941223503405540840e-01,-7.060426168913953859e-02,-2.273378966732826634e-02,-3.571645400641316193e-01,-3.949184939551428353e-01
-4.713542500555674697e-01,-5.036016780363196110e-01,-7.831833546389317391e-01,-1.345275685760384810e-01,-8.057830194576789395e-01,-5.227761896405092035e-02,-1.466688590559655780e-01,1.000000000000000000e+00,-6.388478931252170590e-01,-5.872266487964624693e-01,-3.832716332788773661e-01,-2.699572400941213646e-01,5.252417134831458556e-01,-5.848448845993503564e-01,-6.865128099015868623e-02,-5.601495943513978837e-01,-4.051184650315541869e-01,-1.256471682861322048e-01,-4.097143047753446510e-01,4.746644895579996137e-01,-6.619920668232693872e-01,-4.698002016146738402e-01,-5.656481863069107163e-01,-3.870050393874035488e-01,-4.737007191228250758e-01,-5.106761071517345041e-01,-6.079246246707723511e-01,-6.103477721839977166e-01,-1.752509380140086226e-01,-5.746538597285144601e-01,-6.479490071323108502e-01,-3.124067336090610159e-01,-5.062919088363319053e-01,-3.744630878533102281e-01,-1.164165258846565493e-01,-4.721936571852534126e-01,-2.091917737224347762e-01,-4.346848666078813594e-01,-5.071278694616045968e-01
6.802365564988924751e-01,6.071058697599058807e-01,6.760173389395216503e-01,-5.642481560863091272e-02,7.905427951119327057e-01,-8.757589561671449974e-02,-2.391826414701565262e-01,-6.388478931252170590e-01,1.000000000000000000e+00,6.283762898072382530e-01,2.972235306738459371e-01,5.651329041740230652e-01,-6.275363563278574253e-01,5.646179678035471161e-01,4.435778298115304885e-01,6.736481867757645459e-01,3.440393811652079359e-01,2.755292994572213217e-01,5.106808651260106302e-01,-2.165095708434402189e-01,3.333247492666317480e-01,4.665040460804921740e-01,7.757324907785637658e-01,5.072502762728818837e-01,6.225901158591193862e-01,6.801898233730768739e-01,5.019095372298345570e-01,6.529324059306341743e-01,1.616294387938564669e-01,7.768072684147939722e-01,4.634410429710538737e-01,3.006591521935987332e-01,3.810953876831119636e-01,7.271926278545405298e-01,-2.633718197657147417e-02,6.336459901479326584e-01,7.740771038682997540e-02,7.664536457561275107e-01,7.731100770623611229e-01
7.285460151445223298e-01,7.943245329820958212e-01,5.222884302144504831e-01,-3.619212665577550836e-02,5.782514461540809725e-01,3.959487769626804377e-01,-3.905315642989101721e-02,-5.872266487964624693e-01,6.283762898072382530e-01,1.000000000000000000e+00,2.745718115349478627e-01,4.033680849242377020e-01,-4.763627809841242677e-01,7.638888657641489388e-01,9.765543873640934736e-02,8.837523978348721387e-01,1.969739548585226763e-01,1.354300164991848743e-01,2.050821081373584986e-01,-3.282589889493099933e-01,5.955717859146000270e-01,5.055119024986383103e-01,6.737861819673891528e-01,6.538041459462959892e-01,7.360386426089886580e-01,7.252841952333980435e-01,6.699241192647926724e-01,5.914508639425116732e-01,5.884335214657819835e-01,7.319513130999124595e-01,7.292436444052711186e-01,6.214813601296056422e-01,6.929556997867263313e-01,2.571106723847913500e-01,4.932632337147102031e-01,7.668838115514794440e-01,6.186099450325558413e-01,5.096770672947166236e-01,6.002523992933854746e-01
4.391070910497271718e-01,5.237106823249948473e-01,1.047195924094236480e-01,-4.663923876356131371e-01,3.449964407184890058e-01,3.355988567179120086e-01,-2.638565576218920294e-01,-3.832716332788773661e-01,2.972235306738459371e-01,2.745718115349478627e-01,1.000000000000000000e+00,-1.169573590122878065e-01,-1.818435369218839026e-01,4.442833123144740437e-01,-3.015496640785454985e-01,1.637394291372108457e-01,8.631820099021731973e-01,-3.124715010344506494e-01,-2.276224292769802870e-01,-5.702803174295154598e-01,1.774229578194184420e-01,-1.997855578451769587e-02,4.831578920812619748e-01,3.813484250716802637e-01,4.621512897487993765e-01,3.295699903932609587e-01,3.853319809408911056e-01,6.910149794985298577e-02,4.521359612822906104e-01,2.551690777124488441e-01,2.695428019895133032e-01,5.947913382449542263e-01,3.052909955971927491e-01,-9.967314874308857986e-02,1.324939669284430355e-01,3.584206148239370560e-01,1.994600347512421323e-01,4.588785367640868529e-01,4.595100362590772147e-01
3.464130041928128456e-01,3.055582786778661131e-01,5.640581457765223572e-01,3.032393588755648017e-01,4.045485106862135583e-01,-2.550122136373017198e-02,-1.280802565034298568e-01,-2.699572400941213646e-01,5.651329041740230652e-01,4.033680849242377020e-01,-1.169573590122878065e-01,1.000000000000000000e+00,-5.329009167685573312e-01,3.780224603508022807e-01,7.427687187653265743e-01,4.985455518353999471e-01,-4.504797761636200604e-02,6.842416457497424442e-01,7.027611285946977482e-01,2.542889376532587731e-01,4.123086230642400429e-01,7.681289593105186109e-01,4.504805818206199519e-01,3.820006364980626512e-01,1.448770456246796234e-01,5.719159580448286428e-01,5.694242324921763299e-01,7.301981589753553381e-01,1.651274264037143683e-02,4.444554379984123615e-01,5.036647407340680838e-01,1.973493443445835382e-01,4.972994830370934816e-01,5.865902954887759480e-01,2.619131626204126290e-02,4.812464965760983593e-01,2.566520264363431059e-01,4.414754318368575015e-01,4.823485391424024993e-01
-4.981300995609684867e-01,-4.311196016562195421e-01,-6.827152509396943181e-01,-2.134903753618404287e-01,-6.385508327198913259e-01,-8.577058777053851724e-02,-5.309028392664320861e-02,5.252417134831458556e-01,-6.275363563278574253e-01,-4.763627809841242677e-01,-1.818435369218839026e-01,-5.329009167685573312e-01,1.000000000000000000e+00,-4.587467890768081591e-01,-4.400384939467425482e-01,-5.261909534461398641e-01,-1.713078479809715116e-01,-4.178551980695907053e-01,-5.706161561621768685e-01,2.627982756269059070e-02,-4.718036535546574206e-01,-5.112736194530911327e-01,-4.638243048903486487e-01,-4.639152652725285209e-01,-3.493663342445113007e-01,-6.290428304041971730e-01,-5.284212384560235121e-01,-6.957356719482951091e-01,-1.187194459082322323e-01,-5.475542185231312420e-01,-5.693404036066088691e-01,-1.894358659220294339e-01,-5.194878641705479305e-01,-5.508734905505662249e-01,-1.353881360866004691e-01,-5.339643251953907210e-01,-1.583040820658998260e-01,-4.631899617664605451e-01,-4.945413258785111288e-01
6.392726444231673355e-01,7.320773496631285404e-01,4.859549220605878239e-01,-1.723114692208293774e-01,5.943317775973727679e-01,5.414927324188115731e-01,-1.405794433941821020e-01,-5.848448845993503564e-01,5.646179678035471161e-01,7.638888657641489388e-01,4.442833123144740437e-01,3.780224603508022807e-01,-4.587467890768081591e-01,1.000000000000000000e+00,5.537009930276493713e-02,7.179937610435491724e-01,3.730539422621458323e-01,8.563728655566013592e-02,1.409307096436944184e-01,-4.085163015285814825e-01,5.979818039892245141e-01,4.832919326416426631e-01,6.409342056933825527e-01,7.523530453653605177e-01,6.705262906065643236e-01,6.920732563808128512e-01,6.494187756595951599e-01,6.002295063793724461e-01,6.472220927129976875e-01,6.564927227312924440e-01,7.283395890727930588e-01,7.027731108934469617e-01,7.444736558187354802e-01,1.889036907881109506e-01,5.344738059687980103e-01,7.149022000983104030e-01,6.610963328053391930e-01,5.252329727630370426e-01,5.455947818357751444e-01
2.125034685379507682e-01,3.115517449663201405e-02,5.058106319474721113e-01,4.092207196793101742e-01,2.965383828416172096e-01,-2.719430709205071239e-01,6.779164129472982359e-02,-6.865128099015868623e-02,4.435778298115304885e-01,9.765543873640934736e-02,-3.015496640785454985e-01,7.427687187653265743e-01,-4.400384939467425482e-01,5.537009930276493713e-02,1.000000000000000000e+00,2.782830826886378839e-01,-2.330458084396926366e-01,8.057750580824850628e-01,7.979802640554773951e-01,5.262907461730409464e-01,1.216515922753013540e-01,5.498674957931279916e-01,2.504640203218326255e-01,2.419805785050770652e-01,-6.090500692804882293e-02,3.894719238489380841e-01,1.500484702835165884e-01,6.025372012584098158e-01,-2.448310781583017404e-01,3.593926545521749505e-01,1.104647525889653897e-01,-1.529646156919131639e-01,1.444709330600592034e-01,7.288647400595044124e-01,-1.791276517937992752e-01,2.863679954443432707e-01,-1.369984916773962780e-01,3.274190641237038069e-01,2.211688478844954509e-01
7.799371058192979822e-01,7.825244419193151391e-01,5.960831268024477936e-01,7.624480990003772163e-02,6.041139366775417630e-01,2.594385449486864559e-01,-2.387256084060756112e-03,-5.601495943513978837e-01,6.736481867757645459e-01,8.837523978348721387e-01,1.637394291372108457e-01,4.985455518353999471e-01,-5.261909534461398641e-01,7.179937610435491724e-01,2.782830826886378839e-01,1.000000000000000000e+00,1.110667661838030951e-01,3.051857216356904101e-01,3.452683132239736108e-01,-1.757101257394547422e-01,5.832283184522769615e-01,5.747161864127543485e-01,6.712395143349918492e-01,6.411599664087189732e-01,6.590099804485928248e-01,7.354140869756434773e-01,5.940222952132089285e-01,6.628347907818540330e-01,4.878671947422408839e-01,8.263041608683645567e-01,6.727098354195432117e-01,5.095671008067933494e-01,6.414443683487750514e-01,4.025113660079520650e-01,4.084558822808787570e-01,7.998356981343949235e-01,5.193466793318578523e-01,5.147522166316222947e-01,5.606185008477176934e-01
3.901790374584859777e-01,4.471829820613496542e-01,1.155618508045672399e-01,-4.614970719858992321e-01,3.523776335139837679e-01,1.663955676765184188e-01,-3.244908368282626854e-01,-4.051184650315541869e-01,3.440393811652079359e-01,1.969739548585226763e-01,8.631820099021731973e-01,-4.504797761636200604e-02,-1.713078479809715116e-01,3.730539422621458323e-01,-2.330458084396926366e-01,1.110667661838030951e-01,1.000000000000000000e+00,-2.979826520924474531e-01,-1.700663417483257167e-01,-5.667821261039099889e-01,1.631509439887970647e-01,1.505512860072890334e-02,4.997653121940132115e-01,2.609508956947886871e-01,4.085475469736360443e-01,2.795220770849546899e-01,3.439854561576651815e-01,7.367864469063037380e-02,2.765922640003491417e-01,2.457264965141771063e-01,2.291240261032604919e-01,4.682412583392011607e-01,2.048581070795970904e-01,-3.581507485074355429e-02,-5.656975240560287860e-02,2.794478387562822075e-01,6.032123971281227320e-02,4.976143071109393468e-01,4.724722710798496816e-01
1.402687081392486601e-01,4.434136039312759625e-02,5.499499908630471889e-01,6.387245334737008395e-01,2.448075567433207478e-01,-7.703691748043971221e-02,3.265513368903892322e-01,-1.256471682861322048e-01,2.755292994572213217e-01,1.354300164991848743e-01,-3.124715010344506494e-01,6.842416457497424442e-01,-4.178551980695907053e-01,8.563728655566013592e-02,8.057750580824850628e-01,3.051857216356904101e-01,-2.979826520924474531e-01,1.000000000000000000e+00,7.998193721464095240e-01,5.045272310388697612e-01,2.937053693142111510e-01,6.332606787742877108e-01,1.291684480035221461e-01,3.124958913464669918e-01,-1.404870820244018825e-01,3.990582894555166904e-01,2.296637236042292363e-01,5.971635421982312009e-01,-1.077948591890537378e-01,2.961568681953218318e-01,2.509830126598265321e-01,-5.452648172336086591e-02,3.076665061625336595e-01,5.277734671218013984e-01,5.658762048162050556e-02,3.082230495748309873e-01,6.635711551771826533e-02,1.428387079132078241e-01,5.898237862271111381e-02
1.961272546254794191e-01,7.393151600560389503e-02,7.571914226805943615e-01,6.076022046895530604e-01,5.251461834964186171e-01,-2.878869118465428034e-01,2.810156580227884393e-01,-4.097143047753446510e-01,5.106808651260106302e-01,2.050821081373584986e-01,-2.276224292769802870e-01,7.027611285946977482e-01,-5.706161561621768685e-01,1.409307096436944184e-01,7.979802640554773951e-01,3.452683132239736108e-01,-1.700663417483257167e-01,7.998193721464095240e-01,1.000000000000000000e+00,3.363119584494080327e-01,3.616292430036574523e-01,6.713201018533889730e-01,2.901899525869742202e-01,2.315986496980153020e-01,-3.528020877308346570e-02,4.078197390984542592e-01,3.451283017885781734e-01,7.235637769072263970e-01,-2.791511342724137257e-01,3.817646986794069330e-01,3.353508606418545424e-01,-1.541699038874188854e-01,2.861809906734181230e-01,7.389492712786595030e-01,-1.505473246198075210e-01,3.081182906946829392e-01,-9.831291300799371857e-02,2.736779158382538490e-01,2.595154694955543184e-01
-2.127384815980256638e-01,-3.589992950401266203e-01,-6.233636789175833748e-02,4.652310989485594073e-01,-3.147889640815048073e-01,-2.463141120386490579e-01,2.638124454971782495e-01,4.746644895579996137e-01,-2.165095708434402189e-01,-3.282589889493099933e-01,-5.702803174295154598e-01,2.542889376532587731e-01,2.627982756269059070e-02,-4.085163015285814825e-01,5.262907461730409464e-01,-1.757101257394547422e-01,-5.667821261039099889e-01,5.045272310388697612e-01,3.363119584494080327e-01,1.000000000000000000e+00,-2.323336666687156604e-01,1.049979670816398591e-01,-3.210990532705633727e-01,-1.546777484892910004e-01,-4.598791592176673104e-01,-1.191421533794365661e-01,-2.982644846090719559e-01,5.070332721716862279e-02,-3.391939542199038926e-01,-1.679714145746991072e-01,-2.834689010790082953e-01,-4.377450649029052676e-01,-1.858210432595761574e-01,2.108682764178462787e-01,-1.426907562407792041e-01,-1.485674946840975230e-01,-2.418866775714103023e-01,-2.255988280479482300e-01,-3.114146615710148835e-01
3.910054770594213469e-01,5.023263191907476610e-01,6.425165518208372228e-01,2.950863786268142497e-01,4.663643161211548649e-01,2.928281184809984894e-01,2.687631365819663776e-01,-6.619920668232693872e-01,3.333247492666317480e-01,5.955717859146000270e-01,1.774229578194184420e-01,4.123086230642400429e-01,-4.718036535546574206e-01,5.979818039892245141e-01,1.216515922753013540e-01,5.832283184522769615e-01,1.631509439887970647e-01,2.937053693142111510e-01,3.616292430036574523e-01,-2.323336666687156604e-01,1.000000000000000000e+00,6.949737365059015515e-01,3.505569808989792424e-01,4.377279536905892554e-01,2.688917761594054601e-01,5.735676060394750975e-01,7.310248729991869476e-01,6.799908026513082904e-01,3.157108956864139171e-01,4.240910898137362772e-01,8.323593200179679741e-01,3.795747827577353739e-01,7.576049249337962754e-01,7.735801635372639706e-02,4.071098720981500829e-01,4.833047817741052965e-01,5.303028452675144777e-01,1.802773864998518660e-01,2.642141549425089386e-01
3.929938104772673357e-01,4.156350599080717578e-01,6.833660602993150146e-01,4.056680534545903938e-01,4.522441385453450646e-01,7.447346441870540679e-02,1.496931485950321050e-01,-4.698002016146738402e-01,4.665040460804921740e-01,5.055119024986383103e-01,-1.997855578451769587e-02,7.681289593105186109e-01,-5.112736194530911327e-01,4.832919326416426631e-01,5.498674957931279916e-01,5.747161864127543485e-01,1.505512860072890334e-02,6.332606787742877108e-01,6.713201018533889730e-01,1.049979670816398591e-01,6.949737365059015515e-01,1.000000000000000000e+00,4.313193932061671898e-01,4.338997644916722796e-01,1.577392271629302900e-01,6.173147061759852727e-01,6.950776541722523127e-01,8.244190683593274338e-01,1.097298025774962604e-01,4.617611758995825433e-01,7.001002337661800246e-01,2.537599891611595493e-01,7.013438575831900668e-01,4.145736011418256761e-01,1.838525043931281133e-01,5.504250405418332770e-01,3.978565176365210232e-01,2.863815563631731398e-01,3.386129631770600779e-01
7.226510568474459051e-01,7.279014065120716914e-01,4.956054469109886229e-01,-2.107331119551842658e-01,6.338798851146288937e-01,1.247468697470517918e-01,-2.678377572616762459e-01,-5.656481863069107163e-01,7.757324907785637658e-01,6.737861819673891528e-01,4.831578920812619748e-01,4.504805818206199519e-01,-4.638243048903486487e-01,6.409342056933825527e-01,2.504640203218326255e-01,6.712395143349918492e-01,4.997653121940132115e-01,1.291684480035221461e-01,2.901899525869742202e-01,-3.210990532705633727e-01,3.505569808989792424e-01,4.313193932061671898e-01,1.000000000000000000e+00,5.735617856891898070e-01,7.441106710941501889e-01,6.341259399020688914e-01,5.915894878674828883e-01,5.289633412896538323e-01,3.978094746311858221e-01,7.300210872628356551e-01,4.838622291857754831e-01,5.647856883791159133e-01,4.641301712162824167e-01,4.458989149396431761e-01,8.122641432270824580e-02,6.819140892957228361e-01,2.891450121233952175e-01,7.320849197587507851e-01,7.542920285559063798e-01
6.140042200316908616e-01,6.682203768946026745e-01,4.302948725257420559e-01,-6.388909873712717014e-02,4.565418035275304320e-01,5.702774331606351721e-01,-2.385532953590136646e-02,-3.870050393874035488e-01,5.072502762728818837e-01,6.538041459462959892e-01,3.813484250716802637e-01,3.820006364980626512e-01,-4.639152652725285209e-01,7.523530453653605177e-01,2.419805785050770652e-01,6.411599664087189732e-01,2.609508956947886871e-01,3.124958913464669918e-01,2.315986496980153020e-01,-1.546777484892910004e-01,4.377279536905892554e-01,4.338997644916722796e-01,5.735617856891898070e-01,1.000000000000000000e+00,5.569341415676514195e-01,7.472947196152550653e-01,5.064332848381021268e-01,5.365245431286078670e-01,6.974879120179071634e-01,6.180796926558819182e-01,5.620047130306011773e-01,6.735063244556505069e-01,6.787987143850662264e-01,2.279096802664306032e-01,6.222824343133894764e-01,7.319533303060030693e-01,5.957356415887063994e-01,5.504991970406918345e-01,4.348949869477701236e-01
6.623006150461068220e-01,6.926487746505345378e-01,3.024492697539109543e-01,-3.340081608196311391e-01,5.341188089657040727e-01,3.403384295302152585e-01,-2.279217723825882613e-01,-4.737007191228250758e-01,6.225901158591193862e-01,7.360386426089886580e-01,4.621512897487993765e-01,1.448770456246796234e-01,-3.493663342445113007e-01,6.705262906065643236e-01,-6.090500692804882293e-02,6.590099804485928248e-01,4.085475469736360443e-01,-1.404870820244018825e-01,-3.528020877308346570e-02,-4.598791592176673104e-01,2.688917761594054601e-01,1.577392271629302900e-01,7.441106710941501889e-01,5.569341415676514195e-01,1.000000000000000000e+00,5.276555089609205051e-01,4.272112362031918464e-01,3.261114452647319029e-01,5.307100721803613697e-01,6.706848619448219084e-01,4.401028894364005795e-01,5.876839781251530503e-01,3.975995420879753772e-01,2.308034084569593192e-01,2.763526105770837682e-01,6.163443233682711631e-01,3.608417849055871041e-01,5.601040414908199372e-01,6.530551703760437698e-01
7.093366998075666396e-01,7.248513763917528996e-01,6.161607130855139003e-01,2.185414699147134043e-02,5.903994696678684928e-01,3.480810164416312524e-01,-4.899522369704508579e-02,-5.106761071517345041e-01,6.801898233730768739e-01,7.252841952333980435e-01,3.295699903932609587e-01,5.719159580448286428e-01,-6.290428304041971730e-01,6.920732563808128512e-01,3.894719238489380841e-01,7.354140869756434773e-01,2.795220770849546899e-01,3.990582894555166904e-01,4.078197390984542592e-01,-1.191421533794365661e-01,5.735676060394750975e-01,6.173147061759852727e-01,6.341259399020688914e-01,7.472947196152550653e-01,5.276555089609205051e-01,1.000000000000000000e+00,6.890347089509992751e-01,7.210425932313081487e-01,5.305780102258813580e-01,6.673006147794161569e-01,7.011710693776478376e-01,5.494093249883063024e-01,7.360094520853067701e-01,4.129615722857131188e-01,4.729949889272521690e-01,7.776728035245771276e-01,4.870814942008285242e-01,6.878820529870739442e-01,6.090957797455953671e-01
4.804563634514125159e-01,6.193592487305952243e-01,5.697193994089911895e-01,8.113710134010759800e-02,5.031187077684730058e-01,3.338068224581720034e-01,-6.123696107449629056e-02,-6.079246246707723511e-01,5.019095372298345570e-01,6.699241192647926724e-01,3.853319809408911056e-01,5.694242324921763299e-01,-5.284212384560235121e-01,6.494187756595951599e-01,1.500484702835165884e-01,5.940222952132089285e-01,3.439854561576651815e-01,2.296637236042292363e-01,3.451283017885781734e-01,-2.982644846090719559e-01,7.310248729991869476e-01,6.950776541722523127e-01,5.915894878674828883e-01,5.064332848381021268e-01,4.272112362031918464e-01,6.890347089509992751e-01,1.000000000000000000e+00,6.537015995996521278e-01,4.218799767506706822e-01,4.173452823461389349e-01,8.404379608106199440e-01,6.006122554595049179e-01,7.944034109298730995e-01,1.602632447917063940e-01,3.564791115930207588e-01,5.902392996121331725e-01,5.900211991253733190e-01,4.598236854047201283e-01,6.083479336019373962e-01
5.310956837861052771e-01,4.856911309506243835e-01,8.323211885650728670e-01,3.427092480620157477e-01,6.858554084502264114e-01,7.601956616007519985e-02,1.558988729106651761e-01,-6.103477721839977166e-01,6.529324059306341743e-01,5.914508639425116732e-01,6.910149794985298577e-02,7.301981589753553381e-01,-6.957356719482951091e-01,6.002295063793724461e-01,6.025372012584098158e-01,6.628347907818540330e-01,7.367864469063037380e-02,5.971635421982312009e-01,7.235637769072263970e-01,5.070332721716862279e-02,6.799908026513082904e-01,8.244190683593274338e-01,5.289633412896538323e-01,5.365245431286078670e-01,3.261114452647319029e-01,7.210425932313081487e-01,6.537015995996521278e-01,1.000000000000000000e+00,1.344475158665338343e-01,6.335673041823089990e-01,7.038262411466413848e-01,2.476690295969417310e-01,6.888139829333627118e-01,6.167695647531611369e-01,1.914116445888981444e-01,6.411573247960125066e-01,3.090434340578958050e-01,4.392348163263454230e-01,4.594273415771529256e-01
4.858191906352836709e-01,6.387561326032440423e-01,3.239832649406001325e-02,-2.885217664600193688e-01,1.430366040344295819e-01,7.796821789181187512e-01,-1.077990044104733536e-01,-1.752509380140086226e-01,1.616294387938564669e-01,5.884335214657819835e-01,4.521359612822906104e-01,1.651274264037143683e-02,-1.187194459082322323e-01,6.472220927129976875e-01,-2.448310781583017404e-01,4.878671947422408839e-01,2.765922640003491417e-01,-1.077948591890537378e-01,-2.791511342724137257e-01,-3.391939542199038926e-01,3.157108956864139171e-01,1.097298025774962604e-01,3.978094746311858221e-01,6.974879120179071634e-01,5.307100721803613697e-01,5.305780102258813580e-01,4.218799767506706822e-01,1.344475158665338343e-01,1.000000000000000000e+00,3.529581128592752526e-01,4.607294891423883154e-01,8.185694918210977278e-01,5.987315087529420099e-01,-2.449768882072609899e-01,7.867745142063253816e-01,5.790975047046832413e-01,7.806754818859903411e-01,3.822035481043727367e-01,3.044367953841285446e-01
8.067622798633291570e-01,7.324536077334559137e-01,6.215859615184048392e-01,-6.410804723736866426e-03,6.926647266195985475e-01,9.228620118382914461e-02,-5.263039645804656191e-02,-5.746538597285144601e-01,7.768072684147939722e-01,7.319513130999124595e-01,2.551690777124488441e-01,4.444554379984123615e-01,-5.475542185231312420e-01,6.564927227312924440e-01,3.593926545521749505e-01,8.263041608683645567e-01,2.457264965141771063e-01,2.961568681953218318e-01,3.817646986794069330e-01,-1.679714145746991072e-01,4.240910898137362772e-01,4.617611758995825433e-01,7.300210872628356551e-01,6.180796926558819182e-01,6.706848619448219084e-01,6.673006147794161569e-01,4.173452823461389349e-01,6.335673041823089990e-01,3.529581128592752526e-01,1.000000000000000000e+00,4.808012956484903899e-01,3.990875100129781528e-01,4.652630404832574507e-01,5.695343845585406628e-01,2.005686112516546216e-01,7.870857184670740914e-01,2.551162301726720427e-01,6.172355595650128590e-01,5.887552105985198736e-01
4.695252984196739976e-01,6.091776751567221648e-01,6.252881413667303878e-01,1.830257443364909642e-01,5.328200017450078763e-01,4.414792759984896287e-01,1.260670878673494644e-01,-6.479490071323108502e-01,4.634410429710538737e-01,7.292436444052711186e-01,2.695428019895133032e-01,5.036647407340680838e-01,-5.693404036066088691e-01,7.283395890727930588e-01,1.104647525889653897e-01,6.727098354195432117e-01,2.291240261032604919e-01,2.509830126598265321e-01,3.353508606418545424e-01,-2.834689010790082953e-01,8.323593200179679741e-01,7.001002337661800246e-01,4.838622291857754831e-01,5.620047130306011773e-01,4.401028894364005795e-01,7.011710693776478376e-01,8.404379608106199440e-01,7.038262411466413848e-01,4.607294891423883154e-01,4.808012956484903899e-01,1.000000000000000000e+00,5.276251197798342840e-01,8.586012945269009267e-01,1.335683995510320576e-01,4.995931490050496970e-01,5.985357069607509795e-01,6.470698287417016026e-01,3.378062153800572842e-01,4.336464575963318580e-01
5.462777831767418046e-01,7.034044002392302319e-01,1.273006284337423188e-01,-3.315028097202474822e-01,2.670773720089222869e-01,6.776257727634397154e-01,-2.646189868611973917e-01,-3.124067336090610159e-01,3.006591521935987332e-01,6.214813601296056422e-01,5.947913382449542263e-01,1.973493443445835382e-01,-1.894358659220294339e-01,7.027731108934469617e-01,-1.529646156919131639e-01,5.095671008067933494e-01,4.682412583392011607e-01,-5.452648172336086591e-02,-1.541699038874188854e-01,-4.377450649029052676e-01,3.795747827577353739e-01,2.537599891611595493e-01,5.647856883791159133e-01,6.735063244556505069e-01,5.876839781251530503e-01,5.494093249883063024e-01,6.006122554595049179e-01,2.476690295969417310e-01,8.185694918210977278e-01,3.990875100129781528e-01,5.276251197798342840e-01,1.000000000000000000e+00,6.326081699655093926e-01,-1.558735218160150204e-01,5.813294743972616807e-01,6.278440089832129090e-01,7.542446836066445393e-01,4.780620199806697723e-01,5.031306992617781138e-01
4.956038580032844920e-01,6.379477189372103618e-01,5.451570576881933361e-01,1.346816401112431449e-01,4.500741885855648605e-01,5.748016082943356864e-01,1.181126285885133742e-01,-5.062919088363319053e-01,3.810953876831119636e-01,6.929556997867263313e-01,3.052909955971927491e-01,4.972994830370934816e-01,-5.194878641705479305e-01,7.444736558187354802e-01,1.444709330600592034e-01,6.414443683487750514e-01,2.048581070795970904e-01,3.076665061625336595e-01,2.861809906734181230e-01,-1.858210432595761574e-01,7.576049249337962754e-01,7.013438575831900668e-01,4.641301712162824167e-01,6.787987143850662264e-01,3.975995420879753772e-01,7.360094520853067701e-01,7.944034109298730995e-01,6.888139829333627118e-01,5.987315087529420099e-01,4.652630404832574507e-01,8.586012945269009267e-01,6.326081699655093926e-01,1.000000000000000000e+00,8.914565229220743070e-02,6.295497179901846652e-01,6.776696173454077599e-01,7.511499034200741498e-01,3.309104962877881251e-01,3.648904492454041470e-01
3.924180776614462074e-01,1.905857851828770266e-01,6.575401097211609480e-01,2.428233860710460601e-01,6.671621838111497782e-01,-3.970909262160154385e-01,-2.128790586360234868e-02,-3.744630878533102281e-01,7.271926278545405298e-01,2.571106723847913500e-01,-9.967314874308857986e-02,5.865902954887759480e-01,-5.508734905505662249e-01,1.889036907881109506e-01,7.288647400595044124e-01,4.025113660079520650e-01,-3.581507485074355429e-02,5.277734671218013984e-01,7.389492712786595030e-01,2.108682764178462787e-01,7.735801635372639706e-02,4.145736011418256761e-01,4.458989149396431761e-01,2.279096802664306032e-01,2.308034084569593192e-01,4.129615722857131188e-01,1.602632447917063940e-01,6.167695647531611369e-01,-2.449768882072609899e-01,5.695343845585406628e-01,1.335683995510320576e-01,-1.558735218160150204e-01,8.914565229220743070e-02,1.000000000000000000e+00,-2.893520582189345047e-01,3.857277450194557256e-01,-2.713569183004233554e-01,5.053386720984109903e-01,4.624319646786376192e-01
2.390714931426863032e-01,3.968399984153480053e-01,9.732926216618049964e-02,2.254331253483235487e-02,3.859558780095105612e-02,8.028830476645391068e-01,1.941223503405540840e-01,-1.164165258846565493e-01,-2.633718197657147417e-02,4.932632337147102031e-01,1.324939669284430355e-01,2.619131626204126290e-02,-1.353881360866004691e-01,5.344738059687980103e-01,-1.791276517937992752e-01,4.084558822808787570e-01,-5.656975240560287860e-02,5.658762048162050556e-02,-1.505473246198075210e-01,-1.426907562407792041e-01,4.071098720981500829e-01,1.838525043931281133e-01,8.122641432270824580e-02,6.222824343133894764e-01,2.763526105770837682e-01,4.729949889272521690e-01,3.564791115930207588e-01,1.914116445888981444e-01,7.867745142063253816e-01,2.005686112516546216e-01,4.995931490050496970e-01,5.813294743972616807e-01,6.295497179901846652e-01,-2.893520582189345047e-01,1.000000000000000000e+00,4.556657941541260026e-01,7.842495747995398281e-01,1.152362968373699947e-01,4.699771895223327917e-02
8.137540029201748570e-01,8.028804820723519642e-01,5.331737753801845114e-01,-1.642118459632623331e-02,5.812939409559979564e-01,3.531762229146047649e-01,-7.060426168913953859e-02,-4.721936571852534126e-01,6.336459901479326584e-01,7.668838115514794440e-01,3.584206148239370560e-01,4.812464965760983593e-01,-5.339643251953907210e-01,7.149022000983104030e-01,2.863679954443432707e-01,7.998356981343949235e-01,2.794478387562822075e-01,3.082230495748309873e-01,3.081182906946829392e-01,-1.485674946840975230e-01,4.833047817741052965e-01,5.504250405418332770e-01,6.819140892957228361e-01,7.319533303060030693e-01,6.163443233682711631e-01,7.776728035245771276e-01,5.902392996121331725e-01,6.411573247960125066e-01,5.790975047046832413e-01,7.870857184670740914e-01,5.985357069607509795e-01,6.278440089832129090e-01,6.776696173454077599e-01,3.857277450194557256e-01,4.556657941541260026e-01,1.000000000000000000e+00,5.232000071901756755e-01,6.357754036231416661e-01,6.024402372961177310e-01
3.420753384458710689e-01,5.296523142828025721e-01,1.297447973979179436e-01,-3.997745577308355752e-02,1.041378891372758686e-01,7.699372395558931048e-01,-2.273378966732826634e-02,-2.091917737224347762e-01,7.740771038682997540e-02,6.186099450325558413e-01,1.994600347512421323e-01,2.566520264363431059e-01,-1.583040820658998260e-01,6.610963328053391930e-01,-1.369984916773962780e-01,5.193466793318578523e-01,6.032123971281227320e-02,6.635711551771826533e-02,-9.831291300799371857e-02,-2.418866775714103023e-01,5.303028452675144777e-01,3.978565176365210232e-01,2.891450121233952175e-01,5.957356415887063994e-01,3.608417849055871041e-01,4.870814942008285242e-01,5.900211991253733190e-01,3.090434340578958050e-01,7.806754818859903411e-01,2.551162301726720427e-01,6.470698287417016026e-01,7.542446836066445393e-01,7.511499034200741498e-01,-2.713569183004233554e-01,7.842495747995398281e-01,5.232000071901756755e-01,1.000000000000000000e+00,1.700993200105914982e-01,2.182829563836256870e-01
6.616142236250831532e-01,6.062516182931710906e-01,4.243555744579089462e-01,-2.492710559026927175e-01,5.831627603960392037e-01,8.114809670432591993e-02,-3.571645400641316193e-01,-4.346848666078813594e-01,7.664536457561275107e-01,5.096770672947166236e-01,4.588785367640868529e-01,4.414754318368575015e-01,-4.631899617664605451e-01,5.252329727630370426e-01,3.274190641237038069e-01,5.147522166316222947e-01,4.976143071109393468e-01,1.428387079132078241e-01,2.736779158382538490e-01,-2.255988280479482300e-01,1.802773864998518660e-01,2.863815563631731398e-01,7.320849197587507851e-01,5.504991970406918345e-01,5.601040414908199372e-01,6.878820529870739442e-01,4.598236854047201283e-01,4.392348163263454230e-01,3.822035481043727367e-01,6.172355595650128590e-01,3.378062153800572842e-01,4.780620199806697723e-01,3.309104962877881251e-01,5.053386720984109903e-01,1.152362968373699947e-01,6.357754036231416661e-01,1.700993200105914982e-01,1.000000000000000000e+00,8.002067669601791167e-01
6.322229273998496435e-01,6.131433308301789120e-01,4.444953455256359098e-01,-2.013603100547459723e-01,6.067194297531280922e-01,6.778337466880861306e-02,-3.949184939551428353e-01,-5.071278694616045968e-01,7.731100770623611229e-01,6.002523992933854746e-01,4.595100362590772147e-01,4.823485391424024993e-01,-4.945413258785111288e-01,5.455947818357751444e-01,2.211688478844954509e-01,5.606185008477176934e-01,4.724722710798496816e-01,5.898237862271111381e-02,2.595154694955543184e-01,-3.114146615710148835e-01,2.642141549425089386e-01,3.386129631770600779e-01,7.542920285559063798e-01,4.348949869477701236e-01,6.530551703760437698e-01,6.090957797455953671e-01,6.083479336019373962e-01,4.594273415771529256e-01,3.044367953841285446e-01,5.887552105985198736e-01,4.336464575963318580e-01,5.031306992617781138e-01,3.648904492454041470e-01,4.624319646786376192e-01,4.699771895223327917e-02,6.024402372961177310e-01,2.182829563836256870e-01,8.002067669601791167e-01,1.000000000000000000e+00
