1.000000000000000000e+00,6.996697945699587029e-01,5.702183446584390136e-01,-2.197532071665592168e-01,5.225053513756724444e-01,-1.659762151331619917e-01,-4.039390750212869252e-02,-5.679192316851432443e-01,7.005372508503345808e-01,7.898145324328582628e-01,-1.268134779378143062e-01,6.699659671445047648e-02,-3.606719218876510702e-01,2.781134286403523226e-01,4.190348157352036251e-01,7.904240310614212284e-01,1.300607855650471045e-01,4.126385878253071016e-01,4.868365095792802077e-01,2.927392434711248437e-01,5.803098412617062607e-01,3.769573967742846921e-01,6.441476070836116286e-01,5.566841919033074237e-01,6.803769310307220541e-01,3.811921141253705736e-01,9.760797376787536811e-03,5.521254848045004104e-01,1.380549267111680078e-01,8.204117005355953118e-01,1.006105227240103872e-01,6.029911151732351149e-01,3.731569655846025957e-02,6.049161683766602904e-01,-1.853130397017289654e-01,7.141961236551740422e-01,-1.861630532856256015e-01,5.858097429802289202e-01,4.195331902643237854e-01
6.996697945699587029e-01,1.000000000000000000e+00,3.194937871911137650e-01,1.419190790462495633e-01,3.432369408664306953e-01,2.497356860538294532e-01,2.197812281499585962e-01,-1.730416044795256292e-01,7.531935272784741064e-01,4.949049737869082866e-01,9.419943756684336089e-02,3.375824146191043762e-01,-3.291332074918488781e-01,6.309626249271339526e-01,-1.588174512953048900e-01,4.819036213055231110e-01,-1.054220645466292933e-01,3.907181133759096703e-01,3.634685918501494029e-01,2.029495677874809945e-01,1.195367543943397920e-01,4.858168886018267574e-01,1.589014338777437196e-01,2.075211461642951505e-01,3.331207991369374843e-01,1.651188506517076715e-01,5.332397453533826992e-01,1.284794729250280376e-01,6.239083324430970690e-01,4.102992797346680098e-01,5.667537042255148538e-01,2.834385911516220102e-01,-4.494278045940293224e-03,1.383508074342060523e-01,2.803846947845209936e-01,3.684695119533914487e-01,3.526077833070049850e-01,3.019288984754319172e-01,5.159097689689307042e-01
5.702183446584390136e-01,3.194937871911137650e-01,1.000000000000000000e+00,-2.283378958698695504e-01,8.034828138348513171e-01,-2.296186203863067321e-01,-1.676900236130698593e-02,-8.823059231991751128e-01,5.657971798813209441e-01,7.511353213735971757e-01,1.614977464354555026e-01,3.192879138367128028e-02,-1.146684638305390386e-01,2.559541269638963001e-01,4.449743867762288030e-01,7.599077877137164760e-01,2.850969392977464878e-01,6.288560171414591116e-01,7.355966630915066196e-01,2.661733248449472677e-01,5.906264165555141776e-01,3.759722349690209353e-01,6.289922144687020156e-01,5.292762535915769284e-01,6.915437802401633860e-01,4.197953286632272740e-01,-9.457347449477000734e-02,7.755799345729700311e-01,-9.889036060119645033e-02,6.779927152753513209e-01,1.675175680351936869e-01,3.642031044724423072e-01,-7.349085544604336273e-02,6.978957906584232207e-01,-1.802477835947803586e-01,5.894847863818226674e-01,-2.571517263719108604e-01,4.500203579923505171e-01,3.242238152087056902e-01
-2.197532071665592168e-01,1.419190790462495633e-01,-2.283378958698695504e-01,1.000000000000000000e+00,-1.229257253580276904e-01,1.862065363985168642e-01,6.926581108169058698e-01,3.117284938783362325e-01,5.399549807138508128e-02,-2.157554105754792007e-01,3.054381725445409757e-01,2.570064846457748020e-01,-3.247423692186444250e-02,2.018253799926269521e-01,-6.461686791617441417e-01,-2.426392187031090331e-01,-2.375578951328495281e-01,1.329600101654812849e-01,3.324167576718201240e-03,1.029150086778367335e-01,-3.699287857992435424e-01,1.836360371532844149e-01,-4.816937003371406512e-01,-5.711437729040170774e-01,-3.534374433032915763e-01,-2.384301781868158054e-01,4.835669075051672317e-01,-3.199680693035147905e-01,3.254752993198647970e-01,-3.852443816333093740e-01,3.765838758059686375e-01,-4.932722640952242332e-01,-1.430667951176791131e-01,-4.726473397938061316e-01,3.514249887899677516e-01,-3.826424623716320750e-01,4.412619727668058989e-01,-4.140628305417653476e-01,1.852490805994366219e-01
5.225053513756724444e-01,3.432369408664306953e-01,8.034828138348513171e-01,-1.229257253580276904e-01,1.000000000000000000e+00,-3.400785017303886160e-01,8.275912355036117718e-02,-7.587330521970739872e-01,5.817716336652382081e-01,6.356041216964668505e-01,6.173587014896173009e-02,1.968594606548034476e-01,-1.304973111291125587e-01,1.560085850337787627e-01,3.708033749431884907e-01,6.887634935966723271e-01,6.481083851337469948e-02,7.754811472556546459e-01,7.360133799693527878e-01,2.668427409294752417e-01,5.674194171444111312e-01,2.344561540328729821e-01,5.419855652862848316e-01,4.160985329283885537e-01,5.509706787215876700e-01,1.306616226725046126e-01,-8.531714226360073705e-02,5.594179867177457854e-01,-1.178504560664492967e-01,6.284690805538809544e-01,7.863716068997943232e-02,4.135681993441716053e-01,-3.641298033678058155e-01,6.626445157663441998e-01,-2.929658126807335172e-01,4.504211047959591485e-01,-3.173537240522598668e-01,4.028368851893026070e-01,3.966263581452217357e-01
-1.659762151331619917e-01,2.497356860538294532e-01,-2.296186203863067321e-01,1.862065363985168642e-01,-3.400785017303886160e-01,1.000000000000000000e+00,1.381675310287053780e-02,4.073095904715159921e-01,3.653133709990680211e-02,-1.880684115483672592e-01,4.142899858307525496e-01,-1.444861834183586158e-01,2.139337452300829334e-01,6.582197279907850973e-01,-5.635211364141324841e-01,-2.514531761770046892e-01,3.084290148298997059e-01,-3.510431644984784438e-01,-3.531685963407770190e-01,-3.455374735875015313e-01,-6.787626679661100670e-01,3.584751318218290517e-02,-4.106433507289763418e-01,-1.228683708443786549e-01,-2.186992154431556257e-01,3.334904115068984543e-01,5.121410916189230722e-01,-3.041175512076567666e-01,6.965411903939675575e-01,-3.930392453474922942e-01,5.443552209631059569e-01,-2.810419547974926657e-01,5.837259238432647157e-01,-6.141585013272231608e-01,8.532028301691406691e-01,-6.118890744848658192e-02,8.008300335163354156e-01,-1.461895359212171119e-01,-2.125021633051422942e-01
-4.039390750212869252e-02,2.197812281499585962e-01,-1.676900236130698593e-02,6.926581108169058698e-01,8.275912355036117718e-02,1.381675310287053780e-02,1.000000000000000000e+00,9.651418634026964760e-02,1.091520475905091297e-01,-4.289015739544871364e-02,1.436343652330363263e-01,2.287721171247685814e-01,-7.685021013101674126e-02,1.368177876483137323e-01,-3.862989476776073072e-01,-6.066800381296916927e-02,-2.434547780263492389e-01,2.473064414061442728e-01,1.393432412807224796e-01,2.339788576697728328e-01,-1.438829149667164020e-01,2.007285259200429217e-01,-3.083705014965437141e-01,-3.660020102519511709e-01,-1.860212810232557690e-01,-1.622871272369529605e-01,3.302515947395714413e-01,-1.467141266979206105e-01,1.539699829841025547e-01,-1.530519019472188769e-01,2.844871097140880267e-01,-2.863801931666539735e-01,-2.311421220252919129e-01,-2.297194226532584260e-01,1.654388297110923056e-01,-1.793150181466822979e-01,2.013189219664014984e-01,-1.928511931660251422e-01,2.416746455071200894e-01
-5.679192316851432443e-01,-1.730416044795256292e-01,-8.823059231991751128e-01,3.117284938783362325e-01,-7.587330521970739872e-01,4.073095904715159921e-01,9.651418634026964760e-02,1.000000000000000000e+00,-4.259906165699476333e-01,-7.342544551982366219e-01,-1.755144550935417444e-03,9.372234691935542317e-02,1.279207135250798044e-01,-2.679982962607053640e-02,-6.078240311738180024e-01,-7.673165983088858777e-01,-3.099702189241957395e-01,-5.708285194586132372e-01,-6.872284922669653628e-01,-2.390692161185879183e-01,-7.335907195335893416e-01,-2.542658956103585610e-01,-7.464616354009632193e-01,-6.035470806857148318e-01,-7.401483947867173452e-01,-3.915480840209459856e-01,3.374456861995518420e-01,-8.374418223672668304e-01,3.246507206382610033e-01,-7.429891307173076553e-01,8.554943745515837528e-02,-4.610474516934979228e-01,7.059517526420230893e-02,-8.007844270991901769e-01,3.957093634902294488e-01,-6.345939291510382940e-01,4.755379055231615526e-01,-4.865877632992851587e-01,-2.452531812123520394e-01
7.005372508503345808e-01,7.531935272784741064e-01,5.657971798813209441e-01,5.399549807138508128e-02,5.817716336652382081e-01,3.653133709990680211e-02,1.091520475905091297e-01,-4.259906165699476333e-01,1.000000000000000000e+00,6.657609661673016266e-01,1.526899184469537318e-01,4.703044633228325999e-01,-3.608560232289447778e-01,5.282865029573404758e-01,1.045908259791744344e-01,6.677388261852119644e-01,-5.140833241272462634e-02,5.776482155687052700e-01,6.309912627431294441e-01,2.382820870036505834e-01,3.182922966786571051e-01,4.987507021835648757e-01,3.336793355962963115e-01,2.688981013211376170e-01,4.903976225616242801e-01,2.239749916257668116e-01,4.169611225880566208e-01,3.460293086392117745e-01,4.147581009776030725e-01,5.615963784648212442e-01,5.007523113736989107e-01,3.092540648255686087e-01,-1.082925022183070102e-01,4.118592005254971822e-01,1.209193494340884273e-01,4.227305685268784585e-01,1.667083064147413252e-01,3.874905941399487963e-01,6.695265733083084481e-01
7.898145324328582628e-01,4.949049737869082866e-01,7.511353213735971757e-01,-2.157554105754792007e-01,6.356041216964668505e-01,-1.880684115483672592e-01,-4.289015739544871364e-02,-7.342544551982366219e-01,6.657609661673016266e-01,1.000000000000000000e+00,8.413288150567144186e-02,-3.463353864911804247e-02,-2.591106775098713788e-01,2.353203157177212734e-01,4.697998681171018931e-01,8.625143051874979427e-01,3.109193596712468977e-01,5.086702675230286852e-01,6.474323643670703010e-01,2.888889559658308070e-01,5.717539401735114435e-01,3.479477012294443505e-01,7.132344720791909953e-01,5.586612181358994178e-01,7.907212798934891707e-01,5.427241496974839485e-01,-6.997323206847906596e-02,6.934402970771728070e-01,-1.911067109760730340e-02,7.862130324251661584e-01,1.183070339401132709e-01,4.640136849499340577e-01,8.882309711368627236e-02,6.506794684300367670e-01,-1.406467032254090088e-01,7.084934062959021839e-01,-2.294653742133126173e-01,5.048732923917199633e-01,4.008912045374685706e-01
-1.268134779378143062e-01,9.419943756684336089e-02,1.614977464354555026e-01,3.054381725445409757e-01,6.173587014896173009e-02,4.142899858307525496e-01,1.436343652330363263e-01,-1.755144550935417444e-03,1.526899184469537318e-01,8.413288150567144186e-02,1.000000000000000000e+00,7.429746109867792214e-02,2.483965384130082388e-01,4.377287851999740464e-01,-3.183852052679572719e-01,-2.643050446864284725e-02,3.905283077833630045e-01,2.317719118287753580e-02,9.278530745905388954e-02,9.096759792324747573e-02,-2.982594452058510148e-01,2.254357963301844847e-01,-1.556145417907149053e-01,-2.736849614332380332e-02,-2.835906435500394965e-02,3.232696058385290949e-01,4.340635950677587673e-01,7.644308311861239269e-02,4.049693647460163581e-01,-2.406953371481053150e-01,5.049968512612247329e-01,-2.695481650522731920e-01,1.401799493537652930e-01,-1.980491696803098889e-01,5.460636355190452429e-01,-3.077361229982776558e-02,4.952156173223141722e-01,-7.914754437279751531e-02,1.221378353013456985e-01
6.699659671445047648e-02,3.375824146191043762e-01,3.192879138367128028e-02,2.570064846457748020e-01,1.968594606548034476e-01,-1.444861834183586158e-01,2.287721171247685814e-01,9.372234691935542317e-02,4.703044633228325999e-01,-3.463353864911804247e-02,7.429746109867792214e-02,1.000000000000000000e+00,-2.671449731355184376e-01,2.223646163332236025e-01,-1.593456542794602082e-01,1.483221954857082310e-02,-6.000073857645112918e-01,3.531248932784567529e-01,3.211820496374812595e-01,2.545927061025473059e-01,1.006883261711351285e-01,3.785371159644226879e-01,-2.179329198636631160e-01,-2.658179622069231085e-01,-1.508192497726446590e-01,-5.044689913478364041e-01,5.562216389338888733e-01,-1.779011970183175806e-01,3.487665795245499245e-01,-4.367554566566995977e-02,4.241400448874047546e-01,-1.075104370044022324e-02,-5.603888729821620007e-01,1.021757280760015874e-01,2.177909422218077956e-02,-1.946490185169938436e-01,2.082236429851787307e-01,5.815967109752163272e-02,7.257514965949979358e-01
-3.606719218876510702e-01,-3.291332074918488781e-01,-1.146684638305390386e-01,-3.247423692186444250e-02,-1.304973111291125587e-01,2.139337452300829334e-01,-7.685021013101674126e-02,1.279207135250798044e-01,-3.608560232289447778e-01,-2.591106775098713788e-01,2.483965384130082388e-01,-2.671449731355184376e-01,1.000000000000000000e+00,-2.814308214538253569e-02,-8.545606860862413334e-02,-2.809755816325062994e-01,3.051965898325486037e-01,-2.297340203073135467e-01,-2.415340570058488734e-01,-1.068925243840173483e-01,-2.795263914280671225e-01,-1.401846902962922414e-01,-1.440189828565667518e-01,-2.302589109547411445e-02,-1.880037727100296041e-01,1.095739645355988112e-01,-9.323113842964014797e-02,-2.842105636580190969e-02,-3.833309555190487355e-02,-3.252018997608185913e-01,-1.155558796065195709e-01,-2.298294842681466721e-01,1.598852084421087949e-01,-1.989256719031785858e-01,2.026329785721606991e-01,-1.388813123813172345e-01,1.122533585199419620e-01,-1.395462968188573016e-01,-3.715355525019928273e-01
2.781134286403523226e-01,6.309626249271339526e-01,2.559541269638963001e-01,2.018253799926269521e-01,1.560085850337787627e-01,6.582197279907850973e-01,1.368177876483137323e-01,-2.679982962607053640e-02,5.282865029573404758e-01,2.353203157177212734e-01,4.377287851999740464e-01,2.223646163332236025e-01,-2.814308214538253569e-02,1.000000000000000000e+00,-3.623351668951488858e-01,1.931333578935083839e-01,1.800966829780525080e-01,1.213674919310451100e-01,1.846397937267534872e-01,3.675585322137832345e-02,-2.388665229822008740e-01,4.801752054881439635e-01,-1.004540960989842302e-01,8.271652356347766744e-02,1.204281877851868243e-01,3.614008113788174104e-01,6.852121907666077760e-01,8.257614572026963917e-02,7.818663926651189255e-01,2.540036758755307919e-02,7.614110770263692318e-01,-3.997038067510426396e-02,2.826734092250289820e-01,-1.622414028302480715e-01,6.835013287510474100e-01,2.167475964474144812e-01,7.015893668024385521e-01,1.563806482455681046e-01,2.633991616498060351e-01
4.190348157352036251e-01,-1.588174512953048900e-01,4.449743867762288030e-01,-6.461686791617441417e-01,3.708033749431884907e-01,-5.635211364141324841e-01,-3.862989476776073072e-01,-6.078240311738180024e-01,1.045908259791744344e-01,4.697998681171018931e-01,-3.183852052679572719e-01,-1.593456542794602082e-01,-8.545606860862413334e-02,-3.623351668951488858e-01,1.000000000000000000e+00,5.424950341687639899e-01,2.738680873621653356e-01,1.009415223701763675e-01,2.642380024934648519e-01,1.837352170289004993e-01,7.396820041963313441e-01,-4.178206057482705682e-02,7.492128324835298780e-01,6.446643319165022978e-01,5.535649001047943107e-01,2.855107610028410070e-01,-6.441384204478908249e-01,6.447168011973423152e-01,-5.809595408372404401e-01,6.769709431977523062e-01,-5.629560496848459161e-01,6.169169859959559021e-01,-1.268007078224211992e-02,7.946820285717492993e-01,-6.425090465828265929e-01,5.907079777877977111e-01,-7.276501646804316437e-01,6.081040021209223045e-01,2.742494311305151283e-02
7.904240310614212284e-01,4.819036213055231110e-01,7.599077877137164760e-01,-2.426392187031090331e-01,6.887634935966723271e-01,-2.514531761770046892e-01,-6.066800381296916927e-02,-7.673165983088858777e-01,6.677388261852119644e-01,8.625143051874979427e-01,-2.643050446864284725e-02,1.483221954857082310e-02,-2.809755816325062994e-01,1.931333578935083839e-01,5.424950341687639899e-01,1.000000000000000000e+00,2.433681470104548106e-01,5.362705530086724348e-01,6.500253805759088621e-01,3.328041712028760313e-01,6.580373932992295005e-01,3.548829953962975847e-01,7.682300361962197677e-01,5.973325189589778761e-01,7.825012120311157782e-01,4.629565400440505130e-01,-1.400264465823423954e-01,7.174376912622256741e-01,-7.463582320755215993e-02,8.447586569108186394e-01,3.211019686496696668e-02,5.325352581960022258e-01,2.517082760567083272e-02,7.223187652521120272e-01,-2.542625106120241507e-01,7.232887069324440699e-01,-3.176954127973422581e-01,5.849278015044727663e-01,3.891187959170464561e-01
1.300607855650471045e-01,-1.054220645466292933e-01,2.850969392977464878e-01,-2.375578951328495281e-01,6.481083851337469948e-02,3.084290148298997059e-01,-2.434547780263492389e-01,-3.099702189241957395e-01,-5.140833241272462634e-02,3.109193596712468977e-01,3.905283077833630045e-01,-6.000073857645112918e-01,3.051965898325486037e-01,1.800966829780525080e-01,2.738680873621653356e-01,2.433681470104548106e-01,1.000000000000000000e+00,-2.513050319735169458e-01,-5.422397968312531180e-02,-1.580305277818112308e-01,-1.246060086613747647e-02,-1.371234517952645560e-01,3.433094629043736967e-01,4.759054846324504151e-01,3.944030101560351276e-01,7.875145351557792939e-01,-2.544868978875982624e-01,4.484886836988793424e-01,-6.934631505789064232e-02,1.832251811795736207e-01,-9.606616430572313681e-02,1.681490865954312630e-01,6.428782995398648614e-01,1.006794823220397705e-01,2.085969651419444237e-01,4.765437420570187710e-01,1.914852452613604802e-02,3.118094857860958524e-01,-3.471988432210016962e-01
4.126385878253071016e-01,3.907181133759096703e-01,6.288560171414591116e-01,1.329600101654812849e-01,7.754811472556546459e-01,-3.510431644984784438e-01,2.473064414061442728e-01,-5.708285194586132372e-01,5.776482155687052700e-01,5.086702675230286852e-01,2.317719118287753580e-02,3.531248932784567529e-01,-2.297340203073135467e-01,1.213674919310451100e-01,1.009415223701763675e-01,5.362705530086724348e-01,-2.513050319735169458e-01,1.000000000000000000e+00,8.160152535394652462e-01,2.724247883846943052e-01,4.437149578590873222e-01,3.191751147627944207e-01,3.200214636284464120e-01,1.668550139191170012e-01,4.004686848803850063e-01,-1.121909419077066067e-01,7.413687774151839216e-02,3.440254909521151538e-01,-1.470561681039744481e-02,4.518022931708990941e-01,2.332764192960329885e-01,1.523939868742514581e-01,-4.967682930504088157e-01,4.794125474380424023e-01,-2.149392598153513911e-01,1.616407047306108458e-01,-1.748264463075024644e-01,6.072710318961599407e-02,4.789581439824473486e-01
4.868365095792802077e-01,3.634685918501494029e-01,7.355966630915066196e-01,3.324167576718201240e-03,7.360133799693527878e-01,-3.531685963407770190e-01,1.393432412807224796e-01,-6.872284922669653628e-01,6.309912627431294441e-01,6.474323643670703010e-01,9.278530745905388954e-02,3.211820496374812595e-01,-2.415340570058488734e-01,1.846397937267534872e-01,2.642380024934648519e-01,6.500253805759088621e-01,-5.422397968312531180e-02,8.160152535394652462e-01,1.000000000000000000e+00,3.163761289001441046e-01,5.308314556193918232e-01,4.230652561946974255e-01,4.681206351031795831e-01,2.760083974380814764e-01,5.979627096064207281e-01,1.236434397875450508e-01,6.536265072376633289e-02,5.540157668957138570e-01,-4.921472716267358966e-02,5.466268884170591980e-01,2.666198341289256479e-01,1.806898184701001553e-01,-3.038086304183675868e-01,6.003447483296424636e-01,-2.044900266120755761e-01,3.012529077814891099e-01,-1.821607983061331038e-01,1.973473434245542613e-01,5.525074672107702645e-01
2.927392434711248437e-01,2.029495677874809945e-01,2.661733248449472677e-01,1.029150086778367335e-01,2.668427409294752417e-01,-3.455374735875015313e-01,2.339788576697728328e-01,-2.390692161185879183e-01,2.382820870036505834e-01,2.888889559658308070e-01,9.096759792324747573e-02,2.545927061025473059e-01,-1.068925243840173483e-01,3.675585322137832345e-02,1.837352170289004993e-01,3.328041712028760313e-01,-1.580305277818112308e-01,2.724247883846943052e-01,3.163761289001441046e-01,1.000000000000000000e+00,4.022935819338560592e-01,5.427893967127966901e-01,2.931736184556452685e-01,1.434127946440994505e-01,1.893315502945665807e-01,1.571316852435614836e-02,1.388828903558126382e-01,3.248471581846369971e-01,-4.177519107909014387e-03,2.808728260462655113e-01,3.036267940793046724e-02,1.334932018182383717e-01,-3.745294309674160882e-01,3.446515785970814538e-01,-2.423324091942226366e-01,1.061393567951887523e-01,-1.796433919496027709e-01,2.939559487810658456e-01,3.991057352472576758e-01
5.803098412617062607e-01,1.195367543943397920e-01,5.906264165555141776e-01,-3.699287857992435424e-01,5.674194171444111312e-01,-6.787626679661100670e-01,-1.438829149667164020e-01,-7.335907195335893416e-01,3.182922966786571051e-01,5.717539401735114435e-01,-2.982594452058510148e-01,1.006883261711351285e-01,-2.795263914280671225e-01,-2.388665229822008740e-01,7.396820041963313441e-01,6.580373932992295005e-01,-1.246060086613747647e-02,4.437149578590873222e-01,5.308314556193918232e-01,4.022935819338560592e-01,1.000000000000000000e+00,2.486339391370535334e-01,7.553556795881388730e-01,5.690120148431749847e-01,6.036775393639033371e-01,8.188552485801436909e-02,-4.217209325073807413e-01,6.999043763264104490e-01,-4.367228953332936148e-01,7.459980552316533009e-01,-3.363624790278159638e-01,6.074961328702426222e-01,-2.617313074974758069e-01,8.806014150549109631e-01,-6.819685051045496493e-01,5.710056748814690275e-01,-6.695774914574231795e-01,5.551453426381094403e-01,3.493963195281923340e-01
3.769573967742846921e-01,4.858168886018267574e-01,3.759722349690209353e-01,1.836360371532844149e-01,2.344561540328729821e-01,3.584751318218290517e-02,2.007285259200429217e-01,-2.542658956103585610e-01,4.987507021835648757e-01,3.479477012294443505e-01,2.254357963301844847e-01,3.785371159644226879e-01,-1.401846902962922414e-01,4.801752054881439635e-01,-4.178206057482705682e-02,3.548829953962975847e-01,-1.371234517952645560e-01,3.191751147627944207e-01,4.230652561946974255e-01,5.427893967127966901e-01,2.486339391370535334e-01,1.000000000000000000e+00,1.913057553071266792e-01,1.330114405651238729e-01,2.161367622399468502e-01,1.395524021231656087e-01,4.917887743923588517e-01,3.714623206541272649e-01,4.377172554864471876e-01,2.598294611744870197e-01,4.758585121767144321e-01,1.040935425332630976e-01,-1.046669339468236926e-01,2.455558813234308690e-01,1.480536777154029537e-01,1.678444110894794505e-01,2.546164509208912463e-01,2.226459159327522919e-01,4.925957735765549850e-01
6.441476070836116286e-01,1.589014338777437196e-01,6.289922144687020156e-01,-4.816937003371406512e-01,5.419855652862848316e-01,-4.106433507289763418e-01,-3.083705014965437141e-01,-7.464616354009632193e-01,3.336793355962963115e-01,7.132344720791909953e-01,-1.556145417907149053e-01,-2.179329198636631160e-01,-1.440189828565667518e-01,-1.004540960989842302e-01,7.492128324835298780e-01,7.682300361962197677e-01,3.433094629043736967e-01,3.200214636284464120e-01,4.681206351031795831e-01,2.931736184556452685e-01,7.553556795881388730e-01,1.913057553071266792e-01,1.000000000000000000e+00,7.446320801772865483e-01,7.609978678216061665e-01,4.289244986330411069e-01,-4.597070518417978313e-01,7.608016355787109442e-01,-3.583142510649032220e-01,8.132244983786208747e-01,-3.157740165972999224e-01,6.155302539980759269e-01,4.787716074108394615e-02,7.953579705473798889e-01,-4.964286434896520994e-01,6.992203791906625998e-01,-5.563405151126212811e-01,5.867392486715458100e-01,1.511450789378676052e-01
5.566841919033074237e-01,2.075211461642951505e-01,5.292762535915769284e-01,-5.711437729040170774e-01,4.160985329283885537e-01,-1.228683708443786549e-01,-3.660020102519511709e-01,-6.035470806857148318e-01,2.688981013211376170e-01,5.586612181358994178e-01,-2.736849614332380332e-02,-2.658179622069231085e-01,-2.302589109547411445e-02,8.271652356347766744e-02,6.446643319165022978e-01,5.973325189589778761e-01,4.759054846324504151e-01,1.668550139191170012e-01,2.760083974380814764e-01,1.434127946440994505e-01,5.690120148431749847e-01,1.330114405651238729e-01,7.446320801772865483e-01,1.000000000000000000e+00,6.323118096937061505e-01,4.938276637511971878e-01,-3.757212538817465974e-01,6.415689372193021933e-01,-1.536352963947255346e-01,6.471426195786287305e-01,-2.145470031523299126e-01,6.880783396627992987e-01,1.992054576492888751e-01,6.408653007683737801e-01,-2.632029649262470627e-01,7.160944627546494967e-01,-3.422574608089412607e-01,6.634536041934963047e-01,2.401359398406383017e-02
6.803769310307220541e-01,3.331207991369374843e-01,6.915437802401633860e-01,-3.534374433032915763e-01,5.509706787215876700e-01,-2.186992154431556257e-01,-1.860212810232557690e-01,-7.401483947867173452e-01,4.903976225616242801e-01,7.907212798934891707e-01,-2.835906435500394965e-02,-1.508192497726446590e-01,-1.880037727100296041e-01,1.204281877851868243e-01,5.535649001047943107e-01,7.825012120311157782e-01,3.944030101560351276e-01,4.004686848803850063e-01,5.979627096064207281e-01,1.893315502945665807e-01,6.036775393639033371e-01,2.161367622399468502e-01,7.609978678216061665e-01,6.323118096937061505e-01,1.000000000000000000e+00,5.520880641266247002e-01,-2.265790972166550343e-01,7.473350294441331032e-01,-1.674133774905146310e-01,7.502306283036213053e-01,-2.045798205403604603e-02,4.418395248025770994e-01,1.635289522205004287e-01,6.816174575150596437e-01,-2.345672336949826686e-01,6.914421561901462621e-01,-3.191090593789170371e-01,4.819230432449843060e-01,2.814170917103785974e-01
3.811921141253705736e-01,1.651188506517076715e-01,4.197953286632272740e-01,-2.384301781868158054e-01,1.306616226725046126e-01,3.334904115068984543e-01,-1.622871272369529605e-01,-3.915480840209459856e-01,2.239749916257668116e-01,5.427241496974839485e-01,3.232696058385290949e-01,-5.044689913478364041e-01,1.095739645355988112e-01,3.614008113788174104e-01,2.855107610028410070e-01,4.629565400440505130e-01,7.875145351557792939e-01,-1.121909419077066067e-01,1.236434397875450508e-01,1.571316852435614836e-02,8.188552485801436909e-02,1.395524021231656087e-01,4.289244986330411069e-01,4.938276637511971878e-01,5.520880641266247002e-01,1.000000000000000000e+00,-7.489824032882730354e-02,5.631594501307330969e-01,8.498383447772209220e-02,3.622183950344761150e-01,1.028654764856951342e-01,1.737838927125988364e-01,6.897176511058932258e-01,1.844267648296666340e-01,2.881063810697253036e-01,6.024118033907884806e-01,1.007903421007606548e-01,3.702892960480642093e-01,-1.478158426292061900e-01
9.760797376787536811e-03,5.332397453533826992e-01,-9.457347449477000734e-02,4.835669075051672317e-01,-8.531714226360073705e-02,5.121410916189230722e-01,3.302515947395714413e-01,3.374456861995518420e-01,4.169611225880566208e-01,-6.997323206847906596e-02,4.340635950677587673e-01,5.562216389338888733e-01,-9.323113842964014797e-02,6.852121907666077760e-01,-6.441384204478908249e-01,-1.400264465823423954e-01,-2.544868978875982624e-01,7.413687774151839216e-02,6.536265072376633289e-02,1.388828903558126382e-01,-4.217209325073807413e-01,4.917887743923588517e-01,-4.597070518417978313e-01,-3.757212538817465974e-01,-2.265790972166550343e-01,-7.489824032882730354e-02,1.000000000000000000e+00,-3.013141930876985231e-01,8.116808465412863605e-01,-3.091627787864660304e-01,8.145131213373549839e-01,-2.861296062371663229e-01,-3.906266973748617755e-02,-3.998104065306029575e-01,6.541385408327006212e-01,-2.351300933516259350e-01,7.766805203363760235e-01,-1.320441400006568677e-01,4.803674792507167113e-01
5.521254848045004104e-01,1.284794729250280376e-01,7.755799345729700311e-01,-3.199680693035147905e-01,5.594179867177457854e-01,-3.041175512076567666e-01,-1.467141266979206105e-01,-8.374418223672668304e-01,3.460293086392117745e-01,6.934402970771728070e-01,7.644308311861239269e-02,-1.779011970183175806e-01,-2.842105636580190969e-02,8.257614572026963917e-02,6.447168011973423152e-01,7.174376912622256741e-01,4.484886836988793424e-01,3.440254909521151538e-01,5.540157668957138570e-01,3.248471581846369971e-01,6.999043763264104490e-01,3.714623206541272649e-01,7.608016355787109442e-01,6.415689372193021933e-01,7.473350294441331032e-01,5.631594501307330969e-01,-3.013141930876985231e-01,1.000000000000000000e+00,-2.500725748290868466e-01,6.960713138870583405e-01,-8.952387939247309634e-02,4.209756824839360756e-01,1.243526191442560630e-01,7.577595912248077381e-01,-3.017126510796399042e-01,6.873475626835574559e-01,-3.829042169032295106e-01,5.461463766214594839e-01,1.779702367474265134e-01
1.380549267111680078e-01,6.239083324430970690e-01,-9.889036060119645033e-02,3.254752993198647970e-01,-1.178504560664492967e-01,6.965411903939675575e-01,1.539699829841025547e-01,3.246507206382610033e-01,4.147581009776030725e-01,-1.911067109760730340e-02,4.049693647460163581e-01,3.487665795245499245e-01,-3.833309555190487355e-02,7.818663926651189255e-01,-5.809595408372404401e-01,-7.463582320755215993e-02,-6.934631505789064232e-02,-1.470561681039744481e-02,-4.921472716267358966e-02,-4.177519107909014387e-03,-4.367228953332936148e-01,4.377172554864471876e-01,-3.583142510649032220e-01,-1.536352963947255346e-01,-1.674133774905146310e-01,8.498383447772209220e-02,8.116808465412863605e-01,-2.500725748290868466e-01,1.000000000000000000e+00,-2.095833562925071558e-01,7.600037473869095672e-01,-1.397606913112319216e-01,1.698711828477804942e-01,-3.989131209605166761e-01,7.432153064023250266e-01,-5.816255297308001171e-02,8.251501402356652415e-01,-9.546922477475442217e-03,2.738434165031103928e-01
8.204117005355953118e-01,4.102992797346680098e-01,6.779927152753513209e-01,-3.852443816333093740e-01,6.284690805538809544e-01,-3.930392453474922942e-01,-1.530519019472188769e-01,-7.429891307173076553e-01,5.615963784648212442e-01,7.862130324251661584e-01,-2.406953371481053150e-01,-4.367554566566995977e-02,-3.252018997608185913e-01,2.540036758755307919e-02,6.769709431977523062e-01,8.447586569108186394e-01,1.832251811795736207e-01,4.518022931708990941e-01,5.466268884170591980e-01,2.808728260462655113e-01,7.459980552316533009e-01,2.598294611744870197e-01,8.132244983786208747e-01,6.471426195786287305e-01,7.502306283036213053e-01,3.622183950344761150e-01,-3.091627787864660304e-01,6.960713138870583405e-01,-2.095833562925071558e-01,1.000000000000000000e+00,-1.694511446696481405e-01,6.463060505979614234e-01,-3.637280999884692778e-02,7.939754800756286812e-01,-4.545892812462006272e-01,7.250425330153302816e-01,-4.907620320011675252e-01,6.001659646900331380e-01,2.764272823253034472e-01
1.006105227240103872e-01,5.667537042255148538e-01,1.675175680351936869e-01,3.765838758059686375e-01,7.863716068997943232e-02,5.443552209631059569e-01,2.844871097140880267e-01,8.554943745515837528e-02,5.007523113736989107e-01,1.183070339401132709e-01,5.049968512612247329e-01,4.241400448874047546e-01,-1.155558796065195709e-01,7.614110770263692318e-01,-5.629560496848459161e-01,3.211019686496696668e-02,-9.606616430572313681e-02,2.332764192960329885e-01,2.666198341289256479e-01,3.036267940793046724e-02,-3.363624790278159638e-01,4.758585121767144321e-01,-3.157740165972999224e-01,-2.145470031523299126e-01,-2.045798205403604603e-02,1.028654764856951342e-01,8.145131213373549839e-01,-8.952387939247309634e-02,7.600037473869095672e-01,-1.694511446696481405e-01,1.000000000000000000e+00,-2.963588081567914978e-01,7.177082085154160018e-02,-2.718950929089014590e-01,6.858393769080431968e-01,-9.195555299068672306e-02,7.580350631303581777e-01,-1.508121797266053776e-01,4.219105662329715734e-01
6.029911151732351149e-01,2.834385911516220102e-01,3.642031044724423072e-01,-4.932722640952242332e-01,4.135681993441716053e-01,-2.810419547974926657e-01,-2.863801931666539735e-01,-4.610474516934979228e-01,3.092540648255686087e-01,4.640136849499340577e-01,-2.695481650522731920e-01,-1.075104370044022324e-02,-2.298294842681466721e-01,-3.997038067510426396e-02,6.169169859959559021e-01,5.325352581960022258e-01,1.681490865954312630e-01,1.523939868742514581e-01,1.806898184701001553e-01,1.334932018182383717e-01,6.074961328702426222e-01,1.040935425332630976e-01,6.155302539980759269e-01,6.880783396627992987e-01,4.418395248025770994e-01,1.737838927125988364e-01,-2.861296062371663229e-01,4.209756824839360756e-01,-1.397606913112319216e-01,6.463060505979614234e-01,-2.963588081567914978e-01,1.000000000000000000e+00,-2.117341222227457978e-02,6.344406659559422845e-01,-4.272695405051164519e-01,6.333311401597684354e-01,-4.284212026300337484e-01,7.435899254206017606e-01,2.242421095912660034e-01
3.731569655846025957e-02,-4.494278045940293224e-03,-7.349085544604336273e-02,-1.430667951176791131e-01,-3.641298033678058155e-01,5.837259238432647157e-01,-2.311421220252919129e-01,7.059517526420230893e-02,-1.082925022183070102e-01,8.882309711368627236e-02,1.401799493537652930e-01,-5.603888729821620007e-01,1.598852084421087949e-01,2.826734092250289820e-01,-1.268007078224211992e-02,2.517082760567083272e-02,6.428782995398648614e-01,-4.967682930504088157e-01,-3.038086304183675868e-01,-3.745294309674160882e-01,-2.617313074974758069e-01,-1.046669339468236926e-01,4.787716074108394615e-02,1.992054576492888751e-01,1.635289522205004287e-01,6.897176511058932258e-01,-3.906266973748617755e-02,1.243526191442560630e-01,1.698711828477804942e-01,-3.637280999884692778e-02,7.177082085154160018e-02,-2.117341222227457978e-02,1.000000000000000000e+00,-2.372226413472247331e-01,4.637791885258573665e-01,3.222432772224589903e-01,3.137972262128170264e-01,8.054524801582448046e-02,-3.837334790236116011e-01
6.049161683766602904e-01,1.383508074342060523e-01,6.978957906584232207e-01,-4.726473397938061316e-01,6.626445157663441998e-01,-6.141585013272231608e-01,-2.297194226532584260e-01,-8.007844270991901769e-01,4.118592005254971822e-01,6.506794684300367670e-01,-1.980491696803098889e-01,1.021757280760015874e-01,-1.989256719031785858e-01,-1.622414028302480715e-01,7.946820285717492993e-01,7.223187652521120272e-01,1.006794823220397705e-01,4.794125474380424023e-01,6.003447483296424636e-01,3.446515785970814538e-01,8.806014150549109631e-01,2.455558813234308690e-01,7.953579705473798889e-01,6.408653007683737801e-01,6.816174575150596437e-01,1.844267648296666340e-01,-3.998104065306029575e-01,7.577595912248077381e-01,-3.989131209605166761e-01,7.939754800756286812e-01,-2.718950929089014590e-01,6.344406659559422845e-01,-2.372226413472247331e-01,1.000000000000000000e+00,-6.233096327534464187e-01,6.103439433980095696e-01,-6.390470197354028992e-01,6.137407479528497189e-01,3.643296633992170186e-01
-1.853130397017289654e-01,2.803846947845209936e-01,-1.802477835947803586e-01,3.514249887899677516e-01,-2.929658126807335172e-01,8.532028301691406691e-01,1.654388297110923056e-01,3.957093634902294488e-01,1.209193494340884273e-01,-1.406467032254090088e-01,5.460636355190452429e-01,2.177909422218077956e-02,2.026329785721606991e-01,6.835013287510474100e-01,-6.425090465828265929e-01,-2.542625106120241507e-01,2.085969651419444237e-01,-2.149392598153513911e-01,-2.044900266120755761e-01,-2.423324091942226366e-01,-6.819685051045496493e-01,1.480536777154029537e-01,-4.964286434896520994e-01,-2.632029649262470627e-01,-2.345672336949826686e-01,2.881063810697253036e-01,6.541385408327006212e-01,-3.017126510796399042e-01,7.432153064023250266e-01,-4.545892812462006272e-01,6.858393769080431968e-01,-4.272695405051164519e-01,4.637791885258573665e-01,-6.233096327534464187e-01,1.000000000000000000e+00,-1.452265119992934561e-01,8.827399613645470211e-01,-2.531006276935998112e-01,-4.851830813526035457e-02
7.141961236551740422e-01,3.684695119533914487e-01,5.894847863818226674e-01,-3.826424623716320750e-01,4.504211047959591485e-01,-6.118890744848658192e-02,-1.793150181466822979e-01,-6.345939291510382940e-01,4.227305685268784585e-01,7.084934062959021839e-01,-3.077361229982776558e-02,-1.946490185169938436e-01,-1.388813123813172345e-01,2.167475964474144812e-01,5.907079777877977111e-01,7.232887069324440699e-01,4.765437420570187710e-01,1.616407047306108458e-01,3.012529077814891099e-01,1.061393567951887523e-01,5.710056748814690275e-01,1.678444110894794505e-01,6.992203791906625998e-01,7.160944627546494967e-01,6.914421561901462621e-01,6.024118033907884806e-01,-2.351300933516259350e-01,6.873475626835574559e-01,-5.816255297308001171e-02,7.250425330153302816e-01,-9.195555299068672306e-02,6.333311401597684354e-01,3.222432772224589903e-01,6.103439433980095696e-01,-1.452265119992934561e-01,1.000000000000000000e+00,-2.615333840704706647e-01,7.038511750598368533e-01,1.643406652935671119e-01
-1.861630532856256015e-01,3.526077833070049850e-01,-2.571517263719108604e-01,4.412619727668058989e-01,-3.173537240522598668e-01,8.008300335163354156e-01,2.013189219664014984e-01,4.755379055231615526e-01,1.667083064147413252e-01,-2.294653742133126173e-01,4.952156173223141722e-01,2.082236429851787307e-01,1.122533585199419620e-01,7.015893668024385521e-01,-7.276501646804316437e-01,-3.176954127973422581e-01,1.914852452613604802e-02,-1.748264463075024644e-01,-1.821607983061331038e-01,-1.796433919496027709e-01,-6.695774914574231795e-01,2.546164509208912463e-01,-5.563405151126212811e-01,-3.422574608089412607e-01,-3.191090593789170371e-01,1.007903421007606548e-01,7.766805203363760235e-01,-3.829042169032295106e-01,8.251501402356652415e-01,-4.907620320011675252e-01,7.580350631303581777e-01,-4.284212026300337484e-01,3.137972262128170264e-01,-6.390470197354028992e-01,8.827399613645470211e-01,-2.615333840704706647e-01,1.000000000000000000e+00,-2.922122920184860306e-01,8.454391597868558816e-02
5.858097429802289202e-01,3.019288984754319172e-01,4.500203579923505171e-01,-4.140628305417653476e-01,4.028368851893026070e-01,-1.461895359212171119e-01,-1.928511931660251422e-01,-4.865877632992851587e-01,3.874905941399487963e-01,5.048732923917199633e-01,-7.914754437279751531e-02,5.815967109752163272e-02,-1.395462968188573016e-01,1.563806482455681046e-01,6.081040021209223045e-01,5.849278015044727663e-01,3.118094857860958524e-01,6.072710318961599407e-02,1.973473434245542613e-01,2.939559487810658456e-01,5.551453426381094403e-01,2.226459159327522919e-01,5.867392486715458100e-01,6.634536041934963047e-01,4.819230432449843060e-01,3.702892960480642093e-01,-1.320441400006568677e-01,5.461463766214594839e-01,-9.546922477475442217e-03,6.001659646900331380e-01,-1.508121797266053776e-01,7.435899254206017606e-01,8.054524801582448046e-02,6.137407479528497189e-01,-2.531006276935998112e-01,7.038511750598368533e-01,-2.922122920184860306e-01,1.000000000000000000e+00,3.075359576245053628e-01
4.195331902643237854e-01,5.159097689689307042e-01,3.242238152087056902e-01,1.852490805994366219e-01,3.966263581452217357e-01,-2.125021633051422942e-01,2.416746455071200894e-01,-2.452531812123520394e-01,6.695265733083084481e-01,4.008912045374685706e-01,1.221378353013456985e-01,7.257514965949979358e-01,-3.715355525019928273e-01,2.633991616498060351e-01,2.742494311305151283e-02,3.891187959170464561e-01,-3.471988432210016962e-01,4.789581439824473486e-01,5.525074672107702645e-01,3.991057352472576758e-01,3.493963195281923340e-01,4.925957735765549850e-01,1.511450789378676052e-01,2.401359398406383017e-02,2.814170917103785974e-01,-1.478158426292061900e-01,4.803674792507167113e-01,1.779702367474265134e-01,2.738434165031103928e-01,2.764272823253034472e-01,4.219105662329715734e-01,2.242421095912660034e-01,-3.837334790236116011e-01,3.643296633992170186e-01,-4.851830813526035457e-02,1.643406652935671119e-01,8.454391597868558816e-02,3.075359576245053628e-01,1.000000000000000000e+00
