1.000000000000000000e+00,8.040044913145545369e-01,5.882561549215870045e-02,1.669431464169421342e-01,2.586577162032897004e-01,-2.493311363601246472e-02,-9.906326993456859853e-02,-7.161420712796735810e-02,5.260357567311736426e-01,7.591764444437225645e-01,-1.411187580435908639e-01,4.473401934956992010e-01,8.623637867457553674e-02,4.631494288343728782e-01,5.107311652969332982e-01,6.628203760473740935e-01,1.832759517632846780e-01,4.884008163191809748e-01,3.594496280022654311e-01,3.628512847813274433e-01,1.647337800249862316e-01,3.186781237281519075e-01,5.024902448910696373e-01,1.612752990073657022e-01,3.568467066611354377e-01,6.226265406356196186e-01,2.741363058023612576e-01,4.560040201915211422e-01,6.641748803964794279e-01,6.139892356136917861e-01,8.064315499454197469e-03,4.841870509208980877e-01,3.879200953269757446e-01,2.847848621562563687e-01,-1.834119434819868055e-01,-8.889841347605510757e-02,3.491988532928140820e-01,6.372582356260143577e-01,5.740044915818908189e-01
8.040044913145545369e-01,1.000000000000000000e+00,-2.407131438356866285e-02,-9.677524081662920719e-02,2.334486150079706779e-01,2.288301518094570663e-01,-3.734621486530142337e-02,-9.047997428567622347e-02,4.583461652969587630e-01,6.061250285670273241e-01,1.262653974101051180e-01,3.284203186535123442e-01,3.787474207238296711e-03,3.927512859156674918e-01,2.640847479072634396e-01,4.432018996539963118e-01,2.761671739740016451e-01,3.402361831356950361e-01,2.241521234479211533e-01,9.389183202017976904e-02,-1.347177494655056422e-02,1.803613711342902104e-01,4.094595048462162934e-01,1.776773537878602316e-01,2.373329437021474975e-01,4.812612487416002560e-01,4.399495474015817087e-01,1.910835989873042040e-01,6.179713254503663711e-01,5.626082965668879332e-01,1.940475567149750613e-02,6.577054340850263525e-01,1.681232277363302330e-01,1.297618212936806625e-01,-2.183500916033283279e-02,-1.290116109135553413e-01,3.532125609320158066e-01,5.262462906670657414e-01,6.201655990144868680e-01
5.882561549215870045e-02,-2.407131438356866285e-02,1.000000000000000000e+00,2.598616768880285810e-01,7.281031356933250764e-01,-3.309798850479317434e-01,-1.452490798507341052e-03,-3.275476030897087054e-01,5.644639563790947445e-01,3.185034670721090810e-01,-3.647150259263456373e-01,2.154076646049216393e-01,-2.320993352338810156e-01,4.669753778065428573e-01,3.865737582023211494e-01,4.109434345710231140e-01,-2.966170360721745187e-03,5.847794419830623092e-01,6.770716517910865262e-01,5.062676678492080695e-01,4.651050487398029065e-01,4.270449248555738819e-01,4.693388768818110290e-01,3.351802112373873932e-01,4.787420733830913822e-01,5.290415378142833136e-01,1.183004649080600240e-01,5.989434463998605240e-01,2.372159802481301760e-01,3.839753923973618921e-01,2.486607191542669071e-01,1.039288048052832564e-01,6.079124501407170422e-01,7.164224309575351057e-01,-2.227485471532868744e-01,5.204264651898963256e-01,9.558384363383795601e-02,2.950556852946037978e-01,2.310879558564865321e-01
1.669431464169421342e-01,-9.677524081662920719e-02,2.598616768880285810e-01,1.000000000000000000e+00,2.633933603618340280e-01,-5.829554924238453673e-01,-6.583022811066155389e-02,2.179615846150934344e-01,2.493735277868217859e-01,3.565674134121169514e-01,-5.424523510231346046e-01,6.068980356774111851e-01,2.536172580179436586e-01,1.069130153142565098e-01,6.166240143718293432e-01,5.047103969953091740e-01,-2.867176591842799938e-01,5.218842529311698009e-01,4.093040400332308426e-01,7.228392188065451140e-01,4.080595583178801555e-01,4.832151771207434110e-01,2.321650016004457862e-01,-1.571376037810694459e-01,8.685699950368928890e-02,3.144225547699490142e-01,-2.072411376890424817e-01,5.157662240742658666e-01,1.497225156659187997e-02,2.912335121092423651e-01,-2.375355218383319034e-01,-2.326744000359647624e-01,5.072751277716222029e-01,5.888890965884894246e-01,-5.137600879361978734e-01,-2.559743941104429543e-02,2.810042874764624374e-02,2.362430660511440905e-01,2.662971243569536850e-01
2.586577162032897004e-01,2.334486150079706779e-01,7.281031356933250764e-01,2.633933603618340280e-01,1.000000000000000000e+00,-1.987554374445230088e-01,-1.695600809597002170e-02,-4.064187661051192335e-01,5.994598484678992367e-01,3.665156373724933747e-01,-1.436802357629942406e-01,2.585084390304534518e-01,-1.345857368929778697e-01,5.708108334796236916e-01,3.343711295326007304e-01,4.130820032433028532e-01,1.815330686510950309e-01,5.482544367764551341e-01,5.639337227768623784e-01,3.612440731617999612e-01,2.583570301831517591e-01,2.718049521287496662e-01,5.305026375418849804e-01,3.001692861362927900e-01,4.678477318474750790e-01,5.015063434088272709e-01,1.768034198514665256e-01,4.292205412416199573e-01,2.985775846584584614e-01,5.012552604003913670e-01,1.458506972460028028e-01,2.661277454068710080e-01,3.843176247725078043e-01,6.353436189274146439e-01,-2.351264884172460101e-01,3.354434972734561260e-01,1.515025592232675522e-01,3.586982315221770024e-01,3.733677409000634162e-01
-2.493311363601246472e-02,2.288301518094570663e-01,-3.309798850479317434e-01,-5.829554924238453673e-01,-1.987554374445230088e-01,1.000000000000000000e+00,3.039892753476438614e-01,-2.158517007139367505e-01,-1.196323238523601395e-01,-1.568205435324505348e-01,7.028480651573234539e-01,-4.009043396814819249e-01,-2.512522294552833602e-01,4.542541706992621331e-02,-6.334211124804228765e-01,-4.035653940498553083e-01,2.812850587754119336e-01,-4.194186572022877146e-01,-3.424516691631669385e-01,-6.336292501913810549e-01,-4.087183717916400005e-01,-4.114844549676781593e-01,-1.017460251784969849e-01,1.952870815786133807e-01,-6.218482101793069289e-02,-3.714319271485075347e-01,3.251764198472206768e-01,-4.972880372379137048e-01,2.795316966486907639e-01,-7.985732953703983394e-02,3.666919891133454401e-01,5.154005362419823433e-01,-4.036517344217297465e-01,-4.742595279773897943e-01,7.320985722128692252e-01,-9.998627687433135625e-02,3.875953595565044818e-01,-3.612991135517393260e-01,-1.567253748979074157e-01
-9.906326993456859853e-02,-3.734621486530142337e-02,-1.452490798507341052e-03,-6.583022811066155389e-02,-1.695600809597002170e-02,3.039892753476438614e-01,1.000000000000000000e+00,1.881904501796402285e-01,-9.398616333549333901e-02,-1.795137133455569911e-01,4.186351613313908371e-01,-3.428201988649776100e-01,1.266336131427248934e-01,4.583955988793429748e-02,-4.073723560916847064e-01,-2.721553639443465844e-01,1.654588536556791667e-01,-2.135721862633928603e-01,-1.893899036128788016e-01,-2.368693755422598135e-01,1.221116232075716151e-01,-1.767907951932519151e-01,-6.283306370378674566e-02,4.250926978237365428e-02,-6.108061663922541296e-02,-2.508434204509605858e-01,1.353292116341797136e-01,-1.849673529407430128e-01,1.150249513293529618e-02,1.223125036381240843e-01,9.040782537575900446e-02,7.369290448770768331e-02,-1.180657614038888997e-01,-2.424611099846820939e-01,3.693435003302798503e-01,-2.121799010714549294e-01,1.497837624014880242e-01,-2.409643064558727177e-01,-2.504017272184377862e-01
-7.161420712796735810e-02,-9.047997428567622347e-02,-3.275476030897087054e-01,2.179615846150934344e-01,-4.064187661051192335e-01,-2.158517007139367505e-01,1.881904501796402285e-01,1.000000000000000000e+00,-3.380391959052331252e-01,-1.663171728428666230e-01,-1.301046004570857451e-01,-1.272386174032632232e-02,2.569141365032923119e-01,-4.502889920025860415e-01,2.700751893127238679e-02,-1.388392537140288041e-01,-1.448241717335418122e-01,-1.966206723533820422e-01,-3.521065907960206354e-01,1.119135592495226761e-01,3.972519369791205346e-01,-3.098735706888596300e-02,-3.885764707961906761e-01,-3.491524465511310904e-01,-3.788045063433432835e-01,-1.397956115533616483e-01,-1.714576950822056245e-01,-1.442624375727454000e-02,-1.585564096190787420e-01,-7.240711637105026743e-02,-3.822110341782521958e-01,-2.860664943598882348e-01,1.945301001555820031e-02,-2.511544458380161049e-01,-1.686423944156950627e-02,-3.331558365498497598e-01,-1.037005411866786797e-01,1.742820007072925365e-02,-8.907171591332234406e-02
5.260357567311736426e-01,4.583461652969587630e-01,5.644639563790947445e-01,2.493735277868217859e-01,5.994598484678992367e-01,-1.196323238523601395e-01,-9.398616333549333901e-02,-3.380391959052331252e-01,1.000000000000000000e+00,6.247293611585559292e-01,-1.412348303100514346e-01,3.687992739328760372e-01,-1.636856888970230073e-01,6.566224686175078373e-01,4.589805520643865377e-01,5.929875880371638930e-01,2.634641061864952394e-01,5.922024578176424692e-01,6.314354932835291034e-01,4.219402464147097853e-01,2.702287181359991908e-01,3.348163606195190822e-01,6.818998178651005659e-01,3.946780887211291944e-01,6.121326413258127985e-01,7.259108046587042784e-01,4.897237165126501757e-01,5.625295875405674773e-01,5.235217082710106329e-01,5.896805022202933344e-01,2.752949039777792817e-01,5.145027052245023658e-01,5.261795865376831527e-01,6.678341651522436972e-01,-2.328040779721144149e-01,2.830149353944611534e-01,2.826249123657431639e-01,6.034199320554906043e-01,6.032648744932858076e-01
7.591764444437225645e-01,6.061250285670273241e-01,3.185034670721090810e-01,3.565674134121169514e-01,3.665156373724933747e-01,-1.568205435324505348e-01,-1.795137133455569911e-01,-1.663171728428666230e-01,6.247293611585559292e-01,1.000000000000000000e+00,-3.764559898710522212e-01,6.090402940609456195e-01,-3.751318566283429190e-02,5.114555659586028646e-01,6.602282874670254431e-01,8.523259431456247093e-01,-2.292128268486679984e-02,6.690352123073886048e-01,6.194103595841161658e-01,5.684545466051877938e-01,2.330208962585144927e-01,5.493967035990036107e-01,6.269983411609365564e-01,2.097625096735923900e-01,4.114464301514795808e-01,7.114633038088682415e-01,2.568710037915047928e-01,6.160303194811737049e-01,6.416975072189404772e-01,6.604945831790952626e-01,7.234191936707679016e-02,4.306665521439287936e-01,6.013971624204519362e-01,5.647375532505118922e-01,-2.764023252882148451e-01,1.411841429079922772e-01,3.872403568538693719e-01,5.971283198665408021e-01,6.141562260939528173e-01
-1.411187580435908639e-01,1.262653974101051180e-01,-3.647150259263456373e-01,-5.424523510231346046e-01,-1.436802357629942406e-01,7.028480651573234539e-01,4.186351613313908371e-01,-1.301046004570857451e-01,-1.412348303100514346e-01,-3.764559898710522212e-01,1.000000000000000000e+00,-5.565517525672608601e-01,-7.975649148413992140e-02,2.888117012620086688e-02,-7.334730275317390413e-01,-5.603440561742948356e-01,5.663168147918049566e-01,-5.556698451890147439e-01,-5.020907364587992028e-01,-7.522688321172699144e-01,-3.677828886526685603e-01,-6.296060569741448454e-01,-1.862607031110992961e-01,1.836476522193105088e-01,-8.746806119228833776e-02,-4.357480973800442192e-01,2.683239010616241815e-01,-6.086403254907231108e-01,-5.763077141361561823e-02,-5.102108165385224603e-02,1.663710021277203244e-01,3.147384163636157695e-01,-6.261437618414108508e-01,-5.376852946459137472e-01,5.366384496324676512e-01,-2.280251906914946558e-01,1.005475069293385211e-02,-3.511786708007044733e-01,-2.262057592282027685e-01
4.473401934956992010e-01,3.284203186535123442e-01,2.154076646049216393e-01,6.068980356774111851e-01,2.585084390304534518e-01,-4.009043396814819249e-01,-3.428201988649776100e-01,-1.272386174032632232e-02,3.687992739328760372e-01,6.090402940609456195e-01,-5.565517525672608601e-01,1.000000000000000000e+00,1.518461755046991712e-01,1.912859110781727490e-01,7.297769427869841286e-01,7.069537489422864640e-01,-3.070464498824393984e-01,6.673181907119744016e-01,5.710578031605592075e-01,6.647660165671631649e-01,1.419138029343158525e-01,7.346538757104079664e-01,4.358171810862020434e-01,-5.391534939880697486e-02,1.613272231683170743e-01,4.843787733060764267e-01,1.448616118603485714e-01,4.460581356776222584e-01,2.410405464456685243e-01,3.962500863109850724e-01,-1.175471570662929011e-01,2.064895900206944190e-01,5.753646696631216084e-01,6.145509165299970489e-01,-5.722500770224785427e-01,1.030484475829020335e-01,2.032375876615165611e-01,4.007528972163111325e-01,6.759152175010995078e-01
8.623637867457553674e-02,3.787474207238296711e-03,-2.320993352338810156e-01,2.536172580179436586e-01,-1.345857368929778697e-01,-2.512522294552833602e-01,1.266336131427248934e-01,2.569141365032923119e-01,-1.636856888970230073e-01,-3.751318566283429190e-02,-7.975649148413992140e-02,1.518461755046991712e-01,1.000000000000000000e+00,-2.621421686096374604e-01,1.515525596091451821e-01,9.471113820685260823e-03,-4.662521714999296601e-02,1.056170341715871250e-02,-1.701643515418141406e-01,9.855767586290241355e-02,1.381971408172244786e-01,1.462327852221723401e-01,-9.347185386342436730e-02,-4.747080178258209493e-01,-1.895937204258591469e-01,-5.375858731573004978e-02,-1.763845353832443341e-01,-7.421945730595236324e-02,-2.013738678150011063e-01,-5.913561327167643576e-04,-5.512509941236334310e-01,-2.760726327051242768e-01,-2.422221737217224342e-03,-1.695254110636670863e-01,-3.186628441157773883e-01,-2.772390077052983015e-01,-3.153748383763546048e-01,1.407196508372851596e-01,7.863281223959377175e-02
4.631494288343728782e-01,3.927512859156674918e-01,4.669753778065428573e-01,1.069130153142565098e-01,5.708108334796236916e-01,4.542541706992621331e-02,4.583955988793429748e-02,-4.502889920025860415e-01,6.566224686175078373e-01,5.114555659586028646e-01,2.888117012620086688e-02,1.912859110781727490e-01,-2.621421686096374604e-01,1.000000000000000000e+00,2.325287085125377629e-01,4.549582137037443408e-01,3.143405318630775880e-01,4.345737975574048839e-01,5.170318972091066945e-01,2.123294230979507480e-01,1.188240234321611272e-01,1.682173993718515392e-01,7.333674124428779528e-01,6.469053790112812008e-01,6.933502570096515827e-01,4.504446854508092346e-01,2.527757679262317980e-01,3.822454339118059319e-01,5.155167852325704958e-01,6.720251452200721731e-01,3.748493551593592987e-01,4.994663253675777903e-01,3.342110269053447102e-01,4.677103980284729734e-01,1.909545940593749755e-02,3.279472973266697733e-01,3.887081550270856667e-01,3.477123501177629694e-01,3.385453932712392255e-01
5.107311652969332982e-01,2.640847479072634396e-01,3.865737582023211494e-01,6.166240143718293432e-01,3.343711295326007304e-01,-6.334211124804228765e-01,-4.073723560916847064e-01,2.700751893127238679e-02,4.589805520643865377e-01,6.602282874670254431e-01,-7.334730275317390413e-01,7.297769427869841286e-01,1.515525596091451821e-01,2.325287085125377629e-01,1.000000000000000000e+00,7.930031783007654989e-01,-2.011723197342304703e-01,7.779638711472143253e-01,6.692330981391594324e-01,8.482814254004734655e-01,4.117397257917386755e-01,6.802284130851463662e-01,4.049881600885993915e-01,-5.585609203964604641e-02,2.042462539113381048e-01,7.479991961190414207e-01,-4.554450286099039069e-02,7.665583640788612430e-01,2.828870725066316427e-01,3.642241572786392712e-01,-1.415523171495235155e-01,-2.853733329588319795e-02,7.132983517522656358e-01,6.968428571751169587e-01,-6.733695813538111974e-01,1.748194623679692472e-01,3.534414664853306742e-02,6.691345059308145826e-01,5.317055408852728871e-01
6.628203760473740935e-01,4.432018996539963118e-01,4.109434345710231140e-01,5.047103969953091740e-01,4.130820032433028532e-01,-4.035653940498553083e-01,-2.721553639443465844e-01,-1.388392537140288041e-01,5.929875880371638930e-01,8.523259431456247093e-01,-5.603440561742948356e-01,7.069537489422864640e-01,9.471113820685260823e-03,4.549582137037443408e-01,7.930031783007654989e-01,1.000000000000000000e+00,-1.373438053895834066e-01,7.438266908611174122e-01,7.056490615444347414e-01,7.122226661447217388e-01,2.984485146581837833e-01,6.680201314634091059e-01,5.984648230791346224e-01,1.550376972792264496e-01,3.878037758369278221e-01,7.485762000357268908e-01,1.663565706423160429e-01,7.155840740669526800e-01,4.657172342831494838e-01,6.040531641107130811e-01,4.706376988457885817e-03,2.381985039368298973e-01,6.773378296860431691e-01,6.800704193518003482e-01,-4.903072958743426857e-01,2.439906767684336952e-01,2.722888258771755665e-01,6.033995774294360626e-01,5.876833197194070157e-01
1.832759517632846780e-01,2.761671739740016451e-01,-2.966170360721745187e-03,-2.867176591842799938e-01,1.815330686510950309e-01,2.812850587754119336e-01,1.654588536556791667e-01,-1.448241717335418122e-01,2.634641061864952394e-01,-2.292128268486679984e-02,5.663168147918049566e-01,-3.070464498824393984e-01,-4.662521714999296601e-02,3.143405318630775880e-01,-2.011723197342304703e-01,-1.373438053895834066e-01,1.000000000000000000e+00,-1.184751132848461536e-01,-1.296831546269797686e-01,-3.145611273861962376e-01,2.896239024335750881e-02,-3.674815877393156627e-01,1.486934682469111813e-01,2.703370206787276686e-01,1.904688510618111896e-01,7.276701893536781374e-02,1.991295426162644766e-01,-9.770429772703831395e-02,9.384638044664449230e-02,2.372001165450604854e-01,2.151526054144111411e-01,3.226684286163974957e-01,-1.529939201592492581e-01,-1.319995863833129945e-01,1.430490746364336818e-01,1.314894038107801942e-02,-8.036622207239109417e-02,1.990977113392362885e-01,6.326443968580595933e-02
4.884008163191809748e-01,3.402361831356950361e-01,5.847794419830623092e-01,5.218842529311698009e-01,5.482544367764551341e-01,-4.194186572022877146e-01,-2.135721862633928603e-01,-1.966206723533820422e-01,5.922024578176424692e-01,6.690352123073886048e-01,-5.556698451890147439e-01,6.673181907119744016e-01,1.056170341715871250e-02,4.345737975574048839e-01,7.779638711472143253e-01,7.438266908611174122e-01,-1.184751132848461536e-01,1.000000000000000000e+00,7.941917250637487991e-01,7.425677829974732802e-01,3.915596677876356790e-01,6.390219786020370218e-01,5.274989738182205290e-01,8.343350514520955774e-02,3.391009376232760331e-01,7.626459261266066436e-01,9.444087654648762598e-02,7.288205147010689000e-01,4.037880432285553267e-01,5.195370871836184623e-01,1.362743302066971550e-02,1.862033075789493453e-01,6.940418143060969047e-01,7.608689451124982517e-01,-5.315137075168981928e-01,1.925206228784181739e-01,1.151796976281290741e-01,5.324341031265960034e-01,5.566594660787325122e-01
3.594496280022654311e-01,2.241521234479211533e-01,6.770716517910865262e-01,4.093040400332308426e-01,5.639337227768623784e-01,-3.424516691631669385e-01,-1.893899036128788016e-01,-3.521065907960206354e-01,6.314354932835291034e-01,6.194103595841161658e-01,-5.020907364587992028e-01,5.710578031605592075e-01,-1.701643515418141406e-01,5.170318972091066945e-01,6.692330981391594324e-01,7.056490615444347414e-01,-1.296831546269797686e-01,7.941917250637487991e-01,1.000000000000000000e+00,6.790804776909842300e-01,2.627196421156843265e-01,6.349638774131106667e-01,5.744109242312670505e-01,2.950553942182290168e-01,4.331946168619648652e-01,6.655819444095647519e-01,1.686573585074510329e-01,6.729625415957739554e-01,3.704784572303865264e-01,4.444993812385238940e-01,1.628212275811594945e-01,2.290175655749611960e-01,6.458373070443903519e-01,8.162003876334056329e-01,-4.310897767614208509e-01,4.370281508992448494e-01,2.105855947575603904e-01,4.181234260927713664e-01,4.659240712112883709e-01
3.628512847813274433e-01,9.389183202017976904e-02,5.062676678492080695e-01,7.228392188065451140e-01,3.612440731617999612e-01,-6.336292501913810549e-01,-2.368693755422598135e-01,1.119135592495226761e-01,4.219402464147097853e-01,5.684545466051877938e-01,-7.522688321172699144e-01,6.647660165671631649e-01,9.855767586290241355e-02,2.123294230979507480e-01,8.482814254004734655e-01,7.122226661447217388e-01,-3.145611273861962376e-01,7.425677829974732802e-01,6.790804776909842300e-01,1.000000000000000000e+00,5.828813715679984631e-01,7.159364074729926974e-01,3.646927315776711254e-01,-1.382146425341201218e-02,2.233657604500870753e-01,6.531797922402367007e-01,-8.116448951188362515e-02,8.107831374313440032e-01,2.864435182038440608e-01,3.450835481385683967e-01,-9.509177362075407758e-02,-9.412716659860431712e-02,7.859107190964397249e-01,7.380124156549617842e-01,-5.433683880774557995e-01,2.254738213704557126e-01,1.196421112095741035e-01,5.302386940256937908e-01,4.023870899301069115e-01
1.647337800249862316e-01,-1.347177494655056422e-02,4.651050487398029065e-01,4.080595583178801555e-01,2.583570301831517591e-01,-4.087183717916400005e-01,1.221116232075716151e-01,3.972519369791205346e-01,2.702287181359991908e-01,2.330208962585144927e-01,-3.677828886526685603e-01,1.419138029343158525e-01,1.381971408172244786e-01,1.188240234321611272e-01,4.117397257917386755e-01,2.984485146581837833e-01,2.896239024335750881e-02,3.915596677876356790e-01,2.627196421156843265e-01,5.828813715679984631e-01,1.000000000000000000e+00,3.087265638535642287e-01,1.188313695097002187e-01,-1.969742639343920187e-02,1.639434174585867043e-01,4.308921767810220960e-01,-4.774308591127267298e-02,6.326165268436260147e-01,2.323329290260553182e-01,3.166614409208497460e-01,-9.613441724467859661e-02,-9.846516380373000754e-02,6.056716244052010589e-01,3.388715908962875445e-01,-1.403836608871115166e-01,1.215759665262542283e-01,1.295082854760118765e-02,4.119894785714916519e-01,1.149665085442080070e-01
3.186781237281519075e-01,1.803613711342902104e-01,4.270449248555738819e-01,4.832151771207434110e-01,2.718049521287496662e-01,-4.114844549676781593e-01,-1.767907951932519151e-01,-3.098735706888596300e-02,3.348163606195190822e-01,5.493967035990036107e-01,-6.296060569741448454e-01,7.346538757104079664e-01,1.462327852221723401e-01,1.682173993718515392e-01,6.802284130851463662e-01,6.680201314634091059e-01,-3.674815877393156627e-01,6.390219786020370218e-01,6.349638774131106667e-01,7.159364074729926974e-01,3.087265638535642287e-01,1.000000000000000000e+00,4.082130272764419865e-01,-2.568751635414845413e-02,1.792188745623327362e-01,4.931489419061386159e-01,1.087067260388226569e-01,5.605157665106831333e-01,2.750786760524225327e-01,3.305920855236754163e-01,2.167312075593219242e-02,7.585157283473353829e-02,7.316851553462849767e-01,6.108893137977050580e-01,-4.579854985464214545e-01,2.996982187925706920e-01,1.733362397816475553e-01,3.804660847814071989e-01,4.868591469624847234e-01
5.024902448910696373e-01,4.094595048462162934e-01,4.693388768818110290e-01,2.321650016004457862e-01,5.305026375418849804e-01,-1.017460251784969849e-01,-6.283306370378674566e-02,-3.885764707961906761e-01,6.818998178651005659e-01,6.269983411609365564e-01,-1.862607031110992961e-01,4.358171810862020434e-01,-9.347185386342436730e-02,7.333674124428779528e-01,4.049881600885993915e-01,5.984648230791346224e-01,1.486934682469111813e-01,5.274989738182205290e-01,5.744109242312670505e-01,3.646927315776711254e-01,1.188313695097002187e-01,4.082130272764419865e-01,1.000000000000000000e+00,4.444299321702661065e-01,7.750525011895296190e-01,5.133613499383467005e-01,3.031963476396640211e-01,4.274035382866656629e-01,5.018730951579087884e-01,6.606138805782433288e-01,2.285065520470255795e-01,4.589664441484949120e-01,4.720747483234184472e-01,5.467374080534942449e-01,-1.608674725180637699e-01,3.824075069949827155e-01,3.843360419340977607e-01,4.722998576375492807e-01,5.173870880552303708e-01
1.612752990073657022e-01,1.776773537878602316e-01,3.351802112373873932e-01,-1.571376037810694459e-01,3.001692861362927900e-01,1.952870815786133807e-01,4.250926978237365428e-02,-3.491524465511310904e-01,3.946780887211291944e-01,2.097625096735923900e-01,1.836476522193105088e-01,-5.391534939880697486e-02,-4.747080178258209493e-01,6.469053790112812008e-01,-5.585609203964604641e-02,1.550376972792264496e-01,2.703370206787276686e-01,8.343350514520955774e-02,2.950553942182290168e-01,-1.382146425341201218e-02,-1.969742639343920187e-02,-2.568751635414845413e-02,4.444299321702661065e-01,1.000000000000000000e+00,5.146979369082280709e-01,1.952475098771440654e-01,2.473667278319104101e-01,1.624811523930262958e-01,3.946756807439864012e-01,4.089274692784915510e-01,5.155499915218183515e-01,4.271651769205359050e-01,1.578413348766247448e-01,2.828210050752410498e-01,2.809442506869870848e-01,3.665359292777982669e-01,4.042391050013224851e-01,4.232729976017883533e-02,3.337680431751499643e-02
3.568467066611354377e-01,2.373329437021474975e-01,4.787420733830913822e-01,8.685699950368928890e-02,4.678477318474750790e-01,-6.218482101793069289e-02,-6.108061663922541296e-02,-3.788045063433432835e-01,6.121326413258127985e-01,4.114464301514795808e-01,-8.746806119228833776e-02,1.613272231683170743e-01,-1.895937204258591469e-01,6.933502570096515827e-01,2.042462539113381048e-01,3.878037758369278221e-01,1.904688510618111896e-01,3.391009376232760331e-01,4.331946168619648652e-01,2.233657604500870753e-01,1.639434174585867043e-01,1.792188745623327362e-01,7.750525011895296190e-01,5.146979369082280709e-01,1.000000000000000000e+00,3.772331588600906782e-01,1.984371828653458958e-01,3.763993368618837598e-01,4.443948890105201555e-01,5.133855743455949527e-01,3.204601370598552657e-01,3.748843134108288955e-01,3.660394731404527091e-01,4.169412405405606981e-01,1.211192788061684483e-02,4.220800365513658337e-01,2.695693227712191442e-01,3.159986643073791068e-01,3.091815483739230319e-01
6.226265406356196186e-01,4.812612487416002560e-01,5.290415378142833136e-01,3.144225547699490142e-01,5.015063434088272709e-01,-3.714319271485075347e-01,-2.508434204509605858e-01,-1.397956115533616483e-01,7.259108046587042784e-01,7.114633038088682415e-01,-4.357480973800442192e-01,4.843787733060764267e-01,-5.375858731573004978e-02,4.504446854508092346e-01,7.479991961190414207e-01,7.485762000357268908e-01,7.276701893536781374e-02,7.626459261266066436e-01,6.655819444095647519e-01,6.531797922402367007e-01,4.308921767810220960e-01,4.931489419061386159e-01,5.133613499383467005e-01,1.952475098771440654e-01,3.772331588600906782e-01,1.000000000000000000e+00,2.959539766193310384e-01,7.719119112700707497e-01,5.203946932239896794e-01,5.296988751159904529e-01,4.730517735030453919e-02,2.668549887800532594e-01,6.586195741334660569e-01,6.702751564010137608e-01,-4.554456630923452987e-01,2.055102083116130129e-01,1.246033633192208390e-01,7.788893770218353607e-01,5.823604477886714648e-01
2.741363058023612576e-01,4.399495474015817087e-01,1.183004649080600240e-01,-2.072411376890424817e-01,1.768034198514665256e-01,3.251764198472206768e-01,1.353292116341797136e-01,-1.714576950822056245e-01,4.897237165126501757e-01,2.568710037915047928e-01,2.683239010616241815e-01,1.448616118603485714e-01,-1.763845353832443341e-01,2.527757679262317980e-01,-4.554450286099039069e-02,1.663565706423160429e-01,1.991295426162644766e-01,9.444087654648762598e-02,1.686573585074510329e-01,-8.116448951188362515e-02,-4.774308591127267298e-02,1.087067260388226569e-01,3.031963476396640211e-01,2.473667278319104101e-01,1.984371828653458958e-01,2.959539766193310384e-01,1.000000000000000000e+00,3.711106513962168091e-02,3.101280012157062171e-01,2.462941271473924054e-01,2.645345539243413868e-01,6.531563479355406709e-01,1.158254725740559127e-01,1.303253161606897914e-01,9.103600893468082045e-02,1.834170073244250909e-01,4.072496684916474541e-01,2.615776526517686329e-01,5.091240176783320415e-01
4.560040201915211422e-01,1.910835989873042040e-01,5.989434463998605240e-01,5.157662240742658666e-01,4.292205412416199573e-01,-4.972880372379137048e-01,-1.849673529407430128e-01,-1.442624375727454000e-02,5.625295875405674773e-01,6.160303194811737049e-01,-6.086403254907231108e-01,4.460581356776222584e-01,-7.421945730595236324e-02,3.822454339118059319e-01,7.665583640788612430e-01,7.155840740669526800e-01,-9.770429772703831395e-02,7.288205147010689000e-01,6.729625415957739554e-01,8.107831374313440032e-01,6.326165268436260147e-01,5.605157665106831333e-01,4.274035382866656629e-01,1.624811523930262958e-01,3.763993368618837598e-01,7.719119112700707497e-01,3.711106513962168091e-02,1.000000000000000000e+00,4.282019942974956694e-01,4.386025092508185064e-01,1.322868663549286172e-01,4.905177281067003153e-03,7.908362417515577558e-01,7.071161440631238415e-01,-3.898701759266368083e-01,3.238141024373590859e-01,1.598093784037415976e-01,6.163697547250986952e-01,3.444372285065606110e-01
6.641748803964794279e-01,6.179713254503663711e-01,2.372159802481301760e-01,1.497225156659187997e-02,2.985775846584584614e-01,2.795316966486907639e-01,1.150249513293529618e-02,-1.585564096190787420e-01,5.235217082710106329e-01,6.416975072189404772e-01,-5.763077141361561823e-02,2.410405464456685243e-01,-2.013738678150011063e-01,5.155167852325704958e-01,2.828870725066316427e-01,4.657172342831494838e-01,9.384638044664449230e-02,4.037880432285553267e-01,3.704784572303865264e-01,2.864435182038440608e-01,2.323329290260553182e-01,2.750786760524225327e-01,5.018730951579087884e-01,3.946756807439864012e-01,4.443948890105201555e-01,5.203946932239896794e-01,3.101280012157062171e-01,4.282019942974956694e-01,1.000000000000000000e+00,5.127977840229128725e-01,3.123482910969720416e-01,6.249586449031834245e-01,4.685727096518421675e-01,2.879546830012046921e-01,2.701580872549820267e-01,8.509066119789407412e-02,5.931385945461501441e-01,4.326925023361175016e-01,3.722085769046006298e-01
6.139892356136917861e-01,5.626082965668879332e-01,3.839753923973618921e-01,2.912335121092423651e-01,5.012552604003913670e-01,-7.985732953703983394e-02,1.223125036381240843e-01,-7.240711637105026743e-02,5.896805022202933344e-01,6.604945831790952626e-01,-5.102108165385224603e-02,3.962500863109850724e-01,-5.913561327167643576e-04,6.720251452200721731e-01,3.642241572786392712e-01,6.040531641107130811e-01,2.372001165450604854e-01,5.195370871836184623e-01,4.444993812385238940e-01,3.450835481385683967e-01,3.166614409208497460e-01,3.305920855236754163e-01,6.606138805782433288e-01,4.089274692784915510e-01,5.133855743455949527e-01,5.296988751159904529e-01,2.462941271473924054e-01,4.386025092508185064e-01,5.127977840229128725e-01,1.000000000000000000e+00,3.037490929813402643e-02,4.159888745237936836e-01,4.208495869910735543e-01,4.647997690840168228e-01,-1.452177994698878871e-01,1.135356142858472556e-01,3.174888599392187150e-01,4.198345275511585761e-01,4.741816808722040255e-01
8.064315499454197469e-03,1.940475567149750613e-02,2.486607191542669071e-01,-2.375355218383319034e-01,1.458506972460028028e-01,3.666919891133454401e-01,9.040782537575900446e-02,-3.822110341782521958e-01,2.752949039777792817e-01,7.234191936707679016e-02,1.663710021277203244e-01,-1.175471570662929011e-01,-5.512509941236334310e-01,3.748493551593592987e-01,-1.415523171495235155e-01,4.706376988457885817e-03,2.151526054144111411e-01,1.362743302066971550e-02,1.628212275811594945e-01,-9.509177362075407758e-02,-9.613441724467859661e-02,2.167312075593219242e-02,2.285065520470255795e-01,5.155499915218183515e-01,3.204601370598552657e-01,4.730517735030453919e-02,2.645345539243413868e-01,1.322868663549286172e-01,3.123482910969720416e-01,3.037490929813402643e-02,1.000000000000000000e+00,3.939456981405873304e-01,2.153825604607310373e-01,1.272327661196650805e-01,3.774649750527419578e-01,3.240387294896719395e-01,3.892195602881812211e-01,-6.385003541644140856e-02,-3.384863014760809696e-02
4.841870509208980877e-01,6.577054340850263525e-01,1.039288048052832564e-01,-2.326744000359647624e-01,2.661277454068710080e-01,5.154005362419823433e-01,7.369290448770768331e-02,-2.860664943598882348e-01,5.145027052245023658e-01,4.306665521439287936e-01,3.147384163636157695e-01,2.064895900206944190e-01,-2.760726327051242768e-01,4.994663253675777903e-01,-2.853733329588319795e-02,2.381985039368298973e-01,3.226684286163974957e-01,1.862033075789493453e-01,2.290175655749611960e-01,-9.412716659860431712e-02,-9.846516380373000754e-02,7.585157283473353829e-02,4.589664441484949120e-01,4.271651769205359050e-01,3.748843134108288955e-01,2.668549887800532594e-01,6.531563479355406709e-01,4.905177281067003153e-03,6.249586449031834245e-01,4.159888745237936836e-01,3.939456981405873304e-01,1.000000000000000000e+00,1.533549693541763903e-01,1.237637972579120199e-01,2.951969591956961625e-01,9.972289378262164106e-02,5.997566142747818851e-01,2.421020074507869713e-01,5.390532707357408304e-01
3.879200953269757446e-01,1.681232277363302330e-01,6.079124501407170422e-01,5.072751277716222029e-01,3.843176247725078043e-01,-4.036517344217297465e-01,-1.180657614038888997e-01,1.945301001555820031e-02,5.261795865376831527e-01,6.013971624204519362e-01,-6.261437618414108508e-01,5.753646696631216084e-01,-2.422221737217224342e-03,3.342110269053447102e-01,7.132983517522656358e-01,6.773378296860431691e-01,-1.529939201592492581e-01,6.940418143060969047e-01,6.458373070443903519e-01,7.859107190964397249e-01,6.056716244052010589e-01,7.316851553462849767e-01,4.720747483234184472e-01,1.578413348766247448e-01,3.660394731404527091e-01,6.586195741334660569e-01,1.158254725740559127e-01,7.908362417515577558e-01,4.685727096518421675e-01,4.208495869910735543e-01,2.153825604607310373e-01,1.533549693541763903e-01,1.000000000000000000e+00,6.843137881215338725e-01,-3.049852487634629461e-01,3.573316253506342854e-01,2.983754452451736761e-01,5.304500200093633655e-01,4.361318893674940300e-01
2.847848621562563687e-01,1.297618212936806625e-01,7.164224309575351057e-01,5.888890965884894246e-01,6.353436189274146439e-01,-4.742595279773897943e-01,-2.424611099846820939e-01,-2.511544458380161049e-01,6.678341651522436972e-01,5.647375532505118922e-01,-5.376852946459137472e-01,6.145509165299970489e-01,-1.695254110636670863e-01,4.677103980284729734e-01,6.968428571751169587e-01,6.800704193518003482e-01,-1.319995863833129945e-01,7.608689451124982517e-01,8.162003876334056329e-01,7.380124156549617842e-01,3.388715908962875445e-01,6.108893137977050580e-01,5.467374080534942449e-01,2.828210050752410498e-01,4.169412405405606981e-01,6.702751564010137608e-01,1.303253161606897914e-01,7.071161440631238415e-01,2.879546830012046921e-01,4.647997690840168228e-01,1.272327661196650805e-01,1.237637972579120199e-01,6.843137881215338725e-01,1.000000000000000000e+00,-4.895014628178343541e-01,4.174153478005611650e-01,1.620734273145651716e-01,4.275907771545661706e-01,4.785669337724018924e-01
-1.834119434819868055e-01,-2.183500916033283279e-02,-2.227485471532868744e-01,-5.137600879361978734e-01,-2.351264884172460101e-01,7.320985722128692252e-01,3.693435003302798503e-01,-1.686423944156950627e-02,-2.328040779721144149e-01,-2.764023252882148451e-01,5.366384496324676512e-01,-5.722500770224785427e-01,-3.186628441157773883e-01,1.909545940593749755e-02,-6.733695813538111974e-01,-4.903072958743426857e-01,1.430490746364336818e-01,-5.315137075168981928e-01,-4.310897767614208509e-01,-5.433683880774557995e-01,-1.403836608871115166e-01,-4.579854985464214545e-01,-1.608674725180637699e-01,2.809442506869870848e-01,1.211192788061684483e-02,-4.554456630923452987e-01,9.103600893468082045e-02,-3.898701759266368083e-01,2.701580872549820267e-01,-1.452177994698878871e-01,3.774649750527419578e-01,2.951969591956961625e-01,-3.049852487634629461e-01,-4.895014628178343541e-01,1.000000000000000000e+00,-4.469162915092741301e-02,3.955894321254021517e-01,-4.158891655727214309e-01,-4.151616317053881122e-01
-8.889841347605510757e-02,-1.290116109135553413e-01,5.204264651898963256e-01,-2.559743941104429543e-02,3.354434972734561260e-01,-9.998627687433135625e-02,-2.121799010714549294e-01,-3.331558365498497598e-01,2.830149353944611534e-01,1.411841429079922772e-01,-2.280251906914946558e-01,1.030484475829020335e-01,-2.772390077052983015e-01,3.279472973266697733e-01,1.748194623679692472e-01,2.439906767684336952e-01,1.314894038107801942e-02,1.925206228784181739e-01,4.370281508992448494e-01,2.254738213704557126e-01,1.215759665262542283e-01,2.996982187925706920e-01,3.824075069949827155e-01,3.665359292777982669e-01,4.220800365513658337e-01,2.055102083116130129e-01,1.834170073244250909e-01,3.238141024373590859e-01,8.509066119789407412e-02,1.135356142858472556e-01,3.240387294896719395e-01,9.972289378262164106e-02,3.573316253506342854e-01,4.174153478005611650e-01,-4.469162915092741301e-02,1.000000000000000000e+00,1.903372959630378614e-01,1.345431942547667958e-01,1.423625807229889906e-01
3.491988532928140820e-01,3.532125609320158066e-01,9.558384363383795601e-02,2.810042874764624374e-02,1.515025592232675522e-01,3.875953595565044818e-01,1.497837624014880242e-01,-1.037005411866786797e-01,2.826249123657431639e-01,3.872403568538693719e-01,1.005475069293385211e-02,2.032375876615165611e-01,-3.153748383763546048e-01,3.887081550270856667e-01,3.534414664853306742e-02,2.722888258771755665e-01,-8.036622207239109417e-02,1.151796976281290741e-01,2.105855947575603904e-01,1.196421112095741035e-01,1.295082854760118765e-02,1.733362397816475553e-01,3.843360419340977607e-01,4.042391050013224851e-01,2.695693227712191442e-01,1.246033633192208390e-01,4.072496684916474541e-01,1.598093784037415976e-01,5.931385945461501441e-01,3.174888599392187150e-01,3.892195602881812211e-01,5.997566142747818851e-01,2.983754452451736761e-01,1.620734273145651716e-01,3.955894321254021517e-01,1.903372959630378614e-01,1.000000000000000000e+00,7.406484358832556014e-02,2.370630582708320722e-01
6.372582356260143577e-01,5.262462906670657414e-01,2.950556852946037978e-01,2.362430660511440905e-01,3.586982315221770024e-01,-3.612991135517393260e-01,-2.409643064558727177e-01,1.742820007072925365e-02,6.034199320554906043e-01,5.971283198665408021e-01,-3.511786708007044733e-01,4.007528972163111325e-01,1.407196508372851596e-01,3.477123501177629694e-01,6.691345059308145826e-01,6.033995774294360626e-01,1.990977113392362885e-01,5.324341031265960034e-01,4.181234260927713664e-01,5.302386940256937908e-01,4.119894785714916519e-01,3.804660847814071989e-01,4.722998576375492807e-01,4.232729976017883533e-02,3.159986643073791068e-01,7.788893770218353607e-01,2.615776526517686329e-01,6.163697547250986952e-01,4.326925023361175016e-01,4.198345275511585761e-01,-6.385003541644140856e-02,2.421020074507869713e-01,5.304500200093633655e-01,4.275907771545661706e-01,-4.158891655727214309e-01,1.345431942547667958e-01,7.406484358832556014e-02,1.000000000000000000e+00,6.210059048544325222e-01
5.740044915818908189e-01,6.201655990144868680e-01,2.310879558564865321e-01,2.662971243569536850e-01,3.733677409000634162e-01,-1.567253748979074157e-01,-2.504017272184377862e-01,-8.907171591332234406e-02,6.032648744932858076e-01,6.141562260939528173e-01,-2.262057592282027685e-01,6.759152175010995078e-01,7.863281223959377175e-02,3.385453932712392255e-01,5.317055408852728871e-01,5.876833197194070157e-01,6.326443968580595933e-02,5.566594660787325122e-01,4.659240712112883709e-01,4.023870899301069115e-01,1.149665085442080070e-01,4.868591469624847234e-01,5.173870880552303708e-01,3.337680431751499643e-02,3.091815483739230319e-01,5.823604477886714648e-01,5.091240176783320415e-01,3.444372285065606110e-01,3.722085769046006298e-01,4.741816808722040255e-01,-3.384863014760809696e-02,5.390532707357408304e-01,4.361318893674940300e-01,4.785669337724018924e-01,-4.151616317053881122e-01,1.423625807229889906e-01,2.370630582708320722e-01,6.210059048544325222e-01,1.000000000000000000e+00
