1.000000000000000000e+00,7.810987349482801934e-01,4.819346830569321005e-01,7.659006387059734411e-02,4.931753826670742247e-01,-2.813280585345200868e-01,-2.073754249506626346e-01,-5.260477099532072653e-01,7.457806465081696645e-01,6.026727701808858306e-01,1.827456173930253058e-01,2.445755770497304027e-01,1.981692541383258122e-01,6.647745139517041713e-01,3.590982697561651560e-01,6.586730310846561354e-01,3.284197011974071545e-01,2.889673548518216784e-01,3.169477911352654442e-01,1.888394935179249223e-01,3.746819583269579979e-01,1.442868704520278711e-01,7.158683030193766506e-01,4.842422447875818214e-01,6.761770400096251965e-01,5.895223774155223806e-01,1.719571383859548608e-02,3.998260819459111270e-01,3.242451458089947169e-01,8.177616301303788360e-01,-1.813737445177986962e-01,1.426848569727491578e-01,8.672097566710103289e-02,6.029665577478687810e-01,-1.546764326312612681e-01,6.332251688929720901e-01,-3.009620251851737038e-02,5.586960617103292615e-01,3.743119580520052336e-01
7.810987349482801934e-01,1.000000000000000000e+00,5.034514119600665971e-01,-1.627372989785212665e-01,4.349415430007413930e-01,-1.254803269949625877e-01,-1.332753653564873186e-01,-5.051183659718707641e-01,5.668073163329117037e-01,4.965273082048892728e-01,4.014416562693972623e-01,1.679098903176449165e-01,-1.793682147756760561e-02,7.064413003823711845e-01,8.516215779653635298e-02,5.550655501682194570e-01,3.647331321069947063e-01,-4.173349454067819264e-02,1.532522517891802827e-01,1.311875945341123006e-01,4.328803377447281719e-01,2.709298410840294546e-01,7.153668615249113572e-01,4.645190764095521452e-01,5.059652294929064542e-01,3.962192073939366788e-01,2.210222354976256465e-01,4.051102424607474495e-01,3.569382116263213334e-01,6.908267826014554691e-01,1.030332970881835536e-01,4.308121408137819408e-01,3.071398620786036093e-01,4.089023779885688215e-01,1.301507136286269573e-01,7.277598570647882958e-01,1.054102104199825390e-01,3.279849240120324416e-01,3.679320457029665592e-01
4.819346830569321005e-01,5.034514119600665971e-01,1.000000000000000000e+00,-1.716229728728058956e-01,6.955479723542348225e-01,-9.916346714028351217e-02,-1.662452215822113333e-01,-8.968575112450000164e-01,4.134370590200252549e-01,5.119230583417196945e-01,3.732292236878805292e-01,2.344429200345644060e-01,-1.560211344665877187e-01,5.174624737272074393e-01,6.000811593491745671e-02,5.845101039470443904e-01,2.677982039068574904e-01,2.313506558509998909e-02,3.499057880762029282e-01,1.510604422739122155e-01,5.762902916356948957e-01,3.575010322515365102e-01,5.663734488510170362e-01,3.531907106085047654e-01,3.068455535048555949e-01,3.988983671617948312e-01,3.484622964640318732e-01,5.647423727026599227e-01,1.635618217866965374e-01,5.087391971997575757e-01,2.679476212909983057e-01,3.608870908001656219e-01,4.589440319605215812e-01,4.554551472063284590e-01,1.791294062217244631e-01,3.558041348347764088e-01,4.168559985399123563e-02,3.488272503608477737e-01,4.517033266630646193e-01
7.659006387059734411e-02,-1.627372989785212665e-01,-1.716229728728058956e-01,1.000000000000000000e+00,-1.224560658207866776e-01,-4.441188328856510714e-01,3.037213579061271429e-01,1.738532992030759894e-01,3.857322625485162804e-02,-7.828287371738069933e-02,-6.940418275690876104e-01,2.326392742015126122e-02,5.267532808412909162e-01,-2.507503441154307899e-01,3.710667259282282027e-01,-1.113638169265057654e-01,-5.385661061464570576e-01,5.368725573565868991e-01,2.792439497738850029e-01,5.409280834005039118e-01,-5.054709652910764628e-03,-4.800212175946708126e-02,-1.547504373123993193e-01,-9.431201944426714084e-03,1.476519757137143285e-01,-1.249773617276153659e-01,-5.713952095302118339e-01,-2.957148407226763975e-01,-3.603273037645595700e-01,7.378357017360773207e-02,-5.386747055643076321e-01,-5.871851769287481648e-01,-6.446141562924858626e-01,1.287104127308144608e-01,-5.898333478233538374e-01,-1.872182393808668188e-01,-4.397533853724311936e-01,-5.071883419539735538e-02,-3.257699447092797795e-01
4.931753826670742247e-01,4.349415430007413930e-01,6.955479723542348225e-01,-1.224560658207866776e-01,1.000000000000000000e+00,-1.743346909361733199e-01,-3.892550075228025652e-01,-7.785849429184407144e-01,5.863932758848379168e-01,4.202097720776408196e-01,2.454371597003660310e-01,3.249880067171250220e-01,7.247508674697994424e-02,5.324833048144428371e-01,2.888937793247797758e-01,5.403056728239935547e-01,3.076205700906348151e-01,1.960103379047552219e-01,3.193662718731873906e-01,1.322607296745580696e-01,2.321789228271940453e-01,-2.140566521881490103e-02,4.869260069546159087e-01,4.852481018038894978e-01,4.429398296947817393e-01,4.793217410899914266e-01,1.676428456891547181e-01,2.606607233243740107e-01,2.033903314807040952e-01,4.643836224340309737e-01,-9.752569530914070861e-02,1.669022502567029942e-01,2.183297743513004929e-01,7.211046993304468522e-01,-8.226695235168310361e-02,2.448435411127915795e-01,-3.719082077507084722e-02,5.041631758051824397e-01,4.679427948658048120e-01
-2.813280585345200868e-01,-1.254803269949625877e-01,-9.916346714028351217e-02,-4.441188328856510714e-01,-1.743346909361733199e-01,1.000000000000000000e+00,1.471560960649139493e-01,1.069998559271426036e-01,-3.889277196379428148e-01,8.134890663939926825e-02,3.137245992527781246e-01,-5.510596727814854878e-01,-5.545532694884801606e-01,-1.673545917499209834e-01,-5.793207078896328577e-01,-2.008334128549387476e-01,3.582701819331336468e-01,-5.497572741873885116e-01,-4.888280102776318414e-01,-5.371158970771638952e-01,-4.041112196720403893e-01,-2.502474217887844521e-01,-3.097106288238998251e-01,-2.768075854079315445e-01,-2.678999625214494029e-02,-1.561076139489501746e-01,1.700724881270480882e-01,-1.408874633993760506e-01,5.720237342415372961e-01,-1.446577837599911376e-01,4.740389346470352261e-01,1.635198302176973373e-01,5.248308010733317985e-01,-4.521073501333337519e-01,5.769613276188014783e-01,-3.778707408434154452e-02,8.214087986864063717e-01,-4.135533163885782848e-01,-2.450093961107122909e-01
-2.073754249506626346e-01,-1.332753653564873186e-01,-1.662452215822113333e-01,3.037213579061271429e-01,-3.892550075228025652e-01,1.471560960649139493e-01,1.000000000000000000e+00,2.332923277542464924e-01,-4.824356442152882840e-01,-2.033189593465453415e-01,-3.444318506307054717e-01,-6.645415219037325016e-01,-1.040040565228748382e-01,-3.757398096507856833e-01,-4.643335172853623183e-01,-3.330279935183964590e-01,-4.002697361229533013e-01,-2.893810450303035409e-01,-1.978370498636535524e-01,3.091580624294000545e-02,-5.500631085374546592e-02,-4.540909349609864587e-03,-3.444435986692923057e-01,-3.848147264453952165e-01,-2.466447977635947142e-01,-5.776658871579647414e-01,-3.902208398066394635e-01,-2.558014445237590251e-01,-1.111536244910371618e-01,-1.669016035386552410e-01,1.495497052560969820e-01,-2.460017513273355383e-01,-1.702585367512325087e-01,-5.280640984922239101e-01,2.749268406390619271e-02,-5.034507391266430237e-02,6.634340428329559003e-02,-6.103481592784040233e-01,-5.086254632640850870e-01
-5.260477099532072653e-01,-5.051183659718707641e-01,-8.968575112450000164e-01,1.738532992030759894e-01,-7.785849429184407144e-01,1.069998559271426036e-01,2.332923277542464924e-01,1.000000000000000000e+00,-4.962399624510089313e-01,-5.085476956519868752e-01,-3.479510454438644595e-01,-2.207801358020911875e-01,9.499951330569862684e-02,-5.310647732455250347e-01,-9.455578530430026885e-02,-5.864835411723754444e-01,-2.917335045086453249e-01,-4.087203550401926483e-02,-3.160326298556076496e-01,-9.493451031715496868e-02,-4.546289151756005009e-01,-1.919696850814633371e-01,-5.716270672358633176e-01,-3.719895507294012083e-01,-3.842299307319842483e-01,-4.093150165858938094e-01,-2.756662703192522823e-01,-4.514203767243486487e-01,-1.642470583406341611e-01,-5.391413216656107954e-01,-1.474548225114454547e-01,-3.094235859177569825e-01,-3.762626820375372660e-01,-5.424809395212364382e-01,-8.558131373067080772e-02,-3.217331813884148350e-01,-1.749511212871682556e-02,-3.916815616996145444e-01,-4.811129824104165009e-01
7.457806465081696645e-01,5.668073163329117037e-01,4.134370590200252549e-01,3.857322625485162804e-02,5.863932758848379168e-01,-3.889277196379428148e-01,-4.824356442152882840e-01,-4.962399624510089313e-01,1.000000000000000000e+00,5.675303850294585173e-01,9.991056566859451982e-02,4.678258949280088008e-01,2.281767030666926876e-01,6.405077362476649938e-01,4.673525801136539926e-01,6.889646246233577243e-01,2.683986650771980065e-01,4.440177687786185379e-01,4.531184562878509126e-01,1.801971233764977087e-01,2.434255323564739615e-01,-7.943337113896633411e-03,6.357947575934522755e-01,5.561565117220589327e-01,6.308007867091335319e-01,6.164999477792705296e-01,6.112050478033820289e-02,3.337579101085727529e-01,1.727888485772988980e-01,7.343157936337939562e-01,-2.400179833129682527e-01,7.753484208417990575e-02,2.567808731552622889e-02,7.675081917580257596e-01,-2.375801431234713379e-01,4.595956881626120927e-01,-1.515959912945894772e-01,6.573381485732041618e-01,5.270954528036950748e-01
6.026727701808858306e-01,4.965273082048892728e-01,5.119230583417196945e-01,-7.828287371738069933e-02,4.202097720776408196e-01,8.134890663939926825e-02,-2.033189593465453415e-01,-5.085476956519868752e-01,5.675303850294585173e-01,1.000000000000000000e+00,2.669781797364731979e-01,1.517422934633819442e-01,-1.187493902445453664e-01,5.037382262290216461e-01,1.151069398054591075e-01,7.398970913243316794e-01,3.656148044964590005e-01,2.197869518784396070e-01,3.953143358481848724e-01,6.095638293885120677e-03,2.510341162643358603e-01,8.352422811324677898e-02,5.348385501975677636e-01,3.773514455333660256e-01,6.699496229388662849e-01,5.778626936501090050e-01,2.687172029327448697e-01,4.283266876128886680e-01,4.693924083115442181e-01,6.936759336479523252e-01,1.871754158892671716e-01,1.720685359589505803e-01,3.933770851087120546e-01,3.748998952295479192e-01,1.909545538530905973e-01,4.711698450671509830e-01,3.427694938850394668e-01,4.368737343316706490e-01,4.318868573063079364e-01
1.827456173930253058e-01,4.014416562693972623e-01,3.732292236878805292e-01,-6.940418275690876104e-01,2.454371597003660310e-01,3.137245992527781246e-01,-3.444318506307054717e-01,-3.479510454438644595e-01,9.991056566859451982e-02,2.669781797364731979e-01,1.000000000000000000e+00,1.675369280909551617e-01,-3.479724225782948599e-01,4.792502312006396981e-01,-1.441778086366826417e-01,3.121588402777414339e-01,7.262338858356905957e-01,-3.588419108548724368e-01,-9.439618689657927608e-02,-2.485693823721428497e-01,3.153619791069752210e-01,3.319697428704637132e-01,4.483209284022998675e-01,2.805137127503716243e-01,7.057587484485919327e-02,3.504251477056586350e-01,6.928224838929363250e-01,4.667650183012038712e-01,4.010111029165465135e-01,1.721738017124938847e-01,4.458595319493148246e-01,7.788356645062434191e-01,6.561319142121637693e-01,-1.296725031190792791e-02,5.749725513704366797e-01,3.093367565390880425e-01,3.618791140008186802e-01,2.174382280337117113e-01,3.707726082049608851e-01
2.445755770497304027e-01,1.679098903176449165e-01,2.344429200345644060e-01,2.326392742015126122e-02,3.249880067171250220e-01,-5.510596727814854878e-01,-6.645415219037325016e-01,-2.207801358020911875e-01,4.678258949280088008e-01,1.517422934633819442e-01,1.675369280909551617e-01,1.000000000000000000e+00,3.689105396431492379e-01,4.214701884680573385e-01,6.697860723901943869e-01,4.081126799606207278e-01,8.622411374325381073e-02,5.266340315005603179e-01,5.191225265559530344e-01,3.340742804857785853e-01,4.270362377934798226e-01,3.350752253794934132e-01,4.461702862949969428e-01,4.620246184728442063e-01,1.346657140329554081e-01,5.072613869906442696e-01,3.918449262833157976e-01,3.954793772708487531e-01,-2.378482817239871427e-01,1.726436454590320746e-01,-2.201639966928939096e-01,2.396348041249155292e-01,-5.978796139954853373e-02,5.441394937312479252e-01,-1.498236980640869909e-01,9.751834195481821899e-02,-4.535037199773217509e-01,6.323484363289759713e-01,5.345519612167537460e-01
1.981692541383258122e-01,-1.793682147756760561e-02,-1.560211344665877187e-01,5.267532808412909162e-01,7.247508674697994424e-02,-5.545532694884801606e-01,-1.040040565228748382e-01,9.499951330569862684e-02,2.281767030666926876e-01,-1.187493902445453664e-01,-3.479724225782948599e-01,3.689105396431492379e-01,1.000000000000000000e+00,7.604312486341892330e-02,6.581035347802809410e-01,4.481273876126808282e-03,-2.343281981486699805e-01,6.073428362398108904e-01,3.073408347082553504e-01,4.277735840688682845e-01,8.418449861332473472e-02,-4.151293582661477743e-02,8.546562854256246899e-02,1.995251865921111589e-01,2.111571527599697684e-01,1.606189047000098069e-01,-3.354452220078119051e-01,-1.179334315622827117e-01,-3.471374959139708061e-01,1.007651179558704674e-01,-7.718924573611536388e-01,-3.020416122689906779e-01,-5.949709874948900801e-01,2.999440041125731593e-01,-5.528142130726605430e-01,-8.107426057632023675e-02,-5.761536962646803817e-01,3.505627099259330803e-01,-3.987312695394082396e-02
6.647745139517041713e-01,7.064413003823711845e-01,5.174624737272074393e-01,-2.507503441154307899e-01,5.324833048144428371e-01,-1.673545917499209834e-01,-3.757398096507856833e-01,-5.310647732455250347e-01,6.405077362476649938e-01,5.037382262290216461e-01,4.792502312006396981e-01,4.214701884680573385e-01,7.604312486341892330e-02,1.000000000000000000e+00,2.542614182375511622e-01,6.191371769911032663e-01,4.243758165264421289e-01,9.030513803432801967e-02,2.878181960146597440e-01,7.831171638581883865e-02,4.503822670628094271e-01,2.148318730863418846e-01,7.444382362904371497e-01,6.657361276261564154e-01,4.974711324505110555e-01,4.856842398369805025e-01,3.391284232031818169e-01,5.227155442066739877e-01,2.982421058761295374e-01,6.242562851499605658e-01,2.914041367967362336e-02,4.905061969108425179e-01,3.317914708801985579e-01,5.163198611783758052e-01,1.775675011462564679e-01,6.732218590657250701e-01,5.615977374575704256e-02,4.638481980605820287e-01,4.758034645086830494e-01
3.590982697561651560e-01,8.516215779653635298e-02,6.000811593491745671e-02,3.710667259282282027e-01,2.888937793247797758e-01,-5.793207078896328577e-01,-4.643335172853623183e-01,-9.455578530430026885e-02,4.673525801136539926e-01,1.151069398054591075e-01,-1.441778086366826417e-01,6.697860723901943869e-01,6.581035347802809410e-01,2.542614182375511622e-01,1.000000000000000000e+00,2.571338578097336902e-01,7.643712672343513925e-02,7.648878871200809337e-01,4.109779820063778621e-01,4.037615864588474657e-01,1.766919034555562984e-01,9.558382417904309758e-02,2.727469450535007223e-01,3.942907643676925034e-01,3.205541757512577750e-01,5.701111583487584733e-01,-1.010065346324781066e-01,1.460211683434545216e-01,-1.176433430625206944e-01,2.679769960932374406e-01,-6.657794421544659391e-01,-2.300216995172242040e-01,-3.835399328372913197e-01,6.176864933956157655e-01,-5.427879173786130940e-01,2.705979887011621815e-02,-5.073018512413810521e-01,6.458005155542512199e-01,1.401512618467254112e-01
6.586730310846561354e-01,5.550655501682194570e-01,5.845101039470443904e-01,-1.113638169265057654e-01,5.403056728239935547e-01,-2.008334128549387476e-01,-3.330279935183964590e-01,-5.864835411723754444e-01,6.889646246233577243e-01,7.398970913243316794e-01,3.121588402777414339e-01,4.081126799606207278e-01,4.481273876126808282e-03,6.191371769911032663e-01,2.571338578097336902e-01,1.000000000000000000e+00,3.771078840723750547e-01,3.699845986511612894e-01,5.885879704835366155e-01,1.139330657659902435e-01,4.411061876056038833e-01,1.990017983345870600e-01,7.149561010995217902e-01,5.127774137143499278e-01,5.667724646325752458e-01,6.434219156195907230e-01,2.893235494722047885e-01,5.606788828178751460e-01,2.783979398377300907e-01,7.049249229459294552e-01,1.393713064442251015e-01,2.527089554452732756e-01,3.168977145830908504e-01,4.960832952225021630e-01,7.946742628389058538e-02,4.367250442689129541e-01,3.594329017751775324e-02,6.193176044193304808e-01,5.565659395971348511e-01
3.284197011974071545e-01,3.647331321069947063e-01,2.677982039068574904e-01,-5.385661061464570576e-01,3.076205700906348151e-01,3.582701819331336468e-01,-4.002697361229533013e-01,-2.917335045086453249e-01,2.683986650771980065e-01,3.656148044964590005e-01,7.262338858356905957e-01,8.622411374325381073e-02,-2.343281981486699805e-01,4.243758165264421289e-01,7.643712672343513925e-02,3.771078840723750547e-01,1.000000000000000000e+00,-1.179127289822348434e-01,-1.432075779638121160e-01,-3.202015387682312642e-01,6.181641606947157336e-02,7.878396857203642800e-02,3.543638287772418738e-01,3.301399671902007782e-01,3.100160577439324272e-01,5.808924911528067225e-01,4.088141676455687712e-01,3.658993385906508244e-01,6.332526434023858508e-01,3.414157447444705062e-01,1.656350188921477673e-01,3.974079103131984425e-01,5.359649388702834027e-01,1.854799516622313293e-01,2.713367058212010074e-01,2.762423134320461937e-01,4.091264482173797012e-01,3.477015778642266741e-01,1.779861039584501037e-01
2.889673548518216784e-01,-4.173349454067819264e-02,2.313506558509998909e-02,5.368725573565868991e-01,1.960103379047552219e-01,-5.497572741873885116e-01,-2.893810450303035409e-01,-4.087203550401926483e-02,4.440177687786185379e-01,2.197869518784396070e-01,-3.588419108548724368e-01,5.266340315005603179e-01,6.073428362398108904e-01,9.030513803432801967e-02,7.648878871200809337e-01,3.699845986511612894e-01,-1.179127289822348434e-01,1.000000000000000000e+00,6.651129693538245791e-01,4.206016283069793360e-01,1.203657129601875403e-01,1.534018373996341332e-03,1.947631099693427070e-01,3.234230292798758732e-01,3.444522315074725061e-01,4.757593108316655051e-01,-2.473479756810895436e-01,1.104354480552728196e-01,-1.411619684966413935e-01,2.861576838001896328e-01,-5.691432530891290531e-01,-4.190341034337696779e-01,-4.178595734156512198e-01,4.789378043346421698e-01,-5.584767041684245426e-01,-9.341382785517188259e-02,-4.582256843140305458e-01,5.973649419488740175e-01,1.296144266316268667e-01
3.169477911352654442e-01,1.532522517891802827e-01,3.499057880762029282e-01,2.792439497738850029e-01,3.193662718731873906e-01,-4.888280102776318414e-01,-1.978370498636535524e-01,-3.160326298556076496e-01,4.531184562878509126e-01,3.953143358481848724e-01,-9.439618689657927608e-02,5.191225265559530344e-01,3.073408347082553504e-01,2.878181960146597440e-01,4.109779820063778621e-01,5.885879704835366155e-01,-1.432075779638121160e-01,6.651129693538245791e-01,1.000000000000000000e+00,3.529251982883533922e-01,4.502864974408958276e-01,2.204201045902867140e-01,4.167674378989303929e-01,3.552966284908674610e-01,2.850025197304414948e-01,3.728386701672371517e-01,6.675338048822486436e-02,3.853362391519811192e-01,-1.629403978048914181e-01,3.432667187046559709e-01,-9.812636891278385398e-02,-1.175548269814365859e-02,-9.427370984549156285e-02,3.651329675588271817e-01,-1.694637097779857771e-01,8.781282721979212502e-02,-3.301563489731049739e-01,5.430028399047690524e-01,4.498437265619602554e-01
1.888394935179249223e-01,1.311875945341123006e-01,1.510604422739122155e-01,5.409280834005039118e-01,1.322607296745580696e-01,-5.371158970771638952e-01,3.091580624294000545e-02,-9.493451031715496868e-02,1.801971233764977087e-01,6.095638293885120677e-03,-2.485693823721428497e-01,3.340742804857785853e-01,4.277735840688682845e-01,7.831171638581883865e-02,4.037615864588474657e-01,1.139330657659902435e-01,-3.202015387682312642e-01,4.206016283069793360e-01,3.529251982883533922e-01,1.000000000000000000e+00,3.714759982762502744e-01,2.835567599311934472e-01,2.193872405869765618e-01,1.962714927879852245e-01,9.188341176239034347e-02,6.301387047510921546e-02,-1.153189081459391752e-01,9.942659393434312431e-02,-3.772343447475565159e-01,9.697084891839524712e-02,-2.841505994755994524e-01,-8.568963874555374227e-02,-3.215981243965134184e-01,2.326882531132897503e-01,-2.879017003653214224e-01,9.794751694003261955e-03,-4.620185347154195932e-01,1.587993304079425017e-01,-9.634685592080173555e-03
3.746819583269579979e-01,4.328803377447281719e-01,5.762902916356948957e-01,-5.054709652910764628e-03,2.321789228271940453e-01,-4.041112196720403893e-01,-5.500631085374546592e-02,-4.546289151756005009e-01,2.434255323564739615e-01,2.510341162643358603e-01,3.153619791069752210e-01,4.270362377934798226e-01,8.418449861332473472e-02,4.503822670628094271e-01,1.766919034555562984e-01,4.411061876056038833e-01,6.181641606947157336e-02,1.203657129601875403e-01,4.502864974408958276e-01,3.714759982762502744e-01,1.000000000000000000e+00,7.791247106640034614e-01,5.730358177335285186e-01,2.502741602985887326e-01,4.001754407476706965e-02,2.970000940883252838e-01,4.229164979299139815e-01,7.120314575827693115e-01,-1.616843132977772157e-01,3.029273797506799037e-01,2.476785393050868755e-01,4.740645813882074511e-01,2.257217345422477817e-01,1.643251776872747261e-01,2.038560542535729769e-01,3.679127551266578311e-01,-2.535245323134907580e-01,3.197930238831274141e-01,3.741341666966157553e-01
1.442868704520278711e-01,2.709298410840294546e-01,3.575010322515365102e-01,-4.800212175946708126e-02,-2.140566521881490103e-02,-2.502474217887844521e-01,-4.540909349609864587e-03,-1.919696850814633371e-01,-7.943337113896633411e-03,8.352422811324677898e-02,3.319697428704637132e-01,3.350752253794934132e-01,-4.151293582661477743e-02,2.148318730863418846e-01,9.558382417904309758e-02,1.990017983345870600e-01,7.878396857203642800e-02,1.534018373996341332e-03,2.204201045902867140e-01,2.835567599311934472e-01,7.791247106640034614e-01,1.000000000000000000e+00,3.326463471935230398e-01,8.940494953703558012e-02,-1.873538122950408891e-01,2.187890658660319176e-01,4.701071295795041238e-01,6.199511326195032979e-01,-9.786598266450841077e-02,9.482264460653549998e-02,3.306286632227189992e-01,4.784953881014302746e-01,2.871027777536855341e-01,-6.049616736807447714e-02,3.127380936983110149e-01,2.612547252251757879e-01,-1.336582951539765640e-01,1.424557967379407042e-01,1.705029817973564288e-01
7.158683030193766506e-01,7.153668615249113572e-01,5.663734488510170362e-01,-1.547504373123993193e-01,4.869260069546159087e-01,-3.097106288238998251e-01,-3.444435986692923057e-01,-5.716270672358633176e-01,6.357947575934522755e-01,5.348385501975677636e-01,4.483209284022998675e-01,4.461702862949969428e-01,8.546562854256246899e-02,7.444382362904371497e-01,2.727469450535007223e-01,7.149561010995217902e-01,3.543638287772418738e-01,1.947631099693427070e-01,4.167674378989303929e-01,2.193872405869765618e-01,5.730358177335285186e-01,3.326463471935230398e-01,1.000000000000000000e+00,5.281613836381018334e-01,4.978441054136310551e-01,5.284766060029189028e-01,3.287026310930333262e-01,5.372838544494317192e-01,1.449954235428609350e-01,6.632294928939205247e-01,4.852891577516393884e-02,4.805124276841469810e-01,2.446691111252490003e-01,4.887799134192309380e-01,9.823504011053427187e-02,5.625114069033780861e-01,-9.692925902871622756e-02,5.837134156541015084e-01,5.689775292353124181e-01
4.842422447875818214e-01,4.645190764095521452e-01,3.531907106085047654e-01,-9.431201944426714084e-03,4.852481018038894978e-01,-2.768075854079315445e-01,-3.848147264453952165e-01,-3.719895507294012083e-01,5.561565117220589327e-01,3.773514455333660256e-01,2.805137127503716243e-01,4.620246184728442063e-01,1.995251865921111589e-01,6.657361276261564154e-01,3.942907643676925034e-01,5.127774137143499278e-01,3.301399671902007782e-01,3.234230292798758732e-01,3.552966284908674610e-01,1.962714927879852245e-01,2.502741602985887326e-01,8.940494953703558012e-02,5.281613836381018334e-01,1.000000000000000000e+00,5.134185569381219949e-01,4.538782855400665950e-01,1.392635724439532097e-01,3.702067453525215157e-01,2.254999621736333837e-01,4.954226915253517882e-01,-1.692407966087578208e-01,2.125029162281040496e-01,1.803306273551197048e-01,5.607922322717759922e-01,-8.441135582616569877e-02,3.879961088769022237e-01,-6.023551120051081481e-02,4.644057359388168993e-01,3.491168751744910814e-01
6.761770400096251965e-01,5.059652294929064542e-01,3.068455535048555949e-01,1.476519757137143285e-01,4.429398296947817393e-01,-2.678999625214494029e-02,-2.466447977635947142e-01,-3.842299307319842483e-01,6.308007867091335319e-01,6.699496229388662849e-01,7.057587484485919327e-02,1.346657140329554081e-01,2.111571527599697684e-01,4.974711324505110555e-01,3.205541757512577750e-01,5.667724646325752458e-01,3.100160577439324272e-01,3.444522315074725061e-01,2.850025197304414948e-01,9.188341176239034347e-02,4.001754407476706965e-02,-1.873538122950408891e-01,4.978441054136310551e-01,5.134185569381219949e-01,1.000000000000000000e+00,5.428485537972788100e-01,-4.865805724368853918e-02,1.544163302835153129e-01,4.518223657544342964e-01,7.046876634039321852e-01,-2.523758124577733519e-01,-7.141616236990418198e-02,8.197490401851695307e-02,5.302629707569883610e-01,-1.322915524241318752e-01,4.260783960213182509e-01,1.912341055861377370e-01,4.888803078472253594e-01,3.068211612092202056e-01
5.895223774155223806e-01,3.962192073939366788e-01,3.988983671617948312e-01,-1.249773617276153659e-01,4.793217410899914266e-01,-1.561076139489501746e-01,-5.776658871579647414e-01,-4.093150165858938094e-01,6.164999477792705296e-01,5.778626936501090050e-01,3.504251477056586350e-01,5.072613869906442696e-01,1.606189047000098069e-01,4.856842398369805025e-01,5.701111583487584733e-01,6.434219156195907230e-01,5.808924911528067225e-01,4.757593108316655051e-01,3.728386701672371517e-01,6.301387047510921546e-02,2.970000940883252838e-01,2.187890658660319176e-01,5.284766060029189028e-01,4.538782855400665950e-01,5.428485537972788100e-01,1.000000000000000000e+00,3.420043598750815428e-01,5.392451129617087391e-01,4.286268657646968849e-01,5.447644154235872227e-01,-1.451771638901085681e-01,1.429946024457122433e-01,2.616679853453491855e-01,5.878853267357575518e-01,-6.991590907716911663e-02,3.242075728685207547e-01,4.079864650575103918e-02,8.116644374750873192e-01,4.509047773581875140e-01
1.719571383859548608e-02,2.210222354976256465e-01,3.484622964640318732e-01,-5.713952095302118339e-01,1.676428456891547181e-01,1.700724881270480882e-01,-3.902208398066394635e-01,-2.756662703192522823e-01,6.112050478033820289e-02,2.687172029327448697e-01,6.928224838929363250e-01,3.918449262833157976e-01,-3.354452220078119051e-01,3.391284232031818169e-01,-1.010065346324781066e-01,2.893235494722047885e-01,4.088141676455687712e-01,-2.473479756810895436e-01,6.675338048822486436e-02,-1.153189081459391752e-01,4.229164979299139815e-01,4.701071295795041238e-01,3.287026310930333262e-01,1.392635724439532097e-01,-4.865805724368853918e-02,3.420043598750815428e-01,1.000000000000000000e+00,5.172858662848369704e-01,1.484618142783327988e-01,1.437683870664612602e-03,5.280668352135637900e-01,7.440944475113904222e-01,5.715090520329317858e-01,-1.504337018443289292e-02,6.123230815367689539e-01,1.888685336092162659e-01,2.359053544449795925e-01,2.331734780496114712e-01,5.511791010344734287e-01
3.998260819459111270e-01,4.051102424607474495e-01,5.647423727026599227e-01,-2.957148407226763975e-01,2.606607233243740107e-01,-1.408874633993760506e-01,-2.558014445237590251e-01,-4.514203767243486487e-01,3.337579101085727529e-01,4.283266876128886680e-01,4.667650183012038712e-01,3.954793772708487531e-01,-1.179334315622827117e-01,5.227155442066739877e-01,1.460211683434545216e-01,5.606788828178751460e-01,3.658993385906508244e-01,1.104354480552728196e-01,3.853362391519811192e-01,9.942659393434312431e-02,7.120314575827693115e-01,6.199511326195032979e-01,5.372838544494317192e-01,3.702067453525215157e-01,1.544163302835153129e-01,5.392451129617087391e-01,5.172858662848369704e-01,1.000000000000000000e+00,1.935488655268269576e-01,3.495182492157216658e-01,3.557832292422461462e-01,4.643750030150087249e-01,5.351594715254999191e-01,2.186265333224712837e-01,3.342988320380667067e-01,3.938010585806542840e-01,7.418147983463346806e-02,4.534188194896170976e-01,4.259872775595170968e-01
3.242451458089947169e-01,3.569382116263213334e-01,1.635618217866965374e-01,-3.603273037645595700e-01,2.033903314807040952e-01,5.720237342415372961e-01,-1.111536244910371618e-01,-1.642470583406341611e-01,1.727888485772988980e-01,4.693924083115442181e-01,4.010111029165465135e-01,-2.378482817239871427e-01,-3.471374959139708061e-01,2.982421058761295374e-01,-1.176433430625206944e-01,2.783979398377300907e-01,6.332526434023858508e-01,-1.411619684966413935e-01,-1.629403978048914181e-01,-3.772343447475565159e-01,-1.616843132977772157e-01,-9.786598266450841077e-02,1.449954235428609350e-01,2.254999621736333837e-01,4.518223657544342964e-01,4.286268657646968849e-01,1.484618142783327988e-01,1.935488655268269576e-01,1.000000000000000000e+00,3.898326075420154857e-01,2.311001416085222693e-01,1.329631128862594769e-01,5.798842214751669388e-01,9.080894957065324680e-02,3.402648185308956297e-01,3.777134364829040636e-01,7.278950542104147825e-01,1.456159281196345301e-01,5.773384099750982976e-03
8.177616301303788360e-01,6.908267826014554691e-01,5.087391971997575757e-01,7.378357017360773207e-02,4.643836224340309737e-01,-1.446577837599911376e-01,-1.669016035386552410e-01,-5.391413216656107954e-01,7.343157936337939562e-01,6.936759336479523252e-01,1.721738017124938847e-01,1.726436454590320746e-01,1.007651179558704674e-01,6.242562851499605658e-01,2.679769960932374406e-01,7.049249229459294552e-01,3.414157447444705062e-01,2.861576838001896328e-01,3.432667187046559709e-01,9.697084891839524712e-02,3.029273797506799037e-01,9.482264460653549998e-02,6.632294928939205247e-01,4.954226915253517882e-01,7.046876634039321852e-01,5.447644154235872227e-01,1.437683870664612602e-03,3.495182492157216658e-01,3.898326075420154857e-01,1.000000000000000000e+00,-8.544551250313833779e-02,1.125789286934260336e-01,1.799632292004466894e-01,5.457709223131282927e-01,-6.758512457656466743e-02,6.291085733215466824e-01,9.068361149264496379e-02,4.641756922466127033e-01,3.142993794035855437e-01
-1.813737445177986962e-01,1.030332970881835536e-01,2.679476212909983057e-01,-5.386747055643076321e-01,-9.752569530914070861e-02,4.740389346470352261e-01,1.495497052560969820e-01,-1.474548225114454547e-01,-2.400179833129682527e-01,1.871754158892671716e-01,4.458595319493148246e-01,-2.201639966928939096e-01,-7.718924573611536388e-01,2.914041367967362336e-02,-6.657794421544659391e-01,1.393713064442251015e-01,1.656350188921477673e-01,-5.691432530891290531e-01,-9.812636891278385398e-02,-2.841505994755994524e-01,2.476785393050868755e-01,3.306286632227189992e-01,4.852891577516393884e-02,-1.692407966087578208e-01,-2.523758124577733519e-01,-1.451771638901085681e-01,5.280668352135637900e-01,3.557832292422461462e-01,2.311001416085222693e-01,-8.544551250313833779e-02,1.000000000000000000e+00,5.210996544071307968e-01,6.900787758076900591e-01,-4.078960562565612791e-01,7.625244409717520933e-01,1.708992799808957685e-01,5.282028043348389046e-01,-3.091371569915565831e-01,1.514670506687521567e-01
1.426848569727491578e-01,4.308121408137819408e-01,3.608870908001656219e-01,-5.871851769287481648e-01,1.669022502567029942e-01,1.635198302176973373e-01,-2.460017513273355383e-01,-3.094235859177569825e-01,7.753484208417990575e-02,1.720685359589505803e-01,7.788356645062434191e-01,2.396348041249155292e-01,-3.020416122689906779e-01,4.905061969108425179e-01,-2.300216995172242040e-01,2.527089554452732756e-01,3.974079103131984425e-01,-4.190341034337696779e-01,-1.175548269814365859e-02,-8.568963874555374227e-02,4.740645813882074511e-01,4.784953881014302746e-01,4.805124276841469810e-01,2.125029162281040496e-01,-7.141616236990418198e-02,1.429946024457122433e-01,7.440944475113904222e-01,4.643750030150087249e-01,1.329631128862594769e-01,1.125789286934260336e-01,5.210996544071307968e-01,1.000000000000000000e+00,5.653485561027489226e-01,-7.840783156518056629e-02,6.735308062549195673e-01,3.465201465570403871e-01,2.340407638815608649e-01,8.008402924316719573e-02,4.137472333254522128e-01
8.672097566710103289e-02,3.071398620786036093e-01,4.589440319605215812e-01,-6.446141562924858626e-01,2.183297743513004929e-01,5.248308010733317985e-01,-1.702585367512325087e-01,-3.762626820375372660e-01,2.567808731552622889e-02,3.933770851087120546e-01,6.561319142121637693e-01,-5.978796139954853373e-02,-5.949709874948900801e-01,3.317914708801985579e-01,-3.835399328372913197e-01,3.168977145830908504e-01,5.359649388702834027e-01,-4.178595734156512198e-01,-9.427370984549156285e-02,-3.215981243965134184e-01,2.257217345422477817e-01,2.871027777536855341e-01,2.446691111252490003e-01,1.803306273551197048e-01,8.197490401851695307e-02,2.616679853453491855e-01,5.715090520329317858e-01,5.351594715254999191e-01,5.798842214751669388e-01,1.799632292004466894e-01,6.900787758076900591e-01,5.653485561027489226e-01,1.000000000000000000e+00,-5.648318118547860506e-02,7.227549455202801898e-01,3.323750201595218057e-01,6.664896904675093880e-01,3.480226248297969838e-02,2.425348242347733496e-01
6.029665577478687810e-01,4.089023779885688215e-01,4.554551472063284590e-01,1.287104127308144608e-01,7.211046993304468522e-01,-4.521073501333337519e-01,-5.280640984922239101e-01,-5.424809395212364382e-01,7.675081917580257596e-01,3.748998952295479192e-01,-1.296725031190792791e-02,5.441394937312479252e-01,2.999440041125731593e-01,5.163198611783758052e-01,6.176864933956157655e-01,4.960832952225021630e-01,1.854799516622313293e-01,4.789378043346421698e-01,3.651329675588271817e-01,2.326882531132897503e-01,1.643251776872747261e-01,-6.049616736807447714e-02,4.887799134192309380e-01,5.607922322717759922e-01,5.302629707569883610e-01,5.878853267357575518e-01,-1.504337018443289292e-02,2.186265333224712837e-01,9.080894957065324680e-02,5.457709223131282927e-01,-4.078960562565612791e-01,-7.840783156518056629e-02,-5.648318118547860506e-02,1.000000000000000000e+00,-4.188676467945503523e-01,2.723892461665711195e-01,-2.878453899560673990e-01,6.537735203539285500e-01,4.513952590083221139e-01
-1.546764326312612681e-01,1.301507136286269573e-01,1.791294062217244631e-01,-5.898333478233538374e-01,-8.226695235168310361e-02,5.769613276188014783e-01,2.749268406390619271e-02,-8.558131373067080772e-02,-2.375801431234713379e-01,1.909545538530905973e-01,5.749725513704366797e-01,-1.498236980640869909e-01,-5.528142130726605430e-01,1.775675011462564679e-01,-5.427879173786130940e-01,7.946742628389058538e-02,2.713367058212010074e-01,-5.584767041684245426e-01,-1.694637097779857771e-01,-2.879017003653214224e-01,2.038560542535729769e-01,3.127380936983110149e-01,9.823504011053427187e-02,-8.441135582616569877e-02,-1.322915524241318752e-01,-6.991590907716911663e-02,6.123230815367689539e-01,3.342988320380667067e-01,3.402648185308956297e-01,-6.758512457656466743e-02,7.625244409717520933e-01,6.735308062549195673e-01,7.227549455202801898e-01,-4.188676467945503523e-01,1.000000000000000000e+00,2.367215338650989209e-01,6.465273387035839203e-01,-2.354873067318304369e-01,1.332530957324448706e-01
6.332251688929720901e-01,7.277598570647882958e-01,3.558041348347764088e-01,-1.872182393808668188e-01,2.448435411127915795e-01,-3.778707408434154452e-02,-5.034507391266430237e-02,-3.217331813884148350e-01,4.595956881626120927e-01,4.711698450671509830e-01,3.093367565390880425e-01,9.751834195481821899e-02,-8.107426057632023675e-02,6.732218590657250701e-01,2.705979887011621815e-02,4.367250442689129541e-01,2.762423134320461937e-01,-9.341382785517188259e-02,8.781282721979212502e-02,9.794751694003261955e-03,3.679127551266578311e-01,2.612547252251757879e-01,5.625114069033780861e-01,3.879961088769022237e-01,4.260783960213182509e-01,3.242075728685207547e-01,1.888685336092162659e-01,3.938010585806542840e-01,3.777134364829040636e-01,6.291085733215466824e-01,1.708992799808957685e-01,3.465201465570403871e-01,3.323750201595218057e-01,2.723892461665711195e-01,2.367215338650989209e-01,1.000000000000000000e+00,2.095915984802959597e-01,2.319518457773295517e-01,2.929108667914682163e-01
-3.009620251851737038e-02,1.054102104199825390e-01,4.168559985399123563e-02,-4.397533853724311936e-01,-3.719082077507084722e-02,8.214087986864063717e-01,6.634340428329559003e-02,-1.749511212871682556e-02,-1.515959912945894772e-01,3.427694938850394668e-01,3.618791140008186802e-01,-4.535037199773217509e-01,-5.761536962646803817e-01,5.615977374575704256e-02,-5.073018512413810521e-01,3.594329017751775324e-02,4.091264482173797012e-01,-4.582256843140305458e-01,-3.301563489731049739e-01,-4.620185347154195932e-01,-2.535245323134907580e-01,-1.336582951539765640e-01,-9.692925902871622756e-02,-6.023551120051081481e-02,1.912341055861377370e-01,4.079864650575103918e-02,2.359053544449795925e-01,7.418147983463346806e-02,7.278950542104147825e-01,9.068361149264496379e-02,5.282028043348389046e-01,2.340407638815608649e-01,6.664896904675093880e-01,-2.878453899560673990e-01,6.465273387035839203e-01,2.095915984802959597e-01,1.000000000000000000e+00,-2.423125287323910082e-01,-8.872276086841295040e-02
5.586960617103292615e-01,3.279849240120324416e-01,3.488272503608477737e-01,-5.071883419539735538e-02,5.041631758051824397e-01,-4.135533163885782848e-01,-6.103481592784040233e-01,-3.916815616996145444e-01,6.573381485732041618e-01,4.368737343316706490e-01,2.174382280337117113e-01,6.323484363289759713e-01,3.505627099259330803e-01,4.638481980605820287e-01,6.458005155542512199e-01,6.193176044193304808e-01,3.477015778642266741e-01,5.973649419488740175e-01,5.430028399047690524e-01,1.587993304079425017e-01,3.197930238831274141e-01,1.424557967379407042e-01,5.837134156541015084e-01,4.644057359388168993e-01,4.888803078472253594e-01,8.116644374750873192e-01,2.331734780496114712e-01,4.534188194896170976e-01,1.456159281196345301e-01,4.641756922466127033e-01,-3.091371569915565831e-01,8.008402924316719573e-02,3.480226248297969838e-02,6.537735203539285500e-01,-2.354873067318304369e-01,2.319518457773295517e-01,-2.423125287323910082e-01,1.000000000000000000e+00,6.199590039553697363e-01
3.743119580520052336e-01,3.679320457029665592e-01,4.517033266630646193e-01,-3.257699447092797795e-01,4.679427948658048120e-01,-2.450093961107122909e-01,-5.086254632640850870e-01,-4.811129824104165009e-01,5.270954528036950748e-01,4.318868573063079364e-01,3.707726082049608851e-01,5.345519612167537460e-01,-3.987312695394082396e-02,4.758034645086830494e-01,1.401512618467254112e-01,5.565659395971348511e-01,1.779861039584501037e-01,1.296144266316268667e-01,4.498437265619602554e-01,-9.634685592080173555e-03,3.741341666966157553e-01,1.705029817973564288e-01,5.689775292353124181e-01,3.491168751744910814e-01,3.068211612092202056e-01,4.509047773581875140e-01,5.511791010344734287e-01,4.259872775595170968e-01,5.773384099750982976e-03,3.142993794035855437e-01,1.514670506687521567e-01,4.137472333254522128e-01,2.425348242347733496e-01,4.513952590083221139e-01,1.332530957324448706e-01,2.929108667914682163e-01,-8.872276086841295040e-02,6.199590039553697363e-01,1.000000000000000000e+00
