1.000000000000000000e+00,3.889311388447445061e-01,3.054816058969786474e-01,-7.735951803384343017e-02,3.640178910649682908e-01,3.514697713519193689e-01,-2.677743913149572830e-01,-4.711093753896911651e-01,3.718908272944604354e-01,4.264308981105899288e-01,8.636451504809418422e-02,-6.324760449033557663e-02,-4.131329918310319149e-01,1.477199321960978584e-01,1.727819876684304756e-01,3.539139902010570160e-01,5.890769896871975719e-01,1.693237025773313142e-01,1.886635309392388493e-01,-7.101963277186094589e-03,8.007959256402859272e-02,7.678727678266578094e-02,5.800414645489395671e-01,3.439121912820777838e-01,3.758741049475458618e-01,5.269865022099967655e-01,6.250419284863850070e-04,9.015695369547568894e-02,5.077977643412782127e-01,5.376075661892564250e-01,6.196046293062149601e-01,1.011652258938237903e-01,-1.487676640264821160e-01,3.078074814900521594e-01,3.948351531785356250e-01,3.168155261099920850e-01,1.919548273972529473e-02,5.323304418891541268e-01,2.705220156301627599e-01
3.889311388447445061e-01,1.000000000000000000e+00,6.422619921656157471e-01,1.667807294801811058e-02,4.404992678655064164e-01,4.761962785441748447e-01,3.832502503312505970e-01,-5.990602186461458922e-01,4.215756851078266698e-01,4.132492382886610027e-01,5.055575640790327396e-01,5.349656847627660694e-01,1.438200865438473974e-01,2.270166356151439579e-01,-1.659145577941775196e-01,5.918374762265211642e-01,3.857411660736301262e-01,2.580351621454930466e-01,1.662652155537644727e-01,5.377391420449814108e-01,6.021229934557197350e-01,5.853930166810009661e-01,4.392418332024678462e-01,5.741311079854628519e-01,6.142073295142750355e-01,1.396990759628795320e-01,6.341432459122710030e-01,6.226876469209143838e-01,4.078080331114735113e-01,3.187421093453191023e-01,5.077035931716740447e-02,6.132915586204151781e-01,5.997464022703359321e-01,3.883681764099395362e-01,1.961719538280356778e-01,2.025428435339371724e-01,5.966502314048923727e-01,2.181686940799300034e-01,4.659082028489703875e-01
3.054816058969786474e-01,6.422619921656157471e-01,1.000000000000000000e+00,3.286863760726650430e-01,4.861455917097657897e-01,3.057064820115558135e-01,3.744720757431409530e-01,-8.356143527338099064e-01,5.145272073493923903e-01,2.985870734170389951e-01,3.095040410226730376e-01,6.948073987893891301e-01,5.795210211413927281e-02,3.448007654547385892e-01,8.881190542902803187e-02,4.743095057731200326e-01,2.419160553205932374e-01,5.140189817770879355e-01,4.410140606556408605e-01,4.954150780971276480e-01,5.725875753195549533e-01,5.433731527955297791e-01,4.858976880813977717e-01,4.723689514128633915e-01,4.809037371777519221e-01,4.630395489177609458e-01,6.888650516439988047e-01,7.871209234969184232e-01,3.578815152276462741e-01,1.918633596861067381e-01,1.988905967829269483e-01,5.054450011721555169e-01,5.854065004923517668e-01,5.885178947332402322e-01,5.982667733302667740e-02,2.589691293655275173e-01,4.161870418770954316e-01,2.440971732224584134e-01,5.071207988300232561e-01
-7.735951803384343017e-02,1.667807294801811058e-02,3.286863760726650430e-01,1.000000000000000000e+00,1.417777455810517451e-01,-1.726656458798355998e-01,3.414128454317167383e-01,-2.378038609332794040e-01,-1.218871240568034919e-01,-6.047886593770319952e-03,-6.625623271495487132e-02,3.222257548517387105e-01,4.758366882184401209e-02,2.960564355460935104e-01,-4.965303763247489593e-02,1.807339010969289533e-02,-3.144774331577347426e-01,4.277987443369243858e-01,3.571574317044576286e-01,8.684076813448640686e-02,-1.264168466668015578e-02,-4.220916341027999147e-02,1.594462985286843743e-02,-1.636058273810613584e-01,-4.302486895335251582e-02,6.328388588600028508e-02,1.873779032973669489e-01,2.015800898331600033e-01,-9.623983862858859206e-02,-9.859358830099458626e-02,-1.418714598921679837e-01,4.864439500205867267e-02,1.552755907793107182e-01,1.725510101561761878e-01,-3.306116480991339035e-01,1.528719296440139153e-01,-4.120752613969370232e-02,-9.036448855442902328e-02,2.399155354426933118e-01
3.640178910649682908e-01,4.404992678655064164e-01,4.861455917097657897e-01,1.417777455810517451e-01,1.000000000000000000e+00,1.643274237441002539e-01,7.624943173407656982e-02,-6.533564538468533689e-01,5.472376603415274321e-01,5.254697010209122832e-01,1.564142231511699566e-01,2.262167375381045897e-01,-2.093096735461782432e-01,2.191007147157498225e-01,4.121480177159445590e-01,5.544232386803141788e-01,2.051972426703831676e-01,7.164667450516201130e-01,7.442640253335659484e-01,6.445904080373975054e-02,9.431016258286870069e-02,6.216680434026184560e-02,3.073800092963461239e-01,2.387964087444444661e-01,3.047292671923754193e-01,4.428928675248222646e-01,1.806437479428275594e-01,3.171761441071355714e-01,4.096081273509226683e-01,5.569423623881195606e-01,3.285952427701018808e-01,1.295964036796696528e-01,9.986090469151799598e-02,7.395600796787845654e-01,1.114245734958736328e-01,3.538335705685360377e-01,1.147554614223292996e-01,1.725875026428470294e-01,2.157109435584697033e-01
3.514697713519193689e-01,4.761962785441748447e-01,3.057064820115558135e-01,-1.726656458798355998e-01,1.643274237441002539e-01,1.000000000000000000e+00,2.764023948078912496e-01,-3.169739611701989368e-01,8.857697499582208034e-02,-5.501575706575556612e-03,4.890742663932184930e-01,8.975437880400796709e-02,1.971298135246605521e-01,-1.644019848059213307e-01,-2.050912386064575599e-01,1.218080037475299526e-01,7.211328818638509386e-01,-1.758214184520671963e-02,-2.137521845295213899e-02,5.007858592641819540e-01,5.801787611880728779e-01,5.833109731170336154e-01,7.013739800277023484e-01,8.383138070642770501e-01,7.903429837845907802e-01,-1.252149087213362544e-02,3.640823280355114933e-01,2.015186322700751875e-01,6.290956595229981740e-01,2.060590552947109688e-01,1.820606334574622620e-01,7.188471919246900432e-01,3.855922041565822966e-01,-7.402746973702135913e-02,6.694329340315045007e-01,-3.038971868972340507e-01,6.787650961078007805e-01,9.899892666882872949e-02,4.956105273804881778e-02
-2.677743913149572830e-01,3.832502503312505970e-01,3.744720757431409530e-01,3.414128454317167383e-01,7.624943173407656982e-02,2.764023948078912496e-01,1.000000000000000000e+00,-2.083647321814609543e-01,-1.384035698923367363e-01,-1.537856614895334872e-01,4.911167368682336498e-01,3.751754947239254734e-01,5.552957783337759690e-01,-6.049346214554784940e-02,-3.694997760120023456e-01,2.423646234008246594e-02,8.684715427338956725e-03,2.319802749182806323e-01,1.248792594540586443e-01,6.953770907260531375e-01,5.778314811286345831e-01,5.837317978186628009e-01,1.487162611087363426e-03,3.596853453492335762e-01,2.693509725634773422e-01,-3.086431739331488844e-01,5.367290095878513023e-01,4.587606438700846390e-01,6.478279909261476510e-02,-2.212847638481904022e-01,-4.318799831222280838e-01,5.794657335310441360e-01,6.904956931870583903e-01,-5.600126145284874124e-02,3.504544645767478789e-02,-3.078791404250620922e-01,5.954348396202137073e-01,-3.500484251774431121e-01,-6.512280071728558661e-02
-4.711093753896911651e-01,-5.990602186461458922e-01,-8.356143527338099064e-01,-2.378038609332794040e-01,-6.533564538468533689e-01,-3.169739611701989368e-01,-2.083647321814609543e-01,1.000000000000000000e+00,-6.034945211774048746e-01,-4.605903435385366174e-01,-2.485799632895972777e-01,-4.950431701753710279e-01,1.757992197693414305e-01,-3.728331232067836898e-01,-2.835861361053952368e-01,-5.541749837069841478e-01,-3.467705281401374795e-01,-6.057810662983099670e-01,-5.824306999413378927e-01,-3.200713055251667716e-01,-4.007547405253445438e-01,-3.637453582321655277e-01,-5.290263154027793346e-01,-4.445788849337893867e-01,-4.768088344016867541e-01,-6.088860635867664461e-01,-4.653482710099559050e-01,-6.374163402445626181e-01,-4.526340722785394677e-01,-4.428978039153191326e-01,-4.359688349660362228e-01,-3.642813683325167307e-01,-3.475831075022057237e-01,-6.927638770118059730e-01,-1.699752517066258073e-01,-3.852494840999045600e-01,-2.891878293475291239e-01,-3.096529129887382048e-01,-4.598266797065169720e-01
3.718908272944604354e-01,4.215756851078266698e-01,5.145272073493923903e-01,-1.218871240568034919e-01,5.472376603415274321e-01,8.857697499582208034e-02,-1.384035698923367363e-01,-6.034945211774048746e-01,1.000000000000000000e+00,5.614267370391466949e-01,-8.124413052553776035e-03,2.794692626639274646e-01,-2.167869089659968940e-01,2.709067518279446585e-01,4.340643146876555503e-01,6.183491135528534910e-01,2.099984223796600158e-01,4.023050511161368470e-01,4.159980712387221780e-01,6.179324672206189945e-02,2.116478429791124882e-01,1.627575611753941942e-01,3.446848901374126029e-01,2.305376511000250261e-01,2.651226605453643193e-01,6.717927043383954411e-01,2.462619279568656894e-01,4.806993356516600646e-01,2.915882979516885021e-01,5.026488650539931990e-01,4.410168865684629957e-01,5.731105093372680648e-02,1.088395046088676404e-01,6.686740519929199600e-01,1.256482653242362579e-01,4.255714583570955334e-01,5.643457301377220736e-02,3.369294600898367631e-01,3.919920750810414467e-01
4.264308981105899288e-01,4.132492382886610027e-01,2.985870734170389951e-01,-6.047886593770319952e-03,5.254697010209122832e-01,-5.501575706575556612e-03,-1.537856614895334872e-01,-4.605903435385366174e-01,5.614267370391466949e-01,1.000000000000000000e+00,-2.969318015300572572e-02,8.860104054150813591e-02,-3.188511388510817390e-01,4.298619120210169231e-01,3.411803467083602825e-01,8.007097989138519667e-01,1.444621074697364504e-01,3.049812175125457547e-01,3.168204402955873689e-01,-1.503845899471170366e-01,-3.709901643644791108e-02,-9.380875013742026591e-02,2.714936074452840575e-01,1.949225877838422355e-02,2.046296971553584476e-01,4.587445266136554456e-01,-4.531655533239648675e-02,1.710907622668205175e-01,1.896616753208419659e-01,6.847011282881635408e-01,4.347843007247353397e-01,-1.212172269424139637e-01,-1.213084140162732083e-01,5.797796177982276200e-01,-2.522542507462452802e-02,6.566981398865682218e-01,-1.231452394819614743e-01,3.593465837970741261e-01,3.672832795075102741e-01
8.636451504809418422e-02,5.055575640790327396e-01,3.095040410226730376e-01,-6.625623271495487132e-02,1.564142231511699566e-01,4.890742663932184930e-01,4.911167368682336498e-01,-2.485799632895972777e-01,-8.124413052553776035e-03,-2.969318015300572572e-02,1.000000000000000000e+00,2.880536658395764227e-01,2.823686139417782570e-01,-1.202727146110854628e-01,-3.397992604312391474e-01,9.095850977729211251e-02,4.015940178348231804e-01,1.069497297583528461e-01,2.396553377882420025e-02,5.660157048812078928e-01,5.572495327605144766e-01,5.678188837494020369e-01,2.310795610097278741e-01,5.306540106554045177e-01,5.009709227208967164e-01,-2.245550155477006871e-01,4.784706579971368945e-01,3.070277660742041781e-01,2.735143401354838688e-01,-3.624745736146247482e-02,-1.847758046875571936e-01,5.912208068483376655e-01,5.401874887091767663e-01,-1.881030070734407075e-02,2.454323473741324146e-01,-2.411327647327280443e-01,5.977543470626106581e-01,-1.732014234477296799e-01,-2.615238071186368543e-02
-6.324760449033557663e-02,5.349656847627660694e-01,6.948073987893891301e-01,3.222257548517387105e-01,2.262167375381045897e-01,8.975437880400796709e-02,3.751754947239254734e-01,-4.950431701753710279e-01,2.794692626639274646e-01,8.860104054150813591e-02,2.880536658395764227e-01,1.000000000000000000e+00,2.770402813072051496e-01,3.013377504033610821e-01,-2.738152702622798085e-02,3.324089408830234182e-01,-1.045144201894371433e-01,2.574365197261910265e-01,2.193692866903082794e-01,4.628535235554478988e-01,5.050417971402935136e-01,4.715814397157299109e-01,1.767856672454057310e-01,2.474167381907743102e-01,2.996283452662474311e-01,8.494217230025390142e-02,7.481500167320422889e-01,7.174683738310142500e-01,1.026958588080430779e-01,-1.133465243716198084e-01,-1.741287441324730900e-01,4.605207013329490895e-01,6.944353679321239037e-01,4.178189055779445993e-01,-2.487980088425518488e-01,1.901613264061954300e-01,3.890663387764412007e-01,1.281139924879922398e-01,5.408147796443851796e-01
-4.131329918310319149e-01,1.438200865438473974e-01,5.795210211413927281e-02,4.758366882184401209e-02,-2.093096735461782432e-01,1.971298135246605521e-01,5.552957783337759690e-01,1.757992197693414305e-01,-2.167869089659968940e-01,-3.188511388510817390e-01,2.823686139417782570e-01,2.770402813072051496e-01,1.000000000000000000e+00,-2.096171379673895663e-01,-3.451478758008534320e-01,-1.314447005107041155e-01,-7.471746268854820294e-02,-1.633591033696849826e-01,-2.298665754683569540e-01,5.135651279223198973e-01,4.805122106010468741e-01,5.001843007056258061e-01,-8.348459903963253992e-02,2.590953469572274681e-01,1.300101960023354319e-01,-4.888429132525707321e-01,3.981449257681632936e-01,2.621002054616624055e-01,5.652871247175144840e-05,-4.321774584176514278e-01,-5.868310366510555154e-01,4.493934878311918180e-01,5.796759536569507931e-01,-2.772109667275293177e-01,7.490584353536539064e-02,-4.661063022217609153e-01,4.808185117866584091e-01,-3.323040653714127712e-01,-1.489753452819339019e-01
1.477199321960978584e-01,2.270166356151439579e-01,3.448007654547385892e-01,2.960564355460935104e-01,2.191007147157498225e-01,-1.644019848059213307e-01,-6.049346214554784940e-02,-3.728331232067836898e-01,2.709067518279446585e-01,4.298619120210169231e-01,-1.202727146110854628e-01,3.013377504033610821e-01,-2.096171379673895663e-01,1.000000000000000000e+00,9.782536351975334998e-02,4.357362007580513064e-01,-1.639159408462829703e-01,1.683159501696345761e-01,1.661812565333697367e-01,-1.256394761723468034e-01,-2.467645231468732978e-02,-7.637828921389924752e-02,5.280628552046635893e-02,-8.954840807480378417e-02,2.817783646459560629e-02,2.795275670777674359e-01,1.603586600478536239e-01,2.398716053212878452e-01,-8.473554493888314776e-02,1.768226211903044520e-01,1.249908400191294261e-01,-6.909593169148649239e-02,1.864287803879648153e-02,3.700631357500777652e-01,-2.609671481045466312e-01,5.198445995128502251e-01,-5.588570877162356981e-02,2.346350374833381658e-01,4.521517123683235218e-01
1.727819876684304756e-01,-1.659145577941775196e-01,8.881190542902803187e-02,-4.965303763247489593e-02,4.121480177159445590e-01,-2.050912386064575599e-01,-3.694997760120023456e-01,-2.835861361053952368e-01,4.340643146876555503e-01,3.411803467083602825e-01,-3.397992604312391474e-01,-2.738152702622798085e-02,-3.451478758008534320e-01,9.782536351975334998e-02,1.000000000000000000e+00,2.915435456440562123e-01,-4.924559885058465286e-02,3.048276145458213016e-01,5.329299746463653786e-01,-3.908636110823652254e-01,-3.338976470724056567e-01,-4.071057384823762448e-01,5.876051564108759895e-02,-1.688602556753177331e-01,-1.619980746518515369e-01,5.573779595221228789e-01,-3.193322662853722016e-01,7.671707950501065708e-03,2.433022886310688693e-01,4.523479058277758424e-01,5.230311306567710927e-01,-3.653086113948142422e-01,-3.366565256637684134e-01,5.331912990706900723e-01,6.677240975297397962e-02,3.667718891049385754e-01,-3.923089965831575987e-01,2.874011022271115157e-01,1.233792991728175081e-01
3.539139902010570160e-01,5.918374762265211642e-01,4.743095057731200326e-01,1.807339010969289533e-02,5.544232386803141788e-01,1.218080037475299526e-01,2.423646234008246594e-02,-5.541749837069841478e-01,6.183491135528534910e-01,8.007097989138519667e-01,9.095850977729211251e-02,3.324089408830234182e-01,-1.314447005107041155e-01,4.357362007580513064e-01,2.915435456440562123e-01,1.000000000000000000e+00,1.303490830234434183e-01,3.283812464231203321e-01,3.230959820481612010e-01,5.195570315454205862e-02,1.815113941435544387e-01,1.111725408221607286e-01,3.459402091326219120e-01,1.886299476790720131e-01,3.545155162884962574e-01,4.166710758366073408e-01,2.377896404922971441e-01,4.059700450247084036e-01,2.847596392626600692e-01,6.166029431285252604e-01,2.842843797289174024e-01,8.298213919937673377e-02,1.559662591639850437e-01,6.100688754838659023e-01,-1.889923852319125991e-02,5.893585470833766493e-01,8.343735544328567677e-02,3.764777894487902343e-01,4.945862133237617919e-01
5.890769896871975719e-01,3.857411660736301262e-01,2.419160553205932374e-01,-3.144774331577347426e-01,2.051972426703831676e-01,7.211328818638509386e-01,8.684715427338956725e-03,-3.467705281401374795e-01,2.099984223796600158e-01,1.444621074697364504e-01,4.015940178348231804e-01,-1.045144201894371433e-01,-7.471746268854820294e-02,-1.639159408462829703e-01,-4.924559885058465286e-02,1.303490830234434183e-01,1.000000000000000000e+00,4.804601863409283663e-02,2.985291950851285889e-02,2.876363487210759073e-01,4.135430529679283151e-01,4.296356184509166343e-01,6.534979908301354889e-01,6.736968702636003670e-01,6.048631929996131085e-01,2.037484841932048485e-01,1.435655993448803902e-01,1.005411640600899631e-01,6.057394230065648033e-01,3.163812924083880262e-01,4.434044306522712531e-01,4.551631405457312041e-01,1.103078047649588278e-01,4.274595137996180239e-02,6.666598366130654929e-01,-1.446073491392581845e-01,3.788852427161927827e-01,1.947518857927038605e-01,6.162394894330030896e-03
1.693237025773313142e-01,2.580351621454930466e-01,5.140189817770879355e-01,4.277987443369243858e-01,7.164667450516201130e-01,-1.758214184520671963e-02,2.319802749182806323e-01,-6.057810662983099670e-01,4.023050511161368470e-01,3.049812175125457547e-01,1.069497297583528461e-01,2.574365197261910265e-01,-1.633591033696849826e-01,1.683159501696345761e-01,3.048276145458213016e-01,3.283812464231203321e-01,4.804601863409283663e-02,1.000000000000000000e+00,8.094594977303439798e-01,1.467760019731945420e-01,6.508609881149259035e-02,4.603670744221600997e-02,1.828771733364176477e-01,5.704280805684190658e-02,1.410490416055534824e-01,3.840881867480888112e-01,2.160771019006512417e-01,3.690089499046230181e-01,1.385328067318309653e-01,3.179345042404861377e-01,2.016143245894299885e-01,4.419977344868816771e-02,1.142900276648208258e-01,6.562015513796956023e-01,-6.916932340929811407e-02,2.695427992837415854e-01,7.556580828387410124e-03,-1.363595107042825938e-01,1.170347350822375648e-01
1.886635309392388493e-01,1.662652155537644727e-01,4.410140606556408605e-01,3.571574317044576286e-01,7.442640253335659484e-01,-2.137521845295213899e-02,1.248792594540586443e-01,-5.824306999413378927e-01,4.159980712387221780e-01,3.168204402955873689e-01,2.396553377882420025e-02,2.193692866903082794e-01,-2.298665754683569540e-01,1.661812565333697367e-01,5.329299746463653786e-01,3.230959820481612010e-01,2.985291950851285889e-02,8.094594977303439798e-01,1.000000000000000000e+00,2.935843208747416708e-02,-5.055524404193063870e-02,-9.011480188746993913e-02,1.645409864609037875e-01,5.921741971709392621e-02,9.994967014120141602e-02,4.486346463079460278e-01,9.609663421788489091e-02,2.613428072226793852e-01,2.673283279190584172e-01,4.003668893110030602e-01,3.228497601509788817e-01,-2.640082347744863046e-03,2.164505760887409924e-02,6.742690920938634314e-01,-3.267755539314188412e-02,2.905678974707714968e-01,-5.438740084732691243e-02,1.245369288658062547e-02,1.038359898093555861e-01
-7.101963277186094589e-03,5.377391420449814108e-01,4.954150780971276480e-01,8.684076813448640686e-02,6.445904080373975054e-02,5.007858592641819540e-01,6.953770907260531375e-01,-3.200713055251667716e-01,6.179324672206189945e-02,-1.503845899471170366e-01,5.660157048812078928e-01,4.628535235554478988e-01,5.135651279223198973e-01,-1.256394761723468034e-01,-3.908636110823652254e-01,5.195570315454205862e-02,2.876363487210759073e-01,1.467760019731945420e-01,2.935843208747416708e-02,1.000000000000000000e+00,7.801746531564881515e-01,7.860330162913105045e-01,2.489885637281132602e-01,5.768690333637981338e-01,4.955315129060826607e-01,-1.699000776378691846e-01,6.853880798176322786e-01,5.678530419414197228e-01,2.018671266760022620e-01,-1.590462367326720694e-01,-2.661841547146308051e-01,7.077078537145803372e-01,7.556262158966606801e-01,-2.683988669217705555e-02,2.223514703192094877e-01,-3.380393127946988985e-01,7.064659579835679271e-01,-1.873269381051605731e-01,4.142243004526109662e-02
8.007959256402859272e-02,6.021229934557197350e-01,5.725875753195549533e-01,-1.264168466668015578e-02,9.431016258286870069e-02,5.801787611880728779e-01,5.778314811286345831e-01,-4.007547405253445438e-01,2.116478429791124882e-01,-3.709901643644791108e-02,5.572495327605144766e-01,5.050417971402935136e-01,4.805122106010468741e-01,-2.467645231468732978e-02,-3.338976470724056567e-01,1.815113941435544387e-01,4.135430529679283151e-01,6.508609881149259035e-02,-5.055524404193063870e-02,7.801746531564881515e-01,1.000000000000000000e+00,8.821762127125138964e-01,3.929300368662342891e-01,6.803904352226745056e-01,5.946137283383695626e-01,-5.957218057600292827e-02,7.233486042193078003e-01,6.317937061761937922e-01,3.274015087862277573e-01,-8.724822397806221430e-02,-1.613379338568329269e-01,7.685107639190668083e-01,7.893935993507953386e-01,5.168337287174910866e-02,3.464780185782664890e-01,-3.038835222583128326e-01,7.560123466108306101e-01,-8.187339454542308381e-02,1.176670399549278878e-01
7.678727678266578094e-02,5.853930166810009661e-01,5.433731527955297791e-01,-4.220916341027999147e-02,6.216680434026184560e-02,5.833109731170336154e-01,5.837317978186628009e-01,-3.637453582321655277e-01,1.627575611753941942e-01,-9.380875013742026591e-02,5.678188837494020369e-01,4.715814397157299109e-01,5.001843007056258061e-01,-7.637828921389924752e-02,-4.071057384823762448e-01,1.111725408221607286e-01,4.296356184509166343e-01,4.603670744221600997e-02,-9.011480188746993913e-02,7.860330162913105045e-01,8.821762127125138964e-01,1.000000000000000000e+00,3.770799639128037950e-01,6.864672796759361262e-01,5.746139796126686905e-01,-9.587379302251441970e-02,7.339058063028633949e-01,5.912282402848104690e-01,2.941373659841721167e-01,-1.593101229826079379e-01,-1.936119626111564851e-01,7.773122817354468639e-01,7.797056757310476538e-01,-1.283392112489885198e-03,3.157576834301416002e-01,-3.421374886694510398e-01,7.573764106193942025e-01,-8.459671554674091931e-02,7.969976756076538327e-02
5.800414645489395671e-01,4.392418332024678462e-01,4.858976880813977717e-01,1.594462985286843743e-02,3.073800092963461239e-01,7.013739800277023484e-01,1.487162611087363426e-03,-5.290263154027793346e-01,3.446848901374126029e-01,2.714936074452840575e-01,2.310795610097278741e-01,1.767856672454057310e-01,-8.348459903963253992e-02,5.280628552046635893e-02,5.876051564108759895e-02,3.459402091326219120e-01,6.534979908301354889e-01,1.828771733364176477e-01,1.645409864609037875e-01,2.489885637281132602e-01,3.929300368662342891e-01,3.770799639128037950e-01,1.000000000000000000e+00,6.588677202964887680e-01,7.517172705567748414e-01,3.868044793838870676e-01,2.912587797582456561e-01,2.776509942266698339e-01,6.320786812310553726e-01,3.767323800378047927e-01,4.981513070048388392e-01,4.701650970031464039e-01,1.788755198711888539e-01,2.409390924264319389e-01,5.022926797288933543e-01,1.073595289988183571e-01,3.523526024979451998e-01,3.665563768877649342e-01,3.152438799148342130e-01
3.439121912820777838e-01,5.741311079854628519e-01,4.723689514128633915e-01,-1.636058273810613584e-01,2.387964087444444661e-01,8.383138070642770501e-01,3.596853453492335762e-01,-4.445788849337893867e-01,2.305376511000250261e-01,1.949225877838422355e-02,5.306540106554045177e-01,2.474167381907743102e-01,2.590953469572274681e-01,-8.954840807480378417e-02,-1.688602556753177331e-01,1.886299476790720131e-01,6.736968702636003670e-01,5.704280805684190658e-02,5.921741971709392621e-02,5.768690333637981338e-01,6.803904352226745056e-01,6.864672796759361262e-01,6.588677202964887680e-01,1.000000000000000000e+00,7.773645502728595558e-01,8.526902411457591702e-02,5.239722227537877419e-01,3.947395199258432186e-01,6.627931704700015247e-01,1.602066841417614518e-01,1.470903104782903259e-01,7.848719033874367312e-01,5.371943175927686998e-01,5.806531861279340401e-02,6.239412027597421861e-01,-2.821531953173954110e-01,7.373190392325255083e-01,1.534679593244056561e-01,1.114976586527489238e-01
3.758741049475458618e-01,6.142073295142750355e-01,4.809037371777519221e-01,-4.302486895335251582e-02,3.047292671923754193e-01,7.903429837845907802e-01,2.693509725634773422e-01,-4.768088344016867541e-01,2.651226605453643193e-01,2.046296971553584476e-01,5.009709227208967164e-01,2.996283452662474311e-01,1.300101960023354319e-01,2.817783646459560629e-02,-1.619980746518515369e-01,3.545155162884962574e-01,6.048631929996131085e-01,1.410490416055534824e-01,9.994967014120141602e-02,4.955315129060826607e-01,5.946137283383695626e-01,5.746139796126686905e-01,7.517172705567748414e-01,7.773645502728595558e-01,1.000000000000000000e+00,9.045037427761766502e-02,4.829350063073635790e-01,3.503857690145118498e-01,5.856751302130188686e-01,2.966644968843574204e-01,1.946566447806056532e-01,6.745931097212856109e-01,4.559425457004284143e-01,1.469691037535890976e-01,4.854305673104031826e-01,-8.364952023998123432e-02,6.161969738108155070e-01,1.557480668600351725e-01,2.828236667033997565e-01
5.269865022099967655e-01,1.396990759628795320e-01,4.630395489177609458e-01,6.328388588600028508e-02,4.428928675248222646e-01,-1.252149087213362544e-02,-3.086431739331488844e-01,-6.088860635867664461e-01,6.717927043383954411e-01,4.587445266136554456e-01,-2.245550155477006871e-01,8.494217230025390142e-02,-4.888429132525707321e-01,2.795275670777674359e-01,5.573779595221228789e-01,4.166710758366073408e-01,2.037484841932048485e-01,3.840881867480888112e-01,4.486346463079460278e-01,-1.699000776378691846e-01,-5.957218057600292827e-02,-9.587379302251441970e-02,3.868044793838870676e-01,8.526902411457591702e-02,9.045037427761766502e-02,1.000000000000000000e+00,7.135523853093874574e-03,3.057010857679472449e-01,3.284879898577140467e-01,4.844599073881497575e-01,6.764773938379209373e-01,-1.572317596232195303e-01,-1.811921375657908895e-01,5.894810107509855790e-01,1.126150936068202879e-01,5.017381027147862493e-01,-2.168490664255777189e-01,5.100522584164214335e-01,3.532852468778827082e-01
6.250419284863850070e-04,6.341432459122710030e-01,6.888650516439988047e-01,1.873779032973669489e-01,1.806437479428275594e-01,3.640823280355114933e-01,5.367290095878513023e-01,-4.653482710099559050e-01,2.462619279568656894e-01,-4.531655533239648675e-02,4.784706579971368945e-01,7.481500167320422889e-01,3.981449257681632936e-01,1.603586600478536239e-01,-3.193322662853722016e-01,2.377896404922971441e-01,1.435655993448803902e-01,2.160771019006512417e-01,9.609663421788489091e-02,6.853880798176322786e-01,7.233486042193078003e-01,7.339058063028633949e-01,2.912587797582456561e-01,5.239722227537877419e-01,4.829350063073635790e-01,7.135523853093874574e-03,1.000000000000000000e+00,7.154091188012359215e-01,1.917232312273287886e-01,-1.656696093147994597e-01,-2.963638309838571572e-01,6.793591213515347560e-01,8.152105769677784330e-01,2.194078644610692741e-01,-3.219425614427174481e-02,-8.932405437765046641e-02,6.517076507647816541e-01,3.795414647059500157e-02,3.510636435601067196e-01
9.015695369547568894e-02,6.226876469209143838e-01,7.871209234969184232e-01,2.015800898331600033e-01,3.171761441071355714e-01,2.015186322700751875e-01,4.587606438700846390e-01,-6.374163402445626181e-01,4.806993356516600646e-01,1.710907622668205175e-01,3.070277660742041781e-01,7.174683738310142500e-01,2.621002054616624055e-01,2.398716053212878452e-01,7.671707950501065708e-03,4.059700450247084036e-01,1.005411640600899631e-01,3.690089499046230181e-01,2.613428072226793852e-01,5.678530419414197228e-01,6.317937061761937922e-01,5.912282402848104690e-01,2.776509942266698339e-01,3.947395199258432186e-01,3.503857690145118498e-01,3.057010857679472449e-01,7.154091188012359215e-01,1.000000000000000000e+00,2.246062183927834410e-01,4.373247238408443927e-02,6.063647781216856096e-03,4.944721450797958107e-01,6.976215748685524742e-01,4.622429280306261656e-01,5.272125069638579353e-02,1.633622578880564169e-01,4.606890821665636238e-01,9.865353278185452768e-02,4.445907002486777504e-01
5.077977643412782127e-01,4.078080331114735113e-01,3.578815152276462741e-01,-9.623983862858859206e-02,4.096081273509226683e-01,6.290956595229981740e-01,6.478279909261476510e-02,-4.526340722785394677e-01,2.915882979516885021e-01,1.896616753208419659e-01,2.735143401354838688e-01,1.026958588080430779e-01,5.652871247175144840e-05,-8.473554493888314776e-02,2.433022886310688693e-01,2.847596392626600692e-01,6.057394230065648033e-01,1.385328067318309653e-01,2.673283279190584172e-01,2.018671266760022620e-01,3.274015087862277573e-01,2.941373659841721167e-01,6.320786812310553726e-01,6.627931704700015247e-01,5.856751302130188686e-01,3.284879898577140467e-01,1.917232312273287886e-01,2.246062183927834410e-01,1.000000000000000000e+00,3.571865761147293150e-01,4.070335254520082713e-01,4.413535611351417365e-01,2.013089567614090303e-01,2.399950930084262246e-01,5.785205512881466117e-01,-1.083350298879457406e-02,3.701901165700469676e-01,3.882936276351227622e-01,1.597428856328123314e-01
5.376075661892564250e-01,3.187421093453191023e-01,1.918633596861067381e-01,-9.859358830099458626e-02,5.569423623881195606e-01,2.060590552947109688e-01,-2.212847638481904022e-01,-4.428978039153191326e-01,5.026488650539931990e-01,6.847011282881635408e-01,-3.624745736146247482e-02,-1.133465243716198084e-01,-4.321774584176514278e-01,1.768226211903044520e-01,4.523479058277758424e-01,6.166029431285252604e-01,3.163812924083880262e-01,3.179345042404861377e-01,4.003668893110030602e-01,-1.590462367326720694e-01,-8.724822397806221430e-02,-1.593101229826079379e-01,3.767323800378047927e-01,1.602066841417614518e-01,2.966644968843574204e-01,4.844599073881497575e-01,-1.656696093147994597e-01,4.373247238408443927e-02,3.571865761147293150e-01,1.000000000000000000e+00,5.666632594668923328e-01,-7.406954335967699810e-02,-2.254817942692806110e-01,4.934006130423170822e-01,3.030635778531881597e-01,4.836731426720069504e-01,-6.620332847951804212e-02,3.361013620842192018e-01,2.240810796642908054e-01
6.196046293062149601e-01,5.077035931716740447e-02,1.988905967829269483e-01,-1.418714598921679837e-01,3.285952427701018808e-01,1.820606334574622620e-01,-4.318799831222280838e-01,-4.359688349660362228e-01,4.410168865684629957e-01,4.347843007247353397e-01,-1.847758046875571936e-01,-1.741287441324730900e-01,-5.868310366510555154e-01,1.249908400191294261e-01,5.230311306567710927e-01,2.842843797289174024e-01,4.434044306522712531e-01,2.016143245894299885e-01,3.228497601509788817e-01,-2.661841547146308051e-01,-1.613379338568329269e-01,-1.936119626111564851e-01,4.981513070048388392e-01,1.470903104782903259e-01,1.946566447806056532e-01,6.764773938379209373e-01,-2.963638309838571572e-01,6.063647781216856096e-03,4.070335254520082713e-01,5.666632594668923328e-01,1.000000000000000000e+00,-1.502729319551144027e-01,-3.881159333837059244e-01,3.796566483681562132e-01,3.584467027584936627e-01,4.252235836322678653e-01,-2.461516701801943208e-01,4.362798700629649251e-01,2.226744224295455210e-01
1.011652258938237903e-01,6.132915586204151781e-01,5.054450011721555169e-01,4.864439500205867267e-02,1.295964036796696528e-01,7.188471919246900432e-01,5.794657335310441360e-01,-3.642813683325167307e-01,5.731105093372680648e-02,-1.212172269424139637e-01,5.912208068483376655e-01,4.605207013329490895e-01,4.493934878311918180e-01,-6.909593169148649239e-02,-3.653086113948142422e-01,8.298213919937673377e-02,4.551631405457312041e-01,4.419977344868816771e-02,-2.640082347744863046e-03,7.077078537145803372e-01,7.685107639190668083e-01,7.773122817354468639e-01,4.701650970031464039e-01,7.848719033874367312e-01,6.745931097212856109e-01,-1.572317596232195303e-01,6.793591213515347560e-01,4.944721450797958107e-01,4.413535611351417365e-01,-7.406954335967699810e-02,-1.502729319551144027e-01,1.000000000000000000e+00,7.522537233681330093e-01,-1.965690708415246055e-02,4.198410865603857123e-01,-3.529635243011416956e-01,8.604228816432851756e-01,-2.345562851264917578e-02,1.347546258386857765e-01
-1.487676640264821160e-01,5.997464022703359321e-01,5.854065004923517668e-01,1.552755907793107182e-01,9.986090469151799598e-02,3.855922041565822966e-01,6.904956931870583903e-01,-3.475831075022057237e-01,1.088395046088676404e-01,-1.213084140162732083e-01,5.401874887091767663e-01,6.944353679321239037e-01,5.796759536569507931e-01,1.864287803879648153e-02,-3.366565256637684134e-01,1.559662591639850437e-01,1.103078047649588278e-01,1.142900276648208258e-01,2.164505760887409924e-02,7.556262158966606801e-01,7.893935993507953386e-01,7.797056757310476538e-01,1.788755198711888539e-01,5.371943175927686998e-01,4.559425457004284143e-01,-1.811921375657908895e-01,8.152105769677784330e-01,6.976215748685524742e-01,2.013089567614090303e-01,-2.254817942692806110e-01,-3.881159333837059244e-01,7.522537233681330093e-01,1.000000000000000000e+00,8.388155720017785588e-02,7.804745231290288743e-02,-2.528746251879346874e-01,7.342413283675440772e-01,-1.143875094958709260e-01,2.237985420165863049e-01
3.078074814900521594e-01,3.883681764099395362e-01,5.885178947332402322e-01,1.725510101561761878e-01,7.395600796787845654e-01,-7.402746973702135913e-02,-5.600126145284874124e-02,-6.927638770118059730e-01,6.686740519929199600e-01,5.797796177982276200e-01,-1.881030070734407075e-02,4.178189055779445993e-01,-2.772109667275293177e-01,3.700631357500777652e-01,5.331912990706900723e-01,6.100688754838659023e-01,4.274595137996180239e-02,6.562015513796956023e-01,6.742690920938634314e-01,-2.683988669217705555e-02,5.168337287174910866e-02,-1.283392112489885198e-03,2.409390924264319389e-01,5.806531861279340401e-02,1.469691037535890976e-01,5.894810107509855790e-01,2.194078644610692741e-01,4.622429280306261656e-01,2.399950930084262246e-01,4.934006130423170822e-01,3.796566483681562132e-01,-1.965690708415246055e-02,8.388155720017785588e-02,1.000000000000000000e+00,-8.812508163871017597e-02,5.545121262993558675e-01,-5.568292532960145147e-02,2.691301788251574401e-01,4.050978963594617510e-01
3.948351531785356250e-01,1.961719538280356778e-01,5.982667733302667740e-02,-3.306116480991339035e-01,1.114245734958736328e-01,6.694329340315045007e-01,3.504544645767478789e-02,-1.699752517066258073e-01,1.256482653242362579e-01,-2.522542507462452802e-02,2.454323473741324146e-01,-2.487980088425518488e-01,7.490584353536539064e-02,-2.609671481045466312e-01,6.677240975297397962e-02,-1.889923852319125991e-02,6.666598366130654929e-01,-6.916932340929811407e-02,-3.267755539314188412e-02,2.223514703192094877e-01,3.464780185782664890e-01,3.157576834301416002e-01,5.022926797288933543e-01,6.239412027597421861e-01,4.854305673104031826e-01,1.126150936068202879e-01,-3.219425614427174481e-02,5.272125069638579353e-02,5.785205512881466117e-01,3.030635778531881597e-01,3.584467027584936627e-01,4.198410865603857123e-01,7.804745231290288743e-02,-8.812508163871017597e-02,1.000000000000000000e+00,-3.304480557777131344e-01,4.404266397472599848e-01,2.867435044478825606e-02,-1.607456970720664291e-01
3.168155261099920850e-01,2.025428435339371724e-01,2.589691293655275173e-01,1.528719296440139153e-01,3.538335705685360377e-01,-3.038971868972340507e-01,-3.078791404250620922e-01,-3.852494840999045600e-01,4.255714583570955334e-01,6.566981398865682218e-01,-2.411327647327280443e-01,1.901613264061954300e-01,-4.661063022217609153e-01,5.198445995128502251e-01,3.667718891049385754e-01,5.893585470833766493e-01,-1.446073491392581845e-01,2.695427992837415854e-01,2.905678974707714968e-01,-3.380393127946988985e-01,-3.038835222583128326e-01,-3.421374886694510398e-01,1.073595289988183571e-01,-2.821531953173954110e-01,-8.364952023998123432e-02,5.017381027147862493e-01,-8.932405437765046641e-02,1.633622578880564169e-01,-1.083350298879457406e-02,4.836731426720069504e-01,4.252235836322678653e-01,-3.529635243011416956e-01,-2.528746251879346874e-01,5.545121262993558675e-01,-3.304480557777131344e-01,1.000000000000000000e+00,-3.843744941028899298e-01,4.211521248483740543e-01,4.900650085866732897e-01
1.919548273972529473e-02,5.966502314048923727e-01,4.161870418770954316e-01,-4.120752613969370232e-02,1.147554614223292996e-01,6.787650961078007805e-01,5.954348396202137073e-01,-2.891878293475291239e-01,5.643457301377220736e-02,-1.231452394819614743e-01,5.977543470626106581e-01,3.890663387764412007e-01,4.808185117866584091e-01,-5.588570877162356981e-02,-3.923089965831575987e-01,8.343735544328567677e-02,3.788852427161927827e-01,7.556580828387410124e-03,-5.438740084732691243e-02,7.064659579835679271e-01,7.560123466108306101e-01,7.573764106193942025e-01,3.523526024979451998e-01,7.373190392325255083e-01,6.161969738108155070e-01,-2.168490664255777189e-01,6.517076507647816541e-01,4.606890821665636238e-01,3.701901165700469676e-01,-6.620332847951804212e-02,-2.461516701801943208e-01,8.604228816432851756e-01,7.342413283675440772e-01,-5.568292532960145147e-02,4.404266397472599848e-01,-3.843744941028899298e-01,1.000000000000000000e+00,-1.321407271988826737e-01,3.322294373768655551e-02
5.323304418891541268e-01,2.181686940799300034e-01,2.440971732224584134e-01,-9.036448855442902328e-02,1.725875026428470294e-01,9.899892666882872949e-02,-3.500484251774431121e-01,-3.096529129887382048e-01,3.369294600898367631e-01,3.593465837970741261e-01,-1.732014234477296799e-01,1.281139924879922398e-01,-3.323040653714127712e-01,2.346350374833381658e-01,2.874011022271115157e-01,3.764777894487902343e-01,1.947518857927038605e-01,-1.363595107042825938e-01,1.245369288658062547e-02,-1.873269381051605731e-01,-8.187339454542308381e-02,-8.459671554674091931e-02,3.665563768877649342e-01,1.534679593244056561e-01,1.557480668600351725e-01,5.100522584164214335e-01,3.795414647059500157e-02,9.865353278185452768e-02,3.882936276351227622e-01,3.361013620842192018e-01,4.362798700629649251e-01,-2.345562851264917578e-02,-1.143875094958709260e-01,2.691301788251574401e-01,2.867435044478825606e-02,4.211521248483740543e-01,-1.321407271988826737e-01,1.000000000000000000e+00,5.135072959177000573e-01
2.705220156301627599e-01,4.659082028489703875e-01,5.071207988300232561e-01,2.399155354426933118e-01,2.157109435584697033e-01,4.956105273804881778e-02,-6.512280071728558661e-02,-4.598266797065169720e-01,3.919920750810414467e-01,3.672832795075102741e-01,-2.615238071186368543e-02,5.408147796443851796e-01,-1.489753452819339019e-01,4.521517123683235218e-01,1.233792991728175081e-01,4.945862133237617919e-01,6.162394894330030896e-03,1.170347350822375648e-01,1.038359898093555861e-01,4.142243004526109662e-02,1.176670399549278878e-01,7.969976756076538327e-02,3.152438799148342130e-01,1.114976586527489238e-01,2.828236667033997565e-01,3.532852468778827082e-01,3.510636435601067196e-01,4.445907002486777504e-01,1.597428856328123314e-01,2.240810796642908054e-01,2.226744224295455210e-01,1.347546258386857765e-01,2.237985420165863049e-01,4.050978963594617510e-01,-1.607456970720664291e-01,4.900650085866732897e-01,3.322294373768655551e-02,5.135072959177000573e-01,1.000000000000000000e+00
