1.000000000000000000e+00,4.480017832548338075e-01,4.344842120449913248e-01,4.445812642706762352e-01,5.131657409705546735e-01,8.561295778360762665e-02,-2.764923926674366789e-02,-4.099187220233185269e-01,6.081709666866604858e-01,6.583131280243288419e-01,8.759729077861942714e-02,1.874803848693867570e-01,-5.799998086117578167e-01,5.250086659446973059e-01,-2.431907195005522714e-04,5.604960055837545641e-01,3.284392035651239050e-01,-2.181009637291383974e-02,4.915171757441793021e-01,4.440610673274677511e-01,3.492940807018957150e-01,1.349320776041322278e-01,2.696337189452732708e-01,3.476494861817037152e-01,5.787120284614342136e-01,7.257898821639073850e-01,1.170749039311644590e-01,-2.794108572579788730e-01,7.305924788548189275e-01,6.253046642057165094e-01,3.667559307331395568e-01,5.014168102013377704e-01,1.227185103472982486e-01,6.388184325860098989e-01,9.838080088480802288e-02,1.123640170458649334e-02,5.881111343176893130e-02,7.164804521848952001e-01,4.580215286125417506e-01
4.480017832548338075e-01,1.000000000000000000e+00,2.317133436169173666e-01,1.027146798314088477e-01,2.535119559316376114e-01,3.257717270288602585e-01,1.791359630894795441e-02,-2.431326575885394692e-01,1.409480922403322789e-01,5.401598803046065989e-01,5.106629982746810903e-01,-2.657385071340328531e-01,-1.166725382572435799e-01,3.084325136923165012e-01,-1.919794211078194313e-01,4.928900994662385182e-01,1.940704191721048799e-01,-7.552580694151271590e-02,5.940476697474780104e-02,1.257907189421521126e-02,-1.585490355969239040e-01,1.118398034528053642e-01,3.657315672974856824e-01,1.119392673559015394e-01,3.195122989329616803e-01,3.383608691515913036e-01,4.190709074198321615e-01,-2.023434055031231305e-01,3.756833212589496540e-01,3.952682031829113374e-01,2.895304692029843641e-01,4.840880871759730697e-01,9.151354842195959238e-02,2.543504571639541578e-01,3.665155479991171195e-01,5.313618362778468329e-01,5.593854230088698420e-01,9.423847049538605636e-02,2.562768228788117053e-01
4.344842120449913248e-01,2.317133436169173666e-01,1.000000000000000000e+00,2.667311798391822086e-01,5.443504596016484065e-01,1.987694753400749414e-01,-1.582845368538040309e-01,-8.801059031793132537e-01,4.265923712706071180e-01,3.876109158349773098e-01,1.976755426750886058e-01,1.276574230686396833e-02,-5.164110607652775409e-01,4.307357274451893425e-01,-7.715329561382673618e-02,2.279707294471071399e-01,2.062197309148973978e-01,4.457134135557107996e-02,3.089094776059062020e-01,3.443815302212675511e-01,2.021935130258646907e-01,1.531397907236889677e-01,1.556617694490887716e-01,4.067324561340191491e-01,3.746909522555120775e-01,6.223304852764266482e-01,4.557875598560925390e-01,-2.409621382185910266e-01,4.702222964647804204e-01,1.919764505738946192e-01,6.558028097991795979e-01,3.998239009613098749e-01,2.661648731466299544e-01,4.659850991672072618e-01,2.477105868416615564e-01,-7.848234323690955749e-02,3.573962622208101125e-01,3.651745394482728835e-01,2.883951816767851284e-01
4.445812642706762352e-01,1.027146798314088477e-01,2.667311798391822086e-01,1.000000000000000000e+00,2.860755673057505666e-01,-9.790561550625934140e-02,-8.424826826021214465e-02,-2.647912753300428190e-01,4.160694470316528282e-01,2.442220619208732568e-01,-3.035508432759181918e-01,8.236908218075125743e-02,-4.704454992707826633e-01,5.041827089151631330e-02,-1.700436951729331347e-01,1.624653371434818250e-01,-1.662225391818783829e-02,8.271738409359728761e-02,4.799438430527339094e-01,3.355821021820031835e-01,2.978713975462977670e-01,1.592076237944421990e-01,-1.890868502503368076e-01,6.079353308378544936e-03,1.354899374322945382e-01,2.933145729152308312e-01,7.127040990858227350e-03,-3.222733209469407778e-01,3.389239057659197973e-01,2.494584096340448920e-01,1.975455775250344048e-02,2.220245114995202385e-01,1.882092436299927507e-01,3.554375628644145801e-01,-2.659622081338407495e-01,-2.422310720213265434e-01,-2.333485475377794216e-01,5.449622157203027895e-01,4.809892168636246690e-01
5.131657409705546735e-01,2.535119559316376114e-01,5.443504596016484065e-01,2.860755673057505666e-01,1.000000000000000000e+00,-1.109107962547230541e-01,-9.741806255667301295e-02,-5.302812207578163628e-01,7.114526061969965731e-01,4.454281457743405892e-01,1.768173776672846975e-01,3.172673493882663398e-01,-5.171628584292259356e-01,6.463777729460418175e-01,1.361594600076023454e-01,5.034818533003128094e-01,1.974051835458124904e-01,-4.308332650285527643e-02,2.529378417521382372e-01,3.052872704571613083e-01,7.668298175205605360e-02,9.340361821950844690e-02,4.310922751253691287e-01,5.843941212385451722e-01,6.406426096215428467e-01,6.542548486473735991e-01,1.350490588693231131e-01,-2.761843471717298493e-01,3.162579209479506326e-01,3.993894265946378863e-01,5.384160182868941158e-01,9.485583278139873842e-02,-1.457617390619785069e-01,7.701007864964037886e-01,1.453819594650612168e-01,4.648702167512799160e-02,3.331973122374973922e-02,4.940224860885480962e-01,3.636291449229107631e-01
8.561295778360762665e-02,3.257717270288602585e-01,1.987694753400749414e-01,-9.790561550625934140e-02,-1.109107962547230541e-01,1.000000000000000000e+00,-1.235581567369571782e-01,-2.203432134477477100e-01,-1.044647383324425194e-01,1.825494090148897242e-01,4.990218626289017467e-01,-2.766726573547286794e-01,-8.142213726704343457e-02,4.565682704424917082e-02,-1.143116129471653947e-01,1.357525285990286365e-02,3.800281102497133912e-01,-9.588501431034589240e-02,6.471325090247534439e-02,4.743595895554526820e-02,1.879984882297825594e-02,7.810866078366546228e-02,3.950451501234046592e-02,-2.122651887116439040e-01,-8.207612274405494401e-02,1.287553201404117720e-01,3.814159701710534423e-01,-3.142283869830755222e-02,3.429141122960009946e-01,-7.360197018899891641e-02,2.665716411508669004e-01,5.711395900507871826e-01,5.115714285747262613e-01,-2.839429319123099385e-02,2.247260309505681175e-01,1.682002537707322221e-01,5.168159495600725961e-01,-5.445190104291740968e-02,9.925130845978584471e-02
-2.764923926674366789e-02,1.791359630894795441e-02,-1.582845368538040309e-01,-8.424826826021214465e-02,-9.741806255667301295e-02,-1.235581567369571782e-01,1.000000000000000000e+00,1.687916263417620910e-01,-1.324536005936360339e-01,-3.042286550818206273e-02,-1.240315915510624978e-01,-2.737282027856925704e-02,2.690386948839763592e-01,-8.119203128685667514e-02,-6.905637207884926521e-02,2.798494774302957497e-02,-1.792712441129950263e-01,1.489437342771741390e-01,-6.548289179738583932e-02,-5.579761208973597203e-02,-7.717295306905264107e-02,-7.785276689884428059e-02,7.042979982639205327e-02,-6.045256097395153294e-03,1.466011699212999356e-02,-1.221242759961403170e-02,-1.356062162672383442e-01,2.870542037514189349e-01,-6.184635702626790216e-02,8.931055148075951744e-02,-1.151561785168481455e-01,-1.274557105580582106e-01,-8.753056079283610957e-02,-1.420649107332698224e-01,9.328126776265505127e-02,1.137435364097430374e-01,5.034867192846607768e-03,-7.400355515007292495e-02,-1.256316711983569701e-01
-4.099187220233185269e-01,-2.431326575885394692e-01,-8.801059031793132537e-01,-2.647912753300428190e-01,-5.302812207578163628e-01,-2.203432134477477100e-01,1.687916263417620910e-01,1.000000000000000000e+00,-4.079069221348603502e-01,-3.719788695691888525e-01,-2.298947274007062946e-01,8.844137207599557515e-03,5.093886775102818287e-01,-4.208136147843961616e-01,6.545826642778654336e-02,-2.107699678405337562e-01,-2.155610773738868557e-01,4.228287052614979752e-02,-2.640217348258553920e-01,-3.321705962000407464e-01,-1.818139569339371486e-01,-1.129501153264068913e-01,-1.593752702986297454e-01,-4.096694841796131303e-01,-3.549105076809009329e-01,-6.002201828889969226e-01,-4.783208007513182758e-01,2.687970005970968246e-01,-4.544829994171413756e-01,-1.551317849404973415e-01,-6.520907219360925211e-01,-4.053588384215457974e-01,-2.530573186969203858e-01,-4.470992694242701404e-01,-2.707619578640940161e-01,6.931140928508926213e-02,-3.886533476554438482e-01,-3.134801287743754772e-01,-2.637326122389221372e-01
6.081709666866604858e-01,1.409480922403322789e-01,4.265923712706071180e-01,4.160694470316528282e-01,7.114526061969965731e-01,-1.044647383324425194e-01,-1.324536005936360339e-01,-4.079069221348603502e-01,1.000000000000000000e+00,3.946373043353681997e-01,-7.434953565333254910e-02,2.880745679696429251e-01,-6.734257947601511862e-01,6.321570309368593765e-01,1.933750292685048333e-01,3.698896070959178939e-01,2.862193131621288411e-01,-2.271756646146339681e-02,5.534333890211909912e-01,2.682928166743662191e-01,3.612285025202713329e-01,1.119367047047488267e-01,3.192586087082732726e-01,5.813977281510879225e-01,6.315754566393282365e-01,6.116317009832358265e-01,3.295299802719613841e-02,-3.014128379009815006e-01,4.541062526009241318e-01,4.681065508398614683e-01,4.162361134840308341e-01,2.425665196417233216e-01,1.056049895579402043e-01,7.506360782543635146e-01,-1.820575723675744440e-01,-1.860498534992763575e-01,-1.934041326123810411e-01,7.447950661701838726e-01,6.093614592664153840e-01
6.583131280243288419e-01,5.401598803046065989e-01,3.876109158349773098e-01,2.442220619208732568e-01,4.454281457743405892e-01,1.825494090148897242e-01,-3.042286550818206273e-02,-3.719788695691888525e-01,3.946373043353681997e-01,1.000000000000000000e+00,3.204802831088965909e-01,4.929188741367938886e-02,-3.661660014375341943e-01,4.906068382586567522e-01,-3.755071521516473165e-02,8.072041827091115396e-01,3.061780555095555134e-01,-5.479734760651034514e-02,2.957916746682193176e-01,2.114757707404797682e-01,8.717359171807245732e-02,9.774279553789461117e-02,4.614828956302521878e-01,2.817038018547252665e-01,5.445611357916374518e-01,5.669573832040899486e-01,3.173597442132235491e-01,-2.499355500596242285e-01,5.815673482689619478e-01,7.129414386335466425e-01,4.008505305134762997e-01,5.163722541953634781e-01,1.681724635670042711e-02,5.484795238121418226e-01,2.651295505046037393e-01,3.257370789780927312e-01,3.101265638182665318e-01,4.067277085355372468e-01,2.461191248006044663e-01
8.759729077861942714e-02,5.106629982746810903e-01,1.976755426750886058e-01,-3.035508432759181918e-01,1.768173776672846975e-01,4.990218626289017467e-01,-1.240315915510624978e-01,-2.298947274007062946e-01,-7.434953565333254910e-02,3.204802831088965909e-01,1.000000000000000000e+00,-1.699594501266169788e-01,8.834456641422890055e-02,3.468858454947020831e-01,-9.940736479220302693e-03,2.919394787024963689e-01,4.872397190593111271e-01,-1.225111335586447636e-01,-2.526821638736849174e-01,-1.375479260417933336e-01,-3.914088539146344803e-01,2.781732727979330765e-03,4.396277392363476810e-01,1.382456592458511380e-01,1.601572292407532350e-01,1.846697533715914163e-01,4.129314541546131867e-01,3.896622763948470649e-03,1.088924991909975271e-01,1.034387631788787759e-01,4.386205834983444851e-01,2.982578659728812864e-01,-5.771080031277937145e-02,1.056290938525209222e-01,5.672816823572937039e-01,5.219783382534340932e-01,6.311297331644061259e-01,-2.913127249990506984e-01,-1.979721538311699225e-01
1.874803848693867570e-01,-2.657385071340328531e-01,1.276574230686396833e-02,8.236908218075125743e-02,3.172673493882663398e-01,-2.766726573547286794e-01,-2.737282027856925704e-02,8.844137207599557515e-03,2.880745679696429251e-01,4.929188741367938886e-02,-1.699594501266169788e-01,1.000000000000000000e+00,-9.694413959544402604e-02,1.999847789633565631e-01,3.113860491625614069e-01,1.359350359739866787e-01,7.959758344667497432e-02,1.666070488911786940e-01,-7.497918603400523241e-02,2.619848517422427858e-01,1.142891091229846917e-01,5.794371108392228770e-02,1.361427372095885269e-01,2.432674598289104040e-01,3.128302374927964258e-01,2.480257967057699631e-01,-3.546630775590124407e-01,1.636178904444772764e-01,2.895258734154311855e-02,1.723461588666884703e-01,9.715280036291529253e-02,-3.044628920374118919e-01,-2.674299484788850156e-01,3.774175726906177086e-01,-4.270175459802305618e-02,-1.785775393448588988e-01,-3.293992197646559705e-01,2.706492777232248903e-01,-3.349485124344145359e-02
-5.799998086117578167e-01,-1.166725382572435799e-01,-5.164110607652775409e-01,-4.704454992707826633e-01,-5.171628584292259356e-01,-8.142213726704343457e-02,2.690386948839763592e-01,5.093886775102818287e-01,-6.734257947601511862e-01,-3.661660014375341943e-01,8.834456641422890055e-02,-9.694413959544402604e-02,1.000000000000000000e+00,-3.438260154801807689e-01,-1.869644630560550816e-02,-2.080677639106240651e-01,-3.028401355073412349e-01,1.373252847368172380e-01,-6.478919453231292147e-01,-3.990120204294250184e-01,-5.125923633950212333e-01,-2.010274276215335554e-01,4.519202897866127916e-02,-2.612644604899987955e-01,-3.605758739360236387e-01,-4.827067492165006413e-01,-9.100066961141645150e-02,6.158525109517462015e-01,-6.088746195818683926e-01,-2.616202313867716511e-01,-3.248214458665117377e-01,-4.852205402666213696e-01,-3.137990644034288068e-01,-6.080692187555685191e-01,2.970740681445816489e-01,3.797082552128486777e-01,1.106321291467166484e-01,-6.949867393657788162e-01,-5.321855831619942689e-01
5.250086659446973059e-01,3.084325136923165012e-01,4.307357274451893425e-01,5.041827089151631330e-02,6.463777729460418175e-01,4.565682704424917082e-02,-8.119203128685667514e-02,-4.208136147843961616e-01,6.321570309368593765e-01,4.906068382586567522e-01,3.468858454947020831e-01,1.999847789633565631e-01,-3.438260154801807689e-01,1.000000000000000000e+00,2.125470291215597884e-01,5.160629163027626864e-01,4.325054699083877296e-01,5.132029548078199249e-02,2.260179324031531822e-01,8.660447073390974138e-02,8.653966962674686236e-02,-2.594663061808032828e-02,6.600524327505147282e-01,7.426510941556879741e-01,7.509896689664230518e-01,6.656291853509956891e-01,1.694547414148417641e-01,-1.485926860030997027e-02,4.211717328509256286e-01,5.112061648634259603e-01,5.933846020037831792e-01,2.471977967005649368e-01,-6.629706756244917176e-02,6.630604955042377346e-01,3.090147176881746782e-01,2.164869729374472029e-01,2.142642614654508004e-01,4.183826106710210047e-01,2.398038125922745123e-01
-2.431907195005522714e-04,-1.919794211078194313e-01,-7.715329561382673618e-02,-1.700436951729331347e-01,1.361594600076023454e-01,-1.143116129471653947e-01,-6.905637207884926521e-02,6.545826642778654336e-02,1.933750292685048333e-01,-3.755071521516473165e-02,-9.940736479220302693e-03,3.113860491625614069e-01,-1.869644630560550816e-02,2.125470291215597884e-01,1.000000000000000000e+00,-1.846145053016508622e-02,1.896544347987715040e-01,-1.720205295823087344e-01,6.793388064348745113e-03,2.340752748767055760e-02,-5.047650726458022263e-02,-3.419968573124228250e-02,1.638314640042146386e-01,3.102037149957495576e-01,1.750770760564692163e-01,4.975156567582562223e-02,-1.887179779157091564e-01,1.154324091911738681e-01,-6.659592615403819860e-02,6.482527048233746592e-02,1.509854957028314293e-01,-1.689408929784209368e-01,-1.519478916393569023e-01,1.586313824663317662e-01,1.576382942249333202e-02,-1.082416237430030015e-01,-1.710522897644992657e-01,5.861698619166990504e-02,-2.951163074125053715e-02
5.604960055837545641e-01,4.928900994662385182e-01,2.279707294471071399e-01,1.624653371434818250e-01,5.034818533003128094e-01,1.357525285990286365e-02,2.798494774302957497e-02,-2.107699678405337562e-01,3.698896070959178939e-01,8.072041827091115396e-01,2.919394787024963689e-01,1.359350359739866787e-01,-2.080677639106240651e-01,5.160629163027626864e-01,-1.846145053016508622e-02,1.000000000000000000e+00,2.035940966993178003e-01,-2.191260110021123891e-02,1.295933563674986355e-01,1.177963199503508640e-01,-8.896958918919990744e-02,2.098182673987380314e-02,5.946470831076275942e-01,3.394856425863717053e-01,5.953061556442367230e-01,5.080223953582885255e-01,1.609474474465859284e-01,-1.260404028019325440e-01,3.675961741658189674e-01,7.276575280323557271e-01,3.203487191633465625e-01,2.660930900739926219e-01,-2.692151707812899808e-01,5.583498742137986692e-01,3.312682352017900511e-01,4.293756854798175260e-01,2.285619869617398492e-01,3.155757741870321431e-01,1.219935972298206162e-01
3.284392035651239050e-01,1.940704191721048799e-01,2.062197309148973978e-01,-1.662225391818783829e-02,1.974051835458124904e-01,3.800281102497133912e-01,-1.792712441129950263e-01,-2.155610773738868557e-01,2.862193131621288411e-01,3.061780555095555134e-01,4.872397190593111271e-01,7.959758344667497432e-02,-3.028401355073412349e-01,4.325054699083877296e-01,1.896544347987715040e-01,2.035940966993178003e-01,1.000000000000000000e+00,-3.618372967414984487e-02,2.035273999319244242e-01,2.457971856980948212e-03,-9.187770402761536847e-04,9.922995219563757185e-02,2.169761125574180827e-01,1.913584852897980138e-01,2.519517010081114283e-01,2.407171016759961646e-01,1.421488080113265419e-02,-4.103778773918863310e-02,3.435168424027126854e-01,2.573463797704646505e-01,2.932892834691290251e-01,4.025229466430899627e-01,1.248763393943237571e-01,3.732528766319664904e-01,9.788832278807141352e-02,5.828909947402791808e-02,1.500359178217820499e-01,2.356784478624727452e-01,1.181425840730598864e-01
-2.181009637291383974e-02,-7.552580694151271590e-02,4.457134135557107996e-02,8.271738409359728761e-02,-4.308332650285527643e-02,-9.588501431034589240e-02,1.489437342771741390e-01,4.228287052614979752e-02,-2.271756646146339681e-02,-5.479734760651034514e-02,-1.225111335586447636e-01,1.666070488911786940e-01,1.373252847368172380e-01,5.132029548078199249e-02,-1.720205295823087344e-01,-2.191260110021123891e-02,-3.618372967414984487e-02,1.000000000000000000e+00,1.066088201647775457e-01,-1.612159377946009720e-01,1.004068957903612135e-02,-6.417461278777478184e-02,-1.341780592709659881e-03,-1.344085689843791103e-03,1.251452329763770577e-01,6.691783034595812085e-02,-1.593474889840579833e-01,2.544010379427784074e-01,-1.489188547915705312e-02,8.979863554395953185e-02,-2.433338128028401243e-02,-1.734654702632145162e-01,4.336197318387964572e-02,-6.561940954696514339e-02,3.524224465074354135e-02,6.388441050802353555e-03,-7.520056292076465754e-02,6.778923666419091332e-02,-7.513142667863313695e-02
4.915171757441793021e-01,5.940476697474780104e-02,3.089094776059062020e-01,4.799438430527339094e-01,2.529378417521382372e-01,6.471325090247534439e-02,-6.548289179738583932e-02,-2.640217348258553920e-01,5.534333890211909912e-01,2.957916746682193176e-01,-2.526821638736849174e-01,-7.497918603400523241e-02,-6.478919453231292147e-01,2.260179324031531822e-01,6.793388064348745113e-03,1.295933563674986355e-01,2.035273999319244242e-01,1.066088201647775457e-01,1.000000000000000000e+00,2.816359616330778581e-01,5.347118755953103042e-01,2.832123832941010333e-01,-1.270021244714802655e-01,9.014201363749671514e-02,2.548868437071558080e-01,3.320634188480218740e-01,4.681941737754116012e-02,-4.080036667058516975e-01,5.454589276134819142e-01,3.069550263849661897e-01,1.252520898206187783e-01,4.461094227723820249e-01,4.451079404882062329e-01,3.458328243859205009e-01,-4.617069180854543875e-01,-3.475913111679113654e-01,-2.459959282972465355e-01,6.773181680805306915e-01,5.537777197695559206e-01
4.440610673274677511e-01,1.257907189421521126e-02,3.443815302212675511e-01,3.355821021820031835e-01,3.052872704571613083e-01,4.743595895554526820e-02,-5.579761208973597203e-02,-3.321705962000407464e-01,2.682928166743662191e-01,2.114757707404797682e-01,-1.375479260417933336e-01,2.619848517422427858e-01,-3.990120204294250184e-01,8.660447073390974138e-02,2.340752748767055760e-02,1.177963199503508640e-01,2.457971856980948212e-03,-1.612159377946009720e-01,2.816359616330778581e-01,1.000000000000000000e+00,3.540733398934810539e-01,2.429529857019273043e-01,-1.159949008120918085e-01,4.973834348927256427e-02,1.863302996700024472e-01,4.004991916894314885e-01,-4.866364429120181856e-03,-2.772962736555602548e-01,4.331347151633452852e-01,1.232229813861449724e-01,1.624692360521978185e-01,2.000841625827010639e-01,1.305478856721024594e-01,3.122332847030269698e-01,-5.415391232022878643e-02,-2.848502010983930965e-01,-7.856421228460640227e-02,4.246375404976321377e-01,2.078603948458152273e-01
3.492940807018957150e-01,-1.585490355969239040e-01,2.021935130258646907e-01,2.978713975462977670e-01,7.668298175205605360e-02,1.879984882297825594e-02,-7.717295306905264107e-02,-1.818139569339371486e-01,3.612285025202713329e-01,8.717359171807245732e-02,-3.914088539146344803e-01,1.142891091229846917e-01,-5.125923633950212333e-01,8.653966962674686236e-02,-5.047650726458022263e-02,-8.896958918919990744e-02,-9.187770402761536847e-04,1.004068957903612135e-02,5.347118755953103042e-01,3.540733398934810539e-01,1.000000000000000000e+00,1.303445846060297952e-01,-2.434222474349285459e-01,7.410584069722817024e-02,1.316282369636979088e-01,2.945791727015318329e-01,-7.261624278340851613e-02,-1.880772056849956408e-01,5.484730444137916328e-01,8.933168888733096502e-02,4.579641923408565157e-02,3.566241617938644692e-01,4.749982065378218210e-01,2.478432161005765244e-01,-4.305009149018669823e-01,-4.073384238999645524e-01,-2.553741404867074238e-01,5.449897963423315783e-01,3.293792175419548163e-01
1.349320776041322278e-01,1.118398034528053642e-01,1.531397907236889677e-01,1.592076237944421990e-01,9.340361821950844690e-02,7.810866078366546228e-02,-7.785276689884428059e-02,-1.129501153264068913e-01,1.119367047047488267e-01,9.774279553789461117e-02,2.781732727979330765e-03,5.794371108392228770e-02,-2.010274276215335554e-01,-2.594663061808032828e-02,-3.419968573124228250e-02,2.098182673987380314e-02,9.922995219563757185e-02,-6.417461278777478184e-02,2.832123832941010333e-01,2.429529857019273043e-01,1.303445846060297952e-01,1.000000000000000000e+00,-8.803218959095300555e-02,-1.545062129882869839e-01,4.055542034990122779e-02,6.732505964642702956e-02,8.280912870877409071e-02,-2.155385043985712235e-01,2.198850094065622762e-01,3.979530414444431424e-02,8.187743344132855650e-02,1.674547628952330058e-01,1.654365487102360255e-01,1.193196485354868636e-01,-2.503296181386652219e-01,-1.571675072091167080e-01,-3.924825463795580949e-02,1.830838875672124999e-01,1.601180242271584564e-01
2.696337189452732708e-01,3.657315672974856824e-01,1.556617694490887716e-01,-1.890868502503368076e-01,4.310922751253691287e-01,3.950451501234046592e-02,7.042979982639205327e-02,-1.593752702986297454e-01,3.192586087082732726e-01,4.614828956302521878e-01,4.396277392363476810e-01,1.361427372095885269e-01,4.519202897866127916e-02,6.600524327505147282e-01,1.638314640042146386e-01,5.946470831076275942e-01,2.169761125574180827e-01,-1.341780592709659881e-03,-1.270021244714802655e-01,-1.159949008120918085e-01,-2.434222474349285459e-01,-8.803218959095300555e-02,1.000000000000000000e+00,5.751773961923486445e-01,6.674079403428874180e-01,4.311495161583272506e-01,1.906329340392110272e-01,1.481468731532761818e-01,9.953005186512831060e-02,4.531449031779974379e-01,4.545754892623132259e-01,-1.492719830688241491e-03,-3.038062145522945068e-01,4.063692274525951276e-01,4.817453175498493390e-01,4.957075720866662705e-01,3.458130614675641312e-01,4.824353327671172115e-02,-6.218237841650790798e-02
3.476494861817037152e-01,1.119392673559015394e-01,4.067324561340191491e-01,6.079353308378544936e-03,5.843941212385451722e-01,-2.122651887116439040e-01,-6.045256097395153294e-03,-4.096694841796131303e-01,5.813977281510879225e-01,2.817038018547252665e-01,1.382456592458511380e-01,2.432674598289104040e-01,-2.612644604899987955e-01,7.426510941556879741e-01,3.102037149957495576e-01,3.394856425863717053e-01,1.913584852897980138e-01,-1.344085689843791103e-03,9.014201363749671514e-02,4.973834348927256427e-02,7.410584069722817024e-02,-1.545062129882869839e-01,5.751773961923486445e-01,1.000000000000000000e+00,6.940994824229950177e-01,5.719851773458742850e-01,1.372899615169424770e-01,4.884887707686507569e-02,2.171875475608208428e-01,3.496200547210891463e-01,5.715709156749727571e-01,2.161738877442920606e-02,-1.220416672639426103e-01,5.299308281228078954e-01,2.836406410826572411e-01,5.470485728732459724e-02,9.726052869472259776e-02,3.068645971008462370e-01,1.664782257635854246e-01
5.787120284614342136e-01,3.195122989329616803e-01,3.746909522555120775e-01,1.354899374322945382e-01,6.406426096215428467e-01,-8.207612274405494401e-02,1.466011699212999356e-02,-3.549105076809009329e-01,6.315754566393282365e-01,5.445611357916374518e-01,1.601572292407532350e-01,3.128302374927964258e-01,-3.605758739360236387e-01,7.509896689664230518e-01,1.750770760564692163e-01,5.953061556442367230e-01,2.519517010081114283e-01,1.251452329763770577e-01,2.548868437071558080e-01,1.863302996700024472e-01,1.316282369636979088e-01,4.055542034990122779e-02,6.674079403428874180e-01,6.940994824229950177e-01,1.000000000000000000e+00,6.751052449727749094e-01,3.242095517032680257e-02,-1.137333250408996063e-02,4.328807482131158402e-01,5.507693032227014562e-01,5.355634641668085560e-01,1.339528452674721981e-01,-1.150822969387649414e-01,6.680792288679422430e-01,2.531351076745845807e-01,1.600776314719175308e-01,1.212086723745538636e-01,5.020536315930534954e-01,2.467521420516177455e-01
7.257898821639073850e-01,3.383608691515913036e-01,6.223304852764266482e-01,2.933145729152308312e-01,6.542548486473735991e-01,1.287553201404117720e-01,-1.221242759961403170e-02,-6.002201828889969226e-01,6.116317009832358265e-01,5.669573832040899486e-01,1.846697533715914163e-01,2.480257967057699631e-01,-4.827067492165006413e-01,6.656291853509956891e-01,4.975156567582562223e-02,5.080223953582885255e-01,2.407171016759961646e-01,6.691783034595812085e-02,3.320634188480218740e-01,4.004991916894314885e-01,2.945791727015318329e-01,6.732505964642702956e-02,4.311495161583272506e-01,5.719851773458742850e-01,6.751052449727749094e-01,1.000000000000000000e+00,2.850042026789777472e-01,-1.294021244637777734e-01,6.444214869036481996e-01,4.544819214765641879e-01,6.031725550258041357e-01,3.831356106919243110e-01,1.252160237093148110e-01,6.408364651803903911e-01,3.355449708612842086e-01,3.954580613043413850e-02,2.475723409616570336e-01,5.732703164668034868e-01,3.310855635037888711e-01
1.170749039311644590e-01,4.190709074198321615e-01,4.557875598560925390e-01,7.127040990858227350e-03,1.350490588693231131e-01,3.814159701710534423e-01,-1.356062162672383442e-01,-4.783208007513182758e-01,3.295299802719613841e-02,3.173597442132235491e-01,4.129314541546131867e-01,-3.546630775590124407e-01,-9.100066961141645150e-02,1.694547414148417641e-01,-1.887179779157091564e-01,1.609474474465859284e-01,1.421488080113265419e-02,-1.593474889840579833e-01,4.681941737754116012e-02,-4.866364429120181856e-03,-7.261624278340851613e-02,8.280912870877409071e-02,1.906329340392110272e-01,1.372899615169424770e-01,3.242095517032680257e-02,2.850042026789777472e-01,1.000000000000000000e+00,-2.298923197854205458e-01,2.074090680348629201e-01,2.528273266635872041e-02,4.440956785217364811e-01,4.687466731652761842e-01,3.315678411475234677e-01,-1.784747555006796493e-02,3.291336531816012601e-01,2.286532679084044284e-01,5.769618771429041448e-01,-1.413543199225687497e-01,1.394569440408329197e-01
-2.794108572579788730e-01,-2.023434055031231305e-01,-2.409621382185910266e-01,-3.222733209469407778e-01,-2.761843471717298493e-01,-3.142283869830755222e-02,2.870542037514189349e-01,2.687970005970968246e-01,-3.014128379009815006e-01,-2.499355500596242285e-01,3.896622763948470649e-03,1.636178904444772764e-01,6.158525109517462015e-01,-1.485926860030997027e-02,1.154324091911738681e-01,-1.260404028019325440e-01,-4.103778773918863310e-02,2.544010379427784074e-01,-4.080036667058516975e-01,-2.772962736555602548e-01,-1.880772056849956408e-01,-2.155385043985712235e-01,1.481468731532761818e-01,4.884887707686507569e-02,-1.137333250408996063e-02,-1.294021244637777734e-01,-2.298923197854205458e-01,1.000000000000000000e+00,-2.822435928944242445e-01,-7.919673443750457897e-02,1.562770525153489706e-03,-3.167636476793349587e-01,-1.481525418569817620e-01,-2.278099300496324586e-01,2.434384210269002202e-01,2.350831289292497905e-01,1.270838657912253498e-02,-2.712948267379072242e-01,-3.058914452370949943e-01
7.305924788548189275e-01,3.756833212589496540e-01,4.702222964647804204e-01,3.389239057659197973e-01,3.162579209479506326e-01,3.429141122960009946e-01,-6.184635702626790216e-02,-4.544829994171413756e-01,4.541062526009241318e-01,5.815673482689619478e-01,1.088924991909975271e-01,2.895258734154311855e-02,-6.088746195818683926e-01,4.211717328509256286e-01,-6.659592615403819860e-02,3.675961741658189674e-01,3.435168424027126854e-01,-1.489188547915705312e-02,5.454589276134819142e-01,4.331347151633452852e-01,5.484730444137916328e-01,2.198850094065622762e-01,9.953005186512831060e-02,2.171875475608208428e-01,4.328807482131158402e-01,6.444214869036481996e-01,2.074090680348629201e-01,-2.822435928944242445e-01,1.000000000000000000e+00,4.313528558791824286e-01,3.878201428541609985e-01,7.297245182133534902e-01,4.525182820174306619e-01,4.853236161980216123e-01,2.991956068190732704e-02,-7.308753044676659372e-02,2.157131644990133990e-01,6.113186499659786222e-01,3.578227927316750545e-01
6.253046642057165094e-01,3.952682031829113374e-01,1.919764505738946192e-01,2.494584096340448920e-01,3.993894265946378863e-01,-7.360197018899891641e-02,8.931055148075951744e-02,-1.551317849404973415e-01,4.681065508398614683e-01,7.129414386335466425e-01,1.034387631788787759e-01,1.723461588666884703e-01,-2.616202313867716511e-01,5.112061648634259603e-01,6.482527048233746592e-02,7.276575280323557271e-01,2.573463797704646505e-01,8.979863554395953185e-02,3.069550263849661897e-01,1.232229813861449724e-01,8.933168888733096502e-02,3.979530414444431424e-02,4.531449031779974379e-01,3.496200547210891463e-01,5.507693032227014562e-01,4.544819214765641879e-01,2.528273266635872041e-02,-7.919673443750457897e-02,4.313528558791824286e-01,1.000000000000000000e+00,2.501651288296806164e-01,2.899692801506854600e-01,-1.416240926647838183e-01,5.625571169974050711e-01,1.126983374533557236e-01,3.445204868655127872e-01,4.383171110152881550e-02,4.834227161147117147e-01,2.938164096093496269e-01
3.667559307331395568e-01,2.895304692029843641e-01,6.558028097991795979e-01,1.975455775250344048e-02,5.384160182868941158e-01,2.665716411508669004e-01,-1.151561785168481455e-01,-6.520907219360925211e-01,4.162361134840308341e-01,4.008505305134762997e-01,4.386205834983444851e-01,9.715280036291529253e-02,-3.248214458665117377e-01,5.933846020037831792e-01,1.509854957028314293e-01,3.203487191633465625e-01,2.932892834691290251e-01,-2.433338128028401243e-02,1.252520898206187783e-01,1.624692360521978185e-01,4.579641923408565157e-02,8.187743344132855650e-02,4.545754892623132259e-01,5.715709156749727571e-01,5.355634641668085560e-01,6.031725550258041357e-01,4.440956785217364811e-01,1.562770525153489706e-03,3.878201428541609985e-01,2.501651288296806164e-01,1.000000000000000000e+00,3.184398045965586843e-01,1.536611870432626203e-01,4.644655783168062935e-01,3.612046874591237633e-01,1.258548468155417654e-01,4.166605977801092764e-01,2.100180671810182864e-01,1.630545523278206788e-01
5.014168102013377704e-01,4.840880871759730697e-01,3.998239009613098749e-01,2.220245114995202385e-01,9.485583278139873842e-02,5.711395900507871826e-01,-1.274557105580582106e-01,-4.053588384215457974e-01,2.425665196417233216e-01,5.163722541953634781e-01,2.982578659728812864e-01,-3.044628920374118919e-01,-4.852205402666213696e-01,2.471977967005649368e-01,-1.689408929784209368e-01,2.660930900739926219e-01,4.025229466430899627e-01,-1.734654702632145162e-01,4.461094227723820249e-01,2.000841625827010639e-01,3.566241617938644692e-01,1.674547628952330058e-01,-1.492719830688241491e-03,2.161738877442920606e-02,1.339528452674721981e-01,3.831356106919243110e-01,4.687466731652761842e-01,-3.167636476793349587e-01,7.297245182133534902e-01,2.899692801506854600e-01,3.184398045965586843e-01,1.000000000000000000e+00,5.749387917222523736e-01,2.575540146582746548e-01,4.993829703636525064e-02,6.363505742499921125e-02,4.026993523574797229e-01,3.336813102762208882e-01,3.574123460358275550e-01
1.227185103472982486e-01,9.151354842195959238e-02,2.661648731466299544e-01,1.882092436299927507e-01,-1.457617390619785069e-01,5.115714285747262613e-01,-8.753056079283610957e-02,-2.530573186969203858e-01,1.056049895579402043e-01,1.681724635670042711e-02,-5.771080031277937145e-02,-2.674299484788850156e-01,-3.137990644034288068e-01,-6.629706756244917176e-02,-1.519478916393569023e-01,-2.692151707812899808e-01,1.248763393943237571e-01,4.336197318387964572e-02,4.451079404882062329e-01,1.305478856721024594e-01,4.749982065378218210e-01,1.654365487102360255e-01,-3.038062145522945068e-01,-1.220416672639426103e-01,-1.150822969387649414e-01,1.252160237093148110e-01,3.315678411475234677e-01,-1.481525418569817620e-01,4.525182820174306619e-01,-1.416240926647838183e-01,1.536611870432626203e-01,5.749387917222523736e-01,1.000000000000000000e+00,-7.139527540113457804e-02,-2.612414359536702202e-01,-3.016760873046333558e-01,1.429326068154490037e-01,2.491575534588737206e-01,4.101689167711788375e-01
6.388184325860098989e-01,2.543504571639541578e-01,4.659850991672072618e-01,3.554375628644145801e-01,7.701007864964037886e-01,-2.839429319123099385e-02,-1.420649107332698224e-01,-4.470992694242701404e-01,7.506360782543635146e-01,5.484795238121418226e-01,1.056290938525209222e-01,3.774175726906177086e-01,-6.080692187555685191e-01,6.630604955042377346e-01,1.586313824663317662e-01,5.583498742137986692e-01,3.732528766319664904e-01,-6.561940954696514339e-02,3.458328243859205009e-01,3.122332847030269698e-01,2.478432161005765244e-01,1.193196485354868636e-01,4.063692274525951276e-01,5.299308281228078954e-01,6.680792288679422430e-01,6.408364651803903911e-01,-1.784747555006796493e-02,-2.278099300496324586e-01,4.853236161980216123e-01,5.625571169974050711e-01,4.644655783168062935e-01,2.575540146582746548e-01,-7.139527540113457804e-02,1.000000000000000000e+00,2.707609338358883330e-02,-2.663673632775093690e-03,-1.756117361831573478e-02,6.650160021757863804e-01,4.496823484327110987e-01
9.838080088480802288e-02,3.665155479991171195e-01,2.477105868416615564e-01,-2.659622081338407495e-01,1.453819594650612168e-01,2.247260309505681175e-01,9.328126776265505127e-02,-2.707619578640940161e-01,-1.820575723675744440e-01,2.651295505046037393e-01,5.672816823572937039e-01,-4.270175459802305618e-02,2.970740681445816489e-01,3.090147176881746782e-01,1.576382942249333202e-02,3.312682352017900511e-01,9.788832278807141352e-02,3.524224465074354135e-02,-4.617069180854543875e-01,-5.415391232022878643e-02,-4.305009149018669823e-01,-2.503296181386652219e-01,4.817453175498493390e-01,2.836406410826572411e-01,2.531351076745845807e-01,3.355449708612842086e-01,3.291336531816012601e-01,2.434384210269002202e-01,2.991956068190732704e-02,1.126983374533557236e-01,3.612046874591237633e-01,4.993829703636525064e-02,-2.612414359536702202e-01,2.707609338358883330e-02,1.000000000000000000e+00,5.272826904960046246e-01,6.714002756385045734e-01,-3.080510143043365678e-01,-3.403578278658764833e-01
1.123640170458649334e-02,5.313618362778468329e-01,-7.848234323690955749e-02,-2.422310720213265434e-01,4.648702167512799160e-02,1.682002537707322221e-01,1.137435364097430374e-01,6.931140928508926213e-02,-1.860498534992763575e-01,3.257370789780927312e-01,5.219783382534340932e-01,-1.785775393448588988e-01,3.797082552128486777e-01,2.164869729374472029e-01,-1.082416237430030015e-01,4.293756854798175260e-01,5.828909947402791808e-02,6.388441050802353555e-03,-3.475913111679113654e-01,-2.848502010983930965e-01,-4.073384238999645524e-01,-1.571675072091167080e-01,4.957075720866662705e-01,5.470485728732459724e-02,1.600776314719175308e-01,3.954580613043413850e-02,2.286532679084044284e-01,2.350831289292497905e-01,-7.308753044676659372e-02,3.445204868655127872e-01,1.258548468155417654e-01,6.363505742499921125e-02,-3.016760873046333558e-01,-2.663673632775093690e-03,5.272826904960046246e-01,1.000000000000000000e+00,5.061608968482760318e-01,-3.308256396215895068e-01,-1.923467567322417471e-01
5.881111343176893130e-02,5.593854230088698420e-01,3.573962622208101125e-01,-2.333485475377794216e-01,3.331973122374973922e-02,5.168159495600725961e-01,5.034867192846607768e-03,-3.886533476554438482e-01,-1.934041326123810411e-01,3.101265638182665318e-01,6.311297331644061259e-01,-3.293992197646559705e-01,1.106321291467166484e-01,2.142642614654508004e-01,-1.710522897644992657e-01,2.285619869617398492e-01,1.500359178217820499e-01,-7.520056292076465754e-02,-2.459959282972465355e-01,-7.856421228460640227e-02,-2.553741404867074238e-01,-3.924825463795580949e-02,3.458130614675641312e-01,9.726052869472259776e-02,1.212086723745538636e-01,2.475723409616570336e-01,5.769618771429041448e-01,1.270838657912253498e-02,2.157131644990133990e-01,4.383171110152881550e-02,4.166605977801092764e-01,4.026993523574797229e-01,1.429326068154490037e-01,-1.756117361831573478e-02,6.714002756385045734e-01,5.061608968482760318e-01,1.000000000000000000e+00,-3.032014161463650881e-01,-1.661139247036363675e-01
7.164804521848952001e-01,9.423847049538605636e-02,3.651745394482728835e-01,5.449622157203027895e-01,4.940224860885480962e-01,-5.445190104291740968e-02,-7.400355515007292495e-02,-3.134801287743754772e-01,7.447950661701838726e-01,4.067277085355372468e-01,-2.913127249990506984e-01,2.706492777232248903e-01,-6.949867393657788162e-01,4.183826106710210047e-01,5.861698619166990504e-02,3.155757741870321431e-01,2.356784478624727452e-01,6.778923666419091332e-02,6.773181680805306915e-01,4.246375404976321377e-01,5.449897963423315783e-01,1.830838875672124999e-01,4.824353327671172115e-02,3.068645971008462370e-01,5.020536315930534954e-01,5.732703164668034868e-01,-1.413543199225687497e-01,-2.712948267379072242e-01,6.113186499659786222e-01,4.834227161147117147e-01,2.100180671810182864e-01,3.336813102762208882e-01,2.491575534588737206e-01,6.650160021757863804e-01,-3.080510143043365678e-01,-3.308256396215895068e-01,-3.032014161463650881e-01,1.000000000000000000e+00,6.627904130463608823e-01
4.580215286125417506e-01,2.562768228788117053e-01,2.883951816767851284e-01,4.809892168636246690e-01,3.636291449229107631e-01,9.925130845978584471e-02,-1.256316711983569701e-01,-2.637326122389221372e-01,6.093614592664153840e-01,2.461191248006044663e-01,-1.979721538311699225e-01,-3.349485124344145359e-02,-5.321855831619942689e-01,2.398038125922745123e-01,-2.951163074125053715e-02,1.219935972298206162e-01,1.181425840730598864e-01,-7.513142667863313695e-02,5.537777197695559206e-01,2.078603948458152273e-01,3.293792175419548163e-01,1.601180242271584564e-01,-6.218237841650790798e-02,1.664782257635854246e-01,2.467521420516177455e-01,3.310855635037888711e-01,1.394569440408329197e-01,-3.058914452370949943e-01,3.578227927316750545e-01,2.938164096093496269e-01,1.630545523278206788e-01,3.574123460358275550e-01,4.101689167711788375e-01,4.496823484327110987e-01,-3.403578278658764833e-01,-1.923467567322417471e-01,-1.661139247036363675e-01,6.627904130463608823e-01,1.000000000000000000e+00
