1.000000000000000000e+00,5.092811868273375842e-01,5.184393334273451615e-01,-1.604222187319280790e-01,5.739011444877659684e-01,-8.556513493566426931e-02,-1.056690033347867097e-01,-5.648831818080372047e-01,7.471748585853772440e-01,3.958550333852700054e-01,-2.723281463658443480e-01,2.752278211206163339e-01,4.769788668420210098e-01,6.864683286929654793e-01,6.088790163977023662e-01,4.975828766053905783e-01,6.030037245976040960e-01,4.318982955219682340e-01,4.981848869699614935e-01,4.590607272403718353e-01,1.469855600325945533e-01,-7.383290587597256260e-02,7.272681648942688204e-01,6.716573721677450148e-01,7.840045682406263650e-01,8.114892191740235017e-01,2.769438898003744876e-01,8.521395901911094084e-01,8.179174345902247012e-01,6.153719621061592981e-01,7.672179921491870981e-03,3.038085351580598337e-01,2.252556276896013343e-01,6.871531507928100302e-01,4.904253274304588572e-01,2.420354131313387502e-01,5.841230479748360516e-01,6.029199686016266657e-01,4.396124975098756466e-03
5.092811868273375842e-01,1.000000000000000000e+00,3.587490337792859640e-01,-3.173286308135939149e-02,3.856464671531208421e-01,-6.796411409909196288e-02,1.464325423157285810e-01,-4.373855337797518117e-01,3.312545448170414741e-01,3.459558979931621758e-01,-1.925783664023154040e-01,7.683035818114676563e-02,4.867850328145495453e-02,3.378803611869902190e-01,1.619582662731815226e-01,3.643676237513183147e-01,1.768777246365285938e-01,4.531197004417614194e-02,1.313099246812701182e-01,1.789236011997801523e-01,-1.500949026776918476e-03,1.157381936018473667e-01,3.555234568840302534e-01,2.958928685638496092e-01,3.447842302656472513e-01,3.859634616006963892e-01,3.063895723909639268e-01,3.207453271054928057e-01,4.716400330769324745e-01,4.404521627822129415e-01,2.119881650935022954e-01,4.923180979048227268e-01,1.369563722476325462e-01,2.694567235101221203e-01,4.397724934573171707e-01,5.610350381652521312e-01,5.430142558581065870e-01,-9.083258042937055257e-03,-2.281484350450851961e-02
5.184393334273451615e-01,3.587490337792859640e-01,1.000000000000000000e+00,1.386279377628458487e-01,7.921011915335690601e-01,-3.997796216964813465e-02,1.298257516814681489e-01,-9.051577369046984733e-01,6.393221375484322566e-01,4.786314075428489967e-01,2.275847412864029015e-02,2.347801266787136465e-01,1.048521085773725658e-01,6.429370117438460985e-01,2.432370452749026135e-01,4.766546995011990417e-01,3.328137537622886666e-01,4.997639842126463949e-01,5.852548117888126677e-01,2.167500524147943364e-01,6.159811918843421941e-01,3.129322771974002437e-01,6.072593027346614436e-01,6.128661364907339593e-01,4.762977089614142678e-01,4.568727668014157528e-01,3.510510247885310076e-01,6.068054171215843118e-01,4.592863576169649020e-01,6.548706039785859856e-01,3.974422600294961749e-01,3.604266112459121318e-01,6.927500844461476071e-01,7.124295994405948074e-01,3.512628502899687866e-01,7.781160368172201913e-02,5.547966083984313679e-01,4.500059278257370621e-01,2.805042856850611943e-01
-1.604222187319280790e-01,-3.173286308135939149e-02,1.386279377628458487e-01,1.000000000000000000e+00,1.384282255174975607e-01,1.895470256852046231e-01,4.812521906292848151e-01,-1.157732532576996737e-01,-1.146445730128463347e-01,2.849533305090976576e-01,2.152801198245357928e-01,-1.752399915290203392e-01,-2.623851574016600741e-01,-1.229342134689868568e-02,-3.354676608264766102e-01,2.050645076459732263e-01,-1.326389492518102731e-01,6.584131090181005730e-02,9.469078064540081829e-02,-9.402880836488261562e-02,2.329969665263549594e-01,2.838590938089723958e-01,-8.203228158944908532e-02,-6.743443513180807924e-02,-1.127496544719350652e-01,-2.182382883383779670e-01,7.526110795881278681e-02,-1.522682226442589881e-01,-2.413850736996898116e-01,1.375416910063163023e-01,3.239005916620302794e-01,2.122663340987510638e-01,2.544373630749640625e-01,-9.717406406912056094e-02,-1.313728210238969407e-01,2.703449529897843095e-02,-4.042078484518599885e-02,-8.416482794811572243e-02,2.425423663128116747e-01
5.739011444877659684e-01,3.856464671531208421e-01,7.921011915335690601e-01,1.384282255174975607e-01,1.000000000000000000e+00,9.567342243799839552e-02,9.644334008610747078e-02,-7.995860340036851088e-01,6.889407049487732415e-01,5.790756451170040453e-01,1.204399424350298536e-01,9.640001750018589721e-02,9.661423028571949900e-02,6.936943794733192448e-01,1.688320763119756096e-01,5.421800553880300466e-01,3.980112653804146472e-01,5.824347138974325100e-01,6.548430610375377547e-01,4.502457966440969600e-02,4.785465077881171370e-01,8.946844911724458060e-02,6.187839242027203257e-01,6.181665657847095208e-01,4.882977010656281980e-01,5.177424920802371489e-01,4.509788737480047716e-01,6.299406200679058543e-01,5.393473773086679968e-01,7.198592155879254273e-01,4.230494435025542455e-01,5.354859382137370227e-01,6.515669845015058526e-01,6.600197017968478796e-01,4.482242968198085764e-01,1.228494716400309050e-01,6.194985918500391930e-01,5.316818030086674085e-01,2.964542596639055394e-01
-8.556513493566426931e-02,-6.796411409909196288e-02,-3.997796216964813465e-02,1.895470256852046231e-01,9.567342243799839552e-02,1.000000000000000000e+00,1.816691718701888003e-01,6.888976824361381368e-02,-1.876224652250173819e-01,2.393256577705220323e-01,4.194713707383647683e-01,-3.339053274078977451e-01,-3.709523663420313255e-01,1.142917554335749764e-02,-3.518563278216121359e-01,1.229287806513763431e-01,1.145818210896580591e-01,-1.798909120966950964e-02,-3.221949880883505368e-02,-1.804312199230800329e-01,1.721568440603889472e-01,2.013242268506536814e-01,8.161820963592306133e-02,-1.431263805069558082e-01,6.874777433318646214e-02,-7.087762167867643626e-02,1.673163970563942837e-01,-1.023134192453994118e-01,-2.103243178141743497e-01,-2.642505965307500454e-02,3.169286899174348915e-01,1.886586382217002589e-01,2.068124936803753533e-01,-2.202025705258201238e-01,1.259362333699192427e-01,4.834764587852177775e-02,-4.662716103305811904e-02,-7.387296337806958935e-02,1.958941406453027223e-01
-1.056690033347867097e-01,1.464325423157285810e-01,1.298257516814681489e-01,4.812521906292848151e-01,9.644334008610747078e-02,1.816691718701888003e-01,1.000000000000000000e+00,-1.365581526048663119e-01,-1.501034422619573760e-01,3.663646271372393848e-01,1.009971168364029170e-01,-2.561543368987806435e-01,-3.616487944848014169e-01,-5.502754858195835902e-02,-3.280397982980163274e-01,2.251748463271293632e-01,-2.467108787601860198e-01,-9.811061588808725475e-02,1.686460199688066949e-03,-1.093491508373738430e-01,2.547866287867339707e-01,4.282630269946999801e-01,-6.549508457509445325e-02,-2.073224144374611333e-01,-4.284956453456804232e-02,-2.264017447898039048e-01,8.816370513192056668e-02,-1.648188171069249475e-01,-2.277492836827965939e-01,1.446416297285504360e-01,4.728613324587270239e-01,2.140612539933088587e-01,2.730516472841332254e-01,-1.019315201961544792e-01,-1.651984536149480043e-01,2.353088619979833984e-01,-4.053657293210283924e-02,-2.355397132788303316e-01,2.464286035927601148e-01
-5.648831818080372047e-01,-4.373855337797518117e-01,-9.051577369046984733e-01,-1.157732532576996737e-01,-7.995860340036851088e-01,6.888976824361381368e-02,-1.365581526048663119e-01,1.000000000000000000e+00,-6.060323158732001669e-01,-5.155762641729411122e-01,1.299836582532656361e-02,-1.433045798941309235e-01,-1.007406153827133249e-01,-6.582627451959811582e-01,-2.204671928456808927e-01,-5.135281012412100665e-01,-3.483397957901239739e-01,-4.717625776173161589e-01,-5.681478152375250001e-01,-1.570819899678523313e-01,-5.540539156596064885e-01,-2.280759864231509393e-01,-6.088905729424233249e-01,-6.060050432976542556e-01,-5.098276731277230356e-01,-4.531987714931389744e-01,-3.376129691906251118e-01,-5.940815316936343127e-01,-5.023883430060304134e-01,-6.918482572755232374e-01,-4.085363321653225355e-01,-3.963047643354181693e-01,-6.551349763378664370e-01,-6.548768138921660098e-01,-3.634200852443583707e-01,-1.770659886442339792e-01,-5.644873694920617968e-01,-4.245607193469709828e-01,-2.270152290251344074e-01
7.471748585853772440e-01,3.312545448170414741e-01,6.393221375484322566e-01,-1.146445730128463347e-01,6.889407049487732415e-01,-1.876224652250173819e-01,-1.501034422619573760e-01,-6.060323158732001669e-01,1.000000000000000000e+00,3.438556429512049650e-01,-6.900945765865411363e-02,4.252589294967189515e-01,4.868749709524808345e-01,6.962648683921288661e-01,5.783705318123756323e-01,3.988055675071169315e-01,5.561391379197129226e-01,6.119288984897197636e-01,6.295483645762062208e-01,3.789851588885371214e-01,2.633929434834632044e-01,-4.678463419912361893e-02,6.609372828701215452e-01,7.825006743751974359e-01,5.757160495341477890e-01,7.746946575302265936e-01,4.159743376244104951e-01,8.075756613757322233e-01,7.412186309649316796e-01,6.438100500602356169e-01,3.420497166744938811e-02,3.421243517217872343e-01,3.866842768863986146e-01,8.436287110632332276e-01,4.269848205301864374e-01,-6.547157467955541654e-02,6.173906812871672312e-01,6.699035476978072445e-01,1.054025687596362032e-01
3.958550333852700054e-01,3.459558979931621758e-01,4.786314075428489967e-01,2.849533305090976576e-01,5.790756451170040453e-01,2.393256577705220323e-01,3.663646271372393848e-01,-5.155762641729411122e-01,3.438556429512049650e-01,1.000000000000000000e+00,2.056842238700286873e-01,-2.322514326794457851e-01,-2.589045870003807148e-01,4.091403512046740687e-01,-1.550354063487132117e-01,6.270155561081235396e-01,1.587903749604427095e-01,3.764857009056790660e-01,5.986047272640546701e-01,-6.836713055306009590e-02,4.164621298725789678e-01,1.752161740535791434e-01,4.191951501246823919e-01,3.056669681472887201e-01,4.510881552168156672e-01,1.884045664840134915e-01,3.308925343289847998e-01,3.684234412211928045e-01,2.162459713240110215e-01,5.935510334023583745e-01,7.244697546229877938e-01,5.542663537343062163e-01,5.870155883257036633e-01,2.815020810503409132e-01,1.494038613805936666e-01,7.755086469374382341e-02,2.703194557791824826e-01,3.354158844052488875e-01,5.573709685258825264e-01
-2.723281463658443480e-01,-1.925783664023154040e-01,2.275847412864029015e-02,2.152801198245357928e-01,1.204399424350298536e-01,4.194713707383647683e-01,1.009971168364029170e-01,1.299836582532656361e-02,-6.900945765865411363e-02,2.056842238700286873e-01,1.000000000000000000e+00,-1.932626475854289372e-01,-3.093436377016753891e-01,-2.541985252953464156e-02,-4.124927971788551195e-01,1.205104226800187556e-01,1.149372865150137674e-01,4.412494725895942799e-02,5.985300488411485556e-03,-3.315532896198863932e-01,1.898708894437055872e-01,1.137823091963830052e-01,-8.927150605799868965e-02,-1.241948961501135873e-01,-2.396432854751796571e-01,-1.384067178957925082e-01,5.417934452212187502e-01,-2.136634491837703931e-01,-2.446032338582149468e-01,1.368833000084040130e-01,2.890772259738055849e-01,4.170010670763176774e-01,3.582645288380705839e-01,-1.007703902710097160e-01,-4.887406013538098809e-02,-1.610456236478129688e-01,-1.018884083158298204e-01,4.833994417671714366e-02,3.613350224628512075e-01
2.752278211206163339e-01,7.683035818114676563e-02,2.347801266787136465e-01,-1.752399915290203392e-01,9.640001750018589721e-02,-3.339053274078977451e-01,-2.561543368987806435e-01,-1.433045798941309235e-01,4.252589294967189515e-01,-2.322514326794457851e-01,-1.932626475854289372e-01,1.000000000000000000e+00,5.319375493628211160e-01,3.001589160030266878e-01,7.167035008427282694e-01,-1.640947471818760273e-01,1.757370760974898971e-01,1.885331121335491467e-01,1.592352718365201703e-01,6.056359009624102674e-01,-7.077702430099080955e-02,1.433724571091042066e-01,1.865728875015942312e-01,4.148452383635712892e-01,1.916185984721055779e-01,4.830241751663479910e-01,1.647379886454052311e-01,3.817833196370638560e-01,4.235406919026200590e-01,7.195997900126918645e-02,-3.877329951902419025e-01,-1.593250768659250083e-01,-1.017269215436546470e-01,4.886878429450912109e-01,2.769393247569202909e-01,2.720019870168401480e-02,3.767688584373715122e-01,1.935105320478510416e-01,-8.391334209372977582e-03
4.769788668420210098e-01,4.867850328145495453e-02,1.048521085773725658e-01,-2.623851574016600741e-01,9.661423028571949900e-02,-3.709523663420313255e-01,-3.616487944848014169e-01,-1.007406153827133249e-01,4.868749709524808345e-01,-2.589045870003807148e-01,-3.093436377016753891e-01,5.319375493628211160e-01,1.000000000000000000e+00,4.118338492587745869e-01,7.757091734593707377e-01,-4.584931149563010316e-02,3.866978104059986543e-01,2.617406976415603270e-01,1.672583778802526622e-01,4.940490399658147291e-01,-1.891426574975806352e-01,-2.244949165068087504e-01,3.073067839648185307e-01,4.920084045965795738e-01,3.547189839120072907e-01,5.943066406653605416e-01,5.812283847498621314e-02,5.073279726188525407e-01,5.928436174229159139e-01,1.524673804111512654e-01,-5.946446507866433029e-01,-2.167262203766897599e-01,-1.769191531549659802e-01,4.541387443262445700e-01,3.258543093381081057e-01,2.639257281916167902e-02,2.978145637871598694e-01,4.127408080302694682e-01,-3.306022146522253347e-01
6.864683286929654793e-01,3.378803611869902190e-01,6.429370117438460985e-01,-1.229342134689868568e-02,6.936943794733192448e-01,1.142917554335749764e-02,-5.502754858195835902e-02,-6.582627451959811582e-01,6.962648683921288661e-01,4.091403512046740687e-01,-2.541985252953464156e-02,3.001589160030266878e-01,4.118338492587745869e-01,1.000000000000000000e+00,4.844250978691370113e-01,5.134946075584706504e-01,5.782966452387983125e-01,5.478486747852057137e-01,5.753810783544945906e-01,2.841366521306234461e-01,3.471087400692015046e-01,5.755613368900484861e-02,7.312809117044231089e-01,7.467112145341915364e-01,6.695692906181901494e-01,6.442968188372490967e-01,3.473332424378026695e-01,7.151375529270028730e-01,6.928824310975514322e-01,7.155167953134518033e-01,1.280110220186633785e-01,2.941191680531732300e-01,4.807439280548514993e-01,6.574288610283284262e-01,5.116852357083576663e-01,2.132640772031319520e-01,6.167074113028984117e-01,5.929020009889979237e-01,1.402488113524162916e-01
6.088790163977023662e-01,1.619582662731815226e-01,2.432370452749026135e-01,-3.354676608264766102e-01,1.688320763119756096e-01,-3.518563278216121359e-01,-3.280397982980163274e-01,-2.204671928456808927e-01,5.783705318123756323e-01,-1.550354063487132117e-01,-4.124927971788551195e-01,7.167035008427282694e-01,7.757091734593707377e-01,4.844250978691370113e-01,1.000000000000000000e+00,1.554339700223958919e-02,4.340792164594684532e-01,3.053707676583123365e-01,2.843489582545925543e-01,6.925035353854382958e-01,-1.390585399612216388e-01,-5.784994565090881974e-02,4.238735536180948671e-01,6.106929119713745413e-01,5.222680424044470193e-01,7.343692223021772714e-01,7.461901074067869843e-02,6.615468386475902296e-01,6.788540470132958804e-01,2.061897194501912112e-01,-4.705173675437201442e-01,-2.065166365129298132e-01,-1.452381526571192016e-01,5.952495190809943271e-01,3.959462803148821597e-01,6.509983043821887527e-02,4.368312853958454811e-01,4.087776074341715193e-01,-2.280918185384918362e-01
4.975828766053905783e-01,3.643676237513183147e-01,4.766546995011990417e-01,2.050645076459732263e-01,5.421800553880300466e-01,1.229287806513763431e-01,2.251748463271293632e-01,-5.135281012412100665e-01,3.988055675071169315e-01,6.270155561081235396e-01,1.205104226800187556e-01,-1.640947471818760273e-01,-4.584931149563010316e-02,5.134946075584706504e-01,1.554339700223958919e-02,1.000000000000000000e+00,3.802803691533994668e-01,5.212222317490635692e-01,5.141685681876613234e-01,8.302558202896898748e-03,3.096234379159068517e-01,1.290155745475363158e-01,6.381866017919829437e-01,3.555197934942960214e-01,4.696102624514257862e-01,3.421885520851394857e-01,3.720315092522283318e-01,4.999382716784763758e-01,3.312796983855351707e-01,7.028008386144050101e-01,4.926154657302261319e-01,3.797364321646118368e-01,4.883042460325374701e-01,3.328664252237363841e-01,1.610766478264075152e-01,2.818312505435414117e-01,3.432107246872785344e-01,5.452810194242446729e-01,2.076505241351400410e-01
6.030037245976040960e-01,1.768777246365285938e-01,3.328137537622886666e-01,-1.326389492518102731e-01,3.980112653804146472e-01,1.145818210896580591e-01,-2.467108787601860198e-01,-3.483397957901239739e-01,5.561391379197129226e-01,1.587903749604427095e-01,1.149372865150137674e-01,1.757370760974898971e-01,3.866978104059986543e-01,5.782966452387983125e-01,4.340792164594684532e-01,3.802803691533994668e-01,1.000000000000000000e+00,4.023178975241952782e-01,3.516906968015147683e-01,2.317043996797805427e-01,5.731326064765136785e-02,-2.425721104576865628e-01,6.025106110160154405e-01,5.270154946185552358e-01,5.392631582816780345e-01,6.534543083004173969e-01,3.371673582228071342e-01,6.363087369973802199e-01,6.207949490353007471e-01,4.606640703754865673e-01,-1.483140444696704752e-01,2.356382128018509048e-01,1.454420678100719067e-01,5.020807167647668434e-01,3.574622448489973570e-01,5.941570463312648154e-02,4.017968587776075684e-01,5.672426483831854993e-01,-1.500331604562158416e-01
4.318982955219682340e-01,4.531197004417614194e-02,4.997639842126463949e-01,6.584131090181005730e-02,5.824347138974325100e-01,-1.798909120966950964e-02,-9.811061588808725475e-02,-4.717625776173161589e-01,6.119288984897197636e-01,3.764857009056790660e-01,4.412494725895942799e-02,1.885331121335491467e-01,2.617406976415603270e-01,5.478486747852057137e-01,3.053707676583123365e-01,5.212222317490635692e-01,4.023178975241952782e-01,1.000000000000000000e+00,8.071304765293790817e-01,1.195289773307146447e-01,2.635749310074568807e-01,-8.991172372543027036e-02,5.736641038831913342e-01,6.290982193818338564e-01,3.673607075720334292e-01,5.085260607463374383e-01,3.365254641494872523e-01,6.344295262073856856e-01,4.089408600418512063e-01,5.058661089982730008e-01,2.176256369911526989e-01,9.821830090850763861e-02,3.841436982183121795e-01,4.884371688043783188e-01,2.175182885162605662e-01,-1.437181941386483919e-01,3.886859586662073096e-01,7.202611808484071787e-01,1.802550790634749323e-01
4.981848869699614935e-01,1.313099246812701182e-01,5.852548117888126677e-01,9.469078064540081829e-02,6.548430610375377547e-01,-3.221949880883505368e-02,1.686460199688066949e-03,-5.681478152375250001e-01,6.295483645762062208e-01,5.986047272640546701e-01,5.985300488411485556e-03,1.592352718365201703e-01,1.672583778802526622e-01,5.753810783544945906e-01,2.843489582545925543e-01,5.141685681876613234e-01,3.516906968015147683e-01,8.071304765293790817e-01,1.000000000000000000e+00,1.424130128200796486e-01,3.363695554534541499e-01,-2.766027767796944495e-02,5.596468218221241075e-01,6.249448968976386576e-01,4.725992864897203827e-01,4.806245637901154222e-01,2.872142456354563889e-01,6.612450088729553421e-01,4.453658216725945862e-01,5.393183023501977313e-01,3.975977072318600536e-01,1.994418268178784481e-01,4.749271607657370997e-01,5.290371068819521572e-01,2.274317822111649456e-01,-1.376080041820104960e-01,4.366129890602113428e-01,6.480775719771351140e-01,3.536989231826628277e-01
4.590607272403718353e-01,1.789236011997801523e-01,2.167500524147943364e-01,-9.402880836488261562e-02,4.502457966440969600e-02,-1.804312199230800329e-01,-1.093491508373738430e-01,-1.570819899678523313e-01,3.789851588885371214e-01,-6.836713055306009590e-02,-3.315532896198863932e-01,6.056359009624102674e-01,4.940490399658147291e-01,2.841366521306234461e-01,6.925035353854382958e-01,8.302558202896898748e-03,2.317043996797805427e-01,1.195289773307146447e-01,1.424130128200796486e-01,1.000000000000000000e+00,7.032682353205151927e-03,3.044227577673582208e-01,3.365277816743539874e-01,3.972214484641922727e-01,4.623143979656666458e-01,5.464623902585882265e-01,4.109175542740524378e-02,4.847407036561496851e-01,4.043061028742356289e-01,1.366225004217659633e-01,-2.627033907358802267e-01,-1.745668046887799973e-01,-2.031190745352339302e-02,4.449431679231958259e-01,3.152222737300596767e-01,4.376129052282912851e-02,3.049011295194685722e-01,2.240696908610622651e-01,-5.112053560292786208e-02
1.469855600325945533e-01,-1.500949026776918476e-03,6.159811918843421941e-01,2.329969665263549594e-01,4.785465077881171370e-01,1.721568440603889472e-01,2.547866287867339707e-01,-5.540539156596064885e-01,2.633929434834632044e-01,4.164621298725789678e-01,1.898708894437055872e-01,-7.077702430099080955e-02,-1.891426574975806352e-01,3.471087400692015046e-01,-1.390585399612216388e-01,3.096234379159068517e-01,5.731326064765136785e-02,2.635749310074568807e-01,3.363695554534541499e-01,7.032682353205151927e-03,1.000000000000000000e+00,5.005323127156603435e-01,3.472119028945770403e-01,2.239510735028017452e-01,2.680348964728584971e-01,5.395855941379726350e-02,2.070726990524425215e-01,2.421097446646392204e-01,1.981638651542870153e-02,3.802763428091990305e-01,5.098412007589134820e-01,2.005477382647141704e-01,7.282344502685781373e-01,4.022042335239623956e-01,6.294251003891339347e-02,-1.267263831753374925e-01,1.469687328148176486e-01,3.050684716532186536e-01,4.686987421425526934e-01
-7.383290587597256260e-02,1.157381936018473667e-01,3.129322771974002437e-01,2.838590938089723958e-01,8.946844911724458060e-02,2.013242268506536814e-01,4.282630269946999801e-01,-2.280759864231509393e-01,-4.678463419912361893e-02,1.752161740535791434e-01,1.137823091963830052e-01,1.433724571091042066e-01,-2.244949165068087504e-01,5.755613368900484861e-02,-5.784994565090881974e-02,1.290155745475363158e-01,-2.425721104576865628e-01,-8.991172372543027036e-02,-2.766027767796944495e-02,3.044227577673582208e-01,5.005323127156603435e-01,1.000000000000000000e+00,5.818377940260680004e-02,-3.917620359280595682e-02,5.827221416678585175e-02,-6.100534726068591179e-02,1.841617810551402223e-01,-4.937751847315965253e-02,-1.882440771864992146e-01,1.669694012182476039e-01,4.225435086009624031e-01,7.023112275899809701e-03,4.808327688086345697e-01,1.079463791611119799e-01,1.314493771513529363e-01,1.046293974613918543e-01,1.474873945176930212e-01,-1.188650520678590089e-01,3.841129042961653473e-01
7.272681648942688204e-01,3.555234568840302534e-01,6.072593027346614436e-01,-8.203228158944908532e-02,6.187839242027203257e-01,8.161820963592306133e-02,-6.549508457509445325e-02,-6.088905729424233249e-01,6.609372828701215452e-01,4.191951501246823919e-01,-8.927150605799868965e-02,1.865728875015942312e-01,3.073067839648185307e-01,7.312809117044231089e-01,4.238735536180948671e-01,6.381866017919829437e-01,6.025106110160154405e-01,5.736641038831913342e-01,5.596468218221241075e-01,3.365277816743539874e-01,3.472119028945770403e-01,5.818377940260680004e-02,1.000000000000000000e+00,6.276167058849098090e-01,7.737764303073556560e-01,6.455143242038147156e-01,2.881057860715952601e-01,7.681605996227974797e-01,6.126351297570422627e-01,6.259424517395025811e-01,1.915938461169467422e-01,2.220356620008559767e-01,4.110025808840802042e-01,6.668000270308273025e-01,4.009858276467682670e-01,1.908492726395898120e-01,5.061175832623032722e-01,6.468627716049285548e-01,6.773173104810945033e-02
6.716573721677450148e-01,2.958928685638496092e-01,6.128661364907339593e-01,-6.743443513180807924e-02,6.181665657847095208e-01,-1.431263805069558082e-01,-2.073224144374611333e-01,-6.060050432976542556e-01,7.825006743751974359e-01,3.056669681472887201e-01,-1.241948961501135873e-01,4.148452383635712892e-01,4.920084045965795738e-01,7.467112145341915364e-01,6.106929119713745413e-01,3.555197934942960214e-01,5.270154946185552358e-01,6.290982193818338564e-01,6.249448968976386576e-01,3.972214484641922727e-01,2.239510735028017452e-01,-3.917620359280595682e-02,6.276167058849098090e-01,1.000000000000000000e+00,6.238563937752439337e-01,7.218026569499111922e-01,2.917416685094680884e-01,7.596057005361716019e-01,6.808527318719052035e-01,6.043995522680617460e-01,1.968621573371046214e-03,1.684093157469270241e-01,3.335554596716061027e-01,7.205822407763442516e-01,4.706823393960989921e-01,-6.899343998175679060e-02,5.828248116718326433e-01,6.052745860523656152e-01,1.081008118383564032e-01
7.840045682406263650e-01,3.447842302656472513e-01,4.762977089614142678e-01,-1.127496544719350652e-01,4.882977010656281980e-01,6.874777433318646214e-02,-4.284956453456804232e-02,-5.098276731277230356e-01,5.757160495341477890e-01,4.510881552168156672e-01,-2.396432854751796571e-01,1.916185984721055779e-01,3.547189839120072907e-01,6.695692906181901494e-01,5.222680424044470193e-01,4.696102624514257862e-01,5.392631582816780345e-01,3.673607075720334292e-01,4.725992864897203827e-01,4.623143979656666458e-01,2.680348964728584971e-01,5.827221416678585175e-02,7.737764303073556560e-01,6.238563937752439337e-01,1.000000000000000000e+00,6.647369764183308494e-01,1.469520256374009515e-01,7.583780607223006287e-01,6.298515173652321497e-01,5.198372271736366734e-01,1.189115066420853711e-01,1.702704089093981243e-01,2.595614790960847906e-01,6.057630065866244085e-01,3.897194870495355179e-01,1.816688630711703889e-01,4.101529022198611707e-01,5.279488532921505772e-01,1.020307932300875825e-01
8.114892191740235017e-01,3.859634616006963892e-01,4.568727668014157528e-01,-2.182382883383779670e-01,5.177424920802371489e-01,-7.087762167867643626e-02,-2.264017447898039048e-01,-4.531987714931389744e-01,7.746946575302265936e-01,1.884045664840134915e-01,-1.384067178957925082e-01,4.830241751663479910e-01,5.943066406653605416e-01,6.442968188372490967e-01,7.343692223021772714e-01,3.421885520851394857e-01,6.534543083004173969e-01,5.085260607463374383e-01,4.806245637901154222e-01,5.464623902585882265e-01,5.395855941379726350e-02,-6.100534726068591179e-02,6.455143242038147156e-01,7.218026569499111922e-01,6.647369764183308494e-01,1.000000000000000000e+00,4.546646924131551026e-01,8.370249075254767579e-01,8.008078683968274936e-01,5.183625389038379883e-01,-1.536817996544495579e-01,2.268959622330606052e-01,1.360671857975509769e-01,7.141060331105740788e-01,5.418759838483682145e-01,1.042419763428323737e-01,6.148675306213006175e-01,6.321322677818304037e-01,-2.784815504907866071e-02
2.769438898003744876e-01,3.063895723909639268e-01,3.510510247885310076e-01,7.526110795881278681e-02,4.509788737480047716e-01,1.673163970563942837e-01,8.816370513192056668e-02,-3.376129691906251118e-01,4.159743376244104951e-01,3.308925343289847998e-01,5.417934452212187502e-01,1.647379886454052311e-01,5.812283847498621314e-02,3.473332424378026695e-01,7.461901074067869843e-02,3.720315092522283318e-01,3.371673582228071342e-01,3.365254641494872523e-01,2.872142456354563889e-01,4.109175542740524378e-02,2.070726990524425215e-01,1.841617810551402223e-01,2.881057860715952601e-01,2.917416685094680884e-01,1.469520256374009515e-01,4.546646924131551026e-01,1.000000000000000000e+00,2.920413200041524493e-01,3.370106568423915094e-01,5.081050387552339398e-01,2.498222830073591194e-01,6.003600354093614477e-01,3.924169419630651467e-01,3.276925102730811057e-01,3.549829025368205770e-01,1.562148874858689251e-01,4.261770507320150059e-01,3.526621747991378064e-01,3.321129019628412671e-01
8.521395901911094084e-01,3.207453271054928057e-01,6.068054171215843118e-01,-1.522682226442589881e-01,6.299406200679058543e-01,-1.023134192453994118e-01,-1.648188171069249475e-01,-5.940815316936343127e-01,8.075756613757322233e-01,3.684234412211928045e-01,-2.136634491837703931e-01,3.817833196370638560e-01,5.073279726188525407e-01,7.151375529270028730e-01,6.615468386475902296e-01,4.999382716784763758e-01,6.363087369973802199e-01,6.344295262073856856e-01,6.612450088729553421e-01,4.847407036561496851e-01,2.421097446646392204e-01,-4.937751847315965253e-02,7.681605996227974797e-01,7.596057005361716019e-01,7.583780607223006287e-01,8.370249075254767579e-01,2.920413200041524493e-01,1.000000000000000000e+00,7.663378503326566671e-01,5.899215384464095990e-01,2.379850144220153896e-02,1.892334284395679744e-01,3.010163840387686252e-01,7.959197163507875095e-01,4.210119937851242167e-01,3.453467091351151291e-02,5.672764322049960173e-01,7.433326927505105042e-01,6.604440183853743651e-02
8.179174345902247012e-01,4.716400330769324745e-01,4.592863576169649020e-01,-2.413850736996898116e-01,5.393473773086679968e-01,-2.103243178141743497e-01,-2.277492836827965939e-01,-5.023883430060304134e-01,7.412186309649316796e-01,2.162459713240110215e-01,-2.446032338582149468e-01,4.235406919026200590e-01,5.928436174229159139e-01,6.928824310975514322e-01,6.788540470132958804e-01,3.312796983855351707e-01,6.207949490353007471e-01,4.089408600418512063e-01,4.453658216725945862e-01,4.043061028742356289e-01,1.981638651542870153e-02,-1.882440771864992146e-01,6.126351297570422627e-01,6.808527318719052035e-01,6.298515173652321497e-01,8.008078683968274936e-01,3.370106568423915094e-01,7.663378503326566671e-01,1.000000000000000000e+00,5.625977826955768091e-01,-1.664540503725048248e-01,3.126714090666842250e-01,1.349818537535256990e-01,6.520243315107489002e-01,5.769084469668828152e-01,2.819134690991348391e-01,6.879219085819160417e-01,5.129782475106522410e-01,-1.377295152030056646e-01
6.153719621061592981e-01,4.404521627822129415e-01,6.548706039785859856e-01,1.375416910063163023e-01,7.198592155879254273e-01,-2.642505965307500454e-02,1.446416297285504360e-01,-6.918482572755232374e-01,6.438100500602356169e-01,5.935510334023583745e-01,1.368833000084040130e-01,7.195997900126918645e-02,1.524673804111512654e-01,7.155167953134518033e-01,2.061897194501912112e-01,7.028008386144050101e-01,4.606640703754865673e-01,5.058661089982730008e-01,5.393183023501977313e-01,1.366225004217659633e-01,3.802763428091990305e-01,1.669694012182476039e-01,6.259424517395025811e-01,6.043995522680617460e-01,5.198372271736366734e-01,5.183625389038379883e-01,5.081050387552339398e-01,5.899215384464095990e-01,5.625977826955768091e-01,1.000000000000000000e+00,3.976932850011759002e-01,4.859250571876852498e-01,6.296592248091964494e-01,5.820012208961360400e-01,4.007509180859217257e-01,2.326073533575431229e-01,5.639536802539959481e-01,5.867612985631085465e-01,2.792852247583646474e-01
7.672179921491870981e-03,2.119881650935022954e-01,3.974422600294961749e-01,3.239005916620302794e-01,4.230494435025542455e-01,3.169286899174348915e-01,4.728613324587270239e-01,-4.085363321653225355e-01,3.420497166744938811e-02,7.244697546229877938e-01,2.890772259738055849e-01,-3.877329951902419025e-01,-5.946446507866433029e-01,1.280110220186633785e-01,-4.705173675437201442e-01,4.926154657302261319e-01,-1.483140444696704752e-01,2.176256369911526989e-01,3.975977072318600536e-01,-2.627033907358802267e-01,5.098412007589134820e-01,4.225435086009624031e-01,1.915938461169467422e-01,1.968621573371046214e-03,1.189115066420853711e-01,-1.536817996544495579e-01,2.498222830073591194e-01,2.379850144220153896e-02,-1.664540503725048248e-01,3.976932850011759002e-01,1.000000000000000000e+00,4.032591043427935507e-01,6.516605567315016945e-01,4.333663251109170361e-02,6.238899130802975229e-03,4.148080667792538451e-02,1.370130577752064482e-01,7.937082640198657446e-02,6.000937060612677731e-01
3.038085351580598337e-01,4.923180979048227268e-01,3.604266112459121318e-01,2.122663340987510638e-01,5.354859382137370227e-01,1.886586382217002589e-01,2.140612539933088587e-01,-3.963047643354181693e-01,3.421243517217872343e-01,5.542663537343062163e-01,4.170010670763176774e-01,-1.593250768659250083e-01,-2.167262203766897599e-01,2.941191680531732300e-01,-2.065166365129298132e-01,3.797364321646118368e-01,2.356382128018509048e-01,9.821830090850763861e-02,1.994418268178784481e-01,-1.745668046887799973e-01,2.005477382647141704e-01,7.023112275899809701e-03,2.220356620008559767e-01,1.684093157469270241e-01,1.702704089093981243e-01,2.268959622330606052e-01,6.003600354093614477e-01,1.892334284395679744e-01,3.126714090666842250e-01,4.859250571876852498e-01,4.032591043427935507e-01,1.000000000000000000e+00,4.058329212896949478e-01,2.567693319798010632e-01,2.829866865897678330e-01,1.814011616099233393e-01,3.655764020369979272e-01,1.277563131984945088e-01,2.490849671780593910e-01
2.252556276896013343e-01,1.369563722476325462e-01,6.927500844461476071e-01,2.544373630749640625e-01,6.515669845015058526e-01,2.068124936803753533e-01,2.730516472841332254e-01,-6.551349763378664370e-01,3.866842768863986146e-01,5.870155883257036633e-01,3.582645288380705839e-01,-1.017269215436546470e-01,-1.769191531549659802e-01,4.807439280548514993e-01,-1.452381526571192016e-01,4.883042460325374701e-01,1.454420678100719067e-01,3.841436982183121795e-01,4.749271607657370997e-01,-2.031190745352339302e-02,7.282344502685781373e-01,4.808327688086345697e-01,4.110025808840802042e-01,3.335554596716061027e-01,2.595614790960847906e-01,1.360671857975509769e-01,3.924169419630651467e-01,3.010163840387686252e-01,1.349818537535256990e-01,6.296592248091964494e-01,6.516605567315016945e-01,4.058329212896949478e-01,1.000000000000000000e+00,4.345317203699087250e-01,2.577238430041433048e-01,-5.108501158157209565e-02,3.631512053792654293e-01,3.831600932965448236e-01,5.225950916991645157e-01
6.871531507928100302e-01,2.694567235101221203e-01,7.124295994405948074e-01,-9.717406406912056094e-02,6.600197017968478796e-01,-2.202025705258201238e-01,-1.019315201961544792e-01,-6.548768138921660098e-01,8.436287110632332276e-01,2.815020810503409132e-01,-1.007703902710097160e-01,4.886878429450912109e-01,4.541387443262445700e-01,6.574288610283284262e-01,5.952495190809943271e-01,3.328664252237363841e-01,5.020807167647668434e-01,4.884371688043783188e-01,5.290371068819521572e-01,4.449431679231958259e-01,4.022042335239623956e-01,1.079463791611119799e-01,6.668000270308273025e-01,7.205822407763442516e-01,6.057630065866244085e-01,7.141060331105740788e-01,3.276925102730811057e-01,7.959197163507875095e-01,6.520243315107489002e-01,5.820012208961360400e-01,4.333663251109170361e-02,2.567693319798010632e-01,4.345317203699087250e-01,1.000000000000000000e+00,3.669628532630593853e-01,-9.014096719196200425e-02,5.510908820380057138e-01,6.430150534362653048e-01,1.490748054937436895e-01
4.904253274304588572e-01,4.397724934573171707e-01,3.512628502899687866e-01,-1.313728210238969407e-01,4.482242968198085764e-01,1.259362333699192427e-01,-1.651984536149480043e-01,-3.634200852443583707e-01,4.269848205301864374e-01,1.494038613805936666e-01,-4.887406013538098809e-02,2.769393247569202909e-01,3.258543093381081057e-01,5.116852357083576663e-01,3.959462803148821597e-01,1.610766478264075152e-01,3.574622448489973570e-01,2.175182885162605662e-01,2.274317822111649456e-01,3.152222737300596767e-01,6.294251003891339347e-02,1.314493771513529363e-01,4.009858276467682670e-01,4.706823393960989921e-01,3.897194870495355179e-01,5.418759838483682145e-01,3.549829025368205770e-01,4.210119937851242167e-01,5.769084469668828152e-01,4.007509180859217257e-01,6.238899130802975229e-03,2.829866865897678330e-01,2.577238430041433048e-01,3.669628532630593853e-01,1.000000000000000000e+00,3.522880527228592351e-01,7.500386523535398364e-01,2.443173528842897402e-01,3.592821680951008290e-02
2.420354131313387502e-01,5.610350381652521312e-01,7.781160368172201913e-02,2.703449529897843095e-02,1.228494716400309050e-01,4.834764587852177775e-02,2.353088619979833984e-01,-1.770659886442339792e-01,-6.547157467955541654e-02,7.755086469374382341e-02,-1.610456236478129688e-01,2.720019870168401480e-02,2.639257281916167902e-02,2.132640772031319520e-01,6.509983043821887527e-02,2.818312505435414117e-01,5.941570463312648154e-02,-1.437181941386483919e-01,-1.376080041820104960e-01,4.376129052282912851e-02,-1.267263831753374925e-01,1.046293974613918543e-01,1.908492726395898120e-01,-6.899343998175679060e-02,1.816688630711703889e-01,1.042419763428323737e-01,1.562148874858689251e-01,3.453467091351151291e-02,2.819134690991348391e-01,2.326073533575431229e-01,4.148080667792538451e-02,1.814011616099233393e-01,-5.108501158157209565e-02,-9.014096719196200425e-02,3.522880527228592351e-01,1.000000000000000000e+00,3.498879168564112963e-01,-2.014612082515987168e-01,-1.728030353530641550e-01
5.841230479748360516e-01,5.430142558581065870e-01,5.547966083984313679e-01,-4.042078484518599885e-02,6.194985918500391930e-01,-4.662716103305811904e-02,-4.053657293210283924e-02,-5.644873694920617968e-01,6.173906812871672312e-01,2.703194557791824826e-01,-1.018884083158298204e-01,3.767688584373715122e-01,2.978145637871598694e-01,6.167074113028984117e-01,4.368312853958454811e-01,3.432107246872785344e-01,4.017968587776075684e-01,3.886859586662073096e-01,4.366129890602113428e-01,3.049011295194685722e-01,1.469687328148176486e-01,1.474873945176930212e-01,5.061175832623032722e-01,5.828248116718326433e-01,4.101529022198611707e-01,6.148675306213006175e-01,4.261770507320150059e-01,5.672764322049960173e-01,6.879219085819160417e-01,5.639536802539959481e-01,1.370130577752064482e-01,3.655764020369979272e-01,3.631512053792654293e-01,5.510908820380057138e-01,7.500386523535398364e-01,3.498879168564112963e-01,1.000000000000000000e+00,3.395921141533698173e-01,6.057027769546430990e-02
6.029199686016266657e-01,-9.083258042937055257e-03,4.500059278257370621e-01,-8.416482794811572243e-02,5.316818030086674085e-01,-7.387296337806958935e-02,-2.355397132788303316e-01,-4.245607193469709828e-01,6.699035476978072445e-01,3.354158844052488875e-01,4.833994417671714366e-02,1.935105320478510416e-01,4.127408080302694682e-01,5.929020009889979237e-01,4.087776074341715193e-01,5.452810194242446729e-01,5.672426483831854993e-01,7.202611808484071787e-01,6.480775719771351140e-01,2.240696908610622651e-01,3.050684716532186536e-01,-1.188650520678590089e-01,6.468627716049285548e-01,6.052745860523656152e-01,5.279488532921505772e-01,6.321322677818304037e-01,3.526621747991378064e-01,7.433326927505105042e-01,5.129782475106522410e-01,5.867612985631085465e-01,7.937082640198657446e-02,1.277563131984945088e-01,3.831600932965448236e-01,6.430150534362653048e-01,2.443173528842897402e-01,-2.014612082515987168e-01,3.395921141533698173e-01,1.000000000000000000e+00,2.324933912842473138e-01
4.396124975098756466e-03,-2.281484350450851961e-02,2.805042856850611943e-01,2.425423663128116747e-01,2.964542596639055394e-01,1.958941406453027223e-01,2.464286035927601148e-01,-2.270152290251344074e-01,1.054025687596362032e-01,5.573709685258825264e-01,3.613350224628512075e-01,-8.391334209372977582e-03,-3.306022146522253347e-01,1.402488113524162916e-01,-2.280918185384918362e-01,2.076505241351400410e-01,-1.500331604562158416e-01,1.802550790634749323e-01,3.536989231826628277e-01,-5.112053560292786208e-02,4.686987421425526934e-01,3.841129042961653473e-01,6.773173104810945033e-02,1.081008118383564032e-01,1.020307932300875825e-01,-2.784815504907866071e-02,3.321129019628412671e-01,6.604440183853743651e-02,-1.377295152030056646e-01,2.792852247583646474e-01,6.000937060612677731e-01,2.490849671780593910e-01,5.225950916991645157e-01,1.490748054937436895e-01,3.592821680951008290e-02,-1.728030353530641550e-01,6.057027769546430990e-02,2.324933912842473138e-01,1.000000000000000000e+00
