1.000000000000000000e+00,8.463323236098305724e-01,6.744518018604823695e-01,-9.491146052019870660e-02,6.933911204910837567e-01,8.175778724881076209e-02,3.115620734783411949e-01,-6.508141234409625664e-01,6.900188467786730895e-01,7.919262354397699211e-01,6.896040369305340700e-01,3.920308436069078750e-01,-6.683333739746609437e-02,8.095665319750572353e-01,2.661643262599107662e-01,7.827723743582425397e-01,7.593808956391554510e-01,5.442915437041259130e-01,7.079663117534613637e-01,3.824068487931025495e-01,5.297059527514362820e-01,3.380520611564049038e-01,8.645090791029045318e-01,2.883013118672470010e-01,8.034038548277575575e-01,8.732250239956176330e-01,8.093417549805589362e-01,7.809702840427117376e-01,7.870727166098635541e-01,7.349503882356884787e-01,7.126125307906454598e-01,6.459306215021676234e-01,6.606697621971696632e-01,4.989791744378797578e-01,6.680280141007577388e-01,7.534760945974412483e-01,7.899747034979536231e-01,7.093926334821328838e-01,7.017162047899486721e-01
8.463323236098305724e-01,1.000000000000000000e+00,6.096732921304859332e-01,-2.626350962201797756e-01,6.804753401408695224e-01,1.728766849045560161e-01,3.060619249934136143e-01,-5.960614036919381631e-01,6.574736908291201054e-01,8.078386450794599050e-01,7.100632958041908083e-01,2.170149535587539424e-01,-2.418999114094814995e-01,7.730328568744951889e-01,9.242832971813307041e-02,8.063583649139793863e-01,7.142075984846253389e-01,4.352069904990202853e-01,6.355978654910392489e-01,2.405718829024463545e-01,3.516161180293408406e-01,2.295519247204307334e-01,8.101462941045485255e-01,1.678838785760919661e-01,7.281301436455506204e-01,7.848813714284572640e-01,7.013806534191455722e-01,7.245602075067328895e-01,7.436915241035395585e-01,7.573255335360883356e-01,6.994175077753644887e-01,7.429162748186717291e-01,5.651772561502458325e-01,5.411388251013578010e-01,4.599210512719841271e-01,7.963307444338387775e-01,7.000558217424858176e-01,4.734519430049002331e-01,5.691823383274713377e-01
6.744518018604823695e-01,6.096732921304859332e-01,1.000000000000000000e+00,-1.265642813628203855e-01,8.612587573138446029e-01,1.620705562105169972e-01,2.148025657897439655e-01,-9.419939031246706840e-01,7.419723444577521754e-01,5.764391106486095318e-01,6.353108600743746504e-01,4.172613256981093643e-01,-1.728625329076222406e-01,7.281333191389278703e-01,3.023976065523156787e-01,5.635173458095410481e-01,6.843001124972907245e-01,2.866715508652717403e-01,5.534769751396633186e-01,2.293033290528340984e-01,6.868212105259843270e-01,2.941017262084466566e-01,6.303852214056876457e-01,4.012129935560429517e-01,6.176382804370863511e-01,6.304879648372169187e-01,7.150046247270699373e-01,6.890771947306323364e-01,5.904815599957762284e-01,5.351085873928604908e-01,7.505202956379616319e-01,6.476836811951603989e-01,8.809108011916505498e-01,7.466629284040150472e-01,6.921948099800481202e-01,4.895348748224341850e-01,6.164914639919962802e-01,5.960005763279301316e-01,6.598422107117679625e-01
-9.491146052019870660e-02,-2.626350962201797756e-01,-1.265642813628203855e-01,1.000000000000000000e+00,-2.625591480606453421e-01,-3.581750973613671840e-02,1.316170217062435643e-01,1.522265600172408861e-01,-2.068936947553254024e-01,-1.691248303744019021e-01,-1.554239164311388977e-01,3.484234760707702327e-01,3.471034288971847070e-01,-1.204828621754807094e-01,1.395785961060233005e-01,-1.800962040717680734e-01,-1.168161123868189794e-01,1.882829941722488909e-01,-6.618013836159241520e-03,2.880052950821238023e-01,1.073288088002091467e-01,2.627218779076079258e-01,-5.648808652937701430e-02,1.182948751529049047e-01,-1.341718714637313466e-02,-1.815440749713243332e-02,1.502094483169449067e-02,-1.420043396983972084e-01,-1.134918267169759548e-01,-2.185765276609701324e-01,-9.255988116747927708e-02,-3.876568308099176963e-01,-6.412558261717010710e-02,-2.282893562390557463e-01,1.635673304246740012e-01,-2.047633495429997119e-01,5.257997334989047283e-02,9.888026672765970471e-02,6.051559187877338791e-02
6.933911204910837567e-01,6.804753401408695224e-01,8.612587573138446029e-01,-2.625591480606453421e-01,1.000000000000000000e+00,9.343705800989708654e-02,2.011882544503693360e-01,-8.611753197028721996e-01,8.755435109592083487e-01,6.045094214186835790e-01,6.624377773930965052e-01,2.538260694780567484e-01,-1.467802895639531147e-01,7.765898253233348703e-01,2.424819871376617253e-01,6.108707124937455823e-01,6.807819502804610678e-01,2.564648626697620393e-01,5.975840838801406152e-01,1.463761343184087349e-01,5.541157334725714811e-01,1.022473763934063640e-01,6.652119378304500730e-01,4.146708753836692019e-01,6.287664221721277480e-01,6.118980444547296171e-01,6.890266755614080640e-01,6.401497898643103701e-01,5.840974464216114326e-01,6.156945888262396194e-01,6.840834743332205869e-01,7.683758936721768462e-01,8.282573156466273012e-01,8.181520214784817613e-01,5.963605236818114719e-01,5.460620267729650035e-01,5.452280118806654974e-01,5.954889519937329734e-01,6.870717795052543320e-01
8.175778724881076209e-02,1.728766849045560161e-01,1.620705562105169972e-01,-3.581750973613671840e-02,9.343705800989708654e-02,1.000000000000000000e+00,9.788309767890859825e-02,-1.601862802452855006e-01,-8.082070186051866501e-02,2.053322939540378755e-01,3.336124412096032055e-01,4.367350654324980014e-02,-3.358026490581226264e-01,1.335941000405105605e-01,-1.018651333208865813e-02,1.958949223387426164e-01,3.563368905716579604e-01,4.721619625502391365e-02,4.692493727053401870e-02,1.521649290201743387e-01,-2.356858286183948978e-02,2.011446388169277621e-01,1.685434043826362638e-01,-1.837179063931378697e-01,5.325980312041479758e-02,1.551341045143193598e-01,9.594088635289023392e-02,1.824875053495240151e-01,3.129410937696391892e-01,1.695538961384713827e-01,2.901965144596689861e-01,1.631045228155975912e-01,1.812331698702867588e-01,1.450459481553982022e-01,1.013581066384241780e-01,2.176564660813752328e-01,3.719096424869122175e-01,-8.309224819589355882e-02,-4.873559103866949294e-02
3.115620734783411949e-01,3.060619249934136143e-01,2.148025657897439655e-01,1.316170217062435643e-01,2.011882544503693360e-01,9.788309767890859825e-02,1.000000000000000000e+00,-2.011998563495951409e-01,1.977211172118479299e-01,1.974595916566753706e-01,2.227373211497694627e-01,1.988227591915960879e-01,9.853135096161549922e-02,3.322248004573364333e-01,2.133430997586658329e-01,2.037636991433845191e-01,2.183218847296523879e-01,1.776621731372752810e-01,2.815694154752522715e-01,2.807428877773594511e-01,1.842915052121037178e-01,3.334284831807886040e-01,3.583358160680106819e-01,2.534198325956492082e-01,3.681073511641131391e-01,3.272721800063572162e-01,3.504470356872949610e-01,2.889393962974291519e-01,2.030205126356144918e-01,1.275627526389911670e-01,2.826822179503292176e-01,5.245105101165033201e-02,2.618152897174508276e-01,1.416792300105903235e-01,3.075258100938667583e-01,1.868777322140091623e-01,3.545508188384532966e-01,1.838887439686693603e-01,3.438049379730336863e-01
-6.508141234409625664e-01,-5.960614036919381631e-01,-9.419939031246706840e-01,1.522265600172408861e-01,-8.611753197028721996e-01,-1.601862802452855006e-01,-2.011998563495951409e-01,1.000000000000000000e+00,-7.297199409279457871e-01,-5.552470823608437467e-01,-6.237769483481814259e-01,-3.658033142998760590e-01,2.108066299729675352e-01,-7.004043293553622318e-01,-2.567636664911796540e-01,-5.443762146283553927e-01,-6.561885713132685760e-01,-2.547670281877454923e-01,-5.211651792040582487e-01,-1.851197568303459273e-01,-6.568270118253163314e-01,-2.515349048027175072e-01,-6.035303275578740578e-01,-3.726004372872553372e-01,-5.798003472132632341e-01,-5.939679684021801354e-01,-6.845847915742760970e-01,-6.586149760444467427e-01,-5.703157980356972079e-01,-5.218860522245895028e-01,-7.351847979467608374e-01,-6.534052448873240992e-01,-8.559377338241865862e-01,-7.390914130087739009e-01,-6.600771318118215936e-01,-4.785395414226847333e-01,-5.891744736909800828e-01,-5.737612711000588117e-01,-6.387018250470813951e-01
6.900188467786730895e-01,6.574736908291201054e-01,7.419723444577521754e-01,-2.068936947553254024e-01,8.755435109592083487e-01,-8.082070186051866501e-02,1.977211172118479299e-01,-7.297199409279457871e-01,1.000000000000000000e+00,5.503548831200141267e-01,5.853577879885399904e-01,2.317885140046137549e-01,5.538635836777113831e-03,7.228234042735940390e-01,3.120765292647817990e-01,5.615516094521306734e-01,6.047562341158082555e-01,2.381721219242718957e-01,6.249865488021703053e-01,1.482067005110571933e-01,5.388977904546397024e-01,1.708328922575079456e-02,6.549370081730363502e-01,4.668359440672710803e-01,6.399618840783841689e-01,5.886414857526947042e-01,6.534482752670048855e-01,5.578745351976890365e-01,5.178472377189633491e-01,5.793503350354727299e-01,5.789551993552483067e-01,7.333966120322946702e-01,7.597110760316405642e-01,7.826970219571359744e-01,5.421752423758420258e-01,4.913398843416017514e-01,4.542020062010813652e-01,6.142286646415118234e-01,7.106287175044483373e-01
7.919262354397699211e-01,8.078386450794599050e-01,5.764391106486095318e-01,-1.691248303744019021e-01,6.045094214186835790e-01,2.053322939540378755e-01,1.974595916566753706e-01,-5.552470823608437467e-01,5.503548831200141267e-01,1.000000000000000000e+00,5.567109173576267889e-01,3.794293937251517201e-01,-2.533432795050477027e-01,7.621391947297835312e-01,7.921652223899179612e-02,9.326801003398651480e-01,7.444714958182084841e-01,6.145620498780891561e-01,7.295343588477851693e-01,3.474326922397596440e-01,3.103369414016549088e-01,3.978089604577953464e-01,8.097946743504945699e-01,5.432325378024692453e-02,7.155632199624863965e-01,8.027061130664991939e-01,6.618607643823597453e-01,8.237142602266137592e-01,8.543366629883250019e-01,8.766842206651889180e-01,7.705161253217015505e-01,6.758094444274072021e-01,5.521501892065885375e-01,3.624723152272625315e-01,4.764763071195574629e-01,8.127610264505786830e-01,7.652363641748436418e-01,4.908391095910334401e-01,4.099436933972498975e-01
6.896040369305340700e-01,7.100632958041908083e-01,6.353108600743746504e-01,-1.554239164311388977e-01,6.624377773930965052e-01,3.336124412096032055e-01,2.227373211497694627e-01,-6.237769483481814259e-01,5.853577879885399904e-01,5.567109173576267889e-01,1.000000000000000000e+00,1.495316195282838656e-01,-1.969375900601909868e-01,6.742950229595523481e-01,1.606338234155925970e-01,5.427837226892592293e-01,7.576712891618657686e-01,2.334820531193322890e-01,4.732573138509361677e-01,9.999015288425056047e-02,4.264577017735597386e-01,1.090887401365960852e-01,7.151632267312254543e-01,2.767909708282014769e-01,5.351645871987976699e-01,6.049124955786101543e-01,6.860653168092357701e-01,5.305011417546696695e-01,5.974898285924967745e-01,5.555412611374046516e-01,6.028946008228563969e-01,6.790661840748962730e-01,6.296655187305411072e-01,5.568644668212811011e-01,5.309915259219699646e-01,5.780989547984224375e-01,6.648395514999027034e-01,5.541035838512998746e-01,6.214905981548031200e-01
3.920308436069078750e-01,2.170149535587539424e-01,4.172613256981093643e-01,3.484234760707702327e-01,2.538260694780567484e-01,4.367350654324980014e-02,1.988227591915960879e-01,-3.658033142998760590e-01,2.317885140046137549e-01,3.794293937251517201e-01,1.495316195282838656e-01,1.000000000000000000e+00,3.423136410106592531e-01,4.542019148671305184e-01,6.107298279307272759e-01,3.750570963600777241e-01,4.282803054604608639e-01,4.944891395610768736e-01,4.488906334805420340e-01,6.418806103658436513e-01,5.820640520317721389e-01,7.057781693544487034e-01,4.303772163158764430e-01,2.806504501245793981e-01,5.136020688362989972e-01,5.254621905906050605e-01,4.298714959079909526e-01,5.278049852768371686e-01,3.812270756100525904e-01,2.619034588852421352e-01,4.641717216266930124e-01,4.687610689193984909e-02,4.876814985656084955e-01,2.801596344720337362e-01,6.195607034422583315e-01,2.672522087994870232e-01,4.970551437387758509e-01,3.664387658325357067e-01,3.381071896664453735e-01
-6.683333739746609437e-02,-2.418999114094814995e-01,-1.728625329076222406e-01,3.471034288971847070e-01,-1.467802895639531147e-01,-3.358026490581226264e-01,9.853135096161549922e-02,2.108066299729675352e-01,5.538635836777113831e-03,-2.533432795050477027e-01,-1.969375900601909868e-01,3.423136410106592531e-01,1.000000000000000000e+00,-3.491740027375437455e-02,4.759416230616765886e-01,-2.340917303709483810e-01,-1.243802808461669657e-01,7.921004425764766044e-02,5.176326634362515833e-02,2.846358174866742141e-01,2.234862955761325598e-01,4.359953330929866588e-02,-6.880174862377747003e-02,2.927428942294110770e-01,8.033139548981017841e-02,-2.092827645540919559e-02,-8.579388961333293817e-02,-1.864821030550278813e-01,-2.369221984147959759e-01,-2.268222141567071415e-01,-3.677590232949089488e-01,-3.044438640531435536e-01,-7.540786496969779928e-02,-2.747883293168136044e-03,1.590461026103113240e-01,-1.759948083638169791e-01,-1.415282425688164092e-01,1.442748339340358954e-01,9.202251688386282880e-02
8.095665319750572353e-01,7.730328568744951889e-01,7.281333191389278703e-01,-1.204828621754807094e-01,7.765898253233348703e-01,1.335941000405105605e-01,3.322248004573364333e-01,-7.004043293553622318e-01,7.228234042735940390e-01,7.621391947297835312e-01,6.742950229595523481e-01,4.542019148671305184e-01,-3.491740027375437455e-02,1.000000000000000000e+00,2.989506110757185198e-01,7.524711786038458250e-01,8.051988162541020566e-01,5.664158547523235887e-01,7.518721539480432980e-01,3.889123262147975990e-01,5.466763961493366075e-01,3.610057096551437250e-01,8.383011791440424521e-01,4.676502759864247238e-01,8.148176687872090707e-01,8.272576127146981095e-01,7.846245893285266337e-01,8.096544601525668128e-01,7.325641506310449635e-01,7.026536593832564126e-01,7.458498283529653161e-01,6.607143257844423356e-01,7.547920906608346359e-01,6.283100387442640544e-01,6.997522075156084043e-01,6.787720916207232724e-01,7.295708510054591533e-01,6.679130616097275208e-01,6.781703512135822676e-01
2.661643262599107662e-01,9.242832971813307041e-02,3.023976065523156787e-01,1.395785961060233005e-01,2.424819871376617253e-01,-1.018651333208865813e-02,2.133430997586658329e-01,-2.567636664911796540e-01,3.120765292647817990e-01,7.921652223899179612e-02,1.606338234155925970e-01,6.107298279307272759e-01,4.759416230616765886e-01,2.989506110757185198e-01,1.000000000000000000e+00,7.964792053102358327e-02,3.033443758618167285e-01,3.579795039425976572e-02,3.769175191576747408e-01,4.552281984880791610e-01,5.755548963199383916e-01,3.745305250098207028e-01,3.034295409011805167e-01,3.901700911122706894e-01,4.143667235421967798e-01,2.818781039873885508e-01,2.875581061053513743e-01,2.413898936061825151e-01,1.635805440587711490e-01,2.859312234189789748e-02,2.135409891000688287e-01,-2.980568576797153722e-03,4.091661963613257846e-01,3.843893187479364704e-01,5.501142575529581746e-01,6.131785621308060569e-02,2.759311868896611175e-01,2.431792387933310595e-01,3.710866738921412833e-01
7.827723743582425397e-01,8.063583649139793863e-01,5.635173458095410481e-01,-1.800962040717680734e-01,6.108707124937455823e-01,1.958949223387426164e-01,2.037636991433845191e-01,-5.443762146283553927e-01,5.615516094521306734e-01,9.326801003398651480e-01,5.427837226892592293e-01,3.750570963600777241e-01,-2.340917303709483810e-01,7.524711786038458250e-01,7.964792053102358327e-02,1.000000000000000000e+00,7.352818546827406543e-01,6.207526767391561284e-01,7.376226372753942329e-01,3.382257960733179858e-01,2.885196162265403208e-01,3.777119509638835471e-01,7.966186618675100695e-01,1.710426407392145673e-02,6.929181623014818436e-01,7.913129962159152209e-01,6.440700050619098116e-01,8.108085176434496333e-01,8.549519621360044397e-01,8.874710775900709336e-01,7.613009957742936651e-01,7.020491018271500794e-01,5.344871473588145294e-01,3.754923848514279405e-01,4.476428477655889915e-01,8.216379649281516651e-01,7.532453703012262913e-01,4.695507330529628542e-01,4.058378049106755592e-01
7.593808956391554510e-01,7.142075984846253389e-01,6.843001124972907245e-01,-1.168161123868189794e-01,6.807819502804610678e-01,3.563368905716579604e-01,2.183218847296523879e-01,-6.561885713132685760e-01,6.047562341158082555e-01,7.444714958182084841e-01,7.576712891618657686e-01,4.282803054604608639e-01,-1.243802808461669657e-01,8.051988162541020566e-01,3.033443758618167285e-01,7.352818546827406543e-01,1.000000000000000000e+00,5.112511889044375479e-01,7.105343643480133142e-01,3.604011914994208476e-01,4.746599598566894618e-01,3.608083238754463129e-01,7.776614405069380842e-01,2.486033771524206182e-01,6.709858908254857646e-01,7.603541783483538374e-01,6.976234178154789856e-01,7.577109388557546898e-01,8.196319614470470860e-01,7.100946684308190315e-01,7.468655268321798824e-01,7.178800284954925948e-01,6.912300591003118777e-01,5.159181936205152752e-01,6.523685986290311822e-01,6.705194648139957136e-01,7.976007121254597987e-01,6.037794360206839572e-01,5.231599636137186371e-01
5.442915437041259130e-01,4.352069904990202853e-01,2.866715508652717403e-01,1.882829941722488909e-01,2.564648626697620393e-01,4.721619625502391365e-02,1.776621731372752810e-01,-2.547670281877454923e-01,2.381721219242718957e-01,6.145620498780891561e-01,2.334820531193322890e-01,4.944891395610768736e-01,7.921004425764766044e-02,5.664158547523235887e-01,3.579795039425976572e-02,6.207526767391561284e-01,5.112511889044375479e-01,1.000000000000000000e+00,6.543923223003135226e-01,5.027399375802087400e-01,2.163066637424777561e-01,5.014810621551210046e-01,5.370569296915803648e-01,8.381399226233041122e-02,5.008617705721801761e-01,6.878658381239765029e-01,4.710960911271978580e-01,6.310641304084549930e-01,6.170314990529790489e-01,5.900911609203149943e-01,4.967074885885293112e-01,2.949714671850641734e-01,2.965963368185658977e-01,1.409652553834059990e-02,4.020747540080312765e-01,5.503031485014601154e-01,5.596119955395827406e-01,5.605568704447939643e-01,2.804555059229554836e-01
7.079663117534613637e-01,6.355978654910392489e-01,5.534769751396633186e-01,-6.618013836159241520e-03,5.975840838801406152e-01,4.692493727053401870e-02,2.815694154752522715e-01,-5.211651792040582487e-01,6.249865488021703053e-01,7.295343588477851693e-01,4.732573138509361677e-01,4.488906334805420340e-01,5.176326634362515833e-02,7.518721539480432980e-01,3.769175191576747408e-01,7.376226372753942329e-01,7.105343643480133142e-01,6.543923223003135226e-01,1.000000000000000000e+00,4.596175537774044306e-01,4.088385859047074522e-01,4.210598655519003919e-01,7.237810546489176211e-01,2.363186785213631513e-01,6.813112106603246287e-01,7.450111594323255426e-01,6.465690525024915258e-01,7.094956838854032943e-01,7.443562901644424912e-01,7.270089470494135453e-01,6.861161912445903344e-01,5.839527123045434864e-01,5.716166654967982375e-01,3.955991054981653487e-01,5.599402305691921766e-01,6.565209471643124184e-01,6.476092192800396719e-01,6.103915418717495989e-01,5.182613896780362550e-01
3.824068487931025495e-01,2.405718829024463545e-01,2.293033290528340984e-01,2.880052950821238023e-01,1.463761343184087349e-01,1.521649290201743387e-01,2.807428877773594511e-01,-1.851197568303459273e-01,1.482067005110571933e-01,3.474326922397596440e-01,9.999015288425056047e-02,6.418806103658436513e-01,2.846358174866742141e-01,3.889123262147975990e-01,4.552281984880791610e-01,3.382257960733179858e-01,3.604011914994208476e-01,5.027399375802087400e-01,4.596175537774044306e-01,1.000000000000000000e+00,4.014072961599990941e-01,6.235405782870072633e-01,4.123648641672399418e-01,2.184370155845181127e-01,5.285243619280588501e-01,4.978544209237029117e-01,3.727153474474483863e-01,4.530001007055459161e-01,3.926885357347500993e-01,2.728218662617289403e-01,3.526122054033640763e-01,-2.543499001037256846e-02,3.090167376179933645e-01,1.436014145785895479e-01,4.906833427913257495e-01,2.852370590969401376e-01,4.856569216921180487e-01,2.986081685741344138e-01,2.719862492621301087e-01
5.297059527514362820e-01,3.516161180293408406e-01,6.868212105259843270e-01,1.073288088002091467e-01,5.541157334725714811e-01,-2.356858286183948978e-02,1.842915052121037178e-01,-6.568270118253163314e-01,5.388977904546397024e-01,3.103369414016549088e-01,4.264577017735597386e-01,5.820640520317721389e-01,2.234862955761325598e-01,5.466763961493366075e-01,5.755548963199383916e-01,2.885196162265403208e-01,4.746599598566894618e-01,2.163066637424777561e-01,4.088385859047074522e-01,4.014072961599990941e-01,1.000000000000000000e+00,3.657964111664462892e-01,5.085395280246122196e-01,5.544352620288005573e-01,5.889458287145176163e-01,5.203825734696180261e-01,5.862872295722099114e-01,5.123168849224133403e-01,3.280433873586717786e-01,2.194964170219035060e-01,4.840163492276976509e-01,2.384577240030376910e-01,7.125296175857314118e-01,5.685996870707714645e-01,7.338058755163703317e-01,2.512713294081926341e-01,4.386107503210099900e-01,5.521416781237413751e-01,6.298261901167658827e-01
3.380520611564049038e-01,2.295519247204307334e-01,2.941017262084466566e-01,2.627218779076079258e-01,1.022473763934063640e-01,2.011446388169277621e-01,3.334284831807886040e-01,-2.515349048027175072e-01,1.708328922575079456e-02,3.978089604577953464e-01,1.090887401365960852e-01,7.057781693544487034e-01,4.359953330929866588e-02,3.610057096551437250e-01,3.745305250098207028e-01,3.777119509638835471e-01,3.608083238754463129e-01,5.014810621551210046e-01,4.210598655519003919e-01,6.235405782870072633e-01,3.657964111664462892e-01,1.000000000000000000e+00,3.756608339550155939e-01,1.194538470994822160e-01,4.535772724194847005e-01,5.032815334791087558e-01,4.046430743283675469e-01,5.650791073344961779e-01,4.114112806961046087e-01,2.729724649532351277e-01,4.992750227210597247e-01,-4.113978174684325417e-02,3.311082234433940785e-01,3.100947463685596248e-02,4.784202311648427242e-01,2.731539729553887907e-01,5.255138125841903873e-01,2.105259697144051534e-01,1.950066435083057381e-01
8.645090791029045318e-01,8.101462941045485255e-01,6.303852214056876457e-01,-5.648808652937701430e-02,6.652119378304500730e-01,1.685434043826362638e-01,3.583358160680106819e-01,-6.035303275578740578e-01,6.549370081730363502e-01,8.097946743504945699e-01,7.151632267312254543e-01,4.303772163158764430e-01,-6.880174862377747003e-02,8.383011791440424521e-01,3.034295409011805167e-01,7.966186618675100695e-01,7.776614405069380842e-01,5.370569296915803648e-01,7.237810546489176211e-01,4.123648641672399418e-01,5.085395280246122196e-01,3.756608339550155939e-01,1.000000000000000000e+00,3.446395149360167443e-01,8.482124520800523593e-01,8.364625862569634585e-01,7.961798827286414859e-01,7.761088847963711901e-01,7.719475406876665780e-01,7.399325858307937986e-01,7.337938930977649932e-01,6.139588962946693762e-01,6.623102981971920045e-01,4.971489055993233430e-01,6.630661748330536343e-01,7.286084856863875858e-01,8.013508575698706782e-01,6.248833222341791949e-01,6.673215318170372390e-01
2.883013118672470010e-01,1.678838785760919661e-01,4.012129935560429517e-01,1.182948751529049047e-01,4.146708753836692019e-01,-1.837179063931378697e-01,2.534198325956492082e-01,-3.726004372872553372e-01,4.668359440672710803e-01,5.432325378024692453e-02,2.767909708282014769e-01,2.806504501245793981e-01,2.927428942294110770e-01,4.676502759864247238e-01,3.901700911122706894e-01,1.710426407392145673e-02,2.486033771524206182e-01,8.381399226233041122e-02,2.363186785213631513e-01,2.184370155845181127e-01,5.544352620288005573e-01,1.194538470994822160e-01,3.446395149360167443e-01,1.000000000000000000e+00,4.790366741504176185e-01,2.834889603548602088e-01,4.000460024565521966e-01,2.462296721794442755e-01,1.721127454960313941e-02,-5.560624539833096749e-03,1.822188782255011463e-01,6.160332641582046825e-02,5.326127095545269974e-01,4.411532275600039132e-01,5.766910469850614618e-01,-5.299900489595295999e-02,1.919408144501087987e-01,4.238714822386057679e-01,5.414825980641891912e-01
8.034038548277575575e-01,7.281301436455506204e-01,6.176382804370863511e-01,-1.341718714637313466e-02,6.287664221721277480e-01,5.325980312041479758e-02,3.681073511641131391e-01,-5.798003472132632341e-01,6.399618840783841689e-01,7.155632199624863965e-01,5.351645871987976699e-01,5.136020688362989972e-01,8.033139548981017841e-02,8.148176687872090707e-01,4.143667235421967798e-01,6.929181623014818436e-01,6.709858908254857646e-01,5.008617705721801761e-01,6.813112106603246287e-01,5.285243619280588501e-01,5.889458287145176163e-01,4.535772724194847005e-01,8.482124520800523593e-01,4.790366741504176185e-01,1.000000000000000000e+00,8.207393866869691079e-01,7.742977718122032726e-01,7.660854250263238185e-01,6.611018985616869958e-01,6.007185713810946348e-01,6.595599264441559528e-01,4.663786301619451402e-01,6.641762353086333448e-01,5.259079362591548845e-01,7.241535466981987579e-01,6.062057425461025995e-01,7.204756818024050657e-01,5.639769308084586763e-01,6.684111307996843943e-01
8.732250239956176330e-01,7.848813714284572640e-01,6.304879648372169187e-01,-1.815440749713243332e-02,6.118980444547296171e-01,1.551341045143193598e-01,3.272721800063572162e-01,-5.939679684021801354e-01,5.886414857526947042e-01,8.027061130664991939e-01,6.049124955786101543e-01,5.254621905906050605e-01,-2.092827645540919559e-02,8.272576127146981095e-01,2.818781039873885508e-01,7.913129962159152209e-01,7.603541783483538374e-01,6.878658381239765029e-01,7.450111594323255426e-01,4.978544209237029117e-01,5.203825734696180261e-01,5.032815334791087558e-01,8.364625862569634585e-01,2.834889603548602088e-01,8.207393866869691079e-01,1.000000000000000000e+00,8.145338174362133365e-01,8.501870748770132824e-01,7.922533867340959546e-01,7.243540671582330281e-01,7.467610213768361982e-01,5.415160737342216146e-01,6.623845939012251716e-01,4.458645805486352587e-01,6.817912499550636829e-01,7.155709961320491086e-01,8.037425079834326080e-01,6.810903071804207398e-01,6.171300086181525923e-01
8.093417549805589362e-01,7.013806534191455722e-01,7.150046247270699373e-01,1.502094483169449067e-02,6.890266755614080640e-01,9.594088635289023392e-02,3.504470356872949610e-01,-6.845847915742760970e-01,6.534482752670048855e-01,6.618607643823597453e-01,6.860653168092357701e-01,4.298714959079909526e-01,-8.579388961333293817e-02,7.846245893285266337e-01,2.875581061053513743e-01,6.440700050619098116e-01,6.976234178154789856e-01,4.710960911271978580e-01,6.465690525024915258e-01,3.727153474474483863e-01,5.862872295722099114e-01,4.046430743283675469e-01,7.961798827286414859e-01,4.000460024565521966e-01,7.742977718122032726e-01,8.145338174362133365e-01,1.000000000000000000e+00,7.417555840081985208e-01,6.448302213209137213e-01,5.633222921219832591e-01,7.631505378136563822e-01,5.127975369878301493e-01,7.545510852379959665e-01,5.206363506992727208e-01,7.339555808017159677e-01,5.244946345035746971e-01,7.217602014842757763e-01,6.903007271142004297e-01,8.111072188038260800e-01
7.809702840427117376e-01,7.245602075067328895e-01,6.890771947306323364e-01,-1.420043396983972084e-01,6.401497898643103701e-01,1.824875053495240151e-01,2.889393962974291519e-01,-6.586149760444467427e-01,5.578745351976890365e-01,8.237142602266137592e-01,5.305011417546696695e-01,5.278049852768371686e-01,-1.864821030550278813e-01,8.096544601525668128e-01,2.413898936061825151e-01,8.108085176434496333e-01,7.577109388557546898e-01,6.310641304084549930e-01,7.094956838854032943e-01,4.530001007055459161e-01,5.123168849224133403e-01,5.650791073344961779e-01,7.761088847963711901e-01,2.462296721794442755e-01,7.660854250263238185e-01,8.501870748770132824e-01,7.417555840081985208e-01,1.000000000000000000e+00,8.065971480886692246e-01,7.317848695107068702e-01,8.230965329328369107e-01,5.763512984807828143e-01,6.961947540162566339e-01,4.489727154952739552e-01,6.591535735276207175e-01,6.836970308845837785e-01,7.809481493711029065e-01,5.451348332589500689e-01,5.036209356808432069e-01
7.870727166098635541e-01,7.436915241035395585e-01,5.904815599957762284e-01,-1.134918267169759548e-01,5.840974464216114326e-01,3.129410937696391892e-01,2.030205126356144918e-01,-5.703157980356972079e-01,5.178472377189633491e-01,8.543366629883250019e-01,5.974898285924967745e-01,3.812270756100525904e-01,-2.369221984147959759e-01,7.325641506310449635e-01,1.635805440587711490e-01,8.549519621360044397e-01,8.196319614470470860e-01,6.170314990529790489e-01,7.443562901644424912e-01,3.926885357347500993e-01,3.280433873586717786e-01,4.114112806961046087e-01,7.719475406876665780e-01,1.721127454960313941e-02,6.611018985616869958e-01,7.922533867340959546e-01,6.448302213209137213e-01,8.065971480886692246e-01,1.000000000000000000e+00,8.428102631977720804e-01,7.694149057420098803e-01,6.892896582488972079e-01,5.587587418935315853e-01,3.546083234987410515e-01,5.418859121192138861e-01,7.778272990865138237e-01,8.297462818097700588e-01,5.513472708445568138e-01,4.106731203770129235e-01
7.349503882356884787e-01,7.573255335360883356e-01,5.351085873928604908e-01,-2.185765276609701324e-01,6.156945888262396194e-01,1.695538961384713827e-01,1.275627526389911670e-01,-5.218860522245895028e-01,5.793503350354727299e-01,8.766842206651889180e-01,5.555412611374046516e-01,2.619034588852421352e-01,-2.268222141567071415e-01,7.026536593832564126e-01,2.859312234189789748e-02,8.874710775900709336e-01,7.100946684308190315e-01,5.900911609203149943e-01,7.270089470494135453e-01,2.728218662617289403e-01,2.194964170219035060e-01,2.729724649532351277e-01,7.399325858307937986e-01,-5.560624539833096749e-03,6.007185713810946348e-01,7.243540671582330281e-01,5.633222921219832591e-01,7.317848695107068702e-01,8.428102631977720804e-01,1.000000000000000000e+00,6.857857105126781150e-01,7.340330324325496925e-01,4.932156718167908238e-01,3.619972462061318286e-01,3.705940963983367364e-01,8.406275230042224988e-01,6.824530471190705105e-01,5.069055035234647510e-01,3.569621844540353806e-01
7.126125307906454598e-01,6.994175077753644887e-01,7.505202956379616319e-01,-9.255988116747927708e-02,6.840834743332205869e-01,2.901965144596689861e-01,2.826822179503292176e-01,-7.351847979467608374e-01,5.789551993552483067e-01,7.705161253217015505e-01,6.028946008228563969e-01,4.641717216266930124e-01,-3.677590232949089488e-01,7.458498283529653161e-01,2.135409891000688287e-01,7.613009957742936651e-01,7.468655268321798824e-01,4.967074885885293112e-01,6.861161912445903344e-01,3.526122054033640763e-01,4.840163492276976509e-01,4.992750227210597247e-01,7.337938930977649932e-01,1.822188782255011463e-01,6.595599264441559528e-01,7.467610213768361982e-01,7.631505378136563822e-01,8.230965329328369107e-01,7.694149057420098803e-01,6.857857105126781150e-01,1.000000000000000000e+00,6.156301956947983767e-01,7.389281288307331108e-01,4.978878732879070679e-01,6.190573162565298215e-01,6.229980344183992935e-01,7.588678678792195598e-01,5.000722310490492983e-01,5.460044577549764133e-01
6.459306215021676234e-01,7.429162748186717291e-01,6.476836811951603989e-01,-3.876568308099176963e-01,7.683758936721768462e-01,1.631045228155975912e-01,5.245105101165033201e-02,-6.534052448873240992e-01,7.333966120322946702e-01,6.758094444274072021e-01,6.790661840748962730e-01,4.687610689193984909e-02,-3.044438640531435536e-01,6.607143257844423356e-01,-2.980568576797153722e-03,7.020491018271500794e-01,7.178800284954925948e-01,2.949714671850641734e-01,5.839527123045434864e-01,-2.543499001037256846e-02,2.384577240030376910e-01,-4.113978174684325417e-02,6.139588962946693762e-01,6.160332641582046825e-02,4.663786301619451402e-01,5.415160737342216146e-01,5.127975369878301493e-01,5.763512984807828143e-01,6.892896582488972079e-01,7.340330324325496925e-01,6.156301956947983767e-01,1.000000000000000000e+00,5.608738336975647165e-01,6.058505962804620060e-01,3.150967282361280541e-01,6.750642353183312627e-01,5.285845203077259580e-01,4.489477876402961920e-01,4.330558942451859794e-01
6.606697621971696632e-01,5.651772561502458325e-01,8.809108011916505498e-01,-6.412558261717010710e-02,8.282573156466273012e-01,1.812331698702867588e-01,2.618152897174508276e-01,-8.559377338241865862e-01,7.597110760316405642e-01,5.521501892065885375e-01,6.296655187305411072e-01,4.876814985656084955e-01,-7.540786496969779928e-02,7.547920906608346359e-01,4.091661963613257846e-01,5.344871473588145294e-01,6.912300591003118777e-01,2.965963368185658977e-01,5.716166654967982375e-01,3.090167376179933645e-01,7.125296175857314118e-01,3.311082234433940785e-01,6.623102981971920045e-01,5.326127095545269974e-01,6.641762353086333448e-01,6.623845939012251716e-01,7.545510852379959665e-01,6.961947540162566339e-01,5.587587418935315853e-01,4.932156718167908238e-01,7.389281288307331108e-01,5.608738336975647165e-01,1.000000000000000000e+00,7.579901725341267049e-01,7.637825435933865981e-01,4.127900229614785976e-01,6.402204483112899913e-01,6.184872514697374868e-01,6.883368388151627215e-01
4.989791744378797578e-01,5.411388251013578010e-01,7.466629284040150472e-01,-2.282893562390557463e-01,8.181520214784817613e-01,1.450459481553982022e-01,1.416792300105903235e-01,-7.390914130087739009e-01,7.826970219571359744e-01,3.624723152272625315e-01,5.568644668212811011e-01,2.801596344720337362e-01,-2.747883293168136044e-03,6.283100387442640544e-01,3.843893187479364704e-01,3.754923848514279405e-01,5.159181936205152752e-01,1.409652553834059990e-02,3.955991054981653487e-01,1.436014145785895479e-01,5.685996870707714645e-01,3.100947463685596248e-02,4.971489055993233430e-01,4.411532275600039132e-01,5.259079362591548845e-01,4.458645805486352587e-01,5.206363506992727208e-01,4.489727154952739552e-01,3.546083234987410515e-01,3.619972462061318286e-01,4.978878732879070679e-01,6.058505962804620060e-01,7.579901725341267049e-01,1.000000000000000000e+00,5.370923986446979326e-01,3.548817107749183131e-01,3.646464363088914862e-01,3.712394462777196535e-01,5.967778886254714310e-01
6.680280141007577388e-01,4.599210512719841271e-01,6.921948099800481202e-01,1.635673304246740012e-01,5.963605236818114719e-01,1.013581066384241780e-01,3.075258100938667583e-01,-6.600771318118215936e-01,5.421752423758420258e-01,4.764763071195574629e-01,5.309915259219699646e-01,6.195607034422583315e-01,1.590461026103113240e-01,6.997522075156084043e-01,5.501142575529581746e-01,4.476428477655889915e-01,6.523685986290311822e-01,4.020747540080312765e-01,5.599402305691921766e-01,4.906833427913257495e-01,7.338058755163703317e-01,4.784202311648427242e-01,6.630661748330536343e-01,5.766910469850614618e-01,7.241535466981987579e-01,6.817912499550636829e-01,7.339555808017159677e-01,6.591535735276207175e-01,5.418859121192138861e-01,3.705940963983367364e-01,6.190573162565298215e-01,3.150967282361280541e-01,7.637825435933865981e-01,5.370923986446979326e-01,1.000000000000000000e+00,3.683340761907382688e-01,7.024552523794743708e-01,6.593173858740500881e-01,6.780544780058431753e-01
7.534760945974412483e-01,7.963307444338387775e-01,4.895348748224341850e-01,-2.047633495429997119e-01,5.460620267729650035e-01,2.176564660813752328e-01,1.868777322140091623e-01,-4.785395414226847333e-01,4.913398843416017514e-01,8.127610264505786830e-01,5.780989547984224375e-01,2.672522087994870232e-01,-1.759948083638169791e-01,6.787720916207232724e-01,6.131785621308060569e-02,8.216379649281516651e-01,6.705194648139957136e-01,5.503031485014601154e-01,6.565209471643124184e-01,2.852370590969401376e-01,2.512713294081926341e-01,2.731539729553887907e-01,7.286084856863875858e-01,-5.299900489595295999e-02,6.062057425461025995e-01,7.155709961320491086e-01,5.244946345035746971e-01,6.836970308845837785e-01,7.778272990865138237e-01,8.406275230042224988e-01,6.229980344183992935e-01,6.750642353183312627e-01,4.127900229614785976e-01,3.548817107749183131e-01,3.683340761907382688e-01,1.000000000000000000e+00,6.862174336994193435e-01,4.870357981788465684e-01,4.025845365432539902e-01
7.899747034979536231e-01,7.000558217424858176e-01,6.164914639919962802e-01,5.257997334989047283e-02,5.452280118806654974e-01,3.719096424869122175e-01,3.545508188384532966e-01,-5.891744736909800828e-01,4.542020062010813652e-01,7.652363641748436418e-01,6.648395514999027034e-01,4.970551437387758509e-01,-1.415282425688164092e-01,7.295708510054591533e-01,2.759311868896611175e-01,7.532453703012262913e-01,7.976007121254597987e-01,5.596119955395827406e-01,6.476092192800396719e-01,4.856569216921180487e-01,4.386107503210099900e-01,5.255138125841903873e-01,8.013508575698706782e-01,1.919408144501087987e-01,7.204756818024050657e-01,8.037425079834326080e-01,7.217602014842757763e-01,7.809481493711029065e-01,8.297462818097700588e-01,6.824530471190705105e-01,7.588678678792195598e-01,5.285845203077259580e-01,6.402204483112899913e-01,3.646464363088914862e-01,7.024552523794743708e-01,6.862174336994193435e-01,1.000000000000000000e+00,5.679227252051265440e-01,5.156848758433598690e-01
7.093926334821328838e-01,4.734519430049002331e-01,5.960005763279301316e-01,9.888026672765970471e-02,5.954889519937329734e-01,-8.309224819589355882e-02,1.838887439686693603e-01,-5.737612711000588117e-01,6.142286646415118234e-01,4.908391095910334401e-01,5.541035838512998746e-01,3.664387658325357067e-01,1.442748339340358954e-01,6.679130616097275208e-01,2.431792387933310595e-01,4.695507330529628542e-01,6.037794360206839572e-01,5.605568704447939643e-01,6.103915418717495989e-01,2.986081685741344138e-01,5.521416781237413751e-01,2.105259697144051534e-01,6.248833222341791949e-01,4.238714822386057679e-01,5.639769308084586763e-01,6.810903071804207398e-01,6.903007271142004297e-01,5.451348332589500689e-01,5.513472708445568138e-01,5.069055035234647510e-01,5.000722310490492983e-01,4.489477876402961920e-01,6.184872514697374868e-01,3.712394462777196535e-01,6.593173858740500881e-01,4.870357981788465684e-01,5.679227252051265440e-01,1.000000000000000000e+00,7.057674202168717770e-01
7.017162047899486721e-01,5.691823383274713377e-01,6.598422107117679625e-01,6.051559187877338791e-02,6.870717795052543320e-01,-4.873559103866949294e-02,3.438049379730336863e-01,-6.387018250470813951e-01,7.106287175044483373e-01,4.099436933972498975e-01,6.214905981548031200e-01,3.381071896664453735e-01,9.202251688386282880e-02,6.781703512135822676e-01,3.710866738921412833e-01,4.058378049106755592e-01,5.231599636137186371e-01,2.804555059229554836e-01,5.182613896780362550e-01,2.719862492621301087e-01,6.298261901167658827e-01,1.950066435083057381e-01,6.673215318170372390e-01,5.414825980641891912e-01,6.684111307996843943e-01,6.171300086181525923e-01,8.111072188038260800e-01,5.036209356808432069e-01,4.106731203770129235e-01,3.569621844540353806e-01,5.460044577549764133e-01,4.330558942451859794e-01,6.883368388151627215e-01,5.967778886254714310e-01,6.780544780058431753e-01,4.025845365432539902e-01,5.156848758433598690e-01,7.057674202168717770e-01,1.000000000000000000e+00
