1.000000000000000000e+00,3.453305995460179134e-01,1.544295237497065876e-01,-2.619372410268680507e-01,3.605049650227788449e-01,-4.763087572533559327e-02,-3.518732817155028059e-01,-1.493154433748022092e-01,3.319853048376891769e-01,4.493181304378868757e-01,1.048287131613045292e-01,3.035979321269371978e-01,-2.173700593248153318e-02,7.343017574666560465e-02,2.621902636087404259e-01,2.512903901270592266e-01,3.731290379881705976e-01,-6.154581418853442148e-02,2.537486143935135385e-01,-3.797919674190267710e-03,3.570163248012169291e-03,1.775192646156624754e-01,-3.893741553162100803e-03,2.183947269977483396e-02,9.924037258217112759e-03,1.622407232817483225e-01,1.698664451167317124e-01,2.736104943620369934e-01,7.575420976849132904e-02,1.801744914770486428e-01,2.097916531570429843e-01,3.939285147729666876e-03,5.458111070383170338e-02,4.223002850066232550e-01,-1.176514189824131446e-01,7.431249663989224208e-02,-6.451600564672053950e-02,6.395426263825890745e-01,4.107829504906998497e-01
3.453305995460179134e-01,1.000000000000000000e+00,2.670751538475087394e-01,-2.443206712256796864e-01,6.998033560079104654e-02,7.028462531772323718e-01,7.150137648908430621e-02,-2.745706193045889809e-01,1.134373481166848496e-01,-1.613376102761021336e-01,-4.292706170565599999e-01,-2.457781765267522123e-01,-6.197522831909744179e-01,-1.806215762303495787e-01,-5.310836791790028988e-01,-4.351881012602070165e-01,7.238929491509717151e-02,-7.565515301543943028e-02,-8.235078868025870469e-02,-6.898951158294887032e-01,-1.154737271131262288e-01,2.486687664707486756e-01,7.141609291195661902e-01,7.350121864386552906e-01,7.281395094727451944e-01,1.298243428987852777e-01,3.743331164272721279e-01,2.261310333375937398e-01,6.569739536077775499e-01,-5.438289438285341948e-01,6.674828407487909399e-01,7.392032030449054991e-01,1.675922119415086675e-01,-1.192353111422583128e-01,6.884209682874684599e-01,-2.573738009766687873e-01,7.242672840100349285e-01,8.689906607930803634e-03,2.247965664157708376e-01
1.544295237497065876e-01,2.670751538475087394e-01,1.000000000000000000e+00,-9.105827701743800587e-03,5.032213427647622694e-01,1.216419347808469636e-01,1.719653034921935497e-01,-9.098448217983088337e-01,4.938652830895068346e-01,1.346244695178414330e-01,-1.403157263336538008e-01,1.114593651084873072e-01,-2.586377754394752482e-01,4.181585513634020201e-01,-8.514334636478018692e-02,3.638755150541120309e-02,6.234511922965196157e-02,1.111899019477050887e-01,2.833365382335116273e-03,-1.936760705807453464e-01,-1.135868337317951365e-01,7.728179683805474869e-03,2.423335273110348853e-01,1.624123383102802631e-01,3.144737431168533326e-01,5.540499185300109541e-01,6.349216735510812004e-01,6.206359188510689462e-01,1.654598667827616720e-01,1.348782703873720457e-01,6.238309610403039995e-01,1.722780760081776552e-01,3.619054406092823140e-01,2.038982423947049982e-01,1.290322941452996808e-01,4.299726315591913539e-01,8.874655959512044168e-02,1.607225426947497537e-01,4.206048004677517826e-01
-2.619372410268680507e-01,-2.443206712256796864e-01,-9.105827701743800587e-03,1.000000000000000000e+00,1.158153411029040764e-01,-2.693515218065499206e-01,5.852872782197390267e-01,-6.171362290754679736e-02,-2.056457188070058839e-01,-6.856603393977596383e-03,-7.640045164058047178e-02,2.008916851355453947e-01,1.580225799690920530e-01,-2.090863656964192518e-02,1.807455527267967099e-01,1.797540261117839266e-01,-3.558171860259315422e-01,4.769263703211193417e-01,4.377846134680176693e-01,3.162207738874786567e-01,3.778209710982651792e-01,2.878362145499548108e-02,-3.108792305533006894e-01,-2.582703727172253605e-01,-3.447156700404830909e-01,4.560819931299478491e-02,-1.048294754447631760e-01,-7.903589410676789551e-02,-3.539120832664967020e-01,2.204060033961577625e-01,-2.880698270001980088e-01,-2.885287862904111766e-01,1.343278671911117550e-01,2.149272304500010056e-01,-1.428984776596250450e-01,-6.793075334885224914e-02,-1.708404062561273140e-01,-3.255961629493328013e-01,-3.745874895281834926e-01
3.605049650227788449e-01,6.998033560079104654e-02,5.032213427647622694e-01,1.158153411029040764e-01,1.000000000000000000e+00,-2.790232899096065644e-01,8.193199635689063509e-02,-4.737824631138656817e-01,4.441992474897368259e-01,4.289150311161727958e-01,9.942827855665639647e-02,5.385484350789092600e-01,9.717753531809604495e-02,4.398288027514922205e-01,3.787367313226813192e-01,4.094701017723564318e-01,7.745605666010242640e-02,2.321184283395271997e-01,4.067728445907801138e-01,1.650298316441451418e-01,3.571768357391996718e-02,-3.703360973760039948e-02,-1.669813259825616014e-01,-2.294501862422581584e-01,-1.107474295400735775e-01,6.091766980436644774e-01,4.919411282146680664e-01,5.337120982125760360e-01,-2.280401465807541939e-01,4.368496983581569015e-01,2.371848479962387068e-01,-2.283001527502059591e-01,4.138916409348724623e-01,6.914478133614964106e-01,-2.714313286046126650e-01,3.263550017444475926e-01,-2.972847966861447699e-01,3.973377040829563778e-01,4.364806353302617681e-01
-4.763087572533559327e-02,7.028462531772323718e-01,1.216419347808469636e-01,-2.693515218065499206e-01,-2.790232899096065644e-01,1.000000000000000000e+00,1.859719223615430295e-01,-1.585883031206396232e-01,-7.676623811861128799e-02,-4.711705047000536717e-01,-4.034407343975449090e-01,-7.035550831750498890e-01,-6.478535235701640138e-01,-2.890957395888781867e-01,-8.562498289127014051e-01,-7.704002134817665715e-01,6.929468055458194720e-02,-1.491285634205920252e-01,-3.735990638855621326e-01,-8.502980700890780952e-01,-2.852957677009392845e-01,1.882020544532127942e-02,9.139330773566322064e-01,8.623461530516889351e-01,8.701549148458211924e-01,-1.701854357268297868e-01,1.220149022387896909e-01,5.199332597707705117e-02,8.854692036535373179e-01,-7.675762134797446956e-01,5.712636141324007877e-01,9.038624750293107191e-01,-1.772398601999715662e-01,-5.668729676033940068e-01,8.803673890630622223e-01,-1.917903080683427686e-01,9.017721202544785042e-01,-3.354948892037904473e-01,-1.306133089665988678e-01
-3.518732817155028059e-01,7.150137648908430621e-02,1.719653034921935497e-01,5.852872782197390267e-01,8.193199635689063509e-02,1.859719223615430295e-01,1.000000000000000000e+00,-2.180485329244957471e-01,-2.666191064527553278e-01,-2.741705433168710737e-01,-1.897361980323683528e-01,-1.766087025639707098e-01,-1.173079059308975158e-01,-5.097611013602931090e-02,-2.667830383918662895e-01,-2.391648382920585902e-01,-2.417432514999923732e-01,2.707711733721598901e-01,1.497130498283203992e-01,-1.523580272132364910e-01,1.779004862342191406e-01,9.847365454625426132e-03,1.733169008733753125e-01,1.497731183806682020e-01,1.322958741527021087e-01,1.028613195673164227e-01,1.065787418536937037e-01,5.526313895289870770e-02,7.153391056058647224e-02,-7.614417079562249557e-02,9.529368853706664255e-02,1.469096150596005679e-01,1.212889565213074033e-01,-9.251686316554906531e-02,2.818898155773713610e-01,-8.343453278804603690e-02,2.544392661750332074e-01,-4.134976441471623354e-01,-3.988340237634364627e-01
-1.493154433748022092e-01,-2.745706193045889809e-01,-9.098448217983088337e-01,-6.171362290754679736e-02,-4.737824631138656817e-01,-1.585883031206396232e-01,-2.180485329244957471e-01,1.000000000000000000e+00,-4.960352813420799700e-01,-7.695162192913336530e-02,1.372386230501193016e-01,-8.649586824054472656e-02,3.082588708076346440e-01,-3.970134644189267092e-01,1.192911578791078231e-01,1.304831171085698953e-02,-1.018289769200686062e-01,-1.610560623111005618e-01,-2.206457896907394484e-04,2.200093023982476192e-01,1.332679419156310441e-01,3.289302582791958640e-02,-2.717262993924036141e-01,-1.958747175579052535e-01,-3.161709426641442500e-01,-5.037616247848306639e-01,-5.982390981777028216e-01,-5.995309013289077393e-01,-2.103301308516405677e-01,-1.094590853221955873e-01,-6.042394079846098442e-01,-2.125524558846068612e-01,-3.506102460934353848e-01,-1.765162522109046395e-01,-1.510190679655933066e-01,-4.563471351350100735e-01,-1.230099715219479944e-01,-1.250879617079604100e-01,-3.715991694125193034e-01
3.319853048376891769e-01,1.134373481166848496e-01,4.938652830895068346e-01,-2.056457188070058839e-01,4.441992474897368259e-01,-7.676623811861128799e-02,-2.666191064527553278e-01,-4.960352813420799700e-01,1.000000000000000000e+00,3.134251700315346945e-01,-1.275046150645772584e-02,3.245296184994452826e-01,-2.110185115245059861e-02,3.390877971426264348e-01,2.101955872917683765e-01,2.187816735255689871e-01,2.588685183119596722e-01,-1.664686622182641740e-01,2.701438800186626785e-02,1.239534863879639126e-02,-2.872088823451730555e-01,-1.653896872427476905e-01,4.215365798095885817e-03,-4.018333204829667438e-02,7.553591023579350749e-02,4.641340991467219346e-01,4.756092853459620295e-01,5.181567237143938076e-01,3.868884142807761661e-02,2.697024429661097900e-01,3.516293530892224406e-01,-2.897290416550357336e-02,1.949781133845880088e-01,4.381043987557419750e-01,-1.446738118139561102e-01,3.535964298358587610e-01,-1.747989244677553289e-01,5.690256770753824300e-01,6.611872809603744905e-01
4.493181304378868757e-01,-1.613376102761021336e-01,1.346244695178414330e-01,-6.856603393977596383e-03,4.289150311161727958e-01,-4.711705047000536717e-01,-2.741705433168710737e-01,-7.695162192913336530e-02,3.134251700315346945e-01,1.000000000000000000e+00,2.531838733383967033e-01,5.090446515744793121e-01,3.238792736427758001e-01,2.641215993297741926e-01,5.521131555524237955e-01,7.816969238019539912e-01,1.869346596073681033e-01,7.278078401866482083e-02,4.249120439874587984e-01,3.519703951423960864e-01,1.825381762655903239e-01,-3.882473840426591688e-02,-3.972083780980862899e-01,-3.476989334388841391e-01,-3.712250304004764412e-01,3.697758697103571413e-01,1.956247575541350814e-01,2.652292024946031335e-01,-3.883864895979652343e-01,5.393554205817058245e-01,-1.187516407968400717e-01,-3.985115477503299308e-01,2.515557520626288679e-01,5.906376086226790001e-01,-4.252019930729485919e-01,1.769834259030640955e-01,-4.638697823338661097e-01,4.002460540538466116e-01,2.722400608629486074e-01
1.048287131613045292e-01,-4.292706170565599999e-01,-1.403157263336538008e-01,-7.640045164058047178e-02,9.942827855665639647e-02,-4.034407343975449090e-01,-1.897361980323683528e-01,1.372386230501193016e-01,-1.275046150645772584e-02,2.531838733383967033e-01,1.000000000000000000e+00,2.062981104537301436e-01,6.326064396239602372e-01,1.874065843103835949e-01,3.796951897150245836e-01,3.586044700004040742e-01,6.332973632405444198e-01,1.656510029305332254e-01,1.034636864784369559e-01,4.050127738367451657e-01,6.159916198241862512e-02,-1.852836378655438876e-01,-3.973701524517813111e-01,-4.802257572238505245e-01,-4.582679545384982789e-01,-4.898568661879040831e-02,-2.179076982412688768e-01,3.389847264247297653e-02,-2.757897468174921873e-01,3.512499612108476166e-01,-3.207136204485400155e-01,-3.978322966841742470e-01,-5.126711096688909425e-02,1.593519434410674840e-01,-4.842721412447414386e-01,3.915604554451991848e-01,-4.682499747481743690e-01,2.285633138582454649e-01,-6.232038347827108769e-03
3.035979321269371978e-01,-2.457781765267522123e-01,1.114593651084873072e-01,2.008916851355453947e-01,5.385484350789092600e-01,-7.035550831750498890e-01,-1.766087025639707098e-01,-8.649586824054472656e-02,3.245296184994452826e-01,5.090446515744793121e-01,2.062981104537301436e-01,1.000000000000000000e+00,3.602720700331670800e-01,3.905822266236163576e-01,8.380257378963853476e-01,6.976714036548333775e-01,-3.575149746337880075e-03,2.094701061814996379e-01,6.168581528056163998e-01,5.950968335410674603e-01,2.355443279620662855e-01,7.133461438282362455e-02,-6.782500737020897841e-01,-5.949979169904119347e-01,-6.032837676788141978e-01,4.972626490627867213e-01,2.691641495437916975e-01,2.904430055601872618e-01,-6.712898173503439869e-01,6.238585996270028522e-01,-2.068114388797529513e-01,-6.333272789489556853e-01,4.371197472019485164e-01,8.436291432946416702e-01,-6.743742013856035555e-01,2.664223264171092231e-02,-6.743380477225899838e-01,5.442240916703848796e-01,4.035117291551648666e-01
-2.173700593248153318e-02,-6.197522831909744179e-01,-2.586377754394752482e-01,1.580225799690920530e-01,9.717753531809604495e-02,-6.478535235701640138e-01,-1.173079059308975158e-01,3.082588708076346440e-01,-2.110185115245059861e-02,3.238792736427758001e-01,6.326064396239602372e-01,3.602720700331670800e-01,1.000000000000000000e+00,1.852667997821991208e-01,5.992025309122359644e-01,5.148776558314946961e-01,1.981988197881783820e-01,1.384439909348222641e-01,2.828065899200796207e-01,6.651508347329502246e-01,1.538725668963838999e-01,-2.574199038543295570e-01,-6.456592229045772235e-01,-6.681027112077123631e-01,-6.284217719161906412e-01,1.030791459079929626e-02,-3.052693806764172901e-01,-5.216711416477077395e-02,-5.501139897009975632e-01,5.531024005650652109e-01,-5.795512327582590384e-01,-6.522301514522018673e-01,-5.122687730342458806e-02,2.930224034154749191e-01,-6.377675537385996130e-01,1.926375958795647769e-01,-6.707013587163705992e-01,2.379726615002205614e-01,-2.911783648351208217e-02
7.343017574666560465e-02,-1.806215762303495787e-01,4.181585513634020201e-01,-2.090863656964192518e-02,4.398288027514922205e-01,-2.890957395888781867e-01,-5.097611013602931090e-02,-3.970134644189267092e-01,3.390877971426264348e-01,2.641215993297741926e-01,1.874065843103835949e-01,3.905822266236163576e-01,1.852667997821991208e-01,1.000000000000000000e+00,3.161572051797053029e-01,3.583354814755899675e-01,1.336056270789110489e-01,1.951934261230464929e-01,1.667128063199463384e-01,1.327783704169344381e-01,-9.458580246274582437e-02,-3.920432969210794205e-01,-1.949731384880305785e-01,-2.210424231116033256e-01,-9.829827620806995403e-02,3.469751371309752752e-01,2.912591412397685930e-01,4.788654024080816196e-01,-2.140746046459539864e-01,3.671889906296856299e-01,1.858957600894212414e-01,-2.932352025422564346e-01,2.406727392723779502e-01,3.543480730257002609e-01,-3.207140631470364878e-01,4.982258442261658371e-01,-3.514464687618424343e-01,3.669295546170188715e-01,3.866244159442214223e-01
2.621902636087404259e-01,-5.310836791790028988e-01,-8.514334636478018692e-02,1.807455527267967099e-01,3.787367313226813192e-01,-8.562498289127014051e-01,-2.667830383918662895e-01,1.192911578791078231e-01,2.101955872917683765e-01,5.521131555524237955e-01,3.796951897150245836e-01,8.380257378963853476e-01,5.992025309122359644e-01,3.161572051797053029e-01,1.000000000000000000e+00,7.653226006375711821e-01,3.962475336213194810e-02,1.688231875671491189e-01,5.680319423591158046e-01,7.940245811514526908e-01,2.744776153546637509e-01,-7.858927546837911685e-03,-8.468359147908098850e-01,-7.724364261060545633e-01,-7.897717948367281027e-01,3.013443147894266927e-01,-2.887273737013522357e-02,1.023297110240578567e-01,-7.774113511713907076e-01,7.475490807688315309e-01,-4.817363532499236989e-01,-8.198653194225126173e-01,2.056981498285843646e-01,7.486952661712713564e-01,-8.302872701131308597e-01,8.088291352535154077e-02,-8.364057012422316806e-01,5.375888626621561084e-01,2.533698806342161158e-01
2.512903901270592266e-01,-4.351881012602070165e-01,3.638755150541120309e-02,1.797540261117839266e-01,4.094701017723564318e-01,-7.704002134817665715e-01,-2.391648382920585902e-01,1.304831171085698953e-02,2.187816735255689871e-01,7.816969238019539912e-01,3.586044700004040742e-01,6.976714036548333775e-01,5.148776558314946961e-01,3.583354814755899675e-01,7.653226006375711821e-01,1.000000000000000000e+00,5.444446811991690560e-02,1.396038871545485505e-01,4.476528312708576984e-01,6.508255157967398619e-01,2.614810845850271681e-01,-4.584291667657888064e-02,-7.262575206761077151e-01,-6.563709723487501924e-01,-6.830640211989248423e-01,3.475307654399573676e-01,1.018152419892083965e-01,1.248683807919622329e-01,-7.311615052728100972e-01,7.110882049393782989e-01,-3.439103458695403348e-01,-7.097086044936051774e-01,3.190302386527781864e-01,6.686085837073498794e-01,-7.182832901195583819e-01,2.049944127553121331e-01,-7.470912092287834705e-01,3.714518118796073520e-01,2.418201932785445096e-01
3.731290379881705976e-01,7.238929491509717151e-02,6.234511922965196157e-02,-3.558171860259315422e-01,7.745605666010242640e-02,6.929468055458194720e-02,-2.417432514999923732e-01,-1.018289769200686062e-01,2.588685183119596722e-01,1.869346596073681033e-01,6.332973632405444198e-01,-3.575149746337880075e-03,1.981988197881783820e-01,1.336056270789110489e-01,3.962475336213194810e-02,5.444446811991690560e-02,1.000000000000000000e+00,4.308586582069026671e-02,1.533704520609940024e-02,-9.755265200902539513e-02,-2.989996580134575144e-01,-1.306474253847024480e-01,8.998907553233387313e-02,2.696349883814575660e-02,4.183888550416476476e-02,2.122522946190971010e-02,8.996647708013572053e-02,3.131871753202372655e-01,2.407635804315990669e-01,6.249687806510847987e-02,1.235965401406909497e-01,1.173663365849629825e-01,-2.323050543956409891e-02,6.425760800862646838e-02,-9.425025217145432954e-02,3.153798119582398862e-01,-3.137744862165876142e-02,3.848580861415115129e-01,1.917355153548944702e-01
-6.154581418853442148e-02,-7.565515301543943028e-02,1.111899019477050887e-01,4.769263703211193417e-01,2.321184283395271997e-01,-1.491285634205920252e-01,2.707711733721598901e-01,-1.610560623111005618e-01,-1.664686622182641740e-01,7.278078401866482083e-02,1.656510029305332254e-01,2.094701061814996379e-01,1.384439909348222641e-01,1.951934261230464929e-01,1.688231875671491189e-01,1.396038871545485505e-01,4.308586582069026671e-02,1.000000000000000000e+00,5.931854424128514269e-01,1.297108786551842141e-01,1.338835131664069811e-01,-2.672358276160769971e-02,-1.242880609670456438e-01,-9.052130639794597755e-02,-1.553803294649396538e-01,1.034852956937239304e-01,-5.162929510436628511e-02,2.013753926375039527e-01,-1.233561142174250530e-01,1.480811421496417979e-01,-6.900875769817013672e-02,-9.745599465236662318e-02,2.989185309051918815e-01,2.067467122489058118e-01,-1.293752890304927516e-01,1.325693393720021318e-01,-8.949910233153772487e-02,-2.176681117346522809e-01,-2.009586396436982836e-01
2.537486143935135385e-01,-8.235078868025870469e-02,2.833365382335116273e-03,4.377846134680176693e-01,4.067728445907801138e-01,-3.735990638855621326e-01,1.497130498283203992e-01,-2.206457896907394484e-04,2.701438800186626785e-02,4.249120439874587984e-01,1.034636864784369559e-01,6.168581528056163998e-01,2.828065899200796207e-01,1.667128063199463384e-01,5.680319423591158046e-01,4.476528312708576984e-01,1.533704520609940024e-02,5.931854424128514269e-01,1.000000000000000000e+00,3.390764538888124680e-01,2.654767818643030686e-01,9.491908849103432300e-02,-3.932454455898082291e-01,-2.647830968927938344e-01,-3.746052133047971244e-01,3.720020038223969538e-01,8.358275594348232862e-02,2.528006278512509586e-01,-3.403384539393531361e-01,3.617871072146586764e-01,-2.094314400359154060e-01,-3.154066730308303645e-01,3.496760971894572467e-01,6.949382240235368879e-01,-3.141503179290376924e-01,-1.967082344600694921e-01,-2.891013576976119714e-01,2.129902580649359611e-01,-4.968342484571220546e-02
-3.797919674190267710e-03,-6.898951158294887032e-01,-1.936760705807453464e-01,3.162207738874786567e-01,1.650298316441451418e-01,-8.502980700890780952e-01,-1.523580272132364910e-01,2.200093023982476192e-01,1.239534863879639126e-02,3.519703951423960864e-01,4.050127738367451657e-01,5.950968335410674603e-01,6.651508347329502246e-01,1.327783704169344381e-01,7.940245811514526908e-01,6.508255157967398619e-01,-9.755265200902539513e-02,1.297108786551842141e-01,3.390764538888124680e-01,1.000000000000000000e+00,3.758958895489824537e-01,6.055246016471811654e-02,-8.546549654190521705e-01,-8.427927648799750093e-01,-8.437680859048053428e-01,7.215062329502677785e-02,-2.724587935240495029e-01,-1.418822576739792729e-01,-8.126656562598323363e-01,6.961548510815930291e-01,-6.345798725641089710e-01,-8.501917430395755648e-01,5.707248212209346111e-02,4.696606819583579173e-01,-7.857836519513358153e-01,1.526494310997627279e-01,-8.129528736639300979e-01,2.447819834680268480e-01,1.774497976167565758e-02
3.570163248012169291e-03,-1.154737271131262288e-01,-1.135868337317951365e-01,3.778209710982651792e-01,3.571768357391996718e-02,-2.852957677009392845e-01,1.779004862342191406e-01,1.332679419156310441e-01,-2.872088823451730555e-01,1.825381762655903239e-01,6.159916198241862512e-02,2.355443279620662855e-01,1.538725668963838999e-01,-9.458580246274582437e-02,2.744776153546637509e-01,2.614810845850271681e-01,-2.989996580134575144e-01,1.338835131664069811e-01,2.654767818643030686e-01,3.758958895489824537e-01,1.000000000000000000e+00,3.555278143926697276e-01,-3.069013041685823562e-01,-2.338253141333977714e-01,-3.322896681030356736e-01,1.062422249742792368e-01,-1.732460109712576357e-01,-1.588939539441495408e-01,-3.676476680434165312e-01,5.122831696090322101e-02,-2.211968232522979472e-01,-3.233165485314951071e-01,1.279010918288760734e-01,1.849666239707883353e-01,-6.959507480948637359e-02,-2.271538851708830853e-01,-1.366990808595253959e-01,-1.527264997962614057e-01,-2.225861608412844916e-01
1.775192646156624754e-01,2.486687664707486756e-01,7.728179683805474869e-03,2.878362145499548108e-02,-3.703360973760039948e-02,1.882020544532127942e-02,9.847365454625426132e-03,3.289302582791958640e-02,-1.653896872427476905e-01,-3.882473840426591688e-02,-1.852836378655438876e-01,7.133461438282362455e-02,-2.574199038543295570e-01,-3.920432969210794205e-01,-7.858927546837911685e-03,-4.584291667657888064e-02,-1.306474253847024480e-01,-2.672358276160769971e-02,9.491908849103432300e-02,6.055246016471811654e-02,3.555278143926697276e-01,1.000000000000000000e+00,-6.151533176130207468e-03,9.518889013732106941e-02,-3.330484416063792669e-02,1.153828612037246792e-01,1.058578769894614885e-01,-1.973528482884207291e-01,-5.851598091534483681e-02,-1.817674028941571318e-01,6.018764954434357300e-02,8.766907610528267003e-02,2.504922433190570619e-01,8.595262697319908107e-02,1.270937209651429034e-01,-3.861710326256452275e-01,1.581668755224381884e-01,-1.006272950837605734e-01,-8.007013572068601148e-02
-3.893741553162100803e-03,7.141609291195661902e-01,2.423335273110348853e-01,-3.108792305533006894e-01,-1.669813259825616014e-01,9.139330773566322064e-01,1.733169008733753125e-01,-2.717262993924036141e-01,4.215365798095885817e-03,-3.972083780980862899e-01,-3.973701524517813111e-01,-6.782500737020897841e-01,-6.456592229045772235e-01,-1.949731384880305785e-01,-8.468359147908098850e-01,-7.262575206761077151e-01,8.998907553233387313e-02,-1.242880609670456438e-01,-3.932454455898082291e-01,-8.546549654190521705e-01,-3.069013041685823562e-01,-6.151533176130207468e-03,1.000000000000000000e+00,8.642605250281772955e-01,9.044347293784881225e-01,-8.379930005642600988e-02,2.021674882513422034e-01,1.549701817049149999e-01,8.864522040018701921e-01,-7.141578165289125257e-01,6.555576387734075583e-01,8.979663806889511823e-01,-1.111825693274165749e-01,-5.354280201151310203e-01,8.671114878620461708e-01,-6.356616793597473503e-02,8.768658282246512004e-01,-2.966125187252603990e-01,-3.529589217670945495e-02
2.183947269977483396e-02,7.350121864386552906e-01,1.624123383102802631e-01,-2.582703727172253605e-01,-2.294501862422581584e-01,8.623461530516889351e-01,1.497731183806682020e-01,-1.958747175579052535e-01,-4.018333204829667438e-02,-3.476989334388841391e-01,-4.802257572238505245e-01,-5.949979169904119347e-01,-6.681027112077123631e-01,-2.210424231116033256e-01,-7.724364261060545633e-01,-6.563709723487501924e-01,2.696349883814575660e-02,-9.052130639794597755e-02,-2.647830968927938344e-01,-8.427927648799750093e-01,-2.338253141333977714e-01,9.518889013732106941e-02,8.642605250281772955e-01,1.000000000000000000e+00,8.331030350648612748e-01,-4.832999070346229165e-02,1.845839511177205516e-01,9.248428176714078297e-02,8.362877017321378448e-01,-7.267779527948585727e-01,6.297024781714639641e-01,8.872317216409968399e-01,5.641838879716350175e-02,-4.731912163390136761e-01,8.632417799283896853e-01,-2.670181440069316903e-01,8.900185994634738362e-01,-2.745939359918315725e-01,-6.001617932513741982e-02
9.924037258217112759e-03,7.281395094727451944e-01,3.144737431168533326e-01,-3.447156700404830909e-01,-1.107474295400735775e-01,8.701549148458211924e-01,1.322958741527021087e-01,-3.161709426641442500e-01,7.553591023579350749e-02,-3.712250304004764412e-01,-4.582679545384982789e-01,-6.032837676788141978e-01,-6.284217719161906412e-01,-9.829827620806995403e-02,-7.897717948367281027e-01,-6.830640211989248423e-01,4.183888550416476476e-02,-1.553803294649396538e-01,-3.746052133047971244e-01,-8.437680859048053428e-01,-3.322896681030356736e-01,-3.330484416063792669e-02,9.044347293784881225e-01,8.331030350648612748e-01,1.000000000000000000e+00,6.513648609988018784e-03,3.020652942485302361e-01,2.215555778292571942e-01,8.384440854344225036e-01,-6.631993961702336016e-01,7.058837732657073927e-01,8.496980919699731460e-01,-8.718629586621604033e-02,-4.733381370211177108e-01,8.278212112553774427e-01,-6.397191455010836636e-02,8.236340654626448377e-01,-2.171776958872634333e-01,7.956453794550463754e-02
1.622407232817483225e-01,1.298243428987852777e-01,5.540499185300109541e-01,4.560819931299478491e-02,6.091766980436644774e-01,-1.701854357268297868e-01,1.028613195673164227e-01,-5.037616247848306639e-01,4.641340991467219346e-01,3.697758697103571413e-01,-4.898568661879040831e-02,4.972626490627867213e-01,1.030791459079929626e-02,3.469751371309752752e-01,3.013443147894266927e-01,3.475307654399573676e-01,2.122522946190971010e-02,1.034852956937239304e-01,3.720020038223969538e-01,7.215062329502677785e-02,1.062422249742792368e-01,1.153828612037246792e-01,-8.379930005642600988e-02,-4.832999070346229165e-02,6.513648609988018784e-03,1.000000000000000000e+00,7.484400521573827403e-01,5.532025003662459639e-01,-1.846265431624364017e-01,2.933218507499093519e-01,3.406755728763499191e-01,-9.265636088151696370e-02,5.642774964414825067e-01,5.807169600499876294e-01,-7.943149322300695203e-02,7.004143324830241699e-03,-1.380321868428350252e-01,2.914719505479156925e-01,4.038613005556375146e-01
1.698664451167317124e-01,3.743331164272721279e-01,6.349216735510812004e-01,-1.048294754447631760e-01,4.919411282146680664e-01,1.220149022387896909e-01,1.065787418536937037e-01,-5.982390981777028216e-01,4.756092853459620295e-01,1.956247575541350814e-01,-2.179076982412688768e-01,2.691641495437916975e-01,-3.052693806764172901e-01,2.912591412397685930e-01,-2.887273737013522357e-02,1.018152419892083965e-01,8.996647708013572053e-02,-5.162929510436628511e-02,8.358275594348232862e-02,-2.724587935240495029e-01,-1.732460109712576357e-01,1.058578769894614885e-01,2.021674882513422034e-01,1.845839511177205516e-01,3.020652942485302361e-01,7.484400521573827403e-01,1.000000000000000000e+00,5.532332315055930039e-01,6.706524344194420006e-02,6.583123864616595433e-02,5.631138918246051395e-01,1.973899431885678957e-01,4.871983212013963893e-01,3.484017855441068345e-01,1.213291675934940056e-01,6.625615593383085700e-02,8.727492663144204021e-02,2.042233657936903812e-01,4.972873483345118251e-01
2.736104943620369934e-01,2.261310333375937398e-01,6.206359188510689462e-01,-7.903589410676789551e-02,5.337120982125760360e-01,5.199332597707705117e-02,5.526313895289870770e-02,-5.995309013289077393e-01,5.181567237143938076e-01,2.652292024946031335e-01,3.389847264247297653e-02,2.904430055601872618e-01,-5.216711416477077395e-02,4.788654024080816196e-01,1.023297110240578567e-01,1.248683807919622329e-01,3.131871753202372655e-01,2.013753926375039527e-01,2.528006278512509586e-01,-1.418822576739792729e-01,-1.588939539441495408e-01,-1.973528482884207291e-01,1.549701817049149999e-01,9.248428176714078297e-02,2.215555778292571942e-01,5.532025003662459639e-01,5.532332315055930039e-01,1.000000000000000000e+00,1.488184978044010953e-01,1.499282848756269271e-01,4.557729359800803404e-01,1.150329498566893399e-01,3.085194208458632570e-01,3.827129555349990664e-01,2.685697970363240886e-02,2.911757474948656332e-01,4.493265858314084496e-04,3.522099439234470664e-01,4.434760720142891799e-01
7.575420976849132904e-02,6.569739536077775499e-01,1.654598667827616720e-01,-3.539120832664967020e-01,-2.280401465807541939e-01,8.854692036535373179e-01,7.153391056058647224e-02,-2.103301308516405677e-01,3.868884142807761661e-02,-3.883864895979652343e-01,-2.757897468174921873e-01,-6.712898173503439869e-01,-5.501139897009975632e-01,-2.140746046459539864e-01,-7.774113511713907076e-01,-7.311615052728100972e-01,2.407635804315990669e-01,-1.233561142174250530e-01,-3.403384539393531361e-01,-8.126656562598323363e-01,-3.676476680434165312e-01,-5.851598091534483681e-02,8.864522040018701921e-01,8.362877017321378448e-01,8.384440854344225036e-01,-1.846265431624364017e-01,6.706524344194420006e-02,1.488184978044010953e-01,1.000000000000000000e+00,-6.917959185489132024e-01,5.678504946062619130e-01,8.704178204879278180e-01,-1.924267538998160332e-01,-5.202891238397276963e-01,8.044941695561814710e-01,-5.960590984641579715e-02,8.309535442146027684e-01,-1.683268887266816116e-01,-4.129905358703444412e-02
1.801744914770486428e-01,-5.438289438285341948e-01,1.348782703873720457e-01,2.204060033961577625e-01,4.368496983581569015e-01,-7.675762134797446956e-01,-7.614417079562249557e-02,-1.094590853221955873e-01,2.697024429661097900e-01,5.393554205817058245e-01,3.512499612108476166e-01,6.238585996270028522e-01,5.531024005650652109e-01,3.671889906296856299e-01,7.475490807688315309e-01,7.110882049393782989e-01,6.249687806510847987e-02,1.480811421496417979e-01,3.617871072146586764e-01,6.961548510815930291e-01,5.122831696090322101e-02,-1.817674028941571318e-01,-7.141578165289125257e-01,-7.267779527948585727e-01,-6.631993961702336016e-01,2.933218507499093519e-01,6.583123864616595433e-02,1.499282848756269271e-01,-6.917959185489132024e-01,1.000000000000000000e+00,-3.195157572336030927e-01,-7.192049679119805194e-01,1.851332358905851405e-01,5.762230070170656360e-01,-7.681506024782039921e-01,3.539439047439526531e-01,-7.837923438937209886e-01,4.449873495052860117e-01,2.513572599774140937e-01
2.097916531570429843e-01,6.674828407487909399e-01,6.238309610403039995e-01,-2.880698270001980088e-01,2.371848479962387068e-01,5.712636141324007877e-01,9.529368853706664255e-02,-6.042394079846098442e-01,3.516293530892224406e-01,-1.187516407968400717e-01,-3.207136204485400155e-01,-2.068114388797529513e-01,-5.795512327582590384e-01,1.858957600894212414e-01,-4.817363532499236989e-01,-3.439103458695403348e-01,1.235965401406909497e-01,-6.900875769817013672e-02,-2.094314400359154060e-01,-6.345798725641089710e-01,-2.211968232522979472e-01,6.018764954434357300e-02,6.555576387734075583e-01,6.297024781714639641e-01,7.058837732657073927e-01,3.406755728763499191e-01,5.631138918246051395e-01,4.557729359800803404e-01,5.678504946062619130e-01,-3.195157572336030927e-01,1.000000000000000000e+00,6.217456151388915941e-01,3.013948958047117377e-01,-1.108842483256885642e-01,5.635963393297599433e-01,8.929218296908202068e-02,5.627420744243554207e-01,8.085538098212305402e-02,3.344043250857736127e-01
3.939285147729666876e-03,7.392032030449054991e-01,1.722780760081776552e-01,-2.885287862904111766e-01,-2.283001527502059591e-01,9.038624750293107191e-01,1.469096150596005679e-01,-2.125524558846068612e-01,-2.897290416550357336e-02,-3.985115477503299308e-01,-3.978322966841742470e-01,-6.333272789489556853e-01,-6.522301514522018673e-01,-2.932352025422564346e-01,-8.198653194225126173e-01,-7.097086044936051774e-01,1.173663365849629825e-01,-9.745599465236662318e-02,-3.154066730308303645e-01,-8.501917430395755648e-01,-3.233165485314951071e-01,8.766907610528267003e-02,8.979663806889511823e-01,8.872317216409968399e-01,8.496980919699731460e-01,-9.265636088151696370e-02,1.973899431885678957e-01,1.150329498566893399e-01,8.704178204879278180e-01,-7.192049679119805194e-01,6.217456151388915941e-01,1.000000000000000000e+00,-8.017103934775941798e-03,-5.056107064851304012e-01,8.616611690558139136e-01,-1.960681974408655381e-01,8.939010797663914376e-01,-2.985235170056187437e-01,-7.286939615388679514e-02
5.458111070383170338e-02,1.675922119415086675e-01,3.619054406092823140e-01,1.343278671911117550e-01,4.138916409348724623e-01,-1.772398601999715662e-01,1.212889565213074033e-01,-3.506102460934353848e-01,1.949781133845880088e-01,2.515557520626288679e-01,-5.126711096688909425e-02,4.371197472019485164e-01,-5.122687730342458806e-02,2.406727392723779502e-01,2.056981498285843646e-01,3.190302386527781864e-01,-2.323050543956409891e-02,2.989185309051918815e-01,3.496760971894572467e-01,5.707248212209346111e-02,1.279010918288760734e-01,2.504922433190570619e-01,-1.111825693274165749e-01,5.641838879716350175e-02,-8.718629586621604033e-02,5.642774964414825067e-01,4.871983212013963893e-01,3.085194208458632570e-01,-1.924267538998160332e-01,1.851332358905851405e-01,3.013948958047117377e-01,-8.017103934775941798e-03,1.000000000000000000e+00,3.875644623095407804e-01,-7.066200209556670886e-02,-3.100241602367286020e-02,-5.839046504543884963e-02,1.081071952112392237e-01,2.807238177152873160e-01
4.223002850066232550e-01,-1.192353111422583128e-01,2.038982423947049982e-01,2.149272304500010056e-01,6.914478133614964106e-01,-5.668729676033940068e-01,-9.251686316554906531e-02,-1.765162522109046395e-01,4.381043987557419750e-01,5.906376086226790001e-01,1.593519434410674840e-01,8.436291432946416702e-01,2.930224034154749191e-01,3.543480730257002609e-01,7.486952661712713564e-01,6.686085837073498794e-01,6.425760800862646838e-02,2.067467122489058118e-01,6.949382240235368879e-01,4.696606819583579173e-01,1.849666239707883353e-01,8.595262697319908107e-02,-5.354280201151310203e-01,-4.731912163390136761e-01,-4.733381370211177108e-01,5.807169600499876294e-01,3.484017855441068345e-01,3.827129555349990664e-01,-5.202891238397276963e-01,5.762230070170656360e-01,-1.108842483256885642e-01,-5.056107064851304012e-01,3.875644623095407804e-01,1.000000000000000000e+00,-5.426903660517513606e-01,3.476352253026620404e-02,-5.490090982031304856e-01,5.631442076932643426e-01,3.790474762485431248e-01
-1.176514189824131446e-01,6.884209682874684599e-01,1.290322941452996808e-01,-1.428984776596250450e-01,-2.714313286046126650e-01,8.803673890630622223e-01,2.818898155773713610e-01,-1.510190679655933066e-01,-1.446738118139561102e-01,-4.252019930729485919e-01,-4.842721412447414386e-01,-6.743742013856035555e-01,-6.377675537385996130e-01,-3.207140631470364878e-01,-8.302872701131308597e-01,-7.182832901195583819e-01,-9.425025217145432954e-02,-1.293752890304927516e-01,-3.141503179290376924e-01,-7.857836519513358153e-01,-6.959507480948637359e-02,1.270937209651429034e-01,8.671114878620461708e-01,8.632417799283896853e-01,8.278212112553774427e-01,-7.943149322300695203e-02,1.213291675934940056e-01,2.685697970363240886e-02,8.044941695561814710e-01,-7.681506024782039921e-01,5.635963393297599433e-01,8.616611690558139136e-01,-7.066200209556670886e-02,-5.426903660517513606e-01,1.000000000000000000e+00,-2.856558645036620936e-01,9.202740368275991178e-01,-4.304413595523365887e-01,-2.144585655518419232e-01
7.431249663989224208e-02,-2.573738009766687873e-01,4.299726315591913539e-01,-6.793075334885224914e-02,3.263550017444475926e-01,-1.917903080683427686e-01,-8.343453278804603690e-02,-4.563471351350100735e-01,3.535964298358587610e-01,1.769834259030640955e-01,3.915604554451991848e-01,2.664223264171092231e-02,1.926375958795647769e-01,4.982258442261658371e-01,8.088291352535154077e-02,2.049944127553121331e-01,3.153798119582398862e-01,1.325693393720021318e-01,-1.967082344600694921e-01,1.526494310997627279e-01,-2.271538851708830853e-01,-3.861710326256452275e-01,-6.356616793597473503e-02,-2.670181440069316903e-01,-6.397191455010836636e-02,7.004143324830241699e-03,6.625615593383085700e-02,2.911757474948656332e-01,-5.960590984641579715e-02,3.539439047439526531e-01,8.929218296908202068e-02,-1.960681974408655381e-01,-3.100241602367286020e-02,3.476352253026620404e-02,-2.856558645036620936e-01,1.000000000000000000e+00,-3.153887861336115428e-01,1.682024879163512565e-01,2.667056667467169739e-01
-6.451600564672053950e-02,7.242672840100349285e-01,8.874655959512044168e-02,-1.708404062561273140e-01,-2.972847966861447699e-01,9.017721202544785042e-01,2.544392661750332074e-01,-1.230099715219479944e-01,-1.747989244677553289e-01,-4.638697823338661097e-01,-4.682499747481743690e-01,-6.743380477225899838e-01,-6.707013587163705992e-01,-3.514464687618424343e-01,-8.364057012422316806e-01,-7.470912092287834705e-01,-3.137744862165876142e-02,-8.949910233153772487e-02,-2.891013576976119714e-01,-8.129528736639300979e-01,-1.366990808595253959e-01,1.581668755224381884e-01,8.768658282246512004e-01,8.900185994634738362e-01,8.236340654626448377e-01,-1.380321868428350252e-01,8.727492663144204021e-02,4.493265858314084496e-04,8.309535442146027684e-01,-7.837923438937209886e-01,5.627420744243554207e-01,8.939010797663914376e-01,-5.839046504543884963e-02,-5.490090982031304856e-01,9.202740368275991178e-01,-3.153887861336115428e-01,1.000000000000000000e+00,-4.075831619598114242e-01,-2.265489162977880611e-01
6.395426263825890745e-01,8.689906607930803634e-03,1.607225426947497537e-01,-3.255961629493328013e-01,3.973377040829563778e-01,-3.354948892037904473e-01,-4.134976441471623354e-01,-1.250879617079604100e-01,5.690256770753824300e-01,4.002460540538466116e-01,2.285633138582454649e-01,5.442240916703848796e-01,2.379726615002205614e-01,3.669295546170188715e-01,5.375888626621561084e-01,3.714518118796073520e-01,3.848580861415115129e-01,-2.176681117346522809e-01,2.129902580649359611e-01,2.447819834680268480e-01,-1.527264997962614057e-01,-1.006272950837605734e-01,-2.966125187252603990e-01,-2.745939359918315725e-01,-2.171776958872634333e-01,2.914719505479156925e-01,2.042233657936903812e-01,3.522099439234470664e-01,-1.683268887266816116e-01,4.449873495052860117e-01,8.085538098212305402e-02,-2.985235170056187437e-01,1.081071952112392237e-01,5.631442076932643426e-01,-4.304413595523365887e-01,1.682024879163512565e-01,-4.075831619598114242e-01,1.000000000000000000e+00,6.561160834951903498e-01
4.107829504906998497e-01,2.247965664157708376e-01,4.206048004677517826e-01,-3.745874895281834926e-01,4.364806353302617681e-01,-1.306133089665988678e-01,-3.988340237634364627e-01,-3.715991694125193034e-01,6.611872809603744905e-01,2.722400608629486074e-01,-6.232038347827108769e-03,4.035117291551648666e-01,-2.911783648351208217e-02,3.866244159442214223e-01,2.533698806342161158e-01,2.418201932785445096e-01,1.917355153548944702e-01,-2.009586396436982836e-01,-4.968342484571220546e-02,1.774497976167565758e-02,-2.225861608412844916e-01,-8.007013572068601148e-02,-3.529589217670945495e-02,-6.001617932513741982e-02,7.956453794550463754e-02,4.038613005556375146e-01,4.972873483345118251e-01,4.434760720142891799e-01,-4.129905358703444412e-02,2.513572599774140937e-01,3.344043250857736127e-01,-7.286939615388679514e-02,2.807238177152873160e-01,3.790474762485431248e-01,-2.144585655518419232e-01,2.667056667467169739e-01,-2.265489162977880611e-01,6.561160834951903498e-01,1.000000000000000000e+00
