1.000000000000000000e+00,-1.419270968945234579e-01,9.250510508511060326e-02,2.190192760801217831e-01,3.270071370047306636e-01,-3.308272556319740709e-01,-3.596327807191316839e-01,-3.115178739912835559e-01,5.532240231994076662e-01,4.821763691046229150e-01,-2.847458388678829611e-01,-5.134429987898837533e-01,-2.473750551171080836e-01,-3.111890665339007156e-01,1.664527163903994911e-01,6.132997695291666496e-01,-1.708861013312935884e-01,5.020115429234904836e-01,-2.448846188872256247e-01,-3.079889266508518131e-01,-3.056616586564036564e-01,-5.716622080622899560e-01,2.363289686023288538e-02,-1.396590990577497859e-01,-2.212095728439572306e-01,6.170154318840244123e-01,-5.239204489275900434e-01,7.878783207466956429e-02,9.153888262563029954e-02,7.443101266705546282e-01,-5.858391655793182030e-03,-5.381111672646149424e-01,-4.854328338074130889e-01,5.516212640689680535e-01,-1.307510537965598796e-01,-1.915380700127444213e-01,-5.021831737436146526e-01,6.294659947698827418e-01,-1.855123059460004609e-01
-1.419270968945234579e-01,1.000000000000000000e+00,4.009254934731487641e-01,7.842127447991867339e-02,3.817366795961890102e-01,3.899411783576794410e-01,5.692072002394711339e-01,-2.708238514495579508e-01,3.905381024230706877e-01,5.136137693497656587e-01,4.541380696304570530e-01,6.625198890206749347e-01,-1.025225681018624296e-01,6.577576066589165826e-01,-1.461407608733755192e-01,4.457941069052686611e-01,3.354665579855657387e-01,-6.332457799083977823e-02,4.292108586826347549e-01,3.018845623432203640e-01,2.981337257228484083e-01,5.076713634822962451e-01,6.848703078267805999e-01,3.663545634693064490e-01,6.215947262364599490e-01,-1.185619089266347487e-01,5.790194741627505692e-01,2.033728279569036179e-01,3.703043550603765111e-01,9.678009887477022344e-02,4.985881852921297264e-01,6.868716844056538262e-01,5.407056848505255031e-01,6.832385733039024467e-02,1.057559494816174561e-01,7.070221232257898336e-01,5.299030454150570613e-01,5.713801178825851819e-03,6.407502772208545361e-01
9.250510508511060326e-02,4.009254934731487641e-01,1.000000000000000000e+00,4.268366386188519046e-01,7.089548144219659509e-01,2.126331319146145260e-01,1.034342024017932682e-01,-8.154244563162830195e-01,3.815372487752493047e-01,3.320920663420099950e-01,5.826492083835507763e-02,1.102250570894934972e-01,-6.063667939889231251e-01,5.306655190702820324e-01,-4.545330194645250677e-01,3.023267954140237967e-01,1.075253665638129658e-01,1.066716035255579759e-01,-7.457114630148790890e-02,9.899664462166057888e-03,-6.933466283482611625e-02,-3.499676716430717011e-02,5.671159656772920554e-01,3.053143238630592893e-01,6.163874062011421850e-01,5.321819143293528009e-01,3.641475582625480767e-01,5.940397726922972410e-01,3.970885334798308075e-01,2.841792841948977966e-01,7.652126193084840544e-01,2.517296028805898755e-01,4.340440916283038741e-01,1.287430187841816509e-01,3.465133824662011142e-01,4.746608115526503857e-01,1.940562862499291552e-01,9.221649312232033102e-02,7.518524715874200237e-02
2.190192760801217831e-01,7.842127447991867339e-02,4.268366386188519046e-01,1.000000000000000000e+00,4.286458563699646618e-01,1.274008846528714711e-01,5.495800950036229537e-02,-3.831367592770909547e-01,2.246284086238976019e-01,3.021158989712321996e-01,6.352091740154072741e-02,6.973786090432659672e-03,-2.216421363905798358e-01,2.833142360948094907e-01,-1.395425698969920969e-01,2.240118568898346874e-01,8.535419484353731767e-02,4.114346497679709502e-01,9.199896497551209029e-02,4.927198532030085953e-02,5.690355741691945080e-02,-6.703470791136294238e-02,1.050146657453532306e-01,1.876880552269979963e-01,1.475412611070623103e-01,3.703199577845291968e-01,1.101787477008337457e-01,4.032953732061368424e-01,2.819680764394369987e-01,2.447362107805163001e-01,2.272376655706881410e-01,4.709394532657702054e-02,1.583475067309878803e-01,1.848076892199577437e-01,2.480775675618239196e-01,8.650045628949236398e-02,1.173143559156080012e-01,3.723264306603853852e-02,-4.597720036478879918e-02
3.270071370047306636e-01,3.817366795961890102e-01,7.089548144219659509e-01,4.286458563699646618e-01,1.000000000000000000e+00,-2.942737997478707054e-02,9.538365313351801489e-02,-7.788375976166218573e-01,5.882227878095760421e-01,5.149678343769532596e-01,-1.073188540975872768e-01,6.938591336168571308e-03,-4.904045471675262391e-01,3.380445064252839971e-01,-2.819617004513691461e-01,5.109713931485494465e-01,-7.237235222073873375e-02,3.226022928879697660e-01,-3.775742050650401915e-02,-1.565652807007968106e-01,-2.214810971814375751e-01,-2.076430721439183613e-01,5.661180263341885066e-01,8.274310864182042591e-02,5.122517962828251337e-01,4.910527980985714414e-01,5.209380659055594387e-02,3.287726360789969271e-01,2.285233996978392745e-01,4.704171615232037307e-01,6.342459726861546798e-01,5.216807774619538346e-02,9.702461756900847278e-02,4.980674390309899890e-01,5.360554373538128914e-02,4.333965134827088561e-01,-7.212208086851620847e-02,3.622207419036770903e-01,2.277839384110653953e-01
-3.308272556319740709e-01,3.899411783576794410e-01,2.126331319146145260e-01,1.274008846528714711e-01,-2.942737997478707054e-02,1.000000000000000000e+00,3.230511245890553274e-01,4.334149889975858622e-02,-2.427063161247891010e-01,-3.010707183413252261e-02,6.561838255882116444e-01,2.768242540759434656e-01,-8.127234380006910508e-02,6.852593305990721806e-01,-3.630470905637795398e-01,-6.511860474169739454e-02,5.509332198304575101e-01,-2.713357230974727807e-01,5.119442196448008298e-02,2.051267749092150761e-01,5.871333095607507158e-01,4.994620056902779881e-01,2.963411120630778384e-01,7.877875675786926157e-01,4.520748708020541073e-01,1.245344421604051375e-03,7.297807290413027559e-01,3.639639740930316614e-01,6.506260969935081517e-01,-2.100831042135832827e-01,1.625340501929947168e-01,6.808811955805391669e-01,6.870078529427673386e-01,-4.719391230050442032e-01,7.259494134695266832e-01,2.692024282064410801e-01,7.814042659812201475e-01,-4.922057373376121925e-01,-9.882120967088420249e-02
-3.596327807191316839e-01,5.692072002394711339e-01,1.034342024017932682e-01,5.495800950036229537e-02,9.538365313351801489e-02,3.230511245890553274e-01,1.000000000000000000e+00,7.131187245040418454e-02,1.232933828858927133e-01,2.287355789831063968e-01,5.161009189537317798e-01,6.412115491779858401e-01,3.904986934204996984e-01,5.518121741703169159e-01,3.927496261080113543e-02,1.303623750722081032e-01,3.584764834817069645e-01,4.012887736274765860e-02,6.153444379968300293e-01,4.583911941377413202e-01,5.893484586173823869e-01,6.996338798365734357e-01,3.577730288034280393e-01,2.732288858757189742e-01,3.763683945794127905e-01,-3.418295457798237735e-01,4.991960783713170757e-01,2.310470393368361242e-01,3.482124757996159503e-01,-2.359108073122849203e-01,5.404560658501942477e-02,6.847214223965811808e-01,5.453582686870503959e-01,-4.436889978321912481e-02,9.430001259932635493e-02,3.527211039106208923e-01,5.840543622072275065e-01,-1.537135696021155185e-01,5.465449471925368785e-01
-3.115178739912835559e-01,-2.708238514495579508e-01,-8.154244563162830195e-01,-3.831367592770909547e-01,-7.788375976166218573e-01,4.334149889975858622e-02,7.131187245040418454e-02,1.000000000000000000e+00,-5.336374794109745023e-01,-4.522875799521960394e-01,1.850101231679436298e-01,1.113093395112578349e-01,6.307573662071896958e-01,-2.823734872092785175e-01,3.874223190831830865e-01,-4.429444745345472723e-01,9.747464173502179419e-02,-2.180157258199914572e-01,1.506989105413475971e-01,2.605483701788178785e-01,3.539040199875572168e-01,3.344215347272905259e-01,-5.417705494254589915e-01,-8.722614081322896395e-02,-5.024305687227574868e-01,-6.318012923960211191e-01,-5.371599094915544687e-02,-3.600890170375941612e-01,-2.135755372640473770e-01,-5.215598220872997848e-01,-7.133451312509627718e-01,2.945237213746241742e-02,-9.681966572263245308e-02,-3.064608505548755413e-01,-1.440345822156380018e-01,-4.041382164508977026e-01,1.309540194749572728e-01,-3.056743067236555311e-01,-6.713278432446934119e-02
5.532240231994076662e-01,3.905381024230706877e-01,3.815372487752493047e-01,2.246284086238976019e-01,5.882227878095760421e-01,-2.427063161247891010e-01,1.232933828858927133e-01,-5.336374794109745023e-01,1.000000000000000000e+00,7.568796905091245142e-01,-1.052604509065276223e-01,8.543543397239078407e-02,-2.474197216497225904e-01,8.937734407021573346e-02,2.208971270233182349e-01,7.538414107110538165e-01,-1.044091208633401852e-01,5.510573483313713217e-01,2.745323203607021312e-01,-1.265187055910875213e-01,-1.038591404547832830e-01,-1.995974145931362076e-01,4.868774734999067877e-01,-2.845329994071601684e-02,2.718949267937746939e-01,3.883594102231271439e-01,-1.516509510797469096e-01,1.345745851936426263e-01,1.624013625887082979e-01,6.903235465704599116e-01,3.648899094123393416e-01,-8.361836857685978064e-02,-1.083523058916098236e-01,6.993983448555941562e-01,-2.411243321292658726e-01,3.455690593888223194e-01,-2.025008560526344870e-01,6.713113697394454960e-01,4.348736813025251280e-01
4.821763691046229150e-01,5.136137693497656587e-01,3.320920663420099950e-01,3.021158989712321996e-01,5.149678343769532596e-01,-3.010707183413252261e-02,2.287355789831063968e-01,-4.522875799521960394e-01,7.568796905091245142e-01,1.000000000000000000e+00,3.898794567889266038e-02,1.685398193765006714e-01,-2.075067998809735081e-01,2.654136248839752965e-01,8.236706266975241109e-02,8.456599776746002162e-01,-9.293818464733155302e-03,3.900727851892509812e-01,3.040285006202456120e-01,-3.970555977901858713e-02,-4.479470873476919940e-02,-4.615493298311719450e-02,5.466936140516833742e-01,1.254359818171179308e-01,3.530661562968472889e-01,3.226445326360428134e-01,2.283185250964728241e-02,1.012039915561018938e-01,2.312774577560880174e-01,6.558807796292718262e-01,3.576720516905364522e-01,8.296620794343627370e-02,-2.104815175605911654e-03,4.516050962327461948e-01,-1.115467031413343996e-01,4.964431596286921211e-01,-2.833727768728649954e-02,4.562060974190491058e-01,4.552846982687793753e-01
-2.847458388678829611e-01,4.541380696304570530e-01,5.826492083835507763e-02,6.352091740154072741e-02,-1.073188540975872768e-01,6.561838255882116444e-01,5.161009189537317798e-01,1.850101231679436298e-01,-1.052604509065276223e-01,3.898794567889266038e-02,1.000000000000000000e+00,5.117098665715031913e-01,2.488187139469961173e-01,6.151994447952006118e-01,-1.074363342794828896e-01,2.986179459450208004e-02,7.186447814568039938e-01,-1.722703472835105665e-01,2.748775887001965179e-01,3.965245337888730348e-01,6.597681895065072855e-01,6.917316812012542782e-01,2.089020830733339384e-01,5.940219741171797185e-01,2.649492570050361318e-01,-1.598189379912789421e-01,7.025650817146674720e-01,3.780948869879239282e-01,6.139511772323591465e-01,-2.835608409688217812e-01,2.508166827357592027e-02,7.229590747927950867e-01,6.543882436207818509e-01,-3.564121844974691977e-01,4.537440453391671236e-01,1.568661503145838687e-01,7.793283398768041659e-01,-3.286147373932206683e-01,1.341343895727425684e-01
-5.134429987898837533e-01,6.625198890206749347e-01,1.102250570894934972e-01,6.973786090432659672e-03,6.938591336168571308e-03,2.768242540759434656e-01,6.412115491779858401e-01,1.113093395112578349e-01,8.543543397239078407e-02,1.685398193765006714e-01,5.117098665715031913e-01,1.000000000000000000e+00,2.597709919147161428e-01,5.372358137657078370e-01,1.178989957372125336e-01,2.280460485630234763e-02,3.280536621291733623e-01,-9.337724397219310246e-02,6.547783416113354127e-01,5.272364955693152888e-01,4.677799097520818905e-01,7.294024044214588720e-01,3.181267279708398510e-01,2.026187427750874570e-01,3.564100531567490071e-01,-5.009050239925307846e-01,6.236806480220115079e-01,8.826127058660716840e-02,2.001478837589626136e-01,-3.599476624284221882e-01,1.811993690414733238e-01,7.223581137946303299e-01,5.654203070949341825e-01,-1.054176462962421318e-01,-4.020432798548429637e-02,5.023089759802267240e-01,6.175644462697830184e-01,-1.606903453182908781e-01,7.098795232621638585e-01
-2.473750551171080836e-01,-1.025225681018624296e-01,-6.063667939889231251e-01,-2.216421363905798358e-01,-4.904045471675262391e-01,-8.127234380006910508e-02,3.904986934204996984e-01,6.307573662071896958e-01,-2.474197216497225904e-01,-2.075067998809735081e-01,2.488187139469961173e-01,2.597709919147161428e-01,1.000000000000000000e+00,-1.131019353448033532e-01,3.748807091653941770e-01,-2.391101339975492124e-01,1.237615585609543739e-01,5.116950545945422174e-02,4.154220961760073938e-01,2.882792087508458390e-01,3.802761397136911192e-01,3.914264045831736261e-01,-3.079566034795783724e-01,-1.444201791417094038e-01,-3.339628010859210794e-01,-5.658730304837086278e-01,-3.938998971340615385e-02,-2.175261586738055919e-01,-9.251391295707091234e-02,-4.050344301096337474e-01,-7.019188939541611827e-01,1.427081262899161096e-01,-3.136507263627014153e-02,-1.178019242360371782e-01,-2.365363453300420304e-01,-2.978864052111773741e-01,1.506185344085011479e-01,-1.322477986736181055e-01,2.001347069644077992e-01
-3.111890665339007156e-01,6.577576066589165826e-01,5.306655190702820324e-01,2.833142360948094907e-01,3.380445064252839971e-01,6.852593305990721806e-01,5.518121741703169159e-01,-2.823734872092785175e-01,8.937734407021573346e-02,2.654136248839752965e-01,6.151994447952006118e-01,5.372358137657078370e-01,-1.131019353448033532e-01,1.000000000000000000e+00,-3.748317916147765327e-01,1.743101679739861298e-01,4.939254041358629443e-01,-1.502182513701367794e-01,2.584389956771130370e-01,3.389881676945041278e-01,4.593855468834615041e-01,5.881911354668876157e-01,5.703908534738928449e-01,6.747285738526822563e-01,6.823999157674198734e-01,3.956543668644123268e-02,7.899962772537252320e-01,5.390661170060524476e-01,6.461905405761600996e-01,-1.030888310765165905e-01,4.504102475061625976e-01,7.974364481744711242e-01,8.013294547657254796e-01,-2.675410338510475494e-01,5.259954120062984018e-01,5.763387794091878735e-01,7.657159426950713721e-01,-3.088280184239891590e-01,2.703132898062467482e-01
1.664527163903994911e-01,-1.461407608733755192e-01,-4.545330194645250677e-01,-1.395425698969920969e-01,-2.819617004513691461e-01,-3.630470905637795398e-01,3.927496261080113543e-02,3.874223190831830865e-01,2.208971270233182349e-01,8.236706266975241109e-02,-1.074363342794828896e-01,1.178989957372125336e-01,3.748807091653941770e-01,-3.748317916147765327e-01,1.000000000000000000e+00,7.489514337009675615e-02,-1.577838593167638914e-01,3.927767013753323266e-01,4.164815926337833152e-01,7.956128040425347603e-02,1.185696108496919754e-01,-3.480585673926008677e-02,-2.611090449079017661e-01,-3.002710301511346547e-01,-4.712286033498717663e-01,-2.021977104350041465e-01,-3.976124134098499852e-01,-2.599702557291976857e-01,-1.721621436674153072e-01,1.114536561138241150e-01,-4.046890395073846070e-01,-2.438515349759583506e-01,-3.302551268376935911e-01,4.141637288999074351e-01,-3.894051253881518071e-01,-1.996263787755942765e-01,-2.511026494820668975e-01,4.749109701446722065e-01,2.820347630362294300e-01
6.132997695291666496e-01,4.457941069052686611e-01,3.023267954140237967e-01,2.240118568898346874e-01,5.109713931485494465e-01,-6.511860474169739454e-02,1.303623750722081032e-01,-4.429444745345472723e-01,7.538414107110538165e-01,8.456599776746002162e-01,2.986179459450208004e-02,2.280460485630234763e-02,-2.391101339975492124e-01,1.743101679739861298e-01,7.489514337009675615e-02,1.000000000000000000e+00,-1.373532169958150209e-02,3.841628642540779182e-01,1.579605939661426761e-01,-1.142391662619750559e-01,-7.755715057283003866e-02,-1.162289018728316636e-01,5.155813642142732522e-01,1.146269650821817726e-01,2.703136420211947888e-01,4.136450727947791339e-01,-6.169211018761112941e-02,1.424174994583257692e-01,2.624824851296305162e-01,6.987716895916777915e-01,3.088005580204187805e-01,-1.953560038852860531e-02,-7.191648614754227176e-02,4.793407485798630296e-01,-9.923243948312006346e-02,3.811180771189233707e-01,-1.018930928869974939e-01,5.221612686974069772e-01,3.038357509907645415e-01
-1.708861013312935884e-01,3.354665579855657387e-01,1.075253665638129658e-01,8.535419484353731767e-02,-7.237235222073873375e-02,5.509332198304575101e-01,3.584764834817069645e-01,9.747464173502179419e-02,-1.044091208633401852e-01,-9.293818464733155302e-03,7.186447814568039938e-01,3.280536621291733623e-01,1.237615585609543739e-01,4.939254041358629443e-01,-1.577838593167638914e-01,-1.373532169958150209e-02,1.000000000000000000e+00,-1.003663700887448829e-01,1.612081656969279464e-01,2.633760960504268889e-01,5.321935847180225831e-01,5.160869934161356198e-01,1.140979035584023665e-01,5.436404631246115615e-01,1.622496901885122911e-01,-6.110688291760489610e-02,5.598242309983095799e-01,3.834149345808123277e-01,6.102004817526669456e-01,-2.035242531484001138e-01,6.924836175697046681e-02,5.914573590118313851e-01,5.641726038321049908e-01,-3.094309928205251636e-01,4.234765121292035084e-01,5.016091969327308997e-02,6.352967427937382672e-01,-2.729602865253099586e-01,-4.622869164483483194e-03
5.020115429234904836e-01,-6.332457799083977823e-02,1.066716035255579759e-01,4.114346497679709502e-01,3.226022928879697660e-01,-2.713357230974727807e-01,4.012887736274765860e-02,-2.180157258199914572e-01,5.510573483313713217e-01,3.900727851892509812e-01,-1.722703472835105665e-01,-9.337724397219310246e-02,5.116950545945422174e-02,-1.502182513701367794e-01,3.927767013753323266e-01,3.841628642540779182e-01,-1.003663700887448829e-01,1.000000000000000000e+00,3.440942949616361268e-01,-2.076857438943425505e-01,6.614072350348043638e-02,-2.647050544655947246e-01,1.366674352008496324e-02,-6.691640824256890607e-02,-1.738878931562896080e-01,3.231156836090100515e-01,-3.581733309036407853e-01,1.528572944072609519e-01,1.496155627726400150e-01,4.087403815012887742e-01,-1.214048534443819133e-01,-2.787725180630298838e-01,-2.482655355580432877e-01,6.620640645804275470e-01,-1.501164651266809758e-01,-1.313870282459071448e-01,-2.480549424920952817e-01,5.383582914331636049e-01,1.251912444883113706e-01
-2.448846188872256247e-01,4.292108586826347549e-01,-7.457114630148790890e-02,9.199896497551209029e-02,-3.775742050650401915e-02,5.119442196448008298e-02,6.153444379968300293e-01,1.506989105413475971e-01,2.745323203607021312e-01,3.040285006202456120e-01,2.748775887001965179e-01,6.547783416113354127e-01,4.154220961760073938e-01,2.584389956771130370e-01,4.164815926337833152e-01,1.579605939661426761e-01,1.612081656969279464e-01,3.440942949616361268e-01,1.000000000000000000e+00,3.182530082888168632e-01,4.493604124071606809e-01,4.821896352010336395e-01,1.817635008348592596e-01,8.752694666384941424e-02,1.148709555245626540e-01,-4.006325388505068141e-01,2.229636118557239421e-01,-1.976117748410888969e-02,1.008409494989741251e-01,-1.174178460386862966e-01,-9.110711959656955794e-02,4.137287880574443411e-01,2.676799769954422703e-01,1.803583494892676831e-01,-1.667518773199197224e-01,2.707815719725761294e-01,3.306217121964923344e-01,6.784839857832934695e-02,6.770454437962815097e-01
-3.079889266508518131e-01,3.018845623432203640e-01,9.899664462166057888e-03,4.927198532030085953e-02,-1.565652807007968106e-01,2.051267749092150761e-01,4.583911941377413202e-01,2.605483701788178785e-01,-1.265187055910875213e-01,-3.970555977901858713e-02,3.965245337888730348e-01,5.272364955693152888e-01,2.882792087508458390e-01,3.389881676945041278e-01,7.956128040425347603e-02,-1.142391662619750559e-01,2.633760960504268889e-01,-2.076857438943425505e-01,3.182530082888168632e-01,1.000000000000000000e+00,3.753043677195714856e-01,5.808086418341118495e-01,6.778151831091376589e-02,1.208270126393931609e-01,1.580704388384540637e-01,-2.751578770648266392e-01,4.254113809130093404e-01,2.608486181195156517e-01,1.776501155576936386e-01,-3.146601170662912117e-01,-1.311479633814762987e-03,4.694858176701162678e-01,4.653940358642152386e-01,-2.638871183634660667e-01,1.154932961452237034e-01,2.108299785148859962e-01,4.386791802159443199e-01,-1.761786644392200063e-01,3.156074666765354420e-01
-3.056616586564036564e-01,2.981337257228484083e-01,-6.933466283482611625e-02,5.690355741691945080e-02,-2.214810971814375751e-01,5.871333095607507158e-01,5.893484586173823869e-01,3.539040199875572168e-01,-1.038591404547832830e-01,-4.479470873476919940e-02,6.597681895065072855e-01,4.677799097520818905e-01,3.802761397136911192e-01,4.593855468834615041e-01,1.185696108496919754e-01,-7.755715057283003866e-02,5.321935847180225831e-01,6.614072350348043638e-02,4.493604124071606809e-01,3.753043677195714856e-01,1.000000000000000000e+00,6.832718241543900284e-01,4.401387109916828771e-02,5.646835666778292628e-01,1.319318735760954819e-01,-2.827288704862980784e-01,5.468102546083994930e-01,3.464551463330862169e-01,5.566024754494037774e-01,-3.480316620485949253e-01,-2.259876895835712662e-01,6.146143630152924864e-01,6.158701478619406089e-01,-1.970837888817268402e-01,3.604558785598060422e-01,2.842212854377607414e-02,7.227178134105582963e-01,-2.878670635090841423e-01,1.288309557203292377e-01
-5.716622080622899560e-01,5.076713634822962451e-01,-3.499676716430717011e-02,-6.703470791136294238e-02,-2.076430721439183613e-01,4.994620056902779881e-01,6.996338798365734357e-01,3.344215347272905259e-01,-1.995974145931362076e-01,-4.615493298311719450e-02,6.917316812012542782e-01,7.294024044214588720e-01,3.914264045831736261e-01,5.881911354668876157e-01,-3.480585673926008677e-02,-1.162289018728316636e-01,5.160869934161356198e-01,-2.647050544655947246e-01,4.821896352010336395e-01,5.808086418341118495e-01,6.832718241543900284e-01,1.000000000000000000e+00,1.976492105791718967e-01,4.219720539523958425e-01,2.966457532492936533e-01,-5.172328819641481834e-01,7.197447572383393055e-01,2.334915568767259586e-01,3.578966730036042820e-01,-5.294698993507707119e-01,-2.989964653558343372e-02,7.945510600931517953e-01,6.972913705266404749e-01,-3.918593238710939564e-01,1.904117278201979679e-01,3.106061796827642718e-01,7.835548482337389986e-01,-4.239611847400178712e-01,3.668095782014615946e-01
2.363289686023288538e-02,6.848703078267805999e-01,5.671159656772920554e-01,1.050146657453532306e-01,5.661180263341885066e-01,2.963411120630778384e-01,3.577730288034280393e-01,-5.417705494254589915e-01,4.868774734999067877e-01,5.466936140516833742e-01,2.089020830733339384e-01,3.181267279708398510e-01,-3.079566034795783724e-01,5.703908534738928449e-01,-2.611090449079017661e-01,5.155813642142732522e-01,1.140979035584023665e-01,1.366674352008496324e-02,1.817635008348592596e-01,6.778151831091376589e-02,4.401387109916828771e-02,1.976492105791718967e-01,1.000000000000000000e+00,3.661873407651500267e-01,7.685188936787673564e-01,2.043774092642339779e-01,3.996752387268154294e-01,2.836942234343388658e-01,3.322342970318887256e-01,3.339667840854730896e-01,5.860714765300808482e-01,4.404259430758614147e-01,3.965253075867983257e-01,1.377763303751020352e-01,1.397439994709978872e-01,7.239914297222659334e-01,2.789756096722920686e-01,1.230892470840470182e-01,4.190316656885137436e-01
-1.396590990577497859e-01,3.663545634693064490e-01,3.053143238630592893e-01,1.876880552269979963e-01,8.274310864182042591e-02,7.877875675786926157e-01,2.732288858757189742e-01,-8.722614081322896395e-02,-2.845329994071601684e-02,1.254359818171179308e-01,5.940219741171797185e-01,2.026187427750874570e-01,-1.444201791417094038e-01,6.747285738526822563e-01,-3.002710301511346547e-01,1.146269650821817726e-01,5.436404631246115615e-01,-6.691640824256890607e-02,8.752694666384941424e-02,1.208270126393931609e-01,5.646835666778292628e-01,4.219720539523958425e-01,3.661873407651500267e-01,1.000000000000000000e+00,4.345873014341090634e-01,1.620946243894517691e-01,6.241379127640527269e-01,4.964870029108690574e-01,7.217346386210691245e-01,-3.822453187954533843e-02,1.817332741217079495e-01,5.848998069812502143e-01,6.505134523675430991e-01,-2.883696825569303512e-01,6.755159645400251600e-01,2.880326516261442205e-01,6.800686917592920766e-01,-3.112736714398230409e-01,-1.102211008440853457e-01
-2.212095728439572306e-01,6.215947262364599490e-01,6.163874062011421850e-01,1.475412611070623103e-01,5.122517962828251337e-01,4.520748708020541073e-01,3.763683945794127905e-01,-5.024305687227574868e-01,2.718949267937746939e-01,3.530661562968472889e-01,2.649492570050361318e-01,3.564100531567490071e-01,-3.339628010859210794e-01,6.823999157674198734e-01,-4.712286033498717663e-01,2.703136420211947888e-01,1.622496901885122911e-01,-1.738878931562896080e-01,1.148709555245626540e-01,1.580704388384540637e-01,1.319318735760954819e-01,2.966457532492936533e-01,7.685188936787673564e-01,4.345873014341090634e-01,1.000000000000000000e+00,1.141041580533971311e-01,5.850324676330709295e-01,3.180429980789425959e-01,3.426477634390798777e-01,8.035865572145653446e-02,6.231673359512341914e-01,5.508853766561409016e-01,5.605831367930468323e-01,-7.367331143210709143e-02,2.790081916897280134e-01,6.823993127831180505e-01,4.431043034537862635e-01,-1.497234744903006565e-01,3.230851147729582595e-01
6.170154318840244123e-01,-1.185619089266347487e-01,5.321819143293528009e-01,3.703199577845291968e-01,4.910527980985714414e-01,1.245344421604051375e-03,-3.418295457798237735e-01,-6.318012923960211191e-01,3.883594102231271439e-01,3.226445326360428134e-01,-1.598189379912789421e-01,-5.009050239925307846e-01,-5.658730304837086278e-01,3.956543668644123268e-02,-2.021977104350041465e-01,4.136450727947791339e-01,-6.110688291760489610e-02,3.231156836090100515e-01,-4.006325388505068141e-01,-2.751578770648266392e-01,-2.827288704862980784e-01,-5.172328819641481834e-01,2.043774092642339779e-01,1.620946243894517691e-01,1.141041580533971311e-01,1.000000000000000000e+00,-1.643315156130570331e-01,4.684521497511253685e-01,3.574533070150361369e-01,6.244636659385963684e-01,3.839007130119205802e-01,-2.998474501137526893e-01,-8.960391963663398573e-02,2.342832328183799828e-01,3.927777713840281404e-01,-2.378767675763155190e-02,-2.465672063499524946e-01,3.829702531544713073e-01,-3.711624447586316378e-01
-5.239204489275900434e-01,5.790194741627505692e-01,3.641475582625480767e-01,1.101787477008337457e-01,5.209380659055594387e-02,7.297807290413027559e-01,4.991960783713170757e-01,-5.371599094915544687e-02,-1.516509510797469096e-01,2.283185250964728241e-02,7.025650817146674720e-01,6.236806480220115079e-01,-3.938998971340615385e-02,7.899962772537252320e-01,-3.976124134098499852e-01,-6.169211018761112941e-02,5.598242309983095799e-01,-3.581733309036407853e-01,2.229636118557239421e-01,4.254113809130093404e-01,5.468102546083994930e-01,7.197447572383393055e-01,3.996752387268154294e-01,6.241379127640527269e-01,5.850324676330709295e-01,-1.643315156130570331e-01,1.000000000000000000e+00,4.343704079488546754e-01,5.426243168243070070e-01,-3.747020175763057237e-01,3.498969089587626313e-01,8.453626332654099462e-01,8.498681163462882271e-01,-4.966980058095300521e-01,4.997950140556876586e-01,4.733059024716864682e-01,8.602381475631660779e-01,-4.915326850779655476e-01,1.976779690466107242e-01
7.878783207466956429e-02,2.033728279569036179e-01,5.940397726922972410e-01,4.032953732061368424e-01,3.287726360789969271e-01,3.639639740930316614e-01,2.310470393368361242e-01,-3.600890170375941612e-01,1.345745851936426263e-01,1.012039915561018938e-01,3.780948869879239282e-01,8.826127058660716840e-02,-2.175261586738055919e-01,5.390661170060524476e-01,-2.599702557291976857e-01,1.424174994583257692e-01,3.834149345808123277e-01,1.528572944072609519e-01,-1.976117748410888969e-02,2.608486181195156517e-01,3.464551463330862169e-01,2.334915568767259586e-01,2.836942234343388658e-01,4.964870029108690574e-01,3.180429980789425959e-01,4.684521497511253685e-01,4.343704079488546754e-01,1.000000000000000000e+00,6.534227336061547708e-01,5.864551253529775438e-02,3.222067438074722734e-01,3.475321013047954488e-01,5.980222565202761853e-01,-8.842151042977519637e-02,5.778133279930063315e-01,1.143215995381069994e-01,4.262173223257205712e-01,-6.496826841363582961e-02,-1.732233241384140698e-01
9.153888262563029954e-02,3.703043550603765111e-01,3.970885334798308075e-01,2.819680764394369987e-01,2.285233996978392745e-01,6.506260969935081517e-01,3.482124757996159503e-01,-2.135755372640473770e-01,1.624013625887082979e-01,2.312774577560880174e-01,6.139511772323591465e-01,2.001478837589626136e-01,-9.251391295707091234e-02,6.461905405761600996e-01,-1.721621436674153072e-01,2.624824851296305162e-01,6.102004817526669456e-01,1.496155627726400150e-01,1.008409494989741251e-01,1.776501155576936386e-01,5.566024754494037774e-01,3.578966730036042820e-01,3.322342970318887256e-01,7.217346386210691245e-01,3.426477634390798777e-01,3.574533070150361369e-01,5.426243168243070070e-01,6.534227336061547708e-01,1.000000000000000000e+00,1.028600582115790502e-01,2.025594520488392114e-01,5.344726266668482495e-01,6.097968089583503115e-01,-1.393340000641156984e-01,6.683421125301949317e-01,2.020115563629685529e-01,6.224369840597050452e-01,-3.592628087248194574e-02,-6.562893396972829807e-02
7.443101266705546282e-01,9.678009887477022344e-02,2.841792841948977966e-01,2.447362107805163001e-01,4.704171615232037307e-01,-2.100831042135832827e-01,-2.359108073122849203e-01,-5.215598220872997848e-01,6.903235465704599116e-01,6.558807796292718262e-01,-2.835608409688217812e-01,-3.599476624284221882e-01,-4.050344301096337474e-01,-1.030888310765165905e-01,1.114536561138241150e-01,6.987716895916777915e-01,-2.035242531484001138e-01,4.087403815012887742e-01,-1.174178460386862966e-01,-3.146601170662912117e-01,-3.480316620485949253e-01,-5.294698993507707119e-01,3.339667840854730896e-01,-3.822453187954533843e-02,8.035865572145653446e-02,6.244636659385963684e-01,-3.747020175763057237e-01,5.864551253529775438e-02,1.028600582115790502e-01,1.000000000000000000e+00,2.688219254150568949e-01,-3.674919860044287834e-01,-3.316110575750148559e-01,5.207430768130563159e-01,-5.576175702153438052e-02,1.588252005811585654e-01,-4.210105242054133501e-01,5.817168376959237497e-01,1.928559326990424844e-02
-5.858391655793182030e-03,4.985881852921297264e-01,7.652126193084840544e-01,2.272376655706881410e-01,6.342459726861546798e-01,1.625340501929947168e-01,5.404560658501942477e-02,-7.133451312509627718e-01,3.648899094123393416e-01,3.576720516905364522e-01,2.508166827357592027e-02,1.811993690414733238e-01,-7.019188939541611827e-01,4.504102475061625976e-01,-4.046890395073846070e-01,3.088005580204187805e-01,6.924836175697046681e-02,-1.214048534443819133e-01,-9.110711959656955794e-02,-1.311479633814762987e-03,-2.259876895835712662e-01,-2.989964653558343372e-02,5.860714765300808482e-01,1.817332741217079495e-01,6.231673359512341914e-01,3.839007130119205802e-01,3.498969089587626313e-01,3.222067438074722734e-01,2.025594520488392114e-01,2.688219254150568949e-01,1.000000000000000000e+00,2.606156715112634137e-01,3.329811481509044047e-01,9.506344500762847760e-02,2.061324851583871132e-01,5.864224607394100675e-01,1.294347913529179939e-01,8.999784912614443300e-02,2.120965236479554206e-01
-5.381111672646149424e-01,6.868716844056538262e-01,2.517296028805898755e-01,4.709394532657702054e-02,5.216807774619538346e-02,6.808811955805391669e-01,6.847214223965811808e-01,2.945237213746241742e-02,-8.361836857685978064e-02,8.296620794343627370e-02,7.229590747927950867e-01,7.223581137946303299e-01,1.427081262899161096e-01,7.974364481744711242e-01,-2.438515349759583506e-01,-1.953560038852860531e-02,5.914573590118313851e-01,-2.787725180630298838e-01,4.137287880574443411e-01,4.694858176701162678e-01,6.146143630152924864e-01,7.945510600931517953e-01,4.404259430758614147e-01,5.848998069812502143e-01,5.508853766561409016e-01,-2.998474501137526893e-01,8.453626332654099462e-01,3.475321013047954488e-01,5.344726266668482495e-01,-3.674919860044287834e-01,2.606156715112634137e-01,1.000000000000000000e+00,8.188322253250116534e-01,-3.838806634533210027e-01,4.025671696873213135e-01,4.965684793021830079e-01,8.624338620105724829e-01,-4.083011504891595478e-01,3.993663755062985543e-01
-4.854328338074130889e-01,5.407056848505255031e-01,4.340440916283038741e-01,1.583475067309878803e-01,9.702461756900847278e-02,6.870078529427673386e-01,5.453582686870503959e-01,-9.681966572263245308e-02,-1.083523058916098236e-01,-2.104815175605911654e-03,6.543882436207818509e-01,5.654203070949341825e-01,-3.136507263627014153e-02,8.013294547657254796e-01,-3.302551268376935911e-01,-7.191648614754227176e-02,5.641726038321049908e-01,-2.482655355580432877e-01,2.676799769954422703e-01,4.653940358642152386e-01,6.158701478619406089e-01,6.972913705266404749e-01,3.965253075867983257e-01,6.505134523675430991e-01,5.605831367930468323e-01,-8.960391963663398573e-02,8.498681163462882271e-01,5.980222565202761853e-01,6.097968089583503115e-01,-3.316110575750148559e-01,3.329811481509044047e-01,8.188322253250116534e-01,1.000000000000000000e+00,-4.249554996448033362e-01,5.528261491136923222e-01,4.311313134993828844e-01,8.325484606869314463e-01,-4.479207556477882712e-01,1.574601007296030086e-01
5.516212640689680535e-01,6.832385733039024467e-02,1.287430187841816509e-01,1.848076892199577437e-01,4.980674390309899890e-01,-4.719391230050442032e-01,-4.436889978321912481e-02,-3.064608505548755413e-01,6.993983448555941562e-01,4.516050962327461948e-01,-3.564121844974691977e-01,-1.054176462962421318e-01,-1.178019242360371782e-01,-2.675410338510475494e-01,4.141637288999074351e-01,4.793407485798630296e-01,-3.094309928205251636e-01,6.620640645804275470e-01,1.803583494892676831e-01,-2.638871183634660667e-01,-1.970837888817268402e-01,-3.918593238710939564e-01,1.377763303751020352e-01,-2.883696825569303512e-01,-7.367331143210709143e-02,2.342832328183799828e-01,-4.966980058095300521e-01,-8.842151042977519637e-02,-1.393340000641156984e-01,5.207430768130563159e-01,9.506344500762847760e-02,-3.838806634533210027e-01,-4.249554996448033362e-01,1.000000000000000000e+00,-4.268998202746482340e-01,1.315229216203118480e-02,-4.660820968725226665e-01,7.045617062715697765e-01,2.989587039039542371e-01
-1.307510537965598796e-01,1.057559494816174561e-01,3.465133824662011142e-01,2.480775675618239196e-01,5.360554373538128914e-02,7.259494134695266832e-01,9.430001259932635493e-02,-1.440345822156380018e-01,-2.411243321292658726e-01,-1.115467031413343996e-01,4.537440453391671236e-01,-4.020432798548429637e-02,-2.365363453300420304e-01,5.259954120062984018e-01,-3.894051253881518071e-01,-9.923243948312006346e-02,4.234765121292035084e-01,-1.501164651266809758e-01,-1.667518773199197224e-01,1.154932961452237034e-01,3.604558785598060422e-01,1.904117278201979679e-01,1.397439994709978872e-01,6.755159645400251600e-01,2.790081916897280134e-01,3.927777713840281404e-01,4.997950140556876586e-01,5.778133279930063315e-01,6.683421125301949317e-01,-5.576175702153438052e-02,2.061324851583871132e-01,4.025671696873213135e-01,5.528261491136923222e-01,-4.268998202746482340e-01,1.000000000000000000e+00,5.561089013791220559e-02,5.433516765310761887e-01,-3.673767391813552718e-01,-3.676135161661257533e-01
-1.915380700127444213e-01,7.070221232257898336e-01,4.746608115526503857e-01,8.650045628949236398e-02,4.333965134827088561e-01,2.692024282064410801e-01,3.527211039106208923e-01,-4.041382164508977026e-01,3.455690593888223194e-01,4.964431596286921211e-01,1.568661503145838687e-01,5.023089759802267240e-01,-2.978864052111773741e-01,5.763387794091878735e-01,-1.996263787755942765e-01,3.811180771189233707e-01,5.016091969327308997e-02,-1.313870282459071448e-01,2.707815719725761294e-01,2.108299785148859962e-01,2.842212854377607414e-02,3.106061796827642718e-01,7.239914297222659334e-01,2.880326516261442205e-01,6.823993127831180505e-01,-2.378767675763155190e-02,4.733059024716864682e-01,1.143215995381069994e-01,2.020115563629685529e-01,1.588252005811585654e-01,5.864224607394100675e-01,4.965684793021830079e-01,4.311313134993828844e-01,1.315229216203118480e-02,5.561089013791220559e-02,1.000000000000000000e+00,3.262428146845792187e-01,3.462163394501557162e-02,5.434558992444703529e-01
-5.021831737436146526e-01,5.299030454150570613e-01,1.940562862499291552e-01,1.173143559156080012e-01,-7.212208086851620847e-02,7.814042659812201475e-01,5.840543622072275065e-01,1.309540194749572728e-01,-2.025008560526344870e-01,-2.833727768728649954e-02,7.793283398768041659e-01,6.175644462697830184e-01,1.506185344085011479e-01,7.657159426950713721e-01,-2.511026494820668975e-01,-1.018930928869974939e-01,6.352967427937382672e-01,-2.480549424920952817e-01,3.306217121964923344e-01,4.386791802159443199e-01,7.227178134105582963e-01,7.835548482337389986e-01,2.789756096722920686e-01,6.800686917592920766e-01,4.431043034537862635e-01,-2.465672063499524946e-01,8.602381475631660779e-01,4.262173223257205712e-01,6.224369840597050452e-01,-4.210105242054133501e-01,1.294347913529179939e-01,8.624338620105724829e-01,8.325484606869314463e-01,-4.660820968725226665e-01,5.433516765310761887e-01,3.262428146845792187e-01,1.000000000000000000e+00,-5.048358412635963743e-01,1.734327626655038923e-01
6.294659947698827418e-01,5.713801178825851819e-03,9.221649312232033102e-02,3.723264306603853852e-02,3.622207419036770903e-01,-4.922057373376121925e-01,-1.537135696021155185e-01,-3.056743067236555311e-01,6.713113697394454960e-01,4.562060974190491058e-01,-3.286147373932206683e-01,-1.606903453182908781e-01,-1.322477986736181055e-01,-3.088280184239891590e-01,4.749109701446722065e-01,5.221612686974069772e-01,-2.729602865253099586e-01,5.383582914331636049e-01,6.784839857832934695e-02,-1.761786644392200063e-01,-2.878670635090841423e-01,-4.239611847400178712e-01,1.230892470840470182e-01,-3.112736714398230409e-01,-1.497234744903006565e-01,3.829702531544713073e-01,-4.915326850779655476e-01,-6.496826841363582961e-02,-3.592628087248194574e-02,5.817168376959237497e-01,8.999784912614443300e-02,-4.083011504891595478e-01,-4.479207556477882712e-01,7.045617062715697765e-01,-3.673767391813552718e-01,3.462163394501557162e-02,-5.048358412635963743e-01,1.000000000000000000e+00,2.532761193262209054e-01
-1.855123059460004609e-01,6.407502772208545361e-01,7.518524715874200237e-02,-4.597720036478879918e-02,2.277839384110653953e-01,-9.882120967088420249e-02,5.465449471925368785e-01,-6.713278432446934119e-02,4.348736813025251280e-01,4.552846982687793753e-01,1.341343895727425684e-01,7.098795232621638585e-01,2.001347069644077992e-01,2.703132898062467482e-01,2.820347630362294300e-01,3.038357509907645415e-01,-4.622869164483483194e-03,1.251912444883113706e-01,6.770454437962815097e-01,3.156074666765354420e-01,1.288309557203292377e-01,3.668095782014615946e-01,4.190316656885137436e-01,-1.102211008440853457e-01,3.230851147729582595e-01,-3.711624447586316378e-01,1.976779690466107242e-01,-1.732233241384140698e-01,-6.562893396972829807e-02,1.928559326990424844e-02,2.120965236479554206e-01,3.993663755062985543e-01,1.574601007296030086e-01,2.989587039039542371e-01,-3.676135161661257533e-01,5.434558992444703529e-01,1.734327626655038923e-01,2.532761193262209054e-01,1.000000000000000000e+00
