1.000000000000000000e+00,6.707293343102784799e-01,4.083000910110778925e-01,9.902764952626151584e-02,4.030623354596644115e-01,-9.463560391162230412e-02,2.436964272032476342e-01,-3.489156671445939883e-01,4.959855312327655641e-01,4.975193564017669767e-01,-6.475987732592292101e-02,5.879888164498863201e-01,2.879054152649452303e-01,2.090569914478834501e-01,5.624392012807730712e-01,6.378804932676750417e-01,5.782828836748095391e-02,2.622442671819616433e-01,5.034526252450794749e-03,5.535775717135277274e-01,4.114580785298554977e-01,5.409833159252471768e-01,4.972525399044285810e-01,9.413217565806998588e-02,4.716844615620126024e-01,2.474691273966523331e-01,4.338692208262803773e-01,5.256928024190327120e-01,3.302817028033299129e-01,5.350777935450504730e-01,-4.396753644658428495e-02,2.694618760166056504e-01,-3.021682463038905531e-01,5.055692720307639609e-01,1.683719551477284304e-01,1.239449992108167670e-01,4.146705872208888977e-01,5.095875502031740334e-01,4.449984451282036346e-01
6.707293343102784799e-01,1.000000000000000000e+00,6.335475226233874269e-01,-6.366873823721774274e-03,5.801427083190745515e-01,-8.252694571264762580e-02,3.933152414378095485e-01,-5.883966291579489916e-01,6.152768547579285929e-01,5.837012174237681261e-01,-4.663269705024625927e-02,5.515326200686867519e-01,3.417506998954341624e-01,4.829159019588236679e-01,5.816253206270808329e-01,7.093059193179107602e-01,-8.219664955610661572e-02,2.396508017011321490e-01,5.876672557162382349e-02,6.283233224786917148e-01,6.213395170149178526e-01,6.619937586093095350e-01,6.347629434518803349e-01,2.551097354876042944e-01,6.957529289931330130e-01,2.455448501532558336e-01,4.547371708482423336e-01,6.472803224223597773e-01,2.587192537316046481e-01,6.473105869507206345e-01,2.559436277031090223e-01,2.822934756866414263e-01,-8.597267068666943068e-02,5.499005498596253316e-01,2.320512818159118362e-01,2.138319972074657072e-01,4.725134874052853706e-01,4.527306490905967928e-01,5.614618306837992900e-01
4.083000910110778925e-01,6.335475226233874269e-01,1.000000000000000000e+00,3.119151140148764337e-02,6.766086750241797620e-01,1.348745932597282815e-01,3.928548828723278374e-01,-9.302983443290899768e-01,5.871933331861627359e-01,6.338791081074406364e-01,9.000530206059875749e-02,4.278322402473610508e-01,2.753387491685081456e-01,5.105309832731443898e-01,5.089542542109835033e-01,6.421645304089305117e-01,-7.598665120955341336e-03,2.997890921747748960e-01,2.068499938596455590e-01,6.300673312059542619e-01,7.522105566391378284e-01,6.651998908547386291e-01,7.058537136764048148e-01,1.663276841129192052e-01,6.752907282467868200e-01,2.563300777695411425e-01,3.769976637379532369e-01,6.028273232285519256e-01,2.454003749317260896e-01,5.860356372304197370e-01,2.707551773020322461e-01,2.690614204520649921e-01,1.533124715036679186e-01,2.944065555675707269e-01,2.757677473841565474e-01,3.179748366210654043e-01,4.249936188376152169e-01,3.795664126690234674e-01,4.304189837102284644e-01
9.902764952626151584e-02,-6.366873823721774274e-03,3.119151140148764337e-02,1.000000000000000000e+00,-8.971277853435671856e-02,1.551309712863586654e-01,2.403733220641025015e-01,2.791748286620933037e-02,2.509998138312442006e-01,1.292406354174054917e-01,1.906408158699420541e-01,1.972475917667119161e-01,2.103369740728631976e-01,8.257064975733979795e-02,1.775897825908086536e-01,9.241755918994078167e-02,3.591482216102538927e-01,4.438658865249898167e-01,1.096055188803302244e-01,2.085418594488592792e-01,-1.239969349783031360e-01,2.145573980226704036e-01,2.047086215808077148e-01,-1.548422225109083970e-02,-5.939361364696548601e-02,-1.347569109335027826e-01,-3.348857767795150597e-02,-1.537684726994028583e-01,6.151692073856553783e-02,-6.832202377329853193e-02,-1.850982650180912070e-01,3.536305972164168754e-01,-2.926074885761356104e-01,-1.888380915271746230e-01,-5.089895275827629323e-02,-7.991856083355396156e-02,3.662767076479629853e-03,2.006926339486301281e-01,2.276440797720893083e-01
4.030623354596644115e-01,5.801427083190745515e-01,6.766086750241797620e-01,-8.971277853435671856e-02,1.000000000000000000e+00,1.551242279429696502e-01,3.981114762629156534e-01,-6.987188954217399273e-01,6.632978952976842368e-01,4.312788515307066084e-01,2.180489401009672312e-01,1.207192694569262786e-01,2.694585058754845469e-02,6.516590935460020440e-01,2.591536905445979699e-01,4.390749428189183456e-01,1.553639857715911898e-01,1.568217350240149466e-01,4.485277622368252781e-01,3.258654272365227311e-01,6.412121222629472150e-01,3.709734415515304473e-01,5.171743071605643394e-01,2.485950658778306455e-01,6.501016019005962931e-01,3.632135593080836333e-01,2.650274471286453437e-01,6.332470189745303957e-01,2.275486883794105020e-01,6.638253821490283091e-01,3.975576592348216143e-01,4.549394874482498574e-02,3.692907070560134675e-01,2.623976692770442209e-01,1.942585587019613202e-01,3.889400782577682181e-01,3.750016121955037085e-01,6.627658276213346800e-02,2.214725053559269408e-01
-9.463560391162230412e-02,-8.252694571264762580e-02,1.348745932597282815e-01,1.551309712863586654e-01,1.551242279429696502e-01,1.000000000000000000e+00,3.335535388402637719e-02,-1.526607598854220760e-01,-1.263395327126874169e-02,2.301800001244919472e-02,7.318938467914292145e-01,-3.200869370180894902e-01,-3.508308753747197417e-01,3.308744445878250007e-01,-2.771254824030850994e-01,-1.730483377115742960e-01,4.482103860523624639e-01,-1.857981954710424474e-02,4.560990427642757639e-01,-1.546480965499237858e-01,-1.189616245759788776e-01,-1.579869323040911377e-01,1.567481395293916779e-01,-5.102485177726403393e-02,-2.260732153093129426e-03,2.910744678302950028e-01,-9.898237022739518609e-02,-2.420434652014878119e-01,5.663663353571121162e-01,7.448824280602690806e-02,4.150359323518268972e-01,5.534535399428579527e-01,4.760294381579224798e-01,-4.958173682717516573e-01,4.876761649575948598e-01,3.315577798035892476e-01,4.225408717343350218e-01,-3.341294908496383886e-01,-3.071562528982495488e-01
2.436964272032476342e-01,3.933152414378095485e-01,3.928548828723278374e-01,2.403733220641025015e-01,3.981114762629156534e-01,3.335535388402637719e-02,1.000000000000000000e+00,-3.368555224003631499e-01,6.263805265352936358e-01,5.148671502381202414e-01,1.250965733222023368e-01,2.421629707020503675e-01,4.407098650134349538e-01,1.860745753688328730e-01,5.696205833789921291e-01,4.952247930768887696e-01,3.640183446629067787e-01,3.224705966361492981e-01,3.459246006299207532e-01,4.895123294753956911e-01,4.442171522210176526e-01,5.713362345831802802e-01,3.746980779360339908e-01,-2.347531652831026661e-02,3.967923807642528278e-01,-1.790702600350503604e-01,1.949243351134881397e-01,5.554513525942358365e-01,-1.102090532491176028e-01,4.191177030675810045e-01,-7.889019983888509446e-03,1.730884151112751235e-01,-2.046827935338375037e-01,1.616143163478085398e-01,-1.772709645244787691e-01,1.029580113410089037e-01,4.131124881308412961e-02,3.939909841598179252e-01,6.154731685694090348e-01
-3.489156671445939883e-01,-5.883966291579489916e-01,-9.302983443290899768e-01,2.791748286620933037e-02,-6.987188954217399273e-01,-1.526607598854220760e-01,-3.368555224003631499e-01,1.000000000000000000e+00,-5.450908628027327785e-01,-5.820489149929093387e-01,-1.057305515373295063e-01,-3.357000165389389390e-01,-1.848537389508835838e-01,-5.214870318515012482e-01,-4.186616472955834722e-01,-5.778053245354894951e-01,3.136443639076075263e-02,-2.215081760143619849e-01,-2.405034954372055611e-01,-5.573334398061993156e-01,-7.447392370259543481e-01,-5.891423272882930773e-01,-6.702255296610243329e-01,-1.806997348190562402e-01,-6.606276851512634662e-01,-2.892350167010888096e-01,-3.407736376601068207e-01,-5.739367296590218714e-01,-2.417018628864532337e-01,-5.780340404195984938e-01,-3.225096145119499824e-01,-2.061213983172144326e-01,-2.512987325867206967e-01,-2.721462382785472256e-01,-2.980742859201175876e-01,-3.529797851149450438e-01,-4.293621868867009139e-01,-3.023950286442812496e-01,-3.535433600808978172e-01
4.959855312327655641e-01,6.152768547579285929e-01,5.871933331861627359e-01,2.509998138312442006e-01,6.632978952976842368e-01,-1.263395327126874169e-02,6.263805265352936358e-01,-5.450908628027327785e-01,1.000000000000000000e+00,4.543439616383362356e-01,1.087059316085895594e-01,4.131935171282603014e-01,4.472488736356481920e-01,5.362075619303909857e-01,6.427066934017783284e-01,5.489531141670163095e-01,3.746141848269210484e-01,4.468793971593598702e-01,2.507938438944287141e-01,5.586800626560206595e-01,5.367386568455527751e-01,5.711070417739454452e-01,5.028682345555605115e-01,2.995958615777288836e-01,6.210770173494287727e-01,-3.862683514500894061e-02,1.692739203097503864e-01,6.438695847002486872e-01,-1.566448166158474278e-02,4.971271347898672532e-01,-2.075327443866205324e-02,1.710721300825435165e-01,-1.136555442743619887e-01,2.550766510093259720e-01,-1.772467359198265369e-01,2.599374209626031593e-02,1.075821337052860344e-01,3.519117446777741409e-01,6.075920479723798673e-01
4.975193564017669767e-01,5.837012174237681261e-01,6.338791081074406364e-01,1.292406354174054917e-01,4.312788515307066084e-01,2.301800001244919472e-02,5.148671502381202414e-01,-5.820489149929093387e-01,4.543439616383362356e-01,1.000000000000000000e+00,9.328292102447822975e-02,4.207688639271652264e-01,3.056111042575198611e-01,2.285130588236491400e-01,5.337791484210584469e-01,8.628563248546156084e-01,1.284123842860573350e-01,3.215167136523099933e-01,2.528429920409344667e-01,5.838445782379714233e-01,5.468603201653955415e-01,6.621125588692488018e-01,7.120466624714372195e-01,-1.211335880282104344e-01,4.881965228555574798e-01,3.032326636811789045e-01,6.418833025845329665e-01,5.297742401712324245e-01,3.105744447681457188e-01,7.518777517311350245e-01,2.172427026369385117e-01,3.586868435334736316e-01,-1.314772679843456138e-01,3.350585764568854708e-01,3.221639975470433348e-01,5.392146989906884125e-01,4.793538877296756318e-01,5.049955942356054717e-01,4.881583220860304939e-01
-6.475987732592292101e-02,-4.663269705024625927e-02,9.000530206059875749e-02,1.906408158699420541e-01,2.180489401009672312e-01,7.318938467914292145e-01,1.250965733222023368e-01,-1.057305515373295063e-01,1.087059316085895594e-01,9.328292102447822975e-02,1.000000000000000000e+00,-3.324922176606938673e-01,-3.023638371219879994e-01,3.459715925966427852e-01,-2.446701842091053292e-01,-1.197371660077508893e-01,6.228716558310825047e-01,1.714707793242186556e-02,5.691905850143923473e-01,-2.044624803487323228e-01,-8.273997617955833328e-02,-1.707258354481662188e-01,1.950027393952787624e-01,8.433111298513315535e-02,6.075191424381847990e-03,3.093738755484944924e-01,-3.880989405044984325e-02,-1.528622864417442107e-01,4.060776862153452904e-01,1.049607315572865657e-01,3.745060602576544828e-01,4.763897035457844709e-01,4.574449144578787152e-01,-5.393512676878982059e-01,3.888920315122924576e-01,3.361807677273994654e-01,3.574099950032851303e-01,-3.861438528554844152e-01,-2.411392045471676959e-01
5.879888164498863201e-01,5.515326200686867519e-01,4.278322402473610508e-01,1.972475917667119161e-01,1.207192694569262786e-01,-3.200869370180894902e-01,2.421629707020503675e-01,-3.357000165389389390e-01,4.131935171282603014e-01,4.207688639271652264e-01,-3.324922176606938673e-01,1.000000000000000000e+00,6.510206193414302955e-01,9.154685819794604676e-03,7.899479094310488669e-01,6.113217380136575230e-01,-1.048822413718629443e-01,5.388577634545360651e-01,-4.183385806475908852e-01,7.634037810233370580e-01,4.182443699845507235e-01,7.567572179365698037e-01,5.004711628057845196e-01,5.631921594358411942e-02,4.046009271757995962e-01,-2.098031980765678317e-01,2.697907442286879287e-01,4.635355800043624019e-01,-2.395604392390979220e-02,2.603297029117437877e-01,-3.419829127893593834e-01,2.477217088878257423e-01,-6.369985533522478649e-01,5.689851180594301949e-01,-1.327541028565292769e-01,-2.005653167709502971e-01,1.361263847861165499e-01,6.474082237763931769e-01,6.538349128712336311e-01
2.879054152649452303e-01,3.417506998954341624e-01,2.753387491685081456e-01,2.103369740728631976e-01,2.694585058754845469e-02,-3.508308753747197417e-01,4.407098650134349538e-01,-1.848537389508835838e-01,4.472488736356481920e-01,3.056111042575198611e-01,-3.023638371219879994e-01,6.510206193414302955e-01,1.000000000000000000e+00,-6.978378301847219800e-02,7.381821205533504182e-01,4.501749817865008940e-01,7.465006029560526668e-02,4.690931038415048770e-01,-3.137813183345498080e-01,5.999244806691103049e-01,3.476199422155851759e-01,5.971020337926087329e-01,3.162456131738098919e-01,5.937846856982236660e-02,3.078334337186852676e-01,-4.529540126582506931e-01,8.264629151439720212e-02,4.149204966636249048e-01,-4.065722945234862551e-01,6.786251034644497082e-02,-5.236705224022256688e-01,-1.172490255001026535e-02,-6.076613549413902859e-01,3.175977653091689445e-01,-4.142855068703720778e-01,-3.350738949900632924e-01,-2.480958152989674870e-01,5.499871565765266368e-01,6.904532755174064285e-01
2.090569914478834501e-01,4.829159019588236679e-01,5.105309832731443898e-01,8.257064975733979795e-02,6.516590935460020440e-01,3.308744445878250007e-01,1.860745753688328730e-01,-5.214870318515012482e-01,5.362075619303909857e-01,2.285130588236491400e-01,3.459715925966427852e-01,9.154685819794604676e-03,-6.978378301847219800e-02,1.000000000000000000e+00,9.145811006392909337e-02,2.330211320296475541e-01,2.325691449930540888e-01,2.227698762162900747e-01,3.340242040343052166e-01,1.990019946193249678e-01,3.236811101239358002e-01,1.818329386140824788e-01,4.393730162791927851e-01,4.262351700837352930e-01,5.133104744481482573e-01,2.923688942093344290e-01,8.899727932059989591e-03,2.794713802847311190e-01,3.798805777147927221e-01,4.009120270316455237e-01,3.952237094817557805e-01,3.380965737743011346e-01,4.158343184830270434e-01,-4.650672992886749346e-02,2.356790321658007725e-01,2.853199398189080749e-01,3.988213972808875019e-01,-1.248734860131445606e-01,6.690159457525876596e-02
5.624392012807730712e-01,5.816253206270808329e-01,5.089542542109835033e-01,1.775897825908086536e-01,2.591536905445979699e-01,-2.771254824030850994e-01,5.696205833789921291e-01,-4.186616472955834722e-01,6.427066934017783284e-01,5.337791484210584469e-01,-2.446701842091053292e-01,7.899479094310488669e-01,7.381821205533504182e-01,9.145811006392909337e-02,1.000000000000000000e+00,6.926072202273166889e-01,1.061372176293265551e-01,4.912415135539950906e-01,-1.449062578314945782e-01,8.162655236777710543e-01,5.225847600704582874e-01,8.220550768827084021e-01,5.102047486984780944e-01,8.788177387611394165e-02,4.982919633159935136e-01,-2.831158686338904329e-01,2.753201996783701810e-01,6.096159244533798649e-01,-1.256467264629345382e-01,3.639999905271408820e-01,-3.270963569721025421e-01,1.986922139172208335e-01,-5.932768869687260471e-01,4.987378645822267420e-01,-2.458154311476656029e-01,-1.763049417445444189e-01,1.876251304012076238e-02,7.166891584349645017e-01,8.115206438038058412e-01
6.378804932676750417e-01,7.093059193179107602e-01,6.421645304089305117e-01,9.241755918994078167e-02,4.390749428189183456e-01,-1.730483377115742960e-01,4.952247930768887696e-01,-5.778053245354894951e-01,5.489531141670163095e-01,8.628563248546156084e-01,-1.197371660077508893e-01,6.113217380136575230e-01,4.501749817865008940e-01,2.330211320296475541e-01,6.926072202273166889e-01,1.000000000000000000e+00,9.990288618755966549e-03,3.778197750697431800e-01,5.721389184403087580e-02,7.139766759932649753e-01,5.937336196296641999e-01,7.497389775091318764e-01,6.920889605356397301e-01,-2.272493310859251964e-02,5.385926040603504772e-01,1.659554675300883853e-01,5.958072349839848014e-01,6.269266148891908808e-01,2.193221541991498824e-01,7.375553802730123731e-01,6.567741971705669257e-02,2.865993801304695943e-01,-3.134684154185880534e-01,5.368079101251611585e-01,1.873443081678436151e-01,3.629789525281750806e-01,3.968391810763077232e-01,6.365524232453816378e-01,6.182962618813375721e-01
5.782828836748095391e-02,-8.219664955610661572e-02,-7.598665120955341336e-03,3.591482216102538927e-01,1.553639857715911898e-01,4.482103860523624639e-01,3.640183446629067787e-01,3.136443639076075263e-02,3.746141848269210484e-01,1.284123842860573350e-01,6.228716558310825047e-01,-1.048822413718629443e-01,7.465006029560526668e-02,2.325691449930540888e-01,1.061372176293265551e-01,9.990288618755966549e-03,1.000000000000000000e+00,3.483648143803093622e-01,4.229563428516889267e-01,-3.170386018231961377e-03,-7.322093606531954180e-02,-3.809991089653736677e-03,1.313354012776760671e-01,2.977716860098972296e-02,-3.175250841017469156e-02,-8.735747919375221049e-02,-1.206780972072925701e-01,2.170788691278610627e-02,1.658049440108215200e-01,7.681262269333059833e-02,-8.800771155935264989e-02,3.913938832523518041e-01,3.412375709095787080e-02,-4.330518112750524895e-01,-8.346518670932857875e-02,5.518190545969346023e-02,2.390310506809909669e-03,-1.819083953865883729e-01,2.234756230502794871e-02
2.622442671819616433e-01,2.396508017011321490e-01,2.997890921747748960e-01,4.438658865249898167e-01,1.568217350240149466e-01,-1.857981954710424474e-02,3.224705966361492981e-01,-2.215081760143619849e-01,4.468793971593598702e-01,3.215167136523099933e-01,1.714707793242186556e-02,5.388577634545360651e-01,4.690931038415048770e-01,2.227698762162900747e-01,4.912415135539950906e-01,3.778197750697431800e-01,3.483648143803093622e-01,1.000000000000000000e+00,-7.933893551287415913e-02,4.416143612210394198e-01,2.345251888224196835e-01,4.596816861055705861e-01,3.508498788446072769e-01,1.503904773255762030e-02,1.550188664738096356e-01,-2.663336184954431807e-01,8.466816818436587871e-03,2.707219465009184090e-01,6.025048694959116158e-02,1.718277754357737663e-01,-3.166802092506265653e-01,3.854682842401524479e-01,-4.135837557174703583e-01,8.766742368496091564e-02,-1.649976181122587704e-01,-1.264460402684771945e-01,3.189029248649048742e-02,2.464698535046733197e-01,4.316014320330764376e-01
5.034526252450794749e-03,5.876672557162382349e-02,2.068499938596455590e-01,1.096055188803302244e-01,4.485277622368252781e-01,4.560990427642757639e-01,3.459246006299207532e-01,-2.405034954372055611e-01,2.507938438944287141e-01,2.528429920409344667e-01,5.691905850143923473e-01,-4.183385806475908852e-01,-3.137813183345498080e-01,3.340242040343052166e-01,-1.449062578314945782e-01,5.721389184403087580e-02,4.229563428516889267e-01,-7.933893551287415913e-02,1.000000000000000000e+00,-9.008778016875099159e-02,9.733864905716425875e-02,-4.312203455931687412e-02,1.481352696580301442e-01,-5.604164852144941089e-02,9.113679841584960972e-02,4.001919207117148325e-01,1.551929015608981555e-01,7.241935583598795023e-02,3.096361478457156924e-01,3.543381219420908557e-01,4.871454036345219119e-01,1.710880588853136430e-01,4.403142859614816440e-01,-2.560325006284792648e-01,3.130330947180424150e-01,4.912607737572458610e-01,3.038732838604374931e-01,-1.286306498725244829e-01,-1.017588080269688361e-01
5.535775717135277274e-01,6.283233224786917148e-01,6.300673312059542619e-01,2.085418594488592792e-01,3.258654272365227311e-01,-1.546480965499237858e-01,4.895123294753956911e-01,-5.573334398061993156e-01,5.586800626560206595e-01,5.838445782379714233e-01,-2.044624803487323228e-01,7.634037810233370580e-01,5.999244806691103049e-01,1.990019946193249678e-01,8.162655236777710543e-01,7.139766759932649753e-01,-3.170386018231961377e-03,4.416143612210394198e-01,-9.008778016875099159e-02,1.000000000000000000e+00,5.792005087509003447e-01,8.696910425854751381e-01,6.046320380260108429e-01,1.016798156363273170e-01,5.527490684025043732e-01,-1.268508543763101903e-01,3.032463068817093377e-01,5.583966881985326092e-01,4.048260295679080578e-02,4.531763087632194043e-01,-1.344491979756649858e-01,3.040519152435957051e-01,-4.540227023005329321e-01,5.467463387465576474e-01,-3.573662837418647292e-02,-1.463825690457607950e-03,2.334282198053359014e-01,7.077546554835615344e-01,7.564909814411140410e-01
4.114580785298554977e-01,6.213395170149178526e-01,7.522105566391378284e-01,-1.239969349783031360e-01,6.412121222629472150e-01,-1.189616245759788776e-01,4.442171522210176526e-01,-7.447392370259543481e-01,5.367386568455527751e-01,5.468603201653955415e-01,-8.273997617955833328e-02,4.182443699845507235e-01,3.476199422155851759e-01,3.236811101239358002e-01,5.225847600704582874e-01,5.937336196296641999e-01,-7.322093606531954180e-02,2.345251888224196835e-01,9.733864905716425875e-02,5.792005087509003447e-01,1.000000000000000000e+00,6.548493443050955598e-01,5.651361264775384141e-01,2.822611120851188926e-01,6.831524667074336810e-01,1.574537673572294350e-01,4.264689220728942742e-01,7.785734147656071524e-01,-2.059352811681011003e-03,5.477411336766192518e-01,1.548031317145130148e-01,-1.932845612212508862e-02,7.334100876479751618e-02,4.250001309915968917e-01,5.006766659373682732e-02,1.418498661881340828e-01,2.141326524034368461e-01,3.909473490797417683e-01,5.049195369286587631e-01
5.409833159252471768e-01,6.619937586093095350e-01,6.651998908547386291e-01,2.145573980226704036e-01,3.709734415515304473e-01,-1.579869323040911377e-01,5.713362345831802802e-01,-5.891423272882930773e-01,5.711070417739454452e-01,6.621125588692488018e-01,-1.707258354481662188e-01,7.567572179365698037e-01,5.971020337926087329e-01,1.818329386140824788e-01,8.220550768827084021e-01,7.497389775091318764e-01,-3.809991089653736677e-03,4.596816861055705861e-01,-4.312203455931687412e-02,8.696910425854751381e-01,6.548493443050955598e-01,1.000000000000000000e+00,6.525453929159054089e-01,5.135991817416789285e-02,5.829066115725720643e-01,-6.086074885888434483e-02,4.108209639452014561e-01,6.158998494940448598e-01,2.133597070684508518e-02,5.076331598057342021e-01,-5.103974202622577061e-02,2.811345833394806037e-01,-4.316315905009781573e-01,5.472226470287417932e-01,-1.039487734817494402e-02,6.630426555570799463e-02,2.449350691005473257e-01,7.283163236267587992e-01,7.862958405314015575e-01
4.972525399044285810e-01,6.347629434518803349e-01,7.058537136764048148e-01,2.047086215808077148e-01,5.171743071605643394e-01,1.567481395293916779e-01,3.746980779360339908e-01,-6.702255296610243329e-01,5.028682345555605115e-01,7.120466624714372195e-01,1.950027393952787624e-01,5.004711628057845196e-01,3.162456131738098919e-01,4.393730162791927851e-01,5.102047486984780944e-01,6.920889605356397301e-01,1.313354012776760671e-01,3.508498788446072769e-01,1.481352696580301442e-01,6.046320380260108429e-01,5.651361264775384141e-01,6.525453929159054089e-01,1.000000000000000000e+00,1.363853587346716134e-01,6.717822192418876348e-01,3.168406457122341369e-01,4.432976377808783841e-01,4.535802078965071593e-01,3.382409225709682721e-01,6.178009195879489157e-01,1.788856482130895265e-01,4.329247810453332179e-01,-1.837082463680057842e-02,2.839530340202830461e-01,3.499043553423368258e-01,4.050057581279432051e-01,5.134716651715236502e-01,3.794734026206928457e-01,4.548299494426369383e-01
9.413217565806998588e-02,2.551097354876042944e-01,1.663276841129192052e-01,-1.548422225109083970e-02,2.485950658778306455e-01,-5.102485177726403393e-02,-2.347531652831026661e-02,-1.806997348190562402e-01,2.995958615777288836e-01,-1.211335880282104344e-01,8.433111298513315535e-02,5.631921594358411942e-02,5.937846856982236660e-02,4.262351700837352930e-01,8.788177387611394165e-02,-2.272493310859251964e-02,2.977716860098972296e-02,1.503904773255762030e-02,-5.604164852144941089e-02,1.016798156363273170e-01,2.822611120851188926e-01,5.135991817416789285e-02,1.363853587346716134e-01,1.000000000000000000e+00,3.866668260147056446e-01,6.822064601963096419e-04,-1.066352408838167898e-01,2.240854636732626526e-01,-1.163632592982167119e-01,-1.248917990472714172e-02,5.835793096031144378e-02,-8.717745265818559186e-02,2.014184417476057587e-01,-7.046626232542563262e-02,-8.906238409127771594e-02,-3.113027750935979943e-01,-4.858539636752783053e-02,-8.275901695320135587e-02,1.227506857414881747e-01
4.716844615620126024e-01,6.957529289931330130e-01,6.752907282467868200e-01,-5.939361364696548601e-02,6.501016019005962931e-01,-2.260732153093129426e-03,3.967923807642528278e-01,-6.606276851512634662e-01,6.210770173494287727e-01,4.881965228555574798e-01,6.075191424381847990e-03,4.046009271757995962e-01,3.078334337186852676e-01,5.133104744481482573e-01,4.982919633159935136e-01,5.385926040603504772e-01,-3.175250841017469156e-02,1.550188664738096356e-01,9.113679841584960972e-02,5.527490684025043732e-01,6.831524667074336810e-01,5.829066115725720643e-01,6.717822192418876348e-01,3.866668260147056446e-01,1.000000000000000000e+00,2.300194382872553511e-01,3.619650011079488805e-01,6.714745720688922725e-01,8.393122165395776324e-02,5.212132452942537242e-01,2.271814100207457665e-01,7.054629391320767218e-02,1.097312747349556278e-01,3.388145019467484476e-01,9.549887468159801163e-02,1.539379929033602434e-01,3.130150975247091294e-01,2.980922136940639122e-01,4.544934544459798276e-01
2.474691273966523331e-01,2.455448501532558336e-01,2.563300777695411425e-01,-1.347569109335027826e-01,3.632135593080836333e-01,2.910744678302950028e-01,-1.790702600350503604e-01,-2.892350167010888096e-01,-3.862683514500894061e-02,3.032326636811789045e-01,3.093738755484944924e-01,-2.098031980765678317e-01,-4.529540126582506931e-01,2.923688942093344290e-01,-2.831158686338904329e-01,1.659554675300883853e-01,-8.735747919375221049e-02,-2.663336184954431807e-01,4.001919207117148325e-01,-1.268508543763101903e-01,1.574537673572294350e-01,-6.086074885888434483e-02,3.168406457122341369e-01,6.822064601963096419e-04,2.300194382872553511e-01,1.000000000000000000e+00,5.721021934478377480e-01,2.507397009342442543e-02,5.684172349693478177e-01,3.643478583073865851e-01,6.392594635515226331e-01,1.469925944115415550e-01,5.220552658899091369e-01,-3.472804323809552864e-03,6.958586312993396694e-01,6.293386247161488756e-01,5.485456374366324273e-01,-1.170198375190812656e-01,-3.212739492982076839e-01
4.338692208262803773e-01,4.547371708482423336e-01,3.769976637379532369e-01,-3.348857767795150597e-02,2.650274471286453437e-01,-9.898237022739518609e-02,1.949243351134881397e-01,-3.407736376601068207e-01,1.692739203097503864e-01,6.418833025845329665e-01,-3.880989405044984325e-02,2.697907442286879287e-01,8.264629151439720212e-02,8.899727932059989591e-03,2.753201996783701810e-01,5.958072349839848014e-01,-1.206780972072925701e-01,8.466816818436587871e-03,1.551929015608981555e-01,3.032463068817093377e-01,4.264689220728942742e-01,4.108209639452014561e-01,4.432976377808783841e-01,-1.066352408838167898e-01,3.619650011079488805e-01,5.721021934478377480e-01,1.000000000000000000e+00,3.531629236359333790e-01,3.121941228405640256e-01,4.855705202478937665e-01,3.183746544246483512e-01,1.042649498675355668e-01,-4.028653997897090056e-02,3.160216039516269282e-01,3.966212692423095043e-01,4.279489253567587692e-01,3.493582099385760253e-01,3.636230001589062510e-01,1.920709113899992104e-01
5.256928024190327120e-01,6.472803224223597773e-01,6.028273232285519256e-01,-1.537684726994028583e-01,6.332470189745303957e-01,-2.420434652014878119e-01,5.554513525942358365e-01,-5.739367296590218714e-01,6.438695847002486872e-01,5.297742401712324245e-01,-1.528622864417442107e-01,4.635355800043624019e-01,4.149204966636249048e-01,2.794713802847311190e-01,6.096159244533798649e-01,6.269266148891908808e-01,2.170788691278610627e-02,2.707219465009184090e-01,7.241935583598795023e-02,5.583966881985326092e-01,7.785734147656071524e-01,6.158998494940448598e-01,4.535802078965071593e-01,2.240854636732626526e-01,6.714745720688922725e-01,2.507397009342442543e-02,3.531629236359333790e-01,1.000000000000000000e+00,-6.522905364140194062e-02,5.638710602063242705e-01,5.217190499844813478e-02,-6.126801529874940921e-02,-6.981989164511848145e-02,4.907141183908365067e-01,-1.297472020374514090e-01,3.868974122368429996e-02,1.436853151541803708e-01,4.138754162690835292e-01,5.508251155181368430e-01
3.302817028033299129e-01,2.587192537316046481e-01,2.454003749317260896e-01,6.151692073856553783e-02,2.275486883794105020e-01,5.663663353571121162e-01,-1.102090532491176028e-01,-2.417018628864532337e-01,-1.566448166158474278e-02,3.105744447681457188e-01,4.060776862153452904e-01,-2.395604392390979220e-02,-4.065722945234862551e-01,3.798805777147927221e-01,-1.256467264629345382e-01,2.193221541991498824e-01,1.658049440108215200e-01,6.025048694959116158e-02,3.096361478457156924e-01,4.048260295679080578e-02,-2.059352811681011003e-03,2.133597070684508518e-02,3.382409225709682721e-01,-1.163632592982167119e-01,8.393122165395776324e-02,5.684172349693478177e-01,3.121941228405640256e-01,-6.522905364140194062e-02,1.000000000000000000e+00,3.634301165134097289e-01,4.656560402859000192e-01,6.671151583818445419e-01,2.888928019611667342e-01,-3.932335675405719544e-02,6.983831272830124393e-01,4.911661620103055514e-01,7.284641203688427824e-01,-9.892736063618115527e-02,-2.649333737930360533e-01
5.350777935450504730e-01,6.473105869507206345e-01,5.860356372304197370e-01,-6.832202377329853193e-02,6.638253821490283091e-01,7.448824280602690806e-02,4.191177030675810045e-01,-5.780340404195984938e-01,4.971271347898672532e-01,7.518777517311350245e-01,1.049607315572865657e-01,2.603297029117437877e-01,6.786251034644497082e-02,4.009120270316455237e-01,3.639999905271408820e-01,7.375553802730123731e-01,7.681262269333059833e-02,1.718277754357737663e-01,3.543381219420908557e-01,4.531763087632194043e-01,5.477411336766192518e-01,5.076331598057342021e-01,6.178009195879489157e-01,-1.248917990472714172e-02,5.212132452942537242e-01,3.643478583073865851e-01,4.855705202478937665e-01,5.638710602063242705e-01,3.634301165134097289e-01,1.000000000000000000e+00,4.007464002708315820e-01,2.254246528580940434e-01,6.609259023090414964e-02,4.598656676138226373e-01,3.942969249779332275e-01,6.057962863281459720e-01,5.574405997730055295e-01,3.477232913926361912e-01,3.634050392365998361e-01
-4.396753644658428495e-02,2.559436277031090223e-01,2.707551773020322461e-01,-1.850982650180912070e-01,3.975576592348216143e-01,4.150359323518268972e-01,-7.889019983888509446e-03,-3.225096145119499824e-01,-2.075327443866205324e-02,2.172427026369385117e-01,3.745060602576544828e-01,-3.419829127893593834e-01,-5.236705224022256688e-01,3.952237094817557805e-01,-3.270963569721025421e-01,6.567741971705669257e-02,-8.800771155935264989e-02,-3.166802092506265653e-01,4.871454036345219119e-01,-1.344491979756649858e-01,1.548031317145130148e-01,-5.103974202622577061e-02,1.788856482130895265e-01,5.835793096031144378e-02,2.271814100207457665e-01,6.392594635515226331e-01,3.183746544246483512e-01,5.217190499844813478e-02,4.656560402859000192e-01,4.007464002708315820e-01,1.000000000000000000e+00,1.961312311946669940e-01,6.270440395518697141e-01,-3.056233792767333243e-02,6.345036804212732529e-01,6.120297494935552640e-01,5.133860101214847704e-01,-2.027087388573816096e-01,-2.403057173175485450e-01
2.694618760166056504e-01,2.822934756866414263e-01,2.690614204520649921e-01,3.536305972164168754e-01,4.549394874482498574e-02,5.534535399428579527e-01,1.730884151112751235e-01,-2.061213983172144326e-01,1.710721300825435165e-01,3.586868435334736316e-01,4.763897035457844709e-01,2.477217088878257423e-01,-1.172490255001026535e-02,3.380965737743011346e-01,1.986922139172208335e-01,2.865993801304695943e-01,3.913938832523518041e-01,3.854682842401524479e-01,1.710880588853136430e-01,3.040519152435957051e-01,-1.932845612212508862e-02,2.811345833394806037e-01,4.329247810453332179e-01,-8.717745265818559186e-02,7.054629391320767218e-02,1.469925944115415550e-01,1.042649498675355668e-01,-6.126801529874940921e-02,6.671151583818445419e-01,2.254246528580940434e-01,1.961312311946669940e-01,1.000000000000000000e+00,-4.688457654974167305e-02,-1.417258969251414813e-01,4.154551704824969161e-01,2.737586974195013734e-01,5.402858908541567917e-01,1.010495336055553250e-01,1.176707306915398821e-01
-3.021682463038905531e-01,-8.597267068666943068e-02,1.533124715036679186e-01,-2.926074885761356104e-01,3.692907070560134675e-01,4.760294381579224798e-01,-2.046827935338375037e-01,-2.512987325867206967e-01,-1.136555442743619887e-01,-1.314772679843456138e-01,4.574449144578787152e-01,-6.369985533522478649e-01,-6.076613549413902859e-01,4.158343184830270434e-01,-5.932768869687260471e-01,-3.134684154185880534e-01,3.412375709095787080e-02,-4.135837557174703583e-01,4.403142859614816440e-01,-4.540227023005329321e-01,7.334100876479751618e-02,-4.316315905009781573e-01,-1.837082463680057842e-02,2.014184417476057587e-01,1.097312747349556278e-01,5.220552658899091369e-01,-4.028653997897090056e-02,-6.981989164511848145e-02,2.888928019611667342e-01,6.609259023090414964e-02,6.270440395518697141e-01,-4.688457654974167305e-02,1.000000000000000000e+00,-4.010194118116060524e-01,4.295514779929876514e-01,3.952629077566673366e-01,2.572706853683623951e-01,-5.916694869818849289e-01,-5.452829493813193817e-01
5.055692720307639609e-01,5.499005498596253316e-01,2.944065555675707269e-01,-1.888380915271746230e-01,2.623976692770442209e-01,-4.958173682717516573e-01,1.616143163478085398e-01,-2.721462382785472256e-01,2.550766510093259720e-01,3.350585764568854708e-01,-5.393512676878982059e-01,5.689851180594301949e-01,3.175977653091689445e-01,-4.650672992886749346e-02,4.987378645822267420e-01,5.368079101251611585e-01,-4.330518112750524895e-01,8.766742368496091564e-02,-2.560325006284792648e-01,5.467463387465576474e-01,4.250001309915968917e-01,5.472226470287417932e-01,2.839530340202830461e-01,-7.046626232542563262e-02,3.388145019467484476e-01,-3.472804323809552864e-03,3.160216039516269282e-01,4.907141183908365067e-01,-3.932335675405719544e-02,4.598656676138226373e-01,-3.056233792767333243e-02,-1.417258969251414813e-01,-4.010194118116060524e-01,1.000000000000000000e+00,-4.327003245659290925e-02,1.919751721367633085e-02,1.592704049713777603e-01,5.469240625891905738e-01,4.936417647138151010e-01
1.683719551477284304e-01,2.320512818159118362e-01,2.757677473841565474e-01,-5.089895275827629323e-02,1.942585587019613202e-01,4.876761649575948598e-01,-1.772709645244787691e-01,-2.980742859201175876e-01,-1.772467359198265369e-01,3.221639975470433348e-01,3.888920315122924576e-01,-1.327541028565292769e-01,-4.142855068703720778e-01,2.356790321658007725e-01,-2.458154311476656029e-01,1.873443081678436151e-01,-8.346518670932857875e-02,-1.649976181122587704e-01,3.130330947180424150e-01,-3.573662837418647292e-02,5.006766659373682732e-02,-1.039487734817494402e-02,3.499043553423368258e-01,-8.906238409127771594e-02,9.549887468159801163e-02,6.958586312993396694e-01,3.966212692423095043e-01,-1.297472020374514090e-01,6.983831272830124393e-01,3.942969249779332275e-01,6.345036804212732529e-01,4.154551704824969161e-01,4.295514779929876514e-01,-4.327003245659290925e-02,1.000000000000000000e+00,6.332103442929766235e-01,7.442805085832335799e-01,-6.236402217739127340e-02,-2.772881647454042975e-01
1.239449992108167670e-01,2.138319972074657072e-01,3.179748366210654043e-01,-7.991856083355396156e-02,3.889400782577682181e-01,3.315577798035892476e-01,1.029580113410089037e-01,-3.529797851149450438e-01,2.599374209626031593e-02,5.392146989906884125e-01,3.361807677273994654e-01,-2.005653167709502971e-01,-3.350738949900632924e-01,2.853199398189080749e-01,-1.763049417445444189e-01,3.629789525281750806e-01,5.518190545969346023e-02,-1.264460402684771945e-01,4.912607737572458610e-01,-1.463825690457607950e-03,1.418498661881340828e-01,6.630426555570799463e-02,4.050057581279432051e-01,-3.113027750935979943e-01,1.539379929033602434e-01,6.293386247161488756e-01,4.279489253567587692e-01,3.868974122368429996e-02,4.911661620103055514e-01,6.057962863281459720e-01,6.120297494935552640e-01,2.737586974195013734e-01,3.952629077566673366e-01,1.919751721367633085e-02,6.332103442929766235e-01,1.000000000000000000e+00,5.745851782350342996e-01,-3.697863584657012231e-02,-1.611555009296398999e-01
4.146705872208888977e-01,4.725134874052853706e-01,4.249936188376152169e-01,3.662767076479629853e-03,3.750016121955037085e-01,4.225408717343350218e-01,4.131124881308412961e-02,-4.293621868867009139e-01,1.075821337052860344e-01,4.793538877296756318e-01,3.574099950032851303e-01,1.361263847861165499e-01,-2.480958152989674870e-01,3.988213972808875019e-01,1.876251304012076238e-02,3.968391810763077232e-01,2.390310506809909669e-03,3.189029248649048742e-02,3.038732838604374931e-01,2.334282198053359014e-01,2.141326524034368461e-01,2.449350691005473257e-01,5.134716651715236502e-01,-4.858539636752783053e-02,3.130150975247091294e-01,5.485456374366324273e-01,3.493582099385760253e-01,1.436853151541803708e-01,7.284641203688427824e-01,5.574405997730055295e-01,5.133860101214847704e-01,5.402858908541567917e-01,2.572706853683623951e-01,1.592704049713777603e-01,7.442805085832335799e-01,5.745851782350342996e-01,1.000000000000000000e+00,4.823640592406595873e-02,-5.099893090422420727e-02
5.095875502031740334e-01,4.527306490905967928e-01,3.795664126690234674e-01,2.006926339486301281e-01,6.627658276213346800e-02,-3.341294908496383886e-01,3.939909841598179252e-01,-3.023950286442812496e-01,3.519117446777741409e-01,5.049955942356054717e-01,-3.861438528554844152e-01,6.474082237763931769e-01,5.499871565765266368e-01,-1.248734860131445606e-01,7.166891584349645017e-01,6.365524232453816378e-01,-1.819083953865883729e-01,2.464698535046733197e-01,-1.286306498725244829e-01,7.077546554835615344e-01,3.909473490797417683e-01,7.283163236267587992e-01,3.794734026206928457e-01,-8.275901695320135587e-02,2.980922136940639122e-01,-1.170198375190812656e-01,3.636230001589062510e-01,4.138754162690835292e-01,-9.892736063618115527e-02,3.477232913926361912e-01,-2.027087388573816096e-01,1.010495336055553250e-01,-5.916694869818849289e-01,5.469240625891905738e-01,-6.236402217739127340e-02,-3.697863584657012231e-02,4.823640592406595873e-02,1.000000000000000000e+00,7.356388221287054607e-01
4.449984451282036346e-01,5.614618306837992900e-01,4.304189837102284644e-01,2.276440797720893083e-01,2.214725053559269408e-01,-3.071562528982495488e-01,6.154731685694090348e-01,-3.535433600808978172e-01,6.075920479723798673e-01,4.881583220860304939e-01,-2.411392045471676959e-01,6.538349128712336311e-01,6.904532755174064285e-01,6.690159457525876596e-02,8.115206438038058412e-01,6.182962618813375721e-01,2.234756230502794871e-02,4.316014320330764376e-01,-1.017588080269688361e-01,7.564909814411140410e-01,5.049195369286587631e-01,7.862958405314015575e-01,4.548299494426369383e-01,1.227506857414881747e-01,4.544934544459798276e-01,-3.212739492982076839e-01,1.920709113899992104e-01,5.508251155181368430e-01,-2.649333737930360533e-01,3.634050392365998361e-01,-2.403057173175485450e-01,1.176707306915398821e-01,-5.452829493813193817e-01,4.936417647138151010e-01,-2.772881647454042975e-01,-1.611555009296398999e-01,-5.099893090422420727e-02,7.356388221287054607e-01,1.000000000000000000e+00
