1.000000000000000000e+00,6.939060018952007969e-01,6.193183186642896576e-01,-4.378272807686592327e-02,5.871164104426062069e-01,-2.819105803644468833e-01,-4.004683312998146283e-01,-2.137759747829345025e-01,6.768744059675974034e-01,5.739989725489629269e-01,5.223450557321762666e-02,4.109099082376587164e-01,3.640015481198487224e-02,5.253067788399551352e-01,7.304666767488917634e-01,7.494671937628821778e-01,5.673838184777795224e-01,6.134085119128023234e-01,5.891620953387098902e-01,-1.401525028504771453e-01,2.767852046908567676e-01,-7.092494070346234969e-02,6.019775523394954586e-01,2.587089626062322179e-01,5.857276469875141167e-01,7.064010400444082904e-01,4.040640453802279430e-01,6.877952797686196496e-01,-6.593876900704716791e-03,2.213556552133116861e-01,6.646647864087457114e-02,2.523110683849039138e-01,1.332153854681646619e-02,7.634560131756781276e-01,-3.641417732247193007e-01,5.245834626670461409e-01,-1.599314435008805380e-01,8.082504578499790648e-01,5.404478990688396101e-01
6.939060018952007969e-01,1.000000000000000000e+00,5.974748599990699072e-01,1.147700445875888403e-02,6.840637400624210995e-01,4.631983645808918776e-02,-2.079155219852716618e-01,-4.984585827968986971e-01,7.347400207546267437e-01,7.160504273415150278e-01,2.678213725338414730e-01,2.561751136914058313e-01,-1.399283962049814589e-01,6.033856353041792131e-01,4.942749385741944113e-01,7.481673642624160347e-01,3.739510621508417287e-01,4.502109062139680318e-01,5.757556084433691490e-01,-7.392289576060795397e-02,2.296812998404705874e-01,6.289501012545201108e-02,6.518955333049513134e-01,4.556028930111689079e-01,4.635059386123571712e-01,6.059891167238921073e-01,5.489736008310105442e-01,5.391215916098764938e-01,1.219389012952310086e-01,3.849998127602436981e-01,2.879649281684324991e-01,5.517283171540284803e-01,-5.859405500209610707e-02,6.577300283956382110e-01,-6.320820390269270284e-02,5.447446339941351967e-01,1.170383100449206709e-01,6.365809557115194028e-01,5.799662238193147301e-01
6.193183186642896576e-01,5.974748599990699072e-01,1.000000000000000000e+00,7.215512293913242149e-03,5.772694279938336281e-01,-1.334387569599145285e-01,-2.765855519184782785e-01,-5.362845246717055092e-01,6.736671938048298669e-01,6.483378037553869655e-01,-7.641609840676639141e-03,4.210236770626549774e-01,-4.440963539653429715e-01,6.544439924173811596e-01,5.355010338096437561e-01,6.730933466312339908e-01,3.709586459754061760e-01,5.383531336994507033e-01,7.015149730138758866e-01,-3.580024190996630717e-01,2.892548107709094762e-01,-2.013239244151588114e-01,4.681087062336328763e-01,4.508753892303689614e-01,5.185229789585340532e-01,7.431505687522539372e-01,5.236681255695214698e-01,6.965976294776818900e-01,1.061281924665417042e-01,4.365635141731017410e-01,6.166140102897361697e-01,3.725287128481322152e-01,1.570713804046720563e-01,7.842113477764900420e-01,-1.038524899724750372e-01,6.322574712277568842e-01,1.566457188381161214e-01,4.493242756331075616e-01,3.673392681960299111e-01
-4.378272807686592327e-02,1.147700445875888403e-02,7.215512293913242149e-03,1.000000000000000000e+00,4.106970566669430195e-02,3.507748126867390459e-01,4.631929127022548220e-01,-3.113057264946215152e-01,-2.004103994333696417e-02,-1.348817116675666769e-02,-1.066816699798605605e-01,-7.910292241782601597e-02,-1.389805842860544760e-01,-1.091978737394474347e-02,-4.291584639060920525e-02,-8.197080448047175394e-02,-2.012140696731427592e-01,2.859853037625335048e-01,2.117151228563895482e-01,-1.566020264162679976e-01,2.030413860017345751e-01,3.546716878180254384e-01,8.023402211085793601e-02,1.116528937911632768e-01,-2.667923081793392437e-01,-7.687488072709647291e-02,6.450909542828660304e-02,9.361802195039434227e-02,4.777668147530493570e-02,1.812481469421864111e-01,8.026977712215373206e-02,3.545616250921424517e-01,-1.167810898593777680e-01,-2.169069779418305449e-02,1.664456439216325523e-01,-4.599745952135336768e-02,3.697958769034628834e-01,-1.286014205895397167e-01,-1.104774328920634513e-02
5.871164104426062069e-01,6.840637400624210995e-01,5.772694279938336281e-01,4.106970566669430195e-02,1.000000000000000000e+00,4.431575996249545457e-02,-1.114173082603207993e-01,-5.025381442867603576e-01,6.925341880976795261e-01,6.634918606423467757e-01,2.959838996310246162e-01,6.461883936289641861e-02,-2.406147987765976659e-01,7.331505278003371817e-01,2.530998490086470154e-01,6.710187657445051412e-01,3.953972425772497301e-01,2.644980001292689953e-01,5.203604971496004206e-01,-2.271479937836198490e-02,-4.183516736576004674e-02,-1.410468405915064893e-01,5.287449510539693476e-01,5.334518311358283915e-01,5.521037871734358893e-01,6.199269240091467292e-01,3.347205998295789686e-01,3.650552723145523148e-01,2.041599530477946345e-01,4.255848459211537538e-01,2.965291340696737943e-01,4.102918055133047415e-01,-2.028078421809826337e-01,5.730565553301272264e-01,5.596776346611934821e-02,5.728135495829923540e-01,1.355887645329882374e-01,5.250042063259040548e-01,4.644632834693236401e-01
-2.819105803644468833e-01,4.631983645808918776e-02,-1.334387569599145285e-01,3.507748126867390459e-01,4.431575996249545457e-02,1.000000000000000000e+00,6.654796923311451229e-01,-5.394967305800519863e-01,-2.271772070339990110e-02,-4.331127855498960455e-02,8.676853944166136590e-02,-5.577902557769730540e-01,-3.552025151966538563e-01,2.016436768266015311e-02,-4.364609200128591882e-01,-2.658090495349195725e-01,-5.262161741157799222e-01,-1.381271692210336022e-01,-1.304945763124297220e-01,-1.799576180179999693e-02,1.740340376897535346e-01,3.606277238539126739e-01,-6.394649173268054931e-02,4.689503499661084596e-01,-3.469182716797961641e-01,-1.422642925475339770e-01,1.223287845147547764e-02,-1.289564922804684877e-01,5.549045326404619116e-01,3.522623964160757071e-01,2.682960514739659574e-01,4.771957534041732507e-01,-4.991549118713289185e-02,-3.888216080401364350e-01,7.086527185236864979e-01,-6.258958422320169690e-02,7.158285584450492234e-01,-3.233701621140186444e-01,-3.268618215647514647e-02
-4.004683312998146283e-01,-2.079155219852716618e-01,-2.765855519184782785e-01,4.631929127022548220e-01,-1.114173082603207993e-01,6.654796923311451229e-01,1.000000000000000000e+00,-2.600788463776915194e-01,-3.220010552401312842e-01,-2.275315647914824269e-01,-1.175871948517518834e-01,-7.026337947951933893e-01,-3.550322619146120129e-01,-1.690314675542680667e-01,-4.281232131222918458e-01,-4.168532139999086561e-01,-5.590760863770218858e-01,-1.919648270754489294e-01,-1.708519153972204441e-01,-6.173434279062336993e-02,-6.030878709683798466e-02,2.556896220074718618e-01,-3.253009485487672325e-01,2.024204777881888073e-01,-4.326407653708586043e-01,-2.671140582072464298e-01,-3.459895806718186750e-01,-2.821152430129112987e-01,4.081188676127681658e-01,2.148684459011011294e-01,7.206060958667610816e-02,2.385096288322033076e-01,-2.033218466123822565e-01,-4.895966118754331853e-01,6.205235697412563312e-01,-1.131987638284680520e-01,5.656037416547994301e-01,-4.178608556632643634e-01,-4.125914968113218451e-01
-2.137759747829345025e-01,-4.984585827968986971e-01,-5.362845246717055092e-01,-3.113057264946215152e-01,-5.025381442867603576e-01,-5.394967305800519863e-01,-2.600788463776915194e-01,1.000000000000000000e+00,-4.256802776652741649e-01,-4.550734546149720061e-01,-1.572061171922969347e-01,1.171972540185304140e-01,5.513703868540735797e-01,-4.829871228423145424e-01,-4.162508044701590526e-02,-2.729848238423129847e-01,2.691632175545074016e-02,-2.606202875478109138e-01,-4.289670352815999066e-01,3.970375107553614225e-02,-3.453714161433572016e-01,-2.572099013364432252e-01,-3.750791517086285443e-01,-6.103213573760319921e-01,-1.393445502465723643e-02,-3.276845826697931119e-01,-3.833324724025899966e-01,-4.397760148300876581e-01,-2.447348321686329820e-01,-4.315157139385997209e-01,-6.646066137285149278e-01,-6.843794528846895986e-01,8.488037023643631163e-02,-3.233710093610457359e-01,-3.095157338420549409e-01,-3.587561313505124305e-01,-6.242841363052902270e-01,-8.042834207703083993e-02,-2.800240901076503919e-01
6.768744059675974034e-01,7.347400207546267437e-01,6.736671938048298669e-01,-2.004103994333696417e-02,6.925341880976795261e-01,-2.271772070339990110e-02,-3.220010552401312842e-01,-4.256802776652741649e-01,1.000000000000000000e+00,6.456904371722576030e-01,2.396064050681808721e-01,3.681054585482923525e-01,-1.473050465882240478e-01,6.767859812418758336e-01,4.240422806476599749e-01,7.378607342892220533e-01,3.326136769398215232e-01,4.175743827117200935e-01,5.180206762355777927e-01,-2.526952449526496669e-01,1.671372732256792559e-01,-2.116663608916733719e-01,5.553915036900963775e-01,5.147206274040957430e-01,5.368002103639175626e-01,7.577611428031176821e-01,6.275777867270202481e-01,4.892763447418814193e-01,2.860233872958956036e-01,4.937927257189185792e-01,3.599281887878419961e-01,4.204801751223090078e-01,1.978354657572701791e-01,6.559789646229167159e-01,4.777014076378906932e-02,6.124111965233306476e-01,7.070900360112435112e-02,6.079944359954847499e-01,6.612183860086638942e-01
5.739989725489629269e-01,7.160504273415150278e-01,6.483378037553869655e-01,-1.348817116675666769e-02,6.634918606423467757e-01,-4.331127855498960455e-02,-2.275315647914824269e-01,-4.550734546149720061e-01,6.456904371722576030e-01,1.000000000000000000e+00,1.257180185453663779e-01,2.405511220602417344e-01,-2.180759627371063880e-01,6.360103300534758475e-01,4.237762515631283700e-01,7.889162487065878304e-01,2.876618216753610846e-01,4.004799786458290156e-01,6.050603622047839858e-01,-1.920581848481561216e-01,1.213003178983179248e-01,-9.308570230861665240e-02,4.843973807076344951e-01,4.102788681692097761e-01,5.515787218121064317e-01,6.409845251992276616e-01,3.859130893516212191e-01,4.987668049466043030e-01,1.299113400741216118e-01,4.509128767897793155e-01,3.463573834486512459e-01,3.239933797234081925e-01,-8.598506092631146014e-02,6.410385288923393654e-01,-4.041382279208172168e-02,6.154230880956704786e-01,1.157626585709289890e-01,4.676374190958332844e-01,3.718377421826091211e-01
5.223450557321762666e-02,2.678213725338414730e-01,-7.641609840676639141e-03,-1.066816699798605605e-01,2.959838996310246162e-01,8.676853944166136590e-02,-1.175871948517518834e-01,-1.572061171922969347e-01,2.396064050681808721e-01,1.257180185453663779e-01,1.000000000000000000e+00,-6.596575673802580753e-02,1.316407162728934488e-01,2.699503787329831095e-01,-2.535403174344182942e-01,9.328224226204620551e-02,3.770898071225717296e-01,-3.730159363104261216e-01,-1.485344884477697580e-01,4.085212021341836364e-01,-2.769738291555660648e-01,-3.656559473769874224e-02,3.491645676223675276e-01,2.979357501969104871e-01,2.030298762114765843e-01,1.831836034836915178e-02,1.589904612007187468e-01,-1.307994200637564719e-01,5.843757197198216208e-02,-5.706705099699796446e-02,3.661197474978195032e-02,1.024347009530376523e-01,-1.659624495920368481e-01,1.495064588417761506e-02,3.284101952080068637e-02,5.874181118825080872e-02,-1.914024596002692757e-01,2.434871855782296535e-01,4.111513767047976220e-01
4.109099082376587164e-01,2.561751136914058313e-01,4.210236770626549774e-01,-7.910292241782601597e-02,6.461883936289641861e-02,-5.577902557769730540e-01,-7.026337947951933893e-01,1.171972540185304140e-01,3.681054585482923525e-01,2.405511220602417344e-01,-6.596575673802580753e-02,1.000000000000000000e+00,2.053654068566407032e-01,1.791094182098772747e-01,5.478506581231110673e-01,4.484820148255653227e-01,4.472288826545304241e-01,4.924913907789540413e-01,4.117682791338518888e-01,-2.624948316295329653e-01,2.930557083051399392e-01,-1.430438911451297201e-01,4.086373408848391064e-01,-1.159244694126779773e-01,3.082673270084400063e-01,3.373425380749346392e-01,6.036647290143614120e-01,4.699953300529028377e-01,-3.836599039568396319e-01,-5.373883073281576772e-02,1.010135248773330469e-01,3.391573894595755617e-02,3.710374949750873674e-01,6.008059644803052102e-01,-5.635509886194999263e-01,1.182278984796409776e-01,-3.395022872917097811e-01,3.282342930365880762e-01,4.058088375921276025e-01
3.640015481198487224e-02,-1.399283962049814589e-01,-4.440963539653429715e-01,-1.389805842860544760e-01,-2.406147987765976659e-01,-3.552025151966538563e-01,-3.550322619146120129e-01,5.513703868540735797e-01,-1.473050465882240478e-01,-2.180759627371063880e-01,1.316407162728934488e-01,2.053654068566407032e-01,1.000000000000000000e+00,-3.431083001598417836e-01,7.079455658142271013e-02,-6.407370097451751956e-02,1.875481816064196450e-01,-6.447533307699580829e-02,-3.275864165579209231e-01,3.247122505510467994e-01,-2.229060398048149372e-02,7.186627864751470030e-02,1.164256277097052740e-02,-4.576021757529780132e-01,7.473639888102646782e-03,-2.612582315370398089e-01,-1.385915897077821812e-01,-1.569276211344523275e-01,-3.572794857888239584e-01,-4.531878788843283212e-01,-7.278454964700894481e-01,-4.283823019689497746e-01,5.339160425630180840e-02,-1.422521282855518376e-01,-4.319205859368228650e-01,-2.577350911441116388e-01,-5.944892342844545485e-01,1.942315295826922972e-01,1.907947208815823636e-01
5.253067788399551352e-01,6.033856353041792131e-01,6.544439924173811596e-01,-1.091978737394474347e-02,7.331505278003371817e-01,2.016436768266015311e-02,-1.690314675542680667e-01,-4.829871228423145424e-01,6.767859812418758336e-01,6.360103300534758475e-01,2.699503787329831095e-01,1.791094182098772747e-01,-3.431083001598417836e-01,1.000000000000000000e+00,2.353469133424386239e-01,6.577928476591250462e-01,3.088575371857292806e-01,2.148326066068850793e-01,4.784663240035701426e-01,-1.838855718163568964e-01,-4.772117134827016244e-02,-2.825820109365050348e-01,4.888201625499962732e-01,6.553626267707495234e-01,6.117104589855573149e-01,6.909724511929843382e-01,4.773035212314565290e-01,4.307749153346295268e-01,2.883176932119538294e-01,4.710062849029009735e-01,4.465998491577102270e-01,3.689973090412900225e-01,-6.074567724102091643e-02,5.432809767219727304e-01,1.012819595384637228e-01,5.837315635302201544e-01,2.150525658604213186e-01,4.286251779824331587e-01,4.259534898541550985e-01
7.304666767488917634e-01,4.942749385741944113e-01,5.355010338096437561e-01,-4.291584639060920525e-02,2.530998490086470154e-01,-4.364609200128591882e-01,-4.281232131222918458e-01,-4.162508044701590526e-02,4.240422806476599749e-01,4.237762515631283700e-01,-2.535403174344182942e-01,5.478506581231110673e-01,7.079455658142271013e-02,2.353469133424386239e-01,1.000000000000000000e+00,5.847553056184648934e-01,4.056975101252252025e-01,7.495606813610782293e-01,6.017583709628220312e-01,-2.249324835074294759e-01,3.991656358692859952e-01,1.458780329271588093e-02,4.564358292164686359e-01,-2.733455391373001628e-02,3.482991144582918697e-01,5.068683996928206037e-01,3.098116749640943968e-01,6.710540646233611461e-01,-2.563754034197151532e-01,8.946438965096642493e-02,4.687910469589454988e-03,1.534250939052525520e-01,9.645180092841028341e-02,7.308351825144586700e-01,-5.260432416828673130e-01,3.331330127445288336e-01,-2.381459208742998657e-01,5.961801638036980933e-01,2.787694373925521663e-01
7.494671937628821778e-01,7.481673642624160347e-01,6.730933466312339908e-01,-8.197080448047175394e-02,6.710187657445051412e-01,-2.658090495349195725e-01,-4.168532139999086561e-01,-2.729848238423129847e-01,7.378607342892220533e-01,7.889162487065878304e-01,9.328224226204620551e-02,4.484820148255653227e-01,-6.407370097451751956e-02,6.577928476591250462e-01,5.847553056184648934e-01,1.000000000000000000e+00,4.757622334429043587e-01,4.939859935912341293e-01,6.325360647240688694e-01,-2.269930147401976184e-01,1.376912396182402576e-01,-1.844523655446521915e-01,5.827441861187553362e-01,3.387177842366989045e-01,6.682942087285435040e-01,7.512310504659125421e-01,5.007358395141502383e-01,5.832124276186384515e-01,4.446359345458694018e-02,3.512054063161073603e-01,2.178097866928316306e-01,2.627094639016862021e-01,1.903254004749310377e-02,7.558017180117047040e-01,-2.303727019934723175e-01,6.154236238918270319e-01,-6.888683003564298468e-02,6.353292879687908457e-01,4.849587532025445014e-01
5.673838184777795224e-01,3.739510621508417287e-01,3.709586459754061760e-01,-2.012140696731427592e-01,3.953972425772497301e-01,-5.262161741157799222e-01,-5.590760863770218858e-01,2.691632175545074016e-02,3.326136769398215232e-01,2.876618216753610846e-01,3.770898071225717296e-01,4.472288826545304241e-01,1.875481816064196450e-01,3.088575371857292806e-01,4.056975101252252025e-01,4.757622334429043587e-01,1.000000000000000000e+00,1.909394797447472869e-01,3.297447391564838348e-01,2.318919797711321007e-01,2.181927487912798877e-03,-1.052620575001594200e-01,5.285542844858640565e-01,1.084254661881403278e-02,5.190530161186779345e-01,3.478647260856693735e-01,2.331593281338338597e-01,4.048094460656659344e-01,-4.242874237696576678e-01,-1.966601461686966756e-01,-3.020042550384474320e-02,-4.518265142115751934e-03,-1.009124310674401198e-01,5.852271266100600444e-01,-6.386926461409999645e-01,2.179753341743563555e-01,-4.491869717377361404e-01,6.017135521442830148e-01,4.045831795132371345e-01
6.134085119128023234e-01,4.502109062139680318e-01,5.383531336994507033e-01,2.859853037625335048e-01,2.644980001292689953e-01,-1.381271692210336022e-01,-1.919648270754489294e-01,-2.606202875478109138e-01,4.175743827117200935e-01,4.004799786458290156e-01,-3.730159363104261216e-01,4.924913907789540413e-01,-6.447533307699580829e-02,2.148326066068850793e-01,7.495606813610782293e-01,4.939859935912341293e-01,1.909394797447472869e-01,1.000000000000000000e+00,7.219435348436865629e-01,-3.858146986840735315e-01,6.068181849989368049e-01,1.794097352416173796e-01,4.543810470289297854e-01,1.065541635698541711e-01,1.818783332504378125e-01,4.596010908240275583e-01,3.967483498463540981e-01,6.924916304147663570e-01,-1.216327236102650589e-01,2.707269286900059191e-01,1.346383068761898283e-01,3.709593465104899512e-01,2.148160005559135721e-01,6.634034541037815425e-01,-3.022025163763661371e-01,2.656979689325995042e-01,8.667411743800558510e-02,3.612293194625362247e-01,2.280924923710882790e-01
5.891620953387098902e-01,5.757556084433691490e-01,7.015149730138758866e-01,2.117151228563895482e-01,5.203604971496004206e-01,-1.304945763124297220e-01,-1.708519153972204441e-01,-4.289670352815999066e-01,5.180206762355777927e-01,6.050603622047839858e-01,-1.485344884477697580e-01,4.117682791338518888e-01,-3.275864165579209231e-01,4.784663240035701426e-01,6.017583709628220312e-01,6.325360647240688694e-01,3.297447391564838348e-01,7.219435348436865629e-01,1.000000000000000000e+00,-3.879597697229339448e-01,3.408918920665944818e-01,-1.216645129894741023e-02,5.356743680706818056e-01,3.258197871997651207e-01,3.606758269829731800e-01,5.714527191126985706e-01,4.154048983292159547e-01,6.254793640893127060e-01,-7.648536716050612083e-02,4.387944907343272472e-01,3.923061152785189409e-01,4.549524524747486920e-01,4.019205590070548673e-02,7.598068104237939435e-01,-1.951230389213471361e-01,4.478802215373927642e-01,1.903321679910268405e-01,3.399124286580824661e-01,1.563559368012702455e-01
-1.401525028504771453e-01,-7.392289576060795397e-02,-3.580024190996630717e-01,-1.566020264162679976e-01,-2.271479937836198490e-02,-1.799576180179999693e-02,-6.173434279062336993e-02,3.970375107553614225e-02,-2.526952449526496669e-01,-1.920581848481561216e-01,4.085212021341836364e-01,-2.624948316295329653e-01,3.247122505510467994e-01,-1.838855718163568964e-01,-2.249324835074294759e-01,-2.269930147401976184e-01,2.318919797711321007e-01,-3.858146986840735315e-01,-3.879597697229339448e-01,1.000000000000000000e+00,-9.386712650996813234e-02,3.330229995943094212e-01,4.190294626204454920e-02,-2.492031184804166521e-01,-2.023513342741005694e-01,-4.083349018877072689e-01,-2.649410404294983978e-01,-1.739523063587648799e-01,-3.719428418001328174e-01,-5.599499501441984606e-01,-2.937188981109483676e-01,-1.310648251710868628e-01,-3.316803793081203877e-01,-2.054249331019966096e-01,-2.627616638076662459e-01,-2.715272383659477762e-01,-2.609491889173162216e-01,5.769848592393634484e-02,1.041527493150964101e-01
2.767852046908567676e-01,2.296812998404705874e-01,2.892548107709094762e-01,2.030413860017345751e-01,-4.183516736576004674e-02,1.740340376897535346e-01,-6.030878709683798466e-02,-3.453714161433572016e-01,1.671372732256792559e-01,1.213003178983179248e-01,-2.769738291555660648e-01,2.930557083051399392e-01,-2.229060398048149372e-02,-4.772117134827016244e-02,3.991656358692859952e-01,1.376912396182402576e-01,2.181927487912798877e-03,6.068181849989368049e-01,3.408918920665944818e-01,-9.386712650996813234e-02,1.000000000000000000e+00,4.905094162365303267e-01,2.823735338876270928e-01,3.115057472775592876e-02,-1.836523467922966113e-01,1.587297243217049569e-01,3.613022203878915040e-01,5.998177047493670200e-01,-7.726541645733037145e-02,2.689981828232235542e-02,2.079016381724739237e-01,3.372983104232031848e-01,4.606462838571055984e-01,3.117698892245003850e-01,-1.497149490809995542e-01,6.361459251841924782e-03,2.396788138567506610e-01,8.017111630372246445e-02,2.165137856607307620e-01
-7.092494070346234969e-02,6.289501012545201108e-02,-2.013239244151588114e-01,3.546716878180254384e-01,-1.410468405915064893e-01,3.606277238539126739e-01,2.556896220074718618e-01,-2.572099013364432252e-01,-2.116663608916733719e-01,-9.308570230861665240e-02,-3.656559473769874224e-02,-1.430438911451297201e-01,7.186627864751470030e-02,-2.825820109365050348e-01,1.458780329271588093e-02,-1.844523655446521915e-01,-1.052620575001594200e-01,1.794097352416173796e-01,-1.216645129894741023e-02,3.330229995943094212e-01,4.905094162365303267e-01,1.000000000000000000e+00,1.435768286580328956e-01,-1.428940394616182163e-01,-4.760200217751001106e-01,-2.843481788249478948e-01,3.120684198837760798e-02,1.668930338789873791e-01,-2.073367041915668563e-01,-2.730052379439017463e-01,-1.089164287162159295e-01,3.567801373687523592e-01,-1.044720282220724938e-01,-9.849104400001147674e-02,-7.239580529563796607e-02,-3.427813332424314852e-01,2.546308703901439263e-01,-1.143129787245644874e-01,5.347902091930523821e-02
6.019775523394954586e-01,6.518955333049513134e-01,4.681087062336328763e-01,8.023402211085793601e-02,5.287449510539693476e-01,-6.394649173268054931e-02,-3.253009485487672325e-01,-3.750791517086285443e-01,5.553915036900963775e-01,4.843973807076344951e-01,3.491645676223675276e-01,4.086373408848391064e-01,1.164256277097052740e-02,4.888201625499962732e-01,4.564358292164686359e-01,5.827441861187553362e-01,5.285542844858640565e-01,4.543810470289297854e-01,5.356743680706818056e-01,4.190294626204454920e-02,2.823735338876270928e-01,1.435768286580328956e-01,1.000000000000000000e+00,4.050624136991290980e-01,4.044999143817117893e-01,4.212634450658694352e-01,5.229160724902766066e-01,5.266039321414962560e-01,-1.422102772646690327e-01,2.299977020980277509e-01,1.784895591299829609e-01,4.867991639465706899e-01,1.321724732924463817e-02,6.094506454972338227e-01,-2.982539381345594154e-01,3.054075008926553925e-01,-2.032920638111360319e-03,5.267613280766370032e-01,5.741776607174264857e-01
2.587089626062322179e-01,4.556028930111689079e-01,4.508753892303689614e-01,1.116528937911632768e-01,5.334518311358283915e-01,4.689503499661084596e-01,2.024204777881888073e-01,-6.103213573760319921e-01,5.147206274040957430e-01,4.102788681692097761e-01,2.979357501969104871e-01,-1.159244694126779773e-01,-4.576021757529780132e-01,6.553626267707495234e-01,-2.733455391373001628e-02,3.387177842366989045e-01,1.084254661881403278e-02,1.065541635698541711e-01,3.258197871997651207e-01,-2.492031184804166521e-01,3.115057472775592876e-02,-1.428940394616182163e-01,4.050624136991290980e-01,1.000000000000000000e+00,3.427364333089156778e-01,4.563774954015656360e-01,3.424641366639709084e-01,2.194132740531779535e-01,5.515206648919847021e-01,6.632681505166874159e-01,4.877373048483304441e-01,5.319945500074357847e-01,-3.330136444586304784e-02,2.217356816179985590e-01,4.576224046006344692e-01,4.051839620412525100e-01,5.077313727239716190e-01,1.602749610324153695e-01,2.594253408056633181e-01
5.857276469875141167e-01,4.635059386123571712e-01,5.185229789585340532e-01,-2.667923081793392437e-01,5.521037871734358893e-01,-3.469182716797961641e-01,-4.326407653708586043e-01,-1.393445502465723643e-02,5.368002103639175626e-01,5.515787218121064317e-01,2.030298762114765843e-01,3.082673270084400063e-01,7.473639888102646782e-03,6.117104589855573149e-01,3.482991144582918697e-01,6.682942087285435040e-01,5.190530161186779345e-01,1.818783332504378125e-01,3.606758269829731800e-01,-2.023513342741005694e-01,-1.836523467922966113e-01,-4.760200217751001106e-01,4.044999143817117893e-01,3.427364333089156778e-01,1.000000000000000000e+00,6.409202541391207930e-01,2.275631703908606029e-01,3.089563740364270061e-01,1.447972063987915115e-01,3.265326681542639053e-01,6.040124843374569674e-02,-5.285491196259354402e-02,-2.988300418245731435e-02,5.234462093288718698e-01,-1.760143239263274040e-01,6.023289339956411359e-01,-2.123029665913847563e-01,5.612804953078079917e-01,3.544335278374520226e-01
7.064010400444082904e-01,6.059891167238921073e-01,7.431505687522539372e-01,-7.687488072709647291e-02,6.199269240091467292e-01,-1.422642925475339770e-01,-2.671140582072464298e-01,-3.276845826697931119e-01,7.577611428031176821e-01,6.409845251992276616e-01,1.831836034836915178e-02,3.373425380749346392e-01,-2.612582315370398089e-01,6.909724511929843382e-01,5.068683996928206037e-01,7.512310504659125421e-01,3.478647260856693735e-01,4.596010908240275583e-01,5.714527191126985706e-01,-4.083349018877072689e-01,1.587297243217049569e-01,-2.843481788249478948e-01,4.212634450658694352e-01,4.563774954015656360e-01,6.409202541391207930e-01,1.000000000000000000e+00,4.968470360583630008e-01,6.014724234569428507e-01,3.018951381261171241e-01,4.658913204565809374e-01,3.579151773517438295e-01,2.436869887928594935e-01,2.046792485378075288e-01,6.767482193037451799e-01,-8.246666344166498838e-03,6.498062020654247206e-01,6.047301010104489533e-02,5.512715794286168203e-01,4.205764770978679401e-01
4.040640453802279430e-01,5.489736008310105442e-01,5.236681255695214698e-01,6.450909542828660304e-02,3.347205998295789686e-01,1.223287845147547764e-02,-3.459895806718186750e-01,-3.833324724025899966e-01,6.275777867270202481e-01,3.859130893516212191e-01,1.589904612007187468e-01,6.036647290143614120e-01,-1.385915897077821812e-01,4.773035212314565290e-01,3.098116749640943968e-01,5.007358395141502383e-01,2.331593281338338597e-01,3.967483498463540981e-01,4.154048983292159547e-01,-2.649410404294983978e-01,3.613022203878915040e-01,3.120684198837760798e-02,5.229160724902766066e-01,3.424641366639709084e-01,2.275631703908606029e-01,4.968470360583630008e-01,1.000000000000000000e+00,5.150415913876926766e-01,4.732900916286568449e-02,2.275733488841372443e-01,4.541623007424326341e-01,5.221300044322456646e-01,3.772628971087087502e-01,5.200280649759022600e-01,-6.906837555523405447e-02,2.327854753820771394e-01,1.567098112497301854e-01,2.908044936535758573e-01,6.160590462362325326e-01
6.877952797686196496e-01,5.391215916098764938e-01,6.965976294776818900e-01,9.361802195039434227e-02,3.650552723145523148e-01,-1.289564922804684877e-01,-2.821152430129112987e-01,-4.397760148300876581e-01,4.892763447418814193e-01,4.987668049466043030e-01,-1.307994200637564719e-01,4.699953300529028377e-01,-1.569276211344523275e-01,4.307749153346295268e-01,6.710540646233611461e-01,5.832124276186384515e-01,4.048094460656659344e-01,6.924916304147663570e-01,6.254793640893127060e-01,-1.739523063587648799e-01,5.998177047493670200e-01,1.668930338789873791e-01,5.266039321414962560e-01,2.194132740531779535e-01,3.089563740364270061e-01,6.014724234569428507e-01,5.150415913876926766e-01,1.000000000000000000e+00,-1.298785474785844329e-01,1.126119293153270695e-01,3.448379811958722230e-01,3.403442310166946982e-01,1.737318297837935066e-01,7.240160249484693944e-01,-3.751262855173205790e-01,3.771422807415491518e-01,8.644800485214280961e-02,4.922759501615638356e-01,4.118232914127737399e-01
-6.593876900704716791e-03,1.219389012952310086e-01,1.061281924665417042e-01,4.777668147530493570e-02,2.041599530477946345e-01,5.549045326404619116e-01,4.081188676127681658e-01,-2.447348321686329820e-01,2.860233872958956036e-01,1.299113400741216118e-01,5.843757197198216208e-02,-3.836599039568396319e-01,-3.572794857888239584e-01,2.883176932119538294e-01,-2.563754034197151532e-01,4.446359345458694018e-02,-4.242874237696576678e-01,-1.216327236102650589e-01,-7.648536716050612083e-02,-3.719428418001328174e-01,-7.726541645733037145e-02,-2.073367041915668563e-01,-1.422102772646690327e-01,5.515206648919847021e-01,1.447972063987915115e-01,3.018951381261171241e-01,4.732900916286568449e-02,-1.298785474785844329e-01,1.000000000000000000e+00,5.812041485677386099e-01,2.405051717305808356e-01,1.751874057449680777e-01,1.537238958743643857e-01,-2.012726333370564169e-01,7.686248199355601995e-01,2.852011668181014814e-01,4.447058497528656451e-01,-5.134513999749703433e-02,4.548444018648051951e-02
2.213556552133116861e-01,3.849998127602436981e-01,4.365635141731017410e-01,1.812481469421864111e-01,4.255848459211537538e-01,3.522623964160757071e-01,2.148684459011011294e-01,-4.315157139385997209e-01,4.937927257189185792e-01,4.509128767897793155e-01,-5.706705099699796446e-02,-5.373883073281576772e-02,-4.531878788843283212e-01,4.710062849029009735e-01,8.946438965096642493e-02,3.512054063161073603e-01,-1.966601461686966756e-01,2.707269286900059191e-01,4.387944907343272472e-01,-5.599499501441984606e-01,2.689981828232235542e-02,-2.730052379439017463e-01,2.299977020980277509e-01,6.632681505166874159e-01,3.265326681542639053e-01,4.658913204565809374e-01,2.275733488841372443e-01,1.126119293153270695e-01,5.812041485677386099e-01,1.000000000000000000e+00,4.142044657556880893e-01,4.300135484533477714e-01,8.777973730613254644e-02,2.242355169284224736e-01,5.160518101070965535e-01,4.774117352290199179e-01,4.856552934197760352e-01,8.343621567430443975e-02,8.738612335871843995e-02
6.646647864087457114e-02,2.879649281684324991e-01,6.166140102897361697e-01,8.026977712215373206e-02,2.965291340696737943e-01,2.682960514739659574e-01,7.206060958667610816e-02,-6.646066137285149278e-01,3.599281887878419961e-01,3.463573834486512459e-01,3.661197474978195032e-02,1.010135248773330469e-01,-7.278454964700894481e-01,4.465998491577102270e-01,4.687910469589454988e-03,2.178097866928316306e-01,-3.020042550384474320e-02,1.346383068761898283e-01,3.923061152785189409e-01,-2.937188981109483676e-01,2.079016381724739237e-01,-1.089164287162159295e-01,1.784895591299829609e-01,4.877373048483304441e-01,6.040124843374569674e-02,3.579151773517438295e-01,4.541623007424326341e-01,3.448379811958722230e-01,2.405051717305808356e-01,4.142044657556880893e-01,1.000000000000000000e+00,4.624833893353728631e-01,1.901363608436716091e-01,3.328483292776949765e-01,2.936460189080156713e-01,3.348259879842108155e-01,4.954800026436953497e-01,-6.845187825572671136e-02,1.118491467850043913e-01
2.523110683849039138e-01,5.517283171540284803e-01,3.725287128481322152e-01,3.545616250921424517e-01,4.102918055133047415e-01,4.771957534041732507e-01,2.385096288322033076e-01,-6.843794528846895986e-01,4.204801751223090078e-01,3.239933797234081925e-01,1.024347009530376523e-01,3.391573894595755617e-02,-4.283823019689497746e-01,3.689973090412900225e-01,1.534250939052525520e-01,2.627094639016862021e-01,-4.518265142115751934e-03,3.709593465104899512e-01,4.549524524747486920e-01,-1.310648251710868628e-01,3.372983104232031848e-01,3.567801373687523592e-01,4.867991639465706899e-01,5.319945500074357847e-01,-5.285491196259354402e-02,2.436869887928594935e-01,5.221300044322456646e-01,3.403442310166946982e-01,1.751874057449680777e-01,4.300135484533477714e-01,4.624833893353728631e-01,1.000000000000000000e+00,-2.772633954532261261e-02,3.070625064981737928e-01,2.469295356703313515e-01,2.085328674043248898e-01,6.213608942055547368e-01,1.342626249328015275e-01,3.470767726838036582e-01
1.332153854681646619e-02,-5.859405500209610707e-02,1.570713804046720563e-01,-1.167810898593777680e-01,-2.028078421809826337e-01,-4.991549118713289185e-02,-2.033218466123822565e-01,8.488037023643631163e-02,1.978354657572701791e-01,-8.598506092631146014e-02,-1.659624495920368481e-01,3.710374949750873674e-01,5.339160425630180840e-02,-6.074567724102091643e-02,9.645180092841028341e-02,1.903254004749310377e-02,-1.009124310674401198e-01,2.148160005559135721e-01,4.019205590070548673e-02,-3.316803793081203877e-01,4.606462838571055984e-01,-1.044720282220724938e-01,1.321724732924463817e-02,-3.330136444586304784e-02,-2.988300418245731435e-02,2.046792485378075288e-01,3.772628971087087502e-01,1.737318297837935066e-01,1.537238958743643857e-01,8.777973730613254644e-02,1.901363608436716091e-01,-2.772633954532261261e-02,1.000000000000000000e+00,7.914877182796981048e-02,7.579278521039564676e-02,3.838069938408786991e-02,-6.147545605861529268e-03,-7.664763468638796651e-02,1.528113789010527579e-01
7.634560131756781276e-01,6.577300283956382110e-01,7.842113477764900420e-01,-2.169069779418305449e-02,5.730565553301272264e-01,-3.888216080401364350e-01,-4.895966118754331853e-01,-3.233710093610457359e-01,6.559789646229167159e-01,6.410385288923393654e-01,1.495064588417761506e-02,6.008059644803052102e-01,-1.422521282855518376e-01,5.432809767219727304e-01,7.308351825144586700e-01,7.558017180117047040e-01,5.852271266100600444e-01,6.634034541037815425e-01,7.598068104237939435e-01,-2.054249331019966096e-01,3.117698892245003850e-01,-9.849104400001147674e-02,6.094506454972338227e-01,2.217356816179985590e-01,5.234462093288718698e-01,6.767482193037451799e-01,5.200280649759022600e-01,7.240160249484693944e-01,-2.012726333370564169e-01,2.242355169284224736e-01,3.328483292776949765e-01,3.070625064981737928e-01,7.914877182796981048e-02,1.000000000000000000e+00,-4.331706645481875340e-01,5.214912499372207355e-01,-1.244065799713322817e-01,6.147887257142815587e-01,4.346824750449829189e-01
-3.641417732247193007e-01,-6.320820390269270284e-02,-1.038524899724750372e-01,1.664456439216325523e-01,5.596776346611934821e-02,7.086527185236864979e-01,6.205235697412563312e-01,-3.095157338420549409e-01,4.777014076378906932e-02,-4.041382279208172168e-02,3.284101952080068637e-02,-5.635509886194999263e-01,-4.319205859368228650e-01,1.012819595384637228e-01,-5.260432416828673130e-01,-2.303727019934723175e-01,-6.386926461409999645e-01,-3.022025163763661371e-01,-1.951230389213471361e-01,-2.627616638076662459e-01,-1.497149490809995542e-01,-7.239580529563796607e-02,-2.982539381345594154e-01,4.576224046006344692e-01,-1.760143239263274040e-01,-8.246666344166498838e-03,-6.906837555523405447e-02,-3.751262855173205790e-01,7.686248199355601995e-01,5.160518101070965535e-01,2.936460189080156713e-01,2.469295356703313515e-01,7.579278521039564676e-02,-4.331706645481875340e-01,1.000000000000000000e+00,1.107557981476444547e-01,6.055758571436036242e-01,-3.719491188790106651e-01,-1.648558617681179506e-01
5.245834626670461409e-01,5.447446339941351967e-01,6.322574712277568842e-01,-4.599745952135336768e-02,5.728135495829923540e-01,-6.258958422320169690e-02,-1.131987638284680520e-01,-3.587561313505124305e-01,6.124111965233306476e-01,6.154230880956704786e-01,5.874181118825080872e-02,1.182278984796409776e-01,-2.577350911441116388e-01,5.837315635302201544e-01,3.331330127445288336e-01,6.154236238918270319e-01,2.179753341743563555e-01,2.656979689325995042e-01,4.478802215373927642e-01,-2.715272383659477762e-01,6.361459251841924782e-03,-3.427813332424314852e-01,3.054075008926553925e-01,4.051839620412525100e-01,6.023289339956411359e-01,6.498062020654247206e-01,2.327854753820771394e-01,3.771422807415491518e-01,2.852011668181014814e-01,4.774117352290199179e-01,3.348259879842108155e-01,2.085328674043248898e-01,3.838069938408786991e-02,5.214912499372207355e-01,1.107557981476444547e-01,1.000000000000000000e+00,1.420099600234241422e-01,4.899895246824818029e-01,3.302807445457993651e-01
-1.599314435008805380e-01,1.170383100449206709e-01,1.566457188381161214e-01,3.697958769034628834e-01,1.355887645329882374e-01,7.158285584450492234e-01,5.656037416547994301e-01,-6.242841363052902270e-01,7.070900360112435112e-02,1.157626585709289890e-01,-1.914024596002692757e-01,-3.395022872917097811e-01,-5.944892342844545485e-01,2.150525658604213186e-01,-2.381459208742998657e-01,-6.888683003564298468e-02,-4.491869717377361404e-01,8.667411743800558510e-02,1.903321679910268405e-01,-2.609491889173162216e-01,2.396788138567506610e-01,2.546308703901439263e-01,-2.032920638111360319e-03,5.077313727239716190e-01,-2.123029665913847563e-01,6.047301010104489533e-02,1.567098112497301854e-01,8.644800485214280961e-02,4.447058497528656451e-01,4.856552934197760352e-01,4.954800026436953497e-01,6.213608942055547368e-01,-6.147545605861529268e-03,-1.244065799713322817e-01,6.055758571436036242e-01,1.420099600234241422e-01,1.000000000000000000e+00,-3.212306663962326558e-01,-8.694782054852774611e-02
8.082504578499790648e-01,6.365809557115194028e-01,4.493242756331075616e-01,-1.286014205895397167e-01,5.250042063259040548e-01,-3.233701621140186444e-01,-4.178608556632643634e-01,-8.042834207703083993e-02,6.079944359954847499e-01,4.676374190958332844e-01,2.434871855782296535e-01,3.282342930365880762e-01,1.942315295826922972e-01,4.286251779824331587e-01,5.961801638036980933e-01,6.353292879687908457e-01,6.017135521442830148e-01,3.612293194625362247e-01,3.399124286580824661e-01,5.769848592393634484e-02,8.017111630372246445e-02,-1.143129787245644874e-01,5.267613280766370032e-01,1.602749610324153695e-01,5.612804953078079917e-01,5.512715794286168203e-01,2.908044936535758573e-01,4.922759501615638356e-01,-5.134513999749703433e-02,8.343621567430443975e-02,-6.845187825572671136e-02,1.342626249328015275e-01,-7.664763468638796651e-02,6.147887257142815587e-01,-3.719491188790106651e-01,4.899895246824818029e-01,-3.212306663962326558e-01,1.000000000000000000e+00,6.187351826066523897e-01
5.404478990688396101e-01,5.799662238193147301e-01,3.673392681960299111e-01,-1.104774328920634513e-02,4.644632834693236401e-01,-3.268618215647514647e-02,-4.125914968113218451e-01,-2.800240901076503919e-01,6.612183860086638942e-01,3.718377421826091211e-01,4.111513767047976220e-01,4.058088375921276025e-01,1.907947208815823636e-01,4.259534898541550985e-01,2.787694373925521663e-01,4.849587532025445014e-01,4.045831795132371345e-01,2.280924923710882790e-01,1.563559368012702455e-01,1.041527493150964101e-01,2.165137856607307620e-01,5.347902091930523821e-02,5.741776607174264857e-01,2.594253408056633181e-01,3.544335278374520226e-01,4.205764770978679401e-01,6.160590462362325326e-01,4.118232914127737399e-01,4.548444018648051951e-02,8.738612335871843995e-02,1.118491467850043913e-01,3.470767726838036582e-01,1.528113789010527579e-01,4.346824750449829189e-01,-1.648558617681179506e-01,3.302807445457993651e-01,-8.694782054852774611e-02,6.187351826066523897e-01,1.000000000000000000e+00
