1.000000000000000000e+00,7.084219861798449758e-01,5.253192293430724025e-01,-2.169735593222443248e-01,4.151193937907002862e-01,5.677930116036895569e-01,1.522232014332432215e-01,-1.355897480716427850e-01,-1.510641562638713187e-01,6.826625481789541094e-01,5.877071201955348378e-01,-4.613592795320018425e-01,-4.252341073163837248e-01,6.228484388560906471e-01,-1.899322557802580330e-02,7.071699254867094275e-01,5.938495263030214577e-01,-1.879222486654333335e-01,-2.251811063104199040e-01,2.938394179808587192e-01,4.468157931401873784e-01,1.602534724899978003e-01,-1.482157339209615177e-01,5.216348025291902557e-01,5.974197607446217750e-01,6.920150365378391344e-01,3.421117114632304945e-01,6.523635987537379499e-01,6.670715841752971054e-01,6.731731898036856787e-01,5.103280003043705326e-01,6.409442991338263340e-01,3.727865204816467326e-01,-1.533185977896694696e-01,6.209527633968001670e-01,5.508086889127847829e-01,6.104262554952175623e-01,2.291019663049553845e-01,-1.481067788897007242e-01
7.084219861798449758e-01,1.000000000000000000e+00,3.612654788745037759e-01,-1.362967137381024818e-01,2.249707561296072078e-01,7.166604734402951538e-01,2.667783409027989494e-01,5.669297145878969546e-02,-3.583178548484153847e-01,6.665014361873300430e-01,6.999763495034218019e-01,-6.615454323274545523e-01,-5.743123858389639347e-01,5.775828101082437493e-01,-1.738292360020582683e-01,6.633801889927836148e-01,6.957054618809972446e-01,-3.170397204717286810e-01,-4.086954020315440861e-01,3.349606148747814038e-01,5.001855067272381605e-01,1.583990029929457644e-01,-3.269901294882139320e-01,5.759396357459476423e-01,6.564850430488263777e-01,6.759326845194169042e-01,1.587131479514715116e-01,6.972734883532860639e-01,7.432707904770531337e-01,6.303786249800903407e-01,4.252155689546912587e-01,7.429952288751973111e-01,3.251784813988978229e-01,-4.331254753609274921e-01,7.184746884383906851e-01,5.452850175495997931e-01,7.251448431392932825e-01,-1.157388339969448419e-02,-3.449665936699583546e-01
5.253192293430724025e-01,3.612654788745037759e-01,1.000000000000000000e+00,-1.045335265018324938e-01,7.034132825212875417e-01,2.941150059978554498e-01,-8.602218602274315506e-02,-5.721635935880948765e-01,2.471269071439502196e-01,5.690057344496749492e-01,3.919257525997658087e-01,-1.085951279858583668e-01,-1.730406065961874462e-01,6.162371544564252401e-01,2.692374620790595752e-01,5.228427667865801487e-01,4.278629484991316456e-01,1.349621555788138028e-01,1.727874707936184473e-01,-6.498336780616048754e-03,3.330931331622477010e-01,1.473345897822840589e-01,3.145755588547588522e-02,4.475645058717810376e-01,4.595056194699821406e-01,5.528066012134661422e-01,3.726974567516057602e-01,4.702478019514615415e-01,3.887573133976297002e-01,5.275150964672981058e-01,3.967021378081084237e-01,3.804709604435569936e-01,4.817145837313512313e-01,2.545922311809544758e-01,3.672332423464891304e-01,3.145124414109792266e-01,3.701281000603615090e-01,5.453144039872098725e-01,2.352978634335865238e-01
-2.169735593222443248e-01,-1.362967137381024818e-01,-1.045335265018324938e-01,1.000000000000000000e+00,-6.185832748869305592e-02,-7.488897169022126765e-02,3.295496300318379035e-01,2.663546585106448331e-02,3.685101697151008104e-02,-1.028654936039415380e-01,-6.555580893735141190e-02,2.283992967361695228e-02,-8.025362069368818796e-02,-1.759680809595796924e-01,-7.884699506139737982e-03,-1.503340465992136221e-01,-4.744865258947787018e-02,1.353725312681027249e-01,8.697157871905121518e-02,-5.621403221838743025e-02,-4.559445431062573111e-05,6.292920179348961141e-02,-1.007502775283413282e-01,-6.877711515310097612e-02,-9.569520457278070380e-02,-1.290483347070748299e-01,-1.590275032340360273e-01,-3.157273827993629933e-02,-9.363525162804450797e-02,-5.536611714072435519e-02,-1.312409718318648666e-01,-1.288287002471008302e-01,-3.878927089423607477e-02,-3.207600907871874935e-02,-8.737761626494590372e-02,-1.337116520374593831e-01,-1.094865956780946975e-01,2.498473353937669464e-02,3.316199529977499616e-02
4.151193937907002862e-01,2.249707561296072078e-01,7.034132825212875417e-01,-6.185832748869305592e-02,1.000000000000000000e+00,1.398598186518901221e-01,-2.855924326934603519e-01,-5.173099055680122627e-01,5.282397806234969684e-01,4.830117337696416269e-01,2.667455904895287833e-01,1.091372862423292817e-01,-1.145196920227504883e-01,5.084619743725765639e-01,5.189779045604914209e-01,3.964471779896091563e-01,2.761473592625435236e-01,4.299854351021525356e-01,4.249165877010839254e-01,-2.873283913860399386e-01,2.788611828856853159e-02,-1.499353599266793347e-01,-4.670291240868951004e-04,3.402778578899769424e-01,3.351468960344813341e-01,4.438334282931694075e-01,2.584432549439721893e-01,3.184037976281741122e-01,2.469449828810195702e-01,4.925825808951174722e-01,1.835620676031519405e-01,2.110667286744608018e-01,1.986696768738122065e-01,4.032995280303061092e-01,1.812708660659771986e-01,3.486242792595647955e-02,2.231253987045826448e-01,6.442373920971240508e-01,4.943614509905902565e-01
5.677930116036895569e-01,7.166604734402951538e-01,2.941150059978554498e-01,-7.488897169022126765e-02,1.398598186518901221e-01,1.000000000000000000e+00,2.820828961019558601e-01,1.385155097671306179e-01,-3.793226657396793211e-01,6.112339020295808334e-01,7.084895219408203770e-01,-6.997673462727865834e-01,-5.290072589234530165e-01,5.461645963259278425e-01,-1.923926931016443909e-01,6.085232690094115604e-01,7.553480360353530543e-01,-2.534546743846771144e-01,-3.497351184917437128e-01,2.121447170006992566e-01,5.217983035025295369e-01,1.313193636184431523e-01,-3.975425869505612719e-01,6.236485449010776838e-01,6.651180592042151840e-01,6.065758050546640190e-01,7.286344482036806458e-03,6.904922649630202969e-01,7.272627151203684415e-01,5.367408250506375822e-01,2.859639706342542720e-01,7.752844324270569132e-01,2.968776958121796539e-01,-5.446274966005946183e-01,7.602688143710347735e-01,4.614771003017869577e-01,7.741717393153754179e-01,-1.233459560052853343e-01,-3.464420236966957445e-01
1.522232014332432215e-01,2.667783409027989494e-01,-8.602218602274315506e-02,3.295496300318379035e-01,-2.855924326934603519e-01,2.820828961019558601e-01,1.000000000000000000e+00,2.765417555498954627e-01,-5.494729748478596187e-01,5.643518652373179928e-03,1.728718392271379745e-01,-4.618372654251246545e-01,-1.155021910804481383e-01,4.461919326971991104e-03,-5.577330161466861336e-01,1.411681084728906022e-01,2.204619555821318577e-01,-5.333925534015246939e-01,-5.076723598022571116e-01,4.572514721453239117e-01,4.804789430933137373e-01,3.749187912288249325e-01,-1.389308342985990374e-01,1.572165579987431505e-01,1.193276638113084376e-01,7.181477290794482937e-02,-8.015782969125466451e-03,2.626187465689182599e-01,2.329817500494978932e-01,3.819506969927181222e-02,3.711392237246430303e-01,2.998106320738047614e-01,2.743012419126075740e-01,-4.240015457974044555e-01,3.042744069506942428e-01,4.038196811157663824e-01,2.854148468781642634e-01,-3.761799537282228267e-01,-5.455344239563185704e-01
-1.355897480716427850e-01,5.669297145878969546e-02,-5.721635935880948765e-01,2.663546585106448331e-02,-5.173099055680122627e-01,1.385155097671306179e-01,2.765417555498954627e-01,1.000000000000000000e+00,-3.953902088540912074e-01,-2.058614578414368623e-01,-3.613415423831567094e-03,-2.513616898974808667e-01,-1.102951718725979774e-01,-3.022320978662030866e-01,-3.444558153629136976e-01,-8.099431658273242851e-02,6.348261883654747473e-03,-2.251158028224164442e-01,-3.193797730453079020e-01,9.113352639823002477e-02,2.314261414272149667e-02,-6.285297405133455362e-02,-2.872045356787396586e-01,-9.555826119771394789e-02,-1.041141070301309646e-01,-1.370136189698911433e-01,-2.848187191632892690e-01,-6.739905377959230781e-03,3.028904073029642027e-02,-1.681478973796453336e-01,-1.218370614256824996e-01,8.627758549607711380e-02,-2.322166507295003735e-01,-4.564335582639473254e-01,7.268430297585500022e-02,-3.590245660863229660e-02,1.077685298645172512e-01,-5.129028141617235637e-01,-3.915998202697209551e-01
-1.510641562638713187e-01,-3.583178548484153847e-01,2.471269071439502196e-01,3.685101697151008104e-02,5.282397806234969684e-01,-3.793226657396793211e-01,-5.494729748478596187e-01,-3.953902088540912074e-01,1.000000000000000000e+00,-3.901975033963614448e-02,-2.621051596921842308e-01,6.168752836477173762e-01,2.834754357759810550e-01,2.837825055550742895e-02,6.828891516430919406e-01,-1.379525177852090612e-01,-2.717325431435260730e-01,7.117361351610117515e-01,7.520946530546975817e-01,-6.333962279721414568e-01,-5.010107988243808208e-01,-4.082335253680972054e-01,2.283314460493963138e-01,-9.983608557900724989e-02,-1.545258459558451480e-01,-1.256037708329612868e-01,5.049026188314903463e-02,-2.715004725541952935e-01,-3.345620193677525944e-01,4.078687725780863905e-04,-2.603434872551466106e-01,-3.631982029153096314e-01,-2.186900329062465842e-01,6.488976263677802558e-01,-3.942817439615739494e-01,-4.686995157721723926e-01,-3.368588601795258763e-01,5.498378368226833901e-01,7.723172244620707394e-01
6.826625481789541094e-01,6.665014361873300430e-01,5.690057344496749492e-01,-1.028654936039415380e-01,4.830117337696416269e-01,6.112339020295808334e-01,5.643518652373179928e-03,-2.058614578414368623e-01,-3.901975033963614448e-02,1.000000000000000000e+00,6.374537178420821570e-01,-4.409902146920054999e-01,-5.067631960389096246e-01,6.810858150064877936e-01,1.064359242994248195e-01,7.348441494881405855e-01,6.506900377146314085e-01,-1.890101829967502992e-02,-9.049071405893351072e-02,1.321336303001387491e-01,3.876160084864341826e-01,9.976148935032883025e-02,-2.098828232062380506e-01,5.751205475985349258e-01,6.970218521650900501e-01,6.942050227892720971e-01,2.414738955915586016e-01,6.588402545510141373e-01,6.698197089678330496e-01,7.099340535222995463e-01,3.163227029235765597e-01,6.269758926736246352e-01,3.319963519054988099e-01,-1.446845034546101749e-01,6.400003601530350750e-01,4.344840002688784009e-01,6.342607481264777025e-01,2.812506456151899203e-01,-9.448230373211788033e-03
5.877071201955348378e-01,6.999763495034218019e-01,3.919257525997658087e-01,-6.555580893735141190e-02,2.667455904895287833e-01,7.084895219408203770e-01,1.728718392271379745e-01,-3.613415423831567094e-03,-2.621051596921842308e-01,6.374537178420821570e-01,1.000000000000000000e+00,-6.105852868948542511e-01,-5.560981863543230652e-01,6.154915182761070414e-01,-3.200413086101191323e-02,5.670948112760463289e-01,7.587603919077742232e-01,-1.676354519482888550e-01,-3.168800467886496719e-01,2.333483020198216518e-01,4.398458531197741439e-01,8.461126278491570840e-02,-3.620900839258794357e-01,6.372178780238335616e-01,7.034463183373009798e-01,6.746028541510162846e-01,1.415680556262559897e-01,6.964105209666441310e-01,7.189598558519998406e-01,5.868592381085322440e-01,2.734667904680647132e-01,7.233755973182125487e-01,3.558591682530283240e-01,-3.959466158128782665e-01,7.007589619737613074e-01,4.467122127258879583e-01,7.253280379758916263e-01,8.824924246483860368e-02,-2.349850584720429014e-01
-4.613592795320018425e-01,-6.615454323274545523e-01,-1.085951279858583668e-01,2.283992967361695228e-02,1.091372862423292817e-01,-6.997673462727865834e-01,-4.618372654251246545e-01,-2.513616898974808667e-01,6.168752836477173762e-01,-4.409902146920054999e-01,-6.105852868948542511e-01,1.000000000000000000e+00,5.406511672264758817e-01,-3.155960924265694412e-01,4.163103433366053263e-01,-4.456271750218049887e-01,-6.404956720567507311e-01,4.754905680621535624e-01,6.036333783809555431e-01,-4.531136830005355054e-01,-5.947582429990835307e-01,-2.157365670951029990e-01,5.086838697949565002e-01,-4.589061126777149724e-01,-4.979950961415699484e-01,-5.078535420180978477e-01,1.160251233600406440e-01,-6.459871512819699291e-01,-6.886438765983914356e-01,-4.345419096654446478e-01,-2.726052229661768411e-01,-6.825318302255261038e-01,-2.749170676622672005e-01,6.828741533305066058e-01,-7.168444921410844772e-01,-4.633860910686209422e-01,-6.833507961325981928e-01,2.960412799421893171e-01,6.136728758257447014e-01
-4.252341073163837248e-01,-5.743123858389639347e-01,-1.730406065961874462e-01,-8.025362069368818796e-02,-1.145196920227504883e-01,-5.290072589234530165e-01,-1.155021910804481383e-01,-1.102951718725979774e-01,2.834754357759810550e-01,-5.067631960389096246e-01,-5.560981863543230652e-01,5.406511672264758817e-01,1.000000000000000000e+00,-3.345063353037877607e-01,4.326296077675947233e-02,-4.204239324546524825e-01,-5.057301659995311338e-01,1.103354651028372324e-01,3.303535754943753844e-01,-2.473326350221028702e-01,-3.046809657797825421e-01,-7.171207104670701549e-02,4.992561490147923164e-01,-3.548476639133828492e-01,-4.578074409008668355e-01,-5.649881088628676551e-01,1.690170086222830825e-02,-5.451048831214109214e-01,-5.950453298946173364e-01,-4.953765645535112006e-01,-1.025590098090853747e-01,-5.093273125901324194e-01,-9.090839981702564243e-02,3.892913451217529519e-01,-5.344694029461151130e-01,-2.528392901778624413e-01,-5.099528772771547702e-01,-4.600560834828099077e-02,2.950569078278700297e-01
6.228484388560906471e-01,5.775828101082437493e-01,6.162371544564252401e-01,-1.759680809595796924e-01,5.084619743725765639e-01,5.461645963259278425e-01,4.461919326971991104e-03,-3.022320978662030866e-01,2.837825055550742895e-02,6.810858150064877936e-01,6.154915182761070414e-01,-3.155960924265694412e-01,-3.345063353037877607e-01,1.000000000000000000e+00,1.285107113018069680e-01,6.353340883612867973e-01,6.040161026907578945e-01,-5.071036022348634348e-02,-4.943684309456294890e-02,9.609620060892352933e-02,3.241404373268692019e-01,1.180450027500736521e-01,2.189339989588392002e-02,6.741019047140049958e-01,7.155120111218418177e-01,5.928359416242151569e-01,4.003691463653441529e-01,5.538732431890279750e-01,5.523289688769116301e-01,5.524105941285422094e-01,3.778807803116393527e-01,5.956651833725743472e-01,4.756046948421299159e-01,-5.984657952595632581e-03,5.526379194897024227e-01,4.849431133877061262e-01,5.865264323194754326e-01,2.959903983282526907e-01,8.326807882376821568e-02
-1.899322557802580330e-02,-1.738292360020582683e-01,2.692374620790595752e-01,-7.884699506139737982e-03,5.189779045604914209e-01,-1.923926931016443909e-01,-5.577330161466861336e-01,-3.444558153629136976e-01,6.828891516430919406e-01,1.064359242994248195e-01,-3.200413086101191323e-02,4.163103433366053263e-01,4.326296077675947233e-02,1.285107113018069680e-01,1.000000000000000000e+00,-4.508380534196129025e-02,-6.257049101246170419e-02,6.974105069176278482e-01,6.220470579127744815e-01,-4.751186068817946362e-01,-4.272757790576738879e-01,-3.943811745740674057e-01,8.097921188880873727e-03,4.207081665841335555e-02,-1.116140242240833136e-03,8.838370010405589838e-02,2.647303924944964179e-02,-7.049301793363994817e-02,-8.475450460789270279e-02,1.882701306622132642e-01,-3.327973700711470695e-01,-2.046660090741196369e-01,-2.061590401629364022e-01,4.850143754683184372e-01,-1.863439452767880200e-01,-4.057595384314187092e-01,-1.823249521740362977e-01,5.723832478773132060e-01,6.270411427587821995e-01
7.071699254867094275e-01,6.633801889927836148e-01,5.228427667865801487e-01,-1.503340465992136221e-01,3.964471779896091563e-01,6.085232690094115604e-01,1.411681084728906022e-01,-8.099431658273242851e-02,-1.379525177852090612e-01,7.348441494881405855e-01,5.670948112760463289e-01,-4.456271750218049887e-01,-4.204239324546524825e-01,6.353340883612867973e-01,-4.508380534196129025e-02,1.000000000000000000e+00,6.177882578000085667e-01,-1.435765884862515718e-01,-1.583962879145285052e-01,2.044804356954587621e-01,4.844613707749818587e-01,2.174923858885915162e-01,-1.154008404264961207e-01,5.432438033349648032e-01,6.376332891425972038e-01,6.551994600761950061e-01,3.247941922843555207e-01,6.373550257592121016e-01,6.276903836602341080e-01,6.521261280381718262e-01,4.861333911521761308e-01,6.466926804542522111e-01,3.954524264489540086e-01,-1.678207451651496374e-01,6.393611135263841394e-01,5.501743137052856891e-01,6.385480942885580768e-01,1.919367837899556006e-01,-1.065794311918497883e-01
5.938495263030214577e-01,6.957054618809972446e-01,4.278629484991316456e-01,-4.744865258947787018e-02,2.761473592625435236e-01,7.553480360353530543e-01,2.204619555821318577e-01,6.348261883654747473e-03,-2.717325431435260730e-01,6.506900377146314085e-01,7.587603919077742232e-01,-6.404956720567507311e-01,-5.057301659995311338e-01,6.040161026907578945e-01,-6.257049101246170419e-02,6.177882578000085667e-01,1.000000000000000000e+00,-1.654153188176832878e-01,-2.781061310946931209e-01,2.103440673624763779e-01,5.494962125321697366e-01,1.696984915370969849e-01,-3.837619558093005034e-01,6.723578209163574293e-01,6.830648502447352888e-01,6.775611364408001824e-01,1.023749235742503205e-01,7.385265390884984127e-01,7.410362066384622581e-01,5.994280563886079660e-01,3.182253694303137648e-01,7.591765880268548372e-01,4.163071807990617046e-01,-4.216508252856339678e-01,7.561587757956226286e-01,4.687930452209988497e-01,7.639014943177102612e-01,7.101322611704612153e-02,-2.458203862000965245e-01
-1.879222486654333335e-01,-3.170397204717286810e-01,1.349621555788138028e-01,1.353725312681027249e-01,4.299854351021525356e-01,-2.534546743846771144e-01,-5.333925534015246939e-01,-2.251158028224164442e-01,7.117361351610117515e-01,-1.890101829967502992e-02,-1.676354519482888550e-01,4.754905680621535624e-01,1.103354651028372324e-01,-5.071036022348634348e-02,6.974105069176278482e-01,-1.435765884862515718e-01,-1.654153188176832878e-01,1.000000000000000000e+00,7.242423276779396124e-01,-6.484553954755765126e-01,-4.611643157550738281e-01,-4.611904878060185120e-01,-3.032706469822160980e-02,-1.067262205389265806e-01,-1.382774290215309232e-01,-5.038523350956080477e-02,-1.518099410747001388e-01,-1.584744849868469918e-01,-2.210921119835781434e-01,4.725227303851220473e-02,-4.163384533730825066e-01,-2.861261768999181498e-01,-3.409810533674835220e-01,4.369670601843567703e-01,-2.884676507279081425e-01,-5.454953119593168864e-01,-2.503695890398597856e-01,5.008082083539063811e-01,6.671400080946434663e-01
-2.251811063104199040e-01,-4.086954020315440861e-01,1.727874707936184473e-01,8.697157871905121518e-02,4.249165877010839254e-01,-3.497351184917437128e-01,-5.076723598022571116e-01,-3.193797730453079020e-01,7.520946530546975817e-01,-9.049071405893351072e-02,-3.168800467886496719e-01,6.036333783809555431e-01,3.303535754943753844e-01,-4.943684309456294890e-02,6.220470579127744815e-01,-1.583962879145285052e-01,-2.781061310946931209e-01,7.242423276779396124e-01,1.000000000000000000e+00,-6.689472063531918256e-01,-4.571486955507065297e-01,-3.564584774045388982e-01,2.310865087793390060e-01,-1.461936996950426171e-01,-1.990300812763465821e-01,-1.813198448384825689e-01,-3.922958092990447981e-02,-2.817230778548111547e-01,-3.641859687854077099e-01,-7.196439412396718471e-02,-2.841170425328658489e-01,-3.694620121248283207e-01,-2.525169414716335603e-01,5.674419532789649612e-01,-3.943693201319997121e-01,-4.954582443161547611e-01,-3.468555107896013068e-01,4.667220417310876113e-01,7.282428558367756155e-01
2.938394179808587192e-01,3.349606148747814038e-01,-6.498336780616048754e-03,-5.621403221838743025e-02,-2.873283913860399386e-01,2.121447170006992566e-01,4.572514721453239117e-01,9.113352639823002477e-02,-6.333962279721414568e-01,1.321336303001387491e-01,2.333483020198216518e-01,-4.531136830005355054e-01,-2.473326350221028702e-01,9.609620060892352933e-02,-4.751186068817946362e-01,2.044804356954587621e-01,2.103440673624763779e-01,-6.484553954755765126e-01,-6.689472063531918256e-01,1.000000000000000000e+00,4.849472027348051273e-01,5.132102432872582831e-01,-6.605392127326256690e-02,9.599375552117622723e-02,1.589309063035573566e-01,2.366003877131598043e-01,2.380924470365511358e-01,2.902186547611404488e-01,3.360944356317471238e-01,1.523420773094024405e-01,3.785949872369674396e-01,2.541256178697279267e-01,3.883644526512765593e-01,-3.231131481427960139e-01,3.353461352942086471e-01,5.683774680958565417e-01,2.183543195062104258e-01,-2.089768427609828838e-01,-6.244971228010375297e-01
4.468157931401873784e-01,5.001855067272381605e-01,3.330931331622477010e-01,-4.559445431062573111e-05,2.788611828856853159e-02,5.217983035025295369e-01,4.804789430933137373e-01,2.314261414272149667e-02,-5.010107988243808208e-01,3.876160084864341826e-01,4.398458531197741439e-01,-5.947582429990835307e-01,-3.046809657797825421e-01,3.241404373268692019e-01,-4.272757790576738879e-01,4.844613707749818587e-01,5.494962125321697366e-01,-4.611643157550738281e-01,-4.571486955507065297e-01,4.849472027348051273e-01,1.000000000000000000e+00,5.539881628571684535e-01,-2.215226390845854987e-01,3.855439956590697714e-01,3.757522112302159600e-01,4.541090621743551492e-01,1.617271412236577777e-01,5.875873343855474440e-01,5.316633627813267537e-01,3.360379788551609015e-01,5.605531038908646568e-01,5.745814525495447356e-01,5.887848805423953058e-01,-3.947553824262027278e-01,6.082645026485805628e-01,6.033599843013862651e-01,5.592783764906218424e-01,-9.665815294860975737e-02,-4.855672883022612019e-01
1.602534724899978003e-01,1.583990029929457644e-01,1.473345897822840589e-01,6.292920179348961141e-02,-1.499353599266793347e-01,1.313193636184431523e-01,3.749187912288249325e-01,-6.285297405133455362e-02,-4.082335253680972054e-01,9.976148935032883025e-02,8.461126278491570840e-02,-2.157365670951029990e-01,-7.171207104670701549e-02,1.180450027500736521e-01,-3.943811745740674057e-01,2.174923858885915162e-01,1.696984915370969849e-01,-4.611904878060185120e-01,-3.564584774045388982e-01,5.132102432872582831e-01,5.539881628571684535e-01,1.000000000000000000e+00,1.770856982975322902e-01,9.127496215573120686e-02,9.021457643337711663e-02,1.195437928428136898e-01,3.685713706748788843e-01,1.905279664660456118e-01,1.455231542494710983e-01,-1.630305251181119949e-02,5.040570291003438896e-01,1.796288176261327252e-01,5.476121196864126572e-01,-8.457242739851046631e-02,2.184717600941789850e-01,5.395710780117430883e-01,1.409484878524047136e-01,-1.024941620063315600e-01,-3.854577779679554395e-01
-1.482157339209615177e-01,-3.269901294882139320e-01,3.145755588547588522e-02,-1.007502775283413282e-01,-4.670291240868951004e-04,-3.975425869505612719e-01,-1.389308342985990374e-01,-2.872045356787396586e-01,2.283314460493963138e-01,-2.098828232062380506e-01,-3.620900839258794357e-01,5.086838697949565002e-01,4.992561490147923164e-01,2.189339989588392002e-02,8.097921188880873727e-03,-1.154008404264961207e-01,-3.837619558093005034e-01,-3.032706469822160980e-02,2.310865087793390060e-01,-6.605392127326256690e-02,-2.215226390845854987e-01,1.770856982975322902e-01,1.000000000000000000e+00,-1.641507943475180031e-01,-1.368922260769994126e-01,-3.463177823678676992e-01,4.535986832678494118e-01,-4.297038259506323343e-01,-4.596952454409258260e-01,-3.464082253320510119e-01,1.790181914930159268e-01,-3.437583922937409442e-01,1.372568112226372483e-01,4.911610563941494201e-01,-4.140847688474056376e-01,9.339890570406549075e-02,-3.844395620658713764e-01,1.087490888544428574e-01,3.114917586769318514e-01
5.216348025291902557e-01,5.759396357459476423e-01,4.475645058717810376e-01,-6.877711515310097612e-02,3.402778578899769424e-01,6.236485449010776838e-01,1.572165579987431505e-01,-9.555826119771394789e-02,-9.983608557900724989e-02,5.751205475985349258e-01,6.372178780238335616e-01,-4.589061126777149724e-01,-3.548476639133828492e-01,6.741019047140049958e-01,4.207081665841335555e-02,5.432438033349648032e-01,6.723578209163574293e-01,-1.067262205389265806e-01,-1.461936996950426171e-01,9.599375552117622723e-02,3.855439956590697714e-01,9.127496215573120686e-02,-1.641507943475180031e-01,1.000000000000000000e+00,7.126020126988151793e-01,5.472777725535404869e-01,1.808840816767358639e-01,5.986164527170341199e-01,6.016278943310838789e-01,5.370516931058958443e-01,2.802439345127964443e-01,6.531124499891959312e-01,4.185849640686020168e-01,-2.213358393656757461e-01,6.387056474165486719e-01,3.919717991842530669e-01,6.663584374516886566e-01,1.232902982917694901e-01,-6.874760581472531829e-02
5.974197607446217750e-01,6.564850430488263777e-01,4.595056194699821406e-01,-9.569520457278070380e-02,3.351468960344813341e-01,6.651180592042151840e-01,1.193276638113084376e-01,-1.041141070301309646e-01,-1.545258459558451480e-01,6.970218521650900501e-01,7.034463183373009798e-01,-4.979950961415699484e-01,-4.578074409008668355e-01,7.155120111218418177e-01,-1.116140242240833136e-03,6.376332891425972038e-01,6.830648502447352888e-01,-1.382774290215309232e-01,-1.990300812763465821e-01,1.589309063035573566e-01,3.757522112302159600e-01,9.021457643337711663e-02,-1.368922260769994126e-01,7.126020126988151793e-01,1.000000000000000000e+00,6.132748200192085219e-01,2.365709336793838380e-01,6.314850959630242677e-01,6.458809303164476656e-01,5.823457574311179386e-01,2.849316933711374955e-01,6.788343775494467547e-01,3.716428019187955067e-01,-2.463823640394222636e-01,6.605290606446732049e-01,4.639611215744993689e-01,6.940289044443591626e-01,1.332026744305134514e-01,-8.503077966210195737e-02
6.920150365378391344e-01,6.759326845194169042e-01,5.528066012134661422e-01,-1.290483347070748299e-01,4.438334282931694075e-01,6.065758050546640190e-01,7.181477290794482937e-02,-1.370136189698911433e-01,-1.256037708329612868e-01,6.942050227892720971e-01,6.746028541510162846e-01,-5.078535420180978477e-01,-5.649881088628676551e-01,5.928359416242151569e-01,8.838370010405589838e-02,6.551994600761950061e-01,6.775611364408001824e-01,-5.038523350956080477e-02,-1.813198448384825689e-01,2.366003877131598043e-01,4.541090621743551492e-01,1.195437928428136898e-01,-3.463177823678676992e-01,5.472777725535404869e-01,6.132748200192085219e-01,1.000000000000000000e+00,2.128602732292180222e-01,7.362716433925567960e-01,7.160063910059780712e-01,7.088389169069961859e-01,3.321034317303987460e-01,6.467060759351321853e-01,3.757217235667373867e-01,-1.962716422502041036e-01,6.606454828826350267e-01,4.218941887974484994e-01,6.374271934159579933e-01,3.376303695690918705e-01,-1.469852402393556912e-01
3.421117114632304945e-01,1.587131479514715116e-01,3.726974567516057602e-01,-1.590275032340360273e-01,2.584432549439721893e-01,7.286344482036806458e-03,-8.015782969125466451e-03,-2.848187191632892690e-01,5.049026188314903463e-02,2.414738955915586016e-01,1.415680556262559897e-01,1.160251233600406440e-01,1.690170086222830825e-02,4.003691463653441529e-01,2.647303924944964179e-02,3.247941922843555207e-01,1.023749235742503205e-01,-1.518099410747001388e-01,-3.922958092990447981e-02,2.380924470365511358e-01,1.617271412236577777e-01,3.685713706748788843e-01,4.535986832678494118e-01,1.808840816767358639e-01,2.365709336793838380e-01,2.128602732292180222e-01,1.000000000000000000e+00,8.568612563864361209e-02,6.772554841230152278e-02,1.058138782106444326e-01,4.685420054152494296e-01,1.405973683052010870e-01,4.560249676235605953e-01,3.208552660315401317e-01,6.678823811064703297e-02,4.815846772191713088e-01,7.144855536225787340e-02,3.238121524683042485e-01,1.369743016645495748e-01
6.523635987537379499e-01,6.972734883532860639e-01,4.702478019514615415e-01,-3.157273827993629933e-02,3.184037976281741122e-01,6.904922649630202969e-01,2.626187465689182599e-01,-6.739905377959230781e-03,-2.715004725541952935e-01,6.588402545510141373e-01,6.964105209666441310e-01,-6.459871512819699291e-01,-5.451048831214109214e-01,5.538732431890279750e-01,-7.049301793363994817e-02,6.373550257592121016e-01,7.385265390884984127e-01,-1.584744849868469918e-01,-2.817230778548111547e-01,2.902186547611404488e-01,5.875873343855474440e-01,1.905279664660456118e-01,-4.297038259506323343e-01,5.986164527170341199e-01,6.314850959630242677e-01,7.362716433925567960e-01,8.568612563864361209e-02,1.000000000000000000e+00,7.570470843646099901e-01,6.680552411409289570e-01,3.670025169810265941e-01,7.195873569320020424e-01,4.246033602714557875e-01,-3.592504363242468024e-01,7.507127417632944999e-01,4.682800811548039066e-01,7.308040146865025788e-01,1.619725989339899919e-01,-2.842372523242644444e-01
6.670715841752971054e-01,7.432707904770531337e-01,3.887573133976297002e-01,-9.363525162804450797e-02,2.469449828810195702e-01,7.272627151203684415e-01,2.329817500494978932e-01,3.028904073029642027e-02,-3.345620193677525944e-01,6.698197089678330496e-01,7.189598558519998406e-01,-6.886438765983914356e-01,-5.950453298946173364e-01,5.523289688769116301e-01,-8.475450460789270279e-02,6.276903836602341080e-01,7.410362066384622581e-01,-2.210921119835781434e-01,-3.641859687854077099e-01,3.360944356317471238e-01,5.316633627813267537e-01,1.455231542494710983e-01,-4.596952454409258260e-01,6.016278943310838789e-01,6.458809303164476656e-01,7.160063910059780712e-01,6.772554841230152278e-02,7.570470843646099901e-01,1.000000000000000000e+00,6.768733739300296648e-01,3.111104768917555830e-01,7.352542898221344769e-01,3.307601171729450118e-01,-4.445219731460942625e-01,7.762578650102839317e-01,4.696601916859422521e-01,7.344965723552047132e-01,5.277424617645395943e-02,-3.399588515254003962e-01
6.731731898036856787e-01,6.303786249800903407e-01,5.275150964672981058e-01,-5.536611714072435519e-02,4.925825808951174722e-01,5.367408250506375822e-01,3.819506969927181222e-02,-1.681478973796453336e-01,4.078687725780863905e-04,7.099340535222995463e-01,5.868592381085322440e-01,-4.345419096654446478e-01,-4.953765645535112006e-01,5.524105941285422094e-01,1.882701306622132642e-01,6.521261280381718262e-01,5.994280563886079660e-01,4.725227303851220473e-02,-7.196439412396718471e-02,1.523420773094024405e-01,3.360379788551609015e-01,-1.630305251181119949e-02,-3.464082253320510119e-01,5.370516931058958443e-01,5.823457574311179386e-01,7.088389169069961859e-01,1.058138782106444326e-01,6.680552411409289570e-01,6.768733739300296648e-01,1.000000000000000000e+00,2.548174995811399723e-01,5.594445960985860999e-01,2.371225757206917584e-01,-1.436155539207562282e-01,6.098271690726727590e-01,3.114533910856899790e-01,5.702554954119281039e-01,3.344306800318126438e-01,-3.784651659033370918e-02
5.103280003043705326e-01,4.252155689546912587e-01,3.967021378081084237e-01,-1.312409718318648666e-01,1.835620676031519405e-01,2.859639706342542720e-01,3.711392237246430303e-01,-1.218370614256824996e-01,-2.603434872551466106e-01,3.163227029235765597e-01,2.734667904680647132e-01,-2.726052229661768411e-01,-1.025590098090853747e-01,3.778807803116393527e-01,-3.327973700711470695e-01,4.861333911521761308e-01,3.182253694303137648e-01,-4.163384533730825066e-01,-2.841170425328658489e-01,3.785949872369674396e-01,5.605531038908646568e-01,5.040570291003438896e-01,1.790181914930159268e-01,2.802439345127964443e-01,2.849316933711374955e-01,3.321034317303987460e-01,4.685420054152494296e-01,3.670025169810265941e-01,3.111104768917555830e-01,2.548174995811399723e-01,1.000000000000000000e+00,4.162944867527458848e-01,5.383796875150338446e-01,-4.868316752421554539e-02,3.545014180872035903e-01,6.241419173084159500e-01,3.621264923948710468e-01,4.096797768523432332e-02,-2.530529558692338754e-01
6.409442991338263340e-01,7.429952288751973111e-01,3.804709604435569936e-01,-1.288287002471008302e-01,2.110667286744608018e-01,7.752844324270569132e-01,2.998106320738047614e-01,8.627758549607711380e-02,-3.631982029153096314e-01,6.269758926736246352e-01,7.233755973182125487e-01,-6.825318302255261038e-01,-5.093273125901324194e-01,5.956651833725743472e-01,-2.046660090741196369e-01,6.466926804542522111e-01,7.591765880268548372e-01,-2.861261768999181498e-01,-3.694620121248283207e-01,2.541256178697279267e-01,5.745814525495447356e-01,1.796288176261327252e-01,-3.437583922937409442e-01,6.531124499891959312e-01,6.788343775494467547e-01,6.467060759351321853e-01,1.405973683052010870e-01,7.195873569320020424e-01,7.352542898221344769e-01,5.594445960985860999e-01,4.162944867527458848e-01,1.000000000000000000e+00,3.914285573794052953e-01,-4.732152173545785545e-01,7.646315857701290186e-01,5.393832912155031023e-01,7.932795186175384261e-01,-4.564684696834347272e-02,-3.279481698726257055e-01
3.727865204816467326e-01,3.251784813988978229e-01,4.817145837313512313e-01,-3.878927089423607477e-02,1.986696768738122065e-01,2.968776958121796539e-01,2.743012419126075740e-01,-2.322166507295003735e-01,-2.186900329062465842e-01,3.319963519054988099e-01,3.558591682530283240e-01,-2.749170676622672005e-01,-9.090839981702564243e-02,4.756046948421299159e-01,-2.061590401629364022e-01,3.954524264489540086e-01,4.163071807990617046e-01,-3.409810533674835220e-01,-2.525169414716335603e-01,3.883644526512765593e-01,5.887848805423953058e-01,5.476121196864126572e-01,1.372568112226372483e-01,4.185849640686020168e-01,3.716428019187955067e-01,3.757217235667373867e-01,4.560249676235605953e-01,4.246033602714557875e-01,3.307601171729450118e-01,2.371225757206917584e-01,5.383796875150338446e-01,3.914285573794052953e-01,1.000000000000000000e+00,1.923866656174037446e-02,4.007268596824535289e-01,5.896594412826503540e-01,3.723589877392249337e-01,1.679809564988208326e-01,-1.791920494337329861e-01
-1.533185977896694696e-01,-4.331254753609274921e-01,2.545922311809544758e-01,-3.207600907871874935e-02,4.032995280303061092e-01,-5.446274966005946183e-01,-4.240015457974044555e-01,-4.564335582639473254e-01,6.488976263677802558e-01,-1.446845034546101749e-01,-3.959466158128782665e-01,6.828741533305066058e-01,3.892913451217529519e-01,-5.984657952595632581e-03,4.850143754683184372e-01,-1.678207451651496374e-01,-4.216508252856339678e-01,4.369670601843567703e-01,5.674419532789649612e-01,-3.231131481427960139e-01,-3.947553824262027278e-01,-8.457242739851046631e-02,4.911610563941494201e-01,-2.213358393656757461e-01,-2.463823640394222636e-01,-1.962716422502041036e-01,3.208552660315401317e-01,-3.592504363242468024e-01,-4.445219731460942625e-01,-1.436155539207562282e-01,-4.868316752421554539e-02,-4.732152173545785545e-01,1.923866656174037446e-02,1.000000000000000000e+00,-4.881991554302835823e-01,-2.446460749580938177e-01,-4.661765274384204738e-01,5.337089855424779206e-01,6.262557949558488213e-01
6.209527633968001670e-01,7.184746884383906851e-01,3.672332423464891304e-01,-8.737761626494590372e-02,1.812708660659771986e-01,7.602688143710347735e-01,3.042744069506942428e-01,7.268430297585500022e-02,-3.942817439615739494e-01,6.400003601530350750e-01,7.007589619737613074e-01,-7.168444921410844772e-01,-5.344694029461151130e-01,5.526379194897024227e-01,-1.863439452767880200e-01,6.393611135263841394e-01,7.561587757956226286e-01,-2.884676507279081425e-01,-3.943693201319997121e-01,3.353461352942086471e-01,6.082645026485805628e-01,2.184717600941789850e-01,-4.140847688474056376e-01,6.387056474165486719e-01,6.605290606446732049e-01,6.606454828826350267e-01,6.678823811064703297e-02,7.507127417632944999e-01,7.762578650102839317e-01,6.098271690726727590e-01,3.545014180872035903e-01,7.646315857701290186e-01,4.007268596824535289e-01,-4.881991554302835823e-01,1.000000000000000000e+00,5.162369663386771057e-01,7.706744346174606575e-01,-3.809813773841019824e-02,-3.794287104724953230e-01
5.508086889127847829e-01,5.452850175495997931e-01,3.145124414109792266e-01,-1.337116520374593831e-01,3.486242792595647955e-02,4.614771003017869577e-01,4.038196811157663824e-01,-3.590245660863229660e-02,-4.686995157721723926e-01,4.344840002688784009e-01,4.467122127258879583e-01,-4.633860910686209422e-01,-2.528392901778624413e-01,4.849431133877061262e-01,-4.057595384314187092e-01,5.501743137052856891e-01,4.687930452209988497e-01,-5.454953119593168864e-01,-4.954582443161547611e-01,5.683774680958565417e-01,6.033599843013862651e-01,5.395710780117430883e-01,9.339890570406549075e-02,3.919717991842530669e-01,4.639611215744993689e-01,4.218941887974484994e-01,4.815846772191713088e-01,4.682800811548039066e-01,4.696601916859422521e-01,3.114533910856899790e-01,6.241419173084159500e-01,5.393832912155031023e-01,5.896594412826503540e-01,-2.446460749580938177e-01,5.162369663386771057e-01,1.000000000000000000e+00,4.897443154041350999e-01,-6.078006336667866882e-02,-3.937273672980444172e-01
6.104262554952175623e-01,7.251448431392932825e-01,3.701281000603615090e-01,-1.094865956780946975e-01,2.231253987045826448e-01,7.741717393153754179e-01,2.854148468781642634e-01,1.077685298645172512e-01,-3.368588601795258763e-01,6.342607481264777025e-01,7.253280379758916263e-01,-6.833507961325981928e-01,-5.099528772771547702e-01,5.865264323194754326e-01,-1.823249521740362977e-01,6.385480942885580768e-01,7.639014943177102612e-01,-2.503695890398597856e-01,-3.468555107896013068e-01,2.183543195062104258e-01,5.592783764906218424e-01,1.409484878524047136e-01,-3.844395620658713764e-01,6.663584374516886566e-01,6.940289044443591626e-01,6.374271934159579933e-01,7.144855536225787340e-02,7.308040146865025788e-01,7.344965723552047132e-01,5.702554954119281039e-01,3.621264923948710468e-01,7.932795186175384261e-01,3.723589877392249337e-01,-4.661765274384204738e-01,7.706744346174606575e-01,4.897443154041350999e-01,1.000000000000000000e+00,-4.335488059743794476e-02,-3.036733896469679950e-01
2.291019663049553845e-01,-1.157388339969448419e-02,5.453144039872098725e-01,2.498473353937669464e-02,6.442373920971240508e-01,-1.233459560052853343e-01,-3.761799537282228267e-01,-5.129028141617235637e-01,5.498378368226833901e-01,2.812506456151899203e-01,8.824924246483860368e-02,2.960412799421893171e-01,-4.600560834828099077e-02,2.959903983282526907e-01,5.723832478773132060e-01,1.919367837899556006e-01,7.101322611704612153e-02,5.008082083539063811e-01,4.667220417310876113e-01,-2.089768427609828838e-01,-9.665815294860975737e-02,-1.024941620063315600e-01,1.087490888544428574e-01,1.232902982917694901e-01,1.332026744305134514e-01,3.376303695690918705e-01,3.238121524683042485e-01,1.619725989339899919e-01,5.277424617645395943e-02,3.344306800318126438e-01,4.096797768523432332e-02,-4.564684696834347272e-02,1.679809564988208326e-01,5.337089855424779206e-01,-3.809813773841019824e-02,-6.078006336667866882e-02,-4.335488059743794476e-02,1.000000000000000000e+00,5.338626884021930863e-01
-1.481067788897007242e-01,-3.449665936699583546e-01,2.352978634335865238e-01,3.316199529977499616e-02,4.943614509905902565e-01,-3.464420236966957445e-01,-5.455344239563185704e-01,-3.915998202697209551e-01,7.723172244620707394e-01,-9.448230373211788033e-03,-2.349850584720429014e-01,6.136728758257447014e-01,2.950569078278700297e-01,8.326807882376821568e-02,6.270411427587821995e-01,-1.065794311918497883e-01,-2.458203862000965245e-01,6.671400080946434663e-01,7.282428558367756155e-01,-6.244971228010375297e-01,-4.855672883022612019e-01,-3.854577779679554395e-01,3.114917586769318514e-01,-6.874760581472531829e-02,-8.503077966210195737e-02,-1.469852402393556912e-01,1.369743016645495748e-01,-2.842372523242644444e-01,-3.399588515254003962e-01,-3.784651659033370918e-02,-2.530529558692338754e-01,-3.279481698726257055e-01,-1.791920494337329861e-01,6.262557949558488213e-01,-3.794287104724953230e-01,-3.937273672980444172e-01,-3.036733896469679950e-01,5.338626884021930863e-01,1.000000000000000000e+00
