1.000000000000000000e+00,5.455630924676858617e-01,7.180829754302725521e-01,6.867089177046629134e-01,5.751954680516556673e-01,5.766149567606021487e-01,-2.302433570335102597e-01,-5.488626338057601695e-01,8.105511132720526479e-01,8.905305106154942640e-01,4.731649456688831745e-01,3.508877409938683800e-01,4.036721663705198915e-01,8.507329440506591345e-01,8.092488011473928378e-01,8.817178453735102783e-01,7.400496375228534651e-01,7.341116676806627162e-01,6.812883192657388509e-01,8.241949461496620444e-01,1.419686176504134645e-01,1.602252859315776157e-01,8.490861192635598131e-01,7.306500977155656606e-01,8.367329639928033913e-01,8.741603025994597598e-01,2.929925564759685575e-01,8.511214092622630956e-01,8.191786289819175115e-01,7.867248548150094223e-01,-6.773575113881483666e-03,8.329818855050441506e-01,5.437828434165937752e-01,6.934178005604066941e-01,5.122702247912649387e-01,7.208012745853811243e-01,8.155553928727303781e-01,8.057236769580843339e-01,1.832134829764459905e-01
5.455630924676858617e-01,1.000000000000000000e+00,4.030371055739095931e-01,2.150896397630067958e-01,5.793141745891035033e-01,-1.514542518700179030e-01,2.557569659739974965e-01,-3.177921910063274402e-01,7.600277148557187390e-01,4.995125855245638458e-01,1.168544635038289842e-01,5.295189855760897846e-01,-9.304859245770134846e-02,4.710153024776045916e-01,2.153561858145170149e-01,4.932416535303519867e-01,2.477812258489165975e-01,3.168784119316375159e-01,2.680853016033987735e-01,2.384928983445708250e-01,2.385424725430824178e-01,2.688141176283515010e-01,5.803658830835081162e-01,3.526089747754013182e-01,3.999639309793167619e-01,3.187769738586487267e-01,5.523423025036381384e-01,3.708049877935550853e-01,2.861797367626107147e-01,5.705795776441313638e-01,5.386953900317033028e-01,3.591570093811678466e-01,4.269829525900040168e-01,6.306018254019502001e-01,-3.542720037971017200e-02,4.472253512786745211e-01,3.294759836910821638e-01,3.079348247047420384e-01,5.225842444673343135e-01
7.180829754302725521e-01,4.030371055739095931e-01,1.000000000000000000e+00,5.193427987819406733e-01,7.680215054521085660e-01,5.464824432075262584e-01,-1.413685999121383208e-01,-8.967193281209588918e-01,6.706015373828083659e-01,8.070913716201127963e-01,4.898533047424089570e-01,2.651663532510879495e-01,2.142398668875029333e-01,8.407845905165565181e-01,6.212867955197055592e-01,8.001322999673911029e-01,6.793213660812125188e-01,6.806830854191449065e-01,5.688395645265177381e-01,6.627792570106815218e-01,3.964178159902422838e-01,2.792999392280374749e-01,7.286374628338927462e-01,6.574433867000966103e-01,7.658209050172061216e-01,7.710613212317255494e-01,3.184047602265456245e-01,8.350094776876576530e-01,7.247037595276256683e-01,6.669448185781501337e-01,2.064332740327471383e-01,6.773293667009475660e-01,7.324731962185366818e-01,6.738293884980729453e-01,5.888823778141996090e-01,6.379624182473068172e-01,7.381588258965624538e-01,7.449642300842855835e-01,1.827273281182366926e-01
6.867089177046629134e-01,2.150896397630067958e-01,5.193427987819406733e-01,1.000000000000000000e+00,3.567539893706046517e-01,4.998792177875213683e-01,-8.775375169248211121e-03,-3.762337673631040991e-01,5.518664841738741833e-01,7.151406562647039111e-01,3.887677711242276679e-01,5.368806629697266963e-01,5.690522281190338871e-01,5.777602617879704638e-01,8.462040127490015884e-01,7.112386375387074189e-01,6.139833332628401585e-01,7.821257683327443866e-01,8.136387013817141245e-01,8.663931547466287020e-01,9.778274626665628411e-02,3.960291601608039724e-01,7.415677004946563677e-01,5.135631287922323152e-01,6.930444667463164787e-01,7.067029094656489541e-01,1.382115813947566441e-01,7.315017829851213627e-01,5.899528032465786165e-01,4.268176379532407361e-01,-2.170442835632698797e-01,7.460947032783176169e-01,2.471122641764191274e-01,5.084776091540518239e-01,3.641579798747348051e-01,6.668880224372890630e-01,6.966533274605771764e-01,6.785854745226710394e-01,2.662001616126213888e-01
5.751954680516556673e-01,5.793141745891035033e-01,7.680215054521085660e-01,3.567539893706046517e-01,1.000000000000000000e+00,2.675132226879948782e-01,7.412160214838925398e-02,-7.669420040107896019e-01,7.266784232006033850e-01,6.532287316151406120e-01,4.169288906449544752e-01,3.482600474605933583e-01,-8.928801316877794936e-03,7.355887493814879941e-01,3.895893455086320012e-01,6.395614653838129771e-01,5.237082408636536401e-01,4.655535052351461589e-01,3.690739191046767953e-01,4.341016189526458735e-01,4.263767748906531763e-01,2.064585347307431040e-01,6.276383515824807136e-01,5.547316550696717030e-01,5.896914590313208082e-01,5.585144127336462150e-01,4.951433827291753520e-01,6.641618644179796416e-01,4.837870483048260506e-01,5.909426372490435009e-01,3.796837464221421987e-01,5.203131886769529757e-01,6.974576798568641323e-01,7.832035700149182489e-01,2.787590595255315939e-01,5.362430106331127488e-01,5.692091000511456667e-01,5.655043018646442876e-01,3.311483254280908617e-01
5.766149567606021487e-01,-1.514542518700179030e-01,5.464824432075262584e-01,4.998792177875213683e-01,2.675132226879948782e-01,1.000000000000000000e+00,-5.300597093895653700e-01,-4.922113453047992082e-01,2.472247029179451550e-01,5.846541963167689593e-01,6.893679049497155598e-01,-1.799191925586788587e-01,3.952835804654347140e-01,6.131225810672445986e-01,6.305428013689550193e-01,5.403899127728128970e-01,7.666606749890293449e-01,4.734308169872678551e-01,4.342728831137939172e-01,6.325001952244001524e-01,-1.759145613207804132e-03,-4.022271221428658228e-02,4.045912342071726897e-01,5.484411320345908836e-01,6.218546004423108897e-01,6.978742153267292192e-01,-7.857172933872609566e-02,6.355930878881315138e-01,7.743572656263999487e-01,4.337527039610162283e-01,-3.215648793237221303e-01,6.901889326641095224e-01,3.800865362749833998e-01,2.557649899021298689e-01,7.545387423348546285e-01,4.056657422481653175e-01,7.332420628572712262e-01,5.642256900626968497e-01,-3.414869599873157080e-01
-2.302433570335102597e-01,2.557569659739974965e-01,-1.413685999121383208e-01,-8.775375169248211121e-03,7.412160214838925398e-02,-5.300597093895653700e-01,1.000000000000000000e+00,5.386278345257175526e-02,3.964673513075561706e-02,-1.375123998598486996e-01,-2.814878759071487990e-01,3.813333505827267711e-01,-9.557379543936174449e-02,-2.194045713065713721e-01,-2.381917452297916127e-01,-1.487896712226186580e-01,-2.934610341039189385e-01,-1.217940701560717431e-01,-3.269549650039260680e-02,-2.184816018621059397e-01,3.866764021958864483e-01,3.787733694353998537e-01,-5.157075476885775861e-02,-1.750055612101123481e-01,-1.651282365373647754e-01,-3.074244698996118075e-01,2.955861623673601279e-01,-2.265553385927434327e-01,-3.075371822345008832e-01,-1.282897104782726172e-01,4.084901121734360596e-01,-1.783324026276377205e-01,1.916263147254210208e-02,1.028678849228126246e-01,-3.368113889254730209e-01,-7.160237485254274115e-02,-2.243694267824330735e-01,-2.306088308299407419e-01,4.349136001683546748e-01
-5.488626338057601695e-01,-3.177921910063274402e-01,-8.967193281209588918e-01,-3.762337673631040991e-01,-7.669420040107896019e-01,-4.922113453047992082e-01,5.386278345257175526e-02,1.000000000000000000e+00,-5.323628306709028424e-01,-6.754848670256802246e-01,-4.819388926436734555e-01,-1.452334186047096187e-01,-9.075178578399999141e-02,-7.266622208510303826e-01,-4.247378457326745904e-01,-6.491937041331655722e-01,-5.923737977865504156e-01,-5.119072567705759136e-01,-3.811587081133100408e-01,-4.800731960952504540e-01,-5.387749694251168231e-01,-2.640862844992968861e-01,-5.611861357563859842e-01,-5.670249367248583194e-01,-6.415664043570095121e-01,-6.218955619246151478e-01,-3.206550462998551398e-01,-7.020358694040448322e-01,-6.205061302984148375e-01,-5.974606062851245403e-01,-2.856243933683146885e-01,-5.466737657507552139e-01,-6.934181406442037066e-01,-5.985827214604421131e-01,-5.702076051123460276e-01,-4.899362651455413942e-01,-6.294283184847963009e-01,-5.950053338134810854e-01,-1.157441650005032185e-01
8.105511132720526479e-01,7.600277148557187390e-01,6.706015373828083659e-01,5.518664841738741833e-01,7.266784232006033850e-01,2.472247029179451550e-01,3.964673513075561706e-02,-5.323628306709028424e-01,1.000000000000000000e+00,7.829082262898654498e-01,3.356381551660619911e-01,5.412563697394854323e-01,2.349927789054805927e-01,7.716807418923775641e-01,6.343583749455351528e-01,7.899679389455841472e-01,5.996690227368894899e-01,6.097361971179175999e-01,5.575925917760249373e-01,6.414702699050943702e-01,2.247285691396235241e-01,1.672704880912462277e-01,8.331544123146750191e-01,6.268645367959368997e-01,7.324391287416869289e-01,6.806634514621946463e-01,4.517134275962029766e-01,7.359951461248183113e-01,5.987978272489042908e-01,7.185313845401832822e-01,2.341316621256288588e-01,6.844635797258542542e-01,6.180848670023871838e-01,8.698182880625444646e-01,2.175249330686245264e-01,6.102069928921517450e-01,6.626692534716328575e-01,6.936522057017068255e-01,4.309203719233014040e-01
8.905305106154942640e-01,4.995125855245638458e-01,8.070913716201127963e-01,7.151406562647039111e-01,6.532287316151406120e-01,5.846541963167689593e-01,-1.375123998598486996e-01,-6.754848670256802246e-01,7.829082262898654498e-01,1.000000000000000000e+00,4.990893708889488911e-01,3.400962663196950841e-01,3.787797375461873228e-01,8.721123753783761590e-01,7.981579522954179717e-01,9.368052020394527224e-01,7.524105554398391460e-01,7.983314396699724425e-01,7.456584553824536776e-01,8.326706066297850928e-01,2.772689824189471519e-01,2.251976743617842835e-01,8.678581445653468229e-01,7.311821064621712996e-01,8.613638704854564843e-01,8.899515072103463265e-01,3.283934782383962081e-01,8.852860449631980710e-01,8.119105154849766137e-01,7.852733527706404759e-01,7.639569302853979615e-02,8.483099539471814499e-01,6.117637793825050352e-01,6.941390182625097882e-01,5.695197401580878172e-01,7.533587411274815793e-01,8.402184219658894726e-01,8.520048028819363628e-01,2.407852875978803986e-01
4.731649456688831745e-01,1.168544635038289842e-01,4.898533047424089570e-01,3.887677711242276679e-01,4.169288906449544752e-01,6.893679049497155598e-01,-2.814878759071487990e-01,-4.819388926436734555e-01,3.356381551660619911e-01,4.990893708889488911e-01,1.000000000000000000e+00,5.742937752028638709e-02,2.794321404664822928e-01,5.534913524531634987e-01,4.662499308169978929e-01,4.424697557981532303e-01,7.932976197240280136e-01,3.372265220773357774e-01,3.297377677978625132e-01,4.458959386282388415e-01,9.212743225412285686e-02,1.251109697400360488e-01,3.960265788951441435e-01,5.616021723501120055e-01,5.200300203337528959e-01,5.499231812929358254e-01,2.703465894252271018e-01,4.944547704668530996e-01,6.101399379256655653e-01,4.220845001529382468e-01,-3.838514800055280868e-02,6.457247392537985853e-01,3.702200554474373018e-01,3.818760409645221010e-01,4.873521934863860872e-01,3.804683729146172144e-01,6.165566695393888130e-01,4.289482303376307981e-01,-7.592672296046379388e-02
3.508877409938683800e-01,5.295189855760897846e-01,2.651663532510879495e-01,5.368806629697266963e-01,3.482600474605933583e-01,-1.799191925586788587e-01,3.813333505827267711e-01,-1.452334186047096187e-01,5.412563697394854323e-01,3.400962663196950841e-01,5.742937752028638709e-02,1.000000000000000000e+00,2.879505403619390669e-01,2.521152148872740639e-01,4.154904221669794007e-01,3.761616967880854201e-01,1.790452837758813032e-01,4.659203959279856755e-01,4.171451584135373869e-01,4.047393003371528297e-01,7.057114737287079054e-02,5.345220749299147700e-01,5.667718271657057327e-01,2.345960835062917693e-01,3.121159311619235432e-01,2.294698016968770571e-01,3.894226055054609836e-01,3.490152859991013656e-01,6.653746980811513223e-02,1.435314423201651812e-01,1.420499888949397216e-01,3.338365933762803550e-01,1.337240165998009322e-01,5.083157420030824936e-01,-2.534761795456629274e-01,4.323145258174400651e-01,2.267888798556408347e-01,2.565275495766428659e-01,6.548054212956817555e-01
4.036721663705198915e-01,-9.304859245770134846e-02,2.142398668875029333e-01,5.690522281190338871e-01,-8.928801316877794936e-03,3.952835804654347140e-01,-9.557379543936174449e-02,-9.075178578399999141e-02,2.349927789054805927e-01,3.787797375461873228e-01,2.794321404664822928e-01,2.879505403619390669e-01,1.000000000000000000e+00,2.862548402720110352e-01,6.212865707428862905e-01,4.001584897051607692e-01,4.242966180817179800e-01,4.620561869695430923e-01,4.702231977039836863e-01,5.556753970950789601e-01,-1.551650646417499502e-01,6.689087057953690962e-02,3.698009190431666426e-01,3.399371654032671830e-01,4.378406631769687918e-01,4.573603427865555182e-01,-1.630461635346250326e-01,3.826265436345702153e-01,4.033201726366832940e-01,2.194579854095030369e-01,-5.464230988671747724e-01,4.779806977715015948e-01,3.959375861241382077e-02,1.792747739489519709e-01,1.852615662518533046e-01,3.185197488687749323e-01,3.670495953187473681e-01,4.200181578282478623e-01,-2.123279359124954913e-02
8.507329440506591345e-01,4.710153024776045916e-01,8.407845905165565181e-01,5.777602617879704638e-01,7.355887493814879941e-01,6.131225810672445986e-01,-2.194045713065713721e-01,-7.266622208510303826e-01,7.716807418923775641e-01,8.721123753783761590e-01,5.534913524531634987e-01,2.521152148872740639e-01,2.862548402720110352e-01,1.000000000000000000e+00,7.309393532211281297e-01,8.673012918415092809e-01,7.799734873062825757e-01,6.809408666917744490e-01,6.056530965176080139e-01,7.443408215792670646e-01,2.338083149448361986e-01,1.100355134080860942e-01,7.982414497014375110e-01,7.624450349239575431e-01,8.220287849263022695e-01,8.667827725316735732e-01,3.615576724118634289e-01,8.538536541631411847e-01,8.278043827884427053e-01,7.667175816310786152e-01,9.390999695655555257e-02,8.048302645166098834e-01,7.495674373897232012e-01,7.472121588966293970e-01,5.832368530094775849e-01,6.873105071454020942e-01,8.217847003837479569e-01,7.992825290833595053e-01,1.198707881813892290e-01
8.092488011473928378e-01,2.153561858145170149e-01,6.212867955197055592e-01,8.462040127490015884e-01,3.895893455086320012e-01,6.305428013689550193e-01,-2.381917452297916127e-01,-4.247378457326745904e-01,6.343583749455351528e-01,7.981579522954179717e-01,4.662499308169978929e-01,4.154904221669794007e-01,6.212865707428862905e-01,7.309393532211281297e-01,1.000000000000000000e+00,8.090742072324099698e-01,7.327669897603220628e-01,7.940371907249144101e-01,8.004958876662099376e-01,9.306702222518318246e-01,1.027298509981552574e-02,1.951781091745747598e-01,7.955176855900474298e-01,6.509584262147555256e-01,7.921418890126072920e-01,8.372978636810722852e-01,8.700502076650182270e-02,8.396066451455838076e-01,7.302964801126452521e-01,5.407791843785691999e-01,-2.917668170059103949e-01,8.184711498416655795e-01,3.867574705956988712e-01,5.954392872973957029e-01,4.551012226401874861e-01,6.727110452612288238e-01,7.584633798068767252e-01,7.972778688578282535e-01,1.513135294816599641e-01
8.817178453735102783e-01,4.932416535303519867e-01,8.001322999673911029e-01,7.112386375387074189e-01,6.395614653838129771e-01,5.403899127728128970e-01,-1.487896712226186580e-01,-6.491937041331655722e-01,7.899679389455841472e-01,9.368052020394527224e-01,4.424697557981532303e-01,3.761616967880854201e-01,4.001584897051607692e-01,8.673012918415092809e-01,8.090742072324099698e-01,1.000000000000000000e+00,7.183579443590759617e-01,8.096703301590605362e-01,7.517486209653191365e-01,8.381343012987173546e-01,2.206325158212747439e-01,1.819314707403342779e-01,8.789569649422624975e-01,6.996797918551997952e-01,8.366917835639474665e-01,8.825648746165852820e-01,3.313102806690310098e-01,8.784307211316243480e-01,7.909835562939734332e-01,7.715189403353222009e-01,4.660988748514756363e-02,8.175583447788691283e-01,5.940046231921510822e-01,6.993870301892115560e-01,5.336962047357007854e-01,7.797897170647113407e-01,7.966827570805656844e-01,8.610500147136787019e-01,2.731074979109451850e-01
7.400496375228534651e-01,2.477812258489165975e-01,6.793213660812125188e-01,6.139833332628401585e-01,5.237082408636536401e-01,7.666606749890293449e-01,-2.934610341039189385e-01,-5.923737977865504156e-01,5.996690227368894899e-01,7.524105554398391460e-01,7.932976197240280136e-01,1.790452837758813032e-01,4.242966180817179800e-01,7.799734873062825757e-01,7.327669897603220628e-01,7.183579443590759617e-01,1.000000000000000000e+00,5.966647436169841834e-01,5.823242995749112749e-01,7.383194358043593253e-01,9.860626554488083340e-02,6.315388271419047905e-02,6.825230733992865284e-01,7.296837850842000650e-01,7.560387856616411772e-01,7.812955943654069646e-01,2.067708903331133274e-01,7.633467416767879543e-01,7.987615342052030165e-01,5.951686346654098125e-01,-1.118044549926026643e-01,8.325028435300625418e-01,5.204204465898274456e-01,5.899319746488494998e-01,5.718171381422089139e-01,5.433775524092683273e-01,8.169359621420184681e-01,6.952250295089079657e-01,2.737850912176803498e-04
7.341116676806627162e-01,3.168784119316375159e-01,6.806830854191449065e-01,7.821257683327443866e-01,4.655535052351461589e-01,4.734308169872678551e-01,-1.217940701560717431e-01,-5.119072567705759136e-01,6.097361971179175999e-01,7.983314396699724425e-01,3.372265220773357774e-01,4.659203959279856755e-01,4.620561869695430923e-01,6.809408666917744490e-01,7.940371907249144101e-01,8.096703301590605362e-01,5.966647436169841834e-01,1.000000000000000000e+00,8.381583914517950484e-01,8.521010076525924459e-01,2.151960652658102546e-01,3.229370152005056616e-01,8.088108512995694221e-01,5.858706146394219161e-01,7.129038379351790855e-01,7.832917831862667990e-01,2.053972022037966472e-01,8.306626083383341630e-01,6.324162077433548301e-01,5.236296203115545778e-01,-5.964874961365390638e-02,7.512192408488971296e-01,3.768556012766877683e-01,4.694858526041735258e-01,3.815637153751208488e-01,7.640331690434727374e-01,7.061931290663504557e-01,8.073329619200331209e-01,3.542624386372949519e-01
6.812883192657388509e-01,2.680853016033987735e-01,5.688395645265177381e-01,8.136387013817141245e-01,3.690739191046767953e-01,4.342728831137939172e-01,-3.269549650039260680e-02,-3.811587081133100408e-01,5.575925917760249373e-01,7.456584553824536776e-01,3.297377677978625132e-01,4.171451584135373869e-01,4.702231977039836863e-01,6.056530965176080139e-01,8.004958876662099376e-01,7.517486209653191365e-01,5.823242995749112749e-01,8.381583914517950484e-01,1.000000000000000000e+00,8.304131485437881155e-01,1.192964782136576862e-01,3.434945888962366856e-01,7.761015669501093450e-01,5.172658546070519892e-01,6.552191183029619781e-01,7.123610539100526662e-01,1.642283634988217222e-01,7.357455748339184476e-01,5.661556893970673965e-01,4.624760489120576246e-01,-5.891294057952131680e-02,6.900528852785150491e-01,3.157845227424082024e-01,4.474292377851306624e-01,3.371356412910465061e-01,6.849358048276240618e-01,6.273053356786580936e-01,7.636700008841971199e-01,3.620355741284020934e-01
8.241949461496620444e-01,2.384928983445708250e-01,6.627792570106815218e-01,8.663931547466287020e-01,4.341016189526458735e-01,6.325001952244001524e-01,-2.184816018621059397e-01,-4.800731960952504540e-01,6.414702699050943702e-01,8.326706066297850928e-01,4.458959386282388415e-01,4.047393003371528297e-01,5.556753970950789601e-01,7.443408215792670646e-01,9.306702222518318246e-01,8.381343012987173546e-01,7.383194358043593253e-01,8.521010076525924459e-01,8.304131485437881155e-01,1.000000000000000000e+00,9.262797002433664773e-02,1.992352905157475651e-01,8.317097433862489231e-01,6.546971460904003060e-01,7.959995898568027473e-01,8.463285883731713755e-01,1.086339035065866515e-01,8.804628937208073269e-01,7.372867595120666806e-01,5.582672653407653174e-01,-2.368150112240267058e-01,8.394706462594246910e-01,4.019723522382712688e-01,5.772329820596374672e-01,4.770459161883049970e-01,7.088461966980457163e-01,8.007738132225524774e-01,8.270016215833746465e-01,1.859485573932854741e-01
1.419686176504134645e-01,2.385424725430824178e-01,3.964178159902422838e-01,9.778274626665628411e-02,4.263767748906531763e-01,-1.759145613207804132e-03,3.866764021958864483e-01,-5.387749694251168231e-01,2.247285691396235241e-01,2.772689824189471519e-01,9.212743225412285686e-02,7.057114737287079054e-02,-1.551650646417499502e-01,2.338083149448361986e-01,1.027298509981552574e-02,2.206325158212747439e-01,9.860626554488083340e-02,2.151960652658102546e-01,1.192964782136576862e-01,9.262797002433664773e-02,1.000000000000000000e+00,3.705929317258233602e-01,2.062608394902753217e-01,2.751515470241460704e-01,2.799779879111841119e-01,1.563855675262845468e-01,2.894407203881930735e-01,2.807851591560108773e-01,1.685720286210815877e-01,2.803607137943093797e-01,4.328380691836013483e-01,1.565766846262975076e-01,3.730305834767070894e-01,2.821692017571102995e-01,2.184818125742966077e-01,1.799724858691460483e-01,2.394791106612567388e-01,1.924032718213612991e-01,2.014911937272788056e-01
1.602252859315776157e-01,2.688141176283515010e-01,2.792999392280374749e-01,3.960291601608039724e-01,2.064585347307431040e-01,-4.022271221428658228e-02,3.787733694353998537e-01,-2.640862844992968861e-01,1.672704880912462277e-01,2.251976743617842835e-01,1.251109697400360488e-01,5.345220749299147700e-01,6.689087057953690962e-02,1.100355134080860942e-01,1.951781091745747598e-01,1.819314707403342779e-01,6.315388271419047905e-02,3.229370152005056616e-01,3.434945888962366856e-01,1.992352905157475651e-01,3.705929317258233602e-01,1.000000000000000000e+00,2.733262115389784586e-01,1.506203389206386412e-01,2.482348568076386264e-01,1.527630253597739018e-01,2.801427927857618738e-01,2.121816378370341705e-01,8.672769616857273212e-02,1.036672384086502613e-01,3.350185607214228867e-01,1.763259912643723171e-01,5.376550252993524820e-02,1.621894970431080885e-01,7.809445010767913919e-02,3.271928532745316809e-01,1.824645265275804951e-01,1.029370991393545737e-01,3.673482333308367709e-01
8.490861192635598131e-01,5.803658830835081162e-01,7.286374628338927462e-01,7.415677004946563677e-01,6.276383515824807136e-01,4.045912342071726897e-01,-5.157075476885775861e-02,-5.611861357563859842e-01,8.331544123146750191e-01,8.678581445653468229e-01,3.960265788951441435e-01,5.667718271657057327e-01,3.698009190431666426e-01,7.982414497014375110e-01,7.955176855900474298e-01,8.789569649422624975e-01,6.825230733992865284e-01,8.088108512995694221e-01,7.761015669501093450e-01,8.317097433862489231e-01,2.062608394902753217e-01,2.733262115389784586e-01,1.000000000000000000e+00,7.028136310707224776e-01,8.005437377069918314e-01,7.871719141150744781e-01,3.533394557541338910e-01,8.426734366059196457e-01,6.577900741295077403e-01,6.612320257111633515e-01,9.042648964781846432e-02,7.897365269011817901e-01,5.308609579752956442e-01,7.334263531814442238e-01,3.368981862570888386e-01,7.197007990175612324e-01,7.507600416426173373e-01,8.112082893476885159e-01,4.319425154558480529e-01
7.306500977155656606e-01,3.526089747754013182e-01,6.574433867000966103e-01,5.135631287922323152e-01,5.547316550696717030e-01,5.484411320345908836e-01,-1.750055612101123481e-01,-5.670249367248583194e-01,6.268645367959368997e-01,7.311821064621712996e-01,5.616021723501120055e-01,2.345960835062917693e-01,3.399371654032671830e-01,7.624450349239575431e-01,6.509584262147555256e-01,6.996797918551997952e-01,7.296837850842000650e-01,5.858706146394219161e-01,5.172658546070519892e-01,6.546971460904003060e-01,2.751515470241460704e-01,1.506203389206386412e-01,7.028136310707224776e-01,1.000000000000000000e+00,7.788833577237618266e-01,7.134320684137064328e-01,1.774154941235738248e-01,7.322475216397212883e-01,7.238534857767406905e-01,6.902964305403476164e-01,1.085274855809779254e-02,7.353710331458843674e-01,5.470756914968394335e-01,5.867573457850822072e-01,5.249047069477671412e-01,4.823359128220673364e-01,7.584288770335381180e-01,6.593562903870373582e-01,7.167990884787391048e-02
8.367329639928033913e-01,3.999639309793167619e-01,7.658209050172061216e-01,6.930444667463164787e-01,5.896914590313208082e-01,6.218546004423108897e-01,-1.651282365373647754e-01,-6.415664043570095121e-01,7.324391287416869289e-01,8.613638704854564843e-01,5.200300203337528959e-01,3.121159311619235432e-01,4.378406631769687918e-01,8.220287849263022695e-01,7.921418890126072920e-01,8.366917835639474665e-01,7.560387856616411772e-01,7.129038379351790855e-01,6.552191183029619781e-01,7.959995898568027473e-01,2.799779879111841119e-01,2.482348568076386264e-01,8.005437377069918314e-01,7.788833577237618266e-01,1.000000000000000000e+00,8.379051565727283490e-01,1.792479325055728323e-01,8.510417634782720953e-01,8.000957382423770081e-01,7.196323522606941081e-01,-4.891033362552552749e-02,8.079876466915798527e-01,5.917864181939387347e-01,6.791032794656569616e-01,6.149991040414632959e-01,6.154697072486720044e-01,8.489701405053251548e-01,7.890785241068933864e-01,1.083633619206370996e-01
8.741603025994597598e-01,3.187769738586487267e-01,7.710613212317255494e-01,7.067029094656489541e-01,5.585144127336462150e-01,6.978742153267292192e-01,-3.074244698996118075e-01,-6.218955619246151478e-01,6.806634514621946463e-01,8.899515072103463265e-01,5.499231812929358254e-01,2.294698016968770571e-01,4.573603427865555182e-01,8.667827725316735732e-01,8.372978636810722852e-01,8.825648746165852820e-01,7.812955943654069646e-01,7.832917831862667990e-01,7.123610539100526662e-01,8.463285883731713755e-01,1.563855675262845468e-01,1.527630253597739018e-01,7.871719141150744781e-01,7.134320684137064328e-01,8.379051565727283490e-01,1.000000000000000000e+00,2.803503893627999344e-01,8.741424453326825939e-01,8.601610280209754933e-01,7.188800296406341328e-01,-8.260768013284026934e-02,8.525832410898004365e-01,5.828300639425356700e-01,6.049774649500831991e-01,6.246435833212027333e-01,7.627041971012843424e-01,8.276594068213584121e-01,8.601071358790253196e-01,8.073834357250636584e-02
2.929925564759685575e-01,5.523423025036381384e-01,3.184047602265456245e-01,1.382115813947566441e-01,4.951433827291753520e-01,-7.857172933872609566e-02,2.955861623673601279e-01,-3.206550462998551398e-01,4.517134275962029766e-01,3.283934782383962081e-01,2.703465894252271018e-01,3.894226055054609836e-01,-1.630461635346250326e-01,3.615576724118634289e-01,8.700502076650182270e-02,3.313102806690310098e-01,2.067708903331133274e-01,2.053972022037966472e-01,1.642283634988217222e-01,1.086339035065866515e-01,2.894407203881930735e-01,2.801427927857618738e-01,3.533394557541338910e-01,1.774154941235738248e-01,1.792479325055728323e-01,2.803503893627999344e-01,1.000000000000000000e+00,1.989960156818071368e-01,1.932687560231056423e-01,2.954205147429527778e-01,6.024659684228063083e-01,3.073683750662116743e-01,4.368659916538423782e-01,4.538417544060325270e-01,8.290085179286418166e-03,4.587913507317771811e-01,1.824091251228678323e-01,2.470276838485726545e-01,4.988160770826670642e-01
8.511214092622630956e-01,3.708049877935550853e-01,8.350094776876576530e-01,7.315017829851213627e-01,6.641618644179796416e-01,6.355930878881315138e-01,-2.265553385927434327e-01,-7.020358694040448322e-01,7.359951461248183113e-01,8.852860449631980710e-01,4.944547704668530996e-01,3.490152859991013656e-01,3.826265436345702153e-01,8.538536541631411847e-01,8.396066451455838076e-01,8.784307211316243480e-01,7.633467416767879543e-01,8.306626083383341630e-01,7.357455748339184476e-01,8.804628937208073269e-01,2.807851591560108773e-01,2.121816378370341705e-01,8.426734366059196457e-01,7.322475216397212883e-01,8.510417634782720953e-01,8.741424453326825939e-01,1.989960156818071368e-01,1.000000000000000000e+00,7.867343889788264155e-01,6.711506259373887229e-01,-2.848877051185952011e-02,8.254002143702042771e-01,5.962465638853855499e-01,6.984416115313876183e-01,5.490267800206659610e-01,7.176634546330442621e-01,8.471265355527156649e-01,8.489065200470696793e-01,1.797084239661487781e-01
8.191786289819175115e-01,2.861797367626107147e-01,7.247037595276256683e-01,5.899528032465786165e-01,4.837870483048260506e-01,7.743572656263999487e-01,-3.075371822345008832e-01,-6.205061302984148375e-01,5.987978272489042908e-01,8.119105154849766137e-01,6.101399379256655653e-01,6.653746980811513223e-02,4.033201726366832940e-01,8.278043827884427053e-01,7.302964801126452521e-01,7.909835562939734332e-01,7.987615342052030165e-01,6.324162077433548301e-01,5.661556893970673965e-01,7.372867595120666806e-01,1.685720286210815877e-01,8.672769616857273212e-02,6.577900741295077403e-01,7.238534857767406905e-01,8.000957382423770081e-01,8.601610280209754933e-01,1.932687560231056423e-01,7.867343889788264155e-01,1.000000000000000000e+00,7.790529144554154684e-01,-4.889007401166553524e-02,8.436419568252002676e-01,6.151320986713009198e-01,5.343871700294782201e-01,7.476051905641081241e-01,6.139935250255162957e-01,8.598447997444933488e-01,7.379178799871149996e-01,-9.088150732683891730e-02
7.867248548150094223e-01,5.705795776441313638e-01,6.669448185781501337e-01,4.268176379532407361e-01,5.909426372490435009e-01,4.337527039610162283e-01,-1.282897104782726172e-01,-5.974606062851245403e-01,7.185313845401832822e-01,7.852733527706404759e-01,4.220845001529382468e-01,1.435314423201651812e-01,2.194579854095030369e-01,7.667175816310786152e-01,5.407791843785691999e-01,7.715189403353222009e-01,5.951686346654098125e-01,5.236296203115545778e-01,4.624760489120576246e-01,5.582672653407653174e-01,2.803607137943093797e-01,1.036672384086502613e-01,6.612320257111633515e-01,6.902964305403476164e-01,7.196323522606941081e-01,7.188800296406341328e-01,2.954205147429527778e-01,6.711506259373887229e-01,7.790529144554154684e-01,1.000000000000000000e+00,1.915267390115380219e-01,6.942344791037097229e-01,5.682434912881872968e-01,5.882952314246324699e-01,5.476876082696950920e-01,5.765523278174145005e-01,7.121698930359372515e-01,6.365264461349842140e-01,6.519395016979886992e-02
-6.773575113881483666e-03,5.386953900317033028e-01,2.064332740327471383e-01,-2.170442835632698797e-01,3.796837464221421987e-01,-3.215648793237221303e-01,4.084901121734360596e-01,-2.856243933683146885e-01,2.341316621256288588e-01,7.639569302853979615e-02,-3.838514800055280868e-02,1.420499888949397216e-01,-5.464230988671747724e-01,9.390999695655555257e-02,-2.917668170059103949e-01,4.660988748514756363e-02,-1.118044549926026643e-01,-5.964874961365390638e-02,-5.891294057952131680e-02,-2.368150112240267058e-01,4.328380691836013483e-01,3.350185607214228867e-01,9.042648964781846432e-02,1.085274855809779254e-02,-4.891033362552552749e-02,-8.260768013284026934e-02,6.024659684228063083e-01,-2.848877051185952011e-02,-4.889007401166553524e-02,1.915267390115380219e-01,1.000000000000000000e+00,-7.380791307088142850e-02,3.777021828758329036e-01,2.417618266571170960e-01,-3.593058322410865729e-02,7.775762751364186098e-02,-5.262064768087663935e-02,6.497885475638956942e-04,4.938915400934111855e-01
8.329818855050441506e-01,3.591570093811678466e-01,6.773293667009475660e-01,7.460947032783176169e-01,5.203131886769529757e-01,6.901889326641095224e-01,-1.783324026276377205e-01,-5.466737657507552139e-01,6.844635797258542542e-01,8.483099539471814499e-01,6.457247392537985853e-01,3.338365933762803550e-01,4.779806977715015948e-01,8.048302645166098834e-01,8.184711498416655795e-01,8.175583447788691283e-01,8.325028435300625418e-01,7.512192408488971296e-01,6.900528852785150491e-01,8.394706462594246910e-01,1.565766846262975076e-01,1.763259912643723171e-01,7.897365269011817901e-01,7.353710331458843674e-01,8.079876466915798527e-01,8.525832410898004365e-01,3.073683750662116743e-01,8.254002143702042771e-01,8.436419568252002676e-01,6.942344791037097229e-01,-7.380791307088142850e-02,1.000000000000000000e+00,5.292694090459476586e-01,6.034499626564967523e-01,5.638438283972490028e-01,6.820321708503380709e-01,8.883843396908261969e-01,7.585625217689677680e-01,1.239128390258509432e-01
5.437828434165937752e-01,4.269829525900040168e-01,7.324731962185366818e-01,2.471122641764191274e-01,6.974576798568641323e-01,3.800865362749833998e-01,1.916263147254210208e-02,-6.934181406442037066e-01,6.180848670023871838e-01,6.117637793825050352e-01,3.702200554474373018e-01,1.337240165998009322e-01,3.959375861241382077e-02,7.495674373897232012e-01,3.867574705956988712e-01,5.940046231921510822e-01,5.204204465898274456e-01,3.768556012766877683e-01,3.157845227424082024e-01,4.019723522382712688e-01,3.730305834767070894e-01,5.376550252993524820e-02,5.308609579752956442e-01,5.470756914968394335e-01,5.917864181939387347e-01,5.828300639425356700e-01,4.368659916538423782e-01,5.962465638853855499e-01,6.151320986713009198e-01,5.682434912881872968e-01,3.777021828758329036e-01,5.292694090459476586e-01,1.000000000000000000e+00,6.818466788250023836e-01,4.688434674926174606e-01,4.334707177408111400e-01,5.843172437495608440e-01,5.541392813815210205e-01,1.398951290033824679e-01
6.934178005604066941e-01,6.306018254019502001e-01,6.738293884980729453e-01,5.084776091540518239e-01,7.832035700149182489e-01,2.557649899021298689e-01,1.028678849228126246e-01,-5.985827214604421131e-01,8.698182880625444646e-01,6.941390182625097882e-01,3.818760409645221010e-01,5.083157420030824936e-01,1.792747739489519709e-01,7.472121588966293970e-01,5.954392872973957029e-01,6.993870301892115560e-01,5.899319746488494998e-01,4.694858526041735258e-01,4.474292377851306624e-01,5.772329820596374672e-01,2.821692017571102995e-01,1.621894970431080885e-01,7.334263531814442238e-01,5.867573457850822072e-01,6.791032794656569616e-01,6.049774649500831991e-01,4.538417544060325270e-01,6.984416115313876183e-01,5.343871700294782201e-01,5.882952314246324699e-01,2.417618266571170960e-01,6.034499626564967523e-01,6.818466788250023836e-01,1.000000000000000000e+00,2.239069093577960579e-01,5.118054320456936201e-01,5.980934486878305423e-01,6.286315060130227561e-01,3.786848618158240032e-01
5.122702247912649387e-01,-3.542720037971017200e-02,5.888823778141996090e-01,3.641579798747348051e-01,2.787590595255315939e-01,7.545387423348546285e-01,-3.368113889254730209e-01,-5.702076051123460276e-01,2.175249330686245264e-01,5.695197401580878172e-01,4.873521934863860872e-01,-2.534761795456629274e-01,1.852615662518533046e-01,5.832368530094775849e-01,4.551012226401874861e-01,5.336962047357007854e-01,5.718171381422089139e-01,3.815637153751208488e-01,3.371356412910465061e-01,4.770459161883049970e-01,2.184818125742966077e-01,7.809445010767913919e-02,3.368981862570888386e-01,5.249047069477671412e-01,6.149991040414632959e-01,6.246435833212027333e-01,8.290085179286418166e-03,5.490267800206659610e-01,7.476051905641081241e-01,5.476876082696950920e-01,-3.593058322410865729e-02,5.638438283972490028e-01,4.688434674926174606e-01,2.239069093577960579e-01,1.000000000000000000e+00,3.686806925764706255e-01,6.721606593285333053e-01,4.792776087655946649e-01,-3.565749776112461245e-01
7.208012745853811243e-01,4.472253512786745211e-01,6.379624182473068172e-01,6.668880224372890630e-01,5.362430106331127488e-01,4.056657422481653175e-01,-7.160237485254274115e-02,-4.899362651455413942e-01,6.102069928921517450e-01,7.533587411274815793e-01,3.804683729146172144e-01,4.323145258174400651e-01,3.185197488687749323e-01,6.873105071454020942e-01,6.727110452612288238e-01,7.797897170647113407e-01,5.433775524092683273e-01,7.640331690434727374e-01,6.849358048276240618e-01,7.088461966980457163e-01,1.799724858691460483e-01,3.271928532745316809e-01,7.197007990175612324e-01,4.823359128220673364e-01,6.154697072486720044e-01,7.627041971012843424e-01,4.587913507317771811e-01,7.176634546330442621e-01,6.139935250255162957e-01,5.765523278174145005e-01,7.775762751364186098e-02,6.820321708503380709e-01,4.334707177408111400e-01,5.118054320456936201e-01,3.686806925764706255e-01,1.000000000000000000e+00,6.214228186243098140e-01,6.869854207901234799e-01,3.437219828494688656e-01
8.155553928727303781e-01,3.294759836910821638e-01,7.381588258965624538e-01,6.966533274605771764e-01,5.692091000511456667e-01,7.332420628572712262e-01,-2.243694267824330735e-01,-6.294283184847963009e-01,6.626692534716328575e-01,8.402184219658894726e-01,6.165566695393888130e-01,2.267888798556408347e-01,3.670495953187473681e-01,8.217847003837479569e-01,7.584633798068767252e-01,7.966827570805656844e-01,8.169359621420184681e-01,7.061931290663504557e-01,6.273053356786580936e-01,8.007738132225524774e-01,2.394791106612567388e-01,1.824645265275804951e-01,7.507600416426173373e-01,7.584288770335381180e-01,8.489701405053251548e-01,8.276594068213584121e-01,1.824091251228678323e-01,8.471265355527156649e-01,8.598447997444933488e-01,7.121698930359372515e-01,-5.262064768087663935e-02,8.883843396908261969e-01,5.843172437495608440e-01,5.980934486878305423e-01,6.721606593285333053e-01,6.214228186243098140e-01,1.000000000000000000e+00,7.308477846228554897e-01,9.044101812382505587e-03
8.057236769580843339e-01,3.079348247047420384e-01,7.449642300842855835e-01,6.785854745226710394e-01,5.655043018646442876e-01,5.642256900626968497e-01,-2.306088308299407419e-01,-5.950053338134810854e-01,6.936522057017068255e-01,8.520048028819363628e-01,4.289482303376307981e-01,2.565275495766428659e-01,4.200181578282478623e-01,7.992825290833595053e-01,7.972778688578282535e-01,8.610500147136787019e-01,6.952250295089079657e-01,8.073329619200331209e-01,7.636700008841971199e-01,8.270016215833746465e-01,1.924032718213612991e-01,1.029370991393545737e-01,8.112082893476885159e-01,6.593562903870373582e-01,7.890785241068933864e-01,8.601071358790253196e-01,2.470276838485726545e-01,8.489065200470696793e-01,7.379178799871149996e-01,6.365264461349842140e-01,6.497885475638956942e-04,7.585625217689677680e-01,5.541392813815210205e-01,6.286315060130227561e-01,4.792776087655946649e-01,6.869854207901234799e-01,7.308477846228554897e-01,1.000000000000000000e+00,3.261738458544589103e-01
1.832134829764459905e-01,5.225842444673343135e-01,1.827273281182366926e-01,2.662001616126213888e-01,3.311483254280908617e-01,-3.414869599873157080e-01,4.349136001683546748e-01,-1.157441650005032185e-01,4.309203719233014040e-01,2.407852875978803986e-01,-7.592672296046379388e-02,6.548054212956817555e-01,-2.123279359124954913e-02,1.198707881813892290e-01,1.513135294816599641e-01,2.731074979109451850e-01,2.737850912176803498e-04,3.542624386372949519e-01,3.620355741284020934e-01,1.859485573932854741e-01,2.014911937272788056e-01,3.673482333308367709e-01,4.319425154558480529e-01,7.167990884787391048e-02,1.083633619206370996e-01,8.073834357250636584e-02,4.988160770826670642e-01,1.797084239661487781e-01,-9.088150732683891730e-02,6.519395016979886992e-02,4.938915400934111855e-01,1.239128390258509432e-01,1.398951290033824679e-01,3.786848618158240032e-01,-3.565749776112461245e-01,3.437219828494688656e-01,9.044101812382505587e-03,3.261738458544589103e-01,1.000000000000000000e+00
