1.000000000000000000e+00,8.784621713324157755e-01,7.103440563605060154e-01,5.382579405117642324e-01,7.308562064752267551e-01,2.701087838189397683e-01,6.071761471140887378e-01,-3.398076273450598705e-01,6.889358030216918838e-01,8.141831151748014639e-01,7.329822155962675279e-01,3.145922362646387249e-01,2.902182245448495790e-01,8.162522034781112268e-01,1.073745181369891027e-01,7.611401871873126890e-01,4.785934614831954814e-01,3.842461740789479552e-01,1.650281058998277484e-01,5.405233305574376201e-01,7.781806563540918931e-02,6.691025648940760462e-01,6.702808948884199092e-01,6.859382587522833141e-01,6.908677004424994550e-01,6.242457645587146109e-01,7.183561198171959372e-01,6.149105648251005363e-01,7.799165388574315072e-01,5.591041647233734313e-01,7.388115837150075471e-01,7.573669668157373414e-01,6.613570375673449853e-01,5.665403570874066874e-01,4.790217787985648901e-01,7.472975873127483126e-01,5.796584434560015930e-01,3.414606941337003931e-01,6.769554374694177756e-01
8.784621713324157755e-01,1.000000000000000000e+00,6.478834542374038996e-01,5.658254951109336073e-01,6.981663148678007857e-01,3.678470503623227361e-01,6.614024518356570459e-01,-3.034690643982689284e-01,5.587173673295388054e-01,8.430245296950749090e-01,7.784467250338740207e-01,2.221317457940829021e-01,3.845748988946656177e-01,7.801495711414552225e-01,-1.408848377647676348e-04,7.498715871692968049e-01,5.861040326428675895e-01,2.798153273230295501e-01,1.155211930096234144e-02,5.676204175475748626e-01,1.098556375820391867e-01,6.952231998566975602e-01,5.936112001956840301e-01,5.985051490291698473e-01,6.257567731739546169e-01,5.903977165258549320e-01,7.206445473555680437e-01,6.280938642901315871e-01,7.990150358373155903e-01,4.441283622423606303e-01,7.485377406775738374e-01,7.459835350664942855e-01,6.800732417751598202e-01,4.063093704581421384e-01,5.206320563221591424e-01,7.381646000829086285e-01,6.437609593255022578e-01,2.374069680342444644e-01,6.459045987081556417e-01
7.103440563605060154e-01,6.478834542374038996e-01,1.000000000000000000e+00,3.965576151158527463e-01,8.306385983556454633e-01,1.536594652155953977e-01,6.059841856337117028e-01,-3.828542800103679755e-01,7.531724634252442430e-01,6.996244480944128208e-01,6.032406637881964073e-01,3.407689426247967335e-01,1.616514752390767473e-01,7.624539013695005307e-01,1.402791971255132608e-01,6.644665330630646904e-01,2.758149265732981470e-01,4.303133978085523226e-01,4.755726809633014640e-01,5.833428302402156040e-01,1.017453408155604283e-01,6.415743301087459827e-01,6.661011733219881492e-01,6.478815214471319583e-01,7.143531897906544303e-01,5.509865571794040351e-01,5.537083132457424339e-01,5.291947021868645962e-01,5.517052815901760665e-01,6.239718848595499079e-01,7.781730607430638047e-01,6.390323987311480325e-01,6.246994734117037318e-01,7.267189501348356728e-01,3.621840817957512337e-01,6.133773138614214693e-01,4.452044642050080325e-01,4.740831119151635020e-01,6.788894675967385162e-01
5.382579405117642324e-01,5.658254951109336073e-01,3.965576151158527463e-01,1.000000000000000000e+00,5.004444043781954843e-01,6.101559028404828222e-01,7.198777150610405906e-01,-2.971379776686555729e-01,1.825755809019438125e-01,6.238352588174344016e-01,6.632701216543299694e-01,6.674922739265437728e-03,3.639038474762046338e-01,5.528490124381757465e-01,-1.948317590443807701e-01,5.812941199822446725e-01,6.877083638770076224e-01,3.199488757706433484e-01,-7.401293527298898056e-02,6.500193226393493617e-01,-2.537371881282502253e-02,5.107117284670159574e-01,2.904511847625566023e-01,4.424705965470711044e-01,3.199599182365727157e-01,4.997882209709866852e-01,6.994902859852391019e-01,5.123079587208448915e-01,6.750141684034124401e-01,1.751329589314871427e-01,5.665184268727428973e-01,6.231463018539530330e-01,5.260095414128019842e-01,1.692650887856743391e-01,6.632859795730767782e-01,4.591219376674191555e-01,6.051177859746305066e-01,-1.105229454591582922e-01,2.467149444568662586e-01
7.308562064752267551e-01,6.981663148678007857e-01,8.306385983556454633e-01,5.004444043781954843e-01,1.000000000000000000e+00,2.018792284151743888e-01,6.385076263085140980e-01,-4.469938902343160159e-01,7.211242175969683199e-01,7.527653039097456089e-01,6.224121901332013707e-01,3.878471794919811089e-01,1.610211696506369805e-01,7.455911406423142429e-01,1.237301281595099833e-01,6.914787240509420174e-01,3.666785372086276973e-01,4.747409381574938525e-01,3.747275070633793725e-01,5.435171402205097868e-01,4.619078458426742473e-02,5.768988634918359448e-01,6.717616329779720896e-01,6.223120951164965442e-01,7.386713625324766719e-01,5.724664630082993977e-01,6.759560408785857399e-01,5.312379497783743521e-01,6.276787531455665370e-01,5.241535638289669397e-01,7.839051903400723331e-01,7.052892836151702927e-01,5.518367094645865167e-01,6.587104870770930098e-01,4.132255209648129091e-01,6.276142303079579321e-01,5.446439303396786169e-01,4.361447797342375421e-01,7.491622258919872213e-01
2.701087838189397683e-01,3.678470503623227361e-01,1.536594652155953977e-01,6.101559028404828222e-01,2.018792284151743888e-01,1.000000000000000000e+00,4.903195230541462224e-01,-1.317273502342035107e-01,-1.613227658589042324e-01,4.075661168217295516e-01,5.325438103287505331e-01,-3.573167589382304499e-01,5.920908600883046935e-01,3.775692552988155759e-01,-4.482355692150194471e-01,2.741150269593938260e-01,7.252883020172647965e-01,-6.450053609448409830e-02,-2.775536323906664937e-01,5.232770809190074868e-01,-5.234064095266913186e-02,4.107645168651049561e-01,4.589034070757373046e-02,2.741358358461931100e-01,5.756677894282215269e-02,2.091287559282456188e-01,3.888075663829666517e-01,4.139727879054915238e-01,5.807133676128622968e-01,-3.912606317605678979e-02,3.589266485238805648e-01,5.027160434415598456e-01,5.719936959881564142e-01,-1.134520554818228139e-01,7.540131574318612584e-01,2.591227084129125169e-01,6.309434848023282028e-01,-3.732650777453557778e-01,-6.385779720735552945e-02
6.071761471140887378e-01,6.614024518356570459e-01,6.059841856337117028e-01,7.198777150610405906e-01,6.385076263085140980e-01,4.903195230541462224e-01,1.000000000000000000e+00,-1.057832729537588889e-01,3.061622417609933811e-01,7.023016936034632840e-01,6.981270220152370198e-01,-4.213952061063899746e-02,3.979946378409875418e-01,6.321961176872462618e-01,-3.046707936053840715e-01,6.477119862104928627e-01,5.851296453492432770e-01,1.192115818475040362e-01,-7.703016095150594378e-02,5.899186539905204585e-01,3.282174917260919367e-01,7.417540458794716907e-01,3.272928483086305351e-01,4.039674081721059684e-01,4.087852210797274233e-01,4.398348369833938176e-01,6.366392757967672678e-01,5.960376523114397918e-01,6.116261381109724393e-01,2.858155958111375239e-01,7.551686917272353305e-01,6.903815121150056466e-01,6.072462200969946933e-01,2.650387824842069806e-01,6.394990721486395469e-01,6.264310990427857107e-01,6.779589408660358085e-01,1.742911619554796815e-02,3.893507278100714619e-01
-3.398076273450598705e-01,-3.034690643982689284e-01,-3.828542800103679755e-01,-2.971379776686555729e-01,-4.469938902343160159e-01,-1.317273502342035107e-01,-1.057832729537588889e-01,1.000000000000000000e+00,-3.661143863519303876e-01,-3.113768588030311202e-01,-3.353894729404455211e-01,-2.260063165048616096e-01,-3.282232530885371979e-02,-3.463864684201502508e-01,-2.289666372057145849e-01,-2.045060552088655559e-01,-2.046238214255372834e-01,-5.181403732466185463e-01,-3.539314015113404488e-01,-5.395341075745305748e-01,6.956869962109225591e-01,-4.053454646318168514e-02,-2.896157116655058150e-01,-3.902555618592220554e-01,-3.012744207636393612e-01,-2.481626034320908725e-01,-3.622836589224722181e-01,-5.596031723780704042e-02,-3.820334811917031614e-01,-1.562947739149574411e-01,-2.359286031459042199e-01,-2.693013198950851006e-01,-2.941409892290701711e-01,-3.881303160692876619e-01,-3.233215380142824558e-02,-9.921456586825100343e-02,-1.938607253212400738e-01,-1.131202651052918007e-01,-3.412023258130477688e-01
6.889358030216918838e-01,5.587173673295388054e-01,7.531724634252442430e-01,1.825755809019438125e-01,7.211242175969683199e-01,-1.613227658589042324e-01,3.061622417609933811e-01,-3.661143863519303876e-01,1.000000000000000000e+00,5.493657537924647727e-01,4.525264104961679301e-01,6.084161912225597435e-01,-3.800556453366343151e-02,6.855849373603586372e-01,4.568009410322080854e-01,5.880404750796960345e-01,6.618648345112720932e-02,5.784264283845649279e-01,5.761303348590108842e-01,2.934586225603054710e-01,-8.486540484440830215e-03,4.022416303992499276e-01,7.503836348454201444e-01,6.498172315118323494e-01,7.451242645637877748e-01,5.709516604392772532e-01,4.738658203481961873e-01,4.252302674775317870e-01,4.316578836970854094e-01,7.061220041727807040e-01,5.749451796069187104e-01,5.234401360585413387e-01,3.989358685746394739e-01,8.423889327634579427e-01,7.207071703588585621e-02,5.963534138474995139e-01,2.325585447657513571e-01,7.132467867552090279e-01,7.537961286143796125e-01
8.141831151748014639e-01,8.430245296950749090e-01,6.996244480944128208e-01,6.238352588174344016e-01,7.527653039097456089e-01,4.075661168217295516e-01,7.023016936034632840e-01,-3.113768588030311202e-01,5.493657537924647727e-01,1.000000000000000000e+00,7.639271878263603766e-01,2.626589189438983118e-01,3.049870229241124497e-01,7.712289185941209047e-01,7.566194814873893060e-02,8.449248403936318041e-01,6.209256323500070840e-01,4.078778340003998415e-01,1.429282597452389003e-01,6.492487251204142051e-01,1.068917022964411129e-01,6.960677835718899198e-01,6.489354655639327785e-01,6.403763101884260012e-01,6.839768907244830887e-01,6.722984923213882746e-01,7.667259131842404374e-01,7.024004079458143757e-01,8.061017880232829169e-01,5.024670046490189446e-01,8.034965125556700061e-01,7.404247255131388705e-01,6.700717299436012020e-01,4.347934601508403607e-01,5.488259628109634081e-01,6.550597011614183174e-01,6.563236390911333373e-01,3.271905066451260558e-01,6.602236527678537747e-01
7.329822155962675279e-01,7.784467250338740207e-01,6.032406637881964073e-01,6.632701216543299694e-01,6.224121901332013707e-01,5.325438103287505331e-01,6.981270220152370198e-01,-3.353894729404455211e-01,4.525264104961679301e-01,7.639271878263603766e-01,1.000000000000000000e+00,9.702039383390213823e-02,5.530688091098430181e-01,8.010669541597564836e-01,-5.346429561927619478e-02,6.709115726532969282e-01,7.366822359006643950e-01,2.667092738175388389e-01,-6.114917801100201028e-02,5.971502264220498457e-01,5.026567394021910773e-02,7.311323310497302996e-01,5.099574257810913780e-01,6.032317190258454920e-01,5.204873288683676824e-01,6.354859544014627160e-01,7.538297436697464216e-01,6.680771102349165602e-01,8.104339068041153116e-01,3.047885683582839955e-01,6.725473885196067148e-01,7.649592141771851539e-01,7.798815410382425872e-01,3.924293775375170545e-01,5.678963204779367002e-01,6.938265383985777746e-01,7.238857458675781453e-01,1.368124469813907784e-01,5.017509419064855036e-01
3.145922362646387249e-01,2.221317457940829021e-01,3.407689426247967335e-01,6.674922739265437728e-03,3.878471794919811089e-01,-3.573167589382304499e-01,-4.213952061063899746e-02,-2.260063165048616096e-01,6.084161912225597435e-01,2.626589189438983118e-01,9.702039383390213823e-02,1.000000000000000000e+00,-3.263442609704074737e-01,3.029572307620942428e-01,7.416312086796147396e-01,3.245421725434703419e-01,-1.121846175343788193e-01,6.401968382500266008e-01,4.889838690947765909e-01,1.446251324073816180e-02,-1.135650047874009749e-01,2.537066608246591609e-02,5.857421955899763111e-01,3.700189692812976272e-01,5.089230873618093565e-01,3.991849925711808411e-01,2.948234271540872697e-01,5.533825115265434552e-02,1.448194164066086698e-01,3.520658511668393609e-01,2.355656076609266569e-01,1.493522759088957430e-01,-3.130872123775525762e-02,4.956268616146745631e-01,-1.947716416326247812e-01,2.048987763634797787e-01,-4.720376326940277367e-02,6.276937025802936665e-01,6.469905730969642832e-01
2.902182245448495790e-01,3.845748988946656177e-01,1.616514752390767473e-01,3.639038474762046338e-01,1.610211696506369805e-01,5.920908600883046935e-01,3.979946378409875418e-01,-3.282232530885371979e-02,-3.800556453366343151e-02,3.049870229241124497e-01,5.530688091098430181e-01,-3.263442609704074737e-01,1.000000000000000000e+00,3.822247515071920954e-01,-4.215393212027984671e-01,2.086457815018318285e-01,5.316694658044732735e-01,-2.679369097536491440e-01,-4.354964579750437714e-01,2.695309677178864827e-01,1.648358267284971423e-01,6.113346723670374239e-01,1.045626366882194264e-02,2.323829116826501284e-01,3.606922663253177980e-02,1.190217793161640891e-01,3.120413510012374769e-01,3.778453321833764034e-01,4.336010108585555134e-01,-1.404240549639317881e-01,2.621962868550970494e-01,4.700541207233805419e-01,6.051789304101663491e-01,1.904316529348507731e-02,4.758910794434746405e-01,3.810234200948658945e-01,5.934643379719590772e-01,-3.189548545731457629e-01,1.019062682895572822e-02
8.162522034781112268e-01,7.801495711414552225e-01,7.624539013695005307e-01,5.528490124381757465e-01,7.455911406423142429e-01,3.775692552988155759e-01,6.321961176872462618e-01,-3.463864684201502508e-01,6.855849373603586372e-01,7.712289185941209047e-01,8.010669541597564836e-01,3.029572307620942428e-01,3.822247515071920954e-01,1.000000000000000000e+00,7.561466508633681027e-02,6.997054434859144578e-01,5.112323821059281403e-01,3.682908524384489457e-01,1.885482249315233172e-01,5.502042999958322023e-01,6.611490994447616343e-02,7.285194739375309148e-01,6.969560991854406584e-01,7.528803447741283517e-01,6.978933436235440491e-01,6.125454942606805009e-01,6.866790516059579907e-01,6.077717120303728349e-01,7.405301283524257094e-01,5.159813366205366902e-01,7.194451752331667560e-01,7.719749846214436495e-01,7.703847277717372766e-01,6.576255401477110185e-01,5.206365369911926111e-01,7.608768005866880513e-01,6.321359020693976261e-01,3.385992359544144903e-01,6.418979943375771047e-01
1.073745181369891027e-01,-1.408848377647676348e-04,1.402791971255132608e-01,-1.948317590443807701e-01,1.237301281595099833e-01,-4.482355692150194471e-01,-3.046707936053840715e-01,-2.289666372057145849e-01,4.568009410322080854e-01,7.566194814873893060e-02,-5.346429561927619478e-02,7.416312086796147396e-01,-4.215393212027984671e-01,7.561466508633681027e-02,1.000000000000000000e+00,1.719072825719061004e-01,-1.461242204758460006e-01,6.667641005739063376e-01,5.714419519860162167e-01,-9.401283202995414090e-02,-2.428376021556307718e-01,-2.016180713273082459e-01,4.594402994124738848e-01,2.563412525430661115e-01,3.388336353250184230e-01,4.214608113600605277e-01,7.548729379455421107e-02,6.617231828920952519e-02,8.332274427256494698e-03,3.119181511941636065e-01,-1.825636289633944878e-02,-6.560351916014064977e-02,-1.435239088381434769e-01,3.761459600289457361e-01,-4.048318997165831212e-01,-6.041718992879024225e-02,-2.417309553861705096e-01,6.336740465070942463e-01,3.704489692832263481e-01
7.611401871873126890e-01,7.498715871692968049e-01,6.644665330630646904e-01,5.812941199822446725e-01,6.914787240509420174e-01,2.741150269593938260e-01,6.477119862104928627e-01,-2.045060552088655559e-01,5.880404750796960345e-01,8.449248403936318041e-01,6.709115726532969282e-01,3.245421725434703419e-01,2.086457815018318285e-01,6.997054434859144578e-01,1.719072825719061004e-01,1.000000000000000000e+00,5.387808995765017706e-01,4.691720997050323749e-01,2.092027801058132241e-01,5.353070405727874403e-01,1.954688412235064121e-01,6.198861748563769813e-01,6.758261324320724572e-01,6.107755274550731306e-01,6.770597704884165902e-01,7.068751490196683029e-01,6.953735623878326555e-01,6.867123750786964242e-01,6.681442616635943077e-01,6.113998564165890048e-01,7.349651758025761428e-01,7.054085190071007760e-01,5.429332627378428144e-01,4.454579356047638772e-01,4.745814287911530593e-01,6.636925874008886561e-01,5.670090667024264564e-01,4.495839420231377837e-01,6.108685099828896625e-01
4.785934614831954814e-01,5.861040326428675895e-01,2.758149265732981470e-01,6.877083638770076224e-01,3.666785372086276973e-01,7.252883020172647965e-01,5.851296453492432770e-01,-2.046238214255372834e-01,6.618648345112720932e-02,6.209256323500070840e-01,7.366822359006643950e-01,-1.121846175343788193e-01,5.316694658044732735e-01,5.112323821059281403e-01,-1.461242204758460006e-01,5.387808995765017706e-01,1.000000000000000000e+00,1.904912195766255423e-01,-2.269351022696446951e-01,5.154476424976508486e-01,2.344859515471214850e-02,4.969185375208373112e-01,2.894768236628620373e-01,4.277242294961593472e-01,2.685862163331614871e-01,5.713490399839746825e-01,6.245087465880461153e-01,6.538785542636400550e-01,7.581983346316973904e-01,1.024459667563881043e-01,4.813014562164382171e-01,6.245260195221822297e-01,5.913801692194396997e-01,-1.226562483111446299e-02,6.458400346271219172e-01,3.902585262737280902e-01,6.769767352529043603e-01,-8.879986637850351139e-02,1.823465912019616442e-01
3.842461740789479552e-01,2.798153273230295501e-01,4.303133978085523226e-01,3.199488757706433484e-01,4.747409381574938525e-01,-6.450053609448409830e-02,1.192115818475040362e-01,-5.181403732466185463e-01,5.784264283845649279e-01,4.078778340003998415e-01,2.667092738175388389e-01,6.401968382500266008e-01,-2.679369097536491440e-01,3.682908524384489457e-01,6.667641005739063376e-01,4.691720997050323749e-01,1.904912195766255423e-01,1.000000000000000000e+00,6.825508770109335321e-01,3.498748117030975879e-01,-3.555539227459201257e-01,1.640031808067344415e-02,5.518787327333996018e-01,5.370672968855053631e-01,4.683500736471813974e-01,6.165645269119128802e-01,3.945936522239345545e-01,3.252714676442794439e-01,3.581508505700863876e-01,4.887944004589428459e-01,3.757787548296562807e-01,2.771714707375558806e-01,1.747585151792682701e-01,4.819824796520595922e-01,7.496680124163568673e-03,1.530385941859295218e-01,6.421051392306885430e-02,5.383277955717409302e-01,4.691542170924750677e-01
1.650281058998277484e-01,1.155211930096234144e-02,4.755726809633014640e-01,-7.401293527298898056e-02,3.747275070633793725e-01,-2.775536323906664937e-01,-7.703016095150594378e-02,-3.539314015113404488e-01,5.761303348590108842e-01,1.429282597452389003e-01,-6.114917801100201028e-02,4.889838690947765909e-01,-4.354964579750437714e-01,1.885482249315233172e-01,5.714419519860162167e-01,2.092027801058132241e-01,-2.269351022696446951e-01,6.825508770109335321e-01,1.000000000000000000e+00,1.601929467851478384e-01,-2.338344667981521741e-01,-1.024729355543600312e-01,4.077745319028017734e-01,3.550164724257948712e-01,3.812032689201327318e-01,3.400094841931056155e-01,1.385748839176039436e-02,1.209232781186384831e-01,1.909535403607732704e-02,5.782579897530775170e-01,2.572125393253814618e-01,6.478458567278176650e-02,4.832803495771895164e-02,5.849249543388668204e-01,-1.577398085968539088e-01,-1.346211190200809031e-02,-1.985446045571969964e-01,5.803577297798901968e-01,3.207333792404208905e-01
5.405233305574376201e-01,5.676204175475748626e-01,5.833428302402156040e-01,6.500193226393493617e-01,5.435171402205097868e-01,5.232770809190074868e-01,5.899186539905204585e-01,-5.395341075745305748e-01,2.934586225603054710e-01,6.492487251204142051e-01,5.971502264220498457e-01,1.446251324073816180e-02,2.695309677178864827e-01,5.502042999958322023e-01,-9.401283202995414090e-02,5.353070405727874403e-01,5.154476424976508486e-01,3.498748117030975879e-01,1.601929467851478384e-01,1.000000000000000000e+00,-3.049527383326107177e-01,4.678329625013359361e-01,3.342593098276734898e-01,4.772484845154340571e-01,3.722339566236206321e-01,3.832983435261570482e-01,5.786609661326661547e-01,4.196529281713926585e-01,6.264746914978905901e-01,2.697115942228230367e-01,6.179334467373301942e-01,5.057869020805710880e-01,6.091470675825561010e-01,3.048891353509193825e-01,4.602591183463728974e-01,3.610740353646207934e-01,4.701325050834493369e-01,1.472067884713622538e-03,3.364791213954813620e-01
7.781806563540918931e-02,1.098556375820391867e-01,1.017453408155604283e-01,-2.537371881282502253e-02,4.619078458426742473e-02,-5.234064095266913186e-02,3.282174917260919367e-01,6.956869962109225591e-01,-8.486540484440830215e-03,1.068917022964411129e-01,5.026567394021910773e-02,-1.135650047874009749e-01,1.648358267284971423e-01,6.611490994447616343e-02,-2.428376021556307718e-01,1.954688412235064121e-01,2.344859515471214850e-02,-3.555539227459201257e-01,-2.338344667981521741e-01,-3.049527383326107177e-01,1.000000000000000000e+00,4.158096262795366038e-01,4.028296158765243967e-02,-1.011594499291389171e-01,8.873126467227578085e-02,8.785774329635287483e-02,-2.078758734194771488e-04,2.914200400007458391e-01,-5.588308610694630446e-02,7.930271033385342949e-02,2.189504825512618713e-01,1.583884370759791882e-01,4.720844455181892607e-02,-6.042337674424128058e-02,2.475616398528663609e-01,2.790087017665072167e-01,1.698143536321176650e-01,7.225730773066715851e-02,3.836006698549330324e-02
6.691025648940760462e-01,6.952231998566975602e-01,6.415743301087459827e-01,5.107117284670159574e-01,5.768988634918359448e-01,4.107645168651049561e-01,7.417540458794716907e-01,-4.053454646318168514e-02,4.022416303992499276e-01,6.960677835718899198e-01,7.311323310497302996e-01,2.537066608246591609e-02,6.113346723670374239e-01,7.285194739375309148e-01,-2.016180713273082459e-01,6.198861748563769813e-01,4.969185375208373112e-01,1.640031808067344415e-02,-1.024729355543600312e-01,4.678329625013359361e-01,4.158096262795366038e-01,1.000000000000000000e+00,4.340536829202951141e-01,5.104959659515373449e-01,4.890926148843405818e-01,4.370224149900922561e-01,5.839764862565316461e-01,6.296494400406156267e-01,6.019466919383262837e-01,2.638734180489594738e-01,6.998509037948875688e-01,6.629862769340137962e-01,7.581349011646951741e-01,4.209583248599044203e-01,5.554287443974139649e-01,6.690906560878565612e-01,6.350652509148435598e-01,9.552337347107212051e-02,4.604468736265363016e-01
6.702808948884199092e-01,5.936112001956840301e-01,6.661011733219881492e-01,2.904511847625566023e-01,6.717616329779720896e-01,4.589034070757373046e-02,3.272928483086305351e-01,-2.896157116655058150e-01,7.503836348454201444e-01,6.489354655639327785e-01,5.099574257810913780e-01,5.857421955899763111e-01,1.045626366882194264e-02,6.969560991854406584e-01,4.594402994124738848e-01,6.758261324320724572e-01,2.894768236628620373e-01,5.518787327333996018e-01,4.077745319028017734e-01,3.342593098276734898e-01,4.028296158765243967e-02,4.340536829202951141e-01,1.000000000000000000e+00,6.966312407526682460e-01,8.590396328123838243e-01,6.418579381515668869e-01,5.799796001799801815e-01,4.871011126245902156e-01,5.577434655952352438e-01,5.777826566171083700e-01,5.701184595565511604e-01,5.574906363426550548e-01,4.052749448803272814e-01,6.727937857328633031e-01,2.380276078292436481e-01,5.458168473406274090e-01,3.821322402586947997e-01,6.324917757241349525e-01,7.491554950470347141e-01
6.859382587522833141e-01,5.985051490291698473e-01,6.478815214471319583e-01,4.424705965470711044e-01,6.223120951164965442e-01,2.741358358461931100e-01,4.039674081721059684e-01,-3.902555618592220554e-01,6.498172315118323494e-01,6.403763101884260012e-01,6.032317190258454920e-01,3.700189692812976272e-01,2.323829116826501284e-01,7.528803447741283517e-01,2.563412525430661115e-01,6.107755274550731306e-01,4.277242294961593472e-01,5.370672968855053631e-01,3.550164724257948712e-01,4.772484845154340571e-01,-1.011594499291389171e-01,5.104959659515373449e-01,6.966312407526682460e-01,1.000000000000000000e+00,6.698692744814105371e-01,6.064679177607553706e-01,5.576306712780830788e-01,5.629065636074559453e-01,6.575366284487964563e-01,5.748888340498271576e-01,5.798561959362898977e-01,6.142768654503776293e-01,6.712394077534151737e-01,6.254642895871763697e-01,4.271794727917123669e-01,4.957327241833885956e-01,4.336802368619638859e-01,4.434814006301458500e-01,5.591277886776149231e-01
6.908677004424994550e-01,6.257567731739546169e-01,7.143531897906544303e-01,3.199599182365727157e-01,7.386713625324766719e-01,5.756677894282215269e-02,4.087852210797274233e-01,-3.012744207636393612e-01,7.451242645637877748e-01,6.839768907244830887e-01,5.204873288683676824e-01,5.089230873618093565e-01,3.606922663253177980e-02,6.978933436235440491e-01,3.388336353250184230e-01,6.770597704884165902e-01,2.685862163331614871e-01,4.683500736471813974e-01,3.812032689201327318e-01,3.722339566236206321e-01,8.873126467227578085e-02,4.890926148843405818e-01,8.590396328123838243e-01,6.698692744814105371e-01,1.000000000000000000e+00,6.146982304991911450e-01,6.448804155359616486e-01,4.915574001530082504e-01,5.729378704019673085e-01,5.305534767591195688e-01,6.425212346105638739e-01,6.230156521591480034e-01,4.247695186265992850e-01,6.694320340476452857e-01,3.108860842239888900e-01,5.751552706210177890e-01,4.530749927409443711e-01,5.848454680422082719e-01,7.796633343247194592e-01
6.242457645587146109e-01,5.903977165258549320e-01,5.509865571794040351e-01,4.997882209709866852e-01,5.724664630082993977e-01,2.091287559282456188e-01,4.398348369833938176e-01,-2.481626034320908725e-01,5.709516604392772532e-01,6.722984923213882746e-01,6.354859544014627160e-01,3.991849925711808411e-01,1.190217793161640891e-01,6.125454942606805009e-01,4.214608113600605277e-01,7.068751490196683029e-01,5.713490399839746825e-01,6.165645269119128802e-01,3.400094841931056155e-01,3.832983435261570482e-01,8.785774329635287483e-02,4.370224149900922561e-01,6.418579381515668869e-01,6.064679177607553706e-01,6.146982304991911450e-01,1.000000000000000000e+00,6.863636559037791240e-01,7.491779612358259177e-01,6.646534604267417823e-01,5.157392443923595193e-01,6.050565419172123649e-01,6.256525327949069570e-01,4.932416857799048482e-01,4.495964919622165157e-01,3.899707032819866859e-01,4.798849980266898241e-01,4.276453683854456456e-01,5.145948577612595720e-01,5.261509438666456262e-01
7.183561198171959372e-01,7.206445473555680437e-01,5.537083132457424339e-01,6.994902859852391019e-01,6.759560408785857399e-01,3.888075663829666517e-01,6.366392757967672678e-01,-3.622836589224722181e-01,4.738658203481961873e-01,7.667259131842404374e-01,7.538297436697464216e-01,2.948234271540872697e-01,3.120413510012374769e-01,6.866790516059579907e-01,7.548729379455421107e-02,6.953735623878326555e-01,6.245087465880461153e-01,3.945936522239345545e-01,1.385748839176039436e-02,5.786609661326661547e-01,-2.078758734194771488e-04,5.839764862565316461e-01,5.799796001799801815e-01,5.576306712780830788e-01,6.448804155359616486e-01,6.863636559037791240e-01,1.000000000000000000e+00,5.912493807938419277e-01,7.851552451806756983e-01,2.538044219323231654e-01,7.040531610353537584e-01,7.563593281351110864e-01,5.358074602051864366e-01,3.885906419420009361e-01,5.148794980745291516e-01,5.982076531720735835e-01,6.862755960681897749e-01,2.017968389760557979e-01,6.160294210215429000e-01
6.149105648251005363e-01,6.280938642901315871e-01,5.291947021868645962e-01,5.123079587208448915e-01,5.312379497783743521e-01,4.139727879054915238e-01,5.960376523114397918e-01,-5.596031723780704042e-02,4.252302674775317870e-01,7.024004079458143757e-01,6.680771102349165602e-01,5.533825115265434552e-02,3.778453321833764034e-01,6.077717120303728349e-01,6.617231828920952519e-02,6.867123750786964242e-01,6.538785542636400550e-01,3.252714676442794439e-01,1.209232781186384831e-01,4.196529281713926585e-01,2.914200400007458391e-01,6.296494400406156267e-01,4.871011126245902156e-01,5.629065636074559453e-01,4.915574001530082504e-01,7.491779612358259177e-01,5.912493807938419277e-01,1.000000000000000000e+00,6.660033884207769983e-01,4.622094220779056628e-01,6.802267668773959164e-01,6.282278312848251778e-01,6.558676050318229533e-01,3.613600954070044224e-01,5.569954644764936180e-01,5.242296940357892288e-01,5.303156449517258952e-01,3.571028026860663118e-01,4.040749062437222761e-01
7.799165388574315072e-01,7.990150358373155903e-01,5.517052815901760665e-01,6.750141684034124401e-01,6.276787531455665370e-01,5.807133676128622968e-01,6.116261381109724393e-01,-3.820334811917031614e-01,4.316578836970854094e-01,8.061017880232829169e-01,8.104339068041153116e-01,1.448194164066086698e-01,4.336010108585555134e-01,7.405301283524257094e-01,8.332274427256494698e-03,6.681442616635943077e-01,7.581983346316973904e-01,3.581508505700863876e-01,1.909535403607732704e-02,6.264746914978905901e-01,-5.588308610694630446e-02,6.019466919383262837e-01,5.577434655952352438e-01,6.575366284487964563e-01,5.729378704019673085e-01,6.646534604267417823e-01,7.851552451806756983e-01,6.660033884207769983e-01,1.000000000000000000e+00,3.506439405569627965e-01,6.753095341530001017e-01,7.798360084823396932e-01,6.945385492551471307e-01,3.429708601402314816e-01,6.286001331427863992e-01,5.931600004020173289e-01,7.202548362521780101e-01,1.407282085635471747e-01,5.149737352240970623e-01
5.591041647233734313e-01,4.441283622423606303e-01,6.239718848595499079e-01,1.751329589314871427e-01,5.241535638289669397e-01,-3.912606317605678979e-02,2.858155958111375239e-01,-1.562947739149574411e-01,7.061220041727807040e-01,5.024670046490189446e-01,3.047885683582839955e-01,3.520658511668393609e-01,-1.404240549639317881e-01,5.159813366205366902e-01,3.119181511941636065e-01,6.113998564165890048e-01,1.024459667563881043e-01,4.887944004589428459e-01,5.782579897530775170e-01,2.697115942228230367e-01,7.930271033385342949e-02,2.638734180489594738e-01,5.777826566171083700e-01,5.748888340498271576e-01,5.305534767591195688e-01,5.157392443923595193e-01,2.538044219323231654e-01,4.622094220779056628e-01,3.506439405569627965e-01,1.000000000000000000e+00,4.960074728750139550e-01,4.112662741701382241e-01,3.418422590452128151e-01,5.834806966031853559e-01,1.949787465401779663e-01,4.609983424859143142e-01,1.148196153583652401e-01,6.760370012026870601e-01,4.616756736918593007e-01
7.388115837150075471e-01,7.485377406775738374e-01,7.781730607430638047e-01,5.665184268727428973e-01,7.839051903400723331e-01,3.589266485238805648e-01,7.551686917272353305e-01,-2.359286031459042199e-01,5.749451796069187104e-01,8.034965125556700061e-01,6.725473885196067148e-01,2.355656076609266569e-01,2.621962868550970494e-01,7.194451752331667560e-01,-1.825636289633944878e-02,7.349651758025761428e-01,4.813014562164382171e-01,3.757787548296562807e-01,2.572125393253814618e-01,6.179334467373301942e-01,2.189504825512618713e-01,6.998509037948875688e-01,5.701184595565511604e-01,5.798561959362898977e-01,6.425212346105638739e-01,6.050565419172123649e-01,7.040531610353537584e-01,6.802267668773959164e-01,6.753095341530001017e-01,4.960074728750139550e-01,1.000000000000000000e+00,7.263582611549418422e-01,6.420275600041335240e-01,4.933531245680849442e-01,5.631934977552182087e-01,6.128507260440332338e-01,6.021276770258541244e-01,3.175204936082745011e-01,6.436147052730195606e-01
7.573669668157373414e-01,7.459835350664942855e-01,6.390323987311480325e-01,6.231463018539530330e-01,7.052892836151702927e-01,5.027160434415598456e-01,6.903815121150056466e-01,-2.693013198950851006e-01,5.234401360585413387e-01,7.404247255131388705e-01,7.649592141771851539e-01,1.493522759088957430e-01,4.700541207233805419e-01,7.719749846214436495e-01,-6.560351916014064977e-02,7.054085190071007760e-01,6.245260195221822297e-01,2.771714707375558806e-01,6.478458567278176650e-02,5.057869020805710880e-01,1.583884370759791882e-01,6.629862769340137962e-01,5.574906363426550548e-01,6.142768654503776293e-01,6.230156521591480034e-01,6.256525327949069570e-01,7.563593281351110864e-01,6.282278312848251778e-01,7.798360084823396932e-01,4.112662741701382241e-01,7.263582611549418422e-01,1.000000000000000000e+00,6.484786077963701212e-01,4.311474886694794950e-01,6.639590074035958134e-01,7.172182613281173902e-01,8.222011783609362023e-01,1.687299852691765689e-01,5.056175096719706108e-01
6.613570375673449853e-01,6.800732417751598202e-01,6.246994734117037318e-01,5.260095414128019842e-01,5.518367094645865167e-01,5.719936959881564142e-01,6.072462200969946933e-01,-2.941409892290701711e-01,3.989358685746394739e-01,6.700717299436012020e-01,7.798815410382425872e-01,-3.130872123775525762e-02,6.051789304101663491e-01,7.703847277717372766e-01,-1.435239088381434769e-01,5.429332627378428144e-01,5.913801692194396997e-01,1.747585151792682701e-01,4.832803495771895164e-02,6.091470675825561010e-01,4.720844455181892607e-02,7.581349011646951741e-01,4.052749448803272814e-01,6.712394077534151737e-01,4.247695186265992850e-01,4.932416857799048482e-01,5.358074602051864366e-01,6.558676050318229533e-01,6.945385492551471307e-01,3.418422590452128151e-01,6.420275600041335240e-01,6.484786077963701212e-01,1.000000000000000000e+00,4.417335355048112588e-01,6.223523933788535079e-01,5.717399138869218023e-01,5.850908856844273531e-01,9.662601346798987967e-02,3.699931237461802636e-01
5.665403570874066874e-01,4.063093704581421384e-01,7.267189501348356728e-01,1.692650887856743391e-01,6.587104870770930098e-01,-1.134520554818228139e-01,2.650387824842069806e-01,-3.881303160692876619e-01,8.423889327634579427e-01,4.347934601508403607e-01,3.924293775375170545e-01,4.956268616146745631e-01,1.904316529348507731e-02,6.576255401477110185e-01,3.761459600289457361e-01,4.454579356047638772e-01,-1.226562483111446299e-02,4.819824796520595922e-01,5.849249543388668204e-01,3.048891353509193825e-01,-6.042337674424128058e-02,4.209583248599044203e-01,6.727937857328633031e-01,6.254642895871763697e-01,6.694320340476452857e-01,4.495964919622165157e-01,3.885906419420009361e-01,3.613600954070044224e-01,3.429708601402314816e-01,5.834806966031853559e-01,4.933531245680849442e-01,4.311474886694794950e-01,4.417335355048112588e-01,1.000000000000000000e+00,6.253574762596687819e-02,4.883382097499502361e-01,1.771468158030851670e-01,6.098130142798002806e-01,6.347528822674607385e-01
4.790217787985648901e-01,5.206320563221591424e-01,3.621840817957512337e-01,6.632859795730767782e-01,4.132255209648129091e-01,7.540131574318612584e-01,6.394990721486395469e-01,-3.233215380142824558e-02,7.207071703588585621e-02,5.488259628109634081e-01,5.678963204779367002e-01,-1.947716416326247812e-01,4.758910794434746405e-01,5.206365369911926111e-01,-4.048318997165831212e-01,4.745814287911530593e-01,6.458400346271219172e-01,7.496680124163568673e-03,-1.577398085968539088e-01,4.602591183463728974e-01,2.475616398528663609e-01,5.554287443974139649e-01,2.380276078292436481e-01,4.271794727917123669e-01,3.108860842239888900e-01,3.899707032819866859e-01,5.148794980745291516e-01,5.569954644764936180e-01,6.286001331427863992e-01,1.949787465401779663e-01,5.631934977552182087e-01,6.639590074035958134e-01,6.223523933788535079e-01,6.253574762596687819e-02,1.000000000000000000e+00,4.620889794681741214e-01,6.772810747198345638e-01,-1.392059585034337854e-01,1.591936924325137448e-01
7.472975873127483126e-01,7.381646000829086285e-01,6.133773138614214693e-01,4.591219376674191555e-01,6.276142303079579321e-01,2.591227084129125169e-01,6.264310990427857107e-01,-9.921456586825100343e-02,5.963534138474995139e-01,6.550597011614183174e-01,6.938265383985777746e-01,2.048987763634797787e-01,3.810234200948658945e-01,7.608768005866880513e-01,-6.041718992879024225e-02,6.636925874008886561e-01,3.902585262737280902e-01,1.530385941859295218e-01,-1.346211190200809031e-02,3.610740353646207934e-01,2.790087017665072167e-01,6.690906560878565612e-01,5.458168473406274090e-01,4.957327241833885956e-01,5.751552706210177890e-01,4.798849980266898241e-01,5.982076531720735835e-01,5.242296940357892288e-01,5.931600004020173289e-01,4.609983424859143142e-01,6.128507260440332338e-01,7.172182613281173902e-01,5.717399138869218023e-01,4.883382097499502361e-01,4.620889794681741214e-01,1.000000000000000000e+00,6.182129294949293419e-01,2.710665568305809514e-01,5.512100745949707337e-01
5.796584434560015930e-01,6.437609593255022578e-01,4.452044642050080325e-01,6.051177859746305066e-01,5.446439303396786169e-01,6.309434848023282028e-01,6.779589408660358085e-01,-1.938607253212400738e-01,2.325585447657513571e-01,6.563236390911333373e-01,7.238857458675781453e-01,-4.720376326940277367e-02,5.934643379719590772e-01,6.321359020693976261e-01,-2.417309553861705096e-01,5.670090667024264564e-01,6.769767352529043603e-01,6.421051392306885430e-02,-1.985446045571969964e-01,4.701325050834493369e-01,1.698143536321176650e-01,6.350652509148435598e-01,3.821322402586947997e-01,4.336802368619638859e-01,4.530749927409443711e-01,4.276453683854456456e-01,6.862755960681897749e-01,5.303156449517258952e-01,7.202548362521780101e-01,1.148196153583652401e-01,6.021276770258541244e-01,8.222011783609362023e-01,5.850908856844273531e-01,1.771468158030851670e-01,6.772810747198345638e-01,6.182129294949293419e-01,1.000000000000000000e+00,-8.593257459391716313e-02,3.567465058347490947e-01
3.414606941337003931e-01,2.374069680342444644e-01,4.740831119151635020e-01,-1.105229454591582922e-01,4.361447797342375421e-01,-3.732650777453557778e-01,1.742911619554796815e-02,-1.131202651052918007e-01,7.132467867552090279e-01,3.271905066451260558e-01,1.368124469813907784e-01,6.276937025802936665e-01,-3.189548545731457629e-01,3.385992359544144903e-01,6.336740465070942463e-01,4.495839420231377837e-01,-8.879986637850351139e-02,5.383277955717409302e-01,5.803577297798901968e-01,1.472067884713622538e-03,7.225730773066715851e-02,9.552337347107212051e-02,6.324917757241349525e-01,4.434814006301458500e-01,5.848454680422082719e-01,5.145948577612595720e-01,2.017968389760557979e-01,3.571028026860663118e-01,1.407282085635471747e-01,6.760370012026870601e-01,3.175204936082745011e-01,1.687299852691765689e-01,9.662601346798987967e-02,6.098130142798002806e-01,-1.392059585034337854e-01,2.710665568305809514e-01,-8.593257459391716313e-02,1.000000000000000000e+00,6.401590356737629772e-01
6.769554374694177756e-01,6.459045987081556417e-01,6.788894675967385162e-01,2.467149444568662586e-01,7.491622258919872213e-01,-6.385779720735552945e-02,3.893507278100714619e-01,-3.412023258130477688e-01,7.537961286143796125e-01,6.602236527678537747e-01,5.017509419064855036e-01,6.469905730969642832e-01,1.019062682895572822e-02,6.418979943375771047e-01,3.704489692832263481e-01,6.108685099828896625e-01,1.823465912019616442e-01,4.691542170924750677e-01,3.207333792404208905e-01,3.364791213954813620e-01,3.836006698549330324e-02,4.604468736265363016e-01,7.491554950470347141e-01,5.591277886776149231e-01,7.796633343247194592e-01,5.261509438666456262e-01,6.160294210215429000e-01,4.040749062437222761e-01,5.149737352240970623e-01,4.616756736918593007e-01,6.436147052730195606e-01,5.056175096719706108e-01,3.699931237461802636e-01,6.347528822674607385e-01,1.591936924325137448e-01,5.512100745949707337e-01,3.567465058347490947e-01,6.401590356737629772e-01,1.000000000000000000e+00
