1.000000000000000000e+00,8.257566007800843932e-01,4.167275871149683231e-01,2.593411791769036356e-01,3.991682717766212862e-01,-6.260850561052366814e-02,3.378913238291021415e-01,-3.002999778631958439e-01,6.273482358019798477e-01,5.322580736224193920e-01,6.021595504912349295e-01,5.894669185955475621e-01,8.898467041642979525e-02,5.568724857388462901e-01,5.701889728171581906e-01,5.830585728339999774e-01,4.396345318431458260e-01,6.065680478172360557e-01,6.232225569785136976e-01,4.006528754439547813e-01,2.424655693846907711e-01,5.454788046436160887e-01,6.541173607696151304e-01,2.801948364452802043e-01,6.158781520604292847e-01,4.690557092615649792e-01,5.589018876214163489e-01,2.521019501975076960e-01,5.780557092611451342e-01,6.027338777150671456e-01,4.684782879257165522e-01,6.070270547342079270e-01,5.286401825687051526e-01,7.049785508468925377e-01,-9.018830041662354025e-02,4.087768308913216075e-01,2.241448394933693022e-01,2.207261559649318639e-01,4.290478295732335079e-01
8.257566007800843932e-01,1.000000000000000000e+00,2.186572942755726501e-01,4.737895667544281819e-01,2.318705198184990435e-01,1.158794360612899407e-02,5.080759723414381979e-01,-1.234243471414059046e-01,6.426223218876049303e-01,6.343741964928484300e-01,5.603032011018430625e-01,7.480600620182230598e-01,1.699209315981128066e-01,5.642367423426664086e-01,7.298328900854984536e-01,7.032152938298389389e-01,3.971079840291004137e-01,7.326735709488045867e-01,7.068367431445802263e-01,6.371073204995864048e-01,2.413628329469005573e-01,7.144848030139725470e-01,7.373954184060027561e-01,4.368999568490685159e-01,6.556580891996233174e-01,1.895233866981173854e-01,6.145392917914449527e-01,2.012283935432682414e-01,6.319727420691462205e-01,7.435665071245169955e-01,3.627523606321642058e-01,6.732000981498491576e-01,6.697181160466569860e-01,7.252351458217534130e-01,-1.561341499068067129e-01,4.203782204821354673e-01,1.620922951449140503e-01,9.645180054893799648e-02,4.525557336825846155e-01
4.167275871149683231e-01,2.186572942755726501e-01,1.000000000000000000e+00,1.664475685728460386e-01,7.026882807794155861e-01,9.507625834961543065e-02,2.144742176793936195e-01,-8.750116052672928246e-01,5.952470656317517816e-01,4.387239603106806718e-01,5.816180707409578376e-01,3.094242260218946217e-01,-3.357851158785974954e-01,5.760834436968631511e-01,2.846504984207103295e-01,3.952035094895647860e-01,2.945452425902785332e-01,3.162484253388374578e-01,4.555943044196742453e-01,8.476081631449396137e-02,3.946884686158653177e-01,2.738876278921127949e-01,4.356894917504090525e-01,2.632644273767064669e-01,4.859821263505647582e-01,6.970059424616186217e-01,5.620204191938930061e-01,5.338211413758137125e-01,3.387997885836420697e-01,2.779104761014117297e-01,7.758239137627545023e-01,4.303086203963060186e-01,3.489260570581504406e-01,5.264802542350368597e-01,-1.006389119775844519e-02,2.736633214007155313e-01,1.399825001999563112e-01,5.372077864223444577e-01,4.739760778277687936e-01
2.593411791769036356e-01,4.737895667544281819e-01,1.664475685728460386e-01,1.000000000000000000e+00,2.784057206335540102e-01,1.764957397348724255e-01,8.474260013164369720e-01,-7.961629366091711735e-02,5.578516724481958899e-01,6.434229626729719431e-01,5.118142009220368882e-01,7.274869578698703876e-01,1.829665298927465877e-01,5.159072015266736866e-01,7.397492912768990347e-01,6.942787862380414010e-01,3.462797533465502009e-01,6.584176514209327813e-01,6.855312673375868471e-01,7.436469670821159728e-01,2.355585158522840172e-01,6.884357055331340458e-01,5.139840877414205700e-01,6.079347870094459205e-01,3.714488454044804211e-01,2.838944532382902883e-02,5.934936504594822138e-01,4.417170509847004878e-01,4.294386101344653262e-01,5.591243964012436729e-01,2.138328289392175674e-01,6.066146764001154601e-01,6.764919296447517993e-01,5.992553704247547408e-01,-2.986037342004180806e-01,1.694716460587760987e-01,-1.063856994198778688e-01,3.128654067314868281e-01,5.341908219264228652e-01
3.991682717766212862e-01,2.318705198184990435e-01,7.026882807794155861e-01,2.784057206335540102e-01,1.000000000000000000e+00,1.706520395488660413e-01,3.384615628466285386e-01,-5.120813853927344006e-01,6.174425785319805904e-01,4.781253117594226887e-01,5.778227034466021372e-01,4.023758922838530649e-01,-1.245522295932291051e-01,6.760121571862131029e-01,3.808858513723545891e-01,4.013050727562856856e-01,3.097785711367671557e-01,3.827578592100754351e-01,5.108373030632558098e-01,3.119585201003311492e-01,3.254386043762632630e-01,3.634358402736799221e-01,4.157342136723687354e-01,2.976003020703112956e-01,4.105010084323851838e-01,6.549034980242223192e-01,6.324261559095646357e-01,5.045640109674254248e-01,4.208560908799915956e-01,2.736718166101169691e-01,6.730928623191333449e-01,4.945453842091507290e-01,4.843523749709671145e-01,6.250770889850550960e-01,-2.824429695573230353e-03,2.458576926021419362e-01,1.767020433552491665e-01,6.055574685845613869e-01,5.389293451678131008e-01
-6.260850561052366814e-02,1.158794360612899407e-02,9.507625834961543065e-02,1.764957397348724255e-01,1.706520395488660413e-01,1.000000000000000000e+00,2.050218258878993005e-01,-1.149546754034232593e-01,2.028712980656241505e-01,1.788619030108314356e-01,1.042756709056521652e-01,1.470505433994203637e-01,7.831705052239867904e-02,1.608156323375912744e-01,1.529630866090359552e-02,1.975361330516456626e-01,-2.496043326479427671e-01,1.625103217998439264e-01,2.081444836023911005e-01,1.779909946719121505e-01,1.830418467443565567e-01,2.146138340109057241e-01,2.800487933605112778e-02,5.812416810493929026e-02,-4.306413498693339482e-03,1.620553018418320612e-01,2.074303886010476217e-01,2.517963917630799964e-01,3.382989275572129695e-01,3.911430851121715235e-02,2.414140634965414034e-01,1.765262662944910022e-01,3.102402350753079574e-01,1.275449008226960113e-01,4.078450325313605629e-01,5.494984803072790192e-02,3.140124605439340577e-01,2.216955243325355041e-01,2.685777992729717067e-01
3.378913238291021415e-01,5.080759723414381979e-01,2.144742176793936195e-01,8.474260013164369720e-01,3.384615628466285386e-01,2.050218258878993005e-01,1.000000000000000000e+00,-7.929203544503667100e-02,5.777651841421882484e-01,7.124389719179442526e-01,5.299123950676721817e-01,7.458634299508175580e-01,2.766450885783091618e-01,5.709844966266405253e-01,7.548363438015897042e-01,7.418228936469399848e-01,3.371379042133647030e-01,6.356906461168454481e-01,6.909744839530123084e-01,7.718921011112034325e-01,2.663839089001797666e-01,7.750207990810277225e-01,5.406985411785185658e-01,6.581930796132661188e-01,4.434338636780126852e-01,1.647160130002120748e-01,6.745134967842447704e-01,6.092201299334183417e-01,3.900400318564030133e-01,5.497120163204830545e-01,2.742234000261533633e-01,6.140775720043201158e-01,6.922890690412524251e-01,6.254819844081220825e-01,-2.355324626596690396e-01,2.110619712167763895e-01,-8.775291394465545292e-02,4.177245440025532108e-01,6.264171568475583873e-01
-3.002999778631958439e-01,-1.234243471414059046e-01,-8.750116052672928246e-01,-7.961629366091711735e-02,-5.120813853927344006e-01,-1.149546754034232593e-01,-7.929203544503667100e-02,1.000000000000000000e+00,-4.349486402254010287e-01,-2.666000423482530746e-01,-4.713284403665238265e-01,-1.710503689479220268e-01,4.402280513390045003e-01,-4.110642790575730898e-01,-1.667859203062312945e-01,-2.714244272636940902e-01,-1.987751899676679923e-01,-2.047295570196111247e-01,-3.288865393268411430e-01,6.845133903535148556e-02,-3.514218463756936806e-01,-1.652229416499215453e-01,-3.327689173980692972e-01,-1.662503683778195906e-01,-3.601723672227915007e-01,-5.620072860801619274e-01,-4.109229299497736965e-01,-3.953358373661071679e-01,-3.076896234511570793e-01,-1.825792007996711319e-01,-6.960615187971296303e-01,-3.119475680191736155e-01,-2.249690478098571311e-01,-3.792571048750439933e-01,-2.020241669112967861e-02,-2.191516084141955922e-01,-1.769310253600595018e-01,-3.660636687603568973e-01,-3.320028473332410912e-01
6.273482358019798477e-01,6.426223218876049303e-01,5.952470656317517816e-01,5.578516724481958899e-01,6.174425785319805904e-01,2.028712980656241505e-01,5.777651841421882484e-01,-4.349486402254010287e-01,1.000000000000000000e+00,7.236412787392517698e-01,8.078088669672108812e-01,7.734707354174737981e-01,2.615201797751882939e-02,7.842334029116057037e-01,7.135640061241160792e-01,7.481275874039691187e-01,4.226118367849354684e-01,7.465908995956306304e-01,8.565108306545764494e-01,6.399994640832548098e-01,3.481858810335716203e-01,7.062527327171429503e-01,7.513960173937384024e-01,5.882309168119292941e-01,7.523994638672732993e-01,5.873820555300902635e-01,8.600489131624979855e-01,6.026774720848441236e-01,6.255099856242127832e-01,6.695101345613563293e-01,7.532930153857927413e-01,7.447733925998258897e-01,7.497149289058666621e-01,8.189410096503084713e-01,-6.132958950509362350e-02,3.165766908160018156e-01,1.659008006723899364e-01,6.330314957463517578e-01,8.247921725249957037e-01
5.322580736224193920e-01,6.343741964928484300e-01,4.387239603106806718e-01,6.434229626729719431e-01,4.781253117594226887e-01,1.788619030108314356e-01,7.124389719179442526e-01,-2.666000423482530746e-01,7.236412787392517698e-01,1.000000000000000000e+00,6.407818697547216225e-01,7.336764072204974285e-01,1.325536248563276287e-01,7.641419402467006794e-01,7.232373049451005231e-01,9.108228357532656139e-01,5.056978940397265365e-01,7.375228729671571282e-01,7.521736628510256040e-01,6.754710938500114725e-01,3.881550385869314557e-01,7.084653981303251635e-01,7.289482304282388636e-01,6.689844470961664458e-01,6.158952234162593520e-01,4.017227641177955610e-01,7.409204642425312182e-01,5.148827379871123711e-01,5.813877963784530589e-01,7.766708456658013571e-01,5.054450492573296927e-01,7.582459010198523419e-01,7.188976089173763073e-01,6.661323079764835953e-01,-8.485249865280933279e-02,3.985676304934514524e-01,7.636639786244124595e-02,4.584852967578327276e-01,6.207251279335894711e-01
6.021595504912349295e-01,5.603032011018430625e-01,5.816180707409578376e-01,5.118142009220368882e-01,5.778227034466021372e-01,1.042756709056521652e-01,5.299123950676721817e-01,-4.713284403665238265e-01,8.078088669672108812e-01,6.407818697547216225e-01,1.000000000000000000e+00,7.011090805261780412e-01,3.342051367165788794e-02,7.541935902242259404e-01,7.007339320101161340e-01,6.656457377903540751e-01,6.771448363821680472e-01,6.582154653833424129e-01,7.408362781470939629e-01,5.435114800394681422e-01,3.391878021603438875e-01,6.079352957297661231e-01,7.068815407809742046e-01,6.539474715612073608e-01,5.969017946881752801e-01,6.019114282058866117e-01,7.668610011726034736e-01,4.876814253478449768e-01,6.120278897906998861e-01,5.830980686726174866e-01,6.516301770312508124e-01,7.961736189157228027e-01,6.435187182862391886e-01,7.534451359272018589e-01,-1.291666467214667435e-01,3.708834207843672570e-01,1.163012101081334487e-01,6.085650732152807496e-01,6.987899334794839268e-01
5.894669185955475621e-01,7.480600620182230598e-01,3.094242260218946217e-01,7.274869578698703876e-01,4.023758922838530649e-01,1.470505433994203637e-01,7.458634299508175580e-01,-1.710503689479220268e-01,7.734707354174737981e-01,7.336764072204974285e-01,7.011090805261780412e-01,1.000000000000000000e+00,3.007515472419823865e-01,7.492548829816657596e-01,9.139938960809617097e-01,7.922976186793511122e-01,5.115930748700270314e-01,8.568662355608492875e-01,8.305718124910896893e-01,8.710058423884446954e-01,4.170294624719129151e-01,8.954025848761535400e-01,8.020951482282053790e-01,6.609635646359256489e-01,6.368443753793779916e-01,3.145905727601635560e-01,7.895803306778104158e-01,3.930476929706936406e-01,7.362453905557642120e-01,7.543838247825853660e-01,4.484602978574636079e-01,8.273187920187340394e-01,9.011157711190046493e-01,8.618528923635303540e-01,-8.606399430891144287e-02,4.170089698297926861e-01,1.594219026554909713e-01,4.468691456175692966e-01,6.717611419418396679e-01
8.898467041642979525e-02,1.699209315981128066e-01,-3.357851158785974954e-01,1.829665298927465877e-01,-1.245522295932291051e-01,7.831705052239867904e-02,2.766450885783091618e-01,4.402280513390045003e-01,2.615201797751882939e-02,1.325536248563276287e-01,3.342051367165788794e-02,3.007515472419823865e-01,1.000000000000000000e+00,5.689070575938098145e-02,2.313695386376578844e-01,1.808456195802832511e-01,1.289569611154200990e-01,1.199455811831198898e-01,8.217943535612513839e-02,3.491367840802354627e-01,1.157701328892009468e-01,2.816081884653548473e-01,1.424908050273981652e-01,1.217851191101326225e-01,4.466442118580565140e-02,-4.473915485904489397e-02,7.519948904543008461e-02,-1.277814869443559195e-02,1.184924960009559741e-01,1.699244999591005278e-01,-3.078485217245087169e-01,1.158587975663545322e-01,2.111595973893753975e-01,1.190403839004382791e-01,3.624035170341177725e-02,8.167075399661903601e-02,-1.055998967125135329e-01,4.292058860175884671e-02,5.230015205899798264e-02
5.568724857388462901e-01,5.642367423426664086e-01,5.760834436968631511e-01,5.159072015266736866e-01,6.760121571862131029e-01,1.608156323375912744e-01,5.709844966266405253e-01,-4.110642790575730898e-01,7.842334029116057037e-01,7.641419402467006794e-01,7.541935902242259404e-01,7.492548829816657596e-01,5.689070575938098145e-02,1.000000000000000000e+00,7.077801004440171795e-01,7.531278184461228653e-01,5.809990500720318973e-01,7.399288409936168875e-01,7.026618880636441578e-01,6.348311381140336884e-01,4.312200938367766745e-01,6.673090039852902500e-01,7.945922730615087026e-01,7.099442727822388166e-01,6.577968644526422937e-01,5.599416983990938013e-01,7.698302620284542819e-01,4.398161566457329807e-01,6.878113299200070418e-01,6.902190982009330789e-01,6.249254588153703160e-01,7.996739461363582269e-01,7.716849031063207631e-01,7.790552251662835603e-01,7.014670655233630481e-02,3.972884228361126535e-01,2.230035193442678476e-01,5.531784776691882621e-01,6.386760407568832232e-01
5.701889728171581906e-01,7.298328900854984536e-01,2.846504984207103295e-01,7.397492912768990347e-01,3.808858513723545891e-01,1.529630866090359552e-02,7.548363438015897042e-01,-1.667859203062312945e-01,7.135640061241160792e-01,7.232373049451005231e-01,7.007339320101161340e-01,9.139938960809617097e-01,2.313695386376578844e-01,7.077801004440171795e-01,1.000000000000000000e+00,7.720657203081460196e-01,6.150686798728562943e-01,8.339496416281353408e-01,8.117906170895385909e-01,8.305103138072038593e-01,3.460982139752293851e-01,8.457200735255834267e-01,7.769051830679641890e-01,6.695016771552513291e-01,5.801943640671357594e-01,2.376911744071155963e-01,7.259672439844319092e-01,3.590374929100082491e-01,6.435181749098595194e-01,7.486423154809287439e-01,3.760787066283164948e-01,8.017752683879859621e-01,8.217805709782870505e-01,8.392302103791484669e-01,-2.164372413792118310e-01,4.219155157898103470e-01,5.369119565701425262e-02,3.912165281469124900e-01,6.027173797364164809e-01
5.830585728339999774e-01,7.032152938298389389e-01,3.952035094895647860e-01,6.942787862380414010e-01,4.013050727562856856e-01,1.975361330516456626e-01,7.418228936469399848e-01,-2.714244272636940902e-01,7.481275874039691187e-01,9.108228357532656139e-01,6.656457377903540751e-01,7.922976186793511122e-01,1.808456195802832511e-01,7.531278184461228653e-01,7.720657203081460196e-01,1.000000000000000000e+00,5.122110761000236989e-01,7.965403682846237121e-01,8.095292241642482178e-01,7.234301576470444362e-01,3.709438549654414108e-01,7.568336590379604045e-01,7.816795726160643554e-01,6.730482136752736766e-01,6.275556384210989602e-01,3.611144940875964382e-01,7.454894924702870629e-01,4.613954492303646848e-01,6.255392120802918399e-01,8.310619010026980558e-01,4.663348917878617494e-01,7.744020779164479951e-01,7.649637182875906882e-01,6.981095219312108968e-01,-8.619343167354735769e-02,4.002675989635385845e-01,9.808251695333318476e-02,4.192451222892938367e-01,6.364655451169202172e-01
4.396345318431458260e-01,3.971079840291004137e-01,2.945452425902785332e-01,3.462797533465502009e-01,3.097785711367671557e-01,-2.496043326479427671e-01,3.371379042133647030e-01,-1.987751899676679923e-01,4.226118367849354684e-01,5.056978940397265365e-01,6.771448363821680472e-01,5.115930748700270314e-01,1.289569611154200990e-01,5.809990500720318973e-01,6.150686798728562943e-01,5.122110761000236989e-01,1.000000000000000000e+00,5.264992464762603408e-01,4.590443849860388892e-01,3.831043137375551577e-01,2.960253504573327477e-01,3.698124424725265924e-01,5.915931528438664877e-01,5.590844766244731368e-01,3.651647813167312462e-01,2.989421746932121593e-01,3.785551316190753912e-01,3.067889766495706175e-02,4.291606813946450272e-01,5.333864014339296800e-01,2.242218370348721679e-01,6.373180205486930205e-01,3.996713647581179307e-01,4.709831101319714164e-01,-2.122824495276668666e-01,4.138531244079066695e-01,-7.547402698299141011e-02,3.176255034864449711e-01,2.622126719887780677e-01
6.065680478172360557e-01,7.326735709488045867e-01,3.162484253388374578e-01,6.584176514209327813e-01,3.827578592100754351e-01,1.625103217998439264e-01,6.356906461168454481e-01,-2.047295570196111247e-01,7.465908995956306304e-01,7.375228729671571282e-01,6.582154653833424129e-01,8.568662355608492875e-01,1.199455811831198898e-01,7.399288409936168875e-01,8.339496416281353408e-01,7.965403682846237121e-01,5.264992464762603408e-01,1.000000000000000000e+00,8.460397500616366750e-01,7.584790707577975244e-01,3.000864242506868229e-01,8.071613263849437558e-01,7.896870415083659944e-01,6.266811221671737542e-01,5.788078728848043975e-01,2.838615751957290767e-01,7.015160905196959895e-01,2.856766112233063426e-01,7.589867671566404850e-01,7.680234739390418008e-01,4.232648616089162430e-01,8.349004782847643247e-01,8.645377471907661482e-01,7.881796711960309398e-01,-5.152446150970116379e-02,4.158633462298143013e-01,2.389641050094401253e-01,3.809586878649657837e-01,5.998943908678084913e-01
6.232225569785136976e-01,7.068367431445802263e-01,4.555943044196742453e-01,6.855312673375868471e-01,5.108373030632558098e-01,2.081444836023911005e-01,6.909744839530123084e-01,-3.288865393268411430e-01,8.565108306545764494e-01,7.521736628510256040e-01,7.408362781470939629e-01,8.305718124910896893e-01,8.217943535612513839e-02,7.026618880636441578e-01,8.117906170895385909e-01,8.095292241642482178e-01,4.590443849860388892e-01,8.460397500616366750e-01,1.000000000000000000e+00,7.281274725216597687e-01,2.957337229464624961e-01,8.041997073092040926e-01,7.213829178278808874e-01,5.589609560192936311e-01,6.255605785695186327e-01,4.111780890150898982e-01,8.143015281860376264e-01,5.297806882258165873e-01,6.619403053769845613e-01,6.798685801152493102e-01,5.961502564680949412e-01,7.945201889071623613e-01,8.084043564585949859e-01,8.279246769161989761e-01,-1.548824231350895975e-01,3.138060792663043830e-01,1.275845413272119755e-01,4.744803577977750320e-01,7.137694406193766383e-01
4.006528754439547813e-01,6.371073204995864048e-01,8.476081631449396137e-02,7.436469670821159728e-01,3.119585201003311492e-01,1.779909946719121505e-01,7.718921011112034325e-01,6.845133903535148556e-02,6.399994640832548098e-01,6.754710938500114725e-01,5.435114800394681422e-01,8.710058423884446954e-01,3.491367840802354627e-01,6.348311381140336884e-01,8.305103138072038593e-01,7.234301576470444362e-01,3.831043137375551577e-01,7.584790707577975244e-01,7.281274725216597687e-01,1.000000000000000000e+00,3.111885050369953554e-01,8.477861501776741138e-01,6.864438751048045351e-01,6.541809235311656368e-01,5.194496457125599154e-01,1.627976979619896736e-01,7.048792716168672534e-01,3.654261057732861029e-01,6.193771052515856246e-01,6.908924939906282425e-01,2.787841874774264483e-01,7.268615296908590429e-01,8.360268851507559607e-01,7.047214673353359160e-01,-7.285551633460757293e-02,3.309514852079297187e-01,1.214668715467831228e-01,3.867010567260015796e-01,6.138492804352017052e-01
2.424655693846907711e-01,2.413628329469005573e-01,3.946884686158653177e-01,2.355585158522840172e-01,3.254386043762632630e-01,1.830418467443565567e-01,2.663839089001797666e-01,-3.514218463756936806e-01,3.481858810335716203e-01,3.881550385869314557e-01,3.391878021603438875e-01,4.170294624719129151e-01,1.157701328892009468e-01,4.312200938367766745e-01,3.460982139752293851e-01,3.709438549654414108e-01,2.960253504573327477e-01,3.000864242506868229e-01,2.957337229464624961e-01,3.111885050369953554e-01,1.000000000000000000e+00,3.169602248901287611e-01,4.207178618495291400e-01,2.791230839285833709e-01,3.840749126352886456e-01,3.804068940824574252e-01,3.887926529482687021e-01,2.297142116281084556e-01,4.650651320376073539e-01,3.023160449177022535e-01,4.099276543193465794e-01,4.101201013826468178e-01,4.101212117244363853e-01,3.499042257402194545e-01,1.366367936000053018e-01,3.764379075041978107e-01,1.823762017518953948e-01,3.197792959216551600e-01,3.480078823634144003e-01
5.454788046436160887e-01,7.144848030139725470e-01,2.738876278921127949e-01,6.884357055331340458e-01,3.634358402736799221e-01,2.146138340109057241e-01,7.750207990810277225e-01,-1.652229416499215453e-01,7.062527327171429503e-01,7.084653981303251635e-01,6.079352957297661231e-01,8.954025848761535400e-01,2.816081884653548473e-01,6.673090039852902500e-01,8.457200735255834267e-01,7.568336590379604045e-01,3.698124424725265924e-01,8.071613263849437558e-01,8.041997073092040926e-01,8.477861501776741138e-01,3.169602248901287611e-01,1.000000000000000000e+00,7.257502028244161574e-01,6.254761811883762235e-01,5.669867979726921359e-01,3.111885930011760171e-01,7.812229655634169712e-01,4.733902724872686152e-01,6.771380725625599784e-01,6.841142062677484370e-01,4.374223561335442989e-01,7.669389370456860533e-01,8.720254499706541207e-01,8.041669778751374675e-01,-6.516752239085706055e-02,3.292321820558016254e-01,1.851544530955313017e-01,4.201884498838009407e-01,6.516689112440181564e-01
6.541173607696151304e-01,7.373954184060027561e-01,4.356894917504090525e-01,5.139840877414205700e-01,4.157342136723687354e-01,2.800487933605112778e-02,5.406985411785185658e-01,-3.327689173980692972e-01,7.513960173937384024e-01,7.289482304282388636e-01,7.068815407809742046e-01,8.020951482282053790e-01,1.424908050273981652e-01,7.945922730615087026e-01,7.769051830679641890e-01,7.816795726160643554e-01,5.915931528438664877e-01,7.896870415083659944e-01,7.213829178278808874e-01,6.864438751048045351e-01,4.207178618495291400e-01,7.257502028244161574e-01,1.000000000000000000e+00,6.437984626168854474e-01,8.001732086291151180e-01,3.800837410257728588e-01,7.120348521118682328e-01,2.649794938186665894e-01,7.120770040640130860e-01,8.296593833491860970e-01,5.184387349915045018e-01,7.821050493141761262e-01,7.721815594321728149e-01,7.404101523702345533e-01,2.231795390023989453e-02,4.867017249536729762e-01,2.707188085098312658e-01,3.549117413023866741e-01,5.562114431487394928e-01
2.801948364452802043e-01,4.368999568490685159e-01,2.632644273767064669e-01,6.079347870094459205e-01,2.976003020703112956e-01,5.812416810493929026e-02,6.581930796132661188e-01,-1.662503683778195906e-01,5.882309168119292941e-01,6.689844470961664458e-01,6.539474715612073608e-01,6.609635646359256489e-01,1.217851191101326225e-01,7.099442727822388166e-01,6.695016771552513291e-01,6.730482136752736766e-01,5.590844766244731368e-01,6.266811221671737542e-01,5.589609560192936311e-01,6.541809235311656368e-01,2.791230839285833709e-01,6.254761811883762235e-01,6.437984626168854474e-01,1.000000000000000000e+00,4.990935821252543425e-01,2.779545921181073020e-01,6.026381741139196224e-01,4.192267085509744917e-01,4.488341121482756213e-01,6.241708494079961644e-01,3.381659706801032339e-01,6.771401853658560732e-01,6.157876786966182125e-01,5.279026192993229172e-01,-8.755543525981875075e-02,1.841745641114743426e-01,-6.423718669495742835e-04,4.524777149047984892e-01,5.679521402583713741e-01
6.158781520604292847e-01,6.556580891996233174e-01,4.859821263505647582e-01,3.714488454044804211e-01,4.105010084323851838e-01,-4.306413498693339482e-03,4.434338636780126852e-01,-3.601723672227915007e-01,7.523994638672732993e-01,6.158952234162593520e-01,5.969017946881752801e-01,6.368443753793779916e-01,4.466442118580565140e-02,6.577968644526422937e-01,5.801943640671357594e-01,6.275556384210989602e-01,3.651647813167312462e-01,5.788078728848043975e-01,6.255605785695186327e-01,5.194496457125599154e-01,3.840749126352886456e-01,5.669867979726921359e-01,8.001732086291151180e-01,4.990935821252543425e-01,1.000000000000000000e+00,4.003460284792781376e-01,6.874058838282429695e-01,3.948117915407227674e-01,4.995014546771286423e-01,6.674493670842474025e-01,6.193748105491153622e-01,5.580560440224375807e-01,5.739366506021080783e-01,6.193715542029694099e-01,2.822380083070746143e-02,3.679713709159921353e-01,1.609950363904784076e-01,3.487572006567686289e-01,5.832960247150181798e-01
4.690557092615649792e-01,1.895233866981173854e-01,6.970059424616186217e-01,2.838944532382902883e-02,6.549034980242223192e-01,1.620553018418320612e-01,1.647160130002120748e-01,-5.620072860801619274e-01,5.873820555300902635e-01,4.017227641177955610e-01,6.019114282058866117e-01,3.145905727601635560e-01,-4.473915485904489397e-02,5.599416983990938013e-01,2.376911744071155963e-01,3.611144940875964382e-01,2.989421746932121593e-01,2.838615751957290767e-01,4.111780890150898982e-01,1.627976979619896736e-01,3.804068940824574252e-01,3.111885930011760171e-01,3.800837410257728588e-01,2.779545921181073020e-01,4.003460284792781376e-01,1.000000000000000000e+00,5.914108576962096020e-01,5.542971934946996360e-01,4.115791370428655838e-01,2.239838901108410496e-01,6.943731584030952142e-01,4.734921666574293808e-01,3.546538975722817733e-01,5.086992289577789705e-01,1.611391390367917509e-01,1.758083170996832534e-01,2.534514696570211445e-01,7.264328506871392532e-01,5.534489711634741349e-01
5.589018876214163489e-01,6.145392917914449527e-01,5.620204191938930061e-01,5.934936504594822138e-01,6.324261559095646357e-01,2.074303886010476217e-01,6.745134967842447704e-01,-4.109229299497736965e-01,8.600489131624979855e-01,7.409204642425312182e-01,7.668610011726034736e-01,7.895803306778104158e-01,7.519948904543008461e-02,7.698302620284542819e-01,7.259672439844319092e-01,7.454894924702870629e-01,3.785551316190753912e-01,7.015160905196959895e-01,8.143015281860376264e-01,7.048792716168672534e-01,3.887926529482687021e-01,7.812229655634169712e-01,7.120348521118682328e-01,6.026381741139196224e-01,6.874058838282429695e-01,5.914108576962096020e-01,1.000000000000000000e+00,6.643978440432177779e-01,6.362583761645140834e-01,6.258662302862378901e-01,7.229198016861155818e-01,7.767903534956155376e-01,7.901470928401482796e-01,7.984463000666024435e-01,-3.020666643155461503e-02,3.477946156011201828e-01,1.788446306075982817e-01,6.406838350951611361e-01,8.313577777212028952e-01
2.521019501975076960e-01,2.012283935432682414e-01,5.338211413758137125e-01,4.417170509847004878e-01,5.045640109674254248e-01,2.517963917630799964e-01,6.092201299334183417e-01,-3.953358373661071679e-01,6.026774720848441236e-01,5.148827379871123711e-01,4.876814253478449768e-01,3.930476929706936406e-01,-1.277814869443559195e-02,4.398161566457329807e-01,3.590374929100082491e-01,4.613954492303646848e-01,3.067889766495706175e-02,2.856766112233063426e-01,5.297806882258165873e-01,3.654261057732861029e-01,2.297142116281084556e-01,4.733902724872686152e-01,2.649794938186665894e-01,4.192267085509744917e-01,3.948117915407227674e-01,5.542971934946996360e-01,6.643978440432177779e-01,1.000000000000000000e+00,1.482855594549117306e-01,1.935268235787989954e-01,6.148439281401613110e-01,3.633294881917482066e-01,3.803110418404970772e-01,4.692654231478308735e-01,-1.184335048687766845e-01,3.522695237941662200e-02,-5.406419864903024008e-02,6.434635889824169563e-01,7.224853496946318510e-01
5.780557092611451342e-01,6.319727420691462205e-01,3.387997885836420697e-01,4.294386101344653262e-01,4.208560908799915956e-01,3.382989275572129695e-01,3.900400318564030133e-01,-3.076896234511570793e-01,6.255099856242127832e-01,5.813877963784530589e-01,6.120278897906998861e-01,7.362453905557642120e-01,1.184924960009559741e-01,6.878113299200070418e-01,6.435181749098595194e-01,6.255392120802918399e-01,4.291606813946450272e-01,7.589867671566404850e-01,6.619403053769845613e-01,6.193771052515856246e-01,4.650651320376073539e-01,6.771380725625599784e-01,7.120770040640130860e-01,4.488341121482756213e-01,4.995014546771286423e-01,4.115791370428655838e-01,6.362583761645140834e-01,1.482855594549117306e-01,1.000000000000000000e+00,6.395635322864735572e-01,4.979731639488886863e-01,8.112887146897417301e-01,8.250478473603333196e-01,7.228977452398934744e-01,2.545173474755411114e-01,5.070025033369329748e-01,5.205040907726358190e-01,3.621666216014817752e-01,4.863917244715694754e-01
6.027338777150671456e-01,7.435665071245169955e-01,2.779104761014117297e-01,5.591243964012436729e-01,2.736718166101169691e-01,3.911430851121715235e-02,5.497120163204830545e-01,-1.825792007996711319e-01,6.695101345613563293e-01,7.766708456658013571e-01,5.830980686726174866e-01,7.543838247825853660e-01,1.699244999591005278e-01,6.902190982009330789e-01,7.486423154809287439e-01,8.310619010026980558e-01,5.333864014339296800e-01,7.680234739390418008e-01,6.798685801152493102e-01,6.908924939906282425e-01,3.023160449177022535e-01,6.841142062677484370e-01,8.296593833491860970e-01,6.241708494079961644e-01,6.674493670842474025e-01,2.239838901108410496e-01,6.258662302862378901e-01,1.935268235787989954e-01,6.395635322864735572e-01,1.000000000000000000e+00,3.667925277334711520e-01,6.992463193405572541e-01,7.069347001926308272e-01,6.479496282734301671e-01,-3.300337722653883671e-02,4.720608964109057615e-01,1.389678896511759298e-01,2.612236106046453288e-01,4.966796342301078027e-01
4.684782879257165522e-01,3.627523606321642058e-01,7.758239137627545023e-01,2.138328289392175674e-01,6.730928623191333449e-01,2.414140634965414034e-01,2.742234000261533633e-01,-6.960615187971296303e-01,7.532930153857927413e-01,5.054450492573296927e-01,6.516301770312508124e-01,4.484602978574636079e-01,-3.078485217245087169e-01,6.249254588153703160e-01,3.760787066283164948e-01,4.663348917878617494e-01,2.242218370348721679e-01,4.232648616089162430e-01,5.961502564680949412e-01,2.787841874774264483e-01,4.099276543193465794e-01,4.374223561335442989e-01,5.184387349915045018e-01,3.381659706801032339e-01,6.193748105491153622e-01,6.943731584030952142e-01,7.229198016861155818e-01,6.148439281401613110e-01,4.979731639488886863e-01,3.667925277334711520e-01,1.000000000000000000e+00,5.272957562502463835e-01,4.995603082394102779e-01,6.056392257738414386e-01,1.195364276649881208e-01,3.171548188834993343e-01,2.992408977956894645e-01,5.802093944869135544e-01,6.666419080410117548e-01
6.070270547342079270e-01,6.732000981498491576e-01,4.303086203963060186e-01,6.066146764001154601e-01,4.945453842091507290e-01,1.765262662944910022e-01,6.140775720043201158e-01,-3.119475680191736155e-01,7.447733925998258897e-01,7.582459010198523419e-01,7.961736189157228027e-01,8.273187920187340394e-01,1.158587975663545322e-01,7.996739461363582269e-01,8.017752683879859621e-01,7.744020779164479951e-01,6.373180205486930205e-01,8.349004782847643247e-01,7.945201889071623613e-01,7.268615296908590429e-01,4.101201013826468178e-01,7.669389370456860533e-01,7.821050493141761262e-01,6.771401853658560732e-01,5.580560440224375807e-01,4.734921666574293808e-01,7.767903534956155376e-01,3.633294881917482066e-01,8.112887146897417301e-01,6.992463193405572541e-01,5.272957562502463835e-01,1.000000000000000000e+00,8.430943472619575330e-01,7.866192575129856701e-01,2.257286585704307638e-02,5.017309240764571410e-01,3.096467332906995273e-01,5.054194090058864441e-01,6.551007546819076488e-01
5.286401825687051526e-01,6.697181160466569860e-01,3.489260570581504406e-01,6.764919296447517993e-01,4.843523749709671145e-01,3.102402350753079574e-01,6.922890690412524251e-01,-2.249690478098571311e-01,7.497149289058666621e-01,7.188976089173763073e-01,6.435187182862391886e-01,9.011157711190046493e-01,2.111595973893753975e-01,7.716849031063207631e-01,8.217805709782870505e-01,7.649637182875906882e-01,3.996713647581179307e-01,8.645377471907661482e-01,8.084043564585949859e-01,8.360268851507559607e-01,4.101212117244363853e-01,8.720254499706541207e-01,7.721815594321728149e-01,6.157876786966182125e-01,5.739366506021080783e-01,3.546538975722817733e-01,7.901470928401482796e-01,3.803110418404970772e-01,8.250478473603333196e-01,7.069347001926308272e-01,4.995603082394102779e-01,8.430943472619575330e-01,1.000000000000000000e+00,8.298109249804693777e-01,1.311565453107634838e-01,4.143217528780673842e-01,3.786879883148444037e-01,4.587814715701816204e-01,6.621433735909078022e-01
7.049785508468925377e-01,7.252351458217534130e-01,5.264802542350368597e-01,5.992553704247547408e-01,6.250770889850550960e-01,1.275449008226960113e-01,6.254819844081220825e-01,-3.792571048750439933e-01,8.189410096503084713e-01,6.661323079764835953e-01,7.534451359272018589e-01,8.618528923635303540e-01,1.190403839004382791e-01,7.790552251662835603e-01,8.392302103791484669e-01,6.981095219312108968e-01,4.709831101319714164e-01,7.881796711960309398e-01,8.279246769161989761e-01,7.047214673353359160e-01,3.499042257402194545e-01,8.041669778751374675e-01,7.404101523702345533e-01,5.279026192993229172e-01,6.193715542029694099e-01,5.086992289577789705e-01,7.984463000666024435e-01,4.692654231478308735e-01,7.228977452398934744e-01,6.479496282734301671e-01,6.056392257738414386e-01,7.866192575129856701e-01,8.298109249804693777e-01,1.000000000000000000e+00,-1.059286054183627562e-01,4.103583559168757500e-01,2.000791698297622601e-01,5.212021150745108633e-01,6.686916220771166319e-01
-9.018830041662354025e-02,-1.561341499068067129e-01,-1.006389119775844519e-02,-2.986037342004180806e-01,-2.824429695573230353e-03,4.078450325313605629e-01,-2.355324626596690396e-01,-2.020241669112967861e-02,-6.132958950509362350e-02,-8.485249865280933279e-02,-1.291666467214667435e-01,-8.606399430891144287e-02,3.624035170341177725e-02,7.014670655233630481e-02,-2.164372413792118310e-01,-8.619343167354735769e-02,-2.122824495276668666e-01,-5.152446150970116379e-02,-1.548824231350895975e-01,-7.285551633460757293e-02,1.366367936000053018e-01,-6.516752239085706055e-02,2.231795390023989453e-02,-8.755543525981875075e-02,2.822380083070746143e-02,1.611391390367917509e-01,-3.020666643155461503e-02,-1.184335048687766845e-01,2.545173474755411114e-01,-3.300337722653883671e-02,1.195364276649881208e-01,2.257286585704307638e-02,1.311565453107634838e-01,-1.059286054183627562e-01,1.000000000000000000e+00,1.871002985135051255e-01,6.636568615864869569e-01,9.174736637412489459e-02,-2.008806647222719996e-03
4.087768308913216075e-01,4.203782204821354673e-01,2.736633214007155313e-01,1.694716460587760987e-01,2.458576926021419362e-01,5.494984803072790192e-02,2.110619712167763895e-01,-2.191516084141955922e-01,3.165766908160018156e-01,3.985676304934514524e-01,3.708834207843672570e-01,4.170089698297926861e-01,8.167075399661903601e-02,3.972884228361126535e-01,4.219155157898103470e-01,4.002675989635385845e-01,4.138531244079066695e-01,4.158633462298143013e-01,3.138060792663043830e-01,3.309514852079297187e-01,3.764379075041978107e-01,3.292321820558016254e-01,4.867017249536729762e-01,1.841745641114743426e-01,3.679713709159921353e-01,1.758083170996832534e-01,3.477946156011201828e-01,3.522695237941662200e-02,5.070025033369329748e-01,4.720608964109057615e-01,3.171548188834993343e-01,5.017309240764571410e-01,4.143217528780673842e-01,4.103583559168757500e-01,1.871002985135051255e-01,1.000000000000000000e+00,3.078363335745024076e-01,2.588330073750779170e-01,3.272762967779354604e-01
2.241448394933693022e-01,1.620922951449140503e-01,1.399825001999563112e-01,-1.063856994198778688e-01,1.767020433552491665e-01,3.140124605439340577e-01,-8.775291394465545292e-02,-1.769310253600595018e-01,1.659008006723899364e-01,7.636639786244124595e-02,1.163012101081334487e-01,1.594219026554909713e-01,-1.055998967125135329e-01,2.230035193442678476e-01,5.369119565701425262e-02,9.808251695333318476e-02,-7.547402698299141011e-02,2.389641050094401253e-01,1.275845413272119755e-01,1.214668715467831228e-01,1.823762017518953948e-01,1.851544530955313017e-01,2.707188085098312658e-01,-6.423718669495742835e-04,1.609950363904784076e-01,2.534514696570211445e-01,1.788446306075982817e-01,-5.406419864903024008e-02,5.205040907726358190e-01,1.389678896511759298e-01,2.992408977956894645e-01,3.096467332906995273e-01,3.786879883148444037e-01,2.000791698297622601e-01,6.636568615864869569e-01,3.078363335745024076e-01,1.000000000000000000e+00,1.182536002447941437e-01,1.999680073146226089e-01
2.207261559649318639e-01,9.645180054893799648e-02,5.372077864223444577e-01,3.128654067314868281e-01,6.055574685845613869e-01,2.216955243325355041e-01,4.177245440025532108e-01,-3.660636687603568973e-01,6.330314957463517578e-01,4.584852967578327276e-01,6.085650732152807496e-01,4.468691456175692966e-01,4.292058860175884671e-02,5.531784776691882621e-01,3.912165281469124900e-01,4.192451222892938367e-01,3.176255034864449711e-01,3.809586878649657837e-01,4.744803577977750320e-01,3.867010567260015796e-01,3.197792959216551600e-01,4.201884498838009407e-01,3.549117413023866741e-01,4.524777149047984892e-01,3.487572006567686289e-01,7.264328506871392532e-01,6.406838350951611361e-01,6.434635889824169563e-01,3.621666216014817752e-01,2.612236106046453288e-01,5.802093944869135544e-01,5.054194090058864441e-01,4.587814715701816204e-01,5.212021150745108633e-01,9.174736637412489459e-02,2.588330073750779170e-01,1.182536002447941437e-01,1.000000000000000000e+00,7.620494960046877431e-01
4.290478295732335079e-01,4.525557336825846155e-01,4.739760778277687936e-01,5.341908219264228652e-01,5.389293451678131008e-01,2.685777992729717067e-01,6.264171568475583873e-01,-3.320028473332410912e-01,8.247921725249957037e-01,6.207251279335894711e-01,6.987899334794839268e-01,6.717611419418396679e-01,5.230015205899798264e-02,6.386760407568832232e-01,6.027173797364164809e-01,6.364655451169202172e-01,2.622126719887780677e-01,5.998943908678084913e-01,7.137694406193766383e-01,6.138492804352017052e-01,3.480078823634144003e-01,6.516689112440181564e-01,5.562114431487394928e-01,5.679521402583713741e-01,5.832960247150181798e-01,5.534489711634741349e-01,8.313577777212028952e-01,7.224853496946318510e-01,4.863917244715694754e-01,4.966796342301078027e-01,6.666419080410117548e-01,6.551007546819076488e-01,6.621433735909078022e-01,6.686916220771166319e-01,-2.008806647222719996e-03,3.272762967779354604e-01,1.999680073146226089e-01,7.620494960046877431e-01,1.000000000000000000e+00
