1.000000000000000000e+00,6.937830529402797541e-01,3.240336428734417185e-01,-2.397147247773671330e-01,5.046429739925503144e-01,-3.018802772273440072e-01,1.527564336064207995e-01,-2.886167273340866646e-01,6.210003711458479403e-01,6.444783150752417811e-01,1.087394740585253955e-01,2.591564493351490861e-01,-3.110327405334255002e-01,4.390853102396314878e-01,2.250518180274374558e-01,7.270869176528186317e-01,8.746913811129888860e-02,2.633400203529191463e-01,1.385622622393712922e-01,1.223198269170783087e-01,2.158161640067980669e-01,2.836591613371144405e-01,4.694831229109839854e-01,4.449903265910855055e-01,4.350659991717189534e-01,4.965718982593226860e-01,3.006231776828077740e-01,4.006895221108591199e-01,5.061732524059374683e-01,6.863671310246128865e-01,3.093403909525946904e-01,4.306919722246215776e-01,2.081145089999060227e-01,2.818010552514855771e-01,2.180743258778828075e-01,2.178356896947999111e-01,5.140594558918848422e-01,2.510874941331485699e-01,2.431126279161283654e-01
6.937830529402797541e-01,1.000000000000000000e+00,3.336705967849892263e-01,-9.740920608671253811e-02,5.960057450779207011e-01,-3.860997298455636217e-01,1.952339869853123577e-01,-3.181397067990959782e-01,5.148380411478137297e-01,5.696770033215653450e-01,-4.228369246998511105e-03,4.064003790136948013e-01,-1.770089752995916699e-01,5.188561812341839774e-01,2.643480661665553177e-01,6.146629520289753623e-01,-1.470316456730362542e-01,2.660806657433036349e-01,-4.549564856064333696e-02,4.984450512297712577e-02,6.390577379238811251e-02,2.810160254530481017e-01,4.222659765080837846e-01,4.387735652888297699e-01,4.911676405912085430e-01,1.967253479985358877e-01,3.093187947588995068e-01,3.243297508299318177e-01,2.674403533400082078e-01,6.154719090306081108e-01,3.601439719579506704e-01,4.170347239756041491e-01,1.089166773983856057e-01,3.721799405881552336e-01,2.481975220554006878e-01,1.985085494946380591e-01,5.347240506612601640e-01,-9.250914587385088150e-02,1.886419375393877662e-01
3.240336428734417185e-01,3.336705967849892263e-01,1.000000000000000000e+00,-4.199687329552532766e-01,8.004406953181518736e-01,-1.972392139220731366e-01,-1.180951549603025397e-01,-9.359037603590734111e-01,5.769412888844731579e-01,5.749321243609476495e-01,2.725921862687151753e-01,3.943364625892109010e-01,-5.458540524248840509e-01,5.495335287035456595e-01,3.759616364738465610e-01,5.134648029262588453e-01,2.365706937696799295e-01,2.495178862010248230e-02,7.273048424042567739e-02,-1.732935661948978995e-02,7.224092892948004163e-01,6.050883522584329377e-01,4.884813092487498287e-01,4.189367841916669111e-01,4.053718443152714013e-01,3.861061803028109640e-01,4.133035228088586810e-01,7.820469426257365964e-01,1.867221619639079511e-01,4.367392896893640408e-01,7.297498181355267510e-01,3.986093314855010394e-01,5.795511061189934088e-01,7.051676743373261891e-01,4.307036065644945788e-01,2.838143852750942345e-02,3.924726886059560771e-01,1.937878603848113557e-01,3.538532515693914027e-01
-2.397147247773671330e-01,-9.740920608671253811e-02,-4.199687329552532766e-01,1.000000000000000000e+00,-2.810027348549106185e-01,-1.206099394095461880e-01,3.351672957691732013e-01,4.225938209386416733e-01,-2.627601755788168125e-01,-2.447881316933646356e-01,-2.088327789091557196e-01,6.196977069170171715e-02,4.560038235435856513e-01,-4.058309276430002027e-02,-5.732411657011928646e-02,-2.554382629932389626e-01,-2.521415557193905643e-01,2.194480400787660601e-01,1.510404237218513079e-01,1.358782669299535284e-01,-4.317298679588464361e-01,-1.564388331366588225e-01,-2.180974289312129222e-01,-1.454550200541134541e-01,-9.752672156063131592e-02,-2.887294784699024341e-01,-1.259998691943840232e-01,-2.744583161773054836e-01,-2.283557885269237031e-01,-1.939231901471823449e-01,-1.540993316979890893e-01,-2.365943211219050935e-01,-3.617500699659340069e-01,-2.232520495751476319e-01,-1.293120775135309652e-01,-1.287755487377068367e-02,-1.321638950849228500e-01,-1.538658309101944011e-01,3.828024552941806241e-02
5.046429739925503144e-01,5.960057450779207011e-01,8.004406953181518736e-01,-2.810027348549106185e-01,1.000000000000000000e+00,-3.624188947029726715e-01,4.710062272569935649e-02,-7.909452648952508547e-01,6.799587733682623814e-01,6.711290732108399215e-01,2.145948544536045999e-01,5.109498873024393983e-01,-4.245129889705033799e-01,6.898574780267255901e-01,4.381774065980973965e-01,6.149250846276261839e-01,1.418828080680246684e-01,2.018133039231936043e-01,9.462828306964146674e-02,6.743734910616394629e-02,4.787397895010410687e-01,6.149609264696875854e-01,5.021209622441956677e-01,5.215903342519726538e-01,4.721574929596045189e-01,4.091255145122118519e-01,4.720860729810688050e-01,7.026967473424275967e-01,2.840911919621307846e-01,5.867730512000483012e-01,6.523931788582273406e-01,4.916150415551652220e-01,4.669112733932332948e-01,7.356473520066112437e-01,4.628599582327273532e-01,1.687521411722173459e-01,5.508338060782971279e-01,1.900161527604050105e-01,4.072792377448726242e-01
-3.018802772273440072e-01,-3.860997298455636217e-01,-1.972392139220731366e-01,-1.206099394095461880e-01,-3.624188947029726715e-01,1.000000000000000000e+00,-1.689611777286687821e-01,2.273965548512731638e-01,-4.725490075663167366e-01,-3.350973478483304513e-01,3.834321697592419920e-01,-4.900772285034773468e-01,6.658965735420240006e-02,-3.608995805635925036e-01,-3.864373305909153400e-01,-3.848741553796315440e-01,4.099453787953689088e-01,-3.036587769518606095e-01,-3.094985638757074553e-01,3.559519950086197093e-02,7.591003637505307211e-02,-2.890195393117270806e-01,-3.056350098305758434e-01,-3.238964660096930737e-01,-4.228075135788176286e-01,-2.406054245580002415e-01,-2.675953594782905509e-01,-3.339504931332710203e-01,1.258237945233404813e-02,-3.655791656725970173e-01,-2.616533546859439174e-01,9.665220867664092719e-02,1.179110132973011926e-01,-3.979624418221149873e-01,-1.878296054676932558e-01,-5.850579887888136777e-04,-1.379845293175267218e-01,-8.178106211799145153e-02,-4.793498442172760554e-01
1.527564336064207995e-01,1.952339869853123577e-01,-1.180951549603025397e-01,3.351672957691732013e-01,4.710062272569935649e-02,-1.689611777286687821e-01,1.000000000000000000e+00,1.098696263502414450e-01,-1.297295835576813550e-01,4.949177922396927332e-02,-2.692682360150335796e-01,-1.163923707697225446e-01,3.237085062018556919e-02,-6.397817903988433676e-03,-1.365388438281971428e-01,8.367749511758799247e-03,-1.428076257307468178e-01,-4.065461561557479064e-02,-1.655594515377352416e-01,1.809872354484577672e-01,-7.139621433394625905e-02,5.564086431402589378e-02,-1.423359227516770298e-01,-1.358960592441409709e-01,5.541295332894559389e-02,-1.778905276162651983e-01,-2.220826064030273495e-01,-1.319992019594207373e-02,-1.426110386003126007e-01,-4.765756967336540889e-02,-8.345757568822133321e-02,-1.676800815662978783e-01,-2.592202963798910242e-01,-6.250123289298163687e-02,-2.470693035578445662e-01,-1.217944293031314879e-01,-1.335863600753261493e-01,-2.525101343353339245e-01,-1.520685864990994896e-01
-2.886167273340866646e-01,-3.181397067990959782e-01,-9.359037603590734111e-01,4.225938209386416733e-01,-7.909452648952508547e-01,2.273965548512731638e-01,1.098696263502414450e-01,1.000000000000000000e+00,-5.453837361868347777e-01,-5.384319963650244789e-01,-2.402347429217360220e-01,-3.894930679263730045e-01,5.398428685650272785e-01,-5.151352322444635590e-01,-3.679540101232679494e-01,-4.732595713013753591e-01,-2.214726357800252121e-01,2.356771931252884394e-03,-4.216102251000499596e-02,3.738802854098397660e-02,-7.093334663851657007e-01,-6.230331572068500412e-01,-4.555639736888688063e-01,-3.798979670062131997e-01,-3.819983562483693085e-01,-3.528893280469212468e-01,-3.874432464610583216e-01,-7.722151783101703915e-01,-1.371229030302708596e-01,-3.956278865863295247e-01,-7.044231297310536988e-01,-3.589171934871672742e-01,-5.574923488848335662e-01,-7.117592245669374096e-01,-4.160720215973868208e-01,-4.970298021623470106e-03,-3.534127431897338689e-01,-1.637188621303934943e-01,-3.418116441017236551e-01
6.210003711458479403e-01,5.148380411478137297e-01,5.769412888844731579e-01,-2.627601755788168125e-01,6.799587733682623814e-01,-4.725490075663167366e-01,-1.297295835576813550e-01,-5.453837361868347777e-01,1.000000000000000000e+00,6.883137728406530931e-01,1.361768975448010566e-01,6.106386126708485129e-01,-3.901901389095090433e-01,6.940418659268799972e-01,5.556443977537076639e-01,7.598274589734724804e-01,3.396141901183498402e-02,4.316898147690216847e-01,4.700388897462256521e-01,-1.654831562807366693e-02,2.447182627726612048e-01,4.976975521249744627e-01,6.783384433213104359e-01,6.866758145260271062e-01,6.247672127617295290e-01,7.131324923523669757e-01,6.488901182214976693e-01,6.837085333023240619e-01,5.092853481575453367e-01,7.671359903243665235e-01,6.539193287376320329e-01,5.032349913490944404e-01,4.581321246923562573e-01,6.538541986564504471e-01,5.159065127547000085e-01,3.344228778778673417e-01,6.485329412965115115e-01,5.464855209373344902e-01,6.515361274095575750e-01
6.444783150752417811e-01,5.696770033215653450e-01,5.749321243609476495e-01,-2.447881316933646356e-01,6.711290732108399215e-01,-3.350973478483304513e-01,4.949177922396927332e-02,-5.384319963650244789e-01,6.883137728406530931e-01,1.000000000000000000e+00,1.862379438287072031e-01,4.301976798245988887e-01,-3.978013202651924374e-01,6.268386935983489838e-01,4.286839012600857091e-01,8.513503895224212581e-01,4.652754596013521787e-03,3.185869851659133278e-01,2.967631050315640562e-01,8.396162070780938125e-02,4.177211270251007802e-01,4.112367381635078645e-01,5.562529248834747753e-01,5.700274313021657102e-01,4.967517567232498932e-01,5.389511273546829795e-01,4.439458873589510746e-01,6.165094292076234161e-01,4.061759359704895656e-01,6.752727814749303059e-01,5.698831796636181224e-01,4.161862565288391158e-01,3.465088961519722233e-01,4.900495870156541534e-01,3.408456139736936730e-01,1.581533452771280990e-01,5.784575174306418877e-01,2.953826044166996123e-01,4.845731514533980211e-01
1.087394740585253955e-01,-4.228369246998511105e-03,2.725921862687151753e-01,-2.088327789091557196e-01,2.145948544536045999e-01,3.834321697592419920e-01,-2.692682360150335796e-01,-2.402347429217360220e-01,1.361768975448010566e-01,1.862379438287072031e-01,1.000000000000000000e+00,1.347683283855094505e-01,-1.361157477096575641e-01,2.553834841310183013e-01,1.641063757496347975e-01,1.538400402769408704e-01,4.865580689563855921e-01,1.759966098892717656e-01,1.762765332092756654e-01,6.962085112248642127e-02,2.589750601862956803e-01,2.192473645753638400e-01,1.217715650563886837e-01,1.450510058874597830e-01,-1.019693589927855026e-01,2.703913429342908459e-01,3.253167576449649268e-01,1.837625388534237791e-01,4.318810395985452355e-01,1.777579233773781409e-01,3.047473127061981479e-01,5.660604099361483676e-01,4.806934652964486854e-01,8.761608183287117324e-02,3.278503174553445421e-01,2.633333558343687875e-01,3.488591437069929468e-01,3.150372016258005115e-01,1.170645366203583310e-01
2.591564493351490861e-01,4.064003790136948013e-01,3.943364625892109010e-01,6.196977069170171715e-02,5.109498873024393983e-01,-4.900772285034773468e-01,-1.163923707697225446e-01,-3.894930679263730045e-01,6.106386126708485129e-01,4.301976798245988887e-01,1.347683283855094505e-01,1.000000000000000000e+00,-9.160770156764343197e-02,7.145400828575256824e-01,7.950557206808452904e-01,4.962136438976205710e-01,-2.452332412381875437e-01,6.604657594973014634e-01,5.443185901011756700e-01,1.029152421425593711e-01,2.147193549818970579e-02,5.690487031972334409e-01,5.229565663130038011e-01,5.800448272622952262e-01,4.061093780313055901e-01,5.064537425478686794e-01,7.517337603440633620e-01,5.777680086916352487e-01,4.855465874314292551e-01,4.799224277638987068e-01,6.853036054414373135e-01,4.611654935443864067e-01,4.716022653867077974e-01,6.137041286413776886e-01,6.449740903283684990e-01,4.569411194210411531e-01,6.876075779857953041e-01,3.796294239474787835e-01,7.168202090759945300e-01
-3.110327405334255002e-01,-1.770089752995916699e-01,-5.458540524248840509e-01,4.560038235435856513e-01,-4.245129889705033799e-01,6.658965735420240006e-02,3.237085062018556919e-02,5.398428685650272785e-01,-3.901901389095090433e-01,-3.978013202651924374e-01,-1.361157477096575641e-01,-9.160770156764343197e-02,1.000000000000000000e+00,-1.193817765293756633e-01,-4.145833924010957489e-02,-3.632227413689558815e-01,-2.395201277550044194e-01,1.322910235760474673e-01,-4.351466733379680957e-02,1.245485970142860555e-01,-5.431019633449235551e-01,-3.722378356123607901e-01,-2.149092432866101521e-01,-3.833545252369922191e-02,-1.036930719066486706e-01,-4.374280552335323424e-01,-3.066395741010158882e-01,-4.943064122548013750e-01,-1.615101805760344456e-01,-2.710761117114152685e-01,-4.165632651483754945e-01,-3.498016124607024047e-01,-4.340662659032840098e-01,-3.503079393058277091e-01,-1.144283790712856685e-01,2.613212580880690077e-03,-1.968387305847117685e-01,-3.171209513408526082e-01,-2.464947586687196990e-01
4.390853102396314878e-01,5.188561812341839774e-01,5.495335287035456595e-01,-4.058309276430002027e-02,6.898574780267255901e-01,-3.608995805635925036e-01,-6.397817903988433676e-03,-5.151352322444635590e-01,6.940418659268799972e-01,6.268386935983489838e-01,2.553834841310183013e-01,7.145400828575256824e-01,-1.193817765293756633e-01,1.000000000000000000e+00,6.738014319229077564e-01,6.336785679079994793e-01,-4.109264540512095470e-02,5.400161813102931641e-01,3.806808064426825955e-01,1.077138668005829109e-01,2.042494796398297008e-01,5.002678843759181815e-01,5.906239343821729770e-01,7.508161163524941228e-01,5.246963947296312547e-01,5.032210896787707721e-01,6.370877112308911405e-01,6.508762535905180391e-01,4.918060899989628587e-01,6.048749735880527556e-01,7.427682300289131234e-01,4.964985988368278425e-01,4.829432388569218082e-01,6.719074463944265663e-01,6.195823549173362643e-01,3.251457648008057588e-01,7.345322206165774137e-01,2.610993151549061420e-01,5.276273343310504682e-01
2.250518180274374558e-01,2.643480661665553177e-01,3.759616364738465610e-01,-5.732411657011928646e-02,4.381774065980973965e-01,-3.864373305909153400e-01,-1.365388438281971428e-01,-3.679540101232679494e-01,5.556443977537076639e-01,4.286839012600857091e-01,1.641063757496347975e-01,7.950557206808452904e-01,-4.145833924010957489e-02,6.738014319229077564e-01,1.000000000000000000e+00,4.822736896068772205e-01,-1.866887631302797390e-01,6.393778074768823316e-01,5.115969101659104679e-01,1.606914783793690349e-01,5.663286133236754977e-02,5.187860453962128693e-01,4.829068917989540188e-01,5.507749684259383161e-01,3.769913440708459462e-01,5.599198772609590424e-01,5.863894341624581452e-01,6.087586550394541440e-01,5.031695720082715040e-01,4.113036252953594096e-01,6.341489995508933220e-01,3.126966311445071312e-01,4.850907184257822191e-01,5.615449410413679843e-01,6.076303284205271105e-01,4.324114894220055794e-01,5.888491695307622731e-01,3.867852296504968312e-01,5.626926672920787853e-01
7.270869176528186317e-01,6.146629520289753623e-01,5.134648029262588453e-01,-2.554382629932389626e-01,6.149250846276261839e-01,-3.848741553796315440e-01,8.367749511758799247e-03,-4.732595713013753591e-01,7.598274589734724804e-01,8.513503895224212581e-01,1.538400402769408704e-01,4.962136438976205710e-01,-3.632227413689558815e-01,6.336785679079994793e-01,4.822736896068772205e-01,1.000000000000000000e+00,-7.990947749360360897e-02,4.289939119230699593e-01,3.972957346836740178e-01,5.884610419806480565e-03,2.991672725342897077e-01,3.607429532153651475e-01,6.683257984055428480e-01,5.915888473148165350e-01,5.652220439111795836e-01,6.040787116373242949e-01,5.088761308009063233e-01,6.083744904191499270e-01,5.073846930427607926e-01,7.260371411654916729e-01,5.482501898833378462e-01,4.727338718633357084e-01,3.225773540848880239e-01,4.569242502028487696e-01,3.617123441223970559e-01,2.634625011994469190e-01,6.334335944373526983e-01,3.784717346475823807e-01,5.032540927080493276e-01
8.746913811129888860e-02,-1.470316456730362542e-01,2.365706937696799295e-01,-2.521415557193905643e-01,1.418828080680246684e-01,4.099453787953689088e-01,-1.428076257307468178e-01,-2.214726357800252121e-01,3.396141901183498402e-02,4.652754596013521787e-03,4.865580689563855921e-01,-2.452332412381875437e-01,-2.395201277550044194e-01,-4.109264540512095470e-02,-1.866887631302797390e-01,-7.990947749360360897e-02,1.000000000000000000e+00,-2.849022743642183886e-01,-2.171146695520922709e-01,2.600505542253172403e-02,3.341781551042281584e-01,2.708479866462334962e-01,-9.356438278094038330e-02,1.967785840464802288e-02,-1.443228223701903401e-01,1.340138296545331231e-01,-8.052148754652334317e-02,7.141906660646422933e-02,1.362412139392753796e-01,4.697921039034803903e-02,3.628902710072304943e-02,2.878456595056260725e-01,3.352956842153107520e-01,9.622169516603829020e-02,7.823191776502647077e-02,-3.778776400782607372e-03,3.899810779296822294e-02,2.696488896789357992e-01,-1.678390446457881380e-01
2.633400203529191463e-01,2.660806657433036349e-01,2.495178862010248230e-02,2.194480400787660601e-01,2.018133039231936043e-01,-3.036587769518606095e-01,-4.065461561557479064e-02,2.356771931252884394e-03,4.316898147690216847e-01,3.185869851659133278e-01,1.759966098892717656e-01,6.604657594973014634e-01,1.322910235760474673e-01,5.400161813102931641e-01,6.393778074768823316e-01,4.289939119230699593e-01,-2.849022743642183886e-01,1.000000000000000000e+00,6.576781100432234073e-01,1.362783048134834085e-01,-1.675867187436122785e-01,1.802115011883147766e-01,3.483096518735182001e-01,4.285966864134297949e-01,2.573032675598373453e-01,5.190491625852474700e-01,5.109834717192338616e-01,2.959632777214551980e-01,5.996519439390519679e-01,3.713905065027637287e-01,3.838266864833626002e-01,3.490782166023322364e-01,2.392000167398133925e-01,1.367710511994522649e-01,4.941250229402745497e-01,3.600191257492347252e-01,5.659228979123320791e-01,4.219324916209836740e-01,4.850210667877625226e-01
1.385622622393712922e-01,-4.549564856064333696e-02,7.273048424042567739e-02,1.510404237218513079e-01,9.462828306964146674e-02,-3.094985638757074553e-01,-1.655594515377352416e-01,-4.216102251000499596e-02,4.700388897462256521e-01,2.967631050315640562e-01,1.762765332092756654e-01,5.443185901011756700e-01,-4.351466733379680957e-02,3.806808064426825955e-01,5.115969101659104679e-01,3.972957346836740178e-01,-2.171146695520922709e-01,6.576781100432234073e-01,1.000000000000000000e+00,2.491776931312141355e-02,-1.276163665731224750e-01,1.462489492350244336e-01,3.958885886551423705e-01,3.564529847681143782e-01,2.388163743508351367e-01,5.409740858456499879e-01,5.773479436775212914e-01,3.067896300384826413e-01,4.740076333328170355e-01,3.383936563037175382e-01,3.767729662417330649e-01,3.180845291860682766e-01,1.953874496611579248e-01,1.063473959650260287e-01,3.297878627241529470e-01,2.848772840057046674e-01,4.163606901216823641e-01,6.505478068011559811e-01,7.287263407448226760e-01
1.223198269170783087e-01,4.984450512297712577e-02,-1.732935661948978995e-02,1.358782669299535284e-01,6.743734910616394629e-02,3.559519950086197093e-02,1.809872354484577672e-01,3.738802854098397660e-02,-1.654831562807366693e-02,8.396162070780938125e-02,6.962085112248642127e-02,1.029152421425593711e-01,1.245485970142860555e-01,1.077138668005829109e-01,1.606914783793690349e-01,5.884610419806480565e-03,2.600505542253172403e-02,1.362783048134834085e-01,2.491776931312141355e-02,1.000000000000000000e+00,-2.491436457050741089e-04,1.672655240284602329e-01,-4.257402059159214047e-02,8.268411745883628983e-02,1.607445148244701638e-02,1.036419447854343250e-02,-6.525493442301873170e-02,9.788379887526234280e-02,1.442113123547273945e-01,7.123437633891202547e-02,9.662926351198145025e-02,-3.719608786570918063e-02,5.999126603683892223e-02,4.265777368517470990e-03,1.460874841707951802e-02,1.979321924352430151e-01,8.940285268692257925e-02,-6.783241775020952546e-02,-1.281077010252504311e-02
2.158161640067980669e-01,6.390577379238811251e-02,7.224092892948004163e-01,-4.317298679588464361e-01,4.787397895010410687e-01,7.591003637505307211e-02,-7.139621433394625905e-02,-7.093334663851657007e-01,2.447182627726612048e-01,4.177211270251007802e-01,2.589750601862956803e-01,2.147193549818970579e-02,-5.431019633449235551e-01,2.042494796398297008e-01,5.663286133236754977e-02,2.991672725342897077e-01,3.341781551042281584e-01,-1.675867187436122785e-01,-1.276163665731224750e-01,-2.491436457050741089e-04,1.000000000000000000e+00,3.504823378224256603e-01,2.096289921699971137e-01,1.348862759684452683e-01,1.056151829567601730e-01,2.785719767737234731e-01,1.462245094689981761e-01,5.500751692583358832e-01,8.334053530509713537e-02,1.526090955992061848e-01,4.561726712828679253e-01,2.113635281972490176e-01,4.547971061980234375e-01,3.879120122633814005e-01,1.979087588495536676e-01,-1.506250582706926411e-01,1.245994960555178860e-01,9.014411334566246881e-02,7.514725711622272097e-02
2.836591613371144405e-01,2.810160254530481017e-01,6.050883522584329377e-01,-1.564388331366588225e-01,6.149609264696875854e-01,-2.890195393117270806e-01,5.564086431402589378e-02,-6.230331572068500412e-01,4.976975521249744627e-01,4.112367381635078645e-01,2.192473645753638400e-01,5.690487031972334409e-01,-3.722378356123607901e-01,5.002678843759181815e-01,5.187860453962128693e-01,3.607429532153651475e-01,2.708479866462334962e-01,1.802115011883147766e-01,1.462489492350244336e-01,1.672655240284602329e-01,3.504823378224256603e-01,1.000000000000000000e+00,2.591796737132709971e-01,3.893075348031764249e-01,2.027503926335461060e-01,4.396368081724563726e-01,4.170558928989452907e-01,6.532886672316269294e-01,2.611870532849676629e-01,3.490228015534223571e-01,6.053951844112112068e-01,3.534508929942488109e-01,5.759647585903393541e-01,6.951859430251646765e-01,4.241780271308266403e-01,2.552987866177947041e-01,4.572929349819223055e-01,3.316775324148229509e-01,4.353718523915587335e-01
4.694831229109839854e-01,4.222659765080837846e-01,4.884813092487498287e-01,-2.180974289312129222e-01,5.021209622441956677e-01,-3.056350098305758434e-01,-1.423359227516770298e-01,-4.555639736888688063e-01,6.783384433213104359e-01,5.562529248834747753e-01,1.217715650563886837e-01,5.229565663130038011e-01,-2.149092432866101521e-01,5.906239343821729770e-01,4.829068917989540188e-01,6.683257984055428480e-01,-9.356438278094038330e-02,3.483096518735182001e-01,3.958885886551423705e-01,-4.257402059159214047e-02,2.096289921699971137e-01,2.591796737132709971e-01,1.000000000000000000e+00,5.703375950714290044e-01,7.398824999029413041e-01,4.730427505551914047e-01,5.426769472649094483e-01,5.256503335392299636e-01,4.169194834409211126e-01,6.468313991348025871e-01,5.390481741498572843e-01,3.955804667336309532e-01,3.482988319069308947e-01,4.424046407164124450e-01,3.911758083583237178e-01,3.225485871262397386e-01,4.996974469090715298e-01,3.620307739298719851e-01,5.081603722245211507e-01
4.449903265910855055e-01,4.387735652888297699e-01,4.189367841916669111e-01,-1.454550200541134541e-01,5.215903342519726538e-01,-3.238964660096930737e-01,-1.358960592441409709e-01,-3.798979670062131997e-01,6.866758145260271062e-01,5.700274313021657102e-01,1.450510058874597830e-01,5.800448272622952262e-01,-3.833545252369922191e-02,7.508161163524941228e-01,5.507749684259383161e-01,5.915888473148165350e-01,1.967785840464802288e-02,4.285966864134297949e-01,3.564529847681143782e-01,8.268411745883628983e-02,1.348862759684452683e-01,3.893075348031764249e-01,5.703375950714290044e-01,1.000000000000000000e+00,5.681649808659379186e-01,4.970471291362053567e-01,5.207256529267401124e-01,5.404461418174607568e-01,4.956974222056623192e-01,5.793038360703810508e-01,5.906804796181192030e-01,3.548912834442948250e-01,4.288581257621932319e-01,5.851157596635421232e-01,6.108337402922371373e-01,3.326893705372293009e-01,6.632177051285098601e-01,3.114628588022225197e-01,4.681272745735375329e-01
4.350659991717189534e-01,4.911676405912085430e-01,4.053718443152714013e-01,-9.752672156063131592e-02,4.721574929596045189e-01,-4.228075135788176286e-01,5.541295332894559389e-02,-3.819983562483693085e-01,6.247672127617295290e-01,4.967517567232498932e-01,-1.019693589927855026e-01,4.061093780313055901e-01,-1.036930719066486706e-01,5.246963947296312547e-01,3.769913440708459462e-01,5.652220439111795836e-01,-1.443228223701903401e-01,2.573032675598373453e-01,2.388163743508351367e-01,1.607445148244701638e-02,1.056151829567601730e-01,2.027503926335461060e-01,7.398824999029413041e-01,5.681649808659379186e-01,1.000000000000000000e+00,3.154062080249979694e-01,3.595528066107436249e-01,4.436021008033987911e-01,1.851316656409349448e-01,5.900616798832080123e-01,4.411601128357222623e-01,2.071502824189213887e-01,1.352379223101939920e-01,4.116697214844441954e-01,2.597377430457885050e-01,1.367640927775433668e-01,3.839179711949900486e-01,1.176033552784531561e-01,4.162307551980803377e-01
4.965718982593226860e-01,1.967253479985358877e-01,3.861061803028109640e-01,-2.887294784699024341e-01,4.091255145122118519e-01,-2.406054245580002415e-01,-1.778905276162651983e-01,-3.528893280469212468e-01,7.131324923523669757e-01,5.389511273546829795e-01,2.703913429342908459e-01,5.064537425478686794e-01,-4.374280552335323424e-01,5.032210896787707721e-01,5.599198772609590424e-01,6.040787116373242949e-01,1.340138296545331231e-01,5.190491625852474700e-01,5.409740858456499879e-01,1.036419447854343250e-02,2.785719767737234731e-01,4.396368081724563726e-01,4.730427505551914047e-01,4.970471291362053567e-01,3.154062080249979694e-01,1.000000000000000000e+00,6.269229480203418747e-01,6.437097618804786814e-01,7.087156313511818739e-01,4.603622635935596397e-01,5.680553339291275483e-01,4.488805763744192490e-01,5.968432885003221999e-01,4.545952591989089187e-01,5.243560254019785649e-01,3.418457937015411119e-01,5.950246332950411832e-01,7.424408350734054141e-01,5.671760941850082505e-01
3.006231776828077740e-01,3.093187947588995068e-01,4.133035228088586810e-01,-1.259998691943840232e-01,4.720860729810688050e-01,-2.675953594782905509e-01,-2.220826064030273495e-01,-3.874432464610583216e-01,6.488901182214976693e-01,4.439458873589510746e-01,3.253167576449649268e-01,7.517337603440633620e-01,-3.066395741010158882e-01,6.370877112308911405e-01,5.863894341624581452e-01,5.088761308009063233e-01,-8.052148754652334317e-02,5.109834717192338616e-01,5.773479436775212914e-01,-6.525493442301873170e-02,1.462245094689981761e-01,4.170558928989452907e-01,5.426769472649094483e-01,5.207256529267401124e-01,3.595528066107436249e-01,6.269229480203418747e-01,1.000000000000000000e+00,5.304151026244131595e-01,5.756704810370176784e-01,4.743876436947605524e-01,6.904642585143505595e-01,6.940341844143760319e-01,5.943872483781358351e-01,5.647798570890527614e-01,6.457732374371084605e-01,4.621048867715482622e-01,7.404567711546393705e-01,5.396951045666431579e-01,7.730940412390796546e-01
4.006895221108591199e-01,3.243297508299318177e-01,7.820469426257365964e-01,-2.744583161773054836e-01,7.026967473424275967e-01,-3.339504931332710203e-01,-1.319992019594207373e-02,-7.722151783101703915e-01,6.837085333023240619e-01,6.165094292076234161e-01,1.837625388534237791e-01,5.777680086916352487e-01,-4.943064122548013750e-01,6.508762535905180391e-01,6.087586550394541440e-01,6.083744904191499270e-01,7.141906660646422933e-02,2.959632777214551980e-01,3.067896300384826413e-01,9.788379887526234280e-02,5.500751692583358832e-01,6.532886672316269294e-01,5.256503335392299636e-01,5.404461418174607568e-01,4.436021008033987911e-01,6.437097618804786814e-01,5.304151026244131595e-01,1.000000000000000000e+00,3.923477209592979298e-01,4.781441127348095566e-01,8.234278990880247173e-01,3.390822034026682030e-01,6.193574585939538579e-01,7.434386824553546047e-01,5.268455833123664167e-01,2.074839829938921465e-01,5.294763171943495106e-01,3.586936570178843597e-01,5.032204405130544789e-01
5.061732524059374683e-01,2.674403533400082078e-01,1.867221619639079511e-01,-2.283557885269237031e-01,2.840911919621307846e-01,1.258237945233404813e-02,-1.426110386003126007e-01,-1.371229030302708596e-01,5.092853481575453367e-01,4.061759359704895656e-01,4.318810395985452355e-01,4.855465874314292551e-01,-1.615101805760344456e-01,4.918060899989628587e-01,5.031695720082715040e-01,5.073846930427607926e-01,1.362412139392753796e-01,5.996519439390519679e-01,4.740076333328170355e-01,1.442113123547273945e-01,8.334053530509713537e-02,2.611870532849676629e-01,4.169194834409211126e-01,4.956974222056623192e-01,1.851316656409349448e-01,7.087156313511818739e-01,5.756704810370176784e-01,3.923477209592979298e-01,1.000000000000000000e+00,4.928604415725384436e-01,4.019806321882563593e-01,5.697394425743051993e-01,5.661364918531371915e-01,2.223014363036935892e-01,5.320157206614881673e-01,4.866923291605411150e-01,6.998566642900847512e-01,6.014895653858517433e-01,3.512727076816994920e-01
6.863671310246128865e-01,6.154719090306081108e-01,4.367392896893640408e-01,-1.939231901471823449e-01,5.867730512000483012e-01,-3.655791656725970173e-01,-4.765756967336540889e-02,-3.956278865863295247e-01,7.671359903243665235e-01,6.752727814749303059e-01,1.777579233773781409e-01,4.799224277638987068e-01,-2.710761117114152685e-01,6.048749735880527556e-01,4.113036252953594096e-01,7.260371411654916729e-01,4.697921039034803903e-02,3.713905065027637287e-01,3.383936563037175382e-01,7.123437633891202547e-02,1.526090955992061848e-01,3.490228015534223571e-01,6.468313991348025871e-01,5.793038360703810508e-01,5.900616798832080123e-01,4.603622635935596397e-01,4.743876436947605524e-01,4.781441127348095566e-01,4.928604415725384436e-01,1.000000000000000000e+00,4.579345932600716873e-01,5.170788551755584050e-01,2.495251686089660914e-01,4.028687538522822131e-01,3.423020611956327786e-01,3.641565064568511034e-01,5.908919753823058674e-01,3.406165204997009810e-01,4.782255028927775986e-01
3.093403909525946904e-01,3.601439719579506704e-01,7.297498181355267510e-01,-1.540993316979890893e-01,6.523931788582273406e-01,-2.616533546859439174e-01,-8.345757568822133321e-02,-7.044231297310536988e-01,6.539193287376320329e-01,5.698831796636181224e-01,3.047473127061981479e-01,6.853036054414373135e-01,-4.165632651483754945e-01,7.427682300289131234e-01,6.341489995508933220e-01,5.482501898833378462e-01,3.628902710072304943e-02,3.838266864833626002e-01,3.767729662417330649e-01,9.662926351198145025e-02,4.561726712828679253e-01,6.053951844112112068e-01,5.390481741498572843e-01,5.906804796181192030e-01,4.411601128357222623e-01,5.680553339291275483e-01,6.904642585143505595e-01,8.234278990880247173e-01,4.019806321882563593e-01,4.579345932600716873e-01,1.000000000000000000e+00,5.014312121944406453e-01,6.757866662217703047e-01,7.269427750771141339e-01,6.151894496619316755e-01,2.147045305685010841e-01,6.327583356308891238e-01,3.089052666633352318e-01,5.781911298946913469e-01
4.306919722246215776e-01,4.170347239756041491e-01,3.986093314855010394e-01,-2.365943211219050935e-01,4.916150415551652220e-01,9.665220867664092719e-02,-1.676800815662978783e-01,-3.589171934871672742e-01,5.032349913490944404e-01,4.161862565288391158e-01,5.660604099361483676e-01,4.611654935443864067e-01,-3.498016124607024047e-01,4.964985988368278425e-01,3.126966311445071312e-01,4.727338718633357084e-01,2.878456595056260725e-01,3.490782166023322364e-01,3.180845291860682766e-01,-3.719608786570918063e-02,2.113635281972490176e-01,3.534508929942488109e-01,3.955804667336309532e-01,3.548912834442948250e-01,2.071502824189213887e-01,4.488805763744192490e-01,6.940341844143760319e-01,3.390822034026682030e-01,5.697394425743051993e-01,5.170788551755584050e-01,5.014312121944406453e-01,1.000000000000000000e+00,5.328089832322362440e-01,3.487975497219441001e-01,4.877874039430377673e-01,4.478721532301604413e-01,7.222903442522000672e-01,4.525329221214560715e-01,4.454441576729252783e-01
2.081145089999060227e-01,1.089166773983856057e-01,5.795511061189934088e-01,-3.617500699659340069e-01,4.669112733932332948e-01,1.179110132973011926e-01,-2.592202963798910242e-01,-5.574923488848335662e-01,4.581321246923562573e-01,3.465088961519722233e-01,4.806934652964486854e-01,4.716022653867077974e-01,-4.340662659032840098e-01,4.829432388569218082e-01,4.850907184257822191e-01,3.225773540848880239e-01,3.352956842153107520e-01,2.392000167398133925e-01,1.953874496611579248e-01,5.999126603683892223e-02,4.547971061980234375e-01,5.759647585903393541e-01,3.482988319069308947e-01,4.288581257621932319e-01,1.352379223101939920e-01,5.968432885003221999e-01,5.943872483781358351e-01,6.193574585939538579e-01,5.661364918531371915e-01,2.495251686089660914e-01,6.757866662217703047e-01,5.328089832322362440e-01,1.000000000000000000e+00,5.698180653357265424e-01,6.573262459262173563e-01,3.326179056932442868e-01,5.752138918309710469e-01,4.392539220340552775e-01,3.209089549757696558e-01
2.818010552514855771e-01,3.721799405881552336e-01,7.051676743373261891e-01,-2.232520495751476319e-01,7.356473520066112437e-01,-3.979624418221149873e-01,-6.250123289298163687e-02,-7.117592245669374096e-01,6.538541986564504471e-01,4.900495870156541534e-01,8.761608183287117324e-02,6.137041286413776886e-01,-3.503079393058277091e-01,6.719074463944265663e-01,5.615449410413679843e-01,4.569242502028487696e-01,9.622169516603829020e-02,1.367710511994522649e-01,1.063473959650260287e-01,4.265777368517470990e-03,3.879120122633814005e-01,6.951859430251646765e-01,4.424046407164124450e-01,5.851157596635421232e-01,4.116697214844441954e-01,4.545952591989089187e-01,5.647798570890527614e-01,7.434386824553546047e-01,2.223014363036935892e-01,4.028687538522822131e-01,7.269427750771141339e-01,3.487975497219441001e-01,5.698180653357265424e-01,1.000000000000000000e+00,5.880216859970310850e-01,2.732784189993874846e-01,5.407217906921633066e-01,2.584599060651194269e-01,5.012866739302341834e-01
2.180743258778828075e-01,2.481975220554006878e-01,4.307036065644945788e-01,-1.293120775135309652e-01,4.628599582327273532e-01,-1.878296054676932558e-01,-2.470693035578445662e-01,-4.160720215973868208e-01,5.159065127547000085e-01,3.408456139736936730e-01,3.278503174553445421e-01,6.449740903283684990e-01,-1.144283790712856685e-01,6.195823549173362643e-01,6.076303284205271105e-01,3.617123441223970559e-01,7.823191776502647077e-02,4.941250229402745497e-01,3.297878627241529470e-01,1.460874841707951802e-02,1.979087588495536676e-01,4.241780271308266403e-01,3.911758083583237178e-01,6.108337402922371373e-01,2.597377430457885050e-01,5.243560254019785649e-01,6.457732374371084605e-01,5.268455833123664167e-01,5.320157206614881673e-01,3.423020611956327786e-01,6.151894496619316755e-01,4.877874039430377673e-01,6.573262459262173563e-01,5.880216859970310850e-01,1.000000000000000000e+00,4.059244311342074529e-01,6.645554636938325599e-01,3.932298997061554613e-01,4.310403339606463935e-01
2.178356896947999111e-01,1.985085494946380591e-01,2.838143852750942345e-02,-1.287755487377068367e-02,1.687521411722173459e-01,-5.850579887888136777e-04,-1.217944293031314879e-01,-4.970298021623470106e-03,3.344228778778673417e-01,1.581533452771280990e-01,2.633333558343687875e-01,4.569411194210411531e-01,2.613212580880690077e-03,3.251457648008057588e-01,4.324114894220055794e-01,2.634625011994469190e-01,-3.778776400782607372e-03,3.600191257492347252e-01,2.848772840057046674e-01,1.979321924352430151e-01,-1.506250582706926411e-01,2.552987866177947041e-01,3.225485871262397386e-01,3.326893705372293009e-01,1.367640927775433668e-01,3.418457937015411119e-01,4.621048867715482622e-01,2.074839829938921465e-01,4.866923291605411150e-01,3.641565064568511034e-01,2.147045305685010841e-01,4.478721532301604413e-01,3.326179056932442868e-01,2.732784189993874846e-01,4.059244311342074529e-01,1.000000000000000000e+00,5.039210234912595565e-01,3.853910011869157715e-01,3.343178470111225487e-01
5.140594558918848422e-01,5.347240506612601640e-01,3.924726886059560771e-01,-1.321638950849228500e-01,5.508338060782971279e-01,-1.379845293175267218e-01,-1.335863600753261493e-01,-3.534127431897338689e-01,6.485329412965115115e-01,5.784575174306418877e-01,3.488591437069929468e-01,6.876075779857953041e-01,-1.968387305847117685e-01,7.345322206165774137e-01,5.888491695307622731e-01,6.334335944373526983e-01,3.899810779296822294e-02,5.659228979123320791e-01,4.163606901216823641e-01,8.940285268692257925e-02,1.245994960555178860e-01,4.572929349819223055e-01,4.996974469090715298e-01,6.632177051285098601e-01,3.839179711949900486e-01,5.950246332950411832e-01,7.404567711546393705e-01,5.294763171943495106e-01,6.998566642900847512e-01,5.908919753823058674e-01,6.327583356308891238e-01,7.222903442522000672e-01,5.752138918309710469e-01,5.407217906921633066e-01,6.645554636938325599e-01,5.039210234912595565e-01,1.000000000000000000e+00,4.321599746415210053e-01,5.452629737509078200e-01
2.510874941331485699e-01,-9.250914587385088150e-02,1.937878603848113557e-01,-1.538658309101944011e-01,1.900161527604050105e-01,-8.178106211799145153e-02,-2.525101343353339245e-01,-1.637188621303934943e-01,5.464855209373344902e-01,2.953826044166996123e-01,3.150372016258005115e-01,3.796294239474787835e-01,-3.171209513408526082e-01,2.610993151549061420e-01,3.867852296504968312e-01,3.784717346475823807e-01,2.696488896789357992e-01,4.219324916209836740e-01,6.505478068011559811e-01,-6.783241775020952546e-02,9.014411334566246881e-02,3.316775324148229509e-01,3.620307739298719851e-01,3.114628588022225197e-01,1.176033552784531561e-01,7.424408350734054141e-01,5.396951045666431579e-01,3.586936570178843597e-01,6.014895653858517433e-01,3.406165204997009810e-01,3.089052666633352318e-01,4.525329221214560715e-01,4.392539220340552775e-01,2.584599060651194269e-01,3.932298997061554613e-01,3.853910011869157715e-01,4.321599746415210053e-01,1.000000000000000000e+00,5.845259079861895302e-01
2.431126279161283654e-01,1.886419375393877662e-01,3.538532515693914027e-01,3.828024552941806241e-02,4.072792377448726242e-01,-4.793498442172760554e-01,-1.520685864990994896e-01,-3.418116441017236551e-01,6.515361274095575750e-01,4.845731514533980211e-01,1.170645366203583310e-01,7.168202090759945300e-01,-2.464947586687196990e-01,5.276273343310504682e-01,5.626926672920787853e-01,5.032540927080493276e-01,-1.678390446457881380e-01,4.850210667877625226e-01,7.287263407448226760e-01,-1.281077010252504311e-02,7.514725711622272097e-02,4.353718523915587335e-01,5.081603722245211507e-01,4.681272745735375329e-01,4.162307551980803377e-01,5.671760941850082505e-01,7.730940412390796546e-01,5.032204405130544789e-01,3.512727076816994920e-01,4.782255028927775986e-01,5.781911298946913469e-01,4.454441576729252783e-01,3.209089549757696558e-01,5.012866739302341834e-01,4.310403339606463935e-01,3.343178470111225487e-01,5.452629737509078200e-01,5.845259079861895302e-01,1.000000000000000000e+00
