1.000000000000000000e+00,7.841136559523694816e-01,6.280436883389646230e-01,-6.307267161730904792e-02,6.635537205657295878e-01,6.229124191122719090e-01,2.671019422753359018e-01,-4.586611688716479840e-01,6.366546030084855312e-01,6.418526671564594999e-01,5.290089360543359653e-01,1.937310491240456511e-01,7.678921818347047568e-01,2.718474561649740218e-01,3.190845489499631593e-02,7.776238563382545932e-01,8.244799410722122301e-01,6.932340177106678381e-01,6.318361620015179314e-01,-1.814948195041556772e-02,3.663296813682913045e-01,5.324686988926201625e-01,5.182990019247791791e-01,5.078444567310516078e-01,5.713556418490233213e-01,8.015448223278570650e-01,7.807606049036340812e-01,5.777593325040871752e-01,7.430766151303752620e-01,6.649522098932124647e-01,7.638729819942696730e-01,7.825329691250975106e-01,4.963288948470244710e-01,2.798103044664477790e-01,6.500154263823837431e-01,7.484914108905851293e-01,6.864145389354480153e-01,2.925602631629989347e-01,6.760968010181080956e-01
7.841136559523694816e-01,1.000000000000000000e+00,4.424487201918888557e-01,-3.470952449702660036e-01,3.749501709492709112e-01,5.948782019559872847e-01,2.032782905495128176e-02,-4.092795699420609945e-01,5.475321767579366394e-01,3.934663963720723134e-01,6.781072554132133723e-01,2.309529394910540268e-01,4.962390802583444560e-01,-6.616058336359785519e-02,-9.819884445647164561e-02,5.308538641887733389e-01,7.174595219558620451e-01,4.484374732530772012e-01,3.086261631057532484e-01,-3.686044867878233711e-01,-1.398752462699440376e-02,2.393966242738053973e-01,5.303600920663599227e-01,4.793107622041100080e-01,6.061727251519517523e-01,6.103008658095618877e-01,5.462331558300539402e-01,2.109104890761868689e-01,5.902190116541224940e-01,4.917450737897786639e-01,5.579939411058495446e-01,6.863982177794270001e-01,1.383486948235052860e-01,-4.525579717778913796e-02,5.593158881961087792e-01,4.495003158190752357e-01,6.708364431846534082e-01,-1.045810200116449873e-01,4.396002650557109259e-01
6.280436883389646230e-01,4.424487201918888557e-01,1.000000000000000000e+00,-4.475853699560298701e-03,8.462430292878506677e-01,6.141272430373839741e-01,1.615699511492476315e-01,-8.142365065311459871e-01,6.565268940283045529e-01,5.739339257923310456e-01,5.134136864077170070e-01,2.638726729933233428e-01,6.475532125872530687e-01,5.699836167214145100e-01,2.712221775555079609e-02,7.066413507567245178e-01,7.142354833423856242e-01,6.769376020608608435e-01,6.358807654449240010e-01,4.154234372556880189e-02,6.967526865136360881e-01,8.587939626020437700e-01,5.816371136033116063e-01,6.190629755384895461e-01,5.970188682365029642e-01,6.500458069187791121e-01,6.919459967946725021e-01,5.033196545799969446e-01,6.525678812261809236e-01,6.102713411751501393e-01,6.092997053242821259e-01,6.677135545404651040e-01,7.798347957201278158e-01,5.708913043294994161e-01,5.873410764910095283e-01,6.729711212088111960e-01,5.830052121714811575e-01,2.769422787973461197e-01,6.229131236949024819e-01
-6.307267161730904792e-02,-3.470952449702660036e-01,-4.475853699560298701e-03,1.000000000000000000e+00,1.541944271365433272e-01,-8.119679852953044785e-02,7.108470398327076945e-01,2.101399425664569887e-01,1.486962854145698065e-01,4.064215672479324359e-01,-6.131417862078685221e-01,-8.797352679241775275e-02,1.735918816743470539e-01,1.271880721864271889e-02,2.081728442207165797e-01,1.544478980233583432e-01,-1.515415477432966174e-01,2.445339910355267266e-01,4.710978367956576429e-01,8.060760711748840013e-01,3.528889232848418378e-01,1.902734434838413979e-01,-5.659980245212703487e-01,-4.216299427841738723e-01,-5.333846172006595499e-01,1.307387657254698299e-01,1.218732015819452563e-01,5.551207647657310229e-01,-1.829485056211853089e-01,1.765143171779337827e-01,1.359582701898808255e-01,-2.546457842691656759e-01,4.983387855388562299e-02,2.005969420202078912e-01,-5.685886508803834199e-02,2.780472697712851882e-01,-2.158857280159447445e-01,7.046671406679809735e-01,1.694438371329955728e-01
6.635537205657295878e-01,3.749501709492709112e-01,8.462430292878506677e-01,1.541944271365433272e-01,1.000000000000000000e+00,5.320558063809607274e-01,3.272541164532731250e-01,-6.237767251484833686e-01,7.080955138167924767e-01,7.323482816131473561e-01,3.523552869322408854e-01,2.281776788632049469e-01,7.360410754504808084e-01,6.368923699477159195e-01,1.900675589319978653e-01,8.238165409832536312e-01,6.980331632403674602e-01,8.018323689376374297e-01,7.873038016406667117e-01,1.731733091219135878e-01,6.716858180192480932e-01,7.991237689671543132e-01,4.564746122986926280e-01,4.980809714476707728e-01,4.772249991225245846e-01,6.924446137969380022e-01,7.374625203659312955e-01,6.591200299276863683e-01,6.512916266053110359e-01,7.451116695699940840e-01,6.966499969493388233e-01,6.468002732368931529e-01,7.930614009815514232e-01,7.042358415628031665e-01,5.065540820213830786e-01,7.394254941192137665e-01,4.914410851838117433e-01,5.029777866528901686e-01,7.761140037335295672e-01
6.229124191122719090e-01,5.948782019559872847e-01,6.141272430373839741e-01,-8.119679852953044785e-02,5.320558063809607274e-01,1.000000000000000000e+00,5.317789474798142318e-02,-5.351995864297516281e-01,3.935778442490945328e-01,4.137280303971155315e-01,6.492775623229893878e-01,8.570808811847183128e-02,5.798467448736879248e-01,2.064607595304596144e-01,-2.496379702545828694e-01,5.546307297553152438e-01,7.576670458184366908e-01,4.435321354190017717e-01,3.768834845091469932e-01,-1.725445478939241495e-02,4.420456316595109403e-01,5.499080896138668351e-01,4.964898376838088323e-01,5.620960316410540392e-01,5.889527440015958071e-01,6.590734699147163811e-01,6.372324856332186593e-01,4.306411804854634040e-01,6.271404660924634333e-01,4.108590543003320383e-01,6.040523528994744540e-01,6.964760335374395872e-01,4.157625479975071148e-01,1.709240250769764324e-01,5.986383982639551515e-01,6.134701251735004135e-01,7.037137633029113548e-01,4.228080754876042957e-02,3.652300067965830732e-01
2.671019422753359018e-01,2.032782905495128176e-02,1.615699511492476315e-01,7.108470398327076945e-01,3.272541164532731250e-01,5.317789474798142318e-02,1.000000000000000000e+00,1.431495412996954542e-01,4.705091731171197056e-01,6.347140498041617951e-01,-3.888176415623404991e-01,-1.220935401938632106e-02,4.637174183580867193e-01,-2.415560178533499372e-03,2.741154747709851902e-01,4.292849377359414520e-01,1.187362619437432321e-01,5.021629716101229102e-01,6.370737945924093149e-01,6.649541887637400173e-01,3.249808314713722446e-01,3.083817436402084278e-01,-3.216148568043977751e-01,-1.852325110748451464e-01,-2.722386816463964188e-01,3.911835342747158051e-01,3.983738502466764864e-01,6.628602627928498192e-01,8.137857447597415805e-02,4.986576648229304465e-01,3.659647202860055182e-01,4.887103034286893743e-02,1.113585387218190281e-01,2.409813934245489953e-01,1.700908239380091447e-01,4.776878997772372459e-01,-3.952298690847023607e-03,6.825954847271843429e-01,4.826722658934444188e-01
-4.586611688716479840e-01,-4.092795699420609945e-01,-8.142365065311459871e-01,2.101399425664569887e-01,-6.237767251484833686e-01,-5.351995864297516281e-01,1.431495412996954542e-01,1.000000000000000000e+00,-4.338842655475398935e-01,-3.113212261244936441e-01,-5.733633771082763397e-01,-2.585436770747650548e-01,-3.756528880600306652e-01,-4.396272778189548314e-01,1.313493508716141178e-01,-4.749916547973547787e-01,-6.011218081251339385e-01,-3.989090484063501085e-01,-3.304733522564641257e-01,1.620774725071062738e-01,-4.791675463817558489e-01,-6.498488924552849877e-01,-5.910201406983077721e-01,-6.114824388540467393e-01,-5.803779783991810381e-01,-4.811574630896403582e-01,-4.894480763231480736e-01,-2.211337555302467228e-01,-5.290011067201240147e-01,-3.526210741298624329e-01,-4.611406293522308242e-01,-5.466086444648420306e-01,-6.099925617425737689e-01,-3.748210696951013166e-01,-5.118650660355796855e-01,-4.296704989880577585e-01,-5.680736277300881820e-01,-4.425211030041676513e-02,-3.689284699241379140e-01
6.366546030084855312e-01,5.475321767579366394e-01,6.565268940283045529e-01,1.486962854145698065e-01,7.080955138167924767e-01,3.935778442490945328e-01,4.705091731171197056e-01,-4.338842655475398935e-01,1.000000000000000000e+00,7.878340641989507454e-01,2.633574867378507545e-01,2.677283207940941989e-01,5.783552295058339565e-01,2.493126432654962088e-01,2.765656201224833133e-01,7.497549052693045502e-01,5.988201187269610593e-01,7.353863169112719866e-01,7.292657188393582013e-01,2.116852375733532451e-02,3.184474075290060768e-01,5.618171579606677790e-01,2.498248492712245583e-01,2.990478601601667119e-01,3.150892803634631756e-01,5.498514382952500723e-01,5.543266818514982486e-01,4.736716141016087400e-01,4.487933242533599376e-01,8.801856475541764979e-01,5.404156745201528222e-01,4.709650577133196458e-01,3.872491057084527233e-01,4.740936686106905218e-01,3.661352561501470260e-01,5.745572709210002849e-01,3.470838432956587782e-01,4.049897900732418732e-01,7.547569319958671308e-01
6.418526671564594999e-01,3.934663963720723134e-01,5.739339257923310456e-01,4.064215672479324359e-01,7.323482816131473561e-01,4.137280303971155315e-01,6.347140498041617951e-01,-3.113212261244936441e-01,7.878340641989507454e-01,1.000000000000000000e+00,7.659598335712547446e-02,1.458747172074739418e-01,6.945206878146765739e-01,3.274131966977583685e-01,3.784886655795349220e-01,8.529236526936221363e-01,6.049467950821076911e-01,8.145998299718596458e-01,8.676109587986531313e-01,3.485252504584595012e-01,4.460072246293560472e-01,5.617608328759279290e-01,8.634377070136545207e-02,1.918528391853685233e-01,1.569972255665374461e-01,6.789463323487394675e-01,6.759268525945643091e-01,7.426659631404565198e-01,4.875813247489002022e-01,8.566039565276256651e-01,6.987722235888500499e-01,4.712294169430530366e-01,4.664117975163702967e-01,5.028664320193368953e-01,3.991560572721670752e-01,7.267034758535592109e-01,3.634200734711559022e-01,7.300926507241275454e-01,8.436254612711364675e-01
5.290089360543359653e-01,6.781072554132133723e-01,5.134136864077170070e-01,-6.131417862078685221e-01,3.523552869322408854e-01,6.492775623229893878e-01,-3.888176415623404991e-01,-5.733633771082763397e-01,2.633574867378507545e-01,7.659598335712547446e-02,1.000000000000000000e+00,2.279954719697972476e-01,3.492579932719289681e-01,2.006128956678569775e-01,-3.110156894197405042e-01,3.401770489530652197e-01,6.542725456144958818e-01,2.518507627929794102e-01,4.585634879235087752e-02,-5.366101464190734527e-01,1.212175354631225693e-01,3.433281763913856310e-01,8.153404223857018129e-01,7.395242934407640911e-01,8.595012856792071387e-01,4.239068652931807235e-01,4.304582413581258815e-01,-4.141295349790966029e-02,6.146663910654756036e-01,2.212831427931504225e-01,3.736523385980377587e-01,7.459333382203935381e-01,3.337239258636570116e-01,2.916727361313527916e-02,4.797948899784906795e-01,2.780747433074505781e-01,6.729555293539188909e-01,-3.685017307439759082e-01,2.597562050481589391e-01
1.937310491240456511e-01,2.309529394910540268e-01,2.638726729933233428e-01,-8.797352679241775275e-02,2.281776788632049469e-01,8.570808811847183128e-02,-1.220935401938632106e-02,-2.585436770747650548e-01,2.677283207940941989e-01,1.458747172074739418e-01,2.279954719697972476e-01,1.000000000000000000e+00,2.466631858919435261e-01,1.028655048262900606e-01,2.829380143701261674e-01,1.701993443223367153e-01,1.572046472291550312e-01,2.556858734833867275e-01,1.882189314730197682e-01,-1.311467387678978691e-01,8.836581433013319248e-03,1.993085088514680303e-01,3.334147754706472400e-01,2.126452063185894636e-01,3.606199694866062955e-01,1.399519854893964688e-01,1.158580492085758695e-01,1.225000905151355738e-03,1.111529550396051502e-01,1.289354142947757298e-01,7.482411018473722475e-02,2.030904442154392864e-01,1.331056934927788982e-01,2.761180265184279975e-02,4.736650552185169699e-02,-3.042948212117752710e-02,1.055942392141382136e-01,9.520900031877605266e-03,3.143209668859820449e-01
7.678921818347047568e-01,4.962390802583444560e-01,6.475532125872530687e-01,1.735918816743470539e-01,7.360410754504808084e-01,5.798467448736879248e-01,4.637174183580867193e-01,-3.756528880600306652e-01,5.783552295058339565e-01,6.945206878146765739e-01,3.492579932719289681e-01,2.466631858919435261e-01,1.000000000000000000e+00,3.694324492079609779e-01,6.290563499722535978e-02,7.936534179421455004e-01,7.311626235897115134e-01,7.987587659016220920e-01,7.737448389005616711e-01,2.803999493789711139e-01,5.551340513801981125e-01,6.408790589760228196e-01,4.255208823604880175e-01,4.630594395902234428e-01,4.841677726241606083e-01,8.289959177277810287e-01,8.324915122848888238e-01,7.892310942162689136e-01,7.134180246791849145e-01,6.315074024503025685e-01,7.699595365646300094e-01,7.393008456184722021e-01,6.077172026648250958e-01,3.917461302447163840e-01,5.618033331546747888e-01,7.812418607359732370e-01,5.804095109668023778e-01,4.842697264519853495e-01,7.258464235219815874e-01
2.718474561649740218e-01,-6.616058336359785519e-02,5.699836167214145100e-01,1.271880721864271889e-02,6.368923699477159195e-01,2.064607595304596144e-01,-2.415560178533499372e-03,-4.396272778189548314e-01,2.493126432654962088e-01,3.274131966977583685e-01,2.006128956678569775e-01,1.028655048262900606e-01,3.694324492079609779e-01,1.000000000000000000e+00,1.865730009309777282e-01,4.180177236861543633e-01,3.373820538423466520e-01,3.911406279296785193e-01,4.098325065062697892e-01,1.242950169221848089e-01,6.330249759769225326e-01,6.397128301710188758e-01,4.249596329049984411e-01,4.738587081299551196e-01,3.653136112787190304e-01,2.807380318383531081e-01,3.848281553848582615e-01,3.002625957328875494e-01,4.235319983551273926e-01,3.362152131516739084e-01,2.599087680812967038e-01,3.682532192320953079e-01,7.984360368698177890e-01,7.029574005428935735e-01,2.374185175015236515e-01,3.960555690488991587e-01,2.044610337946575485e-01,3.280136942605473283e-01,4.629434051802257533e-01
3.190845489499631593e-02,-9.819884445647164561e-02,2.712221775555079609e-02,2.081728442207165797e-01,1.900675589319978653e-01,-2.496379702545828694e-01,2.741154747709851902e-01,1.313493508716141178e-01,2.765656201224833133e-01,3.784886655795349220e-01,-3.110156894197405042e-01,2.829380143701261674e-01,6.290563499722535978e-02,1.865730009309777282e-01,1.000000000000000000e+00,2.041659449857537167e-01,1.570608633713667726e-02,2.358018097278711533e-01,3.454433262209706812e-01,2.238399286385746867e-01,-2.257282663925381377e-02,-1.178459064196046673e-02,-2.390374340594423608e-01,-2.523349052110780422e-01,-2.467801973404415705e-01,4.872615447543249267e-02,7.191873672066551038e-02,1.733835595483936010e-01,-3.938372308530061622e-02,3.107310817887074528e-01,8.130326762623826808e-02,-8.669641526793803177e-02,1.492950511519337831e-01,3.722093883444058116e-01,-5.657050407450923274e-02,9.310826685747167208e-02,-1.893200804731492437e-01,4.422882344569860624e-01,3.771261512928922310e-01
7.776238563382545932e-01,5.308538641887733389e-01,7.066413507567245178e-01,1.544478980233583432e-01,8.238165409832536312e-01,5.546307297553152438e-01,4.292849377359414520e-01,-4.749916547973547787e-01,7.497549052693045502e-01,8.529236526936221363e-01,3.401770489530652197e-01,1.701993443223367153e-01,7.936534179421455004e-01,4.180177236861543633e-01,2.041659449857537167e-01,1.000000000000000000e+00,7.676549642801377971e-01,8.801426670897791738e-01,8.211145553022455301e-01,1.537473925653643492e-01,4.893060815329912105e-01,6.429374998827234178e-01,3.908004187246679750e-01,4.538322751656407306e-01,4.357693871098223815e-01,7.699915284758854783e-01,7.597108111175957523e-01,7.252879254462439862e-01,6.951285347191632491e-01,8.346696091151211139e-01,7.868535914735852455e-01,6.781471637605446245e-01,5.997069727227928304e-01,4.853993748839988132e-01,4.957161840583516055e-01,7.694886473579233277e-01,5.389206163777676695e-01,5.817531801265448665e-01,8.375546784103664599e-01
8.244799410722122301e-01,7.174595219558620451e-01,7.142354833423856242e-01,-1.515415477432966174e-01,6.980331632403674602e-01,7.576670458184366908e-01,1.187362619437432321e-01,-6.011218081251339385e-01,5.988201187269610593e-01,6.049467950821076911e-01,6.542725456144958818e-01,1.572046472291550312e-01,7.311626235897115134e-01,3.373820538423466520e-01,1.570608633713667726e-02,7.676549642801377971e-01,1.000000000000000000e+00,6.461491873563103283e-01,5.693892040273736965e-01,-7.137511048398431646e-02,4.114344772092453084e-01,5.780239945075749119e-01,5.565640763650828715e-01,5.809756929952425430e-01,6.202799207351237243e-01,7.985155809366251134e-01,7.821690213581539153e-01,5.364180511533230833e-01,7.810813561294174256e-01,6.460023757984024728e-01,7.653827473448311380e-01,8.273821473780949010e-01,5.671685532616450587e-01,3.673199877853174367e-01,6.205576730185042855e-01,7.341464846933176691e-01,7.124669375318628539e-01,2.104010879966098091e-01,6.332752489727224710e-01
6.932340177106678381e-01,4.484374732530772012e-01,6.769376020608608435e-01,2.445339910355267266e-01,8.018323689376374297e-01,4.435321354190017717e-01,5.021629716101229102e-01,-3.989090484063501085e-01,7.353863169112719866e-01,8.145998299718596458e-01,2.518507627929794102e-01,2.556858734833867275e-01,7.987587659016220920e-01,3.911406279296785193e-01,2.358018097278711533e-01,8.801426670897791738e-01,6.461491873563103283e-01,1.000000000000000000e+00,8.654396501676915321e-01,2.076310598593346934e-01,4.936022134061241462e-01,6.288176266464379216e-01,3.433569189811129796e-01,3.971409560319266174e-01,3.897304262387197293e-01,7.207916062263707291e-01,7.110297043431007546e-01,7.314292083396058963e-01,6.363775875256293402e-01,7.738482095734713351e-01,7.171211557495937861e-01,6.174185774218825529e-01,5.641317620364056928e-01,4.189241431987840159e-01,4.496012265575118905e-01,7.028972829354708241e-01,4.710086067190536463e-01,6.057070555111597754e-01,8.305548901989618926e-01
6.318361620015179314e-01,3.086261631057532484e-01,6.358807654449240010e-01,4.710978367956576429e-01,7.873038016406667117e-01,3.768834845091469932e-01,6.370737945924093149e-01,-3.304733522564641257e-01,7.292657188393582013e-01,8.676109587986531313e-01,4.585634879235087752e-02,1.882189314730197682e-01,7.737448389005616711e-01,4.098325065062697892e-01,3.454433262209706812e-01,8.211145553022455301e-01,5.693892040273736965e-01,8.654396501676915321e-01,1.000000000000000000e+00,4.480178728149274980e-01,5.735860898084641502e-01,6.457250154613900506e-01,1.335511426067443053e-01,2.256763236963212349e-01,1.862917843240709248e-01,7.166281120005322247e-01,7.271558980153444152e-01,8.250475248999080691e-01,5.218989949976390319e-01,7.602989206181649529e-01,7.177158271349681762e-01,4.941941225755102640e-01,5.936774396773000229e-01,5.418417544572767808e-01,4.215657647977256173e-01,7.571757328395960496e-01,3.567851076801130672e-01,7.451321430586309580e-01,7.983672349368021726e-01
-1.814948195041556772e-02,-3.686044867878233711e-01,4.154234372556880189e-02,8.060760711748840013e-01,1.731733091219135878e-01,-1.725445478939241495e-02,6.649541887637400173e-01,1.620774725071062738e-01,2.116852375733532451e-02,3.485252504584595012e-01,-5.366101464190734527e-01,-1.311467387678978691e-01,2.803999493789711139e-01,1.242950169221848089e-01,2.238399286385746867e-01,1.537473925653643492e-01,-7.137511048398431646e-02,2.076310598593346934e-01,4.480178728149274980e-01,1.000000000000000000e+00,4.845626348562829255e-01,2.642851230556517717e-01,-4.312976307348265759e-01,-2.999418375177990703e-01,-4.214527248735610576e-01,2.591485788405101243e-01,2.887402798925943204e-01,6.301702383039353705e-01,-4.307798586205363600e-02,6.353855954552166396e-02,2.428129760996692588e-01,-1.146114843747041978e-01,2.309787504510601441e-01,2.716825646486191737e-01,6.850298892193017186e-02,4.141774306281078566e-01,-8.935237912469458366e-02,6.645966578192031848e-01,1.525658971755798898e-01
3.663296813682913045e-01,-1.398752462699440376e-02,6.967526865136360881e-01,3.528889232848418378e-01,6.716858180192480932e-01,4.420456316595109403e-01,3.249808314713722446e-01,-4.791675463817558489e-01,3.184474075290060768e-01,4.460072246293560472e-01,1.212175354631225693e-01,8.836581433013319248e-03,5.551340513801981125e-01,6.330249759769225326e-01,-2.257282663925381377e-02,4.893060815329912105e-01,4.114344772092453084e-01,4.936022134061241462e-01,5.735860898084641502e-01,4.845626348562829255e-01,1.000000000000000000e+00,8.499995815965152302e-01,2.608720190236510361e-01,3.586878240332601608e-01,2.569080893333094973e-01,5.017237016229015856e-01,5.754907273845794036e-01,6.183341698352445848e-01,4.276398293981784615e-01,3.407087093298850067e-01,4.477882866121653538e-01,3.780387801074213128e-01,7.732991802555821970e-01,5.680173488599052911e-01,4.296694448933511823e-01,6.639513781712245155e-01,3.298476554689663276e-01,4.525237789740906846e-01,4.104932290509450410e-01
5.324686988926201625e-01,2.393966242738053973e-01,8.587939626020437700e-01,1.902734434838413979e-01,7.991237689671543132e-01,5.499080896138668351e-01,3.083817436402084278e-01,-6.498488924552849877e-01,5.618171579606677790e-01,5.617608328759279290e-01,3.433281763913856310e-01,1.993085088514680303e-01,6.408790589760228196e-01,6.397128301710188758e-01,-1.178459064196046673e-02,6.429374998827234178e-01,5.780239945075749119e-01,6.288176266464379216e-01,6.457250154613900506e-01,2.642851230556517717e-01,8.499995815965152302e-01,1.000000000000000000e+00,4.608028448452400339e-01,5.433953679782319579e-01,4.726267800347149772e-01,5.882920500931374530e-01,6.574701192888418033e-01,5.647339439641942960e-01,5.570779532456516803e-01,5.438797263923911274e-01,5.248320039948561888e-01,5.489013249244307779e-01,8.059102797108719241e-01,6.035309518733786849e-01,5.112918129870993589e-01,6.864851579476752841e-01,4.468566842789621907e-01,3.746678386852318465e-01,5.879137436050195786e-01
5.182990019247791791e-01,5.303600920663599227e-01,5.816371136033116063e-01,-5.659980245212703487e-01,4.564746122986926280e-01,4.964898376838088323e-01,-3.216148568043977751e-01,-5.910201406983077721e-01,2.498248492712245583e-01,8.634377070136545207e-02,8.153404223857018129e-01,3.334147754706472400e-01,4.255208823604880175e-01,4.249596329049984411e-01,-2.390374340594423608e-01,3.908004187246679750e-01,5.565640763650828715e-01,3.433569189811129796e-01,1.335511426067443053e-01,-4.312976307348265759e-01,2.608720190236510361e-01,4.608028448452400339e-01,1.000000000000000000e+00,8.158478984061029449e-01,9.136945774168168111e-01,3.930305638755004494e-01,4.294846321279684465e-01,2.636687188987725181e-02,6.269512882029719680e-01,2.038749650289255477e-01,3.378539729586577667e-01,7.151251872750089555e-01,5.062706595345840555e-01,1.765424292032251596e-01,4.533981947102341814e-01,2.897547532585844632e-01,5.938348790449879955e-01,-2.577190721906834070e-01,3.203261263235708256e-01
5.078444567310516078e-01,4.793107622041100080e-01,6.190629755384895461e-01,-4.216299427841738723e-01,4.980809714476707728e-01,5.620960316410540392e-01,-1.852325110748451464e-01,-6.114824388540467393e-01,2.990478601601667119e-01,1.918528391853685233e-01,7.395242934407640911e-01,2.126452063185894636e-01,4.630594395902234428e-01,4.738587081299551196e-01,-2.523349052110780422e-01,4.538322751656407306e-01,5.809756929952425430e-01,3.971409560319266174e-01,2.256763236963212349e-01,-2.999418375177990703e-01,3.586878240332601608e-01,5.433953679782319579e-01,8.158478984061029449e-01,1.000000000000000000e+00,8.056743965143021713e-01,4.784256467837231241e-01,5.028340222459186659e-01,1.583656280861833188e-01,6.847458352471587073e-01,2.898733977430183462e-01,4.032503010747200967e-01,7.102975819116726930e-01,5.141774715205600366e-01,1.973611072635619579e-01,5.371577367146725956e-01,3.512853041111735908e-01,6.435621332772594183e-01,-1.019669132613651441e-01,3.741348190757289305e-01
5.713556418490233213e-01,6.061727251519517523e-01,5.970188682365029642e-01,-5.333846172006595499e-01,4.772249991225245846e-01,5.889527440015958071e-01,-2.722386816463964188e-01,-5.803779783991810381e-01,3.150892803634631756e-01,1.569972255665374461e-01,8.595012856792071387e-01,3.606199694866062955e-01,4.841677726241606083e-01,3.653136112787190304e-01,-2.467801973404415705e-01,4.357693871098223815e-01,6.202799207351237243e-01,3.897304262387197293e-01,1.862917843240709248e-01,-4.214527248735610576e-01,2.569080893333094973e-01,4.726267800347149772e-01,9.136945774168168111e-01,8.056743965143021713e-01,1.000000000000000000e+00,4.633783002977550636e-01,4.910005737720768426e-01,7.751285757887291239e-02,6.275239991935025463e-01,2.667899645923023089e-01,3.975426972745277343e-01,7.565358343778048056e-01,4.819911689645836606e-01,1.524103193120360522e-01,4.531619127735680430e-01,3.302203881990580792e-01,6.181269754380256387e-01,-2.530514880748023776e-01,3.630500092398858403e-01
8.015448223278570650e-01,6.103008658095618877e-01,6.500458069187791121e-01,1.307387657254698299e-01,6.924446137969380022e-01,6.590734699147163811e-01,3.911835342747158051e-01,-4.811574630896403582e-01,5.498514382952500723e-01,6.789463323487394675e-01,4.239068652931807235e-01,1.399519854893964688e-01,8.289959177277810287e-01,2.807380318383531081e-01,4.872615447543249267e-02,7.699915284758854783e-01,7.985155809366251134e-01,7.207916062263707291e-01,7.166281120005322247e-01,2.591485788405101243e-01,5.017237016229015856e-01,5.882920500931374530e-01,3.930305638755004494e-01,4.784256467837231241e-01,4.633783002977550636e-01,1.000000000000000000e+00,9.198370451622002175e-01,7.703619090383297952e-01,7.539559271196356605e-01,5.860757392235890206e-01,8.836373340647502017e-01,7.695671013995900589e-01,5.643500866967599006e-01,2.975905123036249322e-01,7.084101012049482948e-01,8.446685151966755178e-01,7.283393461046236972e-01,4.412887084888469924e-01,6.605155565444824628e-01
7.807606049036340812e-01,5.462331558300539402e-01,6.919459967946725021e-01,1.218732015819452563e-01,7.374625203659312955e-01,6.372324856332186593e-01,3.983738502466764864e-01,-4.894480763231480736e-01,5.543266818514982486e-01,6.759268525945643091e-01,4.304582413581258815e-01,1.158580492085758695e-01,8.324915122848888238e-01,3.848281553848582615e-01,7.191873672066551038e-02,7.597108111175957523e-01,7.821690213581539153e-01,7.110297043431007546e-01,7.271558980153444152e-01,2.887402798925943204e-01,5.754907273845794036e-01,6.574701192888418033e-01,4.294846321279684465e-01,5.028340222459186659e-01,4.910005737720768426e-01,9.198370451622002175e-01,1.000000000000000000e+00,7.592664513163587259e-01,7.482968432470668008e-01,5.965275398966527476e-01,8.733312071332703930e-01,7.839385892085731777e-01,6.598617662000020312e-01,4.044522570753428248e-01,7.002031283941234641e-01,8.641719543142275528e-01,6.910440435761942002e-01,4.353658339081610817e-01,6.862012776604902164e-01
5.777593325040871752e-01,2.109104890761868689e-01,5.033196545799969446e-01,5.551207647657310229e-01,6.591200299276863683e-01,4.306411804854634040e-01,6.628602627928498192e-01,-2.211337555302467228e-01,4.736716141016087400e-01,7.426659631404565198e-01,-4.141295349790966029e-02,1.225000905151355738e-03,7.892310942162689136e-01,3.002625957328875494e-01,1.733835595483936010e-01,7.252879254462439862e-01,5.364180511533230833e-01,7.314292083396058963e-01,8.250475248999080691e-01,6.301702383039353705e-01,6.183341698352445848e-01,5.647339439641942960e-01,2.636687188987725181e-02,1.583656280861833188e-01,7.751285757887291239e-02,7.703619090383297952e-01,7.592664513163587259e-01,1.000000000000000000e+00,5.095668636176108324e-01,5.673698930393324957e-01,7.544754516571647862e-01,4.574989792984794912e-01,5.272087333178627766e-01,4.199186315596057373e-01,4.568765127174020946e-01,8.025649059788450002e-01,3.987522358578973747e-01,7.588545913802288156e-01,6.174333180479989469e-01
7.430766151303752620e-01,5.902190116541224940e-01,6.525678812261809236e-01,-1.829485056211853089e-01,6.512916266053110359e-01,6.271404660924634333e-01,8.137857447597415805e-02,-5.290011067201240147e-01,4.487933242533599376e-01,4.875813247489002022e-01,6.146663910654756036e-01,1.111529550396051502e-01,7.134180246791849145e-01,4.235319983551273926e-01,-3.938372308530061622e-02,6.951285347191632491e-01,7.810813561294174256e-01,6.363775875256293402e-01,5.218989949976390319e-01,-4.307798586205363600e-02,4.276398293981784615e-01,5.570779532456516803e-01,6.269512882029719680e-01,6.847458352471587073e-01,6.275239991935025463e-01,7.539559271196356605e-01,7.482968432470668008e-01,5.095668636176108324e-01,1.000000000000000000e+00,5.080135073603003759e-01,7.005732650900984293e-01,8.673395325168506975e-01,5.978964218614905013e-01,3.008700962058993844e-01,7.606449056231769923e-01,7.013329001977395283e-01,8.255795734319518742e-01,2.421032819808363046e-01,6.106048479212298208e-01
6.649522098932124647e-01,4.917450737897786639e-01,6.102713411751501393e-01,1.765143171779337827e-01,7.451116695699940840e-01,4.108590543003320383e-01,4.986576648229304465e-01,-3.526210741298624329e-01,8.801856475541764979e-01,8.566039565276256651e-01,2.212831427931504225e-01,1.289354142947757298e-01,6.315074024503025685e-01,3.362152131516739084e-01,3.107310817887074528e-01,8.346696091151211139e-01,6.460023757984024728e-01,7.738482095734713351e-01,7.602989206181649529e-01,6.353855954552166396e-02,3.407087093298850067e-01,5.438797263923911274e-01,2.038749650289255477e-01,2.898733977430183462e-01,2.667899645923023089e-01,5.860757392235890206e-01,5.965275398966527476e-01,5.673698930393324957e-01,5.080135073603003759e-01,1.000000000000000000e+00,6.141362759927041504e-01,5.081407772633137476e-01,4.445714404504182982e-01,5.349986614348172242e-01,3.597542083568799898e-01,6.380666631936734445e-01,3.443487317486906840e-01,5.264213727659077247e-01,8.300610364892833104e-01
7.638729819942696730e-01,5.579939411058495446e-01,6.092997053242821259e-01,1.359582701898808255e-01,6.966499969493388233e-01,6.040523528994744540e-01,3.659647202860055182e-01,-4.611406293522308242e-01,5.404156745201528222e-01,6.987722235888500499e-01,3.736523385980377587e-01,7.482411018473722475e-02,7.699595365646300094e-01,2.599087680812967038e-01,8.130326762623826808e-02,7.868535914735852455e-01,7.653827473448311380e-01,7.171211557495937861e-01,7.177158271349681762e-01,2.428129760996692588e-01,4.477882866121653538e-01,5.248320039948561888e-01,3.378539729586577667e-01,4.032503010747200967e-01,3.975426972745277343e-01,8.836373340647502017e-01,8.733312071332703930e-01,7.544754516571647862e-01,7.005732650900984293e-01,6.141362759927041504e-01,1.000000000000000000e+00,7.173526801351632898e-01,5.484540941984791251e-01,3.279626105372368539e-01,6.284368620256597371e-01,8.048743177681069172e-01,6.572023611728783354e-01,4.871689633637993344e-01,6.711616176992277749e-01
7.825329691250975106e-01,6.863982177794270001e-01,6.677135545404651040e-01,-2.546457842691656759e-01,6.468002732368931529e-01,6.964760335374395872e-01,4.887103034286893743e-02,-5.466086444648420306e-01,4.709650577133196458e-01,4.712294169430530366e-01,7.459333382203935381e-01,2.030904442154392864e-01,7.393008456184722021e-01,3.682532192320953079e-01,-8.669641526793803177e-02,6.781471637605446245e-01,8.273821473780949010e-01,6.174185774218825529e-01,4.941941225755102640e-01,-1.146114843747041978e-01,3.780387801074213128e-01,5.489013249244307779e-01,7.151251872750089555e-01,7.102975819116726930e-01,7.565358343778048056e-01,7.695671013995900589e-01,7.839385892085731777e-01,4.574989792984794912e-01,8.673395325168506975e-01,5.081407772633137476e-01,7.173526801351632898e-01,1.000000000000000000e+00,5.811788089464584584e-01,2.766749655927200902e-01,6.807311514530763885e-01,6.822587030975528766e-01,7.990542143628954763e-01,1.207138244086440881e-01,6.126997388307046100e-01
4.963288948470244710e-01,1.383486948235052860e-01,7.798347957201278158e-01,4.983387855388562299e-02,7.930614009815514232e-01,4.157625479975071148e-01,1.113585387218190281e-01,-6.099925617425737689e-01,3.872491057084527233e-01,4.664117975163702967e-01,3.337239258636570116e-01,1.331056934927788982e-01,6.077172026648250958e-01,7.984360368698177890e-01,1.492950511519337831e-01,5.997069727227928304e-01,5.671685532616450587e-01,5.641317620364056928e-01,5.936774396773000229e-01,2.309787504510601441e-01,7.732991802555821970e-01,8.059102797108719241e-01,5.062706595345840555e-01,5.141774715205600366e-01,4.819911689645836606e-01,5.643500866967599006e-01,6.598617662000020312e-01,5.272087333178627766e-01,5.978964218614905013e-01,4.445714404504182982e-01,5.484540941984791251e-01,5.811788089464584584e-01,1.000000000000000000e+00,7.275925345564162594e-01,4.586967779843638127e-01,6.563692447012181574e-01,4.201223457975719056e-01,3.745993820992691292e-01,5.624033300698476623e-01
2.798103044664477790e-01,-4.525579717778913796e-02,5.708913043294994161e-01,2.005969420202078912e-01,7.042358415628031665e-01,1.709240250769764324e-01,2.409813934245489953e-01,-3.748210696951013166e-01,4.740936686106905218e-01,5.028664320193368953e-01,2.916727361313527916e-02,2.761180265184279975e-02,3.917461302447163840e-01,7.029574005428935735e-01,3.722093883444058116e-01,4.853993748839988132e-01,3.673199877853174367e-01,4.189241431987840159e-01,5.418417544572767808e-01,2.716825646486191737e-01,5.680173488599052911e-01,6.035309518733786849e-01,1.765424292032251596e-01,1.973611072635619579e-01,1.524103193120360522e-01,2.975905123036249322e-01,4.044522570753428248e-01,4.199186315596057373e-01,3.008700962058993844e-01,5.349986614348172242e-01,3.279626105372368539e-01,2.766749655927200902e-01,7.275925345564162594e-01,1.000000000000000000e+00,1.775217257070543508e-01,4.840555644526697288e-01,7.233140887616093528e-02,4.508240495952571258e-01,5.257288815245212410e-01
6.500154263823837431e-01,5.593158881961087792e-01,5.873410764910095283e-01,-5.685886508803834199e-02,5.065540820213830786e-01,5.986383982639551515e-01,1.700908239380091447e-01,-5.118650660355796855e-01,3.661352561501470260e-01,3.991560572721670752e-01,4.797948899784906795e-01,4.736650552185169699e-02,5.618033331546747888e-01,2.374185175015236515e-01,-5.657050407450923274e-02,4.957161840583516055e-01,6.205576730185042855e-01,4.496012265575118905e-01,4.215657647977256173e-01,6.850298892193017186e-02,4.296694448933511823e-01,5.112918129870993589e-01,4.533981947102341814e-01,5.371577367146725956e-01,4.531619127735680430e-01,7.084101012049482948e-01,7.002031283941234641e-01,4.568765127174020946e-01,7.606449056231769923e-01,3.597542083568799898e-01,6.284368620256597371e-01,6.807311514530763885e-01,4.586967779843638127e-01,1.775217257070543508e-01,1.000000000000000000e+00,6.720594347056544349e-01,8.407346659102966635e-01,1.886629378774168919e-01,4.328292364587827401e-01
7.484914108905851293e-01,4.495003158190752357e-01,6.729711212088111960e-01,2.780472697712851882e-01,7.394254941192137665e-01,6.134701251735004135e-01,4.776878997772372459e-01,-4.296704989880577585e-01,5.745572709210002849e-01,7.267034758535592109e-01,2.780747433074505781e-01,-3.042948212117752710e-02,7.812418607359732370e-01,3.960555690488991587e-01,9.310826685747167208e-02,7.694886473579233277e-01,7.341464846933176691e-01,7.028972829354708241e-01,7.571757328395960496e-01,4.141774306281078566e-01,6.639513781712245155e-01,6.864851579476752841e-01,2.897547532585844632e-01,3.512853041111735908e-01,3.302203881990580792e-01,8.446685151966755178e-01,8.641719543142275528e-01,8.025649059788450002e-01,7.013329001977395283e-01,6.380666631936734445e-01,8.048743177681069172e-01,6.822587030975528766e-01,6.563692447012181574e-01,4.840555644526697288e-01,6.720594347056544349e-01,1.000000000000000000e+00,6.213539858870740229e-01,5.395555202093088587e-01,6.600946059511675346e-01
6.864145389354480153e-01,6.708364431846534082e-01,5.830052121714811575e-01,-2.158857280159447445e-01,4.914410851838117433e-01,7.037137633029113548e-01,-3.952298690847023607e-03,-5.680736277300881820e-01,3.470838432956587782e-01,3.634200734711559022e-01,6.729555293539188909e-01,1.055942392141382136e-01,5.804095109668023778e-01,2.044610337946575485e-01,-1.893200804731492437e-01,5.389206163777676695e-01,7.124669375318628539e-01,4.710086067190536463e-01,3.567851076801130672e-01,-8.935237912469458366e-02,3.298476554689663276e-01,4.468566842789621907e-01,5.938348790449879955e-01,6.435621332772594183e-01,6.181269754380256387e-01,7.283393461046236972e-01,6.910440435761942002e-01,3.987522358578973747e-01,8.255795734319518742e-01,3.443487317486906840e-01,6.572023611728783354e-01,7.990542143628954763e-01,4.201223457975719056e-01,7.233140887616093528e-02,8.407346659102966635e-01,6.213539858870740229e-01,1.000000000000000000e+00,8.261033417055725636e-02,4.257400669077858746e-01
2.925602631629989347e-01,-1.045810200116449873e-01,2.769422787973461197e-01,7.046671406679809735e-01,5.029777866528901686e-01,4.228080754876042957e-02,6.825954847271843429e-01,-4.425211030041676513e-02,4.049897900732418732e-01,7.300926507241275454e-01,-3.685017307439759082e-01,9.520900031877605266e-03,4.842697264519853495e-01,3.280136942605473283e-01,4.422882344569860624e-01,5.817531801265448665e-01,2.104010879966098091e-01,6.057070555111597754e-01,7.451321430586309580e-01,6.645966578192031848e-01,4.525237789740906846e-01,3.746678386852318465e-01,-2.577190721906834070e-01,-1.019669132613651441e-01,-2.530514880748023776e-01,4.412887084888469924e-01,4.353658339081610817e-01,7.588545913802288156e-01,2.421032819808363046e-01,5.264213727659077247e-01,4.871689633637993344e-01,1.207138244086440881e-01,3.745993820992691292e-01,4.508240495952571258e-01,1.886629378774168919e-01,5.395555202093088587e-01,8.261033417055725636e-02,1.000000000000000000e+00,6.188125028049688003e-01
6.760968010181080956e-01,4.396002650557109259e-01,6.229131236949024819e-01,1.694438371329955728e-01,7.761140037335295672e-01,3.652300067965830732e-01,4.826722658934444188e-01,-3.689284699241379140e-01,7.547569319958671308e-01,8.436254612711364675e-01,2.597562050481589391e-01,3.143209668859820449e-01,7.258464235219815874e-01,4.629434051802257533e-01,3.771261512928922310e-01,8.375546784103664599e-01,6.332752489727224710e-01,8.305548901989618926e-01,7.983672349368021726e-01,1.525658971755798898e-01,4.104932290509450410e-01,5.879137436050195786e-01,3.203261263235708256e-01,3.741348190757289305e-01,3.630500092398858403e-01,6.605155565444824628e-01,6.862012776604902164e-01,6.174333180479989469e-01,6.106048479212298208e-01,8.300610364892833104e-01,6.711616176992277749e-01,6.126997388307046100e-01,5.624033300698476623e-01,5.257288815245212410e-01,4.328292364587827401e-01,6.600946059511675346e-01,4.257400669077858746e-01,6.188125028049688003e-01,1.000000000000000000e+00
