1.000000000000000000e+00,4.130298879110828603e-01,3.730194593274892001e-01,4.836846230450601580e-01,5.850644807455162022e-01,-9.482933684344894976e-02,3.103013429516133237e-01,-3.706639495101636816e-01,5.756571318422745165e-01,5.991311198738082933e-01,7.606484086085591075e-03,1.735170868195355376e-01,3.277672931689132874e-01,4.006883976265581682e-01,-1.857219205587445077e-01,5.757359787183230493e-01,1.426432927303080411e-01,5.306155144415444225e-01,3.856549827718299128e-01,1.702686626363462963e-01,2.849242288832168346e-01,1.218479757249354700e-01,3.140644464009939574e-01,1.886801349008233597e-01,3.654910635603728086e-01,4.273107603038545643e-01,-9.883493166100949801e-02,3.135556504405177525e-01,3.150783197879623021e-01,5.512419597254326620e-01,-2.163362270517566466e-01,2.779720889867501321e-01,2.174556546082233588e-01,5.641641681424713894e-01,-1.862986434931905022e-01,3.962617040537632640e-01,-6.540195818311889120e-02,6.914712881075245621e-01,5.287720501414695518e-01
4.130298879110828603e-01,1.000000000000000000e+00,6.107006504287151860e-02,4.200392395697594844e-02,1.818342897533344049e-01,2.691748853307484590e-01,-3.423110215124058192e-02,-1.263514870059307370e-02,-1.306268047034295395e-02,5.322344068973913211e-01,3.315257634942432308e-01,-1.095586160215728522e-01,1.161575568340512815e-01,3.102219003088583782e-01,-1.651559057867021674e-01,2.704684191063496113e-01,2.761226767967547291e-01,-2.742598810974634926e-02,-1.936307488066743229e-02,-2.179703476905665571e-01,2.244176822713335462e-01,2.572397528040602788e-02,3.678969241452966776e-01,3.047569886914426873e-01,3.092226850643498004e-01,-3.863238753085756344e-02,2.172080845297666152e-01,1.345501678727600847e-01,3.997241304021481034e-01,2.542100246983516332e-01,7.025883848909550422e-02,2.444052843126975627e-01,2.076157493185276925e-01,8.648370148581893679e-02,1.336589385382869477e-01,1.730216676931462805e-01,3.998904679916302496e-01,6.471681333813600334e-02,2.571308651577320151e-02
3.730194593274892001e-01,6.107006504287151860e-02,1.000000000000000000e+00,3.680322690833335852e-01,5.935138879872450257e-01,-2.168819374180500359e-01,3.695832877344404355e-01,-8.998744745935165490e-01,6.629197652833359600e-01,5.504303724958936606e-01,-3.187301583484600243e-01,2.936648339576152789e-01,3.978602963570200546e-02,4.592103842509276390e-01,-9.829149310924427396e-02,7.086467982197661719e-01,7.735839523572675402e-02,5.807047153410883622e-01,4.149359019263251791e-01,2.294301734619706434e-01,1.418155524780105592e-01,2.171273212477032311e-01,1.886152358137963003e-01,5.494143813908400342e-02,4.133431950421179724e-01,7.096377433774024857e-01,1.883425099966977156e-01,4.246424529326165986e-01,-2.134886018926253261e-03,6.663389838007547361e-01,3.247714783599756627e-01,1.494830089260537342e-01,5.736186505354283760e-01,5.342454926013897598e-01,-3.173463212735502803e-02,6.034537740875537404e-01,-1.772856069062274664e-01,4.733282480075852172e-01,5.547182480850710862e-01
4.836846230450601580e-01,4.200392395697594844e-02,3.680322690833335852e-01,1.000000000000000000e+00,4.840967831959498979e-01,-4.106369884209155885e-02,5.757318670497945101e-01,-3.510716560229444339e-01,5.866601018684342028e-01,3.721924648381450540e-01,-8.351404071713889807e-03,3.319099002252475228e-01,4.947817862311431059e-01,2.926723009778633422e-01,-5.334247342675355052e-02,3.767841763074959993e-01,2.340923650487672925e-01,8.067556031745549694e-01,7.580954431943650595e-01,3.169415307014767924e-01,6.031563400633994654e-01,5.205989556067358581e-01,3.120464013965607020e-01,1.432533350884021284e-01,3.577900867170435428e-01,1.973469510248165859e-01,-2.485515116155160575e-01,5.252374122712898386e-01,2.243533196396272633e-01,2.775963506258634639e-01,-2.616779012700783391e-01,3.557868655881160636e-01,3.341695273817155698e-01,6.425735757410668825e-01,-1.325507339021453901e-01,2.843059759463417713e-01,1.132086272474600724e-02,6.747013239255037487e-01,5.632538239213928932e-01
5.850644807455162022e-01,1.818342897533344049e-01,5.935138879872450257e-01,4.840967831959498979e-01,1.000000000000000000e+00,-1.362535210244824602e-01,4.478438087089376407e-01,-6.115491700718863610e-01,6.905983952493832678e-01,4.996063935211209617e-01,-1.118682731853918172e-01,5.015307147501540247e-02,2.578965633232508936e-01,4.374903144313991854e-01,-2.575104688702490874e-01,5.740247136053771015e-01,4.473574199076125329e-02,6.737027397476433865e-01,5.002491202842711537e-01,5.873337911026819957e-02,1.818004768734504395e-01,1.534582686908542437e-01,2.751099890999279540e-01,2.587076702877070256e-01,3.513736445615585069e-01,4.175695921866169336e-01,7.521117175536419508e-02,2.642139743285906728e-01,1.462138465917560415e-01,5.336830946595970682e-01,-4.170640959593113761e-02,8.272694681944814388e-02,1.905706367036033022e-01,7.046497415161744327e-01,-1.571562688328654589e-01,3.562328936051817885e-01,-9.413604473838071973e-02,5.357223747410283510e-01,4.371154314731456880e-01
-9.482933684344894976e-02,2.691748853307484590e-01,-2.168819374180500359e-01,-4.106369884209155885e-02,-1.362535210244824602e-01,1.000000000000000000e+00,-2.515451280896073283e-01,2.482837465330005877e-01,-3.520001529724078315e-01,2.467091197131999480e-01,8.320292981417933831e-01,-1.617123445393381376e-01,7.854313205758794991e-02,2.593031358206662196e-01,1.377112155315165787e-01,-2.555430073953786074e-01,4.545240592521428979e-01,-1.895655947337318292e-01,-1.512180164678184335e-01,-4.448273589590581167e-01,4.790840340955432874e-01,1.829418716917423707e-02,6.216241770877595219e-01,6.705500661131218454e-01,5.178049247752225526e-01,-1.815479151017060921e-01,2.025834862445408946e-01,1.232839481803034293e-01,6.895287525931603767e-01,-2.052216548304404975e-01,6.623983147599871169e-02,3.238744648683201666e-01,1.629539076193889935e-01,-1.126510708246848125e-01,5.806030949665403895e-01,-2.881379833758052067e-01,7.813330479706526166e-01,-1.521757848965681059e-01,-3.444127080098690064e-01
3.103013429516133237e-01,-3.423110215124058192e-02,3.695832877344404355e-01,5.757318670497945101e-01,4.478438087089376407e-01,-2.515451280896073283e-01,1.000000000000000000e+00,-3.711924565060508718e-01,6.270358225939328678e-01,2.301718101579135756e-01,-2.855512579364300474e-01,2.579695126019536100e-01,3.825507689019151392e-01,1.473698847344822871e-01,1.182453718764467226e-01,4.160375062857245565e-01,1.999470272976212881e-01,6.780787370476696330e-01,7.398218490605458220e-01,2.716950309460119950e-01,2.374860199310635800e-01,2.398130464179406285e-01,7.855858686088575127e-02,-6.925472663616365210e-02,1.753210748377407591e-01,1.040175774745370069e-01,-2.913957792580151307e-01,5.033062573803308570e-01,-5.903831502414155774e-02,3.024713187475762122e-01,-2.631567886384281740e-01,2.615542319418412420e-01,1.551549033811087386e-01,5.746588411669486529e-01,-3.585708041813532310e-01,3.958616573263354921e-01,-2.544999992317140691e-01,6.094290472412581261e-01,5.472636806077423310e-01
-3.706639495101636816e-01,-1.263514870059307370e-02,-8.998744745935165490e-01,-3.510716560229444339e-01,-6.115491700718863610e-01,2.482837465330005877e-01,-3.711924565060508718e-01,1.000000000000000000e+00,-6.705826641962825407e-01,-5.120982447376357660e-01,3.361992055539036461e-01,-2.730570385099465591e-01,-2.003432010888437503e-02,-4.304203978422128651e-01,1.452518449280726376e-01,-6.844357424745871610e-01,-3.257759903765623799e-02,-5.780850348261180605e-01,-4.095314750267236570e-01,-2.344408548565353745e-01,-8.786898062319384306e-02,-2.086668379661356376e-01,-1.476670407595346568e-01,-4.073677809648307974e-02,-3.809065725059750385e-01,-7.155870623904825312e-01,-1.679471476466465052e-01,-3.667912525091322484e-01,4.910017771030850825e-02,-6.537078522754476984e-01,-3.099796183541155825e-01,-1.044579428682386318e-01,-5.376489324240935064e-01,-5.368091671983048485e-01,7.345406207361418471e-02,-5.912540270812863819e-01,2.207403937113642800e-01,-4.680320422777458633e-01,-5.392059598701767209e-01
5.756571318422745165e-01,-1.306268047034295395e-02,6.629197652833359600e-01,5.866601018684342028e-01,6.905983952493832678e-01,-3.520001529724078315e-01,6.270358225939328678e-01,-6.705826641962825407e-01,1.000000000000000000e+00,4.278922099096728604e-01,-3.798928345861974365e-01,3.700463041387424545e-01,2.506057879130937360e-01,4.109463239598946660e-01,1.852574173240012848e-02,7.167724688625399798e-01,9.545555243220957276e-02,7.609886009594505341e-01,6.543558560500061239e-01,3.082648053911448138e-01,1.797098665897173819e-01,2.312606260058700236e-01,1.938233237802738929e-01,-1.629200876360054409e-02,3.236524702703244549e-01,4.837832799692469155e-01,-8.117897536253274038e-02,3.981862700080329165e-01,2.060307464484845488e-02,6.247522472556940043e-01,-1.478118212710747593e-02,1.721360170143744206e-01,2.502297325936921335e-01,8.065726809281181797e-01,-2.869147272635717005e-01,6.006143376462835803e-01,-3.091165904325253733e-01,7.652459526868120587e-01,7.270488387646470985e-01
5.991311198738082933e-01,5.322344068973913211e-01,5.504303724958936606e-01,3.721924648381450540e-01,4.996063935211209617e-01,2.467091197131999480e-01,2.301718101579135756e-01,-5.120982447376357660e-01,4.278922099096728604e-01,1.000000000000000000e+00,1.893139420861781053e-01,1.557335789425156047e-01,2.249361963240747997e-01,6.091294674592649949e-01,-1.083501109243523997e-01,6.756013729110343924e-01,3.893685761511088139e-01,4.256933362644779173e-01,3.143304453568307455e-01,2.003658105073580220e-02,4.267895758192161160e-01,1.981707724883255139e-01,6.284482909920368066e-01,4.461408279915837771e-01,7.104902105732661122e-01,4.776725064648289498e-01,1.474551860126966651e-01,4.769392709483282200e-01,4.835879111176809575e-01,6.676505973065670618e-01,8.788350365228685124e-02,4.541323055085420002e-01,5.524909476896998628e-01,4.300708657635559651e-01,1.783645777146258549e-01,5.411532154353120294e-01,2.669767028067747128e-01,4.524664901118181648e-01,3.999675068181690607e-01
7.606484086085591075e-03,3.315257634942432308e-01,-3.187301583484600243e-01,-8.351404071713889807e-03,-1.118682731853918172e-01,8.320292981417933831e-01,-2.855512579364300474e-01,3.361992055539036461e-01,-3.798928345861974365e-01,1.893139420861781053e-01,1.000000000000000000e+00,-2.057596081038457758e-01,1.043281115031590017e-01,1.980028216570946242e-01,4.420374577917431796e-02,-3.419038167054309629e-01,4.047165468820424494e-01,-1.977138670269362186e-01,-1.589318510361608372e-01,-4.759572727252128765e-01,4.624132132159483044e-01,2.304096142269720579e-02,5.584564410772194787e-01,6.605653959718801316e-01,4.146064523012913394e-01,-2.579851847925554997e-01,1.638916380641838033e-01,1.599662256908777891e-02,6.478626414334724970e-01,-3.044752606079504376e-01,-3.254926252003789711e-02,3.040581869513936386e-01,9.303371585644609754e-02,-1.117003829972764012e-01,4.702943924753123506e-01,-3.699688471606238371e-01,7.600608798299710589e-01,-1.421285833174328883e-01,-3.691752524073561581e-01
1.735170868195355376e-01,-1.095586160215728522e-01,2.936648339576152789e-01,3.319099002252475228e-01,5.015307147501540247e-02,-1.617123445393381376e-01,2.579695126019536100e-01,-2.730570385099465591e-01,3.700463041387424545e-01,1.557335789425156047e-01,-2.057596081038457758e-01,1.000000000000000000e+00,2.541904431872746284e-01,2.111734797464220881e-01,2.707128269540011734e-01,3.165631096323999194e-01,-1.159324364610465549e-02,3.396834821530048676e-01,3.103990309974889450e-01,2.412197614766482812e-01,1.880003769353816023e-01,2.481684926593217266e-01,7.834854653908035482e-02,-1.658119602956369953e-01,1.763317327601726658e-01,1.933790623265341790e-01,-1.709289669166490500e-01,2.815963400848381926e-01,-2.873098527720232068e-02,1.841113478074047904e-01,8.016793011493844601e-02,1.909737532265278759e-01,3.631714567550997641e-01,4.024482328546094001e-01,-3.458111354936056758e-02,2.740107370361224426e-01,-1.008128968166446676e-01,4.042714447234335151e-01,5.654472070366888259e-01
3.277672931689132874e-01,1.161575568340512815e-01,3.978602963570200546e-02,4.947817862311431059e-01,2.578965633232508936e-01,7.854313205758794991e-02,3.825507689019151392e-01,-2.003432010888437503e-02,2.506057879130937360e-01,2.249361963240747997e-01,1.043281115031590017e-01,2.541904431872746284e-01,1.000000000000000000e+00,1.165980166561664672e-01,3.381283430953428704e-02,1.225046142454815773e-01,1.619526229148309238e-01,4.536060532698681369e-01,3.902317029100686452e-01,1.101484375870894206e-01,4.683431809492044628e-01,3.720320213394843756e-01,1.998906861463443929e-01,1.843750507653015014e-01,2.253471412440213872e-01,-2.938112674091459056e-02,-3.462425458933403033e-01,4.806904423091935552e-01,2.148699771158207039e-01,6.547226166358656452e-02,-4.343591445702220111e-01,3.168348719887567611e-01,1.072066489944224210e-01,3.851043470261727442e-01,-4.665383541921010874e-02,9.198560789690919670e-02,9.004925784496953245e-02,3.940473190491827760e-01,3.429276109341705125e-01
4.006883976265581682e-01,3.102219003088583782e-01,4.592103842509276390e-01,2.926723009778633422e-01,4.374903144313991854e-01,2.593031358206662196e-01,1.473698847344822871e-01,-4.304203978422128651e-01,4.109463239598946660e-01,6.091294674592649949e-01,1.980028216570946242e-01,2.111734797464220881e-01,1.165980166561664672e-01,1.000000000000000000e+00,9.128903144691197236e-02,5.018362092665524798e-01,2.248753265217224850e-01,3.096194042273419655e-01,2.185592894940507347e-01,-1.970814283909575471e-01,4.578617563805973956e-01,1.569503170679510395e-01,6.103071370646497851e-01,4.392100619076921841e-01,5.446492380128428179e-01,4.315979275164916196e-01,2.210428184700759524e-01,3.372578013650487372e-01,5.385447969502138443e-01,4.058071953002637677e-01,3.733531706821665574e-01,2.792435184980828211e-01,5.360271609018688599e-01,4.833480756493919728e-01,4.272198096418073354e-01,3.541749954923582022e-01,4.314042592653491992e-01,3.389646021025153888e-01,2.705456740691332129e-01
-1.857219205587445077e-01,-1.651559057867021674e-01,-9.829149310924427396e-02,-5.334247342675355052e-02,-2.575104688702490874e-01,1.377112155315165787e-01,1.182453718764467226e-01,1.452518449280726376e-01,1.852574173240012848e-02,-1.083501109243523997e-01,4.420374577917431796e-02,2.707128269540011734e-01,3.381283430953428704e-02,9.128903144691197236e-02,1.000000000000000000e+00,7.819128037823303847e-05,3.020127421962636727e-01,-7.528730976748435055e-02,5.982485608413943418e-02,-1.163383467413857536e-01,1.438475322898352116e-01,-1.479357473690210978e-01,1.232889662317187135e-01,-3.886592947794886843e-02,4.654822898549265675e-02,-2.179485401592278215e-01,-3.294389079970773404e-02,1.723462396324613177e-01,1.045557551473538238e-01,-1.220621236337184057e-01,1.383221312853384066e-01,1.582895425016787594e-01,3.153023894114398429e-02,4.254960808184994614e-02,9.430414552270229012e-02,3.699795813629524512e-03,9.470681196102417876e-02,8.958934801011063376e-02,1.070314118495869771e-01
5.757359787183230493e-01,2.704684191063496113e-01,7.086467982197661719e-01,3.767841763074959993e-01,5.740247136053771015e-01,-2.555430073953786074e-01,4.160375062857245565e-01,-6.844357424745871610e-01,7.167724688625399798e-01,6.756013729110343924e-01,-3.419038167054309629e-01,3.165631096323999194e-01,1.225046142454815773e-01,5.018362092665524798e-01,7.819128037823303847e-05,1.000000000000000000e+00,1.274528265543468930e-01,5.389424782408256398e-01,4.184929175533417811e-01,2.639714864466253252e-01,1.319685207172661134e-01,1.813457317338050545e-01,3.302712408447797676e-01,3.111624836672986436e-02,4.391098980090569204e-01,5.627939302073069472e-01,9.099700396926208024e-02,3.847704201526075396e-01,1.004421509659220446e-01,8.114133786417484506e-01,1.621582862039591677e-01,2.378782659542434674e-01,4.129519717032990034e-01,5.697010150461181421e-01,-1.125343936260546351e-01,6.961333803522198327e-01,-1.847063778394423261e-01,5.675608963198826018e-01,6.555716210238150543e-01
1.426432927303080411e-01,2.761226767967547291e-01,7.735839523572675402e-02,2.340923650487672925e-01,4.473574199076125329e-02,4.545240592521428979e-01,1.999470272976212881e-01,-3.257759903765623799e-02,9.545555243220957276e-02,3.893685761511088139e-01,4.047165468820424494e-01,-1.159324364610465549e-02,1.619526229148309238e-01,2.248753265217224850e-01,3.020127421962636727e-01,1.274528265543468930e-01,1.000000000000000000e+00,1.692341352960414769e-01,2.227746773064249453e-01,-3.102904618977167170e-02,4.320404208256784506e-01,8.667915423996637447e-02,5.405655389222853158e-01,3.906544477727020848e-01,5.439725941821408339e-01,-4.198483709628227090e-02,7.292504137402548714e-02,4.256060278087219761e-01,5.185559584775020214e-01,1.816607163489945553e-01,-1.013963173255695155e-01,6.697617895730340054e-01,1.997972264121232466e-01,1.338782136829132219e-01,1.389194067894146400e-01,2.659766518514785072e-01,3.294648869098519839e-01,2.206952636095134423e-01,3.984598440329370495e-02
5.306155144415444225e-01,-2.742598810974634926e-02,5.807047153410883622e-01,8.067556031745549694e-01,6.737027397476433865e-01,-1.895655947337318292e-01,6.780787370476696330e-01,-5.780850348261180605e-01,7.609886009594505341e-01,4.256933362644779173e-01,-1.977138670269362186e-01,3.396834821530048676e-01,4.536060532698681369e-01,3.096194042273419655e-01,-7.528730976748435055e-02,5.389424782408256398e-01,1.692341352960414769e-01,1.000000000000000000e+00,8.049245454747773199e-01,3.558176523978019978e-01,4.284029782608818060e-01,4.103329825266876507e-01,2.209255743221385793e-01,6.722453810075094960e-02,3.642352932228459239e-01,3.780710320351635123e-01,-2.495084792676037222e-01,5.720444691628516765e-01,1.014061825540738815e-01,4.714846569647899721e-01,-2.247186779528104195e-01,2.839336897733859000e-01,3.184453663355465980e-01,7.413097478848850175e-01,-2.398489523090053532e-01,4.133124696947076959e-01,-1.840400628988567711e-01,7.432553031038047209e-01,6.419335488771927833e-01
3.856549827718299128e-01,-1.936307488066743229e-02,4.149359019263251791e-01,7.580954431943650595e-01,5.002491202842711537e-01,-1.512180164678184335e-01,7.398218490605458220e-01,-4.095314750267236570e-01,6.543558560500061239e-01,3.143304453568307455e-01,-1.589318510361608372e-01,3.103990309974889450e-01,3.902317029100686452e-01,2.185592894940507347e-01,5.982485608413943418e-02,4.184929175533417811e-01,2.227746773064249453e-01,8.049245454747773199e-01,1.000000000000000000e+00,3.119713902635277702e-01,3.936167648481728176e-01,4.210837766837556284e-01,1.919830897679462856e-01,2.270446512096020372e-02,2.966497797622448807e-01,1.687915098465168628e-01,-3.086007972850018932e-01,5.331616383850146246e-01,4.787203928467707870e-02,3.211402664071728585e-01,-2.231781056284903864e-01,2.838551560550700015e-01,2.896654249767378619e-01,6.343324466812055862e-01,-2.527214881041989769e-01,3.543062429653479617e-01,-1.316654206413486738e-01,7.019873415715150999e-01,5.931819745380347841e-01
1.702686626363462963e-01,-2.179703476905665571e-01,2.294301734619706434e-01,3.169415307014767924e-01,5.873337911026819957e-02,-4.448273589590581167e-01,2.716950309460119950e-01,-2.344408548565353745e-01,3.082648053911448138e-01,2.003658105073580220e-02,-4.759572727252128765e-01,2.412197614766482812e-01,1.101484375870894206e-01,-1.970814283909575471e-01,-1.163383467413857536e-01,2.639714864466253252e-01,-3.102904618977167170e-02,3.558176523978019978e-01,3.119713902635277702e-01,1.000000000000000000e+00,-8.316447863383147343e-02,1.861424757607863245e-01,-2.199273044030607416e-01,-3.759136966683904180e-01,-2.805280743859061426e-02,2.071568382747052683e-01,-3.488237912914348704e-01,1.859837399544722880e-01,-3.234712099398391327e-01,3.314339155056286734e-01,-2.740493653245342220e-01,3.905524064326838102e-02,3.825384628989772495e-02,9.547448402027448877e-02,-3.650403817303349285e-01,2.939708073803196098e-01,-4.847363035350290561e-01,3.058574395143693891e-01,3.495999087872719291e-01
2.849242288832168346e-01,2.244176822713335462e-01,1.418155524780105592e-01,6.031563400633994654e-01,1.818004768734504395e-01,4.790840340955432874e-01,2.374860199310635800e-01,-8.786898062319384306e-02,1.797098665897173819e-01,4.267895758192161160e-01,4.624132132159483044e-01,1.880003769353816023e-01,4.683431809492044628e-01,4.578617563805973956e-01,1.438475322898352116e-01,1.319685207172661134e-01,4.320404208256784506e-01,4.284029782608818060e-01,3.936167648481728176e-01,-8.316447863383147343e-02,1.000000000000000000e+00,4.271497741916800428e-01,5.747679196590624873e-01,4.254259645288150371e-01,5.221255674196034757e-01,5.571058367129952393e-02,-4.174566323347962682e-02,5.867568923932837688e-01,6.130419507281602565e-01,3.731671722419335063e-02,-6.480066327124969772e-02,4.606664592839500028e-01,4.484998143776254276e-01,3.558213010832630419e-01,3.406255993980992769e-01,1.009189563663067252e-01,5.348816879702960048e-01,3.632607651863573595e-01,1.962600141813515553e-01
1.218479757249354700e-01,2.572397528040602788e-02,2.171273212477032311e-01,5.205989556067358581e-01,1.534582686908542437e-01,1.829418716917423707e-02,2.398130464179406285e-01,-2.086668379661356376e-01,2.312606260058700236e-01,1.981707724883255139e-01,2.304096142269720579e-02,2.481684926593217266e-01,3.720320213394843756e-01,1.569503170679510395e-01,-1.479357473690210978e-01,1.813457317338050545e-01,8.667915423996637447e-02,4.103329825266876507e-01,4.210837766837556284e-01,1.861424757607863245e-01,4.271497741916800428e-01,1.000000000000000000e+00,2.241243585272511274e-01,8.748430675435335535e-02,2.257773425833146108e-01,1.158624192589352425e-01,-1.196939660742847855e-01,2.897974842997836364e-01,7.606627164079274306e-02,7.900113017141727201e-02,-1.002446408471325406e-02,2.528257406497282367e-01,3.967760737825527517e-01,2.867473390775604480e-01,7.507687450528399697e-02,2.080057398172986960e-01,1.197387353135936222e-01,2.653552653691515495e-01,3.032115274014515194e-01
3.140644464009939574e-01,3.678969241452966776e-01,1.886152358137963003e-01,3.120464013965607020e-01,2.751099890999279540e-01,6.216241770877595219e-01,7.855858686088575127e-02,-1.476670407595346568e-01,1.938233237802738929e-01,6.284482909920368066e-01,5.584564410772194787e-01,7.834854653908035482e-02,1.998906861463443929e-01,6.103071370646497851e-01,1.232889662317187135e-01,3.302712408447797676e-01,5.405655389222853158e-01,2.209255743221385793e-01,1.919830897679462856e-01,-2.199273044030607416e-01,5.747679196590624873e-01,2.241243585272511274e-01,1.000000000000000000e+00,7.144606642051353207e-01,7.691667124778147624e-01,1.404746125574443671e-01,2.310386277499033858e-01,3.214723810370330725e-01,7.595978563333067868e-01,2.779740139856046177e-01,1.171784605415802927e-01,5.580097311790088721e-01,3.879719037557330941e-01,3.456406636205279770e-01,4.766668869980679735e-01,2.092550623756454231e-01,6.327609995289287248e-01,2.670235336452318475e-01,1.493090539767225333e-01
1.886801349008233597e-01,3.047569886914426873e-01,5.494143813908400342e-02,1.432533350884021284e-01,2.587076702877070256e-01,6.705500661131218454e-01,-6.925472663616365210e-02,-4.073677809648307974e-02,-1.629200876360054409e-02,4.461408279915837771e-01,6.605653959718801316e-01,-1.658119602956369953e-01,1.843750507653015014e-01,4.392100619076921841e-01,-3.886592947794886843e-02,3.111624836672986436e-02,3.906544477727020848e-01,6.722453810075094960e-02,2.270446512096020372e-02,-3.759136966683904180e-01,4.254259645288150371e-01,8.748430675435335535e-02,7.144606642051353207e-01,1.000000000000000000e+00,5.920561712108102226e-01,5.427074669831338793e-02,1.659971523104827873e-01,1.367983886481582978e-01,6.393456747896503201e-01,3.805834094773143800e-02,3.025469481205343703e-02,3.682904316801542399e-01,2.270813452086786477e-01,2.124700207114980643e-01,4.621683695928165969e-01,-5.748558197433711880e-02,6.198753634583816785e-01,5.828902613385572584e-02,-1.282923783302150622e-01
3.654910635603728086e-01,3.092226850643498004e-01,4.133431950421179724e-01,3.577900867170435428e-01,3.513736445615585069e-01,5.178049247752225526e-01,1.753210748377407591e-01,-3.809065725059750385e-01,3.236524702703244549e-01,7.104902105732661122e-01,4.146064523012913394e-01,1.763317327601726658e-01,2.253471412440213872e-01,5.446492380128428179e-01,4.654822898549265675e-02,4.391098980090569204e-01,5.439725941821408339e-01,3.642352932228459239e-01,2.966497797622448807e-01,-2.805280743859061426e-02,5.221255674196034757e-01,2.257773425833146108e-01,7.691667124778147624e-01,5.920561712108102226e-01,1.000000000000000000e+00,3.267455831308151981e-01,1.319051424021200902e-01,4.506651489477433992e-01,5.920492827672898528e-01,4.519108362710620996e-01,1.101237349001341626e-01,5.456594516084917190e-01,4.848915925036216268e-01,3.842773828361862321e-01,3.071053798504166932e-01,3.504377321479093532e-01,4.269613631775367457e-01,3.741250195504354226e-01,2.688128284370208676e-01
4.273107603038545643e-01,-3.863238753085756344e-02,7.096377433774024857e-01,1.973469510248165859e-01,4.175695921866169336e-01,-1.815479151017060921e-01,1.040175774745370069e-01,-7.155870623904825312e-01,4.837832799692469155e-01,4.776725064648289498e-01,-2.579851847925554997e-01,1.933790623265341790e-01,-2.938112674091459056e-02,4.315979275164916196e-01,-2.179485401592278215e-01,5.627939302073069472e-01,-4.198483709628227090e-02,3.780710320351635123e-01,1.687915098465168628e-01,2.071568382747052683e-01,5.571058367129952393e-02,1.158624192589352425e-01,1.404746125574443671e-01,5.427074669831338793e-02,3.267455831308151981e-01,1.000000000000000000e+00,1.624205262735321231e-01,2.574718911453008907e-01,1.026724221866320147e-01,6.054356883892870744e-01,2.517585772790026377e-01,7.609595401381587243e-02,5.024011617101663552e-01,3.290529515561849694e-01,1.307628541868903205e-01,4.589516232108939997e-01,-1.995342960593495252e-01,3.842177671142365525e-01,4.155068685712481891e-01
-9.883493166100949801e-02,2.172080845297666152e-01,1.883425099966977156e-01,-2.485515116155160575e-01,7.521117175536419508e-02,2.025834862445408946e-01,-2.913957792580151307e-01,-1.679471476466465052e-01,-8.117897536253274038e-02,1.474551860126966651e-01,1.638916380641838033e-01,-1.709289669166490500e-01,-3.462425458933403033e-01,2.210428184700759524e-01,-3.294389079970773404e-02,9.099700396926208024e-02,7.292504137402548714e-02,-2.495084792676037222e-01,-3.086007972850018932e-01,-3.488237912914348704e-01,-4.174566323347962682e-02,-1.196939660742847855e-01,2.310386277499033858e-01,1.659971523104827873e-01,1.319051424021200902e-01,1.624205262735321231e-01,1.000000000000000000e+00,-1.962652422907293637e-01,2.236806135499576076e-01,4.338980439263061956e-02,5.749868234506189113e-01,-1.647909599932067745e-02,1.340605436496685177e-01,-6.748457552935903381e-02,3.202743449124353936e-01,1.083152150074621900e-01,2.875774732634430730e-01,-2.209223816141156760e-01,-3.601660026067936282e-02
3.135556504405177525e-01,1.345501678727600847e-01,4.246424529326165986e-01,5.252374122712898386e-01,2.642139743285906728e-01,1.232839481803034293e-01,5.033062573803308570e-01,-3.667912525091322484e-01,3.981862700080329165e-01,4.769392709483282200e-01,1.599662256908777891e-02,2.815963400848381926e-01,4.806904423091935552e-01,3.372578013650487372e-01,1.723462396324613177e-01,3.847704201526075396e-01,4.256060278087219761e-01,5.720444691628516765e-01,5.331616383850146246e-01,1.859837399544722880e-01,5.867568923932837688e-01,2.897974842997836364e-01,3.214723810370330725e-01,1.367983886481582978e-01,4.506651489477433992e-01,2.574718911453008907e-01,-1.962652422907293637e-01,1.000000000000000000e+00,3.280666056491668425e-01,3.230820199461511555e-01,-1.352004783522901821e-01,4.873561651714775067e-01,4.909059896646625898e-01,4.045570897638994801e-01,1.018986349276764791e-01,4.183356983853526723e-01,1.362049135718307602e-01,5.166890017528031898e-01,4.029078985197260820e-01
3.150783197879623021e-01,3.997241304021481034e-01,-2.134886018926253261e-03,2.243533196396272633e-01,1.462138465917560415e-01,6.895287525931603767e-01,-5.903831502414155774e-02,4.910017771030850825e-02,2.060307464484845488e-02,4.835879111176809575e-01,6.478626414334724970e-01,-2.873098527720232068e-02,2.148699771158207039e-01,5.385447969502138443e-01,1.045557551473538238e-01,1.004421509659220446e-01,5.185559584775020214e-01,1.014061825540738815e-01,4.787203928467707870e-02,-3.234712099398391327e-01,6.130419507281602565e-01,7.606627164079274306e-02,7.595978563333067868e-01,6.393456747896503201e-01,5.920492827672898528e-01,1.026724221866320147e-01,2.236806135499576076e-01,3.280666056491668425e-01,1.000000000000000000e+00,1.142673559874047978e-01,3.991078720806302133e-02,4.609487068727741166e-01,2.551274318803462005e-01,2.058881030053713312e-01,5.783671941648517167e-01,3.751190074176990324e-02,6.885604226026696972e-01,1.815522875697232197e-01,-2.867207214044001362e-02
5.512419597254326620e-01,2.542100246983516332e-01,6.663389838007547361e-01,2.775963506258634639e-01,5.336830946595970682e-01,-2.052216548304404975e-01,3.024713187475762122e-01,-6.537078522754476984e-01,6.247522472556940043e-01,6.676505973065670618e-01,-3.044752606079504376e-01,1.841113478074047904e-01,6.547226166358656452e-02,4.058071953002637677e-01,-1.220621236337184057e-01,8.114133786417484506e-01,1.816607163489945553e-01,4.714846569647899721e-01,3.211402664071728585e-01,3.314339155056286734e-01,3.731671722419335063e-02,7.900113017141727201e-02,2.779740139856046177e-01,3.805834094773143800e-02,4.519108362710620996e-01,6.054356883892870744e-01,4.338980439263061956e-02,3.230820199461511555e-01,1.142673559874047978e-01,1.000000000000000000e+00,7.553005766746037630e-02,2.411095790677837414e-01,3.325002992302041327e-01,4.373733432294892309e-01,-1.246782171953032398e-01,6.530841526389669083e-01,-2.310813727612004986e-01,4.825073940218512769e-01,4.966250860887002627e-01
-2.163362270517566466e-01,7.025883848909550422e-02,3.247714783599756627e-01,-2.616779012700783391e-01,-4.170640959593113761e-02,6.623983147599871169e-02,-2.631567886384281740e-01,-3.099796183541155825e-01,-1.478118212710747593e-02,8.788350365228685124e-02,-3.254926252003789711e-02,8.016793011493844601e-02,-4.343591445702220111e-01,3.733531706821665574e-01,1.383221312853384066e-01,1.621582862039591677e-01,-1.013963173255695155e-01,-2.247186779528104195e-01,-2.231781056284903864e-01,-2.740493653245342220e-01,-6.480066327124969772e-02,-1.002446408471325406e-02,1.171784605415802927e-01,3.025469481205343703e-02,1.101237349001341626e-01,2.517585772790026377e-01,5.749868234506189113e-01,-1.352004783522901821e-01,3.991078720806302133e-02,7.553005766746037630e-02,1.000000000000000000e+00,-1.596097822851814119e-01,3.816223019678702255e-01,-3.843671093583576198e-02,3.955905772474281878e-01,1.736091177423605414e-01,2.458759961477362255e-01,-2.397605900076981711e-01,-1.734110274489787662e-02
2.779720889867501321e-01,2.444052843126975627e-01,1.494830089260537342e-01,3.557868655881160636e-01,8.272694681944814388e-02,3.238744648683201666e-01,2.615542319418412420e-01,-1.044579428682386318e-01,1.721360170143744206e-01,4.541323055085420002e-01,3.040581869513936386e-01,1.909737532265278759e-01,3.168348719887567611e-01,2.792435184980828211e-01,1.582895425016787594e-01,2.378782659542434674e-01,6.697617895730340054e-01,2.839336897733859000e-01,2.838551560550700015e-01,3.905524064326838102e-02,4.606664592839500028e-01,2.528257406497282367e-01,5.580097311790088721e-01,3.682904316801542399e-01,5.456594516084917190e-01,7.609595401381587243e-02,-1.647909599932067745e-02,4.873561651714775067e-01,4.609487068727741166e-01,2.411095790677837414e-01,-1.596097822851814119e-01,1.000000000000000000e+00,3.476343544727163448e-01,2.494613450985423975e-01,6.840472639709622993e-02,3.004665512399981586e-01,2.558824238160781750e-01,3.371450852997283087e-01,2.136757599643513694e-01
2.174556546082233588e-01,2.076157493185276925e-01,5.736186505354283760e-01,3.341695273817155698e-01,1.905706367036033022e-01,1.629539076193889935e-01,1.551549033811087386e-01,-5.376489324240935064e-01,2.502297325936921335e-01,5.524909476896998628e-01,9.303371585644609754e-02,3.631714567550997641e-01,1.072066489944224210e-01,5.360271609018688599e-01,3.153023894114398429e-02,4.129519717032990034e-01,1.997972264121232466e-01,3.184453663355465980e-01,2.896654249767378619e-01,3.825384628989772495e-02,4.484998143776254276e-01,3.967760737825527517e-01,3.879719037557330941e-01,2.270813452086786477e-01,4.848915925036216268e-01,5.024011617101663552e-01,1.340605436496685177e-01,4.909059896646625898e-01,2.551274318803462005e-01,3.325002992302041327e-01,3.816223019678702255e-01,3.476343544727163448e-01,1.000000000000000000e+00,2.640006449715196490e-01,3.752049560786898108e-01,3.953801852337109901e-01,3.013338447227876804e-01,2.822529845289483141e-01,3.301183920453161780e-01
5.641641681424713894e-01,8.648370148581893679e-02,5.342454926013897598e-01,6.425735757410668825e-01,7.046497415161744327e-01,-1.126510708246848125e-01,5.746588411669486529e-01,-5.368091671983048485e-01,8.065726809281181797e-01,4.300708657635559651e-01,-1.117003829972764012e-01,4.024482328546094001e-01,3.851043470261727442e-01,4.833480756493919728e-01,4.254960808184994614e-02,5.697010150461181421e-01,1.338782136829132219e-01,7.413097478848850175e-01,6.343324466812055862e-01,9.547448402027448877e-02,3.558213010832630419e-01,2.867473390775604480e-01,3.456406636205279770e-01,2.124700207114980643e-01,3.842773828361862321e-01,3.290529515561849694e-01,-6.748457552935903381e-02,4.045570897638994801e-01,2.058881030053713312e-01,4.373733432294892309e-01,-3.843671093583576198e-02,2.494613450985423975e-01,2.640006449715196490e-01,1.000000000000000000e+00,-1.327179627357353842e-01,4.218525537290532812e-01,-4.556147785053427796e-02,7.381212528784044657e-01,6.371058994037381851e-01
-1.862986434931905022e-01,1.336589385382869477e-01,-3.173463212735502803e-02,-1.325507339021453901e-01,-1.571562688328654589e-01,5.806030949665403895e-01,-3.585708041813532310e-01,7.345406207361418471e-02,-2.869147272635717005e-01,1.783645777146258549e-01,4.702943924753123506e-01,-3.458111354936056758e-02,-4.665383541921010874e-02,4.272198096418073354e-01,9.430414552270229012e-02,-1.125343936260546351e-01,1.389194067894146400e-01,-2.398489523090053532e-01,-2.527214881041989769e-01,-3.650403817303349285e-01,3.406255993980992769e-01,7.507687450528399697e-02,4.766668869980679735e-01,4.621683695928165969e-01,3.071053798504166932e-01,1.307628541868903205e-01,3.202743449124353936e-01,1.018986349276764791e-01,5.783671941648517167e-01,-1.246782171953032398e-01,3.955905772474281878e-01,6.840472639709622993e-02,3.752049560786898108e-01,-1.327179627357353842e-01,1.000000000000000000e+00,-1.459113432043369074e-01,7.080690079357377931e-01,-2.743273136495189557e-01,-2.567279504590426753e-01
3.962617040537632640e-01,1.730216676931462805e-01,6.034537740875537404e-01,2.843059759463417713e-01,3.562328936051817885e-01,-2.881379833758052067e-01,3.958616573263354921e-01,-5.912540270812863819e-01,6.006143376462835803e-01,5.411532154353120294e-01,-3.699688471606238371e-01,2.740107370361224426e-01,9.198560789690919670e-02,3.541749954923582022e-01,3.699795813629524512e-03,6.961333803522198327e-01,2.659766518514785072e-01,4.133124696947076959e-01,3.543062429653479617e-01,2.939708073803196098e-01,1.009189563663067252e-01,2.080057398172986960e-01,2.092550623756454231e-01,-5.748558197433711880e-02,3.504377321479093532e-01,4.589516232108939997e-01,1.083152150074621900e-01,4.183356983853526723e-01,3.751190074176990324e-02,6.530841526389669083e-01,1.736091177423605414e-01,3.004665512399981586e-01,3.953801852337109901e-01,4.218525537290532812e-01,-1.459113432043369074e-01,1.000000000000000000e+00,-1.980506089066799980e-01,4.577853325368089754e-01,5.386140094294032954e-01
-6.540195818311889120e-02,3.998904679916302496e-01,-1.772856069062274664e-01,1.132086272474600724e-02,-9.413604473838071973e-02,7.813330479706526166e-01,-2.544999992317140691e-01,2.207403937113642800e-01,-3.091165904325253733e-01,2.669767028067747128e-01,7.600608798299710589e-01,-1.008128968166446676e-01,9.004925784496953245e-02,4.314042592653491992e-01,9.470681196102417876e-02,-1.847063778394423261e-01,3.294648869098519839e-01,-1.840400628988567711e-01,-1.316654206413486738e-01,-4.847363035350290561e-01,5.348816879702960048e-01,1.197387353135936222e-01,6.327609995289287248e-01,6.198753634583816785e-01,4.269613631775367457e-01,-1.995342960593495252e-01,2.875774732634430730e-01,1.362049135718307602e-01,6.885604226026696972e-01,-2.310813727612004986e-01,2.458759961477362255e-01,2.558824238160781750e-01,3.013338447227876804e-01,-4.556147785053427796e-02,7.080690079357377931e-01,-1.980506089066799980e-01,1.000000000000000000e+00,-1.859076420847997624e-01,-2.967789215455722274e-01
6.914712881075245621e-01,6.471681333813600334e-02,4.733282480075852172e-01,6.747013239255037487e-01,5.357223747410283510e-01,-1.521757848965681059e-01,6.094290472412581261e-01,-4.680320422777458633e-01,7.652459526868120587e-01,4.524664901118181648e-01,-1.421285833174328883e-01,4.042714447234335151e-01,3.940473190491827760e-01,3.389646021025153888e-01,8.958934801011063376e-02,5.675608963198826018e-01,2.206952636095134423e-01,7.432553031038047209e-01,7.019873415715150999e-01,3.058574395143693891e-01,3.632607651863573595e-01,2.653552653691515495e-01,2.670235336452318475e-01,5.828902613385572584e-02,3.741250195504354226e-01,3.842177671142365525e-01,-2.209223816141156760e-01,5.166890017528031898e-01,1.815522875697232197e-01,4.825073940218512769e-01,-2.397605900076981711e-01,3.371450852997283087e-01,2.822529845289483141e-01,7.381212528784044657e-01,-2.743273136495189557e-01,4.577853325368089754e-01,-1.859076420847997624e-01,1.000000000000000000e+00,7.334270301600908093e-01
5.287720501414695518e-01,2.571308651577320151e-02,5.547182480850710862e-01,5.632538239213928932e-01,4.371154314731456880e-01,-3.444127080098690064e-01,5.472636806077423310e-01,-5.392059598701767209e-01,7.270488387646470985e-01,3.999675068181690607e-01,-3.691752524073561581e-01,5.654472070366888259e-01,3.429276109341705125e-01,2.705456740691332129e-01,1.070314118495869771e-01,6.555716210238150543e-01,3.984598440329370495e-02,6.419335488771927833e-01,5.931819745380347841e-01,3.495999087872719291e-01,1.962600141813515553e-01,3.032115274014515194e-01,1.493090539767225333e-01,-1.282923783302150622e-01,2.688128284370208676e-01,4.155068685712481891e-01,-3.601660026067936282e-02,4.029078985197260820e-01,-2.867207214044001362e-02,4.966250860887002627e-01,-1.734110274489787662e-02,2.136757599643513694e-01,3.301183920453161780e-01,6.371058994037381851e-01,-2.567279504590426753e-01,5.386140094294032954e-01,-2.967789215455722274e-01,7.334270301600908093e-01,1.000000000000000000e+00
