1.000000000000000000e+00,8.272938386693117208e-01,6.209542717220293273e-01,3.252989145201818921e-01,4.399019694354688315e-01,3.884986496128238764e-01,5.013561042425388470e-01,-5.328128452935008141e-01,5.062790696690657732e-01,7.979433800331493520e-01,6.260909006540865684e-01,4.023987783866131984e-01,4.947429536339123524e-01,4.394711448019948397e-01,2.859154891754700500e-01,8.789010928195597483e-01,5.397364431178006683e-01,6.386924516839428412e-01,5.016896214351993510e-01,4.777553712058783542e-01,2.379697245364273128e-01,5.651926396500561722e-01,5.722207965807030172e-01,4.861635371767894509e-01,5.954438631443801366e-01,6.310418470651580902e-01,6.174531234184905681e-01,6.674529389312865435e-01,6.038237340612808701e-01,6.402400031751237508e-01,7.495751339504206356e-01,7.222856929727562436e-01,4.918026423478003006e-01,3.504876134306878499e-01,7.205579700706139512e-01,5.387438968967882547e-01,5.376030252381737151e-01,3.586065289847807924e-01,5.538191003490816611e-01
8.272938386693117208e-01,1.000000000000000000e+00,5.252221298418101592e-01,4.373136969763820603e-01,3.215921203876128676e-01,2.853822153427642005e-01,5.827141637305628397e-01,-4.330135382839569447e-01,4.959497837270437914e-01,6.644021615678520343e-01,5.118116509531313030e-01,3.678388950177118311e-01,4.989585278129812784e-01,3.550658505138703513e-01,1.854788543121477229e-01,7.712985025358397584e-01,3.580174743084585387e-01,5.270645976081037576e-01,3.244555461453025313e-01,4.890894568613685101e-01,9.146034933520494348e-02,5.456272677407910665e-01,5.280077599464390037e-01,4.288435813249255046e-01,5.151905945610875115e-01,6.552067677279872493e-01,5.750982900082117766e-01,6.346227665793205963e-01,6.011228102015453434e-01,5.202383558948224795e-01,7.468599560049568042e-01,7.204993640065940896e-01,3.539025504784566456e-01,3.693778326257977085e-01,6.937184367158663045e-01,5.904092701368507390e-01,5.379945283514452337e-01,9.133908797221537701e-02,4.447655104330706100e-01
6.209542717220293273e-01,5.252221298418101592e-01,1.000000000000000000e+00,2.412625213246206435e-01,8.069430706722903190e-01,5.450092318295001181e-01,4.154404433501965310e-01,-8.623300705782936948e-01,6.645750001048793543e-01,7.692994582215295640e-01,5.883190094012947791e-01,4.322198867317373905e-01,4.568895161142423889e-01,7.082776635494967277e-01,3.959830634149989481e-01,7.304671853547982652e-01,6.091714500815104127e-01,7.569588133251968776e-01,5.797233831289618777e-01,5.027569591759817325e-01,3.493897660105217406e-01,5.143183534879534058e-01,6.849718994054427856e-01,6.109388829749887728e-01,6.843972407925099644e-01,6.943274727492702025e-01,6.223901898513513054e-01,7.443123858647736624e-01,6.103205486698627391e-01,7.471435091443142662e-01,5.497670802578574767e-01,6.978642476164087505e-01,7.979492474289769932e-01,6.759846572797675313e-01,5.465131846578864527e-01,2.246437362781430747e-01,4.953594448032473951e-01,4.478899304641912882e-01,5.351529866445620121e-01
3.252989145201818921e-01,4.373136969763820603e-01,2.412625213246206435e-01,1.000000000000000000e+00,1.601795623660625389e-01,-1.100535604509577797e-01,2.892952252562603355e-01,-2.388056041678268682e-01,-1.093338579480821054e-01,2.649819288480666502e-01,1.458413131115463834e-01,-8.995051706473415620e-02,2.543146272537719632e-01,3.773293699022981645e-02,-5.354713778554878179e-01,3.150882868551755367e-01,-6.540705055791701250e-02,1.127964771886058731e-01,-6.752909425226452655e-02,5.280519971204988838e-02,3.872165503154523791e-01,3.413667850528433467e-01,6.616835431550528723e-02,5.902269449361942366e-02,1.756079906317369876e-01,9.628575024449390063e-02,2.058372933459428900e-01,5.694573490405172023e-02,2.174269199017727638e-01,1.044105988917094358e-01,4.461682205833045201e-01,3.531620839098220110e-01,6.173459023740145851e-02,6.836401650324500610e-03,3.348732787567555436e-01,4.479308080403072156e-01,8.100972084695594322e-02,-4.477031313889915931e-01,4.662333984394785580e-02
4.399019694354688315e-01,3.215921203876128676e-01,8.069430706722903190e-01,1.601795623660625389e-01,1.000000000000000000e+00,5.089554828485454152e-01,1.659272635692767284e-01,-7.422274344974784110e-01,6.967736070998611364e-01,6.933041721311699046e-01,4.105600043762107632e-01,3.018541326948087078e-01,2.604433698663124463e-01,7.270969834470192295e-01,3.831785802997603740e-01,5.922466563197978928e-01,5.215373117150607918e-01,6.667426925886464906e-01,5.504964090725432690e-01,2.980681232204312470e-01,3.266154863251629625e-01,2.917174679704195861e-01,5.332472044605088835e-01,5.876032528584891335e-01,5.967845710371284529e-01,5.372229767900970065e-01,4.966506157059453197e-01,7.175872574494279732e-01,5.399769475393324525e-01,7.070963999033283987e-01,4.073990166027533499e-01,5.555807287131694361e-01,7.577317538154613175e-01,7.516745382787624052e-01,4.447956464023132828e-01,5.234623749664684376e-03,3.731697178504894685e-01,4.880676007251452120e-01,4.029695762904091372e-01
3.884986496128238764e-01,2.853822153427642005e-01,5.450092318295001181e-01,-1.100535604509577797e-01,5.089554828485454152e-01,1.000000000000000000e+00,3.264107453067877085e-01,-4.364298593110310098e-01,4.080661407980332722e-01,4.160463857562621270e-01,5.717668427377069484e-01,4.394237754537765328e-01,3.571615498212761253e-01,5.570813150987458107e-01,4.481888623363248780e-01,4.363098284232041491e-01,5.678979434994620989e-01,4.241419157587889011e-01,4.405877390044171116e-01,4.849397075821907932e-01,1.779221733198589339e-01,4.412198875678569610e-01,5.697197227021383314e-01,4.470006050740383818e-01,4.156855704404580631e-01,5.513862257873094475e-01,4.835578730980645279e-01,4.490134175418074580e-01,5.572104475926619171e-01,5.870708643622200018e-01,2.063396242024204963e-01,4.883281096351647643e-01,5.546345475354369503e-01,3.395882699526115989e-01,4.566983963966118054e-01,1.640334907477555282e-01,5.484734066463861080e-01,5.305702157204637004e-01,3.861129476189470444e-01
5.013561042425388470e-01,5.827141637305628397e-01,4.154404433501965310e-01,2.892952252562603355e-01,1.659272635692767284e-01,3.264107453067877085e-01,1.000000000000000000e+00,-1.217520603097010934e-01,3.333608284938967548e-01,4.324206464595030663e-01,5.814076024709906587e-01,7.290324287834656358e-01,8.550722013618958783e-01,4.098197927210986968e-01,3.029320055458946115e-01,4.853630107570435226e-01,1.767093583268937451e-01,4.521293637241197150e-01,5.061195296717083680e-01,7.807620021585207626e-01,-5.728680925272185837e-02,8.501331995750448511e-01,6.398857936569253280e-01,4.697605774731913320e-01,6.800836964709621180e-01,4.817731264189893392e-01,6.491475026822537409e-01,3.426018077096574799e-01,5.517979852098081617e-01,2.711566353806376672e-01,6.063750713226987443e-01,6.003661116976386491e-01,4.187154641746271277e-01,3.562108191450186756e-01,5.856685237230440100e-01,5.842772406241579786e-01,5.134810029793875907e-01,-3.110655727682450425e-02,6.778696753373663064e-01
-5.328128452935008141e-01,-4.330135382839569447e-01,-8.623300705782936948e-01,-2.388056041678268682e-01,-7.422274344974784110e-01,-4.364298593110310098e-01,-1.217520603097010934e-01,1.000000000000000000e+00,-5.283870280520145402e-01,-6.567692739727296614e-01,-3.805934171017940071e-01,-1.481348337155441730e-01,-1.470243881501359928e-01,-5.054643195260531963e-01,-2.375545172361535062e-01,-6.297975570347565943e-01,-5.391049048597383875e-01,-6.678019657383938990e-01,-3.562886258231880987e-01,-2.241100345625979540e-01,-3.631882487667151271e-01,-2.249151278739552895e-01,-4.516208140007944571e-01,-4.268489500970303885e-01,-4.314595808082991035e-01,-5.849543600676609945e-01,-4.186253401168412158e-01,-6.601862279795117638e-01,-4.645694612677599977e-01,-6.693030274977497251e-01,-3.860050831169186125e-01,-5.304628745990001004e-01,-5.789547287038824264e-01,-5.060438564433671349e-01,-4.197969577408784958e-01,-7.671358744730751023e-02,-3.882577553131170700e-01,-4.007142636463104091e-01,-2.913829604046617727e-01
5.062790696690657732e-01,4.959497837270437914e-01,6.645750001048793543e-01,-1.093338579480821054e-01,6.967736070998611364e-01,4.080661407980332722e-01,3.333608284938967548e-01,-5.283870280520145402e-01,1.000000000000000000e+00,6.353152342517492945e-01,4.308021613619933965e-01,5.472890892953535813e-01,3.283879646702548838e-01,7.116874628617401166e-01,7.477986446056319458e-01,5.904946791509734227e-01,5.454390620796873979e-01,7.487835569022800453e-01,5.807012575263902354e-01,5.255877025110878842e-01,-1.766654293967056533e-01,2.915122472193685810e-01,6.961880745829054362e-01,7.141650042839209345e-01,6.650807933045973508e-01,6.069519863040481189e-01,5.657550879132896560e-01,8.264272304286219839e-01,5.691185644955478740e-01,6.837889750747335738e-01,4.546694303428696071e-01,6.056689755810463760e-01,6.660619156421256903e-01,8.473880218377578544e-01,4.298968260555090515e-01,-5.318266844292018902e-02,4.601834063394976138e-01,5.150769124258114395e-01,5.606025311066216155e-01
7.979433800331493520e-01,6.644021615678520343e-01,7.692994582215295640e-01,2.649819288480666502e-01,6.933041721311699046e-01,4.160463857562621270e-01,4.324206464595030663e-01,-6.567692739727296614e-01,6.353152342517492945e-01,1.000000000000000000e+00,6.690534785476005553e-01,4.442271579914159885e-01,5.201287285727046461e-01,5.763349489332122433e-01,3.595098240079418472e-01,8.715094835007310969e-01,6.005371609930192367e-01,7.415570281787140505e-01,7.121549327051817091e-01,4.383193144501146277e-01,3.088630601176334256e-01,5.020235369891430377e-01,5.898017079064489243e-01,5.490344141927422372e-01,7.046903761882676864e-01,6.363305806347333560e-01,6.842019899593948518e-01,7.522947154335649644e-01,5.986398417515294001e-01,7.263270643189936315e-01,7.819751462496186134e-01,7.091980932697645734e-01,6.694021161053294033e-01,5.341431213555972723e-01,6.540026125215281372e-01,4.103098844901876263e-01,4.810200685851254154e-01,4.860067356360384117e-01,6.430647908828235337e-01
6.260909006540865684e-01,5.118116509531313030e-01,5.883190094012947791e-01,1.458413131115463834e-01,4.105600043762107632e-01,5.717668427377069484e-01,5.814076024709906587e-01,-3.805934171017940071e-01,4.308021613619933965e-01,6.690534785476005553e-01,1.000000000000000000e+00,6.394171421994665483e-01,6.753278522727215183e-01,5.740176231051643541e-01,4.070003884599201482e-01,6.225829722420455070e-01,6.080399209944012950e-01,5.424492180732806146e-01,7.138371887815154748e-01,6.305812502883111348e-01,2.376535498292319804e-01,6.446895428354020297e-01,7.044522287597940746e-01,5.019638972297718604e-01,6.805790109514849862e-01,6.440317008617417738e-01,7.401721761293851287e-01,4.964510604920031600e-01,6.239331240406191803e-01,5.553952173321446972e-01,6.312299300210302277e-01,6.641010163503827668e-01,6.153980182120672993e-01,2.985817658967038213e-01,5.849755627384120027e-01,4.347357960678036037e-01,4.857183883280047909e-01,4.948998226448675375e-01,7.182208776080838408e-01
4.023987783866131984e-01,3.678388950177118311e-01,4.322198867317373905e-01,-8.995051706473415620e-02,3.018541326948087078e-01,4.394237754537765328e-01,7.290324287834656358e-01,-1.481348337155441730e-01,5.472890892953535813e-01,4.442271579914159885e-01,6.394171421994665483e-01,1.000000000000000000e+00,7.502975513913771044e-01,4.908168366468286248e-01,6.782981359609084882e-01,4.216299157385992036e-01,2.853419616927579394e-01,5.974790425514237002e-01,7.090962691519068217e-01,8.385244711492989556e-01,-2.830323555122346568e-01,6.945356673824693017e-01,7.607909613761184575e-01,5.814448923248743961e-01,7.496172112691777967e-01,5.111523376401292396e-01,7.506973074286543701e-01,4.123702244463665068e-01,5.799534002611783645e-01,4.269470206416762781e-01,4.212920929587287699e-01,6.032543489024455585e-01,4.725637838036444438e-01,4.540983776142861195e-01,4.715874822809624223e-01,3.175690703437076823e-01,5.053291652860926186e-01,3.872655037019631652e-01,8.443509137793130392e-01
4.947429536339123524e-01,4.989585278129812784e-01,4.568895161142423889e-01,2.543146272537719632e-01,2.604433698663124463e-01,3.571615498212761253e-01,8.550722013618958783e-01,-1.470243881501359928e-01,3.283879646702548838e-01,5.201287285727046461e-01,6.753278522727215183e-01,7.502975513913771044e-01,1.000000000000000000e+00,4.050935507671083458e-01,2.832175149697739869e-01,5.214272096925941513e-01,2.107180102708847147e-01,4.349803800511251595e-01,6.467645167988946842e-01,7.089062894838031870e-01,6.223279568966383346e-02,8.110987127208268976e-01,6.181055387565519421e-01,4.524257621093989989e-01,7.271384699123875084e-01,4.724001413306690988e-01,7.014649427769852341e-01,3.203115879426734480e-01,5.203680718500646174e-01,3.507467187466759562e-01,6.449450234321062458e-01,6.236444325503628372e-01,5.016759495885594333e-01,3.445393613236857333e-01,5.691239973323226620e-01,6.100303812135592363e-01,4.789810052516617067e-01,1.261766104289411827e-01,7.165382094630302623e-01
4.394711448019948397e-01,3.550658505138703513e-01,7.082776635494967277e-01,3.773293699022981645e-02,7.270969834470192295e-01,5.570813150987458107e-01,4.098197927210986968e-01,-5.054643195260531963e-01,7.116874628617401166e-01,5.763349489332122433e-01,5.740176231051643541e-01,4.908168366468286248e-01,4.050935507671083458e-01,1.000000000000000000e+00,5.286430119576795983e-01,4.985607680463199354e-01,6.203890753870130448e-01,6.050274267996393895e-01,5.604084167527016991e-01,5.357350111469065812e-01,2.373424919493813678e-01,5.125688739908674796e-01,7.404489505331172117e-01,7.898320774532237021e-01,7.186027653862839815e-01,5.053013846066187753e-01,4.972163774229908517e-01,6.628862272839803893e-01,5.276898780363263874e-01,6.067676669540748025e-01,4.407011504305916594e-01,5.758101719115860107e-01,8.630753400018638111e-01,7.437702747985672769e-01,4.463544625269133537e-01,1.118395488342925626e-02,3.556627328427095502e-01,4.263411709879462719e-01,5.641533989434460716e-01
2.859154891754700500e-01,1.854788543121477229e-01,3.959830634149989481e-01,-5.354713778554878179e-01,3.831785802997603740e-01,4.481888623363248780e-01,3.029320055458946115e-01,-2.375545172361535062e-01,7.477986446056319458e-01,3.595098240079418472e-01,4.070003884599201482e-01,6.782981359609084882e-01,2.832175149697739869e-01,5.286430119576795983e-01,1.000000000000000000e+00,3.286026487885760350e-01,4.681930581132054958e-01,6.023243218960778744e-01,5.869025605260720369e-01,5.920742969796690680e-01,-4.319225037226433472e-01,2.447318633249276898e-01,6.258902312007929014e-01,5.518496381860937827e-01,5.178660228050513403e-01,4.859509740759042629e-01,4.717161367405051098e-01,5.900728381488256069e-01,4.247155437309922399e-01,4.612721286684320354e-01,1.499188439640851411e-01,3.579928345294107750e-01,4.633500911758060004e-01,5.866554608024563411e-01,2.239195918623629045e-01,-1.681390967784088253e-01,4.106704624526847369e-01,6.616342321094422774e-01,5.742342598834587752e-01
8.789010928195597483e-01,7.712985025358397584e-01,7.304671853547982652e-01,3.150882868551755367e-01,5.922466563197978928e-01,4.363098284232041491e-01,4.853630107570435226e-01,-6.297975570347565943e-01,5.904946791509734227e-01,8.715094835007310969e-01,6.225829722420455070e-01,4.216299157385992036e-01,5.214272096925941513e-01,4.985607680463199354e-01,3.286026487885760350e-01,1.000000000000000000e+00,5.364849839494649775e-01,7.029581852600496061e-01,5.712290584081134437e-01,4.948396890906652246e-01,2.665755091028313983e-01,5.511970469454111621e-01,5.975917628458068398e-01,4.917144900182398581e-01,6.448726699233191528e-01,7.233116909187379262e-01,6.886686976427232043e-01,7.375042198839510954e-01,5.837552974745996437e-01,7.383268132742659695e-01,7.142755210903747320e-01,7.034791415678863791e-01,5.790497088419643834e-01,4.738947399138911942e-01,6.718404960728930897e-01,5.427581658369732276e-01,5.115087247494937150e-01,4.143839606219132943e-01,5.215358463309331949e-01
5.397364431178006683e-01,3.580174743084585387e-01,6.091714500815104127e-01,-6.540705055791701250e-02,5.215373117150607918e-01,5.678979434994620989e-01,1.767093583268937451e-01,-5.391049048597383875e-01,5.454390620796873979e-01,6.005371609930192367e-01,6.080399209944012950e-01,2.853419616927579394e-01,2.107180102708847147e-01,6.203890753870130448e-01,4.681930581132054958e-01,5.364849839494649775e-01,1.000000000000000000e+00,5.379682546081593353e-01,5.144878372327859051e-01,3.446765596560236733e-01,2.223269795922675485e-01,2.713060622985047354e-01,5.864648696904437575e-01,4.933541602010786953e-01,4.080356984830388334e-01,4.989437501123643037e-01,3.847735102572395482e-01,5.783177138593161848e-01,4.526769886613289939e-01,6.777540424572502387e-01,3.595282898735279176e-01,5.125301577100523920e-01,6.366894334321423488e-01,3.930793137526449321e-01,3.311162901809838188e-01,-1.559389294195906266e-02,3.528613771855387271e-01,6.594914413658466978e-01,4.022527282120567649e-01
6.386924516839428412e-01,5.270645976081037576e-01,7.569588133251968776e-01,1.127964771886058731e-01,6.667426925886464906e-01,4.241419157587889011e-01,4.521293637241197150e-01,-6.678019657383938990e-01,7.487835569022800453e-01,7.415570281787140505e-01,5.424492180732806146e-01,5.974790425514237002e-01,4.349803800511251595e-01,6.050274267996393895e-01,6.023243218960778744e-01,7.029581852600496061e-01,5.379682546081593353e-01,1.000000000000000000e+00,6.792385720077999123e-01,5.941197694130186946e-01,-3.023274933682448470e-02,4.954617829986225908e-01,6.971418440641327097e-01,6.459315569942046809e-01,7.433361610677142739e-01,6.368078298354289402e-01,6.761704831758594825e-01,7.643056000794895555e-01,6.235357904992967493e-01,6.936614521333837047e-01,5.204419212181591314e-01,6.969246023517536859e-01,6.075316300790759572e-01,6.075079509279545098e-01,5.153684936912441561e-01,1.525381884623027706e-01,5.186455563139844571e-01,4.542957620606808411e-01,6.630357247166086543e-01
5.016896214351993510e-01,3.244555461453025313e-01,5.797233831289618777e-01,-6.752909425226452655e-02,5.504964090725432690e-01,4.405877390044171116e-01,5.061195296717083680e-01,-3.562886258231880987e-01,5.807012575263902354e-01,7.121549327051817091e-01,7.138371887815154748e-01,7.090962691519068217e-01,6.467645167988946842e-01,5.604084167527016991e-01,5.869025605260720369e-01,5.712290584081134437e-01,5.144878372327859051e-01,6.792385720077999123e-01,1.000000000000000000e+00,5.741511801709302532e-01,7.036407114669369911e-02,5.292915792246201123e-01,6.101517927157112942e-01,4.944566272546312979e-01,7.367537849503221770e-01,5.136395320477360471e-01,6.730876883516044851e-01,5.773409790309776968e-01,5.219248042158501910e-01,4.973780213306906450e-01,5.674631120170680054e-01,5.239184339490653430e-01,6.340634593014621290e-01,4.645436805707036099e-01,4.805976989496635876e-01,2.940452664319984644e-01,3.991034933817815822e-01,6.026343415357660049e-01,7.728021932603834632e-01
4.777553712058783542e-01,4.890894568613685101e-01,5.027569591759817325e-01,5.280519971204988838e-02,2.980681232204312470e-01,4.849397075821907932e-01,7.807620021585207626e-01,-2.241100345625979540e-01,5.255877025110878842e-01,4.383193144501146277e-01,6.305812502883111348e-01,8.385244711492989556e-01,7.089062894838031870e-01,5.357350111469065812e-01,5.920742969796690680e-01,4.948396890906652246e-01,3.446765596560236733e-01,5.941197694130186946e-01,5.741511801709302532e-01,1.000000000000000000e+00,-2.183248338397608401e-01,7.685745103011417667e-01,7.829968521671968329e-01,5.787996011028042620e-01,7.002452508200103232e-01,5.988184853295817067e-01,7.199516620328588745e-01,4.411780995365215396e-01,6.029425587142970278e-01,4.724822840053573003e-01,4.022866085805935077e-01,6.415143900530342336e-01,5.154531781899126530e-01,4.600126562748235726e-01,5.265067104826106625e-01,3.731323053498425413e-01,5.582592791418227174e-01,2.383525468993144825e-01,7.245005279390949182e-01
2.379697245364273128e-01,9.146034933520494348e-02,3.493897660105217406e-01,3.872165503154523791e-01,3.266154863251629625e-01,1.779221733198589339e-01,-5.728680925272185837e-02,-3.631882487667151271e-01,-1.766654293967056533e-01,3.088630601176334256e-01,2.376535498292319804e-01,-2.830323555122346568e-01,6.223279568966383346e-02,2.373424919493813678e-01,-4.319225037226433472e-01,2.665755091028313983e-01,2.223269795922675485e-01,-3.023274933682448470e-02,7.036407114669369911e-02,-2.183248338397608401e-01,1.000000000000000000e+00,2.023234961702092272e-01,-2.624522027222107520e-02,3.808793225686139816e-02,7.808324222133671000e-02,7.488554720263257414e-02,-3.891704356223947537e-04,4.453914327551507235e-02,3.994788977100805633e-02,1.894602339894597143e-01,2.592477632113860953e-01,1.014342670536722002e-01,3.894125168463418718e-01,-4.927888482780878182e-02,2.177469002409062326e-01,2.849542020113728369e-01,-5.860441525714987082e-02,5.750115274891878792e-02,-7.607583257341429817e-02
5.651926396500561722e-01,5.456272677407910665e-01,5.143183534879534058e-01,3.413667850528433467e-01,2.917174679704195861e-01,4.412198875678569610e-01,8.501331995750448511e-01,-2.249151278739552895e-01,2.915122472193685810e-01,5.020235369891430377e-01,6.446895428354020297e-01,6.945356673824693017e-01,8.110987127208268976e-01,5.125688739908674796e-01,2.447318633249276898e-01,5.511970469454111621e-01,2.713060622985047354e-01,4.954617829986225908e-01,5.292915792246201123e-01,7.685745103011417667e-01,2.023234961702092272e-01,1.000000000000000000e+00,6.821935950270244797e-01,5.231592163751572766e-01,7.175844200411051199e-01,4.989859348279824247e-01,6.614991437681131403e-01,3.318492516817918014e-01,5.751248805651912877e-01,3.933231307297842538e-01,5.739717587987890335e-01,6.559675576333348079e-01,5.362524084134019375e-01,3.098581978276969684e-01,6.099661611676790995e-01,6.197162094464984117e-01,4.825182243952343963e-01,7.844645800074447062e-02,6.833066325596518498e-01
5.722207965807030172e-01,5.280077599464390037e-01,6.849718994054427856e-01,6.616835431550528723e-02,5.332472044605088835e-01,5.697197227021383314e-01,6.398857936569253280e-01,-4.516208140007944571e-01,6.961880745829054362e-01,5.898017079064489243e-01,7.044522287597940746e-01,7.607909613761184575e-01,6.181055387565519421e-01,7.404489505331172117e-01,6.258902312007929014e-01,5.975917628458068398e-01,5.864648696904437575e-01,6.971418440641327097e-01,6.101517927157112942e-01,7.829968521671968329e-01,-2.624522027222107520e-02,6.821935950270244797e-01,1.000000000000000000e+00,7.722462612250847735e-01,8.122272779432260226e-01,6.784246237929292267e-01,7.516983351855319739e-01,6.161614493140485926e-01,6.687723753581292785e-01,6.652973454566659672e-01,4.907280259773203479e-01,7.386593583239819960e-01,7.149546337137198115e-01,6.208909709690704215e-01,5.645829236108245164e-01,2.234766165270968830e-01,5.669819056671737689e-01,4.481938154954655529e-01,7.340541663713516796e-01
4.861635371767894509e-01,4.288435813249255046e-01,6.109388829749887728e-01,5.902269449361942366e-02,5.876032528584891335e-01,4.470006050740383818e-01,4.697605774731913320e-01,-4.268489500970303885e-01,7.141650042839209345e-01,5.490344141927422372e-01,5.019638972297718604e-01,5.814448923248743961e-01,4.524257621093989989e-01,7.898320774532237021e-01,5.518496381860937827e-01,4.917144900182398581e-01,4.933541602010786953e-01,6.459315569942046809e-01,4.944566272546312979e-01,5.787996011028042620e-01,3.808793225686139816e-02,5.231592163751572766e-01,7.722462612250847735e-01,1.000000000000000000e+00,7.616646682533536605e-01,4.815459616388760855e-01,5.431594833193345018e-01,6.058707658086259773e-01,5.488397465597271152e-01,6.000792528398276593e-01,4.692425197483399701e-01,6.356132603868503983e-01,7.323908927327016372e-01,6.881360532476642478e-01,5.494831218058309208e-01,-1.599601817293361261e-02,4.845056876833502280e-01,3.540112317783741802e-01,6.468665614077782067e-01
5.954438631443801366e-01,5.151905945610875115e-01,6.843972407925099644e-01,1.756079906317369876e-01,5.967845710371284529e-01,4.156855704404580631e-01,6.800836964709621180e-01,-4.314595808082991035e-01,6.650807933045973508e-01,7.046903761882676864e-01,6.805790109514849862e-01,7.496172112691777967e-01,7.271384699123875084e-01,7.186027653862839815e-01,5.178660228050513403e-01,6.448726699233191528e-01,4.080356984830388334e-01,7.433361610677142739e-01,7.367537849503221770e-01,7.002452508200103232e-01,7.808324222133671000e-02,7.175844200411051199e-01,8.122272779432260226e-01,7.616646682533536605e-01,1.000000000000000000e+00,5.761268611186128874e-01,7.634706641068573774e-01,6.287852982456609841e-01,6.274455846207460663e-01,5.566389744457836963e-01,6.584147675929421517e-01,7.211501681972726230e-01,7.327180572667079117e-01,6.515544419156019673e-01,6.469236354660143906e-01,3.266945698200613424e-01,5.205376655124570595e-01,3.300213794911240339e-01,8.092066620203400840e-01
6.310418470651580902e-01,6.552067677279872493e-01,6.943274727492702025e-01,9.628575024449390063e-02,5.372229767900970065e-01,5.513862257873094475e-01,4.817731264189893392e-01,-5.849543600676609945e-01,6.069519863040481189e-01,6.363305806347333560e-01,6.440317008617417738e-01,5.111523376401292396e-01,4.724001413306690988e-01,5.053013846066187753e-01,4.859509740759042629e-01,7.233116909187379262e-01,4.989437501123643037e-01,6.368078298354289402e-01,5.136395320477360471e-01,5.988184853295817067e-01,7.488554720263257414e-02,4.989859348279824247e-01,6.784246237929292267e-01,4.815459616388760855e-01,5.761268611186128874e-01,1.000000000000000000e+00,7.523974515739120239e-01,7.123188652416283517e-01,6.463183384122216379e-01,6.980141956299650285e-01,4.600843555768049931e-01,6.628214417532204417e-01,5.262091946745104387e-01,4.762758527125762198e-01,5.662877725772313964e-01,3.712628556912701550e-01,5.601391951909995282e-01,4.583059804466072529e-01,4.481754491508530558e-01
6.174531234184905681e-01,5.750982900082117766e-01,6.223901898513513054e-01,2.058372933459428900e-01,4.966506157059453197e-01,4.835578730980645279e-01,6.491475026822537409e-01,-4.186253401168412158e-01,5.657550879132896560e-01,6.842019899593948518e-01,7.401721761293851287e-01,7.506973074286543701e-01,7.014649427769852341e-01,4.972163774229908517e-01,4.717161367405051098e-01,6.886686976427232043e-01,3.847735102572395482e-01,6.761704831758594825e-01,6.730876883516044851e-01,7.199516620328588745e-01,-3.891704356223947537e-04,6.614991437681131403e-01,7.516983351855319739e-01,5.431594833193345018e-01,7.634706641068573774e-01,7.523974515739120239e-01,1.000000000000000000e+00,5.652691269968574961e-01,6.684641374450360773e-01,6.540623249209840395e-01,5.874871659460432216e-01,7.480766047643359062e-01,5.357858111157784986e-01,4.472322496716676365e-01,6.170292392045864105e-01,4.686561415041661793e-01,5.211507567219862969e-01,3.775184863521943712e-01,7.082674972866419560e-01
6.674529389312865435e-01,6.346227665793205963e-01,7.443123858647736624e-01,5.694573490405172023e-02,7.175872574494279732e-01,4.490134175418074580e-01,3.426018077096574799e-01,-6.601862279795117638e-01,8.264272304286219839e-01,7.522947154335649644e-01,4.964510604920031600e-01,4.123702244463665068e-01,3.203115879426734480e-01,6.628862272839803893e-01,5.900728381488256069e-01,7.375042198839510954e-01,5.783177138593161848e-01,7.643056000794895555e-01,5.773409790309776968e-01,4.411780995365215396e-01,4.453914327551507235e-02,3.318492516817918014e-01,6.161614493140485926e-01,6.058707658086259773e-01,6.287852982456609841e-01,7.123188652416283517e-01,5.652691269968574961e-01,1.000000000000000000e+00,6.096855738374753475e-01,6.525670745266416439e-01,6.034492803387079274e-01,6.139848130378839919e-01,6.390748399325396623e-01,7.427923500394644218e-01,5.611744421677837824e-01,1.192777190121388359e-01,5.262928014748602390e-01,4.978165342548784844e-01,5.048737720093545711e-01
6.038237340612808701e-01,6.011228102015453434e-01,6.103205486698627391e-01,2.174269199017727638e-01,5.399769475393324525e-01,5.572104475926619171e-01,5.517979852098081617e-01,-4.645694612677599977e-01,5.691185644955478740e-01,5.986398417515294001e-01,6.239331240406191803e-01,5.799534002611783645e-01,5.203680718500646174e-01,5.276898780363263874e-01,4.247155437309922399e-01,5.837552974745996437e-01,4.526769886613289939e-01,6.235357904992967493e-01,5.219248042158501910e-01,6.029425587142970278e-01,3.994788977100805633e-02,5.751248805651912877e-01,6.687723753581292785e-01,5.488397465597271152e-01,6.274455846207460663e-01,6.463183384122216379e-01,6.684641374450360773e-01,6.096855738374753475e-01,1.000000000000000000e+00,5.878815075997080308e-01,5.293591147778861083e-01,8.016068818017640929e-01,5.147506689172034466e-01,5.224715250275576706e-01,7.197824169417116336e-01,3.217890724639688171e-01,7.837190285624154873e-01,3.312618381204662787e-01,6.159938851005124505e-01
6.402400031751237508e-01,5.202383558948224795e-01,7.471435091443142662e-01,1.044105988917094358e-01,7.070963999033283987e-01,5.870708643622200018e-01,2.711566353806376672e-01,-6.693030274977497251e-01,6.837889750747335738e-01,7.263270643189936315e-01,5.553952173321446972e-01,4.269470206416762781e-01,3.507467187466759562e-01,6.067676669540748025e-01,4.612721286684320354e-01,7.383268132742659695e-01,6.777540424572502387e-01,6.936614521333837047e-01,4.973780213306906450e-01,4.724822840053573003e-01,1.894602339894597143e-01,3.933231307297842538e-01,6.652973454566659672e-01,6.000792528398276593e-01,5.566389744457836963e-01,6.980141956299650285e-01,6.540623249209840395e-01,6.525670745266416439e-01,5.878815075997080308e-01,1.000000000000000000e+00,4.046844818846700442e-01,7.303862765377538979e-01,6.753019406576020733e-01,5.484941447088412803e-01,4.620647260650140864e-01,1.882837831551063545e-01,4.567305772358875027e-01,5.772782539335925556e-01,4.599389071227866777e-01
7.495751339504206356e-01,7.468599560049568042e-01,5.497670802578574767e-01,4.461682205833045201e-01,4.073990166027533499e-01,2.063396242024204963e-01,6.063750713226987443e-01,-3.860050831169186125e-01,4.546694303428696071e-01,7.819751462496186134e-01,6.312299300210302277e-01,4.212920929587287699e-01,6.449450234321062458e-01,4.407011504305916594e-01,1.499188439640851411e-01,7.142755210903747320e-01,3.595282898735279176e-01,5.204419212181591314e-01,5.674631120170680054e-01,4.022866085805935077e-01,2.592477632113860953e-01,5.739717587987890335e-01,4.907280259773203479e-01,4.692425197483399701e-01,6.584147675929421517e-01,4.600843555768049931e-01,5.874871659460432216e-01,6.034492803387079274e-01,5.293591147778861083e-01,4.046844818846700442e-01,1.000000000000000000e+00,6.512571532698779864e-01,4.978132259895419187e-01,4.155649720173815731e-01,6.821254643632013170e-01,5.314381442944293710e-01,4.301356147354896131e-01,1.364361885536003183e-01,6.482646316056149827e-01
7.222856929727562436e-01,7.204993640065940896e-01,6.978642476164087505e-01,3.531620839098220110e-01,5.555807287131694361e-01,4.883281096351647643e-01,6.003661116976386491e-01,-5.304628745990001004e-01,6.056689755810463760e-01,7.091980932697645734e-01,6.641010163503827668e-01,6.032543489024455585e-01,6.236444325503628372e-01,5.758101719115860107e-01,3.579928345294107750e-01,7.034791415678863791e-01,5.125301577100523920e-01,6.969246023517536859e-01,5.239184339490653430e-01,6.415143900530342336e-01,1.014342670536722002e-01,6.559675576333348079e-01,7.386593583239819960e-01,6.356132603868503983e-01,7.211501681972726230e-01,6.628214417532204417e-01,7.480766047643359062e-01,6.139848130378839919e-01,8.016068818017640929e-01,7.303862765377538979e-01,6.512571532698779864e-01,1.000000000000000000e+00,5.975167510532392035e-01,5.327813010023990659e-01,6.668791586352817991e-01,4.133233825603432332e-01,6.341714188034295319e-01,2.881503213603570090e-01,6.717076435846344173e-01
4.918026423478003006e-01,3.539025504784566456e-01,7.979492474289769932e-01,6.173459023740145851e-02,7.577317538154613175e-01,5.546345475354369503e-01,4.187154641746271277e-01,-5.789547287038824264e-01,6.660619156421256903e-01,6.694021161053294033e-01,6.153980182120672993e-01,4.725637838036444438e-01,5.016759495885594333e-01,8.630753400018638111e-01,4.633500911758060004e-01,5.790497088419643834e-01,6.366894334321423488e-01,6.075316300790759572e-01,6.340634593014621290e-01,5.154531781899126530e-01,3.894125168463418718e-01,5.362524084134019375e-01,7.149546337137198115e-01,7.323908927327016372e-01,7.327180572667079117e-01,5.262091946745104387e-01,5.357858111157784986e-01,6.390748399325396623e-01,5.147506689172034466e-01,6.753019406576020733e-01,4.978132259895419187e-01,5.975167510532392035e-01,1.000000000000000000e+00,7.255942695046120328e-01,4.904585613465562988e-01,1.223663452920831646e-01,3.996782682917921492e-01,4.801946184174117893e-01,5.698487555000609772e-01
3.504876134306878499e-01,3.693778326257977085e-01,6.759846572797675313e-01,6.836401650324500610e-03,7.516745382787624052e-01,3.395882699526115989e-01,3.562108191450186756e-01,-5.060438564433671349e-01,8.473880218377578544e-01,5.341431213555972723e-01,2.985817658967038213e-01,4.540983776142861195e-01,3.445393613236857333e-01,7.437702747985672769e-01,5.866554608024563411e-01,4.738947399138911942e-01,3.930793137526449321e-01,6.075079509279545098e-01,4.645436805707036099e-01,4.600126562748235726e-01,-4.927888482780878182e-02,3.098581978276969684e-01,6.208909709690704215e-01,6.881360532476642478e-01,6.515544419156019673e-01,4.762758527125762198e-01,4.472322496716676365e-01,7.427923500394644218e-01,5.224715250275576706e-01,5.484941447088412803e-01,4.155649720173815731e-01,5.327813010023990659e-01,7.255942695046120328e-01,1.000000000000000000e+00,3.872673412644556667e-01,-8.689376169813237127e-02,4.216709630320654711e-01,3.202865275359016994e-01,4.698240822724703003e-01
7.205579700706139512e-01,6.937184367158663045e-01,5.465131846578864527e-01,3.348732787567555436e-01,4.447956464023132828e-01,4.566983963966118054e-01,5.856685237230440100e-01,-4.197969577408784958e-01,4.298968260555090515e-01,6.540026125215281372e-01,5.849755627384120027e-01,4.715874822809624223e-01,5.691239973323226620e-01,4.463544625269133537e-01,2.239195918623629045e-01,6.718404960728930897e-01,3.311162901809838188e-01,5.153684936912441561e-01,4.805976989496635876e-01,5.265067104826106625e-01,2.177469002409062326e-01,6.099661611676790995e-01,5.645829236108245164e-01,5.494831218058309208e-01,6.469236354660143906e-01,5.662877725772313964e-01,6.170292392045864105e-01,5.611744421677837824e-01,7.197824169417116336e-01,4.620647260650140864e-01,6.821254643632013170e-01,6.668791586352817991e-01,4.904585613465562988e-01,3.872673412644556667e-01,1.000000000000000000e+00,4.966891535557217963e-01,7.797285356435416093e-01,1.998712859766832439e-01,5.876869231778447666e-01
5.387438968967882547e-01,5.904092701368507390e-01,2.246437362781430747e-01,4.479308080403072156e-01,5.234623749664684376e-03,1.640334907477555282e-01,5.842772406241579786e-01,-7.671358744730751023e-02,-5.318266844292018902e-02,4.103098844901876263e-01,4.347357960678036037e-01,3.175690703437076823e-01,6.100303812135592363e-01,1.118395488342925626e-02,-1.681390967784088253e-01,5.427581658369732276e-01,-1.559389294195906266e-02,1.525381884623027706e-01,2.940452664319984644e-01,3.731323053498425413e-01,2.849542020113728369e-01,6.197162094464984117e-01,2.234766165270968830e-01,-1.599601817293361261e-02,3.266945698200613424e-01,3.712628556912701550e-01,4.686561415041661793e-01,1.192777190121388359e-01,3.217890724639688171e-01,1.882837831551063545e-01,5.314381442944293710e-01,4.133233825603432332e-01,1.223663452920831646e-01,-8.689376169813237127e-02,4.966891535557217963e-01,1.000000000000000000e+00,2.643285836266276445e-01,-9.028571437231154573e-02,3.004214889916523301e-01
5.376030252381737151e-01,5.379945283514452337e-01,4.953594448032473951e-01,8.100972084695594322e-02,3.731697178504894685e-01,5.484734066463861080e-01,5.134810029793875907e-01,-3.882577553131170700e-01,4.601834063394976138e-01,4.810200685851254154e-01,4.857183883280047909e-01,5.053291652860926186e-01,4.789810052516617067e-01,3.556627328427095502e-01,4.106704624526847369e-01,5.115087247494937150e-01,3.528613771855387271e-01,5.186455563139844571e-01,3.991034933817815822e-01,5.582592791418227174e-01,-5.860441525714987082e-02,4.825182243952343963e-01,5.669819056671737689e-01,4.845056876833502280e-01,5.205376655124570595e-01,5.601391951909995282e-01,5.211507567219862969e-01,5.262928014748602390e-01,7.837190285624154873e-01,4.567305772358875027e-01,4.301356147354896131e-01,6.341714188034295319e-01,3.996782682917921492e-01,4.216709630320654711e-01,7.797285356435416093e-01,2.643285836266276445e-01,1.000000000000000000e+00,2.848592494747934634e-01,5.170762035322536976e-01
3.586065289847807924e-01,9.133908797221537701e-02,4.478899304641912882e-01,-4.477031313889915931e-01,4.880676007251452120e-01,5.305702157204637004e-01,-3.110655727682450425e-02,-4.007142636463104091e-01,5.150769124258114395e-01,4.860067356360384117e-01,4.948998226448675375e-01,3.872655037019631652e-01,1.261766104289411827e-01,4.263411709879462719e-01,6.616342321094422774e-01,4.143839606219132943e-01,6.594914413658466978e-01,4.542957620606808411e-01,6.026343415357660049e-01,2.383525468993144825e-01,5.750115274891878792e-02,7.844645800074447062e-02,4.481938154954655529e-01,3.540112317783741802e-01,3.300213794911240339e-01,4.583059804466072529e-01,3.775184863521943712e-01,4.978165342548784844e-01,3.312618381204662787e-01,5.772782539335925556e-01,1.364361885536003183e-01,2.881503213603570090e-01,4.801946184174117893e-01,3.202865275359016994e-01,1.998712859766832439e-01,-9.028571437231154573e-02,2.848592494747934634e-01,1.000000000000000000e+00,4.097192725834243876e-01
5.538191003490816611e-01,4.447655104330706100e-01,5.351529866445620121e-01,4.662333984394785580e-02,4.029695762904091372e-01,3.861129476189470444e-01,6.778696753373663064e-01,-2.913829604046617727e-01,5.606025311066216155e-01,6.430647908828235337e-01,7.182208776080838408e-01,8.443509137793130392e-01,7.165382094630302623e-01,5.641533989434460716e-01,5.742342598834587752e-01,5.215358463309331949e-01,4.022527282120567649e-01,6.630357247166086543e-01,7.728021932603834632e-01,7.245005279390949182e-01,-7.607583257341429817e-02,6.833066325596518498e-01,7.340541663713516796e-01,6.468665614077782067e-01,8.092066620203400840e-01,4.481754491508530558e-01,7.082674972866419560e-01,5.048737720093545711e-01,6.159938851005124505e-01,4.599389071227866777e-01,6.482646316056149827e-01,6.717076435846344173e-01,5.698487555000609772e-01,4.698240822724703003e-01,5.876869231778447666e-01,3.004214889916523301e-01,5.170762035322536976e-01,4.097192725834243876e-01,1.000000000000000000e+00
