1.000000000000000000e+00,7.280533707114970055e-01,4.905311403196307429e-01,1.529860539521590845e-01,2.139606023536082535e-01,2.389753250762060577e-01,3.346932591009131874e-01,-4.951436726784155251e-01,6.174866519904217421e-01,6.449216246709160716e-01,5.871357083500652191e-02,3.523505621347212124e-01,2.025710941663022568e-01,6.494837378526171490e-01,3.770942090087339160e-01,4.191794455989853452e-01,-1.031931556348805040e-01,3.650694307457405530e-01,3.358034914852907615e-01,4.474398669187746314e-01,4.612847354350588236e-01,5.988574461021440865e-01,6.165851303529743532e-01,3.918948120534245794e-01,5.706949936748334506e-01,3.502264511178618811e-01,5.636560698014828619e-01,1.787066969697809204e-01,5.415233057497043090e-01,4.105257868952235656e-01,5.299893578273294770e-01,3.430776267669018442e-01,2.811519046152498036e-01,2.723234142770145083e-01,4.601649277398464077e-01,5.702788390062913937e-01,6.123309952513840138e-01,5.550255136606027095e-01,5.680160849015647440e-01
7.280533707114970055e-01,1.000000000000000000e+00,3.570844580414838654e-01,1.162913560212801567e-01,5.328642577659258722e-02,2.783957380910347390e-01,3.705035133385591872e-01,-3.595608458902743165e-01,5.773285924582925999e-01,5.086444294042689052e-01,1.764428667814621765e-01,3.634711883684541012e-01,2.212488822706103198e-01,6.146955890995681182e-01,3.878231545568406324e-01,2.809314128889517925e-01,-2.981303985651288097e-02,2.381013709325992267e-01,2.749507891040622876e-01,3.870361074359980891e-01,3.386016827379407235e-01,4.503358387254359219e-01,5.144961410027807380e-01,3.907564791160876849e-01,4.825677453297600450e-01,3.736311782247399571e-01,5.417315005242879788e-01,1.134180377496977615e-01,5.004577596362833614e-01,3.030005158715884939e-01,4.928117187458780912e-01,3.765678557604876242e-01,1.632494092971873145e-01,1.471257657439594135e-01,5.226065000377656533e-01,4.780407964280826150e-01,6.840273893188054677e-01,3.538593201974323810e-01,5.096459841324261220e-01
4.905311403196307429e-01,3.570844580414838654e-01,1.000000000000000000e+00,2.465156213940464247e-01,7.034790035155499277e-01,2.076567978962384764e-01,3.132755872770095484e-01,-9.059545773939277069e-01,4.369653841133307459e-01,5.667600440866702449e-01,2.260162175774067805e-01,2.383783722218694723e-01,4.330657530357397422e-01,6.087397817287817370e-01,3.196382198524141960e-01,5.818752604036753207e-01,1.363184764671012683e-01,5.733040141291453340e-01,4.188303748975590879e-01,4.402251442729024911e-01,6.829895552425800931e-01,6.074459562765146536e-01,4.927603766253625395e-01,4.666093712985869835e-01,4.862477949428457014e-01,4.854111601993513214e-01,3.369194182569267837e-01,4.623464280167056684e-01,4.500993235069646881e-01,4.422755568414709626e-01,4.396645743553940222e-01,1.098902409362611521e-01,7.476277319840893831e-01,5.073253459204841720e-01,4.616951032958972467e-01,3.344027661428495835e-01,4.088065159602298770e-01,4.289481756650794786e-01,3.270089097067651052e-01
1.529860539521590845e-01,1.162913560212801567e-01,2.465156213940464247e-01,1.000000000000000000e+00,3.443454095289497779e-02,1.514613547934994253e-01,4.841491130982545910e-01,-2.273070192556099212e-01,-8.689922660014361144e-02,8.989005074295788877e-02,-2.022623780396397286e-02,-4.948036909048058457e-02,1.713372895856068168e-01,2.227616427172640912e-01,-4.134206590687868749e-02,1.691700954983059169e-01,-1.607133894696211041e-01,1.537277369245845238e-01,9.167997666623371733e-02,5.828318419657362304e-01,5.112835455482007685e-01,2.904271875910040546e-01,2.045228070118955688e-01,-1.001685450008210770e-01,2.793412542562936363e-01,3.540919763373902573e-01,2.038932202056845389e-01,3.804667744839363985e-01,4.598127734130462718e-01,2.315610808761565942e-01,3.539304665704845476e-02,1.974480277157088237e-01,1.920883366189446717e-01,2.434606596584227515e-03,3.947740455952936101e-01,6.002698043172426112e-02,3.149178614882693905e-01,-6.183195203406541274e-02,-1.321460465836598319e-01
2.139606023536082535e-01,5.328642577659258722e-02,7.034790035155499277e-01,3.443454095289497779e-02,1.000000000000000000e+00,1.403675281321600243e-01,3.203200586278233397e-02,-7.136182480025143882e-01,1.762963899316601912e-01,4.401825975958995052e-01,2.492628695747084733e-01,-4.186162122350916420e-02,4.817793245390224466e-01,3.026312756741421639e-01,1.415802603176010144e-01,5.897198671079879606e-01,3.610605703498780406e-01,5.297824366929948514e-01,2.575023862882181436e-01,1.365601789168517932e-01,4.131441302922410075e-01,2.705281319247353489e-01,2.642911184957610904e-01,3.220196621145874905e-01,1.404850886929607801e-01,3.861889234037557128e-01,3.055912045760844978e-02,5.141677322096727121e-01,1.759777900529019556e-01,3.926442150207763992e-01,2.331779325784458790e-01,-3.736310992123962477e-02,7.745095582456762440e-01,6.772795702741850610e-01,2.444879115067327136e-01,2.885237923397402371e-01,5.869721682928860651e-02,3.366571415144531398e-01,1.358044539541170825e-01
2.389753250762060577e-01,2.783957380910347390e-01,2.076567978962384764e-01,1.514613547934994253e-01,1.403675281321600243e-01,1.000000000000000000e+00,4.089020270238042376e-01,-2.160105463091339939e-01,3.179615394430084785e-01,1.748986497957263631e-01,5.376627202104998782e-01,2.059323714275974326e-01,2.227314264250132569e-01,4.908121837067130344e-01,3.627458203300324424e-01,1.400031132907622600e-01,4.389770982085585693e-01,-3.332207129523939108e-04,-4.116380082510865540e-02,2.113041512276072897e-01,1.548650269562493742e-01,3.540257175049006944e-01,2.685686233688078239e-01,1.219102322584625642e-01,2.615357111888779174e-01,3.132588673311035299e-01,2.691605492207883032e-01,2.016215196987758695e-01,3.444795324522019198e-01,1.155625371187956468e-01,2.656402811513642881e-01,4.720971687243867287e-01,1.180154622021999111e-01,2.190724475164883278e-01,4.018034369351934920e-01,1.555960368599577093e-01,3.658604191144765316e-01,9.953497373533230774e-02,1.558079708019005361e-01
3.346932591009131874e-01,3.705035133385591872e-01,3.132755872770095484e-01,4.841491130982545910e-01,3.203200586278233397e-02,4.089020270238042376e-01,1.000000000000000000e+00,-2.926980042617313704e-01,4.168245384816124943e-01,2.916317687971917705e-01,2.440630391967912316e-01,5.293557163939209831e-01,1.444626912776893479e-01,5.570869719142724774e-01,5.811722863025762242e-01,1.323241148115631149e-01,-1.825199143096460364e-01,2.619239356970482491e-01,4.131784616265024579e-01,5.799778244782417547e-01,4.232050919787179732e-01,5.345678264745109542e-01,3.984917764450273125e-01,1.806104924471516882e-01,6.177076059297396116e-01,2.780766238084537156e-01,4.383418753631588283e-01,2.296538551723576738e-01,4.969143042262168519e-01,1.978145354716990822e-01,4.088184409639471495e-01,4.280962095228877384e-01,6.665813364628708770e-02,2.107239440335715031e-01,4.413120218941488093e-01,-5.775271328314655200e-02,5.560815546688874234e-01,3.302546945953023783e-01,3.547253929236809933e-01
-4.951436726784155251e-01,-3.595608458902743165e-01,-9.059545773939277069e-01,-2.273070192556099212e-01,-7.136182480025143882e-01,-2.160105463091339939e-01,-2.926980042617313704e-01,1.000000000000000000e+00,-4.407257773749977403e-01,-5.798558939710815041e-01,-2.269517042885510205e-01,-2.277358375539642044e-01,-4.192118811042468418e-01,-6.048174176279663694e-01,-3.129876897719317541e-01,-5.883108486115792291e-01,-1.492877855420764455e-01,-5.518947491160578478e-01,-4.034773711389339490e-01,-4.280669466413192237e-01,-6.705086085636675630e-01,-5.982084098991202747e-01,-5.015231106641447889e-01,-4.409622345504508600e-01,-4.775293331360527249e-01,-4.811293397406407601e-01,-3.368832100377650018e-01,-4.564428958471205000e-01,-4.530722827232825378e-01,-4.506557541945016565e-01,-4.415353382169820429e-01,-1.088175749369418022e-01,-7.441169271037284538e-01,-5.170891304559052104e-01,-4.490481960907877212e-01,-3.565877612555070630e-01,-3.984608364367765998e-01,-4.508636825021757888e-01,-3.451457173806663503e-01
6.174866519904217421e-01,5.773285924582925999e-01,4.369653841133307459e-01,-8.689922660014361144e-02,1.762963899316601912e-01,3.179615394430084785e-01,4.168245384816124943e-01,-4.407257773749977403e-01,1.000000000000000000e+00,5.178022989459869496e-01,1.430077981034271473e-01,6.924650886208609801e-01,-3.366989895747007910e-02,7.471774316768812207e-01,6.262144929565880425e-01,1.421141173426817839e-01,-1.464414496471181937e-01,1.957240003394812300e-01,3.597435890494936617e-01,2.627069462150059542e-01,1.966450943791523687e-01,5.788089518611811979e-01,5.913964871320304129e-01,4.892834608864541912e-01,6.997231796108870361e-01,1.204836151870695427e-01,6.106358998339306288e-01,-1.531357071842440187e-01,4.439583109536007210e-01,1.560393689667542716e-01,6.646611161572362203e-01,4.386982475356075439e-01,6.558662886881139187e-02,3.930762045387085624e-01,2.744712589767756561e-01,1.629713505143103591e-01,5.808257173590684053e-01,6.621702381468475007e-01,7.570437427700758004e-01
6.449216246709160716e-01,5.086444294042689052e-01,5.667600440866702449e-01,8.989005074295788877e-02,4.401825975958995052e-01,1.748986497957263631e-01,2.916317687971917705e-01,-5.798558939710815041e-01,5.178022989459869496e-01,1.000000000000000000e+00,2.085072401419786614e-01,3.890032027620394794e-01,4.423061489113945810e-01,5.908451882232824692e-01,4.362008019382996871e-01,6.183822809833301459e-01,9.520540575084399451e-03,5.597357237637616834e-01,5.781798170448448904e-01,3.826133203895499268e-01,4.332612411816711973e-01,4.668819230906597895e-01,6.294269988193532672e-01,3.994256264678407442e-01,5.820491863210928152e-01,4.787290059106309448e-01,5.340990746947955614e-01,3.506264848006559465e-01,5.219420888000043668e-01,5.395825543520307299e-01,5.129543936785275760e-01,2.785041890412178200e-01,4.601445155320339486e-01,4.208970111170778350e-01,5.342392697125651901e-01,4.885610386980168141e-01,5.935783199150890255e-01,6.064019147504389196e-01,5.910028075006188431e-01
5.871357083500652191e-02,1.764428667814621765e-01,2.260162175774067805e-01,-2.022623780396397286e-02,2.492628695747084733e-01,5.376627202104998782e-01,2.440630391967912316e-01,-2.269517042885510205e-01,1.430077981034271473e-01,2.085072401419786614e-01,1.000000000000000000e+00,2.524664278689239261e-01,3.298839968088585484e-01,2.436876704699146856e-01,2.718309465566993710e-01,1.503624282032001713e-01,5.927649515665059932e-01,6.404306719393783320e-02,1.456833196953289389e-01,1.619359846574998651e-01,1.601772358879982594e-01,1.715285849556012765e-01,2.722073935842909444e-03,1.264318362855652855e-01,8.361596551419800405e-02,3.278329509359503846e-01,1.036321465539570968e-01,2.280297358531411522e-01,1.301793750497260704e-01,1.300575046219364095e-01,1.139964596552100334e-01,2.718718975059029597e-01,2.552974822312549796e-01,2.012950224236354779e-01,3.114473083342089721e-01,-2.515391608857131447e-03,1.653697151001462251e-01,-4.569858382124560026e-02,8.993894954600596681e-02
3.523505621347212124e-01,3.634711883684541012e-01,2.383783722218694723e-01,-4.948036909048058457e-02,-4.186162122350916420e-02,2.059323714275974326e-01,5.293557163939209831e-01,-2.277358375539642044e-01,6.924650886208609801e-01,3.890032027620394794e-01,2.524664278689239261e-01,1.000000000000000000e+00,-1.249074062069171348e-01,5.783875925859406353e-01,7.082070831682638623e-01,-5.848735430975356836e-02,-2.473258401061964318e-01,1.627763870150098213e-01,5.374596639382920316e-01,2.550233750922970555e-01,1.213175212892339677e-01,4.948288713657159610e-01,3.946678605704802556e-01,3.956120624878484704e-01,6.666624735759464349e-01,-2.416885191636150218e-02,4.757404890821835819e-01,-2.734622812510688061e-01,2.662360747083591384e-01,2.773545372606532611e-02,4.513858430480122697e-01,3.438025314755126516e-01,-1.271570904117946821e-01,1.554527015135876988e-01,1.721286528295600804e-01,-1.860185638248961770e-01,4.681379479442409619e-01,4.714069544231842546e-01,6.772944880262822265e-01
2.025710941663022568e-01,2.212488822706103198e-01,4.330657530357397422e-01,1.713372895856068168e-01,4.817793245390224466e-01,2.227314264250132569e-01,1.444626912776893479e-01,-4.192118811042468418e-01,-3.366989895747007910e-02,4.423061489113945810e-01,3.298839968088585484e-01,-1.249074062069171348e-01,1.000000000000000000e+00,1.606509063280572580e-01,-2.537234115832444001e-02,4.094352937323750274e-01,2.388457090668119620e-01,4.017948499290191489e-01,3.404615666183132827e-01,3.262470646731395196e-01,4.958412750160793303e-01,1.950791653034744388e-01,1.017005546923159809e-01,1.959933502240051306e-01,5.152438322392701581e-02,5.060470640649240570e-01,1.747850621436642105e-01,6.303895874736142879e-01,2.128275065078301387e-01,2.432008608517237103e-01,1.927587104754703295e-01,1.481951164533701348e-01,6.043647840061879828e-01,3.184026232737219853e-01,5.393451671234889000e-01,3.254381790075668301e-01,3.109203204455404101e-01,6.260961529929563729e-02,7.440204717472127804e-02
6.494837378526171490e-01,6.146955890995681182e-01,6.087397817287817370e-01,2.227616427172640912e-01,3.026312756741421639e-01,4.908121837067130344e-01,5.570869719142724774e-01,-6.048174176279663694e-01,7.471774316768812207e-01,5.908451882232824692e-01,2.436876704699146856e-01,5.783875925859406353e-01,1.606509063280572580e-01,1.000000000000000000e+00,6.518540870979251389e-01,3.590743222209730745e-01,-1.399038240564242155e-02,3.907391843375915830e-01,4.186764672795074138e-01,4.656607788662310843e-01,4.486178936464197964e-01,6.606500994138776450e-01,7.030802138324234729e-01,4.592093431201811349e-01,7.473308376174495615e-01,3.459025458049245216e-01,5.776608931346252085e-01,1.663130479787044147e-01,6.205726561227891125e-01,3.536787088356548314e-01,6.021236346720781896e-01,5.014129858172242660e-01,2.911496597371286965e-01,3.748691994034565322e-01,5.489379855109959294e-01,2.863827434035736696e-01,7.136318743941584275e-01,5.581614240232204427e-01,6.005439373800516289e-01
3.770942090087339160e-01,3.878231545568406324e-01,3.196382198524141960e-01,-4.134206590687868749e-02,1.415802603176010144e-01,3.627458203300324424e-01,5.811722863025762242e-01,-3.129876897719317541e-01,6.262144929565880425e-01,4.362008019382996871e-01,2.718309465566993710e-01,7.082070831682638623e-01,-2.537234115832444001e-02,6.518540870979251389e-01,1.000000000000000000e+00,2.791802381847072745e-01,3.374335535622781379e-02,3.563236908721293950e-01,4.153785232786977866e-01,2.616368848684866300e-01,1.545975298026385503e-01,4.460947914402754177e-01,4.931836080696229141e-01,4.018692448102971215e-01,6.185086765318460467e-01,1.970552446093169485e-01,3.976928497008834773e-01,5.146088538313494526e-02,4.060448326487359205e-01,3.597052677649354990e-01,4.115632826198197258e-01,3.648537358505429262e-01,5.977615609039053229e-02,3.436617472196032974e-01,2.854443132619234325e-01,1.001416696526040255e-02,4.837104532235718124e-01,5.789548865560852908e-01,5.136960494198338223e-01
4.191794455989853452e-01,2.809314128889517925e-01,5.818752604036753207e-01,1.691700954983059169e-01,5.897198671079879606e-01,1.400031132907622600e-01,1.323241148115631149e-01,-5.883108486115792291e-01,1.421141173426817839e-01,6.183822809833301459e-01,1.503624282032001713e-01,-5.848735430975356836e-02,4.094352937323750274e-01,3.590743222209730745e-01,2.791802381847072745e-01,1.000000000000000000e+00,3.222557027914585981e-01,6.347749855440900646e-01,2.596112617132262379e-01,2.300110767449355387e-01,4.460543686267796071e-01,3.132473080053986281e-01,5.213250135195620638e-01,3.001570086072207766e-01,2.766815625972326442e-01,6.211526345812738992e-01,1.597843060309220298e-01,6.529692735799633718e-01,4.017016756875254613e-01,7.683870212870654859e-01,2.320865193742507326e-01,-6.946868148598200898e-02,6.716352990099113685e-01,4.363468559544554926e-01,4.012285195099902224e-01,5.224753172602343287e-01,2.427396687783038021e-01,3.865963721958932120e-01,7.158897316256414289e-02
-1.031931556348805040e-01,-2.981303985651288097e-02,1.363184764671012683e-01,-1.607133894696211041e-01,3.610605703498780406e-01,4.389770982085585693e-01,-1.825199143096460364e-01,-1.492877855420764455e-01,-1.464414496471181937e-01,9.520540575084399451e-03,5.927649515665059932e-01,-2.473258401061964318e-01,2.388457090668119620e-01,-1.399038240564242155e-02,3.374335535622781379e-02,3.222557027914585981e-01,1.000000000000000000e+00,2.131909784193049620e-02,-2.832426507864528875e-01,-1.348408244579016035e-01,-3.834091815364602113e-02,-9.800175103448105496e-02,-1.239470863743593887e-01,8.042004343609591988e-02,-2.815763518741795646e-01,3.876600702064668114e-01,-1.552516109460016780e-01,3.740858416582296120e-01,1.383469743353256745e-02,2.585973472974748555e-01,-9.285307496816916362e-02,4.073496942868570087e-02,3.231640297532940020e-01,2.561062434482407890e-01,9.945135946634825475e-02,2.161628341732192982e-01,-1.553205671616203210e-01,-1.619860768660603689e-01,-2.767158667350674284e-01
3.650694307457405530e-01,2.381013709325992267e-01,5.733040141291453340e-01,1.537277369245845238e-01,5.297824366929948514e-01,-3.332207129523939108e-04,2.619239356970482491e-01,-5.518947491160578478e-01,1.957240003394812300e-01,5.597357237637616834e-01,6.404306719393783320e-02,1.627763870150098213e-01,4.017948499290191489e-01,3.907391843375915830e-01,3.563236908721293950e-01,6.347749855440900646e-01,2.131909784193049620e-02,1.000000000000000000e+00,6.519127748710671355e-01,1.912223503346307252e-01,5.071382692819454974e-01,2.914422131763567680e-01,3.825504609084524055e-01,3.914912698913805000e-01,2.813704991634878305e-01,2.857081018858285137e-01,1.772359836087564547e-02,4.494534021653003308e-01,1.834493759178414396e-01,4.822460212851814032e-01,1.214800026832941332e-01,-1.034196348489049982e-01,6.194497076391265455e-01,2.269639400779026595e-01,4.091262444055691616e-01,2.804397402725763988e-01,3.221090159715505052e-01,3.146020249468810537e-01,1.896904156083715765e-01
3.358034914852907615e-01,2.749507891040622876e-01,4.188303748975590879e-01,9.167997666623371733e-02,2.575023862882181436e-01,-4.116380082510865540e-02,4.131784616265024579e-01,-4.034773711389339490e-01,3.597435890494936617e-01,5.781798170448448904e-01,1.456833196953289389e-01,5.374596639382920316e-01,3.404615666183132827e-01,4.186764672795074138e-01,4.153785232786977866e-01,2.596112617132262379e-01,-2.832426507864528875e-01,6.519127748710671355e-01,1.000000000000000000e+00,2.907384194511209996e-01,4.211322568023275759e-01,3.569955800002505009e-01,3.527006005696277646e-01,3.401770365359405579e-01,4.639304790711493709e-01,6.556440386689353639e-02,1.915941392879488281e-01,1.360153980832458365e-01,1.469142933835934639e-01,1.787914998802970501e-01,2.522494143247095977e-01,8.600951349632342258e-02,3.316239502975051323e-01,1.083387710470715831e-01,3.953772434490442356e-01,7.594048683386332710e-03,4.340531878167516178e-01,3.462372769968969921e-01,5.325850325995599155e-01
4.474398669187746314e-01,3.870361074359980891e-01,4.402251442729024911e-01,5.828318419657362304e-01,1.365601789168517932e-01,2.113041512276072897e-01,5.799778244782417547e-01,-4.280669466413192237e-01,2.627069462150059542e-01,3.826133203895499268e-01,1.619359846574998651e-01,2.550233750922970555e-01,3.262470646731395196e-01,4.656607788662310843e-01,2.616368848684866300e-01,2.300110767449355387e-01,-1.348408244579016035e-01,1.912223503346307252e-01,2.907384194511209996e-01,1.000000000000000000e+00,6.620822186347836702e-01,5.945114930869930259e-01,3.769127341068047587e-01,1.544551369003150376e-01,5.229515124803056914e-01,4.698113312253198726e-01,5.332397693640842373e-01,4.279406168747940109e-01,6.452857730240934009e-01,3.616637548357443110e-01,4.077759247007979870e-01,4.845560619282093806e-01,2.483899202315755506e-01,2.304468302753881759e-01,5.097111714253953485e-01,2.181530630137514248e-01,5.385434001371278701e-01,3.153857120552932547e-01,2.618120853500350287e-01
4.612847354350588236e-01,3.386016827379407235e-01,6.829895552425800931e-01,5.112835455482007685e-01,4.131441302922410075e-01,1.548650269562493742e-01,4.232050919787179732e-01,-6.705086085636675630e-01,1.966450943791523687e-01,4.332612411816711973e-01,1.601772358879982594e-01,1.213175212892339677e-01,4.958412750160793303e-01,4.486178936464197964e-01,1.545975298026385503e-01,4.460543686267796071e-01,-3.834091815364602113e-02,5.071382692819454974e-01,4.211322568023275759e-01,6.620822186347836702e-01,1.000000000000000000e+00,6.212389378671330231e-01,3.676994680279308536e-01,2.035736801667043516e-01,4.164261429392843716e-01,4.138120080159389813e-01,2.594114528160759159e-01,5.295290536904955214e-01,4.553497218463561369e-01,4.134822233785345746e-01,2.438791753031345211e-01,2.091216863813925297e-01,6.501080891497060810e-01,2.497171500482052720e-01,5.529063994230049017e-01,2.685106248667345485e-01,4.400530338766802663e-01,2.583883388118144442e-01,1.684014888185768610e-01
5.988574461021440865e-01,4.503358387254359219e-01,6.074459562765146536e-01,2.904271875910040546e-01,2.705281319247353489e-01,3.540257175049006944e-01,5.345678264745109542e-01,-5.982084098991202747e-01,5.788089518611811979e-01,4.668819230906597895e-01,1.715285849556012765e-01,4.948288713657159610e-01,1.950791653034744388e-01,6.606500994138776450e-01,4.460947914402754177e-01,3.132473080053986281e-01,-9.800175103448105496e-02,2.914422131763567680e-01,3.569955800002505009e-01,5.945114930869930259e-01,6.212389378671330231e-01,1.000000000000000000e+00,5.653666022040436667e-01,3.400136449034502628e-01,6.772005359887285358e-01,2.758558678666059305e-01,4.707286112746262852e-01,2.168537717225411943e-01,4.903338680750610190e-01,2.914662734845879788e-01,5.427262846788302175e-01,3.652166544795404923e-01,3.235855244963771193e-01,3.115549584679148110e-01,3.606625144871664634e-01,1.970718086976001038e-01,4.712039754158427463e-01,5.253897126966318165e-01,4.810520436721168469e-01
6.165851303529743532e-01,5.144961410027807380e-01,4.927603766253625395e-01,2.045228070118955688e-01,2.642911184957610904e-01,2.685686233688078239e-01,3.984917764450273125e-01,-5.015231106641447889e-01,5.913964871320304129e-01,6.294269988193532672e-01,2.722073935842909444e-03,3.946678605704802556e-01,1.017005546923159809e-01,7.030802138324234729e-01,4.931836080696229141e-01,5.213250135195620638e-01,-1.239470863743593887e-01,3.825504609084524055e-01,3.527006005696277646e-01,3.769127341068047587e-01,3.676994680279308536e-01,5.653666022040436667e-01,1.000000000000000000e+00,3.738148481741793150e-01,7.384719132469504954e-01,3.724325289417745322e-01,5.220239804170124787e-01,2.416820581710508731e-01,5.967627183687401748e-01,4.851842705989986015e-01,5.592460821796374493e-01,2.820209962260710190e-01,2.766121283721351132e-01,3.716915604881950719e-01,4.674028195859476487e-01,3.954492756597853265e-01,5.705027266551006004e-01,5.938058301171103004e-01,5.226204183385488866e-01
3.918948120534245794e-01,3.907564791160876849e-01,4.666093712985869835e-01,-1.001685450008210770e-01,3.220196621145874905e-01,1.219102322584625642e-01,1.806104924471516882e-01,-4.409622345504508600e-01,4.892834608864541912e-01,3.994256264678407442e-01,1.264318362855652855e-01,3.956120624878484704e-01,1.959933502240051306e-01,4.592093431201811349e-01,4.018692448102971215e-01,3.001570086072207766e-01,8.042004343609591988e-02,3.914912698913805000e-01,3.401770365359405579e-01,1.544551369003150376e-01,2.035736801667043516e-01,3.400136449034502628e-01,3.738148481741793150e-01,1.000000000000000000e+00,3.746280659707694749e-01,2.775824160273579477e-01,3.740735757873857037e-01,9.811534047155429095e-02,1.557086687084138776e-01,1.233552407021268060e-01,4.736089987056086303e-01,-1.192845091106201939e-02,2.512702707021574611e-01,2.879549723344895784e-01,1.619416449010419867e-01,1.443754750463191461e-01,3.082911858657164106e-01,3.592113500804507420e-01,3.926309925535705903e-01
5.706949936748334506e-01,4.825677453297600450e-01,4.862477949428457014e-01,2.793412542562936363e-01,1.404850886929607801e-01,2.615357111888779174e-01,6.177076059297396116e-01,-4.775293331360527249e-01,6.997231796108870361e-01,5.820491863210928152e-01,8.361596551419800405e-02,6.666624735759464349e-01,5.152438322392701581e-02,7.473308376174495615e-01,6.185086765318460467e-01,2.766815625972326442e-01,-2.815763518741795646e-01,2.813704991634878305e-01,4.639304790711493709e-01,5.229515124803056914e-01,4.164261429392843716e-01,6.772005359887285358e-01,7.384719132469504954e-01,3.746280659707694749e-01,1.000000000000000000e+00,2.752296467596666019e-01,6.382995340833844677e-01,7.941488745552872930e-02,6.345752391695062000e-01,3.213205887087007828e-01,6.186049838478446805e-01,4.273913228203580772e-01,1.350540680162859442e-01,3.190137372551437034e-01,4.507975890251700313e-01,1.177465542443231900e-01,6.407615232403724992e-01,6.149746212763845810e-01,6.484604075716325911e-01
3.502264511178618811e-01,3.736311782247399571e-01,4.854111601993513214e-01,3.540919763373902573e-01,3.861889234037557128e-01,3.132588673311035299e-01,2.780766238084537156e-01,-4.811293397406407601e-01,1.204836151870695427e-01,4.787290059106309448e-01,3.278329509359503846e-01,-2.416885191636150218e-02,5.060470640649240570e-01,3.459025458049245216e-01,1.970552446093169485e-01,6.211526345812738992e-01,3.876600702064668114e-01,2.857081018858285137e-01,6.556440386689353639e-02,4.698113312253198726e-01,4.138120080159389813e-01,2.758558678666059305e-01,3.724325289417745322e-01,2.775824160273579477e-01,2.752296467596666019e-01,1.000000000000000000e+00,5.119255263195575667e-01,7.055654940781677098e-01,6.469537318580997898e-01,6.148548454292512844e-01,3.904307366866113238e-01,2.587194546407663998e-01,4.705245637170821227e-01,4.220893665784042348e-01,5.372400071195001514e-01,4.732745818511153724e-01,4.249942538356382693e-01,2.071455117124010592e-01,2.551643899402144047e-02
5.636560698014828619e-01,5.417315005242879788e-01,3.369194182569267837e-01,2.038932202056845389e-01,3.055912045760844978e-02,2.691605492207883032e-01,4.383418753631588283e-01,-3.368832100377650018e-01,6.106358998339306288e-01,5.340990746947955614e-01,1.036321465539570968e-01,4.757404890821835819e-01,1.747850621436642105e-01,5.776608931346252085e-01,3.976928497008834773e-01,1.597843060309220298e-01,-1.552516109460016780e-01,1.772359836087564547e-02,1.915941392879488281e-01,5.332397693640842373e-01,2.594114528160759159e-01,4.707286112746262852e-01,5.220239804170124787e-01,3.740735757873857037e-01,6.382995340833844677e-01,5.119255263195575667e-01,1.000000000000000000e+00,1.172375977566398469e-01,7.031646691639018565e-01,2.407118965920320430e-01,7.203379877533367948e-01,5.446306468288091285e-01,-8.101718237983925042e-03,3.244852414633049298e-01,4.275627943847957191e-01,2.962131099860910721e-01,6.688130367068677584e-01,5.340393779373210359e-01,5.663060386894587239e-01
1.787066969697809204e-01,1.134180377496977615e-01,4.623464280167056684e-01,3.804667744839363985e-01,5.141677322096727121e-01,2.016215196987758695e-01,2.296538551723576738e-01,-4.564428958471205000e-01,-1.531357071842440187e-01,3.506264848006559465e-01,2.280297358531411522e-01,-2.734622812510688061e-01,6.303895874736142879e-01,1.663130479787044147e-01,5.146088538313494526e-02,6.529692735799633718e-01,3.740858416582296120e-01,4.494534021653003308e-01,1.360153980832458365e-01,4.279406168747940109e-01,5.295290536904955214e-01,2.168537717225411943e-01,2.416820581710508731e-01,9.811534047155429095e-02,7.941488745552872930e-02,7.055654940781677098e-01,1.172375977566398469e-01,1.000000000000000000e+00,4.240840793629776506e-01,5.805223054537826943e-01,1.925710162878823961e-01,9.955517797846165362e-02,6.314219469549617880e-01,4.087858354352406076e-01,4.699670608406186223e-01,4.095146973114575095e-01,2.113773249182279990e-01,1.304034095891295486e-01,-1.553976662070328529e-01
5.415233057497043090e-01,5.004577596362833614e-01,4.500993235069646881e-01,4.598127734130462718e-01,1.759777900529019556e-01,3.444795324522019198e-01,4.969143042262168519e-01,-4.530722827232825378e-01,4.439583109536007210e-01,5.219420888000043668e-01,1.301793750497260704e-01,2.662360747083591384e-01,2.128275065078301387e-01,6.205726561227891125e-01,4.060448326487359205e-01,4.017016756875254613e-01,1.383469743353256745e-02,1.834493759178414396e-01,1.469142933835934639e-01,6.452857730240934009e-01,4.553497218463561369e-01,4.903338680750610190e-01,5.967627183687401748e-01,1.557086687084138776e-01,6.345752391695062000e-01,6.469537318580997898e-01,7.031646691639018565e-01,4.240840793629776506e-01,1.000000000000000000e+00,5.619678905040049743e-01,5.271948709384260967e-01,5.935129565321978218e-01,2.326839833158814708e-01,3.735526753458355276e-01,6.119923231685265863e-01,4.112160222807663690e-01,7.037180782856483630e-01,4.920439417208596344e-01,3.280317276238345348e-01
4.105257868952235656e-01,3.030005158715884939e-01,4.422755568414709626e-01,2.315610808761565942e-01,3.926442150207763992e-01,1.155625371187956468e-01,1.978145354716990822e-01,-4.506557541945016565e-01,1.560393689667542716e-01,5.395825543520307299e-01,1.300575046219364095e-01,2.773545372606532611e-02,2.432008608517237103e-01,3.536787088356548314e-01,3.597052677649354990e-01,7.683870212870654859e-01,2.585973472974748555e-01,4.822460212851814032e-01,1.787914998802970501e-01,3.616637548357443110e-01,4.134822233785345746e-01,2.914662734845879788e-01,4.851842705989986015e-01,1.233552407021268060e-01,3.213205887087007828e-01,6.148548454292512844e-01,2.407118965920320430e-01,5.805223054537826943e-01,5.619678905040049743e-01,1.000000000000000000e+00,1.826565879454682129e-01,1.350136248354619484e-01,4.800321298742002418e-01,3.823703291553126049e-01,3.944720675460783865e-01,5.136515745362694174e-01,3.220059770266432420e-01,4.027108887683157890e-01,6.317333789236669050e-02
5.299893578273294770e-01,4.928117187458780912e-01,4.396645743553940222e-01,3.539304665704845476e-02,2.331779325784458790e-01,2.656402811513642881e-01,4.088184409639471495e-01,-4.415353382169820429e-01,6.646611161572362203e-01,5.129543936785275760e-01,1.139964596552100334e-01,4.513858430480122697e-01,1.927587104754703295e-01,6.021236346720781896e-01,4.115632826198197258e-01,2.320865193742507326e-01,-9.285307496816916362e-02,1.214800026832941332e-01,2.522494143247095977e-01,4.077759247007979870e-01,2.438791753031345211e-01,5.427262846788302175e-01,5.592460821796374493e-01,4.736089987056086303e-01,6.186049838478446805e-01,3.904307366866113238e-01,7.203379877533367948e-01,1.925710162878823961e-01,5.271948709384260967e-01,1.826565879454682129e-01,1.000000000000000000e+00,3.950867260136439185e-01,1.259212612475583415e-01,4.490004548678367957e-01,3.014020229355127145e-01,2.472616417697588720e-01,5.037703729942636377e-01,6.229077801650680923e-01,6.471600296394375285e-01
3.430776267669018442e-01,3.765678557604876242e-01,1.098902409362611521e-01,1.974480277157088237e-01,-3.736310992123962477e-02,4.720971687243867287e-01,4.280962095228877384e-01,-1.088175749369418022e-01,4.386982475356075439e-01,2.785041890412178200e-01,2.718718975059029597e-01,3.438025314755126516e-01,1.481951164533701348e-01,5.014129858172242660e-01,3.648537358505429262e-01,-6.946868148598200898e-02,4.073496942868570087e-02,-1.034196348489049982e-01,8.600951349632342258e-02,4.845560619282093806e-01,2.091216863813925297e-01,3.652166544795404923e-01,2.820209962260710190e-01,-1.192845091106201939e-02,4.273913228203580772e-01,2.587194546407663998e-01,5.446306468288091285e-01,9.955517797846165362e-02,5.935129565321978218e-01,1.350136248354619484e-01,3.950867260136439185e-01,1.000000000000000000e+00,-7.362088284262771620e-02,2.647684778044276377e-01,4.315541810550775903e-01,1.344740965253916898e-01,6.045508863568745950e-01,3.315972827890238950e-01,3.646404911902378920e-01
2.811519046152498036e-01,1.632494092971873145e-01,7.476277319840893831e-01,1.920883366189446717e-01,7.745095582456762440e-01,1.180154622021999111e-01,6.665813364628708770e-02,-7.441169271037284538e-01,6.558662886881139187e-02,4.601445155320339486e-01,2.552974822312549796e-01,-1.271570904117946821e-01,6.043647840061879828e-01,2.911496597371286965e-01,5.977615609039053229e-02,6.716352990099113685e-01,3.231640297532940020e-01,6.194497076391265455e-01,3.316239502975051323e-01,2.483899202315755506e-01,6.501080891497060810e-01,3.235855244963771193e-01,2.766121283721351132e-01,2.512702707021574611e-01,1.350540680162859442e-01,4.705245637170821227e-01,-8.101718237983925042e-03,6.314219469549617880e-01,2.326839833158814708e-01,4.800321298742002418e-01,1.259212612475583415e-01,-7.362088284262771620e-02,1.000000000000000000e+00,4.743893400488423673e-01,4.441552523840127664e-01,3.731005740623828948e-01,1.759812857183941925e-01,1.908985016083111497e-01,2.104139973498243485e-02
2.723234142770145083e-01,1.471257657439594135e-01,5.073253459204841720e-01,2.434606596584227515e-03,6.772795702741850610e-01,2.190724475164883278e-01,2.107239440335715031e-01,-5.170891304559052104e-01,3.930762045387085624e-01,4.208970111170778350e-01,2.012950224236354779e-01,1.554527015135876988e-01,3.184026232737219853e-01,3.748691994034565322e-01,3.436617472196032974e-01,4.363468559544554926e-01,2.561062434482407890e-01,2.269639400779026595e-01,1.083387710470715831e-01,2.304468302753881759e-01,2.497171500482052720e-01,3.115549584679148110e-01,3.716915604881950719e-01,2.879549723344895784e-01,3.190137372551437034e-01,4.220893665784042348e-01,3.244852414633049298e-01,4.087858354352406076e-01,3.735526753458355276e-01,3.823703291553126049e-01,4.490004548678367957e-01,2.647684778044276377e-01,4.743893400488423673e-01,1.000000000000000000e+00,2.172031159287911573e-01,2.202460225236404223e-01,1.935134224292332505e-01,5.218437989048034797e-01,3.120123227105395247e-01
4.601649277398464077e-01,5.226065000377656533e-01,4.616951032958972467e-01,3.947740455952936101e-01,2.444879115067327136e-01,4.018034369351934920e-01,4.413120218941488093e-01,-4.490481960907877212e-01,2.744712589767756561e-01,5.342392697125651901e-01,3.114473083342089721e-01,1.721286528295600804e-01,5.393451671234889000e-01,5.489379855109959294e-01,2.854443132619234325e-01,4.012285195099902224e-01,9.945135946634825475e-02,4.091262444055691616e-01,3.953772434490442356e-01,5.097111714253953485e-01,5.529063994230049017e-01,3.606625144871664634e-01,4.674028195859476487e-01,1.619416449010419867e-01,4.507975890251700313e-01,5.372400071195001514e-01,4.275627943847957191e-01,4.699670608406186223e-01,6.119923231685265863e-01,3.944720675460783865e-01,3.014020229355127145e-01,4.315541810550775903e-01,4.441552523840127664e-01,2.172031159287911573e-01,1.000000000000000000e+00,3.489886445670088988e-01,7.278619746584965577e-01,2.020116148437933190e-01,2.812050200540746614e-01
5.702788390062913937e-01,4.780407964280826150e-01,3.344027661428495835e-01,6.002698043172426112e-02,2.885237923397402371e-01,1.555960368599577093e-01,-5.775271328314655200e-02,-3.565877612555070630e-01,1.629713505143103591e-01,4.885610386980168141e-01,-2.515391608857131447e-03,-1.860185638248961770e-01,3.254381790075668301e-01,2.863827434035736696e-01,1.001416696526040255e-02,5.224753172602343287e-01,2.161628341732192982e-01,2.804397402725763988e-01,7.594048683386332710e-03,2.181530630137514248e-01,2.685106248667345485e-01,1.970718086976001038e-01,3.954492756597853265e-01,1.443754750463191461e-01,1.177465542443231900e-01,4.732745818511153724e-01,2.962131099860910721e-01,4.095146973114575095e-01,4.112160222807663690e-01,5.136515745362694174e-01,2.472616417697588720e-01,1.344740965253916898e-01,3.731005740623828948e-01,2.202460225236404223e-01,3.489886445670088988e-01,1.000000000000000000e+00,3.307479701242985182e-01,2.426383924158907468e-01,1.430902056979397041e-01
6.123309952513840138e-01,6.840273893188054677e-01,4.088065159602298770e-01,3.149178614882693905e-01,5.869721682928860651e-02,3.658604191144765316e-01,5.560815546688874234e-01,-3.984608364367765998e-01,5.808257173590684053e-01,5.935783199150890255e-01,1.653697151001462251e-01,4.681379479442409619e-01,3.109203204455404101e-01,7.136318743941584275e-01,4.837104532235718124e-01,2.427396687783038021e-01,-1.553205671616203210e-01,3.221090159715505052e-01,4.340531878167516178e-01,5.385434001371278701e-01,4.400530338766802663e-01,4.712039754158427463e-01,5.705027266551006004e-01,3.082911858657164106e-01,6.407615232403724992e-01,4.249942538356382693e-01,6.688130367068677584e-01,2.113773249182279990e-01,7.037180782856483630e-01,3.220059770266432420e-01,5.037703729942636377e-01,6.045508863568745950e-01,1.759812857183941925e-01,1.935134224292332505e-01,7.278619746584965577e-01,3.307479701242985182e-01,1.000000000000000000e+00,4.277946429304107512e-01,5.255995764088475797e-01
5.550255136606027095e-01,3.538593201974323810e-01,4.289481756650794786e-01,-6.183195203406541274e-02,3.366571415144531398e-01,9.953497373533230774e-02,3.302546945953023783e-01,-4.508636825021757888e-01,6.621702381468475007e-01,6.064019147504389196e-01,-4.569858382124560026e-02,4.714069544231842546e-01,6.260961529929563729e-02,5.581614240232204427e-01,5.789548865560852908e-01,3.865963721958932120e-01,-1.619860768660603689e-01,3.146020249468810537e-01,3.462372769968969921e-01,3.153857120552932547e-01,2.583883388118144442e-01,5.253897126966318165e-01,5.938058301171103004e-01,3.592113500804507420e-01,6.149746212763845810e-01,2.071455117124010592e-01,5.340393779373210359e-01,1.304034095891295486e-01,4.920439417208596344e-01,4.027108887683157890e-01,6.229077801650680923e-01,3.315972827890238950e-01,1.908985016083111497e-01,5.218437989048034797e-01,2.020116148437933190e-01,2.426383924158907468e-01,4.277946429304107512e-01,1.000000000000000000e+00,6.603371009906061628e-01
5.680160849015647440e-01,5.096459841324261220e-01,3.270089097067651052e-01,-1.321460465836598319e-01,1.358044539541170825e-01,1.558079708019005361e-01,3.547253929236809933e-01,-3.451457173806663503e-01,7.570437427700758004e-01,5.910028075006188431e-01,8.993894954600596681e-02,6.772944880262822265e-01,7.440204717472127804e-02,6.005439373800516289e-01,5.136960494198338223e-01,7.158897316256414289e-02,-2.767158667350674284e-01,1.896904156083715765e-01,5.325850325995599155e-01,2.618120853500350287e-01,1.684014888185768610e-01,4.810520436721168469e-01,5.226204183385488866e-01,3.926309925535705903e-01,6.484604075716325911e-01,2.551643899402144047e-02,5.663060386894587239e-01,-1.553976662070328529e-01,3.280317276238345348e-01,6.317333789236669050e-02,6.471600296394375285e-01,3.646404911902378920e-01,2.104139973498243485e-02,3.120123227105395247e-01,2.812050200540746614e-01,1.430902056979397041e-01,5.255995764088475797e-01,6.603371009906061628e-01,1.000000000000000000e+00
