1.000000000000000000e+00,7.749361468563976674e-01,5.912028462217785441e-01,3.854908279739621690e-01,6.210211888952161807e-01,-4.019789506204778373e-01,5.683555820364093458e-01,-5.108318373565235992e-01,6.842508688288246876e-01,6.440785522347943770e-01,-3.300454653280365802e-01,-4.459501650427183383e-01,4.260094074715339851e-01,3.000577746641204802e-01,-4.984009602750976153e-01,6.782158550307623157e-01,-2.976862322564474694e-01,6.514726050719334971e-01,6.046016185359602835e-01,5.727660775144041150e-01,2.863619090412351520e-01,5.448602877809327616e-01,3.788865406904479149e-01,6.902927099299965841e-01,-1.536203590494394366e-01,7.554121941495975934e-01,6.516744064312249840e-01,5.427701788663332749e-01,-2.437073735328179336e-01,7.111881974087327363e-01,6.863238905482905716e-01,6.306197712521053322e-01,2.454009960304284477e-01,6.383593330862773474e-01,2.089165583974757767e-01,2.730223862398926671e-01,4.017664654291616677e-01,6.686282947063819648e-01,5.859826734334534493e-01
7.749361468563976674e-01,1.000000000000000000e+00,6.495728955150876782e-01,6.060914037216869055e-01,6.337971547586456200e-01,-4.955521709329361868e-01,7.427246581512514378e-01,-5.302753629497308774e-01,8.519996194489548591e-01,8.369873731260668581e-01,-3.478376109179708298e-01,-5.339453858893040694e-01,6.977676555549056081e-01,2.070049159619036516e-01,-6.118713156690139821e-01,7.655792791726416802e-01,-5.228202286733161230e-01,7.449051404027047241e-01,7.360144584841349369e-01,5.993951145243635592e-01,2.335197387273627301e-01,6.713710464023692204e-01,2.787367885760348440e-01,7.814439375741101257e-01,-3.342675128299541498e-01,6.204884556623979641e-01,8.556516614943354693e-01,2.300079869358508389e-01,-4.781407857768424363e-01,8.663385386742723515e-01,8.443127121463017692e-01,8.844849196647124323e-01,1.183572385512495495e-01,7.629384961206753246e-01,1.613031762046091833e-01,1.145214836289202842e-01,4.687952756253083164e-01,6.826303106365037010e-01,7.828022749626560861e-01
5.912028462217785441e-01,6.495728955150876782e-01,1.000000000000000000e+00,5.800914969173567304e-01,8.234260430118256480e-01,-3.880778860268798147e-01,6.590108988324381301e-01,-9.434145957445333464e-01,7.661161474119386749e-01,7.353347473916483912e-01,-4.437474299708014658e-01,-6.553050080658349152e-01,3.574677016955274400e-01,1.649614901760699248e-01,-7.220546666598586238e-01,7.471894072194837921e-01,-4.578898809405972381e-01,6.950694739682690138e-01,6.906922353891785660e-01,7.291275053757304558e-01,8.012160501457327166e-01,8.184626190714676675e-01,3.060529514219338387e-01,6.089486930297114409e-01,-1.810090170061958714e-01,7.372050827008029827e-01,7.261311656173110585e-01,5.715487913763096506e-01,-4.289372678125212279e-01,7.396029421952011740e-01,6.386591483927313018e-01,5.934564728170212966e-01,6.253429623947561744e-01,7.428084405588789574e-01,1.330231582883078800e-01,1.869532378709169440e-01,3.147752753126036307e-01,7.247177123400911913e-01,7.048036623012124968e-01
3.854908279739621690e-01,6.060914037216869055e-01,5.800914969173567304e-01,1.000000000000000000e+00,4.538099454758072748e-01,-6.559584440577092002e-01,7.887870156344864991e-01,-4.749987377284187184e-01,7.816770852964886052e-01,8.085887781972017629e-01,-5.243167929279902717e-01,-6.448357011823159235e-01,5.269292946466168637e-01,-3.152417239377794389e-01,-7.757513492424917834e-01,7.769932051243932936e-01,-7.449614526390188063e-01,8.024960555962130648e-01,8.128728110282563701e-01,6.909736006140878573e-01,3.939534322502999397e-01,7.390224952833404082e-01,-1.036091928963670666e-01,5.297382567420225730e-01,-5.847404209778261919e-01,3.402973003184280310e-01,5.437901270142398991e-01,6.686681942804775791e-02,-7.806441435795806738e-01,7.415358022760656365e-01,4.534827264049224871e-01,4.718822338487817514e-01,1.266167671386261503e-02,7.672348513569305917e-01,-3.958469484491107804e-01,-4.036768579228103837e-01,-8.979206377136979278e-02,7.695732370622034857e-01,8.602423440231162788e-01
6.210211888952161807e-01,6.337971547586456200e-01,8.234260430118256480e-01,4.538099454758072748e-01,1.000000000000000000e+00,-3.414816503830628291e-01,5.368421910259133512e-01,-7.920165016093726473e-01,7.115592913439802158e-01,7.088991649879546886e-01,-4.515743233250579802e-01,-5.499361546315975069e-01,2.866185290214101067e-01,4.006618217182565944e-01,-6.464446901135386669e-01,7.383425663537624972e-01,-3.512554745906709686e-01,5.424858153464677812e-01,5.379837016393083093e-01,5.746490280931717543e-01,5.604805911479930902e-01,6.968782877127838171e-01,4.168891212746640429e-01,7.732846829913665454e-01,-6.410446597114717593e-02,6.952320224784542813e-01,6.677330216898056392e-01,5.092870836661618217e-01,-3.906683927376485843e-01,7.603759384967392343e-01,6.802182849444454726e-01,5.519002793999384648e-01,6.418414083448596985e-01,7.526938114415444581e-01,1.463878994267829303e-01,2.993354222103327689e-01,2.592743485101889900e-01,6.890956224550822684e-01,6.262434646624436274e-01
-4.019789506204778373e-01,-4.955521709329361868e-01,-3.880778860268798147e-01,-6.559584440577092002e-01,-3.414816503830628291e-01,1.000000000000000000e+00,-6.016866633556644528e-01,3.487186884738336934e-01,-6.692131704002652892e-01,-6.792272959746979977e-01,7.744193919712785146e-01,6.309384258825607716e-01,-3.407889987148629563e-01,4.136665906415846750e-01,6.915070225038357776e-01,-7.160360714700785278e-01,7.873414278641132080e-01,-6.415954591081112213e-01,-7.460388177247483377e-01,-4.522370408465859470e-01,-1.821732120221206674e-01,-4.809501935145240603e-01,3.971265309897931139e-01,-4.098755704014017676e-01,7.769544317185528293e-01,-2.371585648661782009e-01,-3.544913941165905302e-01,8.022705480768515043e-03,7.589152432264600900e-01,-6.391209674862659007e-01,-2.828530347590953453e-01,-3.202945487412259817e-01,6.912211908058424337e-02,-6.592919882409402632e-01,4.423180435738899852e-01,3.907396341742954693e-01,2.079966961065815578e-01,-6.999153149228768411e-01,-7.067896333556834554e-01
5.683555820364093458e-01,7.427246581512514378e-01,6.590108988324381301e-01,7.887870156344864991e-01,5.368421910259133512e-01,-6.016866633556644528e-01,1.000000000000000000e+00,-5.457391233116246632e-01,8.483557692372818426e-01,8.348767997053687662e-01,-4.979098549956997855e-01,-6.921406099014704161e-01,6.203938931644462640e-01,-1.317690673994350858e-01,-7.416627742435332182e-01,7.991747175890269173e-01,-6.701366040916673095e-01,8.398681405413274126e-01,8.540739387114327785e-01,7.390380413962265305e-01,4.172699830127107878e-01,7.789302577188278454e-01,3.127825516966660502e-02,6.094924400109333895e-01,-4.818223678907887497e-01,5.118478779531022704e-01,6.864334610429874139e-01,2.414785363000374052e-01,-6.679532419717842950e-01,8.106445665647692422e-01,6.441413439664784857e-01,6.190999163585803045e-01,9.495041072113699632e-02,7.851761910267980316e-01,-1.772208425891820538e-01,-2.075610136811304185e-01,1.159032819084110238e-01,7.909921686821140829e-01,8.565880946001328544e-01
-5.108318373565235992e-01,-5.302753629497308774e-01,-9.434145957445333464e-01,-4.749987377284187184e-01,-7.920165016093726473e-01,3.487186884738336934e-01,-5.457391233116246632e-01,1.000000000000000000e+00,-6.677262016472094164e-01,-6.373528281111678906e-01,4.386799365889211266e-01,6.211234870261621577e-01,-2.054618393075506033e-01,-1.412016732030799693e-01,6.703434868109335865e-01,-6.638370990292787877e-01,3.930271354049960641e-01,-5.898078929544333660e-01,-5.948102836220144907e-01,-6.459731699769732938e-01,-8.272904415883427509e-01,-7.325603034109874345e-01,-2.744147334754177825e-01,-5.101558519689312066e-01,1.301240501539830674e-01,-7.061977124389794414e-01,-6.327432997999148379e-01,-5.971268150173437705e-01,3.565427213193318456e-01,-6.356742947585111159e-01,-5.394884740224538122e-01,-4.903893114908536854e-01,-6.730211165504952353e-01,-6.517706373395699693e-01,-1.547101677549384269e-01,-2.140766613771333260e-01,-2.959217490315738663e-01,-6.548374966185122048e-01,-6.029432110129424593e-01
6.842508688288246876e-01,8.519996194489548591e-01,7.661161474119386749e-01,7.816770852964886052e-01,7.115592913439802158e-01,-6.692131704002652892e-01,8.483557692372818426e-01,-6.677262016472094164e-01,1.000000000000000000e+00,9.293412965949989779e-01,-5.510095955110334565e-01,-7.031986279991980782e-01,5.974157753083233491e-01,-2.574865439792670824e-02,-8.195056606755202200e-01,9.063545487257351763e-01,-6.858402530411227271e-01,8.831780042580347212e-01,8.986831818216826084e-01,7.738974037314697574e-01,4.547728494005306987e-01,8.258827471280705268e-01,1.032904900826786265e-01,7.396900687523676465e-01,-5.132689013384228449e-01,6.306408178545467313e-01,7.603563940865210036e-01,3.400980278457715889e-01,-7.145099541128353549e-01,9.332628451438749195e-01,7.149776634110730500e-01,7.195578296139055752e-01,1.812653926516066549e-01,8.961289235061512537e-01,-9.028066028879053184e-02,-1.199746291515937369e-01,2.064072628638544127e-01,8.827186410007400452e-01,9.265450318643921879e-01
6.440785522347943770e-01,8.369873731260668581e-01,7.353347473916483912e-01,8.085887781972017629e-01,7.088991649879546886e-01,-6.792272959746979977e-01,8.348767997053687662e-01,-6.373528281111678906e-01,9.293412965949989779e-01,1.000000000000000000e+00,-5.678044831541196880e-01,-7.266712937589409060e-01,5.557033806573212775e-01,-5.181826144262514922e-02,-8.417292727183517398e-01,9.274997333661831878e-01,-7.069123663984008266e-01,8.349279173375089291e-01,8.493577713213025238e-01,7.244019340471054003e-01,4.098166050369452806e-01,8.054770088687494001e-01,9.357190387541655663e-02,7.638249267443362189e-01,-5.094129217322502790e-01,5.703603197804968383e-01,7.660385244679169814e-01,2.544102827218798213e-01,-7.661898000504900885e-01,9.352775734574046984e-01,7.360465177661111857e-01,7.062435660194231746e-01,1.742003224360543501e-01,8.883499249141120213e-01,-1.839864753698917110e-01,-1.631427948308727949e-01,1.161983776048250705e-01,8.838111537603997592e-01,9.429476048471521210e-01
-3.300454653280365802e-01,-3.478376109179708298e-01,-4.437474299708014658e-01,-5.243167929279902717e-01,-4.515743233250579802e-01,7.744193919712785146e-01,-4.979098549956997855e-01,4.386799365889211266e-01,-5.510095955110334565e-01,-5.678044831541196880e-01,1.000000000000000000e+00,7.158917067063141904e-01,-1.677491147090447998e-01,2.473747583527158844e-01,7.194538547825515273e-01,-6.723102536119112127e-01,7.027682892974993489e-01,-4.386628680904688382e-01,-6.139055207504051648e-01,-3.190393811777131328e-01,-3.048306258121728507e-01,-4.340861916994752656e-01,3.897226848777468611e-01,-3.565222173988011334e-01,6.659673639428685954e-01,-2.347004086479224649e-01,-2.861705744150260244e-01,-9.028242217229585920e-02,6.194234442474587654e-01,-5.773239569485072442e-01,-2.146283069647949293e-01,-1.988612528247922229e-01,-2.361044198615524226e-01,-5.694271079480304198e-01,3.530634457003992144e-01,1.137202460346194571e-01,2.430257415895594464e-01,-6.479490318582354913e-01,-5.759156717557281091e-01
-4.459501650427183383e-01,-5.339453858893040694e-01,-6.553050080658349152e-01,-6.448357011823159235e-01,-5.499361546315975069e-01,6.309384258825607716e-01,-6.921406099014704161e-01,6.211234870261621577e-01,-7.031986279991980782e-01,-7.266712937589409060e-01,7.158917067063141904e-01,1.000000000000000000e+00,-3.068862093497424781e-01,1.821089784258655975e-01,8.221768253496128942e-01,-7.535333310808496332e-01,6.654597265878106072e-01,-6.108407351219916626e-01,-7.497933901003248636e-01,-5.589112609975720458e-01,-5.039732656656888965e-01,-6.090738118949341473e-01,1.506882157538332323e-01,-4.481849791813329875e-01,5.361934381636082048e-01,-4.447054782515510452e-01,-5.229724058196023595e-01,-2.788991275876974152e-01,6.253184077460982593e-01,-6.957186157881576349e-01,-4.518482981579100000e-01,-4.367662491709490835e-01,-2.698094254634007538e-01,-6.526022580559232011e-01,1.943210816447787093e-01,7.420169422994475628e-02,8.573302310749727692e-03,-7.400107063879974856e-01,-7.192074615849454178e-01
4.260094074715339851e-01,6.977676555549056081e-01,3.574677016955274400e-01,5.269292946466168637e-01,2.866185290214101067e-01,-3.407889987148629563e-01,6.203938931644462640e-01,-2.054618393075506033e-01,5.974157753083233491e-01,5.557033806573212775e-01,-1.677491147090447998e-01,-3.068862093497424781e-01,1.000000000000000000e+00,7.449674785650181597e-02,-3.136616339190817504e-01,4.604414218610777820e-01,-5.023309651955536470e-01,5.964391291595735334e-01,5.958464000052178244e-01,4.749454939020303912e-01,9.592526795356123848e-02,5.634629647892028803e-01,1.927283661866224795e-01,5.256602003205588236e-01,-2.488061503187401213e-01,2.778645427239844201e-01,6.878387258560476614e-01,-9.562054307369291517e-02,-3.878253932151200511e-01,5.714021483838546134e-01,5.952424276371167666e-01,6.330820928501293965e-01,-3.639142883262599243e-02,5.629251641895105518e-01,7.041898319362197012e-02,-1.724421659676939750e-02,2.936706159755006484e-01,3.849748131059188561e-01,5.740490228390624505e-01
3.000577746641204802e-01,2.070049159619036516e-01,1.649614901760699248e-01,-3.152417239377794389e-01,4.006618217182565944e-01,4.136665906415846750e-01,-1.317690673994350858e-01,-1.412016732030799693e-01,-2.574865439792670824e-02,-5.181826144262514922e-02,2.473747583527158844e-01,1.821089784258655975e-01,7.449674785650181597e-02,1.000000000000000000e+00,1.931401376520414659e-01,-6.353409632414921959e-02,3.591904232713991063e-01,-1.745547113938501482e-01,-2.311304513838537411e-01,-4.912776324385283860e-02,1.324117217598802521e-02,3.521385360477855692e-02,7.000461895789257261e-01,4.285093658304273689e-01,5.795217334826371358e-01,3.087830698519574146e-01,2.550779919504725934e-01,2.486004841918637576e-01,4.351699623500104863e-01,8.173773338797632459e-02,3.532847297716886770e-01,2.817237318332482254e-01,4.813079597280155997e-01,1.921819703170500257e-02,6.575098262956422523e-01,7.545566739207203444e-01,5.343565041021192119e-01,-1.589673481602707772e-01,-1.818821899729552716e-01
-4.984009602750976153e-01,-6.118713156690139821e-01,-7.220546666598586238e-01,-7.757513492424917834e-01,-6.464446901135386669e-01,6.915070225038357776e-01,-7.416627742435332182e-01,6.703434868109335865e-01,-8.195056606755202200e-01,-8.417292727183517398e-01,7.194538547825515273e-01,8.221768253496128942e-01,-3.136616339190817504e-01,1.931401376520414659e-01,1.000000000000000000e+00,-8.608602561766740546e-01,7.182297831102303354e-01,-7.518736131660326283e-01,-8.115480935626125936e-01,-6.567580954979788110e-01,-5.426474205961492325e-01,-7.246156257138006707e-01,8.389600532389486498e-02,-5.574068950798111155e-01,5.729899407429371871e-01,-4.864761560381215544e-01,-5.558296348061616543e-01,-3.314200234903673103e-01,7.550342971684245175e-01,-8.006128611274739848e-01,-4.942224508801214555e-01,-4.619410539407060590e-01,-2.549187308196332880e-01,-7.617965697308743955e-01,2.724726804254628543e-01,1.822046464516926534e-01,4.602623225093659814e-02,-8.740418734307154880e-01,-8.520907235414291181e-01
6.782158550307623157e-01,7.655792791726416802e-01,7.471894072194837921e-01,7.769932051243932936e-01,7.383425663537624972e-01,-7.160360714700785278e-01,7.991747175890269173e-01,-6.638370990292787877e-01,9.063545487257351763e-01,9.274997333661831878e-01,-6.723102536119112127e-01,-7.535333310808496332e-01,4.604414218610777820e-01,-6.353409632414921959e-02,-8.608602561766740546e-01,1.000000000000000000e+00,-6.551423159740334956e-01,8.184467088658813338e-01,8.502730131736562225e-01,7.045288143476429177e-01,4.448370029055006003e-01,7.732774233148277387e-01,5.668459134372181435e-02,7.373092887593406530e-01,-5.379363074425008717e-01,6.309193184474005678e-01,6.954177971927480995e-01,3.275259386364494096e-01,-7.414051368896704686e-01,9.301551557080834920e-01,6.615750594865964507e-01,6.269611418401581648e-01,2.433260216192014991e-01,8.746194495696802962e-01,-2.251928462256567731e-01,-1.359222841574873053e-01,4.425930361055110257e-02,9.169157504388371072e-01,9.024182053814865379e-01
-2.976862322564474694e-01,-5.228202286733161230e-01,-4.578898809405972381e-01,-7.449614526390188063e-01,-3.512554745906709686e-01,7.873414278641132080e-01,-6.701366040916673095e-01,3.930271354049960641e-01,-6.858402530411227271e-01,-7.069123663984008266e-01,7.027682892974993489e-01,6.654597265878106072e-01,-5.023309651955536470e-01,3.591904232713991063e-01,7.182297831102303354e-01,-6.551423159740334956e-01,1.000000000000000000e+00,-6.721850123460532123e-01,-7.547903003592618676e-01,-5.391237742597206895e-01,-3.149252813011135244e-01,-6.337737036130068891e-01,2.980217692791996553e-01,-3.997674480109604245e-01,6.619833745562813121e-01,-1.157432319253211689e-01,-4.249929769343452346e-01,5.330605454765277584e-02,7.861997527467056157e-01,-6.169523962686991325e-01,-3.226006440794640939e-01,-3.329769121866730797e-01,-1.009439399695857657e-02,-6.759709095834343096e-01,3.670596186580613041e-01,3.608145072044273705e-01,1.276571689447747460e-01,-6.781260917137296174e-01,-7.765629752253927487e-01
6.514726050719334971e-01,7.449051404027047241e-01,6.950694739682690138e-01,8.024960555962130648e-01,5.424858153464677812e-01,-6.415954591081112213e-01,8.398681405413274126e-01,-5.898078929544333660e-01,8.831780042580347212e-01,8.349279173375089291e-01,-4.386628680904688382e-01,-6.108407351219916626e-01,5.964391291595735334e-01,-1.745547113938501482e-01,-7.518736131660326283e-01,8.184467088658813338e-01,-6.721850123460532123e-01,1.000000000000000000e+00,9.120308620209081063e-01,8.479037845918666605e-01,4.901428279812256039e-01,8.220328849742742916e-01,7.932853623541678834e-02,6.144101218990080104e-01,-4.909416765641139158e-01,5.987168144424565019e-01,6.519022646276361188e-01,3.757255354482883503e-01,-6.776074739936184255e-01,8.033750125972037859e-01,5.843149537026247620e-01,5.692214941935921368e-01,5.930440166838830962e-02,8.172612909825935912e-01,-1.908254509718547987e-01,-2.863441212528893276e-01,1.238630026663404826e-01,8.486596593078079565e-01,8.838234206648267755e-01
6.046016185359602835e-01,7.360144584841349369e-01,6.906922353891785660e-01,8.128728110282563701e-01,5.379837016393083093e-01,-7.460388177247483377e-01,8.540739387114327785e-01,-5.948102836220144907e-01,8.986831818216826084e-01,8.493577713213025238e-01,-6.139055207504051648e-01,-7.497933901003248636e-01,5.958464000052178244e-01,-2.311304513838537411e-01,-8.115480935626125936e-01,8.502730131736562225e-01,-7.547903003592618676e-01,9.120308620209081063e-01,1.000000000000000000e+00,7.741754235059397082e-01,4.692520001506419458e-01,7.903164097263105647e-01,-8.604845864909700659e-02,5.827172137160084864e-01,-6.287652732731258132e-01,5.525137223516822793e-01,6.493480915591395286e-01,2.898350105512184638e-01,-7.236974753878707700e-01,8.293916383785355784e-01,5.650676663157850887e-01,5.743251184671434029e-01,7.827558593477200455e-02,8.241162561745261073e-01,-2.166931105028117588e-01,-2.579426607779108926e-01,7.521257782926910052e-02,8.537177057072377062e-01,8.883909620984523636e-01
5.727660775144041150e-01,5.993951145243635592e-01,7.291275053757304558e-01,6.909736006140878573e-01,5.746490280931717543e-01,-4.522370408465859470e-01,7.390380413962265305e-01,-6.459731699769732938e-01,7.738974037314697574e-01,7.244019340471054003e-01,-3.190393811777131328e-01,-5.589112609975720458e-01,4.749454939020303912e-01,-4.912776324385283860e-02,-6.567580954979788110e-01,7.045288143476429177e-01,-5.391237742597206895e-01,8.479037845918666605e-01,7.741754235059397082e-01,1.000000000000000000e+00,6.512531530813402414e-01,8.338310044387677866e-01,1.672826848939610311e-01,5.502719716990663867e-01,-3.019631114131378080e-01,6.151917440409018223e-01,5.883817080072034633e-01,5.346614686555966056e-01,-5.478992234029904651e-01,6.880261979177701992e-01,5.182194329235872976e-01,4.603409646344880368e-01,2.360611400334819698e-01,7.778779829405513269e-01,-1.254279903126432616e-01,-1.873974259107610840e-01,1.169812414932263900e-01,7.601175039664377353e-01,7.646913533109561678e-01
2.863619090412351520e-01,2.335197387273627301e-01,8.012160501457327166e-01,3.939534322502999397e-01,5.604805911479930902e-01,-1.821732120221206674e-01,4.172699830127107878e-01,-8.272904415883427509e-01,4.547728494005306987e-01,4.098166050369452806e-01,-3.048306258121728507e-01,-5.039732656656888965e-01,9.592526795356123848e-02,1.324117217598802521e-02,-5.426474205961492325e-01,4.448370029055006003e-01,-3.149252813011135244e-01,4.901428279812256039e-01,4.692520001506419458e-01,6.512531530813402414e-01,1.000000000000000000e+00,6.826376702559643350e-01,1.955502460710944745e-01,2.328787374712535385e-01,-4.683826931039886815e-02,5.321613673871590233e-01,3.787681991751284394e-01,6.409727953845334447e-01,-2.617070057138686234e-01,3.713073930374780063e-01,2.499431097924250944e-01,1.767949249352088470e-01,6.861434993954999007e-01,4.762259745324615157e-01,3.909813775698392502e-02,1.258577449838484408e-01,1.003689848475132623e-01,5.116776656597239459e-01,4.375735573615356366e-01
5.448602877809327616e-01,6.713710464023692204e-01,8.184626190714676675e-01,7.390224952833404082e-01,6.968782877127838171e-01,-4.809501935145240603e-01,7.789302577188278454e-01,-7.325603034109874345e-01,8.258827471280705268e-01,8.054770088687494001e-01,-4.340861916994752656e-01,-6.090738118949341473e-01,5.634629647892028803e-01,3.521385360477855692e-02,-7.246156257138006707e-01,7.732774233148277387e-01,-6.337737036130068891e-01,8.220328849742742916e-01,7.903164097263105647e-01,8.338310044387677866e-01,6.826376702559643350e-01,1.000000000000000000e+00,2.424266083144611950e-01,6.699327138479610477e-01,-2.897213549675055067e-01,5.612384196981788920e-01,6.725677675504505570e-01,3.941147125910723359e-01,-6.251533128267314776e-01,7.759888663282302756e-01,6.076815810504629933e-01,5.373609198088403760e-01,4.084641132660222218e-01,8.269100159166364872e-01,-9.234276335351665477e-02,-9.207540237432866592e-02,1.273759975857413906e-01,7.883668091423700064e-01,8.314695290232798630e-01
3.788865406904479149e-01,2.787367885760348440e-01,3.060529514219338387e-01,-1.036091928963670666e-01,4.168891212746640429e-01,3.971265309897931139e-01,3.127825516966660502e-02,-2.744147334754177825e-01,1.032904900826786265e-01,9.357190387541655663e-02,3.897226848777468611e-01,1.506882157538332323e-01,1.927283661866224795e-01,7.000461895789257261e-01,8.389600532389486498e-02,5.668459134372181435e-02,2.980217692791996553e-01,7.932853623541678834e-02,-8.604845864909700659e-02,1.672826848939610311e-01,1.955502460710944745e-01,2.424266083144611950e-01,1.000000000000000000e+00,4.357628625962193802e-01,6.591399337397946256e-01,4.085239949486801914e-01,3.494482981299009139e-01,3.407828038280169003e-01,2.552708482247366684e-01,1.525555982073861505e-01,4.092280871805841769e-01,3.098748028439504698e-01,3.985609221482990794e-01,1.339146949393725250e-01,5.394323784179624326e-01,5.156762507416138286e-01,5.332508784382249400e-01,2.686268359637860800e-02,1.776339874347408754e-02
6.902927099299965841e-01,7.814439375741101257e-01,6.089486930297114409e-01,5.297382567420225730e-01,7.732846829913665454e-01,-4.098755704014017676e-01,6.094924400109333895e-01,-5.101558519689312066e-01,7.396900687523676465e-01,7.638249267443362189e-01,-3.565222173988011334e-01,-4.481849791813329875e-01,5.256602003205588236e-01,4.285093658304273689e-01,-5.574068950798111155e-01,7.373092887593406530e-01,-3.997674480109604245e-01,6.144101218990080104e-01,5.827172137160084864e-01,5.502719716990663867e-01,2.328787374712535385e-01,6.699327138479610477e-01,4.357628625962193802e-01,1.000000000000000000e+00,-1.450454126367172747e-01,6.083662000244038914e-01,7.237969214597509415e-01,2.387250013561047213e-01,-4.330017145397422884e-01,8.177715004469052751e-01,7.678506708863992447e-01,6.950351726307320011e-01,3.040780298760555334e-01,7.541277590827846211e-01,1.036225809924018054e-01,1.622046758926591059e-01,3.089852146635780894e-01,6.351890307915285527e-01,6.770072742226576068e-01
-1.536203590494394366e-01,-3.342675128299541498e-01,-1.810090170061958714e-01,-5.847404209778261919e-01,-6.410446597114717593e-02,7.769544317185528293e-01,-4.818223678907887497e-01,1.301240501539830674e-01,-5.132689013384228449e-01,-5.094129217322502790e-01,6.659673639428685954e-01,5.361934381636082048e-01,-2.488061503187401213e-01,5.795217334826371358e-01,5.729899407429371871e-01,-5.379363074425008717e-01,6.619833745562813121e-01,-4.909416765641139158e-01,-6.287652732731258132e-01,-3.019631114131378080e-01,-4.683826931039886815e-02,-2.897213549675055067e-01,6.591399337397946256e-01,-1.450454126367172747e-01,1.000000000000000000e+00,-1.822025354641540820e-02,-1.692867779833598374e-01,1.508105556466695085e-01,7.047258976384329632e-01,-4.766019209746523710e-01,-7.089310354968990369e-02,-2.067954785952498820e-01,2.631663317576332650e-01,-4.322887562310456788e-01,5.452516148125939877e-01,5.027036309702000993e-01,3.155674225715038306e-01,-5.158266535400747310e-01,-5.639779523257532068e-01
7.554121941495975934e-01,6.204884556623979641e-01,7.372050827008029827e-01,3.402973003184280310e-01,6.952320224784542813e-01,-2.371585648661782009e-01,5.118478779531022704e-01,-7.061977124389794414e-01,6.306408178545467313e-01,5.703603197804968383e-01,-2.347004086479224649e-01,-4.447054782515510452e-01,2.778645427239844201e-01,3.087830698519574146e-01,-4.864761560381215544e-01,6.309193184474005678e-01,-1.157432319253211689e-01,5.987168144424565019e-01,5.525137223516822793e-01,6.151917440409018223e-01,5.321613673871590233e-01,5.612384196981788920e-01,4.085239949486801914e-01,6.083662000244038914e-01,-1.822025354641540820e-02,1.000000000000000000e+00,6.919375037310014909e-01,7.229282134645111935e-01,-1.311925660138691940e-01,6.397474118109656160e-01,6.710138491465096333e-01,5.935315470945936589e-01,4.261833574942753278e-01,6.076798365331644858e-01,2.733564099075863618e-01,3.019973968199275993e-01,4.479245194309335321e-01,5.934350903925237342e-01,5.052893246391758630e-01
6.516744064312249840e-01,8.556516614943354693e-01,7.261311656173110585e-01,5.437901270142398991e-01,6.677330216898056392e-01,-3.544913941165905302e-01,6.864334610429874139e-01,-6.327432997999148379e-01,7.603563940865210036e-01,7.660385244679169814e-01,-2.861705744150260244e-01,-5.229724058196023595e-01,6.878387258560476614e-01,2.550779919504725934e-01,-5.558296348061616543e-01,6.954177971927480995e-01,-4.249929769343452346e-01,6.519022646276361188e-01,6.493480915591395286e-01,5.883817080072034633e-01,3.787681991751284394e-01,6.725677675504505570e-01,3.494482981299009139e-01,7.237969214597509415e-01,-1.692867779833598374e-01,6.919375037310014909e-01,1.000000000000000000e+00,2.882706518688971098e-01,-3.805708632888203380e-01,7.756353288017324710e-01,8.965587897420277397e-01,8.514782201724543365e-01,2.910632408737351962e-01,7.300479982817396074e-01,2.275614454887390781e-01,2.085423793140444015e-01,4.778818457433202105e-01,5.840326496795344990e-01,6.990943824854958244e-01
5.427701788663332749e-01,2.300079869358508389e-01,5.715487913763096506e-01,6.686681942804775791e-02,5.092870836661618217e-01,8.022705480768515043e-03,2.414785363000374052e-01,-5.971268150173437705e-01,3.400980278457715889e-01,2.544102827218798213e-01,-9.028242217229585920e-02,-2.788991275876974152e-01,-9.562054307369291517e-02,2.486004841918637576e-01,-3.314200234903673103e-01,3.275259386364494096e-01,5.330605454765277584e-02,3.757255354482883503e-01,2.898350105512184638e-01,5.346614686555966056e-01,6.409727953845334447e-01,3.941147125910723359e-01,3.407828038280169003e-01,2.387250013561047213e-01,1.508105556466695085e-01,7.229282134645111935e-01,2.882706518688971098e-01,1.000000000000000000e+00,3.091769213733642011e-02,2.857960448575979640e-01,2.861291742548291994e-01,1.326911857816809315e-01,4.978615441537705966e-01,3.444218260199796711e-01,2.385535998292261095e-01,3.059353273851099231e-01,2.328037279497863765e-01,4.485734177201994854e-01,2.407125252701680651e-01
-2.437073735328179336e-01,-4.781407857768424363e-01,-4.289372678125212279e-01,-7.806441435795806738e-01,-3.906683927376485843e-01,7.589152432264600900e-01,-6.679532419717842950e-01,3.565427213193318456e-01,-7.145099541128353549e-01,-7.661898000504900885e-01,6.194234442474587654e-01,6.253184077460982593e-01,-3.878253932151200511e-01,4.351699623500104863e-01,7.550342971684245175e-01,-7.414051368896704686e-01,7.861997527467056157e-01,-6.776074739936184255e-01,-7.236974753878707700e-01,-5.478992234029904651e-01,-2.617070057138686234e-01,-6.251533128267314776e-01,2.552708482247366684e-01,-4.330017145397422884e-01,7.047258976384329632e-01,-1.311925660138691940e-01,-3.805708632888203380e-01,3.091769213733642011e-02,1.000000000000000000e+00,-6.782363941208984226e-01,-3.196781039547900161e-01,-2.962042996565336095e-01,6.730920583316273020e-02,-7.214163829594315569e-01,5.892903659394929106e-01,5.580732892058816175e-01,3.455113527191665534e-01,-7.527226473998946954e-01,-8.213377296695396623e-01
7.111881974087327363e-01,8.663385386742723515e-01,7.396029421952011740e-01,7.415358022760656365e-01,7.603759384967392343e-01,-6.391209674862659007e-01,8.106445665647692422e-01,-6.356742947585111159e-01,9.332628451438749195e-01,9.352775734574046984e-01,-5.773239569485072442e-01,-6.957186157881576349e-01,5.714021483838546134e-01,8.173773338797632459e-02,-8.006128611274739848e-01,9.301551557080834920e-01,-6.169523962686991325e-01,8.033750125972037859e-01,8.293916383785355784e-01,6.880261979177701992e-01,3.713073930374780063e-01,7.759888663282302756e-01,1.525555982073861505e-01,8.177715004469052751e-01,-4.766019209746523710e-01,6.397474118109656160e-01,7.756353288017324710e-01,2.857960448575979640e-01,-6.782363941208984226e-01,1.000000000000000000e+00,7.624331395743251250e-01,7.536553462399356862e-01,2.334943693975027046e-01,8.784956849902780807e-01,-7.963179336962757093e-02,-2.777528956452475842e-02,1.955705988933901518e-01,8.585988695978608032e-01,8.938596964762239860e-01
6.863238905482905716e-01,8.443127121463017692e-01,6.386591483927313018e-01,4.534827264049224871e-01,6.802182849444454726e-01,-2.828530347590953453e-01,6.441413439664784857e-01,-5.394884740224538122e-01,7.149776634110730500e-01,7.360465177661111857e-01,-2.146283069647949293e-01,-4.518482981579100000e-01,5.952424276371167666e-01,3.532847297716886770e-01,-4.942224508801214555e-01,6.615750594865964507e-01,-3.226006440794640939e-01,5.843149537026247620e-01,5.650676663157850887e-01,5.182194329235872976e-01,2.499431097924250944e-01,6.076815810504629933e-01,4.092280871805841769e-01,7.678506708863992447e-01,-7.089310354968990369e-02,6.710138491465096333e-01,8.965587897420277397e-01,2.861291742548291994e-01,-3.196781039547900161e-01,7.624331395743251250e-01,1.000000000000000000e+00,8.443391477311987803e-01,2.340309129419601009e-01,6.816102601807625394e-01,2.503434346945982436e-01,2.168083998264470069e-01,4.563696197711011315e-01,5.579488524300435515e-01,6.482827365627793492e-01
6.306197712521053322e-01,8.844849196647124323e-01,5.934564728170212966e-01,4.718822338487817514e-01,5.519002793999384648e-01,-3.202945487412259817e-01,6.190999163585803045e-01,-4.903893114908536854e-01,7.195578296139055752e-01,7.062435660194231746e-01,-1.988612528247922229e-01,-4.367662491709490835e-01,6.330820928501293965e-01,2.817237318332482254e-01,-4.619410539407060590e-01,6.269611418401581648e-01,-3.329769121866730797e-01,5.692214941935921368e-01,5.743251184671434029e-01,4.603409646344880368e-01,1.767949249352088470e-01,5.373609198088403760e-01,3.098748028439504698e-01,6.950351726307320011e-01,-2.067954785952498820e-01,5.935315470945936589e-01,8.514782201724543365e-01,1.326911857816809315e-01,-2.962042996565336095e-01,7.536553462399356862e-01,8.443391477311987803e-01,1.000000000000000000e+00,1.120733112170370915e-01,6.150816841735228246e-01,3.159824264837594043e-01,2.006727038072490255e-01,6.094852388405980204e-01,4.784563799625082825e-01,6.242641594241898906e-01
2.454009960304284477e-01,1.183572385512495495e-01,6.253429623947561744e-01,1.266167671386261503e-02,6.418414083448596985e-01,6.912211908058424337e-02,9.495041072113699632e-02,-6.730211165504952353e-01,1.812653926516066549e-01,1.742003224360543501e-01,-2.361044198615524226e-01,-2.698094254634007538e-01,-3.639142883262599243e-02,4.813079597280155997e-01,-2.549187308196332880e-01,2.433260216192014991e-01,-1.009439399695857657e-02,5.930440166838830962e-02,7.827558593477200455e-02,2.360611400334819698e-01,6.861434993954999007e-01,4.084641132660222218e-01,3.985609221482990794e-01,3.040780298760555334e-01,2.631663317576332650e-01,4.261833574942753278e-01,2.910632408737351962e-01,4.978615441537705966e-01,6.730920583316273020e-02,2.334943693975027046e-01,2.340309129419601009e-01,1.120733112170370915e-01,1.000000000000000000e+00,2.475646700507852238e-01,3.045973283668020892e-01,5.889824118695314858e-01,1.837444096670399762e-01,2.135471727288693333e-01,1.028258167489433383e-01
6.383593330862773474e-01,7.629384961206753246e-01,7.428084405588789574e-01,7.672348513569305917e-01,7.526938114415444581e-01,-6.592919882409402632e-01,7.851761910267980316e-01,-6.517706373395699693e-01,8.961289235061512537e-01,8.883499249141120213e-01,-5.694271079480304198e-01,-6.526022580559232011e-01,5.629251641895105518e-01,1.921819703170500257e-02,-7.617965697308743955e-01,8.746194495696802962e-01,-6.759709095834343096e-01,8.172612909825935912e-01,8.241162561745261073e-01,7.778779829405513269e-01,4.762259745324615157e-01,8.269100159166364872e-01,1.339146949393725250e-01,7.541277590827846211e-01,-4.322887562310456788e-01,6.076798365331644858e-01,7.300479982817396074e-01,3.444218260199796711e-01,-7.214163829594315569e-01,8.784956849902780807e-01,6.816102601807625394e-01,6.150816841735228246e-01,2.475646700507852238e-01,1.000000000000000000e+00,-1.794110086171598062e-01,-1.183588778161195898e-01,8.398487379751297388e-02,8.491684733067027535e-01,8.796674324709946591e-01
2.089165583974757767e-01,1.613031762046091833e-01,1.330231582883078800e-01,-3.958469484491107804e-01,1.463878994267829303e-01,4.423180435738899852e-01,-1.772208425891820538e-01,-1.547101677549384269e-01,-9.028066028879053184e-02,-1.839864753698917110e-01,3.530634457003992144e-01,1.943210816447787093e-01,7.041898319362197012e-02,6.575098262956422523e-01,2.724726804254628543e-01,-2.251928462256567731e-01,3.670596186580613041e-01,-1.908254509718547987e-01,-2.166931105028117588e-01,-1.254279903126432616e-01,3.909813775698392502e-02,-9.234276335351665477e-02,5.394323784179624326e-01,1.036225809924018054e-01,5.452516148125939877e-01,2.733564099075863618e-01,2.275614454887390781e-01,2.385535998292261095e-01,5.892903659394929106e-01,-7.963179336962757093e-02,2.503434346945982436e-01,3.159824264837594043e-01,3.045973283668020892e-01,-1.794110086171598062e-01,1.000000000000000000e+00,7.274099718190746300e-01,8.341969374554299987e-01,-2.798188631694398243e-01,-2.661294093980570707e-01
2.730223862398926671e-01,1.145214836289202842e-01,1.869532378709169440e-01,-4.036768579228103837e-01,2.993354222103327689e-01,3.907396341742954693e-01,-2.075610136811304185e-01,-2.140766613771333260e-01,-1.199746291515937369e-01,-1.631427948308727949e-01,1.137202460346194571e-01,7.420169422994475628e-02,-1.724421659676939750e-02,7.545566739207203444e-01,1.822046464516926534e-01,-1.359222841574873053e-01,3.608145072044273705e-01,-2.863441212528893276e-01,-2.579426607779108926e-01,-1.873974259107610840e-01,1.258577449838484408e-01,-9.207540237432866592e-02,5.156762507416138286e-01,1.622046758926591059e-01,5.027036309702000993e-01,3.019973968199275993e-01,2.085423793140444015e-01,3.059353273851099231e-01,5.580732892058816175e-01,-2.777528956452475842e-02,2.168083998264470069e-01,2.006727038072490255e-01,5.889824118695314858e-01,-1.183588778161195898e-01,7.274099718190746300e-01,1.000000000000000000e+00,5.588643553401155817e-01,-2.082081226321525758e-01,-2.855007205035978157e-01
4.017664654291616677e-01,4.687952756253083164e-01,3.147752753126036307e-01,-8.979206377136979278e-02,2.592743485101889900e-01,2.079966961065815578e-01,1.159032819084110238e-01,-2.959217490315738663e-01,2.064072628638544127e-01,1.161983776048250705e-01,2.430257415895594464e-01,8.573302310749727692e-03,2.936706159755006484e-01,5.343565041021192119e-01,4.602623225093659814e-02,4.425930361055110257e-02,1.276571689447747460e-01,1.238630026663404826e-01,7.521257782926910052e-02,1.169812414932263900e-01,1.003689848475132623e-01,1.273759975857413906e-01,5.332508784382249400e-01,3.089852146635780894e-01,3.155674225715038306e-01,4.479245194309335321e-01,4.778818457433202105e-01,2.328037279497863765e-01,3.455113527191665534e-01,1.955705988933901518e-01,4.563696197711011315e-01,6.094852388405980204e-01,1.837444096670399762e-01,8.398487379751297388e-02,8.341969374554299987e-01,5.588643553401155817e-01,1.000000000000000000e+00,-3.619884780184481204e-02,4.184857971557655321e-02
6.686282947063819648e-01,6.826303106365037010e-01,7.247177123400911913e-01,7.695732370622034857e-01,6.890956224550822684e-01,-6.999153149228768411e-01,7.909921686821140829e-01,-6.548374966185122048e-01,8.827186410007400452e-01,8.838111537603997592e-01,-6.479490318582354913e-01,-7.400107063879974856e-01,3.849748131059188561e-01,-1.589673481602707772e-01,-8.740418734307154880e-01,9.169157504388371072e-01,-6.781260917137296174e-01,8.486596593078079565e-01,8.537177057072377062e-01,7.601175039664377353e-01,5.116776656597239459e-01,7.883668091423700064e-01,2.686268359637860800e-02,6.351890307915285527e-01,-5.158266535400747310e-01,5.934350903925237342e-01,5.840326496795344990e-01,4.485734177201994854e-01,-7.527226473998946954e-01,8.585988695978608032e-01,5.579488524300435515e-01,4.784563799625082825e-01,2.135471727288693333e-01,8.491684733067027535e-01,-2.798188631694398243e-01,-2.082081226321525758e-01,-3.619884780184481204e-02,1.000000000000000000e+00,8.998305198710381259e-01
5.859826734334534493e-01,7.828022749626560861e-01,7.048036623012124968e-01,8.602423440231162788e-01,6.262434646624436274e-01,-7.067896333556834554e-01,8.565880946001328544e-01,-6.029432110129424593e-01,9.265450318643921879e-01,9.429476048471521210e-01,-5.759156717557281091e-01,-7.192074615849454178e-01,5.740490228390624505e-01,-1.818821899729552716e-01,-8.520907235414291181e-01,9.024182053814865379e-01,-7.765629752253927487e-01,8.838234206648267755e-01,8.883909620984523636e-01,7.646913533109561678e-01,4.375735573615356366e-01,8.314695290232798630e-01,1.776339874347408754e-02,6.770072742226576068e-01,-5.639779523257532068e-01,5.052893246391758630e-01,6.990943824854958244e-01,2.407125252701680651e-01,-8.213377296695396623e-01,8.938596964762239860e-01,6.482827365627793492e-01,6.242641594241898906e-01,1.028258167489433383e-01,8.796674324709946591e-01,-2.661294093980570707e-01,-2.855007205035978157e-01,4.184857971557655321e-02,8.998305198710381259e-01,1.000000000000000000e+00
