1.000000000000000000e+00,-7.338142343475939633e-02,8.707982020622707653e-01,-8.110415207292919204e-01,-5.118543939349287086e-01,-8.131169421374048190e-01,-8.500501774353638185e-01,7.521839774623261254e-01,5.916560223613958058e-01,6.852085726930591258e-01,5.320466294062781154e-01,7.238807680905773312e-01,-8.892663167539360813e-01,7.069378399675306790e-01,-7.772082724928740527e-01,9.243126281952429579e-01,5.837446332914180136e-01,7.949494684778530829e-01,6.325527141703674028e-01,7.864075899870940356e-01,-8.122389952883767306e-01,5.997745613156223454e-01,-4.078737921444943737e-01,-9.668392259739649885e-02,8.690864034575324082e-01,9.272413274638993119e-01,9.066452019866770851e-01,8.788136717843502144e-01,-4.335181139079701818e-01,7.788713178561824657e-01,8.264627160250898052e-01,-7.873989273126869026e-01,-3.600777840361042426e-01,-4.270908368925377951e-01,-5.601845478543060475e-01,4.322393512877699129e-01,-6.811604378998309395e-01,7.856965044509317542e-01,6.392407333706729977e-01
-7.338142343475939633e-02,1.000000000000000000e+00,-4.090699476766727627e-01,3.454214050387635626e-01,5.686107886608787743e-01,4.697277644463675461e-01,4.363401615416473422e-01,-5.836762608987176026e-01,3.497744655672050396e-01,3.493591173105934922e-01,6.003884527572508345e-01,-6.348779031992187738e-01,3.236468457919023378e-01,2.663454452867078381e-01,4.874133808516390998e-01,-1.924449865912484792e-01,1.846278527805654823e-01,-4.239182591284446078e-01,-1.190340884287296452e-01,-4.368049241222879409e-01,5.021954503538268444e-01,-6.199775753131102629e-01,6.644247125150530842e-01,5.401676753834616651e-01,-1.526144187903762939e-01,-1.568658829993630488e-01,-1.860403015582229036e-01,-2.983895323373181308e-01,4.282203313281174872e-01,2.760563708819437356e-01,-1.885520524460095604e-01,5.699964384564337738e-01,3.082457941004552310e-02,5.746985376228704867e-01,3.527414676221324319e-01,3.711331323292946238e-01,6.019891664527620145e-01,-5.357205408904350957e-02,2.370445760442631000e-01
8.707982020622707653e-01,-4.090699476766727627e-01,1.000000000000000000e+00,-8.666578960889014249e-01,-6.170795986688480950e-01,-9.517767683404489976e-01,-9.278116698157327091e-01,9.048906725893186564e-01,4.629157947411358665e-01,4.114166906187644579e-01,2.888712039713755564e-01,8.916629357766190367e-01,-9.430339983873097243e-01,5.711607564362465306e-01,-9.029733006577578269e-01,8.701709051458269562e-01,4.224643901748297847e-01,9.161815161252521156e-01,6.846662762791834167e-01,9.178449479526229471e-01,-9.487291148600848212e-01,7.641584662526208493e-01,-6.253324676328065879e-01,-2.854363263754123858e-01,8.681333915536214585e-01,9.049852577328618697e-01,9.291400908053265573e-01,9.618891717802038333e-01,-6.931214610091219752e-01,5.786717378896084618e-01,8.917778496273521815e-01,-9.445357078022121877e-01,-4.992974201470212758e-01,-5.461641620901700467e-01,-7.428296318205503956e-01,2.153529933329691726e-01,-8.943300274672556505e-01,7.717004456255939226e-01,5.864781199257192990e-01
-8.110415207292919204e-01,3.454214050387635626e-01,-8.666578960889014249e-01,1.000000000000000000e+00,7.413674425396089562e-01,8.635625542527096687e-01,8.832418213110787564e-01,-8.470205851913893413e-01,-3.864804085333471417e-01,-3.470309417833607468e-01,-3.153206804755439574e-01,-7.881537738240214086e-01,8.892100533130101736e-01,-5.069722679538484211e-01,7.702210440105187184e-01,-7.705773198517121836e-01,-4.411530995601044558e-01,-6.919287596780984151e-01,-5.126061609912885286e-01,-8.540626062970249066e-01,8.737551997414821914e-01,-6.485094279899908942e-01,5.506628378692387527e-01,2.259707099871585967e-01,-7.961829401492276359e-01,-8.420844611586870698e-01,-8.582899213479631140e-01,-8.458179521257961353e-01,6.240224945810991519e-01,-5.307895849653168074e-01,-8.197144821986124263e-01,8.446749317036328364e-01,5.197374092039173110e-01,6.080981225084454156e-01,6.699997056572979393e-01,-3.695918727395485770e-01,7.723737677779870525e-01,-7.788916383803697885e-01,-6.428942858579949071e-01
-5.118543939349287086e-01,5.686107886608787743e-01,-6.170795986688480950e-01,7.413674425396089562e-01,1.000000000000000000e+00,6.957833788533669406e-01,7.271270049880891317e-01,-8.149386147408024250e-01,1.417783782756745770e-01,-4.461553692840122994e-03,1.543668149794570066e-01,-7.520238663536278345e-01,6.321505637308263426e-01,3.105450996296935454e-02,7.061855688699687494e-01,-5.102474662411946582e-01,-8.264691184675333757e-02,-4.821100286354925712e-01,-2.410839500114132228e-01,-7.073624612521336452e-01,7.486007684913527083e-01,-6.906577252593540939e-01,6.597699496433572230e-01,4.384973763213214082e-01,-4.831614657663795276e-01,-5.429069159547236234e-01,-5.533150889326305943e-01,-5.493461807019934806e-01,5.318520323881406053e-01,-8.588524148001096259e-02,-4.463925036479273190e-01,7.321225501040572459e-01,3.675694468994803454e-01,8.639419936301189207e-01,5.387567217118264251e-01,3.580545485156391705e-02,7.147158581549287737e-01,-4.474564669322996791e-01,-2.124409021391420460e-01
-8.131169421374048190e-01,4.697277644463675461e-01,-9.517767683404489976e-01,8.635625542527096687e-01,6.957833788533669406e-01,1.000000000000000000e+00,9.303323517689380262e-01,-9.455981362597948303e-01,-3.778442836183119602e-01,-2.956253058195130179e-01,-2.141850121230698123e-01,-8.844566035995712339e-01,9.246333747421289218e-01,-4.551870380722171094e-01,9.215719222956646473e-01,-8.156451075423283292e-01,-2.805495535043615041e-01,-8.808514864156482549e-01,-6.524861936800628870e-01,-9.396839713532623151e-01,9.685619517565406955e-01,-7.916892574046163755e-01,7.443662384295925971e-01,3.426261042797710266e-01,-7.896129353316982957e-01,-8.710255785245325511e-01,-8.884627752908269560e-01,-9.351189162743090977e-01,7.962256533291773852e-01,-5.007170160397291792e-01,-8.375933355576463679e-01,9.581072334631132170e-01,5.892703365934125470e-01,6.041539198020999812e-01,8.024064820892251593e-01,-1.216584238980612520e-01,9.327402429836292308e-01,-7.392480454781605870e-01,-5.427353870164003391e-01
-8.500501774353638185e-01,4.363401615416473422e-01,-9.278116698157327091e-01,8.832418213110787564e-01,7.271270049880891317e-01,9.303323517689380262e-01,1.000000000000000000e+00,-9.289842281820346326e-01,-3.877069389836941826e-01,-3.640815463860788692e-01,-2.218139019181054883e-01,-8.887027643204571392e-01,9.347675447387318037e-01,-4.975099890241687084e-01,9.084205807755139084e-01,-8.331138648663171109e-01,-4.112679274254631423e-01,-8.520120774465470559e-01,-5.517103582102812487e-01,-8.998029684338227918e-01,9.449298418348763828e-01,-7.295384704940193199e-01,6.418945133800154634e-01,3.302486310593709118e-01,-8.360478442258730825e-01,-8.654936872880625298e-01,-9.008622683479587945e-01,-9.009647994232564683e-01,6.640153422503333180e-01,-5.227242657942461346e-01,-8.392792980749960163e-01,9.340970313689519466e-01,5.012705268082926491e-01,5.918659723459210875e-01,6.892129896928167465e-01,-2.001670793976650098e-01,8.557834033824329723e-01,-7.182708013977815442e-01,-5.344682705001393419e-01
7.521839774623261254e-01,-5.836762608987176026e-01,9.048906725893186564e-01,-8.470205851913893413e-01,-8.149386147408024250e-01,-9.455981362597948303e-01,-9.289842281820346326e-01,1.000000000000000000e+00,1.854837214415570312e-01,1.949905896151510054e-01,4.069575355465586408e-02,9.247880695932267914e-01,-8.808069458569206533e-01,3.017825086409017810e-01,-9.329294451639886798e-01,7.613091306278271242e-01,2.328062861322858779e-01,8.283112470734048660e-01,5.456797079812876206e-01,9.315523879565629217e-01,-9.674504332007264340e-01,8.354300572983873741e-01,-7.629441500360478745e-01,-4.406645919577937276e-01,7.423167899015934434e-01,7.997737376784541663e-01,8.236377665454370778e-01,8.635707700993165981e-01,-7.415911582805799762e-01,3.554768816103499596e-01,7.541981722169541769e-01,-9.591526655240900645e-01,-5.281469792641448890e-01,-7.238681299972518079e-01,-7.431120253074230408e-01,3.064846848761131753e-02,-9.376769312308816939e-01,6.500415297270970560e-01,4.139681097967501389e-01
5.916560223613958058e-01,3.497744655672050396e-01,4.629157947411358665e-01,-3.864804085333471417e-01,1.417783782756745770e-01,-3.778442836183119602e-01,-3.877069389836941826e-01,1.854837214415570312e-01,1.000000000000000000e+00,6.843779098389172200e-01,7.340103713402855723e-01,1.733161574228322677e-01,-5.131134968485869807e-01,8.411582667740448160e-01,-2.458149603469665101e-01,5.760624584172624463e-01,5.196094539197507745e-01,4.810173866640113927e-01,5.275311565617589737e-01,3.321397461026088238e-01,-3.094875099707833366e-01,2.541134118860887900e-02,1.029686509740495581e-01,3.331932884505203751e-01,6.123424649100359662e-01,5.605182791882575843e-01,5.861959939752190429e-01,5.511483781987080999e-01,-2.368336735761834289e-01,8.013034497624004215e-01,6.256189001909888692e-01,-2.842313971599764733e-01,-3.107075203665571883e-01,2.929332104005623605e-01,-2.649159421001667791e-01,4.831472162550765059e-01,-1.819357560481540403e-01,5.333405299407356637e-01,6.729912736894820835e-01
6.852085726930591258e-01,3.493591173105934922e-01,4.114166906187644579e-01,-3.470309417833607468e-01,-4.461553692840122994e-03,-2.956253058195130179e-01,-3.640815463860788692e-01,1.949905896151510054e-01,6.843779098389172200e-01,1.000000000000000000e+00,6.042899863388416781e-01,2.332646623837110189e-01,-4.647962721337482450e-01,7.396397779334152878e-01,-2.672975012772793035e-01,7.185601063554376555e-01,5.855898429770020064e-01,4.125437363876812702e-01,3.882251190404346630e-01,2.411408551587759241e-01,-2.712806049666226516e-01,1.032816981743339413e-01,9.310814304249312445e-02,3.020279910206279950e-01,5.778084545662176552e-01,5.411756464848741510e-01,5.101565397338497787e-01,4.642985510761014067e-01,5.072693825957743513e-02,8.702495657224486036e-01,4.514359226601906139e-01,-2.741486354396070468e-01,4.300833439934435842e-02,8.938677355797862434e-03,-9.606382186744807927e-02,5.375393688436499451e-01,-1.344626759956074613e-01,4.185407093701524195e-01,4.152758415905716260e-01
5.320466294062781154e-01,6.003884527572508345e-01,2.888712039713755564e-01,-3.153206804755439574e-01,1.543668149794570066e-01,-2.141850121230698123e-01,-2.218139019181054883e-01,4.069575355465586408e-02,7.340103713402855723e-01,6.042899863388416781e-01,1.000000000000000000e+00,-1.226875578639132457e-02,-3.807513813853251050e-01,7.169442661706884046e-01,-8.178622618565067892e-02,3.950719630119047809e-01,6.096167523517282971e-01,2.217101497264794274e-01,3.749893041846082964e-01,2.032761341260970467e-01,-1.602808394441318229e-01,-1.082667791157609083e-01,1.861749376777581677e-01,4.164720795345888127e-01,4.571503684618233865e-01,5.594355413160355672e-01,4.784529270786970212e-01,4.066218293002694106e-01,-3.706291833542030290e-02,6.845113536486810979e-01,4.848031415854077708e-01,-7.740188375599123261e-02,-3.052425311353739734e-01,2.860267025620391035e-01,-1.447486977114737505e-01,6.327541711100705957e-01,-1.711063853780591662e-03,6.519884111681847338e-01,7.349271613145759163e-01
7.238807680905773312e-01,-6.348779031992187738e-01,8.916629357766190367e-01,-7.881537738240214086e-01,-7.520238663536278345e-01,-8.844566035995712339e-01,-8.887027643204571392e-01,9.247880695932267914e-01,1.733161574228322677e-01,2.332646623837110189e-01,-1.226875578639132457e-02,1.000000000000000000e+00,-8.341002409656227412e-01,3.124552761910253662e-01,-8.727885430769506403e-01,7.647555397769956187e-01,3.161307312537831593e-01,8.421040625530197277e-01,5.404732617477272516e-01,8.435865227844476788e-01,-9.094810283710826893e-01,8.559940631756048912e-01,-6.841542149526992356e-01,-4.272102086066624782e-01,7.570236419946231310e-01,7.652719215640210182e-01,7.820229446289417297e-01,8.251784102670146614e-01,-6.133109881876365188e-01,3.292062272015997548e-01,7.256390166667366914e-01,-9.368922098043316327e-01,-3.356306486464366579e-01,-6.963241393834401771e-01,-6.661069661285541343e-01,-2.833911407992018711e-02,-9.073772208439712106e-01,5.987307303923052881e-01,3.235362569436784352e-01
-8.892663167539360813e-01,3.236468457919023378e-01,-9.430339983873097243e-01,8.892100533130101736e-01,6.321505637308263426e-01,9.246333747421289218e-01,9.347675447387318037e-01,-8.808069458569206533e-01,-5.131134968485869807e-01,-4.647962721337482450e-01,-3.807513813853251050e-01,-8.341002409656227412e-01,1.000000000000000000e+00,-6.250998411539093746e-01,8.654513268284350636e-01,-8.612284565088540456e-01,-5.151547872346163848e-01,-8.519616183563143430e-01,-5.839173712709943009e-01,-8.821298021748792406e-01,9.216493999093102740e-01,-6.433299489415930106e-01,5.786475970037042726e-01,2.030406899031283741e-01,-8.874053600869883374e-01,-9.107759742803951397e-01,-9.484434222099774603e-01,-9.481937705723069154e-01,6.597249569933810731e-01,-6.360438590465501418e-01,-9.004894586815600510e-01,9.042042322089439699e-01,5.279239804119250090e-01,4.987144031500136965e-01,6.772438612079968445e-01,-3.322671302465566301e-01,8.144397692112707032e-01,-8.034474822649940728e-01,-6.599347980225854782e-01
7.069378399675306790e-01,2.663454452867078381e-01,5.711607564362465306e-01,-5.069722679538484211e-01,3.105450996296935454e-02,-4.551870380722171094e-01,-4.975099890241687084e-01,3.017825086409017810e-01,8.411582667740448160e-01,7.396397779334152878e-01,7.169442661706884046e-01,3.124552761910253662e-01,-6.250998411539093746e-01,1.000000000000000000e+00,-3.633001516599223546e-01,6.704920974992796268e-01,7.227629240636938013e-01,5.273981585936562411e-01,4.555217742667594938e-01,4.074906429928034091e-01,-4.137423486082855706e-01,8.060467353012380765e-02,4.614470517170946029e-02,3.775313289072541045e-01,7.129175040196359392e-01,6.522771224521136668e-01,6.889647124439309822e-01,6.461260433347146837e-01,-1.911367261384266103e-01,8.410868976659123808e-01,6.950640964406451516e-01,-3.988222178776824611e-01,-2.638763776341751521e-01,1.371512382527643181e-01,-2.341792381083238894e-01,6.114650327423970522e-01,-2.558733028143941324e-01,6.150940394223538554e-01,6.924463213696088193e-01
-7.772082724928740527e-01,4.874133808516390998e-01,-9.029733006577578269e-01,7.702210440105187184e-01,7.061855688699687494e-01,9.215719222956646473e-01,9.084205807755139084e-01,-9.329294451639886798e-01,-2.458149603469665101e-01,-2.672975012772793035e-01,-8.178622618565067892e-02,-8.727885430769506403e-01,8.654513268284350636e-01,-3.633001516599223546e-01,1.000000000000000000e+00,-7.814677559307774413e-01,-2.208174660094166519e-01,-8.808625138859970116e-01,-5.726598340029441792e-01,-9.062480171515443494e-01,9.403681425285775886e-01,-7.891112449902336623e-01,7.201469148152336297e-01,4.375945389720258261e-01,-7.523736062116944678e-01,-7.904125647536490717e-01,-8.290463143734351226e-01,-8.653818862479250029e-01,7.031137035324491746e-01,-4.143880277417528180e-01,-7.619843303542163104e-01,9.339733530601607159e-01,5.086649450676469231e-01,6.568058264178364691e-01,6.994178637115564534e-01,-4.933736042001295868e-02,8.946923799050798820e-01,-5.939398479884869797e-01,-3.874266434670859405e-01
9.243126281952429579e-01,-1.924449865912484792e-01,8.701709051458269562e-01,-7.705773198517121836e-01,-5.102474662411946582e-01,-8.156451075423283292e-01,-8.331138648663171109e-01,7.613091306278271242e-01,5.760624584172624463e-01,7.185601063554376555e-01,3.950719630119047809e-01,7.647555397769956187e-01,-8.612284565088540456e-01,6.704920974992796268e-01,-7.814677559307774413e-01,1.000000000000000000e+00,5.021755835378831634e-01,8.313540635839958837e-01,6.580581228379288605e-01,7.655049755005578493e-01,-8.085754800929162434e-01,6.425730771283052478e-01,-4.374444815490836636e-01,-1.104569059214763616e-01,8.525786798577817960e-01,8.643423058746213528e-01,8.545243352969966733e-01,8.661977375150577974e-01,-4.784008769608875111e-01,7.720790238962083052e-01,7.874942688608924657e-01,-8.176047836812290193e-01,-3.056601428191623171e-01,-4.572081256732988264e-01,-5.527681768334298251e-01,3.257328193782653147e-01,-7.213678382336479178e-01,6.794348074121608905e-01,5.169844124243514472e-01
5.837446332914180136e-01,1.846278527805654823e-01,4.224643901748297847e-01,-4.411530995601044558e-01,-8.264691184675333757e-02,-2.805495535043615041e-01,-4.112679274254631423e-01,2.328062861322858779e-01,5.196094539197507745e-01,5.855898429770020064e-01,6.096167523517282971e-01,3.161307312537831593e-01,-5.151547872346163848e-01,7.227629240636938013e-01,-2.208174660094166519e-01,5.021755835378831634e-01,1.000000000000000000e+00,3.440458763704016820e-01,1.971509523443999989e-01,2.445242436688716547e-01,-2.934185485939102001e-01,4.947899108231493606e-03,1.952349680812699162e-01,3.191793048117432252e-01,6.696638671703302181e-01,5.377901734509170639e-01,5.496778651153512163e-01,4.765423693304027264e-01,9.624625365315729597e-02,5.835834790587033361e-01,5.566843223464046364e-01,-2.823707963691967082e-01,-3.504863377182468320e-02,3.535813287582297709e-02,-3.201001534630126821e-02,5.766823092254289573e-01,-1.311133302250594157e-01,5.503582218536511306e-01,5.359202412714442199e-01
7.949494684778530829e-01,-4.239182591284446078e-01,9.161815161252521156e-01,-6.919287596780984151e-01,-4.821100286354925712e-01,-8.808514864156482549e-01,-8.520120774465470559e-01,8.283112470734048660e-01,4.810173866640113927e-01,4.125437363876812702e-01,2.217101497264794274e-01,8.421040625530197277e-01,-8.519616183563143430e-01,5.273981585936562411e-01,-8.808625138859970116e-01,8.313540635839958837e-01,3.440458763704016820e-01,1.000000000000000000e+00,7.388870810259634547e-01,8.261859034014628067e-01,-8.701202412351286553e-01,7.403171250474924747e-01,-5.982585145258869641e-01,-2.805849166346359169e-01,8.105774130054159698e-01,8.247416247561262237e-01,8.392238491371574183e-01,8.926624214310857619e-01,-6.270841157705321356e-01,5.346388526349579173e-01,8.069211984023270112e-01,-8.885392744231120910e-01,-4.041602366652123357e-01,-4.435631540845592080e-01,-6.658129657554620051e-01,4.184216003128662931e-02,-8.457589261655213964e-01,6.398187761711597865e-01,4.368076245993089413e-01
6.325527141703674028e-01,-1.190340884287296452e-01,6.846662762791834167e-01,-5.126061609912885286e-01,-2.410839500114132228e-01,-6.524861936800628870e-01,-5.517103582102812487e-01,5.456797079812876206e-01,5.275311565617589737e-01,3.882251190404346630e-01,3.749893041846082964e-01,5.404732617477272516e-01,-5.839173712709943009e-01,4.555217742667594938e-01,-5.726598340029441792e-01,6.580581228379288605e-01,1.971509523443999989e-01,7.388870810259634547e-01,1.000000000000000000e+00,6.371913885468253325e-01,-6.165216418958574529e-01,6.273512067839861484e-01,-3.474770205000222156e-01,-1.345150112685219723e-01,5.817304921496619929e-01,6.985653601775770882e-01,6.040739279009326168e-01,6.877833743130014055e-01,-4.865412868012758407e-01,4.956473482069579384e-01,6.585370751068021500e-01,-6.020296852216869832e-01,-3.838800131147531713e-01,-2.853782616009379880e-01,-5.697282449021541240e-01,-1.789103600998294755e-03,-6.459435723052761036e-01,5.542473885803858025e-01,3.875308979844855339e-01
7.864075899870940356e-01,-4.368049241222879409e-01,9.178449479526229471e-01,-8.540626062970249066e-01,-7.073624612521336452e-01,-9.396839713532623151e-01,-8.998029684338227918e-01,9.315523879565629217e-01,3.321397461026088238e-01,2.411408551587759241e-01,2.032761341260970467e-01,8.435865227844476788e-01,-8.821298021748792406e-01,4.074906429928034091e-01,-9.062480171515443494e-01,7.655049755005578493e-01,2.445242436688716547e-01,8.261859034014628067e-01,6.371913885468253325e-01,1.000000000000000000e+00,-9.553321726368966260e-01,7.981417785661252262e-01,-6.882421466455981296e-01,-3.729872186919884758e-01,7.643520831652631520e-01,8.418279337103130588e-01,8.675763971754899551e-01,9.014541967780324017e-01,-7.616444814718532630e-01,4.324036745187745390e-01,8.229472526993452108e-01,-9.114207623851888762e-01,-6.124134632720298344e-01,-6.055291507380928806e-01,-7.824482116878567206e-01,1.400149199726749560e-01,-9.043244634186179409e-01,7.276064126415007216e-01,5.497312100090538944e-01
-8.122389952883767306e-01,5.021954503538268444e-01,-9.487291148600848212e-01,8.737551997414821914e-01,7.486007684913527083e-01,9.685619517565406955e-01,9.449298418348763828e-01,-9.674504332007264340e-01,-3.094875099707833366e-01,-2.712806049666226516e-01,-1.602808394441318229e-01,-9.094810283710826893e-01,9.216493999093102740e-01,-4.137423486082855706e-01,9.403681425285775886e-01,-8.085754800929162434e-01,-2.934185485939102001e-01,-8.701202412351286553e-01,-6.165216418958574529e-01,-9.553321726368966260e-01,1.000000000000000000e+00,-8.156623107639516812e-01,7.288655524174454392e-01,3.931210958531633493e-01,-7.970095147904040500e-01,-8.595080895022937373e-01,-8.847892227669892362e-01,-9.200625736245737762e-01,7.565621623446826538e-01,-4.508097930353494043e-01,-8.295462467350210867e-01,9.633510426694998907e-01,5.629708873849788020e-01,6.500936829012248230e-01,7.705560716439525670e-01,-1.182060681351574660e-01,9.352058109267563646e-01,-7.187788829135459689e-01,-5.100664845313839235e-01
5.997745613156223454e-01,-6.199775753131102629e-01,7.641584662526208493e-01,-6.485094279899908942e-01,-6.906577252593540939e-01,-7.916892574046163755e-01,-7.295384704940193199e-01,8.354300572983873741e-01,2.541134118860887900e-02,1.032816981743339413e-01,-1.082667791157609083e-01,8.559940631756048912e-01,-6.433299489415930106e-01,8.060467353012380765e-02,-7.891112449902336623e-01,6.425730771283052478e-01,4.947899108231493606e-03,7.403171250474924747e-01,6.273512067839861484e-01,7.981417785661252262e-01,-8.156623107639516812e-01,1.000000000000000000e+00,-7.333640937526265668e-01,-5.574011732238706163e-01,5.214541350798357344e-01,6.625781296967194756e-01,6.040772520757617947e-01,6.859133430403143716e-01,-5.777146128329528896e-01,1.710185029294508663e-01,5.562341655782662153e-01,-8.241315888302203074e-01,-2.707612368854740992e-01,-7.034335047472793923e-01,-7.066523563875791725e-01,-2.023486896493025822e-01,-8.853041976049813577e-01,4.881416186701931781e-01,1.555963743926409015e-01
-4.078737921444943737e-01,6.644247125150530842e-01,-6.253324676328065879e-01,5.506628378692387527e-01,6.597699496433572230e-01,7.443662384295925971e-01,6.418945133800154634e-01,-7.629441500360478745e-01,1.029686509740495581e-01,9.310814304249312445e-02,1.861749376777581677e-01,-6.841542149526992356e-01,5.786475970037042726e-01,4.614470517170946029e-02,7.201469148152336297e-01,-4.374444815490836636e-01,1.952349680812699162e-01,-5.982585145258869641e-01,-3.474770205000222156e-01,-6.882421466455981296e-01,7.288655524174454392e-01,-7.333640937526265668e-01,1.000000000000000000e+00,5.537348690112375849e-01,-2.805056984096482853e-01,-5.035359232189339229e-01,-4.914605787723580477e-01,-5.747206999518928994e-01,7.088827815410866373e-01,-6.873882152799268286e-02,-3.950303355839626662e-01,7.380353874471551334e-01,3.646371753984580244e-01,6.383948087829068863e-01,6.993600901153882443e-01,1.959019917666494637e-01,7.725926486034813134e-01,-4.017594583626677429e-01,-1.338962394662078226e-01
-9.668392259739649885e-02,5.401676753834616651e-01,-2.854363263754123858e-01,2.259707099871585967e-01,4.384973763213214082e-01,3.426261042797710266e-01,3.302486310593709118e-01,-4.406645919577937276e-01,3.331932884505203751e-01,3.020279910206279950e-01,4.164720795345888127e-01,-4.272102086066624782e-01,2.030406899031283741e-01,3.775313289072541045e-01,4.375945389720258261e-01,-1.104569059214763616e-01,3.191793048117432252e-01,-2.805849166346359169e-01,-1.345150112685219723e-01,-3.729872186919884758e-01,3.931210958531633493e-01,-5.574011732238706163e-01,5.537348690112375849e-01,1.000000000000000000e+00,-5.913852242598244269e-02,-1.386343552990153549e-01,-1.560994015197101903e-01,-1.990084242410391224e-01,3.385283947687304784e-01,2.712451831181772466e-01,-1.459964258684224858e-01,4.111781636128296613e-01,7.592649944650901872e-02,4.743666498260855624e-01,3.359641158153371943e-01,2.985102336036303816e-01,4.521897678483708383e-01,-1.461089811910701482e-02,1.557558315389084846e-01
8.690864034575324082e-01,-1.526144187903762939e-01,8.681333915536214585e-01,-7.961829401492276359e-01,-4.831614657663795276e-01,-7.896129353316982957e-01,-8.360478442258730825e-01,7.423167899015934434e-01,6.123424649100359662e-01,5.778084545662176552e-01,4.571503684618233865e-01,7.570236419946231310e-01,-8.874053600869883374e-01,7.129175040196359392e-01,-7.523736062116944678e-01,8.525786798577817960e-01,6.696638671703302181e-01,8.105774130054159698e-01,5.817304921496619929e-01,7.643520831652631520e-01,-7.970095147904040500e-01,5.214541350798357344e-01,-2.805056984096482853e-01,-5.913852242598244269e-02,1.000000000000000000e+00,8.605952042335283103e-01,9.148953957629271105e-01,8.803856576824170554e-01,-4.723666098068352026e-01,6.792451886863968280e-01,8.719531971822321870e-01,-7.880892354960093993e-01,-4.294870369106039143e-01,-3.750284911949580136e-01,-5.077800170069034502e-01,3.538676069403468016e-01,-6.786941485550215258e-01,7.465063463307631819e-01,6.646366688111770005e-01
9.272413274638993119e-01,-1.568658829993630488e-01,9.049852577328618697e-01,-8.420844611586870698e-01,-5.429069159547236234e-01,-8.710255785245325511e-01,-8.654936872880625298e-01,7.997737376784541663e-01,5.605182791882575843e-01,5.411756464848741510e-01,5.594355413160355672e-01,7.652719215640210182e-01,-9.107759742803951397e-01,6.522771224521136668e-01,-7.904125647536490717e-01,8.643423058746213528e-01,5.377901734509170639e-01,8.247416247561262237e-01,6.985653601775770882e-01,8.418279337103130588e-01,-8.595080895022937373e-01,6.625781296967194756e-01,-5.035359232189339229e-01,-1.386343552990153549e-01,8.605952042335283103e-01,1.000000000000000000e+00,9.318407842492821835e-01,9.225458654236180500e-01,-5.433977611477236458e-01,6.740651549487375327e-01,8.679923029790541644e-01,-8.211283350085879507e-01,-4.770081075954548111e-01,-4.371062355852659009e-01,-6.638326667236156275e-01,3.480189373893779470e-01,-7.583993878056835003e-01,8.966602521614018828e-01,7.024910615954161885e-01
9.066452019866770851e-01,-1.860403015582229036e-01,9.291400908053265573e-01,-8.582899213479631140e-01,-5.533150889326305943e-01,-8.884627752908269560e-01,-9.008622683479587945e-01,8.236377665454370778e-01,5.861959939752190429e-01,5.101565397338497787e-01,4.784529270786970212e-01,7.820229446289417297e-01,-9.484434222099774603e-01,6.889647124439309822e-01,-8.290463143734351226e-01,8.545243352969966733e-01,5.496778651153512163e-01,8.392238491371574183e-01,6.040739279009326168e-01,8.675763971754899551e-01,-8.847892227669892362e-01,6.040772520757617947e-01,-4.914605787723580477e-01,-1.560994015197101903e-01,9.148953957629271105e-01,9.318407842492821835e-01,1.000000000000000000e+00,9.480744470920153821e-01,-6.126591819562704488e-01,6.704645450317801014e-01,9.046752887149120959e-01,-8.540551173043787747e-01,-5.287458848098528508e-01,-4.281330915726463959e-01,-6.652157405986525163e-01,3.586108256314139986e-01,-7.657676017327956774e-01,8.471589009397341163e-01,7.421807821313826103e-01
8.788136717843502144e-01,-2.983895323373181308e-01,9.618891717802038333e-01,-8.458179521257961353e-01,-5.493461807019934806e-01,-9.351189162743090977e-01,-9.009647994232564683e-01,8.635707700993165981e-01,5.511483781987080999e-01,4.642985510761014067e-01,4.066218293002694106e-01,8.251784102670146614e-01,-9.481937705723069154e-01,6.461260433347146837e-01,-8.653818862479250029e-01,8.661977375150577974e-01,4.765423693304027264e-01,8.926624214310857619e-01,6.877833743130014055e-01,9.014541967780324017e-01,-9.200625736245737762e-01,6.859133430403143716e-01,-5.747206999518928994e-01,-1.990084242410391224e-01,8.803856576824170554e-01,9.225458654236180500e-01,9.480744470920153821e-01,1.000000000000000000e+00,-6.905456016033644229e-01,6.433017385035216806e-01,9.169263573113125565e-01,-9.002319512923666611e-01,-5.467335474043657495e-01,-4.520367482625177180e-01,-7.347807449273604519e-01,2.713406520550403767e-01,-8.473049788100315283e-01,8.141111660653270743e-01,6.637411044761686307e-01
-4.335181139079701818e-01,4.282203313281174872e-01,-6.931214610091219752e-01,6.240224945810991519e-01,5.318520323881406053e-01,7.962256533291773852e-01,6.640153422503333180e-01,-7.415911582805799762e-01,-2.368336735761834289e-01,5.072693825957743513e-02,-3.706291833542030290e-02,-6.133109881876365188e-01,6.597249569933810731e-01,-1.911367261384266103e-01,7.031137035324491746e-01,-4.784008769608875111e-01,9.624625365315729597e-02,-6.270841157705321356e-01,-4.865412868012758407e-01,-7.616444814718532630e-01,7.565621623446826538e-01,-5.777146128329528896e-01,7.088827815410866373e-01,3.385283947687304784e-01,-4.723666098068352026e-01,-5.433977611477236458e-01,-6.126591819562704488e-01,-6.905456016033644229e-01,1.000000000000000000e+00,-2.310498916718534135e-01,-6.087525349311269096e-01,7.404088859133596268e-01,8.034007921023442744e-01,4.256671912802477142e-01,8.039916232864861012e-01,4.360421582009890717e-02,8.008539251589932295e-01,-4.851880834370339568e-01,-4.543089006272424957e-01
7.788713178561824657e-01,2.760563708819437356e-01,5.786717378896084618e-01,-5.307895849653168074e-01,-8.588524148001096259e-02,-5.007170160397291792e-01,-5.227242657942461346e-01,3.554768816103499596e-01,8.013034497624004215e-01,8.702495657224486036e-01,6.845113536486810979e-01,3.292062272015997548e-01,-6.360438590465501418e-01,8.410868976659123808e-01,-4.143880277417528180e-01,7.720790238962083052e-01,5.835834790587033361e-01,5.346388526349579173e-01,4.956473482069579384e-01,4.324036745187745390e-01,-4.508097930353494043e-01,1.710185029294508663e-01,-6.873882152799268286e-02,2.712451831181772466e-01,6.792451886863968280e-01,6.740651549487375327e-01,6.704645450317801014e-01,6.433017385035216806e-01,-2.310498916718534135e-01,1.000000000000000000e+00,6.376493969233071324e-01,-4.346321208193715258e-01,-2.468380918530542478e-01,-2.756961898064004199e-02,-2.953093168528195811e-01,6.284286732493876704e-01,-3.014328705001139141e-01,5.755708685196533336e-01,6.360156732505707344e-01
8.264627160250898052e-01,-1.885520524460095604e-01,8.917778496273521815e-01,-8.197144821986124263e-01,-4.463925036479273190e-01,-8.375933355576463679e-01,-8.392792980749960163e-01,7.541981722169541769e-01,6.256189001909888692e-01,4.514359226601906139e-01,4.848031415854077708e-01,7.256390166667366914e-01,-9.004894586815600510e-01,6.950640964406451516e-01,-7.619843303542163104e-01,7.874942688608924657e-01,5.566843223464046364e-01,8.069211984023270112e-01,6.585370751068021500e-01,8.229472526993452108e-01,-8.295462467350210867e-01,5.562341655782662153e-01,-3.950303355839626662e-01,-1.459964258684224858e-01,8.719531971822321870e-01,8.679923029790541644e-01,9.046752887149120959e-01,9.169263573113125565e-01,-6.087525349311269096e-01,6.376493969233071324e-01,1.000000000000000000e+00,-7.978830953518568636e-01,-5.409311462292508699e-01,-3.163079398673916964e-01,-6.356495634118117799e-01,3.657102025080576913e-01,-7.280763193793305943e-01,7.837736288471853774e-01,6.950597329150732806e-01
-7.873989273126869026e-01,5.699964384564337738e-01,-9.445357078022121877e-01,8.446749317036328364e-01,7.321225501040572459e-01,9.581072334631132170e-01,9.340970313689519466e-01,-9.591526655240900645e-01,-2.842313971599764733e-01,-2.741486354396070468e-01,-7.740188375599123261e-02,-9.368922098043316327e-01,9.042042322089439699e-01,-3.988222178776824611e-01,9.339733530601607159e-01,-8.176047836812290193e-01,-2.823707963691967082e-01,-8.885392744231120910e-01,-6.020296852216869832e-01,-9.114207623851888762e-01,9.633510426694998907e-01,-8.241315888302203074e-01,7.380353874471551334e-01,4.111781636128296613e-01,-7.880892354960093993e-01,-8.211283350085879507e-01,-8.540551173043787747e-01,-9.002319512923666611e-01,7.404088859133596268e-01,-4.346321208193715258e-01,-7.978830953518568636e-01,1.000000000000000000e+00,4.793106560896194246e-01,6.678600574469082396e-01,7.441352942360140998e-01,-5.254238158943688730e-02,9.401886423900212009e-01,-6.532694089519260894e-01,-4.273916317319426672e-01
-3.600777840361042426e-01,3.082457941004552310e-02,-4.992974201470212758e-01,5.197374092039173110e-01,3.675694468994803454e-01,5.892703365934125470e-01,5.012705268082926491e-01,-5.281469792641448890e-01,-3.107075203665571883e-01,4.300833439934435842e-02,-3.052425311353739734e-01,-3.356306486464366579e-01,5.279239804119250090e-01,-2.638763776341751521e-01,5.086649450676469231e-01,-3.056601428191623171e-01,-3.504863377182468320e-02,-4.041602366652123357e-01,-3.838800131147531713e-01,-6.124134632720298344e-01,5.629708873849788020e-01,-2.707612368854740992e-01,3.646371753984580244e-01,7.592649944650901872e-02,-4.294870369106039143e-01,-4.770081075954548111e-01,-5.287458848098528508e-01,-5.467335474043657495e-01,8.034007921023442744e-01,-2.468380918530542478e-01,-5.409311462292508699e-01,4.793106560896194246e-01,1.000000000000000000e+00,1.892760807661382494e-01,6.344776634353495037e-01,-1.412544435809280352e-01,5.439839963077242047e-01,-5.108666438023056200e-01,-6.272952807027472044e-01
-4.270908368925377951e-01,5.746985376228704867e-01,-5.461641620901700467e-01,6.080981225084454156e-01,8.639419936301189207e-01,6.041539198020999812e-01,5.918659723459210875e-01,-7.238681299972518079e-01,2.929332104005623605e-01,8.938677355797862434e-03,2.860267025620391035e-01,-6.963241393834401771e-01,4.987144031500136965e-01,1.371512382527643181e-01,6.568058264178364691e-01,-4.572081256732988264e-01,3.535813287582297709e-02,-4.435631540845592080e-01,-2.853782616009379880e-01,-6.055291507380928806e-01,6.500936829012248230e-01,-7.034335047472793923e-01,6.383948087829068863e-01,4.743666498260855624e-01,-3.750284911949580136e-01,-4.371062355852659009e-01,-4.281330915726463959e-01,-4.520367482625177180e-01,4.256671912802477142e-01,-2.756961898064004199e-02,-3.163079398673916964e-01,6.678600574469082396e-01,1.892760807661382494e-01,1.000000000000000000e+00,4.682622723710768153e-01,1.455277749471807491e-01,6.706196867550884289e-01,-2.971822508148562192e-01,-2.344718604246102261e-02
-5.601845478543060475e-01,3.527414676221324319e-01,-7.428296318205503956e-01,6.699997056572979393e-01,5.387567217118264251e-01,8.024064820892251593e-01,6.892129896928167465e-01,-7.431120253074230408e-01,-2.649159421001667791e-01,-9.606382186744807927e-02,-1.447486977114737505e-01,-6.661069661285541343e-01,6.772438612079968445e-01,-2.341792381083238894e-01,6.994178637115564534e-01,-5.527681768334298251e-01,-3.201001534630126821e-02,-6.658129657554620051e-01,-5.697282449021541240e-01,-7.824482116878567206e-01,7.705560716439525670e-01,-7.066523563875791725e-01,6.993600901153882443e-01,3.359641158153371943e-01,-5.077800170069034502e-01,-6.638326667236156275e-01,-6.652157405986525163e-01,-7.347807449273604519e-01,8.039916232864861012e-01,-2.953093168528195811e-01,-6.356495634118117799e-01,7.441352942360140998e-01,6.344776634353495037e-01,4.682622723710768153e-01,1.000000000000000000e+00,1.292984556023138269e-02,8.194845512143053012e-01,-6.013043058584991440e-01,-4.597790159781396380e-01
4.322393512877699129e-01,3.711331323292946238e-01,2.153529933329691726e-01,-3.695918727395485770e-01,3.580545485156391705e-02,-1.216584238980612520e-01,-2.001670793976650098e-01,3.064846848761131753e-02,4.831472162550765059e-01,5.375393688436499451e-01,6.327541711100705957e-01,-2.833911407992018711e-02,-3.322671302465566301e-01,6.114650327423970522e-01,-4.933736042001295868e-02,3.257328193782653147e-01,5.766823092254289573e-01,4.184216003128662931e-02,-1.789103600998294755e-03,1.400149199726749560e-01,-1.182060681351574660e-01,-2.023486896493025822e-01,1.959019917666494637e-01,2.985102336036303816e-01,3.538676069403468016e-01,3.480189373893779470e-01,3.586108256314139986e-01,2.713406520550403767e-01,4.360421582009890717e-02,6.284286732493876704e-01,3.657102025080576913e-01,-5.254238158943688730e-02,-1.412544435809280352e-01,1.455277749471807491e-01,1.292984556023138269e-02,1.000000000000000000e+00,8.678328679377197985e-02,4.396198332955041921e-01,6.017795475459396526e-01
-6.811604378998309395e-01,6.019891664527620145e-01,-8.943300274672556505e-01,7.723737677779870525e-01,7.147158581549287737e-01,9.327402429836292308e-01,8.557834033824329723e-01,-9.376769312308816939e-01,-1.819357560481540403e-01,-1.344626759956074613e-01,-1.711063853780591662e-03,-9.073772208439712106e-01,8.144397692112707032e-01,-2.558733028143941324e-01,8.946923799050798820e-01,-7.213678382336479178e-01,-1.311133302250594157e-01,-8.457589261655213964e-01,-6.459435723052761036e-01,-9.043244634186179409e-01,9.352058109267563646e-01,-8.853041976049813577e-01,7.725926486034813134e-01,4.521897678483708383e-01,-6.786941485550215258e-01,-7.583993878056835003e-01,-7.657676017327956774e-01,-8.473049788100315283e-01,8.008539251589932295e-01,-3.014328705001139141e-01,-7.280763193793305943e-01,9.401886423900212009e-01,5.439839963077242047e-01,6.706196867550884289e-01,8.194845512143053012e-01,8.678328679377197985e-02,1.000000000000000000e+00,-6.088655817009628324e-01,-3.661446331653270825e-01
7.856965044509317542e-01,-5.357205408904350957e-02,7.717004456255939226e-01,-7.788916383803697885e-01,-4.474564669322996791e-01,-7.392480454781605870e-01,-7.182708013977815442e-01,6.500415297270970560e-01,5.333405299407356637e-01,4.185407093701524195e-01,6.519884111681847338e-01,5.987307303923052881e-01,-8.034474822649940728e-01,6.150940394223538554e-01,-5.939398479884869797e-01,6.794348074121608905e-01,5.503582218536511306e-01,6.398187761711597865e-01,5.542473885803858025e-01,7.276064126415007216e-01,-7.187788829135459689e-01,4.881416186701931781e-01,-4.017594583626677429e-01,-1.461089811910701482e-02,7.465063463307631819e-01,8.966602521614018828e-01,8.471589009397341163e-01,8.141111660653270743e-01,-4.851880834370339568e-01,5.755708685196533336e-01,7.837736288471853774e-01,-6.532694089519260894e-01,-5.108666438023056200e-01,-2.971822508148562192e-01,-6.013043058584991440e-01,4.396198332955041921e-01,-6.088655817009628324e-01,1.000000000000000000e+00,8.354088680928134503e-01
6.392407333706729977e-01,2.370445760442631000e-01,5.864781199257192990e-01,-6.428942858579949071e-01,-2.124409021391420460e-01,-5.427353870164003391e-01,-5.344682705001393419e-01,4.139681097967501389e-01,6.729912736894820835e-01,4.152758415905716260e-01,7.349271613145759163e-01,3.235362569436784352e-01,-6.599347980225854782e-01,6.924463213696088193e-01,-3.874266434670859405e-01,5.169844124243514472e-01,5.359202412714442199e-01,4.368076245993089413e-01,3.875308979844855339e-01,5.497312100090538944e-01,-5.100664845313839235e-01,1.555963743926409015e-01,-1.338962394662078226e-01,1.557558315389084846e-01,6.646366688111770005e-01,7.024910615954161885e-01,7.421807821313826103e-01,6.637411044761686307e-01,-4.543089006272424957e-01,6.360156732505707344e-01,6.950597329150732806e-01,-4.273916317319426672e-01,-6.272952807027472044e-01,-2.344718604246102261e-02,-4.597790159781396380e-01,6.017795475459396526e-01,-3.661446331653270825e-01,8.354088680928134503e-01,1.000000000000000000e+00
