1.000000000000000000e+00,4.668896756602418652e-01,2.500678389661810108e-01,-3.054187094688036730e-01,2.909073497855064749e-01,-7.062814341689849229e-02,1.683798834664508026e-01,-1.824302445458268473e-01,4.787833412468174843e-01,2.688301727643434558e-01,4.445407622848810553e-02,3.075853406404381873e-01,1.815313221149303102e-01,6.161648120720385202e-02,1.183031139366219203e-01,4.252314862329958922e-01,2.630052488621670848e-01,3.016081465486717961e-01,4.318487585634263048e-01,2.717025640929313646e-01,2.043114611096081279e-01,4.390034579983159019e-02,2.519736793260241026e-01,1.778538159948667430e-01,3.232681721263215291e-01,5.217165159368339911e-01,4.734362605090686738e-01,4.435429660838953736e-01,3.225772632044006105e-01,3.406773424567473008e-01,5.031785513441979774e-01,2.001781187481038449e-01,7.106262335052627999e-02,4.851629031464232411e-01,5.823130679554694433e-01,2.837941014999674216e-01,5.641564010920596672e-01,6.095191519074169006e-01,5.264656754397377680e-01
4.668896756602418652e-01,1.000000000000000000e+00,-1.034567571289006643e-01,1.413425544412814372e-01,-1.363463088039188476e-01,8.886286545502505851e-02,-1.498280298522235154e-01,9.499649805377362310e-02,3.610280166575375871e-01,3.755300470272516233e-01,-2.902375735495592579e-01,1.322833140426359078e-01,-3.826377269134097481e-01,-1.944665319019531213e-01,-1.641905011336157738e-01,2.767134648083856563e-01,-1.064050308787583971e-01,-9.301011645897934443e-02,5.796906265976208006e-02,-1.559027549793595979e-01,-3.935888288924836997e-01,-5.115227299463946942e-01,-7.704510137742286158e-02,-2.117139553388010520e-01,9.389259110702914343e-03,-2.304879528084357865e-01,-1.987180796549429806e-01,-1.757561608481511828e-01,-1.237960170536183679e-01,1.895433984129322180e-01,2.183329702323630328e-01,-2.172627932685222973e-01,-3.539057222370032840e-01,5.734561422497506814e-04,2.024531887498582372e-01,1.951822065461086553e-01,2.943931419320536813e-01,2.530952343568641516e-01,2.974733455876578669e-01
2.500678389661810108e-01,-1.034567571289006643e-01,1.000000000000000000e+00,-3.257493232571714303e-01,6.964741160997008906e-01,-1.677526991972473494e-03,1.998038282063367421e-01,-9.009932225911017056e-01,1.608378868135137696e-01,2.333996251103384045e-01,3.455709655958438264e-01,2.038027115362885111e-02,3.963246519328130768e-01,3.172479826358017285e-01,-1.183751008986526528e-02,3.177525728428488017e-01,1.354868752049111780e-01,3.506011262775732829e-01,4.961177345580235487e-01,5.120710029251323014e-01,5.373848140649485350e-01,5.561197931846825204e-01,3.972708977161487631e-01,2.419131142504649945e-01,4.643738888946259413e-01,4.755758340670010464e-01,4.522870402693497383e-01,3.812494309188509956e-01,2.530913341094955804e-01,1.216443902962227180e-01,2.870982860828485417e-01,2.944856747924032292e-01,6.634800467450397976e-01,3.567101102736993656e-01,3.892623450766355964e-01,4.411813034051292326e-01,2.459985828408186581e-01,3.150072535529167550e-01,3.516222001627698490e-01
-3.054187094688036730e-01,1.413425544412814372e-01,-3.257493232571714303e-01,1.000000000000000000e+00,-3.660433314026537710e-01,-2.257154466179080721e-01,-2.871515898599807382e-01,2.920059944321909406e-01,-9.097891306940698863e-02,-9.452415866306421166e-03,-1.063904406055936475e-01,-2.164360951458479954e-01,-3.923033949834657808e-01,-3.839608712161308723e-01,-3.366159303516425005e-01,-1.630122912087635934e-01,-2.400887728501402418e-01,-2.061529796316385887e-01,-1.935214632171993743e-01,-1.709607546889292118e-01,-3.815026559587038624e-01,-3.951307098934037643e-01,-3.657199261742208329e-01,-4.065309889350077199e-01,-2.212264425755739450e-01,-5.446402587060247269e-01,-4.470100403298968295e-01,-6.508105921921218950e-01,-4.477962939045287971e-01,-1.838928209129284674e-01,-5.143911710388702208e-01,-3.753859601084273967e-01,-3.638347662958484885e-01,-4.565347397488552228e-01,-3.191198923356538542e-01,-4.721677793549176189e-02,-3.694970587534734396e-01,-2.550658047165719200e-01,-1.631269566454073561e-01
2.909073497855064749e-01,-1.363463088039188476e-01,6.964741160997008906e-01,-3.660433314026537710e-01,1.000000000000000000e+00,6.286457006550723141e-03,3.278023559079240590e-01,-6.363541246196228185e-01,4.203728691869889622e-01,3.214179300643644210e-01,3.553597997932413932e-01,7.184311330026623733e-03,4.031831807446046856e-01,4.448174094478787866e-01,-1.305587814480214659e-01,4.408098496687789525e-01,6.948311710660504126e-02,3.516198372088949475e-01,4.728377096963353177e-01,3.838670216097401777e-01,3.668466522945664221e-01,5.713806690028702118e-01,5.923750492918830046e-01,3.781476036629236037e-01,6.017094479754929726e-01,5.896681106030705610e-01,5.965519824671635662e-01,4.242070315689738247e-01,1.105010330608072466e-01,1.213396346738192660e-01,3.548912798705584626e-01,2.218281108685910274e-01,6.728128199943448351e-01,5.148870418713891173e-01,3.673042199767742599e-01,5.395620316665248328e-01,2.099885482875956111e-01,4.779369444973275982e-01,5.264813930225639149e-01
-7.062814341689849229e-02,8.886286545502505851e-02,-1.677526991972473494e-03,-2.257154466179080721e-01,6.286457006550723141e-03,1.000000000000000000e+00,-2.927133375225977607e-01,1.444981117937019569e-02,-1.753850218779204606e-01,-2.274210256015980203e-01,2.127648240668184587e-01,-2.108667801062247826e-01,2.600368278639364483e-02,1.386837393023024334e-01,7.409917832036055918e-02,-1.985745476469777948e-01,2.394795777450847984e-01,-2.940243951335240746e-01,-2.503775990146893116e-01,-1.252790755299726666e-01,-7.966725676931249445e-02,-1.514634169472703906e-01,7.126416145848711581e-02,-1.779562417396597929e-01,-2.152979731875953040e-01,-1.196348143615939552e-01,-2.137325746054794806e-01,5.430615905297014878e-02,2.240826300748834099e-01,-2.326611260915438517e-01,2.586286376437573198e-01,2.775530493242913677e-01,2.690124078909580385e-01,-2.895634872108484026e-01,-3.452105002639094811e-01,-7.497723660366547443e-03,-1.793916493061575509e-02,-3.261321512273235856e-01,-2.471481648888856908e-01
1.683798834664508026e-01,-1.498280298522235154e-01,1.998038282063367421e-01,-2.871515898599807382e-01,3.278023559079240590e-01,-2.927133375225977607e-01,1.000000000000000000e+00,-1.478633092708699082e-01,2.847575997549744997e-01,3.470459345091416181e-01,-6.371661763951515234e-02,2.477137754079253573e-01,3.128116977836238322e-01,1.582443958910966786e-01,-1.670847941523359581e-01,3.410733007556457919e-01,-2.790644429955478900e-01,4.334580696473801509e-01,4.403426361896560226e-01,1.686352058047818347e-01,2.440723068111038951e-01,5.051500972962477132e-01,2.548989013825912475e-01,4.456420423354240379e-01,3.327215612064189365e-01,3.544340294840170880e-01,4.527712768147270639e-01,3.919565373277838494e-01,-1.693101342740544746e-01,3.329328610523215048e-01,2.203504595130651167e-01,-8.882914136749292880e-03,2.657656896356594758e-02,4.743273671564837701e-01,3.666062783647216494e-01,6.591237371262563538e-02,9.040164633888946033e-02,5.144836012483673393e-01,3.744328720812961087e-01
-1.824302445458268473e-01,9.499649805377362310e-02,-9.009932225911017056e-01,2.920059944321909406e-01,-6.363541246196228185e-01,1.444981117937019569e-02,-1.478633092708699082e-01,1.000000000000000000e+00,-1.386570003123490658e-01,-2.071036987600652635e-01,-2.889500875287480119e-01,4.847618036581761297e-02,-3.330843594776218275e-01,-2.396800286839695371e-01,4.108415041438253680e-03,-2.525664988556685087e-01,-6.781201707730880046e-02,-2.525016940714145952e-01,-4.206187424667309771e-01,-4.860769018951248688e-01,-4.919871106374502090e-01,-5.066404515669215014e-01,-3.182991823120220887e-01,-2.130374770878522839e-01,-3.928374280792564788e-01,-3.793917557197261092e-01,-3.913943837264393100e-01,-2.947807777744607671e-01,-2.090556817988597216e-01,-7.807222513887536464e-02,-2.236837636549504904e-01,-2.378273346368289243e-01,-6.056557726785750662e-01,-2.860304530557833402e-01,-3.372595903115529481e-01,-4.022829448756162218e-01,-1.968440442486560915e-01,-2.306205584490541860e-01,-3.185877990888384415e-01
4.787833412468174843e-01,3.610280166575375871e-01,1.608378868135137696e-01,-9.097891306940698863e-02,4.203728691869889622e-01,-1.753850218779204606e-01,2.847575997549744997e-01,-1.386570003123490658e-01,1.000000000000000000e+00,5.028127044736979689e-01,-1.458559368579831206e-01,1.240789859484651564e-01,-1.031687595604909441e-01,7.347415322899338019e-02,-3.803944730333105873e-01,5.450187924307923204e-01,-2.252790743527730288e-01,2.643862042651931588e-01,4.001927071234902544e-01,7.984072730338231949e-02,-8.399681550376768280e-02,6.275975054946129894e-02,3.354341147924196909e-01,1.611421662317275849e-01,3.491549784699412018e-01,2.700898153618083164e-01,3.352751722874366958e-01,1.751521747446778965e-01,-2.305703825718220801e-01,2.517893925317613579e-01,2.738402198600529136e-01,-2.706690991335367058e-01,2.886797588593870666e-03,3.699280938779815342e-01,2.671275152999363911e-01,4.896782730094095815e-01,1.267800934001983848e-01,5.438131868985655037e-01,6.595883852912749479e-01
2.688301727643434558e-01,3.755300470272516233e-01,2.333996251103384045e-01,-9.452415866306421166e-03,3.214179300643644210e-01,-2.274210256015980203e-01,3.470459345091416181e-01,-2.071036987600652635e-01,5.028127044736979689e-01,1.000000000000000000e+00,-1.004791951537059441e-01,3.330607547075730146e-01,-1.857924684125120962e-01,1.445650623543419944e-01,-4.290834520904818761e-01,8.047897846050930948e-01,-3.456489739998596655e-01,4.110788329768126914e-01,5.547968341601718922e-01,-2.825569179286980051e-02,-9.853458096668959998e-02,6.801859817138371234e-02,3.746422823630354837e-01,2.078055236605751421e-01,6.142671508354162757e-01,1.041924154082618653e-01,1.063254523423090847e-01,6.351240151632343844e-02,-3.688760815862386355e-01,4.514153805427924548e-01,1.874541416687217354e-01,-2.972552211109040221e-01,-8.994657877735595664e-02,3.772335275923573983e-01,3.256712582683485291e-01,4.232967979578394768e-01,1.960828148956766104e-01,6.153360825799222278e-01,5.897275200917507787e-01
4.445407622848810553e-02,-2.902375735495592579e-01,3.455709655958438264e-01,-1.063904406055936475e-01,3.553597997932413932e-01,2.127648240668184587e-01,-6.371661763951515234e-02,-2.889500875287480119e-01,-1.458559368579831206e-01,-1.004791951537059441e-01,1.000000000000000000e+00,-3.712701660319584485e-01,4.115794148821070308e-01,6.268530095860269657e-02,5.884827244350471220e-02,-8.135805968025984491e-02,2.384630084788459392e-01,-9.318926570738270132e-02,1.834154965932541514e-01,2.104212624012341548e-01,2.270138537624629971e-01,2.343898662072641526e-01,8.916492408922574442e-02,-9.433496186599775110e-03,3.111532917582023883e-01,3.177628842049114999e-01,3.954941599155771259e-01,6.610343956906898633e-02,2.360375059470853631e-01,-1.954548515486757565e-01,1.508826816522756686e-01,4.099445115344429458e-01,5.761493184107090437e-01,-6.372287985955769896e-02,1.547931721602947494e-02,3.598389582997059133e-01,6.558876511939044918e-02,-4.811114156129973202e-02,1.998318184766329775e-01
3.075853406404381873e-01,1.322833140426359078e-01,2.038027115362885111e-02,-2.164360951458479954e-01,7.184311330026623733e-03,-2.108667801062247826e-01,2.477137754079253573e-01,4.847618036581761297e-02,1.240789859484651564e-01,3.330607547075730146e-01,-3.712701660319584485e-01,1.000000000000000000e+00,1.437149056588452219e-02,3.731737745736420364e-01,1.541492959392744833e-01,4.587879936891404720e-01,1.780234307434958585e-01,6.059563026397130070e-01,3.113550346826209902e-01,6.167713634521720251e-02,2.386988627708991062e-01,1.624797822017525484e-01,2.540331272130065265e-01,1.785292434470172329e-01,2.525526160978305290e-01,3.058342397196652795e-01,8.065331903864081387e-02,4.245833476196663181e-01,1.892322706286405642e-01,5.967050148520279818e-01,2.297106572127645130e-01,4.406537928200540688e-02,-1.289758984361306371e-01,5.356683103232248166e-01,3.953168047243443839e-01,-1.801422912698587564e-01,3.693116079626068693e-01,4.144860382591050163e-01,1.425599348408584932e-02
1.815313221149303102e-01,-3.826377269134097481e-01,3.963246519328130768e-01,-3.923033949834657808e-01,4.031831807446046856e-01,2.600368278639364483e-02,3.128116977836238322e-01,-3.330843594776218275e-01,-1.031687595604909441e-01,-1.857924684125120962e-01,4.115794148821070308e-01,1.437149056588452219e-02,1.000000000000000000e+00,1.215076726590545303e-01,2.389511938355904919e-01,-8.028892549061181216e-02,2.829542308452877020e-01,2.499601073965226905e-01,1.632343567752832791e-01,4.045210007526326423e-01,5.199881426470034373e-01,5.993245821642700921e-01,1.592111393573693578e-01,1.197103392578300202e-01,2.188124215617800461e-01,4.808483519171009579e-01,6.228625210770034615e-01,4.392863444165598374e-01,3.265456349181309337e-01,-6.195179585171798481e-02,2.653477111961717871e-01,7.318706629366091843e-01,5.201131614780086787e-01,2.850337958391448989e-01,3.085414163290054468e-01,6.283631650688559223e-02,1.808200263911287908e-01,7.238972182944271305e-02,2.818630573386454036e-02
6.161648120720385202e-02,-1.944665319019531213e-01,3.172479826358017285e-01,-3.839608712161308723e-01,4.448174094478787866e-01,1.386837393023024334e-01,1.582443958910966786e-01,-2.396800286839695371e-01,7.347415322899338019e-02,1.445650623543419944e-01,6.268530095860269657e-02,3.731737745736420364e-01,1.215076726590545303e-01,1.000000000000000000e+00,1.475155598960254388e-01,3.123838068228816378e-01,2.879690152401273018e-01,4.033253264251929759e-01,2.327103556169583809e-01,1.574272464049011611e-01,3.716069184544397164e-01,4.319387525912693482e-01,6.573291623626029700e-01,4.158483573710070602e-01,4.459834286853722740e-01,4.937806414660307341e-01,1.939127057087365047e-01,4.628369934116738915e-01,3.428875734270549480e-01,2.274035255640641795e-01,2.051434211245355965e-01,1.373692059398312071e-01,4.741220799750668902e-01,5.206617022875577039e-01,3.021447101894533249e-01,1.725148457812429592e-01,3.167386409049143259e-01,3.169173491502211837e-01,6.933376044719571918e-02
1.183031139366219203e-01,-1.641905011336157738e-01,-1.183751008986526528e-02,-3.366159303516425005e-01,-1.305587814480214659e-01,7.409917832036055918e-02,-1.670847941523359581e-01,4.108415041438253680e-03,-3.803944730333105873e-01,-4.290834520904818761e-01,5.884827244350471220e-02,1.541492959392744833e-01,2.389511938355904919e-01,1.475155598960254388e-01,1.000000000000000000e+00,-3.177594824850793476e-01,4.327120524026935589e-01,-1.625170992991566699e-01,-1.982594693248924400e-01,2.192724536174818495e-01,3.370410436103531415e-01,7.141380508781353109e-02,-8.968748346975836949e-02,-6.476614863000352933e-03,-1.112886936304947477e-01,1.642270558278427217e-01,1.422316273259391084e-01,1.857047484174974006e-01,5.022454433380594274e-01,-3.914568955397612626e-02,5.507997798706396747e-02,3.847541168535207889e-01,1.470180798834940517e-01,9.008033873703359673e-02,1.566360865844685923e-01,-2.770178547572931804e-01,2.685699563196533024e-01,-2.257445777118941010e-01,-3.016527948007916571e-01
4.252314862329958922e-01,2.767134648083856563e-01,3.177525728428488017e-01,-1.630122912087635934e-01,4.408098496687789525e-01,-1.985745476469777948e-01,3.410733007556457919e-01,-2.525664988556685087e-01,5.450187924307923204e-01,8.047897846050930948e-01,-8.135805968025984491e-02,4.587879936891404720e-01,-8.028892549061181216e-02,3.123838068228816378e-01,-3.177594824850793476e-01,1.000000000000000000e+00,-5.432660073080439883e-02,6.054297227803581150e-01,6.959756234165065392e-01,1.085917726013238827e-01,7.668999815644020335e-02,1.456303605229035125e-01,5.573912205245090679e-01,3.228136828128634894e-01,6.493522538077609596e-01,3.780495382930136872e-01,2.342081611879800740e-01,3.501951402831479654e-01,-9.272171178602421626e-02,5.378951362872769204e-01,3.339014539405318893e-01,-1.795375942528034396e-01,3.173059619057239794e-02,5.103936281189265234e-01,4.067850033693443113e-01,4.220786007060302603e-01,3.326752054398186553e-01,7.089093747283814473e-01,5.856374908539994095e-01
2.630052488621670848e-01,-1.064050308787583971e-01,1.354868752049111780e-01,-2.400887728501402418e-01,6.948311710660504126e-02,2.394795777450847984e-01,-2.790644429955478900e-01,-6.781201707730880046e-02,-2.252790743527730288e-01,-3.456489739998596655e-01,2.384630084788459392e-01,1.780234307434958585e-01,2.829542308452877020e-01,2.879690152401273018e-01,4.327120524026935589e-01,-5.432660073080439883e-02,1.000000000000000000e+00,1.656001727790638589e-01,9.012366413085939887e-02,3.410408753045281460e-01,3.593944613336826355e-01,3.944440468641208924e-02,1.863805873395547874e-01,2.925296014791099394e-02,7.185323657248500473e-02,3.873686650684046162e-01,2.025265037760559383e-01,3.247563331060108749e-01,6.900343594548680182e-01,-2.117947025163221392e-02,2.838304838295453436e-01,4.598677394439686927e-01,3.297772545063288874e-01,1.197642510208900141e-01,2.387904333599533968e-01,-5.395069726432985546e-02,4.461689116333689697e-01,-3.919829353717178139e-02,-1.346395951439960936e-01
3.016081465486717961e-01,-9.301011645897934443e-02,3.506011262775732829e-01,-2.061529796316385887e-01,3.516198372088949475e-01,-2.940243951335240746e-01,4.334580696473801509e-01,-2.525016940714145952e-01,2.643862042651931588e-01,4.110788329768126914e-01,-9.318926570738270132e-02,6.059563026397130070e-01,2.499601073965226905e-01,4.033253264251929759e-01,-1.625170992991566699e-01,6.054297227803581150e-01,1.656001727790638589e-01,1.000000000000000000e+00,6.297233894760169148e-01,2.966788198355799211e-01,4.329260721254898359e-01,4.578640765112255706e-01,4.355571855198170916e-01,2.796071411540246854e-01,4.571048946592823903e-01,5.084939209646389680e-01,2.998123315163942482e-01,5.493649731167971062e-01,1.363358509805927543e-01,4.741122499954371072e-01,1.902211062775753803e-01,1.143689176808692365e-01,1.203998316507843419e-01,5.754351598545734969e-01,4.449362186037212896e-01,1.207458189671788001e-01,2.859823462958432927e-01,5.708611847514344362e-01,2.432344843162906611e-01
4.318487585634263048e-01,5.796906265976208006e-02,4.961177345580235487e-01,-1.935214632171993743e-01,4.728377096963353177e-01,-2.503775990146893116e-01,4.403426361896560226e-01,-4.206187424667309771e-01,4.001927071234902544e-01,5.547968341601718922e-01,1.834154965932541514e-01,3.113550346826209902e-01,1.632343567752832791e-01,2.327103556169583809e-01,-1.982594693248924400e-01,6.959756234165065392e-01,9.012366413085939887e-02,6.297233894760169148e-01,1.000000000000000000e+00,3.679382924886719919e-01,3.309549611371809252e-01,3.279720073620658316e-01,3.827284390214094056e-01,3.900423539962808439e-01,5.985298878695772817e-01,5.093042021778351192e-01,4.364490345391624504e-01,4.177774779250541526e-01,6.836195292937828627e-02,4.772798306139565683e-01,3.479541729108924231e-01,2.277746136856168002e-02,1.909569645333334953e-01,4.686114901865324200e-01,5.148173886102587193e-01,3.577117028838392443e-01,3.607668595930231259e-01,6.278869122163628358e-01,6.220287050797379536e-01
2.717025640929313646e-01,-1.559027549793595979e-01,5.120710029251323014e-01,-1.709607546889292118e-01,3.838670216097401777e-01,-1.252790755299726666e-01,1.686352058047818347e-01,-4.860769018951248688e-01,7.984072730338231949e-02,-2.825569179286980051e-02,2.104212624012341548e-01,6.167713634521720251e-02,4.045210007526326423e-01,1.574272464049011611e-01,2.192724536174818495e-01,1.085917726013238827e-01,3.410408753045281460e-01,2.966788198355799211e-01,3.679382924886719919e-01,1.000000000000000000e+00,5.290682151523921073e-01,4.078844941076406605e-01,1.857802112337215705e-01,2.207085989351495192e-01,2.341616838897007391e-01,4.236982963519356771e-01,4.611775689545370982e-01,3.664455668339366978e-01,3.438398628120452050e-01,-1.141597800730020582e-02,1.382754566042226907e-01,3.078720252105909827e-01,3.556187138822774485e-01,2.380766559506079794e-01,3.792055374820704206e-01,1.902070178646654286e-01,2.958464917328653132e-01,1.782833900253658621e-01,1.809537580448271621e-01
2.043114611096081279e-01,-3.935888288924836997e-01,5.373848140649485350e-01,-3.815026559587038624e-01,3.668466522945664221e-01,-7.966725676931249445e-02,2.440723068111038951e-01,-4.919871106374502090e-01,-8.399681550376768280e-02,-9.853458096668959998e-02,2.270138537624629971e-01,2.386988627708991062e-01,5.199881426470034373e-01,3.716069184544397164e-01,3.370410436103531415e-01,7.668999815644020335e-02,3.593944613336826355e-01,4.329260721254898359e-01,3.309549611371809252e-01,5.290682151523921073e-01,1.000000000000000000e+00,7.014412162898278069e-01,2.730109297405907687e-01,2.832406410765202498e-01,2.606558528574236533e-01,5.918475932005620166e-01,4.757075189258680448e-01,5.634182885922682793e-01,4.607536971644412005e-01,1.319040045997158239e-01,1.506277780228438556e-01,4.259157833210635014e-01,5.057296192309728156e-01,3.970606733712829239e-01,3.409148901399028375e-01,3.324174684091019821e-02,2.148417832576058062e-01,1.600248935360002733e-01,4.545386230175639530e-02
4.390034579983159019e-02,-5.115227299463946942e-01,5.561197931846825204e-01,-3.951307098934037643e-01,5.713806690028702118e-01,-1.514634169472703906e-01,5.051500972962477132e-01,-5.066404515669215014e-01,6.275975054946129894e-02,6.801859817138371234e-02,2.343898662072641526e-01,1.624797822017525484e-01,5.993245821642700921e-01,4.319387525912693482e-01,7.141380508781353109e-02,1.456303605229035125e-01,3.944440468641208924e-02,4.578640765112255706e-01,3.279720073620658316e-01,4.078844941076406605e-01,7.014412162898278069e-01,1.000000000000000000e+00,3.833380708172777762e-01,3.545828897391876677e-01,3.798005630860881721e-01,5.656997430823863526e-01,5.623911397988450300e-01,5.109652198780799681e-01,1.634002945430224063e-01,1.103899123029897233e-01,1.194108461127172116e-01,3.407052241143925242e-01,5.600195804912460051e-01,4.857426797471953717e-01,2.922380773892251371e-01,1.612445519606477418e-01,2.381447482013745315e-02,2.790413663061277472e-01,1.605729961955553453e-01
2.519736793260241026e-01,-7.704510137742286158e-02,3.972708977161487631e-01,-3.657199261742208329e-01,5.923750492918830046e-01,7.126416145848711581e-02,2.548989013825912475e-01,-3.182991823120220887e-01,3.354341147924196909e-01,3.746422823630354837e-01,8.916492408922574442e-02,2.540331272130065265e-01,1.592111393573693578e-01,6.573291623626029700e-01,-8.968748346975836949e-02,5.573912205245090679e-01,1.863805873395547874e-01,4.355571855198170916e-01,3.827284390214094056e-01,1.857802112337215705e-01,2.730109297405907687e-01,3.833380708172777762e-01,1.000000000000000000e+00,5.140223894820872275e-01,6.721447581415450623e-01,5.368935625079118701e-01,3.682133582250122772e-01,4.662139575973148209e-01,1.628493259400333737e-01,2.925544476933573668e-01,3.832411330549656547e-01,5.729680978097615590e-02,4.614543126828689612e-01,5.381415575099908200e-01,3.687035263425623155e-01,4.852946640328177352e-01,3.385785979209516294e-01,5.648339190130634568e-01,3.677519166519301885e-01
1.778538159948667430e-01,-2.117139553388010520e-01,2.419131142504649945e-01,-4.065309889350077199e-01,3.781476036629236037e-01,-1.779562417396597929e-01,4.456420423354240379e-01,-2.130374770878522839e-01,1.611421662317275849e-01,2.078055236605751421e-01,-9.433496186599775110e-03,1.785292434470172329e-01,1.197103392578300202e-01,4.158483573710070602e-01,-6.476614863000352933e-03,3.228136828128634894e-01,2.925296014791099394e-02,2.796071411540246854e-01,3.900423539962808439e-01,2.207085989351495192e-01,2.832406410765202498e-01,3.545828897391876677e-01,5.140223894820872275e-01,1.000000000000000000e+00,3.998365136696857558e-01,5.149565273461250703e-01,4.173435456574430824e-01,4.634976837482622791e-01,1.747974752867852144e-01,3.536844172968903743e-01,3.084996582857682523e-01,-1.306209182326549707e-02,1.564262977904855578e-01,4.818214275485568909e-01,4.585156732795435675e-01,3.359171871390147224e-02,3.854418520266362225e-01,4.981130495155233762e-01,3.879596479971648693e-01
3.232681721263215291e-01,9.389259110702914343e-03,4.643738888946259413e-01,-2.212264425755739450e-01,6.017094479754929726e-01,-2.152979731875953040e-01,3.327215612064189365e-01,-3.928374280792564788e-01,3.491549784699412018e-01,6.142671508354162757e-01,3.111532917582023883e-01,2.525526160978305290e-01,2.188124215617800461e-01,4.459834286853722740e-01,-1.112886936304947477e-01,6.493522538077609596e-01,7.185323657248500473e-02,4.571048946592823903e-01,5.985298878695772817e-01,2.341616838897007391e-01,2.606558528574236533e-01,3.798005630860881721e-01,6.721447581415450623e-01,3.998365136696857558e-01,1.000000000000000000e+00,5.102594994360152292e-01,5.173702399067471314e-01,2.795738216015333233e-01,-1.119394868233250517e-02,4.063515789986578697e-01,3.019418808559566347e-01,7.137582382923508828e-02,3.864419815882657594e-01,5.849883470267137620e-01,5.548512618302240407e-01,5.958084286107377947e-01,4.060135610677056417e-01,6.503385785238683381e-01,6.217658719095773279e-01
5.217165159368339911e-01,-2.304879528084357865e-01,4.755758340670010464e-01,-5.446402587060247269e-01,5.896681106030705610e-01,-1.196348143615939552e-01,3.544340294840170880e-01,-3.793917557197261092e-01,2.700898153618083164e-01,1.041924154082618653e-01,3.177628842049114999e-01,3.058342397196652795e-01,4.808483519171009579e-01,4.937806414660307341e-01,1.642270558278427217e-01,3.780495382930136872e-01,3.873686650684046162e-01,5.084939209646389680e-01,5.093042021778351192e-01,4.236982963519356771e-01,5.918475932005620166e-01,5.656997430823863526e-01,5.368935625079118701e-01,5.149565273461250703e-01,5.102594994360152292e-01,1.000000000000000000e+00,7.281578529563882407e-01,7.797246097181028679e-01,5.394755072308234922e-01,3.325159299345476493e-01,4.881768127472187468e-01,3.861765694252020098e-01,5.004206344448468569e-01,6.750526027919534489e-01,5.364967184805310429e-01,2.241667050585019194e-01,5.024510836877794651e-01,5.421475112611181535e-01,3.850348874739435434e-01
4.734362605090686738e-01,-1.987180796549429806e-01,4.522870402693497383e-01,-4.470100403298968295e-01,5.965519824671635662e-01,-2.137325746054794806e-01,4.527712768147270639e-01,-3.913943837264393100e-01,3.352751722874366958e-01,1.063254523423090847e-01,3.954941599155771259e-01,8.065331903864081387e-02,6.228625210770034615e-01,1.939127057087365047e-01,1.422316273259391084e-01,2.342081611879800740e-01,2.025265037760559383e-01,2.998123315163942482e-01,4.364490345391624504e-01,4.611775689545370982e-01,4.757075189258680448e-01,5.623911397988450300e-01,3.682133582250122772e-01,4.173435456574430824e-01,5.173702399067471314e-01,7.281578529563882407e-01,1.000000000000000000e+00,5.147065976076412586e-01,2.458790087156756676e-01,1.591472563437652255e-01,4.459736876931199023e-01,3.830093009093646916e-01,4.611820935589713288e-01,5.393048102775012120e-01,5.685400957035813274e-01,3.289460712920830310e-01,3.970801819274695221e-01,4.380526418135630706e-01,5.128040106311980706e-01
4.435429660838953736e-01,-1.757561608481511828e-01,3.812494309188509956e-01,-6.508105921921218950e-01,4.242070315689738247e-01,5.430615905297014878e-02,3.919565373277838494e-01,-2.947807777744607671e-01,1.751521747446778965e-01,6.351240151632343844e-02,6.610343956906898633e-02,4.245833476196663181e-01,4.392863444165598374e-01,4.628369934116738915e-01,1.857047484174974006e-01,3.501951402831479654e-01,3.247563331060108749e-01,5.493649731167971062e-01,4.177774779250541526e-01,3.664455668339366978e-01,5.634182885922682793e-01,5.109652198780799681e-01,4.662139575973148209e-01,4.634976837482622791e-01,2.795738216015333233e-01,7.797246097181028679e-01,5.147065976076412586e-01,1.000000000000000000e+00,5.782846658277364105e-01,3.442621068737246603e-01,5.554696545304499411e-01,4.054470314798288566e-01,3.512413890498773394e-01,5.887200169768467273e-01,4.062578300633966633e-01,6.637445391661413868e-03,4.642068921253045266e-01,4.401333354637875228e-01,1.659581963989257003e-01
3.225772632044006105e-01,-1.237960170536183679e-01,2.530913341094955804e-01,-4.477962939045287971e-01,1.105010330608072466e-01,2.240826300748834099e-01,-1.693101342740544746e-01,-2.090556817988597216e-01,-2.305703825718220801e-01,-3.688760815862386355e-01,2.360375059470853631e-01,1.892322706286405642e-01,3.265456349181309337e-01,3.428875734270549480e-01,5.022454433380594274e-01,-9.272171178602421626e-02,6.900343594548680182e-01,1.363358509805927543e-01,6.836195292937828627e-02,3.438398628120452050e-01,4.607536971644412005e-01,1.634002945430224063e-01,1.628493259400333737e-01,1.747974752867852144e-01,-1.119394868233250517e-02,5.394755072308234922e-01,2.458790087156756676e-01,5.782846658277364105e-01,1.000000000000000000e+00,5.384178956527873455e-02,4.323772117775548929e-01,5.556213977177452135e-01,3.746526660041267776e-01,2.188018178808574798e-01,2.983818010626640427e-01,-1.482406190377396626e-01,5.544600004211491795e-01,1.515427842223621320e-04,-1.869613128983270700e-01
3.406773424567473008e-01,1.895433984129322180e-01,1.216443902962227180e-01,-1.838928209129284674e-01,1.213396346738192660e-01,-2.326611260915438517e-01,3.329328610523215048e-01,-7.807222513887536464e-02,2.517893925317613579e-01,4.514153805427924548e-01,-1.954548515486757565e-01,5.967050148520279818e-01,-6.195179585171798481e-02,2.274035255640641795e-01,-3.914568955397612626e-02,5.378951362872769204e-01,-2.117947025163221392e-02,4.741122499954371072e-01,4.772798306139565683e-01,-1.141597800730020582e-02,1.319040045997158239e-01,1.103899123029897233e-01,2.925544476933573668e-01,3.536844172968903743e-01,4.063515789986578697e-01,3.325159299345476493e-01,1.591472563437652255e-01,3.442621068737246603e-01,5.384178956527873455e-02,1.000000000000000000e+00,2.585761245185078105e-01,-1.045143632438974846e-01,-6.444377113237435839e-02,5.567075946620412275e-01,4.097425427835441614e-01,-2.876306922126991433e-02,3.398788050725064513e-01,5.619494297933872451e-01,3.375130362297501518e-01
5.031785513441979774e-01,2.183329702323630328e-01,2.870982860828485417e-01,-5.143911710388702208e-01,3.548912798705584626e-01,2.586286376437573198e-01,2.203504595130651167e-01,-2.236837636549504904e-01,2.738402198600529136e-01,1.874541416687217354e-01,1.508826816522756686e-01,2.297106572127645130e-01,2.653477111961717871e-01,2.051434211245355965e-01,5.507997798706396747e-02,3.339014539405318893e-01,2.838304838295453436e-01,1.902211062775753803e-01,3.479541729108924231e-01,1.382754566042226907e-01,1.506277780228438556e-01,1.194108461127172116e-01,3.832411330549656547e-01,3.084996582857682523e-01,3.019418808559566347e-01,4.881768127472187468e-01,4.459736876931199023e-01,5.554696545304499411e-01,4.323772117775548929e-01,2.585761245185078105e-01,1.000000000000000000e+00,3.395604984850494890e-01,2.683349956301853134e-01,3.435017076842470929e-01,4.079797529329805550e-01,1.976899617197713788e-01,5.828529707000539295e-01,3.773672562347697435e-01,3.303267973673336688e-01
2.001781187481038449e-01,-2.172627932685222973e-01,2.944856747924032292e-01,-3.753859601084273967e-01,2.218281108685910274e-01,2.775530493242913677e-01,-8.882914136749292880e-03,-2.378273346368289243e-01,-2.706690991335367058e-01,-2.972552211109040221e-01,4.099445115344429458e-01,4.406537928200540688e-02,7.318706629366091843e-01,1.373692059398312071e-01,3.847541168535207889e-01,-1.795375942528034396e-01,4.598677394439686927e-01,1.143689176808692365e-01,2.277746136856168002e-02,3.078720252105909827e-01,4.259157833210635014e-01,3.407052241143925242e-01,5.729680978097615590e-02,-1.306209182326549707e-02,7.137582382923508828e-02,3.861765694252020098e-01,3.830093009093646916e-01,4.054470314798288566e-01,5.556213977177452135e-01,-1.045143632438974846e-01,3.395604984850494890e-01,1.000000000000000000e+00,4.782340800401500003e-01,1.329247750786237969e-01,2.380382013212294923e-01,-8.836333012822002175e-02,3.643922476591707205e-01,-8.392219968348833825e-02,-1.690943896889331166e-01
7.106262335052627999e-02,-3.539057222370032840e-01,6.634800467450397976e-01,-3.638347662958484885e-01,6.728128199943448351e-01,2.690124078909580385e-01,2.657656896356594758e-02,-6.056557726785750662e-01,2.886797588593870666e-03,-8.994657877735595664e-02,5.761493184107090437e-01,-1.289758984361306371e-01,5.201131614780086787e-01,4.741220799750668902e-01,1.470180798834940517e-01,3.173059619057239794e-02,3.297772545063288874e-01,1.203998316507843419e-01,1.909569645333334953e-01,3.556187138822774485e-01,5.057296192309728156e-01,5.600195804912460051e-01,4.614543126828689612e-01,1.564262977904855578e-01,3.864419815882657594e-01,5.004206344448468569e-01,4.611820935589713288e-01,3.512413890498773394e-01,3.746526660041267776e-01,-6.444377113237435839e-02,2.683349956301853134e-01,4.782340800401500003e-01,1.000000000000000000e+00,2.624208285909681027e-01,1.505867122212058151e-01,3.771725341699397327e-01,1.344512735419449712e-01,6.835858130404184885e-02,1.467181654660266177e-01
4.851629031464232411e-01,5.734561422497506814e-04,3.567101102736993656e-01,-4.565347397488552228e-01,5.148870418713891173e-01,-2.895634872108484026e-01,4.743273671564837701e-01,-2.860304530557833402e-01,3.699280938779815342e-01,3.772335275923573983e-01,-6.372287985955769896e-02,5.356683103232248166e-01,2.850337958391448989e-01,5.206617022875577039e-01,9.008033873703359673e-02,5.103936281189265234e-01,1.197642510208900141e-01,5.754351598545734969e-01,4.686114901865324200e-01,2.380766559506079794e-01,3.970606733712829239e-01,4.857426797471953717e-01,5.381415575099908200e-01,4.818214275485568909e-01,5.849883470267137620e-01,6.750526027919534489e-01,5.393048102775012120e-01,5.887200169768467273e-01,2.188018178808574798e-01,5.567075946620412275e-01,3.435017076842470929e-01,1.329247750786237969e-01,2.624208285909681027e-01,1.000000000000000000e+00,6.170719542313860551e-01,1.730588742670937374e-01,4.395156316652080175e-01,7.207602762133874519e-01,4.594495958421899173e-01
5.823130679554694433e-01,2.024531887498582372e-01,3.892623450766355964e-01,-3.191198923356538542e-01,3.673042199767742599e-01,-3.452105002639094811e-01,3.666062783647216494e-01,-3.372595903115529481e-01,2.671275152999363911e-01,3.256712582683485291e-01,1.547931721602947494e-02,3.953168047243443839e-01,3.085414163290054468e-01,3.021447101894533249e-01,1.566360865844685923e-01,4.067850033693443113e-01,2.387904333599533968e-01,4.449362186037212896e-01,5.148173886102587193e-01,3.792055374820704206e-01,3.409148901399028375e-01,2.922380773892251371e-01,3.687035263425623155e-01,4.585156732795435675e-01,5.548512618302240407e-01,5.364967184805310429e-01,5.685400957035813274e-01,4.062578300633966633e-01,2.983818010626640427e-01,4.097425427835441614e-01,4.079797529329805550e-01,2.380382013212294923e-01,1.505867122212058151e-01,6.170719542313860551e-01,1.000000000000000000e+00,2.107039133199174741e-01,7.302434647052312711e-01,6.288275885620806527e-01,4.733209144763904086e-01
2.837941014999674216e-01,1.951822065461086553e-01,4.411813034051292326e-01,-4.721677793549176189e-02,5.395620316665248328e-01,-7.497723660366547443e-03,6.591237371262563538e-02,-4.022829448756162218e-01,4.896782730094095815e-01,4.232967979578394768e-01,3.598389582997059133e-01,-1.801422912698587564e-01,6.283631650688559223e-02,1.725148457812429592e-01,-2.770178547572931804e-01,4.220786007060302603e-01,-5.395069726432985546e-02,1.207458189671788001e-01,3.577117028838392443e-01,1.902070178646654286e-01,3.324174684091019821e-02,1.612445519606477418e-01,4.852946640328177352e-01,3.359171871390147224e-02,5.958084286107377947e-01,2.241667050585019194e-01,3.289460712920830310e-01,6.637445391661413868e-03,-1.482406190377396626e-01,-2.876306922126991433e-02,1.976899617197713788e-01,-8.836333012822002175e-02,3.771725341699397327e-01,1.730588742670937374e-01,2.107039133199174741e-01,1.000000000000000000e+00,8.423595431423332169e-02,3.984215445022316060e-01,5.879828502166007942e-01
5.641564010920596672e-01,2.943931419320536813e-01,2.459985828408186581e-01,-3.694970587534734396e-01,2.099885482875956111e-01,-1.793916493061575509e-02,9.040164633888946033e-02,-1.968440442486560915e-01,1.267800934001983848e-01,1.960828148956766104e-01,6.558876511939044918e-02,3.693116079626068693e-01,1.808200263911287908e-01,3.167386409049143259e-01,2.685699563196533024e-01,3.326752054398186553e-01,4.461689116333689697e-01,2.859823462958432927e-01,3.607668595930231259e-01,2.958464917328653132e-01,2.148417832576058062e-01,2.381447482013745315e-02,3.385785979209516294e-01,3.854418520266362225e-01,4.060135610677056417e-01,5.024510836877794651e-01,3.970801819274695221e-01,4.642068921253045266e-01,5.544600004211491795e-01,3.398788050725064513e-01,5.828529707000539295e-01,3.643922476591707205e-01,1.344512735419449712e-01,4.395156316652080175e-01,7.302434647052312711e-01,8.423595431423332169e-02,1.000000000000000000e+00,4.369582799712572463e-01,2.648875045945525142e-01
6.095191519074169006e-01,2.530952343568641516e-01,3.150072535529167550e-01,-2.550658047165719200e-01,4.779369444973275982e-01,-3.261321512273235856e-01,5.144836012483673393e-01,-2.306205584490541860e-01,5.438131868985655037e-01,6.153360825799222278e-01,-4.811114156129973202e-02,4.144860382591050163e-01,7.238972182944271305e-02,3.169173491502211837e-01,-2.257445777118941010e-01,7.089093747283814473e-01,-3.919829353717178139e-02,5.708611847514344362e-01,6.278869122163628358e-01,1.782833900253658621e-01,1.600248935360002733e-01,2.790413663061277472e-01,5.648339190130634568e-01,4.981130495155233762e-01,6.503385785238683381e-01,5.421475112611181535e-01,4.380526418135630706e-01,4.401333354637875228e-01,1.515427842223621320e-04,5.619494297933872451e-01,3.773672562347697435e-01,-8.392219968348833825e-02,6.835858130404184885e-02,7.207602762133874519e-01,6.288275885620806527e-01,3.984215445022316060e-01,4.369582799712572463e-01,1.000000000000000000e+00,6.943560033924537356e-01
5.264656754397377680e-01,2.974733455876578669e-01,3.516222001627698490e-01,-1.631269566454073561e-01,5.264813930225639149e-01,-2.471481648888856908e-01,3.744328720812961087e-01,-3.185877990888384415e-01,6.595883852912749479e-01,5.897275200917507787e-01,1.998318184766329775e-01,1.425599348408584932e-02,2.818630573386454036e-02,6.933376044719571918e-02,-3.016527948007916571e-01,5.856374908539994095e-01,-1.346395951439960936e-01,2.432344843162906611e-01,6.220287050797379536e-01,1.809537580448271621e-01,4.545386230175639530e-02,1.605729961955553453e-01,3.677519166519301885e-01,3.879596479971648693e-01,6.217658719095773279e-01,3.850348874739435434e-01,5.128040106311980706e-01,1.659581963989257003e-01,-1.869613128983270700e-01,3.375130362297501518e-01,3.303267973673336688e-01,-1.690943896889331166e-01,1.467181654660266177e-01,4.594495958421899173e-01,4.733209144763904086e-01,5.879828502166007942e-01,2.648875045945525142e-01,6.943560033924537356e-01,1.000000000000000000e+00
