1.000000000000000000e+00,4.129413737290376085e-01,1.716006235155155546e-01,3.487382776154678288e-01,5.223455841517044007e-01,-1.210082135449890572e-01,2.558302312796663092e-01,2.692768429677787692e-02,6.282338008200414325e-01,3.011032647997645695e-01,-4.515903136828272602e-01,2.803128294011688060e-01,5.026757936697660023e-01,4.393574709008283841e-01,5.662394375012759218e-01,3.883697124063961170e-01,-1.070386225372751549e-01,6.303411217692784785e-01,4.792153937033896693e-01,5.164173879028591957e-02,-1.998808969568000027e-01,-8.933082933702171657e-02,5.157795459762293255e-01,2.005841579395452601e-01,4.251962530353018965e-01,6.903808025063949694e-02,-2.113895055793046374e-01,2.996899735511925345e-01,-1.186873830946788416e-01,5.796560522553897421e-01,-3.983188328841424930e-01,-2.107460152456182845e-01,7.465480934192154916e-02,5.996377246206275879e-01,-1.913206543923428316e-01,3.095570258429924393e-01,-1.979937451989127462e-01,7.178492306291376357e-01,4.633379272943020655e-01
4.129413737290376085e-01,1.000000000000000000e+00,2.007412903924608027e-01,3.472746977594995399e-01,5.144393163322956708e-01,-3.499222350016590877e-01,5.200370810518037956e-01,1.178008873019049801e-01,7.588665493192139344e-01,1.749996605815126727e-01,-5.005637273685301647e-01,5.514595383479982127e-01,4.792661641301760866e-01,3.049320434755740661e-01,5.698351587236504256e-01,3.854717681836605792e-01,-4.037821810481391216e-01,6.131573329054217369e-01,7.372859356037033685e-01,-1.197358927490668745e-01,-3.529609273225949306e-01,1.603360124620981098e-01,7.747785609184600908e-01,1.093280133753835176e-01,2.315141618447132954e-01,-3.681336550957845510e-01,4.142616944663154305e-02,-1.115509653727575767e-01,-4.593417963697566941e-01,4.612396089889370110e-01,-5.300002282610440096e-02,2.272382733538685362e-01,9.969796272345393673e-02,6.925520224049965812e-01,-4.370552590310385899e-01,3.378934883881954954e-01,-3.586989284139456835e-01,5.216341676834562735e-01,7.713493145272031226e-01
1.716006235155155546e-01,2.007412903924608027e-01,1.000000000000000000e+00,-2.988010945266762475e-01,5.973229712012898540e-01,2.300368890947857847e-01,-3.215448206743613813e-02,-6.389399085524555266e-01,7.669620292416730323e-02,6.308448217592700358e-01,2.256828591963092323e-01,1.901310623696010893e-01,-2.543683981531665861e-01,5.188701651006945026e-01,-1.279596533182153668e-02,5.960997997340894416e-01,2.715886338027101998e-01,2.706313975687577381e-02,8.683551678702048846e-03,-5.983816661725740449e-01,6.619248417456633504e-01,4.772852905359497022e-01,1.606697800678646981e-01,4.762128756845663280e-01,5.538099345778209059e-01,5.825769359934499514e-01,5.218608067333501133e-01,7.059578335007892225e-01,3.831413860433602880e-01,3.498179976388629542e-01,5.705721608994038796e-01,5.376997241815432149e-01,7.436320122463829785e-01,2.939134117373311539e-01,2.412254626779560540e-01,1.563153221409604443e-01,3.138509249327440798e-01,-6.360036380953580648e-02,3.992181136179041162e-02
3.487382776154678288e-01,3.472746977594995399e-01,-2.988010945266762475e-01,1.000000000000000000e+00,3.461448516122950236e-02,-5.745816457371730746e-01,5.010133203451724304e-01,6.334749676810496055e-01,5.730731454924756774e-01,-3.008299464715400995e-01,-7.165643018387638508e-01,2.264501586811590306e-01,5.770290326793846569e-01,-2.124062386144216219e-01,5.658886127111182329e-01,-1.518213834847796095e-01,-6.870145745339777399e-01,7.033985670177890226e-01,6.554101869810068370e-01,3.955078288812179377e-01,-5.977609653076755292e-01,-6.876378569616825587e-02,3.708871084953030417e-01,-2.754022385663250638e-01,-2.445456559465548629e-01,-5.468231068541924422e-01,-5.437319998586551684e-01,-4.093747019710535229e-01,-6.072985364103677952e-01,2.454735366787977324e-01,-5.473278013615990867e-01,-5.045843951094435287e-01,-3.433855864068384722e-01,3.190870091456508018e-01,-5.816151954575848881e-01,7.125473298715105652e-02,-5.718995310743986149e-01,5.987773547161350240e-01,5.511269990688323350e-01
5.223455841517044007e-01,5.144393163322956708e-01,5.973229712012898540e-01,3.461448516122950236e-02,1.000000000000000000e+00,4.991431421025144949e-02,2.664604802971128339e-01,-4.218505879212957610e-01,5.588494403154250501e-01,3.899636234874862550e-01,-1.580989203301868262e-01,2.878263425565524281e-01,1.858747982120389775e-01,6.656296884593798646e-01,3.312431932261176715e-01,4.475462161931409999e-01,5.491948642523382385e-02,4.244028038369405675e-01,3.756289751477469574e-01,-3.831757714053151131e-01,1.132784992357841886e-01,1.626557278144422775e-02,5.375978041452906808e-01,4.007420684485301643e-01,5.189069842347792116e-01,1.227168084663583930e-01,2.844939351943066574e-01,4.816507346105313725e-01,-3.447596964358396604e-02,4.219840646156768904e-01,1.047759982498512321e-01,3.399547194348560564e-01,3.423198878837364623e-01,7.218793163280931013e-01,9.940681127004595032e-04,2.099598869807159374e-01,2.253295830658490900e-02,3.878848600592492146e-01,4.886023376840920585e-01
-1.210082135449890572e-01,-3.499222350016590877e-01,2.300368890947857847e-01,-5.745816457371730746e-01,4.991431421025144949e-02,1.000000000000000000e+00,-4.934204857170933489e-01,-3.992611571936741655e-01,-4.884008921689408367e-01,4.034704580063828150e-01,7.539294052267969670e-01,-3.991064368937558560e-01,-5.394173077111040771e-01,4.093906763823219053e-01,-5.369741985534788320e-01,1.467395132144782566e-01,8.264014126299245033e-01,-5.355985715747501041e-01,-5.945573521999548694e-01,-1.794884295537970964e-01,4.705307574861650743e-01,-1.672194809195564069e-01,-2.878207983173785567e-01,3.115611351550869323e-01,3.629109366480628429e-01,5.271050642894735683e-01,4.579667680521293249e-01,4.486350310051822610e-01,7.396891813465442667e-01,-4.311982417134498091e-02,4.070485719840750694e-01,4.830463195601145121e-01,2.912265669030464355e-01,-2.669383686701232161e-01,7.382417081901122557e-01,1.791276020477728936e-01,7.924370052969821332e-01,-4.498702915347438935e-01,-5.229087121666946558e-01
2.558302312796663092e-01,5.200370810518037956e-01,-3.215448206743613813e-02,5.010133203451724304e-01,2.664604802971128339e-01,-4.934204857170933489e-01,1.000000000000000000e+00,3.084778771910027251e-01,6.075965925347308616e-01,-1.073826822908559991e-01,-5.809571282400697312e-01,2.452814458120960717e-01,4.460881522593524995e-01,1.342982743158741520e-02,5.360371594591241129e-01,7.923174849700788391e-02,-5.392263167215852748e-01,5.980105556319869065e-01,6.477646470593946271e-01,3.816388438129058452e-02,-4.068242587928369569e-01,2.149180843769355267e-02,4.882628776030237816e-01,-7.164756998000873511e-02,3.980546733220638456e-03,-4.070483722099177415e-01,-2.470311954712385294e-01,-2.032445604915524562e-01,-4.998328440249201199e-01,3.072675936566628407e-01,-2.711830104965810562e-01,-1.511903956983204622e-01,-1.045823875824844762e-01,4.422422240091957168e-01,-4.657965461985918432e-01,4.218230604218011631e-02,-4.951905989057447943e-01,5.038817916276249198e-01,6.208197455075744609e-01
2.692768429677787692e-02,1.178008873019049801e-01,-6.389399085524555266e-01,6.334749676810496055e-01,-4.218505879212957610e-01,-3.992611571936741655e-01,3.084778771910027251e-01,1.000000000000000000e+00,2.540045900122850364e-01,-4.780708128995574402e-01,-4.905765758006443433e-01,1.163347348454185082e-01,3.910274052771582909e-01,-4.276761090470075910e-01,3.544613427135867023e-01,-3.934828946760999258e-01,-5.254642122173055485e-01,3.817538421440369034e-01,4.029206402437822687e-01,5.767189932634047000e-01,-6.573550452134477862e-01,-8.289662857310341193e-02,1.187099857931320224e-01,-3.584705302492302570e-01,-4.334485462943221123e-01,-5.880756029856810674e-01,-5.369405988571032129e-01,-5.642532001383383511e-01,-4.857408429734743627e-01,-6.300243314804347683e-02,-4.793732028052235528e-01,-5.232960508029164126e-01,-4.462565293266150812e-01,-8.811883330058181696e-03,-4.210041078754589994e-01,-6.381543351225200944e-02,-4.423707554146121823e-01,3.437198900374242028e-01,2.778765062435252786e-01
6.282338008200414325e-01,7.588665493192139344e-01,7.669620292416730323e-02,5.730731454924756774e-01,5.588494403154250501e-01,-4.884008921689408367e-01,6.075965925347308616e-01,2.540045900122850364e-01,1.000000000000000000e+00,4.843969754646807661e-04,-7.763913190120634855e-01,5.419632997606613767e-01,6.739673638756816798e-01,2.527405075760275066e-01,8.125422160877381339e-01,2.163335330332536166e-01,-5.477304437294020500e-01,8.716291023027192830e-01,8.784186124793519346e-01,1.386653544486504512e-02,-5.287462349715469356e-01,5.426757316338820525e-03,7.879048135403665665e-01,4.830460689646587369e-02,2.155908636777410792e-01,-4.531140242878147206e-01,-2.200793118169419860e-01,-6.279740422227284014e-02,-6.249325564328813698e-01,4.798064288864851701e-01,-3.780479865864220246e-01,-1.886563512856714864e-01,-8.154043528051269085e-02,7.960020800596451229e-01,-5.657799344532901120e-01,1.954859213842146670e-01,-5.739253396317376410e-01,8.251992574057616103e-01,8.939628955220826345e-01
3.011032647997645695e-01,1.749996605815126727e-01,6.308448217592700358e-01,-3.008299464715400995e-01,3.899636234874862550e-01,4.034704580063828150e-01,-1.073826822908559991e-01,-4.780708128995574402e-01,4.843969754646807661e-04,1.000000000000000000e+00,3.134189155402202775e-01,1.060266691766974662e-01,-2.400471913950751601e-01,4.966748026079447764e-01,-1.096295243292741972e-01,8.331116374588700690e-01,4.258062188062557984e-01,-5.901240220767450112e-02,-1.066695733097911825e-01,-3.357470531354734278e-01,5.051914175119645023e-01,2.455754202818584142e-01,1.667647962528288896e-01,3.565933086027620047e-01,6.131302515873379155e-01,6.038706877664034023e-01,4.007767403369418835e-01,5.667662134746568325e-01,4.523874348913163312e-01,5.828853709579923104e-01,4.463638092924240297e-01,4.814778530919754385e-01,5.519928236743292249e-01,1.388823248326595539e-01,2.956697398196639348e-01,4.723154564965365010e-01,4.374302480729903020e-01,-9.400649580050196574e-02,-1.052639184981407211e-01
-4.515903136828272602e-01,-5.005637273685301647e-01,2.256828591963092323e-01,-7.165643018387638508e-01,-1.580989203301868262e-01,7.539294052267969670e-01,-5.809571282400697312e-01,-4.905765758006443433e-01,-7.763913190120634855e-01,3.134189155402202775e-01,1.000000000000000000e+00,-4.983906221597188546e-01,-7.444882935545548142e-01,1.789066001141089435e-01,-8.226162469705331493e-01,8.548421846680991087e-02,8.009902504369296183e-01,-8.388180118042720679e-01,-8.308071877508645953e-01,-2.438184016107909080e-01,6.423643596928837463e-01,-4.348074584345478638e-02,-5.568904604572034733e-01,2.564757446411469743e-01,1.137600704094318127e-01,6.047934720839633904e-01,5.493010216104988741e-01,3.172192692529285374e-01,7.910396634253026305e-01,-2.706852163916993459e-01,5.938451454858213463e-01,5.668196774980500674e-01,3.083201552034157689e-01,-5.205775119898712333e-01,7.487658666902023974e-01,-1.832572031303488988e-02,8.096438213569858711e-01,-7.900324839857525427e-01,-7.605433206501185373e-01
2.803128294011688060e-01,5.514595383479982127e-01,1.901310623696010893e-01,2.264501586811590306e-01,2.878263425565524281e-01,-3.991064368937558560e-01,2.452814458120960717e-01,1.163347348454185082e-01,5.419632997606613767e-01,1.060266691766974662e-01,-4.983906221597188546e-01,1.000000000000000000e+00,4.627736298848418861e-01,2.430523963326223710e-02,5.754055220258519343e-01,2.500350078254068853e-01,-4.726687180888127782e-01,5.105384573569909934e-01,5.828144465397046003e-01,-1.089410225402925592e-01,-1.914880551343189075e-01,4.482850806545946032e-01,4.835056988940655276e-01,4.193346948177548161e-02,1.327595361609336388e-01,-2.250308377098471646e-01,-2.236388329465431243e-02,4.963245706595253992e-02,-4.133893377794990998e-01,2.992448107067689489e-01,-2.850859228866466782e-02,-2.288691733158416952e-02,2.395245285160976234e-01,5.052466349610936769e-01,-4.062212631766633497e-01,1.224353287423573661e-01,-3.905606509314920594e-01,4.096070931806080617e-01,5.262163249130976661e-01
5.026757936697660023e-01,4.792661641301760866e-01,-2.543683981531665861e-01,5.770290326793846569e-01,1.858747982120389775e-01,-5.394173077111040771e-01,4.460881522593524995e-01,3.910274052771582909e-01,6.739673638756816798e-01,-2.400471913950751601e-01,-7.444882935545548142e-01,4.627736298848418861e-01,1.000000000000000000e+00,7.620133330741869077e-03,7.344801498970059406e-01,-8.925958682786958379e-03,-5.911062904993470424e-01,6.965473650268441119e-01,6.701542990241795561e-01,2.937829966217831434e-01,-6.116681838585963371e-01,-1.016405748122708452e-01,5.392328147846680020e-01,-8.138146015891693785e-02,-5.134281535764081278e-02,-5.194532287171705898e-01,-5.718646581818347396e-01,-2.984674728045814129e-01,-6.278406277432140303e-01,3.002817779393723296e-01,-7.068753791959192512e-01,-4.155070777907715063e-01,-2.201041582722679524e-01,5.261849334700264835e-01,-6.357920569822438361e-01,6.572179834486391488e-03,-6.756538159892083728e-01,7.056750964084527178e-01,6.064097585995301687e-01
4.393574709008283841e-01,3.049320434755740661e-01,5.188701651006945026e-01,-2.124062386144216219e-01,6.656296884593798646e-01,4.093906763823219053e-01,1.342982743158741520e-02,-4.276761090470075910e-01,2.527405075760275066e-01,4.966748026079447764e-01,1.789066001141089435e-01,2.430523963326223710e-02,7.620133330741869077e-03,1.000000000000000000e+00,6.213807965754116619e-02,5.264063582536686603e-01,4.424833747411852647e-01,9.009954255131555345e-02,3.052582635359014224e-02,-3.518843654203608895e-01,2.417399238385608828e-01,-9.428636254679832740e-02,3.943985594265133621e-01,6.216763301883793114e-01,5.624200012833565632e-01,3.371850994746747876e-01,3.210934874279247064e-01,5.204575343299121526e-01,3.292914386507840296e-01,4.352610609132980257e-01,1.299427508542317367e-01,4.970873372527955247e-01,3.287911575467683534e-01,5.108424500505496235e-01,3.337707147765684446e-01,2.191870661295845790e-01,3.497164707383912940e-01,1.421400776406143984e-01,1.371237763577882740e-01
5.662394375012759218e-01,5.698351587236504256e-01,-1.279596533182153668e-02,5.658886127111182329e-01,3.312431932261176715e-01,-5.369741985534788320e-01,5.360371594591241129e-01,3.544613427135867023e-01,8.125422160877381339e-01,-1.096295243292741972e-01,-8.226162469705331493e-01,5.754055220258519343e-01,7.344801498970059406e-01,6.213807965754116619e-02,1.000000000000000000e+00,8.577154324609402580e-02,-6.267899034072985653e-01,8.430985771087368130e-01,8.117439206765392212e-01,1.351196369998864666e-01,-5.060814060742179210e-01,8.752391728623896971e-02,6.367847986070016564e-01,-6.306856725994669510e-02,1.223919291355264755e-01,-4.260135470045782746e-01,-4.383696198750023365e-01,-5.601354862899987630e-02,-6.319338198649675498e-01,4.080459509074673141e-01,-4.941651153351739878e-01,-3.824977583360695821e-01,-7.567462438200799058e-02,6.826381091410351765e-01,-6.348966041937825766e-01,6.882575741381533052e-02,-6.550638634768891633e-01,8.102110577504753053e-01,7.530098336694063255e-01
3.883697124063961170e-01,3.854717681836605792e-01,5.960997997340894416e-01,-1.518213834847796095e-01,4.475462161931409999e-01,1.467395132144782566e-01,7.923174849700788391e-02,-3.934828946760999258e-01,2.163335330332536166e-01,8.331116374588700690e-01,8.548421846680991087e-02,2.500350078254068853e-01,-8.925958682786958379e-03,5.264063582536686603e-01,8.577154324609402580e-02,1.000000000000000000e+00,2.056736822090449723e-01,1.199908121618952772e-01,9.275920099028850396e-02,-3.110194401823214161e-01,3.328834649853246730e-01,2.238814381739642478e-01,4.002021771924330618e-01,3.378411230080443639e-01,5.714916647132264327e-01,4.244287460689354918e-01,2.357199832771635362e-01,4.218138921212308268e-01,2.219569884757636724e-01,6.920520757539607715e-01,2.734556857463954493e-01,4.211891829857681291e-01,4.489849132054011260e-01,3.460087342295652402e-01,6.229415106080185560e-02,4.322745229249001508e-01,1.827754005995548547e-01,4.254148785779044567e-02,9.334282153995565601e-02
-1.070386225372751549e-01,-4.037821810481391216e-01,2.715886338027101998e-01,-6.870145745339777399e-01,5.491948642523382385e-02,8.264014126299245033e-01,-5.392263167215852748e-01,-5.254642122173055485e-01,-5.477304437294020500e-01,4.258062188062557984e-01,8.009902504369296183e-01,-4.726687180888127782e-01,-5.911062904993470424e-01,4.424833747411852647e-01,-6.267899034072985653e-01,2.056736822090449723e-01,1.000000000000000000e+00,-6.361141150830144086e-01,-6.980030422895896480e-01,-2.669876775078970366e-01,5.602835487098910550e-01,-1.637455051081448953e-01,-3.357771492359794552e-01,3.522037344314147833e-01,3.381424046478451739e-01,6.434324209000494843e-01,4.801982508267599314e-01,4.940712318946279269e-01,7.594199584054526220e-01,-5.958014501191560147e-02,4.284370984172197194e-01,4.896123877686278103e-01,2.780856439138728597e-01,-3.052985821849065196e-01,7.353212882943935824e-01,6.856366942899506933e-02,7.704392452350513620e-01,-5.023815943157630137e-01,-6.028780939399833727e-01
6.303411217692784785e-01,6.131573329054217369e-01,2.706313975687577381e-02,7.033985670177890226e-01,4.244028038369405675e-01,-5.355985715747501041e-01,5.980105556319869065e-01,3.817538421440369034e-01,8.716291023027192830e-01,-5.901240220767450112e-02,-8.388180118042720679e-01,5.105384573569909934e-01,6.965473650268441119e-01,9.009954255131555345e-02,8.430985771087368130e-01,1.199908121618952772e-01,-6.361141150830144086e-01,1.000000000000000000e+00,8.851080445297766497e-01,1.211236853003742064e-01,-5.178258417235176436e-01,8.033595285330398517e-02,6.724077219559820850e-01,-6.180343967590728321e-02,1.318138507323240172e-01,-4.445356771292504061e-01,-3.756380833538953135e-01,-7.111841531629702062e-02,-6.355529050216399689e-01,4.463100503957282417e-01,-4.596173839452757925e-01,-3.770391784745802388e-01,-8.978189721906122689e-02,6.658245736511803070e-01,-6.011403590310324674e-01,1.752852796336120400e-01,-6.217759231914425921e-01,8.584711250860300735e-01,8.245618228488165169e-01
4.792153937033896693e-01,7.372859356037033685e-01,8.683551678702048846e-03,6.554101869810068370e-01,3.756289751477469574e-01,-5.945573521999548694e-01,6.477646470593946271e-01,4.029206402437822687e-01,8.784186124793519346e-01,-1.066695733097911825e-01,-8.308071877508645953e-01,5.828144465397046003e-01,6.701542990241795561e-01,3.052582635359014224e-02,8.117439206765392212e-01,9.275920099028850396e-02,-6.980030422895896480e-01,8.851080445297766497e-01,1.000000000000000000e+00,6.953535855094004903e-02,-5.545655266827049790e-01,1.666315640113881502e-01,7.104454054425177745e-01,-8.914840749964772493e-02,6.578699120513523124e-02,-5.486458490285844869e-01,-2.564624065508782635e-01,-1.974098271080541589e-01,-7.036926727597663245e-01,3.649430281075825566e-01,-3.416149440653014624e-01,-2.574010870846023535e-01,-7.968567073710394744e-02,6.400648502346856228e-01,-6.413194209462702577e-01,1.731285327994192824e-01,-6.529180012562647573e-01,7.953505012369965765e-01,8.924161351757969873e-01
5.164173879028591957e-02,-1.197358927490668745e-01,-5.983816661725740449e-01,3.955078288812179377e-01,-3.831757714053151131e-01,-1.794884295537970964e-01,3.816388438129058452e-02,5.767189932634047000e-01,1.386653544486504512e-02,-3.357470531354734278e-01,-2.438184016107909080e-01,-1.089410225402925592e-01,2.937829966217831434e-01,-3.518843654203608895e-01,1.351196369998864666e-01,-3.110194401823214161e-01,-2.669876775078970366e-01,1.211236853003742064e-01,6.953535855094004903e-02,1.000000000000000000e+00,-4.630104382013096598e-01,-2.339177774991754444e-01,-6.942601044269310073e-02,-3.998741004735410498e-01,-3.567792315778903767e-01,-3.564995029167197238e-01,-5.401146116054080792e-01,-4.154157553747677145e-01,-2.632330935457292687e-01,-4.897767054072229426e-02,-4.630690592818466622e-01,-4.849093923544481877e-01,-4.015004782602840661e-01,-1.120573655032834764e-01,-2.409141743007077452e-01,3.529625341867236032e-02,-2.339653800116900662e-01,1.604796793276679345e-01,-2.600214687196075042e-02
-1.998808969568000027e-01,-3.529609273225949306e-01,6.619248417456633504e-01,-5.977609653076755292e-01,1.132784992357841886e-01,4.705307574861650743e-01,-4.068242587928369569e-01,-6.573550452134477862e-01,-5.287462349715469356e-01,5.051914175119645023e-01,6.423643596928837463e-01,-1.914880551343189075e-01,-6.116681838585963371e-01,2.417399238385608828e-01,-5.060814060742179210e-01,3.328834649853246730e-01,5.602835487098910550e-01,-5.178258417235176436e-01,-5.545655266827049790e-01,-4.630104382013096598e-01,1.000000000000000000e+00,3.783266583611499811e-01,-3.746094706954976594e-01,3.548974933859796455e-01,3.290113657064308583e-01,7.885643636950260271e-01,5.141377996333258427e-01,6.234266273962524307e-01,7.238163728975199884e-01,-3.096278512339516870e-02,6.613691163407141582e-01,4.685649786904848568e-01,6.192540851085399645e-01,-2.667262023281587457e-01,5.565766637125274530e-01,-5.473147720048684300e-02,6.183942352705931178e-01,-5.379644458433727738e-01,-5.477333755877806798e-01
-8.933082933702171657e-02,1.603360124620981098e-01,4.772852905359497022e-01,-6.876378569616825587e-02,1.626557278144422775e-02,-1.672194809195564069e-01,2.149180843769355267e-02,-8.289662857310341193e-02,5.426757316338820525e-03,2.455754202818584142e-01,-4.348074584345478638e-02,4.482850806545946032e-01,-1.016405748122708452e-01,-9.428636254679832740e-02,8.752391728623896971e-02,2.238814381739642478e-01,-1.637455051081448953e-01,8.033595285330398517e-02,1.666315640113881502e-01,-2.339177774991754444e-01,3.783266583611499811e-01,1.000000000000000000e+00,-6.469040394110077592e-03,9.475727154455762524e-02,7.979582924778122477e-02,2.473298121409583661e-01,2.719452264139031183e-01,3.032843950020989721e-01,5.014458896398613780e-02,6.564729105719839530e-02,4.745511865847742983e-01,1.637793389461517368e-01,5.820064884646787284e-01,-3.189010246181783748e-02,-7.931138745275338742e-02,5.139218663451677882e-02,-3.615614110414569048e-03,-4.200355269974906380e-02,5.279960528237016837e-02
5.157795459762293255e-01,7.747785609184600908e-01,1.606697800678646981e-01,3.708871084953030417e-01,5.375978041452906808e-01,-2.878207983173785567e-01,4.882628776030237816e-01,1.187099857931320224e-01,7.879048135403665665e-01,1.667647962528288896e-01,-5.568904604572034733e-01,4.835056988940655276e-01,5.392328147846680020e-01,3.943985594265133621e-01,6.367847986070016564e-01,4.002021771924330618e-01,-3.357771492359794552e-01,6.724077219559820850e-01,7.104454054425177745e-01,-6.942601044269310073e-02,-3.746094706954976594e-01,-6.469040394110077592e-03,1.000000000000000000e+00,2.040531677572733349e-01,4.400168446111305531e-01,-3.400228190789629790e-01,-9.960230339864785398e-02,-5.792611968108883624e-02,-4.708032645756332624e-01,5.364787346821858760e-01,-2.445193685969450637e-01,5.634205244585469008e-02,-3.266697871040951523e-02,7.132451162680139012e-01,-3.975751903400244203e-01,2.353821889997354533e-01,-4.143839211464536154e-01,6.007002002073876801e-01,7.332268198189458852e-01
2.005841579395452601e-01,1.093280133753835176e-01,4.762128756845663280e-01,-2.754022385663250638e-01,4.007420684485301643e-01,3.115611351550869323e-01,-7.164756998000873511e-02,-3.584705302492302570e-01,4.830460689646587369e-02,3.565933086027620047e-01,2.564757446411469743e-01,4.193346948177548161e-02,-8.138146015891693785e-02,6.216763301883793114e-01,-6.306856725994669510e-02,3.378411230080443639e-01,3.522037344314147833e-01,-6.180343967590728321e-02,-8.914840749964772493e-02,-3.998741004735410498e-01,3.548974933859796455e-01,9.475727154455762524e-02,2.040531677572733349e-01,1.000000000000000000e+00,5.309004088015095713e-01,3.889525791700046975e-01,4.080071353358724617e-01,4.242694103843148712e-01,4.036752227777141711e-01,1.339206538880407804e-01,2.323289853149766715e-01,4.593983366060045981e-01,3.911627900829977023e-01,2.718083203652020829e-01,3.853041540093081196e-01,-2.572357642296327906e-01,3.435555208501478996e-01,-4.721844509661665690e-02,-2.153919726642634924e-02
4.251962530353018965e-01,2.315141618447132954e-01,5.538099345778209059e-01,-2.445456559465548629e-01,5.189069842347792116e-01,3.629109366480628429e-01,3.980546733220638456e-03,-4.334485462943221123e-01,2.155908636777410792e-01,6.131302515873379155e-01,1.137600704094318127e-01,1.327595361609336388e-01,-5.134281535764081278e-02,5.624200012833565632e-01,1.223919291355264755e-01,5.714916647132264327e-01,3.381424046478451739e-01,1.318138507323240172e-01,6.578699120513523124e-02,-3.567792315778903767e-01,3.290113657064308583e-01,7.979582924778122477e-02,4.400168446111305531e-01,5.309004088015095713e-01,1.000000000000000000e+00,4.470409426328644242e-01,3.603952443514485404e-01,5.579004113329099068e-01,3.296710041975963179e-01,4.410896603939934990e-01,2.126479969558177086e-01,3.141495328233124829e-01,4.266228303943890299e-01,3.636318283305464139e-01,2.801953460653632266e-01,1.913647880413312519e-01,2.660912007148774072e-01,1.379473327228453450e-01,1.085112353669269308e-01
6.903808025063949694e-02,-3.681336550957845510e-01,5.825769359934499514e-01,-5.468231068541924422e-01,1.227168084663583930e-01,5.271050642894735683e-01,-4.070483722099177415e-01,-5.880756029856810674e-01,-4.531140242878147206e-01,6.038706877664034023e-01,6.047934720839633904e-01,-2.250308377098471646e-01,-5.194532287171705898e-01,3.371850994746747876e-01,-4.260135470045782746e-01,4.244287460689354918e-01,6.434324209000494843e-01,-4.445356771292504061e-01,-5.486458490285844869e-01,-3.564995029167197238e-01,7.885643636950260271e-01,2.473298121409583661e-01,-3.400228190789629790e-01,3.889525791700046975e-01,4.470409426328644242e-01,1.000000000000000000e+00,4.372549565167804242e-01,6.983672279201255106e-01,8.004251227434882043e-01,1.361448549060940427e-01,5.088400642076187363e-01,3.856584447722364306e-01,6.217128124462739658e-01,-1.964690840020502927e-01,5.914713417865891110e-01,3.631408243197125491e-02,6.200804138428162027e-01,-3.864932630705971706e-01,-5.510128419122656274e-01
-2.113895055793046374e-01,4.142616944663154305e-02,5.218608067333501133e-01,-5.437319998586551684e-01,2.844939351943066574e-01,4.579667680521293249e-01,-2.470311954712385294e-01,-5.369405988571032129e-01,-2.200793118169419860e-01,4.007767403369418835e-01,5.493010216104988741e-01,-2.236388329465431243e-02,-5.718646581818347396e-01,3.210934874279247064e-01,-4.383696198750023365e-01,2.357199832771635362e-01,4.801982508267599314e-01,-3.756380833538953135e-01,-2.564624065508782635e-01,-5.401146116054080792e-01,5.141377996333258427e-01,2.719452264139031183e-01,-9.960230339864785398e-02,4.080071353358724617e-01,3.603952443514485404e-01,4.372549565167804242e-01,1.000000000000000000e+00,4.164430851278527190e-01,4.917912716603823897e-01,-1.307530508756911958e-01,7.960571467688589697e-01,6.613814470744353580e-01,4.901593234708473412e-01,-8.897291826129688497e-02,5.595236283077671402e-01,7.271795860612560725e-02,5.716324098790660502e-01,-3.597301697504203255e-01,-1.222171097324715600e-01
2.996899735511925345e-01,-1.115509653727575767e-01,7.059578335007892225e-01,-4.093747019710535229e-01,4.816507346105313725e-01,4.486350310051822610e-01,-2.032445604915524562e-01,-5.642532001383383511e-01,-6.279740422227284014e-02,5.667662134746568325e-01,3.172192692529285374e-01,4.963245706595253992e-02,-2.984674728045814129e-01,5.204575343299121526e-01,-5.601354862899987630e-02,4.218138921212308268e-01,4.940712318946279269e-01,-7.111841531629702062e-02,-1.974098271080541589e-01,-4.154157553747677145e-01,6.234266273962524307e-01,3.032843950020989721e-01,-5.792611968108883624e-02,4.242694103843148712e-01,5.579004113329099068e-01,6.983672279201255106e-01,4.164430851278527190e-01,1.000000000000000000e+00,5.169186921440075411e-01,2.761263449511991430e-01,4.233718158539575005e-01,3.229076265891947517e-01,6.606543810610596701e-01,1.917626424176402944e-01,3.993632352265867880e-01,1.333113585780353327e-01,4.762506139157876572e-01,-2.549489495361377187e-02,-1.627163273662367571e-01
-1.186873830946788416e-01,-4.593417963697566941e-01,3.831413860433602880e-01,-6.072985364103677952e-01,-3.447596964358396604e-02,7.396891813465442667e-01,-4.998328440249201199e-01,-4.857408429734743627e-01,-6.249325564328813698e-01,4.523874348913163312e-01,7.910396634253026305e-01,-4.133893377794990998e-01,-6.278406277432140303e-01,3.292914386507840296e-01,-6.319338198649675498e-01,2.219569884757636724e-01,7.594199584054526220e-01,-6.355529050216399689e-01,-7.036926727597663245e-01,-2.632330935457292687e-01,7.238163728975199884e-01,5.014458896398613780e-02,-4.708032645756332624e-01,4.036752227777141711e-01,3.296710041975963179e-01,8.004251227434882043e-01,4.917912716603823897e-01,5.169186921440075411e-01,1.000000000000000000e+00,-6.755931716869252590e-02,4.987998954650232353e-01,4.541726086946723528e-01,4.631306128643034592e-01,-3.515379806559421616e-01,7.900817588012658543e-01,2.064841418040402887e-02,7.899429724009797704e-01,-5.575097919090824528e-01,-6.724787729389810620e-01
5.796560522553897421e-01,4.612396089889370110e-01,3.498179976388629542e-01,2.454735366787977324e-01,4.219840646156768904e-01,-4.311982417134498091e-02,3.072675936566628407e-01,-6.300243314804347683e-02,4.798064288864851701e-01,5.828853709579923104e-01,-2.706852163916993459e-01,2.992448107067689489e-01,3.002817779393723296e-01,4.352610609132980257e-01,4.080459509074673141e-01,6.920520757539607715e-01,-5.958014501191560147e-02,4.463100503957282417e-01,3.649430281075825566e-01,-4.897767054072229426e-02,-3.096278512339516870e-02,6.564729105719839530e-02,5.364787346821858760e-01,1.339206538880407804e-01,4.410896603939934990e-01,1.361448549060940427e-01,-1.307530508756911958e-01,2.761263449511991430e-01,-6.755931716869252590e-02,1.000000000000000000e+00,-9.810326850230621787e-02,8.837781490809459850e-02,2.507292452090749135e-01,5.014909641495733927e-01,-2.140974762273170351e-01,5.099402266354460256e-01,-8.247232935840953516e-02,3.978725402445344450e-01,3.416586691792997121e-01
-3.983188328841424930e-01,-5.300002282610440096e-02,5.705721608994038796e-01,-5.473278013615990867e-01,1.047759982498512321e-01,4.070485719840750694e-01,-2.711830104965810562e-01,-4.793732028052235528e-01,-3.780479865864220246e-01,4.463638092924240297e-01,5.938451454858213463e-01,-2.850859228866466782e-02,-7.068753791959192512e-01,1.299427508542317367e-01,-4.941651153351739878e-01,2.734556857463954493e-01,4.284370984172197194e-01,-4.596173839452757925e-01,-3.416149440653014624e-01,-4.630690592818466622e-01,6.613691163407141582e-01,4.745511865847742983e-01,-2.445193685969450637e-01,2.323289853149766715e-01,2.126479969558177086e-01,5.088400642076187363e-01,7.960571467688589697e-01,4.233718158539575005e-01,4.987998954650232353e-01,-9.810326850230621787e-02,1.000000000000000000e+00,6.595484229579220425e-01,5.888543960504090125e-01,-2.366270968479138037e-01,4.729779994633385720e-01,9.739029232619844656e-02,5.831750809653115653e-01,-5.306102317043643879e-01,-2.792837571794731244e-01
-2.107460152456182845e-01,2.272382733538685362e-01,5.376997241815432149e-01,-5.045843951094435287e-01,3.399547194348560564e-01,4.830463195601145121e-01,-1.511903956983204622e-01,-5.232960508029164126e-01,-1.886563512856714864e-01,4.814778530919754385e-01,5.668196774980500674e-01,-2.288691733158416952e-02,-4.155070777907715063e-01,4.970873372527955247e-01,-3.824977583360695821e-01,4.211891829857681291e-01,4.896123877686278103e-01,-3.770391784745802388e-01,-2.574010870846023535e-01,-4.849093923544481877e-01,4.685649786904848568e-01,1.637793389461517368e-01,5.634205244585469008e-02,4.593983366060045981e-01,3.141495328233124829e-01,3.856584447722364306e-01,6.613814470744353580e-01,3.229076265891947517e-01,4.541726086946723528e-01,8.837781490809459850e-02,6.595484229579220425e-01,1.000000000000000000e+00,5.270758669426005572e-01,6.912409283895598611e-02,4.423569271693946203e-01,1.392929066457224696e-01,5.461499718114825042e-01,-4.214617455277184233e-01,-1.480766030989077442e-01
7.465480934192154916e-02,9.969796272345393673e-02,7.436320122463829785e-01,-3.433855864068384722e-01,3.423198878837364623e-01,2.912265669030464355e-01,-1.045823875824844762e-01,-4.462565293266150812e-01,-8.154043528051269085e-02,5.519928236743292249e-01,3.083201552034157689e-01,2.395245285160976234e-01,-2.201041582722679524e-01,3.287911575467683534e-01,-7.567462438200799058e-02,4.489849132054011260e-01,2.780856439138728597e-01,-8.978189721906122689e-02,-7.968567073710394744e-02,-4.015004782602840661e-01,6.192540851085399645e-01,5.820064884646787284e-01,-3.266697871040951523e-02,3.911627900829977023e-01,4.266228303943890299e-01,6.217128124462739658e-01,4.901593234708473412e-01,6.606543810610596701e-01,4.631306128643034592e-01,2.507292452090749135e-01,5.888543960504090125e-01,5.270758669426005572e-01,1.000000000000000000e+00,1.284716764782696807e-01,2.727476423880485501e-01,1.274754489758223031e-01,3.607648295077558465e-01,-1.229211624466481634e-01,-9.991605032403276521e-02
5.996377246206275879e-01,6.925520224049965812e-01,2.939134117373311539e-01,3.190870091456508018e-01,7.218793163280931013e-01,-2.669383686701232161e-01,4.422422240091957168e-01,-8.811883330058181696e-03,7.960020800596451229e-01,1.388823248326595539e-01,-5.205775119898712333e-01,5.052466349610936769e-01,5.261849334700264835e-01,5.108424500505496235e-01,6.826381091410351765e-01,3.460087342295652402e-01,-3.052985821849065196e-01,6.658245736511803070e-01,6.400648502346856228e-01,-1.120573655032834764e-01,-2.667262023281587457e-01,-3.189010246181783748e-02,7.132451162680139012e-01,2.718083203652020829e-01,3.636318283305464139e-01,-1.964690840020502927e-01,-8.897291826129688497e-02,1.917626424176402944e-01,-3.515379806559421616e-01,5.014909641495733927e-01,-2.366270968479138037e-01,6.912409283895598611e-02,1.284716764782696807e-01,1.000000000000000000e+00,-3.494805710673995480e-01,1.460719237583675556e-01,-3.248860666223678528e-01,6.222513671505739419e-01,6.985736381984768428e-01
-1.913206543923428316e-01,-4.370552590310385899e-01,2.412254626779560540e-01,-5.816151954575848881e-01,9.940681127004595032e-04,7.382417081901122557e-01,-4.657965461985918432e-01,-4.210041078754589994e-01,-5.657799344532901120e-01,2.956697398196639348e-01,7.487658666902023974e-01,-4.062212631766633497e-01,-6.357920569822438361e-01,3.337707147765684446e-01,-6.348966041937825766e-01,6.229415106080185560e-02,7.353212882943935824e-01,-6.011403590310324674e-01,-6.413194209462702577e-01,-2.409141743007077452e-01,5.565766637125274530e-01,-7.931138745275338742e-02,-3.975751903400244203e-01,3.853041540093081196e-01,2.801953460653632266e-01,5.914713417865891110e-01,5.595236283077671402e-01,3.993632352265867880e-01,7.900817588012658543e-01,-2.140974762273170351e-01,4.729779994633385720e-01,4.423569271693946203e-01,2.727476423880485501e-01,-3.494805710673995480e-01,1.000000000000000000e+00,-1.501166237235572985e-02,7.721516457006818435e-01,-5.089620126584861737e-01,-5.568959437620153441e-01
3.095570258429924393e-01,3.378934883881954954e-01,1.563153221409604443e-01,7.125473298715105652e-02,2.099598869807159374e-01,1.791276020477728936e-01,4.218230604218011631e-02,-6.381543351225200944e-02,1.954859213842146670e-01,4.723154564965365010e-01,-1.832572031303488988e-02,1.224353287423573661e-01,6.572179834486391488e-03,2.191870661295845790e-01,6.882575741381533052e-02,4.322745229249001508e-01,6.856366942899506933e-02,1.752852796336120400e-01,1.731285327994192824e-01,3.529625341867236032e-02,-5.473147720048684300e-02,5.139218663451677882e-02,2.353821889997354533e-01,-2.572357642296327906e-01,1.913647880413312519e-01,3.631408243197125491e-02,7.271795860612560725e-02,1.333113585780353327e-01,2.064841418040402887e-02,5.099402266354460256e-01,9.739029232619844656e-02,1.392929066457224696e-01,1.274754489758223031e-01,1.460719237583675556e-01,-1.501166237235572985e-02,1.000000000000000000e+00,1.030748657964048326e-01,1.548423322260266966e-01,1.783786912414525028e-01
-1.979937451989127462e-01,-3.586989284139456835e-01,3.138509249327440798e-01,-5.718995310743986149e-01,2.253295830658490900e-02,7.924370052969821332e-01,-4.951905989057447943e-01,-4.423707554146121823e-01,-5.739253396317376410e-01,4.374302480729903020e-01,8.096438213569858711e-01,-3.905606509314920594e-01,-6.756538159892083728e-01,3.497164707383912940e-01,-6.550638634768891633e-01,1.827754005995548547e-01,7.704392452350513620e-01,-6.217759231914425921e-01,-6.529180012562647573e-01,-2.339653800116900662e-01,6.183942352705931178e-01,-3.615614110414569048e-03,-4.143839211464536154e-01,3.435555208501478996e-01,2.660912007148774072e-01,6.200804138428162027e-01,5.716324098790660502e-01,4.762506139157876572e-01,7.899429724009797704e-01,-8.247232935840953516e-02,5.831750809653115653e-01,5.461499718114825042e-01,3.607648295077558465e-01,-3.248860666223678528e-01,7.721516457006818435e-01,1.030748657964048326e-01,1.000000000000000000e+00,-5.739141613063672986e-01,-5.887548477569072292e-01
7.178492306291376357e-01,5.216341676834562735e-01,-6.360036380953580648e-02,5.987773547161350240e-01,3.878848600592492146e-01,-4.498702915347438935e-01,5.038817916276249198e-01,3.437198900374242028e-01,8.251992574057616103e-01,-9.400649580050196574e-02,-7.900324839857525427e-01,4.096070931806080617e-01,7.056750964084527178e-01,1.421400776406143984e-01,8.102110577504753053e-01,4.254148785779044567e-02,-5.023815943157630137e-01,8.584711250860300735e-01,7.953505012369965765e-01,1.604796793276679345e-01,-5.379644458433727738e-01,-4.200355269974906380e-02,6.007002002073876801e-01,-4.721844509661665690e-02,1.379473327228453450e-01,-3.864932630705971706e-01,-3.597301697504203255e-01,-2.549489495361377187e-02,-5.575097919090824528e-01,3.978725402445344450e-01,-5.306102317043643879e-01,-4.214617455277184233e-01,-1.229211624466481634e-01,6.222513671505739419e-01,-5.089620126584861737e-01,1.548423322260266966e-01,-5.739141613063672986e-01,1.000000000000000000e+00,7.737078264166612485e-01
4.633379272943020655e-01,7.713493145272031226e-01,3.992181136179041162e-02,5.511269990688323350e-01,4.886023376840920585e-01,-5.229087121666946558e-01,6.208197455075744609e-01,2.778765062435252786e-01,8.939628955220826345e-01,-1.052639184981407211e-01,-7.605433206501185373e-01,5.262163249130976661e-01,6.064097585995301687e-01,1.371237763577882740e-01,7.530098336694063255e-01,9.334282153995565601e-02,-6.028780939399833727e-01,8.245618228488165169e-01,8.924161351757969873e-01,-2.600214687196075042e-02,-5.477333755877806798e-01,5.279960528237016837e-02,7.332268198189458852e-01,-2.153919726642634924e-02,1.085112353669269308e-01,-5.510128419122656274e-01,-1.222171097324715600e-01,-1.627163273662367571e-01,-6.724787729389810620e-01,3.416586691792997121e-01,-2.792837571794731244e-01,-1.480766030989077442e-01,-9.991605032403276521e-02,6.985736381984768428e-01,-5.568959437620153441e-01,1.783786912414525028e-01,-5.887548477569072292e-01,7.737078264166612485e-01,1.000000000000000000e+00
