1.000000000000000000e+00,6.566463615617570415e-01,3.019307857030908981e-01,-1.069470624915520585e-01,3.991353699980407232e-01,3.206487788478534218e-01,5.622976354176226210e-02,-2.557450218976083933e-01,4.841729783732074410e-01,6.251099110750250043e-01,3.257812676859739853e-01,4.181702773109207683e-01,-4.696507458978109451e-02,4.830161631348718343e-01,1.521191434955131982e-01,5.638674992053882562e-01,4.584333479200121686e-01,2.912375368046358770e-01,4.099720310641298826e-01,3.333841990050188664e-01,2.174687128591061211e-02,2.279396158159944508e-01,5.342033509122791068e-01,4.076249606931472425e-01,5.761281301365295260e-01,7.041804707272707464e-01,5.181736833732167868e-01,3.739514904010824425e-01,5.506240451279797998e-01,5.566418976271293451e-01,4.593098716378250512e-01,4.244647394450534184e-01,4.481725212054442631e-01,3.143947346712627766e-01,3.366031171416449252e-01,5.315528118921192258e-01,3.200569081217542466e-01,3.405610294391507864e-01,2.194526768227548774e-01
6.566463615617570415e-01,1.000000000000000000e+00,1.070506402865572249e-01,-2.593798761059377955e-02,4.098249192145674846e-01,4.857134001892020048e-01,2.727956477570679383e-01,-9.292090318799892112e-02,5.168056691341089692e-01,6.759844283852163294e-01,5.579636102092736527e-01,5.832696949727755875e-01,3.372757231046395049e-02,5.812987727357099565e-01,1.823746054507189851e-01,6.832825364872853191e-01,6.079567751959935595e-01,3.658694127383047556e-01,4.719866696038719778e-01,4.142906813129114130e-01,-2.262735686123291678e-01,2.435564896742425656e-01,6.091033655488165000e-01,4.906333404143544130e-01,6.268257353595201309e-01,5.064424092312040937e-01,6.495653241733218008e-01,2.622668149800918558e-01,6.655351842619923186e-01,5.661955948711450137e-01,5.354785541247149006e-01,7.049161234215852723e-01,5.253108593482452848e-01,2.542949227332680917e-01,5.867418103050263678e-01,5.906951355107969981e-01,5.943458785891935214e-01,3.095334672238122531e-01,4.254850397887672275e-01
3.019307857030908981e-01,1.070506402865572249e-01,1.000000000000000000e+00,-3.730691641437908213e-01,6.731656411984766608e-01,-4.367748465222608817e-02,-1.615208980884221546e-01,-8.297056342330200174e-01,5.846188780072028024e-01,4.373071114978064333e-01,-4.493374087418977071e-03,-2.372208521753303365e-02,-2.469361934212101761e-01,4.484329035544071251e-01,-9.543750331445394197e-02,2.289872395620905776e-01,5.465848729774559767e-02,2.102695928201788467e-01,4.273929135976135552e-01,-7.080466447427119329e-03,3.838925618466306755e-01,2.001033210711338495e-01,3.302233496767722487e-01,2.812950672533231500e-01,3.833978022045231859e-01,3.854721687437720479e-01,1.159498246845718633e-05,6.854456478390720253e-01,2.168649050174296378e-01,4.965814268940493825e-01,3.725631807624378844e-01,-3.024522158078853367e-03,4.360718916253158439e-01,6.489232775656962326e-01,1.370850100297927102e-02,1.149713987106672081e-01,-7.177412332427085540e-02,2.864412788008632860e-01,-5.795064759919726222e-02
-1.069470624915520585e-01,-2.593798761059377955e-02,-3.730691641437908213e-01,1.000000000000000000e+00,-2.689723222003023162e-01,1.533346341296741577e-01,3.252419167330852234e-01,2.809384490886865926e-01,-2.780414590504682315e-01,-1.461069977776225937e-01,9.753900930574446737e-02,6.919016570580159564e-02,2.614480811054507026e-01,-1.063686700376780120e-01,-3.126843807493698973e-02,-5.968782663220027068e-02,4.445084784941084888e-02,2.826567231745900632e-01,3.922984959861945155e-03,1.792031335545997139e-01,-3.777333701816395495e-01,-2.481154842583811748e-01,-5.558036441836863850e-02,-9.458067598096564499e-02,-9.374623943619919686e-02,-1.880214026216889545e-01,4.700564087231671323e-02,-4.834976448160284712e-01,1.652394686508090738e-02,-9.426631507518552777e-02,-3.331133312989593698e-01,9.201870892052388395e-02,-1.769555957168624238e-01,-4.039060617031298706e-01,1.250048759912655849e-01,1.373278090137390606e-01,1.332341437070039269e-01,-5.415896293452453908e-02,5.093762687043355830e-02
3.991353699980407232e-01,4.098249192145674846e-01,6.731656411984766608e-01,-2.689723222003023162e-01,1.000000000000000000e+00,1.822526687709701276e-01,-3.465862893850907289e-02,-6.231015850003919221e-01,7.250757693853178143e-01,5.341767331850355571e-01,2.751171818895332688e-01,2.965793872659867603e-01,-9.110045248182917221e-02,6.719226448612171110e-01,3.374747519403058227e-02,4.279874814572414143e-01,3.024533095086585632e-01,2.814576214016247246e-01,5.172801399918306453e-01,1.731879339692793118e-01,1.466729589391683741e-01,2.580730934239435781e-01,4.094624224328854978e-01,4.492937454136318731e-01,5.348991491979138146e-01,4.948061986440403515e-01,2.819849552436578533e-01,6.217330154915841067e-01,4.812068079998580439e-01,5.466190555572895127e-01,4.154892049703683421e-01,3.677244750093713321e-01,6.378049480359153645e-01,7.280532547368007146e-01,2.640488366680507348e-01,3.510870949191583490e-01,2.152784727722577285e-01,3.608990956756505941e-01,1.016019888731521520e-01
3.206487788478534218e-01,4.857134001892020048e-01,-4.367748465222608817e-02,1.533346341296741577e-01,1.822526687709701276e-01,1.000000000000000000e+00,4.001249341129791137e-01,3.264029695634882572e-02,2.149711275829870039e-01,3.433494526532702151e-01,5.487758492751063644e-01,6.002256191294600418e-01,1.988857210352189819e-01,4.051730801414968886e-01,3.361598269761336688e-01,4.071289323304110308e-01,6.104934371671482118e-01,4.305204206014400237e-01,4.513816565658036462e-01,3.900387916419804091e-01,-3.945944153911881136e-01,3.267783186582141203e-02,3.863610774475485510e-01,2.807215649293165471e-01,5.478348427477208737e-01,3.891295622360421702e-01,5.874172741238208317e-01,-1.908650773097785372e-02,5.950981292669162981e-01,3.144974854886062876e-01,2.826987619887637027e-01,6.365279507970413864e-01,4.519625335275580524e-01,5.417063048234404925e-03,6.153554923925389497e-01,4.713559318863103642e-01,6.456404119569651989e-01,3.069222218469560559e-01,3.812654778832276770e-01
5.622976354176226210e-02,2.727956477570679383e-01,-1.615208980884221546e-01,3.252419167330852234e-01,-3.465862893850907289e-02,4.001249341129791137e-01,1.000000000000000000e+00,1.159476797666606634e-01,2.085401898706136861e-02,1.095886231876311567e-01,4.539059664345894696e-01,3.476509240467769990e-01,2.970061760195137346e-01,1.534066896519277190e-01,3.381428150402495114e-01,1.492778346363200226e-01,4.079925402212968844e-01,4.319635154140002986e-01,3.884568710732116403e-01,5.505101135915225763e-01,-5.968591476175418853e-01,-2.378330317020601048e-01,1.469872887113501669e-01,1.370328645278555690e-01,2.922933094687393818e-01,-6.002953194619970595e-02,3.224504545637901787e-01,-2.822929787252413392e-01,3.177779974804254559e-01,2.264260012437663561e-01,-1.944457952795365999e-02,4.218924479666096850e-01,2.742472753770490157e-01,-1.286723905936880408e-01,4.749079134453307316e-01,1.297856066111941209e-01,4.187113220788074575e-01,1.811628949948078660e-01,3.704448767565236555e-01
-2.557450218976083933e-01,-9.292090318799892112e-02,-8.297056342330200174e-01,2.809384490886865926e-01,-6.231015850003919221e-01,3.264029695634882572e-02,1.159476797666606634e-01,1.000000000000000000e+00,-4.858709035626921913e-01,-4.150169013103802151e-01,-5.291098040205161751e-02,2.042248703753777109e-02,8.907514183901929505e-02,-4.400903672149716894e-01,7.161686397590368014e-02,-1.922354569432229432e-01,-9.657300216024197748e-02,-2.918637278370693755e-01,-4.466385754313074719e-01,-6.406085238425821005e-02,-2.295465027522716472e-01,-3.459640609190233612e-02,-3.131401358032459559e-01,-2.524193789879066174e-01,-3.521805464700434318e-01,-3.101041511911457049e-01,-2.553635131779214557e-03,-5.626521983322946285e-01,-2.167938954646267402e-01,-4.792439256336051834e-01,-2.195626313185312650e-01,-1.802124142815102192e-02,-3.940572778713326563e-01,-5.619373702826699901e-01,-2.807471426023142036e-02,-1.143476847169651728e-01,5.050481858613252439e-02,-2.404185919878549793e-01,1.060217712973888643e-01
4.841729783732074410e-01,5.168056691341089692e-01,5.846188780072028024e-01,-2.780414590504682315e-01,7.250757693853178143e-01,2.149711275829870039e-01,2.085401898706136861e-02,-4.858709035626921913e-01,1.000000000000000000e+00,6.167154804855881078e-01,2.289120066936952136e-01,3.236117412807656968e-01,-2.728135394472074871e-01,6.820631280448604672e-01,-3.056731202063250885e-02,4.893307501023207995e-01,2.964606809701876844e-01,2.243415732041190713e-01,4.717213592790151511e-01,1.025992659632697784e-01,2.135558141412357280e-01,3.833928455697251936e-01,5.133264445977672175e-01,5.816834736599771905e-01,5.886068128352776041e-01,5.595648151753219723e-01,2.667075748417531145e-01,6.396836466420268152e-01,4.688592652007848582e-01,6.002274795965949483e-01,5.787639613896983226e-01,3.398323978449087068e-01,6.860661480567257220e-01,7.313090558911699013e-01,2.508742731753351163e-01,3.216289960862610542e-01,2.011659714724400028e-01,3.940459873217785902e-01,2.508676817879553211e-01
6.251099110750250043e-01,6.759844283852163294e-01,4.373071114978064333e-01,-1.461069977776225937e-01,5.341767331850355571e-01,3.433494526532702151e-01,1.095886231876311567e-01,-4.150169013103802151e-01,6.167154804855881078e-01,1.000000000000000000e+00,4.705089125481251577e-01,4.044757919552497416e-01,-1.093234745759904675e-01,6.700159010185442465e-01,1.103649934918245340e-01,7.625883771941377454e-01,5.190114370733089899e-01,3.814207507092592930e-01,5.699767351016284955e-01,3.736846298359545737e-01,2.298993394967729226e-02,3.411236440008518223e-01,7.378582409731949676e-01,5.307347458471209922e-01,6.819376812093381757e-01,5.617565937911427332e-01,5.216048319600731231e-01,5.024292750912373595e-01,5.669820475953569749e-01,7.656508050856534187e-01,6.026987695092711483e-01,5.138376618873570223e-01,5.627746821643851982e-01,4.042747282681359855e-01,4.057556579005678343e-01,5.587233785857800283e-01,3.867498562549603336e-01,4.301196804785038519e-01,3.202672976659323156e-01
3.257812676859739853e-01,5.579636102092736527e-01,-4.493374087418977071e-03,9.753900930574446737e-02,2.751171818895332688e-01,5.487758492751063644e-01,4.539059664345894696e-01,-5.291098040205161751e-02,2.289120066936952136e-01,4.705089125481251577e-01,1.000000000000000000e+00,6.185666182293009241e-01,3.832050363996301057e-01,4.925332371422149746e-01,3.738217839222576777e-01,5.477743496252106548e-01,7.927166523770018403e-01,3.406348776660835798e-01,3.871353626241326173e-01,6.270809919180961867e-01,-5.209172331174241055e-01,-4.340246714199246653e-02,4.929212774217743842e-01,3.125194128184947684e-01,5.049574747546878850e-01,2.262949955112724121e-01,6.351689770781459021e-01,-7.022368220529900951e-02,5.771332955036944101e-01,4.112717580683622476e-01,1.464599216823451455e-01,7.077995453607418552e-01,4.862801779944203595e-01,1.033522387823901517e-01,6.151255880207355808e-01,4.758362705286262040e-01,5.883753467405161697e-01,5.018937745339165923e-01,5.294487071146607438e-01
4.181702773109207683e-01,5.832696949727755875e-01,-2.372208521753303365e-02,6.919016570580159564e-02,2.965793872659867603e-01,6.002256191294600418e-01,3.476509240467769990e-01,2.042248703753777109e-02,3.236117412807656968e-01,4.044757919552497416e-01,6.185666182293009241e-01,1.000000000000000000e+00,3.608354373248663927e-01,4.448561222460590270e-01,4.823411957875540224e-01,4.960265629983773850e-01,6.038853213962738220e-01,3.032834636091373826e-01,3.496845691165859082e-01,5.351482768739435070e-01,-4.581685131761157326e-01,2.142105541607341318e-02,3.592985090777749968e-01,3.119247865259185404e-01,5.664400236683334589e-01,3.574689177657741079e-01,6.195265315241358373e-01,2.946088094597721827e-04,5.918009500532063205e-01,3.405357841347111947e-01,2.296964966861815005e-01,6.694323516369589111e-01,5.948655131469863244e-01,2.109487952457909377e-01,5.887574639664693299e-01,4.722564737031244575e-01,5.931213118887499469e-01,4.354421946750192673e-01,5.539181739836660512e-01
-4.696507458978109451e-02,3.372757231046395049e-02,-2.469361934212101761e-01,2.614480811054507026e-01,-9.110045248182917221e-02,1.988857210352189819e-01,2.970061760195137346e-01,8.907514183901929505e-02,-2.728135394472074871e-01,-1.093234745759904675e-01,3.832050363996301057e-01,3.608354373248663927e-01,1.000000000000000000e+00,3.031643470928086295e-02,3.841909138518196931e-01,-2.670255728539934481e-02,3.098043974778002529e-01,2.629977464755579586e-01,4.756173159469836292e-02,4.044446268047215964e-01,-6.509169221607297162e-01,-4.809631733373170848e-01,-6.756041871966456114e-02,-2.390952810980100096e-02,8.631763664895389376e-02,-1.698795413480821137e-01,1.854720658505718545e-01,-4.488689884872989477e-01,1.837322872304350541e-01,-7.479792083800027025e-02,-5.163516506423772023e-01,2.491016558253232871e-01,9.227843777146056692e-02,-1.885733787075758450e-01,3.145391799076319161e-01,1.555904134493689070e-02,2.788808277525568480e-01,6.842377942747619735e-02,1.232056173265658056e-01
4.830161631348718343e-01,5.812987727357099565e-01,4.484329035544071251e-01,-1.063686700376780120e-01,6.719226448612171110e-01,4.051730801414968886e-01,1.534066896519277190e-01,-4.400903672149716894e-01,6.820631280448604672e-01,6.700159010185442465e-01,4.925332371422149746e-01,4.448561222460590270e-01,3.031643470928086295e-02,1.000000000000000000e+00,1.054519780630698012e-01,5.748807539795089960e-01,5.733200040969845812e-01,4.526169565752946045e-01,6.004940596010142073e-01,3.434485375304727750e-01,-5.584419868785983621e-02,2.353253711337172649e-01,5.884146226339983521e-01,7.243576265597233554e-01,6.776934295422752941e-01,5.760707103806186336e-01,3.811006473302183672e-01,4.859092061159239750e-01,6.915618567706242059e-01,6.300592621733066556e-01,3.984874632073369671e-01,5.325021263016609385e-01,7.021765104582933237e-01,5.037511829939985697e-01,4.915095889458170331e-01,5.240123505393877723e-01,4.472359207015372262e-01,4.596359511064788128e-01,2.026121844683352047e-01
1.521191434955131982e-01,1.823746054507189851e-01,-9.543750331445394197e-02,-3.126843807493698973e-02,3.374747519403058227e-02,3.361598269761336688e-01,3.381428150402495114e-01,7.161686397590368014e-02,-3.056731202063250885e-02,1.103649934918245340e-01,3.738217839222576777e-01,4.823411957875540224e-01,3.841909138518196931e-01,1.054519780630698012e-01,1.000000000000000000e+00,9.934408593710722379e-02,3.840736300579127294e-01,2.820478919860422429e-02,9.824181066215223468e-02,5.613720800000095990e-01,-4.251183097700163005e-01,-1.048168302918768419e-01,7.113283455338478833e-02,2.334135723158817233e-02,3.302730074601020194e-01,1.363095891719206809e-01,2.686715135669253129e-01,-1.407925013416976012e-01,3.194647092575148006e-01,1.022936340365157293e-01,-5.017385799860955148e-02,2.937524218558631994e-01,3.256940691878386085e-01,4.697106978279563111e-02,3.259806559356061562e-01,1.515346634852281216e-01,2.629573112341491714e-01,2.492763500030587831e-01,2.226738453715799149e-01
5.638674992053882562e-01,6.832825364872853191e-01,2.289872395620905776e-01,-5.968782663220027068e-02,4.279874814572414143e-01,4.071289323304110308e-01,1.492778346363200226e-01,-1.922354569432229432e-01,4.893307501023207995e-01,7.625883771941377454e-01,5.477743496252106548e-01,4.960265629983773850e-01,-2.670255728539934481e-02,5.748807539795089960e-01,9.934408593710722379e-02,1.000000000000000000e+00,5.591149855286127179e-01,3.509861001880751896e-01,4.744568101012406891e-01,3.815026978132948221e-01,-8.930899050200938327e-02,3.231684440318091656e-01,6.603198980279673114e-01,4.520147525872500460e-01,6.000758015864322559e-01,4.728529682134117174e-01,6.400842713133484407e-01,3.079828204055636842e-01,5.240633866405116636e-01,6.285811555757084834e-01,5.360902361402972716e-01,6.197744878413500302e-01,4.866668542866618985e-01,2.445888879646747061e-01,4.443002032365170884e-01,6.058136850396881323e-01,5.242820615911778503e-01,4.157137171558353272e-01,4.383211251221382221e-01
4.584333479200121686e-01,6.079567751959935595e-01,5.465848729774559767e-02,4.445084784941084888e-02,3.024533095086585632e-01,6.104934371671482118e-01,4.079925402212968844e-01,-9.657300216024197748e-02,2.964606809701876844e-01,5.190114370733089899e-01,7.927166523770018403e-01,6.038853213962738220e-01,3.098043974778002529e-01,5.733200040969845812e-01,3.840736300579127294e-01,5.591149855286127179e-01,1.000000000000000000e+00,3.872781437078117173e-01,4.491011442643723095e-01,5.807461737255977807e-01,-4.428789216312972732e-01,-6.277345833773608462e-03,5.430922992471758359e-01,4.087944533579507267e-01,5.691942578484538995e-01,3.902230263285196288e-01,6.179924426308718299e-01,2.165300474783034626e-02,6.491701087924746094e-01,4.662688746722756239e-01,2.083074543137419798e-01,7.041395231027155477e-01,5.210931728302815591e-01,1.123005243085271887e-01,6.402706480994940774e-01,5.374326007887281209e-01,6.294595512790738256e-01,4.760347455514528647e-01,4.305071912555028524e-01
2.912375368046358770e-01,3.658694127383047556e-01,2.102695928201788467e-01,2.826567231745900632e-01,2.814576214016247246e-01,4.305204206014400237e-01,4.319635154140002986e-01,-2.918637278370693755e-01,2.243415732041190713e-01,3.814207507092592930e-01,3.406348776660835798e-01,3.032834636091373826e-01,2.629977464755579586e-01,4.526169565752946045e-01,2.820478919860422429e-02,3.509861001880751896e-01,3.872781437078117173e-01,1.000000000000000000e+00,6.975669329164139176e-01,3.932108478064560986e-01,-3.502139328729376722e-01,-1.298292477296071334e-01,3.151609949867962279e-01,3.725680823195742786e-01,4.370757882586494558e-01,2.561826500668210604e-01,3.962941484492702449e-01,1.105411679366346683e-01,5.176045419458341623e-01,4.484652990310921128e-01,1.445217716361795746e-01,4.617809951470822627e-01,3.416993981483040232e-01,-2.995527727020964696e-03,5.143785314124382779e-01,4.080176221415798832e-01,5.108776765582787593e-01,7.344696959592390828e-02,2.545616051144529435e-02
4.099720310641298826e-01,4.719866696038719778e-01,4.273929135976135552e-01,3.922984959861945155e-03,5.172801399918306453e-01,4.513816565658036462e-01,3.884568710732116403e-01,-4.466385754313074719e-01,4.717213592790151511e-01,5.699767351016284955e-01,3.871353626241326173e-01,3.496845691165859082e-01,4.756173159469836292e-02,6.004940596010142073e-01,9.824181066215223468e-02,4.744568101012406891e-01,4.491011442643723095e-01,6.975669329164139176e-01,1.000000000000000000e+00,4.137573670850880347e-01,-1.912445983144310246e-01,3.646636888833180989e-02,4.417545781212947054e-01,4.229127626310179577e-01,5.882196525599157066e-01,4.510516714045991749e-01,4.541741165794452861e-01,3.561032467319110717e-01,6.005164694584753660e-01,6.006311572530146359e-01,3.677016247219154765e-01,5.052239294821992965e-01,5.135543112961239443e-01,2.580410418426349883e-01,4.717998466850000239e-01,4.844267098932811266e-01,4.495668981713550894e-01,2.768841509009121182e-01,1.292788719765162464e-01
3.333841990050188664e-01,4.142906813129114130e-01,-7.080466447427119329e-03,1.792031335545997139e-01,1.731879339692793118e-01,3.900387916419804091e-01,5.505101135915225763e-01,-6.406085238425821005e-02,1.025992659632697784e-01,3.736846298359545737e-01,6.270809919180961867e-01,5.351482768739435070e-01,4.044446268047215964e-01,3.434485375304727750e-01,5.613720800000095990e-01,3.815026978132948221e-01,5.807461737255977807e-01,3.932108478064560986e-01,4.137573670850880347e-01,1.000000000000000000e+00,-5.286373659875641673e-01,-1.095181497987939845e-01,2.938218606455024751e-01,2.015303628906850719e-01,4.541617285722087116e-01,2.129881082991636754e-01,4.793213718069490592e-01,-7.434247192265332205e-02,5.298054033384754780e-01,3.697888356863585635e-01,3.535324676954600120e-02,5.681233529794027515e-01,4.228140244108870571e-01,2.236359166808603652e-02,5.274289989753514485e-01,3.975014691259637356e-01,4.492281186507197099e-01,3.206489528487179164e-01,2.765065659994900837e-01
2.174687128591061211e-02,-2.262735686123291678e-01,3.838925618466306755e-01,-3.777333701816395495e-01,1.466729589391683741e-01,-3.945944153911881136e-01,-5.968591476175418853e-01,-2.295465027522716472e-01,2.135558141412357280e-01,2.298993394967729226e-02,-5.209172331174241055e-01,-4.581685131761157326e-01,-6.509169221607297162e-01,-5.584419868785983621e-02,-4.251183097700163005e-01,-8.930899050200938327e-02,-4.428789216312972732e-01,-3.502139328729376722e-01,-1.912445983144310246e-01,-5.286373659875641673e-01,1.000000000000000000e+00,5.328693003552537055e-01,-6.484073349873023702e-03,5.622669409550759036e-03,-1.645243084289470248e-01,1.316303963445895620e-01,-3.995695631203232123e-01,5.484556816418004743e-01,-2.905160489598626605e-01,5.229896445160765392e-03,3.144221436546200676e-01,-4.526766577027908078e-01,-1.666855534918794124e-01,2.822091917115868154e-01,-4.495507195982797466e-01,-1.531787553313317674e-01,-4.498841655570450238e-01,-1.052169478432524730e-01,-3.129864010868326218e-01
2.279396158159944508e-01,2.435564896742425656e-01,2.001033210711338495e-01,-2.481154842583811748e-01,2.580730934239435781e-01,3.267783186582141203e-02,-2.378330317020601048e-01,-3.459640609190233612e-02,3.833928455697251936e-01,3.411236440008518223e-01,-4.340246714199246653e-02,2.142105541607341318e-02,-4.809631733373170848e-01,2.353253711337172649e-01,-1.048168302918768419e-01,3.231684440318091656e-01,-6.277345833773608462e-03,-1.298292477296071334e-01,3.646636888833180989e-02,-1.095181497987939845e-01,5.328693003552537055e-01,1.000000000000000000e+00,2.757352166251233472e-01,2.518572062291105085e-01,2.013950679468023419e-01,2.971275798969995607e-01,6.140040566794095767e-02,5.014170877426969986e-01,1.907309280727155221e-01,2.881404161963405097e-01,5.531069906747305698e-01,1.238786432408315458e-01,1.885915915713870239e-01,2.624654282305962094e-01,6.571287732467694098e-02,2.319135659538190397e-01,8.897811569342871374e-02,8.620544996155582451e-02,2.455982162422134726e-02
5.342033509122791068e-01,6.091033655488165000e-01,3.302233496767722487e-01,-5.558036441836863850e-02,4.094624224328854978e-01,3.863610774475485510e-01,1.469872887113501669e-01,-3.131401358032459559e-01,5.133264445977672175e-01,7.378582409731949676e-01,4.929212774217743842e-01,3.592985090777749968e-01,-6.756041871966456114e-02,5.884146226339983521e-01,7.113283455338478833e-02,6.603198980279673114e-01,5.430922992471758359e-01,3.151609949867962279e-01,4.417545781212947054e-01,2.938218606455024751e-01,-6.484073349873023702e-03,2.757352166251233472e-01,1.000000000000000000e+00,5.297558281162486615e-01,6.612972030291301984e-01,4.383781031372834258e-01,4.521248843064047951e-01,3.573860384361507991e-01,4.759753982535251393e-01,6.837880592953458070e-01,4.892640398126499868e-01,4.536377577857711452e-01,4.990923000079752203e-01,3.060525109257875576e-01,3.818703050732668580e-01,4.189192676267348703e-01,3.992776665945379500e-01,4.921523123830199298e-01,4.201959334218764441e-01
4.076249606931472425e-01,4.906333404143544130e-01,2.812950672533231500e-01,-9.458067598096564499e-02,4.492937454136318731e-01,2.807215649293165471e-01,1.370328645278555690e-01,-2.524193789879066174e-01,5.816834736599771905e-01,5.307347458471209922e-01,3.125194128184947684e-01,3.119247865259185404e-01,-2.390952810980100096e-02,7.243576265597233554e-01,2.334135723158817233e-02,4.520147525872500460e-01,4.087944533579507267e-01,3.725680823195742786e-01,4.229127626310179577e-01,2.015303628906850719e-01,5.622669409550759036e-03,2.518572062291105085e-01,5.297558281162486615e-01,1.000000000000000000e+00,5.796508170796836890e-01,4.802588201768795972e-01,2.380885434160985581e-01,3.769778236403662497e-01,5.775040356963405674e-01,5.180057626991467767e-01,3.591655092168557495e-01,3.866478066692534132e-01,5.916792208334025194e-01,3.682400545405570824e-01,4.185516722772457121e-01,3.157811463399374241e-01,3.917726449546091727e-01,3.542946175582233903e-01,1.705991036662301563e-01
5.761281301365295260e-01,6.268257353595201309e-01,3.833978022045231859e-01,-9.374623943619919686e-02,5.348991491979138146e-01,5.478348427477208737e-01,2.922933094687393818e-01,-3.521805464700434318e-01,5.886068128352776041e-01,6.819376812093381757e-01,5.049574747546878850e-01,5.664400236683334589e-01,8.631763664895389376e-02,6.776934295422752941e-01,3.302730074601020194e-01,6.000758015864322559e-01,5.691942578484538995e-01,4.370757882586494558e-01,5.882196525599157066e-01,4.541617285722087116e-01,-1.645243084289470248e-01,2.013950679468023419e-01,6.612972030291301984e-01,5.796508170796836890e-01,1.000000000000000000e+00,5.880988903909626364e-01,5.333562148148685012e-01,4.027256710522610916e-01,6.820903545971654935e-01,6.787643770206326366e-01,4.915981213650993387e-01,5.717432734836805919e-01,7.332740852450385649e-01,4.159435041317809389e-01,5.648689844116608905e-01,4.486667062363883796e-01,5.471069792797004228e-01,4.849441408123528752e-01,4.049225640080078570e-01
7.041804707272707464e-01,5.064424092312040937e-01,3.854721687437720479e-01,-1.880214026216889545e-01,4.948061986440403515e-01,3.891295622360421702e-01,-6.002953194619970595e-02,-3.101041511911457049e-01,5.595648151753219723e-01,5.617565937911427332e-01,2.262949955112724121e-01,3.574689177657741079e-01,-1.698795413480821137e-01,5.760707103806186336e-01,1.363095891719206809e-01,4.728529682134117174e-01,3.902230263285196288e-01,2.561826500668210604e-01,4.510516714045991749e-01,2.129881082991636754e-01,1.316303963445895620e-01,2.971275798969995607e-01,4.383781031372834258e-01,4.802588201768795972e-01,5.880988903909626364e-01,1.000000000000000000e+00,4.466553834452294258e-01,5.190334706785070251e-01,6.080287804715232003e-01,5.197645148838647700e-01,5.098246433497959362e-01,3.857763456809032987e-01,5.228602847432629597e-01,3.747332657406907130e-01,3.012846889292674635e-01,5.224038625130206226e-01,2.974228790539389933e-01,3.996779600758016415e-01,9.364996900087717291e-02
5.181736833732167868e-01,6.495653241733218008e-01,1.159498246845718633e-05,4.700564087231671323e-02,2.819849552436578533e-01,5.874172741238208317e-01,3.224504545637901787e-01,-2.553635131779214557e-03,2.667075748417531145e-01,5.216048319600731231e-01,6.351689770781459021e-01,6.195265315241358373e-01,1.854720658505718545e-01,3.811006473302183672e-01,2.686715135669253129e-01,6.400842713133484407e-01,6.179924426308718299e-01,3.962941484492702449e-01,4.541741165794452861e-01,4.793213718069490592e-01,-3.995695631203232123e-01,6.140040566794095767e-02,4.521248843064047951e-01,2.380885434160985581e-01,5.333562148148685012e-01,4.466553834452294258e-01,1.000000000000000000e+00,5.612136296402450708e-02,5.823240439475385610e-01,4.277848613603300043e-01,3.923720840920179587e-01,7.311036272379001222e-01,4.148781312970667434e-01,5.860318857850826263e-02,5.626682032523875332e-01,5.787639381987592646e-01,6.091676174324915927e-01,3.083290503454721998e-01,4.611117095258623344e-01
3.739514904010824425e-01,2.622668149800918558e-01,6.854456478390720253e-01,-4.834976448160284712e-01,6.217330154915841067e-01,-1.908650773097785372e-02,-2.822929787252413392e-01,-5.626521983322946285e-01,6.396836466420268152e-01,5.024292750912373595e-01,-7.022368220529900951e-02,2.946088094597721827e-04,-4.488689884872989477e-01,4.859092061159239750e-01,-1.407925013416976012e-01,3.079828204055636842e-01,2.165300474783034626e-02,1.105411679366346683e-01,3.561032467319110717e-01,-7.434247192265332205e-02,5.484556816418004743e-01,5.014170877426969986e-01,3.573860384361507991e-01,3.769778236403662497e-01,4.027256710522610916e-01,5.190334706785070251e-01,5.612136296402450708e-02,1.000000000000000000e+00,2.773269071393922869e-01,4.934201994192666252e-01,6.199625878224819253e-01,6.892246582919647757e-02,4.101897570726752984e-01,6.173467607839883131e-01,3.657112900754950352e-02,2.170168055665932516e-01,-1.521872836312065935e-02,1.386334928862811011e-01,-1.393794401158794938e-01
5.506240451279797998e-01,6.655351842619923186e-01,2.168649050174296378e-01,1.652394686508090738e-02,4.812068079998580439e-01,5.950981292669162981e-01,3.177779974804254559e-01,-2.167938954646267402e-01,4.688592652007848582e-01,5.669820475953569749e-01,5.771332955036944101e-01,5.918009500532063205e-01,1.837322872304350541e-01,6.915618567706242059e-01,3.194647092575148006e-01,5.240633866405116636e-01,6.491701087924746094e-01,5.176045419458341623e-01,6.005164694584753660e-01,5.298054033384754780e-01,-2.905160489598626605e-01,1.907309280727155221e-01,4.759753982535251393e-01,5.775040356963405674e-01,6.820903545971654935e-01,6.080287804715232003e-01,5.823240439475385610e-01,2.773269071393922869e-01,1.000000000000000000e+00,5.627590684868052362e-01,3.760221016700419638e-01,7.378618271058251521e-01,6.621553256642731533e-01,2.466944349245877854e-01,7.270962881470692807e-01,6.132055659090831501e-01,6.853921830787835789e-01,3.750055733149840753e-01,2.229845223851241454e-01
5.566418976271293451e-01,5.661955948711450137e-01,4.965814268940493825e-01,-9.426631507518552777e-02,5.466190555572895127e-01,3.144974854886062876e-01,2.264260012437663561e-01,-4.792439256336051834e-01,6.002274795965949483e-01,7.656508050856534187e-01,4.112717580683622476e-01,3.405357841347111947e-01,-7.479792083800027025e-02,6.300592621733066556e-01,1.022936340365157293e-01,6.285811555757084834e-01,4.662688746722756239e-01,4.484652990310921128e-01,6.006311572530146359e-01,3.697888356863585635e-01,5.229896445160765392e-03,2.881404161963405097e-01,6.837880592953458070e-01,5.180057626991467767e-01,6.787643770206326366e-01,5.197645148838647700e-01,4.277848613603300043e-01,4.934201994192666252e-01,5.627590684868052362e-01,1.000000000000000000e+00,5.105565155938995847e-01,4.548736629154446209e-01,5.585660300469980077e-01,3.840836578524582934e-01,4.378288474249943940e-01,4.720753376396829570e-01,3.755316094057765675e-01,4.313530898933006230e-01,2.549852752432804626e-01
4.593098716378250512e-01,5.354785541247149006e-01,3.725631807624378844e-01,-3.331133312989593698e-01,4.154892049703683421e-01,2.826987619887637027e-01,-1.944457952795365999e-02,-2.195626313185312650e-01,5.787639613896983226e-01,6.026987695092711483e-01,1.464599216823451455e-01,2.296964966861815005e-01,-5.163516506423772023e-01,3.984874632073369671e-01,-5.017385799860955148e-02,5.360902361402972716e-01,2.083074543137419798e-01,1.445217716361795746e-01,3.677016247219154765e-01,3.535324676954600120e-02,3.144221436546200676e-01,5.531069906747305698e-01,4.892640398126499868e-01,3.591655092168557495e-01,4.915981213650993387e-01,5.098246433497959362e-01,3.923720840920179587e-01,6.199625878224819253e-01,3.760221016700419638e-01,5.105565155938995847e-01,1.000000000000000000e+00,3.456423724029421551e-01,4.201627183240511654e-01,3.730828946021544357e-01,2.625579790119065282e-01,3.460424032549740403e-01,2.872537791247224970e-01,2.045345062157330474e-01,2.507451981500207761e-01
4.244647394450534184e-01,7.049161234215852723e-01,-3.024522158078853367e-03,9.201870892052388395e-02,3.677244750093713321e-01,6.365279507970413864e-01,4.218924479666096850e-01,-1.802124142815102192e-02,3.398323978449087068e-01,5.138376618873570223e-01,7.077995453607418552e-01,6.694323516369589111e-01,2.491016558253232871e-01,5.325021263016609385e-01,2.937524218558631994e-01,6.197744878413500302e-01,7.041395231027155477e-01,4.617809951470822627e-01,5.052239294821992965e-01,5.681233529794027515e-01,-4.526766577027908078e-01,1.238786432408315458e-01,4.536377577857711452e-01,3.866478066692534132e-01,5.717432734836805919e-01,3.857763456809032987e-01,7.311036272379001222e-01,6.892246582919647757e-02,7.378618271058251521e-01,4.548736629154446209e-01,3.456423724029421551e-01,1.000000000000000000e+00,5.434390782652737117e-01,1.146669993697669310e-01,7.404000207960347302e-01,6.043227178564338775e-01,7.747280597077081943e-01,3.285250476796506280e-01,4.310977324176382131e-01
4.481725212054442631e-01,5.253108593482452848e-01,4.360718916253158439e-01,-1.769555957168624238e-01,6.378049480359153645e-01,4.519625335275580524e-01,2.742472753770490157e-01,-3.940572778713326563e-01,6.860661480567257220e-01,5.627746821643851982e-01,4.862801779944203595e-01,5.948655131469863244e-01,9.227843777146056692e-02,7.021765104582933237e-01,3.256940691878386085e-01,4.866668542866618985e-01,5.210931728302815591e-01,3.416993981483040232e-01,5.135543112961239443e-01,4.228140244108870571e-01,-1.666855534918794124e-01,1.885915915713870239e-01,4.990923000079752203e-01,5.916792208334025194e-01,7.332740852450385649e-01,5.228602847432629597e-01,4.148781312970667434e-01,4.101897570726752984e-01,6.621553256642731533e-01,5.585660300469980077e-01,4.201627183240511654e-01,5.434390782652737117e-01,1.000000000000000000e+00,6.000141111933504634e-01,5.284462612825839845e-01,3.535549182818919500e-01,4.726208710353411169e-01,4.813851820271472515e-01,3.554886753474513772e-01
3.143947346712627766e-01,2.542949227332680917e-01,6.489232775656962326e-01,-4.039060617031298706e-01,7.280532547368007146e-01,5.417063048234404925e-03,-1.286723905936880408e-01,-5.619373702826699901e-01,7.313090558911699013e-01,4.042747282681359855e-01,1.033522387823901517e-01,2.109487952457909377e-01,-1.885733787075758450e-01,5.037511829939985697e-01,4.697106978279563111e-02,2.445888879646747061e-01,1.123005243085271887e-01,-2.995527727020964696e-03,2.580410418426349883e-01,2.236359166808603652e-02,2.822091917115868154e-01,2.624654282305962094e-01,3.060525109257875576e-01,3.682400545405570824e-01,4.159435041317809389e-01,3.747332657406907130e-01,5.860318857850826263e-02,6.173467607839883131e-01,2.466944349245877854e-01,3.840836578524582934e-01,3.730828946021544357e-01,1.146669993697669310e-01,6.000141111933504634e-01,1.000000000000000000e+00,2.593639609657039449e-02,7.043279090471703252e-02,-6.623966493598085203e-02,2.951892142184784906e-01,1.119187077964605842e-01
3.366031171416449252e-01,5.867418103050263678e-01,1.370850100297927102e-02,1.250048759912655849e-01,2.640488366680507348e-01,6.153554923925389497e-01,4.749079134453307316e-01,-2.807471426023142036e-02,2.508742731753351163e-01,4.057556579005678343e-01,6.151255880207355808e-01,5.887574639664693299e-01,3.145391799076319161e-01,4.915095889458170331e-01,3.259806559356061562e-01,4.443002032365170884e-01,6.402706480994940774e-01,5.143785314124382779e-01,4.717998466850000239e-01,5.274289989753514485e-01,-4.495507195982797466e-01,6.571287732467694098e-02,3.818703050732668580e-01,4.185516722772457121e-01,5.648689844116608905e-01,3.012846889292674635e-01,5.626682032523875332e-01,3.657112900754950352e-02,7.270962881470692807e-01,4.378288474249943940e-01,2.625579790119065282e-01,7.404000207960347302e-01,5.284462612825839845e-01,2.593639609657039449e-02,1.000000000000000000e+00,4.705865269839826781e-01,7.923973916056463729e-01,3.217576876293443688e-01,3.709217662508608182e-01
5.315528118921192258e-01,5.906951355107969981e-01,1.149713987106672081e-01,1.373278090137390606e-01,3.510870949191583490e-01,4.713559318863103642e-01,1.297856066111941209e-01,-1.143476847169651728e-01,3.216289960862610542e-01,5.587233785857800283e-01,4.758362705286262040e-01,4.722564737031244575e-01,1.555904134493689070e-02,5.240123505393877723e-01,1.515346634852281216e-01,6.058136850396881323e-01,5.374326007887281209e-01,4.080176221415798832e-01,4.844267098932811266e-01,3.975014691259637356e-01,-1.531787553313317674e-01,2.319135659538190397e-01,4.189192676267348703e-01,3.157811463399374241e-01,4.486667062363883796e-01,5.224038625130206226e-01,5.787639381987592646e-01,2.170168055665932516e-01,6.132055659090831501e-01,4.720753376396829570e-01,3.460424032549740403e-01,6.043227178564338775e-01,3.535549182818919500e-01,7.043279090471703252e-02,4.705865269839826781e-01,1.000000000000000000e+00,5.005479360868176908e-01,2.636607512704532974e-01,1.590656221094176592e-01
3.200569081217542466e-01,5.943458785891935214e-01,-7.177412332427085540e-02,1.332341437070039269e-01,2.152784727722577285e-01,6.456404119569651989e-01,4.187113220788074575e-01,5.050481858613252439e-02,2.011659714724400028e-01,3.867498562549603336e-01,5.883753467405161697e-01,5.931213118887499469e-01,2.788808277525568480e-01,4.472359207015372262e-01,2.629573112341491714e-01,5.242820615911778503e-01,6.294595512790738256e-01,5.108776765582787593e-01,4.495668981713550894e-01,4.492281186507197099e-01,-4.498841655570450238e-01,8.897811569342871374e-02,3.992776665945379500e-01,3.917726449546091727e-01,5.471069792797004228e-01,2.974228790539389933e-01,6.091676174324915927e-01,-1.521872836312065935e-02,6.853921830787835789e-01,3.755316094057765675e-01,2.872537791247224970e-01,7.747280597077081943e-01,4.726208710353411169e-01,-6.623966493598085203e-02,7.923973916056463729e-01,5.005479360868176908e-01,1.000000000000000000e+00,2.774846625613429651e-01,3.929400907148403732e-01
3.405610294391507864e-01,3.095334672238122531e-01,2.864412788008632860e-01,-5.415896293452453908e-02,3.608990956756505941e-01,3.069222218469560559e-01,1.811628949948078660e-01,-2.404185919878549793e-01,3.940459873217785902e-01,4.301196804785038519e-01,5.018937745339165923e-01,4.354421946750192673e-01,6.842377942747619735e-02,4.596359511064788128e-01,2.492763500030587831e-01,4.157137171558353272e-01,4.760347455514528647e-01,7.344696959592390828e-02,2.768841509009121182e-01,3.206489528487179164e-01,-1.052169478432524730e-01,8.620544996155582451e-02,4.921523123830199298e-01,3.542946175582233903e-01,4.849441408123528752e-01,3.996779600758016415e-01,3.083290503454721998e-01,1.386334928862811011e-01,3.750055733149840753e-01,4.313530898933006230e-01,2.045345062157330474e-01,3.285250476796506280e-01,4.813851820271472515e-01,2.951892142184784906e-01,3.217576876293443688e-01,2.636607512704532974e-01,2.774846625613429651e-01,1.000000000000000000e+00,6.076927321294599560e-01
2.194526768227548774e-01,4.254850397887672275e-01,-5.795064759919726222e-02,5.093762687043355830e-02,1.016019888731521520e-01,3.812654778832276770e-01,3.704448767565236555e-01,1.060217712973888643e-01,2.508676817879553211e-01,3.202672976659323156e-01,5.294487071146607438e-01,5.539181739836660512e-01,1.232056173265658056e-01,2.026121844683352047e-01,2.226738453715799149e-01,4.383211251221382221e-01,4.305071912555028524e-01,2.545616051144529435e-02,1.292788719765162464e-01,2.765065659994900837e-01,-3.129864010868326218e-01,2.455982162422134726e-02,4.201959334218764441e-01,1.705991036662301563e-01,4.049225640080078570e-01,9.364996900087717291e-02,4.611117095258623344e-01,-1.393794401158794938e-01,2.229845223851241454e-01,2.549852752432804626e-01,2.507451981500207761e-01,4.310977324176382131e-01,3.554886753474513772e-01,1.119187077964605842e-01,3.709217662508608182e-01,1.590656221094176592e-01,3.929400907148403732e-01,6.076927321294599560e-01,1.000000000000000000e+00
