1.000000000000000000e+00,4.267925649867828630e-01,2.537931903104806430e-01,3.715635655838784857e-01,5.099599307829439931e-01,-4.445200396023206713e-01,-4.996560601877051977e-01,-6.019965240252063143e-01,6.580146472681437375e-01,4.375829812326955115e-01,-3.092885569972333992e-01,6.149478522797553470e-01,-2.794720950262054651e-02,2.853454109400537231e-01,2.602638853159740528e-01,4.533950874240012530e-01,-4.200159410363866752e-01,6.162996420719460966e-01,5.225419540818569963e-01,-5.408864394715516832e-01,-3.547576136099757083e-01,-2.899146276630910624e-01,-3.717617011931695914e-01,-4.632296151051500388e-01,-9.683253597523827638e-02,5.551867359709432570e-01,4.729571191057967416e-01,4.428810367717175844e-02,-5.702581725479930613e-02,2.816442872320149005e-01,6.722601639970839094e-02,-4.712004191374035145e-01,4.899101131678690324e-01,5.019548047958201087e-01,-3.954451333553013481e-01,1.304407766707850747e-01,-4.525630395758662994e-01,7.125630139304092170e-01,6.180689459395348750e-01
4.267925649867828630e-01,1.000000000000000000e+00,-1.445086412987171554e-01,2.009726561600805039e-01,4.417095807360327253e-01,-3.270230262653213704e-01,-3.052791011090302820e-01,-1.689938245348716894e-01,4.369286075059806707e-01,4.415978147272826004e-01,1.996857093843647513e-01,3.261077435879005115e-01,-1.101025203549265419e-01,4.319069284386551355e-01,2.654811545685234475e-01,4.297805125345225963e-01,4.356139253793396560e-02,2.215511707417727461e-01,3.061578085235924784e-01,-2.537304965842240301e-01,-2.875007353670686050e-01,-4.941882459331473076e-01,-5.405958683103907064e-02,-2.577391535945527390e-01,7.458027025919308772e-02,5.775871702627675131e-01,2.715402665979176899e-01,1.451894926739080716e-01,1.188423230461285451e-01,4.731301388557100918e-01,3.220437646563839573e-01,6.964754556700533672e-02,3.952607604060620616e-01,2.263598098904856526e-01,-3.923386028121576552e-01,5.064813557697960267e-01,-1.292592673696849326e-01,4.177838202389725364e-01,4.484376775038095286e-01
2.537931903104806430e-01,-1.445086412987171554e-01,1.000000000000000000e+00,1.659530017751479070e-01,-7.101187901751317144e-02,9.397282316750198150e-02,-1.151933697604461126e-02,-5.420115829859470935e-01,2.852716301091908283e-02,-2.973227599677340932e-02,-3.752831922983889124e-01,1.015831654645585197e-01,1.790816495142372178e-01,-2.860780635884208611e-01,-5.323583181609376630e-02,-1.022705770615495169e-01,-3.822307647755328053e-01,2.870915215740516002e-01,2.488097324276796474e-01,2.040147520288012051e-01,3.379345729533314024e-01,4.087891493588136638e-01,-1.951583609098360705e-01,-2.517558555530975684e-02,-1.689366591409227070e-01,-2.141393336678389936e-01,-8.752246368148464128e-02,-3.516975391030047887e-02,-1.097727888697016957e-01,-2.703411120302521287e-01,-3.561954402154151600e-01,-3.069769295671626597e-01,-7.199359876518654500e-02,1.218535375984224345e-01,5.825545182377211278e-02,-3.806731338192334002e-01,-7.908481320774801704e-02,1.428208529371092494e-01,3.292430721414335570e-02
3.715635655838784857e-01,2.009726561600805039e-01,1.659530017751479070e-01,1.000000000000000000e+00,2.933399364667183540e-01,-3.581042343171813580e-01,-2.236214174223812579e-01,-4.153692081631891186e-01,2.349625714733138415e-01,9.033831373667394748e-02,-6.700336369059894936e-02,3.660896120544587240e-01,3.835209630428103832e-03,1.917986426977358883e-01,-6.529698312482073996e-02,1.698978717404809602e-01,-1.887449858636194022e-01,4.020094802500026043e-01,3.029680797443081719e-01,-9.539069776443259707e-02,-1.774383089673555736e-01,-2.102364792038608765e-01,-4.504673475043399211e-01,-4.339748872322244932e-01,-2.909110110317584263e-01,2.389765918875227935e-01,3.651293425039230933e-01,2.151425173158724446e-01,4.374658414340142770e-02,1.945863997151456859e-01,3.279790841088064957e-02,-2.082015529918032903e-01,2.866570265406499507e-01,1.736207160430925656e-01,-3.695378562947359558e-01,8.486999147084064998e-02,-3.804743455505491534e-01,2.716029506718741771e-01,2.390162424653367867e-01
5.099599307829439931e-01,4.417095807360327253e-01,-7.101187901751317144e-02,2.933399364667183540e-01,1.000000000000000000e+00,-7.038902698807052438e-01,-6.729238381943476455e-01,-5.335011986557127717e-01,7.352895835991712925e-01,6.771402173546487990e-01,1.972846562788907118e-02,7.440468221342881883e-01,-8.117899695620453548e-02,7.686810520760544163e-01,5.628649339399218743e-01,7.601873079612333495e-01,-9.054898079111511899e-02,6.943368716192058754e-01,7.299488721128314372e-01,-5.145415491811028419e-01,-6.562463656020579572e-01,-6.950378878809603256e-01,-3.347108495268625861e-01,-6.578357931640084200e-01,1.117083064072327686e-01,8.025231836545431152e-01,7.366004671306142226e-01,3.357776894580233873e-01,-1.574304152439997828e-01,7.139795702632407703e-01,3.266845161090852767e-01,-2.589967375347452805e-01,7.663348442177727593e-01,7.471532559717187771e-01,-5.945210916169219040e-01,6.206348799741691069e-01,-5.661957977893861127e-01,6.793845384641338248e-01,7.020916343386167657e-01
-4.445200396023206713e-01,-3.270230262653213704e-01,9.397282316750198150e-02,-3.581042343171813580e-01,-7.038902698807052438e-01,1.000000000000000000e+00,8.320023552359239183e-01,6.508659452640372933e-01,-6.825906005395553366e-01,-4.697692735278972687e-01,-6.263757952567293712e-04,-8.456171332927787665e-01,8.389035554425437746e-02,-7.281567538352494706e-01,-5.814465657638574481e-01,-6.250932045674804094e-01,1.419908681521668548e-01,-7.348061869550335246e-01,-4.907823273605623204e-01,4.098274847494604023e-01,7.721019390959540374e-01,7.837380111834493235e-01,6.331585031481078429e-01,8.426200305514127686e-01,2.307829542391383881e-01,-7.703277826194633304e-01,-8.863183294880107033e-01,-3.935781613396095446e-01,2.852719500693226551e-01,-5.256617831046339617e-01,-1.599430612698860554e-01,3.768039790530409716e-01,-8.459785757577752419e-01,-4.395058448216034863e-01,8.301327733282187760e-01,-3.699004926138039218e-01,8.480087072867550368e-01,-6.488543042728193155e-01,-7.216429301302706989e-01
-4.996560601877051977e-01,-3.052791011090302820e-01,-1.151933697604461126e-02,-2.236214174223812579e-01,-6.729238381943476455e-01,8.320023552359239183e-01,1.000000000000000000e+00,7.005578111733868907e-01,-7.068262249668714192e-01,-4.447174369056488552e-01,1.345130848954952385e-01,-8.689742799888134916e-01,-7.193783445322383951e-02,-5.839565001286842749e-01,-5.698668551804169091e-01,-5.564991765217413011e-01,2.661193365653997112e-01,-7.726757044668551844e-01,-5.373660675674380993e-01,4.434492790809397844e-01,7.238648137916395831e-01,6.734976705294263288e-01,5.493438597180140270e-01,8.035724523980942724e-01,2.338405024417163636e-01,-7.185402434366946478e-01,-7.993211965845855582e-01,-1.866846048913242406e-01,3.347987680350810180e-01,-4.629588534283619050e-01,-1.145666284404741470e-02,4.472201135030004493e-01,-7.646279711588654937e-01,-5.284945894910338948e-01,7.488941074324416691e-01,-2.448325176551726934e-01,7.927569147177488951e-01,-6.808526939526735600e-01,-7.475562788617159393e-01
-6.019965240252063143e-01,-1.689938245348716894e-01,-5.420115829859470935e-01,-4.153692081631891186e-01,-5.335011986557127717e-01,6.508659452640372933e-01,7.005578111733868907e-01,1.000000000000000000e+00,-5.832999328869460376e-01,-3.359783533275559342e-01,3.215877444044624167e-01,-7.584709874820104725e-01,-1.506378982900153651e-01,-3.442024279180579405e-01,-3.921697682742255608e-01,-3.979625927129129548e-01,4.334190550330806468e-01,-8.008149825394935695e-01,-5.886147427242687247e-01,2.525504886927001924e-01,4.429364557738403319e-01,3.370620614663225045e-01,6.486979291097096922e-01,7.179522254991018704e-01,3.437243810992902104e-01,-4.694454076712354373e-01,-6.449938999717932386e-01,-1.781534539229374936e-01,3.346617276706545518e-01,-2.169202452498246170e-01,1.754208317427126684e-01,5.636488673852569908e-01,-6.086728832820061941e-01,-4.603971600807835185e-01,6.138155140525609621e-01,3.504434389006932417e-03,7.312441015628494689e-01,-6.306210916208767614e-01,-5.912788863330330491e-01
6.580146472681437375e-01,4.369286075059806707e-01,2.852716301091908283e-02,2.349625714733138415e-01,7.352895835991712925e-01,-6.825906005395553366e-01,-7.068262249668714192e-01,-5.832999328869460376e-01,1.000000000000000000e+00,7.363545441983698758e-01,-7.133344615535132383e-02,7.972454619794007158e-01,-8.177920673924110595e-02,6.754683838196192669e-01,6.264340252086672001e-01,7.755956727264494699e-01,-2.035965288396790196e-01,6.781658950046491885e-01,5.731636958986008334e-01,-5.264664474192307653e-01,-5.709815612492307180e-01,-5.611169501421392480e-01,-2.669734537362237758e-01,-5.938384505121256929e-01,1.237037736127605397e-01,7.934962851849792775e-01,6.876774298028478505e-01,2.979295719198205572e-01,-1.107334807261357995e-01,6.718707024982891740e-01,2.760426087129686512e-01,-3.197442467148862155e-01,7.125450806666344672e-01,6.910842134304031603e-01,-5.832382475823552070e-01,4.487823776009694510e-01,-5.630803382183139361e-01,8.485502907026596375e-01,8.716808589111640915e-01
4.375829812326955115e-01,4.415978147272826004e-01,-2.973227599677340932e-02,9.033831373667394748e-02,6.771402173546487990e-01,-4.697692735278972687e-01,-4.447174369056488552e-01,-3.359783533275559342e-01,7.363545441983698758e-01,1.000000000000000000e+00,1.195131855987765362e-01,5.484696337433129232e-01,-1.633775945138192798e-01,6.993596706719825695e-01,6.281351922458014991e-01,8.833764957403620333e-01,5.579237780821726111e-02,4.372043399914419815e-01,4.506104542975103988e-01,-3.141932271133786037e-01,-3.490062673808106419e-01,-4.698214131705523156e-01,3.198920360817684994e-02,-3.503340919573756929e-01,4.678516360912839400e-01,6.587565955567252773e-01,4.841590984105910156e-01,3.729347370886564317e-01,6.324335417073674581e-02,6.814106925948907323e-01,4.480455615031287975e-01,-3.983719272486079682e-02,5.740950962408354341e-01,6.153572589927832626e-01,-3.479988648103735649e-01,5.565361515262702286e-01,-2.821417000956330523e-01,7.152512652618814304e-01,7.150000930403185295e-01
-3.092885569972333992e-01,1.996857093843647513e-01,-3.752831922983889124e-01,-6.700336369059894936e-02,1.972846562788907118e-02,-6.263757952567293712e-04,1.345130848954952385e-01,3.215877444044624167e-01,-7.133344615535132383e-02,1.195131855987765362e-01,1.000000000000000000e+00,-1.373303094815861991e-01,-3.808727120229756791e-01,2.289721905166172133e-01,1.032759951123296410e-01,1.649735462183543611e-01,8.635441270646717626e-01,-1.469522320607151988e-01,-1.112186412720703732e-01,2.009669602473616312e-01,5.714573146918874164e-02,-3.096369475410682970e-01,1.196371769973521432e-01,1.084980554022572791e-01,3.136405837028701793e-01,3.154090792482892175e-02,-5.964008262811787420e-02,3.291918676199588889e-01,6.650760794251414643e-01,1.256995022230914527e-01,4.789008972887817683e-01,7.815428813382780948e-01,1.539055145411538650e-01,-1.154882557716084696e-01,-6.042269653063334772e-02,4.085872404217909537e-01,1.912994894229932408e-01,-1.588213076571003413e-01,-7.152405983293898262e-02
6.149478522797553470e-01,3.261077435879005115e-01,1.015831654645585197e-01,3.660896120544587240e-01,7.440468221342881883e-01,-8.456171332927787665e-01,-8.689742799888134916e-01,-7.584709874820104725e-01,7.972454619794007158e-01,5.484696337433129232e-01,-1.373303094815861991e-01,1.000000000000000000e+00,9.312793230227133998e-03,6.193644880885204040e-01,6.054181695334869273e-01,6.500615873357332708e-01,-2.895862484287171079e-01,8.469772835298108316e-01,6.371711680209163342e-01,-4.912329662339153247e-01,-6.910303384713144537e-01,-6.478423325478337436e-01,-5.669942872907420828e-01,-7.934123528222707389e-01,-1.720076321255127605e-01,7.642447249040513757e-01,8.263090938680781594e-01,2.437343799318892057e-01,-2.719068058590418668e-01,5.291139386804982747e-01,4.950289117912862191e-02,-4.781394135887350183e-01,7.931014372485895025e-01,6.378856564978984123e-01,-7.479521590031752432e-01,2.769767096035997689e-01,-8.055437018878863764e-01,7.656428407193165420e-01,8.278784854093355072e-01
-2.794720950262054651e-02,-1.101025203549265419e-01,1.790816495142372178e-01,3.835209630428103832e-03,-8.117899695620453548e-02,8.389035554425437746e-02,-7.193783445322383951e-02,-1.506378982900153651e-01,-8.177920673924110595e-02,-1.633775945138192798e-01,-3.808727120229756791e-01,9.312793230227133998e-03,1.000000000000000000e+00,-2.187957622937878044e-01,-1.279893048929761079e-01,-2.442247051460962048e-01,-3.091177760477961112e-01,4.317201268500161365e-02,3.118746850477032567e-02,2.833399522475376232e-03,-9.960098497067546020e-02,1.773645115616581946e-01,6.305370720760872238e-02,-7.860667377646057830e-02,-2.515664773167535784e-01,-1.090836659777268680e-01,-1.096090193819755504e-01,-2.446190735064035504e-01,-3.775967973839396974e-01,-1.040418380626729616e-01,-4.597725441674753721e-01,-2.608493503024943982e-01,-1.707758222933902226e-01,-2.141968380956382062e-02,3.759256634954801640e-02,-3.312071269218615499e-01,1.743599574759802096e-02,-5.404366789626470491e-02,-4.758484342604312606e-02
2.853454109400537231e-01,4.319069284386551355e-01,-2.860780635884208611e-01,1.917986426977358883e-01,7.686810520760544163e-01,-7.281567538352494706e-01,-5.839565001286842749e-01,-3.442024279180579405e-01,6.754683838196192669e-01,6.993596706719825695e-01,2.289721905166172133e-01,6.193644880885204040e-01,-2.187957622937878044e-01,1.000000000000000000e+00,6.531117512702019345e-01,8.024789537430618847e-01,1.354246397814198588e-01,4.588327524456403683e-01,4.077929287219533294e-01,-3.310238859255889565e-01,-6.495865446149224898e-01,-7.730067585357544013e-01,-2.500949856523743131e-01,-5.946653562750772171e-01,2.076378509268119732e-01,7.900284226055385162e-01,7.282193390188798077e-01,5.515828356435724666e-01,-6.543701360520966237e-02,7.538234322774666207e-01,5.246404527009395080e-01,-3.924765424737476638e-02,7.720744156355423549e-01,4.550774976696131957e-01,-6.185092877745116402e-01,7.239062679674593825e-01,-5.090311487963824488e-01,6.008103352903645389e-01,6.590125127224532031e-01
2.602638853159740528e-01,2.654811545685234475e-01,-5.323583181609376630e-02,-6.529698312482073996e-02,5.628649339399218743e-01,-5.814465657638574481e-01,-5.698668551804169091e-01,-3.921697682742255608e-01,6.264340252086672001e-01,6.281351922458014991e-01,1.032759951123296410e-01,6.054181695334869273e-01,-1.279893048929761079e-01,6.531117512702019345e-01,1.000000000000000000e+00,6.787460707871912913e-01,-5.864281871546197025e-03,4.258842650042977129e-01,3.017633313013723950e-01,-2.645999444999052042e-01,-4.807965526139064139e-01,-5.054665796878647921e-01,-1.447508433950547013e-01,-4.551972899256441774e-01,2.401248226504336947e-01,5.936625692949396571e-01,5.548067491223693803e-01,2.425286252989569957e-01,-6.748627254779171469e-02,5.696106012942138141e-01,2.479895044753598898e-01,-1.262691667763773118e-01,6.079315687479589503e-01,4.520580413535953967e-01,-4.774681468520947658e-01,4.063394810695769577e-01,-4.448544617696038039e-01,5.838062955643201768e-01,6.290687445539883127e-01
4.533950874240012530e-01,4.297805125345225963e-01,-1.022705770615495169e-01,1.698978717404809602e-01,7.601873079612333495e-01,-6.250932045674804094e-01,-5.564991765217413011e-01,-3.979625927129129548e-01,7.755956727264494699e-01,8.833764957403620333e-01,1.649735462183543611e-01,6.500615873357332708e-01,-2.442247051460962048e-01,8.024789537430618847e-01,6.787460707871912913e-01,1.000000000000000000e+00,7.305474745379436641e-02,5.283368916990132114e-01,4.765298702430304512e-01,-3.901820124059636186e-01,-4.676007852604672776e-01,-6.176300958595973833e-01,-1.152568856738279274e-01,-4.825407555669802284e-01,3.979523349210233318e-01,7.571033725551338245e-01,6.371531115088632236e-01,4.509146621609377847e-01,5.184041996073360248e-02,7.143524316070091196e-01,5.173486813007066587e-01,-7.821834300712932064e-02,7.246162798319756293e-01,6.284569701132836084e-01,-4.624625201198716562e-01,6.241903032988493916e-01,-4.224642244533549640e-01,7.461514159622807396e-01,7.692971904351931789e-01
-4.200159410363866752e-01,4.356139253793396560e-02,-3.822307647755328053e-01,-1.887449858636194022e-01,-9.054898079111511899e-02,1.419908681521668548e-01,2.661193365653997112e-01,4.334190550330806468e-01,-2.035965288396790196e-01,5.579237780821726111e-02,8.635441270646717626e-01,-2.895862484287171079e-01,-3.091177760477961112e-01,1.354246397814198588e-01,-5.864281871546197025e-03,7.305474745379436641e-02,1.000000000000000000e+00,-2.726002025313277177e-01,-1.767030621764918707e-01,2.804432329661077361e-01,1.325030696719717294e-01,-1.710490194707172396e-01,2.253480371029772111e-01,2.291293382206902873e-01,3.440706443713004159e-01,-1.047031491617888277e-01,-1.930463297722865290e-01,2.789055782789994220e-01,6.024167543191424334e-01,1.092931722772976302e-02,4.231232735110399545e-01,7.935718412734390492e-01,8.747331344456496863e-03,-1.984243346779887562e-01,9.385211858100300786e-02,3.239667750436476812e-01,3.096700292996251713e-01,-2.710042370288811009e-01,-2.063966126583576255e-01
6.162996420719460966e-01,2.215511707417727461e-01,2.870915215740516002e-01,4.020094802500026043e-01,6.943368716192058754e-01,-7.348061869550335246e-01,-7.726757044668551844e-01,-8.008149825394935695e-01,6.781658950046491885e-01,4.372043399914419815e-01,-1.469522320607151988e-01,8.469772835298108316e-01,4.317201268500161365e-02,4.588327524456403683e-01,4.258842650042977129e-01,5.283368916990132114e-01,-2.726002025313277177e-01,1.000000000000000000e+00,7.622855069533345240e-01,-4.760614932758183149e-01,-5.577128571697365089e-01,-5.157274479102512688e-01,-6.403434743762741466e-01,-7.237510875851029812e-01,-2.259660090770421736e-01,6.165981959710398197e-01,6.961323983872149679e-01,2.169424593762486475e-01,-2.148292175496803180e-01,3.246871752391368160e-01,-7.792926299863793538e-02,-4.680126201570228295e-01,7.279732426847782545e-01,6.466788058625082547e-01,-6.394110688722889346e-01,1.381645599293418458e-01,-7.303288326280603648e-01,6.637289785684959975e-01,6.958815203249932857e-01
5.225419540818569963e-01,3.061578085235924784e-01,2.488097324276796474e-01,3.029680797443081719e-01,7.299488721128314372e-01,-4.907823273605623204e-01,-5.373660675674380993e-01,-5.886147427242687247e-01,5.731636958986008334e-01,4.506104542975103988e-01,-1.112186412720703732e-01,6.371711680209163342e-01,3.118746850477032567e-02,4.077929287219533294e-01,3.017633313013723950e-01,4.765298702430304512e-01,-1.767030621764918707e-01,7.622855069533345240e-01,1.000000000000000000e+00,-4.500390513300896456e-01,-4.167551110092664879e-01,-4.078952535496195853e-01,-3.702249555385184743e-01,-4.817819214981896581e-01,-3.085919278637039298e-02,5.604152003055521414e-01,4.924980795486231799e-01,1.643169098165965236e-01,-1.580406977303761007e-01,4.135676040754808214e-01,1.084844255396732364e-03,-3.194017572337324307e-01,5.585239691920541594e-01,7.075973212706188065e-01,-4.247332555236129625e-01,3.284828563375272736e-01,-4.438979878929777967e-01,5.179392587899722677e-01,5.244758764562549302e-01
-5.408864394715516832e-01,-2.537304965842240301e-01,2.040147520288012051e-01,-9.539069776443259707e-02,-5.145415491811028419e-01,4.098274847494604023e-01,4.434492790809397844e-01,2.525504886927001924e-01,-5.264664474192307653e-01,-3.141932271133786037e-01,2.009669602473616312e-01,-4.912329662339153247e-01,2.833399522475376232e-03,-3.310238859255889565e-01,-2.645999444999052042e-01,-3.901820124059636186e-01,2.804432329661077361e-01,-4.760614932758183149e-01,-4.500390513300896456e-01,1.000000000000000000e+00,4.771312696892998639e-01,4.399809479260680112e-01,2.089239427143638472e-01,2.935176820241667817e-01,-6.403272738909709938e-02,-5.769100165622282894e-01,-4.018164066302868376e-01,5.677944311364499508e-02,2.001923940002545421e-01,-3.172155005106490622e-01,-1.040106326090074751e-01,4.265078594943020329e-01,-4.777931674845354304e-01,-5.264174768627821743e-01,2.374876337163136786e-01,-2.469477510586687019e-01,2.996659420401254770e-01,-4.794344107431782187e-01,-4.998048744350994110e-01
-3.547576136099757083e-01,-2.875007353670686050e-01,3.379345729533314024e-01,-1.774383089673555736e-01,-6.562463656020579572e-01,7.721019390959540374e-01,7.238648137916395831e-01,4.429364557738403319e-01,-5.709815612492307180e-01,-3.490062673808106419e-01,5.714573146918874164e-02,-6.910303384713144537e-01,-9.960098497067546020e-02,-6.495865446149224898e-01,-4.807965526139064139e-01,-4.676007852604672776e-01,1.325030696719717294e-01,-5.577128571697365089e-01,-4.167551110092664879e-01,4.771312696892998639e-01,1.000000000000000000e+00,7.252793812091589132e-01,4.747127219316258362e-01,7.415441741687498478e-01,2.402739407008028794e-01,-7.056738279855377938e-01,-7.605995113402347352e-01,-1.628903616290268141e-01,4.077359539084302598e-01,-5.236305239139217305e-01,-8.165581310280049798e-02,3.636578953759813104e-01,-6.734082743463011278e-01,-3.622508007219306103e-01,7.236026622443070266e-01,-3.519546816890015140e-01,6.962355590801225791e-01,-4.841278922879198587e-01,-5.569204395174879307e-01
-2.899146276630910624e-01,-4.941882459331473076e-01,4.087891493588136638e-01,-2.102364792038608765e-01,-6.950378878809603256e-01,7.837380111834493235e-01,6.734976705294263288e-01,3.370620614663225045e-01,-5.611169501421392480e-01,-4.698214131705523156e-01,-3.096369475410682970e-01,-6.478423325478337436e-01,1.773645115616581946e-01,-7.730067585357544013e-01,-5.054665796878647921e-01,-6.176300958595973833e-01,-1.710490194707172396e-01,-5.157274479102512688e-01,-4.078952535496195853e-01,4.399809479260680112e-01,7.252793812091589132e-01,1.000000000000000000e+00,4.172109343478782040e-01,6.450686051742852145e-01,1.265679903794755985e-02,-7.882172233540231110e-01,-7.344784615596721133e-01,-4.078936716442946864e-01,7.025039687924497511e-02,-5.694852696178506202e-01,-3.771776027088334371e-01,5.524311363951340398e-02,-8.268479533730394015e-01,-3.532370017749139057e-01,7.017708038422034722e-01,-6.139433993192217054e-01,5.902687402496925584e-01,-4.825305514747196822e-01,-5.875896565554089568e-01
-3.717617011931695914e-01,-5.405958683103907064e-02,-1.951583609098360705e-01,-4.504673475043399211e-01,-3.347108495268625861e-01,6.331585031481078429e-01,5.493438597180140270e-01,6.486979291097096922e-01,-2.669734537362237758e-01,3.198920360817684994e-02,1.196371769973521432e-01,-5.669942872907420828e-01,6.305370720760872238e-02,-2.500949856523743131e-01,-1.447508433950547013e-01,-1.152568856738279274e-01,2.253480371029772111e-01,-6.403434743762741466e-01,-3.702249555385184743e-01,2.089239427143638472e-01,4.747127219316258362e-01,4.172109343478782040e-01,1.000000000000000000e+00,6.718935351100346898e-01,6.234437732300306401e-01,-3.208079235199642887e-01,-5.829976574974183867e-01,-1.784848496559472697e-01,2.458214281668923973e-01,3.528730877950881500e-02,1.841153391844380927e-01,4.054800931193255908e-01,-5.317715848693866931e-01,-1.495298205182097051e-01,6.099981929011825121e-01,8.511573227626503813e-02,7.293787691949473739e-01,-3.059257205817733638e-01,-3.055283159833681594e-01
-4.632296151051500388e-01,-2.577391535945527390e-01,-2.517558555530975684e-02,-4.339748872322244932e-01,-6.578357931640084200e-01,8.426200305514127686e-01,8.035724523980942724e-01,7.179522254991018704e-01,-5.938384505121256929e-01,-3.503340919573756929e-01,1.084980554022572791e-01,-7.934123528222707389e-01,-7.860667377646057830e-02,-5.946653562750772171e-01,-4.551972899256441774e-01,-4.825407555669802284e-01,2.291293382206902873e-01,-7.237510875851029812e-01,-4.817819214981896581e-01,2.935176820241667817e-01,7.415441741687498478e-01,6.450686051742852145e-01,6.718935351100346898e-01,1.000000000000000000e+00,3.750706377038383055e-01,-6.426079817164606078e-01,-8.386019484154240144e-01,-3.010841411525495559e-01,3.223422914452181987e-01,-4.344000703498372418e-01,-4.968148362756059921e-02,4.179379257755003740e-01,-7.304170918701882176e-01,-3.958702994459604718e-01,7.970846582283889203e-01,-2.242663891861281233e-01,8.527440071780421071e-01,-6.093426792751234222e-01,-6.233186922138770347e-01
-9.683253597523827638e-02,7.458027025919308772e-02,-1.689366591409227070e-01,-2.909110110317584263e-01,1.117083064072327686e-01,2.307829542391383881e-01,2.338405024417163636e-01,3.437243810992902104e-01,1.237037736127605397e-01,4.678516360912839400e-01,3.136405837028701793e-01,-1.720076321255127605e-01,-2.515664773167535784e-01,2.076378509268119732e-01,2.401248226504336947e-01,3.979523349210233318e-01,3.440706443713004159e-01,-2.259660090770421736e-01,-3.085919278637039298e-02,-6.403272738909709938e-02,2.402739407008028794e-01,1.265679903794755985e-02,6.234437732300306401e-01,3.750706377038383055e-01,1.000000000000000000e+00,8.981398731947351499e-02,-1.788799248496829308e-01,1.938791686336639730e-01,4.264827329919523846e-01,3.193481253357617899e-01,5.092152529307503173e-01,3.925114216375232279e-01,4.284225768543337490e-03,1.871293001026459457e-01,3.569553335179679876e-01,4.285948819085462214e-01,4.296292064975923419e-01,4.295665811030718872e-02,5.950682499271069126e-02
5.551867359709432570e-01,5.775871702627675131e-01,-2.141393336678389936e-01,2.389765918875227935e-01,8.025231836545431152e-01,-7.703277826194633304e-01,-7.185402434366946478e-01,-4.694454076712354373e-01,7.934962851849792775e-01,6.587565955567252773e-01,3.154090792482892175e-02,7.642447249040513757e-01,-1.090836659777268680e-01,7.900284226055385162e-01,5.936625692949396571e-01,7.571033725551338245e-01,-1.047031491617888277e-01,6.165981959710398197e-01,5.604152003055521414e-01,-5.769100165622282894e-01,-7.056738279855377938e-01,-7.882172233540231110e-01,-3.208079235199642887e-01,-6.426079817164606078e-01,8.981398731947351499e-02,1.000000000000000000e+00,7.677407183759090703e-01,3.563559202831389494e-01,-1.712978958702971732e-01,7.148728802815772498e-01,3.799416816207015213e-01,-2.701565861608362096e-01,8.088958405299285781e-01,5.697797462921032619e-01,-6.674444400218376705e-01,6.054747169516787597e-01,-5.880675442849507828e-01,7.303382055706508780e-01,7.934309634532913380e-01
4.729571191057967416e-01,2.715402665979176899e-01,-8.752246368148464128e-02,3.651293425039230933e-01,7.366004671306142226e-01,-8.863183294880107033e-01,-7.993211965845855582e-01,-6.449938999717932386e-01,6.876774298028478505e-01,4.841590984105910156e-01,-5.964008262811787420e-02,8.263090938680781594e-01,-1.096090193819755504e-01,7.282193390188798077e-01,5.548067491223693803e-01,6.371531115088632236e-01,-1.930463297722865290e-01,6.961323983872149679e-01,4.924980795486231799e-01,-4.018164066302868376e-01,-7.605995113402347352e-01,-7.344784615596721133e-01,-5.829976574974183867e-01,-8.386019484154240144e-01,-1.788799248496829308e-01,7.677407183759090703e-01,1.000000000000000000e+00,3.760914943123668253e-01,-2.879127507702523014e-01,5.802414140269565035e-01,2.308395532186033605e-01,-4.064806699761761011e-01,8.068623289578497060e-01,4.702223120631797149e-01,-7.903782981981072320e-01,4.061777344441703241e-01,-8.486893687655386875e-01,6.530074100447292862e-01,7.042699865839535667e-01
4.428810367717175844e-02,1.451894926739080716e-01,-3.516975391030047887e-02,2.151425173158724446e-01,3.357776894580233873e-01,-3.935781613396095446e-01,-1.866846048913242406e-01,-1.781534539229374936e-01,2.979295719198205572e-01,3.729347370886564317e-01,3.291918676199588889e-01,2.437343799318892057e-01,-2.446190735064035504e-01,5.515828356435724666e-01,2.425286252989569957e-01,4.509146621609377847e-01,2.789055782789994220e-01,2.169424593762486475e-01,1.643169098165965236e-01,5.677944311364499508e-02,-1.628903616290268141e-01,-4.078936716442946864e-01,-1.784848496559472697e-01,-3.010841411525495559e-01,1.938791686336639730e-01,3.563559202831389494e-01,3.760914943123668253e-01,1.000000000000000000e+00,2.089057876663538704e-01,3.392350979918735687e-01,4.865242626973996232e-01,2.064868747392359372e-01,4.663556098483506718e-01,1.291129956603585538e-01,-3.084679723663943385e-01,4.260211786677047807e-01,-2.383764501062166363e-01,2.769899833472241335e-01,2.983913353292750315e-01
-5.702581725479930613e-02,1.188423230461285451e-01,-1.097727888697016957e-01,4.374658414340142770e-02,-1.574304152439997828e-01,2.852719500693226551e-01,3.347987680350810180e-01,3.346617276706545518e-01,-1.107334807261357995e-01,6.324335417073674581e-02,6.650760794251414643e-01,-2.719068058590418668e-01,-3.775967973839396974e-01,-6.543701360520966237e-02,-6.748627254779171469e-02,5.184041996073360248e-02,6.024167543191424334e-01,-2.148292175496803180e-01,-1.580406977303761007e-01,2.001923940002545421e-01,4.077359539084302598e-01,7.025039687924497511e-02,2.458214281668923973e-01,3.223422914452181987e-01,4.264827329919523846e-01,-1.712978958702971732e-01,-2.879127507702523014e-01,2.089057876663538704e-01,1.000000000000000000e+00,-2.697079100054212281e-02,4.468823801542037288e-01,7.191432497200010987e-01,-8.147074359805658861e-02,-1.105335819453383828e-01,2.120209026248836559e-01,2.016806229945844742e-01,3.927109317111032727e-01,-1.523494733862310879e-01,-1.659218070169214965e-01
2.816442872320149005e-01,4.731301388557100918e-01,-2.703411120302521287e-01,1.945863997151456859e-01,7.139795702632407703e-01,-5.256617831046339617e-01,-4.629588534283619050e-01,-2.169202452498246170e-01,6.718707024982891740e-01,6.814106925948907323e-01,1.256995022230914527e-01,5.291139386804982747e-01,-1.040418380626729616e-01,7.538234322774666207e-01,5.696106012942138141e-01,7.143524316070091196e-01,1.092931722772976302e-02,3.246871752391368160e-01,4.135676040754808214e-01,-3.172155005106490622e-01,-5.236305239139217305e-01,-5.694852696178506202e-01,3.528730877950881500e-02,-4.344000703498372418e-01,3.193481253357617899e-01,7.148728802815772498e-01,5.802414140269565035e-01,3.392350979918735687e-01,-2.697079100054212281e-02,1.000000000000000000e+00,4.850354705338415506e-01,-3.416254738000729790e-02,5.395137747715023080e-01,5.092720378276870408e-01,-5.030261761731572578e-01,7.408798489269861065e-01,-3.266322509651200523e-01,5.503082999897102034e-01,6.103579345569480896e-01
6.722601639970839094e-02,3.220437646563839573e-01,-3.561954402154151600e-01,3.279790841088064957e-02,3.266845161090852767e-01,-1.599430612698860554e-01,-1.145666284404741470e-02,1.754208317427126684e-01,2.760426087129686512e-01,4.480455615031287975e-01,4.789008972887817683e-01,4.950289117912862191e-02,-4.597725441674753721e-01,5.246404527009395080e-01,2.479895044753598898e-01,5.173486813007066587e-01,4.231232735110399545e-01,-7.792926299863793538e-02,1.084844255396732364e-03,-1.040106326090074751e-01,-8.165581310280049798e-02,-3.771776027088334371e-01,1.841153391844380927e-01,-4.968148362756059921e-02,5.092152529307503173e-01,3.799416816207015213e-01,2.308395532186033605e-01,4.865242626973996232e-01,4.468823801542037288e-01,4.850354705338415506e-01,1.000000000000000000e+00,4.070732866331878141e-01,3.364522296673653767e-01,1.152593618600306208e-01,-9.927991249645691518e-02,6.754047720583016279e-01,5.621098104916957133e-02,2.213015097362000527e-01,2.446233236561100310e-01
-4.712004191374035145e-01,6.964754556700533672e-02,-3.069769295671626597e-01,-2.082015529918032903e-01,-2.589967375347452805e-01,3.768039790530409716e-01,4.472201135030004493e-01,5.636488673852569908e-01,-3.197442467148862155e-01,-3.983719272486079682e-02,7.815428813382780948e-01,-4.781394135887350183e-01,-2.608493503024943982e-01,-3.924765424737476638e-02,-1.262691667763773118e-01,-7.821834300712932064e-02,7.935718412734390492e-01,-4.680126201570228295e-01,-3.194017572337324307e-01,4.265078594943020329e-01,3.636578953759813104e-01,5.524311363951340398e-02,4.054800931193255908e-01,4.179379257755003740e-01,3.925114216375232279e-01,-2.701565861608362096e-01,-4.064806699761761011e-01,2.064868747392359372e-01,7.191432497200010987e-01,-3.416254738000729790e-02,4.070732866331878141e-01,1.000000000000000000e+00,-2.245141645558927090e-01,-2.971152485643824281e-01,2.603618860177597250e-01,2.646306204626269198e-01,5.312589763425755729e-01,-3.856190548223204506e-01,-3.542252639223615329e-01
4.899101131678690324e-01,3.952607604060620616e-01,-7.199359876518654500e-02,2.866570265406499507e-01,7.663348442177727593e-01,-8.459785757577752419e-01,-7.646279711588654937e-01,-6.086728832820061941e-01,7.125450806666344672e-01,5.740950962408354341e-01,1.539055145411538650e-01,7.931014372485895025e-01,-1.707758222933902226e-01,7.720744156355423549e-01,6.079315687479589503e-01,7.246162798319756293e-01,8.747331344456496863e-03,7.279732426847782545e-01,5.585239691920541594e-01,-4.777931674845354304e-01,-6.734082743463011278e-01,-8.268479533730394015e-01,-5.317715848693866931e-01,-7.304170918701882176e-01,4.284225768543337490e-03,8.088958405299285781e-01,8.068623289578497060e-01,4.663556098483506718e-01,-8.147074359805658861e-02,5.395137747715023080e-01,3.364522296673653767e-01,-2.245141645558927090e-01,1.000000000000000000e+00,5.120848941182521985e-01,-7.267515732990813548e-01,5.161953145174835722e-01,-7.032462301833197760e-01,6.682839671175763163e-01,7.256923101443947255e-01
5.019548047958201087e-01,2.263598098904856526e-01,1.218535375984224345e-01,1.736207160430925656e-01,7.471532559717187771e-01,-4.395058448216034863e-01,-5.284945894910338948e-01,-4.603971600807835185e-01,6.910842134304031603e-01,6.153572589927832626e-01,-1.154882557716084696e-01,6.378856564978984123e-01,-2.141968380956382062e-02,4.550774976696131957e-01,4.520580413535953967e-01,6.284569701132836084e-01,-1.984243346779887562e-01,6.466788058625082547e-01,7.075973212706188065e-01,-5.264174768627821743e-01,-3.622508007219306103e-01,-3.532370017749139057e-01,-1.495298205182097051e-01,-3.958702994459604718e-01,1.871293001026459457e-01,5.697797462921032619e-01,4.702223120631797149e-01,1.291129956603585538e-01,-1.105335819453383828e-01,5.092720378276870408e-01,1.152593618600306208e-01,-2.971152485643824281e-01,5.120848941182521985e-01,1.000000000000000000e+00,-3.000156660786019169e-01,3.488779205444608733e-01,-3.658121304919840222e-01,6.523875917585878481e-01,6.450162235531473609e-01
-3.954451333553013481e-01,-3.923386028121576552e-01,5.825545182377211278e-02,-3.695378562947359558e-01,-5.945210916169219040e-01,8.301327733282187760e-01,7.488941074324416691e-01,6.138155140525609621e-01,-5.832382475823552070e-01,-3.479988648103735649e-01,-6.042269653063334772e-02,-7.479521590031752432e-01,3.759256634954801640e-02,-6.185092877745116402e-01,-4.774681468520947658e-01,-4.624625201198716562e-01,9.385211858100300786e-02,-6.394110688722889346e-01,-4.247332555236129625e-01,2.374876337163136786e-01,7.236026622443070266e-01,7.017708038422034722e-01,6.099981929011825121e-01,7.970846582283889203e-01,3.569553335179679876e-01,-6.674444400218376705e-01,-7.903782981981072320e-01,-3.084679723663943385e-01,2.120209026248836559e-01,-5.030261761731572578e-01,-9.927991249645691518e-02,2.603618860177597250e-01,-7.267515732990813548e-01,-3.000156660786019169e-01,1.000000000000000000e+00,-3.315422399398586517e-01,7.964343461198065688e-01,-5.403934641989384113e-01,-6.087482515624093038e-01
1.304407766707850747e-01,5.064813557697960267e-01,-3.806731338192334002e-01,8.486999147084064998e-02,6.206348799741691069e-01,-3.699004926138039218e-01,-2.448325176551726934e-01,3.504434389006932417e-03,4.487823776009694510e-01,5.565361515262702286e-01,4.085872404217909537e-01,2.769767096035997689e-01,-3.312071269218615499e-01,7.239062679674593825e-01,4.063394810695769577e-01,6.241903032988493916e-01,3.239667750436476812e-01,1.381645599293418458e-01,3.284828563375272736e-01,-2.469477510586687019e-01,-3.519546816890015140e-01,-6.139433993192217054e-01,8.511573227626503813e-02,-2.242663891861281233e-01,4.285948819085462214e-01,6.054747169516787597e-01,4.061777344441703241e-01,4.260211786677047807e-01,2.016806229945844742e-01,7.408798489269861065e-01,6.754047720583016279e-01,2.646306204626269198e-01,5.161953145174835722e-01,3.488779205444608733e-01,-3.315422399398586517e-01,1.000000000000000000e+00,-1.178743200319680856e-01,3.094392949410937899e-01,3.693007136585828021e-01
-4.525630395758662994e-01,-1.292592673696849326e-01,-7.908481320774801704e-02,-3.804743455505491534e-01,-5.661957977893861127e-01,8.480087072867550368e-01,7.927569147177488951e-01,7.312441015628494689e-01,-5.630803382183139361e-01,-2.821417000956330523e-01,1.912994894229932408e-01,-8.055437018878863764e-01,1.743599574759802096e-02,-5.090311487963824488e-01,-4.448544617696038039e-01,-4.224642244533549640e-01,3.096700292996251713e-01,-7.303288326280603648e-01,-4.438979878929777967e-01,2.996659420401254770e-01,6.962355590801225791e-01,5.902687402496925584e-01,7.293787691949473739e-01,8.527440071780421071e-01,4.296292064975923419e-01,-5.880675442849507828e-01,-8.486893687655386875e-01,-2.383764501062166363e-01,3.927109317111032727e-01,-3.266322509651200523e-01,5.621098104916957133e-02,5.312589763425755729e-01,-7.032462301833197760e-01,-3.658121304919840222e-01,7.964343461198065688e-01,-1.178743200319680856e-01,1.000000000000000000e+00,-5.633913573186115631e-01,-6.013072389606373136e-01
7.125630139304092170e-01,4.177838202389725364e-01,1.428208529371092494e-01,2.716029506718741771e-01,6.793845384641338248e-01,-6.488543042728193155e-01,-6.808526939526735600e-01,-6.306210916208767614e-01,8.485502907026596375e-01,7.152512652618814304e-01,-1.588213076571003413e-01,7.656428407193165420e-01,-5.404366789626470491e-02,6.008103352903645389e-01,5.838062955643201768e-01,7.461514159622807396e-01,-2.710042370288811009e-01,6.637289785684959975e-01,5.179392587899722677e-01,-4.794344107431782187e-01,-4.841278922879198587e-01,-4.825305514747196822e-01,-3.059257205817733638e-01,-6.093426792751234222e-01,4.295665811030718872e-02,7.303382055706508780e-01,6.530074100447292862e-01,2.769899833472241335e-01,-1.523494733862310879e-01,5.503082999897102034e-01,2.213015097362000527e-01,-3.856190548223204506e-01,6.682839671175763163e-01,6.523875917585878481e-01,-5.403934641989384113e-01,3.094392949410937899e-01,-5.633913573186115631e-01,1.000000000000000000e+00,8.699916784000156778e-01
6.180689459395348750e-01,4.484376775038095286e-01,3.292430721414335570e-02,2.390162424653367867e-01,7.020916343386167657e-01,-7.216429301302706989e-01,-7.475562788617159393e-01,-5.912788863330330491e-01,8.716808589111640915e-01,7.150000930403185295e-01,-7.152405983293898262e-02,8.278784854093355072e-01,-4.758484342604312606e-02,6.590125127224532031e-01,6.290687445539883127e-01,7.692971904351931789e-01,-2.063966126583576255e-01,6.958815203249932857e-01,5.244758764562549302e-01,-4.998048744350994110e-01,-5.569204395174879307e-01,-5.875896565554089568e-01,-3.055283159833681594e-01,-6.233186922138770347e-01,5.950682499271069126e-02,7.934309634532913380e-01,7.042699865839535667e-01,2.983913353292750315e-01,-1.659218070169214965e-01,6.103579345569480896e-01,2.446233236561100310e-01,-3.542252639223615329e-01,7.256923101443947255e-01,6.450162235531473609e-01,-6.087482515624093038e-01,3.693007136585828021e-01,-6.013072389606373136e-01,8.699916784000156778e-01,1.000000000000000000e+00
