1.000000000000000000e+00,8.181792128805156494e-01,4.047975298246946352e-01,3.166504486223671866e-01,1.102113393190018442e-01,6.365845398982711290e-02,2.393797338797114538e-01,-3.789335761756495446e-01,6.738403552506525562e-01,4.769353792837100481e-01,-1.842990628273362685e-01,1.988477093551747343e-01,-6.820253121080945002e-02,4.093273187366429644e-01,1.723154028252918413e-01,3.622426485528552065e-01,-1.079636544747904769e-01,1.438387536707233239e-01,1.215146995685071479e-01,4.787455373741604792e-01,3.618507815717097453e-01,2.270123845071526647e-01,4.818478946305130295e-01,4.191395263948161087e-01,3.933287361651814917e-01,6.640068737819756484e-01,6.232581090850738414e-01,4.913560555798942020e-01,6.918780324388610348e-01,4.878693670117436598e-01,6.214564742432953093e-01,5.922147559457141552e-01,-5.613369671374240227e-02,2.802245086615142156e-01,6.440556815573915683e-01,5.307028529653716742e-01,7.099653288980507515e-01,5.351744172063060967e-01,5.581269740489612774e-01
8.181792128805156494e-01,1.000000000000000000e+00,4.279627054695785415e-01,2.336176272629742479e-01,2.796226455044761305e-01,1.231638469352085291e-01,3.537445642618118335e-01,-3.904236532953413441e-01,6.919483868531343118e-01,5.370931827628109279e-01,-2.164711446640931250e-02,1.958855438309309582e-01,1.235073723996424899e-01,4.661103194803122851e-01,2.663495891033794694e-01,4.405641071638988771e-01,8.465629870370260102e-02,2.665846881678698987e-01,2.362636634625561449e-01,3.962895958895319426e-01,3.914150209613005971e-01,2.838593690900477751e-01,4.209695060152068846e-01,4.875815305610531891e-01,2.824991329097708004e-01,6.698292269251640008e-01,6.117668493378179972e-01,5.272630651888529085e-01,6.257876141753215826e-01,5.039928046291520802e-01,6.084201275400780151e-01,5.740922739776611605e-01,1.979154292716015784e-01,4.455850378691097458e-01,5.683821036221571310e-01,6.461057808515584533e-01,7.111133853605466904e-01,4.744489190935624046e-01,5.860187384292406820e-01
4.047975298246946352e-01,4.279627054695785415e-01,1.000000000000000000e+00,2.686669684153809579e-01,7.078838835036266319e-01,1.474985877343314156e-02,1.920196600893373795e-01,-9.436558706755823200e-01,6.437098946136129429e-01,5.707009372298332828e-01,-2.042129121735262454e-01,2.966371241399151093e-01,8.119102559236025807e-02,5.808509643307341319e-01,3.281447270327901289e-01,4.654477015780232874e-01,-3.791820899621028279e-02,4.615530352989128393e-01,3.152135806701735765e-01,5.899454985238898885e-01,6.736788834498965706e-01,5.585730914285855775e-01,4.906874236124098010e-01,5.269313365189225440e-01,3.322028459044332749e-01,5.533873675264368019e-01,5.621243760102261344e-01,5.838264211371362311e-01,5.718050789916808707e-01,5.545452340259864332e-01,5.659902005511388001e-01,4.483037200509476516e-01,4.997499748655904739e-01,5.250496828651909365e-01,5.605596600793381068e-01,4.904727287187901075e-01,5.820066671499026789e-01,5.530977556539781181e-01,5.651265175889809145e-01
3.166504486223671866e-01,2.336176272629742479e-01,2.686669684153809579e-01,1.000000000000000000e+00,9.987268641477464737e-02,-6.399390534307504430e-02,2.064147583600889624e-01,-2.604157176585128464e-01,2.572816946555175899e-01,7.079264487357714297e-02,-5.828477170712119682e-01,-6.899920527300663908e-02,-3.384516539887861830e-01,3.441914801880756047e-01,1.162614460656021757e-03,1.029531582152418828e-01,-4.248472087582325085e-01,1.320102124252530429e-01,-1.202890220641828073e-01,4.664493505945718765e-01,4.051042133691800107e-01,2.303282278328521726e-01,3.399592640587601466e-01,3.069371313810670410e-01,1.897097413824256895e-01,3.076016097453708742e-01,2.414084506030083899e-01,3.729173581583544173e-01,3.953875271165321337e-01,3.048674268311749591e-01,3.423378159744858706e-01,1.771128381309941269e-01,-1.020878354876077476e-01,1.420993724713698059e-01,2.870205202787523557e-01,7.476850028373845103e-02,2.243262922673088244e-01,1.763074540685921066e-01,2.621295859686707461e-02
1.102113393190018442e-01,2.796226455044761305e-01,7.078838835036266319e-01,9.987268641477464737e-02,1.000000000000000000e+00,8.648330117266958550e-02,2.884620883463950847e-01,-6.901664196088481695e-01,5.606683991023188041e-01,5.491750965410849838e-01,2.500702128244930780e-02,3.837382353075471375e-01,3.200921354968473964e-01,6.014781174844556766e-01,4.087192932918305432e-01,4.265566445121604100e-01,1.754202114066351625e-01,5.437581242462989906e-01,4.917630620219453630e-01,3.470434803292585246e-01,5.208591323525763039e-01,4.851634538318349565e-01,3.247854857878337831e-01,5.809996622326483173e-01,1.851965385945126830e-01,3.305226683395825482e-01,4.371093916649468336e-01,4.069562169151194064e-01,3.165564637303796558e-01,4.143795069173026313e-01,3.597437733720180719e-01,3.434209715723968714e-01,7.270103000408697502e-01,7.032553212350686200e-01,3.335684256560611516e-01,5.241917659954147268e-01,4.048678489234373012e-01,4.450024264761383019e-01,5.471791686587356152e-01
6.365845398982711290e-02,1.231638469352085291e-01,1.474985877343314156e-02,-6.399390534307504430e-02,8.648330117266958550e-02,1.000000000000000000e+00,3.988440550445819244e-01,6.615318135309789654e-03,1.438151502639458843e-03,2.227868080600368395e-01,4.450946683625952582e-01,2.879844584164961002e-02,3.996839597103391539e-01,1.146953835642989528e-01,-9.666553996791069081e-02,5.050083430041583249e-02,2.677021970567833864e-01,-1.749962264479654750e-01,1.641438438192716759e-02,-1.323255299051936951e-01,1.935948036136404815e-02,2.386004774465393108e-01,-3.340740867058723459e-03,8.205215316014581595e-02,2.084930425554408495e-01,-6.833086091644670346e-02,1.385493160229813933e-02,-1.044476427937862661e-01,-3.995436054320108260e-02,-1.413909185172295968e-01,-7.568484446941209365e-02,1.619615903163109383e-01,2.283630538711067526e-01,-5.742307079115389207e-02,2.619774543875912354e-01,3.131508030339156257e-01,2.457145096153785513e-01,-1.018811415388886643e-01,3.142993955990698585e-02
2.393797338797114538e-01,3.537445642618118335e-01,1.920196600893373795e-01,2.064147583600889624e-01,2.884620883463950847e-01,3.988440550445819244e-01,1.000000000000000000e+00,-1.381845312024750361e-01,3.365509990635799920e-01,4.762213980151059345e-01,2.868627664781262521e-01,4.066766173412307284e-01,2.338744983831196889e-01,4.104276082861066932e-01,4.489794412953391767e-01,5.512370499554724024e-01,1.534850585725047178e-01,4.130973193710615332e-01,4.751574746863713727e-01,2.369379580404309127e-01,3.580062990607258411e-01,4.539551135398824933e-01,2.788723886159506504e-01,4.076259500036715222e-01,2.698103917785391603e-01,3.152984324305562747e-01,2.257090255196098072e-01,4.179149359831291766e-01,1.860361892654940064e-01,3.553496990680671264e-01,2.839382611404586698e-01,8.471136540507072377e-02,3.867697493144865994e-01,3.245943921267517296e-01,3.460241975487673982e-01,3.408723596386560306e-01,3.263193888798776587e-01,1.891065198336760456e-01,2.922079324680935675e-01
-3.789335761756495446e-01,-3.904236532953413441e-01,-9.436558706755823200e-01,-2.604157176585128464e-01,-6.901664196088481695e-01,6.615318135309789654e-03,-1.381845312024750361e-01,1.000000000000000000e+00,-6.120245488417838109e-01,-5.395181690352687243e-01,2.134266085221671605e-01,-2.774284928586142618e-01,-3.792388195377399684e-02,-5.501758871946496043e-01,-3.087516537137377504e-01,-4.252519201398741178e-01,5.525096906693616194e-02,-4.333404849025447314e-01,-2.771522804163566445e-01,-5.812945695780643574e-01,-6.386875682133207333e-01,-5.150556924746296783e-01,-4.692703433495129528e-01,-4.844157563916262066e-01,-3.139248854456666016e-01,-5.262865729582251184e-01,-5.271738311754470274e-01,-5.567119234755533164e-01,-5.658077520627203816e-01,-5.320163613859607565e-01,-5.442647255176278343e-01,-4.417339985656202894e-01,-4.581421795669619046e-01,-4.903148805347347650e-01,-5.395332903199611119e-01,-4.612060902652103112e-01,-5.570976256544829530e-01,-5.449374101099259127e-01,-5.359487449352760002e-01
6.738403552506525562e-01,6.919483868531343118e-01,6.437098946136129429e-01,2.572816946555175899e-01,5.606683991023188041e-01,1.438151502639458843e-03,3.365509990635799920e-01,-6.120245488417838109e-01,1.000000000000000000e+00,6.587223960354339214e-01,-8.940711028268079341e-02,5.076293375062486124e-01,-1.474804673914791031e-02,7.650449479970813371e-01,5.253181919744694950e-01,5.322582559853680229e-01,7.566613778301792270e-02,5.081010943428845295e-01,4.184522508412787389e-01,5.768019684388420165e-01,5.424841096636537907e-01,3.352354202169711694e-01,6.010387473873251007e-01,7.152512866335005715e-01,4.064133948751472714e-01,7.142909923856852750e-01,7.111874434477678530e-01,6.851167372526495436e-01,7.386506234493325218e-01,6.989163884524611792e-01,7.322073417417671592e-01,6.515080033074569510e-01,3.586925154362708423e-01,6.767615995775841942e-01,6.762490970186006978e-01,6.174681634885257342e-01,7.470700816167797909e-01,7.224714016753018830e-01,7.340696824026906597e-01
4.769353792837100481e-01,5.370931827628109279e-01,5.707009372298332828e-01,7.079264487357714297e-02,5.491750965410849838e-01,2.227868080600368395e-01,4.762213980151059345e-01,-5.395181690352687243e-01,6.587223960354339214e-01,1.000000000000000000e+00,1.454352339154153240e-01,6.483736589189247335e-01,1.754487681385704101e-01,6.325456673222028536e-01,5.289770232912675008e-01,7.624482430945737077e-01,1.076539173501264296e-01,4.641865557589926472e-01,5.655505047882443126e-01,4.703123271498256819e-01,5.520594625909810427e-01,4.845598219821642405e-01,6.287654022533953890e-01,5.963013311202306488e-01,5.730640553511737734e-01,5.773596134298140115e-01,6.391198677295695241e-01,5.579486478742876621e-01,5.833734344177462505e-01,6.888532910025946254e-01,5.913417192451394522e-01,4.894670226032855620e-01,3.989543772307858061e-01,4.945068287614385327e-01,6.436989266717667579e-01,6.595825686326631798e-01,7.013749712172834272e-01,6.974445817706713679e-01,7.141322473329788645e-01
-1.842990628273362685e-01,-2.164711446640931250e-02,-2.042129121735262454e-01,-5.828477170712119682e-01,2.500702128244930780e-02,4.450946683625952582e-01,2.868627664781262521e-01,2.134266085221671605e-01,-8.940711028268079341e-02,1.454352339154153240e-01,1.000000000000000000e+00,1.179858347478402736e-01,4.400242906456229841e-01,-1.207134663165052857e-01,5.538121064273264504e-02,7.767231993713556715e-02,7.131889676709346482e-01,-7.966269795386733688e-02,1.505716228185605132e-01,-3.971234463500835088e-01,-3.299355027253415562e-01,-1.106676753205422248e-01,-3.131988583401162374e-01,-1.221022918549486830e-01,-1.553028338308942713e-01,-1.376826378240937343e-01,-1.201857324111539893e-01,-1.964485576802566247e-01,-2.873296028042414130e-01,-1.824031489671149864e-01,-2.180560384087952830e-01,-8.817947481425857104e-02,2.918941153656290366e-01,-4.387876405517827927e-02,-1.587601918657160216e-01,1.591784747650980270e-01,-8.254777701359618247e-02,-2.067995025335933601e-01,-4.781496135511981507e-03
1.988477093551747343e-01,1.958855438309309582e-01,2.966371241399151093e-01,-6.899920527300663908e-02,3.837382353075471375e-01,2.879844584164961002e-02,4.066766173412307284e-01,-2.774284928586142618e-01,5.076293375062486124e-01,6.483736589189247335e-01,1.179858347478402736e-01,1.000000000000000000e+00,-1.645860535019828541e-01,6.105484323283949522e-01,7.698130041668583834e-01,5.789764140252111613e-01,-2.262102752897753727e-02,5.760235997750063897e-01,6.980912099321618935e-01,4.478293100694915596e-01,4.007400399627347731e-01,2.810757594282408678e-01,6.232937857567886208e-01,4.955511106826746004e-01,5.738446816327500422e-01,3.702096210348839733e-01,3.162899962145361288e-01,4.814134299483220358e-01,4.363107768131460618e-01,6.470917755433164276e-01,4.302069017862890643e-01,3.406519346386297498e-01,2.016892546832595168e-01,4.656114367414891375e-01,4.932160115147612989e-01,2.694888916158340586e-01,4.492387586861111837e-01,6.333068146484234218e-01,5.587697172081792507e-01
-6.820253121080945002e-02,1.235073723996424899e-01,8.119102559236025807e-02,-3.384516539887861830e-01,3.200921354968473964e-01,3.996839597103391539e-01,2.338744983831196889e-01,-3.792388195377399684e-02,-1.474804673914791031e-02,1.754487681385704101e-01,4.400242906456229841e-01,-1.645860535019828541e-01,1.000000000000000000e+00,-1.521679314014719453e-01,-2.659614550595994498e-01,4.650390412139897289e-02,3.960560281820790784e-01,-2.745288528353158689e-02,2.264336047086822901e-01,-2.930265498922720591e-01,-3.526344915591994589e-02,3.850049444742819071e-01,-2.507790450244579139e-01,1.260179141193995718e-02,-7.812705714238168953e-02,-1.846665953876473198e-01,6.828934019567962921e-02,-2.791081024036301539e-01,-3.250167527197073691e-01,-3.042759138583345235e-01,-2.527054909644200764e-01,-3.129478420816238921e-02,5.507311067460245457e-01,8.699480013686776425e-02,-8.115967804539679642e-02,3.087302556766566841e-01,6.223456789338966538e-02,-2.558737907453889071e-01,1.783465282660131601e-01
4.093273187366429644e-01,4.661103194803122851e-01,5.808509643307341319e-01,3.441914801880756047e-01,6.014781174844556766e-01,1.146953835642989528e-01,4.104276082861066932e-01,-5.501758871946496043e-01,7.650449479970813371e-01,6.325456673222028536e-01,-1.207134663165052857e-01,6.105484323283949522e-01,-1.521679314014719453e-01,1.000000000000000000e+00,6.738163921645732302e-01,5.540892355889491805e-01,1.988094016030316977e-02,5.525549376500785703e-01,4.333155124144291159e-01,6.287782472355597507e-01,6.398855055521437407e-01,3.874452762944732287e-01,6.759200987046666276e-01,8.055478110271573344e-01,4.722290500626476484e-01,6.561151360226311624e-01,6.261676993880406217e-01,7.389338546040152833e-01,7.052579327681781640e-01,7.481058704053296093e-01,6.669079296619799813e-01,5.595321739721005327e-01,4.427664354667058544e-01,6.810892276220671393e-01,6.951138991978983439e-01,5.683760223587551730e-01,6.770503844345197031e-01,6.770780886676911470e-01,5.215036838105386874e-01
1.723154028252918413e-01,2.663495891033794694e-01,3.281447270327901289e-01,1.162614460656021757e-03,4.087192932918305432e-01,-9.666553996791069081e-02,4.489794412953391767e-01,-3.087516537137377504e-01,5.253181919744694950e-01,5.289770232912675008e-01,5.538121064273264504e-02,7.698130041668583834e-01,-2.659614550595994498e-01,6.738163921645732302e-01,1.000000000000000000e+00,6.795182800794401512e-01,9.102861268482734247e-02,6.910942775723135645e-01,5.687198725473433525e-01,4.965446886427334894e-01,4.609975204274635585e-01,2.209113910196436326e-01,5.641435062803258349e-01,5.321326106004476975e-01,3.378310900042734155e-01,5.441165660794208270e-01,3.421968540315586949e-01,7.222132203824396246e-01,4.939161249008671151e-01,7.618023362084060945e-01,5.308953788602346346e-01,2.920287233342677147e-01,2.955415945723204318e-01,6.193767130771118401e-01,4.424848166988455955e-01,2.789518751137404773e-01,4.000566474414414819e-01,6.545012177348169535e-01,4.306951251028240391e-01
3.622426485528552065e-01,4.405641071638988771e-01,4.654477015780232874e-01,1.029531582152418828e-01,4.265566445121604100e-01,5.050083430041583249e-02,5.512370499554724024e-01,-4.252519201398741178e-01,5.322582559853680229e-01,7.624482430945737077e-01,7.767231993713556715e-02,5.789764140252111613e-01,4.650390412139897289e-02,5.540892355889491805e-01,6.795182800794401512e-01,1.000000000000000000e+00,8.727425117158786605e-02,6.400824866780109312e-01,5.641173909000702924e-01,4.592382512791978733e-01,5.882133197388406121e-01,5.084009315923188055e-01,6.029753668522286336e-01,5.018606276909584052e-01,4.276608184090875953e-01,5.576124889211464541e-01,4.374751125967156762e-01,6.659449897277335273e-01,4.381450265091969554e-01,7.254245178217815226e-01,5.193921601184652292e-01,1.979099704483961442e-01,3.818708401937991881e-01,4.549448561448544148e-01,4.490032299000932814e-01,4.739504415848495578e-01,4.674049546760749019e-01,6.256844840605458868e-01,5.419022868848066832e-01
-1.079636544747904769e-01,8.465629870370260102e-02,-3.791820899621028279e-02,-4.248472087582325085e-01,1.754202114066351625e-01,2.677021970567833864e-01,1.534850585725047178e-01,5.525096906693616194e-02,7.566613778301792270e-02,1.076539173501264296e-01,7.131889676709346482e-01,-2.262102752897753727e-02,3.960560281820790784e-01,1.988094016030316977e-02,9.102861268482734247e-02,8.727425117158786605e-02,1.000000000000000000e+00,-7.477801262888038314e-02,-3.329813028249509893e-02,-2.728275970679899243e-01,-2.659428384353493269e-01,-1.374326981731790187e-01,-3.161951470085912486e-01,5.780710217494734043e-02,-3.556856476089128583e-01,7.978410063015901887e-02,1.119890199157524691e-01,-1.221592489000702768e-02,-1.537321754794303552e-01,-7.855501406151770005e-02,-4.365730338202086086e-02,1.847763107911655489e-02,3.694667297446108112e-01,2.175291999585913238e-01,-1.412033203935799397e-01,2.529756515000810002e-01,-3.450423745232248512e-02,-8.814716245374672188e-02,6.868648484311291880e-02
1.438387536707233239e-01,2.665846881678698987e-01,4.615530352989128393e-01,1.320102124252530429e-01,5.437581242462989906e-01,-1.749962264479654750e-01,4.130973193710615332e-01,-4.333404849025447314e-01,5.081010943428845295e-01,4.641865557589926472e-01,-7.966269795386733688e-02,5.760235997750063897e-01,-2.745288528353158689e-02,5.525549376500785703e-01,6.910942775723135645e-01,6.400824866780109312e-01,-7.477801262888038314e-02,1.000000000000000000e+00,7.746895744256578897e-01,4.062251331415842603e-01,5.691208950620023632e-01,4.274171780713876267e-01,4.902581486822799595e-01,4.515707741254900709e-01,2.553147230594913220e-01,3.448485241711773952e-01,1.870236539274255649e-01,5.702559320476001670e-01,3.134905429585409520e-01,6.188466422940068767e-01,3.627122329199778950e-01,1.203959423992394945e-01,4.741001418302601689e-01,4.582611560869298550e-01,3.012497917345136611e-01,2.890813698575070423e-01,3.184313875605032096e-01,4.230491795331594584e-01,4.693588945129095746e-01
1.215146995685071479e-01,2.362636634625561449e-01,3.152135806701735765e-01,-1.202890220641828073e-01,4.917630620219453630e-01,1.641438438192716759e-02,4.751574746863713727e-01,-2.771522804163566445e-01,4.184522508412787389e-01,5.655505047882443126e-01,1.505716228185605132e-01,6.980912099321618935e-01,2.264336047086822901e-01,4.333155124144291159e-01,5.687198725473433525e-01,5.641173909000702924e-01,-3.329813028249509893e-02,7.746895744256578897e-01,1.000000000000000000e+00,2.563942441048426835e-01,4.321994084825919180e-01,4.646260885822879327e-01,4.189532919895456731e-01,3.642770300833123587e-01,3.802764520323835828e-01,1.783873491229842623e-01,1.452181843553467799e-01,3.331062965517272434e-01,1.735183158230413358e-01,4.495453231178506703e-01,2.253826319206878870e-01,1.393561579723276711e-01,4.797000417191797372e-01,3.660479956388585920e-01,2.962840608949993682e-01,3.144471567337649431e-01,3.377868672213377721e-01,3.358246364516794258e-01,5.667003174253617548e-01
4.787455373741604792e-01,3.962895958895319426e-01,5.899454985238898885e-01,4.664493505945718765e-01,3.470434803292585246e-01,-1.323255299051936951e-01,2.369379580404309127e-01,-5.812945695780643574e-01,5.768019684388420165e-01,4.703123271498256819e-01,-3.971234463500835088e-01,4.478293100694915596e-01,-2.930265498922720591e-01,6.287782472355597507e-01,4.965446886427334894e-01,4.592382512791978733e-01,-2.728275970679899243e-01,4.062251331415842603e-01,2.563942441048426835e-01,1.000000000000000000e+00,7.096023888513264266e-01,4.983450753667909572e-01,6.630708187142809740e-01,5.260334747235552166e-01,4.465414003565019718e-01,6.548524857990466463e-01,5.348157320337975085e-01,7.401782199240186655e-01,7.177889904541215893e-01,7.423702993269692962e-01,6.361029583042835389e-01,4.683953892611592562e-01,1.299161947756329316e-01,5.162497744410415867e-01,6.504298505876213721e-01,3.616325556648163353e-01,5.840329082802487859e-01,6.601930225876627700e-01,4.506349802128997162e-01
3.618507815717097453e-01,3.914150209613005971e-01,6.736788834498965706e-01,4.051042133691800107e-01,5.208591323525763039e-01,1.935948036136404815e-02,3.580062990607258411e-01,-6.386875682133207333e-01,5.424841096636537907e-01,5.520594625909810427e-01,-3.299355027253415562e-01,4.007400399627347731e-01,-3.526344915591994589e-02,6.398855055521437407e-01,4.609975204274635585e-01,5.882133197388406121e-01,-2.659428384353493269e-01,5.691208950620023632e-01,4.321994084825919180e-01,7.096023888513264266e-01,1.000000000000000000e+00,7.322640478358694027e-01,6.592102039586762441e-01,5.729421304703566920e-01,4.959114364475583070e-01,5.071233281938934967e-01,4.207006089825879314e-01,6.748718768403799695e-01,5.644915083909052278e-01,6.762287140455260914e-01,5.108822711130064365e-01,3.316946810772447019e-01,4.511100066228331817e-01,4.973577308083176329e-01,6.213961099959928180e-01,4.483844582099462128e-01,5.533614159595211524e-01,5.491955706956671568e-01,4.238583457291761336e-01
2.270123845071526647e-01,2.838593690900477751e-01,5.585730914285855775e-01,2.303282278328521726e-01,4.851634538318349565e-01,2.386004774465393108e-01,4.539551135398824933e-01,-5.150556924746296783e-01,3.352354202169711694e-01,4.845598219821642405e-01,-1.106676753205422248e-01,2.810757594282408678e-01,3.850049444742819071e-01,3.874452762944732287e-01,2.209113910196436326e-01,5.084009315923188055e-01,-1.374326981731790187e-01,4.274171780713876267e-01,4.646260885822879327e-01,4.983450753667909572e-01,7.322640478358694027e-01,1.000000000000000000e+00,4.541242244616057189e-01,4.148062181788628178e-01,4.109892525141721764e-01,2.215687729692905339e-01,2.416698479904832719e-01,3.551039862028991800e-01,2.247167734370374148e-01,3.630459031925816760e-01,1.841096288138154569e-01,1.803264907639169079e-01,5.391561563427830217e-01,3.503721867395606648e-01,4.342448394268288991e-01,4.094791759678264587e-01,4.106815366534896095e-01,2.810053538324830957e-01,3.811592580337335168e-01
4.818478946305130295e-01,4.209695060152068846e-01,4.906874236124098010e-01,3.399592640587601466e-01,3.247854857878337831e-01,-3.340740867058723459e-03,2.788723886159506504e-01,-4.692703433495129528e-01,6.010387473873251007e-01,6.287654022533953890e-01,-3.131988583401162374e-01,6.232937857567886208e-01,-2.507790450244579139e-01,6.759200987046666276e-01,5.641435062803258349e-01,6.029753668522286336e-01,-3.161951470085912486e-01,4.902581486822799595e-01,4.189532919895456731e-01,6.630708187142809740e-01,6.592102039586762441e-01,4.541242244616057189e-01,1.000000000000000000e+00,5.874059526552261046e-01,7.876414859540923352e-01,5.780861122805048824e-01,5.271846496433086893e-01,6.351568698848343297e-01,7.070187041290849628e-01,7.380174527808783802e-01,6.083343933424222305e-01,5.204696513809441427e-01,7.434315383724511561e-02,4.555533854018939954e-01,7.348806895551069918e-01,3.300651378186903462e-01,6.814556170599532781e-01,7.392371891556923647e-01,5.354359253014193687e-01
4.191395263948161087e-01,4.875815305610531891e-01,5.269313365189225440e-01,3.069371313810670410e-01,5.809996622326483173e-01,8.205215316014581595e-02,4.076259500036715222e-01,-4.844157563916262066e-01,7.152512866335005715e-01,5.963013311202306488e-01,-1.221022918549486830e-01,4.955511106826746004e-01,1.260179141193995718e-02,8.055478110271573344e-01,5.321326106004476975e-01,5.018606276909584052e-01,5.780710217494734043e-02,4.515707741254900709e-01,3.642770300833123587e-01,5.260334747235552166e-01,5.729421304703566920e-01,4.148062181788628178e-01,5.874059526552261046e-01,1.000000000000000000e+00,4.327869347401803735e-01,5.914180143405972645e-01,6.569499026166834010e-01,6.034550412277832621e-01,5.806943951747746135e-01,6.465116729745956636e-01,5.624845254833321651e-01,4.346926766824715793e-01,4.492673449001626795e-01,6.614348764157050864e-01,5.799082491111152704e-01,5.779540261257044564e-01,6.072903462666937591e-01,5.816808549436204290e-01,4.911875867156337283e-01
3.933287361651814917e-01,2.824991329097708004e-01,3.322028459044332749e-01,1.897097413824256895e-01,1.851965385945126830e-01,2.084930425554408495e-01,2.698103917785391603e-01,-3.139248854456666016e-01,4.064133948751472714e-01,5.730640553511737734e-01,-1.553028338308942713e-01,5.738446816327500422e-01,-7.812705714238168953e-02,4.722290500626476484e-01,3.378310900042734155e-01,4.276608184090875953e-01,-3.556856476089128583e-01,2.553147230594913220e-01,3.802764520323835828e-01,4.465414003565019718e-01,4.959114364475583070e-01,4.109892525141721764e-01,7.876414859540923352e-01,4.327869347401803735e-01,1.000000000000000000e+00,3.553249189862373036e-01,4.076021801143221435e-01,3.599982648033588917e-01,5.175282733904712495e-01,4.737040454760632624e-01,4.275906596832831363e-01,4.444946382932498663e-01,-1.506090192572857693e-02,2.375656007292498706e-01,6.698973832961789832e-01,2.040561153215971202e-01,5.977318526844812574e-01,5.676126596409877267e-01,4.375460599158108033e-01
6.640068737819756484e-01,6.698292269251640008e-01,5.533873675264368019e-01,3.076016097453708742e-01,3.305226683395825482e-01,-6.833086091644670346e-02,3.152984324305562747e-01,-5.262865729582251184e-01,7.142909923856852750e-01,5.773596134298140115e-01,-1.376826378240937343e-01,3.702096210348839733e-01,-1.846665953876473198e-01,6.561151360226311624e-01,5.441165660794208270e-01,5.576124889211464541e-01,7.978410063015901887e-02,3.448485241711773952e-01,1.783873491229842623e-01,6.548524857990466463e-01,5.071233281938934967e-01,2.215687729692905339e-01,5.780861122805048824e-01,5.914180143405972645e-01,3.553249189862373036e-01,1.000000000000000000e+00,8.092442867147761065e-01,8.379320874893800841e-01,8.213024690545634998e-01,7.631073672506145655e-01,8.367990024205389510e-01,5.825458143857695781e-01,1.615735211222066037e-01,5.818235599801908631e-01,6.790309679757126071e-01,4.926570400377488501e-01,7.022529560843797647e-01,6.909925029037103927e-01,5.128826500972086810e-01
6.232581090850738414e-01,6.117668493378179972e-01,5.621243760102261344e-01,2.414084506030083899e-01,4.371093916649468336e-01,1.385493160229813933e-02,2.257090255196098072e-01,-5.271738311754470274e-01,7.111874434477678530e-01,6.391198677295695241e-01,-1.201857324111539893e-01,3.162899962145361288e-01,6.828934019567962921e-02,6.261676993880406217e-01,3.421968540315586949e-01,4.374751125967156762e-01,1.119890199157524691e-01,1.870236539274255649e-01,1.452181843553467799e-01,5.348157320337975085e-01,4.207006089825879314e-01,2.416698479904832719e-01,5.271846496433086893e-01,6.569499026166834010e-01,4.076021801143221435e-01,8.092442867147761065e-01,1.000000000000000000e+00,6.127907080203063295e-01,7.264521997032594713e-01,6.022442158344973873e-01,7.507850657761488966e-01,6.279162377276031881e-01,2.309670869482222666e-01,5.992262104119135957e-01,6.552466226375336378e-01,5.733549859449341701e-01,7.281855042545708478e-01,6.572611379341638527e-01,5.940224098705942923e-01
4.913560555798942020e-01,5.272630651888529085e-01,5.838264211371362311e-01,3.729173581583544173e-01,4.069562169151194064e-01,-1.044476427937862661e-01,4.179149359831291766e-01,-5.567119234755533164e-01,6.851167372526495436e-01,5.579486478742876621e-01,-1.964485576802566247e-01,4.814134299483220358e-01,-2.791081024036301539e-01,7.389338546040152833e-01,7.222132203824396246e-01,6.659449897277335273e-01,-1.221592489000702768e-02,5.702559320476001670e-01,3.331062965517272434e-01,7.401782199240186655e-01,6.748718768403799695e-01,3.551039862028991800e-01,6.351568698848343297e-01,6.034550412277832621e-01,3.599982648033588917e-01,8.379320874893800841e-01,6.127907080203063295e-01,1.000000000000000000e+00,7.614851334906055369e-01,8.452605651666248443e-01,8.135858504928714652e-01,4.588736276674521553e-01,2.722671307178664568e-01,6.369218596197623317e-01,6.421603390826708946e-01,4.225244001728500343e-01,6.092652079178501046e-01,7.161312417855387746e-01,4.817633106879820049e-01
6.918780324388610348e-01,6.257876141753215826e-01,5.718050789916808707e-01,3.953875271165321337e-01,3.165564637303796558e-01,-3.995436054320108260e-02,1.860361892654940064e-01,-5.658077520627203816e-01,7.386506234493325218e-01,5.833734344177462505e-01,-2.873296028042414130e-01,4.363107768131460618e-01,-3.250167527197073691e-01,7.052579327681781640e-01,4.939161249008671151e-01,4.381450265091969554e-01,-1.537321754794303552e-01,3.134905429585409520e-01,1.735183158230413358e-01,7.177889904541215893e-01,5.644915083909052278e-01,2.247167734370374148e-01,7.070187041290849628e-01,5.806943951747746135e-01,5.175282733904712495e-01,8.213024690545634998e-01,7.264521997032594713e-01,7.614851334906055369e-01,1.000000000000000000e+00,7.668558425091406283e-01,8.036611015399950375e-01,7.676396977081272333e-01,4.938481835783210122e-02,5.353894468996620581e-01,7.979585247942078130e-01,4.838517420055588047e-01,8.056489497848516868e-01,7.675141833460130680e-01,5.321534218417313111e-01
4.878693670117436598e-01,5.039928046291520802e-01,5.545452340259864332e-01,3.048674268311749591e-01,4.143795069173026313e-01,-1.413909185172295968e-01,3.553496990680671264e-01,-5.320163613859607565e-01,6.989163884524611792e-01,6.888532910025946254e-01,-1.824031489671149864e-01,6.470917755433164276e-01,-3.042759138583345235e-01,7.481058704053296093e-01,7.618023362084060945e-01,7.254245178217815226e-01,-7.855501406151770005e-02,6.188466422940068767e-01,4.495453231178506703e-01,7.423702993269692962e-01,6.762287140455260914e-01,3.630459031925816760e-01,7.380174527808783802e-01,6.465116729745956636e-01,4.737040454760632624e-01,7.631073672506145655e-01,6.022442158344973873e-01,8.452605651666248443e-01,7.668558425091406283e-01,1.000000000000000000e+00,7.284233222183768008e-01,4.836529162878566157e-01,2.237842262123629633e-01,6.055904563821247200e-01,6.598029527287008200e-01,4.940607351775048173e-01,6.325476365559118408e-01,7.863463237112432447e-01,5.420620412996836057e-01
6.214564742432953093e-01,6.084201275400780151e-01,5.659902005511388001e-01,3.423378159744858706e-01,3.597437733720180719e-01,-7.568484446941209365e-02,2.839382611404586698e-01,-5.442647255176278343e-01,7.322073417417671592e-01,5.913417192451394522e-01,-2.180560384087952830e-01,4.302069017862890643e-01,-2.527054909644200764e-01,6.669079296619799813e-01,5.308953788602346346e-01,5.193921601184652292e-01,-4.365730338202086086e-02,3.627122329199778950e-01,2.253826319206878870e-01,6.361029583042835389e-01,5.108822711130064365e-01,1.841096288138154569e-01,6.083343933424222305e-01,5.624845254833321651e-01,4.275906596832831363e-01,8.367990024205389510e-01,7.507850657761488966e-01,8.135858504928714652e-01,8.036611015399950375e-01,7.284233222183768008e-01,1.000000000000000000e+00,5.711002444926643884e-01,1.096066221854606476e-01,5.696639941328436318e-01,6.639080178511512775e-01,4.347366121297907005e-01,6.778507527215870132e-01,7.629247754666943493e-01,6.230734358625252822e-01
5.922147559457141552e-01,5.740922739776611605e-01,4.483037200509476516e-01,1.771128381309941269e-01,3.434209715723968714e-01,1.619615903163109383e-01,8.471136540507072377e-02,-4.417339985656202894e-01,6.515080033074569510e-01,4.894670226032855620e-01,-8.817947481425857104e-02,3.406519346386297498e-01,-3.129478420816238921e-02,5.595321739721005327e-01,2.920287233342677147e-01,1.979099704483961442e-01,1.847763107911655489e-02,1.203959423992394945e-01,1.393561579723276711e-01,4.683953892611592562e-01,3.316946810772447019e-01,1.803264907639169079e-01,5.204696513809441427e-01,4.346926766824715793e-01,4.444946382932498663e-01,5.825458143857695781e-01,6.279162377276031881e-01,4.588736276674521553e-01,7.676396977081272333e-01,4.836529162878566157e-01,5.711002444926643884e-01,1.000000000000000000e+00,1.038537505106583159e-01,5.287542535379963216e-01,7.085670060319462227e-01,4.752289031343650549e-01,7.756659903617150187e-01,6.121950235436871557e-01,5.162847520100704024e-01
-5.613369671374240227e-02,1.979154292716015784e-01,4.997499748655904739e-01,-1.020878354876077476e-01,7.270103000408697502e-01,2.283630538711067526e-01,3.867697493144865994e-01,-4.581421795669619046e-01,3.586925154362708423e-01,3.989543772307858061e-01,2.918941153656290366e-01,2.016892546832595168e-01,5.507311067460245457e-01,4.427664354667058544e-01,2.955415945723204318e-01,3.818708401937991881e-01,3.694667297446108112e-01,4.741001418302601689e-01,4.797000417191797372e-01,1.299161947756329316e-01,4.511100066228331817e-01,5.391561563427830217e-01,7.434315383724511561e-02,4.492673449001626795e-01,-1.506090192572857693e-02,1.615735211222066037e-01,2.309670869482222666e-01,2.722671307178664568e-01,4.938481835783210122e-02,2.237842262123629633e-01,1.096066221854606476e-01,1.038537505106583159e-01,1.000000000000000000e+00,5.177723398630702523e-01,1.625479578411812287e-01,5.013155179833153063e-01,2.405714549030940064e-01,9.173709605763583075e-02,2.821350028782945163e-01
2.802245086615142156e-01,4.455850378691097458e-01,5.250496828651909365e-01,1.420993724713698059e-01,7.032553212350686200e-01,-5.742307079115389207e-02,3.245943921267517296e-01,-4.903148805347347650e-01,6.767615995775841942e-01,4.945068287614385327e-01,-4.387876405517827927e-02,4.656114367414891375e-01,8.699480013686776425e-02,6.810892276220671393e-01,6.193767130771118401e-01,4.549448561448544148e-01,2.175291999585913238e-01,4.582611560869298550e-01,3.660479956388585920e-01,5.162497744410415867e-01,4.973577308083176329e-01,3.503721867395606648e-01,4.555533854018939954e-01,6.614348764157050864e-01,2.375656007292498706e-01,5.818235599801908631e-01,5.992262104119135957e-01,6.369218596197623317e-01,5.353894468996620581e-01,6.055904563821247200e-01,5.696639941328436318e-01,5.287542535379963216e-01,5.177723398630702523e-01,1.000000000000000000e+00,4.539453456024715727e-01,4.829317908876073484e-01,4.999373901408842302e-01,6.172957533783208772e-01,5.610496577235171145e-01
6.440556815573915683e-01,5.683821036221571310e-01,5.605596600793381068e-01,2.870205202787523557e-01,3.335684256560611516e-01,2.619774543875912354e-01,3.460241975487673982e-01,-5.395332903199611119e-01,6.762490970186006978e-01,6.436989266717667579e-01,-1.587601918657160216e-01,4.932160115147612989e-01,-8.115967804539679642e-02,6.951138991978983439e-01,4.424848166988455955e-01,4.490032299000932814e-01,-1.412033203935799397e-01,3.012497917345136611e-01,2.962840608949993682e-01,6.504298505876213721e-01,6.213961099959928180e-01,4.342448394268288991e-01,7.348806895551069918e-01,5.799082491111152704e-01,6.698973832961789832e-01,6.790309679757126071e-01,6.552466226375336378e-01,6.421603390826708946e-01,7.979585247942078130e-01,6.598029527287008200e-01,6.639080178511512775e-01,7.085670060319462227e-01,1.625479578411812287e-01,4.539453456024715727e-01,1.000000000000000000e+00,5.230124788002226133e-01,8.627887420445239375e-01,6.771978420662793097e-01,5.544995101842531415e-01
5.307028529653716742e-01,6.461057808515584533e-01,4.904727287187901075e-01,7.476850028373845103e-02,5.241917659954147268e-01,3.131508030339156257e-01,3.408723596386560306e-01,-4.612060902652103112e-01,6.174681634885257342e-01,6.595825686326631798e-01,1.591784747650980270e-01,2.694888916158340586e-01,3.087302556766566841e-01,5.683760223587551730e-01,2.789518751137404773e-01,4.739504415848495578e-01,2.529756515000810002e-01,2.890813698575070423e-01,3.144471567337649431e-01,3.616325556648163353e-01,4.483844582099462128e-01,4.094791759678264587e-01,3.300651378186903462e-01,5.779540261257044564e-01,2.040561153215971202e-01,4.926570400377488501e-01,5.733549859449341701e-01,4.225244001728500343e-01,4.838517420055588047e-01,4.940607351775048173e-01,4.347366121297907005e-01,4.752289031343650549e-01,5.013155179833153063e-01,4.829317908876073484e-01,5.230124788002226133e-01,1.000000000000000000e+00,6.374393632192451031e-01,4.162128043125326582e-01,5.460373539157710177e-01
7.099653288980507515e-01,7.111133853605466904e-01,5.820066671499026789e-01,2.243262922673088244e-01,4.048678489234373012e-01,2.457145096153785513e-01,3.263193888798776587e-01,-5.570976256544829530e-01,7.470700816167797909e-01,7.013749712172834272e-01,-8.254777701359618247e-02,4.492387586861111837e-01,6.223456789338966538e-02,6.770503844345197031e-01,4.000566474414414819e-01,4.674049546760749019e-01,-3.450423745232248512e-02,3.184313875605032096e-01,3.377868672213377721e-01,5.840329082802487859e-01,5.533614159595211524e-01,4.106815366534896095e-01,6.814556170599532781e-01,6.072903462666937591e-01,5.977318526844812574e-01,7.022529560843797647e-01,7.281855042545708478e-01,6.092652079178501046e-01,8.056489497848516868e-01,6.325476365559118408e-01,6.778507527215870132e-01,7.756659903617150187e-01,2.405714549030940064e-01,4.999373901408842302e-01,8.627887420445239375e-01,6.374393632192451031e-01,1.000000000000000000e+00,6.698377088090372578e-01,6.384245999528811444e-01
5.351744172063060967e-01,4.744489190935624046e-01,5.530977556539781181e-01,1.763074540685921066e-01,4.450024264761383019e-01,-1.018811415388886643e-01,1.891065198336760456e-01,-5.449374101099259127e-01,7.224714016753018830e-01,6.974445817706713679e-01,-2.067995025335933601e-01,6.333068146484234218e-01,-2.558737907453889071e-01,6.770780886676911470e-01,6.545012177348169535e-01,6.256844840605458868e-01,-8.814716245374672188e-02,4.230491795331594584e-01,3.358246364516794258e-01,6.601930225876627700e-01,5.491955706956671568e-01,2.810053538324830957e-01,7.392371891556923647e-01,5.816808549436204290e-01,5.676126596409877267e-01,6.909925029037103927e-01,6.572611379341638527e-01,7.161312417855387746e-01,7.675141833460130680e-01,7.863463237112432447e-01,7.629247754666943493e-01,6.121950235436871557e-01,9.173709605763583075e-02,6.172957533783208772e-01,6.771978420662793097e-01,4.162128043125326582e-01,6.698377088090372578e-01,1.000000000000000000e+00,7.060753978569330735e-01
5.581269740489612774e-01,5.860187384292406820e-01,5.651265175889809145e-01,2.621295859686707461e-02,5.471791686587356152e-01,3.142993955990698585e-02,2.922079324680935675e-01,-5.359487449352760002e-01,7.340696824026906597e-01,7.141322473329788645e-01,-4.781496135511981507e-03,5.587697172081792507e-01,1.783465282660131601e-01,5.215036838105386874e-01,4.306951251028240391e-01,5.419022868848066832e-01,6.868648484311291880e-02,4.693588945129095746e-01,5.667003174253617548e-01,4.506349802128997162e-01,4.238583457291761336e-01,3.811592580337335168e-01,5.354359253014193687e-01,4.911875867156337283e-01,4.375460599158108033e-01,5.128826500972086810e-01,5.940224098705942923e-01,4.817633106879820049e-01,5.321534218417313111e-01,5.420620412996836057e-01,6.230734358625252822e-01,5.162847520100704024e-01,2.821350028782945163e-01,5.610496577235171145e-01,5.544995101842531415e-01,5.460373539157710177e-01,6.384245999528811444e-01,7.060753978569330735e-01,1.000000000000000000e+00
