1.000000000000000000e+00,1.407690944694314217e-01,2.562344950811878408e-01,2.191619529706319291e-01,2.541088549689932696e-01,3.752099570748567703e-01,-3.216742075206615037e-01,-4.867105577892659463e-02,7.777856740631562682e-02,3.324769397793108094e-01,-1.752657339991257612e-01,3.944406393566849967e-01,4.660258338602202288e-01,3.419874167566563372e-01,4.744442587570898429e-01,1.369627317853413240e-01,3.726063361260115170e-01,4.546539838751725293e-01,2.885111137454478558e-01,-5.378451011597504966e-02,2.958352767728774646e-01,-4.539151940149491193e-01,3.169967073820926795e-01,1.658751178153388406e-01,5.918733761402814597e-01,2.901568376507910885e-01,-3.646625879507945367e-01,9.197776125599800567e-02,5.745316870451486757e-01,8.572308119046481711e-02,-4.008434512139028016e-01,-3.759174815905833023e-01,-1.137009903078010364e-01,4.447382937751124254e-01,4.488661458010312910e-01,-9.244623070106424562e-03,-1.892884685741021145e-01,1.920674837034517524e-01,-4.489555113853332946e-01
1.407690944694314217e-01,1.000000000000000000e+00,3.866171564296122520e-01,-3.516407141369678468e-01,4.276562579797615338e-01,-2.805725431753466337e-01,2.779696587077966630e-01,-4.733105865087768871e-01,4.048089703144698848e-01,4.336224341041484687e-01,2.749600805654532909e-01,1.781307487023446323e-01,-4.658375366074740120e-01,4.869657436646359638e-01,-1.605179500712049789e-01,5.198257683355875791e-01,-3.224841109664844385e-01,-2.117970636495362657e-01,2.203626933527841336e-02,6.402728933083781659e-02,1.656717181272102379e-01,4.848079275321056647e-01,3.675461367663496182e-01,2.008344429184237001e-01,-7.814970395683773496e-02,2.918845126365306464e-01,6.098313871150643495e-01,3.579524019554936598e-01,-2.060934892276939101e-01,4.681345482216713316e-01,5.611464083873453079e-01,4.550367488126367266e-01,3.729133204162749515e-01,1.984594694789662550e-01,-1.292901280187709057e-01,3.296144329528468697e-01,3.019630187357777995e-01,-3.183935994892185817e-01,4.690718677696294470e-01
2.562344950811878408e-01,3.866171564296122520e-01,1.000000000000000000e+00,-2.035464008189932783e-01,6.278135356196105077e-01,3.671933531034187598e-02,5.853969555268182662e-02,-8.009621101406048105e-01,3.535809396922974246e-01,2.376864723323875439e-01,6.630135708605868101e-03,4.322537127153242009e-01,-1.199570481216350876e-01,6.926504134464849249e-01,2.000306629933588654e-01,2.637510730150428029e-01,1.587196536677849129e-02,9.915832788359919825e-02,2.753406861093625202e-01,-6.178730801257689698e-02,6.325870979369854208e-01,1.145960030994951223e-01,4.054074232141149370e-01,1.566970253693713011e-01,2.003957574309372935e-01,3.243910477606910536e-01,3.038169495567330514e-01,6.088549951496577961e-01,1.146125422497235313e-01,2.239814691831759907e-01,2.531684911552521955e-01,1.064296391368590999e-01,5.780618738519966993e-01,6.172445120829386234e-01,1.989366538456431854e-01,1.128976299988989906e-01,1.727739441227547634e-01,3.185753346908478528e-02,1.194739521016477402e-01
2.191619529706319291e-01,-3.516407141369678468e-01,-2.035464008189932783e-01,1.000000000000000000e+00,-2.581973702070542998e-01,4.202977437820098472e-01,-1.676448381760796413e-01,3.860545619620802116e-01,-1.498002400168112480e-01,-6.888470170654870106e-02,-2.312679361078548157e-01,1.926196525016676819e-01,6.419416402260477161e-01,-1.724185557231545651e-01,2.655956995056900638e-01,-1.820799900013813921e-01,4.263368173218481938e-01,6.069535088054678340e-01,4.274743657025458776e-01,-1.509015165385718671e-01,-1.275607221382873135e-01,-5.770732412044392579e-01,1.424643573030578980e-01,5.125177257415749338e-02,3.464478229632064754e-01,-2.960928678947354897e-01,-5.878269652345919916e-01,-4.678340389042524583e-01,4.298435637599144488e-01,-3.001038100716756363e-01,-6.354657690537824921e-01,-4.221584313883141037e-01,-5.320606454592204937e-01,-5.258376063819207580e-02,3.151224179151771998e-01,-6.606070193379084965e-02,-3.097694223945805514e-01,2.976462334801642240e-01,-4.463930144926047672e-01
2.541088549689932696e-01,4.276562579797615338e-01,6.278135356196105077e-01,-2.581973702070542998e-01,1.000000000000000000e+00,-3.120472814989037058e-01,1.194382811536209982e-01,-6.572051308056159336e-01,6.952380813140462967e-01,2.630994532097450933e-01,-2.514654843059578315e-01,1.213623688625397462e-01,-2.432378979132512609e-01,5.705692302089757639e-01,-6.216071015020130375e-02,3.843893392610386317e-01,-3.083206691204848915e-01,6.615454584090496581e-02,2.948680344234598794e-01,3.880145889672752257e-02,1.955351126819137031e-01,2.449662396189517255e-01,3.562269615869365635e-01,1.472746247677841347e-01,1.573604465036183842e-01,5.135431604842360942e-01,3.746146851736322225e-01,6.176647166149678014e-01,-1.400363595046863474e-01,4.486170763160540753e-01,2.543133904860432892e-01,-5.193779758245198330e-02,3.930389374358302379e-01,6.017974161659155330e-01,-5.326235119240514682e-02,3.686919485305553690e-02,-5.904946104255818368e-02,3.030334840070240121e-01,3.714464729624376571e-01
3.752099570748567703e-01,-2.805725431753466337e-01,3.671933531034187598e-02,4.202977437820098472e-01,-3.120472814989037058e-01,1.000000000000000000e+00,-3.590551382078429610e-01,2.653124357952356682e-01,-5.772865538764874183e-01,2.412632119110956399e-03,2.155272610234680863e-01,4.523935974669782700e-01,6.833155781473125856e-01,1.128829498236736256e-01,6.036250770373078334e-01,-3.328364862670815660e-01,8.259449254687931674e-01,4.546880117198879856e-01,1.200152987479471134e-01,-2.190658323433835319e-01,3.545805321478024963e-01,-7.022072162627822633e-01,1.748252835093901114e-01,1.326539080916573909e-01,4.853226828798822279e-01,-3.716307708372070251e-01,-5.676423726952964932e-01,-3.046281745731010404e-01,7.711340671178962269e-01,-5.719157894960807953e-01,-5.551421631789474898e-01,-1.718886534001392852e-01,-1.634290090876844570e-01,1.439475154942154445e-01,6.881748996457346390e-01,7.179278058691321643e-03,1.690062735380553904e-01,-8.800545186058977842e-02,-7.431169078052025645e-01
-3.216742075206615037e-01,2.779696587077966630e-01,5.853969555268182662e-02,-1.676448381760796413e-01,1.194382811536209982e-01,-3.590551382078429610e-01,1.000000000000000000e+00,-2.045767046781739318e-01,2.517481121376509701e-01,8.227607493299847474e-02,6.909090879795655449e-02,-1.935777541581704675e-01,-4.390934114880558625e-01,7.434035538694133693e-02,-3.435293438355254692e-01,2.556876089888258652e-01,-3.473212705702494740e-01,-1.543467595366365130e-01,4.942710887814824594e-02,1.492614857317470511e-01,-6.726145161771665548e-02,4.542231014161183800e-01,1.173281470157595541e-01,2.062505614554758018e-02,-2.962944874770039316e-01,1.443144403796647601e-01,4.471869656178102392e-01,2.006460214470109082e-01,-3.739595272094760059e-01,1.666712178027538183e-01,4.211768272238677335e-01,2.822674533704668809e-01,1.995171461374730393e-01,-1.228891699592183084e-01,-3.246919248913014977e-01,2.039757922995519002e-01,1.733575629433593557e-01,-6.041634578723751453e-02,4.919315447777288797e-01
-4.867105577892659463e-02,-4.733105865087768871e-01,-8.009621101406048105e-01,3.860545619620802116e-01,-6.572051308056159336e-01,2.653124357952356682e-01,-2.045767046781739318e-01,1.000000000000000000e+00,-4.767670338924667184e-01,-1.905597313630810197e-01,-9.497753810746174460e-03,-2.244516056546886906e-01,4.097064788510120237e-01,-6.158085608371796082e-01,7.917629848180508800e-02,-3.451081480865635931e-01,2.819290841852752361e-01,1.272884232225245105e-01,-1.385066304361669276e-01,5.215464526906328849e-03,-4.840401400146523425e-01,-3.971565111288406502e-01,-3.077046263259651804e-01,-1.053856664742141708e-01,4.693774462539772319e-02,-4.047221014066144096e-01,-5.285283331883144919e-01,-6.803807051120599469e-01,1.936910646275626646e-01,-4.027192295386598508e-01,-4.971783030111396884e-01,-2.362797030870102122e-01,-6.447133311126546085e-01,-4.733392895989484983e-01,7.083104116618486878e-02,-1.343333982104844004e-01,-1.592031165945532734e-01,3.823523270328505613e-02,-3.886771295328097509e-01
7.777856740631562682e-02,4.048089703144698848e-01,3.535809396922974246e-01,-1.498002400168112480e-01,6.952380813140462967e-01,-5.772865538764874183e-01,2.517481121376509701e-01,-4.767670338924667184e-01,1.000000000000000000e+00,2.344737252709647168e-01,-3.886781438236553421e-01,-2.778503153777910420e-02,-3.197285724152083564e-01,2.845064232297033202e-01,-2.497384527738780169e-01,4.629012091819217911e-01,-5.451962781858453733e-01,7.200513887422020642e-02,3.783370614025380885e-01,1.393851956686321392e-01,-1.195883365685470878e-01,3.751791340289725163e-01,2.647140966176392274e-01,7.057655770836077092e-02,-1.296117385651789251e-02,4.810765206801479454e-01,4.110245931722285584e-01,4.820965388752354031e-01,-3.683849314947096887e-01,5.804789294699989055e-01,2.774975491235173730e-01,-8.392824808319361563e-02,1.644069395575795678e-01,3.666208555428303595e-01,-3.288093777138922924e-01,-7.922136915770300325e-02,-2.495471858161287804e-01,3.853370566171682721e-01,5.623770491807478233e-01
3.324769397793108094e-01,4.336224341041484687e-01,2.376864723323875439e-01,-6.888470170654870106e-02,2.630994532097450933e-01,2.412632119110956399e-03,8.227607493299847474e-02,-1.905597313630810197e-01,2.344737252709647168e-01,1.000000000000000000e+00,1.066929420951244906e-01,3.226205203264052024e-01,-3.144351124275943793e-02,3.357222358953781960e-01,1.640423073920639629e-01,7.136032442557005417e-01,6.640218239785904489e-03,1.659579158435548485e-01,2.112150339926275044e-01,1.852084970216785476e-01,1.441293046604537886e-01,4.857825152466394014e-02,4.821235852646352238e-01,3.442057624404034066e-01,3.373583833332062798e-01,1.452060450379350498e-01,1.865754106613280727e-01,2.633712497400831909e-01,2.259328594703562398e-01,4.182431716659096854e-01,1.290764187183673917e-01,1.663235962898651776e-01,8.425845509142775025e-02,2.597942925771855593e-01,3.134856514199075295e-01,3.366739744324264705e-01,2.262945614729821031e-01,7.235836665728313452e-03,1.204131214575691611e-01
-1.752657339991257612e-01,2.749600805654532909e-01,6.630135708605868101e-03,-2.312679361078548157e-01,-2.514654843059578315e-01,2.155272610234680863e-01,6.909090879795655449e-02,-9.497753810746174460e-03,-3.886781438236553421e-01,1.066929420951244906e-01,1.000000000000000000e+00,2.579562291525286377e-01,-2.182497949547066440e-01,9.835802098248550007e-02,-1.521091704248203960e-02,5.816537975318454567e-03,2.212458429988855280e-01,-2.727871710170067798e-01,-4.225403229022171026e-01,2.234464885616574761e-02,2.322514020145478308e-01,1.863743800294219710e-01,-1.746855143577839570e-03,1.346370599516044098e-01,-2.228191917303938840e-01,-1.355940496816442908e-01,2.664940243212211013e-01,-9.281329363587262349e-03,6.410767218530911971e-02,-2.111143113147460892e-01,3.748074657461080150e-01,7.200859629563964859e-01,2.501630879619783920e-01,-9.626689135380232798e-02,1.492439861480269192e-01,3.217472075108737117e-01,6.223696091691430787e-01,-5.529022703171948550e-01,4.718556639867421687e-02
3.944406393566849967e-01,1.781307487023446323e-01,4.322537127153242009e-01,1.926196525016676819e-01,1.213623688625397462e-01,4.523935974669782700e-01,-1.935777541581704675e-01,-2.244516056546886906e-01,-2.778503153777910420e-02,3.226205203264052024e-01,2.579562291525286377e-01,1.000000000000000000e+00,3.326913591269228809e-01,3.996939809884664241e-01,5.094127765255537232e-01,1.302742733883149595e-01,4.514827304091955651e-01,4.464206586307504776e-01,2.509270310783745517e-01,9.019783877187022639e-03,4.940776925783570972e-01,-2.975678485246404659e-01,4.280380665573838006e-01,2.902726386461753627e-01,3.645048245393092134e-01,4.252328238982900493e-02,-1.236804387355061596e-01,2.209403045892253947e-01,5.301117382700677449e-01,-7.774333173873661240e-02,-1.200521001102066720e-01,9.179735056066068433e-02,8.864206378386850493e-02,4.658033989806465991e-01,4.907095393835027575e-01,6.187416276495866230e-02,2.045725428381011402e-01,-7.906045273495272002e-03,-2.760969973099149932e-01
4.660258338602202288e-01,-4.658375366074740120e-01,-1.199570481216350876e-01,6.419416402260477161e-01,-2.432378979132512609e-01,6.833155781473125856e-01,-4.390934114880558625e-01,4.097064788510120237e-01,-3.197285724152083564e-01,-3.144351124275943793e-02,-2.182497949547066440e-01,3.326913591269228809e-01,1.000000000000000000e+00,-1.076389852176530132e-01,5.940252608219180885e-01,-3.028843657296542702e-01,6.830884837182211733e-01,6.521066358142026953e-01,3.499375386797721199e-01,-1.721206864203349840e-01,5.864108753247805617e-02,-8.272070714652248746e-01,1.167720016139092848e-01,6.202859503584084305e-02,5.955566558506989461e-01,-3.079356675847499947e-01,-7.713246076366666593e-01,-4.009559297880174733e-01,7.077588874491568260e-01,-4.286200200331156118e-01,-8.246032322486280819e-01,-5.635762060601000600e-01,-4.773077003135737240e-01,1.602185906206219923e-01,5.542498914022414569e-01,-2.481398814781233253e-01,-2.697877640045099890e-01,2.834943072354558780e-01,-7.549845909406293076e-01
3.419874167566563372e-01,4.869657436646359638e-01,6.926504134464849249e-01,-1.724185557231545651e-01,5.705692302089757639e-01,1.128829498236736256e-01,7.434035538694133693e-02,-6.158085608371796082e-01,2.845064232297033202e-01,3.357222358953781960e-01,9.835802098248550007e-02,3.996939809884664241e-01,-1.076389852176530132e-01,1.000000000000000000e+00,1.438068426777498743e-01,3.046327268758524665e-01,9.646849091998919989e-02,1.428013669409203823e-01,2.828986316487612784e-01,-8.130289218823989750e-02,5.118132756005684403e-01,8.411852368600565566e-02,4.563193409939891865e-01,3.398442492700781692e-01,2.061764940715946348e-01,3.069928789609963626e-01,2.843808491891214318e-01,4.948441052054669553e-01,1.876524103270915678e-01,2.106868382979010801e-01,2.296220188004476359e-01,1.738568625424062042e-01,5.190597606169224942e-01,4.898053863572350286e-01,2.471440879541391689e-01,2.999889362824515460e-01,2.376115796686618931e-01,-5.648158012347566370e-02,8.871372348499428906e-02
4.744442587570898429e-01,-1.605179500712049789e-01,2.000306629933588654e-01,2.655956995056900638e-01,-6.216071015020130375e-02,6.036250770373078334e-01,-3.435293438355254692e-01,7.917629848180508800e-02,-2.497384527738780169e-01,1.640423073920639629e-01,-1.521091704248203960e-02,5.094127765255537232e-01,5.940252608219180885e-01,1.438068426777498743e-01,1.000000000000000000e+00,-1.099573688356397932e-01,5.963979158900046817e-01,4.114275436076527681e-01,2.628959143697074952e-01,-3.841999366833417917e-02,3.863459855605596571e-01,-5.656700516480962504e-01,2.621403181163303731e-01,8.675405932158097855e-02,5.661294120026811871e-01,-1.266438903038109298e-01,-4.733186480825853915e-01,-8.574729786241022667e-02,6.857930309643909261e-01,-2.708416939585529537e-01,-4.686652781690382463e-01,-2.884078087084763764e-01,-1.641278975652560035e-01,3.637695657179897402e-01,5.717610359642313345e-01,-1.575406379596094031e-01,8.337016026777934732e-04,9.275756560627909653e-02,-5.861900448731105495e-01
1.369627317853413240e-01,5.198257683355875791e-01,2.637510730150428029e-01,-1.820799900013813921e-01,3.843893392610386317e-01,-3.328364862670815660e-01,2.556876089888258652e-01,-3.451081480865635931e-01,4.629012091819217911e-01,7.136032442557005417e-01,5.816537975318454567e-03,1.302742733883149595e-01,-3.028843657296542702e-01,3.046327268758524665e-01,-1.099573688356397932e-01,1.000000000000000000e+00,-3.478976543067399119e-01,-1.312479093063035999e-02,1.477013995340981656e-01,2.292494021803743176e-01,3.811492644214320435e-02,3.288283174491904992e-01,4.512283273836810160e-01,2.402356578212302696e-01,8.693407040491904492e-02,2.532384579070903197e-01,4.157321144002573687e-01,3.901015373262511354e-01,-1.462324674518903911e-01,6.260595758657407917e-01,3.482372622573359777e-01,2.098643529838333799e-01,1.650056993352703172e-01,2.069119736908632268e-01,-1.211241364121156197e-02,3.691600107115868279e-01,1.370400585699184659e-01,-4.297527666156192479e-03,4.114446653211725202e-01
3.726063361260115170e-01,-3.224841109664844385e-01,1.587196536677849129e-02,4.263368173218481938e-01,-3.083206691204848915e-01,8.259449254687931674e-01,-3.473212705702494740e-01,2.819290841852752361e-01,-5.451962781858453733e-01,6.640218239785904489e-03,2.212458429988855280e-01,4.514827304091955651e-01,6.830884837182211733e-01,9.646849091998919989e-02,5.963979158900046817e-01,-3.478976543067399119e-01,1.000000000000000000e+00,4.657529858937167200e-01,1.372961173961529391e-01,-1.470685098159384974e-01,3.298240868778613555e-01,-6.866085470621594578e-01,1.495600794874384631e-01,1.586653688478452118e-01,5.135495891620140974e-01,-2.903194866922484962e-01,-5.655329126338213275e-01,-2.696178498002121393e-01,7.764114045025807265e-01,-5.794940441064631020e-01,-5.551440612360742932e-01,-1.522208900653655994e-01,-1.371841947351958024e-01,1.545564361568337874e-01,6.890754417765463380e-01,-3.165768152047572503e-02,1.794020583069592389e-01,1.456570152891295024e-02,-7.134904418812207938e-01
4.546539838751725293e-01,-2.117970636495362657e-01,9.915832788359919825e-02,6.069535088054678340e-01,6.615454584090496581e-02,4.546880117198879856e-01,-1.543467595366365130e-01,1.272884232225245105e-01,7.200513887422020642e-02,1.659579158435548485e-01,-2.727871710170067798e-01,4.464206586307504776e-01,6.521066358142026953e-01,1.428013669409203823e-01,4.114275436076527681e-01,-1.312479093063035999e-02,4.657529858937167200e-01,1.000000000000000000e+00,6.178858527296962055e-01,-1.094055085344356609e-01,9.537004424255587920e-02,-6.054137997681394712e-01,3.508378379918043466e-01,2.415206227214024559e-01,5.228943648554110757e-01,-3.525743399803273059e-02,-5.121198618641552569e-01,-7.035993797795916938e-02,5.731321825768563860e-01,-1.683718148874934206e-01,-5.841599072714610541e-01,-4.435139922372567933e-01,-3.586905569334216115e-01,2.687854208500829456e-01,4.449724020564569948e-01,-8.714702941575264150e-02,-2.719681011375993940e-01,4.084185517021056699e-01,-4.259685955648909172e-01
2.885111137454478558e-01,2.203626933527841336e-02,2.753406861093625202e-01,4.274743657025458776e-01,2.948680344234598794e-01,1.200152987479471134e-01,4.942710887814824594e-02,-1.385066304361669276e-01,3.783370614025380885e-01,2.112150339926275044e-01,-4.225403229022171026e-01,2.509270310783745517e-01,3.499375386797721199e-01,2.828986316487612784e-01,2.628959143697074952e-01,1.477013995340981656e-01,1.372961173961529391e-01,6.178858527296962055e-01,1.000000000000000000e+00,-6.395197445695859073e-02,6.244239425328265702e-02,-2.891478787762895020e-01,3.525714631711607261e-01,1.093980263900878047e-01,3.842386288215997592e-01,9.085118369674440031e-02,-1.834808474810867285e-01,4.234546173101398636e-02,2.941964840829529027e-01,8.123893709934169871e-02,-3.205049607976893089e-01,-3.763410324857661693e-01,-1.433241814750270682e-01,2.178379665797343101e-01,1.918252865847334954e-01,-9.108169578976273162e-02,-3.226531026420920156e-01,4.406394482776700983e-01,-6.898440114615049523e-02
-5.378451011597504966e-02,6.402728933083781659e-02,-6.178730801257689698e-02,-1.509015165385718671e-01,3.880145889672752257e-02,-2.190658323433835319e-01,1.492614857317470511e-01,5.215464526906328849e-03,1.393851956686321392e-01,1.852084970216785476e-01,2.234464885616574761e-02,9.019783877187022639e-03,-1.721206864203349840e-01,-8.130289218823989750e-02,-3.841999366833417917e-02,2.292494021803743176e-01,-1.470685098159384974e-01,-1.094055085344356609e-01,-6.395197445695859073e-02,1.000000000000000000e+00,-1.172887050119496427e-01,1.921179476840169098e-01,2.385496742599157310e-02,-7.810303438038135315e-02,-4.520632052518323840e-02,1.197894284078734467e-01,1.687785423236955185e-01,1.946858763146890325e-01,-1.576641443707584300e-01,1.725895612325065720e-01,1.814688186886267429e-01,1.355163547900207766e-01,1.564397107501723852e-02,3.770201232196996460e-02,-8.956399101140798125e-02,6.057626012146901523e-02,1.191210829496946039e-01,1.181211030501376769e-01,2.205298349651014511e-01
2.958352767728774646e-01,1.656717181272102379e-01,6.325870979369854208e-01,-1.275607221382873135e-01,1.955351126819137031e-01,3.545805321478024963e-01,-6.726145161771665548e-02,-4.840401400146523425e-01,-1.195883365685470878e-01,1.441293046604537886e-01,2.322514020145478308e-01,4.940776925783570972e-01,5.864108753247805617e-02,5.118132756005684403e-01,3.863459855605596571e-01,3.811492644214320435e-02,3.298240868778613555e-01,9.537004424255587920e-02,6.244239425328265702e-02,-1.172887050119496427e-01,1.000000000000000000e+00,-7.995605919538466277e-02,2.650268943693114831e-01,1.109497123529853968e-01,2.147142161950290340e-01,1.536472444106404822e-01,5.605689434074546257e-02,3.746008205731279905e-01,3.490284038785881338e-01,-1.003714423084133556e-01,1.190388794508523418e-01,1.494392119657693418e-01,4.758277788910750816e-01,4.281623716893067644e-01,3.445072219736370345e-01,1.584354775133097748e-01,2.770468358702526390e-01,-1.874248668774342597e-01,-2.171813054157853695e-01
-4.539151940149491193e-01,4.848079275321056647e-01,1.145960030994951223e-01,-5.770732412044392579e-01,2.449662396189517255e-01,-7.022072162627822633e-01,4.542231014161183800e-01,-3.971565111288406502e-01,3.751791340289725163e-01,4.857825152466394014e-02,1.863743800294219710e-01,-2.975678485246404659e-01,-8.272070714652248746e-01,8.411852368600565566e-02,-5.656700516480962504e-01,3.288283174491904992e-01,-6.866085470621594578e-01,-6.054137997681394712e-01,-2.891478787762895020e-01,1.921179476840169098e-01,-7.995605919538466277e-02,1.000000000000000000e+00,-1.013653225980738065e-01,-9.974875107790875939e-02,-6.060852150007901562e-01,3.298757662250496048e-01,7.726659399665138928e-01,3.939915712159081651e-01,-6.929919467337907202e-01,4.706726674081433970e-01,8.067120034250300220e-01,5.571748862974176264e-01,4.709004494346037406e-01,-1.721397197542929025e-01,-5.649785817215137174e-01,1.875463071234255708e-01,2.571202358668528420e-01,-2.377248771179978903e-01,7.796412261082436013e-01
3.169967073820926795e-01,3.675461367663496182e-01,4.054074232141149370e-01,1.424643573030578980e-01,3.562269615869365635e-01,1.748252835093901114e-01,1.173281470157595541e-01,-3.077046263259651804e-01,2.647140966176392274e-01,4.821235852646352238e-01,-1.746855143577839570e-03,4.280380665573838006e-01,1.167720016139092848e-01,4.563193409939891865e-01,2.621403181163303731e-01,4.512283273836810160e-01,1.495600794874384631e-01,3.508378379918043466e-01,3.525714631711607261e-01,2.385496742599157310e-02,2.650268943693114831e-01,-1.013653225980738065e-01,1.000000000000000000e+00,4.390126260902967870e-01,5.150651743577636665e-01,4.258705772815885027e-02,1.169040106347916802e-01,2.692463322052498498e-01,2.828234417291104474e-01,2.034838726954562582e-01,1.533471230734420425e-02,1.900963585580820250e-02,1.291313643381946374e-01,4.354118262086176805e-01,4.162734792257007932e-01,2.307782127627353019e-01,2.056026315407058491e-01,5.810229956647125493e-02,3.659093318181366739e-02
1.658751178153388406e-01,2.008344429184237001e-01,1.566970253693713011e-01,5.125177257415749338e-02,1.472746247677841347e-01,1.326539080916573909e-01,2.062505614554758018e-02,-1.053856664742141708e-01,7.057655770836077092e-02,3.442057624404034066e-01,1.346370599516044098e-01,2.902726386461753627e-01,6.202859503584084305e-02,3.398442492700781692e-01,8.675405932158097855e-02,2.402356578212302696e-01,1.586653688478452118e-01,2.415206227214024559e-01,1.093980263900878047e-01,-7.810303438038135315e-02,1.109497123529853968e-01,-9.974875107790875939e-02,4.390126260902967870e-01,1.000000000000000000e+00,3.246711294054758223e-01,-4.121228087206862956e-02,2.955894780419069529e-02,1.587631684343041583e-01,1.807888754910570717e-01,1.695885254143528476e-01,1.218644793683491823e-02,7.516688080849277809e-02,2.442517313027299779e-03,1.552862427600862349e-01,2.595807691165417097e-01,2.654945921155555943e-01,1.479456091595142131e-01,-1.492696743949590774e-02,-9.229726710784728547e-03
5.918733761402814597e-01,-7.814970395683773496e-02,2.003957574309372935e-01,3.464478229632064754e-01,1.573604465036183842e-01,4.853226828798822279e-01,-2.962944874770039316e-01,4.693774462539772319e-02,-1.296117385651789251e-02,3.373583833332062798e-01,-2.228191917303938840e-01,3.645048245393092134e-01,5.955566558506989461e-01,2.061764940715946348e-01,5.661294120026811871e-01,8.693407040491904492e-02,5.135495891620140974e-01,5.228943648554110757e-01,3.842386288215997592e-01,-4.520632052518323840e-02,2.147142161950290340e-01,-6.060852150007901562e-01,5.150651743577636665e-01,3.246711294054758223e-01,1.000000000000000000e+00,-6.564681124726563788e-02,-4.177754881065999792e-01,-5.718835540651738894e-03,6.373579438226731897e-01,-9.761689261580661081e-02,-5.249656586482931431e-01,-4.386134374237953271e-01,-1.705786266021030451e-01,4.552967761189300466e-01,6.350054823110621305e-01,-1.133344693531690844e-01,-8.008782238744190096e-02,3.106762058724241160e-01,-4.823138910618804398e-01
2.901568376507910885e-01,2.918845126365306464e-01,3.243910477606910536e-01,-2.960928678947354897e-01,5.135431604842360942e-01,-3.716307708372070251e-01,1.443144403796647601e-01,-4.047221014066144096e-01,4.810765206801479454e-01,1.452060450379350498e-01,-1.355940496816442908e-01,4.252328238982900493e-02,-3.079356675847499947e-01,3.069928789609963626e-01,-1.266438903038109298e-01,2.532384579070903197e-01,-2.903194866922484962e-01,-3.525743399803273059e-02,9.085118369674440031e-02,1.197894284078734467e-01,1.536472444106404822e-01,3.298757662250496048e-01,4.258705772815885027e-02,-4.121228087206862956e-02,-6.564681124726563788e-02,1.000000000000000000e+00,3.389613660220253677e-01,5.644551493835794354e-01,-1.152050407603007615e-01,3.747732758402636533e-01,3.092865233472559816e-01,6.278489289105762539e-02,3.600802377386250197e-01,2.695314136588012888e-01,-1.921472004651706977e-01,-3.420937261777736577e-02,-2.953451161586119131e-02,2.809394736187321717e-01,3.499838967414142243e-01
-3.646625879507945367e-01,6.098313871150643495e-01,3.038169495567330514e-01,-5.878269652345919916e-01,3.746146851736322225e-01,-5.676423726952964932e-01,4.471869656178102392e-01,-5.285283331883144919e-01,4.110245931722285584e-01,1.865754106613280727e-01,2.664940243212211013e-01,-1.236804387355061596e-01,-7.713246076366666593e-01,2.843808491891214318e-01,-4.733186480825853915e-01,4.157321144002573687e-01,-5.655329126338213275e-01,-5.121198618641552569e-01,-1.834808474810867285e-01,1.687785423236955185e-01,5.605689434074546257e-02,7.726659399665138928e-01,1.169040106347916802e-01,2.955894780419069529e-02,-4.177754881065999792e-01,3.389613660220253677e-01,1.000000000000000000e+00,5.214572680292425266e-01,-5.537513518228799336e-01,4.310504298830219461e-01,8.170428862698274619e-01,6.193423810864112644e-01,5.948091648619228122e-01,2.450230025724744326e-02,-3.916334474606764648e-01,2.067868474896161490e-01,4.199143679649010030e-01,-2.541646894845349669e-01,7.576853804703949091e-01
9.197776125599800567e-02,3.579524019554936598e-01,6.088549951496577961e-01,-4.678340389042524583e-01,6.176647166149678014e-01,-3.046281745731010404e-01,2.006460214470109082e-01,-6.803807051120599469e-01,4.820965388752354031e-01,2.633712497400831909e-01,-9.281329363587262349e-03,2.209403045892253947e-01,-4.009559297880174733e-01,4.948441052054669553e-01,-8.574729786241022667e-02,3.901015373262511354e-01,-2.696178498002121393e-01,-7.035993797795916938e-02,4.234546173101398636e-02,1.946858763146890325e-01,3.746008205731279905e-01,3.939915712159081651e-01,2.692463322052498498e-01,1.587631684343041583e-01,-5.718835540651738894e-03,5.644551493835794354e-01,5.214572680292425266e-01,1.000000000000000000e+00,-1.514950000065214963e-01,4.134480271889691139e-01,4.823816899938091485e-01,2.202015953431705475e-01,5.792915399660976128e-01,4.829865556908255475e-01,-6.502315480468996711e-02,5.941029012031787820e-02,2.162460121070554075e-01,1.003557305860499071e-01,4.005803911511567894e-01
5.745316870451486757e-01,-2.060934892276939101e-01,1.146125422497235313e-01,4.298435637599144488e-01,-1.400363595046863474e-01,7.711340671178962269e-01,-3.739595272094760059e-01,1.936910646275626646e-01,-3.683849314947096887e-01,2.259328594703562398e-01,6.410767218530911971e-02,5.301117382700677449e-01,7.077588874491568260e-01,1.876524103270915678e-01,6.857930309643909261e-01,-1.462324674518903911e-01,7.764114045025807265e-01,5.731321825768563860e-01,2.941964840829529027e-01,-1.576641443707584300e-01,3.490284038785881338e-01,-6.929919467337907202e-01,2.828234417291104474e-01,1.807888754910570717e-01,6.373579438226731897e-01,-1.152050407603007615e-01,-5.537513518228799336e-01,-1.514950000065214963e-01,1.000000000000000000e+00,-3.732758195245622912e-01,-5.719685362729248768e-01,-2.541293317828533516e-01,-1.638484871026568424e-01,2.663410652217350072e-01,7.342143587177180075e-01,-4.770441751801086233e-02,8.031072047935403080e-02,1.102842738930045335e-01,-6.912818549465552520e-01
8.572308119046481711e-02,4.681345482216713316e-01,2.239814691831759907e-01,-3.001038100716756363e-01,4.486170763160540753e-01,-5.719157894960807953e-01,1.666712178027538183e-01,-4.027192295386598508e-01,5.804789294699989055e-01,4.182431716659096854e-01,-2.111143113147460892e-01,-7.774333173873661240e-02,-4.286200200331156118e-01,2.106868382979010801e-01,-2.708416939585529537e-01,6.260595758657407917e-01,-5.794940441064631020e-01,-1.683718148874934206e-01,8.123893709934169871e-02,1.725895612325065720e-01,-1.003714423084133556e-01,4.706726674081433970e-01,2.034838726954562582e-01,1.695885254143528476e-01,-9.761689261580661081e-02,3.747732758402636533e-01,4.310504298830219461e-01,4.134480271889691139e-01,-3.732758195245622912e-01,1.000000000000000000e+00,3.912861460092157961e-01,6.658488359348437025e-02,1.484869674200144651e-01,8.910335667395624659e-02,-3.014209000988104514e-01,1.499001071767832316e-01,-1.642146765940246667e-01,8.410856729482959690e-03,4.771792309308628965e-01
-4.008434512139028016e-01,5.611464083873453079e-01,2.531684911552521955e-01,-6.354657690537824921e-01,2.543133904860432892e-01,-5.551421631789474898e-01,4.211768272238677335e-01,-4.971783030111396884e-01,2.774975491235173730e-01,1.290764187183673917e-01,3.748074657461080150e-01,-1.200521001102066720e-01,-8.246032322486280819e-01,2.296220188004476359e-01,-4.686652781690382463e-01,3.482372622573359777e-01,-5.551440612360742932e-01,-5.841599072714610541e-01,-3.205049607976893089e-01,1.814688186886267429e-01,1.190388794508523418e-01,8.067120034250300220e-01,1.533471230734420425e-02,1.218644793683491823e-02,-5.249656586482931431e-01,3.092865233472559816e-01,8.170428862698274619e-01,4.823816899938091485e-01,-5.719685362729248768e-01,3.912861460092157961e-01,1.000000000000000000e+00,6.875223766559419580e-01,5.775227292661045952e-01,-6.806743865809852800e-02,-4.164040285630004612e-01,2.815277794458765914e-01,4.252924750886564742e-01,-3.664380060337775191e-01,7.131645186183939167e-01
-3.759174815905833023e-01,4.550367488126367266e-01,1.064296391368590999e-01,-4.221584313883141037e-01,-5.193779758245198330e-02,-1.718886534001392852e-01,2.822674533704668809e-01,-2.362797030870102122e-01,-8.392824808319361563e-02,1.663235962898651776e-01,7.200859629563964859e-01,9.179735056066068433e-02,-5.635762060601000600e-01,1.738568625424062042e-01,-2.884078087084763764e-01,2.098643529838333799e-01,-1.522208900653655994e-01,-4.435139922372567933e-01,-3.763410324857661693e-01,1.355163547900207766e-01,1.494392119657693418e-01,5.571748862974176264e-01,1.900963585580820250e-02,7.516688080849277809e-02,-4.386134374237953271e-01,6.278489289105762539e-02,6.193423810864112644e-01,2.202015953431705475e-01,-2.541293317828533516e-01,6.658488359348437025e-02,6.875223766559419580e-01,1.000000000000000000e+00,4.657154093495632918e-01,-1.307748757516181970e-01,-1.122335234090558742e-01,3.936200958997588262e-01,6.722389716745910127e-01,-4.901159664929650717e-01,4.561685278103260188e-01
-1.137009903078010364e-01,3.729133204162749515e-01,5.780618738519966993e-01,-5.320606454592204937e-01,3.930389374358302379e-01,-1.634290090876844570e-01,1.995171461374730393e-01,-6.447133311126546085e-01,1.644069395575795678e-01,8.425845509142775025e-02,2.501630879619783920e-01,8.864206378386850493e-02,-4.773077003135737240e-01,5.190597606169224942e-01,-1.641278975652560035e-01,1.650056993352703172e-01,-1.371841947351958024e-01,-3.586905569334216115e-01,-1.433241814750270682e-01,1.564397107501723852e-02,4.758277788910750816e-01,4.709004494346037406e-01,1.291313643381946374e-01,2.442517313027299779e-03,-1.705786266021030451e-01,3.600802377386250197e-01,5.948091648619228122e-01,5.792915399660976128e-01,-1.638484871026568424e-01,1.484869674200144651e-01,5.775227292661045952e-01,4.657154093495632918e-01,1.000000000000000000e+00,2.605609731279167618e-01,-2.376365993886513442e-02,1.368723838949090499e-01,4.853251563634154997e-01,-1.908977903197422166e-01,3.605194578796800386e-01
4.447382937751124254e-01,1.984594694789662550e-01,6.172445120829386234e-01,-5.258376063819207580e-02,6.017974161659155330e-01,1.439475154942154445e-01,-1.228891699592183084e-01,-4.733392895989484983e-01,3.666208555428303595e-01,2.597942925771855593e-01,-9.626689135380232798e-02,4.658033989806465991e-01,1.602185906206219923e-01,4.898053863572350286e-01,3.637695657179897402e-01,2.069119736908632268e-01,1.545564361568337874e-01,2.687854208500829456e-01,2.178379665797343101e-01,3.770201232196996460e-02,4.281623716893067644e-01,-1.721397197542929025e-01,4.354118262086176805e-01,1.552862427600862349e-01,4.552967761189300466e-01,2.695314136588012888e-01,2.450230025724744326e-02,4.829865556908255475e-01,2.663410652217350072e-01,8.910335667395624659e-02,-6.806743865809852800e-02,-1.307748757516181970e-01,2.605609731279167618e-01,1.000000000000000000e+00,3.316446186826340070e-01,-7.282913685186606645e-02,5.268275759271833641e-02,2.598732324733825649e-01,-7.760033832916433949e-02
4.488661458010312910e-01,-1.292901280187709057e-01,1.989366538456431854e-01,3.151224179151771998e-01,-5.326235119240514682e-02,6.881748996457346390e-01,-3.246919248913014977e-01,7.083104116618486878e-02,-3.288093777138922924e-01,3.134856514199075295e-01,1.492439861480269192e-01,4.907095393835027575e-01,5.542498914022414569e-01,2.471440879541391689e-01,5.717610359642313345e-01,-1.211241364121156197e-02,6.890754417765463380e-01,4.449724020564569948e-01,1.918252865847334954e-01,-8.956399101140798125e-02,3.445072219736370345e-01,-5.649785817215137174e-01,4.162734792257007932e-01,2.595807691165417097e-01,6.350054823110621305e-01,-1.921472004651706977e-01,-3.916334474606764648e-01,-6.502315480468996711e-02,7.342143587177180075e-01,-3.014209000988104514e-01,-4.164040285630004612e-01,-1.122335234090558742e-01,-2.376365993886513442e-02,3.316446186826340070e-01,1.000000000000000000e+00,8.201171170643636876e-02,2.568827110938203817e-01,7.648470077251395827e-02,-5.492260451339763261e-01
-9.244623070106424562e-03,3.296144329528468697e-01,1.128976299988989906e-01,-6.606070193379084965e-02,3.686919485305553690e-02,7.179278058691321643e-03,2.039757922995519002e-01,-1.343333982104844004e-01,-7.922136915770300325e-02,3.366739744324264705e-01,3.217472075108737117e-01,6.187416276495866230e-02,-2.481398814781233253e-01,2.999889362824515460e-01,-1.575406379596094031e-01,3.691600107115868279e-01,-3.165768152047572503e-02,-8.714702941575264150e-02,-9.108169578976273162e-02,6.057626012146901523e-02,1.584354775133097748e-01,1.875463071234255708e-01,2.307782127627353019e-01,2.654945921155555943e-01,-1.133344693531690844e-01,-3.420937261777736577e-02,2.067868474896161490e-01,5.941029012031787820e-02,-4.770441751801086233e-02,1.499001071767832316e-01,2.815277794458765914e-01,3.936200958997588262e-01,1.368723838949090499e-01,-7.282913685186606645e-02,8.201171170643636876e-02,1.000000000000000000e+00,3.203963887509543862e-01,-2.112532056191962770e-01,1.845877683918200063e-01
-1.892884685741021145e-01,3.019630187357777995e-01,1.727739441227547634e-01,-3.097694223945805514e-01,-5.904946104255818368e-02,1.690062735380553904e-01,1.733575629433593557e-01,-1.592031165945532734e-01,-2.495471858161287804e-01,2.262945614729821031e-01,6.223696091691430787e-01,2.045725428381011402e-01,-2.697877640045099890e-01,2.376115796686618931e-01,8.337016026777934732e-04,1.370400585699184659e-01,1.794020583069592389e-01,-2.719681011375993940e-01,-3.226531026420920156e-01,1.191210829496946039e-01,2.770468358702526390e-01,2.571202358668528420e-01,2.056026315407058491e-01,1.479456091595142131e-01,-8.008782238744190096e-02,-2.953451161586119131e-02,4.199143679649010030e-01,2.162460121070554075e-01,8.031072047935403080e-02,-1.642146765940246667e-01,4.252924750886564742e-01,6.722389716745910127e-01,4.853251563634154997e-01,5.268275759271833641e-02,2.568827110938203817e-01,3.203963887509543862e-01,1.000000000000000000e+00,-3.316984808553775088e-01,1.888448489255377949e-01
1.920674837034517524e-01,-3.183935994892185817e-01,3.185753346908478528e-02,2.976462334801642240e-01,3.030334840070240121e-01,-8.800545186058977842e-02,-6.041634578723751453e-02,3.823523270328505613e-02,3.853370566171682721e-01,7.235836665728313452e-03,-5.529022703171948550e-01,-7.906045273495272002e-03,2.834943072354558780e-01,-5.648158012347566370e-02,9.275756560627909653e-02,-4.297527666156192479e-03,1.456570152891295024e-02,4.084185517021056699e-01,4.406394482776700983e-01,1.181211030501376769e-01,-1.874248668774342597e-01,-2.377248771179978903e-01,5.810229956647125493e-02,-1.492696743949590774e-02,3.106762058724241160e-01,2.809394736187321717e-01,-2.541646894845349669e-01,1.003557305860499071e-01,1.102842738930045335e-01,8.410856729482959690e-03,-3.664380060337775191e-01,-4.901159664929650717e-01,-1.908977903197422166e-01,2.598732324733825649e-01,7.648470077251395827e-02,-2.112532056191962770e-01,-3.316984808553775088e-01,1.000000000000000000e+00,1.481810995496074708e-02
-4.489555113853332946e-01,4.690718677696294470e-01,1.194739521016477402e-01,-4.463930144926047672e-01,3.714464729624376571e-01,-7.431169078052025645e-01,4.919315447777288797e-01,-3.886771295328097509e-01,5.623770491807478233e-01,1.204131214575691611e-01,4.718556639867421687e-02,-2.760969973099149932e-01,-7.549845909406293076e-01,8.871372348499428906e-02,-5.861900448731105495e-01,4.114446653211725202e-01,-7.134904418812207938e-01,-4.259685955648909172e-01,-6.898440114615049523e-02,2.205298349651014511e-01,-2.171813054157853695e-01,7.796412261082436013e-01,3.659093318181366739e-02,-9.229726710784728547e-03,-4.823138910618804398e-01,3.499838967414142243e-01,7.576853804703949091e-01,4.005803911511567894e-01,-6.912818549465552520e-01,4.771792309308628965e-01,7.131645186183939167e-01,4.561685278103260188e-01,3.605194578796800386e-01,-7.760033832916433949e-02,-5.492260451339763261e-01,1.845877683918200063e-01,1.888448489255377949e-01,1.481810995496074708e-02,1.000000000000000000e+00
