1.000000000000000000e+00,7.817063682518948786e-01,2.992945334222927301e-01,9.453960306468638108e-02,4.962126685646982560e-01,-3.033355283736668961e-01,1.101824594222400172e-01,-2.254334212254772152e-01,5.967916214599604530e-01,7.388562236634125258e-01,1.738028138172120207e-01,2.370585630099852903e-01,-3.667219644141512247e-01,5.826661558785868333e-01,1.729769257043051733e-01,5.430275227996140819e-01,6.359221649319875269e-02,1.580719706838410454e-01,1.391342405656487147e-01,2.200479973604001216e-01,2.024354647324315970e-01,3.097759520115327403e-01,4.699966093501132813e-01,4.346419887921885161e-01,6.534763368293727837e-01,5.344755144552293391e-01,3.329227744314995352e-01,2.938843970930099525e-01,6.774981037414380403e-01,7.704123200235721836e-01,4.096142929931582688e-01,3.265943362503735958e-01,1.229987372737989526e-01,4.159198404795101944e-01,6.244421452794848282e-01,9.749187412696770638e-02,5.384542249759290966e-01,4.150484178921207690e-01,3.847649172120621297e-01
7.817063682518948786e-01,1.000000000000000000e+00,2.525196621859993051e-01,1.638874380138249653e-01,4.494459808171386572e-01,-5.256972407119347990e-01,-1.252529419061325644e-01,-1.536193059654304971e-01,6.550084667321196541e-01,6.236289886265237170e-01,4.147459070190130381e-01,5.250482047634902338e-01,-3.598223386033168603e-01,5.885870549464138346e-01,2.785212171428454453e-01,5.289813981288257194e-01,-7.933397589502541591e-02,2.688787862468852707e-01,2.580237756408736982e-01,9.256093645916964319e-02,3.604400581720429986e-01,3.955608315772715655e-01,4.827154240552423148e-01,3.753392396760825145e-01,6.562941065799496876e-01,5.683829836175428030e-01,4.272124617319894568e-01,1.351648841689984115e-01,6.140670863483779218e-01,7.719927060800824137e-01,3.650910250382839450e-01,5.653020142554527894e-01,6.651836449670908528e-03,4.915315609854545298e-01,4.619525630842795660e-01,2.574517671449481626e-01,4.753792702606212672e-01,3.968928186415948134e-01,5.518791479335002359e-01
2.992945334222927301e-01,2.525196621859993051e-01,1.000000000000000000e+00,1.384533920339416913e-01,7.500451968692847249e-01,1.289488241547006968e-02,2.379603813775140742e-01,-8.954211924624083663e-01,4.735806011501115798e-01,5.575055355998943529e-01,2.496593807462563208e-01,4.131374744180728482e-03,-5.803682451022763589e-01,4.958213925455335902e-01,-9.062942817573602095e-02,6.185691248871886261e-01,3.802986297697236728e-01,1.157012414965095243e-01,1.989247524852691962e-01,2.084205142440499481e-01,5.355102241000978536e-01,5.203867992729471759e-01,3.970245533785705105e-01,5.345125351903902144e-01,5.139778656681190938e-01,4.203329976858988792e-01,3.634073000585184010e-01,4.575419690318713317e-01,2.129652994494681817e-01,3.646631563664756714e-01,7.867179535077849506e-01,1.376310350505579594e-01,6.876094542261856901e-01,5.727731979855562594e-01,3.759776936219816901e-01,-2.109771201445709288e-01,5.506932612390429416e-01,3.872952236890578881e-01,3.735273527501286051e-01
9.453960306468638108e-02,1.638874380138249653e-01,1.384533920339416913e-01,1.000000000000000000e+00,1.388585608940650917e-01,-1.914069748013189076e-01,2.247948794620675539e-01,-4.001911607397070497e-02,1.821590759709858509e-01,7.114098643743505673e-03,2.598440341404622544e-01,2.793083556132292533e-01,-4.292281642036414185e-02,1.816411916183610920e-01,4.930488898050197633e-02,1.068226295633645240e-01,6.665289125743392717e-02,5.081271548042041314e-02,1.769998500300530853e-01,1.971153179227716490e-01,2.678089634120103812e-01,2.261762076200258265e-01,8.502806337170373818e-02,7.661996337691497072e-02,6.863543536340227513e-02,1.148748730812171326e-02,-1.055830946577105689e-01,-1.748569254878078738e-01,1.894747777631971830e-01,1.576106597426048805e-01,1.861122033042695578e-01,2.343311047747106413e-01,-5.184788255925847772e-02,3.190651026885240049e-01,-1.361741458339018052e-01,-5.284999918152925510e-03,2.060863485038258794e-02,2.444619082664129667e-02,1.153345045985938733e-01
4.962126685646982560e-01,4.494459808171386572e-01,7.500451968692847249e-01,1.388585608940650917e-01,1.000000000000000000e+00,-8.404890493777372740e-02,1.352127597212039734e-01,-7.056631126320227487e-01,7.038349522932129121e-01,6.274818103491295318e-01,3.644615047195501334e-01,1.601323738887825421e-01,-4.848402044046477011e-01,6.944766502191843660e-01,4.112566459403816516e-02,6.363822176439490885e-01,2.959158030561034325e-01,2.899582718483700305e-01,3.975201405687374123e-01,1.267348237023560309e-01,3.813832801233589254e-01,5.024468121869930526e-01,5.434825884976071109e-01,6.218777613079677913e-01,6.427367392036633653e-01,5.564695057483276530e-01,4.889795949119061236e-01,4.413923560182271277e-01,3.461533975384684658e-01,5.447171369811966146e-01,6.649829173390237047e-01,3.050723167253034385e-01,5.654053174069679777e-01,6.640084884068830906e-01,4.519494595313430230e-01,5.019016538574234271e-02,6.471532185000670179e-01,5.466496964566160965e-01,6.638711346897542276e-01
-3.033355283736668961e-01,-5.256972407119347990e-01,1.289488241547006968e-02,-1.914069748013189076e-01,-8.404890493777372740e-02,1.000000000000000000e+00,3.838479185819251294e-01,-1.189121233227864172e-01,-3.839113848416405572e-01,-2.129477052498223999e-01,-3.995687078058214325e-01,-5.879791549758096592e-01,4.017938672622037299e-02,-2.134758570312609294e-01,-2.476895790281139209e-01,-2.748922458322027862e-01,3.168510168336177157e-01,-1.301980611216874972e-01,-7.236134665120626946e-03,1.570317957502310457e-01,-4.156253235928300538e-01,-3.963381047087756182e-01,-2.476151559780829237e-01,-7.772338103308366886e-02,-3.202755032546808489e-01,-2.096313703517700966e-01,-1.344142328515628981e-01,1.801807321051198396e-01,-2.327596026544636321e-01,-4.105788971446929780e-01,-1.113126439400051598e-01,-2.993057760741921203e-01,2.846316194296095725e-01,-4.045455408046133572e-01,1.531158789406054377e-01,-2.505386186885784627e-01,9.517767301729418428e-02,-2.909227876672529911e-01,-3.393509401692547667e-01
1.101824594222400172e-01,-1.252529419061325644e-01,2.379603813775140742e-01,2.247948794620675539e-01,1.352127597212039734e-01,3.838479185819251294e-01,1.000000000000000000e+00,-1.624635244722433258e-01,-3.504943092116529629e-02,5.877403430106948462e-02,-1.911085904864922580e-01,-2.095224709396897589e-01,-1.365272874422183147e-01,8.308390899335203750e-02,9.273775430725617053e-02,1.343180736574572237e-02,2.204797099747486944e-01,3.619799925863965984e-02,8.483899204452424736e-02,6.759678264629468414e-01,-5.751782850533531180e-03,7.610235863226107178e-02,-2.615806767927289153e-02,1.170001432402777292e-01,5.525470292129762429e-02,-6.211829943858117320e-02,-2.151229278689103519e-01,3.598839614393902764e-01,1.878371268103357083e-01,-4.598654160133770763e-02,7.440413297021915284e-02,-1.458070368625755955e-04,2.020907812256511615e-01,-8.337131299984919947e-03,2.310150249536860600e-01,-1.939636271643258858e-01,1.807410530076025701e-01,1.643708157817441035e-02,-2.292341541603115096e-01
-2.254334212254772152e-01,-1.536193059654304971e-01,-8.954211924624083663e-01,-4.001911607397070497e-02,-7.056631126320227487e-01,-1.189121233227864172e-01,-1.624635244722433258e-01,1.000000000000000000e+00,-3.559611183951427171e-01,-5.363401576612206734e-01,-1.405116382672046693e-01,1.727526109854421732e-01,5.338543883273989543e-01,-3.836455947078132311e-01,2.390817900403612306e-01,-5.922536639916347045e-01,-3.670723561076266739e-01,-2.589788063323165274e-02,-1.282467725101296419e-01,-6.302561718771773625e-02,-4.144431615306231609e-01,-3.581995415832450735e-01,-3.192797430246512302e-01,-4.749480642011691955e-01,-4.206079550264779643e-01,-3.488030127980500938e-01,-3.724633369309797715e-01,-4.116052656107678787e-01,-6.556268644834048476e-02,-3.041558285736505884e-01,-7.699303042623034665e-01,6.303791638558017656e-03,-6.615391594681186982e-01,-4.517047344610654047e-01,-3.520376023029816448e-01,2.606083895733150024e-01,-5.004104632135745190e-01,-3.305537323417161444e-01,-2.925660432562333657e-01
5.967916214599604530e-01,6.550084667321196541e-01,4.735806011501115798e-01,1.821590759709858509e-01,7.038349522932129121e-01,-3.839113848416405572e-01,-3.504943092116529629e-02,-3.559611183951427171e-01,1.000000000000000000e+00,5.587939415684611832e-01,6.305450330856495755e-01,5.621075001962674289e-01,-3.998788572908301142e-01,7.825115842506670250e-01,4.048773964753096810e-01,5.906945277198695221e-01,1.437817545824099930e-01,5.518963887285508463e-01,5.764601557251469721e-01,1.598527265797279051e-01,4.655567888988877412e-01,5.502425049817285529e-01,6.861719581078586927e-01,6.337000027335066843e-01,7.758197540834929073e-01,7.032985314102997432e-01,5.806366592610714417e-01,2.992550501745087632e-01,5.886264740519550065e-01,6.794778713491586020e-01,4.490817455816953352e-01,6.255574404986223858e-01,3.381897487862016161e-01,6.993395277905447571e-01,3.384260455919015365e-01,2.231221571003572934e-01,5.339722377192204217e-01,6.286059682494645751e-01,8.175998694675380429e-01
7.388562236634125258e-01,6.236289886265237170e-01,5.575055355998943529e-01,7.114098643743505673e-03,6.274818103491295318e-01,-2.129477052498223999e-01,5.877403430106948462e-02,-5.363401576612206734e-01,5.587939415684611832e-01,1.000000000000000000e+00,1.051009714707661080e-01,7.267677449179198168e-02,-4.715094174635454660e-01,5.662665771257962000e-01,-8.599377983690893734e-02,7.983755923577128266e-01,1.071715736343439723e-01,1.675955750002115496e-01,1.266164673641863581e-01,9.929214788179094309e-02,2.985850615329880831e-01,3.281702955374984909e-01,4.633595919759766479e-01,4.559854242295743876e-01,6.858058108746005743e-01,5.172976392404630142e-01,4.666815573504632386e-01,4.069710934601414309e-01,4.299763104331773556e-01,7.330909545674859640e-01,6.455362612254540444e-01,1.635374594830439343e-01,3.204825546120401714e-01,4.417905871022342335e-01,5.528766575978110165e-01,-6.238759758266950069e-03,5.737165266340408243e-01,5.181255558418562668e-01,4.199206988157275777e-01
1.738028138172120207e-01,4.147459070190130381e-01,2.496593807462563208e-01,2.598440341404622544e-01,3.644615047195501334e-01,-3.995687078058214325e-01,-1.911085904864922580e-01,-1.405116382672046693e-01,6.305450330856495755e-01,1.051009714707661080e-01,1.000000000000000000e+00,6.540598131193566811e-01,-7.158043602003111294e-02,4.891339973788041418e-01,4.708494683454759189e-01,1.906830661531264681e-01,2.817878301358539006e-01,3.482719519229024452e-01,5.315938799446549012e-01,-1.378410565613465491e-02,4.920826207698810739e-01,4.566535105158020524e-01,4.044035024355779884e-01,3.982029373136508621e-01,4.091965749137267960e-01,5.684042590737606870e-01,4.991383104127369852e-01,-1.178161305628271441e-02,4.013575943350258801e-01,3.786180478385630654e-01,1.844550784107640840e-01,7.277270878520817332e-01,1.568264399878423754e-01,5.054604361361038078e-01,-1.178650101732242085e-02,2.875596788316681640e-01,2.690714629428984095e-01,2.503985194763023725e-01,6.189825374459309026e-01
2.370585630099852903e-01,5.250482047634902338e-01,4.131374744180728482e-03,2.793083556132292533e-01,1.601323738887825421e-01,-5.879791549758096592e-01,-2.095224709396897589e-01,1.727526109854421732e-01,5.621075001962674289e-01,7.267677449179198168e-02,6.540598131193566811e-01,1.000000000000000000e+00,-4.265655341980871540e-02,4.236540388867552354e-01,6.472784592907729895e-01,1.488335068045598120e-01,-1.212052317107544797e-01,5.655309157465235881e-01,5.351342014105885392e-01,1.852428328052812267e-01,4.869095163764553535e-01,4.542711090271068231e-01,2.992081329847807725e-01,1.903163608421915842e-01,3.814171171662860127e-01,4.001511037337265875e-01,3.182783560407185242e-01,-6.043246310901033425e-02,4.450664527077961563e-01,3.701081769582645897e-01,-6.051452844777180200e-03,7.418954070011388735e-01,-1.634732978568320116e-01,3.710733560440137024e-01,1.272027742187207232e-02,4.720389464897369325e-01,1.346665981654061595e-01,3.139305933088312184e-01,5.730698069423544316e-01
-3.667219644141512247e-01,-3.598223386033168603e-01,-5.803682451022763589e-01,-4.292281642036414185e-02,-4.848402044046477011e-01,4.017938672622037299e-02,-1.365272874422183147e-01,5.338543883273989543e-01,-3.998788572908301142e-01,-4.715094174635454660e-01,-7.158043602003111294e-02,-4.265655341980871540e-02,1.000000000000000000e+00,-4.128362268316753680e-01,1.060502404109206487e-01,-4.822452246933986997e-01,-5.035213516504369324e-02,-1.106743627530972218e-01,-7.585432772070663243e-02,-1.543830283721327745e-01,-2.945549464652609251e-01,-3.550415194670121788e-01,-4.034094045462550127e-01,-3.807806915425342442e-01,-4.194402418099438257e-01,-2.086317826918132334e-01,-6.357324221469344561e-02,-1.874320421846289442e-01,-2.483545566263705429e-01,-3.324579064496990255e-01,-6.258466391411917629e-01,-5.952650207649665126e-02,-5.367735689033716895e-01,-4.423466676348562499e-01,-3.271594982767617732e-01,2.198763804848714032e-01,-4.409458098862787945e-01,-2.492512085186769921e-01,-2.723106025523188700e-01
5.826661558785868333e-01,5.885870549464138346e-01,4.958213925455335902e-01,1.816411916183610920e-01,6.944766502191843660e-01,-2.134758570312609294e-01,8.308390899335203750e-02,-3.836455947078132311e-01,7.825115842506670250e-01,5.662665771257962000e-01,4.891339973788041418e-01,4.236540388867552354e-01,-4.128362268316753680e-01,1.000000000000000000e+00,3.349848161549833780e-01,5.633501648884877699e-01,2.167211270443823445e-01,3.891351153108445482e-01,4.721537819938874669e-01,1.662318564639708451e-01,3.489356974397344602e-01,5.220651490920583671e-01,7.370193383888019589e-01,7.564765747325987721e-01,7.145687059122241003e-01,6.240324982876683801e-01,5.300114337790062802e-01,3.725094916804467804e-01,6.031871351875597309e-01,5.876270701993590029e-01,4.804390584992546120e-01,5.176644116480104696e-01,4.523715859066058109e-01,7.132728608553832172e-01,4.735517805569604000e-01,2.095130223453016971e-01,6.223304372771500947e-01,4.850937692688909730e-01,6.945044839819645155e-01
1.729769257043051733e-01,2.785212171428454453e-01,-9.062942817573602095e-02,4.930488898050197633e-02,4.112566459403816516e-02,-2.476895790281139209e-01,9.273775430725617053e-02,2.390817900403612306e-01,4.048773964753096810e-01,-8.599377983690893734e-02,4.708494683454759189e-01,6.472784592907729895e-01,1.060502404109206487e-01,3.349848161549833780e-01,1.000000000000000000e+00,-1.140015016632603684e-01,8.660324698516692898e-02,5.686556044720821879e-01,5.653111979989504654e-01,3.721108251271208478e-01,2.270156920665441225e-01,2.600813390536681480e-01,1.767125370354926117e-01,1.684854111230847939e-01,2.680160204816608993e-01,3.944617227605820564e-01,2.090542782473673034e-01,3.463387256510453566e-02,4.617881153473376576e-01,1.428788027453264664e-01,-2.290522521977355064e-01,6.467401614415860811e-01,-1.694641145936316429e-01,1.130550853871357536e-01,1.436791764266293070e-01,4.319649178306165238e-01,1.458922529266669377e-01,2.814118059426679586e-01,3.406390291895060041e-01
5.430275227996140819e-01,5.289813981288257194e-01,6.185691248871886261e-01,1.068226295633645240e-01,6.363822176439490885e-01,-2.748922458322027862e-01,1.343180736574572237e-02,-5.922536639916347045e-01,5.906945277198695221e-01,7.983755923577128266e-01,1.906830661531264681e-01,1.488335068045598120e-01,-4.822452246933986997e-01,5.633501648884877699e-01,-1.140015016632603684e-01,1.000000000000000000e+00,6.953059732094349354e-02,2.555558368710673656e-01,2.078462109381632728e-01,6.236817856009629207e-02,4.388750843408260605e-01,3.351295228666445469e-01,5.034132602549153956e-01,4.256666583372326618e-01,7.143264507171859234e-01,5.016064135365464471e-01,4.350496879769190639e-01,3.458731137977403280e-01,3.319987318163873380e-01,6.547985305238077647e-01,6.897212965108283633e-01,1.845302749470708881e-01,3.688918690988803317e-01,5.473104769866292685e-01,3.693562860623882949e-01,8.047068125138503395e-04,5.082005666632888330e-01,5.907108635228419669e-01,4.785010909165050008e-01
6.359221649319875269e-02,-7.933397589502541591e-02,3.802986297697236728e-01,6.665289125743392717e-02,2.959158030561034325e-01,3.168510168336177157e-01,2.204797099747486944e-01,-3.670723561076266739e-01,1.437817545824099930e-01,1.071715736343439723e-01,2.817878301358539006e-01,-1.212052317107544797e-01,-5.035213516504369324e-02,2.167211270443823445e-01,8.660324698516692898e-02,6.953059732094349354e-02,1.000000000000000000e+00,-2.765906194460210354e-02,1.653122596585924475e-01,5.259871885379953371e-02,1.205454318511877537e-01,1.722984754027539755e-01,1.115783452863540332e-01,2.429428585416592012e-01,1.456454473591050069e-01,4.611604757476538974e-01,2.134784710696370769e-01,2.594930650723137333e-01,2.194195357490003329e-01,6.640718271867133982e-02,2.547140062282085560e-01,1.395921995993561482e-01,4.489065253471960504e-01,1.340202916037285252e-01,2.477018730543654457e-01,-5.376229710974053666e-02,4.294276849622886139e-01,1.828486470039159539e-01,1.110727762281984443e-01
1.580719706838410454e-01,2.688787862468852707e-01,1.157012414965095243e-01,5.081271548042041314e-02,2.899582718483700305e-01,-1.301980611216874972e-01,3.619799925863965984e-02,-2.589788063323165274e-02,5.518963887285508463e-01,1.675955750002115496e-01,3.482719519229024452e-01,5.655309157465235881e-01,-1.106743627530972218e-01,3.891351153108445482e-01,5.686556044720821879e-01,2.555558368710673656e-01,-2.765906194460210354e-02,1.000000000000000000e+00,7.660021624128175999e-01,3.109526001062206113e-01,2.232664462761257407e-01,2.073270258454801562e-01,2.187841091058956855e-01,2.523092189096604043e-01,3.573280528145166834e-01,4.097911069257562100e-01,3.267304369096499239e-01,1.942540111369158440e-01,3.044108003300559639e-01,2.502863707143782035e-01,-2.139604537514072646e-02,5.440962465719143548e-01,-1.722866737837073364e-02,9.261106340283173366e-02,1.483379654458042152e-01,3.627099336476689029e-01,1.943589940784646863e-01,5.329326013470627732e-01,5.664802936509816256e-01
1.391342405656487147e-01,2.580237756408736982e-01,1.989247524852691962e-01,1.769998500300530853e-01,3.975201405687374123e-01,-7.236134665120626946e-03,8.483899204452424736e-02,-1.282467725101296419e-01,5.764601557251469721e-01,1.266164673641863581e-01,5.315938799446549012e-01,5.351342014105885392e-01,-7.585432772070663243e-02,4.721537819938874669e-01,5.653111979989504654e-01,2.078462109381632728e-01,1.653122596585924475e-01,7.660021624128175999e-01,1.000000000000000000e+00,2.849183673332240652e-01,2.662801173360472839e-01,1.838779343176652759e-01,2.847959298458830335e-01,3.455017782145616279e-01,3.581987108773798667e-01,4.723784688392458908e-01,4.068448203651482409e-01,1.029313123333190638e-01,3.594177472575426080e-01,2.521402310297539695e-01,2.725403257575534366e-02,6.811304112738212346e-01,1.230601971869544481e-01,2.171882759974154142e-01,1.774582593233106076e-01,2.999284430037665317e-01,3.303232820151091320e-01,3.717129660500052002e-01,5.925774799890902722e-01
2.200479973604001216e-01,9.256093645916964319e-02,2.084205142440499481e-01,1.971153179227716490e-01,1.267348237023560309e-01,1.570317957502310457e-01,6.759678264629468414e-01,-6.302561718771773625e-02,1.598527265797279051e-01,9.929214788179094309e-02,-1.378410565613465491e-02,1.852428328052812267e-01,-1.543830283721327745e-01,1.662318564639708451e-01,3.721108251271208478e-01,6.236817856009629207e-02,5.259871885379953371e-02,3.109526001062206113e-01,2.849183673332240652e-01,1.000000000000000000e+00,1.709303659630293237e-01,1.417255463928228376e-01,-3.256052167569605492e-03,1.246628053764189809e-01,2.136003131885876316e-01,4.028027801417694009e-02,-1.019429654905363164e-01,2.833773434415446379e-01,4.254097862720209733e-01,1.159524300845219819e-01,1.236310672694945767e-02,2.790556052997241743e-01,1.016136842784207406e-01,3.880118683366361870e-02,3.385013376509705130e-01,-1.278664789735404345e-02,2.167163871605946868e-01,8.559203970660261840e-02,-5.966333945106212094e-02
2.024354647324315970e-01,3.604400581720429986e-01,5.355102241000978536e-01,2.678089634120103812e-01,3.813832801233589254e-01,-4.156253235928300538e-01,-5.751782850533531180e-03,-4.144431615306231609e-01,4.655567888988877412e-01,2.985850615329880831e-01,4.920826207698810739e-01,4.869095163764553535e-01,-2.945549464652609251e-01,3.489356974397344602e-01,2.270156920665441225e-01,4.388750843408260605e-01,1.205454318511877537e-01,2.232664462761257407e-01,2.662801173360472839e-01,1.709303659630293237e-01,1.000000000000000000e+00,6.505182196799965677e-01,3.155445259177131478e-01,2.751249623379159459e-01,4.272869289576095575e-01,4.058565222344550083e-01,2.971592831774697574e-01,1.783198699518929731e-01,2.945761865332784391e-01,3.459165477213644313e-01,5.582981604147696508e-01,4.098322709982830103e-01,2.548498650597102455e-01,5.208757400204498955e-01,5.670017147867557200e-02,3.074300724591892686e-02,3.058572096649314620e-01,3.319287659120019329e-01,3.942762800181548455e-01
3.097759520115327403e-01,3.955608315772715655e-01,5.203867992729471759e-01,2.261762076200258265e-01,5.024468121869930526e-01,-3.963381047087756182e-01,7.610235863226107178e-02,-3.581995415832450735e-01,5.502425049817285529e-01,3.281702955374984909e-01,4.566535105158020524e-01,4.542711090271068231e-01,-3.550415194670121788e-01,5.220651490920583671e-01,2.600813390536681480e-01,3.351295228666445469e-01,1.722984754027539755e-01,2.073270258454801562e-01,1.838779343176652759e-01,1.417255463928228376e-01,6.505182196799965677e-01,1.000000000000000000e+00,4.803855083359898082e-01,4.818698844258800240e-01,4.040208922828845139e-01,4.972026431319750972e-01,2.831676265995947683e-01,4.228799526457881486e-01,2.811887472577268565e-01,3.459380244514225766e-01,4.997393922591917281e-01,3.644916463947956431e-01,3.599599303283848029e-01,6.107356576789959579e-01,1.135484740815720095e-01,1.276008223654051810e-01,3.804062063445328157e-01,3.856058307322724477e-01,5.069237648634645765e-01
4.699966093501132813e-01,4.827154240552423148e-01,3.970245533785705105e-01,8.502806337170373818e-02,5.434825884976071109e-01,-2.476151559780829237e-01,-2.615806767927289153e-02,-3.192797430246512302e-01,6.861719581078586927e-01,4.633595919759766479e-01,4.044035024355779884e-01,2.992081329847807725e-01,-4.034094045462550127e-01,7.370193383888019589e-01,1.767125370354926117e-01,5.034132602549153956e-01,1.115783452863540332e-01,2.187841091058956855e-01,2.847959298458830335e-01,-3.256052167569605492e-03,3.155445259177131478e-01,4.803855083359898082e-01,1.000000000000000000e+00,6.807038396352104170e-01,6.027997941896818812e-01,5.130289664912647263e-01,4.663836684848669534e-01,2.816536046585936259e-01,4.438368157504825606e-01,4.599697750604330726e-01,4.475870633582793023e-01,3.416345845946529569e-01,4.718357512009651034e-01,6.822932789471581883e-01,3.045731434691791306e-01,4.449859383747428385e-03,4.455509050809203786e-01,3.640681885084436353e-01,5.600714265882051901e-01
4.346419887921885161e-01,3.753392396760825145e-01,5.345125351903902144e-01,7.661996337691497072e-02,6.218777613079677913e-01,-7.772338103308366886e-02,1.170001432402777292e-01,-4.749480642011691955e-01,6.337000027335066843e-01,4.559854242295743876e-01,3.982029373136508621e-01,1.903163608421915842e-01,-3.807806915425342442e-01,7.564765747325987721e-01,1.684854111230847939e-01,4.256666583372326618e-01,2.429428585416592012e-01,2.523092189096604043e-01,3.455017782145616279e-01,1.246628053764189809e-01,2.751249623379159459e-01,4.818698844258800240e-01,6.807038396352104170e-01,1.000000000000000000e+00,5.341563291795885515e-01,4.929390491301258170e-01,4.426979862153089806e-01,3.953323249095196390e-01,4.029197067518132669e-01,4.660091381832760504e-01,4.518986615296677334e-01,3.664025364938452989e-01,5.394810440741401036e-01,5.692798265347113196e-01,3.854415527791588136e-01,-1.165744865285675280e-01,5.392107377539101520e-01,2.983398939658749027e-01,5.186826787798489713e-01
6.534763368293727837e-01,6.562941065799496876e-01,5.139778656681190938e-01,6.863543536340227513e-02,6.427367392036633653e-01,-3.202755032546808489e-01,5.525470292129762429e-02,-4.206079550264779643e-01,7.758197540834929073e-01,6.858058108746005743e-01,4.091965749137267960e-01,3.814171171662860127e-01,-4.194402418099438257e-01,7.145687059122241003e-01,2.680160204816608993e-01,7.143264507171859234e-01,1.456454473591050069e-01,3.573280528145166834e-01,3.581987108773798667e-01,2.136003131885876316e-01,4.272869289576095575e-01,4.040208922828845139e-01,6.027997941896818812e-01,5.341563291795885515e-01,1.000000000000000000e+00,6.659049591719269356e-01,5.570855393991475113e-01,3.652977066528746986e-01,6.278068947875224959e-01,6.709045874756538463e-01,5.143178001462787030e-01,4.876020551651425450e-01,3.518885513067457893e-01,6.538485929997691626e-01,5.060543272328800191e-01,1.411277899836739791e-01,6.184503605626001654e-01,6.061566676353611349e-01,6.325573524230206912e-01
5.344755144552293391e-01,5.683829836175428030e-01,4.203329976858988792e-01,1.148748730812171326e-02,5.564695057483276530e-01,-2.096313703517700966e-01,-6.211829943858117320e-02,-3.488030127980500938e-01,7.032985314102997432e-01,5.172976392404630142e-01,5.684042590737606870e-01,4.001511037337265875e-01,-2.086317826918132334e-01,6.240324982876683801e-01,3.944617227605820564e-01,5.016064135365464471e-01,4.611604757476538974e-01,4.097911069257562100e-01,4.723784688392458908e-01,4.028027801417694009e-02,4.058565222344550083e-01,4.972026431319750972e-01,5.130289664912647263e-01,4.929390491301258170e-01,6.659049591719269356e-01,1.000000000000000000e+00,6.613461778089957388e-01,4.473237738421452225e-01,5.647430218436759741e-01,5.714049425521804393e-01,3.921996229123883571e-01,5.891137645005785073e-01,3.415293900266678229e-01,4.787669836595967454e-01,4.453484924921428667e-01,2.750427934233773408e-01,6.488447709003976049e-01,5.640337195445507268e-01,6.640768322281291880e-01
3.329227744314995352e-01,4.272124617319894568e-01,3.634073000585184010e-01,-1.055830946577105689e-01,4.889795949119061236e-01,-1.344142328515628981e-01,-2.151229278689103519e-01,-3.724633369309797715e-01,5.806366592610714417e-01,4.666815573504632386e-01,4.991383104127369852e-01,3.182783560407185242e-01,-6.357324221469344561e-02,5.300114337790062802e-01,2.090542782473673034e-01,4.350496879769190639e-01,2.134784710696370769e-01,3.267304369096499239e-01,4.068448203651482409e-01,-1.019429654905363164e-01,2.971592831774697574e-01,2.831676265995947683e-01,4.663836684848669534e-01,4.426979862153089806e-01,5.570855393991475113e-01,6.613461778089957388e-01,1.000000000000000000e+00,4.063751661945624871e-01,2.970251737419291604e-01,4.044235637186661125e-01,3.378235540492661171e-01,4.732574203983861971e-01,2.814408169185777520e-01,4.028202556442104787e-01,3.485681564994827508e-01,2.694275802015265731e-01,4.563920635581336094e-01,3.998623870649242185e-01,6.502409474375757670e-01
2.938843970930099525e-01,1.351648841689984115e-01,4.575419690318713317e-01,-1.748569254878078738e-01,4.413923560182271277e-01,1.801807321051198396e-01,3.598839614393902764e-01,-4.116052656107678787e-01,2.992550501745087632e-01,4.069710934601414309e-01,-1.178161305628271441e-02,-6.043246310901033425e-02,-1.874320421846289442e-01,3.725094916804467804e-01,3.463387256510453566e-02,3.458731137977403280e-01,2.594930650723137333e-01,1.942540111369158440e-01,1.029313123333190638e-01,2.833773434415446379e-01,1.783198699518929731e-01,4.228799526457881486e-01,2.816536046585936259e-01,3.953323249095196390e-01,3.652977066528746986e-01,4.473237738421452225e-01,4.063751661945624871e-01,1.000000000000000000e+00,2.256212292267515962e-01,1.956820700869812413e-01,3.579984247792812879e-01,6.430452832439088884e-02,4.689133297989501181e-01,2.441119837694688821e-01,4.668056566318308787e-01,6.043463771313954680e-02,4.691309420401270636e-01,3.668184332473035103e-01,2.853753905570693972e-01
6.774981037414380403e-01,6.140670863483779218e-01,2.129652994494681817e-01,1.894747777631971830e-01,3.461533975384684658e-01,-2.327596026544636321e-01,1.878371268103357083e-01,-6.556268644834048476e-02,5.886264740519550065e-01,4.299763104331773556e-01,4.013575943350258801e-01,4.450664527077961563e-01,-2.483545566263705429e-01,6.031871351875597309e-01,4.617881153473376576e-01,3.319987318163873380e-01,2.194195357490003329e-01,3.044108003300559639e-01,3.594177472575426080e-01,4.254097862720209733e-01,2.945761865332784391e-01,2.811887472577268565e-01,4.438368157504825606e-01,4.029197067518132669e-01,6.278068947875224959e-01,5.647430218436759741e-01,2.970251737419291604e-01,2.256212292267515962e-01,1.000000000000000000e+00,5.674869182122149747e-01,2.256854083132298072e-01,5.614077788240080524e-01,1.825998082242654696e-01,4.444981728100416696e-01,5.649475671077797134e-01,1.287942285810958210e-01,4.876755520719273096e-01,2.938720987193894074e-01,3.669310911861218827e-01
7.704123200235721836e-01,7.719927060800824137e-01,3.646631563664756714e-01,1.576106597426048805e-01,5.447171369811966146e-01,-4.105788971446929780e-01,-4.598654160133770763e-02,-3.041558285736505884e-01,6.794778713491586020e-01,7.330909545674859640e-01,3.786180478385630654e-01,3.701081769582645897e-01,-3.324579064496990255e-01,5.876270701993590029e-01,1.428788027453264664e-01,6.547985305238077647e-01,6.640718271867133982e-02,2.502863707143782035e-01,2.521402310297539695e-01,1.159524300845219819e-01,3.459165477213644313e-01,3.459380244514225766e-01,4.599697750604330726e-01,4.660091381832760504e-01,6.709045874756538463e-01,5.714049425521804393e-01,4.044235637186661125e-01,1.956820700869812413e-01,5.674869182122149747e-01,1.000000000000000000e+00,4.514699294864246149e-01,4.538222521982575031e-01,9.119419071768763985e-02,4.607788029376954086e-01,4.368411867809414706e-01,1.521878429959025447e-01,5.084867400095508527e-01,4.419417616581975405e-01,5.055005049207764722e-01
4.096142929931582688e-01,3.650910250382839450e-01,7.867179535077849506e-01,1.861122033042695578e-01,6.649829173390237047e-01,-1.113126439400051598e-01,7.440413297021915284e-02,-7.699303042623034665e-01,4.490817455816953352e-01,6.455362612254540444e-01,1.844550784107640840e-01,-6.051452844777180200e-03,-6.258466391411917629e-01,4.804390584992546120e-01,-2.290522521977355064e-01,6.897212965108283633e-01,2.547140062282085560e-01,-2.139604537514072646e-02,2.725403257575534366e-02,1.236310672694945767e-02,5.582981604147696508e-01,4.997393922591917281e-01,4.475870633582793023e-01,4.518986615296677334e-01,5.143178001462787030e-01,3.921996229123883571e-01,3.378235540492661171e-01,3.579984247792812879e-01,2.256854083132298072e-01,4.514699294864246149e-01,1.000000000000000000e+00,5.173765671838023023e-02,5.964023070740305243e-01,5.895933036651844761e-01,3.482939551592622029e-01,-2.019191325353267286e-01,5.660616822707679185e-01,3.821301015939990720e-01,3.494898479597096097e-01
3.265943362503735958e-01,5.653020142554527894e-01,1.376310350505579594e-01,2.343311047747106413e-01,3.050723167253034385e-01,-2.993057760741921203e-01,-1.458070368625755955e-04,6.303791638558017656e-03,6.255574404986223858e-01,1.635374594830439343e-01,7.277270878520817332e-01,7.418954070011388735e-01,-5.952650207649665126e-02,5.176644116480104696e-01,6.467401614415860811e-01,1.845302749470708881e-01,1.395921995993561482e-01,5.440962465719143548e-01,6.811304112738212346e-01,2.790556052997241743e-01,4.098322709982830103e-01,3.644916463947956431e-01,3.416345845946529569e-01,3.664025364938452989e-01,4.876020551651425450e-01,5.891137645005785073e-01,4.732574203983861971e-01,6.430452832439088884e-02,5.614077788240080524e-01,4.538222521982575031e-01,5.173765671838023023e-02,1.000000000000000000e+00,7.305500473646909382e-03,3.639629165371229824e-01,2.331345364880521021e-01,3.136349005771827958e-01,4.155491093366813216e-01,2.503771801252656082e-01,5.847466884326621983e-01
1.229987372737989526e-01,6.651836449670908528e-03,6.876094542261856901e-01,-5.184788255925847772e-02,5.654053174069679777e-01,2.846316194296095725e-01,2.020907812256511615e-01,-6.615391594681186982e-01,3.381897487862016161e-01,3.204825546120401714e-01,1.568264399878423754e-01,-1.634732978568320116e-01,-5.367735689033716895e-01,4.523715859066058109e-01,-1.694641145936316429e-01,3.688918690988803317e-01,4.489065253471960504e-01,-1.722866737837073364e-02,1.230601971869544481e-01,1.016136842784207406e-01,2.548498650597102455e-01,3.599599303283848029e-01,4.718357512009651034e-01,5.394810440741401036e-01,3.518885513067457893e-01,3.415293900266678229e-01,2.814408169185777520e-01,4.689133297989501181e-01,1.825998082242654696e-01,9.119419071768763985e-02,5.964023070740305243e-01,7.305500473646909382e-03,1.000000000000000000e+00,5.189421816312473901e-01,3.624752904695810463e-01,-3.385554217960684009e-01,5.275953466034604133e-01,2.102673267794205325e-01,2.903587748376953437e-01
4.159198404795101944e-01,4.915315609854545298e-01,5.727731979855562594e-01,3.190651026885240049e-01,6.640084884068830906e-01,-4.045455408046133572e-01,-8.337131299984919947e-03,-4.517047344610654047e-01,6.993395277905447571e-01,4.417905871022342335e-01,5.054604361361038078e-01,3.710733560440137024e-01,-4.423466676348562499e-01,7.132728608553832172e-01,1.130550853871357536e-01,5.473104769866292685e-01,1.340202916037285252e-01,9.261106340283173366e-02,2.171882759974154142e-01,3.880118683366361870e-02,5.208757400204498955e-01,6.107356576789959579e-01,6.822932789471581883e-01,5.692798265347113196e-01,6.538485929997691626e-01,4.787669836595967454e-01,4.028202556442104787e-01,2.441119837694688821e-01,4.444981728100416696e-01,4.607788029376954086e-01,5.895933036651844761e-01,3.639629165371229824e-01,5.189421816312473901e-01,1.000000000000000000e+00,1.987028255651829001e-01,1.754464151486695433e-02,4.527450281121419007e-01,3.813124640722507785e-01,6.065518437854042766e-01
6.244421452794848282e-01,4.619525630842795660e-01,3.759776936219816901e-01,-1.361741458339018052e-01,4.519494595313430230e-01,1.531158789406054377e-01,2.310150249536860600e-01,-3.520376023029816448e-01,3.384260455919015365e-01,5.528766575978110165e-01,-1.178650101732242085e-02,1.272027742187207232e-02,-3.271594982767617732e-01,4.735517805569604000e-01,1.436791764266293070e-01,3.693562860623882949e-01,2.477018730543654457e-01,1.483379654458042152e-01,1.774582593233106076e-01,3.385013376509705130e-01,5.670017147867557200e-02,1.135484740815720095e-01,3.045731434691791306e-01,3.854415527791588136e-01,5.060543272328800191e-01,4.453484924921428667e-01,3.485681564994827508e-01,4.668056566318308787e-01,5.649475671077797134e-01,4.368411867809414706e-01,3.482939551592622029e-01,2.331345364880521021e-01,3.624752904695810463e-01,1.987028255651829001e-01,1.000000000000000000e+00,2.325000916803271131e-02,6.787055308844138768e-01,2.658540034911308081e-01,2.300900202634339753e-01
9.749187412696770638e-02,2.574517671449481626e-01,-2.109771201445709288e-01,-5.284999918152925510e-03,5.019016538574234271e-02,-2.505386186885784627e-01,-1.939636271643258858e-01,2.606083895733150024e-01,2.231221571003572934e-01,-6.238759758266950069e-03,2.875596788316681640e-01,4.720389464897369325e-01,2.198763804848714032e-01,2.095130223453016971e-01,4.319649178306165238e-01,8.047068125138503395e-04,-5.376229710974053666e-02,3.627099336476689029e-01,2.999284430037665317e-01,-1.278664789735404345e-02,3.074300724591892686e-02,1.276008223654051810e-01,4.449859383747428385e-03,-1.165744865285675280e-01,1.411277899836739791e-01,2.750427934233773408e-01,2.694275802015265731e-01,6.043463771313954680e-02,1.287942285810958210e-01,1.521878429959025447e-01,-2.019191325353267286e-01,3.136349005771827958e-01,-3.385554217960684009e-01,1.754464151486695433e-02,2.325000916803271131e-02,1.000000000000000000e+00,4.439195303361950090e-02,2.837881197468122285e-01,3.687997352428442066e-01
5.384542249759290966e-01,4.753792702606212672e-01,5.506932612390429416e-01,2.060863485038258794e-02,6.471532185000670179e-01,9.517767301729418428e-02,1.807410530076025701e-01,-5.004104632135745190e-01,5.339722377192204217e-01,5.737165266340408243e-01,2.690714629428984095e-01,1.346665981654061595e-01,-4.409458098862787945e-01,6.223304372771500947e-01,1.458922529266669377e-01,5.082005666632888330e-01,4.294276849622886139e-01,1.943589940784646863e-01,3.303232820151091320e-01,2.167163871605946868e-01,3.058572096649314620e-01,3.804062063445328157e-01,4.455509050809203786e-01,5.392107377539101520e-01,6.184503605626001654e-01,6.488447709003976049e-01,4.563920635581336094e-01,4.691309420401270636e-01,4.876755520719273096e-01,5.084867400095508527e-01,5.660616822707679185e-01,4.155491093366813216e-01,5.275953466034604133e-01,4.527450281121419007e-01,6.787055308844138768e-01,4.439195303361950090e-02,1.000000000000000000e+00,4.055605895751288048e-01,4.965713504577609627e-01
4.150484178921207690e-01,3.968928186415948134e-01,3.872952236890578881e-01,2.444619082664129667e-02,5.466496964566160965e-01,-2.909227876672529911e-01,1.643708157817441035e-02,-3.305537323417161444e-01,6.286059682494645751e-01,5.181255558418562668e-01,2.503985194763023725e-01,3.139305933088312184e-01,-2.492512085186769921e-01,4.850937692688909730e-01,2.814118059426679586e-01,5.907108635228419669e-01,1.828486470039159539e-01,5.329326013470627732e-01,3.717129660500052002e-01,8.559203970660261840e-02,3.319287659120019329e-01,3.856058307322724477e-01,3.640681885084436353e-01,2.983398939658749027e-01,6.061566676353611349e-01,5.640337195445507268e-01,3.998623870649242185e-01,3.668184332473035103e-01,2.938720987193894074e-01,4.419417616581975405e-01,3.821301015939990720e-01,2.503771801252656082e-01,2.102673267794205325e-01,3.813124640722507785e-01,2.658540034911308081e-01,2.837881197468122285e-01,4.055605895751288048e-01,1.000000000000000000e+00,6.477237781655423854e-01
3.847649172120621297e-01,5.518791479335002359e-01,3.735273527501286051e-01,1.153345045985938733e-01,6.638711346897542276e-01,-3.393509401692547667e-01,-2.292341541603115096e-01,-2.925660432562333657e-01,8.175998694675380429e-01,4.199206988157275777e-01,6.189825374459309026e-01,5.730698069423544316e-01,-2.723106025523188700e-01,6.945044839819645155e-01,3.406390291895060041e-01,4.785010909165050008e-01,1.110727762281984443e-01,5.664802936509816256e-01,5.925774799890902722e-01,-5.966333945106212094e-02,3.942762800181548455e-01,5.069237648634645765e-01,5.600714265882051901e-01,5.186826787798489713e-01,6.325573524230206912e-01,6.640768322281291880e-01,6.502409474375757670e-01,2.853753905570693972e-01,3.669310911861218827e-01,5.055005049207764722e-01,3.494898479597096097e-01,5.847466884326621983e-01,2.903587748376953437e-01,6.065518437854042766e-01,2.300900202634339753e-01,3.687997352428442066e-01,4.965713504577609627e-01,6.477237781655423854e-01,1.000000000000000000e+00
