1.000000000000000000e+00,1.671717785162646908e-01,-1.421651781657769231e-01,-1.551803147747630729e-01,-5.604095415581390738e-02,-6.214228810609744025e-02,-2.369854389097955649e-01,8.479962102178202621e-02,2.653009589476958419e-01,-3.601301733875547639e-02,-6.868431299826620318e-02,-2.526032675820356066e-01,-4.583841576984693522e-01,-1.874580414257996305e-02,6.175359282297125663e-02,-1.659861007348951423e-01,-6.366916530894235760e-02,-3.378848971353933806e-01,-2.580791064596395512e-01,3.388605548891079206e-02,-8.233840176498846003e-03,-2.419963868149471453e-01,-2.018261594426680183e-01,-1.337452364307846198e-01,-1.587647876267311020e-01,4.293676801497383622e-01,-1.194931072457783433e-01,1.681962015184240988e-01,3.016662205351646198e-01,-1.179682983994153125e-02,-1.142765141770113874e-01,-1.585126655756618486e-01,-1.934603865771037656e-01,-3.397290710481370990e-01,-1.049602605095587178e-02,1.080973251421197406e-01,-2.017357605205684704e-02,2.608017055169156717e-01,-1.518885454923099287e-01
1.671717785162646908e-01,1.000000000000000000e+00,1.511337685727345836e-01,-3.421111297172811372e-01,3.091494512383988202e-01,3.998191339842468439e-01,1.662274067362737584e-01,-1.052822800978391871e-01,3.961732058000219658e-01,5.592745231095910263e-01,5.415019236405241854e-01,3.001041186703725522e-02,2.913841950116550783e-01,5.580930713764862272e-01,-1.822939092562633201e-01,3.428553535920755846e-01,4.641416535917433084e-01,2.314959466226326756e-01,3.741553184653603759e-01,-8.317292841344429977e-02,1.932590839333076793e-01,2.790846747856381427e-01,4.959724554762360849e-01,3.722512328601129128e-01,3.983198929126856580e-01,5.798863241000874469e-01,5.673077462707206697e-01,5.125101162025976764e-01,3.999465785062283341e-01,5.286024895858381090e-01,6.958888390537253388e-01,5.990492594360276035e-01,4.104902570344024504e-01,3.911383313040674992e-01,5.311963126844703176e-01,5.838756896619515802e-01,6.231666152272239412e-01,4.337350937838097692e-02,1.611734506258384048e-01
-1.421651781657769231e-01,1.511337685727345836e-01,1.000000000000000000e+00,3.634581005929845565e-01,6.531800826744373900e-01,-2.424128255969673976e-02,4.559581410156248737e-01,-8.679106538002309135e-01,4.057016470043303680e-01,6.325773261822542626e-01,1.988689937707839861e-01,3.115710215291209728e-01,4.333790011782867047e-01,3.950135516778607303e-01,-1.403429411115473223e-02,6.163681120748686348e-01,2.029241156281325065e-01,5.904138569009688142e-01,4.747319415880207893e-01,3.827557171257201518e-01,7.264808112489010705e-01,6.933197546037103143e-01,4.851001838838417957e-01,3.793014851011355382e-01,4.751515964162137950e-01,8.919014440217294323e-03,2.665107140856313728e-01,2.336394618044737859e-01,-2.826800127203076274e-01,5.155599055492108285e-01,1.683130215374176175e-01,2.629296652366565068e-01,5.773406207554065972e-01,2.412113201383534189e-01,1.160686731871565652e-01,1.605747870367528474e-01,1.921267070572601765e-01,4.407379018526163539e-01,5.015871424849048799e-01
-1.551803147747630729e-01,-3.421111297172811372e-01,3.634581005929845565e-01,1.000000000000000000e+00,5.706319831768302125e-02,-5.115374270114223521e-01,6.607045516576369459e-02,-3.882327800223825398e-01,1.514528954047326958e-01,6.061744344950301816e-02,-4.844309920584856100e-01,5.865868945293265524e-01,1.630654928734746531e-02,-2.393498672086909196e-01,5.355201732392096403e-01,-5.085138499656594729e-02,-4.125739134583967793e-01,7.367008465896079938e-02,2.064026988528974704e-02,5.607332698996730924e-01,1.577226420949754404e-01,3.834275964993892893e-01,3.930397116365123150e-02,-4.616050867597709662e-02,4.952221085766709413e-03,-4.816396405022016491e-01,-2.539654349891022345e-01,-3.518756405181255320e-01,-6.451711795072953004e-01,-1.606028082967234649e-01,-3.186239909561767170e-01,-3.350471359837611240e-01,-1.014968554629523539e-01,-1.699631547643849772e-01,-4.304423619964155012e-01,-3.408322470219292133e-01,-4.076375582126382513e-01,2.717037285343676944e-01,3.653681587909884398e-01
-5.604095415581390738e-02,3.091494512383988202e-01,6.531800826744373900e-01,5.706319831768302125e-02,1.000000000000000000e+00,1.691930479920183139e-01,3.439857488545547404e-01,-6.364487839496958399e-01,5.101627060752450538e-01,7.028446889899868655e-01,4.271969520273075638e-01,7.706808352827995701e-02,4.704133520203410690e-01,6.314551368087945038e-01,-2.733563709011003762e-01,7.488154763603908082e-01,3.516459712834530960e-01,6.018184608420076298e-01,4.977608477598650105e-01,8.973356633023951701e-02,6.096005455815911578e-01,4.812404940082298799e-01,5.739288842623504472e-01,5.591793834204418223e-01,6.404250970527564091e-01,2.780152113344699361e-01,3.852005862398171221e-01,3.330047593502503123e-01,-3.937291203073452900e-02,7.303534570945878768e-01,3.565320057361451300e-01,3.761344781412689908e-01,6.860541851715853401e-01,3.955729162922265729e-01,3.176165331642610834e-01,2.140538833118269813e-01,3.587412954818902100e-01,5.222976329398169026e-01,5.219617328908892073e-01
-6.214228810609744025e-02,3.998191339842468439e-01,-2.424128255969673976e-02,-5.115374270114223521e-01,1.691930479920183139e-01,1.000000000000000000e+00,4.609150024479073404e-01,9.478812403415584620e-02,-1.101627044322212035e-01,2.536519315437326672e-01,7.787123977802146158e-01,-3.453960560361182819e-01,4.776666225140775435e-01,6.316919722693207229e-01,-5.438582703115413253e-01,4.326075579438093399e-01,7.529723657685701843e-01,3.800145518144669721e-01,4.958948055188077686e-01,-3.729024941268386240e-01,1.907617307254535766e-01,4.402626803027141072e-02,3.917506009737994344e-01,3.773268610756407848e-01,4.273272631268500987e-01,4.686119861040382584e-01,6.198752876976542092e-01,5.183237597598614466e-01,6.671207310648147315e-01,4.291160715631933131e-01,5.687769027530327204e-01,6.993918256486185703e-01,4.967579541450046210e-01,5.816305136020167854e-01,7.231774444325373974e-01,5.800484087314732307e-01,7.177236389108273551e-01,-3.441467215241718058e-01,-1.863076496570618135e-01
-2.369854389097955649e-01,1.662274067362737584e-01,4.559581410156248737e-01,6.607045516576369459e-02,3.439857488545547404e-01,4.609150024479073404e-01,1.000000000000000000e+00,-3.799817096581278308e-01,-2.259128337755502564e-02,4.243485604989806204e-01,4.728005858513500415e-01,4.977004481833815358e-02,6.501765852593116568e-01,5.297269493038557764e-01,-2.085874083754773733e-01,6.006852207385716680e-01,4.564201560317855400e-01,6.220758990322392545e-01,6.575271534552853403e-01,9.464708368306759545e-02,4.828986027481907972e-01,4.522688668004544721e-01,5.306994902637511835e-01,3.605783472607198004e-01,5.640273034874466740e-01,1.389780201537868798e-01,4.957196802631688159e-01,4.171332920230662045e-01,1.734020990704435716e-01,4.393515875712823426e-01,3.953521410143450709e-01,5.540683033539034463e-01,6.021454059804169923e-01,5.307054300367015642e-01,5.226648036948539078e-01,4.600840468388286419e-01,5.394711163866175996e-01,-1.190556048516742543e-01,9.761833045607817838e-02
8.479962102178202621e-02,-1.052822800978391871e-01,-8.679106538002309135e-01,-3.882327800223825398e-01,-6.364487839496958399e-01,9.478812403415584620e-02,-3.799817096581278308e-01,1.000000000000000000e+00,-4.019165874587841136e-01,-5.665768098944654607e-01,-1.318406306182349497e-01,-2.788708351331075086e-01,-3.453297702207154263e-01,-3.264833788688972782e-01,2.009432859380552196e-03,-5.679086394191449338e-01,-1.353389468518333416e-01,-5.072231831304093719e-01,-3.857996400250011670e-01,-3.835109580965275211e-01,-6.891518403107185220e-01,-6.311524530417597090e-01,-4.047268359659386694e-01,-3.204859467251246485e-01,-4.156470554857214506e-01,1.060326653138733352e-02,-1.759045752433622545e-01,-1.574854198806942274e-01,3.153610609284283606e-01,-4.668161547186049920e-01,-8.765770071752351789e-02,-1.795021817750352688e-01,-5.118679976243267760e-01,-1.765494381414537961e-01,-5.152702792343209076e-02,-9.441235431826558444e-02,-1.040242575500866240e-01,-4.847197455543041933e-01,-4.783402280324674516e-01
2.653009589476958419e-01,3.961732058000219658e-01,4.057016470043303680e-01,1.514528954047326958e-01,5.101627060752450538e-01,-1.101627044322212035e-01,-2.259128337755502564e-02,-4.019165874587841136e-01,1.000000000000000000e+00,5.503089200705817419e-01,8.417168621345848256e-02,3.371986829461586233e-01,2.866122338153358207e-02,3.616820487312364940e-01,1.804943987707975928e-01,2.555469609320741853e-01,1.155366992166990542e-01,1.883944111691427392e-01,2.033542164765847204e-01,3.855452181268634315e-01,3.504881753529084931e-01,3.728443319132985767e-01,3.724133819244588861e-01,3.609394285509684996e-01,2.505957670908418589e-01,3.647613663988973354e-01,2.163513090953269324e-01,3.519506719075422008e-01,-1.207972311336504845e-01,4.818742898133326902e-01,1.999361044306837698e-01,1.512986199325337400e-01,3.137527757647959881e-01,3.449206043819091211e-02,-4.691969368917660310e-02,9.230268131354331385e-02,1.213074771686326742e-01,5.938169766889338508e-01,5.301802393209090747e-01
-3.601301733875547639e-02,5.592745231095910263e-01,6.325773261822542626e-01,6.061744344950301816e-02,7.028446889899868655e-01,2.536519315437326672e-01,4.243485604989806204e-01,-5.665768098944654607e-01,5.503089200705817419e-01,1.000000000000000000e+00,4.957205446265332549e-01,2.265216754311748237e-01,5.724124121390719022e-01,6.836087985731438277e-01,-1.565305976400934995e-01,7.057538546330395235e-01,4.256922613580381709e-01,6.354829455347337230e-01,6.409088242253189183e-01,2.026728971182655270e-01,5.872275280079489734e-01,6.660354978608127308e-01,7.059657151617876325e-01,5.531806403076556800e-01,6.729526986920237874e-01,3.328480725915987648e-01,5.543689722794735708e-01,4.563184306101658594e-01,5.039402026553974068e-02,7.603154656028136005e-01,5.333617131340089301e-01,5.783601281820759388e-01,7.044032377324010996e-01,4.600579390840633942e-01,4.189699298348759093e-01,4.706227778681139617e-01,5.072954966417494438e-01,3.543282925402103656e-01,5.497689619140109230e-01
-6.868431299826620318e-02,5.415019236405241854e-01,1.988689937707839861e-01,-4.844309920584856100e-01,4.271969520273075638e-01,7.787123977802146158e-01,4.728005858513500415e-01,-1.318406306182349497e-01,8.417168621345848256e-02,4.957205446265332549e-01,1.000000000000000000e+00,-3.010092405586405895e-01,5.424370957250859160e-01,7.418781292776585046e-01,-5.855266584751879222e-01,6.151071275571253771e-01,8.127069760527607656e-01,5.259699605861749561e-01,6.001101957562218203e-01,-3.181398732454052691e-01,2.855701222049649157e-01,1.732302536992623154e-01,5.274712688898508528e-01,5.179133917796222564e-01,5.660921052175219570e-01,5.227576710596780751e-01,6.618201689819465106e-01,5.795179000870388508e-01,5.598503379584265360e-01,6.461384133789038753e-01,6.626196756210094296e-01,7.401989399139452530e-01,6.365366665142814240e-01,5.815428099349602142e-01,7.370825052528869881e-01,5.675769779198267528e-01,7.572442077330597821e-01,-1.210823359296112484e-01,4.713210528486422302e-02
-2.526032675820356066e-01,3.001041186703725522e-02,3.115710215291209728e-01,5.865868945293265524e-01,7.706808352827995701e-02,-3.453960560361182819e-01,4.977004481833815358e-02,-2.788708351331075086e-01,3.371986829461586233e-01,2.265216754311748237e-01,-3.010092405586405895e-01,1.000000000000000000e+00,1.940779068355361625e-01,-2.671005003883361942e-02,6.825143924855439082e-01,-1.603406613214727536e-02,-2.315896936123745808e-01,1.287804751226972744e-01,1.694789678499967200e-01,6.212956152016060329e-01,1.145348828811217912e-01,5.396098542620747507e-01,3.460542959137717367e-01,1.615311135574774570e-01,1.456995629659133262e-01,-2.374969149056272988e-01,9.835880065142300899e-02,-1.680528094594056429e-02,-4.691791150505253416e-01,3.777040981470132334e-03,4.995145053792587886e-02,-4.517471170067018094e-03,6.015841329470617525e-03,2.890508704035343185e-02,-2.211219932398244270e-01,-1.396446248873811080e-01,-1.141187511222600676e-01,1.636988908446750934e-01,4.802376674659681877e-01
-4.583841576984693522e-01,2.913841950116550783e-01,4.333790011782867047e-01,1.630654928734746531e-02,4.704133520203410690e-01,4.776666225140775435e-01,6.501765852593116568e-01,-3.453297702207154263e-01,2.866122338153358207e-02,5.724124121390719022e-01,5.424370957250859160e-01,1.940779068355361625e-01,1.000000000000000000e+00,6.217513310556985751e-01,-2.497844298435692445e-01,6.946104047254553215e-01,4.672456254372861495e-01,7.171914824874676686e-01,7.665394576928754589e-01,-2.730086688746528531e-02,4.152844252355941124e-01,5.708804116847557841e-01,6.957682222996630639e-01,5.382174244781284811e-01,6.918168783715171744e-01,7.780170419844982532e-02,6.219200463715729432e-01,3.345216808847684131e-01,1.130744397618126118e-01,5.675959135553836354e-01,5.389471411682787982e-01,6.752004756691269982e-01,7.077460678152864837e-01,7.160477715227684392e-01,5.825468140577997334e-01,4.601242110865442769e-01,5.684179249975853665e-01,-8.567510080562926178e-02,2.820491446060574003e-01
-1.874580414257996305e-02,5.580930713764862272e-01,3.950135516778607303e-01,-2.393498672086909196e-01,6.314551368087945038e-01,6.316919722693207229e-01,5.297269493038557764e-01,-3.264833788688972782e-01,3.616820487312364940e-01,6.836087985731438277e-01,7.418781292776585046e-01,-2.671005003883361942e-02,6.217513310556985751e-01,1.000000000000000000e+00,-3.673321403987248046e-01,7.150189907069420814e-01,6.943996559265286361e-01,6.008454321494620665e-01,6.650146317209187918e-01,-8.153710026656603438e-02,4.654940083044508681e-01,3.953826325775871564e-01,7.368949898398874376e-01,6.882993093253547690e-01,7.418368893715604484e-01,5.376621693325022155e-01,7.255594102147079338e-01,6.219323022299024784e-01,4.221254297876937955e-01,7.629934413117528402e-01,6.879787086621992342e-01,7.411027263097421658e-01,7.518404084924672492e-01,6.783900904884661021e-01,6.931510846264614667e-01,5.553271513628399436e-01,7.340416533017665168e-01,6.853168751570268280e-02,2.332687230771556819e-01
6.175359282297125663e-02,-1.822939092562633201e-01,-1.403429411115473223e-02,5.355201732392096403e-01,-2.733563709011003762e-01,-5.438582703115413253e-01,-2.085874083754773733e-01,2.009432859380552196e-03,1.804943987707975928e-01,-1.565305976400934995e-01,-5.855266584751879222e-01,6.825143924855439082e-01,-2.497844298435692445e-01,-3.673321403987248046e-01,1.000000000000000000e+00,-4.126907722001812440e-01,-4.995783247623981627e-01,-3.129337611968374122e-01,-2.029862493735365980e-01,5.859117340824648856e-01,-1.736095914738151336e-01,1.722955874433981516e-01,-4.568922481378029365e-02,-1.632937798421730813e-01,-2.076001386220066580e-01,-2.736632628127081412e-01,-2.312921463293396984e-01,-2.165162981690137434e-01,-3.876725738105944452e-01,-3.819701044477790131e-01,-2.157373560887155262e-01,-3.553365283093061211e-01,-4.117785098400268962e-01,-3.179662017762286963e-01,-4.398000124609340866e-01,-3.035946786400945396e-01,-3.737972511331136283e-01,5.500852165218941131e-02,1.688054869009575354e-01
-1.659861007348951423e-01,3.428553535920755846e-01,6.163681120748686348e-01,-5.085138499656594729e-02,7.488154763603908082e-01,4.326075579438093399e-01,6.006852207385716680e-01,-5.679086394191449338e-01,2.555469609320741853e-01,7.057538546330395235e-01,6.151071275571253771e-01,-1.603406613214727536e-02,6.946104047254553215e-01,7.150189907069420814e-01,-4.126907722001812440e-01,1.000000000000000000e+00,5.440354976550160204e-01,7.542139526701293617e-01,6.914029481996375459e-01,-2.884492103293863005e-02,6.038114080524523697e-01,5.331584535188245155e-01,6.684956532939566598e-01,5.620693957994173928e-01,7.659503527082379692e-01,3.102174010870799026e-01,5.545148933723321738e-01,4.678884712456398143e-01,1.349391932261784222e-01,7.769847967279450707e-01,4.628960733685446582e-01,5.988680404145598768e-01,7.736403248943347633e-01,5.467275044223054437e-01,5.708555046537954203e-01,4.708874712674769314e-01,5.807365740744627747e-01,2.776653660906545640e-01,3.526998836755281252e-01
-6.366916530894235760e-02,4.641416535917433084e-01,2.029241156281325065e-01,-4.125739134583967793e-01,3.516459712834530960e-01,7.529723657685701843e-01,4.564201560317855400e-01,-1.353389468518333416e-01,1.155366992166990542e-01,4.256922613580381709e-01,8.127069760527607656e-01,-2.315896936123745808e-01,4.672456254372861495e-01,6.943996559265286361e-01,-4.995783247623981627e-01,5.440354976550160204e-01,1.000000000000000000e+00,5.045787110884266680e-01,5.699733718435953111e-01,-2.078852857033132162e-01,2.644714725698057434e-01,1.444718028432269430e-01,5.126734957820414662e-01,4.736761375800789819e-01,5.292376396345596090e-01,5.233704287835119207e-01,6.065940427105821486e-01,6.096317508131917640e-01,5.437235584883681749e-01,5.877950970145259246e-01,5.691965142825508028e-01,6.637303067771463949e-01,5.585068151915114631e-01,5.041935155152302839e-01,6.253062494472554356e-01,4.792779603870064298e-01,6.865136746422119129e-01,-1.393868189055164075e-01,-1.510963772368694585e-02
-3.378848971353933806e-01,2.314959466226326756e-01,5.904138569009688142e-01,7.367008465896079938e-02,6.018184608420076298e-01,3.800145518144669721e-01,6.220758990322392545e-01,-5.072231831304093719e-01,1.883944111691427392e-01,6.354829455347337230e-01,5.259699605861749561e-01,1.287804751226972744e-01,7.171914824874676686e-01,6.008454321494620665e-01,-3.129337611968374122e-01,7.542139526701293617e-01,5.045787110884266680e-01,1.000000000000000000e+00,7.747557854791393694e-01,6.537105994774117246e-02,5.136340892711400707e-01,5.722116715913526663e-01,6.465086545050452438e-01,5.667138095902083395e-01,6.578139064680269543e-01,1.373970378210455923e-01,5.279260709179934841e-01,4.250884460843122881e-01,1.607277891632334643e-02,6.148815272523223685e-01,3.858698372930642329e-01,5.760663410287046871e-01,6.740084454498201927e-01,4.517538212191424263e-01,4.528174020929072174e-01,3.602571073294972281e-01,4.908509226168976114e-01,1.734530496252398302e-01,4.420829079069638068e-01
-2.580791064596395512e-01,3.741553184653603759e-01,4.747319415880207893e-01,2.064026988528974704e-02,4.977608477598650105e-01,4.958948055188077686e-01,6.575271534552853403e-01,-3.857996400250011670e-01,2.033542164765847204e-01,6.409088242253189183e-01,6.001101957562218203e-01,1.694789678499967200e-01,7.665394576928754589e-01,6.650146317209187918e-01,-2.029862493735365980e-01,6.914029481996375459e-01,5.699733718435953111e-01,7.747557854791393694e-01,1.000000000000000000e+00,8.671598313568597283e-02,4.561045403718695379e-01,5.729165513111149632e-01,7.292673533632512139e-01,5.852550154233261415e-01,6.936878096368880309e-01,2.282209697931055770e-01,6.369143848424102528e-01,4.655226259577041614e-01,1.776727383460852405e-01,6.124602769455631535e-01,5.516144614072442387e-01,6.813439392036159115e-01,6.951715316943943845e-01,5.743559159198143860e-01,5.787343210613244970e-01,4.975731001190094593e-01,6.126710644967581221e-01,-3.167563437936615767e-03,3.439291183535569951e-01
3.388605548891079206e-02,-8.317292841344429977e-02,3.827557171257201518e-01,5.607332698996730924e-01,8.973356633023951701e-02,-3.729024941268386240e-01,9.464708368306759545e-02,-3.835109580965275211e-01,3.855452181268634315e-01,2.026728971182655270e-01,-3.181398732454052691e-01,6.212956152016060329e-01,-2.730086688746528531e-02,-8.153710026656603438e-02,5.859117340824648856e-01,-2.884492103293863005e-02,-2.078852857033132162e-01,6.537105994774117246e-02,8.671598313568597283e-02,1.000000000000000000e+00,2.641503944142561400e-01,4.545922996772805424e-01,1.839469370927839242e-01,3.613674025327531097e-02,6.398053052513569261e-02,-1.333879225957297077e-01,-6.117275324955594173e-02,3.965303109552918009e-02,-3.680765983967815291e-01,-2.972000274173213635e-02,-1.231367731546391953e-01,-1.395869448405102631e-01,-3.017434578050382302e-02,-1.683401042524603208e-01,-3.075385165010502408e-01,-1.756639891696049616e-01,-1.789900331809939626e-01,2.201142672297543568e-01,3.470220993498360773e-01
-8.233840176498846003e-03,1.932590839333076793e-01,7.264808112489010705e-01,1.577226420949754404e-01,6.096005455815911578e-01,1.907617307254535766e-01,4.828986027481907972e-01,-6.891518403107185220e-01,3.504881753529084931e-01,5.872275280079489734e-01,2.855701222049649157e-01,1.145348828811217912e-01,4.152844252355941124e-01,4.654940083044508681e-01,-1.736095914738151336e-01,6.038114080524523697e-01,2.644714725698057434e-01,5.136340892711400707e-01,4.561045403718695379e-01,2.641503944142561400e-01,1.000000000000000000e+00,5.978967187318600107e-01,4.419236551502124799e-01,3.167901285647820031e-01,4.750754429130962797e-01,2.151492077955595994e-01,3.735761583311333900e-01,3.679145675204121835e-01,-5.039788221391117845e-02,5.534494085427428267e-01,2.247287887086331093e-01,3.711033503445740345e-01,6.402626215574559465e-01,3.337986106370984252e-01,2.672389140358024662e-01,3.097485870301204813e-01,3.152399882777519036e-01,3.506577004595302083e-01,3.623307545810648400e-01
-2.419963868149471453e-01,2.790846747856381427e-01,6.933197546037103143e-01,3.834275964993892893e-01,4.812404940082298799e-01,4.402626803027141072e-02,4.522688668004544721e-01,-6.311524530417597090e-01,3.728443319132985767e-01,6.660354978608127308e-01,1.732302536992623154e-01,5.396098542620747507e-01,5.708804116847557841e-01,3.953826325775871564e-01,1.722955874433981516e-01,5.331584535188245155e-01,1.444718028432269430e-01,5.722116715913526663e-01,5.729165513111149632e-01,4.545922996772805424e-01,5.978967187318600107e-01,1.000000000000000000e+00,6.045045297409535889e-01,3.653814968586475698e-01,5.116979579891928198e-01,1.791397345283988335e-02,4.543089336327862382e-01,2.528332550538966439e-01,-2.169522591196541006e-01,4.732123443538209795e-01,3.341856629024846370e-01,4.187750382055260290e-01,5.441920747175253981e-01,3.470924497002112474e-01,2.081847560210130510e-01,3.100430990852345858e-01,2.815149313371448914e-01,2.433633987407587962e-01,5.567044979519026882e-01
-2.018261594426680183e-01,4.959724554762360849e-01,4.851001838838417957e-01,3.930397116365123150e-02,5.739288842623504472e-01,3.917506009737994344e-01,5.306994902637511835e-01,-4.047268359659386694e-01,3.724133819244588861e-01,7.059657151617876325e-01,5.274712688898508528e-01,3.460542959137717367e-01,6.957682222996630639e-01,7.368949898398874376e-01,-4.568922481378029365e-02,6.684956532939566598e-01,5.126734957820414662e-01,6.465086545050452438e-01,7.292673533632512139e-01,1.839469370927839242e-01,4.419236551502124799e-01,6.045045297409535889e-01,1.000000000000000000e+00,6.708771218005328274e-01,7.696025587695627390e-01,3.217645006742669844e-01,6.839367990684686038e-01,5.337028809893513692e-01,1.548468848151982602e-01,6.604088742676336166e-01,6.500852506905655526e-01,6.579946537374751214e-01,6.574121348207825344e-01,6.186667119412032623e-01,5.373537608811508326e-01,4.439950961668255314e-01,6.058991712263179785e-01,8.940831475018344576e-02,3.925561493639901922e-01
-1.337452364307846198e-01,3.722512328601129128e-01,3.793014851011355382e-01,-4.616050867597709662e-02,5.591793834204418223e-01,3.773268610756407848e-01,3.605783472607198004e-01,-3.204859467251246485e-01,3.609394285509684996e-01,5.531806403076556800e-01,5.179133917796222564e-01,1.615311135574774570e-01,5.382174244781284811e-01,6.882993093253547690e-01,-1.632937798421730813e-01,5.620693957994173928e-01,4.736761375800789819e-01,5.667138095902083395e-01,5.852550154233261415e-01,3.613674025327531097e-02,3.167901285647820031e-01,3.653814968586475698e-01,6.708771218005328274e-01,1.000000000000000000e+00,6.248504158055253610e-01,2.935184735046920679e-01,5.335203850309543361e-01,4.335974505530955647e-01,1.978332692406364890e-01,5.809986084187043209e-01,5.044859171574751500e-01,5.512001397090698918e-01,5.804542236401177835e-01,4.906818521123358368e-01,4.735705480730365013e-01,2.048656982059076093e-01,5.370693302231598354e-01,8.806439831117150729e-02,2.945677378063885077e-01
-1.587647876267311020e-01,3.983198929126856580e-01,4.751515964162137950e-01,4.952221085766709413e-03,6.404250970527564091e-01,4.273272631268500987e-01,5.640273034874466740e-01,-4.156470554857214506e-01,2.505957670908418589e-01,6.729526986920237874e-01,5.660921052175219570e-01,1.456995629659133262e-01,6.918168783715171744e-01,7.418368893715604484e-01,-2.076001386220066580e-01,7.659503527082379692e-01,5.292376396345596090e-01,6.578139064680269543e-01,6.936878096368880309e-01,6.398053052513569261e-02,4.750754429130962797e-01,5.116979579891928198e-01,7.696025587695627390e-01,6.248504158055253610e-01,1.000000000000000000e+00,3.485646744965503752e-01,6.418720263177495333e-01,4.733480524879746798e-01,2.023815975814305945e-01,6.845765453613970042e-01,5.867083842404937633e-01,6.020558810132441430e-01,6.842955410323058318e-01,6.105116978395868088e-01,6.049358189930951202e-01,4.535187990559230720e-01,6.388132839494372606e-01,1.244821868830228717e-01,3.313627059117075779e-01
4.293676801497383622e-01,5.798863241000874469e-01,8.919014440217294323e-03,-4.816396405022016491e-01,2.780152113344699361e-01,4.686119861040382584e-01,1.389780201537868798e-01,1.060326653138733352e-02,3.647613663988973354e-01,3.328480725915987648e-01,5.227576710596780751e-01,-2.374969149056272988e-01,7.780170419844982532e-02,5.376621693325022155e-01,-2.736632628127081412e-01,3.102174010870799026e-01,5.233704287835119207e-01,1.373970378210455923e-01,2.282209697931055770e-01,-1.333879225957297077e-01,2.151492077955595994e-01,1.791397345283988335e-02,3.217645006742669844e-01,2.935184735046920679e-01,3.485646744965503752e-01,1.000000000000000000e+00,5.624858128136532853e-01,7.147135659368214489e-01,5.694367630398350366e-01,4.825162427538187693e-01,4.785641715676280383e-01,4.714612194590625527e-01,2.803324204896470717e-01,2.212200099663145791e-01,5.039166434001816075e-01,4.807559561639439538e-01,5.709704264488840719e-01,1.377803426443462709e-01,3.386640561734226285e-02
-1.194931072457783433e-01,5.673077462707206697e-01,2.665107140856313728e-01,-2.539654349891022345e-01,3.852005862398171221e-01,6.198752876976542092e-01,4.957196802631688159e-01,-1.759045752433622545e-01,2.163513090953269324e-01,5.543689722794735708e-01,6.618201689819465106e-01,9.835880065142300899e-02,6.219200463715729432e-01,7.255594102147079338e-01,-2.312921463293396984e-01,5.545148933723321738e-01,6.065940427105821486e-01,5.279260709179934841e-01,6.369143848424102528e-01,-6.117275324955594173e-02,3.735761583311333900e-01,4.543089336327862382e-01,6.839367990684686038e-01,5.335203850309543361e-01,6.418720263177495333e-01,5.624858128136532853e-01,1.000000000000000000e+00,6.328450243819274679e-01,3.836634029551089786e-01,5.935531990478416509e-01,7.326430942561884541e-01,7.771020857462034304e-01,5.967461381030518819e-01,6.380482479947268137e-01,6.726870457900465672e-01,6.088335522952168510e-01,7.264037427658502910e-01,-7.277471252531415857e-02,2.512116144824608766e-01
1.681962015184240988e-01,5.125101162025976764e-01,2.336394618044737859e-01,-3.518756405181255320e-01,3.330047593502503123e-01,5.183237597598614466e-01,4.171332920230662045e-01,-1.574854198806942274e-01,3.519506719075422008e-01,4.563184306101658594e-01,5.795179000870388508e-01,-1.680528094594056429e-02,3.345216808847684131e-01,6.219323022299024784e-01,-2.165162981690137434e-01,4.678884712456398143e-01,6.096317508131917640e-01,4.250884460843122881e-01,4.655226259577041614e-01,3.965303109552918009e-02,3.679145675204121835e-01,2.528332550538966439e-01,5.337028809893513692e-01,4.335974505530955647e-01,4.733480524879746798e-01,7.147135659368214489e-01,6.328450243819274679e-01,1.000000000000000000e+00,4.517130246872271826e-01,5.542932731447379746e-01,5.136679084172490750e-01,6.070669966066628565e-01,4.559219165041961119e-01,3.298291658426965589e-01,5.676640862683355326e-01,4.977371684433868904e-01,6.729046604775437146e-01,9.975117065727279186e-02,1.444096031040331130e-01
3.016662205351646198e-01,3.999465785062283341e-01,-2.826800127203076274e-01,-6.451711795072953004e-01,-3.937291203073452900e-02,6.671207310648147315e-01,1.734020990704435716e-01,3.153610609284283606e-01,-1.207972311336504845e-01,5.039402026553974068e-02,5.598503379584265360e-01,-4.691791150505253416e-01,1.130744397618126118e-01,4.221254297876937955e-01,-3.876725738105944452e-01,1.349391932261784222e-01,5.437235584883681749e-01,1.607277891632334643e-02,1.776727383460852405e-01,-3.680765983967815291e-01,-5.039788221391117845e-02,-2.169522591196541006e-01,1.548468848151982602e-01,1.978332692406364890e-01,2.023815975814305945e-01,5.694367630398350366e-01,3.836634029551089786e-01,4.517130246872271826e-01,1.000000000000000000e+00,2.159118562841959854e-01,4.581241900539716472e-01,4.878777050586072250e-01,2.015267964827905378e-01,3.263176042158388857e-01,6.178158327655768334e-01,4.691981183058086535e-01,5.833671219047688039e-01,-3.980595234150958728e-01,-4.245533283984462836e-01
-1.179682983994153125e-02,5.286024895858381090e-01,5.155599055492108285e-01,-1.606028082967234649e-01,7.303534570945878768e-01,4.291160715631933131e-01,4.393515875712823426e-01,-4.668161547186049920e-01,4.818742898133326902e-01,7.603154656028136005e-01,6.461384133789038753e-01,3.777040981470132334e-03,5.675959135553836354e-01,7.629934413117528402e-01,-3.819701044477790131e-01,7.769847967279450707e-01,5.877950970145259246e-01,6.148815272523223685e-01,6.124602769455631535e-01,-2.972000274173213635e-02,5.534494085427428267e-01,4.732123443538209795e-01,6.604088742676336166e-01,5.809986084187043209e-01,6.845765453613970042e-01,4.825162427538187693e-01,5.935531990478416509e-01,5.542932731447379746e-01,2.159118562841959854e-01,1.000000000000000000e+00,5.394707663475374337e-01,6.458451572951717790e-01,7.450417430759584958e-01,5.097860063050766444e-01,5.510895627114806850e-01,4.844102734378919473e-01,6.005064099357891871e-01,3.284908753163877093e-01,3.937426911261650564e-01
-1.142765141770113874e-01,6.958888390537253388e-01,1.683130215374176175e-01,-3.186239909561767170e-01,3.565320057361451300e-01,5.687769027530327204e-01,3.953521410143450709e-01,-8.765770071752351789e-02,1.999361044306837698e-01,5.333617131340089301e-01,6.626196756210094296e-01,4.995145053792587886e-02,5.389471411682787982e-01,6.879787086621992342e-01,-2.157373560887155262e-01,4.628960733685446582e-01,5.691965142825508028e-01,3.858698372930642329e-01,5.516144614072442387e-01,-1.231367731546391953e-01,2.247287887086331093e-01,3.341856629024846370e-01,6.500852506905655526e-01,5.044859171574751500e-01,5.867083842404937633e-01,4.785641715676280383e-01,7.326430942561884541e-01,5.136679084172490750e-01,4.581241900539716472e-01,5.394707663475374337e-01,1.000000000000000000e+00,7.394719080629205132e-01,5.542001114946468743e-01,6.633854510303964780e-01,6.834584210700492823e-01,5.787768315806041119e-01,7.207385848553145014e-01,-1.876512572799783340e-01,1.364664692479539421e-01
-1.585126655756618486e-01,5.990492594360276035e-01,2.629296652366565068e-01,-3.350471359837611240e-01,3.761344781412689908e-01,6.993918256486185703e-01,5.540683033539034463e-01,-1.795021817750352688e-01,1.512986199325337400e-01,5.783601281820759388e-01,7.401989399139452530e-01,-4.517471170067018094e-03,6.752004756691269982e-01,7.411027263097421658e-01,-3.553365283093061211e-01,5.988680404145598768e-01,6.637303067771463949e-01,5.760663410287046871e-01,6.813439392036159115e-01,-1.395869448405102631e-01,3.711033503445740345e-01,4.187750382055260290e-01,6.579946537374751214e-01,5.512001397090698918e-01,6.020558810132441430e-01,4.714612194590625527e-01,7.771020857462034304e-01,6.070669966066628565e-01,4.878777050586072250e-01,6.458451572951717790e-01,7.394719080629205132e-01,1.000000000000000000e+00,6.655942498706756139e-01,6.715982311622098466e-01,7.657768826468071000e-01,6.503147526814665458e-01,7.889326384909035594e-01,-1.720100233173077753e-01,1.333714800446672288e-01
-1.934603865771037656e-01,4.104902570344024504e-01,5.773406207554065972e-01,-1.014968554629523539e-01,6.860541851715853401e-01,4.967579541450046210e-01,6.021454059804169923e-01,-5.118679976243267760e-01,3.137527757647959881e-01,7.044032377324010996e-01,6.365366665142814240e-01,6.015841329470617525e-03,7.077460678152864837e-01,7.518404084924672492e-01,-4.117785098400268962e-01,7.736403248943347633e-01,5.585068151915114631e-01,6.740084454498201927e-01,6.951715316943943845e-01,-3.017434578050382302e-02,6.402626215574559465e-01,5.441920747175253981e-01,6.574121348207825344e-01,5.804542236401177835e-01,6.842955410323058318e-01,2.803324204896470717e-01,5.967461381030518819e-01,4.559219165041961119e-01,2.015267964827905378e-01,7.450417430759584958e-01,5.542001114946468743e-01,6.655942498706756139e-01,1.000000000000000000e+00,6.832942711735559005e-01,5.822476606600869298e-01,4.868085462607440461e-01,6.127534786330256500e-01,1.141562407287692871e-01,2.707987926441229320e-01
-3.397290710481370990e-01,3.911383313040674992e-01,2.412113201383534189e-01,-1.699631547643849772e-01,3.955729162922265729e-01,5.816305136020167854e-01,5.307054300367015642e-01,-1.765494381414537961e-01,3.449206043819091211e-02,4.600579390840633942e-01,5.815428099349602142e-01,2.890508704035343185e-02,7.160477715227684392e-01,6.783900904884661021e-01,-3.179662017762286963e-01,5.467275044223054437e-01,5.041935155152302839e-01,4.517538212191424263e-01,5.743559159198143860e-01,-1.683401042524603208e-01,3.337986106370984252e-01,3.470924497002112474e-01,6.186667119412032623e-01,4.906818521123358368e-01,6.105116978395868088e-01,2.212200099663145791e-01,6.380482479947268137e-01,3.298291658426965589e-01,3.263176042158388857e-01,5.097860063050766444e-01,6.633854510303964780e-01,6.715982311622098466e-01,6.832942711735559005e-01,1.000000000000000000e+00,6.258842680812196635e-01,4.741696274382505294e-01,5.958729350785160195e-01,-2.417477240871637734e-01,5.372717434139280546e-02
-1.049602605095587178e-02,5.311963126844703176e-01,1.160686731871565652e-01,-4.304423619964155012e-01,3.176165331642610834e-01,7.231774444325373974e-01,5.226648036948539078e-01,-5.152702792343209076e-02,-4.691969368917660310e-02,4.189699298348759093e-01,7.370825052528869881e-01,-2.211219932398244270e-01,5.825468140577997334e-01,6.931510846264614667e-01,-4.398000124609340866e-01,5.708555046537954203e-01,6.253062494472554356e-01,4.528174020929072174e-01,5.787343210613244970e-01,-3.075385165010502408e-01,2.672389140358024662e-01,2.081847560210130510e-01,5.373537608811508326e-01,4.735705480730365013e-01,6.049358189930951202e-01,5.039166434001816075e-01,6.726870457900465672e-01,5.676640862683355326e-01,6.178158327655768334e-01,5.510895627114806850e-01,6.834584210700492823e-01,7.657768826468071000e-01,5.822476606600869298e-01,6.258842680812196635e-01,1.000000000000000000e+00,6.526289393011700524e-01,8.169559748770365282e-01,-2.505473774171579904e-01,-8.687159533530848521e-02
1.080973251421197406e-01,5.838756896619515802e-01,1.605747870367528474e-01,-3.408322470219292133e-01,2.140538833118269813e-01,5.800484087314732307e-01,4.600840468388286419e-01,-9.441235431826558444e-02,9.230268131354331385e-02,4.706227778681139617e-01,5.675769779198267528e-01,-1.396446248873811080e-01,4.601242110865442769e-01,5.553271513628399436e-01,-3.035946786400945396e-01,4.708874712674769314e-01,4.792779603870064298e-01,3.602571073294972281e-01,4.975731001190094593e-01,-1.756639891696049616e-01,3.097485870301204813e-01,3.100430990852345858e-01,4.439950961668255314e-01,2.048656982059076093e-01,4.535187990559230720e-01,4.807559561639439538e-01,6.088335522952168510e-01,4.977371684433868904e-01,4.691981183058086535e-01,4.844102734378919473e-01,5.787768315806041119e-01,6.503147526814665458e-01,4.868085462607440461e-01,4.741696274382505294e-01,6.526289393011700524e-01,1.000000000000000000e+00,6.489350793685388918e-01,-1.036444352615018549e-01,1.388710479693040616e-02
-2.017357605205684704e-02,6.231666152272239412e-01,1.921267070572601765e-01,-4.076375582126382513e-01,3.587412954818902100e-01,7.177236389108273551e-01,5.394711163866175996e-01,-1.040242575500866240e-01,1.213074771686326742e-01,5.072954966417494438e-01,7.572442077330597821e-01,-1.141187511222600676e-01,5.684179249975853665e-01,7.340416533017665168e-01,-3.737972511331136283e-01,5.807365740744627747e-01,6.865136746422119129e-01,4.908509226168976114e-01,6.126710644967581221e-01,-1.789900331809939626e-01,3.152399882777519036e-01,2.815149313371448914e-01,6.058991712263179785e-01,5.370693302231598354e-01,6.388132839494372606e-01,5.709704264488840719e-01,7.264037427658502910e-01,6.729046604775437146e-01,5.833671219047688039e-01,6.005064099357891871e-01,7.207385848553145014e-01,7.889326384909035594e-01,6.127534786330256500e-01,5.958729350785160195e-01,8.169559748770365282e-01,6.489350793685388918e-01,1.000000000000000000e+00,-1.739848898948572198e-01,5.901818834673478419e-03
2.608017055169156717e-01,4.337350937838097692e-02,4.407379018526163539e-01,2.717037285343676944e-01,5.222976329398169026e-01,-3.441467215241718058e-01,-1.190556048516742543e-01,-4.847197455543041933e-01,5.938169766889338508e-01,3.543282925402103656e-01,-1.210823359296112484e-01,1.636988908446750934e-01,-8.567510080562926178e-02,6.853168751570268280e-02,5.500852165218941131e-02,2.776653660906545640e-01,-1.393868189055164075e-01,1.734530496252398302e-01,-3.167563437936615767e-03,2.201142672297543568e-01,3.506577004595302083e-01,2.433633987407587962e-01,8.940831475018344576e-02,8.806439831117150729e-02,1.244821868830228717e-01,1.377803426443462709e-01,-7.277471252531415857e-02,9.975117065727279186e-02,-3.980595234150958728e-01,3.284908753163877093e-01,-1.876512572799783340e-01,-1.720100233173077753e-01,1.141562407287692871e-01,-2.417477240871637734e-01,-2.505473774171579904e-01,-1.036444352615018549e-01,-1.739848898948572198e-01,1.000000000000000000e+00,5.999303152828066032e-01
-1.518885454923099287e-01,1.611734506258384048e-01,5.015871424849048799e-01,3.653681587909884398e-01,5.219617328908892073e-01,-1.863076496570618135e-01,9.761833045607817838e-02,-4.783402280324674516e-01,5.301802393209090747e-01,5.497689619140109230e-01,4.713210528486422302e-02,4.802376674659681877e-01,2.820491446060574003e-01,2.332687230771556819e-01,1.688054869009575354e-01,3.526998836755281252e-01,-1.510963772368694585e-02,4.420829079069638068e-01,3.439291183535569951e-01,3.470220993498360773e-01,3.623307545810648400e-01,5.567044979519026882e-01,3.925561493639901922e-01,2.945677378063885077e-01,3.313627059117075779e-01,3.386640561734226285e-02,2.512116144824608766e-01,1.444096031040331130e-01,-4.245533283984462836e-01,3.937426911261650564e-01,1.364664692479539421e-01,1.333714800446672288e-01,2.707987926441229320e-01,5.372717434139280546e-02,-8.687159533530848521e-02,1.388710479693040616e-02,5.901818834673478419e-03,5.999303152828066032e-01,1.000000000000000000e+00
