1.000000000000000000e+00,8.345813699332850222e-01,2.529626064059070645e-01,-2.763843683990713784e-01,4.031705685986917698e-01,-3.339249053326686090e-01,3.845230132295874292e-01,-3.771677407861821485e-01,3.074320810443384455e-01,4.329493744570481195e-01,2.513152045267771917e-01,4.330620383497720827e-01,2.296894287259314271e-01,6.840236948715094911e-01,5.281949863288754043e-01,6.780745323522545664e-01,2.076145432867365082e-01,2.449592707362423238e-01,1.024280820719420532e-01,3.218805643433270691e-01,1.304318781396727467e-01,-2.603446795956098625e-01,5.344111512958228394e-01,6.666911967413794438e-01,5.604409722026251206e-01,7.662864076884545739e-01,6.853219084151228602e-01,7.246808303485813285e-01,7.060638804590237960e-01,3.124752338682529329e-01,4.842902594154255280e-01,5.032786681679716212e-01,3.389682370679096279e-01,5.695274033932133939e-01,5.100448485861671655e-01,5.949444879248053653e-01,6.053547034829455109e-01,7.057557642456258051e-01,2.033441702398628426e-01
8.345813699332850222e-01,1.000000000000000000e+00,1.895794421022846399e-01,-3.227468083955882805e-01,3.838882402809333794e-01,-2.082500223617159973e-01,4.386645179457662747e-01,-3.145041367672196664e-01,2.249418949186330063e-01,4.543669819682441546e-01,3.551963987429621050e-01,4.530663557891429494e-01,3.862312885107070937e-01,7.590493212664537470e-01,5.555407193009663791e-01,6.246172696379282963e-01,2.847830713198865604e-01,1.832490988258886344e-01,1.032410430910463833e-01,3.042081287377447762e-01,1.787340052186601330e-02,-2.996000128580893485e-01,6.303713373436724554e-01,6.883305549152928249e-01,6.215373775177019944e-01,7.683224854200989551e-01,7.319936170847213264e-01,7.036763390517738470e-01,7.337938446481503396e-01,2.387464607226705005e-01,5.582696693596578275e-01,6.293470814027309901e-01,2.893422735009281155e-01,5.492743290157098279e-01,6.065487098048452097e-01,6.307924254670200792e-01,6.903429497538616788e-01,6.146540242199254322e-01,1.667195731618181520e-01
2.529626064059070645e-01,1.895794421022846399e-01,1.000000000000000000e+00,2.898506233900434159e-01,7.757400526074984537e-01,-3.108278262606801179e-01,-1.002980518313810812e-02,-9.060032726314476426e-01,6.806992449199947837e-01,5.637771338545409794e-01,-3.702347700964250254e-01,-1.532930760034094918e-02,2.084261916315162735e-02,1.410844896421763472e-01,-2.184191386455903439e-01,3.806367336289170344e-01,-4.543833730829497375e-01,5.898614954205759764e-01,3.331205311483876330e-01,3.409838238237870578e-01,6.643181948785784607e-01,6.340175249837355365e-01,2.341214999603592924e-03,2.384837848669261184e-01,-2.782812364094525495e-02,1.295382147924385163e-01,1.364034083939866804e-01,1.906840316017589243e-01,-8.594017907515447141e-03,6.901172104721993161e-01,2.579446175422968612e-01,7.628189875698728709e-05,7.509222099425350017e-01,5.145483555755796523e-01,-1.123390531767971406e-01,1.724645323741972047e-01,-7.494665249016974062e-02,5.246136988024777681e-01,5.966784698568604606e-01
-2.763843683990713784e-01,-3.227468083955882805e-01,2.898506233900434159e-01,1.000000000000000000e+00,8.661834777246742167e-02,-2.096658723937981639e-01,-4.266071483724975799e-01,-1.765505740304918469e-01,4.373204986777167735e-01,2.520837052666015723e-02,-5.900717497817208335e-01,-1.854381860499606793e-01,-2.589638174640067070e-01,-4.818127572793096669e-01,-5.068552679959015261e-01,-1.427408004839837707e-01,-5.174817248601417674e-01,2.485690378211166396e-01,1.684623696694546036e-01,1.372665502867522480e-01,2.604661850060843720e-01,5.062881724722293475e-01,-5.269897042654881902e-01,-3.167520540766740611e-01,-5.946503057272610748e-01,-3.997579154276544311e-01,-4.097544417652670412e-01,-3.669656769669302210e-01,-5.048021702896463569e-01,2.727607054803393161e-01,-2.443945993207621847e-01,-4.888231820582238929e-01,-1.918300244357759587e-02,7.559923379238929486e-02,-5.765548805080951134e-01,-5.026751013771862953e-01,-5.413092215462158574e-01,1.463570721892489823e-01,5.331180593188267203e-01
4.031705685986917698e-01,3.838882402809333794e-01,7.757400526074984537e-01,8.661834777246742167e-02,1.000000000000000000e+00,-2.083580300100077165e-01,9.036102740677007250e-02,-7.813990232517331602e-01,5.919859861636184162e-01,5.640407197837066233e-01,-1.964301116691212767e-01,1.131231373142098512e-01,1.133502055695437827e-01,4.067964261317129626e-01,-3.198021938617503362e-02,4.900315157709611014e-01,-2.718571809105762016e-01,5.221430848617012455e-01,1.730662290192477581e-01,2.767570349390683360e-01,4.184801507813944443e-01,3.366363948152780172e-01,2.628967838999883844e-01,4.747989802836514173e-01,1.870867567806410448e-01,3.786245875396940797e-01,3.553487877605851497e-01,3.712326388928335330e-01,2.497249456408608681e-01,6.817088295605473469e-01,3.839676835330569915e-01,2.438813656802393537e-01,6.485101009337107536e-01,5.910229687545085486e-01,9.570959056669404996e-02,4.010218052538994660e-01,1.779645705415445478e-01,5.266382439581211994e-01,4.426950863123617075e-01
-3.339249053326686090e-01,-2.082500223617159973e-01,-3.108278262606801179e-01,-2.096658723937981639e-01,-2.083580300100077165e-01,1.000000000000000000e+00,-2.307726106436286742e-02,3.388584069558224776e-01,-3.588005584535802206e-01,-2.969569388285746014e-01,4.794158173287422775e-01,-2.039241043681278287e-01,9.784004932850172420e-02,2.834815401460833231e-02,-1.382887750128800330e-01,-3.221851555590604099e-01,4.962352756580430957e-01,-2.614031060958314501e-01,-2.183678178127682890e-01,-3.144128304745969493e-01,-2.161939427932372537e-01,-7.180426513300805502e-02,1.079341441889374864e-01,-1.303886942600431254e-01,1.538703652357040208e-01,-2.750068579217495035e-01,-1.814541938996550308e-01,-1.836815067925506861e-01,-1.115966546600143244e-01,-2.831991276574409300e-01,7.246093928145780350e-02,9.308147602927843711e-02,-1.268064568860752250e-01,-3.921755638710764380e-01,1.358285384823573749e-01,-6.532951613334427900e-03,9.424316329280983673e-02,-5.911213654668665551e-01,-4.478474920700906137e-01
3.845230132295874292e-01,4.386645179457662747e-01,-1.002980518313810812e-02,-4.266071483724975799e-01,9.036102740677007250e-02,-2.307726106436286742e-02,1.000000000000000000e+00,-8.067078284703305124e-02,-1.801950437374292002e-01,6.472524965720215240e-02,4.462476421919120972e-01,2.927590280642973775e-01,4.015662282165348707e-01,5.488163621220585320e-01,4.983435233162184508e-01,2.121359643759217206e-01,3.489312849859260712e-01,-9.229981242177946743e-02,-1.017119065498929033e-02,2.294414005006151225e-01,6.891519686331262773e-02,-2.193027924998245670e-01,5.229217985356501286e-01,5.020433283714220707e-01,5.218892459666499839e-01,5.326767442882812675e-01,5.929939293002463030e-01,4.089702862850720377e-01,5.864882493937949581e-01,-5.306753598553882317e-02,3.339181607454642098e-01,5.879131531507676423e-01,2.664376127341125389e-01,1.000391670135433314e-01,5.918977274902358365e-01,5.424350189366728969e-01,5.721435808326521544e-01,1.181589309487307005e-01,-1.668071448004633528e-01
-3.771677407861821485e-01,-3.145041367672196664e-01,-9.060032726314476426e-01,-1.765505740304918469e-01,-7.813990232517331602e-01,3.388584069558224776e-01,-8.067078284703305124e-02,1.000000000000000000e+00,-6.240592558504510778e-01,-5.810620395197687582e-01,2.759333001847983913e-01,-8.515516366648058499e-02,-9.163745068380374503e-02,-2.755285821713633343e-01,7.958934528939524966e-02,-4.439929422421077798e-01,3.783153508108214602e-01,-5.537849260153834274e-01,-3.083436156462416311e-01,-3.971168842412127753e-01,-6.596599883853965229e-01,-5.348178703495383157e-01,-1.345798101254781221e-01,-3.446179396077417856e-01,-1.067856161004091531e-01,-2.638118450855914121e-01,-2.625285883983885515e-01,-2.884960148581684480e-01,-1.493579199727279594e-01,-6.512059201563762389e-01,-3.115286358473777217e-01,-1.300046288371420056e-01,-7.855514093644018203e-01,-5.393515512921766009e-01,-3.300687663390186599e-02,-3.038194113382896022e-01,-7.778795832806101318e-02,-5.732757543418379731e-01,-5.263935895242756180e-01
3.074320810443384455e-01,2.249418949186330063e-01,6.806992449199947837e-01,4.373204986777167735e-01,5.919859861636184162e-01,-3.588005584535802206e-01,-1.801950437374292002e-01,-6.240592558504510778e-01,1.000000000000000000e+00,5.790832161253012256e-01,-4.768132176366390307e-01,-9.964470207029529902e-02,-1.321353036552302407e-01,5.589095458644830101e-03,-2.679009806013716855e-01,4.951867794749229001e-01,-4.374521571052577551e-01,6.685965193252516592e-01,3.266511966034012504e-01,1.867667635210098209e-01,3.991215514599482095e-01,4.539446049433618069e-01,-1.983336928983129577e-01,1.664844629495658701e-01,-2.254577139775159056e-01,8.809198208753402093e-02,-1.289840711011296928e-03,2.846518551773469796e-01,-1.011735049083058863e-01,8.046895314915629704e-01,2.098170725254195623e-01,-1.790678126676810700e-01,3.132637447836717492e-01,6.178159034739411082e-01,-2.845604571107554492e-01,-6.559447839186835494e-02,-1.909436685952747292e-01,6.643143758534623133e-01,7.582148526353115203e-01
4.329493744570481195e-01,4.543669819682441546e-01,5.637771338545409794e-01,2.520837052666015723e-02,5.640407197837066233e-01,-2.969569388285746014e-01,6.472524965720215240e-02,-5.810620395197687582e-01,5.790832161253012256e-01,1.000000000000000000e+00,-6.857410856602069726e-02,-1.463977232378783078e-01,1.803257377344102685e-01,3.488972306350117125e-01,-1.184823900757246279e-01,7.198288622371410428e-01,-1.205806032542425382e-01,7.113591548819191424e-01,6.283256950053363044e-01,1.510496548930162497e-01,2.311132696905395245e-01,1.585166771212113968e-01,2.800994908297467223e-01,2.814733456969152336e-01,2.581193903887009644e-01,2.293454218750017315e-01,2.331657750663390649e-01,4.886963039173189416e-01,1.393842678628523513e-01,6.097725782224243662e-01,4.909250173566106490e-01,1.207092721310795841e-01,4.048557146046691813e-01,4.216168572824368632e-01,1.057780867607598513e-01,2.681111893210677555e-01,1.522933570883028831e-01,6.019896198838137202e-01,4.641035006071311808e-01
2.513152045267771917e-01,3.551963987429621050e-01,-3.702347700964250254e-01,-5.900717497817208335e-01,-1.964301116691212767e-01,4.794158173287422775e-01,4.462476421919120972e-01,2.759333001847983913e-01,-4.768132176366390307e-01,-6.857410856602069726e-02,1.000000000000000000e+00,1.980339154856773920e-01,3.191299348847198014e-01,5.632372921450610193e-01,3.756796764452267623e-01,4.773015194197979816e-02,8.428782059295210072e-01,-2.469854243972229024e-01,-9.622720296887876668e-02,-1.115548146981149430e-01,-3.193864299244179583e-01,-5.025567965739345944e-01,5.790272058331445981e-01,3.473866256698994737e-01,7.015687227710971641e-01,3.424063367322626728e-01,4.274321992429522266e-01,3.198806588929154482e-01,4.782167884581003947e-01,-3.741994103669213922e-01,3.300933521052700215e-01,5.875947797658822580e-01,1.196855156336118324e-02,-1.790288200428187537e-01,6.727382866949863649e-01,4.126816785608841687e-01,6.357140296020269421e-01,-2.396985832818706030e-01,-5.189390650899466939e-01
4.330620383497720827e-01,4.530663557891429494e-01,-1.532930760034094918e-02,-1.854381860499606793e-01,1.131231373142098512e-01,-2.039241043681278287e-01,2.927590280642973775e-01,-8.515516366648058499e-02,-9.964470207029529902e-02,-1.463977232378783078e-01,1.980339154856773920e-01,1.000000000000000000e+00,3.075339962859585663e-01,4.466207302928794642e-01,6.601217328026247610e-01,9.945370128019351275e-02,1.160028891351456704e-01,-3.546996255413125132e-01,-4.057930828086025454e-01,4.470313771060165364e-01,1.085048089167631735e-01,-1.521325991727482396e-01,3.773856535092899867e-01,5.353157836623455568e-01,3.301214911568169375e-01,5.917218278577168755e-01,5.552014949721164605e-01,3.182438149668934124e-01,6.112810284780110237e-01,-8.525587724475940099e-02,2.076762460792231368e-01,4.978674646972024997e-01,1.939948037170102224e-01,4.453990509374109452e-01,4.511483890391815854e-01,3.631083554915809919e-01,5.429794363066369201e-01,2.794100081410541558e-01,-4.902075316993149273e-02
2.296894287259314271e-01,3.862312885107070937e-01,2.084261916315162735e-02,-2.589638174640067070e-01,1.133502055695437827e-01,9.784004932850172420e-02,4.015662282165348707e-01,-9.163745068380374503e-02,-1.321353036552302407e-01,1.803257377344102685e-01,3.191299348847198014e-01,3.075339962859585663e-01,1.000000000000000000e+00,4.847585793443934254e-01,3.491295496724343694e-01,2.005309901397323569e-01,2.332962798958485018e-01,-8.129462059088364556e-02,3.747151385444435351e-02,2.648986958324582863e-01,7.161200493246765164e-02,-1.104182077512496918e-01,5.223449629652827664e-01,3.579433693047779363e-01,4.228613180029074936e-01,2.584141929515221259e-01,3.230940538712501753e-01,2.118940248687875005e-01,4.369008748708514966e-01,-5.297961177451122709e-03,1.349686760987248157e-01,5.058289445054388045e-01,2.341602538694320113e-01,1.288319952365775956e-01,4.283749139981842258e-01,4.014894388858702978e-01,4.666488753304143255e-01,9.101005041627927006e-02,-8.664211713362363065e-02
6.840236948715094911e-01,7.590493212664537470e-01,1.410844896421763472e-01,-4.818127572793096669e-01,4.067964261317129626e-01,2.834815401460833231e-02,5.488163621220585320e-01,-2.755285821713633343e-01,5.589095458644830101e-03,3.488972306350117125e-01,5.632372921450610193e-01,4.466207302928794642e-01,4.847585793443934254e-01,1.000000000000000000e+00,5.483677485139960561e-01,5.300602846623234665e-01,4.604229564902621585e-01,7.268436969443256568e-02,-5.442955191723607145e-02,2.639992203715691987e-01,2.378873083854109519e-03,-3.598375500634870550e-01,8.166928673701931984e-01,7.873999010861915115e-01,7.845695467390720879e-01,7.626618324962728401e-01,7.710148158166720833e-01,6.617613906020242132e-01,8.277357695073430666e-01,1.687782639794241923e-01,5.100644934698292943e-01,7.923361117970381118e-01,4.058488248833184708e-01,3.948429299554783722e-01,7.826520716162154168e-01,7.815285651609302775e-01,8.262078274305370007e-01,3.436519501130105292e-01,-1.465839878664683404e-01
5.281949863288754043e-01,5.555407193009663791e-01,-2.184191386455903439e-01,-5.068552679959015261e-01,-3.198021938617503362e-02,-1.382887750128800330e-01,4.983435233162184508e-01,7.958934528939524966e-02,-2.679009806013716855e-01,-1.184823900757246279e-01,3.756796764452267623e-01,6.601217328026247610e-01,3.491295496724343694e-01,5.483677485139960561e-01,1.000000000000000000e+00,1.716306113847128056e-01,3.051892833627313784e-01,-4.450521816937389463e-01,-3.228917540167455802e-01,2.834321738299121485e-01,-4.576171623136560812e-02,-4.103538457400061623e-01,4.959346841847380727e-01,5.410693941503708082e-01,5.022140574782777422e-01,6.798834965523864460e-01,6.410178003627446941e-01,4.044166497780453118e-01,7.186766352470455033e-01,-1.788988768849429090e-01,2.422676542417735168e-01,5.625117049115292422e-01,5.626755954883982946e-02,3.146560758294564830e-01,5.821725592501526547e-01,4.789729805389741912e-01,6.675157273058632823e-01,2.319023648030586471e-01,-2.232725985019201054e-01
6.780745323522545664e-01,6.246172696379282963e-01,3.806367336289170344e-01,-1.427408004839837707e-01,4.900315157709611014e-01,-3.221851555590604099e-01,2.121359643759217206e-01,-4.439929422421077798e-01,4.951867794749229001e-01,7.198288622371410428e-01,4.773015194197979816e-02,9.945370128019351275e-02,2.005309901397323569e-01,5.300602846623234665e-01,1.716306113847128056e-01,1.000000000000000000e+00,9.608173624119485667e-02,6.083755486366959619e-01,3.475636291558333313e-01,1.760371528115434181e-01,1.213716486049022519e-01,-1.513662013328035405e-01,4.584932511588417081e-01,4.767448459912485559e-01,4.068973779312604067e-01,5.081840859088536666e-01,3.963860216315278073e-01,7.401523255280819669e-01,4.234428849002195294e-01,5.960094080685893747e-01,4.463512380492807852e-01,2.285853849481757905e-01,3.175836804762421917e-01,5.576702978173706526e-01,2.761794249712299365e-01,4.088046727029764904e-01,3.610952686281446167e-01,7.035694811468305998e-01,2.811261322355495529e-01
2.076145432867365082e-01,2.847830713198865604e-01,-4.543833730829497375e-01,-5.174817248601417674e-01,-2.718571809105762016e-01,4.962352756580430957e-01,3.489312849859260712e-01,3.783153508108214602e-01,-4.374521571052577551e-01,-1.205806032542425382e-01,8.428782059295210072e-01,1.160028891351456704e-01,2.332962798958485018e-01,4.604229564902621585e-01,3.051892833627313784e-01,9.608173624119485667e-02,1.000000000000000000e+00,-2.144547691056075400e-01,-1.633994742352616325e-01,-1.735752488414224748e-01,-4.025995265443300108e-01,-5.722183670979029690e-01,4.735020468166804553e-01,2.438769329555567633e-01,5.907268275894236309e-01,2.547945860948750418e-01,2.736583441880393597e-01,3.098245001649165276e-01,3.962086332816380230e-01,-3.271950691585715498e-01,2.399119345664752212e-01,4.559411611109401852e-01,-1.544951746872414988e-01,-1.888172969603746087e-01,5.445726333380167539e-01,2.778366305313320073e-01,5.410617240134322214e-01,-2.391940445645817093e-01,-5.209593687708113929e-01
2.449592707362423238e-01,1.832490988258886344e-01,5.898614954205759764e-01,2.485690378211166396e-01,5.221430848617012455e-01,-2.614031060958314501e-01,-9.229981242177946743e-02,-5.537849260153834274e-01,6.685965193252516592e-01,7.113591548819191424e-01,-2.469854243972229024e-01,-3.546996255413125132e-01,-8.129462059088364556e-02,7.268436969443256568e-02,-4.450521816937389463e-01,6.083755486366959619e-01,-2.144547691056075400e-01,1.000000000000000000e+00,6.251059289728322366e-01,-8.685602105749888613e-03,2.323926228017844653e-01,2.556275589038736196e-01,3.057908519434471978e-02,6.350532506854650316e-02,1.897968191573970453e-02,2.355284200561148442e-02,-3.589385562948472618e-03,3.433532783570877323e-01,-1.366819618347962229e-01,6.458908024709048012e-01,2.113122457308950763e-01,-1.734339531738528783e-01,3.026234348209153602e-01,3.008703998390240275e-01,-1.578217978571092028e-01,-3.759250031500645847e-03,-1.469983763376001284e-01,5.181737131743420210e-01,5.071615504826516574e-01
1.024280820719420532e-01,1.032410430910463833e-01,3.331205311483876330e-01,1.684623696694546036e-01,1.730662290192477581e-01,-2.183678178127682890e-01,-1.017119065498929033e-02,-3.083436156462416311e-01,3.266511966034012504e-01,6.283256950053363044e-01,-9.622720296887876668e-02,-4.057930828086025454e-01,3.747151385444435351e-02,-5.442955191723607145e-02,-3.228917540167455802e-01,3.475636291558333313e-01,-1.633994742352616325e-01,6.251059289728322366e-01,1.000000000000000000e+00,-5.462715328896083911e-02,1.633273450172662289e-01,2.310386051346099145e-01,-3.511912325711532678e-03,-1.029690626880388343e-01,4.273818098377894781e-02,-1.179264167265832580e-01,-4.245048693584878297e-02,1.727311544177115299e-01,-1.988041185074672645e-01,2.920913815800282864e-01,2.030341951951836754e-01,-1.793110315100759355e-01,1.725582020385952320e-01,-1.926257507679389816e-02,-1.086814711825393326e-01,-6.822856381810646353e-02,-1.214193111553722171e-01,3.248437859307720110e-01,4.011839525197406497e-01
3.218805643433270691e-01,3.042081287377447762e-01,3.409838238237870578e-01,1.372665502867522480e-01,2.767570349390683360e-01,-3.144128304745969493e-01,2.294414005006151225e-01,-3.971168842412127753e-01,1.867667635210098209e-01,1.510496548930162497e-01,-1.115548146981149430e-01,4.470313771060165364e-01,2.648986958324582863e-01,2.639992203715691987e-01,2.834321738299121485e-01,1.760371528115434181e-01,-1.735752488414224748e-01,-8.685602105749888613e-03,-5.462715328896083911e-02,1.000000000000000000e+00,4.528020322674773945e-01,2.700002165809117782e-01,2.048401256078516974e-01,3.876583524324431207e-01,9.147718351712467999e-02,3.503017981223163768e-01,3.335896626858538827e-01,2.331266926974824849e-01,3.696646248788336142e-01,1.965736433269128780e-01,1.867814731068215550e-01,2.831975290892322916e-01,4.046182343114384516e-01,3.552503050079310887e-01,2.655013677446312337e-01,2.930668718190687083e-01,3.100072454906436237e-01,3.569224280763206303e-01,2.243083906577433007e-01
1.304318781396727467e-01,1.787340052186601330e-02,6.643181948785784607e-01,2.604661850060843720e-01,4.184801507813944443e-01,-2.161939427932372537e-01,6.891519686331262773e-02,-6.596599883853965229e-01,3.991215514599482095e-01,2.311132696905395245e-01,-3.193864299244179583e-01,1.085048089167631735e-01,7.161200493246765164e-02,2.378873083854109519e-03,-4.576171623136560812e-02,1.213716486049022519e-01,-4.025995265443300108e-01,2.323926228017844653e-01,1.633273450172662289e-01,4.528020322674773945e-01,1.000000000000000000e+00,7.147885239591181827e-01,-1.029275811056889756e-01,9.714456677308397348e-02,-1.054768428500982708e-01,3.276595562160698749e-02,6.743882741129711422e-02,2.224546001068505863e-02,4.194934916940843556e-03,4.120521942583678099e-01,1.204268718481964345e-01,-3.889700042864544655e-02,6.625539343786838176e-01,3.111511079029823934e-01,-1.306526305665921817e-01,8.479871402154848248e-02,-4.939951888277555742e-02,3.454375988859594293e-01,4.280200419375184140e-01
-2.603446795956098625e-01,-2.996000128580893485e-01,6.340175249837355365e-01,5.062881724722293475e-01,3.366363948152780172e-01,-7.180426513300805502e-02,-2.193027924998245670e-01,-5.348178703495383157e-01,4.539446049433618069e-01,1.585166771212113968e-01,-5.025567965739345944e-01,-1.521325991727482396e-01,-1.104182077512496918e-01,-3.598375500634870550e-01,-4.103538457400061623e-01,-1.513662013328035405e-01,-5.722183670979029690e-01,2.556275589038736196e-01,2.310386051346099145e-01,2.700002165809117782e-01,7.147885239591181827e-01,1.000000000000000000e+00,-4.226564676167027246e-01,-2.235611152680230806e-01,-4.332306535604142361e-01,-3.478518632544380096e-01,-2.740540410016097939e-01,-2.822722917031265655e-01,-4.257093401835681523e-01,3.725148609444445813e-01,-4.791188582117597225e-03,-3.181080867743687479e-01,4.639115722375387607e-01,1.479454470942337674e-01,-4.670847861700401227e-01,-2.625749654625482155e-01,-4.372984370114417207e-01,1.215654153071460547e-01,5.519821511944908998e-01
5.344111512958228394e-01,6.303713373436724554e-01,2.341214999603592924e-03,-5.269897042654881902e-01,2.628967838999883844e-01,1.079341441889374864e-01,5.229217985356501286e-01,-1.345798101254781221e-01,-1.983336928983129577e-01,2.800994908297467223e-01,5.790272058331445981e-01,3.773856535092899867e-01,5.223449629652827664e-01,8.166928673701931984e-01,4.959346841847380727e-01,4.584932511588417081e-01,4.735020468166804553e-01,3.057908519434471978e-02,-3.511912325711532678e-03,2.048401256078516974e-01,-1.029275811056889756e-01,-4.226564676167027246e-01,1.000000000000000000e+00,6.448396974640195900e-01,8.348249303210927286e-01,6.375891066734128421e-01,6.586477556752716733e-01,5.656533564799248737e-01,7.522486306185948157e-01,-1.917315972223457635e-02,3.915047480040050321e-01,7.157390098084240870e-01,3.173076635022205605e-01,1.934182600408415054e-01,7.723729731877740923e-01,7.281580276339234548e-01,7.694260757570650089e-01,1.976995760694475190e-01,-3.018211657981424989e-01
6.666911967413794438e-01,6.883305549152928249e-01,2.384837848669261184e-01,-3.167520540766740611e-01,4.747989802836514173e-01,-1.303886942600431254e-01,5.020433283714220707e-01,-3.446179396077417856e-01,1.664844629495658701e-01,2.814733456969152336e-01,3.473866256698994737e-01,5.353157836623455568e-01,3.579433693047779363e-01,7.873999010861915115e-01,5.410693941503708082e-01,4.767448459912485559e-01,2.438769329555567633e-01,6.350532506854650316e-02,-1.029690626880388343e-01,3.876583524324431207e-01,9.714456677308397348e-02,-2.235611152680230806e-01,6.448396974640195900e-01,1.000000000000000000e+00,6.116108400771762543e-01,7.833754332408541243e-01,7.245328169363424164e-01,6.190723416241946664e-01,7.736197136155259502e-01,2.877751393496507659e-01,4.182968911289071112e-01,6.845185168021478139e-01,4.053577294262475927e-01,5.567245372336152576e-01,6.593136310680386414e-01,6.508844736673359277e-01,7.465478344455300785e-01,4.458072075961596603e-01,4.062944688424352524e-02
5.604409722026251206e-01,6.215373775177019944e-01,-2.782812364094525495e-02,-5.946503057272610748e-01,1.870867567806410448e-01,1.538703652357040208e-01,5.218892459666499839e-01,-1.067856161004091531e-01,-2.254577139775159056e-01,2.581193903887009644e-01,7.015687227710971641e-01,3.301214911568169375e-01,4.228613180029074936e-01,7.845695467390720879e-01,5.022140574782777422e-01,4.068973779312604067e-01,5.907268275894236309e-01,1.897968191573970453e-02,4.273818098377894781e-02,9.147718351712467999e-02,-1.054768428500982708e-01,-4.332306535604142361e-01,8.348249303210927286e-01,6.116108400771762543e-01,1.000000000000000000e+00,5.998785953064907916e-01,6.375051151230953783e-01,5.521150495153686055e-01,7.062732432082694523e-01,-9.277079428052281695e-02,4.245285058143259960e-01,6.861485714313434459e-01,3.157405818905378858e-01,1.625374929938153412e-01,7.758860311569992785e-01,6.663105211590488741e-01,7.715205197354014777e-01,1.657734981384324235e-01,-3.163300602254705551e-01
7.662864076884545739e-01,7.683224854200989551e-01,1.295382147924385163e-01,-3.997579154276544311e-01,3.786245875396940797e-01,-2.750068579217495035e-01,5.326767442882812675e-01,-2.638118450855914121e-01,8.809198208753402093e-02,2.293454218750017315e-01,3.424063367322626728e-01,5.917218278577168755e-01,2.584141929515221259e-01,7.626618324962728401e-01,6.798834965523864460e-01,5.081840859088536666e-01,2.547945860948750418e-01,2.355284200561148442e-02,-1.179264167265832580e-01,3.503017981223163768e-01,3.276595562160698749e-02,-3.478518632544380096e-01,6.375891066734128421e-01,7.833754332408541243e-01,5.998785953064907916e-01,1.000000000000000000e+00,8.508967588835418816e-01,7.237020285382809170e-01,8.389541790749825978e-01,1.890430154490834735e-01,4.494365916168953090e-01,6.886883095646861852e-01,2.791468731748785181e-01,5.240553825544332911e-01,6.601041373181930627e-01,6.664356984651761406e-01,7.381984432291529563e-01,5.264565130723048991e-01,1.360194415226280776e-02
6.853219084151228602e-01,7.319936170847213264e-01,1.364034083939866804e-01,-4.097544417652670412e-01,3.553487877605851497e-01,-1.814541938996550308e-01,5.929939293002463030e-01,-2.625285883983885515e-01,-1.289840711011296928e-03,2.331657750663390649e-01,4.274321992429522266e-01,5.552014949721164605e-01,3.230940538712501753e-01,7.710148158166720833e-01,6.410178003627446941e-01,3.963860216315278073e-01,2.736583441880393597e-01,-3.589385562948472618e-03,-4.245048693584878297e-02,3.335896626858538827e-01,6.743882741129711422e-02,-2.740540410016097939e-01,6.586477556752716733e-01,7.245328169363424164e-01,6.375051151230953783e-01,8.508967588835418816e-01,1.000000000000000000e+00,6.413224549136485875e-01,7.914971567537173458e-01,7.911953106895475152e-02,5.298300450480548651e-01,7.613231917848926056e-01,3.435810547247484248e-01,4.247973603199442505e-01,7.183830527771664087e-01,6.982686277130742969e-01,7.454225474996983847e-01,4.044776336978471720e-01,-2.585687358487401624e-02
7.246808303485813285e-01,7.036763390517738470e-01,1.906840316017589243e-01,-3.669656769669302210e-01,3.712326388928335330e-01,-1.836815067925506861e-01,4.089702862850720377e-01,-2.884960148581684480e-01,2.846518551773469796e-01,4.886963039173189416e-01,3.198806588929154482e-01,3.182438149668934124e-01,2.118940248687875005e-01,6.617613906020242132e-01,4.044166497780453118e-01,7.401523255280819669e-01,3.098245001649165276e-01,3.433532783570877323e-01,1.727311544177115299e-01,2.331266926974824849e-01,2.224546001068505863e-02,-2.822722917031265655e-01,5.656533564799248737e-01,6.190723416241946664e-01,5.521150495153686055e-01,7.237020285382809170e-01,6.413224549136485875e-01,1.000000000000000000e+00,6.391007600612143014e-01,3.663260946717874500e-01,6.094252102321441322e-01,5.028561227794120514e-01,2.500283797332774616e-01,5.176132869804568326e-01,5.489996971221309252e-01,5.135219812277418416e-01,6.096761168332854863e-01,5.850040920076275963e-01,1.092225108787860666e-01
7.060638804590237960e-01,7.337938446481503396e-01,-8.594017907515447141e-03,-5.048021702896463569e-01,2.497249456408608681e-01,-1.115966546600143244e-01,5.864882493937949581e-01,-1.493579199727279594e-01,-1.011735049083058863e-01,1.393842678628523513e-01,4.782167884581003947e-01,6.112810284780110237e-01,4.369008748708514966e-01,8.277357695073430666e-01,7.186766352470455033e-01,4.234428849002195294e-01,3.962086332816380230e-01,-1.366819618347962229e-01,-1.988041185074672645e-01,3.696646248788336142e-01,4.194934916940843556e-03,-4.257093401835681523e-01,7.522486306185948157e-01,7.736197136155259502e-01,7.062732432082694523e-01,8.389541790749825978e-01,7.914971567537173458e-01,6.391007600612143014e-01,1.000000000000000000e+00,4.244659719564466277e-02,3.819625209523531129e-01,7.847666684247531776e-01,2.657015922194321256e-01,3.660966522122764411e-01,7.819893792001378907e-01,7.435789966489528835e-01,8.475296399589221652e-01,3.623497135976626038e-01,-1.878325205824207811e-01
3.124752338682529329e-01,2.387464607226705005e-01,6.901172104721993161e-01,2.727607054803393161e-01,6.817088295605473469e-01,-2.831991276574409300e-01,-5.306753598553882317e-02,-6.512059201563762389e-01,8.046895314915629704e-01,6.097725782224243662e-01,-3.741994103669213922e-01,-8.525587724475940099e-02,-5.297961177451122709e-03,1.687782639794241923e-01,-1.788988768849429090e-01,5.960094080685893747e-01,-3.271950691585715498e-01,6.458908024709048012e-01,2.920913815800282864e-01,1.965736433269128780e-01,4.120521942583678099e-01,3.725148609444445813e-01,-1.917315972223457635e-02,2.877751393496507659e-01,-9.277079428052281695e-02,1.890430154490834735e-01,7.911953106895475152e-02,3.663260946717874500e-01,4.244659719564466277e-02,1.000000000000000000e+00,2.276241428868990835e-01,-5.806200274669289646e-02,4.175430283240576523e-01,5.759317731918217609e-01,-1.767268620263895418e-01,1.144469387251596804e-01,-4.460927350214300563e-02,6.115007938709284829e-01,6.199165308188956391e-01
4.842902594154255280e-01,5.582696693596578275e-01,2.579446175422968612e-01,-2.443945993207621847e-01,3.839676835330569915e-01,7.246093928145780350e-02,3.339181607454642098e-01,-3.115286358473777217e-01,2.098170725254195623e-01,4.909250173566106490e-01,3.300933521052700215e-01,2.076762460792231368e-01,1.349686760987248157e-01,5.100644934698292943e-01,2.422676542417735168e-01,4.463512380492807852e-01,2.399119345664752212e-01,2.113122457308950763e-01,2.030341951951836754e-01,1.867814731068215550e-01,1.204268718481964345e-01,-4.791188582117597225e-03,3.915047480040050321e-01,4.182968911289071112e-01,4.245285058143259960e-01,4.494365916168953090e-01,5.298300450480548651e-01,6.094252102321441322e-01,3.819625209523531129e-01,2.276241428868990835e-01,1.000000000000000000e+00,4.471463279415851533e-01,3.269096595408156891e-01,3.809145982029357724e-01,4.392759422840155636e-01,4.406961421967432457e-01,4.700442981998165792e-01,3.483575704188494604e-01,1.274465519813381409e-01
5.032786681679716212e-01,6.293470814027309901e-01,7.628189875698728709e-05,-4.888231820582238929e-01,2.438813656802393537e-01,9.308147602927843711e-02,5.879131531507676423e-01,-1.300046288371420056e-01,-1.790678126676810700e-01,1.207092721310795841e-01,5.875947797658822580e-01,4.978674646972024997e-01,5.058289445054388045e-01,7.923361117970381118e-01,5.625117049115292422e-01,2.285853849481757905e-01,4.559411611109401852e-01,-1.734339531738528783e-01,-1.793110315100759355e-01,2.831975290892322916e-01,-3.889700042864544655e-02,-3.181080867743687479e-01,7.157390098084240870e-01,6.845185168021478139e-01,6.861485714313434459e-01,6.886883095646861852e-01,7.613231917848926056e-01,5.028561227794120514e-01,7.847666684247531776e-01,-5.806200274669289646e-02,4.471463279415851533e-01,1.000000000000000000e+00,3.007392792605723120e-01,2.356262139892134622e-01,7.746553419686034170e-01,7.294550144484416299e-01,8.032879262180258051e-01,1.315959674397266799e-01,-2.095114006006401075e-01
3.389682370679096279e-01,2.893422735009281155e-01,7.509222099425350017e-01,-1.918300244357759587e-02,6.485101009337107536e-01,-1.268064568860752250e-01,2.664376127341125389e-01,-7.855514093644018203e-01,3.132637447836717492e-01,4.048557146046691813e-01,1.196855156336118324e-02,1.939948037170102224e-01,2.341602538694320113e-01,4.058488248833184708e-01,5.626755954883982946e-02,3.175836804762421917e-01,-1.544951746872414988e-01,3.026234348209153602e-01,1.725582020385952320e-01,4.046182343114384516e-01,6.625539343786838176e-01,4.639115722375387607e-01,3.173076635022205605e-01,4.053577294262475927e-01,3.157405818905378858e-01,2.791468731748785181e-01,3.435810547247484248e-01,2.500283797332774616e-01,2.657015922194321256e-01,4.175430283240576523e-01,3.269096595408156891e-01,3.007392792605723120e-01,1.000000000000000000e+00,3.841146777421667879e-01,2.319754630451890676e-01,4.563108473628219586e-01,2.303015910056595283e-01,3.351470795123463464e-01,2.400141529126827156e-01
5.695274033932133939e-01,5.492743290157098279e-01,5.145483555755796523e-01,7.559923379238929486e-02,5.910229687545085486e-01,-3.921755638710764380e-01,1.000391670135433314e-01,-5.393515512921766009e-01,6.178159034739411082e-01,4.216168572824368632e-01,-1.790288200428187537e-01,4.453990509374109452e-01,1.288319952365775956e-01,3.948429299554783722e-01,3.146560758294564830e-01,5.576702978173706526e-01,-1.888172969603746087e-01,3.008703998390240275e-01,-1.926257507679389816e-02,3.552503050079310887e-01,3.111511079029823934e-01,1.479454470942337674e-01,1.934182600408415054e-01,5.567245372336152576e-01,1.625374929938153412e-01,5.240553825544332911e-01,4.247973603199442505e-01,5.176132869804568326e-01,3.660966522122764411e-01,5.759317731918217609e-01,3.809145982029357724e-01,2.356262139892134622e-01,3.841146777421667879e-01,1.000000000000000000e+00,1.077542676702082508e-01,2.508028912188602355e-01,2.601850915714183921e-01,7.211166321029226500e-01,5.085874981915364801e-01
5.100448485861671655e-01,6.065487098048452097e-01,-1.123390531767971406e-01,-5.765548805080951134e-01,9.570959056669404996e-02,1.358285384823573749e-01,5.918977274902358365e-01,-3.300687663390186599e-02,-2.845604571107554492e-01,1.057780867607598513e-01,6.727382866949863649e-01,4.511483890391815854e-01,4.283749139981842258e-01,7.826520716162154168e-01,5.821725592501526547e-01,2.761794249712299365e-01,5.445726333380167539e-01,-1.578217978571092028e-01,-1.086814711825393326e-01,2.655013677446312337e-01,-1.306526305665921817e-01,-4.670847861700401227e-01,7.723729731877740923e-01,6.593136310680386414e-01,7.758860311569992785e-01,6.601041373181930627e-01,7.183830527771664087e-01,5.489996971221309252e-01,7.819893792001378907e-01,-1.767268620263895418e-01,4.392759422840155636e-01,7.746553419686034170e-01,2.319754630451890676e-01,1.077542676702082508e-01,1.000000000000000000e+00,7.117750080608933327e-01,8.474828315128654088e-01,6.841608831772218180e-02,-4.030043443928396640e-01
5.949444879248053653e-01,6.307924254670200792e-01,1.724645323741972047e-01,-5.026751013771862953e-01,4.010218052538994660e-01,-6.532951613334427900e-03,5.424350189366728969e-01,-3.038194113382896022e-01,-6.559447839186835494e-02,2.681111893210677555e-01,4.126816785608841687e-01,3.631083554915809919e-01,4.014894388858702978e-01,7.815285651609302775e-01,4.789729805389741912e-01,4.088046727029764904e-01,2.778366305313320073e-01,-3.759250031500645847e-03,-6.822856381810646353e-02,2.930668718190687083e-01,8.479871402154848248e-02,-2.625749654625482155e-01,7.281580276339234548e-01,6.508844736673359277e-01,6.663105211590488741e-01,6.664356984651761406e-01,6.982686277130742969e-01,5.135219812277418416e-01,7.435789966489528835e-01,1.144469387251596804e-01,4.406961421967432457e-01,7.294550144484416299e-01,4.563108473628219586e-01,2.508028912188602355e-01,7.117750080608933327e-01,1.000000000000000000e+00,7.093514378275039833e-01,2.143239262161721337e-01,-2.007850445427555863e-01
6.053547034829455109e-01,6.903429497538616788e-01,-7.494665249016974062e-02,-5.413092215462158574e-01,1.779645705415445478e-01,9.424316329280983673e-02,5.721435808326521544e-01,-7.778795832806101318e-02,-1.909436685952747292e-01,1.522933570883028831e-01,6.357140296020269421e-01,5.429794363066369201e-01,4.666488753304143255e-01,8.262078274305370007e-01,6.675157273058632823e-01,3.610952686281446167e-01,5.410617240134322214e-01,-1.469983763376001284e-01,-1.214193111553722171e-01,3.100072454906436237e-01,-4.939951888277555742e-02,-4.372984370114417207e-01,7.694260757570650089e-01,7.465478344455300785e-01,7.715205197354014777e-01,7.381984432291529563e-01,7.454225474996983847e-01,6.096761168332854863e-01,8.475296399589221652e-01,-4.460927350214300563e-02,4.700442981998165792e-01,8.032879262180258051e-01,2.303015910056595283e-01,2.601850915714183921e-01,8.474828315128654088e-01,7.093514378275039833e-01,1.000000000000000000e+00,2.091436259094005268e-01,-2.865005028523965880e-01
7.057557642456258051e-01,6.146540242199254322e-01,5.246136988024777681e-01,1.463570721892489823e-01,5.266382439581211994e-01,-5.911213654668665551e-01,1.181589309487307005e-01,-5.732757543418379731e-01,6.643143758534623133e-01,6.019896198838137202e-01,-2.396985832818706030e-01,2.794100081410541558e-01,9.101005041627927006e-02,3.436519501130105292e-01,2.319023648030586471e-01,7.035694811468305998e-01,-2.391940445645817093e-01,5.181737131743420210e-01,3.248437859307720110e-01,3.569224280763206303e-01,3.454375988859594293e-01,1.215654153071460547e-01,1.976995760694475190e-01,4.458072075961596603e-01,1.657734981384324235e-01,5.264565130723048991e-01,4.044776336978471720e-01,5.850040920076275963e-01,3.623497135976626038e-01,6.115007938709284829e-01,3.483575704188494604e-01,1.315959674397266799e-01,3.351470795123463464e-01,7.211166321029226500e-01,6.841608831772218180e-02,2.143239262161721337e-01,2.091436259094005268e-01,1.000000000000000000e+00,6.290469475442239666e-01
2.033441702398628426e-01,1.667195731618181520e-01,5.966784698568604606e-01,5.331180593188267203e-01,4.426950863123617075e-01,-4.478474920700906137e-01,-1.668071448004633528e-01,-5.263935895242756180e-01,7.582148526353115203e-01,4.641035006071311808e-01,-5.189390650899466939e-01,-4.902075316993149273e-02,-8.664211713362363065e-02,-1.465839878664683404e-01,-2.232725985019201054e-01,2.811261322355495529e-01,-5.209593687708113929e-01,5.071615504826516574e-01,4.011839525197406497e-01,2.243083906577433007e-01,4.280200419375184140e-01,5.519821511944908998e-01,-3.018211657981424989e-01,4.062944688424352524e-02,-3.163300602254705551e-01,1.360194415226280776e-02,-2.585687358487401624e-02,1.092225108787860666e-01,-1.878325205824207811e-01,6.199165308188956391e-01,1.274465519813381409e-01,-2.095114006006401075e-01,2.400141529126827156e-01,5.085874981915364801e-01,-4.030043443928396640e-01,-2.007850445427555863e-01,-2.865005028523965880e-01,6.290469475442239666e-01,1.000000000000000000e+00
