1.000000000000000000e+00,8.404519116593227590e-01,4.844178614501645774e-01,4.783794665971196625e-01,5.782586147354982220e-01,-1.178928906983529867e-01,2.369202367111865049e-01,-4.478313936912817761e-01,5.972203998261294000e-01,6.808483608288617983e-01,1.062123214671397281e-01,4.802525378755626573e-01,-3.832097196530103722e-01,5.759841651581552036e-01,2.328560798951627986e-01,6.144434850193665199e-01,-1.659371314610916248e-01,5.331433864610946038e-01,5.394574052836652589e-01,9.969237230852753817e-02,3.033117433358229476e-01,5.289594516436392224e-01,4.112080983466980255e-01,3.715498300186046987e-01,5.341741155945644026e-01,6.793576887934947850e-01,4.533590903133694616e-01,5.253505737083945526e-01,6.393339877654569126e-01,7.423441989521550877e-01,4.117520005731643007e-01,4.990213304376208137e-01,3.720520872987578831e-01,5.415846606987531064e-01,4.745492365309086913e-01,5.488991542670373924e-01,2.399626504075678124e-01,4.816136965570301243e-01,5.596208365539854235e-01
8.404519116593227590e-01,1.000000000000000000e+00,5.359175157700106773e-01,4.830103220768682815e-01,6.411173116051830378e-01,-1.260164471855877988e-01,3.005097072038825368e-01,-4.961069043134500589e-01,5.859053307571107094e-01,6.276080922466414913e-01,1.042126138784411349e-01,5.199195312121394075e-01,-4.528111444801065089e-01,6.614979804310739953e-01,2.602556789662547332e-01,5.943318950013524171e-01,-1.894273330472337757e-01,4.447289062970544715e-01,5.617688147564346979e-01,2.109628750566920966e-02,3.237962241827809784e-01,5.183115773693980355e-01,4.611445717469259131e-01,4.033749104062300250e-01,6.323060932967502490e-01,6.494523372979407183e-01,4.583165090732120306e-01,5.291218777450232835e-01,6.403514471608376946e-01,7.857785870062716782e-01,4.613556732948218553e-01,4.921241193098677691e-01,4.288395561496148867e-01,5.882181953333035507e-01,3.981935824129509971e-01,5.676902969890094131e-01,2.267580940105836662e-01,4.659000603656215378e-01,5.433645873498447187e-01
4.844178614501645774e-01,5.359175157700106773e-01,1.000000000000000000e+00,4.536104627839820380e-01,8.295160940235097868e-01,-2.235799864751010779e-01,3.581664036411152940e-01,-9.251915730340828370e-01,5.771903325437043319e-01,5.069134820003052821e-01,4.712647698052892936e-02,4.529599542848116167e-01,-5.365157395122075457e-01,6.242778348946291800e-01,3.812778636587643016e-02,6.266827655109545869e-01,-1.668083355405924340e-01,5.014596795502770377e-01,4.197919455888471374e-01,-4.077137144060153512e-02,5.847455148217640675e-01,6.877996737871597821e-01,3.510548441263874886e-01,3.524169637083713336e-01,5.128832238584927206e-01,5.167695857615905997e-01,4.735245088888888065e-01,5.180431563737045719e-01,2.961881232211630022e-01,6.969239879671406124e-01,6.081064123362154294e-01,2.415300686804731922e-01,5.388797426946524416e-01,7.764705411640608901e-01,1.156524228500168394e-01,3.524370503680373523e-01,-1.186637848406176116e-01,5.467276550056237028e-01,5.345517845281204661e-01
4.783794665971196625e-01,4.830103220768682815e-01,4.536104627839820380e-01,1.000000000000000000e+00,4.203883625245082301e-01,1.754477011570508907e-02,6.394525897443156248e-01,-3.847719007942957958e-01,3.481960639605590768e-01,5.636900276861145365e-01,4.259323863900670720e-02,4.917027803080139536e-01,-3.452386590756846840e-01,3.416174861802493967e-01,-5.458242629526971479e-02,4.612980571935689222e-01,-1.773399999769215696e-01,4.139375726786988507e-01,6.997148379210539337e-01,4.030828321562737182e-01,3.517000620263782684e-01,5.494195969534224622e-01,6.012524311329201510e-01,4.938370143859526218e-01,5.050947441462522169e-01,4.996359800882045898e-01,3.593243935840975678e-01,6.103464003468829224e-01,6.566034065264647612e-01,4.800445819209145371e-01,5.468694096205832800e-01,2.642140400077955253e-01,2.465478220387640473e-01,3.402184578256838843e-01,1.528966083320565106e-01,2.271218376575069309e-01,1.257352500702031972e-01,2.019888047527906016e-01,3.355205930445626095e-01
5.782586147354982220e-01,6.411173116051830378e-01,8.295160940235097868e-01,4.203883625245082301e-01,1.000000000000000000e+00,-1.975591379738079467e-01,2.942470330950220370e-01,-8.145451319821768177e-01,6.249355788776299603e-01,5.151513634378006579e-01,6.757939125652126511e-02,4.744772547455959888e-01,-5.166518223397816856e-01,6.900171111835242677e-01,8.471829177844399095e-02,5.746613935672654216e-01,-1.807317741426409385e-01,4.658843404631810570e-01,3.721232610350696524e-01,-7.837435405450422776e-02,4.802189286003501478e-01,6.684545878825915999e-01,3.790056190512496870e-01,3.578071126373025268e-01,5.318849078222841475e-01,4.851102932181281524e-01,4.643202167668005198e-01,4.893636698846687838e-01,3.472020561200216959e-01,7.053904930152234964e-01,5.631093406419018788e-01,2.852129484722202291e-01,5.154998645135567825e-01,8.578802581431826946e-01,1.995798345449401323e-01,4.034436511437763939e-01,-6.081945919562178893e-02,5.514095333200269566e-01,5.875713853276136600e-01
-1.178928906983529867e-01,-1.260164471855877988e-01,-2.235799864751010779e-01,1.754477011570508907e-02,-1.975591379738079467e-01,1.000000000000000000e+00,1.976546446823234660e-01,2.125327237777622780e-01,-6.210963929362518510e-01,2.385777294222535261e-01,4.523206736197842304e-01,-5.291661233402945586e-01,-1.803738013822521746e-01,-1.063937043288610274e-01,-4.655280898490585240e-01,1.776662890091069424e-01,7.752835608884608432e-01,-2.800048059959033830e-01,-1.807916696299653458e-01,3.246871423814884361e-01,-2.923073641526344191e-01,-4.028336141418547012e-01,5.598301354754593451e-01,1.483301555439264230e-01,2.722945546120559279e-01,1.790482014383008580e-01,2.897539844901113049e-01,3.685212017205262702e-01,2.059986851787760087e-01,-2.150534976934784237e-01,2.577457922080402808e-01,3.822438628669998506e-01,-1.270221118508582658e-01,-3.730106325115237209e-01,3.058471399452922235e-01,-2.063901713554739115e-01,5.959527448662097493e-01,-4.821105077756098201e-01,-5.192807279963824740e-01
2.369202367111865049e-01,3.005097072038825368e-01,3.581664036411152940e-01,6.394525897443156248e-01,2.942470330950220370e-01,1.976546446823234660e-01,1.000000000000000000e+00,-3.392222666354767213e-01,-2.055721017943002230e-02,4.312533407410722441e-01,2.439274570550096222e-01,1.143533770076412825e-01,-4.795432016856115420e-01,1.604504521000347239e-01,-3.287064205534257488e-01,2.551939773088713892e-01,8.590768796152590397e-03,7.236654220537779014e-02,4.167138977706049130e-01,3.181646572717969357e-01,2.838312120286959339e-01,2.800068833328407392e-01,5.457544206655233765e-01,3.346186045934322895e-01,3.930475242930994151e-01,3.333710429651335905e-01,2.958447829857054345e-01,5.389965566050192169e-01,4.415454418411864368e-01,2.914113698934931440e-01,6.507372270382049129e-01,8.740737524034236650e-02,-2.625190843416403200e-02,1.342618375073179326e-01,7.644015922071711617e-04,-2.941034338943101026e-02,-2.226505686280212670e-02,-1.039857446313215139e-01,-2.603972496628904204e-02
-4.478313936912817761e-01,-4.961069043134500589e-01,-9.251915730340828370e-01,-3.847719007942957958e-01,-8.145451319821768177e-01,2.125327237777622780e-01,-3.392222666354767213e-01,1.000000000000000000e+00,-5.394846084236902817e-01,-4.486814223324170348e-01,-2.510969510230764631e-02,-3.985519545866758606e-01,5.261002423178594567e-01,-6.225491319592226791e-01,-3.302354075240492709e-02,-5.943561629879626773e-01,1.384207859320609746e-01,-4.671887730539779349e-01,-3.505411522212998898e-01,1.085925301323295011e-01,-4.966845890460979129e-01,-6.423721945860993987e-01,-3.249647166182484392e-01,-3.286125252335904134e-01,-4.935642270838546675e-01,-4.770309065723245534e-01,-4.036999034265304487e-01,-4.517115303171086449e-01,-2.430581502539940209e-01,-6.683786438795361606e-01,-5.522512899816091059e-01,-2.261136253216775860e-01,-5.416109945654006275e-01,-7.653859624491278213e-01,-9.270516849033406948e-02,-2.960402123249891160e-01,1.438012547167105970e-01,-5.254680856729183613e-01,-4.836381672240653296e-01
5.972203998261294000e-01,5.859053307571107094e-01,5.771903325437043319e-01,3.481960639605590768e-01,6.249355788776299603e-01,-6.210963929362518510e-01,-2.055721017943002230e-02,-5.394846084236902817e-01,1.000000000000000000e+00,3.037820806186853906e-01,-2.609752142703822275e-01,7.402616175578595747e-01,-1.586787721867107259e-01,5.960447918635123354e-01,5.102720146696319015e-01,3.948286332501803608e-01,-4.862558642448548407e-01,6.803783538783415574e-01,4.943736209046213914e-01,-1.475487471758290536e-01,3.858704065036683284e-01,7.395494885732738499e-01,2.679765768872971812e-02,2.696165976678461251e-01,2.492115172195949746e-01,3.629557994391246489e-01,1.698721171410634279e-01,1.632400820867140889e-01,2.921119939627631612e-01,6.641988063229017358e-01,1.349392460769496260e-01,1.640359769110946719e-01,5.159221559702493742e-01,7.465592864855230548e-01,7.827793030563581778e-02,5.215338642633504662e-01,-1.952266614631859298e-01,7.625010893657475641e-01,8.150773758167191296e-01
6.808483608288617983e-01,6.276080922466414913e-01,5.069134820003052821e-01,5.636900276861145365e-01,5.151513634378006579e-01,2.385777294222535261e-01,4.312533407410722441e-01,-4.486814223324170348e-01,3.037820806186853906e-01,1.000000000000000000e+00,3.156840042126394241e-01,2.459375074321332733e-01,-5.669138893638597798e-01,4.969168437760161372e-01,-2.190138943146332506e-01,7.714577651386844703e-01,9.339465275331390592e-02,4.513976440092945519e-01,4.685079608123726702e-01,2.498116546056103060e-01,3.777009304549016067e-01,4.576379868968435405e-01,6.712632907065489984e-01,4.653180329157818318e-01,6.163343296567010965e-01,6.455993358993249442e-01,5.906924052356234967e-01,7.453322648314708587e-01,6.485065105068362756e-01,6.542825527900514304e-01,6.569948864577618286e-01,5.180855463931302030e-01,2.922095509769810362e-01,4.124812382896925200e-01,4.330539438653245865e-01,4.389172604823199930e-01,3.412285851591284058e-01,2.998014778117269463e-01,3.432869028922179155e-01
1.062123214671397281e-01,1.042126138784411349e-01,4.712647698052892936e-02,4.259323863900670720e-02,6.757939125652126511e-02,4.523206736197842304e-01,2.439274570550096222e-01,-2.510969510230764631e-02,-2.609752142703822275e-01,3.156840042126394241e-01,1.000000000000000000e+00,-2.032718640084449913e-01,-3.230663038896037786e-01,9.259244237586874982e-02,-2.638838652798898288e-01,2.149358017559978296e-01,5.132961948105232430e-01,-1.904418884551678237e-01,-1.364319027015608310e-01,3.552601337178313418e-02,2.023721826327893325e-01,-9.617473395090178623e-02,2.899303785951303780e-01,9.637609206380556848e-02,1.914261463350528658e-01,2.494676340211260668e-01,2.924873810615026271e-01,3.195557055976537275e-01,2.291874148024017344e-01,2.575019829541765407e-02,3.841091952894979400e-01,4.068326558796089842e-01,-8.908899213010403051e-02,-6.516666146797814307e-02,6.044471833680657713e-02,2.842320254481454228e-02,1.778227804510064680e-01,-2.897164058078280924e-01,-2.537845724648995493e-01
4.802525378755626573e-01,5.199195312121394075e-01,4.529599542848116167e-01,4.917027803080139536e-01,4.744772547455959888e-01,-5.291661233402945586e-01,1.143533770076412825e-01,-3.985519545866758606e-01,7.402616175578595747e-01,2.459375074321332733e-01,-2.032718640084449913e-01,1.000000000000000000e+00,-1.799154328877581588e-01,5.084246218845200893e-01,5.972990936611670687e-01,2.776675774446057954e-01,-5.565821467027223246e-01,6.201892977397663875e-01,5.924037937868192882e-01,8.454737491641584057e-02,4.428877252635793349e-01,7.258009723130036672e-01,1.011045315661366489e-01,2.966961075941743631e-01,1.654394273283853745e-01,4.069932145608751162e-01,2.364031843805227961e-01,2.531184570608597251e-01,3.758675783066317555e-01,4.673482391610261355e-01,2.252926177867913826e-01,1.881039063586872340e-01,4.520831811996546823e-01,5.938477799197198204e-01,-4.083582774132157867e-02,4.813192015776680543e-01,-1.407578251709695472e-01,5.278092385040008550e-01,7.217939334000115226e-01
-3.832097196530103722e-01,-4.528111444801065089e-01,-5.365157395122075457e-01,-3.452386590756846840e-01,-5.166518223397816856e-01,-1.803738013822521746e-01,-4.795432016856115420e-01,5.261002423178594567e-01,-1.586787721867107259e-01,-5.669138893638597798e-01,-3.230663038896037786e-01,-1.799154328877581588e-01,1.000000000000000000e+00,-5.160344200013964322e-01,2.279199194187306043e-01,-4.910023536777153863e-01,-1.060194774534896772e-01,-2.476637889792106528e-01,-2.685856313067623291e-01,-1.645352094165656864e-01,-3.887129845854360721e-01,-3.729092570467061329e-01,-5.452561213287985264e-01,-3.867365518484013331e-01,-3.860514103963038068e-01,-5.463582365342848357e-01,-4.768490361945559308e-01,-6.069921402001587918e-01,-3.276193461591884737e-01,-5.102185035745707697e-01,-7.164133669813280703e-01,-3.914400430588493296e-01,-2.432752361904268745e-01,-3.857060505760044888e-01,-3.265297974942683173e-02,-2.090853685912988924e-01,-5.734311367427450540e-02,-1.232510682999832657e-01,-1.144188039890780273e-01
5.759841651581552036e-01,6.614979804310739953e-01,6.242778348946291800e-01,3.416174861802493967e-01,6.900171111835242677e-01,-1.063937043288610274e-01,1.604504521000347239e-01,-6.225491319592226791e-01,5.960447918635123354e-01,4.969168437760161372e-01,9.259244237586874982e-02,5.084246218845200893e-01,-5.160344200013964322e-01,1.000000000000000000e+00,2.573893692872893380e-01,6.127394949848220529e-01,-5.179257530998115922e-02,5.772482789321372598e-01,4.307609713680874974e-01,-1.324863998107122520e-01,2.692762624031322938e-01,5.664016094299638704e-01,4.747343840646752744e-01,6.346333027833228613e-01,5.379917354269555529e-01,5.742387704736980902e-01,3.595924375763067671e-01,4.458834046247136529e-01,4.851429849325775145e-01,7.067336967443437201e-01,3.972203168788855376e-01,5.626853356272593087e-01,6.172123558607716109e-01,6.687254641042220671e-01,1.680850629858242351e-01,4.727529500677013496e-01,1.823736262506866213e-01,5.046436579685225077e-01,5.056448841732126276e-01
2.328560798951627986e-01,2.602556789662547332e-01,3.812778636587643016e-02,-5.458242629526971479e-02,8.471829177844399095e-02,-4.655280898490585240e-01,-3.287064205534257488e-01,-3.302354075240492709e-02,5.102720146696319015e-01,-2.190138943146332506e-01,-2.638838652798898288e-01,5.972990936611670687e-01,2.279199194187306043e-01,2.573893692872893380e-01,1.000000000000000000e+00,-1.432286163349607601e-02,-3.154204944762055707e-01,3.275196256290923702e-01,2.585562124183842236e-01,-1.315658751999883858e-01,-1.608835817478676544e-02,2.287503047296582936e-01,-2.933719168611470529e-01,-5.597637217944579496e-02,-1.220737071832610210e-01,1.411709806445093085e-01,-1.102151684489590111e-01,-2.591449173433658104e-01,3.891244731043358440e-02,1.087054460451590404e-01,-3.596948893111962531e-01,1.527649925472567838e-01,2.466842236660322096e-01,2.091095791414520066e-01,-2.777253548930989566e-02,3.806286989897367246e-01,-5.148431602005545948e-02,3.095525589491575635e-01,4.648579081696365689e-01
6.144434850193665199e-01,5.943318950013524171e-01,6.266827655109545869e-01,4.612980571935689222e-01,5.746613935672654216e-01,1.776662890091069424e-01,2.551939773088713892e-01,-5.943561629879626773e-01,3.948286332501803608e-01,7.714577651386844703e-01,2.149358017559978296e-01,2.776675774446057954e-01,-4.910023536777153863e-01,6.127394949848220529e-01,-1.432286163349607601e-02,1.000000000000000000e+00,1.976231985365577704e-01,5.847656179839761936e-01,4.558350204266701788e-01,9.170180330264425528e-02,3.402546280768068976e-01,4.856760341380209067e-01,6.192952885414093611e-01,4.161178572640594209e-01,6.972724122031472849e-01,6.952618389644226182e-01,5.371880997535118940e-01,6.858266009465228130e-01,4.913383060154266069e-01,6.964496418886690909e-01,5.056017500925362729e-01,5.432423504957997196e-01,4.954750991919786296e-01,5.003761576775538344e-01,3.956118361543205508e-01,5.078348798700558220e-01,2.997677383626806691e-01,4.858551892565134422e-01,3.882835862325723641e-01
-1.659371314610916248e-01,-1.894273330472337757e-01,-1.668083355405924340e-01,-1.773399999769215696e-01,-1.807317741426409385e-01,7.752835608884608432e-01,8.590768796152590397e-03,1.384207859320609746e-01,-4.862558642448548407e-01,9.339465275331390592e-02,5.132961948105232430e-01,-5.565821467027223246e-01,-1.060194774534896772e-01,-5.179257530998115922e-02,-3.154204944762055707e-01,1.976231985365577704e-01,1.000000000000000000e+00,-2.700198606085645325e-01,-3.015089367797300079e-01,1.051826666438870211e-01,-3.016860773616741875e-01,-4.217522704436921788e-01,3.606724533256830956e-01,7.765936333170551931e-02,2.424365165223540119e-01,1.148399456931417373e-01,1.263013202309259952e-01,1.629950652331344230e-01,1.605005016663676662e-02,-1.879057514566938869e-01,9.144004933919323841e-02,3.408987001557339802e-01,-5.651229228546965355e-02,-2.986462568779496562e-01,2.209624068586123480e-01,-2.343614967834942442e-01,4.182725895853402487e-01,-3.371619871180696060e-01,-4.835885407498167199e-01
5.331433864610946038e-01,4.447289062970544715e-01,5.014596795502770377e-01,4.139375726786988507e-01,4.658843404631810570e-01,-2.800048059959033830e-01,7.236654220537779014e-02,-4.671887730539779349e-01,6.803783538783415574e-01,4.513976440092945519e-01,-1.904418884551678237e-01,6.201892977397663875e-01,-2.476637889792106528e-01,5.772482789321372598e-01,3.275196256290923702e-01,5.847656179839761936e-01,-2.700198606085645325e-01,1.000000000000000000e+00,5.952993419176279000e-01,2.038388830940556992e-02,2.542364471171449369e-01,6.338779666098317556e-01,3.091293064558344184e-01,3.814114224361876970e-01,3.368389174983884016e-01,5.540663101970516591e-01,2.952679843159809470e-01,4.441847114960199572e-01,4.088916930155633844e-01,5.625743486722796227e-01,2.125820390288227224e-01,3.312134458919213098e-01,4.764699492460263142e-01,5.385609086806587564e-01,1.466516038282321133e-01,5.241882878128042433e-01,5.454545901207725339e-02,7.528348111601876891e-01,6.992893066333595309e-01
5.394574052836652589e-01,5.617688147564346979e-01,4.197919455888471374e-01,6.997148379210539337e-01,3.721232610350696524e-01,-1.807916696299653458e-01,4.167138977706049130e-01,-3.505411522212998898e-01,4.943736209046213914e-01,4.685079608123726702e-01,-1.364319027015608310e-01,5.924037937868192882e-01,-2.685856313067623291e-01,4.307609713680874974e-01,2.585562124183842236e-01,4.558350204266701788e-01,-3.015089367797300079e-01,5.952993419176279000e-01,1.000000000000000000e+00,1.810872487853052437e-01,2.553967744262642947e-01,4.811649076744682896e-01,4.319361788373084488e-01,4.059577438610086353e-01,4.825800953080834899e-01,4.701522614730831995e-01,2.178473763063638602e-01,4.755444029465117350e-01,5.522604401735468072e-01,5.401416453472640544e-01,3.370540251347947103e-01,2.179239748219981843e-01,1.723940201992459342e-01,2.935887906698584349e-01,9.674554484640110474e-02,3.751961640398409625e-01,2.314038074070195669e-02,3.325663605547640178e-01,4.540957415843541178e-01
9.969237230852753817e-02,2.109628750566920966e-02,-4.077137144060153512e-02,4.030828321562737182e-01,-7.837435405450422776e-02,3.246871423814884361e-01,3.181646572717969357e-01,1.085925301323295011e-01,-1.475487471758290536e-01,2.498116546056103060e-01,3.552601337178313418e-02,8.454737491641584057e-02,-1.645352094165656864e-01,-1.324863998107122520e-01,-1.315658751999883858e-01,9.170180330264425528e-02,1.051826666438870211e-01,2.038388830940556992e-02,1.810872487853052437e-01,1.000000000000000000e+00,1.400050294379833193e-01,1.121243460024306943e-01,3.410287773956710566e-01,1.756517548417808050e-01,5.211695060804088370e-02,1.964081477289234823e-01,3.434475095956084911e-01,3.558682901998994064e-01,1.861116789600885391e-01,-3.647906462375054976e-02,3.316025769861547512e-01,1.095388310434945583e-01,-7.898726567585612202e-02,-1.182835668718476146e-01,1.574116588614168089e-01,-1.152322261227821942e-01,1.957165617597632357e-01,-1.910974763321964531e-01,-1.328676183407221517e-02
3.033117433358229476e-01,3.237962241827809784e-01,5.847455148217640675e-01,3.517000620263782684e-01,4.802189286003501478e-01,-2.923073641526344191e-01,2.838312120286959339e-01,-4.966845890460979129e-01,3.858704065036683284e-01,3.777009304549016067e-01,2.023721826327893325e-01,4.428877252635793349e-01,-3.887129845854360721e-01,2.692762624031322938e-01,-1.608835817478676544e-02,3.402546280768068976e-01,-3.016860773616741875e-01,2.542364471171449369e-01,2.553967744262642947e-01,1.400050294379833193e-01,1.000000000000000000e+00,5.871436736048261107e-01,1.009233733187267917e-01,9.349425421198405417e-02,1.645591611125601927e-01,3.265818592389683750e-01,3.814142584539406133e-01,4.008627803799852951e-01,2.034550289491090791e-01,4.188110806894415061e-01,5.423952658016210071e-01,9.285502614005376743e-02,2.897234805402305047e-01,4.840711839530514871e-01,-7.201701888384921639e-03,3.481374753708391112e-01,-2.012896374675487710e-01,2.417987962915532640e-01,3.466779095995434767e-01
5.289594516436392224e-01,5.183115773693980355e-01,6.877996737871597821e-01,5.494195969534224622e-01,6.684545878825915999e-01,-4.028336141418547012e-01,2.800068833328407392e-01,-6.423721945860993987e-01,7.395494885732738499e-01,4.576379868968435405e-01,-9.617473395090178623e-02,7.258009723130036672e-01,-3.729092570467061329e-01,5.664016094299638704e-01,2.287503047296582936e-01,4.856760341380209067e-01,-4.217522704436921788e-01,6.338779666098317556e-01,4.811649076744682896e-01,1.121243460024306943e-01,5.871436736048261107e-01,1.000000000000000000e+00,2.663585574737395434e-01,3.923878549665903992e-01,3.180948343522387312e-01,4.896138846898879238e-01,4.034873565944943063e-01,4.638925158759935052e-01,3.780083608543656770e-01,6.508406890983773341e-01,4.767484792585318654e-01,1.884266803057665085e-01,6.067658256747003875e-01,7.732686647934758906e-01,5.278410682803912762e-02,3.851626341179431035e-01,-1.766865349409346975e-01,6.274887739854683177e-01,6.965261508112672306e-01
4.112080983466980255e-01,4.611445717469259131e-01,3.510548441263874886e-01,6.012524311329201510e-01,3.790056190512496870e-01,5.598301354754593451e-01,5.457544206655233765e-01,-3.249647166182484392e-01,2.679765768872971812e-02,6.712632907065489984e-01,2.899303785951303780e-01,1.011045315661366489e-01,-5.452561213287985264e-01,4.747343840646752744e-01,-2.933719168611470529e-01,6.192952885414093611e-01,3.606724533256830956e-01,3.091293064558344184e-01,4.319361788373084488e-01,3.410287773956710566e-01,1.009233733187267917e-01,2.663585574737395434e-01,1.000000000000000000e+00,6.110730803602483219e-01,7.171747433940819372e-01,6.071083392287714986e-01,5.440223299624568076e-01,7.894879511450229037e-01,6.703287830754265375e-01,4.380941669643145242e-01,6.308265357258718842e-01,5.481961172691519613e-01,3.039488410033228116e-01,2.311808366449841501e-01,3.211807025274229788e-01,1.510418781726536874e-01,4.839639283898444777e-01,8.291705172704785798e-02,7.375123327019411645e-02
3.715498300186046987e-01,4.033749104062300250e-01,3.524169637083713336e-01,4.938370143859526218e-01,3.578071126373025268e-01,1.483301555439264230e-01,3.346186045934322895e-01,-3.286125252335904134e-01,2.696165976678461251e-01,4.653180329157818318e-01,9.637609206380556848e-02,2.966961075941743631e-01,-3.867365518484013331e-01,6.346333027833228613e-01,-5.597637217944579496e-02,4.161178572640594209e-01,7.765936333170551931e-02,3.814114224361876970e-01,4.059577438610086353e-01,1.756517548417808050e-01,9.349425421198405417e-02,3.923878549665903992e-01,6.110730803602483219e-01,1.000000000000000000e+00,4.314493626527391990e-01,4.516284863654733694e-01,3.917127815198540586e-01,4.898813193047318881e-01,5.583579706563431833e-01,4.664305231270315377e-01,4.015263430470339401e-01,4.624855213095739881e-01,3.698341812362050951e-01,3.410906097410079107e-01,1.100161218138098335e-01,5.020454397419497894e-02,3.221466269669386873e-01,2.382126696526567222e-01,2.862119365239330637e-01
5.341741155945644026e-01,6.323060932967502490e-01,5.128832238584927206e-01,5.050947441462522169e-01,5.318849078222841475e-01,2.722945546120559279e-01,3.930475242930994151e-01,-4.935642270838546675e-01,2.492115172195949746e-01,6.163343296567010965e-01,1.914261463350528658e-01,1.654394273283853745e-01,-3.860514103963038068e-01,5.379917354269555529e-01,-1.220737071832610210e-01,6.972724122031472849e-01,2.424365165223540119e-01,3.368389174983884016e-01,4.825800953080834899e-01,5.211695060804088370e-02,1.645591611125601927e-01,3.180948343522387312e-01,7.171747433940819372e-01,4.314493626527391990e-01,1.000000000000000000e+00,5.396815976896118805e-01,4.357375336841383118e-01,6.392474376483431309e-01,5.693607060149803445e-01,6.145317308359986574e-01,5.156524976721483799e-01,4.017093856897232529e-01,3.947989589245208819e-01,4.326257612565251875e-01,4.678468796100452853e-01,2.876640960892892784e-01,3.274538797665529355e-01,3.302770931875592120e-01,2.568782153966490678e-01
6.793576887934947850e-01,6.494523372979407183e-01,5.167695857615905997e-01,4.996359800882045898e-01,4.851102932181281524e-01,1.790482014383008580e-01,3.333710429651335905e-01,-4.770309065723245534e-01,3.629557994391246489e-01,6.455993358993249442e-01,2.494676340211260668e-01,4.069932145608751162e-01,-5.463582365342848357e-01,5.742387704736980902e-01,1.411709806445093085e-01,6.952618389644226182e-01,1.148399456931417373e-01,5.540663101970516591e-01,4.701522614730831995e-01,1.964081477289234823e-01,3.265818592389683750e-01,4.896138846898879238e-01,6.071083392287714986e-01,4.516284863654733694e-01,5.396815976896118805e-01,1.000000000000000000e+00,6.586573358080675122e-01,7.285916898889671645e-01,6.404799052274225968e-01,5.926057696291892052e-01,5.695756172734071088e-01,6.882452495099593559e-01,4.916034578159733659e-01,4.270708854010948352e-01,3.783813621453934184e-01,5.061209741723221578e-01,4.089496616874039869e-01,3.473323534148848868e-01,3.826771829534348357e-01
4.533590903133694616e-01,4.583165090732120306e-01,4.735245088888888065e-01,3.593243935840975678e-01,4.643202167668005198e-01,2.897539844901113049e-01,2.958447829857054345e-01,-4.036999034265304487e-01,1.698721171410634279e-01,5.906924052356234967e-01,2.924873810615026271e-01,2.364031843805227961e-01,-4.768490361945559308e-01,3.595924375763067671e-01,-1.102151684489590111e-01,5.371880997535118940e-01,1.263013202309259952e-01,2.952679843159809470e-01,2.178473763063638602e-01,3.434475095956084911e-01,3.814142584539406133e-01,4.034873565944943063e-01,5.440223299624568076e-01,3.917127815198540586e-01,4.357375336841383118e-01,6.586573358080675122e-01,1.000000000000000000e+00,7.316291959471883377e-01,3.842447464815045288e-01,3.783020983820717387e-01,6.926936699631203176e-01,5.035584319738655168e-01,3.883802078132268520e-01,4.003981166893575971e-01,3.391915157964567329e-01,2.896767541369302257e-01,3.913124808018630385e-01,2.296953212503753394e-01,3.678851078166006094e-01
5.253505737083945526e-01,5.291218777450232835e-01,5.180431563737045719e-01,6.103464003468829224e-01,4.893636698846687838e-01,3.685212017205262702e-01,5.389965566050192169e-01,-4.517115303171086449e-01,1.632400820867140889e-01,7.453322648314708587e-01,3.195557055976537275e-01,2.531184570608597251e-01,-6.069921402001587918e-01,4.458834046247136529e-01,-2.591449173433658104e-01,6.858266009465228130e-01,1.629950652331344230e-01,4.441847114960199572e-01,4.755444029465117350e-01,3.558682901998994064e-01,4.008627803799852951e-01,4.638925158759935052e-01,7.894879511450229037e-01,4.898813193047318881e-01,6.392474376483431309e-01,7.285916898889671645e-01,7.316291959471883377e-01,1.000000000000000000e+00,6.064798046472196225e-01,5.045628434891927805e-01,8.037288663020393242e-01,4.855060762232168980e-01,3.657270752089393229e-01,3.856608765806411876e-01,3.310752786935594050e-01,3.189499541750352996e-01,3.413767092412777759e-01,2.416867387419092128e-01,2.430132495331504272e-01
6.393339877654569126e-01,6.403514471608376946e-01,2.961881232211630022e-01,6.566034065264647612e-01,3.472020561200216959e-01,2.059986851787760087e-01,4.415454418411864368e-01,-2.430581502539940209e-01,2.921119939627631612e-01,6.485065105068362756e-01,2.291874148024017344e-01,3.758675783066317555e-01,-3.276193461591884737e-01,4.851429849325775145e-01,3.891244731043358440e-02,4.913383060154266069e-01,1.605005016663676662e-02,4.088916930155633844e-01,5.522604401735468072e-01,1.861116789600885391e-01,2.034550289491090791e-01,3.780083608543656770e-01,6.703287830754265375e-01,5.583579706563431833e-01,5.693607060149803445e-01,6.404799052274225968e-01,3.842447464815045288e-01,6.064798046472196225e-01,1.000000000000000000e+00,5.194869934855835814e-01,4.455565138215025200e-01,5.885979755914599876e-01,2.926721351731494392e-01,2.695867397464570270e-01,4.101248760622276945e-01,3.793910683399346895e-01,5.092394154564248154e-01,1.795207216772460590e-01,3.033821648384152914e-01
7.423441989521550877e-01,7.857785870062716782e-01,6.969239879671406124e-01,4.800445819209145371e-01,7.053904930152234964e-01,-2.150534976934784237e-01,2.914113698934931440e-01,-6.683786438795361606e-01,6.641988063229017358e-01,6.542825527900514304e-01,2.575019829541765407e-02,4.673482391610261355e-01,-5.102185035745707697e-01,7.067336967443437201e-01,1.087054460451590404e-01,6.964496418886690909e-01,-1.879057514566938869e-01,5.625743486722796227e-01,5.401416453472640544e-01,-3.647906462375054976e-02,4.188110806894415061e-01,6.508406890983773341e-01,4.380941669643145242e-01,4.664305231270315377e-01,6.145317308359986574e-01,5.926057696291892052e-01,3.783020983820717387e-01,5.045628434891927805e-01,5.194869934855835814e-01,1.000000000000000000e+00,4.575474633640075894e-01,3.819820026271704139e-01,5.036683646866592090e-01,6.838521873759529912e-01,2.511822178438373743e-01,4.986317879390144703e-01,2.735104882975558996e-02,6.054852235709533570e-01,5.580644558383417442e-01
4.117520005731643007e-01,4.613556732948218553e-01,6.081064123362154294e-01,5.468694096205832800e-01,5.631093406419018788e-01,2.577457922080402808e-01,6.507372270382049129e-01,-5.522512899816091059e-01,1.349392460769496260e-01,6.569948864577618286e-01,3.841091952894979400e-01,2.252926177867913826e-01,-7.164133669813280703e-01,3.972203168788855376e-01,-3.596948893111962531e-01,5.056017500925362729e-01,9.144004933919323841e-02,2.125820390288227224e-01,3.370540251347947103e-01,3.316025769861547512e-01,5.423952658016210071e-01,4.767484792585318654e-01,6.308265357258718842e-01,4.015263430470339401e-01,5.156524976721483799e-01,5.695756172734071088e-01,6.926936699631203176e-01,8.037288663020393242e-01,4.455565138215025200e-01,4.575474633640075894e-01,1.000000000000000000e+00,3.230071085289441535e-01,2.913523007317243563e-01,4.442125966110202495e-01,1.815993533752078282e-01,1.724397240069716064e-01,1.311060674844737317e-01,9.736686757109280776e-02,1.794194822079342999e-01
4.990213304376208137e-01,4.921241193098677691e-01,2.415300686804731922e-01,2.642140400077955253e-01,2.852129484722202291e-01,3.822438628669998506e-01,8.740737524034236650e-02,-2.261136253216775860e-01,1.640359769110946719e-01,5.180855463931302030e-01,4.068326558796089842e-01,1.881039063586872340e-01,-3.914400430588493296e-01,5.626853356272593087e-01,1.527649925472567838e-01,5.432423504957997196e-01,3.408987001557339802e-01,3.312134458919213098e-01,2.179239748219981843e-01,1.095388310434945583e-01,9.285502614005376743e-02,1.884266803057665085e-01,5.481961172691519613e-01,4.624855213095739881e-01,4.017093856897232529e-01,6.882452495099593559e-01,5.035584319738655168e-01,4.855060762232168980e-01,5.885979755914599876e-01,3.819820026271704139e-01,3.230071085289441535e-01,1.000000000000000000e+00,4.058221546266945201e-01,1.946007939347658144e-01,3.117207819787391476e-01,4.377391005879688879e-01,6.269554069980807220e-01,9.766393471152780281e-02,1.537210804870597081e-01
3.720520872987578831e-01,4.288395561496148867e-01,5.388797426946524416e-01,2.465478220387640473e-01,5.154998645135567825e-01,-1.270221118508582658e-01,-2.625190843416403200e-02,-5.416109945654006275e-01,5.159221559702493742e-01,2.922095509769810362e-01,-8.908899213010403051e-02,4.520831811996546823e-01,-2.432752361904268745e-01,6.172123558607716109e-01,2.466842236660322096e-01,4.954750991919786296e-01,-5.651229228546965355e-02,4.764699492460263142e-01,1.723940201992459342e-01,-7.898726567585612202e-02,2.897234805402305047e-01,6.067658256747003875e-01,3.039488410033228116e-01,3.698341812362050951e-01,3.947989589245208819e-01,4.916034578159733659e-01,3.883802078132268520e-01,3.657270752089393229e-01,2.926721351731494392e-01,5.036683646866592090e-01,2.913523007317243563e-01,4.058221546266945201e-01,1.000000000000000000e+00,6.430367084901204011e-01,1.619423104817622194e-01,3.485905981627254735e-01,1.841093080416015548e-01,5.366052124022664405e-01,4.854347461078202253e-01
5.415846606987531064e-01,5.882181953333035507e-01,7.764705411640608901e-01,3.402184578256838843e-01,8.578802581431826946e-01,-3.730106325115237209e-01,1.342618375073179326e-01,-7.653859624491278213e-01,7.465592864855230548e-01,4.124812382896925200e-01,-6.516666146797814307e-02,5.938477799197198204e-01,-3.857060505760044888e-01,6.687254641042220671e-01,2.091095791414520066e-01,5.003761576775538344e-01,-2.986462568779496562e-01,5.385609086806587564e-01,2.935887906698584349e-01,-1.182835668718476146e-01,4.840711839530514871e-01,7.732686647934758906e-01,2.311808366449841501e-01,3.410906097410079107e-01,4.326257612565251875e-01,4.270708854010948352e-01,4.003981166893575971e-01,3.856608765806411876e-01,2.695867397464570270e-01,6.838521873759529912e-01,4.442125966110202495e-01,1.946007939347658144e-01,6.430367084901204011e-01,1.000000000000000000e+00,1.620077317197309852e-01,3.773400295020751249e-01,-1.503238886420439069e-01,7.094756845983790638e-01,7.137959274135393661e-01
4.745492365309086913e-01,3.981935824129509971e-01,1.156524228500168394e-01,1.528966083320565106e-01,1.995798345449401323e-01,3.058471399452922235e-01,7.644015922071711617e-04,-9.270516849033406948e-02,7.827793030563581778e-02,4.330539438653245865e-01,6.044471833680657713e-02,-4.083582774132157867e-02,-3.265297974942683173e-02,1.680850629858242351e-01,-2.777253548930989566e-02,3.956118361543205508e-01,2.209624068586123480e-01,1.466516038282321133e-01,9.674554484640110474e-02,1.574116588614168089e-01,-7.201701888384921639e-03,5.278410682803912762e-02,3.211807025274229788e-01,1.100161218138098335e-01,4.678468796100452853e-01,3.783813621453934184e-01,3.391915157964567329e-01,3.310752786935594050e-01,4.101248760622276945e-01,2.511822178438373743e-01,1.815993533752078282e-01,3.117207819787391476e-01,1.619423104817622194e-01,1.620077317197309852e-01,1.000000000000000000e+00,2.427789463811597381e-01,5.508920417442203510e-01,1.531712603680526474e-01,1.671843045484320278e-01
5.488991542670373924e-01,5.676902969890094131e-01,3.524370503680373523e-01,2.271218376575069309e-01,4.034436511437763939e-01,-2.063901713554739115e-01,-2.941034338943101026e-02,-2.960402123249891160e-01,5.215338642633504662e-01,4.389172604823199930e-01,2.842320254481454228e-02,4.813192015776680543e-01,-2.090853685912988924e-01,4.727529500677013496e-01,3.806286989897367246e-01,5.078348798700558220e-01,-2.343614967834942442e-01,5.241882878128042433e-01,3.751961640398409625e-01,-1.152322261227821942e-01,3.481374753708391112e-01,3.851626341179431035e-01,1.510418781726536874e-01,5.020454397419497894e-02,2.876640960892892784e-01,5.061209741723221578e-01,2.896767541369302257e-01,3.189499541750352996e-01,3.793910683399346895e-01,4.986317879390144703e-01,1.724397240069716064e-01,4.377391005879688879e-01,3.485905981627254735e-01,3.773400295020751249e-01,2.427789463811597381e-01,1.000000000000000000e+00,1.567469295910631499e-01,4.248507344310973877e-01,4.658697330109299872e-01
2.399626504075678124e-01,2.267580940105836662e-01,-1.186637848406176116e-01,1.257352500702031972e-01,-6.081945919562178893e-02,5.959527448662097493e-01,-2.226505686280212670e-02,1.438012547167105970e-01,-1.952266614631859298e-01,3.412285851591284058e-01,1.778227804510064680e-01,-1.407578251709695472e-01,-5.734311367427450540e-02,1.823736262506866213e-01,-5.148431602005545948e-02,2.997677383626806691e-01,4.182725895853402487e-01,5.454545901207725339e-02,2.314038074070195669e-02,1.957165617597632357e-01,-2.012896374675487710e-01,-1.766865349409346975e-01,4.839639283898444777e-01,3.221466269669386873e-01,3.274538797665529355e-01,4.089496616874039869e-01,3.913124808018630385e-01,3.413767092412777759e-01,5.092394154564248154e-01,2.735104882975558996e-02,1.311060674844737317e-01,6.269554069980807220e-01,1.841093080416015548e-01,-1.503238886420439069e-01,5.508920417442203510e-01,1.567469295910631499e-01,1.000000000000000000e+00,-1.238075099661721107e-01,-3.657308347250244618e-02
4.816136965570301243e-01,4.659000603656215378e-01,5.467276550056237028e-01,2.019888047527906016e-01,5.514095333200269566e-01,-4.821105077756098201e-01,-1.039857446313215139e-01,-5.254680856729183613e-01,7.625010893657475641e-01,2.998014778117269463e-01,-2.897164058078280924e-01,5.278092385040008550e-01,-1.232510682999832657e-01,5.046436579685225077e-01,3.095525589491575635e-01,4.858551892565134422e-01,-3.371619871180696060e-01,7.528348111601876891e-01,3.325663605547640178e-01,-1.910974763321964531e-01,2.417987962915532640e-01,6.274887739854683177e-01,8.291705172704785798e-02,2.382126696526567222e-01,3.302770931875592120e-01,3.473323534148848868e-01,2.296953212503753394e-01,2.416867387419092128e-01,1.795207216772460590e-01,6.054852235709533570e-01,9.736686757109280776e-02,9.766393471152780281e-02,5.366052124022664405e-01,7.094756845983790638e-01,1.531712603680526474e-01,4.248507344310973877e-01,-1.238075099661721107e-01,1.000000000000000000e+00,7.922376056984299364e-01
5.596208365539854235e-01,5.433645873498447187e-01,5.345517845281204661e-01,3.355205930445626095e-01,5.875713853276136600e-01,-5.192807279963824740e-01,-2.603972496628904204e-02,-4.836381672240653296e-01,8.150773758167191296e-01,3.432869028922179155e-01,-2.537845724648995493e-01,7.217939334000115226e-01,-1.144188039890780273e-01,5.056448841732126276e-01,4.648579081696365689e-01,3.882835862325723641e-01,-4.835885407498167199e-01,6.992893066333595309e-01,4.540957415843541178e-01,-1.328676183407221517e-02,3.466779095995434767e-01,6.965261508112672306e-01,7.375123327019411645e-02,2.862119365239330637e-01,2.568782153966490678e-01,3.826771829534348357e-01,3.678851078166006094e-01,2.430132495331504272e-01,3.033821648384152914e-01,5.580644558383417442e-01,1.794194822079342999e-01,1.537210804870597081e-01,4.854347461078202253e-01,7.137959274135393661e-01,1.671843045484320278e-01,4.658697330109299872e-01,-3.657308347250244618e-02,7.922376056984299364e-01,1.000000000000000000e+00
