1.000000000000000000e+00,8.358872702012190015e-01,6.754187737262148383e-01,-1.823377446354798592e-01,6.408147054448212199e-01,2.491430305960644631e-01,4.067853413233659121e-01,-3.956663944807873867e-01,2.018454111989631261e-01,5.668099483010818895e-01,5.105180228206139814e-01,1.641872366975066777e-01,2.982929013119264838e-01,7.004616954202610435e-01,1.733451931265941326e-01,5.993672877662734599e-01,5.998628846574699525e-01,1.949442302003681349e-01,2.393134079199326081e-01,2.844739707080477520e-01,4.417013891866174990e-01,3.844789450251712148e-01,4.420752220025384593e-01,3.867720021659974416e-01,4.550306537555517949e-01,6.754825002921942545e-01,5.415788489859918453e-01,6.086737650320752646e-01,6.047144207119583559e-01,5.478520226725025477e-01,5.129744127661828301e-01,4.012609597714553167e-01,5.071273212569672451e-01,1.746692241034157600e-01,4.349379947971900862e-01,5.005291949505297211e-01,4.785286647074382671e-01,3.944819628044140547e-01,6.685263243697661673e-02
8.358872702012190015e-01,1.000000000000000000e+00,6.059922338180531165e-01,-3.542098495021470117e-01,5.418660867455072916e-01,3.661480139111120691e-01,5.836819100619209388e-01,-1.658351527926653912e-01,-7.112640192532805605e-02,7.003871180629329674e-01,5.118073349847448439e-01,2.782488052093476383e-01,5.329783273699445489e-01,6.219634046989632736e-01,1.368319563286475582e-01,7.506608345018848105e-01,4.851587410588489302e-01,2.278139183682212354e-02,1.489008648874067253e-01,4.465359498756980572e-01,5.712722320458214487e-01,5.449261672236896947e-01,6.244029655051678285e-01,4.136212901577963064e-01,5.602366229238395778e-01,6.727518149230032884e-01,6.844507602988029182e-01,6.505819656023750230e-01,5.922382995743944445e-01,4.236376600834177997e-01,6.791744923128075762e-01,5.919700744764049283e-01,5.993789023572387853e-01,-8.013424240602107229e-02,5.155167523729268231e-01,6.362952590601412828e-01,6.327104769888985958e-01,1.981608505022662003e-01,-2.298812648594567715e-02
6.754187737262148383e-01,6.059922338180531165e-01,1.000000000000000000e+00,-9.121389442344181309e-02,7.619751324739512111e-01,2.030215660614027862e-01,5.084663334421997138e-01,-4.616438396944143596e-01,1.349445396444128864e-01,6.317128204932426216e-01,4.503595128470384568e-01,2.564313820279570111e-01,3.650477634700757812e-01,7.439540337331609354e-01,3.117897743444971170e-01,6.215459115525038269e-01,5.975071351881390269e-01,2.023426017654279541e-01,4.140752287951420807e-01,3.554303091435112583e-01,6.017081008760428729e-01,5.113310464377195386e-01,4.566332214298512437e-01,4.300271207570360299e-01,5.402709156457151662e-01,6.439395963280593049e-01,4.872035423837658419e-01,5.950533405226603456e-01,4.960697056594696730e-01,5.392418778173460048e-01,5.383941596456973677e-01,3.608397677712544827e-01,6.527229274559767092e-01,2.978624680064346220e-01,4.622898474911467104e-01,3.687603150046524503e-01,4.515721573298354108e-01,3.404156511109320271e-01,3.845608021414159000e-02
-1.823377446354798592e-01,-3.542098495021470117e-01,-9.121389442344181309e-02,1.000000000000000000e+00,1.650626147160348320e-02,-2.998996076830088287e-01,-5.829199509424385361e-01,-1.777009308286392197e-01,6.743965156631874791e-01,-4.597941427207100640e-01,-2.436366459031678311e-01,2.476938976685917893e-01,-6.582455767007370229e-01,-1.151925261943000101e-01,-4.484506723351745078e-02,-3.592737783720574840e-01,-2.761648247912321108e-01,7.183996940433639011e-01,3.769013559871214336e-01,3.899657904889503729e-02,-4.917113913383051038e-01,-5.368435583525035248e-01,-2.136587870679510504e-01,1.191723857200609020e-02,-4.803555990042671087e-01,-4.553422557174977015e-01,-4.378538410281961335e-01,-5.960883509739410835e-01,-3.851824559252575164e-01,-7.882360360424625623e-02,-5.280751060912936001e-01,-3.586223909930351117e-01,-5.813131929842141332e-01,4.692254309826454084e-01,-4.228476594753718953e-01,-3.065330756090941522e-01,-4.737497433304959649e-01,1.585690257530907865e-01,5.579851025280407883e-01
6.408147054448212199e-01,5.418660867455072916e-01,7.619751324739512111e-01,1.650626147160348320e-02,1.000000000000000000e+00,8.574968503236843342e-02,3.903483828250886578e-01,-3.769305123988565542e-01,2.989009577324063249e-01,5.581435244052408429e-01,3.495625243641253821e-01,2.494661389401760243e-01,1.841920747275065107e-01,7.486868333086368343e-01,2.317191267176402225e-01,5.578437408824943322e-01,4.837084725949915009e-01,3.433302288269797220e-01,5.733669648466056534e-01,2.957814100264560819e-01,4.293619174829909624e-01,3.058681408133507307e-01,4.633167494699302336e-01,4.629596879565485712e-01,4.425877712755067472e-01,4.926959434334164945e-01,3.831001828838189183e-01,4.239102491856217014e-01,3.508471685231032700e-01,5.906037386483474760e-01,4.149567817447433193e-01,2.466372435603657043e-01,5.080409371518834760e-01,4.369784028296254674e-01,3.263382697599593874e-01,3.023808127878100938e-01,3.318859848458702300e-01,5.410872734008123075e-01,2.853002419692072245e-01
2.491430305960644631e-01,3.661480139111120691e-01,2.030215660614027862e-01,-2.998996076830088287e-01,8.574968503236843342e-02,1.000000000000000000e+00,3.450086455122545193e-01,2.292027870500486508e-01,-4.103142133684748449e-01,5.165789568319998359e-01,5.885287561627556840e-01,6.526498005609245208e-03,4.369688414963991963e-01,3.119439596383712932e-01,-3.395420165167194193e-02,5.284833423013598486e-01,3.820987936423959064e-01,-1.126933182962407964e-01,-9.200244373522314945e-02,3.660827061224084522e-01,5.241602426072035081e-01,3.933062146989007024e-01,4.552453477309985064e-01,3.250403143793303418e-01,5.890833067853623595e-01,3.765656384001002666e-01,2.411361859423516718e-01,4.250322459566644451e-01,7.032940971915656592e-01,2.106146089853284942e-01,3.229876316776641998e-01,5.558615044388539594e-01,3.680870279238345755e-01,-3.775790966340758503e-01,7.130745218155644105e-01,1.551702080505898695e-01,7.028193430375492268e-01,-2.593201929664952776e-01,-3.745675515379284781e-01
4.067853413233659121e-01,5.836819100619209388e-01,5.084663334421997138e-01,-5.829199509424385361e-01,3.903483828250886578e-01,3.450086455122545193e-01,1.000000000000000000e+00,2.088255325046070865e-01,-5.319155824651694564e-01,7.464030736034736879e-01,3.455938229438627607e-01,1.561212588914001054e-01,8.320563774088307607e-01,4.276922994094363717e-01,2.747230536749371010e-01,6.820745641790287861e-01,3.515908530821002520e-01,-4.235139840716387605e-01,-1.146724516276124289e-01,3.960010015229267766e-01,7.499000914365340220e-01,8.064349999526776447e-01,5.263919402342376319e-01,3.188921377856565598e-01,6.597408123609922459e-01,6.197167530564037241e-01,7.222223528127541536e-01,7.764403165451619904e-01,4.631688884731860467e-01,3.110333348690391131e-01,8.052991995896442434e-01,5.656290316249127370e-01,7.920550840402557080e-01,-2.029274154936469288e-01,5.057192976046556154e-01,5.382047735727341076e-01,6.275419360472770380e-01,-8.707557961775909405e-02,-4.403622824726207141e-01
-3.956663944807873867e-01,-1.658351527926653912e-01,-4.616438396944143596e-01,-1.777009308286392197e-01,-3.769305123988565542e-01,2.292027870500486508e-01,2.088255325046070865e-01,1.000000000000000000e+00,-5.308853829703610305e-01,9.613894067658679266e-02,-6.492494203486937066e-02,1.554118990989052269e-02,2.900641095887464549e-01,-3.208444981076465363e-01,-8.406544538938563738e-02,4.459873855556843042e-02,-2.489102576962078095e-01,-3.716985741568725188e-01,-2.839136953871270186e-01,1.777728232564159960e-01,1.412265436937980567e-01,2.024069651689375804e-01,6.227873945233263625e-02,-7.242595549582267478e-02,2.568420381824395443e-02,-1.536996304726066798e-01,9.361238815896547050e-02,1.969382983742218318e-02,-6.582734361402513279e-02,-2.418664284193517422e-01,1.417877249003362816e-01,1.976484414964833902e-01,4.356870258966166060e-02,-4.252967453944139775e-01,4.163834302294856793e-02,7.500267339191994675e-02,1.377393430356166626e-01,-3.935495018099293141e-01,-2.882077287523060471e-01
2.018454111989631261e-01,-7.112640192532805605e-02,1.349445396444128864e-01,6.743965156631874791e-01,2.989009577324063249e-01,-4.103142133684748449e-01,-5.319155824651694564e-01,-5.308853829703610305e-01,1.000000000000000000e+00,-3.865261705567917261e-01,-1.941127848127426891e-01,1.417549560619279780e-01,-7.350332872306729604e-01,1.361490499431949330e-01,1.055191873070022296e-01,-2.760791149995587834e-01,-9.400874276017263942e-02,7.567676903825985013e-01,5.813912218158369116e-01,-1.380940559326354622e-01,-5.310475139592029103e-01,-5.079466535222769696e-01,-2.239016854491493180e-01,6.868034545838187788e-02,-3.185844230736609717e-01,-2.703711734621724871e-01,-3.813486599250444642e-01,-4.598558601657758982e-01,-2.810844818060304617e-01,1.604189058328353013e-01,-4.471357434404484854e-01,-4.590952749211092976e-01,-4.871332518527942690e-01,7.419675935826109958e-01,-3.636981446263530260e-01,-2.433184475215962039e-01,-4.787790786972350165e-01,5.608408449177679778e-01,7.547957292189346745e-01
5.668099483010818895e-01,7.003871180629329674e-01,6.317128204932426216e-01,-4.597941427207100640e-01,5.581435244052408429e-01,5.165789568319998359e-01,7.464030736034736879e-01,9.613894067658679266e-02,-3.865261705567917261e-01,1.000000000000000000e+00,4.885455461166186009e-01,3.225414127221818972e-01,7.317112321884879922e-01,5.687373325505844512e-01,2.675219540174496036e-01,8.873483651769379366e-01,5.242882963708702659e-01,-1.275703360293644062e-01,1.836042619836261713e-01,5.234210118760473929e-01,8.273204946787308112e-01,7.494353710798491441e-01,7.417566518665127395e-01,4.167569371475195461e-01,7.707949821473593088e-01,7.870241424463425561e-01,7.371027590502701177e-01,8.133110308725072235e-01,6.169538615850199692e-01,5.726289551880879847e-01,7.894549652666960071e-01,6.132795759114210155e-01,8.219795277611883222e-01,-2.370649547960090031e-01,6.339420003767073375e-01,6.124170999607227994e-01,7.350577075596514964e-01,1.546983648852355009e-01,-2.063961297340179968e-01
5.105180228206139814e-01,5.118073349847448439e-01,4.503595128470384568e-01,-2.436366459031678311e-01,3.495625243641253821e-01,5.885287561627556840e-01,3.455938229438627607e-01,-6.492494203486937066e-02,-1.941127848127426891e-01,4.885455461166186009e-01,1.000000000000000000e+00,-1.403642883513416262e-01,4.170515497492339740e-01,6.185642627279613892e-01,-2.709461631954035998e-01,4.344955322995747715e-01,7.978479981638813001e-01,-4.586722128221637843e-03,-3.032248741646101364e-02,3.151073473062004360e-01,5.839999915663302010e-01,3.422008512922091183e-01,3.486462212062031996e-01,4.166942189244582373e-01,3.395462102498595924e-01,4.628746442431060371e-01,4.317947926828857863e-01,5.049169187770154998e-01,7.164282615694560485e-01,1.180137728190689544e-01,5.034295088722312572e-01,7.226979976239933379e-01,5.439191906584754932e-01,-1.428591729996535886e-01,7.155856908233414471e-01,1.539664660970286036e-01,7.355343364232185266e-01,-1.691435164955154280e-01,-2.723707742771460105e-01
1.641872366975066777e-01,2.782488052093476383e-01,2.564313820279570111e-01,2.476938976685917893e-01,2.494661389401760243e-01,6.526498005609245208e-03,1.561212588914001054e-01,1.554118990989052269e-02,1.417549560619279780e-01,3.225414127221818972e-01,-1.403642883513416262e-01,1.000000000000000000e+00,1.533337830756213993e-01,5.331871516885796497e-02,3.444920538994388770e-01,3.679356405759184878e-01,-1.151726742505368578e-01,2.817503305677169778e-01,4.077741399849877380e-01,4.920141783920545242e-01,1.233547537646132869e-01,1.529090296024366857e-01,5.061965522901814563e-01,1.229491754576217122e-01,1.757613476338735214e-01,1.699817741445426300e-01,3.250501371925388350e-01,5.054024188710079524e-02,-1.597426130390437460e-01,1.772632615217575591e-01,2.234457342647496458e-01,1.295855557815147330e-01,7.502458281671196827e-02,8.878608116245587101e-02,-1.047655151825467035e-01,3.378351853008830785e-01,1.352560586878722403e-02,2.503423856207090403e-01,4.374371636982650746e-01
2.982929013119264838e-01,5.329783273699445489e-01,3.650477634700757812e-01,-6.582455767007370229e-01,1.841920747275065107e-01,4.369688414963991963e-01,8.320563774088307607e-01,2.900641095887464549e-01,-7.350332872306729604e-01,7.317112321884879922e-01,4.170515497492339740e-01,1.533337830756213993e-01,1.000000000000000000e+00,3.133983376266513687e-01,1.081246503107312212e-01,6.384285395536526408e-01,3.896674017595613271e-01,-5.601748820704492982e-01,-2.926375993302950396e-01,4.567748210976698142e-01,8.049044114185863741e-01,7.301473950910700728e-01,5.723718964391032449e-01,2.031812790440160055e-01,5.981627232182444853e-01,6.196274283363881752e-01,7.552289579655544483e-01,7.686242662632147837e-01,4.938562595181875126e-01,1.384639352272381552e-01,8.226080665707800055e-01,7.114171577209916775e-01,8.049217034371490831e-01,-4.635015167319120888e-01,5.406817230558741416e-01,5.221266463372650213e-01,7.057050383886470657e-01,-2.783158465842238138e-01,-5.692207142250885754e-01
7.004616954202610435e-01,6.219634046989632736e-01,7.439540337331609354e-01,-1.151925261943000101e-01,7.486868333086368343e-01,3.119439596383712932e-01,4.276922994094363717e-01,-3.208444981076465363e-01,1.361490499431949330e-01,5.687373325505844512e-01,6.185642627279613892e-01,5.331871516885796497e-02,3.133983376266513687e-01,1.000000000000000000e+00,7.762795786085767424e-02,5.812091846173242926e-01,6.723077633942290410e-01,1.803361537034205708e-01,2.955385599436897159e-01,3.697334887034074424e-01,5.419020300577674920e-01,3.267424380805438178e-01,4.659058514940365159e-01,5.500056119005192201e-01,5.022652474788346089e-01,5.611809147010005105e-01,4.851853987403740853e-01,5.348747885225887400e-01,6.241775701078456917e-01,4.648682558239801144e-01,5.177673361386795348e-01,5.179864591672947993e-01,5.931133097313759928e-01,2.794380058552679014e-01,6.087532249485245739e-01,3.927151661987062781e-01,5.982357559253622670e-01,2.822439064859938451e-01,2.085279971180043629e-02
1.733451931265941326e-01,1.368319563286475582e-01,3.117897743444971170e-01,-4.484506723351745078e-02,2.317191267176402225e-01,-3.395420165167194193e-02,2.747230536749371010e-01,-8.406544538938563738e-02,1.055191873070022296e-01,2.675219540174496036e-01,-2.709461631954035998e-01,3.444920538994388770e-01,1.081246503107312212e-01,7.762795786085767424e-02,1.000000000000000000e+00,2.622734240936712147e-01,-3.197883921171011667e-02,4.882245768300577660e-02,3.465354538284785013e-01,1.253689609820045903e-01,8.208115869234765272e-02,2.702215549468614531e-01,1.236769843882837838e-01,2.303509001917490584e-01,4.487263870776445063e-01,2.992281865485459935e-01,2.404060635922002781e-02,2.749979976301977769e-01,-5.006338178297298214e-02,4.966624481320885964e-01,8.677735366498177949e-02,-2.222324634120105835e-01,1.483592258833229538e-01,2.633958450987913813e-01,-9.352281270894954868e-02,1.478356629645041220e-01,-1.006463952461852107e-01,5.045958652725334170e-01,7.847473629173797038e-02
5.993672877662734599e-01,7.506608345018848105e-01,6.215459115525038269e-01,-3.592737783720574840e-01,5.578437408824943322e-01,5.284833423013598486e-01,6.820745641790287861e-01,4.459873855556843042e-02,-2.760791149995587834e-01,8.873483651769379366e-01,4.344955322995747715e-01,3.679356405759184878e-01,6.384285395536526408e-01,5.812091846173242926e-01,2.622734240936712147e-01,1.000000000000000000e+00,4.188262637586765980e-01,5.612840747718954477e-03,2.338879650241629526e-01,5.556094313931971840e-01,7.356484473734336005e-01,6.727475800518720739e-01,7.660241974989263625e-01,4.791294858416290103e-01,7.318489778531144241e-01,7.172433204707853172e-01,6.974623441259676371e-01,7.246020367928753814e-01,5.791693369054721208e-01,5.699761688707940532e-01,7.123778249970144083e-01,5.868280090206242638e-01,7.181454194112445455e-01,-1.939050343792390052e-01,5.798837140175303606e-01,6.499923985007730609e-01,6.940615986883508226e-01,1.877203571119694936e-01,-1.060195969748571471e-01
5.998628846574699525e-01,4.851587410588489302e-01,5.975071351881390269e-01,-2.761648247912321108e-01,4.837084725949915009e-01,3.820987936423959064e-01,3.515908530821002520e-01,-2.489102576962078095e-01,-9.400874276017263942e-02,5.242882963708702659e-01,7.978479981638813001e-01,-1.151726742505368578e-01,3.896674017595613271e-01,6.723077633942290410e-01,-3.197883921171011667e-02,4.188262637586765980e-01,1.000000000000000000e+00,-6.064836936919520798e-03,6.053983264615467319e-02,1.647441670966943716e-01,5.875174495035705435e-01,3.949516090265133283e-01,2.979969764532138798e-01,3.276391754352113717e-01,4.091272625600015922e-01,6.487078012604698962e-01,4.329896404260281662e-01,6.240622572328734519e-01,6.650860294061479161e-01,3.417474227896301064e-01,4.840701510559783927e-01,5.231129016815099231e-01,6.467414482730813319e-01,5.724604618293963228e-03,6.244680297159455051e-01,1.990661900207872370e-01,6.074098040625552919e-01,1.183610560354908248e-01,-2.441660048974358677e-01
1.949442302003681349e-01,2.278139183682212354e-02,2.023426017654279541e-01,7.183996940433639011e-01,3.433302288269797220e-01,-1.126933182962407964e-01,-4.235139840716387605e-01,-3.716985741568725188e-01,7.567676903825985013e-01,-1.275703360293644062e-01,-4.586722128221637843e-03,2.817503305677169778e-01,-5.601748820704492982e-01,1.803361537034205708e-01,4.882245768300577660e-02,5.612840747718954477e-03,-6.064836936919520798e-03,1.000000000000000000e+00,6.634054101231811051e-01,1.120928611441942557e-01,-2.807994356983401496e-01,-2.767850446948419973e-01,2.741830045531684634e-02,1.944153595335469387e-01,-1.728358357270067536e-01,-1.206377943377198725e-01,-2.273754745931780563e-01,-3.045160758666133338e-01,-9.633620981881813039e-02,2.933474278251590461e-01,-3.128840657467976127e-01,-2.432455856459205534e-01,-3.373942076830065973e-01,4.207237361737087844e-01,-1.609122210821272714e-01,-1.406138047408300729e-01,-2.371935650622533087e-01,4.363848665120951265e-01,6.631610982223855588e-01
2.393134079199326081e-01,1.489008648874067253e-01,4.140752287951420807e-01,3.769013559871214336e-01,5.733669648466056534e-01,-9.200244373522314945e-02,-1.146724516276124289e-01,-2.839136953871270186e-01,5.813912218158369116e-01,1.836042619836261713e-01,-3.032248741646101364e-02,4.077741399849877380e-01,-2.926375993302950396e-01,2.955385599436897159e-01,3.465354538284785013e-01,2.338879650241629526e-01,6.053983264615467319e-02,6.634054101231811051e-01,1.000000000000000000e+00,1.690990663646071979e-01,-5.755090267284173125e-03,-5.105920782996381524e-02,2.280085827454505221e-01,3.183144038344272175e-01,1.566560692186391157e-01,7.682968996201447465e-02,-1.086298467676116847e-01,-8.683059487052574577e-02,-9.100179645001194029e-02,4.301948222269542654e-01,-8.608817404385817051e-02,-1.826347218327243060e-01,-1.023180950756807104e-03,5.112144066905290885e-01,-8.628853646253197007e-02,-3.981512689183452219e-02,-1.362757472147330118e-01,6.870334244012316072e-01,7.085630738093626757e-01
2.844739707080477520e-01,4.465359498756980572e-01,3.554303091435112583e-01,3.899657904889503729e-02,2.957814100264560819e-01,3.660827061224084522e-01,3.960010015229267766e-01,1.777728232564159960e-01,-1.380940559326354622e-01,5.234210118760473929e-01,3.151073473062004360e-01,4.920141783920545242e-01,4.567748210976698142e-01,3.697334887034074424e-01,1.253689609820045903e-01,5.556094313931971840e-01,1.647441670966943716e-01,1.120928611441942557e-01,1.690990663646071979e-01,1.000000000000000000e+00,5.618852890979720849e-01,2.404827372844203226e-01,7.368837990707818308e-01,4.176171352633986089e-01,3.794792985271380203e-01,2.681214053196243619e-01,5.136209931097737158e-01,3.119757822735781394e-01,2.680315299777235594e-01,1.239282828075176091e-01,5.364272574700694740e-01,6.555053447824763513e-01,3.698973349829034474e-01,-2.050383956805853364e-02,3.082688337603503581e-01,3.649928987275022352e-01,5.081572728195311583e-01,-9.320667222475163827e-02,8.315505373641834952e-02
4.417013891866174990e-01,5.712722320458214487e-01,6.017081008760428729e-01,-4.917113913383051038e-01,4.293619174829909624e-01,5.241602426072035081e-01,7.499000914365340220e-01,1.412265436937980567e-01,-5.310475139592029103e-01,8.273204946787308112e-01,5.839999915663302010e-01,1.233547537646132869e-01,8.049044114185863741e-01,5.419020300577674920e-01,8.208115869234765272e-02,7.356484473734336005e-01,5.875174495035705435e-01,-2.807994356983401496e-01,-5.755090267284173125e-03,5.618852890979720849e-01,1.000000000000000000e+00,7.224999463253217735e-01,6.650902836566413567e-01,3.488954826818326249e-01,6.488088814474014532e-01,6.879375497723345667e-01,6.993437385933714001e-01,7.933427545010770521e-01,6.246535197839091502e-01,3.301809518459120629e-01,7.808123570635416844e-01,7.317233382926287000e-01,8.922061149789444201e-01,-2.726828759909715738e-01,6.491051817362942788e-01,4.744630677038736977e-01,7.747845464583634767e-01,-8.621367189890129235e-02,-3.957168306858274698e-01
3.844789450251712148e-01,5.449261672236896947e-01,5.113310464377195386e-01,-5.368435583525035248e-01,3.058681408133507307e-01,3.933062146989007024e-01,8.064349999526776447e-01,2.024069651689375804e-01,-5.079466535222769696e-01,7.494353710798491441e-01,3.422008512922091183e-01,1.529090296024366857e-01,7.301473950910700728e-01,3.267424380805438178e-01,2.702215549468614531e-01,6.727475800518720739e-01,3.949516090265133283e-01,-2.767850446948419973e-01,-5.105920782996381524e-02,2.404827372844203226e-01,7.224999463253217735e-01,1.000000000000000000e+00,3.920916497084502850e-01,1.961302440110334333e-01,6.301984546909540352e-01,6.901544297572488329e-01,6.527295537375457091e-01,7.911634045893165545e-01,5.147665000170902339e-01,4.437300930611292049e-01,7.108047485153164979e-01,4.208264979742804557e-01,7.660914481518317221e-01,-3.594085699570913062e-01,5.393843318036231071e-01,4.740030195039990346e-01,5.682969528387948888e-01,-5.987697593368478816e-02,-4.470879229446401149e-01
4.420752220025384593e-01,6.244029655051678285e-01,4.566332214298512437e-01,-2.136587870679510504e-01,4.633167494699302336e-01,4.552453477309985064e-01,5.263919402342376319e-01,6.227873945233263625e-02,-2.239016854491493180e-01,7.417566518665127395e-01,3.486462212062031996e-01,5.061965522901814563e-01,5.723718964391032449e-01,4.659058514940365159e-01,1.236769843882837838e-01,7.660241974989263625e-01,2.979969764532138798e-01,2.741830045531684634e-02,2.280085827454505221e-01,7.368837990707818308e-01,6.650902836566413567e-01,3.920916497084502850e-01,1.000000000000000000e+00,3.918676820881838441e-01,6.096658128852115999e-01,5.018696983944628265e-01,6.394046263470183344e-01,4.780153702917827596e-01,3.646083661343667570e-01,3.177058220484063056e-01,6.325495428407231779e-01,6.454941943882875899e-01,5.570933618337584603e-01,-1.474079167855142924e-01,4.353687555016782507e-01,5.492593743427544029e-01,6.176957949518603330e-01,1.120299737640049337e-01,8.299661925643656013e-02
3.867720021659974416e-01,4.136212901577963064e-01,4.300271207570360299e-01,1.191723857200609020e-02,4.629596879565485712e-01,3.250403143793303418e-01,3.188921377856565598e-01,-7.242595549582267478e-02,6.868034545838187788e-02,4.167569371475195461e-01,4.166942189244582373e-01,1.229491754576217122e-01,2.031812790440160055e-01,5.500056119005192201e-01,2.303509001917490584e-01,4.791294858416290103e-01,3.276391754352113717e-01,1.944153595335469387e-01,3.183144038344272175e-01,4.176171352633986089e-01,3.488954826818326249e-01,1.961302440110334333e-01,3.918676820881838441e-01,1.000000000000000000e+00,4.359456036607697871e-01,2.635978310937611147e-01,2.153380614882211552e-01,2.885493255920904554e-01,3.454137084416508685e-01,3.069173539412391460e-01,2.862981604403295743e-01,3.807610317749496320e-01,3.291048856080069362e-01,2.405175410265331937e-01,3.967959290922214999e-01,1.874437401454829011e-01,4.123489435040078033e-01,2.052805551823675689e-01,6.583711662646614393e-02
4.550306537555517949e-01,5.602366229238395778e-01,5.402709156457151662e-01,-4.803555990042671087e-01,4.425877712755067472e-01,5.890833067853623595e-01,6.597408123609922459e-01,2.568420381824395443e-02,-3.185844230736609717e-01,7.707949821473593088e-01,3.395462102498595924e-01,1.757613476338735214e-01,5.981627232182444853e-01,5.022652474788346089e-01,4.487263870776445063e-01,7.318489778531144241e-01,4.091272625600015922e-01,-1.728358357270067536e-01,1.566560692186391157e-01,3.794792985271380203e-01,6.488088814474014532e-01,6.301984546909540352e-01,6.096658128852115999e-01,4.359456036607697871e-01,1.000000000000000000e+00,6.485389501438225679e-01,4.466590215753542537e-01,6.832243054867226384e-01,5.718380868759728175e-01,5.509322030448291496e-01,5.658336680406591546e-01,4.038634416710579766e-01,6.494263213653740374e-01,-1.243004115521612191e-01,6.171213099758863230e-01,4.354373789272858453e-01,6.144157391455253858e-01,1.580816321849914663e-01,-2.699836429611631172e-01
6.754825002921942545e-01,6.727518149230032884e-01,6.439395963280593049e-01,-4.553422557174977015e-01,4.926959434334164945e-01,3.765656384001002666e-01,6.197167530564037241e-01,-1.536996304726066798e-01,-2.703711734621724871e-01,7.870241424463425561e-01,4.628746442431060371e-01,1.699817741445426300e-01,6.196274283363881752e-01,5.611809147010005105e-01,2.992281865485459935e-01,7.172433204707853172e-01,6.487078012604698962e-01,-1.206377943377198725e-01,7.682968996201447465e-02,2.681214053196243619e-01,6.879375497723345667e-01,6.901544297572488329e-01,5.018696983944628265e-01,2.635978310937611147e-01,6.485389501438225679e-01,1.000000000000000000e+00,7.023534975261337410e-01,8.776754485636074632e-01,6.928289153641246090e-01,6.301281248493729725e-01,6.826496438100725372e-01,4.494973934530279713e-01,7.645264972846309570e-01,-2.227641753526248547e-01,5.610256190538643883e-01,5.597354308312526561e-01,6.133986424093185175e-01,2.628597066668634241e-01,-2.861923984025476764e-01
5.415788489859918453e-01,6.844507602988029182e-01,4.872035423837658419e-01,-4.378538410281961335e-01,3.831001828838189183e-01,2.411361859423516718e-01,7.222223528127541536e-01,9.361238815896547050e-02,-3.813486599250444642e-01,7.371027590502701177e-01,4.317947926828857863e-01,3.250501371925388350e-01,7.552289579655544483e-01,4.851853987403740853e-01,2.404060635922002781e-02,6.974623441259676371e-01,4.329896404260281662e-01,-2.273754745931780563e-01,-1.086298467676116847e-01,5.136209931097737158e-01,6.993437385933714001e-01,6.527295537375457091e-01,6.394046263470183344e-01,2.153380614882211552e-01,4.466590215753542537e-01,7.023534975261337410e-01,1.000000000000000000e+00,7.365237849610046794e-01,4.908194980164331533e-01,2.788042321133331614e-01,8.830977794099756917e-01,7.031425643845939932e-01,7.303075477976999075e-01,-2.964763031545851191e-01,4.793286679782085558e-01,6.654950258945460106e-01,6.549921119320354368e-01,-4.824134987658917212e-02,-2.343365318556852872e-01
6.086737650320752646e-01,6.505819656023750230e-01,5.950533405226603456e-01,-5.960883509739410835e-01,4.239102491856217014e-01,4.250322459566644451e-01,7.764403165451619904e-01,1.969382983742218318e-02,-4.598558601657758982e-01,8.133110308725072235e-01,5.049169187770154998e-01,5.054024188710079524e-02,7.686242662632147837e-01,5.348747885225887400e-01,2.749979976301977769e-01,7.246020367928753814e-01,6.240622572328734519e-01,-3.045160758666133338e-01,-8.683059487052574577e-02,3.119757822735781394e-01,7.933427545010770521e-01,7.911634045893165545e-01,4.780153702917827596e-01,2.885493255920904554e-01,6.832243054867226384e-01,8.776754485636074632e-01,7.365237849610046794e-01,1.000000000000000000e+00,7.068279034460013266e-01,5.323951233534509608e-01,7.855087794093165154e-01,5.414375459777692745e-01,8.591815576315587899e-01,-2.840082681740549453e-01,6.169326672926207511e-01,5.525990739301983590e-01,6.852943745698315547e-01,7.840061610656934299e-02,-4.893423576465353309e-01
6.047144207119583559e-01,5.922382995743944445e-01,4.960697056594696730e-01,-3.851824559252575164e-01,3.508471685231032700e-01,7.032940971915656592e-01,4.631688884731860467e-01,-6.582734361402513279e-02,-2.810844818060304617e-01,6.169538615850199692e-01,7.164282615694560485e-01,-1.597426130390437460e-01,4.938562595181875126e-01,6.241775701078456917e-01,-5.006338178297298214e-02,5.791693369054721208e-01,6.650860294061479161e-01,-9.633620981881813039e-02,-9.100179645001194029e-02,2.680315299777235594e-01,6.246535197839091502e-01,5.147665000170902339e-01,3.646083661343667570e-01,3.454137084416508685e-01,5.718380868759728175e-01,6.928289153641246090e-01,4.908194980164331533e-01,7.068279034460013266e-01,1.000000000000000000e+00,4.119438506248508380e-01,5.354972925391995320e-01,5.956187166389241838e-01,5.954568262202656337e-01,-2.508456988570432200e-01,8.159339353088168600e-01,3.461858215729681776e-01,7.908329356305582314e-01,-9.216657659662302882e-02,-4.346244577228339234e-01
5.478520226725025477e-01,4.236376600834177997e-01,5.392418778173460048e-01,-7.882360360424625623e-02,5.906037386483474760e-01,2.106146089853284942e-01,3.110333348690391131e-01,-2.418664284193517422e-01,1.604189058328353013e-01,5.726289551880879847e-01,1.180137728190689544e-01,1.772632615217575591e-01,1.384639352272381552e-01,4.648682558239801144e-01,4.966624481320885964e-01,5.699761688707940532e-01,3.417474227896301064e-01,2.933474278251590461e-01,4.301948222269542654e-01,1.239282828075176091e-01,3.301809518459120629e-01,4.437300930611292049e-01,3.177058220484063056e-01,3.069173539412391460e-01,5.509322030448291496e-01,6.301281248493729725e-01,2.788042321133331614e-01,5.323951233534509608e-01,4.119438506248508380e-01,1.000000000000000000e+00,2.626204175962524867e-01,-2.220956589601949527e-02,3.953481079355411487e-01,1.186444299090315124e-01,2.668927174547480741e-01,3.647296752515281626e-01,2.171313749128209181e-01,5.802077640174705397e-01,9.100425665113470730e-02
5.129744127661828301e-01,6.791744923128075762e-01,5.383941596456973677e-01,-5.280751060912936001e-01,4.149567817447433193e-01,3.229876316776641998e-01,8.052991995896442434e-01,1.417877249003362816e-01,-4.471357434404484854e-01,7.894549652666960071e-01,5.034295088722312572e-01,2.234457342647496458e-01,8.226080665707800055e-01,5.177673361386795348e-01,8.677735366498177949e-02,7.123778249970144083e-01,4.840701510559783927e-01,-3.128840657467976127e-01,-8.608817404385817051e-02,5.364272574700694740e-01,7.808123570635416844e-01,7.108047485153164979e-01,6.325495428407231779e-01,2.862981604403295743e-01,5.658336680406591546e-01,6.826496438100725372e-01,8.830977794099756917e-01,7.855087794093165154e-01,5.354972925391995320e-01,2.626204175962524867e-01,1.000000000000000000e+00,7.345552474251936248e-01,8.061543917507250079e-01,-2.410575412111415627e-01,5.666871604938044094e-01,5.944390498383294030e-01,7.189453900942689435e-01,-8.658380341037734407e-02,-3.114723145908414037e-01
4.012609597714553167e-01,5.919700744764049283e-01,3.608397677712544827e-01,-3.586223909930351117e-01,2.466372435603657043e-01,5.558615044388539594e-01,5.656290316249127370e-01,1.976484414964833902e-01,-4.590952749211092976e-01,6.132795759114210155e-01,7.226979976239933379e-01,1.295855557815147330e-01,7.114171577209916775e-01,5.179864591672947993e-01,-2.222324634120105835e-01,5.868280090206242638e-01,5.231129016815099231e-01,-2.432455856459205534e-01,-1.826347218327243060e-01,6.555053447824763513e-01,7.317233382926287000e-01,4.208264979742804557e-01,6.454941943882875899e-01,3.807610317749496320e-01,4.038634416710579766e-01,4.494973934530279713e-01,7.031425643845939932e-01,5.414375459777692745e-01,5.956187166389241838e-01,-2.220956589601949527e-02,7.345552474251936248e-01,1.000000000000000000e+00,6.323620729359479276e-01,-3.029362547980555265e-01,6.517124053417649998e-01,4.280757785192320086e-01,8.387903362246864614e-01,-3.281070735080449663e-01,-3.077452338145744704e-01
5.071273212569672451e-01,5.993789023572387853e-01,6.527229274559767092e-01,-5.813131929842141332e-01,5.080409371518834760e-01,3.680870279238345755e-01,7.920550840402557080e-01,4.356870258966166060e-02,-4.871332518527942690e-01,8.219795277611883222e-01,5.439191906584754932e-01,7.502458281671196827e-02,8.049217034371490831e-01,5.931133097313759928e-01,1.483592258833229538e-01,7.181454194112445455e-01,6.467414482730813319e-01,-3.373942076830065973e-01,-1.023180950756807104e-03,3.698973349829034474e-01,8.922061149789444201e-01,7.660914481518317221e-01,5.570933618337584603e-01,3.291048856080069362e-01,6.494263213653740374e-01,7.645264972846309570e-01,7.303075477976999075e-01,8.591815576315587899e-01,5.954568262202656337e-01,3.953481079355411487e-01,8.061543917507250079e-01,6.323620729359479276e-01,1.000000000000000000e+00,-2.001957627073598922e-01,6.262726353386875999e-01,5.135739638587819567e-01,7.160167256603613417e-01,4.580004004790902417e-02,-4.088818585401861050e-01
1.746692241034157600e-01,-8.013424240602107229e-02,2.978624680064346220e-01,4.692254309826454084e-01,4.369784028296254674e-01,-3.775790966340758503e-01,-2.029274154936469288e-01,-4.252967453944139775e-01,7.419675935826109958e-01,-2.370649547960090031e-01,-1.428591729996535886e-01,8.878608116245587101e-02,-4.635015167319120888e-01,2.794380058552679014e-01,2.633958450987913813e-01,-1.939050343792390052e-01,5.724604618293963228e-03,4.207237361737087844e-01,5.112144066905290885e-01,-2.050383956805853364e-02,-2.726828759909715738e-01,-3.594085699570913062e-01,-1.474079167855142924e-01,2.405175410265331937e-01,-1.243004115521612191e-01,-2.227641753526248547e-01,-2.964763031545851191e-01,-2.840082681740549453e-01,-2.508456988570432200e-01,1.186444299090315124e-01,-2.410575412111415627e-01,-3.029362547980555265e-01,-2.001957627073598922e-01,1.000000000000000000e+00,-2.532270093170000957e-01,-2.633229417093898572e-01,-3.391286690408134019e-01,5.196482797272349297e-01,5.673611521874732944e-01
4.349379947971900862e-01,5.155167523729268231e-01,4.622898474911467104e-01,-4.228476594753718953e-01,3.263382697599593874e-01,7.130745218155644105e-01,5.057192976046556154e-01,4.163834302294856793e-02,-3.636981446263530260e-01,6.339420003767073375e-01,7.155856908233414471e-01,-1.047655151825467035e-01,5.406817230558741416e-01,6.087532249485245739e-01,-9.352281270894954868e-02,5.798837140175303606e-01,6.244680297159455051e-01,-1.609122210821272714e-01,-8.628853646253197007e-02,3.082688337603503581e-01,6.491051817362942788e-01,5.393843318036231071e-01,4.353687555016782507e-01,3.967959290922214999e-01,6.171213099758863230e-01,5.610256190538643883e-01,4.793286679782085558e-01,6.169326672926207511e-01,8.159339353088168600e-01,2.668927174547480741e-01,5.666871604938044094e-01,6.517124053417649998e-01,6.262726353386875999e-01,-2.532270093170000957e-01,1.000000000000000000e+00,3.009666104636208317e-01,8.577908380862033777e-01,-1.932559046320039275e-01,-4.267918189874824741e-01
5.005291949505297211e-01,6.362952590601412828e-01,3.687603150046524503e-01,-3.065330756090941522e-01,3.023808127878100938e-01,1.551702080505898695e-01,5.382047735727341076e-01,7.500267339191994675e-02,-2.433184475215962039e-01,6.124170999607227994e-01,1.539664660970286036e-01,3.378351853008830785e-01,5.221266463372650213e-01,3.927151661987062781e-01,1.478356629645041220e-01,6.499923985007730609e-01,1.990661900207872370e-01,-1.406138047408300729e-01,-3.981512689183452219e-02,3.649928987275022352e-01,4.744630677038736977e-01,4.740030195039990346e-01,5.492593743427544029e-01,1.874437401454829011e-01,4.354373789272858453e-01,5.597354308312526561e-01,6.654950258945460106e-01,5.525990739301983590e-01,3.461858215729681776e-01,3.647296752515281626e-01,5.944390498383294030e-01,4.280757785192320086e-01,5.135739638587819567e-01,-2.633229417093898572e-01,3.009666104636208317e-01,1.000000000000000000e+00,4.736384547936117739e-01,7.283079574636927567e-02,-1.420655380299598591e-01
4.785286647074382671e-01,6.327104769888985958e-01,4.515721573298354108e-01,-4.737497433304959649e-01,3.318859848458702300e-01,7.028193430375492268e-01,6.275419360472770380e-01,1.377393430356166626e-01,-4.787790786972350165e-01,7.350577075596514964e-01,7.355343364232185266e-01,1.352560586878722403e-02,7.057050383886470657e-01,5.982357559253622670e-01,-1.006463952461852107e-01,6.940615986883508226e-01,6.074098040625552919e-01,-2.371935650622533087e-01,-1.362757472147330118e-01,5.081572728195311583e-01,7.747845464583634767e-01,5.682969528387948888e-01,6.176957949518603330e-01,4.123489435040078033e-01,6.144157391455253858e-01,6.133986424093185175e-01,6.549921119320354368e-01,6.852943745698315547e-01,7.908329356305582314e-01,2.171313749128209181e-01,7.189453900942689435e-01,8.387903362246864614e-01,7.160167256603613417e-01,-3.391286690408134019e-01,8.577908380862033777e-01,4.736384547936117739e-01,1.000000000000000000e+00,-2.288769918962925143e-01,-4.265351589595621773e-01
3.944819628044140547e-01,1.981608505022662003e-01,3.404156511109320271e-01,1.585690257530907865e-01,5.410872734008123075e-01,-2.593201929664952776e-01,-8.707557961775909405e-02,-3.935495018099293141e-01,5.608408449177679778e-01,1.546983648852355009e-01,-1.691435164955154280e-01,2.503423856207090403e-01,-2.783158465842238138e-01,2.822439064859938451e-01,5.045958652725334170e-01,1.877203571119694936e-01,1.183610560354908248e-01,4.363848665120951265e-01,6.870334244012316072e-01,-9.320667222475163827e-02,-8.621367189890129235e-02,-5.987697593368478816e-02,1.120299737640049337e-01,2.052805551823675689e-01,1.580816321849914663e-01,2.628597066668634241e-01,-4.824134987658917212e-02,7.840061610656934299e-02,-9.216657659662302882e-02,5.802077640174705397e-01,-8.658380341037734407e-02,-3.281070735080449663e-01,4.580004004790902417e-02,5.196482797272349297e-01,-1.932559046320039275e-01,7.283079574636927567e-02,-2.288769918962925143e-01,1.000000000000000000e+00,5.930574156236475547e-01
6.685263243697661673e-02,-2.298812648594567715e-02,3.845608021414159000e-02,5.579851025280407883e-01,2.853002419692072245e-01,-3.745675515379284781e-01,-4.403622824726207141e-01,-2.882077287523060471e-01,7.547957292189346745e-01,-2.063961297340179968e-01,-2.723707742771460105e-01,4.374371636982650746e-01,-5.692207142250885754e-01,2.085279971180043629e-02,7.847473629173797038e-02,-1.060195969748571471e-01,-2.441660048974358677e-01,6.631610982223855588e-01,7.085630738093626757e-01,8.315505373641834952e-02,-3.957168306858274698e-01,-4.470879229446401149e-01,8.299661925643656013e-02,6.583711662646614393e-02,-2.699836429611631172e-01,-2.861923984025476764e-01,-2.343365318556852872e-01,-4.893423576465353309e-01,-4.346244577228339234e-01,9.100425665113470730e-02,-3.114723145908414037e-01,-3.077452338145744704e-01,-4.088818585401861050e-01,5.673611521874732944e-01,-4.267918189874824741e-01,-1.420655380299598591e-01,-4.265351589595621773e-01,5.930574156236475547e-01,1.000000000000000000e+00
