1.000000000000000000e+00,5.538598991993509690e-01,6.125702852876672155e-01,3.903606611105112090e-01,7.055750131306006701e-01,3.386314318614476182e-01,-3.747464736840505073e-01,-3.761039624744318965e-01,7.972164800641786675e-01,6.762279517565995546e-01,8.816951944300210897e-02,4.939414959465961430e-01,-5.025781197058745153e-01,7.140293160701871589e-01,3.169124188476001303e-01,6.197602088300242507e-01,4.761149049408822664e-01,5.422039942995898754e-01,4.989263119826676252e-01,5.312478481371272210e-01,5.531536957009489663e-01,4.846472631037960221e-01,7.371691247537878189e-01,7.087269354317728975e-01,5.935329736836154613e-01,7.012057177230441862e-01,1.595753136448364862e-01,7.200575138885525472e-01,7.131390850315131313e-01,6.367860164890891683e-01,-1.104575124073597647e-01,2.111244328906602130e-01,4.858643103810956765e-01,6.007993715511019683e-01,4.447073167782952807e-01,4.042530027829276951e-01,5.848153207181137070e-01,7.500205254723997239e-01,6.838692400049560804e-01
5.538598991993509690e-01,1.000000000000000000e+00,3.126327341725210207e-01,-9.294347182554395237e-02,4.908655831894294663e-01,2.588550725976617728e-01,2.285975087610711207e-02,-3.414998944791705626e-01,4.400295292220661181e-01,4.964375766802264778e-01,4.468847950743357056e-01,2.593421989854138507e-02,1.112276180512256074e-01,6.045403257221189097e-01,-1.724149424394264551e-01,5.426263441978305124e-01,3.807195245236028591e-01,1.881623842796507351e-01,2.986161195985198025e-01,7.197721582498417536e-02,1.884522068655452576e-01,3.497200336671778542e-01,3.726664706244677272e-01,3.494381309912463762e-01,4.414214635983187418e-01,1.834622075954344955e-01,4.828426316606795887e-01,1.697687791272245172e-01,5.015196160933550473e-01,1.603665303739901515e-01,2.091066621800354852e-01,5.235540171060127923e-01,4.256001163139667698e-01,1.585363367805684709e-01,3.936840986235440876e-01,6.567677064150920785e-01,4.424278644611550071e-01,2.452123189732434982e-01,4.773786781665609880e-01
6.125702852876672155e-01,3.126327341725210207e-01,1.000000000000000000e+00,1.078999665601492047e-01,7.359615659958528289e-01,7.681252082778759760e-02,-3.544662075467326923e-01,-6.430478876263532317e-01,6.514696141679414687e-01,5.424916763524497698e-01,8.631124648698028368e-02,4.080680761089381381e-01,-3.494607737254261659e-01,6.150061383384882729e-01,1.949708187751044430e-01,3.430120322278070732e-01,3.982671768919439081e-01,2.753136416898032679e-01,5.579058392716220727e-01,3.562741840754375389e-01,6.486831937067862874e-01,6.583629643627154637e-01,5.618046868065976751e-01,5.463545956719502161e-01,4.204559180072265923e-01,4.740474609082029889e-01,1.621246770783975055e-01,5.240513393316837965e-01,4.557850672923050572e-01,4.658017788650393731e-01,5.374961210928233535e-02,2.022718658933722324e-01,7.723408319059906768e-01,6.630968718081996505e-01,2.646391088819203263e-01,2.055604381938088143e-01,2.325497916593065317e-01,5.644887048503732796e-01,5.006391479750952334e-01
3.903606611105112090e-01,-9.294347182554395237e-02,1.078999665601492047e-01,1.000000000000000000e+00,1.749799122175310362e-01,2.781594828001190955e-01,-1.944664142442677213e-01,9.611855935487112479e-02,4.979120019593600288e-01,2.632843157058530892e-01,-2.870221227675073261e-01,4.588347699709999783e-01,-6.150765075795371351e-01,2.093190983286856988e-01,6.287759943060646783e-01,2.987406024913149549e-01,3.217154168312614804e-01,6.165605835383419775e-01,1.555609587487484513e-01,7.690591352666609204e-01,4.152948209455530337e-01,7.456344851005408669e-02,3.681728149532001448e-01,3.821781645493451118e-01,1.276976491245238599e-01,7.051044839110621743e-01,-5.204026376547130628e-01,7.141767059810248952e-01,3.977430825381503277e-01,6.598820643810161535e-01,-5.235330530974564578e-01,-3.848889964134309394e-01,-5.370388472826259640e-02,3.580534365684386322e-01,-1.316894363704121385e-02,-7.265412676324765895e-02,3.695251270190929027e-01,5.929943540814006653e-01,1.157260075336288552e-01
7.055750131306006701e-01,4.908655831894294663e-01,7.359615659958528289e-01,1.749799122175310362e-01,1.000000000000000000e+00,3.092693462871709542e-01,-2.829380082310614664e-01,-5.328606576448515764e-01,7.155919030037684037e-01,7.015824947187339067e-01,2.904799855917768459e-01,4.978679699266781999e-01,-2.770803629769034160e-01,7.257643803398803328e-01,7.622334923270604468e-02,5.667042563866614424e-01,4.499418752474779182e-01,4.798168731917425434e-01,6.874528966190012191e-01,2.677418171152689541e-01,4.935781166688303356e-01,5.150177232379578030e-01,6.518680589211082177e-01,5.694338454541100214e-01,5.617194853373290719e-01,4.969565102547615076e-01,3.105375016058664617e-01,5.163421642046075455e-01,5.474520606418906699e-01,4.500355571796408327e-01,1.076732750927343329e-01,3.835955928207139820e-01,6.534503106526916572e-01,6.303279573416289416e-01,3.756229717411986857e-01,3.537018193603147509e-01,3.705497491904498619e-01,6.468685581316976352e-01,5.563270078568500754e-01
3.386314318614476182e-01,2.588550725976617728e-01,7.681252082778759760e-02,2.781594828001190955e-01,3.092693462871709542e-01,1.000000000000000000e+00,-2.643429322813647397e-01,4.707530380850274976e-02,2.962875882971054975e-01,4.839329790210787907e-01,4.090100580864253210e-01,3.816945483518416338e-01,-3.691067864456014092e-01,2.752100373861209315e-01,2.797826887341888225e-01,5.358297098979423190e-01,3.297369162144725419e-01,5.518258653002879877e-01,3.733598642328593842e-01,9.026033653516400690e-02,-6.949368905185850098e-02,-1.444087861165344391e-02,3.684431054122161431e-01,7.901942256821851973e-02,3.176911349055639988e-01,3.958224547717288377e-01,-1.207423906112077977e-01,3.669181277510760730e-01,4.990417856060721524e-01,4.050278914568279931e-01,-2.958742490024746652e-01,1.744095617258625552e-01,-2.280346204312592301e-02,6.012789247537225074e-02,4.125461615222517087e-01,1.894572297743415679e-01,4.984027060585404234e-01,4.056489136275112095e-01,8.630403466242507482e-02
-3.747464736840505073e-01,2.285975087610711207e-02,-3.544662075467326923e-01,-1.944664142442677213e-01,-2.829380082310614664e-01,-2.643429322813647397e-01,1.000000000000000000e+00,3.011828832817809998e-01,-4.150926271555591129e-01,-2.072023968783029413e-01,1.617580480562448020e-01,-4.134994778996478049e-01,6.645913231892085493e-01,-2.259404432131059404e-01,-3.765649005827402807e-01,-1.660358475260336197e-01,-8.265027704461851144e-02,-2.208393221334852552e-01,-3.151531001104391772e-01,-1.536996330857733906e-01,-1.788763101230407201e-02,-1.132823292103779661e-01,-4.130149356505537495e-01,-3.123619685107176247e-01,-3.092476569767658723e-01,-3.172722499535572394e-01,2.569996893565214546e-01,-3.870126913602087715e-01,-2.930014075066965096e-01,-4.118829180314873550e-01,4.822286968958818809e-01,8.669593438999567692e-02,-3.537220196459819974e-03,-4.060927138350561294e-01,-8.556926732446233641e-02,1.827292110794470348e-01,-2.594908862070259836e-01,-4.540144679363036229e-01,-2.769558290595111050e-01
-3.761039624744318965e-01,-3.414998944791705626e-01,-6.430478876263532317e-01,9.611855935487112479e-02,-5.328606576448515764e-01,4.707530380850274976e-02,3.011828832817809998e-01,1.000000000000000000e+00,-4.292866204278009135e-01,-3.561813113578486956e-01,-2.376976225312513735e-01,-2.301383424070578554e-01,1.845061938829163084e-01,-3.821611470284056455e-01,5.168495263899091502e-02,-2.390618865303558993e-01,-3.842960682840385056e-01,-7.165820955924728786e-02,-3.580974854892343129e-01,-6.026813029519688392e-02,-2.340382202163883707e-01,-4.361642192056826017e-01,-3.057758901993855027e-01,-4.204049412120952067e-01,-8.873677396292310726e-02,-1.923051342605188174e-01,-2.845877832775135508e-01,-1.915705006775072217e-01,-2.233813146129987048e-01,-2.079406415069413039e-01,-1.917368678211846811e-01,-2.327823808816288365e-01,-4.485591427917544061e-01,-3.586390163616923199e-01,-1.447855667460223594e-01,-9.421895983722146373e-02,-7.217303291892061823e-02,-3.024293062874678917e-01,-4.797514537705613313e-01
7.972164800641786675e-01,4.400295292220661181e-01,6.514696141679414687e-01,4.979120019593600288e-01,7.155919030037684037e-01,2.962875882971054975e-01,-4.150926271555591129e-01,-4.292866204278009135e-01,1.000000000000000000e+00,6.417701847633097145e-01,8.889990542077853830e-02,5.731947968161631435e-01,-5.588120655420657501e-01,7.611067744682230574e-01,4.214930925561832242e-01,5.515442015333172909e-01,5.532198961813233895e-01,5.873981113564773482e-01,5.541209315522201972e-01,6.001690740251380829e-01,5.795508806077042108e-01,4.608102965151190111e-01,6.891798598827411082e-01,7.668284749487268570e-01,5.228131738688300834e-01,7.199089663530970906e-01,-3.848199987615642109e-02,7.616063268107940987e-01,6.962802790005202525e-01,6.874036317667732154e-01,-2.477738261075722037e-01,1.542188239734799404e-01,5.089468651702665491e-01,7.389251768674361953e-01,2.820621483316939071e-01,2.240855946079970684e-01,5.246709667883519002e-01,7.920014275846857243e-01,6.240159852089429693e-01
6.762279517565995546e-01,4.964375766802264778e-01,5.424916763524497698e-01,2.632843157058530892e-01,7.015824947187339067e-01,4.839329790210787907e-01,-2.072023968783029413e-01,-3.561813113578486956e-01,6.417701847633097145e-01,1.000000000000000000e+00,3.328935322529183449e-01,6.403725768546817410e-01,-3.764150979346482795e-01,5.796386974905051170e-01,2.035559817945819527e-01,8.231278198239253552e-01,5.106585008636131962e-01,7.134191629791293288e-01,7.537722730866974752e-01,3.141815371470931817e-01,3.827887598904054500e-01,4.018496460305773232e-01,6.333789639765757817e-01,5.362986479877235313e-01,5.777604558458139250e-01,5.923393425417995406e-01,1.192062244403252064e-01,5.862123303742570180e-01,5.077560415790881576e-01,6.151213771862563684e-01,-8.480817003008019050e-02,3.223819831145337544e-01,3.970504728124582550e-01,3.675185844273721747e-01,4.947952817951876692e-01,4.510374810003822676e-01,5.027636130811860005e-01,7.293631560343445397e-01,4.797591793330248100e-01
8.816951944300210897e-02,4.468847950743357056e-01,8.631124648698028368e-02,-2.870221227675073261e-01,2.904799855917768459e-01,4.090100580864253210e-01,1.617580480562448020e-01,-2.376976225312513735e-01,8.889990542077853830e-02,3.328935322529183449e-01,1.000000000000000000e+00,6.883702323992521577e-02,2.730386463492082694e-01,3.331095943281559557e-01,-2.625363877791633271e-01,2.737472239355274173e-01,4.419646044230561843e-01,7.570150150119432653e-02,1.989925221860574800e-01,-3.614348315728371230e-01,-1.805455490607381919e-01,7.400429696303090221e-02,3.848436785460068038e-02,1.745922645363221296e-02,5.304148014277686174e-02,-5.003336068721798979e-02,3.704994548640687668e-01,-1.185024086506647339e-01,2.794444975555681054e-01,-1.518364468604528617e-01,3.041664392457600896e-01,5.991037674349409814e-01,2.222181693414078396e-01,-5.898778142140884487e-03,3.887380038814500782e-01,1.874802317943097263e-01,2.819158717827599525e-01,2.980130188205479952e-02,1.758807548453180103e-01
4.939414959465961430e-01,2.593421989854138507e-02,4.080680761089381381e-01,4.588347699709999783e-01,4.978679699266781999e-01,3.816945483518416338e-01,-4.134994778996478049e-01,-2.301383424070578554e-01,5.731947968161631435e-01,6.403725768546817410e-01,6.883702323992521577e-02,1.000000000000000000e+00,-6.406598721427969600e-01,3.662945193458370108e-01,5.059898839829480854e-01,5.223550004375664413e-01,4.304275223603447054e-01,6.908515125815635205e-01,6.243626099197199242e-01,3.515335814747727050e-01,2.338421207782568068e-01,2.448658221758287235e-01,5.281832371604022747e-01,4.884186882679259489e-01,3.472748395894295625e-01,6.134199649558502720e-01,-1.808577275008875773e-01,6.050164232014170196e-01,4.204910082565948559e-01,6.042236814039116943e-01,-3.464980283292027896e-01,5.394140320340528455e-02,1.137255655899309797e-01,4.718507548828951292e-01,2.700735666729159878e-01,-1.001508455246973989e-01,3.422919332407363679e-01,7.657446388605272380e-01,3.225470835686199966e-01
-5.025781197058745153e-01,1.112276180512256074e-01,-3.494607737254261659e-01,-6.150765075795371351e-01,-2.770803629769034160e-01,-3.691067864456014092e-01,6.645913231892085493e-01,1.845061938829163084e-01,-5.588120655420657501e-01,-3.764150979346482795e-01,2.730386463492082694e-01,-6.406598721427969600e-01,1.000000000000000000e+00,-2.722677449331916688e-01,-7.304733835752791338e-01,-3.306783551724311598e-01,-3.072444608630575114e-01,-5.551426399514890475e-01,-3.485116700006360424e-01,-5.299569719886040309e-01,-2.590704254052235700e-01,-1.180000939002159716e-01,-5.095089483956066756e-01,-4.972291379039897041e-01,-2.609382491319828246e-01,-6.869095262921073308e-01,5.019519587667857774e-01,-6.983919891064928054e-01,-4.473178649336401191e-01,-7.326600722756285711e-01,6.271992397878960457e-01,3.057977316053981376e-01,5.602209577387148864e-02,-4.670627334628359995e-01,-1.025699354652687828e-01,2.130244451882109813e-01,-3.909229710952151216e-01,-6.960144264504152245e-01,-2.391835842535080525e-01
7.140293160701871589e-01,6.045403257221189097e-01,6.150061383384882729e-01,2.093190983286856988e-01,7.257643803398803328e-01,2.752100373861209315e-01,-2.259404432131059404e-01,-3.821611470284056455e-01,7.611067744682230574e-01,5.796386974905051170e-01,3.331095943281559557e-01,3.662945193458370108e-01,-2.722677449331916688e-01,1.000000000000000000e+00,1.923320532849811249e-01,4.720735500895039682e-01,5.360307762894804817e-01,3.588708907485440580e-01,4.584491297640119756e-01,3.518524219721390622e-01,5.109710414845519688e-01,3.990976545207176596e-01,6.433702776629114384e-01,6.656954700866150043e-01,6.023876899383476813e-01,5.136007350190858745e-01,2.057196679319398258e-01,5.312402493069408038e-01,7.169212777028221018e-01,4.058948981137885381e-01,1.368812485135800956e-02,4.504714822581247224e-01,6.404729055147173611e-01,6.933667794191412659e-01,4.046347916176271653e-01,3.097575910248140940e-01,5.622531444881527785e-01,6.048305561247993012e-01,5.243595274714687449e-01
3.169124188476001303e-01,-1.724149424394264551e-01,1.949708187751044430e-01,6.287759943060646783e-01,7.622334923270604468e-02,2.797826887341888225e-01,-3.765649005827402807e-01,5.168495263899091502e-02,4.214930925561832242e-01,2.035559817945819527e-01,-2.625363877791633271e-01,5.059898839829480854e-01,-7.304733835752791338e-01,1.923320532849811249e-01,1.000000000000000000e+00,1.325372943334296172e-01,2.645223370971662713e-01,4.136824828478100069e-01,1.031122249699806676e-01,5.748797585654055187e-01,2.787704899014559201e-01,1.318804249779531867e-01,2.155795861341430475e-01,3.250531457550530634e-01,5.610651277692500077e-02,6.143516432802239580e-01,-6.346295616302499720e-01,6.182432776596497037e-01,4.208424014498164389e-01,6.129677721769238863e-01,-6.741179450730210299e-01,-4.642977119338999037e-01,-7.757483860172377510e-02,4.282821463538128981e-01,-8.093547170319728701e-02,-2.995838193113891101e-01,2.859432973254684152e-01,5.369986900554359899e-01,5.740671775225601042e-02
6.197602088300242507e-01,5.426263441978305124e-01,3.430120322278070732e-01,2.987406024913149549e-01,5.667042563866614424e-01,5.358297098979423190e-01,-1.660358475260336197e-01,-2.390618865303558993e-01,5.515442015333172909e-01,8.231278198239253552e-01,2.737472239355274173e-01,5.223550004375664413e-01,-3.306783551724311598e-01,4.720735500895039682e-01,1.325372943334296172e-01,1.000000000000000000e+00,4.491496967439590482e-01,7.183245868737639928e-01,6.197547977718808054e-01,2.886531562181446908e-01,2.537695100412359905e-01,3.305693329307727857e-01,6.262220757095765533e-01,4.680571019819379508e-01,5.896755977112834168e-01,5.395630657256776930e-01,1.363124731630352138e-01,5.252217217179772080e-01,4.070550526578037842e-01,5.728458875820461316e-01,-9.948432930850793776e-02,2.715832044527520250e-01,2.476422827651136027e-01,2.178124712773465421e-01,4.288621632411441786e-01,5.037999140830685674e-01,4.878137787124864899e-01,6.350476153290481873e-01,4.120531241311399806e-01
4.761149049408822664e-01,3.807195245236028591e-01,3.982671768919439081e-01,3.217154168312614804e-01,4.499418752474779182e-01,3.297369162144725419e-01,-8.265027704461851144e-02,-3.842960682840385056e-01,5.532198961813233895e-01,5.106585008636131962e-01,4.419646044230561843e-01,4.304275223603447054e-01,-3.072444608630575114e-01,5.360307762894804817e-01,2.645223370971662713e-01,4.491496967439590482e-01,1.000000000000000000e+00,4.471605998820461503e-01,2.863163169289009713e-01,3.404107793155634054e-01,3.907458051751286909e-01,2.595887492428685106e-01,4.027249132524012287e-01,4.986021162654353245e-01,1.571566633961732629e-01,5.960503319996925953e-01,1.270291540064348058e-02,5.227981993048830267e-01,6.394597508303148103e-01,4.593628450727929025e-01,-1.697536376444246445e-02,3.115261610535320358e-01,3.608151659519683863e-01,4.099277447716705991e-01,4.685720516556814430e-01,1.177751506936054876e-01,5.706098847262933704e-01,5.733963412657097081e-01,3.155634258862731190e-01
5.422039942995898754e-01,1.881623842796507351e-01,2.753136416898032679e-01,6.165605835383419775e-01,4.798168731917425434e-01,5.518258653002879877e-01,-2.208393221334852552e-01,-7.165820955924728786e-02,5.873981113564773482e-01,7.134191629791293288e-01,7.570150150119432653e-02,6.908515125815635205e-01,-5.551426399514890475e-01,3.588708907485440580e-01,4.136824828478100069e-01,7.183245868737639928e-01,4.471605998820461503e-01,1.000000000000000000e+00,6.202314609296941672e-01,4.898233427703068688e-01,3.098081584423911239e-01,1.142510045182624778e-01,5.551760384399265780e-01,4.562366863794736771e-01,4.159252457632973687e-01,7.286198308051011763e-01,-2.615748935803071107e-01,7.290051571305884437e-01,4.738858084298674944e-01,6.953446522265519514e-01,-3.697818685143411943e-01,-1.387661029809621020e-03,1.030033183207920561e-01,2.672984868732949382e-01,3.478699750778523891e-01,2.056938086642720320e-01,4.985095087888310461e-01,7.731885741867268180e-01,2.271031345374912302e-01
4.989263119826676252e-01,2.986161195985198025e-01,5.579058392716220727e-01,1.555609587487484513e-01,6.874528966190012191e-01,3.733598642328593842e-01,-3.151531001104391772e-01,-3.580974854892343129e-01,5.541209315522201972e-01,7.537722730866974752e-01,1.989925221860574800e-01,6.243626099197199242e-01,-3.485116700006360424e-01,4.584491297640119756e-01,1.031122249699806676e-01,6.197547977718808054e-01,2.863163169289009713e-01,6.202314609296941672e-01,1.000000000000000000e+00,1.895442501583987915e-01,2.801614339457882963e-01,2.853261810507754515e-01,5.784826424268563194e-01,3.903268750624869776e-01,5.717533390066837917e-01,3.773608623314532728e-01,3.975005943838248734e-02,4.309207354097246978e-01,3.411163320925945652e-01,4.708613457136258118e-01,-1.365832116858148315e-01,2.805671746392956467e-01,3.646185368010442240e-01,3.339953226079368509e-01,3.563654474808172212e-01,3.143641344236248747e-01,3.410571738812041009e-01,6.149624438838895424e-01,3.483848073967540926e-01
5.312478481371272210e-01,7.197721582498417536e-02,3.562741840754375389e-01,7.690591352666609204e-01,2.677418171152689541e-01,9.026033653516400690e-02,-1.536996330857733906e-01,-6.026813029519688392e-02,6.001690740251380829e-01,3.141815371470931817e-01,-3.614348315728371230e-01,3.515335814747727050e-01,-5.299569719886040309e-01,3.518524219721390622e-01,5.748797585654055187e-01,2.886531562181446908e-01,3.404107793155634054e-01,4.898233427703068688e-01,1.895442501583987915e-01,1.000000000000000000e+00,7.005517268531585851e-01,2.829798176259313847e-01,4.538521951554901346e-01,5.197380191339532329e-01,2.379180529818613610e-01,7.132572510111370168e-01,-3.573708699284501300e-01,7.596970870044518209e-01,4.625916870752435628e-01,7.023313095264199779e-01,-3.725562009772450112e-01,-2.958714256498354844e-01,2.686756252795040045e-01,4.759351806835484533e-01,4.310138285563932387e-02,1.262024816762212232e-01,3.473714373994766236e-01,5.884089532444894965e-01,2.806399576553295083e-01
5.531536957009489663e-01,1.884522068655452576e-01,6.486831937067862874e-01,4.152948209455530337e-01,4.935781166688303356e-01,-6.949368905185850098e-02,-1.788763101230407201e-02,-2.340382202163883707e-01,5.795508806077042108e-01,3.827887598904054500e-01,-1.805455490607381919e-01,2.338421207782568068e-01,-2.590704254052235700e-01,5.109710414845519688e-01,2.787704899014559201e-01,2.537695100412359905e-01,3.907458051751286909e-01,3.098081584423911239e-01,2.801614339457882963e-01,7.005517268531585851e-01,1.000000000000000000e+00,5.292698508831183979e-01,4.643074909087183122e-01,5.327082233469205841e-01,3.228192068991281860e-01,6.009189207119113307e-01,-1.851468188715029231e-02,6.437843170359962564e-01,4.234701254136442050e-01,4.944124565613917666e-01,1.155807090984146621e-02,-2.534543576462599743e-02,6.997940395511081935e-01,6.027173812499055927e-01,1.996101686944466436e-01,2.853036356637572157e-01,2.584374062926744209e-01,5.312975906074838273e-01,3.673760547132099985e-01
4.846472631037960221e-01,3.497200336671778542e-01,6.583629643627154637e-01,7.456344851005408669e-02,5.150177232379578030e-01,-1.444087861165344391e-02,-1.132823292103779661e-01,-4.361642192056826017e-01,4.608102965151190111e-01,4.018496460305773232e-01,7.400429696303090221e-02,2.448658221758287235e-01,-1.180000939002159716e-01,3.990976545207176596e-01,1.318804249779531867e-01,3.305693329307727857e-01,2.595887492428685106e-01,1.142510045182624778e-01,2.853261810507754515e-01,2.829798176259313847e-01,5.292698508831183979e-01,1.000000000000000000e+00,3.292050291872166690e-01,4.107891982321657531e-01,2.793000522149842180e-01,3.236784417469875108e-01,2.957703281598339506e-01,3.492786735694706213e-01,2.454549242638029150e-01,3.010901778077501589e-01,1.651765816253251140e-01,9.725910488681518973e-02,6.298413916733551776e-01,4.987191783514802745e-01,7.645201014280979257e-02,2.774432139610998327e-01,5.654580789882568403e-02,3.363628802691205899e-01,5.641428554500657055e-01
7.371691247537878189e-01,3.726664706244677272e-01,5.618046868065976751e-01,3.681728149532001448e-01,6.518680589211082177e-01,3.684431054122161431e-01,-4.130149356505537495e-01,-3.057758901993855027e-01,6.891798598827411082e-01,6.333789639765757817e-01,3.848436785460068038e-02,5.281832371604022747e-01,-5.095089483956066756e-01,6.433702776629114384e-01,2.155795861341430475e-01,6.262220757095765533e-01,4.027249132524012287e-01,5.551760384399265780e-01,5.784826424268563194e-01,4.538521951554901346e-01,4.643074909087183122e-01,3.292050291872166690e-01,1.000000000000000000e+00,6.522106657510373662e-01,7.381092403158227011e-01,6.012587330202264768e-01,1.163979405722773003e-01,6.357664972444918572e-01,5.660951032527364868e-01,5.897492606040161123e-01,-1.099622502418300396e-01,3.135590187107304416e-01,4.420580218526828364e-01,5.296728455949064607e-01,4.433781010578175530e-01,2.988590021209740488e-01,5.165094167216954801e-01,6.969788520741083682e-01,4.848667031672906358e-01
7.087269354317728975e-01,3.494381309912463762e-01,5.463545956719502161e-01,3.821781645493451118e-01,5.694338454541100214e-01,7.901942256821851973e-02,-3.123619685107176247e-01,-4.204049412120952067e-01,7.668284749487268570e-01,5.362986479877235313e-01,1.745922645363221296e-02,4.884186882679259489e-01,-4.972291379039897041e-01,6.656954700866150043e-01,3.250531457550530634e-01,4.680571019819379508e-01,4.986021162654353245e-01,4.562366863794736771e-01,3.903268750624869776e-01,5.197380191339532329e-01,5.327082233469205841e-01,4.107891982321657531e-01,6.522106657510373662e-01,1.000000000000000000e+00,4.973157862363141168e-01,6.433992611799682626e-01,5.208054513592935003e-02,6.563971214342791960e-01,5.526447586957868863e-01,5.794602651620192058e-01,-1.019415335234500480e-01,1.142677297828808419e-01,4.412607859219965234e-01,6.667614705506156314e-01,2.716290645853834951e-01,1.016697531959479955e-01,4.108633252799912539e-01,6.871470142398204972e-01,5.951858254994121245e-01
5.935329736836154613e-01,4.414214635983187418e-01,4.204559180072265923e-01,1.276976491245238599e-01,5.617194853373290719e-01,3.176911349055639988e-01,-3.092476569767658723e-01,-8.873677396292310726e-02,5.228131738688300834e-01,5.777604558458139250e-01,5.304148014277686174e-02,3.472748395894295625e-01,-2.609382491319828246e-01,6.023876899383476813e-01,5.610651277692500077e-02,5.896755977112834168e-01,1.571566633961732629e-01,4.159252457632973687e-01,5.717533390066837917e-01,2.379180529818613610e-01,3.228192068991281860e-01,2.793000522149842180e-01,7.381092403158227011e-01,4.973157862363141168e-01,1.000000000000000000e+00,3.311624038543234949e-01,1.467841721795004051e-01,4.078969013218100570e-01,4.021246863655402737e-01,3.865194930057424538e-01,-9.887854049169027271e-02,3.364335691116429050e-01,4.148030726870969853e-01,4.009032039434865524e-01,4.113408196398896099e-01,4.167631265217470737e-01,4.391560536177734897e-01,5.005107612314358967e-01,4.027890762928006962e-01
7.012057177230441862e-01,1.834622075954344955e-01,4.740474609082029889e-01,7.051044839110621743e-01,4.969565102547615076e-01,3.958224547717288377e-01,-3.172722499535572394e-01,-1.923051342605188174e-01,7.199089663530970906e-01,5.923393425417995406e-01,-5.003336068721798979e-02,6.134199649558502720e-01,-6.869095262921073308e-01,5.136007350190858745e-01,6.143516432802239580e-01,5.395630657256776930e-01,5.960503319996925953e-01,7.286198308051011763e-01,3.773608623314532728e-01,7.132572510111370168e-01,6.009189207119113307e-01,3.236784417469875108e-01,6.012587330202264768e-01,6.433992611799682626e-01,3.311624038543234949e-01,1.000000000000000000e+00,-2.434958238576912792e-01,8.998131286171786591e-01,6.679972734569157300e-01,7.880924055499769487e-01,-3.163645913356470385e-01,-1.079826296382045830e-01,2.989524753757914488e-01,5.572769947477947960e-01,3.093649109139596232e-01,1.212619191101080712e-01,5.217108400087169251e-01,8.309938980224115257e-01,3.365541103350783159e-01
1.595753136448364862e-01,4.828426316606795887e-01,1.621246770783975055e-01,-5.204026376547130628e-01,3.105375016058664617e-01,-1.207423906112077977e-01,2.569996893565214546e-01,-2.845877832775135508e-01,-3.848199987615642109e-02,1.192062244403252064e-01,3.704994548640687668e-01,-1.808577275008875773e-01,5.019519587667857774e-01,2.057196679319398258e-01,-6.346295616302499720e-01,1.363124731630352138e-01,1.270291540064348058e-02,-2.615748935803071107e-01,3.975005943838248734e-02,-3.573708699284501300e-01,-1.851468188715029231e-02,2.957703281598339506e-01,1.163979405722773003e-01,5.208054513592935003e-02,1.467841721795004051e-01,-2.434958238576912792e-01,1.000000000000000000e+00,-3.027929884022241835e-01,-8.266503185991846622e-03,-3.259207021700099571e-01,7.886051814318909559e-01,6.232717413133548323e-01,3.785523869409209152e-01,-4.624154902997126837e-02,2.521686103911631172e-01,4.307911280337271553e-01,-1.221941516894042151e-01,-1.911739213244517954e-01,2.893001314987873607e-01
7.200575138885525472e-01,1.697687791272245172e-01,5.240513393316837965e-01,7.141767059810248952e-01,5.163421642046075455e-01,3.669181277510760730e-01,-3.870126913602087715e-01,-1.915705006775072217e-01,7.616063268107940987e-01,5.862123303742570180e-01,-1.185024086506647339e-01,6.050164232014170196e-01,-6.983919891064928054e-01,5.312402493069408038e-01,6.182432776596497037e-01,5.252217217179772080e-01,5.227981993048830267e-01,7.290051571305884437e-01,4.309207354097246978e-01,7.596970870044518209e-01,6.437843170359962564e-01,3.492786735694706213e-01,6.357664972444918572e-01,6.563971214342791960e-01,4.078969013218100570e-01,8.998131286171786591e-01,-3.027929884022241835e-01,1.000000000000000000e+00,6.390192622798860356e-01,7.943246964774691721e-01,-3.929063481983520734e-01,-1.341635881841546918e-01,3.533775781507239033e-01,6.150698292319913829e-01,2.880554937473510102e-01,1.268654878516892737e-01,5.259082711059147597e-01,8.483871073100479610e-01,3.882569448022775149e-01
7.131390850315131313e-01,5.015196160933550473e-01,4.557850672923050572e-01,3.977430825381503277e-01,5.474520606418906699e-01,4.990417856060721524e-01,-2.930014075066965096e-01,-2.233813146129987048e-01,6.962802790005202525e-01,5.077560415790881576e-01,2.794444975555681054e-01,4.204910082565948559e-01,-4.473178649336401191e-01,7.169212777028221018e-01,4.208424014498164389e-01,4.070550526578037842e-01,6.394597508303148103e-01,4.738858084298674944e-01,3.411163320925945652e-01,4.625916870752435628e-01,4.234701254136442050e-01,2.454549242638029150e-01,5.660951032527364868e-01,5.526447586957868863e-01,4.021246863655402737e-01,6.679972734569157300e-01,-8.266503185991846622e-03,6.390192622798860356e-01,1.000000000000000000e+00,5.519938779565073395e-01,-1.959933050927030185e-01,3.035123238073219598e-01,3.954946717285985347e-01,5.298057617286655585e-01,4.786515482271043176e-01,2.137313638848490627e-01,7.028610657391681782e-01,6.321079765490671409e-01,3.815922523239719810e-01
6.367860164890891683e-01,1.603665303739901515e-01,4.658017788650393731e-01,6.598820643810161535e-01,4.500355571796408327e-01,4.050278914568279931e-01,-4.118829180314873550e-01,-2.079406415069413039e-01,6.874036317667732154e-01,6.151213771862563684e-01,-1.518364468604528617e-01,6.042236814039116943e-01,-7.326600722756285711e-01,4.058948981137885381e-01,6.129677721769238863e-01,5.728458875820461316e-01,4.593628450727929025e-01,6.953446522265519514e-01,4.708613457136258118e-01,7.023313095264199779e-01,4.944124565613917666e-01,3.010901778077501589e-01,5.897492606040161123e-01,5.794602651620192058e-01,3.865194930057424538e-01,7.880924055499769487e-01,-3.259207021700099571e-01,7.943246964774691721e-01,5.519938779565073395e-01,1.000000000000000000e+00,-4.411702141474515004e-01,-1.885420973466595262e-01,1.893357272992036988e-01,4.353873526604926103e-01,1.898745500570005185e-01,1.712663070560483392e-01,4.453855397570113395e-01,7.475505305491052521e-01,3.611883623537524568e-01
-1.104575124073597647e-01,2.091066621800354852e-01,5.374961210928233535e-02,-5.235330530974564578e-01,1.076732750927343329e-01,-2.958742490024746652e-01,4.822286968958818809e-01,-1.917368678211846811e-01,-2.477738261075722037e-01,-8.480817003008019050e-02,3.041664392457600896e-01,-3.464980283292027896e-01,6.271992397878960457e-01,1.368812485135800956e-02,-6.741179450730210299e-01,-9.948432930850793776e-02,-1.697536376444246445e-02,-3.697818685143411943e-01,-1.365832116858148315e-01,-3.725562009772450112e-01,1.155807090984146621e-02,1.651765816253251140e-01,-1.099622502418300396e-01,-1.019415335234500480e-01,-9.887854049169027271e-02,-3.163645913356470385e-01,7.886051814318909559e-01,-3.929063481983520734e-01,-1.959933050927030185e-01,-4.411702141474515004e-01,1.000000000000000000e+00,4.817851780123371119e-01,3.343396353055776427e-01,-1.708892946506132826e-01,1.637147328846056404e-01,3.043196556696507460e-01,-2.463930057085632341e-01,-3.674293066481186254e-01,2.437848193445782061e-02
2.111244328906602130e-01,5.235540171060127923e-01,2.022718658933722324e-01,-3.848889964134309394e-01,3.835955928207139820e-01,1.744095617258625552e-01,8.669593438999567692e-02,-2.327823808816288365e-01,1.542188239734799404e-01,3.223819831145337544e-01,5.991037674349409814e-01,5.394140320340528455e-02,3.057977316053981376e-01,4.504714822581247224e-01,-4.642977119338999037e-01,2.715832044527520250e-01,3.115261610535320358e-01,-1.387661029809621020e-03,2.805671746392956467e-01,-2.958714256498354844e-01,-2.534543576462599743e-02,9.725910488681518973e-02,3.135590187107304416e-01,1.142677297828808419e-01,3.364335691116429050e-01,-1.079826296382045830e-01,6.232717413133548323e-01,-1.341635881841546918e-01,3.035123238073219598e-01,-1.885420973466595262e-01,4.817851780123371119e-01,1.000000000000000000e+00,3.869563930585728229e-01,6.917743637042886307e-02,5.550699188915740878e-01,3.439700073274895575e-01,3.511291570164937204e-01,4.426457976429011565e-02,2.316270318442896214e-01
4.858643103810956765e-01,4.256001163139667698e-01,7.723408319059906768e-01,-5.370388472826259640e-02,6.534503106526916572e-01,-2.280346204312592301e-02,-3.537220196459819974e-03,-4.485591427917544061e-01,5.089468651702665491e-01,3.970504728124582550e-01,2.222181693414078396e-01,1.137255655899309797e-01,5.602209577387148864e-02,6.404729055147173611e-01,-7.757483860172377510e-02,2.476422827651136027e-01,3.608151659519683863e-01,1.030033183207920561e-01,3.646185368010442240e-01,2.686756252795040045e-01,6.997940395511081935e-01,6.298413916733551776e-01,4.420580218526828364e-01,4.412607859219965234e-01,4.148030726870969853e-01,2.989524753757914488e-01,3.785523869409209152e-01,3.533775781507239033e-01,3.954946717285985347e-01,1.893357272992036988e-01,3.343396353055776427e-01,3.869563930585728229e-01,1.000000000000000000e+00,5.867156121467774765e-01,3.165439390135982856e-01,3.406105306050838943e-01,1.742520082501529677e-01,3.458928771940381619e-01,4.482496754713304332e-01
6.007993715511019683e-01,1.585363367805684709e-01,6.630968718081996505e-01,3.580534365684386322e-01,6.303279573416289416e-01,6.012789247537225074e-02,-4.060927138350561294e-01,-3.586390163616923199e-01,7.389251768674361953e-01,3.675185844273721747e-01,-5.898778142140884487e-03,4.718507548828951292e-01,-4.670627334628359995e-01,6.933667794191412659e-01,4.282821463538128981e-01,2.178124712773465421e-01,4.099277447716705991e-01,2.672984868732949382e-01,3.339953226079368509e-01,4.759351806835484533e-01,6.027173812499055927e-01,4.987191783514802745e-01,5.296728455949064607e-01,6.667614705506156314e-01,4.009032039434865524e-01,5.572769947477947960e-01,-4.624154902997126837e-02,6.150698292319913829e-01,5.298057617286655585e-01,4.353873526604926103e-01,-1.708892946506132826e-01,6.917743637042886307e-02,5.867156121467774765e-01,1.000000000000000000e+00,1.208258681329855422e-01,-9.496261922398392674e-02,3.028329321044725964e-01,6.408097392055006614e-01,5.372255905415641575e-01
4.447073167782952807e-01,3.936840986235440876e-01,2.646391088819203263e-01,-1.316894363704121385e-02,3.756229717411986857e-01,4.125461615222517087e-01,-8.556926732446233641e-02,-1.447855667460223594e-01,2.820621483316939071e-01,4.947952817951876692e-01,3.887380038814500782e-01,2.700735666729159878e-01,-1.025699354652687828e-01,4.046347916176271653e-01,-8.093547170319728701e-02,4.288621632411441786e-01,4.685720516556814430e-01,3.478699750778523891e-01,3.563654474808172212e-01,4.310138285563932387e-02,1.996101686944466436e-01,7.645201014280979257e-02,4.433781010578175530e-01,2.716290645853834951e-01,4.113408196398896099e-01,3.093649109139596232e-01,2.521686103911631172e-01,2.880554937473510102e-01,4.786515482271043176e-01,1.898745500570005185e-01,1.637147328846056404e-01,5.550699188915740878e-01,3.165439390135982856e-01,1.208258681329855422e-01,1.000000000000000000e+00,3.706618829418856786e-01,6.527335699860180585e-01,3.816439807922422101e-01,2.299708945547249417e-01
4.042530027829276951e-01,6.567677064150920785e-01,2.055604381938088143e-01,-7.265412676324765895e-02,3.537018193603147509e-01,1.894572297743415679e-01,1.827292110794470348e-01,-9.421895983722146373e-02,2.240855946079970684e-01,4.510374810003822676e-01,1.874802317943097263e-01,-1.001508455246973989e-01,2.130244451882109813e-01,3.097575910248140940e-01,-2.995838193113891101e-01,5.037999140830685674e-01,1.177751506936054876e-01,2.056938086642720320e-01,3.143641344236248747e-01,1.262024816762212232e-01,2.853036356637572157e-01,2.774432139610998327e-01,2.988590021209740488e-01,1.016697531959479955e-01,4.167631265217470737e-01,1.212619191101080712e-01,4.307911280337271553e-01,1.268654878516892737e-01,2.137313638848490627e-01,1.712663070560483392e-01,3.043196556696507460e-01,3.439700073274895575e-01,3.406105306050838943e-01,-9.496261922398392674e-02,3.706618829418856786e-01,1.000000000000000000e+00,2.793797253699799032e-01,1.176043298703479678e-01,2.662278421543583518e-01
5.848153207181137070e-01,4.424278644611550071e-01,2.325497916593065317e-01,3.695251270190929027e-01,3.705497491904498619e-01,4.984027060585404234e-01,-2.594908862070259836e-01,-7.217303291892061823e-02,5.246709667883519002e-01,5.027636130811860005e-01,2.819158717827599525e-01,3.422919332407363679e-01,-3.909229710952151216e-01,5.622531444881527785e-01,2.859432973254684152e-01,4.878137787124864899e-01,5.706098847262933704e-01,4.985095087888310461e-01,3.410571738812041009e-01,3.473714373994766236e-01,2.584374062926744209e-01,5.654580789882568403e-02,5.165094167216954801e-01,4.108633252799912539e-01,4.391560536177734897e-01,5.217108400087169251e-01,-1.221941516894042151e-01,5.259082711059147597e-01,7.028610657391681782e-01,4.453855397570113395e-01,-2.463930057085632341e-01,3.511291570164937204e-01,1.742520082501529677e-01,3.028329321044725964e-01,6.527335699860180585e-01,2.793797253699799032e-01,1.000000000000000000e+00,5.528541001718668690e-01,2.745816649114445340e-01
7.500205254723997239e-01,2.452123189732434982e-01,5.644887048503732796e-01,5.929943540814006653e-01,6.468685581316976352e-01,4.056489136275112095e-01,-4.540144679363036229e-01,-3.024293062874678917e-01,7.920014275846857243e-01,7.293631560343445397e-01,2.980130188205479952e-02,7.657446388605272380e-01,-6.960144264504152245e-01,6.048305561247993012e-01,5.369986900554359899e-01,6.350476153290481873e-01,5.733963412657097081e-01,7.731885741867268180e-01,6.149624438838895424e-01,5.884089532444894965e-01,5.312975906074838273e-01,3.363628802691205899e-01,6.969788520741083682e-01,6.871470142398204972e-01,5.005107612314358967e-01,8.309938980224115257e-01,-1.911739213244517954e-01,8.483871073100479610e-01,6.321079765490671409e-01,7.475505305491052521e-01,-3.674293066481186254e-01,4.426457976429011565e-02,3.458928771940381619e-01,6.408097392055006614e-01,3.816439807922422101e-01,1.176043298703479678e-01,5.528541001718668690e-01,1.000000000000000000e+00,4.678045420807726562e-01
6.838692400049560804e-01,4.773786781665609880e-01,5.006391479750952334e-01,1.157260075336288552e-01,5.563270078568500754e-01,8.630403466242507482e-02,-2.769558290595111050e-01,-4.797514537705613313e-01,6.240159852089429693e-01,4.797591793330248100e-01,1.758807548453180103e-01,3.225470835686199966e-01,-2.391835842535080525e-01,5.243595274714687449e-01,5.740671775225601042e-02,4.120531241311399806e-01,3.155634258862731190e-01,2.271031345374912302e-01,3.483848073967540926e-01,2.806399576553295083e-01,3.673760547132099985e-01,5.641428554500657055e-01,4.848667031672906358e-01,5.951858254994121245e-01,4.027890762928006962e-01,3.365541103350783159e-01,2.893001314987873607e-01,3.882569448022775149e-01,3.815922523239719810e-01,3.611883623537524568e-01,2.437848193445782061e-02,2.316270318442896214e-01,4.482496754713304332e-01,5.372255905415641575e-01,2.299708945547249417e-01,2.662278421543583518e-01,2.745816649114445340e-01,4.678045420807726562e-01,1.000000000000000000e+00
