1.000000000000000000e+00,3.253984125137693306e-01,2.173998737410136051e-01,3.884968587843178334e-01,3.645879295558322464e-01,-1.021526366345386905e-01,-4.354135777857667255e-01,-3.513132043191690701e-01,5.078043517491220848e-01,2.051549461295380239e-01,-1.403675603967283192e-01,1.153906450755838309e-01,-2.309221780084204922e-01,4.393885378017966525e-01,4.283650243212611675e-01,4.978006347672621623e-01,-9.123665600429886613e-02,5.063124614924814360e-01,1.124614403712378280e-01,4.545221766819930453e-02,-2.374720380884238757e-01,-3.510208556971949334e-01,9.705173374982528633e-02,4.453204022119932604e-01,-1.084943426722026205e-01,4.394390287766977155e-01,1.352077745752841564e-01,5.246097436174452372e-02,4.126760045669686794e-01,2.804266209015461864e-01,-2.307447081419113089e-01,-3.248869579046395617e-02,-1.639431478501071904e-01,3.569871499359064670e-01,1.216314513869721226e-01,4.473394435516258039e-01,1.815428271951544381e-01,6.070692760557863110e-01,4.876042225602147950e-01
3.253984125137693306e-01,1.000000000000000000e+00,5.044887196819620723e-01,-4.605544645910071566e-02,5.198408439580525231e-01,1.377594644509373967e-01,1.993686622015871379e-01,-4.579088282265605936e-01,1.774263239155295935e-01,4.819736797592520383e-01,-5.002895590033162865e-02,1.010699829293446456e-01,2.579991771088369079e-01,5.407567388037428646e-01,-1.494423202919335503e-01,5.511941652569617434e-01,-1.360971963115542582e-01,1.215082559534878537e-01,4.537683838820688598e-01,-1.376659992606938006e-02,1.580678407526633356e-01,3.037000305116400178e-01,3.911449255940978031e-01,4.301263242800018594e-01,3.086785473924495427e-01,3.494775845521289614e-01,4.687741893542259342e-01,8.833929820980228331e-02,1.382337185562687865e-01,5.092012133565760879e-01,4.383937546023267684e-01,3.732495571775771848e-01,2.850826521901226318e-01,9.298976008095899415e-02,1.098359510333733191e-01,5.514081767791123578e-01,3.308238715087318260e-01,2.269423322882610783e-01,3.931912946776263129e-01
2.173998737410136051e-01,5.044887196819620723e-01,1.000000000000000000e+00,4.427877331627005225e-02,5.800948653936480737e-01,5.874522132082360404e-02,2.369086459612048112e-01,-6.536929472598452806e-01,1.838163249888481732e-01,3.547376690421733536e-01,-4.415633381688711424e-03,8.288409558597671645e-02,6.413892591715711355e-02,4.626640755652844939e-01,-9.406672293735991730e-02,3.995348931312329710e-01,-2.069095630061196511e-01,2.047105413443955357e-01,5.702076370552167095e-01,1.071308350330552744e-01,3.030413594087549845e-01,4.233984161588565942e-01,3.294359602535176235e-01,2.474129784243752073e-01,2.159304048228205541e-01,3.468811528632851915e-01,3.742684852569011511e-01,1.947012265625451266e-01,1.901380667372792044e-01,3.860221847484074376e-01,4.834710834503028187e-01,2.695056414621672669e-01,3.876220713796415529e-01,1.530111751333193548e-01,1.507849286070802042e-01,3.324724243722361194e-01,2.083442681718607192e-01,2.828386015836104050e-01,2.953111437579950538e-01
3.884968587843178334e-01,-4.605544645910071566e-02,4.427877331627005225e-02,1.000000000000000000e+00,2.428629186648421923e-01,-1.908834622146912685e-01,-1.590963056258464237e-01,-9.710474412775801922e-02,3.204960632886544314e-01,-1.626852333551158380e-01,-1.669242877853614471e-01,9.401644204446601982e-02,-2.036753144347243638e-01,8.940929762353047594e-02,3.024052463513480227e-01,5.794460944340772829e-02,-2.556596620736387715e-01,3.881278886368280667e-01,-6.455134441148685509e-02,6.858316009193128615e-02,-2.105269618340228077e-01,-2.144310537120831250e-01,-1.751919404328974028e-01,1.467162960719501363e-01,-2.357427570544110840e-01,1.633896779960085088e-01,5.472665332797842924e-02,-5.885159145587601226e-02,2.382527081302257821e-01,1.169954789377839095e-03,-2.574863732617792556e-01,-1.883270959314241044e-01,-2.026591057320079048e-01,2.900077334624357461e-01,8.609143687259551703e-02,5.887749219477849544e-02,7.792162534945248908e-02,2.351078347815560021e-01,2.455888012473779192e-01
3.645879295558322464e-01,5.198408439580525231e-01,5.800948653936480737e-01,2.428629186648421923e-01,1.000000000000000000e+00,3.017777997176423685e-02,1.834500864297021749e-01,-5.618088895412012285e-01,2.839643553766103001e-01,3.478539576476975537e-01,-6.037807228845349511e-02,1.474742630452496317e-01,9.824055343386653427e-02,5.417102202133250444e-01,9.610004254977884408e-03,4.399150964426521426e-01,-1.743012909638214647e-01,3.080203627490459284e-01,4.416609949979008465e-01,1.058672629388039601e-03,1.532546381462067953e-01,2.642459689955325430e-01,2.671905784421408914e-01,3.701818522883407736e-01,1.364047749799906228e-01,4.373546401921691862e-01,4.617400237305896438e-01,1.175828244786629173e-01,2.373491883810872061e-01,4.616468944286307163e-01,4.039700135145339321e-01,2.611523528214100276e-01,2.531219146490567007e-01,2.009386270649267947e-01,1.759831872149877630e-01,4.499200468674048881e-01,2.704504715764806111e-01,3.468333911897702460e-01,4.069244752063997939e-01
-1.021526366345386905e-01,1.377594644509373967e-01,5.874522132082360404e-02,-1.908834622146912685e-01,3.017777997176423685e-02,1.000000000000000000e+00,3.145063755348079249e-01,2.070923393615098917e-01,-5.333589158105237482e-01,4.666941868295720330e-01,4.732840398245047875e-01,-5.759189063376286555e-01,3.126261888814012568e-01,1.211196385446089985e-01,-3.921642966293942822e-01,9.854185378879744273e-02,2.274946583170580072e-01,-4.434657183581576789e-01,-1.595104138981220943e-01,5.800378158078381974e-01,5.028734808167771853e-01,2.765144725064812570e-01,5.499205279307276539e-01,3.312918429320021452e-01,6.204826128188776213e-01,3.981139782528971272e-01,-2.389352529789361967e-01,6.025412808482052407e-01,3.594225056706170651e-01,3.372993325327559022e-01,2.813760559743010425e-01,-3.195391260790033661e-01,5.639872225177841036e-01,-6.070335516604611348e-01,5.975952014565146797e-01,2.272005463988041041e-01,4.874561441522806127e-01,-4.063578659363865225e-02,-4.274216284397181487e-01
-4.354135777857667255e-01,1.993686622015871379e-01,2.369086459612048112e-01,-1.590963056258464237e-01,1.834500864297021749e-01,3.145063755348079249e-01,1.000000000000000000e+00,1.345220623759495540e-02,-4.755443038598806682e-01,1.859430390891035623e-01,1.881127754790018203e-01,-2.315065721180368796e-01,4.580497394838182745e-01,1.914838592999579866e-03,-5.732341834451563090e-01,-1.145208864628519813e-01,-6.298566930437109190e-02,-4.004067602917972257e-01,2.233368705888338357e-01,1.610898815688528163e-01,5.510044121752863955e-01,6.859754302681015936e-01,1.983864307562895890e-01,-9.091663501294409977e-02,3.224502947987273882e-01,1.219710805734860667e-02,1.361266064553287025e-01,2.516083484885320298e-01,-9.132386723973347220e-02,1.668960331647821038e-01,6.193701451349074016e-01,9.651379013821095865e-02,5.038479342654936799e-01,-4.135458606357073075e-01,1.786119120768575042e-01,6.856741389806778053e-02,2.271988055525489825e-01,-3.075654115677746159e-01,-2.966250675795652492e-01
-3.513132043191690701e-01,-4.579088282265605936e-01,-6.536929472598452806e-01,-9.710474412775801922e-02,-5.618088895412012285e-01,2.070923393615098917e-01,1.345220623759495540e-02,1.000000000000000000e+00,-4.017556032064524829e-01,-1.449589963408346449e-01,1.656796116720374579e-01,-2.317128516805896377e-01,1.451266678187153047e-01,-4.268342053862631547e-01,-8.905518990347791042e-02,-3.646505206330746263e-01,2.569657855331465290e-01,-3.280884192834815360e-01,-4.817707936505083999e-01,1.898214334510286150e-01,-6.855704588845530634e-02,-1.752781933698613348e-01,-1.110557542748373955e-01,-1.306801262788509221e-01,7.024986560252702295e-02,-2.586416677736476100e-01,-4.001159488034369272e-01,1.971138957861262933e-02,-1.605234689699435446e-01,-2.023692830226183070e-01,-2.731932016664095908e-01,-3.913961185756089090e-01,-6.890841685351054013e-02,-3.452935773718317503e-01,1.011231544800657023e-01,-2.531385843579825323e-01,-2.179015338722935236e-02,-4.066456419612387019e-01,-4.741784853682304846e-01
5.078043517491220848e-01,1.774263239155295935e-01,1.838163249888481732e-01,3.204960632886544314e-01,2.839643553766103001e-01,-5.333589158105237482e-01,-4.755443038598806682e-01,-4.017556032064524829e-01,1.000000000000000000e+00,-8.490643808267588077e-02,-4.031422012840668589e-01,5.928341207732531482e-01,-2.934316281759666301e-01,2.953794398545470101e-01,5.528353769691851660e-01,3.555935507715958788e-01,-1.640898218556817445e-01,6.870145436146354312e-01,2.499215104728015058e-01,-3.664245039788994185e-01,-5.297760924304741881e-01,-3.579204894422919336e-01,-1.530656457283144090e-01,1.887784489927089859e-01,-3.140101111244372190e-01,4.409864029904832922e-02,3.720802769187542824e-01,-4.276720837858742352e-01,-3.553296676981235191e-02,7.433827385591899872e-02,-2.307333126731286044e-01,2.699344844240893493e-01,-3.679189307246457652e-01,7.280937543420816782e-01,-3.125399049610373958e-01,9.701331221925822701e-02,-1.929034833783338510e-01,3.488976952046113356e-01,6.638522013106555875e-01
2.051549461295380239e-01,4.819736797592520383e-01,3.547376690421733536e-01,-1.626852333551158380e-01,3.478539576476975537e-01,4.666941868295720330e-01,1.859430390891035623e-01,-1.449589963408346449e-01,-8.490643808267588077e-02,1.000000000000000000e+00,1.708302250955489043e-01,-9.481490952899074287e-02,3.617174576631356220e-01,4.481959162491468973e-01,-1.528340848864891965e-01,5.907834069991035886e-01,1.373081889378514331e-01,4.936363784604817090e-02,2.237784430165470351e-01,3.198907823984827870e-01,2.276039098707434150e-01,1.969024636044626186e-01,6.570113134557578061e-01,5.629912064778442859e-01,5.801283054423559404e-01,4.989026863300786707e-01,1.830271988193916399e-01,3.335783015156654208e-01,1.897750023907051886e-01,6.736393317833380134e-01,3.924084555796658047e-01,-2.725937409790364641e-02,4.302177074655431088e-01,-1.508429417577210885e-01,3.965937175812861981e-01,5.745017049682022980e-01,4.455986018107845337e-01,2.129605083551835421e-01,3.547729902902285043e-02
-1.403675603967283192e-01,-5.002895590033162865e-02,-4.415633381688711424e-03,-1.669242877853614471e-01,-6.037807228845349511e-02,4.732840398245047875e-01,1.881127754790018203e-01,1.656796116720374579e-01,-4.031422012840668589e-01,1.708302250955489043e-01,1.000000000000000000e+00,-4.422152212766291002e-01,9.388157230879870530e-02,-2.582203229625578897e-02,-2.580295116003729627e-01,-9.794775572368005778e-02,2.265045858523511146e-01,-3.433642855624779999e-01,-1.493983031788431171e-01,3.787626267371858035e-01,3.889699866184793686e-01,1.852096392258988644e-01,1.954090281499585025e-01,8.859771761700950543e-02,2.469808639713948484e-01,1.884921456139534435e-01,-2.417408866505224019e-01,4.221702008097447667e-01,2.539201040287581979e-01,8.789666948448635053e-02,1.555588411683623828e-01,-2.349489652477781132e-01,3.322808193387083442e-01,-4.571254919844556230e-01,3.428435029721110250e-01,7.829024921991087349e-02,1.871005708315179594e-01,-5.570797327829461049e-02,-3.548583974578098932e-01
1.153906450755838309e-01,1.010699829293446456e-01,8.288409558597671645e-02,9.401644204446601982e-02,1.474742630452496317e-01,-5.759189063376286555e-01,-2.315065721180368796e-01,-2.317128516805896377e-01,5.928341207732531482e-01,-9.481490952899074287e-02,-4.422152212766291002e-01,1.000000000000000000e+00,1.410676270658769299e-02,1.101071056507214874e-01,3.319308135807833016e-01,2.096577375479435346e-01,-1.459494969922230656e-01,5.329537318054407002e-01,2.167446030173324489e-01,-5.374502796018588713e-01,-5.681266015004521330e-01,-1.784898658326006804e-01,-1.836975157664762770e-01,2.283018889671805177e-02,-2.544386767158793861e-01,-2.149319522372306335e-01,5.291946322983919204e-01,-6.636622381550882910e-01,-3.996899702467702764e-01,3.561338713158869462e-02,-3.310288689422972996e-02,4.112717488069250193e-01,-3.275441748589562052e-01,6.845750289888757889e-01,-4.822258798234932420e-01,-5.696532794305933511e-02,-2.669193651731274763e-01,-5.294549670522070983e-03,5.616105825884535330e-01
-2.309221780084204922e-01,2.579991771088369079e-01,6.413892591715711355e-02,-2.036753144347243638e-01,9.824055343386653427e-02,3.126261888814012568e-01,4.580497394838182745e-01,1.451266678187153047e-01,-2.934316281759666301e-01,3.617174576631356220e-01,9.388157230879870530e-02,1.410676270658769299e-02,1.000000000000000000e+00,1.251054725726804262e-01,-4.262075026649042586e-01,1.371845105569522716e-01,7.875145815875915500e-02,-2.229672079735111334e-01,3.204091821837219689e-02,5.055441597660921549e-02,1.657496105592874969e-01,3.574309990600283427e-01,3.056057669772204166e-01,2.205460843835847784e-01,4.022629369556826595e-01,8.508060199084539754e-02,2.991666958743235405e-01,2.342560181158206273e-02,-1.328147770270871886e-01,3.294320002338929632e-01,4.309322370970569693e-01,7.947692295478370195e-02,3.798467497046275065e-01,-2.329793549022122490e-01,1.656169569617525483e-01,2.024260208725928989e-01,3.819315296766399026e-01,-3.003530410412489915e-01,-7.097654898450225791e-02
4.393885378017966525e-01,5.407567388037428646e-01,4.626640755652844939e-01,8.940929762353047594e-02,5.417102202133250444e-01,1.211196385446089985e-01,1.914838592999579866e-03,-4.268342053862631547e-01,2.953794398545470101e-01,4.481959162491468973e-01,-2.582203229625578897e-02,1.101071056507214874e-01,1.251054725726804262e-01,1.000000000000000000e+00,1.306079340823002588e-01,5.401644196317655355e-01,-4.548935271332740088e-02,3.087898084608394211e-01,3.736724186276382254e-01,5.222930347112450522e-02,7.371089955688364670e-02,8.994769314782458114e-02,3.992929256754562672e-01,5.406359165025484970e-01,2.181292620603978161e-01,4.867217595506263539e-01,3.631567449689522276e-01,1.596853738169385362e-01,2.926415866483150219e-01,4.904705481311289472e-01,2.620937018301743859e-01,1.828821573020445734e-01,2.587036393402349366e-01,1.947233650088718571e-01,2.372443089998270693e-01,4.845783020113263451e-01,3.578527193543553087e-01,3.773455375084573959e-01,3.555117259255929363e-01
4.283650243212611675e-01,-1.494423202919335503e-01,-9.406672293735991730e-02,3.024052463513480227e-01,9.610004254977884408e-03,-3.921642966293942822e-01,-5.732341834451563090e-01,-8.905518990347791042e-02,5.528353769691851660e-01,-1.528340848864891965e-01,-2.580295116003729627e-01,3.319308135807833016e-01,-4.262075026649042586e-01,1.306079340823002588e-01,1.000000000000000000e+00,2.016224569783755249e-01,1.607592354541961897e-03,6.119072080061757068e-01,-4.052484779053853320e-02,-1.116935896472581874e-01,-4.515088103955519627e-01,-5.194023805160135066e-01,-1.770803600755833096e-01,1.358729868617790937e-01,-3.704387188026743716e-01,1.534264536656609057e-01,-1.747436314647830488e-02,-1.755999335475387224e-01,1.026817077580795684e-01,-5.271815509409728123e-02,-4.933683765096530394e-01,-1.113593235564917794e-01,-4.251765372198485493e-01,5.021886576159848570e-01,-1.232036024501872995e-01,7.604300391351640799e-03,-2.142092579563497912e-01,3.810602935524826096e-01,2.804459019057664038e-01
4.978006347672621623e-01,5.511941652569617434e-01,3.995348931312329710e-01,5.794460944340772829e-02,4.399150964426521426e-01,9.854185378879744273e-02,-1.145208864628519813e-01,-3.646505206330746263e-01,3.555935507715958788e-01,5.907834069991035886e-01,-9.794775572368005778e-02,2.096577375479435346e-01,1.371845105569522716e-01,5.401644196317655355e-01,2.016224569783755249e-01,1.000000000000000000e+00,6.226896179903272655e-02,4.343343862403274414e-01,2.931097598192042297e-01,5.557938452768990123e-02,-8.963842671877213231e-02,-4.997289784164584553e-02,5.037729860408229898e-01,5.913529858478085988e-01,2.955129995078170091e-01,4.899870321768245995e-01,3.604436545737992326e-01,7.430413305186239770e-02,1.474808893946318034e-01,6.269676782405259052e-01,1.769080506555483490e-01,1.662295907370644199e-01,1.251048442132834393e-01,2.585939528882167937e-01,1.503903488767511787e-01,5.830764785019851848e-01,2.682560999615310471e-01,4.342182431175333757e-01,4.099723582379294906e-01
-9.123665600429886613e-02,-1.360971963115542582e-01,-2.069095630061196511e-01,-2.556596620736387715e-01,-1.743012909638214647e-01,2.274946583170580072e-01,-6.298566930437109190e-02,2.569657855331465290e-01,-1.640898218556817445e-01,1.373081889378514331e-01,2.265045858523511146e-01,-1.459494969922230656e-01,7.875145815875915500e-02,-4.548935271332740088e-02,1.607592354541961897e-03,6.226896179903272655e-02,1.000000000000000000e+00,-1.381724397923805026e-01,-1.920272750415324969e-01,7.318002732727181547e-02,2.027950612072274960e-03,-1.509545440526227633e-01,2.433290061035359164e-01,1.122324056245323221e-01,1.765084118851580897e-01,6.434330658068618085e-03,-1.453988797215018669e-01,1.227372840272929477e-01,-9.640874820587161387e-02,1.540880438648128681e-01,-5.489696165134453493e-02,-1.076788067487072405e-02,4.683322124312148949e-02,-2.055923885986524202e-01,1.025821829963599052e-01,-2.754888642377760488e-02,-2.256255498822793814e-03,-1.400102982371960111e-02,-2.088179225627211366e-01
5.063124614924814360e-01,1.215082559534878537e-01,2.047105413443955357e-01,3.881278886368280667e-01,3.080203627490459284e-01,-4.434657183581576789e-01,-4.004067602917972257e-01,-3.280884192834815360e-01,6.870145436146354312e-01,4.936363784604817090e-02,-3.433642855624779999e-01,5.329537318054407002e-01,-2.229672079735111334e-01,3.087898084608394211e-01,6.119072080061757068e-01,4.343343862403274414e-01,-1.381724397923805026e-01,1.000000000000000000e+00,2.142810807928707539e-01,-2.035955726935124721e-01,-4.466330443134967076e-01,-3.257668948140109433e-01,-6.328859744329914938e-02,2.713412722979317016e-01,-2.683062368152362986e-01,1.995489448451690240e-01,3.133370713722084533e-01,-2.880400644440225810e-01,8.745011994930778840e-03,2.032026391673197596e-01,-2.053057640288404317e-01,1.032749587745107195e-01,-3.139039247560998502e-01,6.529994896938837723e-01,-1.878140828303499765e-01,2.102988598509084039e-01,-1.307968271762530998e-01,4.037300508136794086e-01,5.341355251556856309e-01
1.124614403712378280e-01,4.537683838820688598e-01,5.702076370552167095e-01,-6.455134441148685509e-02,4.416609949979008465e-01,-1.595104138981220943e-01,2.233368705888338357e-01,-4.817707936505083999e-01,2.499215104728015058e-01,2.237784430165470351e-01,-1.493983031788431171e-01,2.167446030173324489e-01,3.204091821837219689e-02,3.736724186276382254e-01,-4.052484779053853320e-02,2.931097598192042297e-01,-1.920272750415324969e-01,2.142810807928707539e-01,1.000000000000000000e+00,-5.935185634396981241e-02,1.850166920025769490e-01,3.754432994171409410e-01,1.353193856470912837e-01,5.187748277138075348e-02,7.265540723564253844e-02,5.555169329387368155e-02,3.601404652424869401e-01,1.057928425343710073e-02,-6.049727414823000138e-02,2.409987794696800412e-01,4.044070702971133136e-01,3.617864930165753945e-01,2.373558565628905714e-01,2.494036719055551243e-01,-5.636966729810718307e-02,2.461204101299471758e-01,3.699123210576073240e-02,1.223183009808108818e-01,3.144689360517272103e-01
4.545221766819930453e-02,-1.376659992606938006e-02,1.071308350330552744e-01,6.858316009193128615e-02,1.058672629388039601e-03,5.800378158078381974e-01,1.610898815688528163e-01,1.898214334510286150e-01,-3.664245039788994185e-01,3.198907823984827870e-01,3.787626267371858035e-01,-5.374502796018588713e-01,5.055441597660921549e-02,5.222930347112450522e-02,-1.116935896472581874e-01,5.557938452768990123e-02,7.318002732727181547e-02,-2.035955726935124721e-01,-5.935185634396981241e-02,1.000000000000000000e+00,4.389321037059571995e-01,1.969371417643515920e-01,3.488209785676076313e-01,2.499834317189355837e-01,4.175572277401646271e-01,4.146729408080865320e-01,-3.595387075331724636e-01,6.309301449261254247e-01,4.834705656786613126e-01,2.163683539562576419e-01,7.240907949250224851e-02,-5.463624368396737818e-01,4.590334154566241831e-01,-4.395486911904600280e-01,6.135496701924300078e-01,1.623465734919646020e-01,3.892331264254581535e-01,6.699803874367803169e-02,-4.052384356700277634e-01
-2.374720380884238757e-01,1.580678407526633356e-01,3.030413594087549845e-01,-2.105269618340228077e-01,1.532546381462067953e-01,5.028734808167771853e-01,5.510044121752863955e-01,-6.855704588845530634e-02,-5.297760924304741881e-01,2.276039098707434150e-01,3.889699866184793686e-01,-5.681266015004521330e-01,1.657496105592874969e-01,7.371089955688364670e-02,-4.515088103955519627e-01,-8.963842671877213231e-02,2.027950612072274960e-03,-4.466330443134967076e-01,1.850166920025769490e-01,4.389321037059571995e-01,1.000000000000000000e+00,6.069434110399057891e-01,2.916071857302036108e-01,-2.688408355831867907e-02,3.426435480575248382e-01,2.556326872019766827e-01,-1.704596942371935098e-01,6.378886155958191084e-01,2.766809313058802844e-01,1.341530241844194338e-01,4.749224773036973546e-01,-1.048082141576858750e-01,5.761331930341778707e-01,-5.787880895069826837e-01,4.081757990568681271e-01,1.519933676445210657e-01,2.517159746347196192e-01,-1.375942819637716516e-02,-4.222486328746820616e-01
-3.510208556971949334e-01,3.037000305116400178e-01,4.233984161588565942e-01,-2.144310537120831250e-01,2.642459689955325430e-01,2.765144725064812570e-01,6.859754302681015936e-01,-1.752781933698613348e-01,-3.579204894422919336e-01,1.969024636044626186e-01,1.852096392258988644e-01,-1.784898658326006804e-01,3.574309990600283427e-01,8.994769314782458114e-02,-5.194023805160135066e-01,-4.997289784164584553e-02,-1.509545440526227633e-01,-3.257668948140109433e-01,3.754432994171409410e-01,1.969371417643515920e-01,6.069434110399057891e-01,1.000000000000000000e+00,2.214405208922538837e-01,-5.677821176801346736e-02,3.257149603752535483e-01,7.794683266585843151e-02,2.187423245273548977e-01,2.809608416360895311e-01,-3.236357260448029498e-03,1.758123216657204724e-01,6.767194244668559566e-01,1.824218085242603482e-01,5.852553125829911274e-01,-3.172746190676389300e-01,1.762082372997212931e-01,9.066513168763774833e-02,1.972585622752103529e-01,-2.052017641247388391e-01,-1.718499483259471328e-01
9.705173374982528633e-02,3.911449255940978031e-01,3.294359602535176235e-01,-1.751919404328974028e-01,2.671905784421408914e-01,5.499205279307276539e-01,1.983864307562895890e-01,-1.110557542748373955e-01,-1.530656457283144090e-01,6.570113134557578061e-01,1.954090281499585025e-01,-1.836975157664762770e-01,3.056057669772204166e-01,3.992929256754562672e-01,-1.770803600755833096e-01,5.037729860408229898e-01,2.433290061035359164e-01,-6.328859744329914938e-02,1.353193856470912837e-01,3.488209785676076313e-01,2.916071857302036108e-01,2.214405208922538837e-01,1.000000000000000000e+00,5.391018518326677889e-01,6.638283003166921548e-01,4.785865626120609506e-01,1.261110980696137640e-01,3.918005243042954611e-01,2.263669200255914726e-01,5.907204001698261875e-01,3.780174692995476038e-01,-3.457469483670855010e-03,5.047904651531368581e-01,-2.109293491063359838e-01,4.329961571936628562e-01,3.879409181346681890e-01,4.099090625409286814e-01,1.758818696926739977e-01,-5.607303305183393427e-02
4.453204022119932604e-01,4.301263242800018594e-01,2.474129784243752073e-01,1.467162960719501363e-01,3.701818522883407736e-01,3.312918429320021452e-01,-9.091663501294409977e-02,-1.306801262788509221e-01,1.887784489927089859e-01,5.629912064778442859e-01,8.859771761700950543e-02,2.283018889671805177e-02,2.205460843835847784e-01,5.406359165025484970e-01,1.358729868617790937e-01,5.913529858478085988e-01,1.122324056245323221e-01,2.713412722979317016e-01,5.187748277138075348e-02,2.499834317189355837e-01,-2.688408355831867907e-02,-5.677821176801346736e-02,5.391018518326677889e-01,1.000000000000000000e+00,4.268681927597630654e-01,5.566913495205059181e-01,2.544019208282872757e-01,2.081878382976401487e-01,3.113049292690803216e-01,5.985792235708419229e-01,1.298340292907748661e-01,-4.341823918875239996e-02,2.714139470544064126e-01,7.484110268585324188e-02,3.987402243273043267e-01,5.105227330599275692e-01,4.190888836494943148e-01,3.162384344473755382e-01,2.428013749350191319e-01
-1.084943426722026205e-01,3.086785473924495427e-01,2.159304048228205541e-01,-2.357427570544110840e-01,1.364047749799906228e-01,6.204826128188776213e-01,3.224502947987273882e-01,7.024986560252702295e-02,-3.140101111244372190e-01,5.801283054423559404e-01,2.469808639713948484e-01,-2.544386767158793861e-01,4.022629369556826595e-01,2.181292620603978161e-01,-3.704387188026743716e-01,2.955129995078170091e-01,1.765084118851580897e-01,-2.683062368152362986e-01,7.265540723564253844e-02,4.175572277401646271e-01,3.426435480575248382e-01,3.257149603752535483e-01,6.638283003166921548e-01,4.268681927597630654e-01,1.000000000000000000e+00,2.929139943948360081e-01,4.030230775642590357e-02,3.670473771828049458e-01,1.245850625200217859e-01,4.937623774214339178e-01,3.983742894916716959e-01,-9.447083317794459367e-02,5.723880963163321400e-01,-3.425544377898647186e-01,4.421060305686923542e-01,2.625726914039617776e-01,4.099751934078834648e-01,-9.391742008283840426e-02,-1.967405100442281285e-01
4.394390287766977155e-01,3.494775845521289614e-01,3.468811528632851915e-01,1.633896779960085088e-01,4.373546401921691862e-01,3.981139782528971272e-01,1.219710805734860667e-02,-2.586416677736476100e-01,4.409864029904832922e-02,4.989026863300786707e-01,1.884921456139534435e-01,-2.149319522372306335e-01,8.508060199084539754e-02,4.867217595506263539e-01,1.534264536656609057e-01,4.899870321768245995e-01,6.434330658068618085e-03,1.995489448451690240e-01,5.555169329387368155e-02,4.146729408080865320e-01,2.556326872019766827e-01,7.794683266585843151e-02,4.785865626120609506e-01,5.566913495205059181e-01,2.929139943948360081e-01,1.000000000000000000e+00,9.053619147858410487e-02,4.923112452842232645e-01,5.807755586388752000e-01,5.005444989059140148e-01,1.806922644936642675e-01,-2.026306754405026445e-01,3.417704907018129235e-01,-1.026525417585411742e-01,4.979764022931441603e-01,5.025185841178074764e-01,4.393077571285847194e-01,5.024224295850872046e-01,6.288028459058531139e-02
1.352077745752841564e-01,4.687741893542259342e-01,3.742684852569011511e-01,5.472665332797842924e-02,4.617400237305896438e-01,-2.389352529789361967e-01,1.361266064553287025e-01,-4.001159488034369272e-01,3.720802769187542824e-01,1.830271988193916399e-01,-2.417408866505224019e-01,5.291946322983919204e-01,2.991666958743235405e-01,3.631567449689522276e-01,-1.747436314647830488e-02,3.604436545737992326e-01,-1.453988797215018669e-01,3.133370713722084533e-01,3.601404652424869401e-01,-3.595387075331724636e-01,-1.704596942371935098e-01,2.187423245273548977e-01,1.261110980696137640e-01,2.544019208282872757e-01,4.030230775642590357e-02,9.053619147858410487e-02,1.000000000000000000e+00,-3.482728407176496344e-01,-1.688215222677759142e-01,3.370858989362459646e-01,4.090961807305966702e-01,5.530895456498110541e-01,7.885078986742351248e-02,4.007777357332810708e-01,-1.497421047382992143e-01,2.372323097983741746e-01,1.027404727638725201e-01,8.263413312005883637e-02,5.580978563812962756e-01
5.246097436174452372e-02,8.833929820980228331e-02,1.947012265625451266e-01,-5.885159145587601226e-02,1.175828244786629173e-01,6.025412808482052407e-01,2.516083484885320298e-01,1.971138957861262933e-02,-4.276720837858742352e-01,3.335783015156654208e-01,4.221702008097447667e-01,-6.636622381550882910e-01,2.342560181158206273e-02,1.596853738169385362e-01,-1.755999335475387224e-01,7.430413305186239770e-02,1.227372840272929477e-01,-2.880400644440225810e-01,1.057928425343710073e-02,6.309301449261254247e-01,6.378886155958191084e-01,2.809608416360895311e-01,3.918005243042954611e-01,2.081878382976401487e-01,3.670473771828049458e-01,4.923112452842232645e-01,-3.482728407176496344e-01,1.000000000000000000e+00,5.132969360543998549e-01,2.282562655547482333e-01,1.969177110152706411e-01,-3.729050198678297012e-01,4.857185184489699603e-01,-5.535405529689390036e-01,6.021435070999511252e-01,2.717055451206658034e-01,3.555023923721960522e-01,2.234658206305020489e-01,-4.226895185534553789e-01
4.126760045669686794e-01,1.382337185562687865e-01,1.901380667372792044e-01,2.382527081302257821e-01,2.373491883810872061e-01,3.594225056706170651e-01,-9.132386723973347220e-02,-1.605234689699435446e-01,-3.553296676981235191e-02,1.897750023907051886e-01,2.539201040287581979e-01,-3.996899702467702764e-01,-1.328147770270871886e-01,2.926415866483150219e-01,1.026817077580795684e-01,1.474808893946318034e-01,-9.640874820587161387e-02,8.745011994930778840e-03,-6.049727414823000138e-02,4.834705656786613126e-01,2.766809313058802844e-01,-3.236357260448029498e-03,2.263669200255914726e-01,3.113049292690803216e-01,1.245850625200217859e-01,5.807755586388752000e-01,-1.688215222677759142e-01,5.132969360543998549e-01,1.000000000000000000e+00,1.298400037852344147e-01,-4.283590041384822966e-02,-3.568139170609076483e-01,2.505813065734280864e-01,-1.847029310666023771e-01,4.948397508681347534e-01,2.246583233203919283e-01,3.912208136432246963e-01,3.975663554040316239e-01,-6.373833249402019452e-02
2.804266209015461864e-01,5.092012133565760879e-01,3.860221847484074376e-01,1.169954789377839095e-03,4.616468944286307163e-01,3.372993325327559022e-01,1.668960331647821038e-01,-2.023692830226183070e-01,7.433827385591899872e-02,6.736393317833380134e-01,8.789666948448635053e-02,3.561338713158869462e-02,3.294320002338929632e-01,4.904705481311289472e-01,-5.271815509409728123e-02,6.269676782405259052e-01,1.540880438648128681e-01,2.032026391673197596e-01,2.409987794696800412e-01,2.163683539562576419e-01,1.341530241844194338e-01,1.758123216657204724e-01,5.907204001698261875e-01,5.985792235708419229e-01,4.937623774214339178e-01,5.005444989059140148e-01,3.370858989362459646e-01,2.282562655547482333e-01,1.298400037852344147e-01,1.000000000000000000e+00,3.789985742165959959e-01,9.662568155158129946e-02,3.587404411849438590e-01,-1.599184417234757183e-02,3.420874200619994920e-01,6.049306787938609764e-01,4.106117380189808208e-01,2.910940347138935569e-01,1.936949749252222797e-01
-2.307447081419113089e-01,4.383937546023267684e-01,4.834710834503028187e-01,-2.574863732617792556e-01,4.039700135145339321e-01,2.813760559743010425e-01,6.193701451349074016e-01,-2.731932016664095908e-01,-2.307333126731286044e-01,3.924084555796658047e-01,1.555588411683623828e-01,-3.310288689422972996e-02,4.309322370970569693e-01,2.620937018301743859e-01,-4.933683765096530394e-01,1.769080506555483490e-01,-5.489696165134453493e-02,-2.053057640288404317e-01,4.044070702971133136e-01,7.240907949250224851e-02,4.749224773036973546e-01,6.767194244668559566e-01,3.780174692995476038e-01,1.298340292907748661e-01,3.983742894916716959e-01,1.806922644936642675e-01,4.090961807305966702e-01,1.969177110152706411e-01,-4.283590041384822966e-02,3.789985742165959959e-01,1.000000000000000000e+00,3.185834512872562918e-01,5.714721990610068802e-01,-2.101976371104457564e-01,1.662144994733454895e-01,2.416397614431232965e-01,2.640743864241712480e-01,-7.454927618807689893e-02,1.345933202494919469e-02
-3.248869579046395617e-02,3.732495571775771848e-01,2.695056414621672669e-01,-1.883270959314241044e-01,2.611523528214100276e-01,-3.195391260790033661e-01,9.651379013821095865e-02,-3.913961185756089090e-01,2.699344844240893493e-01,-2.725937409790364641e-02,-2.349489652477781132e-01,4.112717488069250193e-01,7.947692295478370195e-02,1.828821573020445734e-01,-1.113593235564917794e-01,1.662295907370644199e-01,-1.076788067487072405e-02,1.032749587745107195e-01,3.617864930165753945e-01,-5.463624368396737818e-01,-1.048082141576858750e-01,1.824218085242603482e-01,-3.457469483670855010e-03,-4.341823918875239996e-02,-9.447083317794459367e-02,-2.026306754405026445e-01,5.530895456498110541e-01,-3.729050198678297012e-01,-3.568139170609076483e-01,9.662568155158129946e-02,3.185834512872562918e-01,1.000000000000000000e+00,-6.176485272941365651e-02,2.994040136080458603e-01,-3.884063633668318194e-01,5.517000762813810411e-02,-1.851187697664146425e-01,1.417949834086368495e-02,4.502616495611773684e-01
-1.639431478501071904e-01,2.850826521901226318e-01,3.876220713796415529e-01,-2.026591057320079048e-01,2.531219146490567007e-01,5.639872225177841036e-01,5.038479342654936799e-01,-6.890841685351054013e-02,-3.679189307246457652e-01,4.302177074655431088e-01,3.322808193387083442e-01,-3.275441748589562052e-01,3.798467497046275065e-01,2.587036393402349366e-01,-4.251765372198485493e-01,1.251048442132834393e-01,4.683322124312148949e-02,-3.139039247560998502e-01,2.373558565628905714e-01,4.590334154566241831e-01,5.761331930341778707e-01,5.852553125829911274e-01,5.047904651531368581e-01,2.714139470544064126e-01,5.723880963163321400e-01,3.417704907018129235e-01,7.885078986742351248e-02,4.857185184489699603e-01,2.505813065734280864e-01,3.587404411849438590e-01,5.714721990610068802e-01,-6.176485272941365651e-02,1.000000000000000000e+00,-3.840809900963691459e-01,4.876309965070143027e-01,1.665207528159829975e-01,4.313537929461919163e-01,-6.548632424700935595e-02,-2.262403656862853607e-01
3.569871499359064670e-01,9.298976008095899415e-02,1.530111751333193548e-01,2.900077334624357461e-01,2.009386270649267947e-01,-6.070335516604611348e-01,-4.135458606357073075e-01,-3.452935773718317503e-01,7.280937543420816782e-01,-1.508429417577210885e-01,-4.571254919844556230e-01,6.845750289888757889e-01,-2.329793549022122490e-01,1.947233650088718571e-01,5.021886576159848570e-01,2.585939528882167937e-01,-2.055923885986524202e-01,6.529994896938837723e-01,2.494036719055551243e-01,-4.395486911904600280e-01,-5.787880895069826837e-01,-3.172746190676389300e-01,-2.109293491063359838e-01,7.484110268585324188e-02,-3.425544377898647186e-01,-1.026525417585411742e-01,4.007777357332810708e-01,-5.535405529689390036e-01,-1.847029310666023771e-01,-1.599184417234757183e-02,-2.101976371104457564e-01,2.994040136080458603e-01,-3.840809900963691459e-01,1.000000000000000000e+00,-4.118486994820850788e-01,-3.166831306591815637e-02,-2.618234458436654588e-01,1.997606320004735869e-01,6.298887558543223575e-01
1.216314513869721226e-01,1.098359510333733191e-01,1.507849286070802042e-01,8.609143687259551703e-02,1.759831872149877630e-01,5.975952014565146797e-01,1.786119120768575042e-01,1.011231544800657023e-01,-3.125399049610373958e-01,3.965937175812861981e-01,3.428435029721110250e-01,-4.822258798234932420e-01,1.656169569617525483e-01,2.372443089998270693e-01,-1.232036024501872995e-01,1.503903488767511787e-01,1.025821829963599052e-01,-1.878140828303499765e-01,-5.636966729810718307e-02,6.135496701924300078e-01,4.081757990568681271e-01,1.762082372997212931e-01,4.329961571936628562e-01,3.987402243273043267e-01,4.421060305686923542e-01,4.979764022931441603e-01,-1.497421047382992143e-01,6.021435070999511252e-01,4.948397508681347534e-01,3.420874200619994920e-01,1.662144994733454895e-01,-3.884063633668318194e-01,4.876309965070143027e-01,-4.118486994820850788e-01,1.000000000000000000e+00,2.847864536471498287e-01,6.117311735342420009e-01,1.534489217224810353e-01,-2.678801728512372193e-01
4.473394435516258039e-01,5.514081767791123578e-01,3.324724243722361194e-01,5.887749219477849544e-02,4.499200468674048881e-01,2.272005463988041041e-01,6.856741389806778053e-02,-2.531385843579825323e-01,9.701331221925822701e-02,5.745017049682022980e-01,7.829024921991087349e-02,-5.696532794305933511e-02,2.024260208725928989e-01,4.845783020113263451e-01,7.604300391351640799e-03,5.830764785019851848e-01,-2.754888642377760488e-02,2.102988598509084039e-01,2.461204101299471758e-01,1.623465734919646020e-01,1.519933676445210657e-01,9.066513168763774833e-02,3.879409181346681890e-01,5.105227330599275692e-01,2.625726914039617776e-01,5.025185841178074764e-01,2.372323097983741746e-01,2.717055451206658034e-01,2.246583233203919283e-01,6.049306787938609764e-01,2.416397614431232965e-01,5.517000762813810411e-02,1.665207528159829975e-01,-3.166831306591815637e-02,2.847864536471498287e-01,1.000000000000000000e+00,3.474905304042332777e-01,4.199859764337572354e-01,2.496293913892917160e-01
1.815428271951544381e-01,3.308238715087318260e-01,2.083442681718607192e-01,7.792162534945248908e-02,2.704504715764806111e-01,4.874561441522806127e-01,2.271988055525489825e-01,-2.179015338722935236e-02,-1.929034833783338510e-01,4.455986018107845337e-01,1.871005708315179594e-01,-2.669193651731274763e-01,3.819315296766399026e-01,3.578527193543553087e-01,-2.142092579563497912e-01,2.682560999615310471e-01,-2.256255498822793814e-03,-1.307968271762530998e-01,3.699123210576073240e-02,3.892331264254581535e-01,2.517159746347196192e-01,1.972585622752103529e-01,4.099090625409286814e-01,4.190888836494943148e-01,4.099751934078834648e-01,4.393077571285847194e-01,1.027404727638725201e-01,3.555023923721960522e-01,3.912208136432246963e-01,4.106117380189808208e-01,2.640743864241712480e-01,-1.851187697664146425e-01,4.313537929461919163e-01,-2.618234458436654588e-01,6.117311735342420009e-01,3.474905304042332777e-01,1.000000000000000000e+00,9.519511088672900911e-02,-4.561680981669501839e-02
6.070692760557863110e-01,2.269423322882610783e-01,2.828386015836104050e-01,2.351078347815560021e-01,3.468333911897702460e-01,-4.063578659363865225e-02,-3.075654115677746159e-01,-4.066456419612387019e-01,3.488976952046113356e-01,2.129605083551835421e-01,-5.570797327829461049e-02,-5.294549670522070983e-03,-3.003530410412489915e-01,3.773455375084573959e-01,3.810602935524826096e-01,4.342182431175333757e-01,-1.400102982371960111e-02,4.037300508136794086e-01,1.223183009808108818e-01,6.699803874367803169e-02,-1.375942819637716516e-02,-2.052017641247388391e-01,1.758818696926739977e-01,3.162384344473755382e-01,-9.391742008283840426e-02,5.024224295850872046e-01,8.263413312005883637e-02,2.234658206305020489e-01,3.975663554040316239e-01,2.910940347138935569e-01,-7.454927618807689893e-02,1.417949834086368495e-02,-6.548632424700935595e-02,1.997606320004735869e-01,1.534489217224810353e-01,4.199859764337572354e-01,9.519511088672900911e-02,1.000000000000000000e+00,3.259593802827339681e-01
4.876042225602147950e-01,3.931912946776263129e-01,2.953111437579950538e-01,2.455888012473779192e-01,4.069244752063997939e-01,-4.274216284397181487e-01,-2.966250675795652492e-01,-4.741784853682304846e-01,6.638522013106555875e-01,3.547729902902285043e-02,-3.548583974578098932e-01,5.616105825884535330e-01,-7.097654898450225791e-02,3.555117259255929363e-01,2.804459019057664038e-01,4.099723582379294906e-01,-2.088179225627211366e-01,5.341355251556856309e-01,3.144689360517272103e-01,-4.052384356700277634e-01,-4.222486328746820616e-01,-1.718499483259471328e-01,-5.607303305183393427e-02,2.428013749350191319e-01,-1.967405100442281285e-01,6.288028459058531139e-02,5.580978563812962756e-01,-4.226895185534553789e-01,-6.373833249402019452e-02,1.936949749252222797e-01,1.345933202494919469e-02,4.502616495611773684e-01,-2.262403656862853607e-01,6.298887558543223575e-01,-2.678801728512372193e-01,2.496293913892917160e-01,-4.561680981669501839e-02,3.259593802827339681e-01,1.000000000000000000e+00
