1.000000000000000000e+00,4.145828989768661765e-01,3.391249775256539034e-01,3.451105537018608338e-01,1.444646034622119601e-01,-1.798297435605916011e-02,1.020135469991241689e-01,-3.232598778776664128e-01,5.837563705563094674e-01,5.269879755932987964e-01,1.355093609771810224e-03,-3.230341398252286056e-01,-2.467449849141482854e-01,4.204272403489421883e-01,3.683823759681740251e-01,4.178488910997120165e-01,3.249178702418974440e-01,2.101879275618429022e-01,-6.842796891283632610e-02,3.248381147179121298e-01,-2.649851270916741552e-01,-3.130863589713620693e-02,2.906264909523730289e-01,2.278951406310542604e-01,3.967899392580378493e-01,6.233325866655443637e-01,1.027002300406270607e-01,-1.411677070615745266e-01,5.974823747507205240e-01,5.089786424236210083e-01,2.555598931966567289e-01,-1.272420848100155044e-01,4.373432854016924831e-01,8.832345096808266738e-02,5.685382556788148856e-01,-1.435687257043035125e-01,-2.499566354993607020e-02,6.809839714578626024e-01,1.260640502841555710e-01
4.145828989768661765e-01,1.000000000000000000e+00,-3.883341468670985230e-02,-7.317932295960143108e-02,-6.703864309137932964e-02,4.175479767987608781e-01,-2.466836258653626324e-01,-6.565165877082929091e-02,8.628661908790204171e-02,1.466577848895615765e-01,5.758909342802550624e-01,2.758358645213757412e-02,9.038836065631447592e-02,-8.078703792844704745e-02,-2.399447335851930818e-01,3.788722198065546526e-02,2.824195499371246476e-01,9.543865714644420017e-02,1.266488620209304805e-01,-2.994622930045006126e-01,2.915478296632263988e-01,4.640513167927876048e-01,4.758374122568945763e-01,4.421843398773877554e-01,4.466661419712372183e-01,-8.134622482842865376e-02,4.527570429460193724e-01,3.845080488065623081e-01,1.135195128448341848e-02,2.331420535563065999e-01,-6.740798136002154606e-02,6.506876552332244712e-01,3.605140431941800117e-01,9.093456556785017852e-02,7.983787202723065116e-04,-3.377315200990978483e-01,6.973376863750008203e-01,1.744856067230753094e-01,2.499490260725734658e-01
3.391249775256539034e-01,-3.883341468670985230e-02,1.000000000000000000e+00,2.763736582992463164e-01,4.463857641821481481e-01,-1.421489229859540862e-02,1.866212335880385320e-01,-8.833230257180930689e-01,6.601787999485042580e-01,4.516868605989420304e-01,-2.971844124201112464e-02,-3.736944150229244421e-01,-4.162308671912613445e-01,5.715285792874772453e-01,4.199080614004111478e-01,4.386783803094858603e-01,3.274770405553442676e-01,7.194139902654117513e-02,1.388172289302556650e-01,1.646825017335865060e-01,-1.066584581892592865e-01,-1.885993809632200702e-01,2.768646145995522501e-01,3.362422195535948455e-01,3.735725638008298710e-01,5.925613146758830219e-01,1.696443761793167970e-01,1.711994735900382592e-01,4.810594971563716404e-01,6.154976659255303462e-01,5.041314653192927597e-01,-1.828333843891059296e-01,3.997484889662342167e-01,3.010905630631444674e-01,4.866020248352515010e-01,2.340077171139968160e-01,-1.381722484147840935e-01,3.810209112802546150e-01,-2.153712398119795451e-02
3.451105537018608338e-01,-7.317932295960143108e-02,2.763736582992463164e-01,1.000000000000000000e+00,-1.133192555856245703e-01,-1.598807383228249834e-01,5.409728376920085458e-01,-2.206717002817665252e-01,2.314645050006315097e-01,2.601682712910428075e-01,-2.383694655540657958e-01,-5.298146430928590833e-01,-1.116629759592791954e-01,3.456792328469088238e-01,1.912510470458408940e-01,1.705941716287247834e-01,1.950050906129759121e-01,1.761296166950701014e-01,-2.344991611234027995e-01,6.257594362270042510e-01,-4.537944460853293727e-01,-2.901715162248820756e-01,-5.240833927095719241e-02,-2.744237268514192890e-02,1.348851568288809422e-01,6.062239062189636041e-01,5.809463386910073551e-02,-3.427028846933182216e-01,5.712364213293643633e-01,9.509724348652158488e-02,1.622655557329449882e-01,-3.059806685096541634e-01,4.249535073067259860e-01,-3.296304650087593657e-01,5.946976004272495064e-01,-1.642303744504983731e-01,-2.044598211390303844e-01,2.718956026995264508e-01,-4.645368510338975798e-01
1.444646034622119601e-01,-6.703864309137932964e-02,4.463857641821481481e-01,-1.133192555856245703e-01,1.000000000000000000e+00,-1.058945431831542772e-02,3.359054803003969775e-02,-4.441051641719270804e-01,5.624340760136461448e-01,5.355297877954579011e-01,-4.575938093263091921e-02,2.829301004523004925e-01,-3.522631033775346920e-01,4.779184093313209591e-01,3.789548935409747799e-01,5.632685006459092758e-01,1.971542585815458035e-02,3.379855896554009309e-01,5.671885122659431344e-01,-2.120195300317389842e-01,1.682311554807816301e-01,-1.631536790217946453e-01,2.327770269063151598e-01,1.807825301561303000e-01,2.340235631439312736e-01,1.482285891640270914e-01,-2.827698202136737574e-02,3.337975990282432415e-01,1.045198271060117541e-02,6.640128129620224140e-01,3.892097202050795457e-01,-1.958724396650559640e-01,-1.120722506294379583e-01,7.541982890130252137e-01,5.739536493309476111e-04,6.125387099023842374e-01,-2.714726536672467105e-01,2.367636762581486753e-01,5.366238741827655812e-01
-1.798297435605916011e-02,4.175479767987608781e-01,-1.421489229859540862e-02,-1.598807383228249834e-01,-1.058945431831542772e-02,1.000000000000000000e+00,-2.328313657034481177e-01,-1.664174002742075942e-01,-1.137352040960615263e-01,7.178354567302829004e-02,8.113068599702405459e-01,2.265872890631840178e-02,-2.537982965033325766e-01,-2.825149483823149454e-01,-1.632690371074179136e-01,-8.454601125511006232e-02,6.972026311136160226e-01,1.269924408139341300e-02,6.788940803864075557e-02,-5.791580000670938366e-01,7.368440871739667664e-01,6.842989246969838346e-01,7.831965349562589607e-01,7.534490423949612437e-01,6.696649908095585468e-01,-1.676283471526933133e-01,-3.745072774724449854e-02,4.966039270218277624e-01,9.838211073360472736e-02,1.954473417521764289e-01,2.569326162121167156e-01,6.841832365841403751e-01,3.783834704054986897e-01,1.571651287691982757e-01,1.015718436095316424e-01,-2.657770588068221196e-01,6.140450156581028773e-01,-2.485159132749321376e-01,2.330282587232085020e-02
1.020135469991241689e-01,-2.466836258653626324e-01,1.866212335880385320e-01,5.409728376920085458e-01,3.359054803003969775e-02,-2.328313657034481177e-01,1.000000000000000000e+00,-9.105882001714277196e-02,7.149138133417795582e-02,2.409528655283718068e-01,-3.396976873014546650e-01,-3.096764389103014992e-01,-1.532533374952160521e-01,3.192990608512003003e-01,1.207385231457456104e-01,2.216873368392607846e-01,-4.881328287753215062e-02,1.250108119151372155e-01,1.898949289395132287e-02,4.451832471566357641e-01,-3.772637563924286508e-01,-3.960737382079365099e-01,-1.612521227586289629e-01,-1.979164125347065428e-01,-3.560701015730343560e-02,3.691562004876367542e-01,-1.064447566007756252e-02,-2.031061248687136001e-01,3.053275715517094757e-01,4.388684385724408998e-02,1.355303694212287025e-01,-3.896000619746897153e-01,8.398468560615546252e-02,-1.753576559986685379e-01,3.361556187565214460e-01,1.124198570853046225e-01,-3.354721296939379149e-01,1.029006102771947151e-01,-2.314587079424106908e-01
-3.232598778776664128e-01,-6.565165877082929091e-02,-8.833230257180930689e-01,-2.206717002817665252e-01,-4.441051641719270804e-01,-1.664174002742075942e-01,-9.105882001714277196e-02,1.000000000000000000e+00,-6.356343080854591765e-01,-4.397070835980517733e-01,-1.490312262738465177e-01,3.331265839862042610e-01,4.597869763899532503e-01,-4.697815137216063697e-01,-3.790013839806411489e-01,-3.997813400504227066e-01,-4.525923013918684013e-01,-1.100900825301134450e-01,-1.785466527144440041e-01,-2.303451066100275710e-02,-7.138826751988920638e-02,3.012159093329761991e-02,-4.282025844408811066e-01,-4.850757995001966916e-01,-4.913351751239220522e-01,-5.225401918574908988e-01,-1.702101499091183412e-01,-3.009839677338294051e-01,-4.592835347544264590e-01,-6.490847955503434852e-01,-5.166536603089345592e-01,1.739709474323336211e-02,-4.725214605653177968e-01,-3.544060264614486422e-01,-4.601378144407751170e-01,-1.625805914469284630e-01,-9.137298145977603564e-03,-3.338058507240040940e-01,-2.042229308323223469e-02
5.837563705563094674e-01,8.628661908790204171e-02,6.601787999485042580e-01,2.314645050006315097e-01,5.624340760136461448e-01,-1.137352040960615263e-01,7.149138133417795582e-02,-6.356343080854591765e-01,1.000000000000000000e+00,6.123886150976463050e-01,-9.743943440731327177e-02,-1.781637688750725979e-01,-4.121979272181217069e-01,5.948685053382872789e-01,6.041238758044791268e-01,5.869137123555717706e-01,2.439773002129832502e-01,3.409602763287120641e-01,2.465909407853754676e-01,2.190883943294644198e-01,-1.678955315536860560e-01,-2.129655811356964967e-01,2.410056807777338772e-01,2.404437589497809002e-01,3.689976406184030666e-01,6.017202536163400728e-01,5.156439276464930971e-02,7.171416644842770749e-02,4.496460372232773395e-01,7.644594348044787546e-01,4.089745760114524287e-01,-2.857958826780565564e-01,3.212992925889787688e-01,4.669671830493378195e-01,4.377681341232915746e-01,2.145475782948693400e-01,-2.470141321594198913e-01,6.487567420255561101e-01,2.920616934315716784e-01
5.269879755932987964e-01,1.466577848895615765e-01,4.516868605989420304e-01,2.601682712910428075e-01,5.355297877954579011e-01,7.178354567302829004e-02,2.409528655283718068e-01,-4.397070835980517733e-01,6.123886150976463050e-01,1.000000000000000000e+00,2.445142902692673884e-02,1.970205727073647342e-02,-4.276597046272580527e-01,6.680865192462308588e-01,2.949285335711299694e-01,8.059881583413913697e-01,1.999532451939992350e-01,3.152820993288947826e-01,2.962776636205852743e-01,1.041413233126695786e-01,1.591038037459787530e-02,-1.026742386060487955e-01,3.631320693569620173e-01,3.032994779045487532e-01,4.740755560549197445e-01,4.208443892728008229e-01,1.448299450709530090e-01,1.632526600391348837e-01,3.393075891696089030e-01,7.109497493453834638e-01,5.017677508978359846e-01,-1.824626199400557758e-01,1.978865759777573563e-01,4.005800103704607040e-01,3.516887049193506143e-01,4.189296427720009541e-01,-1.559737192299343045e-01,3.208805517551417408e-01,2.989213659928854905e-01
1.355093609771810224e-03,5.758909342802550624e-01,-2.971844124201112464e-02,-2.383694655540657958e-01,-4.575938093263091921e-02,8.113068599702405459e-01,-3.396976873014546650e-01,-1.490312262738465177e-01,-9.743943440731327177e-02,2.445142902692673884e-02,1.000000000000000000e+00,1.125699508758131601e-01,-1.472666780814995136e-01,-2.724492278895278008e-01,-2.742626784660066042e-01,-6.593709882684860302e-02,5.850080531637554815e-01,4.366678330948204484e-02,1.595285136513680813e-01,-5.566886385619917998e-01,7.359414720602818205e-01,7.220995570861314938e-01,7.178992079498539569e-01,7.447044632913996098e-01,6.380894199412842083e-01,-2.640228589712175222e-01,1.816923002358701023e-01,6.037881579447227365e-01,-3.248859531859213390e-02,1.812265790340557292e-01,1.357835015086975849e-01,8.034634573475610830e-01,3.747957034591966052e-01,1.683487492215343106e-01,-1.383790102610291638e-02,-2.914650258556854556e-01,7.632840851751591105e-01,-2.485596983705940510e-01,9.660538126611380172e-02
-3.230341398252286056e-01,2.758358645213757412e-02,-3.736944150229244421e-01,-5.298146430928590833e-01,2.829301004523004925e-01,2.265872890631840178e-02,-3.096764389103014992e-01,3.331265839862042610e-01,-1.781637688750725979e-01,1.970205727073647342e-02,1.125699508758131601e-01,1.000000000000000000e+00,1.115095449697137281e-01,-1.600742203935973107e-01,-2.339960279734056015e-01,1.205867423614056105e-01,-4.144838251453191735e-01,1.982300547342984998e-01,5.639595291026295865e-01,-4.721529013746137982e-01,4.239975417023593707e-01,1.720632029776823502e-01,-8.324756224901715129e-02,-1.616926875774372940e-01,-2.019413208040606589e-01,-6.616327692606143174e-01,4.569410932364265793e-02,3.199712652722598305e-01,-7.032366775650112922e-01,-2.308013120598521525e-02,-1.894113410963990385e-01,1.448938302998221683e-01,-5.934516901638483555e-01,4.748003976059007591e-01,-7.065127539424826963e-01,4.330035922021145400e-01,2.658789849182787574e-02,-3.307433588692230697e-01,6.456710959667637528e-01
-2.467449849141482854e-01,9.038836065631447592e-02,-4.162308671912613445e-01,-1.116629759592791954e-01,-3.522631033775346920e-01,-2.537982965033325766e-01,-1.532533374952160521e-01,4.597869763899532503e-01,-4.121979272181217069e-01,-4.276597046272580527e-01,-1.472666780814995136e-01,1.115095449697137281e-01,1.000000000000000000e+00,-2.692558678879107270e-01,-4.777784292349405715e-01,-3.622337612410094776e-01,-4.647333534869646510e-01,-3.023403427962869650e-01,-1.895136170343548754e-01,-3.835947117712763116e-02,-2.106451316582230726e-01,3.225868775427566393e-02,-3.796271788372641010e-01,-3.782502215065987050e-01,-4.584574937406281636e-01,-3.844663371826405607e-01,2.361485853436170457e-01,-1.319189788726485568e-01,-4.181498233373465157e-01,-4.643394628967025262e-01,-6.634970433306633941e-01,1.378264591482003532e-01,-3.097936373813868771e-01,-3.300832559085121187e-01,-4.139963801292517731e-01,-8.631821283919989540e-02,1.563100003675960414e-01,-2.148957923404908599e-01,-1.342362986395846947e-01
4.204272403489421883e-01,-8.078703792844704745e-02,5.715285792874772453e-01,3.456792328469088238e-01,4.779184093313209591e-01,-2.825149483823149454e-01,3.192990608512003003e-01,-4.697815137216063697e-01,5.948685053382872789e-01,6.680865192462308588e-01,-2.724492278895278008e-01,-1.600742203935973107e-01,-2.692558678879107270e-01,1.000000000000000000e+00,3.610283228159132385e-01,6.506227503626820230e-01,6.155670297836471003e-03,8.628173519317323958e-02,1.182312196575882324e-01,3.534759042251846006e-01,-3.307766229322927631e-01,-4.586610185835001130e-01,4.100967513291436939e-02,4.744722725265812513e-02,2.133762171568619470e-01,5.368257994580178938e-01,1.822037007096594108e-01,-8.465008137379523290e-02,3.861498291013023554e-01,5.750391458975874226e-01,4.579563847317055236e-01,-4.319653954524242390e-01,7.465866935294514228e-02,2.524740218771824307e-01,4.180083156542530598e-01,4.653183921470057105e-01,-3.716276074713674715e-01,3.906469697030894306e-01,8.261199206758616798e-02
3.683823759681740251e-01,-2.399447335851930818e-01,4.199080614004111478e-01,1.912510470458408940e-01,3.789548935409747799e-01,-1.632690371074179136e-01,1.207385231457456104e-01,-3.790013839806411489e-01,6.041238758044791268e-01,2.949285335711299694e-01,-2.742626784660066042e-01,-2.339960279734056015e-01,-4.777784292349405715e-01,3.610283228159132385e-01,1.000000000000000000e+00,2.768912491910268669e-01,2.414570362544384285e-01,3.955903184490383029e-01,5.493224811235975641e-02,3.647408799565999282e-01,-2.608873907145032311e-01,-3.092500309242725010e-01,5.348587365869912624e-02,3.229735160897800189e-02,2.218298160266413410e-01,6.044046663746608372e-01,-4.168648519135369490e-01,-1.843022233819651134e-01,5.039994541029120256e-01,4.783991226377121708e-01,3.948868919812223988e-01,-4.623140913419633291e-01,3.013064863629057455e-01,3.273482827787183025e-01,4.547401146068925648e-01,2.268470764774377368e-02,-4.865685292593701083e-01,6.359723347933119442e-01,1.226025123415784984e-01
4.178488910997120165e-01,3.788722198065546526e-02,4.386783803094858603e-01,1.705941716287247834e-01,5.632685006459092758e-01,-8.454601125511006232e-02,2.216873368392607846e-01,-3.997813400504227066e-01,5.869137123555717706e-01,8.059881583413913697e-01,-6.593709882684860302e-02,1.205867423614056105e-01,-3.622337612410094776e-01,6.506227503626820230e-01,2.768912491910268669e-01,1.000000000000000000e+00,8.374042279990922752e-03,3.179028097069980796e-01,3.507189843322124356e-01,1.340157516231994250e-01,-4.255048149136033547e-02,-2.253808168717579830e-01,1.779922886839898355e-01,1.654685405765198847e-01,2.998725282028912309e-01,3.437207533701926998e-01,1.530638554190706102e-01,1.915090207493763685e-01,1.906770153303883053e-01,6.655033632920607234e-01,4.006286693127736886e-01,-2.703746854879077732e-01,7.812835021512397338e-02,4.240534847707213006e-01,2.044045087360835400e-01,5.383068004682203256e-01,-2.400220680944647189e-01,2.646303270790798523e-01,3.190635328051080744e-01
3.249178702418974440e-01,2.824195499371246476e-01,3.274770405553442676e-01,1.950050906129759121e-01,1.971542585815458035e-02,6.972026311136160226e-01,-4.881328287753215062e-02,-4.525923013918684013e-01,2.439773002129832502e-01,1.999532451939992350e-01,5.850080531637554815e-01,-4.144838251453191735e-01,-4.647333534869646510e-01,6.155670297836471003e-03,2.414570362544384285e-01,8.374042279990922752e-03,1.000000000000000000e+00,6.630152879640800745e-02,-1.366023792608068721e-01,-1.380171466221051246e-01,3.662559600351933953e-01,4.302947144043992589e-01,7.416258180870918260e-01,7.576272985069141264e-01,7.644635824601816454e-01,3.784339002349820236e-01,-1.576712093943943294e-01,1.940661609434241597e-01,6.037505249394242712e-01,3.802475469544775444e-01,4.846547895797421179e-01,3.538805818629323641e-01,6.793750615630924639e-01,6.620400450421949634e-02,5.996020809952787856e-01,-4.000149744611673497e-01,3.455430930852096405e-01,1.612376650445220549e-01,-1.913306937490933390e-01
2.101879275618429022e-01,9.543865714644420017e-02,7.194139902654117513e-02,1.761296166950701014e-01,3.379855896554009309e-01,1.269924408139341300e-02,1.250108119151372155e-01,-1.100900825301134450e-01,3.409602763287120641e-01,3.152820993288947826e-01,4.366678330948204484e-02,1.982300547342984998e-01,-3.023403427962869650e-01,8.628173519317323958e-02,3.955903184490383029e-01,3.179028097069980796e-01,6.630152879640800745e-02,1.000000000000000000e+00,5.276833156984785944e-01,1.013783376556702531e-01,6.842794577756820817e-02,-2.331137441381709793e-02,8.949017475127619969e-02,8.044832604647414454e-02,2.192424008426920312e-01,1.480986215793709537e-01,-4.949154782204771147e-02,2.128848932835586127e-01,6.387963283994790853e-02,3.638322728937481987e-01,4.999789024469508680e-02,-6.822951060765133913e-02,2.061540358512582716e-01,3.691369954940629805e-01,3.349578610056683226e-02,4.188717225621421680e-02,-6.530702142472974425e-02,2.988962730691723801e-01,2.961187376817020489e-01
-6.842796891283632610e-02,1.266488620209304805e-01,1.388172289302556650e-01,-2.344991611234027995e-01,5.671885122659431344e-01,6.788940803864075557e-02,1.898949289395132287e-02,-1.785466527144440041e-01,2.465909407853754676e-01,2.962776636205852743e-01,1.595285136513680813e-01,5.639595291026295865e-01,-1.895136170343548754e-01,1.182312196575882324e-01,5.493224811235975641e-02,3.507189843322124356e-01,-1.366023792608068721e-01,5.276833156984785944e-01,1.000000000000000000e+00,-3.113074895163419620e-01,3.453188358331193419e-01,1.034638922608566852e-01,1.506679696553238357e-01,7.461273953179978213e-02,1.207229800007579013e-01,-2.549374584309767600e-01,2.104927222709994661e-01,5.376061979589190631e-01,-3.478616070603343657e-01,3.893024461732562114e-01,1.530298321287614123e-02,1.247358125413383645e-01,-1.894185943672888062e-01,6.672924293982698263e-01,-3.410216035137333956e-01,4.214610763437753316e-01,6.114715282317843142e-02,-3.619663464974988420e-02,5.545902919668248554e-01
3.248381147179121298e-01,-2.994622930045006126e-01,1.646825017335865060e-01,6.257594362270042510e-01,-2.120195300317389842e-01,-5.791580000670938366e-01,4.451832471566357641e-01,-2.303451066100275710e-02,2.190883943294644198e-01,1.041413233126695786e-01,-5.566886385619917998e-01,-4.721529013746137982e-01,-3.835947117712763116e-02,3.534759042251846006e-01,3.647408799565999282e-01,1.340157516231994250e-01,-1.380171466221051246e-01,1.013783376556702531e-01,-3.113074895163419620e-01,1.000000000000000000e+00,-7.649329494616455838e-01,-5.058858351723487523e-01,-4.295938166488869059e-01,-3.968621087164917460e-01,-1.752627335436990619e-01,5.965504553220730699e-01,-6.523591694680352937e-02,-5.923818970199787870e-01,4.669777940210725342e-01,-7.306160154327863421e-02,1.315937689154566929e-02,-5.976270392690217204e-01,2.202683220748577198e-01,-4.305033426689858778e-01,4.741353695038043603e-01,-1.283505420479447712e-01,-4.769878407404715692e-01,4.010355645342195130e-01,-3.854859639073860977e-01
-2.649851270916741552e-01,2.915478296632263988e-01,-1.066584581892592865e-01,-4.537944460853293727e-01,1.682311554807816301e-01,7.368440871739667664e-01,-3.772637563924286508e-01,-7.138826751988920638e-02,-1.678955315536860560e-01,1.591038037459787530e-02,7.359414720602818205e-01,4.239975417023593707e-01,-2.106451316582230726e-01,-3.307766229322927631e-01,-2.608873907145032311e-01,-4.255048149136033547e-02,3.662559600351933953e-01,6.842794577756820817e-02,3.453188358331193419e-01,-7.649329494616455838e-01,1.000000000000000000e+00,6.473751783237136070e-01,5.886083843228049339e-01,5.793015456135449659e-01,4.188109399350060102e-01,-5.076306986543100974e-01,-1.329062315031614115e-02,6.739700088175845094e-01,-3.249246429189289742e-01,1.541781182632027958e-01,1.357286496946308874e-01,6.488855687956509577e-01,5.504715058757358656e-03,4.147095329556170218e-01,-3.170960677123687010e-01,2.199468253901492101e-02,5.260533495582220276e-01,-4.194656629004030468e-01,3.093152611524757623e-01
-3.130863589713620693e-02,4.640513167927876048e-01,-1.885993809632200702e-01,-2.901715162248820756e-01,-1.631536790217946453e-01,6.842989246969838346e-01,-3.960737382079365099e-01,3.012159093329761991e-02,-2.129655811356964967e-01,-1.026742386060487955e-01,7.220995570861314938e-01,1.720632029776823502e-01,3.225868775427566393e-02,-4.586610185835001130e-01,-3.092500309242725010e-01,-2.253808168717579830e-01,4.302947144043992589e-01,-2.331137441381709793e-02,1.034638922608566852e-01,-5.058858351723487523e-01,6.473751783237136070e-01,1.000000000000000000e+00,5.540887282705306838e-01,5.489673851178435982e-01,3.964509292745087010e-01,-3.500462957618962201e-01,1.004351502307684468e-01,4.551270331561952931e-01,-1.403970769031278598e-01,-2.469964426229525906e-03,-9.601976701512304757e-02,7.065925240780176475e-01,2.403948424642654846e-01,4.358553598117380357e-02,-1.403472007791680132e-01,-3.037693055545659382e-01,6.681575502759706797e-01,-2.552971092752319704e-01,7.938503575812719260e-02
2.906264909523730289e-01,4.758374122568945763e-01,2.768646145995522501e-01,-5.240833927095719241e-02,2.327770269063151598e-01,7.831965349562589607e-01,-1.612521227586289629e-01,-4.282025844408811066e-01,2.410056807777338772e-01,3.631320693569620173e-01,7.178992079498539569e-01,-8.324756224901715129e-02,-3.796271788372641010e-01,4.100967513291436939e-02,5.348587365869912624e-02,1.779922886839898355e-01,7.416258180870918260e-01,8.949017475127619969e-02,1.506679696553238357e-01,-4.295938166488869059e-01,5.886083843228049339e-01,5.540887282705306838e-01,1.000000000000000000e+00,8.351219842168911001e-01,8.170616463488031833e-01,1.033837567790160394e-01,6.269171591333146110e-02,4.881363154591442655e-01,3.235820178960230886e-01,4.928606459164291409e-01,4.437734391006421530e-01,5.497074984190961633e-01,4.899391636436099540e-01,3.162663691398845955e-01,3.213946622990179747e-01,-1.332615198019825586e-01,5.115832375510015462e-01,2.592756859244240222e-02,1.283166186349198046e-01
2.278951406310542604e-01,4.421843398773877554e-01,3.362422195535948455e-01,-2.744237268514192890e-02,1.807825301561303000e-01,7.534490423949612437e-01,-1.979164125347065428e-01,-4.850757995001966916e-01,2.404437589497809002e-01,3.032994779045487532e-01,7.447044632913996098e-01,-1.616926875774372940e-01,-3.782502215065987050e-01,4.744722725265812513e-02,3.229735160897800189e-02,1.654685405765198847e-01,7.576272985069141264e-01,8.044832604647414454e-02,7.461273953179978213e-02,-3.968621087164917460e-01,5.793015456135449659e-01,5.489673851178435982e-01,8.351219842168911001e-01,1.000000000000000000e+00,7.972894874194116355e-01,1.268670388470792276e-01,1.289059662405071527e-01,5.126743360724750342e-01,3.199974707289087172e-01,4.682047359399968411e-01,4.301487786414560643e-01,5.691819969857542239e-01,5.738394247951266181e-01,2.378433866085284953e-01,3.328259686440721010e-01,-1.757467361516797388e-01,5.622609151022520679e-01,4.608372384007375713e-03,1.468691400653322245e-02
3.967899392580378493e-01,4.466661419712372183e-01,3.735725638008298710e-01,1.348851568288809422e-01,2.340235631439312736e-01,6.696649908095585468e-01,-3.560701015730343560e-02,-4.913351751239220522e-01,3.689976406184030666e-01,4.740755560549197445e-01,6.380894199412842083e-01,-2.019413208040606589e-01,-4.584574937406281636e-01,2.133762171568619470e-01,2.218298160266413410e-01,2.998725282028912309e-01,7.644635824601816454e-01,2.192424008426920312e-01,1.207229800007579013e-01,-1.752627335436990619e-01,4.188109399350060102e-01,3.964509292745087010e-01,8.170616463488031833e-01,7.972894874194116355e-01,1.000000000000000000e+00,3.058428168269052838e-01,5.764847190823867151e-02,3.970107800865496639e-01,4.743060295340869592e-01,5.762789230070710644e-01,5.072403217423995248e-01,4.224532519236412487e-01,6.327362338120935403e-01,2.572274265886834166e-01,4.752315160028873775e-01,-1.562294915861441036e-01,4.165903183269399346e-01,1.975652815125953365e-01,6.246863390367402014e-02
6.233325866655443637e-01,-8.134622482842865376e-02,5.925613146758830219e-01,6.062239062189636041e-01,1.482285891640270914e-01,-1.676283471526933133e-01,3.691562004876367542e-01,-5.225401918574908988e-01,6.017202536163400728e-01,4.208443892728008229e-01,-2.640228589712175222e-01,-6.616327692606143174e-01,-3.844663371826405607e-01,5.368257994580178938e-01,6.044046663746608372e-01,3.437207533701926998e-01,3.784339002349820236e-01,1.480986215793709537e-01,-2.549374584309767600e-01,5.965504553220730699e-01,-5.076306986543100974e-01,-3.500462957618962201e-01,1.033837567790160394e-01,1.268670388470792276e-01,3.058428168269052838e-01,1.000000000000000000e+00,-9.503172384320894561e-02,-3.472441428124058427e-01,8.293067847111790236e-01,4.364364601607620964e-01,4.371249924333980852e-01,-4.469655609327673473e-01,5.492612910696933470e-01,-8.766877754578603077e-02,8.138020542253685541e-01,-1.139638513784384799e-01,-3.496537720822796569e-01,6.381858745074464601e-01,-2.654455140719429451e-01
1.027002300406270607e-01,4.527570429460193724e-01,1.696443761793167970e-01,5.809463386910073551e-02,-2.827698202136737574e-02,-3.745072774724449854e-02,-1.064447566007756252e-02,-1.702101499091183412e-01,5.156439276464930971e-02,1.448299450709530090e-01,1.816923002358701023e-01,4.569410932364265793e-02,2.361485853436170457e-01,1.822037007096594108e-01,-4.168648519135369490e-01,1.530638554190706102e-01,-1.576712093943943294e-01,-4.949154782204771147e-02,2.104927222709994661e-01,-6.523591694680352937e-02,-1.329062315031614115e-02,1.004351502307684468e-01,6.269171591333146110e-02,1.289059662405071527e-01,5.764847190823867151e-02,-9.503172384320894561e-02,1.000000000000000000e+00,3.357999140736246946e-01,-1.614453171163605649e-01,5.473210660802250299e-02,-1.784968053672867927e-01,3.549463236713307213e-01,9.394021394495638555e-02,-3.477773268837990039e-02,-1.239055361530616711e-01,5.719792368715368586e-02,4.508965509080473111e-01,-5.158866498904234044e-02,2.473504151355775463e-02
-1.411677070615745266e-01,3.845080488065623081e-01,1.711994735900382592e-01,-3.427028846933182216e-01,3.337975990282432415e-01,4.966039270218277624e-01,-2.031061248687136001e-01,-3.009839677338294051e-01,7.171416644842770749e-02,1.632526600391348837e-01,6.037881579447227365e-01,3.199712652722598305e-01,-1.319189788726485568e-01,-8.465008137379523290e-02,-1.843022233819651134e-01,1.915090207493763685e-01,1.940661609434241597e-01,2.128848932835586127e-01,5.376061979589190631e-01,-5.923818970199787870e-01,6.739700088175845094e-01,4.551270331561952931e-01,4.881363154591442655e-01,5.126743360724750342e-01,3.970107800865496639e-01,-3.472441428124058427e-01,3.357999140736246946e-01,1.000000000000000000e+00,-3.175032290270479174e-01,3.353057219588438942e-01,3.852001267920005662e-02,5.856606261725607609e-01,1.402922014082006730e-01,5.179370048221950684e-01,-3.115145086940662722e-01,1.765393297091315816e-01,5.303936403486149143e-01,-2.235926899826754244e-01,3.383236765285915770e-01
5.974823747507205240e-01,1.135195128448341848e-02,4.810594971563716404e-01,5.712364213293643633e-01,1.045198271060117541e-02,9.838211073360472736e-02,3.053275715517094757e-01,-4.592835347544264590e-01,4.496460372232773395e-01,3.393075891696089030e-01,-3.248859531859213390e-02,-7.032366775650112922e-01,-4.181498233373465157e-01,3.861498291013023554e-01,5.039994541029120256e-01,1.906770153303883053e-01,6.037505249394242712e-01,6.387963283994790853e-02,-3.478616070603343657e-01,4.669777940210725342e-01,-3.249246429189289742e-01,-1.403970769031278598e-01,3.235820178960230886e-01,3.199974707289087172e-01,4.743060295340869592e-01,8.293067847111790236e-01,-1.614453171163605649e-01,-3.175032290270479174e-01,1.000000000000000000e+00,3.519599113020108194e-01,5.077748404595072707e-01,-2.338716039394538315e-01,6.393828573702760032e-01,-1.628659610264737712e-01,8.928794598863774024e-01,-2.800269818806221389e-01,-1.547455221570281092e-01,4.976910238241279427e-01,-3.691007742101173328e-01
5.089786424236210083e-01,2.331420535563065999e-01,6.154976659255303462e-01,9.509724348652158488e-02,6.640128129620224140e-01,1.954473417521764289e-01,4.388684385724408998e-02,-6.490847955503434852e-01,7.644594348044787546e-01,7.109497493453834638e-01,1.812265790340557292e-01,-2.308013120598521525e-02,-4.643394628967025262e-01,5.750391458975874226e-01,4.783991226377121708e-01,6.655033632920607234e-01,3.802475469544775444e-01,3.638322728937481987e-01,3.893024461732562114e-01,-7.306160154327863421e-02,1.541781182632027958e-01,-2.469964426229525906e-03,4.928606459164291409e-01,4.682047359399968411e-01,5.762789230070710644e-01,4.364364601607620964e-01,5.473210660802250299e-02,3.353057219588438942e-01,3.519599113020108194e-01,1.000000000000000000e+00,4.997504137356126863e-01,-4.590338280124162118e-02,3.243929479817345696e-01,6.147562855069707011e-01,3.487653811447448127e-01,2.988385427131156069e-01,-4.256426452209855632e-02,4.831787928191190185e-01,3.921999194275210820e-01
2.555598931966567289e-01,-6.740798136002154606e-02,5.041314653192927597e-01,1.622655557329449882e-01,3.892097202050795457e-01,2.569326162121167156e-01,1.355303694212287025e-01,-5.166536603089345592e-01,4.089745760114524287e-01,5.017677508978359846e-01,1.357835015086975849e-01,-1.894113410963990385e-01,-6.634970433306633941e-01,4.579563847317055236e-01,3.948868919812223988e-01,4.006286693127736886e-01,4.846547895797421179e-01,4.999789024469508680e-02,1.530298321287614123e-02,1.315937689154566929e-02,1.357286496946308874e-01,-9.601976701512304757e-02,4.437734391006421530e-01,4.301487786414560643e-01,5.072403217423995248e-01,4.371249924333980852e-01,-1.784968053672867927e-01,3.852001267920005662e-02,5.077748404595072707e-01,4.997504137356126863e-01,1.000000000000000000e+00,-1.263329088976661019e-01,3.047020523666224001e-01,2.831675485282190707e-01,5.318868616361779322e-01,1.819459040961960705e-01,-1.718326700892059133e-01,1.316701914823862340e-01,3.547605810554205902e-02
-1.272420848100155044e-01,6.506876552332244712e-01,-1.828333843891059296e-01,-3.059806685096541634e-01,-1.958724396650559640e-01,6.841832365841403751e-01,-3.896000619746897153e-01,1.739709474323336211e-02,-2.857958826780565564e-01,-1.824626199400557758e-01,8.034634573475610830e-01,1.448938302998221683e-01,1.378264591482003532e-01,-4.319653954524242390e-01,-4.623140913419633291e-01,-2.703746854879077732e-01,3.538805818629323641e-01,-6.822951060765133913e-02,1.247358125413383645e-01,-5.976270392690217204e-01,6.488855687956509577e-01,7.065925240780176475e-01,5.497074984190961633e-01,5.691819969857542239e-01,4.224532519236412487e-01,-4.469655609327673473e-01,3.549463236713307213e-01,5.856606261725607609e-01,-2.338716039394538315e-01,-4.590338280124162118e-02,-1.263329088976661019e-01,1.000000000000000000e+00,2.644382512539422692e-01,3.766275997406415971e-02,-2.292182173624342789e-01,-3.426118904751945249e-01,8.687503240653894343e-01,-3.212212227153223854e-01,7.109477253779561412e-02
4.373432854016924831e-01,3.605140431941800117e-01,3.997484889662342167e-01,4.249535073067259860e-01,-1.120722506294379583e-01,3.783834704054986897e-01,8.398468560615546252e-02,-4.725214605653177968e-01,3.212992925889787688e-01,1.978865759777573563e-01,3.747957034591966052e-01,-5.934516901638483555e-01,-3.097936373813868771e-01,7.465866935294514228e-02,3.013064863629057455e-01,7.812835021512397338e-02,6.793750615630924639e-01,2.061540358512582716e-01,-1.894185943672888062e-01,2.202683220748577198e-01,5.504715058757358656e-03,2.403948424642654846e-01,4.899391636436099540e-01,5.738394247951266181e-01,6.327362338120935403e-01,5.492612910696933470e-01,9.394021394495638555e-02,1.402922014082006730e-01,6.393828573702760032e-01,3.243929479817345696e-01,3.047020523666224001e-01,2.644382512539422692e-01,1.000000000000000000e+00,-1.439630179119242570e-01,6.252174650790716104e-01,-4.887434250474527175e-01,3.450171589150813345e-01,3.541197747169544385e-01,-3.127344877473378637e-01
8.832345096808266738e-02,9.093456556785017852e-02,3.010905630631444674e-01,-3.296304650087593657e-01,7.541982890130252137e-01,1.571651287691982757e-01,-1.753576559986685379e-01,-3.544060264614486422e-01,4.669671830493378195e-01,4.005800103704607040e-01,1.683487492215343106e-01,4.748003976059007591e-01,-3.300832559085121187e-01,2.524740218771824307e-01,3.273482827787183025e-01,4.240534847707213006e-01,6.620400450421949634e-02,3.691369954940629805e-01,6.672924293982698263e-01,-4.305033426689858778e-01,4.147095329556170218e-01,4.358553598117380357e-02,3.162663691398845955e-01,2.378433866085284953e-01,2.572274265886834166e-01,-8.766877754578603077e-02,-3.477773268837990039e-02,5.179370048221950684e-01,-1.628659610264737712e-01,6.147562855069707011e-01,2.831675485282190707e-01,3.766275997406415971e-02,-1.439630179119242570e-01,1.000000000000000000e+00,-1.829073747092150037e-01,4.633203294934902794e-01,-7.859587051733038510e-02,1.495563370912973422e-01,6.639074389190892100e-01
5.685382556788148856e-01,7.983787202723065116e-04,4.866020248352515010e-01,5.946976004272495064e-01,5.739536493309476111e-04,1.015718436095316424e-01,3.361556187565214460e-01,-4.601378144407751170e-01,4.377681341232915746e-01,3.516887049193506143e-01,-1.383790102610291638e-02,-7.065127539424826963e-01,-4.139963801292517731e-01,4.180083156542530598e-01,4.547401146068925648e-01,2.044045087360835400e-01,5.996020809952787856e-01,3.349578610056683226e-02,-3.410216035137333956e-01,4.741353695038043603e-01,-3.170960677123687010e-01,-1.403472007791680132e-01,3.213946622990179747e-01,3.328259686440721010e-01,4.752315160028873775e-01,8.138020542253685541e-01,-1.239055361530616711e-01,-3.115145086940662722e-01,8.928794598863774024e-01,3.487653811447448127e-01,5.318868616361779322e-01,-2.292182173624342789e-01,6.252174650790716104e-01,-1.829073747092150037e-01,1.000000000000000000e+00,-2.612778917096902354e-01,-1.386330285124803552e-01,4.467417008809225210e-01,-4.002117512681117040e-01
-1.435687257043035125e-01,-3.377315200990978483e-01,2.340077171139968160e-01,-1.642303744504983731e-01,6.125387099023842374e-01,-2.657770588068221196e-01,1.124198570853046225e-01,-1.625805914469284630e-01,2.145475782948693400e-01,4.189296427720009541e-01,-2.914650258556854556e-01,4.330035922021145400e-01,-8.631821283919989540e-02,4.653183921470057105e-01,2.268470764774377368e-02,5.383068004682203256e-01,-4.000149744611673497e-01,4.188717225621421680e-02,4.214610763437753316e-01,-1.283505420479447712e-01,2.199468253901492101e-02,-3.037693055545659382e-01,-1.332615198019825586e-01,-1.757467361516797388e-01,-1.562294915861441036e-01,-1.139638513784384799e-01,5.719792368715368586e-02,1.765393297091315816e-01,-2.800269818806221389e-01,2.988385427131156069e-01,1.819459040961960705e-01,-3.426118904751945249e-01,-4.887434250474527175e-01,4.633203294934902794e-01,-2.612778917096902354e-01,1.000000000000000000e+00,-3.901352134992617238e-01,-1.343973886843982390e-01,3.616281732597494414e-01
-2.499566354993607020e-02,6.973376863750008203e-01,-1.381722484147840935e-01,-2.044598211390303844e-01,-2.714726536672467105e-01,6.140450156581028773e-01,-3.354721296939379149e-01,-9.137298145977603564e-03,-2.470141321594198913e-01,-1.559737192299343045e-01,7.632840851751591105e-01,2.658789849182787574e-02,1.563100003675960414e-01,-3.716276074713674715e-01,-4.865685292593701083e-01,-2.400220680944647189e-01,3.455430930852096405e-01,-6.530702142472974425e-02,6.114715282317843142e-02,-4.769878407404715692e-01,5.260533495582220276e-01,6.681575502759706797e-01,5.115832375510015462e-01,5.622609151022520679e-01,4.165903183269399346e-01,-3.496537720822796569e-01,4.508965509080473111e-01,5.303936403486149143e-01,-1.547455221570281092e-01,-4.256426452209855632e-02,-1.718326700892059133e-01,8.687503240653894343e-01,3.450171589150813345e-01,-7.859587051733038510e-02,-1.386330285124803552e-01,-3.901352134992617238e-01,1.000000000000000000e+00,-2.413891347129424880e-01,-2.084855396103433081e-02
6.809839714578626024e-01,1.744856067230753094e-01,3.810209112802546150e-01,2.718956026995264508e-01,2.367636762581486753e-01,-2.485159132749321376e-01,1.029006102771947151e-01,-3.338058507240040940e-01,6.487567420255561101e-01,3.208805517551417408e-01,-2.485596983705940510e-01,-3.307433588692230697e-01,-2.148957923404908599e-01,3.906469697030894306e-01,6.359723347933119442e-01,2.646303270790798523e-01,1.612376650445220549e-01,2.988962730691723801e-01,-3.619663464974988420e-02,4.010355645342195130e-01,-4.194656629004030468e-01,-2.552971092752319704e-01,2.592756859244240222e-02,4.608372384007375713e-03,1.975652815125953365e-01,6.381858745074464601e-01,-5.158866498904234044e-02,-2.235926899826754244e-01,4.976910238241279427e-01,4.831787928191190185e-01,1.316701914823862340e-01,-3.212212227153223854e-01,3.541197747169544385e-01,1.495563370912973422e-01,4.467417008809225210e-01,-1.343973886843982390e-01,-2.413891347129424880e-01,1.000000000000000000e+00,1.849812615270338412e-01
1.260640502841555710e-01,2.499490260725734658e-01,-2.153712398119795451e-02,-4.645368510338975798e-01,5.366238741827655812e-01,2.330282587232085020e-02,-2.314587079424106908e-01,-2.042229308323223469e-02,2.920616934315716784e-01,2.989213659928854905e-01,9.660538126611380172e-02,6.456710959667637528e-01,-1.342362986395846947e-01,8.261199206758616798e-02,1.226025123415784984e-01,3.190635328051080744e-01,-1.913306937490933390e-01,2.961187376817020489e-01,5.545902919668248554e-01,-3.854859639073860977e-01,3.093152611524757623e-01,7.938503575812719260e-02,1.283166186349198046e-01,1.468691400653322245e-02,6.246863390367402014e-02,-2.654455140719429451e-01,2.473504151355775463e-02,3.383236765285915770e-01,-3.691007742101173328e-01,3.921999194275210820e-01,3.547605810554205902e-02,7.109477253779561412e-02,-3.127344877473378637e-01,6.639074389190892100e-01,-4.002117512681117040e-01,3.616281732597494414e-01,-2.084855396103433081e-02,1.849812615270338412e-01,1.000000000000000000e+00
