1.000000000000000000e+00,8.309760609819626387e-01,6.558539692979409308e-01,3.446010150495584790e-01,5.682653023206072351e-01,4.106464520490579195e-01,2.622385767712084315e-01,-3.723949151214537290e-01,6.855374796808451077e-01,8.498892742569612579e-01,5.357613536277328059e-01,-1.005464693012106253e-01,-2.255095284203262329e-01,7.802187293174522864e-01,-3.622789488038545298e-03,7.308630130032879313e-01,6.629792668826370861e-01,6.191397922573697032e-01,1.513303198680842308e-02,3.124943636132518909e-01,5.805949641929836202e-01,2.442832638540314849e-01,7.843470359604575171e-01,6.500868566926069070e-01,7.474063010340254998e-01,8.086277698660597757e-01,6.275290223354795804e-01,6.447390698876097614e-01,6.767597755116938618e-01,7.975447215586700667e-01,5.559577195914868764e-01,4.827912217563151143e-01,6.740140223528413577e-01,1.456509408641335802e-02,6.409586015367272349e-01,5.093175849886178996e-01,4.660282125952803223e-01,4.872288216273054084e-01,3.539305985415038824e-01
8.309760609819626387e-01,1.000000000000000000e+00,5.781375791581470081e-01,2.056515740572236184e-01,4.574980943230873565e-01,5.935793861800442439e-01,3.756817050576907735e-01,-2.932434840600530168e-01,4.745968567005284244e-01,7.500391627170575060e-01,7.088236953038143939e-01,-3.185911520793585083e-01,-3.653266733247988451e-01,6.949646028377962637e-01,-2.794060078697723770e-01,5.211708911661976362e-01,7.878591836170590890e-01,4.543825776015188445e-01,-2.802836835740422639e-01,3.312727786839775312e-01,5.984159726451634409e-01,3.884181329390566928e-01,6.396608833050340115e-01,7.692023706719464116e-01,6.180419964695947899e-01,7.094040518721259625e-01,7.187462086518340287e-01,4.367009730366073206e-01,7.760638658607704743e-01,6.513345309905085312e-01,6.618477300217553427e-01,6.599014290326310483e-01,6.836507972433193414e-01,-2.774751971633969139e-01,7.404570554458205223e-01,2.874077801309629088e-01,6.686003544857495040e-01,3.201239560426323849e-01,1.639482333123974123e-01
6.558539692979409308e-01,5.781375791581470081e-01,1.000000000000000000e+00,1.837170078242134352e-01,7.822042599957571563e-01,3.154127932621849095e-01,3.487963296978298100e-01,-4.526840052060255859e-01,6.220977072964820609e-01,6.923436370639518556e-01,5.478758263342264900e-01,-8.222754736394793929e-02,-2.677965421614179053e-01,7.478693594336608408e-01,3.822488904771127044e-02,5.597245441927647391e-01,6.085049808109233016e-01,5.924638910365870315e-01,1.862364165591053403e-02,7.450036041470599335e-02,5.819479275531724838e-01,2.659433546837526863e-01,6.658494158453622802e-01,5.416594707965636246e-01,5.543218878539860617e-01,7.142314772206594942e-01,5.587145612287055529e-01,6.628139731964567405e-01,5.176824507424881983e-01,6.611988544686799862e-01,6.020194308440460773e-01,4.350814671925719579e-01,7.643599099567432997e-01,1.423182370367910288e-01,5.561949109480839315e-01,3.974987462770778746e-01,3.106832519971124973e-01,4.434144948340253412e-01,2.621934552444790678e-01
3.446010150495584790e-01,2.056515740572236184e-01,1.837170078242134352e-01,1.000000000000000000e+00,1.726310459599997016e-01,1.360636434468497080e-01,2.305621873795952181e-01,-3.215671366621280364e-02,2.648714631410948872e-01,3.041182523658482184e-01,9.789848745900245341e-02,6.438078597401236843e-03,-1.319106641325751977e-02,4.061690711037668211e-01,7.830614195121562982e-02,2.981216831431910963e-01,1.568751557997550561e-01,2.914621489691672784e-01,2.077009724124497803e-01,2.136408614771158065e-01,3.220039860148998789e-01,1.765847014048874675e-01,2.944839449504967344e-01,2.669336961737076019e-01,2.260769352909333674e-01,2.622440444606357612e-01,1.809101905211770445e-01,4.310482766182891501e-01,2.448128325652853821e-01,2.792639690110736983e-01,9.825177754593106272e-02,1.988138951388092601e-01,2.552242188739123896e-01,7.723381705801624086e-02,2.095001962071144641e-01,3.013863862204140265e-01,1.605691023626686642e-01,7.801349714644278954e-02,-8.854667749941119714e-03
5.682653023206072351e-01,4.574980943230873565e-01,7.822042599957571563e-01,1.726310459599997016e-01,1.000000000000000000e+00,6.930505666719902202e-02,1.001670170100700669e-01,-4.589394704067390474e-01,7.453635699519564062e-01,6.619272048168470812e-01,3.423470960338343416e-01,1.827207556206167649e-01,-2.506607990986020607e-01,7.300283169778107872e-01,2.394271488955773963e-01,6.410224775576719436e-01,4.185148383482865664e-01,6.678372172289989139e-01,2.402053204114785179e-01,-4.154489286549403748e-02,2.798084004574143968e-01,1.135453754788427923e-02,6.535299700386939525e-01,3.171952326637331177e-01,5.810989767883693036e-01,5.918053369220823701e-01,4.295742549501201935e-01,5.945344685023663533e-01,3.030884223461533522e-01,6.642961812937685506e-01,5.145078120163747437e-01,1.331935194743334439e-01,6.073742730934322820e-01,4.009525332356614347e-01,3.132168726831601746e-01,5.085266670411268120e-01,1.429579511888441068e-01,5.214146093212190802e-01,5.194969859727122108e-01
4.106464520490579195e-01,5.935793861800442439e-01,3.154127932621849095e-01,1.360636434468497080e-01,6.930505666719902202e-02,1.000000000000000000e+00,5.037654349198320558e-01,-9.683056331599565469e-02,-1.063864074193208720e-01,3.312606205317031871e-01,7.102340201628353222e-01,-7.921645256426603776e-01,-3.892843499653196315e-01,4.239388808843558287e-01,-7.057294738057312555e-01,2.918492089666211917e-02,7.663602791056419727e-01,7.360105624026544446e-02,-6.460964118266465661e-01,3.803229365651483174e-01,6.013722416162839979e-01,4.488927331991940384e-01,2.241327788605247395e-01,7.787760225501282330e-01,3.000188712287776838e-01,4.250276557626866403e-01,5.764270265766674450e-01,5.281536424777818345e-02,8.225274988974332624e-01,8.268922537125246441e-02,5.341360062043128965e-01,6.750288908368308194e-01,5.063052574988108345e-01,-7.285722569778746438e-01,8.422138984335745260e-01,-1.151478679294632018e-01,8.349682516264214094e-01,-8.086530116741617868e-02,-3.858315865405537726e-01
2.622385767712084315e-01,3.756817050576907735e-01,3.487963296978298100e-01,2.305621873795952181e-01,1.001670170100700669e-01,5.037654349198320558e-01,1.000000000000000000e+00,2.812269009762628502e-01,-1.049425248813019712e-01,1.812698326710623087e-01,5.188642810827230889e-01,-5.873519026209873539e-01,-5.114183282379367590e-01,2.977015339706508557e-01,-5.684394055506495347e-01,-1.206199885746096212e-01,4.574308812087387599e-01,-1.456937335909387066e-01,-4.655350592583750724e-01,-9.579208356972752914e-02,7.133759217722813739e-01,7.547726188419144888e-01,1.548240510189590469e-01,5.641218378057386573e-01,-5.731155428600677448e-03,2.034810889371030385e-01,4.933943019436207722e-01,2.818363971679528346e-01,4.204392612621928316e-01,5.673179530460691761e-02,5.713654135610415352e-01,6.047989793912839085e-01,5.401184226725046500e-01,-4.112662010146714286e-01,5.424054049297153401e-01,-1.240175377082485819e-01,4.487788956084597936e-01,-2.812117980000096717e-01,-4.111843516444277369e-01
-3.723949151214537290e-01,-2.932434840600530168e-01,-4.526840052060255859e-01,-3.215671366621280364e-02,-4.589394704067390474e-01,-9.683056331599565469e-02,2.812269009762628502e-01,1.000000000000000000e+00,-4.708182540613147782e-01,-4.707334567448047680e-01,-9.524140869572179924e-02,-4.957351882814507033e-02,-2.489566094680626951e-01,-3.715960208965057854e-01,-1.893831474755019173e-01,-5.074155442512389147e-01,-2.678179375343219815e-01,-6.183420401153999491e-01,-8.379895807937201568e-02,-4.403259938034444487e-01,1.465370195817086163e-01,4.774732944696677417e-01,-3.959528076349002612e-01,-1.908518866927566004e-01,-5.537345949053362748e-01,-4.349175730402622952e-01,-1.262747713781421921e-01,-1.510004046436054514e-01,-3.238914654471314325e-01,-3.922848310976176367e-01,1.402638729168934756e-02,6.594540037329579829e-02,-5.212699901774055233e-02,-1.282502546298990298e-01,-2.307781903794182687e-01,-2.526991456625103938e-01,-1.172384176246573234e-01,-4.510243751164796921e-01,-3.654490434308527713e-01
6.855374796808451077e-01,4.745968567005284244e-01,6.220977072964820609e-01,2.648714631410948872e-01,7.453635699519564062e-01,-1.063864074193208720e-01,-1.049425248813019712e-01,-4.708182540613147782e-01,1.000000000000000000e+00,7.287043307616974941e-01,1.687027543893420134e-01,4.102796417569221643e-01,-6.237028902680518544e-02,6.560671627789526061e-01,4.757905258951603544e-01,8.445484925083908134e-01,3.042726822588438518e-01,7.948376069271302358e-01,4.934503412136759803e-01,1.415065635380024500e-01,2.014179000271639208e-01,-1.176565829179252176e-01,7.630206208202293672e-01,2.171415591054407235e-01,7.319527526309869137e-01,6.507347859850315386e-01,3.354992750558940529e-01,6.720676589340439655e-01,2.501936944724195699e-01,8.308840257661146422e-01,3.593154856804005037e-01,2.110375015140709618e-02,4.841003153881829890e-01,5.561059640179710772e-01,1.960186078830423173e-01,6.078049107077175828e-01,2.627996438243608221e-02,7.147285970602358374e-01,7.270173784724642818e-01
8.498892742569612579e-01,7.500391627170575060e-01,6.923436370639518556e-01,3.041182523658482184e-01,6.619272048168470812e-01,3.312606205317031871e-01,1.812698326710623087e-01,-4.707334567448047680e-01,7.287043307616974941e-01,1.000000000000000000e+00,4.271196053583556917e-01,-3.745556466520025274e-02,-2.158936420150414648e-01,7.869321058921210366e-01,7.941398811237496136e-02,8.164120853248095777e-01,6.167213030859323153e-01,6.737101844921609128e-01,9.100450256580687458e-02,2.964826305995088562e-01,4.809519456422155503e-01,1.372774888713912400e-01,7.965954929597816037e-01,5.823952434040687853e-01,7.624900136746729506e-01,8.090033284818294312e-01,6.006644173456855418e-01,6.499055082217389812e-01,6.448183294403940780e-01,8.232807588236576990e-01,5.269120862876985889e-01,3.541477865452734020e-01,6.431539633054537131e-01,1.340341851136590268e-01,6.003852245112849539e-01,5.195879640547041989e-01,3.982037160777593399e-01,5.707753191107339807e-01,4.372679345177576393e-01
5.357613536277328059e-01,7.088236953038143939e-01,5.478758263342264900e-01,9.789848745900245341e-02,3.423470960338343416e-01,7.102340201628353222e-01,5.188642810827230889e-01,-9.524140869572179924e-02,1.687027543893420134e-01,4.271196053583556917e-01,1.000000000000000000e+00,-5.534032315688446335e-01,-3.742938598503653957e-01,5.972935339211878913e-01,-4.629205219454861631e-01,1.397921181742909080e-01,8.525720001964701700e-01,1.674141832664087781e-01,-4.434827592452265099e-01,7.350329565552966848e-02,6.928825625678010081e-01,5.060567451821920137e-01,4.270170183968852173e-01,7.494508245411852787e-01,3.422860195743385736e-01,5.942634946564838705e-01,7.037437058617259655e-01,3.166180614723073106e-01,6.925278060279775882e-01,3.435693279233297814e-01,6.399731135549104888e-01,7.601148415371161704e-01,7.045361684368250943e-01,-4.439484636292039821e-01,7.373273772119660618e-01,7.355911201339536409e-02,6.077733005759661244e-01,1.486295630380583821e-01,-1.678961178289582468e-01
-1.005464693012106253e-01,-3.185911520793585083e-01,-8.222754736394793929e-02,6.438078597401236843e-03,1.827207556206167649e-01,-7.921645256426603776e-01,-5.873519026209873539e-01,-4.957351882814507033e-02,4.102796417569221643e-01,-3.745556466520025274e-02,-5.534032315688446335e-01,1.000000000000000000e+00,2.634980495755545049e-01,-1.256224787699828649e-01,8.221159990699226094e-01,2.881076976195725003e-01,-5.177281228116737966e-01,2.596077050743724191e-01,7.671407022128524655e-01,-1.684173474618803346e-01,-4.728073570697454153e-01,-4.107822234091104696e-01,7.650949224701412976e-02,-5.849987950759182320e-01,3.694418596368035778e-03,-1.189651238959196777e-01,-3.314490856270392305e-01,1.653512768805569244e-01,-5.670517831504595652e-01,2.345959530045829966e-01,-3.219222805984988667e-01,-5.252362456221157938e-01,-2.653987611921011514e-01,7.810385276439996138e-01,-6.233744102030724932e-01,3.747691928876223932e-01,-6.046530034933037534e-01,3.772991881412686710e-01,6.540587127119628086e-01
-2.255095284203262329e-01,-3.653266733247988451e-01,-2.677965421614179053e-01,-1.319106641325751977e-02,-2.506607990986020607e-01,-3.892843499653196315e-01,-5.114183282379367590e-01,-2.489566094680626951e-01,-6.237028902680518544e-02,-2.158936420150414648e-01,-3.742938598503653957e-01,2.634980495755545049e-01,1.000000000000000000e+00,-2.575424046425689451e-01,4.609543029890637023e-01,-1.500863354871276138e-02,-3.792803429666277149e-01,9.722981600677565311e-03,3.295395392105743837e-01,1.366173190914643856e-02,-4.333519561200324666e-01,-5.811001445992604042e-01,-1.123885738722157912e-01,-4.250339633957258001e-01,-5.002411669240996311e-02,-1.504428884571984149e-01,-5.729562648185111406e-01,-2.066174621985417958e-01,-3.953267397756026202e-01,-1.008396131385290023e-01,-7.778772504344217964e-01,-4.367203527774261573e-01,-5.385400404549398612e-01,2.583466009753827008e-01,-4.043307416198826387e-01,8.459972391180733964e-02,-5.546252179448510899e-01,7.354261533081758728e-02,2.072674255739008140e-02
7.802187293174522864e-01,6.949646028377962637e-01,7.478693594336608408e-01,4.061690711037668211e-01,7.300283169778107872e-01,4.239388808843558287e-01,2.977015339706508557e-01,-3.715960208965057854e-01,6.560671627789526061e-01,7.869321058921210366e-01,5.972935339211878913e-01,-1.256224787699828649e-01,-2.575424046425689451e-01,1.000000000000000000e+00,5.378547583721460246e-02,6.716039232831731987e-01,6.821876610797409368e-01,6.237106914679272363e-01,7.051404953529742670e-02,1.630048983440713084e-01,5.672781875692457509e-01,2.048518633385454923e-01,7.158536550724461378e-01,6.430956107752140438e-01,6.488766275773809600e-01,7.729586315259411311e-01,5.610124552058224356e-01,6.525138501617046005e-01,6.198840264618085127e-01,7.068442083655803732e-01,5.952549817017570577e-01,4.423535724194421204e-01,7.784910993901847931e-01,1.227886250573182458e-01,6.288378965289351807e-01,5.398338167553505818e-01,3.996843663090032805e-01,4.408189328507665095e-01,2.341756584221144910e-01
-3.622789488038545298e-03,-2.794060078697723770e-01,3.822488904771127044e-02,7.830614195121562982e-02,2.394271488955773963e-01,-7.057294738057312555e-01,-5.684394055506495347e-01,-1.893831474755019173e-01,4.757905258951603544e-01,7.941398811237496136e-02,-4.629205219454861631e-01,8.221159990699226094e-01,4.609543029890637023e-01,5.378547583721460246e-02,1.000000000000000000e+00,4.170694639730503361e-01,-3.922083904701226809e-01,3.900097011351428833e-01,8.328861046949845859e-01,-1.503674713251569595e-01,-3.644481886839438523e-01,-4.993743031792840514e-01,1.994976347475428680e-01,-4.928777091448123815e-01,1.204213583049687925e-01,8.012234837775222829e-02,-3.869074903206841665e-01,3.250509442515707170e-01,-4.527678971519840112e-01,3.036500647336837777e-01,-3.728782932069700795e-01,-5.159936923389963903e-01,-1.761972380343601596e-01,8.422134894924022674e-01,-4.972218278894394161e-01,4.876520693479459712e-01,-6.324630145969754036e-01,5.018607496704596826e-01,5.486933853969462316e-01
7.308630130032879313e-01,5.211708911661976362e-01,5.597245441927647391e-01,2.981216831431910963e-01,6.410224775576719436e-01,2.918492089666211917e-02,-1.206199885746096212e-01,-5.074155442512389147e-01,8.445484925083908134e-01,8.164120853248095777e-01,1.397921181742909080e-01,2.881076976195725003e-01,-1.500863354871276138e-02,6.716039232831731987e-01,4.170694639730503361e-01,1.000000000000000000e+00,3.360221325272078063e-01,7.986685305923281186e-01,4.459188306712112970e-01,2.845823434725907042e-01,2.153906948319805614e-01,-1.444119090365745817e-01,7.306010258829781501e-01,2.785635429586401646e-01,7.495839797837755558e-01,6.860481623426041287e-01,2.910536742574917346e-01,6.180628027191135132e-01,3.877236984213947024e-01,8.040913865405299177e-01,3.002545608563736979e-01,3.930151843408749568e-02,4.579210185718381454e-01,4.437273581304598813e-01,3.173499814290199894e-01,6.100641804188681183e-01,1.254336748279273051e-01,6.714052198270606953e-01,5.997268106635955665e-01
6.629792668826370861e-01,7.878591836170590890e-01,6.085049808109233016e-01,1.568751557997550561e-01,4.185148383482865664e-01,7.663602791056419727e-01,4.574308812087387599e-01,-2.678179375343219815e-01,3.042726822588438518e-01,6.167213030859323153e-01,8.525720001964701700e-01,-5.177281228116737966e-01,-3.792803429666277149e-01,6.821876610797409368e-01,-3.922083904701226809e-01,3.360221325272078063e-01,1.000000000000000000e+00,3.387287874122141274e-01,-3.970686713439196547e-01,2.951061506645814569e-01,6.701102904966018681e-01,4.072481737496017051e-01,5.870897869381904721e-01,8.380127172913914846e-01,5.534984446886983545e-01,7.465079724534322558e-01,7.727758046421933091e-01,4.154377735607823197e-01,8.510719912175063184e-01,4.530986971675421415e-01,6.878824993802034049e-01,7.225760194830694871e-01,7.153082974739171096e-01,-3.963788269723364510e-01,8.580957221827455461e-01,1.624142313152568406e-01,7.268975120875551532e-01,3.064566871054627550e-01,-1.714687444069716918e-02
6.191397922573697032e-01,4.543825776015188445e-01,5.924638910365870315e-01,2.914621489691672784e-01,6.678372172289989139e-01,7.360105624026544446e-02,-1.456937335909387066e-01,-6.183420401153999491e-01,7.948376069271302358e-01,6.737101844921609128e-01,1.674141832664087781e-01,2.596077050743724191e-01,9.722981600677565311e-03,6.237106914679272363e-01,3.900097011351428833e-01,7.986685305923281186e-01,3.387287874122141274e-01,1.000000000000000000e+00,4.258152967312628379e-01,3.664973115161140882e-01,1.759861206727552085e-01,-1.869095863679094416e-01,6.732443219696216952e-01,2.494490495508912276e-01,7.400383908691000601e-01,6.336692623814959013e-01,2.815924644578322034e-01,5.560978143051441558e-01,3.750247084006060883e-01,7.143765575023879322e-01,2.634004298860565529e-01,4.314577109916340608e-02,4.028217865898208738e-01,3.645020603580761964e-01,2.958288164319108904e-01,4.924206570208617961e-01,1.754616363312435645e-01,6.616363081563018111e-01,5.609038177355003540e-01
1.513303198680842308e-02,-2.802836835740422639e-01,1.862364165591053403e-02,2.077009724124497803e-01,2.402053204114785179e-01,-6.460964118266465661e-01,-4.655350592583750724e-01,-8.379895807937201568e-02,4.934503412136759803e-01,9.100450256580687458e-02,-4.434827592452265099e-01,7.671407022128524655e-01,3.295395392105743837e-01,7.051404953529742670e-02,8.328861046949845859e-01,4.459188306712112970e-01,-3.970686713439196547e-01,4.258152967312628379e-01,1.000000000000000000e+00,-1.432574077103623555e-01,-2.438521662557182890e-01,-3.466433202124273860e-01,2.323163932497451512e-01,-4.599736205830813329e-01,1.747275907903753367e-01,3.516637823702960242e-02,-3.556535861711025981e-01,3.350337445982323192e-01,-4.272189265662829083e-01,3.051726158282359047e-01,-3.239805679592596133e-01,-4.639781084035497494e-01,-1.383939496434565541e-01,7.875326452979642955e-01,-4.796779160521447705e-01,4.264098242596087718e-01,-5.675488501553845877e-01,4.501076989361629810e-01,4.963781424266389686e-01
3.124943636132518909e-01,3.312727786839775312e-01,7.450036041470599335e-02,2.136408614771158065e-01,-4.154489286549403748e-02,3.803229365651483174e-01,-9.579208356972752914e-02,-4.403259938034444487e-01,1.415065635380024500e-01,2.964826305995088562e-01,7.350329565552966848e-02,-1.684173474618803346e-01,1.366173190914643856e-02,1.630048983440713084e-01,-1.503674713251569595e-01,2.845823434725907042e-01,2.951061506645814569e-01,3.664973115161140882e-01,-1.432574077103623555e-01,1.000000000000000000e+00,7.435218152308266382e-02,-6.176083221867116613e-02,1.667383787007336859e-01,3.643798601066436937e-01,3.975872725860703505e-01,2.376673866120218581e-01,1.563587950077132416e-01,-4.405019174362480999e-02,4.899802247632656371e-01,1.225514460902227543e-01,7.051720414519212221e-02,2.432469374538318574e-01,1.137518348579837774e-02,-3.044920049993700695e-01,3.817726713754441836e-01,8.920760448951655167e-03,4.930560435752695536e-01,1.118062365176675926e-01,4.868253707894418941e-02
5.805949641929836202e-01,5.984159726451634409e-01,5.819479275531724838e-01,3.220039860148998789e-01,2.798084004574143968e-01,6.013722416162839979e-01,7.133759217722813739e-01,1.465370195817086163e-01,2.014179000271639208e-01,4.809519456422155503e-01,6.928825625678010081e-01,-4.728073570697454153e-01,-4.333519561200324666e-01,5.672781875692457509e-01,-3.644481886839438523e-01,2.153906948319805614e-01,6.701102904966018681e-01,1.759861206727552085e-01,-2.438521662557182890e-01,7.435218152308266382e-02,1.000000000000000000e+00,7.623952978502319677e-01,4.463781453665732757e-01,7.035738484440270391e-01,3.081281637262190398e-01,5.557444904854869083e-01,6.231976629025691716e-01,5.600689018195784685e-01,6.302026673570969573e-01,3.754744109863676904e-01,6.385840128206000665e-01,7.436256215612480069e-01,7.759775772431914964e-01,-3.159552840769507820e-01,6.957298737530206445e-01,1.521016067400635940e-01,5.436464417922761694e-01,8.626925486640178720e-02,-2.206248436770822108e-01
2.442832638540314849e-01,3.884181329390566928e-01,2.659433546837526863e-01,1.765847014048874675e-01,1.135453754788427923e-02,4.488927331991940384e-01,7.547726188419144888e-01,4.774732944696677417e-01,-1.176565829179252176e-01,1.372774888713912400e-01,5.060567451821920137e-01,-4.107822234091104696e-01,-5.811001445992604042e-01,2.048518633385454923e-01,-4.993743031792840514e-01,-1.444119090365745817e-01,4.072481737496017051e-01,-1.869095863679094416e-01,-3.466433202124273860e-01,-6.176083221867116613e-02,7.623952978502319677e-01,1.000000000000000000e+00,1.267404310128226186e-01,4.884743065590884115e-01,-5.853440438900813642e-02,1.413485261411128180e-01,4.980544379351004580e-01,2.525465498883412430e-01,3.643704308924291535e-01,6.869031456935845159e-02,5.587927464534695465e-01,7.194567037377859187e-01,5.345112583222966229e-01,-4.317013664448902666e-01,4.597601518914259389e-01,-1.146907629271947948e-01,4.853790584696885402e-01,-2.387880609643158458e-01,-3.678090005150527753e-01
7.843470359604575171e-01,6.396608833050340115e-01,6.658494158453622802e-01,2.944839449504967344e-01,6.535299700386939525e-01,2.241327788605247395e-01,1.548240510189590469e-01,-3.959528076349002612e-01,7.630206208202293672e-01,7.965954929597816037e-01,4.270170183968852173e-01,7.650949224701412976e-02,-1.123885738722157912e-01,7.158536550724461378e-01,1.994976347475428680e-01,7.306010258829781501e-01,5.870897869381904721e-01,6.732443219696216952e-01,2.323163932497451512e-01,1.667383787007336859e-01,4.463781453665732757e-01,1.267404310128226186e-01,1.000000000000000000e+00,4.768626133808085421e-01,7.840355098541852419e-01,7.972443023882259672e-01,5.753264366930338491e-01,7.036869488155944596e-01,5.070103943174619765e-01,7.880338956729268096e-01,4.552602998059879225e-01,3.195541742648401740e-01,5.806152004545661605e-01,2.374086853407808839e-01,4.984021102073649678e-01,5.078754380749042063e-01,2.611066299105650468e-01,6.615531076393620369e-01,5.081561664691031099e-01
6.500868566926069070e-01,7.692023706719464116e-01,5.416594707965636246e-01,2.669336961737076019e-01,3.171952326637331177e-01,7.787760225501282330e-01,5.641218378057386573e-01,-1.908518866927566004e-01,2.171415591054407235e-01,5.823952434040687853e-01,7.494508245411852787e-01,-5.849987950759182320e-01,-4.250339633957258001e-01,6.430956107752140438e-01,-4.928777091448123815e-01,2.785635429586401646e-01,8.380127172913914846e-01,2.494490495508912276e-01,-4.599736205830813329e-01,3.643798601066436937e-01,7.035738484440270391e-01,4.884743065590884115e-01,4.768626133808085421e-01,1.000000000000000000e+00,4.412167421286021241e-01,6.274882273408135536e-01,7.367516676367485973e-01,3.537373568545312819e-01,8.482584379670581320e-01,3.950232809180575511e-01,6.840846458182400225e-01,7.313679009642483075e-01,6.835042172903033064e-01,-4.685036297833972130e-01,8.556425722990456118e-01,1.376748833491674984e-01,7.823901856179694692e-01,1.328422985678395507e-01,-1.504901085677716466e-01
7.474063010340254998e-01,6.180419964695947899e-01,5.543218878539860617e-01,2.260769352909333674e-01,5.810989767883693036e-01,3.000188712287776838e-01,-5.731155428600677448e-03,-5.537345949053362748e-01,7.319527526309869137e-01,7.624900136746729506e-01,3.422860195743385736e-01,3.694418596368035778e-03,-5.002411669240996311e-02,6.488766275773809600e-01,1.204213583049687925e-01,7.495839797837755558e-01,5.534984446886983545e-01,7.400383908691000601e-01,1.747275907903753367e-01,3.975872725860703505e-01,3.081281637262190398e-01,-5.853440438900813642e-02,7.840355098541852419e-01,4.412167421286021241e-01,1.000000000000000000e+00,7.135409738456707229e-01,4.384499278884199103e-01,4.777512774205538992e-01,5.575128134912693545e-01,6.912175374465838740e-01,3.612675566533724569e-01,1.739505158385430683e-01,4.531938652828992886e-01,1.464287569640939368e-01,4.843411807634576682e-01,4.467530979576942451e-01,3.391727449125220284e-01,5.888070486472443132e-01,5.096181533978141331e-01
8.086277698660597757e-01,7.094040518721259625e-01,7.142314772206594942e-01,2.622440444606357612e-01,5.918053369220823701e-01,4.250276557626866403e-01,2.034810889371030385e-01,-4.349175730402622952e-01,6.507347859850315386e-01,8.090033284818294312e-01,5.942634946564838705e-01,-1.189651238959196777e-01,-1.504428884571984149e-01,7.729586315259411311e-01,8.012234837775222829e-02,6.860481623426041287e-01,7.465079724534322558e-01,6.336692623814959013e-01,3.516637823702960242e-02,2.376673866120218581e-01,5.557444904854869083e-01,1.413485261411128180e-01,7.972443023882259672e-01,6.274882273408135536e-01,7.135409738456707229e-01,1.000000000000000000e+00,6.820165930210202454e-01,7.315184989988844366e-01,7.043161275264653298e-01,7.443247053841440808e-01,5.342186738245930933e-01,4.545089692649202928e-01,6.936042689158063990e-01,5.630685455407229145e-02,6.807263708448236805e-01,4.660634718972593293e-01,4.237589853918312666e-01,6.888557073495389371e-01,3.576576815133302167e-01
6.275290223354795804e-01,7.187462086518340287e-01,5.587145612287055529e-01,1.809101905211770445e-01,4.295742549501201935e-01,5.764270265766674450e-01,4.933943019436207722e-01,-1.262747713781421921e-01,3.354992750558940529e-01,6.006644173456855418e-01,7.037437058617259655e-01,-3.314490856270392305e-01,-5.729562648185111406e-01,5.610124552058224356e-01,-3.869074903206841665e-01,2.910536742574917346e-01,7.727758046421933091e-01,2.815924644578322034e-01,-3.556535861711025981e-01,1.563587950077132416e-01,6.231976629025691716e-01,4.980544379351004580e-01,5.753264366930338491e-01,7.367516676367485973e-01,4.384499278884199103e-01,6.820165930210202454e-01,1.000000000000000000e+00,4.969445412832978470e-01,7.271224750994789154e-01,4.908759850199638786e-01,7.541482309140014051e-01,6.623179651402392176e-01,6.815303697307251163e-01,-3.011659205580520804e-01,7.194533535803143698e-01,1.722195156973955754e-01,6.760446237853934282e-01,3.276511284577280914e-01,1.849860617227620796e-01
6.447390698876097614e-01,4.367009730366073206e-01,6.628139731964567405e-01,4.310482766182891501e-01,5.945344685023663533e-01,5.281536424777818345e-02,2.818363971679528346e-01,-1.510004046436054514e-01,6.720676589340439655e-01,6.499055082217389812e-01,3.166180614723073106e-01,1.653512768805569244e-01,-2.066174621985417958e-01,6.525138501617046005e-01,3.250509442515707170e-01,6.180628027191135132e-01,4.154377735607823197e-01,5.560978143051441558e-01,3.350337445982323192e-01,-4.405019174362480999e-02,5.600689018195784685e-01,2.525465498883412430e-01,7.036869488155944596e-01,3.537373568545312819e-01,4.777512774205538992e-01,7.315184989988844366e-01,4.969445412832978470e-01,1.000000000000000000e+00,3.700154620856687671e-01,6.930320262166326239e-01,4.744843915196368944e-01,3.042411354198445994e-01,6.555641182223326258e-01,3.838600473247053002e-01,3.741762624795701986e-01,4.996811075241982536e-01,1.236587579579925128e-01,5.902585758386040826e-01,3.607170894921934989e-01
6.767597755116938618e-01,7.760638658607704743e-01,5.176824507424881983e-01,2.448128325652853821e-01,3.030884223461533522e-01,8.225274988974332624e-01,4.204392612621928316e-01,-3.238914654471314325e-01,2.501936944724195699e-01,6.448183294403940780e-01,6.925278060279775882e-01,-5.670517831504595652e-01,-3.953267397756026202e-01,6.198840264618085127e-01,-4.527678971519840112e-01,3.877236984213947024e-01,8.510719912175063184e-01,3.750247084006060883e-01,-4.272189265662829083e-01,4.899802247632656371e-01,6.302026673570969573e-01,3.643704308924291535e-01,5.070103943174619765e-01,8.482584379670581320e-01,5.575128134912693545e-01,7.043161275264653298e-01,7.271224750994789154e-01,3.700154620856687671e-01,1.000000000000000000e+00,4.217325865587002176e-01,6.291433896824225602e-01,6.732614573476357611e-01,6.298262814666581999e-01,-4.823796800335924950e-01,8.949010199203816240e-01,1.309404190565144621e-01,8.431534728131448997e-01,2.542178646850968837e-01,-6.304839795159505877e-02
7.975447215586700667e-01,6.513345309905085312e-01,6.611988544686799862e-01,2.792639690110736983e-01,6.642961812937685506e-01,8.268922537125246441e-02,5.673179530460691761e-02,-3.922848310976176367e-01,8.308840257661146422e-01,8.232807588236576990e-01,3.435693279233297814e-01,2.345959530045829966e-01,-1.008396131385290023e-01,7.068442083655803732e-01,3.036500647336837777e-01,8.040913865405299177e-01,4.530986971675421415e-01,7.143765575023879322e-01,3.051726158282359047e-01,1.225514460902227543e-01,3.754744109863676904e-01,6.869031456935845159e-02,7.880338956729268096e-01,3.950232809180575511e-01,6.912175374465838740e-01,7.443247053841440808e-01,4.908759850199638786e-01,6.930320262166326239e-01,4.217325865587002176e-01,1.000000000000000000e+00,4.199132926037740798e-01,2.326014526673843841e-01,5.792381681767376778e-01,3.379557296689470469e-01,3.876111955680844878e-01,5.794414660991354937e-01,1.797034396416771207e-01,6.572690244915455615e-01,5.749807873383152579e-01
5.559577195914868764e-01,6.618477300217553427e-01,6.020194308440460773e-01,9.825177754593106272e-02,5.145078120163747437e-01,5.341360062043128965e-01,5.713654135610415352e-01,1.402638729168934756e-02,3.593154856804005037e-01,5.269120862876985889e-01,6.399731135549104888e-01,-3.219222805984988667e-01,-7.778772504344217964e-01,5.952549817017570577e-01,-3.728782932069700795e-01,3.002545608563736979e-01,6.878824993802034049e-01,2.634004298860565529e-01,-3.239805679592596133e-01,7.051720414519212221e-02,6.385840128206000665e-01,5.587927464534695465e-01,4.552602998059879225e-01,6.840846458182400225e-01,3.612675566533724569e-01,5.342186738245930933e-01,7.541482309140014051e-01,4.744843915196368944e-01,6.291433896824225602e-01,4.199132926037740798e-01,1.000000000000000000e+00,6.017935815049749726e-01,8.251921801471960860e-01,-1.749145532364609346e-01,6.616879708480675193e-01,1.356611745845678896e-01,6.401699181096154323e-01,1.820043488213700378e-01,9.848022760231063544e-02
4.827912217563151143e-01,6.599014290326310483e-01,4.350814671925719579e-01,1.988138951388092601e-01,1.331935194743334439e-01,6.750288908368308194e-01,6.047989793912839085e-01,6.594540037329579829e-02,2.110375015140709618e-02,3.541477865452734020e-01,7.601148415371161704e-01,-5.252362456221157938e-01,-4.367203527774261573e-01,4.423535724194421204e-01,-5.159936923389963903e-01,3.930151843408749568e-02,7.225760194830694871e-01,4.314577109916340608e-02,-4.639781084035497494e-01,2.432469374538318574e-01,7.436256215612480069e-01,7.194567037377859187e-01,3.195541742648401740e-01,7.313679009642483075e-01,1.739505158385430683e-01,4.545089692649202928e-01,6.623179651402392176e-01,3.042411354198445994e-01,6.732614573476357611e-01,2.326014526673843841e-01,6.017935815049749726e-01,1.000000000000000000e+00,6.149486382075964874e-01,-5.426921749302721087e-01,7.040578226654558014e-01,-4.825230819537638938e-02,6.860498064656069817e-01,-1.600747256351950712e-02,-3.023374013943654903e-01
6.740140223528413577e-01,6.836507972433193414e-01,7.643599099567432997e-01,2.552242188739123896e-01,6.073742730934322820e-01,5.063052574988108345e-01,5.401184226725046500e-01,-5.212699901774055233e-02,4.841003153881829890e-01,6.431539633054537131e-01,7.045361684368250943e-01,-2.653987611921011514e-01,-5.385400404549398612e-01,7.784910993901847931e-01,-1.761972380343601596e-01,4.579210185718381454e-01,7.153082974739171096e-01,4.028217865898208738e-01,-1.383939496434565541e-01,1.137518348579837774e-02,7.759775772431914964e-01,5.345112583222966229e-01,5.806152004545661605e-01,6.835042172903033064e-01,4.531938652828992886e-01,6.936042689158063990e-01,6.815303697307251163e-01,6.555641182223326258e-01,6.298262814666581999e-01,5.792381681767376778e-01,8.251921801471960860e-01,6.149486382075964874e-01,1.000000000000000000e+00,-3.714644916652705409e-02,6.881091158976796462e-01,3.524529541001254485e-01,5.080165874529772863e-01,2.964017680762209284e-01,8.684008756699163056e-02
1.456509408641335802e-02,-2.774751971633969139e-01,1.423182370367910288e-01,7.723381705801624086e-02,4.009525332356614347e-01,-7.285722569778746438e-01,-4.112662010146714286e-01,-1.282502546298990298e-01,5.561059640179710772e-01,1.340341851136590268e-01,-4.439484636292039821e-01,7.810385276439996138e-01,2.583466009753827008e-01,1.227886250573182458e-01,8.422134894924022674e-01,4.437273581304598813e-01,-3.963788269723364510e-01,3.645020603580761964e-01,7.875326452979642955e-01,-3.044920049993700695e-01,-3.159552840769507820e-01,-4.317013664448902666e-01,2.374086853407808839e-01,-4.685036297833972130e-01,1.464287569640939368e-01,5.630685455407229145e-02,-3.011659205580520804e-01,3.838600473247053002e-01,-4.823796800335924950e-01,3.379557296689470469e-01,-1.749145532364609346e-01,-5.426921749302721087e-01,-3.714644916652705409e-02,1.000000000000000000e+00,-4.907316269815127918e-01,4.646186648521917761e-01,-6.516378880834380327e-01,4.152236114538422340e-01,6.120048368361371560e-01
6.409586015367272349e-01,7.404570554458205223e-01,5.561949109480839315e-01,2.095001962071144641e-01,3.132168726831601746e-01,8.422138984335745260e-01,5.424054049297153401e-01,-2.307781903794182687e-01,1.960186078830423173e-01,6.003852245112849539e-01,7.373273772119660618e-01,-6.233744102030724932e-01,-4.043307416198826387e-01,6.288378965289351807e-01,-4.972218278894394161e-01,3.173499814290199894e-01,8.580957221827455461e-01,2.958288164319108904e-01,-4.796779160521447705e-01,3.817726713754441836e-01,6.957298737530206445e-01,4.597601518914259389e-01,4.984021102073649678e-01,8.556425722990456118e-01,4.843411807634576682e-01,6.807263708448236805e-01,7.194533535803143698e-01,3.741762624795701986e-01,8.949010199203816240e-01,3.876111955680844878e-01,6.616879708480675193e-01,7.040578226654558014e-01,6.881091158976796462e-01,-4.907316269815127918e-01,1.000000000000000000e+00,1.411273288860980524e-01,8.138765541045657192e-01,1.707321321985827145e-01,-1.467400179609598398e-01
5.093175849886178996e-01,2.874077801309629088e-01,3.974987462770778746e-01,3.013863862204140265e-01,5.085266670411268120e-01,-1.151478679294632018e-01,-1.240175377082485819e-01,-2.526991456625103938e-01,6.078049107077175828e-01,5.195879640547041989e-01,7.355911201339536409e-02,3.747691928876223932e-01,8.459972391180733964e-02,5.398338167553505818e-01,4.876520693479459712e-01,6.100641804188681183e-01,1.624142313152568406e-01,4.924206570208617961e-01,4.264098242596087718e-01,8.920760448951655167e-03,1.521016067400635940e-01,-1.146907629271947948e-01,5.078754380749042063e-01,1.376748833491674984e-01,4.467530979576942451e-01,4.660634718972593293e-01,1.722195156973955754e-01,4.996811075241982536e-01,1.309404190565144621e-01,5.794414660991354937e-01,1.356611745845678896e-01,-4.825230819537638938e-02,3.524529541001254485e-01,4.646186648521917761e-01,1.411273288860980524e-01,1.000000000000000000e+00,-4.593571426293383692e-02,5.156928467346076905e-01,5.121265414075850675e-01
4.660282125952803223e-01,6.686003544857495040e-01,3.106832519971124973e-01,1.605691023626686642e-01,1.429579511888441068e-01,8.349682516264214094e-01,4.487788956084597936e-01,-1.172384176246573234e-01,2.627996438243608221e-02,3.982037160777593399e-01,6.077733005759661244e-01,-6.046530034933037534e-01,-5.546252179448510899e-01,3.996843663090032805e-01,-6.324630145969754036e-01,1.254336748279273051e-01,7.268975120875551532e-01,1.754616363312435645e-01,-5.675488501553845877e-01,4.930560435752695536e-01,5.436464417922761694e-01,4.853790584696885402e-01,2.611066299105650468e-01,7.823901856179694692e-01,3.391727449125220284e-01,4.237589853918312666e-01,6.760446237853934282e-01,1.236587579579925128e-01,8.431534728131448997e-01,1.797034396416771207e-01,6.401699181096154323e-01,6.860498064656069817e-01,5.080165874529772863e-01,-6.516378880834380327e-01,8.138765541045657192e-01,-4.593571426293383692e-02,1.000000000000000000e+00,1.833698822147523944e-02,-1.782814824167717194e-01
4.872288216273054084e-01,3.201239560426323849e-01,4.434144948340253412e-01,7.801349714644278954e-02,5.214146093212190802e-01,-8.086530116741617868e-02,-2.812117980000096717e-01,-4.510243751164796921e-01,7.147285970602358374e-01,5.707753191107339807e-01,1.486295630380583821e-01,3.772991881412686710e-01,7.354261533081758728e-02,4.408189328507665095e-01,5.018607496704596826e-01,6.714052198270606953e-01,3.064566871054627550e-01,6.616363081563018111e-01,4.501076989361629810e-01,1.118062365176675926e-01,8.626925486640178720e-02,-2.387880609643158458e-01,6.615531076393620369e-01,1.328422985678395507e-01,5.888070486472443132e-01,6.888557073495389371e-01,3.276511284577280914e-01,5.902585758386040826e-01,2.542178646850968837e-01,6.572690244915455615e-01,1.820043488213700378e-01,-1.600747256351950712e-02,2.964017680762209284e-01,4.152236114538422340e-01,1.707321321985827145e-01,5.156928467346076905e-01,1.833698822147523944e-02,1.000000000000000000e+00,6.876531164748154179e-01
3.539305985415038824e-01,1.639482333123974123e-01,2.621934552444790678e-01,-8.854667749941119714e-03,5.194969859727122108e-01,-3.858315865405537726e-01,-4.111843516444277369e-01,-3.654490434308527713e-01,7.270173784724642818e-01,4.372679345177576393e-01,-1.678961178289582468e-01,6.540587127119628086e-01,2.072674255739008140e-02,2.341756584221144910e-01,5.486933853969462316e-01,5.997268106635955665e-01,-1.714687444069716918e-02,5.609038177355003540e-01,4.963781424266389686e-01,4.868253707894418941e-02,-2.206248436770822108e-01,-3.678090005150527753e-01,5.081561664691031099e-01,-1.504901085677716466e-01,5.096181533978141331e-01,3.576576815133302167e-01,1.849860617227620796e-01,3.607170894921934989e-01,-6.304839795159505877e-02,5.749807873383152579e-01,9.848022760231063544e-02,-3.023374013943654903e-01,8.684008756699163056e-02,6.120048368361371560e-01,-1.467400179609598398e-01,5.121265414075850675e-01,-1.782814824167717194e-01,6.876531164748154179e-01,1.000000000000000000e+00
