1.000000000000000000e+00,6.354465412431130611e-01,5.647625176329995611e-01,6.722261506105307038e-01,7.531576617874166102e-01,-3.736832286274386350e-01,5.376878588575939588e-01,-5.676006765437980883e-01,8.800852162382425403e-01,9.105511258030534183e-01,-5.657804404992714531e-01,3.359426355785983809e-01,6.035984266703819934e-02,7.655417919082289080e-01,8.508935999744866585e-01,9.175550467874573624e-01,-4.237114555164341878e-01,8.288840783716522331e-01,6.740680566421957121e-01,2.765245623154529153e-01,4.675858569467377102e-01,1.655551770843528836e-01,8.316901169880220879e-01,2.776931364412027481e-01,7.843755926509843324e-01,6.973197068353866879e-01,-4.740445867478735309e-01,7.847814966593263941e-01,6.921242631167673354e-01,8.966915588526285230e-01,-2.275648584813676767e-01,-2.767093812115487550e-01,1.686193643220917637e-01,8.131997509347602682e-01,-2.828294483919490121e-01,8.436528669945312364e-01,-1.817860995363923537e-01,8.675350067742714222e-01,6.863357141530492811e-01
6.354465412431130611e-01,1.000000000000000000e+00,4.965237303050103468e-01,3.045915683927961637e-01,6.928012019399393262e-01,-9.737793144135399592e-02,3.970700846508812276e-01,-5.405610945910304110e-01,7.078752447372357315e-01,7.131981570404138937e-01,-2.262634248841454143e-01,4.313357476371403876e-01,-1.653167216896225811e-01,6.135131193487508572e-01,5.189733491002032073e-01,7.249932445676309234e-01,-1.596270482399536894e-01,5.498190695030185093e-01,4.780759262722088510e-01,-1.403986059698874023e-01,3.334831741947689721e-01,2.013152660700583685e-01,7.060334442530336041e-01,4.611638216237580190e-01,6.547500094451017549e-01,4.513669666399175440e-01,-6.532750471194896658e-02,4.206012572293018614e-01,5.143437186476399470e-01,6.704819327283633168e-01,8.712926967782792798e-02,1.622042921403241689e-01,1.891513565420095133e-01,6.408770574727095104e-01,-2.007828560940085050e-01,6.592081752059615329e-01,9.581237829353027313e-02,6.474998720124909291e-01,6.391491510461743131e-01
5.647625176329995611e-01,4.965237303050103468e-01,1.000000000000000000e+00,6.452712829050121224e-01,7.705780470414714811e-01,-3.280617923223328458e-01,4.784554679074055072e-01,-8.935405407193072191e-01,6.702611621329067626e-01,6.509030103553212765e-01,-4.219748994689682675e-01,4.321895983063034352e-01,-3.254148285518648764e-01,5.189574744913870719e-01,4.556225688006938501e-01,6.230460934237471715e-01,-2.632184170594423778e-01,6.202689647696990605e-01,4.577840464945045484e-01,2.727935851944024437e-01,3.489368540711786371e-01,3.471346691626899794e-01,6.633773159420276455e-01,2.180986797882406569e-01,6.354442706960795606e-01,7.174157209166354132e-01,2.935766694009564904e-03,7.136960485823009570e-01,3.790142483169702259e-01,6.027043188973073562e-01,3.002895074454283164e-01,-7.101234609304803158e-02,6.221989431260152026e-01,6.209833124024678463e-01,-1.102343889210518624e-01,5.637787795011465208e-01,-1.192366557279682798e-01,5.135507397251477535e-01,4.374485229556691057e-01
6.722261506105307038e-01,3.045915683927961637e-01,6.452712829050121224e-01,1.000000000000000000e+00,6.845837652848071331e-01,-4.112513815962524077e-01,5.283091107088877525e-01,-5.710904951166986265e-01,6.789155435519141912e-01,7.022786871909272310e-01,-6.032309977075315244e-01,4.384017145614759747e-01,-8.620934945532797433e-02,5.615052631436635577e-01,6.391904326490285282e-01,6.488180555753759737e-01,-5.619206346807924524e-01,8.041022024383488453e-01,6.846097739081550282e-01,3.366638046967703746e-01,4.102488218236298723e-01,2.326109568986929332e-01,5.227733880637138730e-01,1.023131342696275564e-01,5.476985902700982622e-01,5.615219400290425433e-01,-3.261006936242601961e-01,6.978078119566479831e-01,3.825491736120356645e-01,6.353482495925272255e-01,-8.342045328931839421e-02,-3.520567567176003387e-01,2.943555172051814384e-01,6.878882382558432207e-01,-2.459123704484389716e-01,6.170992463039690623e-01,-1.862518850209477494e-01,6.196426220336437307e-01,5.178554477380039600e-01
7.531576617874166102e-01,6.928012019399393262e-01,7.705780470414714811e-01,6.845837652848071331e-01,1.000000000000000000e+00,-2.763667265440798437e-01,5.977566442473232211e-01,-8.032699291655567286e-01,8.355323026976466672e-01,8.337794237627829119e-01,-4.420313164532251315e-01,4.832259157652968318e-01,-2.367944316807724103e-01,7.077092602870295179e-01,6.407197220671083659e-01,8.143483426029460848e-01,-3.368091625245144827e-01,7.977310734495149935e-01,6.486336292082438559e-01,1.633176843488346255e-02,4.153799633724190032e-01,1.890686882149703041e-01,7.725695630331095298e-01,3.594084209960232146e-01,7.842006068696918408e-01,6.454138937386969532e-01,-1.762635078808901246e-01,6.826249706188518562e-01,5.561310538270120007e-01,7.437674474696529536e-01,9.248347365522779917e-02,-6.775015327145894606e-02,3.023471083469569942e-01,8.465991379011995610e-01,-2.492969646845590304e-01,6.854922015834792326e-01,-5.088519667157710008e-02,7.170063972499920446e-01,6.637962656662464989e-01
-3.736832286274386350e-01,-9.737793144135399592e-02,-3.280617923223328458e-01,-4.112513815962524077e-01,-2.763667265440798437e-01,1.000000000000000000e+00,-2.450400873106376443e-01,3.373005944292340463e-01,-4.826950585698532858e-01,-3.490208813105272756e-01,8.095580337628437428e-01,-4.416567784700122790e-01,-1.371553974250575847e-01,1.200604133537719054e-01,-4.945837216080911647e-01,-3.503199651625235056e-01,4.808512842157966483e-01,-4.027149948330822626e-01,-3.306390788582590501e-01,-4.895180704416141060e-01,1.941348717244258670e-01,-8.439054863137614160e-02,-2.092112787148605879e-01,5.707906531705405628e-01,-8.034910601619286996e-02,-1.521117287967599374e-01,6.624479445338001815e-01,-3.325851955369076851e-01,2.267972599918685606e-01,-2.857497629839813591e-01,1.338127302209620173e-01,7.835196664483642381e-01,1.511696281519888350e-02,-4.877029652230084888e-01,7.529131092101007949e-01,-3.511652373584203124e-01,8.697962784881079212e-01,-4.880126982554776061e-01,-5.115849248469747090e-01
5.376878588575939588e-01,3.970700846508812276e-01,4.784554679074055072e-01,5.283091107088877525e-01,5.977566442473232211e-01,-2.450400873106376443e-01,1.000000000000000000e+00,-4.871724048702719134e-01,6.062293095855068037e-01,6.191480857224116452e-01,-4.248644166680696777e-01,1.535840927965469171e-01,3.767119931076337580e-02,4.727351765276934237e-01,4.591646269521258428e-01,5.825725387455126247e-01,-3.237020487433884819e-01,6.198040527068425787e-01,6.277223730410127489e-01,1.326004792999655457e-01,4.503675714453695411e-01,2.091496420724514860e-01,5.190147056908402945e-01,3.121940961065352571e-01,5.765797147319249305e-01,4.522504852969793654e-01,-2.750212888076413176e-01,5.827266011941246715e-01,3.754270912936067406e-01,5.821306397367317365e-01,4.832852416840735521e-02,-1.336499527013678967e-01,2.192369001391857586e-01,5.960845607609908114e-01,-1.240832113656214902e-01,4.773435736294617260e-01,-1.132476230354549362e-01,4.447580472109248784e-01,4.594258344407001760e-01
-5.676006765437980883e-01,-5.405610945910304110e-01,-8.935405407193072191e-01,-5.710904951166986265e-01,-8.032699291655567286e-01,3.373005944292340463e-01,-4.871724048702719134e-01,1.000000000000000000e+00,-7.105096344871502101e-01,-6.591949235675497176e-01,3.770409945106291127e-01,-4.124556300892369132e-01,2.539202533107675075e-01,-5.219882310299126527e-01,-4.642101870228647065e-01,-6.413431682090818819e-01,1.949313485563625437e-01,-6.229974530596512627e-01,-4.829355948893123696e-01,-9.335447175774663764e-02,-2.826576850101806260e-01,-2.187811262770838205e-01,-6.875606657845078074e-01,-2.349129091553164850e-01,-6.478589401257109914e-01,-6.957713895341069987e-01,5.979632137306306605e-02,-6.403979345720152150e-01,-4.082709543477301417e-01,-6.352247664586758713e-01,-2.555995491792872332e-01,3.741981028150565686e-02,-5.415325387889411424e-01,-6.458985572853754853e-01,1.556740214467716710e-01,-5.740833074637662348e-01,1.630465314667861876e-01,-5.566960669189460198e-01,-5.064982738121193151e-01
8.800852162382425403e-01,7.078752447372357315e-01,6.702611621329067626e-01,6.789155435519141912e-01,8.355323026976466672e-01,-4.826950585698532858e-01,6.062293095855068037e-01,-7.105096344871502101e-01,1.000000000000000000e+00,9.171872156010771882e-01,-6.206458003393466871e-01,5.408885414931980939e-01,-5.614153339070164506e-02,6.909254411626368775e-01,8.552288165373721496e-01,9.065733633366952482e-01,-4.467179881650736317e-01,8.723924006876380144e-01,7.640767908566917788e-01,1.851115271947538221e-01,4.308827575368080476e-01,1.787675949429841371e-01,8.166426674645388406e-01,2.457243235475677634e-01,7.615851125187150794e-01,6.590221600271599645e-01,-4.451858873616175716e-01,7.362468112532891684e-01,5.650690883087616800e-01,8.728243373915095527e-01,-9.240796996698041887e-02,-2.989546513885044665e-01,2.187563691961927348e-01,9.077012847592745848e-01,-4.081709825501407263e-01,8.421586983629048007e-01,-2.744098641109610770e-01,8.951550762760073221e-01,8.173946736608879160e-01
9.105511258030534183e-01,7.131981570404138937e-01,6.509030103553212765e-01,7.022786871909272310e-01,8.337794237627829119e-01,-3.490208813105272756e-01,6.191480857224116452e-01,-6.591949235675497176e-01,9.171872156010771882e-01,1.000000000000000000e+00,-5.491602279009204501e-01,4.585688115875705129e-01,-2.752812259208722509e-02,7.871090162251618283e-01,8.330871556750241158e-01,9.391968647781510082e-01,-4.320260214627621442e-01,8.781530160397860163e-01,7.534160571926653560e-01,1.570220956834292025e-01,5.274912611245462513e-01,2.389614273162138092e-01,8.512582853817082240e-01,3.584191162316733292e-01,8.301734811688054050e-01,6.885305336541803767e-01,-3.529597813858746935e-01,7.767467191436427942e-01,6.790632970159070636e-01,8.951550865121103984e-01,-1.295768708414586912e-01,-1.918153277085012653e-01,2.454966231045215552e-01,8.640711845831571258e-01,-2.892039870910597665e-01,8.558681800810389317e-01,-1.056591476008491015e-01,8.572931082177303042e-01,7.312633244277516598e-01
-5.657804404992714531e-01,-2.262634248841454143e-01,-4.219748994689682675e-01,-6.032309977075315244e-01,-4.420313164532251315e-01,8.095580337628437428e-01,-4.248644166680696777e-01,3.770409945106291127e-01,-6.206458003393466871e-01,-5.491602279009204501e-01,1.000000000000000000e+00,-4.578912941171511819e-01,-8.645183560909633358e-02,-1.689963971186001501e-01,-6.386578922724516216e-01,-5.380535810275353104e-01,6.716318811448915849e-01,-6.143946934886719280e-01,-5.445159670551790176e-01,-4.875217182937502391e-01,-1.004493109138655249e-01,-7.922819344503746752e-02,-3.654847932279713385e-01,3.377899049497936068e-01,-2.959119684630334701e-01,-2.837769310604112416e-01,6.859413534023731662e-01,-4.876323206202153315e-01,-2.482710415097835396e-02,-5.009429197250480081e-01,2.293767528894040952e-01,7.098007696621583262e-01,-2.767477468608256497e-02,-6.512081544682755130e-01,6.577866706446681144e-01,-5.122973204323657548e-01,6.855667845470342359e-01,-5.887728237453385693e-01,-5.932320048655855826e-01
3.359426355785983809e-01,4.313357476371403876e-01,4.321895983063034352e-01,4.384017145614759747e-01,4.832259157652968318e-01,-4.416567784700122790e-01,1.535840927965469171e-01,-4.124556300892369132e-01,5.408885414931980939e-01,4.585688115875705129e-01,-4.578912941171511819e-01,1.000000000000000000e+00,-1.850166079187388068e-01,2.089384500154965740e-01,5.269842983693137084e-01,3.999173348427596530e-01,-3.481982546341086393e-01,5.403695911891364112e-01,5.421678818613359097e-01,4.523968408554598225e-02,1.385434954353862991e-01,2.358145804298228398e-01,2.781679727327937002e-01,-9.474030163014870998e-02,2.126089086522126304e-01,1.669448144928006861e-01,-1.447568798964563586e-01,2.651629237995000721e-01,3.582097694950038547e-02,3.114193648773347367e-01,3.719072983336230154e-02,-2.956259462294583140e-01,1.205447099205377015e-01,5.858041777922079474e-01,-5.086885000819229008e-01,4.701057177691813638e-01,-2.339122564614373456e-01,5.525215210039694513e-01,6.854781743041011843e-01
6.035984266703819934e-02,-1.653167216896225811e-01,-3.254148285518648764e-01,-8.620934945532797433e-02,-2.367944316807724103e-01,-1.371553974250575847e-01,3.767119931076337580e-02,2.539202533107675075e-01,-5.614153339070164506e-02,-2.752812259208722509e-02,-8.645183560909633358e-02,-1.850166079187388068e-01,1.000000000000000000e+00,-1.209445049609638168e-01,6.461887261373756852e-02,2.560623046356096198e-03,-1.122290871692070424e-01,-8.945104659716133014e-03,-1.092844128262239131e-02,1.137780490911836917e-01,-6.279044194282859537e-02,1.251527923926845642e-01,-5.043645974342132049e-02,-1.725257353659574999e-01,-1.563915831379639187e-01,-1.254266129532735363e-01,-3.176682136954580571e-01,-4.343317819914985917e-02,-1.860686672377710738e-02,-1.611443983724925033e-02,-6.097944725389112808e-01,-2.172823481990876771e-01,-2.232496032156848775e-01,-1.175002624079644342e-01,-1.534406444350561727e-01,-2.151412091269801295e-03,-2.376263186983955111e-01,3.339804728373367559e-02,-5.483986147360704611e-02
7.655417919082289080e-01,6.135131193487508572e-01,5.189574744913870719e-01,5.615052631436635577e-01,7.077092602870295179e-01,1.200604133537719054e-01,4.727351765276934237e-01,-5.219882310299126527e-01,6.909254411626368775e-01,7.871090162251618283e-01,-1.689963971186001501e-01,2.089384500154965740e-01,-1.209445049609638168e-01,1.000000000000000000e+00,6.356003732885129320e-01,7.721719160850402108e-01,-2.270395048989625186e-01,6.930852945228308526e-01,5.840467616342783774e-01,-2.772234308923616358e-02,6.381210381533936049e-01,1.478202470906110066e-01,7.537682817462746376e-01,6.708077039267854591e-01,8.198555193716918765e-01,7.173358228799616709e-01,-6.465169004004217568e-02,6.945225621966593099e-01,8.627381394953627103e-01,7.745850493658615887e-01,-3.874158245076349261e-02,1.831484063348020885e-01,3.226470410129951283e-01,6.323696261186664280e-01,1.720808752737491010e-01,7.009738961542995028e-01,3.212616969806634248e-01,6.421088781718442551e-01,4.626433255475651540e-01
8.508935999744866585e-01,5.189733491002032073e-01,4.556225688006938501e-01,6.391904326490285282e-01,6.407197220671083659e-01,-4.945837216080911647e-01,4.591646269521258428e-01,-4.642101870228647065e-01,8.552288165373721496e-01,8.330871556750241158e-01,-6.386578922724516216e-01,5.269842983693137084e-01,6.461887261373756852e-02,6.356003732885129320e-01,1.000000000000000000e+00,8.024313599577849176e-01,-5.182457527203995218e-01,8.177876215828965289e-01,7.507973688635992682e-01,2.395522180595218709e-01,4.434761807940036382e-01,1.150536292402569577e-01,6.919550282917479311e-01,1.483586792625940509e-01,6.074744058920956702e-01,5.686089644248716324e-01,-5.906412181458604582e-01,6.963642793656610319e-01,5.463053921499013699e-01,7.991563298780784974e-01,-2.304168949707792180e-01,-4.291486026286083777e-01,1.004672873188612592e-01,8.299175039373742901e-01,-4.203673484037782071e-01,8.286284106300533248e-01,-3.316155790802852721e-01,9.090278658005279677e-01,7.630850945452185563e-01
9.175550467874573624e-01,7.249932445676309234e-01,6.230460934237471715e-01,6.488180555753759737e-01,8.143483426029460848e-01,-3.503199651625235056e-01,5.825725387455126247e-01,-6.413431682090818819e-01,9.065733633366952482e-01,9.391968647781510082e-01,-5.380535810275353104e-01,3.999173348427596530e-01,2.560623046356096198e-03,7.721719160850402108e-01,8.024313599577849176e-01,1.000000000000000000e+00,-4.047683087611178010e-01,8.455292775068232736e-01,7.086669534093894551e-01,1.878533835264167007e-01,4.500561400840687454e-01,2.200950581698334629e-01,8.545271449450589918e-01,3.329237782136129642e-01,8.285307702751628645e-01,6.747518158417820100e-01,-3.907247689928318168e-01,7.559214822917035281e-01,6.656687607092846015e-01,8.950211718080921530e-01,-1.670506529041741461e-01,-2.039557041893203526e-01,1.910377329651157807e-01,8.395241258766964476e-01,-2.900074746269296067e-01,8.475814176709146608e-01,-1.325855889168240376e-01,8.431687679313986106e-01,7.176053482525476257e-01
-4.237114555164341878e-01,-1.596270482399536894e-01,-2.632184170594423778e-01,-5.619206346807924524e-01,-3.368091625245144827e-01,4.808512842157966483e-01,-3.237020487433884819e-01,1.949313485563625437e-01,-4.467179881650736317e-01,-4.320260214627621442e-01,6.716318811448915849e-01,-3.481982546341086393e-01,-1.122290871692070424e-01,-2.270395048989625186e-01,-5.182457527203995218e-01,-4.047683087611178010e-01,1.000000000000000000e+00,-5.420568614748714209e-01,-4.943557670798199855e-01,-2.880978559999385347e-01,-1.975917283815220304e-01,-8.643411639615702566e-03,-2.325597955703849196e-01,1.499479945890727917e-01,-1.495831239581465744e-01,-1.792906188845884430e-01,5.135503390967806059e-01,-3.529481917522327428e-01,-1.071091602612866539e-01,-3.542674411070556029e-01,2.105749974570948480e-01,4.648219247132819310e-01,2.115744419269849873e-03,-5.116950590612943106e-01,3.877143348353808694e-01,-4.253335249099297610e-01,3.801751279699854824e-01,-4.400073402205554873e-01,-4.810382092248564057e-01
8.288840783716522331e-01,5.498190695030185093e-01,6.202689647696990605e-01,8.041022024383488453e-01,7.977310734495149935e-01,-4.027149948330822626e-01,6.198040527068425787e-01,-6.229974530596512627e-01,8.723924006876380144e-01,8.781530160397860163e-01,-6.143946934886719280e-01,5.403695911891364112e-01,-8.945104659716133014e-03,6.930852945228308526e-01,8.177876215828965289e-01,8.455292775068232736e-01,-5.420568614748714209e-01,1.000000000000000000e+00,8.398691131058190207e-01,1.747342225556237083e-01,5.407779882802401517e-01,2.289112150443183835e-01,7.306775884555652967e-01,2.527622407892185508e-01,6.947978518733808340e-01,6.217125120726260112e-01,-3.965886946856795880e-01,7.479671801994635105e-01,5.684528160388200302e-01,7.936882323812870510e-01,-1.916605912354808483e-01,-3.070084994820746482e-01,2.124439356112594324e-01,8.620528925424892908e-01,-3.368584233142474793e-01,7.836636829015151129e-01,-1.776122898229415270e-01,8.247099495746578190e-01,7.267330110887917360e-01
6.740680566421957121e-01,4.780759262722088510e-01,4.577840464945045484e-01,6.846097739081550282e-01,6.486336292082438559e-01,-3.306390788582590501e-01,6.277223730410127489e-01,-4.829355948893123696e-01,7.640767908566917788e-01,7.534160571926653560e-01,-5.445159670551790176e-01,5.421678818613359097e-01,-1.092844128262239131e-02,5.840467616342783774e-01,7.507973688635992682e-01,7.086669534093894551e-01,-4.943557670798199855e-01,8.398691131058190207e-01,1.000000000000000000e+00,4.744102972549760905e-02,4.999877406733181373e-01,1.102654769552808695e-01,5.401262123242760449e-01,2.315376871448754648e-01,5.558852436107005746e-01,4.314704467694746026e-01,-4.055043926061192572e-01,5.521495751208891356e-01,4.229554823589501966e-01,7.005710750359078753e-01,-1.148488708637680905e-01,-3.072930415373087421e-01,1.147459867660768768e-01,7.655231593836432369e-01,-3.272305322924053961e-01,7.151701600635218536e-01,-1.678494228860837600e-01,6.969090859988608111e-01,7.430167171566478546e-01
2.765245623154529153e-01,-1.403986059698874023e-01,2.727935851944024437e-01,3.366638046967703746e-01,1.633176843488346255e-02,-4.895180704416141060e-01,1.326004792999655457e-01,-9.335447175774663764e-02,1.851115271947538221e-01,1.570220956834292025e-01,-4.875217182937502391e-01,4.523968408554598225e-02,1.137780490911836917e-01,-2.772234308923616358e-02,2.395522180595218709e-01,1.878533835264167007e-01,-2.880978559999385347e-01,1.747342225556237083e-01,4.744102972549760905e-02,1.000000000000000000e+00,-2.023790709499548660e-02,3.172924433456495996e-01,1.482555559666541567e-01,-3.848179326503101683e-01,7.320330183857076678e-02,3.271713452332081218e-01,-3.555293726242731434e-01,4.422179383284680632e-01,-3.782105546533238993e-02,1.817355269793146377e-01,-6.611853920327687151e-02,-4.347347457522247605e-01,2.491360648167671721e-01,1.244847996036344828e-01,-1.423428235848241408e-01,1.672111407889108337e-01,-4.978496214086824412e-01,1.973112406371517469e-01,1.057970061485991042e-01
4.675858569467377102e-01,3.334831741947689721e-01,3.489368540711786371e-01,4.102488218236298723e-01,4.153799633724190032e-01,1.941348717244258670e-01,4.503675714453695411e-01,-2.826576850101806260e-01,4.308827575368080476e-01,5.274912611245462513e-01,-1.004493109138655249e-01,1.385434954353862991e-01,-6.279044194282859537e-02,6.381210381533936049e-01,4.434761807940036382e-01,4.500561400840687454e-01,-1.975917283815220304e-01,5.407779882802401517e-01,4.999877406733181373e-01,-2.023790709499548660e-02,1.000000000000000000e+00,2.516204331806631278e-01,5.063251447375812786e-01,5.707215367568473363e-01,5.242774443303059861e-01,4.955570101098308866e-01,5.944112403302328346e-02,5.471366553121296272e-01,6.045436109556567850e-01,5.219937869549370335e-01,-1.041391154356171717e-01,1.851212780984295148e-01,4.588915623415709133e-01,3.944186259678940654e-01,1.934796862749287860e-01,3.916844759083971672e-01,3.417351096437898361e-01,3.764595977228753498e-01,2.127625274971864933e-01
1.655551770843528836e-01,2.013152660700583685e-01,3.471346691626899794e-01,2.326109568986929332e-01,1.890686882149703041e-01,-8.439054863137614160e-02,2.091496420724514860e-01,-2.187811262770838205e-01,1.787675949429841371e-01,2.389614273162138092e-01,-7.922819344503746752e-02,2.358145804298228398e-01,1.251527923926845642e-01,1.478202470906110066e-01,1.150536292402569577e-01,2.200950581698334629e-01,-8.643411639615702566e-03,2.289112150443183835e-01,1.102654769552808695e-01,3.172924433456495996e-01,2.516204331806631278e-01,1.000000000000000000e+00,2.931442151218059955e-01,1.302940457873764113e-01,2.227731156606687912e-01,2.314491089660326573e-01,1.871083193505657660e-01,3.674125320266825589e-01,1.256846342358526880e-01,1.319865647140266995e-01,-7.822014334957536064e-03,6.741734008449341842e-02,4.563063006190709592e-01,1.312328801440145742e-01,-7.919436600003298965e-02,1.563172984005521404e-01,6.129087254455115735e-02,1.257458261770890151e-01,1.039940296207443084e-02
8.316901169880220879e-01,7.060334442530336041e-01,6.633773159420276455e-01,5.227733880637138730e-01,7.725695630331095298e-01,-2.092112787148605879e-01,5.190147056908402945e-01,-6.875606657845078074e-01,8.166426674645388406e-01,8.512582853817082240e-01,-3.654847932279713385e-01,2.781679727327937002e-01,-5.043645974342132049e-02,7.537682817462746376e-01,6.919550282917479311e-01,8.545271449450589918e-01,-2.325597955703849196e-01,7.306775884555652967e-01,5.401262123242760449e-01,1.482555559666541567e-01,5.063251447375812786e-01,2.931442151218059955e-01,1.000000000000000000e+00,4.565935386574544452e-01,8.580142922364637492e-01,7.329729488418949002e-01,-2.192497135335253478e-01,7.515971428128102039e-01,7.007376900217682225e-01,8.236560303432590713e-01,-8.918286880669108740e-02,-2.331690177035898939e-02,3.678061553508668591e-01,7.409598804184475140e-01,-1.605526351236430671e-01,7.490136156358400132e-01,-2.697535444142790811e-02,7.666486208828768856e-01,5.588427432954082841e-01
2.776931364412027481e-01,4.611638216237580190e-01,2.180986797882406569e-01,1.023131342696275564e-01,3.594084209960232146e-01,5.707906531705405628e-01,3.121940961065352571e-01,-2.349129091553164850e-01,2.457243235475677634e-01,3.584191162316733292e-01,3.377899049497936068e-01,-9.474030163014870998e-02,-1.725257353659574999e-01,6.708077039267854591e-01,1.483586792625940509e-01,3.329237782136129642e-01,1.499479945890727917e-01,2.527622407892185508e-01,2.315376871448754648e-01,-3.848179326503101683e-01,5.707215367568473363e-01,1.302940457873764113e-01,4.565935386574544452e-01,1.000000000000000000e+00,5.510519773209877625e-01,3.789761421806018826e-01,3.589798626951358762e-01,2.723509683529232173e-01,6.593999016893479226e-01,3.594629203563128317e-01,9.994345025689832518e-02,5.997499737118411334e-01,2.994466437725418761e-01,1.970252563005879254e-01,4.692437472418266031e-01,3.006970748455815023e-01,6.776024830091533779e-01,1.588285574452093507e-01,4.909354930984708570e-02
7.843755926509843324e-01,6.547500094451017549e-01,6.354442706960795606e-01,5.476985902700982622e-01,7.842006068696918408e-01,-8.034910601619286996e-02,5.765797147319249305e-01,-6.478589401257109914e-01,7.615851125187150794e-01,8.301734811688054050e-01,-2.959119684630334701e-01,2.126089086522126304e-01,-1.563915831379639187e-01,8.198555193716918765e-01,6.074744058920956702e-01,8.285307702751628645e-01,-1.495831239581465744e-01,6.947978518733808340e-01,5.558852436107005746e-01,7.320330183857076678e-02,5.242774443303059861e-01,2.227731156606687912e-01,8.580142922364637492e-01,5.510519773209877625e-01,1.000000000000000000e+00,7.186250934837895565e-01,-9.666710392451006995e-02,7.186786037247119285e-01,7.327635213234069411e-01,7.927533162217453855e-01,2.564950153238215388e-02,8.524469458191358262e-02,3.308481377139385060e-01,7.003885639749133363e-01,6.568361422883272228e-04,6.922418047777670891e-01,1.424236904990963670e-01,6.645325483118782461e-01,5.128095171430833155e-01
6.973197068353866879e-01,4.513669666399175440e-01,7.174157209166354132e-01,5.615219400290425433e-01,6.454138937386969532e-01,-1.521117287967599374e-01,4.522504852969793654e-01,-6.957713895341069987e-01,6.590221600271599645e-01,6.885305336541803767e-01,-2.837769310604112416e-01,1.669448144928006861e-01,-1.254266129532735363e-01,7.173358228799616709e-01,5.686089644248716324e-01,6.747518158417820100e-01,-1.792906188845884430e-01,6.217125120726260112e-01,4.314704467694746026e-01,3.271713452332081218e-01,4.955570101098308866e-01,2.314491089660326573e-01,7.329729488418949002e-01,3.789761421806018826e-01,7.186250934837895565e-01,1.000000000000000000e+00,-3.328830653321356026e-02,8.495675616913827000e-01,7.295545570400873148e-01,6.873127403918519729e-01,1.521291665606983867e-01,7.598474395078375077e-02,6.018508215728634037e-01,5.202848433986800858e-01,2.143776325765885116e-01,6.132477063871407674e-01,6.922610803029229098e-03,6.010616305300282569e-01,3.544882575500470923e-01
-4.740445867478735309e-01,-6.532750471194896658e-02,2.935766694009564904e-03,-3.261006936242601961e-01,-1.762635078808901246e-01,6.624479445338001815e-01,-2.750212888076413176e-01,5.979632137306306605e-02,-4.451858873616175716e-01,-3.529597813858746935e-01,6.859413534023731662e-01,-1.447568798964563586e-01,-3.176682136954580571e-01,-6.465169004004217568e-02,-5.906412181458604582e-01,-3.907247689928318168e-01,5.135503390967806059e-01,-3.965886946856795880e-01,-4.055043926061192572e-01,-3.555293726242731434e-01,5.944112403302328346e-02,1.871083193505657660e-01,-2.192497135335253478e-01,3.589798626951358762e-01,-9.666710392451006995e-02,-3.328830653321356026e-02,1.000000000000000000e+00,-2.419713808600322258e-01,9.244420926107086572e-03,-4.094059655575698620e-01,4.189013014011311875e-01,7.581269462871584874e-01,3.562487010747995009e-01,-4.884259425535196208e-01,6.230096123883451797e-01,-4.006556156811224567e-01,7.324193929018119054e-01,-5.213534125948899867e-01,-5.076462444226087500e-01
7.847814966593263941e-01,4.206012572293018614e-01,7.136960485823009570e-01,6.978078119566479831e-01,6.826249706188518562e-01,-3.325851955369076851e-01,5.827266011941246715e-01,-6.403979345720152150e-01,7.362468112532891684e-01,7.767467191436427942e-01,-4.876323206202153315e-01,2.651629237995000721e-01,-4.343317819914985917e-02,6.945225621966593099e-01,6.963642793656610319e-01,7.559214822917035281e-01,-3.529481917522327428e-01,7.479671801994635105e-01,5.521495751208891356e-01,4.422179383284680632e-01,5.471366553121296272e-01,3.674125320266825589e-01,7.515971428128102039e-01,2.723509683529232173e-01,7.186786037247119285e-01,8.495675616913827000e-01,-2.419713808600322258e-01,1.000000000000000000e+00,6.488426160297994238e-01,7.298249326601526921e-01,1.535371016992216446e-02,-1.811099199328548015e-01,5.233747308918416108e-01,6.509118328583402002e-01,-4.388268193448050664e-02,6.757677022233022912e-01,-1.424306156943828672e-01,6.773344420355511541e-01,4.226211361884093520e-01
6.921242631167673354e-01,5.143437186476399470e-01,3.790142483169702259e-01,3.825491736120356645e-01,5.561310538270120007e-01,2.267972599918685606e-01,3.754270912936067406e-01,-4.082709543477301417e-01,5.650690883087616800e-01,6.790632970159070636e-01,-2.482710415097835396e-02,3.582097694950038547e-02,-1.860686672377710738e-02,8.627381394953627103e-01,5.463053921499013699e-01,6.656687607092846015e-01,-1.071091602612866539e-01,5.684528160388200302e-01,4.229554823589501966e-01,-3.782105546533238993e-02,6.045436109556567850e-01,1.256846342358526880e-01,7.007376900217682225e-01,6.593999016893479226e-01,7.327635213234069411e-01,7.295545570400873148e-01,9.244420926107086572e-03,6.488426160297994238e-01,1.000000000000000000e+00,6.895520742081541199e-01,-6.015768954070791624e-02,2.982036252300024892e-01,2.830313746799301700e-01,4.648453933641730207e-01,3.185005969295298112e-01,6.188181442475527705e-01,3.708557425854202561e-01,5.665144356117282065e-01,3.127406988084410200e-01
8.966915588526285230e-01,6.704819327283633168e-01,6.027043188973073562e-01,6.353482495925272255e-01,7.437674474696529536e-01,-2.857497629839813591e-01,5.821306397367317365e-01,-6.352247664586758713e-01,8.728243373915095527e-01,8.951550865121103984e-01,-5.009429197250480081e-01,3.114193648773347367e-01,-1.611443983724925033e-02,7.745850493658615887e-01,7.991563298780784974e-01,8.950211718080921530e-01,-3.542674411070556029e-01,7.936882323812870510e-01,7.005710750359078753e-01,1.817355269793146377e-01,5.219937869549370335e-01,1.319865647140266995e-01,8.236560303432590713e-01,3.594629203563128317e-01,7.927533162217453855e-01,6.873127403918519729e-01,-4.094059655575698620e-01,7.298249326601526921e-01,6.895520742081541199e-01,1.000000000000000000e+00,-1.503118042399332610e-01,-1.683640457739325746e-01,2.453666159768624899e-01,7.846167652936416603e-01,-2.089972643280211539e-01,8.445279434087432646e-01,-1.175220880464486473e-01,8.088791177830959578e-01,6.729382087910332766e-01
-2.275648584813676767e-01,8.712926967782792798e-02,3.002895074454283164e-01,-8.342045328931839421e-02,9.248347365522779917e-02,1.338127302209620173e-01,4.832852416840735521e-02,-2.555995491792872332e-01,-9.240796996698041887e-02,-1.295768708414586912e-01,2.293767528894040952e-01,3.719072983336230154e-02,-6.097944725389112808e-01,-3.874158245076349261e-02,-2.304168949707792180e-01,-1.670506529041741461e-01,2.105749974570948480e-01,-1.916605912354808483e-01,-1.148488708637680905e-01,-6.611853920327687151e-02,-1.041391154356171717e-01,-7.822014334957536064e-03,-8.918286880669108740e-02,9.994345025689832518e-02,2.564950153238215388e-02,1.521291665606983867e-01,4.189013014011311875e-01,1.535371016992216446e-02,-6.015768954070791624e-02,-1.503118042399332610e-01,1.000000000000000000e+00,3.310152092814835356e-01,3.654544065718006163e-01,-1.056158201006589248e-01,3.152149939664117828e-01,-1.304917195620857451e-01,1.510172711269234247e-01,-2.018031320085919011e-01,-9.198093836287463132e-02
-2.767093812115487550e-01,1.622042921403241689e-01,-7.101234609304803158e-02,-3.520567567176003387e-01,-6.775015327145894606e-02,7.835196664483642381e-01,-1.336499527013678967e-01,3.741981028150565686e-02,-2.989546513885044665e-01,-1.918153277085012653e-01,7.098007696621583262e-01,-2.956259462294583140e-01,-2.172823481990876771e-01,1.831484063348020885e-01,-4.291486026286083777e-01,-2.039557041893203526e-01,4.648219247132819310e-01,-3.070084994820746482e-01,-3.072930415373087421e-01,-4.347347457522247605e-01,1.851212780984295148e-01,6.741734008449341842e-02,-2.331690177035898939e-02,5.997499737118411334e-01,8.524469458191358262e-02,7.598474395078375077e-02,7.581269462871584874e-01,-1.811099199328548015e-01,2.982036252300024892e-01,-1.683640457739325746e-01,3.310152092814835356e-01,1.000000000000000000e+00,2.968411436381564461e-01,-3.667897754096582918e-01,7.004393388949564647e-01,-2.473086831101642125e-01,7.874291715111323420e-01,-3.463321431105090276e-01,-3.598567052223782259e-01
1.686193643220917637e-01,1.891513565420095133e-01,6.221989431260152026e-01,2.943555172051814384e-01,3.023471083469569942e-01,1.511696281519888350e-02,2.192369001391857586e-01,-5.415325387889411424e-01,2.187563691961927348e-01,2.454966231045215552e-01,-2.767477468608256497e-02,1.205447099205377015e-01,-2.232496032156848775e-01,3.226470410129951283e-01,1.004672873188612592e-01,1.910377329651157807e-01,2.115744419269849873e-03,2.124439356112594324e-01,1.147459867660768768e-01,2.491360648167671721e-01,4.588915623415709133e-01,4.563063006190709592e-01,3.678061553508668591e-01,2.994466437725418761e-01,3.308481377139385060e-01,6.018508215728634037e-01,3.562487010747995009e-01,5.233747308918416108e-01,2.830313746799301700e-01,2.453666159768624899e-01,3.654544065718006163e-01,2.968411436381564461e-01,1.000000000000000000e+00,8.569887905874876144e-02,2.911441861529848740e-01,1.580896264673926077e-01,1.397997374749181676e-01,1.022477437773450515e-01,-4.128240264387123687e-02
8.131997509347602682e-01,6.408770574727095104e-01,6.209833124024678463e-01,6.878882382558432207e-01,8.465991379011995610e-01,-4.877029652230084888e-01,5.960845607609908114e-01,-6.458985572853754853e-01,9.077012847592745848e-01,8.640711845831571258e-01,-6.512081544682755130e-01,5.858041777922079474e-01,-1.175002624079644342e-01,6.323696261186664280e-01,8.299175039373742901e-01,8.395241258766964476e-01,-5.116950590612943106e-01,8.620528925424892908e-01,7.655231593836432369e-01,1.244847996036344828e-01,3.944186259678940654e-01,1.312328801440145742e-01,7.409598804184475140e-01,1.970252563005879254e-01,7.003885639749133363e-01,5.202848433986800858e-01,-4.884259425535196208e-01,6.509118328583402002e-01,4.648453933641730207e-01,7.846167652936416603e-01,-1.056158201006589248e-01,-3.667897754096582918e-01,8.569887905874876144e-02,1.000000000000000000e+00,-4.902131655143166511e-01,7.632407646385966915e-01,-2.869951859711499798e-01,8.513512053435210447e-01,8.205877063542569294e-01
-2.828294483919490121e-01,-2.007828560940085050e-01,-1.102343889210518624e-01,-2.459123704484389716e-01,-2.492969646845590304e-01,7.529131092101007949e-01,-1.240832113656214902e-01,1.556740214467716710e-01,-4.081709825501407263e-01,-2.892039870910597665e-01,6.577866706446681144e-01,-5.086885000819229008e-01,-1.534406444350561727e-01,1.720808752737491010e-01,-4.203673484037782071e-01,-2.900074746269296067e-01,3.877143348353808694e-01,-3.368584233142474793e-01,-3.272305322924053961e-01,-1.423428235848241408e-01,1.934796862749287860e-01,-7.919436600003298965e-02,-1.605526351236430671e-01,4.692437472418266031e-01,6.568361422883272228e-04,2.143776325765885116e-01,6.230096123883451797e-01,-4.388268193448050664e-02,3.185005969295298112e-01,-2.089972643280211539e-01,3.152149939664117828e-01,7.004393388949564647e-01,2.911441861529848740e-01,-4.902131655143166511e-01,1.000000000000000000e+00,-2.827634858932543960e-01,6.882893852019291714e-01,-4.294528108260022292e-01,-5.292017123323123906e-01
8.436528669945312364e-01,6.592081752059615329e-01,5.637787795011465208e-01,6.170992463039690623e-01,6.854922015834792326e-01,-3.511652373584203124e-01,4.773435736294617260e-01,-5.740833074637662348e-01,8.421586983629048007e-01,8.558681800810389317e-01,-5.122973204323657548e-01,4.701057177691813638e-01,-2.151412091269801295e-03,7.009738961542995028e-01,8.286284106300533248e-01,8.475814176709146608e-01,-4.253335249099297610e-01,7.836636829015151129e-01,7.151701600635218536e-01,1.672111407889108337e-01,3.916844759083971672e-01,1.563172984005521404e-01,7.490136156358400132e-01,3.006970748455815023e-01,6.922418047777670891e-01,6.132477063871407674e-01,-4.006556156811224567e-01,6.757677022233022912e-01,6.188181442475527705e-01,8.445279434087432646e-01,-1.304917195620857451e-01,-2.473086831101642125e-01,1.580896264673926077e-01,7.632407646385966915e-01,-2.827634858932543960e-01,1.000000000000000000e+00,-1.702175513468287271e-01,8.383654090244788692e-01,7.337101860119913388e-01
-1.817860995363923537e-01,9.581237829353027313e-02,-1.192366557279682798e-01,-1.862518850209477494e-01,-5.088519667157710008e-02,8.697962784881079212e-01,-1.132476230354549362e-01,1.630465314667861876e-01,-2.744098641109610770e-01,-1.056591476008491015e-01,6.855667845470342359e-01,-2.339122564614373456e-01,-2.376263186983955111e-01,3.212616969806634248e-01,-3.316155790802852721e-01,-1.325855889168240376e-01,3.801751279699854824e-01,-1.776122898229415270e-01,-1.678494228860837600e-01,-4.978496214086824412e-01,3.417351096437898361e-01,6.129087254455115735e-02,-2.697535444142790811e-02,6.776024830091533779e-01,1.424236904990963670e-01,6.922610803029229098e-03,7.324193929018119054e-01,-1.424306156943828672e-01,3.708557425854202561e-01,-1.175220880464486473e-01,1.510172711269234247e-01,7.874291715111323420e-01,1.397997374749181676e-01,-2.869951859711499798e-01,6.882893852019291714e-01,-1.702175513468287271e-01,1.000000000000000000e+00,-3.093465701074584739e-01,-3.655808783346057855e-01
8.675350067742714222e-01,6.474998720124909291e-01,5.135507397251477535e-01,6.196426220336437307e-01,7.170063972499920446e-01,-4.880126982554776061e-01,4.447580472109248784e-01,-5.566960669189460198e-01,8.951550762760073221e-01,8.572931082177303042e-01,-5.887728237453385693e-01,5.525215210039694513e-01,3.339804728373367559e-02,6.421088781718442551e-01,9.090278658005279677e-01,8.431687679313986106e-01,-4.400073402205554873e-01,8.247099495746578190e-01,6.969090859988608111e-01,1.973112406371517469e-01,3.764595977228753498e-01,1.257458261770890151e-01,7.666486208828768856e-01,1.588285574452093507e-01,6.645325483118782461e-01,6.010616305300282569e-01,-5.213534125948899867e-01,6.773344420355511541e-01,5.665144356117282065e-01,8.088791177830959578e-01,-2.018031320085919011e-01,-3.463321431105090276e-01,1.022477437773450515e-01,8.513512053435210447e-01,-4.294528108260022292e-01,8.383654090244788692e-01,-3.093465701074584739e-01,1.000000000000000000e+00,8.191345908554225064e-01
6.863357141530492811e-01,6.391491510461743131e-01,4.374485229556691057e-01,5.178554477380039600e-01,6.637962656662464989e-01,-5.115849248469747090e-01,4.594258344407001760e-01,-5.064982738121193151e-01,8.173946736608879160e-01,7.312633244277516598e-01,-5.932320048655855826e-01,6.854781743041011843e-01,-5.483986147360704611e-02,4.626433255475651540e-01,7.630850945452185563e-01,7.176053482525476257e-01,-4.810382092248564057e-01,7.267330110887917360e-01,7.430167171566478546e-01,1.057970061485991042e-01,2.127625274971864933e-01,1.039940296207443084e-02,5.588427432954082841e-01,4.909354930984708570e-02,5.128095171430833155e-01,3.544882575500470923e-01,-5.076462444226087500e-01,4.226211361884093520e-01,3.127406988084410200e-01,6.729382087910332766e-01,-9.198093836287463132e-02,-3.598567052223782259e-01,-4.128240264387123687e-02,8.205877063542569294e-01,-5.292017123323123906e-01,7.337101860119913388e-01,-3.655808783346057855e-01,8.191345908554225064e-01,1.000000000000000000e+00
