1.000000000000000000e+00,6.987989452061883489e-01,5.034968557568525460e-01,2.535204532949778544e-01,3.721410415713320430e-01,5.783339489779383280e-01,5.256262455723806348e-02,-5.127549895206989783e-01,6.607402058729089367e-01,6.654303900710462072e-01,1.319745791853134120e-01,4.553455746691249806e-02,3.034530138395672982e-01,5.002559975731911690e-01,2.325218814941729939e-01,6.156108756323225295e-01,3.537694792661115750e-01,4.218630217413888994e-01,2.479429637927789698e-01,4.472630977811465347e-01,3.707390284078387888e-01,3.457152819879250050e-01,6.660196695729453387e-01,6.000426102794385042e-01,6.502933550050917777e-01,4.051223190509255501e-01,2.777429200252907182e-01,6.577543318075136369e-01,6.616016289618621427e-01,6.843786860736261746e-01,4.861613184806728993e-01,5.029476117895297360e-01,4.027260044995866206e-01,5.873274693208719865e-01,5.862916554513879497e-01,-3.759747843295850600e-02,5.835100018118265508e-01,7.712907068683686473e-01,6.063552360301500688e-01
6.987989452061883489e-01,1.000000000000000000e+00,4.412872518562816482e-01,2.989315390401010020e-01,9.094015131019157760e-02,7.097916544593640964e-01,-1.710612376249813771e-01,-4.363453379320186287e-01,6.177176640671926400e-01,6.402417419849394387e-01,2.424717242990361565e-01,4.163425617016799363e-01,1.780881836284615161e-01,3.423419102782630508e-01,-1.844752071505044444e-01,5.903287621297419463e-01,4.672961223936424324e-01,9.382993290603464098e-02,2.113535780921376450e-01,6.120954799871507479e-01,3.833770658477477222e-01,4.507641899344820291e-01,7.059439950973226408e-01,6.431002050494327715e-01,7.062003550654610828e-01,9.811991721599229443e-02,6.398921220674186339e-01,6.448606544887814929e-01,5.858998334715029843e-01,6.600107457772521613e-01,6.498863549850365517e-01,8.135881055801094108e-01,6.266697912724773500e-01,4.881566246246026863e-01,4.637504020952730732e-01,-3.011458203874912698e-01,8.023059096971595361e-01,4.743752522956740103e-01,8.345916630719675267e-01
5.034968557568525460e-01,4.412872518562816482e-01,1.000000000000000000e+00,2.687512553733479304e-01,5.240029042102657408e-01,4.875641181080990760e-01,2.204257837692790434e-01,-9.172552466026918649e-01,3.996752031161378005e-01,4.464665676505573111e-01,7.378164063885364610e-02,3.791364759947968288e-02,2.041912639697240628e-01,6.025734894503851358e-01,2.493225550980893712e-01,4.585637047387320919e-01,1.905801286900109803e-01,4.600576912982451971e-01,4.517323856675960481e-01,3.236341400427537041e-01,3.383046455131834551e-01,1.858801396921548610e-01,5.767607421522683575e-01,5.883757591449009228e-01,5.880696381949913620e-01,6.940284010000262738e-01,3.658699569893258952e-01,6.446110652047735146e-01,4.830805520071789205e-01,5.723011396427679642e-01,6.221978781123299607e-01,4.350190052473918989e-01,4.147416307147639425e-01,4.146925762244835223e-01,4.914441723948422269e-01,3.276305014721823672e-01,5.082995733935413707e-01,4.023020693125405334e-01,3.370146008127458126e-01
2.535204532949778544e-01,2.989315390401010020e-01,2.687512553733479304e-01,1.000000000000000000e+00,-1.544129344552135630e-01,4.973733363844207722e-01,3.637990513176876939e-01,-2.272191232005889572e-01,1.307487603376698837e-01,2.103040269905227244e-01,3.125171090764857773e-01,-6.787697217473197958e-03,3.620369783151982657e-01,1.877988504326127961e-01,-9.642109245442483101e-02,3.463228458293585166e-01,3.937840890121932502e-01,1.011990497206270018e-01,-4.801550017667381015e-02,5.121120689343648946e-01,3.732167896086429071e-01,2.300858305557958172e-01,4.664556621036163309e-01,3.000759795508695094e-01,4.230473821088667763e-01,6.787212047984346464e-02,1.014081526767725977e-01,4.234978558430652629e-01,4.953676021091120152e-01,4.623979512975531225e-01,3.438102604194760992e-01,4.010152948016450503e-01,3.150124147667409669e-01,3.040817996810786863e-02,4.483189306273761554e-01,-1.495750078826817986e-01,4.663161444309436021e-01,1.880200230826407914e-01,1.495426953595671848e-01
3.721410415713320430e-01,9.094015131019157760e-02,5.240029042102657408e-01,-1.544129344552135630e-01,1.000000000000000000e+00,-5.206057392475035156e-02,1.782770074434820717e-01,-5.272625371934402949e-01,4.110792022535935120e-01,3.360126568179655493e-01,-1.882471027873474645e-01,4.050554874123430543e-02,-6.720746415737462176e-02,5.801566053262299238e-01,6.336073325012507862e-01,2.252993691227028195e-01,-1.542471419168234825e-01,5.202775425317932578e-01,5.322256843318207142e-01,-1.214948668400011728e-01,-1.806974883126052089e-01,-9.050926569016838619e-02,1.152888661149943927e-01,2.645365290365487843e-01,1.656158252858937752e-01,6.268951397943837156e-01,6.758623525204830729e-02,1.776726433667873417e-01,-8.727188748891929679e-03,2.560009521792923626e-01,1.187539292880177011e-01,-1.268431619083678075e-01,-4.150247727314308049e-02,5.931514136679929550e-01,2.661455750844489432e-02,4.409665679401341132e-01,-3.121112449581408751e-02,4.690337316757705044e-01,2.307500088838804753e-01
5.783339489779383280e-01,7.097916544593640964e-01,4.875641181080990760e-01,4.973733363844207722e-01,-5.206057392475035156e-02,1.000000000000000000e+00,1.092481865017448789e-01,-4.958937654016635777e-01,6.045176912691019311e-01,6.704365992131853247e-01,3.080886857859423955e-01,-3.416219077219114636e-02,5.725471713046736966e-01,3.623387919688251246e-01,-1.676692780375653169e-01,7.721294211428602061e-01,5.863111880850077062e-01,3.339165913195536461e-01,2.917592425068731843e-01,8.124005149940373149e-01,5.722974865915327891e-01,3.785332666267084978e-01,8.860546901944831300e-01,7.139138529531641186e-01,8.854249530294895365e-01,9.094346352232379749e-02,2.973908114503381883e-01,8.032079674125124358e-01,8.386730780197800827e-01,8.044868717538682379e-01,5.812594074605638150e-01,8.462737049368821429e-01,5.629863784731538034e-01,4.255056352457241564e-01,7.778645949365068368e-01,-3.145210064272861011e-02,9.000120274935143883e-01,4.891189893867576854e-01,5.252201034014583048e-01
5.256262455723806348e-02,-1.710612376249813771e-01,2.204257837692790434e-01,3.637990513176876939e-01,1.782770074434820717e-01,1.092481865017448789e-01,1.000000000000000000e+00,-2.358749398279510190e-01,-3.298553807521522468e-02,1.283226649911436423e-01,2.155181571035231503e-01,-4.130022864565774943e-01,4.440143776130987541e-01,1.733820075010351625e-01,3.789988785177906272e-01,1.933510493843008105e-01,1.988254357230623548e-01,4.175230617715756654e-01,2.622666791531608199e-01,1.827533113615347760e-01,8.704127164509334325e-02,-2.888711631562158183e-02,1.614704560445421322e-01,4.338406207875479537e-02,1.323272246839427013e-01,2.584704330897152347e-01,-4.254003801506699434e-01,1.622223851283596530e-01,2.449193742541631857e-01,2.581480816624446284e-01,-9.546374336042627584e-02,-8.279119343955235188e-02,-1.746881858967654910e-01,1.528646610396255656e-01,1.904443985054204702e-01,3.691071111369659263e-01,-1.519152311822235743e-02,1.281762847639250358e-01,-2.609046985872277014e-01
-5.127549895206989783e-01,-4.363453379320186287e-01,-9.172552466026918649e-01,-2.272191232005889572e-01,-5.272625371934402949e-01,-4.958937654016635777e-01,-2.358749398279510190e-01,1.000000000000000000e+00,-4.200783322012616172e-01,-4.742079825056489395e-01,-4.648159031989693157e-02,-2.840189230451612215e-02,-2.195417595405531608e-01,-6.344576323929219663e-01,-2.671467669363488673e-01,-4.987336444492700416e-01,-1.871743486360429587e-01,-5.028847166033549865e-01,-4.645964142215235348e-01,-3.311170187327651115e-01,-3.684593436045539572e-01,-1.873409585781909137e-01,-5.959634378127744991e-01,-6.116568156609167861e-01,-6.003738782954907149e-01,-6.562565955195411860e-01,-3.511782330249536566e-01,-6.665027001721903765e-01,-4.981262341818312733e-01,-5.823463573478980804e-01,-6.237391615511063137e-01,-4.376796165845432407e-01,-4.164333699359362706e-01,-4.214345453981676037e-01,-5.226164593955736626e-01,-3.647699812928545948e-01,-5.141624178214451169e-01,-4.196717740388222762e-01,-3.287508826918520977e-01
6.607402058729089367e-01,6.177176640671926400e-01,3.996752031161378005e-01,1.307487603376698837e-01,4.110792022535935120e-01,6.045176912691019311e-01,-3.298553807521522468e-02,-4.200783322012616172e-01,1.000000000000000000e+00,8.004487725800414344e-01,1.721665740414595469e-01,9.577890839637154263e-02,3.552644703300271711e-01,5.253067756706865099e-01,2.170782779239328608e-01,7.560408693302008709e-01,4.254218774549251569e-01,5.181776210022026596e-01,5.524674028587666097e-01,4.934929103241031956e-01,2.228839875686229877e-01,1.683114327143209465e-01,6.713012087107481651e-01,6.275389527361765474e-01,7.121902259559285131e-01,1.678087849559397882e-01,2.136996535718496126e-01,5.665530433914932606e-01,5.732319197872484118e-01,7.150237928980874846e-01,3.745267554003015031e-01,5.483967235115998484e-01,3.838966698685910006e-01,7.336764375627328194e-01,4.977945581302297140e-01,1.232875742584392809e-01,6.027193632720896366e-01,7.508645631956246680e-01,6.922547121752643529e-01
6.654303900710462072e-01,6.402417419849394387e-01,4.464665676505573111e-01,2.103040269905227244e-01,3.360126568179655493e-01,6.704365992131853247e-01,1.283226649911436423e-01,-4.742079825056489395e-01,8.004487725800414344e-01,1.000000000000000000e+00,1.992693425633196291e-01,2.806799894666544073e-02,4.420518220218364602e-01,5.396228300693360902e-01,2.049825640219105072e-01,8.825869210070957926e-01,4.913139094827836950e-01,5.524471378705405611e-01,5.854898318283977554e-01,5.479403202918630145e-01,3.548302431563848947e-01,1.904995026837222605e-01,7.347803260111364088e-01,6.666652071209188124e-01,7.553862328758574884e-01,1.455069304785932549e-01,1.710906245557759775e-01,6.317313782974821601e-01,6.417707960126409761e-01,7.529132794423536446e-01,4.396688115893362392e-01,5.914884440051297876e-01,4.278863132249922652e-01,7.499229716220791042e-01,5.623149503818394290e-01,1.416996183150580624e-01,6.438810741817401206e-01,7.171355960559883114e-01,6.190262145691294293e-01
1.319745791853134120e-01,2.424717242990361565e-01,7.378164063885364610e-02,3.125171090764857773e-01,-1.882471027873474645e-01,3.080886857859423955e-01,2.155181571035231503e-01,-4.648159031989693157e-02,1.721665740414595469e-01,1.992693425633196291e-01,1.000000000000000000e+00,5.438294510485723599e-02,3.996217747427021627e-01,3.064884542179156443e-02,-9.435470315578842193e-02,2.548591765236437046e-01,6.605921806191727974e-01,1.002544154237318130e-01,2.376662777074578514e-01,3.096089701597320998e-01,1.405682143341625834e-01,2.840320706230194808e-02,2.184652948624399571e-01,1.449148180507206785e-01,2.477119598958595625e-01,-1.014610463311371863e-01,3.047625756667515437e-02,1.655421061403543059e-01,3.054159004191938642e-01,2.407192595282247327e-01,8.829908219309341721e-02,3.785995155745970342e-01,3.215844739425511301e-01,1.729998416637004988e-01,5.143936782944692754e-02,-9.320116984703369356e-02,2.604219716648819016e-01,1.470951020429506206e-01,1.853137725134067493e-01
4.553455746691249806e-02,4.163425617016799363e-01,3.791364759947968288e-02,-6.787697217473197958e-03,4.050554874123430543e-02,-3.416219077219114636e-02,-4.130022864565774943e-01,-2.840189230451612215e-02,9.577890839637154263e-02,2.806799894666544073e-02,5.438294510485723599e-02,1.000000000000000000e+00,-4.129793604720605193e-01,-1.014135524916120190e-01,-9.481817937549257003e-02,-6.356198739598747927e-02,3.951167699457493188e-02,-2.361009326931200192e-01,-5.301495542382249175e-03,-5.763322612219375085e-02,-2.533485168157360162e-02,1.185525255442216874e-01,-7.512462507489235664e-02,-3.046697751914895572e-02,-7.647338485495358551e-02,-1.818477711108621442e-01,6.333914620910818805e-01,-5.468461549323515997e-02,-2.128838811743258563e-01,-3.221266107945541107e-02,2.361689222812594080e-01,2.521660929892614034e-01,3.212960820509495607e-01,1.388758425076539182e-01,-2.650905412068409461e-01,-4.441245073270909116e-01,1.516040632972765756e-01,5.435054355533710472e-04,5.821655605381421683e-01
3.034530138395672982e-01,1.780881836284615161e-01,2.041912639697240628e-01,3.620369783151982657e-01,-6.720746415737462176e-02,5.725471713046736966e-01,4.440143776130987541e-01,-2.195417595405531608e-01,3.552644703300271711e-01,4.420518220218364602e-01,3.996217747427021627e-01,-4.129793604720605193e-01,1.000000000000000000e+00,1.721109218596323653e-01,7.861042795497485969e-02,5.255054708514913520e-01,5.856225808631136953e-01,4.142412516641952314e-01,2.542540155300270222e-01,5.048217022225317541e-01,3.282579363824292829e-01,5.710318355416016400e-02,5.323395039320460986e-01,3.779973780073926370e-01,5.311099655519258000e-01,5.272992752783690895e-02,-3.352694710738124972e-01,4.552008754333520257e-01,6.660288545585694164e-01,5.195931099881413440e-01,4.255654394917193772e-03,3.900908291530913452e-01,1.629887097459914724e-01,3.202330594052623103e-01,5.606901587644892437e-01,2.761443875161847528e-01,4.393543655510986357e-01,3.469466671148758730e-01,1.672789239117087809e-02
5.002559975731911690e-01,3.423419102782630508e-01,6.025734894503851358e-01,1.877988504326127961e-01,5.801566053262299238e-01,3.623387919688251246e-01,1.733820075010351625e-01,-6.344576323929219663e-01,5.253067756706865099e-01,5.396228300693360902e-01,3.064884542179156443e-02,-1.014135524916120190e-01,1.721109218596323653e-01,1.000000000000000000e+00,3.012147220143837067e-01,5.406226067872526020e-01,1.588374828966266361e-01,4.776850290186313019e-01,4.683113402754621180e-01,3.207370876115964164e-01,2.016220792201519618e-01,1.126909514279768182e-01,5.125111094668818312e-01,6.990324247302324157e-01,5.326534903816881883e-01,5.801417254360191622e-01,2.022948187676248677e-01,5.372911348204373327e-01,4.367153774212836348e-01,5.514796165787886340e-01,4.657286228975839881e-01,2.753395653053144487e-01,2.721810478868672556e-01,4.524311948777182124e-01,4.380891202696134412e-01,3.964236260156659419e-01,3.729712186062164592e-01,5.137543789426091134e-01,3.003283835775982236e-01
2.325218814941729939e-01,-1.844752071505044444e-01,2.493225550980893712e-01,-9.642109245442483101e-02,6.336073325012507862e-01,-1.676692780375653169e-01,3.789988785177906272e-01,-2.671467669363488673e-01,2.170782779239328608e-01,2.049825640219105072e-01,-9.435470315578842193e-02,-9.481817937549257003e-02,7.861042795497485969e-02,3.012147220143837067e-01,1.000000000000000000e+00,1.372602213663886295e-01,-4.298331496964108434e-02,6.269652297657589690e-01,4.308639707402470709e-01,-1.636430464747261615e-01,-6.233771702765045220e-02,-1.678305566248342040e-01,-8.358748848171132506e-02,-1.118578453951195664e-02,-5.480053647007884776e-02,4.522905767700601265e-01,-3.338431001974875301e-01,5.238873615570384390e-02,-2.262669509907006687e-02,1.119036074913130063e-01,-2.383272823050345268e-01,-3.120944855091102865e-01,-2.930883310179912549e-01,4.943793397162589143e-01,-5.723938700860541073e-02,3.970527876629330044e-01,-2.510800019982070141e-01,4.987099558081911632e-01,-1.937648727593105358e-02
6.156108756323225295e-01,5.903287621297419463e-01,4.585637047387320919e-01,3.463228458293585166e-01,2.252993691227028195e-01,7.721294211428602061e-01,1.933510493843008105e-01,-4.987336444492700416e-01,7.560408693302008709e-01,8.825869210070957926e-01,2.548591765236437046e-01,-6.356198739598747927e-02,5.255054708514913520e-01,5.406226067872526020e-01,1.372602213663886295e-01,1.000000000000000000e+00,5.189163104556615558e-01,5.924292935385734316e-01,5.672085954808143704e-01,6.576363686849976409e-01,4.894622164807341802e-01,2.186265036655220817e-01,8.140277691218283929e-01,7.233163803892890265e-01,8.218118513282826054e-01,9.243126303091239726e-02,1.493011856894299605e-01,7.143020269465127914e-01,7.421158003125005731e-01,8.145837966920117523e-01,4.645150024893933138e-01,6.632712671328747644e-01,4.775135673366730504e-01,6.615294636309162479e-01,7.011154412901731137e-01,1.654557870023811439e-01,7.275754067409113679e-01,6.794481208142130191e-01,5.423454109371205201e-01
3.537694792661115750e-01,4.672961223936424324e-01,1.905801286900109803e-01,3.937840890121932502e-01,-1.542471419168234825e-01,5.863111880850077062e-01,1.988254357230623548e-01,-1.871743486360429587e-01,4.254218774549251569e-01,4.913139094827836950e-01,6.605921806191727974e-01,3.951167699457493188e-02,5.856225808631136953e-01,1.588374828966266361e-01,-4.298331496964108434e-02,5.189163104556615558e-01,1.000000000000000000e+00,2.796637107967916980e-01,3.464868627492369568e-01,4.751671244874721700e-01,3.462034104560430259e-01,8.063633480354033545e-02,5.121681621379279292e-01,4.041990547926076482e-01,5.228123978687168050e-01,-9.084237940586185889e-02,3.320237537931446797e-02,4.115924416733739988e-01,6.153201289302370203e-01,4.870724916011704431e-01,2.549574738655691619e-01,6.227121031589533118e-01,4.437187485715447521e-01,3.730659194420818392e-01,3.536223483997746331e-01,-1.093178547562519316e-02,5.412976827475991515e-01,3.619000012926847920e-01,3.811317929067296051e-01
4.218630217413888994e-01,9.382993290603464098e-02,4.600576912982451971e-01,1.011990497206270018e-01,5.202775425317932578e-01,3.339165913195536461e-01,4.175230617715756654e-01,-5.028847166033549865e-01,5.181776210022026596e-01,5.524471378705405611e-01,1.002544154237318130e-01,-2.361009326931200192e-01,4.142412516641952314e-01,4.776850290186313019e-01,6.269652297657589690e-01,5.924292935385734316e-01,2.796637107967916980e-01,1.000000000000000000e+00,7.304411948701423629e-01,2.244375907654473090e-01,2.306836791599907455e-01,-7.652813213651964153e-02,4.137967256748621425e-01,3.922609837266850530e-01,4.198234672352084140e-01,3.327933962077384011e-01,-1.938244142613965437e-01,4.320728819329138770e-01,4.586084857808303550e-01,5.263539339806188044e-01,1.650131273924827224e-01,1.531451816947824729e-01,7.763058340726802786e-02,5.868825394832043463e-01,4.440031998371296584e-01,4.902705298432623038e-01,2.362589567226604792e-01,6.162129554135125087e-01,1.720805634964158726e-01
2.479429637927789698e-01,2.113535780921376450e-01,4.517323856675960481e-01,-4.801550017667381015e-02,5.322256843318207142e-01,2.917592425068731843e-01,2.622666791531608199e-01,-4.645964142215235348e-01,5.524674028587666097e-01,5.854898318283977554e-01,2.376662777074578514e-01,-5.301495542382249175e-03,2.542540155300270222e-01,4.683113402754621180e-01,4.308639707402470709e-01,5.672085954808143704e-01,3.464868627492369568e-01,7.304411948701423629e-01,1.000000000000000000e+00,1.886184216092384458e-01,3.483978030959391375e-02,-1.664308826644363970e-01,3.627004534134070646e-01,4.009604030287889365e-01,4.086360054804334396e-01,2.170044419581402539e-01,1.821376233545765611e-02,2.778287183173530073e-01,2.810495796210149555e-01,4.022332033381300076e-01,2.078796376125945367e-01,2.647725172454811204e-01,1.713457833949166287e-01,6.554615546905657730e-01,1.674582226958760689e-01,4.322875129436265507e-01,2.478900781015883903e-01,4.550611186818929177e-01,3.316486845814263784e-01
4.472630977811465347e-01,6.120954799871507479e-01,3.236341400427537041e-01,5.121120689343648946e-01,-1.214948668400011728e-01,8.124005149940373149e-01,1.827533113615347760e-01,-3.311170187327651115e-01,4.934929103241031956e-01,5.479403202918630145e-01,3.096089701597320998e-01,-5.763322612219375085e-02,5.048217022225317541e-01,3.207370876115964164e-01,-1.636430464747261615e-01,6.576363686849976409e-01,4.751671244874721700e-01,2.244375907654473090e-01,1.886184216092384458e-01,1.000000000000000000e+00,4.575441110514713028e-01,5.040248435738293731e-01,7.655817189584379623e-01,6.318071867685834953e-01,7.597761440911167119e-01,5.768039458736023295e-05,1.917893413460818874e-01,6.857984147315437928e-01,7.045308848613851538e-01,7.049858998662128506e-01,4.205685643639678339e-01,7.215863280454378748e-01,3.513831844529270998e-01,3.209486622595095207e-01,6.503571179393530244e-01,-4.588507146652544971e-02,7.758600321674399281e-01,3.960685355074798908e-01,4.164641512272263535e-01
3.707390284078387888e-01,3.833770658477477222e-01,3.383046455131834551e-01,3.732167896086429071e-01,-1.806974883126052089e-01,5.722974865915327891e-01,8.704127164509334325e-02,-3.684593436045539572e-01,2.228839875686229877e-01,3.548302431563848947e-01,1.405682143341625834e-01,-2.533485168157360162e-02,3.282579363824292829e-01,2.016220792201519618e-01,-6.233771702765045220e-02,4.894622164807341802e-01,3.462034104560430259e-01,2.306836791599907455e-01,3.483978030959391375e-02,4.575441110514713028e-01,1.000000000000000000e+00,3.999204628775075432e-01,5.135400403992322893e-01,4.512303465501303346e-01,4.817589482284058144e-01,7.013210494951306606e-02,3.060473960106612767e-01,6.620910951980162329e-01,6.418393871264488348e-01,4.896306708105829797e-01,4.784415431632890181e-01,5.395141996709481580e-01,5.772571854690903281e-01,1.507116894001436225e-01,6.414513304558586704e-01,-9.770361513598001257e-02,5.909206189180007396e-01,3.207403935157654984e-01,2.704584418915809696e-01
3.457152819879250050e-01,4.507641899344820291e-01,1.858801396921548610e-01,2.300858305557958172e-01,-9.050926569016838619e-02,3.785332666267084978e-01,-2.888711631562158183e-02,-1.873409585781909137e-01,1.683114327143209465e-01,1.904995026837222605e-01,2.840320706230194808e-02,1.185525255442216874e-01,5.710318355416016400e-02,1.126909514279768182e-01,-1.678305566248342040e-01,2.186265036655220817e-01,8.063633480354033545e-02,-7.652813213651964153e-02,-1.664308826644363970e-01,5.040248435738293731e-01,3.999204628775075432e-01,1.000000000000000000e+00,3.399563674141100611e-01,3.467427197341680367e-01,3.262085240303116973e-01,4.815949060856788283e-02,3.441337366691014088e-01,4.124607056616051981e-01,3.316611514176729392e-01,3.612993918342132793e-01,3.759686176971250848e-01,4.015707541761980859e-01,2.329887538373079936e-01,4.116778528056760922e-02,3.800588201589878423e-01,-2.020119771945019238e-01,4.349202062244161282e-01,1.902087801612862838e-01,3.291797199788399353e-01
6.660196695729453387e-01,7.059439950973226408e-01,5.767607421522683575e-01,4.664556621036163309e-01,1.152888661149943927e-01,8.860546901944831300e-01,1.614704560445421322e-01,-5.959634378127744991e-01,6.713012087107481651e-01,7.347803260111364088e-01,2.184652948624399571e-01,-7.512462507489235664e-02,5.323395039320460986e-01,5.125111094668818312e-01,-8.358748848171132506e-02,8.140277691218283929e-01,5.121681621379279292e-01,4.137967256748621425e-01,3.627004534134070646e-01,7.655817189584379623e-01,5.135400403992322893e-01,3.399563674141100611e-01,1.000000000000000000e+00,8.055686687963676818e-01,9.245328573267417305e-01,2.177524992511842283e-01,2.907501718028468463e-01,8.023531418688533146e-01,8.399095086016117317e-01,8.332324454315249707e-01,6.404233218070771727e-01,7.777181645036572721e-01,5.192715543904787845e-01,4.777277077476633216e-01,8.190078769055952890e-01,6.692091465344925105e-02,8.694682931049924068e-01,5.641464454921382154e-01,5.453649841352085081e-01
6.000426102794385042e-01,6.431002050494327715e-01,5.883757591449009228e-01,3.000759795508695094e-01,2.645365290365487843e-01,7.139138529531641186e-01,4.338406207875479537e-02,-6.116568156609167861e-01,6.275389527361765474e-01,6.666652071209188124e-01,1.449148180507206785e-01,-3.046697751914895572e-02,3.779973780073926370e-01,6.990324247302324157e-01,-1.118578453951195664e-02,7.233163803892890265e-01,4.041990547926076482e-01,3.922609837266850530e-01,4.009604030287889365e-01,6.318071867685834953e-01,4.512303465501303346e-01,3.467427197341680367e-01,8.055686687963676818e-01,1.000000000000000000e+00,8.292565259807345157e-01,3.139480818320540267e-01,3.454834538083349504e-01,7.652541740590738106e-01,7.167396201040533432e-01,7.438750469091144346e-01,5.758466795022039175e-01,6.772994652114346925e-01,4.873015656297906006e-01,4.733636887089805456e-01,6.912257809762278882e-01,1.493212495799387807e-01,7.582721930003689659e-01,5.357703260891214514e-01,5.245694296563595538e-01
6.502933550050917777e-01,7.062003550654610828e-01,5.880696381949913620e-01,4.230473821088667763e-01,1.656158252858937752e-01,8.854249530294895365e-01,1.323272246839427013e-01,-6.003738782954907149e-01,7.121902259559285131e-01,7.553862328758574884e-01,2.477119598958595625e-01,-7.647338485495358551e-02,5.311099655519258000e-01,5.326534903816881883e-01,-5.480053647007884776e-02,8.218118513282826054e-01,5.228123978687168050e-01,4.198234672352084140e-01,4.086360054804334396e-01,7.597761440911167119e-01,4.817589482284058144e-01,3.262085240303116973e-01,9.245328573267417305e-01,8.292565259807345157e-01,1.000000000000000000e+00,2.481203753855205918e-01,2.827918453536993337e-01,8.094303990763297429e-01,8.243145908461753102e-01,8.362731726914092167e-01,5.881536556358585299e-01,7.824184780988648891e-01,5.087093634089681071e-01,5.222602466892322104e-01,7.770407404430123011e-01,9.219200486345947854e-02,8.601500498860810140e-01,5.929116826478557645e-01,5.563206551059278748e-01
4.051223190509255501e-01,9.811991721599229443e-02,6.940284010000262738e-01,6.787212047984346464e-02,6.268951397943837156e-01,9.094346352232379749e-02,2.584704330897152347e-01,-6.562565955195411860e-01,1.678087849559397882e-01,1.455069304785932549e-01,-1.014610463311371863e-01,-1.818477711108621442e-01,5.272992752783690895e-02,5.801417254360191622e-01,4.522905767700601265e-01,9.243126303091239726e-02,-9.084237940586185889e-02,3.327933962077384011e-01,2.170044419581402539e-01,5.768039458736023295e-05,7.013210494951306606e-02,4.815949060856788283e-02,2.177524992511842283e-01,3.139480818320540267e-01,2.481203753855205918e-01,1.000000000000000000e+00,9.245973964095682840e-02,3.827246295207004101e-01,2.252655130357914259e-01,2.457229529894776054e-01,2.767159255676779894e-01,-2.981467374433270992e-02,2.972745105153318593e-02,2.245141353675580986e-01,2.184969308826110179e-01,3.537086724073023603e-01,7.826175929496718975e-02,3.553999751855304590e-01,-6.967669776455885818e-03
2.777429200252907182e-01,6.398921220674186339e-01,3.658699569893258952e-01,1.014081526767725977e-01,6.758623525204830729e-02,2.973908114503381883e-01,-4.254003801506699434e-01,-3.511782330249536566e-01,2.136996535718496126e-01,1.710906245557759775e-01,3.047625756667515437e-02,6.333914620910818805e-01,-3.352694710738124972e-01,2.022948187676248677e-01,-3.338431001974875301e-01,1.493011856894299605e-01,3.320237537931446797e-02,-1.938244142613965437e-01,1.821376233545765611e-02,1.917893413460818874e-01,3.060473960106612767e-01,3.441337366691014088e-01,2.907501718028468463e-01,3.454834538083349504e-01,2.827918453536993337e-01,9.245973964095682840e-02,1.000000000000000000e+00,3.681728042702386849e-01,1.321837119158545126e-01,2.511956172866608994e-01,6.686543916533821408e-01,5.448049217497198393e-01,6.464550597808980115e-01,8.482284246366032787e-02,1.405249390419149591e-01,-4.048481730095006559e-01,5.027431322785680390e-01,4.905784060014178188e-02,6.414406426463173938e-01
6.577543318075136369e-01,6.448606544887814929e-01,6.446110652047735146e-01,4.234978558430652629e-01,1.776726433667873417e-01,8.032079674125124358e-01,1.622223851283596530e-01,-6.665027001721903765e-01,5.665530433914932606e-01,6.317313782974821601e-01,1.655421061403543059e-01,-5.468461549323515997e-02,4.552008754333520257e-01,5.372911348204373327e-01,5.238873615570384390e-02,7.143020269465127914e-01,4.115924416733739988e-01,4.320728819329138770e-01,2.778287183173530073e-01,6.857984147315437928e-01,6.620910951980162329e-01,4.124607056616051981e-01,8.023531418688533146e-01,7.652541740590738106e-01,8.094303990763297429e-01,3.827246295207004101e-01,3.681728042702386849e-01,1.000000000000000000e+00,8.079126024694617270e-01,8.092100322521642575e-01,6.097503119914758907e-01,7.120927932735647836e-01,5.708283260479256604e-01,4.303905957961086104e-01,7.862077015505708477e-01,6.907429252252920981e-02,8.123512442710628667e-01,5.609451550501105555e-01,4.670894551950831586e-01
6.616016289618621427e-01,5.858998334715029843e-01,4.830805520071789205e-01,4.953676021091120152e-01,-8.727188748891929679e-03,8.386730780197800827e-01,2.449193742541631857e-01,-4.981262341818312733e-01,5.732319197872484118e-01,6.417707960126409761e-01,3.054159004191938642e-01,-2.128838811743258563e-01,6.660288545585694164e-01,4.367153774212836348e-01,-2.262669509907006687e-02,7.421158003125005731e-01,6.153201289302370203e-01,4.586084857808303550e-01,2.810495796210149555e-01,7.045308848613851538e-01,6.418393871264488348e-01,3.316611514176729392e-01,8.399095086016117317e-01,7.167396201040533432e-01,8.243145908461753102e-01,2.252655130357914259e-01,1.321837119158545126e-01,8.079126024694617270e-01,1.000000000000000000e+00,7.908924603643325835e-01,5.026110413975618529e-01,7.034878234200451219e-01,5.003507857439059014e-01,3.854885656499177915e-01,8.454304031985515611e-01,7.360510182868218454e-02,7.893542425373993865e-01,5.863007423554514874e-01,3.916634160788706742e-01
6.843786860736261746e-01,6.600107457772521613e-01,5.723011396427679642e-01,4.623979512975531225e-01,2.560009521792923626e-01,8.044868717538682379e-01,2.581480816624446284e-01,-5.823463573478980804e-01,7.150237928980874846e-01,7.529132794423536446e-01,2.407192595282247327e-01,-3.221266107945541107e-02,5.195931099881413440e-01,5.514796165787886340e-01,1.119036074913130063e-01,8.145837966920117523e-01,4.870724916011704431e-01,5.263539339806188044e-01,4.022332033381300076e-01,7.049858998662128506e-01,4.896306708105829797e-01,3.612993918342132793e-01,8.332324454315249707e-01,7.438750469091144346e-01,8.362731726914092167e-01,2.457229529894776054e-01,2.511956172866608994e-01,8.092100322521642575e-01,7.908924603643325835e-01,1.000000000000000000e+00,5.359540458250567907e-01,6.848574659217722127e-01,4.759742157942918883e-01,5.634999468142707357e-01,7.599326383693233433e-01,1.303188411922450718e-01,7.859587694980895156e-01,6.551321271265935220e-01,5.642403367363199029e-01
4.861613184806728993e-01,6.498863549850365517e-01,6.221978781123299607e-01,3.438102604194760992e-01,1.187539292880177011e-01,5.812594074605638150e-01,-9.546374336042627584e-02,-6.237391615511063137e-01,3.745267554003015031e-01,4.396688115893362392e-01,8.829908219309341721e-02,2.361689222812594080e-01,4.255654394917193772e-03,4.657286228975839881e-01,-2.383272823050345268e-01,4.645150024893933138e-01,2.549574738655691619e-01,1.650131273924827224e-01,2.078796376125945367e-01,4.205685643639678339e-01,4.784415431632890181e-01,3.759686176971250848e-01,6.404233218070771727e-01,5.758466795022039175e-01,5.881536556358585299e-01,2.767159255676779894e-01,6.686543916533821408e-01,6.097503119914758907e-01,5.026110413975618529e-01,5.359540458250567907e-01,1.000000000000000000e+00,6.360009330366551694e-01,6.594134850652404456e-01,2.023569125250578027e-01,5.493753663358414974e-01,-1.020770014084353416e-01,6.731310459057191498e-01,2.515841814097827811e-01,5.335483425432518967e-01
5.029476117895297360e-01,8.135881055801094108e-01,4.350190052473918989e-01,4.010152948016450503e-01,-1.268431619083678075e-01,8.462737049368821429e-01,-8.279119343955235188e-02,-4.376796165845432407e-01,5.483967235115998484e-01,5.914884440051297876e-01,3.785995155745970342e-01,2.521660929892614034e-01,3.900908291530913452e-01,2.753395653053144487e-01,-3.120944855091102865e-01,6.632712671328747644e-01,6.227121031589533118e-01,1.531451816947824729e-01,2.647725172454811204e-01,7.215863280454378748e-01,5.395141996709481580e-01,4.015707541761980859e-01,7.777181645036572721e-01,6.772994652114346925e-01,7.824184780988648891e-01,-2.981467374433270992e-02,5.448049217497198393e-01,7.120927932735647836e-01,7.034878234200451219e-01,6.848574659217722127e-01,6.360009330366551694e-01,1.000000000000000000e+00,7.341943187317605535e-01,3.623064418280886323e-01,6.092647563432176394e-01,-2.305614618985382391e-01,9.056754202015092625e-01,3.569587970692917889e-01,6.734761783088814013e-01
4.027260044995866206e-01,6.266697912724773500e-01,4.147416307147639425e-01,3.150124147667409669e-01,-4.150247727314308049e-02,5.629863784731538034e-01,-1.746881858967654910e-01,-4.164333699359362706e-01,3.838966698685910006e-01,4.278863132249922652e-01,3.215844739425511301e-01,3.212960820509495607e-01,1.629887097459914724e-01,2.721810478868672556e-01,-2.930883310179912549e-01,4.775135673366730504e-01,4.437187485715447521e-01,7.763058340726802786e-02,1.713457833949166287e-01,3.513831844529270998e-01,5.772571854690903281e-01,2.329887538373079936e-01,5.192715543904787845e-01,4.873015656297906006e-01,5.087093634089681071e-01,2.972745105153318593e-02,6.464550597808980115e-01,5.708283260479256604e-01,5.003507857439059014e-01,4.759742157942918883e-01,6.594134850652404456e-01,7.341943187317605535e-01,1.000000000000000000e+00,2.428943173993772797e-01,4.471589613573545563e-01,-2.389843687091802726e-01,6.833112857948742125e-01,2.216049592932810564e-01,5.539598579635136577e-01
5.873274693208719865e-01,4.881566246246026863e-01,4.146925762244835223e-01,3.040817996810786863e-02,5.931514136679929550e-01,4.255056352457241564e-01,1.528646610396255656e-01,-4.214345453981676037e-01,7.336764375627328194e-01,7.499229716220791042e-01,1.729998416637004988e-01,1.388758425076539182e-01,3.202330594052623103e-01,4.524311948777182124e-01,4.943793397162589143e-01,6.615294636309162479e-01,3.730659194420818392e-01,5.868825394832043463e-01,6.554615546905657730e-01,3.209486622595095207e-01,1.507116894001436225e-01,4.116778528056760922e-02,4.777277077476633216e-01,4.733636887089805456e-01,5.222602466892322104e-01,2.245141353675580986e-01,8.482284246366032787e-02,4.303905957961086104e-01,3.854885656499177915e-01,5.634999468142707357e-01,2.023569125250578027e-01,3.623064418280886323e-01,2.428943173993772797e-01,1.000000000000000000e+00,2.689800470581498182e-01,1.839865864316297395e-01,4.041789278935513097e-01,7.220984050262184706e-01,6.025435405215554541e-01
5.862916554513879497e-01,4.637504020952730732e-01,4.914441723948422269e-01,4.483189306273761554e-01,2.661455750844489432e-02,7.778645949365068368e-01,1.904443985054204702e-01,-5.226164593955736626e-01,4.977945581302297140e-01,5.623149503818394290e-01,5.143936782944692754e-02,-2.650905412068409461e-01,5.606901587644892437e-01,4.380891202696134412e-01,-5.723938700860541073e-02,7.011154412901731137e-01,3.536223483997746331e-01,4.440031998371296584e-01,1.674582226958760689e-01,6.503571179393530244e-01,6.414513304558586704e-01,3.800588201589878423e-01,8.190078769055952890e-01,6.912257809762278882e-01,7.770407404430123011e-01,2.184969308826110179e-01,1.405249390419149591e-01,7.862077015505708477e-01,8.454304031985515611e-01,7.599326383693233433e-01,5.493753663358414974e-01,6.092647563432176394e-01,4.471589613573545563e-01,2.689800470581498182e-01,1.000000000000000000e+00,1.289745630761348072e-01,7.514643183819288419e-01,4.950976876033065799e-01,2.902904851513670170e-01
-3.759747843295850600e-02,-3.011458203874912698e-01,3.276305014721823672e-01,-1.495750078826817986e-01,4.409665679401341132e-01,-3.145210064272861011e-02,3.691071111369659263e-01,-3.647699812928545948e-01,1.232875742584392809e-01,1.416996183150580624e-01,-9.320116984703369356e-02,-4.441245073270909116e-01,2.761443875161847528e-01,3.964236260156659419e-01,3.970527876629330044e-01,1.654557870023811439e-01,-1.093178547562519316e-02,4.902705298432623038e-01,4.322875129436265507e-01,-4.588507146652544971e-02,-9.770361513598001257e-02,-2.020119771945019238e-01,6.692091465344925105e-02,1.493212495799387807e-01,9.219200486345947854e-02,3.537086724073023603e-01,-4.048481730095006559e-01,6.907429252252920981e-02,7.360510182868218454e-02,1.303188411922450718e-01,-1.020770014084353416e-01,-2.305614618985382391e-01,-2.389843687091802726e-01,1.839865864316297395e-01,1.289745630761348072e-01,1.000000000000000000e+00,-1.470687896309488263e-01,1.038244338451721760e-01,-3.066708946174760420e-01
5.835100018118265508e-01,8.023059096971595361e-01,5.082995733935413707e-01,4.663161444309436021e-01,-3.121112449581408751e-02,9.000120274935143883e-01,-1.519152311822235743e-02,-5.141624178214451169e-01,6.027193632720896366e-01,6.438810741817401206e-01,2.604219716648819016e-01,1.516040632972765756e-01,4.393543655510986357e-01,3.729712186062164592e-01,-2.510800019982070141e-01,7.275754067409113679e-01,5.412976827475991515e-01,2.362589567226604792e-01,2.478900781015883903e-01,7.758600321674399281e-01,5.909206189180007396e-01,4.349202062244161282e-01,8.694682931049924068e-01,7.582721930003689659e-01,8.601500498860810140e-01,7.826175929496718975e-02,5.027431322785680390e-01,8.123512442710628667e-01,7.893542425373993865e-01,7.859587694980895156e-01,6.731310459057191498e-01,9.056754202015092625e-01,6.833112857948742125e-01,4.041789278935513097e-01,7.514643183819288419e-01,-1.470687896309488263e-01,1.000000000000000000e+00,4.466996401495578750e-01,6.480484583007753985e-01
7.712907068683686473e-01,4.743752522956740103e-01,4.023020693125405334e-01,1.880200230826407914e-01,4.690337316757705044e-01,4.891189893867576854e-01,1.281762847639250358e-01,-4.196717740388222762e-01,7.508645631956246680e-01,7.171355960559883114e-01,1.470951020429506206e-01,5.435054355533710472e-04,3.469466671148758730e-01,5.137543789426091134e-01,4.987099558081911632e-01,6.794481208142130191e-01,3.619000012926847920e-01,6.162129554135125087e-01,4.550611186818929177e-01,3.960685355074798908e-01,3.207403935157654984e-01,1.902087801612862838e-01,5.641464454921382154e-01,5.357703260891214514e-01,5.929116826478557645e-01,3.553999751855304590e-01,4.905784060014178188e-02,5.609451550501105555e-01,5.863007423554514874e-01,6.551321271265935220e-01,2.515841814097827811e-01,3.569587970692917889e-01,2.216049592932810564e-01,7.220984050262184706e-01,4.950976876033065799e-01,1.038244338451721760e-01,4.466996401495578750e-01,1.000000000000000000e+00,5.448143200771290440e-01
6.063552360301500688e-01,8.345916630719675267e-01,3.370146008127458126e-01,1.495426953595671848e-01,2.307500088838804753e-01,5.252201034014583048e-01,-2.609046985872277014e-01,-3.287508826918520977e-01,6.922547121752643529e-01,6.190262145691294293e-01,1.853137725134067493e-01,5.821655605381421683e-01,1.672789239117087809e-02,3.003283835775982236e-01,-1.937648727593105358e-02,5.423454109371205201e-01,3.811317929067296051e-01,1.720805634964158726e-01,3.316486845814263784e-01,4.164641512272263535e-01,2.704584418915809696e-01,3.291797199788399353e-01,5.453649841352085081e-01,5.245694296563595538e-01,5.563206551059278748e-01,-6.967669776455885818e-03,6.414406426463173938e-01,4.670894551950831586e-01,3.916634160788706742e-01,5.642403367363199029e-01,5.335483425432518967e-01,6.734761783088814013e-01,5.539598579635136577e-01,6.025435405215554541e-01,2.902904851513670170e-01,-3.066708946174760420e-01,6.480484583007753985e-01,5.448143200771290440e-01,1.000000000000000000e+00
