1.000000000000000000e+00,5.872534914523340754e-01,5.138675177807801031e-01,4.127788651363358506e-03,4.261090459959795962e-01,1.968528775379246865e-01,4.573329262735758433e-02,-4.997073132784769500e-01,5.268017557604687262e-01,5.508129394475461682e-01,2.138016869606162162e-01,-1.502035563686291153e-01,-2.198745259646763817e-01,5.453761675836837908e-01,2.821697491364766330e-01,3.875903926953377376e-01,-1.233431478810095849e-01,2.033538493240545919e-01,8.288152131783016463e-02,1.864935800604920757e-02,1.551020838743191466e-01,-7.487582620834223879e-02,3.975151779656027062e-01,4.449076314489060491e-01,6.108849822133897156e-01,4.789983596077149741e-01,3.669926974853731094e-01,5.989857751964694499e-01,4.755608789381312596e-01,6.310037017313301355e-01,3.083773179429555866e-01,2.003056186937099969e-01,2.773104424757352748e-01,2.325490029837516404e-01,4.024879850219504895e-01,2.017965953361755826e-01,4.949688788973781173e-01,6.437733349676756367e-01,3.956946342970090735e-01
5.872534914523340754e-01,1.000000000000000000e+00,4.919819300010569996e-01,1.184362024890765058e-02,5.153283161535338053e-01,2.269799127440233211e-01,-2.825089603160463661e-02,-4.683420296982147568e-01,5.539404064819763995e-01,6.420285787836493840e-01,2.530108131157919882e-01,5.628158928440653991e-02,-5.785994635323134933e-02,5.495703421025983637e-01,2.028515079302478930e-01,4.420481615846797996e-01,-2.550374628876219199e-02,3.120018128285463876e-01,2.453529693474040818e-01,-4.145136868785893880e-02,2.103059802148446733e-01,-7.350011855325599974e-02,3.677585676286280192e-01,3.206570640371053660e-01,5.779239831676507011e-01,3.822611998438081859e-01,1.716554386686784117e-01,4.848341183421064904e-01,3.822342127147553836e-01,5.628590678991043372e-01,4.071537482317058032e-01,3.223086346359232413e-01,2.783547253614176986e-01,3.868512021678058299e-01,3.105396825468039190e-01,3.873262999784256033e-01,3.736745326664310807e-01,5.735811587057201288e-01,6.665971183906083120e-01
5.138675177807801031e-01,4.919819300010569996e-01,1.000000000000000000e+00,-6.439052810860187818e-03,5.805368410004522195e-01,2.851166834038448283e-01,2.767902882031136533e-02,-8.749542477687142217e-01,4.851325651502702008e-01,4.118413529976892584e-01,1.983786280031906990e-01,6.100845085021424502e-03,-7.932178171191245353e-02,6.541583449631492853e-01,3.066574500328516084e-01,1.402559197313580086e-01,-2.081367573980003327e-01,3.535612375916032390e-01,2.520164947942111211e-01,1.004406858971172017e-01,3.669101043518438465e-01,9.365871819023231792e-02,4.583262804597967310e-01,5.768013754512172353e-01,6.201676981972685798e-01,6.193946057741706035e-01,4.466803504043483919e-01,7.381751723007222710e-01,5.683720068609828813e-01,5.332224968735084225e-01,5.372394687054207196e-01,2.245031938730715493e-01,4.937116440441643439e-01,3.273381281183662117e-01,5.706625771677094061e-01,5.811617694807186263e-02,5.547640337425704393e-01,3.628432910239658415e-01,4.875458060513812586e-01
4.127788651363358506e-03,1.184362024890765058e-02,-6.439052810860187818e-03,1.000000000000000000e+00,2.653220309059748927e-01,-6.034159933414044719e-02,3.015565452437523053e-01,2.548072505276455929e-02,1.557493934691815511e-02,1.330043289618325075e-01,-1.496974076947452104e-01,-2.848158541955858603e-01,-5.555179051344825980e-02,1.370938240564672714e-02,-4.846865952859282789e-01,1.368849668237412387e-01,4.807652335889316120e-02,4.141143703672214849e-01,5.150004081220270757e-01,-3.309832717234628685e-01,-2.820334129513946131e-01,-1.337010267008955922e-01,-7.900114528010394876e-02,-1.530384140064111331e-01,-3.686635146241438316e-02,-2.537162777152534576e-01,7.916916661253475818e-02,-8.022546192655168051e-02,-2.324330776383455033e-01,3.724407803440600573e-02,-2.560063595945361592e-01,3.286594653694224766e-02,-3.281923139932175770e-01,3.979242459520008213e-01,-1.926754841733823997e-01,1.954573064896837631e-01,-2.440250400781415405e-02,-8.849302855406311619e-02,-1.294506309534402544e-01
4.261090459959795962e-01,5.153283161535338053e-01,5.805368410004522195e-01,2.653220309059748927e-01,1.000000000000000000e+00,2.017988826598821894e-01,9.416660627100101322e-02,-5.690673542154824904e-01,4.400122323717738371e-01,5.201944861227734140e-01,9.265826227204233823e-02,6.272540950931422554e-02,8.721980507538780458e-02,4.960805440357315410e-01,7.025985475841611816e-02,3.850378747219435627e-01,-2.296319456877050913e-02,5.831823276338605755e-01,6.060882327397010272e-01,-1.625304121345597791e-02,2.171323240197118587e-01,1.289045584773919513e-02,3.333475110221864601e-01,3.214417507237161131e-01,5.435853532805503541e-01,2.901039773778821829e-01,1.642787707757717153e-01,3.859994210769560619e-01,3.142379045577674002e-01,4.996746076924776792e-01,3.086938707486528433e-01,2.378320448942400911e-01,2.179254435075001772e-01,7.159192040174848781e-01,2.818376250996175725e-01,3.415144710345135448e-01,2.670422898399532619e-01,3.396714850854747891e-01,4.125321416733528368e-01
1.968528775379246865e-01,2.269799127440233211e-01,2.851166834038448283e-01,-6.034159933414044719e-02,2.017988826598821894e-01,1.000000000000000000e+00,2.888522502227690580e-01,-4.146071739440756465e-01,1.469599075306646518e-01,-2.646791273443834316e-02,3.354848253357755605e-01,-6.677006360329644508e-02,3.815766055025494596e-01,3.949367182679275889e-01,-1.053961826741348085e-01,-1.967099177138687538e-01,-2.080024823637976472e-01,3.208860560497738268e-01,-2.054615779181838062e-02,2.424959933971197051e-02,4.588506942249914733e-01,4.547930785106217288e-01,7.573411297324040836e-01,6.509533361770079019e-01,4.370360838690213190e-01,3.873363051103536070e-01,6.722471153112040410e-02,3.471198472287921333e-01,6.701036522626864222e-01,2.375643564131374452e-01,5.223118194432196937e-01,4.537698360458002345e-01,4.329245256218119398e-01,-5.898674467321177867e-02,6.253819829485582904e-01,-3.259523017851393978e-01,6.116577228803401489e-01,6.062275879234685361e-02,2.216403791716625715e-01
4.573329262735758433e-02,-2.825089603160463661e-02,2.767902882031136533e-02,3.015565452437523053e-01,9.416660627100101322e-02,2.888522502227690580e-01,1.000000000000000000e+00,-1.041797214217911327e-01,-7.690360816114862053e-02,-6.919229808752937194e-02,1.804878686139939070e-01,-3.459984499439976990e-01,4.292304281900434226e-01,6.579445518832743867e-02,-2.188178314682187597e-01,1.123110876304687401e-02,6.485893774448552029e-02,2.814016767698591659e-01,1.224194244282902772e-01,2.143570962557408977e-01,2.344720555072212775e-01,4.680621980236355228e-01,3.057130043769782368e-01,2.244758653919207703e-01,9.098504434097247351e-02,6.446810818566668655e-02,-2.053333821571831364e-01,5.592033006928849581e-02,2.095619912656970507e-01,4.104259685108908873e-02,1.565059839044448675e-01,1.055871601025773487e-01,2.079708000603318896e-01,4.804846630711390176e-02,2.783974620739321226e-01,-1.126179864008136078e-01,1.597352927482723339e-01,-8.320562478342741208e-02,-1.453744270109544601e-01
-4.997073132784769500e-01,-4.683420296982147568e-01,-8.749542477687142217e-01,2.548072505276455929e-02,-5.690673542154824904e-01,-4.146071739440756465e-01,-1.041797214217911327e-01,1.000000000000000000e+00,-4.425158991354841143e-01,-3.387389952821046601e-01,-2.301179213673535673e-01,1.165934979621137402e-02,-2.088044679364461573e-02,-6.575052450134767357e-01,-2.641166945700872959e-01,-7.522627839174352016e-02,2.486663986741027843e-01,-3.998938103136460698e-01,-2.282872515994033291e-01,-1.049189292318054717e-01,-4.473189878803150443e-01,-2.000676332610557551e-01,-5.528258016497979987e-01,-6.705565086471880765e-01,-6.597832811750921067e-01,-6.321090162349685126e-01,-3.764322448819972244e-01,-7.280005744838576875e-01,-6.553387917969272225e-01,-5.270840356369794755e-01,-5.959876124496454874e-01,-2.565065595493637995e-01,-5.424093899297312005e-01,-2.919676334567971043e-01,-6.535123313574138226e-01,3.332858981643034568e-02,-6.077708122390879097e-01,-3.298762265194246646e-01,-4.723762405723381241e-01
5.268017557604687262e-01,5.539404064819763995e-01,4.851325651502702008e-01,1.557493934691815511e-02,4.400122323717738371e-01,1.469599075306646518e-01,-7.690360816114862053e-02,-4.425158991354841143e-01,1.000000000000000000e+00,6.257391905729627890e-01,1.291152786432061550e-01,1.250035865357308762e-01,-2.850275384177629601e-01,5.291847979406189006e-01,3.859474520809222930e-01,5.004099420740674153e-01,-7.373793560461563978e-02,2.979846029129021301e-01,2.191035409929244782e-01,3.194916357912250954e-02,1.094426043375873597e-01,-2.830789361100085610e-01,3.393020514401742238e-01,2.632562395731876670e-01,5.006343881162311771e-01,5.732089648194829135e-01,5.275763204220480507e-01,5.429043431649970275e-01,3.202190269520994170e-01,5.951918535278200029e-01,3.897340737194691651e-01,1.622274497231463719e-01,3.529340660395922091e-01,3.485421887440008915e-01,3.131555409042598437e-01,3.197538371749805708e-01,3.201414661316918098e-01,4.724523426436882390e-01,4.786618906667474693e-01
5.508129394475461682e-01,6.420285787836493840e-01,4.118413529976892584e-01,1.330043289618325075e-01,5.201944861227734140e-01,-2.646791273443834316e-02,-6.919229808752937194e-02,-3.387389952821046601e-01,6.257391905729627890e-01,1.000000000000000000e+00,-1.699194098207574416e-02,6.784405647508619241e-02,-1.233342087304535595e-01,4.327033156940355840e-01,2.034153542873265719e-01,7.055181248828950036e-01,-1.873645783382192620e-02,1.752879278626033321e-01,2.498638377058797211e-01,-3.519954565943128610e-02,1.265138053812538479e-02,-2.447473108110413131e-01,1.900518015329747956e-01,1.197701344259348849e-01,4.461928702798974022e-01,2.599142572530117046e-01,2.938741629362639496e-01,3.897593675271723845e-01,9.435045839184838523e-02,6.003365160650845356e-01,1.652047562229853050e-01,7.140618852699137653e-02,9.474822782441261193e-02,4.650382061337716699e-01,8.925452957279754462e-02,5.280515261399607585e-01,1.627205154803163800e-01,5.137512141907395469e-01,4.512314217960721741e-01
2.138016869606162162e-01,2.530108131157919882e-01,1.983786280031906990e-01,-1.496974076947452104e-01,9.265826227204233823e-02,3.354848253357755605e-01,1.804878686139939070e-01,-2.301179213673535673e-01,1.291152786432061550e-01,-1.699194098207574416e-02,1.000000000000000000e+00,-2.854564465541828411e-01,4.144630021091144645e-02,3.217050431394005150e-01,-4.737069228577180102e-02,-1.912501003867434213e-01,2.231446841651068269e-01,4.559629658055096291e-02,-1.420159749612848743e-01,2.268937898294452471e-01,3.094616611154191177e-01,1.416120065930846772e-01,3.704946083184580963e-01,3.041006490835169163e-01,1.505518045410231265e-01,4.206605159017540174e-01,1.205115536747070754e-01,3.508392163362966110e-01,5.105611690042721751e-01,8.621009316711369941e-02,4.007334932321535148e-01,5.805292062456733904e-01,4.650896894509282120e-01,-1.534912247058708989e-01,3.992626802570778399e-01,-2.727843700321970766e-01,4.032200336507539284e-01,8.984545707979041396e-02,1.539541513127063721e-01
-1.502035563686291153e-01,5.628158928440653991e-02,6.100845085021424502e-03,-2.848158541955858603e-01,6.272540950931422554e-02,-6.677006360329644508e-02,-3.459984499439976990e-01,1.165934979621137402e-02,1.250035865357308762e-01,6.784405647508619241e-02,-2.854564465541828411e-01,1.000000000000000000e+00,1.675130760584993550e-01,-9.094233862357008202e-02,4.904228379797061499e-01,5.167688647719400480e-02,-1.023967147754213831e-02,7.528518587749867541e-02,1.790218550351981297e-01,-9.814704702368504119e-02,6.922844072971125716e-03,6.832566895635874826e-02,-1.224224802469494194e-01,-1.142230477163299340e-01,2.361889699750284108e-02,-9.854987686883559528e-02,-1.372663665828147139e-01,-1.069688493168867438e-01,-1.220801931119181727e-01,-1.789252988276348807e-02,-1.776076408612698495e-03,-1.407949349156008834e-01,-6.739302080935523354e-02,2.002722763545529694e-01,-1.560167036225912351e-01,3.541956604982285373e-01,-2.295007485417789872e-01,1.745603337558512824e-01,3.155764771263454560e-01
-2.198745259646763817e-01,-5.785994635323134933e-02,-7.932178171191245353e-02,-5.555179051344825980e-02,8.721980507538780458e-02,3.815766055025494596e-01,4.292304281900434226e-01,-2.088044679364461573e-02,-2.850275384177629601e-01,-1.233342087304535595e-01,4.144630021091144645e-02,1.675130760584993550e-01,1.000000000000000000e+00,-7.291149303998342712e-02,-1.401916200480055053e-01,-7.000454167223467417e-02,-2.308047329320096416e-02,1.975519379337041526e-01,6.337446456649797888e-02,1.938910866622579054e-01,4.177120185670419872e-01,6.707505452619892949e-01,2.430134178351252283e-01,1.693826747109104247e-01,1.401625380050079174e-02,-1.260723136249490284e-01,-5.371640079433979142e-01,-2.123361901951607844e-01,1.699307425468475907e-01,-1.160849680242635185e-01,1.193883710759958278e-01,1.677151611614724480e-02,1.540030073464770666e-01,1.858340762390104511e-02,1.838989578246094658e-01,-7.135720922219856988e-02,-3.599238448995037160e-03,-1.761746356080425291e-01,-8.058745226484395445e-04
5.453761675836837908e-01,5.495703421025983637e-01,6.541583449631492853e-01,1.370938240564672714e-02,4.960805440357315410e-01,3.949367182679275889e-01,6.579445518832743867e-02,-6.575052450134767357e-01,5.291847979406189006e-01,4.327033156940355840e-01,3.217050431394005150e-01,-9.094233862357008202e-02,-7.291149303998342712e-02,1.000000000000000000e+00,1.497703171025904778e-01,1.736886568955876564e-01,-7.677908183838173806e-02,2.806677281589093353e-01,1.258550467764888436e-01,-8.359783071913327868e-02,2.384932306782341915e-01,-1.711636583249658526e-03,5.754626328535379365e-01,5.967690521914607027e-01,6.138273075557307834e-01,6.132502943329460887e-01,4.403205174188763449e-01,6.576673033028889170e-01,5.905766012508532059e-01,5.669051081342602050e-01,5.459618924328090150e-01,4.686235932499527856e-01,4.525172418121871099e-01,2.267978398233000403e-01,6.072624160272453997e-01,7.066276322673456511e-02,6.857944927359920229e-01,3.987009485948992960e-01,4.107618574279330859e-01
2.821697491364766330e-01,2.028515079302478930e-01,3.066574500328516084e-01,-4.846865952859282789e-01,7.025985475841611816e-02,-1.053961826741348085e-01,-2.188178314682187597e-01,-2.641166945700872959e-01,3.859474520809222930e-01,2.034153542873265719e-01,-4.737069228577180102e-02,4.904228379797061499e-01,-1.401916200480055053e-01,1.497703171025904778e-01,1.000000000000000000e+00,1.596715037359283662e-01,-7.325424787697486229e-02,-9.473984823802094647e-04,6.717283461191300709e-02,1.492591300444718605e-01,1.292323220177127308e-01,3.465146237850990751e-03,4.657702874851136349e-02,1.090820659639735596e-01,2.061921839934250933e-01,3.325205907357151047e-01,2.045531114989870836e-01,3.330386207997092507e-01,1.597995092267246453e-01,2.200960968709219645e-01,1.872392069099884926e-01,-1.187762877004531065e-01,2.287466924282323122e-01,1.351711737741884967e-01,1.134700059376441000e-01,2.132406704352018956e-01,4.177310517301096454e-02,4.080499641343757755e-01,3.903718095476546024e-01
3.875903926953377376e-01,4.420481615846797996e-01,1.402559197313580086e-01,1.368849668237412387e-01,3.850378747219435627e-01,-1.967099177138687538e-01,1.123110876304687401e-02,-7.522627839174352016e-02,5.004099420740674153e-01,7.055181248828950036e-01,-1.912501003867434213e-01,5.167688647719400480e-02,-7.000454167223467417e-02,1.736886568955876564e-01,1.596715037359283662e-01,1.000000000000000000e+00,9.486190600021593422e-03,1.120712802891481591e-01,2.264799733625339484e-01,1.779320891422132497e-02,-3.141623315164458058e-02,-2.268814488701232368e-01,1.707480115916513649e-02,-6.582455026735717363e-02,2.665652184665547320e-01,4.825310901878723108e-02,3.734705801143448772e-02,9.749372587376982369e-02,-1.561959684044169072e-01,5.064259932520159824e-01,7.726442120316585720e-03,-1.744707384899215619e-01,-5.226367057832907725e-02,4.146922038381792297e-01,-9.327912907580190871e-02,5.552842766386991702e-01,-1.349030939133939455e-01,3.682390057086039614e-01,2.316524240750622299e-01
-1.233431478810095849e-01,-2.550374628876219199e-02,-2.081367573980003327e-01,4.807652335889316120e-02,-2.296319456877050913e-02,-2.080024823637976472e-01,6.485893774448552029e-02,2.486663986741027843e-01,-7.373793560461563978e-02,-1.873645783382192620e-02,2.231446841651068269e-01,-1.023967147754213831e-02,-2.308047329320096416e-02,-7.677908183838173806e-02,-7.325424787697486229e-02,9.486190600021593422e-03,1.000000000000000000e+00,-6.261306093649933457e-02,4.940304457782490610e-02,8.594192639018326252e-02,-6.339409378328736411e-02,-1.971529062752300221e-01,-1.743712652161584775e-01,-2.885392300614778027e-01,-1.497142364681911808e-01,-6.443106923684242815e-02,-1.410093281990930647e-01,-1.935218979579007847e-01,-1.445474819975391401e-01,-1.905529574046061769e-01,-6.287088664802895077e-02,2.480248507180566331e-01,1.532579816581090132e-02,-4.077555529566070230e-02,-1.643932639882975388e-01,9.722004837749871620e-02,-2.244636932732883561e-01,-6.611749662921040382e-02,-1.499661459934120977e-01
2.033538493240545919e-01,3.120018128285463876e-01,3.535612375916032390e-01,4.141143703672214849e-01,5.831823276338605755e-01,3.208860560497738268e-01,2.814016767698591659e-01,-3.998938103136460698e-01,2.979846029129021301e-01,1.752879278626033321e-01,4.559629658055096291e-02,7.528518587749867541e-02,1.975519379337041526e-01,2.806677281589093353e-01,-9.473984823802094647e-04,1.120712802891481591e-01,-6.261306093649933457e-02,1.000000000000000000e+00,6.855190302313639572e-01,-3.639923443390824520e-02,2.381105198952843394e-01,1.888461533942721593e-01,3.181274143074606098e-01,2.951904762135122984e-01,3.569626848663394747e-01,1.989044140694369578e-01,-4.115262984603493962e-03,1.971827905955506055e-01,3.098299562924701767e-01,2.726921027042761847e-01,2.954296493951794611e-01,2.035376721256134946e-01,2.102954932179585124e-01,5.210813088392773906e-01,2.778793031621658027e-01,1.243279220715276245e-01,2.236949970443812830e-01,6.629259764284722856e-02,2.524902956416731903e-01
8.288152131783016463e-02,2.453529693474040818e-01,2.520164947942111211e-01,5.150004081220270757e-01,6.060882327397010272e-01,-2.054615779181838062e-02,1.224194244282902772e-01,-2.282872515994033291e-01,2.191035409929244782e-01,2.498638377058797211e-01,-1.420159749612848743e-01,1.790218550351981297e-01,6.337446456649797888e-02,1.258550467764888436e-01,6.717283461191300709e-02,2.264799733625339484e-01,4.940304457782490610e-02,6.855190302313639572e-01,1.000000000000000000e+00,-2.148012112300748955e-01,-8.060641331993562142e-02,-7.475897807397133103e-03,4.389651354010747422e-03,-4.744942109588942691e-02,1.613928691708411411e-01,-8.955557620830649490e-02,2.700615433738602286e-02,5.127923839636147618e-02,-6.588454127249698811e-02,1.973354319548557279e-01,-4.197990481011139308e-02,7.795579844878755549e-02,-1.517377757120629833e-01,7.132587471276079505e-01,-1.162563956632506612e-01,4.047834846278927090e-01,-6.185962297776981950e-02,1.313329254467314466e-01,2.330838575268155133e-01
1.864935800604920757e-02,-4.145136868785893880e-02,1.004406858971172017e-01,-3.309832717234628685e-01,-1.625304121345597791e-02,2.424959933971197051e-02,2.143570962557408977e-01,-1.049189292318054717e-01,3.194916357912250954e-02,-3.519954565943128610e-02,2.268937898294452471e-01,-9.814704702368504119e-02,1.938910866622579054e-01,-8.359783071913327868e-02,1.492591300444718605e-01,1.779320891422132497e-02,8.594192639018326252e-02,-3.639923443390824520e-02,-2.148012112300748955e-01,1.000000000000000000e+00,4.968799384239040995e-01,2.589655886511993965e-01,9.476554762321316716e-02,1.215126886383811611e-01,5.439112571625461662e-03,3.611785948760065645e-01,-7.299800992825006274e-02,9.778299506699771049e-02,2.597489722065787210e-01,-4.085154598348043897e-02,3.173881308863663597e-01,-4.981506247539425197e-02,5.533126543050063129e-01,-2.341310145089068873e-01,3.015223862595050042e-01,-2.288395380942434276e-01,-1.777026111749279574e-02,-2.130898913362091474e-01,-7.372255871838642727e-02
1.551020838743191466e-01,2.103059802148446733e-01,3.669101043518438465e-01,-2.820334129513946131e-01,2.171323240197118587e-01,4.588506942249914733e-01,2.344720555072212775e-01,-4.473189878803150443e-01,1.094426043375873597e-01,1.265138053812538479e-02,3.094616611154191177e-01,6.922844072971125716e-03,4.177120185670419872e-01,2.384932306782341915e-01,1.292323220177127308e-01,-3.141623315164458058e-02,-6.339409378328736411e-02,2.381105198952843394e-01,-8.060641331993562142e-02,4.968799384239040995e-01,1.000000000000000000e+00,5.399380632318476758e-01,4.853420720741714600e-01,5.308200148737459712e-01,3.059984920068383185e-01,5.112638553227765170e-01,-1.430459994271117696e-01,3.285423703897394354e-01,6.079335263739488182e-01,1.280797959697692057e-01,6.429511114193777743e-01,1.646350792237187832e-01,7.113155492868543650e-01,-5.987000407289901766e-02,6.469676388667040534e-01,-3.223515541713340427e-01,3.296509219332451890e-01,-2.364338589559041720e-02,1.487503600102634826e-01
-7.487582620834223879e-02,-7.350011855325599974e-02,9.365871819023231792e-02,-1.337010267008955922e-01,1.289045584773919513e-02,4.547930785106217288e-01,4.680621980236355228e-01,-2.000676332610557551e-01,-2.830789361100085610e-01,-2.447473108110413131e-01,1.416120065930846772e-01,6.832566895635874826e-02,6.707505452619892949e-01,-1.711636583249658526e-03,3.465146237850990751e-03,-2.268814488701232368e-01,-1.971529062752300221e-01,1.888461533942721593e-01,-7.475897807397133103e-03,2.589655886511993965e-01,5.399380632318476758e-01,1.000000000000000000e+00,3.296214984001041848e-01,3.692907193840090363e-01,7.475870357905391173e-02,5.842044081541505895e-02,-3.681555345882939201e-01,4.541858862617920156e-02,3.533911465536875851e-01,-8.462140429258177554e-02,3.384595721307297467e-01,1.345816787229843145e-02,3.145988918858177441e-01,-8.160094575861209787e-02,3.686677567732746796e-01,-2.857348867243295065e-01,1.764025122040171478e-01,-1.348835170630360014e-01,-1.577564468327062250e-02
3.975151779656027062e-01,3.677585676286280192e-01,4.583262804597967310e-01,-7.900114528010394876e-02,3.333475110221864601e-01,7.573411297324040836e-01,3.057130043769782368e-01,-5.528258016497979987e-01,3.393020514401742238e-01,1.900518015329747956e-01,3.704946083184580963e-01,-1.224224802469494194e-01,2.430134178351252283e-01,5.754626328535379365e-01,4.657702874851136349e-02,1.707480115916513649e-02,-1.743712652161584775e-01,3.181274143074606098e-01,4.389651354010747422e-03,9.476554762321316716e-02,4.853420720741714600e-01,3.296214984001041848e-01,1.000000000000000000e+00,7.758404887961264373e-01,6.211776632622402206e-01,5.593526442732575932e-01,2.091593714622192179e-01,5.305381334408549865e-01,7.277307385617255431e-01,4.255021313942082828e-01,5.731656466855147292e-01,4.664150349604159196e-01,5.508706651280801392e-01,1.939820174617999660e-02,7.367593278210897711e-01,-2.249960426400398616e-01,7.063620690110400391e-01,1.970035779241185447e-01,3.083026316686774404e-01
4.449076314489060491e-01,3.206570640371053660e-01,5.768013754512172353e-01,-1.530384140064111331e-01,3.214417507237161131e-01,6.509533361770079019e-01,2.244758653919207703e-01,-6.705565086471880765e-01,2.632562395731876670e-01,1.197701344259348849e-01,3.041006490835169163e-01,-1.142230477163299340e-01,1.693826747109104247e-01,5.967690521914607027e-01,1.090820659639735596e-01,-6.582455026735717363e-02,-2.885392300614778027e-01,2.951904762135122984e-01,-4.744942109588942691e-02,1.215126886383811611e-01,5.308200148737459712e-01,3.692907193840090363e-01,7.758404887961264373e-01,1.000000000000000000e+00,6.676232469505670730e-01,5.720368603261001272e-01,2.070150597232726375e-01,5.741674137596827210e-01,7.839505939778923516e-01,4.673324465233579805e-01,5.851548823646656183e-01,3.698435041574559823e-01,5.788354426148402121e-01,-3.705538607493859271e-02,7.861365668199178369e-01,-3.250781384885219616e-01,7.306145858639667701e-01,2.040758360727924214e-01,3.271302082347395390e-01
6.108849822133897156e-01,5.779239831676507011e-01,6.201676981972685798e-01,-3.686635146241438316e-02,5.435853532805503541e-01,4.370360838690213190e-01,9.098504434097247351e-02,-6.597832811750921067e-01,5.006343881162311771e-01,4.461928702798974022e-01,1.505518045410231265e-01,2.361889699750284108e-02,1.401625380050079174e-02,6.138273075557307834e-01,2.061921839934250933e-01,2.665652184665547320e-01,-1.497142364681911808e-01,3.569626848663394747e-01,1.613928691708411411e-01,5.439112571625461662e-03,3.059984920068383185e-01,7.475870357905391173e-02,6.211776632622402206e-01,6.676232469505670730e-01,1.000000000000000000e+00,4.744427633722022586e-01,2.549177909495585759e-01,5.469233964602643328e-01,5.871626947860821844e-01,6.433411270458589959e-01,4.426881682949990182e-01,2.709788338983964429e-01,3.934146348579474206e-01,2.852446386065157768e-01,5.337332393805858111e-01,1.457452819302042513e-01,5.221030485795941090e-01,4.800235736340016102e-01,5.562046240349926007e-01
4.789983596077149741e-01,3.822611998438081859e-01,6.193946057741706035e-01,-2.537162777152534576e-01,2.901039773778821829e-01,3.873363051103536070e-01,6.446810818566668655e-02,-6.321090162349685126e-01,5.732089648194829135e-01,2.599142572530117046e-01,4.206605159017540174e-01,-9.854987686883559528e-02,-1.260723136249490284e-01,6.132502943329460887e-01,3.325205907357151047e-01,4.825310901878723108e-02,-6.443106923684242815e-02,1.989044140694369578e-01,-8.955557620830649490e-02,3.611785948760065645e-01,5.112638553227765170e-01,5.842044081541505895e-02,5.593526442732575932e-01,5.720368603261001272e-01,4.744427633722022586e-01,1.000000000000000000e+00,4.883804800721564532e-01,6.948500543730055101e-01,7.064314065894800043e-01,3.978760039609159360e-01,7.265355302931543191e-01,3.303843113453321378e-01,7.665347196573372157e-01,-3.561812663360972020e-02,7.401881737713962295e-01,-2.099021297586358970e-01,5.893302454635508392e-01,2.343881143054485638e-01,2.631236114132959880e-01
3.669926974853731094e-01,1.716554386686784117e-01,4.466803504043483919e-01,7.916916661253475818e-02,1.642787707757717153e-01,6.722471153112040410e-02,-2.053333821571831364e-01,-3.764322448819972244e-01,5.275763204220480507e-01,2.938741629362639496e-01,1.205115536747070754e-01,-1.372663665828147139e-01,-5.371640079433979142e-01,4.403205174188763449e-01,2.045531114989870836e-01,3.734705801143448772e-02,-1.410093281990930647e-01,-4.115262984603493962e-03,2.700615433738602286e-02,-7.299800992825006274e-02,-1.430459994271117696e-01,-3.681555345882939201e-01,2.091593714622192179e-01,2.070150597232726375e-01,2.549177909495585759e-01,4.883804800721564532e-01,1.000000000000000000e+00,5.656449804869554399e-01,2.300389626139091870e-01,3.356654213985039714e-01,1.382041140867962814e-01,2.447751470476947633e-01,1.457616507603151645e-01,2.291759450109677465e-02,2.112270831587938213e-01,2.443313512403755619e-02,4.325050756351911385e-01,2.558624409070893169e-01,2.211178169049433373e-01
5.989857751964694499e-01,4.848341183421064904e-01,7.381751723007222710e-01,-8.022546192655168051e-02,3.859994210769560619e-01,3.471198472287921333e-01,5.592033006928849581e-02,-7.280005744838576875e-01,5.429043431649970275e-01,3.897593675271723845e-01,3.508392163362966110e-01,-1.069688493168867438e-01,-2.123361901951607844e-01,6.576673033028889170e-01,3.330386207997092507e-01,9.749372587376982369e-02,-1.935218979579007847e-01,1.971827905955506055e-01,5.127923839636147618e-02,9.778299506699771049e-02,3.285423703897394354e-01,4.541858862617920156e-02,5.305381334408549865e-01,5.741674137596827210e-01,5.469233964602643328e-01,6.948500543730055101e-01,5.656449804869554399e-01,1.000000000000000000e+00,6.148375388355552529e-01,4.732503185172747262e-01,5.459385514519849991e-01,3.457053570253625363e-01,5.364344459564992507e-01,1.530966253895280349e-01,5.968726276629182648e-01,-3.428897462914638067e-02,6.415855966135353139e-01,4.147411790453821023e-01,4.376834866093108900e-01
4.755608789381312596e-01,3.822342127147553836e-01,5.683720068609828813e-01,-2.324330776383455033e-01,3.142379045577674002e-01,6.701036522626864222e-01,2.095619912656970507e-01,-6.553387917969272225e-01,3.202190269520994170e-01,9.435045839184838523e-02,5.105611690042721751e-01,-1.220801931119181727e-01,1.699307425468475907e-01,5.905766012508532059e-01,1.597995092267246453e-01,-1.561959684044169072e-01,-1.445474819975391401e-01,3.098299562924701767e-01,-6.588454127249698811e-02,2.597489722065787210e-01,6.079335263739488182e-01,3.533911465536875851e-01,7.277307385617255431e-01,7.839505939778923516e-01,5.871626947860821844e-01,7.064314065894800043e-01,2.300389626139091870e-01,6.148375388355552529e-01,1.000000000000000000e+00,3.617054594983215021e-01,7.013287209395190347e-01,4.713504112907151988e-01,7.188098756831133862e-01,-6.261176541692226039e-02,8.156621816995371921e-01,-3.592365781316796958e-01,7.228727832347695559e-01,2.401204928489089341e-01,3.360409566373402379e-01
6.310037017313301355e-01,5.628590678991043372e-01,5.332224968735084225e-01,3.724407803440600573e-02,4.996746076924776792e-01,2.375643564131374452e-01,4.104259685108908873e-02,-5.270840356369794755e-01,5.951918535278200029e-01,6.003365160650845356e-01,8.621009316711369941e-02,-1.789252988276348807e-02,-1.160849680242635185e-01,5.669051081342602050e-01,2.200960968709219645e-01,5.064259932520159824e-01,-1.905529574046061769e-01,2.726921027042761847e-01,1.973354319548557279e-01,-4.085154598348043897e-02,1.280797959697692057e-01,-8.462140429258177554e-02,4.255021313942082828e-01,4.673324465233579805e-01,6.433411270458589959e-01,3.978760039609159360e-01,3.356654213985039714e-01,4.732503185172747262e-01,3.617054594983215021e-01,1.000000000000000000e+00,2.943124124153039256e-01,1.778042388900330506e-01,2.060043559190674334e-01,2.850414746510138153e-01,3.488522869888630029e-01,2.716946293174934413e-01,4.127655083591898477e-01,5.018096066909554231e-01,4.739272657503779129e-01
3.083773179429555866e-01,4.071537482317058032e-01,5.372394687054207196e-01,-2.560063595945361592e-01,3.086938707486528433e-01,5.223118194432196937e-01,1.565059839044448675e-01,-5.959876124496454874e-01,3.897340737194691651e-01,1.652047562229853050e-01,4.007334932321535148e-01,-1.776076408612698495e-03,1.193883710759958278e-01,5.459618924328090150e-01,1.872392069099884926e-01,7.726442120316585720e-03,-6.287088664802895077e-02,2.954296493951794611e-01,-4.197990481011139308e-02,3.173881308863663597e-01,6.429511114193777743e-01,3.384595721307297467e-01,5.731656466855147292e-01,5.851548823646656183e-01,4.426881682949990182e-01,7.265355302931543191e-01,1.382041140867962814e-01,5.459385514519849991e-01,7.013287209395190347e-01,2.943124124153039256e-01,1.000000000000000000e+00,3.071228001066186319e-01,7.749407572736478622e-01,2.832950149863257966e-02,7.429002909522832709e-01,-2.593207868813876549e-01,5.078696800540718481e-01,1.455752042905252008e-01,2.426180509464498092e-01
2.003056186937099969e-01,3.223086346359232413e-01,2.245031938730715493e-01,3.286594653694224766e-02,2.378320448942400911e-01,4.537698360458002345e-01,1.055871601025773487e-01,-2.565065595493637995e-01,1.622274497231463719e-01,7.140618852699137653e-02,5.805292062456733904e-01,-1.407949349156008834e-01,1.677151611614724480e-02,4.686235932499527856e-01,-1.187762877004531065e-01,-1.744707384899215619e-01,2.480248507180566331e-01,2.035376721256134946e-01,7.795579844878755549e-02,-4.981506247539425197e-02,1.646350792237187832e-01,1.345816787229843145e-02,4.664150349604159196e-01,3.698435041574559823e-01,2.709788338983964429e-01,3.303843113453321378e-01,2.447751470476947633e-01,3.457053570253625363e-01,4.713504112907151988e-01,1.778042388900330506e-01,3.071228001066186319e-01,1.000000000000000000e+00,2.871567564993234845e-01,-1.598754678476305147e-02,3.696903062360166747e-01,-1.352561561280712921e-01,5.045825486482445887e-01,1.536136807766315115e-01,2.519466754556265453e-01
2.773104424757352748e-01,2.783547253614176986e-01,4.937116440441643439e-01,-3.281923139932175770e-01,2.179254435075001772e-01,4.329245256218119398e-01,2.079708000603318896e-01,-5.424093899297312005e-01,3.529340660395922091e-01,9.474822782441261193e-02,4.650896894509282120e-01,-6.739302080935523354e-02,1.540030073464770666e-01,4.525172418121871099e-01,2.287466924282323122e-01,-5.226367057832907725e-02,1.532579816581090132e-02,2.102954932179585124e-01,-1.517377757120629833e-01,5.533126543050063129e-01,7.113155492868543650e-01,3.145988918858177441e-01,5.508706651280801392e-01,5.788354426148402121e-01,3.934146348579474206e-01,7.665347196573372157e-01,1.457616507603151645e-01,5.364344459564992507e-01,7.188098756831133862e-01,2.060043559190674334e-01,7.749407572736478622e-01,2.871567564993234845e-01,1.000000000000000000e+00,-1.133948442587012079e-01,7.686306254267052385e-01,-3.651558786182795835e-01,4.810968063142686546e-01,3.400607410760899535e-02,1.773519339462038269e-01
2.325490029837516404e-01,3.868512021678058299e-01,3.273381281183662117e-01,3.979242459520008213e-01,7.159192040174848781e-01,-5.898674467321177867e-02,4.804846630711390176e-02,-2.919676334567971043e-01,3.485421887440008915e-01,4.650382061337716699e-01,-1.534912247058708989e-01,2.002722763545529694e-01,1.858340762390104511e-02,2.267978398233000403e-01,1.351711737741884967e-01,4.146922038381792297e-01,-4.077555529566070230e-02,5.210813088392773906e-01,7.132587471276079505e-01,-2.341310145089068873e-01,-5.987000407289901766e-02,-8.160094575861209787e-02,1.939820174617999660e-02,-3.705538607493859271e-02,2.852446386065157768e-01,-3.561812663360972020e-02,2.291759450109677465e-02,1.530966253895280349e-01,-6.261176541692226039e-02,2.850414746510138153e-01,2.832950149863257966e-02,-1.598754678476305147e-02,-1.133948442587012079e-01,1.000000000000000000e+00,-7.213049716922906307e-02,5.326732091150707671e-01,-2.714119304641685396e-02,3.084263823986971298e-01,3.328900057010690805e-01
4.024879850219504895e-01,3.105396825468039190e-01,5.706625771677094061e-01,-1.926754841733823997e-01,2.818376250996175725e-01,6.253819829485582904e-01,2.783974620739321226e-01,-6.535123313574138226e-01,3.131555409042598437e-01,8.925452957279754462e-02,3.992626802570778399e-01,-1.560167036225912351e-01,1.838989578246094658e-01,6.072624160272453997e-01,1.134700059376441000e-01,-9.327912907580190871e-02,-1.643932639882975388e-01,2.778793031621658027e-01,-1.162563956632506612e-01,3.015223862595050042e-01,6.469676388667040534e-01,3.686677567732746796e-01,7.367593278210897711e-01,7.861365668199178369e-01,5.337332393805858111e-01,7.401881737713962295e-01,2.112270831587938213e-01,5.968726276629182648e-01,8.156621816995371921e-01,3.488522869888630029e-01,7.429002909522832709e-01,3.696903062360166747e-01,7.686306254267052385e-01,-7.213049716922906307e-02,1.000000000000000000e+00,-3.931471456710356471e-01,7.338679459942925032e-01,1.050914257071250552e-01,1.995784858999551936e-01
2.017965953361755826e-01,3.873262999784256033e-01,5.811617694807186263e-02,1.954573064896837631e-01,3.415144710345135448e-01,-3.259523017851393978e-01,-1.126179864008136078e-01,3.332858981643034568e-02,3.197538371749805708e-01,5.280515261399607585e-01,-2.727843700321970766e-01,3.541956604982285373e-01,-7.135720922219856988e-02,7.066276322673456511e-02,2.132406704352018956e-01,5.552842766386991702e-01,9.722004837749871620e-02,1.243279220715276245e-01,4.047834846278927090e-01,-2.288395380942434276e-01,-3.223515541713340427e-01,-2.857348867243295065e-01,-2.249960426400398616e-01,-3.250781384885219616e-01,1.457452819302042513e-01,-2.099021297586358970e-01,2.443313512403755619e-02,-3.428897462914638067e-02,-3.592365781316796958e-01,2.716946293174934413e-01,-2.593207868813876549e-01,-1.352561561280712921e-01,-3.651558786182795835e-01,5.326732091150707671e-01,-3.931471456710356471e-01,1.000000000000000000e+00,-2.699325847040448534e-01,4.356100858479127758e-01,3.633925225297782724e-01
4.949688788973781173e-01,3.736745326664310807e-01,5.547640337425704393e-01,-2.440250400781415405e-02,2.670422898399532619e-01,6.116577228803401489e-01,1.597352927482723339e-01,-6.077708122390879097e-01,3.201414661316918098e-01,1.627205154803163800e-01,4.032200336507539284e-01,-2.295007485417789872e-01,-3.599238448995037160e-03,6.857944927359920229e-01,4.177310517301096454e-02,-1.349030939133939455e-01,-2.244636932732883561e-01,2.236949970443812830e-01,-6.185962297776981950e-02,-1.777026111749279574e-02,3.296509219332451890e-01,1.764025122040171478e-01,7.063620690110400391e-01,7.306145858639667701e-01,5.221030485795941090e-01,5.893302454635508392e-01,4.325050756351911385e-01,6.415855966135353139e-01,7.228727832347695559e-01,4.127655083591898477e-01,5.078696800540718481e-01,5.045825486482445887e-01,4.810968063142686546e-01,-2.714119304641685396e-02,7.338679459942925032e-01,-2.699325847040448534e-01,1.000000000000000000e+00,2.698410358847417312e-01,3.511522129939029235e-01
6.437733349676756367e-01,5.735811587057201288e-01,3.628432910239658415e-01,-8.849302855406311619e-02,3.396714850854747891e-01,6.062275879234685361e-02,-8.320562478342741208e-02,-3.298762265194246646e-01,4.724523426436882390e-01,5.137512141907395469e-01,8.984545707979041396e-02,1.745603337558512824e-01,-1.761746356080425291e-01,3.987009485948992960e-01,4.080499641343757755e-01,3.682390057086039614e-01,-6.611749662921040382e-02,6.629259764284722856e-02,1.313329254467314466e-01,-2.130898913362091474e-01,-2.364338589559041720e-02,-1.348835170630360014e-01,1.970035779241185447e-01,2.040758360727924214e-01,4.800235736340016102e-01,2.343881143054485638e-01,2.558624409070893169e-01,4.147411790453821023e-01,2.401204928489089341e-01,5.018096066909554231e-01,1.455752042905252008e-01,1.536136807766315115e-01,3.400607410760899535e-02,3.084263823986971298e-01,1.050914257071250552e-01,4.356100858479127758e-01,2.698410358847417312e-01,1.000000000000000000e+00,5.971958243518135090e-01
3.956946342970090735e-01,6.665971183906083120e-01,4.875458060513812586e-01,-1.294506309534402544e-01,4.125321416733528368e-01,2.216403791716625715e-01,-1.453744270109544601e-01,-4.723762405723381241e-01,4.786618906667474693e-01,4.512314217960721741e-01,1.539541513127063721e-01,3.155764771263454560e-01,-8.058745226484395445e-04,4.107618574279330859e-01,3.903718095476546024e-01,2.316524240750622299e-01,-1.499661459934120977e-01,2.524902956416731903e-01,2.330838575268155133e-01,-7.372255871838642727e-02,1.487503600102634826e-01,-1.577564468327062250e-02,3.083026316686774404e-01,3.271302082347395390e-01,5.562046240349926007e-01,2.631236114132959880e-01,2.211178169049433373e-01,4.376834866093108900e-01,3.360409566373402379e-01,4.739272657503779129e-01,2.426180509464498092e-01,2.519466754556265453e-01,1.773519339462038269e-01,3.328900057010690805e-01,1.995784858999551936e-01,3.633925225297782724e-01,3.511522129939029235e-01,5.971958243518135090e-01,1.000000000000000000e+00
