1.000000000000000000e+00,-1.351873811182692162e-02,2.139689781691010151e-01,-3.058962784760537734e-01,2.532076289363276445e-01,-3.731205348602999461e-01,-1.937257358072047297e-01,-2.028301533786437405e-01,4.855313292593474994e-01,2.304790044382828418e-01,-3.804153283284324449e-01,-4.175943581955403050e-01,-4.953428867446446615e-01,1.041823048504326027e-01,2.301042554460603073e-01,2.476766362640695218e-01,1.511177983172660166e-01,1.268469688456373701e-01,-1.735539945611794532e-01,-2.227946351339549491e-01,-3.521565064223965424e-01,-3.743296228781295421e-01,3.951938243862980760e-01,-8.083780902400647395e-02,1.274379703431579858e-01,4.736917550944146349e-01,-3.943435569016902065e-01,1.212411618393737789e-01,3.568647371481880604e-01,7.363072629845986983e-01,-1.845981031425133687e-02,-4.507905163694415629e-01,-4.594639481457992169e-01,2.757834761874015106e-01,4.574408229091365685e-01,3.264899803904918740e-01,-4.355582448997269984e-01,4.329192355646135359e-01,-1.524612401726507527e-01
-1.351873811182692162e-02,1.000000000000000000e+00,1.735533515268972149e-01,3.292089943337291325e-01,4.718998561766798994e-01,5.274916209040121373e-01,-1.291522825353384751e-01,-3.992191030005646790e-01,3.041725162124475634e-01,7.181725090866513117e-01,7.169007273476694087e-01,7.002017449930386661e-01,4.037756495791699485e-01,6.205739963662798564e-01,-4.825514460464345179e-01,7.169942532399797841e-01,8.772609868284224344e-02,-1.699752217839833879e-01,5.170875990719332460e-01,-1.391603156424056076e-01,5.789993051571976634e-01,1.788144240427479714e-01,6.066374194868112690e-01,5.508899484861926599e-01,6.894374836752856783e-01,-6.525251954479641681e-01,6.810427300826431551e-01,-5.100086325912962515e-01,-2.174068210683955393e-01,1.249282735996295468e-01,5.338467605102116265e-01,7.343997047281550783e-01,5.528099350873116880e-01,4.934397356692509229e-01,-5.627098638069094605e-01,5.119665030948754580e-01,7.068126280819537754e-01,-5.250940993304008958e-02,6.589760539930595851e-01
2.139689781691010151e-01,1.735533515268972149e-01,1.000000000000000000e+00,3.335768821705889509e-01,4.918476309684842174e-01,-2.383291272372831671e-01,3.749034701827465010e-01,-8.259187985931095710e-01,4.015038330068046446e-01,1.074154583507969940e-01,1.851281327934870685e-02,-6.051348957932987244e-02,-1.386162669506438849e-01,2.768605631131325628e-01,-1.043351700427141149e-01,1.704386800692832271e-01,2.918929953923987131e-01,6.470981569450470761e-02,3.496870961836108793e-01,3.947899535488040568e-02,1.461228068886513166e-02,2.710376467916592591e-01,2.308941537403833288e-01,-3.655888564162507876e-02,4.115579389925357046e-02,1.815395691180735627e-01,2.442801529406078698e-01,2.680496236914667318e-01,-1.375066133778411470e-01,2.061430985525818937e-01,6.158031230376683762e-01,-3.102679746637194633e-02,1.725948224523542462e-01,5.046652353173403105e-01,1.770863365489733221e-02,3.280076357002417731e-01,-6.975273110035196122e-02,1.326331473265403293e-01,1.589393557853790995e-01
-3.058962784760537734e-01,3.292089943337291325e-01,3.335768821705889509e-01,1.000000000000000000e+00,4.195571887700753622e-01,2.726831115806693240e-01,4.103197069095048111e-01,-4.421546250967389180e-01,1.127184198158906608e-01,2.629610322903964681e-01,3.929208902627597255e-01,4.455517464468994882e-01,3.743408361363730341e-01,3.391221980128655278e-01,-3.387473683125051815e-01,2.800031464252645264e-01,8.847196687062852671e-02,1.644966449210702175e-01,5.815639328860944257e-01,1.958606535392508341e-01,4.303771972941370927e-01,3.622473762492273708e-01,1.775318042775710647e-01,2.663590488071609919e-01,2.966201878155698690e-01,-4.087793219976121883e-01,5.077903635776274127e-01,-2.802056162792616184e-02,-3.420412709374315852e-01,-1.470824958350891443e-01,4.159821028088724337e-01,4.439303844649782893e-01,5.151820314533333001e-01,3.942822774618410242e-01,-4.376054441404748085e-01,1.590200354670956440e-01,4.016236320732172738e-01,-2.713273542331435251e-01,3.094224362362806846e-01
2.532076289363276445e-01,4.718998561766798994e-01,4.918476309684842174e-01,4.195571887700753622e-01,1.000000000000000000e+00,1.888090973808611850e-01,2.911356443076195191e-02,-6.909915467712350878e-01,4.379321159828152288e-01,5.142486627315783210e-01,1.958922003526380740e-01,2.878868016039522471e-01,-7.351210823257313398e-02,6.023733135015996165e-01,-3.541785631496318087e-01,5.518626061485207845e-01,1.922270305879243413e-01,1.910647004679185135e-01,4.725648331224962528e-01,-3.329943174849481213e-01,1.682472227919123986e-01,-1.608388208249234841e-01,5.214852072680102868e-01,2.095059451771967285e-01,4.122408355844622285e-01,-1.993143691548365237e-01,3.264839652366939848e-01,-1.812167188139618135e-01,3.750068177310666995e-02,3.689562633656179869e-01,5.130973689675375482e-01,2.739305337923608752e-01,1.925133352685315935e-01,7.422537471947904253e-01,-1.388788399304342336e-01,4.779368727309721843e-01,2.364534534991768744e-01,1.361939830129413609e-01,4.264402594595200213e-01
-3.731205348602999461e-01,5.274916209040121373e-01,-2.383291272372831671e-01,2.726831115806693240e-01,1.888090973808611850e-01,1.000000000000000000e+00,-7.360449173754943231e-02,6.641982078011207137e-03,-7.912800168187449079e-02,3.595280408158056384e-01,6.529148659895667173e-01,5.526164365576089477e-01,5.400331160191377267e-01,3.431227753524532798e-01,-5.023723198163315695e-01,2.888816961917514692e-01,6.088754256772301726e-02,-1.977493679077795552e-01,9.801289157072762270e-02,1.007913182741987240e-01,6.789984177944892174e-01,1.643655181418266775e-01,3.044169745401952287e-01,6.401228445574431714e-01,5.295091259557346275e-01,-5.840124539494955247e-01,4.712671870469233859e-01,-3.604874238060317149e-01,4.676251428342987487e-02,-2.130035802803420808e-01,2.746629309559854848e-01,6.995799429169267114e-01,5.844994279953172889e-01,5.604869002236975012e-02,-3.684621155171057261e-01,-2.968481590944502604e-02,7.223369604287975809e-01,-2.660510107955932346e-01,3.530511616226665317e-01
-1.937257358072047297e-01,-1.291522825353384751e-01,3.749034701827465010e-01,4.103197069095048111e-01,2.911356443076195191e-02,-7.360449173754943231e-02,1.000000000000000000e+00,-2.492867210256596855e-01,-5.500677245028416651e-03,-2.061486766577380336e-01,-2.198444063325361367e-02,-1.139352296374428197e-01,1.287584174624585298e-01,-9.809102691681741149e-02,-1.438906667527533600e-01,-1.819396213147566610e-01,1.477553383033122503e-01,-8.702390551008817865e-02,1.181659046572821892e-01,4.127744692842625351e-01,1.393687629044489118e-01,4.320428696445931527e-01,-1.628969657840819707e-01,-1.879530149429213190e-02,-2.138300551677750905e-01,1.407766997539063869e-01,1.148280712445551299e-01,3.032992345822871361e-01,-7.376214754900503601e-02,-1.142390002816003058e-01,2.551574463286596650e-01,-3.021666362134817554e-02,2.314729367222796985e-01,-8.380360112120963101e-02,1.010334690418355913e-01,-2.327046968061725063e-01,-2.046603410452518465e-02,-2.480014152923870341e-01,-1.292343052630408884e-01
-2.028301533786437405e-01,-3.992191030005646790e-01,-8.259187985931095710e-01,-4.421546250967389180e-01,-6.909915467712350878e-01,6.641982078011207137e-03,-2.492867210256596855e-01,1.000000000000000000e+00,-4.852559174456834712e-01,-3.540438409258682695e-01,-1.906682286392809011e-01,-1.914761383936230688e-01,8.016569414119831261e-02,-4.893281790958532995e-01,2.969636726874439470e-01,-4.214673252379879664e-01,-2.331642696490761335e-01,-9.776155282314041850e-02,-4.782862009802759662e-01,1.317773439111162570e-01,-1.684806725649517223e-01,-1.187328744720250184e-01,-4.279716277177783579e-01,-1.249730001395563395e-01,-2.769690202170282944e-01,5.789686736299144015e-02,-4.029996918804610861e-01,-3.237619379985420820e-02,1.460748112229322271e-01,-2.964665037931170644e-01,-6.700331760784615787e-01,-1.911105288910807665e-01,-2.578719145056174722e-01,-6.909173259228748032e-01,1.422631246644911751e-01,-4.925598985115191564e-01,-1.415143648849093994e-01,-1.367241578777121935e-01,-3.950093667171897804e-01
4.855313292593474994e-01,3.041725162124475634e-01,4.015038330068046446e-01,1.127184198158906608e-01,4.379321159828152288e-01,-7.912800168187449079e-02,-5.500677245028416651e-03,-4.852559174456834712e-01,1.000000000000000000e+00,5.424113071482066228e-01,4.748693104111389313e-02,6.239284623570084953e-02,-9.611645416948605414e-02,5.273007713115556161e-01,-6.505441217775291551e-02,5.400668177638279221e-01,6.922338139858966177e-02,1.103940225690331622e-01,2.407914738627615625e-01,-1.767881147311855805e-01,-7.316775715905592115e-02,-1.825849548994857297e-01,5.752639496236706673e-01,2.520920976362269195e-01,4.665352047062062968e-01,1.345674586846104526e-01,1.585069389912868998e-01,3.372093020015151654e-02,2.329281217874741017e-01,6.289664926675760936e-01,3.046611055438930293e-01,7.120465889665805737e-02,-2.517366561779916037e-02,6.145224252439273060e-01,1.454046229144745350e-01,4.818243344876744771e-01,6.385484422256151871e-02,2.716545483674741024e-01,2.658005247938027837e-01
2.304790044382828418e-01,7.181725090866513117e-01,1.074154583507969940e-01,2.629610322903964681e-01,5.142486627315783210e-01,3.595280408158056384e-01,-2.061486766577380336e-01,-3.540438409258682695e-01,5.424113071482066228e-01,1.000000000000000000e+00,4.689904594710417318e-01,5.355037141601669548e-01,2.603028685151956845e-01,7.164801342818283292e-01,-3.225616258197834818e-01,8.479494377198213417e-01,-9.706852685743345976e-02,-4.962943940564979589e-02,4.228112331843374427e-01,-2.874473414802926063e-01,3.769006279278434013e-01,-9.529936342491751589e-02,6.951641359384853613e-01,5.537534036707979501e-01,7.760251072839944309e-01,-4.837715183256416918e-01,4.592262146650391563e-01,-3.438291152920673333e-01,2.255494710553608909e-02,3.972103218221702536e-01,3.911960398424351171e-01,5.569524566469163940e-01,3.196400631841110895e-01,5.951985746829770996e-01,-3.287677842586779198e-01,6.088783404346128636e-01,5.456278604180445635e-01,1.818967828473782786e-02,4.774542496572585226e-01
-3.804153283284324449e-01,7.169007273476694087e-01,1.851281327934870685e-02,3.929208902627597255e-01,1.958922003526380740e-01,6.529148659895667173e-01,-2.198444063325361367e-02,-1.906682286392809011e-01,4.748693104111389313e-02,4.689904594710417318e-01,1.000000000000000000e+00,7.236463455944934786e-01,6.163503458293405624e-01,4.874839004796440722e-01,-4.992574437575099666e-01,4.533510767000821229e-01,1.138211544479852677e-01,-2.107748907081917200e-01,4.095698067177502844e-01,9.075058289227505570e-02,6.617089573144703252e-01,3.928093240015505527e-01,3.423453366963100652e-01,6.610542351427208807e-01,5.847766339973864413e-01,-7.116364157641389410e-01,7.483836541173114476e-01,-3.613137056756565157e-01,-2.427330885860550791e-01,-2.730626810477767008e-01,4.347573169149276939e-01,8.337263962816918728e-01,7.149988731534236974e-01,1.907204681224498877e-01,-6.234866646059860074e-01,2.029387162837428538e-01,8.295172172973214186e-01,-2.118837642929800036e-01,5.262256989269527008e-01
-4.175943581955403050e-01,7.002017449930386661e-01,-6.051348957932987244e-02,4.455517464468994882e-01,2.878868016039522471e-01,5.526164365576089477e-01,-1.139352296374428197e-01,-1.914761383936230688e-01,6.239284623570084953e-02,5.355037141601669548e-01,7.236463455944934786e-01,1.000000000000000000e+00,4.657249075629112389e-01,4.819933089142416915e-01,-4.318877977049989658e-01,5.770427767623665938e-01,-1.411627484684272738e-01,-1.096302780668610144e-01,6.014731083882963736e-01,-1.354411706725044406e-01,5.432838714081943410e-01,1.311186796213114625e-01,2.950592851773859437e-01,4.346146516732143916e-01,5.115416017471046128e-01,-8.314031874836269598e-01,7.704327312783192383e-01,-5.876612266915025584e-01,-4.410735623772032432e-01,-1.808712953727563688e-01,3.413982143735534991e-01,8.093280648876479688e-01,5.856200635972389490e-01,3.947419642876861534e-01,-7.725279454996366590e-01,3.791443225358663294e-01,7.550838490304985218e-01,-1.825081503380674985e-01,7.325585316167878558e-01
-4.953428867446446615e-01,4.037756495791699485e-01,-1.386162669506438849e-01,3.743408361363730341e-01,-7.351210823257313398e-02,5.400331160191377267e-01,1.287584174624585298e-01,8.016569414119831261e-02,-9.611645416948605414e-02,2.603028685151956845e-01,6.163503458293405624e-01,4.657249075629112389e-01,1.000000000000000000e+00,2.498324553953949478e-01,-2.054132037187018089e-01,1.503740684421547846e-01,1.066173294455418363e-01,-1.072157373543855680e-01,1.995565784127710796e-01,3.457423285702201921e-01,6.246017825794927258e-01,5.544828395636671736e-01,1.264755923420435024e-01,4.996683548367277239e-01,3.814560339852997028e-01,-5.046690061651242232e-01,4.447770603808210987e-01,-4.754933105489998063e-02,-8.158504893751718223e-02,-4.022334507699023565e-01,1.574115830866671395e-01,6.447347445605862148e-01,6.516483605750094110e-01,-7.098725340827109764e-02,-3.856233345262636281e-01,-1.479313305270238132e-01,6.511032713264499616e-01,-2.890281995211611554e-01,2.168171949080568706e-01
1.041823048504326027e-01,6.205739963662798564e-01,2.768605631131325628e-01,3.391221980128655278e-01,6.023733135015996165e-01,3.431227753524532798e-01,-9.809102691681741149e-02,-4.893281790958532995e-01,5.273007713115556161e-01,7.164801342818283292e-01,4.874839004796440722e-01,4.819933089142416915e-01,2.498324553953949478e-01,1.000000000000000000e+00,-3.279725781909256788e-01,6.984471812197194929e-01,1.615479897616993454e-01,7.823609442911375056e-02,4.292534905393857181e-01,-2.630387868448694211e-01,3.178979886281780298e-01,-5.638644644394123773e-02,6.420752292776238379e-01,5.761659302988179077e-01,6.622839300508944760e-01,-3.704119907541201240e-01,4.697646734067151830e-01,-1.669167947410077069e-01,1.612763305953748838e-01,2.729497414874448302e-01,4.483499689933218568e-01,5.604894743193161721e-01,3.664940392310846451e-01,6.161861207497840720e-01,-1.897701343808332053e-01,4.927490783759021498e-01,5.659023831423478645e-01,7.402626145451089712e-02,4.855261278907996303e-01
2.301042554460603073e-01,-4.825514460464345179e-01,-1.043351700427141149e-01,-3.387473683125051815e-01,-3.541785631496318087e-01,-5.023723198163315695e-01,-1.438906667527533600e-01,2.969636726874439470e-01,-6.505441217775291551e-02,-3.225616258197834818e-01,-4.992574437575099666e-01,-4.318877977049989658e-01,-2.054132037187018089e-01,-3.279725781909256788e-01,1.000000000000000000e+00,-3.426577507583452586e-01,8.503853893218044080e-02,8.956575967554744611e-02,-3.593000724623974240e-01,9.472381099967182305e-02,-4.859353588515336053e-01,-9.538090203726040661e-02,-2.719705347792549799e-01,-3.261474096003595946e-01,-3.773011644862760972e-01,4.852296066874169367e-01,-5.466825801333676793e-01,3.917685322125205039e-01,1.801427710712676378e-01,5.529333477692852800e-02,-3.303311850866277322e-01,-5.197233627539430412e-01,-4.351487143215615472e-01,-1.444543749225124241e-01,3.836629702445922274e-01,-1.322884208718616283e-01,-5.232618356114722147e-01,3.927620525141158336e-01,-3.813099792954363076e-01
2.476766362640695218e-01,7.169942532399797841e-01,1.704386800692832271e-01,2.800031464252645264e-01,5.518626061485207845e-01,2.888816961917514692e-01,-1.819396213147566610e-01,-4.214673252379879664e-01,5.400668177638279221e-01,8.479494377198213417e-01,4.533510767000821229e-01,5.770427767623665938e-01,1.503740684421547846e-01,6.984471812197194929e-01,-3.426577507583452586e-01,1.000000000000000000e+00,-9.345041822716333713e-02,-2.882260534021172105e-02,5.036311836188597235e-01,-3.122872137445841245e-01,3.388715336088716779e-01,-1.234637967191809654e-01,6.655928500140492199e-01,4.639376040787022704e-01,6.984230616562766558e-01,-4.841661679363611359e-01,5.184203146273569374e-01,-4.111114201385566713e-01,-1.043881551304172428e-01,4.540590571988299962e-01,4.211116848206268304e-01,5.254743382896805981e-01,3.156641348799801294e-01,6.536319184920840186e-01,-3.849746714406236392e-01,6.531108037691595314e-01,5.020305341050269599e-01,2.655126571673513056e-02,5.762627883753718150e-01
1.511177983172660166e-01,8.772609868284224344e-02,2.918929953923987131e-01,8.847196687062852671e-02,1.922270305879243413e-01,6.088754256772301726e-02,1.477553383033122503e-01,-2.331642696490761335e-01,6.922338139858966177e-02,-9.706852685743345976e-02,1.138211544479852677e-01,-1.411627484684272738e-01,1.066173294455418363e-01,1.615479897616993454e-01,8.503853893218044080e-02,-9.345041822716333713e-02,1.000000000000000000e+00,1.495343396356562937e-01,-8.647461561434757749e-02,3.138360209418808999e-01,5.641108111913614026e-02,2.598602050429625332e-01,2.240706045123512236e-01,1.056617406104572027e-01,-1.041385034527412233e-02,2.481792927869727605e-01,-4.146111764931342814e-02,2.247451288436286554e-01,2.715697327385082072e-01,2.622961851832874766e-02,2.129539509089164451e-01,-3.061801138820273785e-02,1.321623671661330823e-01,6.211038700774878379e-02,2.505188645318913165e-01,-1.204157562843164581e-01,-2.883263949967377129e-02,3.206087451182460524e-01,6.096656964433587456e-02
1.268469688456373701e-01,-1.699752217839833879e-01,6.470981569450470761e-02,1.644966449210702175e-01,1.910647004679185135e-01,-1.977493679077795552e-01,-8.702390551008817865e-02,-9.776155282314041850e-02,1.103940225690331622e-01,-4.962943940564979589e-02,-2.107748907081917200e-01,-1.096302780668610144e-01,-1.072157373543855680e-01,7.823609442911375056e-02,8.956575967554744611e-02,-2.882260534021172105e-02,1.495343396356562937e-01,1.000000000000000000e+00,2.172342683761248616e-01,-1.877219523948313873e-01,-2.335099211400086250e-01,-1.557676710364323813e-01,5.282584294208673287e-02,-1.961920396630036922e-01,-8.802631112186908025e-02,1.654615004086165408e-01,-2.473943963140578517e-01,1.797883146946199495e-01,1.639591397661954719e-01,1.551609522273404429e-01,-1.854493875660916669e-01,-2.038959336724500693e-01,-1.923764339540283697e-01,1.556050537750740814e-01,1.497422797907343173e-01,3.035597474493522893e-02,-2.191177111699433577e-01,1.016976329854063221e-01,-4.692049415657700319e-03
-1.735539945611794532e-01,5.170875990719332460e-01,3.496870961836108793e-01,5.815639328860944257e-01,4.725648331224962528e-01,9.801289157072762270e-02,1.181659046572821892e-01,-4.782862009802759662e-01,2.407914738627615625e-01,4.228112331843374427e-01,4.095698067177502844e-01,6.014731083882963736e-01,1.995565784127710796e-01,4.292534905393857181e-01,-3.593000724623974240e-01,5.036311836188597235e-01,-8.647461561434757749e-02,2.172342683761248616e-01,1.000000000000000000e+00,-1.952510874502803029e-01,2.528503362735555759e-01,1.754748297356200915e-01,2.520923222854511980e-01,1.060915862987274194e-01,3.096282975526201131e-01,-5.242353465572390236e-01,6.427363162469708069e-01,-3.083186861062087170e-01,-5.222795865392215742e-01,-7.515791563995621871e-03,3.941947430065674829e-01,4.801379300269751349e-01,3.896949005746729866e-01,5.489549875149731806e-01,-6.105748045098453591e-01,4.469369911518421001e-01,4.131563494494626676e-01,-2.040192481928079782e-01,5.679266062329851872e-01
-2.227946351339549491e-01,-1.391603156424056076e-01,3.947899535488040568e-02,1.958606535392508341e-01,-3.329943174849481213e-01,1.007913182741987240e-01,4.127744692842625351e-01,1.317773439111162570e-01,-1.767881147311855805e-01,-2.874473414802926063e-01,9.075058289227505570e-02,-1.354411706725044406e-01,3.457423285702201921e-01,-2.630387868448694211e-01,9.472381099967182305e-02,-3.122872137445841245e-01,3.138360209418808999e-01,-1.877219523948313873e-01,-1.952510874502803029e-01,1.000000000000000000e+00,2.816010169559761689e-01,6.396860786182876346e-01,-2.437272041885986118e-01,1.125877331116431485e-01,-1.567549796273658702e-01,1.391686437738345050e-01,2.553360525206988321e-02,2.919273828473614718e-01,-1.452051718687018267e-02,-3.052614462168294907e-01,9.102540487155322269e-02,3.191430077130403067e-03,3.810801101683589098e-01,-3.277718471578145443e-01,6.475686416916606736e-02,-4.668998295583563496e-01,2.622509444754889119e-02,-1.875742063995496089e-01,-2.238978399211427051e-01
-3.521565064223965424e-01,5.789993051571976634e-01,1.461228068886513166e-02,4.303771972941370927e-01,1.682472227919123986e-01,6.789984177944892174e-01,1.393687629044489118e-01,-1.684806725649517223e-01,-7.316775715905592115e-02,3.769006279278434013e-01,6.617089573144703252e-01,5.432838714081943410e-01,6.246017825794927258e-01,3.178979886281780298e-01,-4.859353588515336053e-01,3.388715336088716779e-01,5.641108111913614026e-02,-2.335099211400086250e-01,2.528503362735555759e-01,2.816010169559761689e-01,1.000000000000000000e+00,4.878334461223517438e-01,2.149938574024455595e-01,5.226798488529174058e-01,4.365844718961196524e-01,-5.789559574483621462e-01,5.690754442605329144e-01,-2.479022320452306805e-01,-1.836775924347731903e-01,-2.428196857455666435e-01,4.129947596275482802e-01,6.824270349068441988e-01,7.481219446879393553e-01,1.044048724251598753e-01,-4.702404801889968344e-01,3.619502084646568363e-02,6.963992810198590400e-01,-3.444401906765727217e-01,3.390642953476829535e-01
-3.743296228781295421e-01,1.788144240427479714e-01,2.710376467916592591e-01,3.622473762492273708e-01,-1.608388208249234841e-01,1.643655181418266775e-01,4.320428696445931527e-01,-1.187328744720250184e-01,-1.825849548994857297e-01,-9.529936342491751589e-02,3.928093240015505527e-01,1.311186796213114625e-01,5.544828395636671736e-01,-5.638644644394123773e-02,-9.538090203726040661e-02,-1.234637967191809654e-01,2.598602050429625332e-01,-1.557676710364323813e-01,1.754748297356200915e-01,6.396860786182876346e-01,4.878334461223517438e-01,1.000000000000000000e+00,-1.279640250013247549e-01,2.032904414995118370e-01,-1.194503071855672165e-02,-1.631265912761588888e-01,3.584048119013824585e-01,1.998092058620185574e-01,-2.754197521226300349e-01,-4.326223972231295622e-01,3.985916049138252260e-01,2.936483874858147880e-01,6.441470803323005034e-01,-1.700663957168217222e-01,-2.696750228475407463e-01,-2.385796424665938831e-01,2.949425326960903870e-01,-3.257159425187796664e-01,-1.140461098458136688e-02
3.951938243862980760e-01,6.066374194868112690e-01,2.308941537403833288e-01,1.775318042775710647e-01,5.214852072680102868e-01,3.044169745401952287e-01,-1.628969657840819707e-01,-4.279716277177783579e-01,5.752639496236706673e-01,6.951641359384853613e-01,3.423453366963100652e-01,2.950592851773859437e-01,1.264755923420435024e-01,6.420752292776238379e-01,-2.719705347792549799e-01,6.655928500140492199e-01,2.240706045123512236e-01,5.282584294208673287e-02,2.520923222854511980e-01,-2.437272041885986118e-01,2.149938574024455595e-01,-1.279640250013247549e-01,1.000000000000000000e+00,5.115590804239856793e-01,7.376269995006532465e-01,-2.038919930567323346e-01,2.701203580866608500e-01,-2.108991529012771982e-01,2.008097338585225489e-01,5.216559171578500909e-01,3.906577814489149980e-01,3.490742459091434324e-01,1.560959299322479399e-01,5.432456648626159401e-01,-5.391977352529109951e-02,5.261670575302317410e-01,3.378921596282916662e-01,1.717756392856492897e-01,3.940961025428966202e-01
-8.083780902400647395e-02,5.508899484861926599e-01,-3.655888564162507876e-02,2.663590488071609919e-01,2.095059451771967285e-01,6.401228445574431714e-01,-1.879530149429213190e-02,-1.249730001395563395e-01,2.520920976362269195e-01,5.537534036707979501e-01,6.610542351427208807e-01,4.346146516732143916e-01,4.996683548367277239e-01,5.761659302988179077e-01,-3.261474096003595946e-01,4.639376040787022704e-01,1.056617406104572027e-01,-1.961920396630036922e-01,1.060915862987274194e-01,1.125877331116431485e-01,5.226798488529174058e-01,2.032904414995118370e-01,5.115590804239856793e-01,1.000000000000000000e+00,7.088988603692076840e-01,-4.136872584150809162e-01,4.256149177054130983e-01,-1.447258512871640590e-01,2.196945186312872222e-01,1.436372597248716104e-02,3.672328736090733625e-01,6.363321144993632217e-01,5.186622121441820665e-01,1.761588372267226810e-01,-1.887993777598269696e-01,1.042395445103702079e-01,6.836617387130201617e-01,-1.555942982643181982e-01,1.938328304348546083e-01
1.274379703431579858e-01,6.894374836752856783e-01,4.115579389925357046e-02,2.966201878155698690e-01,4.122408355844622285e-01,5.295091259557346275e-01,-2.138300551677750905e-01,-2.769690202170282944e-01,4.665352047062062968e-01,7.760251072839944309e-01,5.847766339973864413e-01,5.115416017471046128e-01,3.814560339852997028e-01,6.622839300508944760e-01,-3.773011644862760972e-01,6.984230616562766558e-01,-1.041385034527412233e-02,-8.802631112186908025e-02,3.096282975526201131e-01,-1.567549796273658702e-01,4.365844718961196524e-01,-1.194503071855672165e-02,7.376269995006532465e-01,7.088988603692076840e-01,1.000000000000000000e+00,-4.823624355824521759e-01,4.789568211850910862e-01,-2.807011188322031670e-01,6.895638511635805712e-02,2.770235464244490964e-01,3.260603682857588503e-01,6.084311872858924053e-01,3.916856860133923757e-01,4.538769365571478920e-01,-3.213842071344046314e-01,4.480762082215384856e-01,6.158248351086657024e-01,-5.136712243172104897e-02,3.950191949478636944e-01
4.736917550944146349e-01,-6.525251954479641681e-01,1.815395691180735627e-01,-4.087793219976121883e-01,-1.993143691548365237e-01,-5.840124539494955247e-01,1.407766997539063869e-01,5.789686736299144015e-02,1.345674586846104526e-01,-4.837715183256416918e-01,-7.116364157641389410e-01,-8.314031874836269598e-01,-5.046690061651242232e-01,-3.704119907541201240e-01,4.852296066874169367e-01,-4.841661679363611359e-01,2.481792927869727605e-01,1.654615004086165408e-01,-5.242353465572390236e-01,1.391686437738345050e-01,-5.789559574483621462e-01,-1.631265912761588888e-01,-2.038919930567323346e-01,-4.136872584150809162e-01,-4.823624355824521759e-01,1.000000000000000000e+00,-6.872778846780271955e-01,6.074993417910387050e-01,4.666720435261544342e-01,2.934332002771198877e-01,-2.451219801284781341e-01,-7.930584594335778892e-01,-5.580056771893089351e-01,-2.231494813437108204e-01,7.979874671036191192e-01,-2.912387665362098921e-01,-7.559435750273916232e-01,3.296015085409187417e-01,-5.782719849084712038e-01
-3.943435569016902065e-01,6.810427300826431551e-01,2.442801529406078698e-01,5.077903635776274127e-01,3.264839652366939848e-01,4.712671870469233859e-01,1.148280712445551299e-01,-4.029996918804610861e-01,1.585069389912868998e-01,4.592262146650391563e-01,7.483836541173114476e-01,7.704327312783192383e-01,4.447770603808210987e-01,4.697646734067151830e-01,-5.466825801333676793e-01,5.184203146273569374e-01,-4.146111764931342814e-02,-2.473943963140578517e-01,6.427363162469708069e-01,2.553360525206988321e-02,5.690754442605329144e-01,3.584048119013824585e-01,2.701203580866608500e-01,4.256149177054130983e-01,4.789568211850910862e-01,-6.872778846780271955e-01,1.000000000000000000e+00,-3.771794119262955602e-01,-5.000530111138326017e-01,-2.055882991028953610e-01,5.429342611776657446e-01,7.715776503508423589e-01,7.069757047119217264e-01,3.980151662108188937e-01,-7.259978418950316925e-01,3.359116542818214590e-01,7.260681792562347914e-01,-2.559199006098848428e-01,6.593502222139450142e-01
1.212411618393737789e-01,-5.100086325912962515e-01,2.680496236914667318e-01,-2.802056162792616184e-02,-1.812167188139618135e-01,-3.604874238060317149e-01,3.032992345822871361e-01,-3.237619379985420820e-02,3.372093020015151654e-02,-3.438291152920673333e-01,-3.613137056756565157e-01,-5.876612266915025584e-01,-4.754933105489998063e-02,-1.669167947410077069e-01,3.917685322125205039e-01,-4.111114201385566713e-01,2.247451288436286554e-01,1.797883146946199495e-01,-3.083186861062087170e-01,2.919273828473614718e-01,-2.479022320452306805e-01,1.998092058620185574e-01,-2.108991529012771982e-01,-1.447258512871640590e-01,-2.807011188322031670e-01,6.074993417910387050e-01,-3.771794119262955602e-01,1.000000000000000000e+00,3.428444141975508508e-01,-4.784403349341917466e-02,-6.414764423162372386e-02,-4.229391710195289922e-01,-1.430723158149605212e-01,-1.902570183859060293e-01,5.351893397777194306e-01,-3.055538948753722117e-01,-3.805069423349880520e-01,8.346362627069676965e-02,-5.375216142135599284e-01
3.568647371481880604e-01,-2.174068210683955393e-01,-1.375066133778411470e-01,-3.420412709374315852e-01,3.750068177310666995e-02,4.676251428342987487e-02,-7.376214754900503601e-02,1.460748112229322271e-01,2.329281217874741017e-01,2.255494710553608909e-02,-2.427330885860550791e-01,-4.410735623772032432e-01,-8.158504893751718223e-02,1.612763305953748838e-01,1.801427710712676378e-01,-1.043881551304172428e-01,2.715697327385082072e-01,1.639591397661954719e-01,-5.222795865392215742e-01,-1.452051718687018267e-02,-1.836775924347731903e-01,-2.754197521226300349e-01,2.008097338585225489e-01,2.196945186312872222e-01,6.895638511635805712e-02,4.666720435261544342e-01,-5.000530111138326017e-01,3.428444141975508508e-01,1.000000000000000000e+00,3.217258238119393710e-01,-1.615527246503948577e-01,-2.362026052226541828e-01,-2.560888203584906209e-01,-1.230301489161191031e-01,7.178653903542808745e-01,-2.369241512327552868e-01,-1.502053568472531131e-01,3.091841486197437483e-01,-3.492267216235590555e-01
7.363072629845986983e-01,1.249282735996295468e-01,2.061430985525818937e-01,-1.470824958350891443e-01,3.689562633656179869e-01,-2.130035802803420808e-01,-1.142390002816003058e-01,-2.964665037931170644e-01,6.289664926675760936e-01,3.972103218221702536e-01,-2.730626810477767008e-01,-1.808712953727563688e-01,-4.022334507699023565e-01,2.729497414874448302e-01,5.529333477692852800e-02,4.540590571988299962e-01,2.622961851832874766e-02,1.551609522273404429e-01,-7.515791563995621871e-03,-3.052614462168294907e-01,-2.428196857455666435e-01,-4.326223972231295622e-01,5.216559171578500909e-01,1.436372597248716104e-02,2.770235464244490964e-01,2.934332002771198877e-01,-2.055882991028953610e-01,-4.784403349341917466e-02,3.217258238119393710e-01,1.000000000000000000e+00,7.402401363357292985e-02,-2.443871628760591608e-01,-3.235945792386925035e-01,4.087604237421255671e-01,3.265074730045996465e-01,4.198255892855934923e-01,-2.439600412023044118e-01,3.459944332845220627e-01,6.039206879971025649e-02
-1.845981031425133687e-02,5.338467605102116265e-01,6.158031230376683762e-01,4.159821028088724337e-01,5.130973689675375482e-01,2.746629309559854848e-01,2.551574463286596650e-01,-6.700331760784615787e-01,3.046611055438930293e-01,3.911960398424351171e-01,4.347573169149276939e-01,3.413982143735534991e-01,1.574115830866671395e-01,4.483499689933218568e-01,-3.303311850866277322e-01,4.211116848206268304e-01,2.129539509089164451e-01,-1.854493875660916669e-01,3.941947430065674829e-01,9.102540487155322269e-02,4.129947596275482802e-01,3.985916049138252260e-01,3.906577814489149980e-01,3.672328736090733625e-01,3.260603682857588503e-01,-2.451219801284781341e-01,5.429342611776657446e-01,-6.414764423162372386e-02,-1.615527246503948577e-01,7.402401363357292985e-02,1.000000000000000000e+00,4.184031689291669021e-01,5.483436893114552735e-01,4.981140452052372769e-01,-2.768468224222258578e-01,3.645081642890544149e-01,3.850565679779277550e-01,-3.819879520084180913e-02,3.771183329561589859e-01
-4.507905163694415629e-01,7.343997047281550783e-01,-3.102679746637194633e-02,4.439303844649782893e-01,2.739305337923608752e-01,6.995799429169267114e-01,-3.021666362134817554e-02,-1.911105288910807665e-01,7.120465889665805737e-02,5.569524566469163940e-01,8.337263962816918728e-01,8.093280648876479688e-01,6.447347445605862148e-01,5.604894743193161721e-01,-5.197233627539430412e-01,5.254743382896805981e-01,-3.061801138820273785e-02,-2.038959336724500693e-01,4.801379300269751349e-01,3.191430077130403067e-03,6.824270349068441988e-01,2.936483874858147880e-01,3.490742459091434324e-01,6.363321144993632217e-01,6.084311872858924053e-01,-7.930584594335778892e-01,7.715776503508423589e-01,-4.229391710195289922e-01,-2.362026052226541828e-01,-2.443871628760591608e-01,4.184031689291669021e-01,1.000000000000000000e+00,7.230065489178681970e-01,2.786034108951001564e-01,-6.524672263758032331e-01,2.286815505506899771e-01,8.884556602087172461e-01,-2.475519037468054406e-01,5.989021557326122958e-01
-4.594639481457992169e-01,5.528099350873116880e-01,1.725948224523542462e-01,5.151820314533333001e-01,1.925133352685315935e-01,5.844994279953172889e-01,2.314729367222796985e-01,-2.578719145056174722e-01,-2.517366561779916037e-02,3.196400631841110895e-01,7.149988731534236974e-01,5.856200635972389490e-01,6.516483605750094110e-01,3.664940392310846451e-01,-4.351487143215615472e-01,3.156641348799801294e-01,1.321623671661330823e-01,-1.923764339540283697e-01,3.896949005746729866e-01,3.810801101683589098e-01,7.481219446879393553e-01,6.441470803323005034e-01,1.560959299322479399e-01,5.186622121441820665e-01,3.916856860133923757e-01,-5.580056771893089351e-01,7.069757047119217264e-01,-1.430723158149605212e-01,-2.560888203584906209e-01,-3.235945792386925035e-01,5.483436893114552735e-01,7.230065489178681970e-01,1.000000000000000000e+00,1.594824673408540838e-01,-5.289404704935973811e-01,3.452688931226502358e-03,7.205855034906741841e-01,-3.641315955423135575e-01,3.872255848342757711e-01
2.757834761874015106e-01,4.934397356692509229e-01,5.046652353173403105e-01,3.942822774618410242e-01,7.422537471947904253e-01,5.604869002236975012e-02,-8.380360112120963101e-02,-6.909173259228748032e-01,6.145224252439273060e-01,5.951985746829770996e-01,1.907204681224498877e-01,3.947419642876861534e-01,-7.098725340827109764e-02,6.161861207497840720e-01,-1.444543749225124241e-01,6.536319184920840186e-01,6.211038700774878379e-02,1.556050537750740814e-01,5.489549875149731806e-01,-3.277718471578145443e-01,1.044048724251598753e-01,-1.700663957168217222e-01,5.432456648626159401e-01,1.761588372267226810e-01,4.538769365571478920e-01,-2.231494813437108204e-01,3.980151662108188937e-01,-1.902570183859060293e-01,-1.230301489161191031e-01,4.087604237421255671e-01,4.981140452052372769e-01,2.786034108951001564e-01,1.594824673408540838e-01,1.000000000000000000e+00,-2.460099706156168853e-01,6.757414472830400864e-01,2.102964601175269233e-01,2.369066174660439950e-01,5.655438846474609704e-01
4.574408229091365685e-01,-5.627098638069094605e-01,1.770863365489733221e-02,-4.376054441404748085e-01,-1.388788399304342336e-01,-3.684621155171057261e-01,1.010334690418355913e-01,1.422631246644911751e-01,1.454046229144745350e-01,-3.287677842586779198e-01,-6.234866646059860074e-01,-7.725279454996366590e-01,-3.856233345262636281e-01,-1.897701343808332053e-01,3.836629702445922274e-01,-3.849746714406236392e-01,2.505188645318913165e-01,1.497422797907343173e-01,-6.105748045098453591e-01,6.475686416916606736e-02,-4.702404801889968344e-01,-2.696750228475407463e-01,-5.391977352529109951e-02,-1.887993777598269696e-01,-3.213842071344046314e-01,7.979874671036191192e-01,-7.259978418950316925e-01,5.351893397777194306e-01,7.178653903542808745e-01,3.265074730045996465e-01,-2.768468224222258578e-01,-6.524672263758032331e-01,-5.289404704935973811e-01,-2.460099706156168853e-01,1.000000000000000000e+00,-3.257438458772944356e-01,-5.778577296204737701e-01,2.856682871363644405e-01,-5.826345189341084474e-01
3.264899803904918740e-01,5.119665030948754580e-01,3.280076357002417731e-01,1.590200354670956440e-01,4.779368727309721843e-01,-2.968481590944502604e-02,-2.327046968061725063e-01,-4.925598985115191564e-01,4.818243344876744771e-01,6.088783404346128636e-01,2.029387162837428538e-01,3.791443225358663294e-01,-1.479313305270238132e-01,4.927490783759021498e-01,-1.322884208718616283e-01,6.531108037691595314e-01,-1.204157562843164581e-01,3.035597474493522893e-02,4.469369911518421001e-01,-4.668998295583563496e-01,3.619502084646568363e-02,-2.385796424665938831e-01,5.261670575302317410e-01,1.042395445103702079e-01,4.480762082215384856e-01,-2.912387665362098921e-01,3.359116542818214590e-01,-3.055538948753722117e-01,-2.369241512327552868e-01,4.198255892855934923e-01,3.645081642890544149e-01,2.286815505506899771e-01,3.452688931226502358e-03,6.757414472830400864e-01,-3.257438458772944356e-01,1.000000000000000000e+00,1.631022423590855752e-01,2.526461020725610518e-01,5.221949707865901624e-01
-4.355582448997269984e-01,7.068126280819537754e-01,-6.975273110035196122e-02,4.016236320732172738e-01,2.364534534991768744e-01,7.223369604287975809e-01,-2.046603410452518465e-02,-1.415143648849093994e-01,6.385484422256151871e-02,5.456278604180445635e-01,8.295172172973214186e-01,7.550838490304985218e-01,6.511032713264499616e-01,5.659023831423478645e-01,-5.232618356114722147e-01,5.020305341050269599e-01,-2.883263949967377129e-02,-2.191177111699433577e-01,4.131563494494626676e-01,2.622509444754889119e-02,6.963992810198590400e-01,2.949425326960903870e-01,3.378921596282916662e-01,6.836617387130201617e-01,6.158248351086657024e-01,-7.559435750273916232e-01,7.260681792562347914e-01,-3.805069423349880520e-01,-1.502053568472531131e-01,-2.439600412023044118e-01,3.850565679779277550e-01,8.884556602087172461e-01,7.205855034906741841e-01,2.102964601175269233e-01,-5.778577296204737701e-01,1.631022423590855752e-01,1.000000000000000000e+00,-2.883409740759040329e-01,5.170344065506350395e-01
4.329192355646135359e-01,-5.250940993304008958e-02,1.326331473265403293e-01,-2.713273542331435251e-01,1.361939830129413609e-01,-2.660510107955932346e-01,-2.480014152923870341e-01,-1.367241578777121935e-01,2.716545483674741024e-01,1.818967828473782786e-02,-2.118837642929800036e-01,-1.825081503380674985e-01,-2.890281995211611554e-01,7.402626145451089712e-02,3.927620525141158336e-01,2.655126571673513056e-02,3.206087451182460524e-01,1.016976329854063221e-01,-2.040192481928079782e-01,-1.875742063995496089e-01,-3.444401906765727217e-01,-3.257159425187796664e-01,1.717756392856492897e-01,-1.555942982643181982e-01,-5.136712243172104897e-02,3.296015085409187417e-01,-2.559199006098848428e-01,8.346362627069676965e-02,3.091841486197437483e-01,3.459944332845220627e-01,-3.819879520084180913e-02,-2.475519037468054406e-01,-3.641315955423135575e-01,2.369066174660439950e-01,2.856682871363644405e-01,2.526461020725610518e-01,-2.883409740759040329e-01,1.000000000000000000e+00,1.632794678355352080e-01
-1.524612401726507527e-01,6.589760539930595851e-01,1.589393557853790995e-01,3.094224362362806846e-01,4.264402594595200213e-01,3.530511616226665317e-01,-1.292343052630408884e-01,-3.950093667171897804e-01,2.658005247938027837e-01,4.774542496572585226e-01,5.262256989269527008e-01,7.325585316167878558e-01,2.168171949080568706e-01,4.855261278907996303e-01,-3.813099792954363076e-01,5.762627883753718150e-01,6.096656964433587456e-02,-4.692049415657700319e-03,5.679266062329851872e-01,-2.238978399211427051e-01,3.390642953476829535e-01,-1.140461098458136688e-02,3.940961025428966202e-01,1.938328304348546083e-01,3.950191949478636944e-01,-5.782719849084712038e-01,6.593502222139450142e-01,-5.375216142135599284e-01,-3.492267216235590555e-01,6.039206879971025649e-02,3.771183329561589859e-01,5.989021557326122958e-01,3.872255848342757711e-01,5.655438846474609704e-01,-5.826345189341084474e-01,5.221949707865901624e-01,5.170344065506350395e-01,1.632794678355352080e-01,1.000000000000000000e+00
