1.000000000000000000e+00,8.821845925586955239e-01,7.838524655192076196e-01,-7.661401693664705581e-01,5.046867509525186923e-01,7.361405435161372246e-01,7.749065303308658170e-02,-7.902198386695480359e-01,7.874806395389093439e-01,-1.257849946457811341e-01,7.878151842492451262e-01,2.839536098743683512e-01,-7.239052191542360015e-01,8.668508980241123041e-01,8.275539249519303642e-01,8.500000838682684190e-01,8.910956986397428059e-01,8.637819831728511533e-01,7.896972514926685616e-01,6.623616691939415713e-01,7.824645775404771575e-01,6.785898012471095475e-01,8.645193123688804659e-01,7.248733268009838193e-01,3.248159911029870894e-01,9.351308073015776046e-01,7.106646605557263019e-01,7.209621177363773059e-01,9.118646633348055364e-01,2.091017891730233835e-01,4.823140910741210430e-01,2.968502935739157356e-01,1.943045661844632344e-01,8.479053225262022098e-01,8.730083932376997424e-01,5.192235062558846481e-01,8.235585356049835992e-01,9.307338643280038681e-01,7.307931711127363394e-01
8.821845925586955239e-01,1.000000000000000000e+00,7.485586835716669940e-01,-6.983596763592024859e-01,4.862163209735465008e-01,6.870775626809020320e-01,9.224383186922115174e-02,-7.645451966231371355e-01,7.825993344116282113e-01,9.013613674982294544e-02,7.363015448726534240e-01,2.611151875033837499e-01,-6.156128640818506748e-01,8.017422851888896806e-01,7.392082840986380354e-01,8.832393233072637351e-01,7.882875252701968538e-01,7.651694700303546259e-01,6.975981220550342421e-01,6.130776994591565776e-01,7.231904710970792349e-01,6.393610037716190853e-01,8.378358077979743967e-01,6.530192120098977648e-01,3.902032926777803112e-01,8.402556246330156187e-01,7.320963288881051634e-01,6.617336212536536477e-01,8.324502459193097170e-01,1.951313237715480153e-01,5.043050452016686336e-01,4.263192875448291730e-01,2.829895296800572502e-01,8.009204103487209681e-01,8.093153719150628644e-01,6.150756642024339804e-01,8.004666053566621420e-01,8.350044923204865688e-01,7.477499691943522153e-01
7.838524655192076196e-01,7.485586835716669940e-01,1.000000000000000000e+00,-6.851685175115428406e-01,7.681376321036470500e-01,6.668643910256222274e-01,5.588178601298748188e-02,-9.652204557733722323e-01,8.796963620134362616e-01,7.013417350577820508e-02,7.846086943957563120e-01,1.821472097887662511e-01,-6.661611080097017412e-01,8.829449733881102880e-01,6.770105763840268409e-01,7.734374707767498469e-01,7.614076843267668648e-01,7.547502726476538193e-01,7.112941180604355207e-01,6.081796629917218810e-01,8.801604749995105559e-01,8.089055353748560995e-01,8.642674942409475092e-01,7.179378314642399506e-01,5.494450509382250436e-01,8.307387008364895964e-01,7.232075443624106370e-01,7.258533630542960413e-01,8.223303151863554650e-01,2.017894069903811843e-02,6.316593925500733064e-01,4.446497970851699399e-01,6.245362393282621882e-01,7.841701356139290091e-01,7.398351125500289838e-01,6.864038174661469816e-01,7.200972743204586690e-01,7.935855513278956552e-01,7.061858950391944889e-01
-7.661401693664705581e-01,-6.983596763592024859e-01,-6.851685175115428406e-01,1.000000000000000000e+00,-4.066740183588275492e-01,-6.573514579481685161e-01,2.830478188526368982e-02,6.884730793759070711e-01,-7.061920595873556472e-01,2.137523330644895136e-01,-6.488387209474595352e-01,-3.262130563196699029e-01,7.341436009977976296e-01,-7.233432564718024205e-01,-8.498022970406547971e-01,-6.940455723762660734e-01,-8.008582011083371643e-01,-6.566455024390716044e-01,-7.032371280290762305e-01,-5.306571370185103609e-01,-7.033608778044682097e-01,-5.965706068897244085e-01,-6.738360584890479288e-01,-4.877103617175006511e-01,-1.250876612601815319e-01,-7.927589316663223862e-01,-5.460641647739188365e-01,-8.445711346954277721e-01,-8.097945849333666457e-01,-2.278842244997716371e-01,-5.701136143610010532e-01,-3.390772512032557695e-01,-2.322305425152459413e-01,-7.422046371816440891e-01,-6.457140318074144902e-01,-4.827914489947443544e-01,-6.167374027335116304e-01,-7.936798878256086098e-01,-5.789180691113345878e-01
5.046867509525186923e-01,4.862163209735465008e-01,7.681376321036470500e-01,-4.066740183588275492e-01,1.000000000000000000e+00,3.671246348939565807e-01,-5.341723588995816790e-04,-7.507071145098758169e-01,7.273458767409570758e-01,4.580121324964133711e-01,6.798591806023970285e-01,9.600870842497126467e-02,-4.669782212879050598e-01,6.834227598017224015e-01,4.106892607041922605e-01,6.191367901553671560e-01,4.866792363883828965e-01,5.768108399768870909e-01,4.130701667220840756e-01,4.886825988879885951e-01,5.289154291288168386e-01,5.411376483779756219e-01,7.726252776434350267e-01,6.695615508096260937e-01,8.531174424750634921e-01,6.163558600864590398e-01,4.960116914533636012e-01,4.875718615646457144e-01,5.168016940775016499e-01,-1.703143032785644495e-01,4.984714837849024693e-01,3.628404040483474979e-01,6.097789121165176907e-01,4.714547740294612876e-01,4.836134485690713469e-01,6.559299678576719916e-01,5.200599609810651058e-01,5.109872970019824212e-01,6.579912417672336700e-01
7.361405435161372246e-01,6.870775626809020320e-01,6.668643910256222274e-01,-6.573514579481685161e-01,3.671246348939565807e-01,1.000000000000000000e+00,2.052353409383357308e-01,-6.436429164814609916e-01,6.770312677098961895e-01,-1.600800394266231330e-01,6.449877797454492967e-01,1.030053719733032142e-01,-6.101808078251951262e-01,7.688043034505852580e-01,5.444440586659368142e-01,6.730861346559360303e-01,7.816199786321363918e-01,6.687205038236869736e-01,6.666106849992839978e-01,5.828071148285668412e-01,6.779513584647128832e-01,6.229003209218721970e-01,6.429553125741853670e-01,6.515877416458595306e-01,1.490192390048775128e-01,7.162072054207798688e-01,5.946634775789132465e-01,7.481090083470889329e-01,7.644557706241034145e-01,1.851826191618165945e-02,5.961331991747894632e-01,4.217299888162746035e-01,2.018711390573588449e-01,6.864495819656184494e-01,6.679534994922999847e-01,4.607148790183702158e-01,5.896046326689732275e-01,6.998403698674481310e-01,5.313803824756083705e-01
7.749065303308658170e-02,9.224383186922115174e-02,5.588178601298748188e-02,2.830478188526368982e-02,-5.341723588995816790e-04,2.052353409383357308e-01,1.000000000000000000e+00,-1.630596773201747202e-02,1.344998804545983161e-02,3.694637460131039441e-02,3.648197166415146492e-02,-4.740289362888236990e-01,4.958747417850505046e-02,1.039251930885371628e-01,-4.579904266417900160e-02,8.335180704832186038e-02,7.483402842801852028e-02,1.499301392809417599e-01,1.860755703769909897e-01,2.002444098104653666e-02,6.581027473478193168e-02,1.028754926694387395e-01,6.704764774227253699e-02,2.132537280513134847e-01,4.028948999554558819e-02,4.226014739598658171e-02,6.592016110064037593e-02,5.077150582435134563e-02,7.101808995961751692e-02,-6.647294241726099673e-02,1.175281546703390995e-01,4.399406845477554784e-02,-3.830198738840131373e-02,-4.653192188471782891e-03,1.390311371414352237e-01,4.255899075157071332e-02,1.215109121882289311e-01,3.604290181984135671e-02,4.995146718261643526e-02
-7.902198386695480359e-01,-7.645451966231371355e-01,-9.652204557733722323e-01,6.884730793759070711e-01,-7.507071145098758169e-01,-6.436429164814609916e-01,-1.630596773201747202e-02,1.000000000000000000e+00,-8.699560938744593797e-01,-7.080200628376052963e-02,-7.852826273059111406e-01,-2.083111429838193085e-01,6.576557011635835170e-01,-8.761149860537916778e-01,-6.959002107736743659e-01,-7.794762935416973404e-01,-7.592750135264032529e-01,-7.557508362928810897e-01,-7.078433242742832032e-01,-6.290228879465906697e-01,-8.818281891139914119e-01,-8.118378852039371818e-01,-8.673296325573167653e-01,-6.918780824680526020e-01,-5.443992002004871544e-01,-8.356005399150251423e-01,-7.272809205355087458e-01,-7.202632389138542424e-01,-8.231255265454027192e-01,-5.284646447216458098e-02,-6.110691919892872193e-01,-4.377842721296069106e-01,-6.157789482611113474e-01,-7.943718080085426791e-01,-7.418512067991964720e-01,-6.773167404591160512e-01,-7.307653106494661488e-01,-7.999525892539821603e-01,-7.044302044131022233e-01
7.874806395389093439e-01,7.825993344116282113e-01,8.796963620134362616e-01,-7.061920595873556472e-01,7.273458767409570758e-01,6.770312677098961895e-01,1.344998804545983161e-02,-8.699560938744593797e-01,1.000000000000000000e+00,1.407370618594911416e-01,7.728143369571466303e-01,2.509601805086872361e-01,-6.527677681086108130e-01,8.646166953454040849e-01,6.809249552751653889e-01,8.106287906149429734e-01,7.670006346137182573e-01,7.211098880301383129e-01,6.488361313071635550e-01,5.612063599239548450e-01,7.405418560009869866e-01,6.648254395788787408e-01,8.560690818316771811e-01,6.586395530171084145e-01,5.232158991089793654e-01,8.065018760553295252e-01,7.032158567525838011e-01,7.067117384012099324e-01,8.219309132629977199e-01,1.065916093233081896e-01,5.918560258013010333e-01,5.145696658072006491e-01,5.232477162009598892e-01,8.308308671915626276e-01,7.189685626624791048e-01,7.551413054301905348e-01,7.009477063515305861e-01,8.084338458894859691e-01,8.072621263904732336e-01
-1.257849946457811341e-01,9.013613674982294544e-02,7.013417350577820508e-02,2.137523330644895136e-01,4.580121324964133711e-01,-1.600800394266231330e-01,3.694637460131039441e-02,-7.080200628376052963e-02,1.407370618594911416e-01,1.000000000000000000e+00,1.003224994715140456e-01,-5.180489301382969897e-02,1.096608979277085838e-01,-2.795267847421128993e-02,-2.090164260412291086e-01,2.517091674109843691e-01,-2.105003868181200000e-01,-6.843457828630343520e-02,-2.543086179177317940e-01,7.870930413768852454e-03,-1.742486874654671225e-01,-1.125215659070756963e-01,1.984812323573462711e-01,1.303024708167643264e-01,6.952221497053254762e-01,-7.530645855100828734e-02,1.023776354727243439e-02,-1.043173806439104401e-01,-1.714740021598845088e-01,-1.418866606047694823e-01,1.308908482331223866e-01,2.944086076979831046e-01,3.384832838241489394e-01,-1.124426598880635952e-01,-9.079378781436538148e-02,3.512577020622475454e-01,1.500349945375490691e-02,-1.664084406453093801e-01,2.429816396260783551e-01
7.878151842492451262e-01,7.363015448726534240e-01,7.846086943957563120e-01,-6.488387209474595352e-01,6.798591806023970285e-01,6.449877797454492967e-01,3.648197166415146492e-02,-7.852826273059111406e-01,7.728143369571466303e-01,1.003224994715140456e-01,1.000000000000000000e+00,2.824865931205822189e-01,-6.480786480998534937e-01,8.631399501576284550e-01,7.155564609907790752e-01,7.922285820094395747e-01,8.493660162672680425e-01,7.470741506751160665e-01,7.390499467143116785e-01,6.075350913558891230e-01,7.208153191482663535e-01,6.601317607492311890e-01,8.132142731654907752e-01,7.647143579162500870e-01,5.334808829404743546e-01,8.188961664040977917e-01,6.983369973108107809e-01,6.349293295327590458e-01,7.923148470034272473e-01,5.672797420708158844e-02,6.103512112421987101e-01,3.549447467415731139e-01,3.649536887148222553e-01,7.000688886240724607e-01,7.618655538409884187e-01,5.494138372926666847e-01,7.541776411477310038e-01,7.830537698849514561e-01,6.585338251448561442e-01
2.839536098743683512e-01,2.611151875033837499e-01,1.821472097887662511e-01,-3.262130563196699029e-01,9.600870842497126467e-02,1.030053719733032142e-01,-4.740289362888236990e-01,-2.083111429838193085e-01,2.509601805086872361e-01,-5.180489301382969897e-02,2.824865931205822189e-01,1.000000000000000000e+00,-2.963385930783129507e-01,2.068587188788126863e-01,3.889252673585648634e-01,2.703705148122097501e-01,2.680420339424973153e-01,1.717556581453257292e-01,1.257018872232278650e-01,1.266509319883966367e-01,1.548330486809247619e-01,8.268317562455596015e-02,2.074203846222892889e-01,4.012219909304391013e-02,2.577835085229919845e-02,2.600901135302976508e-01,1.995455334892594357e-01,2.104587073841468203e-01,2.784153127226992597e-01,1.270664622272600353e-01,1.596709491677673343e-01,1.311819351243090070e-01,-3.755675654254649141e-03,2.563400079492866301e-01,2.310180819241672290e-01,1.735044204563244430e-01,2.011534894585388922e-01,2.963827197575628070e-01,2.503563567848869909e-01
-7.239052191542360015e-01,-6.156128640818506748e-01,-6.661611080097017412e-01,7.341436009977976296e-01,-4.669782212879050598e-01,-6.101808078251951262e-01,4.958747417850505046e-02,6.576557011635835170e-01,-6.527677681086108130e-01,1.096608979277085838e-01,-6.480786480998534937e-01,-2.963385930783129507e-01,1.000000000000000000e+00,-7.063252374435859959e-01,-6.987260769259409088e-01,-6.689598112216005310e-01,-7.266341349594155341e-01,-6.440109752682998678e-01,-6.273989768100572961e-01,-4.812179489430326584e-01,-6.135645675486123274e-01,-5.483910637529649801e-01,-6.778447086954901835e-01,-5.014253382518323310e-01,-2.482936644990529629e-01,-7.556168839235315460e-01,-5.300010144649356381e-01,-7.348449876371804246e-01,-7.280336728064077390e-01,-1.672322512676875095e-01,-6.992144103420903090e-01,-3.205910794474129966e-01,-1.809853969793084327e-01,-6.710681839481775768e-01,-6.197187077188536231e-01,-4.774877763209415815e-01,-5.496002563990783907e-01,-7.068973818941998166e-01,-4.673790012513868164e-01
8.668508980241123041e-01,8.017422851888896806e-01,8.829449733881102880e-01,-7.233432564718024205e-01,6.834227598017224015e-01,7.688043034505852580e-01,1.039251930885371628e-01,-8.761149860537916778e-01,8.646166953454040849e-01,-2.795267847421128993e-02,8.631399501576284550e-01,2.068587188788126863e-01,-7.063252374435859959e-01,1.000000000000000000e+00,7.355882686761026079e-01,8.169872926259336143e-01,8.814002577062179933e-01,8.102266359333121226e-01,7.826487940167153878e-01,6.808230552690044401e-01,8.229776879344812279e-01,7.772224499196005443e-01,8.820974478459365775e-01,7.939997664006299694e-01,4.671159527161920511e-01,8.887416243960688522e-01,7.391788525789507736e-01,7.416161139535242253e-01,8.920343897637642572e-01,2.962124617889010103e-02,6.035746430359395509e-01,4.151415291824417930e-01,4.162560107483456728e-01,8.102376186696284011e-01,8.183951827958474423e-01,6.533401628121241478e-01,7.824182127343426441e-01,8.554690215347134918e-01,7.297774417163709337e-01
8.275539249519303642e-01,7.392082840986380354e-01,6.770105763840268409e-01,-8.498022970406547971e-01,4.106892607041922605e-01,5.444440586659368142e-01,-4.579904266417900160e-02,-6.959002107736743659e-01,6.809249552751653889e-01,-2.090164260412291086e-01,7.155564609907790752e-01,3.889252673585648634e-01,-6.987260769259409088e-01,7.355882686761026079e-01,1.000000000000000000e+00,7.020472854956754105e-01,7.961370939488920939e-01,7.175212201482131791e-01,7.428223386511761950e-01,5.548231496863060830e-01,6.950987255856810876e-01,5.986747856573180204e-01,7.264871583778412800e-01,5.203634093056201948e-01,2.157073689875409206e-01,8.144140151535138594e-01,5.330479595919453972e-01,6.719510958269336864e-01,7.999322257554718485e-01,3.478980054355986784e-01,4.489672195866614146e-01,1.787510683490294294e-01,1.458189424416424795e-01,7.660515862081386240e-01,7.233776581198787525e-01,3.771762090623565489e-01,7.091745202912542734e-01,8.689813757893977142e-01,6.475944449440783623e-01
8.500000838682684190e-01,8.832393233072637351e-01,7.734374707767498469e-01,-6.940455723762660734e-01,6.191367901553671560e-01,6.730861346559360303e-01,8.335180704832186038e-02,-7.794762935416973404e-01,8.106287906149429734e-01,2.517091674109843691e-01,7.922285820094395747e-01,2.703705148122097501e-01,-6.689598112216005310e-01,8.169872926259336143e-01,7.020472854956754105e-01,1.000000000000000000e+00,7.840768668473578895e-01,7.595471852760575793e-01,6.594901702864265358e-01,5.986275906019845605e-01,6.893535942384588777e-01,6.111025747237707195e-01,8.769200915759939319e-01,6.969210281955403596e-01,5.128398310578263786e-01,8.409123826152551384e-01,6.499217567082367086e-01,7.081841049880884809e-01,8.135715379702104233e-01,1.141888518182721385e-01,5.457928274302056293e-01,4.491150453105626217e-01,3.580192987479791644e-01,7.759218614283053261e-01,7.488120732414957903e-01,6.955898407578989806e-01,7.504942533158805995e-01,8.071288347827024756e-01,7.544463205718510146e-01
8.910956986397428059e-01,7.882875252701968538e-01,7.614076843267668648e-01,-8.008582011083371643e-01,4.866792363883828965e-01,7.816199786321363918e-01,7.483402842801852028e-02,-7.592750135264032529e-01,7.670006346137182573e-01,-2.105003868181200000e-01,8.493660162672680425e-01,2.680420339424973153e-01,-7.266341349594155341e-01,8.814002577062179933e-01,7.961370939488920939e-01,7.840768668473578895e-01,1.000000000000000000e+00,8.181746039564630202e-01,8.249262059556216053e-01,6.377062057350143531e-01,7.758188353390386149e-01,6.771114269785417639e-01,7.848704720216226338e-01,7.004481195205756183e-01,2.422344771968208132e-01,8.937725604303052851e-01,6.701360400668767703e-01,7.647298560049902161e-01,9.108742266604058502e-01,1.450631830592581106e-01,5.503848795074320899e-01,3.346215627536569537e-01,2.005544213310577750e-01,7.779633267139821617e-01,7.911985186509574719e-01,4.946139240772577939e-01,7.390468426536744850e-01,8.783821338097534959e-01,6.292086568090639043e-01
8.637819831728511533e-01,7.651694700303546259e-01,7.547502726476538193e-01,-6.566455024390716044e-01,5.768108399768870909e-01,6.687205038236869736e-01,1.499301392809417599e-01,-7.557508362928810897e-01,7.211098880301383129e-01,-6.843457828630343520e-02,7.470741506751160665e-01,1.717556581453257292e-01,-6.440109752682998678e-01,8.102266359333121226e-01,7.175212201482131791e-01,7.595471852760575793e-01,8.181746039564630202e-01,1.000000000000000000e+00,7.705327958214867046e-01,5.870533885677254871e-01,7.471747940790313125e-01,6.906950385968863015e-01,8.385254257172496395e-01,7.400742871769639963e-01,4.073110847555716507e-01,8.912377147281286272e-01,6.423874246333727278e-01,6.839849115244991395e-01,8.338556827063311472e-01,1.550234295626372605e-01,4.768489313592116918e-01,1.843810551637626027e-01,2.625072413678974925e-01,7.034166914017747629e-01,8.319180865056536867e-01,4.373010058257860155e-01,8.096139957298447154e-01,8.184787726480127201e-01,6.780390218655589774e-01
7.896972514926685616e-01,6.975981220550342421e-01,7.112941180604355207e-01,-7.032371280290762305e-01,4.130701667220840756e-01,6.666106849992839978e-01,1.860755703769909897e-01,-7.078433242742832032e-01,6.488361313071635550e-01,-2.543086179177317940e-01,7.390499467143116785e-01,1.257018872232278650e-01,-6.273989768100572961e-01,7.826487940167153878e-01,7.428223386511761950e-01,6.594901702864265358e-01,8.249262059556216053e-01,7.705327958214867046e-01,1.000000000000000000e+00,6.225660019054267691e-01,7.692353095960170473e-01,7.074257425575328773e-01,6.844628934379063390e-01,6.141818179984647186e-01,1.973799037794417566e-01,7.949132099645980221e-01,6.323009479959417201e-01,6.386895303307792426e-01,7.887185933230846935e-01,1.904711353023834375e-01,5.020414023219644806e-01,1.855419198386850099e-01,1.662908173809831969e-01,7.313784649370976831e-01,7.389870482491290860e-01,3.404439534963225045e-01,6.794581956106181542e-01,8.091953678899379554e-01,5.174427145344175916e-01
6.623616691939415713e-01,6.130776994591565776e-01,6.081796629917218810e-01,-5.306571370185103609e-01,4.886825988879885951e-01,5.828071148285668412e-01,2.002444098104653666e-02,-6.290228879465906697e-01,5.612063599239548450e-01,7.870930413768852454e-03,6.075350913558891230e-01,1.266509319883966367e-01,-4.812179489430326584e-01,6.808230552690044401e-01,5.548231496863060830e-01,5.986275906019845605e-01,6.377062057350143531e-01,5.870533885677254871e-01,6.225660019054267691e-01,1.000000000000000000e+00,5.809779608857357225e-01,5.877824844098186174e-01,6.543327189828108681e-01,5.843832525099696973e-01,3.498945633785535692e-01,6.887198690850194760e-01,4.885048027446488028e-01,5.551570571363241280e-01,6.070758710037412742e-01,4.358549093110584971e-02,3.458626319686204376e-01,2.017288172659723877e-01,1.195153102270934825e-01,6.290792437515672075e-01,5.448492474038096889e-01,3.736646254734876105e-01,5.124785497039613391e-01,6.510159773878299028e-01,4.997883801207054222e-01
7.824645775404771575e-01,7.231904710970792349e-01,8.801604749995105559e-01,-7.033608778044682097e-01,5.289154291288168386e-01,6.779513584647128832e-01,6.581027473478193168e-02,-8.818281891139914119e-01,7.405418560009869866e-01,-1.742486874654671225e-01,7.208153191482663535e-01,1.548330486809247619e-01,-6.135645675486123274e-01,8.229776879344812279e-01,6.950987255856810876e-01,6.893535942384588777e-01,7.758188353390386149e-01,7.471747940790313125e-01,7.692353095960170473e-01,5.809779608857357225e-01,1.000000000000000000e+00,8.723916978657972887e-01,7.574433976580006167e-01,6.561028392118694041e-01,2.934014939348895123e-01,8.088267772732475880e-01,7.047083934523098447e-01,7.403887706055578555e-01,8.279293373809271106e-01,6.081934208575108525e-02,5.571808239356544901e-01,3.118697630338333471e-01,5.562926023683077981e-01,7.507641641410065514e-01,7.634420038818813259e-01,5.334851820548781598e-01,7.245995519999502976e-01,7.852095560684464459e-01,5.636633308239723528e-01
6.785898012471095475e-01,6.393610037716190853e-01,8.089055353748560995e-01,-5.965706068897244085e-01,5.411376483779756219e-01,6.229003209218721970e-01,1.028754926694387395e-01,-8.118378852039371818e-01,6.648254395788787408e-01,-1.125215659070756963e-01,6.601317607492311890e-01,8.268317562455596015e-02,-5.483910637529649801e-01,7.772224499196005443e-01,5.986747856573180204e-01,6.111025747237707195e-01,6.771114269785417639e-01,6.906950385968863015e-01,7.074257425575328773e-01,5.877824844098186174e-01,8.723916978657972887e-01,1.000000000000000000e+00,7.075269121839220521e-01,6.263001811638790883e-01,3.349018483342809938e-01,7.236368227502466555e-01,6.606735982231701776e-01,6.811940100708756551e-01,7.136002433290093983e-01,-6.419124287789797212e-02,5.502381597410931358e-01,2.460383677016506343e-01,5.747661781260864355e-01,6.734508037432970218e-01,6.512347051024865996e-01,5.021907101494562653e-01,6.357055944664173897e-01,6.601970962713281654e-01,4.922613592394380899e-01
8.645193123688804659e-01,8.378358077979743967e-01,8.642674942409475092e-01,-6.738360584890479288e-01,7.726252776434350267e-01,6.429553125741853670e-01,6.704764774227253699e-02,-8.673296325573167653e-01,8.560690818316771811e-01,1.984812323573462711e-01,8.132142731654907752e-01,2.074203846222892889e-01,-6.778447086954901835e-01,8.820974478459365775e-01,7.264871583778412800e-01,8.769200915759939319e-01,7.848704720216226338e-01,8.385254257172496395e-01,6.844628934379063390e-01,6.543327189828108681e-01,7.574433976580006167e-01,7.075269121839220521e-01,1.000000000000000000e+00,7.980590574177126584e-01,6.586783991328001298e-01,8.988135910733926481e-01,7.282517500176240999e-01,6.866779162540151971e-01,8.303891854337906997e-01,7.360646034856295483e-02,5.374478393327837278e-01,3.898846109318462871e-01,4.401175734569697240e-01,7.808774339523297803e-01,8.083884733488398977e-01,6.800187391894995104e-01,8.168032789294912277e-01,8.268280325160295430e-01,8.098437263664278740e-01
7.248733268009838193e-01,6.530192120098977648e-01,7.179378314642399506e-01,-4.877103617175006511e-01,6.695615508096260937e-01,6.515877416458595306e-01,2.132537280513134847e-01,-6.918780824680526020e-01,6.586395530171084145e-01,1.303024708167643264e-01,7.647143579162500870e-01,4.012219909304391013e-02,-5.014253382518323310e-01,7.939997664006299694e-01,5.203634093056201948e-01,6.969210281955403596e-01,7.004481195205756183e-01,7.400742871769639963e-01,6.141818179984647186e-01,5.843832525099696973e-01,6.561028392118694041e-01,6.263001811638790883e-01,7.980590574177126584e-01,1.000000000000000000e+00,5.983492237187306717e-01,7.689349270683517590e-01,6.634601588547647255e-01,5.378876299767931801e-01,6.977394563124744709e-01,-8.405323904532226165e-02,4.800506453636157467e-01,3.116388967805474586e-01,3.362357404009464479e-01,5.894869908335631514e-01,7.664055146411085095e-01,4.777762075156124499e-01,7.565944195838125719e-01,6.606650535304402494e-01,6.294881613854674818e-01
3.248159911029870894e-01,3.902032926777803112e-01,5.494450509382250436e-01,-1.250876612601815319e-01,8.531174424750634921e-01,1.490192390048775128e-01,4.028948999554558819e-02,-5.443992002004871544e-01,5.232158991089793654e-01,6.952221497053254762e-01,5.334808829404743546e-01,2.577835085229919845e-02,-2.482936644990529629e-01,4.671159527161920511e-01,2.157073689875409206e-01,5.128398310578263786e-01,2.422344771968208132e-01,4.073110847555716507e-01,1.973799037794417566e-01,3.498945633785535692e-01,2.934014939348895123e-01,3.349018483342809938e-01,6.586783991328001298e-01,5.983492237187306717e-01,1.000000000000000000e+00,4.195631954619902237e-01,4.139514676128605575e-01,1.838769845377704604e-01,2.833250955444123198e-01,-1.597493232411986153e-01,3.280969058952947215e-01,3.115991199026958980e-01,5.035257973625422157e-01,2.786871005603883122e-01,3.683135029191474952e-01,5.235564898917164367e-01,4.533653427093575772e-01,2.945225362010872594e-01,5.633308160106175189e-01
9.351308073015776046e-01,8.402556246330156187e-01,8.307387008364895964e-01,-7.927589316663223862e-01,6.163558600864590398e-01,7.162072054207798688e-01,4.226014739598658171e-02,-8.356005399150251423e-01,8.065018760553295252e-01,-7.530645855100828734e-02,8.188961664040977917e-01,2.600901135302976508e-01,-7.556168839235315460e-01,8.887416243960688522e-01,8.144140151535138594e-01,8.409123826152551384e-01,8.937725604303052851e-01,8.912377147281286272e-01,7.949132099645980221e-01,6.887198690850194760e-01,8.088267772732475880e-01,7.236368227502466555e-01,8.988135910733926481e-01,7.689349270683517590e-01,4.195631954619902237e-01,1.000000000000000000e+00,7.355576602678740583e-01,7.884184197065412514e-01,9.155072756086292118e-01,1.612474223489550051e-01,5.633190313539057081e-01,3.348237451639734519e-01,2.876667704383930602e-01,8.129941155263532560e-01,8.647034384380953842e-01,5.600011153293301680e-01,8.364186809593580074e-01,9.042777237645329702e-01,7.258205458602414728e-01
7.106646605557263019e-01,7.320963288881051634e-01,7.232075443624106370e-01,-5.460641647739188365e-01,4.960116914533636012e-01,5.946634775789132465e-01,6.592016110064037593e-02,-7.272809205355087458e-01,7.032158567525838011e-01,1.023776354727243439e-02,6.983369973108107809e-01,1.995455334892594357e-01,-5.300010144649356381e-01,7.391788525789507736e-01,5.330479595919453972e-01,6.499217567082367086e-01,6.701360400668767703e-01,6.423874246333727278e-01,6.323009479959417201e-01,4.885048027446488028e-01,7.047083934523098447e-01,6.606735982231701776e-01,7.282517500176240999e-01,6.634601588547647255e-01,4.139514676128605575e-01,7.355576602678740583e-01,1.000000000000000000e+00,5.364063688834925792e-01,7.112033052496217200e-01,3.548129474422584417e-02,5.923117445803678383e-01,4.998350094538954735e-01,4.123438146505762347e-01,6.925851793016056801e-01,7.933356929285410031e-01,5.430155514090642122e-01,7.714298246904858214e-01,6.525518713936743209e-01,5.544770151187582430e-01
7.209621177363773059e-01,6.617336212536536477e-01,7.258533630542960413e-01,-8.445711346954277721e-01,4.875718615646457144e-01,7.481090083470889329e-01,5.077150582435134563e-02,-7.202632389138542424e-01,7.067117384012099324e-01,-1.043173806439104401e-01,6.349293295327590458e-01,2.104587073841468203e-01,-7.348449876371804246e-01,7.416161139535242253e-01,6.719510958269336864e-01,7.081841049880884809e-01,7.647298560049902161e-01,6.839849115244991395e-01,6.386895303307792426e-01,5.551570571363241280e-01,7.403887706055578555e-01,6.811940100708756551e-01,6.866779162540151971e-01,5.378876299767931801e-01,1.838769845377704604e-01,7.884184197065412514e-01,5.364063688834925792e-01,1.000000000000000000e+00,8.006225368833899125e-01,4.873777776053755950e-02,7.131981643832534523e-01,4.394134069785453067e-01,3.853717968521906956e-01,6.717930867498791425e-01,6.167853769171390832e-01,5.979673236805607139e-01,5.760026159068853957e-01,7.121973163054619027e-01,5.552937882878229425e-01
9.118646633348055364e-01,8.324502459193097170e-01,8.223303151863554650e-01,-8.097945849333666457e-01,5.168016940775016499e-01,7.644557706241034145e-01,7.101808995961751692e-02,-8.231255265454027192e-01,8.219309132629977199e-01,-1.714740021598845088e-01,7.923148470034272473e-01,2.784153127226992597e-01,-7.280336728064077390e-01,8.920343897637642572e-01,7.999322257554718485e-01,8.135715379702104233e-01,9.108742266604058502e-01,8.338556827063311472e-01,7.887185933230846935e-01,6.070758710037412742e-01,8.279293373809271106e-01,7.136002433290093983e-01,8.303891854337906997e-01,6.977394563124744709e-01,2.833250955444123198e-01,9.155072756086292118e-01,7.112033052496217200e-01,8.006225368833899125e-01,1.000000000000000000e+00,1.562974041352417631e-01,5.722877767440890384e-01,4.474450526529922811e-01,3.288208206177410942e-01,8.177185317329525027e-01,8.451683201052947458e-01,6.167075784014993678e-01,8.090221114604728703e-01,8.875260058797485030e-01,7.039736468086662535e-01
2.091017891730233835e-01,1.951313237715480153e-01,2.017894069903811843e-02,-2.278842244997716371e-01,-1.703143032785644495e-01,1.851826191618165945e-02,-6.647294241726099673e-02,-5.284646447216458098e-02,1.065916093233081896e-01,-1.418866606047694823e-01,5.672797420708158844e-02,1.270664622272600353e-01,-1.672322512676875095e-01,2.962124617889010103e-02,3.478980054355986784e-01,1.141888518182721385e-01,1.450631830592581106e-01,1.550234295626372605e-01,1.904711353023834375e-01,4.358549093110584971e-02,6.081934208575108525e-02,-6.419124287789797212e-02,7.360646034856295483e-02,-8.405323904532226165e-02,-1.597493232411986153e-01,1.612474223489550051e-01,3.548129474422584417e-02,4.873777776053755950e-02,1.562974041352417631e-01,1.000000000000000000e+00,1.784078752491191980e-02,-9.052321668561648382e-02,-2.391629581332272436e-01,2.521521850626495254e-01,1.938533510155694695e-01,-2.372156189427618578e-01,1.741549362083935348e-01,2.824960818959557085e-01,2.088234281847031470e-01
4.823140910741210430e-01,5.043050452016686336e-01,6.316593925500733064e-01,-5.701136143610010532e-01,4.984714837849024693e-01,5.961331991747894632e-01,1.175281546703390995e-01,-6.110691919892872193e-01,5.918560258013010333e-01,1.308908482331223866e-01,6.103512112421987101e-01,1.596709491677673343e-01,-6.992144103420903090e-01,6.035746430359395509e-01,4.489672195866614146e-01,5.457928274302056293e-01,5.503848795074320899e-01,4.768489313592116918e-01,5.020414023219644806e-01,3.458626319686204376e-01,5.571808239356544901e-01,5.502381597410931358e-01,5.374478393327837278e-01,4.800506453636157467e-01,3.280969058952947215e-01,5.633190313539057081e-01,5.923117445803678383e-01,7.131981643832534523e-01,5.722877767440890384e-01,1.784078752491191980e-02,1.000000000000000000e+00,5.637013485694257753e-01,4.210811715858658877e-01,4.876141219513639435e-01,5.087729227691411005e-01,5.543204643808991028e-01,4.654571954520032029e-01,4.631561026628356337e-01,3.997066047954530021e-01
2.968502935739157356e-01,4.263192875448291730e-01,4.446497970851699399e-01,-3.390772512032557695e-01,3.628404040483474979e-01,4.217299888162746035e-01,4.399406845477554784e-02,-4.377842721296069106e-01,5.145696658072006491e-01,2.944086076979831046e-01,3.549447467415731139e-01,1.311819351243090070e-01,-3.205910794474129966e-01,4.151415291824417930e-01,1.787510683490294294e-01,4.491150453105626217e-01,3.346215627536569537e-01,1.843810551637626027e-01,1.855419198386850099e-01,2.017288172659723877e-01,3.118697630338333471e-01,2.460383677016506343e-01,3.898846109318462871e-01,3.116388967805474586e-01,3.115991199026958980e-01,3.348237451639734519e-01,4.998350094538954735e-01,4.394134069785453067e-01,4.474450526529922811e-01,-9.052321668561648382e-02,5.637013485694257753e-01,1.000000000000000000e+00,4.264972030333673558e-01,3.429983769337440758e-01,3.279755870747375068e-01,6.945228147114207440e-01,3.433176396974096378e-01,2.655190916357725861e-01,4.124646702169452728e-01
1.943045661844632344e-01,2.829895296800572502e-01,6.245362393282621882e-01,-2.322305425152459413e-01,6.097789121165176907e-01,2.018711390573588449e-01,-3.830198738840131373e-02,-6.157789482611113474e-01,5.232477162009598892e-01,3.384832838241489394e-01,3.649536887148222553e-01,-3.755675654254649141e-03,-1.809853969793084327e-01,4.162560107483456728e-01,1.458189424416424795e-01,3.580192987479791644e-01,2.005544213310577750e-01,2.625072413678974925e-01,1.662908173809831969e-01,1.195153102270934825e-01,5.562926023683077981e-01,5.747661781260864355e-01,4.401175734569697240e-01,3.362357404009464479e-01,5.035257973625422157e-01,2.876667704383930602e-01,4.123438146505762347e-01,3.853717968521906956e-01,3.288208206177410942e-01,-2.391629581332272436e-01,4.210811715858658877e-01,4.264972030333673558e-01,1.000000000000000000e+00,2.685753419658977736e-01,2.504535206332264563e-01,6.192061721349625403e-01,3.225575577584310349e-01,1.985712111017734760e-01,3.412771972732000503e-01
8.479053225262022098e-01,8.009204103487209681e-01,7.841701356139290091e-01,-7.422046371816440891e-01,4.714547740294612876e-01,6.864495819656184494e-01,-4.653192188471782891e-03,-7.943718080085426791e-01,8.308308671915626276e-01,-1.124426598880635952e-01,7.000688886240724607e-01,2.563400079492866301e-01,-6.710681839481775768e-01,8.102376186696284011e-01,7.660515862081386240e-01,7.759218614283053261e-01,7.779633267139821617e-01,7.034166914017747629e-01,7.313784649370976831e-01,6.290792437515672075e-01,7.507641641410065514e-01,6.734508037432970218e-01,7.808774339523297803e-01,5.894869908335631514e-01,2.786871005603883122e-01,8.129941155263532560e-01,6.925851793016056801e-01,6.717930867498791425e-01,8.177185317329525027e-01,2.521521850626495254e-01,4.876141219513639435e-01,3.429983769337440758e-01,2.685753419658977736e-01,1.000000000000000000e+00,7.431278053236064496e-01,5.408660721298487184e-01,6.893576818675228868e-01,8.632082883567357978e-01,6.793398961998458052e-01
8.730083932376997424e-01,8.093153719150628644e-01,7.398351125500289838e-01,-6.457140318074144902e-01,4.836134485690713469e-01,6.679534994922999847e-01,1.390311371414352237e-01,-7.418512067991964720e-01,7.189685626624791048e-01,-9.079378781436538148e-02,7.618655538409884187e-01,2.310180819241672290e-01,-6.197187077188536231e-01,8.183951827958474423e-01,7.233776581198787525e-01,7.488120732414957903e-01,7.911985186509574719e-01,8.319180865056536867e-01,7.389870482491290860e-01,5.448492474038096889e-01,7.634420038818813259e-01,6.512347051024865996e-01,8.083884733488398977e-01,7.664055146411085095e-01,3.683135029191474952e-01,8.647034384380953842e-01,7.933356929285410031e-01,6.167853769171390832e-01,8.451683201052947458e-01,1.938533510155694695e-01,5.087729227691411005e-01,3.279755870747375068e-01,2.504535206332264563e-01,7.431278053236064496e-01,1.000000000000000000e+00,4.685328445690430388e-01,9.282165059990388212e-01,8.134469749080359691e-01,6.717659057423095437e-01
5.192235062558846481e-01,6.150756642024339804e-01,6.864038174661469816e-01,-4.827914489947443544e-01,6.559299678576719916e-01,4.607148790183702158e-01,4.255899075157071332e-02,-6.773167404591160512e-01,7.551413054301905348e-01,3.512577020622475454e-01,5.494138372926666847e-01,1.735044204563244430e-01,-4.774877763209415815e-01,6.533401628121241478e-01,3.771762090623565489e-01,6.955898407578989806e-01,4.946139240772577939e-01,4.373010058257860155e-01,3.404439534963225045e-01,3.736646254734876105e-01,5.334851820548781598e-01,5.021907101494562653e-01,6.800187391894995104e-01,4.777762075156124499e-01,5.235564898917164367e-01,5.600011153293301680e-01,5.430155514090642122e-01,5.979673236805607139e-01,6.167075784014993678e-01,-2.372156189427618578e-01,5.543204643808991028e-01,6.945228147114207440e-01,6.192061721349625403e-01,5.408660721298487184e-01,4.685328445690430388e-01,1.000000000000000000e+00,4.907963610049791425e-01,4.927530159309819746e-01,6.059150951501430793e-01
8.235585356049835992e-01,8.004666053566621420e-01,7.200972743204586690e-01,-6.167374027335116304e-01,5.200599609810651058e-01,5.896046326689732275e-01,1.215109121882289311e-01,-7.307653106494661488e-01,7.009477063515305861e-01,1.500349945375490691e-02,7.541776411477310038e-01,2.011534894585388922e-01,-5.496002563990783907e-01,7.824182127343426441e-01,7.091745202912542734e-01,7.504942533158805995e-01,7.390468426536744850e-01,8.096139957298447154e-01,6.794581956106181542e-01,5.124785497039613391e-01,7.245995519999502976e-01,6.357055944664173897e-01,8.168032789294912277e-01,7.565944195838125719e-01,4.533653427093575772e-01,8.364186809593580074e-01,7.714298246904858214e-01,5.760026159068853957e-01,8.090221114604728703e-01,1.741549362083935348e-01,4.654571954520032029e-01,3.433176396974096378e-01,3.225575577584310349e-01,6.893576818675228868e-01,9.282165059990388212e-01,4.907963610049791425e-01,1.000000000000000000e+00,7.613408514449074849e-01,6.863534504874831965e-01
9.307338643280038681e-01,8.350044923204865688e-01,7.935855513278956552e-01,-7.936798878256086098e-01,5.109872970019824212e-01,6.998403698674481310e-01,3.604290181984135671e-02,-7.999525892539821603e-01,8.084338458894859691e-01,-1.664084406453093801e-01,7.830537698849514561e-01,2.963827197575628070e-01,-7.068973818941998166e-01,8.554690215347134918e-01,8.689813757893977142e-01,8.071288347827024756e-01,8.783821338097534959e-01,8.184787726480127201e-01,8.091953678899379554e-01,6.510159773878299028e-01,7.852095560684464459e-01,6.601970962713281654e-01,8.268280325160295430e-01,6.606650535304402494e-01,2.945225362010872594e-01,9.042777237645329702e-01,6.525518713936743209e-01,7.121973163054619027e-01,8.875260058797485030e-01,2.824960818959557085e-01,4.631561026628356337e-01,2.655190916357725861e-01,1.985712111017734760e-01,8.632082883567357978e-01,8.134469749080359691e-01,4.927530159309819746e-01,7.613408514449074849e-01,1.000000000000000000e+00,7.434633652081560351e-01
7.307931711127363394e-01,7.477499691943522153e-01,7.061858950391944889e-01,-5.789180691113345878e-01,6.579912417672336700e-01,5.313803824756083705e-01,4.995146718261643526e-02,-7.044302044131022233e-01,8.072621263904732336e-01,2.429816396260783551e-01,6.585338251448561442e-01,2.503563567848869909e-01,-4.673790012513868164e-01,7.297774417163709337e-01,6.475944449440783623e-01,7.544463205718510146e-01,6.292086568090639043e-01,6.780390218655589774e-01,5.174427145344175916e-01,4.997883801207054222e-01,5.636633308239723528e-01,4.922613592394380899e-01,8.098437263664278740e-01,6.294881613854674818e-01,5.633308160106175189e-01,7.258205458602414728e-01,5.544770151187582430e-01,5.552937882878229425e-01,7.039736468086662535e-01,2.088234281847031470e-01,3.997066047954530021e-01,4.124646702169452728e-01,3.412771972732000503e-01,6.793398961998458052e-01,6.717659057423095437e-01,6.059150951501430793e-01,6.863534504874831965e-01,7.434633652081560351e-01,1.000000000000000000e+00
