1.000000000000000000e+00,8.374933829525722517e-01,5.117796347621139663e-01,2.830888001854023339e-01,5.006944340137549077e-01,5.345092894153002927e-02,1.053247314181866429e-01,-4.850539987658092911e-01,7.447512329653486196e-01,7.610171243791790108e-01,5.834526639533793579e-01,3.111660921694365256e-01,-3.482801522813570028e-01,4.848472543272522306e-01,8.857692674123227028e-02,6.868413102577339835e-01,4.219370672970888525e-01,2.323136372857465271e-01,1.420382961838262681e-01,2.248391838167142220e-01,1.334721071477011078e-01,4.486699626675343389e-01,4.501669494332884436e-01,9.225830829159318430e-03,5.957198059880115526e-01,6.433846084809207166e-01,6.304284600396163896e-01,5.861936710335043932e-01,7.640825465379275094e-01,7.632894507227956371e-01,4.758484545436686974e-01,4.455850032831090157e-01,1.911960307286053318e-01,4.473735232049849686e-01,2.672041316769566133e-01,4.018522239207136804e-01,3.641312416864443957e-01,6.448271665921641027e-01,3.360734107242144275e-01
8.374933829525722517e-01,1.000000000000000000e+00,5.408249046535943405e-01,2.069314998319788379e-01,5.085015462678206255e-01,2.783400929319492789e-01,3.698230278189541809e-02,-4.445291141268012947e-01,7.229329669877290199e-01,6.510161161028357180e-01,6.279270543834147844e-01,2.774873516981532506e-01,-4.569358007475323169e-01,4.562398531551681291e-01,3.175430896522579011e-02,6.327192569779127584e-01,5.256161320062615605e-01,3.577538869145288625e-01,3.226102039207610073e-01,1.870979537758080680e-01,1.430306383851980834e-01,4.129078593731531077e-01,4.830669373519168031e-01,2.563887319033270398e-02,5.454567306226810741e-01,7.177647362303114509e-01,6.483030373138253255e-01,5.789247481149775165e-01,7.435309541934606026e-01,6.871799117548643698e-01,5.310569704832081017e-01,6.362887263590379927e-01,2.008193964169480150e-01,4.210670278790609178e-01,3.114491050550958207e-01,4.181905373345362054e-01,4.629182171075763574e-01,4.953479233624690781e-01,2.421699050984488510e-01
5.117796347621139663e-01,5.408249046535943405e-01,1.000000000000000000e+00,2.232083121173055462e-01,8.398371779863288422e-01,-1.249949332409450720e-01,6.125330663838534501e-02,-8.629807599005214769e-01,8.062983005514097190e-01,3.635421518051292766e-01,6.089016050528985868e-01,4.494805529014955781e-01,-4.191596004649564278e-01,7.422831870792188091e-01,2.897496398567547260e-01,5.479241899373727964e-01,5.188820626939352199e-01,5.792596786886231586e-01,5.417731738541926578e-01,3.622291298686767802e-01,6.453361622619103732e-01,7.868308907868603042e-01,4.691145371338686920e-01,3.987979931932148503e-01,5.126800958761525973e-01,5.890178031740360698e-01,5.163108694721543213e-01,6.609446339684357241e-01,4.314945825026844095e-01,5.466868011371739389e-01,6.416723733934598384e-01,5.974513559037929467e-01,7.350164661125495602e-01,8.175996755848988773e-01,1.939858832053112936e-01,7.074739209244314264e-02,5.754280797899751221e-01,5.726583884494859111e-01,4.466464924027045424e-01
2.830888001854023339e-01,2.069314998319788379e-01,2.232083121173055462e-01,1.000000000000000000e+00,2.025851066221708296e-01,-3.723133235534706875e-01,5.365311840671237453e-01,-2.475787913484419345e-01,2.484243590072286179e-01,3.839193981944039602e-01,3.004640211997524624e-01,6.203740808590098021e-01,-1.021659108764978452e-01,3.445465196619547088e-01,4.453528677607533903e-01,4.740128593881097752e-01,4.708188163388458136e-01,3.415688485499753235e-01,2.521307503069857847e-01,7.734718437506763467e-01,-3.666204174917573472e-02,4.339282447529831943e-01,2.514921586839632406e-01,6.774315278726919520e-03,2.997181130549447792e-01,4.530416100750022657e-01,2.236843642796081111e-01,4.847566349586457379e-01,2.615205974937789279e-01,3.078568515585705656e-02,3.769055990432571557e-01,3.607265592253831032e-01,3.029960912596205147e-01,1.652154150226132767e-01,5.515723002738797537e-02,3.487341201605688168e-01,4.392271165858873672e-01,3.271429654584207536e-01,4.491006858771105503e-01
5.006944340137549077e-01,5.085015462678206255e-01,8.398371779863288422e-01,2.025851066221708296e-01,1.000000000000000000e+00,-2.002307841080568918e-01,8.881917222461187256e-02,-7.519565066854423385e-01,7.448583265978850898e-01,3.676869433727531500e-01,5.493494854167806363e-01,4.610180010248817739e-01,-4.136782176769657760e-01,7.716272420840282198e-01,2.643285299730669391e-01,5.065189401960401572e-01,4.124921413898297029e-01,5.616794085383217672e-01,4.941524335135427104e-01,3.356297469100749664e-01,5.445198923795881996e-01,7.191878122213609670e-01,5.012302538919155559e-01,4.555633706455650689e-01,5.869720442443436825e-01,5.256448384540395313e-01,4.803475588688771447e-01,5.909735454289491985e-01,3.810402289767534367e-01,5.788956513327621067e-01,6.333098716456887489e-01,4.916335787422814185e-01,6.859336546328965722e-01,7.983922781267668300e-01,1.855835289625789308e-01,3.807719312643240150e-02,5.002599434924963617e-01,6.036635070614542187e-01,5.630423151101381363e-01
5.345092894153002927e-02,2.783400929319492789e-01,-1.249949332409450720e-01,-3.723133235534706875e-01,-2.002307841080568918e-01,1.000000000000000000e+00,-2.424150234584169505e-01,2.268855459951042985e-01,-3.111285894071431218e-02,-4.534177807441984454e-02,-1.643659184076166555e-02,-3.781970374100401266e-01,-1.155470604584649258e-01,-1.074649983895448052e-01,-3.152680331984332174e-01,-8.826847575575898219e-02,5.312965003106011330e-02,-6.979936528041424774e-03,7.966038323097202056e-02,-2.992370511798920218e-01,-6.493421093517014187e-02,-2.542899558753325406e-01,8.552203282457805644e-02,-1.484155406353087625e-01,-1.373070796058274354e-02,5.942669320771405000e-02,3.932706869121491144e-02,-1.204429789772947929e-01,1.442068287386880920e-01,8.966889298874926306e-02,-9.715665148064353551e-02,1.042889704398029249e-01,-2.983406395211133377e-01,-2.406186142113379278e-01,1.221056909640154536e-01,1.301687838203469394e-01,-6.145537355965482312e-02,-2.744833381965123276e-01,-4.182103643580440955e-01
1.053247314181866429e-01,3.698230278189541809e-02,6.125330663838534501e-02,5.365311840671237453e-01,8.881917222461187256e-02,-2.424150234584169505e-01,1.000000000000000000e+00,-1.533458698229998585e-01,1.128763457127697906e-01,1.389669498216948018e-01,-9.403336049220009651e-02,1.863300327842674631e-01,1.297431470942735365e-01,1.047938391526817142e-01,2.097746402665696674e-01,2.467534941979965535e-01,6.530179481477402237e-02,6.912366510744004378e-02,5.625002794309621156e-03,4.456448574965372611e-01,-1.261473552046256941e-01,9.722629989393281880e-02,5.562839065549989026e-02,-2.690730840037631189e-01,6.782446383765787512e-02,1.682121793469431442e-02,-1.454438363634404374e-01,2.520237995047365856e-02,-1.017086256443176240e-01,2.494343137832897780e-02,4.796103637095479322e-02,3.447985014279360272e-02,-2.778853971496045641e-02,-2.209163639781362709e-02,-2.981009209249413372e-01,1.950375692839126096e-01,-1.291811778011878707e-02,6.805663919745531809e-02,2.250438321545825959e-01
-4.850539987658092911e-01,-4.445291141268012947e-01,-8.629807599005214769e-01,-2.475787913484419345e-01,-7.519565066854423385e-01,2.268855459951042985e-01,-1.533458698229998585e-01,1.000000000000000000e+00,-7.017603973622097424e-01,-3.679056612016566863e-01,-4.812054497199761416e-01,-3.913889647400412009e-01,3.451496902807781875e-01,-6.328059199704668680e-01,-2.206405644981753733e-01,-4.803886219973602656e-01,-3.755055819701880737e-01,-3.945461832605520747e-01,-3.454685324176121619e-01,-3.119967783846009368e-01,-5.253799654772725036e-01,-7.036175327035343319e-01,-3.830368028746459208e-01,-3.350726012772656803e-01,-5.025670883850651416e-01,-4.686957703313866519e-01,-4.078714199445278576e-01,-5.806974932677945178e-01,-3.511431758553947291e-01,-5.000167254054034283e-01,-5.309854996623675216e-01,-4.201879357788088076e-01,-6.126050299189661485e-01,-7.226629726755328109e-01,-1.659003915627709491e-01,-1.053918522095853433e-01,-4.384820054141240209e-01,-5.387602033377756339e-01,-3.897253831064521057e-01
7.447512329653486196e-01,7.229329669877290199e-01,8.062983005514097190e-01,2.484243590072286179e-01,7.448583265978850898e-01,-3.111285894071431218e-02,1.128763457127697906e-01,-7.017603973622097424e-01,1.000000000000000000e+00,5.533790648099541354e-01,6.653166602143165687e-01,4.151482377856182682e-01,-3.713479009280987730e-01,6.980857433919402943e-01,2.426668192574751026e-01,6.496534953973172044e-01,5.330196274544968249e-01,4.688982277199637005e-01,4.055657751647028797e-01,3.148053554494174566e-01,4.905861227129011404e-01,6.857442875954914419e-01,5.311990815673670596e-01,3.112698167365675617e-01,5.603775202766470009e-01,6.521647098339088400e-01,6.383125811033991681e-01,6.745965862709168981e-01,6.037729852460956836e-01,7.091162661147354385e-01,6.190424743041897937e-01,5.878162164746806306e-01,5.393602227166197638e-01,7.874766367062534522e-01,2.044891227976695924e-01,1.697600257514615130e-01,4.875737003258991398e-01,6.760724074450366050e-01,4.621675169513217440e-01
7.610171243791790108e-01,6.510161161028357180e-01,3.635421518051292766e-01,3.839193981944039602e-01,3.676869433727531500e-01,-4.534177807441984454e-02,1.389669498216948018e-01,-3.679056612016566863e-01,5.533790648099541354e-01,1.000000000000000000e+00,4.930938725651083376e-01,3.723832234021300924e-01,-2.977560880972174306e-01,3.716334900097513216e-01,9.135807944816090598e-02,8.203447828014478471e-01,3.880492103633753076e-01,2.648996434802449174e-01,2.065422325723096642e-01,3.163982950103064740e-01,-8.787044740202057391e-02,3.730550595635792610e-01,5.079121682809777383e-01,6.777159533221399634e-02,6.375463556629854533e-01,5.661490631087053860e-01,6.265190799218567363e-01,5.300882841532934542e-01,6.229094280220904833e-01,6.525577545378962174e-01,4.906208335268278375e-01,3.791305064186154539e-01,1.268274216934570653e-01,3.252679350589411378e-01,3.637614638772557751e-01,4.829704208100681351e-01,4.111929395644839946e-01,6.750753833766357515e-01,4.405247202760956271e-01
5.834526639533793579e-01,6.279270543834147844e-01,6.089016050528985868e-01,3.004640211997524624e-01,5.493494854167806363e-01,-1.643659184076166555e-02,-9.403336049220009651e-02,-4.812054497199761416e-01,6.653166602143165687e-01,4.930938725651083376e-01,1.000000000000000000e+00,5.059222451606599780e-01,-5.183786923100460742e-01,5.524686736003830978e-01,2.745038500061098286e-01,5.668046173525016496e-01,7.796892672817000713e-01,5.169459818033708132e-01,4.563661337855465794e-01,3.646638475982744709e-01,3.493103392767467619e-01,6.674569817571631702e-01,4.323321525380814379e-01,2.848599577903709323e-01,4.639196854393712877e-01,7.931300641263850926e-01,7.846154121967697792e-01,7.651882773862314080e-01,7.154374302015846787e-01,5.196092711627900984e-01,7.198208062649313899e-01,7.750424756468101695e-01,5.510411449238210579e-01,5.940085903071758988e-01,2.772910814631878162e-01,2.382760295633785386e-01,6.884970788997016866e-01,5.312715333903028636e-01,3.460847590525893414e-01
3.111660921694365256e-01,2.774873516981532506e-01,4.494805529014955781e-01,6.203740808590098021e-01,4.610180010248817739e-01,-3.781970374100401266e-01,1.863300327842674631e-01,-3.913889647400412009e-01,4.151482377856182682e-01,3.723832234021300924e-01,5.059222451606599780e-01,1.000000000000000000e+00,-3.246673395146318364e-01,4.940034265688564852e-01,7.389710103495736870e-01,5.012632424541253462e-01,5.175319614825293346e-01,6.166940472317591349e-01,4.707104724689643582e-01,7.352566315380215656e-01,1.312764995849949323e-01,5.710030261735041801e-01,3.859065139383361931e-01,2.181578377746685726e-01,3.874798244259206048e-01,5.644316615585551755e-01,4.882134181803269857e-01,6.478705730122792383e-01,3.264680467561054678e-01,1.799105010691656736e-01,5.448798601343841641e-01,5.225722440250002432e-01,5.370235186394189952e-01,4.890444306451006140e-01,1.635917265892226080e-01,2.410829545749961222e-01,6.164218384069279910e-01,5.808911751997851702e-01,7.235095632803032473e-01
-3.482801522813570028e-01,-4.569358007475323169e-01,-4.191596004649564278e-01,-1.021659108764978452e-01,-4.136782176769657760e-01,-1.155470604584649258e-01,1.297431470942735365e-01,3.451496902807781875e-01,-3.713479009280987730e-01,-2.977560880972174306e-01,-5.183786923100460742e-01,-3.246673395146318364e-01,1.000000000000000000e+00,-3.324970118040690426e-01,-1.342752086445165027e-01,-3.431669027100890390e-01,-3.891701838443829553e-01,-4.551172317185487870e-01,-4.317757492098352468e-01,-1.910108112463402286e-01,-2.146682825319915500e-01,-3.942346451903955828e-01,-2.393336846237605064e-01,-1.450362880201670757e-01,-3.309398911595468618e-01,-5.706630815411645186e-01,-5.060054067721801996e-01,-5.743112719636902508e-01,-4.889337673291733743e-01,-3.389769019609310541e-01,-6.867008862311436701e-01,-5.185112368905030467e-01,-3.329378120965797994e-01,-3.596622730017201008e-01,-2.062321095283329020e-01,-9.560813752456068237e-02,-4.933584807543563988e-01,-3.391363630452758349e-01,-2.019348858495568222e-01
4.848472543272522306e-01,4.562398531551681291e-01,7.422831870792188091e-01,3.445465196619547088e-01,7.716272420840282198e-01,-1.074649983895448052e-01,1.047938391526817142e-01,-6.328059199704668680e-01,6.980857433919402943e-01,3.716334900097513216e-01,5.524686736003830978e-01,4.940034265688564852e-01,-3.324970118040690426e-01,1.000000000000000000e+00,4.086794890886367715e-01,5.477093701727733244e-01,5.199652706082328324e-01,6.259660270055023013e-01,5.510247013886788725e-01,5.298969068454268960e-01,5.193546378906955807e-01,7.369642563956135817e-01,5.163241175600674637e-01,5.158541780199710214e-01,5.768079213287421458e-01,5.621764933612092285e-01,4.411117426244185458e-01,6.372650333694720448e-01,4.093116199509953534e-01,5.026838450371953204e-01,5.882930152507840349e-01,4.863961617823700512e-01,7.026673436027042197e-01,6.833343189498728432e-01,1.628539939332244169e-01,1.705899053238802421e-01,5.710621258230001995e-01,5.402611068090170665e-01,5.634881745028883504e-01
8.857692674123227028e-02,3.175430896522579011e-02,2.897496398567547260e-01,4.453528677607533903e-01,2.643285299730669391e-01,-3.152680331984332174e-01,2.097746402665696674e-01,-2.206405644981753733e-01,2.426668192574751026e-01,9.135807944816090598e-02,2.745038500061098286e-01,7.389710103495736870e-01,-1.342752086445165027e-01,4.086794890886367715e-01,1.000000000000000000e+00,2.274500981691491008e-01,3.385934347301804426e-01,5.211062710308426160e-01,3.769614892317124655e-01,6.527781284884743851e-01,2.035174156373617260e-01,4.569994936182009138e-01,2.241234565711726634e-01,1.196512386176507570e-01,1.406524639677221578e-01,3.545826218847694111e-01,2.194349625936400927e-01,4.750854764550734854e-01,1.273021546121883840e-01,7.081289166042692429e-02,2.907863648384117483e-01,2.743524985540469197e-01,4.584657197927431982e-01,3.123529769332137884e-01,-1.882312102235019768e-01,1.168226658300348941e-01,3.785491809630073812e-01,3.446658646491600475e-01,5.197628932966884552e-01
6.868413102577339835e-01,6.327192569779127584e-01,5.479241899373727964e-01,4.740128593881097752e-01,5.065189401960401572e-01,-8.826847575575898219e-02,2.467534941979965535e-01,-4.803886219973602656e-01,6.496534953973172044e-01,8.203447828014478471e-01,5.668046173525016496e-01,5.012632424541253462e-01,-3.431669027100890390e-01,5.477093701727733244e-01,2.274500981691491008e-01,1.000000000000000000e+00,5.446522243370170990e-01,4.917582317172375928e-01,4.431797838382880994e-01,5.192486184269070604e-01,7.638208379063370079e-02,5.405392109492823671e-01,5.973717829171452109e-01,1.237987911687117720e-01,6.329979638625454763e-01,6.404200863334612581e-01,6.322834217239279297e-01,5.997241606814411874e-01,5.838522834572493769e-01,6.088998944209070840e-01,6.335178831892648299e-01,5.708017315368981714e-01,3.337986685636750162e-01,4.767101240671963169e-01,2.803452102472945850e-01,4.874387492469430816e-01,5.856094226330317287e-01,7.164353649229339149e-01,5.710394540146486175e-01
4.219370672970888525e-01,5.256161320062615605e-01,5.188820626939352199e-01,4.708188163388458136e-01,4.124921413898297029e-01,5.312965003106011330e-02,6.530179481477402237e-02,-3.755055819701880737e-01,5.330196274544968249e-01,3.880492103633753076e-01,7.796892672817000713e-01,5.175319614825293346e-01,-3.891701838443829553e-01,5.199652706082328324e-01,3.385934347301804426e-01,5.446522243370170990e-01,1.000000000000000000e+00,5.792151151574552737e-01,5.273925585742083033e-01,5.268164292023636008e-01,2.636499471789687243e-01,6.148597212347722829e-01,3.975807592735965401e-01,1.839952137507470109e-01,3.412960741502170658e-01,7.686306696943273620e-01,6.120248300869609581e-01,6.971387246147637828e-01,6.095265323972419713e-01,2.737882877530324888e-01,6.595965572750017714e-01,8.105614578807841530e-01,4.916046810078839591e-01,4.489158754778577176e-01,2.947379786443835581e-01,3.980878808011994452e-01,7.593584112748500425e-01,3.210538818264760397e-01,2.796399956482253923e-01
2.323136372857465271e-01,3.577538869145288625e-01,5.792596786886231586e-01,3.415688485499753235e-01,5.616794085383217672e-01,-6.979936528041424774e-03,6.912366510744004378e-02,-3.945461832605520747e-01,4.688982277199637005e-01,2.648996434802449174e-01,5.169459818033708132e-01,6.166940472317591349e-01,-4.551172317185487870e-01,6.259660270055023013e-01,5.211062710308426160e-01,4.917582317172375928e-01,5.792151151574552737e-01,1.000000000000000000e+00,8.478037857372726638e-01,6.130433505298937824e-01,3.439746030069764648e-01,6.015929176142518209e-01,5.171232432038006532e-01,4.050646184807135119e-01,4.045948787831352700e-01,5.784218244382498542e-01,4.680339860109926087e-01,6.389518056956009495e-01,3.186688728353156974e-01,3.102380437627983434e-01,6.621628109537995854e-01,6.022489297044082424e-01,6.319099147755443679e-01,4.605516826488158522e-01,1.146724486114756303e-01,1.391457532870229163e-01,6.539420186045065142e-01,4.082786743310694022e-01,5.282656488377417414e-01
1.420382961838262681e-01,3.226102039207610073e-01,5.417731738541926578e-01,2.521307503069857847e-01,4.941524335135427104e-01,7.966038323097202056e-02,5.625002794309621156e-03,-3.454685324176121619e-01,4.055657751647028797e-01,2.065422325723096642e-01,4.563661337855465794e-01,4.707104724689643582e-01,-4.317757492098352468e-01,5.510247013886788725e-01,3.769614892317124655e-01,4.431797838382880994e-01,5.273925585742083033e-01,8.478037857372726638e-01,1.000000000000000000e+00,4.994369499788870459e-01,2.995119057401445239e-01,5.067588598915011566e-01,5.189561298665106293e-01,3.887417964252743996e-01,4.271319613739821830e-01,4.870878960879034825e-01,4.181012217079887461e-01,5.001013319803624402e-01,2.032713910458117668e-01,2.624898684191444564e-01,6.151318947170519857e-01,5.617496371757507712e-01,5.714083523132964526e-01,3.926570115197444144e-01,9.967471219950074790e-02,8.862451418860679830e-02,5.658060264786185511e-01,3.521571671607141019e-01,4.884659835505394954e-01
2.248391838167142220e-01,1.870979537758080680e-01,3.622291298686767802e-01,7.734718437506763467e-01,3.356297469100749664e-01,-2.992370511798920218e-01,4.456448574965372611e-01,-3.119967783846009368e-01,3.148053554494174566e-01,3.163982950103064740e-01,3.646638475982744709e-01,7.352566315380215656e-01,-1.910108112463402286e-01,5.298969068454268960e-01,6.527781284884743851e-01,5.192486184269070604e-01,5.268164292023636008e-01,6.130433505298937824e-01,4.994369499788870459e-01,1.000000000000000000e+00,1.029425355867567698e-01,5.441497149943750333e-01,3.690411630372688045e-01,1.841651718430430407e-01,3.350525798877542760e-01,4.892196770427292840e-01,2.705767713859977275e-01,5.586769653248485623e-01,2.223864058310989211e-01,6.901406867228916664e-02,4.815676353961590994e-01,4.463412748326956447e-01,5.195039035262436489e-01,2.795714672034651516e-01,1.597713318161872106e-02,2.894720777021850822e-01,5.820085461835201590e-01,3.736699617763082903e-01,5.889331905559710423e-01
1.334721071477011078e-01,1.430306383851980834e-01,6.453361622619103732e-01,-3.666204174917573472e-02,5.445198923795881996e-01,-6.493421093517014187e-02,-1.261473552046256941e-01,-5.253799654772725036e-01,4.905861227129011404e-01,-8.787044740202057391e-02,3.493103392767467619e-01,1.312764995849949323e-01,-2.146682825319915500e-01,5.193546378906955807e-01,2.035174156373617260e-01,7.638208379063370079e-02,2.636499471789687243e-01,3.439746030069764648e-01,2.995119057401445239e-01,1.029425355867567698e-01,1.000000000000000000e+00,6.195976500785085328e-01,1.682774550819211568e-01,3.482343147571355102e-01,1.095868976817496593e-01,2.940728466400321373e-01,2.471993090479163990e-01,3.884944643554528731e-01,1.924749732398471358e-01,2.564431077927505354e-01,2.917634330223939365e-01,2.774682226392618523e-01,6.306262623036895665e-01,5.819858559424376798e-01,4.622446804807634271e-03,-2.275685279943683303e-01,2.955875424822987374e-01,1.497608251281747627e-01,4.820085717383328777e-02
4.486699626675343389e-01,4.129078593731531077e-01,7.868308907868603042e-01,4.339282447529831943e-01,7.191878122213609670e-01,-2.542899558753325406e-01,9.722629989393281880e-02,-7.036175327035343319e-01,6.857442875954914419e-01,3.730550595635792610e-01,6.674569817571631702e-01,5.710030261735041801e-01,-3.942346451903955828e-01,7.369642563956135817e-01,4.569994936182009138e-01,5.405392109492823671e-01,6.148597212347722829e-01,6.015929176142518209e-01,5.067588598915011566e-01,5.441497149943750333e-01,6.195976500785085328e-01,1.000000000000000000e+00,4.278950824431892452e-01,3.937867505134345913e-01,4.441247837738562243e-01,6.567744244176462187e-01,5.528280356453116884e-01,7.543354613800851149e-01,4.713997722744739938e-01,4.258616593588192001e-01,6.986818302526329738e-01,5.718593492648129661e-01,7.594177741300377482e-01,7.366599984525888933e-01,1.458695394566602299e-01,1.622882800166847717e-01,6.219105819425464476e-01,5.515567873924392961e-01,4.733669479992688722e-01
4.501669494332884436e-01,4.830669373519168031e-01,4.691145371338686920e-01,2.514921586839632406e-01,5.012302538919155559e-01,8.552203282457805644e-02,5.562839065549989026e-02,-3.830368028746459208e-01,5.311990815673670596e-01,5.079121682809777383e-01,4.323321525380814379e-01,3.859065139383361931e-01,-2.393336846237605064e-01,5.163241175600674637e-01,2.241234565711726634e-01,5.973717829171452109e-01,3.975807592735965401e-01,5.171232432038006532e-01,5.189561298665106293e-01,3.690411630372688045e-01,1.682774550819211568e-01,4.278950824431892452e-01,1.000000000000000000e+00,3.570570622975910990e-01,7.496862592048787466e-01,4.753312697443967116e-01,5.171170780944620571e-01,4.348510034359827636e-01,4.013422384570032309e-01,5.613105537507162568e-01,4.137461063040416276e-01,4.217102489530844545e-01,3.330935009534041757e-01,4.123000803750883625e-01,1.890442403892823031e-01,2.082940391037654271e-01,4.376949313495878124e-01,5.031295228803221997e-01,4.753666750883462910e-01
9.225830829159318430e-03,2.563887319033270398e-02,3.987979931932148503e-01,6.774315278726919520e-03,4.555633706455650689e-01,-1.484155406353087625e-01,-2.690730840037631189e-01,-3.350726012772656803e-01,3.112698167365675617e-01,6.777159533221399634e-02,2.848599577903709323e-01,2.181578377746685726e-01,-1.450362880201670757e-01,5.158541780199710214e-01,1.196512386176507570e-01,1.237987911687117720e-01,1.839952137507470109e-01,4.050646184807135119e-01,3.887417964252743996e-01,1.841651718430430407e-01,3.482343147571355102e-01,3.937867505134345913e-01,3.570570622975910990e-01,1.000000000000000000e+00,3.449922071114637223e-01,1.265294596027152219e-01,2.296828696706529338e-01,2.958319364115231664e-01,2.996551927860038878e-02,1.418439758908210946e-01,2.978923739930663950e-01,1.747172261645780211e-01,5.775307578443814593e-01,4.958095761317802830e-01,2.354633037804065576e-01,-2.955805251186445770e-01,2.996759651892047516e-01,3.009829665674018107e-01,3.306373596249615465e-01
5.957198059880115526e-01,5.454567306226810741e-01,5.126800958761525973e-01,2.997181130549447792e-01,5.869720442443436825e-01,-1.373070796058274354e-02,6.782446383765787512e-02,-5.025670883850651416e-01,5.603775202766470009e-01,6.375463556629854533e-01,4.639196854393712877e-01,3.874798244259206048e-01,-3.309398911595468618e-01,5.768079213287421458e-01,1.406524639677221578e-01,6.329979638625454763e-01,3.412960741502170658e-01,4.045948787831352700e-01,4.271319613739821830e-01,3.350525798877542760e-01,1.095868976817496593e-01,4.441247837738562243e-01,7.496862592048787466e-01,3.449922071114637223e-01,1.000000000000000000e+00,5.006105707889947354e-01,5.715406229832868945e-01,4.742468105880291440e-01,4.484096220540376709e-01,6.861659135968253276e-01,4.759831817445764890e-01,3.442628810162658426e-01,3.190463196999200335e-01,4.419027431411084450e-01,2.231405683022209263e-01,1.919515915638836390e-01,3.675704399340761763e-01,6.455782150962375843e-01,5.368806414285284268e-01
6.433846084809207166e-01,7.177647362303114509e-01,5.890178031740360698e-01,4.530416100750022657e-01,5.256448384540395313e-01,5.942669320771405000e-02,1.682121793469431442e-02,-4.686957703313866519e-01,6.521647098339088400e-01,5.661490631087053860e-01,7.931300641263850926e-01,5.644316615585551755e-01,-5.706630815411645186e-01,5.621764933612092285e-01,3.545826218847694111e-01,6.404200863334612581e-01,7.686306696943273620e-01,5.784218244382498542e-01,4.870878960879034825e-01,4.892196770427292840e-01,2.940728466400321373e-01,6.567744244176462187e-01,4.753312697443967116e-01,1.265294596027152219e-01,5.006105707889947354e-01,1.000000000000000000e+00,7.525300779342212198e-01,8.503290058519783479e-01,8.066568497332201604e-01,5.117235699739276500e-01,7.173736389173743788e-01,7.839409263717521670e-01,4.802734779041941127e-01,4.892215713521019249e-01,2.977366540991986388e-01,4.325492048996283923e-01,7.433000322428017226e-01,5.036638370102802797e-01,3.438958333716257698e-01
6.304284600396163896e-01,6.483030373138253255e-01,5.163108694721543213e-01,2.236843642796081111e-01,4.803475588688771447e-01,3.932706869121491144e-02,-1.454438363634404374e-01,-4.078714199445278576e-01,6.383125811033991681e-01,6.265190799218567363e-01,7.846154121967697792e-01,4.882134181803269857e-01,-5.060054067721801996e-01,4.411117426244185458e-01,2.194349625936400927e-01,6.322834217239279297e-01,6.120248300869609581e-01,4.680339860109926087e-01,4.181012217079887461e-01,2.705767713859977275e-01,2.471993090479163990e-01,5.528280356453116884e-01,5.171170780944620571e-01,2.296828696706529338e-01,5.715406229832868945e-01,7.525300779342212198e-01,1.000000000000000000e+00,6.799674967938185155e-01,7.100028208242730177e-01,6.192594680823066966e-01,6.303784261036062819e-01,6.596601803082858817e-01,3.780063838417352939e-01,5.341980374318214819e-01,3.610526285950905745e-01,2.691474240156200293e-01,5.758899924488259936e-01,6.077588916464303770e-01,4.034090256400046925e-01
5.861936710335043932e-01,5.789247481149775165e-01,6.609446339684357241e-01,4.847566349586457379e-01,5.909735454289491985e-01,-1.204429789772947929e-01,2.520237995047365856e-02,-5.806974932677945178e-01,6.745965862709168981e-01,5.300882841532934542e-01,7.651882773862314080e-01,6.478705730122792383e-01,-5.743112719636902508e-01,6.372650333694720448e-01,4.750854764550734854e-01,5.997241606814411874e-01,6.971387246147637828e-01,6.389518056956009495e-01,5.001013319803624402e-01,5.586769653248485623e-01,3.884944643554528731e-01,7.543354613800851149e-01,4.348510034359827636e-01,2.958319364115231664e-01,4.742468105880291440e-01,8.503290058519783479e-01,6.799674967938185155e-01,1.000000000000000000e+00,7.086613301167944412e-01,4.610768939096273056e-01,7.668696620887017756e-01,6.750404479212175346e-01,6.562034277639732238e-01,6.088760245116069392e-01,2.595683172806314554e-01,2.874271073038771607e-01,7.311695720710013058e-01,5.965558124865880663e-01,4.250291994005179763e-01
7.640825465379275094e-01,7.435309541934606026e-01,4.314945825026844095e-01,2.615205974937789279e-01,3.810402289767534367e-01,1.442068287386880920e-01,-1.017086256443176240e-01,-3.511431758553947291e-01,6.037729852460956836e-01,6.229094280220904833e-01,7.154374302015846787e-01,3.264680467561054678e-01,-4.889337673291733743e-01,4.093116199509953534e-01,1.273021546121883840e-01,5.838522834572493769e-01,6.095265323972419713e-01,3.186688728353156974e-01,2.032713910458117668e-01,2.223864058310989211e-01,1.924749732398471358e-01,4.713997722744739938e-01,4.013422384570032309e-01,2.996551927860038878e-02,4.484096220540376709e-01,8.066568497332201604e-01,7.100028208242730177e-01,7.086613301167944412e-01,1.000000000000000000e+00,5.927723490578598042e-01,5.778341090161275284e-01,6.291353293403283420e-01,2.569746088151954044e-01,3.742342013756696506e-01,3.742035526516288013e-01,4.194900451955118070e-01,5.844961825512414721e-01,4.811527136873180455e-01,1.486486573457387050e-01
7.632894507227956371e-01,6.871799117548643698e-01,5.466868011371739389e-01,3.078568515585705656e-02,5.788956513327621067e-01,8.966889298874926306e-02,2.494343137832897780e-02,-5.000167254054034283e-01,7.091162661147354385e-01,6.525577545378962174e-01,5.196092711627900984e-01,1.799105010691656736e-01,-3.389769019609310541e-01,5.026838450371953204e-01,7.081289166042692429e-02,6.088998944209070840e-01,2.737882877530324888e-01,3.102380437627983434e-01,2.624898684191444564e-01,6.901406867228916664e-02,2.564431077927505354e-01,4.258616593588192001e-01,5.613105537507162568e-01,1.418439758908210946e-01,6.861659135968253276e-01,5.117235699739276500e-01,6.192594680823066966e-01,4.610768939096273056e-01,5.927723490578598042e-01,1.000000000000000000e+00,4.605798070548489664e-01,3.281501174808468813e-01,2.227465889437458824e-01,4.896649271227786482e-01,7.318807231941305835e-02,1.882954044164203145e-01,2.099887027364792380e-01,6.144939148876172874e-01,3.363113713676537109e-01
4.758484545436686974e-01,5.310569704832081017e-01,6.416723733934598384e-01,3.769055990432571557e-01,6.333098716456887489e-01,-9.715665148064353551e-02,4.796103637095479322e-02,-5.309854996623675216e-01,6.190424743041897937e-01,4.906208335268278375e-01,7.198208062649313899e-01,5.448798601343841641e-01,-6.867008862311436701e-01,5.882930152507840349e-01,2.907863648384117483e-01,6.335178831892648299e-01,6.595965572750017714e-01,6.621628109537995854e-01,6.151318947170519857e-01,4.815676353961590994e-01,2.917634330223939365e-01,6.986818302526329738e-01,4.137461063040416276e-01,2.978923739930663950e-01,4.759831817445764890e-01,7.173736389173743788e-01,6.303784261036062819e-01,7.668696620887017756e-01,5.778341090161275284e-01,4.605798070548489664e-01,1.000000000000000000e+00,6.913061593180099829e-01,5.884843860732581478e-01,6.371093672073151470e-01,2.164545646506702559e-01,2.364575897248465397e-01,6.869766914537241975e-01,5.715176452673403906e-01,4.972197699549975036e-01
4.455850032831090157e-01,6.362887263590379927e-01,5.974513559037929467e-01,3.607265592253831032e-01,4.916335787422814185e-01,1.042889704398029249e-01,3.447985014279360272e-02,-4.201879357788088076e-01,5.878162164746806306e-01,3.791305064186154539e-01,7.750424756468101695e-01,5.225722440250002432e-01,-5.185112368905030467e-01,4.863961617823700512e-01,2.743524985540469197e-01,5.708017315368981714e-01,8.105614578807841530e-01,6.022489297044082424e-01,5.617496371757507712e-01,4.463412748326956447e-01,2.774682226392618523e-01,5.718593492648129661e-01,4.217102489530844545e-01,1.747172261645780211e-01,3.442628810162658426e-01,7.839409263717521670e-01,6.596601803082858817e-01,6.750404479212175346e-01,6.291353293403283420e-01,3.281501174808468813e-01,6.913061593180099829e-01,1.000000000000000000e+00,4.978601289000207930e-01,5.256470114367342017e-01,3.282432929308961023e-01,3.016674065921793324e-01,7.934792687995791960e-01,3.815270308365088514e-01,2.996441102977623894e-01
1.911960307286053318e-01,2.008193964169480150e-01,7.350164661125495602e-01,3.029960912596205147e-01,6.859336546328965722e-01,-2.983406395211133377e-01,-2.778853971496045641e-02,-6.126050299189661485e-01,5.393602227166197638e-01,1.268274216934570653e-01,5.510411449238210579e-01,5.370235186394189952e-01,-3.329378120965797994e-01,7.026673436027042197e-01,4.584657197927431982e-01,3.337986685636750162e-01,4.916046810078839591e-01,6.319099147755443679e-01,5.714083523132964526e-01,5.195039035262436489e-01,6.306262623036895665e-01,7.594177741300377482e-01,3.330935009534041757e-01,5.775307578443814593e-01,3.190463196999200335e-01,4.802734779041941127e-01,3.780063838417352939e-01,6.562034277639732238e-01,2.569746088151954044e-01,2.227465889437458824e-01,5.884843860732581478e-01,4.978601289000207930e-01,1.000000000000000000e+00,7.124587755903556419e-01,9.635376672644214990e-02,-1.200649934181917122e-01,6.061186920635306397e-01,4.290224604579032652e-01,4.768149096335649317e-01
4.473735232049849686e-01,4.210670278790609178e-01,8.175996755848988773e-01,1.652154150226132767e-01,7.983922781267668300e-01,-2.406186142113379278e-01,-2.209163639781362709e-02,-7.226629726755328109e-01,7.874766367062534522e-01,3.252679350589411378e-01,5.940085903071758988e-01,4.890444306451006140e-01,-3.596622730017201008e-01,6.833343189498728432e-01,3.123529769332137884e-01,4.767101240671963169e-01,4.489158754778577176e-01,4.605516826488158522e-01,3.926570115197444144e-01,2.795714672034651516e-01,5.819858559424376798e-01,7.366599984525888933e-01,4.123000803750883625e-01,4.958095761317802830e-01,4.419027431411084450e-01,4.892215713521019249e-01,5.341980374318214819e-01,6.088760245116069392e-01,3.742342013756696506e-01,4.896649271227786482e-01,6.371093672073151470e-01,5.256470114367342017e-01,7.124587755903556419e-01,1.000000000000000000e+00,1.715230497974663815e-01,-6.251452159981814305e-02,4.964738223446144016e-01,6.324768494500188076e-01,5.265723327389811859e-01
2.672041316769566133e-01,3.114491050550958207e-01,1.939858832053112936e-01,5.515723002738797537e-02,1.855835289625789308e-01,1.221056909640154536e-01,-2.981009209249413372e-01,-1.659003915627709491e-01,2.044891227976695924e-01,3.637614638772557751e-01,2.772910814631878162e-01,1.635917265892226080e-01,-2.062321095283329020e-01,1.628539939332244169e-01,-1.882312102235019768e-01,2.803452102472945850e-01,2.947379786443835581e-01,1.146724486114756303e-01,9.967471219950074790e-02,1.597713318161872106e-02,4.622446804807634271e-03,1.458695394566602299e-01,1.890442403892823031e-01,2.354633037804065576e-01,2.231405683022209263e-01,2.977366540991986388e-01,3.610526285950905745e-01,2.595683172806314554e-01,3.742035526516288013e-01,7.318807231941305835e-02,2.164545646506702559e-01,3.282432929308961023e-01,9.635376672644214990e-02,1.715230497974663815e-01,1.000000000000000000e+00,2.167751980111108645e-01,4.599573988856838769e-01,2.318753262989005914e-01,5.981618015070767902e-02
4.018522239207136804e-01,4.181905373345362054e-01,7.074739209244314264e-02,3.487341201605688168e-01,3.807719312643240150e-02,1.301687838203469394e-01,1.950375692839126096e-01,-1.053918522095853433e-01,1.697600257514615130e-01,4.829704208100681351e-01,2.382760295633785386e-01,2.410829545749961222e-01,-9.560813752456068237e-02,1.705899053238802421e-01,1.168226658300348941e-01,4.874387492469430816e-01,3.980878808011994452e-01,1.391457532870229163e-01,8.862451418860679830e-02,2.894720777021850822e-01,-2.275685279943683303e-01,1.622882800166847717e-01,2.082940391037654271e-01,-2.955805251186445770e-01,1.919515915638836390e-01,4.325492048996283923e-01,2.691474240156200293e-01,2.874271073038771607e-01,4.194900451955118070e-01,1.882954044164203145e-01,2.364575897248465397e-01,3.016674065921793324e-01,-1.200649934181917122e-01,-6.251452159981814305e-02,2.167751980111108645e-01,1.000000000000000000e+00,3.663498358921062903e-01,1.696745507995120195e-01,1.660660532874986273e-01
3.641312416864443957e-01,4.629182171075763574e-01,5.754280797899751221e-01,4.392271165858873672e-01,5.002599434924963617e-01,-6.145537355965482312e-02,-1.291811778011878707e-02,-4.384820054141240209e-01,4.875737003258991398e-01,4.111929395644839946e-01,6.884970788997016866e-01,6.164218384069279910e-01,-4.933584807543563988e-01,5.710621258230001995e-01,3.785491809630073812e-01,5.856094226330317287e-01,7.593584112748500425e-01,6.539420186045065142e-01,5.658060264786185511e-01,5.820085461835201590e-01,2.955875424822987374e-01,6.219105819425464476e-01,4.376949313495878124e-01,2.996759651892047516e-01,3.675704399340761763e-01,7.433000322428017226e-01,5.758899924488259936e-01,7.311695720710013058e-01,5.844961825512414721e-01,2.099887027364792380e-01,6.869766914537241975e-01,7.934792687995791960e-01,6.061186920635306397e-01,4.964738223446144016e-01,4.599573988856838769e-01,3.663498358921062903e-01,1.000000000000000000e+00,4.246842802252454030e-01,3.840463153997522583e-01
6.448271665921641027e-01,4.953479233624690781e-01,5.726583884494859111e-01,3.271429654584207536e-01,6.036635070614542187e-01,-2.744833381965123276e-01,6.805663919745531809e-02,-5.387602033377756339e-01,6.760724074450366050e-01,6.750753833766357515e-01,5.312715333903028636e-01,5.808911751997851702e-01,-3.391363630452758349e-01,5.402611068090170665e-01,3.446658646491600475e-01,7.164353649229339149e-01,3.210538818264760397e-01,4.082786743310694022e-01,3.521571671607141019e-01,3.736699617763082903e-01,1.497608251281747627e-01,5.515567873924392961e-01,5.031295228803221997e-01,3.009829665674018107e-01,6.455782150962375843e-01,5.036638370102802797e-01,6.077588916464303770e-01,5.965558124865880663e-01,4.811527136873180455e-01,6.144939148876172874e-01,5.715176452673403906e-01,3.815270308365088514e-01,4.290224604579032652e-01,6.324768494500188076e-01,2.318753262989005914e-01,1.696745507995120195e-01,4.246842802252454030e-01,1.000000000000000000e+00,7.064564209031879427e-01
3.360734107242144275e-01,2.421699050984488510e-01,4.466464924027045424e-01,4.491006858771105503e-01,5.630423151101381363e-01,-4.182103643580440955e-01,2.250438321545825959e-01,-3.897253831064521057e-01,4.621675169513217440e-01,4.405247202760956271e-01,3.460847590525893414e-01,7.235095632803032473e-01,-2.019348858495568222e-01,5.634881745028883504e-01,5.197628932966884552e-01,5.710394540146486175e-01,2.796399956482253923e-01,5.282656488377417414e-01,4.884659835505394954e-01,5.889331905559710423e-01,4.820085717383328777e-02,4.733669479992688722e-01,4.753666750883462910e-01,3.306373596249615465e-01,5.368806414285284268e-01,3.438958333716257698e-01,4.034090256400046925e-01,4.250291994005179763e-01,1.486486573457387050e-01,3.363113713676537109e-01,4.972197699549975036e-01,2.996441102977623894e-01,4.768149096335649317e-01,5.265723327389811859e-01,5.981618015070767902e-02,1.660660532874986273e-01,3.840463153997522583e-01,7.064564209031879427e-01,1.000000000000000000e+00
