1.000000000000000000e+00,8.427072014399349387e-01,7.985907179422923052e-01,2.824572100864518043e-01,7.332937675044645109e-01,3.141671162400624384e-01,5.387510856247050839e-01,-7.191226682168049278e-01,7.327517158151193311e-01,7.582048968122246935e-01,7.470074441123143449e-01,6.988749507842881847e-01,6.428635454862287046e-01,7.538539093005278691e-01,7.013421525976275550e-01,6.707694352146040817e-01,7.441105607735939431e-01,-6.202074069890961550e-01,-6.878403829600577835e-01,7.650374922466895988e-01,6.097771045366754405e-01,7.462923774620662254e-01,7.318896159154316683e-01,7.056948818632670095e-01,4.986524376707516248e-01,7.408768866482732252e-01,7.690033525952213456e-01,6.917828016667365576e-01,5.742692884844944334e-01,8.228655401627279486e-01,6.120306638544302791e-01,6.367181115644988676e-01,5.044666161475452881e-01,4.815143638602967235e-01,7.900807625938934819e-01,7.912927344859035372e-01,7.776255598175138006e-01,7.452447529418629868e-01,7.421869541451810992e-01
8.427072014399349387e-01,1.000000000000000000e+00,7.707445535731654029e-01,3.825781952350191251e-01,6.688286203127647989e-01,1.644765408205071944e-01,7.082636771002756015e-01,-6.217023108094088535e-01,7.406889486166651215e-01,8.215100692219244882e-01,6.957061962226955831e-01,8.141959771184682504e-01,8.041298137488496200e-01,7.181147301511667802e-01,8.338798285991261272e-01,6.577706870002871797e-01,6.611869110370377500e-01,-6.635852416390830566e-01,-7.978874011608309003e-01,8.147410687209262203e-01,4.916064745064935848e-01,8.065299056437894576e-01,7.416268440692955766e-01,6.749147962641486309e-01,4.714211830386343949e-01,5.925254601960311396e-01,7.406176095993644015e-01,6.324640736355200410e-01,3.503955674244950691e-01,7.797693459190373488e-01,6.650753209650922537e-01,5.494373673341870212e-01,3.905048481372339064e-01,5.502592407643470684e-01,7.638524644431896604e-01,6.821130832787730691e-01,6.576030816760179976e-01,8.246119513740165496e-01,8.506594440258279377e-01
7.985907179422923052e-01,7.707445535731654029e-01,1.000000000000000000e+00,3.274389171403929710e-01,8.615189648683542201e-01,3.613541967537644006e-01,5.492053934155167738e-01,-8.795528037872526461e-01,7.356707405813499578e-01,7.875211181120120862e-01,7.554356637039751909e-01,7.324895629164273059e-01,7.174959793931261487e-01,8.190406303824264711e-01,7.377004281530915586e-01,6.675954986757762777e-01,7.279663688206061689e-01,-5.827893004357465045e-01,-6.703949440265232207e-01,8.491298100306060581e-01,7.293655450288469844e-01,8.447923066143014914e-01,8.072335785441574485e-01,6.305045759155867291e-01,6.291124787842179433e-01,6.862688202077820154e-01,7.554795113655106142e-01,6.708915859133857129e-01,5.103484042657627784e-01,7.671073866439107602e-01,5.653617899012414183e-01,5.801994576751224875e-01,6.239554808007377051e-01,3.603679437261903540e-01,6.925720590418775746e-01,6.835043755759222517e-01,6.439147517400964915e-01,7.117894912246205408e-01,7.446501641207016187e-01
2.824572100864518043e-01,3.825781952350191251e-01,3.274389171403929710e-01,1.000000000000000000e+00,2.520931401683936812e-01,-4.167002530593606480e-01,5.761952125331795127e-01,-2.806794590451083260e-01,5.665990310066505442e-01,5.232240110480496087e-01,3.544703267636222233e-01,6.305864022149899606e-01,4.156271959375540392e-01,1.975124742790079213e-01,5.519779983924725242e-01,5.497816971543469933e-01,2.987764636935936191e-01,-7.434801421181872483e-01,-6.552093659347607568e-01,4.249288845540020176e-01,-8.754015861447231317e-02,3.719182734272034607e-01,2.096423454931758412e-01,3.522770725843472617e-01,9.432371673505948739e-02,1.482110865049233173e-01,2.490366846529701861e-01,3.605630660803430532e-01,-6.951821211059731886e-02,3.713898547356558333e-01,2.070240510980929649e-01,1.468373337318026536e-02,-1.887439042932943789e-01,4.310577314186965769e-01,3.485734635857324348e-01,3.659049356333740621e-02,2.212792029531661375e-01,6.345648155481421471e-01,5.825619523431287972e-01
7.332937675044645109e-01,6.688286203127647989e-01,8.615189648683542201e-01,2.520931401683936812e-01,1.000000000000000000e+00,3.261354271104897062e-01,3.920537631095932229e-01,-8.471864549382579490e-01,7.327885540839644829e-01,7.326070241109587933e-01,6.606234560159788272e-01,6.316915937039897511e-01,5.937180510264219446e-01,7.149144922183731099e-01,6.048340702494421350e-01,6.814086524872048356e-01,6.549226314366188850e-01,-5.074170008744360860e-01,-6.119659392949233778e-01,7.228603385281109350e-01,6.764075314776428760e-01,7.356985270340412608e-01,7.280312883706906435e-01,5.412123114461627749e-01,5.865162063311792906e-01,6.887208896882459630e-01,6.964316396416802002e-01,5.869774855459625185e-01,4.586640013968642515e-01,7.605815802718562946e-01,4.312826936951882906e-01,4.782224609451804498e-01,5.413105358196765859e-01,3.144905794480230554e-01,5.583600445772318732e-01,6.023407093169622639e-01,5.584795253304315477e-01,6.411234820211826335e-01,6.793477091737010198e-01
3.141671162400624384e-01,1.644765408205071944e-01,3.613541967537644006e-01,-4.167002530593606480e-01,3.261354271104897062e-01,1.000000000000000000e+00,-5.672147537874055317e-02,-3.199425447317730820e-01,3.918760924077563379e-02,1.297014899064926063e-01,3.619551207513913016e-01,1.970567850175553547e-03,1.832407495042957801e-01,4.957040386052188330e-01,6.084095216169378012e-02,4.275793896508374436e-02,4.041585487426967438e-01,1.637010167277434258e-01,8.577305976708196611e-02,2.894418510273191747e-01,5.717148049447381419e-01,2.979329813894378010e-01,4.389680248182811217e-01,2.297795066213332293e-01,4.631729609151227778e-01,4.505094426750884673e-01,4.085890073456440730e-01,2.810594174468206696e-01,6.293232974195078766e-01,2.392301409240326915e-01,1.866162365039087945e-01,6.156515088942918768e-01,6.155388903509496634e-01,-6.846312511503536979e-02,3.482656378056332991e-01,5.617277423324658070e-01,4.454957891400098124e-01,-6.656157917781992117e-02,1.044790678354557724e-02
5.387510856247050839e-01,7.082636771002756015e-01,5.492053934155167738e-01,5.761952125331795127e-01,3.920537631095932229e-01,-5.672147537874055317e-02,1.000000000000000000e+00,-3.866234254030889717e-01,5.919042253968270773e-01,6.422128105237823181e-01,5.029477846131750196e-01,7.258755050709440049e-01,7.411641916838619393e-01,5.379090579832961350e-01,7.732813075569066052e-01,4.545104092084690239e-01,4.415013802844373059e-01,-6.239755314427706256e-01,-6.973827935720287030e-01,7.031290240090098953e-01,2.371156932154428465e-01,6.410038173950057816e-01,5.112218026575190422e-01,5.273098665879287772e-01,3.065731151705402002e-01,3.560453535479113363e-01,6.176254990004975687e-01,5.780064766897095030e-01,1.219296568006807691e-01,4.892195369232519297e-01,5.884330393800747405e-01,3.928496385850375194e-01,1.722053255807056704e-01,5.610756283242882558e-01,6.294424227446733244e-01,3.986129566764489707e-01,4.583697845531369275e-01,7.161728701129770336e-01,7.164074180531809777e-01
-7.191226682168049278e-01,-6.217023108094088535e-01,-8.795528037872526461e-01,-2.806794590451083260e-01,-8.471864549382579490e-01,-3.199425447317730820e-01,-3.866234254030889717e-01,1.000000000000000000e+00,-6.733792397973538124e-01,-6.858716406698104340e-01,-7.050340515736279734e-01,-5.742352241061223772e-01,-4.995498100108143880e-01,-7.362663233078652336e-01,-5.497651716635966190e-01,-6.367489989375797466e-01,-7.067191648806050441e-01,5.059801097479807996e-01,5.528542408619806503e-01,-6.902725150829290834e-01,-7.295994535199815667e-01,-6.909251964283539271e-01,-6.901413494303362262e-01,-5.594770613876215437e-01,-5.676829584754317093e-01,-6.688341470669737499e-01,-6.556935230604716836e-01,-5.955688560897173245e-01,-5.250100828442431089e-01,-7.148328921136825054e-01,-4.865492667633555257e-01,-5.138149883220217706e-01,-6.148911526636422487e-01,-2.779659108896936903e-01,-5.630227641937579630e-01,-6.073290019399911754e-01,-5.962407121850560321e-01,-6.004932231285727839e-01,-6.028507665168170160e-01
7.327517158151193311e-01,7.406889486166651215e-01,7.356707405813499578e-01,5.665990310066505442e-01,7.327885540839644829e-01,3.918760924077563379e-02,5.919042253968270773e-01,-6.733792397973538124e-01,1.000000000000000000e+00,8.132532780745902468e-01,7.528621271134490200e-01,8.116050812163312367e-01,6.457563223576516798e-01,6.314376496963376439e-01,7.528639244917817441e-01,7.899539675164687358e-01,6.530369545543547316e-01,-8.169117375367476175e-01,-8.430207102415445686e-01,7.084092909055352827e-01,4.061537922106803755e-01,7.381057737101661687e-01,5.921083312674849664e-01,6.115164940226471835e-01,3.446427140643510967e-01,5.788119435148771919e-01,6.605378564317500034e-01,6.788177092857075046e-01,2.258786352150872756e-01,8.379033743650418087e-01,4.825030396538277921e-01,3.542943109246703415e-01,2.779141916612936081e-01,6.066288842058080721e-01,6.305166296929711756e-01,5.299281882963547963e-01,5.605465466897077143e-01,8.539994487582676097e-01,8.435148233610059165e-01
7.582048968122246935e-01,8.215100692219244882e-01,7.875211181120120862e-01,5.232240110480496087e-01,7.326070241109587933e-01,1.297014899064926063e-01,6.422128105237823181e-01,-6.858716406698104340e-01,8.132532780745902468e-01,1.000000000000000000e+00,7.730659021688665034e-01,8.384898171218890806e-01,7.444632080036847066e-01,7.298509439022652368e-01,8.044450139860508386e-01,8.507532935573153265e-01,7.262481601968049372e-01,-7.668414464728169344e-01,-8.495773900564175252e-01,7.809563782603111681e-01,4.017594806341608926e-01,7.718782494748459566e-01,7.583496818381626481e-01,6.500786746045610354e-01,5.935914815645033649e-01,6.610597181641406639e-01,7.559415180698499936e-01,7.026668783096313708e-01,2.853389672031001467e-01,8.188513752239362509e-01,5.345005196805897585e-01,4.354488692928601967e-01,2.768383166374699389e-01,5.082321174317322443e-01,6.849779815883293432e-01,5.798903689549920193e-01,6.014733706757192655e-01,8.478934457274582837e-01,8.781625651723090620e-01
7.470074441123143449e-01,6.957061962226955831e-01,7.554356637039751909e-01,3.544703267636222233e-01,6.606234560159788272e-01,3.619551207513913016e-01,5.029477846131750196e-01,-7.050340515736279734e-01,7.528621271134490200e-01,7.730659021688665034e-01,1.000000000000000000e+00,6.847469988562010501e-01,5.776867530364595549e-01,7.557966043101898013e-01,6.531617946470988922e-01,7.043355200763639079e-01,8.092756028749820141e-01,-6.613929644322767976e-01,-6.866826754777421993e-01,6.968430079093123064e-01,5.324743812899028761e-01,7.166713981275576462e-01,6.928090680515213151e-01,6.674282628746421864e-01,5.176854080847012041e-01,6.828701366744162060e-01,7.364874224063076014e-01,7.250824399898895267e-01,4.682854748944322298e-01,7.943343900578780925e-01,5.899404357700188672e-01,5.773996674112856775e-01,4.652417835868295493e-01,4.976189087671917255e-01,6.778193180852294386e-01,6.720782708214478873e-01,6.852809489561696443e-01,7.084888375272584415e-01,6.976632483180084110e-01
6.988749507842881847e-01,8.141959771184682504e-01,7.324895629164273059e-01,6.305864022149899606e-01,6.316915937039897511e-01,1.970567850175553547e-03,7.258755050709440049e-01,-5.742352241061223772e-01,8.116050812163312367e-01,8.384898171218890806e-01,6.847469988562010501e-01,1.000000000000000000e+00,8.265755927002439440e-01,6.393422481266448631e-01,9.079010433885775777e-01,7.219255323723202666e-01,5.737287906092320977e-01,-8.273128193717976808e-01,-8.907340781362594884e-01,8.238331984299531729e-01,3.180951848660902859e-01,8.162860537267839778e-01,6.757533038449422547e-01,6.163336240528078935e-01,4.322029795974500210e-01,4.748670276847501426e-01,6.523938719329047675e-01,6.548892811546385140e-01,1.627631120954250443e-01,7.247363097297866430e-01,5.244810157466435196e-01,3.722983193423051174e-01,2.238622611161945608e-01,5.503894689533833651e-01,6.834077297046328159e-01,4.630863614775347914e-01,5.059670638954857358e-01,8.663046597305750218e-01,8.984197943886732540e-01
6.428635454862287046e-01,8.041298137488496200e-01,7.174959793931261487e-01,4.156271959375540392e-01,5.937180510264219446e-01,1.832407495042957801e-01,7.411641916838619393e-01,-4.995498100108143880e-01,6.457563223576516798e-01,7.444632080036847066e-01,5.776867530364595549e-01,8.265755927002439440e-01,1.000000000000000000e+00,6.461874282036422779e-01,8.795464411738036503e-01,5.321708862008253105e-01,5.151907518705044486e-01,-5.900800816051052777e-01,-7.340991359239184000e-01,8.346035539438809714e-01,4.023587173945761819e-01,8.390471658420800560e-01,7.099600221491998431e-01,5.318660833837731694e-01,4.760175478110016956e-01,4.399329492790062801e-01,6.754912790839787684e-01,5.746992557230778953e-01,2.162877356637310788e-01,6.179248797724165021e-01,5.190981358142202629e-01,4.411036182286600660e-01,3.612873171732663424e-01,4.343178779219689090e-01,6.642096727641579879e-01,5.063492000596800935e-01,4.586683891737888819e-01,7.340814954021458449e-01,8.137080384125785493e-01
7.538539093005278691e-01,7.181147301511667802e-01,8.190406303824264711e-01,1.975124742790079213e-01,7.149144922183731099e-01,4.957040386052188330e-01,5.379090579832961350e-01,-7.362663233078652336e-01,6.314376496963376439e-01,7.298509439022652368e-01,7.557966043101898013e-01,6.393422481266448631e-01,6.461874282036422779e-01,1.000000000000000000e+00,6.637469120189937177e-01,5.793227047202024194e-01,7.094569374036330256e-01,-4.890446300611801522e-01,-5.686906912365788935e-01,7.681216586341157448e-01,6.161923133534913388e-01,7.384308512890862541e-01,7.816354861743604054e-01,6.394538528562233592e-01,6.921964257513463226e-01,7.078020251510995786e-01,8.026393080780239719e-01,6.785881080932475440e-01,5.375841508996868079e-01,7.043923868482181438e-01,5.954596579368049980e-01,6.622360568487076771e-01,5.990195877047191919e-01,3.726376167148917062e-01,7.345155289685779687e-01,7.589589388706328155e-01,6.920532552338695131e-01,6.238712770910509464e-01,6.453972714809439459e-01
7.013421525976275550e-01,8.338798285991261272e-01,7.377004281530915586e-01,5.519779983924725242e-01,6.048340702494421350e-01,6.084095216169378012e-02,7.732813075569066052e-01,-5.497651716635966190e-01,7.528639244917817441e-01,8.044450139860508386e-01,6.531617946470988922e-01,9.079010433885775777e-01,8.795464411738036503e-01,6.637469120189937177e-01,1.000000000000000000e+00,6.356985023240967481e-01,5.527541477685206095e-01,-7.594929497948181840e-01,-8.369943755480125924e-01,8.556854127078850070e-01,3.615369799273361329e-01,8.395325146513827885e-01,6.867158049121179220e-01,6.009506061396808763e-01,4.350839035053056802e-01,4.511470684607292170e-01,6.692487270295244262e-01,6.345126162150921401e-01,1.895677279917844793e-01,6.824145397184712136e-01,5.645363565392539362e-01,4.124919302398768473e-01,2.893051140445162539e-01,5.108059669819844384e-01,7.093269134174149393e-01,5.010485462113478672e-01,5.031016070224562098e-01,8.370919784569134103e-01,8.766986777796065278e-01
6.707694352146040817e-01,6.577706870002871797e-01,6.675954986757762777e-01,5.497816971543469933e-01,6.814086524872048356e-01,4.275793896508374436e-02,4.545104092084690239e-01,-6.367489989375797466e-01,7.899539675164687358e-01,8.507532935573153265e-01,7.043355200763639079e-01,7.219255323723202666e-01,5.321708862008253105e-01,5.793227047202024194e-01,6.356985023240967481e-01,1.000000000000000000e+00,7.223001091401346496e-01,-7.748588594734784341e-01,-7.901788213833907948e-01,6.104183453276186277e-01,2.620439631868445307e-01,5.988043021216620243e-01,6.220863192083708748e-01,5.664846261962579455e-01,4.512440660144434457e-01,6.784862528404784765e-01,6.140993886676923141e-01,6.909867602994438363e-01,2.432588647200033261e-01,8.066902046039776675e-01,3.047875298436106273e-01,2.913209622463038273e-01,1.006085100775195723e-01,4.328810448658393373e-01,5.623835903126500613e-01,4.599545121449185037e-01,5.634661890645799032e-01,7.722942868570416008e-01,7.772271181542148577e-01
7.441105607735939431e-01,6.611869110370377500e-01,7.279663688206061689e-01,2.987764636935936191e-01,6.549226314366188850e-01,4.041585487426967438e-01,4.415013802844373059e-01,-7.067191648806050441e-01,6.530369545543547316e-01,7.262481601968049372e-01,8.092756028749820141e-01,5.737287906092320977e-01,5.151907518705044486e-01,7.094569374036330256e-01,5.527541477685206095e-01,7.223001091401346496e-01,1.000000000000000000e+00,-5.599029604055281162e-01,-5.980872777504437909e-01,6.325590737334185754e-01,5.492756422978737341e-01,6.314744674129306734e-01,6.918459354771875347e-01,5.971997686811131301e-01,4.859403664934838218e-01,7.554103055089490537e-01,6.975761629648208340e-01,7.135671568143543420e-01,5.766981985956607382e-01,7.853267579468975468e-01,5.063955381017732904e-01,5.904926491824749046e-01,4.402047230484747442e-01,3.525327124178445626e-01,6.455621480116924271e-01,6.990824547412843870e-01,6.993483433589006149e-01,6.415041127046446912e-01,6.278121696313571087e-01
-6.202074069890961550e-01,-6.635852416390830566e-01,-5.827893004357465045e-01,-7.434801421181872483e-01,-5.074170008744360860e-01,1.637010167277434258e-01,-6.239755314427706256e-01,5.059801097479807996e-01,-8.169117375367476175e-01,-7.668414464728169344e-01,-6.613929644322767976e-01,-8.273128193717976808e-01,-5.900800816051052777e-01,-4.890446300611801522e-01,-7.594929497948181840e-01,-7.748588594734784341e-01,-5.599029604055281162e-01,1.000000000000000000e+00,8.675078227817778487e-01,-6.480451004709266716e-01,-1.624699402392612291e-01,-6.180374231311918098e-01,-4.740535370771091772e-01,-5.953999143534955962e-01,-2.591881970898059495e-01,-4.427274644560635353e-01,-5.320887830910566718e-01,-6.385386090108755575e-01,-1.096388423711490701e-01,-7.021477636441898484e-01,-4.188794541827139950e-01,-2.552601972379642814e-01,-2.889972587642078775e-02,-5.711186265662270278e-01,-5.997447563765140321e-01,-3.620226578273896823e-01,-4.940553287907942237e-01,-8.545583601566185683e-01,-8.058394685284675507e-01
-6.878403829600577835e-01,-7.978874011608309003e-01,-6.703949440265232207e-01,-6.552093659347607568e-01,-6.119659392949233778e-01,8.577305976708196611e-02,-6.973827935720287030e-01,5.528542408619806503e-01,-8.430207102415445686e-01,-8.495773900564175252e-01,-6.866826754777421993e-01,-8.907340781362594884e-01,-7.340991359239184000e-01,-5.686906912365788935e-01,-8.369943755480125924e-01,-7.901788213833907948e-01,-5.980872777504437909e-01,8.675078227817778487e-01,1.000000000000000000e+00,-7.303481055378775455e-01,-2.476320802282209743e-01,-7.289096259849530135e-01,-6.012784353828559691e-01,-6.078233284381525658e-01,-3.618427242570836921e-01,-4.897658789249295097e-01,-6.267348651640490820e-01,-6.404802341551286693e-01,-1.013431772644570045e-01,-7.678722051917223901e-01,-4.929094490739589496e-01,-3.225416381890290896e-01,-1.132692565994416339e-01,-6.073759781733677476e-01,-6.316682074727820728e-01,-4.285840372291526701e-01,-5.004246241462088074e-01,-8.922997246425659057e-01,-9.026590123092792517e-01
7.650374922466895988e-01,8.147410687209262203e-01,8.491298100306060581e-01,4.249288845540020176e-01,7.228603385281109350e-01,2.894418510273191747e-01,7.031290240090098953e-01,-6.902725150829290834e-01,7.084092909055352827e-01,7.809563782603111681e-01,6.968430079093123064e-01,8.238331984299531729e-01,8.346035539438809714e-01,7.681216586341157448e-01,8.556854127078850070e-01,6.104183453276186277e-01,6.325590737334185754e-01,-6.480451004709266716e-01,-7.303481055378775455e-01,1.000000000000000000e+00,5.946542849172395950e-01,8.787751043634670634e-01,7.812642969821321781e-01,6.412245501357816124e-01,5.739979387801751320e-01,5.704409544434433377e-01,7.368936182248103650e-01,6.713682757266971057e-01,4.162946621170541261e-01,6.956898253243217756e-01,5.852257087062797680e-01,5.736001300016021487e-01,4.944295324276281600e-01,4.247361507323602625e-01,7.616527401429356026e-01,6.363063830259064746e-01,6.244484128628620123e-01,7.560768169117864090e-01,7.984960582205326007e-01
6.097771045366754405e-01,4.916064745064935848e-01,7.293655450288469844e-01,-8.754015861447231317e-02,6.764075314776428760e-01,5.717148049447381419e-01,2.371156932154428465e-01,-7.295994535199815667e-01,4.061537922106803755e-01,4.017594806341608926e-01,5.324743812899028761e-01,3.180951848660902859e-01,4.023587173945761819e-01,6.161923133534913388e-01,3.615369799273361329e-01,2.620439631868445307e-01,5.492756422978737341e-01,-1.624699402392612291e-01,-2.476320802282209743e-01,5.946542849172395950e-01,1.000000000000000000e+00,6.248034048399261353e-01,5.859161282303998464e-01,4.126648106914174718e-01,4.565610096374062010e-01,5.066069344375450090e-01,5.274530560684325131e-01,4.055156005849458456e-01,6.227693353115485442e-01,5.066991560241554948e-01,4.515487816890136896e-01,6.197966588901601126e-01,8.294690130352385671e-01,1.350458035689016123e-01,5.187808780933712560e-01,6.671146956917155535e-01,5.483628090202078420e-01,3.198942311779068293e-01,3.460386937354369419e-01
7.462923774620662254e-01,8.065299056437894576e-01,8.447923066143014914e-01,3.719182734272034607e-01,7.356985270340412608e-01,2.979329813894378010e-01,6.410038173950057816e-01,-6.909251964283539271e-01,7.381057737101661687e-01,7.718782494748459566e-01,7.166713981275576462e-01,8.162860537267839778e-01,8.390471658420800560e-01,7.384308512890862541e-01,8.395325146513827885e-01,5.988043021216620243e-01,6.314744674129306734e-01,-6.180374231311918098e-01,-7.289096259849530135e-01,8.787751043634670634e-01,6.248034048399261353e-01,1.000000000000000000e+00,7.879642295224931203e-01,6.186239058341735930e-01,5.283719508054183223e-01,5.451030214810087537e-01,7.009056517190174196e-01,6.418900328148423595e-01,3.761761020697877433e-01,7.151692717353220763e-01,5.475095360520082499e-01,5.094999388706406007e-01,5.561139517734275950e-01,3.890664283364672626e-01,7.133545048608721517e-01,6.258292391574423741e-01,5.730270400392774022e-01,7.349718398939879549e-01,8.081116362437915646e-01
7.318896159154316683e-01,7.416268440692955766e-01,8.072335785441574485e-01,2.096423454931758412e-01,7.280312883706906435e-01,4.389680248182811217e-01,5.112218026575190422e-01,-6.901413494303362262e-01,5.921083312674849664e-01,7.583496818381626481e-01,6.928090680515213151e-01,6.757533038449422547e-01,7.099600221491998431e-01,7.816354861743604054e-01,6.867158049121179220e-01,6.220863192083708748e-01,6.918459354771875347e-01,-4.740535370771091772e-01,-6.012784353828559691e-01,7.812642969821321781e-01,5.859161282303998464e-01,7.879642295224931203e-01,1.000000000000000000e+00,6.413956901154111989e-01,7.565298632339022555e-01,7.221466855353692038e-01,7.600289899422588702e-01,6.841880036672960408e-01,5.343827010380242104e-01,6.810170850971922762e-01,5.343529241001704344e-01,5.989256912354667950e-01,5.329632102000028127e-01,2.994644399515822841e-01,6.604088008545007105e-01,6.774197019810233034e-01,6.295154846375677904e-01,5.956306308833619889e-01,6.875216401066800431e-01
7.056948818632670095e-01,6.749147962641486309e-01,6.305045759155867291e-01,3.522770725843472617e-01,5.412123114461627749e-01,2.297795066213332293e-01,5.273098665879287772e-01,-5.594770613876215437e-01,6.115164940226471835e-01,6.500786746045610354e-01,6.674282628746421864e-01,6.163336240528078935e-01,5.318660833837731694e-01,6.394538528562233592e-01,6.009506061396808763e-01,5.664846261962579455e-01,5.971997686811131301e-01,-5.953999143534955962e-01,-6.078233284381525658e-01,6.412245501357816124e-01,4.126648106914174718e-01,6.186239058341735930e-01,6.413956901154111989e-01,1.000000000000000000e+00,5.172472506360994426e-01,6.100779536289354654e-01,6.742733905515786441e-01,6.040786055886381289e-01,5.225419836824601871e-01,6.249762668336324989e-01,5.708811559602834373e-01,5.988353486827491245e-01,3.397270087884910472e-01,4.490869010869055766e-01,7.048727182682160697e-01,6.277315417146148713e-01,7.072492273682620123e-01,6.252539491936174310e-01,6.099082842506790003e-01
4.986524376707516248e-01,4.714211830386343949e-01,6.291124787842179433e-01,9.432371673505948739e-02,5.865162063311792906e-01,4.631729609151227778e-01,3.065731151705402002e-01,-5.676829584754317093e-01,3.446427140643510967e-01,5.935914815645033649e-01,5.176854080847012041e-01,4.322029795974500210e-01,4.760175478110016956e-01,6.921964257513463226e-01,4.350839035053056802e-01,4.512440660144434457e-01,4.859403664934838218e-01,-2.591881970898059495e-01,-3.618427242570836921e-01,5.739979387801751320e-01,4.565610096374062010e-01,5.283719508054183223e-01,7.565298632339022555e-01,5.172472506360994426e-01,1.000000000000000000e+00,5.915807026704017479e-01,6.382967285371120569e-01,4.586634057626935990e-01,4.863605354765492272e-01,4.266989422359037110e-01,3.920860350549482121e-01,5.359329790549460792e-01,4.328220295596299505e-01,1.286096058808035292e-01,4.748090124007461332e-01,5.068518334513703039e-01,4.944617007885339088e-01,3.485435959517274029e-01,4.243972759611978618e-01
7.408768866482732252e-01,5.925254601960311396e-01,6.862688202077820154e-01,1.482110865049233173e-01,6.887208896882459630e-01,4.505094426750884673e-01,3.560453535479113363e-01,-6.688341470669737499e-01,5.788119435148771919e-01,6.610597181641406639e-01,6.828701366744162060e-01,4.748670276847501426e-01,4.399329492790062801e-01,7.078020251510995786e-01,4.511470684607292170e-01,6.784862528404784765e-01,7.554103055089490537e-01,-4.427274644560635353e-01,-4.897658789249295097e-01,5.704409544434433377e-01,5.066069344375450090e-01,5.451030214810087537e-01,7.221466855353692038e-01,6.100779536289354654e-01,5.915807026704017479e-01,1.000000000000000000e+00,7.916236962516466358e-01,7.481730546274522053e-01,6.498368683063944218e-01,7.351235867020566861e-01,4.397192466119275167e-01,6.288808858312422423e-01,4.456644972788369463e-01,2.702171006657526076e-01,6.113714095158174766e-01,7.319060732212682163e-01,7.482760476198024868e-01,5.296272908737451601e-01,5.439544414513455273e-01
7.690033525952213456e-01,7.406176095993644015e-01,7.554795113655106142e-01,2.490366846529701861e-01,6.964316396416802002e-01,4.085890073456440730e-01,6.176254990004975687e-01,-6.556935230604716836e-01,6.605378564317500034e-01,7.559415180698499936e-01,7.364874224063076014e-01,6.523938719329047675e-01,6.754912790839787684e-01,8.026393080780239719e-01,6.692487270295244262e-01,6.140993886676923141e-01,6.975761629648208340e-01,-5.320887830910566718e-01,-6.267348651640490820e-01,7.368936182248103650e-01,5.274530560684325131e-01,7.009056517190174196e-01,7.600289899422588702e-01,6.742733905515786441e-01,6.382967285371120569e-01,7.916236962516466358e-01,1.000000000000000000e+00,7.313898451498916931e-01,5.304364242057775236e-01,7.247601443953137768e-01,6.768254057504375920e-01,6.729458941684569595e-01,4.682408387163681796e-01,4.366460321959203528e-01,7.037120131588813221e-01,7.212094306476661831e-01,6.872887831040677131e-01,6.700964720751936277e-01,6.913657575198418614e-01
6.917828016667365576e-01,6.324640736355200410e-01,6.708915859133857129e-01,3.605630660803430532e-01,5.869774855459625185e-01,2.810594174468206696e-01,5.780064766897095030e-01,-5.955688560897173245e-01,6.788177092857075046e-01,7.026668783096313708e-01,7.250824399898895267e-01,6.548892811546385140e-01,5.746992557230778953e-01,6.785881080932475440e-01,6.345126162150921401e-01,6.909867602994438363e-01,7.135671568143543420e-01,-6.385386090108755575e-01,-6.404802341551286693e-01,6.713682757266971057e-01,4.055156005849458456e-01,6.418900328148423595e-01,6.841880036672960408e-01,6.040786055886381289e-01,4.586634057626935990e-01,7.481730546274522053e-01,7.313898451498916931e-01,1.000000000000000000e+00,4.335838882867307231e-01,7.204459696049820838e-01,4.640007797913417442e-01,5.420530541116752588e-01,3.507812678761711433e-01,4.430709303480675487e-01,6.967378273162507796e-01,6.224236219961531980e-01,7.196807292197187067e-01,6.462609283131068860e-01,6.585852239497601568e-01
5.742692884844944334e-01,3.503955674244950691e-01,5.103484042657627784e-01,-6.951821211059731886e-02,4.586640013968642515e-01,6.293232974195078766e-01,1.219296568006807691e-01,-5.250100828442431089e-01,2.258786352150872756e-01,2.853389672031001467e-01,4.682854748944322298e-01,1.627631120954250443e-01,2.162877356637310788e-01,5.375841508996868079e-01,1.895677279917844793e-01,2.432588647200033261e-01,5.766981985956607382e-01,-1.096388423711490701e-01,-1.013431772644570045e-01,4.162946621170541261e-01,6.227693353115485442e-01,3.761761020697877433e-01,5.343827010380242104e-01,5.225419836824601871e-01,4.863605354765492272e-01,6.498368683063944218e-01,5.304364242057775236e-01,4.335838882867307231e-01,1.000000000000000000e+00,4.118861273427691372e-01,3.857331182093023947e-01,7.445320302038728189e-01,5.907107319774560494e-01,4.608414678655547297e-02,5.297350567761862639e-01,7.184250890550415436e-01,6.810715232596037394e-01,1.772319577040690208e-01,1.669094278503320539e-01
8.228655401627279486e-01,7.797693459190373488e-01,7.671073866439107602e-01,3.713898547356558333e-01,7.605815802718562946e-01,2.392301409240326915e-01,4.892195369232519297e-01,-7.148328921136825054e-01,8.379033743650418087e-01,8.188513752239362509e-01,7.943343900578780925e-01,7.247363097297866430e-01,6.179248797724165021e-01,7.043923868482181438e-01,6.824145397184712136e-01,8.066902046039776675e-01,7.853267579468975468e-01,-7.021477636441898484e-01,-7.678722051917223901e-01,6.956898253243217756e-01,5.066991560241554948e-01,7.151692717353220763e-01,6.810170850971922762e-01,6.249762668336324989e-01,4.266989422359037110e-01,7.351235867020566861e-01,7.247601443953137768e-01,7.204459696049820838e-01,4.118861273427691372e-01,1.000000000000000000e+00,4.956549446312123464e-01,5.171990187025300445e-01,4.160314478830021701e-01,5.181054367920765458e-01,6.787993347318462822e-01,6.950126783061125746e-01,6.842096735719658263e-01,7.975896960977477690e-01,7.889858006553861491e-01
6.120306638544302791e-01,6.650753209650922537e-01,5.653617899012414183e-01,2.070240510980929649e-01,4.312826936951882906e-01,1.866162365039087945e-01,5.884330393800747405e-01,-4.865492667633555257e-01,4.825030396538277921e-01,5.345005196805897585e-01,5.899404357700188672e-01,5.244810157466435196e-01,5.190981358142202629e-01,5.954596579368049980e-01,5.645363565392539362e-01,3.047875298436106273e-01,5.063955381017732904e-01,-4.188794541827139950e-01,-4.929094490739589496e-01,5.852257087062797680e-01,4.515487816890136896e-01,5.475095360520082499e-01,5.343529241001704344e-01,5.708811559602834373e-01,3.920860350549482121e-01,4.397192466119275167e-01,6.768254057504375920e-01,4.640007797913417442e-01,3.857331182093023947e-01,4.956549446312123464e-01,1.000000000000000000e+00,5.738790722147077972e-01,4.251126568102575054e-01,4.510635167226788034e-01,5.340366903760778161e-01,5.751703690321047224e-01,4.723322167627302948e-01,5.580832496721377378e-01,5.172832898070111041e-01
6.367181115644988676e-01,5.494373673341870212e-01,5.801994576751224875e-01,1.468373337318026536e-02,4.782224609451804498e-01,6.156515088942918768e-01,3.928496385850375194e-01,-5.138149883220217706e-01,3.542943109246703415e-01,4.354488692928601967e-01,5.773996674112856775e-01,3.722983193423051174e-01,4.411036182286600660e-01,6.622360568487076771e-01,4.124919302398768473e-01,2.913209622463038273e-01,5.904926491824749046e-01,-2.552601972379642814e-01,-3.225416381890290896e-01,5.736001300016021487e-01,6.197966588901601126e-01,5.094999388706406007e-01,5.989256912354667950e-01,5.988353486827491245e-01,5.359329790549460792e-01,6.288808858312422423e-01,6.729458941684569595e-01,5.420530541116752588e-01,7.445320302038728189e-01,5.171990187025300445e-01,5.738790722147077972e-01,1.000000000000000000e+00,6.229491210863148387e-01,2.760087169493709025e-01,6.628299861854280994e-01,7.670794060096791656e-01,7.437551189607971569e-01,3.610480213697545571e-01,3.550481862946665013e-01
5.044666161475452881e-01,3.905048481372339064e-01,6.239554808007377051e-01,-1.887439042932943789e-01,5.413105358196765859e-01,6.155388903509496634e-01,1.722053255807056704e-01,-6.148911526636422487e-01,2.779141916612936081e-01,2.768383166374699389e-01,4.652417835868295493e-01,2.238622611161945608e-01,3.612873171732663424e-01,5.990195877047191919e-01,2.893051140445162539e-01,1.006085100775195723e-01,4.402047230484747442e-01,-2.889972587642078775e-02,-1.132692565994416339e-01,4.944295324276281600e-01,8.294690130352385671e-01,5.561139517734275950e-01,5.329632102000028127e-01,3.397270087884910472e-01,4.328220295596299505e-01,4.456644972788369463e-01,4.682408387163681796e-01,3.507812678761711433e-01,5.907107319774560494e-01,4.160314478830021701e-01,4.251126568102575054e-01,6.229491210863148387e-01,1.000000000000000000e+00,8.131660837770125771e-02,4.617542335482129334e-01,6.562370448689354152e-01,4.964368419600670435e-01,1.859836628663242286e-01,2.273952850661196678e-01
4.815143638602967235e-01,5.502592407643470684e-01,3.603679437261903540e-01,4.310577314186965769e-01,3.144905794480230554e-01,-6.846312511503536979e-02,5.610756283242882558e-01,-2.779659108896936903e-01,6.066288842058080721e-01,5.082321174317322443e-01,4.976189087671917255e-01,5.503894689533833651e-01,4.343178779219689090e-01,3.726376167148917062e-01,5.108059669819844384e-01,4.328810448658393373e-01,3.525327124178445626e-01,-5.711186265662270278e-01,-6.073759781733677476e-01,4.247361507323602625e-01,1.350458035689016123e-01,3.890664283364672626e-01,2.994644399515822841e-01,4.490869010869055766e-01,1.286096058808035292e-01,2.702171006657526076e-01,4.366460321959203528e-01,4.430709303480675487e-01,4.608414678655547297e-02,5.181054367920765458e-01,4.510635167226788034e-01,2.760087169493709025e-01,8.131660837770125771e-02,1.000000000000000000e+00,4.930308933319065834e-01,3.319753394762283150e-01,4.063477670712679068e-01,6.300134839873284820e-01,5.756091783106698223e-01
7.900807625938934819e-01,7.638524644431896604e-01,6.925720590418775746e-01,3.485734635857324348e-01,5.583600445772318732e-01,3.482656378056332991e-01,6.294424227446733244e-01,-5.630227641937579630e-01,6.305166296929711756e-01,6.849779815883293432e-01,6.778193180852294386e-01,6.834077297046328159e-01,6.642096727641579879e-01,7.345155289685779687e-01,7.093269134174149393e-01,5.623835903126500613e-01,6.455621480116924271e-01,-5.997447563765140321e-01,-6.316682074727820728e-01,7.616527401429356026e-01,5.187808780933712560e-01,7.133545048608721517e-01,6.604088008545007105e-01,7.048727182682160697e-01,4.748090124007461332e-01,6.113714095158174766e-01,7.037120131588813221e-01,6.967378273162507796e-01,5.297350567761862639e-01,6.787993347318462822e-01,5.340366903760778161e-01,6.628299861854280994e-01,4.617542335482129334e-01,4.930308933319065834e-01,1.000000000000000000e+00,7.483144261563654531e-01,8.245065337291871410e-01,6.665248218017066906e-01,6.779469206784285440e-01
7.912927344859035372e-01,6.821130832787730691e-01,6.835043755759222517e-01,3.659049356333740621e-02,6.023407093169622639e-01,5.617277423324658070e-01,3.986129566764489707e-01,-6.073290019399911754e-01,5.299281882963547963e-01,5.798903689549920193e-01,6.720782708214478873e-01,4.630863614775347914e-01,5.063492000596800935e-01,7.589589388706328155e-01,5.010485462113478672e-01,4.599545121449185037e-01,6.990824547412843870e-01,-3.620226578273896823e-01,-4.285840372291526701e-01,6.363063830259064746e-01,6.671146956917155535e-01,6.258292391574423741e-01,6.774197019810233034e-01,6.277315417146148713e-01,5.068518334513703039e-01,7.319060732212682163e-01,7.212094306476661831e-01,6.224236219961531980e-01,7.184250890550415436e-01,6.950126783061125746e-01,5.751703690321047224e-01,7.670794060096791656e-01,6.562370448689354152e-01,3.319753394762283150e-01,7.483144261563654531e-01,1.000000000000000000e+00,8.054014843339806218e-01,5.150755948190205435e-01,5.034428969169767454e-01
7.776255598175138006e-01,6.576030816760179976e-01,6.439147517400964915e-01,2.212792029531661375e-01,5.584795253304315477e-01,4.454957891400098124e-01,4.583697845531369275e-01,-5.962407121850560321e-01,5.605465466897077143e-01,6.014733706757192655e-01,6.852809489561696443e-01,5.059670638954857358e-01,4.586683891737888819e-01,6.920532552338695131e-01,5.031016070224562098e-01,5.634661890645799032e-01,6.993483433589006149e-01,-4.940553287907942237e-01,-5.004246241462088074e-01,6.244484128628620123e-01,5.483628090202078420e-01,5.730270400392774022e-01,6.295154846375677904e-01,7.072492273682620123e-01,4.944617007885339088e-01,7.482760476198024868e-01,6.872887831040677131e-01,7.196807292197187067e-01,6.810715232596037394e-01,6.842096735719658263e-01,4.723322167627302948e-01,7.437551189607971569e-01,4.964368419600670435e-01,4.063477670712679068e-01,8.245065337291871410e-01,8.054014843339806218e-01,1.000000000000000000e+00,5.464893904058817364e-01,5.235349482520893494e-01
7.452447529418629868e-01,8.246119513740165496e-01,7.117894912246205408e-01,6.345648155481421471e-01,6.411234820211826335e-01,-6.656157917781992117e-02,7.161728701129770336e-01,-6.004932231285727839e-01,8.539994487582676097e-01,8.478934457274582837e-01,7.084888375272584415e-01,8.663046597305750218e-01,7.340814954021458449e-01,6.238712770910509464e-01,8.370919784569134103e-01,7.722942868570416008e-01,6.415041127046446912e-01,-8.545583601566185683e-01,-8.922997246425659057e-01,7.560768169117864090e-01,3.198942311779068293e-01,7.349718398939879549e-01,5.956306308833619889e-01,6.252539491936174310e-01,3.485435959517274029e-01,5.296272908737451601e-01,6.700964720751936277e-01,6.462609283131068860e-01,1.772319577040690208e-01,7.975896960977477690e-01,5.580832496721377378e-01,3.610480213697545571e-01,1.859836628663242286e-01,6.300134839873284820e-01,6.665248218017066906e-01,5.150755948190205435e-01,5.464893904058817364e-01,1.000000000000000000e+00,8.920840006481530748e-01
7.421869541451810992e-01,8.506594440258279377e-01,7.446501641207016187e-01,5.825619523431287972e-01,6.793477091737010198e-01,1.044790678354557724e-02,7.164074180531809777e-01,-6.028507665168170160e-01,8.435148233610059165e-01,8.781625651723090620e-01,6.976632483180084110e-01,8.984197943886732540e-01,8.137080384125785493e-01,6.453972714809439459e-01,8.766986777796065278e-01,7.772271181542148577e-01,6.278121696313571087e-01,-8.058394685284675507e-01,-9.026590123092792517e-01,7.984960582205326007e-01,3.460386937354369419e-01,8.081116362437915646e-01,6.875216401066800431e-01,6.099082842506790003e-01,4.243972759611978618e-01,5.439544414513455273e-01,6.913657575198418614e-01,6.585852239497601568e-01,1.669094278503320539e-01,7.889858006553861491e-01,5.172832898070111041e-01,3.550481862946665013e-01,2.273952850661196678e-01,5.756091783106698223e-01,6.779469206784285440e-01,5.034428969169767454e-01,5.235349482520893494e-01,8.920840006481530748e-01,1.000000000000000000e+00
