1.000000000000000000e+00,7.492133548666699561e-01,2.372328507496360428e-01,-4.833001344353365369e-01,6.309406054837728151e-02,-9.251313795904550497e-02,1.665641987961271608e-01,-2.414901405242806665e-01,9.065817251930292919e-02,5.705806780556403890e-01,-1.005958063299409490e-02,-1.742663577655979568e-01,3.643898447203617469e-02,9.424880245702628445e-02,6.572422141058306688e-02,4.938877398713492628e-01,-9.935804424057200282e-03,5.292272602194465075e-02,1.493450547490670910e-01,6.131093554331668721e-02,5.823297522506697133e-02,6.364710482427381188e-02,9.699203909988486638e-02,1.254313303151854964e-01,3.286204215619769609e-01,4.378996639448581862e-01,2.063190973878868961e-01,3.060369415779121138e-01,3.992764464730355622e-01,5.372715766796427594e-01,3.290877193937641332e-01,-8.614816105023495596e-02,3.140349291096020123e-01,5.730273124542806934e-02,1.498071980518340118e-01,3.702636905425943370e-01,5.072345218485517504e-02,8.700402689535768896e-02,1.858423560259250817e-01
7.492133548666699561e-01,1.000000000000000000e+00,3.105447164675830818e-01,-2.801608592579351020e-01,1.304394736168634494e-01,-1.034565954296574747e-01,6.144975383589825271e-03,-3.112201210259105677e-01,2.365859113768968847e-01,6.113865143674297453e-01,-1.312514069674523276e-01,7.992282335461741577e-03,-1.313733654316883992e-01,2.238231842876212407e-01,1.869307907704577942e-01,4.708684138133690800e-01,-5.715399706345997144e-02,1.886609432241765638e-01,2.144306025705758345e-01,1.544276805168701971e-01,1.428334031129702419e-01,1.951815736745464158e-01,8.746401558748014005e-02,-7.531248211293619689e-04,3.799143460053964749e-01,4.479443915799296572e-01,8.074710300187332157e-02,3.066888895495420431e-01,3.270842338541095073e-01,5.365577280928627291e-01,2.539086088438162747e-01,-1.916146969602846584e-01,2.030918474699236198e-01,2.080361821016224466e-01,2.742040975090854690e-02,3.164226346116737476e-01,-5.820451678807122414e-02,1.772053123603956060e-01,3.174318367137445862e-01
2.372328507496360428e-01,3.105447164675830818e-01,1.000000000000000000e+00,5.160200414555298626e-02,6.841074858483733312e-01,-4.154924206833029987e-01,-1.646364534928912715e-01,-8.772589030766895224e-01,4.825233278474418408e-01,5.466176880486797174e-01,-5.338129343915059000e-01,4.581047564110937720e-01,-2.800448653194061999e-01,5.398293982851335437e-01,6.365431001760591956e-01,5.869050111843788775e-01,-4.990336589654343347e-01,6.257974208506065228e-01,6.066724421209678253e-01,5.651455814538290934e-01,7.553332072391529817e-01,6.003892575640581430e-01,-1.737527161781335094e-01,-1.617336015787427528e-01,2.892181950505545718e-01,3.609526235889322643e-01,-9.015085493843608133e-02,5.262753070403028977e-01,-8.702022720813597234e-02,6.093941070984512098e-01,7.894994481138681297e-02,-5.277136745974069232e-01,4.184819591989601961e-01,6.846649095584409483e-01,-1.261285452184386091e-01,1.681784688507094450e-01,-3.273898605926545691e-01,3.627266718621476871e-01,4.211380606571468732e-01
-4.833001344353365369e-01,-2.801608592579351020e-01,5.160200414555298626e-02,1.000000000000000000e+00,3.318335163032474222e-01,-2.409260552383354070e-01,-6.326920344697317677e-01,1.024861343151928054e-03,5.150038063833067836e-01,-1.983046305724384117e-01,-4.110882009051189945e-01,6.445611817473519967e-01,-5.820140381785884331e-01,3.583133706322746970e-01,2.112739136652868333e-01,-1.399561762357057482e-01,-2.512921980353761131e-01,4.257692315906584368e-01,2.590443855226402525e-01,1.252091135203858563e-01,2.013864516459869525e-01,3.115393040673928304e-01,4.815754181629413461e-02,-2.964999183986836706e-01,-1.224418368318140604e-02,-2.212840586742906013e-01,-4.566678501685352276e-01,-3.445537615207034943e-01,-5.969916800940200385e-01,-4.071659367572947469e-02,-5.529007901638766098e-01,-3.398729333182547996e-01,-4.767687940631976096e-01,2.843601822770691068e-01,-5.660702383096680723e-01,-5.306200763137538523e-01,-4.528951122998574608e-01,4.661527505744452737e-01,4.292576336714191698e-01
6.309406054837728151e-02,1.304394736168634494e-01,6.841074858483733312e-01,3.318335163032474222e-01,1.000000000000000000e+00,-4.478969813252999255e-01,-3.353693126483129894e-01,-6.211035996709594054e-01,6.032722358465565371e-01,4.013940250045678892e-01,-5.267545483744201507e-01,5.877433455730194378e-01,-4.139603897549434253e-01,6.908010955572831957e-01,5.833538429832678673e-01,4.769799671629046944e-01,-4.572443528325845219e-01,5.836834877008931777e-01,6.095403058431432264e-01,2.942229524059105095e-01,5.113079645472167201e-01,4.429546584313450719e-01,8.387982063082441431e-02,-1.449504155827288365e-01,3.487224887504074000e-01,3.632594718453156513e-01,-1.064899598834810612e-01,3.756836999165195090e-01,-2.743186032331764168e-01,5.615684082859131454e-01,-3.904364959357455034e-02,-5.051291384383356231e-01,2.980963830740959719e-01,6.700516209324907102e-01,-1.990891731961255684e-01,7.187221247624257792e-02,-3.486225977834907508e-01,5.392866887175798984e-01,5.447064622183924731e-01
-9.251313795904550497e-02,-1.034565954296574747e-01,-4.154924206833029987e-01,-2.409260552383354070e-01,-4.478969813252999255e-01,1.000000000000000000e+00,4.168124752605852357e-01,3.932113648487072788e-01,-5.304523668954479465e-01,-3.587653178555518796e-01,6.850315124724913884e-01,-6.076163646131763629e-01,4.382025359651911534e-01,-4.286445722226588928e-01,-6.512093954564802667e-01,-4.461602237949781613e-01,6.443894736255656452e-01,-4.753895473521467796e-01,-4.246199530293179314e-01,-4.208500155209773941e-01,-3.896782657868608224e-01,-5.214508957682925105e-01,2.880498412228032490e-01,3.897803053026022702e-01,-3.726098932825773757e-01,-9.392356313414806923e-02,2.329095862697372898e-01,-7.083685766817940377e-02,4.462387409912996206e-01,-4.674092348104933459e-01,2.283831128783133380e-01,7.037892419225342255e-01,-3.468789327112160870e-02,-5.374554608241653986e-01,4.299037815214777902e-01,1.691268279740505698e-01,6.539604230114089978e-01,-4.535477306614993931e-01,-4.722309329453366900e-01
1.665641987961271608e-01,6.144975383589825271e-03,-1.646364534928912715e-01,-6.326920344697317677e-01,-3.353693126483129894e-01,4.168124752605852357e-01,1.000000000000000000e+00,1.228074506564215268e-01,-6.549919531152028629e-01,-1.594008938419759838e-02,5.835490129522657998e-01,-6.587187450762841401e-01,7.473730715951860670e-01,-5.601595475274879776e-01,-3.528074857686824828e-01,-5.049319864270163105e-02,3.832697540941139569e-01,-4.172701741863676927e-01,-2.267970178239689938e-01,-8.496492862166031557e-02,-2.103108264618382961e-01,-3.037231919642664479e-01,-6.462774243948686548e-02,4.053864498258231697e-01,-9.373266245855933765e-02,6.558641790857690224e-02,4.960786362542096151e-01,3.661162925134527901e-01,5.694745546021174887e-01,-2.465959911455587739e-01,5.453066389660364832e-01,5.568679831054086371e-01,4.735567061199583150e-01,-4.294591577761467938e-01,6.151504569926180555e-01,4.819919681663411004e-01,6.150242720328289447e-01,-6.668533996637991956e-01,-6.370125659624370495e-01
-2.414901405242806665e-01,-3.112201210259105677e-01,-8.772589030766895224e-01,1.024861343151928054e-03,-6.211035996709594054e-01,3.932113648487072788e-01,1.228074506564215268e-01,1.000000000000000000e+00,-4.329657164926831170e-01,-5.306321843841070862e-01,5.272409307772761844e-01,-4.187046106745892504e-01,2.299068911916200553e-01,-4.886084315678351775e-01,-6.137340290394649456e-01,-5.481174674838596994e-01,5.078756881010439983e-01,-5.646087967307031885e-01,-5.574704902656393291e-01,-5.940962366811902706e-01,-7.587484592654524240e-01,-6.044112661433196365e-01,2.266726686630162746e-01,1.695215189625199348e-01,-2.464106450919713864e-01,-3.183637816531559861e-01,8.992321082201275295e-02,-5.018142215920637916e-01,7.003509765919295471e-02,-5.903569705261554335e-01,-6.997125287627788126e-02,5.271604820678579273e-01,-4.079625937126180601e-01,-6.797876574268347794e-01,1.102564415114054425e-01,-1.819677835417324030e-01,3.340684086743078707e-01,-2.852438485838100779e-01,-3.555656816906325735e-01
9.065817251930292919e-02,2.365859113768968847e-01,4.825233278474418408e-01,5.150038063833067836e-01,6.032722358465565371e-01,-5.304523668954479465e-01,-6.549919531152028629e-01,-4.329657164926831170e-01,1.000000000000000000e+00,3.483670413539837751e-01,-7.175525971719346474e-01,7.164474600878812938e-01,-7.520272100606459897e-01,6.785158307344425488e-01,5.561676853259333031e-01,3.627511249000556770e-01,-5.167074225047313396e-01,6.848154349674360208e-01,5.331795992269112716e-01,3.277419875797372151e-01,4.202825508367986629e-01,5.510574087280468714e-01,4.784888757170144280e-02,-3.391326840570881851e-01,3.419307744611109756e-01,1.689012795327700933e-01,-4.446049669738053045e-01,3.714325874456744087e-02,-4.050386738223122896e-01,6.144223913701036821e-01,-3.666136223825499085e-01,-6.963510991124201022e-01,-1.610385556692160436e-01,6.646245057541366741e-01,-5.364312022301442884e-01,-2.190113293785636295e-01,-6.352183821535434260e-01,8.062043094860694703e-01,8.351842676249597863e-01
5.705806780556403890e-01,6.113865143674297453e-01,5.466176880486797174e-01,-1.983046305724384117e-01,4.013940250045678892e-01,-3.587653178555518796e-01,-1.594008938419759838e-02,-5.306321843841070862e-01,3.483670413539837751e-01,1.000000000000000000e+00,-3.244572396063470365e-01,2.514977547363129728e-01,-1.280000460248410521e-01,3.746492317127832483e-01,4.534078473826646527e-01,7.551730216991857647e-01,-2.636061537076400119e-01,3.594867050123030094e-01,4.776981501078149117e-01,3.617149212850207518e-01,4.405926501359543890e-01,4.127766139349235419e-01,1.229428088795186114e-01,3.618563461961468719e-02,6.336338600348913053e-01,4.532702368127433656e-01,2.205292939878196745e-01,4.811056475784079023e-01,1.578568048795287726e-01,7.293598749351133392e-01,3.393715670385426542e-01,-3.642381507988736167e-01,4.380012409118205219e-01,3.956940448808179966e-01,3.793845688543691363e-03,3.512366631133650996e-01,-1.772416610438854179e-01,2.621386621242758341e-01,3.917324111687098820e-01
-1.005958063299409490e-02,-1.312514069674523276e-01,-5.338129343915059000e-01,-4.110882009051189945e-01,-5.267545483744201507e-01,6.850315124724913884e-01,5.835490129522657998e-01,5.272409307772761844e-01,-7.175525971719346474e-01,-3.244572396063470365e-01,1.000000000000000000e+00,-7.444638859261887287e-01,6.760701252038425757e-01,-5.932430213849884115e-01,-7.223652632620864988e-01,-3.646763442683957912e-01,7.567597096092559816e-01,-5.521553728350281354e-01,-4.164545391635448568e-01,-4.884370083249766625e-01,-4.999648809253117721e-01,-6.525798270509745036e-01,2.205747478763612213e-01,5.279617625181762808e-01,-2.113098976514135863e-01,-6.924049246738375740e-02,5.301792201794419679e-01,-4.769207665718389749e-02,5.274651209329899171e-01,-5.620778961646396565e-01,4.994622475802043549e-01,8.600885647209161045e-01,1.753097740782590674e-01,-7.159099973285932839e-01,6.036295167531339212e-01,1.496531221908546649e-01,8.014296507926784718e-01,-5.881154573363666094e-01,-5.906514338383411777e-01
-1.742663577655979568e-01,7.992282335461741577e-03,4.581047564110937720e-01,6.445611817473519967e-01,5.877433455730194378e-01,-6.076163646131763629e-01,-6.587187450762841401e-01,-4.187046106745892504e-01,7.164474600878812938e-01,2.514977547363129728e-01,-7.444638859261887287e-01,1.000000000000000000e+00,-6.376507646091056358e-01,5.927750698660742001e-01,7.120715357318696537e-01,3.044729990303235434e-01,-5.522014276542889233e-01,6.361768134038502387e-01,4.809870435900153729e-01,4.847323927756113093e-01,5.160548377421100286e-01,6.607450800581855521e-01,-7.105758412581482386e-02,-3.812440450606689457e-01,2.981969536045442348e-01,3.382939730421621882e-02,-3.635824111879379927e-01,1.270141802713936445e-02,-5.543244399082147833e-01,4.319760261559545400e-01,-3.876592861243765009e-01,-7.217623995252555602e-01,-1.868626434817228787e-01,6.752518177033228763e-01,-5.636768708340034184e-01,-2.328584941699539390e-01,-6.784162267154321135e-01,6.137030937499673433e-01,6.158236895427284807e-01
3.643898447203617469e-02,-1.313733654316883992e-01,-2.800448653194061999e-01,-5.820140381785884331e-01,-4.139603897549434253e-01,4.382025359651911534e-01,7.473730715951860670e-01,2.299068911916200553e-01,-7.520272100606459897e-01,-1.280000460248410521e-01,6.760701252038425757e-01,-6.376507646091056358e-01,1.000000000000000000e+00,-5.988315525890643976e-01,-4.116593270619792189e-01,-1.202937032685392621e-01,4.584244250915643915e-01,-5.210885777375616756e-01,-2.803457000159664814e-01,-1.367904029957210388e-01,-2.194365725972991787e-01,-3.804719378826104115e-01,-4.460774036991076857e-02,4.009368892726961620e-01,-1.684430109918242380e-01,-1.200256706656197270e-01,5.514106496181412354e-01,1.508480233726932629e-01,4.611409938660077090e-01,-4.118688731232990619e-01,5.435960804247103040e-01,6.403399732867181005e-01,4.007840214181708771e-01,-4.805060204774762034e-01,6.177613169968186879e-01,3.766101121069812541e-01,6.780586300882469608e-01,-7.278257630586283389e-01,-7.278848279535991006e-01
9.424880245702628445e-02,2.238231842876212407e-01,5.398293982851335437e-01,3.583133706322746970e-01,6.908010955572831957e-01,-4.286445722226588928e-01,-5.601595475274879776e-01,-4.886084315678351775e-01,6.785158307344425488e-01,3.746492317127832483e-01,-5.932430213849884115e-01,5.927750698660742001e-01,-5.988315525890643976e-01,1.000000000000000000e+00,5.630740194752006378e-01,4.016883572875794561e-01,-4.483638653749097425e-01,5.457385916014950711e-01,4.506433098165060769e-01,1.923178972196265824e-01,3.961421283008327854e-01,3.954624481424934279e-01,2.020241689022600484e-01,-1.738924101711904202e-01,4.096728182831375076e-01,3.010899857470509811e-01,-3.053756716534576365e-01,1.325155530879819910e-01,-2.974009114547407351e-01,5.833729863128053195e-01,-2.230199808153882357e-01,-5.740793897938945012e-01,6.122390478198086461e-02,6.470210602323377413e-01,-3.078830858768204504e-01,-8.537971652225995189e-02,-4.577294072113260448e-01,6.067731650951661004e-01,6.394280079432247410e-01
6.572422141058306688e-02,1.869307907704577942e-01,6.365431001760591956e-01,2.112739136652868333e-01,5.833538429832678673e-01,-6.512093954564802667e-01,-3.528074857686824828e-01,-6.137340290394649456e-01,5.561676853259333031e-01,4.534078473826646527e-01,-7.223652632620864988e-01,7.120715357318696537e-01,-4.116593270619792189e-01,5.630740194752006378e-01,1.000000000000000000e+00,5.316082684426798322e-01,-6.172611269305142701e-01,5.969510726596781724e-01,4.957547863894380957e-01,6.024363998393007513e-01,5.592876284205280379e-01,7.028904690114565756e-01,-2.288170456475329406e-01,-3.212528316248312588e-01,3.882103795838807159e-01,1.894761480448698965e-01,-2.274871653401235594e-01,3.418580235710936277e-01,-3.200368210608577346e-01,5.889296532849292998e-01,-1.454097376258697838e-01,-7.485317090444063570e-01,1.658178875269756825e-01,7.475550009177904798e-01,-3.129262854819925277e-01,9.303359088488093176e-02,-5.881312612501516934e-01,4.292469217360502798e-01,4.497485454870178700e-01
4.938877398713492628e-01,4.708684138133690800e-01,5.869050111843788775e-01,-1.399561762357057482e-01,4.769799671629046944e-01,-4.461602237949781613e-01,-5.049319864270163105e-02,-5.481174674838596994e-01,3.627511249000556770e-01,7.551730216991857647e-01,-3.646763442683957912e-01,3.044729990303235434e-01,-1.202937032685392621e-01,4.016883572875794561e-01,5.316082684426798322e-01,1.000000000000000000e+00,-3.925185933795127813e-01,4.595816961459699423e-01,5.634023875281682914e-01,3.548927232483981009e-01,4.502004262215182351e-01,3.813304604042795365e-01,7.081242583421765158e-02,-6.776473540753050195e-02,5.227226216327509611e-01,4.710735110890731936e-01,1.733710014745774852e-01,5.276048543265804414e-01,-2.925136206215475654e-02,6.769225206105878856e-01,2.734781322379169488e-01,-3.858706767276236516e-01,4.547030098226146344e-01,3.981398496964589917e-01,-5.380317203170770224e-02,3.242114378677884434e-01,-2.117877050193341659e-01,3.443110165609130080e-01,3.759830930670463034e-01
-9.935804424057200282e-03,-5.715399706345997144e-02,-4.990336589654343347e-01,-2.512921980353761131e-01,-4.572443528325845219e-01,6.443894736255656452e-01,3.832697540941139569e-01,5.078756881010439983e-01,-5.167074225047313396e-01,-2.636061537076400119e-01,7.567597096092559816e-01,-5.522014276542889233e-01,4.584244250915643915e-01,-4.483638653749097425e-01,-6.172611269305142701e-01,-3.925185933795127813e-01,1.000000000000000000e+00,-4.526106155838425793e-01,-3.548788146749106698e-01,-4.353456711839890358e-01,-4.243779507495750170e-01,-4.528330288719353280e-01,3.858095409696211675e-01,5.914419424556830451e-01,-1.084673512005339818e-01,-8.702724738139676341e-02,3.411171196000347683e-01,-1.271868433468979487e-01,5.948738903274539691e-01,-4.131160176972747400e-01,3.790544226636939351e-01,7.019069864789146962e-01,1.055115605207862794e-01,-6.104059651577393719e-01,5.516576382902491638e-01,2.580708728311601960e-02,6.624935102233722173e-01,-3.969090062422951370e-01,-3.823455044844548678e-01
5.292272602194465075e-02,1.886609432241765638e-01,6.257974208506065228e-01,4.257692315906584368e-01,5.836834877008931777e-01,-4.753895473521467796e-01,-4.172701741863676927e-01,-5.646087967307031885e-01,6.848154349674360208e-01,3.594867050123030094e-01,-5.521553728350281354e-01,6.361768134038502387e-01,-5.210885777375616756e-01,5.457385916014950711e-01,5.969510726596781724e-01,4.595816961459699423e-01,-4.526106155838425793e-01,1.000000000000000000e+00,7.056192526000962806e-01,5.252862096913498702e-01,5.933328879712510551e-01,6.125639491913441592e-01,-1.371685594944229425e-01,-2.491201716449246706e-01,3.302691473076656004e-01,2.201267578518418533e-01,-2.349038550800825742e-01,2.774526603674610792e-01,-2.948880001467336642e-01,5.098601684381425247e-01,-1.336445807235545624e-01,-5.441743600988786511e-01,9.490153176165064264e-02,5.698005106029809808e-01,-3.249648216781978460e-01,-1.262300190652938525e-01,-4.633966917116595918e-01,6.379602009133789053e-01,6.713280386114012233e-01
1.493450547490670910e-01,2.144306025705758345e-01,6.066724421209678253e-01,2.590443855226402525e-01,6.095403058431432264e-01,-4.246199530293179314e-01,-2.267970178239689938e-01,-5.574704902656393291e-01,5.331795992269112716e-01,4.776981501078149117e-01,-4.164545391635448568e-01,4.809870435900153729e-01,-2.803457000159664814e-01,4.506433098165060769e-01,4.957547863894380957e-01,5.634023875281682914e-01,-3.548788146749106698e-01,7.056192526000962806e-01,1.000000000000000000e+00,4.485713955643264583e-01,5.710333739098985006e-01,5.188079806338078415e-01,-3.093704213924008961e-02,-1.160085665589433435e-01,3.887242182940355284e-01,1.929103631519897000e-01,-7.965914554765782252e-02,3.298965789128190940e-01,-1.915515692166864514e-01,5.411642110848019493e-01,6.244622990330087747e-02,-4.121296271779904541e-01,3.354743692571710012e-01,4.550149931518818192e-01,-1.658853244144233297e-01,-2.580897897594534255e-03,-2.774520611170112616e-01,4.898718613850581161e-01,5.435271288390466360e-01
6.131093554331668721e-02,1.544276805168701971e-01,5.651455814538290934e-01,1.252091135203858563e-01,2.942229524059105095e-01,-4.208500155209773941e-01,-8.496492862166031557e-02,-5.940962366811902706e-01,3.277419875797372151e-01,3.617149212850207518e-01,-4.884370083249766625e-01,4.847323927756113093e-01,-1.367904029957210388e-01,1.923178972196265824e-01,6.024363998393007513e-01,3.548927232483981009e-01,-4.353456711839890358e-01,5.252862096913498702e-01,4.485713955643264583e-01,1.000000000000000000e+00,7.171245278001094903e-01,7.820251685201579095e-01,-4.650359744088972680e-01,-2.053491772556602923e-01,1.976807654788411972e-01,-2.813249728977194192e-02,-8.302439216125863386e-02,2.803153616438053830e-01,-1.640015299271865845e-01,3.742325229039926704e-01,-7.306734843469101480e-03,-5.074573127035534315e-01,1.601924526008426941e-01,5.277406440735850079e-01,-2.294668406988694120e-01,4.551978387057028369e-02,-4.194559137252828473e-01,1.714645720560585562e-01,2.297505750367782040e-01
5.823297522506697133e-02,1.428334031129702419e-01,7.553332072391529817e-01,2.013864516459869525e-01,5.113079645472167201e-01,-3.896782657868608224e-01,-2.103108264618382961e-01,-7.587484592654524240e-01,4.202825508367986629e-01,4.405926501359543890e-01,-4.999648809253117721e-01,5.160548377421100286e-01,-2.194365725972991787e-01,3.961421283008327854e-01,5.592876284205280379e-01,4.502004262215182351e-01,-4.243779507495750170e-01,5.933328879712510551e-01,5.710333739098985006e-01,7.171245278001094903e-01,1.000000000000000000e+00,7.144925264402752774e-01,-2.527147724895964509e-01,-1.842005306354675687e-01,2.283322901647694136e-01,8.059197255547402572e-02,-1.074069388358860067e-01,2.988357683541442156e-01,-2.256705024408957594e-01,4.483479490421837799e-01,-1.528742696038090133e-02,-5.095936835015559829e-01,2.644466857629605427e-01,5.806877458210533138e-01,-2.376317615419837603e-01,3.681384525734954227e-02,-4.033537921136299276e-01,2.879763499055138509e-01,3.491756788613532003e-01
6.364710482427381188e-02,1.951815736745464158e-01,6.003892575640581430e-01,3.115393040673928304e-01,4.429546584313450719e-01,-5.214508957682925105e-01,-3.037231919642664479e-01,-6.044112661433196365e-01,5.510574087280468714e-01,4.127766139349235419e-01,-6.525798270509745036e-01,6.607450800581855521e-01,-3.804719378826104115e-01,3.954624481424934279e-01,7.028904690114565756e-01,3.813304604042795365e-01,-4.528330288719353280e-01,6.125639491913441592e-01,5.188079806338078415e-01,7.820251685201579095e-01,7.144925264402752774e-01,1.000000000000000000e+00,-2.982085814728500095e-01,-2.085791195013240451e-01,3.179193654990468687e-01,-3.123980000441776983e-02,-2.888303349889833616e-01,1.778328516262922820e-01,-2.480695731434373053e-01,5.162490049606764941e-01,-1.765032638268156095e-01,-6.909911152818047908e-01,9.428443584423416846e-02,6.475992731315487472e-01,-3.564507368585699831e-01,-5.271764983349395972e-02,-5.964918044955391796e-01,3.664484687176757238e-01,4.512437077205230240e-01
9.699203909988486638e-02,8.746401558748014005e-02,-1.737527161781335094e-01,4.815754181629413461e-02,8.387982063082441431e-02,2.880498412228032490e-01,-6.462774243948686548e-02,2.266726686630162746e-01,4.784888757170144280e-02,1.229428088795186114e-01,2.205747478763612213e-01,-7.105758412581482386e-02,-4.460774036991076857e-02,2.020241689022600484e-01,-2.288170456475329406e-01,7.081242583421765158e-02,3.858095409696211675e-01,-1.371685594944229425e-01,-3.093704213924008961e-02,-4.650359744088972680e-01,-2.527147724895964509e-01,-2.982085814728500095e-01,1.000000000000000000e+00,3.417776344737380456e-01,2.830989565448505108e-01,2.477880066015783478e-01,1.388729160317440647e-01,-2.217205053127982439e-02,1.787965676436049922e-01,8.662888979926051947e-02,1.199687613337436093e-01,2.415681694896338050e-01,4.344726961740622007e-02,-1.977243781591774274e-01,1.766467525569982155e-01,5.255751772464691690e-02,2.799824471660103953e-01,1.573395603979268198e-01,1.443373260371926814e-01
1.254313303151854964e-01,-7.531248211293619689e-04,-1.617336015787427528e-01,-2.964999183986836706e-01,-1.449504155827288365e-01,3.897803053026022702e-01,4.053864498258231697e-01,1.695215189625199348e-01,-3.391326840570881851e-01,3.618563461961468719e-02,5.279617625181762808e-01,-3.812440450606689457e-01,4.009368892726961620e-01,-1.738924101711904202e-01,-3.212528316248312588e-01,-6.776473540753050195e-02,5.914419424556830451e-01,-2.491201716449246706e-01,-1.160085665589433435e-01,-2.053491772556602923e-01,-1.842005306354675687e-01,-2.085791195013240451e-01,3.417776344737380456e-01,1.000000000000000000e+00,1.445815136978096938e-01,5.382206134709763973e-02,4.057471535313279531e-01,1.164033768829015048e-01,5.671199368351800274e-01,-9.126163255898538107e-02,4.652112955161603614e-01,4.801820552048477464e-01,3.712408270632876484e-01,-3.054221829929527621e-01,5.204142000136549040e-01,1.498357982648043096e-01,5.536942755443922115e-01,-2.858473700651142368e-01,-2.476106324417368942e-01
3.286204215619769609e-01,3.799143460053964749e-01,2.892181950505545718e-01,-1.224418368318140604e-02,3.487224887504074000e-01,-3.726098932825773757e-01,-9.373266245855933765e-02,-2.464106450919713864e-01,3.419307744611109756e-01,6.336338600348913053e-01,-2.113098976514135863e-01,2.981969536045442348e-01,-1.684430109918242380e-01,4.096728182831375076e-01,3.882103795838807159e-01,5.227226216327509611e-01,-1.084673512005339818e-01,3.302691473076656004e-01,3.887242182940355284e-01,1.976807654788411972e-01,2.283322901647694136e-01,3.179193654990468687e-01,2.830989565448505108e-01,1.445815136978096938e-01,1.000000000000000000e+00,2.212089103713888172e-01,1.714352797580556975e-01,1.987121769939824700e-01,5.572417760671936199e-02,5.388207379092481153e-01,2.658948468159931244e-01,-2.944387947598228750e-01,3.424251696064080086e-01,2.971957950540389248e-01,-2.380012507681789069e-02,1.855964561863465423e-01,-1.766371683757216038e-01,2.790652960108122582e-01,4.224690298317856363e-01
4.378996639448581862e-01,4.479443915799296572e-01,3.609526235889322643e-01,-2.212840586742906013e-01,3.632594718453156513e-01,-9.392356313414806923e-02,6.558641790857690224e-02,-3.183637816531559861e-01,1.689012795327700933e-01,4.532702368127433656e-01,-6.924049246738375740e-02,3.382939730421621882e-02,-1.200256706656197270e-01,3.010899857470509811e-01,1.894761480448698965e-01,4.710735110890731936e-01,-8.702724738139676341e-02,2.201267578518418533e-01,1.929103631519897000e-01,-2.813249728977194192e-02,8.059197255547402572e-02,-3.123980000441776983e-02,2.477880066015783478e-01,5.382206134709763973e-02,2.212089103713888172e-01,1.000000000000000000e+00,3.592844804150415183e-01,6.588978479290690249e-01,2.848800339797727954e-01,4.399069365715466695e-01,3.299179230837464560e-01,-3.226557832985967739e-02,3.660399163305627646e-01,1.373975107579820665e-01,2.446516849613840638e-01,2.702286914774570947e-01,1.002812794319667689e-01,2.212594847658382047e-01,2.091759052927339435e-01
2.063190973878868961e-01,8.074710300187332157e-02,-9.015085493843608133e-02,-4.566678501685352276e-01,-1.064899598834810612e-01,2.329095862697372898e-01,4.960786362542096151e-01,8.992321082201275295e-02,-4.446049669738053045e-01,2.205292939878196745e-01,5.301792201794419679e-01,-3.635824111879379927e-01,5.514106496181412354e-01,-3.053756716534576365e-01,-2.274871653401235594e-01,1.733710014745774852e-01,3.411171196000347683e-01,-2.349038550800825742e-01,-7.965914554765782252e-02,-8.302439216125863386e-02,-1.074069388358860067e-01,-2.888303349889833616e-01,1.388729160317440647e-01,4.057471535313279531e-01,1.714352797580556975e-01,3.592844804150415183e-01,1.000000000000000000e+00,3.962772400445233600e-01,3.989949316779228816e-01,-9.020680120835278260e-02,7.638846124559555140e-01,4.951783627011756006e-01,4.493577929024080153e-01,-3.279355466719633960e-01,5.068281963435942172e-01,3.288395731295952196e-01,5.486916108712559526e-01,-3.570703518294743306e-01,-3.432683028989220175e-01
3.060369415779121138e-01,3.066888895495420431e-01,5.262753070403028977e-01,-3.445537615207034943e-01,3.756836999165195090e-01,-7.083685766817940377e-02,3.661162925134527901e-01,-5.018142215920637916e-01,3.714325874456744087e-02,4.811056475784079023e-01,-4.769207665718389749e-02,1.270141802713936445e-02,1.508480233726932629e-01,1.325155530879819910e-01,3.418580235710936277e-01,5.276048543265804414e-01,-1.271868433468979487e-01,2.774526603674610792e-01,3.298965789128190940e-01,2.803153616438053830e-01,2.988357683541442156e-01,1.778328516262922820e-01,-2.217205053127982439e-02,1.164033768829015048e-01,1.987121769939824700e-01,6.588978479290690249e-01,3.962772400445233600e-01,1.000000000000000000e+00,3.296704452622725157e-01,4.033334822408575215e-01,4.975095722280966637e-01,-3.413972191873597406e-02,6.261756495968184844e-01,2.566273140217180670e-01,3.832398441497472108e-01,4.558204268842721563e-01,1.839435446875523350e-01,1.125905491025956835e-02,2.063886504795727980e-02
3.992764464730355622e-01,3.270842338541095073e-01,-8.702022720813597234e-02,-5.969916800940200385e-01,-2.743186032331764168e-01,4.462387409912996206e-01,5.694745546021174887e-01,7.003509765919295471e-02,-4.050386738223122896e-01,1.578568048795287726e-01,5.274651209329899171e-01,-5.543244399082147833e-01,4.611409938660077090e-01,-2.974009114547407351e-01,-3.200368210608577346e-01,-2.925136206215475654e-02,5.948738903274539691e-01,-2.948880001467336642e-01,-1.915515692166864514e-01,-1.640015299271865845e-01,-2.256705024408957594e-01,-2.480695731434373053e-01,1.787965676436049922e-01,5.671199368351800274e-01,5.572417760671936199e-02,2.848800339797727954e-01,3.989949316779228816e-01,3.296704452622725157e-01,1.000000000000000000e+00,1.865943954077309633e-02,5.552341932225937082e-01,4.957472356289856497e-01,4.555489801917761428e-01,-3.193343937821364054e-01,7.102887383042095770e-01,3.169823027188399811e-01,6.238854534497951798e-01,-4.004032867010030028e-01,-3.139888825448028387e-01
5.372715766796427594e-01,5.365577280928627291e-01,6.093941070984512098e-01,-4.071659367572947469e-02,5.615684082859131454e-01,-4.674092348104933459e-01,-2.465959911455587739e-01,-5.903569705261554335e-01,6.144223913701036821e-01,7.293598749351133392e-01,-5.620778961646396565e-01,4.319760261559545400e-01,-4.118688731232990619e-01,5.833729863128053195e-01,5.889296532849292998e-01,6.769225206105878856e-01,-4.131160176972747400e-01,5.098601684381425247e-01,5.411642110848019493e-01,3.742325229039926704e-01,4.483479490421837799e-01,5.162490049606764941e-01,8.662888979926051947e-02,-9.126163255898538107e-02,5.388207379092481153e-01,4.399069365715466695e-01,-9.020680120835278260e-02,4.033334822408575215e-01,1.865943954077309633e-02,1.000000000000000000e+00,3.632373587694433248e-02,-6.020682208395917723e-01,3.142977921369302097e-01,6.047693682556887218e-01,-1.424717887840850628e-01,2.423671556964260287e-01,-4.089252117002256659e-01,5.251418272979998525e-01,6.099444127217481526e-01
3.290877193937641332e-01,2.539086088438162747e-01,7.894994481138681297e-02,-5.529007901638766098e-01,-3.904364959357455034e-02,2.283831128783133380e-01,5.453066389660364832e-01,-6.997125287627788126e-02,-3.666136223825499085e-01,3.393715670385426542e-01,4.994622475802043549e-01,-3.876592861243765009e-01,5.435960804247103040e-01,-2.230199808153882357e-01,-1.454097376258697838e-01,2.734781322379169488e-01,3.790544226636939351e-01,-1.336445807235545624e-01,6.244622990330087747e-02,-7.306734843469101480e-03,-1.528742696038090133e-02,-1.765032638268156095e-01,1.199687613337436093e-01,4.652112955161603614e-01,2.658948468159931244e-01,3.299179230837464560e-01,7.638846124559555140e-01,4.975095722280966637e-01,5.552341932225937082e-01,3.632373587694433248e-02,1.000000000000000000e+00,4.500917988528825298e-01,6.352917450787323173e-01,-2.065324820388419746e-01,6.060831192745468332e-01,3.835139115446828395e-01,5.795304412446962150e-01,-3.067869689392687116e-01,-2.325617541826598966e-01
-8.614816105023495596e-02,-1.916146969602846584e-01,-5.277136745974069232e-01,-3.398729333182547996e-01,-5.051291384383356231e-01,7.037892419225342255e-01,5.568679831054086371e-01,5.271604820678579273e-01,-6.963510991124201022e-01,-3.642381507988736167e-01,8.600885647209161045e-01,-7.217623995252555602e-01,6.403399732867181005e-01,-5.740793897938945012e-01,-7.485317090444063570e-01,-3.858706767276236516e-01,7.019069864789146962e-01,-5.441743600988786511e-01,-4.121296271779904541e-01,-5.074573127035534315e-01,-5.095936835015559829e-01,-6.909911152818047908e-01,2.415681694896338050e-01,4.801820552048477464e-01,-2.944387947598228750e-01,-3.226557832985967739e-02,4.951783627011756006e-01,-3.413972191873597406e-02,4.957472356289856497e-01,-6.020682208395917723e-01,4.500917988528825298e-01,1.000000000000000000e+00,1.212831269114293259e-01,-7.270832078091400419e-01,5.825303189745344445e-01,8.691755667895020854e-02,8.245356516090461829e-01,-5.606168028732771980e-01,-5.948260841241255203e-01
3.140349291096020123e-01,2.030918474699236198e-01,4.184819591989601961e-01,-4.767687940631976096e-01,2.980963830740959719e-01,-3.468789327112160870e-02,4.735567061199583150e-01,-4.079625937126180601e-01,-1.610385556692160436e-01,4.380012409118205219e-01,1.753097740782590674e-01,-1.868626434817228787e-01,4.007840214181708771e-01,6.122390478198086461e-02,1.658178875269756825e-01,4.547030098226146344e-01,1.055115605207862794e-01,9.490153176165064264e-02,3.354743692571710012e-01,1.601924526008426941e-01,2.644466857629605427e-01,9.428443584423416846e-02,4.344726961740622007e-02,3.712408270632876484e-01,3.424251696064080086e-01,3.660399163305627646e-01,4.493577929024080153e-01,6.261756495968184844e-01,4.555489801917761428e-01,3.142977921369302097e-01,6.352917450787323173e-01,1.212831269114293259e-01,1.000000000000000000e+00,9.844934636086170865e-02,5.547866444479622183e-01,4.250459806880014790e-01,3.357286577839539987e-01,-1.935497726724006162e-01,-1.149922756584310229e-01
5.730273124542806934e-02,2.080361821016224466e-01,6.846649095584409483e-01,2.843601822770691068e-01,6.700516209324907102e-01,-5.374554608241653986e-01,-4.294591577761467938e-01,-6.797876574268347794e-01,6.646245057541366741e-01,3.956940448808179966e-01,-7.159099973285932839e-01,6.752518177033228763e-01,-4.805060204774762034e-01,6.470210602323377413e-01,7.475550009177904798e-01,3.981398496964589917e-01,-6.104059651577393719e-01,5.698005106029809808e-01,4.550149931518818192e-01,5.277406440735850079e-01,5.806877458210533138e-01,6.475992731315487472e-01,-1.977243781591774274e-01,-3.054221829929527621e-01,2.971957950540389248e-01,1.373975107579820665e-01,-3.279355466719633960e-01,2.566273140217180670e-01,-3.193343937821364054e-01,6.047693682556887218e-01,-2.065324820388419746e-01,-7.270832078091400419e-01,9.844934636086170865e-02,1.000000000000000000e+00,-3.351375598851076831e-01,2.385069637887564376e-02,-5.612316509393888708e-01,4.997641858018428973e-01,5.435061860411886103e-01
1.498071980518340118e-01,2.742040975090854690e-02,-1.261285452184386091e-01,-5.660702383096680723e-01,-1.990891731961255684e-01,4.299037815214777902e-01,6.151504569926180555e-01,1.102564415114054425e-01,-5.364312022301442884e-01,3.793845688543691363e-03,6.036295167531339212e-01,-5.636768708340034184e-01,6.177613169968186879e-01,-3.078830858768204504e-01,-3.129262854819925277e-01,-5.380317203170770224e-02,5.516576382902491638e-01,-3.249648216781978460e-01,-1.658853244144233297e-01,-2.294668406988694120e-01,-2.376317615419837603e-01,-3.564507368585699831e-01,1.766467525569982155e-01,5.204142000136549040e-01,-2.380012507681789069e-02,2.446516849613840638e-01,5.068281963435942172e-01,3.832398441497472108e-01,7.102887383042095770e-01,-1.424717887840850628e-01,6.060831192745468332e-01,5.825303189745344445e-01,5.547866444479622183e-01,-3.351375598851076831e-01,1.000000000000000000e+00,3.248828130481539178e-01,7.109410686585028172e-01,-4.854785038760260352e-01,-4.665228704329942300e-01
3.702636905425943370e-01,3.164226346116737476e-01,1.681784688507094450e-01,-5.306200763137538523e-01,7.187221247624257792e-02,1.691268279740505698e-01,4.819919681663411004e-01,-1.819677835417324030e-01,-2.190113293785636295e-01,3.512366631133650996e-01,1.496531221908546649e-01,-2.328584941699539390e-01,3.766101121069812541e-01,-8.537971652225995189e-02,9.303359088488093176e-02,3.242114378677884434e-01,2.580708728311601960e-02,-1.262300190652938525e-01,-2.580897897594534255e-03,4.551978387057028369e-02,3.681384525734954227e-02,-5.271764983349395972e-02,5.255751772464691690e-02,1.498357982648043096e-01,1.855964561863465423e-01,2.702286914774570947e-01,3.288395731295952196e-01,4.558204268842721563e-01,3.169823027188399811e-01,2.423671556964260287e-01,3.835139115446828395e-01,8.691755667895020854e-02,4.250459806880014790e-01,2.385069637887564376e-02,3.248828130481539178e-01,1.000000000000000000e+00,2.343128238053100998e-01,-2.251764178132102667e-01,-1.717124036244248864e-01
5.072345218485517504e-02,-5.820451678807122414e-02,-3.273898605926545691e-01,-4.528951122998574608e-01,-3.486225977834907508e-01,6.539604230114089978e-01,6.150242720328289447e-01,3.340684086743078707e-01,-6.352183821535434260e-01,-1.772416610438854179e-01,8.014296507926784718e-01,-6.784162267154321135e-01,6.780586300882469608e-01,-4.577294072113260448e-01,-5.881312612501516934e-01,-2.117877050193341659e-01,6.624935102233722173e-01,-4.633966917116595918e-01,-2.774520611170112616e-01,-4.194559137252828473e-01,-4.033537921136299276e-01,-5.964918044955391796e-01,2.799824471660103953e-01,5.536942755443922115e-01,-1.766371683757216038e-01,1.002812794319667689e-01,5.486916108712559526e-01,1.839435446875523350e-01,6.238854534497951798e-01,-4.089252117002256659e-01,5.795304412446962150e-01,8.245356516090461829e-01,3.357286577839539987e-01,-5.612316509393888708e-01,7.109410686585028172e-01,2.343128238053100998e-01,1.000000000000000000e+00,-5.414263127249427932e-01,-5.511194662273460887e-01
8.700402689535768896e-02,1.772053123603956060e-01,3.627266718621476871e-01,4.661527505744452737e-01,5.392866887175798984e-01,-4.535477306614993931e-01,-6.668533996637991956e-01,-2.852438485838100779e-01,8.062043094860694703e-01,2.621386621242758341e-01,-5.881154573363666094e-01,6.137030937499673433e-01,-7.278257630586283389e-01,6.067731650951661004e-01,4.292469217360502798e-01,3.443110165609130080e-01,-3.969090062422951370e-01,6.379602009133789053e-01,4.898718613850581161e-01,1.714645720560585562e-01,2.879763499055138509e-01,3.664484687176757238e-01,1.573395603979268198e-01,-2.858473700651142368e-01,2.790652960108122582e-01,2.212594847658382047e-01,-3.570703518294743306e-01,1.125905491025956835e-02,-4.004032867010030028e-01,5.251418272979998525e-01,-3.067869689392687116e-01,-5.606168028732771980e-01,-1.935497726724006162e-01,4.997641858018428973e-01,-4.854785038760260352e-01,-2.251764178132102667e-01,-5.414263127249427932e-01,1.000000000000000000e+00,8.403566941415183678e-01
1.858423560259250817e-01,3.174318367137445862e-01,4.211380606571468732e-01,4.292576336714191698e-01,5.447064622183924731e-01,-4.722309329453366900e-01,-6.370125659624370495e-01,-3.555656816906325735e-01,8.351842676249597863e-01,3.917324111687098820e-01,-5.906514338383411777e-01,6.158236895427284807e-01,-7.278848279535991006e-01,6.394280079432247410e-01,4.497485454870178700e-01,3.759830930670463034e-01,-3.823455044844548678e-01,6.713280386114012233e-01,5.435271288390466360e-01,2.297505750367782040e-01,3.491756788613532003e-01,4.512437077205230240e-01,1.443373260371926814e-01,-2.476106324417368942e-01,4.224690298317856363e-01,2.091759052927339435e-01,-3.432683028989220175e-01,2.063886504795727980e-02,-3.139888825448028387e-01,6.099444127217481526e-01,-2.325617541826598966e-01,-5.948260841241255203e-01,-1.149922756584310229e-01,5.435061860411886103e-01,-4.665228704329942300e-01,-1.717124036244248864e-01,-5.511194662273460887e-01,8.403566941415183678e-01,1.000000000000000000e+00
