1.000000000000000000e+00,6.698492141732118599e-01,6.042128326171920111e-03,2.478614013950689587e-01,2.023695570417618217e-01,1.002892177994325340e-01,8.464470066057058761e-02,7.494759812143750310e-02,3.714790520328804524e-01,2.634053693945389019e-01,3.344723909146511687e-02,-1.657356211551101743e-01,6.626828666602742335e-02,3.905724906572029254e-02,-1.072325756775775046e-01,3.764379852262870751e-01,2.357472908663170164e-01,3.843687925245475312e-01,3.881416528706763819e-02,1.077534506701168515e-01,-1.665341664480772532e-01,3.712556372192313270e-02,-1.971084638736735062e-02,-2.623470355283821220e-01,-5.264397328373244395e-02,5.167421383763109999e-01,2.740344268698034491e-01,-1.181539378687928438e-01,4.398887468095549758e-01,6.161434346701071263e-01,-5.010558428429869732e-02,2.148591893704641653e-01,-2.410434215936847202e-01,2.472424080712468941e-01,8.750376385549346603e-02,6.212574058047063558e-02,-4.077010263133312024e-02,4.035348549965819265e-01,-9.502313257797083412e-02
6.698492141732118599e-01,1.000000000000000000e+00,-3.349340122597424529e-01,2.177314964898495186e-01,2.884446798547507518e-01,5.150884152557768658e-01,2.016016482096456286e-01,1.025117729043285852e-01,3.874207441981345479e-01,6.550063496994590340e-01,3.939115144611675112e-01,2.375268956052944969e-01,-1.558221102167764993e-01,3.960935977341963343e-01,3.302575015007954695e-01,7.121085834143237037e-01,4.050124845150128716e-01,5.584287053281592472e-01,4.445472045225394853e-01,3.420148362994298030e-01,3.397798760248046945e-01,3.575259143489749603e-01,4.420135132489927954e-01,-5.554179887375524510e-02,4.135040460076823132e-01,-2.631127500833322155e-02,4.423222604822576454e-01,-1.457301452803939391e-02,3.655387208111117725e-01,6.762014356627475964e-01,-4.704099054524889939e-02,6.365994027628945062e-01,-1.589110889689293871e-01,2.931657010720068457e-01,1.992321263367924644e-01,3.963836660683230373e-01,3.738544593297247753e-01,1.356198388995441539e-01,2.769858033335501069e-01
6.042128326171920111e-03,-3.349340122597424529e-01,1.000000000000000000e+00,-5.717832612154177124e-02,3.272591414425417011e-01,-4.588493276454620462e-01,-6.913318844374543269e-03,-7.392222542543400721e-01,3.187346291977481427e-01,-2.700139194638872531e-01,-3.287681115006521049e-01,-2.074836380016671367e-01,-1.115044408356228797e-02,2.954395475863194273e-02,-3.433891255644377360e-01,-2.902926864297790677e-01,-1.669641196662023375e-01,-3.553450468691075614e-01,-1.922613965051836737e-01,-3.822053955767127364e-01,-3.315249521868564586e-01,-1.551924951861423652e-01,-2.916472108674802999e-01,1.914289489434999603e-01,-2.536821132216737218e-01,5.390941865049299064e-01,1.361103569937489322e-01,3.347747557532645413e-01,-8.548695216268739627e-02,-1.239973861861619064e-01,2.594023589122455009e-01,-4.322941061133050988e-01,2.825140510240036207e-01,3.090209567560314730e-01,7.643386958957473776e-02,-1.343458343944058941e-01,-1.895596381674745645e-01,1.499206343358140958e-01,-1.468470401013793059e-01
2.478614013950689587e-01,2.177314964898495186e-01,-5.717832612154177124e-02,1.000000000000000000e+00,2.535192712612862054e-01,3.189254977215916220e-02,6.004032928748990194e-01,1.218702985491588731e-01,1.888856939095149012e-01,2.353138778791999119e-01,6.405965976953027774e-02,-4.110634470148649341e-03,-2.595116234955048840e-01,-1.250175363579774379e-01,2.538966051941345461e-02,1.953711223795980001e-01,9.759783943312214105e-02,9.853049110726536108e-02,1.185399673131606879e-01,3.757644953238810093e-01,2.516488737682946036e-02,1.960389807426948516e-01,-3.817706707552310369e-02,-1.814508654784412756e-01,5.188560352136800669e-02,-1.347158673955679668e-02,1.870674033002518721e-01,-3.220694489680107075e-01,-1.488268468786634047e-01,2.542883822281261641e-01,4.274421623669176218e-01,9.931575438751184814e-02,-3.091408779360334536e-01,3.244068445953294244e-01,1.004755295784207220e-01,1.660080052374087733e-01,8.280793752756834825e-02,1.304902524120768181e-01,9.768541700754793111e-02
2.023695570417618217e-01,2.884446798547507518e-01,3.272591414425417011e-01,2.535192712612862054e-01,1.000000000000000000e+00,1.696120014772061202e-01,3.379847070544044207e-01,-5.490294762758249902e-01,7.427442966281533332e-01,5.142822148046736208e-01,3.112331809393085735e-01,3.851587432256699528e-01,-3.809226292651929358e-01,5.619905295890318397e-01,3.256992263301008994e-01,5.442079488856431668e-01,2.905537244703410571e-01,1.457585248093634378e-01,5.073998841374827151e-01,8.555063420593954360e-02,3.673854919634914618e-01,3.152014623559202255e-01,3.350229808732747561e-01,1.124476757799157955e-01,3.295688589612756902e-01,5.987094726454131322e-02,5.887428760373656367e-01,4.768548871979167991e-01,1.507952508768878042e-01,3.858378257443671466e-01,4.888166737635665227e-01,3.911601714463547319e-01,2.745200686957344205e-01,8.030148018790361775e-01,1.977651188689898420e-01,1.347189279750574398e-01,4.686104917283226423e-01,-1.897098152809413574e-01,4.628595227322176986e-01
1.002892177994325340e-01,5.150884152557768658e-01,-4.588493276454620462e-01,3.189254977215916220e-02,1.696120014772061202e-01,1.000000000000000000e+00,5.866116943013626600e-02,-2.019784789952861273e-02,2.453425141401561482e-01,6.153981075029544279e-01,6.505851133418193433e-01,5.201262945117697267e-01,-2.277012206318581866e-01,5.739481680293830879e-01,6.503157810296195107e-01,6.174767164496455241e-01,6.268067094913406523e-01,5.980455732284064574e-01,6.669461218986113549e-01,4.517247436219637979e-01,6.946446616841966959e-01,4.456239803935739818e-01,7.995762300052298155e-01,2.252133016647767938e-01,7.635939479371790517e-01,-4.020100395697179807e-01,3.392878640945249380e-01,1.985536287864774485e-01,4.039743476470187833e-01,2.674432376938787881e-01,-1.097283871863862503e-01,7.477768382510004974e-01,1.610701649537149560e-01,1.508831816483968968e-01,4.334088176897049616e-01,3.971439015839576259e-01,6.045574539817492044e-01,-8.582463830290333606e-02,5.316943703677911026e-01
8.464470066057058761e-02,2.016016482096456286e-01,-6.913318844374543269e-03,6.004032928748990194e-01,3.379847070544044207e-01,5.866116943013626600e-02,1.000000000000000000e+00,-1.237577874194346374e-03,2.068946832885596443e-01,2.317646160922305631e-01,2.316979770387299353e-01,-5.719034537918057763e-03,-1.431609062389468667e-01,3.673794102003277023e-02,8.939029735883911865e-02,2.031887315190152310e-01,1.439943299750366390e-01,2.785013586951710224e-02,2.650759668327837826e-01,2.892901068399874043e-01,1.589809924875378033e-01,2.856768716774790717e-01,8.982373815163431641e-02,-2.807305938715194335e-02,9.282208654356449706e-02,-1.331910031483760082e-01,2.585193673591384966e-01,2.418076041641114768e-02,-1.096849335657931329e-01,2.016956416665433016e-01,4.352124332486708713e-01,2.069680938988901486e-01,5.756576599113282650e-03,3.159805537885516658e-01,8.729416790984155516e-02,2.182310272129060480e-01,2.170612178547185189e-01,1.909778421794927107e-03,1.475789952623719758e-01
7.494759812143750310e-02,1.025117729043285852e-01,-7.392222542543400721e-01,1.218702985491588731e-01,-5.490294762758249902e-01,-2.019784789952861273e-02,-1.237577874194346374e-03,1.000000000000000000e+00,-5.700065990003864158e-01,-1.339789859131796101e-01,-1.008839569592067109e-01,-2.463612367243787904e-01,2.761229013543004540e-01,-4.759221846547704304e-01,-1.590454984500971058e-01,-1.026207384654216903e-01,-1.527418201122158203e-01,7.639761057194385807e-02,-2.849330216381114056e-01,2.272501681472494373e-01,-2.149071228275251655e-01,-1.579236078434466117e-01,-2.074989434273451228e-01,-4.066571294528101843e-01,-2.228903768786742179e-01,-2.123495946684302027e-01,-3.860770007142625415e-01,-6.081326983527368668e-01,-1.119169510057738265e-01,-4.189883786518280862e-02,-3.093869988835882823e-01,-2.255926621897893711e-02,-5.401182690461167057e-01,-5.143591858095148961e-01,-2.936673031356897279e-01,-8.096575431099120590e-02,-2.522148542483749201e-01,9.685870653177769407e-02,-2.629669831482274733e-01
3.714790520328804524e-01,3.874207441981345479e-01,3.187346291977481427e-01,1.888856939095149012e-01,7.427442966281533332e-01,2.453425141401561482e-01,2.068946832885596443e-01,-5.700065990003864158e-01,1.000000000000000000e+00,5.633870738905125686e-01,3.710527944200445183e-01,4.655954024365616672e-01,-3.371507662928006632e-01,5.862912224744009082e-01,3.776313165808323213e-01,5.730298904885771094e-01,4.142770099030516073e-01,2.919232567590198113e-01,5.114912527660251396e-01,6.267959720723639827e-02,3.667859575464701982e-01,2.689577731122790305e-01,3.894826368539532346e-01,1.536620790663929259e-01,3.552933265595569212e-01,2.178489597002625233e-01,6.738794567920008971e-01,4.954866373030019089e-01,2.855111541777649586e-01,5.214003677947217641e-01,4.488644024417636769e-01,4.351560503756422560e-01,3.317267200686268569e-01,7.933793077364797997e-01,2.511157932406783422e-01,1.726422284862444145e-01,4.550202329801093515e-01,-2.476831576269469468e-02,5.453647477593174253e-01
2.634053693945389019e-01,6.550063496994590340e-01,-2.700139194638872531e-01,2.353138778791999119e-01,5.142822148046736208e-01,6.153981075029544279e-01,2.317646160922305631e-01,-1.339789859131796101e-01,5.633870738905125686e-01,1.000000000000000000e+00,6.097422205509530624e-01,5.658873382082518777e-01,-3.255616957117519750e-01,6.740345999116449383e-01,5.975705047414917592e-01,8.628536240305940686e-01,5.329518029985504946e-01,5.292304509019182257e-01,7.055129174495263777e-01,4.176317846908769171e-01,6.671847090493033816e-01,4.799900758288843661e-01,7.148084946307423637e-01,2.269255541785998587e-01,6.843109142812950907e-01,-3.082189774473987898e-01,5.585827549476020115e-01,2.848864776702698665e-01,2.409968885678271666e-01,5.775478432707120691e-01,1.885465800573380146e-01,7.370785922980637173e-01,1.361544784331842894e-01,4.479410278728203076e-01,2.453428103277000005e-01,4.465863137521353110e-01,6.549118430784770517e-01,-1.983522065317955829e-01,5.945406619425769312e-01
3.344723909146511687e-02,3.939115144611675112e-01,-3.287681115006521049e-01,6.405965976953027774e-02,3.112331809393085735e-01,6.505851133418193433e-01,2.316979770387299353e-01,-1.008839569592067109e-01,3.710527944200445183e-01,6.097422205509530624e-01,1.000000000000000000e+00,5.810043765049622833e-01,-2.137165461567970826e-01,6.139856723800872773e-01,6.338781810721854093e-01,6.018558817128427663e-01,7.068150948919084131e-01,4.550136078614561153e-01,6.265130264289489048e-01,3.064941952968444072e-01,7.050997975966813991e-01,3.936936326479452131e-01,7.024359504692200273e-01,3.778607135336779499e-01,6.146948548763592202e-01,-3.739464385653282208e-01,5.166610819466428417e-01,3.030496312206975018e-01,3.027613513793580569e-01,3.437151142763959499e-01,2.274397723068483368e-01,7.570795994437481413e-01,3.561914265872461738e-01,2.795075758611072492e-01,2.647524648101874933e-01,4.295554329203399302e-01,5.668116588066578476e-01,-1.803585697142635336e-01,6.009127476213066421e-01
-1.657356211551101743e-01,2.375268956052944969e-01,-2.074836380016671367e-01,-4.110634470148649341e-03,3.851587432256699528e-01,5.201262945117697267e-01,-5.719034537918057763e-03,-2.463612367243787904e-01,4.655954024365616672e-01,5.658873382082518777e-01,5.810043765049622833e-01,1.000000000000000000e+00,-4.220241526524748932e-01,5.764003999672380196e-01,7.846585593914141565e-01,5.670498518736639681e-01,3.708079903581664172e-01,2.227496238886974567e-01,6.458390387057142412e-01,2.115212214985525974e-01,7.369277255669310911e-01,3.343893934795202916e-01,6.499537837592361811e-01,3.531174382579502224e-01,6.216976894799579600e-01,-5.019261965400770853e-01,5.010823775158692595e-01,3.674231351549001046e-01,5.066788360939786240e-02,2.255197028854312169e-01,3.093169557363962818e-01,6.081644489619297822e-01,3.826672848459309884e-01,4.610326677595644185e-01,2.109785856173790053e-01,3.882928873306826789e-01,5.728292408630274446e-01,-4.458170082837359383e-01,7.693679614714665771e-01
6.626828666602742335e-02,-1.558221102167764993e-01,-1.115044408356228797e-02,-2.595116234955048840e-01,-3.809226292651929358e-01,-2.277012206318581866e-01,-1.431609062389468667e-01,2.761229013543004540e-01,-3.371507662928006632e-01,-3.255616957117519750e-01,-2.137165461567970826e-01,-4.220241526524748932e-01,1.000000000000000000e+00,-2.525058720421307079e-01,-3.547679260926979716e-01,-3.188686290012122115e-01,-5.221197438649041733e-02,-4.665105727217449400e-02,-4.522532367008798015e-01,-3.093073116657564792e-01,-4.589115071100996479e-01,-4.520164548855274411e-01,-2.528585529786403496e-01,-7.997650274457043795e-02,-2.969064456239143834e-01,2.028028089580027893e-01,-3.377014017252147893e-01,-1.000516912598891223e-01,-3.416897728229536385e-02,-1.856266137141024675e-01,-5.103477570037274758e-01,-2.913602836917683070e-01,-2.256451419235730727e-01,-3.654671385391353722e-01,-2.010506638803145618e-01,-1.791204048819609040e-01,-4.938387332136894292e-01,2.783510759550160696e-01,-4.809280568811587497e-01
3.905724906572029254e-02,3.960935977341963343e-01,2.954395475863194273e-02,-1.250175363579774379e-01,5.619905295890318397e-01,5.739481680293830879e-01,3.673794102003277023e-02,-4.759221846547704304e-01,5.862912224744009082e-01,6.740345999116449383e-01,6.139856723800872773e-01,5.764003999672380196e-01,-2.525058720421307079e-01,1.000000000000000000e+00,6.165399361032811720e-01,6.462921868059939845e-01,5.977577013784695081e-01,4.493238446011857401e-01,6.512986732240345633e-01,1.668043834507051959e-01,6.588609155467153311e-01,3.178000884854547126e-01,7.490842281527257951e-01,4.426791028708936260e-01,7.122835669644375090e-01,-1.679905818082863267e-01,5.114935106052220792e-01,5.987633869222868110e-01,3.842708174531753174e-01,3.054359957908791556e-01,6.976219957132502592e-02,6.866081971688554608e-01,4.041943542728188565e-01,4.773087820364695366e-01,3.921918642322142490e-01,3.256513621094070388e-01,6.931391245624490827e-01,-2.028166666998524881e-01,5.509577361986579547e-01
-1.072325756775775046e-01,3.302575015007954695e-01,-3.433891255644377360e-01,2.538966051941345461e-02,3.256992263301008994e-01,6.503157810296195107e-01,8.939029735883911865e-02,-1.590454984500971058e-01,3.776313165808323213e-01,5.975705047414917592e-01,6.338781810721854093e-01,7.846585593914141565e-01,-3.547679260926979716e-01,6.165399361032811720e-01,1.000000000000000000e+00,5.943783778150675268e-01,4.609802791157685542e-01,2.922151221621273609e-01,6.960050133407382766e-01,4.265309567512711730e-01,8.144841158855721241e-01,4.889606734727592330e-01,7.236963844337555019e-01,3.063114952301094207e-01,7.281242423803688801e-01,-5.460383037214733282e-01,4.110834098356940247e-01,3.593397122570932689e-01,1.531545785402913806e-01,1.942378961886297162e-01,1.413063065428645237e-01,7.055968283148664755e-01,2.589364955422981396e-01,4.261402645826567470e-01,3.423461682352215707e-01,3.453566028035982005e-01,6.693392214634996673e-01,-3.918758688862323813e-01,6.596795136816309135e-01
3.764379852262870751e-01,7.121085834143237037e-01,-2.902926864297790677e-01,1.953711223795980001e-01,5.442079488856431668e-01,6.174767164496455241e-01,2.031887315190152310e-01,-1.026207384654216903e-01,5.730298904885771094e-01,8.628536240305940686e-01,6.018558817128427663e-01,5.670498518736639681e-01,-3.188686290012122115e-01,6.462921868059939845e-01,5.943783778150675268e-01,1.000000000000000000e+00,5.570644555070225490e-01,5.423530900498914065e-01,6.994643875605529582e-01,3.582840898002920826e-01,6.272743757404095621e-01,4.307073756786919394e-01,6.697222495791375074e-01,1.527660115975507937e-01,6.133876238123673330e-01,-2.419766449561795707e-01,5.090002303546175000e-01,2.611135292850604306e-01,3.110662728440592995e-01,6.619031947748812428e-01,1.710273290675979607e-01,7.539581122123094614e-01,9.962878691387637431e-02,4.798246605178229096e-01,2.523346582711811226e-01,3.982710846453995090e-01,6.114488867554001006e-01,-1.796010886798116712e-01,5.342459070556032641e-01
2.357472908663170164e-01,4.050124845150128716e-01,-1.669641196662023375e-01,9.759783943312214105e-02,2.905537244703410571e-01,6.268067094913406523e-01,1.439943299750366390e-01,-1.527418201122158203e-01,4.142770099030516073e-01,5.329518029985504946e-01,7.068150948919084131e-01,3.708079903581664172e-01,-5.221197438649041733e-02,5.977577013784695081e-01,4.609802791157685542e-01,5.570644555070225490e-01,1.000000000000000000e+00,5.081844432060997896e-01,4.500434220730606949e-01,2.179005212238451505e-01,4.467462390724887822e-01,1.828177521653429616e-01,6.067806189496685043e-01,2.193703035848599825e-01,5.012026541803621393e-01,-7.362734797182196589e-02,3.844345988284267879e-01,2.793698020316176533e-01,4.938902552246517419e-01,3.983196410867708703e-01,9.224704701315963873e-03,6.085382775527583554e-01,1.519804024475773230e-01,3.036935902060535208e-01,4.365383177710390195e-01,2.834900837505257010e-01,5.036112519066131554e-01,1.080662613100959873e-01,4.327688668788869375e-01
3.843687925245475312e-01,5.584287053281592472e-01,-3.553450468691075614e-01,9.853049110726536108e-02,1.457585248093634378e-01,5.980455732284064574e-01,2.785013586951710224e-02,7.639761057194385807e-02,2.919232567590198113e-01,5.292304509019182257e-01,4.550136078614561153e-01,2.227496238886974567e-01,-4.665105727217449400e-02,4.493238446011857401e-01,2.922151221621273609e-01,5.423530900498914065e-01,5.081844432060997896e-01,1.000000000000000000e+00,4.805128320639304174e-01,3.194881129721719448e-01,3.966645679390137791e-01,2.701306147341352437e-01,4.800415477709648049e-01,6.157004962133553333e-02,4.163182864105434144e-01,4.190448668758584710e-02,3.311003743889917583e-01,1.365234473607233878e-01,4.910183460037099157e-01,4.547668208994492534e-01,-1.774304310139309671e-01,5.503355919545502850e-01,8.994858866851923596e-02,7.440510840632288958e-02,3.676438053370352232e-01,3.017773678733052800e-01,3.451835547550838323e-01,2.472599972075167629e-01,2.936339442851050308e-01
3.881416528706763819e-02,4.445472045225394853e-01,-1.922613965051836737e-01,1.185399673131606879e-01,5.073998841374827151e-01,6.669461218986113549e-01,2.650759668327837826e-01,-2.849330216381114056e-01,5.114912527660251396e-01,7.055129174495263777e-01,6.265130264289489048e-01,6.458390387057142412e-01,-4.522532367008798015e-01,6.512986732240345633e-01,6.960050133407382766e-01,6.994643875605529582e-01,4.500434220730606949e-01,4.805128320639304174e-01,1.000000000000000000e+00,4.791899785885858076e-01,8.359935351943615922e-01,6.814648243941445749e-01,7.129517056803053032e-01,2.987478805010972960e-01,6.945284550584314154e-01,-3.670831892264280749e-01,5.282951587817654726e-01,4.396554996094590995e-01,3.360862198623307817e-01,3.492562661986389205e-01,3.177998966746563014e-01,7.206079505521839623e-01,4.142390732545657150e-01,3.989367023898627296e-01,4.607637179277694339e-01,4.536704548731426145e-01,7.595897271645456472e-01,-2.487030493823785826e-01,6.808369067910658989e-01
1.077534506701168515e-01,3.420148362994298030e-01,-3.822053955767127364e-01,3.757644953238810093e-01,8.555063420593954360e-02,4.517247436219637979e-01,2.892901068399874043e-01,2.272501681472494373e-01,6.267959720723639827e-02,4.176317846908769171e-01,3.064941952968444072e-01,2.115212214985525974e-01,-3.093073116657564792e-01,1.668043834507051959e-01,4.265309567512711730e-01,3.582840898002920826e-01,2.179005212238451505e-01,3.194881129721719448e-01,4.791899785885858076e-01,1.000000000000000000e+00,4.491042743168887075e-01,5.888531763628470639e-01,3.886905134436909326e-01,5.742877495627679574e-02,4.733759484259269512e-01,-2.780219713217038646e-01,1.837658412628549176e-01,-6.681621560831167705e-02,1.157218604991300664e-01,6.846269531972508371e-02,1.272338551365312098e-01,4.421025903481461961e-01,-9.483936841233756021e-02,8.595972308727159450e-02,3.281038681035217675e-01,2.916583305211774557e-01,4.860789144804916195e-01,-4.782973149067799856e-02,2.947903863595760510e-01
-1.665341664480772532e-01,3.397798760248046945e-01,-3.315249521868564586e-01,2.516488737682946036e-02,3.673854919634914618e-01,6.946446616841966959e-01,1.589809924875378033e-01,-2.149071228275251655e-01,3.667859575464701982e-01,6.671847090493033816e-01,7.050997975966813991e-01,7.369277255669310911e-01,-4.589115071100996479e-01,6.588609155467153311e-01,8.144841158855721241e-01,6.272743757404095621e-01,4.467462390724887822e-01,3.966645679390137791e-01,8.359935351943615922e-01,4.491042743168887075e-01,1.000000000000000000e+00,6.454671244456107182e-01,7.719642393557328841e-01,3.892030795367520946e-01,7.401541369067520248e-01,-5.592777989741168909e-01,4.741701579688577528e-01,4.407993001562592328e-01,2.260331007487351440e-01,2.207669818738162149e-01,2.555183261196942723e-01,7.355158098795167021e-01,4.654916529667596503e-01,2.959105931166042813e-01,3.866090337682928646e-01,4.477231418284929321e-01,7.577684551972525551e-01,-3.944845233384440819e-01,7.045877220249114892e-01
3.712556372192313270e-02,3.575259143489749603e-01,-1.551924951861423652e-01,1.960389807426948516e-01,3.152014623559202255e-01,4.456239803935739818e-01,2.856768716774790717e-01,-1.579236078434466117e-01,2.689577731122790305e-01,4.799900758288843661e-01,3.936936326479452131e-01,3.343893934795202916e-01,-4.520164548855274411e-01,3.178000884854547126e-01,4.889606734727592330e-01,4.307073756786919394e-01,1.828177521653429616e-01,2.701306147341352437e-01,6.814648243941445749e-01,5.888531763628470639e-01,6.454671244456107182e-01,1.000000000000000000e+00,4.502803736654106270e-01,2.490651527958853140e-01,4.607277894433737808e-01,-2.697267155550730489e-01,4.197015187917177426e-01,1.738172574123756364e-01,1.670511850097144146e-01,2.131291685191368801e-01,3.324000380981923519e-01,4.618664270932315019e-01,3.034015937498151794e-01,2.122456404103720273e-01,3.264969417786992567e-01,4.077749764659671095e-01,5.640542560322003851e-01,-6.604839836880004034e-02,4.519171433094221757e-01
-1.971084638736735062e-02,4.420135132489927954e-01,-2.916472108674802999e-01,-3.817706707552310369e-02,3.350229808732747561e-01,7.995762300052298155e-01,8.982373815163431641e-02,-2.074989434273451228e-01,3.894826368539532346e-01,7.148084946307423637e-01,7.024359504692200273e-01,6.499537837592361811e-01,-2.528585529786403496e-01,7.490842281527257951e-01,7.236963844337555019e-01,6.697222495791375074e-01,6.067806189496685043e-01,4.800415477709648049e-01,7.129517056803053032e-01,3.886905134436909326e-01,7.719642393557328841e-01,4.502803736654106270e-01,1.000000000000000000e+00,4.692034342779368150e-01,8.766948185663282489e-01,-4.609356293762187917e-01,4.699558791421888926e-01,3.971087878793714832e-01,2.781174648639759828e-01,2.342089550318101343e-01,1.977085196263922429e-02,7.620076346995969807e-01,3.039882824272239770e-01,2.796279455185824436e-01,3.410061829012688284e-01,4.176789662795251656e-01,6.705298858154967734e-01,-2.575269157330683512e-01,6.545339020475725578e-01
-2.623470355283821220e-01,-5.554179887375524510e-02,1.914289489434999603e-01,-1.814508654784412756e-01,1.124476757799157955e-01,2.252133016647767938e-01,-2.807305938715194335e-02,-4.066571294528101843e-01,1.536620790663929259e-01,2.269255541785998587e-01,3.778607135336779499e-01,3.531174382579502224e-01,-7.997650274457043795e-02,4.426791028708936260e-01,3.063114952301094207e-01,1.527660115975507937e-01,2.193703035848599825e-01,6.157004962133553333e-02,2.987478805010972960e-01,5.742877495627679574e-02,3.892030795367520946e-01,2.490651527958853140e-01,4.692034342779368150e-01,1.000000000000000000e+00,4.436684956897251619e-01,-2.157048129615608267e-01,2.771669922871032865e-01,3.686832055738382130e-01,-2.845714159783777758e-02,-1.185262182310024281e-01,9.152180527843749303e-02,1.774954565552144814e-01,4.673015658928862393e-01,7.659009753757008154e-02,1.881787379836727947e-01,3.536125631620203325e-01,2.339609039445575134e-01,-1.914795814502656124e-01,2.927808680904577243e-01
-5.264397328373244395e-02,4.135040460076823132e-01,-2.536821132216737218e-01,5.188560352136800669e-02,3.295688589612756902e-01,7.635939479371790517e-01,9.282208654356449706e-02,-2.228903768786742179e-01,3.552933265595569212e-01,6.843109142812950907e-01,6.146948548763592202e-01,6.216976894799579600e-01,-2.969064456239143834e-01,7.122835669644375090e-01,7.281242423803688801e-01,6.133876238123673330e-01,5.012026541803621393e-01,4.163182864105434144e-01,6.945284550584314154e-01,4.733759484259269512e-01,7.401541369067520248e-01,4.607277894433737808e-01,8.766948185663282489e-01,4.436684956897251619e-01,1.000000000000000000e+00,-4.596157665857677488e-01,4.394048322668548390e-01,3.218653086002460917e-01,2.071483778565451905e-01,1.417902744013484206e-01,-1.501153571162938162e-02,7.368304547310446928e-01,1.857629932001600426e-01,3.290146398221399648e-01,3.690067586643814290e-01,3.733808021904407859e-01,6.630422700659278634e-01,-2.920592306312256858e-01,6.079416292983218506e-01
5.167421383763109999e-01,-2.631127500833322155e-02,5.390941865049299064e-01,-1.347158673955679668e-02,5.987094726454131322e-02,-4.020100395697179807e-01,-1.331910031483760082e-01,-2.123495946684302027e-01,2.178489597002625233e-01,-3.082189774473987898e-01,-3.739464385653282208e-01,-5.019261965400770853e-01,2.028028089580027893e-01,-1.679905818082863267e-01,-5.460383037214733282e-01,-2.419766449561795707e-01,-7.362734797182196589e-02,4.190448668758584710e-02,-3.670831892264280749e-01,-2.780219713217038646e-01,-5.592777989741168909e-01,-2.697267155550730489e-01,-4.609356293762187917e-01,-2.157048129615608267e-01,-4.596157665857677488e-01,1.000000000000000000e+00,2.013225398158940624e-02,3.172371238256673637e-02,3.311127863371677860e-01,1.097355265105229571e-01,-4.574531009111237889e-02,-3.483590871946559142e-01,-2.171581285574535058e-02,7.993407061606545849e-02,6.470375484837474767e-02,-2.982230620224241013e-01,-3.404223420596392824e-01,5.844886532194552009e-01,-3.613157874440990347e-01
2.740344268698034491e-01,4.423222604822576454e-01,1.361103569937489322e-01,1.870674033002518721e-01,5.887428760373656367e-01,3.392878640945249380e-01,2.585193673591384966e-01,-3.860770007142625415e-01,6.738794567920008971e-01,5.585827549476020115e-01,5.166610819466428417e-01,5.010823775158692595e-01,-3.377014017252147893e-01,5.114935106052220792e-01,4.110834098356940247e-01,5.090002303546175000e-01,3.844345988284267879e-01,3.311003743889917583e-01,5.282951587817654726e-01,1.837658412628549176e-01,4.741701579688577528e-01,4.197015187917177426e-01,4.699558791421888926e-01,2.771669922871032865e-01,4.394048322668548390e-01,2.013225398158940624e-02,1.000000000000000000e+00,4.380834628917096296e-01,1.952860518522709921e-01,3.827347180413735450e-01,4.157662717916852935e-01,5.544408196544472478e-01,3.960131680206869786e-01,5.761476485911021239e-01,2.852944293152130384e-01,3.247480565562518295e-01,4.687439878308430341e-01,-5.067250263244978126e-02,6.947539448712195531e-01
-1.181539378687928438e-01,-1.457301452803939391e-02,3.347747557532645413e-01,-3.220694489680107075e-01,4.768548871979167991e-01,1.985536287864774485e-01,2.418076041641114768e-02,-6.081326983527368668e-01,4.954866373030019089e-01,2.848864776702698665e-01,3.030496312206975018e-01,3.674231351549001046e-01,-1.000516912598891223e-01,5.987633869222868110e-01,3.593397122570932689e-01,2.611135292850604306e-01,2.793698020316176533e-01,1.365234473607233878e-01,4.396554996094590995e-01,-6.681621560831167705e-02,4.407993001562592328e-01,1.738172574123756364e-01,3.971087878793714832e-01,3.686832055738382130e-01,3.218653086002460917e-01,3.172371238256673637e-02,4.380834628917096296e-01,1.000000000000000000e+00,2.751517795048438741e-01,1.023366647866946616e-01,1.776128324716158002e-01,3.061559284130174197e-01,6.701723881811640915e-01,3.689652500782011346e-01,3.384545705821928041e-01,1.002890257572446320e-01,4.600714016740969914e-01,-1.930483249105771626e-01,4.045623916514869967e-01
4.398887468095549758e-01,3.655387208111117725e-01,-8.548695216268739627e-02,-1.488268468786634047e-01,1.507952508768878042e-01,4.039743476470187833e-01,-1.096849335657931329e-01,-1.119169510057738265e-01,2.855111541777649586e-01,2.409968885678271666e-01,3.027613513793580569e-01,5.066788360939786240e-02,-3.416897728229536385e-02,3.842708174531753174e-01,1.531545785402913806e-01,3.110662728440592995e-01,4.938902552246517419e-01,4.910183460037099157e-01,3.360862198623307817e-01,1.157218604991300664e-01,2.260331007487351440e-01,1.670511850097144146e-01,2.781174648639759828e-01,-2.845714159783777758e-02,2.071483778565451905e-01,3.311127863371677860e-01,1.952860518522709921e-01,2.751517795048438741e-01,1.000000000000000000e+00,3.353988645670101798e-01,-1.431548768493328683e-01,3.891733580309287288e-01,2.659867241186435471e-01,8.921190850745193412e-02,4.404403744699575407e-01,-1.069392160458261000e-02,4.204886172078438067e-01,1.498540806735403352e-01,1.286461568153848267e-01
6.161434346701071263e-01,6.762014356627475964e-01,-1.239973861861619064e-01,2.542883822281261641e-01,3.858378257443671466e-01,2.674432376938787881e-01,2.016956416665433016e-01,-4.189883786518280862e-02,5.214003677947217641e-01,5.775478432707120691e-01,3.437151142763959499e-01,2.255197028854312169e-01,-1.856266137141024675e-01,3.054359957908791556e-01,1.942378961886297162e-01,6.619031947748812428e-01,3.983196410867708703e-01,4.547668208994492534e-01,3.492562661986389205e-01,6.846269531972508371e-02,2.207669818738162149e-01,2.131291685191368801e-01,2.342089550318101343e-01,-1.185262182310024281e-01,1.417902744013484206e-01,1.097355265105229571e-01,3.827347180413735450e-01,1.023366647866946616e-01,3.353988645670101798e-01,1.000000000000000000e+00,2.063815851357435061e-01,4.390527149860548040e-01,3.769414984568620480e-02,3.747489206429132080e-01,9.769721343241734302e-02,3.293933105132760830e-01,2.748192886399709600e-01,1.371109918432230068e-01,2.407739804840026143e-01
-5.010558428429869732e-02,-4.704099054524889939e-02,2.594023589122455009e-01,4.274421623669176218e-01,4.888166737635665227e-01,-1.097283871863862503e-01,4.352124332486708713e-01,-3.093869988835882823e-01,4.488644024417636769e-01,1.885465800573380146e-01,2.274397723068483368e-01,3.093169557363962818e-01,-5.103477570037274758e-01,6.976219957132502592e-02,1.413063065428645237e-01,1.710273290675979607e-01,9.224704701315963873e-03,-1.774304310139309671e-01,3.177998966746563014e-01,1.272338551365312098e-01,2.555183261196942723e-01,3.324000380981923519e-01,1.977085196263922429e-02,9.152180527843749303e-02,-1.501153571162938162e-02,-4.574531009111237889e-02,4.157662717916852935e-01,1.776128324716158002e-01,-1.431548768493328683e-01,2.063815851357435061e-01,1.000000000000000000e+00,1.051567849557076273e-01,3.547715660674833904e-01,4.505857822997501039e-01,6.570310309805089954e-02,1.761098679840164549e-01,2.762606699586801495e-01,-1.438456544285194316e-01,3.990604334239975515e-01
2.148591893704641653e-01,6.365994027628945062e-01,-4.322941061133050988e-01,9.931575438751184814e-02,3.911601714463547319e-01,7.477768382510004974e-01,2.069680938988901486e-01,-2.255926621897893711e-02,4.351560503756422560e-01,7.370785922980637173e-01,7.570795994437481413e-01,6.081644489619297822e-01,-2.913602836917683070e-01,6.866081971688554608e-01,7.055968283148664755e-01,7.539581122123094614e-01,6.085382775527583554e-01,5.503355919545502850e-01,7.206079505521839623e-01,4.421025903481461961e-01,7.355158098795167021e-01,4.618664270932315019e-01,7.620076346995969807e-01,1.774954565552144814e-01,7.368304547310446928e-01,-3.483590871946559142e-01,5.544408196544472478e-01,3.061559284130174197e-01,3.891733580309287288e-01,4.390527149860548040e-01,1.051567849557076273e-01,1.000000000000000000e+00,1.783263308802708891e-01,3.704733277168982819e-01,3.419820708743452897e-01,3.627231958600040662e-01,6.936689944165889132e-01,-1.699879359468152995e-01,6.086056058211473108e-01
-2.410434215936847202e-01,-1.589110889689293871e-01,2.825140510240036207e-01,-3.091408779360334536e-01,2.745200686957344205e-01,1.610701649537149560e-01,5.756576599113282650e-03,-5.401182690461167057e-01,3.317267200686268569e-01,1.361544784331842894e-01,3.561914265872461738e-01,3.826672848459309884e-01,-2.256451419235730727e-01,4.041943542728188565e-01,2.589364955422981396e-01,9.962878691387637431e-02,1.519804024475773230e-01,8.994858866851923596e-02,4.142390732545657150e-01,-9.483936841233756021e-02,4.654916529667596503e-01,3.034015937498151794e-01,3.039882824272239770e-01,4.673015658928862393e-01,1.857629932001600426e-01,-2.171581285574535058e-02,3.960131680206869786e-01,6.701723881811640915e-01,2.659867241186435471e-01,3.769414984568620480e-02,3.547715660674833904e-01,1.783263308802708891e-01,1.000000000000000000e+00,1.140031241672486845e-01,2.663719933383995042e-01,2.448711727581191488e-01,3.861197817435835233e-01,-2.350217739088497904e-01,4.137540794129221933e-01
2.472424080712468941e-01,2.931657010720068457e-01,3.090209567560314730e-01,3.244068445953294244e-01,8.030148018790361775e-01,1.508831816483968968e-01,3.159805537885516658e-01,-5.143591858095148961e-01,7.933793077364797997e-01,4.479410278728203076e-01,2.795075758611072492e-01,4.610326677595644185e-01,-3.654671385391353722e-01,4.773087820364695366e-01,4.261402645826567470e-01,4.798246605178229096e-01,3.036935902060535208e-01,7.440510840632288958e-02,3.989367023898627296e-01,8.595972308727159450e-02,2.959105931166042813e-01,2.122456404103720273e-01,2.796279455185824436e-01,7.659009753757008154e-02,3.290146398221399648e-01,7.993407061606545849e-02,5.761476485911021239e-01,3.689652500782011346e-01,8.921190850745193412e-02,3.747489206429132080e-01,4.505857822997501039e-01,3.704733277168982819e-01,1.140031241672486845e-01,1.000000000000000000e+00,1.843129787512568785e-01,8.202458204908637251e-02,3.962098624327514695e-01,-1.517464211189289980e-01,4.664127354972840145e-01
8.750376385549346603e-02,1.992321263367924644e-01,7.643386958957473776e-02,1.004755295784207220e-01,1.977651188689898420e-01,4.334088176897049616e-01,8.729416790984155516e-02,-2.936673031356897279e-01,2.511157932406783422e-01,2.453428103277000005e-01,2.647524648101874933e-01,2.109785856173790053e-01,-2.010506638803145618e-01,3.921918642322142490e-01,3.423461682352215707e-01,2.523346582711811226e-01,4.365383177710390195e-01,3.676438053370352232e-01,4.607637179277694339e-01,3.281038681035217675e-01,3.866090337682928646e-01,3.264969417786992567e-01,3.410061829012688284e-01,1.881787379836727947e-01,3.690067586643814290e-01,6.470375484837474767e-02,2.852944293152130384e-01,3.384545705821928041e-01,4.404403744699575407e-01,9.769721343241734302e-02,6.570310309805089954e-02,3.419820708743452897e-01,2.663719933383995042e-01,1.843129787512568785e-01,1.000000000000000000e+00,1.675776344929356676e-01,5.531691825833197074e-01,1.241812813216475325e-01,2.875838539629289037e-01
6.212574058047063558e-02,3.963836660683230373e-01,-1.343458343944058941e-01,1.660080052374087733e-01,1.347189279750574398e-01,3.971439015839576259e-01,2.182310272129060480e-01,-8.096575431099120590e-02,1.726422284862444145e-01,4.465863137521353110e-01,4.295554329203399302e-01,3.882928873306826789e-01,-1.791204048819609040e-01,3.256513621094070388e-01,3.453566028035982005e-01,3.982710846453995090e-01,2.834900837505257010e-01,3.017773678733052800e-01,4.536704548731426145e-01,2.916583305211774557e-01,4.477231418284929321e-01,4.077749764659671095e-01,4.176789662795251656e-01,3.536125631620203325e-01,3.733808021904407859e-01,-2.982230620224241013e-01,3.247480565562518295e-01,1.002890257572446320e-01,-1.069392160458261000e-02,3.293933105132760830e-01,1.761098679840164549e-01,3.627231958600040662e-01,2.448711727581191488e-01,8.202458204908637251e-02,1.675776344929356676e-01,1.000000000000000000e+00,3.046870915253215295e-01,-1.198160512308585161e-02,3.844743419753287594e-01
-4.077010263133312024e-02,3.738544593297247753e-01,-1.895596381674745645e-01,8.280793752756834825e-02,4.686104917283226423e-01,6.045574539817492044e-01,2.170612178547185189e-01,-2.522148542483749201e-01,4.550202329801093515e-01,6.549118430784770517e-01,5.668116588066578476e-01,5.728292408630274446e-01,-4.938387332136894292e-01,6.931391245624490827e-01,6.693392214634996673e-01,6.114488867554001006e-01,5.036112519066131554e-01,3.451835547550838323e-01,7.595897271645456472e-01,4.860789144804916195e-01,7.577684551972525551e-01,5.640542560322003851e-01,6.705298858154967734e-01,2.339609039445575134e-01,6.630422700659278634e-01,-3.404223420596392824e-01,4.687439878308430341e-01,4.600714016740969914e-01,4.204886172078438067e-01,2.748192886399709600e-01,2.762606699586801495e-01,6.936689944165889132e-01,3.861197817435835233e-01,3.962098624327514695e-01,5.531691825833197074e-01,3.046870915253215295e-01,1.000000000000000000e+00,-3.405913337126666995e-01,6.408695834832933702e-01
4.035348549965819265e-01,1.356198388995441539e-01,1.499206343358140958e-01,1.304902524120768181e-01,-1.897098152809413574e-01,-8.582463830290333606e-02,1.909778421794927107e-03,9.685870653177769407e-02,-2.476831576269469468e-02,-1.983522065317955829e-01,-1.803585697142635336e-01,-4.458170082837359383e-01,2.783510759550160696e-01,-2.028166666998524881e-01,-3.918758688862323813e-01,-1.796010886798116712e-01,1.080662613100959873e-01,2.472599972075167629e-01,-2.487030493823785826e-01,-4.782973149067799856e-02,-3.944845233384440819e-01,-6.604839836880004034e-02,-2.575269157330683512e-01,-1.914795814502656124e-01,-2.920592306312256858e-01,5.844886532194552009e-01,-5.067250263244978126e-02,-1.930483249105771626e-01,1.498540806735403352e-01,1.371109918432230068e-01,-1.438456544285194316e-01,-1.699879359468152995e-01,-2.350217739088497904e-01,-1.517464211189289980e-01,1.241812813216475325e-01,-1.198160512308585161e-02,-3.405913337126666995e-01,1.000000000000000000e+00,-2.302421792882717311e-01
-9.502313257797083412e-02,2.769858033335501069e-01,-1.468470401013793059e-01,9.768541700754793111e-02,4.628595227322176986e-01,5.316943703677911026e-01,1.475789952623719758e-01,-2.629669831482274733e-01,5.453647477593174253e-01,5.945406619425769312e-01,6.009127476213066421e-01,7.693679614714665771e-01,-4.809280568811587497e-01,5.509577361986579547e-01,6.596795136816309135e-01,5.342459070556032641e-01,4.327688668788869375e-01,2.936339442851050308e-01,6.808369067910658989e-01,2.947903863595760510e-01,7.045877220249114892e-01,4.519171433094221757e-01,6.545339020475725578e-01,2.927808680904577243e-01,6.079416292983218506e-01,-3.613157874440990347e-01,6.947539448712195531e-01,4.045623916514869967e-01,1.286461568153848267e-01,2.407739804840026143e-01,3.990604334239975515e-01,6.086056058211473108e-01,4.137540794129221933e-01,4.664127354972840145e-01,2.875838539629289037e-01,3.844743419753287594e-01,6.408695834832933702e-01,-2.302421792882717311e-01,1.000000000000000000e+00
