1.000000000000000000e+00,2.063919879491439222e-02,2.983150100080549376e-04,1.856599211725115661e-01,5.428762960863614540e-02,2.759034954614975610e-01,-3.959424891665415669e-01,9.286911302070720298e-02,2.071535268749537806e-01,1.112274741611667117e-01,5.937374594991903093e-02,-4.118636952226342740e-01,2.353774859504285770e-03,2.562006673554106939e-01,5.717090804897417833e-01,-2.802199881907636511e-02,-1.230767501831972061e-01,-3.322863185479220660e-01,-8.490938225936281447e-02,2.791988545661096555e-01,-6.874364174519485837e-02,-2.011114923168556001e-01,3.262619934644766517e-01,1.756444269630707267e-01,5.804659039272434123e-02,4.754945323682469582e-01,-3.554037214894474328e-01,4.871261467920058874e-01,5.220715375779247935e-01,5.236729714887515819e-01,-3.102970427617058324e-01,-2.345246232297646949e-01,9.810187178798823737e-02,-9.590639605017041436e-02,2.569441371030368737e-01,8.652557075412491139e-02,6.994459028494966549e-03,5.902365464284758945e-01,1.054482123089390579e-02
2.063919879491439222e-02,1.000000000000000000e+00,-3.219924729782628475e-02,-3.927389496216498327e-02,3.878922832624080996e-01,-6.829934139723264908e-02,3.331817301326263081e-01,-1.772065439399618803e-01,4.645841893783223542e-01,6.254114113460370605e-01,3.050255846301565543e-01,4.713333946773977656e-01,-1.077260833486538977e-01,3.635069588591398060e-01,-2.358703249431190752e-01,6.907357802078483155e-01,5.785847866480091639e-01,4.997065971030454357e-01,-3.249672279467566427e-01,4.582791077241632482e-02,8.038622165266516573e-02,2.261656788739257185e-01,3.355713142133831539e-02,-2.475765287099252268e-02,1.929727671323601124e-01,-4.648851694268057999e-01,4.121778077396663353e-01,-2.732699158863740596e-01,-6.428809779914503031e-02,7.162211045906347051e-02,2.049382943401971691e-01,4.331226450195540534e-01,-1.249256984143733290e-01,4.343388571781079399e-01,-1.263983830920586970e-01,6.571139692656943199e-01,4.723923077930767822e-01,-2.838700347512959077e-01,5.072096682827431646e-01
2.983150100080549376e-04,-3.219924729782628475e-02,1.000000000000000000e+00,1.490779553453682460e-01,2.692615331462560047e-01,2.300917395824944589e-01,3.642603879202215289e-01,-5.913787831393431116e-01,2.778051053100809575e-01,7.643806790236916393e-02,1.644418820869182341e-01,1.395913040408955641e-01,-3.689596038363660013e-01,1.893002461526817615e-01,-5.548195992794444781e-02,-1.408195968991874936e-01,-2.554859372661051342e-01,7.604154968762315281e-02,3.586797005927819804e-01,2.909256569992024200e-01,1.640509652124091111e-01,4.396977765937997162e-01,2.254218585145982556e-01,2.780543959393522169e-01,2.921632215524038734e-01,2.060003911080254824e-01,3.182428163636860652e-01,2.229935185042903611e-01,8.879337465455112988e-02,1.192341779871705504e-01,4.996730658459361263e-01,1.498953400589403684e-01,4.411913945756967825e-01,3.260364485400973344e-01,1.872949303598331616e-01,3.065521971157091422e-02,1.158510913710365658e-01,2.795159698576043031e-02,6.916264781274285289e-02
1.856599211725115661e-01,-3.927389496216498327e-02,1.490779553453682460e-01,1.000000000000000000e+00,2.889511096200789164e-01,1.892470173079625617e-01,-6.076386638744338264e-02,4.141715583754287770e-03,2.672968341553645377e-01,7.776019635956947507e-02,2.135595154940491958e-01,-2.668103334350599432e-01,-2.427689557464451087e-01,2.573630730480272466e-01,2.675485277594243927e-01,6.260365885992803803e-02,-1.404330385533954229e-01,1.368898272407286787e-01,1.878979753768739436e-01,5.356744780961775199e-01,3.126532764500474793e-01,-3.650733873665304441e-02,1.412736751619051434e-01,1.695119391652733232e-01,1.506268081469833708e-01,1.149158789976085920e-01,-1.723651189562526165e-01,5.345186626093679783e-01,2.516609585184936271e-01,1.528844309399715329e-01,-5.364980097630950989e-02,-2.994372557981999639e-01,1.803995261797630700e-01,1.248416805168155036e-01,-1.238575299922342055e-01,-5.503907392499788253e-04,1.187361167537305667e-01,-8.318699867607072702e-04,1.781807051766472472e-01
5.428762960863614540e-02,3.878922832624080996e-01,2.692615331462560047e-01,2.889511096200789164e-01,1.000000000000000000e+00,-1.108810909978205084e-01,1.389125738540261945e-01,-3.321339365726832527e-01,5.497707829074701680e-01,3.530258938960722515e-01,2.481776914178094318e-01,2.544936498439707706e-01,-2.004705715802901078e-01,2.825220734914037357e-01,1.050107647484442297e-01,4.073604243931867597e-01,2.569380149415578796e-01,4.157073564576672653e-01,-8.747443074226851634e-02,3.986449309091329996e-01,1.162720927404121002e-01,3.612466169265882848e-02,-3.666395519245788798e-02,-8.297589484428252726e-02,4.937268330809539696e-02,-2.814486245765046579e-01,1.972317965273822638e-01,7.461150657183500401e-02,-6.651633548273763741e-02,6.146016290394167719e-02,1.148359900534630523e-01,1.561646841956197337e-02,-1.136398207121684795e-01,6.225871678071509541e-01,-3.463914437163781446e-01,4.277042892887942260e-01,2.064826008417408043e-01,-1.245140890170577663e-01,4.327260155802038488e-01
2.759034954614975610e-01,-6.829934139723264908e-02,2.300917395824944589e-01,1.892470173079625617e-01,-1.108810909978205084e-01,1.000000000000000000e+00,4.403996888944431559e-02,2.015454534972039614e-03,1.336954658281318264e-01,2.131856222570814863e-01,3.963270140671166786e-01,-2.404796163971666956e-01,-2.633483190145192165e-01,3.676382239468065083e-01,1.564337500398857161e-01,-1.333959175945649903e-02,-1.686792999126129344e-01,-3.361601052673355433e-02,7.349479269798049608e-02,2.716060949201422603e-01,4.110037425537531597e-01,3.093962182394419669e-01,6.897270822042811389e-01,7.494966796482147586e-01,6.659183857244354021e-01,4.085320648988157721e-01,-8.426462261967417391e-03,3.763219300026254266e-01,6.606239366214609054e-01,4.620415662261220247e-01,1.407867233242554306e-01,1.308246714233565755e-01,6.790607210713649478e-01,-2.465402692602055579e-01,5.081425122302805075e-01,-3.116310006480945902e-02,3.789901671545912176e-01,2.690531596682427806e-01,-7.513479344273137073e-02
-3.959424891665415669e-01,3.331817301326263081e-01,3.642603879202215289e-01,-6.076386638744338264e-02,1.389125738540261945e-01,4.403996888944431559e-02,1.000000000000000000e+00,-2.728588864093653976e-01,2.314488719964999386e-01,2.396426469321336072e-01,2.567700107603568815e-01,5.379724790166015014e-01,-3.197604550796098732e-01,2.339470510095557343e-01,-5.361479923051931662e-01,2.618422105684086731e-01,1.734530920605756588e-01,5.240964964265431014e-01,-3.247849154742098177e-02,2.746151858616113772e-02,1.901470608030298437e-01,5.460737370253735401e-01,-6.461324782625251124e-03,1.303797412644504827e-01,2.771557436580486256e-01,-3.544732251966449810e-01,6.604720712342337929e-01,-2.799594739968582768e-01,-1.965746211905253227e-01,-2.379353770513962241e-01,6.354652003249057213e-01,5.271465576498990391e-01,2.793013356395651070e-01,2.219039069492179106e-01,3.670460103094116966e-02,1.934956004773513150e-01,4.134751937693549317e-01,-4.836288094248930025e-01,1.568356208111373051e-01
9.286911302070720298e-02,-1.772065439399618803e-01,-5.913787831393431116e-01,4.141715583754287770e-03,-3.321339365726832527e-01,2.015454534972039614e-03,-2.728588864093653976e-01,1.000000000000000000e+00,-3.299557882710988932e-01,-2.149033762122449787e-01,-1.258644698593791855e-01,-2.989143055600058663e-01,9.207091172838187398e-02,-1.098353064963278614e-01,2.389334057985409432e-01,-1.771954013905694542e-02,-6.007598345010384255e-02,-1.114950159969247678e-01,-2.899731646563777909e-01,-2.297027034542908908e-02,-8.004770262384286461e-02,-4.134352377367513376e-01,-1.007718856984520794e-01,-7.022629401119082071e-02,-1.595761006690540329e-01,2.137832225471699224e-02,-3.492524835337855738e-01,1.082203645643394913e-01,1.239435654757010258e-01,-1.266964458453607723e-01,-3.802319131143378494e-01,-2.800418918505141463e-01,-1.454274868519779551e-01,-5.010959808627039047e-01,-8.038868871500166879e-02,-2.141026742205557332e-01,-5.401656533056935910e-02,7.368821757680213413e-02,-2.765949170516090461e-01
2.071535268749537806e-01,4.645841893783223542e-01,2.778051053100809575e-01,2.672968341553645377e-01,5.497707829074701680e-01,1.336954658281318264e-01,2.314488719964999386e-01,-3.299557882710988932e-01,1.000000000000000000e+00,4.840381140137122729e-01,4.216072459861097688e-01,2.574547987293628326e-01,-2.991207236194667329e-01,5.084812762043631196e-01,7.574189605703079975e-02,4.437722022096191044e-01,2.562197801654010343e-01,4.022240071214018831e-01,-1.855219474269177715e-02,3.310990049661837187e-01,2.286290724518783291e-01,1.945590958960734529e-01,1.774138039136462786e-01,1.385459839724347830e-01,2.738746192664368029e-01,-1.268968990233170779e-01,3.127266974954581724e-01,1.224581683802547782e-01,1.986110061024045359e-01,2.493136923253311543e-01,2.742479745454794449e-01,1.944949295802236300e-01,1.504469622134799178e-01,4.919203059471211614e-01,-3.364682910071418098e-04,4.340621503523880431e-01,4.340647061752662128e-01,-3.345079028535269394e-02,5.495017276563148867e-01
1.112274741611667117e-01,6.254114113460370605e-01,7.643806790236916393e-02,7.776019635956947507e-02,3.530258938960722515e-01,2.131856222570814863e-01,2.396426469321336072e-01,-2.149033762122449787e-01,4.840381140137122729e-01,1.000000000000000000e+00,3.909050620701354228e-01,3.018490868973653374e-01,-5.685540175233196047e-02,4.137041238314899672e-01,-5.567471766176397552e-02,6.551110362527193809e-01,5.091250462523325693e-01,3.444573210261809293e-01,-1.059090101957316093e-01,1.269707925160524498e-01,1.069179597161590695e-01,2.377831998524372881e-01,3.785197586523853519e-01,2.879895848258476887e-01,4.660653202038834153e-01,-2.215988076050363909e-01,2.867119198264715951e-01,-8.608549810483499820e-02,1.758497247350246651e-01,3.690663527581730108e-01,1.470020267763577915e-01,4.192498370051063739e-01,8.126229349224081688e-02,3.586789345457818134e-01,8.246973840056580352e-02,6.357536368864770138e-01,4.975014820528463333e-01,-6.569459371642191736e-02,4.054531558859874041e-01
5.937374594991903093e-02,3.050255846301565543e-01,1.644418820869182341e-01,2.135595154940491958e-01,2.481776914178094318e-01,3.963270140671166786e-01,2.567700107603568815e-01,-1.258644698593791855e-01,4.216072459861097688e-01,3.909050620701354228e-01,1.000000000000000000e+00,2.269749631285653824e-01,-4.341963270159757693e-01,5.091750899460283364e-01,-5.328154754532390264e-02,3.878517029528165683e-01,2.436163698314837978e-01,4.375968301699660334e-01,-7.728169844696322621e-02,2.522155637587243371e-01,4.443716925042878185e-01,2.995509472277598229e-01,3.042650754919456468e-01,4.016980610142140140e-01,4.932144418579715306e-01,-1.322794350408981190e-01,3.301996167103778412e-01,1.312381959533942821e-01,3.432709048733979529e-01,1.068062615313346980e-01,3.567741584616820338e-01,2.237704463727270832e-01,3.730209841075912136e-01,1.819045699786357440e-01,1.004659758664646352e-01,2.835742481161980799e-01,5.497820192778267723e-01,-1.650925032147500804e-01,3.373855594118600476e-01
-4.118636952226342740e-01,4.713333946773977656e-01,1.395913040408955641e-01,-2.668103334350599432e-01,2.544936498439707706e-01,-2.404796163971666956e-01,5.379724790166015014e-01,-2.989143055600058663e-01,2.574547987293628326e-01,3.018490868973653374e-01,2.269749631285653824e-01,1.000000000000000000e+00,-1.500511759065317197e-01,2.002105792265991002e-01,-4.976903657530092340e-01,4.343668371139238205e-01,4.697543355211635796e-01,5.463526365836944843e-01,-1.706725340696128856e-01,-1.132413604929362883e-01,9.128309651765652288e-02,3.969443178352446977e-01,-1.813260736475647839e-01,-1.314334095845949013e-01,9.439224600840040447e-02,-5.979422624469435954e-01,6.916111052528420844e-01,-5.086792618774228503e-01,-3.580162448764664940e-01,-3.767486378688127968e-01,4.892374348252556682e-01,5.533525838848759593e-01,-6.266894585835097731e-02,4.427456774144241658e-01,-1.952309572641268143e-01,4.306350255501359969e-01,3.686598181653035766e-01,-4.772741460346128228e-01,3.116717590959848794e-01
2.353774859504285770e-03,-1.077260833486538977e-01,-3.689596038363660013e-01,-2.427689557464451087e-01,-2.004705715802901078e-01,-2.633483190145192165e-01,-3.197604550796098732e-01,9.207091172838187398e-02,-2.991207236194667329e-01,-5.685540175233196047e-02,-4.341963270159757693e-01,-1.500511759065317197e-01,1.000000000000000000e+00,-3.872843471772662305e-01,1.457976327316853025e-02,-8.582851401141892989e-02,1.417998887405561292e-01,-3.910843222579709622e-01,7.275413630460158577e-03,-3.816823537762559782e-01,-4.652571287710732806e-01,-3.084431107617401358e-01,-4.787144923096649241e-02,-2.285295672749045326e-01,-2.805569248670887195e-01,3.856215504309524339e-02,-3.466126578941423619e-01,-3.248524195627623956e-01,-2.118386512638063546e-01,1.184402445041279339e-01,-5.348780726463684410e-01,3.533558265461704540e-02,-4.019781380845033336e-01,-2.048244312741913098e-01,5.025151556330757080e-02,-1.678206939436212297e-02,-3.315082678799948224e-01,2.197307926422060187e-01,-3.051829983923927125e-01
2.562006673554106939e-01,3.635069588591398060e-01,1.893002461526817615e-01,2.573630730480272466e-01,2.825220734914037357e-01,3.676382239468065083e-01,2.339470510095557343e-01,-1.098353064963278614e-01,5.084812762043631196e-01,4.137041238314899672e-01,5.091750899460283364e-01,2.002105792265991002e-01,-3.872843471772662305e-01,1.000000000000000000e+00,6.675349510001241105e-02,3.769055014999646569e-01,2.217194310123619672e-01,3.397105322382620307e-01,-1.330722190050336595e-01,3.057796579440781315e-01,3.671308494043213355e-01,3.156726662264718875e-01,3.383605025031254931e-01,3.837621490962215831e-01,4.518403101358384744e-01,-2.191696725882230981e-02,3.479702555424727395e-01,2.439263032861535563e-01,4.494161370909373621e-01,2.014386933269697033e-01,3.084824920360656475e-01,3.040268154583470883e-01,3.701185756925973180e-01,2.203771348196715274e-01,2.237653540187619639e-01,3.989431211885483552e-01,6.013901057280595097e-01,2.603047254314621445e-02,2.892775957960219135e-01
5.717090804897417833e-01,-2.358703249431190752e-01,-5.548195992794444781e-02,2.675485277594243927e-01,1.050107647484442297e-01,1.564337500398857161e-01,-5.361479923051931662e-01,2.389334057985409432e-01,7.574189605703079975e-02,-5.567471766176397552e-02,-5.328154754532390264e-02,-4.976903657530092340e-01,1.457976327316853025e-02,6.675349510001241105e-02,1.000000000000000000e+00,-1.207041625270925816e-01,-2.431811969550982389e-01,-3.811715831555014256e-01,1.422107311796129080e-06,3.208665071886228626e-01,-1.705893698105216405e-01,-4.750701892799078507e-01,2.081803561307067896e-01,8.577726614136045591e-02,-5.859802401428984564e-02,4.483291518738505288e-01,-5.140576754738123144e-01,5.644977020603818563e-01,4.176950377337977360e-01,3.527909801169610282e-01,-4.167795670642417405e-01,-4.970883789481961856e-01,-3.320990018294735224e-02,-8.990434590973306328e-02,4.196000575848231329e-02,-3.350327019715883953e-02,-1.650089546730421353e-01,5.865624780415926720e-01,-1.264441586481587221e-01
-2.802199881907636511e-02,6.907357802078483155e-01,-1.408195968991874936e-01,6.260365885992803803e-02,4.073604243931867597e-01,-1.333959175945649903e-02,2.618422105684086731e-01,-1.771954013905694542e-02,4.437722022096191044e-01,6.551110362527193809e-01,3.878517029528165683e-01,4.343668371139238205e-01,-8.582851401141892989e-02,3.769055014999646569e-01,-1.207041625270925816e-01,1.000000000000000000e+00,6.129799111869310702e-01,5.437872137952857177e-01,-3.313291156938877879e-01,1.316160510906103920e-01,1.060850700580693029e-01,9.187618565705152340e-02,9.382339492874114395e-02,5.121129739368063954e-02,2.632231245823592469e-01,-5.094506389645080402e-01,3.362639953032336981e-01,-2.144499185496219207e-01,-1.279630793984084559e-02,4.583089294823767396e-02,1.135801068817949150e-01,3.522236541689255374e-01,-1.223250377786185145e-01,3.697923154165476678e-01,-2.007999166004144909e-01,6.537412670208394561e-01,5.169992800128896393e-01,-2.913790092852986402e-01,4.345434231009659976e-01
-1.230767501831972061e-01,5.785847866480091639e-01,-2.554859372661051342e-01,-1.404330385533954229e-01,2.569380149415578796e-01,-1.686792999126129344e-01,1.734530920605756588e-01,-6.007598345010384255e-02,2.562197801654010343e-01,5.091250462523325693e-01,2.436163698314837978e-01,4.697543355211635796e-01,1.417998887405561292e-01,2.217194310123619672e-01,-2.431811969550982389e-01,6.129799111869310702e-01,1.000000000000000000e+00,4.135822370537398096e-01,-3.630795046813397042e-01,-1.313243513686689901e-01,-4.427095898819474393e-03,8.826137303330036654e-02,-5.718168789236633548e-02,-1.282671640717777395e-01,8.268877296855947634e-02,-5.244628415791117160e-01,3.318952656723311856e-01,-3.975389537591096922e-01,-1.271464648721570834e-01,-3.325572373298909395e-02,3.337060645470504849e-02,4.181367023638153935e-01,-2.862283181168664981e-01,3.153310915013768922e-01,-1.644615748673196320e-01,5.450362894830090843e-01,3.632257399796964270e-01,-2.573719136705597821e-01,3.351982781177875181e-01
-3.322863185479220660e-01,4.997065971030454357e-01,7.604154968762315281e-02,1.368898272407286787e-01,4.157073564576672653e-01,-3.361601052673355433e-02,5.240964964265431014e-01,-1.114950159969247678e-01,4.022240071214018831e-01,3.444573210261809293e-01,4.375968301699660334e-01,5.463526365836944843e-01,-3.910843222579709622e-01,3.397105322382620307e-01,-3.811715831555014256e-01,5.437872137952857177e-01,4.135822370537398096e-01,1.000000000000000000e+00,-2.548201961234592416e-01,2.081267582026069263e-01,3.901905637098018187e-01,3.084101376426159336e-01,-1.166834490383523992e-01,1.029577890125655225e-02,2.165117837164074188e-01,-5.942309297880747909e-01,5.624038642234384655e-01,-2.134481385173047086e-01,-1.443814876937536129e-01,-3.005904626983815775e-01,4.375158167358725314e-01,3.229769704960929189e-01,6.869239403846030823e-02,3.862713019481846533e-01,-3.133089544304215046e-01,3.631096157745173914e-01,5.141540656873575532e-01,-5.850346918151505538e-01,4.422785617385027734e-01
-8.490938225936281447e-02,-3.249672279467566427e-01,3.586797005927819804e-01,1.878979753768739436e-01,-8.747443074226851634e-02,7.349479269798049608e-02,-3.247849154742098177e-02,-2.899731646563777909e-01,-1.855219474269177715e-02,-1.059090101957316093e-01,-7.728169844696322621e-02,-1.706725340696128856e-01,7.275413630460158577e-03,-1.330722190050336595e-01,1.422107311796129080e-06,-3.313291156938877879e-01,-3.630795046813397042e-01,-2.548201961234592416e-01,1.000000000000000000e+00,2.800202274877309355e-02,-2.465631555938847461e-02,9.290245975421954072e-02,1.229018071395783229e-01,1.267353622997176299e-01,1.006429991976909577e-01,3.220608056633885719e-01,-1.139446347152960476e-01,1.849900529234047575e-01,-1.112456861440981604e-02,1.497385924165382520e-01,1.150065723527678857e-01,-1.073047045905105856e-01,2.099316625738625874e-01,3.616412863468214389e-02,2.096553833205871686e-01,-2.768160500738507390e-01,-2.247383104200407766e-01,7.679508291833991862e-02,-7.248464967337257814e-02
2.791988545661096555e-01,4.582791077241632482e-02,2.909256569992024200e-01,5.356744780961775199e-01,3.986449309091329996e-01,2.716060949201422603e-01,2.746151858616113772e-02,-2.297027034542908908e-02,3.310990049661837187e-01,1.269707925160524498e-01,2.522155637587243371e-01,-1.132413604929362883e-01,-3.816823537762559782e-01,3.057796579440781315e-01,3.208665071886228626e-01,1.316160510906103920e-01,-1.313243513686689901e-01,2.081267582026069263e-01,2.800202274877309355e-02,1.000000000000000000e+00,2.930297601349841630e-01,7.079792785416709477e-02,2.172509307994704153e-01,2.382839162725437221e-01,2.291589933617132757e-01,8.279301602879500510e-02,-2.748037414567306574e-02,4.647954865285054415e-01,2.938670050040778636e-01,1.360869269539138338e-01,4.627929561398680391e-02,-1.865138557907342898e-01,2.758552722552372605e-01,1.983539957340996474e-01,-1.447732964452507765e-01,8.214045279373756447e-02,2.549729413019403146e-01,8.479999890540722285e-02,1.360930397675519099e-01
-6.874364174519485837e-02,8.038622165266516573e-02,1.640509652124091111e-01,3.126532764500474793e-01,1.162720927404121002e-01,4.110037425537531597e-01,1.901470608030298437e-01,-8.004770262384286461e-02,2.286290724518783291e-01,1.069179597161590695e-01,4.443716925042878185e-01,9.128309651765652288e-02,-4.652571287710732806e-01,3.671308494043213355e-01,-1.705893698105216405e-01,1.060850700580693029e-01,-4.427095898819474393e-03,3.901905637098018187e-01,-2.465631555938847461e-02,2.930297601349841630e-01,1.000000000000000000e+00,4.330024640255596413e-01,2.059101992520671054e-01,3.734497435376756824e-01,4.153971003288915442e-01,-8.909212353599958722e-02,2.453756614987361584e-01,1.792466563786534184e-01,2.557962377883585270e-01,-1.505973877662345264e-02,3.021228487501498305e-01,1.061427753671693730e-01,4.664483713618026162e-01,1.192810869663033790e-01,-2.387018317930308595e-02,-5.227629130015434313e-03,3.830310703640762426e-01,-2.476322215169134977e-01,2.630965492222247515e-01
-2.011114923168556001e-01,2.261656788739257185e-01,4.396977765937997162e-01,-3.650733873665304441e-02,3.612466169265882848e-02,3.093962182394419669e-01,5.460737370253735401e-01,-4.134352377367513376e-01,1.945590958960734529e-01,2.377831998524372881e-01,2.995509472277598229e-01,3.969443178352446977e-01,-3.084431107617401358e-01,3.156726662264718875e-01,-4.750701892799078507e-01,9.187618565705152340e-02,8.826137303330036654e-02,3.084101376426159336e-01,9.290245975421954072e-02,7.079792785416709477e-02,4.330024640255596413e-01,1.000000000000000000e+00,2.566749776233782643e-01,3.583395086372385130e-01,4.631233273528479466e-01,-1.015800271358048429e-01,5.520970580026700603e-01,-1.335006863260224941e-01,6.046021591132692830e-02,6.801527029500710822e-03,5.569875351166013733e-01,5.533211363616576950e-01,4.797624495188048122e-01,1.813070727420755535e-01,2.496859451588262224e-01,1.192934643585071564e-01,4.205109016656877197e-01,-2.343330828232717822e-01,1.702636846817690008e-01
3.262619934644766517e-01,3.355713142133831539e-02,2.254218585145982556e-01,1.412736751619051434e-01,-3.666395519245788798e-02,6.897270822042811389e-01,-6.461324782625251124e-03,-1.007718856984520794e-01,1.774138039136462786e-01,3.785197586523853519e-01,3.042650754919456468e-01,-1.813260736475647839e-01,-4.787144923096649241e-02,3.383605025031254931e-01,2.081803561307067896e-01,9.382339492874114395e-02,-5.718168789236633548e-02,-1.166834490383523992e-01,1.229018071395783229e-01,2.172509307994704153e-01,2.059101992520671054e-01,2.566749776233782643e-01,1.000000000000000000e+00,7.209401596035787119e-01,6.691592474267483714e-01,3.848040948052929844e-01,-4.442579862424884257e-02,2.861207653058908673e-01,5.846126418546203629e-01,5.757314474041498320e-01,2.617482914458789389e-02,2.172548642398154928e-01,5.446043514577266764e-01,-1.469636983494602700e-01,5.007137750481238658e-01,1.545454375194021956e-01,3.361544833683333122e-01,3.725799345441627719e-01,-5.339924248002831525e-02
1.756444269630707267e-01,-2.475765287099252268e-02,2.780543959393522169e-01,1.695119391652733232e-01,-8.297589484428252726e-02,7.494966796482147586e-01,1.303797412644504827e-01,-7.022629401119082071e-02,1.385459839724347830e-01,2.879895848258476887e-01,4.016980610142140140e-01,-1.314334095845949013e-01,-2.285295672749045326e-01,3.837621490962215831e-01,8.577726614136045591e-02,5.121129739368063954e-02,-1.282671640717777395e-01,1.029577890125655225e-02,1.267353622997176299e-01,2.382839162725437221e-01,3.734497435376756824e-01,3.583395086372385130e-01,7.209401596035787119e-01,1.000000000000000000e+00,7.260225327781538729e-01,3.358066844581262811e-01,7.653760651212340727e-02,2.938020113529620225e-01,5.805182219801360288e-01,4.172901258307788463e-01,1.997141291549361375e-01,2.328010053651569933e-01,6.830548416208015450e-01,-1.776390796880872036e-01,4.954517477800229885e-01,6.211587873477046606e-02,4.114643062185817102e-01,2.057147391193869801e-01,-7.391298649416845612e-02
5.804659039272434123e-02,1.929727671323601124e-01,2.921632215524038734e-01,1.506268081469833708e-01,4.937268330809539696e-02,6.659183857244354021e-01,2.771557436580486256e-01,-1.595761006690540329e-01,2.738746192664368029e-01,4.660653202038834153e-01,4.932144418579715306e-01,9.439224600840040447e-02,-2.805569248670887195e-01,4.518403101358384744e-01,-5.859802401428984564e-02,2.632231245823592469e-01,8.268877296855947634e-02,2.165117837164074188e-01,1.006429991976909577e-01,2.291589933617132757e-01,4.153971003288915442e-01,4.631233273528479466e-01,6.691592474267483714e-01,7.260225327781538729e-01,1.000000000000000000e+00,1.186258381301831671e-01,2.621561475346420034e-01,1.588315919230808004e-01,4.724502919085061814e-01,3.520304695058542044e-01,3.215834430812913314e-01,3.842401254376640596e-01,6.204922864396448245e-01,1.438126189685367097e-03,3.949423441180487937e-01,2.371773513294188340e-01,5.503779749310896419e-01,2.692057456666651499e-02,1.092212656059812631e-01
4.754945323682469582e-01,-4.648851694268057999e-01,2.060003911080254824e-01,1.149158789976085920e-01,-2.814486245765046579e-01,4.085320648988157721e-01,-3.544732251966449810e-01,2.137832225471699224e-02,-1.268968990233170779e-01,-2.215988076050363909e-01,-1.322794350408981190e-01,-5.979422624469435954e-01,3.856215504309524339e-02,-2.191696725882230981e-02,4.483291518738505288e-01,-5.094506389645080402e-01,-5.244628415791117160e-01,-5.942309297880747909e-01,3.220608056633885719e-01,8.279301602879500510e-02,-8.909212353599958722e-02,-1.015800271358048429e-01,3.848040948052929844e-01,3.358066844581262811e-01,1.186258381301831671e-01,1.000000000000000000e+00,-4.171451001462647135e-01,5.257685546880298544e-01,5.009079308209355430e-01,4.703250271437038332e-01,-1.748064510225287860e-01,-2.787990340694470603e-01,3.531207545129858016e-01,-3.748716643621803346e-01,5.280466865243659269e-01,-3.553229322570689575e-01,-2.230514612808808250e-01,6.354277011203441905e-01,-3.391128739653020974e-01
-3.554037214894474328e-01,4.121778077396663353e-01,3.182428163636860652e-01,-1.723651189562526165e-01,1.972317965273822638e-01,-8.426462261967417391e-03,6.604720712342337929e-01,-3.492524835337855738e-01,3.127266974954581724e-01,2.867119198264715951e-01,3.301996167103778412e-01,6.916111052528420844e-01,-3.466126578941423619e-01,3.479702555424727395e-01,-5.140576754738123144e-01,3.362639953032336981e-01,3.318952656723311856e-01,5.624038642234384655e-01,-1.139446347152960476e-01,-2.748037414567306574e-02,2.453756614987361584e-01,5.520970580026700603e-01,-4.442579862424884257e-02,7.653760651212340727e-02,2.621561475346420034e-01,-4.171451001462647135e-01,1.000000000000000000e+00,-3.352134027282302475e-01,-1.497426708637091541e-01,-2.854698599449077556e-01,6.776951486244774392e-01,5.984486248486343696e-01,2.203369535663982637e-01,3.600331410843689017e-01,1.604066997351679888e-02,3.223143239090905388e-01,4.995639192085671865e-01,-4.303242634777623143e-01,2.821264563170072237e-01
4.871261467920058874e-01,-2.732699158863740596e-01,2.229935185042903611e-01,5.345186626093679783e-01,7.461150657183500401e-02,3.763219300026254266e-01,-2.799594739968582768e-01,1.082203645643394913e-01,1.224581683802547782e-01,-8.608549810483499820e-02,1.312381959533942821e-01,-5.086792618774228503e-01,-3.248524195627623956e-01,2.439263032861535563e-01,5.644977020603818563e-01,-2.144499185496219207e-01,-3.975389537591096922e-01,-2.134481385173047086e-01,1.849900529234047575e-01,4.647954865285054415e-01,1.792466563786534184e-01,-1.335006863260224941e-01,2.861207653058908673e-01,2.938020113529620225e-01,1.588315919230808004e-01,5.257685546880298544e-01,-3.352134027282302475e-01,1.000000000000000000e+00,5.327493443602716594e-01,3.298672404093840327e-01,-9.084134636215727976e-02,-4.469101436193813615e-01,3.158524570398665854e-01,-1.043758965796941357e-01,1.703114134951659864e-01,-1.749757607861445741e-01,-2.053843358326653407e-02,4.052705806243822040e-01,-4.258596570290659744e-02
5.220715375779247935e-01,-6.428809779914503031e-02,8.879337465455112988e-02,2.516609585184936271e-01,-6.651633548273763741e-02,6.606239366214609054e-01,-1.965746211905253227e-01,1.239435654757010258e-01,1.986110061024045359e-01,1.758497247350246651e-01,3.432709048733979529e-01,-3.580162448764664940e-01,-2.118386512638063546e-01,4.494161370909373621e-01,4.176950377337977360e-01,-1.279630793984084559e-02,-1.271464648721570834e-01,-1.443814876937536129e-01,-1.112456861440981604e-02,2.938670050040778636e-01,2.557962377883585270e-01,6.046021591132692830e-02,5.846126418546203629e-01,5.805182219801360288e-01,4.724502919085061814e-01,5.009079308209355430e-01,-1.497426708637091541e-01,5.327493443602716594e-01,1.000000000000000000e+00,5.111802436754502299e-01,-3.289011508951724533e-02,-3.052836043419330028e-02,5.005211818680708191e-01,-2.489777837892802603e-01,5.025946269822187951e-01,2.002209070033977162e-02,3.426356243783205691e-01,4.632012654271175922e-01,-5.885073079305670751e-02
5.236729714887515819e-01,7.162211045906347051e-02,1.192341779871705504e-01,1.528844309399715329e-01,6.146016290394167719e-02,4.620415662261220247e-01,-2.379353770513962241e-01,-1.266964458453607723e-01,2.493136923253311543e-01,3.690663527581730108e-01,1.068062615313346980e-01,-3.767486378688127968e-01,1.184402445041279339e-01,2.014386933269697033e-01,3.527909801169610282e-01,4.583089294823767396e-02,-3.325572373298909395e-02,-3.005904626983815775e-01,1.497385924165382520e-01,1.360869269539138338e-01,-1.505973877662345264e-02,6.801527029500710822e-03,5.757314474041498320e-01,4.172901258307788463e-01,3.520304695058542044e-01,4.703250271437038332e-01,-2.854698599449077556e-01,3.298672404093840327e-01,5.111802436754502299e-01,1.000000000000000000e+00,-2.113906686233022192e-01,7.099020928183735662e-06,2.295743745828483784e-01,-4.699652991141323871e-02,4.364516502417343236e-01,1.336017837060377855e-01,7.877228987703852048e-02,4.945866139747465695e-01,3.267749849289498798e-02
-3.102970427617058324e-01,2.049382943401971691e-01,4.996730658459361263e-01,-5.364980097630950989e-02,1.148359900534630523e-01,1.407867233242554306e-01,6.354652003249057213e-01,-3.802319131143378494e-01,2.742479745454794449e-01,1.470020267763577915e-01,3.567741584616820338e-01,4.892374348252556682e-01,-5.348780726463684410e-01,3.084824920360656475e-01,-4.167795670642417405e-01,1.135801068817949150e-01,3.337060645470504849e-02,4.375158167358725314e-01,1.150065723527678857e-01,4.627929561398680391e-02,3.021228487501498305e-01,5.569875351166013733e-01,2.617482914458789389e-02,1.997141291549361375e-01,3.215834430812913314e-01,-1.748064510225287860e-01,6.776951486244774392e-01,-9.084134636215727976e-02,-3.289011508951724533e-02,-2.113906686233022192e-01,1.000000000000000000e+00,4.064142412024276951e-01,4.076164603621561522e-01,2.714596976776545989e-01,1.296154505717207195e-01,1.185840427004219572e-01,3.888273317280939723e-01,-3.639078926743842257e-01,2.203417733424975489e-01
-2.345246232297646949e-01,4.331226450195540534e-01,1.498953400589403684e-01,-2.994372557981999639e-01,1.561646841956197337e-02,1.308246714233565755e-01,5.271465576498990391e-01,-2.800418918505141463e-01,1.944949295802236300e-01,4.192498370051063739e-01,2.237704463727270832e-01,5.533525838848759593e-01,3.533558265461704540e-02,3.040268154583470883e-01,-4.970883789481961856e-01,3.522236541689255374e-01,4.181367023638153935e-01,3.229769704960929189e-01,-1.073047045905105856e-01,-1.865138557907342898e-01,1.061427753671693730e-01,5.533211363616576950e-01,2.172548642398154928e-01,2.328010053651569933e-01,3.842401254376640596e-01,-2.787990340694470603e-01,5.984486248486343696e-01,-4.469101436193813615e-01,-3.052836043419330028e-02,7.099020928183735662e-06,4.064142412024276951e-01,1.000000000000000000e+00,2.193677657506465095e-01,1.467717681779974748e-01,2.796840073317551356e-01,3.767469667349090390e-01,5.116063353782215328e-01,-2.178262180683064875e-01,7.916923044288359801e-02
9.810187178798823737e-02,-1.249256984143733290e-01,4.411913945756967825e-01,1.803995261797630700e-01,-1.136398207121684795e-01,6.790607210713649478e-01,2.793013356395651070e-01,-1.454274868519779551e-01,1.504469622134799178e-01,8.126229349224081688e-02,3.730209841075912136e-01,-6.266894585835097731e-02,-4.019781380845033336e-01,3.701185756925973180e-01,-3.320990018294735224e-02,-1.223250377786185145e-01,-2.862283181168664981e-01,6.869239403846030823e-02,2.099316625738625874e-01,2.758552722552372605e-01,4.664483713618026162e-01,4.797624495188048122e-01,5.446043514577266764e-01,6.830548416208015450e-01,6.204922864396448245e-01,3.531207545129858016e-01,2.203369535663982637e-01,3.158524570398665854e-01,5.005211818680708191e-01,2.295743745828483784e-01,4.076164603621561522e-01,2.193677657506465095e-01,1.000000000000000000e+00,-1.632898517276058781e-01,4.853559289285596101e-01,-1.156180884703488371e-01,3.868508962291310471e-01,1.064448795630732053e-01,-7.746893834701304438e-02
-9.590639605017041436e-02,4.343388571781079399e-01,3.260364485400973344e-01,1.248416805168155036e-01,6.225871678071509541e-01,-2.465402692602055579e-01,2.219039069492179106e-01,-5.010959808627039047e-01,4.919203059471211614e-01,3.586789345457818134e-01,1.819045699786357440e-01,4.427456774144241658e-01,-2.048244312741913098e-01,2.203771348196715274e-01,-8.990434590973306328e-02,3.697923154165476678e-01,3.153310915013768922e-01,3.862713019481846533e-01,3.616412863468214389e-02,1.983539957340996474e-01,1.192810869663033790e-01,1.813070727420755535e-01,-1.469636983494602700e-01,-1.776390796880872036e-01,1.438126189685367097e-03,-3.748716643621803346e-01,3.600331410843689017e-01,-1.043758965796941357e-01,-2.489777837892802603e-01,-4.699652991141323871e-02,2.714596976776545989e-01,1.467717681779974748e-01,-1.632898517276058781e-01,1.000000000000000000e+00,-3.517673165854834361e-01,4.629737390519093054e-01,1.468985835530881023e-01,-2.535967775132572655e-01,5.041095548852342345e-01
2.569441371030368737e-01,-1.263983830920586970e-01,1.872949303598331616e-01,-1.238575299922342055e-01,-3.463914437163781446e-01,5.081425122302805075e-01,3.670460103094116966e-02,-8.038868871500166879e-02,-3.364682910071418098e-04,8.246973840056580352e-02,1.004659758664646352e-01,-1.952309572641268143e-01,5.025151556330757080e-02,2.237653540187619639e-01,4.196000575848231329e-02,-2.007999166004144909e-01,-1.644615748673196320e-01,-3.133089544304215046e-01,2.096553833205871686e-01,-1.447732964452507765e-01,-2.387018317930308595e-02,2.496859451588262224e-01,5.007137750481238658e-01,4.954517477800229885e-01,3.949423441180487937e-01,5.280466865243659269e-01,1.604066997351679888e-02,1.703114134951659864e-01,5.025946269822187951e-01,4.364516502417343236e-01,1.296154505717207195e-01,2.796840073317551356e-01,4.853559289285596101e-01,-3.517673165854834361e-01,1.000000000000000000e+00,-9.720072770872641155e-02,1.822685780288283708e-01,3.955925884377615165e-01,-2.414588495443364680e-01
8.652557075412491139e-02,6.571139692656943199e-01,3.065521971157091422e-02,-5.503907392499788253e-04,4.277042892887942260e-01,-3.116310006480945902e-02,1.934956004773513150e-01,-2.141026742205557332e-01,4.340621503523880431e-01,6.357536368864770138e-01,2.835742481161980799e-01,4.306350255501359969e-01,-1.678206939436212297e-02,3.989431211885483552e-01,-3.350327019715883953e-02,6.537412670208394561e-01,5.450362894830090843e-01,3.631096157745173914e-01,-2.768160500738507390e-01,8.214045279373756447e-02,-5.227629130015434313e-03,1.192934643585071564e-01,1.545454375194021956e-01,6.211587873477046606e-02,2.371773513294188340e-01,-3.553229322570689575e-01,3.223143239090905388e-01,-1.749757607861445741e-01,2.002209070033977162e-02,1.336017837060377855e-01,1.185840427004219572e-01,3.767469667349090390e-01,-1.156180884703488371e-01,4.629737390519093054e-01,-9.720072770872641155e-02,1.000000000000000000e+00,4.293505204428135213e-01,-1.109881255397595079e-01,3.674883558052953192e-01
6.994459028494966549e-03,4.723923077930767822e-01,1.158510913710365658e-01,1.187361167537305667e-01,2.064826008417408043e-01,3.789901671545912176e-01,4.134751937693549317e-01,-5.401656533056935910e-02,4.340647061752662128e-01,4.975014820528463333e-01,5.497820192778267723e-01,3.686598181653035766e-01,-3.315082678799948224e-01,6.013901057280595097e-01,-1.650089546730421353e-01,5.169992800128896393e-01,3.632257399796964270e-01,5.141540656873575532e-01,-2.247383104200407766e-01,2.549729413019403146e-01,3.830310703640762426e-01,4.205109016656877197e-01,3.361544833683333122e-01,4.114643062185817102e-01,5.503779749310896419e-01,-2.230514612808808250e-01,4.995639192085671865e-01,-2.053843358326653407e-02,3.426356243783205691e-01,7.877228987703852048e-02,3.888273317280939723e-01,5.116063353782215328e-01,3.868508962291310471e-01,1.468985835530881023e-01,1.822685780288283708e-01,4.293505204428135213e-01,1.000000000000000000e+00,-1.899686681053654735e-01,2.521744784409936657e-01
5.902365464284758945e-01,-2.838700347512959077e-01,2.795159698576043031e-02,-8.318699867607072702e-04,-1.245140890170577663e-01,2.690531596682427806e-01,-4.836288094248930025e-01,7.368821757680213413e-02,-3.345079028535269394e-02,-6.569459371642191736e-02,-1.650925032147500804e-01,-4.772741460346128228e-01,2.197307926422060187e-01,2.603047254314621445e-02,5.865624780415926720e-01,-2.913790092852986402e-01,-2.573719136705597821e-01,-5.850346918151505538e-01,7.679508291833991862e-02,8.479999890540722285e-02,-2.476322215169134977e-01,-2.343330828232717822e-01,3.725799345441627719e-01,2.057147391193869801e-01,2.692057456666651499e-02,6.354277011203441905e-01,-4.303242634777623143e-01,4.052705806243822040e-01,4.632012654271175922e-01,4.945866139747465695e-01,-3.639078926743842257e-01,-2.178262180683064875e-01,1.064448795630732053e-01,-2.535967775132572655e-01,3.955925884377615165e-01,-1.109881255397595079e-01,-1.899686681053654735e-01,1.000000000000000000e+00,-2.634516908767575161e-01
1.054482123089390579e-02,5.072096682827431646e-01,6.916264781274285289e-02,1.781807051766472472e-01,4.327260155802038488e-01,-7.513479344273137073e-02,1.568356208111373051e-01,-2.765949170516090461e-01,5.495017276563148867e-01,4.054531558859874041e-01,3.373855594118600476e-01,3.116717590959848794e-01,-3.051829983923927125e-01,2.892775957960219135e-01,-1.264441586481587221e-01,4.345434231009659976e-01,3.351982781177875181e-01,4.422785617385027734e-01,-7.248464967337257814e-02,1.360930397675519099e-01,2.630965492222247515e-01,1.702636846817690008e-01,-5.339924248002831525e-02,-7.391298649416845612e-02,1.092212656059812631e-01,-3.391128739653020974e-01,2.821264563170072237e-01,-4.258596570290659744e-02,-5.885073079305670751e-02,3.267749849289498798e-02,2.203417733424975489e-01,7.916923044288359801e-02,-7.746893834701304438e-02,5.041095548852342345e-01,-2.414588495443364680e-01,3.674883558052953192e-01,2.521744784409936657e-01,-2.634516908767575161e-01,1.000000000000000000e+00
