1.000000000000000000e+00,5.328896298976429913e-01,1.009071342020133044e-01,4.515049044073999457e-02,1.748700393372180917e-01,5.390726667386509519e-01,4.610231196863546765e-01,-4.129126157189190460e-02,7.013519907253322749e-01,6.101900266739861411e-01,-5.022797420154920950e-02,1.595180180583409824e-01,3.707584954190097926e-01,5.276012427530155646e-01,2.305779108208662886e-01,6.422531759501276527e-01,2.699990613293488106e-01,8.002786951277171545e-02,2.151922808357893679e-01,2.346184371785749179e-01,2.436893412494671729e-01,5.337814108057152840e-01,6.439993289167814661e-01,5.995126085459349108e-01,5.828737958520613383e-01,6.847954659827287793e-02,-1.436729909695445562e-01,-2.678091620297388675e-01,6.201451932342609830e-01,6.619024897436102117e-01,5.035998140369718490e-01,4.969795718611904056e-01,4.560227806520139593e-02,4.639069311814470464e-01,5.873912142838130235e-01,1.115163013430757050e-01,3.227878164011677709e-01,5.875816724149199866e-01,5.348609357567442046e-01
5.328896298976429913e-01,1.000000000000000000e+00,6.110009022124726075e-01,3.554194492308684894e-02,4.795776761669576782e-01,-3.678058100673951142e-02,1.565816502034026725e-01,-6.018943603859064906e-01,4.030993883771107344e-01,1.279001794556259008e-01,-3.496773328323317664e-01,5.948963765567001349e-01,-7.408118630649940251e-03,3.579443124393610343e-01,1.466807390363236152e-01,3.015415999958421800e-01,-2.272411153221070290e-01,4.481954589727157323e-01,5.550727349065269767e-01,4.872900566060440197e-01,5.037022441155074581e-01,1.548659215920100141e-01,1.288891616808986729e-01,1.248238807179340437e-01,6.308051900890358776e-02,5.834346655256950065e-01,5.415353714210214831e-01,1.340964109935541826e-01,3.023957617908218931e-01,1.754855059586543642e-01,6.203562213357259880e-01,2.085753827395428750e-01,5.850833832049973093e-01,-1.136705842759909851e-01,4.137255966707730770e-01,1.738705300019272038e-01,3.469443389362117935e-01,2.860845613573707522e-02,6.993503279772189662e-01
1.009071342020133044e-01,6.110009022124726075e-01,1.000000000000000000e+00,6.353767316710333402e-02,6.405191883407931330e-01,-4.487353312669590255e-01,1.696617705874537418e-01,-9.313425148021466926e-01,1.006688150721198743e-02,-3.350831605284508297e-01,-3.852996831311419346e-01,7.031898138675504173e-01,-1.216992493717320156e-01,-7.987133229710742521e-02,2.276091081231367275e-01,-2.352117686260164486e-01,-3.656619140662755729e-01,7.606668975619730322e-01,8.146469765063167889e-01,6.788829974994006200e-01,8.192944519946473436e-01,6.750624350883162317e-02,-2.986424623371010112e-01,-2.752151333427451663e-01,-3.683404724234002892e-01,8.179264969284331110e-01,7.572267252693148931e-01,3.090044346340324877e-01,-1.301358809759469229e-02,-2.666542266943447981e-01,6.171410245354468360e-01,-1.365986953425793737e-01,9.194899423376728942e-01,-2.787796207632774470e-01,1.694783969592207618e-01,1.520313556327376747e-01,7.309986563148436478e-02,-3.540718658898950877e-01,5.336016312514813009e-01
4.515049044073999457e-02,3.554194492308684894e-02,6.353767316710333402e-02,1.000000000000000000e+00,-2.778716486693985632e-02,1.032015676401917548e-01,-2.506985699913794607e-01,-4.167390750781903297e-02,-3.869077066393430964e-02,4.925373423001804668e-02,-4.113085461629389927e-02,2.196796431187726661e-02,2.687122435136403698e-01,1.779903456488150792e-02,3.903415575494407763e-01,-2.232673159138112012e-02,4.209846266305365681e-02,1.950816105547231727e-01,2.904508761452462978e-02,4.511627502098153331e-01,2.135568303729672435e-01,2.484559221281988639e-01,9.035100783157017090e-02,1.329442342245285846e-01,8.445691954405888657e-02,5.055476337783166435e-02,-4.782690238249044656e-02,5.086830817659243609e-01,2.022292208199905628e-01,6.560428650512828419e-02,1.354264775501846096e-01,1.442851812753670471e-01,9.854638070281311613e-02,6.827782850818553406e-02,1.365589350185138218e-01,1.586191983011563805e-02,1.096074309699081872e-01,-4.175834985822707984e-02,1.745345510434773151e-01
1.748700393372180917e-01,4.795776761669576782e-01,6.405191883407931330e-01,-2.778716486693985632e-02,1.000000000000000000e+00,-4.251160681391570328e-01,-8.877416419864761488e-02,-6.495147910088009402e-01,3.093353254400789676e-01,-2.946954675067000595e-01,-1.847285932790751206e-01,6.125209299484807302e-01,-2.806787331181689327e-01,1.141057452042299469e-01,3.753815158877455566e-02,-1.223512030854318200e-01,-3.606544550848390651e-01,6.287969497456167289e-01,4.332762063557779597e-01,2.781681630123561400e-01,4.240198338567007230e-01,-1.704457871385944845e-01,-2.988876108994382164e-01,-2.890503984740232513e-01,-3.105808195588202203e-01,7.899395790492481639e-01,6.767038411902983608e-01,3.574446897338840468e-01,-1.457876362479444965e-01,-1.944472507657356297e-01,2.576524847054166845e-01,-2.151993425250182668e-01,6.320348543257944263e-01,-5.019792851024848512e-02,-7.717689803645709501e-02,5.814206494630903554e-01,1.942064443994156661e-02,-1.579783814014836807e-01,4.751232315293287822e-01
5.390726667386509519e-01,-3.678058100673951142e-02,-4.487353312669590255e-01,1.032015676401917548e-01,-4.251160681391570328e-01,1.000000000000000000e+00,4.448675360094002662e-01,5.128244815295504022e-01,5.151498453870040350e-01,8.325306908302353426e-01,3.160488449181412252e-01,-3.132856152441403919e-01,5.220687020660732536e-01,5.363408726429912399e-01,1.469003144160326291e-01,6.709605631465396236e-01,6.230307001032497904e-01,-2.781190401238606280e-01,-1.685861920356753196e-01,-5.842437603748260738e-02,-1.777609422779134196e-01,6.276312487623321168e-01,8.943431955315577220e-01,9.020982529420250584e-01,9.004768102056417423e-01,-4.901302374754611391e-01,-6.998490754919369783e-01,-4.440598783813778372e-01,7.728200445380402073e-01,8.356329568117188966e-01,1.748267012576242285e-01,8.015579327966190215e-01,-4.857358079281499652e-01,5.581285072773367606e-01,6.610908684916040334e-01,-7.412196569483132935e-02,4.930843988914012099e-01,6.617213711699275747e-01,9.064882210030425491e-02
4.610231196863546765e-01,1.565816502034026725e-01,1.696617705874537418e-01,-2.506985699913794607e-01,-8.877416419864761488e-02,4.448675360094002662e-01,1.000000000000000000e+00,-9.258964537241307080e-02,3.629816223973809097e-01,5.024856764699536793e-01,-1.730161101818541991e-02,7.404488852696305967e-02,4.622947991404244839e-01,1.831411702282635112e-01,2.119792409096737384e-01,3.723412913186950335e-01,3.675584755696435502e-01,8.318295014017208777e-02,4.363700767982944262e-01,3.082953273388157611e-01,4.235501142053180179e-01,6.770706067472552769e-01,5.473101572728272801e-01,4.903174593374409196e-01,4.869989607687867372e-01,-1.076479765091938323e-01,-2.587305363817850590e-01,-5.349478989787843641e-01,4.805993083514745745e-01,5.121273190021552457e-01,5.436327921599132251e-01,4.207004331538680142e-01,1.044760168352687341e-01,4.191608314008152814e-01,5.409411136433037726e-01,-1.401149992401154454e-01,1.431721886468401983e-01,4.009627933672447186e-01,3.190258228558314202e-01
-4.129126157189190460e-02,-6.018943603859064906e-01,-9.313425148021466926e-01,-4.167390750781903297e-02,-6.495147910088009402e-01,5.128244815295504022e-01,-9.258964537241307080e-02,1.000000000000000000e+00,5.486633778936553935e-02,4.120205130109104719e-01,4.067012939993836507e-01,-6.915896654028055313e-01,1.984013235128853636e-01,1.487673190614754171e-01,-2.243154785712858645e-01,2.798286801730597295e-01,4.352807279922812356e-01,-7.575641922764656533e-01,-7.900069504626876515e-01,-6.427174302457591137e-01,-7.680203297352838909e-01,3.088496599066092863e-02,3.809936592088984386e-01,3.435645070358097630e-01,4.469144109514455177e-01,-8.344867919089576924e-01,-8.073159483368381739e-01,-3.546843476960252484e-01,8.781337290376882432e-02,3.410793251015609151e-01,-5.624042438804920385e-01,2.014572197671821163e-01,-9.071605745353045203e-01,3.397859033042648913e-01,-1.023724948355154013e-01,-1.247389189871924153e-01,-5.838640989231472928e-02,4.003365868758130830e-01,-4.948293175020597734e-01
7.013519907253322749e-01,4.030993883771107344e-01,1.006688150721198743e-02,-3.869077066393430964e-02,3.093353254400789676e-01,5.151498453870040350e-01,3.629816223973809097e-01,5.486633778936553935e-02,1.000000000000000000e+00,6.324558465601050061e-01,1.514889497972590482e-01,2.088649810557344777e-01,1.569371486155977935e-01,6.432351102046076630e-01,1.496360181752808549e-01,7.044403411674715620e-01,2.498652024160882557e-01,1.152251922534130585e-01,1.658773266125947166e-01,6.442740589409341745e-02,7.881788724123726941e-02,3.568372614436998158e-01,6.064021432568508230e-01,5.747975697307872167e-01,6.131598778963599505e-01,3.281370941135937358e-02,-1.734141972005378562e-01,-2.145178063067367524e-01,5.214575530115639346e-01,6.942271791830252337e-01,2.749369715786919022e-01,5.424645711953711702e-01,-1.855185463139079338e-02,5.752898713407589293e-01,4.312541591496763527e-01,4.031468453670860597e-01,4.299052406978994822e-01,6.698184660318181605e-01,5.985894638267491574e-01
6.101900266739861411e-01,1.279001794556259008e-01,-3.350831605284508297e-01,4.925373423001804668e-02,-2.946954675067000595e-01,8.325306908302353426e-01,5.024856764699536793e-01,4.120205130109104719e-01,6.324558465601050061e-01,1.000000000000000000e+00,2.454201561067016202e-01,-1.328994118466726160e-01,3.999322679295572724e-01,6.278880355521569978e-01,2.377615010977868204e-01,8.507772967569253719e-01,5.106791931203038537e-01,-2.009426791370442222e-01,-3.993008998702763518e-02,2.740004849847703372e-02,-8.271157380779813051e-02,5.912980984912379334e-01,8.960840039897723930e-01,8.580793273448951153e-01,8.986044430371529224e-01,-4.010732468259672334e-01,-6.137371166511553788e-01,-4.594057499989395721e-01,7.092482033653874085e-01,8.941768160135934451e-01,2.279390871381502259e-01,7.638404951330713955e-01,-3.525935262884908328e-01,6.277159819968307630e-01,6.604719442684759967e-01,4.809371244855041583e-02,5.059048175938772873e-01,7.631197349507772287e-01,3.203172419026007467e-01
-5.022797420154920950e-02,-3.496773328323317664e-01,-3.852996831311419346e-01,-4.113085461629389927e-02,-1.847285932790751206e-01,3.160488449181412252e-01,-1.730161101818541991e-02,4.067012939993836507e-01,1.514889497972590482e-01,2.454201561067016202e-01,1.000000000000000000e+00,-2.960857496355642771e-01,-8.857940552484526442e-02,8.469058940837101424e-02,5.422223973291154936e-02,1.974871833394180876e-01,6.980452569552154651e-01,-1.211549365282538482e-01,-3.242988752475977621e-01,-2.814984204594932482e-01,-3.645762852070381088e-01,-6.796409512246616436e-02,1.938642459624150272e-01,2.658555460032313578e-01,2.603506253401133841e-01,-2.688406336089080861e-01,-4.384259773313429198e-01,9.571461928760254326e-03,1.133220212546483668e-01,2.528694431599270431e-01,-4.078523443772911761e-01,3.647724024313926949e-01,-4.052656037539176248e-01,2.977163717037862312e-01,-1.729837815388955268e-03,2.132251679020966684e-01,2.493827533866780910e-01,3.069342192801166047e-01,-1.272353326146114239e-01
1.595180180583409824e-01,5.948963765567001349e-01,7.031898138675504173e-01,2.196796431187726661e-02,6.125209299484807302e-01,-3.132856152441403919e-01,7.404488852696305967e-02,-6.915896654028055313e-01,2.088649810557344777e-01,-1.328994118466726160e-01,-2.960857496355642771e-01,1.000000000000000000e+00,-1.129141798399985325e-01,8.642451262721233263e-02,2.288047383303754290e-01,2.122209188944157096e-02,-3.761526229853727754e-01,5.754162961825525224e-01,6.452211224009140045e-01,4.734047525419967650e-01,5.701485234295872173e-01,-1.689608003481487403e-02,-1.577271925516386675e-01,-1.712089856488737405e-01,-1.882107574489943758e-01,6.514869194287273846e-01,5.962540392082303908e-01,1.517938499308494615e-01,-3.087272466384049369e-02,-7.776528407419715239e-02,4.459887102847051032e-01,-4.784838150080441416e-02,6.887170420091842660e-01,1.599088744394356471e-02,1.482472324184432311e-01,2.087565627934649948e-01,1.616803556036942868e-01,-1.053700665403764086e-01,6.360124710373095125e-01
3.707584954190097926e-01,-7.408118630649940251e-03,-1.216992493717320156e-01,2.687122435136403698e-01,-2.806787331181689327e-01,5.220687020660732536e-01,4.622947991404244839e-01,1.984013235128853636e-01,1.569371486155977935e-01,3.999322679295572724e-01,-8.857940552484526442e-02,-1.129141798399985325e-01,1.000000000000000000e+00,1.761418946329603996e-01,-1.180157642500964362e-03,1.410175997036258455e-01,4.178971457046066207e-01,-1.632014701038465854e-01,4.829467692975278337e-03,2.254202655047308768e-01,2.621448413916602216e-01,7.814479675182604002e-01,5.563211642464642726e-01,4.780297381495067777e-01,4.919139220090352760e-01,-2.931678014294162860e-01,-3.902117455924934974e-01,-3.305310482558317386e-01,5.166036431373348670e-01,4.036843196155589508e-01,4.099881784928985362e-01,3.380888075289137373e-01,-1.118061706701690694e-01,2.570933786002944643e-01,5.042180873563381072e-01,-2.834171246892201457e-01,-1.007234898423258751e-01,1.669311623073321538e-01,1.384996012386236278e-02
5.276012427530155646e-01,3.579443124393610343e-01,-7.987133229710742521e-02,1.779903456488150792e-02,1.141057452042299469e-01,5.363408726429912399e-01,1.831411702282635112e-01,1.487673190614754171e-01,6.432351102046076630e-01,6.278880355521569978e-01,8.469058940837101424e-02,8.642451262721233263e-02,1.761418946329603996e-01,1.000000000000000000e+00,-1.512897866192049467e-01,5.779813775093689543e-01,2.531470503029017993e-01,-7.609445596999218908e-02,-6.418753097837077981e-02,-2.098666129173782854e-02,-5.796587655841368980e-02,3.520541922821341929e-01,6.343531638966450892e-01,6.225196009741630343e-01,6.508782204291169160e-01,6.076238281983176170e-02,-1.327744208645743884e-01,-2.233862096472035708e-01,6.648823237892089733e-01,6.202834535161168006e-01,2.941238891515223219e-01,6.350746817979940895e-01,-4.535864069097766960e-02,2.252515242183155408e-01,5.828665039447264995e-01,3.655600788651665045e-01,5.111501925459981388e-01,3.720723386991482418e-01,2.599032950851161705e-01
2.305779108208662886e-01,1.466807390363236152e-01,2.276091081231367275e-01,3.903415575494407763e-01,3.753815158877455566e-02,1.469003144160326291e-01,2.119792409096737384e-01,-2.243154785712858645e-01,1.496360181752808549e-01,2.377615010977868204e-01,5.422223973291154936e-02,2.288047383303754290e-01,-1.180157642500964362e-03,-1.512897866192049467e-01,1.000000000000000000e+00,3.190202608054424904e-01,2.503959538741244717e-02,4.044645678421850965e-01,4.592038180572464157e-01,5.438502001169515099e-01,3.368242879671690115e-01,2.074787433549732663e-01,1.733156784043649035e-01,2.218470613100259337e-01,1.636289690309825073e-01,6.388214281396398242e-02,-1.055026782942565522e-01,2.062223338147834706e-01,1.858971980037121829e-01,2.720325861085596264e-01,1.841841301881366744e-01,2.496393132240480872e-01,1.790328663938395015e-01,4.749059400344834980e-01,2.213411796739905291e-01,-6.333970410676963148e-02,3.603319644614337847e-01,3.905457713071627257e-01,5.442142334278893268e-01
6.422531759501276527e-01,3.015415999958421800e-01,-2.352117686260164486e-01,-2.232673159138112012e-02,-1.223512030854318200e-01,6.709605631465396236e-01,3.723412913186950335e-01,2.798286801730597295e-01,7.044403411674715620e-01,8.507772967569253719e-01,1.974871833394180876e-01,2.122209188944157096e-02,1.410175997036258455e-01,5.779813775093689543e-01,3.190202608054424904e-01,1.000000000000000000e+00,3.212299040491310431e-01,-9.937154682073588707e-02,4.648867305917037118e-02,1.830384958685267113e-02,-1.073598250873082083e-01,3.500087615862546020e-01,7.424223753040325446e-01,7.229012215523772378e-01,7.503525144938864022e-01,-2.657251166697894296e-01,-4.362441967110466945e-01,-3.344488115950465801e-01,5.567888398026702435e-01,8.305081666099237703e-01,1.551848999579778510e-01,6.531745059350169136e-01,-2.617541386546400339e-01,6.099716549727858261e-01,5.221558028755057812e-01,1.247224757577663490e-01,5.528150790864341246e-01,8.164901771457430124e-01,4.796401682089606044e-01
2.699990613293488106e-01,-2.272411153221070290e-01,-3.656619140662755729e-01,4.209846266305365681e-02,-3.606544550848390651e-01,6.230307001032497904e-01,3.675584755696435502e-01,4.352807279922812356e-01,2.498652024160882557e-01,5.106791931203038537e-01,6.980452569552154651e-01,-3.761526229853727754e-01,4.178971457046066207e-01,2.531470503029017993e-01,2.503959538741244717e-02,3.212299040491310431e-01,1.000000000000000000e+00,-2.347203381317821969e-01,-2.205562598597999024e-01,-1.055577026694124870e-01,-1.245290118786775285e-01,4.504280451963855181e-01,5.610777676802012337e-01,5.652427574915943609e-01,5.578544087589644151e-01,-3.896577973369134140e-01,-5.838603735034304520e-01,-3.065637083522301798e-01,4.837646662918292373e-01,5.287217587896975157e-01,2.796227872732568592e-02,5.771423052513946494e-01,-4.019264067535925911e-01,3.849125318734101797e-01,3.783385770583548302e-01,-2.863417156243275525e-04,1.621598237209478932e-01,3.991405322997108596e-01,-9.718631622363166356e-02
8.002786951277171545e-02,4.481954589727157323e-01,7.606668975619730322e-01,1.950816105547231727e-01,6.287969497456167289e-01,-2.781190401238606280e-01,8.318295014017208777e-02,-7.575641922764656533e-01,1.152251922534130585e-01,-2.009426791370442222e-01,-1.211549365282538482e-01,5.754162961825525224e-01,-1.632014701038465854e-01,-7.609445596999218908e-02,4.044645678421850965e-01,-9.937154682073588707e-02,-2.347203381317821969e-01,1.000000000000000000e+00,7.519316342676800602e-01,6.027980043880197814e-01,6.514101327112086226e-01,4.652221024992463094e-02,-1.813287771589955910e-01,-9.625916351981077257e-02,-1.929635205816508381e-01,7.006053057334566958e-01,5.262308273256125490e-01,4.152832930666167655e-01,5.820459182608766352e-02,-8.344759135374719972e-02,4.109240513364295633e-01,3.714984032862941876e-02,7.343164882100332580e-01,-7.279338540776991717e-02,1.850244044117325404e-01,3.404125610417795267e-01,2.883260510443043101e-01,-1.518257254704414583e-01,5.722153305313562033e-01
2.151922808357893679e-01,5.550727349065269767e-01,8.146469765063167889e-01,2.904508761452462978e-02,4.332762063557779597e-01,-1.685861920356753196e-01,4.363700767982944262e-01,-7.900069504626876515e-01,1.658773266125947166e-01,-3.993008998702763518e-02,-3.242988752475977621e-01,6.452211224009140045e-01,4.829467692975278337e-03,-6.418753097837077981e-02,4.592038180572464157e-01,4.648867305917037118e-02,-2.205562598597999024e-01,7.519316342676800602e-01,1.000000000000000000e+00,7.174918558999080487e-01,8.037050064546215067e-01,2.642545871837819749e-01,-2.472354872493271252e-02,-5.995423111163326532e-03,-8.445216465982315068e-02,5.583761349375990779e-01,4.710738410816591171e-01,8.419146476234498633e-02,1.610089611442414304e-01,4.220530198512510017e-02,6.580610600114576991e-01,9.766879142187914753e-02,7.681101309772505603e-01,2.124094745313945959e-02,3.455673425118320208e-01,1.014581205417471217e-02,2.363922767842862316e-01,-2.848594901669218235e-02,6.729134303438485398e-01
2.346184371785749179e-01,4.872900566060440197e-01,6.788829974994006200e-01,4.511627502098153331e-01,2.781681630123561400e-01,-5.842437603748260738e-02,3.082953273388157611e-01,-6.427174302457591137e-01,6.442740589409341745e-02,2.740004849847703372e-02,-2.814984204594932482e-01,4.734047525419967650e-01,2.254202655047308768e-01,-2.098666129173782854e-02,5.438502001169515099e-01,1.830384958685267113e-02,-1.055577026694124870e-01,6.027980043880197814e-01,7.174918558999080487e-01,1.000000000000000000e+00,7.967379056802740278e-01,4.418051534317457563e-01,6.380673508993160714e-02,8.579792732117713649e-02,-2.575608123091972443e-03,4.623268802470761885e-01,3.450168176748232285e-01,2.964072610768198057e-01,2.819798032409857047e-01,5.352526366677782393e-02,6.593713876912652427e-01,1.545768644427021055e-01,6.737454256000084962e-01,1.120674565663651139e-02,4.110579785744691295e-01,-4.886333331064239560e-02,1.946161096583531036e-01,-8.148261112592163069e-02,5.802944112371087870e-01
2.436893412494671729e-01,5.037022441155074581e-01,8.192944519946473436e-01,2.135568303729672435e-01,4.240198338567007230e-01,-1.777609422779134196e-01,4.235501142053180179e-01,-7.680203297352838909e-01,7.881788724123726941e-02,-8.271157380779813051e-02,-3.645762852070381088e-01,5.701485234295872173e-01,2.621448413916602216e-01,-5.796587655841368980e-02,3.368242879671690115e-01,-1.073598250873082083e-01,-1.245290118786775285e-01,6.514101327112086226e-01,8.037050064546215067e-01,7.967379056802740278e-01,1.000000000000000000e+00,4.516139232059929731e-01,-1.094174863169568648e-02,-3.043949963562170291e-02,-1.083950045183235539e-01,5.792542694751293686e-01,4.639739862675831272e-01,1.416690458665168517e-01,2.004869085524839112e-01,-3.864421597733979502e-02,7.571400101757255197e-01,3.408259090111668416e-02,8.116358868373844127e-01,-6.100802904057695680e-02,3.714126942774977347e-01,-2.025500069867309377e-03,1.425102511708679562e-02,-1.848389425712742007e-01,5.483141692593201943e-01
5.337814108057152840e-01,1.548659215920100141e-01,6.750624350883162317e-02,2.484559221281988639e-01,-1.704457871385944845e-01,6.276312487623321168e-01,6.770706067472552769e-01,3.088496599066092863e-02,3.568372614436998158e-01,5.912980984912379334e-01,-6.796409512246616436e-02,-1.689608003481487403e-02,7.814479675182604002e-01,3.520541922821341929e-01,2.074787433549732663e-01,3.500087615862546020e-01,4.504280451963855181e-01,4.652221024992463094e-02,2.642545871837819749e-01,4.418051534317457563e-01,4.516139232059929731e-01,1.000000000000000000e+00,7.158376666564807422e-01,6.542478418167432253e-01,6.446998782672305195e-01,-1.358187439518134809e-01,-3.469604089730961571e-01,-3.557030239008507899e-01,7.002232024834276203e-01,5.946692452048133459e-01,6.390307750886776716e-01,5.545075449146859015e-01,5.544395242472446167e-02,3.889052159302374134e-01,7.105340615710185048e-01,-1.332271981868160815e-01,1.570319217963876135e-01,3.327594745090580175e-01,2.713364492451940113e-01
6.439993289167814661e-01,1.288891616808986729e-01,-2.986424623371010112e-01,9.035100783157017090e-02,-2.988876108994382164e-01,8.943431955315577220e-01,5.473101572728272801e-01,3.809936592088984386e-01,6.064021432568508230e-01,8.960840039897723930e-01,1.938642459624150272e-01,-1.577271925516386675e-01,5.563211642464642726e-01,6.343531638966450892e-01,1.733156784043649035e-01,7.424223753040325446e-01,5.610777676802012337e-01,-1.813287771589955910e-01,-2.472354872493271252e-02,6.380673508993160714e-02,-1.094174863169568648e-02,7.158376666564807422e-01,1.000000000000000000e+00,9.096640362036922944e-01,9.281442001818789311e-01,-3.738110440664830225e-01,-6.063385785551365093e-01,-4.795121044722101544e-01,8.137156032920129789e-01,8.929681639017956751e-01,3.391419838724257230e-01,8.111218650782052730e-01,-3.234566804409664265e-01,5.798682982310444656e-01,7.513512823046287759e-01,5.980789993915185641e-03,4.908797251226167391e-01,6.766222847341756275e-01,2.576829467987907241e-01
5.995126085459349108e-01,1.248238807179340437e-01,-2.752151333427451663e-01,1.329442342245285846e-01,-2.890503984740232513e-01,9.020982529420250584e-01,4.903174593374409196e-01,3.435645070358097630e-01,5.747975697307872167e-01,8.580793273448951153e-01,2.658555460032313578e-01,-1.712089856488737405e-01,4.780297381495067777e-01,6.225196009741630343e-01,2.218470613100259337e-01,7.229012215523772378e-01,5.652427574915943609e-01,-9.625916351981077257e-02,-5.995423111163326532e-03,8.579792732117713649e-02,-3.043949963562170291e-02,6.542478418167432253e-01,9.096640362036922944e-01,1.000000000000000000e+00,9.119922945779215251e-01,-3.246192969679080886e-01,-5.788350690826731260e-01,-3.660480325026219117e-01,8.525868960820885967e-01,8.720292536203444467e-01,3.029745045514783408e-01,8.709064935543517905e-01,-3.058080178622681333e-01,5.277481975013291748e-01,7.757009232820888389e-01,2.635625619448290005e-02,6.227954129301931374e-01,6.457001552766125085e-01,2.434753036096263534e-01
5.828737958520613383e-01,6.308051900890358776e-02,-3.683404724234002892e-01,8.445691954405888657e-02,-3.105808195588202203e-01,9.004768102056417423e-01,4.869989607687867372e-01,4.469144109514455177e-01,6.131598778963599505e-01,8.986044430371529224e-01,2.603506253401133841e-01,-1.882107574489943758e-01,4.919139220090352760e-01,6.508782204291169160e-01,1.636289690309825073e-01,7.503525144938864022e-01,5.578544087589644151e-01,-1.929635205816508381e-01,-8.445216465982315068e-02,-2.575608123091972443e-03,-1.083950045183235539e-01,6.446998782672305195e-01,9.281442001818789311e-01,9.119922945779215251e-01,1.000000000000000000e+00,-4.125630074581876361e-01,-6.451155643604509216e-01,-4.566599565543987826e-01,7.946831599864169204e-01,8.952690137165630890e-01,2.350723280551678396e-01,8.241995934615589103e-01,-3.857586006407028312e-01,5.974798081931521621e-01,7.074883966832571369e-01,5.435419652278261626e-02,5.402722060502003210e-01,6.960980888175560821e-01,2.251929393186273276e-01
6.847954659827287793e-02,5.834346655256950065e-01,8.179264969284331110e-01,5.055476337783166435e-02,7.899395790492481639e-01,-4.901302374754611391e-01,-1.076479765091938323e-01,-8.344867919089576924e-01,3.281370941135937358e-02,-4.010732468259672334e-01,-2.688406336089080861e-01,6.514869194287273846e-01,-2.931678014294162860e-01,6.076238281983176170e-02,6.388214281396398242e-02,-2.657251166697894296e-01,-3.896577973369134140e-01,7.006053057334566958e-01,5.583761349375990779e-01,4.623268802470761885e-01,5.792542694751293686e-01,-1.358187439518134809e-01,-3.738110440664830225e-01,-3.246192969679080886e-01,-4.125630074581876361e-01,1.000000000000000000e+00,8.287918071845832291e-01,4.154639582421312816e-01,-7.556137138160112787e-02,-3.306063707552432396e-01,4.316205453815282755e-01,-1.751355276271178985e-01,8.081141273070319153e-01,-3.370324493434005975e-01,5.504653170759930131e-02,3.705579746181040246e-01,1.081557480986319181e-01,-3.878805028541662536e-01,4.176561174284909028e-01
-1.436729909695445562e-01,5.415353714210214831e-01,7.572267252693148931e-01,-4.782690238249044656e-02,6.767038411902983608e-01,-6.998490754919369783e-01,-2.587305363817850590e-01,-8.073159483368381739e-01,-1.734141972005378562e-01,-6.137371166511553788e-01,-4.384259773313429198e-01,5.962540392082303908e-01,-3.902117455924934974e-01,-1.327744208645743884e-01,-1.055026782942565522e-01,-4.362441967110466945e-01,-5.838603735034304520e-01,5.262308273256125490e-01,4.710738410816591171e-01,3.450168176748232285e-01,4.639739862675831272e-01,-3.469604089730961571e-01,-6.063385785551365093e-01,-5.788350690826731260e-01,-6.451155643604509216e-01,8.287918071845832291e-01,1.000000000000000000e+00,4.398905496813666494e-01,-3.236103569629967258e-01,-5.755779902567299544e-01,3.084349866668340545e-01,-4.263277134878471486e-01,7.664332676281718770e-01,-5.765551998086717589e-01,-1.784884294523675086e-01,1.731549037129714863e-01,-1.072127938212679293e-01,-5.849584405104734097e-01,2.506693941174602536e-01
-2.678091620297388675e-01,1.340964109935541826e-01,3.090044346340324877e-01,5.086830817659243609e-01,3.574446897338840468e-01,-4.440598783813778372e-01,-5.349478989787843641e-01,-3.546843476960252484e-01,-2.145178063067367524e-01,-4.594057499989395721e-01,9.571461928760254326e-03,1.517938499308494615e-01,-3.305310482558317386e-01,-2.233862096472035708e-01,2.062223338147834706e-01,-3.344488115950465801e-01,-3.065637083522301798e-01,4.152832930666167655e-01,8.419146476234498633e-02,2.964072610768198057e-01,1.416690458665168517e-01,-3.557030239008507899e-01,-4.795121044722101544e-01,-3.660480325026219117e-01,-4.566599565543987826e-01,4.154639582421312816e-01,4.398905496813666494e-01,1.000000000000000000e+00,-2.405367849083861753e-01,-4.334529372822194526e-01,-1.376687709701468199e-01,-2.456962518959646125e-01,3.550414685321225949e-01,-3.374382721166861443e-01,-2.767225246188180221e-01,2.112025311921215398e-01,5.673163017543837727e-02,-3.954802769155593700e-01,8.625473190130836243e-02
6.201451932342609830e-01,3.023957617908218931e-01,-1.301358809759469229e-02,2.022292208199905628e-01,-1.457876362479444965e-01,7.728200445380402073e-01,4.805993083514745745e-01,8.781337290376882432e-02,5.214575530115639346e-01,7.092482033653874085e-01,1.133220212546483668e-01,-3.087272466384049369e-02,5.166036431373348670e-01,6.648823237892089733e-01,1.858971980037121829e-01,5.567888398026702435e-01,4.837646662918292373e-01,5.820459182608766352e-02,1.610089611442414304e-01,2.819798032409857047e-01,2.004869085524839112e-01,7.002232024834276203e-01,8.137156032920129789e-01,8.525868960820885967e-01,7.946831599864169204e-01,-7.556137138160112787e-02,-3.236103569629967258e-01,-2.405367849083861753e-01,1.000000000000000000e+00,7.372391106130883331e-01,5.230564501171062197e-01,8.510364620279575743e-01,-1.955153130346475032e-02,3.173446970597778027e-01,8.690553034580212888e-01,4.034920708913526839e-03,6.222565709256726585e-01,4.330361143529521950e-01,2.940522694142406745e-01
6.619024897436102117e-01,1.754855059586543642e-01,-2.666542266943447981e-01,6.560428650512828419e-02,-1.944472507657356297e-01,8.356329568117188966e-01,5.121273190021552457e-01,3.410793251015609151e-01,6.942271791830252337e-01,8.941768160135934451e-01,2.528694431599270431e-01,-7.776528407419715239e-02,4.036843196155589508e-01,6.202834535161168006e-01,2.720325861085596264e-01,8.305081666099237703e-01,5.287217587896975157e-01,-8.344759135374719972e-02,4.220530198512510017e-02,5.352526366677782393e-02,-3.864421597733979502e-02,5.946692452048133459e-01,8.929681639017956751e-01,8.720292536203444467e-01,8.952690137165630890e-01,-3.306063707552432396e-01,-5.755779902567299544e-01,-4.334529372822194526e-01,7.372391106130883331e-01,1.000000000000000000e+00,2.716059368782972605e-01,7.953204138638340082e-01,-3.023357850679395109e-01,6.615385423702665468e-01,6.834438550717559790e-01,1.048891454179821381e-01,5.493225329048562200e-01,7.786296484238284243e-01,3.748393607216033985e-01
5.035998140369718490e-01,6.203562213357259880e-01,6.171410245354468360e-01,1.354264775501846096e-01,2.576524847054166845e-01,1.748267012576242285e-01,5.436327921599132251e-01,-5.624042438804920385e-01,2.749369715786919022e-01,2.279390871381502259e-01,-4.078523443772911761e-01,4.459887102847051032e-01,4.099881784928985362e-01,2.941238891515223219e-01,1.841841301881366744e-01,1.551848999579778510e-01,2.796227872732568592e-02,4.109240513364295633e-01,6.580610600114576991e-01,6.593713876912652427e-01,7.571400101757255197e-01,6.390307750886776716e-01,3.391419838724257230e-01,3.029745045514783408e-01,2.350723280551678396e-01,4.316205453815282755e-01,3.084349866668340545e-01,-1.376687709701468199e-01,5.230564501171062197e-01,2.716059368782972605e-01,1.000000000000000000e+00,3.208294943235406316e-01,5.923971840682128454e-01,8.849512166161843316e-04,6.634370307805000921e-01,-5.958056307681840191e-02,1.841853991835505633e-01,-8.557526500235980438e-03,5.076745986219954876e-01
4.969795718611904056e-01,2.085753827395428750e-01,-1.365986953425793737e-01,1.442851812753670471e-01,-2.151993425250182668e-01,8.015579327966190215e-01,4.207004331538680142e-01,2.014572197671821163e-01,5.424645711953711702e-01,7.638404951330713955e-01,3.647724024313926949e-01,-4.784838150080441416e-02,3.380888075289137373e-01,6.350746817979940895e-01,2.496393132240480872e-01,6.531745059350169136e-01,5.771423052513946494e-01,3.714984032862941876e-02,9.766879142187914753e-02,1.545768644427021055e-01,3.408259090111668416e-02,5.545075449146859015e-01,8.111218650782052730e-01,8.709064935543517905e-01,8.241995934615589103e-01,-1.751355276271178985e-01,-4.263277134878471486e-01,-2.456962518959646125e-01,8.510364620279575743e-01,7.953204138638340082e-01,3.208294943235406316e-01,1.000000000000000000e+00,-1.572276787916716823e-01,4.127259180114565273e-01,7.876781683939229062e-01,7.525730990569662326e-02,7.500163399909247630e-01,5.418908772033271815e-01,3.059244925480824051e-01
4.560227806520139593e-02,5.850833832049973093e-01,9.194899423376728942e-01,9.854638070281311613e-02,6.320348543257944263e-01,-4.857358079281499652e-01,1.044760168352687341e-01,-9.071605745353045203e-01,-1.855185463139079338e-02,-3.525935262884908328e-01,-4.052656037539176248e-01,6.887170420091842660e-01,-1.118061706701690694e-01,-4.535864069097766960e-02,1.790328663938395015e-01,-2.617541386546400339e-01,-4.019264067535925911e-01,7.343164882100332580e-01,7.681101309772505603e-01,6.737454256000084962e-01,8.116358868373844127e-01,5.544395242472446167e-02,-3.234566804409664265e-01,-3.058080178622681333e-01,-3.857586006407028312e-01,8.081141273070319153e-01,7.664332676281718770e-01,3.550414685321225949e-01,-1.955153130346475032e-02,-3.023357850679395109e-01,5.923971840682128454e-01,-1.572276787916716823e-01,1.000000000000000000e+00,-3.408217452728342090e-01,1.577505725941592274e-01,1.543575023223030807e-01,4.628065817785001479e-02,-4.088549187877496549e-01,4.912247740674342555e-01
4.639069311814470464e-01,-1.136705842759909851e-01,-2.787796207632774470e-01,6.827782850818553406e-02,-5.019792851024848512e-02,5.581285072773367606e-01,4.191608314008152814e-01,3.397859033042648913e-01,5.752898713407589293e-01,6.277159819968307630e-01,2.977163717037862312e-01,1.599088744394356471e-02,2.570933786002944643e-01,2.252515242183155408e-01,4.749059400344834980e-01,6.099716549727858261e-01,3.849125318734101797e-01,-7.279338540776991717e-02,2.124094745313945959e-02,1.120674565663651139e-02,-6.100802904057695680e-02,3.889052159302374134e-01,5.798682982310444656e-01,5.277481975013291748e-01,5.974798081931521621e-01,-3.370324493434005975e-01,-5.765551998086717589e-01,-3.374382721166861443e-01,3.173446970597778027e-01,6.615385423702665468e-01,8.849512166161843316e-04,4.127259180114565273e-01,-3.408217452728342090e-01,1.000000000000000000e+00,2.338676457686481580e-01,1.356155182931955416e-01,2.261053293629059213e-01,8.012189155113188521e-01,3.824579410419921000e-01
5.873912142838130235e-01,4.137255966707730770e-01,1.694783969592207618e-01,1.365589350185138218e-01,-7.717689803645709501e-02,6.610908684916040334e-01,5.409411136433037726e-01,-1.023724948355154013e-01,4.312541591496763527e-01,6.604719442684759967e-01,-1.729837815388955268e-03,1.482472324184432311e-01,5.042180873563381072e-01,5.828665039447264995e-01,2.213411796739905291e-01,5.221558028755057812e-01,3.783385770583548302e-01,1.850244044117325404e-01,3.455673425118320208e-01,4.110579785744691295e-01,3.714126942774977347e-01,7.105340615710185048e-01,7.513512823046287759e-01,7.757009232820888389e-01,7.074883966832571369e-01,5.504653170759930131e-02,-1.784884294523675086e-01,-2.767225246188180221e-01,8.690553034580212888e-01,6.834438550717559790e-01,6.634370307805000921e-01,7.876781683939229062e-01,1.577505725941592274e-01,2.338676457686481580e-01,1.000000000000000000e+00,-6.125266583144744342e-02,6.099419829873400367e-01,3.482790521182071997e-01,3.721166356833452427e-01
1.115163013430757050e-01,1.738705300019272038e-01,1.520313556327376747e-01,1.586191983011563805e-02,5.814206494630903554e-01,-7.412196569483132935e-02,-1.401149992401154454e-01,-1.247389189871924153e-01,4.031468453670860597e-01,4.809371244855041583e-02,2.132251679020966684e-01,2.087565627934649948e-01,-2.834171246892201457e-01,3.655600788651665045e-01,-6.333970410676963148e-02,1.247224757577663490e-01,-2.863417156243275525e-04,3.404125610417795267e-01,1.014581205417471217e-02,-4.886333331064239560e-02,-2.025500069867309377e-03,-1.332271981868160815e-01,5.980789993915185641e-03,2.635625619448290005e-02,5.435419652278261626e-02,3.705579746181040246e-01,1.731549037129714863e-01,2.112025311921215398e-01,4.034920708913526839e-03,1.048891454179821381e-01,-5.958056307681840191e-02,7.525730990569662326e-02,1.543575023223030807e-01,1.356155182931955416e-01,-6.125266583144744342e-02,1.000000000000000000e+00,1.914401066588702904e-01,3.896734359871160958e-02,2.782952242685447497e-01
3.227878164011677709e-01,3.469443389362117935e-01,7.309986563148436478e-02,1.096074309699081872e-01,1.942064443994156661e-02,4.930843988914012099e-01,1.431721886468401983e-01,-5.838640989231472928e-02,4.299052406978994822e-01,5.059048175938772873e-01,2.493827533866780910e-01,1.616803556036942868e-01,-1.007234898423258751e-01,5.111501925459981388e-01,3.603319644614337847e-01,5.528150790864341246e-01,1.621598237209478932e-01,2.883260510443043101e-01,2.363922767842862316e-01,1.946161096583531036e-01,1.425102511708679562e-02,1.570319217963876135e-01,4.908797251226167391e-01,6.227954129301931374e-01,5.402722060502003210e-01,1.081557480986319181e-01,-1.072127938212679293e-01,5.673163017543837727e-02,6.222565709256726585e-01,5.493225329048562200e-01,1.841853991835505633e-01,7.500163399909247630e-01,4.628065817785001479e-02,2.261053293629059213e-01,6.099419829873400367e-01,1.914401066588702904e-01,1.000000000000000000e+00,3.957132526548201579e-01,4.130639953904194361e-01
5.875816724149199866e-01,2.860845613573707522e-02,-3.540718658898950877e-01,-4.175834985822707984e-02,-1.579783814014836807e-01,6.617213711699275747e-01,4.009627933672447186e-01,4.003365868758130830e-01,6.698184660318181605e-01,7.631197349507772287e-01,3.069342192801166047e-01,-1.053700665403764086e-01,1.669311623073321538e-01,3.720723386991482418e-01,3.905457713071627257e-01,8.164901771457430124e-01,3.991405322997108596e-01,-1.518257254704414583e-01,-2.848594901669218235e-02,-8.148261112592163069e-02,-1.848389425712742007e-01,3.327594745090580175e-01,6.766222847341756275e-01,6.457001552766125085e-01,6.960980888175560821e-01,-3.878805028541662536e-01,-5.849584405104734097e-01,-3.954802769155593700e-01,4.330361143529521950e-01,7.786296484238284243e-01,-8.557526500235980438e-03,5.418908772033271815e-01,-4.088549187877496549e-01,8.012189155113188521e-01,3.482790521182071997e-01,3.896734359871160958e-02,3.957132526548201579e-01,1.000000000000000000e+00,3.877018040069451499e-01
5.348609357567442046e-01,6.993503279772189662e-01,5.336016312514813009e-01,1.745345510434773151e-01,4.751232315293287822e-01,9.064882210030425491e-02,3.190258228558314202e-01,-4.948293175020597734e-01,5.985894638267491574e-01,3.203172419026007467e-01,-1.272353326146114239e-01,6.360124710373095125e-01,1.384996012386236278e-02,2.599032950851161705e-01,5.442142334278893268e-01,4.796401682089606044e-01,-9.718631622363166356e-02,5.722153305313562033e-01,6.729134303438485398e-01,5.802944112371087870e-01,5.483141692593201943e-01,2.713364492451940113e-01,2.576829467987907241e-01,2.434753036096263534e-01,2.251929393186273276e-01,4.176561174284909028e-01,2.506693941174602536e-01,8.625473190130836243e-02,2.940522694142406745e-01,3.748393607216033985e-01,5.076745986219954876e-01,3.059244925480824051e-01,4.912247740674342555e-01,3.824579410419921000e-01,3.721166356833452427e-01,2.782952242685447497e-01,4.130639953904194361e-01,3.877018040069451499e-01,1.000000000000000000e+00
