1.000000000000000000e+00,8.347552429744610203e-01,2.142812278822345817e-01,2.427189535250289798e-01,4.148419511428000361e-01,-9.107309328057161535e-02,2.553123951716729789e-01,-1.682039723864829639e-01,6.292106448442321698e-01,7.746041793454911950e-01,9.623350841282862778e-02,4.610286565952657067e-01,-1.523865250202531378e-02,6.520032870249219403e-01,3.901370583280539539e-01,7.429508842366434607e-01,2.321436571010288274e-01,3.131256073469673162e-01,1.351430549340284226e-01,3.101322315665420992e-02,3.290893294805974922e-01,6.202007696695664013e-02,5.337257412685841862e-01,4.018150744454735968e-01,3.956334848386444114e-01,6.140265091995118496e-01,3.648279348472515671e-01,5.710124509176012220e-01,7.097644992714019496e-01,6.233439651678983617e-01,1.125781531961191489e-01,5.945574670987130439e-01,5.217523434438079422e-01,2.541231800206669167e-01,2.363735469765123609e-01,6.634948081176465610e-03,5.135087639943531901e-01,5.426467508364510861e-01,4.931148198249128978e-01
8.347552429744610203e-01,1.000000000000000000e+00,2.519122088251181668e-01,1.543566165066560525e-01,3.785014431816998703e-01,-5.880155242200366117e-02,2.439990353836423709e-01,-1.483567882844043229e-01,6.522320596072002097e-01,7.592362249646640304e-01,1.248052983292196605e-01,4.287133204935739128e-01,-3.636218375923160745e-02,5.971222605666829386e-01,3.059783845647555123e-01,7.082823093382657476e-01,2.477770687157365148e-01,3.044004599315259241e-01,8.879367095788781583e-02,-1.205716000098279450e-02,3.149767188990834632e-01,1.551871815513938546e-01,5.230903436896965353e-01,3.741082058440620139e-01,3.348264510239165048e-01,6.256771533377483152e-01,4.579045385790658229e-01,5.373587483832286127e-01,6.517018679977792939e-01,6.008692815530435327e-01,1.224061360432832368e-01,5.997681563637446978e-01,5.240260677305625947e-01,2.398495664943732786e-01,1.420465758276157342e-01,1.301913591540247717e-02,5.145541564491966646e-01,5.149176611243760915e-01,5.471534612457099600e-01
2.142812278822345817e-01,2.519122088251181668e-01,1.000000000000000000e+00,1.945615285642600667e-01,6.949095442205442952e-01,-1.707049200059485572e-01,3.805330798940971815e-01,-2.745854063083091878e-01,5.897432122843656588e-01,3.698603610304033729e-01,6.999612658207399196e-02,4.348414782906357551e-02,-2.656562768170727118e-01,5.312640075523535899e-01,8.559586988955966702e-02,3.552211352324970983e-01,1.672893471893496797e-01,4.856982841938365381e-01,5.635751590170552383e-01,3.392054224957318787e-01,4.604157649919728978e-01,1.183245999692238565e-01,4.368683179026793262e-01,4.663476702722019196e-01,3.495129924282243117e-01,5.414991212793387465e-01,4.065615909039219100e-01,5.843148979885277594e-01,3.141344431335855170e-01,4.998359405236027508e-01,3.240235401053756514e-01,3.412941461382115738e-01,4.788711560460639505e-01,7.017059142828601104e-01,1.180183258059743362e-01,2.072523566761954317e-01,3.368663537341417547e-01,3.425178114093684334e-01,3.003814260357718369e-01
2.427189535250289798e-01,1.543566165066560525e-01,1.945615285642600667e-01,1.000000000000000000e+00,2.865502133615720481e-01,-2.846090447266574897e-01,3.651425754946827640e-01,6.037481324522894766e-02,2.939095032627504489e-01,3.807732758130676354e-01,-7.149320725204331983e-02,3.767362029150256308e-01,-1.242218703046647776e-01,3.586929472637805372e-01,2.973443703324079035e-01,4.406074901999051940e-01,-5.679870453356913179e-02,1.088906215711876874e-01,1.968967976857698698e-01,4.431287493144087097e-01,4.247117331261152096e-01,2.007160482290157658e-02,3.394103808849910919e-01,2.825641110224495489e-01,3.071851668111478806e-01,1.438698434448121843e-01,6.976171959808399881e-02,4.664477811169189803e-01,3.401297943035629934e-01,4.157895799414770277e-01,6.761428219071484447e-02,2.226017478437544439e-01,3.719190539160831532e-01,2.912556541290979295e-01,2.730730140389918681e-01,-5.361734974030193945e-02,3.747863426367311623e-01,2.214051874363822392e-01,1.603915727445726358e-01
4.148419511428000361e-01,3.785014431816998703e-01,6.949095442205442952e-01,2.865502133615720481e-01,1.000000000000000000e+00,-2.343167745606956343e-01,2.898903564610802452e-01,-3.285403093330674373e-01,6.820248374829681604e-01,4.671526308398590843e-01,2.790768027066898860e-01,2.408745792165574995e-01,-1.561646716003399771e-01,6.649349579686530953e-01,2.163896729426813548e-01,4.294294666572319730e-01,2.742824939625013725e-01,4.683464275699044110e-01,5.802193835414614087e-01,2.413845412307469296e-01,3.267518422047533400e-01,-1.079481787573813023e-01,4.128297315349590546e-01,4.453594302254560988e-01,3.599198269282320450e-01,5.221241538076636379e-01,3.186473111908741385e-01,5.215424896018487910e-01,3.714864249258588158e-01,5.132105699759050843e-01,1.602084244751065534e-01,4.232463437459363376e-01,3.409513076867151105e-01,7.640355699445886550e-01,5.254579527779056070e-02,6.086620966144798417e-02,2.638372013271992333e-01,4.651287103095462228e-01,4.346430212379552849e-01
-9.107309328057161535e-02,-5.880155242200366117e-02,-1.707049200059485572e-01,-2.846090447266574897e-01,-2.343167745606956343e-01,1.000000000000000000e+00,-1.155603431225694228e-01,1.025407111017248400e-02,-2.379691088422279110e-01,-2.345423463987818535e-01,-1.109075703118284767e-01,-3.902049118038631442e-02,-6.863919339917556872e-02,-1.577090662357894246e-01,-1.006764795734185342e-01,-3.332409152212905123e-01,9.114232895764368125e-02,4.301677954750985494e-02,3.686844418159293535e-03,1.970037421214848039e-01,-4.093114171213891456e-02,4.558814846719269065e-01,-2.804137566083209632e-01,-1.976611722229707768e-01,-2.464609258236161726e-01,-2.440752762934180753e-01,-9.507100274662273059e-03,-1.884271912881635147e-01,1.105077398621033546e-01,-2.899495261068583130e-01,3.283492710669042580e-01,9.572859817022168205e-02,7.903402544500813531e-02,-1.686602758215861031e-01,2.992203559223806653e-01,2.475144391903736502e-02,1.706467431926544653e-01,-3.783720773772131230e-01,-1.678763593198820125e-01
2.553123951716729789e-01,2.439990353836423709e-01,3.805330798940971815e-01,3.651425754946827640e-01,2.898903564610802452e-01,-1.155603431225694228e-01,1.000000000000000000e+00,1.088790787340021826e-01,2.599866416499225785e-01,3.537645355661696578e-01,-1.354367372270967873e-01,1.940472457860705630e-02,-1.998469542046474590e-01,2.711690012527926408e-01,-7.754974968314569568e-03,3.051567170758019976e-01,-1.704235017800006247e-01,1.993948119496978810e-01,4.024477303352082536e-01,4.383151741554999203e-01,4.977587173288414713e-01,3.388652836301718763e-01,1.554173912374881561e-01,2.264587334378056482e-01,-1.243785725693499419e-02,2.454179265159443513e-01,1.966132254391387557e-01,5.034988798234206753e-01,3.500552102335685589e-01,3.125942232124369058e-01,1.489654215441290896e-01,1.456665587369899983e-01,3.586801595676466503e-01,2.011936114387134489e-01,3.219382117713190938e-01,-7.435317143681090257e-02,2.291049625828924241e-01,1.134291208786503274e-01,-3.635301475570058144e-02
-1.682039723864829639e-01,-1.483567882844043229e-01,-2.745854063083091878e-01,6.037481324522894766e-02,-3.285403093330674373e-01,1.025407111017248400e-02,1.088790787340021826e-01,1.000000000000000000e+00,-2.997371850036881225e-01,-2.870019500298296444e-01,-1.189080743382092270e-01,-3.251008116713530183e-02,-8.862265365802188266e-02,-3.021582130722956228e-01,-1.289555727984105504e-01,-2.425148821477457473e-01,-3.250042202004068681e-01,-2.651164072841067920e-01,-2.066029556978958570e-01,2.165359117094974584e-01,3.342827109493294313e-01,1.072288288860742678e-01,-2.773987482985272313e-01,1.320504510485449173e-02,-2.781439543177053886e-01,-1.366108397516516970e-01,2.810131526445941094e-02,8.878833731012206534e-03,-7.518497493331816051e-02,-1.372757620663373757e-01,-1.689021636478048316e-01,-1.893690372040128800e-01,-1.066914692921609731e-01,-2.065451579104452540e-01,1.449051299485462629e-01,-2.558465103506908367e-01,-6.133178608126874792e-02,-2.014291135740492178e-01,-1.789910842356093323e-01
6.292106448442321698e-01,6.522320596072002097e-01,5.897432122843656588e-01,2.939095032627504489e-01,6.820248374829681604e-01,-2.379691088422279110e-01,2.599866416499225785e-01,-2.997371850036881225e-01,1.000000000000000000e+00,7.001388915362705134e-01,2.565417595476820467e-01,4.969233658461524872e-01,-1.849292341427819508e-01,7.309079698807432468e-01,4.011939379095268432e-01,7.005243453844983703e-01,3.330220964281427332e-01,4.484992650540565728e-01,4.357966005502266760e-01,1.342717198068975326e-01,3.681396059886448691e-01,1.002817917288545760e-02,6.193611737791316907e-01,5.967063457880806832e-01,4.992707778052540291e-01,7.424533263744981237e-01,6.646446635859857288e-01,6.723827160616777654e-01,5.487224862328657915e-01,6.840051759285993294e-01,2.577850475866498292e-01,6.306141380826943976e-01,5.476831488498485889e-01,6.831114780642482120e-01,6.121794283605493103e-02,1.286206037532587887e-01,5.100030042851388945e-01,6.664913613578764551e-01,7.001422979074030106e-01
7.746041793454911950e-01,7.592362249646640304e-01,3.698603610304033729e-01,3.807732758130676354e-01,4.671526308398590843e-01,-2.345423463987818535e-01,3.537645355661696578e-01,-2.870019500298296444e-01,7.001388915362705134e-01,1.000000000000000000e+00,-3.246143546266239827e-02,5.055433985323686263e-01,-9.741930070357436577e-02,7.509737318186150423e-01,4.467380046262462434e-01,8.760452546340418145e-01,2.182757731953305358e-01,3.867896277232013569e-01,2.471667809094354462e-01,1.329594713827635111e-01,3.720747471998232525e-01,8.817067784042342815e-02,6.940944829138319117e-01,4.995080391059059099e-01,5.351775832269658473e-01,6.284390419370263769e-01,3.876197336798090642e-01,6.320171610160297826e-01,7.300156778955865233e-01,7.601357285805051545e-01,1.399232577997487348e-01,6.409276619097851180e-01,6.122576174943525906e-01,3.282378610625985016e-01,2.348811306575886160e-01,1.385110112213953082e-01,6.109794211426464727e-01,5.665039436948170470e-01,5.073650381522233355e-01
9.623350841282862778e-02,1.248052983292196605e-01,6.999612658207399196e-02,-7.149320725204331983e-02,2.790768027066898860e-01,-1.109075703118284767e-01,-1.354367372270967873e-01,-1.189080743382092270e-01,2.565417595476820467e-01,-3.246143546266239827e-02,1.000000000000000000e+00,1.259332474811313274e-01,3.918601880133650711e-02,1.355334549275451217e-01,1.765684238833503394e-01,-1.132781681864662889e-02,5.642226711110893689e-01,1.425362072209079289e-01,2.304373056429958599e-01,-2.203220430788259132e-01,-7.597734957626676999e-02,-2.996236635454537778e-01,4.686836695848915074e-02,1.207027845186055548e-01,4.574467942910714902e-02,2.086879862016762788e-01,2.462450344396265589e-01,5.351925259426093540e-02,-1.247602686287308388e-01,6.102151255589165213e-02,-1.426140673606111353e-01,9.358204068773577633e-02,-1.256745973063421729e-01,2.407885301023497682e-01,-3.563841185810107115e-01,-2.061383377189530616e-02,-2.075126764522801925e-01,3.351066913448276230e-01,3.852565844575388532e-01
4.610286565952657067e-01,4.287133204935739128e-01,4.348414782906357551e-02,3.767362029150256308e-01,2.408745792165574995e-01,-3.902049118038631442e-02,1.940472457860705630e-02,-3.251008116713530183e-02,4.969233658461524872e-01,5.055433985323686263e-01,1.259332474811313274e-01,1.000000000000000000e+00,-1.822795422785443431e-01,5.018205472172999615e-01,6.637576711416850461e-01,5.290384585718544974e-01,2.016345673745179035e-01,3.243397666602583773e-01,2.352550973149205304e-01,1.980295736546240082e-01,2.766647430926937323e-01,7.238046998068592419e-02,4.421830382447681784e-01,4.386940956211366482e-01,3.378797626507908380e-01,3.631795670494293304e-01,4.224913760140373009e-01,3.733985297256267044e-01,5.242195171914684204e-01,4.438187485632861251e-01,1.431935318866120466e-01,6.816399086144566688e-01,4.479535397433210275e-01,3.501893978800416085e-01,2.521484559100147238e-01,1.515504949442527394e-01,5.842284584301220551e-01,4.479952326444098798e-01,6.363088168309157799e-01
-1.523865250202531378e-02,-3.636218375923160745e-02,-2.656562768170727118e-01,-1.242218703046647776e-01,-1.561646716003399771e-01,-6.863919339917556872e-02,-1.998469542046474590e-01,-8.862265365802188266e-02,-1.849292341427819508e-01,-9.741930070357436577e-02,3.918601880133650711e-02,-1.822795422785443431e-01,1.000000000000000000e+00,-1.627703990815400070e-01,-1.176802884308568303e-01,-8.059224770227606249e-02,2.822169754236243666e-02,-1.237780682994252257e-01,-2.904819345873101422e-01,-2.224822164549910275e-01,-1.780708726591105628e-01,-1.691178295808790644e-01,-1.482507952202244753e-02,-2.259000150630778303e-01,2.108271840892698458e-03,-1.828948979202575098e-01,-3.149780129311425814e-01,-2.034670857268081889e-01,-2.220076775626891041e-01,-9.950292859365460207e-02,-4.682052635667265372e-01,-2.730598368598198822e-01,-2.712741582720232247e-01,-3.432958279419669467e-01,-2.317535698978583636e-01,-1.944176261510976444e-01,-2.762602630948826632e-01,-7.109446714593016525e-02,-8.865155336010042963e-02
6.520032870249219403e-01,5.971222605666829386e-01,5.312640075523535899e-01,3.586929472637805372e-01,6.649349579686530953e-01,-1.577090662357894246e-01,2.711690012527926408e-01,-3.021582130722956228e-01,7.309079698807432468e-01,7.509737318186150423e-01,1.355334549275451217e-01,5.018205472172999615e-01,-1.627703990815400070e-01,1.000000000000000000e+00,4.759483088988964994e-01,7.207257713811264788e-01,3.825187634016196103e-01,5.413662261133150855e-01,4.809341043330867538e-01,2.302923466436612165e-01,4.055812690854623814e-01,-2.324250365711753169e-02,7.293815896465312143e-01,6.638128903289726157e-01,6.386349031076888894e-01,6.295202964048430827e-01,3.930984996300063705e-01,6.366405365114037318e-01,6.911024719101490632e-01,7.253526580368386822e-01,1.970132284116459520e-01,7.206106206893170274e-01,5.919396015841525971e-01,5.250730051015940480e-01,3.173915479856418420e-01,2.121143002751489093e-01,6.181861759421749536e-01,5.900084564984706681e-01,5.435519333145526488e-01
3.901370583280539539e-01,3.059783845647555123e-01,8.559586988955966702e-02,2.973443703324079035e-01,2.163896729426813548e-01,-1.006764795734185342e-01,-7.754974968314569568e-03,-1.289555727984105504e-01,4.011939379095268432e-01,4.467380046262462434e-01,1.765684238833503394e-01,6.637576711416850461e-01,-1.176802884308568303e-01,4.759483088988964994e-01,1.000000000000000000e+00,4.829149069652050041e-01,4.101091539689054044e-01,4.977688903834558420e-01,3.190394094483816612e-01,1.860438485438334066e-01,3.044818812226259830e-01,-6.606971365668834473e-02,4.952378152702157643e-01,3.064222989881842385e-01,4.199834000309181081e-01,4.667666013310388107e-01,2.262646917530493074e-01,4.400633796732182357e-01,5.238812693379972796e-01,3.362556724541734265e-01,-4.545256818597374210e-02,5.354239513137135642e-01,4.428690259765801773e-01,2.449789020442158793e-01,2.064232637101855727e-01,2.685422675251303293e-01,4.780209598841828611e-01,6.562268814347987922e-01,5.542579221502070830e-01
7.429508842366434607e-01,7.082823093382657476e-01,3.552211352324970983e-01,4.406074901999051940e-01,4.294294666572319730e-01,-3.332409152212905123e-01,3.051567170758019976e-01,-2.425148821477457473e-01,7.005243453844983703e-01,8.760452546340418145e-01,-1.132781681864662889e-02,5.290384585718544974e-01,-8.059224770227606249e-02,7.207257713811264788e-01,4.829149069652050041e-01,1.000000000000000000e+00,2.009678826249619021e-01,3.501873360429016424e-01,2.167771454995773006e-01,8.857628933825777151e-02,3.660326099777475584e-01,4.030461052167386843e-02,7.545257316325328922e-01,5.199776423245268120e-01,6.118411210633483144e-01,6.467322332729927847e-01,4.115922236990171013e-01,6.637261392278658301e-01,6.848255125936787424e-01,7.556923617679058847e-01,1.005651274674873447e-01,6.289834564514992232e-01,6.094610139766318824e-01,3.269389020276406987e-01,2.194413392665581219e-01,2.135401256786394197e-01,6.142858353407204541e-01,6.146243537366897769e-01,5.361204689571134052e-01
2.321436571010288274e-01,2.477770687157365148e-01,1.672893471893496797e-01,-5.679870453356913179e-02,2.742824939625013725e-01,9.114232895764368125e-02,-1.704235017800006247e-01,-3.250042202004068681e-01,3.330220964281427332e-01,2.182757731953305358e-01,5.642226711110893689e-01,2.016345673745179035e-01,2.822169754236243666e-02,3.825187634016196103e-01,4.101091539689054044e-01,2.009678826249619021e-01,1.000000000000000000e+00,3.321825946826389431e-01,2.264873137668459990e-01,-9.682496127456004242e-02,1.564864992685393794e-02,-2.191326211839143279e-01,3.388631913173229537e-01,2.485419110949200483e-01,3.570261026229461510e-01,2.757934475726019352e-01,1.463807533702849994e-01,1.769725468166642723e-01,1.767871565819165991e-01,2.552193699080956835e-01,9.500584159545509902e-03,3.047682169773358041e-01,2.380474743918892244e-01,1.859759923032490991e-01,-1.019202142247390974e-01,2.877906945441702780e-01,1.571570381616842482e-01,4.004545074587724796e-01,3.658407647079734981e-01
3.131256073469673162e-01,3.044004599315259241e-01,4.856982841938365381e-01,1.088906215711876874e-01,4.683464275699044110e-01,4.301677954750985494e-02,1.993948119496978810e-01,-2.651164072841067920e-01,4.484992650540565728e-01,3.867896277232013569e-01,1.425362072209079289e-01,3.243397666602583773e-01,-1.237780682994252257e-01,5.413662261133150855e-01,4.977688903834558420e-01,3.501873360429016424e-01,3.321825946826389431e-01,1.000000000000000000e+00,5.464682312130358932e-01,2.204329140259237707e-01,3.465444290495138246e-01,5.117721547444092217e-02,4.652906554499684488e-01,3.335393168416423970e-01,2.822746386566604149e-01,6.073300370977086082e-01,3.225990029481441979e-01,4.591664178498939264e-01,4.669680431023164324e-01,3.252822136592997682e-01,4.012278584042723584e-02,4.824923231780007815e-01,3.889359651292341735e-01,4.088469168697106970e-01,7.596526465206070167e-02,1.599781267920240002e-01,3.730058966866255377e-01,4.510170690686086115e-01,4.381498728717238000e-01
1.351430549340284226e-01,8.879367095788781583e-02,5.635751590170552383e-01,1.968967976857698698e-01,5.802193835414614087e-01,3.686844418159293535e-03,4.024477303352082536e-01,-2.066029556978958570e-01,4.357966005502266760e-01,2.471667809094354462e-01,2.304373056429958599e-01,2.352550973149205304e-01,-2.904819345873101422e-01,4.809341043330867538e-01,3.190394094483816612e-01,2.167771454995773006e-01,2.264873137668459990e-01,5.464682312130358932e-01,1.000000000000000000e+00,4.652075249652979916e-01,4.202499671793525349e-01,1.699301348617786311e-01,2.622252357546979162e-01,4.116065784433792785e-01,1.822877173367304648e-01,3.396326161571821545e-01,3.647648417816334865e-01,4.114966846675240930e-01,3.216697423241928200e-01,2.362634012380248061e-01,1.191821765031968877e-01,3.561979983937911820e-01,3.267290490198145880e-01,5.284084500013898067e-01,2.464775190800609639e-01,2.284196848440637750e-01,2.726526164563550236e-01,3.363975699682834608e-01,2.482005447541000553e-01
3.101322315665420992e-02,-1.205716000098279450e-02,3.392054224957318787e-01,4.431287493144087097e-01,2.413845412307469296e-01,1.970037421214848039e-01,4.383151741554999203e-01,2.165359117094974584e-01,1.342717198068975326e-01,1.329594713827635111e-01,-2.203220430788259132e-01,1.980295736546240082e-01,-2.224822164549910275e-01,2.302923466436612165e-01,1.860438485438334066e-01,8.857628933825777151e-02,-9.682496127456004242e-02,2.204329140259237707e-01,4.652075249652979916e-01,1.000000000000000000e+00,7.082850076243256687e-01,4.581996545495637951e-01,7.857696713262643518e-02,2.505062777147319952e-01,7.192851364689979710e-02,5.762003280268804956e-02,1.245326579039549991e-01,4.685741698745420902e-01,3.931767068858047498e-01,1.896129942274808189e-01,1.330841758963127452e-01,1.364880930005977488e-01,4.564417825250270955e-01,2.691237305231430343e-01,5.003738571705079741e-01,3.098963562724922280e-02,3.760789307981339258e-01,1.071464171013409086e-02,-5.453011084421868077e-02
3.290893294805974922e-01,3.149767188990834632e-01,4.604157649919728978e-01,4.247117331261152096e-01,3.267518422047533400e-01,-4.093114171213891456e-02,4.977587173288414713e-01,3.342827109493294313e-01,3.681396059886448691e-01,3.720747471998232525e-01,-7.597734957626676999e-02,2.766647430926937323e-01,-1.780708726591105628e-01,4.055812690854623814e-01,3.044818812226259830e-01,3.660326099777475584e-01,1.564864992685393794e-02,3.465444290495138246e-01,4.202499671793525349e-01,7.082850076243256687e-01,1.000000000000000000e+00,3.523189861548929325e-01,3.385339944417619096e-01,4.603298291801920517e-01,2.141958110688156058e-01,4.359484302582228854e-01,3.907711144180074370e-01,7.191032151086881319e-01,5.601694982060169137e-01,4.273490317286747220e-01,2.348670893691797833e-03,3.256757818819125405e-01,6.134857439330267947e-01,3.230111861869167655e-01,4.167322309454759011e-01,4.632581783325190501e-03,5.179529816521598606e-01,3.267392366329107678e-01,2.130507412871706918e-01
6.202007696695664013e-02,1.551871815513938546e-01,1.183245999692238565e-01,2.007160482290157658e-02,-1.079481787573813023e-01,4.558814846719269065e-01,3.388652836301718763e-01,1.072288288860742678e-01,1.002817917288545760e-02,8.817067784042342815e-02,-2.996236635454537778e-01,7.238046998068592419e-02,-1.691178295808790644e-01,-2.324250365711753169e-02,-6.606971365668834473e-02,4.030461052167386843e-02,-2.191326211839143279e-01,5.117721547444092217e-02,1.699301348617786311e-01,4.581996545495637951e-01,3.523189861548929325e-01,1.000000000000000000e+00,-7.836859320541622598e-02,1.132931434501758226e-02,-1.880529293375443611e-01,8.702135560430989542e-03,2.696033978771028017e-01,2.398584696390445303e-01,3.237486355728042553e-01,-3.327715400722495998e-02,3.201097104185997577e-01,1.521328495193325914e-01,4.176549977978187833e-01,-1.732443801686319937e-03,3.637798695664961612e-01,5.903378530185841334e-03,3.272498644151999314e-01,-1.868838791860009396e-01,-1.058347799264653943e-01
5.337257412685841862e-01,5.230903436896965353e-01,4.368683179026793262e-01,3.394103808849910919e-01,4.128297315349590546e-01,-2.804137566083209632e-01,1.554173912374881561e-01,-2.773987482985272313e-01,6.193611737791316907e-01,6.940944829138319117e-01,4.686836695848915074e-02,4.421830382447681784e-01,-1.482507952202244753e-02,7.293815896465312143e-01,4.952378152702157643e-01,7.545257316325328922e-01,3.388631913173229537e-01,4.652906554499684488e-01,2.622252357546979162e-01,7.857696713262643518e-02,3.385339944417619096e-01,-7.836859320541622598e-02,1.000000000000000000e+00,5.724508627332309807e-01,8.087614837407901547e-01,5.892757710727776210e-01,3.560080656080704120e-01,5.871340533215191337e-01,5.664834197414673200e-01,7.165851325662571103e-01,3.483489073218484083e-02,6.330696448308882340e-01,5.393965072039060837e-01,3.290022389812476411e-01,2.033229502425117907e-01,3.766084342553807085e-01,6.140969818070749486e-01,6.045557511940422568e-01,5.421969776834059118e-01
4.018150744454735968e-01,3.741082058440620139e-01,4.663476702722019196e-01,2.825641110224495489e-01,4.453594302254560988e-01,-1.976611722229707768e-01,2.264587334378056482e-01,1.320504510485449173e-02,5.967063457880806832e-01,4.995080391059059099e-01,1.207027845186055548e-01,4.386940956211366482e-01,-2.259000150630778303e-01,6.638128903289726157e-01,3.064222989881842385e-01,5.199776423245268120e-01,2.485419110949200483e-01,3.335393168416423970e-01,4.116065784433792785e-01,2.505062777147319952e-01,4.603298291801920517e-01,1.132931434501758226e-02,5.724508627332309807e-01,1.000000000000000000e+00,4.862299771452913699e-01,5.013808560573650430e-01,5.384901471870846557e-01,5.707128778963724836e-01,4.618706408165915156e-01,6.140881161597178117e-01,2.219382009549779045e-01,5.210275287096327590e-01,5.176650470334979159e-01,4.860107539755106898e-01,2.694504270301002480e-01,2.335977247252402078e-01,5.215887455825416463e-01,4.001344417393750130e-01,3.700506899503805958e-01
3.956334848386444114e-01,3.348264510239165048e-01,3.495129924282243117e-01,3.071851668111478806e-01,3.599198269282320450e-01,-2.464609258236161726e-01,-1.243785725693499419e-02,-2.781439543177053886e-01,4.992707778052540291e-01,5.351775832269658473e-01,4.574467942910714902e-02,3.378797626507908380e-01,2.108271840892698458e-03,6.386349031076888894e-01,4.199834000309181081e-01,6.118411210633483144e-01,3.570261026229461510e-01,2.822746386566604149e-01,1.822877173367304648e-01,7.192851364689979710e-02,2.141958110688156058e-01,-1.880529293375443611e-01,8.087614837407901547e-01,4.862299771452913699e-01,1.000000000000000000e+00,4.157746537892539895e-01,1.946164942684377175e-01,4.549362665480222723e-01,4.430438004185899836e-01,6.093144194279505044e-01,7.270338309834001311e-02,5.145525158788346598e-01,4.470661623745091906e-01,2.905633570150926714e-01,2.453649636678680857e-01,4.568778668170817570e-01,5.055331937407909759e-01,4.904294953890629971e-01,4.593569442924492763e-01
6.140265091995118496e-01,6.256771533377483152e-01,5.414991212793387465e-01,1.438698434448121843e-01,5.221241538076636379e-01,-2.440752762934180753e-01,2.454179265159443513e-01,-1.366108397516516970e-01,7.424533263744981237e-01,6.284390419370263769e-01,2.086879862016762788e-01,3.631795670494293304e-01,-1.828948979202575098e-01,6.295202964048430827e-01,4.667666013310388107e-01,6.467322332729927847e-01,2.757934475726019352e-01,6.073300370977086082e-01,3.396326161571821545e-01,5.762003280268804956e-02,4.359484302582228854e-01,8.702135560430989542e-03,5.892757710727776210e-01,5.013808560573650430e-01,4.157746537892539895e-01,1.000000000000000000e+00,6.349339216951619402e-01,7.198576300825988428e-01,6.021320115154017438e-01,5.486890195140460280e-01,1.053951586346075359e-01,5.599893356286967938e-01,5.399031609790957420e-01,5.156114302716132691e-01,4.552487137186894683e-02,1.054033004776230992e-01,4.272540671808563451e-01,7.368806419536140240e-01,6.304927507119449936e-01
3.648279348472515671e-01,4.579045385790658229e-01,4.065615909039219100e-01,6.976171959808399881e-02,3.186473111908741385e-01,-9.507100274662273059e-03,1.966132254391387557e-01,2.810131526445941094e-02,6.646446635859857288e-01,3.876197336798090642e-01,2.462450344396265589e-01,4.224913760140373009e-01,-3.149780129311425814e-01,3.930984996300063705e-01,2.262646917530493074e-01,4.115922236990171013e-01,1.463807533702849994e-01,3.225990029481441979e-01,3.647648417816334865e-01,1.245326579039549991e-01,3.907711144180074370e-01,2.696033978771028017e-01,3.560080656080704120e-01,5.384901471870846557e-01,1.946164942684377175e-01,6.349339216951619402e-01,1.000000000000000000e+00,5.271083939065580592e-01,4.003900822394611536e-01,3.969194943916447560e-01,2.669884718195619233e-01,5.244738278199384540e-01,4.536648066621574715e-01,4.962938558786292864e-01,2.699793830401807457e-03,1.312584588344710146e-01,4.439311776943907217e-01,4.479261106888134392e-01,5.772436825409693606e-01
5.710124509176012220e-01,5.373587483832286127e-01,5.843148979885277594e-01,4.664477811169189803e-01,5.215424896018487910e-01,-1.884271912881635147e-01,5.034988798234206753e-01,8.878833731012206534e-03,6.723827160616777654e-01,6.320171610160297826e-01,5.351925259426093540e-02,3.733985297256267044e-01,-2.034670857268081889e-01,6.366405365114037318e-01,4.400633796732182357e-01,6.637261392278658301e-01,1.769725468166642723e-01,4.591664178498939264e-01,4.114966846675240930e-01,4.685741698745420902e-01,7.191032151086881319e-01,2.398584696390445303e-01,5.871340533215191337e-01,5.707128778963724836e-01,4.549362665480222723e-01,7.198576300825988428e-01,5.271083939065580592e-01,1.000000000000000000e+00,6.761021647392563283e-01,6.451795108943384482e-01,1.850745056100223662e-01,5.011005370146750515e-01,7.320371509317763481e-01,5.172466667879929147e-01,3.556189740445694358e-01,1.336059325199390468e-01,5.587687457688379489e-01,5.746393229660490265e-01,4.403984899272094244e-01
7.097644992714019496e-01,6.517018679977792939e-01,3.141344431335855170e-01,3.401297943035629934e-01,3.714864249258588158e-01,1.105077398621033546e-01,3.500552102335685589e-01,-7.518497493331816051e-02,5.487224862328657915e-01,7.300156778955865233e-01,-1.247602686287308388e-01,5.242195171914684204e-01,-2.220076775626891041e-01,6.911024719101490632e-01,5.238812693379972796e-01,6.848255125936787424e-01,1.767871565819165991e-01,4.669680431023164324e-01,3.216697423241928200e-01,3.931767068858047498e-01,5.601694982060169137e-01,3.237486355728042553e-01,5.664834197414673200e-01,4.618706408165915156e-01,4.430438004185899836e-01,6.021320115154017438e-01,4.003900822394611536e-01,6.761021647392563283e-01,1.000000000000000000e+00,5.700903612306593704e-01,2.295810141769151491e-01,7.058670187903630655e-01,7.477645600828106698e-01,2.923452745537943320e-01,5.200531116376251317e-01,1.178547082001365626e-01,7.498564628499047036e-01,4.971594014540415829e-01,4.151610816403098481e-01
6.233439651678983617e-01,6.008692815530435327e-01,4.998359405236027508e-01,4.157895799414770277e-01,5.132105699759050843e-01,-2.899495261068583130e-01,3.125942232124369058e-01,-1.372757620663373757e-01,6.840051759285993294e-01,7.601357285805051545e-01,6.102151255589165213e-02,4.438187485632861251e-01,-9.950292859365460207e-02,7.253526580368386822e-01,3.362556724541734265e-01,7.556923617679058847e-01,2.552193699080956835e-01,3.252822136592997682e-01,2.362634012380248061e-01,1.896129942274808189e-01,4.273490317286747220e-01,-3.327715400722495998e-02,7.165851325662571103e-01,6.140881161597178117e-01,6.093144194279505044e-01,5.486890195140460280e-01,3.969194943916447560e-01,6.451795108943384482e-01,5.700903612306593704e-01,1.000000000000000000e+00,1.370196571083749093e-01,5.810401752189773283e-01,5.177453293280712687e-01,4.473538808598274130e-01,1.574974140716670912e-01,1.636854816422345649e-01,5.641175663365342041e-01,4.701547856201668263e-01,5.115599875747068870e-01
1.125781531961191489e-01,1.224061360432832368e-01,3.240235401053756514e-01,6.761428219071484447e-02,1.602084244751065534e-01,3.283492710669042580e-01,1.489654215441290896e-01,-1.689021636478048316e-01,2.577850475866498292e-01,1.399232577997487348e-01,-1.426140673606111353e-01,1.431935318866120466e-01,-4.682052635667265372e-01,1.970132284116459520e-01,-4.545256818597374210e-02,1.005651274674873447e-01,9.500584159545509902e-03,4.012278584042723584e-02,1.191821765031968877e-01,1.330841758963127452e-01,2.348670893691797833e-03,3.201097104185997577e-01,3.483489073218484083e-02,2.219382009549779045e-01,7.270338309834001311e-02,1.053951586346075359e-01,2.669884718195619233e-01,1.850745056100223662e-01,2.295810141769151491e-01,1.370196571083749093e-01,1.000000000000000000e+00,3.438303175013661117e-01,4.505134042324246968e-01,3.705096955159719041e-01,3.543454400170711338e-01,1.050645367124320995e-01,3.592018905555855457e-01,-1.172534625336676128e-01,5.432840960213520393e-02
5.945574670987130439e-01,5.997681563637446978e-01,3.412941461382115738e-01,2.226017478437544439e-01,4.232463437459363376e-01,9.572859817022168205e-02,1.456665587369899983e-01,-1.893690372040128800e-01,6.306141380826943976e-01,6.409276619097851180e-01,9.358204068773577633e-02,6.816399086144566688e-01,-2.730598368598198822e-01,7.206106206893170274e-01,5.354239513137135642e-01,6.289834564514992232e-01,3.047682169773358041e-01,4.824923231780007815e-01,3.561979983937911820e-01,1.364880930005977488e-01,3.256757818819125405e-01,1.521328495193325914e-01,6.330696448308882340e-01,5.210275287096327590e-01,5.145525158788346598e-01,5.599893356286967938e-01,5.244738278199384540e-01,5.011005370146750515e-01,7.058670187903630655e-01,5.810401752189773283e-01,3.438303175013661117e-01,1.000000000000000000e+00,6.141802110371586965e-01,4.443779596861304748e-01,3.729500795760284926e-01,2.447582579626569610e-01,7.447766568492608652e-01,4.807803183844409634e-01,6.568078156783118127e-01
5.217523434438079422e-01,5.240260677305625947e-01,4.788711560460639505e-01,3.719190539160831532e-01,3.409513076867151105e-01,7.903402544500813531e-02,3.586801595676466503e-01,-1.066914692921609731e-01,5.476831488498485889e-01,6.122576174943525906e-01,-1.256745973063421729e-01,4.479535397433210275e-01,-2.712741582720232247e-01,5.919396015841525971e-01,4.428690259765801773e-01,6.094610139766318824e-01,2.380474743918892244e-01,3.889359651292341735e-01,3.267290490198145880e-01,4.564417825250270955e-01,6.134857439330267947e-01,4.176549977978187833e-01,5.393965072039060837e-01,5.176650470334979159e-01,4.470661623745091906e-01,5.399031609790957420e-01,4.536648066621574715e-01,7.320371509317763481e-01,7.477645600828106698e-01,5.177453293280712687e-01,4.505134042324246968e-01,6.141802110371586965e-01,1.000000000000000000e+00,3.699721747756002377e-01,5.362911076948218003e-01,2.445977119734532856e-01,7.389523664144713733e-01,4.199705047648031875e-01,3.557393814985710390e-01
2.541231800206669167e-01,2.398495664943732786e-01,7.017059142828601104e-01,2.912556541290979295e-01,7.640355699445886550e-01,-1.686602758215861031e-01,2.011936114387134489e-01,-2.065451579104452540e-01,6.831114780642482120e-01,3.282378610625985016e-01,2.407885301023497682e-01,3.501893978800416085e-01,-3.432958279419669467e-01,5.250730051015940480e-01,2.449789020442158793e-01,3.269389020276406987e-01,1.859759923032490991e-01,4.088469168697106970e-01,5.284084500013898067e-01,2.691237305231430343e-01,3.230111861869167655e-01,-1.732443801686319937e-03,3.290022389812476411e-01,4.860107539755106898e-01,2.905633570150926714e-01,5.156114302716132691e-01,4.962938558786292864e-01,5.172466667879929147e-01,2.923452745537943320e-01,4.473538808598274130e-01,3.705096955159719041e-01,4.443779596861304748e-01,3.699721747756002377e-01,1.000000000000000000e+00,3.568474656705628023e-02,8.183072019134175756e-02,3.308127636990527143e-01,3.924713023052029959e-01,4.946363496512847235e-01
2.363735469765123609e-01,1.420465758276157342e-01,1.180183258059743362e-01,2.730730140389918681e-01,5.254579527779056070e-02,2.992203559223806653e-01,3.219382117713190938e-01,1.449051299485462629e-01,6.121794283605493103e-02,2.348811306575886160e-01,-3.563841185810107115e-01,2.521484559100147238e-01,-2.317535698978583636e-01,3.173915479856418420e-01,2.064232637101855727e-01,2.194413392665581219e-01,-1.019202142247390974e-01,7.596526465206070167e-02,2.464775190800609639e-01,5.003738571705079741e-01,4.167322309454759011e-01,3.637798695664961612e-01,2.033229502425117907e-01,2.694504270301002480e-01,2.453649636678680857e-01,4.552487137186894683e-02,2.699793830401807457e-03,3.556189740445694358e-01,5.200531116376251317e-01,1.574974140716670912e-01,3.543454400170711338e-01,3.729500795760284926e-01,5.362911076948218003e-01,3.568474656705628023e-02,1.000000000000000000e+00,1.843156569148211577e-01,5.335960984412867480e-01,1.121808907692069257e-02,-6.147660602398403312e-02
6.634948081176465610e-03,1.301913591540247717e-02,2.072523566761954317e-01,-5.361734974030193945e-02,6.086620966144798417e-02,2.475144391903736502e-02,-7.435317143681090257e-02,-2.558465103506908367e-01,1.286206037532587887e-01,1.385110112213953082e-01,-2.061383377189530616e-02,1.515504949442527394e-01,-1.944176261510976444e-01,2.121143002751489093e-01,2.685422675251303293e-01,2.135401256786394197e-01,2.877906945441702780e-01,1.599781267920240002e-01,2.284196848440637750e-01,3.098963562724922280e-02,4.632581783325190501e-03,5.903378530185841334e-03,3.766084342553807085e-01,2.335977247252402078e-01,4.568778668170817570e-01,1.054033004776230992e-01,1.312584588344710146e-01,1.336059325199390468e-01,1.178547082001365626e-01,1.636854816422345649e-01,1.050645367124320995e-01,2.447582579626569610e-01,2.445977119734532856e-01,8.183072019134175756e-02,1.843156569148211577e-01,1.000000000000000000e+00,2.800214398347376510e-01,2.041375483097179200e-01,1.913607392850434075e-01
5.135087639943531901e-01,5.145541564491966646e-01,3.368663537341417547e-01,3.747863426367311623e-01,2.638372013271992333e-01,1.706467431926544653e-01,2.291049625828924241e-01,-6.133178608126874792e-02,5.100030042851388945e-01,6.109794211426464727e-01,-2.075126764522801925e-01,5.842284584301220551e-01,-2.762602630948826632e-01,6.181861759421749536e-01,4.780209598841828611e-01,6.142858353407204541e-01,1.571570381616842482e-01,3.730058966866255377e-01,2.726526164563550236e-01,3.760789307981339258e-01,5.179529816521598606e-01,3.272498644151999314e-01,6.140969818070749486e-01,5.215887455825416463e-01,5.055331937407909759e-01,4.272540671808563451e-01,4.439311776943907217e-01,5.587687457688379489e-01,7.498564628499047036e-01,5.641175663365342041e-01,3.592018905555855457e-01,7.447766568492608652e-01,7.389523664144713733e-01,3.308127636990527143e-01,5.335960984412867480e-01,2.800214398347376510e-01,1.000000000000000000e+00,3.668098323248328851e-01,4.345281579616485645e-01
5.426467508364510861e-01,5.149176611243760915e-01,3.425178114093684334e-01,2.214051874363822392e-01,4.651287103095462228e-01,-3.783720773772131230e-01,1.134291208786503274e-01,-2.014291135740492178e-01,6.664913613578764551e-01,5.665039436948170470e-01,3.351066913448276230e-01,4.479952326444098798e-01,-7.109446714593016525e-02,5.900084564984706681e-01,6.562268814347987922e-01,6.146243537366897769e-01,4.004545074587724796e-01,4.510170690686086115e-01,3.363975699682834608e-01,1.071464171013409086e-02,3.267392366329107678e-01,-1.868838791860009396e-01,6.045557511940422568e-01,4.001344417393750130e-01,4.904294953890629971e-01,7.368806419536140240e-01,4.479261106888134392e-01,5.746393229660490265e-01,4.971594014540415829e-01,4.701547856201668263e-01,-1.172534625336676128e-01,4.807803183844409634e-01,4.199705047648031875e-01,3.924713023052029959e-01,1.121808907692069257e-02,2.041375483097179200e-01,3.668098323248328851e-01,1.000000000000000000e+00,6.749391109951345946e-01
4.931148198249128978e-01,5.471534612457099600e-01,3.003814260357718369e-01,1.603915727445726358e-01,4.346430212379552849e-01,-1.678763593198820125e-01,-3.635301475570058144e-02,-1.789910842356093323e-01,7.001422979074030106e-01,5.073650381522233355e-01,3.852565844575388532e-01,6.363088168309157799e-01,-8.865155336010042963e-02,5.435519333145526488e-01,5.542579221502070830e-01,5.361204689571134052e-01,3.658407647079734981e-01,4.381498728717238000e-01,2.482005447541000553e-01,-5.453011084421868077e-02,2.130507412871706918e-01,-1.058347799264653943e-01,5.421969776834059118e-01,3.700506899503805958e-01,4.593569442924492763e-01,6.304927507119449936e-01,5.772436825409693606e-01,4.403984899272094244e-01,4.151610816403098481e-01,5.115599875747068870e-01,5.432840960213520393e-02,6.568078156783118127e-01,3.557393814985710390e-01,4.946363496512847235e-01,-6.147660602398403312e-02,1.913607392850434075e-01,4.345281579616485645e-01,6.749391109951345946e-01,1.000000000000000000e+00
