1.000000000000000000e+00,-3.861505635848198614e-01,6.264083710854153608e-01,-1.736262531887242944e-01,5.011234734307535854e-01,2.942697494619577747e-01,2.227972744849594788e-02,-6.704510925968263368e-01,5.872097082405782764e-01,4.836908469754728213e-01,5.707435202823803871e-02,-4.769834868233369107e-01,-2.700621705654657201e-01,7.223811852280186407e-01,6.724667926688436825e-01,6.631095051194471068e-01,2.981164830776066310e-01,6.374710554123004247e-01,-2.259659898423284075e-01,-2.198124785308554763e-01,7.344300720381633507e-01,5.849330208127169473e-02,4.324152221158160114e-01,4.483498772352662032e-01,3.938671297986012787e-01,8.139906462231673023e-01,2.282646875065600864e-03,5.427575087339765458e-01,8.080888408717811222e-01,8.273571936356626244e-01,4.329352689457184322e-01,-5.956855192250445352e-01,7.295251259175948855e-01,-1.820938212079080687e-01,6.987912033517706956e-01,2.803006409268260501e-01,-1.903672438523545951e-03,8.409388156215591437e-01,-6.536039020130076649e-01
-3.861505635848198614e-01,1.000000000000000000e+00,-2.196602720001966311e-02,8.383441791044145275e-03,2.529727543780158072e-02,-2.394861390259760692e-01,2.310622177245564846e-01,7.684663045091580380e-02,4.579272423228486488e-02,2.324563834775689453e-01,1.757589268850826003e-01,5.790804283753993031e-01,3.456453887011299853e-01,-1.243506418527691448e-01,-2.515286805815392657e-01,-1.258106279698267826e-01,1.778687411501133075e-01,-2.788227253749290813e-01,4.631472504139895752e-01,8.428057103829023067e-02,-1.864164165472633194e-01,2.327502895359535307e-01,-5.728439486641601769e-02,-1.804603332759754653e-01,-1.475110488178517643e-01,-2.829888346454150216e-01,4.632227230133680873e-01,-1.752363473828336404e-01,-4.066231031821793129e-01,-3.304186473459040374e-01,1.001072652547179836e-01,5.918158649671900751e-01,-1.812327099770180971e-01,2.769832808670230628e-01,-2.623867938000908895e-01,2.825779852284743265e-01,1.455050078684824999e-01,-3.392188113989982878e-01,6.624130585445570096e-01
6.264083710854153608e-01,-2.196602720001966311e-02,1.000000000000000000e+00,-1.490554703575554807e-01,6.702300721678929873e-01,1.818902493989321689e-01,3.141842048334972937e-01,-8.900124891634039193e-01,5.845100071660395136e-01,6.099825738848776435e-01,2.252911064269346453e-01,-3.820407670290541097e-02,-2.595784932333398271e-02,7.276732896764057656e-01,5.833373851635341722e-01,4.903620813764402175e-01,5.147073683354432827e-01,5.604267226246736344e-01,2.044949816841689638e-01,-3.568423722133073905e-01,7.293800081243401179e-01,1.449752100984679215e-01,4.321384108617715158e-01,4.408800335140847237e-01,3.356339384770664069e-01,7.635750631308856340e-01,4.897090793242892537e-01,4.479781805971108644e-01,6.565395754207046242e-01,7.042061758839669450e-01,6.518296780660500778e-01,-2.018055485269303895e-01,7.644742124539058992e-01,-2.458328358918785567e-02,6.956894581782371301e-01,4.701324028403983113e-01,1.078028480767372344e-01,6.641537435310436166e-01,-3.301789062416886078e-01
-1.736262531887242944e-01,8.383441791044145275e-03,-1.490554703575554807e-01,1.000000000000000000e+00,-3.889689807259542609e-01,3.235133133907908132e-01,3.711648155318628128e-02,2.082467982085433045e-01,-3.507600864469647139e-01,-1.008183959715880651e-01,-2.510602272341044272e-01,-3.097171213577813997e-01,1.599338803300262846e-01,-3.609259503284537596e-01,-5.209205631448925455e-01,-9.364184862908236928e-02,-3.380519919860451861e-01,-2.157957014361646178e-02,-2.024440232827384445e-01,1.036025867251893079e-01,-3.479105159951977333e-01,-3.484617196855206434e-01,7.987376335921382575e-02,2.671754632453465783e-01,2.999285415192350923e-01,-2.390718241556176737e-01,-5.433182606472425347e-02,2.808608144282038199e-01,-1.420650421895136017e-01,-1.271739175730641214e-01,-3.564849930447728799e-01,2.664505944586729735e-01,-1.610544449743531725e-01,-2.058221494018298570e-01,-2.006673104195674517e-01,-1.783033195488869238e-01,4.261022838450831962e-01,-3.586660616824604020e-01,-8.786053130214299678e-02
5.011234734307535854e-01,2.529727543780158072e-02,6.702300721678929873e-01,-3.889689807259542609e-01,1.000000000000000000e+00,-2.898470397768832529e-01,3.016774126777310716e-01,-6.842085628124656704e-01,6.510815286263385016e-01,6.431860417681511954e-01,1.207813791725755176e-01,2.190486321279509763e-01,-1.672189814901034188e-01,6.529589700618322334e-01,6.908664650720865996e-01,5.444798842540026218e-01,3.806141664121074908e-01,5.754131625530271021e-01,4.348469699699862856e-01,-3.507432115665684580e-01,5.808573215993545480e-01,3.369725983117245471e-01,1.076675858237797351e-01,-3.184488207975139790e-02,-8.341223567353008017e-02,6.292941002366337910e-01,2.871427350503120701e-01,4.149345100957906735e-02,3.889049772926992388e-01,4.851544265351042662e-01,5.375973043065431778e-01,-4.131187208143454193e-01,4.861819333022484035e-01,3.956696393918179289e-01,4.054813162510729208e-01,6.453508268474854592e-01,-3.804878971436834734e-01,6.276616705331308221e-01,-4.348144051798721876e-02
2.942697494619577747e-01,-2.394861390259760692e-01,1.818902493989321689e-01,3.235133133907908132e-01,-2.898470397768832529e-01,1.000000000000000000e+00,-4.037603349414949083e-02,-1.712258408276327581e-01,-1.898946395634920625e-02,-7.821868827439590333e-02,7.144762482010030835e-02,-6.266403468656389641e-01,8.116624336639971515e-02,1.050065645189946772e-01,-2.041361182423435117e-01,1.514541608325481676e-03,6.913719649558254521e-02,-5.916123785187460404e-02,-6.152284434826628123e-01,7.053144382605527896e-02,2.054054554747887784e-01,-3.098017222970184115e-01,6.212490134965762412e-01,7.885796120718040481e-01,7.839760128266113348e-01,2.389341410560257561e-01,7.446425397018796577e-02,5.829066114735881321e-01,4.806340292977875350e-01,3.886688313938678196e-01,6.079292223192848260e-02,1.861767439467342522e-01,4.069136272333512272e-01,-6.459903868087647494e-01,4.506620547395779885e-01,-3.525762956792375391e-01,7.437261879681568155e-01,1.056220722487029723e-01,-5.612991565055621690e-01
2.227972744849594788e-02,2.310622177245564846e-01,3.141842048334972937e-01,3.711648155318628128e-02,3.016774126777310716e-01,-4.037603349414949083e-02,1.000000000000000000e+00,-2.843846320830549224e-01,1.367798874190874203e-01,2.967686454819336572e-01,1.828785260625815368e-01,1.481841748280263715e-01,2.063967006201063992e-01,2.169586850238360010e-01,7.204025768047103706e-02,-4.120103918043927296e-03,3.935243809478195520e-01,7.964595109937355755e-02,3.130208496358433123e-01,-4.500681068698307585e-02,2.231298919520276480e-01,3.115820581581516535e-01,1.397791978977467875e-01,5.920619013674865289e-02,3.342679079622669358e-02,2.086186289359316104e-01,4.143804650620331320e-01,5.001358428713781334e-02,1.009839003321674061e-01,1.583122930889219182e-01,4.101538387112935724e-01,1.632788507383174659e-01,2.240337408389869722e-01,-1.183162691518401151e-02,2.213075156028280199e-01,2.243515055195535179e-01,4.701978048765673851e-02,9.239805934917712238e-02,9.234235033648167945e-02
-6.704510925968263368e-01,7.684663045091580380e-02,-8.900124891634039193e-01,2.082467982085433045e-01,-6.842085628124656704e-01,-1.712258408276327581e-01,-2.843846320830549224e-01,1.000000000000000000e+00,-5.990296478621358611e-01,-6.081558951762735532e-01,-2.116906001843520402e-01,6.331344604248946573e-02,5.055676156507288299e-02,-7.583958644561070717e-01,-6.293390042328576017e-01,-5.147494151295526343e-01,-5.267007385582166412e-01,-5.817615573649895788e-01,-1.869828376587235885e-01,3.549701994699964169e-01,-7.799961206015116888e-01,-1.736714653810072229e-01,-4.171631738494359087e-01,-4.319651393607371048e-01,-3.154107337925572963e-01,-8.001071567033756216e-01,-4.620528285735476248e-01,-4.241721164255158882e-01,-6.910815790414187587e-01,-7.359257934547228652e-01,-6.710879577881172509e-01,2.671660741125664318e-01,-7.851273532138043354e-01,4.265571722795563625e-02,-7.298739030889191959e-01,-4.396124394837997995e-01,-5.945276717763033070e-02,-7.058439878609120699e-01,3.746642533981217049e-01
5.872097082405782764e-01,4.579272423228486488e-02,5.845100071660395136e-01,-3.507600864469647139e-01,6.510815286263385016e-01,-1.898946395634920625e-02,1.367798874190874203e-01,-5.990296478621358611e-01,1.000000000000000000e+00,6.520153070057354006e-01,1.474063259363261880e-01,2.160272021347845947e-02,-8.324863032528573292e-02,6.905458861387756553e-01,5.801081351202812542e-01,5.342551374960999855e-01,3.825988575620785648e-01,4.325610059475229474e-01,1.325968518304760091e-01,-3.094165549941530480e-01,5.998112747762126551e-01,2.701038697857582327e-01,3.359773075318884805e-01,2.367439000926131465e-01,2.228147432692167973e-01,6.417111759239725322e-01,2.548731254581053096e-01,1.885911025057807611e-01,5.258641437554402165e-01,5.981339033356589674e-01,5.545381424949282767e-01,-3.030855012889734912e-01,5.749252311291427331e-01,1.749314347962989402e-01,5.032669478376289307e-01,5.794107385237912133e-01,-9.881317677427307877e-02,6.681731676529543140e-01,-1.373914273719177848e-01
4.836908469754728213e-01,2.324563834775689453e-01,6.099825738848776435e-01,-1.008183959715880651e-01,6.431860417681511954e-01,-7.821868827439590333e-02,2.967686454819336572e-01,-6.081558951762735532e-01,6.520153070057354006e-01,1.000000000000000000e+00,1.339962129683563985e-01,1.267366982162727307e-01,2.954673345285247638e-02,5.998051499040174539e-01,4.503531345484456105e-01,6.918613093356720256e-01,3.940779702996384248e-01,5.554537566415800320e-01,3.614614210103510583e-01,-3.424939140046716068e-01,5.515510407553869676e-01,2.577037005591231167e-01,3.914259933780790957e-01,1.743370671298826169e-01,2.254602939580467869e-01,5.949963767606976095e-01,4.142754338265847713e-01,2.068628183556255884e-01,3.859315979602764290e-01,5.601050628722502589e-01,5.097787262721117374e-01,-2.035152303160303044e-01,5.366565818356848760e-01,1.759352117860037701e-01,3.958856086422650189e-01,6.447917982784117097e-01,-9.694322774810568144e-02,4.969607831036336187e-01,-5.451478755127282111e-02
5.707435202823803871e-02,1.757589268850826003e-01,2.252911064269346453e-01,-2.510602272341044272e-01,1.207813791725755176e-01,7.144762482010030835e-02,1.828785260625815368e-01,-2.116906001843520402e-01,1.474063259363261880e-01,1.339962129683563985e-01,1.000000000000000000e+00,1.366777615208260854e-01,1.180941756278305749e-01,2.675661992492228691e-01,1.264453906074750333e-01,-2.470841409788420220e-02,4.429119823142444456e-01,-5.926874470429250447e-02,1.431793173274014119e-01,5.921167764289447105e-02,2.795245323187823261e-01,2.156067118357714585e-01,2.512235420267009967e-01,1.528733855061656377e-01,1.738805747540150271e-01,1.984170980405083606e-01,4.581885949121619617e-01,4.645571387305674066e-02,1.578330286444529218e-01,1.471609798438680561e-01,2.822851739917218161e-01,1.936314900908769621e-01,2.240521697045093075e-01,-1.495478140107090181e-01,2.923827729258387520e-01,9.095472292743526921e-02,1.871602237750392139e-01,7.232525523552588154e-02,-4.384659455085769542e-02
-4.769834868233369107e-01,5.790804283753993031e-01,-3.820407670290541097e-02,-3.097171213577813997e-01,2.190486321279509763e-01,-6.266403468656389641e-01,1.481841748280263715e-01,6.331344604248946573e-02,2.160272021347845947e-02,1.267366982162727307e-01,1.366777615208260854e-01,1.000000000000000000e+00,2.021446381437907169e-01,-1.252066821499286386e-01,8.803022428111779291e-03,-1.473008160079474216e-01,8.973040343871128977e-02,-1.231951651145688359e-01,7.607621268905353507e-01,-5.386562457416243371e-02,-1.749843709182164475e-01,3.457892914912870652e-01,-3.655562024050753589e-01,-5.495369397678074863e-01,-5.303228729976680045e-01,-3.004586307429851777e-01,3.428526545437416417e-01,-5.422678970268207665e-01,-5.084129239879807693e-01,-4.182602556996557475e-01,1.043016153748033137e-01,3.129248419427558825e-01,-3.008940791310565355e-01,5.930413777436612799e-01,-3.543714407578982262e-01,3.143422050408810620e-01,-3.429641897279137042e-01,-2.899633072427932334e-01,7.482154782977739060e-01
-2.700621705654657201e-01,3.456453887011299853e-01,-2.595784932333398271e-02,1.599338803300262846e-01,-1.672189814901034188e-01,8.116624336639971515e-02,2.063967006201063992e-01,5.055676156507288299e-02,-8.324863032528573292e-02,2.954673345285247638e-02,1.180941756278305749e-01,2.021446381437907169e-01,1.000000000000000000e+00,-1.567398311120146714e-01,-3.177996763644253542e-01,-2.033617977197090254e-01,2.012515999332907882e-02,-1.804302364987020735e-01,1.391576960604614666e-01,1.578026602880824164e-02,-1.164240628968316316e-01,2.314651980945591631e-02,9.846348660328166358e-02,1.089153715645188730e-01,1.125275020573723167e-01,-1.647475160717288278e-01,2.791660834795311463e-01,2.629890114108346041e-02,-1.787182023940212250e-01,-1.604334871166931131e-01,2.996134896132942108e-02,4.313039767163009408e-01,-4.909840340560258504e-02,-7.543357676278357460e-02,-5.177038374452704039e-02,-5.091048897229448478e-02,2.779231928676608177e-01,-2.980042118959450037e-01,2.272846708615807454e-01
7.223811852280186407e-01,-1.243506418527691448e-01,7.276732896764057656e-01,-3.609259503284537596e-01,6.529589700618322334e-01,1.050065645189946772e-01,2.169586850238360010e-01,-7.583958644561070717e-01,6.905458861387756553e-01,5.998051499040174539e-01,2.675661992492228691e-01,-1.252066821499286386e-01,-1.567398311120146714e-01,1.000000000000000000e+00,6.995361109090425522e-01,5.461004455506908162e-01,6.147919972174016312e-01,5.045007271865544762e-01,5.503443275368055665e-02,-2.105440379840965714e-01,8.130485769674236085e-01,3.021353067914601120e-01,4.641971541822853542e-01,3.438988525496508020e-01,2.865160320797576210e-01,8.342091335458792223e-01,3.510275690931416448e-01,3.029012880194029700e-01,7.271205780446379219e-01,7.701997080352082081e-01,7.312409235719252720e-01,-4.099116670509300175e-01,7.990717857975870864e-01,-1.354899827097022502e-01,7.468931546292815193e-01,4.478508240142810015e-01,-6.538179135019038524e-02,7.869071545635495379e-01,-4.448229705513718213e-01
6.724667926688436825e-01,-2.515286805815392657e-01,5.833373851635341722e-01,-5.209205631448925455e-01,6.908664650720865996e-01,-2.041361182423435117e-01,7.204025768047103706e-02,-6.293390042328576017e-01,5.801081351202812542e-01,4.503531345484456105e-01,1.264453906074750333e-01,8.803022428111779291e-03,-3.177996763644253542e-01,6.995361109090425522e-01,1.000000000000000000e+00,5.696705092444693808e-01,3.646720157682634134e-01,6.369963052707670048e-01,1.996376488489565448e-01,-2.417981405273206541e-01,6.671201205650835186e-01,3.485796144353029424e-01,4.185510606494026453e-02,-3.969863768197385429e-02,-1.053294715223504763e-01,6.773996985769631385e-01,4.372895658110216577e-02,1.677773080221826585e-01,5.338302046565417402e-01,5.886040046865465003e-01,4.835109238456377634e-01,-6.430287203518646466e-01,5.408651153867293226e-01,2.259731981737028716e-01,4.886820396584450887e-01,4.406066400974009145e-01,-4.213653120648057637e-01,7.904234620121116661e-01,-2.786708966596432857e-01
6.631095051194471068e-01,-1.258106279698267826e-01,4.903620813764402175e-01,-9.364184862908236928e-02,5.444798842540026218e-01,1.514541608325481676e-03,-4.120103918043927296e-03,-5.147494151295526343e-01,5.342551374960999855e-01,6.918613093356720256e-01,-2.470841409788420220e-02,-1.473008160079474216e-01,-2.033617977197090254e-01,5.461004455506908162e-01,5.696705092444693808e-01,1.000000000000000000e+00,1.172582352663441158e-01,6.814852572181850920e-01,9.773795798011929159e-02,-2.544075344831918661e-01,5.270265597537023838e-01,1.259872021202184389e-01,2.988825211786975133e-01,1.592623078533457193e-01,1.961388142965528880e-01,5.899029060659046753e-01,4.033493329087612517e-02,3.314917315239310214e-01,4.552342181432390000e-01,5.914514515032200936e-01,2.251535026944695428e-01,-5.185619628632519573e-01,4.787473210141732216e-01,1.900947466572893985e-01,3.336468302949869291e-01,5.216004413766188730e-01,-1.815839319416820419e-01,6.110099153120187587e-01,-2.735260401714045830e-01
2.981164830776066310e-01,1.778687411501133075e-01,5.147073683354432827e-01,-3.380519919860451861e-01,3.806141664121074908e-01,6.913719649558254521e-02,3.935243809478195520e-01,-5.267007385582166412e-01,3.825988575620785648e-01,3.940779702996384248e-01,4.429119823142444456e-01,8.973040343871128977e-02,2.012515999332907882e-02,6.147919972174016312e-01,3.646720157682634134e-01,1.172582352663441158e-01,1.000000000000000000e+00,1.052808474582172249e-01,1.410017684917883041e-01,-1.336802808475735516e-01,5.771113443535754728e-01,3.032830556705429781e-01,3.197666655570584604e-01,2.317036897323187239e-01,1.419592760843708390e-01,5.179092466704040554e-01,5.116709215607199157e-01,1.523268505214074864e-01,4.414402494506424746e-01,4.598194126254078751e-01,7.135594766210886508e-01,3.885404485611582137e-02,5.849281964608842310e-01,-2.576608219143935452e-01,6.132458912594497269e-01,2.206038274246832631e-01,8.386907730504526703e-02,3.975451135827688942e-01,-1.878192269187611008e-01
6.374710554123004247e-01,-2.788227253749290813e-01,5.604267226246736344e-01,-2.157957014361646178e-02,5.754131625530271021e-01,-5.916123785187460404e-02,7.964595109937355755e-02,-5.817615573649895788e-01,4.325610059475229474e-01,5.554537566415800320e-01,-5.926874470429250447e-02,-1.231951651145688359e-01,-1.804302364987020735e-01,5.045007271865544762e-01,6.369963052707670048e-01,6.814852572181850920e-01,1.052808474582172249e-01,1.000000000000000000e+00,2.536190467833234763e-01,-3.794615458607050185e-01,5.389066862430834659e-01,9.714809252033780596e-02,1.337165519210675446e-01,1.097003845464233629e-01,8.978305878921602479e-02,6.195672548308058802e-01,1.828126655974004686e-02,3.402463774378762795e-01,4.850670796857489142e-01,5.933428816860062405e-01,2.864574071694958035e-01,-5.800680197942298388e-01,4.859780615606572596e-01,1.862079273527366685e-01,3.886560864947614102e-01,3.876770760835915874e-01,-2.447393012734435658e-01,6.035243908441138005e-01,-3.348168517754614437e-01
-2.259659898423284075e-01,4.631472504139895752e-01,2.044949816841689638e-01,-2.024440232827384445e-01,4.348469699699862856e-01,-6.152284434826628123e-01,3.130208496358433123e-01,-1.869828376587235885e-01,1.325968518304760091e-01,3.614614210103510583e-01,1.431793173274014119e-01,7.607621268905353507e-01,1.391576960604614666e-01,5.503443275368055665e-02,1.996376488489565448e-01,9.773795798011929159e-02,1.410017684917883041e-01,2.536190467833234763e-01,1.000000000000000000e+00,-2.340142248506828504e-01,3.925118234513271659e-02,3.762342056802930879e-01,-2.759290123357634461e-01,-4.693897053835406896e-01,-4.526965650972031296e-01,-4.485830511767043005e-02,4.078854050393541653e-01,-3.759465884020358750e-01,-3.143564465732954227e-01,-1.744477467746486654e-01,2.136546278303252666e-01,1.091192881707987034e-01,-1.089191549058350084e-01,5.901388916617970049e-01,-1.869256907816208846e-01,4.477410905132158669e-01,-3.966339129111302042e-01,-8.002325782340467819e-02,5.747816393227154208e-01
-2.198124785308554763e-01,8.428057103829023067e-02,-3.568423722133073905e-01,1.036025867251893079e-01,-3.507432115665684580e-01,7.053144382605527896e-02,-4.500681068698307585e-02,3.549701994699964169e-01,-3.094165549941530480e-01,-3.424939140046716068e-01,5.921167764289447105e-02,-5.386562457416243371e-02,1.578026602880824164e-02,-2.105440379840965714e-01,-2.417981405273206541e-01,-2.544075344831918661e-01,-1.336802808475735516e-01,-3.794615458607050185e-01,-2.340142248506828504e-01,1.000000000000000000e+00,-2.073666552933786100e-01,1.567941977733017522e-01,-6.332354034154474842e-02,-5.963121288295036848e-02,-2.352385993488739779e-02,-2.731208414855606503e-01,-1.053449095079046355e-01,-1.149387004126680989e-01,-1.808380763081174070e-01,-2.611269866452254340e-01,-1.693728933070552667e-01,1.482797202116661606e-01,-1.949260318896109956e-01,-1.588346398133144155e-01,-1.882613666252292706e-01,-2.584795346655076043e-01,8.472253147520585059e-02,-2.417584884067585649e-01,4.457720275404298410e-02
7.344300720381633507e-01,-1.864164165472633194e-01,7.293800081243401179e-01,-3.479105159951977333e-01,5.808573215993545480e-01,2.054054554747887784e-01,2.231298919520276480e-01,-7.799961206015116888e-01,5.998112747762126551e-01,5.515510407553869676e-01,2.795245323187823261e-01,-1.749843709182164475e-01,-1.164240628968316316e-01,8.130485769674236085e-01,6.671201205650835186e-01,5.270265597537023838e-01,5.771113443535754728e-01,5.389066862430834659e-01,3.925118234513271659e-02,-2.073666552933786100e-01,1.000000000000000000e+00,2.496857882741469747e-01,4.508321277887689660e-01,4.179239069319841127e-01,3.302199982848467164e-01,8.386319667247987830e-01,3.646020784761125899e-01,3.751915644307545761e-01,7.674013422816773344e-01,7.840569871334486240e-01,7.020337970268019090e-01,-3.711485922498665158e-01,8.086050627776751876e-01,-1.941081205014453803e-01,7.950321655938865639e-01,2.935847914344244525e-01,1.299881029947907128e-02,7.541256282188387727e-01,-4.941604462134868148e-01
5.849330208127169473e-02,2.327502895359535307e-01,1.449752100984679215e-01,-3.484617196855206434e-01,3.369725983117245471e-01,-3.098017222970184115e-01,3.115820581581516535e-01,-1.736714653810072229e-01,2.701038697857582327e-01,2.577037005591231167e-01,2.156067118357714585e-01,3.457892914912870652e-01,2.314651980945591631e-02,3.021353067914601120e-01,3.485796144353029424e-01,1.259872021202184389e-01,3.032830556705429781e-01,9.714809252033780596e-02,3.762342056802930879e-01,1.567941977733017522e-01,2.496857882741469747e-01,1.000000000000000000e+00,-4.339412109923970057e-02,-2.382761349700785736e-01,-2.158324566195387317e-01,1.687041358832339077e-01,2.029364750879704693e-01,-2.041183483452562175e-01,7.239990736811259542e-03,8.502807543887912212e-02,4.099150508337285337e-01,-5.848584376399843660e-02,1.458597128324701786e-01,2.146321133865942976e-01,1.046505316535445013e-01,2.806743162222116728e-01,-3.190757721153109072e-01,2.005128914340108259e-01,2.091998768543630038e-01
4.324152221158160114e-01,-5.728439486641601769e-02,4.321384108617715158e-01,7.987376335921382575e-02,1.076675858237797351e-01,6.212490134965762412e-01,1.397791978977467875e-01,-4.171631738494359087e-01,3.359773075318884805e-01,3.914259933780790957e-01,2.512235420267009967e-01,-3.655562024050753589e-01,9.846348660328166358e-02,4.641971541822853542e-01,4.185510606494026453e-02,2.988825211786975133e-01,3.197666655570584604e-01,1.337165519210675446e-01,-2.759290123357634461e-01,-6.332354034154474842e-02,4.508321277887689660e-01,-4.339412109923970057e-02,1.000000000000000000e+00,6.767138007889680340e-01,7.852707089308966770e-01,5.097259139971308528e-01,3.470659836132183873e-01,4.331318919297603154e-01,5.903872280891335755e-01,5.950860056934320630e-01,4.413586367853480352e-01,5.155660131618925585e-02,6.191219655844607539e-01,-5.348502272919415379e-01,5.934990609919157389e-01,3.679831426759017088e-02,4.852673454584968127e-01,3.380607758744154090e-01,-4.713579796978795700e-01
4.483498772352662032e-01,-1.804603332759754653e-01,4.408800335140847237e-01,2.671754632453465783e-01,-3.184488207975139790e-02,7.885796120718040481e-01,5.920619013674865289e-02,-4.319651393607371048e-01,2.367439000926131465e-01,1.743370671298826169e-01,1.528733855061656377e-01,-5.495369397678074863e-01,1.089153715645188730e-01,3.438988525496508020e-01,-3.969863768197385429e-02,1.592623078533457193e-01,2.317036897323187239e-01,1.097003845464233629e-01,-4.693897053835406896e-01,-5.963121288295036848e-02,4.179239069319841127e-01,-2.382761349700785736e-01,6.767138007889680340e-01,1.000000000000000000e+00,8.217734259613881376e-01,4.698176108516607385e-01,2.904004155693540867e-01,6.214735755916346305e-01,6.370377856784070758e-01,5.678690220219967388e-01,2.792562843017541430e-01,1.352982467053140681e-01,5.947879739202349691e-01,-5.884772266969994226e-01,6.310770334273382298e-01,-1.059476512011837263e-01,7.012713158250595269e-01,2.814208991607692334e-01,-5.978137963584588821e-01
3.938671297986012787e-01,-1.475110488178517643e-01,3.356339384770664069e-01,2.999285415192350923e-01,-8.341223567353008017e-02,7.839760128266113348e-01,3.342679079622669358e-02,-3.154107337925572963e-01,2.228147432692167973e-01,2.254602939580467869e-01,1.738805747540150271e-01,-5.303228729976680045e-01,1.125275020573723167e-01,2.865160320797576210e-01,-1.053294715223504763e-01,1.961388142965528880e-01,1.419592760843708390e-01,8.978305878921602479e-02,-4.526965650972031296e-01,-2.352385993488739779e-02,3.302199982848467164e-01,-2.158324566195387317e-01,7.852707089308966770e-01,8.217734259613881376e-01,1.000000000000000000e+00,4.016209693045579843e-01,2.617443854046812013e-01,5.623708328979081239e-01,5.611254896944690707e-01,5.226549881572074563e-01,2.218863208977676083e-01,1.349458950554888459e-01,5.249522144499192411e-01,-5.890693441381094075e-01,5.347236678957145717e-01,-9.651236523754060104e-02,6.834940725346285717e-01,2.134755767001553506e-01,-5.440051472870958138e-01
8.139906462231673023e-01,-2.829888346454150216e-01,7.635750631308856340e-01,-2.390718241556176737e-01,6.292941002366337910e-01,2.389341410560257561e-01,2.086186289359316104e-01,-8.001071567033756216e-01,6.417111759239725322e-01,5.949963767606976095e-01,1.984170980405083606e-01,-3.004586307429851777e-01,-1.647475160717288278e-01,8.342091335458792223e-01,6.773996985769631385e-01,5.899029060659046753e-01,5.179092466704040554e-01,6.195672548308058802e-01,-4.485830511767043005e-02,-2.731208414855606503e-01,8.386319667247987830e-01,1.687041358832339077e-01,5.097259139971308528e-01,4.698176108516607385e-01,4.016209693045579843e-01,1.000000000000000000e+00,2.714326436881413507e-01,4.480523319554072792e-01,8.304387214994491950e-01,8.600337323414456447e-01,6.593531539248767004e-01,-4.821900863789921332e-01,8.360062206291188902e-01,-2.130299544340878148e-01,8.062382179672585858e-01,3.361367316072845224e-01,-3.756466169601804794e-03,8.184562347889264844e-01,-5.949440937576917499e-01
2.282646875065600864e-03,4.632227230133680873e-01,4.897090793242892537e-01,-5.433182606472425347e-02,2.871427350503120701e-01,7.446425397018796577e-02,4.143804650620331320e-01,-4.620528285735476248e-01,2.548731254581053096e-01,4.142754338265847713e-01,4.581885949121619617e-01,3.428526545437416417e-01,2.791660834795311463e-01,3.510275690931416448e-01,4.372895658110216577e-02,4.033493329087612517e-02,5.116709215607199157e-01,1.828126655974004686e-02,4.078854050393541653e-01,-1.053449095079046355e-01,3.646020784761125899e-01,2.029364750879704693e-01,3.470659836132183873e-01,2.904004155693540867e-01,2.617443854046812013e-01,2.714326436881413507e-01,1.000000000000000000e+00,6.703836451078751257e-02,1.469693892790779888e-01,1.900649379131439942e-01,4.942647494613350845e-01,4.313554639668611412e-01,3.669582915359004271e-01,-8.581872447760229006e-02,3.457282668397803627e-01,2.514902978059550542e-01,3.334501642755060558e-01,2.734096618405433554e-02,1.216838292113068543e-01
5.427575087339765458e-01,-1.752363473828336404e-01,4.479781805971108644e-01,2.808608144282038199e-01,4.149345100957906735e-02,5.829066114735881321e-01,5.001358428713781334e-02,-4.241721164255158882e-01,1.885911025057807611e-01,2.068628183556255884e-01,4.645571387305674066e-02,-5.422678970268207665e-01,2.629890114108346041e-02,3.029012880194029700e-01,1.677773080221826585e-01,3.314917315239310214e-01,1.523268505214074864e-01,3.402463774378762795e-01,-3.759465884020358750e-01,-1.149387004126680989e-01,3.751915644307545761e-01,-2.041183483452562175e-01,4.331318919297603154e-01,6.214735755916346305e-01,5.623708328979081239e-01,4.480523319554072792e-01,6.703836451078751257e-02,1.000000000000000000e+00,5.603279304437107644e-01,5.245674705012577377e-01,1.545301138741124736e-01,-7.003939970667766302e-02,5.048242520331391869e-01,-3.562694076377238006e-01,4.899170586382425863e-01,2.604822574114854959e-04,5.123263988630650800e-01,3.854719131082678940e-01,-5.347068061312231224e-01
8.080888408717811222e-01,-4.066231031821793129e-01,6.565395754207046242e-01,-1.420650421895136017e-01,3.889049772926992388e-01,4.806340292977875350e-01,1.009839003321674061e-01,-6.910815790414187587e-01,5.258641437554402165e-01,3.859315979602764290e-01,1.578330286444529218e-01,-5.084129239879807693e-01,-1.787182023940212250e-01,7.271205780446379219e-01,5.338302046565417402e-01,4.552342181432390000e-01,4.414402494506424746e-01,4.850670796857489142e-01,-3.143564465732954227e-01,-1.808380763081174070e-01,7.674013422816773344e-01,7.239990736811259542e-03,5.903872280891335755e-01,6.370377856784070758e-01,5.611254896944690707e-01,8.304387214994491950e-01,1.469693892790779888e-01,5.603279304437107644e-01,1.000000000000000000e+00,8.549454130629658977e-01,5.650695255846450715e-01,-4.149659463644450597e-01,8.215367931010106872e-01,-4.297551441249903292e-01,8.436451090245165041e-01,1.071093537982759636e-01,1.992361798834522135e-01,7.588957936403071258e-01,-7.344353504150497036e-01
8.273571936356626244e-01,-3.304186473459040374e-01,7.042061758839669450e-01,-1.271739175730641214e-01,4.851544265351042662e-01,3.886688313938678196e-01,1.583122930889219182e-01,-7.359257934547228652e-01,5.981339033356589674e-01,5.601050628722502589e-01,1.471609798438680561e-01,-4.182602556996557475e-01,-1.604334871166931131e-01,7.701997080352082081e-01,5.886040046865465003e-01,5.914514515032200936e-01,4.598194126254078751e-01,5.933428816860062405e-01,-1.744477467746486654e-01,-2.611269866452254340e-01,7.840569871334486240e-01,8.502807543887912212e-02,5.950860056934320630e-01,5.678690220219967388e-01,5.226549881572074563e-01,8.600337323414456447e-01,1.900649379131439942e-01,5.245674705012577377e-01,8.549454130629658977e-01,1.000000000000000000e+00,6.013679304794462555e-01,-4.461185786149088339e-01,8.390960808412332161e-01,-3.216735121198510128e-01,8.123849338854357560e-01,2.470964129014841804e-01,1.159000238217460371e-01,7.896036158248347370e-01,-6.617420275292813514e-01
4.329352689457184322e-01,1.001072652547179836e-01,6.518296780660500778e-01,-3.564849930447728799e-01,5.375973043065431778e-01,6.079292223192848260e-02,4.101538387112935724e-01,-6.710879577881172509e-01,5.545381424949282767e-01,5.097787262721117374e-01,2.822851739917218161e-01,1.043016153748033137e-01,2.996134896132942108e-02,7.312409235719252720e-01,4.835109238456377634e-01,2.251535026944695428e-01,7.135594766210886508e-01,2.864574071694958035e-01,2.136546278303252666e-01,-1.693728933070552667e-01,7.020337970268019090e-01,4.099150508337285337e-01,4.413586367853480352e-01,2.792562843017541430e-01,2.218863208977676083e-01,6.593531539248767004e-01,4.942647494613350845e-01,1.545301138741124736e-01,5.650695255846450715e-01,6.013679304794462555e-01,1.000000000000000000e+00,-1.140906223389310387e-01,6.929516506896414851e-01,-1.899641049721109975e-01,6.868090885929768463e-01,2.955365421443430507e-01,-1.461291155221537165e-02,5.516746216465403529e-01,-2.192977104830761692e-01
-5.956855192250445352e-01,5.918158649671900751e-01,-2.018055485269303895e-01,2.664505944586729735e-01,-4.131187208143454193e-01,1.861767439467342522e-01,1.632788507383174659e-01,2.671660741125664318e-01,-3.030855012889734912e-01,-2.035152303160303044e-01,1.936314900908769621e-01,3.129248419427558825e-01,4.313039767163009408e-01,-4.099116670509300175e-01,-6.430287203518646466e-01,-5.185619628632519573e-01,3.885404485611582137e-02,-5.800680197942298388e-01,1.091192881707987034e-01,1.482797202116661606e-01,-3.711485922498665158e-01,-5.848584376399843660e-02,5.155660131618925585e-02,1.352982467053140681e-01,1.349458950554888459e-01,-4.821900863789921332e-01,4.313554639668611412e-01,-7.003939970667766302e-02,-4.149659463644450597e-01,-4.461185786149088339e-01,-1.140906223389310387e-01,1.000000000000000000e+00,-2.660043799977430679e-01,-1.011256793439266055e-01,-2.381335996949599243e-01,-1.890211324409353244e-01,5.649130949719823880e-01,-6.269946232958443222e-01,4.478989074146137450e-01
7.295251259175948855e-01,-1.812327099770180971e-01,7.644742124539058992e-01,-1.610544449743531725e-01,4.861819333022484035e-01,4.069136272333512272e-01,2.240337408389869722e-01,-7.851273532138043354e-01,5.749252311291427331e-01,5.366565818356848760e-01,2.240521697045093075e-01,-3.008940791310565355e-01,-4.909840340560258504e-02,7.990717857975870864e-01,5.408651153867293226e-01,4.787473210141732216e-01,5.849281964608842310e-01,4.859780615606572596e-01,-1.089191549058350084e-01,-1.949260318896109956e-01,8.086050627776751876e-01,1.458597128324701786e-01,6.191219655844607539e-01,5.947879739202349691e-01,5.249522144499192411e-01,8.360062206291188902e-01,3.669582915359004271e-01,5.048242520331391869e-01,8.215367931010106872e-01,8.390960808412332161e-01,6.929516506896414851e-01,-2.660043799977430679e-01,1.000000000000000000e+00,-3.546064329833082396e-01,8.532258388117232029e-01,2.453197426896449873e-01,2.188602553331003842e-01,7.172079912120623568e-01,-5.774118760747904977e-01
-1.820938212079080687e-01,2.769832808670230628e-01,-2.458328358918785567e-02,-2.058221494018298570e-01,3.956696393918179289e-01,-6.459903868087647494e-01,-1.183162691518401151e-02,4.265571722795563625e-02,1.749314347962989402e-01,1.759352117860037701e-01,-1.495478140107090181e-01,5.930413777436612799e-01,-7.543357676278357460e-02,-1.354899827097022502e-01,2.259731981737028716e-01,1.900947466572893985e-01,-2.576608219143935452e-01,1.862079273527366685e-01,5.901388916617970049e-01,-1.588346398133144155e-01,-1.941081205014453803e-01,2.146321133865942976e-01,-5.348502272919415379e-01,-5.884772266969994226e-01,-5.890693441381094075e-01,-2.130299544340878148e-01,-8.581872447760229006e-02,-3.562694076377238006e-01,-4.297551441249903292e-01,-3.216735121198510128e-01,-1.899641049721109975e-01,-1.011256793439266055e-01,-3.546064329833082396e-01,1.000000000000000000e+00,-4.600135179487097048e-01,4.829255419012722927e-01,-5.222508110280227323e-01,-4.682164484470061755e-02,6.112181605122162242e-01
6.987912033517706956e-01,-2.623867938000908895e-01,6.956894581782371301e-01,-2.006673104195674517e-01,4.054813162510729208e-01,4.506620547395779885e-01,2.213075156028280199e-01,-7.298739030889191959e-01,5.032669478376289307e-01,3.958856086422650189e-01,2.923827729258387520e-01,-3.543714407578982262e-01,-5.177038374452704039e-02,7.468931546292815193e-01,4.886820396584450887e-01,3.336468302949869291e-01,6.132458912594497269e-01,3.886560864947614102e-01,-1.869256907816208846e-01,-1.882613666252292706e-01,7.950321655938865639e-01,1.046505316535445013e-01,5.934990609919157389e-01,6.310770334273382298e-01,5.347236678957145717e-01,8.062382179672585858e-01,3.457282668397803627e-01,4.899170586382425863e-01,8.436451090245165041e-01,8.123849338854357560e-01,6.868090885929768463e-01,-2.381335996949599243e-01,8.532258388117232029e-01,-4.600135179487097048e-01,1.000000000000000000e+00,9.620404448749778070e-02,2.541766541562747173e-01,6.788366053501032615e-01,-6.421966554567000163e-01
2.803006409268260501e-01,2.825779852284743265e-01,4.701324028403983113e-01,-1.783033195488869238e-01,6.453508268474854592e-01,-3.525762956792375391e-01,2.243515055195535179e-01,-4.396124394837997995e-01,5.794107385237912133e-01,6.447917982784117097e-01,9.095472292743526921e-02,3.143422050408810620e-01,-5.091048897229448478e-02,4.478508240142810015e-01,4.406066400974009145e-01,5.216004413766188730e-01,2.206038274246832631e-01,3.876770760835915874e-01,4.477410905132158669e-01,-2.584795346655076043e-01,2.935847914344244525e-01,2.806743162222116728e-01,3.679831426759017088e-02,-1.059476512011837263e-01,-9.651236523754060104e-02,3.361367316072845224e-01,2.514902978059550542e-01,2.604822574114854959e-04,1.071093537982759636e-01,2.470964129014841804e-01,2.955365421443430507e-01,-1.890211324409353244e-01,2.453197426896449873e-01,4.829255419012722927e-01,9.620404448749778070e-02,1.000000000000000000e+00,-2.787157137320999678e-01,3.875773912860277504e-01,2.012304662460286386e-01
-1.903672438523545951e-03,1.455050078684824999e-01,1.078028480767372344e-01,4.261022838450831962e-01,-3.804878971436834734e-01,7.437261879681568155e-01,4.701978048765673851e-02,-5.945276717763033070e-02,-9.881317677427307877e-02,-9.694322774810568144e-02,1.871602237750392139e-01,-3.429641897279137042e-01,2.779231928676608177e-01,-6.538179135019038524e-02,-4.213653120648057637e-01,-1.815839319416820419e-01,8.386907730504526703e-02,-2.447393012734435658e-01,-3.966339129111302042e-01,8.472253147520585059e-02,1.299881029947907128e-02,-3.190757721153109072e-01,4.852673454584968127e-01,7.012713158250595269e-01,6.834940725346285717e-01,-3.756466169601804794e-03,3.334501642755060558e-01,5.123263988630650800e-01,1.992361798834522135e-01,1.159000238217460371e-01,-1.461291155221537165e-02,5.649130949719823880e-01,2.188602553331003842e-01,-5.222508110280227323e-01,2.541766541562747173e-01,-2.787157137320999678e-01,1.000000000000000000e+00,-1.839620128033652435e-01,-2.305833012932644310e-01
8.409388156215591437e-01,-3.392188113989982878e-01,6.641537435310436166e-01,-3.586660616824604020e-01,6.276616705331308221e-01,1.056220722487029723e-01,9.239805934917712238e-02,-7.058439878609120699e-01,6.681731676529543140e-01,4.969607831036336187e-01,7.232525523552588154e-02,-2.899633072427932334e-01,-2.980042118959450037e-01,7.869071545635495379e-01,7.904234620121116661e-01,6.110099153120187587e-01,3.975451135827688942e-01,6.035243908441138005e-01,-8.002325782340467819e-02,-2.417584884067585649e-01,7.541256282188387727e-01,2.005128914340108259e-01,3.380607758744154090e-01,2.814208991607692334e-01,2.134755767001553506e-01,8.184562347889264844e-01,2.734096618405433554e-02,3.854719131082678940e-01,7.588957936403071258e-01,7.896036158248347370e-01,5.516746216465403529e-01,-6.269946232958443222e-01,7.172079912120623568e-01,-4.682164484470061755e-02,6.788366053501032615e-01,3.875773912860277504e-01,-1.839620128033652435e-01,1.000000000000000000e+00,-5.185258472933403917e-01
-6.536039020130076649e-01,6.624130585445570096e-01,-3.301789062416886078e-01,-8.786053130214299678e-02,-4.348144051798721876e-02,-5.612991565055621690e-01,9.234235033648167945e-02,3.746642533981217049e-01,-1.373914273719177848e-01,-5.451478755127282111e-02,-4.384659455085769542e-02,7.482154782977739060e-01,2.272846708615807454e-01,-4.448229705513718213e-01,-2.786708966596432857e-01,-2.735260401714045830e-01,-1.878192269187611008e-01,-3.348168517754614437e-01,5.747816393227154208e-01,4.457720275404298410e-02,-4.941604462134868148e-01,2.091998768543630038e-01,-4.713579796978795700e-01,-5.978137963584588821e-01,-5.440051472870958138e-01,-5.949440937576917499e-01,1.216838292113068543e-01,-5.347068061312231224e-01,-7.344353504150497036e-01,-6.617420275292813514e-01,-2.192977104830761692e-01,4.478989074146137450e-01,-5.774118760747904977e-01,6.112181605122162242e-01,-6.421966554567000163e-01,2.012304662460286386e-01,-2.305833012932644310e-01,-5.185258472933403917e-01,1.000000000000000000e+00
