1.000000000000000000e+00,8.045471052253515554e-01,6.303898675169594679e-01,-2.907507386832757779e-01,5.620719632776612906e-01,-4.463831942760574378e-01,-2.048188521983767552e-01,-6.878673654236889812e-01,7.227797303493846970e-01,6.573149502623916174e-01,-4.086298332023480251e-01,7.257487705670397915e-01,-3.271389978372095109e-01,7.077049851073416997e-01,7.163160876043588310e-01,7.622327904113825880e-01,-8.430211647262246533e-02,6.910099092193127124e-01,6.478778637974078602e-01,2.633183454617026853e-01,4.156274560222871228e-01,5.608809453080525476e-01,6.068783513656754725e-01,4.433282843043170329e-01,5.494033279543525383e-01,5.692361718355500866e-01,4.492621970736137560e-01,3.824444302039565202e-01,2.134307556785577931e-02,7.100854439487895853e-01,1.367193315286227562e-01,5.902911532501049496e-01,1.250698061288834373e-01,7.304303499571692671e-01,-2.029989483598563793e-01,7.906631904086004470e-01,3.061653397977853186e-01,6.478160853089006688e-01,8.031615433109917657e-01
8.045471052253515554e-01,1.000000000000000000e+00,7.253710266296021780e-01,-1.447957503405290780e-01,6.230025259589466735e-01,-3.844557145013642874e-01,-4.283810652428538673e-02,-7.160702351340204608e-01,7.609118331793223167e-01,7.798800794507317891e-01,-2.651727604306476360e-01,7.961409089304384290e-01,-3.868247330839686415e-01,8.104660874235516399e-01,6.959102327298321011e-01,8.142733156821341245e-01,-2.487426826323726678e-02,7.731027206389000650e-01,7.500585755419650891e-01,5.294626157997147642e-01,5.531766392060579740e-01,7.607891299617336456e-01,6.849401177178777722e-01,5.792511956199209999e-01,6.257666900623147788e-01,4.885728329582424978e-01,6.562512069246262403e-01,3.720948378406167545e-01,-6.546389822618770005e-02,7.027717051642449198e-01,3.424907562711088649e-01,7.654392560835886483e-01,3.737106368866254802e-01,7.740175352620991545e-01,-1.261869257223949270e-01,7.657421435035525192e-01,4.830521290093463538e-01,4.694666265792707960e-01,8.433463787839747816e-01
6.303898675169594679e-01,7.253710266296021780e-01,1.000000000000000000e+00,-8.884934851398658406e-02,7.731118448490803541e-01,-2.412754051156815738e-01,1.490179182877335029e-01,-8.680452085367197368e-01,7.100140946638795469e-01,7.096973426218919911e-01,-8.017072842833586344e-02,5.985597842697060189e-01,-4.136423661469917357e-01,7.740404593103592523e-01,4.711455022161812334e-01,7.044186089975242870e-01,9.205950936754717095e-02,7.814416471798373287e-01,7.872722375712692955e-01,6.322923902053934064e-01,5.930521493890749118e-01,7.658245706761351856e-01,5.311101707296924657e-01,4.739268409197178178e-01,5.266504159599457724e-01,4.895284687327348117e-01,5.996259811505070259e-01,5.793691003247667393e-01,-1.775900463743302835e-02,6.245609173449543361e-01,5.083610399780734701e-01,6.797851060246239419e-01,5.047820153144717548e-01,7.401639942373857695e-01,2.307810428374847816e-02,6.166049332071512623e-01,5.237974466965841236e-01,2.500429784072647488e-01,7.124205793127310615e-01
-2.907507386832757779e-01,-1.447957503405290780e-01,-8.884934851398658406e-02,1.000000000000000000e+00,-1.163313272164017698e-01,-2.513543182885815547e-02,5.601889939547487485e-01,1.648218374541850495e-01,-1.839926847649431263e-01,-9.899775654561096538e-02,8.144118798849338259e-02,-1.878152164146012493e-01,1.869700256207953160e-01,-1.776215126337877537e-01,-3.527226882756799853e-01,-1.966064467022613227e-01,1.557054070157503911e-01,-1.398040513795822393e-01,-1.495548802206426997e-01,2.533484841790486497e-01,-7.424591993851402394e-02,-6.763708660390742311e-02,-2.182159816859145507e-01,-7.303105462299468165e-02,-1.430616689122391760e-01,-4.747199510657245103e-01,-5.468974317615037800e-02,-3.300747644939880932e-01,-5.617478313843987658e-03,-1.651986348231649360e-01,-1.320043943849940477e-02,-5.372483604992999567e-02,3.296890827049549916e-02,-2.205481658508472165e-01,-1.969044145449227838e-03,-2.029968325192674228e-01,4.147949467500027659e-02,-4.787786238022458396e-01,-1.635681586812774979e-01
5.620719632776612906e-01,6.230025259589466735e-01,7.731118448490803541e-01,-1.163313272164017698e-01,1.000000000000000000e+00,-1.607623898129414142e-01,1.785857044562380869e-01,-7.827285328274884435e-01,7.565081529482130529e-01,6.280677593850410023e-01,9.434438333012055283e-03,4.953167091850875225e-01,-3.514112778635369305e-01,7.177849390307057265e-01,4.016390504092711700e-01,6.198149514315820507e-01,1.686884488834925755e-01,7.121143097608811923e-01,7.515198960539567485e-01,4.582244767573822597e-01,4.062749849600700847e-01,6.027666938062314905e-01,3.757762413370168697e-01,2.620801038401788241e-01,2.898882572475368624e-01,5.302740669374194082e-01,5.779580148797750505e-01,5.938243000402406713e-01,4.218223218153057362e-03,5.616606808941408957e-01,5.552116894204398578e-01,5.762145175643913486e-01,4.065261005866099286e-01,6.571888450626379718e-01,1.097992026938890003e-01,5.270293903834403215e-01,4.916717060062248401e-01,3.018265958918883163e-01,6.206783538513978016e-01
-4.463831942760574378e-01,-3.844557145013642874e-01,-2.412754051156815738e-01,-2.513543182885815547e-02,-1.607623898129414142e-01,1.000000000000000000e+00,3.413280555891207158e-01,3.272965040294842365e-01,-2.089253897992915943e-01,-6.759774195165681177e-02,8.200534653291896570e-01,-5.797004088988368942e-01,2.054930247268251242e-01,-2.047857565429614390e-01,-6.313762673365856948e-01,-2.912173755716773726e-01,4.669054282086619323e-01,-3.822551599113047094e-01,-3.894518443343401026e-01,-5.542008310704175239e-02,-7.736376595475154272e-02,-2.611294167718336556e-01,-3.208018619092943835e-01,-1.686368179960016089e-01,-2.943566764685747739e-01,1.488751553534518358e-02,-2.882285875962316279e-02,1.911257383056940429e-01,5.997255130262941769e-01,-3.039107517389528224e-01,3.393624410574919148e-01,-1.370345603745155294e-01,3.547523676598128284e-01,-5.518344262853477344e-01,7.793813273898624328e-01,-5.209710083626045707e-01,3.703346951339977489e-01,-3.213995252040162676e-01,-3.584779309263103619e-01
-2.048188521983767552e-01,-4.283810652428538673e-02,1.490179182877335029e-01,5.601889939547487485e-01,1.785857044562380869e-01,3.413280555891207158e-01,1.000000000000000000e+00,-7.594630106347378951e-02,5.589526818161177912e-02,1.388837007836019044e-01,4.814837514712786981e-01,-2.593023469876355458e-01,7.670612595330436601e-02,4.004216252291187272e-02,-3.984035145649000298e-01,-5.484627422800641278e-02,4.847257160576038948e-01,4.954365107912209881e-02,3.343556810551943231e-02,3.921691524986410382e-01,6.042358348641880400e-02,1.076322646959680662e-01,-2.168613286050855571e-01,-5.511034761911133562e-02,-1.502740455839327305e-01,-7.391733571273796655e-02,1.832348980172380515e-01,1.534656734429718783e-01,2.737776939220371020e-01,-1.082928067022106283e-01,3.930390886387640781e-01,1.328472590772112050e-01,4.008433434922861749e-01,-1.672149244869707008e-01,4.301887976946090486e-01,-1.650457784127096483e-01,4.426557785539490530e-01,-3.824547076621874209e-01,-3.494124599352343985e-02
-6.878673654236889812e-01,-7.160702351340204608e-01,-8.680452085367197368e-01,1.648218374541850495e-01,-7.827285328274884435e-01,3.272965040294842365e-01,-7.594630106347378951e-02,1.000000000000000000e+00,-7.165544195776960557e-01,-6.531908131768777714e-01,1.856244737270464629e-01,-6.075013194376081005e-01,3.835709933137991801e-01,-7.581416703103499577e-01,-5.284841080781192968e-01,-6.900371101399351836e-01,-6.127910892429189876e-02,-7.900439977576710904e-01,-7.903858004092394474e-01,-4.790980871187794365e-01,-5.131963053132637675e-01,-6.934804138310457500e-01,-5.176503613467928755e-01,-4.056523163717556946e-01,-4.903001727223175177e-01,-5.351905066135468347e-01,-5.467334802284131712e-01,-5.516432349191909834e-01,3.080249233329930905e-02,-5.988074707565199661e-01,-3.963830356294058554e-01,-6.365411021831984817e-01,-3.642628577052664518e-01,-7.605691064978228333e-01,4.629236018702999333e-02,-6.544181472372294639e-01,-4.372910976841354880e-01,-3.633816616082851669e-01,-7.249983934957764387e-01
7.227797303493846970e-01,7.609118331793223167e-01,7.100140946638795469e-01,-1.839926847649431263e-01,7.565081529482130529e-01,-2.089253897992915943e-01,5.589526818161177912e-02,-7.165544195776960557e-01,1.000000000000000000e+00,8.056747758886051436e-01,-5.941833002201216823e-02,6.520964741272294862e-01,-3.832373493164268896e-01,7.696891322755571307e-01,5.542867664492936441e-01,7.955137981182128781e-01,1.207733816259705384e-01,7.158080865822907812e-01,7.316599680743458567e-01,4.243149448694189529e-01,5.147054035930304083e-01,6.367073558678943979e-01,5.568175076853244532e-01,4.231022028069572616e-01,4.427575335178769445e-01,6.503234193965038434e-01,6.823682560480044401e-01,5.779225324477168524e-01,6.825193704889506718e-02,7.120540037897380437e-01,5.552319414278948928e-01,7.017187557408379739e-01,4.112752258423079676e-01,7.120640690599649991e-01,8.410875361786644688e-02,6.527729479410832036e-01,5.527393815731274085e-01,5.509353300640547069e-01,7.937953460615495560e-01
6.573149502623916174e-01,7.798800794507317891e-01,7.096973426218919911e-01,-9.899775654561096538e-02,6.280677593850410023e-01,-6.759774195165681177e-02,1.388837007836019044e-01,-6.531908131768777714e-01,8.056747758886051436e-01,1.000000000000000000e+00,6.229990412224250401e-02,6.302988062404127900e-01,-3.298341576424133614e-01,7.874801843151089109e-01,4.695913295465958814e-01,8.191401122750492370e-01,1.502404936666943136e-01,6.752661307399299151e-01,6.803793500260411076e-01,5.704977367033134961e-01,6.312796019460433783e-01,7.162045174335721631e-01,6.507552291312310722e-01,5.999999959355921675e-01,6.043852880510246495e-01,5.975799136390959054e-01,7.680107940463694050e-01,5.360767507451309477e-01,1.966980173773865415e-01,6.970413801420045630e-01,6.144975968113759457e-01,7.970893584895789585e-01,5.945605238270129655e-01,6.429279805691217042e-01,1.933321267930669940e-01,6.062418200531246582e-01,6.906518651575183076e-01,4.159475202530399374e-01,7.847399245163333426e-01
-4.086298332023480251e-01,-2.651727604306476360e-01,-8.017072842833586344e-02,8.144118798849338259e-02,9.434438333012055283e-03,8.200534653291896570e-01,4.814837514712786981e-01,1.856244737270464629e-01,-5.941833002201216823e-02,6.229990412224250401e-02,1.000000000000000000e+00,-4.934402578262212513e-01,1.202896809378696669e-01,-1.034876389771443167e-01,-6.146001100539499884e-01,-1.785445805725581481e-01,6.320983776278892297e-01,-2.675668472709401557e-01,-2.481443179574848168e-01,1.438442814582022167e-01,8.000589524189723320e-05,-9.182688862514251649e-02,-3.196388964973190250e-01,-1.323076934318450915e-01,-2.698123939889384149e-01,6.318149981849284502e-02,1.454697297524686905e-01,2.687914798843261677e-01,5.053232397392349862e-01,-2.518521446053526569e-01,5.177096168945216625e-01,2.162174886050472031e-04,5.119542893428949970e-01,-4.423933993505664852e-01,7.908049180292122671e-01,-4.623063205086843652e-01,4.801641695563486634e-01,-3.290997808724669405e-01,-2.488857985069594381e-01
7.257487705670397915e-01,7.961409089304384290e-01,5.985597842697060189e-01,-1.878152164146012493e-01,4.953167091850875225e-01,-5.797004088988368942e-01,-2.593023469876355458e-01,-6.075013194376081005e-01,6.520964741272294862e-01,6.302988062404127900e-01,-4.934402578262212513e-01,1.000000000000000000e+00,-3.755607157616891456e-01,7.219604944193890317e-01,8.351650273604375174e-01,7.289664409413231239e-01,-2.667386836059190136e-01,7.241627910426887693e-01,7.387297339006800856e-01,4.399597016302467800e-01,4.881707276342093227e-01,7.279291433181485083e-01,7.288865406986823059e-01,5.743870388154198592e-01,6.388119468165420756e-01,3.753137832978526989e-01,5.868089363323998331e-01,1.977504411256059691e-01,-2.992666472914669584e-01,6.369193179999319554e-01,2.062987336482689504e-01,6.742817877327114129e-01,2.225661549853679699e-01,8.347281232039988064e-01,-3.729917243020619000e-01,7.616369643101562614e-01,2.465554099980768743e-01,5.004799966307516002e-01,7.733727786374852142e-01
-3.271389978372095109e-01,-3.868247330839686415e-01,-4.136423661469917357e-01,1.869700256207953160e-01,-3.514112778635369305e-01,2.054930247268251242e-01,7.670612595330436601e-02,3.835709933137991801e-01,-3.832373493164268896e-01,-3.298341576424133614e-01,1.202896809378696669e-01,-3.755607157616891456e-01,1.000000000000000000e+00,-4.072784165977204052e-01,-3.827828498355655418e-01,-3.360019684937971540e-01,1.985266037401956785e-01,-3.576092255566633016e-01,-4.432478422900642534e-01,-2.375420074707193796e-01,-3.056776788509611431e-01,-4.411456913938164859e-01,-2.102617290219188917e-01,-1.854956395238401001e-01,-2.244854878101059104e-01,-2.154811685517536435e-01,-1.883339736892299110e-01,-4.029518641997396622e-01,2.869346685102284189e-01,-3.473976371071060831e-01,-3.395813552552716108e-01,-2.656394740614457795e-01,-2.169602017421450035e-01,-4.889772114404112857e-01,1.210573150240449591e-01,-4.044459848005317881e-01,-1.689942201454654180e-01,-1.550275267876458085e-01,-3.682411044984549298e-01
7.077049851073416997e-01,8.104660874235516399e-01,7.740404593103592523e-01,-1.776215126337877537e-01,7.177849390307057265e-01,-2.047857565429614390e-01,4.004216252291187272e-02,-7.581416703103499577e-01,7.696891322755571307e-01,7.874801843151089109e-01,-1.034876389771443167e-01,7.219604944193890317e-01,-4.072784165977204052e-01,1.000000000000000000e+00,6.068144627799951785e-01,7.849841193648888771e-01,5.005292929881897945e-02,7.808208184816296527e-01,7.800350347662895478e-01,5.275329123681902210e-01,5.608644798034985168e-01,7.742501046996982383e-01,6.467817279442840128e-01,5.770904623119844645e-01,5.733878686655248247e-01,5.675552486286266074e-01,7.233959238379827905e-01,5.335306488904496547e-01,4.954890054231433916e-02,6.500623530180738019e-01,5.204529838766108751e-01,7.757971327775121662e-01,4.950880487291501320e-01,7.616809676595885925e-01,6.610828589600031835e-02,7.181430662943875110e-01,6.101500352485610401e-01,3.971308317691398804e-01,7.778885064425619111e-01
7.163160876043588310e-01,6.959102327298321011e-01,4.711455022161812334e-01,-3.527226882756799853e-01,4.016390504092711700e-01,-6.313762673365856948e-01,-3.984035145649000298e-01,-5.284841080781192968e-01,5.542867664492936441e-01,4.695913295465958814e-01,-6.146001100539499884e-01,8.351650273604375174e-01,-3.827828498355655418e-01,6.068144627799951785e-01,1.000000000000000000e+00,6.347697814329036348e-01,-3.802844096701718524e-01,6.745767124335694254e-01,6.807952154676962797e-01,2.340791348981137721e-01,3.436982070330238948e-01,5.826831691225304866e-01,6.555893913320861577e-01,4.500583228975991723e-01,5.432408364982277416e-01,3.867803114318603130e-01,3.885334165170847287e-01,1.731573794808356215e-01,-3.540115798302848060e-01,5.806066396499881543e-01,1.915609344899223826e-02,4.876854481806849884e-01,1.685665140731455042e-02,7.975181992614274185e-01,-4.790989930071453129e-01,7.574445324560058479e-01,5.375468399532096209e-02,5.600775552650277822e-01,6.524140511447874546e-01
7.622327904113825880e-01,8.142733156821341245e-01,7.044186089975242870e-01,-1.966064467022613227e-01,6.198149514315820507e-01,-2.912173755716773726e-01,-5.484627422800641278e-02,-6.900371101399351836e-01,7.955137981182128781e-01,8.191401122750492370e-01,-1.785445805725581481e-01,7.289664409413231239e-01,-3.360019684937971540e-01,7.849841193648888771e-01,6.347697814329036348e-01,1.000000000000000000e+00,8.027654664904022852e-02,7.361448253499824901e-01,7.236199929061906122e-01,4.635154957524667552e-01,5.121657401864658787e-01,6.861153531745317613e-01,7.118378048255979973e-01,5.927946082469036648e-01,6.453035547376394510e-01,6.035833341289187359e-01,6.551232383260192638e-01,4.771088459169703366e-01,6.679845877665782639e-02,7.614680812730426629e-01,4.152773550234162836e-01,7.506346727241022254e-01,4.107408203101621247e-01,7.350272434429400148e-01,-1.806625384398888659e-02,7.389498351678979171e-01,5.216586224991600629e-01,5.419438884101031029e-01,7.878856358084135314e-01
-8.430211647262246533e-02,-2.487426826323726678e-02,9.205950936754717095e-02,1.557054070157503911e-01,1.686884488834925755e-01,4.669054282086619323e-01,4.847257160576038948e-01,-6.127910892429189876e-02,1.207733816259705384e-01,1.502404936666943136e-01,6.320983776278892297e-01,-2.667386836059190136e-01,1.985266037401956785e-01,5.005292929881897945e-02,-3.802844096701718524e-01,8.027654664904022852e-02,1.000000000000000000e+00,-4.634281329703865415e-02,-8.330766119136349956e-02,1.671504520842372610e-01,-7.098781806171811093e-02,1.175311210367148765e-02,-2.384615883075625054e-01,-1.171900789002616461e-01,-2.060984071598372380e-01,2.423366521423108988e-01,2.151133270765007433e-01,2.913646326584639068e-01,4.944289167149037989e-01,-1.036982816345535935e-01,3.674598848794415895e-01,1.266136430597606666e-01,3.911587200818555932e-01,-2.329993415998433959e-01,6.252239276717294070e-01,-1.510322283857669368e-01,4.816585725556652986e-01,-2.872755748622878025e-02,-3.212898231363239820e-02
6.910099092193127124e-01,7.731027206389000650e-01,7.814416471798373287e-01,-1.398040513795822393e-01,7.121143097608811923e-01,-3.822551599113047094e-01,4.954365107912209881e-02,-7.900439977576710904e-01,7.158080865822907812e-01,6.752661307399299151e-01,-2.675668472709401557e-01,7.241627910426887693e-01,-3.576092255566633016e-01,7.808208184816296527e-01,6.745767124335694254e-01,7.361448253499824901e-01,-4.634281329703865415e-02,1.000000000000000000e+00,8.646427441854424023e-01,5.644952606674910056e-01,4.674125718158906873e-01,7.489128199979349088e-01,6.058970491947687220e-01,4.568027896759866424e-01,5.140821300634121904e-01,5.054657307195552507e-01,6.060689660757695441e-01,4.395120230151758345e-01,-1.218048840757231938e-01,6.367323379215589219e-01,3.435195862174739712e-01,6.670006662296613653e-01,3.523291052093114883e-01,7.956696853083082832e-01,-1.491405891990828791e-01,7.277589948777953843e-01,4.148081936001170589e-01,3.295203098239623540e-01,7.000807973222555880e-01
6.478778637974078602e-01,7.500585755419650891e-01,7.872722375712692955e-01,-1.495548802206426997e-01,7.515198960539567485e-01,-3.894518443343401026e-01,3.343556810551943231e-02,-7.903858004092394474e-01,7.316599680743458567e-01,6.803793500260411076e-01,-2.481443179574848168e-01,7.387297339006800856e-01,-4.432478422900642534e-01,7.800350347662895478e-01,6.807952154676962797e-01,7.236199929061906122e-01,-8.330766119136349956e-02,8.646427441854424023e-01,1.000000000000000000e+00,5.656298687584808693e-01,5.165313391074440874e-01,7.787910274475624561e-01,6.046565149387990168e-01,4.614198915600311590e-01,5.214865017118344159e-01,4.972778747209514183e-01,6.363104015404525970e-01,4.799386525322289487e-01,-1.822193540347578633e-01,6.238610909925368375e-01,4.479240995655244251e-01,6.779349928140323556e-01,4.068798733202449447e-01,8.412959855120279995e-01,-1.472656598647979487e-01,6.931746808271367355e-01,4.159176168349212332e-01,3.356460544122643608e-01,6.995182750843016439e-01
2.633183454617026853e-01,5.294626157997147642e-01,6.322923902053934064e-01,2.533484841790486497e-01,4.582244767573822597e-01,-5.542008310704175239e-02,3.921691524986410382e-01,-4.790980871187794365e-01,4.243149448694189529e-01,5.704977367033134961e-01,1.438442814582022167e-01,4.399597016302467800e-01,-2.375420074707193796e-01,5.275329123681902210e-01,2.340791348981137721e-01,4.635154957524667552e-01,1.671504520842372610e-01,5.644952606674910056e-01,5.656298687584808693e-01,1.000000000000000000e+00,5.282737796463693458e-01,7.382463115297714928e-01,3.886334092998144918e-01,4.485824779733608714e-01,4.346911961637158761e-01,1.250481342252132699e-01,5.813311179544380369e-01,2.456440202832163300e-01,-7.346071154123755276e-02,3.996949734625020456e-01,5.119693095836255203e-01,5.983955825384197347e-01,6.676391186608842121e-01,4.531045166151788095e-01,8.535461032149739558e-02,3.099028962844029844e-01,5.205040593676182326e-01,-1.320220159986755515e-01,4.674235863495416199e-01
4.156274560222871228e-01,5.531766392060579740e-01,5.930521493890749118e-01,-7.424591993851402394e-02,4.062749849600700847e-01,-7.736376595475154272e-02,6.042358348641880400e-02,-5.131963053132637675e-01,5.147054035930304083e-01,6.312796019460433783e-01,8.000589524189723320e-05,4.881707276342093227e-01,-3.056776788509611431e-01,5.608644798034985168e-01,3.436982070330238948e-01,5.121657401864658787e-01,-7.098781806171811093e-02,4.674125718158906873e-01,5.165313391074440874e-01,5.282737796463693458e-01,1.000000000000000000e+00,6.422514578821384434e-01,5.848246612488432472e-01,6.538950176829138039e-01,6.513427859329117275e-01,3.427376174630086259e-01,5.227962301294815095e-01,4.204057459489686788e-01,9.332405622225141417e-02,3.815810669794554855e-01,4.920052942005177510e-01,6.188483245384907017e-01,5.993062686646769555e-01,5.273479202162393298e-01,4.642327720772779914e-02,3.619633516239483817e-01,4.685543989449286184e-01,1.443857268252353443e-01,5.894745817964636148e-01
5.608809453080525476e-01,7.607891299617336456e-01,7.658245706761351856e-01,-6.763708660390742311e-02,6.027666938062314905e-01,-2.611294167718336556e-01,1.076322646959680662e-01,-6.934804138310457500e-01,6.367073558678943979e-01,7.162045174335721631e-01,-9.182688862514251649e-02,7.279291433181485083e-01,-4.411456913938164859e-01,7.742501046996982383e-01,5.826831691225304866e-01,6.861153531745317613e-01,1.175311210367148765e-02,7.489128199979349088e-01,7.787910274475624561e-01,7.382463115297714928e-01,6.422514578821384434e-01,1.000000000000000000e+00,6.209555827419006580e-01,5.957052570534970837e-01,6.242814544357363493e-01,3.767953841057145592e-01,6.962443861352639596e-01,4.095851030445851193e-01,-1.336488889463696428e-01,5.486332480582677418e-01,5.203117319952584863e-01,7.417187668250625476e-01,6.237413691866913190e-01,7.602512182724698864e-01,-5.054169195533434605e-02,6.031158362468030942e-01,5.197561077353953785e-01,2.009812958228761604e-01,7.176197465217891702e-01
6.068783513656754725e-01,6.849401177178777722e-01,5.311101707296924657e-01,-2.182159816859145507e-01,3.757762413370168697e-01,-3.208018619092943835e-01,-2.168613286050855571e-01,-5.176503613467928755e-01,5.568175076853244532e-01,6.507552291312310722e-01,-3.196388964973190250e-01,7.288865406986823059e-01,-2.102617290219188917e-01,6.467817279442840128e-01,6.555893913320861577e-01,7.118378048255979973e-01,-2.384615883075625054e-01,6.058970491947687220e-01,6.046565149387990168e-01,3.886334092998144918e-01,5.848246612488432472e-01,6.209555827419006580e-01,1.000000000000000000e+00,7.777092066186177544e-01,8.253253332393817310e-01,4.006440786885360761e-01,5.466724141823972039e-01,2.346052795913293743e-01,-6.362852652154676186e-03,6.073752630963534793e-01,2.285433492400174016e-01,7.215394957106900931e-01,3.400695119464941518e-01,6.736588706376485103e-01,-1.635814522936015480e-01,5.550182242816478206e-01,3.578330116250733051e-01,4.339253692775902893e-01,6.725704779327181804e-01
4.433282843043170329e-01,5.792511956199209999e-01,4.739268409197178178e-01,-7.303105462299468165e-02,2.620801038401788241e-01,-1.686368179960016089e-01,-5.511034761911133562e-02,-4.056523163717556946e-01,4.231022028069572616e-01,5.999999959355921675e-01,-1.323076934318450915e-01,5.743870388154198592e-01,-1.854956395238401001e-01,5.770904623119844645e-01,4.500583228975991723e-01,5.927946082469036648e-01,-1.171900789002616461e-01,4.568027896759866424e-01,4.614198915600311590e-01,4.485824779733608714e-01,6.538950176829138039e-01,5.957052570534970837e-01,7.777092066186177544e-01,1.000000000000000000e+00,8.330563048074098864e-01,2.786994672067960588e-01,5.237338421837655078e-01,2.362491819746787569e-01,1.369357599748726451e-01,4.558467069735484545e-01,3.141634041901718577e-01,7.021151749660887731e-01,4.996039619917200247e-01,5.032984396232950131e-01,-3.495690933608890799e-02,4.126556253501142413e-01,4.357349011991122345e-01,1.957012812569291493e-01,5.455940935513683421e-01
5.494033279543525383e-01,6.257666900623147788e-01,5.266504159599457724e-01,-1.430616689122391760e-01,2.898882572475368624e-01,-2.943566764685747739e-01,-1.502740455839327305e-01,-4.903001727223175177e-01,4.427575335178769445e-01,6.043852880510246495e-01,-2.698123939889384149e-01,6.388119468165420756e-01,-2.244854878101059104e-01,5.733878686655248247e-01,5.432408364982277416e-01,6.453035547376394510e-01,-2.060984071598372380e-01,5.140821300634121904e-01,5.214865017118344159e-01,4.346911961637158761e-01,6.513427859329117275e-01,6.242814544357363493e-01,8.253253332393817310e-01,8.330563048074098864e-01,1.000000000000000000e+00,2.816168114620887231e-01,4.514178071640307932e-01,1.976591507177822560e-01,4.252873512539481760e-02,5.352832818162294171e-01,2.008968824400045039e-01,6.594299798044888083e-01,4.104180769359175862e-01,5.989980012811563226e-01,-1.870986557584947418e-01,5.038399568637073056e-01,3.222660599404237325e-01,2.753881819569621303e-01,6.245876538937920053e-01
5.692361718355500866e-01,4.885728329582424978e-01,4.895284687327348117e-01,-4.747199510657245103e-01,5.302740669374194082e-01,1.488751553534518358e-02,-7.391733571273796655e-02,-5.351905066135468347e-01,6.503234193965038434e-01,5.975799136390959054e-01,6.318149981849284502e-02,3.753137832978526989e-01,-2.154811685517536435e-01,5.675552486286266074e-01,3.867803114318603130e-01,6.035833341289187359e-01,2.423366521423108988e-01,5.054657307195552507e-01,4.972778747209514183e-01,1.250481342252132699e-01,3.427376174630086259e-01,3.767953841057145592e-01,4.006440786885360761e-01,2.786994672067960588e-01,2.816168114620887231e-01,1.000000000000000000e+00,5.606441765765211027e-01,7.279768352742319593e-01,3.137474914135002790e-01,4.233128715523224450e-01,4.513639017530611253e-01,4.939399379512778299e-01,3.294237944545733154e-01,4.727198588071409024e-01,2.989306170780585692e-01,4.375352177401538034e-01,4.786294847325813229e-01,6.335474284242615939e-01,5.083221595534684889e-01
4.492621970736137560e-01,6.562512069246262403e-01,5.996259811505070259e-01,-5.468974317615037800e-02,5.779580148797750505e-01,-2.882285875962316279e-02,1.832348980172380515e-01,-5.467334802284131712e-01,6.823682560480044401e-01,7.680107940463694050e-01,1.454697297524686905e-01,5.868089363323998331e-01,-1.883339736892299110e-01,7.233959238379827905e-01,3.885334165170847287e-01,6.551232383260192638e-01,2.151133270765007433e-01,6.060689660757695441e-01,6.363104015404525970e-01,5.813311179544380369e-01,5.227962301294815095e-01,6.962443861352639596e-01,5.466724141823972039e-01,5.237338421837655078e-01,4.514178071640307932e-01,5.606441765765211027e-01,1.000000000000000000e+00,4.544707373062386035e-01,1.025395976359706057e-01,4.357698231532755040e-01,6.627113099977771649e-01,7.889241592081757126e-01,6.289757653063151599e-01,5.603070978881454778e-01,2.590382105166436078e-01,4.368499724271278639e-01,6.831830772578709743e-01,3.390623168194430437e-01,6.378392492761988386e-01
3.824444302039565202e-01,3.720948378406167545e-01,5.793691003247667393e-01,-3.300747644939880932e-01,5.938243000402406713e-01,1.911257383056940429e-01,1.534656734429718783e-01,-5.516432349191909834e-01,5.779225324477168524e-01,5.360767507451309477e-01,2.687914798843261677e-01,1.977504411256059691e-01,-4.029518641997396622e-01,5.335306488904496547e-01,1.731573794808356215e-01,4.771088459169703366e-01,2.913646326584639068e-01,4.395120230151758345e-01,4.799386525322289487e-01,2.456440202832163300e-01,4.204057459489686788e-01,4.095851030445851193e-01,2.346052795913293743e-01,2.362491819746787569e-01,1.976591507177822560e-01,7.279768352742319593e-01,4.544707373062386035e-01,1.000000000000000000e+00,3.185289945448609439e-01,3.392757028750835180e-01,6.456115612929282932e-01,4.375918020740142134e-01,4.858478281221810802e-01,4.058473880939089673e-01,4.456503137757322763e-01,3.120659911131640762e-01,5.647085636347051185e-01,3.070087478645291412e-01,3.884492393063145865e-01
2.134307556785577931e-02,-6.546389822618770005e-02,-1.775900463743302835e-02,-5.617478313843987658e-03,4.218223218153057362e-03,5.997255130262941769e-01,2.737776939220371020e-01,3.080249233329930905e-02,6.825193704889506718e-02,1.966980173773865415e-01,5.053232397392349862e-01,-2.992666472914669584e-01,2.869346685102284189e-01,4.954890054231433916e-02,-3.540115798302848060e-01,6.679845877665782639e-02,4.944289167149037989e-01,-1.218048840757231938e-01,-1.822193540347578633e-01,-7.346071154123755276e-02,9.332405622225141417e-02,-1.336488889463696428e-01,-6.362852652154676186e-03,1.369357599748726451e-01,4.252873512539481760e-02,3.137474914135002790e-01,1.025395976359706057e-01,3.185289945448609439e-01,1.000000000000000000e+00,-2.984212957535757691e-03,2.523785860533791503e-01,1.325331924086117774e-01,3.172914494574577415e-01,-2.784016520068086642e-01,6.570975566447894156e-01,-1.627421509732435989e-01,4.897902599365226428e-01,2.375957723590596884e-02,-1.885162150652231611e-02
7.100854439487895853e-01,7.027717051642449198e-01,6.245609173449543361e-01,-1.651986348231649360e-01,5.616606808941408957e-01,-3.039107517389528224e-01,-1.082928067022106283e-01,-5.988074707565199661e-01,7.120540037897380437e-01,6.970413801420045630e-01,-2.518521446053526569e-01,6.369193179999319554e-01,-3.473976371071060831e-01,6.500623530180738019e-01,5.806066396499881543e-01,7.614680812730426629e-01,-1.036982816345535935e-01,6.367323379215589219e-01,6.238610909925368375e-01,3.996949734625020456e-01,3.815810669794554855e-01,5.486332480582677418e-01,6.073752630963534793e-01,4.558467069735484545e-01,5.352832818162294171e-01,4.233128715523224450e-01,4.357698231532755040e-01,3.392757028750835180e-01,-2.984212957535757691e-03,1.000000000000000000e+00,2.803081627450016433e-01,5.641863064946031070e-01,2.312506083398543077e-01,6.584960145464276993e-01,-1.307185957013217992e-01,6.810276898861570283e-01,3.421342972629638490e-01,4.615545891871961626e-01,6.976992076175124735e-01
1.367193315286227562e-01,3.424907562711088649e-01,5.083610399780734701e-01,-1.320043943849940477e-02,5.552116894204398578e-01,3.393624410574919148e-01,3.930390886387640781e-01,-3.963830356294058554e-01,5.552319414278948928e-01,6.144975968113759457e-01,5.177096168945216625e-01,2.062987336482689504e-01,-3.395813552552716108e-01,5.204529838766108751e-01,1.915609344899223826e-02,4.152773550234162836e-01,3.674598848794415895e-01,3.435195862174739712e-01,4.479240995655244251e-01,5.119693095836255203e-01,4.920052942005177510e-01,5.203117319952584863e-01,2.285433492400174016e-01,3.141634041901718577e-01,2.008968824400045039e-01,4.513639017530611253e-01,6.627113099977771649e-01,6.456115612929282932e-01,2.523785860533791503e-01,2.803081627450016433e-01,1.000000000000000000e+00,5.527611427250044285e-01,7.663377402612027156e-01,3.143695744739403719e-01,5.446205510068434785e-01,1.329079125861453992e-01,7.331430103284723998e-01,5.341998059026489831e-02,3.749001315542883628e-01
5.902911532501049496e-01,7.654392560835886483e-01,6.797851060246239419e-01,-5.372483604992999567e-02,5.762145175643913486e-01,-1.370345603745155294e-01,1.328472590772112050e-01,-6.365411021831984817e-01,7.017187557408379739e-01,7.970893584895789585e-01,2.162174886050472031e-04,6.742817877327114129e-01,-2.656394740614457795e-01,7.757971327775121662e-01,4.876854481806849884e-01,7.506346727241022254e-01,1.266136430597606666e-01,6.670006662296613653e-01,6.779349928140323556e-01,5.983955825384197347e-01,6.188483245384907017e-01,7.417187668250625476e-01,7.215394957106900931e-01,7.021151749660887731e-01,6.594299798044888083e-01,4.939399379512778299e-01,7.889241592081757126e-01,4.375918020740142134e-01,1.325331924086117774e-01,5.641863064946031070e-01,5.527611427250044285e-01,1.000000000000000000e+00,5.987576551939073344e-01,6.431440298213106921e-01,1.415022872150191180e-01,5.417873082399299323e-01,6.896358876575658936e-01,3.433564862644793436e-01,7.464822175145496841e-01
1.250698061288834373e-01,3.737106368866254802e-01,5.047820153144717548e-01,3.296890827049549916e-02,4.065261005866099286e-01,3.547523676598128284e-01,4.008433434922861749e-01,-3.642628577052664518e-01,4.112752258423079676e-01,5.945605238270129655e-01,5.119542893428949970e-01,2.225661549853679699e-01,-2.169602017421450035e-01,4.950880487291501320e-01,1.685665140731455042e-02,4.107408203101621247e-01,3.911587200818555932e-01,3.523291052093114883e-01,4.068798733202449447e-01,6.676391186608842121e-01,5.993062686646769555e-01,6.237413691866913190e-01,3.400695119464941518e-01,4.996039619917200247e-01,4.104180769359175862e-01,3.294237944545733154e-01,6.289757653063151599e-01,4.858478281221810802e-01,3.172914494574577415e-01,2.312506083398543077e-01,7.663377402612027156e-01,5.987576551939073344e-01,1.000000000000000000e+00,2.729990709352546063e-01,4.900294280050108142e-01,9.982895607930029891e-02,7.284009392290103913e-01,-7.945780462200398298e-02,3.650641482285497119e-01
7.304303499571692671e-01,7.740175352620991545e-01,7.401639942373857695e-01,-2.205481658508472165e-01,6.571888450626379718e-01,-5.518344262853477344e-01,-1.672149244869707008e-01,-7.605691064978228333e-01,7.120640690599649991e-01,6.429279805691217042e-01,-4.423933993505664852e-01,8.347281232039988064e-01,-4.889772114404112857e-01,7.616809676595885925e-01,7.975181992614274185e-01,7.350272434429400148e-01,-2.329993415998433959e-01,7.956696853083082832e-01,8.412959855120279995e-01,4.531045166151788095e-01,5.273479202162393298e-01,7.602512182724698864e-01,6.736588706376485103e-01,5.032984396232950131e-01,5.989980012811563226e-01,4.727198588071409024e-01,5.603070978881454778e-01,4.058473880939089673e-01,-2.784016520068086642e-01,6.584960145464276993e-01,3.143695744739403719e-01,6.431440298213106921e-01,2.729990709352546063e-01,1.000000000000000000e+00,-3.124007547566080567e-01,7.599200980848680453e-01,2.742526724493333790e-01,4.748413522482440863e-01,7.668861973689540257e-01
-2.029989483598563793e-01,-1.261869257223949270e-01,2.307810428374847816e-02,-1.969044145449227838e-03,1.097992026938890003e-01,7.793813273898624328e-01,4.301887976946090486e-01,4.629236018702999333e-02,8.410875361786644688e-02,1.933321267930669940e-01,7.908049180292122671e-01,-3.729917243020619000e-01,1.210573150240449591e-01,6.610828589600031835e-02,-4.790989930071453129e-01,-1.806625384398888659e-02,6.252239276717294070e-01,-1.491405891990828791e-01,-1.472656598647979487e-01,8.535461032149739558e-02,4.642327720772779914e-02,-5.054169195533434605e-02,-1.635814522936015480e-01,-3.495690933608890799e-02,-1.870986557584947418e-01,2.989306170780585692e-01,2.590382105166436078e-01,4.456503137757322763e-01,6.570975566447894156e-01,-1.307185957013217992e-01,5.446205510068434785e-01,1.415022872150191180e-01,4.900294280050108142e-01,-3.124007547566080567e-01,1.000000000000000000e+00,-3.076062326506850964e-01,6.237234697701909969e-01,-8.462722153869295383e-02,-9.529882888581280020e-02
7.906631904086004470e-01,7.657421435035525192e-01,6.166049332071512623e-01,-2.029968325192674228e-01,5.270293903834403215e-01,-5.209710083626045707e-01,-1.650457784127096483e-01,-6.544181472372294639e-01,6.527729479410832036e-01,6.062418200531246582e-01,-4.623063205086843652e-01,7.616369643101562614e-01,-4.044459848005317881e-01,7.181430662943875110e-01,7.574445324560058479e-01,7.389498351678979171e-01,-1.510322283857669368e-01,7.277589948777953843e-01,6.931746808271367355e-01,3.099028962844029844e-01,3.619633516239483817e-01,6.031158362468030942e-01,5.550182242816478206e-01,4.126556253501142413e-01,5.038399568637073056e-01,4.375352177401538034e-01,4.368499724271278639e-01,3.120659911131640762e-01,-1.627421509732435989e-01,6.810276898861570283e-01,1.329079125861453992e-01,5.417873082399299323e-01,9.982895607930029891e-02,7.599200980848680453e-01,-3.076062326506850964e-01,1.000000000000000000e+00,2.398906689977360340e-01,5.149887040620849676e-01,7.212449769178161940e-01
3.061653397977853186e-01,4.830521290093463538e-01,5.237974466965841236e-01,4.147949467500027659e-02,4.916717060062248401e-01,3.703346951339977489e-01,4.426557785539490530e-01,-4.372910976841354880e-01,5.527393815731274085e-01,6.906518651575183076e-01,4.801641695563486634e-01,2.465554099980768743e-01,-1.689942201454654180e-01,6.101500352485610401e-01,5.375468399532096209e-02,5.216586224991600629e-01,4.816585725556652986e-01,4.148081936001170589e-01,4.159176168349212332e-01,5.205040593676182326e-01,4.685543989449286184e-01,5.197561077353953785e-01,3.578330116250733051e-01,4.357349011991122345e-01,3.222660599404237325e-01,4.786294847325813229e-01,6.831830772578709743e-01,5.647085636347051185e-01,4.897902599365226428e-01,3.421342972629638490e-01,7.331430103284723998e-01,6.896358876575658936e-01,7.284009392290103913e-01,2.742526724493333790e-01,6.237234697701909969e-01,2.398906689977360340e-01,1.000000000000000000e+00,1.104695417222666537e-01,4.751349411708297721e-01
6.478160853089006688e-01,4.694666265792707960e-01,2.500429784072647488e-01,-4.787786238022458396e-01,3.018265958918883163e-01,-3.213995252040162676e-01,-3.824547076621874209e-01,-3.633816616082851669e-01,5.509353300640547069e-01,4.159475202530399374e-01,-3.290997808724669405e-01,5.004799966307516002e-01,-1.550275267876458085e-01,3.971308317691398804e-01,5.600775552650277822e-01,5.419438884101031029e-01,-2.872755748622878025e-02,3.295203098239623540e-01,3.356460544122643608e-01,-1.320220159986755515e-01,1.443857268252353443e-01,2.009812958228761604e-01,4.339253692775902893e-01,1.957012812569291493e-01,2.753881819569621303e-01,6.335474284242615939e-01,3.390623168194430437e-01,3.070087478645291412e-01,2.375957723590596884e-02,4.615545891871961626e-01,5.341998059026489831e-02,3.433564862644793436e-01,-7.945780462200398298e-02,4.748413522482440863e-01,-8.462722153869295383e-02,5.149887040620849676e-01,1.104695417222666537e-01,1.000000000000000000e+00,5.549047359969702109e-01
8.031615433109917657e-01,8.433463787839747816e-01,7.124205793127310615e-01,-1.635681586812774979e-01,6.206783538513978016e-01,-3.584779309263103619e-01,-3.494124599352343985e-02,-7.249983934957764387e-01,7.937953460615495560e-01,7.847399245163333426e-01,-2.488857985069594381e-01,7.733727786374852142e-01,-3.682411044984549298e-01,7.778885064425619111e-01,6.524140511447874546e-01,7.878856358084135314e-01,-3.212898231363239820e-02,7.000807973222555880e-01,6.995182750843016439e-01,4.674235863495416199e-01,5.894745817964636148e-01,7.176197465217891702e-01,6.725704779327181804e-01,5.455940935513683421e-01,6.245876538937920053e-01,5.083221595534684889e-01,6.378392492761988386e-01,3.884492393063145865e-01,-1.885162150652231611e-02,6.976992076175124735e-01,3.749001315542883628e-01,7.464822175145496841e-01,3.650641482285497119e-01,7.668861973689540257e-01,-9.529882888581280020e-02,7.212449769178161940e-01,4.751349411708297721e-01,5.549047359969702109e-01,1.000000000000000000e+00
