1.000000000000000000e+00,8.178693862909179879e-01,5.785655579514129565e-01,1.275779749004892216e-01,6.474950523348109721e-01,4.686325636183213406e-01,2.192688835593445129e-01,-3.110072782351549492e-01,6.794602423188332851e-01,8.318623919305524472e-01,5.447563964128029346e-01,2.054993286530019947e-02,9.624695511546205173e-02,6.182189239349803467e-01,2.642036215396267318e-01,7.793474316878996611e-01,2.329863050503677147e-01,2.811245613492269757e-01,3.246454288468640370e-01,1.100309624188204605e-01,3.618895513765623129e-01,4.013766886258658961e-01,6.474247736330889236e-01,5.262974554094198565e-01,6.918371340430928829e-01,7.539804113514287920e-01,4.739798218519312156e-01,6.103321630014535426e-01,7.060999038913807757e-01,7.712065250152266849e-01,4.982495233446143645e-01,4.987634363457977282e-01,6.182988537284613839e-01,3.151032937299138026e-01,4.871615257425972456e-01,5.288223585491567125e-01,5.769250984360692058e-01,4.447467542180577604e-01,3.584417022716904766e-01
8.178693862909179879e-01,1.000000000000000000e+00,5.877090950171768302e-01,6.749047121393769721e-02,6.180299133898308206e-01,3.572511480291252206e-01,7.735391487485457351e-02,-3.778953111212843829e-01,6.181311576885988313e-01,8.061599781938846299e-01,5.069869008913627795e-01,1.490004187742480779e-01,2.024936731237439447e-01,6.542055407842821690e-01,2.925559553120376521e-01,8.004519650480365067e-01,1.925097630669972415e-01,1.839916702845335317e-01,1.933895339003819103e-01,1.656049824112859614e-01,2.367811874551925821e-01,5.482324224169162763e-01,6.364443298208212196e-01,4.391201595679897207e-01,7.204846914873541674e-01,6.382996235400036911e-01,5.917519998517954960e-01,5.938245903479634213e-01,6.684737144909588258e-01,7.381365005890306863e-01,6.241418262986958565e-01,6.234016843993377410e-01,5.317386229387051078e-01,3.258144175334070636e-01,4.860019618230579930e-01,5.586796108792652094e-01,6.604605999503079250e-01,2.075552139311410971e-01,4.481659519021337634e-01
5.785655579514129565e-01,5.877090950171768302e-01,1.000000000000000000e+00,1.811198642862188110e-02,7.653914080792277863e-01,3.916013924717075961e-02,-4.828797902513838614e-02,-5.490528822101415907e-01,7.000197388162546774e-01,6.578360675456276230e-01,4.388760019319516426e-01,3.325303746485824274e-01,1.701002327894842181e-01,6.897012244000234604e-01,3.702808090900548965e-01,6.495157582902600923e-01,2.873098779236026301e-01,3.994393226582567125e-01,4.940824720455355146e-01,-9.397726422441712163e-03,3.485346098951101479e-01,5.392816388702783570e-01,4.959367528976473816e-01,4.229760053331760306e-01,6.170855837693954848e-01,5.663254207852685962e-01,5.683729470642716608e-01,6.561077840951313744e-01,4.755520151065520951e-01,6.644987054062959642e-01,5.757134194402225846e-01,4.567175316451984046e-01,6.534368317248089308e-01,6.021094932440005376e-01,4.707813660967773428e-01,5.858144904034858769e-01,5.186775000125952717e-01,3.803935671799391627e-01,6.012122417942878938e-01
1.275779749004892216e-01,6.749047121393769721e-02,1.811198642862188110e-02,1.000000000000000000e+00,3.955440428723232260e-02,-1.942701992619495430e-02,4.809941259097161304e-01,2.299768094637177074e-01,3.532926813502402369e-02,1.605101290590790208e-01,-1.475679444071277824e-01,2.068251534377197332e-01,2.264040487069468588e-01,4.380887778934011711e-02,2.099384373814291715e-01,1.241804179472000974e-01,-2.254141239575831734e-01,3.862276705144416789e-01,-3.884284603154460752e-02,3.701130292194761973e-01,2.345998079619979471e-01,1.056936262391001968e-01,-1.450542750280515714e-01,8.422724250696195236e-02,8.011061454234007229e-02,1.081645418116141365e-02,5.505330402852749022e-02,1.797479048064396512e-01,1.425177975643044936e-01,1.358504558723869493e-01,5.700619784913572158e-03,-1.525212969044520764e-02,1.067285866537421787e-02,1.377230008620213275e-01,-2.958846728553994263e-02,1.502046881864795569e-01,6.089294961673417245e-02,4.513328406319157965e-02,2.871499108919114418e-01
6.474950523348109721e-01,6.180299133898308206e-01,7.653914080792277863e-01,3.955440428723232260e-02,1.000000000000000000e+00,1.058314332475202707e-01,3.105173363747204887e-02,-5.741840932842123824e-01,7.684268722907245941e-01,6.450683425316767750e-01,4.083895413396402829e-01,3.548924368683113451e-01,1.366315230081723564e-01,5.890345474258779079e-01,3.886110224714792727e-01,7.273918227192774921e-01,2.801667710371127384e-01,4.934668883432418163e-01,4.291984494499933023e-01,-1.231000882719433288e-02,4.839707342341099117e-01,4.351746755228376173e-01,5.048739730501058398e-01,2.862142865790953672e-01,6.881960420465672579e-01,5.042895234966270346e-01,5.116377404749332669e-01,6.285795340745078397e-01,4.523338162441327137e-01,7.504251284165788238e-01,4.573548692407633509e-01,4.305809980377131030e-01,5.058056284512462142e-01,6.682019552370006554e-01,3.027526711451529184e-01,6.159622931966929338e-01,4.570748799395522588e-01,3.322957300129371072e-01,5.766063883962977421e-01
4.686325636183213406e-01,3.572511480291252206e-01,3.916013924717075961e-02,-1.942701992619495430e-02,1.058314332475202707e-01,1.000000000000000000e+00,1.261971804420082277e-01,2.401088122280104487e-01,8.250052267649143900e-02,3.781228409077480035e-01,4.734721642001137876e-01,-2.760078325183417669e-01,-9.897747747937166163e-02,2.952687449770465267e-01,-3.796277758519003148e-02,1.886668019173532995e-01,1.153810670560771329e-01,7.953563162719881651e-05,4.223541422380232974e-02,-3.038583737954798913e-02,1.184554887760756042e-01,-1.488352477200315148e-03,4.869265215872154440e-01,5.410733320944677294e-01,2.505585204374851105e-01,4.941061033064345076e-01,1.752302172576650496e-01,1.901641891151518160e-01,5.803866330803246765e-01,1.935010587118754233e-01,2.488901915531477049e-01,4.228285935998323808e-01,4.161948657474789370e-01,-3.179205086155768578e-01,4.931456226565131828e-01,-3.922557768491934105e-02,4.329798982286126030e-01,1.780179402727063154e-01,-1.902502460266528583e-01
2.192688835593445129e-01,7.735391487485457351e-02,-4.828797902513838614e-02,4.809941259097161304e-01,3.105173363747204887e-02,1.261971804420082277e-01,1.000000000000000000e+00,1.611416299776408101e-01,1.791282511769607122e-01,1.563836700931826584e-01,2.284734081538396799e-01,-2.269523117731696016e-01,-4.674782276264896619e-02,-5.498419052231240389e-02,-2.671492531075672083e-01,1.219617966929413960e-01,1.768267516877586876e-01,1.523225203756165490e-04,2.367109880473070860e-01,-5.129190363448464518e-02,1.846564923441695316e-01,-1.157609616033709321e-01,1.565125320749357618e-01,1.125696525050813857e-01,-2.980666725896133872e-03,1.468083783878619264e-01,-1.136468854823041580e-01,-1.206407174731480014e-01,4.971988969740048780e-03,2.325091019325097597e-01,-7.681661214623447531e-02,-9.070424804632570837e-02,9.154651913932734808e-02,3.651568293901222978e-02,-2.995596834059368468e-02,-1.608711461290562514e-02,-1.098889408835312942e-01,2.460814483005028808e-01,-1.490604065727926288e-02
-3.110072782351549492e-01,-3.778953111212843829e-01,-5.490528822101415907e-01,2.299768094637177074e-01,-5.741840932842123824e-01,2.401088122280104487e-01,1.611416299776408101e-01,1.000000000000000000e+00,-5.172750321957224617e-01,-3.135043394536028427e-01,-2.389413181972977196e-01,-2.496642645369645808e-01,-1.489750659523060294e-01,-3.806502386044772202e-01,-1.911073720020604605e-01,-4.421475824532971055e-01,-2.721972438570069985e-01,-2.239387550890039880e-01,-2.372880075853046888e-01,7.033498972244464631e-02,-1.761354740488212944e-01,-3.190007175544176676e-01,-2.271213433108107971e-01,-1.197680980758775333e-02,-4.557487963920681118e-01,-2.355342013356800102e-01,-3.255011576707905196e-01,-4.514977544049244562e-01,-1.689396907020851990e-01,-4.627808205345241843e-01,-3.142769977995896746e-01,-1.916699646242470134e-01,-2.522944716169390200e-01,-4.904986173016347983e-01,-1.232165104099405134e-01,-4.228097552843938511e-01,-2.133979400388008596e-01,-1.639602445380838602e-01,-4.516279279220004050e-01
6.794602423188332851e-01,6.181311576885988313e-01,7.000197388162546774e-01,3.532926813502402369e-02,7.684268722907245941e-01,8.250052267649143900e-02,1.791282511769607122e-01,-5.172750321957224617e-01,1.000000000000000000e+00,6.541434320561877458e-01,4.652137336008130286e-01,1.393753741979420757e-01,1.329114370326581751e-01,4.475435910461489364e-01,1.897564682369325961e-01,7.368552574681744849e-01,2.765613700311190803e-01,3.457187976667209228e-01,5.408953662688573694e-01,-1.189436682303227494e-01,5.562301480303942780e-01,3.174943345444614096e-01,5.447914047331960941e-01,2.190859314085510101e-01,5.955597497233786619e-01,4.951376436230864875e-01,3.446560709786740673e-01,4.875538043094150287e-01,3.923326692024642348e-01,8.007136709371825978e-01,3.716537973904846526e-01,3.257128598563566180e-01,4.903947572175076930e-01,6.558842012135954747e-01,1.998421398000529703e-01,4.333616058346980715e-01,3.372283832193119224e-01,3.799538732372731431e-01,4.608620009293386555e-01
8.318623919305524472e-01,8.061599781938846299e-01,6.578360675456276230e-01,1.605101290590790208e-01,6.450683425316767750e-01,3.781228409077480035e-01,1.563836700931826584e-01,-3.135043394536028427e-01,6.541434320561877458e-01,1.000000000000000000e+00,5.262011042709007214e-01,1.554976155185089637e-01,1.959259722320484121e-01,7.423373785060815022e-01,3.762076932734818024e-01,8.198247635035393888e-01,2.123007543232200145e-01,3.521430681413363906e-01,3.794156089494560846e-01,1.403560175391855014e-01,3.377642816434117123e-01,5.449294577581701438e-01,7.003190239952756802e-01,5.868438654336530780e-01,7.627230591276383809e-01,7.332101697841612031e-01,5.565667921393702144e-01,6.579061992785242285e-01,7.201535707502360051e-01,7.620399975122040814e-01,6.182817435741386758e-01,5.316805056035004418e-01,6.896498952660115034e-01,3.795029800299172251e-01,5.819810450694890003e-01,6.090480490050688145e-01,6.302866318079521912e-01,4.271439522274897982e-01,4.731955976917340823e-01
5.447563964128029346e-01,5.069869008913627795e-01,4.388760019319516426e-01,-1.475679444071277824e-01,4.083895413396402829e-01,4.734721642001137876e-01,2.284734081538396799e-01,-2.389413181972977196e-01,4.652137336008130286e-01,5.262011042709007214e-01,1.000000000000000000e+00,-7.650831875706914920e-02,2.040666543565944624e-01,4.582980592347771776e-01,2.078776725262054814e-02,4.348041616218498717e-01,6.522126502735549058e-01,-4.281320222001696457e-02,2.953146575170603749e-01,-1.527344487574431864e-01,1.344178924654205742e-01,2.231859945486645569e-01,6.166053721326053561e-01,4.691275353215588750e-01,4.055540404996345050e-01,5.577326027912425932e-01,3.296692391277729617e-01,3.501211235943517130e-01,5.559944252166364453e-01,4.097594844700804817e-01,4.260475366249478202e-01,4.569198903868356143e-01,6.325371498629079881e-01,1.516068928992813092e-01,5.294666123796264445e-01,1.663689250042977019e-01,4.723527293367751345e-01,3.452653105976264958e-01,1.613305503566135890e-01
2.054993286530019947e-02,1.490004187742480779e-01,3.325303746485824274e-01,2.068251534377197332e-01,3.548924368683113451e-01,-2.760078325183417669e-01,-2.269523117731696016e-01,-2.496642645369645808e-01,1.393753741979420757e-01,1.554976155185089637e-01,-7.650831875706914920e-02,1.000000000000000000e+00,1.299168523819339005e-01,3.033446523085044366e-01,6.093659158395853259e-01,2.824078356727675043e-01,1.137549432828103835e-01,4.887077709660390679e-01,2.280055072689077256e-01,1.843442907250440466e-01,-5.132802165726820832e-03,4.641336206528278163e-01,7.542360259320649019e-02,-2.347708188727398726e-02,3.560625394504037811e-01,1.090072375399390864e-01,6.186159769586874191e-01,3.219752003900243076e-01,7.300653902082257507e-02,2.007735218675957556e-01,4.288235274393314422e-01,4.051727859219958483e-01,5.936644873194904873e-03,5.510225689006089667e-01,5.575984854975511024e-02,5.248506408248300170e-01,3.533021933885627797e-01,9.099259377091555023e-02,6.859957150862960873e-01
9.624695511546205173e-02,2.024936731237439447e-01,1.701002327894842181e-01,2.264040487069468588e-01,1.366315230081723564e-01,-9.897747747937166163e-02,-4.674782276264896619e-02,-1.489750659523060294e-01,1.329114370326581751e-01,1.959259722320484121e-01,2.040666543565944624e-01,1.299168523819339005e-01,1.000000000000000000e+00,1.772869489446435853e-01,2.506709488623323767e-01,2.399790519534851785e-01,-7.092137425516749361e-02,-9.639765878163175650e-02,-2.688157218366411527e-01,4.069191974584046578e-01,1.159779567502264817e-02,2.921684049289770546e-01,6.738056477114641452e-02,-1.382971559417039975e-02,1.327004222531312505e-01,-1.062253810603143167e-01,4.575263010112232825e-02,2.212995598160096278e-01,2.469777709293623502e-01,6.790209657733684012e-02,1.042092380075202857e-01,5.829276862631411343e-02,1.821561659934511079e-01,1.586870932979833060e-01,1.874622297119371284e-01,1.080815158440132512e-01,1.827771192910239706e-01,-4.028551723004249879e-02,3.187811566174011402e-01
6.182189239349803467e-01,6.542055407842821690e-01,6.897012244000234604e-01,4.380887778934011711e-02,5.890345474258779079e-01,2.952687449770465267e-01,-5.498419052231240389e-02,-3.806502386044772202e-01,4.475435910461489364e-01,7.423373785060815022e-01,4.582980592347771776e-01,3.033446523085044366e-01,1.772869489446435853e-01,1.000000000000000000e+00,4.356630053061374408e-01,6.214187679475144943e-01,2.066880790298614157e-01,3.797003717858242200e-01,3.303167548297022416e-01,6.980598423342856962e-02,1.475085109429166708e-01,5.656395980958550673e-01,6.075636824050455465e-01,6.736885937787187029e-01,6.349012399554551100e-01,6.486336389222100429e-01,5.983198520522744479e-01,6.296670016875438591e-01,6.270297640979421994e-01,5.662587666761140781e-01,6.143520044743243647e-01,5.207071699627666694e-01,7.252490629511403331e-01,3.411024868642190677e-01,7.334902598707984112e-01,6.711821393931016733e-01,6.392521035713770727e-01,3.585271920103236254e-01,4.794340663849138151e-01
2.642036215396267318e-01,2.925559553120376521e-01,3.702808090900548965e-01,2.099384373814291715e-01,3.886110224714792727e-01,-3.796277758519003148e-02,-2.671492531075672083e-01,-1.911073720020604605e-01,1.897564682369325961e-01,3.762076932734818024e-01,2.078776725262054814e-02,6.093659158395853259e-01,2.506709488623323767e-01,4.356630053061374408e-01,1.000000000000000000e+00,3.460020445985690363e-01,9.305411281495731823e-02,5.782855056720610509e-01,9.306551393216438983e-02,3.674859121321334965e-01,-1.087149362981569556e-02,6.629972289397569885e-01,9.267850777678579566e-02,1.864526249787838708e-01,5.012795517538057855e-01,3.981135040424755855e-01,5.588981440143562240e-01,5.752473404868343465e-01,4.649518805399535659e-01,3.165163143646695376e-01,4.795066473122279738e-01,4.128389043456787144e-01,2.376239349082994445e-01,4.095162631167497125e-01,3.391971746267444798e-01,5.291421172278201190e-01,5.064284530428670994e-01,2.458341012089365063e-01,4.489246002796632440e-01
7.793474316878996611e-01,8.004519650480365067e-01,6.495157582902600923e-01,1.241804179472000974e-01,7.273918227192774921e-01,1.886668019173532995e-01,1.219617966929413960e-01,-4.421475824532971055e-01,7.368552574681744849e-01,8.198247635035393888e-01,4.348041616218498717e-01,2.824078356727675043e-01,2.399790519534851785e-01,6.214187679475144943e-01,3.460020445985690363e-01,1.000000000000000000e+00,1.917771455807671666e-01,3.287447678813738561e-01,3.618305840137051588e-01,1.388873358840194971e-01,3.965680158534131139e-01,5.386834226486921784e-01,6.499363005728235887e-01,3.308946457279237086e-01,7.168202952169357989e-01,5.593139642394222566e-01,5.460332511465023630e-01,5.832812849511409548e-01,5.552673367393184956e-01,8.060684796478388980e-01,5.944346518792333889e-01,5.092402476380764043e-01,5.086016820718120002e-01,5.469160036875868602e-01,3.493148511822445346e-01,6.318335687022669234e-01,5.549315608375855469e-01,2.814985018238889136e-01,5.666158754476025017e-01
2.329863050503677147e-01,1.925097630669972415e-01,2.873098779236026301e-01,-2.254141239575831734e-01,2.801667710371127384e-01,1.153810670560771329e-01,1.768267516877586876e-01,-2.721972438570069985e-01,2.765613700311190803e-01,2.123007543232200145e-01,6.522126502735549058e-01,1.137549432828103835e-01,-7.092137425516749361e-02,2.066880790298614157e-01,9.305411281495731823e-02,1.917771455807671666e-01,1.000000000000000000e+00,4.008314318440343166e-02,3.633674423624231320e-01,-2.525804082197418698e-01,-5.446733009688355803e-02,1.880514564517850040e-01,3.270242103937113787e-01,2.500423639425329303e-01,2.815841382476636512e-01,3.980749818644619409e-01,3.262181756024206125e-01,2.314056352423289331e-01,2.251307137865095065e-01,2.260415494119071000e-01,3.206914766985881626e-01,3.248173583831960309e-01,3.688738136444326132e-01,2.465405554218783601e-01,2.224802017068614746e-01,1.393376611119713504e-01,2.786723250101816873e-01,3.152167537474038217e-01,1.597471497676984098e-01
2.811245613492269757e-01,1.839916702845335317e-01,3.994393226582567125e-01,3.862276705144416789e-01,4.934668883432418163e-01,7.953563162719881651e-05,1.523225203756165490e-04,-2.239387550890039880e-01,3.457187976667209228e-01,3.521430681413363906e-01,-4.281320222001696457e-02,4.887077709660390679e-01,-9.639765878163175650e-02,3.797003717858242200e-01,5.782855056720610509e-01,3.287447678813738561e-01,4.008314318440343166e-02,1.000000000000000000e+00,3.459616677379656613e-01,1.334415544101838491e-01,3.891565633477269692e-01,3.400452015677475348e-01,5.342806284328312921e-02,2.495023865100930438e-01,4.434280133892020692e-01,3.401214060375777892e-01,3.626654307234253305e-01,5.150826889054221924e-01,3.083119006307375454e-01,4.010912307085464645e-01,2.453902449913648587e-01,1.875599239205828217e-01,2.386086189780520228e-01,4.075420536123094961e-01,1.432921049176870965e-01,4.918405195349286330e-01,2.413098323593892425e-01,2.897941211919670135e-01,4.010497841046175016e-01
3.246454288468640370e-01,1.933895339003819103e-01,4.940824720455355146e-01,-3.884284603154460752e-02,4.291984494499933023e-01,4.223541422380232974e-02,2.367109880473070860e-01,-2.372880075853046888e-01,5.408953662688573694e-01,3.794156089494560846e-01,2.953146575170603749e-01,2.280055072689077256e-01,-2.688157218366411527e-01,3.303167548297022416e-01,9.306551393216438983e-02,3.618305840137051588e-01,3.633674423624231320e-01,3.459616677379656613e-01,1.000000000000000000e+00,-4.288237846129460129e-01,2.712390237284547645e-01,1.261934265108440589e-01,4.963344011078354434e-01,2.444436054810767978e-01,3.505266592480679733e-01,4.774451805483785893e-01,3.535243594787944033e-01,2.020014183858656609e-01,1.104783230470155336e-01,4.728685641758904601e-01,3.194999915439007410e-01,2.545610025725507097e-01,4.087687786863030137e-01,4.534117225633169102e-01,1.669526657348340826e-01,3.199243929350422677e-01,1.925584025797794918e-01,5.189987350027214230e-01,3.055345686587052634e-01
1.100309624188204605e-01,1.656049824112859614e-01,-9.397726422441712163e-03,3.701130292194761973e-01,-1.231000882719433288e-02,-3.038583737954798913e-02,-5.129190363448464518e-02,7.033498972244464631e-02,-1.189436682303227494e-01,1.403560175391855014e-01,-1.527344487574431864e-01,1.843442907250440466e-01,4.069191974584046578e-01,6.980598423342856962e-02,3.674859121321334965e-01,1.388873358840194971e-01,-2.525804082197418698e-01,1.334415544101838491e-01,-4.288237846129460129e-01,1.000000000000000000e+00,1.188877085937347089e-01,3.260421379173337186e-01,-1.979304538197965702e-01,1.391152299080523208e-02,1.225879754697003637e-01,-1.966556230920319184e-02,1.068160167942109884e-01,2.789312938659165297e-01,2.706068095797805606e-01,6.988931405344359082e-03,8.086680582095406855e-02,4.570335665249530138e-02,-3.503819009049842503e-02,1.602654738918391636e-02,8.131813952661277878e-02,1.717081563343230977e-01,1.681910911358441563e-01,-1.480592580522274437e-01,2.502968355302765402e-01
3.618895513765623129e-01,2.367811874551925821e-01,3.485346098951101479e-01,2.345998079619979471e-01,4.839707342341099117e-01,1.184554887760756042e-01,1.846564923441695316e-01,-1.761354740488212944e-01,5.562301480303942780e-01,3.377642816434117123e-01,1.344178924654205742e-01,-5.132802165726820832e-03,1.159779567502264817e-02,1.475085109429166708e-01,-1.087149362981569556e-02,3.965680158534131139e-01,-5.446733009688355803e-02,3.891565633477269692e-01,2.712390237284547645e-01,1.188877085937347089e-01,1.000000000000000000e+00,-6.052600247007924178e-02,1.757904969680795237e-01,1.162189000192740823e-01,3.005370255568878823e-01,9.722806669946190694e-02,-7.429862784817427290e-02,3.571919413492353201e-01,1.935057015835984218e-01,4.294388065196803606e-01,-3.187587102622712470e-02,-4.639372812656986089e-02,2.640766146693880323e-01,3.524539303538681279e-01,-6.762123844672812689e-02,1.999464820904713891e-01,1.073220107859651322e-02,1.579184237244704303e-01,2.897936801190837408e-01
4.013766886258658961e-01,5.482324224169162763e-01,5.392816388702783570e-01,1.056936262391001968e-01,4.351746755228376173e-01,-1.488352477200315148e-03,-1.157609616033709321e-01,-3.190007175544176676e-01,3.174943345444614096e-01,5.449294577581701438e-01,2.231859945486645569e-01,4.641336206528278163e-01,2.921684049289770546e-01,5.656395980958550673e-01,6.629972289397569885e-01,5.386834226486921784e-01,1.880514564517850040e-01,3.400452015677475348e-01,1.261934265108440589e-01,3.260421379173337186e-01,-6.052600247007924178e-02,1.000000000000000000e+00,3.046850259676327499e-01,2.806235282321201674e-01,5.323228622741661420e-01,4.966565645671640605e-01,6.830936188570877476e-01,5.673072442503880319e-01,5.316186278159603651e-01,4.372093010887717623e-01,7.000054997019060643e-01,5.952712223803996450e-01,3.489089511310510816e-01,4.113782322490226462e-01,4.888038399837936199e-01,5.776777953951995892e-01,6.463438615350637351e-01,1.602844624613737057e-01,4.977988188974242223e-01
6.474247736330889236e-01,6.364443298208212196e-01,4.959367528976473816e-01,-1.450542750280515714e-01,5.048739730501058398e-01,4.869265215872154440e-01,1.565125320749357618e-01,-2.271213433108107971e-01,5.447914047331960941e-01,7.003190239952756802e-01,6.166053721326053561e-01,7.542360259320649019e-02,6.738056477114641452e-02,6.075636824050455465e-01,9.267850777678579566e-02,6.499363005728235887e-01,3.270242103937113787e-01,5.342806284328312921e-02,4.963344011078354434e-01,-1.979304538197965702e-01,1.757904969680795237e-01,3.046850259676327499e-01,1.000000000000000000e+00,5.141916502371181030e-01,5.946279161230741961e-01,6.095516605880589855e-01,4.817584234359165163e-01,3.067239358540715388e-01,4.693416565188524014e-01,6.026141057577563132e-01,5.029726987420569673e-01,5.122988926846600011e-01,6.271373529469633779e-01,2.790693824464285377e-01,5.005233104915517428e-01,4.322683154221900748e-01,4.929531328959793623e-01,4.558318997958458740e-01,3.359889318590675300e-01
5.262974554094198565e-01,4.391201595679897207e-01,4.229760053331760306e-01,8.422724250696195236e-02,2.862142865790953672e-01,5.410733320944677294e-01,1.125696525050813857e-01,-1.197680980758775333e-02,2.190859314085510101e-01,5.868438654336530780e-01,4.691275353215588750e-01,-2.347708188727398726e-02,-1.382971559417039975e-02,6.736885937787187029e-01,1.864526249787838708e-01,3.308946457279237086e-01,2.500423639425329303e-01,2.495023865100930438e-01,2.444436054810767978e-01,1.391152299080523208e-02,1.162189000192740823e-01,2.806235282321201674e-01,5.141916502371181030e-01,1.000000000000000000e+00,4.540528263854872737e-01,6.287323200285717117e-01,3.721294633806346286e-01,4.893779010743764535e-01,5.821569890232191069e-01,3.382209690626175047e-01,3.718802974392271254e-01,3.732815377760413389e-01,7.349191594375984460e-01,3.227503920071226468e-02,6.581605282635891729e-01,3.994522484113250393e-01,4.851312383618934243e-01,3.934792348487560210e-01,1.794582894989057986e-01
6.918371340430928829e-01,7.204846914873541674e-01,6.170855837693954848e-01,8.011061454234007229e-02,6.881960420465672579e-01,2.505585204374851105e-01,-2.980666725896133872e-03,-4.557487963920681118e-01,5.955597497233786619e-01,7.627230591276383809e-01,4.055540404996345050e-01,3.560625394504037811e-01,1.327004222531312505e-01,6.349012399554551100e-01,5.012795517538057855e-01,7.168202952169357989e-01,2.815841382476636512e-01,4.434280133892020692e-01,3.505266592480679733e-01,1.225879754697003637e-01,3.005370255568878823e-01,5.323228622741661420e-01,5.946279161230741961e-01,4.540528263854872737e-01,1.000000000000000000e+00,6.317681848888700991e-01,6.341218038897660225e-01,7.067609235404831436e-01,5.967745135886757257e-01,7.186377644156727307e-01,5.823566494027668794e-01,5.524841815632078879e-01,5.467644727722709153e-01,4.645205101510426204e-01,4.128022475452902129e-01,6.772302914877345037e-01,5.930801504946960900e-01,3.874398915927024789e-01,5.787625917294388911e-01
7.539804113514287920e-01,6.382996235400036911e-01,5.663254207852685962e-01,1.081645418116141365e-02,5.042895234966270346e-01,4.941061033064345076e-01,1.468083783878619264e-01,-2.355342013356800102e-01,4.951376436230864875e-01,7.332101697841612031e-01,5.577326027912425932e-01,1.090072375399390864e-01,-1.062253810603143167e-01,6.486336389222100429e-01,3.981135040424755855e-01,5.593139642394222566e-01,3.980749818644619409e-01,3.401214060375777892e-01,4.774451805483785893e-01,-1.966556230920319184e-02,9.722806669946190694e-02,4.966565645671640605e-01,6.095516605880589855e-01,6.287323200285717117e-01,6.317681848888700991e-01,1.000000000000000000e+00,6.394007634651933669e-01,5.931291028783181041e-01,7.393916817421447574e-01,6.009550053601018238e-01,6.587032848131013640e-01,6.129965784277470187e-01,6.700891090671090566e-01,2.477070043943760125e-01,6.758266288607038819e-01,4.590772174641878367e-01,6.861214736608117759e-01,5.429427340702823734e-01,2.580126884055134462e-01
4.739798218519312156e-01,5.917519998517954960e-01,5.683729470642716608e-01,5.505330402852749022e-02,5.116377404749332669e-01,1.752302172576650496e-01,-1.136468854823041580e-01,-3.255011576707905196e-01,3.446560709786740673e-01,5.565667921393702144e-01,3.296692391277729617e-01,6.186159769586874191e-01,4.575263010112232825e-02,5.983198520522744479e-01,5.588981440143562240e-01,5.460332511465023630e-01,3.262181756024206125e-01,3.626654307234253305e-01,3.535243594787944033e-01,1.068160167942109884e-01,-7.429862784817427290e-02,6.830936188570877476e-01,4.817584234359165163e-01,3.721294633806346286e-01,6.341218038897660225e-01,6.394007634651933669e-01,1.000000000000000000e+00,5.511835074936703993e-01,5.332393888575295282e-01,4.631314620145035033e-01,8.033157294774956325e-01,8.073348040138511594e-01,4.085954673995726427e-01,4.519088096858221437e-01,4.874941530645229837e-01,5.772399361466559187e-01,7.814309759541832046e-01,2.213438223454822773e-01,6.015035986616344976e-01
6.103321630014535426e-01,5.938245903479634213e-01,6.561077840951313744e-01,1.797479048064396512e-01,6.285795340745078397e-01,1.901641891151518160e-01,-1.206407174731480014e-01,-4.514977544049244562e-01,4.875538043094150287e-01,6.579061992785242285e-01,3.501211235943517130e-01,3.219752003900243076e-01,2.212995598160096278e-01,6.296670016875438591e-01,5.752473404868343465e-01,5.832812849511409548e-01,2.314056352423289331e-01,5.150826889054221924e-01,2.020014183858656609e-01,2.789312938659165297e-01,3.571919413492353201e-01,5.673072442503880319e-01,3.067239358540715388e-01,4.893779010743764535e-01,7.067609235404831436e-01,5.931291028783181041e-01,5.511835074936703993e-01,1.000000000000000000e+00,7.028799493447313029e-01,5.511452449932640052e-01,5.667223860463597163e-01,4.890371551245693005e-01,6.108780201296565293e-01,4.223413681611621895e-01,4.969632752722859537e-01,5.632824747543638821e-01,6.358709919108576081e-01,3.038919032083712279e-01,5.496391212199679410e-01
7.060999038913807757e-01,6.684737144909588258e-01,4.755520151065520951e-01,1.425177975643044936e-01,4.523338162441327137e-01,5.803866330803246765e-01,4.971988969740048780e-03,-1.689396907020851990e-01,3.923326692024642348e-01,7.201535707502360051e-01,5.559944252166364453e-01,7.300653902082257507e-02,2.469777709293623502e-01,6.270297640979421994e-01,4.649518805399535659e-01,5.552673367393184956e-01,2.251307137865095065e-01,3.083119006307375454e-01,1.104783230470155336e-01,2.706068095797805606e-01,1.935057015835984218e-01,5.316186278159603651e-01,4.693416565188524014e-01,5.821569890232191069e-01,5.967745135886757257e-01,7.393916817421447574e-01,5.332393888575295282e-01,7.028799493447313029e-01,1.000000000000000000e+00,4.840212852038852098e-01,6.345482289105209839e-01,6.168672086106259389e-01,6.618473176547660097e-01,1.187830750374113398e-01,7.334973994890050530e-01,3.357329621336195835e-01,7.722600506958617883e-01,2.789864296887495376e-01,2.670339861001371218e-01
7.712065250152266849e-01,7.381365005890306863e-01,6.644987054062959642e-01,1.358504558723869493e-01,7.504251284165788238e-01,1.935010587118754233e-01,2.325091019325097597e-01,-4.627808205345241843e-01,8.007136709371825978e-01,7.620399975122040814e-01,4.097594844700804817e-01,2.007735218675957556e-01,6.790209657733684012e-02,5.662587666761140781e-01,3.165163143646695376e-01,8.060684796478388980e-01,2.260415494119071000e-01,4.010912307085464645e-01,4.728685641758904601e-01,6.988931405344359082e-03,4.294388065196803606e-01,4.372093010887717623e-01,6.026141057577563132e-01,3.382209690626175047e-01,7.186377644156727307e-01,6.009550053601018238e-01,4.631314620145035033e-01,5.511452449932640052e-01,4.840212852038852098e-01,1.000000000000000000e+00,4.642698620961312472e-01,4.437696985969256103e-01,4.753894494480547794e-01,5.254270416700396185e-01,2.906583972019768924e-01,6.272332157487811033e-01,4.393546474827663695e-01,4.208005656424202989e-01,4.838893452872509715e-01
4.982495233446143645e-01,6.241418262986958565e-01,5.757134194402225846e-01,5.700619784913572158e-03,4.573548692407633509e-01,2.488901915531477049e-01,-7.681661214623447531e-02,-3.142769977995896746e-01,3.716537973904846526e-01,6.182817435741386758e-01,4.260475366249478202e-01,4.288235274393314422e-01,1.042092380075202857e-01,6.143520044743243647e-01,4.795066473122279738e-01,5.944346518792333889e-01,3.206914766985881626e-01,2.453902449913648587e-01,3.194999915439007410e-01,8.086680582095406855e-02,-3.187587102622712470e-02,7.000054997019060643e-01,5.029726987420569673e-01,3.718802974392271254e-01,5.823566494027668794e-01,6.587032848131013640e-01,8.033157294774956325e-01,5.667223860463597163e-01,6.345482289105209839e-01,4.642698620961312472e-01,1.000000000000000000e+00,7.957184642347883141e-01,4.852425122150113013e-01,3.307782529697989027e-01,5.885111545888073170e-01,4.329350881634585479e-01,8.211118596169815209e-01,1.379328040603706729e-01,4.384456901834400955e-01
4.987634363457977282e-01,6.234016843993377410e-01,4.567175316451984046e-01,-1.525212969044520764e-02,4.305809980377131030e-01,4.228285935998323808e-01,-9.070424804632570837e-02,-1.916699646242470134e-01,3.257128598563566180e-01,5.316805056035004418e-01,4.569198903868356143e-01,4.051727859219958483e-01,5.829276862631411343e-02,5.207071699627666694e-01,4.128389043456787144e-01,5.092402476380764043e-01,3.248173583831960309e-01,1.875599239205828217e-01,2.545610025725507097e-01,4.570335665249530138e-02,-4.639372812656986089e-02,5.952712223803996450e-01,5.122988926846600011e-01,3.732815377760413389e-01,5.524841815632078879e-01,6.129965784277470187e-01,8.073348040138511594e-01,4.890371551245693005e-01,6.168672086106259389e-01,4.437696985969256103e-01,7.957184642347883141e-01,1.000000000000000000e+00,3.812216630277685536e-01,2.374165215106628368e-01,5.190944220891363647e-01,3.881545263889792374e-01,8.509886991144642865e-01,9.859467155323098364e-02,3.822334009518855158e-01
6.182988537284613839e-01,5.317386229387051078e-01,6.534368317248089308e-01,1.067285866537421787e-02,5.058056284512462142e-01,4.161948657474789370e-01,9.154651913932734808e-02,-2.522944716169390200e-01,4.903947572175076930e-01,6.896498952660115034e-01,6.325371498629079881e-01,5.936644873194904873e-03,1.821561659934511079e-01,7.252490629511403331e-01,2.376239349082994445e-01,5.086016820718120002e-01,3.688738136444326132e-01,2.386086189780520228e-01,4.087687786863030137e-01,-3.503819009049842503e-02,2.640766146693880323e-01,3.489089511310510816e-01,6.271373529469633779e-01,7.349191594375984460e-01,5.467644727722709153e-01,6.700891090671090566e-01,4.085954673995726427e-01,6.108780201296565293e-01,6.618473176547660097e-01,4.753894494480547794e-01,4.852425122150113013e-01,3.812216630277685536e-01,1.000000000000000000e+00,2.500821177520283212e-01,6.965061037421597101e-01,4.008652414065002056e-01,5.211881706509194911e-01,5.030196399514464956e-01,3.426233554719353980e-01
3.151032937299138026e-01,3.258144175334070636e-01,6.021094932440005376e-01,1.377230008620213275e-01,6.682019552370006554e-01,-3.179205086155768578e-01,3.651568293901222978e-02,-4.904986173016347983e-01,6.558842012135954747e-01,3.795029800299172251e-01,1.516068928992813092e-01,5.510225689006089667e-01,1.586870932979833060e-01,3.411024868642190677e-01,4.095162631167497125e-01,5.469160036875868602e-01,2.465405554218783601e-01,4.075420536123094961e-01,4.534117225633169102e-01,1.602654738918391636e-02,3.524539303538681279e-01,4.113782322490226462e-01,2.790693824464285377e-01,3.227503920071226468e-02,4.645205101510426204e-01,2.477070043943760125e-01,4.519088096858221437e-01,4.223413681611621895e-01,1.187830750374113398e-01,5.254270416700396185e-01,3.307782529697989027e-01,2.374165215106628368e-01,2.500821177520283212e-01,1.000000000000000000e+00,2.983952598554381191e-02,4.964208106983473145e-01,2.454813052566702791e-01,2.324586594907566417e-01,6.730789785412703008e-01
4.871615257425972456e-01,4.860019618230579930e-01,4.707813660967773428e-01,-2.958846728553994263e-02,3.027526711451529184e-01,4.931456226565131828e-01,-2.995596834059368468e-02,-1.232165104099405134e-01,1.998421398000529703e-01,5.819810450694890003e-01,5.294666123796264445e-01,5.575984854975511024e-02,1.874622297119371284e-01,7.334902598707984112e-01,3.391971746267444798e-01,3.493148511822445346e-01,2.224802017068614746e-01,1.432921049176870965e-01,1.669526657348340826e-01,8.131813952661277878e-02,-6.762123844672812689e-02,4.888038399837936199e-01,5.005233104915517428e-01,6.581605282635891729e-01,4.128022475452902129e-01,6.758266288607038819e-01,4.874941530645229837e-01,4.969632752722859537e-01,7.334973994890050530e-01,2.906583972019768924e-01,5.885111545888073170e-01,5.190944220891363647e-01,6.965061037421597101e-01,2.983952598554381191e-02,1.000000000000000000e+00,3.255459636538844959e-01,6.783356963452515931e-01,3.301050571368844277e-01,1.827374504198149840e-01
5.288223585491567125e-01,5.586796108792652094e-01,5.858144904034858769e-01,1.502046881864795569e-01,6.159622931966929338e-01,-3.922557768491934105e-02,-1.608711461290562514e-02,-4.228097552843938511e-01,4.333616058346980715e-01,6.090480490050688145e-01,1.663689250042977019e-01,5.248506408248300170e-01,1.080815158440132512e-01,6.711821393931016733e-01,5.291421172278201190e-01,6.318335687022669234e-01,1.393376611119713504e-01,4.918405195349286330e-01,3.199243929350422677e-01,1.717081563343230977e-01,1.999464820904713891e-01,5.776777953951995892e-01,4.322683154221900748e-01,3.994522484113250393e-01,6.772302914877345037e-01,4.590772174641878367e-01,5.772399361466559187e-01,5.632824747543638821e-01,3.357329621336195835e-01,6.272332157487811033e-01,4.329350881634585479e-01,3.881545263889792374e-01,4.008652414065002056e-01,4.964208106983473145e-01,3.255459636538844959e-01,1.000000000000000000e+00,4.087112609412866804e-01,4.218525628699369423e-01,6.389946487603038738e-01
5.769250984360692058e-01,6.604605999503079250e-01,5.186775000125952717e-01,6.089294961673417245e-02,4.570748799395522588e-01,4.329798982286126030e-01,-1.098889408835312942e-01,-2.133979400388008596e-01,3.372283832193119224e-01,6.302866318079521912e-01,4.723527293367751345e-01,3.533021933885627797e-01,1.827771192910239706e-01,6.392521035713770727e-01,5.064284530428670994e-01,5.549315608375855469e-01,2.786723250101816873e-01,2.413098323593892425e-01,1.925584025797794918e-01,1.681910911358441563e-01,1.073220107859651322e-02,6.463438615350637351e-01,4.929531328959793623e-01,4.851312383618934243e-01,5.930801504946960900e-01,6.861214736608117759e-01,7.814309759541832046e-01,6.358709919108576081e-01,7.722600506958617883e-01,4.393546474827663695e-01,8.211118596169815209e-01,8.509886991144642865e-01,5.211881706509194911e-01,2.454813052566702791e-01,6.783356963452515931e-01,4.087112609412866804e-01,1.000000000000000000e+00,1.265435525304205167e-01,4.023738517437767115e-01
4.447467542180577604e-01,2.075552139311410971e-01,3.803935671799391627e-01,4.513328406319157965e-02,3.322957300129371072e-01,1.780179402727063154e-01,2.460814483005028808e-01,-1.639602445380838602e-01,3.799538732372731431e-01,4.271439522274897982e-01,3.452653105976264958e-01,9.099259377091555023e-02,-4.028551723004249879e-02,3.585271920103236254e-01,2.458341012089365063e-01,2.814985018238889136e-01,3.152167537474038217e-01,2.897941211919670135e-01,5.189987350027214230e-01,-1.480592580522274437e-01,1.579184237244704303e-01,1.602844624613737057e-01,4.558318997958458740e-01,3.934792348487560210e-01,3.874398915927024789e-01,5.429427340702823734e-01,2.213438223454822773e-01,3.038919032083712279e-01,2.789864296887495376e-01,4.208005656424202989e-01,1.379328040603706729e-01,9.859467155323098364e-02,5.030196399514464956e-01,2.324586594907566417e-01,3.301050571368844277e-01,4.218525628699369423e-01,1.265435525304205167e-01,1.000000000000000000e+00,2.990750170227864935e-01
3.584417022716904766e-01,4.481659519021337634e-01,6.012122417942878938e-01,2.871499108919114418e-01,5.766063883962977421e-01,-1.902502460266528583e-01,-1.490604065727926288e-02,-4.516279279220004050e-01,4.608620009293386555e-01,4.731955976917340823e-01,1.613305503566135890e-01,6.859957150862960873e-01,3.187811566174011402e-01,4.794340663849138151e-01,4.489246002796632440e-01,5.666158754476025017e-01,1.597471497676984098e-01,4.010497841046175016e-01,3.055345686587052634e-01,2.502968355302765402e-01,2.897936801190837408e-01,4.977988188974242223e-01,3.359889318590675300e-01,1.794582894989057986e-01,5.787625917294388911e-01,2.580126884055134462e-01,6.015035986616344976e-01,5.496391212199679410e-01,2.670339861001371218e-01,4.838893452872509715e-01,4.384456901834400955e-01,3.822334009518855158e-01,3.426233554719353980e-01,6.730789785412703008e-01,1.827374504198149840e-01,6.389946487603038738e-01,4.023738517437767115e-01,2.990750170227864935e-01,1.000000000000000000e+00
