1.000000000000000000e+00,7.080996304960106569e-01,1.396026762366000817e-01,-2.735230348341027296e-01,4.900433924371561667e-01,-1.974138468813046166e-01,-5.150512148746367869e-01,2.367367166456488346e-03,7.117931862228730200e-01,6.001558786032774595e-01,-9.458089596197179205e-02,2.319286699839902544e-01,-1.642625738670003277e-01,6.075597075118198687e-01,4.847058099387344110e-01,6.685915469771502861e-01,1.906049151639104822e-01,1.941256995454171130e-01,-2.814908475389199180e-02,-3.787168292351750787e-01,-1.460870459860615367e-01,-3.626270186336378321e-01,5.009855627683350576e-01,2.013321542874452752e-01,6.836712347730093953e-01,4.293873021780055255e-01,1.548230916911663979e-01,2.285072578546385458e-01,4.774402273984542644e-01,6.537322361744284382e-01,-7.087260057943496616e-02,2.907716401588789079e-01,-1.667422455617695309e-01,5.761945765316487389e-01,-1.371823426778535915e-01,6.613535706314190854e-01,-4.248851766720773693e-02,7.481718237083753165e-01,5.257358658290366415e-01
7.080996304960106569e-01,1.000000000000000000e+00,3.168156057086793376e-01,-2.488788035508481267e-01,6.810154839580424557e-01,-1.973251794771812007e-01,-4.424761003271948101e-01,-1.518647203771395504e-01,8.290169957814657042e-01,7.238912461093526263e-01,5.369608531464908907e-02,4.514509575722359669e-01,-3.096449288441786574e-01,7.216183375821335622e-01,2.902166554757326655e-01,7.098288349560013533e-01,2.074293886781021778e-01,1.007502389583970343e-01,7.283773807851572080e-02,-4.742012013301555307e-01,-1.955535839820362609e-01,-2.765947454318946619e-01,7.491963478336286508e-01,4.154079901471429137e-01,7.981076492066966344e-01,4.501556368353524795e-01,4.882161670321653602e-01,4.096706217392549754e-02,2.201237414896500821e-01,6.736551493637997767e-01,2.691877343973904102e-01,5.779756266466021808e-01,-1.016769495732197659e-01,7.206686261155715867e-01,-2.721895598687614978e-02,7.435708701279072352e-01,1.079174400060936012e-01,7.603872939619643612e-01,7.345699482380745327e-01
1.396026762366000817e-01,3.168156057086793376e-01,1.000000000000000000e+00,3.112724900975846754e-01,3.076924668154933928e-01,1.252169510981016864e-01,3.362997280843252335e-01,-7.651928874120192958e-01,3.289556099551038115e-01,1.134299332730427379e-01,3.457521684897859604e-01,5.599848331891797981e-01,-2.733947833460562693e-01,2.296545790885266558e-01,3.245846204681342440e-01,7.789250573034937897e-02,2.608562409702286922e-01,5.310949478481565844e-01,6.252691703525844469e-01,2.226137520195016761e-01,5.134196045730516911e-01,5.257401305358895272e-01,4.423885740303938330e-01,5.169271553398835373e-01,2.458312512411234829e-01,6.563621366713831007e-01,6.932167272302548477e-01,1.758383328887052066e-01,1.794046357269247216e-01,2.441116574551028540e-01,7.083666154886796296e-01,6.017759341258068773e-01,5.369139202952769585e-01,5.059116948783113354e-01,2.114781943640260675e-01,1.425642832184795539e-01,3.955995691664796476e-01,6.410910352054850769e-02,2.990444992619024078e-01
-2.735230348341027296e-01,-2.488788035508481267e-01,3.112724900975846754e-01,1.000000000000000000e+00,-6.169452318194570267e-02,-3.495441332761275999e-02,5.329873667503616241e-01,-4.081193796686622410e-01,-2.012667396726040003e-01,-2.084502154411003449e-01,2.660883179190753900e-01,2.532692720673869191e-01,4.141751432316619352e-01,-2.068280043723030870e-01,6.722268247285179132e-02,-1.665495958493393991e-01,2.835428425899019778e-01,5.473976976510405157e-01,6.168719129775065424e-01,4.962186859731219091e-01,5.966540781709009922e-01,5.883871986155312372e-01,-1.874136913790561410e-01,-1.171435879321588852e-01,-2.823118088846549578e-01,9.004908474531272966e-02,1.868342304963373501e-01,3.668557660550050836e-01,5.182697729836419770e-02,-1.593513020334003660e-01,7.475468051706803119e-02,5.145245721309909398e-02,6.203198600255002138e-01,-6.408246820277184452e-02,1.336903917217517786e-02,-2.854239219887077517e-01,2.457460446132766207e-01,-4.431855956058328161e-01,-8.155461041458299254e-02
4.900433924371561667e-01,6.810154839580424557e-01,3.076924668154933928e-01,-6.169452318194570267e-02,1.000000000000000000e+00,-2.436363396168672868e-01,-3.640717933943437012e-01,-1.675953462371796154e-01,6.896749906496202343e-01,6.312947862428216483e-01,2.619643206441681776e-02,3.774592901547325074e-01,-2.910393386874396415e-01,6.221954888239913384e-01,8.668021541784724782e-02,6.066768386250576128e-01,1.518821233102012613e-01,1.071421688608010236e-01,3.168238608524168720e-01,-4.700036662997392201e-01,-2.936869201456169809e-01,-2.906728413254793253e-01,6.303514068330996478e-01,3.033472364906217300e-01,6.587324483104831652e-01,3.152729291310734094e-01,3.969381465754474592e-01,-4.161181173708437125e-02,3.681938260502522903e-02,5.437723922566312096e-01,2.581202652075915149e-01,4.259649412253166401e-01,-1.090993177546413090e-01,7.502210072001174179e-01,-3.102308261167852771e-02,6.682435449156807206e-01,4.023970568207910908e-02,6.081759143331814110e-01,5.756897510330309942e-01
-1.974138468813046166e-01,-1.973251794771812007e-01,1.252169510981016864e-01,-3.495441332761275999e-02,-2.436363396168672868e-01,1.000000000000000000e+00,4.381288434518625374e-01,-3.191782132054513665e-01,-2.234652978306241322e-01,-3.756108879710393089e-01,-3.399155491395382533e-01,-1.078698828328907566e-01,-4.104202802635181779e-01,-2.632831066645773266e-01,-3.370884878292660369e-01,-3.661072655331359949e-01,-6.235424659239148237e-01,6.674925596846643938e-02,6.631065619524428856e-02,1.313342556764804381e-01,6.027814622664574851e-02,1.950652124134475973e-01,2.071229379706481660e-02,4.651107870248832876e-01,-3.970827998177776236e-02,2.515317722288948898e-01,1.308953251552746888e-01,-4.297955588688743278e-01,2.660282349073798680e-01,-7.445263536746305096e-03,3.956471986234085803e-01,2.300722843317421773e-01,-8.677587677398615473e-02,-6.070615441967085191e-02,5.935720135788123963e-01,-2.032248861393221029e-01,4.099500190694204682e-01,-3.060935034494155493e-01,-3.946855037308816816e-01
-5.150512148746367869e-01,-4.424761003271948101e-01,3.362997280843252335e-01,5.329873667503616241e-01,-3.640717933943437012e-01,4.381288434518625374e-01,1.000000000000000000e+00,-5.254623635947857085e-01,-4.772450980739377790e-01,-5.999096967157329097e-01,2.061791284860378104e-01,-4.993521112474513107e-02,3.046837277662283600e-02,-5.347828456099158467e-01,-2.111745408774066968e-01,-5.903341644581631131e-01,-1.029748206521265974e-01,3.218317512625632482e-01,4.518747523221381956e-01,5.903036130565204598e-01,5.730320956241955477e-01,7.244437847105256179e-01,-2.287951027199284226e-01,1.692948466867483792e-01,-4.337177578573935266e-01,1.812845801086875319e-01,1.569312777064368059e-01,-3.089768706403214424e-02,-2.909947468558131412e-02,-3.515717809304486630e-01,3.572997799722334444e-01,1.975983332334017156e-02,4.660658261403331504e-01,-2.656860243936878252e-01,3.264162219525802988e-01,-5.916154761547778307e-01,2.484166140506732234e-01,-6.524224217368826961e-01,-4.820381035404120995e-01
2.367367166456488346e-03,-1.518647203771395504e-01,-7.651928874120192958e-01,-4.081193796686622410e-01,-1.675953462371796154e-01,-3.191782132054513665e-01,-5.254623635947857085e-01,1.000000000000000000e+00,-1.818372931451937291e-01,1.039610393665138521e-01,-3.350375928268247150e-01,-5.020534114604497944e-01,1.946657102396093242e-01,4.066271395910589677e-03,-1.471672881167248037e-01,8.905951688172476788e-02,-1.554067963159831978e-01,-6.028575463334535645e-01,-6.693975312770983344e-01,-3.252466708845368482e-01,-5.290975573024168099e-01,-6.692726328257001533e-01,-3.763078872434508226e-01,-5.724338394999365365e-01,-1.582835531120433958e-01,-5.637782694538799877e-01,-6.621218687092733646e-01,-4.199407447653571990e-02,-1.261179716901919545e-01,-1.385156747207343386e-01,-6.381104655806753012e-01,-5.505813666457937128e-01,-5.593467935351793541e-01,-3.883347429413757101e-01,-2.435786187795291602e-01,2.643102101636301063e-02,-4.671140174106475640e-01,8.120067625622127971e-02,-1.304593142867881417e-01
7.117931862228730200e-01,8.290169957814657042e-01,3.289556099551038115e-01,-2.012667396726040003e-01,6.896749906496202343e-01,-2.234652978306241322e-01,-4.772450980739377790e-01,-1.818372931451937291e-01,1.000000000000000000e+00,7.410474341736027482e-01,5.238738433875895356e-02,5.742087490854430598e-01,-1.981945160411931195e-01,7.593419592139847296e-01,4.193844039918537270e-01,7.385487034430284758e-01,2.737188447223188326e-01,2.374818111735989834e-01,1.383445770755783732e-01,-4.461303126863494506e-01,-1.507855185134830134e-01,-2.376922888011902546e-01,7.604804233113973133e-01,3.877328998250084702e-01,8.144537101886312191e-01,4.688372543233075840e-01,5.162484661098003524e-01,1.342892461302841456e-01,3.064079638122684246e-01,7.420377876896292468e-01,2.320717262803419501e-01,5.895657574753604413e-01,-1.085876571212128668e-02,7.538946889909375892e-01,-1.890963596233890230e-03,7.786069000964719322e-01,1.616382635877347262e-01,7.685796390992902793e-01,7.934497609302608723e-01
6.001558786032774595e-01,7.238912461093526263e-01,1.134299332730427379e-01,-2.084502154411003449e-01,6.312947862428216483e-01,-3.756108879710393089e-01,-5.999096967157329097e-01,1.039610393665138521e-01,7.410474341736027482e-01,1.000000000000000000e+00,-9.984442005891343286e-02,4.666806540031899764e-01,-7.951508250643969655e-02,8.014229942953420283e-01,3.703046823755267170e-01,8.638244953078615396e-01,2.021720240850242711e-01,6.958726482214543096e-02,2.703997606358674727e-03,-4.838701503056026532e-01,-2.763961934523700981e-01,-4.144375429705168257e-01,5.708842790509909282e-01,1.512157246189782256e-01,7.152785377510704201e-01,2.222482918841165722e-01,3.040636379472624884e-01,1.724634655706460129e-01,2.370979648812866492e-01,7.000881624744575982e-01,4.788040867096431813e-02,3.827302326607854854e-01,-1.185040680953247799e-01,6.088376866068739846e-01,-5.805556500734387199e-02,7.988885945997215021e-01,7.125986002722271839e-02,7.214447296716627323e-01,7.469456546636348282e-01
-9.458089596197179205e-02,5.369608531464908907e-02,3.457521684897859604e-01,2.660883179190753900e-01,2.619643206441681776e-02,-3.399155491395382533e-01,2.061791284860378104e-01,-3.350375928268247150e-01,5.238738433875895356e-02,-9.984442005891343286e-02,1.000000000000000000e+00,2.706640033025699554e-01,2.191621846232179038e-01,-1.395191785350920199e-01,1.962660693127916967e-01,-1.590395673810595378e-01,7.178623687940622888e-01,2.098293446767170722e-01,3.039885658020269332e-01,3.359208086702292761e-01,4.350189213486730377e-01,5.382650315471211311e-01,1.728500145391290710e-01,5.295534695526512431e-02,-1.149283729054538655e-01,1.120460698735058214e-02,2.565900831830169593e-01,2.692157902855558116e-01,-3.297229753868555768e-01,-1.991740540443617535e-01,1.869990281133923349e-01,9.644375934787643989e-02,6.003579609596836342e-01,4.313273503264285214e-02,-3.267972792678787153e-01,-2.329595449161541709e-01,-1.944869737160182521e-01,-4.368027798326334921e-02,2.211895267326009773e-01
2.319286699839902544e-01,4.514509575722359669e-01,5.599848331891797981e-01,2.532692720673869191e-01,3.774592901547325074e-01,-1.078698828328907566e-01,-4.993521112474513107e-02,-5.020534114604497944e-01,5.742087490854430598e-01,4.666806540031899764e-01,2.706640033025699554e-01,1.000000000000000000e+00,9.013773263426994031e-02,4.718556487531238020e-01,4.709866642954689819e-01,4.251383391258521383e-01,3.770835951223207028e-01,6.018963102489324202e-01,4.993476605629570964e-01,1.149734652097086050e-02,3.217488928467456266e-01,3.289421200696038827e-01,5.856310702706902793e-01,4.008719319564963413e-01,4.647241622731592692e-01,4.140766847010382556e-01,7.120868677057541341e-01,2.926741325393726889e-01,2.276955867408193557e-01,4.596271626999512416e-01,4.271175517816235834e-01,6.471700185365288904e-01,5.136134404347486582e-01,6.104461217328045475e-01,1.321996930402199455e-01,4.161422447766472965e-01,4.427370892332440078e-01,3.052174990413617506e-01,6.786356529160917361e-01
-1.642625738670003277e-01,-3.096449288441786574e-01,-2.733947833460562693e-01,4.141751432316619352e-01,-2.910393386874396415e-01,-4.104202802635181779e-01,3.046837277662283600e-02,1.946657102396093242e-01,-1.981945160411931195e-01,-7.951508250643969655e-02,2.191621846232179038e-01,9.013773263426994031e-02,1.000000000000000000e+00,-1.757593085542020483e-01,3.230441755000694193e-01,-1.984365678688701159e-02,4.259490355213945145e-01,2.669213912875172956e-01,4.990543646436391978e-02,3.254258572911343239e-01,3.332138665626254714e-01,2.205819249527757320e-01,-3.698088489708677984e-01,-5.440357367761118335e-01,-3.264503612736115445e-01,-2.829298187473787141e-01,-2.314117302971064882e-01,5.975820332243508837e-01,5.322768929511274838e-02,-1.655581326040011236e-01,-5.118941295643731904e-01,-3.086955138487071371e-01,4.147313629951332459e-01,-3.410022233164981542e-01,-2.071760995389471671e-01,-2.333273928959320453e-01,-5.637864194131397833e-02,-2.412251417064343317e-01,2.079911312340054080e-02
6.075597075118198687e-01,7.216183375821335622e-01,2.296545790885266558e-01,-2.068280043723030870e-01,6.221954888239913384e-01,-2.632831066645773266e-01,-5.347828456099158467e-01,4.066271395910589677e-03,7.593419592139847296e-01,8.014229942953420283e-01,-1.395191785350920199e-01,4.718556487531238020e-01,-1.757593085542020483e-01,1.000000000000000000e+00,4.017730127509147597e-01,7.929968682073875730e-01,1.406032982061447001e-01,1.216465471432492396e-01,3.855675842704939238e-02,-5.103167310332091811e-01,-2.160329475986380310e-01,-3.695239621878466107e-01,5.788701264080906572e-01,2.579233972187597312e-01,7.164385224389355766e-01,3.872388387934276865e-01,3.878796945846001987e-01,1.845138422646526166e-01,3.585011782319507678e-01,7.272674319170052692e-01,1.631731335623516632e-01,4.916964140528410909e-01,-8.399188412331957954e-02,6.287737709272501752e-01,8.763878974730571203e-02,7.833093342011276938e-01,2.204542086056646422e-01,6.742533996416533171e-01,7.008551789150063716e-01
4.847058099387344110e-01,2.902166554757326655e-01,3.245846204681342440e-01,6.722268247285179132e-02,8.668021541784724782e-02,-3.370884878292660369e-01,-2.111745408774066968e-01,-1.471672881167248037e-01,4.193844039918537270e-01,3.703046823755267170e-01,1.962660693127916967e-01,4.709866642954689819e-01,3.230441755000694193e-01,4.017730127509147597e-01,1.000000000000000000e+00,4.263446893039563590e-01,5.049212209068401069e-01,5.145461470886215638e-01,1.447942086146550567e-01,1.148710678274682123e-01,4.148555820049770748e-01,1.478845640860800836e-01,1.995075738687976108e-01,-2.098584164775721059e-02,2.624166241821747625e-01,4.234644104608583648e-01,2.211472053090507150e-01,6.787158239290872475e-01,5.242343522299677261e-01,4.290489986709710712e-01,-4.522038569391426122e-02,2.241524705015323915e-01,4.363540159338042401e-01,2.900278239147560666e-01,-2.168703601261941574e-02,3.078872449051793803e-01,1.612506883976001226e-01,3.453378408800582000e-01,4.766076948073110775e-01
6.685915469771502861e-01,7.098288349560013533e-01,7.789250573034937897e-02,-1.665495958493393991e-01,6.066768386250576128e-01,-3.661072655331359949e-01,-5.903341644581631131e-01,8.905951688172476788e-02,7.385487034430284758e-01,8.638244953078615396e-01,-1.590395673810595378e-01,4.251383391258521383e-01,-1.984365678688701159e-02,7.929968682073875730e-01,4.263446893039563590e-01,1.000000000000000000e+00,1.928315009563320026e-01,1.323901251853956407e-01,-7.378857483786537691e-03,-4.700539638207102966e-01,-2.388659515661744615e-01,-4.216833782290463351e-01,5.166543662666110981e-01,8.987511311850693296e-02,7.183669399186077831e-01,2.715908965869082148e-01,2.689742007758973985e-01,2.422421069500294566e-01,3.270698950956975604e-01,7.345833761921540805e-01,-4.629329531392391978e-02,3.396777069312260644e-01,-1.269251984939417932e-01,5.819917834872390117e-01,-7.735300918806423121e-02,8.092202467627411799e-01,8.820266751511375569e-02,7.272249627616432788e-01,7.116793204241873561e-01
1.906049151639104822e-01,2.074293886781021778e-01,2.608562409702286922e-01,2.835428425899019778e-01,1.518821233102012613e-01,-6.235424659239148237e-01,-1.029748206521265974e-01,-1.554067963159831978e-01,2.737188447223188326e-01,2.021720240850242711e-01,7.178623687940622888e-01,3.770835951223207028e-01,4.259490355213945145e-01,1.406032982061447001e-01,5.049212209068401069e-01,1.928315009563320026e-01,1.000000000000000000e+00,3.075919837030676174e-01,2.559353766780740891e-01,1.776917514725360192e-01,3.810917153257563639e-01,3.075673173715740005e-01,1.769415662941008216e-01,-1.456707443100741517e-01,5.818178729639657959e-02,3.235455823976281231e-02,1.771720825232369345e-01,5.860869170707022624e-01,-8.911086451084049287e-02,1.575121454141691774e-02,-8.244802946433556212e-02,8.754989800796139643e-02,5.588116995335108417e-01,1.413648996200568553e-01,-4.692682708495773403e-01,4.513606571803915890e-02,-1.767170489418116996e-01,1.834654685680499608e-01,4.590988363714933462e-01
1.941256995454171130e-01,1.007502389583970343e-01,5.310949478481565844e-01,5.473976976510405157e-01,1.071421688608010236e-01,6.674925596846643938e-02,3.218317512625632482e-01,-6.028575463334535645e-01,2.374818111735989834e-01,6.958726482214543096e-02,2.098293446767170722e-01,6.018963102489324202e-01,2.669213912875172956e-01,1.216465471432492396e-01,5.145461470886215638e-01,1.323901251853956407e-01,3.075919837030676174e-01,1.000000000000000000e+00,6.826296317667112090e-01,3.542959184929073690e-01,6.277021289146369476e-01,5.558395993907314647e-01,2.378943232966179711e-01,2.524941065177273014e-01,1.831538100281938086e-01,5.163493263787919396e-01,4.418910862247785731e-01,4.870589580926207307e-01,4.687663290531292604e-01,2.954522488442022365e-01,2.102060920234410657e-01,3.587825445561881321e-01,6.392805902016912567e-01,3.619649572731707399e-01,1.842924237752239514e-01,9.321315823453751870e-02,4.166247631643376637e-01,-2.732954519712225971e-02,2.202834071630067336e-01
-2.814908475389199180e-02,7.283773807851572080e-02,6.252691703525844469e-01,6.168719129775065424e-01,3.168238608524168720e-01,6.631065619524428856e-02,4.518747523221381956e-01,-6.693975312770983344e-01,1.383445770755783732e-01,2.703997606358674727e-03,3.039885658020269332e-01,4.993476605629570964e-01,4.990543646436391978e-02,3.855675842704939238e-02,1.447942086146550567e-01,-7.378857483786537691e-03,2.559353766780740891e-01,6.826296317667112090e-01,1.000000000000000000e+00,3.038518538348446429e-01,4.738811351438814157e-01,5.616459143312411140e-01,2.445684731753571817e-01,3.147427876214160536e-01,9.259419814772743007e-02,3.850324986070443045e-01,4.776840576166037078e-01,2.337605080837693583e-01,1.187613381262898060e-01,1.216012779750900441e-01,4.135821003251339278e-01,3.402332284467502466e-01,5.772027182799671641e-01,4.254524683578760347e-01,1.194491192469409740e-01,2.479626548542974897e-03,2.643741285814675268e-01,-1.276514061663016342e-01,1.127937233782901338e-01
-3.787168292351750787e-01,-4.742012013301555307e-01,2.226137520195016761e-01,4.962186859731219091e-01,-4.700036662997392201e-01,1.313342556764804381e-01,5.903036130565204598e-01,-3.252466708845368482e-01,-4.461303126863494506e-01,-4.838701503056026532e-01,3.359208086702292761e-01,1.149734652097086050e-02,3.254258572911343239e-01,-5.103167310332091811e-01,1.148710678274682123e-01,-4.700539638207102966e-01,1.776917514725360192e-01,3.542959184929073690e-01,3.038518538348446429e-01,1.000000000000000000e+00,6.583258603280066623e-01,6.472589483664110688e-01,-3.703886524084837872e-01,-1.248069138694069130e-01,-5.233771236566739926e-01,2.163482813149459130e-02,2.223656233519332934e-02,2.567045789649194942e-01,1.365454719924048127e-02,-3.684170084539346579e-01,5.185096570308810049e-02,-1.260758653619045155e-01,5.746350688765308190e-01,-3.708129902796324373e-01,7.502609162158035971e-02,-5.468637058937948492e-01,1.009799218422238049e-01,-5.287605540237323432e-01,-2.981362723038475937e-01
-1.460870459860615367e-01,-1.955535839820362609e-01,5.134196045730516911e-01,5.966540781709009922e-01,-2.936869201456169809e-01,6.027814622664574851e-02,5.730320956241955477e-01,-5.290975573024168099e-01,-1.507855185134830134e-01,-2.763961934523700981e-01,4.350189213486730377e-01,3.217488928467456266e-01,3.332138665626254714e-01,-2.160329475986380310e-01,4.148555820049770748e-01,-2.388659515661744615e-01,3.810917153257563639e-01,6.277021289146369476e-01,4.738811351438814157e-01,6.583258603280066623e-01,1.000000000000000000e+00,7.715026442985722932e-01,-9.930130174735245230e-02,2.066482710708120174e-02,-2.454592400843707278e-01,3.438235588735281678e-01,2.964989643510896333e-01,4.991260891582727788e-01,2.499180396718677366e-01,-1.101803994593365810e-01,2.260736589222815396e-01,1.471780090152060294e-01,7.821404259200472886e-01,-7.857472988805913605e-02,1.344269332619831836e-01,-3.497433448576296455e-01,2.976764360744215132e-01,-3.728987926074286974e-01,-5.012468684262469387e-02
-3.626270186336378321e-01,-2.765947454318946619e-01,5.257401305358895272e-01,5.883871986155312372e-01,-2.906728413254793253e-01,1.950652124134475973e-01,7.244437847105256179e-01,-6.692726328257001533e-01,-2.376922888011902546e-01,-4.144375429705168257e-01,5.382650315471211311e-01,3.289421200696038827e-01,2.205819249527757320e-01,-3.695239621878466107e-01,1.478845640860800836e-01,-4.216833782290463351e-01,3.075673173715740005e-01,5.558395993907314647e-01,5.616459143312411140e-01,6.472589483664110688e-01,7.715026442985722932e-01,1.000000000000000000e+00,-2.487775684035500173e-02,2.078383807503196845e-01,-3.041449747255836056e-01,2.393385616802008176e-01,3.711718758298944709e-01,2.303470194872238586e-01,-1.134508023905126360e-02,-2.512324931325660149e-01,3.947071631947076109e-01,1.983002125482092315e-01,7.835854184412573975e-01,-7.620366521813370930e-02,1.453759988489359278e-01,-4.718534270097646810e-01,2.937229510818715195e-01,-4.628739393379745493e-01,-1.274187827026942998e-01
5.009855627683350576e-01,7.491963478336286508e-01,4.423885740303938330e-01,-1.874136913790561410e-01,6.303514068330996478e-01,2.071229379706481660e-02,-2.287951027199284226e-01,-3.763078872434508226e-01,7.604804233113973133e-01,5.708842790509909282e-01,1.728500145391290710e-01,5.856310702706902793e-01,-3.698088489708677984e-01,5.788701264080906572e-01,1.995075738687976108e-01,5.166543662666110981e-01,1.769415662941008216e-01,2.378943232966179711e-01,2.445684731753571817e-01,-3.703886524084837872e-01,-9.930130174735245230e-02,-2.487775684035500173e-02,1.000000000000000000e+00,6.540170938801085354e-01,7.790952250573492943e-01,4.794362180195983481e-01,6.274671688888422416e-01,-1.037376098937462660e-01,1.580285117180138810e-01,6.127566592546512814e-01,5.085995227192124934e-01,6.904759317959895393e-01,6.098535384914385155e-02,7.445618886230956912e-01,1.395003317107360863e-01,6.043254458107852889e-01,2.164539419571184509e-01,6.278220729483340312e-01,6.590697458987530011e-01
2.013321542874452752e-01,4.154079901471429137e-01,5.169271553398835373e-01,-1.171435879321588852e-01,3.033472364906217300e-01,4.651107870248832876e-01,1.692948466867483792e-01,-5.724338394999365365e-01,3.877328998250084702e-01,1.512157246189782256e-01,5.295534695526512431e-02,4.008719319564963413e-01,-5.440357367761118335e-01,2.579233972187597312e-01,-2.098584164775721059e-02,8.987511311850693296e-02,-1.456707443100741517e-01,2.524941065177273014e-01,3.147427876214160536e-01,-1.248069138694069130e-01,2.066482710708120174e-02,2.078383807503196845e-01,6.540170938801085354e-01,1.000000000000000000e+00,4.739740512282012430e-01,5.362883627612436976e-01,5.847514797044518486e-01,-3.195940556459459514e-01,2.084018622125571041e-01,3.776442822343479833e-01,6.883107812715859586e-01,6.718805983014010108e-01,9.400158604148793617e-02,5.331109754201743822e-01,4.182842227435688010e-01,2.421785023052441255e-01,4.053314579726119415e-01,2.365207590339703514e-01,2.401031468720949136e-01
6.836712347730093953e-01,7.981076492066966344e-01,2.458312512411234829e-01,-2.823118088846549578e-01,6.587324483104831652e-01,-3.970827998177776236e-02,-4.337177578573935266e-01,-1.582835531120433958e-01,8.144537101886312191e-01,7.152785377510704201e-01,-1.149283729054538655e-01,4.647241622731592692e-01,-3.264503612736115445e-01,7.164385224389355766e-01,2.624166241821747625e-01,7.183669399186077831e-01,5.818178729639657959e-02,1.831538100281938086e-01,9.259419814772743007e-02,-5.233771236566739926e-01,-2.454592400843707278e-01,-3.041449747255836056e-01,7.790952250573492943e-01,4.739740512282012430e-01,1.000000000000000000e+00,4.578693411829963256e-01,4.736930421676762148e-01,-2.398004213957162165e-02,3.306729906389297979e-01,7.583557393769536636e-01,2.431173426109642655e-01,5.501015507315685227e-01,-1.617277792263260849e-01,7.351769146066333693e-01,8.318502694856011459e-02,7.827368440877251476e-01,1.708291509644313533e-01,7.448779603078133915e-01,6.481236737724036523e-01
4.293873021780055255e-01,4.501556368353524795e-01,6.563621366713831007e-01,9.004908474531272966e-02,3.152729291310734094e-01,2.515317722288948898e-01,1.812845801086875319e-01,-5.637782694538799877e-01,4.688372543233075840e-01,2.222482918841165722e-01,1.120460698735058214e-02,4.140766847010382556e-01,-2.829298187473787141e-01,3.872388387934276865e-01,4.234644104608583648e-01,2.715908965869082148e-01,3.235455823976281231e-02,5.163493263787919396e-01,3.850324986070443045e-01,2.163482813149459130e-02,3.438235588735281678e-01,2.393385616802008176e-01,4.794362180195983481e-01,5.362883627612436976e-01,4.578693411829963256e-01,1.000000000000000000e+00,5.992114523698577333e-01,1.864667864620520310e-01,5.561469086447897725e-01,5.571786345654056172e-01,5.461126919259803314e-01,5.949362294057098932e-01,2.728126626890026718e-01,5.085690041750511314e-01,4.456063693956494598e-01,3.638657571873880614e-01,4.313454662332439349e-01,2.625429280406357258e-01,2.938128346216815623e-01
1.548230916911663979e-01,4.882161670321653602e-01,6.932167272302548477e-01,1.868342304963373501e-01,3.969381465754474592e-01,1.308953251552746888e-01,1.569312777064368059e-01,-6.621218687092733646e-01,5.162484661098003524e-01,3.040636379472624884e-01,2.565900831830169593e-01,7.120868677057541341e-01,-2.314117302971064882e-01,3.878796945846001987e-01,2.211472053090507150e-01,2.689742007758973985e-01,1.771720825232369345e-01,4.418910862247785731e-01,4.776840576166037078e-01,2.223656233519332934e-02,2.964989643510896333e-01,3.711718758298944709e-01,6.274671688888422416e-01,5.847514797044518486e-01,4.736930421676762148e-01,5.992114523698577333e-01,1.000000000000000000e+00,2.967421201714877388e-02,1.310685290368916456e-01,4.058586110127473390e-01,6.823591639906839701e-01,7.689696797748010182e-01,4.030329922839187007e-01,5.695704410697205455e-01,2.839615819612232306e-01,3.373900235765215361e-01,5.074538255916021257e-01,2.430800107189575732e-01,5.255741133995516234e-01
2.285072578546385458e-01,4.096706217392549754e-02,1.758383328887052066e-01,3.668557660550050836e-01,-4.161181173708437125e-02,-4.297955588688743278e-01,-3.089768706403214424e-02,-4.199407447653571990e-02,1.342892461302841456e-01,1.724634655706460129e-01,2.692157902855558116e-01,2.926741325393726889e-01,5.975820332243508837e-01,1.845138422646526166e-01,6.787158239290872475e-01,2.422421069500294566e-01,5.860869170707022624e-01,4.870589580926207307e-01,2.337605080837693583e-01,2.567045789649194942e-01,4.991260891582727788e-01,2.303470194872238586e-01,-1.037376098937462660e-01,-3.195940556459459514e-01,-2.398004213957162165e-02,1.864667864620520310e-01,2.967421201714877388e-02,1.000000000000000000e+00,3.742113929530586081e-01,1.545816935050998986e-01,-2.466893649685406309e-01,-2.323560654065247658e-02,5.253491623171028246e-01,1.334085056929428144e-02,-1.588339518794326943e-01,6.181503134383412729e-02,6.044900098799441124e-02,2.737863213518386754e-02,2.599253382938853663e-01
4.774402273984542644e-01,2.201237414896500821e-01,1.794046357269247216e-01,5.182697729836419770e-02,3.681938260502522903e-02,2.660282349073798680e-01,-2.909947468558131412e-02,-1.261179716901919545e-01,3.064079638122684246e-01,2.370979648812866492e-01,-3.297229753868555768e-01,2.276955867408193557e-01,5.322768929511274838e-02,3.585011782319507678e-01,5.242343522299677261e-01,3.270698950956975604e-01,-8.911086451084049287e-02,4.687663290531292604e-01,1.187613381262898060e-01,1.365454719924048127e-02,2.499180396718677366e-01,-1.134508023905126360e-02,1.580285117180138810e-01,2.084018622125571041e-01,3.306729906389297979e-01,5.561469086447897725e-01,1.310685290368916456e-01,3.742113929530586081e-01,1.000000000000000000e+00,5.539776610709974403e-01,3.879026457638137110e-02,3.106415845778540130e-01,1.326032446149021382e-01,2.300020521130486106e-01,4.565514895584999455e-01,2.957061162792789522e-01,4.347678753116312467e-01,1.957356821823506565e-01,1.630192104330464298e-01
6.537322361744284382e-01,6.736551493637997767e-01,2.441116574551028540e-01,-1.593513020334003660e-01,5.437723922566312096e-01,-7.445263536746305096e-03,-3.515717809304486630e-01,-1.385156747207343386e-01,7.420377876896292468e-01,7.000881624744575982e-01,-1.991740540443617535e-01,4.596271626999512416e-01,-1.655581326040011236e-01,7.272674319170052692e-01,4.290489986709710712e-01,7.345833761921540805e-01,1.575121454141691774e-02,2.954522488442022365e-01,1.216012779750900441e-01,-3.684170084539346579e-01,-1.101803994593365810e-01,-2.512324931325660149e-01,6.127566592546512814e-01,3.776442822343479833e-01,7.583557393769536636e-01,5.571786345654056172e-01,4.058586110127473390e-01,1.545816935050998986e-01,5.539776610709974403e-01,1.000000000000000000e+00,2.134332539340705326e-01,5.188935020557894351e-01,-5.471965933133291632e-02,6.303271673975588962e-01,2.767016206306960879e-01,7.495017260873426679e-01,2.689079219873851123e-01,6.493243075257919550e-01,5.933433712737569143e-01
-7.087260057943496616e-02,2.691877343973904102e-01,7.083666154886796296e-01,7.475468051706803119e-02,2.581202652075915149e-01,3.956471986234085803e-01,3.572997799722334444e-01,-6.381104655806753012e-01,2.320717262803419501e-01,4.788040867096431813e-02,1.869990281133923349e-01,4.271175517816235834e-01,-5.118941295643731904e-01,1.631731335623516632e-01,-4.522038569391426122e-02,-4.629329531392391978e-02,-8.244802946433556212e-02,2.102060920234410657e-01,4.135821003251339278e-01,5.185096570308810049e-02,2.260736589222815396e-01,3.947071631947076109e-01,5.085995227192124934e-01,6.883107812715859586e-01,2.431173426109642655e-01,5.461126919259803314e-01,6.823591639906839701e-01,-2.466893649685406309e-01,3.879026457638137110e-02,2.134332539340705326e-01,1.000000000000000000e+00,6.693988402845766350e-01,2.889471261209260455e-01,4.135175827901239609e-01,4.765821539478314883e-01,1.018305655777321100e-01,4.390327447311098696e-01,3.023007863489685781e-02,1.923376338293932841e-01
2.907716401588789079e-01,5.779756266466021808e-01,6.017759341258068773e-01,5.145245721309909398e-02,4.259649412253166401e-01,2.300722843317421773e-01,1.975983332334017156e-02,-5.505813666457937128e-01,5.895657574753604413e-01,3.827302326607854854e-01,9.644375934787643989e-02,6.471700185365288904e-01,-3.086955138487071371e-01,4.916964140528410909e-01,2.241524705015323915e-01,3.396777069312260644e-01,8.754989800796139643e-02,3.587825445561881321e-01,3.402332284467502466e-01,-1.260758653619045155e-01,1.471780090152060294e-01,1.983002125482092315e-01,6.904759317959895393e-01,6.718805983014010108e-01,5.501015507315685227e-01,5.949362294057098932e-01,7.689696797748010182e-01,-2.323560654065247658e-02,3.106415845778540130e-01,5.188935020557894351e-01,6.693988402845766350e-01,1.000000000000000000e+00,2.637037827551680924e-01,5.815571882990805408e-01,4.090507776170864140e-01,4.408254286473639039e-01,6.388526910403259373e-01,3.544016798785800115e-01,5.697660864157674254e-01
-1.667422455617695309e-01,-1.016769495732197659e-01,5.369139202952769585e-01,6.203198600255002138e-01,-1.090993177546413090e-01,-8.677587677398615473e-02,4.660658261403331504e-01,-5.593467935351793541e-01,-1.085876571212128668e-02,-1.185040680953247799e-01,6.003579609596836342e-01,5.136134404347486582e-01,4.147313629951332459e-01,-8.399188412331957954e-02,4.363540159338042401e-01,-1.269251984939417932e-01,5.588116995335108417e-01,6.392805902016912567e-01,5.772027182799671641e-01,5.746350688765308190e-01,7.821404259200472886e-01,7.835854184412573975e-01,6.098535384914385155e-02,9.400158604148793617e-02,-1.617277792263260849e-01,2.728126626890026718e-01,4.030329922839187007e-01,5.253491623171028246e-01,1.326032446149021382e-01,-5.471965933133291632e-02,2.889471261209260455e-01,2.637037827551680924e-01,1.000000000000000000e+00,5.152856082003981486e-02,7.318175640091698075e-02,-2.496234994298621446e-01,3.032216925679566688e-01,-2.633131699174965923e-01,1.753022312658136794e-01
5.761945765316487389e-01,7.206686261155715867e-01,5.059116948783113354e-01,-6.408246820277184452e-02,7.502210072001174179e-01,-6.070615441967085191e-02,-2.656860243936878252e-01,-3.883347429413757101e-01,7.538946889909375892e-01,6.088376866068739846e-01,4.313273503264285214e-02,6.104461217328045475e-01,-3.410022233164981542e-01,6.287737709272501752e-01,2.900278239147560666e-01,5.819917834872390117e-01,1.413648996200568553e-01,3.619649572731707399e-01,4.254524683578760347e-01,-3.708129902796324373e-01,-7.857472988805913605e-02,-7.620366521813370930e-02,7.445618886230956912e-01,5.331109754201743822e-01,7.351769146066333693e-01,5.085690041750511314e-01,5.695704410697205455e-01,1.334085056929428144e-02,2.300020521130486106e-01,6.303271673975588962e-01,4.135175827901239609e-01,5.815571882990805408e-01,5.152856082003981486e-02,1.000000000000000000e+00,6.033888039508118056e-02,6.762987594563333316e-01,1.960658113987585049e-01,6.149388940746139953e-01,6.191349966139894079e-01
-1.371823426778535915e-01,-2.721895598687614978e-02,2.114781943640260675e-01,1.336903917217517786e-02,-3.102308261167852771e-02,5.935720135788123963e-01,3.264162219525802988e-01,-2.435786187795291602e-01,-1.890963596233890230e-03,-5.805556500734387199e-02,-3.267972792678787153e-01,1.321996930402199455e-01,-2.071760995389471671e-01,8.763878974730571203e-02,-2.168703601261941574e-02,-7.735300918806423121e-02,-4.692682708495773403e-01,1.842924237752239514e-01,1.194491192469409740e-01,7.502609162158035971e-02,1.344269332619831836e-01,1.453759988489359278e-01,1.395003317107360863e-01,4.182842227435688010e-01,8.318502694856011459e-02,4.456063693956494598e-01,2.839615819612232306e-01,-1.588339518794326943e-01,4.565514895584999455e-01,2.767016206306960879e-01,4.765821539478314883e-01,4.090507776170864140e-01,7.318175640091698075e-02,6.033888039508118056e-02,1.000000000000000000e+00,2.751915973838348767e-02,6.068072457382581719e-01,-1.494940791578943662e-01,-9.315137193409822602e-02
6.613535706314190854e-01,7.435708701279072352e-01,1.425642832184795539e-01,-2.854239219887077517e-01,6.682435449156807206e-01,-2.032248861393221029e-01,-5.916154761547778307e-01,2.643102101636301063e-02,7.786069000964719322e-01,7.988885945997215021e-01,-2.329595449161541709e-01,4.161422447766472965e-01,-2.333273928959320453e-01,7.833093342011276938e-01,3.078872449051793803e-01,8.092202467627411799e-01,4.513606571803915890e-02,9.321315823453751870e-02,2.479626548542974897e-03,-5.468637058937948492e-01,-3.497433448576296455e-01,-4.718534270097646810e-01,6.043254458107852889e-01,2.421785023052441255e-01,7.827368440877251476e-01,3.638657571873880614e-01,3.373900235765215361e-01,6.181503134383412729e-02,2.957061162792789522e-01,7.495017260873426679e-01,1.018305655777321100e-01,4.408254286473639039e-01,-2.496234994298621446e-01,6.762987594563333316e-01,2.751915973838348767e-02,1.000000000000000000e+00,1.366245107982607676e-01,7.509144273539029024e-01,6.766316615213832097e-01
-4.248851766720773693e-02,1.079174400060936012e-01,3.955995691664796476e-01,2.457460446132766207e-01,4.023970568207910908e-02,4.099500190694204682e-01,2.484166140506732234e-01,-4.671140174106475640e-01,1.616382635877347262e-01,7.125986002722271839e-02,-1.944869737160182521e-01,4.427370892332440078e-01,-5.637864194131397833e-02,2.204542086056646422e-01,1.612506883976001226e-01,8.820266751511375569e-02,-1.767170489418116996e-01,4.166247631643376637e-01,2.643741285814675268e-01,1.009799218422238049e-01,2.976764360744215132e-01,2.937229510818715195e-01,2.164539419571184509e-01,4.053314579726119415e-01,1.708291509644313533e-01,4.313454662332439349e-01,5.074538255916021257e-01,6.044900098799441124e-02,4.347678753116312467e-01,2.689079219873851123e-01,4.390327447311098696e-01,6.388526910403259373e-01,3.032216925679566688e-01,1.960658113987585049e-01,6.068072457382581719e-01,1.366245107982607676e-01,1.000000000000000000e+00,-8.207798706074274919e-02,1.838513361056485218e-01
7.481718237083753165e-01,7.603872939619643612e-01,6.410910352054850769e-02,-4.431855956058328161e-01,6.081759143331814110e-01,-3.060935034494155493e-01,-6.524224217368826961e-01,8.120067625622127971e-02,7.685796390992902793e-01,7.214447296716627323e-01,-4.368027798326334921e-02,3.052174990413617506e-01,-2.412251417064343317e-01,6.742533996416533171e-01,3.453378408800582000e-01,7.272249627616432788e-01,1.834654685680499608e-01,-2.732954519712225971e-02,-1.276514061663016342e-01,-5.287605540237323432e-01,-3.728987926074286974e-01,-4.628739393379745493e-01,6.278220729483340312e-01,2.365207590339703514e-01,7.448779603078133915e-01,2.625429280406357258e-01,2.430800107189575732e-01,2.737863213518386754e-02,1.957356821823506565e-01,6.493243075257919550e-01,3.023007863489685781e-02,3.544016798785800115e-01,-2.633131699174965923e-01,6.149388940746139953e-01,-1.494940791578943662e-01,7.509144273539029024e-01,-8.207798706074274919e-02,1.000000000000000000e+00,6.731800141508192947e-01
5.257358658290366415e-01,7.345699482380745327e-01,2.990444992619024078e-01,-8.155461041458299254e-02,5.756897510330309942e-01,-3.946855037308816816e-01,-4.820381035404120995e-01,-1.304593142867881417e-01,7.934497609302608723e-01,7.469456546636348282e-01,2.211895267326009773e-01,6.786356529160917361e-01,2.079911312340054080e-02,7.008551789150063716e-01,4.766076948073110775e-01,7.116793204241873561e-01,4.590988363714933462e-01,2.202834071630067336e-01,1.127937233782901338e-01,-2.981362723038475937e-01,-5.012468684262469387e-02,-1.274187827026942998e-01,6.590697458987530011e-01,2.401031468720949136e-01,6.481236737724036523e-01,2.938128346216815623e-01,5.255741133995516234e-01,2.599253382938853663e-01,1.630192104330464298e-01,5.933433712737569143e-01,1.923376338293932841e-01,5.697660864157674254e-01,1.753022312658136794e-01,6.191349966139894079e-01,-9.315137193409822602e-02,6.766316615213832097e-01,1.838513361056485218e-01,6.731800141508192947e-01,1.000000000000000000e+00
