1.000000000000000000e+00,6.741468091261012541e-01,7.113324370662786611e-02,-1.919880018279446487e-01,4.761282670822464258e-01,2.091047329897284812e-01,-7.105877268962623727e-02,-1.354051175225976789e-01,1.452492667428665063e-01,6.534271668527842358e-01,4.052670031877865231e-01,3.823800368812906025e-02,7.056010081876341877e-02,4.830572145335297884e-01,-3.604545592315875485e-02,5.999963608439666807e-01,2.631580026023257468e-01,-9.137236495618250576e-02,2.614660088704553464e-01,-1.267742089515234427e-01,1.874823148673708528e-01,8.362143244397358954e-02,2.147277204886738622e-01,5.910514011767366294e-02,5.679355283142043520e-01,3.808700116670771241e-01,5.659806492213911300e-01,3.838653463758238682e-01,2.708015455286647000e-01,5.452653618748491970e-01,4.914866012132798612e-01,5.699883983678160071e-01,4.491791249217957360e-01,2.720208533793785910e-01,2.748391233535530387e-01,5.353402970439062880e-01,5.560469311184609298e-01,-2.684123486740839712e-02,1.311875400096738919e-01
6.741468091261012541e-01,1.000000000000000000e+00,1.777463442713049790e-01,-3.775157239465203873e-01,5.195780720812256392e-01,4.696500193032017711e-01,-1.411596464744244994e-01,-3.073926545128140009e-01,9.826743273696761372e-02,6.888593058554305371e-01,4.381297053350563520e-01,-1.776110636549760036e-01,7.451810760942836898e-02,4.133814202826553430e-01,-1.648528690084913872e-01,6.113942778620100604e-01,3.524030352015436462e-01,-1.743365042217958349e-01,2.624004093346543609e-01,-1.832112114409488179e-01,3.613276434253577252e-01,-1.018130375753287797e-01,-4.015816428997311116e-02,-1.256702578383193381e-01,6.586466142495563947e-01,3.626246456344800473e-01,4.027077160222724550e-01,4.113343944672683827e-01,6.000229723646548496e-01,4.821938693407273324e-01,5.478075250108168648e-01,7.189875025386506247e-01,4.338968189027923028e-01,1.173803588080106486e-01,4.544224083030732331e-01,4.456891414224105064e-01,7.070147878562340615e-01,-8.445892551000139248e-02,2.638723254257767104e-01
7.113324370662786611e-02,1.777463442713049790e-01,1.000000000000000000e+00,4.127862483976281749e-01,5.988181915162431590e-01,-2.558624845792616398e-01,-5.339303499302816558e-01,-8.635390562180025320e-01,7.715579999903564579e-01,2.031542797942578402e-02,2.466834670357156978e-01,6.069571350584672675e-01,-6.229765588834929035e-01,6.064483643125232470e-01,7.006369524613831334e-01,-1.662365973425697641e-01,4.060713242072273021e-01,5.589385028758240281e-01,6.170525631949922429e-01,6.827481783519089298e-01,-1.271598865485586427e-01,-2.978915974141165823e-01,4.980603613469025137e-01,6.196640751712343409e-01,2.201721022406425698e-01,6.044020178686181355e-01,3.158337051679239310e-02,6.707518076544042307e-01,1.975829036054985721e-01,4.462407246680982764e-01,1.273296998717841910e-01,-9.650921718524707593e-02,-3.183526798318860873e-01,6.653486776948926984e-01,-4.510043365145693928e-01,-4.278028982740788022e-01,-1.937429824338779971e-01,7.534489946525765314e-01,7.872936026372689966e-01
-1.919880018279446487e-01,-3.775157239465203873e-01,4.127862483976281749e-01,1.000000000000000000e+00,3.326816069842396251e-02,-7.650591907746194797e-01,-2.275619548832485683e-01,-2.145502840165837977e-01,6.402893172006954847e-01,-3.291276550295419434e-01,-2.253873982167042267e-01,7.052918160532896108e-01,-6.350170790327862580e-01,2.316976217001831539e-01,7.326394924070279702e-01,-5.673707264490565061e-01,-2.845797011968793574e-02,7.113296146962752031e-01,4.397043276181030746e-01,7.454263046442717311e-01,-7.071205381587761796e-01,-1.730038955018036728e-01,7.137802581333562157e-01,7.219456380917764760e-01,-2.142685363150823585e-01,7.148273314222085284e-02,-2.078530034881373723e-01,1.052543895745471914e-01,-5.320130951762701565e-01,2.572050968968103146e-01,-3.670882876822886276e-01,-5.640730814499202994e-01,-6.867515608460746934e-01,4.652007599716111441e-01,-8.073425331101869995e-01,-5.148582662113984076e-01,-6.540619416030984956e-01,6.544181967402143973e-01,3.878934618293353731e-01
4.761282670822464258e-01,5.195780720812256392e-01,5.988181915162431590e-01,3.326816069842396251e-02,1.000000000000000000e+00,3.328159563909888208e-02,-2.287062450217195730e-01,-6.603174539491849515e-01,5.013470732044332800e-01,4.984446973270918457e-01,3.457719221440015422e-01,4.169734754649128128e-01,-1.788682386245024625e-01,7.132195597535964104e-01,3.298756799406683538e-01,3.031553847854969175e-01,3.784429974944935049e-01,3.007269198120949283e-01,6.040939232175365214e-01,1.937643238875387253e-01,2.175318923793350678e-01,3.321912224313697606e-03,3.228397186546782538e-01,3.396175529821943706e-01,4.760755427251558980e-01,5.805321191120331736e-01,4.529423189068902400e-01,6.341676946050387453e-01,3.115409502106170070e-01,5.833772328408223240e-01,4.659370967634152150e-01,3.157446565628774238e-01,2.722145776549999563e-01,6.537201766682531057e-01,-2.563722540883265136e-02,1.129456013012463123e-01,2.964137278289824540e-01,4.144010766844393179e-01,5.837870931263732244e-01
2.091047329897284812e-01,4.696500193032017711e-01,-2.558624845792616398e-01,-7.650591907746194797e-01,3.328159563909888208e-02,1.000000000000000000e+00,1.211108209756099618e-01,1.092447157423376974e-01,-5.312125410498466094e-01,3.302413137575075930e-01,3.965847138468565625e-01,-6.765680203918924551e-01,5.144964784693670801e-01,-4.850908374348478214e-02,-6.443438352650945333e-01,5.885109447325623799e-01,1.619433229935723084e-01,-5.495357669861005157e-01,-3.425347068935037931e-01,-5.525818223665692752e-01,6.059623549123148711e-01,4.287014138245150846e-02,-6.625201425830100632e-01,-6.520920520576354296e-01,3.112094003825187083e-01,5.809318048466389052e-04,1.802213729050676227e-01,3.621899237327501440e-03,6.337074639882486204e-01,-1.447222022066403102e-01,3.602614366181249306e-01,6.652657226936975476e-01,5.721067505480490478e-01,-4.709748389614774600e-01,8.127670160875823946e-01,5.048080620998798285e-01,7.161526251511237673e-01,-5.530455280394991346e-01,-2.950529506071056796e-01
-7.105877268962623727e-02,-1.411596464744244994e-01,-5.339303499302816558e-01,-2.275619548832485683e-01,-2.287062450217195730e-01,1.211108209756099618e-01,1.000000000000000000e+00,4.404586823091620751e-01,-5.268098343802052330e-01,-1.219833871980159114e-02,-2.362403737814937899e-01,-3.276290640799273679e-01,6.632471682524686551e-01,-2.779909867294799719e-01,-4.913335926624407546e-01,5.701144066089737505e-02,-3.179908630401366287e-01,-1.827053965198292274e-01,-3.986175629496221395e-01,-5.331642933481421931e-01,2.504953519884209889e-01,6.531264340219385955e-01,-3.748651067948543525e-01,-3.866627505593368541e-01,-2.755715037328408390e-01,-3.514360583870855259e-01,1.987596437805516369e-01,-4.528510198231546768e-01,-2.895128478781228143e-01,-2.848566476682775628e-01,7.249165979547907146e-02,-8.909901588692547419e-03,4.067078124230663061e-01,-2.764077134572431316e-01,2.620860362294692991e-01,3.853487199892867698e-01,1.534119183363804040e-01,-5.258414441954654128e-01,-6.105519014085738494e-01
-1.354051175225976789e-01,-3.073926545128140009e-01,-8.635390562180025320e-01,-2.145502840165837977e-01,-6.603174539491849515e-01,1.092447157423376974e-01,4.404586823091620751e-01,1.000000000000000000e+00,-6.551772414540150136e-01,-1.115361000358178201e-01,-2.760230620469265039e-01,-4.676010787110075895e-01,4.655947058906170222e-01,-5.747588310463421779e-01,-5.399675006534601085e-01,4.431095631405716079e-02,-4.174033252749200784e-01,-4.357247484926859427e-01,-5.513015746777604198e-01,-4.981146159810057594e-01,-8.529707194431083994e-02,2.123591586135680775e-01,-3.470606611477503600e-01,-4.636951381138744166e-01,-2.808627318251582516e-01,-6.183017926179013024e-01,-1.225912995728899585e-01,-6.624745719111029274e-01,-3.199257908416262008e-01,-4.207083793230655955e-01,-2.628504467732884486e-01,-2.911389021513963171e-02,1.366265818204196736e-01,-6.068200203739915199e-01,2.745834251236434209e-01,3.144540883853387259e-01,2.466022120208333918e-02,-6.198162090942093139e-01,-7.424392674581994367e-01
1.452492667428665063e-01,9.826743273696761372e-02,7.715579999903564579e-01,6.402893172006954847e-01,5.013470732044332800e-01,-5.312125410498466094e-01,-5.268098343802052330e-01,-6.551772414540150136e-01,1.000000000000000000e+00,-2.325560904574808675e-03,1.089521401093401509e-01,7.573738313883827677e-01,-7.634434868599070390e-01,5.987973766373951845e-01,8.305359399245154650e-01,-2.803470923094801281e-01,3.486905987359609216e-01,6.387845647045036213e-01,6.991131585529747339e-01,7.667913816081658451e-01,-4.302278883583924296e-01,-3.650571893449650607e-01,7.514810593776208858e-01,8.037071093219784190e-01,1.730779757650559303e-01,5.328221301390257958e-01,1.864087380987234158e-02,6.000477848878175147e-01,-2.935035636472948031e-02,5.619011200973776932e-01,4.282275427538039143e-03,-2.184033064956428238e-01,-4.604966988285529306e-01,7.553636503340860342e-01,-6.540959932353329620e-01,-4.217956493999696077e-01,-3.287406529815246059e-01,8.154929784346143240e-01,7.706440746326598257e-01
6.534271668527842358e-01,6.888593058554305371e-01,2.031542797942578402e-02,-3.291276550295419434e-01,4.984446973270918457e-01,3.302413137575075930e-01,-1.219833871980159114e-02,-1.115361000358178201e-01,-2.325560904574808675e-03,1.000000000000000000e+00,3.792579309333708459e-01,-2.618301968193514559e-02,1.987695883039775069e-01,4.467464568802423375e-01,-1.497484933021310805e-01,7.325798616717504874e-01,2.572249505751726395e-01,-8.108611796608995725e-02,3.472071392604329509e-01,-2.432462301377271707e-01,3.684041334072412632e-01,1.616911992580213897e-01,3.764840228278982376e-02,-7.833811198934813314e-02,6.619836469410830260e-01,3.181036716232402140e-01,4.970265506204303851e-01,3.603688278377766285e-01,3.242325076424294461e-01,5.019194757018226039e-01,5.239554021389229987e-01,6.150378727320550132e-01,5.415169028843128674e-01,1.523466114077134670e-01,3.882668332642978393e-01,5.356745588469916663e-01,6.164206441826092231e-01,-4.779539150452670471e-02,1.474255616248469902e-01
4.052670031877865231e-01,4.381297053350563520e-01,2.466834670357156978e-01,-2.253873982167042267e-01,3.457719221440015422e-01,3.965847138468565625e-01,-2.362403737814937899e-01,-2.760230620469265039e-01,1.089521401093401509e-01,3.792579309333708459e-01,1.000000000000000000e+00,9.847287660110115581e-03,1.211462866702541288e-02,4.414393388872949742e-01,1.386856834646600124e-02,4.117520567893008798e-01,6.842519762414294160e-01,4.193753921787580986e-04,1.843492308662832146e-01,5.772436183808574844e-03,1.821250299932386518e-01,-1.037190061605616220e-01,3.341953946087254483e-03,2.595785397786186041e-02,3.086624911342799593e-01,5.406543855975609603e-01,4.572628123477625595e-01,4.131017613610911132e-01,4.294670347677949640e-01,3.478268526176585551e-01,4.566236277630028040e-01,5.114424308656539964e-01,2.792447693627768679e-01,1.222140552769957755e-01,2.830028874261085736e-01,2.341805672675397743e-01,4.038341209833265499e-01,7.978290917889521716e-02,2.038930873766658936e-01
3.823800368812906025e-02,-1.776110636549760036e-01,6.069571350584672675e-01,7.052918160532896108e-01,4.169734754649128128e-01,-6.765680203918924551e-01,-3.276290640799273679e-01,-4.676010787110075895e-01,7.573738313883827677e-01,-2.618301968193514559e-02,9.847287660110115581e-03,1.000000000000000000e+00,-5.655808401192921053e-01,5.077719706868479843e-01,8.139010982033243469e-01,-3.370049954087000477e-01,1.731532482480322988e-01,7.610777705991934594e-01,6.946220183155652483e-01,6.921688028055619224e-01,-4.178693381665319895e-01,-2.831807913505778387e-02,7.431160085981005636e-01,8.022893960248266287e-01,-2.615551222497677561e-02,4.498181032159863646e-01,1.468799294773366071e-01,4.437980056942587570e-01,-3.483583386278998884e-01,4.385473335893429470e-01,1.126239818554160103e-02,-4.068078875497694868e-01,-3.955420441698956902e-01,7.527183146185524310e-01,-7.316525290788632452e-01,-4.162554800999436755e-01,-4.680381403342938618e-01,8.039169882804236833e-01,6.152494504162590028e-01
7.056010081876341877e-02,7.451810760942836898e-02,-6.229765588834929035e-01,-6.350170790327862580e-01,-1.788682386245024625e-01,5.144964784693670801e-01,6.632471682524686551e-01,4.655947058906170222e-01,-7.634434868599070390e-01,1.987695883039775069e-01,1.211462866702541288e-02,-5.655808401192921053e-01,1.000000000000000000e+00,-3.341667073537638033e-01,-7.691383073636549605e-01,3.902095118147808073e-01,-2.686988414382437962e-01,-4.775806838045743019e-01,-4.819593633438092883e-01,-8.031581766701372249e-01,5.629059158032347909e-01,6.248673377385014494e-01,-6.862633583544917037e-01,-7.095861812031063476e-01,-1.092943372677643576e-01,-2.899835781517385302e-01,3.523015568758485205e-01,-4.249435071388629748e-01,5.125256216295250716e-02,-3.491093397349664396e-01,3.218635263969785720e-01,3.248365035849734017e-01,6.793494828837136623e-01,-4.792424965528478964e-01,6.583391418329624933e-01,5.616449402243980371e-01,4.876163297240644900e-01,-7.365824879704836459e-01,-6.461285166437381600e-01
4.830572145335297884e-01,4.133814202826553430e-01,6.064483643125232470e-01,2.316976217001831539e-01,7.132195597535964104e-01,-4.850908374348478214e-02,-2.779909867294799719e-01,-5.747588310463421779e-01,5.987973766373951845e-01,4.467464568802423375e-01,4.414393388872949742e-01,5.077719706868479843e-01,-3.341667073537638033e-01,1.000000000000000000e+00,4.817796099412173239e-01,2.115836488358474321e-01,4.721166609964065897e-01,4.359267553010048868e-01,5.862699039904998299e-01,3.937810565215758563e-01,-5.840826897809833773e-02,-8.383014647001341135e-02,5.244280169980003459e-01,5.667841246649157894e-01,4.631463952713831822e-01,6.201141396590250654e-01,4.041278319596789959e-01,7.016948321603487804e-01,1.977609416447533852e-01,5.884166290283345813e-01,3.610340531971424349e-01,2.405736730944565138e-01,9.352070034709067392e-02,6.612193951704027350e-01,-1.968826166988674187e-01,8.918291731596303396e-02,1.800272120159802647e-01,5.155813342023400914e-01,5.142729139460394672e-01
-3.604545592315875485e-02,-1.648528690084913872e-01,7.006369524613831334e-01,7.326394924070279702e-01,3.298756799406683538e-01,-6.443438352650945333e-01,-4.913335926624407546e-01,-5.399675006534601085e-01,8.305359399245154650e-01,-1.497484933021310805e-01,1.386856834646600124e-02,8.139010982033243469e-01,-7.691383073636549605e-01,4.817796099412173239e-01,1.000000000000000000e+00,-4.169479438128888549e-01,2.493674555921502334e-01,6.893121389527507858e-01,6.286528365853450984e-01,8.345765098863099363e-01,-5.190891930977209467e-01,-3.024430062596484281e-01,7.703640325796972110e-01,8.286038087704900024e-01,3.296971297053468558e-02,4.511243566890354995e-01,-7.865634335981679104e-02,5.152370112770486843e-01,-2.324229584889478673e-01,4.380687925803024574e-01,-1.456022739381322151e-01,-4.156804599228897668e-01,-5.624323958418525615e-01,7.079858571407300349e-01,-7.715156156678568689e-01,-5.349160192516900780e-01,-5.324876326608249943e-01,8.531153469415354573e-01,6.638808608721674664e-01
5.999963608439666807e-01,6.113942778620100604e-01,-1.662365973425697641e-01,-5.673707264490565061e-01,3.031553847854969175e-01,5.885109447325623799e-01,5.701144066089737505e-02,4.431095631405716079e-02,-2.803470923094801281e-01,7.325798616717504874e-01,4.117520567893008798e-01,-3.370049954087000477e-01,3.902095118147808073e-01,2.115836488358474321e-01,-4.169479438128888549e-01,1.000000000000000000e+00,1.749227682773117354e-01,-3.554607379094613107e-01,1.828349260881574623e-02,-4.497080014130622194e-01,5.170434670262153976e-01,2.056858162684258307e-01,-2.417983912343035224e-01,-3.950245757443624495e-01,5.696016885234725935e-01,1.329886280591828784e-01,3.919997062710092184e-01,2.102654327647288657e-01,4.197894633818566867e-01,3.366177953848170090e-01,4.498522210971629964e-01,6.866863090426065241e-01,6.687283768509151294e-01,-1.180489096001556409e-01,6.548063671615245163e-01,7.068377395314443534e-01,7.050914919618574972e-01,-3.182825894135229983e-01,-1.196496699947715431e-01
2.631580026023257468e-01,3.524030352015436462e-01,4.060713242072273021e-01,-2.845797011968793574e-02,3.784429974944935049e-01,1.619433229935723084e-01,-3.179908630401366287e-01,-4.174033252749200784e-01,3.486905987359609216e-01,2.572249505751726395e-01,6.842519762414294160e-01,1.731532482480322988e-01,-2.686988414382437962e-01,4.721166609964065897e-01,2.493674555921502334e-01,1.749227682773117354e-01,1.000000000000000000e+00,1.701959745388136325e-01,3.315118963267207897e-01,2.184748948630452214e-01,9.553007117461551415e-03,-3.269363054198525798e-01,2.016617873327721799e-01,2.848931207400814958e-01,2.611199327469759246e-01,6.046990079902682114e-01,2.683353869410539105e-01,4.808024325922193309e-01,4.099887413875830666e-01,4.052621049368140271e-01,2.954679920180049990e-01,3.088794503179956852e-01,1.357351458381643970e-02,2.931597637257436495e-01,1.864525529931104070e-02,-5.663961541758762847e-02,2.029621689686632591e-01,3.102472497597888457e-01,4.265285256423217985e-01
-9.137236495618250576e-02,-1.743365042217958349e-01,5.589385028758240281e-01,7.113296146962752031e-01,3.007269198120949283e-01,-5.495357669861005157e-01,-1.827053965198292274e-01,-4.357247484926859427e-01,6.387845647045036213e-01,-8.108611796608995725e-02,4.193753921787580986e-04,7.610777705991934594e-01,-4.775806838045743019e-01,4.359267553010048868e-01,6.893121389527507858e-01,-3.554607379094613107e-01,1.701959745388136325e-01,1.000000000000000000e+00,6.342593804254208489e-01,6.519340200328935797e-01,-3.638814534537160861e-01,9.172733255737312158e-03,5.932896973390165973e-01,6.855607390798769130e-01,-7.364379433630942329e-02,3.980503246560406216e-01,7.778169272440314808e-02,3.186807965541364474e-01,-3.248170328941674123e-01,3.864761777736038240e-01,-1.724688620685333601e-02,-3.980243285722818714e-01,-4.459642285124093553e-01,5.293451804397075744e-01,-6.462311840380223771e-01,-3.992445933074423303e-01,-4.274662939002047968e-01,7.241578303911521131e-01,5.242869592798922174e-01
2.614660088704553464e-01,2.624004093346543609e-01,6.170525631949922429e-01,4.397043276181030746e-01,6.040939232175365214e-01,-3.425347068935037931e-01,-3.986175629496221395e-01,-5.513015746777604198e-01,6.991131585529747339e-01,3.472071392604329509e-01,1.843492308662832146e-01,6.946220183155652483e-01,-4.819593633438092883e-01,5.862699039904998299e-01,6.286528365853450984e-01,1.828349260881574623e-02,3.315118963267207897e-01,6.342593804254208489e-01,1.000000000000000000e+00,5.298124796816010562e-01,-1.540002619888242164e-01,-1.241958845866570349e-01,5.913861616484453743e-01,6.047668712787509504e-01,3.570192271413835106e-01,5.683388170605752077e-01,2.560858789391420864e-01,6.051351491377449099e-01,6.097784746143905532e-02,6.599174219727206303e-01,2.841168113304117782e-01,1.855320879410375309e-02,-1.749876033853395574e-01,6.450371825897642797e-01,-3.878691685500483266e-01,-2.405648330967455895e-01,-6.657700915850292556e-02,7.102052410753479927e-01,7.492931523281668449e-01
-1.267742089515234427e-01,-1.832112114409488179e-01,6.827481783519089298e-01,7.454263046442717311e-01,1.937643238875387253e-01,-5.525818223665692752e-01,-5.331642933481421931e-01,-4.981146159810057594e-01,7.667913816081658451e-01,-2.432462301377271707e-01,5.772436183808574844e-03,6.921688028055619224e-01,-8.031581766701372249e-01,3.937810565215758563e-01,8.345765098863099363e-01,-4.497080014130622194e-01,2.184748948630452214e-01,6.519340200328935797e-01,5.298124796816010562e-01,1.000000000000000000e+00,-5.806849323300373733e-01,-3.853572587108221592e-01,6.845954525627891973e-01,7.580568723189580194e-01,2.004517297433074195e-03,3.489259775623698712e-01,-2.338076660339204194e-01,4.305339241753259327e-01,-1.866201608318434069e-01,3.366015893035719797e-01,-2.532635389771740742e-01,-3.985388065293469784e-01,-6.972111210611910970e-01,5.293959031755652855e-01,-7.300683489501929024e-01,-6.014679331424462871e-01,-5.464900987195594473e-01,7.992867828233474192e-01,6.244882280041881284e-01
1.874823148673708528e-01,3.613276434253577252e-01,-1.271598865485586427e-01,-7.071205381587761796e-01,2.175318923793350678e-01,6.059623549123148711e-01,2.504953519884209889e-01,-8.529707194431083994e-02,-4.302278883583924296e-01,3.684041334072412632e-01,1.821250299932386518e-01,-4.178693381665319895e-01,5.629059158032347909e-01,-5.840826897809833773e-02,-5.190891930977209467e-01,5.170434670262153976e-01,9.553007117461551415e-03,-3.638814534537160861e-01,-1.540002619888242164e-01,-5.806849323300373733e-01,1.000000000000000000e+00,3.846634721878106622e-01,-5.846462859302918869e-01,-5.655907664802050094e-01,2.514439736751474808e-01,9.038074791809284914e-02,2.958698954623539823e-01,8.213959910020406097e-02,4.738844492697429356e-01,-1.234781642370715304e-01,4.942624559059503042e-01,4.545361332153785017e-01,6.920509640168415189e-01,-2.114011655606278794e-01,6.265104395486907896e-01,4.333713297850982915e-01,5.840753047207740689e-01,-3.951914816315176271e-01,-1.676407631309683455e-01
8.362143244397358954e-02,-1.018130375753287797e-01,-2.978915974141165823e-01,-1.730038955018036728e-01,3.321912224313697606e-03,4.287014138245150846e-02,6.531264340219385955e-01,2.123591586135680775e-01,-3.650571893449650607e-01,1.616911992580213897e-01,-1.037190061605616220e-01,-2.831807913505778387e-02,6.248673377385014494e-01,-8.383014647001341135e-02,-3.024430062596484281e-01,2.056858162684258307e-01,-3.269363054198525798e-01,9.172733255737312158e-03,-1.241958845866570349e-01,-3.853572587108221592e-01,3.846634721878106622e-01,1.000000000000000000e+00,-2.290104887414338430e-01,-2.622761325338095473e-01,-1.498417488362754069e-01,-8.315392777367372479e-02,4.102400786685228562e-01,-1.772622863672239646e-01,-3.089922132263741017e-01,-1.126522291080417210e-01,3.044441886708196265e-01,-2.866786579224876383e-02,4.784242833582276755e-01,-4.917374894811155778e-02,1.810703223889380542e-01,3.794583202651944376e-01,1.428007421627375817e-01,-2.926289936626751409e-01,-4.051480870700133741e-01
2.147277204886738622e-01,-4.015816428997311116e-02,4.980603613469025137e-01,7.137802581333562157e-01,3.228397186546782538e-01,-6.625201425830100632e-01,-3.748651067948543525e-01,-3.470606611477503600e-01,7.514810593776208858e-01,3.764840228278982376e-02,3.341953946087254483e-03,7.431160085981005636e-01,-6.862633583544917037e-01,5.244280169980003459e-01,7.703640325796972110e-01,-2.417983912343035224e-01,2.016617873327721799e-01,5.932896973390165973e-01,5.913861616484453743e-01,6.845954525627891973e-01,-5.846462859302918869e-01,-2.290104887414338430e-01,1.000000000000000000e+00,8.085377642055839864e-01,1.844202588556126121e-01,3.292297959919932016e-01,5.186725497974182392e-02,4.212034686928690097e-01,-3.356420148898415778e-01,5.438880994885542108e-01,-1.183567617047767973e-01,-2.941746274273260853e-01,-4.344503135672374561e-01,6.704406192753210592e-01,-6.797921443190733104e-01,-2.920963641132334199e-01,-3.998191615173762314e-01,6.906269091920986813e-01,5.095644060492684480e-01
5.910514011767366294e-02,-1.256702578383193381e-01,6.196640751712343409e-01,7.219456380917764760e-01,3.396175529821943706e-01,-6.520920520576354296e-01,-3.866627505593368541e-01,-4.636951381138744166e-01,8.037071093219784190e-01,-7.833811198934813314e-02,2.595785397786186041e-02,8.022893960248266287e-01,-7.095861812031063476e-01,5.667841246649157894e-01,8.286038087704900024e-01,-3.950245757443624495e-01,2.848931207400814958e-01,6.855607390798769130e-01,6.047668712787509504e-01,7.580568723189580194e-01,-5.655907664802050094e-01,-2.622761325338095473e-01,8.085377642055839864e-01,1.000000000000000000e+00,8.796045394474823198e-03,4.299669430922399282e-01,-3.329344822043844485e-04,4.656585579592751323e-01,-2.798207876116160508e-01,4.066500806181572170e-01,-1.174391507448761668e-01,-3.851436860950878671e-01,-5.038354164891369891e-01,7.155266712592289746e-01,-7.612777568949026241e-01,-4.635683605076049152e-01,-4.881045813903927555e-01,7.908308093981266662e-01,6.088486463183544473e-01
5.679355283142043520e-01,6.586466142495563947e-01,2.201721022406425698e-01,-2.142685363150823585e-01,4.760755427251558980e-01,3.112094003825187083e-01,-2.755715037328408390e-01,-2.808627318251582516e-01,1.730779757650559303e-01,6.619836469410830260e-01,3.086624911342799593e-01,-2.615551222497677561e-02,-1.092943372677643576e-01,4.631463952713831822e-01,3.296971297053468558e-02,5.696016885234725935e-01,2.611199327469759246e-01,-7.364379433630942329e-02,3.570192271413835106e-01,2.004517297433074195e-03,2.514439736751474808e-01,-1.498417488362754069e-01,1.844202588556126121e-01,8.796045394474823198e-03,1.000000000000000000e+00,3.215751115789075021e-01,2.797739000434411594e-01,5.124004983101972943e-01,4.704839653141149047e-01,5.394605705912628446e-01,4.065462334304795200e-01,5.897810491263280053e-01,3.130442235679684604e-01,1.931878901414378347e-01,3.062882890126760738e-01,3.244947016716037691e-01,5.304974808281006649e-01,8.390657515505475783e-02,2.835542618574015683e-01
3.808700116670771241e-01,3.626246456344800473e-01,6.044020178686181355e-01,7.148273314222085284e-02,5.805321191120331736e-01,5.809318048466389052e-04,-3.514360583870855259e-01,-6.183017926179013024e-01,5.328221301390257958e-01,3.181036716232402140e-01,5.406543855975609603e-01,4.498181032159863646e-01,-2.899835781517385302e-01,6.201141396590250654e-01,4.511243566890354995e-01,1.329886280591828784e-01,6.046990079902682114e-01,3.980503246560406216e-01,5.683388170605752077e-01,3.489259775623698712e-01,9.038074791809284914e-02,-8.315392777367372479e-02,3.292297959919932016e-01,4.299669430922399282e-01,3.215751115789075021e-01,1.000000000000000000e+00,4.668257377333130953e-01,7.169840447063143829e-01,3.297397049735481533e-01,5.232819347812178723e-01,5.145551369418360776e-01,1.873226651838042489e-01,4.486887536157958822e-02,5.428343388855341178e-01,-1.536655448028649285e-01,-7.471295140454921324e-02,1.307477696362550901e-01,5.141907870511518430e-01,5.800867859743925603e-01
5.659806492213911300e-01,4.027077160222724550e-01,3.158337051679239310e-02,-2.078530034881373723e-01,4.529423189068902400e-01,1.802213729050676227e-01,1.987596437805516369e-01,-1.225912995728899585e-01,1.864087380987234158e-02,4.970265506204303851e-01,4.572628123477625595e-01,1.468799294773366071e-01,3.523015568758485205e-01,4.041278319596789959e-01,-7.865634335981679104e-02,3.919997062710092184e-01,2.683353869410539105e-01,7.778169272440314808e-02,2.560858789391420864e-01,-2.338076660339204194e-01,2.958698954623539823e-01,4.102400786685228562e-01,5.186725497974182392e-02,-3.329344822043844485e-04,2.797739000434411594e-01,4.668257377333130953e-01,1.000000000000000000e+00,2.544431724262140593e-01,1.287878033712900605e-01,3.707220967949296786e-01,7.420094807727113384e-01,4.149275860001485072e-01,5.016316959605535697e-01,2.584166015475485856e-01,2.589163022237863099e-01,4.315146621038645214e-01,4.643357407015588079e-01,-7.128479955463534745e-02,5.419842696839947960e-02
3.838653463758238682e-01,4.113343944672683827e-01,6.707518076544042307e-01,1.052543895745471914e-01,6.341676946050387453e-01,3.621899237327501440e-03,-4.528510198231546768e-01,-6.624745719111029274e-01,6.000477848878175147e-01,3.603688278377766285e-01,4.131017613610911132e-01,4.437980056942587570e-01,-4.249435071388629748e-01,7.016948321603487804e-01,5.152370112770486843e-01,2.102654327647288657e-01,4.808024325922193309e-01,3.186807965541364474e-01,6.051351491377449099e-01,4.305339241753259327e-01,8.213959910020406097e-02,-1.772622863672239646e-01,4.212034686928690097e-01,4.656585579592751323e-01,5.124004983101972943e-01,7.169840447063143829e-01,2.544431724262140593e-01,1.000000000000000000e+00,3.791727647691736092e-01,5.608689392307626420e-01,3.695520541964275041e-01,2.123652973010424494e-01,5.734359625834301727e-02,6.222685363548121629e-01,-1.491948936917789625e-01,-4.882452760508456530e-02,1.381166722396923452e-01,5.756184007125565438e-01,6.183789117094909971e-01
2.708015455286647000e-01,6.000229723646548496e-01,1.975829036054985721e-01,-5.320130951762701565e-01,3.115409502106170070e-01,6.337074639882486204e-01,-2.895128478781228143e-01,-3.199257908416262008e-01,-2.935035636472948031e-02,3.242325076424294461e-01,4.294670347677949640e-01,-3.483583386278998884e-01,5.125256216295250716e-02,1.977609416447533852e-01,-2.324229584889478673e-01,4.197894633818566867e-01,4.099887413875830666e-01,-3.248170328941674123e-01,6.097784746143905532e-02,-1.866201608318434069e-01,4.738844492697429356e-01,-3.089922132263741017e-01,-3.356420148898415778e-01,-2.798207876116160508e-01,4.704839653141149047e-01,3.297397049735481533e-01,1.287878033712900605e-01,3.791727647691736092e-01,1.000000000000000000e+00,1.286996192274963979e-01,4.304162220482942169e-01,6.518329427875386717e-01,3.182180418714605219e-01,-9.717467385967323845e-02,5.189864964682755488e-01,1.841235709880505445e-01,6.104201033599117032e-01,-1.206372932958224703e-01,2.264206164825401379e-01
5.452653618748491970e-01,4.821938693407273324e-01,4.462407246680982764e-01,2.572050968968103146e-01,5.833772328408223240e-01,-1.447222022066403102e-01,-2.848566476682775628e-01,-4.207083793230655955e-01,5.619011200973776932e-01,5.019194757018226039e-01,3.478268526176585551e-01,4.385473335893429470e-01,-3.491093397349664396e-01,5.884166290283345813e-01,4.380687925803024574e-01,3.366177953848170090e-01,4.052621049368140271e-01,3.864761777736038240e-01,6.599174219727206303e-01,3.366015893035719797e-01,-1.234781642370715304e-01,-1.126522291080417210e-01,5.438880994885542108e-01,4.066500806181572170e-01,5.394605705912628446e-01,5.232819347812178723e-01,3.707220967949296786e-01,5.608689392307626420e-01,1.286996192274963979e-01,1.000000000000000000e+00,3.161269110724646003e-01,2.703425039492976523e-01,2.542826393138770610e-02,5.378094639985162573e-01,-1.264051834582194944e-01,1.525444611249535121e-01,1.795672710203193578e-01,4.626370313177382010e-01,5.399058323750787203e-01
4.914866012132798612e-01,5.478075250108168648e-01,1.273296998717841910e-01,-3.670882876822886276e-01,4.659370967634152150e-01,3.602614366181249306e-01,7.249165979547907146e-02,-2.628504467732884486e-01,4.282275427538039143e-03,5.239554021389229987e-01,4.566236277630028040e-01,1.126239818554160103e-02,3.218635263969785720e-01,3.610340531971424349e-01,-1.456022739381322151e-01,4.498522210971629964e-01,2.954679920180049990e-01,-1.724688620685333601e-02,2.841168113304117782e-01,-2.532635389771740742e-01,4.942624559059503042e-01,3.044441886708196265e-01,-1.183567617047767973e-01,-1.174391507448761668e-01,4.065462334304795200e-01,5.145551369418360776e-01,7.420094807727113384e-01,3.695520541964275041e-01,4.304162220482942169e-01,3.161269110724646003e-01,1.000000000000000000e+00,5.461854854753260824e-01,5.146407843688185491e-01,1.902563933648611094e-01,3.739820904050320527e-01,3.381301203062574978e-01,5.531759986725865996e-01,-8.823759543813049222e-02,1.798060458313566479e-01
5.699883983678160071e-01,7.189875025386506247e-01,-9.650921718524707593e-02,-5.640730814499202994e-01,3.157446565628774238e-01,6.652657226936975476e-01,-8.909901588692547419e-03,-2.911389021513963171e-02,-2.184033064956428238e-01,6.150378727320550132e-01,5.114424308656539964e-01,-4.068078875497694868e-01,3.248365035849734017e-01,2.405736730944565138e-01,-4.156804599228897668e-01,6.866863090426065241e-01,3.088794503179956852e-01,-3.980243285722818714e-01,1.855320879410375309e-02,-3.985388065293469784e-01,4.545361332153785017e-01,-2.866786579224876383e-02,-2.941746274273260853e-01,-3.851436860950878671e-01,5.897810491263280053e-01,1.873226651838042489e-01,4.149275860001485072e-01,2.123652973010424494e-01,6.518329427875386717e-01,2.703425039492976523e-01,5.461854854753260824e-01,1.000000000000000000e+00,5.747417098823532911e-01,-1.554547589298370946e-01,6.782677468857553071e-01,5.575392956363824926e-01,8.154450792124833258e-01,-3.434387481123457597e-01,-2.127133532990115733e-02
4.491791249217957360e-01,4.338968189027923028e-01,-3.183526798318860873e-01,-6.867515608460746934e-01,2.722145776549999563e-01,5.721067505480490478e-01,4.067078124230663061e-01,1.366265818204196736e-01,-4.604966988285529306e-01,5.415169028843128674e-01,2.792447693627768679e-01,-3.955420441698956902e-01,6.793494828837136623e-01,9.352070034709067392e-02,-5.624323958418525615e-01,6.687283768509151294e-01,1.357351458381643970e-02,-4.459642285124093553e-01,-1.749876033853395574e-01,-6.972111210611910970e-01,6.920509640168415189e-01,4.784242833582276755e-01,-4.344503135672374561e-01,-5.038354164891369891e-01,3.130442235679684604e-01,4.486887536157958822e-02,5.016316959605535697e-01,5.734359625834301727e-02,3.182180418714605219e-01,2.542826393138770610e-02,5.146407843688185491e-01,5.747417098823532911e-01,1.000000000000000000e+00,-9.817819393471267919e-02,6.749862510247957026e-01,7.110044205119369076e-01,6.907899076008172656e-01,-4.994031135551765810e-01,-3.405314452804235059e-01
2.720208533793785910e-01,1.173803588080106486e-01,6.653486776948926984e-01,4.652007599716111441e-01,6.537201766682531057e-01,-4.709748389614774600e-01,-2.764077134572431316e-01,-6.068200203739915199e-01,7.553636503340860342e-01,1.523466114077134670e-01,1.222140552769957755e-01,7.527183146185524310e-01,-4.792424965528478964e-01,6.612193951704027350e-01,7.079858571407300349e-01,-1.180489096001556409e-01,2.931597637257436495e-01,5.293451804397075744e-01,6.450371825897642797e-01,5.293959031755652855e-01,-2.114011655606278794e-01,-4.917374894811155778e-02,6.704406192753210592e-01,7.155266712592289746e-01,1.931878901414378347e-01,5.428343388855341178e-01,2.584166015475485856e-01,6.222685363548121629e-01,-9.717467385967323845e-02,5.378094639985162573e-01,1.902563933648611094e-01,-1.554547589298370946e-01,-9.817819393471267919e-02,1.000000000000000000e+00,-5.292526617077193407e-01,-2.223839696339416083e-01,-2.055807915896654126e-01,6.936119191250890159e-01,6.313564823187973740e-01
2.748391233535530387e-01,4.544224083030732331e-01,-4.510043365145693928e-01,-8.073425331101869995e-01,-2.563722540883265136e-02,8.127670160875823946e-01,2.620860362294692991e-01,2.745834251236434209e-01,-6.540959932353329620e-01,3.882668332642978393e-01,2.830028874261085736e-01,-7.316525290788632452e-01,6.583391418329624933e-01,-1.968826166988674187e-01,-7.715156156678568689e-01,6.548063671615245163e-01,1.864525529931104070e-02,-6.462311840380223771e-01,-3.878691685500483266e-01,-7.300683489501929024e-01,6.265104395486907896e-01,1.810703223889380542e-01,-6.797921443190733104e-01,-7.612777568949026241e-01,3.062882890126760738e-01,-1.536655448028649285e-01,2.589163022237863099e-01,-1.491948936917789625e-01,5.189864964682755488e-01,-1.264051834582194944e-01,3.739820904050320527e-01,6.782677468857553071e-01,6.749862510247957026e-01,-5.292526617077193407e-01,1.000000000000000000e+00,6.149066724696289343e-01,7.485872419071722961e-01,-6.896859021598236161e-01,-4.138654830639948989e-01
5.353402970439062880e-01,4.456891414224105064e-01,-4.278028982740788022e-01,-5.148582662113984076e-01,1.129456013012463123e-01,5.048080620998798285e-01,3.853487199892867698e-01,3.144540883853387259e-01,-4.217956493999696077e-01,5.356745588469916663e-01,2.341805672675397743e-01,-4.162554800999436755e-01,5.616449402243980371e-01,8.918291731596303396e-02,-5.349160192516900780e-01,7.068377395314443534e-01,-5.663961541758762847e-02,-3.992445933074423303e-01,-2.405648330967455895e-01,-6.014679331424462871e-01,4.333713297850982915e-01,3.794583202651944376e-01,-2.920963641132334199e-01,-4.635683605076049152e-01,3.244947016716037691e-01,-7.471295140454921324e-02,4.315146621038645214e-01,-4.882452760508456530e-02,1.841235709880505445e-01,1.525444611249535121e-01,3.381301203062574978e-01,5.575392956363824926e-01,7.110044205119369076e-01,-2.223839696339416083e-01,6.149066724696289343e-01,1.000000000000000000e+00,6.617200650915376903e-01,-5.345358976198439915e-01,-4.528331063388854605e-01
5.560469311184609298e-01,7.070147878562340615e-01,-1.937429824338779971e-01,-6.540619416030984956e-01,2.964137278289824540e-01,7.161526251511237673e-01,1.534119183363804040e-01,2.466022120208333918e-02,-3.287406529815246059e-01,6.164206441826092231e-01,4.038341209833265499e-01,-4.680381403342938618e-01,4.876163297240644900e-01,1.800272120159802647e-01,-5.324876326608249943e-01,7.050914919618574972e-01,2.029621689686632591e-01,-4.274662939002047968e-01,-6.657700915850292556e-02,-5.464900987195594473e-01,5.840753047207740689e-01,1.428007421627375817e-01,-3.998191615173762314e-01,-4.881045813903927555e-01,5.304974808281006649e-01,1.307477696362550901e-01,4.643357407015588079e-01,1.381166722396923452e-01,6.104201033599117032e-01,1.795672710203193578e-01,5.531759986725865996e-01,8.154450792124833258e-01,6.907899076008172656e-01,-2.055807915896654126e-01,7.485872419071722961e-01,6.617200650915376903e-01,1.000000000000000000e+00,-4.487935175491936657e-01,-1.514043109486610250e-01
-2.684123486740839712e-02,-8.445892551000139248e-02,7.534489946525765314e-01,6.544181967402143973e-01,4.144010766844393179e-01,-5.530455280394991346e-01,-5.258414441954654128e-01,-6.198162090942093139e-01,8.154929784346143240e-01,-4.779539150452670471e-02,7.978290917889521716e-02,8.039169882804236833e-01,-7.365824879704836459e-01,5.155813342023400914e-01,8.531153469415354573e-01,-3.182825894135229983e-01,3.102472497597888457e-01,7.241578303911521131e-01,7.102052410753479927e-01,7.992867828233474192e-01,-3.951914816315176271e-01,-2.926289936626751409e-01,6.906269091920986813e-01,7.908308093981266662e-01,8.390657515505475783e-02,5.141907870511518430e-01,-7.128479955463534745e-02,5.756184007125565438e-01,-1.206372932958224703e-01,4.626370313177382010e-01,-8.823759543813049222e-02,-3.434387481123457597e-01,-4.994031135551765810e-01,6.936119191250890159e-01,-6.896859021598236161e-01,-5.345358976198439915e-01,-4.487935175491936657e-01,1.000000000000000000e+00,7.584924064479350303e-01
1.311875400096738919e-01,2.638723254257767104e-01,7.872936026372689966e-01,3.878934618293353731e-01,5.837870931263732244e-01,-2.950529506071056796e-01,-6.105519014085738494e-01,-7.424392674581994367e-01,7.706440746326598257e-01,1.474255616248469902e-01,2.038930873766658936e-01,6.152494504162590028e-01,-6.461285166437381600e-01,5.142729139460394672e-01,6.638808608721674664e-01,-1.196496699947715431e-01,4.265285256423217985e-01,5.242869592798922174e-01,7.492931523281668449e-01,6.244882280041881284e-01,-1.676407631309683455e-01,-4.051480870700133741e-01,5.095644060492684480e-01,6.088486463183544473e-01,2.835542618574015683e-01,5.800867859743925603e-01,5.419842696839947960e-02,6.183789117094909971e-01,2.264206164825401379e-01,5.399058323750787203e-01,1.798060458313566479e-01,-2.127133532990115733e-02,-3.405314452804235059e-01,6.313564823187973740e-01,-4.138654830639948989e-01,-4.528331063388854605e-01,-1.514043109486610250e-01,7.584924064479350303e-01,1.000000000000000000e+00
