1.000000000000000000e+00,7.706337993760826732e-01,4.752196482300843905e-01,1.629400868475068889e-02,3.984338977109818103e-01,3.612705554982713618e-01,5.173078508109900664e-01,-2.285436098742374411e-01,7.273572938008239508e-02,7.322110472078775523e-01,5.502117153470300615e-01,3.751954348111262716e-01,6.927165234163662477e-01,5.707844641360372284e-01,-2.592165463210159213e-02,8.496053662460069100e-01,5.040887563703516649e-01,3.857474887317599022e-01,1.749198161277054847e-03,6.507443303442955740e-01,3.437457292333339076e-01,7.093872233740208255e-01,4.061622383324823837e-01,4.614961460602899912e-01,4.746529826756528680e-01,4.644821566672250879e-01,6.139553265130612836e-01,4.657868905359014433e-01,5.834879456156688571e-01,6.423041798247748346e-01,6.615106033505704364e-01,7.531779952923380872e-01,6.700426989850053472e-01,5.036334848323192198e-02,6.621030890071570862e-01,6.409664516395424672e-01,5.388100746267668884e-01,1.270485315616500244e-01,5.097334884651877340e-01
7.706337993760826732e-01,1.000000000000000000e+00,2.472383073565508627e-01,3.124658377122341291e-02,1.938469186247663012e-01,3.070807807699966197e-01,6.233997506768440555e-01,2.136966717717564412e-02,1.307348416349764786e-01,6.182085286429076509e-01,5.543791741417398722e-01,3.509082229154992794e-01,6.516540643999745308e-01,4.923912568631353404e-01,-1.580501691650530727e-01,7.012313839344553879e-01,3.127634413409938752e-01,1.858919040528503874e-01,-1.302812913589663224e-01,4.883402642535278892e-01,1.017809756290695838e-01,6.392177499981003264e-01,4.024185693502256855e-01,4.518988960257806498e-01,4.666382389632606764e-01,3.832944014714143033e-01,5.123150114567680546e-01,2.860718205225247779e-01,6.392839449463149082e-01,5.196668726579907194e-01,7.083093127447663839e-01,7.973655923612473773e-01,5.316501512395704898e-01,7.353643691585928267e-03,7.230607284777489374e-01,6.889486028409677054e-01,6.259667609561925250e-01,-1.433490649503993408e-01,4.414115441567854625e-01
4.752196482300843905e-01,2.472383073565508627e-01,1.000000000000000000e+00,1.456225780067870734e-01,8.243764845228983562e-01,3.848084982097484952e-01,2.331373470829528893e-01,-8.133718713798553379e-01,4.366971789078669675e-01,6.489524143190715799e-01,4.466770273523389401e-01,4.109094528393879564e-01,3.891035775189948254e-01,7.030633984473870779e-01,3.261085840378021294e-01,6.439729158921961849e-01,6.019797928680996613e-01,7.079424142830931244e-01,4.108757797009908730e-01,6.142736701662276921e-01,5.413632887018816620e-01,4.599602990269264779e-01,4.616985487113209885e-01,4.704847599542401615e-01,5.705425159395804968e-01,4.145259355295861647e-01,5.274947840922326048e-01,6.038213992998331392e-01,4.264866002593307170e-01,6.419946918280851067e-01,2.290553383856797354e-01,4.666247767086432185e-01,7.244198192749279341e-01,5.436742082177929980e-01,3.060712105173079012e-01,2.089198252045013360e-01,2.735411654934769565e-01,3.733727728021242753e-01,3.873413337934238365e-01
1.629400868475068889e-02,3.124658377122341291e-02,1.456225780067870734e-01,1.000000000000000000e+00,3.842411570003249205e-02,-3.896424338000846754e-01,9.333381096547116451e-02,-2.592808510716768655e-01,1.257172483620714876e-01,8.320535204622636974e-03,-1.644787401317280018e-01,-2.740639385373720982e-01,-1.860824683445704286e-01,-1.593487193550824632e-01,-5.230142916941137310e-01,2.475426470401554530e-02,-5.049394040238212866e-02,1.178499102832313294e-01,-2.826133877947790141e-01,-2.491866457082838465e-02,-1.105729954345577581e-01,-1.504038665985222289e-01,2.805686284207863351e-03,1.827016420744131397e-01,5.489085059674194550e-02,-3.033534523103562086e-01,5.101117150909698431e-03,1.748734155794568479e-01,-5.712345595614587782e-03,-3.547151751476483594e-02,2.078523293912573067e-01,4.272937398067303688e-02,-1.798466751233726846e-01,3.617210535262513349e-01,6.088567568097149468e-02,-8.682769233826299893e-02,-8.607175088293572696e-02,-4.482105304606424090e-01,-5.450571542038205181e-02
3.984338977109818103e-01,1.938469186247663012e-01,8.243764845228983562e-01,3.842411570003249205e-02,1.000000000000000000e+00,3.387389042516387727e-01,1.117642020148712084e-01,-7.032244166412616737e-01,5.309653654235777509e-01,6.419247036066333401e-01,3.199008930071824963e-01,4.871250408761805817e-01,3.186094655324873681e-01,6.907586148152655703e-01,4.419932542183558910e-01,5.524639986919965828e-01,5.008797155645654531e-01,6.498986539490059222e-01,5.855738226324259665e-01,4.951948150365810264e-01,6.163930721075774333e-01,3.744638835980468317e-01,4.292841646194695548e-01,4.894609112484365476e-01,6.108035981756018140e-01,3.572890488313903434e-01,4.603493126032260907e-01,5.043834898801041744e-01,4.001357629609915145e-01,6.518406020973869230e-01,2.180759727821103278e-01,4.637349370569903151e-01,6.719355721089754763e-01,6.135578808463857392e-01,2.887580072413223342e-01,1.630933106706582147e-01,2.287078749656274446e-01,4.664019392639755512e-01,4.989388696254952738e-01
3.612705554982713618e-01,3.070807807699966197e-01,3.848084982097484952e-01,-3.896424338000846754e-01,3.387389042516387727e-01,1.000000000000000000e+00,3.260017688572005023e-01,-1.898623079784652057e-01,5.712728124734941376e-02,3.283351593767027121e-01,6.541577033913044126e-01,4.292894185959990061e-01,5.367733617172713023e-01,5.636417904507712295e-01,4.233703817270110248e-01,4.520061873297083754e-01,4.993795001930809163e-01,1.633854809835008914e-01,1.617358852101571653e-01,4.978939763377979166e-01,3.923805739928193370e-01,5.330673721275116517e-01,5.423356661169788095e-01,2.314648902768306482e-01,3.230857938591339962e-01,6.332998146809950546e-01,4.728300942536993179e-01,3.676792094040703951e-01,2.999256581085645301e-01,3.661565578160090317e-01,1.183176468413363186e-01,3.190955974514154692e-01,5.437424132058259474e-01,-5.458506780950062032e-02,3.493098374994496047e-01,3.898179067762904682e-01,4.373435649465846620e-01,4.866531723658143460e-01,1.568679911197019827e-01
5.173078508109900664e-01,6.233997506768440555e-01,2.331373470829528893e-01,9.333381096547116451e-02,1.117642020148712084e-01,3.260017688572005023e-01,1.000000000000000000e+00,1.568095316209283940e-01,-1.531728750318288590e-01,3.106777073567462133e-01,5.259516600052360769e-01,4.973758362746375505e-01,7.199995815110182829e-01,3.470685662669039662e-01,-1.377218809492825047e-01,5.418656443651317378e-01,1.054540936700605752e-01,7.431752103915371943e-02,-2.024366271269318063e-01,6.061070280873007698e-01,-7.542524407256871559e-03,7.351438156098994980e-01,4.604255643568463952e-01,2.481761263072707335e-01,3.602042987630815207e-01,2.951936334575980814e-01,4.806031943483872193e-01,1.265419856261638110e-01,4.953261218917987541e-01,2.490984801850260333e-01,3.976411074140441260e-01,6.061014183376813858e-01,4.308306653211679826e-01,-1.205673502737318950e-02,5.507273227966946738e-01,6.323890536649350302e-01,5.706285283397805053e-01,-2.482345967759327920e-01,3.483082508639779307e-01
-2.285436098742374411e-01,2.136966717717564412e-02,-8.133718713798553379e-01,-2.592808510716768655e-01,-7.032244166412616737e-01,-1.898623079784652057e-01,1.568095316209283940e-01,1.000000000000000000e+00,-5.057341533557481172e-01,-4.505781063797143493e-01,-1.392970573834348136e-01,-5.351664756491254782e-02,2.890201548360024630e-02,-4.554354336927901037e-01,-2.599217050127077266e-01,-3.525068542305367925e-01,-5.226089055360841895e-01,-6.676276321877260278e-01,-3.789915260541651398e-01,-2.572021736003636261e-01,-4.807815396330547553e-01,-4.603896545465331613e-02,-2.170899200201653889e-01,-3.820516283851634332e-01,-3.372929775239142391e-01,-1.942224729103535497e-01,-2.427172715423638050e-01,-5.816476547673615771e-01,-1.678189886556827048e-01,-4.448099997755662893e-01,-8.891789570605321269e-02,-1.468722097072348853e-01,-4.022690597870937634e-01,-5.596424308699582406e-01,-9.505460638650981009e-02,1.084851129329839625e-01,-4.308549422947428008e-03,-3.694049368576457493e-01,-1.823297355321888691e-01
7.273572938008239508e-02,1.307348416349764786e-01,4.366971789078669675e-01,1.257172483620714876e-01,5.309653654235777509e-01,5.712728124734941376e-02,-1.531728750318288590e-01,-5.057341533557481172e-01,1.000000000000000000e+00,3.746942040281669994e-01,3.800344315957441405e-02,1.871515274726027189e-01,-8.476017897568366433e-02,3.792421335891703604e-01,3.782694013785586895e-01,2.028634182736117342e-01,2.963743887651286157e-01,4.400737757512540593e-01,4.996493091637720374e-01,-5.667474235450162268e-02,3.082594643268525836e-01,-1.081248421373858515e-01,2.979800591389230591e-01,4.287879583279499141e-01,4.366207094721029081e-01,1.029244099417883085e-01,1.230988755521576911e-01,4.358721238609448712e-01,2.063748939738286603e-01,4.737524268903437474e-01,2.169227605426527483e-01,2.588923818474225813e-01,2.595757190862972852e-01,6.972229311058762979e-01,7.135734607858111589e-02,-9.251931486236446289e-02,-8.704268660236168936e-03,3.311536422866101503e-01,2.792109592607834867e-01
7.322110472078775523e-01,6.182085286429076509e-01,6.489524143190715799e-01,8.320535204622636974e-03,6.419247036066333401e-01,3.283351593767027121e-01,3.106777073567462133e-01,-4.505781063797143493e-01,3.746942040281669994e-01,1.000000000000000000e+00,4.817353099455970455e-01,4.383759799032918014e-01,4.807611911832455620e-01,6.127875523846093575e-01,2.176289983316430365e-01,8.278794714682545797e-01,5.710914591510127813e-01,6.595399705504787491e-01,4.355604642560841899e-01,5.476344902651133495e-01,5.066332828266373323e-01,5.633083188034485600e-01,3.943503186721871723e-01,4.494095964625555162e-01,7.131108869541127326e-01,3.644227930559318929e-01,5.446536487783845137e-01,4.927256051928453617e-01,5.911081162134966815e-01,7.234502968947915669e-01,6.160995533238344812e-01,7.309691082489850888e-01,6.927185410542145982e-01,3.155754316415785854e-01,5.462342232911380213e-01,4.368897141723180333e-01,4.641607316972072295e-01,2.795721490404916576e-01,7.119761917395942552e-01
5.502117153470300615e-01,5.543791741417398722e-01,4.466770273523389401e-01,-1.644787401317280018e-01,3.199008930071824963e-01,6.541577033913044126e-01,5.259516600052360769e-01,-1.392970573834348136e-01,3.800344315957441405e-02,4.817353099455970455e-01,1.000000000000000000e+00,5.650285320984328452e-01,7.610001031864163101e-01,6.494648720289204480e-01,2.063644274346984053e-01,6.204546214180589603e-01,6.316679778988466554e-01,2.276959002115912234e-01,9.191424498337577575e-02,7.155528126023658064e-01,2.030895298549710848e-01,7.412456076846183350e-01,6.731836986853367844e-01,2.866289357945330241e-01,4.549999809437260678e-01,7.390100118959342934e-01,7.803308186039263905e-01,3.642065917161705357e-01,4.805521973201130614e-01,5.167997755016752182e-01,3.483180898860527841e-01,5.763229633988670164e-01,7.221860259425100237e-01,-5.167292803032587367e-02,4.246990424663656394e-01,5.638369027326549654e-01,5.134789984814231989e-01,2.407941755319993604e-01,2.684624999256887135e-01
3.751954348111262716e-01,3.509082229154992794e-01,4.109094528393879564e-01,-2.740639385373720982e-01,4.871250408761805817e-01,4.292894185959990061e-01,4.973758362746375505e-01,-5.351664756491254782e-02,1.871515274726027189e-01,4.383759799032918014e-01,5.650285320984328452e-01,1.000000000000000000e+00,6.651228937862405655e-01,5.371354791634237458e-01,4.037740636372250669e-01,5.089164981207136007e-01,2.934737445312529669e-01,3.497024529265798654e-01,4.370172848150327694e-01,6.490533649966901963e-01,2.388365198532421130e-01,7.032719901097169712e-01,5.604867066518692820e-01,2.186876427529123035e-01,5.212929303890904142e-01,4.799300087813973548e-01,6.310938792683103982e-01,4.158072465219607439e-02,3.667240758815761281e-01,5.185488236703396092e-01,1.406634889794601551e-01,5.376902034930404195e-01,5.982085918630202226e-01,1.215808778970217940e-01,3.434879103333541850e-01,4.937214904766230594e-01,3.540425331596147585e-01,3.227217416986395415e-01,5.834315492636805711e-01
6.927165234163662477e-01,6.516540643999745308e-01,3.891035775189948254e-01,-1.860824683445704286e-01,3.186094655324873681e-01,5.367733617172713023e-01,7.199995815110182829e-01,2.890201548360024630e-02,-8.476017897568366433e-02,4.807611911832455620e-01,7.610001031864163101e-01,6.651228937862405655e-01,1.000000000000000000e+00,6.288812962820974350e-01,8.373975268967819019e-02,6.905630483762670302e-01,3.781984529435080677e-01,1.168266434043763458e-01,-9.751536740249271487e-03,7.947846314265528678e-01,2.417544837563204430e-01,8.726659313284131914e-01,5.784816175680169703e-01,3.309179649916099697e-01,4.473430924097876460e-01,6.326971848025986223e-01,7.056013028958646460e-01,2.123760030740766414e-01,5.313666282610954861e-01,5.324555037175816574e-01,3.806874503761890072e-01,7.013435720924022787e-01,7.477928480978746073e-01,-9.518290807137491649e-02,5.970989214561623903e-01,7.439148937161387254e-01,5.889058814564465116e-01,1.154112893286373953e-01,3.693488391213604616e-01
5.707844641360372284e-01,4.923912568631353404e-01,7.030633984473870779e-01,-1.593487193550824632e-01,6.907586148152655703e-01,5.636417904507712295e-01,3.470685662669039662e-01,-4.554354336927901037e-01,3.792421335891703604e-01,6.127875523846093575e-01,6.494648720289204480e-01,5.371354791634237458e-01,6.288812962820974350e-01,1.000000000000000000e+00,3.757536263648174613e-01,6.711695111779759637e-01,6.156471675752583916e-01,3.984920092674946179e-01,3.045100834523421507e-01,6.426301874466170405e-01,5.036927431530985322e-01,6.178422767599304199e-01,5.870489648510177627e-01,5.540696475766676565e-01,5.476283283172438399e-01,6.405549583067084995e-01,6.293371929664033360e-01,4.691745637007411207e-01,5.438382361322873226e-01,7.322662876872414461e-01,3.075144098766429135e-01,6.168696662679661324e-01,8.532053514154491758e-01,2.959425078782527696e-01,3.993457822101664778e-01,4.554797390670674573e-01,3.816328953789734357e-01,3.804434576605721929e-01,3.670271750487665852e-01
-2.592165463210159213e-02,-1.580501691650530727e-01,3.261085840378021294e-01,-5.230142916941137310e-01,4.419932542183558910e-01,4.233703817270110248e-01,-1.377218809492825047e-01,-2.599217050127077266e-01,3.782694013785586895e-01,2.176289983316430365e-01,2.063644274346984053e-01,4.037740636372250669e-01,8.373975268967819019e-02,3.757536263648174613e-01,1.000000000000000000e+00,1.437806780651724459e-01,3.292507872668799518e-01,3.187828682804058622e-01,6.330084505922002336e-01,1.858821373285757805e-01,3.529851940639493479e-01,1.019629291326613063e-01,2.277917771680278980e-01,-8.404786552329670743e-03,1.596615381944392620e-01,3.750308629539079730e-01,1.381672444312153358e-01,3.610597071120285606e-01,-1.040231229553941102e-02,2.745553038811750501e-01,-6.946645269773089881e-02,9.875967361666772304e-03,3.277862416693967385e-01,2.729161079703793513e-01,-2.013186248659428468e-01,-1.324413724133212678e-01,-6.200552091079386541e-02,7.849424178043293843e-01,2.422177557965173866e-01
8.496053662460069100e-01,7.012313839344553879e-01,6.439729158921961849e-01,2.475426470401554530e-02,5.524639986919965828e-01,4.520061873297083754e-01,5.418656443651317378e-01,-3.525068542305367925e-01,2.028634182736117342e-01,8.278794714682545797e-01,6.204546214180589603e-01,5.089164981207136007e-01,6.905630483762670302e-01,6.711695111779759637e-01,1.437806780651724459e-01,1.000000000000000000e+00,5.795584848694528279e-01,5.642911919934879839e-01,2.292385064005045270e-01,7.348318231614288099e-01,3.978247996053765889e-01,7.398052570495052827e-01,5.292926958636673396e-01,4.640495777634858765e-01,6.381676828022725401e-01,5.074639883007833197e-01,6.524833121925768253e-01,5.055618903090826066e-01,5.826330978386567994e-01,7.247789233395619535e-01,5.452957342318400791e-01,7.526242355481176372e-01,7.542539568707162800e-01,1.614057273597261088e-01,6.192409624582547734e-01,6.459952079477553344e-01,5.323751182893294853e-01,2.230161484744741518e-01,5.584841972423978396e-01
5.040887563703516649e-01,3.127634413409938752e-01,6.019797928680996613e-01,-5.049394040238212866e-02,5.008797155645654531e-01,4.993795001930809163e-01,1.054540936700605752e-01,-5.226089055360841895e-01,2.963743887651286157e-01,5.710914591510127813e-01,6.316679778988466554e-01,2.934737445312529669e-01,3.781984529435080677e-01,6.156471675752583916e-01,3.292507872668799518e-01,5.795584848694528279e-01,1.000000000000000000e+00,4.539456475343600639e-01,3.393932251973583170e-01,4.773944155737692707e-01,4.227839246112795601e-01,3.887830206526667332e-01,4.814541520330325453e-01,3.705237119575343074e-01,4.121923989602107041e-01,5.977491997724105888e-01,5.761772776714437772e-01,5.508179764399725453e-01,4.301393564730825458e-01,6.395218510886713226e-01,2.958698421159924874e-01,3.936631243186495266e-01,6.150621594554503968e-01,1.649828456734604432e-01,2.519314925158062102e-01,2.504118597086657516e-01,2.716970865365485599e-01,4.772769399452425620e-01,2.621982341234061487e-01
3.857474887317599022e-01,1.858919040528503874e-01,7.079424142830931244e-01,1.178499102832313294e-01,6.498986539490059222e-01,1.633854809835008914e-01,7.431752103915371943e-02,-6.676276321877260278e-01,4.400737757512540593e-01,6.595399705504787491e-01,2.276959002115912234e-01,3.497024529265798654e-01,1.168266434043763458e-01,3.984920092674946179e-01,3.187828682804058622e-01,5.642911919934879839e-01,4.539456475343600639e-01,1.000000000000000000e+00,5.849889779959462910e-01,3.889882734411460596e-01,3.502870648864047642e-01,2.940956508605251374e-01,2.644961013686344953e-01,2.961393231851385810e-01,5.507686419451613968e-01,1.686872088107225220e-01,3.440683288060592537e-01,4.600365902384161432e-01,2.827791152945606790e-01,4.857205931752551220e-01,2.319784822069552721e-01,3.249782737375634944e-01,4.464256577632438883e-01,4.381057251371042183e-01,1.886116800141506566e-01,2.478104379539981111e-02,1.306116605260592978e-01,2.890159243954752988e-01,5.118171587856271687e-01
1.749198161277054847e-03,-1.302812913589663224e-01,4.108757797009908730e-01,-2.826133877947790141e-01,5.855738226324259665e-01,1.617358852101571653e-01,-2.024366271269318063e-01,-3.789915260541651398e-01,4.996493091637720374e-01,4.355604642560841899e-01,9.191424498337577575e-02,4.370172848150327694e-01,-9.751536740249271487e-03,3.045100834523421507e-01,6.330084505922002336e-01,2.292385064005045270e-01,3.393932251973583170e-01,5.849889779959462910e-01,1.000000000000000000e+00,9.342892842384101226e-02,4.241841304297783721e-01,4.396843274110362465e-02,1.372302721754192489e-01,1.572233565164456170e-02,4.411908008154332150e-01,1.246613157019322710e-01,8.823695310282576865e-02,1.406059365446745146e-01,1.404795257036678957e-01,3.450919494605840798e-01,-7.270677710654398218e-02,9.637074774763877694e-02,2.939410211911442916e-01,3.389702452372045371e-01,-8.071642338592578680e-02,-5.912432553691515658e-02,-4.232691504612191846e-02,5.536798223222875182e-01,4.582361287218850165e-01
6.507443303442955740e-01,4.883402642535278892e-01,6.142736701662276921e-01,-2.491866457082838465e-02,4.951948150365810264e-01,4.978939763377979166e-01,6.061070280873007698e-01,-2.572021736003636261e-01,-5.667474235450162268e-02,5.476344902651133495e-01,7.155528126023658064e-01,6.490533649966901963e-01,7.947846314265528678e-01,6.426301874466170405e-01,1.858821373285757805e-01,7.348318231614288099e-01,4.773944155737692707e-01,3.889882734411460596e-01,9.342892842384101226e-02,1.000000000000000000e+00,2.846959151277502764e-01,8.573426347774995016e-01,5.820787332825471116e-01,3.393984416768938139e-01,4.705339586237714533e-01,6.455513443545922714e-01,7.658687316898111774e-01,3.681692060258969224e-01,4.753466210047759821e-01,5.898132835553268061e-01,2.898553369280436054e-01,6.234495367267696153e-01,7.700889446247228820e-01,6.089926434770652486e-02,4.846892239827620963e-01,5.664684346907710166e-01,5.113896458268476497e-01,2.000710687281595235e-01,3.881986474670409137e-01
3.437457292333339076e-01,1.017809756290695838e-01,5.413632887018816620e-01,-1.105729954345577581e-01,6.163930721075774333e-01,3.923805739928193370e-01,-7.542524407256871559e-03,-4.807815396330547553e-01,3.082594643268525836e-01,5.066332828266373323e-01,2.030895298549710848e-01,2.388365198532421130e-01,2.417544837563204430e-01,5.036927431530985322e-01,3.529851940639493479e-01,3.978247996053765889e-01,4.227839246112795601e-01,3.502870648864047642e-01,4.241841304297783721e-01,2.846959151277502764e-01,1.000000000000000000e+00,2.757114079362124048e-01,2.893918043207597823e-01,3.596862558172330693e-01,3.935494600103681129e-01,2.532795649705801844e-01,2.283699620693268595e-01,4.203218611896358259e-01,3.047164177563668197e-01,4.443426938045135222e-01,2.314936073976714137e-01,3.159289145403700316e-01,5.236664857085037150e-01,3.407971937924888506e-01,2.655363919891713942e-01,9.707704501871658453e-02,2.255669056592414512e-01,5.232008187720520453e-01,4.059506022116963764e-01
7.093872233740208255e-01,6.392177499981003264e-01,4.599602990269264779e-01,-1.504038665985222289e-01,3.744638835980468317e-01,5.330673721275116517e-01,7.351438156098994980e-01,-4.603896545465331613e-02,-1.081248421373858515e-01,5.633083188034485600e-01,7.412456076846183350e-01,7.032719901097169712e-01,8.726659313284131914e-01,6.178422767599304199e-01,1.019629291326613063e-01,7.398052570495052827e-01,3.887830206526667332e-01,2.940956508605251374e-01,4.396843274110362465e-02,8.573426347774995016e-01,2.757114079362124048e-01,1.000000000000000000e+00,5.798361608233399966e-01,3.176252390363448197e-01,5.047381014029420632e-01,5.919555494281307784e-01,7.521106083769634187e-01,2.345085189298419526e-01,5.457181674573906571e-01,5.316068952358778965e-01,4.042592959153343823e-01,7.137229997455502017e-01,7.459038159162593162e-01,-5.096956052288588446e-02,5.845069693787635634e-01,6.785310341529835476e-01,5.935895632506700270e-01,1.082221350182290265e-01,4.870794716529924795e-01
4.061622383324823837e-01,4.024185693502256855e-01,4.616985487113209885e-01,2.805686284207863351e-03,4.292841646194695548e-01,5.423356661169788095e-01,4.604255643568463952e-01,-2.170899200201653889e-01,2.979800591389230591e-01,3.943503186721871723e-01,6.731836986853367844e-01,5.604867066518692820e-01,5.784816175680169703e-01,5.870489648510177627e-01,2.277917771680278980e-01,5.292926958636673396e-01,4.814541520330325453e-01,2.644961013686344953e-01,1.372302721754192489e-01,5.820787332825471116e-01,2.893918043207597823e-01,5.798361608233399966e-01,1.000000000000000000e+00,5.156663536462365860e-01,6.369190906525442619e-01,6.195609203782344032e-01,6.832658250954231072e-01,3.442141818930289365e-01,3.687677689720305074e-01,5.599939579324554328e-01,2.667596773629880014e-01,5.213600809228424726e-01,5.959843629827202838e-01,2.022882793056179629e-01,3.979799833848003954e-01,4.255284635961605888e-01,3.991979165127493845e-01,2.942826364361696978e-01,3.385941190661108102e-01
4.614961460602899912e-01,4.518988960257806498e-01,4.704847599542401615e-01,1.827016420744131397e-01,4.894609112484365476e-01,2.314648902768306482e-01,2.481761263072707335e-01,-3.820516283851634332e-01,4.287879583279499141e-01,4.494095964625555162e-01,2.866289357945330241e-01,2.186876427529123035e-01,3.309179649916099697e-01,5.540696475766676565e-01,-8.404786552329670743e-03,4.640495777634858765e-01,3.705237119575343074e-01,2.961393231851385810e-01,1.572233565164456170e-02,3.393984416768938139e-01,3.596862558172330693e-01,3.176252390363448197e-01,5.156663536462365860e-01,1.000000000000000000e+00,4.927588305579526096e-01,3.658570390607367440e-01,4.552022677034425202e-01,4.130770044583285117e-01,4.392983019773001319e-01,6.054653721778563424e-01,3.637925038622901175e-01,5.067869887596373468e-01,5.275047160436148186e-01,3.954991778775179823e-01,5.048340663415761265e-01,1.982598374312574407e-01,3.913118457301330566e-01,1.163272743018303190e-01,2.899071392438455352e-01
4.746529826756528680e-01,4.666382389632606764e-01,5.705425159395804968e-01,5.489085059674194550e-02,6.108035981756018140e-01,3.230857938591339962e-01,3.602042987630815207e-01,-3.372929775239142391e-01,4.366207094721029081e-01,7.131108869541127326e-01,4.549999809437260678e-01,5.212929303890904142e-01,4.473430924097876460e-01,5.476283283172438399e-01,1.596615381944392620e-01,6.381676828022725401e-01,4.121923989602107041e-01,5.507686419451613968e-01,4.411908008154332150e-01,4.705339586237714533e-01,3.935494600103681129e-01,5.047381014029420632e-01,6.369190906525442619e-01,4.927588305579526096e-01,1.000000000000000000e+00,3.156340946829421790e-01,5.299020741236918353e-01,2.975477208625977865e-01,5.142003882348841204e-01,5.999180212566628256e-01,3.986188598027275432e-01,6.241193722747744310e-01,5.889761544819832606e-01,3.417512379229941111e-01,5.064204503844731420e-01,4.022641134923446438e-01,4.341966103629479323e-01,1.847556270738078543e-01,6.251689446348247525e-01
4.644821566672250879e-01,3.832944014714143033e-01,4.145259355295861647e-01,-3.033534523103562086e-01,3.572890488313903434e-01,6.332998146809950546e-01,2.951936334575980814e-01,-1.942224729103535497e-01,1.029244099417883085e-01,3.644227930559318929e-01,7.390100118959342934e-01,4.799300087813973548e-01,6.326971848025986223e-01,6.405549583067084995e-01,3.750308629539079730e-01,5.074639883007833197e-01,5.977491997724105888e-01,1.686872088107225220e-01,1.246613157019322710e-01,6.455513443545922714e-01,2.532795649705801844e-01,5.919555494281307784e-01,6.195609203782344032e-01,3.658570390607367440e-01,3.156340946829421790e-01,1.000000000000000000e+00,7.427698510619936689e-01,4.130116141742469771e-01,3.489475510525933966e-01,5.851968125362778661e-01,1.599765327790717284e-01,3.893345352097226097e-01,6.737276005497331299e-01,-3.953580254564315055e-02,3.123242651491475730e-01,4.010743466551331959e-01,4.117711188049765214e-01,4.709615788500847722e-01,7.423384449208622615e-02
6.139553265130612836e-01,5.123150114567680546e-01,5.274947840922326048e-01,5.101117150909698431e-03,4.603493126032260907e-01,4.728300942536993179e-01,4.806031943483872193e-01,-2.427172715423638050e-01,1.230988755521576911e-01,5.446536487783845137e-01,7.803308186039263905e-01,6.310938792683103982e-01,7.056013028958646460e-01,6.293371929664033360e-01,1.381672444312153358e-01,6.524833121925768253e-01,5.761772776714437772e-01,3.440683288060592537e-01,8.823695310282576865e-02,7.658687316898111774e-01,2.283699620693268595e-01,7.521106083769634187e-01,6.832658250954231072e-01,4.552022677034425202e-01,5.299020741236918353e-01,7.427698510619936689e-01,1.000000000000000000e+00,3.798901420790301020e-01,4.537883907808236139e-01,6.325752355252930448e-01,3.798505642173920505e-01,6.061430749069169899e-01,7.167150223457170455e-01,1.270699032405824269e-01,4.604479455031693647e-01,4.674706672477168534e-01,4.520715325286887021e-01,2.207983173255836373e-01,3.763763654952324011e-01
4.657868905359014433e-01,2.860718205225247779e-01,6.038213992998331392e-01,1.748734155794568479e-01,5.043834898801041744e-01,3.676792094040703951e-01,1.265419856261638110e-01,-5.816476547673615771e-01,4.358721238609448712e-01,4.927256051928453617e-01,3.642065917161705357e-01,4.158072465219607439e-02,2.123760030740766414e-01,4.691745637007411207e-01,3.610597071120285606e-01,5.055618903090826066e-01,5.508179764399725453e-01,4.600365902384161432e-01,1.406059365446745146e-01,3.681692060258969224e-01,4.203218611896358259e-01,2.345085189298419526e-01,3.442141818930289365e-01,4.130770044583285117e-01,2.975477208625977865e-01,4.130116141742469771e-01,3.798901420790301020e-01,1.000000000000000000e+00,2.887499160837589396e-01,4.206327419493610109e-01,4.960740962306449120e-01,3.170962499754068076e-01,4.801359225050853552e-01,5.398371611233363510e-01,2.149135349533624895e-01,-6.043158070372076085e-03,2.526252786700124431e-01,3.963804301418912823e-01,1.579277390850285512e-01
5.834879456156688571e-01,6.392839449463149082e-01,4.264866002593307170e-01,-5.712345595614587782e-03,4.001357629609915145e-01,2.999256581085645301e-01,4.953261218917987541e-01,-1.678189886556827048e-01,2.063748939738286603e-01,5.911081162134966815e-01,4.805521973201130614e-01,3.667240758815761281e-01,5.313666282610954861e-01,5.438382361322873226e-01,-1.040231229553941102e-02,5.826330978386567994e-01,4.301393564730825458e-01,2.827791152945606790e-01,1.404795257036678957e-01,4.753466210047759821e-01,3.047164177563668197e-01,5.457181674573906571e-01,3.687677689720305074e-01,4.392983019773001319e-01,5.142003882348841204e-01,3.489475510525933966e-01,4.537883907808236139e-01,2.887499160837589396e-01,1.000000000000000000e+00,5.603272511189003602e-01,4.468113105361097293e-01,7.247265911792947213e-01,5.891871082432359463e-01,2.055627967005583534e-01,6.443882103148799168e-01,4.655903447922121741e-01,7.499152912604916121e-01,-2.071306973370317175e-02,4.496797578648008553e-01
6.423041798247748346e-01,5.196668726579907194e-01,6.419946918280851067e-01,-3.547151751476483594e-02,6.518406020973869230e-01,3.661565578160090317e-01,2.490984801850260333e-01,-4.448099997755662893e-01,4.737524268903437474e-01,7.234502968947915669e-01,5.167997755016752182e-01,5.185488236703396092e-01,5.324555037175816574e-01,7.322662876872414461e-01,2.745553038811750501e-01,7.247789233395619535e-01,6.395218510886713226e-01,4.857205931752551220e-01,3.450919494605840798e-01,5.898132835553268061e-01,4.443426938045135222e-01,5.316068952358778965e-01,5.599939579324554328e-01,6.054653721778563424e-01,5.999180212566628256e-01,5.851968125362778661e-01,6.325752355252930448e-01,4.206327419493610109e-01,5.603272511189003602e-01,1.000000000000000000e+00,3.575860412501462027e-01,6.866558013052169729e-01,7.585049392655929257e-01,2.967131022706206434e-01,4.297922050485266654e-01,4.525689746909078437e-01,3.630800227747891795e-01,4.025954648285137716e-01,4.997746272201138984e-01
6.615106033505704364e-01,7.083093127447663839e-01,2.290553383856797354e-01,2.078523293912573067e-01,2.180759727821103278e-01,1.183176468413363186e-01,3.976411074140441260e-01,-8.891789570605321269e-02,2.169227605426527483e-01,6.160995533238344812e-01,3.483180898860527841e-01,1.406634889794601551e-01,3.806874503761890072e-01,3.075144098766429135e-01,-6.946645269773089881e-02,5.452957342318400791e-01,2.958698421159924874e-01,2.319784822069552721e-01,-7.270677710654398218e-02,2.898553369280436054e-01,2.314936073976714137e-01,4.042592959153343823e-01,2.667596773629880014e-01,3.637925038622901175e-01,3.986188598027275432e-01,1.599765327790717284e-01,3.798505642173920505e-01,4.960740962306449120e-01,4.468113105361097293e-01,3.575860412501462027e-01,1.000000000000000000e+00,6.166123066459502366e-01,3.812525376398283594e-01,2.898215769641390160e-01,4.962028695927552802e-01,3.171702408305399623e-01,3.864103980746975697e-01,-4.813647914174653403e-02,5.248420677909817478e-01
7.531779952923380872e-01,7.973655923612473773e-01,4.666247767086432185e-01,4.272937398067303688e-02,4.637349370569903151e-01,3.190955974514154692e-01,6.061014183376813858e-01,-1.468722097072348853e-01,2.588923818474225813e-01,7.309691082489850888e-01,5.763229633988670164e-01,5.376902034930404195e-01,7.013435720924022787e-01,6.168696662679661324e-01,9.875967361666772304e-03,7.526242355481176372e-01,3.936631243186495266e-01,3.249782737375634944e-01,9.637074774763877694e-02,6.234495367267696153e-01,3.159289145403700316e-01,7.137229997455502017e-01,5.213600809228424726e-01,5.067869887596373468e-01,6.241193722747744310e-01,3.893345352097226097e-01,6.061430749069169899e-01,3.170962499754068076e-01,7.247265911792947213e-01,6.866558013052169729e-01,6.166123066459502366e-01,1.000000000000000000e+00,6.872837410031400474e-01,1.968319258659364801e-01,7.010660803970516497e-01,6.564428847526004862e-01,6.249359249820490847e-01,4.437951323153906807e-02,6.412641170983904848e-01
6.700426989850053472e-01,5.316501512395704898e-01,7.244198192749279341e-01,-1.798466751233726846e-01,6.719355721089754763e-01,5.437424132058259474e-01,4.308306653211679826e-01,-4.022690597870937634e-01,2.595757190862972852e-01,6.927185410542145982e-01,7.221860259425100237e-01,5.982085918630202226e-01,7.477928480978746073e-01,8.532053514154491758e-01,3.277862416693967385e-01,7.542539568707162800e-01,6.150621594554503968e-01,4.464256577632438883e-01,2.939410211911442916e-01,7.700889446247228820e-01,5.236664857085037150e-01,7.459038159162593162e-01,5.959843629827202838e-01,5.275047160436148186e-01,5.889761544819832606e-01,6.737276005497331299e-01,7.167150223457170455e-01,4.801359225050853552e-01,5.891871082432359463e-01,7.585049392655929257e-01,3.812525376398283594e-01,6.872837410031400474e-01,1.000000000000000000e+00,2.616734224059446001e-01,4.664784118369569299e-01,4.794609015605236224e-01,4.988236222059597713e-01,3.741226521999005961e-01,4.356426317662749903e-01
5.036334848323192198e-02,7.353643691585928267e-03,5.436742082177929980e-01,3.617210535262513349e-01,6.135578808463857392e-01,-5.458506780950062032e-02,-1.205673502737318950e-02,-5.596424308699582406e-01,6.972229311058762979e-01,3.155754316415785854e-01,-5.167292803032587367e-02,1.215808778970217940e-01,-9.518290807137491649e-02,2.959425078782527696e-01,2.729161079703793513e-01,1.614057273597261088e-01,1.649828456734604432e-01,4.381057251371042183e-01,3.389702452372045371e-01,6.089926434770652486e-02,3.407971937924888506e-01,-5.096956052288588446e-02,2.022882793056179629e-01,3.954991778775179823e-01,3.417512379229941111e-01,-3.953580254564315055e-02,1.270699032405824269e-01,5.398371611233363510e-01,2.055627967005583534e-01,2.967131022706206434e-01,2.898215769641390160e-01,1.968319258659364801e-01,2.616734224059446001e-01,1.000000000000000000e+00,1.333439153619432431e-02,-2.630076067829967834e-01,7.652566848562909578e-03,1.818366432307823299e-01,2.712376527280413452e-01
6.621030890071570862e-01,7.230607284777489374e-01,3.060712105173079012e-01,6.088567568097149468e-02,2.887580072413223342e-01,3.493098374994496047e-01,5.507273227966946738e-01,-9.505460638650981009e-02,7.135734607858111589e-02,5.462342232911380213e-01,4.246990424663656394e-01,3.434879103333541850e-01,5.970989214561623903e-01,3.993457822101664778e-01,-2.013186248659428468e-01,6.192409624582547734e-01,2.519314925158062102e-01,1.886116800141506566e-01,-8.071642338592578680e-02,4.846892239827620963e-01,2.655363919891713942e-01,5.845069693787635634e-01,3.979799833848003954e-01,5.048340663415761265e-01,5.064204503844731420e-01,3.123242651491475730e-01,4.604479455031693647e-01,2.149135349533624895e-01,6.443882103148799168e-01,4.297922050485266654e-01,4.962028695927552802e-01,7.010660803970516497e-01,4.664784118369569299e-01,1.333439153619432431e-02,1.000000000000000000e+00,6.495896951807750286e-01,7.938909610521251992e-01,-9.915732730559163877e-02,4.183593751493777102e-01
6.409664516395424672e-01,6.889486028409677054e-01,2.089198252045013360e-01,-8.682769233826299893e-02,1.630933106706582147e-01,3.898179067762904682e-01,6.323890536649350302e-01,1.084851129329839625e-01,-9.251931486236446289e-02,4.368897141723180333e-01,5.638369027326549654e-01,4.937214904766230594e-01,7.439148937161387254e-01,4.554797390670674573e-01,-1.324413724133212678e-01,6.459952079477553344e-01,2.504118597086657516e-01,2.478104379539981111e-02,-5.912432553691515658e-02,5.664684346907710166e-01,9.707704501871658453e-02,6.785310341529835476e-01,4.255284635961605888e-01,1.982598374312574407e-01,4.022641134923446438e-01,4.010743466551331959e-01,4.674706672477168534e-01,-6.043158070372076085e-03,4.655903447922121741e-01,4.525689746909078437e-01,3.171702408305399623e-01,6.564428847526004862e-01,4.794609015605236224e-01,-2.630076067829967834e-01,6.495896951807750286e-01,1.000000000000000000e+00,5.256632733041296524e-01,-5.147112742037129873e-02,3.321118788194760141e-01
5.388100746267668884e-01,6.259667609561925250e-01,2.735411654934769565e-01,-8.607175088293572696e-02,2.287078749656274446e-01,4.373435649465846620e-01,5.706285283397805053e-01,-4.308549422947428008e-03,-8.704268660236168936e-03,4.641607316972072295e-01,5.134789984814231989e-01,3.540425331596147585e-01,5.889058814564465116e-01,3.816328953789734357e-01,-6.200552091079386541e-02,5.323751182893294853e-01,2.716970865365485599e-01,1.306116605260592978e-01,-4.232691504612191846e-02,5.113896458268476497e-01,2.255669056592414512e-01,5.935895632506700270e-01,3.991979165127493845e-01,3.913118457301330566e-01,4.341966103629479323e-01,4.117711188049765214e-01,4.520715325286887021e-01,2.526252786700124431e-01,7.499152912604916121e-01,3.630800227747891795e-01,3.864103980746975697e-01,6.249359249820490847e-01,4.988236222059597713e-01,7.652566848562909578e-03,7.938909610521251992e-01,5.256632733041296524e-01,1.000000000000000000e+00,-3.937469480483322959e-02,3.075413725231119777e-01
1.270485315616500244e-01,-1.433490649503993408e-01,3.733727728021242753e-01,-4.482105304606424090e-01,4.664019392639755512e-01,4.866531723658143460e-01,-2.482345967759327920e-01,-3.694049368576457493e-01,3.311536422866101503e-01,2.795721490404916576e-01,2.407941755319993604e-01,3.227217416986395415e-01,1.154112893286373953e-01,3.804434576605721929e-01,7.849424178043293843e-01,2.230161484744741518e-01,4.772769399452425620e-01,2.890159243954752988e-01,5.536798223222875182e-01,2.000710687281595235e-01,5.232008187720520453e-01,1.082221350182290265e-01,2.942826364361696978e-01,1.163272743018303190e-01,1.847556270738078543e-01,4.709615788500847722e-01,2.207983173255836373e-01,3.963804301418912823e-01,-2.071306973370317175e-02,4.025954648285137716e-01,-4.813647914174653403e-02,4.437951323153906807e-02,3.741226521999005961e-01,1.818366432307823299e-01,-9.915732730559163877e-02,-5.147112742037129873e-02,-3.937469480483322959e-02,1.000000000000000000e+00,2.160651554711899291e-01
5.097334884651877340e-01,4.414115441567854625e-01,3.873413337934238365e-01,-5.450571542038205181e-02,4.989388696254952738e-01,1.568679911197019827e-01,3.483082508639779307e-01,-1.823297355321888691e-01,2.792109592607834867e-01,7.119761917395942552e-01,2.684624999256887135e-01,5.834315492636805711e-01,3.693488391213604616e-01,3.670271750487665852e-01,2.422177557965173866e-01,5.584841972423978396e-01,2.621982341234061487e-01,5.118171587856271687e-01,4.582361287218850165e-01,3.881986474670409137e-01,4.059506022116963764e-01,4.870794716529924795e-01,3.385941190661108102e-01,2.899071392438455352e-01,6.251689446348247525e-01,7.423384449208622615e-02,3.763763654952324011e-01,1.579277390850285512e-01,4.496797578648008553e-01,4.997746272201138984e-01,5.248420677909817478e-01,6.412641170983904848e-01,4.356426317662749903e-01,2.712376527280413452e-01,4.183593751493777102e-01,3.321118788194760141e-01,3.075413725231119777e-01,2.160651554711899291e-01,1.000000000000000000e+00
