1.000000000000000000e+00,3.433927600614431613e-02,6.667052915380368150e-01,2.157367293731078661e-01,2.455830849394212145e-01,4.989875913490550707e-01,3.205852599459101393e-01,-5.596133553481136280e-01,6.173171296104261740e-01,6.703824885574584114e-01,4.520535776326847777e-01,5.976118905352619803e-01,5.604567079508980809e-01,3.674324126138794888e-01,5.126162141620970170e-01,6.474872187043417826e-01,5.148307036312785856e-01,1.989813458192722651e-01,2.562088046484633716e-02,5.320051186152953138e-01,5.399443241150433392e-01,7.058363358632164797e-01,6.282323353387135878e-01,4.282628596612300664e-01,3.973318111569162925e-01,3.372869713358941923e-03,-1.825587034510222639e-01,5.736005368958443373e-01,7.475251348295108844e-01,2.871894201859886975e-01,5.260090049803780587e-01,3.592252851419464599e-01,6.134176899371766023e-01,4.018757248758844658e-01,5.098628192723220209e-01,1.060550735455190879e-01,3.437815428299477172e-01,7.039596030701568141e-01,5.356302433803773466e-01
3.433927600614431613e-02,1.000000000000000000e+00,-1.118207661846275375e-01,4.619182524619094149e-03,1.354381332830093161e-02,4.626903861102489579e-02,-4.354796326384579447e-02,2.053477114168613185e-02,1.561244080400162326e-01,2.058160806790110819e-01,3.863575465086541705e-01,-7.186765687748275511e-02,-2.624080299009639017e-01,3.110028173972738674e-01,4.895398982991543829e-02,9.280424977086940141e-02,2.933842378616291491e-01,-3.074139624770947377e-01,-1.315883818441104525e-01,-9.942395432748822592e-02,-3.952200997809395266e-01,-2.115122675550328013e-01,1.955235467487235757e-01,-2.909118477919764301e-01,-1.860993483156687250e-02,5.019888482820973330e-01,-4.008707471405476563e-01,-4.230228152349867210e-02,9.030531639073097194e-02,4.124348997437703446e-01,9.100856581864415207e-03,3.997407068976044364e-01,-1.615171771572847248e-01,-4.595921133106998721e-03,-3.085815731792596606e-01,3.541937483235716999e-01,4.794166358660001959e-01,2.186238381058372426e-01,2.923218803566252633e-01
6.667052915380368150e-01,-1.118207661846275375e-01,1.000000000000000000e+00,2.290230058983007133e-01,1.861463931952844209e-01,6.599376263059482106e-01,2.391512298546311366e-01,-8.413819801228688000e-01,5.866912613302528445e-01,6.165781058726593766e-01,4.535059868101826708e-01,7.391856794828535193e-01,7.835175037300713408e-01,3.223922343118854061e-01,4.813041956696042512e-01,5.452435404515324491e-01,5.149737223887960180e-01,4.217433683698303959e-01,2.542475138775003307e-01,5.244242542139270213e-01,7.580677203345128623e-01,8.641943017698170415e-01,6.001213203850612743e-01,5.441967526135312871e-01,4.145500440338809045e-01,-1.593275432403916392e-01,-2.548972971467715620e-01,6.845010272904784587e-01,7.365674110062856439e-01,2.267250243536766130e-01,5.237162194339287646e-01,4.461594536434437264e-01,8.938130646946268465e-01,4.274224829931162484e-01,6.185929358545200207e-01,3.495149619313971112e-03,4.784683993219510101e-01,4.875720191503201129e-01,5.472871532306496922e-01
2.157367293731078661e-01,4.619182524619094149e-03,2.290230058983007133e-01,1.000000000000000000e+00,2.315961513066660538e-01,3.417427817065752382e-01,4.714218246646279531e-01,-1.740978229144515277e-01,1.523970700262769207e-01,2.812866968362829345e-01,1.846237535945012831e-01,2.475931041754725337e-01,1.809090624859633345e-01,1.378566919050032424e-01,-4.246815489998851528e-03,2.070741190290418254e-01,2.022858189697142317e-01,1.305350152956584464e-01,1.784601715694208723e-01,6.216631201820947694e-02,1.742868219127692297e-01,2.016440010653725023e-01,2.461863852906056305e-01,1.313674223996329493e-01,5.811599236891298870e-02,4.382331559409361442e-03,-1.451966113738750730e-01,2.792199682721538401e-01,2.621591933565995403e-01,2.391636152110748481e-01,2.859387330644633241e-01,1.919614358235502138e-01,2.262572149305485947e-01,1.851955885758162224e-01,1.427387589230100784e-01,1.499564654255989005e-01,2.729393568729930331e-01,1.839165520750987992e-01,1.745063983231894544e-01
2.455830849394212145e-01,1.354381332830093161e-02,1.861463931952844209e-01,2.315961513066660538e-01,1.000000000000000000e+00,2.089899184621696326e-01,-7.964925949217742038e-03,-1.913065495526219961e-01,5.095928267435939629e-01,4.439459681981886563e-01,5.192652902104155643e-01,4.751202545990294568e-01,1.269656309050135878e-01,5.627838054452883876e-01,2.010810523166193520e-01,4.113997563729755447e-01,5.106896777825017386e-01,4.310367628939935636e-01,5.696933089969604680e-01,-1.169842358431072149e-01,-1.395084349463056490e-02,2.773126966290880291e-01,4.657685664150482130e-01,-3.334532019262152064e-02,3.718523073117173117e-01,4.437148248197466671e-01,2.665414158286128488e-01,2.105863818708067492e-01,4.891565321185538662e-01,5.675650184702560885e-01,3.534080517248117670e-01,4.777567791688743792e-01,2.174218715175280370e-01,7.259763020923623023e-01,3.114282182688964812e-02,5.717449315052340886e-01,2.596912666572279704e-01,4.875193851116321198e-01,5.022552391556963647e-01
4.989875913490550707e-01,4.626903861102489579e-02,6.599376263059482106e-01,3.417427817065752382e-01,2.089899184621696326e-01,1.000000000000000000e+00,2.858958280921092276e-01,-5.184608072599680151e-01,4.784945347914748015e-01,4.867421289195716927e-01,3.978984689912514194e-01,5.826773476133534357e-01,6.041979556860649359e-01,1.896315441353544906e-01,3.623542551161041403e-01,2.976684706812988135e-01,4.679431653414856118e-01,2.860287579083385379e-01,3.015359110899010209e-01,3.022291387732589651e-01,5.551811454184049088e-01,6.040742412911730419e-01,6.067256609736129125e-01,4.493325891323902699e-01,4.238984907254762513e-01,1.700845854863873921e-02,-4.101472966329191006e-01,4.817429983079313804e-01,5.871115163596396513e-01,3.225276657568864613e-01,5.188668238475294681e-01,4.160447758627080495e-01,6.419840328103739724e-01,3.415377413765349757e-01,5.063811793286631113e-01,1.096516944845626201e-01,5.921618507457655500e-01,2.920311604411403583e-01,4.209074804363702738e-01
3.205852599459101393e-01,-4.354796326384579447e-02,2.391512298546311366e-01,4.714218246646279531e-01,-7.964925949217742038e-03,2.858958280921092276e-01,1.000000000000000000e+00,-3.059937610471536243e-02,6.438922965780335961e-02,2.261477062727973719e-01,4.071852455204560961e-02,4.537960561708372781e-02,3.250316318111631242e-01,3.058606555318457362e-02,7.436456492424908804e-02,1.789469078086017295e-01,8.209919913891532139e-02,-6.714568374825749530e-02,2.162287937825008513e-02,3.136429631276058672e-01,3.310511110333633766e-01,2.466154684098200434e-01,1.307203605445654004e-01,3.959709214628772123e-01,-1.054115353457012599e-01,-1.871067141315422844e-01,-1.737949707412019540e-01,3.860726950940621127e-01,1.309142791318763654e-01,-5.567582198477272204e-02,1.505823822795418765e-01,-9.204777818525749708e-03,2.446976795826999174e-01,1.436979804718905851e-01,2.801784610321663704e-01,-3.058176241660472139e-02,1.066289934469719369e-01,1.069218298300105979e-01,9.327060694806472638e-03
-5.596133553481136280e-01,2.053477114168613185e-02,-8.413819801228688000e-01,-1.740978229144515277e-01,-1.913065495526219961e-01,-5.184608072599680151e-01,-3.059937610471536243e-02,1.000000000000000000e+00,-5.714032314824009084e-01,-5.087158648171224984e-01,-4.407664196805601287e-01,-6.257068317850347228e-01,-5.801528509123792254e-01,-3.830404928896349315e-01,-3.917092879805812444e-01,-4.465223803441769057e-01,-4.746566410339609909e-01,-3.249001878954891342e-01,-1.735917918049389164e-01,-3.658821614400634137e-01,-5.429571715441073865e-01,-7.212109193958415876e-01,-4.928192694442887212e-01,-2.614725485376814262e-01,-3.524146277586925335e-01,-1.218073929489800825e-02,1.462609401658800379e-01,-5.486861486925044273e-01,-6.768881082425508566e-01,-2.897394319278777663e-01,-4.506838739766670376e-01,-4.814156403284033381e-01,-7.691964692377027957e-01,-3.040110806734027671e-01,-3.816501169499196267e-01,-1.066949295043928825e-01,-4.274370003407972352e-01,-4.801100781753663282e-01,-5.208856312086648233e-01
6.173171296104261740e-01,1.561244080400162326e-01,5.866912613302528445e-01,1.523970700262769207e-01,5.095928267435939629e-01,4.784945347914748015e-01,6.438922965780335961e-02,-5.714032314824009084e-01,1.000000000000000000e+00,6.792046271069318575e-01,5.817699598538162986e-01,6.474950936584598082e-01,4.056455717908910019e-01,5.910856466496644535e-01,4.512917669004407051e-01,6.676015680903163441e-01,6.157861334517864549e-01,2.893035226051144937e-01,2.523753133006846339e-01,2.509053892024536436e-01,3.117712897086420409e-01,6.003206089396899703e-01,7.002259940897972434e-01,2.678929155781333837e-01,4.560862867598283188e-01,3.104767428733294365e-01,-1.905588337529882659e-01,4.642747316590923878e-01,7.087098456124808488e-01,6.094719035901200455e-01,4.621097946920871835e-01,5.578031316031701881e-01,5.906628954452657343e-01,6.107009850333594558e-01,3.358041433886852500e-01,4.752157443764776223e-01,4.934434016889255314e-01,7.615866682963031709e-01,7.956455783581666275e-01
6.703824885574584114e-01,2.058160806790110819e-01,6.165781058726593766e-01,2.812866968362829345e-01,4.439459681981886563e-01,4.867421289195716927e-01,2.261477062727973719e-01,-5.087158648171224984e-01,6.792046271069318575e-01,1.000000000000000000e+00,6.407755632143616875e-01,7.129136176861787799e-01,5.166631757526541913e-01,5.455866903178803184e-01,4.716820651236551809e-01,8.599577356729640742e-01,6.821200635905686482e-01,3.658124436455315598e-01,3.103896065168703644e-01,3.605648877144007614e-01,3.771821692675283444e-01,6.751928466345041846e-01,7.707646201635012240e-01,3.129840731203160642e-01,5.464895551679278540e-01,1.456161169026078672e-01,-1.901494528331190703e-01,5.403040043468415599e-01,7.475691120623104702e-01,5.304057001729449716e-01,3.930071852662951337e-01,5.971225782450840791e-01,6.349711731277745130e-01,6.055181140619435576e-01,3.617328797782575767e-01,2.549374281085964311e-01,5.013259514279685414e-01,7.006050940819773531e-01,7.650482417339136143e-01
4.520535776326847777e-01,3.863575465086541705e-01,4.535059868101826708e-01,1.846237535945012831e-01,5.192652902104155643e-01,3.978984689912514194e-01,4.071852455204560961e-02,-4.407664196805601287e-01,5.817699598538162986e-01,6.407755632143616875e-01,1.000000000000000000e+00,6.225307673365960692e-01,2.897879199776893233e-01,6.994040666369076842e-01,3.894028184503768308e-01,4.715613460170887117e-01,8.934488646576280724e-01,3.304646652503893667e-01,3.880061407233133530e-01,5.875464093074614369e-02,1.229514616490601578e-02,4.586556943315494017e-01,5.805424180276138602e-01,-3.799310418094811563e-03,1.784814300878917459e-01,4.113854467462066400e-01,-3.130128184800498037e-01,4.336297971233494808e-01,7.584249605851171028e-01,4.880310331873459750e-01,4.399262470580046491e-01,8.849122639857353034e-01,4.519583276704579600e-01,6.057635474457820912e-01,1.427225452916612014e-01,3.162181521445716070e-01,7.440550378760466543e-01,6.267808557179725959e-01,7.454069893799686319e-01
5.976118905352619803e-01,-7.186765687748275511e-02,7.391856794828535193e-01,2.475931041754725337e-01,4.751202545990294568e-01,5.826773476133534357e-01,4.537960561708372781e-02,-6.257068317850347228e-01,6.474950936584598082e-01,7.129136176861787799e-01,6.225307673365960692e-01,1.000000000000000000e+00,6.196199879214168149e-01,3.901483144020714833e-01,5.433581984679615173e-01,6.349669224870485573e-01,6.483156256551863006e-01,6.346790589126919402e-01,4.852998269853330826e-01,3.408642944415414267e-01,5.182604382399205178e-01,7.712349078191618190e-01,6.439479236028510245e-01,3.975545929899821918e-01,4.746436731224974448e-01,-2.585491557500530641e-02,-1.716207793628261036e-01,5.282936348346041200e-01,7.719648731225420280e-01,3.832726683479382168e-01,4.924030891087756157e-01,5.467909448551974139e-01,7.145817378029545308e-01,6.733901975957663488e-01,5.090841860792761908e-01,6.142668130439683793e-02,5.083981473103332815e-01,5.870047773905338051e-01,7.117912923937685932e-01
5.604567079508980809e-01,-2.624080299009639017e-01,7.835175037300713408e-01,1.809090624859633345e-01,1.269656309050135878e-01,6.041979556860649359e-01,3.250316318111631242e-01,-5.801528509123792254e-01,4.056455717908910019e-01,5.166631757526541913e-01,2.897879199776893233e-01,6.196199879214168149e-01,1.000000000000000000e+00,2.125097032449871637e-01,3.544229001295488013e-01,4.508608694625053648e-01,3.948879827979178136e-01,4.517154922723176647e-01,2.803834011287948402e-01,4.990584497792954211e-01,7.933119810453235221e-01,7.845146952712739319e-01,4.879849156582840575e-01,6.435258620275502439e-01,3.640086085586792808e-01,-3.641749368932497566e-01,-1.803815660643573460e-01,5.969970268206959974e-01,5.648510208516914766e-01,6.599626710117967310e-02,3.223951483098378978e-01,2.510275765473574117e-01,8.102673695459617909e-01,3.771363462099516228e-01,6.630887061047971986e-01,-1.076933995699445312e-01,3.177824540206884429e-01,2.688986670605512663e-01,3.619244652692205633e-01
3.674324126138794888e-01,3.110028173972738674e-01,3.223922343118854061e-01,1.378566919050032424e-01,5.627838054452883876e-01,1.896315441353544906e-01,3.058606555318457362e-02,-3.830404928896349315e-01,5.910856466496644535e-01,5.455866903178803184e-01,6.994040666369076842e-01,3.901483144020714833e-01,2.125097032449871637e-01,1.000000000000000000e+00,2.052299314049031709e-01,4.894287912489460046e-01,7.050981718217216310e-01,1.600847364137903406e-01,2.490351486165032213e-01,2.315357816619233872e-02,-3.156345123085502885e-02,3.487405418814864544e-01,5.079672788058046118e-01,-9.457077664264917916e-02,2.103060210692852261e-01,5.101654029964715065e-01,4.059680625493731349e-02,4.280520266664052942e-01,5.870238974122669040e-01,5.500128840517435336e-01,3.920556606043079650e-01,6.845149519422860651e-01,3.555020017698297674e-01,4.579283498804886943e-01,-1.047644659817721646e-02,5.871610685235446603e-01,4.676640882103226260e-01,5.912862501756988021e-01,6.355683795109340339e-01
5.126162141620970170e-01,4.895398982991543829e-02,4.813041956696042512e-01,-4.246815489998851528e-03,2.010810523166193520e-01,3.623542551161041403e-01,7.436456492424908804e-02,-3.917092879805812444e-01,4.512917669004407051e-01,4.716820651236551809e-01,3.894028184503768308e-01,5.433581984679615173e-01,3.544229001295488013e-01,2.052299314049031709e-01,1.000000000000000000e+00,4.041708745248278056e-01,4.307369071815959627e-01,1.821951598445272977e-02,-3.018890814977867598e-02,4.357380420811075572e-01,3.565285294057355947e-01,5.799250180781493347e-01,4.470674922016076303e-01,3.038615404323059543e-01,3.890719302971792359e-01,-8.890320224953679115e-03,-1.535106781245413055e-01,2.693121533559278968e-01,5.343487212788898821e-01,3.409042722735982633e-01,3.632189038776754142e-01,3.419785189476436948e-01,4.694649765601472957e-01,3.975142984452866290e-01,3.326516451519586637e-01,-2.725506565523927796e-02,2.950471375815915676e-01,5.285425002603796329e-01,4.731629946705148138e-01
6.474872187043417826e-01,9.280424977086940141e-02,5.452435404515324491e-01,2.070741190290418254e-01,4.113997563729755447e-01,2.976684706812988135e-01,1.789469078086017295e-01,-4.465223803441769057e-01,6.676015680903163441e-01,8.599577356729640742e-01,4.715613460170887117e-01,6.349669224870485573e-01,4.508608694625053648e-01,4.894287912489460046e-01,4.041708745248278056e-01,1.000000000000000000e+00,5.129852088116231279e-01,3.390967787580036474e-01,1.918917205067834642e-01,4.137506832560127190e-01,3.894995726048642859e-01,6.430416835151681054e-01,6.744371905030080994e-01,3.491729327975328090e-01,5.483799083358953386e-01,5.310845963452492241e-02,-6.041903869505090008e-02,4.754133234251363693e-01,6.387545655403866762e-01,4.414677740196856770e-01,3.262124026443131708e-01,3.933771547428953630e-01,5.461462307904361158e-01,5.775371596099431182e-01,3.779929911440574331e-01,2.127914872647954925e-01,2.879523653393039062e-01,6.986435498783933884e-01,7.012612567338972758e-01
5.148307036312785856e-01,2.933842378616291491e-01,5.149737223887960180e-01,2.022858189697142317e-01,5.106896777825017386e-01,4.679431653414856118e-01,8.209919913891532139e-02,-4.746566410339609909e-01,6.157861334517864549e-01,6.821200635905686482e-01,8.934488646576280724e-01,6.483156256551863006e-01,3.948879827979178136e-01,7.050981718217216310e-01,4.307369071815959627e-01,5.129852088116231279e-01,1.000000000000000000e+00,3.316175103002732549e-01,3.981105182999009617e-01,1.157134095130469692e-01,1.229962147408415057e-01,5.598302269439531242e-01,6.294247962056824797e-01,5.557174154279310302e-02,2.304182462308401458e-01,3.430013689139245203e-01,-2.855778459189206031e-01,4.887837108236751660e-01,7.780612484582072330e-01,4.707745339426022690e-01,4.853428426060107936e-01,8.540380954790038892e-01,5.469007072473358599e-01,6.158671808986972973e-01,2.143363019874741093e-01,3.027273194777791443e-01,7.050434917178916017e-01,6.404051364030298732e-01,7.605694955294278747e-01
1.989813458192722651e-01,-3.074139624770947377e-01,4.217433683698303959e-01,1.305350152956584464e-01,4.310367628939935636e-01,2.860287579083385379e-01,-6.714568374825749530e-02,-3.249001878954891342e-01,2.893035226051144937e-01,3.658124436455315598e-01,3.304646652503893667e-01,6.346790589126919402e-01,4.517154922723176647e-01,1.600847364137903406e-01,1.821951598445272977e-02,3.390967787580036474e-01,3.316175103002732549e-01,1.000000000000000000e+00,7.254388635787261119e-01,2.062192621232479192e-02,3.420966256957281848e-01,4.441372853028295875e-01,2.911462317695058810e-01,2.839513629728114275e-01,2.656101397879775394e-01,-1.088560597380846678e-01,-1.567861663976035432e-03,2.822518308997927772e-01,4.105216502472828766e-01,6.555370570850203860e-02,1.184310357436193645e-01,2.667924401968314041e-01,4.255943180528329317e-01,4.463206991992043626e-01,3.814674425503316035e-01,2.203331789100025119e-03,2.189130721637104204e-01,1.280534699330411197e-01,3.538759294056190163e-01
2.562088046484633716e-02,-1.315883818441104525e-01,2.542475138775003307e-01,1.784601715694208723e-01,5.696933089969604680e-01,3.015359110899010209e-01,2.162287937825008513e-02,-1.735917918049389164e-01,2.523753133006846339e-01,3.103896065168703644e-01,3.880061407233133530e-01,4.852998269853330826e-01,2.803834011287948402e-01,2.490351486165032213e-01,-3.018890814977867598e-02,1.918917205067834642e-01,3.981105182999009617e-01,7.254388635787261119e-01,1.000000000000000000e+00,-1.989186362213377357e-01,1.153880867251225600e-01,2.556992271560359353e-01,3.201075165902348418e-01,9.067894223988057223e-02,1.792521188223542006e-01,1.661545158752749662e-01,3.789303527275714872e-02,1.930860807663428158e-01,3.278406123248977511e-01,2.728799321877637962e-01,1.439492138042470504e-01,4.083501815897853104e-01,2.933271507910403253e-01,4.939391127813124727e-01,1.440832071211068655e-01,2.660451486873888771e-01,3.160146078419228677e-01,8.476827833874658880e-02,2.736998850831360297e-01
5.320051186152953138e-01,-9.942395432748822592e-02,5.244242542139270213e-01,6.216631201820947694e-02,-1.169842358431072149e-01,3.022291387732589651e-01,3.136429631276058672e-01,-3.658821614400634137e-01,2.509053892024536436e-01,3.605648877144007614e-01,5.875464093074614369e-02,3.408642944415414267e-01,4.990584497792954211e-01,2.315357816619233872e-02,4.357380420811075572e-01,4.137506832560127190e-01,1.157134095130469692e-01,2.062192621232479192e-02,-1.989186362213377357e-01,1.000000000000000000e+00,6.271846846180002544e-01,5.582596112724302895e-01,2.700561929873405154e-01,4.909121822653855216e-01,2.238096461772227652e-01,-3.671906575844006704e-01,-9.055056422342912248e-02,5.398449616946140450e-01,3.333067873231644329e-01,-3.759714041580348998e-02,3.123737101135732330e-01,-3.201420520818684147e-03,5.166931626098523189e-01,1.749240875855786193e-01,4.997227976081616840e-01,-2.000616534135095936e-01,6.388915926880114893e-02,2.531928428079505689e-01,1.621438328531577822e-01
5.399443241150433392e-01,-3.952200997809395266e-01,7.580677203345128623e-01,1.742868219127692297e-01,-1.395084349463056490e-02,5.551811454184049088e-01,3.310511110333633766e-01,-5.429571715441073865e-01,3.117712897086420409e-01,3.771821692675283444e-01,1.229514616490601578e-02,5.182604382399205178e-01,7.933119810453235221e-01,-3.156345123085502885e-02,3.565285294057355947e-01,3.894995726048642859e-01,1.229962147408415057e-01,3.420966256957281848e-01,1.153880867251225600e-01,6.271846846180002544e-01,1.000000000000000000e+00,7.433967914023273948e-01,4.034728306632943129e-01,7.428963091794312801e-01,4.384180342601932678e-01,-4.748584100565649835e-01,-1.079201065919760671e-01,5.549727560458084241e-01,4.411646904770872846e-01,-3.469378722123171721e-02,3.761207379725746702e-01,-1.150932753640744252e-02,7.584921864385649748e-01,2.221192690284040927e-01,7.236373716256583322e-01,-1.914772425683261559e-01,1.012952777445386837e-01,1.890883123441788605e-01,1.828483970165213912e-01
7.058363358632164797e-01,-2.115122675550328013e-01,8.641943017698170415e-01,2.016440010653725023e-01,2.773126966290880291e-01,6.040742412911730419e-01,2.466154684098200434e-01,-7.212109193958415876e-01,6.003206089396899703e-01,6.751928466345041846e-01,4.586556943315494017e-01,7.712349078191618190e-01,7.845146952712739319e-01,3.487405418814864544e-01,5.799250180781493347e-01,6.430416835151681054e-01,5.598302269439531242e-01,4.441372853028295875e-01,2.556992271560359353e-01,5.582596112724302895e-01,7.433967914023273948e-01,1.000000000000000000e+00,6.137489296215163925e-01,5.497793743940527778e-01,4.757024406505167557e-01,-1.861696983899683855e-01,-1.520364901976725136e-01,6.406622261764237658e-01,7.492104549607778718e-01,2.382218550956447245e-01,5.211837595286102909e-01,4.087265471974881326e-01,8.603198453617213470e-01,5.060092529246563720e-01,6.261948985630774178e-01,-4.080772451264561701e-02,3.727596554524247319e-01,5.503308682553113007e-01,5.824374056357625173e-01
6.282323353387135878e-01,1.955235467487235757e-01,6.001213203850612743e-01,2.461863852906056305e-01,4.657685664150482130e-01,6.067256609736129125e-01,1.307203605445654004e-01,-4.928192694442887212e-01,7.002259940897972434e-01,7.707646201635012240e-01,5.805424180276138602e-01,6.439479236028510245e-01,4.879849156582840575e-01,5.079672788058046118e-01,4.470674922016076303e-01,6.744371905030080994e-01,6.294247962056824797e-01,2.911462317695058810e-01,3.201075165902348418e-01,2.700561929873405154e-01,4.034728306632943129e-01,6.137489296215163925e-01,1.000000000000000000e+00,3.209158482546048408e-01,6.705957711174265201e-01,2.852655499674980333e-01,-2.013970266703829226e-01,5.094674640450518321e-01,7.365497236525775371e-01,6.268633988084140185e-01,5.150472752827309764e-01,5.718830541625568031e-01,6.186697478745822876e-01,5.315051678154020243e-01,3.136367604132314635e-01,3.541267400891491834e-01,5.374499473093539148e-01,6.418225487418246500e-01,6.925748821262542876e-01
4.282628596612300664e-01,-2.909118477919764301e-01,5.441967526135312871e-01,1.313674223996329493e-01,-3.334532019262152064e-02,4.493325891323902699e-01,3.959709214628772123e-01,-2.614725485376814262e-01,2.678929155781333837e-01,3.129840731203160642e-01,-3.799310418094811563e-03,3.975545929899821918e-01,6.435258620275502439e-01,-9.457077664264917916e-02,3.038615404323059543e-01,3.491729327975328090e-01,5.557174154279310302e-02,2.839513629728114275e-01,9.067894223988057223e-02,4.909121822653855216e-01,7.428963091794312801e-01,5.497793743940527778e-01,3.209158482546048408e-01,1.000000000000000000e+00,3.652969557455644223e-01,-4.557422734666993214e-01,-2.696395768902831169e-01,3.610051507889367461e-01,3.162896936513965307e-01,-9.801420345036228332e-02,1.390898773969312940e-01,-7.716760644610820563e-02,5.197036411073289175e-01,2.686244803895107558e-01,7.485054896890830367e-01,-1.955668315238457688e-01,1.342522967936816969e-01,1.050224171869221790e-01,1.415810719607994705e-01
3.973318111569162925e-01,-1.860993483156687250e-02,4.145500440338809045e-01,5.811599236891298870e-02,3.718523073117173117e-01,4.238984907254762513e-01,-1.054115353457012599e-01,-3.524146277586925335e-01,4.560862867598283188e-01,5.464895551679278540e-01,1.784814300878917459e-01,4.746436731224974448e-01,3.640086085586792808e-01,2.103060210692852261e-01,3.890719302971792359e-01,5.483799083358953386e-01,2.304182462308401458e-01,2.656101397879775394e-01,1.792521188223542006e-01,2.238096461772227652e-01,4.384180342601932678e-01,4.757024406505167557e-01,6.705957711174265201e-01,3.652969557455644223e-01,1.000000000000000000e+00,1.138095224095338198e-01,8.093919187820554362e-02,2.006323090826840905e-01,4.767683078941796215e-01,5.201645246548589618e-01,2.431582388400761741e-01,1.930195858344022630e-01,4.303305343811637540e-01,3.395570280081524062e-01,2.873595233545264693e-01,1.954582820159052048e-01,1.175690299386419752e-01,3.791531711559978368e-01,4.038710761605399657e-01
3.372869713358941923e-03,5.019888482820973330e-01,-1.593275432403916392e-01,4.382331559409361442e-03,4.437148248197466671e-01,1.700845854863873921e-02,-1.871067141315422844e-01,-1.218073929489800825e-02,3.104767428733294365e-01,1.456161169026078672e-01,4.113854467462066400e-01,-2.585491557500530641e-02,-3.641749368932497566e-01,5.101654029964715065e-01,-8.890320224953679115e-03,5.310845963452492241e-02,3.430013689139245203e-01,-1.088560597380846678e-01,1.661545158752749662e-01,-3.671906575844006704e-01,-4.748584100565649835e-01,-1.861696983899683855e-01,2.852655499674980333e-01,-4.557422734666993214e-01,1.138095224095338198e-01,1.000000000000000000e+00,8.703169897797008447e-02,-9.552638255894227437e-02,1.861915261492163021e-01,5.922952599772595139e-01,1.573126234581884442e-01,4.572278199821281364e-01,-1.405165522684345969e-01,1.192653698231589676e-01,-4.488346753878225126e-01,6.760359562114124365e-01,2.926650533435860013e-01,3.310346372115355873e-01,3.415947424627804874e-01
-1.825587034510222639e-01,-4.008707471405476563e-01,-2.548972971467715620e-01,-1.451966113738750730e-01,2.665414158286128488e-01,-4.101472966329191006e-01,-1.737949707412019540e-01,1.462609401658800379e-01,-1.905588337529882659e-01,-1.901494528331190703e-01,-3.130128184800498037e-01,-1.716207793628261036e-01,-1.803815660643573460e-01,4.059680625493731349e-02,-1.535106781245413055e-01,-6.041903869505090008e-02,-2.855778459189206031e-01,-1.567861663976035432e-03,3.789303527275714872e-02,-9.055056422342912248e-02,-1.079201065919760671e-01,-1.520364901976725136e-01,-2.013970266703829226e-01,-2.696395768902831169e-01,8.093919187820554362e-02,8.703169897797008447e-02,1.000000000000000000e+00,-1.910389209013948486e-01,-2.212753704230332463e-01,1.808026248608390896e-02,-6.902665079048889152e-02,-3.010147190473492773e-01,-2.069943221635947572e-01,-4.616523107171068702e-02,-2.391767106760237516e-01,1.421026628866538244e-01,-6.328175193014287103e-01,-8.366363749240261771e-02,-2.711997993550114283e-01
5.736005368958443373e-01,-4.230228152349867210e-02,6.845010272904784587e-01,2.792199682721538401e-01,2.105863818708067492e-01,4.817429983079313804e-01,3.860726950940621127e-01,-5.486861486925044273e-01,4.642747316590923878e-01,5.403040043468415599e-01,4.336297971233494808e-01,5.282936348346041200e-01,5.969970268206959974e-01,4.280520266664052942e-01,2.693121533559278968e-01,4.754133234251363693e-01,4.887837108236751660e-01,2.822518308997927772e-01,1.930860807663428158e-01,5.398449616946140450e-01,5.549727560458084241e-01,6.406622261764237658e-01,5.094674640450518321e-01,3.610051507889367461e-01,2.006323090826840905e-01,-9.552638255894227437e-02,-1.910389209013948486e-01,1.000000000000000000e+00,5.828151065107001205e-01,1.619488133094918736e-01,5.340247416941800163e-01,4.049160092651383769e-01,6.935814517477596475e-01,3.992244240967952051e-01,4.772882063519165441e-01,9.728546779611893514e-02,4.257327651432495363e-01,4.372605751715392119e-01,4.334293066826859775e-01
7.475251348295108844e-01,9.030531639073097194e-02,7.365674110062856439e-01,2.621591933565995403e-01,4.891565321185538662e-01,5.871115163596396513e-01,1.309142791318763654e-01,-6.768881082425508566e-01,7.087098456124808488e-01,7.475691120623104702e-01,7.584249605851171028e-01,7.719648731225420280e-01,5.648510208516914766e-01,5.870238974122669040e-01,5.343487212788898821e-01,6.387545655403866762e-01,7.780612484582072330e-01,4.105216502472828766e-01,3.278406123248977511e-01,3.333067873231644329e-01,4.411646904770872846e-01,7.492104549607778718e-01,7.365497236525775371e-01,3.162896936513965307e-01,4.767683078941796215e-01,1.861915261492163021e-01,-2.212753704230332463e-01,5.828151065107001205e-01,1.000000000000000000e+00,4.725184622470736673e-01,5.769810283593119760e-01,7.258099534403273934e-01,7.185396768922888144e-01,5.885711520246029727e-01,4.191525831296977200e-01,2.460686623297728137e-01,5.934492676417930657e-01,7.183797514155604302e-01,7.300221218831174363e-01
2.871894201859886975e-01,4.124348997437703446e-01,2.267250243536766130e-01,2.391636152110748481e-01,5.675650184702560885e-01,3.225276657568864613e-01,-5.567582198477272204e-02,-2.897394319278777663e-01,6.094719035901200455e-01,5.304057001729449716e-01,4.880310331873459750e-01,3.832726683479382168e-01,6.599626710117967310e-02,5.500128840517435336e-01,3.409042722735982633e-01,4.414677740196856770e-01,4.707745339426022690e-01,6.555370570850203860e-02,2.728799321877637962e-01,-3.759714041580348998e-02,-3.469378722123171721e-02,2.382218550956447245e-01,6.268633988084140185e-01,-9.801420345036228332e-02,5.201645246548589618e-01,5.922952599772595139e-01,1.808026248608390896e-02,1.619488133094918736e-01,4.725184622470736673e-01,1.000000000000000000e+00,3.638495972218477315e-01,5.338136398634213409e-01,2.486187359059417179e-01,3.973173871174392469e-01,-9.027019143379495791e-02,6.674313878577136094e-01,4.208791352157194021e-01,5.386407388095784121e-01,5.697627214266527407e-01
5.260090049803780587e-01,9.100856581864415207e-03,5.237162194339287646e-01,2.859387330644633241e-01,3.534080517248117670e-01,5.188668238475294681e-01,1.505823822795418765e-01,-4.506838739766670376e-01,4.621097946920871835e-01,3.930071852662951337e-01,4.399262470580046491e-01,4.924030891087756157e-01,3.223951483098378978e-01,3.920556606043079650e-01,3.632189038776754142e-01,3.262124026443131708e-01,4.853428426060107936e-01,1.184310357436193645e-01,1.439492138042470504e-01,3.123737101135732330e-01,3.761207379725746702e-01,5.211837595286102909e-01,5.150472752827309764e-01,1.390898773969312940e-01,2.431582388400761741e-01,1.573126234581884442e-01,-6.902665079048889152e-02,5.340247416941800163e-01,5.769810283593119760e-01,3.638495972218477315e-01,1.000000000000000000e+00,4.138000369543339829e-01,4.787346176799485709e-01,3.588358975637723769e-01,3.572763772370078916e-01,2.425178814321538590e-01,4.379468077785294566e-01,4.882166591286325463e-01,4.202955084193755741e-01
3.592252851419464599e-01,3.997407068976044364e-01,4.461594536434437264e-01,1.919614358235502138e-01,4.777567791688743792e-01,4.160447758627080495e-01,-9.204777818525749708e-03,-4.814156403284033381e-01,5.578031316031701881e-01,5.971225782450840791e-01,8.849122639857353034e-01,5.467909448551974139e-01,2.510275765473574117e-01,6.845149519422860651e-01,3.419785189476436948e-01,3.933771547428953630e-01,8.540380954790038892e-01,2.667924401968314041e-01,4.083501815897853104e-01,-3.201420520818684147e-03,-1.150932753640744252e-02,4.087265471974881326e-01,5.718830541625568031e-01,-7.716760644610820563e-02,1.930195858344022630e-01,4.572278199821281364e-01,-3.010147190473492773e-01,4.049160092651383769e-01,7.258099534403273934e-01,5.338136398634213409e-01,4.138000369543339829e-01,1.000000000000000000e+00,4.577563791870438714e-01,5.144174866548061331e-01,6.053554887112366778e-02,3.833415064617194390e-01,7.600356453891291553e-01,5.509802928160848490e-01,6.904945938104160019e-01
6.134176899371766023e-01,-1.615171771572847248e-01,8.938130646946268465e-01,2.262572149305485947e-01,2.174218715175280370e-01,6.419840328103739724e-01,2.446976795826999174e-01,-7.691964692377027957e-01,5.906628954452657343e-01,6.349711731277745130e-01,4.519583276704579600e-01,7.145817378029545308e-01,8.102673695459617909e-01,3.555020017698297674e-01,4.694649765601472957e-01,5.461462307904361158e-01,5.469007072473358599e-01,4.255943180528329317e-01,2.933271507910403253e-01,5.166931626098523189e-01,7.584921864385649748e-01,8.603198453617213470e-01,6.186697478745822876e-01,5.197036411073289175e-01,4.303305343811637540e-01,-1.405165522684345969e-01,-2.069943221635947572e-01,6.935814517477596475e-01,7.185396768922888144e-01,2.486187359059417179e-01,4.787346176799485709e-01,4.577563791870438714e-01,1.000000000000000000e+00,4.475290218436573375e-01,5.921849681154567335e-01,3.172998616160005447e-02,4.492592395671343719e-01,4.666784306397897542e-01,5.580081611745605352e-01
4.018757248758844658e-01,-4.595921133106998721e-03,4.274224829931162484e-01,1.851955885758162224e-01,7.259763020923623023e-01,3.415377413765349757e-01,1.436979804718905851e-01,-3.040110806734027671e-01,6.107009850333594558e-01,6.055181140619435576e-01,6.057635474457820912e-01,6.733901975957663488e-01,3.771363462099516228e-01,4.579283498804886943e-01,3.975142984452866290e-01,5.775371596099431182e-01,6.158671808986972973e-01,4.463206991992043626e-01,4.939391127813124727e-01,1.749240875855786193e-01,2.221192690284040927e-01,5.060092529246563720e-01,5.315051678154020243e-01,2.686244803895107558e-01,3.395570280081524062e-01,1.192653698231589676e-01,-4.616523107171068702e-02,3.992244240967952051e-01,5.885711520246029727e-01,3.973173871174392469e-01,3.588358975637723769e-01,5.144174866548061331e-01,4.475290218436573375e-01,1.000000000000000000e+00,3.222187824102895060e-01,2.628536442057460287e-01,4.067046170271190197e-01,6.039470352087173977e-01,6.431037200467094594e-01
5.098628192723220209e-01,-3.085815731792596606e-01,6.185929358545200207e-01,1.427387589230100784e-01,3.114282182688964812e-02,5.063811793286631113e-01,2.801784610321663704e-01,-3.816501169499196267e-01,3.358041433886852500e-01,3.617328797782575767e-01,1.427225452916612014e-01,5.090841860792761908e-01,6.630887061047971986e-01,-1.047644659817721646e-02,3.326516451519586637e-01,3.779929911440574331e-01,2.143363019874741093e-01,3.814674425503316035e-01,1.440832071211068655e-01,4.997227976081616840e-01,7.236373716256583322e-01,6.261948985630774178e-01,3.136367604132314635e-01,7.485054896890830367e-01,2.873595233545264693e-01,-4.488346753878225126e-01,-2.391767106760237516e-01,4.772882063519165441e-01,4.191525831296977200e-01,-9.027019143379495791e-02,3.572763772370078916e-01,6.053554887112366778e-02,5.921849681154567335e-01,3.222187824102895060e-01,1.000000000000000000e+00,-1.765853584310983493e-01,2.498268045473316934e-01,1.970937046592089459e-01,2.239496365446292381e-01
1.060550735455190879e-01,3.541937483235716999e-01,3.495149619313971112e-03,1.499564654255989005e-01,5.717449315052340886e-01,1.096516944845626201e-01,-3.058176241660472139e-02,-1.066949295043928825e-01,4.752157443764776223e-01,2.549374281085964311e-01,3.162181521445716070e-01,6.142668130439683793e-02,-1.076933995699445312e-01,5.871610685235446603e-01,-2.725506565523927796e-02,2.127914872647954925e-01,3.027273194777791443e-01,2.203331789100025119e-03,2.660451486873888771e-01,-2.000616534135095936e-01,-1.914772425683261559e-01,-4.080772451264561701e-02,3.541267400891491834e-01,-1.955668315238457688e-01,1.954582820159052048e-01,6.760359562114124365e-01,1.421026628866538244e-01,9.728546779611893514e-02,2.460686623297728137e-01,6.674313878577136094e-01,2.425178814321538590e-01,3.833415064617194390e-01,3.172998616160005447e-02,2.628536442057460287e-01,-1.765853584310983493e-01,1.000000000000000000e+00,2.608188151150307443e-01,3.516298205374674968e-01,3.418240809619170761e-01
3.437815428299477172e-01,4.794166358660001959e-01,4.784683993219510101e-01,2.729393568729930331e-01,2.596912666572279704e-01,5.921618507457655500e-01,1.066289934469719369e-01,-4.274370003407972352e-01,4.934434016889255314e-01,5.013259514279685414e-01,7.440550378760466543e-01,5.083981473103332815e-01,3.177824540206884429e-01,4.676640882103226260e-01,2.950471375815915676e-01,2.879523653393039062e-01,7.050434917178916017e-01,2.189130721637104204e-01,3.160146078419228677e-01,6.388915926880114893e-02,1.012952777445386837e-01,3.727596554524247319e-01,5.374499473093539148e-01,1.342522967936816969e-01,1.175690299386419752e-01,2.926650533435860013e-01,-6.328175193014287103e-01,4.257327651432495363e-01,5.934492676417930657e-01,4.208791352157194021e-01,4.379468077785294566e-01,7.600356453891291553e-01,4.492592395671343719e-01,4.067046170271190197e-01,2.498268045473316934e-01,2.608188151150307443e-01,1.000000000000000000e+00,3.925725699037477812e-01,6.012535966363863338e-01
7.039596030701568141e-01,2.186238381058372426e-01,4.875720191503201129e-01,1.839165520750987992e-01,4.875193851116321198e-01,2.920311604411403583e-01,1.069218298300105979e-01,-4.801100781753663282e-01,7.615866682963031709e-01,7.006050940819773531e-01,6.267808557179725959e-01,5.870047773905338051e-01,2.688986670605512663e-01,5.912862501756988021e-01,5.285425002603796329e-01,6.986435498783933884e-01,6.404051364030298732e-01,1.280534699330411197e-01,8.476827833874658880e-02,2.531928428079505689e-01,1.890883123441788605e-01,5.503308682553113007e-01,6.418225487418246500e-01,1.050224171869221790e-01,3.791531711559978368e-01,3.310346372115355873e-01,-8.366363749240261771e-02,4.372605751715392119e-01,7.183797514155604302e-01,5.386407388095784121e-01,4.882166591286325463e-01,5.509802928160848490e-01,4.666784306397897542e-01,6.039470352087173977e-01,1.970937046592089459e-01,3.516298205374674968e-01,3.925725699037477812e-01,1.000000000000000000e+00,7.677883273568991696e-01
5.356302433803773466e-01,2.923218803566252633e-01,5.472871532306496922e-01,1.745063983231894544e-01,5.022552391556963647e-01,4.209074804363702738e-01,9.327060694806472638e-03,-5.208856312086648233e-01,7.956455783581666275e-01,7.650482417339136143e-01,7.454069893799686319e-01,7.117912923937685932e-01,3.619244652692205633e-01,6.355683795109340339e-01,4.731629946705148138e-01,7.012612567338972758e-01,7.605694955294278747e-01,3.538759294056190163e-01,2.736998850831360297e-01,1.621438328531577822e-01,1.828483970165213912e-01,5.824374056357625173e-01,6.925748821262542876e-01,1.415810719607994705e-01,4.038710761605399657e-01,3.415947424627804874e-01,-2.711997993550114283e-01,4.334293066826859775e-01,7.300221218831174363e-01,5.697627214266527407e-01,4.202955084193755741e-01,6.904945938104160019e-01,5.580081611745605352e-01,6.431037200467094594e-01,2.239496365446292381e-01,3.418240809619170761e-01,6.012535966363863338e-01,7.677883273568991696e-01,1.000000000000000000e+00
