1.000000000000000000e+00,5.347330258371794098e-01,6.027507081540848244e-01,-1.023356344227805553e-01,6.940190219100600411e-01,6.537019571157860753e-02,1.390235626664673707e-01,-5.062253831105469892e-01,8.306857317774516414e-01,6.390635375729484258e-01,3.741583786403931411e-01,-6.978553322543579185e-02,-3.010972774198608093e-01,4.881223280515817886e-01,2.812296003568504621e-01,7.302271869010711347e-01,4.451279771408416797e-01,3.774952400182376988e-01,5.102460694825100562e-01,-3.764189020034205968e-01,-3.107603238541886692e-01,-1.456042462219555023e-01,5.455761427370060535e-01,2.439905902821843942e-01,6.817314251005057724e-01,7.504890650045115130e-01,3.005702919289910957e-01,5.511855978745766604e-01,5.151253940043416524e-01,8.357318558326098934e-01,6.489958240415359958e-01,2.185470738859944528e-02,3.719450431522793865e-01,3.345369761900864325e-01,4.103730494158847608e-01,5.209500649216167734e-01,1.568866380671876948e-01,7.221294259803381355e-01,4.403214137155168073e-01
5.347330258371794098e-01,1.000000000000000000e+00,3.697156824525592578e-01,2.958836039400593587e-01,4.810357800383095461e-01,5.384130147578947145e-01,-8.295483608540835108e-02,-9.849835674445167610e-02,5.976077286370651276e-01,8.146341030409607331e-01,6.581941156663098647e-02,4.195851095795159469e-01,-8.128118194514703798e-02,6.442385351014003891e-01,-4.506745965592196534e-01,7.118010701177274191e-01,5.022125695822681202e-01,1.765044613453183864e-01,3.021010475837570541e-01,4.742824100224293099e-02,1.543293191065172850e-03,4.202531998071947217e-01,7.896778816030158854e-01,3.280331676180137102e-01,6.423054711589568644e-01,1.784219626651283863e-01,7.360136192839497049e-01,4.976674168679683097e-02,2.067231102077678184e-01,4.297885842821977387e-01,6.760760168288977301e-01,6.855888434763277584e-01,6.164310770842081899e-01,1.838378060655689039e-02,2.719966918883083284e-01,2.268913523795654807e-01,6.857568055932626860e-01,9.032093347566050312e-02,6.686564079121039006e-01
6.027507081540848244e-01,3.697156824525592578e-01,1.000000000000000000e+00,7.346669056175987589e-02,8.067849955265063988e-01,-1.388528256105214242e-01,5.278853221374846943e-02,-7.997079617786921890e-01,7.302425272240304910e-01,5.072932113101745744e-01,5.183286411668759364e-01,1.524493353757589154e-01,-3.689893823214156487e-01,5.407198014188380197e-01,1.803986367163986360e-01,6.155915315661110165e-01,4.920696002237477940e-01,5.211040126035609843e-01,6.353250394346539043e-01,-3.525559725443829784e-01,-3.973929250884702252e-02,8.730630531089494939e-02,4.375009984218551917e-01,1.566948315069447428e-01,5.246913032915434538e-01,5.126711403910334530e-01,2.738539519304464820e-01,6.990451335246929965e-01,1.784373622919514513e-01,7.072633483160474244e-01,6.462316429496159920e-01,1.856557656890493735e-02,3.876236584120910100e-01,5.632639392312115412e-01,2.650568641150280458e-01,7.193627807440627908e-01,9.547182175233301371e-02,5.116768710938149889e-01,6.073373728727983201e-01
-1.023356344227805553e-01,2.958836039400593587e-01,7.346669056175987589e-02,1.000000000000000000e+00,3.438452027518568849e-02,3.116924174470918074e-01,2.113470380845938190e-01,1.414122574160001367e-01,-1.194111632769467163e-02,2.811265573283187602e-01,1.882165329653302105e-02,1.655281369186823170e-01,2.711558706655710707e-02,2.801329262918762497e-01,-5.670450790825860565e-01,6.713794297167556546e-02,1.952431160451511272e-01,-6.147488660125328096e-03,-1.763092363545447072e-01,4.022932447709596238e-01,1.180288665456878106e-01,2.886231741528627603e-01,2.194250004325927483e-01,2.588198310102436950e-01,1.480589490343570680e-01,-1.555489117128278087e-01,3.119028154183357548e-01,-2.300710975805891900e-02,-2.120519222573840137e-02,-1.676484825854074046e-01,1.721481269115145984e-01,4.234289482260470971e-01,3.341189797724237742e-01,-2.885534952596752745e-01,7.083732070562136218e-02,-4.910202514709061106e-02,3.994918652211719157e-01,-3.071657238034246618e-01,2.841158909628905271e-01
6.940190219100600411e-01,4.810357800383095461e-01,8.067849955265063988e-01,3.438452027518568849e-02,1.000000000000000000e+00,-1.295518136452457614e-01,1.322011690436483700e-01,-7.258312355651573844e-01,7.591678173725046053e-01,5.607619843763074208e-01,4.729073628447449384e-01,2.554361067542574859e-01,-2.693363925789499791e-01,4.841817023241270501e-01,1.906143727522975617e-01,7.050509577906287628e-01,4.983573547933948800e-01,6.282578005980523628e-01,6.944525044408562664e-01,-3.751810387334367780e-01,2.052713199064655145e-02,1.001320731822789856e-01,4.488381137985371083e-01,2.057885241873500665e-02,5.276470123002791057e-01,4.809132278311995523e-01,2.771500537276636589e-01,5.538014284390422315e-01,1.545321583565526513e-01,7.637109415213985120e-01,5.905552392620837532e-01,4.277480746526328426e-02,2.861102060619533094e-01,6.224772788499793874e-01,1.769896265642973976e-01,7.071391591236161345e-01,9.129158990548050245e-02,5.177792592364284241e-01,6.249598776753954033e-01
6.537019571157860753e-02,5.384130147578947145e-01,-1.388528256105214242e-01,3.116924174470918074e-01,-1.295518136452457614e-01,1.000000000000000000e+00,-2.515855742824704144e-01,4.543281158503242323e-01,1.042117895502649716e-01,4.157819409804670019e-01,-1.696528898497333682e-01,1.185717258600251650e-01,-3.012244082309383647e-02,4.782013806115302246e-01,-6.585419335663967866e-01,1.602350101844341457e-01,2.100599883067546803e-01,-3.586796370022335423e-01,-1.564277966016781596e-01,2.789690566805220207e-01,-1.254921361349273234e-01,2.941736013632353930e-01,6.478359683487651122e-01,6.765870885489687625e-01,4.632550553293952045e-01,-1.575972733873537814e-03,6.958301621678998350e-01,-2.581663209970508355e-01,4.017546144910749129e-01,-1.556809325702235569e-01,4.081496012337444967e-01,7.807490085425428106e-01,6.106397282611835120e-01,-6.044113886361377475e-01,4.543254883480040696e-01,-3.778448029369070316e-01,8.017783191129690401e-01,-2.107189946401660519e-01,1.886797718592436168e-01
1.390235626664673707e-01,-8.295483608540835108e-02,5.278853221374846943e-02,2.113470380845938190e-01,1.322011690436483700e-01,-2.515855742824704144e-01,1.000000000000000000e+00,-1.718269681655226755e-01,1.700097516038535927e-02,-1.129409044366715548e-01,1.173277905650836755e-01,-3.476295516492346471e-01,3.357662880014904150e-02,-1.239224688392990825e-01,1.939152496468817266e-01,-7.433541707800994658e-02,9.101631265762394341e-02,8.510513783443923730e-02,-1.958833600934078989e-02,-1.575380785964327346e-01,-3.665534324792808774e-03,-2.599197662310955281e-01,-1.608810521562980544e-01,-6.738162916100301492e-02,-1.217450001095244511e-01,2.088210165049337041e-01,-2.474037711294150288e-01,2.891152540458464260e-01,9.731354900498097316e-02,1.324238048942722457e-01,-3.176898736460943146e-02,-2.571811441030640299e-01,-1.805374025826124162e-01,9.911190562006265414e-02,1.180830380406883671e-02,9.209234303494417961e-02,-2.520920953016062560e-01,2.760850303614669210e-01,-1.010289807600949358e-01
-5.062253831105469892e-01,-9.849835674445167610e-02,-7.997079617786921890e-01,1.414122574160001367e-01,-7.258312355651573844e-01,4.543281158503242323e-01,-1.718269681655226755e-01,1.000000000000000000e+00,-5.866273063838836066e-01,-2.152142395215024817e-01,-5.160343487999877743e-01,1.026611887487870189e-02,3.406905351658536807e-01,-2.851103473830103319e-01,-4.162156817028100364e-01,-4.235822505809102023e-01,-3.140978124568196139e-01,-5.254610744905903186e-01,-5.632719035821071030e-01,5.636558071980010132e-01,2.464062777877262540e-03,1.253590575984689093e-01,-1.094416344967900911e-01,9.396163395518938866e-02,-2.733334874477724719e-01,-4.500423489767825247e-01,8.776693112536468333e-02,-6.303366189105900075e-01,-6.776201084148096576e-02,-6.783540354949134654e-01,-3.588138394706867351e-01,3.351870413553265093e-01,5.779387749863426973e-03,-6.798318658819437754e-01,-1.260902992820855106e-01,-7.384022607412318306e-01,2.657446516536832726e-01,-5.467690666491008544e-01,-4.269305904167379762e-01
8.306857317774516414e-01,5.976077286370651276e-01,7.302425272240304910e-01,-1.194111632769467163e-02,7.591678173725046053e-01,1.042117895502649716e-01,1.700097516038535927e-02,-5.866273063838836066e-01,1.000000000000000000e+00,7.092581022670935154e-01,4.676529216991165971e-01,8.576739103035264933e-02,-2.984984837420420756e-01,5.939088004639804241e-01,1.384410939405855689e-01,7.843325525439651669e-01,5.086107350838283692e-01,4.127992967984955852e-01,5.781038066149777332e-01,-3.509275666396448612e-01,-2.184828266555408072e-01,-1.256766255987611103e-02,6.421246564823546166e-01,2.592688499335301100e-01,6.872450897205735210e-01,6.447962244264477949e-01,4.077265500290362388e-01,5.316461728007220167e-01,3.885203157134718421e-01,8.169514066981122813e-01,7.266557708924766823e-01,1.462730076343689567e-01,4.571380787997302853e-01,3.773150236198117846e-01,3.968338940143940063e-01,5.631076871614656421e-01,2.472045597940387418e-01,6.380446425247995323e-01,6.341439685009376825e-01
6.390635375729484258e-01,8.146341030409607331e-01,5.072932113101745744e-01,2.811265573283187602e-01,5.607619843763074208e-01,4.157819409804670019e-01,-1.129409044366715548e-01,-2.152142395215024817e-01,7.092581022670935154e-01,1.000000000000000000e+00,2.302143779843296989e-01,3.496827527803413882e-01,-8.368728253344506762e-02,6.787808156882194632e-01,-3.021935169671630672e-01,8.201325773920320472e-01,5.037807443149171505e-01,2.944351141366275404e-01,3.938267984128285826e-01,3.378335439858782402e-02,-1.243715840939787348e-02,3.604746536783452471e-01,7.797730321725935276e-01,3.886186987521890734e-01,7.659574035788049295e-01,3.179109319859241278e-01,6.576977376305048750e-01,2.489251200372734618e-01,2.220394115909671562e-01,5.370501066082180586e-01,6.919442340604579078e-01,5.236434289845219858e-01,6.549118000712600418e-01,1.256036547900679645e-01,2.633489312935928250e-01,3.747335432982959458e-01,5.583100734252319786e-01,2.230712076194285853e-01,7.200545350109895937e-01
3.741583786403931411e-01,6.581941156663098647e-02,5.183286411668759364e-01,1.882165329653302105e-02,4.729073628447449384e-01,-1.696528898497333682e-01,1.173277905650836755e-01,-5.160343487999877743e-01,4.676529216991165971e-01,2.302143779843296989e-01,1.000000000000000000e+00,-1.011238715976887498e-01,-2.011755464184791231e-01,2.219740501247910169e-01,2.068803705380805324e-01,2.525776714366787523e-01,4.530715818036960552e-01,1.174809974749035923e-01,2.115915678552069135e-01,-3.466291709780885411e-01,-1.130395293334238299e-01,-1.887805832678581541e-01,2.090886223880147332e-01,1.660991466244253201e-01,2.674182571197274427e-01,3.851114327230238388e-01,-6.142444687108544049e-03,4.742585782034975939e-01,1.652807162623240178e-01,3.909452456211733318e-01,3.481307598994572983e-01,-2.015297278581264506e-01,9.863769099322802769e-02,2.568759813963564231e-01,2.632446317244840905e-01,4.450036694739360477e-01,-1.582485916318074337e-01,4.437825295676731674e-01,3.483287021515591442e-01
-6.978553322543579185e-02,4.195851095795159469e-01,1.524493353757589154e-01,1.655281369186823170e-01,2.554361067542574859e-01,1.185717258600251650e-01,-3.476295516492346471e-01,1.026611887487870189e-02,8.576739103035264933e-02,3.496827527803413882e-01,-1.011238715976887498e-01,1.000000000000000000e+00,3.200038824656655789e-01,1.583706227311774128e-01,-3.355717022741246391e-01,3.971421888187791072e-01,1.289011134683871185e-01,3.544693389649682946e-01,4.066830341333804166e-01,2.910947283074312719e-01,5.433443686552360541e-01,5.910798803778724020e-01,2.781390338075124258e-01,-2.535954950626530535e-01,8.103392024398840821e-02,-4.686415904765294238e-01,3.687351646441958120e-01,-2.926693396537570213e-01,-5.186085600912433424e-01,3.465058326355396727e-03,1.085916366724855447e-01,4.377815447796266635e-01,1.439414021769365448e-01,3.259017930829307685e-01,-3.439634112943566469e-01,1.995143763497930489e-01,2.771892319136021743e-01,-2.832158839337127754e-01,5.795072067359653412e-01
-3.010972774198608093e-01,-8.128118194514703798e-02,-3.689893823214156487e-01,2.711558706655710707e-02,-2.693363925789499791e-01,-3.012244082309383647e-02,3.357662880014904150e-02,3.406905351658536807e-01,-2.984984837420420756e-01,-8.368728253344506762e-02,-2.011755464184791231e-01,3.200038824656655789e-01,1.000000000000000000e+00,-2.623657950078320811e-01,-1.621780401423353335e-01,-4.652177266761930302e-02,-1.799002142375910052e-01,-9.654676621166172201e-02,-1.584358001848346353e-01,2.937585432968435328e-01,4.117472536094149982e-01,3.434065825799916816e-01,-8.150947523075373347e-02,-2.957638394115271741e-01,-3.556323714133963199e-01,-5.489414569270049116e-01,-2.376045324791595248e-01,-4.790049633275985652e-01,-4.805688918899483353e-01,-2.996012223248095130e-01,-3.890322658476271789e-01,2.085510070467815665e-03,-1.250245607329103226e-01,-5.939444553223399703e-03,-3.656522893367318838e-01,-2.247984673442143255e-01,-1.652030966158776759e-01,-2.343008568359733756e-01,6.836669194602118527e-02
4.881223280515817886e-01,6.442385351014003891e-01,5.407198014188380197e-01,2.801329262918762497e-01,4.841817023241270501e-01,4.782013806115302246e-01,-1.239224688392990825e-01,-2.851103473830103319e-01,5.939088004639804241e-01,6.787808156882194632e-01,2.219740501247910169e-01,1.583706227311774128e-01,-2.623657950078320811e-01,1.000000000000000000e+00,-2.958861910392783789e-01,5.838948970337632938e-01,4.872469609004538293e-01,5.674050360451174391e-02,2.884857180231908402e-01,3.379578946793625194e-02,-1.582109123014484309e-01,2.488394161850386310e-01,7.333367075055321482e-01,5.857572831969091176e-01,6.625584592822048036e-01,3.839227814465035471e-01,5.909558783242897517e-01,3.319822118585672999e-01,4.311964108785854011e-01,4.328173488571773753e-01,6.870752148215983901e-01,5.096841070874349455e-01,6.821407632600846593e-01,-1.174174566455775046e-02,6.008651501790976956e-01,3.861696881132836712e-01,5.998475534699095890e-01,2.467453077305432063e-01,5.835736847355021961e-01
2.812296003568504621e-01,-4.506745965592196534e-01,1.803986367163986360e-01,-5.670450790825860565e-01,1.906143727522975617e-01,-6.585419335663967866e-01,1.939152496468817266e-01,-4.162156817028100364e-01,1.384410939405855689e-01,-3.021935169671630672e-01,2.068803705380805324e-01,-3.355717022741246391e-01,-1.621780401423353335e-01,-2.958861910392783789e-01,1.000000000000000000e+00,-2.677648551249666928e-02,-2.360639483605477262e-01,3.218023580750045132e-01,3.242437873956195427e-01,-3.686470252511755974e-01,-2.415987950918671301e-01,-5.987891699255890599e-01,-4.438643165451889860e-01,-3.886398836424729830e-01,-1.684820724755477506e-01,4.604425576128993169e-01,-5.644412540343305418e-01,4.145877904024709015e-01,1.531400281541293318e-01,3.977240467654362122e-01,-1.955001677274007532e-01,-7.770809739104164171e-01,-4.727557791490173411e-01,5.236334413277748956e-01,-6.740856927378776134e-03,3.504982579450772184e-01,-6.737070767238069191e-01,5.961273246515906843e-01,-2.940323822284672817e-01
7.302271869010711347e-01,7.118010701177274191e-01,6.155915315661110165e-01,6.713794297167556546e-02,7.050509577906287628e-01,1.602350101844341457e-01,-7.433541707800994658e-02,-4.235822505809102023e-01,7.843325525439651669e-01,8.201325773920320472e-01,2.525776714366787523e-01,3.971421888187791072e-01,-4.652177266761930302e-02,5.838948970337632938e-01,-2.677648551249666928e-02,1.000000000000000000e+00,4.178080601851832387e-01,4.722651252562833912e-01,6.145116321066109721e-01,-1.156586881567600866e-01,4.104598446031833270e-02,2.673787952744101637e-01,6.763626268682051412e-01,1.262178826674572318e-01,6.569394636029733947e-01,3.615310421461585544e-01,4.688041865074663028e-01,3.133112470057178300e-01,1.313768705088332045e-01,7.293786042545188364e-01,6.387759938881125699e-01,2.965277986165105739e-01,4.831717046534526605e-01,4.247768348609177180e-01,1.926255261768007043e-01,5.691270366624501253e-01,3.212353866632887689e-01,4.050509517403297899e-01,7.322068839479136670e-01
4.451279771408416797e-01,5.022125695822681202e-01,4.920696002237477940e-01,1.952431160451511272e-01,4.983573547933948800e-01,2.100599883067546803e-01,9.101631265762394341e-02,-3.140978124568196139e-01,5.086107350838283692e-01,5.037807443149171505e-01,4.530715818036960552e-01,1.289011134683871185e-01,-1.799002142375910052e-01,4.872469609004538293e-01,-2.360639483605477262e-01,4.178080601851832387e-01,1.000000000000000000e+00,1.615999192698998332e-01,2.019438254358035811e-01,-1.519423406368335949e-01,3.915452917383788201e-02,2.093756243685304663e-01,5.657995774957282897e-01,3.685572032280373111e-01,4.546765378675000080e-01,2.891687990397212582e-01,4.097559515879988234e-01,3.480593736187003184e-01,1.914447919193033587e-01,3.665662795337688573e-01,5.888250917223485370e-01,3.438874609185136877e-01,4.624285484084493802e-01,8.046759991606583506e-02,2.107562652028929229e-01,3.068581922205332879e-01,3.474518130661049531e-01,2.384836326478916857e-01,4.789884009919155861e-01
3.774952400182376988e-01,1.765044613453183864e-01,5.211040126035609843e-01,-6.147488660125328096e-03,6.282578005980523628e-01,-3.586796370022335423e-01,8.510513783443923730e-02,-5.254610744905903186e-01,4.127992967984955852e-01,2.944351141366275404e-01,1.174809974749035923e-01,3.544693389649682946e-01,-9.654676621166172201e-02,5.674050360451174391e-02,3.218023580750045132e-01,4.722651252562833912e-01,1.615999192698998332e-01,1.000000000000000000e+00,6.555481234958779879e-01,-1.562783334101405519e-01,2.711771300380068639e-01,1.275732399768899905e-01,9.610726861079379665e-03,-3.430671523087730490e-01,2.024411640327371253e-01,1.790575136267623657e-01,5.563981893922258920e-02,3.442446507559752122e-01,-1.639397132336729290e-01,4.844808849808324713e-01,1.570715739067889694e-01,-1.150868296048235401e-01,-3.248744825652519208e-02,6.798538492658570132e-01,-3.256180055412277174e-01,4.925200752185273645e-01,-1.138581465013673993e-01,2.299007544108847834e-01,3.340916146569025691e-01
5.102460694825100562e-01,3.021010475837570541e-01,6.353250394346539043e-01,-1.763092363545447072e-01,6.944525044408562664e-01,-1.564277966016781596e-01,-1.958833600934078989e-02,-5.632719035821071030e-01,5.781038066149777332e-01,3.938267984128285826e-01,2.115915678552069135e-01,4.066830341333804166e-01,-1.584358001848346353e-01,2.884857180231908402e-01,3.242437873956195427e-01,6.145116321066109721e-01,2.019438254358035811e-01,6.555481234958779879e-01,1.000000000000000000e+00,-2.573362308923718422e-01,1.028606543666620854e-01,9.198799788915031084e-02,2.843159690676803630e-01,-1.549487003569524346e-01,3.645826373472629833e-01,3.214539112555602762e-01,2.318970441799029225e-01,3.791197026105632695e-01,3.645620866631735929e-02,6.163874749639961514e-01,4.092196384045096447e-01,3.492428777362285332e-03,1.243898055496214655e-01,6.799804293183242532e-01,5.325693275247037756e-02,5.740128736510208274e-01,2.275449441702657311e-02,4.441353948810989882e-01,4.623719038372481327e-01
-3.764189020034205968e-01,4.742824100224293099e-02,-3.525559725443829784e-01,4.022932447709596238e-01,-3.751810387334367780e-01,2.789690566805220207e-01,-1.575380785964327346e-01,5.636558071980010132e-01,-3.509275666396448612e-01,3.378335439858782402e-02,-3.466291709780885411e-01,2.910947283074312719e-01,2.937585432968435328e-01,3.379578946793625194e-02,-3.686470252511755974e-01,-1.156586881567600866e-01,-1.519423406368335949e-01,-1.562783334101405519e-01,-2.573362308923718422e-01,1.000000000000000000e+00,2.392318615631456036e-01,3.822648745168674145e-01,-1.944972994777986047e-02,2.760599978178936501e-02,-1.895142371253354940e-01,-4.012147431299043498e-01,1.489274958804612803e-01,-3.881489075760855001e-01,-1.881579951014643037e-01,-4.709067219656241088e-01,-2.491136532017803051e-01,3.882008547400698228e-01,1.410372912721936656e-01,-3.046978542940322887e-01,-1.574001343360255101e-01,-2.984397458552514593e-01,2.990100398317092623e-01,-4.430583607797659029e-01,-4.253087172457164361e-02
-3.107603238541886692e-01,1.543293191065172850e-03,-3.973929250884702252e-02,1.180288665456878106e-01,2.052713199064655145e-02,-1.254921361349273234e-01,-3.665534324792808774e-03,2.464062777877262540e-03,-2.184828266555408072e-01,-1.243715840939787348e-02,-1.130395293334238299e-01,5.433443686552360541e-01,4.117472536094149982e-01,-1.582109123014484309e-01,-2.415987950918671301e-01,4.104598446031833270e-02,3.915452917383788201e-02,2.711771300380068639e-01,1.028606543666620854e-01,2.392318615631456036e-01,1.000000000000000000e+00,5.024952379111958800e-01,-1.046486061228127651e-01,-2.974710938770274704e-01,-2.526185420855461272e-01,-5.777586411094972618e-01,-5.660622196497724218e-02,-2.616963657802476861e-01,-6.150201860809102472e-01,-2.429518558872690581e-01,-2.717572619298649905e-01,1.219161264937008993e-01,-1.042175064089278375e-01,3.139262892839950747e-01,-5.556207153142658228e-01,5.901075323112750515e-02,-7.459107206603535212e-02,-3.480779516073002622e-01,2.692262695554029084e-01
-1.456042462219555023e-01,4.202531998071947217e-01,8.730630531089494939e-02,2.886231741528627603e-01,1.001320731822789856e-01,2.941736013632353930e-01,-2.599197662310955281e-01,1.253590575984689093e-01,-1.256766255987611103e-02,3.604746536783452471e-01,-1.887805832678581541e-01,5.910798803778724020e-01,3.434065825799916816e-01,2.488394161850386310e-01,-5.987891699255890599e-01,2.673787952744101637e-01,2.093756243685304663e-01,1.275732399768899905e-01,9.198799788915031084e-02,3.822648745168674145e-01,5.024952379111958800e-01,1.000000000000000000e+00,3.618401161802586863e-01,2.201088355723403861e-02,1.098922292505284531e-01,-4.452732074432876885e-01,4.541748316381521988e-01,-2.708790564188001126e-01,-3.884533958397854980e-01,-1.563404518008024158e-01,1.487667806515421964e-01,6.065013691045504363e-01,4.347384232377470847e-01,2.081310437013878661e-02,-2.654310222819944443e-01,2.098307160349603163e-03,4.531250462350384645e-01,-4.406534894252661094e-01,4.266589183318067469e-01
5.455761427370060535e-01,7.896778816030158854e-01,4.375009984218551917e-01,2.194250004325927483e-01,4.488381137985371083e-01,6.478359683487651122e-01,-1.608810521562980544e-01,-1.094416344967900911e-01,6.421246564823546166e-01,7.797730321725935276e-01,2.090886223880147332e-01,2.781390338075124258e-01,-8.150947523075373347e-02,7.333367075055321482e-01,-4.438643165451889860e-01,6.763626268682051412e-01,5.657995774957282897e-01,9.610726861079379665e-03,2.843159690676803630e-01,-1.944972994777986047e-02,-1.046486061228127651e-01,3.618401161802586863e-01,1.000000000000000000e+00,5.912240851573113964e-01,7.488117513536500791e-01,2.914273380063783225e-01,7.381043484207244765e-01,1.606733376736842744e-01,3.415131933139839981e-01,4.287573688623279033e-01,7.795670102967441339e-01,6.604937677548698982e-01,7.679783835609128584e-01,-8.904584167549213503e-02,4.748120823119083012e-01,1.937794311689613191e-01,6.862662465174467208e-01,2.163740210203667913e-01,6.558146183180674216e-01
2.439905902821843942e-01,3.280331676180137102e-01,1.566948315069447428e-01,2.588198310102436950e-01,2.057885241873500665e-02,6.765870885489687625e-01,-6.738162916100301492e-02,9.396163395518938866e-02,2.592688499335301100e-01,3.886186987521890734e-01,1.660991466244253201e-01,-2.535954950626530535e-01,-2.957638394115271741e-01,5.857572831969091176e-01,-3.886398836424729830e-01,1.262178826674572318e-01,3.685572032280373111e-01,-3.430671523087730490e-01,-1.549487003569524346e-01,2.760599978178936501e-02,-2.974710938770274704e-01,2.201088355723403861e-02,5.912240851573113964e-01,1.000000000000000000e+00,5.753134915919618786e-01,3.628601476204533216e-01,5.002457678950140707e-01,2.104876168835485839e-01,6.069429369174850208e-01,3.929298943771631497e-02,5.238510146789655542e-01,4.496544156192619490e-01,6.142719110876135868e-01,-4.896910371627563041e-01,6.415675445984273528e-01,-1.016240718920649877e-01,5.588745796304023239e-01,9.261977580811048272e-02,1.628561824324671892e-01
6.817314251005057724e-01,6.423054711589568644e-01,5.246913032915434538e-01,1.480589490343570680e-01,5.276470123002791057e-01,4.632550553293952045e-01,-1.217450001095244511e-01,-2.733334874477724719e-01,6.872450897205735210e-01,7.659574035788049295e-01,2.674182571197274427e-01,8.103392024398840821e-02,-3.556323714133963199e-01,6.625584592822048036e-01,-1.684820724755477506e-01,6.569394636029733947e-01,4.546765378675000080e-01,2.024411640327371253e-01,3.645826373472629833e-01,-1.895142371253354940e-01,-2.526185420855461272e-01,1.098922292505284531e-01,7.488117513536500791e-01,5.753134915919618786e-01,1.000000000000000000e+00,5.423072410489102602e-01,6.444831923943817875e-01,3.837122055488977890e-01,5.081446003146601331e-01,5.723673416764908373e-01,7.347521414521959171e-01,4.140323261292224721e-01,6.324856069455457863e-01,5.955969346118740633e-03,4.874444918905565527e-01,3.194508934913428133e-01,5.388828647916938941e-01,3.261732996477360036e-01,5.168641656507184656e-01
7.504890650045115130e-01,1.784219626651283863e-01,5.126711403910334530e-01,-1.555489117128278087e-01,4.809132278311995523e-01,-1.575972733873537814e-03,2.088210165049337041e-01,-4.500423489767825247e-01,6.447962244264477949e-01,3.179109319859241278e-01,3.851114327230238388e-01,-4.686415904765294238e-01,-5.489414569270049116e-01,3.839227814465035471e-01,4.604425576128993169e-01,3.615310421461585544e-01,2.891687990397212582e-01,1.790575136267623657e-01,3.214539112555602762e-01,-4.012147431299043498e-01,-5.777586411094972618e-01,-4.452732074432876885e-01,2.914273380063783225e-01,3.628601476204533216e-01,5.423072410489102602e-01,1.000000000000000000e+00,1.424559724972364883e-01,6.941995592814698135e-01,7.442037763673512440e-01,6.859913466480982436e-01,5.300872602172717052e-01,-1.797205574915381188e-01,2.604521876378275147e-01,1.510295605122403961e-01,5.908349076610338590e-01,3.754863056274444499e-01,3.867754975587724131e-02,7.428703370374353243e-01,6.687879219990880419e-02
3.005702919289910957e-01,7.360136192839497049e-01,2.738539519304464820e-01,3.119028154183357548e-01,2.771500537276636589e-01,6.958301621678998350e-01,-2.474037711294150288e-01,8.776693112536468333e-02,4.077265500290362388e-01,6.576977376305048750e-01,-6.142444687108544049e-03,3.687351646441958120e-01,-2.376045324791595248e-01,5.909558783242897517e-01,-5.644412540343305418e-01,4.688041865074663028e-01,4.097559515879988234e-01,5.563981893922258920e-02,2.318970441799029225e-01,1.489274958804612803e-01,-5.660622196497724218e-02,4.541748316381521988e-01,7.381043484207244765e-01,5.002457678950140707e-01,6.444831923943817875e-01,1.424559724972364883e-01,1.000000000000000000e+00,1.864081759091405777e-02,2.593174932161793067e-01,1.689080957740272670e-01,6.594538887305951835e-01,8.196476152394696069e-01,7.104655388021824391e-01,-2.267138598281091821e-01,2.963923249188233910e-01,-2.998593964250585980e-03,8.468646389608823766e-01,-7.617373266430743639e-02,5.004898692715700204e-01
5.511855978745766604e-01,4.976674168679683097e-02,6.990451335246929965e-01,-2.300710975805891900e-02,5.538014284390422315e-01,-2.581663209970508355e-01,2.891152540458464260e-01,-6.303366189105900075e-01,5.316461728007220167e-01,2.489251200372734618e-01,4.742585782034975939e-01,-2.926693396537570213e-01,-4.790049633275985652e-01,3.319822118585672999e-01,4.145877904024709015e-01,3.133112470057178300e-01,3.480593736187003184e-01,3.442446507559752122e-01,3.791197026105632695e-01,-3.881489075760855001e-01,-2.616963657802476861e-01,-2.708790564188001126e-01,1.606733376736842744e-01,2.104876168835485839e-01,3.837122055488977890e-01,6.941995592814698135e-01,1.864081759091405777e-02,1.000000000000000000e+00,3.646741192502526707e-01,5.969085558570533800e-01,4.789663117703041872e-01,-2.579362261276263446e-01,2.772118107173629498e-01,3.996036623577058355e-01,2.870130035343231301e-01,5.949702968138457226e-01,-1.009030288195180425e-01,5.951988802304525317e-01,1.962849623673523780e-01
5.151253940043416524e-01,2.067231102077678184e-01,1.784373622919514513e-01,-2.120519222573840137e-02,1.545321583565526513e-01,4.017546144910749129e-01,9.731354900498097316e-02,-6.776201084148096576e-02,3.885203157134718421e-01,2.220394115909671562e-01,1.652807162623240178e-01,-5.186085600912433424e-01,-4.805688918899483353e-01,4.311964108785854011e-01,1.531400281541293318e-01,1.313768705088332045e-01,1.914447919193033587e-01,-1.639397132336729290e-01,3.645620866631735929e-02,-1.881579951014643037e-01,-6.150201860809102472e-01,-3.884533958397854980e-01,3.415131933139839981e-01,6.069429369174850208e-01,5.081446003146601331e-01,7.442037763673512440e-01,2.593174932161793067e-01,3.646741192502526707e-01,1.000000000000000000e+00,3.383955810895745153e-01,4.420942744043079298e-01,8.697763994168168644e-02,3.285333609801799337e-01,-2.919180829195111571e-01,7.933015301984729373e-01,-8.910283465231559619e-04,3.087065149578614442e-01,4.882726572011005794e-01,-9.262766283200424278e-02
8.357318558326098934e-01,4.297885842821977387e-01,7.072633483160474244e-01,-1.676484825854074046e-01,7.637109415213985120e-01,-1.556809325702235569e-01,1.324238048942722457e-01,-6.783540354949134654e-01,8.169514066981122813e-01,5.370501066082180586e-01,3.909452456211733318e-01,3.465058326355396727e-03,-2.996012223248095130e-01,4.328173488571773753e-01,3.977240467654362122e-01,7.293786042545188364e-01,3.665662795337688573e-01,4.844808849808324713e-01,6.163874749639961514e-01,-4.709067219656241088e-01,-2.429518558872690581e-01,-1.563404518008024158e-01,4.287573688623279033e-01,3.929298943771631497e-02,5.723673416764908373e-01,6.859913466480982436e-01,1.689080957740272670e-01,5.969085558570533800e-01,3.383955810895745153e-01,1.000000000000000000e+00,5.807788773934026150e-01,-1.211900545406507240e-01,2.423709736571286189e-01,5.490226993315457937e-01,3.093973705092393778e-01,6.820170745888581854e-01,-7.771103686012359457e-03,6.978964884278109349e-01,4.685609934192966897e-01
6.489958240415359958e-01,6.760760168288977301e-01,6.462316429496159920e-01,1.721481269115145984e-01,5.905552392620837532e-01,4.081496012337444967e-01,-3.176898736460943146e-02,-3.588138394706867351e-01,7.266557708924766823e-01,6.919442340604579078e-01,3.481307598994572983e-01,1.085916366724855447e-01,-3.890322658476271789e-01,6.870752148215983901e-01,-1.955001677274007532e-01,6.387759938881125699e-01,5.888250917223485370e-01,1.570715739067889694e-01,4.092196384045096447e-01,-2.491136532017803051e-01,-2.717572619298649905e-01,1.487667806515421964e-01,7.795670102967441339e-01,5.238510146789655542e-01,7.347521414521959171e-01,5.300872602172717052e-01,6.594538887305951835e-01,4.789663117703041872e-01,4.420942744043079298e-01,5.807788773934026150e-01,1.000000000000000000e+00,4.364196483157156137e-01,7.015108096477624677e-01,7.029472495421036637e-02,5.190869006804204044e-01,3.619061722166493356e-01,5.198963006387479213e-01,3.890782391500218207e-01,5.818970581468906333e-01
2.185470738859944528e-02,6.855888434763277584e-01,1.856557656890493735e-02,4.234289482260470971e-01,4.277480746526328426e-02,7.807490085425428106e-01,-2.571811441030640299e-01,3.351870413553265093e-01,1.462730076343689567e-01,5.236434289845219858e-01,-2.015297278581264506e-01,4.377815447796266635e-01,2.085510070467815665e-03,5.096841070874349455e-01,-7.770809739104164171e-01,2.965277986165105739e-01,3.438874609185136877e-01,-1.150868296048235401e-01,3.492428777362285332e-03,3.882008547400698228e-01,1.219161264937008993e-01,6.065013691045504363e-01,6.604937677548698982e-01,4.496544156192619490e-01,4.140323261292224721e-01,-1.797205574915381188e-01,8.196476152394696069e-01,-2.579362261276263446e-01,8.697763994168168644e-02,-1.211900545406507240e-01,4.364196483157156137e-01,1.000000000000000000e+00,6.589191773471966274e-01,-3.814682852336531704e-01,1.746811153341209510e-01,-1.974852231306350459e-01,8.845101251989604396e-01,-3.510292430891094329e-01,3.990553580288461188e-01
3.719450431522793865e-01,6.164310770842081899e-01,3.876236584120910100e-01,3.341189797724237742e-01,2.861102060619533094e-01,6.106397282611835120e-01,-1.805374025826124162e-01,5.779387749863426973e-03,4.571380787997302853e-01,6.549118000712600418e-01,9.863769099322802769e-02,1.439414021769365448e-01,-1.250245607329103226e-01,6.821407632600846593e-01,-4.727557791490173411e-01,4.831717046534526605e-01,4.624285484084493802e-01,-3.248744825652519208e-02,1.243898055496214655e-01,1.410372912721936656e-01,-1.042175064089278375e-01,4.347384232377470847e-01,7.679783835609128584e-01,6.142719110876135868e-01,6.324856069455457863e-01,2.604521876378275147e-01,7.104655388021824391e-01,2.772118107173629498e-01,3.285333609801799337e-01,2.423709736571286189e-01,7.015108096477624677e-01,6.589191773471966274e-01,1.000000000000000000e+00,-1.938548561586481978e-01,4.047798222850840233e-01,1.438518465230779197e-01,7.148144333906969461e-01,7.845014667861710533e-02,4.768906690945423077e-01
3.345369761900864325e-01,1.838378060655689039e-02,5.632639392312115412e-01,-2.885534952596752745e-01,6.224772788499793874e-01,-6.044113886361377475e-01,9.911190562006265414e-02,-6.798318658819437754e-01,3.773150236198117846e-01,1.256036547900679645e-01,2.568759813963564231e-01,3.259017930829307685e-01,-5.939444553223399703e-03,-1.174174566455775046e-02,5.236334413277748956e-01,4.247768348609177180e-01,8.046759991606583506e-02,6.798538492658570132e-01,6.799804293183242532e-01,-3.046978542940322887e-01,3.139262892839950747e-01,2.081310437013878661e-02,-8.904584167549213503e-02,-4.896910371627563041e-01,5.955969346118740633e-03,1.510295605122403961e-01,-2.267138598281091821e-01,3.996036623577058355e-01,-2.919180829195111571e-01,5.490226993315457937e-01,7.029472495421036637e-02,-3.814682852336531704e-01,-1.938548561586481978e-01,1.000000000000000000e+00,-2.711568165790478324e-01,6.952186419316628285e-01,-4.197437321618667783e-01,3.709405973091906006e-01,3.592058144353151294e-01
4.103730494158847608e-01,2.719966918883083284e-01,2.650568641150280458e-01,7.083732070562136218e-02,1.769896265642973976e-01,4.543254883480040696e-01,1.180830380406883671e-02,-1.260902992820855106e-01,3.968338940143940063e-01,2.633489312935928250e-01,2.632446317244840905e-01,-3.439634112943566469e-01,-3.656522893367318838e-01,6.008651501790976956e-01,-6.740856927378776134e-03,1.926255261768007043e-01,2.107562652028929229e-01,-3.256180055412277174e-01,5.325693275247037756e-02,-1.574001343360255101e-01,-5.556207153142658228e-01,-2.654310222819944443e-01,4.748120823119083012e-01,6.415675445984273528e-01,4.874444918905565527e-01,5.908349076610338590e-01,2.963923249188233910e-01,2.870130035343231301e-01,7.933015301984729373e-01,3.093973705092393778e-01,5.190869006804204044e-01,1.746811153341209510e-01,4.047798222850840233e-01,-2.711568165790478324e-01,1.000000000000000000e+00,9.243512208670918995e-02,3.587005536031497299e-01,4.167064553105307989e-01,1.165908033076027139e-01
5.209500649216167734e-01,2.268913523795654807e-01,7.193627807440627908e-01,-4.910202514709061106e-02,7.071391591236161345e-01,-3.778448029369070316e-01,9.209234303494417961e-02,-7.384022607412318306e-01,5.631076871614656421e-01,3.747335432982959458e-01,4.450036694739360477e-01,1.995143763497930489e-01,-2.247984673442143255e-01,3.861696881132836712e-01,3.504982579450772184e-01,5.691270366624501253e-01,3.068581922205332879e-01,4.925200752185273645e-01,5.740128736510208274e-01,-2.984397458552514593e-01,5.901075323112750515e-02,2.098307160349603163e-03,1.937794311689613191e-01,-1.016240718920649877e-01,3.194508934913428133e-01,3.754863056274444499e-01,-2.998593964250585980e-03,5.949702968138457226e-01,-8.910283465231559619e-04,6.820170745888581854e-01,3.619061722166493356e-01,-1.974852231306350459e-01,1.438518465230779197e-01,6.952186419316628285e-01,9.243512208670918995e-02,1.000000000000000000e+00,-1.529721998330814958e-01,4.552273102361614199e-01,5.193714717860190566e-01
1.568866380671876948e-01,6.857568055932626860e-01,9.547182175233301371e-02,3.994918652211719157e-01,9.129158990548050245e-02,8.017783191129690401e-01,-2.520920953016062560e-01,2.657446516536832726e-01,2.472045597940387418e-01,5.583100734252319786e-01,-1.582485916318074337e-01,2.771892319136021743e-01,-1.652030966158776759e-01,5.998475534699095890e-01,-6.737070767238069191e-01,3.212353866632887689e-01,3.474518130661049531e-01,-1.138581465013673993e-01,2.275449441702657311e-02,2.990100398317092623e-01,-7.459107206603535212e-02,4.531250462350384645e-01,6.862662465174467208e-01,5.588745796304023239e-01,5.388828647916938941e-01,3.867754975587724131e-02,8.468646389608823766e-01,-1.009030288195180425e-01,3.087065149578614442e-01,-7.771103686012359457e-03,5.198963006387479213e-01,8.845101251989604396e-01,7.148144333906969461e-01,-4.197437321618667783e-01,3.587005536031497299e-01,-1.529721998330814958e-01,1.000000000000000000e+00,-2.128747370518935811e-01,3.515492362017380579e-01
7.221294259803381355e-01,9.032093347566050312e-02,5.116768710938149889e-01,-3.071657238034246618e-01,5.177792592364284241e-01,-2.107189946401660519e-01,2.760850303614669210e-01,-5.467690666491008544e-01,6.380446425247995323e-01,2.230712076194285853e-01,4.437825295676731674e-01,-2.832158839337127754e-01,-2.343008568359733756e-01,2.467453077305432063e-01,5.961273246515906843e-01,4.050509517403297899e-01,2.384836326478916857e-01,2.299007544108847834e-01,4.441353948810989882e-01,-4.430583607797659029e-01,-3.480779516073002622e-01,-4.406534894252661094e-01,2.163740210203667913e-01,9.261977580811048272e-02,3.261732996477360036e-01,7.428703370374353243e-01,-7.617373266430743639e-02,5.951988802304525317e-01,4.882726572011005794e-01,6.978964884278109349e-01,3.890782391500218207e-01,-3.510292430891094329e-01,7.845014667861710533e-02,3.709405973091906006e-01,4.167064553105307989e-01,4.552273102361614199e-01,-2.128747370518935811e-01,1.000000000000000000e+00,2.020689229380754903e-01
4.403214137155168073e-01,6.686564079121039006e-01,6.073373728727983201e-01,2.841158909628905271e-01,6.249598776753954033e-01,1.886797718592436168e-01,-1.010289807600949358e-01,-4.269305904167379762e-01,6.341439685009376825e-01,7.200545350109895937e-01,3.483287021515591442e-01,5.795072067359653412e-01,6.836669194602118527e-02,5.835736847355021961e-01,-2.940323822284672817e-01,7.322068839479136670e-01,4.789884009919155861e-01,3.340916146569025691e-01,4.623719038372481327e-01,-4.253087172457164361e-02,2.692262695554029084e-01,4.266589183318067469e-01,6.558146183180674216e-01,1.628561824324671892e-01,5.168641656507184656e-01,6.687879219990880419e-02,5.004898692715700204e-01,1.962849623673523780e-01,-9.262766283200424278e-02,4.685609934192966897e-01,5.818970581468906333e-01,3.990553580288461188e-01,4.768906690945423077e-01,3.592058144353151294e-01,1.165908033076027139e-01,5.193714717860190566e-01,3.515492362017380579e-01,2.020689229380754903e-01,1.000000000000000000e+00
