1.000000000000000000e+00,8.215786840183064710e-01,6.432537281347211477e-01,-1.672125702961393401e-01,5.774086925577207596e-01,1.410866440865226890e-01,1.459084249007865375e-01,-4.030530266145092577e-01,1.785916161091058163e-01,7.174096702155350336e-01,5.951829968126859383e-01,5.719391666601417734e-01,2.130269475456791628e-01,4.981259151330481583e-01,3.659519739456846277e-01,7.246950771709669281e-01,5.488076205792644657e-01,-3.378259982452066351e-02,1.523273512995775569e-01,-5.329313052057188527e-01,1.426290843553254008e-02,4.113576272134599754e-01,7.946843941974169878e-01,1.054661092475557699e-01,-9.118662057265967957e-02,8.021996086903853129e-01,7.475292200881288318e-01,4.306762864667103563e-01,5.709677874830585420e-01,5.467908202752962410e-01,6.698099125947789556e-01,7.998040327488751267e-01,5.917469534924946206e-01,7.672751585059048862e-01,4.651816173579441105e-01,3.649891541664394001e-01,7.084962225204164410e-01,3.095929851893896023e-01,4.360691715859240647e-01
8.215786840183064710e-01,1.000000000000000000e+00,5.272456364556157293e-01,-1.031395732869056087e-01,5.752355622839639970e-01,1.266841616208027044e-01,9.682691220728428805e-02,-3.097172388924665509e-01,2.610039357997558374e-01,8.235264436356165563e-01,4.606283259835270427e-01,4.805377155148275459e-01,2.240615145164476518e-01,4.940229714487282542e-01,2.704180922578853785e-01,8.722025650880261827e-01,3.854120896853372447e-01,5.731862796971978063e-02,1.971120719668369714e-01,-4.363432774903200917e-01,7.482943183471711668e-02,4.091597658019646699e-01,7.639408631710110642e-01,-2.718383585834596716e-02,-7.314410739496260416e-02,6.782926316622249763e-01,6.445349854357813602e-01,3.456773106634335457e-01,4.213985177868700971e-01,6.753826791385423300e-01,5.841525633879137702e-01,7.650627728566208319e-01,4.831916241315645788e-01,6.744842799838394187e-01,3.579038500816264512e-01,5.494608218943265454e-01,6.519262652278329240e-01,3.119436380691706368e-01,4.137223244693887247e-01
6.432537281347211477e-01,5.272456364556157293e-01,1.000000000000000000e+00,-1.916352987491043158e-01,4.322944716909825624e-01,3.400768970578624262e-01,3.664303528304755919e-01,-7.759084582287133491e-01,-1.100440744797061415e-01,5.943290584421268008e-01,5.799826578774486263e-01,6.612309694446626418e-01,1.618912579661644646e-01,6.218847355815508848e-01,5.810525976692724193e-01,5.012514589885975758e-01,5.554642052484130010e-01,-1.088339332240203378e-01,7.736271584515029553e-02,-5.234380277769387080e-01,5.757119985274573165e-02,4.588284283544494246e-01,6.216707298246142432e-01,4.799543012573341261e-01,6.620245915288881441e-03,7.386662172175447738e-01,6.973360721740927692e-01,6.387031197823724860e-01,6.739212162259540229e-01,3.246914619014857895e-01,7.646068467951153691e-01,7.096660526600379049e-01,8.150490529674051521e-01,7.849029239146743109e-01,6.341549331370871512e-01,4.341166931757442504e-01,7.301933110707095054e-01,-1.392980105510320532e-01,3.035880485132588791e-01
-1.672125702961393401e-01,-1.031395732869056087e-01,-1.916352987491043158e-01,1.000000000000000000e+00,3.445205536435132498e-01,-3.041961279866936541e-01,1.490423120666853618e-01,2.854127100659680227e-01,3.835929152656722407e-01,-3.769513158326733004e-02,-4.080950360671550814e-01,6.309282870859712899e-02,1.378926701757856033e-01,1.061711033907165869e-01,-1.476774839402471284e-01,-1.185351147373957942e-02,-1.518522971356425499e-01,5.438949369794976452e-01,5.346296666403987929e-01,2.833310557926926321e-01,2.758286422175091346e-01,1.874466440668892953e-01,-8.993558327383134599e-02,5.928825243819192681e-02,-1.414795989399079620e-02,-1.973600792719833463e-01,-1.965108654417140610e-01,3.983227496523718963e-02,-1.811020666379774546e-01,9.529059078659347926e-02,-2.620585593377344757e-01,-4.078749063210208164e-02,-8.133112411814719112e-02,-1.381274660303558888e-01,-2.970126463921891058e-01,-1.109602823949842471e-01,-2.193792569593264741e-01,3.730007057784311963e-01,1.630530451341909715e-01
5.774086925577207596e-01,5.752355622839639970e-01,4.322944716909825624e-01,3.445205536435132498e-01,1.000000000000000000e+00,-2.023479408525621637e-01,3.278862894821238383e-01,-3.332403067005339503e-01,6.707849212037269027e-01,5.011066672000521471e-01,1.133687782048575093e-01,3.813694796592917990e-01,1.914088077801630594e-01,5.359352007571386300e-01,3.353013719345095817e-02,5.576863421678655008e-01,1.595942650603355828e-01,6.169368068489492485e-01,5.523264366254001523e-01,-1.869495316138304053e-01,4.587709572196887464e-01,3.994499501414601195e-01,5.155610811161774887e-01,8.441085487416237487e-02,8.341043189995100970e-02,4.588164212606598569e-01,4.451260048375114131e-01,2.707840090183752380e-01,1.506658166908524665e-01,4.205774561742164352e-01,2.959236231403348794e-01,5.406653162386495515e-01,3.414080363599698020e-01,5.663817557640173916e-01,-3.402903203491079026e-02,3.522512067597221574e-01,3.225086931980583049e-01,4.718000015946331449e-01,5.397751622377808811e-01
1.410866440865226890e-01,1.266841616208027044e-01,3.400768970578624262e-01,-3.041961279866936541e-01,-2.023479408525621637e-01,1.000000000000000000e+00,-2.938544897789037713e-01,-3.651257287267636875e-01,-5.336397959393804902e-01,3.273047226522671216e-01,6.486170599112772717e-01,4.964494609672713554e-02,-1.315747915206402496e-01,4.568965407902665365e-01,4.708880330106612333e-01,1.172601551146686960e-01,6.570310411094870684e-01,-4.305235709936842126e-01,-4.044248299952413750e-01,-3.174426134066635208e-01,3.633632436672917104e-02,-1.744672836286998985e-01,2.136421132024718672e-01,4.408475307993201531e-01,1.516057771950391486e-01,4.738126426791341994e-01,-2.294277645852152783e-02,4.588710662465284029e-01,6.562666415877415060e-01,2.473941318162604930e-01,1.564279202013554027e-01,2.174185203485479723e-01,4.220915911433940626e-01,1.483464065891119676e-01,7.310340806770349031e-01,4.676683066002467748e-01,5.077288003069559963e-01,-1.522991879737358445e-01,-4.973079036077366344e-01
1.459084249007865375e-01,9.682691220728428805e-02,3.664303528304755919e-01,1.490423120666853618e-01,3.278862894821238383e-01,-2.938544897789037713e-01,1.000000000000000000e+00,-1.766718294444283299e-01,1.804662394181671681e-01,1.363219018339059396e-01,-4.453844014609315005e-02,5.025857295135770508e-01,3.310612763538238745e-01,1.831461256908599178e-01,2.309852999163818921e-01,1.582247011909863887e-01,-5.818579629097370837e-02,2.122580617230334921e-01,5.062063100634582868e-01,1.088568851408574928e-01,-3.738461967172189426e-02,6.325642585238493432e-01,1.633359357725485406e-01,1.011383137239174057e-01,-1.790073928499358313e-01,-2.125233697178685252e-02,5.147667890458190731e-01,9.078189948338673612e-03,3.670365609291661307e-02,-2.843580211153349038e-02,4.909441146443605519e-01,3.345238348666589867e-01,3.081106997870710629e-01,4.392111267543709618e-01,-2.008253676246584199e-02,-8.751395834976384569e-02,1.816515283509554657e-01,-1.963815124991463990e-01,6.138407423557104003e-01
-4.030530266145092577e-01,-3.097172388924665509e-01,-7.759084582287133491e-01,2.854127100659680227e-01,-3.332403067005339503e-01,-3.651257287267636875e-01,-1.766718294444283299e-01,1.000000000000000000e+00,-1.024021271615601671e-02,-3.911540916926340428e-01,-5.463007977806529913e-01,-1.946556729662096974e-01,1.470672547953186804e-01,-5.003037430767938165e-01,-2.935027960819522330e-01,-2.529535661181452899e-01,-3.628405661374766167e-01,-2.696637134519824092e-02,1.603645006817916996e-01,4.428521326033602601e-01,-2.680185356583739131e-01,-5.080240408463428115e-02,-3.512672542019577571e-01,-4.330002496463443706e-01,-3.572839112318202948e-01,-5.913189259600122316e-01,-3.555792718409902520e-01,-4.727712041027365975e-01,-4.048546243274138146e-01,-1.100807888582038818e-01,-4.239066588773405808e-01,-3.367289992713677904e-01,-4.939578727535366975e-01,-4.913442804214412929e-01,-3.911359552055024280e-01,-4.874720145131651861e-01,-4.389590081150043788e-01,1.387223432476876184e-01,-5.453645691776447951e-02
1.785916161091058163e-01,2.610039357997558374e-01,-1.100440744797061415e-01,3.835929152656722407e-01,6.707849212037269027e-01,-5.336397959393804902e-01,1.804662394181671681e-01,-1.024021271615601671e-02,1.000000000000000000e+00,1.599900889005798077e-01,-2.729658235988106085e-01,-1.038774744547463769e-01,-6.265783733239585485e-02,7.382612061428568684e-02,-4.791253784716968944e-01,2.660551358125446963e-01,-3.850704736557649666e-01,8.266828151990862628e-01,5.286467351206174392e-01,2.982107293891736802e-02,5.046360698048363291e-01,9.861708580783971889e-02,1.449852817952089756e-01,-2.589210417793927910e-01,2.495794883700062083e-01,-4.805105181902748906e-02,6.736741071596016872e-02,-2.223581030335655129e-01,-4.209302656495477746e-01,1.222024292316890998e-01,-1.371775448466029668e-01,4.569074210659226226e-02,-2.483451707162496747e-01,7.981992760504022510e-02,-5.929432045532269102e-01,7.380084039830052400e-02,-2.068460814439634365e-01,5.723920794276873281e-01,4.931888184903761019e-01
7.174096702155350336e-01,8.235264436356165563e-01,5.943290584421268008e-01,-3.769513158326733004e-02,5.011066672000521471e-01,3.273047226522671216e-01,1.363219018339059396e-01,-3.911540916926340428e-01,1.599900889005798077e-01,1.000000000000000000e+00,4.853001831420652445e-01,4.989612692357778267e-01,7.914280961270156456e-02,6.256004115188871229e-01,3.079431400903093752e-01,8.377608173802407743e-01,4.094179901109760711e-01,3.663984065825594272e-02,1.942489815833287059e-01,-4.527865399951169767e-01,9.839272428769212098e-02,4.070165420847096094e-01,7.522650578649436870e-01,1.559824349971486446e-01,-1.709284287910198957e-02,6.639074700167245657e-01,5.917544206982385813e-01,4.549267171065452531e-01,5.367300021096202967e-01,7.232145211792385675e-01,6.016673939010587224e-01,7.170370774016775473e-01,5.752629033480832765e-01,6.341057154463171086e-01,4.825359865463570985e-01,6.000522786361772720e-01,6.824299871081895841e-01,2.660088192203942103e-01,3.544219011846043710e-01
5.951829968126859383e-01,4.606283259835270427e-01,5.799826578774486263e-01,-4.080950360671550814e-01,1.133687782048575093e-01,6.486170599112772717e-01,-4.453844014609315005e-02,-5.463007977806529913e-01,-2.729658235988106085e-01,4.853001831420652445e-01,1.000000000000000000e+00,2.923340025155559685e-01,-3.438159190978559016e-02,5.348531243503320542e-01,4.268447630191461450e-01,3.199489588092384040e-01,7.188712737278821763e-01,-3.707011200226591474e-01,-3.372624119837611123e-01,-4.688651146864939445e-01,6.197264477577951736e-02,6.955066599681299089e-02,5.124250911643885020e-01,3.871327740736922318e-01,6.274357633017754732e-02,6.974850191275925315e-01,4.545335860565449249e-01,4.254393894378343810e-01,6.815595674832474193e-01,2.256651836156438329e-01,5.161338832322009962e-01,5.458908088325233887e-01,5.593070274197788905e-01,5.339633388254834134e-01,6.793732220699517654e-01,3.890560779264707891e-01,7.248579586203114378e-01,-1.031749388508441251e-01,-1.951462651944851565e-02
5.719391666601417734e-01,4.805377155148275459e-01,6.612309694446626418e-01,6.309282870859712899e-02,3.813694796592917990e-01,4.964494609672713554e-02,5.025857295135770508e-01,-1.946556729662096974e-01,-1.038774744547463769e-01,4.989612692357778267e-01,2.923340025155559685e-01,1.000000000000000000e+00,4.509800292256400112e-01,4.876712483618754757e-01,5.728441310230525385e-01,5.072040490183375994e-01,4.226969607689773922e-01,-1.540481895808811508e-01,3.725874389912099960e-01,-1.974942315330843190e-01,-1.734685576971980170e-01,8.104029650937583096e-01,5.943462490353403904e-01,3.357496421305187217e-01,-3.989125725211659090e-01,4.282451134515991020e-01,7.969648340491235494e-01,3.794798087412400989e-01,5.767378118224306682e-01,3.231923996511719688e-01,8.067327687410027481e-01,7.990899520234149289e-01,7.934235513049330280e-01,7.788503157344630612e-01,5.118200856596226700e-01,9.031765885929324278e-02,6.790682457215223566e-01,-1.308909407835029681e-01,5.928892275210109197e-01
2.130269475456791628e-01,2.240615145164476518e-01,1.618912579661644646e-01,1.378926701757856033e-01,1.914088077801630594e-01,-1.315747915206402496e-01,3.310612763538238745e-01,1.470672547953186804e-01,-6.265783733239585485e-02,7.914280961270156456e-02,-3.438159190978559016e-02,4.509800292256400112e-01,1.000000000000000000e+00,-2.264347417244242083e-03,3.900548629039238824e-01,2.726757464487992166e-01,1.916205185395825905e-01,-5.798543715611791105e-02,3.681729859052477738e-01,7.868671484182765408e-02,-1.716216876396820246e-01,4.902402960573779556e-01,2.020647930688041494e-01,-1.076374759008591059e-01,-4.319733380603172912e-01,8.689592451408474638e-02,3.351959491462542240e-01,1.283660008839868916e-01,1.345055704319924605e-01,2.359146914065912981e-01,2.640499902669776189e-01,3.942930484772375066e-01,2.763255085294646363e-01,3.324396816588814918e-01,1.085017356962326984e-01,3.300922334149153370e-02,2.025656694768842303e-01,-8.439059452820854568e-02,2.619475561753143444e-01
4.981259151330481583e-01,4.940229714487282542e-01,6.218847355815508848e-01,1.061711033907165869e-01,5.359352007571386300e-01,4.568965407902665365e-01,1.831461256908599178e-01,-5.003037430767938165e-01,7.382612061428568684e-02,6.256004115188871229e-01,5.348531243503320542e-01,4.876712483618754757e-01,-2.264347417244242083e-03,1.000000000000000000e+00,4.189985888642553946e-01,4.563454878968273842e-01,5.920614267352826143e-01,8.918766281601867019e-02,1.767529246385026731e-01,-1.950926907638830532e-01,3.074143144233542624e-01,3.270289938011624598e-01,5.324404897702794681e-01,6.161919518228664572e-01,1.403371455527676892e-01,6.070257407626332702e-01,4.177420080667464952e-01,5.246056071429227030e-01,6.180862190822481450e-01,3.875797762171663274e-01,4.620039659990312630e-01,6.066625327539894030e-01,6.772693381706101912e-01,5.812204609684610279e-01,5.248541082668760627e-01,5.061355751154544835e-01,6.532845799376393314e-01,1.646108726818983348e-01,1.956109173271230739e-01
3.659519739456846277e-01,2.704180922578853785e-01,5.810525976692724193e-01,-1.476774839402471284e-01,3.353013719345095817e-02,4.708880330106612333e-01,2.309852999163818921e-01,-2.935027960819522330e-01,-4.791253784716968944e-01,3.079431400903093752e-01,4.268447630191461450e-01,5.728441310230525385e-01,3.900548629039238824e-01,4.189985888642553946e-01,1.000000000000000000e+00,2.599326683749714206e-01,6.842429181386285864e-01,-4.424122467597297326e-01,1.052648985005208600e-02,-2.069050615404242344e-01,-2.559975126263571155e-01,3.277491787525039224e-01,3.563012680157431333e-01,3.850976383825983063e-01,-1.680179937201043694e-01,5.175029862287359173e-01,3.935535353108956524e-01,5.495531105969557739e-01,6.904149676576979422e-01,3.035350314419176243e-01,4.962007643320044403e-01,5.088219227434003233e-01,6.141034705106671598e-01,5.460241227932086661e-01,6.904933655357872180e-01,2.857426641340630735e-01,5.805316022524711350e-01,-1.885561536555555584e-01,-3.550089744089234001e-02
7.246950771709669281e-01,8.722025650880261827e-01,5.012514589885975758e-01,-1.185351147373957942e-02,5.576863421678655008e-01,1.172601551146686960e-01,1.582247011909863887e-01,-2.529535661181452899e-01,2.660551358125446963e-01,8.377608173802407743e-01,3.199489588092384040e-01,5.072040490183375994e-01,2.726757464487992166e-01,4.563454878968273842e-01,2.599326683749714206e-01,1.000000000000000000e+00,3.143396623475933627e-01,1.248549661151110712e-01,3.206699026883310655e-01,-4.161968425706049080e-01,9.943112628253199248e-02,4.844040050531887021e-01,8.023331559876153429e-01,6.459878029061457512e-04,-6.725607199377564571e-02,5.889830771060385883e-01,5.921544306682596792e-01,3.361346788430980559e-01,3.785228669707351168e-01,7.656457186036667029e-01,5.497437742426161122e-01,7.259476143525340763e-01,5.019012434451746163e-01,6.161191875634414172e-01,3.294743327637303931e-01,5.314501280070391687e-01,5.923014540193166644e-01,2.973397423062186240e-01,4.300730687834060650e-01
5.488076205792644657e-01,3.854120896853372447e-01,5.554642052484130010e-01,-1.518522971356425499e-01,1.595942650603355828e-01,6.570310411094870684e-01,-5.818579629097370837e-02,-3.628405661374766167e-01,-3.850704736557649666e-01,4.094179901109760711e-01,7.188712737278821763e-01,4.226969607689773922e-01,1.916205185395825905e-01,5.920614267352826143e-01,6.842429181386285864e-01,3.143396623475933627e-01,1.000000000000000000e+00,-3.719356058421744438e-01,-1.047547599215603725e-01,-3.679342209081995496e-01,-5.285890208055627100e-03,1.611133120566964061e-01,4.954885066410152916e-01,4.597145594444589367e-01,-9.277555226272385380e-02,7.445727742938690330e-01,3.227800597471210398e-01,6.012571181209506177e-01,8.540760459336425026e-01,3.682919067530915358e-01,4.110526954077753925e-01,5.962880553246520110e-01,6.470877659619398425e-01,5.055308676753680341e-01,8.029748098309403836e-01,3.648641713289703659e-01,7.278543967214103905e-01,4.737430617419442075e-02,-1.868289152216768001e-01
-3.378259982452066351e-02,5.731862796971978063e-02,-1.088339332240203378e-01,5.438949369794976452e-01,6.169368068489492485e-01,-4.305235709936842126e-01,2.122580617230334921e-01,-2.696637134519824092e-02,8.266828151990862628e-01,3.663984065825594272e-02,-3.707011200226591474e-01,-1.540481895808811508e-01,-5.798543715611791105e-02,8.918766281601867019e-02,-4.424122467597297326e-01,1.248549661151110712e-01,-3.719356058421744438e-01,1.000000000000000000e+00,6.185596854658446109e-01,8.156483080977233735e-02,5.361188436361772336e-01,6.016558541993047987e-02,-3.310935739423019608e-02,-1.680456850390814882e-01,2.159425932856969266e-01,-1.201574778540556721e-01,-1.018556316959828567e-01,-1.528041942784070517e-01,-4.158067773983482041e-01,6.969041491645280861e-02,-2.509159701100687756e-01,-5.587188319914462159e-02,-2.349992767462345533e-01,-7.155383528141155691e-02,-5.701939779921104678e-01,6.724640998762346222e-02,-2.879294633336485498e-01,5.162819455500041732e-01,3.040095624326705215e-01
1.523273512995775569e-01,1.971120719668369714e-01,7.736271584515029553e-02,5.346296666403987929e-01,5.523264366254001523e-01,-4.044248299952413750e-01,5.062063100634582868e-01,1.603645006817916996e-01,5.286467351206174392e-01,1.942489815833287059e-01,-3.372624119837611123e-01,3.725874389912099960e-01,3.681729859052477738e-01,1.767529246385026731e-01,1.052648985005208600e-02,3.206699026883310655e-01,-1.047547599215603725e-01,6.185596854658446109e-01,1.000000000000000000e+00,1.294631514661225558e-01,2.159083961879779967e-01,5.802497643988414611e-01,2.246475767038512428e-01,-3.818473377844314176e-02,-1.905009244371666521e-01,-4.457973962566900289e-02,2.389870935603032875e-01,-4.384976416655186893e-02,-6.742860064111529106e-02,2.423695560742489263e-01,1.399853933659165328e-01,3.099213184823260137e-01,1.493340218568273703e-01,2.020836179150279910e-01,-2.361225617238399965e-01,-2.697560897845544675e-02,4.797245671521899180e-03,3.954909163670659034e-01,5.235103994373508929e-01
-5.329313052057188527e-01,-4.363432774903200917e-01,-5.234380277769387080e-01,2.833310557926926321e-01,-1.869495316138304053e-01,-3.174426134066635208e-01,1.088568851408574928e-01,4.428521326033602601e-01,2.982107293891736802e-02,-4.527865399951169767e-01,-4.688651146864939445e-01,-1.974942315330843190e-01,7.868671484182765408e-02,-1.950926907638830532e-01,-2.069050615404242344e-01,-4.161968425706049080e-01,-3.679342209081995496e-01,8.156483080977233735e-02,1.294631514661225558e-01,1.000000000000000000e+00,-1.678813344794197887e-02,-2.462373503313863843e-02,-4.790221688854545690e-01,-4.037816151762928241e-02,2.860280769008227350e-02,-6.191842921866077543e-01,-3.666036522749785975e-01,-3.715287843531035472e-01,-4.059605977639615948e-01,-3.392423674875559847e-01,-4.115976788243619344e-01,-4.113277576663267876e-01,-3.573933998632103926e-01,-3.754946804177826114e-01,-4.002977081898321243e-01,-3.059664373230044365e-01,-4.449817407307779527e-01,-1.089340625620803804e-01,-3.376302331332139278e-02
1.426290843553254008e-02,7.482943183471711668e-02,5.757119985274573165e-02,2.758286422175091346e-01,4.587709572196887464e-01,3.633632436672917104e-02,-3.738461967172189426e-02,-2.680185356583739131e-01,5.046360698048363291e-01,9.839272428769212098e-02,6.197264477577951736e-02,-1.734685576971980170e-01,-1.716216876396820246e-01,3.074143144233542624e-01,-2.559975126263571155e-01,9.943112628253199248e-02,-5.285890208055627100e-03,5.361188436361772336e-01,2.159083961879779967e-01,-1.678813344794197887e-02,1.000000000000000000e+00,-9.702013148361594841e-02,5.322802363922488067e-02,2.648842912683952444e-01,4.745881662575128224e-01,8.127179023036087968e-02,-1.322298086883426649e-01,5.055679954407578391e-02,-9.372852223555594442e-02,2.990115271321497348e-02,-2.330713593545797047e-01,-3.235990262627541029e-03,3.339340018951355432e-02,-4.735001347809678594e-03,-1.803947148451219284e-01,2.013274288396883771e-01,-1.494681001956304697e-02,2.815270221211110813e-01,3.611085006073120468e-02
4.113576272134599754e-01,4.091597658019646699e-01,4.588284283544494246e-01,1.874466440668892953e-01,3.994499501414601195e-01,-1.744672836286998985e-01,6.325642585238493432e-01,-5.080240408463428115e-02,9.861708580783971889e-02,4.070165420847096094e-01,6.955066599681299089e-02,8.104029650937583096e-01,4.902402960573779556e-01,3.270289938011624598e-01,3.277491787525039224e-01,4.844040050531887021e-01,1.611133120566964061e-01,6.016558541993047987e-02,5.802497643988414611e-01,-2.462373503313863843e-02,-9.702013148361594841e-02,1.000000000000000000e+00,4.843533472503064319e-01,1.403185154157387537e-01,-4.516479059348447733e-01,1.836249822119797315e-01,6.812179340713336861e-01,9.596439902706649372e-02,3.295264276346366317e-01,3.101379591451182693e-01,6.712692283124392922e-01,6.669182837362519489e-01,6.127783157388199120e-01,6.162105275282514505e-01,2.458740871413312712e-01,6.212016709301606404e-02,4.649621635712418710e-01,-1.065252733639342891e-01,6.717351900474684001e-01
7.946843941974169878e-01,7.639408631710110642e-01,6.216707298246142432e-01,-8.993558327383134599e-02,5.155610811161774887e-01,2.136421132024718672e-01,1.633359357725485406e-01,-3.512672542019577571e-01,1.449852817952089756e-01,7.522650578649436870e-01,5.124250911643885020e-01,5.943462490353403904e-01,2.020647930688041494e-01,5.324404897702794681e-01,3.563012680157431333e-01,8.023331559876153429e-01,4.954885066410152916e-01,-3.310935739423019608e-02,2.246475767038512428e-01,-4.790221688854545690e-01,5.322802363922488067e-02,4.843533472503064319e-01,1.000000000000000000e+00,2.195398657833967371e-01,-3.051218362064817696e-02,7.153640521062308855e-01,6.443539331913573642e-01,4.330636464329238322e-01,5.692785158187063654e-01,6.004591786611022108e-01,6.447431469640492185e-01,7.733415850395465307e-01,6.347487088580789916e-01,7.196219855997582071e-01,4.950736734891850732e-01,4.147609656400639278e-01,6.966293874179892986e-01,2.063571437209273662e-01,4.202688350300473052e-01
1.054661092475557699e-01,-2.718383585834596716e-02,4.799543012573341261e-01,5.928825243819192681e-02,8.441085487416237487e-02,4.408475307993201531e-01,1.011383137239174057e-01,-4.330002496463443706e-01,-2.589210417793927910e-01,1.559824349971486446e-01,3.871327740736922318e-01,3.357496421305187217e-01,-1.076374759008591059e-01,6.161919518228664572e-01,3.850976383825983063e-01,6.459878029061457512e-04,4.597145594444589367e-01,-1.680456850390814882e-01,-3.818473377844314176e-02,-4.037816151762928241e-02,2.648842912683952444e-01,1.403185154157387537e-01,2.195398657833967371e-01,1.000000000000000000e+00,3.549661163021610166e-01,3.205268538175868875e-01,1.482972094999908674e-01,5.179701960211615663e-01,5.015819126089329227e-01,-8.293937969546996691e-02,2.458922946763598960e-01,2.277467292320038972e-01,5.953343107763562347e-01,2.757913412227544492e-01,4.717403671178944657e-01,9.486403535906293150e-02,4.054457504705800686e-01,-1.192414925732532688e-01,-6.039699459288019184e-02
-9.118662057265967957e-02,-7.314410739496260416e-02,6.620245915288881441e-03,-1.414795989399079620e-02,8.341043189995100970e-02,1.516057771950391486e-01,-1.790073928499358313e-01,-3.572839112318202948e-01,2.495794883700062083e-01,-1.709284287910198957e-02,6.274357633017754732e-02,-3.989125725211659090e-01,-4.319733380603172912e-01,1.403371455527676892e-01,-1.680179937201043694e-01,-6.725607199377564571e-02,-9.277555226272385380e-02,2.159425932856969266e-01,-1.905009244371666521e-01,2.860280769008227350e-02,4.745881662575128224e-01,-4.516479059348447733e-01,-3.051218362064817696e-02,3.549661163021610166e-01,1.000000000000000000e+00,6.312181028192789811e-02,-2.846896432850699044e-01,1.479149506347947618e-01,-1.482051169564097548e-01,-1.427290546510345259e-01,-3.076758978841414027e-01,-2.832341915303543955e-01,-1.520420605999278085e-01,-1.421720002234913016e-01,-1.675299390155904899e-01,1.372910845527339219e-01,-1.115073043373517592e-01,1.923892016385222725e-01,-2.043246549670283130e-01
8.021996086903853129e-01,6.782926316622249763e-01,7.386662172175447738e-01,-1.973600792719833463e-01,4.588164212606598569e-01,4.738126426791341994e-01,-2.125233697178685252e-02,-5.913189259600122316e-01,-4.805105181902748906e-02,6.639074700167245657e-01,6.974850191275925315e-01,4.282451134515991020e-01,8.689592451408474638e-02,6.070257407626332702e-01,5.175029862287359173e-01,5.889830771060385883e-01,7.445727742938690330e-01,-1.201574778540556721e-01,-4.457973962566900289e-02,-6.191842921866077543e-01,8.127179023036087968e-02,1.836249822119797315e-01,7.153640521062308855e-01,3.205268538175868875e-01,6.312181028192789811e-02,1.000000000000000000e+00,5.115503970873519490e-01,7.001055453224772629e-01,7.545484692221391398e-01,5.341658636303922014e-01,5.352298292669626090e-01,6.968133809187692096e-01,6.494689242089680681e-01,6.785199668692507569e-01,6.773871246140508173e-01,5.250075993173539679e-01,7.354296735845948785e-01,2.325387069857392797e-01,4.208427931124241600e-02
7.475292200881288318e-01,6.445349854357813602e-01,6.973360721740927692e-01,-1.965108654417140610e-01,4.451260048375114131e-01,-2.294277645852152783e-02,5.147667890458190731e-01,-3.555792718409902520e-01,6.736741071596016872e-02,5.917544206982385813e-01,4.545335860565449249e-01,7.969648340491235494e-01,3.351959491462542240e-01,4.177420080667464952e-01,3.935535353108956524e-01,5.921544306682596792e-01,3.227800597471210398e-01,-1.018556316959828567e-01,2.389870935603032875e-01,-3.666036522749785975e-01,-1.322298086883426649e-01,6.812179340713336861e-01,6.443539331913573642e-01,1.482972094999908674e-01,-2.846896432850699044e-01,5.115503970873519490e-01,1.000000000000000000e+00,2.963939243166884840e-01,4.504507390234077091e-01,2.851055665422410623e-01,8.907885616876221047e-01,8.142562320094192119e-01,6.754367631375198799e-01,8.455153124791533470e-01,3.980743974649058048e-01,1.417630089419025519e-01,6.989480579082085754e-01,-1.068397835521362055e-01,7.083407242544526028e-01
4.306762864667103563e-01,3.456773106634335457e-01,6.387031197823724860e-01,3.983227496523718963e-02,2.707840090183752380e-01,4.588710662465284029e-01,9.078189948338673612e-03,-4.727712041027365975e-01,-2.223581030335655129e-01,4.549267171065452531e-01,4.254393894378343810e-01,3.794798087412400989e-01,1.283660008839868916e-01,5.246056071429227030e-01,5.495531105969557739e-01,3.361346788430980559e-01,6.012571181209506177e-01,-1.528041942784070517e-01,-4.384976416655186893e-02,-3.715287843531035472e-01,5.055679954407578391e-02,9.596439902706649372e-02,4.330636464329238322e-01,5.179701960211615663e-01,1.479149506347947618e-01,7.001055453224772629e-01,2.963939243166884840e-01,1.000000000000000000e+00,6.447870875468187934e-01,3.535000127441783047e-01,3.540352776705911753e-01,4.625312302401450859e-01,6.037943689180698126e-01,4.810281162761750884e-01,6.116405582800469309e-01,3.900223566999303504e-01,5.640574965531595097e-01,1.169675452070413624e-01,-1.157003813366749012e-01
5.709677874830585420e-01,4.213985177868700971e-01,6.739212162259540229e-01,-1.811020666379774546e-01,1.506658166908524665e-01,6.562666415877415060e-01,3.670365609291661307e-02,-4.048546243274138146e-01,-4.209302656495477746e-01,5.367300021096202967e-01,6.815595674832474193e-01,5.767378118224306682e-01,1.345055704319924605e-01,6.180862190822481450e-01,6.904149676576979422e-01,3.785228669707351168e-01,8.540760459336425026e-01,-4.158067773983482041e-01,-6.742860064111529106e-02,-4.059605977639615948e-01,-9.372852223555594442e-02,3.295264276346366317e-01,5.692785158187063654e-01,5.015819126089329227e-01,-1.482051169564097548e-01,7.545484692221391398e-01,4.504507390234077091e-01,6.447870875468187934e-01,1.000000000000000000e+00,4.280552012220170677e-01,5.689345561942475982e-01,6.711216931022776500e-01,7.771915648817209199e-01,5.975068763531055094e-01,9.056079434276886886e-01,3.864470197395373785e-01,8.041403315953981057e-01,-3.582589069363385781e-02,-5.538750880621615136e-02
5.467908202752962410e-01,6.753826791385423300e-01,3.246914619014857895e-01,9.529059078659347926e-02,4.205774561742164352e-01,2.473941318162604930e-01,-2.843580211153349038e-02,-1.100807888582038818e-01,1.222024292316890998e-01,7.232145211792385675e-01,2.256651836156438329e-01,3.231923996511719688e-01,2.359146914065912981e-01,3.875797762171663274e-01,3.035350314419176243e-01,7.656457186036667029e-01,3.682919067530915358e-01,6.969041491645280861e-02,2.423695560742489263e-01,-3.392423674875559847e-01,2.990115271321497348e-02,3.101379591451182693e-01,6.004591786611022108e-01,-8.293937969546996691e-02,-1.427290546510345259e-01,5.341658636303922014e-01,2.851055665422410623e-01,3.535000127441783047e-01,4.280552012220170677e-01,1.000000000000000000e+00,2.907643207361814697e-01,5.140052114272287698e-01,3.705485200216893649e-01,3.964669021880328770e-01,3.866786954454337621e-01,6.461205512530825423e-01,4.305400336425233565e-01,4.012934756383646495e-01,1.125730711060514699e-01
6.698099125947789556e-01,5.841525633879137702e-01,7.646068467951153691e-01,-2.620585593377344757e-01,2.959236231403348794e-01,1.564279202013554027e-01,4.909441146443605519e-01,-4.239066588773405808e-01,-1.371775448466029668e-01,6.016673939010587224e-01,5.161338832322009962e-01,8.067327687410027481e-01,2.640499902669776189e-01,4.620039659990312630e-01,4.962007643320044403e-01,5.497437742426161122e-01,4.110526954077753925e-01,-2.509159701100687756e-01,1.399853933659165328e-01,-4.115976788243619344e-01,-2.330713593545797047e-01,6.712692283124392922e-01,6.447431469640492185e-01,2.458922946763598960e-01,-3.076758978841414027e-01,5.352298292669626090e-01,8.907885616876221047e-01,3.540352776705911753e-01,5.689345561942475982e-01,2.907643207361814697e-01,1.000000000000000000e+00,7.947217820948410116e-01,7.559894189273266285e-01,8.199696942932462873e-01,5.608667334164312290e-01,2.070465846981706937e-01,7.544414229033439279e-01,-2.510289445830269361e-01,5.640673797793891442e-01
7.998040327488751267e-01,7.650627728566208319e-01,7.096660526600379049e-01,-4.078749063210208164e-02,5.406653162386495515e-01,2.174185203485479723e-01,3.345238348666589867e-01,-3.367289992713677904e-01,4.569074210659226226e-02,7.170370774016775473e-01,5.458908088325233887e-01,7.990899520234149289e-01,3.942930484772375066e-01,6.066625327539894030e-01,5.088219227434003233e-01,7.259476143525340763e-01,5.962880553246520110e-01,-5.587188319914462159e-02,3.099213184823260137e-01,-4.113277576663267876e-01,-3.235990262627541029e-03,6.669182837362519489e-01,7.733415850395465307e-01,2.277467292320038972e-01,-2.832341915303543955e-01,6.968133809187692096e-01,8.142562320094192119e-01,4.625312302401450859e-01,6.711216931022776500e-01,5.140052114272287698e-01,7.947217820948410116e-01,1.000000000000000000e+00,7.704566462696703644e-01,8.497052203395526471e-01,5.841132049502915091e-01,3.573774504509465433e-01,8.467827468524856682e-01,7.423772159590032171e-02,4.933612094337020415e-01
5.917469534924946206e-01,4.831916241315645788e-01,8.150490529674051521e-01,-8.133112411814719112e-02,3.414080363599698020e-01,4.220915911433940626e-01,3.081106997870710629e-01,-4.939578727535366975e-01,-2.483451707162496747e-01,5.752629033480832765e-01,5.593070274197788905e-01,7.934235513049330280e-01,2.763255085294646363e-01,6.772693381706101912e-01,6.141034705106671598e-01,5.019012434451746163e-01,6.470877659619398425e-01,-2.349992767462345533e-01,1.493340218568273703e-01,-3.573933998632103926e-01,3.339340018951355432e-02,6.127783157388199120e-01,6.347487088580789916e-01,5.953343107763562347e-01,-1.520420605999278085e-01,6.494689242089680681e-01,6.754367631375198799e-01,6.037943689180698126e-01,7.771915648817209199e-01,3.705485200216893649e-01,7.559894189273266285e-01,7.704566462696703644e-01,1.000000000000000000e+00,7.449310957319510429e-01,7.421555153209145050e-01,3.327895535957957063e-01,7.980942264315515899e-01,-1.379751164247894901e-01,2.801458110789326605e-01
7.672751585059048862e-01,6.744842799838394187e-01,7.849029239146743109e-01,-1.381274660303558888e-01,5.663817557640173916e-01,1.483464065891119676e-01,4.392111267543709618e-01,-4.913442804214412929e-01,7.981992760504022510e-02,6.341057154463171086e-01,5.339633388254834134e-01,7.788503157344630612e-01,3.324396816588814918e-01,5.812204609684610279e-01,5.460241227932086661e-01,6.161191875634414172e-01,5.055308676753680341e-01,-7.155383528141155691e-02,2.020836179150279910e-01,-3.754946804177826114e-01,-4.735001347809678594e-03,6.162105275282514505e-01,7.196219855997582071e-01,2.757913412227544492e-01,-1.421720002234913016e-01,6.785199668692507569e-01,8.455153124791533470e-01,4.810281162761750884e-01,5.975068763531055094e-01,3.964669021880328770e-01,8.199696942932462873e-01,8.497052203395526471e-01,7.449310957319510429e-01,1.000000000000000000e+00,5.143364645204222541e-01,3.430983358893888724e-01,7.858698358554198071e-01,-4.664927823420331188e-02,5.552177924411949572e-01
4.651816173579441105e-01,3.579038500816264512e-01,6.341549331370871512e-01,-2.970126463921891058e-01,-3.402903203491079026e-02,7.310340806770349031e-01,-2.008253676246584199e-02,-3.911359552055024280e-01,-5.929432045532269102e-01,4.825359865463570985e-01,6.793732220699517654e-01,5.118200856596226700e-01,1.085017356962326984e-01,5.248541082668760627e-01,6.904933655357872180e-01,3.294743327637303931e-01,8.029748098309403836e-01,-5.701939779921104678e-01,-2.361225617238399965e-01,-4.002977081898321243e-01,-1.803947148451219284e-01,2.458740871413312712e-01,4.950736734891850732e-01,4.717403671178944657e-01,-1.675299390155904899e-01,6.773871246140508173e-01,3.980743974649058048e-01,6.116405582800469309e-01,9.056079434276886886e-01,3.866786954454337621e-01,5.608667334164312290e-01,5.841132049502915091e-01,7.421555153209145050e-01,5.143364645204222541e-01,1.000000000000000000e+00,3.818798299635887683e-01,7.696698523035077066e-01,-2.020785456229361177e-01,-1.639221679904942774e-01
3.649891541664394001e-01,5.494608218943265454e-01,4.341166931757442504e-01,-1.109602823949842471e-01,3.522512067597221574e-01,4.676683066002467748e-01,-8.751395834976384569e-02,-4.874720145131651861e-01,7.380084039830052400e-02,6.000522786361772720e-01,3.890560779264707891e-01,9.031765885929324278e-02,3.300922334149153370e-02,5.061355751154544835e-01,2.857426641340630735e-01,5.314501280070391687e-01,3.648641713289703659e-01,6.724640998762346222e-02,-2.697560897845544675e-02,-3.059664373230044365e-01,2.013274288396883771e-01,6.212016709301606404e-02,4.147609656400639278e-01,9.486403535906293150e-02,1.372910845527339219e-01,5.250075993173539679e-01,1.417630089419025519e-01,3.900223566999303504e-01,3.864470197395373785e-01,6.461205512530825423e-01,2.070465846981706937e-01,3.573774504509465433e-01,3.327895535957957063e-01,3.430983358893888724e-01,3.818798299635887683e-01,1.000000000000000000e+00,3.978037530082139672e-01,1.855470350135945135e-01,-1.002128559269671731e-01
7.084962225204164410e-01,6.519262652278329240e-01,7.301933110707095054e-01,-2.193792569593264741e-01,3.225086931980583049e-01,5.077288003069559963e-01,1.816515283509554657e-01,-4.389590081150043788e-01,-2.068460814439634365e-01,6.824299871081895841e-01,7.248579586203114378e-01,6.790682457215223566e-01,2.025656694768842303e-01,6.532845799376393314e-01,5.805316022524711350e-01,5.923014540193166644e-01,7.278543967214103905e-01,-2.879294633336485498e-01,4.797245671521899180e-03,-4.449817407307779527e-01,-1.494681001956304697e-02,4.649621635712418710e-01,6.966293874179892986e-01,4.054457504705800686e-01,-1.115073043373517592e-01,7.354296735845948785e-01,6.989480579082085754e-01,5.640574965531595097e-01,8.041403315953981057e-01,4.305400336425233565e-01,7.544414229033439279e-01,8.467827468524856682e-01,7.980942264315515899e-01,7.858698358554198071e-01,7.696698523035077066e-01,3.978037530082139672e-01,1.000000000000000000e+00,-7.505053554759094636e-02,2.423683838148405767e-01
3.095929851893896023e-01,3.119436380691706368e-01,-1.392980105510320532e-01,3.730007057784311963e-01,4.718000015946331449e-01,-1.522991879737358445e-01,-1.963815124991463990e-01,1.387223432476876184e-01,5.723920794276873281e-01,2.660088192203942103e-01,-1.031749388508441251e-01,-1.308909407835029681e-01,-8.439059452820854568e-02,1.646108726818983348e-01,-1.885561536555555584e-01,2.973397423062186240e-01,4.737430617419442075e-02,5.162819455500041732e-01,3.954909163670659034e-01,-1.089340625620803804e-01,2.815270221211110813e-01,-1.065252733639342891e-01,2.063571437209273662e-01,-1.192414925732532688e-01,1.923892016385222725e-01,2.325387069857392797e-01,-1.068397835521362055e-01,1.169675452070413624e-01,-3.582589069363385781e-02,4.012934756383646495e-01,-2.510289445830269361e-01,7.423772159590032171e-02,-1.379751164247894901e-01,-4.664927823420331188e-02,-2.020785456229361177e-01,1.855470350135945135e-01,-7.505053554759094636e-02,1.000000000000000000e+00,4.814569570492508582e-02
4.360691715859240647e-01,4.137223244693887247e-01,3.035880485132588791e-01,1.630530451341909715e-01,5.397751622377808811e-01,-4.973079036077366344e-01,6.138407423557104003e-01,-5.453645691776447951e-02,4.931888184903761019e-01,3.544219011846043710e-01,-1.951462651944851565e-02,5.928892275210109197e-01,2.619475561753143444e-01,1.956109173271230739e-01,-3.550089744089234001e-02,4.300730687834060650e-01,-1.868289152216768001e-01,3.040095624326705215e-01,5.235103994373508929e-01,-3.376302331332139278e-02,3.611085006073120468e-02,6.717351900474684001e-01,4.202688350300473052e-01,-6.039699459288019184e-02,-2.043246549670283130e-01,4.208427931124241600e-02,7.083407242544526028e-01,-1.157003813366749012e-01,-5.538750880621615136e-02,1.125730711060514699e-01,5.640673797793891442e-01,4.933612094337020415e-01,2.801458110789326605e-01,5.552177924411949572e-01,-1.639221679904942774e-01,-1.002128559269671731e-01,2.423683838148405767e-01,4.814569570492508582e-02,1.000000000000000000e+00
