1.000000000000000000e+00,8.770999029243786715e-01,1.510950883202089590e-01,-5.772150268313294141e-01,4.152117611632373251e-01,7.397440951425747757e-01,6.293243552798313267e-01,2.300221852128760403e-01,1.897253134482708437e-01,8.693698703400803973e-01,6.656947204912400107e-01,2.576710324864573409e-01,-8.398472741236565065e-02,7.892407088407425997e-01,-5.077513948269084532e-01,7.411193760227430261e-01,7.018702621842747291e-01,-2.142265351627336833e-01,-3.216344927160176836e-01,-4.504113383796709558e-01,5.589332662744049829e-01,5.833087147755952051e-01,6.599439812496703528e-01,1.863654225928366159e-01,6.248947974782367298e-01,7.366617111932595163e-01,6.995272089894576384e-01,6.257575123733924993e-01,8.563955652793937556e-01,7.303182142107494945e-01,5.795142768495880059e-01,7.184054610818875197e-01,5.244262807755142308e-01,-3.817524896837394821e-01,6.065177056358006524e-01,2.756229216552570915e-01,6.636666532013996145e-01,2.543484352829452066e-01,2.092381089704757058e-01
8.770999029243786715e-01,1.000000000000000000e+00,6.598408888366373570e-02,-7.241924513026465338e-01,3.466224953940761910e-01,8.028368171856166136e-01,8.270164482217400304e-01,3.898914859664930344e-01,1.430269378661640570e-02,8.510928942322585344e-01,7.893079210206045415e-01,4.038764940862937802e-01,-1.971689283586414154e-01,8.045770818303528138e-01,-7.145179383471805812e-01,7.450537353447752587e-01,7.495846519287628906e-01,-4.519021227417935882e-01,-4.788187486498607925e-01,-6.757478424484824053e-01,6.125244101281296372e-01,7.533773111156469859e-01,6.655046908494871571e-01,1.729500014760066706e-01,6.105436437796994964e-01,5.683109247017916754e-01,8.417606807063553465e-01,5.392746647552256745e-01,8.505781055762939857e-01,5.634806717724845093e-01,7.661995277714532815e-01,8.708603100402596553e-01,6.134903760294794228e-01,-5.653913373192516190e-01,7.169783204970712198e-01,4.584920471766710248e-01,7.553513009338473916e-01,5.185392071710400591e-02,1.572160525012809285e-01
1.510950883202089590e-01,6.598408888366373570e-02,1.000000000000000000e+00,1.204591778207028327e-02,8.641771284284677224e-01,-1.042297572033140836e-02,4.421161512493370499e-02,-5.897558590777693954e-01,8.209928878368289995e-01,2.415705779079632964e-01,1.339208623204715953e-01,-5.199102777067204917e-02,-4.862185328846110183e-02,4.022392744010765409e-01,1.463895516531674990e-01,3.438389243746906021e-01,1.413695990151442872e-01,3.430298700903779419e-01,3.996921938754764980e-01,2.515172551035644855e-01,6.046177842385865031e-02,-3.137013073845860978e-02,4.989510423149183804e-01,5.599854469570106907e-01,5.014884333462215071e-01,4.939534253892397531e-01,1.553053240946131175e-01,4.011092638923803300e-01,9.875922292930333635e-02,4.789222740592969929e-01,-6.132546287058734252e-02,9.347980514345949343e-02,1.541364780673744883e-01,5.471541863235526160e-01,3.739374375828018876e-02,1.972520169836408099e-01,2.858058420372520253e-02,6.095637416495148786e-01,5.289672606429197677e-01
-5.772150268313294141e-01,-7.241924513026465338e-01,1.204591778207028327e-02,1.000000000000000000e+00,-1.838371144512120636e-01,-7.390406264895570398e-01,-7.676025342482923897e-01,-6.434443853263992485e-01,2.323091997432013001e-01,-5.344392671911635251e-01,-8.856514205213078528e-01,-1.255887826433821908e-01,3.343083749236804847e-01,-6.811904591424543520e-01,8.822687506276949421e-01,-3.769784761708815934e-01,-8.342537856141459818e-01,7.524741938292532906e-01,7.681632110640945754e-01,7.884612466523738261e-01,-8.372576537391075435e-01,-8.441291462759996644e-01,-4.174591477505468773e-01,-2.277883563114280474e-01,-5.063361187451372869e-01,-3.366979415456047287e-01,-8.311070868739017792e-01,-5.777168595354609248e-01,-7.583480169490794953e-01,-2.686620394498639985e-01,-8.621496129499824912e-01,-8.484611133096778834e-01,-8.217431253131209923e-01,7.346270136102837078e-01,-8.573581971845829486e-01,-5.732784324515347585e-01,-7.762829979259280311e-01,7.312791504274330535e-03,3.090440338952121224e-01
4.152117611632373251e-01,3.466224953940761910e-01,8.641771284284677224e-01,-1.838371144512120636e-01,1.000000000000000000e+00,2.203280857598637343e-01,2.614003624111979063e-01,-4.236280560053307109e-01,7.864649572985392689e-01,4.974446664361664716e-01,3.637271780519835684e-01,1.013090880149070394e-01,-1.337366234865747239e-01,6.138788459936570518e-01,-6.277501871955759594e-02,5.619504510460854307e-01,3.559386961019328499e-01,2.108228783855492783e-01,2.320589208854222096e-01,4.338668914847713942e-02,2.315474653691992069e-01,1.820291635781721706e-01,6.361174002800862315e-01,5.764014041590010962e-01,6.248379600321963823e-01,6.474769634963838394e-01,3.890679968704114922e-01,5.565841739940351474e-01,3.413430556702422569e-01,6.567568259285633259e-01,1.694162003590174992e-01,3.275913510938560091e-01,3.142235439831248534e-01,3.482779256467399276e-01,2.385886729220736691e-01,2.785005627448955412e-01,2.405938178716425513e-01,5.742302281223409244e-01,5.456680110243035120e-01
7.397440951425747757e-01,8.028368171856166136e-01,-1.042297572033140836e-02,-7.390406264895570398e-01,2.203280857598637343e-01,1.000000000000000000e+00,7.507726568227207631e-01,4.749466634150156241e-01,-1.343220683672427251e-01,6.799676411175327173e-01,7.848792451423345362e-01,2.926794389776996574e-01,-1.654527356620040524e-01,7.315423332419027647e-01,-7.211753484527596569e-01,5.434647224176643032e-01,8.302497905387078436e-01,-5.069810859203365272e-01,-5.527324138494241756e-01,-6.343607027480656635e-01,6.773087647945292833e-01,7.663109466537836312e-01,5.464400888017735269e-01,1.750925526308200475e-01,5.268662219608101216e-01,4.670197713478356771e-01,8.277736685068819433e-01,5.019455037268644171e-01,8.314233979682794651e-01,3.586856976210119896e-01,8.000517150742901817e-01,8.349713577530293307e-01,7.456784746116548179e-01,-6.396360312614520760e-01,8.181893330554640409e-01,5.306835747412318449e-01,8.902079165813340245e-01,-1.750567390058276399e-02,-8.326836834039132162e-02
6.293243552798313267e-01,8.270164482217400304e-01,4.421161512493370499e-02,-7.676025342482923897e-01,2.614003624111979063e-01,7.507726568227207631e-01,1.000000000000000000e+00,5.148656442470294081e-01,-1.024705599216175073e-01,6.772319793362819862e-01,8.192191303329202645e-01,4.832204221695578505e-01,-3.128328577040588310e-01,6.905453029738553017e-01,-8.164519059412702617e-01,6.224495130506854101e-01,7.064944062136100378e-01,-6.100600632840270654e-01,-5.274463590691413906e-01,-7.484746841825671293e-01,6.611466073414473676e-01,8.644511099462464099e-01,5.734399272837450434e-01,2.157703102101860837e-01,5.268696387298169581e-01,3.075875020779259006e-01,8.740331738645576998e-01,4.646427631888308540e-01,7.255857804925550658e-01,3.178373583484289666e-01,8.543270700323223332e-01,8.826359614060368397e-01,6.887453685165256800e-01,-6.302775114741645535e-01,7.722781012325660166e-01,6.064477118697150226e-01,7.704025545202309866e-01,-1.278953530305578790e-01,1.440222581271887077e-02
2.300221852128760403e-01,3.898914859664930344e-01,-5.897558590777693954e-01,-6.434443853263992485e-01,-4.236280560053307109e-01,4.749466634150156241e-01,5.148656442470294081e-01,1.000000000000000000e+00,-7.048821714588845433e-01,1.918364433658112100e-01,5.381748128547710897e-01,2.091269109468540666e-01,-1.981712949674193924e-01,1.953893220751577176e-01,-7.026068699903204040e-01,3.845904867494866902e-02,5.000281711234182414e-01,-7.768825593168882104e-01,-7.944032432841964253e-01,-6.565385928501751289e-01,6.456312412132414469e-01,6.909203228587902368e-01,-3.793331406092974312e-02,-1.105725665173821065e-01,5.823050179431397272e-02,-1.203103687960082324e-01,4.600510454793619308e-01,2.213154143142285202e-01,4.478199993877123308e-01,-1.867077252966964640e-01,6.221312506993683655e-01,5.084368454484988753e-01,5.587727927795679284e-01,-8.532067159447982441e-01,6.318868300861201215e-01,3.423444283202535798e-01,5.172710799555240158e-01,-3.191693746649832408e-01,-5.705057419014135656e-01
1.897253134482708437e-01,1.430269378661640570e-02,8.209928878368289995e-01,2.323091997432013001e-01,7.864649572985392689e-01,-1.343220683672427251e-01,-1.024705599216175073e-01,-7.048821714588845433e-01,1.000000000000000000e+00,2.364462997175743042e-01,-6.237316565881623892e-02,-6.921542978763881027e-02,-5.177820731370191831e-02,2.461471757455557241e-01,3.797354005872779492e-01,3.405524905499306421e-01,-4.911791958614131204e-02,6.143572101126176799e-01,6.110407494089833413e-01,4.645881348459258708e-01,-1.540210382536875422e-01,-2.448713005556586442e-01,3.721830000036202568e-01,3.931441404270487605e-01,3.207546027399811872e-01,5.363468893120139080e-01,-2.180638887607899441e-03,3.504596258162801514e-01,2.864013425882590627e-02,5.979862745343064168e-01,-2.318378824686484208e-01,-9.344746034416452629e-02,-1.157417315986163514e-01,7.136085394642880386e-01,-2.094909135053794891e-01,-1.076113910780404220e-01,-1.333155979512412881e-01,6.024877959301763175e-01,6.598581523977257168e-01
8.693698703400803973e-01,8.510928942322585344e-01,2.415705779079632964e-01,-5.344392671911635251e-01,4.974446664361664716e-01,6.799676411175327173e-01,6.772319793362819862e-01,1.918364433658112100e-01,2.364462997175743042e-01,1.000000000000000000e+00,6.463701647295596597e-01,3.636924118003682649e-01,-1.610936165462626413e-01,7.754547553544517413e-01,-5.068110709423752080e-01,8.757373974134040617e-01,6.613213338266343833e-01,-2.331099060907654008e-01,-3.004265226309525416e-01,-4.519256964861529391e-01,5.393608812246436512e-01,5.945758108277057197e-01,6.956028447611560805e-01,2.504200080119081129e-01,6.523263295683097152e-01,6.822924173278829274e-01,7.110445960529565568e-01,5.856458081388750125e-01,7.970017239498592421e-01,7.095163690643790932e-01,5.859391222808151278e-01,7.156319648407081235e-01,5.081619073506119522e-01,-3.307851219019946054e-01,5.860663200592254318e-01,3.743220102422036288e-01,6.610936903979559576e-01,2.286173465088241485e-01,2.646196431426700024e-01
6.656947204912400107e-01,7.893079210206045415e-01,1.339208623204715953e-01,-8.856514205213078528e-01,3.637271780519835684e-01,7.848792451423345362e-01,8.192191303329202645e-01,5.381748128547710897e-01,-6.237316565881623892e-02,6.463701647295596597e-01,1.000000000000000000e+00,2.910562686584438619e-01,-2.364340860084938878e-01,8.002728557636760165e-01,-8.596213508464911612e-01,5.276701690455067872e-01,8.963060892481972131e-01,-6.675455832586232319e-01,-6.496079517391268876e-01,-7.679306700249436402e-01,8.177963938387755594e-01,8.727777910768236280e-01,5.748436035240641617e-01,3.832167656632486930e-01,6.789008931360910326e-01,4.317758248881193306e-01,8.991443416218387608e-01,6.278287047869322013e-01,7.891410984745050872e-01,3.923981708811883351e-01,8.497300359536694714e-01,9.046285084112620778e-01,8.488536066408829406e-01,-6.454929116556732405e-01,8.791175234189709808e-01,6.454170081698178407e-01,8.086422556130572481e-01,9.249423251575847327e-02,-9.727518366691532969e-02
2.576710324864573409e-01,4.038764940862937802e-01,-5.199102777067204917e-02,-1.255887826433821908e-01,1.013090880149070394e-01,2.926794389776996574e-01,4.832204221695578505e-01,2.091269109468540666e-01,-6.921542978763881027e-02,3.636924118003682649e-01,2.910562686584438619e-01,1.000000000000000000e+00,2.041745827158592680e-02,2.758941846430771339e-01,-2.860226710773351444e-01,4.294547276294810589e-01,1.629408350652523374e-01,-1.931320523757109053e-01,-7.404718718332847782e-02,-3.851085054169375854e-01,6.519379488915902354e-02,4.390008723244160360e-01,4.448621677229250282e-01,1.494929116604977737e-01,2.384074856168070244e-01,-6.585376203226196712e-02,4.097363488028289424e-01,-1.062870562571745781e-01,1.503593830987927926e-01,-2.379740530463898482e-03,3.464259283843367232e-01,4.261647587075121368e-01,2.021004407470916031e-01,-2.351126763606823933e-01,2.371198241835917875e-01,4.447278327629161088e-01,2.921123294214035826e-01,-1.625363124494358658e-01,4.257027430564848669e-01
-8.398472741236565065e-02,-1.971689283586414154e-01,-4.862185328846110183e-02,3.343083749236804847e-01,-1.337366234865747239e-01,-1.654527356620040524e-01,-3.128328577040588310e-01,-1.981712949674193924e-01,-5.177820731370191831e-02,-1.610936165462626413e-01,-2.364340860084938878e-01,2.041745827158592680e-02,1.000000000000000000e+00,-1.362308040744315274e-01,2.722988311998038591e-01,-1.770777792579285859e-01,-1.495938348683329422e-01,2.026016865830096436e-01,1.794466890367085732e-01,1.717087687927975614e-01,-3.117228355567497333e-01,-2.787352828870611754e-01,-1.687919827748587606e-02,-3.519992107288360400e-02,-6.707753239541390522e-02,-1.339218667022016862e-01,-2.925964198848587938e-01,-3.262786436770150345e-01,-2.435624540031781082e-01,-1.114830687939908083e-01,-4.569868548507262651e-01,-2.230201675363152614e-01,-1.801344354110032686e-01,1.708883526745842429e-01,-2.352244459918262365e-01,-1.336721411377562174e-01,-2.584619303227246312e-01,-5.168843032330524764e-03,7.389223720095350334e-02
7.892407088407425997e-01,8.045770818303528138e-01,4.022392744010765409e-01,-6.811904591424543520e-01,6.138788459936570518e-01,7.315423332419027647e-01,6.905453029738553017e-01,1.953893220751577176e-01,2.461471757455557241e-01,7.754547553544517413e-01,8.002728557636760165e-01,2.758941846430771339e-01,-1.362308040744315274e-01,1.000000000000000000e+00,-6.378773724417678981e-01,6.874087275714564349e-01,8.227375154192271278e-01,-3.707402886110560680e-01,-3.983265770243110682e-01,-5.535795274739613303e-01,6.614053834583276670e-01,6.822684922851414147e-01,7.867011073437322199e-01,5.369471789615957169e-01,8.289861032637858562e-01,6.591183308824952736e-01,8.090166859529445142e-01,6.637795909767499891e-01,7.851339765622136202e-01,6.515826142589801195e-01,6.600493754027108029e-01,8.302217313240943808e-01,7.135443899070239571e-01,-3.636213016983775859e-01,7.720178401130722845e-01,5.909593740361389624e-01,7.456336595273584944e-01,3.033988289554572781e-01,1.704984855522609366e-01
-5.077513948269084532e-01,-7.145179383471805812e-01,1.463895516531674990e-01,8.822687506276949421e-01,-6.277501871955759594e-02,-7.211753484527596569e-01,-8.164519059412702617e-01,-7.026068699903204040e-01,3.797354005872779492e-01,-5.068110709423752080e-01,-8.596213508464911612e-01,-2.860226710773351444e-01,2.722988311998038591e-01,-6.378773724417678981e-01,1.000000000000000000e+00,-3.946837274298818365e-01,-7.710112840526560651e-01,8.722380836695489137e-01,8.288676474273610761e-01,9.002523435586887723e-01,-7.570085076351498188e-01,-8.708666838325898052e-01,-4.265745961219215010e-01,-2.270051039917732050e-01,-4.925314933169441800e-01,-1.392405418011295470e-01,-8.405249022515947077e-01,-3.943136934884046152e-01,-6.620096776964879970e-01,-1.682928123619508720e-01,-8.877585785798013385e-01,-8.647977753377620314e-01,-7.712275069799190419e-01,8.287361525023354547e-01,-8.556854367919717319e-01,-6.376891412243816948e-01,-7.967196057471134241e-01,2.255930701224035106e-01,3.396439298021802777e-01
7.411193760227430261e-01,7.450537353447752587e-01,3.438389243746906021e-01,-3.769784761708815934e-01,5.619504510460854307e-01,5.434647224176643032e-01,6.224495130506854101e-01,3.845904867494866902e-02,3.405524905499306421e-01,8.757373974134040617e-01,5.276701690455067872e-01,4.294547276294810589e-01,-1.770777792579285859e-01,6.874087275714564349e-01,-3.946837274298818365e-01,1.000000000000000000e+00,4.913257326895017485e-01,-1.503729364468228968e-01,-1.196909584269156557e-01,-3.754401241678867462e-01,3.645257446693508929e-01,4.840905548224477273e-01,7.342912010592228533e-01,2.984606297024517407e-01,6.404001913607572094e-01,6.062541157846158546e-01,6.180854597149757490e-01,4.831737092349422391e-01,6.363049944469827413e-01,6.817306125387671001e-01,4.824554472911201652e-01,6.126085096871024538e-01,3.730631640884811695e-01,-1.620110710462534798e-01,4.526863800803931359e-01,3.969411155645155009e-01,5.222674301977331401e-01,2.321018423533735275e-01,4.051036412908509687e-01
7.018702621842747291e-01,7.495846519287628906e-01,1.413695990151442872e-01,-8.342537856141459818e-01,3.559386961019328499e-01,8.302497905387078436e-01,7.064944062136100378e-01,5.000281711234182414e-01,-4.911791958614131204e-02,6.613213338266343833e-01,8.963060892481972131e-01,1.629408350652523374e-01,-1.495938348683329422e-01,8.227375154192271278e-01,-7.710112840526560651e-01,4.913257326895017485e-01,1.000000000000000000e+00,-5.793714890945198537e-01,-6.506141539811757246e-01,-6.542345292745731511e-01,8.350306081453138241e-01,7.974347597361174378e-01,5.457734205984969833e-01,3.731299512100711424e-01,6.650641941935403478e-01,5.396659351144418304e-01,8.358805194095813018e-01,6.848784763915539697e-01,8.273235779192995576e-01,4.352983018532872173e-01,7.813141978883225702e-01,8.452153128048741637e-01,8.649609288739348312e-01,-6.102961591590618795e-01,8.833277339368812431e-01,5.847702568523346356e-01,8.498251324094280301e-01,1.872291387916069638e-01,-1.780695487215088191e-01
-2.142265351627336833e-01,-4.519021227417935882e-01,3.430298700903779419e-01,7.524741938292532906e-01,2.108228783855492783e-01,-5.069810859203365272e-01,-6.100600632840270654e-01,-7.768825593168882104e-01,6.143572101126176799e-01,-2.331099060907654008e-01,-6.675455832586232319e-01,-1.931320523757109053e-01,2.026016865830096436e-01,-3.707402886110560680e-01,8.722380836695489137e-01,-1.503729364468228968e-01,-5.793714890945198537e-01,1.000000000000000000e+00,8.764575337565830848e-01,8.575846132944608957e-01,-6.262766453882834261e-01,-7.217312787130405471e-01,-1.812369872127770343e-01,-1.318995338177827714e-01,-2.805975624166124338e-01,1.426703377415657059e-01,-6.064956496136555408e-01,-1.633104961529174837e-01,-4.182902637061215456e-01,1.003423661063145150e-01,-7.174862046200349841e-01,-6.469630543384049526e-01,-6.444276635645878049e-01,8.375665568477436151e-01,-7.158494614969077574e-01,-5.929139621446620767e-01,-6.042438947895724111e-01,3.224916583999636321e-01,5.459066477975814680e-01
-3.216344927160176836e-01,-4.788187486498607925e-01,3.996921938754764980e-01,7.681632110640945754e-01,2.320589208854222096e-01,-5.527324138494241756e-01,-5.274463590691413906e-01,-7.944032432841964253e-01,6.110407494089833413e-01,-3.004265226309525416e-01,-6.496079517391268876e-01,-7.404718718332847782e-02,1.794466890367085732e-01,-3.983265770243110682e-01,8.288676474273610761e-01,-1.196909584269156557e-01,-6.506141539811757246e-01,8.764575337565830848e-01,1.000000000000000000e+00,7.875122989688947417e-01,-6.872395496588028507e-01,-6.898398306555323378e-01,-1.303836559916291826e-01,-6.285677031106508272e-02,-2.453562127068670828e-01,-1.257918913507858130e-02,-5.778213227464027435e-01,-2.667919649509807867e-01,-5.051488323653060553e-01,2.027630644599196647e-02,-7.048743045292551468e-01,-6.232220283154877860e-01,-6.506204068407357433e-01,8.579720946175892760e-01,-7.171062073238624324e-01,-4.484877738896428379e-01,-6.539984001366526689e-01,2.372139047562553393e-01,6.260818674820982643e-01
-4.504113383796709558e-01,-6.757478424484824053e-01,2.515172551035644855e-01,7.884612466523738261e-01,4.338668914847713942e-02,-6.343607027480656635e-01,-7.484746841825671293e-01,-6.565385928501751289e-01,4.645881348459258708e-01,-4.519256964861529391e-01,-7.679306700249436402e-01,-3.851085054169375854e-01,1.717087687927975614e-01,-5.535795274739613303e-01,9.002523435586887723e-01,-3.754401241678867462e-01,-6.542345292745731511e-01,8.575846132944608957e-01,7.875122989688947417e-01,1.000000000000000000e+00,-5.669574775656743837e-01,-7.666149459456408355e-01,-4.192128903855479871e-01,-1.556620833492559641e-01,-4.395234974646193837e-01,-1.366453053760039761e-02,-7.504184297243722268e-01,-1.798644605561291743e-01,-5.385551498538629911e-01,-8.262997575232240710e-02,-7.937109348916009388e-01,-8.089927891125814341e-01,-6.128690124083426838e-01,8.233239002951765473e-01,-7.404008813974811698e-01,-6.370654290076356308e-01,-6.754734746936794654e-01,2.882239941517947823e-01,2.737528263122938621e-01
5.589332662744049829e-01,6.125244101281296372e-01,6.046177842385865031e-02,-8.372576537391075435e-01,2.315474653691992069e-01,6.773087647945292833e-01,6.611466073414473676e-01,6.456312412132414469e-01,-1.540210382536875422e-01,5.393608812246436512e-01,8.177963938387755594e-01,6.519379488915902354e-02,-3.117228355567497333e-01,6.614053834583276670e-01,-7.570085076351498188e-01,3.645257446693508929e-01,8.350306081453138241e-01,-6.262766453882834261e-01,-6.872395496588028507e-01,-5.669574775656743837e-01,1.000000000000000000e+00,8.347138951952415287e-01,3.395444844250185557e-01,2.738793841978448551e-01,5.245428871564677964e-01,4.579301052441958064e-01,7.219180811979941659e-01,7.662318565418596572e-01,7.752384631992821351e-01,3.160539277010628312e-01,7.551698188703211967e-01,7.211604008688977663e-01,8.787355774134865127e-01,-6.457495425829705704e-01,8.558595780846189882e-01,4.848794323535876583e-01,7.364752903004215812e-01,1.894072260781113626e-01,-3.404828412692868511e-01
5.833087147755952051e-01,7.533773111156469859e-01,-3.137013073845860978e-02,-8.441291462759996644e-01,1.820291635781721706e-01,7.663109466537836312e-01,8.644511099462464099e-01,6.909203228587902368e-01,-2.448713005556586442e-01,5.945758108277057197e-01,8.727777910768236280e-01,4.390008723244160360e-01,-2.787352828870611754e-01,6.822684922851414147e-01,-8.708666838325898052e-01,4.840905548224477273e-01,7.974347597361174378e-01,-7.217312787130405471e-01,-6.898398306555323378e-01,-7.666149459456408355e-01,8.347138951952415287e-01,1.000000000000000000e+00,4.907246324170159157e-01,2.567032759950849674e-01,5.296142989960244130e-01,2.847583437723442135e-01,8.539034561510338017e-01,5.431837528802784254e-01,7.435666499239872440e-01,2.139349078526108505e-01,8.795512270689034295e-01,8.723632755814181294e-01,8.505366448303856020e-01,-7.426608376173488013e-01,8.792681073017158955e-01,6.408445423364833582e-01,8.096673123288220530e-01,-3.366192520319708642e-02,-1.655946372807880762e-01
6.599439812496703528e-01,6.655046908494871571e-01,4.989510423149183804e-01,-4.174591477505468773e-01,6.361174002800862315e-01,5.464400888017735269e-01,5.734399272837450434e-01,-3.793331406092974312e-02,3.721830000036202568e-01,6.956028447611560805e-01,5.748436035240641617e-01,4.448621677229250282e-01,-1.687919827748587606e-02,7.867011073437322199e-01,-4.265745961219215010e-01,7.342912010592228533e-01,5.457734205984969833e-01,-1.812369872127770343e-01,-1.303836559916291826e-01,-4.192128903855479871e-01,3.395444844250185557e-01,4.907246324170159157e-01,1.000000000000000000e+00,5.724912594303306346e-01,8.119120113109661308e-01,5.051194229174147399e-01,6.518610623117917502e-01,4.092622361377773466e-01,5.604988460726889610e-01,6.249032747560177015e-01,4.549384762272339344e-01,6.794377770594036692e-01,4.710769268172259605e-01,-1.192902964003490496e-01,5.379841402813714257e-01,5.593604501963755915e-01,5.453205343416460682e-01,3.067627728131986364e-01,4.205840130456814374e-01
1.863654225928366159e-01,1.729500014760066706e-01,5.599854469570106907e-01,-2.277883563114280474e-01,5.764014041590010962e-01,1.750925526308200475e-01,2.157703102101860837e-01,-1.105725665173821065e-01,3.931441404270487605e-01,2.504200080119081129e-01,3.832167656632486930e-01,1.494929116604977737e-01,-3.519992107288360400e-02,5.369471789615957169e-01,-2.270051039917732050e-01,2.984606297024517407e-01,3.731299512100711424e-01,-1.318995338177827714e-01,-6.285677031106508272e-02,-1.556620833492559641e-01,2.738793841978448551e-01,2.567032759950849674e-01,5.724912594303306346e-01,1.000000000000000000e+00,5.816654767197837472e-01,2.790788551389423167e-01,3.868788429888047609e-01,3.791689448204913493e-01,1.693015144579252396e-01,4.099484653158781411e-01,1.990273654171269835e-01,3.576246125278998989e-01,4.325533045513532682e-01,1.238591608450495818e-01,3.447511185679082435e-01,5.426022865645794280e-01,2.556264241017497940e-01,3.442439412821059475e-01,1.669527443485169793e-01
6.248947974782367298e-01,6.105436437796994964e-01,5.014884333462215071e-01,-5.063361187451372869e-01,6.248379600321963823e-01,5.268662219608101216e-01,5.268696387298169581e-01,5.823050179431397272e-02,3.207546027399811872e-01,6.523263295683097152e-01,6.789008931360910326e-01,2.384074856168070244e-01,-6.707753239541390522e-02,8.289861032637858562e-01,-4.925314933169441800e-01,6.404001913607572094e-01,6.650641941935403478e-01,-2.805975624166124338e-01,-2.453562127068670828e-01,-4.395234974646193837e-01,5.245428871564677964e-01,5.296142989960244130e-01,8.119120113109661308e-01,5.816654767197837472e-01,1.000000000000000000e+00,5.402632839627431460e-01,6.550651901037733982e-01,5.565908605404055187e-01,6.008682626308379238e-01,5.899797710188785516e-01,4.722893094676393066e-01,6.737804382056241659e-01,5.807349223612352507e-01,-2.038506752348284434e-01,6.368990586586645852e-01,5.515051377352984119e-01,5.677061730422544583e-01,3.936031983763038644e-01,2.730011149669253068e-01
7.366617111932595163e-01,5.683109247017916754e-01,4.939534253892397531e-01,-3.366979415456047287e-01,6.474769634963838394e-01,4.670197713478356771e-01,3.075875020779259006e-01,-1.203103687960082324e-01,5.363468893120139080e-01,6.822924173278829274e-01,4.317758248881193306e-01,-6.585376203226196712e-02,-1.339218667022016862e-01,6.591183308824952736e-01,-1.392405418011295470e-01,6.062541157846158546e-01,5.396659351144418304e-01,1.426703377415657059e-01,-1.257918913507858130e-02,-1.366453053760039761e-02,4.579301052441958064e-01,2.847583437723442135e-01,5.051194229174147399e-01,2.790788551389423167e-01,5.402632839627431460e-01,1.000000000000000000e+00,4.350901250843201007e-01,7.873102957702722282e-01,6.965335077004980446e-01,7.462723229643614120e-01,2.829838539630327721e-01,4.031638497909585395e-01,4.071237600343415308e-01,4.590418339968974082e-02,3.819288056762657479e-01,8.470888083033611959e-02,4.111060396021711250e-01,6.371893461650993684e-01,2.870637714810613250e-01
6.995272089894576384e-01,8.417606807063553465e-01,1.553053240946131175e-01,-8.311070868739017792e-01,3.890679968704114922e-01,8.277736685068819433e-01,8.740331738645576998e-01,4.600510454793619308e-01,-2.180638887607899441e-03,7.110445960529565568e-01,8.991443416218387608e-01,4.097363488028289424e-01,-2.925964198848587938e-01,8.090166859529445142e-01,-8.405249022515947077e-01,6.180854597149757490e-01,8.358805194095813018e-01,-6.064956496136555408e-01,-5.778213227464027435e-01,-7.504184297243722268e-01,7.219180811979941659e-01,8.539034561510338017e-01,6.518610623117917502e-01,3.868788429888047609e-01,6.550651901037733982e-01,4.350901250843201007e-01,1.000000000000000000e+00,5.541216108426700870e-01,7.740723321726572514e-01,4.067868031393488959e-01,8.877093315860127287e-01,9.305472427788566980e-01,7.957014252711506197e-01,-5.965548544708976220e-01,8.335962892371753252e-01,6.753957026938449681e-01,8.700431527193219772e-01,6.140914578330012273e-03,2.763933934025012557e-02
6.257575123733924993e-01,5.392746647552256745e-01,4.011092638923803300e-01,-5.777168595354609248e-01,5.565841739940351474e-01,5.019455037268644171e-01,4.646427631888308540e-01,2.213154143142285202e-01,3.504596258162801514e-01,5.856458081388750125e-01,6.278287047869322013e-01,-1.062870562571745781e-01,-3.262786436770150345e-01,6.637795909767499891e-01,-3.943136934884046152e-01,4.831737092349422391e-01,6.848784763915539697e-01,-1.633104961529174837e-01,-2.667919649509807867e-01,-1.798644605561291743e-01,7.662318565418596572e-01,5.431837528802784254e-01,4.092622361377773466e-01,3.791689448204913493e-01,5.565908605404055187e-01,7.873102957702722282e-01,5.541216108426700870e-01,1.000000000000000000e+00,7.336455959575765018e-01,6.311078221291880341e-01,4.864122182475363321e-01,5.123551027595563134e-01,6.703604339418527402e-01,-1.771725030732579087e-01,6.001547823501298673e-01,2.471893139994767175e-01,5.108096590474794363e-01,5.306397849175815695e-01,-1.665428645585530221e-02
8.563955652793937556e-01,8.505781055762939857e-01,9.875922292930333635e-02,-7.583480169490794953e-01,3.413430556702422569e-01,8.314233979682794651e-01,7.255857804925550658e-01,4.478199993877123308e-01,2.864013425882590627e-02,7.970017239498592421e-01,7.891410984745050872e-01,1.503593830987927926e-01,-2.435624540031781082e-01,7.851339765622136202e-01,-6.620096776964879970e-01,6.363049944469827413e-01,8.273235779192995576e-01,-4.182902637061215456e-01,-5.051488323653060553e-01,-5.385551498538629911e-01,7.752384631992821351e-01,7.435666499239872440e-01,5.604988460726889610e-01,1.693015144579252396e-01,6.008682626308379238e-01,6.965335077004980446e-01,7.740723321726572514e-01,7.336455959575765018e-01,1.000000000000000000e+00,5.824219655915804372e-01,7.420673897282955567e-01,7.935956856967156803e-01,7.249642943133526307e-01,-5.512352299543490375e-01,7.951959261501501119e-01,3.688962403849393445e-01,7.867487931187415739e-01,2.200250713185938067e-01,-4.981886162175107324e-02
7.303182142107494945e-01,5.634806717724845093e-01,4.789222740592969929e-01,-2.686620394498639985e-01,6.567568259285633259e-01,3.586856976210119896e-01,3.178373583484289666e-01,-1.867077252966964640e-01,5.979862745343064168e-01,7.095163690643790932e-01,3.923981708811883351e-01,-2.379740530463898482e-03,-1.114830687939908083e-01,6.515826142589801195e-01,-1.682928123619508720e-01,6.817306125387671001e-01,4.352983018532872173e-01,1.003423661063145150e-01,2.027630644599196647e-02,-8.262997575232240710e-02,3.160539277010628312e-01,2.139349078526108505e-01,6.249032747560177015e-01,4.099484653158781411e-01,5.899797710188785516e-01,7.462723229643614120e-01,4.067868031393488959e-01,6.311078221291880341e-01,5.824219655915804372e-01,1.000000000000000000e+00,2.335787777354560724e-01,3.903407276296974593e-01,2.544112647482285050e-01,9.876994632125846163e-02,2.863798922766218613e-01,8.602764490377080853e-02,3.262075316115121137e-01,4.517667557059444894e-01,3.184674678716631901e-01
5.795142768495880059e-01,7.661995277714532815e-01,-6.132546287058734252e-02,-8.621496129499824912e-01,1.694162003590174992e-01,8.000517150742901817e-01,8.543270700323223332e-01,6.221312506993683655e-01,-2.318378824686484208e-01,5.859391222808151278e-01,8.497300359536694714e-01,3.464259283843367232e-01,-4.569868548507262651e-01,6.600493754027108029e-01,-8.877585785798013385e-01,4.824554472911201652e-01,7.813141978883225702e-01,-7.174862046200349841e-01,-7.048743045292551468e-01,-7.937109348916009388e-01,7.551698188703211967e-01,8.795512270689034295e-01,4.549384762272339344e-01,1.990273654171269835e-01,4.722893094676393066e-01,2.829838539630327721e-01,8.877093315860127287e-01,4.864122182475363321e-01,7.420673897282955567e-01,2.335787777354560724e-01,1.000000000000000000e+00,8.717223942963862049e-01,7.784203798608329006e-01,-7.465428618515557169e-01,8.365685903445151395e-01,5.995593376683873155e-01,8.603198731046859393e-01,-1.313394958289377801e-01,-2.010291955738756353e-01
7.184054610818875197e-01,8.708603100402596553e-01,9.347980514345949343e-02,-8.484611133096778834e-01,3.275913510938560091e-01,8.349713577530293307e-01,8.826359614060368397e-01,5.084368454484988753e-01,-9.344746034416452629e-02,7.156319648407081235e-01,9.046285084112620778e-01,4.261647587075121368e-01,-2.230201675363152614e-01,8.302217313240943808e-01,-8.647977753377620314e-01,6.126085096871024538e-01,8.452153128048741637e-01,-6.469630543384049526e-01,-6.232220283154877860e-01,-8.089927891125814341e-01,7.211604008688977663e-01,8.723632755814181294e-01,6.794377770594036692e-01,3.576246125278998989e-01,6.737804382056241659e-01,4.031638497909585395e-01,9.305472427788566980e-01,5.123551027595563134e-01,7.935956856967156803e-01,3.903407276296974593e-01,8.717223942963862049e-01,1.000000000000000000e+00,7.860420495232270932e-01,-6.598447432668017587e-01,8.700637757803907357e-01,6.771065929580776244e-01,8.460922118814777626e-01,-1.689992455817401415e-02,9.567785517330644343e-04
5.244262807755142308e-01,6.134903760294794228e-01,1.541364780673744883e-01,-8.217431253131209923e-01,3.142235439831248534e-01,7.456784746116548179e-01,6.887453685165256800e-01,5.587727927795679284e-01,-1.157417315986163514e-01,5.081619073506119522e-01,8.488536066408829406e-01,2.021004407470916031e-01,-1.801344354110032686e-01,7.135443899070239571e-01,-7.712275069799190419e-01,3.730631640884811695e-01,8.649609288739348312e-01,-6.444276635645878049e-01,-6.506204068407357433e-01,-6.128690124083426838e-01,8.787355774134865127e-01,8.505366448303856020e-01,4.710769268172259605e-01,4.325533045513532682e-01,5.807349223612352507e-01,4.071237600343415308e-01,7.957014252711506197e-01,6.703604339418527402e-01,7.249642943133526307e-01,2.544112647482285050e-01,7.784203798608329006e-01,7.860420495232270932e-01,1.000000000000000000e+00,-5.907949341721447922e-01,8.809061255360870479e-01,6.607663699318717665e-01,7.899993480164126947e-01,1.843025630678001014e-01,-2.443089339891879597e-01
-3.817524896837394821e-01,-5.653913373192516190e-01,5.471541863235526160e-01,7.346270136102837078e-01,3.482779256467399276e-01,-6.396360312614520760e-01,-6.302775114741645535e-01,-8.532067159447982441e-01,7.136085394642880386e-01,-3.307851219019946054e-01,-6.454929116556732405e-01,-2.351126763606823933e-01,1.708883526745842429e-01,-3.636213016983775859e-01,8.287361525023354547e-01,-1.620110710462534798e-01,-6.102961591590618795e-01,8.375665568477436151e-01,8.579720946175892760e-01,8.233239002951765473e-01,-6.457495425829705704e-01,-7.426608376173488013e-01,-1.192902964003490496e-01,1.238591608450495818e-01,-2.038506752348284434e-01,4.590418339968974082e-02,-5.965548544708976220e-01,-1.771725030732579087e-01,-5.512352299543490375e-01,9.876994632125846163e-02,-7.465428618515557169e-01,-6.598447432668017587e-01,-5.907949341721447922e-01,1.000000000000000000e+00,-7.186032499649052108e-01,-4.393431607226110924e-01,-6.637241701504009717e-01,3.652565439780318668e-01,5.165317947888121708e-01
6.065177056358006524e-01,7.169783204970712198e-01,3.739374375828018876e-02,-8.573581971845829486e-01,2.385886729220736691e-01,8.181893330554640409e-01,7.722781012325660166e-01,6.318868300861201215e-01,-2.094909135053794891e-01,5.860663200592254318e-01,8.791175234189709808e-01,2.371198241835917875e-01,-2.352244459918262365e-01,7.720178401130722845e-01,-8.556854367919717319e-01,4.526863800803931359e-01,8.833277339368812431e-01,-7.158494614969077574e-01,-7.171062073238624324e-01,-7.404008813974811698e-01,8.558595780846189882e-01,8.792681073017158955e-01,5.379841402813714257e-01,3.447511185679082435e-01,6.368990586586645852e-01,3.819288056762657479e-01,8.335962892371753252e-01,6.001547823501298673e-01,7.951959261501501119e-01,2.863798922766218613e-01,8.365685903445151395e-01,8.700637757803907357e-01,8.809061255360870479e-01,-7.186032499649052108e-01,1.000000000000000000e+00,6.589541735164352598e-01,8.541090521240386479e-01,5.980673011420641061e-02,-2.516164954213842009e-01
2.756229216552570915e-01,4.584920471766710248e-01,1.972520169836408099e-01,-5.732784324515347585e-01,2.785005627448955412e-01,5.306835747412318449e-01,6.064477118697150226e-01,3.423444283202535798e-01,-1.076113910780404220e-01,3.743220102422036288e-01,6.454170081698178407e-01,4.447278327629161088e-01,-1.336721411377562174e-01,5.909593740361389624e-01,-6.376891412243816948e-01,3.969411155645155009e-01,5.847702568523346356e-01,-5.929139621446620767e-01,-4.484877738896428379e-01,-6.370654290076356308e-01,4.848794323535876583e-01,6.408445423364833582e-01,5.593604501963755915e-01,5.426022865645794280e-01,5.515051377352984119e-01,8.470888083033611959e-02,6.753957026938449681e-01,2.471893139994767175e-01,3.688962403849393445e-01,8.602764490377080853e-02,5.995593376683873155e-01,6.771065929580776244e-01,6.607663699318717665e-01,-4.393431607226110924e-01,6.589541735164352598e-01,1.000000000000000000e+00,5.992178625492402544e-01,3.504003581447978632e-02,-5.120495653334218404e-03
6.636666532013996145e-01,7.553513009338473916e-01,2.858058420372520253e-02,-7.762829979259280311e-01,2.405938178716425513e-01,8.902079165813340245e-01,7.704025545202309866e-01,5.172710799555240158e-01,-1.333155979512412881e-01,6.610936903979559576e-01,8.086422556130572481e-01,2.921123294214035826e-01,-2.584619303227246312e-01,7.456336595273584944e-01,-7.967196057471134241e-01,5.222674301977331401e-01,8.498251324094280301e-01,-6.042438947895724111e-01,-6.539984001366526689e-01,-6.754734746936794654e-01,7.364752903004215812e-01,8.096673123288220530e-01,5.453205343416460682e-01,2.556264241017497940e-01,5.677061730422544583e-01,4.111060396021711250e-01,8.700431527193219772e-01,5.108096590474794363e-01,7.867487931187415739e-01,3.262075316115121137e-01,8.603198731046859393e-01,8.460922118814777626e-01,7.899993480164126947e-01,-6.637241701504009717e-01,8.541090521240386479e-01,5.992178625492402544e-01,1.000000000000000000e+00,-2.770901284384413160e-02,-1.694248732273338220e-01
2.543484352829452066e-01,5.185392071710400591e-02,6.095637416495148786e-01,7.312791504274330535e-03,5.742302281223409244e-01,-1.750567390058276399e-02,-1.278953530305578790e-01,-3.191693746649832408e-01,6.024877959301763175e-01,2.286173465088241485e-01,9.249423251575847327e-02,-1.625363124494358658e-01,-5.168843032330524764e-03,3.033988289554572781e-01,2.255930701224035106e-01,2.321018423533735275e-01,1.872291387916069638e-01,3.224916583999636321e-01,2.372139047562553393e-01,2.882239941517947823e-01,1.894072260781113626e-01,-3.366192520319708642e-02,3.067627728131986364e-01,3.442439412821059475e-01,3.936031983763038644e-01,6.371893461650993684e-01,6.140914578330012273e-03,5.306397849175815695e-01,2.200250713185938067e-01,4.517667557059444894e-01,-1.313394958289377801e-01,-1.689992455817401415e-02,1.843025630678001014e-01,3.652565439780318668e-01,5.980673011420641061e-02,3.504003581447978632e-02,-2.770901284384413160e-02,1.000000000000000000e+00,3.610137532723217690e-01
2.092381089704757058e-01,1.572160525012809285e-01,5.289672606429197677e-01,3.090440338952121224e-01,5.456680110243035120e-01,-8.326836834039132162e-02,1.440222581271887077e-02,-5.705057419014135656e-01,6.598581523977257168e-01,2.646196431426700024e-01,-9.727518366691532969e-02,4.257027430564848669e-01,7.389223720095350334e-02,1.704984855522609366e-01,3.396439298021802777e-01,4.051036412908509687e-01,-1.780695487215088191e-01,5.459066477975814680e-01,6.260818674820982643e-01,2.737528263122938621e-01,-3.404828412692868511e-01,-1.655946372807880762e-01,4.205840130456814374e-01,1.669527443485169793e-01,2.730011149669253068e-01,2.870637714810613250e-01,2.763933934025012557e-02,-1.665428645585530221e-02,-4.981886162175107324e-02,3.184674678716631901e-01,-2.010291955738756353e-01,9.567785517330644343e-04,-2.443089339891879597e-01,5.165317947888121708e-01,-2.516164954213842009e-01,-5.120495653334218404e-03,-1.694248732273338220e-01,3.610137532723217690e-01,1.000000000000000000e+00
