1.000000000000000000e+00,1.639718438746499418e-01,2.124328619592034673e-01,1.568155027305352944e-01,3.103555934723007392e-01,-3.395857892942154288e-02,-5.982731126791706461e-02,2.582257595503218428e-01,3.301594604744967909e-01,2.833480950022037037e-01,6.609125353249802048e-02,2.629608227471680326e-01,-5.893925853718944702e-02,-1.005952010763748461e-02,3.560088833318584278e-01,3.865457356099229469e-01,3.357145801887412989e-02,2.161450304648233622e-01,2.513578346085036941e-01,2.391887645626683545e-01,3.089766299981588360e-01,3.133073910292695774e-01,1.522521044776693755e-01,8.785685403209539390e-02,1.325969964562141445e-01,3.407309803413295646e-02,2.495858392453473018e-01,8.593081323178841657e-02,3.378795325242934799e-01,8.438583311478495275e-02,2.435805819802013550e-01,2.386306920353979122e-01,1.582143567318151089e-01,2.219790548759189297e-01,-2.547024295789946380e-01,1.780429573291343326e-01,-1.350038608909079618e-01,4.047717083481699452e-01,1.373243803901528226e-01
1.639718438746499418e-01,1.000000000000000000e+00,-2.935890969210401824e-01,-4.971989770966427358e-01,-1.392137210948685422e-01,-2.917797597680269472e-01,6.959954157757630711e-02,-2.425147040195433368e-01,-9.972824827324146268e-02,5.085784128754619049e-01,-5.145767946848531782e-01,-2.442905829140460672e-01,-5.219561533135207432e-01,-1.738710553931323011e-01,-1.757976887131970090e-01,2.584931728075118285e-01,-4.843396858914687519e-01,-2.253719223420961038e-01,-3.752647990429300862e-01,-2.080902504416221876e-01,-1.305974523298066292e-01,-4.569209401511702406e-01,3.235181449483768290e-01,4.764237742266106412e-01,1.773734257413264737e-01,-1.589650666486527864e-01,-5.919029087933838085e-01,-1.114281401353298534e-01,-1.946574837688653803e-01,-1.776751109219488201e-01,-4.895209743997784302e-01,-6.435833988079290302e-01,-5.022560274051367513e-01,-2.983223294086586597e-01,1.620767348772036431e-01,-2.013358466844272499e-01,1.444574223341643093e-01,-1.315720383680404060e-01,2.541435474850747278e-01
2.124328619592034673e-01,-2.935890969210401824e-01,1.000000000000000000e+00,3.579330322674775799e-01,3.559433401424553223e-01,-3.036365824172462258e-01,7.664423899968970944e-02,2.725671155131399459e-01,4.252032191418607110e-01,3.876843900174700708e-01,6.450478155242562739e-01,6.037886782102731553e-01,3.296794696616660025e-01,6.564437818330663976e-01,7.334715997249547925e-01,4.447078660255054938e-01,6.359413561770181911e-01,7.621778710886987218e-01,6.747504303053765140e-01,8.729294977438635250e-01,5.132584603548621116e-01,7.485648388788341823e-01,-4.122398646171852171e-02,-4.015714276874763899e-01,-4.114210101003360487e-01,4.640455815355567504e-01,3.982837527200943084e-01,8.370231487122373748e-01,5.259469454915828568e-02,4.867709019527594605e-01,8.074290400129787715e-01,6.406839804513785319e-01,6.682399675621980562e-01,4.800458506351863441e-01,-3.282244338122546901e-01,3.895800761575572424e-01,1.232428552727024840e-01,7.074911381053236026e-01,1.559813648297414534e-01
1.568155027305352944e-01,-4.971989770966427358e-01,3.579330322674775799e-01,1.000000000000000000e+00,3.109418194737640848e-02,1.284718854400034305e-01,-2.185205293693935902e-01,2.283109113552414249e-01,1.331967737819702846e-01,-2.484041438107922051e-01,5.605762729533158018e-01,2.209954329635931969e-01,3.254879140113489111e-01,3.460214046952738154e-01,2.279114720904036329e-01,-1.232034029909069295e-01,5.024786284366671296e-01,2.550601342374289038e-01,4.091602541580562913e-01,3.166604979255788210e-01,1.529748482009695709e-01,3.348776260653810732e-01,-2.884523082567957419e-01,-3.688163371784299316e-01,-3.030389202597238429e-01,1.263993154701542332e-01,3.516650259312374405e-01,2.318832615245776108e-01,9.621567511126284666e-02,1.720036713277185159e-01,4.686667471224776338e-01,4.746005193758532914e-01,3.611627920329387731e-01,2.008444079492537893e-01,-2.797456991924949787e-01,2.622873097753278260e-01,-1.015513343821702191e-01,1.624265993038955247e-01,-2.375982419374344790e-01
3.103555934723007392e-01,-1.392137210948685422e-01,3.559433401424553223e-01,3.109418194737640848e-02,1.000000000000000000e+00,-6.374244111869076246e-02,9.378354315401726815e-02,4.653302336580218412e-01,4.157657967616129602e-01,1.628716148300396460e-01,2.698604723438381980e-01,4.707429297996738593e-01,1.776216579073727209e-01,2.583792813611123784e-01,4.054583530891107124e-01,1.778965676888528968e-01,3.819920906790630344e-01,5.731789491103810308e-01,6.667681053854432882e-01,4.344207246642184939e-01,4.228186406491355465e-01,5.261205852715242770e-01,-8.698577855141432363e-04,-1.470453340639100992e-01,-6.190862480065875695e-02,5.597260992413513048e-01,6.322260974144681134e-01,2.727851468750114305e-01,3.986344538469857035e-01,2.583667163745016482e-01,4.760579892986661066e-01,5.177410009300257299e-01,4.140063684123387322e-01,6.861117646795500402e-01,-5.241516076162657800e-01,3.771378026707810638e-01,-2.233081576756253683e-01,4.958762473980279917e-01,1.076139099421461603e-01
-3.395857892942154288e-02,-2.917797597680269472e-01,-3.036365824172462258e-01,1.284718854400034305e-01,-6.374244111869076246e-02,1.000000000000000000e+00,-3.959007758414638811e-01,-5.269851326159489049e-03,-9.107002622035494099e-02,-4.341248572747455903e-01,-1.160166868353315617e-01,-5.939102932958609249e-02,4.527982911466133520e-01,-2.071385444794017761e-01,-2.197299942640116577e-01,-3.668560742975753852e-01,1.316167691161733606e-02,-2.645529060627666018e-01,-1.053756156183189990e-01,-3.860825304956274073e-01,4.670139687285715380e-02,-7.884969112543194214e-02,1.997727934285088713e-01,2.694895755529040371e-01,4.423754820477747152e-01,-7.704603949654213746e-02,2.364671955231819056e-01,-3.464896151922395862e-01,5.122718837714321793e-01,-1.908815586877987969e-01,-3.295465252815393820e-02,7.983284828640069275e-02,8.052320998085858716e-02,7.693898403083203330e-02,-8.879371123908909313e-02,-4.520838138421761493e-02,-4.365761108317204320e-01,-2.902565465060987782e-01,-2.628621937963984134e-01
-5.982731126791706461e-02,6.959954157757630711e-02,7.664423899968970944e-02,-2.185205293693935902e-01,9.378354315401726815e-02,-3.959007758414638811e-01,1.000000000000000000e+00,-2.930848330723782591e-01,-7.520914363849007245e-02,1.184791344958195936e-01,-1.798998679129152484e-02,-7.132479054987507505e-02,-2.710070427891328460e-01,4.620764702973645388e-02,-4.755658210378090750e-02,6.204341497808282813e-02,-1.835118644881002514e-01,3.913716041447502791e-02,-2.936339312293644727e-02,1.341256877522632729e-01,-1.816227411053331076e-01,-1.856727083929759353e-02,-1.923809204342522353e-03,-1.975168313067522941e-01,-1.168928282873075847e-01,-2.103517761286633481e-01,-1.526280090459316841e-01,8.627740258632191073e-02,-4.086527242090886025e-01,8.519274431904316769e-02,-1.178841507694426832e-01,-4.885067763684893677e-02,-4.743360604545562159e-02,-8.342498598419526012e-02,2.576024291415041079e-01,7.617191225466503346e-02,3.761550123317812799e-01,2.983634705490171082e-02,7.554369605528629683e-02
2.582257595503218428e-01,-2.425147040195433368e-01,2.725671155131399459e-01,2.283109113552414249e-01,4.653302336580218412e-01,-5.269851326159489049e-03,-2.930848330723782591e-01,1.000000000000000000e+00,9.634099160522717475e-02,-8.109121786951140054e-02,2.908583862090509675e-01,4.690941642476162410e-01,2.758614470199887148e-01,3.744217421106537519e-02,2.930061411158095264e-01,-6.446252869515256556e-02,3.259364431679039886e-01,4.416619753826431793e-01,5.655123027904712663e-01,4.180558749135583896e-01,4.785253316434954773e-01,5.140700977138566996e-01,-3.708945997974645858e-01,-1.836992859643009068e-01,-3.063341826908607679e-01,2.428547114138964735e-01,3.384772631876840632e-01,1.284251760494750649e-01,3.738206929555236702e-01,1.349401382405036320e-01,4.942315883197215820e-01,5.104230097341817540e-01,2.003246480277025010e-01,3.260540262457543581e-01,-4.122822094000373472e-01,2.984321011947161512e-02,-7.639721388630704713e-02,3.014632920386757786e-01,-1.713032575266962010e-01
3.301594604744967909e-01,-9.972824827324146268e-02,4.252032191418607110e-01,1.331967737819702846e-01,4.157657967616129602e-01,-9.107002622035494099e-02,-7.520914363849007245e-02,9.634099160522717475e-02,1.000000000000000000e+00,4.829678608607915757e-01,3.540981687456834504e-01,5.677917178662331699e-01,1.600183003615351929e-01,5.341105232497856958e-01,6.039009426771485556e-01,6.888177350250119790e-01,4.426074716215929183e-01,5.358483695073412711e-01,3.817495423795123632e-01,3.616495184028732379e-01,9.162481704222689982e-02,4.065900941344455233e-01,2.042958269329706311e-01,-2.994279657662066718e-01,-2.410002614463703854e-02,4.614906797723444809e-01,5.116071841996621128e-01,4.473924835315757353e-01,3.178502029684998620e-02,2.461050096939473575e-01,3.928671073220184606e-01,3.258670509455252051e-01,5.200685000510564260e-01,7.183022457638643665e-01,-3.006833371050650072e-01,3.794877988255877521e-01,-1.714708821280116757e-01,6.993512839424925742e-01,6.144492786438027210e-01
2.833480950022037037e-01,5.085784128754619049e-01,3.876843900174700708e-01,-2.484041438107922051e-01,1.628716148300396460e-01,-4.341248572747455903e-01,1.184791344958195936e-01,-8.109121786951140054e-02,4.829678608607915757e-01,1.000000000000000000e+00,1.892464816902853647e-02,3.615277789094759053e-01,-2.336643217825974950e-01,3.412212734240550049e-01,4.208987440185688045e-01,8.189786681361586052e-01,7.635245285918210167e-02,4.397850726214860284e-01,1.503078507178255419e-01,3.751857157902440676e-01,1.456443097008047471e-01,1.478382441981740958e-01,3.777607124843467279e-01,6.471747590001013239e-02,-8.287813784423083557e-03,1.588771604985816099e-01,-1.185492670184159769e-01,4.856594829357594456e-01,-1.704257461499706916e-01,1.274414157418420068e-01,1.327100752647754067e-01,-6.600154732475323194e-02,1.541096682446748412e-01,2.626629293271159904e-01,-3.270109462331217964e-02,1.436886254990369094e-01,1.543794587258931483e-01,5.957021772730876075e-01,6.754776245700047088e-01
6.609125353249802048e-02,-5.145767946848531782e-01,6.450478155242562739e-01,5.605762729533158018e-01,2.698604723438381980e-01,-1.160166868353315617e-01,-1.798998679129152484e-02,2.908583862090509675e-01,3.540981687456834504e-01,1.892464816902853647e-02,1.000000000000000000e+00,4.495498318948192296e-01,3.457274985673163270e-01,6.660564297423079427e-01,4.530131883569840090e-01,1.834659199485072778e-01,7.459158411763339158e-01,6.062210390061463228e-01,6.319610336069738654e-01,6.303161912985640880e-01,1.576489674223228721e-01,5.383074886521126423e-01,-3.455271020342738364e-01,-6.429875538572065174e-01,-5.653022867263235440e-01,4.387245565586165297e-01,4.558505008128310720e-01,6.066118496389016901e-01,-8.348747200288518522e-02,4.527229698687002535e-01,6.445199497756741724e-01,5.651725329123056252e-01,5.981813936466826576e-01,4.271466949311882311e-01,-3.270622787945860477e-01,3.801975243926565273e-01,9.814492894362111461e-03,5.006137822688728756e-01,-8.712328548622645663e-03
2.629608227471680326e-01,-2.442905829140460672e-01,6.037886782102731553e-01,2.209954329635931969e-01,4.707429297996738593e-01,-5.939102932958609249e-02,-7.132479054987507505e-02,4.690941642476162410e-01,5.677917178662331699e-01,3.615277789094759053e-01,4.495498318948192296e-01,1.000000000000000000e+00,3.182263783453251338e-01,4.351328510751453771e-01,6.013755553597941450e-01,4.350474104249586471e-01,5.501264820336098094e-01,7.902568015934254841e-01,6.188012968828304761e-01,5.970931845008927707e-01,4.855057809124757040e-01,6.009614917560142100e-01,4.044723910086427121e-02,-2.041878064481344734e-01,-2.175443897605395804e-01,2.465493819875395065e-01,4.684030164038239796e-01,5.233441580830534567e-01,2.117685652991105338e-01,1.436032693904154278e-01,6.574617097726337400e-01,5.854267498350944621e-01,4.796214602922566628e-01,6.975756487726523236e-01,-3.272687770766682380e-01,1.124450189829018371e-01,-7.506012683422988441e-02,7.148503049497703099e-01,4.087930466133529728e-01
-5.893925853718944702e-02,-5.219561533135207432e-01,3.296794696616660025e-01,3.254879140113489111e-01,1.776216579073727209e-01,4.527982911466133520e-01,-2.710070427891328460e-01,2.758614470199887148e-01,1.600183003615351929e-01,-2.336643217825974950e-01,3.457274985673163270e-01,3.182263783453251338e-01,1.000000000000000000e+00,3.578099985031999442e-01,2.232236238582879784e-01,-1.089213480362129088e-01,4.495961691201134647e-01,2.501277515341905899e-01,3.032511955531296266e-01,1.968096533895532796e-01,2.567440573126453796e-01,4.195781208578152066e-01,1.118792443771128714e-01,-1.455407733510021284e-01,3.016406370821532804e-02,3.788697167209577610e-01,4.895123703024518713e-01,2.279941626159029400e-01,4.226317551114402993e-01,2.904913156975846289e-01,4.820292845392801229e-01,4.701460098213359196e-01,4.836651370886776435e-01,3.379345676564654011e-01,-2.667864389431162664e-01,1.044055757278227747e-01,-2.427210179975749782e-01,1.285438961456931706e-01,-1.631627226140546782e-01
-1.005952010763748461e-02,-1.738710553931323011e-01,6.564437818330663976e-01,3.460214046952738154e-01,2.583792813611123784e-01,-2.071385444794017761e-01,4.620764702973645388e-02,3.744217421106537519e-02,5.341105232497856958e-01,3.412212734240550049e-01,6.660564297423079427e-01,4.351328510751453771e-01,3.578099985031999442e-01,1.000000000000000000e+00,4.511299687974199557e-01,4.154539575422047659e-01,6.263661783065864741e-01,6.132740387842799956e-01,5.080410899477589837e-01,6.091958674402896401e-01,1.714082528101357888e-02,4.110338550347392705e-01,3.601479233867012353e-02,-4.788919463346076877e-01,-4.185118995124304520e-01,5.977556779349543215e-01,3.263975493856489662e-01,7.702521705019718112e-01,-1.869138894384560767e-01,5.252438005509941776e-01,5.060568565941488961e-01,2.986196546455127110e-01,5.533816179430827153e-01,4.997805310809159685e-01,-3.153130213526917913e-01,3.996069006351523623e-01,1.113156345105434236e-01,5.323380276187718030e-01,2.446122734999200687e-01
3.560088833318584278e-01,-1.757976887131970090e-01,7.334715997249547925e-01,2.279114720904036329e-01,4.054583530891107124e-01,-2.197299942640116577e-01,-4.755658210378090750e-02,2.930061411158095264e-01,6.039009426771485556e-01,4.208987440185688045e-01,4.530131883569840090e-01,6.013755553597941450e-01,2.232236238582879784e-01,4.511299687974199557e-01,1.000000000000000000e+00,5.247537058309462710e-01,4.874496962031761860e-01,6.016494126977235402e-01,5.244610943785700252e-01,6.919506460248726620e-01,4.850563972903118581e-01,6.863233905778196586e-01,3.648486332202582894e-02,-2.943451530774951475e-01,-2.143325410441654921e-01,4.520441916813341399e-01,4.537864004885800440e-01,6.268846677200733408e-01,1.339045711423796359e-01,3.416638684602565923e-01,6.659137819532091607e-01,5.655621773073274960e-01,5.803412222936586984e-01,5.759438717000363583e-01,-3.626987636537312709e-01,3.915356403949145636e-01,-6.908698239679376962e-02,7.443674774705699715e-01,3.242583381653398877e-01
3.865457356099229469e-01,2.584931728075118285e-01,4.447078660255054938e-01,-1.232034029909069295e-01,1.778965676888528968e-01,-3.668560742975753852e-01,6.204341497808282813e-02,-6.446252869515256556e-02,6.888177350250119790e-01,8.189786681361586052e-01,1.834659199485072778e-01,4.350474104249586471e-01,-1.089213480362129088e-01,4.154539575422047659e-01,5.247537058309462710e-01,1.000000000000000000e+00,2.004269239733636743e-01,4.944350773454683767e-01,2.048692227746697070e-01,3.748591303559714039e-01,8.702705190497389554e-02,2.604242549464610978e-01,3.375688340611561755e-01,-1.409116647427327562e-01,-3.058340363583769207e-04,2.328114297145419953e-01,9.203328792753258381e-02,5.058328155752384037e-01,-1.651499026259220793e-01,2.076734191268785334e-01,2.204465196404810368e-01,7.885565292480214983e-02,3.349644764180306766e-01,3.996884571965379496e-01,-5.208327235901166231e-03,2.263424350234871929e-01,8.155989633602248046e-02,7.245225287183626461e-01,7.493527461000711876e-01
3.357145801887412989e-02,-4.843396858914687519e-01,6.359413561770181911e-01,5.024786284366671296e-01,3.819920906790630344e-01,1.316167691161733606e-02,-1.835118644881002514e-01,3.259364431679039886e-01,4.426074716215929183e-01,7.635245285918210167e-02,7.459158411763339158e-01,5.501264820336098094e-01,4.495961691201134647e-01,6.263661783065864741e-01,4.874496962031761860e-01,2.004269239733636743e-01,1.000000000000000000e+00,6.233514504950112833e-01,6.512899614477055676e-01,5.766695754330926071e-01,2.725662319488124652e-01,5.642157940991127107e-01,-2.085419506379699861e-01,-4.610787177920646629e-01,-3.919116904071708318e-01,5.161448684552546462e-01,5.680683498452115954e-01,5.802028003309094295e-01,1.489672751696328179e-01,4.050770888528381630e-01,7.169132017048591710e-01,6.102663621964888874e-01,6.219115118307728673e-01,5.485583147887794775e-01,-4.953001945220043001e-01,3.669205444002937022e-01,-1.687601047686607403e-01,5.068264839128622246e-01,6.456940554445449176e-02
2.161450304648233622e-01,-2.253719223420961038e-01,7.621778710886987218e-01,2.550601342374289038e-01,5.731789491103810308e-01,-2.645529060627666018e-01,3.913716041447502791e-02,4.416619753826431793e-01,5.358483695073412711e-01,4.397850726214860284e-01,6.062210390061463228e-01,7.902568015934254841e-01,2.501277515341905899e-01,6.132740387842799956e-01,6.016494126977235402e-01,4.944350773454683767e-01,6.233514504950112833e-01,1.000000000000000000e+00,8.014470758516801796e-01,7.807578136020858484e-01,4.727736715254536315e-01,6.552652179125740828e-01,-4.809480009563114888e-02,-3.639128235267672373e-01,-3.801879283515917640e-01,4.556689752406097860e-01,4.471272983648046928e-01,7.134247866340582833e-01,8.588747448208672308e-02,3.617092556475612342e-01,7.233061777838379891e-01,6.109937071057105484e-01,6.075970783107079720e-01,6.708462671801239674e-01,-3.526352253981307472e-01,3.057293099777005363e-01,3.215964503382610223e-02,7.728788076989568934e-01,3.375577486826701334e-01
2.513578346085036941e-01,-3.752647990429300862e-01,6.747504303053765140e-01,4.091602541580562913e-01,6.667681053854432882e-01,-1.053756156183189990e-01,-2.936339312293644727e-02,5.655123027904712663e-01,3.817495423795123632e-01,1.503078507178255419e-01,6.319610336069738654e-01,6.188012968828304761e-01,3.032511955531296266e-01,5.080410899477589837e-01,5.244610943785700252e-01,2.048692227746697070e-01,6.512899614477055676e-01,8.014470758516801796e-01,1.000000000000000000e+00,7.284660736806208847e-01,4.804054740919538324e-01,6.934505045388775768e-01,-2.096230964821839404e-01,-3.958365956407721153e-01,-3.810022137361154804e-01,5.014966834140222041e-01,5.888260904873660051e-01,5.833139462485669169e-01,2.653601181565161116e-01,4.120175440841579717e-01,7.601235788605890109e-01,7.018052090071797977e-01,6.172695430150616502e-01,6.491679528021487844e-01,-4.891460298651703065e-01,4.527715373949445787e-01,-8.374542405553160596e-02,5.779470092743695941e-01,-2.645980119170196487e-02
2.391887645626683545e-01,-2.080902504416221876e-01,8.729294977438635250e-01,3.166604979255788210e-01,4.344207246642184939e-01,-3.860825304956274073e-01,1.341256877522632729e-01,4.180558749135583896e-01,3.616495184028732379e-01,3.751857157902440676e-01,6.303161912985640880e-01,5.970931845008927707e-01,1.968096533895532796e-01,6.091958674402896401e-01,6.919506460248726620e-01,3.748591303559714039e-01,5.766695754330926071e-01,7.807578136020858484e-01,7.284660736806208847e-01,1.000000000000000000e+00,5.088536853644789471e-01,7.388086505488403732e-01,-1.561601191081316009e-01,-4.124474910834126096e-01,-5.011914717818304332e-01,4.392781097991417805e-01,3.229546265661801807e-01,7.999615830652511139e-01,7.503690301434942471e-03,4.645388508581033693e-01,7.515309660379986267e-01,6.056626142212976349e-01,5.628767183236371707e-01,4.547129166863592142e-01,-3.816675213070429007e-01,3.634002547276450890e-01,1.972804170611923702e-01,6.922351543861228196e-01,1.062288177383547694e-01
3.089766299981588360e-01,-1.305974523298066292e-01,5.132584603548621116e-01,1.529748482009695709e-01,4.228186406491355465e-01,4.670139687285715380e-02,-1.816227411053331076e-01,4.785253316434954773e-01,9.162481704222689982e-02,1.456443097008047471e-01,1.576489674223228721e-01,4.855057809124757040e-01,2.567440573126453796e-01,1.714082528101357888e-02,4.850563972903118581e-01,8.702705190497389554e-02,2.725662319488124652e-01,4.727736715254536315e-01,4.804054740919538324e-01,5.088536853644789471e-01,1.000000000000000000e+00,5.802350741542239287e-01,6.894009916595641996e-02,1.723447388868140917e-01,3.990870295800836610e-03,1.490671483626248850e-01,2.969720141441793415e-01,3.358452687137659098e-01,5.490220406438319767e-01,2.224843522913930172e-02,6.202337170100062913e-01,5.793290935093887706e-01,4.175059828135991857e-01,3.379498073814718451e-01,-3.464726798372234629e-01,6.174932991604016597e-02,-1.165711804993995737e-01,3.951184569870464514e-01,-5.425135136502281380e-02
3.133073910292695774e-01,-4.569209401511702406e-01,7.485648388788341823e-01,3.348776260653810732e-01,5.261205852715242770e-01,-7.884969112543194214e-02,-1.856727083929759353e-02,5.140700977138566996e-01,4.065900941344455233e-01,1.478382441981740958e-01,5.383074886521126423e-01,6.009614917560142100e-01,4.195781208578152066e-01,4.110338550347392705e-01,6.863233905778196586e-01,2.604242549464610978e-01,5.642157940991127107e-01,6.552652179125740828e-01,6.934505045388775768e-01,7.388086505488403732e-01,5.802350741542239287e-01,1.000000000000000000e+00,-9.442174951679692396e-02,-3.563714619802785810e-01,-2.403699811262134944e-01,4.508042622108878184e-01,6.302171671180620827e-01,5.641235293811376339e-01,3.167441100678868304e-01,4.085117793342067372e-01,8.154717224827993105e-01,7.691309865550468583e-01,6.363681145509716419e-01,5.278230608570494420e-01,-4.124698915250673559e-01,4.298118913053528556e-01,-3.770285137083018157e-02,6.318166820584683041e-01,4.589156979893870697e-02
1.522521044776693755e-01,3.235181449483768290e-01,-4.122398646171852171e-02,-2.884523082567957419e-01,-8.698577855141432363e-04,1.997727934285088713e-01,-1.923809204342522353e-03,-3.708945997974645858e-01,2.042958269329706311e-01,3.777607124843467279e-01,-3.455271020342738364e-01,4.044723910086427121e-02,1.118792443771128714e-01,3.601479233867012353e-02,3.648486332202582894e-02,3.375688340611561755e-01,-2.085419506379699861e-01,-4.809480009563114888e-02,-2.096230964821839404e-01,-1.561601191081316009e-01,6.894009916595641996e-02,-9.442174951679692396e-02,1.000000000000000000e+00,5.387660574908745836e-01,7.100257237374989483e-01,1.959180573374798284e-02,-2.738263847654249378e-02,1.316598332879570900e-03,2.626190872968879875e-01,-1.293760108483770488e-01,-1.343553930155350074e-01,-1.699475627335339800e-01,3.515296005696742082e-02,8.825471898291178952e-02,1.481199209802487315e-01,1.003999121720971881e-02,-1.103307824731580705e-01,5.418352823260151607e-02,3.268373454023715818e-01
8.785685403209539390e-02,4.764237742266106412e-01,-4.015714276874763899e-01,-3.688163371784299316e-01,-1.470453340639100992e-01,2.694895755529040371e-01,-1.975168313067522941e-01,-1.836992859643009068e-01,-2.994279657662066718e-01,6.471747590001013239e-02,-6.429875538572065174e-01,-2.041878064481344734e-01,-1.455407733510021284e-01,-4.788919463346076877e-01,-2.943451530774951475e-01,-1.409116647427327562e-01,-4.610787177920646629e-01,-3.639128235267672373e-01,-3.958365956407721153e-01,-4.124474910834126096e-01,1.723447388868140917e-01,-3.563714619802785810e-01,5.387660574908745836e-01,1.000000000000000000e+00,6.478448212116875160e-01,-3.079627497059821417e-01,-3.155915570819264326e-01,-3.798389646859072211e-01,3.517791013226299612e-01,-4.201871092115440631e-01,-3.590641918020289758e-01,-3.795500295847908379e-01,-3.984029107450126617e-01,-2.679599735544612171e-01,1.353008846679238653e-01,-4.160188829910911323e-01,-1.535569325026898690e-01,-3.475120285965077049e-01,-2.187489435447385194e-02
1.325969964562141445e-01,1.773734257413264737e-01,-4.114210101003360487e-01,-3.030389202597238429e-01,-6.190862480065875695e-02,4.423754820477747152e-01,-1.168928282873075847e-01,-3.063341826908607679e-01,-2.410002614463703854e-02,-8.287813784423083557e-03,-5.653022867263235440e-01,-2.175443897605395804e-01,3.016406370821532804e-02,-4.185118995124304520e-01,-2.143325410441654921e-01,-3.058340363583769207e-04,-3.919116904071708318e-01,-3.801879283515917640e-01,-3.810022137361154804e-01,-5.011914717818304332e-01,3.990870295800836610e-03,-2.403699811262134944e-01,7.100257237374989483e-01,6.478448212116875160e-01,1.000000000000000000e+00,-1.890227909272909623e-01,3.353836443937681377e-02,-4.616423282364427449e-01,4.042392116807090319e-01,-3.296171455020124319e-01,-3.204716512500566106e-01,-2.090216850103065738e-01,-1.597678973665742352e-01,-9.560632583766041914e-02,1.921707137109308072e-01,-8.671874300350150555e-02,-3.521027263417552122e-01,-2.583342112563103421e-01,9.271069654965902185e-02
3.407309803413295646e-02,-1.589650666486527864e-01,4.640455815355567504e-01,1.263993154701542332e-01,5.597260992413513048e-01,-7.704603949654213746e-02,-2.103517761286633481e-01,2.428547114138964735e-01,4.614906797723444809e-01,1.588771604985816099e-01,4.387245565586165297e-01,2.465493819875395065e-01,3.788697167209577610e-01,5.977556779349543215e-01,4.520441916813341399e-01,2.328114297145419953e-01,5.161448684552546462e-01,4.556689752406097860e-01,5.014966834140222041e-01,4.392781097991417805e-01,1.490671483626248850e-01,4.508042622108878184e-01,1.959180573374798284e-02,-3.079627497059821417e-01,-1.890227909272909623e-01,1.000000000000000000e+00,5.405173240187938211e-01,4.943960736866929717e-01,1.657740808254565545e-01,5.072430662331112172e-01,4.542736533758546247e-01,3.236699374619768088e-01,4.956627752513023677e-01,5.052115581510514541e-01,-5.202438981719651467e-01,4.598282177204986998e-01,-1.575692171185014145e-01,4.218649297599464387e-01,7.963397850245447496e-02
2.495858392453473018e-01,-5.919029087933838085e-01,3.982837527200943084e-01,3.516650259312374405e-01,6.322260974144681134e-01,2.364671955231819056e-01,-1.526280090459316841e-01,3.384772631876840632e-01,5.116071841996621128e-01,-1.185492670184159769e-01,4.558505008128310720e-01,4.684030164038239796e-01,4.895123703024518713e-01,3.263975493856489662e-01,4.537864004885800440e-01,9.203328792753258381e-02,5.680683498452115954e-01,4.471272983648046928e-01,5.888260904873660051e-01,3.229546265661801807e-01,2.969720141441793415e-01,6.302171671180620827e-01,-2.738263847654249378e-02,-3.155915570819264326e-01,3.353836443937681377e-02,5.405173240187938211e-01,1.000000000000000000e+00,2.270819881200306367e-01,4.582615151690697108e-01,3.061635043304172799e-01,6.024247181752904190e-01,6.652955194338679989e-01,5.789806665192124280e-01,6.616760821280300853e-01,-5.009795994001967623e-01,4.634513835078280519e-01,-4.386660063612279892e-01,4.380120841002231868e-01,6.230075725026506389e-02
8.593081323178841657e-02,-1.114281401353298534e-01,8.370231487122373748e-01,2.318832615245776108e-01,2.727851468750114305e-01,-3.464896151922395862e-01,8.627740258632191073e-02,1.284251760494750649e-01,4.473924835315757353e-01,4.856594829357594456e-01,6.066118496389016901e-01,5.233441580830534567e-01,2.279941626159029400e-01,7.702521705019718112e-01,6.268846677200733408e-01,5.058328155752384037e-01,5.802028003309094295e-01,7.134247866340582833e-01,5.833139462485669169e-01,7.999615830652511139e-01,3.358452687137659098e-01,5.641235293811376339e-01,1.316598332879570900e-03,-3.798389646859072211e-01,-4.616423282364427449e-01,4.943960736866929717e-01,2.270819881200306367e-01,1.000000000000000000e+00,-9.952856799267884025e-02,5.018872750865599475e-01,6.455357076111523096e-01,4.181977544048746109e-01,6.348899621573601548e-01,4.545414302165992071e-01,-2.837614685904741307e-01,3.446203991223166785e-01,2.453776336172236727e-01,6.536848037972425862e-01,2.343241433324598499e-01
3.378795325242934799e-01,-1.946574837688653803e-01,5.259469454915828568e-02,9.621567511126284666e-02,3.986344538469857035e-01,5.122718837714321793e-01,-4.086527242090886025e-01,3.738206929555236702e-01,3.178502029684998620e-02,-1.704257461499706916e-01,-8.348747200288518522e-02,2.117685652991105338e-01,4.226317551114402993e-01,-1.869138894384560767e-01,1.339045711423796359e-01,-1.651499026259220793e-01,1.489672751696328179e-01,8.588747448208672308e-02,2.653601181565161116e-01,7.503690301434942471e-03,5.490220406438319767e-01,3.167441100678868304e-01,2.626190872968879875e-01,3.517791013226299612e-01,4.042392116807090319e-01,1.657740808254565545e-01,4.582615151690697108e-01,-9.952856799267884025e-02,1.000000000000000000e+00,-3.056950063619304214e-02,3.562303586491167295e-01,4.155872492127005713e-01,2.711671230087830398e-01,2.660940216866861663e-01,-4.198526541542299539e-01,9.723800922939390690e-02,-4.008737075727872856e-01,4.137998413381846485e-02,-2.167732211557686639e-01
8.438583311478495275e-02,-1.776751109219488201e-01,4.867709019527594605e-01,1.720036713277185159e-01,2.583667163745016482e-01,-1.908815586877987969e-01,8.519274431904316769e-02,1.349401382405036320e-01,2.461050096939473575e-01,1.274414157418420068e-01,4.527229698687002535e-01,1.436032693904154278e-01,2.904913156975846289e-01,5.252438005509941776e-01,3.416638684602565923e-01,2.076734191268785334e-01,4.050770888528381630e-01,3.617092556475612342e-01,4.120175440841579717e-01,4.645388508581033693e-01,2.224843522913930172e-02,4.085117793342067372e-01,-1.293760108483770488e-01,-4.201871092115440631e-01,-3.296171455020124319e-01,5.072430662331112172e-01,3.061635043304172799e-01,5.018872750865599475e-01,-3.056950063619304214e-02,1.000000000000000000e+00,4.453539855780044854e-01,3.133444695574061356e-01,4.497028389791229430e-01,2.160261845975094686e-01,-2.500336888917387701e-01,5.145061653533555823e-01,-6.240466083139503163e-03,2.995841282773381575e-01,-4.429058696088949976e-02
2.435805819802013550e-01,-4.895209743997784302e-01,8.074290400129787715e-01,4.686667471224776338e-01,4.760579892986661066e-01,-3.295465252815393820e-02,-1.178841507694426832e-01,4.942315883197215820e-01,3.928671073220184606e-01,1.327100752647754067e-01,6.445199497756741724e-01,6.574617097726337400e-01,4.820292845392801229e-01,5.060568565941488961e-01,6.659137819532091607e-01,2.204465196404810368e-01,7.169132017048591710e-01,7.233061777838379891e-01,7.601235788605890109e-01,7.515309660379986267e-01,6.202337170100062913e-01,8.154717224827993105e-01,-1.343553930155350074e-01,-3.590641918020289758e-01,-3.204716512500566106e-01,4.542736533758546247e-01,6.024247181752904190e-01,6.455357076111523096e-01,3.562303586491167295e-01,4.453539855780044854e-01,1.000000000000000000e+00,8.043700951760505147e-01,7.169212092031769235e-01,5.577075124032909725e-01,-4.596214062725174632e-01,4.071156297304635574e-01,-1.109780191795640691e-01,6.082294012037994246e-01,-6.280900990048406823e-03
2.386306920353979122e-01,-6.435833988079290302e-01,6.406839804513785319e-01,4.746005193758532914e-01,5.177410009300257299e-01,7.983284828640069275e-02,-4.885067763684893677e-02,5.104230097341817540e-01,3.258670509455252051e-01,-6.600154732475323194e-02,5.651725329123056252e-01,5.854267498350944621e-01,4.701460098213359196e-01,2.986196546455127110e-01,5.655621773073274960e-01,7.885565292480214983e-02,6.102663621964888874e-01,6.109937071057105484e-01,7.018052090071797977e-01,6.056626142212976349e-01,5.793290935093887706e-01,7.691309865550468583e-01,-1.699475627335339800e-01,-3.795500295847908379e-01,-2.090216850103065738e-01,3.236699374619768088e-01,6.652955194338679989e-01,4.181977544048746109e-01,4.155872492127005713e-01,3.133444695574061356e-01,8.043700951760505147e-01,1.000000000000000000e+00,6.854269021209050683e-01,5.348699179939320203e-01,-3.857693474708701609e-01,3.687965387221571745e-01,-1.266565039532863424e-01,5.138113302894953272e-01,-8.527734276909296196e-02
1.582143567318151089e-01,-5.022560274051367513e-01,6.682399675621980562e-01,3.611627920329387731e-01,4.140063684123387322e-01,8.052320998085858716e-02,-4.743360604545562159e-02,2.003246480277025010e-01,5.200685000510564260e-01,1.541096682446748412e-01,5.981813936466826576e-01,4.796214602922566628e-01,4.836651370886776435e-01,5.533816179430827153e-01,5.803412222936586984e-01,3.349644764180306766e-01,6.219115118307728673e-01,6.075970783107079720e-01,6.172695430150616502e-01,5.628767183236371707e-01,4.175059828135991857e-01,6.363681145509716419e-01,3.515296005696742082e-02,-3.984029107450126617e-01,-1.597678973665742352e-01,4.956627752513023677e-01,5.789806665192124280e-01,6.348899621573601548e-01,2.711671230087830398e-01,4.497028389791229430e-01,7.169212092031769235e-01,6.854269021209050683e-01,1.000000000000000000e+00,5.836646459563203937e-01,-3.597154042978128463e-01,4.482152703540538963e-01,-6.252000875899163534e-02,5.806378819865795071e-01,1.192265159694526899e-01
2.219790548759189297e-01,-2.983223294086586597e-01,4.800458506351863441e-01,2.008444079492537893e-01,6.861117646795500402e-01,7.693898403083203330e-02,-8.342498598419526012e-02,3.260540262457543581e-01,7.183022457638643665e-01,2.626629293271159904e-01,4.271466949311882311e-01,6.975756487726523236e-01,3.379345676564654011e-01,4.997805310809159685e-01,5.759438717000363583e-01,3.996884571965379496e-01,5.485583147887794775e-01,6.708462671801239674e-01,6.491679528021487844e-01,4.547129166863592142e-01,3.379498073814718451e-01,5.278230608570494420e-01,8.825471898291178952e-02,-2.679599735544612171e-01,-9.560632583766041914e-02,5.052115581510514541e-01,6.616760821280300853e-01,4.545414302165992071e-01,2.660940216866861663e-01,2.160261845975094686e-01,5.577075124032909725e-01,5.348699179939320203e-01,5.836646459563203937e-01,1.000000000000000000e+00,-4.208599464596828876e-01,3.290178564372164272e-01,-2.254699951838914085e-01,6.511290400579052839e-01,3.457250758301704252e-01
-2.547024295789946380e-01,1.620767348772036431e-01,-3.282244338122546901e-01,-2.797456991924949787e-01,-5.241516076162657800e-01,-8.879371123908909313e-02,2.576024291415041079e-01,-4.122822094000373472e-01,-3.006833371050650072e-01,-3.270109462331217964e-02,-3.270622787945860477e-01,-3.272687770766682380e-01,-2.667864389431162664e-01,-3.153130213526917913e-01,-3.626987636537312709e-01,-5.208327235901166231e-03,-4.953001945220043001e-01,-3.526352253981307472e-01,-4.891460298651703065e-01,-3.816675213070429007e-01,-3.464726798372234629e-01,-4.124698915250673559e-01,1.481199209802487315e-01,1.353008846679238653e-01,1.921707137109308072e-01,-5.202438981719651467e-01,-5.009795994001967623e-01,-2.837614685904741307e-01,-4.198526541542299539e-01,-2.500336888917387701e-01,-4.596214062725174632e-01,-3.857693474708701609e-01,-3.597154042978128463e-01,-4.208599464596828876e-01,1.000000000000000000e+00,-3.288587872714032190e-01,2.618187634205678127e-01,-3.388395290327561038e-01,5.430091387951898468e-02
1.780429573291343326e-01,-2.013358466844272499e-01,3.895800761575572424e-01,2.622873097753278260e-01,3.771378026707810638e-01,-4.520838138421761493e-02,7.617191225466503346e-02,2.984321011947161512e-02,3.794877988255877521e-01,1.436886254990369094e-01,3.801975243926565273e-01,1.124450189829018371e-01,1.044055757278227747e-01,3.996069006351523623e-01,3.915356403949145636e-01,2.263424350234871929e-01,3.669205444002937022e-01,3.057293099777005363e-01,4.527715373949445787e-01,3.634002547276450890e-01,6.174932991604016597e-02,4.298118913053528556e-01,1.003999121720971881e-02,-4.160188829910911323e-01,-8.671874300350150555e-02,4.598282177204986998e-01,4.634513835078280519e-01,3.446203991223166785e-01,9.723800922939390690e-02,5.145061653533555823e-01,4.071156297304635574e-01,3.687965387221571745e-01,4.482152703540538963e-01,3.290178564372164272e-01,-3.288587872714032190e-01,1.000000000000000000e+00,-2.258162887829987808e-01,3.215962418484211716e-01,1.937672513336410537e-02
-1.350038608909079618e-01,1.444574223341643093e-01,1.232428552727024840e-01,-1.015513343821702191e-01,-2.233081576756253683e-01,-4.365761108317204320e-01,3.761550123317812799e-01,-7.639721388630704713e-02,-1.714708821280116757e-01,1.543794587258931483e-01,9.814492894362111461e-03,-7.506012683422988441e-02,-2.427210179975749782e-01,1.113156345105434236e-01,-6.908698239679376962e-02,8.155989633602248046e-02,-1.687601047686607403e-01,3.215964503382610223e-02,-8.374542405553160596e-02,1.972804170611923702e-01,-1.165711804993995737e-01,-3.770285137083018157e-02,-1.103307824731580705e-01,-1.535569325026898690e-01,-3.521027263417552122e-01,-1.575692171185014145e-01,-4.386660063612279892e-01,2.453776336172236727e-01,-4.008737075727872856e-01,-6.240466083139503163e-03,-1.109780191795640691e-01,-1.266565039532863424e-01,-6.252000875899163534e-02,-2.254699951838914085e-01,2.618187634205678127e-01,-2.258162887829987808e-01,1.000000000000000000e+00,-3.138266787044904742e-03,-1.626682221330430153e-02
4.047717083481699452e-01,-1.315720383680404060e-01,7.074911381053236026e-01,1.624265993038955247e-01,4.958762473980279917e-01,-2.902565465060987782e-01,2.983634705490171082e-02,3.014632920386757786e-01,6.993512839424925742e-01,5.957021772730876075e-01,5.006137822688728756e-01,7.148503049497703099e-01,1.285438961456931706e-01,5.323380276187718030e-01,7.443674774705699715e-01,7.245225287183626461e-01,5.068264839128622246e-01,7.728788076989568934e-01,5.779470092743695941e-01,6.922351543861228196e-01,3.951184569870464514e-01,6.318166820584683041e-01,5.418352823260151607e-02,-3.475120285965077049e-01,-2.583342112563103421e-01,4.218649297599464387e-01,4.380120841002231868e-01,6.536848037972425862e-01,4.137998413381846485e-02,2.995841282773381575e-01,6.082294012037994246e-01,5.138113302894953272e-01,5.806378819865795071e-01,6.511290400579052839e-01,-3.388395290327561038e-01,3.215962418484211716e-01,-3.138266787044904742e-03,1.000000000000000000e+00,5.766886658028321788e-01
1.373243803901528226e-01,2.541435474850747278e-01,1.559813648297414534e-01,-2.375982419374344790e-01,1.076139099421461603e-01,-2.628621937963984134e-01,7.554369605528629683e-02,-1.713032575266962010e-01,6.144492786438027210e-01,6.754776245700047088e-01,-8.712328548622645663e-03,4.087930466133529728e-01,-1.631627226140546782e-01,2.446122734999200687e-01,3.242583381653398877e-01,7.493527461000711876e-01,6.456940554445449176e-02,3.375577486826701334e-01,-2.645980119170196487e-02,1.062288177383547694e-01,-5.425135136502281380e-02,4.589156979893870697e-02,3.268373454023715818e-01,-2.187489435447385194e-02,9.271069654965902185e-02,7.963397850245447496e-02,6.230075725026506389e-02,2.343241433324598499e-01,-2.167732211557686639e-01,-4.429058696088949976e-02,-6.280900990048406823e-03,-8.527734276909296196e-02,1.192265159694526899e-01,3.457250758301704252e-01,5.430091387951898468e-02,1.937672513336410537e-02,-1.626682221330430153e-02,5.766886658028321788e-01,1.000000000000000000e+00
