1.000000000000000000e+00,8.587767561874785072e-01,3.915062021870690523e-01,1.796451133167258352e-01,7.727750348033615158e-01,7.317449990354439882e-01,4.041366267539109325e-01,-4.680295731040932106e-01,7.905852017472851656e-02,7.134149763996848748e-01,1.780807689431753715e-01,6.542836415824553331e-01,6.004758385170299029e-01,-4.532157790112331663e-02,3.008842831704113263e-01,8.173007534920162520e-01,6.467741734472910453e-01,6.536698284918741608e-01,4.617495307777426672e-01,-2.338486626682443337e-01,7.315022754303688313e-01,6.157921598593824042e-01,6.256781574682397651e-02,7.756075706746483611e-01,3.304718065774593927e-01,9.101188290169509587e-02,-2.631345182295533394e-02,4.330218268498494671e-01,2.142898399563334944e-01,-2.578042640185889134e-01,2.394886448204074370e-01,4.543545849882252852e-01,7.384723241014495843e-01,3.762256746319175282e-01,-2.198424844185885851e-01,3.179874051704670301e-01,8.805465545680297990e-03,2.660137197022050537e-01,4.971480732063201513e-01
8.587767561874785072e-01,1.000000000000000000e+00,5.583319470346017610e-01,2.481716661078126884e-01,7.144839779714978745e-01,7.727373437219862140e-01,3.601912463952162691e-01,-6.463247471159918600e-01,-2.902005534668617923e-02,8.047646345109842336e-01,2.370312350868160889e-01,6.675109012760919169e-01,4.307924761469681396e-01,-1.361839421741318501e-01,1.775175465731890778e-01,8.166428587331693301e-01,6.309491906314976806e-01,5.301903412467529053e-01,4.081259953708447075e-01,-1.281567866178245918e-01,7.714168875001009562e-01,6.911911928656888637e-01,-5.622538386201787058e-02,8.340921063595819751e-01,2.160671565939097372e-01,5.697164839000978115e-02,-1.803347636098400486e-01,5.422854485727758300e-01,2.996180819510801396e-01,-3.063214806154218595e-01,4.245344000596086298e-01,4.198540291362748422e-01,7.749083867752365462e-01,2.842862724016236298e-01,-6.549274281034679623e-02,2.800015749300662216e-01,-8.978522565292669511e-02,1.892656055625621114e-01,4.922348286652180049e-01
3.915062021870690523e-01,5.583319470346017610e-01,1.000000000000000000e+00,2.227103211489838974e-01,5.716159619111295109e-01,5.487878288379953728e-01,3.727111959534059604e-01,-9.039154709862028403e-01,3.362731700960571585e-02,6.444818312240980784e-01,4.261115523230687985e-01,6.587027290160281101e-01,4.723441863284080083e-02,-4.935865388517863273e-01,1.399689601179373022e-01,5.297621187545611399e-01,6.354009684826641413e-01,2.601694700656034809e-01,4.418732060611355039e-01,5.763285520267775741e-01,5.839977523822821315e-01,8.149064287546766705e-01,-4.231538425083163357e-01,6.861226718174647798e-01,-1.278523821046068099e-01,-3.927518488632001925e-01,-3.216192080225785399e-01,7.773325373350674639e-01,2.074876717955403405e-01,-4.395293437344861553e-01,8.008678469739045624e-01,2.769286239321082088e-01,7.603866616311023563e-01,1.695285321898676312e-01,5.498867742987114671e-01,-4.867986973302459303e-02,1.850632173640074651e-01,-1.303560408387542113e-01,2.212300488304169699e-01
1.796451133167258352e-01,2.481716661078126884e-01,2.227103211489838974e-01,1.000000000000000000e+00,-2.238830665674685499e-02,1.444204797100089588e-01,5.922130711017967730e-01,-2.853774258922981977e-01,-3.418387624862146423e-01,2.879114375751976596e-01,-8.030956400102398640e-02,5.154357831872412310e-02,5.867163365016526966e-02,-2.470570329588200609e-01,-5.547569370904986696e-01,2.177464796986015583e-01,1.280423682352880010e-01,-2.214464673488339697e-01,-2.443309425934773460e-01,1.223658077167675690e-01,1.377291505129843996e-01,1.553312368098551388e-01,-1.371086839308676975e-01,2.579578122619571867e-01,-2.123995242076420487e-01,-3.294368747324725177e-01,-2.912779941158092911e-01,2.685376936543275583e-01,3.524286689947465079e-01,-1.831324679942898104e-01,7.979273732611708025e-02,2.136378215705128647e-01,2.728875723904333750e-01,-3.695298352168079337e-01,1.882926718128217769e-01,1.582633641967043647e-01,1.636993726386728187e-01,-1.519603750172231760e-01,-1.786005222917949609e-01
7.727750348033615158e-01,7.144839779714978745e-01,5.716159619111295109e-01,-2.238830665674685499e-02,1.000000000000000000e+00,7.013993923893524496e-01,3.845140705013972982e-01,-5.540458679418222010e-01,4.256486123245373232e-01,6.619611420807349766e-01,3.126726599971341169e-01,7.815317599209635757e-01,5.814853377829958259e-01,-1.645412763894890940e-01,5.647873316984628467e-01,7.359495307408632225e-01,7.293706643859191319e-01,7.799978853495440623e-01,7.453023816149033642e-01,7.499530725936748299e-02,6.573683406775425730e-01,7.604639658052660955e-01,-6.956737921892636178e-02,7.391370345320517066e-01,2.766244181152097692e-01,-2.684618784777336592e-02,2.740650983876384214e-02,5.714029392289955434e-01,4.962589308244833713e-02,-2.596812068633631010e-01,3.756791444314357964e-01,5.030012930474648813e-01,7.936363406883881755e-01,6.347844090342696921e-01,-6.986896291290532746e-02,1.820028700884583628e-01,1.900315691966132092e-01,2.982942811665689198e-01,5.647204678735616712e-01
7.317449990354439882e-01,7.727373437219862140e-01,5.487878288379953728e-01,1.444204797100089588e-01,7.013993923893524496e-01,1.000000000000000000e+00,3.849440483071022157e-01,-5.847339384377767679e-01,1.356153805165442872e-01,7.074842230028418610e-01,3.434454487796513855e-01,5.609631741170602037e-01,3.814395759905544470e-01,-2.222424042121938781e-01,3.311518703594076296e-01,6.918283670356381032e-01,6.375506190801797368e-01,5.735501226833237265e-01,5.506808329415836534e-01,7.402297725603306996e-03,6.603443129040300619e-01,6.147062117220019051e-01,7.572723794637789552e-02,7.347768726835097741e-01,3.163039088806270382e-01,-3.178265135073038428e-02,-2.238844864779497290e-01,5.294873348463694507e-01,2.974312246501641943e-01,-1.751250976373649182e-01,3.897113691841107563e-01,4.876584305347687609e-01,7.010789967811580370e-01,3.322082169391054052e-01,5.327972575259616247e-03,2.690797334792482398e-01,-5.897794225686563835e-02,2.883301307819011172e-01,4.338350846815695605e-01
4.041366267539109325e-01,3.601912463952162691e-01,3.727111959534059604e-01,5.922130711017967730e-01,3.845140705013972982e-01,3.849440483071022157e-01,1.000000000000000000e+00,-3.686204191067926073e-01,-4.713996054634771865e-02,3.829162955478271901e-01,1.114316564085242600e-01,3.264349535257449753e-01,3.152673271240342134e-01,-2.737085384237794017e-01,-1.760079792155579484e-02,3.698817051599198602e-01,4.429661755431095749e-01,2.197697186849648099e-01,2.049164019303823525e-01,1.857314054340093723e-01,3.433596742236663113e-01,4.290507569825920964e-01,-1.187544266921249786e-01,4.554873457825879823e-01,-3.387716379324474253e-02,-4.005634897424491525e-01,-7.008027785817867727e-02,4.265294015884534828e-01,2.023946522604825049e-01,-3.039041286087368343e-01,2.050586666269367253e-01,4.798134785476335651e-01,5.130900014431671874e-01,1.644870145117919083e-02,1.658644586728554582e-01,3.566522344793992411e-02,3.498846660148807186e-01,-7.878763222683357603e-02,2.698224161458483671e-03
-4.680295731040932106e-01,-6.463247471159918600e-01,-9.039154709862028403e-01,-2.853774258922981977e-01,-5.540458679418222010e-01,-5.847339384377767679e-01,-3.686204191067926073e-01,1.000000000000000000e+00,6.301045912142622107e-02,-6.940833046958618802e-01,-3.609363611207774825e-01,-6.316331834236593723e-01,-4.838127322923935908e-02,4.544020232994103736e-01,-6.236847694532409586e-02,-5.849892586495365476e-01,-6.155320913230447610e-01,-2.635932718377488881e-01,-3.782943440962394099e-01,-4.448408915908798056e-01,-6.464137066328269343e-01,-8.091180540340584537e-01,3.738157411527734397e-01,-7.101749665668470879e-01,7.705260980189393427e-02,3.063847786336660883e-01,3.286235239998833157e-01,-7.506302587589300801e-01,-3.025797381602424174e-01,4.286434947550741836e-01,-7.741078623027649597e-01,-2.622380446537379561e-01,-7.610015049880268778e-01,-1.128562517381392211e-01,-5.008795183571264076e-01,-2.561977677119174623e-02,-8.148674278541814808e-02,1.148380499130538246e-01,-2.281518113803190362e-01
7.905852017472851656e-02,-2.902005534668617923e-02,3.362731700960571585e-02,-3.418387624862146423e-01,4.256486123245373232e-01,1.356153805165442872e-01,-4.713996054634771865e-02,6.301045912142622107e-02,1.000000000000000000e+00,1.277611738363954585e-01,3.514193587943583580e-02,2.607602801880147814e-01,2.967535481072414716e-01,-3.261081087438647691e-02,6.051055972516649062e-01,1.545224624125676738e-01,2.067283823245256724e-01,5.388013971217977538e-01,5.761499127583631363e-01,4.046752253522430814e-02,-3.805274258775974416e-02,1.415447212949283440e-01,3.439196949820152310e-02,2.079638185713265919e-02,2.022281649045717666e-01,-4.577488798737009562e-02,1.610705740501154337e-01,5.462965413882874682e-02,-2.300074089579569880e-01,1.863344241220293296e-01,-9.629289342965753618e-02,2.163890793170742677e-01,1.029054012927435036e-01,7.248000760162648382e-01,-1.236541395044336855e-01,4.506935955963910223e-02,3.027048971449763926e-01,5.060624136656020067e-01,4.602002397462374716e-01
7.134149763996848748e-01,8.047646345109842336e-01,6.444818312240980784e-01,2.879114375751976596e-01,6.619611420807349766e-01,7.074842230028418610e-01,3.829162955478271901e-01,-6.940833046958618802e-01,1.277611738363954585e-01,1.000000000000000000e+00,2.508219687390061403e-01,6.955471515665361260e-01,3.625719326466669279e-01,-2.199225106339884050e-01,1.465158356259205485e-01,8.571639426460748723e-01,6.587774589735242436e-01,4.533234178117713231e-01,3.953111301687176615e-01,7.210117105167639096e-02,6.925399308335145054e-01,7.179109521867153010e-01,-1.309901005877919522e-01,7.890000563869110639e-01,1.253561463920956354e-01,-1.816010217613007460e-01,-2.142304644607570252e-01,5.644066157727867239e-01,1.946582409785366230e-01,-2.728152103141575635e-01,4.910324339372924007e-01,3.718297070648144409e-01,7.354567906675383293e-01,2.557701339484422798e-01,1.073433756711204140e-01,2.170884663157748029e-01,1.228789185892323610e-01,1.602577454353139308e-01,5.117127138046542179e-01
1.780807689431753715e-01,2.370312350868160889e-01,4.261115523230687985e-01,-8.030956400102398640e-02,3.126726599971341169e-01,3.434454487796513855e-01,1.114316564085242600e-01,-3.609363611207774825e-01,3.514193587943583580e-02,2.508219687390061403e-01,1.000000000000000000e+00,3.275797064350878252e-01,6.925727190949620971e-02,-1.151487162148848581e-01,2.045550965197868720e-01,2.202267611953626358e-01,3.297088831374231921e-01,2.003417127292962396e-01,3.006564718469775244e-01,3.071416578087296512e-01,2.718156264954843526e-01,3.462261859380955653e-01,-9.315952358770393515e-02,3.806520246319791134e-01,3.711831996383585519e-02,-1.176988274393008516e-01,-1.567363683518413764e-01,4.105224386518155355e-01,-3.338013628709603220e-02,-2.060994752513811423e-01,3.836756092707158117e-01,5.151494201512171051e-02,3.716828976611667446e-01,1.558300275977065330e-01,2.198691337061722817e-01,-1.629580333991109686e-01,-2.039843107493913028e-03,-8.939433228103162155e-02,1.108335433452044966e-01
6.542836415824553331e-01,6.675109012760919169e-01,6.587027290160281101e-01,5.154357831872412310e-02,7.815317599209635757e-01,5.609631741170602037e-01,3.264349535257449753e-01,-6.316331834236593723e-01,2.607602801880147814e-01,6.955471515665361260e-01,3.275797064350878252e-01,1.000000000000000000e+00,5.028077904244825369e-01,-2.008599642372937699e-01,3.598338702055219884e-01,7.016558600099227494e-01,7.357490493049834157e-01,5.533549816568068547e-01,4.836120852018904182e-01,1.541853035147771611e-01,6.441552596222657190e-01,8.195903091558239817e-01,-3.079620487264786433e-01,7.752416047255200615e-01,1.110245863484590062e-01,-2.009499369742056285e-01,-1.145216947281690184e-02,6.079966706010547783e-01,-4.806521292686100760e-02,-4.999722719205040855e-01,5.173597301395627124e-01,4.729449158159921285e-01,8.193554359799725129e-01,4.524662703726693436e-01,4.590659633594960931e-02,-4.090815490235286123e-02,2.983989149416579889e-01,9.698782469765517000e-02,6.185854919605707769e-01
6.004758385170299029e-01,4.307924761469681396e-01,4.723441863284080083e-02,5.867163365016526966e-02,5.814853377829958259e-01,3.814395759905544470e-01,3.152673271240342134e-01,-4.838127322923935908e-02,2.967535481072414716e-01,3.625719326466669279e-01,6.925727190949620971e-02,5.028077904244825369e-01,1.000000000000000000e+00,8.736259259425402726e-03,3.652012841014927735e-01,5.109724776669368751e-01,4.727912755621977436e-01,5.125671449341836494e-01,3.885178185427683450e-01,-2.337102262657733132e-01,3.095908557651823600e-01,3.264164364275743968e-01,9.161091554835888717e-02,4.506037095831117445e-01,2.718516952533390207e-01,1.891526698406109305e-02,1.597443003520004901e-01,1.747848300655325260e-01,-8.676764885892999934e-02,-1.557856470500825763e-01,-2.317811364892682358e-01,5.309430929639430419e-01,4.330540520698299978e-01,3.684604068102288466e-01,-4.126790500475579493e-01,1.839402512421914881e-01,2.020509794586223262e-01,3.323864200905425892e-01,4.243802536073810749e-01
-4.532157790112331663e-02,-1.361839421741318501e-01,-4.935865388517863273e-01,-2.470570329588200609e-01,-1.645412763894890940e-01,-2.222424042121938781e-01,-2.737085384237794017e-01,4.544020232994103736e-01,-3.261081087438647691e-02,-2.199225106339884050e-01,-1.151487162148848581e-01,-2.008599642372937699e-01,8.736259259425402726e-03,1.000000000000000000e+00,-4.501911972985487426e-02,-1.234773084937457882e-01,-3.243616078520251689e-01,-2.123624363057195763e-02,-1.901408466106100925e-01,-4.326270291759722886e-01,-1.841102492447403705e-01,-3.240712411357951628e-01,2.771556055150491416e-01,-2.250124575806396188e-01,2.138889137555756714e-01,5.628283709810033564e-01,5.026806993014952818e-01,-3.907742478175569301e-01,-2.766719959567094378e-01,1.950574045467349249e-01,-3.249719184666161054e-01,-1.851459783570746087e-01,-3.490963167581466742e-01,6.548214687194411909e-02,-5.353620227118892627e-01,-8.183184305214569187e-02,-1.864877826075578282e-01,1.085237581831346304e-02,2.216827798985313708e-02
3.008842831704113263e-01,1.775175465731890778e-01,1.399689601179373022e-01,-5.547569370904986696e-01,5.647873316984628467e-01,3.311518703594076296e-01,-1.760079792155579484e-02,-6.236847694532409586e-02,6.051055972516649062e-01,1.465158356259205485e-01,2.045550965197868720e-01,3.598338702055219884e-01,3.652012841014927735e-01,-4.501911972985487426e-02,1.000000000000000000e+00,2.190462579102062657e-01,2.904803027771298840e-01,6.901149473087434538e-01,7.405101142845962325e-01,1.527715276523766794e-03,1.785873813188034454e-01,2.825225946120285547e-01,1.653776392080756052e-01,2.295012049865678416e-01,3.766284636748829517e-01,1.036957733467244319e-01,2.533649584060562732e-01,2.107378582106352594e-01,-1.699758165013249833e-01,6.010641122659091812e-02,3.981527249563832083e-02,2.869780515282717159e-01,2.501226632638621217e-01,7.306630011524815060e-01,-1.396936455637344532e-01,-8.110612431214939133e-02,1.473998679049771388e-01,4.578209681866862168e-01,4.592336725808857656e-01
8.173007534920162520e-01,8.166428587331693301e-01,5.297621187545611399e-01,2.177464796986015583e-01,7.359495307408632225e-01,6.918283670356381032e-01,3.698817051599198602e-01,-5.849892586495365476e-01,1.545224624125676738e-01,8.571639426460748723e-01,2.202267611953626358e-01,7.016558600099227494e-01,5.109724776669368751e-01,-1.234773084937457882e-01,2.190462579102062657e-01,1.000000000000000000e+00,6.808447836545157283e-01,5.396617193552530889e-01,4.279869321348562794e-01,-2.661986849671195421e-02,7.091750711813689101e-01,6.924314549456103141e-01,-6.405360073144537869e-02,7.818868057885300926e-01,1.833974631815707967e-01,-7.775315816025475668e-02,-1.373684426471355746e-01,5.087548826455909889e-01,1.979184799102525205e-01,-2.350349393137389498e-01,3.559837611178409689e-01,4.060172035007365565e-01,7.515507736660942406e-01,3.224187952475143226e-01,-3.949447601884276821e-02,2.928165197416298104e-01,1.233568111161393033e-01,2.056293457142104320e-01,5.087896319106246512e-01
6.467741734472910453e-01,6.309491906314976806e-01,6.354009684826641413e-01,1.280423682352880010e-01,7.293706643859191319e-01,6.375506190801797368e-01,4.429661755431095749e-01,-6.155320913230447610e-01,2.067283823245256724e-01,6.587774589735242436e-01,3.297088831374231921e-01,7.357490493049834157e-01,4.727912755621977436e-01,-3.243616078520251689e-01,2.904803027771298840e-01,6.808447836545157283e-01,1.000000000000000000e+00,4.995064833456889231e-01,4.912501416599501791e-01,1.820343350176873987e-01,6.663206732584743275e-01,7.040824408552784908e-01,-2.415160686644939603e-01,7.160995951900347434e-01,6.996053224986444052e-02,-2.432029548287447662e-01,-1.400727681052751361e-01,5.675782996398881508e-01,2.217062268833920047e-01,-4.469423474812116437e-01,4.964916593568243774e-01,5.356136025929120192e-01,7.698106731232747801e-01,3.184737523011811344e-01,1.506461159089848845e-01,1.076670555382838734e-01,3.008283411486381009e-01,4.630344082666218442e-02,3.801992363935952080e-01
6.536698284918741608e-01,5.301903412467529053e-01,2.601694700656034809e-01,-2.214464673488339697e-01,7.799978853495440623e-01,5.735501226833237265e-01,2.197697186849648099e-01,-2.635932718377488881e-01,5.388013971217977538e-01,4.533234178117713231e-01,2.003417127292962396e-01,5.533549816568068547e-01,5.125671449341836494e-01,-2.123624363057195763e-02,6.901149473087434538e-01,5.396617193552530889e-01,4.995064833456889231e-01,1.000000000000000000e+00,7.589123832446798001e-01,-1.974795798789626133e-01,4.929304034905998555e-01,4.825156872860915103e-01,1.207220820715801946e-01,5.026098589748951850e-01,4.112471083433497099e-01,1.368276162769610504e-01,1.703160810431315897e-01,3.038839483078644710e-01,2.517440803547004932e-02,-6.707402534821692297e-02,1.139954825169217784e-01,3.744900880263174470e-01,5.301329545924967634e-01,7.486871682198452671e-01,-2.623525197106678086e-01,2.090963681790272699e-01,1.032589737022327619e-01,4.490231239748868619e-01,6.515176562274451744e-01
4.617495307777426672e-01,4.081259953708447075e-01,4.418732060611355039e-01,-2.443309425934773460e-01,7.453023816149033642e-01,5.506808329415836534e-01,2.049164019303823525e-01,-3.782943440962394099e-01,5.761499127583631363e-01,3.953111301687176615e-01,3.006564718469775244e-01,4.836120852018904182e-01,3.885178185427683450e-01,-1.901408466106100925e-01,7.405101142845962325e-01,4.279869321348562794e-01,4.912501416599501791e-01,7.589123832446798001e-01,1.000000000000000000e+00,1.739118585238486614e-01,3.660384936100711251e-01,5.131469735148072031e-01,5.518863716595728830e-02,4.240808857289276590e-01,2.663441492081550233e-01,1.064092943711725768e-02,1.350937954961583254e-01,4.307673017303501606e-01,-2.165267769108547569e-02,7.030123376255294210e-02,2.427176411609288098e-01,3.402440124270473820e-01,4.959356598771806901e-01,7.463590006480984584e-01,1.422043169271745670e-02,1.703851320597879193e-01,1.289747112361492309e-01,3.635157605851628837e-01,4.365553710637932183e-01
-2.338486626682443337e-01,-1.281567866178245918e-01,5.763285520267775741e-01,1.223658077167675690e-01,7.499530725936748299e-02,7.402297725603306996e-03,1.857314054340093723e-01,-4.448408915908798056e-01,4.046752253522430814e-02,7.210117105167639096e-02,3.071416578087296512e-01,1.541853035147771611e-01,-2.337102262657733132e-01,-4.326270291759722886e-01,1.527715276523766794e-03,-2.661986849671195421e-02,1.820343350176873987e-01,-1.974795798789626133e-01,1.739118585238486614e-01,1.000000000000000000e+00,-1.805565308166204438e-03,3.516234846160348759e-01,-3.371466343988662739e-01,1.194839813502594772e-01,-3.494788439510062572e-01,-5.206988915584399580e-01,-3.049298058079851215e-01,4.867132677284694564e-01,6.259148724561173181e-04,-1.447726953007183459e-01,4.747132553191119597e-01,1.657813817698269507e-02,2.334927678849061383e-01,-8.189250380004176044e-02,6.694819202146657933e-01,-2.547605902824830459e-01,3.312901681878737126e-01,-2.909513233910419605e-01,-2.542688819034342740e-01
7.315022754303688313e-01,7.714168875001009562e-01,5.839977523822821315e-01,1.377291505129843996e-01,6.573683406775425730e-01,6.603443129040300619e-01,3.433596742236663113e-01,-6.464137066328269343e-01,-3.805274258775974416e-02,6.925399308335145054e-01,2.718156264954843526e-01,6.441552596222657190e-01,3.095908557651823600e-01,-1.841102492447403705e-01,1.785873813188034454e-01,7.091750711813689101e-01,6.663206732584743275e-01,4.929304034905998555e-01,3.660384936100711251e-01,-1.805565308166204438e-03,1.000000000000000000e+00,6.984002471997354800e-01,-7.702620982530436478e-02,7.681451837417183626e-01,2.074121082027772234e-01,-3.381341028498201229e-02,-1.657958762610895476e-01,4.862908395918988380e-01,2.030601858415993222e-01,-3.825351487388805594e-01,4.980947430033391687e-01,3.171072508197307904e-01,7.355785316028505827e-01,2.223885884416189618e-01,7.851866713914396056e-02,1.798298121232173030e-01,-2.824777087939182169e-02,1.197045242820717233e-02,3.858478267928924232e-01
6.157921598593824042e-01,6.911911928656888637e-01,8.149064287546766705e-01,1.553312368098551388e-01,7.604639658052660955e-01,6.147062117220019051e-01,4.290507569825920964e-01,-8.091180540340584537e-01,1.415447212949283440e-01,7.179109521867153010e-01,3.462261859380955653e-01,8.195903091558239817e-01,3.264164364275743968e-01,-3.240712411357951628e-01,2.825225946120285547e-01,6.924314549456103141e-01,7.040824408552784908e-01,4.825156872860915103e-01,5.131469735148072031e-01,3.516234846160348759e-01,6.984002471997354800e-01,1.000000000000000000e+00,-3.161070872125559816e-01,7.979230791920496335e-01,4.669854819249465161e-02,-2.322806360663311753e-01,-1.581321141851875500e-01,7.461797074472558133e-01,9.475868506602744268e-02,-4.624895334287723592e-01,6.768861733689220950e-01,4.104785736884571934e-01,8.662926539315620733e-01,3.265321768367873689e-01,2.743411564246532874e-01,-1.317175832435595571e-02,2.185277957475306732e-01,-1.764503495213300133e-02,4.176546936613028671e-01
6.256781574682397651e-02,-5.622538386201787058e-02,-4.231538425083163357e-01,-1.371086839308676975e-01,-6.956737921892636178e-02,7.572723794637789552e-02,-1.187544266921249786e-01,3.738157411527734397e-01,3.439196949820152310e-02,-1.309901005877919522e-01,-9.315952358770393515e-02,-3.079620487264786433e-01,9.161091554835888717e-02,2.771556055150491416e-01,1.653776392080756052e-01,-6.405360073144537869e-02,-2.415160686644939603e-01,1.207220820715801946e-01,5.518863716595728830e-02,-3.371466343988662739e-01,-7.702620982530436478e-02,-3.161070872125559816e-01,1.000000000000000000e+00,-1.734959229263819680e-01,5.795876727734303735e-01,2.708840846576468508e-01,2.165831119660445447e-01,-3.208883633948669267e-01,-1.280722967841216031e-01,4.227360129311243386e-01,-4.297020856160306823e-01,-3.685588598300213597e-02,-2.783210181177637188e-01,4.614540003845111343e-02,-3.712328293900216680e-01,1.645965439952976062e-01,-2.698116450513861619e-01,2.501145792813820878e-01,3.353226162741400340e-02
7.756075706746483611e-01,8.340921063595819751e-01,6.861226718174647798e-01,2.579578122619571867e-01,7.391370345320517066e-01,7.347768726835097741e-01,4.554873457825879823e-01,-7.101749665668470879e-01,2.079638185713265919e-02,7.890000563869110639e-01,3.806520246319791134e-01,7.752416047255200615e-01,4.506037095831117445e-01,-2.250124575806396188e-01,2.295012049865678416e-01,7.818868057885300926e-01,7.160995951900347434e-01,5.026098589748951850e-01,4.240808857289276590e-01,1.194839813502594772e-01,7.681451837417183626e-01,7.979230791920496335e-01,-1.734959229263819680e-01,1.000000000000000000e+00,1.310531506784899103e-01,-1.126615306859976989e-01,-1.899090747830274040e-01,6.960148114775102091e-01,2.086714087808743678e-01,-4.714717953737312950e-01,5.271212683411331534e-01,4.772711220051424896e-01,8.564319349646322133e-01,2.778934230703450359e-01,9.982425744947452662e-02,5.181842506258386299e-02,1.082381417583103828e-01,4.410907743620432614e-02,4.458063763265807111e-01
3.304718065774593927e-01,2.160671565939097372e-01,-1.278523821046068099e-01,-2.123995242076420487e-01,2.766244181152097692e-01,3.163039088806270382e-01,-3.387716379324474253e-02,7.705260980189393427e-02,2.022281649045717666e-01,1.253561463920956354e-01,3.711831996383585519e-02,1.110245863484590062e-01,2.718516952533390207e-01,2.138889137555756714e-01,3.766284636748829517e-01,1.833974631815707967e-01,6.996053224986444052e-02,4.112471083433497099e-01,2.663441492081550233e-01,-3.494788439510062572e-01,2.074121082027772234e-01,4.669854819249465161e-02,5.795876727734303735e-01,1.310531506784899103e-01,1.000000000000000000e+00,2.263985735608480265e-01,2.329431951553410651e-01,-1.357165375125038709e-01,-1.323611112286467439e-01,1.224020230881855131e-01,-1.477599253336745189e-01,8.585697681918634527e-02,6.430574151729029353e-02,3.071067902720724385e-01,-4.030003631467194425e-01,1.916859459311548997e-01,-1.630440368705451115e-01,2.981008257315820864e-01,3.155847645306438798e-01
9.101188290169509587e-02,5.697164839000978115e-02,-3.927518488632001925e-01,-3.294368747324725177e-01,-2.684618784777336592e-02,-3.178265135073038428e-02,-4.005634897424491525e-01,3.063847786336660883e-01,-4.577488798737009562e-02,-1.816010217613007460e-01,-1.176988274393008516e-01,-2.009499369742056285e-01,1.891526698406109305e-02,5.628283709810033564e-01,1.036957733467244319e-01,-7.775315816025475668e-02,-2.432029548287447662e-01,1.368276162769610504e-01,1.064092943711725768e-02,-5.206988915584399580e-01,-3.381341028498201229e-02,-2.322806360663311753e-01,2.708840846576468508e-01,-1.126615306859976989e-01,2.263985735608480265e-01,1.000000000000000000e+00,3.617868903594929630e-01,-2.564997606880254355e-01,4.616159247984986252e-02,2.929732016336950018e-01,-2.667072471351244478e-01,-1.461823597982806200e-01,-2.437678706033354070e-01,1.977121657531914767e-01,-5.154526583881751112e-01,1.933873089427632919e-01,-4.696554578539361424e-01,1.333987618848551382e-01,2.991961810718614975e-04
-2.631345182295533394e-02,-1.803347636098400486e-01,-3.216192080225785399e-01,-2.912779941158092911e-01,2.740650983876384214e-02,-2.238844864779497290e-01,-7.008027785817867727e-02,3.286235239998833157e-01,1.610705740501154337e-01,-2.142304644607570252e-01,-1.567363683518413764e-01,-1.145216947281690184e-02,1.597443003520004901e-01,5.026806993014952818e-01,2.533649584060562732e-01,-1.373684426471355746e-01,-1.400727681052751361e-01,1.703160810431315897e-01,1.350937954961583254e-01,-3.049298058079851215e-01,-1.657958762610895476e-01,-1.581321141851875500e-01,2.165831119660445447e-01,-1.899090747830274040e-01,2.329431951553410651e-01,3.617868903594929630e-01,1.000000000000000000e+00,-1.925373579603593677e-01,-3.188887021236372910e-01,1.355728323581814887e-01,-2.620424382376759787e-01,1.698862683278352936e-02,-2.139790516794835007e-01,2.878041926945019702e-01,-4.232053605488184655e-01,-1.946378691732751354e-01,-1.464849760179018703e-02,-5.410159073303433264e-02,2.980159677246357885e-02
4.330218268498494671e-01,5.422854485727758300e-01,7.773325373350674639e-01,2.685376936543275583e-01,5.714029392289955434e-01,5.294873348463694507e-01,4.265294015884534828e-01,-7.506302587589300801e-01,5.462965413882874682e-02,5.644066157727867239e-01,4.105224386518155355e-01,6.079966706010547783e-01,1.747848300655325260e-01,-3.907742478175569301e-01,2.107378582106352594e-01,5.087548826455909889e-01,5.675782996398881508e-01,3.038839483078644710e-01,4.307673017303501606e-01,4.867132677284694564e-01,4.862908395918988380e-01,7.461797074472558133e-01,-3.208883633948669267e-01,6.960148114775102091e-01,-1.357165375125038709e-01,-2.564997606880254355e-01,-1.925373579603593677e-01,1.000000000000000000e+00,3.012857429819373323e-01,-3.648047961290444841e-01,5.936535299995842063e-01,4.647230000436958774e-01,7.457843961065394600e-01,2.231707653221734478e-01,4.669975319684742110e-01,-1.425273403781064374e-01,2.606568784929606530e-01,-1.261847731954729435e-02,1.802031125513984811e-01
2.142898399563334944e-01,2.996180819510801396e-01,2.074876717955403405e-01,3.524286689947465079e-01,4.962589308244833713e-02,2.974312246501641943e-01,2.023946522604825049e-01,-3.025797381602424174e-01,-2.300074089579569880e-01,1.946582409785366230e-01,-3.338013628709603220e-02,-4.806521292686100760e-02,-8.676764885892999934e-02,-2.766719959567094378e-01,-1.699758165013249833e-01,1.979184799102525205e-01,2.217062268833920047e-01,2.517440803547004932e-02,-2.165267769108547569e-02,6.259148724561173181e-04,2.030601858415993222e-01,9.475868506602744268e-02,-1.280722967841216031e-01,2.086714087808743678e-01,-1.323611112286467439e-01,4.616159247984986252e-02,-3.188887021236372910e-01,3.012857429819373323e-01,1.000000000000000000e+00,-1.979770999345190421e-02,1.069630267676373175e-01,2.363540418287126688e-01,2.408029754882744233e-01,-1.393680106151433673e-01,2.338687883703597925e-01,1.998604095681559278e-01,-3.930459842658150932e-02,8.427042674927603949e-02,-1.197254260999731090e-01
-2.578042640185889134e-01,-3.063214806154218595e-01,-4.395293437344861553e-01,-1.831324679942898104e-01,-2.596812068633631010e-01,-1.751250976373649182e-01,-3.039041286087368343e-01,4.286434947550741836e-01,1.863344241220293296e-01,-2.728152103141575635e-01,-2.060994752513811423e-01,-4.999722719205040855e-01,-1.557856470500825763e-01,1.950574045467349249e-01,6.010641122659091812e-02,-2.350349393137389498e-01,-4.469423474812116437e-01,-6.707402534821692297e-02,7.030123376255294210e-02,-1.447726953007183459e-01,-3.825351487388805594e-01,-4.624895334287723592e-01,4.227360129311243386e-01,-4.714717953737312950e-01,1.224020230881855131e-01,2.929732016336950018e-01,1.355728323581814887e-01,-3.648047961290444841e-01,-1.979770999345190421e-02,1.000000000000000000e+00,-4.812310743525444190e-01,-2.597194796792827165e-01,-4.870924237487887498e-01,5.429372637136561236e-02,-1.889574658863576451e-01,3.087915736752078755e-01,-2.170342215608963010e-01,2.232536019614869416e-01,-2.030205786274224544e-01
2.394886448204074370e-01,4.245344000596086298e-01,8.008678469739045624e-01,7.979273732611708025e-02,3.756791444314357964e-01,3.897113691841107563e-01,2.050586666269367253e-01,-7.741078623027649597e-01,-9.629289342965753618e-02,4.910324339372924007e-01,3.836756092707158117e-01,5.173597301395627124e-01,-2.317811364892682358e-01,-3.249719184666161054e-01,3.981527249563832083e-02,3.559837611178409689e-01,4.964916593568243774e-01,1.139954825169217784e-01,2.427176411609288098e-01,4.747132553191119597e-01,4.980947430033391687e-01,6.768861733689220950e-01,-4.297020856160306823e-01,5.271212683411331534e-01,-1.477599253336745189e-01,-2.667072471351244478e-01,-2.620424382376759787e-01,5.936535299995842063e-01,1.069630267676373175e-01,-4.812310743525444190e-01,1.000000000000000000e+00,2.153655603606519087e-02,5.833712444836197664e-01,7.212634652380511824e-02,5.595955956653261287e-01,-1.577759156613935398e-01,3.723214784041556369e-02,-2.840484136384696656e-01,1.443814474750918786e-01
4.543545849882252852e-01,4.198540291362748422e-01,2.769286239321082088e-01,2.136378215705128647e-01,5.030012930474648813e-01,4.876584305347687609e-01,4.798134785476335651e-01,-2.622380446537379561e-01,2.163890793170742677e-01,3.718297070648144409e-01,5.151494201512171051e-02,4.729449158159921285e-01,5.309430929639430419e-01,-1.851459783570746087e-01,2.869780515282717159e-01,4.060172035007365565e-01,5.356136025929120192e-01,3.744900880263174470e-01,3.402440124270473820e-01,1.657813817698269507e-02,3.171072508197307904e-01,4.104785736884571934e-01,-3.685588598300213597e-02,4.772711220051424896e-01,8.585697681918634527e-02,-1.461823597982806200e-01,1.698862683278352936e-02,4.647230000436958774e-01,2.363540418287126688e-01,-2.597194796792827165e-01,2.153655603606519087e-02,1.000000000000000000e+00,5.162751340672471212e-01,2.502406230189513359e-01,-7.335325941252093807e-02,-1.882387750992378303e-02,3.422937809788180186e-01,3.169065476169073969e-01,3.416871062765862166e-01
7.384723241014495843e-01,7.749083867752365462e-01,7.603866616311023563e-01,2.728875723904333750e-01,7.936363406883881755e-01,7.010789967811580370e-01,5.130900014431671874e-01,-7.610015049880268778e-01,1.029054012927435036e-01,7.354567906675383293e-01,3.716828976611667446e-01,8.193554359799725129e-01,4.330540520698299978e-01,-3.490963167581466742e-01,2.501226632638621217e-01,7.515507736660942406e-01,7.698106731232747801e-01,5.301329545924967634e-01,4.959356598771806901e-01,2.334927678849061383e-01,7.355785316028505827e-01,8.662926539315620733e-01,-2.783210181177637188e-01,8.564319349646322133e-01,6.430574151729029353e-02,-2.437678706033354070e-01,-2.139790516794835007e-01,7.457843961065394600e-01,2.408029754882744233e-01,-4.870924237487887498e-01,5.833712444836197664e-01,5.162751340672471212e-01,1.000000000000000000e+00,3.177531960963666524e-01,2.029960437764538606e-01,8.972046665184735259e-02,2.225614994327316520e-01,5.304129412256085307e-02,4.295101725821631189e-01
3.762256746319175282e-01,2.842862724016236298e-01,1.695285321898676312e-01,-3.695298352168079337e-01,6.347844090342696921e-01,3.322082169391054052e-01,1.644870145117919083e-02,-1.128562517381392211e-01,7.248000760162648382e-01,2.557701339484422798e-01,1.558300275977065330e-01,4.524662703726693436e-01,3.684604068102288466e-01,6.548214687194411909e-02,7.306630011524815060e-01,3.224187952475143226e-01,3.184737523011811344e-01,7.486871682198452671e-01,7.463590006480984584e-01,-8.189250380004176044e-02,2.223885884416189618e-01,3.265321768367873689e-01,4.614540003845111343e-02,2.778934230703450359e-01,3.071067902720724385e-01,1.977121657531914767e-01,2.878041926945019702e-01,2.231707653221734478e-01,-1.393680106151433673e-01,5.429372637136561236e-02,7.212634652380511824e-02,2.502406230189513359e-01,3.177531960963666524e-01,1.000000000000000000e+00,-2.118597511620317619e-01,7.606553826937652307e-02,1.522449689632665581e-01,4.811200617593319739e-01,5.815117717391309338e-01
-2.198424844185885851e-01,-6.549274281034679623e-02,5.498867742987114671e-01,1.882926718128217769e-01,-6.986896291290532746e-02,5.327972575259616247e-03,1.658644586728554582e-01,-5.008795183571264076e-01,-1.236541395044336855e-01,1.073433756711204140e-01,2.198691337061722817e-01,4.590659633594960931e-02,-4.126790500475579493e-01,-5.353620227118892627e-01,-1.396936455637344532e-01,-3.949447601884276821e-02,1.506461159089848845e-01,-2.623525197106678086e-01,1.422043169271745670e-02,6.694819202146657933e-01,7.851866713914396056e-02,2.743411564246532874e-01,-3.712328293900216680e-01,9.982425744947452662e-02,-4.030003631467194425e-01,-5.154526583881751112e-01,-4.232053605488184655e-01,4.669975319684742110e-01,2.338687883703597925e-01,-1.889574658863576451e-01,5.595955956653261287e-01,-7.335325941252093807e-02,2.029960437764538606e-01,-2.118597511620317619e-01,1.000000000000000000e+00,-2.301809113252694383e-01,2.202096223450366042e-01,-2.785973565713545930e-01,-2.759662248249585281e-01
3.179874051704670301e-01,2.800015749300662216e-01,-4.867986973302459303e-02,1.582633641967043647e-01,1.820028700884583628e-01,2.690797334792482398e-01,3.566522344793992411e-02,-2.561977677119174623e-02,4.506935955963910223e-02,2.170884663157748029e-01,-1.629580333991109686e-01,-4.090815490235286123e-02,1.839402512421914881e-01,-8.183184305214569187e-02,-8.110612431214939133e-02,2.928165197416298104e-01,1.076670555382838734e-01,2.090963681790272699e-01,1.703851320597879193e-01,-2.547605902824830459e-01,1.798298121232173030e-01,-1.317175832435595571e-02,1.645965439952976062e-01,5.181842506258386299e-02,1.916859459311548997e-01,1.933873089427632919e-01,-1.946378691732751354e-01,-1.425273403781064374e-01,1.998604095681559278e-01,3.087915736752078755e-01,-1.577759156613935398e-01,-1.882387750992378303e-02,8.972046665184735259e-02,7.606553826937652307e-02,-2.301809113252694383e-01,1.000000000000000000e+00,-2.203207301340523450e-01,2.503939644703494505e-01,7.652836873773902204e-02
8.805465545680297990e-03,-8.978522565292669511e-02,1.850632173640074651e-01,1.636993726386728187e-01,1.900315691966132092e-01,-5.897794225686563835e-02,3.498846660148807186e-01,-8.148674278541814808e-02,3.027048971449763926e-01,1.228789185892323610e-01,-2.039843107493913028e-03,2.983989149416579889e-01,2.020509794586223262e-01,-1.864877826075578282e-01,1.473998679049771388e-01,1.233568111161393033e-01,3.008283411486381009e-01,1.032589737022327619e-01,1.289747112361492309e-01,3.312901681878737126e-01,-2.824777087939182169e-02,2.185277957475306732e-01,-2.698116450513861619e-01,1.082381417583103828e-01,-1.630440368705451115e-01,-4.696554578539361424e-01,-1.464849760179018703e-02,2.606568784929606530e-01,-3.930459842658150932e-02,-2.170342215608963010e-01,3.723214784041556369e-02,3.422937809788180186e-01,2.225614994327316520e-01,1.522449689632665581e-01,2.202096223450366042e-01,-2.203207301340523450e-01,1.000000000000000000e+00,-1.494815087940469175e-02,9.434726915262366120e-02
2.660137197022050537e-01,1.892656055625621114e-01,-1.303560408387542113e-01,-1.519603750172231760e-01,2.982942811665689198e-01,2.883301307819011172e-01,-7.878763222683357603e-02,1.148380499130538246e-01,5.060624136656020067e-01,1.602577454353139308e-01,-8.939433228103162155e-02,9.698782469765517000e-02,3.323864200905425892e-01,1.085237581831346304e-02,4.578209681866862168e-01,2.056293457142104320e-01,4.630344082666218442e-02,4.490231239748868619e-01,3.635157605851628837e-01,-2.909513233910419605e-01,1.197045242820717233e-02,-1.764503495213300133e-02,2.501145792813820878e-01,4.410907743620432614e-02,2.981008257315820864e-01,1.333987618848551382e-01,-5.410159073303433264e-02,-1.261847731954729435e-02,8.427042674927603949e-02,2.232536019614869416e-01,-2.840484136384696656e-01,3.169065476169073969e-01,5.304129412256085307e-02,4.811200617593319739e-01,-2.785973565713545930e-01,2.503939644703494505e-01,-1.494815087940469175e-02,1.000000000000000000e+00,5.507833694797037438e-01
4.971480732063201513e-01,4.922348286652180049e-01,2.212300488304169699e-01,-1.786005222917949609e-01,5.647204678735616712e-01,4.338350846815695605e-01,2.698224161458483671e-03,-2.281518113803190362e-01,4.602002397462374716e-01,5.117127138046542179e-01,1.108335433452044966e-01,6.185854919605707769e-01,4.243802536073810749e-01,2.216827798985313708e-02,4.592336725808857656e-01,5.087896319106246512e-01,3.801992363935952080e-01,6.515176562274451744e-01,4.365553710637932183e-01,-2.542688819034342740e-01,3.858478267928924232e-01,4.176546936613028671e-01,3.353226162741400340e-02,4.458063763265807111e-01,3.155847645306438798e-01,2.991961810718614975e-04,2.980159677246357885e-02,1.802031125513984811e-01,-1.197254260999731090e-01,-2.030205786274224544e-01,1.443814474750918786e-01,3.416871062765862166e-01,4.295101725821631189e-01,5.815117717391309338e-01,-2.759662248249585281e-01,7.652836873773902204e-02,9.434726915262366120e-02,5.507833694797037438e-01,1.000000000000000000e+00
