1.000000000000000000e+00,6.201327159437515224e-01,4.603816380214487136e-01,-1.013680514394013910e-01,1.353132210653897605e-01,-2.693076900981257182e-01,-1.484089741171703281e-01,-3.824738139142979665e-01,2.900478787089227906e-01,5.118340716639929733e-01,7.150783949850292309e-02,3.874112372574968766e-01,-3.774120859951305973e-01,4.130554206394176364e-01,5.620857586161509545e-01,5.758040130691485237e-01,5.077707005961133724e-02,6.332587830432877263e-02,-3.429473355922213473e-02,4.255683841749615115e-01,-3.420415725397626949e-01,-3.577203245183907532e-02,9.649715043276013704e-02,1.201343016467376207e-01,4.566570641002738462e-01,6.763541954989206184e-01,4.696591459539564140e-01,2.780663063876988583e-01,3.631175182668672230e-01,3.466053921484618661e-01,5.769402188093595285e-01,-3.791238589974533779e-01,2.364544819320030244e-01,3.560351458400549118e-01,-4.109252613623844974e-01,2.958297894586711663e-01,-3.987770782610657316e-01,6.841571798165009266e-01,6.388747032849803054e-01
6.201327159437515224e-01,1.000000000000000000e+00,3.105258249939404913e-01,-1.322926712513143414e-02,1.585876706266145797e-01,1.770438393962269485e-01,-1.244193229004636886e-01,-3.814892177167388820e-01,3.476351117428838622e-01,4.708073736534612030e-01,1.085888499222572162e-01,2.062519669288428725e-01,-1.536888787255157041e-01,3.633373649162089519e-02,1.365565120983070480e-01,3.769508841998510107e-01,2.289875069031714269e-02,1.495398177266666073e-01,3.911215162445073196e-02,-1.034211761178533417e-01,-4.906572888640291924e-02,-1.894166238045088269e-01,3.720963004897446802e-01,2.719830530804348556e-01,4.316021005626906604e-01,4.219039313436458993e-01,4.934262187496304408e-01,1.535363048334612290e-01,3.655320698197283003e-01,2.345452243276018589e-01,2.168764237333549449e-01,1.545391482993231647e-01,1.901871723110270251e-01,1.572891103612479025e-01,-6.220311110003805960e-02,4.093212839936812286e-01,-1.290666987629091045e-01,3.238724730283652486e-01,5.916336537959109299e-01
4.603816380214487136e-01,3.105258249939404913e-01,1.000000000000000000e+00,-5.546059203526667453e-02,5.549486026313713571e-01,-4.422917085940468729e-01,-7.552943919333529599e-02,-8.451207092597210480e-01,5.185978660397514428e-01,4.069908202087029747e-01,1.229435689310783147e-01,5.855259452854504332e-01,-3.373666485158271500e-01,6.275055562354793226e-01,6.214963538252487041e-01,4.438242857645076089e-01,1.331962817888458217e-01,1.868803582429164334e-01,2.261232958578100471e-01,3.949268502211188414e-01,-4.640680873092338787e-01,-4.144697796130007716e-02,-1.504358705175477540e-01,-1.882660432144437901e-01,1.002348992874749767e-01,7.141830115681486735e-01,7.121573356887856976e-01,2.133419488808451503e-01,3.140714437741659593e-02,3.342865335765644041e-01,6.311374901861014353e-01,-3.687000664971302188e-01,1.422586477153911511e-01,4.569374936754129202e-01,-4.803604431604387992e-01,5.015547461672719143e-01,-6.410493951434662607e-01,5.026245664338047092e-01,5.477854538827027220e-01
-1.013680514394013910e-01,-1.322926712513143414e-02,-5.546059203526667453e-02,1.000000000000000000e+00,2.446248503784483330e-01,1.782773336969246947e-01,3.577255868528511074e-01,1.285901218338578525e-02,1.662469259616612127e-01,2.602928815695845777e-01,2.312208568319252533e-01,6.308807489624851383e-02,3.218068675767461473e-01,-2.007919134399087091e-01,-1.313796193108629495e-01,2.084941250368645971e-01,2.696928455384574042e-01,5.608018646634974624e-01,5.120342657422369825e-01,-2.261872232658681744e-02,2.923768987778465056e-01,3.340328668089165287e-01,2.213552109302037996e-01,-5.560782119441432664e-02,1.434883931769257714e-01,-2.401851739715859246e-01,-7.484649315293734340e-02,5.014381122696817128e-01,-3.143788734380282418e-02,1.314752542022871451e-01,-2.977176647513609664e-01,2.382999282539807751e-01,3.681597579752009242e-02,1.569568052037939032e-01,1.776389580788783062e-01,1.969778308904711339e-01,1.176839948076397052e-01,-1.449339385666677804e-01,-8.053363973820780106e-03
1.353132210653897605e-01,1.585876706266145797e-01,5.549486026313713571e-01,2.446248503784483330e-01,1.000000000000000000e+00,-1.660510555653420262e-01,-6.470531905330155487e-02,-5.386235914569831307e-01,5.650269571090434928e-01,4.190080330299236766e-01,1.164892208370814086e-01,5.179597788942041925e-01,2.674156738432120414e-02,2.996746343676382485e-01,3.056294344607208835e-01,3.608314833373260644e-01,2.190951262356700124e-01,5.729653341514361342e-01,6.659315069727078651e-01,3.216461734522360616e-02,-2.798097836305616856e-02,1.349594716099325464e-01,-7.120336548900331464e-02,-2.617741714867060643e-01,1.317338289187399000e-03,2.622766369589929480e-01,5.427900868566897241e-01,2.049584566077239101e-01,-2.300639476269929762e-01,2.672694964837187270e-01,1.398218242283683077e-01,-6.392429854589021243e-02,5.430647018060490855e-03,6.304175603223418634e-01,-2.138938018719599987e-01,4.628574264550274209e-01,-4.383154558353152264e-01,2.250535320441265641e-01,4.898571319116158951e-01
-2.693076900981257182e-01,1.770438393962269485e-01,-4.422917085940468729e-01,1.782773336969246947e-01,-1.660510555653420262e-01,1.000000000000000000e+00,2.257996548442005591e-01,1.867927335938115163e-01,-1.972472036864595935e-01,-3.694741548381618845e-03,-1.113021932035422601e-01,-5.279344723047891819e-01,3.355571897059819730e-01,-6.910309078376911662e-01,-6.979792193629166253e-01,-2.260184507570122403e-01,-2.785021922808236794e-01,9.853359025750313416e-02,9.577703686100182134e-02,-6.758565753283918287e-01,5.720101542825000163e-01,-1.203664269114367996e-01,6.891950775755326664e-01,4.703135299604779274e-01,3.415829161865288066e-01,-4.338481441161464169e-01,-1.854481819444907809e-01,-4.384378841759595247e-02,3.664773729557755377e-01,-3.416973017561656389e-01,-5.984454355755217669e-01,7.707383357010751945e-01,1.929899513998150577e-03,-3.608583837633719260e-01,5.248241283376773314e-01,3.879673745612657182e-02,6.157180914228573831e-01,-5.436590795005651344e-01,-2.294139250275754605e-01
-1.484089741171703281e-01,-1.244193229004636886e-01,-7.552943919333529599e-02,3.577255868528511074e-01,-6.470531905330155487e-02,2.257996548442005591e-01,1.000000000000000000e+00,-6.124704052390116810e-02,-3.352503175189742723e-01,-1.391019175830890409e-01,-1.682259872854080240e-01,-3.635874108423581275e-01,-1.288157965838450936e-01,-1.545980740864685565e-01,-3.167592792800486556e-01,-1.991159969689155484e-01,-3.367464871755163625e-01,-1.013584123917906331e-02,1.053998826470586986e-01,-4.260730607146947374e-02,-9.559829898383674640e-02,-2.014498601827588997e-01,2.741180315593724770e-01,3.082867480272691307e-01,2.038760729269180061e-01,-8.562564113876790228e-02,-7.627886099943061160e-02,-3.301294161264976129e-02,3.540810940536083806e-01,-2.193975797813768613e-01,-1.690740359747137239e-02,2.151480411352088840e-01,-2.272582802298614424e-01,-2.759699569051111689e-01,3.428064097776879066e-02,1.058256278912732135e-01,1.965112964869231982e-01,-3.264456256563967318e-01,-4.091581705509838573e-01
-3.824738139142979665e-01,-3.814892177167388820e-01,-8.451207092597210480e-01,1.285901218338578525e-02,-5.386235914569831307e-01,1.867927335938115163e-01,-6.124704052390116810e-02,1.000000000000000000e+00,-4.285736979954233861e-01,-3.886188012782235690e-01,-4.581103736105639895e-02,-4.025158521466979389e-01,3.268631056413167646e-01,-4.554997748896645882e-01,-3.924785221309540217e-01,-3.670442648079064729e-01,2.381765928021304171e-02,-1.988309696873407084e-01,-2.722089800698497264e-01,-1.653973588317135257e-01,3.611073185146059239e-01,1.903382295949821723e-01,-7.307835759826029898e-02,-3.496385204737523927e-02,-2.165112962965673737e-01,-6.575625809784436671e-01,-7.481457575449504960e-01,-1.363947985093840465e-01,-2.133161459831170725e-01,-2.115108656205279825e-01,-5.033943762968129398e-01,1.300744002373954156e-01,-1.268457028023256827e-01,-3.265392812731758299e-01,3.895743659581407670e-01,-5.865777541976742171e-01,5.254582995999546036e-01,-2.962764194996597156e-01,-4.620002104663603060e-01
2.900478787089227906e-01,3.476351117428838622e-01,5.185978660397514428e-01,1.662469259616612127e-01,5.650269571090434928e-01,-1.972472036864595935e-01,-3.352503175189742723e-01,-4.285736979954233861e-01,1.000000000000000000e+00,4.957420263212312106e-01,3.080851608686259735e-01,5.902790905606807303e-01,1.258429493782544928e-01,2.767891848017337564e-01,4.794783362597522247e-01,4.261565619875757327e-01,3.874490387489690213e-01,5.027790321924374695e-01,3.734407284153503093e-01,1.596058677544012760e-01,7.195842982576844404e-02,2.769690918862606765e-01,-6.213484253148987557e-02,-3.588955308238896968e-01,2.692095208770903161e-03,2.507656869034429747e-01,4.046179537633581846e-01,4.427607542226910109e-01,-2.589988616465232485e-01,3.688270606342870517e-01,1.957851396637343422e-01,-9.689600608650059121e-02,2.926380450719376913e-01,4.944239406316442431e-01,-1.012782241672802730e-01,4.183074735404043731e-01,-3.353433965594442845e-01,4.911848344393265342e-01,6.015755049312806468e-01
5.118340716639929733e-01,4.708073736534612030e-01,4.069908202087029747e-01,2.602928815695845777e-01,4.190080330299236766e-01,-3.694741548381618845e-03,-1.391019175830890409e-01,-3.886188012782235690e-01,4.957420263212312106e-01,1.000000000000000000e+00,2.030028549505589752e-01,4.457659465391244913e-01,1.394813077439410465e-01,2.579414714329346658e-01,4.031463950399291618e-01,7.984282921323088145e-01,3.090724419432014924e-01,4.013842948717058490e-01,3.330761848790847468e-01,2.261289269581163164e-01,8.123934708504906843e-02,3.173293206296881608e-01,2.958569075413451377e-01,-4.561657371790132226e-02,4.316446665223560020e-01,3.252668408630996488e-01,3.679540446437845613e-01,5.382351600051848983e-01,6.413043384084890497e-02,5.014994575863720438e-01,1.658273484673409015e-01,-4.957883031949546215e-02,3.169054563980502337e-01,4.784299491254500047e-01,-9.438280246434475884e-02,4.986657589277557201e-01,-2.490495537821345862e-01,4.322230929226952845e-01,6.321553509770558854e-01
7.150783949850292309e-02,1.085888499222572162e-01,1.229435689310783147e-01,2.312208568319252533e-01,1.164892208370814086e-01,-1.113021932035422601e-01,-1.682259872854080240e-01,-4.581103736105639895e-02,3.080851608686259735e-01,2.030028549505589752e-01,1.000000000000000000e+00,3.165568148672903703e-01,3.799443089825148001e-01,1.313282830533599455e-01,1.190397402430972418e-01,2.030711859426999610e-01,7.366503615382811176e-01,1.765798977024882754e-01,1.781508782719545547e-01,1.336196685287038277e-01,4.636348369916380718e-02,3.959378199593837078e-01,-9.688921309168968543e-02,-4.481504323964267678e-01,-2.452405481368226114e-01,-5.433696886682799765e-02,9.202142307545823838e-03,3.328180913516353701e-01,-3.575953266703323363e-01,3.472388866408192554e-01,-4.370892082515771132e-02,2.397269484729268665e-02,1.300216867203644600e-01,1.973629814258363868e-01,1.218564297105864530e-01,1.459673429641636100e-01,2.196164750669147431e-02,1.736852244871329998e-01,1.771940322228084119e-01
3.874112372574968766e-01,2.062519669288428725e-01,5.855259452854504332e-01,6.308807489624851383e-02,5.179597788942041925e-01,-5.279344723047891819e-01,-3.635874108423581275e-01,-4.025158521466979389e-01,5.902790905606807303e-01,4.457659465391244913e-01,3.165568148672903703e-01,1.000000000000000000e+00,2.172058142846581413e-02,5.203095688122209017e-01,6.958241016943669255e-01,4.968099567661863336e-01,5.328045397461741439e-01,4.595118352076920654e-01,3.758334425175690607e-01,4.018741146757794924e-01,-2.442421016766548325e-01,3.422654057014517526e-01,-3.065698152489256811e-01,-5.108680601551521816e-01,-1.914375876222166595e-01,3.418503377838951751e-01,3.712751095361300768e-01,3.397406828450168503e-01,-3.799828450787693379e-01,5.083957250032746789e-01,3.795115472153879899e-01,-3.421259729420731421e-01,5.697790416955005044e-02,6.911648010172418699e-01,-3.445917590871982461e-01,1.959704825337023892e-01,-5.092709053064897740e-01,5.718623533094555622e-01,5.944632849351150217e-01
-3.774120859951305973e-01,-1.536888787255157041e-01,-3.373666485158271500e-01,3.218068675767461473e-01,2.674156738432120414e-02,3.355571897059819730e-01,-1.288157965838450936e-01,3.268631056413167646e-01,1.258429493782544928e-01,1.394813077439410465e-01,3.799443089825148001e-01,2.172058142846581413e-02,1.000000000000000000e+00,-2.977958405361348926e-01,-2.179795053518983894e-01,1.672274900783022461e-02,4.548503075473743773e-01,2.921580566270396417e-01,2.523451991003094474e-01,-2.650564050136675620e-01,6.289785389146052008e-01,5.213410853231899011e-01,1.572773648634035459e-01,-3.108969459819622139e-01,-1.267969863116185925e-01,-5.516314958539623170e-01,-3.708482148652080812e-01,3.441346640934576095e-01,-4.069139084845095899e-01,1.036061358168656327e-01,-6.296979489735252677e-01,4.110616644294447508e-01,1.021402596081922298e-01,9.595215492938866109e-02,4.331068128234527581e-01,-1.301026702651493228e-01,4.203959224927086291e-01,-1.847987847440793752e-01,-6.141374991591065646e-02
4.130554206394176364e-01,3.633373649162089519e-02,6.275055562354793226e-01,-2.007919134399087091e-01,2.996746343676382485e-01,-6.910309078376911662e-01,-1.545980740864685565e-01,-4.554997748896645882e-01,2.767891848017337564e-01,2.579414714329346658e-01,1.313282830533599455e-01,5.203095688122209017e-01,-2.977958405361348926e-01,1.000000000000000000e+00,6.554129141460850461e-01,3.986683806640777261e-01,2.248530142289357214e-01,-8.808569064434836060e-02,-2.616202479230702108e-02,6.059924962574870788e-01,-5.528345145115883819e-01,1.020967974661560196e-01,-3.933208925202187900e-01,-2.769214556490557921e-01,-5.494948663319786097e-02,6.448740270646269312e-01,4.546097034495868994e-01,1.412842557140315536e-01,-1.652404083770472321e-01,4.691718693584889799e-01,6.908453766179017963e-01,-6.122675771462546823e-01,1.633401867217173509e-01,4.255588685123244397e-01,-5.565097590543830464e-01,2.575501475694150777e-01,-6.423490155766997667e-01,5.387818896199059182e-01,3.800993895961625180e-01
5.620857586161509545e-01,1.365565120983070480e-01,6.214963538252487041e-01,-1.313796193108629495e-01,3.056294344607208835e-01,-6.979792193629166253e-01,-3.167592792800486556e-01,-3.924785221309540217e-01,4.794783362597522247e-01,4.031463950399291618e-01,1.190397402430972418e-01,6.958241016943669255e-01,-2.179795053518983894e-01,6.554129141460850461e-01,1.000000000000000000e+00,5.292895912822302984e-01,2.908106111120123405e-01,1.139157408243730157e-01,3.189463389874810234e-02,6.875342190905424644e-01,-3.974882422602031840e-01,2.340715034715117049e-01,-3.831585291948728100e-01,-3.956422123723041806e-01,9.180060428675099193e-03,5.765382579285546205e-01,3.321005440587229129e-01,3.813098231498856516e-01,-1.713994304675629521e-01,4.053392265983646880e-01,6.177697708275081689e-01,-6.691895388479218720e-01,2.271307615540199831e-01,5.635791390512124854e-01,-5.294937227965809123e-01,1.590520500645316027e-01,-5.780667270990612616e-01,8.022214648604856224e-01,5.722521394013234675e-01
5.758040130691485237e-01,3.769508841998510107e-01,4.438242857645076089e-01,2.084941250368645971e-01,3.608314833373260644e-01,-2.260184507570122403e-01,-1.991159969689155484e-01,-3.670442648079064729e-01,4.261565619875757327e-01,7.984282921323088145e-01,2.030711859426999610e-01,4.968099567661863336e-01,1.672274900783022461e-02,3.986683806640777261e-01,5.292895912822302984e-01,1.000000000000000000e+00,3.561927418679179391e-01,2.994512290662519893e-01,2.318174221409550206e-01,4.049842408008429984e-01,-9.027040230616230343e-02,2.882106569100070237e-01,1.322556633151378558e-01,-1.129356655552560401e-01,3.633477130405253774e-01,4.226696692244296116e-01,3.409595130640419858e-01,4.687569638898499425e-01,4.204909410056627272e-02,5.646939572114469952e-01,3.041750543321991573e-01,-2.812207456156559093e-01,3.348480015828629308e-01,5.086124438830099681e-01,-2.079293313821970191e-01,4.695157058383718773e-01,-4.366431829217892191e-01,5.051337642724478272e-01,6.318481194115591615e-01
5.077707005961133724e-02,2.289875069031714269e-02,1.331962817888458217e-01,2.696928455384574042e-01,2.190951262356700124e-01,-2.785021922808236794e-01,-3.367464871755163625e-01,2.381765928021304171e-02,3.874490387489690213e-01,3.090724419432014924e-01,7.366503615382811176e-01,5.328045397461741439e-01,4.548503075473743773e-01,2.248530142289357214e-01,2.908106111120123405e-01,3.561927418679179391e-01,1.000000000000000000e+00,3.130013243202824924e-01,2.792934131466562331e-01,2.330389529709845919e-01,8.939135199427297729e-02,5.822575857367870977e-01,-2.494180093549555610e-01,-6.427343109459572323e-01,-3.242200678670051905e-01,-1.147818356979207893e-01,-3.031513487040568555e-02,4.015877975194883653e-01,-5.970503216435908422e-01,4.960129895708131342e-01,-7.802800002827570136e-02,-1.192847171637665682e-01,1.089971902897236972e-01,4.243357892480215110e-01,7.672926688626052760e-02,5.010902846030459296e-02,-1.591528800359684193e-01,2.498537336622834726e-01,3.004434959056655474e-01
6.332587830432877263e-02,1.495398177266666073e-01,1.868803582429164334e-01,5.608018646634974624e-01,5.729653341514361342e-01,9.853359025750313416e-02,-1.013584123917906331e-02,-1.988309696873407084e-01,5.027790321924374695e-01,4.013842948717058490e-01,1.765798977024882754e-01,4.595118352076920654e-01,2.921580566270396417e-01,-8.808569064434836060e-02,1.139157408243730157e-01,2.994512290662519893e-01,3.130013243202824924e-01,1.000000000000000000e+00,7.894936247474226843e-01,-1.236096483335136498e-01,2.898025545994141194e-01,3.380880575726146753e-01,1.212926273072088418e-01,-2.022242564850599000e-01,1.360448157620161233e-02,-1.414085110443533133e-01,1.368432290577577815e-01,4.157259847434102706e-01,-1.734527046746152379e-01,1.790958191051586490e-01,-2.026239292987211116e-01,2.167656476714998059e-01,-4.940664113564783438e-02,4.650277643042423081e-01,-2.700101338925117722e-02,2.322403082349817904e-01,-8.785499639336141753e-02,7.181410088803520664e-02,3.045483751823920837e-01
-3.429473355922213473e-02,3.911215162445073196e-02,2.261232958578100471e-01,5.120342657422369825e-01,6.659315069727078651e-01,9.577703686100182134e-02,1.053998826470586986e-01,-2.722089800698497264e-01,3.734407284153503093e-01,3.330761848790847468e-01,1.781508782719545547e-01,3.758334425175690607e-01,2.523451991003094474e-01,-2.616202479230702108e-02,3.189463389874810234e-02,2.318174221409550206e-01,2.792934131466562331e-01,7.894936247474226843e-01,1.000000000000000000e+00,-1.884630550179823283e-01,2.205845272026981108e-01,2.408117588597799563e-01,1.238976647160164452e-01,-1.754069478204095256e-01,-2.490628856432560573e-02,-1.170961483829389416e-01,2.352435569570321405e-01,2.818235907229431625e-01,-1.947413636038717311e-01,1.222730450948023295e-01,-2.122331605268389376e-01,2.254654251535802012e-01,-1.001454264208764683e-01,5.296398489858337166e-01,-3.579770733121064724e-02,2.755527443991581671e-01,-1.263457649514635739e-01,-2.247089940389859417e-02,2.305781040585281882e-01
4.255683841749615115e-01,-1.034211761178533417e-01,3.949268502211188414e-01,-2.261872232658681744e-02,3.216461734522360616e-02,-6.758565753283918287e-01,-4.260730607146947374e-02,-1.653973588317135257e-01,1.596058677544012760e-01,2.261289269581163164e-01,1.336196685287038277e-01,4.018741146757794924e-01,-2.650564050136675620e-01,6.059924962574870788e-01,6.875342190905424644e-01,4.049842408008429984e-01,2.330389529709845919e-01,-1.236096483335136498e-01,-1.884630550179823283e-01,1.000000000000000000e+00,-5.091532863649802509e-01,3.164447818097795850e-01,-3.743063479031235041e-01,-3.404691476555929963e-01,4.883308012896549199e-02,4.652822557491977928e-01,1.100471327096937818e-01,3.150983049462058871e-01,-9.270997739712748265e-02,3.463969313349356538e-01,6.079561571571665546e-01,-7.281526266350671905e-01,9.959223840502315350e-02,2.606774689335319972e-01,-4.325620433816497190e-01,-1.552925652446724564e-02,-4.430577522848445082e-01,5.961379068826982985e-01,2.440882774756406581e-01
-3.420415725397626949e-01,-4.906572888640291924e-02,-4.640680873092338787e-01,2.923768987778465056e-01,-2.798097836305616856e-02,5.720101542825000163e-01,-9.559829898383674640e-02,3.611073185146059239e-01,7.195842982576844404e-02,8.123934708504906843e-02,4.636348369916380718e-02,-2.442421016766548325e-01,6.289785389146052008e-01,-5.528345145115883819e-01,-3.974882422602031840e-01,-9.027040230616230343e-02,8.939135199427297729e-02,2.898025545994141194e-01,2.205845272026981108e-01,-5.091532863649802509e-01,1.000000000000000000e+00,3.502161352608543221e-01,2.746531592748264194e-01,3.164156411077411694e-03,6.503882630131492537e-02,-5.642176651803700871e-01,-3.148761355332431178e-01,1.679790726236613796e-01,-1.628798808553188482e-01,-1.130617899269033694e-01,-6.975278926327282969e-01,5.091803471505305101e-01,8.863102814617221381e-02,-3.005295277314100344e-02,4.693270918525918045e-01,-8.864984176072272792e-02,4.465120173349338972e-01,-2.989813018673721512e-01,-1.101148144817491598e-01
-3.577203245183907532e-02,-1.894166238045088269e-01,-4.144697796130007716e-02,3.340328668089165287e-01,1.349594716099325464e-01,-1.203664269114367996e-01,-2.014498601827588997e-01,1.903382295949821723e-01,2.769690918862606765e-01,3.173293206296881608e-01,3.959378199593837078e-01,3.422654057014517526e-01,5.213410853231899011e-01,1.020967974661560196e-01,2.340715034715117049e-01,2.882106569100070237e-01,5.822575857367870977e-01,3.380880575726146753e-01,2.408117588597799563e-01,3.164447818097795850e-01,3.502161352608543221e-01,1.000000000000000000e+00,-1.347188784885826884e-01,-5.217017255627385275e-01,-1.224717642865014444e-01,-2.309273212808716780e-01,-2.308167791907982103e-01,5.063473798396108672e-01,-4.865310647979963488e-01,3.930376190623480759e-01,-1.702008364107901739e-01,-9.485468455772250174e-02,6.319107740796826855e-02,3.452442201117175702e-01,7.141495411780555969e-02,-1.129419805846353375e-01,4.266494252862347569e-02,2.038883636625782314e-01,1.317921873925386178e-01
9.649715043276013704e-02,3.720963004897446802e-01,-1.504358705175477540e-01,2.213552109302037996e-01,-7.120336548900331464e-02,6.891950775755326664e-01,2.741180315593724770e-01,-7.307835759826029898e-02,-6.213484253148987557e-02,2.958569075413451377e-01,-9.688921309168968543e-02,-3.065698152489256811e-01,1.572773648634035459e-01,-3.933208925202187900e-01,-3.831585291948728100e-01,1.322556633151378558e-01,-2.494180093549555610e-01,1.212926273072088418e-01,1.238976647160164452e-01,-3.743063479031235041e-01,2.746531592748264194e-01,-1.347188784885826884e-01,1.000000000000000000e+00,6.136048424017123137e-01,6.152655740104790993e-01,-8.110518626115062468e-02,5.742182931490252829e-02,1.832572886853219563e-01,6.038095567088134219e-01,-1.603555630263300558e-01,-2.492220045919676941e-01,6.045230591354026073e-01,2.032145113315549645e-01,-1.701603479305942856e-01,3.138707177828002348e-01,2.452106935850210112e-01,3.714540427416044843e-01,-2.566974883030508359e-01,2.043296292538077444e-02
1.201343016467376207e-01,2.719830530804348556e-01,-1.882660432144437901e-01,-5.560782119441432664e-02,-2.617741714867060643e-01,4.703135299604779274e-01,3.082867480272691307e-01,-3.496385204737523927e-02,-3.588955308238896968e-01,-4.561657371790132226e-02,-4.481504323964267678e-01,-5.108680601551521816e-01,-3.108969459819622139e-01,-2.769214556490557921e-01,-3.956422123723041806e-01,-1.129356655552560401e-01,-6.427343109459572323e-01,-2.022242564850599000e-01,-1.754069478204095256e-01,-3.404691476555929963e-01,3.164156411077411694e-03,-5.217017255627385275e-01,6.136048424017123137e-01,1.000000000000000000e+00,5.658257022995103469e-01,9.901021476380585107e-02,1.080161942503875400e-01,-1.930114448108737890e-01,7.760980359888166591e-01,-3.756596234429489534e-01,-2.013442704360688881e-02,3.479989787628686160e-01,1.063499239909024424e-01,-3.487535588527665431e-01,5.244387022582890079e-02,1.085738151251788852e-01,1.977072216982498354e-01,-2.942952516447182587e-01,-1.477323293965704665e-01
4.566570641002738462e-01,4.316021005626906604e-01,1.002348992874749767e-01,1.434883931769257714e-01,1.317338289187399000e-03,3.415829161865288066e-01,2.038760729269180061e-01,-2.165112962965673737e-01,2.692095208770903161e-03,4.316446665223560020e-01,-2.452405481368226114e-01,-1.914375876222166595e-01,-1.267969863116185925e-01,-5.494948663319786097e-02,9.180060428675099193e-03,3.633477130405253774e-01,-3.242200678670051905e-01,1.360448157620161233e-02,-2.490628856432560573e-02,4.883308012896549199e-02,6.503882630131492537e-02,-1.224717642865014444e-01,6.152655740104790993e-01,5.658257022995103469e-01,1.000000000000000000e+00,3.284912075804498066e-01,2.713896088633258596e-01,2.677100027133856863e-01,6.746539639058818372e-01,-5.624321728283544763e-02,1.007369776576452908e-01,9.256167595186852448e-02,3.382543118726938358e-01,1.302907988185218573e-02,1.777120848420235544e-02,2.852983108978333071e-01,2.082186438643676002e-02,1.476483247753560824e-01,2.928163545851493743e-01
6.763541954989206184e-01,4.219039313436458993e-01,7.141830115681486735e-01,-2.401851739715859246e-01,2.622766369589929480e-01,-4.338481441161464169e-01,-8.562564113876790228e-02,-6.575625809784436671e-01,2.507656869034429747e-01,3.252668408630996488e-01,-5.433696886682799765e-02,3.418503377838951751e-01,-5.516314958539623170e-01,6.448740270646269312e-01,5.765382579285546205e-01,4.226696692244296116e-01,-1.147818356979207893e-01,-1.414085110443533133e-01,-1.170961483829389416e-01,4.652822557491977928e-01,-5.642176651803700871e-01,-2.309273212808716780e-01,-8.110518626115062468e-02,9.901021476380585107e-02,3.284912075804498066e-01,1.000000000000000000e+00,7.001886391703395773e-01,8.374947814844667382e-02,3.142704619984290071e-01,2.735282907591645718e-01,7.552700850159400625e-01,-4.803729973836972644e-01,2.218675240386507597e-01,2.880207213774481079e-01,-5.511158675868579326e-01,3.813520230272950950e-01,-5.927204322171166773e-01,5.752448094772790732e-01,5.274481862782282038e-01
4.696591459539564140e-01,4.934262187496304408e-01,7.121573356887856976e-01,-7.484649315293734340e-02,5.427900868566897241e-01,-1.854481819444907809e-01,-7.627886099943061160e-02,-7.481457575449504960e-01,4.046179537633581846e-01,3.679540446437845613e-01,9.202142307545823838e-03,3.712751095361300768e-01,-3.708482148652080812e-01,4.546097034495868994e-01,3.321005440587229129e-01,3.409595130640419858e-01,-3.031513487040568555e-02,1.368432290577577815e-01,2.352435569570321405e-01,1.100471327096937818e-01,-3.148761355332431178e-01,-2.308167791907982103e-01,5.742182931490252829e-02,1.080161942503875400e-01,2.713896088633258596e-01,7.001886391703395773e-01,1.000000000000000000e+00,1.040470587744939980e-02,1.915335169001028404e-01,1.983936029067741857e-01,4.775649449686171222e-01,-1.334093383954758905e-01,1.292168894014267821e-01,3.863221008941062351e-01,-3.423685671067780989e-01,4.675219263952356541e-01,-5.955718752592394916e-01,3.356924606988557214e-01,5.930680419411126225e-01
2.780663063876988583e-01,1.535363048334612290e-01,2.133419488808451503e-01,5.014381122696817128e-01,2.049584566077239101e-01,-4.384378841759595247e-02,-3.301294161264976129e-02,-1.363947985093840465e-01,4.427607542226910109e-01,5.382351600051848983e-01,3.328180913516353701e-01,3.397406828450168503e-01,3.441346640934576095e-01,1.412842557140315536e-01,3.813098231498856516e-01,4.687569638898499425e-01,4.015877975194883653e-01,4.157259847434102706e-01,2.818235907229431625e-01,3.150983049462058871e-01,1.679790726236613796e-01,5.063473798396108672e-01,1.832572886853219563e-01,-1.930114448108737890e-01,2.677100027133856863e-01,8.374947814844667382e-02,1.040470587744939980e-02,1.000000000000000000e+00,-3.658848972341573191e-02,3.205394674519339571e-01,4.592423451314864291e-02,-4.338911157711808353e-02,4.603707395740576080e-01,3.457916107914240644e-01,-3.244006025511331909e-02,2.503312765784066474e-01,1.391656822026150590e-02,4.009939389531887999e-01,3.387107117173789317e-01
3.631175182668672230e-01,3.655320698197283003e-01,3.140714437741659593e-02,-3.143788734380282418e-02,-2.300639476269929762e-01,3.664773729557755377e-01,3.540810940536083806e-01,-2.133161459831170725e-01,-2.589988616465232485e-01,6.413043384084890497e-02,-3.575953266703323363e-01,-3.799828450787693379e-01,-4.069139084845095899e-01,-1.652404083770472321e-01,-1.713994304675629521e-01,4.204909410056627272e-02,-5.970503216435908422e-01,-1.734527046746152379e-01,-1.947413636038717311e-01,-9.270997739712748265e-02,-1.628798808553188482e-01,-4.865310647979963488e-01,6.038095567088134219e-01,7.760980359888166591e-01,6.746539639058818372e-01,3.142704619984290071e-01,1.915335169001028404e-01,-3.658848972341573191e-02,1.000000000000000000e+00,-3.070730255396099673e-01,2.019105583423655703e-01,1.801026818486341774e-01,1.626104109968702083e-01,-2.980671551060001256e-01,-9.563907436668217521e-02,2.084820105679035251e-01,1.274415151936755253e-01,-6.600710675907869862e-02,-1.026722759880250614e-03
3.466053921484618661e-01,2.345452243276018589e-01,3.342865335765644041e-01,1.314752542022871451e-01,2.672694964837187270e-01,-3.416973017561656389e-01,-2.193975797813768613e-01,-2.115108656205279825e-01,3.688270606342870517e-01,5.014994575863720438e-01,3.472388866408192554e-01,5.083957250032746789e-01,1.036061358168656327e-01,4.691718693584889799e-01,4.053392265983646880e-01,5.646939572114469952e-01,4.960129895708131342e-01,1.790958191051586490e-01,1.222730450948023295e-01,3.463969313349356538e-01,-1.130617899269033694e-01,3.930376190623480759e-01,-1.603555630263300558e-01,-3.756596234429489534e-01,-5.624321728283544763e-02,2.735282907591645718e-01,1.983936029067741857e-01,3.205394674519339571e-01,-3.070730255396099673e-01,1.000000000000000000e+00,2.183834039146428374e-01,-2.516657272921615784e-01,5.616432118129125600e-02,4.000095686259286798e-01,-1.538414990158141205e-01,3.820413854634694406e-01,-3.257218189226500082e-01,3.565808905838490639e-01,3.768652549602145574e-01
5.769402188093595285e-01,2.168764237333549449e-01,6.311374901861014353e-01,-2.977176647513609664e-01,1.398218242283683077e-01,-5.984454355755217669e-01,-1.690740359747137239e-02,-5.033943762968129398e-01,1.957851396637343422e-01,1.658273484673409015e-01,-4.370892082515771132e-02,3.795115472153879899e-01,-6.296979489735252677e-01,6.908453766179017963e-01,6.177697708275081689e-01,3.041750543321991573e-01,-7.802800002827570136e-02,-2.026239292987211116e-01,-2.122331605268389376e-01,6.079561571571665546e-01,-6.975278926327282969e-01,-1.702008364107901739e-01,-2.492220045919676941e-01,-2.013442704360688881e-02,1.007369776576452908e-01,7.552700850159400625e-01,4.775649449686171222e-01,4.592423451314864291e-02,2.019105583423655703e-01,2.183834039146428374e-01,1.000000000000000000e+00,-6.069960987033158339e-01,1.828667869471257978e-01,1.938474844109924211e-01,-5.657231251892231860e-01,2.520383670560935596e-01,-5.766042512092287575e-01,5.501250061079303588e-01,3.388182271390481337e-01
-3.791238589974533779e-01,1.545391482993231647e-01,-3.687000664971302188e-01,2.382999282539807751e-01,-6.392429854589021243e-02,7.707383357010751945e-01,2.151480411352088840e-01,1.300744002373954156e-01,-9.689600608650059121e-02,-4.957883031949546215e-02,2.397269484729268665e-02,-3.421259729420731421e-01,4.110616644294447508e-01,-6.122675771462546823e-01,-6.691895388479218720e-01,-2.812207456156559093e-01,-1.192847171637665682e-01,2.167656476714998059e-01,2.254654251535802012e-01,-7.281526266350671905e-01,5.091803471505305101e-01,-9.485468455772250174e-02,6.045230591354026073e-01,3.479989787628686160e-01,9.256167595186852448e-02,-4.803729973836972644e-01,-1.334093383954758905e-01,-4.338911157711808353e-02,1.801026818486341774e-01,-2.516657272921615784e-01,-6.069960987033158339e-01,1.000000000000000000e+00,-7.890924720170124085e-02,-2.782399404216741035e-01,5.151141976016482271e-01,3.481574888350926628e-02,5.508418002655822709e-01,-5.707753600280081052e-01,-2.265206469846824111e-01
2.364544819320030244e-01,1.901871723110270251e-01,1.422586477153911511e-01,3.681597579752009242e-02,5.430647018060490855e-03,1.929899513998150577e-03,-2.272582802298614424e-01,-1.268457028023256827e-01,2.926380450719376913e-01,3.169054563980502337e-01,1.300216867203644600e-01,5.697790416955005044e-02,1.021402596081922298e-01,1.633401867217173509e-01,2.271307615540199831e-01,3.348480015828629308e-01,1.089971902897236972e-01,-4.940664113564783438e-02,-1.001454264208764683e-01,9.959223840502315350e-02,8.863102814617221381e-02,6.319107740796826855e-02,2.032145113315549645e-01,1.063499239909024424e-01,3.382543118726938358e-01,2.218675240386507597e-01,1.292168894014267821e-01,4.603707395740576080e-01,1.626104109968702083e-01,5.616432118129125600e-02,1.828667869471257978e-01,-7.890924720170124085e-02,1.000000000000000000e+00,1.016482174988464493e-01,8.677844582078915112e-03,2.681895607375235357e-01,-5.774567201272826772e-02,2.847094605040531579e-01,3.085019037902410055e-01
3.560351458400549118e-01,1.572891103612479025e-01,4.569374936754129202e-01,1.569568052037939032e-01,6.304175603223418634e-01,-3.608583837633719260e-01,-2.759699569051111689e-01,-3.265392812731758299e-01,4.944239406316442431e-01,4.784299491254500047e-01,1.973629814258363868e-01,6.911648010172418699e-01,9.595215492938866109e-02,4.255588685123244397e-01,5.635791390512124854e-01,5.086124438830099681e-01,4.243357892480215110e-01,4.650277643042423081e-01,5.296398489858337166e-01,2.606774689335319972e-01,-3.005295277314100344e-02,3.452442201117175702e-01,-1.701603479305942856e-01,-3.487535588527665431e-01,1.302907988185218573e-02,2.880207213774481079e-01,3.863221008941062351e-01,3.457916107914240644e-01,-2.980671551060001256e-01,4.000095686259286798e-01,1.938474844109924211e-01,-2.782399404216741035e-01,1.016482174988464493e-01,1.000000000000000000e+00,-2.939916313827631300e-01,2.136028378897413815e-01,-4.521905518434201077e-01,5.220056647339209599e-01,5.993528274208380635e-01
-4.109252613623844974e-01,-6.220311110003805960e-02,-4.803604431604387992e-01,1.776389580788783062e-01,-2.138938018719599987e-01,5.248241283376773314e-01,3.428064097776879066e-02,3.895743659581407670e-01,-1.012782241672802730e-01,-9.438280246434475884e-02,1.218564297105864530e-01,-3.445917590871982461e-01,4.331068128234527581e-01,-5.565097590543830464e-01,-5.294937227965809123e-01,-2.079293313821970191e-01,7.672926688626052760e-02,-2.700101338925117722e-02,-3.579770733121064724e-02,-4.325620433816497190e-01,4.693270918525918045e-01,7.141495411780555969e-02,3.138707177828002348e-01,5.244387022582890079e-02,1.777120848420235544e-02,-5.511158675868579326e-01,-3.423685671067780989e-01,-3.244006025511331909e-02,-9.563907436668217521e-02,-1.538414990158141205e-01,-5.657231251892231860e-01,5.151141976016482271e-01,8.677844582078915112e-03,-2.939916313827631300e-01,1.000000000000000000e+00,-1.169126140841880851e-01,5.202655868174538289e-01,-3.999625094741182663e-01,-2.498606071875408008e-01
2.958297894586711663e-01,4.093212839936812286e-01,5.015547461672719143e-01,1.969778308904711339e-01,4.628574264550274209e-01,3.879673745612657182e-02,1.058256278912732135e-01,-5.865777541976742171e-01,4.183074735404043731e-01,4.986657589277557201e-01,1.459673429641636100e-01,1.959704825337023892e-01,-1.301026702651493228e-01,2.575501475694150777e-01,1.590520500645316027e-01,4.695157058383718773e-01,5.010902846030459296e-02,2.322403082349817904e-01,2.755527443991581671e-01,-1.552925652446724564e-02,-8.864984176072272792e-02,-1.129419805846353375e-01,2.452106935850210112e-01,1.085738151251788852e-01,2.852983108978333071e-01,3.813520230272950950e-01,4.675219263952356541e-01,2.503312765784066474e-01,2.084820105679035251e-01,3.820413854634694406e-01,2.520383670560935596e-01,3.481574888350926628e-02,2.681895607375235357e-01,2.136028378897413815e-01,-1.169126140841880851e-01,1.000000000000000000e+00,-2.554152168410245283e-01,1.525139942884790045e-01,3.551772693117064006e-01
-3.987770782610657316e-01,-1.290666987629091045e-01,-6.410493951434662607e-01,1.176839948076397052e-01,-4.383154558353152264e-01,6.157180914228573831e-01,1.965112964869231982e-01,5.254582995999546036e-01,-3.353433965594442845e-01,-2.490495537821345862e-01,2.196164750669147431e-02,-5.092709053064897740e-01,4.203959224927086291e-01,-6.423490155766997667e-01,-5.780667270990612616e-01,-4.366431829217892191e-01,-1.591528800359684193e-01,-8.785499639336141753e-02,-1.263457649514635739e-01,-4.430577522848445082e-01,4.465120173349338972e-01,4.266494252862347569e-02,3.714540427416044843e-01,1.977072216982498354e-01,2.082186438643676002e-02,-5.927204322171166773e-01,-5.955718752592394916e-01,1.391656822026150590e-02,1.274415151936755253e-01,-3.257218189226500082e-01,-5.766042512092287575e-01,5.508418002655822709e-01,-5.774567201272826772e-02,-4.521905518434201077e-01,5.202655868174538289e-01,-2.554152168410245283e-01,1.000000000000000000e+00,-4.400786836242561173e-01,-4.679480325030338506e-01
6.841571798165009266e-01,3.238724730283652486e-01,5.026245664338047092e-01,-1.449339385666677804e-01,2.250535320441265641e-01,-5.436590795005651344e-01,-3.264456256563967318e-01,-2.962764194996597156e-01,4.911848344393265342e-01,4.322230929226952845e-01,1.736852244871329998e-01,5.718623533094555622e-01,-1.847987847440793752e-01,5.387818896199059182e-01,8.022214648604856224e-01,5.051337642724478272e-01,2.498537336622834726e-01,7.181410088803520664e-02,-2.247089940389859417e-02,5.961379068826982985e-01,-2.989813018673721512e-01,2.038883636625782314e-01,-2.566974883030508359e-01,-2.942952516447182587e-01,1.476483247753560824e-01,5.752448094772790732e-01,3.356924606988557214e-01,4.009939389531887999e-01,-6.600710675907869862e-02,3.565808905838490639e-01,5.501250061079303588e-01,-5.707753600280081052e-01,2.847094605040531579e-01,5.220056647339209599e-01,-3.999625094741182663e-01,1.525139942884790045e-01,-4.400786836242561173e-01,1.000000000000000000e+00,6.591116672503778418e-01
6.388747032849803054e-01,5.916336537959109299e-01,5.477854538827027220e-01,-8.053363973820780106e-03,4.898571319116158951e-01,-2.294139250275754605e-01,-4.091581705509838573e-01,-4.620002104663603060e-01,6.015755049312806468e-01,6.321553509770558854e-01,1.771940322228084119e-01,5.944632849351150217e-01,-6.141374991591065646e-02,3.800993895961625180e-01,5.722521394013234675e-01,6.318481194115591615e-01,3.004434959056655474e-01,3.045483751823920837e-01,2.305781040585281882e-01,2.440882774756406581e-01,-1.101148144817491598e-01,1.317921873925386178e-01,2.043296292538077444e-02,-1.477323293965704665e-01,2.928163545851493743e-01,5.274481862782282038e-01,5.930680419411126225e-01,3.387107117173789317e-01,-1.026722759880250614e-03,3.768652549602145574e-01,3.388182271390481337e-01,-2.265206469846824111e-01,3.085019037902410055e-01,5.993528274208380635e-01,-2.498606071875408008e-01,3.551772693117064006e-01,-4.679480325030338506e-01,6.591116672503778418e-01,1.000000000000000000e+00
