1.000000000000000000e+00,6.451039124950768144e-01,6.329380177397462282e-01,8.294946857067967902e-03,6.184277565093673212e-01,-2.997073791499894058e-01,-1.282705073219751746e-01,1.861648822554414495e-01,5.655932365418768759e-01,7.101500619641399892e-01,1.168582734114886751e-01,2.571079915095115243e-01,-1.930910303385229287e-01,5.339340190622793303e-01,6.748195414344881904e-01,7.496418717317292479e-01,4.839758689342367193e-01,3.702004743294912692e-01,5.837010162510551936e-01,3.593518751231452590e-01,3.447459637025737655e-01,2.888079317163508297e-01,5.939846670563216913e-01,3.453136161746040433e-01,7.536618812256904443e-01,6.965525328397118576e-01,1.876387796415699694e-01,4.090911388804715498e-01,4.472463464324143989e-01,7.567392354903124119e-01,1.433967617859963628e-01,-2.309269359396334473e-02,2.391775543883784827e-01,6.456725177983290154e-01,1.152808585103617667e-01,5.917578665141176586e-01,1.971923958547128208e-01,7.078341111673162045e-01,4.514790420421463946e-01
6.451039124950768144e-01,1.000000000000000000e+00,6.477593883650731854e-01,2.849209421890112615e-01,6.969280118983591787e-01,-9.203477797376233283e-02,3.005092736030168799e-01,4.727762201353152838e-01,7.422682076605391366e-01,7.106775704191274912e-01,3.873072818512756088e-01,6.194556260078902810e-01,2.410223464311227540e-02,6.495966297951886181e-01,3.885546290635144562e-01,7.568254436195148704e-01,6.292474496933543951e-03,5.759089162940257411e-01,4.896043116811556462e-01,7.687322245619102046e-02,5.377483823252153794e-01,5.816287175686766231e-01,6.249507790078473457e-01,6.169156342639868784e-01,5.702224281582126686e-01,5.640105759335822810e-01,6.272730131879954429e-01,4.343512286785073950e-01,4.871422435397092521e-01,6.494931180974047313e-01,5.877436325724190169e-01,5.326109831619869617e-01,5.344079470871713200e-01,5.426991476195450748e-01,4.396721078725046583e-01,5.031301961156401381e-01,6.104864780251861855e-01,4.698028477182881746e-01,6.555721294494500917e-01
6.329380177397462282e-01,6.477593883650731854e-01,1.000000000000000000e+00,2.036169082900289862e-01,7.810792543715159297e-01,-1.600949581287425955e-02,1.189285987046663357e-01,4.279249050201374693e-01,7.241434270649514948e-01,6.467469405494696844e-01,4.721782662104487827e-01,5.063716989965474369e-01,-1.178318782534916974e-02,7.122340893999462574e-01,5.185392351062038108e-01,6.651353639260875195e-01,2.149673714641890387e-01,4.994005314792492323e-01,7.420562996992781102e-01,1.396458330528687342e-01,5.610754936217737798e-01,5.696280187087405800e-01,6.334097496919327552e-01,5.191525068612623528e-01,6.992589201959096279e-01,6.496386721569602507e-01,4.828779772377347346e-01,3.891816395253819283e-01,4.814349880128413472e-01,6.659551861173754750e-01,4.120094608595450403e-01,3.289096745493384488e-01,5.175456449990525343e-01,7.780573128937878780e-01,3.755874095561462789e-01,5.827114981409685646e-01,4.431612359095278286e-01,6.196615225970750762e-01,6.398216244144103726e-01
8.294946857067967902e-03,2.849209421890112615e-01,2.036169082900289862e-01,1.000000000000000000e+00,1.675189928571736986e-01,-8.211798125686700645e-02,7.635773865104238389e-01,5.334696815354802446e-01,3.759222512337903610e-01,1.321869336102138026e-01,-3.483731432035552106e-02,2.882674238580195669e-01,5.082867757877878034e-01,2.949338483440326897e-01,-1.171469030078823997e-01,1.832929375204682132e-01,-2.347884835779671386e-01,4.373722306534312265e-01,1.595148680878970548e-01,1.075831523924819511e-02,5.627793536770109295e-01,5.989238823985916227e-01,-8.130858780166537458e-02,4.135991180474085649e-01,2.447452808231295393e-02,3.082422028827665472e-01,5.587528248728714786e-01,5.650472047214869509e-01,3.520185929946986203e-01,1.233917767190199910e-01,6.033261574541429750e-01,2.973363153571267348e-01,5.165987054392231492e-01,-4.708269932157500143e-02,4.524825365807133570e-01,-1.703029787281917229e-01,5.069326192526233399e-01,-5.128292567124950047e-02,3.086401058401125330e-01
6.184277565093673212e-01,6.969280118983591787e-01,7.810792543715159297e-01,1.675189928571736986e-01,1.000000000000000000e+00,-8.979422465826518429e-02,1.245582722628117145e-01,3.180665368835884910e-01,7.308250560262603557e-01,6.280221033377834106e-01,3.944202395368020531e-01,4.668475947046241692e-01,-1.831184882051246909e-02,6.069671352390451080e-01,5.459530631158918679e-01,6.583748218865084212e-01,1.918282015326487067e-01,4.825354132425000997e-01,7.212080554077451300e-01,1.126904634683544987e-01,4.520117758708066535e-01,4.515954650528610226e-01,5.722978899045441104e-01,5.062555979071069467e-01,6.115938488567478348e-01,5.587107715233333716e-01,4.122014562001391491e-01,3.195473226576525105e-01,4.572220862902316996e-01,6.124140211570995307e-01,3.722129802153491540e-01,2.957457028223871021e-01,3.858901685260225922e-01,7.313447620441786423e-01,3.305106824329769877e-01,4.687139760397297517e-01,3.719210314243491800e-01,5.557004790741874034e-01,5.736214414291737063e-01
-2.997073791499894058e-01,-9.203477797376233283e-02,-1.600949581287425955e-02,-8.211798125686700645e-02,-8.979422465826518429e-02,1.000000000000000000e+00,-4.472864955477687948e-02,-1.070241107021773913e-01,-1.473771247831667519e-01,-1.593714242823772997e-01,3.428090822931360027e-01,4.702726336768520143e-02,-1.123897281357543187e-01,7.197823627276990488e-02,-2.032360812204081491e-01,-1.925427364141530373e-01,-1.890549910231261455e-01,-4.459957438346187110e-03,-1.404060503008224270e-01,-2.498777760039596896e-01,-1.438208461691014572e-01,-1.149137324974421615e-01,2.030698182512576944e-01,2.894577948316381238e-02,-7.401181731493811089e-02,-3.081108412543350217e-01,-2.577397625363818390e-02,-2.894272212352905216e-01,-1.756029097793263827e-01,-7.809094862652818381e-02,-8.343052067757458778e-02,3.350037686142360305e-01,-3.744452589315137858e-02,-2.509710876347229225e-02,8.225559262577143704e-02,-8.463101936839240169e-02,1.248866432552293432e-01,-2.760583951868937347e-01,-1.959180890269920372e-01
-1.282705073219751746e-01,3.005092736030168799e-01,1.189285987046663357e-01,7.635773865104238389e-01,1.245582722628117145e-01,-4.472864955477687948e-02,1.000000000000000000e+00,7.267045619093221998e-01,3.566295625701082495e-01,7.177911086012270583e-03,7.933331946598963513e-02,3.164890544596837274e-01,5.753984673904530833e-01,2.865376427362983369e-01,-1.269578280383773239e-01,1.105827381881595572e-01,-3.696028617274963457e-01,4.086238611403382737e-01,4.537067758238304271e-02,-2.047269844565586250e-01,6.470019501271443430e-01,6.954908582881745849e-01,-2.078401458867395468e-01,5.257171874054349381e-01,-1.366400073833810014e-01,3.076198049134453161e-01,6.734339481543376582e-01,5.905033966353465669e-01,4.644579414073595203e-01,4.518002014824159390e-02,7.685863930374288167e-01,4.446307116210528876e-01,6.661799661448307708e-01,-1.402710982091707748e-01,6.427662923671013662e-01,-2.678534637387732231e-01,6.126193746590731237e-01,-1.496989355688586598e-01,2.694566154159434568e-01
1.861648822554414495e-01,4.727762201353152838e-01,4.279249050201374693e-01,5.334696815354802446e-01,3.180665368835884910e-01,-1.070241107021773913e-01,7.267045619093221998e-01,1.000000000000000000e+00,5.609699909124358230e-01,2.377603817249318019e-01,2.675075073374720280e-01,6.152864042940393574e-01,4.998127210648807273e-01,5.820753898750447020e-01,2.926814327247360681e-01,3.836240111079525783e-01,-1.658781212541239336e-01,4.905666390612261063e-01,2.765699128280066921e-01,-1.205243113269371114e-01,8.735992732189145071e-01,8.978022028841706748e-01,6.889728666184122274e-02,6.856008702996936321e-01,2.120147617486297653e-01,6.393019606481425976e-01,8.015086468914576212e-01,7.909041289864249258e-01,6.779215394380807558e-01,3.276261249092913275e-01,8.445773250781346553e-01,5.087808001994048590e-01,9.027871258800570509e-01,1.715269053600096405e-01,7.510689412273821031e-01,5.189129692492893547e-02,7.415323231046461183e-01,2.745297881349740843e-01,4.800188729912329144e-01
5.655932365418768759e-01,7.422682076605391366e-01,7.241434270649514948e-01,3.759222512337903610e-01,7.308250560262603557e-01,-1.473771247831667519e-01,3.566295625701082495e-01,5.609699909124358230e-01,1.000000000000000000e+00,7.178842382452367277e-01,2.760080634391766097e-01,6.477348802728799537e-01,1.579943468137632590e-01,6.652535495486204820e-01,4.742152119047272074e-01,7.143572308002497095e-01,5.486606834841609853e-02,5.016552329901641238e-01,6.165027572293789726e-01,2.219842408102654929e-01,6.828224180858508685e-01,6.747102720695515865e-01,6.069722218638565758e-01,6.208535191751199944e-01,6.358014017463824441e-01,6.504857352188411213e-01,6.626232307703970870e-01,5.671155729246939448e-01,4.897980942757569345e-01,6.395405932456471598e-01,6.430531854595338270e-01,4.506189130072052462e-01,6.033255509865099731e-01,6.699067156179829841e-01,4.348323755836445148e-01,5.192613070883160820e-01,5.752082799205737729e-01,6.261250598388811150e-01,8.423790964442267049e-01
7.101500619641399892e-01,7.106775704191274912e-01,6.467469405494696844e-01,1.321869336102138026e-01,6.280221033377834106e-01,-1.593714242823772997e-01,7.177911086012270583e-03,2.377603817249318019e-01,7.178842382452367277e-01,1.000000000000000000e+00,1.005655175153572084e-01,3.591057295942924887e-01,-1.788974259264141942e-01,5.792701028353650639e-01,4.748775999795037395e-01,8.224990610442278749e-01,1.792123339128086079e-01,2.662739745093904986e-01,5.779212980627717045e-01,3.893433052615353773e-01,3.551145499210990875e-01,3.293540475236724219e-01,6.758301490965984426e-01,3.253553166346769276e-01,7.385025497370443226e-01,5.062412630146770898e-01,2.859404257250779402e-01,3.417858691579257480e-01,2.775074996884268619e-01,6.634497885587634647e-01,2.521545484112351354e-01,1.296676519197907385e-01,3.117950907585850251e-01,7.376243248959539756e-01,1.632765931632934597e-01,6.351092705470848809e-01,2.317190906639327863e-01,5.832387254924216169e-01,6.346808870877227449e-01
1.168582734114886751e-01,3.873072818512756088e-01,4.721782662104487827e-01,-3.483731432035552106e-02,3.944202395368020531e-01,3.428090822931360027e-01,7.933331946598963513e-02,2.675075073374720280e-01,2.760080634391766097e-01,1.005655175153572084e-01,1.000000000000000000e+00,4.290692860661829422e-01,1.475123595279427199e-02,4.459356743984499993e-01,1.216995129276928628e-01,1.434561772597352514e-01,1.448621243308092221e-01,2.409706953164667265e-01,2.322044598181215447e-01,-4.684349653544513936e-01,2.565967606158309766e-01,3.119747504717083064e-01,3.611954530327092794e-01,3.589746250359834856e-01,2.319656199897832949e-01,1.795263992251420748e-01,4.057198032052460324e-01,-1.942594395653418973e-02,2.343032592986548646e-01,2.306715527113694930e-01,3.003923830928710847e-01,5.778157400114869446e-01,3.311724747118233725e-01,3.156623961897275787e-01,3.149745157048627342e-01,2.494737734748845581e-01,4.097683015385402694e-01,1.781705660502604371e-01,2.775478956403655273e-01
2.571079915095115243e-01,6.194556260078902810e-01,5.063716989965474369e-01,2.882674238580195669e-01,4.668475947046241692e-01,4.702726336768520143e-02,3.164890544596837274e-01,6.152864042940393574e-01,6.477348802728799537e-01,3.591057295942924887e-01,4.290692860661829422e-01,1.000000000000000000e+00,2.510988155609916173e-01,5.830357591462047573e-01,3.649827637975229799e-01,4.758734658943896134e-01,-1.912513291044814212e-01,5.721401967404932121e-01,3.045189391169453308e-01,1.946241743817182096e-02,6.474759232352763627e-01,6.996046649374872972e-01,4.921539081382795278e-01,6.164173828380931086e-01,3.740267920939842061e-01,4.545474611031546375e-01,7.791934483876539197e-01,4.787433072245925736e-01,4.176765852254754607e-01,3.822259741647150988e-01,7.043280635906835618e-01,7.332115227384889966e-01,6.842566466362943745e-01,3.074965105794661424e-01,5.433801746538452493e-01,4.201530265614194515e-01,7.318228859686398691e-01,4.523355988484471513e-01,6.409956225593216317e-01
-1.930910303385229287e-01,2.410223464311227540e-02,-1.178318782534916974e-02,5.082867757877878034e-01,-1.831184882051246909e-02,-1.123897281357543187e-01,5.753984673904530833e-01,4.998127210648807273e-01,1.579943468137632590e-01,-1.788974259264141942e-01,1.475123595279427199e-02,2.510988155609916173e-01,1.000000000000000000e+00,1.150295099405974630e-01,-1.079036438082563859e-01,-6.541461078474904156e-02,-9.174989086058418786e-02,2.366743225829006925e-01,-9.405606153482919118e-02,-4.088449637104881601e-02,4.528224033997630404e-01,4.957961698806014339e-01,-2.470467139368912879e-01,2.580097316959460985e-01,-1.536845649933927804e-01,1.725578019760414250e-01,4.406425026096799646e-01,4.368730932255876498e-01,1.938306827162678547e-01,-1.709671935196511727e-01,4.151234870037237568e-01,2.509235574043653383e-01,4.570335461133515076e-01,-1.498392831163940231e-01,2.886152452942947200e-01,-2.009235967705088055e-01,3.558274922836855980e-01,-1.188502085954205034e-01,1.415265972166453168e-01
5.339340190622793303e-01,6.495966297951886181e-01,7.122340893999462574e-01,2.949338483440326897e-01,6.069671352390451080e-01,7.197823627276990488e-02,2.865376427362983369e-01,5.820753898750447020e-01,6.652535495486204820e-01,5.792701028353650639e-01,4.459356743984499993e-01,5.830357591462047573e-01,1.150295099405974630e-01,1.000000000000000000e+00,4.847048943875801874e-01,6.652768058031522935e-01,1.281137271163293734e-01,4.116509000875718249e-01,4.826462532444044662e-01,-6.551624993860204887e-03,6.541172017408225514e-01,6.576044068156029487e-01,5.716619736234276328e-01,6.230822023555766531e-01,6.236053221925226264e-01,5.880592115247050833e-01,5.528973828542949054e-01,5.221978087411708325e-01,4.699897893286994477e-01,5.537125697869920149e-01,5.187706155482871839e-01,4.168866713472876850e-01,6.670906373817940826e-01,6.051371469156406890e-01,4.721169699913740914e-01,4.105195643024713847e-01,5.716179818797114676e-01,5.097108564711980705e-01,5.328027873182697993e-01
6.748195414344881904e-01,3.885546290635144562e-01,5.185392351062038108e-01,-1.171469030078823997e-01,5.459530631158918679e-01,-2.032360812204081491e-01,-1.269578280383773239e-01,2.926814327247360681e-01,4.742152119047272074e-01,4.748775999795037395e-01,1.216995129276928628e-01,3.649827637975229799e-01,-1.079036438082563859e-01,4.847048943875801874e-01,1.000000000000000000e+00,5.641469809211904218e-01,4.129842813666333434e-01,2.993016482248450072e-01,5.335654613419815728e-01,2.590529826285275505e-01,4.474445315891667496e-01,3.513373435817540025e-01,3.986061509661329993e-01,4.238884564855097681e-01,6.178026364956958894e-01,7.315842168532241674e-01,1.670153512984624278e-01,4.767190920824375122e-01,5.741961486017733707e-01,6.484487757234835836e-01,1.594375585333145384e-01,-4.392900868683129872e-02,3.537587346431956825e-01,5.450185847529480654e-01,3.218606057667046660e-01,4.098536528437437543e-01,1.554048335361344901e-01,7.897736005723426933e-01,2.753255583220072800e-01
7.496418717317292479e-01,7.568254436195148704e-01,6.651353639260875195e-01,1.832929375204682132e-01,6.583748218865084212e-01,-1.925427364141530373e-01,1.105827381881595572e-01,3.836240111079525783e-01,7.143572308002497095e-01,8.224990610442278749e-01,1.434561772597352514e-01,4.758734658943896134e-01,-6.541461078474904156e-02,6.652768058031522935e-01,5.641469809211904218e-01,1.000000000000000000e+00,1.483039602048893679e-01,4.245056845506444132e-01,5.888544914168197808e-01,2.990093205080887606e-01,5.032533593617964929e-01,4.854984224457948860e-01,6.296764079681970161e-01,4.791275477767663049e-01,6.705498690880681290e-01,6.119373391896963943e-01,3.800765290505864202e-01,4.725862774364085195e-01,4.530214224505139664e-01,7.137409112854010695e-01,3.865922795314725158e-01,2.322092028825138987e-01,4.641865817257311844e-01,6.441294545240828784e-01,3.599875820626692313e-01,5.446426444264276245e-01,3.718431677559179693e-01,6.441460753462577848e-01,5.857527258539950710e-01
4.839758689342367193e-01,6.292474496933543951e-03,2.149673714641890387e-01,-2.347884835779671386e-01,1.918282015326487067e-01,-1.890549910231261455e-01,-3.696028617274963457e-01,-1.658781212541239336e-01,5.486606834841609853e-02,1.792123339128086079e-01,1.448621243308092221e-01,-1.912513291044814212e-01,-9.174989086058418786e-02,1.281137271163293734e-01,4.129842813666333434e-01,1.483039602048893679e-01,1.000000000000000000e+00,-5.511605382897968169e-02,2.726979706240011403e-01,1.214841793705169065e-01,-2.148577889886508011e-02,-1.243076801823922023e-01,1.477837831394349655e-01,-1.026820863379887122e-01,3.564264324616063795e-01,3.274127856506669487e-01,-2.201207064040877626e-01,5.592664728924916229e-02,4.959530983544093580e-02,2.370991718296072692e-01,-3.019693906016301943e-01,-3.739871762613701800e-01,-1.653702001890424156e-01,3.661750759015479639e-01,-3.238053753351962105e-01,1.973993780585918401e-01,-2.539247012033166717e-01,3.749674460951027410e-01,4.016274082299320369e-03
3.702004743294912692e-01,5.759089162940257411e-01,4.994005314792492323e-01,4.373722306534312265e-01,4.825354132425000997e-01,-4.459957438346187110e-03,4.086238611403382737e-01,4.905666390612261063e-01,5.016552329901641238e-01,2.662739745093904986e-01,2.409706953164667265e-01,5.721401967404932121e-01,2.366743225829006925e-01,4.116509000875718249e-01,2.993016482248450072e-01,4.245056845506444132e-01,-5.511605382897968169e-02,1.000000000000000000e+00,5.299426454900906247e-01,1.783821254948663448e-01,5.264537222503654634e-01,5.881752907942363606e-01,3.083432920927706711e-01,6.498365990205932086e-01,2.614971073166441617e-01,5.516795074795667331e-01,6.005203485884966774e-01,4.904414303760956662e-01,5.482741770369840006e-01,4.835098696993121448e-01,5.915418261575636771e-01,5.003673086222735211e-01,5.561299620357967877e-01,1.839962629489814427e-01,5.318281882717078579e-01,2.092528499270434328e-01,6.636053312309904140e-01,2.345879155756792900e-01,3.377177006246261382e-01
5.837010162510551936e-01,4.896043116811556462e-01,7.420562996992781102e-01,1.595148680878970548e-01,7.212080554077451300e-01,-1.404060503008224270e-01,4.537067758238304271e-02,2.765699128280066921e-01,6.165027572293789726e-01,5.779212980627717045e-01,2.322044598181215447e-01,3.045189391169453308e-01,-9.405606153482919118e-02,4.826462532444044662e-01,5.335654613419815728e-01,5.888544914168197808e-01,2.726979706240011403e-01,5.299426454900906247e-01,1.000000000000000000e+00,2.789473871274749106e-01,4.109711484960552608e-01,3.912918830976475082e-01,4.567884760641983122e-01,4.542830122189401854e-01,5.784838891851199483e-01,6.099763966835984874e-01,2.930184877931309440e-01,3.481466983281324978e-01,4.750394503189679929e-01,6.028559502657095948e-01,2.861310715615522082e-01,1.004283951117562607e-01,3.490966811882459941e-01,6.685850279636605942e-01,2.796902791869455007e-01,4.103133658493958724e-01,2.926289228749081595e-01,5.246437811934097084e-01,4.502213003196924301e-01
3.593518751231452590e-01,7.687322245619102046e-02,1.396458330528687342e-01,1.075831523924819511e-02,1.126904634683544987e-01,-2.498777760039596896e-01,-2.047269844565586250e-01,-1.205243113269371114e-01,2.219842408102654929e-01,3.893433052615353773e-01,-4.684349653544513936e-01,1.946241743817182096e-02,-4.088449637104881601e-02,-6.551624993860204887e-03,2.590529826285275505e-01,2.990093205080887606e-01,1.214841793705169065e-01,1.783821254948663448e-01,2.789473871274749106e-01,1.000000000000000000e+00,-1.293591179607461727e-02,-6.158679326544029553e-02,2.336535685381708471e-01,-4.481759859093360776e-02,2.811791135342862624e-01,2.082644431871838453e-01,-7.747030756254701112e-02,2.040735297385369018e-01,-7.718864900842013765e-02,1.761379471379267148e-01,-1.247676113287057992e-01,-2.365622153281781159e-01,-6.373225056830870983e-02,2.126823722528000671e-01,-2.104405159746995935e-01,4.289096896288394634e-01,-1.190513824420637023e-01,2.808929743186849848e-01,1.517614494432729388e-01
3.447459637025737655e-01,5.377483823252153794e-01,5.610754936217737798e-01,5.627793536770109295e-01,4.520117758708066535e-01,-1.438208461691014572e-01,6.470019501271443430e-01,8.735992732189145071e-01,6.828224180858508685e-01,3.551145499210990875e-01,2.565967606158309766e-01,6.474759232352763627e-01,4.528224033997630404e-01,6.541172017408225514e-01,4.474445315891667496e-01,5.032533593617964929e-01,-2.148577889886508011e-02,5.264537222503654634e-01,4.109711484960552608e-01,-1.293591179607461727e-02,1.000000000000000000e+00,9.127763562031814271e-01,1.925262872264875136e-01,7.252051389511801061e-01,3.645521277820636397e-01,7.533151394066274209e-01,7.886026049382826031e-01,8.389345504062372116e-01,7.307751105205591013e-01,4.466626997117021936e-01,8.129292730894202013e-01,4.541365052902006649e-01,8.800943671535063073e-01,3.137252785106627306e-01,7.301471699480370781e-01,1.419253476023451532e-01,7.055909145774492686e-01,4.836616040688419549e-01,5.859832899427138697e-01
2.888079317163508297e-01,5.816287175686766231e-01,5.696280187087405800e-01,5.989238823985916227e-01,4.515954650528610226e-01,-1.149137324974421615e-01,6.954908582881745849e-01,8.978022028841706748e-01,6.747102720695515865e-01,3.293540475236724219e-01,3.119747504717083064e-01,6.996046649374872972e-01,4.957961698806014339e-01,6.576044068156029487e-01,3.513373435817540025e-01,4.854984224457948860e-01,-1.243076801823922023e-01,5.881752907942363606e-01,3.912918830976475082e-01,-6.158679326544029553e-02,9.127763562031814271e-01,1.000000000000000000e+00,2.103573655152193855e-01,7.466047826489182748e-01,3.224168364155554634e-01,6.961032662286074091e-01,8.490050026819472295e-01,7.914656704541765952e-01,7.013147514294596485e-01,4.202537656441060476e-01,8.694136253500799327e-01,5.646140971255902974e-01,9.069819760815880372e-01,2.781316862440280091e-01,7.509003701868490754e-01,1.517083534001966993e-01,7.925476909591431252e-01,3.905679782218453022e-01,5.949135816144559552e-01
5.939846670563216913e-01,6.249507790078473457e-01,6.334097496919327552e-01,-8.130858780166537458e-02,5.722978899045441104e-01,2.030698182512576944e-01,-2.078401458867395468e-01,6.889728666184122274e-02,6.069722218638565758e-01,6.758301490965984426e-01,3.611954530327092794e-01,4.921539081382795278e-01,-2.470467139368912879e-01,5.716619736234276328e-01,3.986061509661329993e-01,6.296764079681970161e-01,1.477837831394349655e-01,3.083432920927706711e-01,4.567884760641983122e-01,2.336535685381708471e-01,1.925262872264875136e-01,2.103573655152193855e-01,1.000000000000000000e+00,3.206892232910086848e-01,6.913640193587489158e-01,3.022550413450855178e-01,2.695757548519521762e-01,8.404202133238596051e-02,7.270429749007355225e-02,6.050271060928799072e-01,1.526191703913520881e-01,3.933606084099167677e-01,1.756775966590369553e-01,6.852166006888785743e-01,4.209261615591124855e-02,6.825437598124747263e-01,3.226057428025901896e-01,5.540065054099146957e-01,5.602733427941465338e-01
3.453136161746040433e-01,6.169156342639868784e-01,5.191525068612623528e-01,4.135991180474085649e-01,5.062555979071069467e-01,2.894577948316381238e-02,5.257171874054349381e-01,6.856008702996936321e-01,6.208535191751199944e-01,3.253553166346769276e-01,3.589746250359834856e-01,6.164173828380931086e-01,2.580097316959460985e-01,6.230822023555766531e-01,4.238884564855097681e-01,4.791275477767663049e-01,-1.026820863379887122e-01,6.498365990205932086e-01,4.542830122189401854e-01,-4.481759859093360776e-02,7.252051389511801061e-01,7.466047826489182748e-01,3.206892232910086848e-01,1.000000000000000000e+00,3.575061133489617071e-01,6.312633465391203069e-01,6.906333879504183981e-01,6.092117821232091446e-01,7.389906134202195442e-01,5.370291286621498017e-01,7.274375122231685475e-01,5.587402289465651650e-01,7.281591644013204467e-01,2.892516719126956293e-01,7.461126305612710841e-01,1.735026203259020239e-01,7.672218363183820333e-01,3.756329143832354833e-01,4.567550265079638461e-01
7.536618812256904443e-01,5.702224281582126686e-01,6.992589201959096279e-01,2.447452808231295393e-02,6.115938488567478348e-01,-7.401181731493811089e-02,-1.366400073833810014e-01,2.120147617486297653e-01,6.358014017463824441e-01,7.385025497370443226e-01,2.319656199897832949e-01,3.740267920939842061e-01,-1.536845649933927804e-01,6.236053221925226264e-01,6.178026364956958894e-01,6.705498690880681290e-01,3.564264324616063795e-01,2.614971073166441617e-01,5.784838891851199483e-01,2.811791135342862624e-01,3.645521277820636397e-01,3.224168364155554634e-01,6.913640193587489158e-01,3.575061133489617071e-01,1.000000000000000000e+00,5.878185939181032049e-01,2.444025454565633970e-01,3.380212513957283060e-01,3.671817708888047149e-01,6.979267514179443577e-01,1.721214633988307763e-01,3.605475810361676720e-02,2.886372759048186354e-01,7.718677252645033127e-01,1.233604062650775629e-01,6.387355513359389558e-01,2.402278605805282519e-01,6.919329968836268607e-01,5.767642003169851650e-01
6.965525328397118576e-01,5.640105759335822810e-01,6.496386721569602507e-01,3.082422028827665472e-01,5.587107715233333716e-01,-3.081108412543350217e-01,3.076198049134453161e-01,6.393019606481425976e-01,6.504857352188411213e-01,5.062412630146770898e-01,1.795263992251420748e-01,4.545474611031546375e-01,1.725578019760414250e-01,5.880592115247050833e-01,7.315842168532241674e-01,6.119373391896963943e-01,3.274127856506669487e-01,5.516795074795667331e-01,6.099763966835984874e-01,2.082644431871838453e-01,7.533151394066274209e-01,6.961032662286074091e-01,3.022550413450855178e-01,6.312633465391203069e-01,5.878185939181032049e-01,1.000000000000000000e+00,5.387935188229635575e-01,7.734989362560223958e-01,7.795938621091861309e-01,6.883797855641451413e-01,5.406206925169382282e-01,1.514947186521744538e-01,6.555249540299545874e-01,4.840045817515400972e-01,5.350510949786224657e-01,3.343824559031082222e-01,4.864108516748991695e-01,7.032385094653120783e-01,5.056589587016074860e-01
1.876387796415699694e-01,6.272730131879954429e-01,4.828779772377347346e-01,5.587528248728714786e-01,4.122014562001391491e-01,-2.577397625363818390e-02,6.734339481543376582e-01,8.015086468914576212e-01,6.626232307703970870e-01,2.859404257250779402e-01,4.057198032052460324e-01,7.791934483876539197e-01,4.406425026096799646e-01,5.528973828542949054e-01,1.670153512984624278e-01,3.800765290505864202e-01,-2.201207064040877626e-01,6.005203485884966774e-01,2.930184877931309440e-01,-7.747030756254701112e-02,7.886026049382826031e-01,8.490050026819472295e-01,2.695757548519521762e-01,6.906333879504183981e-01,2.444025454565633970e-01,5.387935188229635575e-01,1.000000000000000000e+00,6.421234666566538740e-01,5.274478143732094226e-01,2.885584601743318989e-01,8.904063800480308544e-01,7.282691901149327407e-01,8.091955484814270516e-01,2.118176497004043146e-01,6.360634570128298471e-01,2.190968703522993000e-01,8.441547145879938485e-01,2.728719716696716979e-01,6.704366637882562818e-01
4.090911388804715498e-01,4.343512286785073950e-01,3.891816395253819283e-01,5.650472047214869509e-01,3.195473226576525105e-01,-2.894272212352905216e-01,5.905033966353465669e-01,7.909041289864249258e-01,5.671155729246939448e-01,3.417858691579257480e-01,-1.942594395653418973e-02,4.787433072245925736e-01,4.368730932255876498e-01,5.221978087411708325e-01,4.767190920824375122e-01,4.725862774364085195e-01,5.592664728924916229e-02,4.904414303760956662e-01,3.481466983281324978e-01,2.040735297385369018e-01,8.389345504062372116e-01,7.914656704541765952e-01,8.404202133238596051e-02,6.092117821232091446e-01,3.380212513957283060e-01,7.734989362560223958e-01,6.421234666566538740e-01,1.000000000000000000e+00,6.919471364685332304e-01,4.265164592211470040e-01,6.824650111728987056e-01,2.283318962496765081e-01,7.561034229796891326e-01,1.813692271443743398e-01,5.885672977716646104e-01,1.037442904509673774e-01,5.749538332705674826e-01,4.569906277132981254e-01,4.397731496554739272e-01
4.472463464324143989e-01,4.871422435397092521e-01,4.814349880128413472e-01,3.520185929946986203e-01,4.572220862902316996e-01,-1.756029097793263827e-01,4.644579414073595203e-01,6.779215394380807558e-01,4.897980942757569345e-01,2.775074996884268619e-01,2.343032592986548646e-01,4.176765852254754607e-01,1.938306827162678547e-01,4.699897893286994477e-01,5.741961486017733707e-01,4.530214224505139664e-01,4.959530983544093580e-02,5.482741770369840006e-01,4.750394503189679929e-01,-7.718864900842013765e-02,7.307751105205591013e-01,7.013147514294596485e-01,7.270429749007355225e-02,7.389906134202195442e-01,3.671817708888047149e-01,7.795938621091861309e-01,5.274478143732094226e-01,6.919471364685332304e-01,1.000000000000000000e+00,5.887030933014071321e-01,6.226013974421025221e-01,2.390834372387128925e-01,6.814230752135311819e-01,2.278169944151612336e-01,7.780634711488871869e-01,7.706114756107493302e-02,5.562345498304542835e-01,4.710956797815928909e-01,3.251796804865675905e-01
7.567392354903124119e-01,6.494931180974047313e-01,6.659551861173754750e-01,1.233917767190199910e-01,6.124140211570995307e-01,-7.809094862652818381e-02,4.518002014824159390e-02,3.276261249092913275e-01,6.395405932456471598e-01,6.634497885587634647e-01,2.306715527113694930e-01,3.822259741647150988e-01,-1.709671935196511727e-01,5.537125697869920149e-01,6.484487757234835836e-01,7.137409112854010695e-01,2.370991718296072692e-01,4.835098696993121448e-01,6.028559502657095948e-01,1.761379471379267148e-01,4.466626997117021936e-01,4.202537656441060476e-01,6.050271060928799072e-01,5.370291286621498017e-01,6.979267514179443577e-01,6.883797855641451413e-01,2.885584601743318989e-01,4.265164592211470040e-01,5.887030933014071321e-01,1.000000000000000000e+00,3.173685866702076752e-01,1.897627158932144176e-01,3.763952627103810955e-01,5.917881966794715787e-01,4.123307291261068541e-01,4.895120879420680193e-01,3.498328856931925968e-01,6.674239332497069466e-01,4.391944192563491667e-01
1.433967617859963628e-01,5.877436325724190169e-01,4.120094608595450403e-01,6.033261574541429750e-01,3.722129802153491540e-01,-8.343052067757458778e-02,7.685863930374288167e-01,8.445773250781346553e-01,6.430531854595338270e-01,2.521545484112351354e-01,3.003923830928710847e-01,7.043280635906835618e-01,4.151234870037237568e-01,5.187706155482871839e-01,1.594375585333145384e-01,3.865922795314725158e-01,-3.019693906016301943e-01,5.915418261575636771e-01,2.861310715615522082e-01,-1.247676113287057992e-01,8.129292730894202013e-01,8.694136253500799327e-01,1.526191703913520881e-01,7.274375122231685475e-01,1.721214633988307763e-01,5.406206925169382282e-01,8.904063800480308544e-01,6.824650111728987056e-01,6.226013974421025221e-01,3.173685866702076752e-01,1.000000000000000000e+00,6.714711696645114802e-01,8.353765076733215000e-01,1.212252866102140336e-01,7.451286219687422996e-01,8.905328234847394164e-02,8.274577475522147951e-01,2.302537862516416678e-01,5.987426575691672248e-01
-2.309269359396334473e-02,5.326109831619869617e-01,3.289096745493384488e-01,2.973363153571267348e-01,2.957457028223871021e-01,3.350037686142360305e-01,4.446307116210528876e-01,5.087808001994048590e-01,4.506189130072052462e-01,1.296676519197907385e-01,5.778157400114869446e-01,7.332115227384889966e-01,2.509235574043653383e-01,4.168866713472876850e-01,-4.392900868683129872e-02,2.322092028825138987e-01,-3.739871762613701800e-01,5.003673086222735211e-01,1.004283951117562607e-01,-2.365622153281781159e-01,4.541365052902006649e-01,5.646140971255902974e-01,3.933606084099167677e-01,5.587402289465651650e-01,3.605475810361676720e-02,1.514947186521744538e-01,7.282691901149327407e-01,2.283318962496765081e-01,2.390834372387128925e-01,1.897627158932144176e-01,6.714711696645114802e-01,1.000000000000000000e+00,5.672758399570650978e-01,7.664467870523612725e-02,5.336313062888643488e-01,1.975130632987480150e-01,7.617566858082022163e-01,7.628322658386656185e-02,4.443240044352702034e-01
2.391775543883784827e-01,5.344079470871713200e-01,5.175456449990525343e-01,5.165987054392231492e-01,3.858901685260225922e-01,-3.744452589315137858e-02,6.661799661448307708e-01,9.027871258800570509e-01,6.033255509865099731e-01,3.117950907585850251e-01,3.311724747118233725e-01,6.842566466362943745e-01,4.570335461133515076e-01,6.670906373817940826e-01,3.537587346431956825e-01,4.641865817257311844e-01,-1.653702001890424156e-01,5.561299620357967877e-01,3.490966811882459941e-01,-6.373225056830870983e-02,8.800943671535063073e-01,9.069819760815880372e-01,1.756775966590369553e-01,7.281591644013204467e-01,2.886372759048186354e-01,6.555249540299545874e-01,8.091955484814270516e-01,7.561034229796891326e-01,6.814230752135311819e-01,3.763952627103810955e-01,8.353765076733215000e-01,5.672758399570650978e-01,1.000000000000000000e+00,2.404049066897060993e-01,7.845349818373099637e-01,1.347507300980226030e-01,7.727849898510035231e-01,3.415392740959086182e-01,5.071729082348567230e-01
6.456725177983290154e-01,5.426991476195450748e-01,7.780573128937878780e-01,-4.708269932157500143e-02,7.313447620441786423e-01,-2.509710876347229225e-02,-1.402710982091707748e-01,1.715269053600096405e-01,6.699067156179829841e-01,7.376243248959539756e-01,3.156623961897275787e-01,3.074965105794661424e-01,-1.498392831163940231e-01,6.051371469156406890e-01,5.450185847529480654e-01,6.441294545240828784e-01,3.661750759015479639e-01,1.839962629489814427e-01,6.685850279636605942e-01,2.126823722528000671e-01,3.137252785106627306e-01,2.781316862440280091e-01,6.852166006888785743e-01,2.892516719126956293e-01,7.718677252645033127e-01,4.840045817515400972e-01,2.118176497004043146e-01,1.813692271443743398e-01,2.278169944151612336e-01,5.917881966794715787e-01,1.212252866102140336e-01,7.664467870523612725e-02,2.404049066897060993e-01,1.000000000000000000e+00,4.995226038371948507e-02,5.950188583479327775e-01,1.558690055593793256e-01,5.997934182721534890e-01,5.880410003263234486e-01
1.152808585103617667e-01,4.396721078725046583e-01,3.755874095561462789e-01,4.524825365807133570e-01,3.305106824329769877e-01,8.225559262577143704e-02,6.427662923671013662e-01,7.510689412273821031e-01,4.348323755836445148e-01,1.632765931632934597e-01,3.149745157048627342e-01,5.433801746538452493e-01,2.886152452942947200e-01,4.721169699913740914e-01,3.218606057667046660e-01,3.599875820626692313e-01,-3.238053753351962105e-01,5.318281882717078579e-01,2.796902791869455007e-01,-2.104405159746995935e-01,7.301471699480370781e-01,7.509003701868490754e-01,4.209261615591124855e-02,7.461126305612710841e-01,1.233604062650775629e-01,5.350510949786224657e-01,6.360634570128298471e-01,5.885672977716646104e-01,7.780634711488871869e-01,4.123307291261068541e-01,7.451286219687422996e-01,5.336313062888643488e-01,7.845349818373099637e-01,4.995226038371948507e-02,1.000000000000000000e+00,-2.976379993951816169e-02,6.788154829491571673e-01,2.471376546939055840e-01,2.745904708661442428e-01
5.917578665141176586e-01,5.031301961156401381e-01,5.827114981409685646e-01,-1.703029787281917229e-01,4.687139760397297517e-01,-8.463101936839240169e-02,-2.678534637387732231e-01,5.189129692492893547e-02,5.192613070883160820e-01,6.351092705470848809e-01,2.494737734748845581e-01,4.201530265614194515e-01,-2.009235967705088055e-01,4.105195643024713847e-01,4.098536528437437543e-01,5.446426444264276245e-01,1.973993780585918401e-01,2.092528499270434328e-01,4.103133658493958724e-01,4.289096896288394634e-01,1.419253476023451532e-01,1.517083534001966993e-01,6.825437598124747263e-01,1.735026203259020239e-01,6.387355513359389558e-01,3.343824559031082222e-01,2.190968703522993000e-01,1.037442904509673774e-01,7.706114756107493302e-02,4.895120879420680193e-01,8.905328234847394164e-02,1.975130632987480150e-01,1.347507300980226030e-01,5.950188583479327775e-01,-2.976379993951816169e-02,1.000000000000000000e+00,1.606923950072877694e-01,5.463253182471493608e-01,5.297666942183214545e-01
1.971923958547128208e-01,6.104864780251861855e-01,4.431612359095278286e-01,5.069326192526233399e-01,3.719210314243491800e-01,1.248866432552293432e-01,6.126193746590731237e-01,7.415323231046461183e-01,5.752082799205737729e-01,2.317190906639327863e-01,4.097683015385402694e-01,7.318228859686398691e-01,3.558274922836855980e-01,5.716179818797114676e-01,1.554048335361344901e-01,3.718431677559179693e-01,-2.539247012033166717e-01,6.636053312309904140e-01,2.926289228749081595e-01,-1.190513824420637023e-01,7.055909145774492686e-01,7.925476909591431252e-01,3.226057428025901896e-01,7.672218363183820333e-01,2.402278605805282519e-01,4.864108516748991695e-01,8.441547145879938485e-01,5.749538332705674826e-01,5.562345498304542835e-01,3.498328856931925968e-01,8.274577475522147951e-01,7.617566858082022163e-01,7.727849898510035231e-01,1.558690055593793256e-01,6.788154829491571673e-01,1.606923950072877694e-01,1.000000000000000000e+00,1.966565963749037638e-01,5.291808776936115510e-01
7.078341111673162045e-01,4.698028477182881746e-01,6.196615225970750762e-01,-5.128292567124950047e-02,5.557004790741874034e-01,-2.760583951868937347e-01,-1.496989355688586598e-01,2.745297881349740843e-01,6.261250598388811150e-01,5.832387254924216169e-01,1.781705660502604371e-01,4.523355988484471513e-01,-1.188502085954205034e-01,5.097108564711980705e-01,7.897736005723426933e-01,6.441460753462577848e-01,3.749674460951027410e-01,2.345879155756792900e-01,5.246437811934097084e-01,2.808929743186849848e-01,4.836616040688419549e-01,3.905679782218453022e-01,5.540065054099146957e-01,3.756329143832354833e-01,6.919329968836268607e-01,7.032385094653120783e-01,2.728719716696716979e-01,4.569906277132981254e-01,4.710956797815928909e-01,6.674239332497069466e-01,2.302537862516416678e-01,7.628322658386656185e-02,3.415392740959086182e-01,5.997934182721534890e-01,2.471376546939055840e-01,5.463253182471493608e-01,1.966565963749037638e-01,1.000000000000000000e+00,5.606887988186013416e-01
4.514790420421463946e-01,6.555721294494500917e-01,6.398216244144103726e-01,3.086401058401125330e-01,5.736214414291737063e-01,-1.959180890269920372e-01,2.694566154159434568e-01,4.800188729912329144e-01,8.423790964442267049e-01,6.346808870877227449e-01,2.775478956403655273e-01,6.409956225593216317e-01,1.415265972166453168e-01,5.328027873182697993e-01,2.753255583220072800e-01,5.857527258539950710e-01,4.016274082299320369e-03,3.377177006246261382e-01,4.502213003196924301e-01,1.517614494432729388e-01,5.859832899427138697e-01,5.949135816144559552e-01,5.602733427941465338e-01,4.567550265079638461e-01,5.767642003169851650e-01,5.056589587016074860e-01,6.704366637882562818e-01,4.397731496554739272e-01,3.251796804865675905e-01,4.391944192563491667e-01,5.987426575691672248e-01,4.443240044352702034e-01,5.071729082348567230e-01,5.880410003263234486e-01,2.745904708661442428e-01,5.297666942183214545e-01,5.291808776936115510e-01,5.606887988186013416e-01,1.000000000000000000e+00
