1.000000000000000000e+00,4.937283644984252207e-01,4.092351743129214459e-01,-1.015202125951003148e-01,4.289974538155381101e-01,-4.958439017323586911e-02,-2.328732705234441980e-01,-4.307588544785169171e-01,2.107101536577464518e-01,2.906298131433438514e-01,9.880929535482860238e-02,-2.172879109612635695e-01,1.505492375340941602e-01,3.832566461477949771e-01,-2.568177924545911872e-01,3.944974773589814965e-01,2.604172847517042810e-01,-2.441312271374054543e-01,1.262901525351489140e-01,1.569620979782261616e-01,2.299550278641876444e-01,-1.246556821903251205e-01,2.945299929032240138e-01,3.304144327946447746e-01,4.486055278423450865e-01,6.133698742094710887e-01,-1.300681682573658349e-01,5.394720849043440625e-01,2.676959081452889855e-01,6.901838501671220261e-01,-1.730331019449934948e-02,8.644078037540134374e-02,1.503978207162841862e-01,3.389911570483225556e-01,9.094760339747159916e-02,3.859795874151900064e-02,2.406098409940471139e-01,3.324284171790479192e-01,1.052178743446720161e-01
4.937283644984252207e-01,1.000000000000000000e+00,3.472232370975160132e-01,-4.454607845259537791e-01,1.782657577262835580e-01,3.723126378185167562e-01,2.127415207011850717e-01,-4.326660112377544998e-01,-2.977415700046265323e-01,6.360019272463152129e-01,3.648491131694366896e-01,3.251881853876089634e-01,5.376091273935454939e-01,2.320920430035841309e-01,3.452655071032467160e-01,6.145851099869784617e-01,4.540129103502747454e-01,-3.856689282387852913e-01,-4.548563526268265544e-01,1.183264386850669675e-01,5.411385049919350543e-01,3.954365632627421800e-01,-3.610028369040286372e-02,-5.618218963497479540e-02,1.022691214517484071e-01,3.456088009327507038e-01,2.539075332139659191e-01,6.405455078364337140e-01,5.612419127010469522e-01,4.560893833867060154e-01,5.659686041700134895e-01,5.745290005683563184e-01,5.489777569568661253e-01,-1.113201117620844956e-02,4.813749488686634992e-01,5.202552532668617280e-01,6.308711211744653102e-01,-2.321822585483038770e-01,-3.341535655475089128e-01
4.092351743129214459e-01,3.472232370975160132e-01,1.000000000000000000e+00,7.817395269952490469e-03,7.411271333927258453e-01,-6.405633725549930713e-02,2.027370133190696533e-02,-8.582841995141217151e-01,2.192353227011425154e-01,2.157885265512918538e-01,1.315499559521709494e-01,-7.295865600630137282e-02,2.905456856993550163e-01,5.166275911045009606e-01,-1.677967562145419866e-01,3.032350972838778191e-01,3.212403785361141462e-01,-1.761009061423768896e-01,1.431327564314683054e-01,2.440225682931946305e-01,5.432990078184756211e-01,2.190501513707811820e-01,4.381488047235659877e-01,2.983398128668076632e-01,4.712984874293041360e-01,4.416285510834659367e-01,1.968495668162323908e-01,3.862534014410363148e-01,9.655770413611884651e-02,4.173833031985817454e-01,9.182968255072282426e-02,7.150220250689325041e-02,3.500440878167411785e-01,5.049168460101360889e-01,9.321393026444950436e-02,9.316356008701776048e-02,1.140146034166026889e-01,2.892450783645433843e-01,1.625715024637561235e-01
-1.015202125951003148e-01,-4.454607845259537791e-01,7.817395269952490469e-03,1.000000000000000000e+00,2.524338375416386726e-01,-7.480684576199498892e-01,-7.996063699514359413e-02,1.740837940881464485e-01,7.450924280321100657e-01,-7.120967528617955233e-01,-5.147458363413165428e-01,-6.335590806480649873e-01,-5.702108328338888477e-01,8.260903660538621018e-02,-5.710017094265357196e-01,-6.484029488409036590e-01,-4.612516158059810634e-01,6.262121366001338618e-01,6.508107150072922620e-01,2.715294649315578845e-01,-5.130456877809175253e-01,-3.495189859889907269e-01,5.579558059988037888e-01,4.875180458007508655e-01,4.927989573764995912e-01,4.014575608180127181e-03,-1.300372062822793828e-01,-5.470135324245771757e-01,-5.274348482642241542e-01,-7.229496273042927690e-02,-6.436233303217191448e-01,-7.090580775512721479e-01,-6.876520348806411942e-01,4.816906375406085350e-01,-7.565149958257324503e-01,-7.227992476681092127e-01,-7.100787597967880282e-01,6.461248053727849383e-01,7.299452243792731165e-01
4.289974538155381101e-01,1.782657577262835580e-01,7.411271333927258453e-01,2.524338375416386726e-01,1.000000000000000000e+00,-3.415464506055837512e-01,-1.812227049414228131e-01,-6.628972078188004602e-01,5.376763697127329156e-01,-6.246599210224275389e-02,-4.926826300805483422e-02,-3.962260385702274790e-01,-7.002966190242622402e-02,5.789902846622297927e-01,-3.565096515278113332e-01,4.616355482958765799e-03,1.209405731264254491e-01,2.483707554483765775e-02,3.990862797611263169e-01,1.040388228128863168e-01,1.845913758384656878e-01,-1.497070443806307050e-01,5.813467787960514555e-01,4.920131353637355875e-01,6.280940837791644249e-01,4.925528713310238227e-01,4.317654301268036149e-02,1.306841768531938341e-01,-3.345757672241903014e-02,5.228973709511021140e-01,-2.248482345213143607e-01,-1.943373880965597877e-01,-5.417295187026573838e-03,7.358090220243934665e-01,-2.168400568981582177e-01,-1.388227677578107999e-01,-1.274439473817477464e-01,6.052796346713659181e-01,4.728356978733902483e-01
-4.958439017323586911e-02,3.723126378185167562e-01,-6.405633725549930713e-02,-7.480684576199498892e-01,-3.415464506055837512e-01,1.000000000000000000e+00,1.932223845674365115e-01,-1.225590281050299990e-01,-7.925169311590709587e-01,7.142944667961524940e-01,6.520545174794977195e-01,6.164449657870798571e-01,5.994338373830416788e-01,-5.600831740742213266e-02,5.315886972163205160e-01,6.048191077717093300e-01,5.937774547664161906e-01,-4.776370915817580443e-01,-6.808158666840518070e-01,-1.298130432250190480e-01,5.023918912904341560e-01,3.858927786025004858e-01,-6.599572037553940174e-01,-5.162267281217095549e-01,-5.363881050828792629e-01,-6.260859966084122985e-02,1.219033526669574680e-01,4.965405094765272809e-01,6.526654074390562110e-01,-2.593023954284830179e-02,6.274447231749926690e-01,7.641489156477463407e-01,6.487287845437568201e-01,-5.667624131359099149e-01,8.018940914640074746e-01,7.453511027611658957e-01,7.605370029303547552e-01,-7.042129884749550595e-01,-8.012460874316087445e-01
-2.328732705234441980e-01,2.127415207011850717e-01,2.027370133190696533e-02,-7.996063699514359413e-02,-1.812227049414228131e-01,1.932223845674365115e-01,1.000000000000000000e+00,-1.195051814213042747e-02,-3.400584267281100415e-01,1.754120807755956413e-01,7.403223190376834184e-02,4.157906226482518952e-01,4.008078150846514087e-01,-2.295470293540715911e-01,3.651267552432969077e-01,2.100866516773312043e-01,1.826464985059000068e-01,4.241676885534807068e-02,-3.715180801244915010e-01,1.888935894958912176e-01,3.576694053915487892e-01,6.420007489655851218e-01,-1.005817620853192845e-01,-2.407891530901847266e-01,-2.261109900872646794e-01,-2.627129820570672236e-01,3.653241525751730889e-01,1.331394426386078300e-01,-7.985823053401699956e-02,-2.004395427635334570e-01,5.027259671529780150e-01,2.743007393237202884e-01,3.412032496620898692e-01,-2.659534062379725894e-01,1.333075460058745498e-01,2.712518812650713818e-01,9.257802817177256116e-02,-4.036059848389004778e-01,-2.453092319053608583e-01
-4.307588544785169171e-01,-4.326660112377544998e-01,-8.582841995141217151e-01,1.740837940881464485e-01,-6.628972078188004602e-01,-1.225590281050299990e-01,-1.195051814213042747e-02,1.000000000000000000e+00,-4.659855269402410349e-02,-3.755560276336403769e-01,-2.260519426971084600e-01,-9.342042537312975417e-03,-3.795590134304746566e-01,-4.864659793388752540e-01,9.122078398976843361e-02,-4.205922306903712715e-01,-4.041539411263647685e-01,3.361086266132286005e-01,3.052706663497449860e-02,-1.385212582841210127e-01,-6.244898380897211387e-01,-2.396370238408908060e-01,-2.604659420200562958e-01,-1.483545563460764438e-01,-3.482973423583468620e-01,-4.089451033680164826e-01,-1.563915269969834987e-01,-4.807765715042347510e-01,-2.285916100896699110e-01,-4.406723381639806592e-01,-1.922287187940916742e-01,-2.189695899842730720e-01,-4.684425363481288795e-01,-3.831524792428062653e-01,-2.706555375334684932e-01,-2.563590210810886005e-01,-2.895495484770710393e-01,-1.387403799387398884e-01,2.035221442158335545e-02
2.107101536577464518e-01,-2.977415700046265323e-01,2.192353227011425154e-01,7.450924280321100657e-01,5.376763697127329156e-01,-7.925169311590709587e-01,-3.400584267281100415e-01,-4.659855269402410349e-02,1.000000000000000000e+00,-6.433019314636386765e-01,-4.948289608693602903e-01,-7.756863539361282811e-01,-5.632566035331215692e-01,2.875067062205792778e-01,-6.338611634910162884e-01,-5.536020074005348901e-01,-4.151045548286693698e-01,4.522110499782132087e-01,7.598268821566883657e-01,2.332340300674596856e-01,-4.620460800017011649e-01,-4.814843726296356707e-01,7.066046626641974138e-01,6.376921984813761490e-01,6.829410690914897719e-01,2.585377374885545199e-01,-2.080292231204833309e-01,-3.816868280380213418e-01,-4.202651902946576978e-01,2.172640411541719718e-01,-7.102169261572243153e-01,-7.128928426804503893e-01,-6.546802776375273414e-01,7.409839709925675200e-01,-7.209824428751903103e-01,-7.227260572483463763e-01,-6.360394900012222852e-01,8.445023522675529914e-01,8.403107508153888627e-01
2.906298131433438514e-01,6.360019272463152129e-01,2.157885265512918538e-01,-7.120967528617955233e-01,-6.246599210224275389e-02,7.142944667961524940e-01,1.754120807755956413e-01,-3.755560276336403769e-01,-6.433019314636386765e-01,1.000000000000000000e+00,5.569010233112420272e-01,5.393316467687466753e-01,6.439300875428353166e-01,1.383350752394581495e-01,4.203515282896982952e-01,8.193327033475278354e-01,6.137215974039934574e-01,-5.360726338357059140e-01,-5.888538444615060152e-01,-4.976209804544290405e-02,6.642344048091582964e-01,4.278462242661104087e-01,-4.165827493096075362e-01,-3.383112666115906109e-01,-2.210138828884451456e-01,1.804119698492377133e-01,1.742882780890764871e-01,6.964552383906633670e-01,6.281012679922035602e-01,3.486213028034401695e-01,6.670336790389382875e-01,7.472978867757702481e-01,7.527909435531290328e-01,-3.578443798925777797e-01,7.701404265837545893e-01,7.769172204462999609e-01,8.031862762030687053e-01,-4.925298651607519229e-01,-6.675996695397192759e-01
9.880929535482860238e-02,3.648491131694366896e-01,1.315499559521709494e-01,-5.147458363413165428e-01,-4.926826300805483422e-02,6.520545174794977195e-01,7.403223190376834184e-02,-2.260519426971084600e-01,-4.948289608693602903e-01,5.569010233112420272e-01,1.000000000000000000e+00,4.318778809473442504e-01,4.633459840008382624e-01,2.279355754979825455e-01,3.430228002890955419e-01,4.338585580627115634e-01,7.633477484701118865e-01,-3.249758525694479983e-01,-4.159524466915653362e-01,-7.465718545290135622e-02,4.278577588241539997e-01,1.940895965329896555e-01,-3.678750442145349298e-01,-2.063664835294251598e-01,-2.571747188500787540e-01,1.150553051874982219e-01,1.277115082055535478e-01,4.489030228282285817e-01,6.006996073001651393e-01,1.167972382917440155e-01,4.011510720627215476e-01,5.824536447991917054e-01,5.028076189675214636e-01,-3.220026605432925182e-01,5.345223912210952388e-01,5.631300530011927874e-01,5.909094813785047418e-01,-3.634965949444077249e-01,-5.003482730375936605e-01
-2.172879109612635695e-01,3.251881853876089634e-01,-7.295865600630137282e-02,-6.335590806480649873e-01,-3.962260385702274790e-01,6.164449657870798571e-01,4.157906226482518952e-01,-9.342042537312975417e-03,-7.756863539361282811e-01,5.393316467687466753e-01,4.318778809473442504e-01,1.000000000000000000e+00,5.762960154231555610e-01,-2.052602543155741532e-01,6.907328143680842025e-01,5.246541853704873581e-01,3.847183343474540607e-01,-2.865212338370856093e-01,-6.610203406121841763e-01,-1.390289108636783844e-01,4.877704705011378095e-01,5.933194960525413064e-01,-4.760539336249622888e-01,-4.518157847914013314e-01,-5.655781554280610024e-01,-1.584096212006260440e-01,4.550315946562615843e-01,3.957738603948477429e-01,2.783456739052221351e-01,-2.263008669142654583e-01,7.696841327576198211e-01,6.603637826386785648e-01,7.008250096110335559e-01,-5.872958972429771496e-01,5.812703265726566482e-01,6.365097765535873142e-01,5.047552230351137759e-01,-7.631535732174608011e-01,-7.048060725561778872e-01
1.505492375340941602e-01,5.376091273935454939e-01,2.905456856993550163e-01,-5.702108328338888477e-01,-7.002966190242622402e-02,5.994338373830416788e-01,4.008078150846514087e-01,-3.795590134304746566e-01,-5.632566035331215692e-01,6.439300875428353166e-01,4.633459840008382624e-01,5.762960154231555610e-01,1.000000000000000000e+00,7.785422219136847732e-02,4.218730982881261360e-01,6.809540864964729323e-01,5.911017405950882431e-01,-4.434066672569114131e-01,-5.269649177748930713e-01,1.582852820604186417e-01,6.620396969790580677e-01,6.093129820335224656e-01,-1.791953767436224310e-01,-2.286411756909277893e-01,-1.834923751639049860e-01,1.154985683123524454e-01,4.853059429565588778e-01,6.347032315068532604e-01,4.427204251769785159e-01,6.669545519432494574e-02,7.230466544612301760e-01,6.929773299858431601e-01,7.390840496499957446e-01,-2.606957531780293991e-01,6.624783246676030357e-01,5.928536618655088075e-01,6.422575336851334971e-01,-4.937876138734369480e-01,-5.245073817809893235e-01
3.832566461477949771e-01,2.320920430035841309e-01,5.166275911045009606e-01,8.260903660538621018e-02,5.789902846622297927e-01,-5.600831740742213266e-02,-2.295470293540715911e-01,-4.864659793388752540e-01,2.875067062205792778e-01,1.383350752394581495e-01,2.279355754979825455e-01,-2.052602543155741532e-01,7.785422219136847732e-02,1.000000000000000000e+00,-2.468634474029551551e-01,1.484428585457956140e-01,3.594905979742190061e-01,2.810096235798468026e-02,3.020221376955364301e-01,1.375603359450624785e-01,1.641416698348333869e-01,-7.736502716391062406e-02,3.439435104235429863e-01,4.984413656365129230e-01,5.375180428976295000e-01,5.144159746872409844e-01,4.152077466635641784e-02,2.615576835990326421e-01,2.564217437260500332e-01,5.197670365306492624e-01,-1.219288094341760831e-01,4.208584624795725510e-02,9.536990497280153911e-02,4.304031427093481521e-01,6.262220950694787069e-02,4.658896224236078881e-02,1.461335738198980827e-01,3.955878488067676724e-01,2.260260621072932574e-01
-2.568177924545911872e-01,3.452655071032467160e-01,-1.677967562145419866e-01,-5.710017094265357196e-01,-3.565096515278113332e-01,5.315886972163205160e-01,3.651267552432969077e-01,9.122078398976843361e-02,-6.338611634910162884e-01,4.203515282896982952e-01,3.430228002890955419e-01,6.907328143680842025e-01,4.218730982881261360e-01,-2.468634474029551551e-01,1.000000000000000000e+00,3.067185186056143320e-01,2.049237868068076451e-01,-2.355503764722917670e-01,-6.859591837650964585e-01,-1.118165539956271354e-01,3.724660286396388464e-01,4.484292902436390338e-01,-4.957925709068861098e-01,-4.063072459135088077e-01,-4.460186032858072802e-01,-2.384453127645414505e-01,3.067759639299045271e-01,2.341841437709216156e-01,3.514484754889141138e-01,-2.173719414075839240e-01,6.304128895828050583e-01,5.893727036790820106e-01,4.924086869463842331e-01,-4.661469796485147032e-01,4.493936121701848085e-01,5.294973247919224635e-01,4.965430678793876229e-01,-6.398984329670716065e-01,-6.011820331512078841e-01
3.944974773589814965e-01,6.145851099869784617e-01,3.032350972838778191e-01,-6.484029488409036590e-01,4.616355482958765799e-03,6.048191077717093300e-01,2.100866516773312043e-01,-4.205922306903712715e-01,-5.536020074005348901e-01,8.193327033475278354e-01,4.338585580627115634e-01,5.246541853704873581e-01,6.809540864964729323e-01,1.484428585457956140e-01,3.067185186056143320e-01,1.000000000000000000e+00,5.629571536786664998e-01,-5.261493726879442612e-01,-4.705161266246221663e-01,3.770861344905914597e-02,6.670115083668907152e-01,4.664084472220286215e-01,-2.303607326549010348e-01,-2.067264997162828466e-01,-1.487565169914290275e-01,3.057864786204116392e-01,2.741512765498756443e-01,7.623170648163559715e-01,5.041753581941919027e-01,3.713709325649217630e-01,6.841961439873399664e-01,6.970983984221507113e-01,7.688537149170705520e-01,-2.484000398357750494e-01,7.135451866934656717e-01,6.876085031162503247e-01,7.075367336893944037e-01,-4.135525375336357445e-01,-5.726289605585369591e-01
2.604172847517042810e-01,4.540129103502747454e-01,3.212403785361141462e-01,-4.612516158059810634e-01,1.209405731264254491e-01,5.937774547664161906e-01,1.826464985059000068e-01,-4.041539411263647685e-01,-4.151045548286693698e-01,6.137215974039934574e-01,7.633477484701118865e-01,3.847183343474540607e-01,5.911017405950882431e-01,3.594905979742190061e-01,2.049237868068076451e-01,5.629571536786664998e-01,1.000000000000000000e+00,-3.623636380221558762e-01,-3.510473109875880127e-01,2.782218809705310630e-02,5.810828953364186589e-01,3.298625677840062442e-01,-1.678733469702910763e-01,-1.072650563858834893e-01,-6.053131288654049064e-02,2.625596666036435489e-01,2.254722443182420044e-01,5.884777358268331593e-01,5.788483966711277517e-01,2.656966930958434281e-01,4.454032658215503204e-01,5.731918676422533832e-01,6.103585518255634224e-01,-1.599088320582184586e-01,5.815662255736170350e-01,5.540416084335144653e-01,5.931090010590607253e-01,-2.878328120100390741e-01,-4.203853846682775175e-01
-2.441312271374054543e-01,-3.856689282387852913e-01,-1.761009061423768896e-01,6.262121366001338618e-01,2.483707554483765775e-02,-4.776370915817580443e-01,4.241676885534807068e-02,3.361086266132286005e-01,4.522110499782132087e-01,-5.360726338357059140e-01,-3.249758525694479983e-01,-2.865212338370856093e-01,-4.434066672569114131e-01,2.810096235798468026e-02,-2.355503764722917670e-01,-5.261493726879442612e-01,-3.623636380221558762e-01,1.000000000000000000e+00,4.837391891850352788e-01,2.293306931762996992e-01,-4.447965144999155296e-01,-1.652180345845443155e-01,2.526727254910326459e-01,3.528092065067302552e-01,2.061177998094326225e-01,-5.266364725052525425e-02,-3.789146939700891586e-02,-4.413792948655227977e-01,-3.901578699165362818e-01,-1.209887346311872142e-01,-4.145719870794388195e-01,-4.705994010952431195e-01,-5.113155786614674847e-01,1.778504139976217757e-01,-5.630437370249170570e-01,-5.100663969399366060e-01,-5.601785995530447204e-01,3.616668423829748624e-01,4.528274517203569327e-01
1.262901525351489140e-01,-4.548563526268265544e-01,1.431327564314683054e-01,6.508107150072922620e-01,3.990862797611263169e-01,-6.808158666840518070e-01,-3.715180801244915010e-01,3.052706663497449860e-02,7.598268821566883657e-01,-5.888538444615060152e-01,-4.159524466915653362e-01,-6.610203406121841763e-01,-5.269649177748930713e-01,3.020221376955364301e-01,-6.859591837650964585e-01,-4.705161266246221663e-01,-3.510473109875880127e-01,4.837391891850352788e-01,1.000000000000000000e+00,1.883420511305942679e-01,-4.555469179145325564e-01,-4.488998779520217974e-01,5.830819929300924409e-01,5.700009160333880942e-01,5.116281667110095244e-01,1.756257544971694395e-01,-2.913186781798940417e-01,-4.040308243896825746e-01,-4.501760444427093111e-01,1.473679302894096710e-01,-7.067389210498419283e-01,-6.900553605706641891e-01,-6.017303009272367831e-01,5.583381491826365783e-01,-6.188733276544090556e-01,-6.829127438421004337e-01,-6.425130733478294776e-01,7.502853972841211361e-01,7.442012362725966002e-01
1.569620979782261616e-01,1.183264386850669675e-01,2.440225682931946305e-01,2.715294649315578845e-01,1.040388228128863168e-01,-1.298130432250190480e-01,1.888935894958912176e-01,-1.385212582841210127e-01,2.332340300674596856e-01,-4.976209804544290405e-02,-7.465718545290135622e-02,-1.390289108636783844e-01,1.582852820604186417e-01,1.375603359450624785e-01,-1.118165539956271354e-01,3.770861344905914597e-02,2.782218809705310630e-02,2.293306931762996992e-01,1.883420511305942679e-01,1.000000000000000000e+00,1.386319860315617103e-01,2.687231085634028682e-01,3.640334629566339686e-01,3.141049362489783392e-01,3.729791221102201071e-01,1.705260054862003383e-01,6.356622148046028875e-02,1.865998309964363444e-01,8.618304606976689639e-03,2.793323596581663223e-02,-4.128579093046765014e-03,-7.089196735391128934e-02,-4.368870957905004321e-02,2.383885627432039966e-01,-8.808394352076774625e-02,-2.394524033200780555e-01,-4.646872421761995969e-02,1.427284893141183841e-01,1.372665563162169533e-01
2.299550278641876444e-01,5.411385049919350543e-01,5.432990078184756211e-01,-5.130456877809175253e-01,1.845913758384656878e-01,5.023918912904341560e-01,3.576694053915487892e-01,-6.244898380897211387e-01,-4.620460800017011649e-01,6.642344048091582964e-01,4.278577588241539997e-01,4.877704705011378095e-01,6.620396969790580677e-01,1.641416698348333869e-01,3.724660286396388464e-01,6.670115083668907152e-01,5.810828953364186589e-01,-4.447965144999155296e-01,-4.555469179145325564e-01,1.386319860315617103e-01,1.000000000000000000e+00,6.032507725921952835e-01,-1.440017271083738615e-01,-1.864354520825901584e-01,-4.548491062929539003e-02,1.573126391411386327e-01,3.000214279541116857e-01,6.323844619339689110e-01,3.610592950336366513e-01,1.870776119744831378e-01,6.107014454704464690e-01,5.811521763267816221e-01,7.697236156465002699e-01,-1.137290050140393471e-01,5.916863288105466134e-01,5.673350472490534813e-01,5.681992466345632264e-01,-3.767060329047229317e-01,-4.862772183739307863e-01
-1.246556821903251205e-01,3.954365632627421800e-01,2.190501513707811820e-01,-3.495189859889907269e-01,-1.497070443806307050e-01,3.858927786025004858e-01,6.420007489655851218e-01,-2.396370238408908060e-01,-4.814843726296356707e-01,4.278462242661104087e-01,1.940895965329896555e-01,5.933194960525413064e-01,6.093129820335224656e-01,-7.736502716391062406e-02,4.484292902436390338e-01,4.664084472220286215e-01,3.298625677840062442e-01,-1.652180345845443155e-01,-4.488998779520217974e-01,2.687231085634028682e-01,6.032507725921952835e-01,1.000000000000000000e+00,-1.102688895312553263e-01,-2.680859619354032941e-01,-2.144034758437128596e-01,-1.404514307314479460e-01,4.589142818452424111e-01,3.743186682459362369e-01,1.346604163016938416e-01,-1.630461376656597017e-01,6.684648604884456669e-01,4.317847786502488350e-01,5.986967769390556526e-01,-2.693270280599705524e-01,4.562467250583461253e-01,4.285681545997093722e-01,3.175020197285792212e-01,-5.426360752605772220e-01,-4.070253980215584599e-01
2.945299929032240138e-01,-3.610028369040286372e-02,4.381488047235659877e-01,5.579558059988037888e-01,5.813467787960514555e-01,-6.599572037553940174e-01,-1.005817620853192845e-01,-2.604659420200562958e-01,7.066046626641974138e-01,-4.165827493096075362e-01,-3.678750442145349298e-01,-4.760539336249622888e-01,-1.791953767436224310e-01,3.439435104235429863e-01,-4.957925709068861098e-01,-2.303607326549010348e-01,-1.678733469702910763e-01,2.526727254910326459e-01,5.830819929300924409e-01,3.640334629566339686e-01,-1.440017271083738615e-01,-1.102688895312553263e-01,1.000000000000000000e+00,6.647027366593991626e-01,7.154765722320177712e-01,3.517546701954129551e-01,1.229760337939686810e-01,-8.738429264918903816e-02,-3.613929489712859877e-01,2.513049413276206567e-01,-3.374302981755877284e-01,-4.646350321658907490e-01,-2.941176610082294474e-01,7.127413386089017644e-01,-4.886905908817812394e-01,-5.188402030786696262e-01,-4.442026410144594428e-01,6.559040540337823799e-01,6.841588835882830288e-01
3.304144327946447746e-01,-5.618218963497479540e-02,2.983398128668076632e-01,4.875180458007508655e-01,4.920131353637355875e-01,-5.162267281217095549e-01,-2.407891530901847266e-01,-1.483545563460764438e-01,6.376921984813761490e-01,-3.383112666115906109e-01,-2.063664835294251598e-01,-4.518157847914013314e-01,-2.286411756909277893e-01,4.984413656365129230e-01,-4.063072459135088077e-01,-2.067264997162828466e-01,-1.072650563858834893e-01,3.528092065067302552e-01,5.700009160333880942e-01,3.141049362489783392e-01,-1.864354520825901584e-01,-2.680859619354032941e-01,6.647027366593991626e-01,1.000000000000000000e+00,6.787275680783593224e-01,3.716101662517499737e-01,-1.521990504256631044e-02,-6.652700205645613318e-02,-1.884836835006442335e-01,3.146935798432756171e-01,-3.874776830278002238e-01,-3.600113488986884103e-01,-3.054904662206142651e-01,6.038096490193999299e-01,-4.036282568142358640e-01,-5.166513374908494605e-01,-3.142426228627880902e-01,6.194463805172765181e-01,5.486841911260349480e-01
4.486055278423450865e-01,1.022691214517484071e-01,4.712984874293041360e-01,4.927989573764995912e-01,6.280940837791644249e-01,-5.363881050828792629e-01,-2.261109900872646794e-01,-3.482973423583468620e-01,6.829410690914897719e-01,-2.210138828884451456e-01,-2.571747188500787540e-01,-5.655781554280610024e-01,-1.834923751639049860e-01,5.375180428976295000e-01,-4.460186032858072802e-01,-1.487565169914290275e-01,-6.053131288654049064e-02,2.061177998094326225e-01,5.116281667110095244e-01,3.729791221102201071e-01,-4.548491062929539003e-02,-2.144034758437128596e-01,7.154765722320177712e-01,6.787275680783593224e-01,1.000000000000000000e+00,4.234929172765932726e-01,-5.502826091717452628e-02,2.438755452654451164e-02,-1.306288256400278125e-01,4.762748642373667018e-01,-3.968772473368619713e-01,-3.702672770435966876e-01,-2.722834718358150830e-01,7.266233832774366963e-01,-3.806392054185584461e-01,-4.089890505830975909e-01,-2.299251253958553565e-01,7.034495818602618522e-01,5.845757378309225372e-01
6.133698742094710887e-01,3.456088009327507038e-01,4.416285510834659367e-01,4.014575608180127181e-03,4.925528713310238227e-01,-6.260859966084122985e-02,-2.627129820570672236e-01,-4.089451033680164826e-01,2.585377374885545199e-01,1.804119698492377133e-01,1.150553051874982219e-01,-1.584096212006260440e-01,1.154985683123524454e-01,5.144159746872409844e-01,-2.384453127645414505e-01,3.057864786204116392e-01,2.625596666036435489e-01,-5.266364725052525425e-02,1.756257544971694395e-01,1.705260054862003383e-01,1.573126391411386327e-01,-1.404514307314479460e-01,3.517546701954129551e-01,3.716101662517499737e-01,4.234929172765932726e-01,1.000000000000000000e+00,1.480559253924258467e-01,5.259698735249694890e-01,3.067967746092813974e-01,5.279155673202610144e-01,9.242276072090504363e-03,1.326866292028641425e-01,1.635005122811505895e-01,3.841904137748483050e-01,8.222935871692159393e-02,4.377535859018862052e-02,1.893900860899982164e-01,3.507235994066379425e-01,1.572541042248871979e-01
-1.300681682573658349e-01,2.539075332139659191e-01,1.968495668162323908e-01,-1.300372062822793828e-01,4.317654301268036149e-02,1.219033526669574680e-01,3.653241525751730889e-01,-1.563915269969834987e-01,-2.080292231204833309e-01,1.742882780890764871e-01,1.277115082055535478e-01,4.550315946562615843e-01,4.853059429565588778e-01,4.152077466635641784e-02,3.067759639299045271e-01,2.741512765498756443e-01,2.254722443182420044e-01,-3.789146939700891586e-02,-2.913186781798940417e-01,6.356622148046028875e-02,3.000214279541116857e-01,4.589142818452424111e-01,1.229760337939686810e-01,-1.521990504256631044e-02,-5.502826091717452628e-02,1.480559253924258467e-01,1.000000000000000000e+00,2.631445988542214232e-01,1.699837115184260616e-03,-1.440852052679500450e-01,5.382361488595878152e-01,3.792621330236268795e-01,4.176034215191153920e-01,-1.701959092478939548e-02,1.889240303669851018e-01,3.100208660210120315e-01,1.991849976501199604e-01,-2.175034606358665634e-01,-8.167042472713811896e-02
5.394720849043440625e-01,6.405455078364337140e-01,3.862534014410363148e-01,-5.470135324245771757e-01,1.306841768531938341e-01,4.965405094765272809e-01,1.331394426386078300e-01,-4.807765715042347510e-01,-3.816868280380213418e-01,6.964552383906633670e-01,4.489030228282285817e-01,3.957738603948477429e-01,6.347032315068532604e-01,2.615576835990326421e-01,2.341841437709216156e-01,7.623170648163559715e-01,5.884777358268331593e-01,-4.413792948655227977e-01,-4.040308243896825746e-01,1.865998309964363444e-01,6.323844619339689110e-01,3.743186682459362369e-01,-8.738429264918903816e-02,-6.652700205645613318e-02,2.438755452654451164e-02,5.259698735249694890e-01,2.631445988542214232e-01,1.000000000000000000e+00,5.299357537287823217e-01,4.034336613474148736e-01,5.891117837246183653e-01,6.261893841094686719e-01,7.086854207817762097e-01,-7.266114164038109391e-02,6.063397987156519120e-01,5.591547621073249541e-01,6.494567007281820681e-01,-2.798175929303444165e-01,-4.620797919827386302e-01
2.676959081452889855e-01,5.612419127010469522e-01,9.655770413611884651e-02,-5.274348482642241542e-01,-3.345757672241903014e-02,6.526654074390562110e-01,-7.985823053401699956e-02,-2.285916100896699110e-01,-4.202651902946576978e-01,6.281012679922035602e-01,6.006996073001651393e-01,2.783456739052221351e-01,4.427204251769785159e-01,2.564217437260500332e-01,3.514484754889141138e-01,5.041753581941919027e-01,5.788483966711277517e-01,-3.901578699165362818e-01,-4.501760444427093111e-01,8.618304606976689639e-03,3.610592950336366513e-01,1.346604163016938416e-01,-3.613929489712859877e-01,-1.884836835006442335e-01,-1.306288256400278125e-01,3.067967746092813974e-01,1.699837115184260616e-03,5.299357537287823217e-01,1.000000000000000000e+00,2.710229463142209139e-01,4.038227992067221495e-01,6.261727238196450607e-01,4.524597184302620589e-01,-2.160536793234973940e-01,6.621753652290808256e-01,5.513627396183832241e-01,7.482826563238790252e-01,-3.265025901284285270e-01,-4.959246750043120322e-01
6.901838501671220261e-01,4.560893833867060154e-01,4.173833031985817454e-01,-7.229496273042927690e-02,5.228973709511021140e-01,-2.593023954284830179e-02,-2.004395427635334570e-01,-4.406723381639806592e-01,2.172640411541719718e-01,3.486213028034401695e-01,1.167972382917440155e-01,-2.263008669142654583e-01,6.669545519432494574e-02,5.197670365306492624e-01,-2.173719414075839240e-01,3.713709325649217630e-01,2.656966930958434281e-01,-1.209887346311872142e-01,1.473679302894096710e-01,2.793323596581663223e-02,1.870776119744831378e-01,-1.630461376656597017e-01,2.513049413276206567e-01,3.146935798432756171e-01,4.762748642373667018e-01,5.279155673202610144e-01,-1.440852052679500450e-01,4.034336613474148736e-01,2.710229463142209139e-01,1.000000000000000000e+00,-3.845489163139423350e-02,9.247362563491969001e-02,1.153826376308541429e-01,3.535976614989313482e-01,5.693561645461867743e-02,1.706346673847580209e-01,2.378183253633159300e-01,3.816468554387238976e-01,1.216778049805458950e-01
-1.730331019449934948e-02,5.659686041700134895e-01,9.182968255072282426e-02,-6.436233303217191448e-01,-2.248482345213143607e-01,6.274447231749926690e-01,5.027259671529780150e-01,-1.922287187940916742e-01,-7.102169261572243153e-01,6.670336790389382875e-01,4.011510720627215476e-01,7.696841327576198211e-01,7.230466544612301760e-01,-1.219288094341760831e-01,6.304128895828050583e-01,6.841961439873399664e-01,4.454032658215503204e-01,-4.145719870794388195e-01,-7.067389210498419283e-01,-4.128579093046765014e-03,6.107014454704464690e-01,6.684648604884456669e-01,-3.374302981755877284e-01,-3.874776830278002238e-01,-3.968772473368619713e-01,9.242276072090504363e-03,5.382361488595878152e-01,5.891117837246183653e-01,4.038227992067221495e-01,-3.845489163139423350e-02,1.000000000000000000e+00,7.675021367834287123e-01,7.794877280994647606e-01,-4.125961017435035294e-01,6.671342375194543317e-01,7.249091891838418400e-01,6.419160406575868949e-01,-6.863572723465707348e-01,-6.593929156464849450e-01
8.644078037540134374e-02,5.745290005683563184e-01,7.150220250689325041e-02,-7.090580775512721479e-01,-1.943373880965597877e-01,7.641489156477463407e-01,2.743007393237202884e-01,-2.189695899842730720e-01,-7.128928426804503893e-01,7.472978867757702481e-01,5.824536447991917054e-01,6.603637826386785648e-01,6.929773299858431601e-01,4.208584624795725510e-02,5.893727036790820106e-01,6.970983984221507113e-01,5.731918676422533832e-01,-4.705994010952431195e-01,-6.900553605706641891e-01,-7.089196735391128934e-02,5.811521763267816221e-01,4.317847786502488350e-01,-4.646350321658907490e-01,-3.600113488986884103e-01,-3.702672770435966876e-01,1.326866292028641425e-01,3.792621330236268795e-01,6.261893841094686719e-01,6.261727238196450607e-01,9.247362563491969001e-02,7.675021367834287123e-01,1.000000000000000000e+00,7.317888957272528083e-01,-4.344977056562124851e-01,7.608932897470073176e-01,7.748127224752422437e-01,8.159678874117539671e-01,-6.079530655134839368e-01,-6.991705376710060094e-01
1.503978207162841862e-01,5.489777569568661253e-01,3.500440878167411785e-01,-6.876520348806411942e-01,-5.417295187026573838e-03,6.487287845437568201e-01,3.412032496620898692e-01,-4.684425363481288795e-01,-6.546802776375273414e-01,7.527909435531290328e-01,5.028076189675214636e-01,7.008250096110335559e-01,7.390840496499957446e-01,9.536990497280153911e-02,4.924086869463842331e-01,7.688537149170705520e-01,6.103585518255634224e-01,-5.113155786614674847e-01,-6.017303009272367831e-01,-4.368870957905004321e-02,7.697236156465002699e-01,5.986967769390556526e-01,-2.941176610082294474e-01,-3.054904662206142651e-01,-2.722834718358150830e-01,1.635005122811505895e-01,4.176034215191153920e-01,7.086854207817762097e-01,4.524597184302620589e-01,1.153826376308541429e-01,7.794877280994647606e-01,7.317888957272528083e-01,1.000000000000000000e+00,-2.885596761018603407e-01,7.292022289268840218e-01,7.209604426406689415e-01,6.751547079630398907e-01,-5.714835684469523613e-01,-6.597060999428577821e-01
3.389911570483225556e-01,-1.113201117620844956e-02,5.049168460101360889e-01,4.816906375406085350e-01,7.358090220243934665e-01,-5.667624131359099149e-01,-2.659534062379725894e-01,-3.831524792428062653e-01,7.409839709925675200e-01,-3.578443798925777797e-01,-3.220026605432925182e-01,-5.872958972429771496e-01,-2.606957531780293991e-01,4.304031427093481521e-01,-4.661469796485147032e-01,-2.484000398357750494e-01,-1.599088320582184586e-01,1.778504139976217757e-01,5.583381491826365783e-01,2.383885627432039966e-01,-1.137290050140393471e-01,-2.693270280599705524e-01,7.127413386089017644e-01,6.038096490193999299e-01,7.266233832774366963e-01,3.841904137748483050e-01,-1.701959092478939548e-02,-7.266114164038109391e-02,-2.160536793234973940e-01,3.535976614989313482e-01,-4.125961017435035294e-01,-4.344977056562124851e-01,-2.885596761018603407e-01,1.000000000000000000e+00,-4.616187081584728902e-01,-4.354155136936730397e-01,-3.532004787518834288e-01,7.166873805332985015e-01,6.428724170592972076e-01
9.094760339747159916e-02,4.813749488686634992e-01,9.321393026444950436e-02,-7.565149958257324503e-01,-2.168400568981582177e-01,8.018940914640074746e-01,1.333075460058745498e-01,-2.706555375334684932e-01,-7.209824428751903103e-01,7.701404265837545893e-01,5.345223912210952388e-01,5.812703265726566482e-01,6.624783246676030357e-01,6.262220950694787069e-02,4.493936121701848085e-01,7.135451866934656717e-01,5.815662255736170350e-01,-5.630437370249170570e-01,-6.188733276544090556e-01,-8.808394352076774625e-02,5.916863288105466134e-01,4.562467250583461253e-01,-4.886905908817812394e-01,-4.036282568142358640e-01,-3.806392054185584461e-01,8.222935871692159393e-02,1.889240303669851018e-01,6.063397987156519120e-01,6.621753652290808256e-01,5.693561645461867743e-02,6.671342375194543317e-01,7.608932897470073176e-01,7.292022289268840218e-01,-4.616187081584728902e-01,1.000000000000000000e+00,7.166924165626605836e-01,7.951446808496811514e-01,-6.375962808927263525e-01,-7.235455582802081675e-01
3.859795874151900064e-02,5.202552532668617280e-01,9.316356008701776048e-02,-7.227992476681092127e-01,-1.388227677578107999e-01,7.453511027611658957e-01,2.712518812650713818e-01,-2.563590210810886005e-01,-7.227260572483463763e-01,7.769172204462999609e-01,5.631300530011927874e-01,6.365097765535873142e-01,5.928536618655088075e-01,4.658896224236078881e-02,5.294973247919224635e-01,6.876085031162503247e-01,5.540416084335144653e-01,-5.100663969399366060e-01,-6.829127438421004337e-01,-2.394524033200780555e-01,5.673350472490534813e-01,4.285681545997093722e-01,-5.188402030786696262e-01,-5.166513374908494605e-01,-4.089890505830975909e-01,4.377535859018862052e-02,3.100208660210120315e-01,5.591547621073249541e-01,5.513627396183832241e-01,1.706346673847580209e-01,7.249091891838418400e-01,7.748127224752422437e-01,7.209604426406689415e-01,-4.354155136936730397e-01,7.166924165626605836e-01,1.000000000000000000e+00,7.439801223378998962e-01,-5.869812352411333256e-01,-6.782427049108534778e-01
2.406098409940471139e-01,6.308711211744653102e-01,1.140146034166026889e-01,-7.100787597967880282e-01,-1.274439473817477464e-01,7.605370029303547552e-01,9.257802817177256116e-02,-2.895495484770710393e-01,-6.360394900012222852e-01,8.031862762030687053e-01,5.909094813785047418e-01,5.047552230351137759e-01,6.422575336851334971e-01,1.461335738198980827e-01,4.965430678793876229e-01,7.075367336893944037e-01,5.931090010590607253e-01,-5.601785995530447204e-01,-6.425130733478294776e-01,-4.646872421761995969e-02,5.681992466345632264e-01,3.175020197285792212e-01,-4.442026410144594428e-01,-3.142426228627880902e-01,-2.299251253958553565e-01,1.893900860899982164e-01,1.991849976501199604e-01,6.494567007281820681e-01,7.482826563238790252e-01,2.378183253633159300e-01,6.419160406575868949e-01,8.159678874117539671e-01,6.751547079630398907e-01,-3.532004787518834288e-01,7.951446808496811514e-01,7.439801223378998962e-01,1.000000000000000000e+00,-5.017179412992064380e-01,-6.668804636330886160e-01
3.324284171790479192e-01,-2.321822585483038770e-01,2.892450783645433843e-01,6.461248053727849383e-01,6.052796346713659181e-01,-7.042129884749550595e-01,-4.036059848389004778e-01,-1.387403799387398884e-01,8.445023522675529914e-01,-4.925298651607519229e-01,-3.634965949444077249e-01,-7.631535732174608011e-01,-4.937876138734369480e-01,3.955878488067676724e-01,-6.398984329670716065e-01,-4.135525375336357445e-01,-2.878328120100390741e-01,3.616668423829748624e-01,7.502853972841211361e-01,1.427284893141183841e-01,-3.767060329047229317e-01,-5.426360752605772220e-01,6.559040540337823799e-01,6.194463805172765181e-01,7.034495818602618522e-01,3.507235994066379425e-01,-2.175034606358665634e-01,-2.798175929303444165e-01,-3.265025901284285270e-01,3.816468554387238976e-01,-6.863572723465707348e-01,-6.079530655134839368e-01,-5.714835684469523613e-01,7.166873805332985015e-01,-6.375962808927263525e-01,-5.869812352411333256e-01,-5.017179412992064380e-01,1.000000000000000000e+00,8.015838785588057513e-01
1.052178743446720161e-01,-3.341535655475089128e-01,1.625715024637561235e-01,7.299452243792731165e-01,4.728356978733902483e-01,-8.012460874316087445e-01,-2.453092319053608583e-01,2.035221442158335545e-02,8.403107508153888627e-01,-6.675996695397192759e-01,-5.003482730375936605e-01,-7.048060725561778872e-01,-5.245073817809893235e-01,2.260260621072932574e-01,-6.011820331512078841e-01,-5.726289605585369591e-01,-4.203853846682775175e-01,4.528274517203569327e-01,7.442012362725966002e-01,1.372665563162169533e-01,-4.862772183739307863e-01,-4.070253980215584599e-01,6.841588835882830288e-01,5.486841911260349480e-01,5.845757378309225372e-01,1.572541042248871979e-01,-8.167042472713811896e-02,-4.620797919827386302e-01,-4.959246750043120322e-01,1.216778049805458950e-01,-6.593929156464849450e-01,-6.991705376710060094e-01,-6.597060999428577821e-01,6.428724170592972076e-01,-7.235455582802081675e-01,-6.782427049108534778e-01,-6.668804636330886160e-01,8.015838785588057513e-01,1.000000000000000000e+00
