1.000000000000000000e+00,5.568252150497607911e-01,3.885946278055809611e-01,-9.415414776339109393e-02,3.117375509038035064e-01,3.663498683668038880e-01,1.589775836069987902e-01,-4.036386713051489106e-01,4.221481298161280371e-01,3.006141825462992356e-01,5.096010786235680851e-02,1.516917958321412629e-01,1.058655548502068083e-01,4.689906694338430992e-01,3.518343389553305056e-01,5.579234579778299397e-01,-2.173508175106697582e-02,1.072127916411268200e-01,1.181198197984949759e-02,2.523147943616695366e-01,4.479434537287403928e-01,2.912107455518241905e-01,2.455991244142413099e-01,2.151814116833369872e-01,2.457541651408049477e-01,1.395333244316738774e-01,-5.317831536155841893e-02,3.588415121148302855e-01,2.034482792615356639e-01,4.791686069426965289e-01,1.561227927700596096e-01,2.594310015022406879e-01,3.453377348484563958e-02,1.879426319839399007e-01,1.461444059375096791e-02,3.172313497957167105e-01,2.633879079936479045e-02,6.702270633790468057e-01,4.580187281474276118e-01
5.568252150497607911e-01,1.000000000000000000e+00,6.101192031594410148e-01,1.749664567922528668e-01,3.923270496368980176e-01,7.839064513811691004e-01,9.050925967049848475e-02,-4.785100715145232386e-01,6.967147480849437136e-01,5.379055213576914296e-01,3.416184506342759830e-01,7.245514591427644202e-01,1.460188359140925374e-01,7.113192525997537041e-01,4.454757211187477250e-01,6.795988512065593845e-01,6.129197627109065349e-01,4.786406627226675869e-01,3.082421743048153751e-01,3.871015481179905238e-01,5.462435795687392570e-01,6.776138126178620213e-01,7.609689191962989430e-01,7.650854645846723034e-01,7.781251837516459657e-01,-4.190385290546421171e-01,-3.308236176331555423e-02,3.279099268372092646e-01,5.012377800432380459e-01,6.665815521829522305e-01,4.193444180204184413e-01,7.715863067110242390e-01,6.726816244289495206e-01,5.367912623711144082e-01,6.234360253350162973e-01,3.359622584134983603e-01,6.638310380790451992e-01,1.645444183291724094e-01,6.723007448926479057e-01
3.885946278055809611e-01,6.101192031594410148e-01,1.000000000000000000e+00,3.620794177694732774e-01,6.921598946973863686e-01,5.797440463664790267e-01,4.822639977640451048e-01,-8.968385146525894580e-01,7.052705921343458417e-01,3.655350735563108189e-01,1.260724494549946284e-01,5.110619793740361905e-01,-2.117352378268307078e-01,6.410357910620684274e-01,5.079715207648227704e-01,4.714650125297812910e-01,3.551663032369974382e-01,5.886023852266106804e-01,5.825120257340230534e-01,5.068490134617226195e-01,3.688207618827026302e-01,5.212954860450536021e-01,5.412847068807681294e-01,4.848707878136195859e-01,5.022345820211050471e-01,7.678870275659461370e-03,2.622125984872168969e-01,3.916695651299206271e-01,4.447806568143127803e-01,5.955310443309668189e-01,5.623071555733301086e-01,5.906656032993287120e-01,4.594943576635551197e-01,6.725203183710953825e-01,3.241019423385338993e-01,5.478165370384605604e-01,3.987911684062800943e-01,1.071456166244300762e-01,4.658019945026833364e-01
-9.415414776339109393e-02,1.749664567922528668e-01,3.620794177694732774e-01,1.000000000000000000e+00,5.124731266876956237e-01,2.087878229269185260e-01,4.541734071302834796e-01,-3.362903427524330802e-01,2.795497531919736711e-01,1.033561020743165859e-01,9.685659081085640221e-02,2.406291582758806891e-01,-2.474509370941324338e-01,1.301610075365141894e-01,3.271274535809328698e-01,1.406241806646987558e-01,2.628053693069397068e-01,6.268547274871333341e-01,6.832377727419619573e-01,3.081637547004896227e-01,-2.628091769797811367e-02,3.054661973641356054e-01,1.406851395871302479e-01,1.164014073604383859e-01,1.416129938896391049e-01,-1.477964943979363510e-01,5.824820228122558341e-02,1.077219939030173677e-02,1.544102705973092460e-01,2.745154932014792770e-01,1.589437767048207384e-01,3.296300006415140982e-01,2.923984203443311114e-01,5.142917214265683157e-01,2.311430143867072295e-01,2.334394226168842179e-01,2.502708069222700504e-01,-2.978408678892026651e-01,1.300908166643885248e-02
3.117375509038035064e-01,3.923270496368980176e-01,6.921598946973863686e-01,5.124731266876956237e-01,1.000000000000000000e+00,2.926715335199936430e-01,6.028639137048675822e-01,-7.232519572832417643e-01,6.022817595582040662e-01,3.527708679486836196e-01,9.218458412366657695e-02,2.530233206320767758e-01,-1.460167050307416003e-01,4.712049081652223137e-01,3.962037997435399195e-01,4.441171927371009853e-01,1.636923145725775464e-01,7.114660162438493085e-01,7.001068322156634993e-01,1.712089420232784931e-01,1.652645657850909666e-01,2.802192967527883938e-01,2.653058843143895618e-01,2.111262586008816888e-01,2.753215729586981353e-01,2.571452004816837666e-02,6.368709658183532851e-02,2.939288784647623998e-01,3.096575415272413423e-01,5.221479483316119330e-01,3.657036893863939708e-01,3.914269806856016110e-01,2.480157002283327750e-01,7.844935636707808246e-01,1.199139815049641844e-01,5.252849560751287061e-01,2.085165240912769946e-01,-9.206588902873442601e-04,2.510572896099752538e-01
3.663498683668038880e-01,7.839064513811691004e-01,5.797440463664790267e-01,2.087878229269185260e-01,2.926715335199936430e-01,1.000000000000000000e+00,2.126639396036630024e-04,-4.455719694970812772e-01,6.398643132469260530e-01,3.291975786073712551e-01,3.323367592470269916e-01,7.644721317234390856e-01,1.286798060014155420e-01,5.436574827547455691e-01,4.259078413262178398e-01,4.803358520794554498e-01,6.795792378540198575e-01,4.580476185223686381e-01,3.359162421676124000e-01,4.225210150481203963e-01,4.017682560407663805e-01,6.646797788670403273e-01,8.376248939455732678e-01,8.012464980799041125e-01,7.969523976565277001e-01,-4.635064625195122745e-01,1.139806856033759308e-01,2.573336565703105427e-01,5.677030646434232386e-01,5.845165867642854174e-01,2.760630954160739337e-01,7.794226626379503475e-01,6.452631572164777563e-01,5.153613598941610974e-01,6.464015091749533148e-01,1.887046161025260349e-01,7.030966935708190535e-01,9.867836800170380618e-02,6.231826428474587232e-01
1.589775836069987902e-01,9.050925967049848475e-02,4.822639977640451048e-01,4.541734071302834796e-01,6.028639137048675822e-01,2.126639396036630024e-04,1.000000000000000000e+00,-5.833014336871610306e-01,3.175827555632179111e-01,1.950653647276350267e-01,-1.365101877169578315e-01,-1.286356202715202013e-01,-2.651673707485362463e-01,1.552166267568285130e-01,2.312584073607276136e-01,1.033529580616385918e-01,-1.307923445264354279e-01,4.578805720809762114e-01,4.955638905493007784e-01,6.000041533068160154e-02,-9.680714305733391367e-02,-8.872540067878481596e-02,-4.673735750418281376e-02,-9.730860719767817080e-02,-1.814070496167408250e-03,2.817919824292629549e-01,6.275719383975278398e-02,8.718823883310473921e-03,5.951272109007336303e-02,2.665666704385227237e-01,2.291727252434997697e-01,1.319638259764982025e-03,-7.545238548302546366e-02,4.870181505106958575e-01,-1.718733173822402371e-01,4.723000689236375171e-01,-1.429292840078789373e-01,2.573468388000930192e-03,5.668492486642070366e-02
-4.036386713051489106e-01,-4.785100715145232386e-01,-8.968385146525894580e-01,-3.362903427524330802e-01,-7.232519572832417643e-01,-4.455719694970812772e-01,-5.833014336871610306e-01,1.000000000000000000e+00,-6.538147249395493965e-01,-3.177093422438729275e-01,-3.625398262586247700e-02,-3.291600424926046098e-01,2.360111124497333013e-01,-5.445692046997001601e-01,-4.572772864002519477e-01,-4.040801537534606247e-01,-1.743158024320834998e-01,-5.340188913645039781e-01,-5.373142193155686641e-01,-4.019457510498632424e-01,-2.685434779394333393e-01,-3.476082777018589809e-01,-3.875267555527882601e-01,-3.146207542596928253e-01,-3.528933950256427088e-01,-1.739120712837944061e-01,-2.611860607577968785e-01,-3.564250599745271697e-01,-3.652614271776611909e-01,-5.507813983033607030e-01,-4.886086527161126458e-01,-4.214571963037197500e-01,-2.513479065413479208e-01,-6.379339127723309133e-01,-1.182889965678065036e-01,-5.905640762193545834e-01,-1.986648584760693503e-01,-1.761125525984124918e-01,-4.063509025318223777e-01
4.221481298161280371e-01,6.967147480849437136e-01,7.052705921343458417e-01,2.795497531919736711e-01,6.022817595582040662e-01,6.398643132469260530e-01,3.175827555632179111e-01,-6.538147249395493965e-01,1.000000000000000000e+00,4.982362811488225129e-01,1.760677263203411225e-01,5.603261995682026209e-01,4.247584110817145819e-02,6.322531655774247250e-01,4.372163630399251155e-01,5.806848646368227840e-01,4.554655178397358228e-01,6.196592182590409115e-01,4.446926865126599737e-01,2.813555470297713912e-01,3.523679725930197737e-01,4.462918217357748629e-01,6.204596169106181280e-01,6.075175041165445933e-01,6.083749089762016116e-01,-2.091973361072709536e-01,-8.919088126537026012e-03,2.999667672998538315e-01,5.278844301795221350e-01,7.200696746619564825e-01,4.581661601296561637e-01,5.880088016962695674e-01,4.722812607322954825e-01,7.347426427249317271e-01,4.295408017854882576e-01,6.069807841628457323e-01,4.831369093520746505e-01,1.184545838977598270e-01,6.883827882678410504e-01
3.006141825462992356e-01,5.379055213576914296e-01,3.655350735563108189e-01,1.033561020743165859e-01,3.527708679486836196e-01,3.291975786073712551e-01,1.950653647276350267e-01,-3.177093422438729275e-01,4.982362811488225129e-01,1.000000000000000000e+00,1.919720696498039003e-01,4.310431715419433263e-01,2.087221939436197382e-01,4.611174440574801747e-01,1.931715548710311592e-01,7.431754557506541348e-01,4.233252390457498682e-01,4.322936199217601860e-01,2.354603929607159141e-01,3.263878303549796328e-02,5.663097111911782333e-01,3.995024476547802683e-01,3.925726900722907309e-01,3.723676492657886361e-01,4.997888343568171465e-01,-2.959655107644399430e-01,1.679451607207727232e-03,4.943857242866460111e-01,3.083915599622253922e-01,4.657271486934166926e-01,3.378836202325468108e-01,3.710401365568998799e-01,4.337248647311292005e-01,3.738457529268592316e-01,4.142672105852156506e-01,3.126693403996297360e-01,4.060645081469645978e-01,1.099460179623236271e-02,5.990432866607953155e-01
5.096010786235680851e-02,3.416184506342759830e-01,1.260724494549946284e-01,9.685659081085640221e-02,9.218458412366657695e-02,3.323367592470269916e-01,-1.365101877169578315e-01,-3.625398262586247700e-02,1.760677263203411225e-01,1.919720696498039003e-01,1.000000000000000000e+00,3.163480504617788847e-01,2.252008099191275259e-01,1.924090237426518413e-01,3.251476652705385939e-02,2.995653309278255017e-01,5.200966888128488730e-01,2.363691232300567380e-01,1.439075424167592654e-01,7.932489371866896510e-02,2.700384666618599883e-01,3.395936820959117308e-01,5.230083912923801925e-01,3.530904414745421604e-01,5.532928069944158533e-01,-3.325015231143022554e-01,2.485073663374257058e-02,1.269470369694997158e-01,1.375192574878230378e-01,1.670091552947871871e-01,1.334220166590098164e-02,3.464744623523373090e-01,3.442438186208733875e-01,1.871757054118745600e-01,3.504970999331897819e-01,-5.328369954505479678e-02,3.384919549408408890e-01,-1.040341735713813526e-01,2.080217378081932467e-01
1.516917958321412629e-01,7.245514591427644202e-01,5.110619793740361905e-01,2.406291582758806891e-01,2.530233206320767758e-01,7.644721317234390856e-01,-1.286356202715202013e-01,-3.291600424926046098e-01,5.603261995682026209e-01,4.310431715419433263e-01,3.163480504617788847e-01,1.000000000000000000e+00,1.263797896689840272e-01,5.596692035863017889e-01,4.680243297814516423e-01,4.954636014269899746e-01,7.358476191604272909e-01,4.785342147124400647e-01,3.800743487077160032e-01,4.258803883619676767e-01,4.739598909716953856e-01,7.556225218600233218e-01,7.733715574827412231e-01,7.943039999661412054e-01,7.526689255828964420e-01,-5.832360895707506820e-01,1.197953146857154705e-01,3.474537327712131640e-01,5.260769890197172227e-01,5.193593577771598024e-01,3.631211489804478387e-01,8.089708165787322658e-01,8.054488329512852207e-01,4.874929124375345646e-01,7.818111500487774368e-01,1.412243361515077011e-01,8.256933956971105326e-01,-9.900183890405299392e-02,5.647672755897711339e-01
1.058655548502068083e-01,1.460188359140925374e-01,-2.117352378268307078e-01,-2.474509370941324338e-01,-1.460167050307416003e-01,1.286798060014155420e-01,-2.651673707485362463e-01,2.360111124497333013e-01,4.247584110817145819e-02,2.087221939436197382e-01,2.252008099191275259e-01,1.263797896689840272e-01,1.000000000000000000e+00,-7.074999155043453121e-03,-8.628584642829256746e-02,1.927055001101551646e-01,1.309989155181714715e-01,-8.234268225976665301e-02,-1.905494168020039625e-01,-3.155626954924869443e-01,1.303003391937966327e-01,-2.164201664659056237e-02,1.816025688467833299e-01,1.603615861651028207e-01,2.389710722818892408e-01,-2.828333766164868868e-01,-2.112988281010899638e-01,-2.080078216253808746e-02,6.478134655298198319e-02,6.905142471226788370e-02,-4.172167049131247918e-01,8.133630699642983852e-02,-8.704812712327892124e-03,-7.247683769197990622e-02,5.665000456936219314e-02,-1.881800308596933424e-01,6.849957091409257515e-02,5.418735692593123349e-02,2.307785091020389256e-01
4.689906694338430992e-01,7.113192525997537041e-01,6.410357910620684274e-01,1.301610075365141894e-01,4.712049081652223137e-01,5.436574827547455691e-01,1.552166267568285130e-01,-5.445692046997001601e-01,6.322531655774247250e-01,4.611174440574801747e-01,1.924090237426518413e-01,5.596692035863017889e-01,-7.074999155043453121e-03,1.000000000000000000e+00,3.550799055173815000e-01,5.921208287144202886e-01,4.059774677417810618e-01,4.339835205176831301e-01,3.367880435503835534e-01,3.256600007920023576e-01,5.047662856550808597e-01,5.646903021476621376e-01,5.630204617822991420e-01,5.872055593188827416e-01,5.593495256022172901e-01,-1.570443718008746881e-01,6.931451789265613561e-02,4.052673632128891978e-01,5.031254978616462870e-01,5.548311872820841373e-01,6.049903776633719366e-01,6.552304062258902384e-01,6.039453212229448642e-01,4.885750274136556048e-01,4.616058573358791661e-01,3.977301451920177144e-01,5.396515883930073088e-01,8.222795625749414195e-02,4.602916487026388892e-01
3.518343389553305056e-01,4.454757211187477250e-01,5.079715207648227704e-01,3.271274535809328698e-01,3.962037997435399195e-01,4.259078413262178398e-01,2.312584073607276136e-01,-4.572772864002519477e-01,4.372163630399251155e-01,1.931715548710311592e-01,3.251476652705385939e-02,4.680243297814516423e-01,-8.628584642829256746e-02,3.550799055173815000e-01,1.000000000000000000e+00,3.630577706143484629e-01,1.876396822289723432e-01,4.497044529430423987e-01,5.001460418296630461e-01,4.834064956057385620e-01,2.284868257498969824e-01,4.300449401826906271e-01,3.207207894753067445e-01,2.653358159492472668e-01,2.691918510815627386e-01,2.120859677684139299e-02,9.990392186408017516e-02,2.388530876338563202e-01,3.121657234088170974e-01,5.808175188873968553e-01,1.623835365465484404e-01,4.281107277342890982e-01,2.929015119701450787e-01,4.050082272009090656e-01,2.481929857418923024e-01,2.748032899819457531e-01,2.786221192046809958e-01,2.523043656011664249e-01,3.654471232368219358e-01
5.579234579778299397e-01,6.795988512065593845e-01,4.714650125297812910e-01,1.406241806646987558e-01,4.441171927371009853e-01,4.803358520794554498e-01,1.033529580616385918e-01,-4.040801537534606247e-01,5.806848646368227840e-01,7.431754557506541348e-01,2.995653309278255017e-01,4.954636014269899746e-01,1.927055001101551646e-01,5.921208287144202886e-01,3.630577706143484629e-01,1.000000000000000000e+00,4.396145773423708603e-01,4.692872956409493423e-01,3.061782698411018022e-01,2.697374381951747613e-01,6.849559333851605869e-01,5.977763939802199777e-01,5.253327332143017392e-01,4.657634481274717242e-01,5.438208884726015713e-01,-2.542430155015599214e-01,5.866167078036418729e-03,5.742303817479356143e-01,3.146943042175137095e-01,6.408851163082601721e-01,3.370470168427859292e-01,5.320450118126820449e-01,4.494535143023376533e-01,4.200047952286442010e-01,4.224266779935653693e-01,3.383934846227735216e-01,4.325425829249037180e-01,1.871213821356963736e-01,6.134779408973719539e-01
-2.173508175106697582e-02,6.129197627109065349e-01,3.551663032369974382e-01,2.628053693069397068e-01,1.636923145725775464e-01,6.795792378540198575e-01,-1.307923445264354279e-01,-1.743158024320834998e-01,4.554655178397358228e-01,4.233252390457498682e-01,5.200966888128488730e-01,7.358476191604272909e-01,1.309989155181714715e-01,4.059774677417810618e-01,1.876396822289723432e-01,4.396145773423708603e-01,1.000000000000000000e+00,4.440113729848475521e-01,3.402270044925742032e-01,3.399315536247816127e-01,4.333391001781946028e-01,6.637105094301506414e-01,7.839539817164846713e-01,7.631828476675397432e-01,7.711577386412006296e-01,-6.631570718765829042e-01,7.940582412548459479e-02,2.855597648499431096e-01,5.137958764351407970e-01,3.814467048280417161e-01,3.389785733604464002e-01,7.063416515102314275e-01,7.987636205586431393e-01,4.353915713279623567e-01,8.373422855386872810e-01,1.613157753097090377e-02,8.249987159436785733e-01,-2.914745508410616637e-01,4.724356316576593384e-01
1.072127916411268200e-01,4.786406627226675869e-01,5.886023852266106804e-01,6.268547274871333341e-01,7.114660162438493085e-01,4.580476185223686381e-01,4.578805720809762114e-01,-5.340188913645039781e-01,6.196592182590409115e-01,4.322936199217601860e-01,2.363691232300567380e-01,4.785342147124400647e-01,-8.234268225976665301e-02,4.339835205176831301e-01,4.497044529430423987e-01,4.692872956409493423e-01,4.440113729848475521e-01,1.000000000000000000e+00,8.198342487035067405e-01,2.185739871462847039e-01,1.933467203120723399e-01,4.363358642908907181e-01,4.499921834883284788e-01,4.468701049346051613e-01,4.608887743898990030e-01,-2.992582697624078247e-01,-2.763948936148914737e-02,2.350031752649801853e-01,3.412014967979654090e-01,5.275673925840064227e-01,3.765617932857948102e-01,5.230145614276111576e-01,4.789728164106460961e-01,7.371424200378235980e-01,4.021976547186476569e-01,3.577193274588005290e-01,4.623798348870773456e-01,-2.496437154075410170e-01,3.505722617003717567e-01
1.181198197984949759e-02,3.082421743048153751e-01,5.825120257340230534e-01,6.832377727419619573e-01,7.001068322156634993e-01,3.359162421676124000e-01,4.955638905493007784e-01,-5.373142193155686641e-01,4.446926865126599737e-01,2.354603929607159141e-01,1.439075424167592654e-01,3.800743487077160032e-01,-1.905494168020039625e-01,3.367880435503835534e-01,5.001460418296630461e-01,3.061782698411018022e-01,3.402270044925742032e-01,8.198342487035067405e-01,1.000000000000000000e+00,3.083179979433120499e-01,1.598119574208261284e-01,4.294888019203449980e-01,3.166538350179659567e-01,2.851632145460543666e-01,2.814756795884188478e-01,-1.400364355011663176e-01,8.155317086432471718e-02,2.588848687625319722e-01,3.167121623732563340e-01,3.978514014116656949e-01,3.485196069445913869e-01,4.608393448619673149e-01,4.152496129356346710e-01,6.772067134213457518e-01,3.192630691994521874e-01,2.266070024764399449e-01,3.787157824651619653e-01,-2.530010587836554192e-01,1.010991427658820413e-01
2.523147943616695366e-01,3.871015481179905238e-01,5.068490134617226195e-01,3.081637547004896227e-01,1.712089420232784931e-01,4.225210150481203963e-01,6.000041533068160154e-02,-4.019457510498632424e-01,2.813555470297713912e-01,3.263878303549796328e-02,7.932489371866896510e-02,4.258803883619676767e-01,-3.155626954924869443e-01,3.256600007920023576e-01,4.834064956057385620e-01,2.697374381951747613e-01,3.399315536247816127e-01,2.185739871462847039e-01,3.083179979433120499e-01,1.000000000000000000e+00,3.690053147216256213e-01,6.250003978613253297e-01,3.638082187287193792e-01,3.246363961951024835e-01,2.460106561484033394e-01,8.721418608330654826e-03,3.248937033391212093e-01,3.010941612324858907e-01,1.884784320553799242e-01,3.139153428654495315e-01,3.035365429552328576e-01,4.366688284913719520e-01,4.295594194413079325e-01,2.151149782779423758e-01,3.705747485623931414e-01,1.820447571738888770e-01,3.385070431769212629e-01,9.790591024409218968e-02,2.003342694148631531e-01
4.479434537287403928e-01,5.462435795687392570e-01,3.688207618827026302e-01,-2.628091769797811367e-02,1.652645657850909666e-01,4.017682560407663805e-01,-9.680714305733391367e-02,-2.685434779394333393e-01,3.523679725930197737e-01,5.663097111911782333e-01,2.700384666618599883e-01,4.739598909716953856e-01,1.303003391937966327e-01,5.047662856550808597e-01,2.284868257498969824e-01,6.849559333851605869e-01,4.333391001781946028e-01,1.933467203120723399e-01,1.598119574208261284e-01,3.690053147216256213e-01,1.000000000000000000e+00,7.239231038561260156e-01,4.680699599296918589e-01,4.715616000461693713e-01,4.580755341668589220e-01,-1.706033432981542974e-01,2.789736878075156357e-01,7.201674037595130473e-01,2.641295680373988430e-01,3.460311305630269230e-01,4.275941427416893870e-01,4.848667919949644078e-01,4.631892022087774619e-01,1.411727310883867381e-01,4.478079854532069914e-01,4.030801042820866820e-02,4.331904466719571634e-01,1.525148895940414140e-01,3.820263176985094766e-01
2.912107455518241905e-01,6.776138126178620213e-01,5.212954860450536021e-01,3.054661973641356054e-01,2.802192967527883938e-01,6.646797788670403273e-01,-8.872540067878481596e-02,-3.476082777018589809e-01,4.462918217357748629e-01,3.995024476547802683e-01,3.395936820959117308e-01,7.556225218600233218e-01,-2.164201664659056237e-02,5.646903021476621376e-01,4.300449401826906271e-01,5.977763939802199777e-01,6.637105094301506414e-01,4.363358642908907181e-01,4.294888019203449980e-01,6.250003978613253297e-01,7.239231038561260156e-01,1.000000000000000000e+00,6.699221718227679201e-01,6.818371722716128902e-01,6.246424051627821328e-01,-4.118498403982844280e-01,2.808714224562793293e-01,5.342838316590869940e-01,3.852429156216161110e-01,4.357633290315706120e-01,4.596534446307092292e-01,7.764021651407138069e-01,7.562855160188166614e-01,3.691830217674277326e-01,7.138229028938692933e-01,3.319759194540286562e-02,7.278108318699243462e-01,-1.691832166408225105e-02,3.895347065160630340e-01
2.455991244142413099e-01,7.609689191962989430e-01,5.412847068807681294e-01,1.406851395871302479e-01,2.653058843143895618e-01,8.376248939455732678e-01,-4.673735750418281376e-02,-3.875267555527882601e-01,6.204596169106181280e-01,3.925726900722907309e-01,5.230083912923801925e-01,7.733715574827412231e-01,1.816025688467833299e-01,5.630204617822991420e-01,3.207207894753067445e-01,5.253327332143017392e-01,7.839539817164846713e-01,4.499921834883284788e-01,3.166538350179659567e-01,3.638082187287193792e-01,4.680699599296918589e-01,6.699221718227679201e-01,1.000000000000000000e+00,8.295852191506445372e-01,8.767108240811974929e-01,-5.058268234859613077e-01,1.144780218405403172e-01,3.079518127691815432e-01,5.571331085528380411e-01,5.487214445024294340e-01,3.431878036744706595e-01,7.728811130824904119e-01,7.164047442817431666e-01,5.153085004455573159e-01,7.125476113795138344e-01,1.813080493453972930e-01,7.483009543939712627e-01,-3.657426934180885852e-02,6.015649828011410127e-01
2.151814116833369872e-01,7.650854645846723034e-01,4.848707878136195859e-01,1.164014073604383859e-01,2.111262586008816888e-01,8.012464980799041125e-01,-9.730860719767817080e-02,-3.146207542596928253e-01,6.075175041165445933e-01,3.723676492657886361e-01,3.530904414745421604e-01,7.943039999661412054e-01,1.603615861651028207e-01,5.872055593188827416e-01,2.653358159492472668e-01,4.657634481274717242e-01,7.631828476675397432e-01,4.468701049346051613e-01,2.851632145460543666e-01,3.246363961951024835e-01,4.715616000461693713e-01,6.818371722716128902e-01,8.295852191506445372e-01,1.000000000000000000e+00,8.034478941639804361e-01,-5.653718558645575154e-01,7.327032901963911882e-02,2.610754502108246222e-01,5.129250860813738822e-01,4.693578231939043444e-01,4.498917315209424728e-01,7.749812697684012042e-01,7.623815044560317000e-01,4.717659528512375133e-01,7.620490986918191378e-01,1.212073721985261893e-01,7.971966830277615879e-01,-1.071239637529256411e-01,5.396268476806067582e-01
2.457541651408049477e-01,7.781251837516459657e-01,5.022345820211050471e-01,1.416129938896391049e-01,2.753215729586981353e-01,7.969523976565277001e-01,-1.814070496167408250e-03,-3.528933950256427088e-01,6.083749089762016116e-01,4.997888343568171465e-01,5.532928069944158533e-01,7.526689255828964420e-01,2.389710722818892408e-01,5.593495256022172901e-01,2.691918510815627386e-01,5.438208884726015713e-01,7.711577386412006296e-01,4.608887743898990030e-01,2.814756795884188478e-01,2.460106561484033394e-01,4.580755341668589220e-01,6.246424051627821328e-01,8.767108240811974929e-01,8.034478941639804361e-01,1.000000000000000000e+00,-5.517607204197031434e-01,9.912435366586742902e-02,2.563716334542179287e-01,5.219195245384311566e-01,5.177868773687107629e-01,3.283950164298800045e-01,7.660357535402498863e-01,7.147745566329969380e-01,5.009061790890779742e-01,6.945051032466812435e-01,1.874792059828972179e-01,7.343703813243535050e-01,-5.748013143365725969e-02,6.340252424707395473e-01
1.395333244316738774e-01,-4.190385290546421171e-01,7.678870275659461370e-03,-1.477964943979363510e-01,2.571452004816837666e-02,-4.635064625195122745e-01,2.817919824292629549e-01,-1.739120712837944061e-01,-2.091973361072709536e-01,-2.959655107644399430e-01,-3.325015231143022554e-01,-5.832360895707506820e-01,-2.828333766164868868e-01,-1.570443718008746881e-01,2.120859677684139299e-02,-2.542430155015599214e-01,-6.631570718765829042e-01,-2.992582697624078247e-01,-1.400364355011663176e-01,8.721418608330654826e-03,-1.706033432981542974e-01,-4.118498403982844280e-01,-5.058268234859613077e-01,-5.653718558645575154e-01,-5.517607204197031434e-01,1.000000000000000000e+00,3.028669540100382696e-01,-1.153255864447337402e-02,-2.452023638091234969e-01,-1.668478556457772821e-01,-4.667247491929499975e-02,-5.224305168359776319e-01,-6.047654918855324135e-01,-2.348588838211254082e-01,-6.555185748632007536e-01,1.944376750778850638e-01,-6.725810309751177885e-01,3.115504907675825108e-01,-3.454815982779282924e-01
-5.317831536155841893e-02,-3.308236176331555423e-02,2.622125984872168969e-01,5.824820228122558341e-02,6.368709658183532851e-02,1.139806856033759308e-01,6.275719383975278398e-02,-2.611860607577968785e-01,-8.919088126537026012e-03,1.679451607207727232e-03,2.485073663374257058e-02,1.197953146857154705e-01,-2.112988281010899638e-01,6.931451789265613561e-02,9.990392186408017516e-02,5.866167078036418729e-03,7.940582412548459479e-02,-2.763948936148914737e-02,8.155317086432471718e-02,3.248937033391212093e-01,2.789736878075156357e-01,2.808714224562793293e-01,1.144780218405403172e-01,7.327032901963911882e-02,9.912435366586742902e-02,3.028669540100382696e-01,1.000000000000000000e+00,2.695827267610912403e-01,9.312211008815304836e-02,-8.530715454222100383e-03,2.355049925711263092e-01,1.323460970367967837e-01,8.759072883233348650e-02,-1.750630615200372137e-02,3.537620456857942103e-02,2.442905153796104314e-03,4.464987008147262848e-02,-3.112471777041664681e-02,-8.039146169138407239e-02
3.588415121148302855e-01,3.279099268372092646e-01,3.916695651299206271e-01,1.077219939030173677e-02,2.939288784647623998e-01,2.573336565703105427e-01,8.718823883310473921e-03,-3.564250599745271697e-01,2.999667672998538315e-01,4.943857242866460111e-01,1.269470369694997158e-01,3.474537327712131640e-01,-2.080078216253808746e-02,4.052673632128891978e-01,2.388530876338563202e-01,5.742303817479356143e-01,2.855597648499431096e-01,2.350031752649801853e-01,2.588848687625319722e-01,3.010941612324858907e-01,7.201674037595130473e-01,5.342838316590869940e-01,3.079518127691815432e-01,2.610754502108246222e-01,2.563716334542179287e-01,-1.153255864447337402e-02,2.695827267610912403e-01,1.000000000000000000e+00,3.855081695325836555e-01,2.842601293607671664e-01,3.942460949847406138e-01,3.329345821157480567e-01,3.219428566534768277e-01,2.180089757660259586e-01,3.139174172239401761e-01,4.091095046121773215e-02,3.172274630037769660e-01,2.032854298350511568e-01,3.028045728115361102e-01
2.034482792615356639e-01,5.012377800432380459e-01,4.447806568143127803e-01,1.544102705973092460e-01,3.096575415272413423e-01,5.677030646434232386e-01,5.951272109007336303e-02,-3.652614271776611909e-01,5.278844301795221350e-01,3.083915599622253922e-01,1.375192574878230378e-01,5.260769890197172227e-01,6.478134655298198319e-02,5.031254978616462870e-01,3.121657234088170974e-01,3.146943042175137095e-01,5.137958764351407970e-01,3.412014967979654090e-01,3.167121623732563340e-01,1.884784320553799242e-01,2.641295680373988430e-01,3.852429156216161110e-01,5.571331085528380411e-01,5.129250860813738822e-01,5.219195245384311566e-01,-2.452023638091234969e-01,9.312211008815304836e-02,3.855081695325836555e-01,1.000000000000000000e+00,4.262416216168553595e-01,3.758453674324139793e-01,6.202178804102432830e-01,5.147533964030891473e-01,4.935552294607487012e-01,5.378071130574575420e-01,1.833204124096878829e-01,5.972471987011096495e-01,1.130680776788188097e-01,4.596425720588156461e-01
4.791686069426965289e-01,6.665815521829522305e-01,5.955310443309668189e-01,2.745154932014792770e-01,5.221479483316119330e-01,5.845165867642854174e-01,2.665666704385227237e-01,-5.507813983033607030e-01,7.200696746619564825e-01,4.657271486934166926e-01,1.670091552947871871e-01,5.193593577771598024e-01,6.905142471226788370e-02,5.548311872820841373e-01,5.808175188873968553e-01,6.408851163082601721e-01,3.814467048280417161e-01,5.275673925840064227e-01,3.978514014116656949e-01,3.139153428654495315e-01,3.460311305630269230e-01,4.357633290315706120e-01,5.487214445024294340e-01,4.693578231939043444e-01,5.177868773687107629e-01,-1.668478556457772821e-01,-8.530715454222100383e-03,2.842601293607671664e-01,4.262416216168553595e-01,1.000000000000000000e+00,2.681740603725514260e-01,5.341161224591475243e-01,3.798886593678095225e-01,5.949229614852513670e-01,3.532327969155586445e-01,5.650012142712335095e-01,3.821422535137104504e-01,1.557517362055423071e-01,6.351007815695740577e-01
1.561227927700596096e-01,4.193444180204184413e-01,5.623071555733301086e-01,1.589437767048207384e-01,3.657036893863939708e-01,2.760630954160739337e-01,2.291727252434997697e-01,-4.886086527161126458e-01,4.581661601296561637e-01,3.378836202325468108e-01,1.334220166590098164e-02,3.631211489804478387e-01,-4.172167049131247918e-01,6.049903776633719366e-01,1.623835365465484404e-01,3.370470168427859292e-01,3.389785733604464002e-01,3.765617932857948102e-01,3.485196069445913869e-01,3.035365429552328576e-01,4.275941427416893870e-01,4.596534446307092292e-01,3.431878036744706595e-01,4.498917315209424728e-01,3.283950164298800045e-01,-4.667247491929499975e-02,2.355049925711263092e-01,3.942460949847406138e-01,3.758453674324139793e-01,2.681740603725514260e-01,1.000000000000000000e+00,4.560543406559221524e-01,5.350082478683011455e-01,3.880539364882193420e-01,4.236303200825360937e-01,3.191772922802901813e-01,4.462579019757188514e-01,-1.045193354734021418e-01,2.145023236494096597e-01
2.594310015022406879e-01,7.715863067110242390e-01,5.906656032993287120e-01,3.296300006415140982e-01,3.914269806856016110e-01,7.794226626379503475e-01,1.319638259764982025e-03,-4.214571963037197500e-01,5.880088016962695674e-01,3.710401365568998799e-01,3.464744623523373090e-01,8.089708165787322658e-01,8.133630699642983852e-02,6.552304062258902384e-01,4.281107277342890982e-01,5.320450118126820449e-01,7.063416515102314275e-01,5.230145614276111576e-01,4.608393448619673149e-01,4.366688284913719520e-01,4.848667919949644078e-01,7.764021651407138069e-01,7.728811130824904119e-01,7.749812697684012042e-01,7.660357535402498863e-01,-5.224305168359776319e-01,1.323460970367967837e-01,3.329345821157480567e-01,6.202178804102432830e-01,5.341161224591475243e-01,4.560543406559221524e-01,1.000000000000000000e+00,7.948838723806191942e-01,5.544315980115668285e-01,7.372212315651994752e-01,1.593784140963583063e-01,8.076313909870699304e-01,-5.240179498310442580e-02,4.881502967394675818e-01
3.453377348484563958e-02,6.726816244289495206e-01,4.594943576635551197e-01,2.923984203443311114e-01,2.480157002283327750e-01,6.452631572164777563e-01,-7.545238548302546366e-02,-2.513479065413479208e-01,4.722812607322954825e-01,4.337248647311292005e-01,3.442438186208733875e-01,8.054488329512852207e-01,-8.704812712327892124e-03,6.039453212229448642e-01,2.929015119701450787e-01,4.494535143023376533e-01,7.987636205586431393e-01,4.789728164106460961e-01,4.152496129356346710e-01,4.295594194413079325e-01,4.631892022087774619e-01,7.562855160188166614e-01,7.164047442817431666e-01,7.623815044560317000e-01,7.147745566329969380e-01,-6.047654918855324135e-01,8.759072883233348650e-02,3.219428566534768277e-01,5.147533964030891473e-01,3.798886593678095225e-01,5.350082478683011455e-01,7.948838723806191942e-01,1.000000000000000000e+00,4.653130487238628099e-01,8.615301183831888254e-01,6.411941813282109881e-02,8.805487773587430400e-01,-2.539100330923810267e-01,3.957857681685221785e-01
1.879426319839399007e-01,5.367912623711144082e-01,6.725203183710953825e-01,5.142917214265683157e-01,7.844935636707808246e-01,5.153613598941610974e-01,4.870181505106958575e-01,-6.379339127723309133e-01,7.347426427249317271e-01,3.738457529268592316e-01,1.871757054118745600e-01,4.874929124375345646e-01,-7.247683769197990622e-02,4.885750274136556048e-01,4.050082272009090656e-01,4.200047952286442010e-01,4.353915713279623567e-01,7.371424200378235980e-01,6.772067134213457518e-01,2.151149782779423758e-01,1.411727310883867381e-01,3.691830217674277326e-01,5.153085004455573159e-01,4.717659528512375133e-01,5.009061790890779742e-01,-2.348588838211254082e-01,-1.750630615200372137e-02,2.180089757660259586e-01,4.935552294607487012e-01,5.949229614852513670e-01,3.880539364882193420e-01,5.544315980115668285e-01,4.653130487238628099e-01,1.000000000000000000e+00,3.973752010502976661e-01,5.217965925668467397e-01,4.665459320803596044e-01,-9.404978457348768528e-02,4.161877354095377401e-01
1.461444059375096791e-02,6.234360253350162973e-01,3.241019423385338993e-01,2.311430143867072295e-01,1.199139815049641844e-01,6.464015091749533148e-01,-1.718733173822402371e-01,-1.182889965678065036e-01,4.295408017854882576e-01,4.142672105852156506e-01,3.504970999331897819e-01,7.818111500487774368e-01,5.665000456936219314e-02,4.616058573358791661e-01,2.481929857418923024e-01,4.224266779935653693e-01,8.373422855386872810e-01,4.021976547186476569e-01,3.192630691994521874e-01,3.705747485623931414e-01,4.478079854532069914e-01,7.138229028938692933e-01,7.125476113795138344e-01,7.620490986918191378e-01,6.945051032466812435e-01,-6.555185748632007536e-01,3.537620456857942103e-02,3.139174172239401761e-01,5.378071130574575420e-01,3.532327969155586445e-01,4.236303200825360937e-01,7.372212315651994752e-01,8.615301183831888254e-01,3.973752010502976661e-01,1.000000000000000000e+00,-2.037547987126592589e-02,8.865903822678764534e-01,-2.446491263431300467e-01,4.404889154528914830e-01
3.172313497957167105e-01,3.359622584134983603e-01,5.478165370384605604e-01,2.334394226168842179e-01,5.252849560751287061e-01,1.887046161025260349e-01,4.723000689236375171e-01,-5.905640762193545834e-01,6.069807841628457323e-01,3.126693403996297360e-01,-5.328369954505479678e-02,1.412243361515077011e-01,-1.881800308596933424e-01,3.977301451920177144e-01,2.748032899819457531e-01,3.383934846227735216e-01,1.613157753097090377e-02,3.577193274588005290e-01,2.266070024764399449e-01,1.820447571738888770e-01,4.030801042820866820e-02,3.319759194540286562e-02,1.813080493453972930e-01,1.212073721985261893e-01,1.874792059828972179e-01,1.944376750778850638e-01,2.442905153796104314e-03,4.091095046121773215e-02,1.833204124096878829e-01,5.650012142712335095e-01,3.191772922802901813e-01,1.593784140963583063e-01,6.411941813282109881e-02,5.217965925668467397e-01,-2.037547987126592589e-02,1.000000000000000000e+00,-8.826701826814111265e-03,1.177212061730719406e-01,4.024291876074949648e-01
2.633879079936479045e-02,6.638310380790451992e-01,3.987911684062800943e-01,2.502708069222700504e-01,2.085165240912769946e-01,7.030966935708190535e-01,-1.429292840078789373e-01,-1.986648584760693503e-01,4.831369093520746505e-01,4.060645081469645978e-01,3.384919549408408890e-01,8.256933956971105326e-01,6.849957091409257515e-02,5.396515883930073088e-01,2.786221192046809958e-01,4.325425829249037180e-01,8.249987159436785733e-01,4.623798348870773456e-01,3.787157824651619653e-01,3.385070431769212629e-01,4.331904466719571634e-01,7.278108318699243462e-01,7.483009543939712627e-01,7.971966830277615879e-01,7.343703813243535050e-01,-6.725810309751177885e-01,4.464987008147262848e-02,3.172274630037769660e-01,5.972471987011096495e-01,3.821422535137104504e-01,4.462579019757188514e-01,8.076313909870699304e-01,8.805487773587430400e-01,4.665459320803596044e-01,8.865903822678764534e-01,-8.826701826814111265e-03,1.000000000000000000e+00,-2.268817355769168764e-01,4.535352338550692197e-01
6.702270633790468057e-01,1.645444183291724094e-01,1.071456166244300762e-01,-2.978408678892026651e-01,-9.206588902873442601e-04,9.867836800170380618e-02,2.573468388000930192e-03,-1.761125525984124918e-01,1.184545838977598270e-01,1.099460179623236271e-02,-1.040341735713813526e-01,-9.900183890405299392e-02,5.418735692593123349e-02,8.222795625749414195e-02,2.523043656011664249e-01,1.871213821356963736e-01,-2.914745508410616637e-01,-2.496437154075410170e-01,-2.530010587836554192e-01,9.790591024409218968e-02,1.525148895940414140e-01,-1.691832166408225105e-02,-3.657426934180885852e-02,-1.071239637529256411e-01,-5.748013143365725969e-02,3.115504907675825108e-01,-3.112471777041664681e-02,2.032854298350511568e-01,1.130680776788188097e-01,1.557517362055423071e-01,-1.045193354734021418e-01,-5.240179498310442580e-02,-2.539100330923810267e-01,-9.404978457348768528e-02,-2.446491263431300467e-01,1.177212061730719406e-01,-2.268817355769168764e-01,1.000000000000000000e+00,2.672884818866076428e-01
4.580187281474276118e-01,6.723007448926479057e-01,4.658019945026833364e-01,1.300908166643885248e-02,2.510572896099752538e-01,6.231826428474587232e-01,5.668492486642070366e-02,-4.063509025318223777e-01,6.883827882678410504e-01,5.990432866607953155e-01,2.080217378081932467e-01,5.647672755897711339e-01,2.307785091020389256e-01,4.602916487026388892e-01,3.654471232368219358e-01,6.134779408973719539e-01,4.724356316576593384e-01,3.505722617003717567e-01,1.010991427658820413e-01,2.003342694148631531e-01,3.820263176985094766e-01,3.895347065160630340e-01,6.015649828011410127e-01,5.396268476806067582e-01,6.340252424707395473e-01,-3.454815982779282924e-01,-8.039146169138407239e-02,3.028045728115361102e-01,4.596425720588156461e-01,6.351007815695740577e-01,2.145023236494096597e-01,4.881502967394675818e-01,3.957857681685221785e-01,4.161877354095377401e-01,4.404889154528914830e-01,4.024291876074949648e-01,4.535352338550692197e-01,2.672884818866076428e-01,1.000000000000000000e+00
