1.000000000000000000e+00,8.337816478939080733e-01,7.527088454293104913e-01,6.233834336639798579e-01,6.227265134182351503e-01,4.456785552554004548e-01,7.617004608440754998e-01,-4.508220875063439492e-01,7.962264702223067481e-01,7.094716435562169465e-01,4.148590291540800168e-01,7.785484769362805979e-01,-2.103518452315452925e-01,5.948472478431611199e-01,6.069101686029295672e-01,8.295633042151108194e-01,5.468132704118645604e-01,7.812818443085436382e-01,7.618658594137333040e-01,7.057398133387561279e-01,-4.440169681156058701e-01,4.814572572638514125e-01,5.099891420981811363e-01,4.268408021945209185e-01,4.058307974537267993e-01,7.436268247786864682e-01,5.222089820314768094e-01,3.134050794483503322e-01,5.142876894517171005e-01,8.281546346827454164e-01,7.517745644010821460e-01,6.724234375688048493e-01,-3.931416482845727645e-01,-1.614851135985136688e-01,6.519893326140577816e-01,3.648697544349084887e-01,4.784524156651164262e-01,8.427995360478385267e-01,8.829461911338110092e-01
8.337816478939080733e-01,1.000000000000000000e+00,7.367687940198704988e-01,3.836133111545937391e-01,5.819587723258472511e-01,5.648047231513183553e-01,5.722461974953978459e-01,-4.384099817538580912e-01,6.154982977492714502e-01,7.348677907496682371e-01,5.772321134259229547e-01,5.996823696356964328e-01,-3.326613122161446029e-02,6.164013540212254227e-01,3.540178059089369444e-01,6.754172793022436005e-01,6.203038816588238857e-01,6.393941934723467169e-01,6.310023338522305902e-01,5.736759757449810815e-01,-3.039176398619399810e-01,4.808643576914618523e-01,4.654501416091224031e-01,5.719414548196075643e-01,3.926250055083499446e-01,8.270995371496677739e-01,6.432083594088722212e-01,4.173551788325718936e-01,6.941530262849462396e-01,6.751383385244178470e-01,7.385404504716041041e-01,8.049969711890301305e-01,-2.052724781546990951e-01,-3.026550501220156009e-01,7.208734049795921806e-01,5.908668809759821672e-01,6.761748336354722611e-01,6.701925963266071040e-01,7.513873594210725981e-01
7.527088454293104913e-01,7.367687940198704988e-01,1.000000000000000000e+00,5.180799706655568881e-01,8.029057503574356103e-01,5.321522845329691442e-01,7.169704118583107855e-01,-3.866697988135325281e-01,7.628474637605505704e-01,8.290313099263068031e-01,5.627049720172607739e-01,7.399662967395079782e-01,5.031149351025004240e-02,7.220092680199643453e-01,4.610743522354083246e-01,7.048174062354468639e-01,5.610079340838519668e-01,7.913786105355107292e-01,8.112998300663522011e-01,7.038818863350114752e-01,-2.444907583529771222e-01,7.199133095911115499e-01,6.269283831267302709e-01,5.034740965949729974e-01,5.465334847983993605e-01,6.692175940893467789e-01,6.489993108405754940e-01,2.987573631913155725e-01,5.344815911254627849e-01,7.766809020970564248e-01,6.590616938716290507e-01,6.701231033658761049e-01,-1.277724065806822573e-01,-1.451992754830900845e-01,6.096066376040791823e-01,4.217818717945445162e-01,4.678348653592208639e-01,7.447347125719615546e-01,7.687672176370733412e-01
6.233834336639798579e-01,3.836133111545937391e-01,5.180799706655568881e-01,1.000000000000000000e+00,3.801692152276063275e-01,1.615029406057731376e-01,8.504300339195116631e-01,-3.086967112737164579e-02,7.268779906769581300e-01,3.625577228204285851e-01,1.045496569931356756e-01,7.198139543400732254e-01,-4.231173253470111861e-01,2.790872366605102739e-01,7.436463573177481967e-01,5.669014058512517051e-01,8.904720968462759290e-02,7.623747892702295026e-01,7.305887429740339778e-01,7.879595645918661129e-01,-5.711932203196867786e-01,4.708467550668284374e-01,4.000951458896294666e-01,-2.831529315783027061e-03,2.620927785266684018e-01,1.661084294285716523e-01,4.528072366297486440e-02,-1.193924875716511763e-01,1.861661428642467919e-02,6.287107691173238200e-01,3.140024418457669775e-01,2.387590615009415884e-01,-6.346244395734628174e-01,-1.390963571449093383e-01,3.551754589899955850e-01,-2.150482668484674786e-01,1.023152678635874807e-01,8.006936405570530546e-01,7.068563306464324958e-01
6.227265134182351503e-01,5.819587723258472511e-01,8.029057503574356103e-01,3.801692152276063275e-01,1.000000000000000000e+00,4.375297311945066658e-01,6.099920351230261328e-01,-2.729353388555804671e-01,6.966042482054839446e-01,8.117610761266071950e-01,4.301991841648521997e-01,6.728033871455366688e-01,2.743484122704629713e-01,7.742172974580272538e-01,2.399264842382254070e-01,6.937789983095391522e-01,5.077628541787745364e-01,7.252941538298111057e-01,7.314922413500665188e-01,5.030930512683309264e-01,3.620839556167994994e-02,6.783523971496818739e-01,6.364402349876595588e-01,5.557227667658947157e-01,5.876695228822134132e-01,5.802526657445471470e-01,6.002799386308298457e-01,4.029301106293032841e-01,4.356770522093493803e-01,7.284072276186168704e-01,5.195834917351744853e-01,5.423407112384798223e-01,1.371194502099649382e-01,8.001589420135342412e-02,4.571011010531078056e-01,4.253518198152909657e-01,3.115088984381200743e-01,5.714120428101298055e-01,6.475321472794325350e-01
4.456785552554004548e-01,5.648047231513183553e-01,5.321522845329691442e-01,1.615029406057731376e-01,4.375297311945066658e-01,1.000000000000000000e+00,3.306617924168819278e-01,-2.986424332779133994e-01,3.454740042020648660e-01,5.924877601471123523e-01,6.782377880063460429e-01,3.633585388341660782e-01,1.566349449132118099e-01,5.069545840807300197e-01,9.388138335856764660e-02,3.686230898726613470e-01,6.148485233548786066e-01,4.085701625241928703e-01,3.538862128064348966e-01,3.277321679742296601e-01,-1.342431124111146679e-01,3.047717200065106491e-01,5.044861070152713012e-01,5.995097775919859817e-01,5.415247015952954213e-01,5.676057190592921353e-01,5.760140005747920178e-01,3.867795016641811801e-01,6.474100865575934671e-01,4.199694555732673140e-01,4.875885356417855032e-01,6.072151001233200285e-01,-5.031863547706371710e-03,-2.345257570907966493e-01,5.829842472854882551e-01,4.605762439333556668e-01,5.962269076653320399e-01,3.373104298691755876e-01,3.887513978978386908e-01
7.617004608440754998e-01,5.722461974953978459e-01,7.169704118583107855e-01,8.504300339195116631e-01,6.099920351230261328e-01,3.306617924168819278e-01,1.000000000000000000e+00,-1.705739299485643512e-01,8.133441949337938404e-01,6.243330786318813663e-01,2.797314098681104033e-01,8.374437749757051019e-01,-2.063202416071860112e-01,5.153318564929471046e-01,7.051471625260077314e-01,7.128546179913641812e-01,3.245253067432909977e-01,8.626545946628332295e-01,8.421566147652040923e-01,8.154424780376618997e-01,-4.846945896528681574e-01,6.477053236138317072e-01,5.457664583839489936e-01,2.331176296168485373e-01,3.871232177299664401e-01,4.030947001130468776e-01,3.504000069974156362e-01,3.836314212972830734e-02,2.327261638621444806e-01,7.814999981617850588e-01,4.845591898921396412e-01,4.514344020674683766e-01,-4.910129666411505722e-01,-1.533548310468269837e-01,5.302206034627890974e-01,1.227661946176534548e-02,2.548640124884072877e-01,8.649846207556914912e-01,8.347949943258080596e-01
-4.508220875063439492e-01,-4.384099817538580912e-01,-3.866697988135325281e-01,-3.086967112737164579e-02,-2.729353388555804671e-01,-2.986424332779133994e-01,-1.705739299485643512e-01,1.000000000000000000e+00,-4.013331913198315282e-01,-3.632161624101168940e-01,-4.163216899671532967e-01,-3.638846505059757930e-01,1.000631768007308742e-01,-3.690055917592077739e-01,-3.375527738868112082e-01,-3.747474553523427176e-01,-5.207258756675751110e-01,-2.563074775845638476e-01,-2.490236943449670726e-01,-1.988714055830769489e-01,3.368898199069162436e-01,7.999568826478881123e-02,-2.990982779024712879e-01,-2.928091311100811667e-01,-2.859096427495034787e-01,-5.143498890277043989e-01,-4.582816594664908538e-01,-8.161380979823860959e-02,-3.754222110933377876e-01,-4.721885615839780947e-01,-5.941907128259023008e-01,-4.355124797108131940e-01,2.195404945874285529e-01,5.900858472678080502e-02,-2.944813604831398868e-01,-2.543490622636735421e-01,-2.540824160110881635e-01,-3.991232769341095943e-01,-4.295871904190803892e-01
7.962264702223067481e-01,6.154982977492714502e-01,7.628474637605505704e-01,7.268779906769581300e-01,6.966042482054839446e-01,3.454740042020648660e-01,8.133441949337938404e-01,-4.013331913198315282e-01,1.000000000000000000e+00,6.581763043027391014e-01,3.127419079535395663e-01,8.705555305724578252e-01,-2.469743649297242716e-01,6.094802489240666032e-01,7.037101596842700868e-01,8.113109832149723033e-01,4.172331394072437694e-01,8.410751381347743028e-01,8.565265243270215878e-01,7.047093829519229802e-01,-4.553475473540689600e-01,5.024905728358479706e-01,6.006802566550871747e-01,3.531940088965455082e-01,5.087911276907469693e-01,5.391281906958967918e-01,3.909205832796389113e-01,1.795579249977812819e-01,2.981602472557414174e-01,8.797893302451499364e-01,6.327197129754743576e-01,4.785123663646098646e-01,-3.821286789042789289e-01,7.740114273235397524e-02,4.691825814681486184e-01,1.395751918546295212e-01,2.175514132516891130e-01,8.385808162742299787e-01,8.513472987836927519e-01
7.094716435562169465e-01,7.348677907496682371e-01,8.290313099263068031e-01,3.625577228204285851e-01,8.117610761266071950e-01,5.924877601471123523e-01,6.243330786318813663e-01,-3.632161624101168940e-01,6.581763043027391014e-01,1.000000000000000000e+00,5.133425311827575221e-01,6.707245429983581531e-01,3.008617986308567138e-01,7.868583566471030188e-01,2.786027618730562150e-01,7.102725113223704589e-01,6.516144216910910725e-01,7.170185038303295011e-01,7.157978450395572345e-01,5.497169563088746269e-01,-4.506032111481243080e-02,6.608619069266565837e-01,7.393630507530529750e-01,6.649873908381777055e-01,6.863630389279489208e-01,7.168427366260470279e-01,7.720549874477153907e-01,4.146551246012934455e-01,6.457146566079913219e-01,7.436362633801749666e-01,6.175669697621092302e-01,7.454963141009208760e-01,5.007732312805391467e-02,-8.945246423744802888e-02,6.911142412450385075e-01,5.658176340577750763e-01,5.448660157311915331e-01,6.057336595014807257e-01,6.845673239786888020e-01
4.148590291540800168e-01,5.772321134259229547e-01,5.627049720172607739e-01,1.045496569931356756e-01,4.301991841648521997e-01,6.782377880063460429e-01,2.797314098681104033e-01,-4.163216899671532967e-01,3.127419079535395663e-01,5.133425311827575221e-01,1.000000000000000000e+00,3.177132988111281420e-01,1.347644650793632382e-01,4.300317592089315522e-01,1.744252179950056270e-01,2.958014188080670404e-01,7.130155681922902833e-01,4.198194368970252222e-01,3.641063256235140266e-01,3.813022401806186457e-01,-2.076840178798205760e-01,2.683920630040719790e-01,3.807737684007821977e-01,4.093730896307205547e-01,4.214010595617788124e-01,5.427327963262822408e-01,5.438998727227527530e-01,3.092104264151323556e-01,5.785076282679397774e-01,4.168188288337438263e-01,4.910417635249738622e-01,5.866319478136521326e-01,-6.416865735719243236e-02,-3.684907646028623973e-01,5.124022562047482188e-01,3.592753210966006527e-01,5.779575931578904147e-01,3.883433819888889027e-01,3.665600331548493629e-01
7.785484769362805979e-01,5.996823696356964328e-01,7.399662967395079782e-01,7.198139543400732254e-01,6.728033871455366688e-01,3.633585388341660782e-01,8.374437749757051019e-01,-3.638846505059757930e-01,8.705555305724578252e-01,6.707245429983581531e-01,3.177132988111281420e-01,1.000000000000000000e+00,-2.082422515594093970e-01,5.817455832360096668e-01,6.851862791028831001e-01,8.217315892042822423e-01,4.672093546120003049e-01,8.574947490573995301e-01,8.175071771478095162e-01,6.749712389743625085e-01,-4.488039464020995295e-01,5.191663475603333078e-01,5.690106519343578473e-01,3.033699109460386567e-01,4.592519081880924725e-01,5.578891055310404301e-01,4.456999801238751835e-01,2.491678101548101543e-01,3.036089751425422589e-01,8.776255910684447326e-01,6.195753783610762344e-01,5.146675976376655637e-01,-3.812953870539921297e-01,1.986243258404079073e-02,4.965866514305066759e-01,1.267578439147711566e-01,2.391278835815844050e-01,8.287175474784208573e-01,8.589611810194772712e-01
-2.103518452315452925e-01,-3.326613122161446029e-02,5.031149351025004240e-02,-4.231173253470111861e-01,2.743484122704629713e-01,1.566349449132118099e-01,-2.063202416071860112e-01,1.000631768007308742e-01,-2.469743649297242716e-01,3.008617986308567138e-01,1.347644650793632382e-01,-2.082422515594093970e-01,1.000000000000000000e+00,2.978344763805347295e-01,-5.507199023320319409e-01,-1.427665817354569211e-01,1.981019056412103851e-01,-1.336772268816471265e-01,-1.218254160612478043e-01,-2.427105725633157685e-01,7.090859358463674766e-01,2.554149217949694961e-01,2.710336391535366762e-01,3.634297174452482126e-01,3.032413592176363970e-01,6.229652761880945938e-02,4.632743957884037367e-01,2.306605439856124484e-01,2.227619054088854911e-01,-1.206294119732439080e-01,-2.301169147406122439e-01,1.474888616495228233e-01,7.273111918157996181e-01,8.696477077468732497e-02,8.398722587570385534e-02,4.239921684852182016e-01,1.412350962352969252e-01,-3.486516840252068539e-01,-2.652849094113280959e-01
5.948472478431611199e-01,6.164013540212254227e-01,7.220092680199643453e-01,2.790872366605102739e-01,7.742172974580272538e-01,5.069545840807300197e-01,5.153318564929471046e-01,-3.690055917592077739e-01,6.094802489240666032e-01,7.868583566471030188e-01,4.300317592089315522e-01,5.817455832360096668e-01,2.978344763805347295e-01,1.000000000000000000e+00,2.295255421747937619e-01,5.681796272079899790e-01,5.714321321043320800e-01,5.838396028127855741e-01,6.011495346588009436e-01,4.804804635155541237e-01,-2.544859263530825644e-02,5.574177121158968573e-01,7.589341658902161170e-01,6.726453195959236631e-01,6.911761050852811561e-01,6.002852252176346104e-01,6.715013072773904357e-01,2.766218030335191314e-01,6.039395090947854428e-01,6.447181248908838702e-01,5.134717893927566168e-01,6.362901483575877926e-01,1.007853645367061124e-01,4.819723989282961168e-02,5.746023005846647713e-01,4.597307146455218430e-01,4.525396980298044824e-01,5.072592562226087010e-01,5.711457103581178973e-01
6.069101686029295672e-01,3.540178059089369444e-01,4.610743522354083246e-01,7.436463573177481967e-01,2.399264842382254070e-01,9.388138335856764660e-02,7.051471625260077314e-01,-3.375527738868112082e-01,7.037101596842700868e-01,2.786027618730562150e-01,1.744252179950056270e-01,6.851862791028831001e-01,-5.507199023320319409e-01,2.295255421747937619e-01,1.000000000000000000e+00,5.115659876325390210e-01,2.540603882683651338e-01,6.249078859652578144e-01,6.081503695213762439e-01,7.314638390110971278e-01,-7.342683383384275286e-01,2.213176582398037884e-01,3.533495868904216186e-01,-5.419021425640826312e-02,2.204353548668983309e-01,2.587935951625126019e-01,1.032693964545123438e-01,-1.853022489109856508e-01,1.041496133946522712e-01,6.459700550762600413e-01,4.521087016104229916e-01,2.839910653033254073e-01,-7.269916929374190540e-01,-7.653302063095113184e-02,3.632566864302290699e-01,-2.632806789064784936e-01,1.243334014018727396e-01,7.869295312675679277e-01,6.777783536531502007e-01
8.295633042151108194e-01,6.754172793022436005e-01,7.048174062354468639e-01,5.669014058512517051e-01,6.937789983095391522e-01,3.686230898726613470e-01,7.128546179913641812e-01,-3.747474553523427176e-01,8.113109832149723033e-01,7.102725113223704589e-01,2.958014188080670404e-01,8.217315892042822423e-01,-1.427665817354569211e-01,5.681796272079899790e-01,5.115659876325390210e-01,1.000000000000000000e+00,5.292234300697589156e-01,8.037160398978909770e-01,7.706563434821939174e-01,5.413384179542287677e-01,-2.827260263934612272e-01,4.751454682818976316e-01,5.072323914821886826e-01,3.971117064081981507e-01,4.494915407447288014e-01,6.710991343882419802e-01,4.618712708402170630e-01,4.844900050426873550e-01,3.573324104959419989e-01,8.659599306833341004e-01,6.820164749417515493e-01,5.162232056298038385e-01,-2.310105067571076587e-01,4.302179869826446013e-02,4.738849949184193999e-01,3.202863109832455035e-01,2.567184805722205754e-01,7.425793685942060351e-01,8.330698439171873027e-01
5.468132704118645604e-01,6.203038816588238857e-01,5.610079340838519668e-01,8.904720968462759290e-02,5.077628541787745364e-01,6.148485233548786066e-01,3.245253067432909977e-01,-5.207258756675751110e-01,4.172331394072437694e-01,6.516144216910910725e-01,7.130155681922902833e-01,4.672093546120003049e-01,1.981019056412103851e-01,5.714321321043320800e-01,2.540603882683651338e-01,5.292234300697589156e-01,1.000000000000000000e+00,4.777931084353987945e-01,4.106619004110678706e-01,3.554924853907128202e-01,-1.275115609061527877e-01,2.425507616354989626e-01,5.266614437017074213e-01,4.672382321870067190e-01,4.989191745208789164e-01,6.899302387527751490e-01,6.600495006211235527e-01,4.728802656630021750e-01,7.210019098143836125e-01,6.026641205076742613e-01,5.393510812726769466e-01,6.847350445871278612e-01,-4.363792708330126342e-03,-1.581911998006858833e-01,6.084257561876645903e-01,4.649295008886362157e-01,5.382800338368471937e-01,4.417812808143162795e-01,4.794939900410241096e-01
7.812818443085436382e-01,6.393941934723467169e-01,7.913786105355107292e-01,7.623747892702295026e-01,7.252941538298111057e-01,4.085701625241928703e-01,8.626545946628332295e-01,-2.563074775845638476e-01,8.410751381347743028e-01,7.170185038303295011e-01,4.198194368970252222e-01,8.574947490573995301e-01,-1.336772268816471265e-01,5.838396028127855741e-01,6.249078859652578144e-01,8.037160398978909770e-01,4.777931084353987945e-01,1.000000000000000000e+00,8.865763124758069269e-01,7.597354760585726119e-01,-4.190049966101589418e-01,6.144429842116850837e-01,6.107489870677343946e-01,3.182777050666635299e-01,4.832636880257308309e-01,5.197036674398312073e-01,4.182158911118974975e-01,2.465265004281990691e-01,3.281406434226226132e-01,8.423647296612609692e-01,5.614056880447915177e-01,5.230698976724977856e-01,-3.818460459637649795e-01,-1.785707665217589890e-01,5.703536291394915025e-01,1.534787647962497781e-01,3.433262866358472998e-01,8.561244950571526013e-01,8.439247942585919038e-01
7.618658594137333040e-01,6.310023338522305902e-01,8.112998300663522011e-01,7.305887429740339778e-01,7.314922413500665188e-01,3.538862128064348966e-01,8.421566147652040923e-01,-2.490236943449670726e-01,8.565265243270215878e-01,7.157978450395572345e-01,3.641063256235140266e-01,8.175071771478095162e-01,-1.218254160612478043e-01,6.011495346588009436e-01,6.081503695213762439e-01,7.706563434821939174e-01,4.106619004110678706e-01,8.865763124758069269e-01,1.000000000000000000e+00,7.404097933251435615e-01,-3.595431104777216946e-01,6.738522798389172674e-01,5.738293226383813783e-01,3.699347815168496645e-01,4.690001403107127431e-01,4.905160028941745742e-01,3.981194630826068170e-01,1.686605217227923337e-01,3.321058143358676662e-01,8.101884351201005252e-01,5.453143623811261831e-01,5.279344833610138954e-01,-3.159117147270689707e-01,-1.091057188196829231e-01,5.472801215884505188e-01,1.532152152561577774e-01,3.151862141135984841e-01,8.238249237135853997e-01,8.491004312697534306e-01
7.057398133387561279e-01,5.736759757449810815e-01,7.038818863350114752e-01,7.879595645918661129e-01,5.030930512683309264e-01,3.277321679742296601e-01,8.154424780376618997e-01,-1.988714055830769489e-01,7.047093829519229802e-01,5.497169563088746269e-01,3.813022401806186457e-01,6.749712389743625085e-01,-2.427105725633157685e-01,4.804804635155541237e-01,7.314638390110971278e-01,5.413384179542287677e-01,3.554924853907128202e-01,7.597354760585726119e-01,7.404097933251435615e-01,1.000000000000000000e+00,-5.347469932625915634e-01,5.911057818208657055e-01,5.322661308467601105e-01,1.902191917880527994e-01,3.796267536996145164e-01,3.728418730211675580e-01,3.023912352808332260e-01,-7.602411363599094474e-02,3.386813827863783821e-01,6.656751910967745323e-01,4.228277839932050863e-01,5.075033577154700604e-01,-5.531907370679135516e-01,-3.012224032054558465e-01,5.724771780695452339e-01,1.202390250358771964e-02,3.970443545383236517e-01,8.364643287192519150e-01,7.217486559029567816e-01
-4.440169681156058701e-01,-3.039176398619399810e-01,-2.444907583529771222e-01,-5.711932203196867786e-01,3.620839556167994994e-02,-1.342431124111146679e-01,-4.846945896528681574e-01,3.368898199069162436e-01,-4.553475473540689600e-01,-4.506032111481243080e-02,-2.076840178798205760e-01,-4.488039464020995295e-01,7.090859358463674766e-01,-2.544859263530825644e-02,-7.342683383384275286e-01,-2.827260263934612272e-01,-1.275115609061527877e-01,-4.190049966101589418e-01,-3.595431104777216946e-01,-5.347469932625915634e-01,1.000000000000000000e+00,8.201783986431937512e-02,-9.764318378453576419e-02,1.060184778538343364e-01,2.205585103111530956e-02,-1.747469567996064732e-01,7.532125572576157946e-02,2.951349523835166688e-01,-6.489218892345959000e-02,-3.848363993028792174e-01,-4.002184676496280402e-01,-2.011390012850432785e-01,8.729357779679962626e-01,3.425519994334654261e-01,-2.849158683993679997e-01,3.181824385255182519e-01,-1.905510501289713610e-01,-6.260678670440438243e-01,-5.051770234055956710e-01
4.814572572638514125e-01,4.808643576914618523e-01,7.199133095911115499e-01,4.708467550668284374e-01,6.783523971496818739e-01,3.047717200065106491e-01,6.477053236138317072e-01,7.999568826478881123e-02,5.024905728358479706e-01,6.608619069266565837e-01,2.683920630040719790e-01,5.191663475603333078e-01,2.554149217949694961e-01,5.574177121158968573e-01,2.213176582398037884e-01,4.751454682818976316e-01,2.425507616354989626e-01,6.144429842116850837e-01,6.738522798389172674e-01,5.911057818208657055e-01,8.201783986431937512e-02,1.000000000000000000e+00,4.769436034322663831e-01,3.414205125129212703e-01,3.555211411976723634e-01,3.328227562961654784e-01,4.686694948146555295e-01,1.615870124003847552e-01,2.937384711574513863e-01,4.969185817308963693e-01,2.481615602659298092e-01,4.261450112213663877e-01,7.082272118232788016e-02,-1.570173521320042120e-01,4.327785695004284783e-01,2.948289322407579016e-01,2.610910751879193525e-01,4.989652778641816555e-01,5.419277031366287467e-01
5.099891420981811363e-01,4.654501416091224031e-01,6.269283831267302709e-01,4.000951458896294666e-01,6.364402349876595588e-01,5.044861070152713012e-01,5.457664583839489936e-01,-2.990982779024712879e-01,6.006802566550871747e-01,7.393630507530529750e-01,3.807737684007821977e-01,5.690106519343578473e-01,2.710336391535366762e-01,7.589341658902161170e-01,3.533495868904216186e-01,5.072323914821886826e-01,5.266614437017074213e-01,6.107489870677343946e-01,5.738293226383813783e-01,5.322661308467601105e-01,-9.764318378453576419e-02,4.769436034322663831e-01,1.000000000000000000e+00,5.692446114108947741e-01,8.238818075449415579e-01,4.215398158504871096e-01,5.758376699176988023e-01,1.269295191561135294e-01,4.886916556514206422e-01,6.489117301766794688e-01,3.684000684579310514e-01,5.292434320473434761e-01,-4.784141273915214210e-02,7.055819468975840433e-03,5.783491689228351662e-01,2.794802748555632599e-01,3.931324493093571459e-01,5.194965094265304728e-01,4.964046382768152466e-01
4.268408021945209185e-01,5.719414548196075643e-01,5.034740965949729974e-01,-2.831529315783027061e-03,5.557227667658947157e-01,5.995097775919859817e-01,2.331176296168485373e-01,-2.928091311100811667e-01,3.531940088965455082e-01,6.649873908381777055e-01,4.093730896307205547e-01,3.033699109460386567e-01,3.634297174452482126e-01,6.726453195959236631e-01,-5.419021425640826312e-02,3.971117064081981507e-01,4.672382321870067190e-01,3.182777050666635299e-01,3.699347815168496645e-01,1.902191917880527994e-01,1.060184778538343364e-01,3.414205125129212703e-01,5.692446114108947741e-01,1.000000000000000000e+00,6.289893220896335402e-01,6.162573534410635823e-01,6.240473251503224628e-01,3.598100445736876485e-01,6.360236277773197999e-01,4.000501612182327804e-01,4.859363021371396751e-01,6.359932219414117238e-01,2.308498472641414556e-01,-1.934945267856233789e-02,5.323220573444892301e-01,5.470398782352393630e-01,5.768432239616673174e-01,2.318184466773101360e-01,3.656968783322677163e-01
4.058307974537267993e-01,3.926250055083499446e-01,5.465334847983993605e-01,2.620927785266684018e-01,5.876695228822134132e-01,5.415247015952954213e-01,3.871232177299664401e-01,-2.859096427495034787e-01,5.087911276907469693e-01,6.863630389279489208e-01,4.214010595617788124e-01,4.592519081880924725e-01,3.032413592176363970e-01,6.911761050852811561e-01,2.204353548668983309e-01,4.494915407447288014e-01,4.989191745208789164e-01,4.832636880257308309e-01,4.690001403107127431e-01,3.796267536996145164e-01,2.205585103111530956e-02,3.555211411976723634e-01,8.238818075449415579e-01,6.289893220896335402e-01,1.000000000000000000e+00,3.868233311697894528e-01,5.240002267987554641e-01,2.518516687887332739e-01,4.390191673834111241e-01,5.437546340572657622e-01,3.798826022347190356e-01,4.770017945293512640e-01,9.163333759994368721e-02,1.461168901465354497e-01,4.205254239627208568e-01,2.856785659062090477e-01,3.416585468563397288e-01,3.708492058898363863e-01,3.667906527704144493e-01
7.436268247786864682e-01,8.270995371496677739e-01,6.692175940893467789e-01,1.661084294285716523e-01,5.802526657445471470e-01,5.676057190592921353e-01,4.030947001130468776e-01,-5.143498890277043989e-01,5.391281906958967918e-01,7.168427366260470279e-01,5.427327963262822408e-01,5.578891055310404301e-01,6.229652761880945938e-02,6.002852252176346104e-01,2.587935951625126019e-01,6.710991343882419802e-01,6.899302387527751490e-01,5.197036674398312073e-01,4.905160028941745742e-01,3.728418730211675580e-01,-1.747469567996064732e-01,3.328227562961654784e-01,4.215398158504871096e-01,6.162573534410635823e-01,3.868233311697894528e-01,1.000000000000000000e+00,7.536237592774508443e-01,5.889781512644447492e-01,7.070290018941189913e-01,6.465532055455172067e-01,8.014091954136017826e-01,7.842868027494580563e-01,-1.957861046893097368e-02,-1.284243247990413950e-01,6.582489828615568639e-01,6.766979809970579129e-01,6.398454232779673401e-01,5.120565762785184161e-01,6.459577050494831330e-01
5.222089820314768094e-01,6.432083594088722212e-01,6.489993108405754940e-01,4.528072366297486440e-02,6.002799386308298457e-01,5.760140005747920178e-01,3.504000069974156362e-01,-4.582816594664908538e-01,3.909205832796389113e-01,7.720549874477153907e-01,5.438998727227527530e-01,4.456999801238751835e-01,4.632743957884037367e-01,6.715013072773904357e-01,1.032693964545123438e-01,4.618712708402170630e-01,6.600495006211235527e-01,4.182158911118974975e-01,3.981194630826068170e-01,3.023912352808332260e-01,7.532125572576157946e-02,4.686694948146555295e-01,5.758376699176988023e-01,6.240473251503224628e-01,5.240002267987554641e-01,7.536237592774508443e-01,1.000000000000000000e+00,4.293902900418304358e-01,6.541580709048016029e-01,5.258231680027362076e-01,5.976840812916687229e-01,7.076072768974408511e-01,2.119525295431024525e-01,-9.399961057465423819e-02,6.180968142590191894e-01,6.548235400511144277e-01,5.417218391337369487e-01,3.439860021926181011e-01,4.537237780548806221e-01
3.134050794483503322e-01,4.173551788325718936e-01,2.987573631913155725e-01,-1.193924875716511763e-01,4.029301106293032841e-01,3.867795016641811801e-01,3.836314212972830734e-02,-8.161380979823860959e-02,1.795579249977812819e-01,4.146551246012934455e-01,3.092104264151323556e-01,2.491678101548101543e-01,2.306605439856124484e-01,2.766218030335191314e-01,-1.853022489109856508e-01,4.844900050426873550e-01,4.728802656630021750e-01,2.465265004281990691e-01,1.686605217227923337e-01,-7.602411363599094474e-02,2.951349523835166688e-01,1.615870124003847552e-01,1.269295191561135294e-01,3.598100445736876485e-01,2.518516687887332739e-01,5.889781512644447492e-01,4.293902900418304358e-01,1.000000000000000000e+00,3.594835745804831340e-01,3.045598331301248574e-01,4.203998302332321857e-01,3.433965806567403356e-01,3.842412240295202674e-01,1.380425059309749736e-01,1.895241885292223427e-01,6.108867733543368317e-01,2.600065203978000894e-01,5.129945386627059872e-02,2.093344277815901711e-01
5.142876894517171005e-01,6.941530262849462396e-01,5.344815911254627849e-01,1.861661428642467919e-02,4.356770522093493803e-01,6.474100865575934671e-01,2.327261638621444806e-01,-3.754222110933377876e-01,2.981602472557414174e-01,6.457146566079913219e-01,5.785076282679397774e-01,3.036089751425422589e-01,2.227619054088854911e-01,6.039395090947854428e-01,1.041496133946522712e-01,3.573324104959419989e-01,7.210019098143836125e-01,3.281406434226226132e-01,3.321058143358676662e-01,3.386813827863783821e-01,-6.489218892345959000e-02,2.937384711574513863e-01,4.886916556514206422e-01,6.360236277773197999e-01,4.390191673834111241e-01,7.070290018941189913e-01,6.541580709048016029e-01,3.594835745804831340e-01,1.000000000000000000e+00,4.159966837047280874e-01,5.112851648830246676e-01,8.021801910045268658e-01,6.949446942693981999e-02,-2.388818726120417457e-01,7.590442381861788324e-01,6.251939525388203744e-01,7.609368017207713830e-01,3.355764969416291099e-01,4.097948517931732648e-01
8.281546346827454164e-01,6.751383385244178470e-01,7.766809020970564248e-01,6.287107691173238200e-01,7.284072276186168704e-01,4.199694555732673140e-01,7.814999981617850588e-01,-4.721885615839780947e-01,8.797893302451499364e-01,7.436362633801749666e-01,4.168188288337438263e-01,8.776255910684447326e-01,-1.206294119732439080e-01,6.447181248908838702e-01,6.459700550762600413e-01,8.659599306833341004e-01,6.026641205076742613e-01,8.423647296612609692e-01,8.101884351201005252e-01,6.656751910967745323e-01,-3.848363993028792174e-01,4.969185817308963693e-01,6.489117301766794688e-01,4.000501612182327804e-01,5.437546340572657622e-01,6.465532055455172067e-01,5.258231680027362076e-01,3.045598331301248574e-01,4.159966837047280874e-01,1.000000000000000000e+00,6.665426218134370417e-01,5.815916130371711068e-01,-3.057526775564676225e-01,1.412566865840516293e-02,5.442831711360174296e-01,2.567154931403952678e-01,2.979181824512877608e-01,8.228488422706673466e-01,8.579725760966995241e-01
7.517745644010821460e-01,7.385404504716041041e-01,6.590616938716290507e-01,3.140024418457669775e-01,5.195834917351744853e-01,4.875885356417855032e-01,4.845591898921396412e-01,-5.941907128259023008e-01,6.327197129754743576e-01,6.175669697621092302e-01,4.910417635249738622e-01,6.195753783610762344e-01,-2.301169147406122439e-01,5.134717893927566168e-01,4.521087016104229916e-01,6.820164749417515493e-01,5.393510812726769466e-01,5.614056880447915177e-01,5.453143623811261831e-01,4.228277839932050863e-01,-4.002184676496280402e-01,2.481615602659298092e-01,3.684000684579310514e-01,4.859363021371396751e-01,3.798826022347190356e-01,8.014091954136017826e-01,5.976840812916687229e-01,4.203998302332321857e-01,5.112851648830246676e-01,6.665426218134370417e-01,1.000000000000000000e+00,6.214324919867955099e-01,-2.487647864780960227e-01,-7.128476515132679825e-02,5.174201671628549937e-01,4.122832208292115941e-01,4.524995756234413413e-01,6.206390539257220507e-01,7.078198018266941283e-01
6.724234375688048493e-01,8.049969711890301305e-01,6.701231033658761049e-01,2.387590615009415884e-01,5.423407112384798223e-01,6.072151001233200285e-01,4.514344020674683766e-01,-4.355124797108131940e-01,4.785123663646098646e-01,7.454963141009208760e-01,5.866319478136521326e-01,5.146675976376655637e-01,1.474888616495228233e-01,6.362901483575877926e-01,2.839910653033254073e-01,5.162232056298038385e-01,6.847350445871278612e-01,5.230698976724977856e-01,5.279344833610138954e-01,5.075033577154700604e-01,-2.011390012850432785e-01,4.261450112213663877e-01,5.292434320473434761e-01,6.359932219414117238e-01,4.770017945293512640e-01,7.842868027494580563e-01,7.076072768974408511e-01,3.433965806567403356e-01,8.021801910045268658e-01,5.815916130371711068e-01,6.214324919867955099e-01,1.000000000000000000e+00,-7.035433063865891012e-02,-2.811964293955693250e-01,7.850641005128126126e-01,5.560655499152904468e-01,8.073320806196003785e-01,5.269025751024026816e-01,6.101146911185336696e-01
-3.931416482845727645e-01,-2.052724781546990951e-01,-1.277724065806822573e-01,-6.346244395734628174e-01,1.371194502099649382e-01,-5.031863547706371710e-03,-4.910129666411505722e-01,2.195404945874285529e-01,-3.821286789042789289e-01,5.007732312805391467e-02,-6.416865735719243236e-02,-3.812953870539921297e-01,7.273111918157996181e-01,1.007853645367061124e-01,-7.269916929374190540e-01,-2.310105067571076587e-01,-4.363792708330126342e-03,-3.818460459637649795e-01,-3.159117147270689707e-01,-5.531907370679135516e-01,8.729357779679962626e-01,7.082272118232788016e-02,-4.784141273915214210e-02,2.308498472641414556e-01,9.163333759994368721e-02,-1.957861046893097368e-02,2.119525295431024525e-01,3.842412240295202674e-01,6.949446942693981999e-02,-3.057526775564676225e-01,-2.487647864780960227e-01,-7.035433063865891012e-02,1.000000000000000000e+00,3.741535295883310908e-01,-2.282672554815196597e-01,4.311886696616395453e-01,-9.760963366543591591e-02,-5.997274696713132958e-01,-4.468237146396993875e-01
-1.614851135985136688e-01,-3.026550501220156009e-01,-1.451992754830900845e-01,-1.390963571449093383e-01,8.001589420135342412e-02,-2.345257570907966493e-01,-1.533548310468269837e-01,5.900858472678080502e-02,7.740114273235397524e-02,-8.945246423744802888e-02,-3.684907646028623973e-01,1.986243258404079073e-02,8.696477077468732497e-02,4.819723989282961168e-02,-7.653302063095113184e-02,4.302179869826446013e-02,-1.581911998006858833e-01,-1.785707665217589890e-01,-1.091057188196829231e-01,-3.012224032054558465e-01,3.425519994334654261e-01,-1.570173521320042120e-01,7.055819468975840433e-03,-1.934945267856233789e-02,1.461168901465354497e-01,-1.284243247990413950e-01,-9.399961057465423819e-02,1.380425059309749736e-01,-2.388818726120417457e-01,1.412566865840516293e-02,-7.128476515132679825e-02,-2.811964293955693250e-01,3.741535295883310908e-01,1.000000000000000000e+00,-3.844763273248099078e-01,-7.057046285495309490e-02,-4.743051151634950502e-01,-2.193227254299293938e-01,-1.538249833945419254e-01
6.519893326140577816e-01,7.208734049795921806e-01,6.096066376040791823e-01,3.551754589899955850e-01,4.571011010531078056e-01,5.829842472854882551e-01,5.302206034627890974e-01,-2.944813604831398868e-01,4.691825814681486184e-01,6.911142412450385075e-01,5.124022562047482188e-01,4.965866514305066759e-01,8.398722587570385534e-02,5.746023005846647713e-01,3.632566864302290699e-01,4.738849949184193999e-01,6.084257561876645903e-01,5.703536291394915025e-01,5.472801215884505188e-01,5.724771780695452339e-01,-2.849158683993679997e-01,4.327785695004284783e-01,5.783491689228351662e-01,5.323220573444892301e-01,4.205254239627208568e-01,6.582489828615568639e-01,6.180968142590191894e-01,1.895241885292223427e-01,7.590442381861788324e-01,5.442831711360174296e-01,5.174201671628549937e-01,7.850641005128126126e-01,-2.282672554815196597e-01,-3.844763273248099078e-01,1.000000000000000000e+00,4.284604553444142372e-01,8.014052795981065902e-01,5.798122005533230539e-01,5.954614836789388077e-01
3.648697544349084887e-01,5.908668809759821672e-01,4.217818717945445162e-01,-2.150482668484674786e-01,4.253518198152909657e-01,4.605762439333556668e-01,1.227661946176534548e-02,-2.543490622636735421e-01,1.395751918546295212e-01,5.658176340577750763e-01,3.592753210966006527e-01,1.267578439147711566e-01,4.239921684852182016e-01,4.597307146455218430e-01,-2.632806789064784936e-01,3.202863109832455035e-01,4.649295008886362157e-01,1.534787647962497781e-01,1.532152152561577774e-01,1.202390250358771964e-02,3.181824385255182519e-01,2.948289322407579016e-01,2.794802748555632599e-01,5.470398782352393630e-01,2.856785659062090477e-01,6.766979809970579129e-01,6.548235400511144277e-01,6.108867733543368317e-01,6.251939525388203744e-01,2.567154931403952678e-01,4.122832208292115941e-01,5.560655499152904468e-01,4.311886696616395453e-01,-7.057046285495309490e-02,4.284604553444142372e-01,1.000000000000000000e+00,4.853824048129836699e-01,5.489199750952154094e-02,2.234837925809373960e-01
4.784524156651164262e-01,6.761748336354722611e-01,4.678348653592208639e-01,1.023152678635874807e-01,3.115088984381200743e-01,5.962269076653320399e-01,2.548640124884072877e-01,-2.540824160110881635e-01,2.175514132516891130e-01,5.448660157311915331e-01,5.779575931578904147e-01,2.391278835815844050e-01,1.412350962352969252e-01,4.525396980298044824e-01,1.243334014018727396e-01,2.567184805722205754e-01,5.382800338368471937e-01,3.433262866358472998e-01,3.151862141135984841e-01,3.970443545383236517e-01,-1.905510501289713610e-01,2.610910751879193525e-01,3.931324493093571459e-01,5.768432239616673174e-01,3.416585468563397288e-01,6.398454232779673401e-01,5.417218391337369487e-01,2.600065203978000894e-01,7.609368017207713830e-01,2.979181824512877608e-01,4.524995756234413413e-01,8.073320806196003785e-01,-9.760963366543591591e-02,-4.743051151634950502e-01,8.014052795981065902e-01,4.853824048129836699e-01,1.000000000000000000e+00,3.493312848724983710e-01,3.725097507644973271e-01
8.427995360478385267e-01,6.701925963266071040e-01,7.447347125719615546e-01,8.006936405570530546e-01,5.714120428101298055e-01,3.373104298691755876e-01,8.649846207556914912e-01,-3.991232769341095943e-01,8.385808162742299787e-01,6.057336595014807257e-01,3.883433819888889027e-01,8.287175474784208573e-01,-3.486516840252068539e-01,5.072592562226087010e-01,7.869295312675679277e-01,7.425793685942060351e-01,4.417812808143162795e-01,8.561244950571526013e-01,8.238249237135853997e-01,8.364643287192519150e-01,-6.260678670440438243e-01,4.989652778641816555e-01,5.194965094265304728e-01,2.318184466773101360e-01,3.708492058898363863e-01,5.120565762785184161e-01,3.439860021926181011e-01,5.129945386627059872e-02,3.355764969416291099e-01,8.228488422706673466e-01,6.206390539257220507e-01,5.269025751024026816e-01,-5.997274696713132958e-01,-2.193227254299293938e-01,5.798122005533230539e-01,5.489199750952154094e-02,3.493312848724983710e-01,1.000000000000000000e+00,8.832180832843141705e-01
8.829461911338110092e-01,7.513873594210725981e-01,7.687672176370733412e-01,7.068563306464324958e-01,6.475321472794325350e-01,3.887513978978386908e-01,8.347949943258080596e-01,-4.295871904190803892e-01,8.513472987836927519e-01,6.845673239786888020e-01,3.665600331548493629e-01,8.589611810194772712e-01,-2.652849094113280959e-01,5.711457103581178973e-01,6.777783536531502007e-01,8.330698439171873027e-01,4.794939900410241096e-01,8.439247942585919038e-01,8.491004312697534306e-01,7.217486559029567816e-01,-5.051770234055956710e-01,5.419277031366287467e-01,4.964046382768152466e-01,3.656968783322677163e-01,3.667906527704144493e-01,6.459577050494831330e-01,4.537237780548806221e-01,2.093344277815901711e-01,4.097948517931732648e-01,8.579725760966995241e-01,7.078198018266941283e-01,6.101146911185336696e-01,-4.468237146396993875e-01,-1.538249833945419254e-01,5.954614836789388077e-01,2.234837925809373960e-01,3.725097507644973271e-01,8.832180832843141705e-01,1.000000000000000000e+00
