1.000000000000000000e+00,7.111588514260378524e-01,5.774169131925372955e-01,-2.398565187853167746e-01,7.424422736175090298e-01,4.190925005856709351e-01,-8.113576993762412759e-02,-5.396107079258470884e-01,6.659481361859542758e-01,7.587085140554747920e-01,5.108279858895606873e-01,4.232249147432966263e-02,-5.022291638548336268e-01,5.988859978005069973e-01,-1.815585339247265950e-01,7.503699694597925074e-01,6.424732264433460349e-01,5.636882052027315515e-01,3.347133280045165304e-01,8.642919250261156539e-02,2.900472871060127619e-02,-5.329165804551157237e-02,6.871227579103554861e-01,3.664752112645793813e-01,5.719719603938031582e-01,8.488790764720491877e-01,7.563969632127165443e-01,7.453263370843119517e-01,7.703314690921468921e-01,6.351380587979982284e-01,5.842997688252611344e-01,7.365071031809725666e-01,3.683372180948176200e-01,4.647244219975167900e-01,6.693282354235263742e-01,6.300416455956520112e-01,7.494996165221674556e-01,7.592038496793471758e-01,4.977394369147233322e-01
7.111588514260378524e-01,1.000000000000000000e+00,4.652047763431537142e-01,-4.288227162283657634e-01,7.037004738806209581e-01,2.887243274810386007e-01,-1.436572951905140949e-01,-4.374190992110991716e-01,6.302116111551266942e-01,7.784089318863741669e-01,4.135003328091430563e-01,-1.009044367946281828e-01,-5.091244946940315375e-01,4.195076276012547623e-01,-3.155524922853885639e-01,7.216240792079290367e-01,4.902039479858877336e-01,3.858392848271484654e-01,1.794242539150781579e-01,-1.418506779799402762e-01,-1.380266864330112753e-01,-1.760912908956238088e-01,6.666660011056538826e-01,2.633922423986144179e-01,4.754987610146302335e-01,6.621825343696072785e-01,6.691065537395148866e-01,6.869065189484370171e-01,6.635027949472200870e-01,6.653071479794994136e-01,7.150404104786034498e-01,6.797530729497807123e-01,3.061500591663680604e-01,4.617715689330500473e-01,6.418306561511896158e-01,6.072253395546156618e-01,6.531194617884377163e-01,5.134227853316214452e-01,4.305532953833837162e-01
5.774169131925372955e-01,4.652047763431537142e-01,1.000000000000000000e+00,-1.484020752896769157e-01,7.026700938448953160e-01,3.331248628703390446e-01,4.476804385272444009e-02,-9.055596004964454604e-01,6.972673252993227822e-01,5.584475617290295402e-01,3.818328067063685993e-01,9.240298787761111465e-02,-1.812684406015757643e-01,7.793486308768984294e-01,-8.330421775372863491e-02,4.912127218664242290e-01,4.872598746682661464e-01,6.333961779713279672e-01,4.721944092483175148e-01,2.284336826343451587e-01,5.503447758513607679e-01,3.538223262194969965e-01,6.078747169869739286e-01,4.015570304814288782e-01,5.338035508803169460e-01,5.220892144424651438e-01,4.652031482191856249e-01,6.226032742688510924e-01,4.957648198889064162e-01,6.457588269529310754e-01,3.882888777385937185e-01,5.381187320266400675e-01,6.195861139798344297e-01,3.782322540521835808e-01,5.097201652676440764e-01,4.632745228499975387e-01,5.042019247379403435e-01,6.443658028974078578e-01,5.572021352852722931e-01
-2.398565187853167746e-01,-4.288227162283657634e-01,-1.484020752896769157e-01,1.000000000000000000e+00,-3.193564902662573979e-01,-1.472571254021233789e-01,-2.989820925938702079e-01,1.362734856308611409e-01,-1.795173302197684562e-01,-3.062365623745311738e-01,-2.635922593922979118e-01,6.470004668571380790e-01,2.931802832178253548e-01,-1.710273217513941513e-01,6.351887808065941332e-01,-1.377860021416348335e-01,-3.619370215723927142e-01,2.548271805197125373e-01,3.494427211495569896e-01,4.831759702437023463e-01,7.776770673166173709e-02,3.079318828220148352e-01,-2.460458770654667948e-01,-1.157228593062469557e-01,-1.202368021779996327e-01,-2.549134234246684949e-01,-1.998783586757764963e-01,-5.525675959135221138e-01,-2.204580258295361639e-01,-3.610085516262000471e-01,-6.913566009882602392e-01,-1.657347974290465376e-01,-4.513809241927522753e-01,-3.023038028239664055e-01,-3.216148268666595422e-01,-3.140071015964889800e-01,-2.372614896422409747e-01,-1.941352845020585544e-03,-1.100874987182973858e-01
7.424422736175090298e-01,7.037004738806209581e-01,7.026700938448953160e-01,-3.193564902662573979e-01,1.000000000000000000e+00,3.345414918452601083e-01,-1.021510334671585501e-01,-6.537018811426167364e-01,8.369366449624914273e-01,7.546736930008974831e-01,4.216490692350998715e-01,2.508086090078123429e-03,-4.685746932898569583e-01,6.757010011769746249e-01,-2.685075227154783972e-01,6.827334545361410933e-01,5.728185605034671335e-01,6.139548236621247268e-01,3.639794778137449560e-01,1.210885781895902347e-01,7.726264177020875090e-02,-5.391378209688718615e-02,6.692360083771662360e-01,4.215775824495843760e-01,5.935958904447612428e-01,7.415201535138528088e-01,7.450099379193568794e-01,7.727518265156184674e-01,6.999721780400287585e-01,7.704636388436452155e-01,6.693546559493038783e-01,6.968772272242242938e-01,5.384812838178185679e-01,4.529643651111990299e-01,6.045624441963697304e-01,6.286540568673204543e-01,6.395496279055592481e-01,7.191721073852422874e-01,5.529647462980288308e-01
4.190925005856709351e-01,2.887243274810386007e-01,3.331248628703390446e-01,-1.472571254021233789e-01,3.345414918452601083e-01,1.000000000000000000e+00,1.694304287053770008e-01,-3.030405333734059736e-01,2.289314166069768564e-01,2.702261998468484805e-01,7.654500459169039095e-01,-3.820507762768939649e-05,-1.589444436329296162e-01,3.258714983400920473e-01,-8.726840978432626184e-02,2.276920054829171813e-01,6.291905476908475903e-01,2.710631921653426368e-01,2.334352299166330413e-01,1.096067391668482105e-01,1.235490041479766210e-01,-3.055785933940172172e-02,4.368816241545035450e-01,5.329863530936190807e-01,6.256809542634796939e-01,4.167933874745964329e-01,3.343659323392637051e-01,3.987633829458661627e-01,5.335143442322788365e-01,1.517277577573345471e-01,2.927549820882136000e-01,5.307603042552780925e-01,2.702192059430075788e-01,3.229168037828236137e-01,4.694468297041241578e-01,2.230154986885796164e-01,5.784081649557758498e-01,3.492470130227662839e-01,1.208139173581890963e-01
-8.113576993762412759e-02,-1.436572951905140949e-01,4.476804385272444009e-02,-2.989820925938702079e-01,-1.021510334671585501e-01,1.694304287053770008e-01,1.000000000000000000e+00,-4.861434169449582038e-02,-1.769292747252277365e-01,-7.554765590623666038e-02,2.248795154266432506e-01,-4.816524406330910946e-01,8.765199072817876635e-02,1.073943751559296028e-01,-3.486221194043929161e-01,-2.106202484448065904e-01,1.621573166601812110e-01,-2.541696271107884986e-01,-2.385707832490885638e-01,-2.931289528773203812e-01,2.679645595985154505e-01,1.456533136218980673e-02,-7.475773678903503694e-02,1.216448171910922971e-01,-2.052049555114592028e-02,-1.107496989520058289e-01,-2.036844860898181231e-01,1.669831756766216868e-01,-9.622857826580724638e-02,9.362820802695176817e-03,1.316393009887314447e-01,-1.907869601707018192e-01,3.529230472813965624e-01,5.093354025524306217e-02,8.930052354610318321e-02,1.084075089845681489e-01,-2.718390837002795588e-02,-1.964904795716425623e-01,-4.672308442951262817e-04
-5.396107079258470884e-01,-4.374190992110991716e-01,-9.055596004964454604e-01,1.362734856308611409e-01,-6.537018811426167364e-01,-3.030405333734059736e-01,-4.861434169449582038e-02,1.000000000000000000e+00,-6.416404058671213440e-01,-5.087153795297063574e-01,-3.376908272665283262e-01,-1.059194814181747685e-01,1.849230918599492068e-01,-7.345954860632556427e-01,6.266400390672254017e-02,-4.420769227792180622e-01,-4.315290057981417404e-01,-5.867900953777438477e-01,-4.268899326587581311e-01,-1.928736395757575661e-01,-5.645718723301227371e-01,-3.811313933117191355e-01,-5.608706010609856296e-01,-3.752327525070748848e-01,-4.873658923469583737e-01,-4.831460664690450102e-01,-4.290611078682248225e-01,-5.729821899760563220e-01,-4.695863691302630816e-01,-6.119280617122624388e-01,-3.433702739672724880e-01,-4.978966250659208059e-01,-5.633787995326194897e-01,-3.514055896953811042e-01,-4.877004295799500233e-01,-4.249890923388501274e-01,-4.816822378086826895e-01,-5.966468292924246297e-01,-5.005445132437681410e-01
6.659481361859542758e-01,6.302116111551266942e-01,6.972673252993227822e-01,-1.795173302197684562e-01,8.369366449624914273e-01,2.289314166069768564e-01,-1.769292747252277365e-01,-6.416404058671213440e-01,1.000000000000000000e+00,7.142675012851942284e-01,3.453898941896125230e-01,1.191451163784422868e-01,-3.091344853482082544e-01,6.853853723723781766e-01,-1.119253641647857539e-01,6.399361938443097753e-01,4.989869198245897031e-01,6.798405183840640076e-01,4.527392737212288520e-01,2.207126364453965151e-01,1.938210028196769852e-01,2.588408900773658122e-02,6.429073294718471443e-01,3.246735920216405891e-01,5.443522131907715389e-01,6.262213269113302561e-01,6.437800841111428474e-01,6.576419415956185066e-01,5.505941378392480434e-01,7.792676610924870184e-01,5.343896073065048657e-01,5.957914426742672021e-01,5.595245549004841390e-01,3.794751180558278980e-01,4.926952842782649777e-01,5.748839328536323734e-01,4.935674626100066686e-01,7.509623304934561761e-01,6.754883487728499114e-01
7.587085140554747920e-01,7.784089318863741669e-01,5.584475617290295402e-01,-3.062365623745311738e-01,7.546736930008974831e-01,2.702261998468484805e-01,-7.554765590623666038e-02,-5.087153795297063574e-01,7.142675012851942284e-01,1.000000000000000000e+00,4.679113988148474457e-01,-7.565809191577965720e-02,-4.448914241500320221e-01,5.507171637964316524e-01,-3.029589359962768236e-01,8.439758944836889265e-01,5.665003799097364512e-01,5.608091025295288690e-01,2.794272511449044649e-01,-5.761100279019867182e-02,-1.414384648504406206e-02,-6.668828672591130269e-02,7.284176976762165578e-01,2.509019988854541139e-01,5.393472157901885167e-01,7.178646567533996103e-01,7.302478597080930278e-01,7.286933480640107597e-01,6.666556425970012745e-01,7.890613486469999494e-01,7.007198231994890003e-01,6.855191026593285830e-01,4.079543632748592885e-01,4.910559210479577552e-01,6.438517778932172364e-01,7.995126321955834392e-01,6.607058731170254440e-01,6.311693520966384918e-01,5.698716859055712458e-01
5.108279858895606873e-01,4.135003328091430563e-01,3.818328067063685993e-01,-2.635922593922979118e-01,4.216490692350998715e-01,7.654500459169039095e-01,2.248795154266432506e-01,-3.376908272665283262e-01,3.453898941896125230e-01,4.679113988148474457e-01,1.000000000000000000e+00,-1.780642128542944125e-01,-2.603219787845574840e-01,3.982356557262106689e-01,-2.656043075802532738e-01,3.433650670451536824e-01,7.883385918371178525e-01,3.116508108081467165e-01,1.330736480845859104e-01,-1.180514096917546218e-01,1.817671859940823420e-01,-9.814645087901206766e-02,5.818777825154500816e-01,4.613093513553943592e-01,5.958785504019078472e-01,4.619051560264637590e-01,4.116239896934509312e-01,4.897017665028330913e-01,5.139258655328831082e-01,3.370380864873682714e-01,4.762656632157621917e-01,5.018152778865871966e-01,4.458781763875466764e-01,3.309760509149772822e-01,5.241859042655366840e-01,4.061128077462257679e-01,5.729425895888197173e-01,4.116657787251348233e-01,3.882601553980326026e-01
4.232249147432966263e-02,-1.009044367946281828e-01,9.240298787761111465e-02,6.470004668571380790e-01,2.508086090078123429e-03,-3.820507762768939649e-05,-4.816524406330910946e-01,-1.059194814181747685e-01,1.191451163784422868e-01,-7.565809191577965720e-02,-1.780642128542944125e-01,1.000000000000000000e+00,2.775485949514654993e-01,1.179779634271592784e-02,8.279767171814099713e-01,1.485687062468261377e-01,-2.429810137612064547e-01,5.042286089657865844e-01,6.306401010423835496e-01,6.629657912620310345e-01,-2.386192308757939529e-02,4.155749244651953389e-01,5.045362936711489388e-02,3.082440645627204656e-02,2.350596084369616368e-01,9.697414392596261090e-02,1.599369959001287755e-01,-2.306242464829619809e-01,1.574803860660953236e-01,-1.007433316531104184e-01,-4.682361269827125527e-01,1.664582729164063024e-01,-4.106365084141140875e-01,1.266119961959806250e-01,-8.703817256185102103e-02,-9.169953152728299584e-02,8.064129619342558231e-02,2.346592250417799952e-01,-5.531519816098255660e-02
-5.022291638548336268e-01,-5.091244946940315375e-01,-1.812684406015757643e-01,2.931802832178253548e-01,-4.685746932898569583e-01,-1.589444436329296162e-01,8.765199072817876635e-02,1.849230918599492068e-01,-3.091344853482082544e-01,-4.448914241500320221e-01,-2.603219787845574840e-01,2.775485949514654993e-01,1.000000000000000000e+00,-1.809696337588277970e-01,4.887747385625620389e-01,-3.823154708328949103e-01,-3.949005681446288163e-01,-7.879883743193248635e-02,1.260000046724774059e-01,2.031880171039470162e-01,2.448487269331472982e-01,4.077529493590610898e-01,-2.821234390733124986e-01,-1.658272727152255988e-01,-1.607900959836381927e-01,-5.179482602093592458e-01,-5.326693529064485677e-01,-4.229794823330529363e-01,-4.900645159486055613e-01,-2.907393494330349215e-01,-5.316565922385787513e-01,-4.603926913879649585e-01,-1.471840191929088548e-01,-9.217890910953906169e-02,-3.994754941954897220e-01,-2.959150574675495915e-01,-4.739654898627685409e-01,-3.177153465009630029e-01,-1.343214145274353732e-01
5.988859978005069973e-01,4.195076276012547623e-01,7.793486308768984294e-01,-1.710273217513941513e-01,6.757010011769746249e-01,3.258714983400920473e-01,1.073943751559296028e-01,-7.345954860632556427e-01,6.853853723723781766e-01,5.507171637964316524e-01,3.982356557262106689e-01,1.179779634271592784e-02,-1.809696337588277970e-01,1.000000000000000000e+00,-1.323813529520292132e-01,5.026585747949589011e-01,5.426785336176568331e-01,6.011625316696307397e-01,4.714886028623148650e-01,2.473689874946139455e-01,4.642478881927101231e-01,1.905594393685373644e-01,6.134301872134042544e-01,5.081421678117606922e-01,5.585755198178916636e-01,5.391903629147303256e-01,4.666558821337201124e-01,6.385274136892178376e-01,4.546301578182360692e-01,6.279533221622067840e-01,4.171092056334209652e-01,5.253574992084304451e-01,6.709972369501456813e-01,3.564612938133248643e-01,5.327572240172608886e-01,4.731555050145373476e-01,5.057424752271448831e-01,6.729807516251778976e-01,6.225289386683504622e-01
-1.815585339247265950e-01,-3.155524922853885639e-01,-8.330421775372863491e-02,6.351887808065941332e-01,-2.685075227154783972e-01,-8.726840978432626184e-02,-3.486221194043929161e-01,6.266400390672254017e-02,-1.119253641647857539e-01,-3.029589359962768236e-01,-2.656043075802532738e-01,8.279767171814099713e-01,4.887747385625620389e-01,-1.323813529520292132e-01,1.000000000000000000e+00,-7.783205600315035166e-02,-3.791898294204707476e-01,2.680751532805931148e-01,5.236814804114321431e-01,6.067204187964926332e-01,2.000645167177278819e-02,4.801602767250713333e-01,-1.096302748973071173e-01,-6.768146140715473880e-02,6.340092497586460873e-02,-1.554750608993123173e-01,-1.084074901466836882e-01,-4.047628911871982149e-01,-9.456162875629590958e-02,-2.864544989788825879e-01,-6.137744103184978872e-01,-6.786303104285426602e-02,-4.589768751100373745e-01,1.696590233126784447e-02,-2.674127634933944342e-01,-2.730519032263211687e-01,-1.400005548838225422e-01,1.843666732582579983e-03,-1.560033575361371438e-01
7.503699694597925074e-01,7.216240792079290367e-01,4.912127218664242290e-01,-1.377860021416348335e-01,6.827334545361410933e-01,2.276920054829171813e-01,-2.106202484448065904e-01,-4.420769227792180622e-01,6.399361938443097753e-01,8.439758944836889265e-01,3.433650670451536824e-01,1.485687062468261377e-01,-3.823154708328949103e-01,5.026585747949589011e-01,-7.783205600315035166e-02,1.000000000000000000e+00,4.421498252568806797e-01,6.240378790928923225e-01,4.067835396971262729e-01,1.227240021159080596e-01,-1.077597084415744394e-01,3.206098457845305005e-02,6.795262232676643199e-01,3.003545528293296574e-01,5.383128084278145931e-01,7.336737468695260223e-01,7.413438128132718852e-01,6.521563845846340968e-01,7.047720360415165031e-01,6.907819777660727523e-01,5.480565936065451282e-01,7.449611645838583041e-01,2.087318736729043833e-01,4.990236545735634577e-01,6.161049391728482538e-01,7.257292515755899842e-01,7.081943408545257057e-01,6.226373763746940737e-01,4.331109279286561864e-01
6.424732264433460349e-01,4.902039479858877336e-01,4.872598746682661464e-01,-3.619370215723927142e-01,5.728185605034671335e-01,6.291905476908475903e-01,1.621573166601812110e-01,-4.315290057981417404e-01,4.989869198245897031e-01,5.665003799097364512e-01,7.883385918371178525e-01,-2.429810137612064547e-01,-3.949005681446288163e-01,5.426785336176568331e-01,-3.791898294204707476e-01,4.421498252568806797e-01,1.000000000000000000e+00,3.433660862012203330e-01,1.254307831682019425e-01,-6.506252949217396220e-02,2.026197052920957475e-01,-1.300511859645366308e-01,6.741774501646959905e-01,4.498438594759786580e-01,5.821708919088270928e-01,5.990389226172359027e-01,5.172619431733789241e-01,6.132771395436281692e-01,5.519767559924705358e-01,4.758868535115383103e-01,5.847099213604188828e-01,5.880710124080611445e-01,5.597753014744618616e-01,3.811716632513734715e-01,5.478504015244738401e-01,4.678918223714255142e-01,5.922344516693148764e-01,5.840313898195124143e-01,4.978719183117313318e-01
5.636882052027315515e-01,3.858392848271484654e-01,6.333961779713279672e-01,2.548271805197125373e-01,6.139548236621247268e-01,2.710631921653426368e-01,-2.541696271107884986e-01,-5.867900953777438477e-01,6.798405183840640076e-01,5.608091025295288690e-01,3.116508108081467165e-01,5.042286089657865844e-01,-7.879883743193248635e-02,6.011625316696307397e-01,2.680751532805931148e-01,6.240378790928923225e-01,3.433660862012203330e-01,1.000000000000000000e+00,7.622805822250109387e-01,4.583412496578046502e-01,2.371068370243557544e-01,2.928338066989397137e-01,5.711542399729158115e-01,2.925251290227878775e-01,5.830690052701198445e-01,5.625232284967809360e-01,5.752925418061755058e-01,4.186356148014058753e-01,5.291010830383628960e-01,5.330872867597232778e-01,1.742251229423073811e-01,5.464502974917433420e-01,2.268908974815621593e-01,2.894076891278641872e-01,3.694684641711344364e-01,4.786822567533836059e-01,4.769358712631907582e-01,7.278856807337563684e-01,5.110036691528592190e-01
3.347133280045165304e-01,1.794242539150781579e-01,4.721944092483175148e-01,3.494427211495569896e-01,3.639794778137449560e-01,2.334352299166330413e-01,-2.385707832490885638e-01,-4.268899326587581311e-01,4.527392737212288520e-01,2.794272511449044649e-01,1.330736480845859104e-01,6.306401010423835496e-01,1.260000046724774059e-01,4.714886028623148650e-01,5.236814804114321431e-01,4.067835396971262729e-01,1.254307831682019425e-01,7.622805822250109387e-01,1.000000000000000000e+00,6.269255043341636080e-01,1.790216011524650153e-01,3.942465187895818901e-01,4.109202262788288484e-01,2.271681530014770800e-01,5.186205640338943379e-01,3.738946211042026291e-01,3.879262377034665699e-01,2.107467659575017749e-01,3.682194668893105094e-01,2.752100308220443714e-01,-6.262247848629538816e-02,3.903385468669069991e-01,5.313308356305018743e-02,2.660959122356799100e-01,1.620215150483443611e-01,2.428240002463656899e-01,3.059625861722625184e-01,5.232220779525531551e-01,2.974302032333931423e-01
8.642919250261156539e-02,-1.418506779799402762e-01,2.284336826343451587e-01,4.831759702437023463e-01,1.210885781895902347e-01,1.096067391668482105e-01,-2.931289528773203812e-01,-1.928736395757575661e-01,2.207126364453965151e-01,-5.761100279019867182e-02,-1.180514096917546218e-01,6.629657912620310345e-01,2.031880171039470162e-01,2.473689874946139455e-01,6.067204187964926332e-01,1.227240021159080596e-01,-6.506252949217396220e-02,4.583412496578046502e-01,6.269255043341636080e-01,1.000000000000000000e+00,1.140206049620415690e-01,3.524302744988089819e-01,1.359789430732943616e-01,1.918506364428982647e-01,3.461394720559354821e-01,1.211316022679019277e-01,1.192388880028966702e-01,-4.799244051053169063e-02,1.434536863775170423e-01,-4.242393416248442517e-02,-3.354065455163799947e-01,2.157906116416755671e-01,-8.988106759144671998e-02,1.657728070059395487e-01,-1.037506755117952907e-02,-1.115336034577936036e-01,1.138314570677144838e-01,3.205405539221450884e-01,8.622572894958846490e-02
2.900472871060127619e-02,-1.380266864330112753e-01,5.503447758513607679e-01,7.776770673166173709e-02,7.726264177020875090e-02,1.235490041479766210e-01,2.679645595985154505e-01,-5.645718723301227371e-01,1.938210028196769852e-01,-1.414384648504406206e-02,1.817671859940823420e-01,-2.386192308757939529e-02,2.448487269331472982e-01,4.642478881927101231e-01,2.000645167177278819e-02,-1.077597084415744394e-01,2.026197052920957475e-01,2.371068370243557544e-01,1.790216011524650153e-01,1.140206049620415690e-01,1.000000000000000000e+00,4.704894346494378765e-01,1.622754310002042510e-01,1.497369346205541241e-01,1.228189390972726780e-01,-6.711544054674023485e-02,-1.744499616585213908e-01,1.044415004570935779e-01,-1.263642501544597896e-01,1.615688183084629248e-01,-9.619525000060499820e-02,-6.647805908045854861e-02,5.069870863617462753e-01,-8.217129109504130169e-02,5.962394813840274366e-02,1.241850838548541267e-02,-4.387552010999072605e-02,2.061304791700900030e-01,3.296610903275830617e-01
-5.329165804551157237e-02,-1.760912908956238088e-01,3.538223262194969965e-01,3.079318828220148352e-01,-5.391378209688718615e-02,-3.055785933940172172e-02,1.456533136218980673e-02,-3.811313933117191355e-01,2.588408900773658122e-02,-6.668828672591130269e-02,-9.814645087901206766e-02,4.155749244651953389e-01,4.077529493590610898e-01,1.905594393685373644e-01,4.801602767250713333e-01,3.206098457845305005e-02,-1.300511859645366308e-01,2.928338066989397137e-01,3.942465187895818901e-01,3.524302744988089819e-01,4.704894346494378765e-01,1.000000000000000000e+00,1.046204449304448947e-01,1.005860723110469784e-01,1.385154030784526979e-01,-1.846459349153479687e-02,-3.233065498722380998e-02,-4.190898506755873221e-02,-3.860273609707560311e-02,4.562510540540241910e-02,-2.441134610631850999e-01,1.123699917958425123e-02,8.593227239826955327e-03,1.904516022945961229e-01,6.170081590429669569e-03,1.522362184923544380e-02,-7.673378836542598010e-03,3.890531286451995308e-02,3.274271269642686777e-02
6.871227579103554861e-01,6.666660011056538826e-01,6.078747169869739286e-01,-2.460458770654667948e-01,6.692360083771662360e-01,4.368816241545035450e-01,-7.475773678903503694e-02,-5.608706010609856296e-01,6.429073294718471443e-01,7.284176976762165578e-01,5.818777825154500816e-01,5.045362936711489388e-02,-2.821234390733124986e-01,6.134301872134042544e-01,-1.096302748973071173e-01,6.795262232676643199e-01,6.741774501646959905e-01,5.711542399729158115e-01,4.109202262788288484e-01,1.359789430732943616e-01,1.622754310002042510e-01,1.046204449304448947e-01,1.000000000000000000e+00,4.073226199230302047e-01,7.369230621890431321e-01,6.392293098779580074e-01,6.307451115929826324e-01,6.375739991511431004e-01,5.855005616587874995e-01,6.459598571714917359e-01,5.792412174403979153e-01,6.971540141652917688e-01,4.336117762756315219e-01,5.395152170484113219e-01,6.002245987531108495e-01,5.790983606039955545e-01,6.582826545491609060e-01,6.233529266034169014e-01,5.768985578238891021e-01
3.664752112645793813e-01,2.633922423986144179e-01,4.015570304814288782e-01,-1.157228593062469557e-01,4.215775824495843760e-01,5.329863530936190807e-01,1.216448171910922971e-01,-3.752327525070748848e-01,3.246735920216405891e-01,2.509019988854541139e-01,4.613093513553943592e-01,3.082440645627204656e-02,-1.658272727152255988e-01,5.081421678117606922e-01,-6.768146140715473880e-02,3.003545528293296574e-01,4.498438594759786580e-01,2.925251290227878775e-01,2.271681530014770800e-01,1.918506364428982647e-01,1.497369346205541241e-01,1.005860723110469784e-01,4.073226199230302047e-01,1.000000000000000000e+00,5.496473853495392747e-01,3.449214233636649363e-01,3.350900071934294067e-01,4.021481835734615484e-01,4.314292032498097673e-01,2.669762801933275309e-01,2.796505342927921300e-01,5.372461125344147881e-01,3.501317981888140696e-01,2.367139286086959449e-01,5.526544197355118815e-01,1.393880620230727174e-01,5.715430552594196190e-01,3.359916736844829610e-01,1.758801957613521372e-01
5.719719603938031582e-01,4.754987610146302335e-01,5.338035508803169460e-01,-1.202368021779996327e-01,5.935958904447612428e-01,6.256809542634796939e-01,-2.052049555114592028e-02,-4.873658923469583737e-01,5.443522131907715389e-01,5.393472157901885167e-01,5.958785504019078472e-01,2.350596084369616368e-01,-1.607900959836381927e-01,5.585755198178916636e-01,6.340092497586460873e-02,5.383128084278145931e-01,5.821708919088270928e-01,5.830690052701198445e-01,5.186205640338943379e-01,3.461394720559354821e-01,1.228189390972726780e-01,1.385154030784526979e-01,7.369230621890431321e-01,5.496473853495392747e-01,1.000000000000000000e+00,5.963952113622215112e-01,6.156545372454066412e-01,5.409893830420978711e-01,6.206536862135971777e-01,4.599371037548417585e-01,4.137102982916704974e-01,6.472366993483400499e-01,3.533578472145801341e-01,5.410816486780355428e-01,5.797983810235455282e-01,4.723058181566035518e-01,6.722830046226061507e-01,5.644520247961051229e-01,3.733817427341667994e-01
8.488790764720491877e-01,6.621825343696072785e-01,5.220892144424651438e-01,-2.549134234246684949e-01,7.415201535138528088e-01,4.167933874745964329e-01,-1.107496989520058289e-01,-4.831460664690450102e-01,6.262213269113302561e-01,7.178646567533996103e-01,4.619051560264637590e-01,9.697414392596261090e-02,-5.179482602093592458e-01,5.391903629147303256e-01,-1.554750608993123173e-01,7.336737468695260223e-01,5.990389226172359027e-01,5.625232284967809360e-01,3.738946211042026291e-01,1.211316022679019277e-01,-6.711544054674023485e-02,-1.846459349153479687e-02,6.392293098779580074e-01,3.449214233636649363e-01,5.963952113622215112e-01,1.000000000000000000e+00,8.310793518563686089e-01,7.453486405609149879e-01,8.236513991353888731e-01,5.978262619234434583e-01,6.055225542814816064e-01,7.234638596151361511e-01,3.033862684760990636e-01,5.238462287089686864e-01,6.012698502175758408e-01,6.510577203139316094e-01,7.425049407385155842e-01,7.231862228403086457e-01,3.453464162157716677e-01
7.563969632127165443e-01,6.691065537395148866e-01,4.652031482191856249e-01,-1.998783586757764963e-01,7.450099379193568794e-01,3.343659323392637051e-01,-2.036844860898181231e-01,-4.290611078682248225e-01,6.437800841111428474e-01,7.302478597080930278e-01,4.116239896934509312e-01,1.599369959001287755e-01,-5.326693529064485677e-01,4.666558821337201124e-01,-1.084074901466836882e-01,7.413438128132718852e-01,5.172619431733789241e-01,5.752925418061755058e-01,3.879262377034665699e-01,1.192388880028966702e-01,-1.744499616585213908e-01,-3.233065498722380998e-02,6.307451115929826324e-01,3.350900071934294067e-01,6.156545372454066412e-01,8.310793518563686089e-01,1.000000000000000000e+00,6.572121485534248020e-01,7.982725097295403360e-01,5.915515661346441023e-01,6.093013377630326355e-01,7.294662236810078859e-01,2.327818584032769755e-01,5.145870417502572680e-01,5.969355329204527605e-01,6.404315489575640452e-01,7.368187558052182728e-01,6.663122948945465751e-01,4.159999593630615000e-01
7.453263370843119517e-01,6.869065189484370171e-01,6.226032742688510924e-01,-5.525675959135221138e-01,7.727518265156184674e-01,3.987633829458661627e-01,1.669831756766216868e-01,-5.729821899760563220e-01,6.576419415956185066e-01,7.286933480640107597e-01,4.897017665028330913e-01,-2.306242464829619809e-01,-4.229794823330529363e-01,6.385274136892178376e-01,-4.047628911871982149e-01,6.521563845846340968e-01,6.132771395436281692e-01,4.186356148014058753e-01,2.107467659575017749e-01,-4.799244051053169063e-02,1.044415004570935779e-01,-4.190898506755873221e-02,6.375739991511431004e-01,4.021481835734615484e-01,5.409893830420978711e-01,7.453486405609149879e-01,6.572121485534248020e-01,1.000000000000000000e+00,6.845352227053249639e-01,7.158704982119400428e-01,7.850535465512107347e-01,6.304544809236019010e-01,5.947269909482115757e-01,5.285322638799789807e-01,6.723303139196019629e-01,6.812532588730380034e-01,6.696750407962506202e-01,5.812388837998933022e-01,4.416676332408613348e-01
7.703314690921468921e-01,6.635027949472200870e-01,4.957648198889064162e-01,-2.204580258295361639e-01,6.999721780400287585e-01,5.335143442322788365e-01,-9.622857826580724638e-02,-4.695863691302630816e-01,5.505941378392480434e-01,6.666556425970012745e-01,5.139258655328831082e-01,1.574803860660953236e-01,-4.900645159486055613e-01,4.546301578182360692e-01,-9.456162875629590958e-02,7.047720360415165031e-01,5.519767559924705358e-01,5.291010830383628960e-01,3.682194668893105094e-01,1.434536863775170423e-01,-1.263642501544597896e-01,-3.860273609707560311e-02,5.855005616587874995e-01,4.314292032498097673e-01,6.206536862135971777e-01,8.236513991353888731e-01,7.982725097295403360e-01,6.845352227053249639e-01,1.000000000000000000e+00,5.319592327188846781e-01,5.444217621059243006e-01,8.037946703758264144e-01,2.143785176403451842e-01,5.110470235123080185e-01,6.754260389823140143e-01,5.772767307684907312e-01,8.237704501227441911e-01,6.020801767142101024e-01,2.506633764496712380e-01
6.351380587979982284e-01,6.653071479794994136e-01,6.457588269529310754e-01,-3.610085516262000471e-01,7.704636388436452155e-01,1.517277577573345471e-01,9.362820802695176817e-03,-6.119280617122624388e-01,7.792676610924870184e-01,7.890613486469999494e-01,3.370380864873682714e-01,-1.007433316531104184e-01,-2.907393494330349215e-01,6.279533221622067840e-01,-2.864544989788825879e-01,6.907819777660727523e-01,4.758868535115383103e-01,5.330872867597232778e-01,2.752100308220443714e-01,-4.242393416248442517e-02,1.615688183084629248e-01,4.562510540540241910e-02,6.459598571714917359e-01,2.669762801933275309e-01,4.599371037548417585e-01,5.978262619234434583e-01,5.915515661346441023e-01,7.158704982119400428e-01,5.319592327188846781e-01,1.000000000000000000e+00,6.545666491078880878e-01,5.569443462159935354e-01,5.586288803770615985e-01,3.895712198095150347e-01,5.486126319782000937e-01,7.519708171788122009e-01,5.072416699533194295e-01,5.826630376852290905e-01,5.548681001228434884e-01
5.842997688252611344e-01,7.150404104786034498e-01,3.882888777385937185e-01,-6.913566009882602392e-01,6.693546559493038783e-01,2.927549820882136000e-01,1.316393009887314447e-01,-3.433702739672724880e-01,5.343896073065048657e-01,7.007198231994890003e-01,4.762656632157621917e-01,-4.682361269827125527e-01,-5.316565922385787513e-01,4.171092056334209652e-01,-6.137744103184978872e-01,5.480565936065451282e-01,5.847099213604188828e-01,1.742251229423073811e-01,-6.262247848629538816e-02,-3.354065455163799947e-01,-9.619525000060499820e-02,-2.441134610631850999e-01,5.792412174403979153e-01,2.796505342927921300e-01,4.137102982916704974e-01,6.055225542814816064e-01,6.093013377630326355e-01,7.850535465512107347e-01,5.444217621059243006e-01,6.545666491078880878e-01,1.000000000000000000e+00,5.153119892780300138e-01,5.328291160080481648e-01,4.382812406158693719e-01,5.931214392834422977e-01,6.270292859387667228e-01,5.432341184931973599e-01,3.688905840710215989e-01,4.001370487812316856e-01
7.365071031809725666e-01,6.797530729497807123e-01,5.381187320266400675e-01,-1.657347974290465376e-01,6.968772272242242938e-01,5.307603042552780925e-01,-1.907869601707018192e-01,-4.978966250659208059e-01,5.957914426742672021e-01,6.855191026593285830e-01,5.018152778865871966e-01,1.664582729164063024e-01,-4.603926913879649585e-01,5.253574992084304451e-01,-6.786303104285426602e-02,7.449611645838583041e-01,5.880710124080611445e-01,5.464502974917433420e-01,3.903385468669069991e-01,2.157906116416755671e-01,-6.647805908045854861e-02,1.123699917958425123e-02,6.971540141652917688e-01,5.372461125344147881e-01,6.472366993483400499e-01,7.234638596151361511e-01,7.294662236810078859e-01,6.304544809236019010e-01,8.037946703758264144e-01,5.569443462159935354e-01,5.153119892780300138e-01,1.000000000000000000e+00,2.545874778334821231e-01,5.130172984718345264e-01,6.906199695013204298e-01,5.083170397150912345e-01,8.324230234250694638e-01,6.076050952209718359e-01,3.509392432095159164e-01
3.683372180948176200e-01,3.061500591663680604e-01,6.195861139798344297e-01,-4.513809241927522753e-01,5.384812838178185679e-01,2.702192059430075788e-01,3.529230472813965624e-01,-5.633787995326194897e-01,5.595245549004841390e-01,4.079543632748592885e-01,4.458781763875466764e-01,-4.106365084141140875e-01,-1.471840191929088548e-01,6.709972369501456813e-01,-4.589768751100373745e-01,2.087318736729043833e-01,5.597753014744618616e-01,2.268908974815621593e-01,5.313308356305018743e-02,-8.988106759144671998e-02,5.069870863617462753e-01,8.593227239826955327e-03,4.336117762756315219e-01,3.501317981888140696e-01,3.533578472145801341e-01,3.033862684760990636e-01,2.327818584032769755e-01,5.947269909482115757e-01,2.143785176403451842e-01,5.586288803770615985e-01,5.328291160080481648e-01,2.545874778334821231e-01,1.000000000000000000e+00,2.192016675793049818e-01,4.140497792678152211e-01,3.676241111585126231e-01,2.696580780971263858e-01,4.083039491943868948e-01,5.905239898762753015e-01
4.647244219975167900e-01,4.617715689330500473e-01,3.782322540521835808e-01,-3.023038028239664055e-01,4.529643651111990299e-01,3.229168037828236137e-01,5.093354025524306217e-02,-3.514055896953811042e-01,3.794751180558278980e-01,4.910559210479577552e-01,3.309760509149772822e-01,1.266119961959806250e-01,-9.217890910953906169e-02,3.564612938133248643e-01,1.696590233126784447e-02,4.990236545735634577e-01,3.811716632513734715e-01,2.894076891278641872e-01,2.660959122356799100e-01,1.657728070059395487e-01,-8.217129109504130169e-02,1.904516022945961229e-01,5.395152170484113219e-01,2.367139286086959449e-01,5.410816486780355428e-01,5.238462287089686864e-01,5.145870417502572680e-01,5.285322638799789807e-01,5.110470235123080185e-01,3.895712198095150347e-01,4.382812406158693719e-01,5.130172984718345264e-01,2.192016675793049818e-01,1.000000000000000000e+00,4.352744120164859787e-01,5.026252994070927738e-01,4.966256586938496143e-01,3.391328114919106018e-01,2.492011937561741941e-01
6.693282354235263742e-01,6.418306561511896158e-01,5.097201652676440764e-01,-3.216148268666595422e-01,6.045624441963697304e-01,4.694468297041241578e-01,8.930052354610318321e-02,-4.877004295799500233e-01,4.926952842782649777e-01,6.438517778932172364e-01,5.241859042655366840e-01,-8.703817256185102103e-02,-3.994754941954897220e-01,5.327572240172608886e-01,-2.674127634933944342e-01,6.161049391728482538e-01,5.478504015244738401e-01,3.694684641711344364e-01,1.620215150483443611e-01,-1.037506755117952907e-02,5.962394813840274366e-02,6.170081590429669569e-03,6.002245987531108495e-01,5.526544197355118815e-01,5.797983810235455282e-01,6.012698502175758408e-01,5.969355329204527605e-01,6.723303139196019629e-01,6.754260389823140143e-01,5.486126319782000937e-01,5.931214392834422977e-01,6.906199695013204298e-01,4.140497792678152211e-01,4.352744120164859787e-01,1.000000000000000000e+00,5.249578273146897622e-01,8.005922809699683729e-01,4.937104489864024837e-01,3.826493122881111097e-01
6.300416455956520112e-01,6.072253395546156618e-01,4.632745228499975387e-01,-3.140071015964889800e-01,6.286540568673204543e-01,2.230154986885796164e-01,1.084075089845681489e-01,-4.249890923388501274e-01,5.748839328536323734e-01,7.995126321955834392e-01,4.061128077462257679e-01,-9.169953152728299584e-02,-2.959150574675495915e-01,4.731555050145373476e-01,-2.730519032263211687e-01,7.257292515755899842e-01,4.678918223714255142e-01,4.786822567533836059e-01,2.428240002463656899e-01,-1.115336034577936036e-01,1.241850838548541267e-02,1.522362184923544380e-02,5.790983606039955545e-01,1.393880620230727174e-01,4.723058181566035518e-01,6.510577203139316094e-01,6.404315489575640452e-01,6.812532588730380034e-01,5.772767307684907312e-01,7.519708171788122009e-01,6.270292859387667228e-01,5.083170397150912345e-01,3.676241111585126231e-01,5.026252994070927738e-01,5.249578273146897622e-01,1.000000000000000000e+00,5.476920493496191256e-01,4.799591148463930868e-01,4.092211844755960226e-01
7.494996165221674556e-01,6.531194617884377163e-01,5.042019247379403435e-01,-2.372614896422409747e-01,6.395496279055592481e-01,5.784081649557758498e-01,-2.718390837002795588e-02,-4.816822378086826895e-01,4.935674626100066686e-01,6.607058731170254440e-01,5.729425895888197173e-01,8.064129619342558231e-02,-4.739654898627685409e-01,5.057424752271448831e-01,-1.400005548838225422e-01,7.081943408545257057e-01,5.922344516693148764e-01,4.769358712631907582e-01,3.059625861722625184e-01,1.138314570677144838e-01,-4.387552010999072605e-02,-7.673378836542598010e-03,6.582826545491609060e-01,5.715430552594196190e-01,6.722830046226061507e-01,7.425049407385155842e-01,7.368187558052182728e-01,6.696750407962506202e-01,8.237704501227441911e-01,5.072416699533194295e-01,5.432341184931973599e-01,8.324230234250694638e-01,2.696580780971263858e-01,4.966256586938496143e-01,8.005922809699683729e-01,5.476920493496191256e-01,1.000000000000000000e+00,5.704382857983149036e-01,2.996252411139535554e-01
7.592038496793471758e-01,5.134227853316214452e-01,6.443658028974078578e-01,-1.941352845020585544e-03,7.191721073852422874e-01,3.492470130227662839e-01,-1.964904795716425623e-01,-5.966468292924246297e-01,7.509623304934561761e-01,6.311693520966384918e-01,4.116657787251348233e-01,2.346592250417799952e-01,-3.177153465009630029e-01,6.729807516251778976e-01,1.843666732582579983e-03,6.226373763746940737e-01,5.840313898195124143e-01,7.278856807337563684e-01,5.232220779525531551e-01,3.205405539221450884e-01,2.061304791700900030e-01,3.890531286451995308e-02,6.233529266034169014e-01,3.359916736844829610e-01,5.644520247961051229e-01,7.231862228403086457e-01,6.663122948945465751e-01,5.812388837998933022e-01,6.020801767142101024e-01,5.826630376852290905e-01,3.688905840710215989e-01,6.076050952209718359e-01,4.083039491943868948e-01,3.391328114919106018e-01,4.937104489864024837e-01,4.799591148463930868e-01,5.704382857983149036e-01,1.000000000000000000e+00,6.248103431478407854e-01
4.977394369147233322e-01,4.305532953833837162e-01,5.572021352852722931e-01,-1.100874987182973858e-01,5.529647462980288308e-01,1.208139173581890963e-01,-4.672308442951262817e-04,-5.005445132437681410e-01,6.754883487728499114e-01,5.698716859055712458e-01,3.882601553980326026e-01,-5.531519816098255660e-02,-1.343214145274353732e-01,6.225289386683504622e-01,-1.560033575361371438e-01,4.331109279286561864e-01,4.978719183117313318e-01,5.110036691528592190e-01,2.974302032333931423e-01,8.622572894958846490e-02,3.296610903275830617e-01,3.274271269642686777e-02,5.768985578238891021e-01,1.758801957613521372e-01,3.733817427341667994e-01,3.453464162157716677e-01,4.159999593630615000e-01,4.416676332408613348e-01,2.506633764496712380e-01,5.548681001228434884e-01,4.001370487812316856e-01,3.509392432095159164e-01,5.905239898762753015e-01,2.492011937561741941e-01,3.826493122881111097e-01,4.092211844755960226e-01,2.996252411139535554e-01,6.248103431478407854e-01,1.000000000000000000e+00
