1.000000000000000000e+00,-1.795812823884941067e-01,3.781425234098991783e-01,-4.763715046631443184e-01,2.267980975616373240e-01,-6.825620329392260155e-01,-5.707350167524003481e-01,9.566820222483689296e-02,3.334453414977313068e-01,1.956359263792387670e-01,-4.499727148807369237e-01,-5.148375308035307851e-01,-7.681494496672552907e-01,-1.569455712134524838e-01,7.431431165684075912e-01,5.009666264987804318e-01,6.206997316761494465e-01,-4.855441664770133170e-01,6.868173354082957038e-01,-5.308068779790683367e-01,7.156991276654476319e-01,-2.032121311468526037e-01,-1.520199499372286434e-01,-2.022871258086686441e-01,1.693992100207431795e-01,8.094695375683391703e-01,-5.561727447306099581e-01,5.996533893538544824e-01,7.454405389519496161e-01,8.081865470078766212e-01,-4.861344906866963966e-01,-5.723806072442598758e-01,-2.393952791006255798e-01,4.729892480522684961e-01,6.693183739864844162e-01,-1.690639789828249709e-02,-6.100087343035485166e-01,8.231704946090067088e-01,-3.331893044607708299e-01
-1.795812823884941067e-01,1.000000000000000000e+00,4.134105143274973693e-01,6.071368777058513411e-01,6.289998610555443959e-01,7.180748838853302507e-01,5.555671448085582886e-01,-1.428428399110171498e-01,6.484268418469453232e-01,8.030306181317160563e-01,8.503919117062379573e-01,8.301118803123874734e-01,5.587749341834814532e-01,8.213740963182695198e-01,-6.286446019677348618e-01,6.155065472614043021e-01,-2.627662167582773267e-01,8.298459691796283844e-01,-2.476421474854049731e-01,7.791254743735538391e-01,-4.411842359893221044e-01,7.290645859673935414e-01,8.715544288531547057e-01,7.850474069284176792e-01,7.380900777436990579e-01,-6.237036734843611763e-01,8.449438993868730874e-01,-6.705028205698231325e-01,-5.248911558187114856e-01,-4.292153042267555785e-01,8.799454680988461064e-01,8.504905357859481319e-01,7.307440880641596914e-01,3.438869209539254235e-01,-5.652764670215996157e-01,7.786438356418738937e-01,8.092110192405606028e-01,-5.442558368145611336e-01,8.870513087731507484e-01
3.781425234098991783e-01,4.134105143274973693e-01,1.000000000000000000e+00,4.978999110261599775e-02,8.071174353237121624e-01,9.782962451701515683e-02,-4.646539128903940524e-02,1.195012548743127762e-01,6.856739039616498443e-01,5.700160292903464487e-01,3.788807841118619901e-01,2.410993967402929594e-01,-1.564471518220100429e-02,5.751343256239752622e-01,6.187777891530615859e-02,6.459854461276884896e-01,4.018002993114571098e-01,3.301285929014574627e-01,5.358732707125002381e-01,2.036804950925524826e-01,3.186302217780524471e-01,6.004857860497657684e-01,5.365844995786512861e-01,3.267981410596330072e-01,6.512496513631794715e-01,1.094319378492233513e-01,2.491031314678427144e-01,-7.234475022378135389e-02,6.042259724260026776e-02,1.351046594916718024e-01,2.368010659126574824e-01,2.097717096728453634e-01,5.492776422215172039e-01,8.556174851342459586e-01,-1.934585921766473343e-02,5.758528916326886016e-01,1.630640937128594314e-01,1.632201411289351811e-01,4.002070488985682850e-01
-4.763715046631443184e-01,6.071368777058513411e-01,4.978999110261599775e-02,1.000000000000000000e+00,3.077008091733067774e-01,6.680450405273722359e-01,7.985051546713592963e-01,-1.779887933653429288e-01,2.599343211717386470e-01,4.116187757403997893e-01,5.924089174168462035e-01,6.374700159332997718e-01,6.050122303626318532e-01,4.977814568065927481e-01,-7.292568438084392479e-01,1.690198939550431323e-01,-4.593168415121153814e-01,6.601208794585278206e-01,-3.105519005848429437e-01,6.820833561042215498e-01,-5.296046033128409825e-01,4.732400954032648932e-01,5.497148098987774123e-01,5.208133402907719756e-01,3.072627921421468566e-01,-6.988387242284148648e-01,6.918948558181561292e-01,-5.105734677971756064e-01,-6.292338149879901366e-01,-5.546878271774575708e-01,7.027058011724685027e-01,6.884937538261369783e-01,4.036677378741598265e-01,2.685586227323904715e-02,-6.030351575941481634e-01,3.680549199356055734e-01,6.954623116324524235e-01,-7.068682801245312897e-01,6.142945017079358694e-01
2.267980975616373240e-01,6.289998610555443959e-01,8.071174353237121624e-01,3.077008091733067774e-01,1.000000000000000000e+00,2.790619105258039245e-01,2.108448651200743595e-01,-6.649553955876604319e-03,7.505330937792621393e-01,6.578170124400914975e-01,5.174191446590244992e-01,4.257632945815585379e-01,1.664240189855810959e-01,6.311234567070349577e-01,-1.326478631087872617e-01,6.537466652253606236e-01,2.326572182930179422e-01,5.417003436740076561e-01,3.498920261144841670e-01,3.878395171040055489e-01,4.746487506726335126e-02,6.179783878418494414e-01,6.443388080216173597e-01,5.270725597562317954e-01,6.820973457532133466e-01,-1.200124524838723922e-01,4.556736171205950647e-01,-2.135478109490807630e-01,-1.186487252978233042e-01,-3.047444806583788496e-02,4.738375458387780181e-01,4.160877861980761261e-01,5.148887558305159651e-01,7.437421919332244391e-01,-2.219892080702839943e-01,6.140437301454247931e-01,3.833229037299238362e-01,-5.841239602938078090e-02,5.720533698437854087e-01
-6.825620329392260155e-01,7.180748838853302507e-01,9.782962451701515683e-02,6.680450405273722359e-01,2.790619105258039245e-01,1.000000000000000000e+00,7.056801499225796581e-01,-1.162717773193218951e-01,2.213678572595694505e-01,4.045647747617970302e-01,8.213727384566689160e-01,8.447120956931443159e-01,8.212317513123893464e-01,6.942628666798104087e-01,-8.462802565533511512e-01,1.135734076587704006e-01,-4.904746253295728664e-01,8.561691372114600407e-01,-5.277825153456160434e-01,8.418769279961276775e-01,-6.765771345583371232e-01,6.357789616662297139e-01,6.947790752356908239e-01,6.977708672666084189e-01,4.623691706091260789e-01,-8.642893935267579320e-01,8.773915919210119041e-01,-7.900508136439413631e-01,-7.250899172364131395e-01,-7.097240074291969458e-01,8.573204091551879236e-01,9.025928674914398542e-01,6.794608410670140985e-01,-3.156172613541809863e-02,-6.900089818919536988e-01,5.394277603758050876e-01,9.206787301130725520e-01,-8.427067551940063961e-01,7.693515203137744063e-01
-5.707350167524003481e-01,5.555671448085582886e-01,-4.646539128903940524e-02,7.985051546713592963e-01,2.108448651200743595e-01,7.056801499225796581e-01,1.000000000000000000e+00,-1.437720503594904775e-01,1.654453426578568476e-01,3.385197527853961996e-01,5.573656693124432460e-01,5.327902485353146478e-01,5.899750739267627386e-01,4.728083934959724788e-01,-6.720358189834824136e-01,5.018658052795443164e-02,-5.689402088814803360e-01,6.144762550356874797e-01,-3.606484315608812219e-01,5.852541834851211489e-01,-5.654933685737160154e-01,3.989162999355965189e-01,4.243370081129980154e-01,5.517916886686541345e-01,3.238757540335211460e-01,-6.936332484980550772e-01,6.459439975854867066e-01,-5.968743735752047863e-01,-5.371420130846092933e-01,-5.070681574954051252e-01,6.863118843280887615e-01,6.496955627064006089e-01,4.070932125220116382e-01,-8.442149177544351624e-02,-5.014121578478948349e-01,2.468126423417532356e-01,6.744791964056499056e-01,-7.067219746482560350e-01,5.384119292931107692e-01
9.566820222483689296e-02,-1.428428399110171498e-01,1.195012548743127762e-01,-1.779887933653429288e-01,-6.649553955876604319e-03,-1.162717773193218951e-01,-1.437720503594904775e-01,1.000000000000000000e+00,-6.146788644123404172e-03,-1.294933739364021730e-01,-8.194971510429961692e-02,-2.110050831859584808e-02,-7.179356868011159409e-02,-5.975171677459905489e-02,1.888684498881662566e-01,-2.834136619594076686e-03,1.679800479607401753e-01,-1.302458793825843064e-01,1.980103371393384937e-01,-1.757140997885277278e-01,4.889115771497162255e-01,3.464885328936921360e-01,1.069697576998358476e-03,-6.783759832887754915e-02,-1.114198115939945416e-01,1.933509678196179693e-01,-3.332196576538504207e-02,4.425730483757630007e-01,7.057219465258252056e-02,3.588580367004191862e-02,-6.864426020632206915e-02,-8.766255450985005471e-02,2.659407257460268403e-01,2.406437990466981924e-01,8.138961663956099934e-02,8.897735179873276362e-03,-9.425375361823953857e-02,9.687893637647655709e-02,-1.439897705325536570e-01
3.334453414977313068e-01,6.484268418469453232e-01,6.856739039616498443e-01,2.599343211717386470e-01,7.505330937792621393e-01,2.213678572595694505e-01,1.654453426578568476e-01,-6.146788644123404172e-03,1.000000000000000000e+00,8.176652094872883803e-01,4.492851485321808225e-01,4.248777473469412258e-01,9.415609783870214355e-02,5.919507767704897949e-01,-6.072067400011597893e-02,8.020617716032741873e-01,1.274122382383583996e-01,4.194374672295779205e-01,3.559453907447185372e-01,3.880345600399114359e-01,1.260616986866889555e-01,5.666590123038213189e-01,7.177796175919214372e-01,5.451475916683102829e-01,7.415083207851947966e-01,-5.637039405749523502e-02,4.040777259753145501e-01,-2.108860891124059167e-01,-5.646625099725522540e-02,1.126130279068700141e-01,4.756651819766801736e-01,4.041012127240387608e-01,5.338940331482115997e-01,7.843822040932006967e-01,-1.023892275930809864e-01,7.017112314159771325e-01,3.193606594951372002e-01,6.645519747833714130e-02,6.246030601975977037e-01
1.956359263792387670e-01,8.030306181317160563e-01,5.700160292903464487e-01,4.116187757403997893e-01,6.578170124400914975e-01,4.045647747617970302e-01,3.385197527853961996e-01,-1.294933739364021730e-01,8.176652094872883803e-01,1.000000000000000000e+00,5.585272615129240892e-01,5.273388190492587224e-01,2.088007284780787898e-01,7.228847015621651106e-01,-2.987154719255957214e-01,8.498312089316480966e-01,-1.368193212323181585e-01,5.255842103922797603e-01,9.175586197900914565e-02,5.491497272937985175e-01,-1.426462179689612919e-01,5.736267384127412550e-01,7.836916072548401058e-01,6.418152408375604745e-01,7.793126033407659081e-01,-2.814423131206975071e-01,5.371151112461926003e-01,-4.303102996912451239e-01,-1.956946772308910953e-01,-4.027264781022384110e-02,6.055660548876889981e-01,5.611655856258492836e-01,6.109600909490729981e-01,6.023657838501166317e-01,-2.257102585459806743e-01,7.360077322197624561e-01,4.811672959855609055e-01,-1.720907060659255805e-01,7.256863092988460329e-01
-4.499727148807369237e-01,8.503919117062379573e-01,3.788807841118619901e-01,5.924089174168462035e-01,5.174191446590244992e-01,8.213727384566689160e-01,5.573656693124432460e-01,-8.194971510429961692e-02,4.492851485321808225e-01,5.585272615129240892e-01,1.000000000000000000e+00,8.815197291187764073e-01,7.678868859928057455e-01,7.851738088669040216e-01,-7.325843556265764223e-01,3.198403065966817227e-01,-2.369009235553725112e-01,8.607587829923609712e-01,-3.692704496442762996e-01,8.041113312763638055e-01,-5.074471435598537639e-01,7.667010811717089869e-01,8.292763484615447434e-01,6.646662573313443234e-01,5.842163453586435296e-01,-7.573827257741007069e-01,9.066138828327009458e-01,-7.198571655820885651e-01,-7.143475125800589076e-01,-6.583793885458210093e-01,8.624562662214507736e-01,9.127435751975718770e-01,7.562246266886071266e-01,2.605555419622299085e-01,-7.368901703010976023e-01,7.389694837531186611e-01,8.717858371133367923e-01,-6.835419108910206765e-01,8.577422061637656192e-01
-5.148375308035307851e-01,8.301118803123874734e-01,2.410993967402929594e-01,6.374700159332997718e-01,4.257632945815585379e-01,8.447120956931443159e-01,5.327902485353146478e-01,-2.110050831859584808e-02,4.248777473469412258e-01,5.273388190492587224e-01,8.815197291187764073e-01,1.000000000000000000e+00,7.985282304703337219e-01,7.423187851284941408e-01,-8.144073937042144440e-01,2.972530117113151849e-01,-3.655712175091423988e-01,8.900076447789577738e-01,-4.620712578923754643e-01,8.859799775599549454e-01,-5.911451289353389926e-01,7.482395848061476062e-01,8.377252810623042611e-01,7.032347515249270931e-01,5.090147940533678028e-01,-8.176142993920112456e-01,9.444066099393689795e-01,-7.330561339056829162e-01,-7.645296613960418375e-01,-7.204711639421157443e-01,9.159765313494291350e-01,9.357953638733483848e-01,7.500019402488721232e-01,1.526923259000829702e-01,-7.745389976351713113e-01,7.397412013027544475e-01,9.168833464530689037e-01,-7.606035088818785539e-01,8.862575373598332584e-01
-7.681494496672552907e-01,5.587749341834814532e-01,-1.564471518220100429e-02,6.050122303626318532e-01,1.664240189855810959e-01,8.212317513123893464e-01,5.899750739267627386e-01,-7.179356868011159409e-02,9.415609783870214355e-02,2.088007284780787898e-01,7.678868859928057455e-01,7.985282304703337219e-01,1.000000000000000000e+00,4.686974248587667535e-01,-8.346811144161734308e-01,-1.167996225486881146e-01,-4.700843381737781490e-01,7.558722931543292445e-01,-5.995411772922385474e-01,7.910678535937955003e-01,-6.817253651226934386e-01,5.529267231215774236e-01,5.694927969831813375e-01,4.449451597066505504e-01,1.907199561724279013e-01,-8.919109495846222480e-01,8.338440588668474263e-01,-6.751746251871387772e-01,-8.699498799011471384e-01,-8.615900355123896626e-01,7.336769904205605597e-01,8.419585460843329594e-01,5.404081469051013054e-01,-1.093682627741762725e-01,-8.309691020292502284e-01,4.645985466647598594e-01,8.357541083044466301e-01,-8.570553134913140303e-01,6.906702263461570457e-01
-1.569455712134524838e-01,8.213740963182695198e-01,5.751343256239752622e-01,4.977814568065927481e-01,6.311234567070349577e-01,6.942628666798104087e-01,4.728083934959724788e-01,-5.975171677459905489e-02,5.919507767704897949e-01,7.228847015621651106e-01,7.851738088669040216e-01,7.423187851284941408e-01,4.686974248587667535e-01,1.000000000000000000e+00,-5.377807017799749456e-01,5.690415792328901157e-01,-1.163392050652052728e-01,7.818126022630098593e-01,-8.301085874031585710e-02,7.004329495895103008e-01,-3.245188301589918001e-01,7.451724282501661634e-01,8.269516107119508908e-01,7.917699833891642669e-01,7.794358265199711200e-01,-5.078519089123343377e-01,7.448282413939590896e-01,-6.229081304800944130e-01,-4.066819657377989117e-01,-3.409114262176485832e-01,7.772653376774617540e-01,7.468802092827092620e-01,8.023731605488712004e-01,4.388181991793236869e-01,-4.376927673082998127e-01,7.116116767835847234e-01,7.263591046175095212e-01,-4.622236495464202566e-01,7.823261607539871987e-01
7.431431165684075912e-01,-6.286446019677348618e-01,6.187777891530615859e-02,-7.292568438084392479e-01,-1.326478631087872617e-01,-8.462802565533511512e-01,-6.720358189834824136e-01,1.888684498881662566e-01,-6.072067400011597893e-02,-2.987154719255957214e-01,-7.325843556265764223e-01,-8.144073937042144440e-01,-8.346811144161734308e-01,-5.377807017799749456e-01,1.000000000000000000e+00,4.000402629857627117e-03,5.854237197934505366e-01,-7.717263261416997810e-01,6.626727401304884912e-01,-8.597178613518458024e-01,8.108764318320407227e-01,-4.899853813997845364e-01,-5.769503030222983275e-01,-5.193181770515449269e-01,-2.263440907488256937e-01,9.367247039525451457e-01,-8.514952976441760857e-01,7.774712897780186038e-01,8.537186435931567452e-01,8.695060919079089512e-01,-8.046050610960875371e-01,-8.416045761980576190e-01,-5.228730325160586556e-01,1.943431970867826597e-01,8.363363449456696630e-01,-4.589804033126571037e-01,-8.682813468037231530e-01,9.339320745547224911e-01,-7.416643798402933196e-01
5.009666264987804318e-01,6.155065472614043021e-01,6.459854461276884896e-01,1.690198939550431323e-01,6.537466652253606236e-01,1.135734076587704006e-01,5.018658052795443164e-02,-2.834136619594076686e-03,8.020617716032741873e-01,8.498312089316480966e-01,3.198403065966817227e-01,2.972530117113151849e-01,-1.167996225486881146e-01,5.690415792328901157e-01,4.000402629857627117e-03,1.000000000000000000e+00,1.253515290793966452e-01,3.300339505591204925e-01,3.676503820882391915e-01,2.914928720243697424e-01,1.476346816611525947e-01,4.510207934622449955e-01,5.932832381359783858e-01,5.103253315405904544e-01,6.798343685164758288e-01,6.034858929922255755e-02,2.627697252543048090e-01,-1.736098662066736520e-01,1.360127321924980148e-01,2.529651899922955582e-01,3.557732155600530355e-01,2.697012159030666711e-01,4.901142591497204548e-01,6.679821881184172527e-01,7.170525116719855818e-02,6.180725368557012933e-01,2.063844554614022164e-01,1.358321914523531460e-01,4.796861159900066562e-01
6.206997316761494465e-01,-2.627662167582773267e-01,4.018002993114571098e-01,-4.593168415121153814e-01,2.326572182930179422e-01,-4.904746253295728664e-01,-5.689402088814803360e-01,1.679800479607401753e-01,1.274122382383583996e-01,-1.368193212323181585e-01,-2.369009235553725112e-01,-3.655712175091423988e-01,-4.700843381737781490e-01,-1.163392050652052728e-01,5.854237197934505366e-01,1.253515290793966452e-01,1.000000000000000000e+00,-3.266511850540252393e-01,5.595165291940887853e-01,-4.437262897127056682e-01,6.079132742051956972e-01,-9.764979257237549337e-02,-1.632114084536416820e-01,-2.677738499056941390e-01,4.631443573289483612e-02,6.401765141862761910e-01,-4.300072282001401458e-01,5.202584844160701438e-01,4.925284844450651955e-01,4.989668892257608790e-01,-4.583421488267059862e-01,-4.661317042428578250e-01,-1.617008666784715831e-01,3.955047693737006598e-01,3.971498565578940876e-01,-9.243913811577103568e-02,-4.741382619289704614e-01,6.119706955251306146e-01,-3.364795810922823205e-01
-4.855441664770133170e-01,8.298459691796283844e-01,3.301285929014574627e-01,6.601208794585278206e-01,5.417003436740076561e-01,8.561691372114600407e-01,6.144762550356874797e-01,-1.302458793825843064e-01,4.194374672295779205e-01,5.255842103922797603e-01,8.607587829923609712e-01,8.900076447789577738e-01,7.558722931543292445e-01,7.818126022630098593e-01,-7.717263261416997810e-01,3.300339505591204925e-01,-3.266511850540252393e-01,1.000000000000000000e+00,-2.950835303170278312e-01,8.707882761892019596e-01,-6.072856745461412409e-01,7.230713801680584973e-01,7.925056669732351011e-01,7.610386963347415268e-01,5.604634515195368039e-01,-7.708810519706920106e-01,8.998665457355072839e-01,-7.483851972540067621e-01,-6.649138960171790957e-01,-6.284681882592750846e-01,8.945569060623961288e-01,8.950842851780761444e-01,7.378956110418892766e-01,1.469204206534329427e-01,-6.859820323890519767e-01,6.583960749677750801e-01,9.029310641429715290e-01,-7.514017803023743669e-01,8.250920462080173490e-01
6.868173354082957038e-01,-2.476421474854049731e-01,5.358732707125002381e-01,-3.105519005848429437e-01,3.498920261144841670e-01,-5.277825153456160434e-01,-3.606484315608812219e-01,1.980103371393384937e-01,3.559453907447185372e-01,9.175586197900914565e-02,-3.692704496442762996e-01,-4.620712578923754643e-01,-5.995411772922385474e-01,-8.301085874031585710e-02,6.626727401304884912e-01,3.676503820882391915e-01,5.595165291940887853e-01,-2.950835303170278312e-01,1.000000000000000000e+00,-4.415282992607241219e-01,6.817809216992163357e-01,-5.930208194558282686e-02,-1.178573829081058788e-01,-1.759460607811001165e-01,1.309649375319893450e-01,6.950092709984360129e-01,-4.738917744552850198e-01,5.316969568984358796e-01,5.947594196332272043e-01,6.893112340433710239e-01,-4.240693596648631436e-01,-4.917861759831503310e-01,-8.534844488648428429e-02,5.865903610454973327e-01,5.741861782961520388e-01,-8.129284433552977363e-02,-5.248123910878006448e-01,6.722415799319583218e-01,-3.371723973908594685e-01
-5.308068779790683367e-01,7.791254743735538391e-01,2.036804950925524826e-01,6.820833561042215498e-01,3.878395171040055489e-01,8.418769279961276775e-01,5.852541834851211489e-01,-1.757140997885277278e-01,3.880345600399114359e-01,5.491497272937985175e-01,8.041113312763638055e-01,8.859799775599549454e-01,7.910678535937955003e-01,7.004329495895103008e-01,-8.597178613518458024e-01,2.914928720243697424e-01,-4.437262897127056682e-01,8.707882761892019596e-01,-4.415282992607241219e-01,1.000000000000000000e+00,-6.930549888034391870e-01,6.322281045992564907e-01,7.711713345538512288e-01,6.988705149012979234e-01,4.514059889673514570e-01,-8.336454061069075161e-01,8.909007013100116446e-01,-7.583552194867283491e-01,-7.448098815564996311e-01,-7.016971673018043143e-01,8.788340138833786730e-01,8.912838656218673439e-01,6.692422437649256928e-01,9.126147010808446924e-02,-7.376360559745589462e-01,6.576687412046257064e-01,8.955965958023349716e-01,-7.998920113014954536e-01,8.514198000447975589e-01
7.156991276654476319e-01,-4.411842359893221044e-01,3.186302217780524471e-01,-5.296046033128409825e-01,4.746487506726335126e-02,-6.765771345583371232e-01,-5.654933685737160154e-01,4.889115771497162255e-01,1.260616986866889555e-01,-1.426462179689612919e-01,-5.074471435598537639e-01,-5.911451289353389926e-01,-6.817253651226934386e-01,-3.245188301589918001e-01,8.108764318320407227e-01,1.476346816611525947e-01,6.079132742051956972e-01,-6.072856745461412409e-01,6.817809216992163357e-01,-6.930549888034391870e-01,1.000000000000000000e+00,-7.937254918573337370e-02,-3.140141942869946190e-01,-4.026084743352925654e-01,-4.813569892609115275e-02,8.212722307963165047e-01,-6.124230605749735323e-01,7.800649075565226909e-01,6.769438749460506832e-01,7.059711847540296459e-01,-6.030184332565915462e-01,-6.378212468578430272e-01,-1.951147729721418589e-01,4.476185508005172675e-01,6.597120383994782289e-01,-2.200681490221838010e-01,-6.829640815415514155e-01,8.022656882371833609e-01,-5.129468873569491549e-01
-2.032121311468526037e-01,7.290645859673935414e-01,6.004857860497657684e-01,4.732400954032648932e-01,6.179783878418494414e-01,6.357789616662297139e-01,3.989162999355965189e-01,3.464885328936921360e-01,5.666590123038213189e-01,5.736267384127412550e-01,7.667010811717089869e-01,7.482395848061476062e-01,5.529267231215774236e-01,7.451724282501661634e-01,-4.899853813997845364e-01,4.510207934622449955e-01,-9.764979257237549337e-02,7.230713801680584973e-01,-5.930208194558282686e-02,6.322281045992564907e-01,-7.937254918573337370e-02,1.000000000000000000e+00,8.081242993130348662e-01,6.185911537889082767e-01,6.257886881034491200e-01,-4.882740724830250678e-01,7.732894559325339534e-01,-3.850962380271366059e-01,-4.944774882675891381e-01,-4.340620806514367547e-01,7.460772494424656731e-01,7.441324175623139636e-01,8.705095749957049156e-01,5.287304993337627046e-01,-5.207010461783938560e-01,7.274693579154778433e-01,7.081064818065181399e-01,-4.655835285456896844e-01,7.374595740976968017e-01
-1.520199499372286434e-01,8.715544288531547057e-01,5.365844995786512861e-01,5.497148098987774123e-01,6.443388080216173597e-01,6.947790752356908239e-01,4.243370081129980154e-01,1.069697576998358476e-03,7.177796175919214372e-01,7.836916072548401058e-01,8.292763484615447434e-01,8.377252810623042611e-01,5.694927969831813375e-01,8.269516107119508908e-01,-5.769503030222983275e-01,5.932832381359783858e-01,-1.632114084536416820e-01,7.925056669732351011e-01,-1.178573829081058788e-01,7.711713345538512288e-01,-3.140141942869946190e-01,8.081242993130348662e-01,1.000000000000000000e+00,7.128228825645545053e-01,7.416730223596299520e-01,-5.749717203488370343e-01,8.262371138286090932e-01,-5.518128390204386502e-01,-5.609753574651944463e-01,-4.239286998818140306e-01,8.226384343449164582e-01,8.289888832348007996e-01,7.773517705658931076e-01,5.103715357691198662e-01,-5.850495890968316903e-01,8.582380126534840947e-01,7.666637074539907060e-01,-4.889320068947818343e-01,8.855548312503278563e-01
-2.022871258086686441e-01,7.850474069284176792e-01,3.267981410596330072e-01,5.208133402907719756e-01,5.270725597562317954e-01,6.977708672666084189e-01,5.517916886686541345e-01,-6.783759832887754915e-02,5.451475916683102829e-01,6.418152408375604745e-01,6.646662573313443234e-01,7.032347515249270931e-01,4.449451597066505504e-01,7.917699833891642669e-01,-5.193181770515449269e-01,5.103253315405904544e-01,-2.677738499056941390e-01,7.610386963347415268e-01,-1.759460607811001165e-01,6.988705149012979234e-01,-4.026084743352925654e-01,6.185911537889082767e-01,7.128228825645545053e-01,1.000000000000000000e+00,7.273232485285833215e-01,-4.914458299766327198e-01,7.120181881310905236e-01,-6.242668316734264478e-01,-2.836918562241929620e-01,-2.803418382886216920e-01,8.043028703407014701e-01,7.162205234009507704e-01,6.995428477417231505e-01,2.267509135973959644e-01,-3.085509267819558921e-01,5.971353525970503062e-01,7.497228016324463118e-01,-4.721054487441521119e-01,7.143372673531809269e-01
1.693992100207431795e-01,7.380900777436990579e-01,6.512496513631794715e-01,3.072627921421468566e-01,6.820973457532133466e-01,4.623691706091260789e-01,3.238757540335211460e-01,-1.114198115939945416e-01,7.415083207851947966e-01,7.793126033407659081e-01,5.842163453586435296e-01,5.090147940533678028e-01,1.907199561724279013e-01,7.794358265199711200e-01,-2.263440907488256937e-01,6.798343685164758288e-01,4.631443573289483612e-02,5.604634515195368039e-01,1.309649375319893450e-01,4.514059889673514570e-01,-4.813569892609115275e-02,6.257886881034491200e-01,7.416730223596299520e-01,7.273232485285833215e-01,1.000000000000000000e+00,-1.926005565106038153e-01,5.204184354569900695e-01,-4.368270258312783039e-01,-6.874876707067448245e-02,1.678611608726179871e-02,5.893762515661450374e-01,5.124978793341067318e-01,6.557834109445764836e-01,5.685135596014450066e-01,-1.406993096326708270e-01,6.928810671023020173e-01,4.971974096804257504e-01,-1.130796185237149531e-01,6.784912183680771314e-01
8.094695375683391703e-01,-6.237036734843611763e-01,1.094319378492233513e-01,-6.988387242284148648e-01,-1.200124524838723922e-01,-8.642893935267579320e-01,-6.936332484980550772e-01,1.933509678196179693e-01,-5.637039405749523502e-02,-2.814423131206975071e-01,-7.573827257741007069e-01,-8.176142993920112456e-01,-8.919109495846222480e-01,-5.078519089123343377e-01,9.367247039525451457e-01,6.034858929922255755e-02,6.401765141862761910e-01,-7.708810519706920106e-01,6.950092709984360129e-01,-8.336454061069075161e-01,8.212722307963165047e-01,-4.882740724830250678e-01,-5.749717203488370343e-01,-4.914458299766327198e-01,-1.926005565106038153e-01,1.000000000000000000e+00,-8.587744235283623073e-01,7.819897339469012998e-01,8.981470472338428657e-01,8.902313056116135659e-01,-8.040640131841914062e-01,-8.727715117614449625e-01,-4.990477605622548052e-01,1.970029392633584620e-01,8.699730206837534841e-01,-4.466089158860664377e-01,-8.767080083437028826e-01,9.412590620290072208e-01,-7.320930479820100256e-01
-5.561727447306099581e-01,8.449438993868730874e-01,2.491031314678427144e-01,6.918948558181561292e-01,4.556736171205950647e-01,8.773915919210119041e-01,6.459439975854867066e-01,-3.332196576538504207e-02,4.040777259753145501e-01,5.371151112461926003e-01,9.066138828327009458e-01,9.444066099393689795e-01,8.338440588668474263e-01,7.448282413939590896e-01,-8.514952976441760857e-01,2.627697252543048090e-01,-4.300072282001401458e-01,8.998665457355072839e-01,-4.738917744552850198e-01,8.909007013100116446e-01,-6.124230605749735323e-01,7.732894559325339534e-01,8.262371138286090932e-01,7.120181881310905236e-01,5.204184354569900695e-01,-8.587744235283623073e-01,1.000000000000000000e+00,-7.449644771728515247e-01,-7.984950692866070732e-01,-7.636829003772885871e-01,9.433590046607210899e-01,9.595597016162931148e-01,7.512097988570530793e-01,1.528744762075222308e-01,-8.102895583394590373e-01,7.126239946083302579e-01,9.503147669686791144e-01,-8.113746266276498087e-01,9.047225321022519529e-01
5.996533893538544824e-01,-6.705028205698231325e-01,-7.234475022378135389e-02,-5.105734677971756064e-01,-2.135478109490807630e-01,-7.900508136439413631e-01,-5.968743735752047863e-01,4.425730483757630007e-01,-2.108860891124059167e-01,-4.303102996912451239e-01,-7.198571655820885651e-01,-7.330561339056829162e-01,-6.751746251871387772e-01,-6.229081304800944130e-01,7.774712897780186038e-01,-1.736098662066736520e-01,5.202584844160701438e-01,-7.483851972540067621e-01,5.316969568984358796e-01,-7.583552194867283491e-01,7.800649075565226909e-01,-3.850962380271366059e-01,-5.518128390204386502e-01,-6.242668316734264478e-01,-4.368270258312783039e-01,7.819897339469012998e-01,-7.449644771728515247e-01,1.000000000000000000e+00,5.953447927701442932e-01,6.031380317563788118e-01,-7.517466715412058909e-01,-7.704525560089270364e-01,-5.372490542700127936e-01,1.054734440339607365e-01,5.892151425890808092e-01,-4.807058007126810417e-01,-7.750167494894698583e-01,7.027218919155109322e-01,-7.274849539893494255e-01
7.454405389519496161e-01,-5.248911558187114856e-01,6.042259724260026776e-02,-6.292338149879901366e-01,-1.186487252978233042e-01,-7.250899172364131395e-01,-5.371420130846092933e-01,7.057219465258252056e-02,-5.646625099725522540e-02,-1.956946772308910953e-01,-7.143475125800589076e-01,-7.645296613960418375e-01,-8.699498799011471384e-01,-4.066819657377989117e-01,8.537186435931567452e-01,1.360127321924980148e-01,4.925284844450651955e-01,-6.649138960171790957e-01,5.947594196332272043e-01,-7.448098815564996311e-01,6.769438749460506832e-01,-4.944774882675891381e-01,-5.609753574651944463e-01,-2.836918562241929620e-01,-6.874876707067448245e-02,8.981470472338428657e-01,-7.984950692866070732e-01,5.953447927701442932e-01,1.000000000000000000e+00,9.189763247184006278e-01,-6.876695197792528358e-01,-7.914285009975525753e-01,-4.188762168963203747e-01,9.188846136252380725e-02,9.389390549501713812e-01,-4.375648515972758723e-01,-7.606465623525847652e-01,8.613872951089736052e-01,-6.738477095086743418e-01
8.081865470078766212e-01,-4.292153042267555785e-01,1.351046594916718024e-01,-5.546878271774575708e-01,-3.047444806583788496e-02,-7.097240074291969458e-01,-5.070681574954051252e-01,3.588580367004191862e-02,1.126130279068700141e-01,-4.027264781022384110e-02,-6.583793885458210093e-01,-7.204711639421157443e-01,-8.615900355123896626e-01,-3.409114262176485832e-01,8.695060919079089512e-01,2.529651899922955582e-01,4.989668892257608790e-01,-6.284681882592750846e-01,6.893112340433710239e-01,-7.016971673018043143e-01,7.059711847540296459e-01,-4.340620806514367547e-01,-4.239286998818140306e-01,-2.803418382886216920e-01,1.678611608726179871e-02,8.902313056116135659e-01,-7.636829003772885871e-01,6.031380317563788118e-01,9.189763247184006278e-01,1.000000000000000000e+00,-6.486985819656150287e-01,-7.355257891443772733e-01,-3.919771334604124080e-01,2.262327691030634191e-01,9.040699485058780738e-01,-3.516454844070637242e-01,-7.580694618564233211e-01,8.890807410761242258e-01,-5.964698846689652223e-01
-4.861344906866963966e-01,8.799454680988461064e-01,2.368010659126574824e-01,7.027058011724685027e-01,4.738375458387780181e-01,8.573204091551879236e-01,6.863118843280887615e-01,-6.864426020632206915e-02,4.756651819766801736e-01,6.055660548876889981e-01,8.624562662214507736e-01,9.159765313494291350e-01,7.336769904205605597e-01,7.772653376774617540e-01,-8.046050610960875371e-01,3.557732155600530355e-01,-4.583421488267059862e-01,8.945569060623961288e-01,-4.240693596648631436e-01,8.788340138833786730e-01,-6.030184332565915462e-01,7.460772494424656731e-01,8.226384343449164582e-01,8.043028703407014701e-01,5.893762515661450374e-01,-8.040640131841914062e-01,9.433590046607210899e-01,-7.517466715412058909e-01,-6.876695197792528358e-01,-6.486985819656150287e-01,1.000000000000000000e+00,9.336869285909863425e-01,7.435376385820798850e-01,1.518592556204724775e-01,-7.053475749285742502e-01,7.089202975220345593e-01,9.373889302050877337e-01,-7.611800763216735044e-01,8.966168916171907144e-01
-5.723806072442598758e-01,8.504905357859481319e-01,2.097717096728453634e-01,6.884937538261369783e-01,4.160877861980761261e-01,9.025928674914398542e-01,6.496955627064006089e-01,-8.766255450985005471e-02,4.041012127240387608e-01,5.611655856258492836e-01,9.127435751975718770e-01,9.357953638733483848e-01,8.419585460843329594e-01,7.468802092827092620e-01,-8.416045761980576190e-01,2.697012159030666711e-01,-4.661317042428578250e-01,8.950842851780761444e-01,-4.917861759831503310e-01,8.912838656218673439e-01,-6.378212468578430272e-01,7.441324175623139636e-01,8.289888832348007996e-01,7.162205234009507704e-01,5.124978793341067318e-01,-8.727715117614449625e-01,9.595597016162931148e-01,-7.704525560089270364e-01,-7.914285009975525753e-01,-7.355257891443772733e-01,9.336869285909863425e-01,1.000000000000000000e+00,7.433733687928210099e-01,1.279857328823800211e-01,-7.772325093225773696e-01,7.069571913501865312e-01,9.493002298889815505e-01,-8.096679816517879935e-01,8.881581058424343755e-01
-2.393952791006255798e-01,7.307440880641596914e-01,5.492776422215172039e-01,4.036677378741598265e-01,5.148887558305159651e-01,6.794608410670140985e-01,4.070932125220116382e-01,2.659407257460268403e-01,5.338940331482115997e-01,6.109600909490729981e-01,7.562246266886071266e-01,7.500019402488721232e-01,5.404081469051013054e-01,8.023731605488712004e-01,-5.228730325160586556e-01,4.901142591497204548e-01,-1.617008666784715831e-01,7.378956110418892766e-01,-8.534844488648428429e-02,6.692422437649256928e-01,-1.951147729721418589e-01,8.705095749957049156e-01,7.773517705658931076e-01,6.995428477417231505e-01,6.557834109445764836e-01,-4.990477605622548052e-01,7.512097988570530793e-01,-5.372490542700127936e-01,-4.188762168963203747e-01,-3.919771334604124080e-01,7.435376385820798850e-01,7.433733687928210099e-01,1.000000000000000000e+00,4.389863735569763392e-01,-4.182466626156044476e-01,7.038252380041659650e-01,7.146247423898425266e-01,-4.754438711669629058e-01,7.216208878482254230e-01
4.729892480522684961e-01,3.438869209539254235e-01,8.556174851342459586e-01,2.685586227323904715e-02,7.437421919332244391e-01,-3.156172613541809863e-02,-8.442149177544351624e-02,2.406437990466981924e-01,7.843822040932006967e-01,6.023657838501166317e-01,2.605555419622299085e-01,1.526923259000829702e-01,-1.093682627741762725e-01,4.388181991793236869e-01,1.943431970867826597e-01,6.679821881184172527e-01,3.955047693737006598e-01,1.469204206534329427e-01,5.865903610454973327e-01,9.126147010808446924e-02,4.476185508005172675e-01,5.287304993337627046e-01,5.103715357691198662e-01,2.267509135973959644e-01,5.685135596014450066e-01,1.970029392633584620e-01,1.528744762075222308e-01,1.054734440339607365e-01,9.188846136252380725e-02,2.262327691030634191e-01,1.518592556204724775e-01,1.279857328823800211e-01,4.389863735569763392e-01,1.000000000000000000e+00,3.407350623253464078e-02,5.393648806978941224e-01,3.746369677649988988e-02,2.817363155284918208e-01,3.474871286806358595e-01
6.693183739864844162e-01,-5.652764670215996157e-01,-1.934585921766473343e-02,-6.030351575941481634e-01,-2.219892080702839943e-01,-6.900089818919536988e-01,-5.014121578478948349e-01,8.138961663956099934e-02,-1.023892275930809864e-01,-2.257102585459806743e-01,-7.368901703010976023e-01,-7.745389976351713113e-01,-8.309691020292502284e-01,-4.376927673082998127e-01,8.363363449456696630e-01,7.170525116719855818e-02,3.971498565578940876e-01,-6.859820323890519767e-01,5.741861782961520388e-01,-7.376360559745589462e-01,6.597120383994782289e-01,-5.207010461783938560e-01,-5.850495890968316903e-01,-3.085509267819558921e-01,-1.406993096326708270e-01,8.699730206837534841e-01,-8.102895583394590373e-01,5.892151425890808092e-01,9.389390549501713812e-01,9.040699485058780738e-01,-7.053475749285742502e-01,-7.772325093225773696e-01,-4.182466626156044476e-01,3.407350623253464078e-02,1.000000000000000000e+00,-4.829406825782265877e-01,-7.625148360831770500e-01,8.306066372760800842e-01,-7.125484496901353104e-01
-1.690639789828249709e-02,7.786438356418738937e-01,5.758528916326886016e-01,3.680549199356055734e-01,6.140437301454247931e-01,5.394277603758050876e-01,2.468126423417532356e-01,8.897735179873276362e-03,7.017112314159771325e-01,7.360077322197624561e-01,7.389694837531186611e-01,7.397412013027544475e-01,4.645985466647598594e-01,7.116116767835847234e-01,-4.589804033126571037e-01,6.180725368557012933e-01,-9.243913811577103568e-02,6.583960749677750801e-01,-8.129284433552977363e-02,6.576687412046257064e-01,-2.200681490221838010e-01,7.274693579154778433e-01,8.582380126534840947e-01,5.971353525970503062e-01,6.928810671023020173e-01,-4.466089158860664377e-01,7.126239946083302579e-01,-4.807058007126810417e-01,-4.375648515972758723e-01,-3.516454844070637242e-01,7.089202975220345593e-01,7.069571913501865312e-01,7.038252380041659650e-01,5.393648806978941224e-01,-4.829406825782265877e-01,1.000000000000000000e+00,6.545941909597330355e-01,-3.468344309544931781e-01,8.198282565666785704e-01
-6.100087343035485166e-01,8.092110192405606028e-01,1.630640937128594314e-01,6.954623116324524235e-01,3.833229037299238362e-01,9.206787301130725520e-01,6.744791964056499056e-01,-9.425375361823953857e-02,3.193606594951372002e-01,4.811672959855609055e-01,8.717858371133367923e-01,9.168833464530689037e-01,8.357541083044466301e-01,7.263591046175095212e-01,-8.682813468037231530e-01,2.063844554614022164e-01,-4.741382619289704614e-01,9.029310641429715290e-01,-5.248123910878006448e-01,8.955965958023349716e-01,-6.829640815415514155e-01,7.081064818065181399e-01,7.666637074539907060e-01,7.497228016324463118e-01,4.971974096804257504e-01,-8.767080083437028826e-01,9.503147669686791144e-01,-7.750167494894698583e-01,-7.606465623525847652e-01,-7.580694618564233211e-01,9.373889302050877337e-01,9.493002298889815505e-01,7.146247423898425266e-01,3.746369677649988988e-02,-7.625148360831770500e-01,6.545941909597330355e-01,1.000000000000000000e+00,-8.506144158657806820e-01,8.557548708667738202e-01
8.231704946090067088e-01,-5.442558368145611336e-01,1.632201411289351811e-01,-7.068682801245312897e-01,-5.841239602938078090e-02,-8.427067551940063961e-01,-7.067219746482560350e-01,9.687893637647655709e-02,6.645519747833714130e-02,-1.720907060659255805e-01,-6.835419108910206765e-01,-7.606035088818785539e-01,-8.570553134913140303e-01,-4.622236495464202566e-01,9.339320745547224911e-01,1.358321914523531460e-01,6.119706955251306146e-01,-7.514017803023743669e-01,6.722415799319583218e-01,-7.998920113014954536e-01,8.022656882371833609e-01,-4.655835285456896844e-01,-4.889320068947818343e-01,-4.721054487441521119e-01,-1.130796185237149531e-01,9.412590620290072208e-01,-8.113746266276498087e-01,7.027218919155109322e-01,8.613872951089736052e-01,8.890807410761242258e-01,-7.611800763216735044e-01,-8.096679816517879935e-01,-4.754438711669629058e-01,2.817363155284918208e-01,8.306066372760800842e-01,-3.468344309544931781e-01,-8.506144158657806820e-01,1.000000000000000000e+00,-6.289157671133699390e-01
-3.331893044607708299e-01,8.870513087731507484e-01,4.002070488985682850e-01,6.142945017079358694e-01,5.720533698437854087e-01,7.693515203137744063e-01,5.384119292931107692e-01,-1.439897705325536570e-01,6.246030601975977037e-01,7.256863092988460329e-01,8.577422061637656192e-01,8.862575373598332584e-01,6.906702263461570457e-01,7.823261607539871987e-01,-7.416643798402933196e-01,4.796861159900066562e-01,-3.364795810922823205e-01,8.250920462080173490e-01,-3.371723973908594685e-01,8.514198000447975589e-01,-5.129468873569491549e-01,7.374595740976968017e-01,8.855548312503278563e-01,7.143372673531809269e-01,6.784912183680771314e-01,-7.320930479820100256e-01,9.047225321022519529e-01,-7.274849539893494255e-01,-6.738477095086743418e-01,-5.964698846689652223e-01,8.966168916171907144e-01,8.881581058424343755e-01,7.216208878482254230e-01,3.474871286806358595e-01,-7.125484496901353104e-01,8.198282565666785704e-01,8.557548708667738202e-01,-6.289157671133699390e-01,1.000000000000000000e+00
