1.000000000000000000e+00,8.234038206305045460e-01,5.624987756529420402e-01,1.258656916504326539e-01,6.485864239677089360e-01,-1.648035080840228594e-01,2.767966102014022822e-01,-5.107934367894565453e-01,6.860157976315928163e-01,7.595498365952264574e-01,4.516783779199096127e-01,2.180677658021838439e-01,-3.316930586073467691e-01,7.030924074532430845e-01,1.365152026124624995e-01,7.537074621780257555e-01,2.680223600462171007e-01,4.011043483804769272e-01,2.106934606620773920e-01,-2.497942485888421105e-01,1.438184520749110906e-01,-6.090942686466616768e-02,7.377588019750294102e-01,5.250041764046968762e-01,5.346221736995553364e-01,7.541401791832620383e-01,5.474239659088350196e-01,3.412235601221424997e-01,9.557525295265217880e-02,7.167911539797738874e-01,4.749999123919408928e-01,6.655432866855324203e-01,4.980474986240592816e-01,5.972333125581257285e-01,-1.253478608711993680e-01,6.268234328451284254e-01,5.002429991798340581e-01,4.852007807729599720e-01,3.468638864534185351e-01
8.234038206305045460e-01,1.000000000000000000e+00,5.525549962290384753e-01,1.113374719917687057e-02,6.281956282786465007e-01,-1.155206023361580875e-01,2.654908289093539375e-01,-5.319121436150571203e-01,6.384851425775608380e-01,7.293942942992009959e-01,4.651066885333345335e-01,1.687774340812972229e-01,-2.533392302942681362e-01,7.380316173231489252e-01,1.580200786577389827e-01,7.773567790465377714e-01,2.540690747806880756e-01,3.649506879105248180e-01,2.311780249657297281e-01,-1.898600263122082743e-01,1.834280820648267196e-01,-3.715848657224415236e-02,7.172566735702927687e-01,5.160715568542286746e-01,5.491757365186094031e-01,7.268449065657760499e-01,4.952233716703345889e-01,2.352765749955424424e-01,1.025131116503655293e-01,7.232360027397076729e-01,4.473722219974553549e-01,6.609634493240200692e-01,4.782330398972491903e-01,5.773541955485725907e-01,-6.667654416150255170e-02,6.395427090376499812e-01,4.277641990819861517e-01,3.650594002103675906e-01,2.883519807235347954e-01
5.624987756529420402e-01,5.525549962290384753e-01,1.000000000000000000e+00,3.102794079919402037e-01,5.678054725794593471e-01,-5.298293185521200099e-01,5.183747653282922974e-01,-8.782641480881919760e-01,6.055715107416453913e-01,5.351604006714152373e-01,9.494400605206193555e-02,5.756932207476100904e-01,-4.864121566069833369e-01,5.175382963695782657e-01,-1.950765640992042568e-03,5.367654689205032525e-01,-2.705658163129272542e-01,4.607291214196187479e-01,4.824637216261702388e-01,-1.931671302055111561e-01,-3.513084548137131446e-01,9.108385153288711678e-02,6.678168704806541900e-01,5.219666088552632477e-01,3.824957004782553738e-01,6.030580382913841575e-01,7.404473409232420478e-01,2.608943012431438335e-01,-2.053062347258576004e-01,3.589209967911185517e-01,8.110939159394782161e-01,6.047240477758049071e-01,4.594728900240090397e-01,7.042394060575215553e-01,-2.179307751822786576e-01,2.331537639130415729e-01,3.520609914720210926e-02,2.980064354457441222e-01,6.384531773885544492e-01
1.258656916504326539e-01,1.113374719917687057e-02,3.102794079919402037e-01,1.000000000000000000e+00,4.699695915300623472e-01,-4.906358014465304063e-01,1.334994541343395569e-01,-1.311228267510206047e-01,4.242935709376345899e-01,2.994754025171638134e-01,-4.340835897966032753e-01,5.828592977693390909e-01,-5.332795541212875801e-01,-3.071026200294162817e-02,-4.729220006704572959e-02,2.900237475309324631e-01,-3.736800280171957978e-01,5.031027332603285052e-01,2.095346713573290054e-01,-7.341945476877799470e-02,-4.668207296439884080e-01,1.778580605041965232e-02,3.919097747131036757e-01,9.757906192283434532e-02,3.352521042789399774e-02,1.227196759566914347e-01,4.370130762457586915e-01,4.130689704699902487e-01,-4.976670207355106679e-01,6.676577765864206981e-02,3.993001991549046670e-01,2.046191909514963048e-01,-8.573011156047670445e-02,5.012490308729321553e-01,-5.138864506351187300e-01,-1.845833296705731985e-01,1.278361369719025961e-02,4.197718756946205443e-01,5.384908444336400368e-01
6.485864239677089360e-01,6.281956282786465007e-01,5.678054725794593471e-01,4.699695915300623472e-01,1.000000000000000000e+00,-5.077091998505441905e-01,1.781864152068673157e-01,-3.986897394792320304e-01,8.110902399122958961e-01,7.099488576695552888e-01,-4.648966108807490311e-02,5.384179710153557119e-01,-6.357198973897781880e-01,4.640969228469541408e-01,7.511053567221601113e-02,7.414032882037997485e-01,-9.651595921762290420e-02,7.597902376731303642e-01,3.053431708413206769e-01,-3.117363125882511854e-01,-1.745534465845510474e-01,-6.919503520403885721e-02,7.402588897789735833e-01,3.582890959070298420e-01,3.480217635217935923e-01,6.233390983978557287e-01,6.281958011543946618e-01,5.392818413777100695e-01,-3.667833219378053844e-01,5.323013618037103489e-01,5.307968051134160925e-01,5.824657536885748943e-01,2.363028834839422110e-01,7.962468926853485396e-01,-5.344982604364246770e-01,1.957491205778841836e-01,3.406827779420132929e-01,6.517058710774420449e-01,5.475294611017298418e-01
-1.648035080840228594e-01,-1.155206023361580875e-01,-5.298293185521200099e-01,-4.906358014465304063e-01,-5.077091998505441905e-01,1.000000000000000000e+00,-1.397574779416680679e-01,3.342698629256536935e-01,-5.250289365016488352e-01,-2.389671338604193451e-01,6.039212038563526175e-01,-8.153059489653521341e-01,6.773326288110557147e-01,7.779486987539242782e-02,2.353481850985165713e-01,-3.578768316871028810e-01,7.238461940180719312e-01,-6.107509720156560906e-01,-1.885251327502254215e-01,2.187224330586912957e-01,7.045510628585235358e-01,-6.341678928611345356e-02,-3.874760448896581999e-01,-2.228539802772045927e-02,5.637567037654570012e-02,-1.597250819608097283e-01,-6.849876093961488888e-01,-3.641614987981278140e-01,7.314314322357130527e-01,7.562564481051550942e-03,-6.553954073341861086e-01,-2.899259061473999921e-01,1.073604248925286164e-01,-6.356920038777841286e-01,7.033647484765389590e-01,3.637932599281105128e-01,1.875055890230145628e-01,-4.112104041848297920e-01,-7.728389501438210907e-01
2.767966102014022822e-01,2.654908289093539375e-01,5.183747653282922974e-01,1.334994541343395569e-01,1.781864152068673157e-01,-1.397574779416680679e-01,1.000000000000000000e+00,-5.344341667162703091e-01,2.115463893654067340e-01,3.116901427354475951e-01,2.120077562474797783e-01,1.406666769369793735e-01,-6.069058112470039623e-02,3.744714867916603129e-01,2.086702930651446741e-01,1.555478328194711268e-01,2.214161273121895840e-02,1.714107356851768127e-01,4.462988102233425569e-01,-9.714334913487880641e-02,-1.492770322900627278e-01,1.041499009669572956e-01,1.868781268209418756e-01,3.219326875020556700e-01,3.569907481790100534e-01,3.898469261360351656e-01,2.197790053031786761e-01,1.775410378080433671e-01,4.384762625384633350e-02,2.854479298683514910e-01,3.310129119971149669e-01,1.628149245459345196e-01,2.551082662777190424e-01,2.470753576481540537e-01,8.872093147057361073e-02,2.434393448495917878e-01,2.981378606666406153e-02,1.091099447184867149e-01,1.434679888584156626e-01
-5.107934367894565453e-01,-5.319121436150571203e-01,-8.782641480881919760e-01,-1.311228267510206047e-01,-3.986897394792320304e-01,3.342698629256536935e-01,-5.344341667162703091e-01,1.000000000000000000e+00,-4.111097573614689304e-01,-4.172300809928330967e-01,-2.687749293394027239e-01,-3.898504515719588004e-01,2.451799884571699284e-01,-5.252081398685320979e-01,2.329995406076260361e-03,-3.941358522765905370e-01,1.682619591060228736e-01,-2.257541829227211472e-01,-4.377219264645522134e-01,9.696259638489193589e-02,2.317422148069708532e-01,-1.451058322094063435e-01,-5.436195102732653828e-01,-5.484343124310707696e-01,-3.874211641870572431e-01,-5.594172714278389247e-01,-6.146945979938384097e-01,-6.448074191881444928e-02,-1.570330776610684084e-02,-3.323555161932552071e-01,-7.202723707703855283e-01,-5.770586553158586485e-01,-5.215690094998223225e-01,-5.455169454981957378e-01,-3.634445017644540726e-02,-3.083403237337476455e-01,3.158452137327259074e-02,-7.910496679442537149e-02,-4.732927357050131234e-01
6.860157976315928163e-01,6.384851425775608380e-01,6.055715107416453913e-01,4.242935709376345899e-01,8.110902399122958961e-01,-5.250289365016488352e-01,2.115463893654067340e-01,-4.111097573614689304e-01,1.000000000000000000e+00,7.687948046646272404e-01,-1.655151493369695984e-02,5.341172093623053341e-01,-7.315801910134728248e-01,5.511349903643317782e-01,1.446067413795550094e-01,8.036984605743470178e-01,-6.284545759909221374e-02,8.004773542121624841e-01,3.712452510896754321e-01,-3.479283846352470011e-01,-1.291846071274909968e-01,-1.749119644394658279e-01,7.992594158888994826e-01,4.125019011870690311e-01,4.582866337605190354e-01,6.555988629451032779e-01,6.259048305247281174e-01,6.258422332554880452e-01,-4.355168729986711451e-01,5.225663450985701397e-01,5.421290378654542996e-01,5.236004943133675260e-01,2.373216435325530282e-01,7.576406840264776621e-01,-6.017101386130679908e-01,2.803622969272054344e-01,3.942519687751698809e-01,7.563511907260289657e-01,5.876676533275608794e-01
7.595498365952264574e-01,7.293942942992009959e-01,5.351604006714152373e-01,2.994754025171638134e-01,7.099488576695552888e-01,-2.389671338604193451e-01,3.116901427354475951e-01,-4.172300809928330967e-01,7.687948046646272404e-01,1.000000000000000000e+00,2.612306114537632507e-01,2.934953382767642172e-01,-5.028709136380599132e-01,6.646665977004704295e-01,1.683166204636032393e-01,8.108322438198926063e-01,2.003867886488669425e-01,6.079422047625202552e-01,3.792916061110534476e-01,-2.917263374383168850e-01,1.021991146822406327e-01,-1.274596240495156352e-01,7.449391944509534680e-01,4.941102760000746219e-01,6.211347987714177510e-01,7.843239523028276983e-01,4.773955638517224376e-01,5.976746366761599427e-01,-1.471519587079532509e-01,7.416116577882300165e-01,4.311184763858864621e-01,5.033610096326014416e-01,4.509627471977034063e-01,6.251361359165523712e-01,-3.348872544685765895e-01,5.191725835880390827e-01,4.902546908581241758e-01,6.614711036164534486e-01,3.273638025981259747e-01
4.516783779199096127e-01,4.651066885333345335e-01,9.494400605206193555e-02,-4.340835897966032753e-01,-4.648966108807490311e-02,6.039212038563526175e-01,2.120077562474797783e-01,-2.687749293394027239e-01,-1.655151493369695984e-02,2.612306114537632507e-01,1.000000000000000000e+00,-5.001303997216038910e-01,3.586580997197243992e-01,5.877030418445683413e-01,2.511748628848606835e-01,1.557119663615824656e-01,7.390639484394266878e-01,-3.047810543225474289e-01,2.482449439037739264e-02,1.251164611990531091e-02,6.517484252223765262e-01,-2.107580075585552271e-02,1.467697346689036120e-01,4.511143636673641266e-01,4.347915610083588067e-01,3.934997742540263799e-01,-1.420709093506580256e-01,-1.333300174789209813e-01,6.987382211689922018e-01,4.564982513224475347e-01,-1.060644564494644670e-01,2.266528849784802124e-01,4.984291436957061228e-01,-1.068837390211569982e-01,5.869236168086384708e-01,7.278953072579055217e-01,3.941959739231037374e-01,-1.248492669890075707e-01,-3.623328165287025837e-01
2.180677658021838439e-01,1.687774340812972229e-01,5.756932207476100904e-01,5.828592977693390909e-01,5.384179710153557119e-01,-8.153059489653521341e-01,1.406666769369793735e-01,-3.898504515719588004e-01,5.341172093623053341e-01,2.934953382767642172e-01,-5.001303997216038910e-01,1.000000000000000000e+00,-6.523001988856679256e-01,-4.941526550706783899e-02,-1.030096588628844068e-01,4.018294294411749457e-01,-6.464125237240783139e-01,5.723903836726514927e-01,2.146208819171743498e-01,-1.206853939429788358e-01,-7.168733626978451845e-01,1.634068167489874657e-01,4.779219599092702220e-01,8.911827294290849966e-02,-2.708398840724645512e-02,1.715528835731981450e-01,7.672206540687520615e-01,3.091590019040413861e-01,-6.780727065499563277e-01,1.176465539722700016e-01,7.124652272475481274e-01,3.761896903703120243e-01,1.637013682962069547e-02,7.447206084704279805e-01,-6.697114796054188801e-01,-2.651343986844532652e-01,-1.769983770484169217e-01,4.125543202581228308e-01,8.250322129699808604e-01
-3.316930586073467691e-01,-2.533392302942681362e-01,-4.864121566069833369e-01,-5.332795541212875801e-01,-6.357198973897781880e-01,6.773326288110557147e-01,-6.069058112470039623e-02,2.451799884571699284e-01,-7.315801910134728248e-01,-5.028709136380599132e-01,3.586580997197243992e-01,-6.523001988856679256e-01,1.000000000000000000e+00,-2.094506128772472275e-01,1.570440843083762417e-01,-5.964543925961187654e-01,3.202783042520277457e-01,-7.641838375391977189e-01,-2.696234761852463468e-01,2.748042393292274288e-01,3.758862795192260409e-01,5.536325074670452040e-02,-5.789262978822232730e-01,-1.757073381290960856e-01,-8.091338091350959438e-02,-3.204339861130343636e-01,-6.268390269687635907e-01,-5.761847128924020289e-01,5.963365794646730000e-01,-1.816821377183057695e-01,-5.755165916876816556e-01,-3.658195145989188712e-01,-4.276279937708540174e-02,-6.586050854016174405e-01,6.999798465937177028e-01,1.069214551294341564e-01,-2.642446237762846595e-01,-6.319809628305945726e-01,-6.950136489282630059e-01
7.030924074532430845e-01,7.380316173231489252e-01,5.175382963695782657e-01,-3.071026200294162817e-02,4.640969228469541408e-01,7.779486987539242782e-02,3.744714867916603129e-01,-5.252081398685320979e-01,5.511349903643317782e-01,6.646665977004704295e-01,5.877030418445683413e-01,-4.941526550706783899e-02,-2.094506128772472275e-01,1.000000000000000000e+00,1.968021669033777898e-01,6.178885800015001539e-01,4.340497189850728299e-01,3.042902205571931806e-01,4.012045574897863953e-01,-1.784605012070110130e-01,3.670898025389767727e-01,-1.795798893194993362e-01,6.215471123676044041e-01,6.855638530146695997e-01,6.366272016111328425e-01,7.085586251495455956e-01,2.866778407335264789e-01,2.609181279277207888e-01,2.613164204115140388e-01,5.865740395192849954e-01,3.341060689902009551e-01,5.249692872690068235e-01,5.683273383484142016e-01,3.553067335881389122e-01,1.240758938360300850e-01,6.450068711146705880e-01,5.125234668405536098e-01,3.070456324129047232e-01,1.018816300331859409e-01
1.365152026124624995e-01,1.580200786577389827e-01,-1.950765640992042568e-03,-4.729220006704572959e-02,7.511053567221601113e-02,2.353481850985165713e-01,2.086702930651446741e-01,2.329995406076260361e-03,1.446067413795550094e-01,1.683166204636032393e-01,2.511748628848606835e-01,-1.030096588628844068e-01,1.570440843083762417e-01,1.968021669033777898e-01,1.000000000000000000e+00,3.196749661306945434e-02,3.016934945069853491e-01,6.609057730555413512e-02,2.799189191567915125e-01,-1.734777855429010252e-01,1.779102495854958388e-01,-2.371189073472053654e-01,9.103682375529023596e-02,8.387821902939421315e-02,3.762841382145166169e-01,3.077639948741704434e-01,-2.350013724000089566e-01,2.373797578795186214e-01,-7.290222029758845410e-03,2.407914067234274980e-01,-2.413488874249756777e-01,-1.659088423502009801e-01,8.806792074541441862e-02,7.121998436957137357e-02,-4.818302264562042414e-02,3.275003809636788943e-01,6.358883429075282145e-02,3.098526204255837579e-01,-2.753878301696323083e-01
7.537074621780257555e-01,7.773567790465377714e-01,5.367654689205032525e-01,2.900237475309324631e-01,7.414032882037997485e-01,-3.578768316871028810e-01,1.555478328194711268e-01,-3.941358522765905370e-01,8.036984605743470178e-01,8.108322438198926063e-01,1.557119663615824656e-01,4.018294294411749457e-01,-5.964543925961187654e-01,6.178885800015001539e-01,3.196749661306945434e-02,1.000000000000000000e+00,9.161584911974988976e-02,6.357126595137722047e-01,2.683125804356734090e-01,-2.803327398391288194e-01,-1.339674990263038786e-03,-4.951583086784600712e-02,7.833075260162596365e-01,4.412920333572747933e-01,4.376866407249332402e-01,6.680876211502759787e-01,6.187524315874626257e-01,4.812511806454604635e-01,-1.945987244216129397e-01,6.486218668481029681e-01,5.385541487347837997e-01,6.330846649699078954e-01,3.303417169469495263e-01,6.827780497069315668e-01,-3.973886256361967018e-01,4.178796918042925745e-01,5.252114257737190428e-01,5.900953841677020195e-01,5.007596558620236449e-01
2.680223600462171007e-01,2.540690747806880756e-01,-2.705658163129272542e-01,-3.736800280171957978e-01,-9.651595921762290420e-02,7.238461940180719312e-01,2.214161273121895840e-02,1.682619591060228736e-01,-6.284545759909221374e-02,2.003867886488669425e-01,7.390639484394266878e-01,-6.464125237240783139e-01,3.202783042520277457e-01,4.340497189850728299e-01,3.016934945069853491e-01,9.161584911974988976e-02,1.000000000000000000e+00,-2.129222330718975598e-01,-1.544851721994273952e-02,-4.411785305540450591e-02,7.721572449991934706e-01,-1.155499827135005458e-01,-2.180754866872068945e-02,2.238302742821182689e-01,2.826141765907809189e-01,2.152277411361818993e-01,-4.117146804960604145e-01,-1.825328124490617834e-02,6.553290085335885529e-01,3.739597985992716422e-01,-4.429771951097737359e-01,1.001703748340070262e-02,2.065294370737187080e-01,-2.942889248886895737e-01,4.802392679703087475e-01,5.896698280189779373e-01,5.735330733127208536e-01,1.370119382779006259e-02,-5.573357657155055822e-01
4.011043483804769272e-01,3.649506879105248180e-01,4.607291214196187479e-01,5.031027332603285052e-01,7.597902376731303642e-01,-6.107509720156560906e-01,1.714107356851768127e-01,-2.257541829227211472e-01,8.004773542121624841e-01,6.079422047625202552e-01,-3.047810543225474289e-01,5.723903836726514927e-01,-7.641838375391977189e-01,3.042902205571931806e-01,6.609057730555413512e-02,6.357126595137722047e-01,-2.129222330718975598e-01,1.000000000000000000e+00,4.396098156228188114e-01,-4.636164357912689882e-01,-2.926012419757456628e-01,-1.314777885464375184e-01,5.869127626742942638e-01,1.675962746610050735e-01,2.128016742940185835e-01,4.830233413587304847e-01,5.116894417308749388e-01,6.586542809123405728e-01,-5.832112558605146990e-01,3.128839893465260036e-01,4.138135582637307852e-01,3.500807217374877212e-01,-6.721066218006730222e-03,6.331144174229059729e-01,-7.125670944159102627e-01,-1.971387824981753537e-02,2.986827800872882688e-01,7.570826185419087251e-01,5.412601697842688298e-01
2.106934606620773920e-01,2.311780249657297281e-01,4.824637216261702388e-01,2.095346713573290054e-01,3.053431708413206769e-01,-1.885251327502254215e-01,4.462988102233425569e-01,-4.377219264645522134e-01,3.712452510896754321e-01,3.792916061110534476e-01,2.482449439037739264e-02,2.146208819171743498e-01,-2.696234761852463468e-01,4.012045574897863953e-01,2.799189191567915125e-01,2.683125804356734090e-01,-1.544851721994273952e-02,4.396098156228188114e-01,1.000000000000000000e+00,-2.017700477746210141e-01,-1.396081123962337189e-01,-8.643897424934625373e-02,3.396657049223255620e-01,3.283232347035411336e-01,3.401627222333896694e-01,4.468949052025014135e-01,2.149535612146158126e-01,2.910348311967983492e-01,-1.264767375818828810e-01,2.258296096340467185e-01,2.714575996934567303e-01,2.440946921696698912e-01,2.682269299016223907e-01,2.608296419579920755e-01,-1.397084524862657884e-01,9.140191935028664505e-02,6.258889392824928954e-02,3.660203804368728497e-01,1.639501135550116007e-01
-2.497942485888421105e-01,-1.898600263122082743e-01,-1.931671302055111561e-01,-7.341945476877799470e-02,-3.117363125882511854e-01,2.187224330586912957e-01,-9.714334913487880641e-02,9.696259638489193589e-02,-3.479283846352470011e-01,-2.917263374383168850e-01,1.251164611990531091e-02,-1.206853939429788358e-01,2.748042393292274288e-01,-1.784605012070110130e-01,-1.734777855429010252e-01,-2.803327398391288194e-01,-4.411785305540450591e-02,-4.636164357912689882e-01,-2.017700477746210141e-01,1.000000000000000000e+00,1.537731472341430199e-02,1.921657283179007414e-01,-2.357450499401774480e-01,9.905597485502412938e-03,-6.535270719802322922e-03,-3.436780363121808013e-01,-1.400564257695260384e-01,-3.517428696897366147e-01,1.444656938925311107e-01,-6.951720980862599597e-02,-8.095888895786226835e-02,-1.693296408718752144e-01,2.930787062710304633e-02,-1.633982588420498927e-01,2.676984249790853587e-01,-1.135410610164915013e-01,-3.150190514204588843e-01,-3.911058859827859502e-01,-9.102277123426748273e-02
1.438184520749110906e-01,1.834280820648267196e-01,-3.513084548137131446e-01,-4.668207296439884080e-01,-1.745534465845510474e-01,7.045510628585235358e-01,-1.492770322900627278e-01,2.317422148069708532e-01,-1.291846071274909968e-01,1.021991146822406327e-01,6.517484252223765262e-01,-7.168733626978451845e-01,3.758862795192260409e-01,3.670898025389767727e-01,1.779102495854958388e-01,-1.339674990263038786e-03,7.721572449991934706e-01,-2.926012419757456628e-01,-1.396081123962337189e-01,1.537731472341430199e-02,1.000000000000000000e+00,-2.240676650967505790e-01,-1.049738223374108992e-01,2.385061507744039300e-01,3.070960896439443588e-01,1.575896538229553390e-01,-4.991277485105732326e-01,-1.005435791789783054e-02,5.932647537899834456e-01,2.433777620984620138e-01,-4.997109969588509060e-01,-9.906474335687387445e-02,2.772022132753376722e-01,-3.910793357018405580e-01,4.629865363540744960e-01,4.802667176495060142e-01,4.022391549074491590e-01,-7.733134910115878335e-02,-6.344006992695048197e-01
-6.090942686466616768e-02,-3.715848657224415236e-02,9.108385153288711678e-02,1.778580605041965232e-02,-6.919503520403885721e-02,-6.341678928611345356e-02,1.041499009669572956e-01,-1.451058322094063435e-01,-1.749119644394658279e-01,-1.274596240495156352e-01,-2.107580075585552271e-02,1.634068167489874657e-01,5.536325074670452040e-02,-1.795798893194993362e-01,-2.371189073472053654e-01,-4.951583086784600712e-02,-1.155499827135005458e-01,-1.314777885464375184e-01,-8.643897424934625373e-02,1.921657283179007414e-01,-2.240676650967505790e-01,1.000000000000000000e+00,-1.217101645446099778e-01,-7.381828615810439968e-03,-2.483323845323362200e-01,-1.473273303562220304e-01,1.934247822504526204e-01,-2.205353437955587803e-01,1.050614449315269705e-01,5.052328951542158636e-02,1.661374654413983465e-01,1.436781048852052711e-01,-2.965259979351624053e-02,9.211456036677494186e-02,1.447666613655313184e-01,-8.152399370774708609e-02,-1.414650288722159865e-01,-2.465096738007819255e-01,1.449912597997367603e-01
7.377588019750294102e-01,7.172566735702927687e-01,6.678168704806541900e-01,3.919097747131036757e-01,7.402588897789735833e-01,-3.874760448896581999e-01,1.868781268209418756e-01,-5.436195102732653828e-01,7.992594158888994826e-01,7.449391944509534680e-01,1.467697346689036120e-01,4.779219599092702220e-01,-5.789262978822232730e-01,6.215471123676044041e-01,9.103682375529023596e-02,7.833075260162596365e-01,-2.180754866872068945e-02,5.869127626742942638e-01,3.396657049223255620e-01,-2.357450499401774480e-01,-1.049738223374108992e-01,-1.217101645446099778e-01,1.000000000000000000e+00,5.683735362661921364e-01,4.994731171997600083e-01,6.651898781444197661e-01,6.590402841931942701e-01,4.030671760601535203e-01,-2.247798968309146217e-01,5.367091828847175838e-01,6.205830794333830891e-01,6.380082712991286265e-01,4.645276007656992112e-01,7.531192333865499577e-01,-3.770586364286818704e-01,4.017910374888174485e-01,3.731644901660349789e-01,5.643935335732360725e-01,5.800781724400033701e-01
5.250041764046968762e-01,5.160715568542286746e-01,5.219666088552632477e-01,9.757906192283434532e-02,3.582890959070298420e-01,-2.228539802772045927e-02,3.219326875020556700e-01,-5.484343124310707696e-01,4.125019011870690311e-01,4.941102760000746219e-01,4.511143636673641266e-01,8.911827294290849966e-02,-1.757073381290960856e-01,6.855638530146695997e-01,8.387821902939421315e-02,4.412920333572747933e-01,2.238302742821182689e-01,1.675962746610050735e-01,3.283232347035411336e-01,9.905597485502412938e-03,2.385061507744039300e-01,-7.381828615810439968e-03,5.683735362661921364e-01,1.000000000000000000e+00,6.078456678091760379e-01,4.959069481730604689e-01,3.233948870205695103e-01,1.672155757179210334e-01,1.730351563450520935e-01,4.371806430890692319e-01,4.030294357608650291e-01,4.562472698983684460e-01,5.642222030583287085e-01,3.745400139190902533e-01,1.067845155906981397e-01,4.513199023127144605e-01,2.546032160141217249e-01,2.059726783449120358e-01,2.088774057925792127e-01
5.346221736995553364e-01,5.491757365186094031e-01,3.824957004782553738e-01,3.352521042789399774e-02,3.480217635217935923e-01,5.637567037654570012e-02,3.569907481790100534e-01,-3.874211641870572431e-01,4.582866337605190354e-01,6.211347987714177510e-01,4.347915610083588067e-01,-2.708398840724645512e-02,-8.091338091350959438e-02,6.366272016111328425e-01,3.762841382145166169e-01,4.376866407249332402e-01,2.826141765907809189e-01,2.128016742940185835e-01,3.401627222333896694e-01,-6.535270719802322922e-03,3.070960896439443588e-01,-2.483323845323362200e-01,4.994731171997600083e-01,6.078456678091760379e-01,1.000000000000000000e+00,6.971719398878495344e-01,7.546607869748625519e-02,4.429029630893815961e-01,2.304105057021998970e-02,5.455964831382106306e-01,1.595697241915502718e-01,1.097654664665082408e-01,5.184737873540635755e-01,3.012191589611913356e-01,-4.893891627826642970e-02,5.256848098717049611e-01,1.975949013060940285e-01,4.124243825085037174e-01,-4.599306808714615641e-02
7.541401791832620383e-01,7.268449065657760499e-01,6.030580382913841575e-01,1.227196759566914347e-01,6.233390983978557287e-01,-1.597250819608097283e-01,3.898469261360351656e-01,-5.594172714278389247e-01,6.555988629451032779e-01,7.843239523028276983e-01,3.934997742540263799e-01,1.715528835731981450e-01,-3.204339861130343636e-01,7.085586251495455956e-01,3.077639948741704434e-01,6.680876211502759787e-01,2.152277411361818993e-01,4.830233413587304847e-01,4.468949052025014135e-01,-3.436780363121808013e-01,1.575896538229553390e-01,-1.473273303562220304e-01,6.651898781444197661e-01,4.959069481730604689e-01,6.971719398878495344e-01,1.000000000000000000e+00,3.727747224100955159e-01,5.481508976381345155e-01,-2.132764094160508397e-02,6.725720886027400924e-01,3.780795231184190253e-01,4.256813311701903579e-01,5.779871495535917614e-01,5.437028006707699257e-01,-1.824826362258961943e-01,5.515536447464188807e-01,3.569522272281042130e-01,5.665187684175335692e-01,1.718382160023257665e-01
5.474239659088350196e-01,4.952233716703345889e-01,7.404473409232420478e-01,4.370130762457586915e-01,6.281958011543946618e-01,-6.849876093961488888e-01,2.197790053031786761e-01,-6.146945979938384097e-01,6.259048305247281174e-01,4.773955638517224376e-01,-1.420709093506580256e-01,7.672206540687520615e-01,-6.268390269687635907e-01,2.866778407335264789e-01,-2.350013724000089566e-01,6.187524315874626257e-01,-4.117146804960604145e-01,5.116894417308749388e-01,2.149535612146158126e-01,-1.400564257695260384e-01,-4.991277485105732326e-01,1.934247822504526204e-01,6.590402841931942701e-01,3.233948870205695103e-01,7.546607869748625519e-02,3.727747224100955159e-01,1.000000000000000000e+00,1.999783907613179035e-01,-3.485391398061179480e-01,3.439129732052739197e-01,8.618864833397739122e-01,7.219024377240770285e-01,2.546676116873194395e-01,7.786275799656624530e-01,-4.171719702096892135e-01,7.662234516412583241e-02,1.041094971368353578e-01,3.262197265897915366e-01,8.604910028210656092e-01
3.412235601221424997e-01,2.352765749955424424e-01,2.608943012431438335e-01,4.130689704699902487e-01,5.392818413777100695e-01,-3.641614987981278140e-01,1.775410378080433671e-01,-6.448074191881444928e-02,6.258422332554880452e-01,5.976746366761599427e-01,-1.333300174789209813e-01,3.091590019040413861e-01,-5.761847128924020289e-01,2.609181279277207888e-01,2.373797578795186214e-01,4.812511806454604635e-01,-1.825328124490617834e-02,6.586542809123405728e-01,2.910348311967983492e-01,-3.517428696897366147e-01,-1.005435791789783054e-02,-2.205353437955587803e-01,4.030671760601535203e-01,1.672155757179210334e-01,4.429029630893815961e-01,5.481508976381345155e-01,1.999783907613179035e-01,1.000000000000000000e+00,-5.039419500860022882e-01,3.251971736621578901e-01,1.674395032220312440e-01,-2.542223844692646784e-02,1.306122377517367761e-01,4.361600785568180427e-01,-6.316858914739835740e-01,6.253995859505293020e-02,2.279565960841714589e-01,7.801330324477565581e-01,1.885352411456178157e-01
9.557525295265217880e-02,1.025131116503655293e-01,-2.053062347258576004e-01,-4.976670207355106679e-01,-3.667833219378053844e-01,7.314314322357130527e-01,4.384762625384633350e-02,-1.570330776610684084e-02,-4.355168729986711451e-01,-1.471519587079532509e-01,6.987382211689922018e-01,-6.780727065499563277e-01,5.963365794646730000e-01,2.613164204115140388e-01,-7.290222029758845410e-03,-1.945987244216129397e-01,6.553290085335885529e-01,-5.832112558605146990e-01,-1.264767375818828810e-01,1.444656938925311107e-01,5.932647537899834456e-01,1.050614449315269705e-01,-2.247798968309146217e-01,1.730351563450520935e-01,2.304105057021998970e-02,-2.132764094160508397e-02,-3.485391398061179480e-01,-5.039419500860022882e-01,1.000000000000000000e+00,1.053157514530919520e-01,-2.872352691491543708e-01,1.125496828381998965e-01,2.757199547598931377e-01,-4.690470186058839919e-01,8.516893252732427033e-01,4.658461943895421120e-01,3.103049642749352577e-01,-5.123051633732859100e-01,-5.229441605935872817e-01
7.167911539797738874e-01,7.232360027397076729e-01,3.589209967911185517e-01,6.676577765864206981e-02,5.323013618037103489e-01,7.562564481051550942e-03,2.854479298683514910e-01,-3.323555161932552071e-01,5.225663450985701397e-01,7.416116577882300165e-01,4.564982513224475347e-01,1.176465539722700016e-01,-1.816821377183057695e-01,5.865740395192849954e-01,2.407914067234274980e-01,6.486218668481029681e-01,3.739597985992716422e-01,3.128839893465260036e-01,2.258296096340467185e-01,-6.951720980862599597e-02,2.433777620984620138e-01,5.052328951542158636e-02,5.367091828847175838e-01,4.371806430890692319e-01,5.455964831382106306e-01,6.725720886027400924e-01,3.439129732052739197e-01,3.251971736621578901e-01,1.053157514530919520e-01,1.000000000000000000e+00,2.506444822618479895e-01,4.672158256494962636e-01,4.445308511088655878e-01,4.875285040336698739e-01,-7.955286892049767689e-02,6.380885133063488590e-01,4.144078860168044498e-01,4.285394322832591918e-01,1.325716857170593510e-01
4.749999123919408928e-01,4.473722219974553549e-01,8.110939159394782161e-01,3.993001991549046670e-01,5.307968051134160925e-01,-6.553954073341861086e-01,3.310129119971149669e-01,-7.202723707703855283e-01,5.421290378654542996e-01,4.311184763858864621e-01,-1.060644564494644670e-01,7.124652272475481274e-01,-5.755165916876816556e-01,3.341060689902009551e-01,-2.413488874249756777e-01,5.385541487347837997e-01,-4.429771951097737359e-01,4.138135582637307852e-01,2.714575996934567303e-01,-8.095888895786226835e-02,-4.997109969588509060e-01,1.661374654413983465e-01,6.205830794333830891e-01,4.030294357608650291e-01,1.595697241915502718e-01,3.780795231184190253e-01,8.618864833397739122e-01,1.674395032220312440e-01,-2.872352691491543708e-01,2.506444822618479895e-01,1.000000000000000000e+00,6.504200537600557386e-01,3.611962524925853013e-01,7.126367013742289647e-01,-3.016990209252763955e-01,6.936851044335543004e-02,2.859712996241456362e-02,2.039354742345017846e-01,8.005977866656690534e-01
6.655432866855324203e-01,6.609634493240200692e-01,6.047240477758049071e-01,2.046191909514963048e-01,5.824657536885748943e-01,-2.899259061473999921e-01,1.628149245459345196e-01,-5.770586553158586485e-01,5.236004943133675260e-01,5.033610096326014416e-01,2.266528849784802124e-01,3.761896903703120243e-01,-3.658195145989188712e-01,5.249692872690068235e-01,-1.659088423502009801e-01,6.330846649699078954e-01,1.001703748340070262e-02,3.500807217374877212e-01,2.440946921696698912e-01,-1.693296408718752144e-01,-9.906474335687387445e-02,1.436781048852052711e-01,6.380082712991286265e-01,4.562472698983684460e-01,1.097654664665082408e-01,4.256813311701903579e-01,7.219024377240770285e-01,-2.542223844692646784e-02,1.125496828381998965e-01,4.672158256494962636e-01,6.504200537600557386e-01,1.000000000000000000e+00,3.381649510561311467e-01,5.817922772925445685e-01,-3.029083062484948241e-02,3.844956783788029964e-01,3.947124786635535787e-01,1.885083450344327005e-01,5.706738542313912754e-01
4.980474986240592816e-01,4.782330398972491903e-01,4.594728900240090397e-01,-8.573011156047670445e-02,2.363028834839422110e-01,1.073604248925286164e-01,2.551082662777190424e-01,-5.215690094998223225e-01,2.373216435325530282e-01,4.509627471977034063e-01,4.984291436957061228e-01,1.637013682962069547e-02,-4.276279937708540174e-02,5.683273383484142016e-01,8.806792074541441862e-02,3.303417169469495263e-01,2.065294370737187080e-01,-6.721066218006730222e-03,2.682269299016223907e-01,2.930787062710304633e-02,2.772022132753376722e-01,-2.965259979351624053e-02,4.645276007656992112e-01,5.642222030583287085e-01,5.184737873540635755e-01,5.779871495535917614e-01,2.546676116873194395e-01,1.306122377517367761e-01,2.757199547598931377e-01,4.445308511088655878e-01,3.611962524925853013e-01,3.381649510561311467e-01,1.000000000000000000e+00,2.833408618734561957e-01,1.911248713024121804e-01,4.705553902975095348e-01,1.802067003355403985e-01,9.408599099788146625e-02,3.867129817113596629e-02
5.972333125581257285e-01,5.773541955485725907e-01,7.042394060575215553e-01,5.012490308729321553e-01,7.962468926853485396e-01,-6.356920038777841286e-01,2.470753576481540537e-01,-5.455169454981957378e-01,7.576406840264776621e-01,6.251361359165523712e-01,-1.068837390211569982e-01,7.447206084704279805e-01,-6.586050854016174405e-01,3.553067335881389122e-01,7.121998436957137357e-02,6.827780497069315668e-01,-2.942889248886895737e-01,6.331144174229059729e-01,2.608296419579920755e-01,-1.633982588420498927e-01,-3.910793357018405580e-01,9.211456036677494186e-02,7.531192333865499577e-01,3.745400139190902533e-01,3.012191589611913356e-01,5.437028006707699257e-01,7.786275799656624530e-01,4.361600785568180427e-01,-4.690470186058839919e-01,4.875285040336698739e-01,7.126367013742289647e-01,5.817922772925445685e-01,2.833408618734561957e-01,1.000000000000000000e+00,-5.602247193409135573e-01,1.339368604679327668e-01,1.177887392957319701e-01,5.636161949369090651e-01,7.229725207887854888e-01
-1.253478608711993680e-01,-6.667654416150255170e-02,-2.179307751822786576e-01,-5.138864506351187300e-01,-5.344982604364246770e-01,7.033647484765389590e-01,8.872093147057361073e-02,-3.634445017644540726e-02,-6.017101386130679908e-01,-3.348872544685765895e-01,5.869236168086384708e-01,-6.697114796054188801e-01,6.999798465937177028e-01,1.240758938360300850e-01,-4.818302264562042414e-02,-3.973886256361967018e-01,4.802392679703087475e-01,-7.125670944159102627e-01,-1.397084524862657884e-01,2.676984249790853587e-01,4.629865363540744960e-01,1.447666613655313184e-01,-3.770586364286818704e-01,1.067845155906981397e-01,-4.893891627826642970e-02,-1.824826362258961943e-01,-4.171719702096892135e-01,-6.316858914739835740e-01,8.516893252732427033e-01,-7.955286892049767689e-02,-3.016990209252763955e-01,-3.029083062484948241e-02,1.911248713024121804e-01,-5.602247193409135573e-01,1.000000000000000000e+00,3.290023649506297887e-01,5.081883509689287537e-02,-6.696034670030485136e-01,-5.379202412593432348e-01
6.268234328451284254e-01,6.395427090376499812e-01,2.331537639130415729e-01,-1.845833296705731985e-01,1.957491205778841836e-01,3.637932599281105128e-01,2.434393448495917878e-01,-3.083403237337476455e-01,2.803622969272054344e-01,5.191725835880390827e-01,7.278953072579055217e-01,-2.651343986844532652e-01,1.069214551294341564e-01,6.450068711146705880e-01,3.275003809636788943e-01,4.178796918042925745e-01,5.896698280189779373e-01,-1.971387824981753537e-02,9.140191935028664505e-02,-1.135410610164915013e-01,4.802667176495060142e-01,-8.152399370774708609e-02,4.017910374888174485e-01,4.513199023127144605e-01,5.256848098717049611e-01,5.515536447464188807e-01,7.662234516412583241e-02,6.253995859505293020e-02,4.658461943895421120e-01,6.380885133063488590e-01,6.936851044335543004e-02,3.844956783788029964e-01,4.705553902975095348e-01,1.339368604679327668e-01,3.290023649506297887e-01,1.000000000000000000e+00,4.960172215541432950e-01,1.581770203018685872e-01,-1.199731998834604185e-01
5.002429991798340581e-01,4.277641990819861517e-01,3.520609914720210926e-02,1.278361369719025961e-02,3.406827779420132929e-01,1.875055890230145628e-01,2.981378606666406153e-02,3.158452137327259074e-02,3.942519687751698809e-01,4.902546908581241758e-01,3.941959739231037374e-01,-1.769983770484169217e-01,-2.642446237762846595e-01,5.125234668405536098e-01,6.358883429075282145e-02,5.252114257737190428e-01,5.735330733127208536e-01,2.986827800872882688e-01,6.258889392824928954e-02,-3.150190514204588843e-01,4.022391549074491590e-01,-1.414650288722159865e-01,3.731644901660349789e-01,2.546032160141217249e-01,1.975949013060940285e-01,3.569522272281042130e-01,1.041094971368353578e-01,2.279565960841714589e-01,3.103049642749352577e-01,4.144078860168044498e-01,2.859712996241456362e-02,3.947124786635535787e-01,1.802067003355403985e-01,1.177887392957319701e-01,5.081883509689287537e-02,4.960172215541432950e-01,1.000000000000000000e+00,3.345161546331374969e-01,7.546787911031838623e-03
4.852007807729599720e-01,3.650594002103675906e-01,2.980064354457441222e-01,4.197718756946205443e-01,6.517058710774420449e-01,-4.112104041848297920e-01,1.091099447184867149e-01,-7.910496679442537149e-02,7.563511907260289657e-01,6.614711036164534486e-01,-1.248492669890075707e-01,4.125543202581228308e-01,-6.319809628305945726e-01,3.070456324129047232e-01,3.098526204255837579e-01,5.900953841677020195e-01,1.370119382779006259e-02,7.570826185419087251e-01,3.660203804368728497e-01,-3.911058859827859502e-01,-7.733134910115878335e-02,-2.465096738007819255e-01,5.643935335732360725e-01,2.059726783449120358e-01,4.124243825085037174e-01,5.665187684175335692e-01,3.262197265897915366e-01,7.801330324477565581e-01,-5.123051633732859100e-01,4.285394322832591918e-01,2.039354742345017846e-01,1.885083450344327005e-01,9.408599099788146625e-02,5.636161949369090651e-01,-6.696034670030485136e-01,1.581770203018685872e-01,3.345161546331374969e-01,1.000000000000000000e+00,3.365320060262776414e-01
3.468638864534185351e-01,2.883519807235347954e-01,6.384531773885544492e-01,5.384908444336400368e-01,5.475294611017298418e-01,-7.728389501438210907e-01,1.434679888584156626e-01,-4.732927357050131234e-01,5.876676533275608794e-01,3.273638025981259747e-01,-3.623328165287025837e-01,8.250322129699808604e-01,-6.950136489282630059e-01,1.018816300331859409e-01,-2.753878301696323083e-01,5.007596558620236449e-01,-5.573357657155055822e-01,5.412601697842688298e-01,1.639501135550116007e-01,-9.102277123426748273e-02,-6.344006992695048197e-01,1.449912597997367603e-01,5.800781724400033701e-01,2.088774057925792127e-01,-4.599306808714615641e-02,1.718382160023257665e-01,8.604910028210656092e-01,1.885352411456178157e-01,-5.229441605935872817e-01,1.325716857170593510e-01,8.005977866656690534e-01,5.706738542313912754e-01,3.867129817113596629e-02,7.229725207887854888e-01,-5.379202412593432348e-01,-1.199731998834604185e-01,7.546787911031838623e-03,3.365320060262776414e-01,1.000000000000000000e+00
