1.000000000000000000e+00,7.345956288354628105e-01,7.518951495738573909e-01,-3.429494342796219897e-01,7.477868811228278734e-01,7.633394746016233245e-01,-1.617167203032773004e-01,7.583650978214547811e-01,5.960478963410904552e-01,8.376391075244247197e-01,-6.835510769926894659e-01,6.185032624467627915e-01,-5.362487650197128586e-01,5.217471148250182322e-01,4.785570532240339126e-01,8.839612657618663993e-01,7.863506874176411088e-02,3.092728503420659747e-01,5.374420345474743010e-01,3.507004404477208070e-01,5.944272318443963865e-01,7.222808212479214784e-01,8.619261354863233526e-01,1.622299099203715622e-01,8.409166843548316894e-01,7.083873749940106102e-01,6.746391840033114651e-01,6.827964790280250940e-01,4.524358847285149254e-01,5.746756580302913031e-01,7.267874064031010217e-01,5.724171013570484856e-01,6.401277341659491471e-01,4.462161269303095978e-01,-6.131934736229586180e-01,5.855034831464243084e-01,-7.021217470091066781e-01,7.514174843197644060e-01,7.831185693899869182e-01
7.345956288354628105e-01,1.000000000000000000e+00,4.035259608147497290e-01,-1.577886000349613405e-01,5.426966474189298673e-01,5.945523000111087031e-01,-2.253177709528705330e-01,5.397158192461527504e-01,3.254836520289214330e-01,5.382662230924025737e-01,-6.093988104473913037e-01,3.096216435162899572e-01,-2.630681788615992778e-01,4.129990515738428680e-01,1.876355120790167974e-01,6.382148814215625743e-01,-2.189344080805026294e-01,2.303906651146147566e-01,3.758261161186213783e-01,5.442855942543762572e-03,3.868429853146145292e-01,3.535929562062615772e-01,6.761096301352524929e-01,8.714723361204516905e-02,5.668961868780195701e-01,5.182450908493643205e-01,3.821609085883813650e-01,5.450189087188489490e-01,1.890858908690510876e-01,4.797718995570198208e-01,4.610776189706936035e-01,2.050688503420217412e-01,2.660814770744500679e-01,3.239019913209648105e-01,-4.189903940011160399e-01,6.062997316264558956e-01,-4.285066152262367312e-01,6.776977696979135102e-01,5.677399764071868749e-01
7.518951495738573909e-01,4.035259608147497290e-01,1.000000000000000000e+00,-5.779900950253080705e-01,7.748987164082590251e-01,6.992316895914144625e-01,-1.734184559955580796e-01,7.648225569012898628e-01,6.769769527496868333e-01,9.203770356870316638e-01,-5.501967178779055834e-01,8.395296289142721857e-01,-7.539331374412726605e-01,6.267492020789278140e-01,6.732189600453389877e-01,8.229406700013794929e-01,3.959677606448372966e-01,1.849737612220344607e-01,5.114226800896111147e-01,6.583669004802186198e-01,7.488574189067375153e-01,9.197335343148784759e-01,7.220212399973152673e-01,1.411437924181593029e-01,8.890530547125562455e-01,8.074014562690311481e-01,8.780460533509224508e-01,6.863544240843023614e-01,5.703873511938725160e-01,3.399968315559354637e-01,9.019854135301000886e-01,6.883137186260177565e-01,9.098614549076076141e-01,3.588267289633217394e-01,-4.674401586274331000e-01,3.301962855090524451e-01,-7.395264100050180645e-01,5.824519079551992995e-01,8.002498806498312689e-01
-3.429494342796219897e-01,-1.577886000349613405e-01,-5.779900950253080705e-01,1.000000000000000000e+00,-3.876220055904283091e-01,-3.778135200728696130e-01,4.208710139590262633e-01,-4.077498749308905435e-01,-4.842871298646067024e-01,-5.751214485089799489e-01,3.147260320762700347e-01,-5.037573156734603819e-01,4.995943239630908916e-01,-2.746419758186568472e-01,-4.039024713860461246e-01,-4.968319405580134962e-01,-1.959128782294372040e-01,-1.433321713326965452e-01,-2.194822561125399085e-01,-3.192654054510071782e-01,-4.668515630582086295e-01,-5.246123912215050478e-01,-3.389068788220518380e-01,-2.226762797251818360e-01,-5.540746633478985661e-01,-4.354470504210684600e-01,-3.865732195589315356e-01,-5.833768906645061536e-01,-1.878466709920577904e-01,-1.518640524180900064e-01,-4.993968575247094144e-01,-2.745201774280845997e-01,-5.390321015635874957e-01,-3.219029306523241707e-01,2.817008007375819689e-01,-1.803188625457952110e-01,3.979461510530834523e-01,-3.583830598382193311e-01,-4.635930103096390087e-01
7.477868811228278734e-01,5.426966474189298673e-01,7.748987164082590251e-01,-3.876220055904283091e-01,1.000000000000000000e+00,5.794911601769148213e-01,-3.011812723215401832e-01,5.194744581179384646e-01,8.001583291451161983e-01,7.999838874409226364e-01,-4.253677650814755018e-01,8.413361543437184453e-01,-5.166530841800118790e-01,6.641510614299974691e-01,6.930700125116714405e-01,7.428811007169704439e-01,3.735729266957883987e-01,5.258854524838488809e-01,8.108812546790592490e-01,5.749013857684772688e-01,5.760236016371327317e-01,7.455203815936856104e-01,6.981064275394245344e-01,8.067114012471898743e-02,7.511172305685105410e-01,8.022932395977958597e-01,7.887490522909580415e-01,5.437137380662825370e-01,5.003836398132922580e-01,5.945022263167486498e-01,7.456373766347531573e-01,6.727242400131754341e-01,7.701661811779637601e-01,6.962986903139483097e-01,-4.912179902087744354e-01,5.199292672474398191e-01,-6.103708122260799174e-01,8.056288092525101252e-01,8.930243378729080250e-01
7.633394746016233245e-01,5.945523000111087031e-01,6.992316895914144625e-01,-3.778135200728696130e-01,5.794911601769148213e-01,1.000000000000000000e+00,-2.836765449309238130e-01,7.919767661215462162e-01,3.803474337874870326e-01,7.846799902427583628e-01,-7.652085290532986139e-01,4.756308511299831565e-01,-6.389044800825851578e-01,3.773302112497689542e-01,2.830920409159821682e-01,8.365756951801625041e-01,-1.657409277676124559e-01,9.861822981064040372e-02,2.595036674141990019e-01,2.235553045489981350e-01,5.577106860645195674e-01,6.637139114502114134e-01,7.439748869034599199e-01,-1.348235159120760029e-01,8.089110657561118245e-01,5.826284181561600661e-01,5.584158453791078225e-01,6.317327004270514301e-01,2.422980990113884625e-01,4.195157970889668020e-01,6.901579370664832069e-01,4.144816289191476377e-01,5.106486321261088923e-01,2.415347773713560631e-01,-5.697515150483489776e-01,4.511747686104896071e-01,-7.210492066922176146e-01,5.339866207694445865e-01,7.003335326508388636e-01
-1.617167203032773004e-01,-2.253177709528705330e-01,-1.734184559955580796e-01,4.208710139590262633e-01,-3.011812723215401832e-01,-2.836765449309238130e-01,1.000000000000000000e+00,-1.286921006538037648e-01,-2.580127243342570376e-01,-2.389074295682937776e-01,3.482239217101738560e-01,-2.553672960367275313e-01,2.555721223377280249e-01,-2.825063153639644636e-02,-2.229593663219326116e-01,-2.790123018458742221e-01,1.881431539017618948e-01,-4.482623610744178588e-01,-3.062322652376882059e-01,-3.652901791281671501e-02,-6.752046936714016512e-02,-1.031405226054670915e-01,-1.621875051409819024e-01,-6.721064433887698197e-02,-2.395449164048467361e-01,-2.424712977863019703e-01,-3.532509417669867785e-02,-2.219298015470295149e-01,1.358986388215064622e-01,-3.067938077421673015e-01,-2.375346051996576890e-01,7.357331421676630012e-02,-1.041890666908844298e-01,-4.419602181452557121e-01,4.064894720579277365e-01,-2.807032111013198494e-01,2.966542540050888799e-01,-3.115807773912523393e-01,-3.381243176886188362e-01
7.583650978214547811e-01,5.397158192461527504e-01,7.648225569012898628e-01,-4.077498749308905435e-01,5.194744581179384646e-01,7.919767661215462162e-01,-1.286921006538037648e-01,1.000000000000000000e+00,3.588078680289291666e-01,7.758802263147671630e-01,-7.658685154619891966e-01,5.428903650510855661e-01,-6.910265700489234275e-01,4.448121928217209087e-01,3.602416241499373784e-01,8.039742525405956242e-01,-6.433790298269415064e-02,-1.864171262749607719e-02,2.199766080781862254e-01,3.001704194378229107e-01,5.810151727977490577e-01,7.371781451420394982e-01,7.384662316504443380e-01,2.142003373469699434e-01,8.025252191064947693e-01,5.682424708905242650e-01,6.235237291707679264e-01,6.374587065460158852e-01,3.072199860903330193e-01,2.788824333886379958e-01,7.301265674916832538e-01,4.492379676946793854e-01,6.024450524870731405e-01,1.218538372342563708e-01,-5.015677817939664385e-01,3.323259149302746907e-01,-6.977755295877545727e-01,4.872121487914986004e-01,6.060640058447207545e-01
5.960478963410904552e-01,3.254836520289214330e-01,6.769769527496868333e-01,-4.842871298646067024e-01,8.001583291451161983e-01,3.803474337874870326e-01,-2.580127243342570376e-01,3.588078680289291666e-01,1.000000000000000000e+00,6.909975476628833491e-01,-2.063472894907592559e-01,8.003251065664959141e-01,-3.808828737839495826e-01,5.508842088198273590e-01,7.593653205354432556e-01,5.859951835109216134e-01,5.477737132152119548e-01,5.812320702706424980e-01,8.033937298654578729e-01,5.357368508536181073e-01,4.908953718010835576e-01,6.612347221798360319e-01,5.554445799450884458e-01,1.803874814452513867e-02,6.429458584926577291e-01,6.615763798745398772e-01,6.657486588700630703e-01,5.080562325757475017e-01,5.010883222933029124e-01,6.103449693081286487e-01,6.314293153389263225e-01,6.465254539703280123e-01,7.390048042999382005e-01,7.759466189939810965e-01,-3.487635911106389819e-01,5.409187223597013983e-01,-4.897409905247235296e-01,7.298299696086341104e-01,7.790774371370684515e-01
8.376391075244247197e-01,5.382662230924025737e-01,9.203770356870316638e-01,-5.751214485089799489e-01,7.999838874409226364e-01,7.846799902427583628e-01,-2.389074295682937776e-01,7.758802263147671630e-01,6.909975476628833491e-01,1.000000000000000000e+00,-6.428173254754191435e-01,8.129970426983419429e-01,-7.062219523266641819e-01,6.149468563352793460e-01,6.173995545929206186e-01,9.157810290892502980e-01,2.681315826574577343e-01,2.296700861348304756e-01,5.288320207896904934e-01,5.756477863953640695e-01,7.037320706461698272e-01,8.986220364440750119e-01,8.345590918239957912e-01,1.289237623311501324e-01,9.488102402735467678e-01,8.109645437275277979e-01,8.230302989909363820e-01,7.150781027587259642e-01,5.222640964132424513e-01,4.397072660424661827e-01,8.453434015147364144e-01,7.006654786934909396e-01,8.489919546350058743e-01,4.406354299573458921e-01,-5.435536051394666002e-01,4.555321393633869897e-01,-7.572626180139185870e-01,6.659601047872644175e-01,8.487179327103380189e-01
-6.835510769926894659e-01,-6.093988104473913037e-01,-5.501967178779055834e-01,3.147260320762700347e-01,-4.253677650814755018e-01,-7.652085290532986139e-01,3.482239217101738560e-01,-7.658685154619891966e-01,-2.063472894907592559e-01,-6.428173254754191435e-01,1.000000000000000000e+00,-3.460085108427918277e-01,5.974494688419973443e-01,-2.502315410078475022e-01,-2.042888163256103007e-01,-7.366652128969956026e-01,3.764551658841469028e-01,-7.486824695553717657e-02,-1.491840543838526822e-01,-1.108602526655965148e-01,-4.257625657193491731e-01,-5.180455713920634198e-01,-6.821015298098356272e-01,-1.922043883022984678e-01,-6.915618334412946266e-01,-4.760601311281175696e-01,-3.957658831558842349e-01,-4.982318570815568171e-01,-5.481501729443440107e-02,-3.354546776599802160e-01,-5.740900629208086636e-01,-2.804224979395121276e-01,-3.573158788071606473e-01,-1.245452785341657070e-01,5.892647380352272757e-01,-4.100261216105078321e-01,6.472738471799650561e-01,-4.275539394521813419e-01,-5.263508295254328839e-01
6.185032624467627915e-01,3.096216435162899572e-01,8.395296289142721857e-01,-5.037573156734603819e-01,8.413361543437184453e-01,4.756308511299831565e-01,-2.553672960367275313e-01,5.428903650510855661e-01,8.003251065664959141e-01,8.129970426983419429e-01,-3.460085108427918277e-01,1.000000000000000000e+00,-6.033566064360684766e-01,6.353319869281881527e-01,8.003496979740881700e-01,6.872867195842100596e-01,5.480750871731351337e-01,3.346469903435471682e-01,6.870749066445648312e-01,7.048780564809508098e-01,6.177397702398190749e-01,8.464839040955490779e-01,6.356826558751149658e-01,1.705482019015534534e-01,7.598123674023927743e-01,7.435635561665430160e-01,8.456546122502905938e-01,4.978042492025142041e-01,5.569108967821685408e-01,4.096507266777896783e-01,7.626385233452028789e-01,7.415901591077743715e-01,8.865900969124846931e-01,5.790011418069973548e-01,-3.734993015644046399e-01,3.520498650754210201e-01,-6.233525857503534606e-01,6.164465476210724271e-01,8.011181849143605982e-01
-5.362487650197128586e-01,-2.630681788615992778e-01,-7.539331374412726605e-01,4.995943239630908916e-01,-5.166530841800118790e-01,-6.389044800825851578e-01,2.555721223377280249e-01,-6.910265700489234275e-01,-3.808828737839495826e-01,-7.062219523266641819e-01,5.974494688419973443e-01,-6.033566064360684766e-01,1.000000000000000000e+00,-3.468317458839493272e-01,-4.161435873169183064e-01,-6.510250416050482603e-01,-6.237064499463514794e-02,-2.017390281175263089e-02,-2.482796025345312685e-01,-4.508910773626695900e-01,-5.293377352439908590e-01,-7.016294012975631267e-01,-5.091944305171602903e-01,-1.981737227920881694e-01,-6.925448954756355802e-01,-5.147430022813846984e-01,-5.983980035899824079e-01,-3.518548063378068580e-01,-2.907991015631302689e-01,-2.362517013968186419e-01,-7.561688170260987274e-01,-3.747919402484178875e-01,-6.553053806858495367e-01,-1.254924655852779347e-01,5.054372176812740314e-01,-2.124353188666683878e-01,6.668359675538972908e-01,-3.373653518771683735e-01,-5.753108545787001260e-01
5.217471148250182322e-01,4.129990515738428680e-01,6.267492020789278140e-01,-2.746419758186568472e-01,6.641510614299974691e-01,3.773302112497689542e-01,-2.825063153639644636e-02,4.448121928217209087e-01,5.508842088198273590e-01,6.149468563352793460e-01,-2.502315410078475022e-01,6.353319869281881527e-01,-3.468317458839493272e-01,1.000000000000000000e+00,4.979202751492735612e-01,5.339011261425606891e-01,4.215153913200065938e-01,1.848186688450464965e-01,4.697923383768487504e-01,5.917817190590498599e-01,5.696860175072794297e-01,6.285080842567618564e-01,5.914866872709194645e-01,7.404078336643150904e-02,6.004380835262923544e-01,6.884032892055371722e-01,7.060334087939595937e-01,4.908682411979906624e-01,5.628081965794320407e-01,3.627291754656176148e-01,5.850662260679017068e-01,5.480693401712570800e-01,6.644566474223042585e-01,3.387253039746564998e-01,-1.297919317797510685e-01,3.281839840814879117e-01,-2.938925457881872982e-01,5.775933403672232069e-01,6.990147761556088080e-01
4.785570532240339126e-01,1.876355120790167974e-01,6.732189600453389877e-01,-4.039024713860461246e-01,6.930700125116714405e-01,2.830920409159821682e-01,-2.229593663219326116e-01,3.602416241499373784e-01,7.593653205354432556e-01,6.173995545929206186e-01,-2.042888163256103007e-01,8.003496979740881700e-01,-4.161435873169183064e-01,4.979202751492735612e-01,1.000000000000000000e+00,5.433832781412215596e-01,5.796048443339227862e-01,4.304391317146473717e-01,6.938364788294196783e-01,6.662622201498733521e-01,5.334216580101849292e-01,6.630527787766796743e-01,5.151051334470235776e-01,1.206484074959528613e-01,5.807868690080707497e-01,5.947137908112636318e-01,6.632853022067392024e-01,3.968741510247324467e-01,4.987257424349557655e-01,3.771735140768222028e-01,6.418171981564376738e-01,6.200649917873999328e-01,7.068792503792862281e-01,6.222122768998362696e-01,-3.639815023084722601e-01,2.782905473528258788e-01,-5.081559513238410597e-01,5.919819693498366009e-01,6.575507456615847790e-01
8.839612657618663993e-01,6.382148814215625743e-01,8.229406700013794929e-01,-4.968319405580134962e-01,7.428811007169704439e-01,8.365756951801625041e-01,-2.790123018458742221e-01,8.039742525405956242e-01,5.859951835109216134e-01,9.157810290892502980e-01,-7.366652128969956026e-01,6.872867195842100596e-01,-6.510250416050482603e-01,5.339011261425606891e-01,5.433832781412215596e-01,1.000000000000000000e+00,8.232023131454103970e-02,2.475013451648172547e-01,4.793883192670896354e-01,4.494399875813278600e-01,6.541424655933278931e-01,8.086990053766435205e-01,8.941748522634420659e-01,1.381279356034309513e-01,9.233813325689085305e-01,7.302769603356623618e-01,7.126987006325711249e-01,7.044534350754112495e-01,4.253508530261367881e-01,4.786341037738745530e-01,7.771093082481571601e-01,6.221235191565059885e-01,6.965725353870948489e-01,4.285322815289882015e-01,-6.274607221188442940e-01,5.172754989347694288e-01,-7.586996958424896409e-01,7.013776373441586998e-01,8.103664450829424215e-01
7.863506874176411088e-02,-2.189344080805026294e-01,3.959677606448372966e-01,-1.959128782294372040e-01,3.735729266957883987e-01,-1.657409277676124559e-01,1.881431539017618948e-01,-6.433790298269415064e-02,5.477737132152119548e-01,2.681315826574577343e-01,3.764551658841469028e-01,5.480750871731351337e-01,-6.237064499463514794e-02,4.215153913200065938e-01,5.796048443339227862e-01,8.232023131454103970e-02,1.000000000000000000e+00,2.214926972462803734e-01,4.501674730462899565e-01,6.162790986738646559e-01,2.890837523692087463e-01,4.158033000412517111e-01,1.235309927768610400e-01,-6.655482939045625004e-03,2.126386348456594244e-01,3.567662106052134630e-01,5.267446281137722064e-01,1.676681701634026855e-01,6.036022986716439442e-01,2.013804176158890541e-02,3.182054575897171333e-01,5.297226486067893036e-01,5.823165786479690409e-01,3.185815466577905930e-01,1.348339912896185377e-01,-6.824312452122442696e-02,-1.006807760694039405e-01,1.786760836853566459e-01,2.677777915091879568e-01
3.092728503420659747e-01,2.303906651146147566e-01,1.849737612220344607e-01,-1.433321713326965452e-01,5.258854524838488809e-01,9.861822981064040372e-02,-4.482623610744178588e-01,-1.864171262749607719e-02,5.812320702706424980e-01,2.296700861348304756e-01,-7.486824695553717657e-02,3.346469903435471682e-01,-2.017390281175263089e-02,1.848186688450464965e-01,4.304391317146473717e-01,2.475013451648172547e-01,2.214926972462803734e-01,1.000000000000000000e+00,7.636566506213670058e-01,1.847299230333084297e-01,4.195363118533902702e-02,1.707418174544009792e-01,2.218549299558029708e-01,-6.223484590921632420e-02,1.862769821401262238e-01,2.925379299216647744e-01,1.810238303206002097e-01,1.855439097966817830e-01,2.327828418947443523e-01,5.778548931693346935e-01,2.759676075742386603e-01,2.405839086024386952e-01,2.224217382330517245e-01,7.386498409128033904e-01,-3.504847549482743574e-01,4.224006637811241194e-01,-1.866446635979504554e-01,5.268802167116283242e-01,4.394133100352065058e-01
5.374420345474743010e-01,3.758261161186213783e-01,5.114226800896111147e-01,-2.194822561125399085e-01,8.108812546790592490e-01,2.595036674141990019e-01,-3.062322652376882059e-01,2.199766080781862254e-01,8.033937298654578729e-01,5.288320207896904934e-01,-1.491840543838526822e-01,6.870749066445648312e-01,-2.482796025345312685e-01,4.697923383768487504e-01,6.938364788294196783e-01,4.793883192670896354e-01,4.501674730462899565e-01,7.636566506213670058e-01,1.000000000000000000e+00,5.014082863803622780e-01,3.436955105588912485e-01,4.974885826951200296e-01,4.675260308682734345e-01,1.006369270463519303e-02,4.682334918524921896e-01,6.130425598591420222e-01,5.693995802418607699e-01,3.276475707504010182e-01,4.381173928935731543e-01,6.393782250707872317e-01,5.140995771878302811e-01,5.055320114849864988e-01,5.813165055828044547e-01,7.810318904995390277e-01,-3.872772577082298495e-01,4.637453156342708493e-01,-3.988694775581970720e-01,7.353717337821813471e-01,6.817441689869508936e-01
3.507004404477208070e-01,5.442855942543762572e-03,6.583669004802186198e-01,-3.192654054510071782e-01,5.749013857684772688e-01,2.235553045489981350e-01,-3.652901791281671501e-02,3.001704194378229107e-01,5.357368508536181073e-01,5.756477863953640695e-01,-1.108602526655965148e-01,7.048780564809508098e-01,-4.508910773626695900e-01,5.917817190590498599e-01,6.662622201498733521e-01,4.494399875813278600e-01,6.162790986738646559e-01,1.847299230333084297e-01,5.014082863803622780e-01,1.000000000000000000e+00,5.328854627865280413e-01,6.681136590475336146e-01,4.108683571801994838e-01,1.161976993627932692e-01,5.320378580425403348e-01,6.124122654764572182e-01,6.873012268937663816e-01,3.243953718167064681e-01,5.251460038868230873e-01,1.383678148775529249e-01,5.808194939439133009e-01,5.636663069973788520e-01,7.448760674346881494e-01,2.845059246091461991e-01,-2.525365734018721886e-01,7.779584424039960588e-02,-3.791735597789371859e-01,3.269423033646928212e-01,5.445157112226046703e-01
5.944272318443963865e-01,3.868429853146145292e-01,7.488574189067375153e-01,-4.668515630582086295e-01,5.760236016371327317e-01,5.577106860645195674e-01,-6.752046936714016512e-02,5.810151727977490577e-01,4.908953718010835576e-01,7.037320706461698272e-01,-4.257625657193491731e-01,6.177397702398190749e-01,-5.293377352439908590e-01,5.696860175072794297e-01,5.334216580101849292e-01,6.541424655933278931e-01,2.890837523692087463e-01,4.195363118533902702e-02,3.436955105588912485e-01,5.328854627865280413e-01,1.000000000000000000e+00,6.780606912860266400e-01,5.800415485247004677e-01,9.408635821126315468e-02,6.807147923834121483e-01,6.861618150680225403e-01,6.983717194982839160e-01,6.222829607170168309e-01,4.592138692280119394e-01,2.401089198078672216e-01,7.134824735877971502e-01,5.137583977649700095e-01,6.779875416621222728e-01,1.842319855673112960e-01,-3.955153912806642080e-01,2.963612606900215551e-01,-5.648459531371212705e-01,4.406022457651118662e-01,6.007899704585473177e-01
7.222808212479214784e-01,3.535929562062615772e-01,9.197335343148784759e-01,-5.246123912215050478e-01,7.455203815936856104e-01,6.637139114502114134e-01,-1.031405226054670915e-01,7.371781451420394982e-01,6.612347221798360319e-01,8.986220364440750119e-01,-5.180455713920634198e-01,8.464839040955490779e-01,-7.016294012975631267e-01,6.285080842567618564e-01,6.630527787766796743e-01,8.086990053766435205e-01,4.158033000412517111e-01,1.707418174544009792e-01,4.974885826951200296e-01,6.681136590475336146e-01,6.780606912860266400e-01,1.000000000000000000e+00,7.481986538896105987e-01,1.761069985257283921e-01,8.806739395637465107e-01,7.393890506963128884e-01,8.616129693164835679e-01,6.175511076310354897e-01,6.065319190049071052e-01,3.127685111769462623e-01,8.424924499187712579e-01,7.595455354666841297e-01,8.825126299354377757e-01,3.720303948044077491e-01,-4.246718399374738162e-01,2.858388782965673447e-01,-6.893406777452263379e-01,5.446745474567340484e-01,7.752227051967880422e-01
8.619261354863233526e-01,6.761096301352524929e-01,7.220212399973152673e-01,-3.389068788220518380e-01,6.981064275394245344e-01,7.439748869034599199e-01,-1.621875051409819024e-01,7.384662316504443380e-01,5.554445799450884458e-01,8.345590918239957912e-01,-6.821015298098356272e-01,6.356826558751149658e-01,-5.091944305171602903e-01,5.914866872709194645e-01,5.151051334470235776e-01,8.941748522634420659e-01,1.235309927768610400e-01,2.218549299558029708e-01,4.675260308682734345e-01,4.108683571801994838e-01,5.800415485247004677e-01,7.481986538896105987e-01,1.000000000000000000e+00,1.499653561912802913e-01,8.686438150367429278e-01,6.730882485045539543e-01,6.962427318068609150e-01,6.523548150849800553e-01,4.853517132723939587e-01,4.687204736962600204e-01,6.949175438928381077e-01,6.492006901959213039e-01,6.275334913245220747e-01,4.102663435463748121e-01,-5.511565265088204102e-01,5.117995345462983403e-01,-6.635439622776814206e-01,6.874160030598627236e-01,7.404732357916681273e-01
1.622299099203715622e-01,8.714723361204516905e-02,1.411437924181593029e-01,-2.226762797251818360e-01,8.067114012471898743e-02,-1.348235159120760029e-01,-6.721064433887698197e-02,2.142003373469699434e-01,1.803874814452513867e-02,1.289237623311501324e-01,-1.922043883022984678e-01,1.705482019015534534e-01,-1.981737227920881694e-01,7.404078336643150904e-02,1.206484074959528613e-01,1.381279356034309513e-01,-6.655482939045625004e-03,-6.223484590921632420e-02,1.006369270463519303e-02,1.161976993627932692e-01,9.408635821126315468e-02,1.761069985257283921e-01,1.499653561912802913e-01,1.000000000000000000e+00,1.539855721116629161e-01,7.626316099890406708e-02,8.501144129635962443e-02,7.342677399209385225e-02,8.191924916616612207e-02,-9.792415067630812209e-02,1.216502200369532771e-01,1.267628482538850632e-01,1.205209382783327676e-01,1.870105933159510458e-02,-1.537443267148876358e-01,-5.622799276828843035e-02,-6.990176596814544341e-02,7.912530117692405385e-02,3.762346295756521450e-03
8.409166843548316894e-01,5.668961868780195701e-01,8.890530547125562455e-01,-5.540746633478985661e-01,7.511172305685105410e-01,8.089110657561118245e-01,-2.395449164048467361e-01,8.025252191064947693e-01,6.429458584926577291e-01,9.488102402735467678e-01,-6.915618334412946266e-01,7.598123674023927743e-01,-6.925448954756355802e-01,6.004380835262923544e-01,5.807868690080707497e-01,9.233813325689085305e-01,2.126386348456594244e-01,1.862769821401262238e-01,4.682334918524921896e-01,5.320378580425403348e-01,6.807147923834121483e-01,8.806739395637465107e-01,8.686438150367429278e-01,1.539855721116629161e-01,1.000000000000000000e+00,7.788053916003646604e-01,7.909360946619371502e-01,7.156001888577556702e-01,5.020717993069148122e-01,4.068456235192190462e-01,8.204934309226539213e-01,6.736363462628891519e-01,7.988317030261056217e-01,4.069868732900654984e-01,-5.435275332131359605e-01,4.333265305958046154e-01,-7.492622404162058158e-01,6.483547680036303440e-01,8.177894720971992104e-01
7.083873749940106102e-01,5.182450908493643205e-01,8.074014562690311481e-01,-4.354470504210684600e-01,8.022932395977958597e-01,5.826284181561600661e-01,-2.424712977863019703e-01,5.682424708905242650e-01,6.615763798745398772e-01,8.109645437275277979e-01,-4.760601311281175696e-01,7.435635561665430160e-01,-5.147430022813846984e-01,6.884032892055371722e-01,5.947137908112636318e-01,7.302769603356623618e-01,3.567662106052134630e-01,2.925379299216647744e-01,6.130425598591420222e-01,6.124122654764572182e-01,6.861618150680225403e-01,7.393890506963128884e-01,6.730882485045539543e-01,7.626316099890406708e-02,7.788053916003646604e-01,1.000000000000000000e+00,8.264135744479337298e-01,6.890868494100880204e-01,5.255723411052378724e-01,3.834604730607297229e-01,7.346492906503796494e-01,5.802516528285411868e-01,8.125541449271334038e-01,4.136904058254593508e-01,-4.697743872991368974e-01,3.939967326418866156e-01,-6.054210374818378426e-01,6.294123955856505415e-01,7.768825396673182393e-01
6.746391840033114651e-01,3.821609085883813650e-01,8.780460533509224508e-01,-3.865732195589315356e-01,7.887490522909580415e-01,5.584158453791078225e-01,-3.532509417669867785e-02,6.235237291707679264e-01,6.657486588700630703e-01,8.230302989909363820e-01,-3.957658831558842349e-01,8.456546122502905938e-01,-5.983980035899824079e-01,7.060334087939595937e-01,6.632853022067392024e-01,7.126987006325711249e-01,5.267446281137722064e-01,1.810238303206002097e-01,5.693995802418607699e-01,6.873012268937663816e-01,6.983717194982839160e-01,8.616129693164835679e-01,6.962427318068609150e-01,8.501144129635962443e-02,7.909360946619371502e-01,8.264135744479337298e-01,1.000000000000000000e+00,5.713456204394524729e-01,6.312668685123320467e-01,3.083648840388413803e-01,7.989429525135386401e-01,7.454823294873567097e-01,8.977773221400910941e-01,3.382173291481315180e-01,-3.277348448087056276e-01,3.160407608213194885e-01,-6.381455022920158315e-01,5.479767381054237996e-01,7.626176392919231661e-01
6.827964790280250940e-01,5.450189087188489490e-01,6.863544240843023614e-01,-5.833768906645061536e-01,5.437137380662825370e-01,6.317327004270514301e-01,-2.219298015470295149e-01,6.374587065460158852e-01,5.080562325757475017e-01,7.150781027587259642e-01,-4.982318570815568171e-01,4.978042492025142041e-01,-3.518548063378068580e-01,4.908682411979906624e-01,3.968741510247324467e-01,7.044534350754112495e-01,1.676681701634026855e-01,1.855439097966817830e-01,3.276475707504010182e-01,3.243953718167064681e-01,6.222829607170168309e-01,6.175511076310354897e-01,6.523548150849800553e-01,7.342677399209385225e-02,7.156001888577556702e-01,6.890868494100880204e-01,5.713456204394524729e-01,1.000000000000000000e+00,4.020689284633213734e-01,3.128936052783568011e-01,6.637102523682322230e-01,4.157019720638006621e-01,5.771279500060544354e-01,3.102880925773376930e-01,-3.800563273475140447e-01,4.082616799769448468e-01,-5.443261462321398181e-01,5.418487837454550871e-01,5.851305364146361931e-01
4.524358847285149254e-01,1.890858908690510876e-01,5.703873511938725160e-01,-1.878466709920577904e-01,5.003836398132922580e-01,2.422980990113884625e-01,1.358986388215064622e-01,3.072199860903330193e-01,5.010883222933029124e-01,5.222640964132424513e-01,-5.481501729443440107e-02,5.569108967821685408e-01,-2.907991015631302689e-01,5.628081965794320407e-01,4.987257424349557655e-01,4.253508530261367881e-01,6.036022986716439442e-01,2.327828418947443523e-01,4.381173928935731543e-01,5.251460038868230873e-01,4.592138692280119394e-01,6.065319190049071052e-01,4.853517132723939587e-01,8.191924916616612207e-02,5.020717993069148122e-01,5.255723411052378724e-01,6.312668685123320467e-01,4.020689284633213734e-01,1.000000000000000000e+00,1.771402092758067592e-01,5.736787714709919994e-01,5.686599264437705026e-01,6.153059965948557419e-01,3.283833202125954198e-01,-1.554704088286196217e-01,1.231916887748913669e-01,-2.035498582160955583e-01,3.567345465021871109e-01,4.536247589030941163e-01
5.746756580302913031e-01,4.797718995570198208e-01,3.399968315559354637e-01,-1.518640524180900064e-01,5.945022263167486498e-01,4.195157970889668020e-01,-3.067938077421673015e-01,2.788824333886379958e-01,6.103449693081286487e-01,4.397072660424661827e-01,-3.354546776599802160e-01,4.096507266777896783e-01,-2.362517013968186419e-01,3.627291754656176148e-01,3.771735140768222028e-01,4.786341037738745530e-01,2.013804176158890541e-02,5.778548931693346935e-01,6.393782250707872317e-01,1.383678148775529249e-01,2.401089198078672216e-01,3.127685111769462623e-01,4.687204736962600204e-01,-9.792415067630812209e-02,4.068456235192190462e-01,3.834604730607297229e-01,3.083648840388413803e-01,3.128936052783568011e-01,1.771402092758067592e-01,1.000000000000000000e+00,3.672997134167828581e-01,2.774167752466377701e-01,3.245620436983389090e-01,6.118919198188472741e-01,-4.222081576999142105e-01,7.383632051651962680e-01,-3.942182968437992208e-01,6.805741654654660078e-01,6.278503210451548133e-01
7.267874064031010217e-01,4.610776189706936035e-01,9.019854135301000886e-01,-4.993968575247094144e-01,7.456373766347531573e-01,6.901579370664832069e-01,-2.375346051996576890e-01,7.301265674916832538e-01,6.314293153389263225e-01,8.453434015147364144e-01,-5.740900629208086636e-01,7.626385233452028789e-01,-7.561688170260987274e-01,5.850662260679017068e-01,6.418171981564376738e-01,7.771093082481571601e-01,3.182054575897171333e-01,2.759676075742386603e-01,5.140995771878302811e-01,5.808194939439133009e-01,7.134824735877971502e-01,8.424924499187712579e-01,6.949175438928381077e-01,1.216502200369532771e-01,8.204934309226539213e-01,7.346492906503796494e-01,7.989429525135386401e-01,6.637102523682322230e-01,5.736787714709919994e-01,3.672997134167828581e-01,1.000000000000000000e+00,5.974901290073797444e-01,8.030279631277014163e-01,3.549714274074448062e-01,-4.851876137577890158e-01,3.708321009675270008e-01,-6.890677405745790907e-01,5.705702400283380049e-01,7.597445863997716042e-01
5.724171013570484856e-01,2.050688503420217412e-01,6.883137186260177565e-01,-2.745201774280845997e-01,6.727242400131754341e-01,4.144816289191476377e-01,7.357331421676630012e-02,4.492379676946793854e-01,6.465254539703280123e-01,7.006654786934909396e-01,-2.804224979395121276e-01,7.415901591077743715e-01,-3.747919402484178875e-01,5.480693401712570800e-01,6.200649917873999328e-01,6.221235191565059885e-01,5.297226486067893036e-01,2.405839086024386952e-01,5.055320114849864988e-01,5.636663069973788520e-01,5.137583977649700095e-01,7.595455354666841297e-01,6.492006901959213039e-01,1.267628482538850632e-01,6.736363462628891519e-01,5.802516528285411868e-01,7.454823294873567097e-01,4.157019720638006621e-01,5.686599264437705026e-01,2.774167752466377701e-01,5.974901290073797444e-01,1.000000000000000000e+00,7.322728677099634709e-01,4.260706308015217436e-01,-2.916442518922048865e-01,2.786527860166973514e-01,-5.101656073135076852e-01,4.862064675687871040e-01,6.324328076642193874e-01
6.401277341659491471e-01,2.660814770744500679e-01,9.098614549076076141e-01,-5.390321015635874957e-01,7.701661811779637601e-01,5.106486321261088923e-01,-1.041890666908844298e-01,6.024450524870731405e-01,7.390048042999382005e-01,8.489919546350058743e-01,-3.573158788071606473e-01,8.865900969124846931e-01,-6.553053806858495367e-01,6.644566474223042585e-01,7.068792503792862281e-01,6.965725353870948489e-01,5.823165786479690409e-01,2.224217382330517245e-01,5.813165055828044547e-01,7.448760674346881494e-01,6.779875416621222728e-01,8.825126299354377757e-01,6.275334913245220747e-01,1.205209382783327676e-01,7.988317030261056217e-01,8.125541449271334038e-01,8.977773221400910941e-01,5.771279500060544354e-01,6.153059965948557419e-01,3.245620436983389090e-01,8.030279631277014163e-01,7.322728677099634709e-01,1.000000000000000000e+00,3.926545504696126176e-01,-3.605477557454966342e-01,2.819338976774062866e-01,-6.380996601821549152e-01,5.254935855774021114e-01,7.629462622671935312e-01
4.462161269303095978e-01,3.239019913209648105e-01,3.588267289633217394e-01,-3.219029306523241707e-01,6.962986903139483097e-01,2.415347773713560631e-01,-4.419602181452557121e-01,1.218538372342563708e-01,7.759466189939810965e-01,4.406354299573458921e-01,-1.245452785341657070e-01,5.790011418069973548e-01,-1.254924655852779347e-01,3.387253039746564998e-01,6.222122768998362696e-01,4.285322815289882015e-01,3.185815466577905930e-01,7.386498409128033904e-01,7.810318904995390277e-01,2.845059246091461991e-01,1.842319855673112960e-01,3.720303948044077491e-01,4.102663435463748121e-01,1.870105933159510458e-02,4.069868732900654984e-01,4.136904058254593508e-01,3.382173291481315180e-01,3.102880925773376930e-01,3.283833202125954198e-01,6.118919198188472741e-01,3.549714274074448062e-01,4.260706308015217436e-01,3.926545504696126176e-01,1.000000000000000000e+00,-3.361529650727129725e-01,4.562908316859574098e-01,-2.984386517668407568e-01,7.227283527628141080e-01,6.497667634699403338e-01
-6.131934736229586180e-01,-4.189903940011160399e-01,-4.674401586274331000e-01,2.817008007375819689e-01,-4.912179902087744354e-01,-5.697515150483489776e-01,4.064894720579277365e-01,-5.015677817939664385e-01,-3.487635911106389819e-01,-5.435536051394666002e-01,5.892647380352272757e-01,-3.734993015644046399e-01,5.054372176812740314e-01,-1.297919317797510685e-01,-3.639815023084722601e-01,-6.274607221188442940e-01,1.348339912896185377e-01,-3.504847549482743574e-01,-3.872772577082298495e-01,-2.525365734018721886e-01,-3.955153912806642080e-01,-4.246718399374738162e-01,-5.511565265088204102e-01,-1.537443267148876358e-01,-5.435275332131359605e-01,-4.697743872991368974e-01,-3.277348448087056276e-01,-3.800563273475140447e-01,-1.554704088286196217e-01,-4.222081576999142105e-01,-4.851876137577890158e-01,-2.916442518922048865e-01,-3.605477557454966342e-01,-3.361529650727129725e-01,1.000000000000000000e+00,-4.317624211488668151e-01,6.921936197389115808e-01,-4.959483285633565774e-01,-4.850046688061619427e-01
5.855034831464243084e-01,6.062997316264558956e-01,3.301962855090524451e-01,-1.803188625457952110e-01,5.199292672474398191e-01,4.511747686104896071e-01,-2.807032111013198494e-01,3.323259149302746907e-01,5.409187223597013983e-01,4.555321393633869897e-01,-4.100261216105078321e-01,3.520498650754210201e-01,-2.124353188666683878e-01,3.281839840814879117e-01,2.782905473528258788e-01,5.172754989347694288e-01,-6.824312452122442696e-02,4.224006637811241194e-01,4.637453156342708493e-01,7.779584424039960588e-02,2.963612606900215551e-01,2.858388782965673447e-01,5.117995345462983403e-01,-5.622799276828843035e-02,4.333265305958046154e-01,3.939967326418866156e-01,3.160407608213194885e-01,4.082616799769448468e-01,1.231916887748913669e-01,7.383632051651962680e-01,3.708321009675270008e-01,2.786527860166973514e-01,2.819338976774062866e-01,4.562908316859574098e-01,-4.317624211488668151e-01,1.000000000000000000e+00,-4.153667391217784610e-01,6.213672787065278591e-01,5.695143073338196915e-01
-7.021217470091066781e-01,-4.285066152262367312e-01,-7.395264100050180645e-01,3.979461510530834523e-01,-6.103708122260799174e-01,-7.210492066922176146e-01,2.966542540050888799e-01,-6.977755295877545727e-01,-4.897409905247235296e-01,-7.572626180139185870e-01,6.472738471799650561e-01,-6.233525857503534606e-01,6.668359675538972908e-01,-2.938925457881872982e-01,-5.081559513238410597e-01,-7.586996958424896409e-01,-1.006807760694039405e-01,-1.866446635979504554e-01,-3.988694775581970720e-01,-3.791735597789371859e-01,-5.648459531371212705e-01,-6.893406777452263379e-01,-6.635439622776814206e-01,-6.990176596814544341e-02,-7.492622404162058158e-01,-6.054210374818378426e-01,-6.381455022920158315e-01,-5.443261462321398181e-01,-2.035498582160955583e-01,-3.942182968437992208e-01,-6.890677405745790907e-01,-5.101656073135076852e-01,-6.380996601821549152e-01,-2.984386517668407568e-01,6.921936197389115808e-01,-4.153667391217784610e-01,1.000000000000000000e+00,-5.226675027651088712e-01,-6.360445056856335322e-01
7.514174843197644060e-01,6.776977696979135102e-01,5.824519079551992995e-01,-3.583830598382193311e-01,8.056288092525101252e-01,5.339866207694445865e-01,-3.115807773912523393e-01,4.872121487914986004e-01,7.298299696086341104e-01,6.659601047872644175e-01,-4.275539394521813419e-01,6.164465476210724271e-01,-3.373653518771683735e-01,5.775933403672232069e-01,5.919819693498366009e-01,7.013776373441586998e-01,1.786760836853566459e-01,5.268802167116283242e-01,7.353717337821813471e-01,3.269423033646928212e-01,4.406022457651118662e-01,5.446745474567340484e-01,6.874160030598627236e-01,7.912530117692405385e-02,6.483547680036303440e-01,6.294123955856505415e-01,5.479767381054237996e-01,5.418487837454550871e-01,3.567345465021871109e-01,6.805741654654660078e-01,5.705702400283380049e-01,4.862064675687871040e-01,5.254935855774021114e-01,7.227283527628141080e-01,-4.959483285633565774e-01,6.213672787065278591e-01,-5.226675027651088712e-01,1.000000000000000000e+00,8.131365507895182976e-01
7.831185693899869182e-01,5.677399764071868749e-01,8.002498806498312689e-01,-4.635930103096390087e-01,8.930243378729080250e-01,7.003335326508388636e-01,-3.381243176886188362e-01,6.060640058447207545e-01,7.790774371370684515e-01,8.487179327103380189e-01,-5.263508295254328839e-01,8.011181849143605982e-01,-5.753108545787001260e-01,6.990147761556088080e-01,6.575507456615847790e-01,8.103664450829424215e-01,2.677777915091879568e-01,4.394133100352065058e-01,6.817441689869508936e-01,5.445157112226046703e-01,6.007899704585473177e-01,7.752227051967880422e-01,7.404732357916681273e-01,3.762346295756521450e-03,8.177894720971992104e-01,7.768825396673182393e-01,7.626176392919231661e-01,5.851305364146361931e-01,4.536247589030941163e-01,6.278503210451548133e-01,7.597445863997716042e-01,6.324328076642193874e-01,7.629462622671935312e-01,6.497667634699403338e-01,-4.850046688061619427e-01,5.695143073338196915e-01,-6.360445056856335322e-01,8.131365507895182976e-01,1.000000000000000000e+00
