1.000000000000000000e+00,3.531087433809574350e-01,2.602884052046657848e-01,-6.025070132255716526e-02,1.642595086691250872e-01,2.022928775509494695e-02,1.018026280067596823e-01,-2.632021438592621609e-01,1.714808691260992224e-01,1.388981477405820120e-01,-5.394000701431268113e-02,1.420405997696732973e-02,1.521727040547266041e-02,1.634443982394585271e-01,2.695476982907877850e-01,2.164517276027089487e-01,-1.746655008924588026e-01,5.336326933373439219e-02,-7.391424964278882175e-03,-4.283882427344368887e-02,-1.074379865611930010e-02,-3.545144065023073110e-02,6.317193038774776559e-02,5.161279339053263804e-02,2.456011780036066461e-01,2.468831922767452114e-01,2.304215558557167268e-02,6.504650028443580145e-02,1.415435833489005202e-01,2.493710081857010985e-01,1.452540878535301672e-01,-5.646219237343624853e-02,-3.482412682040011975e-02,1.291445290299776671e-01,8.597909424028259140e-02,2.086061158246141634e-01,-7.548528179563812612e-02,4.230169143363574080e-01,9.545933111683348182e-02
3.531087433809574350e-01,1.000000000000000000e+00,3.128429921151353044e-02,-1.266114484636118309e-01,1.914583963540885114e-01,-2.766622972246510770e-01,-3.285722810598277199e-01,-5.024589928527658372e-02,-1.098727789316908260e-01,-3.069897317144970605e-01,8.971538519981613058e-02,5.247225146185190425e-01,-4.828948150143563267e-01,2.679366634940573699e-01,-3.814809143328292129e-01,-2.703275054108548181e-01,3.890517232600700093e-02,-4.519987879054660485e-01,-3.604879835748487915e-01,-1.216821784104206022e-01,-2.367295693075971430e-02,-1.688247750360994948e-01,-2.337195102458016760e-01,8.986735683540759967e-02,3.057360051851755189e-01,3.791538062873489046e-01,5.872627994866884693e-01,4.994555868417629996e-01,2.496546076122017621e-01,-2.802063738861317876e-01,-3.300823722076307726e-02,-1.296432687385719595e-01,-1.178619641905892940e-01,-2.540810315058151247e-01,-3.611138168924747371e-01,-1.232235928864881674e-01,3.489863826256850432e-01,7.020960576052358293e-02,1.324950565531437530e-01
2.602884052046657848e-01,3.128429921151353044e-02,1.000000000000000000e+00,-2.425998191658580716e-02,3.629439295221589257e-01,5.594070031694551304e-01,3.897831766488577543e-01,-8.731370163409407636e-01,4.127780469390326945e-01,5.524915749753814831e-01,-1.528029640718213955e-01,-1.676042785072434926e-01,3.961087787926720338e-01,3.131997835503342320e-01,2.436453558638911887e-01,5.214913177582615189e-01,3.253876096364660686e-01,5.198583898294741878e-01,6.133636444514821706e-01,-7.112171853616504336e-02,4.595801252436279016e-01,2.697704472054821001e-01,6.328676573089380142e-01,4.561706863360860398e-01,7.865612457571154181e-02,-1.138278639498275374e-02,-2.043311266237792662e-02,-1.237737871757629698e-01,-2.631782764667971453e-01,4.963560186273923147e-01,5.486568312998404418e-01,5.123308363071303884e-01,6.429782221196410630e-01,5.790476549416861962e-01,4.324851811533106938e-01,5.958468477181456668e-01,5.053705854679981790e-01,-2.322860977832601759e-01,5.319952634918212464e-01
-6.025070132255716526e-02,-1.266114484636118309e-01,-2.425998191658580716e-02,1.000000000000000000e+00,-1.410281413388320693e-01,-1.236693640933359956e-01,2.412226278916875521e-01,-2.860112347695296930e-02,-3.298744672551675583e-01,-2.614959833296251479e-01,1.008275983766122319e-01,1.617215306338942726e-01,-6.240248069818533222e-02,-1.686965255195874425e-01,5.626377057944982607e-02,-2.768284855992980686e-01,8.694491321030989317e-02,-5.685783025172064936e-02,-1.591074021952300077e-01,-6.588737772195391723e-03,1.432975951223662281e-01,-1.313508808437459652e-01,-1.846083320761932323e-01,-1.689362520226855291e-01,-2.529983812856019879e-02,1.637764256992484679e-01,-1.717862227249431981e-02,6.532238252754828112e-02,2.031136485089085064e-01,3.071347112957189401e-02,-2.423824169680771287e-02,-1.233659117907843078e-01,-3.094493407106420346e-02,-1.946556949109966017e-01,1.488256204630417426e-02,-3.137065202217289017e-01,-7.924223943225401634e-02,1.067300103818808604e-01,-1.380891482711409102e-01
1.642595086691250872e-01,1.914583963540885114e-01,3.629439295221589257e-01,-1.410281413388320693e-01,1.000000000000000000e+00,-7.195923783593687062e-02,-3.128095063908081092e-02,-3.608235195878057300e-01,3.811233166239868519e-01,8.975292258841335857e-02,3.154304718518340378e-01,2.062325698519564265e-01,-1.433896536534641775e-01,4.657544672407055164e-01,2.630281460369837676e-01,7.326044757929477125e-02,3.898049664041542406e-01,1.770961935837955525e-01,2.944326697035110074e-01,-3.904191705033426274e-01,-8.379067762337900904e-02,-2.459022886901096050e-01,1.189385647063169044e-01,1.456469847711979737e-01,2.956516029468180817e-01,2.967967854501096792e-01,3.832636998115807048e-01,2.012891898425206161e-01,-8.397955191056079294e-02,9.297381742230716173e-02,-1.957903204536086059e-02,9.974428762477795252e-02,1.344245852827539722e-01,4.995328008394868680e-01,-1.757931335357889868e-01,4.254327347983319352e-01,2.057891910424978210e-01,1.740393136267429364e-01,4.788338189421849633e-01
2.022928775509494695e-02,-2.766622972246510770e-01,5.594070031694551304e-01,-1.236693640933359956e-01,-7.195923783593687062e-02,1.000000000000000000e+00,5.628441838882403125e-01,-5.153828092162874297e-01,5.364811350591446315e-01,7.732388405827532729e-01,-3.803520317880671464e-01,-4.395456227387802284e-01,7.732779829422663509e-01,-1.623524644509009296e-01,3.139599465914206800e-01,6.944039046757410905e-01,1.953401937041599756e-01,6.349139318281267208e-01,6.625097530775869714e-01,4.563640906113320406e-01,5.471366771880717961e-01,6.299385712525924497e-01,8.329363688320143844e-01,4.456978254863880884e-01,-1.210848769450170725e-01,-5.394812346854189755e-01,-5.616456545893336871e-01,-4.542311786386780126e-01,-3.193712001766155772e-01,6.725862553968103841e-01,5.619748873441797743e-01,6.548463752241602265e-01,7.582400059972856932e-01,5.855505366181189553e-01,8.219891930325100571e-01,4.171479978978838710e-01,4.887688048515775874e-01,-3.863507516827885402e-01,4.203139479444506499e-01
1.018026280067596823e-01,-3.285722810598277199e-01,3.897831766488577543e-01,2.412226278916875521e-01,-3.128095063908081092e-02,5.628441838882403125e-01,1.000000000000000000e+00,-3.290766553232344904e-01,3.234853485141062079e-01,5.809105342676134098e-01,-1.275942257089971721e-01,-2.578482451071757997e-01,6.492752647508720498e-01,-2.373104055241601895e-01,4.427847626338309861e-01,5.230479292181442474e-01,2.283170987612881120e-01,4.925225236065731704e-01,4.643826633865916209e-01,3.852535768139406236e-01,3.218929616607486000e-01,4.777363125704474078e-01,5.789822451164784445e-01,1.657057884476756116e-01,-3.125531712307049181e-01,-4.610563144531827917e-01,-6.050784312738807236e-01,-4.655049438239450832e-01,-2.948027188434265700e-01,6.583413638598907269e-01,3.903489718738921144e-01,5.006659992025251915e-01,4.873034383801195246e-01,5.031070021040351392e-01,6.056043858324504647e-01,2.684175147603264366e-01,1.534953878837956032e-01,-1.391552764339816228e-01,3.763283588537108537e-01
-2.632021438592621609e-01,-5.024589928527658372e-02,-8.731370163409407636e-01,-2.860112347695296930e-02,-3.608235195878057300e-01,-5.153828092162874297e-01,-3.290766553232344904e-01,1.000000000000000000e+00,-3.952428241851512758e-01,-4.891298530353908602e-01,1.615696335165233422e-01,1.751955413301611864e-01,-3.419760933443612427e-01,-3.153975490031447060e-01,-2.794968823799918178e-01,-4.854360287342500690e-01,-3.260984661547073893e-01,-5.262998824123473751e-01,-5.929691877936031918e-01,6.916542903430153433e-02,-5.075106310598490600e-01,-1.852646730801617014e-01,-5.619138385725351847e-01,-4.679497143174531359e-01,-1.712948990884048395e-01,-6.122119175621189291e-02,-4.843766295471741042e-03,5.202725157016641760e-02,1.265746673146688484e-01,-4.531641283414654664e-01,-5.186498422673844200e-01,-4.328901940398638959e-01,-6.245234343492502838e-01,-5.272528746363887020e-01,-4.333177277300301888e-01,-5.177165059595028040e-01,-4.912068359303572995e-01,1.323947242592278806e-01,-4.689598197611043462e-01
1.714808691260992224e-01,-1.098727789316908260e-01,4.127780469390326945e-01,-3.298744672551675583e-01,3.811233166239868519e-01,5.364811350591446315e-01,3.234853485141062079e-01,-3.952428241851512758e-01,1.000000000000000000e+00,6.767524010670129542e-01,-1.609835052068767369e-01,-2.411426923917918685e-01,5.236814902609328026e-01,1.596358620922058991e-01,3.774459850670989769e-01,6.353432406051852110e-01,2.293929928187448952e-01,5.154623534193627510e-01,6.164301310315793980e-01,1.444926890932420882e-01,1.183545140329272799e-01,3.088655222529302358e-01,6.449919185431024493e-01,3.881059445167814315e-01,1.165152631334847493e-03,-3.698819125193098523e-01,-3.334048131936682147e-01,-3.907062620150832943e-01,-3.703013572848918855e-01,5.252022679297135843e-01,4.117357027043717643e-01,5.147229089239945266e-01,4.960846814604957800e-01,6.810895008861973521e-01,4.243702332403675448e-01,5.622879024027276351e-01,2.406309776712255710e-01,-3.615526245207872219e-02,5.649005747137627598e-01
1.388981477405820120e-01,-3.069897317144970605e-01,5.524915749753814831e-01,-2.614959833296251479e-01,8.975292258841335857e-02,7.732388405827532729e-01,5.809105342676134098e-01,-4.891298530353908602e-01,6.767524010670129542e-01,1.000000000000000000e+00,-2.898211178575766378e-01,-3.847249676823892295e-01,8.212180818068296473e-01,1.236400098787812304e-02,4.465556132139927858e-01,8.864877700689034468e-01,2.180108136061073287e-01,6.990034803300709809e-01,7.456240198501606908e-01,3.086362072565381198e-01,2.504933889459186602e-01,5.674066625530812535e-01,8.566797195906987739e-01,4.248409519790912192e-01,-2.480723794597586851e-01,-5.964137589792518623e-01,-6.093053509559632763e-01,-6.303462962395030011e-01,-5.613260587576625049e-01,7.471535410165943691e-01,5.615897757430509118e-01,6.726773893266387860e-01,6.613661404845573299e-01,7.252587214475694211e-01,6.955641544012517441e-01,6.202767403997120343e-01,2.769349884056909183e-01,-2.511277755611490692e-01,5.303879481552083996e-01
-5.394000701431268113e-02,8.971538519981613058e-02,-1.528029640718213955e-01,1.008275983766122319e-01,3.154304718518340378e-01,-3.803520317880671464e-01,-1.275942257089971721e-01,1.615696335165233422e-01,-1.609835052068767369e-01,-2.898211178575766378e-01,1.000000000000000000e+00,3.134873047801345347e-01,-3.117302688971160252e-01,1.265917886719487295e-01,-3.822008607895598792e-02,-2.864185802647338797e-01,4.274408141122422733e-01,-2.283191988509375714e-01,-1.923129443036109554e-01,-2.170495790741812370e-01,-2.384144571480574792e-01,-2.590240435068452141e-01,-2.838740887306750449e-01,-2.585042480602428583e-01,-1.799947285406557421e-02,2.581106890863428815e-01,3.597664987686866600e-01,1.951692232656278003e-01,1.074077030209637795e-01,-3.074664238431833452e-01,-2.176690812161841959e-01,2.412306757900851625e-02,-2.122525443643300813e-01,-5.219881679725148910e-02,-3.603078060618920553e-01,-1.303929344243484056e-01,-1.256341752685453117e-01,2.125192243108395274e-01,2.906858476891492626e-02
1.420405997696732973e-02,5.247225146185190425e-01,-1.676042785072434926e-01,1.617215306338942726e-01,2.062325698519564265e-01,-4.395456227387802284e-01,-2.578482451071757997e-01,1.751955413301611864e-01,-2.411426923917918685e-01,-3.847249676823892295e-01,3.134873047801345347e-01,1.000000000000000000e+00,-4.719380950857760548e-01,1.109791445286223283e-01,-3.101992110026553506e-01,-3.933517158621442911e-01,2.505073227660836177e-01,-5.010851681525620993e-01,-3.835631422323824147e-01,-1.733808797390917200e-01,-2.962804252410945471e-01,-1.782982590722570204e-01,-3.836084845358848083e-01,-2.873827692636783393e-01,-5.422839265285960691e-02,2.568181589374988749e-01,5.332439205225156797e-01,2.530893147055031100e-01,9.015405788044916768e-02,-3.234227507888289277e-01,-6.391845918026217710e-02,-1.792003685579802164e-01,-2.426838096328250705e-01,-2.263444473000097712e-01,-4.219717560699587922e-01,-2.589005887427348052e-01,1.159634220916505587e-01,1.555875259629322382e-01,1.761542018086201811e-01
1.521727040547266041e-02,-4.828948150143563267e-01,3.961087787926720338e-01,-6.240248069818533222e-02,-1.433896536534641775e-01,7.732779829422663509e-01,6.492752647508720498e-01,-3.419760933443612427e-01,5.236814902609328026e-01,8.212180818068296473e-01,-3.117302688971160252e-01,-4.719380950857760548e-01,1.000000000000000000e+00,-2.105555155742132034e-01,3.870752468168660032e-01,7.530021848234227377e-01,1.208507811126638964e-01,6.672841823070891909e-01,6.773466616325400924e-01,4.109935644490270712e-01,2.675303961036077927e-01,6.240850402093031102e-01,7.844766915424933318e-01,2.860575077130807498e-01,-3.945022574964472395e-01,-7.325556181414897283e-01,-7.629678615411876752e-01,-7.321955693128313625e-01,-5.290969284793344274e-01,7.023075101048538160e-01,5.338935608761857798e-01,6.574081174708600317e-01,5.964308571647951585e-01,6.048961279296752869e-01,7.485456240994881050e-01,3.938304647111685597e-01,1.342204253874847431e-01,-3.485742220889759269e-01,3.669604164327175955e-01
1.634443982394585271e-01,2.679366634940573699e-01,3.131997835503342320e-01,-1.686965255195874425e-01,4.657544672407055164e-01,-1.623524644509009296e-01,-2.373104055241601895e-01,-3.153975490031447060e-01,1.596358620922058991e-01,1.236400098787812304e-02,1.265917886719487295e-01,1.109791445286223283e-01,-2.105555155742132034e-01,1.000000000000000000e+00,-3.450788602925629334e-02,1.080219876446925631e-01,1.561669075896081615e-01,-4.021994287762387793e-02,9.041773556656665378e-02,-3.633656321487588325e-01,-5.775159178553503775e-02,-2.118469743549105666e-01,4.178882717193135171e-02,3.785473856155877059e-01,2.729173152573762806e-01,3.737823127816244928e-01,4.009899938357917026e-01,2.145010971071361350e-01,-3.021576102964950578e-02,-4.600947760499573408e-02,1.007134394165698638e-01,-3.828635029246213461e-02,5.271105738778371352e-02,1.606354464629934642e-01,-2.424627864077501804e-01,2.873345440407807372e-01,1.369162028847452361e-01,1.407896143947284240e-01,2.504928334313402116e-01
2.695476982907877850e-01,-3.814809143328292129e-01,2.436453558638911887e-01,5.626377057944982607e-02,2.630281460369837676e-01,3.139599465914206800e-01,4.427847626338309861e-01,-2.794968823799918178e-01,3.774459850670989769e-01,4.465556132139927858e-01,-3.822008607895598792e-02,-3.101992110026553506e-01,3.870752468168660032e-01,-3.450788602925629334e-02,1.000000000000000000e+00,4.444574120733417177e-01,1.205546701194702558e-01,6.809018364760854869e-01,4.889439136781538742e-01,-9.178537520581089154e-03,5.877822573254160021e-02,3.372240148080211941e-02,3.351856006994626824e-01,7.665188617174957530e-02,-5.315915633630614867e-02,-9.198307547250833549e-02,-4.447406644178855673e-01,-1.864639360492897358e-01,-1.180297833730874490e-01,5.157059665566976481e-01,1.497057951976893354e-03,2.366651913853659306e-01,2.034695608096368513e-01,5.818002082043541856e-01,3.412624834900048199e-01,3.630148142254931987e-01,-1.131989149705653064e-01,3.439184545142969784e-01,2.489084455086083836e-01
2.164517276027089487e-01,-2.703275054108548181e-01,5.214913177582615189e-01,-2.768284855992980686e-01,7.326044757929477125e-02,6.944039046757410905e-01,5.230479292181442474e-01,-4.854360287342500690e-01,6.353432406051852110e-01,8.864877700689034468e-01,-2.864185802647338797e-01,-3.933517158621442911e-01,7.530021848234227377e-01,1.080219876446925631e-01,4.444574120733417177e-01,1.000000000000000000e+00,1.290133741769996789e-01,6.841848894402817738e-01,6.878829392523108099e-01,2.780519887909514432e-01,2.624333171522473251e-01,5.062122386148892872e-01,7.892374043843742859e-01,4.358671485750911789e-01,-1.987823795164152807e-01,-5.053038525156455796e-01,-5.718765879490774751e-01,-5.717449815521997714e-01,-4.781897504838016344e-01,7.234433259853971787e-01,5.348602375268340925e-01,5.826423201014925279e-01,6.178553001302291570e-01,6.578807678801831260e-01,6.724242473855838176e-01,6.215907307582329011e-01,2.108184942237978088e-01,-1.846600219188862801e-01,4.285841657651469627e-01
-1.746655008924588026e-01,3.890517232600700093e-02,3.253876096364660686e-01,8.694491321030989317e-02,3.898049664041542406e-01,1.953401937041599756e-01,2.283170987612881120e-01,-3.260984661547073893e-01,2.293929928187448952e-01,2.180108136061073287e-01,4.274408141122422733e-01,2.505073227660836177e-01,1.208507811126638964e-01,1.561669075896081615e-01,1.205546701194702558e-01,1.290133741769996789e-01,1.000000000000000000e+00,1.476088709151082978e-01,2.987120015567893416e-01,-3.326756617323343990e-02,1.709764410760345188e-01,1.088085148281244113e-01,3.142768783727308279e-01,9.457987279375328071e-02,-1.057048573704395811e-01,-1.891477376036873256e-02,1.126814343711933925e-01,-4.531509157853753911e-02,-5.120965242667908229e-02,7.009167631765916839e-02,1.469500218969168048e-01,5.260887758836245709e-01,4.297133499145756041e-01,4.105197941504062364e-01,9.519482989837434184e-02,2.015534960713524226e-01,4.438388272376267429e-01,-1.117577132554448648e-02,5.601212814386788974e-01
5.336326933373439219e-02,-4.519987879054660485e-01,5.198583898294741878e-01,-5.685783025172064936e-02,1.770961935837955525e-01,6.349139318281267208e-01,4.925225236065731704e-01,-5.262998824123473751e-01,5.154623534193627510e-01,6.990034803300709809e-01,-2.283191988509375714e-01,-5.010851681525620993e-01,6.672841823070891909e-01,-4.021994287762387793e-02,6.809018364760854869e-01,6.841848894402817738e-01,1.476088709151082978e-01,1.000000000000000000e+00,8.196375545951318786e-01,9.565173778422017548e-02,3.155101477628675100e-01,3.158709604263546522e-01,6.607434063628655485e-01,3.169939528459507772e-01,-1.685801500595834057e-01,-3.879527489190484069e-01,-5.148257519449151998e-01,-4.260246283151224445e-01,-3.678873246367516114e-01,6.535540629783890276e-01,3.284426935878432818e-01,4.930155357061860588e-01,5.145119926519371445e-01,6.670321690814412507e-01,6.034208795409982118e-01,5.514906180911968159e-01,1.449440813443613474e-01,-1.535193440596334669e-01,3.530251102053700851e-01
-7.391424964278882175e-03,-3.604879835748487915e-01,6.133636444514821706e-01,-1.591074021952300077e-01,2.944326697035110074e-01,6.625097530775869714e-01,4.643826633865916209e-01,-5.929691877936031918e-01,6.164301310315793980e-01,7.456240198501606908e-01,-1.923129443036109554e-01,-3.835631422323824147e-01,6.773466616325400924e-01,9.041773556656665378e-02,4.889439136781538742e-01,6.878829392523108099e-01,2.987120015567893416e-01,8.196375545951318786e-01,1.000000000000000000e+00,1.044700707988525934e-01,2.891456331005507474e-01,4.103021823976574778e-01,7.656903817228279951e-01,4.131008296555453985e-01,-1.686060798572813213e-01,-4.566830940742588330e-01,-4.082472604888506273e-01,-5.127887123829232285e-01,-4.812954605430315169e-01,6.319829772356165831e-01,5.276599194193286602e-01,6.061385681256705737e-01,6.195909454392520832e-01,7.686703312119032017e-01,5.866933866797010566e-01,6.160384720290171812e-01,2.843154998848243520e-01,-2.563978092706281631e-01,5.402931697513723153e-01
-4.283882427344368887e-02,-1.216821784104206022e-01,-7.112171853616504336e-02,-6.588737772195391723e-03,-3.904191705033426274e-01,4.563640906113320406e-01,3.852535768139406236e-01,6.916542903430153433e-02,1.444926890932420882e-01,3.086362072565381198e-01,-2.170495790741812370e-01,-1.733808797390917200e-01,4.109935644490270712e-01,-3.633656321487588325e-01,-9.178537520581089154e-03,2.780519887909514432e-01,-3.326756617323343990e-02,9.565173778422017548e-02,1.044700707988525934e-01,1.000000000000000000e+00,3.179898088840757975e-01,5.773337686302013605e-01,3.432555167359370163e-01,1.751876428308369316e-01,-9.948823655934184440e-02,-4.771781432145827395e-01,-5.089124080563661723e-01,-3.361796991899457243e-01,-3.191671585045255388e-02,3.340794357048185725e-01,2.005018708724543575e-01,2.152579587152262108e-01,3.467423831887179175e-01,3.635689602685680116e-02,5.138463925238099250e-01,-1.227888037542928107e-01,1.781013308014546548e-01,-1.593515158461657200e-01,2.311894791248606668e-02
-1.074379865611930010e-02,-2.367295693075971430e-02,4.595801252436279016e-01,1.432975951223662281e-01,-8.379067762337900904e-02,5.471366771880717961e-01,3.218929616607486000e-01,-5.075106310598490600e-01,1.183545140329272799e-01,2.504933889459186602e-01,-2.384144571480574792e-01,-2.962804252410945471e-01,2.675303961036077927e-01,-5.775159178553503775e-02,5.877822573254160021e-02,2.624333171522473251e-01,1.709764410760345188e-01,3.155101477628675100e-01,2.891456331005507474e-01,3.179898088840757975e-01,1.000000000000000000e+00,2.699780755057260562e-01,4.159145534004176636e-01,3.888140815520521598e-01,1.948153989116166440e-01,-5.530469629929771203e-03,-1.174763787519818997e-01,8.708353955025571747e-02,2.177424108212380749e-01,2.778329957751864976e-01,3.556578234755788936e-01,2.906892646767172406e-01,6.744393215091993854e-01,1.901305763731587772e-01,6.009553974469187265e-01,7.205241642759412091e-02,5.958785382917061169e-01,-2.109659649574832929e-01,1.605167922892165311e-01
-3.545144065023073110e-02,-1.688247750360994948e-01,2.697704472054821001e-01,-1.313508808437459652e-01,-2.459022886901096050e-01,6.299385712525924497e-01,4.777363125704474078e-01,-1.852646730801617014e-01,3.088655222529302358e-01,5.674066625530812535e-01,-2.590240435068452141e-01,-1.782982590722570204e-01,6.240850402093031102e-01,-2.118469743549105666e-01,3.372240148080211941e-02,5.062122386148892872e-01,1.088085148281244113e-01,3.158709604263546522e-01,4.103021823976574778e-01,5.773337686302013605e-01,2.699780755057260562e-01,1.000000000000000000e+00,6.067861814536728016e-01,2.547842925146373561e-01,-2.898065574075916473e-01,-6.049973631544722785e-01,-5.148441161445527214e-01,-5.882074584437704257e-01,-3.131210361288783162e-01,4.247504190044593675e-01,5.464185339598837121e-01,5.290336579398584593e-01,4.887478055205898286e-01,3.388129592470804363e-01,6.369498633113339636e-01,2.518200705988799526e-01,2.664986909856006392e-01,-4.166629607569543592e-01,2.785186356817020981e-01
6.317193038774776559e-02,-2.337195102458016760e-01,6.328676573089380142e-01,-1.846083320761932323e-01,1.189385647063169044e-01,8.329363688320143844e-01,5.789822451164784445e-01,-5.619138385725351847e-01,6.449919185431024493e-01,8.566797195906987739e-01,-2.838740887306750449e-01,-3.836084845358848083e-01,7.844766915424933318e-01,4.178882717193135171e-02,3.351856006994626824e-01,7.892374043843742859e-01,3.142768783727308279e-01,6.607434063628655485e-01,7.656903817228279951e-01,3.432555167359370163e-01,4.159145534004176636e-01,6.067861814536728016e-01,1.000000000000000000e+00,5.142169878894841117e-01,-1.525582293076711837e-01,-5.665654921525961063e-01,-5.067462617476171660e-01,-5.418676221719619379e-01,-5.105230735445258627e-01,6.964376522969121242e-01,6.061941675512876326e-01,7.430587681072511330e-01,7.700184153398472731e-01,7.397929367342532814e-01,7.174754304022340490e-01,5.537392785374996018e-01,4.694467237697639850e-01,-3.664063420773248092e-01,6.026257658370564041e-01
5.161279339053263804e-02,8.986735683540759967e-02,4.561706863360860398e-01,-1.689362520226855291e-01,1.456469847711979737e-01,4.456978254863880884e-01,1.657057884476756116e-01,-4.679497143174531359e-01,3.881059445167814315e-01,4.248409519790912192e-01,-2.585042480602428583e-01,-2.873827692636783393e-01,2.860575077130807498e-01,3.785473856155877059e-01,7.665188617174957530e-02,4.358671485750911789e-01,9.457987279375328071e-02,3.169939528459507772e-01,4.131008296555453985e-01,1.751876428308369316e-01,3.888140815520521598e-01,2.547842925146373561e-01,5.142169878894841117e-01,1.000000000000000000e+00,2.811927335757979374e-01,-1.213306385482921801e-01,-9.638820436016272419e-02,-8.214960010492465547e-02,-1.082460040835798581e-01,3.689510462917278133e-01,3.220439772327166605e-01,2.669620014479002212e-01,4.902119360786670876e-01,3.153726257042110959e-01,3.917535238329302727e-01,3.214278976614471928e-01,4.934583958150137173e-01,-1.594982360217346573e-01,3.107924981448384472e-01
2.456011780036066461e-01,3.057360051851755189e-01,7.865612457571154181e-02,-2.529983812856019879e-02,2.956516029468180817e-01,-1.210848769450170725e-01,-3.125531712307049181e-01,-1.712948990884048395e-01,1.165152631334847493e-03,-2.480723794597586851e-01,-1.799947285406557421e-02,-5.422839265285960691e-02,-3.945022574964472395e-01,2.729173152573762806e-01,-5.315915633630614867e-02,-1.987823795164152807e-01,-1.057048573704395811e-01,-1.685801500595834057e-01,-1.686060798572813213e-01,-9.948823655934184440e-02,1.948153989116166440e-01,-2.898065574075916473e-01,-1.525582293076711837e-01,2.811927335757979374e-01,1.000000000000000000e+00,5.479046603026027640e-01,3.763613853385111563e-01,5.340994091104817043e-01,4.710880449887680510e-01,-1.163183271102372213e-01,-2.197304534936868892e-01,-3.587655056834710421e-01,-2.754640664720443138e-02,-1.260626473031229988e-01,-1.385484287013393212e-01,-1.886586038645510222e-02,1.502590166488624868e-01,3.070351102299084256e-01,-1.509789136142001276e-01
2.468831922767452114e-01,3.791538062873489046e-01,-1.138278639498275374e-02,1.637764256992484679e-01,2.967967854501096792e-01,-5.394812346854189755e-01,-4.610563144531827917e-01,-6.122119175621189291e-02,-3.698819125193098523e-01,-5.964137589792518623e-01,2.581106890863428815e-01,2.568181589374988749e-01,-7.325556181414897283e-01,3.737823127816244928e-01,-9.198307547250833549e-02,-5.053038525156455796e-01,-1.891477376036873256e-02,-3.879527489190484069e-01,-4.566830940742588330e-01,-4.771781432145827395e-01,-5.530469629929771203e-03,-6.049973631544722785e-01,-5.665654921525961063e-01,-1.213306385482921801e-01,5.479046603026027640e-01,1.000000000000000000e+00,6.855172465046938113e-01,7.341310138080273662e-01,6.213392729643436585e-01,-4.458672130787448284e-01,-3.694460465789825010e-01,-5.037325175860178916e-01,-3.311725601005872655e-01,-3.700187313686352231e-01,-5.053973098389907825e-01,-1.326230779642947055e-01,-3.799081076781012090e-02,4.631966479792950508e-01,-2.668802707329143153e-01
2.304215558557167268e-02,5.872627994866884693e-01,-2.043311266237792662e-02,-1.717862227249431981e-02,3.832636998115807048e-01,-5.616456545893336871e-01,-6.050784312738807236e-01,-4.843766295471741042e-03,-3.334048131936682147e-01,-6.093053509559632763e-01,3.597664987686866600e-01,5.332439205225156797e-01,-7.629678615411876752e-01,4.009899938357917026e-01,-4.447406644178855673e-01,-5.718765879490774751e-01,1.126814343711933925e-01,-5.148257519449151998e-01,-4.082472604888506273e-01,-5.089124080563661723e-01,-1.174763787519818997e-01,-5.148441161445527214e-01,-5.067462617476171660e-01,-9.638820436016272419e-02,3.763613853385111563e-01,6.855172465046938113e-01,1.000000000000000000e+00,6.936042690026754665e-01,3.293262413568568969e-01,-5.946187849689102967e-01,-2.346776492342876330e-01,-3.450247597368374386e-01,-3.014055440654602736e-01,-3.487083082845297000e-01,-6.275587251864894744e-01,-1.688555774797957099e-01,1.926358414331648949e-01,1.579875749934664675e-01,6.729582697960918673e-03
6.504650028443580145e-02,4.994555868417629996e-01,-1.237737871757629698e-01,6.532238252754828112e-02,2.012891898425206161e-01,-4.542311786386780126e-01,-4.655049438239450832e-01,5.202725157016641760e-02,-3.907062620150832943e-01,-6.303462962395030011e-01,1.951692232656278003e-01,2.530893147055031100e-01,-7.321955693128313625e-01,2.145010971071361350e-01,-1.864639360492897358e-01,-5.717449815521997714e-01,-4.531509157853753911e-02,-4.260246283151224445e-01,-5.127887123829232285e-01,-3.361796991899457243e-01,8.708353955025571747e-02,-5.882074584437704257e-01,-5.418676221719619379e-01,-8.214960010492465547e-02,5.340994091104817043e-01,7.341310138080273662e-01,6.936042690026754665e-01,1.000000000000000000e+00,6.015102151508873174e-01,-4.865537133733450759e-01,-4.718789951490288681e-01,-4.471666141174649445e-01,-2.895149450867245955e-01,-4.171508633487033268e-01,-5.004687495297445166e-01,-2.728407521125666979e-01,1.808051422742460723e-01,3.192188643364775036e-01,-2.036132593676335811e-01
1.415435833489005202e-01,2.496546076122017621e-01,-2.631782764667971453e-01,2.031136485089085064e-01,-8.397955191056079294e-02,-3.193712001766155772e-01,-2.948027188434265700e-01,1.265746673146688484e-01,-3.703013572848918855e-01,-5.613260587576625049e-01,1.074077030209637795e-01,9.015405788044916768e-02,-5.290969284793344274e-01,-3.021576102964950578e-02,-1.180297833730874490e-01,-4.781897504838016344e-01,-5.120965242667908229e-02,-3.678873246367516114e-01,-4.812954605430315169e-01,-3.191671585045255388e-02,2.177424108212380749e-01,-3.131210361288783162e-01,-5.105230735445258627e-01,-1.082460040835798581e-01,4.710880449887680510e-01,6.213392729643436585e-01,3.293262413568568969e-01,6.015102151508873174e-01,1.000000000000000000e+00,-3.565962844283254718e-01,-3.295258966387897837e-01,-4.092430138942863560e-01,-2.290116925915964829e-01,-4.551529576822008760e-01,-1.545725487988281743e-01,-3.629043959828832655e-01,1.322305556390502602e-02,4.298809157568843076e-01,-4.186252071948277642e-01
2.493710081857010985e-01,-2.802063738861317876e-01,4.963560186273923147e-01,3.071347112957189401e-02,9.297381742230716173e-02,6.725862553968103841e-01,6.583413638598907269e-01,-4.531641283414654664e-01,5.252022679297135843e-01,7.471535410165943691e-01,-3.074664238431833452e-01,-3.234227507888289277e-01,7.023075101048538160e-01,-4.600947760499573408e-02,5.157059665566976481e-01,7.234433259853971787e-01,7.009167631765916839e-02,6.535540629783890276e-01,6.319829772356165831e-01,3.340794357048185725e-01,2.778329957751864976e-01,4.247504190044593675e-01,6.964376522969121242e-01,3.689510462917278133e-01,-1.163183271102372213e-01,-4.458672130787448284e-01,-5.946187849689102967e-01,-4.865537133733450759e-01,-3.565962844283254718e-01,1.000000000000000000e+00,4.620513119544050196e-01,4.494647821413621513e-01,5.521725920792536213e-01,5.982771689044223962e-01,6.788234793024339186e-01,4.502382904659286145e-01,1.935603670090065842e-01,-9.360428246981225553e-02,3.833857060388398130e-01
1.452540878535301672e-01,-3.300823722076307726e-02,5.486568312998404418e-01,-2.423824169680771287e-02,-1.957903204536086059e-02,5.619748873441797743e-01,3.903489718738921144e-01,-5.186498422673844200e-01,4.117357027043717643e-01,5.615897757430509118e-01,-2.176690812161841959e-01,-6.391845918026217710e-02,5.338935608761857798e-01,1.007134394165698638e-01,1.497057951976893354e-03,5.348602375268340925e-01,1.469500218969168048e-01,3.284426935878432818e-01,5.276599194193286602e-01,2.005018708724543575e-01,3.556578234755788936e-01,5.464185339598837121e-01,6.061941675512876326e-01,3.220439772327166605e-01,-2.197304534936868892e-01,-3.694460465789825010e-01,-2.346776492342876330e-01,-4.718789951490288681e-01,-3.295258966387897837e-01,4.620513119544050196e-01,1.000000000000000000e+00,5.269355566380262701e-01,5.230554278177048655e-01,4.219975445303750794e-01,5.976224959390566971e-01,3.110733080019691399e-01,3.355607421642937682e-01,-3.399442083886963228e-01,4.236181768014927740e-01
-5.646219237343624853e-02,-1.296432687385719595e-01,5.123308363071303884e-01,-1.233659117907843078e-01,9.974428762477795252e-02,6.548463752241602265e-01,5.006659992025251915e-01,-4.328901940398638959e-01,5.147229089239945266e-01,6.726773893266387860e-01,2.412306757900851625e-02,-1.792003685579802164e-01,6.574081174708600317e-01,-3.828635029246213461e-02,2.366651913853659306e-01,5.826423201014925279e-01,5.260887758836245709e-01,4.930155357061860588e-01,6.061385681256705737e-01,2.152579587152262108e-01,2.906892646767172406e-01,5.290336579398584593e-01,7.430587681072511330e-01,2.669620014479002212e-01,-3.587655056834710421e-01,-5.037325175860178916e-01,-3.450247597368374386e-01,-4.471666141174649445e-01,-4.092430138942863560e-01,4.494647821413621513e-01,5.269355566380262701e-01,1.000000000000000000e+00,6.552773831187568288e-01,6.257829415453586286e-01,5.293025622196709801e-01,4.428694864686523180e-01,4.548141586424210847e-01,-3.643496003141838968e-01,6.292395694518028160e-01
-3.482412682040011975e-02,-1.178619641905892940e-01,6.429782221196410630e-01,-3.094493407106420346e-02,1.344245852827539722e-01,7.582400059972856932e-01,4.873034383801195246e-01,-6.245234343492502838e-01,4.960846814604957800e-01,6.613661404845573299e-01,-2.122525443643300813e-01,-2.426838096328250705e-01,5.964308571647951585e-01,5.271105738778371352e-02,2.034695608096368513e-01,6.178553001302291570e-01,4.297133499145756041e-01,5.145119926519371445e-01,6.195909454392520832e-01,3.467423831887179175e-01,6.744393215091993854e-01,4.887478055205898286e-01,7.700184153398472731e-01,4.902119360786670876e-01,-2.754640664720443138e-02,-3.311725601005872655e-01,-3.014055440654602736e-01,-2.895149450867245955e-01,-2.290116925915964829e-01,5.521725920792536213e-01,5.230554278177048655e-01,6.552773831187568288e-01,1.000000000000000000e+00,5.869229957521939767e-01,6.970631082776015397e-01,4.148069991207483653e-01,6.719433204250377933e-01,-3.044278532391687664e-01,5.493912639404333609e-01
1.291445290299776671e-01,-2.540810315058151247e-01,5.790476549416861962e-01,-1.946556949109966017e-01,4.995328008394868680e-01,5.855505366181189553e-01,5.031070021040351392e-01,-5.272528746363887020e-01,6.810895008861973521e-01,7.252587214475694211e-01,-5.219881679725148910e-02,-2.263444473000097712e-01,6.048961279296752869e-01,1.606354464629934642e-01,5.818002082043541856e-01,6.578807678801831260e-01,4.105197941504062364e-01,6.670321690814412507e-01,7.686703312119032017e-01,3.635689602685680116e-02,1.901305763731587772e-01,3.388129592470804363e-01,7.397929367342532814e-01,3.153726257042110959e-01,-1.260626473031229988e-01,-3.700187313686352231e-01,-3.487083082845297000e-01,-4.171508633487033268e-01,-4.551529576822008760e-01,5.982771689044223962e-01,4.219975445303750794e-01,6.257829415453586286e-01,5.869229957521939767e-01,1.000000000000000000e+00,5.031332684904881170e-01,6.078981565415437771e-01,2.820302702704985953e-01,-1.126822305206699459e-01,6.827909410105058585e-01
8.597909424028259140e-02,-3.611138168924747371e-01,4.324851811533106938e-01,1.488256204630417426e-02,-1.757931335357889868e-01,8.219891930325100571e-01,6.056043858324504647e-01,-4.333177277300301888e-01,4.243702332403675448e-01,6.955641544012517441e-01,-3.603078060618920553e-01,-4.219717560699587922e-01,7.485456240994881050e-01,-2.424627864077501804e-01,3.412624834900048199e-01,6.724242473855838176e-01,9.519482989837434184e-02,6.034208795409982118e-01,5.866933866797010566e-01,5.138463925238099250e-01,6.009553974469187265e-01,6.369498633113339636e-01,7.174754304022340490e-01,3.917535238329302727e-01,-1.385484287013393212e-01,-5.053973098389907825e-01,-6.275587251864894744e-01,-5.004687495297445166e-01,-1.545725487988281743e-01,6.788234793024339186e-01,5.976224959390566971e-01,5.293025622196709801e-01,6.970631082776015397e-01,5.031332684904881170e-01,1.000000000000000000e+00,2.636530803353812624e-01,3.605119646966321589e-01,-2.350248137275029181e-01,2.964318538979613948e-01
2.086061158246141634e-01,-1.232235928864881674e-01,5.958468477181456668e-01,-3.137065202217289017e-01,4.254327347983319352e-01,4.171479978978838710e-01,2.684175147603264366e-01,-5.177165059595028040e-01,5.622879024027276351e-01,6.202767403997120343e-01,-1.303929344243484056e-01,-2.589005887427348052e-01,3.938304647111685597e-01,2.873345440407807372e-01,3.630148142254931987e-01,6.215907307582329011e-01,2.015534960713524226e-01,5.514906180911968159e-01,6.160384720290171812e-01,-1.227888037542928107e-01,7.205241642759412091e-02,2.518200705988799526e-01,5.537392785374996018e-01,3.214278976614471928e-01,-1.886586038645510222e-02,-1.326230779642947055e-01,-1.688555774797957099e-01,-2.728407521125666979e-01,-3.629043959828832655e-01,4.502382904659286145e-01,3.110733080019691399e-01,4.428694864686523180e-01,4.148069991207483653e-01,6.078981565415437771e-01,2.636530803353812624e-01,1.000000000000000000e+00,1.895084924928160108e-01,-1.623861975453306239e-01,4.124164072524132973e-01
-7.548528179563812612e-02,3.489863826256850432e-01,5.053705854679981790e-01,-7.924223943225401634e-02,2.057891910424978210e-01,4.887688048515775874e-01,1.534953878837956032e-01,-4.912068359303572995e-01,2.406309776712255710e-01,2.769349884056909183e-01,-1.256341752685453117e-01,1.159634220916505587e-01,1.342204253874847431e-01,1.369162028847452361e-01,-1.131989149705653064e-01,2.108184942237978088e-01,4.438388272376267429e-01,1.449440813443613474e-01,2.843154998848243520e-01,1.781013308014546548e-01,5.958785382917061169e-01,2.664986909856006392e-01,4.694467237697639850e-01,4.934583958150137173e-01,1.502590166488624868e-01,-3.799081076781012090e-02,1.926358414331648949e-01,1.808051422742460723e-01,1.322305556390502602e-02,1.935603670090065842e-01,3.355607421642937682e-01,4.548141586424210847e-01,6.719433204250377933e-01,2.820302702704985953e-01,3.605119646966321589e-01,1.895084924928160108e-01,1.000000000000000000e+00,-2.685388731660167672e-01,5.589492700487075361e-01
4.230169143363574080e-01,7.020960576052358293e-02,-2.322860977832601759e-01,1.067300103818808604e-01,1.740393136267429364e-01,-3.863507516827885402e-01,-1.391552764339816228e-01,1.323947242592278806e-01,-3.615526245207872219e-02,-2.511277755611490692e-01,2.125192243108395274e-01,1.555875259629322382e-01,-3.485742220889759269e-01,1.407896143947284240e-01,3.439184545142969784e-01,-1.846600219188862801e-01,-1.117577132554448648e-02,-1.535193440596334669e-01,-2.563978092706281631e-01,-1.593515158461657200e-01,-2.109659649574832929e-01,-4.166629607569543592e-01,-3.664063420773248092e-01,-1.594982360217346573e-01,3.070351102299084256e-01,4.631966479792950508e-01,1.579875749934664675e-01,3.192188643364775036e-01,4.298809157568843076e-01,-9.360428246981225553e-02,-3.399442083886963228e-01,-3.643496003141838968e-01,-3.044278532391687664e-01,-1.126822305206699459e-01,-2.350248137275029181e-01,-1.623861975453306239e-01,-2.685388731660167672e-01,1.000000000000000000e+00,-6.806412137760635417e-02
9.545933111683348182e-02,1.324950565531437530e-01,5.319952634918212464e-01,-1.380891482711409102e-01,4.788338189421849633e-01,4.203139479444506499e-01,3.763283588537108537e-01,-4.689598197611043462e-01,5.649005747137627598e-01,5.303879481552083996e-01,2.906858476891492626e-02,1.761542018086201811e-01,3.669604164327175955e-01,2.504928334313402116e-01,2.489084455086083836e-01,4.285841657651469627e-01,5.601212814386788974e-01,3.530251102053700851e-01,5.402931697513723153e-01,2.311894791248606668e-02,1.605167922892165311e-01,2.785186356817020981e-01,6.026257658370564041e-01,3.107924981448384472e-01,-1.509789136142001276e-01,-2.668802707329143153e-01,6.729582697960918673e-03,-2.036132593676335811e-01,-4.186252071948277642e-01,3.833857060388398130e-01,4.236181768014927740e-01,6.292395694518028160e-01,5.493912639404333609e-01,6.827909410105058585e-01,2.964318538979613948e-01,4.124164072524132973e-01,5.589492700487075361e-01,-6.806412137760635417e-02,1.000000000000000000e+00
