1.000000000000000000e+00,6.426843380065572209e-01,8.691310267310210502e-01,5.758151896207979181e-01,8.723552697103766906e-01,-8.698758956822587596e-01,8.108967915355910216e-01,-8.376758548394410697e-01,9.471155880498871582e-01,8.671737610664936868e-01,-8.821685063178247299e-01,8.031558691555116258e-01,-9.327720053718751014e-01,3.457202601078865900e-01,-8.974721356103418923e-01,9.518704427294711889e-01,-8.615146970246269076e-01,9.440619087184322078e-01,9.218177206709212701e-01,8.857088666140198185e-01,5.975406695079708008e-01,8.053096072758598734e-01,-6.039825298615775218e-01,8.571380760608925398e-01,-7.229943159518413820e-01,9.126951343198470568e-01,9.130158788375213330e-01,8.311216491445719834e-01,2.294819118944269043e-01,9.372264756330935809e-01,6.650808302516751924e-01,-5.779164584045861641e-01,-2.740285379491161910e-01,9.256069652066841735e-01,-3.546387870613998961e-01,-7.849630642963363325e-01,-7.583312847723738814e-01,9.589236456951324428e-01,9.428219348235388209e-01
6.426843380065572209e-01,1.000000000000000000e+00,4.504860183655960415e-01,5.082985837048683564e-01,5.374080551207225387e-01,-5.835741330046900766e-01,4.928614795230448764e-01,-4.097138661991751030e-01,6.021423168286944572e-01,7.324234081763698612e-01,-5.671855039409459120e-01,5.410472428461757799e-01,-5.253010949253872353e-01,1.036412994717840902e-01,-5.389838768382410050e-01,6.636112479541012021e-01,-5.978723783171390194e-01,5.611850843458270344e-01,5.424434485354193702e-01,3.913316117243468839e-01,7.019498785450332956e-02,3.488068417024614565e-01,-4.425616757697295456e-01,6.942921168758631190e-01,-5.603498613259542127e-01,4.984731931284177575e-01,7.046560976559890221e-01,3.333112871287089995e-01,-1.121022410147298615e-01,6.836806997465203484e-01,5.020863138733310249e-01,-7.062254022164581035e-02,-3.309661689206923607e-01,5.587050242107298725e-01,-4.196808680269987768e-01,-4.400465161515685897e-01,-5.145571633065935124e-01,5.592603817600376725e-01,6.599179073513770089e-01
8.691310267310210502e-01,4.504860183655960415e-01,1.000000000000000000e+00,4.948109244710487409e-01,9.091819110124428338e-01,-7.962869707496843530e-01,7.673638084560485684e-01,-9.693053904836008705e-01,8.765326153827527333e-01,7.494759662776210307e-01,-8.147824833914597553e-01,7.267990711977881935e-01,-8.374450258660025570e-01,5.434800846928274920e-01,-8.343266666427170408e-01,8.390214688013621913e-01,-8.009271701476670113e-01,8.997884684665233834e-01,8.784594735671601429e-01,8.885731605995393911e-01,7.493604959973577673e-01,8.966978979495002777e-01,-4.705781023696971599e-01,7.565934186387519578e-01,-5.966039901294249992e-01,8.958202942398854063e-01,8.579262956319475553e-01,8.881564083564704726e-01,3.601755947714470607e-01,8.274599049097578485e-01,6.885436737314751809e-01,-5.058998632257041272e-01,9.157370662374805792e-02,8.887774599752984450e-01,-1.583630923218898590e-01,-6.885074435485607491e-01,-6.273655731784294476e-01,8.879153448335826981e-01,8.331907666239274368e-01
5.758151896207979181e-01,5.082985837048683564e-01,4.948109244710487409e-01,1.000000000000000000e+00,6.225252108841545784e-01,-5.692867601644918674e-01,5.254597513907827144e-01,-4.476309187529831646e-01,6.193860187462933986e-01,7.219787133849655536e-01,-6.167912036614467963e-01,4.563105289076365700e-01,-5.273433706673267274e-01,1.212212409853450218e-01,-6.574811984574283619e-01,6.227688415555321377e-01,-6.124115194655853633e-01,6.229884283923898813e-01,6.142197482650361140e-01,3.824908943034412423e-01,9.248814838900104585e-02,3.344087489294010895e-01,-3.531570227730362332e-01,6.251290519156565972e-01,-5.278002287150803662e-01,4.382773662379598756e-01,6.350089437476809096e-01,3.322735445704833035e-01,-1.836268937138005874e-01,6.586185217675287751e-01,5.166163052620750262e-01,-1.404221764258014593e-01,-2.553460863721929708e-01,5.799187770647805662e-01,-3.526264298543838605e-01,-5.202813065000860826e-01,-5.274996515471553904e-01,5.747481453343484814e-01,6.515279886738096771e-01
8.723552697103766906e-01,5.374080551207225387e-01,9.091819110124428338e-01,6.225252108841545784e-01,1.000000000000000000e+00,-7.620056542118359699e-01,7.197020151701848389e-01,-8.807710570789611948e-01,8.976299852570569504e-01,8.470860871361621802e-01,-8.036008711667901316e-01,6.866706386673242513e-01,-8.273569512273755144e-01,5.379078203234241018e-01,-8.975240099941957927e-01,8.684696512737880569e-01,-7.891203537095978771e-01,9.062597229492629358e-01,8.760718996349974308e-01,8.010446742956668364e-01,5.690738340997387734e-01,7.720354288980837421e-01,-4.204204849389948651e-01,8.101320706856194320e-01,-5.807011812674069962e-01,8.594560830520755479e-01,8.785048112565320144e-01,8.019721270882480546e-01,2.472283606534332323e-01,8.728678690271978180e-01,7.518311463987906729e-01,-3.978007275665798592e-01,-1.195280851430665682e-02,8.895819001086645583e-01,-2.148158827637083879e-01,-6.683753692830347592e-01,-6.230639435462284048e-01,8.843442874874394288e-01,8.655509693849550157e-01
-8.698758956822587596e-01,-5.835741330046900766e-01,-7.962869707496843530e-01,-5.692867601644918674e-01,-7.620056542118359699e-01,1.000000000000000000e+00,-7.730786303255179348e-01,7.615479521720623923e-01,-8.942451957943133856e-01,-8.067964109464642597e-01,9.597848418907838353e-01,-8.151512829943623473e-01,9.048697886187413442e-01,-7.919752867612964153e-02,7.863424689572385828e-01,-8.763407253906910777e-01,9.607808758876025257e-01,-8.829760414254788081e-01,-8.911972027077327274e-01,-8.179835225046985236e-01,-5.039942353567531397e-01,-7.418215718348503129e-01,8.141007076108071061e-01,-7.804602420464413770e-01,8.974134175705232863e-01,-7.892838538238384771e-01,-8.731332434629162087e-01,-7.271198816629576012e-01,-5.402562312913976317e-02,-8.758050090471364291e-01,-6.280665062889608796e-01,5.908993625794299875e-01,3.641673109405304531e-01,-8.984574638992121054e-01,5.338359447707826666e-01,8.997384076294563382e-01,8.880372163794550966e-01,-8.966628187167469122e-01,-9.086984176053656270e-01
8.108967915355910216e-01,4.928614795230448764e-01,7.673638084560485684e-01,5.254597513907827144e-01,7.197020151701848389e-01,-7.730786303255179348e-01,1.000000000000000000e+00,-7.427476415852788394e-01,7.839724699383319173e-01,7.054035291530466045e-01,-7.690703935849984019e-01,6.752546101864957961e-01,-7.799537999099667163e-01,3.388450726191658546e-01,-6.779573982089911466e-01,8.076669131346212449e-01,-7.551595919153483161e-01,7.883419367173924996e-01,7.662994245606783439e-01,7.966111039362097079e-01,6.034323737653582986e-01,7.559492800748049968e-01,-5.261814346552875499e-01,7.360918287006983363e-01,-6.348546816512863344e-01,7.767298085201501667e-01,7.752728244745286101e-01,7.479326348736270447e-01,2.717331468274796213e-01,7.862700129750471723e-01,5.762402174238422381e-01,-5.010841284126095196e-01,-1.406978060430179311e-01,8.006579145563964550e-01,-2.774678232879358997e-01,-6.620667170378592425e-01,-6.362059672442722524e-01,7.971102747913993980e-01,7.755771665407417137e-01
-8.376758548394410697e-01,-4.097138661991751030e-01,-9.693053904836008705e-01,-4.476309187529831646e-01,-8.807710570789611948e-01,7.615479521720623923e-01,-7.427476415852788394e-01,1.000000000000000000e+00,-8.402350761507920707e-01,-7.075728771982914278e-01,7.774798421163005013e-01,-6.791934550424384431e-01,8.045678662416685389e-01,-5.469541959235183493e-01,7.985620122781963426e-01,-7.972033598905982066e-01,7.644045301232610390e-01,-8.629846246788689390e-01,-8.480986830387100550e-01,-8.643543796916152155e-01,-7.482737341556774391e-01,-8.796911164647579495e-01,4.457825928506760627e-01,-7.068002501923736913e-01,5.584839734964462954e-01,-8.747120603643487868e-01,-8.229048854998219920e-01,-8.673291960935778366e-01,-3.801572171480253060e-01,-7.866854692761441337e-01,-6.474316214478347264e-01,4.933784257310566135e-01,-1.371698082223566095e-01,-8.501830871518628596e-01,1.287756002555833224e-01,6.451812658680651236e-01,5.942094038685730162e-01,-8.541594049713456815e-01,-7.954807438454785107e-01
9.471155880498871582e-01,6.021423168286944572e-01,8.765326153827527333e-01,6.193860187462933986e-01,8.976299852570569504e-01,-8.942451957943133856e-01,7.839724699383319173e-01,-8.402350761507920707e-01,1.000000000000000000e+00,8.911429241744457386e-01,-9.196588412350789055e-01,8.020690317996026497e-01,-9.399858919183643469e-01,3.243264030383244956e-01,-9.196715508440881370e-01,9.461026802077874276e-01,-9.017924278021076656e-01,9.573325312844408463e-01,9.481074771271752466e-01,8.715660853995101931e-01,5.542695153156539378e-01,7.932529666844474470e-01,-6.376007584170769737e-01,8.580315360585729634e-01,-7.640039826466059614e-01,8.840448859235725543e-01,9.317918055587213200e-01,8.039683551278706819e-01,1.432177526081288288e-01,9.529744931263600671e-01,6.833114189851220432e-01,-5.256237026346606278e-01,-2.768402462851080603e-01,9.566947458411957372e-01,-4.163850648160449253e-01,-8.199422503501683224e-01,-8.000809612962099804e-01,9.641058659244187146e-01,9.634696587935521750e-01
8.671737610664936868e-01,7.324234081763698612e-01,7.494759662776210307e-01,7.219787133849655536e-01,8.470860871361621802e-01,-8.067964109464642597e-01,7.054035291530466045e-01,-7.075728771982914278e-01,8.911429241744457386e-01,1.000000000000000000e+00,-8.421081171301078028e-01,6.759231192909144204e-01,-8.136094176859328675e-01,2.716774521821204158e-01,-8.533369080741168844e-01,9.130483692606664592e-01,-8.341927947943239552e-01,8.668413748226994064e-01,8.638770242834356017e-01,6.713102947556924827e-01,3.117731313779065760e-01,6.010186417800332803e-01,-5.421820430544652680e-01,8.783389037264577315e-01,-6.920164353478489572e-01,7.363282264495156770e-01,9.068724547208246722e-01,6.184950354373068837e-01,-4.190499387920938734e-02,9.329987124112243402e-01,7.345146293522039072e-01,-2.947101939200986731e-01,-3.106847882294549446e-01,8.336874013611460521e-01,-4.384746903078577951e-01,-6.926807107557095833e-01,-7.220858317258065373e-01,8.465416634293062570e-01,9.074225323440073820e-01
-8.821685063178247299e-01,-5.671855039409459120e-01,-8.147824833914597553e-01,-6.167912036614467963e-01,-8.036008711667901316e-01,9.597848418907838353e-01,-7.690703935849984019e-01,7.774798421163005013e-01,-9.196588412350789055e-01,-8.421081171301078028e-01,1.000000000000000000e+00,-8.125313421466748842e-01,9.179320794446487186e-01,-1.276317526305754679e-01,8.280957927467852420e-01,-8.996778793475658231e-01,9.652495689362091680e-01,-9.109706951337369629e-01,-9.078989843581547481e-01,-8.241262678067887704e-01,-5.082384443641406735e-01,-7.509424084418470091e-01,7.721716232921876921e-01,-7.994228173747702781e-01,8.816310079159264124e-01,-7.953903252837662974e-01,-8.900246069719487396e-01,-7.329833493238099296e-01,-1.713305790211765503e-02,-9.023770486038100724e-01,-6.556584739470153744e-01,5.791257728677953187e-01,3.571714453264304145e-01,-9.155502397199949405e-01,5.223853909169426935e-01,8.909419781201306510e-01,8.817487642560865035e-01,-9.134475570802653710e-01,-9.281936010947831051e-01
8.031558691555116258e-01,5.410472428461757799e-01,7.267990711977881935e-01,4.563105289076365700e-01,6.866706386673242513e-01,-8.151512829943623473e-01,6.752546101864957961e-01,-6.791934550424384431e-01,8.020690317996026497e-01,6.759231192909144204e-01,-8.125313421466748842e-01,1.000000000000000000e+00,-7.912367990656212768e-01,2.525492478977182653e-01,-6.647044304675838733e-01,8.098109138063632750e-01,-7.945434410929684832e-01,7.856877305874730988e-01,7.474472740534577886e-01,8.101825248373085708e-01,5.374760802847234897e-01,7.401038429932353946e-01,-6.255914100788360077e-01,7.552135416305049143e-01,-7.285040982610576643e-01,7.613054044709157697e-01,7.903557977768849163e-01,7.462984931444468506e-01,2.913442677877990938e-01,7.962038064173013741e-01,5.402855006188040932e-01,-5.453824119933569081e-01,-2.812141763436887820e-01,8.429676033532216284e-01,-2.839686730608408927e-01,-8.030031039764078393e-01,-6.749173959036000037e-01,8.103733483153051642e-01,7.915026116766431530e-01
-9.327720053718751014e-01,-5.253010949253872353e-01,-8.374450258660025570e-01,-5.273433706673267274e-01,-8.273569512273755144e-01,9.048697886187413442e-01,-7.799537999099667163e-01,8.045678662416685389e-01,-9.399858919183643469e-01,-8.136094176859328675e-01,9.179320794446487186e-01,-7.912367990656212768e-01,1.000000000000000000e+00,-2.443875056178479999e-01,8.739618735798547755e-01,-9.194933148048121119e-01,8.988122688900122004e-01,-9.298859733973768860e-01,-9.220108370750642601e-01,-8.895304656841935831e-01,-5.964113372855377460e-01,-7.847099486800456214e-01,6.904187011560444232e-01,-8.250594718484604018e-01,7.869650421399261297e-01,-8.773943134324587723e-01,-8.799466785344824959e-01,-8.114815275306165310e-01,-1.668867537589176497e-01,-9.083472789025598404e-01,-6.445374613324836854e-01,6.388100177473654551e-01,3.400769534379885495e-01,-9.267499180983157503e-01,4.335585614855724801e-01,8.614616450460607089e-01,8.199665710201631263e-01,-9.526546561356559195e-01,-9.310567561621400090e-01
3.457202601078865900e-01,1.036412994717840902e-01,5.434800846928274920e-01,1.212212409853450218e-01,5.379078203234241018e-01,-7.919752867612964153e-02,3.388450726191658546e-01,-5.469541959235183493e-01,3.243264030383244956e-01,2.716774521821204158e-01,-1.276317526305754679e-01,2.525492478977182653e-01,-2.443875056178479999e-01,1.000000000000000000e+00,-3.325083407812411962e-01,3.377576995359953260e-01,-1.016610099936470640e-01,3.568117581272763905e-01,2.777909634644930570e-01,4.268633934481010916e-01,5.293872506946495360e-01,4.923403005419184630e-01,3.356595348483292773e-01,4.088966855289423163e-01,1.764756026632748054e-01,5.081704089025876891e-01,3.468942261066251254e-01,5.573481438236621566e-01,6.279521447906710740e-01,3.086415970573131995e-01,3.892009261751096516e-01,-2.872060754199678989e-02,5.587911397876627051e-01,3.545538866566185221e-01,5.019753723495485875e-01,2.612258919887375588e-02,1.463703311814534558e-01,3.225329229627530436e-01,2.191122483435442303e-01
-8.974721356103418923e-01,-5.389838768382410050e-01,-8.343266666427170408e-01,-6.574811984574283619e-01,-8.975240099941957927e-01,7.863424689572385828e-01,-6.779573982089911466e-01,7.985620122781963426e-01,-9.196715508440881370e-01,-8.533369080741168844e-01,8.280957927467852420e-01,-6.647044304675838733e-01,8.739618735798547755e-01,-3.325083407812411962e-01,1.000000000000000000e+00,-8.754117504584763010e-01,8.064213179963922729e-01,-9.372238238384947850e-01,-9.211244270813674362e-01,-7.939913066812622766e-01,-5.148553361101291248e-01,-7.179131644550373892e-01,5.096313583717048123e-01,-7.854391597335661501e-01,6.472394900646463167e-01,-8.428159345240193723e-01,-8.613095773240772024e-01,-7.571179139572760119e-01,-9.678456145360334051e-02,-8.775735771219638215e-01,-7.015969937981488824e-01,4.605336981157959753e-01,2.346819538827008833e-01,-8.717538371797087793e-01,3.296325217461307799e-01,7.379355943583261190e-01,6.982056808610199727e-01,-9.206191838264302651e-01,-9.112000708942854521e-01
9.518704427294711889e-01,6.636112479541012021e-01,8.390214688013621913e-01,6.227688415555321377e-01,8.684696512737880569e-01,-8.763407253906910777e-01,8.076669131346212449e-01,-7.972033598905982066e-01,9.461026802077874276e-01,9.130483692606664592e-01,-8.996778793475658231e-01,8.098109138063632750e-01,-9.194933148048121119e-01,3.377576995359953260e-01,-8.754117504584763010e-01,1.000000000000000000e+00,-8.737829929610007040e-01,9.352851537463487963e-01,9.099261199908655895e-01,8.471478892342986233e-01,5.370975633679948569e-01,7.726860449867215541e-01,-5.958248961168182145e-01,9.034947825415997613e-01,-7.434534943319091038e-01,8.716250199406805343e-01,9.287197286879655955e-01,8.006167015031412371e-01,1.633671445410707634e-01,9.649551944677280391e-01,7.116464595816921479e-01,-5.269129364367510782e-01,-2.916496882420006043e-01,9.228304118178274340e-01,-3.911921264713396629e-01,-7.887356108924969966e-01,-7.699881062945239663e-01,9.362273469930547654e-01,9.403975702820722704e-01
-8.615146970246269076e-01,-5.978723783171390194e-01,-8.009271701476670113e-01,-6.124115194655853633e-01,-7.891203537095978771e-01,9.607808758876025257e-01,-7.551595919153483161e-01,7.644045301232610390e-01,-9.017924278021076656e-01,-8.341927947943239552e-01,9.652495689362091680e-01,-7.945434410929684832e-01,8.988122688900122004e-01,-1.016610099936470640e-01,8.064213179963922729e-01,-8.737829929610007040e-01,1.000000000000000000e+00,-8.885323109420570908e-01,-8.943020946908405433e-01,-7.943822586110190764e-01,-4.739688291264518849e-01,-7.236637490863805366e-01,7.853222730385343020e-01,-7.944408370182952650e-01,8.754607771040281428e-01,-7.706963623740851199e-01,-8.780113492262889840e-01,-6.952173995226413883e-01,-3.515940559043769344e-04,-8.814031061914773257e-01,-6.424205460056178207e-01,5.410768477795648845e-01,3.624690888920260590e-01,-8.978998459589607739e-01,5.426608097000239495e-01,8.716375163899199308e-01,8.742331002344192470e-01,-8.944969443130630360e-01,-9.185198820026408972e-01
9.440619087184322078e-01,5.611850843458270344e-01,8.997884684665233834e-01,6.229884283923898813e-01,9.062597229492629358e-01,-8.829760414254788081e-01,7.883419367173924996e-01,-8.629846246788689390e-01,9.573325312844408463e-01,8.668413748226994064e-01,-9.109706951337369629e-01,7.856877305874730988e-01,-9.298859733973768860e-01,3.568117581272763905e-01,-9.372238238384947850e-01,9.352851537463487963e-01,-8.885323109420570908e-01,1.000000000000000000e+00,9.575636028860816662e-01,8.905314769492141957e-01,6.212554509588920082e-01,8.282132732996817515e-01,-5.934790646936689562e-01,8.440820335368560690e-01,-7.335865403440886556e-01,8.995029234585423250e-01,9.168855191186255915e-01,8.484845099878142172e-01,1.798295519322200553e-01,9.258487043417698015e-01,7.335089501554716840e-01,-5.510345250233535941e-01,-2.178040884531152743e-01,9.363276075830144762e-01,-3.357935310406037765e-01,-8.164394871534165210e-01,-7.592177018926443699e-01,9.634812254928843966e-01,9.434250873925961178e-01
9.218177206709212701e-01,5.424434485354193702e-01,8.784594735671601429e-01,6.142197482650361140e-01,8.760718996349974308e-01,-8.911972027077327274e-01,7.662994245606783439e-01,-8.480986830387100550e-01,9.481074771271752466e-01,8.638770242834356017e-01,-9.078989843581547481e-01,7.474472740534577886e-01,-9.220108370750642601e-01,2.777909634644930570e-01,-9.211244270813674362e-01,9.099261199908655895e-01,-8.943020946908405433e-01,9.575636028860816662e-01,1.000000000000000000e+00,8.605779587004325215e-01,5.707623460112773994e-01,7.914257091474991013e-01,-6.443624617642429442e-01,8.126296781427894134e-01,-7.516838785209479790e-01,8.621345745710536912e-01,9.039595938130057240e-01,8.027808670449327888e-01,1.339074862803297516e-01,9.129238735245649439e-01,7.142874166742270159e-01,-5.491255398651223585e-01,-2.633755317008799057e-01,9.152800515805175063e-01,-3.859807824485289030e-01,-8.290879197096303610e-01,-7.863624949737328951e-01,9.493415101632020070e-01,9.423273660270610197e-01
8.857088666140198185e-01,3.913316117243468839e-01,8.885731605995393911e-01,3.824908943034412423e-01,8.010446742956668364e-01,-8.179835225046985236e-01,7.966111039362097079e-01,-8.643543796916152155e-01,8.715660853995101931e-01,6.713102947556924827e-01,-8.241262678067887704e-01,8.101825248373085708e-01,-8.895304656841935831e-01,4.268633934481010916e-01,-7.939913066812622766e-01,8.471478892342986233e-01,-7.943822586110190764e-01,8.905314769492141957e-01,8.605779587004325215e-01,1.000000000000000000e+00,8.053891565746895687e-01,9.237508077737541790e-01,-5.462053258387683519e-01,7.371952625381523738e-01,-6.433821108601490701e-01,9.150045629627295840e-01,8.052354512226469474e-01,9.211580741009468554e-01,3.978938048932412763e-01,8.115521143871362586e-01,5.821140390189397662e-01,-6.870930826809129588e-01,-1.132912386142658490e-01,8.990378518705232080e-01,-2.119015585627823661e-01,-7.650085363139661476e-01,-6.815767762078757119e-01,9.088365765370675087e-01,8.308464540923539143e-01
5.975406695079708008e-01,7.019498785450332956e-02,7.493604959973577673e-01,9.248814838900104585e-02,5.690738340997387734e-01,-5.039942353567531397e-01,6.034323737653582986e-01,-7.482737341556774391e-01,5.542695153156539378e-01,3.117731313779065760e-01,-5.082384443641406735e-01,5.374760802847234897e-01,-5.964113372855377460e-01,5.293872506946495360e-01,-5.148553361101291248e-01,5.370975633679948569e-01,-4.739688291264518849e-01,6.212554509588920082e-01,5.707623460112773994e-01,8.053891565746895687e-01,1.000000000000000000e+00,8.890067752790797861e-01,-2.274468313207700099e-01,4.574419046243575759e-01,-2.914363975740333901e-01,7.348154205453268917e-01,4.979070756562035127e-01,8.522697907254206395e-01,5.538213307419264098e-01,4.674113287673715700e-01,4.330251488247924274e-01,-6.138751650950547978e-01,3.154450782022485411e-01,6.147723288613241577e-01,1.201996878344722824e-01,-4.497032978259106195e-01,-3.387603826049200850e-01,6.218275320545406659e-01,4.730917853882860569e-01
8.053096072758598734e-01,3.488068417024614565e-01,8.966978979495002777e-01,3.344087489294010895e-01,7.720354288980837421e-01,-7.418215718348503129e-01,7.559492800748049968e-01,-8.796911164647579495e-01,7.932529666844474470e-01,6.010186417800332803e-01,-7.509424084418470091e-01,7.401038429932353946e-01,-7.847099486800456214e-01,4.923403005419184630e-01,-7.179131644550373892e-01,7.726860449867215541e-01,-7.236637490863805366e-01,8.282132732996817515e-01,7.914257091474991013e-01,9.237508077737541790e-01,8.890067752790797861e-01,1.000000000000000000e+00,-4.509376917693800335e-01,6.737972164502832317e-01,-5.529251903173564298e-01,8.653392886670875361e-01,7.511851036482298793e-01,9.209709227706612822e-01,4.134702792364915447e-01,7.323314503476782145e-01,5.847885252989365457e-01,-6.185081454076878371e-01,1.126248592555695316e-01,8.370129932898466851e-01,-1.204191174674520276e-01,-6.578364818461989172e-01,-5.888393912089869842e-01,8.272276310709658631e-01,7.366154750149533914e-01
-6.039825298615775218e-01,-4.425616757697295456e-01,-4.705781023696971599e-01,-3.531570227730362332e-01,-4.204204849389948651e-01,8.141007076108071061e-01,-5.261814346552875499e-01,4.457825928506760627e-01,-6.376007584170769737e-01,-5.421820430544652680e-01,7.721716232921876921e-01,-6.255914100788360077e-01,6.904187011560444232e-01,3.356595348483292773e-01,5.096313583717048123e-01,-5.958248961168182145e-01,7.853222730385343020e-01,-5.934790646936689562e-01,-6.443624617642429442e-01,-5.462053258387683519e-01,-2.274468313207700099e-01,-4.509376917693800335e-01,1.000000000000000000e+00,-4.479251879173729578e-01,9.205216165000418282e-01,-4.454288758010512828e-01,-5.888647944494616038e-01,-3.935412321714016892e-01,1.879229549124824539e-01,-6.216460215108295939e-01,-3.095445020141024961e-01,5.357344281834242050e-01,5.456089667788969200e-01,-6.435061106007726739e-01,7.374459524888058448e-01,8.264137533465999441e-01,8.749716090389352274e-01,-6.398228712013102060e-01,-6.934618613086049876e-01
8.571380760608925398e-01,6.942921168758631190e-01,7.565934186387519578e-01,6.251290519156565972e-01,8.101320706856194320e-01,-7.804602420464413770e-01,7.360918287006983363e-01,-7.068002501923736913e-01,8.580315360585729634e-01,8.783389037264577315e-01,-7.994228173747702781e-01,7.552135416305049143e-01,-8.250594718484604018e-01,4.088966855289423163e-01,-7.854391597335661501e-01,9.034947825415997613e-01,-7.944408370182952650e-01,8.440820335368560690e-01,8.126296781427894134e-01,7.371952625381523738e-01,4.574419046243575759e-01,6.737972164502832317e-01,-4.479251879173729578e-01,1.000000000000000000e+00,-6.172129382514733864e-01,7.973517076687923755e-01,8.885460081327599680e-01,7.105848673262504800e-01,1.915240605793067374e-01,8.983134774589701665e-01,7.264704788864340124e-01,-3.538288117760048368e-01,-2.150876565325745282e-01,8.369338633263679883e-01,-2.857485637847757554e-01,-6.967074286470851252e-01,-6.260047889257314147e-01,8.335147852577278194e-01,8.485200144473193928e-01
-7.229943159518413820e-01,-5.603498613259542127e-01,-5.966039901294249992e-01,-5.278002287150803662e-01,-5.807011812674069962e-01,8.974134175705232863e-01,-6.348546816512863344e-01,5.584839734964462954e-01,-7.640039826466059614e-01,-6.920164353478489572e-01,8.816310079159264124e-01,-7.285040982610576643e-01,7.869650421399261297e-01,1.764756026632748054e-01,6.472394900646463167e-01,-7.434534943319091038e-01,8.754607771040281428e-01,-7.335865403440886556e-01,-7.516838785209479790e-01,-6.433821108601490701e-01,-2.914363975740333901e-01,-5.529251903173564298e-01,9.205216165000418282e-01,-6.172129382514733864e-01,1.000000000000000000e+00,-5.794073839178074392e-01,-7.432693321961472144e-01,-5.186019620100327243e-01,1.709022342931251215e-01,-7.668823510321389758e-01,-4.772575837486476291e-01,5.204138559283375542e-01,5.071302169795229853e-01,-7.683205777788882918e-01,6.921885603682029764e-01,8.965637201023988201e-01,9.124940592503663073e-01,-7.517438487641444622e-01,-8.070920238262517810e-01
9.126951343198470568e-01,4.984731931284177575e-01,8.958202942398854063e-01,4.382773662379598756e-01,8.594560830520755479e-01,-7.892838538238384771e-01,7.767298085201501667e-01,-8.747120603643487868e-01,8.840448859235725543e-01,7.363282264495156770e-01,-7.953903252837662974e-01,7.613054044709157697e-01,-8.773943134324587723e-01,5.081704089025876891e-01,-8.428159345240193723e-01,8.716250199406805343e-01,-7.706963623740851199e-01,8.995029234585423250e-01,8.621345745710536912e-01,9.150045629627295840e-01,7.348154205453268917e-01,8.653392886670875361e-01,-4.454288758010512828e-01,7.973517076687923755e-01,-5.794073839178074392e-01,1.000000000000000000e+00,8.571497228684714642e-01,9.195836322020842779e-01,4.335057784071579268e-01,8.402622193305920861e-01,6.557295833408863794e-01,-5.925507644619674164e-01,-6.256070589105094948e-02,8.891494883275687933e-01,-1.184567096363615124e-01,-6.887114100369522429e-01,-6.012101932072975163e-01,9.140735424462891334e-01,8.395047642964050816e-01
9.130158788375213330e-01,7.046560976559890221e-01,8.579262956319475553e-01,6.350089437476809096e-01,8.785048112565320144e-01,-8.731332434629162087e-01,7.752728244745286101e-01,-8.229048854998219920e-01,9.317918055587213200e-01,9.068724547208246722e-01,-8.900246069719487396e-01,7.903557977768849163e-01,-8.799466785344824959e-01,3.468942261066251254e-01,-8.613095773240772024e-01,9.287197286879655955e-01,-8.780113492262889840e-01,9.168855191186255915e-01,9.039595938130057240e-01,8.052354512226469474e-01,4.979070756562035127e-01,7.511851036482298793e-01,-5.888647944494616038e-01,8.885460081327599680e-01,-7.432693321961472144e-01,8.571497228684714642e-01,1.000000000000000000e+00,7.715299240786138713e-01,1.398439220545751038e-01,9.404215992880140540e-01,7.550420902055228201e-01,-3.783059572539014259e-01,-2.135886849458143721e-01,9.105184000252245502e-01,-3.512695432270026563e-01,-7.661758106725594653e-01,-7.315093239262872027e-01,9.081334101759009902e-01,9.242553522818836020e-01
8.311216491445719834e-01,3.333112871287089995e-01,8.881564083564704726e-01,3.322735445704833035e-01,8.019721270882480546e-01,-7.271198816629576012e-01,7.479326348736270447e-01,-8.673291960935778366e-01,8.039683551278706819e-01,6.184950354373068837e-01,-7.329833493238099296e-01,7.462984931444468506e-01,-8.114815275306165310e-01,5.573481438236621566e-01,-7.571179139572760119e-01,8.006167015031412371e-01,-6.952173995226413883e-01,8.484845099878142172e-01,8.027808670449327888e-01,9.211580741009468554e-01,8.522697907254206395e-01,9.209709227706612822e-01,-3.935412321714016892e-01,7.105848673262504800e-01,-5.186019620100327243e-01,9.195836322020842779e-01,7.715299240786138713e-01,1.000000000000000000e+00,5.200934343789312964e-01,7.524209187755044326e-01,6.601051943702382907e-01,-6.008173553325129035e-01,8.754394792607428366e-02,8.285141714675734459e-01,-1.045654489460154943e-03,-6.597283514914686897e-01,-5.217909189783030977e-01,8.449555762942494441e-01,7.380580738274328256e-01
2.294819118944269043e-01,-1.121022410147298615e-01,3.601755947714470607e-01,-1.836268937138005874e-01,2.472283606534332323e-01,-5.402562312913976317e-02,2.717331468274796213e-01,-3.801572171480253060e-01,1.432177526081288288e-01,-4.190499387920938734e-02,-1.713305790211765503e-02,2.913442677877990938e-01,-1.668867537589176497e-01,6.279521447906710740e-01,-9.678456145360334051e-02,1.633671445410707634e-01,-3.515940559043769344e-04,1.798295519322200553e-01,1.339074862803297516e-01,3.978938048932412763e-01,5.538213307419264098e-01,4.134702792364915447e-01,1.879229549124824539e-01,1.915240605793067374e-01,1.709022342931251215e-01,4.335057784071579268e-01,1.398439220545751038e-01,5.200934343789312964e-01,1.000000000000000000e+00,1.058256221890740839e-01,1.186704477743642933e-01,-2.407568210982552193e-01,4.305144319384461848e-01,2.087430319020273650e-01,5.645240840606039479e-01,-2.628804669275132747e-02,1.911806692164736143e-01,2.111531831592072528e-01,5.177046363996241213e-02
9.372264756330935809e-01,6.836806997465203484e-01,8.274599049097578485e-01,6.586185217675287751e-01,8.728678690271978180e-01,-8.758050090471364291e-01,7.862700129750471723e-01,-7.866854692761441337e-01,9.529744931263600671e-01,9.329987124112243402e-01,-9.023770486038100724e-01,7.962038064173013741e-01,-9.083472789025598404e-01,3.086415970573131995e-01,-8.775735771219638215e-01,9.649551944677280391e-01,-8.814031061914773257e-01,9.258487043417698015e-01,9.129238735245649439e-01,8.115521143871362586e-01,4.674113287673715700e-01,7.323314503476782145e-01,-6.216460215108295939e-01,8.983134774589701665e-01,-7.668823510321389758e-01,8.402622193305920861e-01,9.404215992880140540e-01,7.524209187755044326e-01,1.058256221890740839e-01,1.000000000000000000e+00,6.901378025791984339e-01,-4.613175671584879289e-01,-3.077840330434842286e-01,9.242788473515829439e-01,-4.385996882879236725e-01,-7.928184790942418569e-01,-7.878660996510127301e-01,9.266848876008190183e-01,9.514679960487419930e-01
6.650808302516751924e-01,5.020863138733310249e-01,6.885436737314751809e-01,5.166163052620750262e-01,7.518311463987906729e-01,-6.280665062889608796e-01,5.762402174238422381e-01,-6.474316214478347264e-01,6.833114189851220432e-01,7.345146293522039072e-01,-6.556584739470153744e-01,5.402855006188040932e-01,-6.445374613324836854e-01,3.892009261751096516e-01,-7.015969937981488824e-01,7.116464595816921479e-01,-6.424205460056178207e-01,7.335089501554716840e-01,7.142874166742270159e-01,5.821140390189397662e-01,4.330251488247924274e-01,5.847885252989365457e-01,-3.095445020141024961e-01,7.264704788864340124e-01,-4.772575837486476291e-01,6.557295833408863794e-01,7.550420902055228201e-01,6.601051943702382907e-01,1.186704477743642933e-01,6.901378025791984339e-01,1.000000000000000000e+00,-2.066153725797450214e-01,1.332244615610407405e-02,6.512833519847440744e-01,-7.552748347695249775e-02,-5.748766921833685650e-01,-4.184376331610056288e-01,6.684244649940116467e-01,6.665024708563641598e-01
-5.779164584045861641e-01,-7.062254022164581035e-02,-5.058998632257041272e-01,-1.404221764258014593e-01,-3.978007275665798592e-01,5.908993625794299875e-01,-5.010841284126095196e-01,4.933784257310566135e-01,-5.256237026346606278e-01,-2.947101939200986731e-01,5.791257728677953187e-01,-5.453824119933569081e-01,6.388100177473654551e-01,-2.872060754199678989e-02,4.605336981157959753e-01,-5.269129364367510782e-01,5.410768477795648845e-01,-5.510345250233535941e-01,-5.491255398651223585e-01,-6.870930826809129588e-01,-6.138751650950547978e-01,-6.185081454076878371e-01,5.357344281834242050e-01,-3.538288117760048368e-01,5.204138559283375542e-01,-5.925507644619674164e-01,-3.783059572539014259e-01,-6.008173553325129035e-01,-2.407568210982552193e-01,-4.613175671584879289e-01,-2.066153725797450214e-01,1.000000000000000000e+00,2.712223141608748889e-01,-5.694393226383610562e-01,2.947947073603447987e-01,6.199635327034364041e-01,6.014203732121813362e-01,-6.055814701966319991e-01,-5.160844468891582215e-01
-2.740285379491161910e-01,-3.309661689206923607e-01,9.157370662374805792e-02,-2.553460863721929708e-01,-1.195280851430665682e-02,3.641673109405304531e-01,-1.406978060430179311e-01,-1.371698082223566095e-01,-2.768402462851080603e-01,-3.106847882294549446e-01,3.571714453264304145e-01,-2.812141763436887820e-01,3.400769534379885495e-01,5.587911397876627051e-01,2.346819538827008833e-01,-2.916496882420006043e-01,3.624690888920260590e-01,-2.178040884531152743e-01,-2.633755317008799057e-01,-1.132912386142658490e-01,3.154450782022485411e-01,1.126248592555695316e-01,5.456089667788969200e-01,-2.150876565325745282e-01,5.071302169795229853e-01,-6.256070589105094948e-02,-2.135886849458143721e-01,8.754394792607428366e-02,4.305144319384461848e-01,-3.077840330434842286e-01,1.332244615610407405e-02,2.712223141608748889e-01,1.000000000000000000e+00,-2.177648334725359458e-01,6.303724717047300974e-01,4.316419228997142032e-01,5.177133921898821045e-01,-2.736473844353216611e-01,-3.759950662787538422e-01
9.256069652066841735e-01,5.587050242107298725e-01,8.887774599752984450e-01,5.799187770647805662e-01,8.895819001086645583e-01,-8.984574638992121054e-01,8.006579145563964550e-01,-8.501830871518628596e-01,9.566947458411957372e-01,8.336874013611460521e-01,-9.155502397199949405e-01,8.429676033532216284e-01,-9.267499180983157503e-01,3.545538866566185221e-01,-8.717538371797087793e-01,9.228304118178274340e-01,-8.978998459589607739e-01,9.363276075830144762e-01,9.152800515805175063e-01,8.990378518705232080e-01,6.147723288613241577e-01,8.370129932898466851e-01,-6.435061106007726739e-01,8.369338633263679883e-01,-7.683205777788882918e-01,8.891494883275687933e-01,9.105184000252245502e-01,8.285141714675734459e-01,2.087430319020273650e-01,9.242788473515829439e-01,6.512833519847440744e-01,-5.694393226383610562e-01,-2.177648334725359458e-01,1.000000000000000000e+00,-4.009178281398225185e-01,-8.365240699548229797e-01,-7.984130043789994247e-01,9.509054843471812513e-01,9.346991231163375158e-01
-3.546387870613998961e-01,-4.196808680269987768e-01,-1.583630923218898590e-01,-3.526264298543838605e-01,-2.148158827637083879e-01,5.338359447707826666e-01,-2.774678232879358997e-01,1.287756002555833224e-01,-4.163850648160449253e-01,-4.384746903078577951e-01,5.223853909169426935e-01,-2.839686730608408927e-01,4.335585614855724801e-01,5.019753723495485875e-01,3.296325217461307799e-01,-3.911921264713396629e-01,5.426608097000239495e-01,-3.357935310406037765e-01,-3.859807824485289030e-01,-2.119015585627823661e-01,1.201996878344722824e-01,-1.204191174674520276e-01,7.374459524888058448e-01,-2.857485637847757554e-01,6.921885603682029764e-01,-1.184567096363615124e-01,-3.512695432270026563e-01,-1.045654489460154943e-03,5.645240840606039479e-01,-4.385996882879236725e-01,-7.552748347695249775e-02,2.947947073603447987e-01,6.303724717047300974e-01,-4.009178281398225185e-01,1.000000000000000000e+00,5.329596520637285284e-01,7.770402190722303093e-01,-3.734380705455293548e-01,-5.014626217073698822e-01
-7.849630642963363325e-01,-4.400465161515685897e-01,-6.885074435485607491e-01,-5.202813065000860826e-01,-6.683753692830347592e-01,8.997384076294563382e-01,-6.620667170378592425e-01,6.451812658680651236e-01,-8.199422503501683224e-01,-6.926807107557095833e-01,8.909419781201306510e-01,-8.030031039764078393e-01,8.614616450460607089e-01,2.612258919887375588e-02,7.379355943583261190e-01,-7.887356108924969966e-01,8.716375163899199308e-01,-8.164394871534165210e-01,-8.290879197096303610e-01,-7.650085363139661476e-01,-4.497032978259106195e-01,-6.578364818461989172e-01,8.264137533465999441e-01,-6.967074286470851252e-01,8.965637201023988201e-01,-6.887114100369522429e-01,-7.661758106725594653e-01,-6.597283514914686897e-01,-2.628804669275132747e-02,-7.928184790942418569e-01,-5.748766921833685650e-01,6.199635327034364041e-01,4.316419228997142032e-01,-8.365240699548229797e-01,5.329596520637285284e-01,1.000000000000000000e+00,8.578662937768398722e-01,-8.311198594158463182e-01,-8.388209023197856773e-01
-7.583312847723738814e-01,-5.145571633065935124e-01,-6.273655731784294476e-01,-5.274996515471553904e-01,-6.230639435462284048e-01,8.880372163794550966e-01,-6.362059672442722524e-01,5.942094038685730162e-01,-8.000809612962099804e-01,-7.220858317258065373e-01,8.817487642560865035e-01,-6.749173959036000037e-01,8.199665710201631263e-01,1.463703311814534558e-01,6.982056808610199727e-01,-7.699881062945239663e-01,8.742331002344192470e-01,-7.592177018926443699e-01,-7.863624949737328951e-01,-6.815767762078757119e-01,-3.387603826049200850e-01,-5.888393912089869842e-01,8.749716090389352274e-01,-6.260047889257314147e-01,9.124940592503663073e-01,-6.012101932072975163e-01,-7.315093239262872027e-01,-5.217909189783030977e-01,1.911806692164736143e-01,-7.878660996510127301e-01,-4.184376331610056288e-01,6.014203732121813362e-01,5.177133921898821045e-01,-7.984130043789994247e-01,7.770402190722303093e-01,8.578662937768398722e-01,1.000000000000000000e+00,-7.870252527748865523e-01,-8.375956930747937568e-01
9.589236456951324428e-01,5.592603817600376725e-01,8.879153448335826981e-01,5.747481453343484814e-01,8.843442874874394288e-01,-8.966628187167469122e-01,7.971102747913993980e-01,-8.541594049713456815e-01,9.641058659244187146e-01,8.465416634293062570e-01,-9.134475570802653710e-01,8.103733483153051642e-01,-9.526546561356559195e-01,3.225329229627530436e-01,-9.206191838264302651e-01,9.362273469930547654e-01,-8.944969443130630360e-01,9.634812254928843966e-01,9.493415101632020070e-01,9.088365765370675087e-01,6.218275320545406659e-01,8.272276310709658631e-01,-6.398228712013102060e-01,8.335147852577278194e-01,-7.517438487641444622e-01,9.140735424462891334e-01,9.081334101759009902e-01,8.449555762942494441e-01,2.111531831592072528e-01,9.266848876008190183e-01,6.684244649940116467e-01,-6.055814701966319991e-01,-2.736473844353216611e-01,9.509054843471812513e-01,-3.734380705455293548e-01,-8.311198594158463182e-01,-7.870252527748865523e-01,1.000000000000000000e+00,9.526435517625627680e-01
9.428219348235388209e-01,6.599179073513770089e-01,8.331907666239274368e-01,6.515279886738096771e-01,8.655509693849550157e-01,-9.086984176053656270e-01,7.755771665407417137e-01,-7.954807438454785107e-01,9.634696587935521750e-01,9.074225323440073820e-01,-9.281936010947831051e-01,7.915026116766431530e-01,-9.310567561621400090e-01,2.191122483435442303e-01,-9.112000708942854521e-01,9.403975702820722704e-01,-9.185198820026408972e-01,9.434250873925961178e-01,9.423273660270610197e-01,8.308464540923539143e-01,4.730917853882860569e-01,7.366154750149533914e-01,-6.934618613086049876e-01,8.485200144473193928e-01,-8.070920238262517810e-01,8.395047642964050816e-01,9.242553522818836020e-01,7.380580738274328256e-01,5.177046363996241213e-02,9.514679960487419930e-01,6.665024708563641598e-01,-5.160844468891582215e-01,-3.759950662787538422e-01,9.346991231163375158e-01,-5.014626217073698822e-01,-8.388209023197856773e-01,-8.375956930747937568e-01,9.526435517625627680e-01,1.000000000000000000e+00
