1.000000000000000000e+00,8.505453377108191937e-01,3.549219130763033858e-01,1.549480301915462654e-01,4.964567110514164217e-01,-3.419277750973449548e-01,3.732913961967072869e-02,5.443342464993571744e-02,6.389030496434201511e-01,7.471727544037298774e-01,1.088990372763170775e-02,6.751394922200814053e-01,-1.437139647305102907e-01,7.476129215802140848e-01,3.767174353825736288e-01,8.068083092896525255e-01,1.266374195988530238e-01,3.365670442049978339e-01,1.213063558429869071e-01,3.731990652657888874e-01,2.539966054688269081e-01,6.037876312158325653e-01,6.129668243097847746e-01,2.234563940503523638e-01,4.640700186150436002e-01,7.394454316172437425e-01,6.917415346164597079e-01,4.891398850440109580e-01,5.405743933899400666e-01,7.246534214437696519e-01,3.921416999464547581e-01,1.917393894764862772e-01,2.799077525758667528e-01,5.098306776126442230e-01,3.194465997078467512e-02,5.413038014443727342e-01,6.209898590090927595e-01,4.282539645509845783e-01,4.950609080072519985e-01
8.505453377108191937e-01,1.000000000000000000e+00,3.436126783338848689e-01,1.764271154878153391e-01,4.981165581453788627e-01,-2.902559916607773127e-01,3.060135696739522959e-02,7.613862737867352348e-02,6.294990827347397566e-01,7.632557948371740952e-01,1.045590494103902646e-02,6.828553746415485515e-01,-9.722806609238471287e-02,7.430250302458745182e-01,4.265587526880524338e-01,7.898493975250517884e-01,9.998210348190089691e-02,3.697028464525178859e-01,1.931442878602795121e-01,4.306515325776064107e-01,2.315224956369320852e-01,5.754667042231862428e-01,6.336195249017329001e-01,3.193469243477718988e-01,5.206747939633049604e-01,6.833240416136331374e-01,5.680194599928641841e-01,5.086709775464749450e-01,5.544455808213107906e-01,6.711544569798713056e-01,3.863318756326168391e-01,2.826707037732399952e-01,3.221033653991055568e-01,5.242940917874442386e-01,8.313634721517547399e-02,6.174777999100118375e-01,7.038590721727112642e-01,3.937234767833389104e-01,4.527631820251771244e-01
3.549219130763033858e-01,3.436126783338848689e-01,1.000000000000000000e+00,1.114510921977230479e-01,8.517659040171382534e-01,-1.544580426798954353e-01,-2.913778652651223822e-01,-5.895201270020037354e-01,5.249309176775568409e-01,5.170594484457364803e-01,-1.572211006714409609e-01,5.206769596287115220e-01,-3.510077373045985549e-01,4.504157195665136060e-01,6.531601284395807117e-01,4.768347271682238930e-01,1.000024288703795644e-01,8.142606186068235274e-01,7.189888059360592942e-01,4.335864879116579362e-01,-1.886059236640024242e-02,6.853452944219384779e-02,4.266101458450414774e-01,3.967145450372066007e-01,6.399298301339489958e-01,4.135403839656863756e-01,3.064801047707692572e-01,5.420549881139793413e-01,3.607422732168229923e-02,5.104449713936052291e-01,-2.631846588291608755e-03,-1.289226859520267998e-01,6.853825310746258781e-01,7.952926349030917663e-01,-2.705981507591867508e-01,5.444737165561042147e-01,1.418978607904109179e-01,7.509816154946835631e-02,5.299524693482285942e-01
1.549480301915462654e-01,1.764271154878153391e-01,1.114510921977230479e-01,1.000000000000000000e+00,1.983434790255940716e-01,-4.527616311933954640e-01,6.022148522212801280e-01,3.443437044257419144e-01,-3.156158447169796211e-02,2.887922625735019344e-01,-5.342499022884843463e-01,1.414572342871600052e-01,-2.725431611982455649e-01,1.963702014730134005e-01,1.629221767501744245e-01,2.650344092947630736e-01,-4.842654960527771335e-01,3.170761964881302353e-01,9.490499141745423195e-02,6.456130351650301025e-01,-1.766238425486121172e-02,4.945851005643947529e-01,-1.179377754271123124e-01,-1.565457625962212440e-01,-4.126885476826831073e-02,-8.051889231819389647e-02,-1.207971720177974662e-01,2.931721901968555866e-01,2.699854951366295608e-01,9.328657480728350104e-02,-2.446628778922657066e-01,-1.076294321287407790e-01,-8.309133670814750072e-02,2.360782300256125676e-01,-6.523206313093980746e-02,2.103241401455142878e-02,2.252968011304755727e-02,-3.831436137183625856e-01,-2.474832848345907832e-01
4.964567110514164217e-01,4.981165581453788627e-01,8.517659040171382534e-01,1.983434790255940716e-01,1.000000000000000000e+00,-2.580069446074314543e-01,-2.514485223468922448e-01,-4.312402596021526202e-01,6.522978519050677271e-01,5.581204825483776499e-01,-1.614774281399080080e-01,6.249374903372942880e-01,-4.158271864536230433e-01,6.022133504793335534e-01,6.629215593475971113e-01,5.735227074855432372e-01,9.728872520564411930e-02,8.135693666679439939e-01,6.527201109001855572e-01,4.586328167238584164e-01,8.154376592704322413e-02,2.214789241175851298e-01,5.380641113349764471e-01,3.896835596285305736e-01,5.872052424995878317e-01,5.325220803193736474e-01,4.047692876813915874e-01,5.731879932918153564e-01,1.888369995955819503e-01,5.911768566687958248e-01,8.810048763506543590e-02,-7.042989691254539220e-03,5.804515830238158314e-01,8.350218071113594265e-01,-2.443774762033042725e-01,5.680325807591225518e-01,2.683669065443323731e-01,1.774529574594663206e-01,5.860945812175134551e-01
-3.419277750973449548e-01,-2.902559916607773127e-01,-1.544580426798954353e-01,-4.527616311933954640e-01,-2.580069446074314543e-01,1.000000000000000000e+00,-1.333853520966103989e-01,-4.240360823187044881e-01,-2.074108619398382924e-01,-3.292881464497119937e-01,6.714910882028523043e-01,-4.341279057075139169e-01,7.127102505409336208e-01,-2.777388800391664136e-01,-3.122810673894777511e-01,-4.823035781264218835e-01,3.662663325231084177e-01,-2.589001521542299011e-01,-6.159810959200694852e-02,-3.973524163788211827e-01,-3.501623843178952034e-01,-5.400486004833102704e-01,-4.157497052680536598e-02,2.388651909148314656e-01,3.380795318687163098e-02,-2.772034483568065477e-01,-1.046827544082205991e-01,-3.503446730236098317e-01,-1.250334877621682161e-01,-2.966325952444337499e-01,9.085633365967704655e-02,3.312055855253150938e-01,1.901096561015927777e-01,-4.153793195923301540e-01,8.875382911842540079e-02,-7.567852377081778215e-02,1.379039258461409179e-02,-4.415412489291722226e-02,6.031344087343898722e-03
3.732913961967072869e-02,3.060135696739522959e-02,-2.913778652651223822e-01,6.022148522212801280e-01,-2.514485223468922448e-01,-1.333853520966103989e-01,1.000000000000000000e+00,3.461484502537725549e-01,-2.514742093183727212e-01,1.151900537540708203e-01,-1.306351216450557240e-01,-2.262199614374257872e-01,1.173744353014519320e-01,5.068939735561472232e-02,-2.731997767438626434e-01,6.691229080596036716e-02,-2.461333935702811615e-01,-1.400885992259383594e-01,-3.027394235286385293e-01,2.612337895285424261e-01,4.614892492762953657e-02,3.466766729658030122e-01,-1.468356831106209237e-01,-1.800385630077349364e-01,-1.933553393601887549e-01,-1.994260268803688674e-01,-2.279540805587008112e-01,4.072184217209240398e-02,1.984295288638245058e-01,-5.688740927880117648e-02,-5.630774839274257232e-02,2.417349384705151996e-02,-4.239325657683745696e-01,-2.697622163270476658e-01,2.242317606111894623e-01,-1.784577931416959362e-01,8.908605290538078314e-02,-2.274581543528470529e-01,-3.425988845999964894e-01
5.443342464993571744e-02,7.613862737867352348e-02,-5.895201270020037354e-01,3.443437044257419144e-01,-4.312402596021526202e-01,-4.240360823187044881e-01,3.461484502537725549e-01,1.000000000000000000e+00,-2.729059531313540177e-01,-5.689288282168102062e-02,-3.793402939062253121e-01,8.382655187615656311e-02,-1.687435273776320688e-01,-5.443101776614148873e-02,-9.930343398451388359e-02,7.153842677997075683e-02,-4.025468413730204920e-01,-3.807472806213564875e-01,-4.214417744837145041e-01,2.212173895822888425e-01,1.785283413696806820e-01,4.941785053888267942e-01,-2.607289488541695843e-01,-4.533115585126843428e-01,-4.286729404428484269e-01,-1.115339252934900854e-01,-1.324639501383435003e-01,-5.489360527182253480e-02,3.013425005133297252e-01,-1.925008179058115276e-01,-1.093178634135473504e-01,-2.518578241312164484e-02,-4.457188863288532032e-01,-2.050802983117780975e-01,1.021265188992628997e-01,-2.333210889764513185e-01,1.214757753994468240e-02,-1.084513065377602364e-01,-4.713903310423946391e-01
6.389030496434201511e-01,6.294990827347397566e-01,5.249309176775568409e-01,-3.156158447169796211e-02,6.522978519050677271e-01,-2.074108619398382924e-01,-2.514742093183727212e-01,-2.729059531313540177e-01,1.000000000000000000e+00,5.606315565803765555e-01,2.128550955614875173e-01,5.230144178583308046e-01,-2.073211095516098723e-01,7.106963411383110385e-01,2.622852204497830297e-01,6.020258604226760291e-01,4.487461581810633371e-01,5.097898968826078958e-01,3.276876599393067635e-01,1.595416195768268597e-01,5.484022901569096664e-01,3.988085240605324100e-01,7.385378984589567875e-01,4.441415361232106118e-01,5.409926669613605021e-01,8.192385076352101114e-01,7.065860463033849515e-01,6.231538103593603495e-01,4.132959704281153890e-01,6.868330627655648835e-01,6.270290155448910996e-01,3.396882978377092632e-01,3.087816876089803930e-01,5.382551586608930183e-01,2.301210477037141378e-01,5.303761558298487611e-01,5.450976239423446223e-01,6.089799332345752214e-01,7.361914557438915541e-01
7.471727544037298774e-01,7.632557948371740952e-01,5.170594484457364803e-01,2.887922625735019344e-01,5.581204825483776499e-01,-3.292881464497119937e-01,1.151900537540708203e-01,-5.689288282168102062e-02,5.606315565803765555e-01,1.000000000000000000e+00,-1.568829993469438022e-01,6.785305973582332895e-01,-1.166732575566008234e-01,7.212190810492790094e-01,4.974795839902054762e-01,8.454935987306335665e-01,-3.916719017978973622e-02,4.999716012099810203e-01,3.256623799571092825e-01,5.871569584557447818e-01,1.544801204498268687e-01,5.607504555663241907e-01,5.854276855577781324e-01,2.767174672548458059e-01,6.282827468991647457e-01,5.924589602668901556e-01,4.946054330599712889e-01,5.573397313263127595e-01,4.478838821684392735e-01,7.206463890095496927e-01,2.413136867187831713e-01,1.478671177079703414e-01,3.864798301813281989e-01,6.022659507604948281e-01,4.276768817920585664e-02,6.556795987174375284e-01,5.929634001354331385e-01,2.871377662164364963e-01,4.635450634366036216e-01
1.088990372763170775e-02,1.045590494103902646e-02,-1.572211006714409609e-01,-5.342499022884843463e-01,-1.614774281399080080e-01,6.714910882028523043e-01,-1.306351216450557240e-01,-3.793402939062253121e-01,2.128550955614875173e-01,-1.568829993469438022e-01,1.000000000000000000e+00,-2.498323940596991477e-01,5.692993288535652674e-01,7.878895251599582483e-02,-4.192062767014456681e-01,-2.031007753156893192e-01,7.380105860917890448e-01,-2.808821528775716225e-01,-2.240772272878888416e-01,-5.556471171851387059e-01,1.225019192129792184e-01,-2.641984182086599686e-01,3.370857212970427286e-01,4.569647447153722952e-01,1.199577169874357085e-01,1.893290089418665501e-01,2.926592321831767984e-01,-1.600315740185939972e-01,6.258706209628060735e-02,-1.640291099776879785e-02,5.394165130161250321e-01,5.385289672618991386e-01,1.695885387370226621e-02,-3.498563838259926562e-01,3.539434569434791733e-01,6.184782265355755898e-02,2.763291991556833249e-01,4.423341466411441214e-01,3.473977163002468505e-01
6.751394922200814053e-01,6.828553746415485515e-01,5.206769596287115220e-01,1.414572342871600052e-01,6.249374903372942880e-01,-4.341279057075139169e-01,-2.262199614374257872e-01,8.382655187615656311e-02,5.230144178583308046e-01,6.785305973582332895e-01,-2.498323940596991477e-01,1.000000000000000000e+00,-3.655662445445368447e-01,6.685794156741818872e-01,7.493571534618991281e-01,7.690698681084157107e-01,-5.958601804204542024e-02,4.637110540438053596e-01,3.337307511001798566e-01,5.605633448830587007e-01,1.465596767748018059e-01,5.247226535406082082e-01,5.436453313934443976e-01,2.639881737088695113e-01,4.784032721041122094e-01,5.896533216586617998e-01,4.754138734156210799e-01,5.194318846267157452e-01,3.693130139555031444e-01,5.661880275673685237e-01,8.774741098760834024e-02,8.819506306700787557e-02,4.468942808701444891e-01,7.655458890927897553e-01,-2.085273810618486767e-01,6.926431160286327104e-01,4.298706939330200760e-01,3.365497514196531537e-01,4.762190432797133721e-01
-1.437139647305102907e-01,-9.722806609238471287e-02,-3.510077373045985549e-01,-2.725431611982455649e-01,-4.158271864536230433e-01,7.127102505409336208e-01,1.173744353014519320e-01,-1.687435273776320688e-01,-2.073211095516098723e-01,-1.166732575566008234e-01,5.692993288535652674e-01,-3.655662445445368447e-01,1.000000000000000000e+00,-1.567037088110871945e-01,-4.576156611634735194e-01,-2.820267577015980742e-01,1.667209328713569749e-01,-4.152437502125154722e-01,-3.014621738123922645e-01,-2.834095234560616294e-01,-2.601714767891277758e-01,-2.202985591953538214e-01,-3.981364184573051718e-02,1.323768315829882969e-01,-6.797386575106408556e-03,-2.419596877181406924e-01,9.844074109438995593e-03,-3.819491960907103190e-01,6.177653769066440009e-02,-2.254986667312616211e-01,1.885766711892656322e-01,4.868472195328423791e-01,-5.871630670393111762e-03,-5.485361797932762906e-01,2.861965703372688630e-01,-5.770336003311296591e-03,2.432053270080483109e-01,3.307936046987416945e-02,-7.242727826460013119e-02
7.476129215802140848e-01,7.430250302458745182e-01,4.504157195665136060e-01,1.963702014730134005e-01,6.022133504793335534e-01,-2.777388800391664136e-01,5.068939735561472232e-02,-5.443101776614148873e-02,7.106963411383110385e-01,7.212190810492790094e-01,7.878895251599582483e-02,6.685794156741818872e-01,-1.567037088110871945e-01,1.000000000000000000e+00,3.946230227528622070e-01,7.969195965659349179e-01,2.402267223050432166e-01,4.664592623510345759e-01,2.201181608309699111e-01,4.529491175705208095e-01,3.797795895471218763e-01,6.174893445384156410e-01,7.139737771872801675e-01,3.647704959538434211e-01,5.162160155134756234e-01,7.532486282296692037e-01,6.439566106597500728e-01,6.441022219867912346e-01,6.605083816029764243e-01,7.060209204138232497e-01,4.470122874752308628e-01,3.809457745324473232e-01,3.090371434586495769e-01,5.480711568706710946e-01,1.753665625263253758e-01,6.301703008067717215e-01,6.991921649367105474e-01,5.174986811802225750e-01,5.883027933675336607e-01
3.767174353825736288e-01,4.265587526880524338e-01,6.531601284395807117e-01,1.629221767501744245e-01,6.629215593475971113e-01,-3.122810673894777511e-01,-2.731997767438626434e-01,-9.930343398451388359e-02,2.622852204497830297e-01,4.974795839902054762e-01,-4.192062767014456681e-01,7.493571534618991281e-01,-4.576156611634735194e-01,3.946230227528622070e-01,1.000000000000000000e+00,5.349924828645845620e-01,-1.703707895359562741e-01,6.010533900962331533e-01,5.691896439144089603e-01,5.826217872255853303e-01,-2.155588147170787727e-01,1.643289960600297361e-01,2.947394080780850190e-01,2.491209456425844682e-01,4.375161578964855691e-01,2.863943423617434370e-01,1.363215509619263577e-01,4.248001331223456023e-01,7.375493022523814390e-02,3.944674550221853870e-01,-3.316012087211467341e-01,-2.315408949411257578e-01,6.159218038805128748e-01,8.337221255486931826e-01,-5.282702379705757068e-01,5.586361768524473748e-01,9.068887770347615340e-02,-3.842703501749843847e-02,2.505964681735741717e-01
8.068083092896525255e-01,7.898493975250517884e-01,4.768347271682238930e-01,2.650344092947630736e-01,5.735227074855432372e-01,-4.823035781264218835e-01,6.691229080596036716e-02,7.153842677997075683e-02,6.020258604226760291e-01,8.454935987306335665e-01,-2.031007753156893192e-01,7.690698681084157107e-01,-2.820267577015980742e-01,7.969195965659349179e-01,5.349924828645845620e-01,1.000000000000000000e+00,-1.808822078899962119e-02,4.712562839626481814e-01,2.746916191100003402e-01,5.723351224367942969e-01,2.809215972850085397e-01,6.681014180270914427e-01,6.245939258756991741e-01,2.252816554744698496e-01,5.519385614641278970e-01,6.767946526865514789e-01,5.358860567430210331e-01,5.926986341484310472e-01,5.276406589069643216e-01,7.624095427001623682e-01,2.606105383239814000e-01,1.432122600838690307e-01,3.217083493747571743e-01,6.467195405765198135e-01,3.438246195136208938e-02,6.370269822468854759e-01,6.069166937352475921e-01,3.782984271348995287e-01,4.709258079241261385e-01
1.266374195988530238e-01,9.998210348190089691e-02,1.000024288703795644e-01,-4.842654960527771335e-01,9.728872520564411930e-02,3.662663325231084177e-01,-2.461333935702811615e-01,-4.025468413730204920e-01,4.487461581810633371e-01,-3.916719017978973622e-02,7.380105860917890448e-01,-5.958601804204542024e-02,1.667209328713569749e-01,2.402267223050432166e-01,-1.703707895359562741e-01,-1.808822078899962119e-02,1.000000000000000000e+00,-2.910048311151818695e-02,-5.013175982625813105e-03,-4.391918200706419473e-01,3.527148374984148127e-01,-1.286761280300105226e-01,4.876989158890465692e-01,4.915677552938367834e-01,2.106161197867891799e-01,4.551290909403518659e-01,3.916700412277338006e-01,1.380925178913145479e-01,1.634981249434958595e-01,2.044311684804498985e-01,5.334998424803071293e-01,4.112301720719253595e-01,1.248563320853818409e-01,-3.778169670202469882e-02,3.192172416414436054e-01,1.286526308121407058e-01,2.372836922122007197e-01,5.681296649113913855e-01,4.758365009024854708e-01
3.365670442049978339e-01,3.697028464525178859e-01,8.142606186068235274e-01,3.170761964881302353e-01,8.135693666679439939e-01,-2.589001521542299011e-01,-1.400885992259383594e-01,-3.807472806213564875e-01,5.097898968826078958e-01,4.999716012099810203e-01,-2.808821528775716225e-01,4.637110540438053596e-01,-4.152437502125154722e-01,4.664592623510345759e-01,6.010533900962331533e-01,4.712562839626481814e-01,-2.910048311151818695e-02,1.000000000000000000e+00,7.921604009659559686e-01,5.048548836277104712e-01,3.791616214726022116e-02,1.732891036982456279e-01,3.339744098049668986e-01,2.567313403451876308e-01,5.162549546170779324e-01,3.536719366558135347e-01,2.185877728106424278e-01,6.176863262778679031e-01,1.084002521521321288e-01,4.298187361687589303e-01,1.896005886345093067e-02,-1.631888760602313582e-01,5.718793343756206626e-01,7.678301930204876058e-01,-2.414116678106136560e-01,4.143392363635618469e-01,1.428963713978821659e-01,-8.133297087468997766e-02,3.685614231278066533e-01
1.213063558429869071e-01,1.931442878602795121e-01,7.189888059360592942e-01,9.490499141745423195e-02,6.527201109001855572e-01,-6.159810959200694852e-02,-3.027394235286385293e-01,-4.214417744837145041e-01,3.276876599393067635e-01,3.256623799571092825e-01,-2.240772272878888416e-01,3.337307511001798566e-01,-3.014621738123922645e-01,2.201181608309699111e-01,5.691896439144089603e-01,2.746916191100003402e-01,-5.013175982625813105e-03,7.921604009659559686e-01,1.000000000000000000e+00,3.441485808601980612e-01,-1.086921714344283169e-01,-7.596154520817785527e-02,2.521770481064667391e-01,2.059071817637689594e-01,4.846755196094715834e-01,1.630643928460670244e-01,5.481481379622460404e-02,4.202470916573953219e-01,-6.380044474999330140e-02,3.050794371138627059e-01,-9.548155297675431363e-02,-2.421921427035211571e-01,6.407273359311839167e-01,6.421079055729181917e-01,-3.163175574304483706e-01,2.988724937101080448e-01,5.023083013550951395e-03,-1.507536405127791468e-01,2.872695522548285862e-01
3.731990652657888874e-01,4.306515325776064107e-01,4.335864879116579362e-01,6.456130351650301025e-01,4.586328167238584164e-01,-3.973524163788211827e-01,2.612337895285424261e-01,2.212173895822888425e-01,1.595416195768268597e-01,5.871569584557447818e-01,-5.556471171851387059e-01,5.605633448830587007e-01,-2.834095234560616294e-01,4.529491175705208095e-01,5.826217872255853303e-01,5.723351224367942969e-01,-4.391918200706419473e-01,5.048548836277104712e-01,3.441485808601980612e-01,1.000000000000000000e+00,-1.708584604515933289e-02,5.883456136554078286e-01,1.363661983733494287e-01,-1.553767246924205384e-02,3.384668219765641917e-01,2.046136905817959317e-01,1.276242025130680524e-01,5.545910078805031951e-01,4.412978565046807855e-01,3.356531780661738407e-01,-1.988106809736198410e-01,-3.019427281397438559e-02,3.599182476454849122e-01,5.638011778299494292e-01,-1.012540833229953890e-01,4.522460338593453644e-01,2.793137511850683485e-01,-1.547691872951564851e-01,2.232733949052219391e-02
2.539966054688269081e-01,2.315224956369320852e-01,-1.886059236640024242e-02,-1.766238425486121172e-02,8.154376592704322413e-02,-3.501623843178952034e-01,4.614892492762953657e-02,1.785283413696806820e-01,5.484022901569096664e-01,1.544801204498268687e-01,1.225019192129792184e-01,1.465596767748018059e-01,-2.601714767891277758e-01,3.797795895471218763e-01,-2.155588147170787727e-01,2.809215972850085397e-01,3.527148374984148127e-01,3.791616214726022116e-02,-1.086921714344283169e-01,-1.708584604515933289e-02,1.000000000000000000e+00,5.100418661838329593e-01,3.572368342849687184e-01,4.031744145985526745e-02,4.359194831344546939e-02,5.666652658397911546e-01,3.882277655536209848e-01,4.939687160779917541e-01,3.715818143274633445e-01,2.989512751036222382e-01,6.711224699995302911e-01,2.624425868134955819e-01,-2.939185207850940063e-01,2.658697729122463591e-02,5.793802829352562300e-01,9.134222525971624762e-02,3.087710516584739606e-01,5.800415536769817360e-01,3.440300641005647475e-01
6.037876312158325653e-01,5.754667042231862428e-01,6.853452944219384779e-02,4.945851005643947529e-01,2.214789241175851298e-01,-5.400486004833102704e-01,3.466766729658030122e-01,4.941785053888267942e-01,3.988085240605324100e-01,5.607504555663241907e-01,-2.641984182086599686e-01,5.247226535406082082e-01,-2.202985591953538214e-01,6.174893445384156410e-01,1.643289960600297361e-01,6.681014180270914427e-01,-1.286761280300105226e-01,1.732891036982456279e-01,-7.596154520817785527e-02,5.883456136554078286e-01,5.100418661838329593e-01,1.000000000000000000e+00,3.191944962236659689e-01,-7.008768682282583151e-02,1.276880565819767110e-01,4.907129518818028058e-01,4.206215584251970507e-01,5.161520966814540090e-01,7.148026121337726080e-01,4.232274397794768550e-01,3.059391316455234433e-01,2.800440826640062109e-01,-4.009007499256903723e-02,2.835874367167365850e-01,3.238679309078564827e-01,3.360298094651010814e-01,5.326770535983528232e-01,2.818409622294529848e-01,1.256203742751933472e-01
6.129668243097847746e-01,6.336195249017329001e-01,4.266101458450414774e-01,-1.179377754271123124e-01,5.380641113349764471e-01,-4.157497052680536598e-02,-1.468356831106209237e-01,-2.607289488541695843e-01,7.385378984589567875e-01,5.854276855577781324e-01,3.370857212970427286e-01,5.436453313934443976e-01,-3.981364184573051718e-02,7.139737771872801675e-01,2.947394080780850190e-01,6.245939258756991741e-01,4.876989158890465692e-01,3.339744098049668986e-01,2.521770481064667391e-01,1.363661983733494287e-01,3.572368342849687184e-01,3.191944962236659689e-01,1.000000000000000000e+00,5.463573017397173048e-01,6.499599996025859916e-01,7.113278053995937267e-01,5.751710693926384010e-01,4.429498210076205922e-01,3.826592546014730978e-01,7.035707945766095373e-01,5.489352074694147099e-01,4.423321703125767113e-01,2.801175931902102900e-01,4.586201065361031337e-01,1.802339060662956627e-01,5.780605336435062913e-01,6.388819124839011376e-01,6.599485654793809664e-01,7.369702355367834246e-01
2.234563940503523638e-01,3.193469243477718988e-01,3.967145450372066007e-01,-1.565457625962212440e-01,3.896835596285305736e-01,2.388651909148314656e-01,-1.800385630077349364e-01,-4.533115585126843428e-01,4.441415361232106118e-01,2.767174672548458059e-01,4.569647447153722952e-01,2.639881737088695113e-01,1.323768315829882969e-01,3.647704959538434211e-01,2.491209456425844682e-01,2.252816554744698496e-01,4.915677552938367834e-01,2.567313403451876308e-01,2.059071817637689594e-01,-1.553767246924205384e-02,4.031744145985526745e-02,-7.008768682282583151e-02,5.463573017397173048e-01,1.000000000000000000e+00,5.408737761509945230e-01,3.343204818401038780e-01,2.583967143623341900e-01,2.036988453080659234e-01,5.098898373707606152e-02,3.125983527627462233e-01,2.375535309044068399e-01,3.674258905107028461e-01,3.668392848579627996e-01,3.113115429383436217e-01,3.510404589172024664e-02,5.095632368589061434e-01,3.274132015435241572e-01,3.321538333487379369e-01,4.645395707240003169e-01
4.640700186150436002e-01,5.206747939633049604e-01,6.399298301339489958e-01,-4.126885476826831073e-02,5.872052424995878317e-01,3.380795318687163098e-02,-1.933553393601887549e-01,-4.286729404428484269e-01,5.409926669613605021e-01,6.282827468991647457e-01,1.199577169874357085e-01,4.784032721041122094e-01,-6.797386575106408556e-03,5.162160155134756234e-01,4.375161578964855691e-01,5.519385614641278970e-01,2.106161197867891799e-01,5.162549546170779324e-01,4.846755196094715834e-01,3.384668219765641917e-01,4.359194831344546939e-02,1.276880565819767110e-01,6.499599996025859916e-01,5.408737761509945230e-01,1.000000000000000000e+00,5.096488148805480289e-01,4.162420572853764433e-01,4.638126462311674691e-01,2.035810366521436932e-01,5.717947241652003854e-01,2.502461312203419497e-01,1.653953432394708878e-01,5.705020192272369783e-01,5.473648158669401909e-01,7.935546595737305586e-02,6.378991289607267579e-01,4.891469004738326354e-01,3.082655724185328072e-01,5.917769996585202641e-01
7.394454316172437425e-01,6.833240416136331374e-01,4.135403839656863756e-01,-8.051889231819389647e-02,5.325220803193736474e-01,-2.772034483568065477e-01,-1.994260268803688674e-01,-1.115339252934900854e-01,8.192385076352101114e-01,5.924589602668901556e-01,1.893290089418665501e-01,5.896533216586617998e-01,-2.419596877181406924e-01,7.532486282296692037e-01,2.863943423617434370e-01,6.767946526865514789e-01,4.551290909403518659e-01,3.536719366558135347e-01,1.630643928460670244e-01,2.046136905817959317e-01,5.666652658397911546e-01,4.907129518818028058e-01,7.113278053995937267e-01,3.343204818401038780e-01,5.096488148805480289e-01,1.000000000000000000e+00,7.787275914254978559e-01,6.336319625006651135e-01,5.189833329798171357e-01,6.904040264068528332e-01,5.924537891535708312e-01,3.007849759696937797e-01,2.530741154236169632e-01,4.921681880184833879e-01,2.517109400346000947e-01,5.530940385912745949e-01,5.766259362134534827e-01,6.987890260288484034e-01,6.984970581196526807e-01
6.917415346164597079e-01,5.680194599928641841e-01,3.064801047707692572e-01,-1.207971720177974662e-01,4.047692876813915874e-01,-1.046827544082205991e-01,-2.279540805587008112e-01,-1.324639501383435003e-01,7.065860463033849515e-01,4.946054330599712889e-01,2.926592321831767984e-01,4.754138734156210799e-01,9.844074109438995593e-03,6.439566106597500728e-01,1.363215509619263577e-01,5.358860567430210331e-01,3.916700412277338006e-01,2.185877728106424278e-01,5.481481379622460404e-02,1.276242025130680524e-01,3.882277655536209848e-01,4.206215584251970507e-01,5.751710693926384010e-01,2.583967143623341900e-01,4.162420572853764433e-01,7.787275914254978559e-01,1.000000000000000000e+00,4.331963316378354412e-01,4.994094966855755491e-01,5.718057031647023614e-01,5.706570955060505934e-01,3.746237168849919641e-01,2.969029206082668404e-01,3.181992003262417157e-01,2.406242962293818344e-01,4.851670313132119827e-01,5.190167956361499968e-01,5.854530913896633937e-01,6.061121546194347953e-01
4.891398850440109580e-01,5.086709775464749450e-01,5.420549881139793413e-01,2.931721901968555866e-01,5.731879932918153564e-01,-3.503446730236098317e-01,4.072184217209240398e-02,-5.489360527182253480e-02,6.231538103593603495e-01,5.573397313263127595e-01,-1.600315740185939972e-01,5.194318846267157452e-01,-3.819491960907103190e-01,6.441022219867912346e-01,4.248001331223456023e-01,5.926986341484310472e-01,1.380925178913145479e-01,6.176863262778679031e-01,4.202470916573953219e-01,5.545910078805031951e-01,4.939687160779917541e-01,5.161520966814540090e-01,4.429498210076205922e-01,2.036988453080659234e-01,4.638126462311674691e-01,6.336319625006651135e-01,4.331963316378354412e-01,1.000000000000000000e+00,4.540282938310498673e-01,5.687585171940645612e-01,3.668370134458920351e-01,2.661249323313336079e-02,2.973333556565359026e-01,5.812128343881521886e-01,1.658167560026475307e-01,4.467734393536709758e-01,3.690458705117877214e-01,2.659067176938719745e-01,4.367286891461962806e-01
5.405743933899400666e-01,5.544455808213107906e-01,3.607422732168229923e-02,2.699854951366295608e-01,1.888369995955819503e-01,-1.250334877621682161e-01,1.984295288638245058e-01,3.013425005133297252e-01,4.132959704281153890e-01,4.478838821684392735e-01,6.258706209628060735e-02,3.693130139555031444e-01,6.177653769066440009e-02,6.605083816029764243e-01,7.375493022523814390e-02,5.276406589069643216e-01,1.634981249434958595e-01,1.084002521521321288e-01,-6.380044474999330140e-02,4.412978565046807855e-01,3.715818143274633445e-01,7.148026121337726080e-01,3.826592546014730978e-01,5.098898373707606152e-02,2.035810366521436932e-01,5.189833329798171357e-01,4.994094966855755491e-01,4.540282938310498673e-01,1.000000000000000000e+00,3.968819560817274938e-01,3.653037473526283829e-01,5.434522875524333552e-01,1.479885797210087339e-01,1.639735521858193823e-01,3.945282611775794979e-01,3.283871876455929373e-01,6.843241465713457705e-01,3.314335693325432541e-01,1.814877468861088583e-01
7.246534214437696519e-01,6.711544569798713056e-01,5.104449713936052291e-01,9.328657480728350104e-02,5.911768566687958248e-01,-2.966325952444337499e-01,-5.688740927880117648e-02,-1.925008179058115276e-01,6.868330627655648835e-01,7.206463890095496927e-01,-1.640291099776879785e-02,5.661880275673685237e-01,-2.254986667312616211e-01,7.060209204138232497e-01,3.944674550221853870e-01,7.624095427001623682e-01,2.044311684804498985e-01,4.298187361687589303e-01,3.050794371138627059e-01,3.356531780661738407e-01,2.989512751036222382e-01,4.232274397794768550e-01,7.035707945766095373e-01,3.125983527627462233e-01,5.717947241652003854e-01,6.904040264068528332e-01,5.718057031647023614e-01,5.687585171940645612e-01,3.968819560817274938e-01,1.000000000000000000e+00,3.685461749266824016e-01,1.252612650048708365e-01,2.937690206848954100e-01,5.553690423599609849e-01,5.566174690930656560e-02,5.130384362805071596e-01,5.083201506484424925e-01,4.417464208245628909e-01,6.104596237936783520e-01
3.921416999464547581e-01,3.863318756326168391e-01,-2.631846588291608755e-03,-2.446628778922657066e-01,8.810048763506543590e-02,9.085633365967704655e-02,-5.630774839274257232e-02,-1.093178634135473504e-01,6.270290155448910996e-01,2.413136867187831713e-01,5.394165130161250321e-01,8.774741098760834024e-02,1.885766711892656322e-01,4.470122874752308628e-01,-3.316012087211467341e-01,2.606105383239814000e-01,5.334998424803071293e-01,1.896005886345093067e-02,-9.548155297675431363e-02,-1.988106809736198410e-01,6.711224699995302911e-01,3.059391316455234433e-01,5.489352074694147099e-01,2.375535309044068399e-01,2.502461312203419497e-01,5.924537891535708312e-01,5.706570955060505934e-01,3.668370134458920351e-01,3.653037473526283829e-01,3.685461749266824016e-01,1.000000000000000000e+00,4.794996435127942824e-01,-1.097097568559094322e-01,-8.170480507340306675e-02,5.958267590636044941e-01,1.854383249020675473e-01,5.213022936548225017e-01,6.513986100115028988e-01,5.364494707491770376e-01
1.917393894764862772e-01,2.826707037732399952e-01,-1.289226859520267998e-01,-1.076294321287407790e-01,-7.042989691254539220e-03,3.312055855253150938e-01,2.417349384705151996e-02,-2.518578241312164484e-02,3.396882978377092632e-01,1.478671177079703414e-01,5.385289672618991386e-01,8.819506306700787557e-02,4.868472195328423791e-01,3.809457745324473232e-01,-2.315408949411257578e-01,1.432122600838690307e-01,4.112301720719253595e-01,-1.631888760602313582e-01,-2.421921427035211571e-01,-3.019427281397438559e-02,2.624425868134955819e-01,2.800440826640062109e-01,4.423321703125767113e-01,3.674258905107028461e-01,1.653953432394708878e-01,3.007849759696937797e-01,3.746237168849919641e-01,2.661249323313336079e-02,5.434522875524333552e-01,1.252612650048708365e-01,4.794996435127942824e-01,1.000000000000000000e+00,2.802579159696337238e-02,-1.632920723490398629e-01,5.227824650743626567e-01,3.398094822973984352e-01,6.355635413464151284e-01,4.605927506316247477e-01,2.618479567238913841e-01
2.799077525758667528e-01,3.221033653991055568e-01,6.853825310746258781e-01,-8.309133670814750072e-02,5.804515830238158314e-01,1.901096561015927777e-01,-4.239325657683745696e-01,-4.457188863288532032e-01,3.087816876089803930e-01,3.864798301813281989e-01,1.695885387370226621e-02,4.468942808701444891e-01,-5.871630670393111762e-03,3.090371434586495769e-01,6.159218038805128748e-01,3.217083493747571743e-01,1.248563320853818409e-01,5.718793343756206626e-01,6.407273359311839167e-01,3.599182476454849122e-01,-2.939185207850940063e-01,-4.009007499256903723e-02,2.801175931902102900e-01,3.668392848579627996e-01,5.705020192272369783e-01,2.530741154236169632e-01,2.969029206082668404e-01,2.973333556565359026e-01,1.479885797210087339e-01,2.937690206848954100e-01,-1.097097568559094322e-01,2.802579159696337238e-02,1.000000000000000000e+00,5.995435751018328707e-01,-2.878541484797956795e-01,5.580976002839699301e-01,2.140034760022502536e-01,-3.167018304034596027e-02,3.162333205694260463e-01
5.098306776126442230e-01,5.242940917874442386e-01,7.952926349030917663e-01,2.360782300256125676e-01,8.350218071113594265e-01,-4.153793195923301540e-01,-2.697622163270476658e-01,-2.050802983117780975e-01,5.382551586608930183e-01,6.022659507604948281e-01,-3.498563838259926562e-01,7.655458890927897553e-01,-5.485361797932762906e-01,5.480711568706710946e-01,8.337221255486931826e-01,6.467195405765198135e-01,-3.778169670202469882e-02,7.678301930204876058e-01,6.421079055729181917e-01,5.638011778299494292e-01,2.658697729122463591e-02,2.835874367167365850e-01,4.586201065361031337e-01,3.113115429383436217e-01,5.473648158669401909e-01,4.921681880184833879e-01,3.181992003262417157e-01,5.812128343881521886e-01,1.639735521858193823e-01,5.553690423599609849e-01,-8.170480507340306675e-02,-1.632920723490398629e-01,5.995435751018328707e-01,1.000000000000000000e+00,-3.774755176185862204e-01,5.850234332250628944e-01,1.824018951302282254e-01,9.035780924522680835e-02,4.516428083632467172e-01
3.194465997078467512e-02,8.313634721517547399e-02,-2.705981507591867508e-01,-6.523206313093980746e-02,-2.443774762033042725e-01,8.875382911842540079e-02,2.242317606111894623e-01,1.021265188992628997e-01,2.301210477037141378e-01,4.276768817920585664e-02,3.539434569434791733e-01,-2.085273810618486767e-01,2.861965703372688630e-01,1.753665625263253758e-01,-5.282702379705757068e-01,3.438246195136208938e-02,3.192172416414436054e-01,-2.414116678106136560e-01,-3.163175574304483706e-01,-1.012540833229953890e-01,5.793802829352562300e-01,3.238679309078564827e-01,1.802339060662956627e-01,3.510404589172024664e-02,7.935546595737305586e-02,2.517109400346000947e-01,2.406242962293818344e-01,1.658167560026475307e-01,3.945282611775794979e-01,5.566174690930656560e-02,5.958267590636044941e-01,5.227824650743626567e-01,-2.878541484797956795e-01,-3.774755176185862204e-01,1.000000000000000000e+00,1.683627483999527649e-02,4.446501551445646294e-01,4.332223497462593942e-01,1.318501108164879809e-01
5.413038014443727342e-01,6.174777999100118375e-01,5.444737165561042147e-01,2.103241401455142878e-02,5.680325807591225518e-01,-7.567852377081778215e-02,-1.784577931416959362e-01,-2.333210889764513185e-01,5.303761558298487611e-01,6.556795987174375284e-01,6.184782265355755898e-02,6.926431160286327104e-01,-5.770336003311296591e-03,6.301703008067717215e-01,5.586361768524473748e-01,6.370269822468854759e-01,1.286526308121407058e-01,4.143392363635618469e-01,2.988724937101080448e-01,4.522460338593453644e-01,9.134222525971624762e-02,3.360298094651010814e-01,5.780605336435062913e-01,5.095632368589061434e-01,6.378991289607267579e-01,5.530940385912745949e-01,4.851670313132119827e-01,4.467734393536709758e-01,3.283871876455929373e-01,5.130384362805071596e-01,1.854383249020675473e-01,3.398094822973984352e-01,5.580976002839699301e-01,5.850234332250628944e-01,1.683627483999527649e-02,1.000000000000000000e+00,5.598546854600711109e-01,3.729119832257923872e-01,5.293310225290720483e-01
6.209898590090927595e-01,7.038590721727112642e-01,1.418978607904109179e-01,2.252968011304755727e-02,2.683669065443323731e-01,1.379039258461409179e-02,8.908605290538078314e-02,1.214757753994468240e-02,5.450976239423446223e-01,5.929634001354331385e-01,2.763291991556833249e-01,4.298706939330200760e-01,2.432053270080483109e-01,6.991921649367105474e-01,9.068887770347615340e-02,6.069166937352475921e-01,2.372836922122007197e-01,1.428963713978821659e-01,5.023083013550951395e-03,2.793137511850683485e-01,3.087710516584739606e-01,5.326770535983528232e-01,6.388819124839011376e-01,3.274132015435241572e-01,4.891469004738326354e-01,5.766259362134534827e-01,5.190167956361499968e-01,3.690458705117877214e-01,6.843241465713457705e-01,5.083201506484424925e-01,5.213022936548225017e-01,6.355635413464151284e-01,2.140034760022502536e-01,1.824018951302282254e-01,4.446501551445646294e-01,5.598546854600711109e-01,1.000000000000000000e+00,5.063515441200747702e-01,4.146400144158191026e-01
4.282539645509845783e-01,3.937234767833389104e-01,7.509816154946835631e-02,-3.831436137183625856e-01,1.774529574594663206e-01,-4.415412489291722226e-02,-2.274581543528470529e-01,-1.084513065377602364e-01,6.089799332345752214e-01,2.871377662164364963e-01,4.423341466411441214e-01,3.365497514196531537e-01,3.307936046987416945e-02,5.174986811802225750e-01,-3.842703501749843847e-02,3.782984271348995287e-01,5.681296649113913855e-01,-8.133297087468997766e-02,-1.507536405127791468e-01,-1.547691872951564851e-01,5.800415536769817360e-01,2.818409622294529848e-01,6.599485654793809664e-01,3.321538333487379369e-01,3.082655724185328072e-01,6.987890260288484034e-01,5.854530913896633937e-01,2.659067176938719745e-01,3.314335693325432541e-01,4.417464208245628909e-01,6.513986100115028988e-01,4.605927506316247477e-01,-3.167018304034596027e-02,9.035780924522680835e-02,4.332223497462593942e-01,3.729119832257923872e-01,5.063515441200747702e-01,1.000000000000000000e+00,7.059648036832860685e-01
4.950609080072519985e-01,4.527631820251771244e-01,5.299524693482285942e-01,-2.474832848345907832e-01,5.860945812175134551e-01,6.031344087343898722e-03,-3.425988845999964894e-01,-4.713903310423946391e-01,7.361914557438915541e-01,4.635450634366036216e-01,3.473977163002468505e-01,4.762190432797133721e-01,-7.242727826460013119e-02,5.883027933675336607e-01,2.505964681735741717e-01,4.709258079241261385e-01,4.758365009024854708e-01,3.685614231278066533e-01,2.872695522548285862e-01,2.232733949052219391e-02,3.440300641005647475e-01,1.256203742751933472e-01,7.369702355367834246e-01,4.645395707240003169e-01,5.917769996585202641e-01,6.984970581196526807e-01,6.061121546194347953e-01,4.367286891461962806e-01,1.814877468861088583e-01,6.104596237936783520e-01,5.364494707491770376e-01,2.618479567238913841e-01,3.162333205694260463e-01,4.516428083632467172e-01,1.318501108164879809e-01,5.293310225290720483e-01,4.146400144158191026e-01,7.059648036832860685e-01,1.000000000000000000e+00
