1.000000000000000000e+00,7.690524731909483824e-01,5.177989117783368123e-01,-4.337757436595351401e-01,6.199296720091334034e-01,3.952960665070340274e-01,-2.522097957531836687e-02,-4.228336956463886742e-01,2.503477299879520723e-01,4.343879743109682057e-01,4.395223062361475197e-01,3.629464852474615366e-01,-2.285850069728516398e-01,5.486561732420341952e-01,3.011814873129538550e-01,5.401405690568661377e-01,5.862160499523113577e-01,1.360448523338231297e-01,-9.873143269607606576e-02,3.153624908218841671e-01,1.891940760850730208e-01,2.114981338746785844e-01,5.946481324493422260e-01,4.759141322115772454e-01,6.714855557685932563e-01,5.086619761149226981e-01,3.782522802483726521e-01,6.556916739529839999e-01,4.294648666672744586e-01,2.028010927269431329e-01,5.701790578601882986e-01,4.393104335468783761e-01,4.378809328242527221e-01,5.317913824336087947e-01,4.343825046500189302e-01,2.767491715646200889e-01,4.396135395158185522e-01,3.973915585313859133e-01,4.097425082533672214e-01
7.690524731909483824e-01,1.000000000000000000e+00,4.431902648806087530e-01,-3.720553608635383536e-01,5.505323254007062905e-01,3.899010128468037850e-01,-1.207163869725469581e-02,-3.625364425103064780e-01,2.552499104070784508e-01,6.130439319429878964e-01,4.247528810180730141e-01,3.320311237872681231e-01,-2.039287691590133678e-01,4.968285489206694661e-01,2.610621698171292082e-01,6.391518069773088895e-01,5.591109881808147275e-01,3.828975385829724853e-01,1.454762276216165495e-01,3.541900995016971643e-01,1.172589741891232884e-01,3.504624078163845469e-01,5.745223075303411697e-01,4.824898294677750221e-01,6.220912134753074918e-01,6.350757523528776094e-01,4.976917142615701617e-01,6.267446817526014513e-01,5.408845261535671911e-01,2.453748981467409052e-01,5.051370956545140345e-01,5.017362094257642458e-01,3.111502386227718575e-01,3.622513329329100085e-01,4.750019626714338528e-01,4.555806238523985030e-01,5.254406654539306443e-01,2.419824791771180428e-01,2.202841439759408437e-01
5.177989117783368123e-01,4.431902648806087530e-01,1.000000000000000000e+00,-4.730292230458854053e-01,6.684705773266901296e-01,7.163489200255526157e-01,-2.056498097577530437e-01,-9.266664676715773430e-01,-1.925608873335678262e-01,8.148731291710148428e-02,6.737172757669017686e-01,3.679168229554328207e-01,-1.514694829626563044e-01,7.849127283458653404e-01,6.560676137869015934e-01,5.661904173083721625e-01,6.953275170849636533e-01,2.570572146604196417e-01,2.311373012745677746e-01,-8.856607538463749651e-02,2.446510920121389709e-01,1.353026783009899092e-01,7.534242997076431303e-01,5.179575411323468215e-01,7.586365423783961726e-01,4.101683038695040362e-01,3.205306694339129514e-01,6.814541469919576100e-01,6.093396174974008428e-01,-1.901644693781251172e-01,6.731035180303385212e-01,6.013125099265281825e-01,7.449230717484297548e-01,3.438535371966517373e-01,6.288632593171916696e-01,4.415714475377538473e-01,5.964410876674947071e-01,-3.335202549747094680e-02,-7.071865099358617957e-02
-4.337757436595351401e-01,-3.720553608635383536e-01,-4.730292230458854053e-01,1.000000000000000000e+00,-5.905385939223823932e-01,-4.311484490529265412e-01,1.506112798786015117e-01,4.094205733412955017e-01,-1.018060388481583853e-02,-2.622487695725811974e-01,-4.776471384780312524e-01,-1.535976245444727883e-01,2.968234042123788496e-01,-4.716004581276096452e-01,-3.742770578121297209e-01,-5.023602066090954166e-01,-5.359253046308688484e-01,2.909996908177278283e-02,1.180997834473762331e-01,2.925759708924862909e-02,-1.112096580812592730e-02,5.341839356810092025e-03,-4.374458481431536261e-01,-2.999421985552071512e-01,-5.140446501469787544e-01,-4.179753286522540634e-01,-4.366968572776807611e-01,-7.059268402088220151e-01,-4.625695127724719913e-01,-1.569799122929253776e-01,-5.792292561804551765e-01,-5.351899034957144918e-01,-4.227617000826679461e-01,-1.845681111866051827e-01,-4.717983707812073990e-01,-3.748865753239309373e-01,-5.195065210257736599e-01,1.310135743550670251e-01,4.126176939572220176e-02
6.199296720091334034e-01,5.505323254007062905e-01,6.684705773266901296e-01,-5.905385939223823932e-01,1.000000000000000000e+00,4.445623373362280750e-01,1.249544582408989440e-02,-5.954174881668224950e-01,3.195638342594688819e-01,4.394873082894651395e-01,4.713668859678201706e-01,2.374946002038360315e-01,-1.808068502958971868e-01,5.795863478594910356e-01,2.371295113845184599e-01,5.616079654143663058e-01,5.062826836320112323e-01,2.739001882514529029e-01,-2.105553313429584655e-02,-2.574021484238430552e-02,1.323161630931949939e-01,1.314648385779641215e-01,5.109060535235750988e-01,3.752990178292689438e-01,5.469473941807367900e-01,6.575283618650891171e-01,5.301421085020084911e-01,7.907157534040236690e-01,5.190822407797194282e-01,3.513941108185208995e-01,5.454716881593617561e-01,5.984505548700315147e-01,4.906241347481598569e-01,5.311883549862493892e-01,4.537656492806766972e-01,2.964409429641186033e-01,5.267603392404009988e-01,2.348871144652076859e-01,2.557380955337689166e-01
3.952960665070340274e-01,3.899010128468037850e-01,7.163489200255526157e-01,-4.311484490529265412e-01,4.445623373362280750e-01,1.000000000000000000e+00,-3.828966377636949803e-01,-6.993185955207088522e-01,-5.189409336754015056e-01,-2.369360283428041669e-02,8.488787925718648264e-01,3.475412124131173064e-01,-3.461853139689080039e-01,8.421739875022422606e-01,8.037014353506050091e-01,6.492761393557600069e-01,8.183033876921743666e-01,2.784146451877141937e-01,3.910348676035725890e-01,2.451089704304429406e-02,-1.250792817687922066e-03,2.418002509022236790e-01,8.300459559457139536e-01,5.631418141771791230e-01,8.031086162208758150e-01,4.699804943609662833e-01,4.289344159105914489e-01,5.687810871111473876e-01,8.068350278501431605e-01,-4.017015645743968744e-01,7.286609198938734933e-01,7.823088227607695178e-01,7.563736724759647645e-01,-5.233898056266930027e-02,8.539231779434519609e-01,6.184180611934889660e-01,8.125125880132406664e-01,-3.603289479557235109e-01,-4.370703220444750459e-01
-2.522097957531836687e-02,-1.207163869725469581e-02,-2.056498097577530437e-01,1.506112798786015117e-01,1.249544582408989440e-02,-3.828966377636949803e-01,1.000000000000000000e+00,2.200547898621618426e-01,3.513305800124700840e-01,8.363921282851780048e-02,-3.437804968581243958e-01,-1.850559216949559105e-01,1.472299581151755854e-01,-2.559094284961322963e-01,-3.524894682051611383e-01,-1.994046858116171883e-01,-3.250327120893433674e-01,1.752386739588095849e-02,-1.672636331308525182e-01,4.827956985698463738e-02,1.445316792912394732e-01,7.451188728529722916e-02,-2.473663978115836215e-01,-1.509638042245451395e-01,-2.762206007805313446e-01,-6.483984898862756030e-02,-6.433352840112276094e-02,-1.828920342541374422e-01,-3.335722695136986715e-01,2.682552463122540587e-01,-2.090947792214772893e-01,-2.952796240419040541e-01,-2.765958994877104060e-01,2.210608232123908168e-01,-3.719632209458637595e-01,-3.382997155836447445e-01,-3.377443838097800022e-01,3.304286802231556908e-01,3.696276519564576923e-01
-4.228336956463886742e-01,-3.625364425103064780e-01,-9.266664676715773430e-01,4.094205733412955017e-01,-5.954174881668224950e-01,-6.993185955207088522e-01,2.200547898621618426e-01,1.000000000000000000e+00,2.443280211285315251e-01,1.701898841581160962e-02,-6.199073523043925338e-01,-3.380592365935294885e-01,8.795179714541527527e-02,-7.470535217143646767e-01,-6.466988746826096701e-01,-4.791172378284415667e-01,-6.471552358155299167e-01,-2.555449445406489661e-01,-2.583841030849776121e-01,1.330689363362961841e-01,-2.347526145851967505e-01,-1.004518368192196531e-01,-7.084432578064098207e-01,-4.985917539024335432e-01,-6.979536632480386471e-01,-3.258656587009547412e-01,-2.363015971477834265e-01,-5.947791903355422738e-01,-5.584493217884325400e-01,2.721401617758352764e-01,-5.926015806078045456e-01,-5.361849526040227687e-01,-7.029985030980588911e-01,-2.993660629597088008e-01,-5.805002455323123867e-01,-3.824090039711441902e-01,-5.361749847478967101e-01,8.409885280740408975e-02,1.402398743860399088e-01
2.503477299879520723e-01,2.552499104070784508e-01,-1.925608873335678262e-01,-1.018060388481583853e-02,3.195638342594688819e-01,-5.189409336754015056e-01,3.513305800124700840e-01,2.443280211285315251e-01,1.000000000000000000e+00,5.552576227711982781e-01,-4.518976821729698279e-01,-1.472237538765354403e-01,2.199859339358959942e-01,-3.226582798600411417e-01,-6.681647120908955628e-01,-1.120215570547160727e-01,-3.525940435920602023e-01,8.374514655294119925e-02,-3.499156449304842154e-01,5.704292464357790110e-02,2.398698398873235979e-03,-2.079265583223746106e-01,-3.642257827957808280e-01,-1.759835781352895312e-01,-2.955180115747331193e-01,1.773666312539870504e-01,4.804043653357829846e-02,1.435063785323097418e-01,-2.882559293865311068e-01,7.863632226177620366e-01,-3.186506463532571831e-01,-2.452516700700903551e-01,-3.973083363161380999e-01,5.786897353566055058e-01,-4.493353539196427993e-01,-3.259577055273267798e-01,-3.284481219930183715e-01,7.177403373447002188e-01,7.227832602432116005e-01
4.343879743109682057e-01,6.130439319429878964e-01,8.148731291710148428e-02,-2.622487695725811974e-01,4.394873082894651395e-01,-2.369360283428041669e-02,8.363921282851780048e-02,1.701898841581160962e-02,5.552576227711982781e-01,1.000000000000000000e+00,1.276247713357949454e-01,3.344763698020304914e-03,-1.555458779676188036e-02,5.966325623935040540e-02,-1.824136362135091449e-01,5.678966607572684122e-01,8.971161789904216755e-02,4.094565952497984385e-01,9.322458246833713325e-02,1.853868218277350266e-01,-1.766004287000242368e-01,9.397698959655303996e-02,1.412054644837676121e-01,4.528114354166856009e-02,1.864703881693201282e-01,6.361190591533711913e-01,5.980927807372000693e-01,4.720407393886930092e-01,3.383968489377950362e-01,5.752904250664504504e-01,1.291205189088303062e-01,3.737000885560629593e-01,-1.402764965454924295e-01,2.467424751358703594e-01,1.626682709725512932e-01,4.013855452210230434e-01,3.185641722522364883e-01,3.627376492609222236e-01,2.785416344632156704e-01
4.395223062361475197e-01,4.247528810180730141e-01,6.737172757669017686e-01,-4.776471384780312524e-01,4.713668859678201706e-01,8.488787925718648264e-01,-3.437804968581243958e-01,-6.199073523043925338e-01,-4.518976821729698279e-01,1.276247713357949454e-01,1.000000000000000000e+00,2.593187648499418740e-01,-3.119145318921453525e-01,7.855467150724723124e-01,7.714469905644910641e-01,7.377263772508125816e-01,8.012253764521117816e-01,3.298984220432030212e-01,4.437165900824679432e-01,6.452069107041837580e-03,-1.349115044322286572e-01,2.859367509753169001e-01,8.236809992464152463e-01,5.059524362793784702e-01,8.005890500437385926e-01,6.011612888214358241e-01,6.001696259869573336e-01,5.903958480954549781e-01,8.461323804355279643e-01,-3.484130489271577424e-01,7.325134688692152007e-01,8.407952895847307095e-01,6.854751947898140019e-01,-7.517588504476557798e-02,8.778875387545023168e-01,7.269674160246125671e-01,8.642094476931518887e-01,-2.655693330361218463e-01,-3.739639137724323770e-01
3.629464852474615366e-01,3.320311237872681231e-01,3.679168229554328207e-01,-1.535976245444727883e-01,2.374946002038360315e-01,3.475412124131173064e-01,-1.850559216949559105e-01,-3.380592365935294885e-01,-1.472237538765354403e-01,3.344763698020304914e-03,2.593187648499418740e-01,1.000000000000000000e+00,-1.953545394058684159e-01,4.384003920598254500e-01,4.039049389956287373e-01,2.364987457010197802e-01,4.214957286867710429e-01,-6.277271128249740928e-02,-1.156040422238760468e-01,1.456235729034818793e-01,3.379366379786982733e-01,3.206280302086670919e-01,4.274134126482541651e-01,3.633267123479211325e-01,4.673571084713611379e-01,1.670707623012919751e-01,9.660816133982098874e-02,2.819819711446653332e-01,2.852713381543944826e-01,-1.183134167856889213e-01,4.174305269909223126e-01,2.201778766728564596e-01,4.842417249754458752e-01,2.566646288386307817e-01,3.177298386496916205e-01,1.594901110714807280e-01,2.761111963395389557e-01,-8.114095231854275003e-02,6.005621716955114597e-02
-2.285850069728516398e-01,-2.039287691590133678e-01,-1.514694829626563044e-01,2.968234042123788496e-01,-1.808068502958971868e-01,-3.461853139689080039e-01,1.472299581151755854e-01,8.795179714541527527e-02,2.199859339358959942e-01,-1.555458779676188036e-02,-3.119145318921453525e-01,-1.953545394058684159e-01,1.000000000000000000e+00,-2.983965833768852938e-01,-2.883079751505217003e-01,-2.742487166364295792e-01,-3.919303452097973040e-01,1.028109337799495981e-01,6.065113650781828181e-02,-5.867486220311954326e-02,-2.224469213878877971e-01,-3.261965671408415535e-01,-2.529426127627204535e-01,-2.152290411050056529e-01,-3.386218480145877785e-01,-2.210707699573632723e-01,-2.335392008383759821e-01,-3.578982390328840357e-01,-2.664240664065897213e-01,-1.138703747090881596e-01,-6.094628957965961824e-01,-3.676059664398411142e-01,-3.703512546233088676e-01,1.398162045502251982e-01,-3.469367843399923657e-01,-2.059240879840867344e-01,-3.507331150267691822e-01,3.194715086157533523e-01,1.040268558963181184e-01
5.486561732420341952e-01,4.968285489206694661e-01,7.849127283458653404e-01,-4.716004581276096452e-01,5.795863478594910356e-01,8.421739875022422606e-01,-2.559094284961322963e-01,-7.470535217143646767e-01,-3.226582798600411417e-01,5.966325623935040540e-02,7.855467150724723124e-01,4.384003920598254500e-01,-2.983965833768852938e-01,1.000000000000000000e+00,7.544133258689019739e-01,6.443931875113753094e-01,8.126196660045393871e-01,2.726140700765888325e-01,2.999002929867449208e-01,4.461470584203919981e-02,1.684052829123441064e-01,3.061421270757674895e-01,8.475107401402905971e-01,7.121838988949484861e-01,8.405700550380132974e-01,4.830596462647492317e-01,3.791972288340397235e-01,6.383914076276736571e-01,7.556806777897907557e-01,-2.567353633996040108e-01,7.605404651068511379e-01,7.258337494735301876e-01,8.300422132645353113e-01,1.871320371342914402e-01,8.045444862934135744e-01,5.176699847783083897e-01,7.510234225798841923e-01,-1.498425327502861670e-01,-1.928598614300082725e-01
3.011814873129538550e-01,2.610621698171292082e-01,6.560676137869015934e-01,-3.742770578121297209e-01,2.371295113845184599e-01,8.037014353506050091e-01,-3.524894682051611383e-01,-6.466988746826096701e-01,-6.681647120908955628e-01,-1.824136362135091449e-01,7.714469905644910641e-01,4.039049389956287373e-01,-2.883079751505217003e-01,7.544133258689019739e-01,1.000000000000000000e+00,5.371937120956483680e-01,7.374680053099103016e-01,1.245189832178710543e-01,3.850543639208841573e-01,5.020847053983426567e-02,7.032192371103700157e-02,2.948832084488222094e-01,7.821555212909410137e-01,5.389444409832572225e-01,7.401595685411799241e-01,2.528638957637963092e-01,2.901782003637960461e-01,3.757905529252073551e-01,6.603575179658494054e-01,-5.838434657653573945e-01,6.799683136047687260e-01,6.133128873412595494e-01,7.459288700398793992e-01,-1.239428226989906651e-01,7.752464630787259114e-01,5.670583946199826419e-01,6.769521149968721341e-01,-4.395691639575278753e-01,-4.830850315875545031e-01
5.401405690568661377e-01,6.391518069773088895e-01,5.661904173083721625e-01,-5.023602066090954166e-01,5.616079654143663058e-01,6.492761393557600069e-01,-1.994046858116171883e-01,-4.791172378284415667e-01,-1.120215570547160727e-01,5.678966607572684122e-01,7.377263772508125816e-01,2.364987457010197802e-01,-2.742487166364295792e-01,6.443931875113753094e-01,5.371937120956483680e-01,1.000000000000000000e+00,6.602971210546749736e-01,4.663085041161107447e-01,3.777393191590935895e-01,9.747497986431362393e-02,-1.075435526321970731e-01,2.959874417995105866e-01,7.184897919208994566e-01,4.214985157151483475e-01,7.148801596278938630e-01,7.362100652976896198e-01,7.305271066074832120e-01,7.034431082044363404e-01,7.897233851902534241e-01,4.128355558638491934e-02,6.522824031004569312e-01,8.266096475623924134e-01,4.458460217432429484e-01,-1.126141124660501834e-02,7.755270441554782401e-01,8.020138399990341949e-01,8.306658259496574326e-01,-1.288111579898889303e-01,-2.150287199450000020e-01
5.862160499523113577e-01,5.591109881808147275e-01,6.953275170849636533e-01,-5.359253046308688484e-01,5.062826836320112323e-01,8.183033876921743666e-01,-3.250327120893433674e-01,-6.471552358155299167e-01,-3.525940435920602023e-01,8.971161789904216755e-02,8.012253764521117816e-01,4.214957286867710429e-01,-3.919303452097973040e-01,8.126196660045393871e-01,7.374680053099103016e-01,6.602971210546749736e-01,1.000000000000000000e+00,1.372806678462610008e-01,1.913096087196156647e-01,8.748239217620791541e-02,1.087865123597494404e-01,3.084602152261128327e-01,7.973106687804402126e-01,6.418226469334132878e-01,8.477166477550894808e-01,4.860838213438265498e-01,4.173005792403557401e-01,6.402647803452420350e-01,7.245015962076777338e-01,-2.211447142475605476e-01,7.772820699092682917e-01,7.244499711131434649e-01,7.139521217101534312e-01,1.023888861354720348e-01,8.007455797524167807e-01,5.329538286238464373e-01,7.655477294992171222e-01,-2.497242585278289517e-01,-2.359008067874304171e-01
1.360448523338231297e-01,3.828975385829724853e-01,2.570572146604196417e-01,2.909996908177278283e-02,2.739001882514529029e-01,2.784146451877141937e-01,1.752386739588095849e-02,-2.555449445406489661e-01,8.374514655294119925e-02,4.094565952497984385e-01,3.298984220432030212e-01,-6.277271128249740928e-02,1.028109337799495981e-01,2.726140700765888325e-01,1.245189832178710543e-01,4.663085041161107447e-01,1.372806678462610008e-01,1.000000000000000000e+00,6.612370481296929725e-01,1.101566875564936043e-01,-2.005898324191011384e-01,1.631426162453784579e-01,3.393716825867654774e-01,2.029923307404721822e-01,2.239581291958479270e-01,5.330243850928114702e-01,4.830404587603651101e-01,2.735766350069820940e-01,4.719846413388202877e-01,-5.804353129866154232e-03,1.457412108436992593e-01,4.103618160255093072e-01,5.062578914364500304e-02,-7.452359389807451662e-02,3.630141101242004287e-01,4.586619547138521269e-01,4.078081492378938799e-01,7.435157356126159689e-02,-1.828115295823758701e-01
-9.873143269607606576e-02,1.454762276216165495e-01,2.311373012745677746e-01,1.180997834473762331e-01,-2.105553313429584655e-02,3.910348676035725890e-01,-1.672636331308525182e-01,-2.583841030849776121e-01,-3.499156449304842154e-01,9.322458246833713325e-02,4.437165900824679432e-01,-1.156040422238760468e-01,6.065113650781828181e-02,2.999002929867449208e-01,3.850543639208841573e-01,3.777393191590935895e-01,1.913096087196156647e-01,6.612370481296929725e-01,1.000000000000000000e+00,-2.820730972922863566e-02,-2.436070107598487522e-01,2.423739699773196088e-01,3.924423168623553670e-01,1.880749396819900721e-01,2.485234919929721065e-01,3.196649527610362362e-01,3.578556729773422207e-01,3.646222344570212992e-02,4.946008947535062150e-01,-3.764731997320486245e-01,1.232330194581113397e-01,3.943401996666539566e-01,1.759602549303331542e-01,-3.700887645591433572e-01,4.473844718058848646e-01,5.326212437636087538e-01,4.198976777639331637e-01,-2.466300694748401745e-01,-5.516507289111968193e-01
3.153624908218841671e-01,3.541900995016971643e-01,-8.856607538463749651e-02,2.925759708924862909e-02,-2.574021484238430552e-02,2.451089704304429406e-02,4.827956985698463738e-02,1.330689363362961841e-01,5.704292464357790110e-02,1.853868218277350266e-01,6.452069107041837580e-03,1.456235729034818793e-01,-5.867486220311954326e-02,4.461470584203919981e-02,5.020847053983426567e-02,9.747497986431362393e-02,8.748239217620791541e-02,1.101566875564936043e-01,-2.820730972922863566e-02,1.000000000000000000e+00,3.017916680009914698e-02,2.180445662350671554e-01,1.466652443310325071e-01,1.611264652658146723e-01,1.651940176777875191e-01,9.942307551535234378e-02,9.401979929041680284e-02,4.672103036001045567e-02,6.011348282250476849e-02,-1.328413390239957005e-02,9.217722438301702292e-02,2.218534020698894726e-03,-2.716724739423150015e-02,1.245082269074247183e-01,6.107947022472200171e-02,7.037852321976306724e-02,3.186252575107837576e-02,8.863217910949741651e-02,1.625414982041142598e-01
1.891940760850730208e-01,1.172589741891232884e-01,2.446510920121389709e-01,-1.112096580812592730e-02,1.323161630931949939e-01,-1.250792817687922066e-03,1.445316792912394732e-01,-2.347526145851967505e-01,2.398698398873235979e-03,-1.766004287000242368e-01,-1.349115044322286572e-01,3.379366379786982733e-01,-2.224469213878877971e-01,1.684052829123441064e-01,7.032192371103700157e-02,-1.075435526321970731e-01,1.087865123597494404e-01,-2.005898324191011384e-01,-2.436070107598487522e-01,3.017916680009914698e-02,1.000000000000000000e+00,2.845047838731014078e-01,2.880053866814405103e-02,2.428591538324547106e-01,1.049523479720180785e-01,-1.430558884010971477e-01,-2.383040766513511433e-01,1.061859780027010203e-01,-1.524622349917285069e-01,1.610058500439341955e-01,2.588355870087044042e-01,-1.402354890156109479e-01,2.972482432986167655e-01,2.088349424317278158e-01,-5.011189373835701899e-02,-2.449072591172434532e-01,-1.218163968122244756e-01,-7.039944144513524647e-03,2.726830707569804502e-01
2.114981338746785844e-01,3.504624078163845469e-01,1.353026783009899092e-01,5.341839356810092025e-03,1.314648385779641215e-01,2.418002509022236790e-01,7.451188728529722916e-02,-1.004518368192196531e-01,-2.079265583223746106e-01,9.397698959655303996e-02,2.859367509753169001e-01,3.206280302086670919e-01,-3.261965671408415535e-01,3.061421270757674895e-01,2.948832084488222094e-01,2.959874417995105866e-01,3.084602152261128327e-01,1.631426162453784579e-01,2.423739699773196088e-01,2.180445662350671554e-01,2.845047838731014078e-01,1.000000000000000000e+00,3.460094850282854351e-01,3.279523949700186014e-01,3.316195175408934159e-01,2.916917192260694014e-01,2.992837294195654363e-01,1.373828356576403675e-01,2.684910047338257555e-01,-7.863920605750321369e-02,4.080344134670763623e-01,2.542121712141482970e-01,2.691810729421824644e-01,-3.928220301123377250e-02,2.848329467579221452e-01,2.476561077021620094e-01,2.741255381789576284e-01,-1.692408075318459770e-01,-6.885513700179253516e-02
5.946481324493422260e-01,5.745223075303411697e-01,7.534242997076431303e-01,-4.374458481431536261e-01,5.109060535235750988e-01,8.300459559457139536e-01,-2.473663978115836215e-01,-7.084432578064098207e-01,-3.642257827957808280e-01,1.412054644837676121e-01,8.236809992464152463e-01,4.274134126482541651e-01,-2.529426127627204535e-01,8.475107401402905971e-01,7.821555212909410137e-01,7.184897919208994566e-01,7.973106687804402126e-01,3.393716825867654774e-01,3.924423168623553670e-01,1.466652443310325071e-01,2.880053866814405103e-02,3.460094850282854351e-01,1.000000000000000000e+00,6.182424164749696915e-01,8.929303571203103251e-01,5.307525488335340658e-01,4.772603355164525829e-01,6.064643029367328131e-01,7.816348292065332659e-01,-3.536240500892999239e-01,7.381560839715182176e-01,7.242257858821281591e-01,7.442004258692236363e-01,1.361148924824168993e-01,8.210101862067981093e-01,6.390824511135868580e-01,7.752930573537351044e-01,-1.219662981248341715e-01,-2.296663751284050703e-01
4.759141322115772454e-01,4.824898294677750221e-01,5.179575411323468215e-01,-2.999421985552071512e-01,3.752990178292689438e-01,5.631418141771791230e-01,-1.509638042245451395e-01,-4.985917539024335432e-01,-1.759835781352895312e-01,4.528114354166856009e-02,5.059524362793784702e-01,3.633267123479211325e-01,-2.152290411050056529e-01,7.121838988949484861e-01,5.389444409832572225e-01,4.214985157151483475e-01,6.418226469334132878e-01,2.029923307404721822e-01,1.880749396819900721e-01,1.611264652658146723e-01,2.428591538324547106e-01,3.279523949700186014e-01,6.182424164749696915e-01,1.000000000000000000e+00,6.354425731936861332e-01,3.125697136299931400e-01,2.245823544193129018e-01,4.256483724921145129e-01,5.226054506000386013e-01,-1.597223885649273201e-01,5.510302850968303856e-01,4.598686429337712211e-01,5.844613252251665836e-01,1.687565259697731412e-01,5.856298611066783621e-01,1.869911584881905620e-01,5.106132837487152853e-01,-9.102663449229646264e-02,-7.507689307566073333e-02
6.714855557685932563e-01,6.220912134753074918e-01,7.586365423783961726e-01,-5.140446501469787544e-01,5.469473941807367900e-01,8.031086162208758150e-01,-2.762206007805313446e-01,-6.979536632480386471e-01,-2.955180115747331193e-01,1.864703881693201282e-01,8.005890500437385926e-01,4.673571084713611379e-01,-3.386218480145877785e-01,8.405700550380132974e-01,7.401595685411799241e-01,7.148801596278938630e-01,8.477166477550894808e-01,2.239581291958479270e-01,2.485234919929721065e-01,1.651940176777875191e-01,1.049523479720180785e-01,3.316195175408934159e-01,8.929303571203103251e-01,6.354425731936861332e-01,1.000000000000000000e+00,5.450674021788179946e-01,4.875803045522827395e-01,6.764772781424587267e-01,7.539674605064676793e-01,-2.357498232268334382e-01,8.018705099242697809e-01,7.157992547477955991e-01,7.518971844638308033e-01,2.005891262150715781e-01,7.922715357818858051e-01,5.840595390435039391e-01,7.662162916894538212e-01,-1.109710969841233158e-01,-1.216210537000342040e-01
5.086619761149226981e-01,6.350757523528776094e-01,4.101683038695040362e-01,-4.179753286522540634e-01,6.575283618650891171e-01,4.699804943609662833e-01,-6.483984898862756030e-02,-3.258656587009547412e-01,1.773666312539870504e-01,6.361190591533711913e-01,6.011612888214358241e-01,1.670707623012919751e-01,-2.210707699573632723e-01,4.830596462647492317e-01,2.528638957637963092e-01,7.362100652976896198e-01,4.860838213438265498e-01,5.330243850928114702e-01,3.196649527610362362e-01,9.942307551535234378e-02,-1.430558884010971477e-01,2.916917192260694014e-01,5.307525488335340658e-01,3.125697136299931400e-01,5.450674021788179946e-01,1.000000000000000000e+00,8.576058894907032659e-01,6.766191053790144849e-01,7.224219658690309576e-01,2.717976484688104932e-01,4.874672662195964068e-01,7.536551035052060366e-01,3.032416871849113460e-01,1.267328644622578160e-01,5.802886415220158689e-01,5.711899244666516218e-01,7.120031272314357729e-01,8.627993788707499778e-02,7.920259445325312023e-03
3.782522802483726521e-01,4.976917142615701617e-01,3.205306694339129514e-01,-4.366968572776807611e-01,5.301421085020084911e-01,4.289344159105914489e-01,-6.433352840112276094e-02,-2.363015971477834265e-01,4.804043653357829846e-02,5.980927807372000693e-01,6.001696259869573336e-01,9.660816133982098874e-02,-2.335392008383759821e-01,3.791972288340397235e-01,2.901782003637960461e-01,7.305271066074832120e-01,4.173005792403557401e-01,4.830404587603651101e-01,3.578556729773422207e-01,9.401979929041680284e-02,-2.383040766513511433e-01,2.992837294195654363e-01,4.772603355164525829e-01,2.245823544193129018e-01,4.875803045522827395e-01,8.576058894907032659e-01,1.000000000000000000e+00,5.867411646040199269e-01,6.880979685669474932e-01,1.610569795887384359e-01,4.827389815582488475e-01,7.517347260721410906e-01,2.358127177732291802e-01,-4.267819492782511798e-02,5.661548252159553929e-01,6.130648643964528022e-01,6.962158082325859976e-01,-5.011821833550763466e-02,-1.255091991238569404e-01
6.556916739529839999e-01,6.267446817526014513e-01,6.814541469919576100e-01,-7.059268402088220151e-01,7.907157534040236690e-01,5.687810871111473876e-01,-1.828920342541374422e-01,-5.947791903355422738e-01,1.435063785323097418e-01,4.720407393886930092e-01,5.903958480954549781e-01,2.819819711446653332e-01,-3.578982390328840357e-01,6.383914076276736571e-01,3.757905529252073551e-01,7.034431082044363404e-01,6.402647803452420350e-01,2.735766350069820940e-01,3.646222344570212992e-02,4.672103036001045567e-02,1.061859780027010203e-01,1.373828356576403675e-01,6.064643029367328131e-01,4.256483724921145129e-01,6.764772781424587267e-01,6.766191053790144849e-01,5.867411646040199269e-01,1.000000000000000000e+00,6.223848368965965161e-01,2.686405166989898063e-01,7.185086542932012099e-01,6.989963346979818359e-01,5.337892620217690176e-01,3.205671101704302139e-01,5.984776377811745762e-01,4.854879351175657720e-01,6.505850649433905231e-01,3.186561233972300816e-02,9.425253806962573255e-02
4.294648666672744586e-01,5.408845261535671911e-01,6.093396174974008428e-01,-4.625695127724719913e-01,5.190822407797194282e-01,8.068350278501431605e-01,-3.335722695136986715e-01,-5.584493217884325400e-01,-2.882559293865311068e-01,3.383968489377950362e-01,8.461323804355279643e-01,2.852713381543944826e-01,-2.664240664065897213e-01,7.556806777897907557e-01,6.603575179658494054e-01,7.897233851902534241e-01,7.245015962076777338e-01,4.719846413388202877e-01,4.946008947535062150e-01,6.011348282250476849e-02,-1.524622349917285069e-01,2.684910047338257555e-01,7.816348292065332659e-01,5.226054506000386013e-01,7.539674605064676793e-01,7.224219658690309576e-01,6.880979685669474932e-01,6.223848368965965161e-01,1.000000000000000000e+00,-1.935431207274067866e-01,6.564399040776309757e-01,8.819311227191407587e-01,6.050987138167132073e-01,-5.471229635068442648e-02,8.656126771251102525e-01,7.525873577897215227e-01,9.072935992693712537e-01,-2.189250475425530140e-01,-3.510314954023248668e-01
2.028010927269431329e-01,2.453748981467409052e-01,-1.901644693781251172e-01,-1.569799122929253776e-01,3.513941108185208995e-01,-4.017015645743968744e-01,2.682552463122540587e-01,2.721401617758352764e-01,7.863632226177620366e-01,5.752904250664504504e-01,-3.484130489271577424e-01,-1.183134167856889213e-01,-1.138703747090881596e-01,-2.567353633996040108e-01,-5.838434657653573945e-01,4.128355558638491934e-02,-2.211447142475605476e-01,-5.804353129866154232e-03,-3.764731997320486245e-01,-1.328413390239957005e-02,1.610058500439341955e-01,-7.863920605750321369e-02,-3.536240500892999239e-01,-1.597223885649273201e-01,-2.357498232268334382e-01,2.717976484688104932e-01,1.610569795887384359e-01,2.686405166989898063e-01,-1.935431207274067866e-01,1.000000000000000000e+00,-1.003687318199814188e-01,-6.596123168766311606e-02,-2.964302392079962156e-01,3.311230320035417063e-01,-2.928309746426147053e-01,-1.869712220915440148e-01,-1.579265758424453492e-01,3.952552229365387526e-01,5.502235139841841205e-01
5.701790578601882986e-01,5.051370956545140345e-01,6.731035180303385212e-01,-5.792292561804551765e-01,5.454716881593617561e-01,7.286609198938734933e-01,-2.090947792214772893e-01,-5.926015806078045456e-01,-3.186506463532571831e-01,1.291205189088303062e-01,7.325134688692152007e-01,4.174305269909223126e-01,-6.094628957965961824e-01,7.605404651068511379e-01,6.799683136047687260e-01,6.522824031004569312e-01,7.772820699092682917e-01,1.457412108436992593e-01,1.232330194581113397e-01,9.217722438301702292e-02,2.588355870087044042e-01,4.080344134670763623e-01,7.381560839715182176e-01,5.510302850968303856e-01,8.018705099242697809e-01,4.874672662195964068e-01,4.827389815582488475e-01,7.185086542932012099e-01,6.564399040776309757e-01,-1.003687318199814188e-01,1.000000000000000000e+00,7.060022412029959282e-01,7.573598788196234111e-01,8.190508078214828180e-02,7.363857319109812227e-01,5.145472425353442292e-01,7.145428075926463229e-01,-2.523976995016592451e-01,-1.240873042537538329e-01
4.393104335468783761e-01,5.017362094257642458e-01,6.013125099265281825e-01,-5.351899034957144918e-01,5.984505548700315147e-01,7.823088227607695178e-01,-2.952796240419040541e-01,-5.361849526040227687e-01,-2.452516700700903551e-01,3.737000885560629593e-01,8.407952895847307095e-01,2.201778766728564596e-01,-3.676059664398411142e-01,7.258337494735301876e-01,6.133128873412595494e-01,8.266096475623924134e-01,7.244499711131434649e-01,4.103618160255093072e-01,3.943401996666539566e-01,2.218534020698894726e-03,-1.402354890156109479e-01,2.542121712141482970e-01,7.242257858821281591e-01,4.598686429337712211e-01,7.157992547477955991e-01,7.536551035052060366e-01,7.517347260721410906e-01,6.989963346979818359e-01,8.819311227191407587e-01,-6.596123168766311606e-02,7.060022412029959282e-01,1.000000000000000000e+00,5.853288708741485324e-01,-7.169507336619419802e-02,8.510964493086594640e-01,7.381401613506896053e-01,9.085129292355157427e-01,-2.714617042294522609e-01,-3.483946225304984656e-01
4.378809328242527221e-01,3.111502386227718575e-01,7.449230717484297548e-01,-4.227617000826679461e-01,4.906241347481598569e-01,7.563736724759647645e-01,-2.765958994877104060e-01,-7.029985030980588911e-01,-3.973083363161380999e-01,-1.402764965454924295e-01,6.854751947898140019e-01,4.842417249754458752e-01,-3.703512546233088676e-01,8.300422132645353113e-01,7.459288700398793992e-01,4.458460217432429484e-01,7.139521217101534312e-01,5.062578914364500304e-02,1.759602549303331542e-01,-2.716724739423150015e-02,2.972482432986167655e-01,2.691810729421824644e-01,7.442004258692236363e-01,5.844613252251665836e-01,7.518971844638308033e-01,3.032416871849113460e-01,2.358127177732291802e-01,5.337892620217690176e-01,6.050987138167132073e-01,-2.964302392079962156e-01,7.573598788196234111e-01,5.853288708741485324e-01,1.000000000000000000e+00,1.904293032724727885e-01,6.911626521777288756e-01,3.828687846254004712e-01,6.136777361539875741e-01,-1.874210163556296604e-01,-1.497499535926767877e-01
5.317913824336087947e-01,3.622513329329100085e-01,3.438535371966517373e-01,-1.845681111866051827e-01,5.311883549862493892e-01,-5.233898056266930027e-02,2.210608232123908168e-01,-2.993660629597088008e-01,5.786897353566055058e-01,2.467424751358703594e-01,-7.517588504476557798e-02,2.566646288386307817e-01,1.398162045502251982e-01,1.871320371342914402e-01,-1.239428226989906651e-01,-1.126141124660501834e-02,1.023888861354720348e-01,-7.452359389807451662e-02,-3.700887645591433572e-01,1.245082269074247183e-01,2.088349424317278158e-01,-3.928220301123377250e-02,1.361148924824168993e-01,1.687565259697731412e-01,2.005891262150715781e-01,1.267328644622578160e-01,-4.267819492782511798e-02,3.205671101704302139e-01,-5.471229635068442648e-02,3.311230320035417063e-01,8.190508078214828180e-02,-7.169507336619419802e-02,1.904293032724727885e-01,1.000000000000000000e+00,-1.456694669298866374e-01,-2.306185283697835264e-01,-1.114201961156853077e-01,6.816207700177004947e-01,6.974522586934933654e-01
4.343825046500189302e-01,4.750019626714338528e-01,6.288632593171916696e-01,-4.717983707812073990e-01,4.537656492806766972e-01,8.539231779434519609e-01,-3.719632209458637595e-01,-5.805002455323123867e-01,-4.493353539196427993e-01,1.626682709725512932e-01,8.778875387545023168e-01,3.177298386496916205e-01,-3.469367843399923657e-01,8.045444862934135744e-01,7.752464630787259114e-01,7.755270441554782401e-01,8.007455797524167807e-01,3.630141101242004287e-01,4.473844718058848646e-01,6.107947022472200171e-02,-5.011189373835701899e-02,2.848329467579221452e-01,8.210101862067981093e-01,5.856298611066783621e-01,7.922715357818858051e-01,5.802886415220158689e-01,5.661548252159553929e-01,5.984776377811745762e-01,8.656126771251102525e-01,-2.928309746426147053e-01,7.363857319109812227e-01,8.510964493086594640e-01,6.911626521777288756e-01,-1.456694669298866374e-01,1.000000000000000000e+00,7.422826007123148884e-01,9.019039281643281836e-01,-3.510207580158580254e-01,-4.291175943022809136e-01
2.767491715646200889e-01,4.555806238523985030e-01,4.415714475377538473e-01,-3.748865753239309373e-01,2.964409429641186033e-01,6.184180611934889660e-01,-3.382997155836447445e-01,-3.824090039711441902e-01,-3.259577055273267798e-01,4.013855452210230434e-01,7.269674160246125671e-01,1.594901110714807280e-01,-2.059240879840867344e-01,5.176699847783083897e-01,5.670583946199826419e-01,8.020138399990341949e-01,5.329538286238464373e-01,4.586619547138521269e-01,5.326212437636087538e-01,7.037852321976306724e-02,-2.449072591172434532e-01,2.476561077021620094e-01,6.390824511135868580e-01,1.869911584881905620e-01,5.840595390435039391e-01,5.711899244666516218e-01,6.130648643964528022e-01,4.854879351175657720e-01,7.525873577897215227e-01,-1.869712220915440148e-01,5.145472425353442292e-01,7.381401613506896053e-01,3.828687846254004712e-01,-2.306185283697835264e-01,7.422826007123148884e-01,1.000000000000000000e+00,7.796894841945239962e-01,-2.879207167176325299e-01,-4.460452168881091639e-01
4.396135395158185522e-01,5.254406654539306443e-01,5.964410876674947071e-01,-5.195065210257736599e-01,5.267603392404009988e-01,8.125125880132406664e-01,-3.377443838097800022e-01,-5.361749847478967101e-01,-3.284481219930183715e-01,3.185641722522364883e-01,8.642094476931518887e-01,2.761111963395389557e-01,-3.507331150267691822e-01,7.510234225798841923e-01,6.769521149968721341e-01,8.306658259496574326e-01,7.655477294992171222e-01,4.078081492378938799e-01,4.198976777639331637e-01,3.186252575107837576e-02,-1.218163968122244756e-01,2.741255381789576284e-01,7.752930573537351044e-01,5.106132837487152853e-01,7.662162916894538212e-01,7.120031272314357729e-01,6.962158082325859976e-01,6.505850649433905231e-01,9.072935992693712537e-01,-1.579265758424453492e-01,7.145428075926463229e-01,9.085129292355157427e-01,6.136777361539875741e-01,-1.114201961156853077e-01,9.019039281643281836e-01,7.796894841945239962e-01,1.000000000000000000e+00,-2.999038199521222858e-01,-3.825028169962171876e-01
3.973915585313859133e-01,2.419824791771180428e-01,-3.335202549747094680e-02,1.310135743550670251e-01,2.348871144652076859e-01,-3.603289479557235109e-01,3.304286802231556908e-01,8.409885280740408975e-02,7.177403373447002188e-01,3.627376492609222236e-01,-2.655693330361218463e-01,-8.114095231854275003e-02,3.194715086157533523e-01,-1.498425327502861670e-01,-4.395691639575278753e-01,-1.288111579898889303e-01,-2.497242585278289517e-01,7.435157356126159689e-02,-2.466300694748401745e-01,8.863217910949741651e-02,-7.039944144513524647e-03,-1.692408075318459770e-01,-1.219662981248341715e-01,-9.102663449229646264e-02,-1.109710969841233158e-01,8.627993788707499778e-02,-5.011821833550763466e-02,3.186561233972300816e-02,-2.189250475425530140e-01,3.952552229365387526e-01,-2.523976995016592451e-01,-2.714617042294522609e-01,-1.874210163556296604e-01,6.816207700177004947e-01,-3.510207580158580254e-01,-2.879207167176325299e-01,-2.999038199521222858e-01,1.000000000000000000e+00,7.856569457569806403e-01
4.097425082533672214e-01,2.202841439759408437e-01,-7.071865099358617957e-02,4.126176939572220176e-02,2.557380955337689166e-01,-4.370703220444750459e-01,3.696276519564576923e-01,1.402398743860399088e-01,7.227832602432116005e-01,2.785416344632156704e-01,-3.739639137724323770e-01,6.005621716955114597e-02,1.040268558963181184e-01,-1.928598614300082725e-01,-4.830850315875545031e-01,-2.150287199450000020e-01,-2.359008067874304171e-01,-1.828115295823758701e-01,-5.516507289111968193e-01,1.625414982041142598e-01,2.726830707569804502e-01,-6.885513700179253516e-02,-2.296663751284050703e-01,-7.507689307566073333e-02,-1.216210537000342040e-01,7.920259445325312023e-03,-1.255091991238569404e-01,9.425253806962573255e-02,-3.510314954023248668e-01,5.502235139841841205e-01,-1.240873042537538329e-01,-3.483946225304984656e-01,-1.497499535926767877e-01,6.974522586934933654e-01,-4.291175943022809136e-01,-4.460452168881091639e-01,-3.825028169962171876e-01,7.856569457569806403e-01,1.000000000000000000e+00
