1.000000000000000000e+00,7.154703022387640665e-01,3.283860425886286905e-01,-1.227938554715241742e-01,3.114821866255520488e-01,-2.199723474519665965e-03,1.181644765965805116e-02,-3.998757319916879660e-01,1.458515611271607448e-01,5.203230351953741506e-01,2.149926659389412090e-02,5.714305510860766268e-02,-1.326233757114948231e-01,4.947739383503295119e-01,3.814499157696156217e-01,3.707875941028480615e-01,1.202813365621931835e-01,6.000467976299912048e-02,9.809338718368895704e-02,7.634990675404677851e-02,1.886034246603389697e-01,7.848698605936002548e-02,5.760440998162846826e-01,1.739974426252842710e-01,4.285838047340831958e-01,5.267406305556168178e-01,1.653033278284358476e-01,4.141393661168411011e-01,1.453312554891287578e-01,5.451289070207431253e-01,1.626450195311457680e-01,1.187226815416647235e-01,3.439358171137213982e-01,1.499413425850669446e-01,-9.186780899697441407e-04,2.024007024885876860e-01,8.375306811178843958e-02,1.341870876954014413e-01,1.758589587027959422e-01
7.154703022387640665e-01,1.000000000000000000e+00,3.826617661686978339e-02,-3.615268345302422581e-01,5.441558328215162499e-02,3.310165680172414415e-01,-2.255964704564810963e-01,-1.686580152804955102e-01,-1.768593621768177193e-01,4.073380511230989542e-01,3.520988164977761348e-01,-8.261310420352422149e-03,-4.423664004692138829e-01,3.576498936278698082e-01,1.816609771751971081e-01,1.178966516250192359e-01,3.608510484400571650e-01,-3.219092960114185997e-01,-2.314395525816080046e-01,-2.548328891100097304e-01,3.699391135124765473e-01,-2.459037757459011375e-01,4.614992749719490917e-01,4.213878244997105171e-01,2.418433380131133625e-01,3.894160785623557719e-01,2.895171343320706026e-01,4.724612124615031883e-01,4.261747091164697632e-01,3.107493105881580786e-01,4.694585964316113635e-01,4.432444982224886809e-01,3.050391924247249920e-01,-1.296662625153305326e-01,3.012282050490932006e-01,7.246396460619525248e-02,4.050566040654359212e-01,-2.382801853222192845e-01,-1.346643434278970153e-01
3.283860425886286905e-01,3.826617661686978339e-02,1.000000000000000000e+00,5.473201511289729204e-01,8.221342264127645683e-01,-6.502012207644964903e-01,6.032333375237002304e-01,-9.098858441335387903e-01,7.581206348357375502e-01,6.826697998050685889e-01,-6.455484567581041278e-01,4.820151935473150906e-01,4.550643554815019809e-01,3.273003802394096051e-01,5.358565800511487787e-01,7.685508659878635962e-01,-5.829329746277077673e-01,6.812784499402453342e-01,6.838808008827387264e-01,7.074752222671886193e-01,-4.394802397058096832e-01,6.920526059303466759e-01,2.237176652799600096e-01,-5.101371274449465476e-01,7.497339695991009911e-01,3.922959148935878382e-02,-1.313224939730121554e-01,2.248879629957696302e-01,-6.260812151895893685e-01,7.130559752078002855e-01,-3.984715616085074963e-01,-6.063464437781831418e-01,3.266313377093956194e-01,7.787246408119361529e-01,-6.803393573563714103e-01,3.194690923663559556e-01,-6.115822863880040483e-01,7.017070949200497898e-01,7.599800697860396026e-01
-1.227938554715241742e-01,-3.615268345302422581e-01,5.473201511289729204e-01,1.000000000000000000e+00,6.872933313042054460e-01,-8.313484474926109424e-01,7.723462138859999992e-01,-2.829866774750270375e-01,8.303843555099736928e-01,3.764787516393132139e-01,-8.540730644425085227e-01,5.689782674026427900e-01,6.740748166033807554e-01,-1.406904867889254840e-01,3.633910002170603892e-01,6.735554291994302334e-01,-8.091614401222123609e-01,8.311368291465328628e-01,8.146553932476293669e-01,8.578430694525621680e-01,-8.793674789505271372e-01,8.376261383272501915e-01,-2.659505920139715318e-01,-8.581008571292267906e-01,4.336061511268414215e-01,-5.274057642205987051e-01,-5.250891337158036798e-01,-4.816970286558629466e-01,-8.976544684128177076e-01,4.568473902667378184e-01,-7.560518461927492329e-01,-8.810282115284131521e-01,-1.018448090192288907e-01,7.409155852682746124e-01,-8.982922645418776053e-01,1.841813901247838781e-01,-8.936604275486892401e-01,8.263559889593011798e-01,8.170873231708942752e-01
3.114821866255520488e-01,5.441558328215162499e-02,8.221342264127645683e-01,6.872933313042054460e-01,1.000000000000000000e+00,-7.532567404984507053e-01,6.396182540282089324e-01,-6.413819653043816293e-01,8.736516202740752801e-01,6.342759238926038989e-01,-7.499239464877062167e-01,6.257978758881673764e-01,4.820516045173756092e-01,2.983581889080568761e-01,6.044716282198456803e-01,8.481950176022993171e-01,-6.816058906510715776e-01,7.894946812385534862e-01,8.080551931752245620e-01,7.906300630559794929e-01,-6.528172046326613520e-01,7.817828680499518956e-01,1.404089611778589486e-01,-6.569485985936224237e-01,7.052685504739103495e-01,-1.007956030883805365e-01,-3.135054079419486994e-01,6.170118058132813277e-02,-7.366624019082816943e-01,7.159965705365085586e-01,-4.446724257755661491e-01,-7.177240697381738199e-01,3.089802415091866261e-01,8.864411333418065198e-01,-8.051760821351847675e-01,3.528333890533182915e-01,-7.433321211305876641e-01,8.140754997226098411e-01,8.734747034720136138e-01
-2.199723474519665965e-03,3.310165680172414415e-01,-6.502012207644964903e-01,-8.313484474926109424e-01,-7.532567404984507053e-01,1.000000000000000000e+00,-7.786363481909749362e-01,4.183458210898269858e-01,-9.103599375127492399e-01,-4.872244125937663650e-01,9.427231333195321694e-01,-4.402190416252254046e-01,-6.682525645406003356e-01,-5.681537113450947640e-02,-4.723891127452500838e-01,-7.883815603577568609e-01,9.148711901327105656e-01,-8.704165120986798732e-01,-8.375977706685781010e-01,-9.086534839516199336e-01,7.477222880479873490e-01,-9.008710828220739542e-01,1.534909926069709662e-01,8.095174783620924241e-01,-5.543418306270987417e-01,2.373879258636831524e-01,4.341613434877492073e-01,3.217425824681624524e-01,9.168621137871130200e-01,-5.804858254483493685e-01,6.858368732778635790e-01,9.331600546450359301e-01,5.183190210605979897e-02,-8.711699624148594445e-01,9.291128397770853642e-01,-1.954661989948581202e-01,9.138324422628747445e-01,-9.270512601937820341e-01,-9.097250174455143723e-01
1.181644765965805116e-02,-2.255964704564810963e-01,6.032333375237002304e-01,7.723462138859999992e-01,6.396182540282089324e-01,-7.786363481909749362e-01,1.000000000000000000e+00,-3.809409962251236181e-01,7.742082179328506619e-01,4.975376724408420159e-01,-7.585397043544670481e-01,4.308306423151643805e-01,6.754424574892826660e-01,-5.416139425046737760e-02,4.523090554478629288e-01,6.749879481502431000e-01,-7.003467404129343210e-01,7.452864776590509832e-01,7.405706291618416870e-01,8.385509401191307832e-01,-6.468842238226230057e-01,8.276827106911728293e-01,-9.422751012750139876e-02,-7.323203205967236951e-01,5.241636985224915612e-01,-2.612758195115407744e-01,-3.966382301225979679e-01,-2.360206828687938518e-01,-7.523663185823474819e-01,5.717583314563143837e-01,-6.907332166052260192e-01,-7.530728221078873963e-01,-6.415004192683988749e-02,7.074091364700694218e-01,-7.843774806578801551e-01,1.925335252349628101e-01,-7.751061055185795023e-01,7.720308592360851652e-01,7.654413573874765397e-01
-3.998757319916879660e-01,-1.686580152804955102e-01,-9.098858441335387903e-01,-2.829866774750270375e-01,-6.413819653043816293e-01,4.183458210898269858e-01,-3.809409962251236181e-01,1.000000000000000000e+00,-5.324307778827532811e-01,-6.206181228793161697e-01,4.066434598434834902e-01,-2.790835434551255934e-01,-2.403315377268772091e-01,-3.921666061532840808e-01,-4.099428866425385842e-01,-5.911252390211327867e-01,3.649595339455907195e-01,-4.476746198207092187e-01,-4.570181793906297196e-01,-4.643912099990005204e-01,1.558186207982179550e-01,-4.533105825971833203e-01,-3.364188951761361568e-01,2.432449063154177304e-01,-6.969265696092183937e-01,-2.005186995647350034e-01,-7.722265109556225582e-02,-3.835583320081090708e-01,3.787702484042111406e-01,-6.024215475930690955e-01,1.773280934262101427e-01,3.518713568535849490e-01,-3.637440121342426780e-01,-5.701905852493536209e-01,4.260017076762629973e-01,-2.671529657956667192e-01,3.463749131303092699e-01,-4.724029214713160174e-01,-5.436529017564895039e-01
1.458515611271607448e-01,-1.768593621768177193e-01,7.581206348357375502e-01,8.303843555099736928e-01,8.736516202740752801e-01,-9.103599375127492399e-01,7.742082179328506619e-01,-5.324307778827532811e-01,1.000000000000000000e+00,6.102593813515770904e-01,-9.122920642224253696e-01,5.756974966504787572e-01,6.433962041822685052e-01,1.749821625538158787e-01,5.468556642558526359e-01,8.679797819695864725e-01,-8.462268342633103568e-01,8.980303306101670158e-01,9.024631351071786822e-01,9.237407963555648305e-01,-7.681671634311048047e-01,8.966150697007200243e-01,9.849305972330142656e-03,-7.837550735500469212e-01,6.768921897676433153e-01,-1.687101918700368020e-01,-3.714274476262835467e-01,-1.654515912090784580e-01,-8.847987140960181796e-01,7.010273052525186621e-01,-6.451684176606291565e-01,-8.901653421401877209e-01,1.483516875925575129e-01,9.273155997830204722e-01,-9.290097563498579403e-01,2.810628592854296226e-01,-8.874011657699727440e-01,9.320727303700899746e-01,9.521084797474135275e-01
5.203230351953741506e-01,4.073380511230989542e-01,6.826697998050685889e-01,3.764787516393132139e-01,6.342759238926038989e-01,-4.872244125937663650e-01,4.975376724408420159e-01,-6.206181228793161697e-01,6.102593813515770904e-01,1.000000000000000000e+00,-4.882445426707161529e-01,3.671315217954934651e-01,1.961067444827230832e-01,2.890378946688081374e-01,4.699766323058206519e-01,8.191454051046613838e-01,-4.760370016616324307e-01,4.394189329312681025e-01,5.221202263601062432e-01,5.549828151120502762e-01,-2.565291250024774872e-01,5.314909738492652469e-01,2.325322162856473251e-01,-3.348326144590467734e-01,7.212474969227834487e-01,1.800748903199506090e-01,8.521099450924042584e-02,2.051273804250388633e-01,-4.357829273628933686e-01,7.632933617545467619e-01,-1.620270794951720050e-01,-4.168862931616187373e-01,2.252887166936539398e-01,6.148565455728635110e-01,-5.235056320238059557e-01,2.867045913612862318e-01,-4.039612461393023435e-01,5.030742609805062271e-01,5.855350347101430097e-01
2.149926659389412090e-02,3.520988164977761348e-01,-6.455484567581041278e-01,-8.540730644425085227e-01,-7.499239464877062167e-01,9.427231333195321694e-01,-7.585397043544670481e-01,4.066434598434834902e-01,-9.122920642224253696e-01,-4.882445426707161529e-01,1.000000000000000000e+00,-4.639608910043608869e-01,-6.720436442211583650e-01,3.253689640088507085e-02,-4.295620553881183690e-01,-7.874461513788464373e-01,9.190360848731731203e-01,-8.610079942681871934e-01,-8.432972002879798312e-01,-9.115884537371362617e-01,7.898520154732295850e-01,-8.866607554625258736e-01,1.871116693747067738e-01,8.474088541227899896e-01,-5.134046848142030939e-01,3.023968798276349679e-01,4.433252606576116306e-01,3.629789866150776589e-01,9.335049760377926997e-01,-5.730745971837972741e-01,7.073112623111609265e-01,9.430404357621547939e-01,7.065622386099509877e-02,-8.583302752042334394e-01,9.360037169098298637e-01,-1.857752636728005335e-01,9.244350760996266070e-01,-9.105489441366462211e-01,-9.007826025115146518e-01
5.714305510860766268e-02,-8.261310420352422149e-03,4.820151935473150906e-01,5.689782674026427900e-01,6.257978758881673764e-01,-4.402190416252254046e-01,4.308306423151643805e-01,-2.790835434551255934e-01,5.756974966504787572e-01,3.671315217954934651e-01,-4.639608910043608869e-01,1.000000000000000000e+00,4.057358176990952803e-01,1.260685171517947067e-01,4.629463840982230849e-01,5.196674844537233495e-01,-4.007033126383592325e-01,5.740580781138533428e-01,5.971033581590871053e-01,5.665935395055903268e-01,-6.147123530334294150e-01,5.526298704967226305e-01,-5.048089484083433803e-02,-4.963953502512221116e-01,3.746568609414268614e-01,-2.364533552944504680e-01,-2.791501676842233493e-01,3.422444251011144689e-02,-5.047974033475978173e-01,4.393396162768923308e-01,-3.802898980219451275e-01,-4.842210278301146142e-01,2.746225708671590771e-01,5.766034445689550703e-01,-5.669212696292255105e-01,3.081648073839289292e-01,-5.233760268516454151e-01,5.093442154909778585e-01,5.580118336672051926e-01
-1.326233757114948231e-01,-4.423664004692138829e-01,4.550643554815019809e-01,6.740748166033807554e-01,4.820516045173756092e-01,-6.682525645406003356e-01,6.754424574892826660e-01,-2.403315377268772091e-01,6.433962041822685052e-01,1.961067444827230832e-01,-6.720436442211583650e-01,4.057358176990952803e-01,1.000000000000000000e+00,-7.885311942409985175e-02,3.932690868715807420e-01,5.016215934602494819e-01,-5.629980448941017679e-01,7.224417751309327729e-01,6.645393280608480335e-01,7.119911432836236731e-01,-6.757036317728556396e-01,6.928325835313501324e-01,-6.284638451504814816e-02,-6.738027536572800402e-01,2.752128011155354215e-01,-2.365218275508600421e-01,-5.810840470455712614e-01,-2.675497807028653363e-01,-6.507578311680317640e-01,4.624603927335793618e-01,-8.634208250490107428e-01,-6.944741368883495802e-01,-4.230302173480945255e-02,5.558721372940060856e-01,-6.787962327022338815e-01,3.298271345421643908e-01,-7.229363707785981807e-01,7.081461294515242200e-01,6.578617439713249082e-01
4.947739383503295119e-01,3.576498936278698082e-01,3.273003802394096051e-01,-1.406904867889254840e-01,2.983581889080568761e-01,-5.681537113450947640e-02,-5.416139425046737760e-02,-3.921666061532840808e-01,1.749821625538158787e-01,2.890378946688081374e-01,3.253689640088507085e-02,1.260685171517947067e-01,-7.885311942409985175e-02,1.000000000000000000e+00,3.326425476833907435e-01,2.736194810464856464e-01,8.438263498254765238e-02,1.317870090216756718e-01,1.134153624680643707e-01,5.512758312581968190e-02,1.525889964780285935e-01,4.202589596373813158e-02,5.723861605110340811e-01,2.734322051186401370e-01,3.906387048539269324e-01,5.940924208674110973e-01,1.569735108817844060e-01,5.668855009515313403e-01,9.324516654348682931e-02,3.874698053984907409e-01,2.293140600453484057e-01,4.605917282707133742e-02,5.694609605960373466e-01,2.660166307495957505e-01,-9.851040589532523636e-03,3.268760782940165477e-01,6.075399684845598364e-02,1.361900773713251300e-01,1.620337141382999502e-01
3.814499157696156217e-01,1.816609771751971081e-01,5.358565800511487787e-01,3.633910002170603892e-01,6.044716282198456803e-01,-4.723891127452500838e-01,4.523090554478629288e-01,-4.099428866425385842e-01,5.468556642558526359e-01,4.699766323058206519e-01,-4.295620553881183690e-01,4.629463840982230849e-01,3.932690868715807420e-01,3.326425476833907435e-01,1.000000000000000000e+00,5.985506077357349852e-01,-3.709974724984830274e-01,4.777945138553087445e-01,4.451649891656848101e-01,5.027242593153026240e-01,-4.186274881724671992e-01,5.257387616065568592e-01,2.697633621795789138e-01,-3.862955854907412778e-01,4.688661158667437601e-01,7.320827761842378656e-02,-3.951029927633251670e-01,1.189164883892461499e-01,-4.173897769900321020e-01,6.175602362551400049e-01,-3.082109070386087613e-01,-4.281818638922741949e-01,2.695717408153488481e-01,5.971691388029615188e-01,-5.193888011100407098e-01,2.003807981062468435e-01,-4.681891864013815185e-01,5.678618147811510530e-01,5.685180187039708954e-01
3.707875941028480615e-01,1.178966516250192359e-01,7.685508659878635962e-01,6.735554291994302334e-01,8.481950176022993171e-01,-7.883815603577568609e-01,6.749879481502431000e-01,-5.911252390211327867e-01,8.679797819695864725e-01,8.191454051046613838e-01,-7.874461513788464373e-01,5.196674844537233495e-01,5.016215934602494819e-01,2.736194810464856464e-01,5.985506077357349852e-01,1.000000000000000000e+00,-7.332341064472792658e-01,7.428828306272571291e-01,7.651850379648555966e-01,8.241410198000309606e-01,-5.913106138652237664e-01,8.238482186221860459e-01,1.355084129466644083e-01,-6.532656563540107930e-01,7.264947427615918718e-01,-1.413776534940428334e-02,-2.714118435566127419e-01,-2.615919219313832603e-02,-7.347920430467881348e-01,8.174277538198541082e-01,-4.599292972713010519e-01,-7.444491978917997521e-01,1.694343234521360209e-01,8.677528472070474841e-01,-8.202314330563971190e-01,3.482245749689844572e-01,-7.447824044516895281e-01,8.049484832506610399e-01,8.555946221946152397e-01
1.202813365621931835e-01,3.608510484400571650e-01,-5.829329746277077673e-01,-8.091614401222123609e-01,-6.816058906510715776e-01,9.148711901327105656e-01,-7.003467404129343210e-01,3.649595339455907195e-01,-8.462268342633103568e-01,-4.760370016616324307e-01,9.190360848731731203e-01,-4.007033126383592325e-01,-5.629980448941017679e-01,8.438263498254765238e-02,-3.709974724984830274e-01,-7.332341064472792658e-01,1.000000000000000000e+00,-7.927521733419163885e-01,-7.607937319130612108e-01,-8.341876795666695044e-01,7.311168456944716620e-01,-8.293109232673668840e-01,3.213678913847132224e-01,8.037034458889071864e-01,-4.850845994252834248e-01,3.511107385375573098e-01,3.368776825182472900e-01,3.936104602254666962e-01,9.258633707228925980e-01,-4.495695544458176429e-01,6.222851936073096057e-01,9.173600779860278109e-01,1.294661536830085391e-01,-8.043106080112607525e-01,9.058665025595125098e-01,-1.186027284732024123e-01,8.814577624280818258e-01,-8.396271268129157361e-01,-8.322438069662674298e-01
6.000467976299912048e-02,-3.219092960114185997e-01,6.812784499402453342e-01,8.311368291465328628e-01,7.894946812385534862e-01,-8.704165120986798732e-01,7.452864776590509832e-01,-4.476746198207092187e-01,8.980303306101670158e-01,4.394189329312681025e-01,-8.610079942681871934e-01,5.740580781138533428e-01,7.224417751309327729e-01,1.317870090216756718e-01,4.777945138553087445e-01,7.428828306272571291e-01,-7.927521733419163885e-01,1.000000000000000000e+00,9.086057024721664321e-01,8.933460166804643166e-01,-7.700057137219917802e-01,8.630127879376344735e-01,-4.955660438998604062e-02,-7.882087223254745645e-01,5.429680400015458597e-01,-1.888498477783014662e-01,-4.198067604909394013e-01,-2.002774258698846177e-01,-8.490403142664463276e-01,5.697116523644720765e-01,-7.395119037193513822e-01,-8.720971460326836233e-01,1.053854379432442867e-01,8.179914851310292612e-01,-8.917882540482104936e-01,3.624320382105266081e-01,-8.753043442280900033e-01,9.239114744416995206e-01,8.934921994430166103e-01
9.809338718368895704e-02,-2.314395525816080046e-01,6.838808008827387264e-01,8.146553932476293669e-01,8.080551931752245620e-01,-8.375977706685781010e-01,7.405706291618416870e-01,-4.570181793906297196e-01,9.024631351071786822e-01,5.221202263601062432e-01,-8.432972002879798312e-01,5.971033581590871053e-01,6.645393280608480335e-01,1.134153624680643707e-01,4.451649891656848101e-01,7.651850379648555966e-01,-7.607937319130612108e-01,9.086057024721664321e-01,1.000000000000000000e+00,8.889631446073826826e-01,-7.403303694841962823e-01,8.423642437801059923e-01,-3.816031079815369875e-02,-7.732969449130516759e-01,6.036895891382711987e-01,-1.572594525280762989e-01,-2.801826561365274304e-01,-1.695032428475025665e-01,-8.304318344912816618e-01,5.999835583982103815e-01,-6.672105600094253575e-01,-8.282042853323028364e-01,1.381915775493935961e-01,8.128712248330735024e-01,-8.692344906023725670e-01,3.732269726431511336e-01,-8.362266099094932681e-01,8.753517602616426307e-01,8.917425768015810883e-01
7.634990675404677851e-02,-2.548328891100097304e-01,7.074752222671886193e-01,8.578430694525621680e-01,7.906300630559794929e-01,-9.086534839516199336e-01,8.385509401191307832e-01,-4.643912099990005204e-01,9.237407963555648305e-01,5.549828151120502762e-01,-9.115884537371362617e-01,5.665935395055903268e-01,7.119911432836236731e-01,5.512758312581968190e-02,5.027242593153026240e-01,8.241410198000309606e-01,-8.341876795666695044e-01,8.933460166804643166e-01,8.889631446073826826e-01,1.000000000000000000e+00,-7.561128494471214267e-01,9.332070408332853173e-01,-1.036056002466994308e-01,-8.243979547421451670e-01,5.876434787891895439e-01,-2.290261731742135876e-01,-4.208516867420245000e-01,-2.286379285959888319e-01,-8.863096895560514943e-01,6.585340122461490475e-01,-7.185748836872923873e-01,-9.042369913428602857e-01,4.302326506154308117e-02,8.650582784717630869e-01,-9.263650340959668217e-01,2.658278182112011057e-01,-8.962835532611908018e-01,9.153180455681467764e-01,9.107585856942276292e-01
1.886034246603389697e-01,3.699391135124765473e-01,-4.394802397058096832e-01,-8.793674789505271372e-01,-6.528172046326613520e-01,7.477222880479873490e-01,-6.468842238226230057e-01,1.558186207982179550e-01,-7.681671634311048047e-01,-2.565291250024774872e-01,7.898520154732295850e-01,-6.147123530334294150e-01,-6.757036317728556396e-01,1.525889964780285935e-01,-4.186274881724671992e-01,-5.913106138652237664e-01,7.311168456944716620e-01,-7.700057137219917802e-01,-7.403303694841962823e-01,-7.561128494471214267e-01,1.000000000000000000e+00,-7.287909283064190058e-01,2.534713242396148813e-01,8.188452206616075868e-01,-3.253064537477947660e-01,5.910387506550424108e-01,6.495885640375368419e-01,4.570728610368110512e-01,8.310753820364167321e-01,-4.096256795045035703e-01,7.315747784167474510e-01,8.198632475913112394e-01,4.825578722736486442e-02,-7.015169974154606969e-01,8.332278545792437541e-01,-1.773901364753691090e-01,8.497908302470188469e-01,-7.663850474690157011e-01,-7.571613830765171471e-01
7.848698605936002548e-02,-2.459037757459011375e-01,6.920526059303466759e-01,8.376261383272501915e-01,7.817828680499518956e-01,-9.008710828220739542e-01,8.276827106911728293e-01,-4.533105825971833203e-01,8.966150697007200243e-01,5.314909738492652469e-01,-8.866607554625258736e-01,5.526298704967226305e-01,6.928325835313501324e-01,4.202589596373813158e-02,5.257387616065568592e-01,8.238482186221860459e-01,-8.293109232673668840e-01,8.630127879376344735e-01,8.423642437801059923e-01,9.332070408332853173e-01,-7.287909283064190058e-01,1.000000000000000000e+00,-1.064305538823517167e-01,-8.235809139935353906e-01,5.963048369129447801e-01,-2.560040191513949792e-01,-4.181916754940075420e-01,-2.577279195255965938e-01,-8.713123441728463092e-01,6.132145744166400680e-01,-7.112658664818379828e-01,-8.859902954292581123e-01,-3.974555922314874229e-02,8.507248368021426144e-01,-9.171799918479640601e-01,2.392955976371547444e-01,-8.880085733302328643e-01,8.931375299232401366e-01,8.937471318713609003e-01
5.760440998162846826e-01,4.614992749719490917e-01,2.237176652799600096e-01,-2.659505920139715318e-01,1.404089611778589486e-01,1.534909926069709662e-01,-9.422751012750139876e-02,-3.364188951761361568e-01,9.849305972330142656e-03,2.325322162856473251e-01,1.871116693747067738e-01,-5.048089484083433803e-02,-6.284638451504814816e-02,5.723861605110340811e-01,2.697633621795789138e-01,1.355084129466644083e-01,3.213678913847132224e-01,-4.955660438998604062e-02,-3.816031079815369875e-02,-1.036056002466994308e-01,2.534713242396148813e-01,-1.064305538823517167e-01,1.000000000000000000e+00,3.380438690662713741e-01,4.260319613507495551e-01,5.427894097841479137e-01,7.656240694342493491e-02,4.654201472665457362e-01,2.959319918020919538e-01,3.915152422191636172e-01,1.952416387512133644e-01,2.496323983658721435e-01,3.903377313385139047e-01,5.425640178705686684e-02,1.758910310544624933e-01,2.577897122160322518e-01,2.256982336702190173e-01,4.242426088991513473e-03,2.466139534783143294e-02
1.739974426252842710e-01,4.213878244997105171e-01,-5.101371274449465476e-01,-8.581008571292267906e-01,-6.569485985936224237e-01,8.095174783620924241e-01,-7.323203205967236951e-01,2.432449063154177304e-01,-7.837550735500469212e-01,-3.348326144590467734e-01,8.474088541227899896e-01,-4.963953502512221116e-01,-6.738027536572800402e-01,2.734322051186401370e-01,-3.862955854907412778e-01,-6.532656563540107930e-01,8.037034458889071864e-01,-7.882087223254745645e-01,-7.732969449130516759e-01,-8.243979547421451670e-01,8.188452206616075868e-01,-8.235809139935353906e-01,3.380438690662713741e-01,1.000000000000000000e+00,-3.389781570068288730e-01,4.883628226404058692e-01,5.227283639844991781e-01,4.771862888708234274e-01,8.799261690153005189e-01,-4.125665660251185973e-01,7.364765205835178685e-01,8.730260744745179657e-01,2.088538991550247248e-01,-7.222720619178946144e-01,8.712361488928429543e-01,-2.093620813064144548e-01,8.981689181332489502e-01,-7.877942744793011709e-01,-7.804956944296247423e-01
4.285838047340831958e-01,2.418433380131133625e-01,7.497339695991009911e-01,4.336061511268414215e-01,7.052685504739103495e-01,-5.543418306270987417e-01,5.241636985224915612e-01,-6.969265696092183937e-01,6.768921897676433153e-01,7.212474969227834487e-01,-5.134046848142030939e-01,3.746568609414268614e-01,2.752128011155354215e-01,3.906387048539269324e-01,4.688661158667437601e-01,7.264947427615918718e-01,-4.850845994252834248e-01,5.429680400015458597e-01,6.036895891382711987e-01,5.876434787891895439e-01,-3.253064537477947660e-01,5.963048369129447801e-01,4.260319613507495551e-01,-3.389781570068288730e-01,1.000000000000000000e+00,1.081737373122778068e-01,1.510187266478356903e-02,1.877337121788891783e-01,-4.854672425120888368e-01,6.835368915270753076e-01,-2.560048846723244620e-01,-4.720369117732144959e-01,2.688115914822697405e-01,6.779300197007357420e-01,-5.612313188532890296e-01,2.964782392043149861e-01,-4.438155034000010879e-01,6.149100667535457587e-01,6.803027642264903863e-01
5.267406305556168178e-01,3.894160785623557719e-01,3.922959148935878382e-02,-5.274057642205987051e-01,-1.007956030883805365e-01,2.373879258636831524e-01,-2.612758195115407744e-01,-2.005186995647350034e-01,-1.687101918700368020e-01,1.800748903199506090e-01,3.023968798276349679e-01,-2.364533552944504680e-01,-2.365218275508600421e-01,5.940924208674110973e-01,7.320827761842378656e-02,-1.413776534940428334e-02,3.511107385375573098e-01,-1.888498477783014662e-01,-1.572594525280762989e-01,-2.290261731742135876e-01,5.910387506550424108e-01,-2.560040191513949792e-01,5.427894097841479137e-01,4.883628226404058692e-01,1.081737373122778068e-01,1.000000000000000000e+00,5.182521612866983762e-01,6.199000733219982573e-01,4.296373686852091311e-01,1.889073956337339044e-01,4.156134647157899709e-01,3.672782947939691178e-01,4.482383164470246650e-01,-1.107143556995364292e-01,3.511197611209856961e-01,2.015943473327712343e-01,3.972218320297194460e-01,-1.720926792612867406e-01,-1.632575220477607281e-01
1.653033278284358476e-01,2.895171343320706026e-01,-1.313224939730121554e-01,-5.250891337158036798e-01,-3.135054079419486994e-01,4.341613434877492073e-01,-3.966382301225979679e-01,-7.722265109556225582e-02,-3.714274476262835467e-01,8.521099450924042584e-02,4.433252606576116306e-01,-2.791501676842233493e-01,-5.810840470455712614e-01,1.569735108817844060e-01,-3.951029927633251670e-01,-2.714118435566127419e-01,3.368776825182472900e-01,-4.198067604909394013e-01,-2.801826561365274304e-01,-4.208516867420245000e-01,6.495885640375368419e-01,-4.181916754940075420e-01,7.656240694342493491e-02,5.227283639844991781e-01,1.510187266478356903e-02,5.182521612866983762e-01,1.000000000000000000e+00,4.296547765074884562e-01,4.453035325126586952e-01,-2.487431094751986760e-01,5.869268248776052799e-01,4.943383898762732098e-01,1.664585325214311129e-01,-3.668047129881608082e-01,4.696523644122483909e-01,-9.033083999765549599e-02,5.510028048515530630e-01,-4.632330784749461028e-01,-3.895857954522068400e-01
4.141393661168411011e-01,4.724612124615031883e-01,2.248879629957696302e-01,-4.816970286558629466e-01,6.170118058132813277e-02,3.217425824681624524e-01,-2.360206828687938518e-01,-3.835583320081090708e-01,-1.654515912090784580e-01,2.051273804250388633e-01,3.629789866150776589e-01,3.422444251011144689e-02,-2.675497807028653363e-01,5.668855009515313403e-01,1.189164883892461499e-01,-2.615919219313832603e-02,3.936104602254666962e-01,-2.002774258698846177e-01,-1.695032428475025665e-01,-2.286379285959888319e-01,4.570728610368110512e-01,-2.577279195255965938e-01,4.654201472665457362e-01,4.771862888708234274e-01,1.877337121788891783e-01,6.199000733219982573e-01,4.296547765074884562e-01,1.000000000000000000e+00,4.099286775572538732e-01,1.816048742192097609e-01,4.623155694276746552e-01,3.979296261673507806e-01,6.250255554806640745e-01,-6.022897314332726487e-02,3.314552283497159690e-01,2.530412541815005301e-01,4.112326752901390714e-01,-2.310193291073905919e-01,-1.598077463569152756e-01
1.453312554891287578e-01,4.261747091164697632e-01,-6.260812151895893685e-01,-8.976544684128177076e-01,-7.366624019082816943e-01,9.168621137871130200e-01,-7.523663185823474819e-01,3.787702484042111406e-01,-8.847987140960181796e-01,-4.357829273628933686e-01,9.335049760377926997e-01,-5.047974033475978173e-01,-6.507578311680317640e-01,9.324516654348682931e-02,-4.173897769900321020e-01,-7.347920430467881348e-01,9.258633707228925980e-01,-8.490403142664463276e-01,-8.304318344912816618e-01,-8.863096895560514943e-01,8.310753820364167321e-01,-8.713123441728463092e-01,2.959319918020919538e-01,8.799261690153005189e-01,-4.854672425120888368e-01,4.296373686852091311e-01,4.453035325126586952e-01,4.099286775572538732e-01,1.000000000000000000e+00,-4.653381766381958218e-01,7.067806618594220103e-01,9.540493550964067593e-01,8.439483459808873322e-02,-8.376383918624359382e-01,9.470522384729180843e-01,-1.785522657674008529e-01,9.373183016045898430e-01,-8.758990424011275922e-01,-8.640094096574666427e-01
5.451289070207431253e-01,3.107493105881580786e-01,7.130559752078002855e-01,4.568473902667378184e-01,7.159965705365085586e-01,-5.804858254483493685e-01,5.717583314563143837e-01,-6.024215475930690955e-01,7.010273052525186621e-01,7.632933617545467619e-01,-5.730745971837972741e-01,4.393396162768923308e-01,4.624603927335793618e-01,3.874698053984907409e-01,6.175602362551400049e-01,8.174277538198541082e-01,-4.495695544458176429e-01,5.697116523644720765e-01,5.999835583982103815e-01,6.585340122461490475e-01,-4.096256795045035703e-01,6.132145744166400680e-01,3.915152422191636172e-01,-4.125665660251185973e-01,6.835368915270753076e-01,1.889073956337339044e-01,-2.487431094751986760e-01,1.816048742192097609e-01,-4.653381766381958218e-01,1.000000000000000000e+00,-3.617144191729342317e-01,-4.926526718489588341e-01,3.037649116762993207e-01,7.050493228982847027e-01,-5.886754916950509564e-01,4.075582309845401374e-01,-5.153939198968786606e-01,6.540847565197451807e-01,7.070953896334112310e-01
1.626450195311457680e-01,4.694585964316113635e-01,-3.984715616085074963e-01,-7.560518461927492329e-01,-4.446724257755661491e-01,6.858368732778635790e-01,-6.907332166052260192e-01,1.773280934262101427e-01,-6.451684176606291565e-01,-1.620270794951720050e-01,7.073112623111609265e-01,-3.802898980219451275e-01,-8.634208250490107428e-01,2.293140600453484057e-01,-3.082109070386087613e-01,-4.599292972713010519e-01,6.222851936073096057e-01,-7.395119037193513822e-01,-6.672105600094253575e-01,-7.185748836872923873e-01,7.315747784167474510e-01,-7.112658664818379828e-01,1.952416387512133644e-01,7.364765205835178685e-01,-2.560048846723244620e-01,4.156134647157899709e-01,5.869268248776052799e-01,4.623155694276746552e-01,7.067806618594220103e-01,-3.617144191729342317e-01,1.000000000000000000e+00,7.350990525141962717e-01,2.550414560316904278e-01,-4.979403899091889296e-01,7.178984232466157911e-01,-2.137257615160355340e-01,7.583965572069228944e-01,-7.178941573560249090e-01,-6.502828240345729371e-01
1.187226815416647235e-01,4.432444982224886809e-01,-6.063464437781831418e-01,-8.810282115284131521e-01,-7.177240697381738199e-01,9.331600546450359301e-01,-7.530728221078873963e-01,3.518713568535849490e-01,-8.901653421401877209e-01,-4.168862931616187373e-01,9.430404357621547939e-01,-4.842210278301146142e-01,-6.944741368883495802e-01,4.605917282707133742e-02,-4.281818638922741949e-01,-7.444491978917997521e-01,9.173600779860278109e-01,-8.720971460326836233e-01,-8.282042853323028364e-01,-9.042369913428602857e-01,8.198632475913112394e-01,-8.859902954292581123e-01,2.496323983658721435e-01,8.730260744745179657e-01,-4.720369117732144959e-01,3.672782947939691178e-01,4.943383898762732098e-01,3.979296261673507806e-01,9.540493550964067593e-01,-4.926526718489588341e-01,7.350990525141962717e-01,1.000000000000000000e+00,7.723428016856079270e-02,-8.404056923425201608e-01,9.457897178719091302e-01,-2.218950283155667336e-01,9.443608353248564846e-01,-8.963307186365756518e-01,-8.670357974703245540e-01
3.439358171137213982e-01,3.050391924247249920e-01,3.266313377093956194e-01,-1.018448090192288907e-01,3.089802415091866261e-01,5.183190210605979897e-02,-6.415004192683988749e-02,-3.637440121342426780e-01,1.483516875925575129e-01,2.252887166936539398e-01,7.065622386099509877e-02,2.746225708671590771e-01,-4.230302173480945255e-02,5.694609605960373466e-01,2.695717408153488481e-01,1.694343234521360209e-01,1.294661536830085391e-01,1.053854379432442867e-01,1.381915775493935961e-01,4.302326506154308117e-02,4.825578722736486442e-02,-3.974555922314874229e-02,3.903377313385139047e-01,2.088538991550247248e-01,2.688115914822697405e-01,4.482383164470246650e-01,1.664585325214311129e-01,6.250255554806640745e-01,8.439483459808873322e-02,3.037649116762993207e-01,2.550414560316904278e-01,7.723428016856079270e-02,1.000000000000000000e+00,2.298364656320250332e-01,2.576477179918261473e-02,2.896667987949436140e-01,1.101706341206818984e-01,8.054328228830873182e-02,1.431292560820555670e-01
1.499413425850669446e-01,-1.296662625153305326e-01,7.787246408119361529e-01,7.409155852682746124e-01,8.864411333418065198e-01,-8.711699624148594445e-01,7.074091364700694218e-01,-5.701905852493536209e-01,9.273155997830204722e-01,6.148565455728635110e-01,-8.583302752042334394e-01,5.766034445689550703e-01,5.558721372940060856e-01,2.660166307495957505e-01,5.971691388029615188e-01,8.677528472070474841e-01,-8.043106080112607525e-01,8.179914851310292612e-01,8.128712248330735024e-01,8.650582784717630869e-01,-7.015169974154606969e-01,8.507248368021426144e-01,5.425640178705686684e-02,-7.222720619178946144e-01,6.779300197007357420e-01,-1.107143556995364292e-01,-3.668047129881608082e-01,-6.022897314332726487e-02,-8.376383918624359382e-01,7.050493228982847027e-01,-4.979403899091889296e-01,-8.404056923425201608e-01,2.298364656320250332e-01,1.000000000000000000e+00,-8.809229381626243471e-01,2.819167363897961964e-01,-8.384818891232997951e-01,8.792401158193894339e-01,9.167942943716196336e-01
-9.186780899697441407e-04,3.012282050490932006e-01,-6.803393573563714103e-01,-8.982922645418776053e-01,-8.051760821351847675e-01,9.291128397770853642e-01,-7.843774806578801551e-01,4.260017076762629973e-01,-9.290097563498579403e-01,-5.235056320238059557e-01,9.360037169098298637e-01,-5.669212696292255105e-01,-6.787962327022338815e-01,-9.851040589532523636e-03,-5.193888011100407098e-01,-8.202314330563971190e-01,9.058665025595125098e-01,-8.917882540482104936e-01,-8.692344906023725670e-01,-9.263650340959668217e-01,8.332278545792437541e-01,-9.171799918479640601e-01,1.758910310544624933e-01,8.712361488928429543e-01,-5.612313188532890296e-01,3.511197611209856961e-01,4.696523644122483909e-01,3.314552283497159690e-01,9.470522384729180843e-01,-5.886754916950509564e-01,7.178984232466157911e-01,9.457897178719091302e-01,2.576477179918261473e-02,-8.809229381626243471e-01,1.000000000000000000e+00,-2.506924949283070858e-01,9.450051939059037620e-01,-9.211217420848913928e-01,-9.168261956111485311e-01
2.024007024885876860e-01,7.246396460619525248e-02,3.194690923663559556e-01,1.841813901247838781e-01,3.528333890533182915e-01,-1.954661989948581202e-01,1.925335252349628101e-01,-2.671529657956667192e-01,2.810628592854296226e-01,2.867045913612862318e-01,-1.857752636728005335e-01,3.081648073839289292e-01,3.298271345421643908e-01,3.268760782940165477e-01,2.003807981062468435e-01,3.482245749689844572e-01,-1.186027284732024123e-01,3.624320382105266081e-01,3.732269726431511336e-01,2.658278182112011057e-01,-1.773901364753691090e-01,2.392955976371547444e-01,2.577897122160322518e-01,-2.093620813064144548e-01,2.964782392043149861e-01,2.015943473327712343e-01,-9.033083999765549599e-02,2.530412541815005301e-01,-1.785522657674008529e-01,4.075582309845401374e-01,-2.137257615160355340e-01,-2.218950283155667336e-01,2.896667987949436140e-01,2.819167363897961964e-01,-2.506924949283070858e-01,1.000000000000000000e+00,-2.165147599582133431e-01,3.041890044485110467e-01,3.022204893460361808e-01
8.375306811178843958e-02,4.050566040654359212e-01,-6.115822863880040483e-01,-8.936604275486892401e-01,-7.433321211305876641e-01,9.138324422628747445e-01,-7.751061055185795023e-01,3.463749131303092699e-01,-8.874011657699727440e-01,-4.039612461393023435e-01,9.244350760996266070e-01,-5.233760268516454151e-01,-7.229363707785981807e-01,6.075399684845598364e-02,-4.681891864013815185e-01,-7.447824044516895281e-01,8.814577624280818258e-01,-8.753043442280900033e-01,-8.362266099094932681e-01,-8.962835532611908018e-01,8.497908302470188469e-01,-8.880085733302328643e-01,2.256982336702190173e-01,8.981689181332489502e-01,-4.438155034000010879e-01,3.972218320297194460e-01,5.510028048515530630e-01,4.112326752901390714e-01,9.373183016045898430e-01,-5.153939198968786606e-01,7.583965572069228944e-01,9.443608353248564846e-01,1.101706341206818984e-01,-8.384818891232997951e-01,9.450051939059037620e-01,-2.165147599582133431e-01,1.000000000000000000e+00,-8.892547123950487187e-01,-8.735641443722612642e-01
1.341870876954014413e-01,-2.382801853222192845e-01,7.017070949200497898e-01,8.263559889593011798e-01,8.140754997226098411e-01,-9.270512601937820341e-01,7.720308592360851652e-01,-4.724029214713160174e-01,9.320727303700899746e-01,5.030742609805062271e-01,-9.105489441366462211e-01,5.093442154909778585e-01,7.081461294515242200e-01,1.361900773713251300e-01,5.678618147811510530e-01,8.049484832506610399e-01,-8.396271268129157361e-01,9.239114744416995206e-01,8.753517602616426307e-01,9.153180455681467764e-01,-7.663850474690157011e-01,8.931375299232401366e-01,4.242426088991513473e-03,-7.877942744793011709e-01,6.149100667535457587e-01,-1.720926792612867406e-01,-4.632330784749461028e-01,-2.310193291073905919e-01,-8.758990424011275922e-01,6.540847565197451807e-01,-7.178941573560249090e-01,-8.963307186365756518e-01,8.054328228830873182e-02,8.792401158193894339e-01,-9.211217420848913928e-01,3.041890044485110467e-01,-8.892547123950487187e-01,1.000000000000000000e+00,9.440380698179126062e-01
1.758589587027959422e-01,-1.346643434278970153e-01,7.599800697860396026e-01,8.170873231708942752e-01,8.734747034720136138e-01,-9.097250174455143723e-01,7.654413573874765397e-01,-5.436529017564895039e-01,9.521084797474135275e-01,5.855350347101430097e-01,-9.007826025115146518e-01,5.580118336672051926e-01,6.578617439713249082e-01,1.620337141382999502e-01,5.685180187039708954e-01,8.555946221946152397e-01,-8.322438069662674298e-01,8.934921994430166103e-01,8.917425768015810883e-01,9.107585856942276292e-01,-7.571613830765171471e-01,8.937471318713609003e-01,2.466139534783143294e-02,-7.804956944296247423e-01,6.803027642264903863e-01,-1.632575220477607281e-01,-3.895857954522068400e-01,-1.598077463569152756e-01,-8.640094096574666427e-01,7.070953896334112310e-01,-6.502828240345729371e-01,-8.670357974703245540e-01,1.431292560820555670e-01,9.167942943716196336e-01,-9.168261956111485311e-01,3.022204893460361808e-01,-8.735641443722612642e-01,9.440380698179126062e-01,1.000000000000000000e+00
