1.000000000000000000e+00,-4.670058426755374081e-01,1.015165612300721609e-01,7.116221138261530355e-02,5.759238027424716522e-02,-5.440594252814053844e-01,-4.588725301749609908e-01,-9.419487007688111257e-02,-5.726830822751674543e-02,-5.081021102364008390e-01,-6.397181024651685810e-01,-7.005151473021357100e-01,3.666795114811744472e-01,-2.547074439178956817e-01,2.058673185711542564e-01,4.568128999957385972e-01,5.262242576055962129e-01,-1.870325923089056000e-02,-1.501711971789711220e-01,2.188029326297825927e-01,1.325840391036055832e-01,-3.748654955706283709e-01,-4.243323512986106327e-01,-4.548574908997937150e-01,-2.767382862046208203e-02,7.175913222453004225e-01,-5.886834514304599697e-01,8.598620430404922965e-01,7.918197401730722174e-01,1.268899512433418475e-01,-5.882929511823302704e-01,-4.185745206642939031e-01,8.664517661217786826e-02,-4.105304353648784321e-01,-3.096979695396812060e-01,1.140635545958394725e-01,-2.777251160027285892e-01,3.551738797742720610e-01,-5.148412341095349731e-01
-4.670058426755374081e-01,1.000000000000000000e+00,3.967056405540920205e-01,-5.217280469543627425e-02,4.100418127360705989e-01,6.488198565518429328e-01,6.046204463330058232e-01,-4.019562941123593358e-01,6.678162297935540392e-01,7.588375834267147013e-01,7.566745038711227833e-01,7.474732657975844408e-01,-5.267365874703671125e-01,5.501092442371007252e-01,-4.030464882678804761e-01,-2.304957337203892842e-01,-5.263679170743157387e-01,3.587141121888926532e-01,4.322793696192678281e-01,2.050657693664571443e-02,2.820169303932909544e-01,6.328913763396046832e-01,6.413918750456070184e-01,6.560772677440909195e-01,4.099327098985269258e-01,-2.111242437217507664e-02,8.150436592270847713e-01,-6.450296818940587373e-01,-6.213527124397768553e-01,1.695831696541954814e-01,8.350180506453845908e-01,8.241789442425847545e-01,2.628745439666980710e-01,5.624115524884762962e-01,7.729392336929233887e-01,5.774462094708180393e-01,8.289323170244704553e-01,2.882938484686466407e-01,8.346486965635564470e-01
1.015165612300721609e-01,3.967056405540920205e-01,1.000000000000000000e+00,2.980082720706823118e-01,7.897496880604635283e-01,2.833893546257154061e-01,2.569969580710822488e-01,-8.868141222334542384e-01,6.863692030707277958e-01,3.962604064439883000e-01,2.733547398229596581e-01,1.190994237540898143e-01,-2.030314502717979197e-01,6.481514936285940331e-01,-2.182034958391900759e-01,4.713711672213384274e-01,5.369190426820184825e-02,6.433662033816588410e-01,5.955362333362941296e-01,4.033779548752292055e-01,5.398571316045946977e-01,5.471379610318650721e-01,4.878490521426768201e-01,5.399667742163307693e-01,6.109746333763738102e-01,3.426468959136354520e-01,2.584208806110634971e-01,1.406619384922898515e-02,5.386492924022063394e-02,5.773379018379958261e-01,2.666824472717694294e-01,3.769885301276590939e-01,7.085218728336463156e-01,4.435444097536317409e-01,4.625778722718043579e-01,6.398107364580902789e-01,4.263358870710790005e-01,6.045824134634052438e-01,4.326843335227791298e-01
7.116221138261530355e-02,-5.217280469543627425e-02,2.980082720706823118e-01,1.000000000000000000e+00,4.094295513689965027e-01,-8.149567073482284763e-02,1.736188868596950097e-01,-1.413637774353319887e-01,3.367628144038660731e-01,3.396149283047528167e-01,-1.041732491929105581e-01,1.015485730196685893e-01,7.652045817372411796e-02,2.885456314280798740e-01,6.924181264211139164e-02,6.668282079431471221e-01,-1.763911478095749746e-02,6.953215171983073706e-01,4.724695999000993463e-01,5.371511407923658110e-01,3.088169122055700044e-01,3.731953189484766287e-01,4.913912191489500092e-02,2.954731159229721515e-01,1.887212277127225390e-01,-1.495312205245269699e-01,1.430809276650523917e-02,8.536827492848131360e-02,-1.116031463293853249e-01,6.109183608047917824e-01,-4.756954286600848653e-02,-2.288488091744629305e-01,3.493200160246390240e-01,1.098543374057273786e-01,3.205854420363761503e-02,1.514967839097491609e-01,-1.070694112286807581e-01,2.787540755039146778e-01,2.183434073941614428e-01
5.759238027424716522e-02,4.100418127360705989e-01,7.897496880604635283e-01,4.094295513689965027e-01,1.000000000000000000e+00,2.762972872797250234e-01,2.625458716282506044e-01,-6.769468283560826638e-01,7.432508230851814224e-01,5.366320655653694649e-01,3.006836732330003814e-01,1.825592697408045251e-01,-3.742570878018979807e-01,7.372639618808236595e-01,-3.975079764822863071e-01,5.118344839394840529e-01,7.751840975165295855e-02,6.380894507402902205e-01,4.663178659405542992e-01,2.962220838127860301e-01,6.244840768636455985e-01,6.395999832428297394e-01,5.922736488935855803e-01,5.818889703996040774e-01,7.233818316121137793e-01,3.212183164471146823e-01,3.469774755098167240e-01,3.264797029953537405e-02,-2.675551048583943783e-02,6.694985441357539369e-01,4.001716960870917994e-01,3.385303892867221331e-01,7.986607895328405871e-01,5.121345826404009038e-01,5.325792307613019805e-01,7.526810305393101252e-01,5.114231388795299482e-01,4.694525643683064020e-01,5.655377469223309417e-01
-5.440594252814053844e-01,6.488198565518429328e-01,2.833893546257154061e-01,-8.149567073482284763e-02,2.762972872797250234e-01,1.000000000000000000e+00,3.982202249863291965e-01,-3.208760360485952146e-01,4.095991043793918429e-01,5.609354174877869692e-01,7.724848369833343664e-01,5.592869487076822521e-01,-3.070754520706216462e-01,5.562904735113917143e-01,-2.323171677745746455e-01,-1.991512934339911833e-01,-1.884268041619954481e-01,1.851554884330761097e-01,3.608552739130463372e-01,-3.590088729028819564e-02,1.688080434670816699e-01,4.675661209903468896e-01,6.422988374172760029e-01,6.562317625412290578e-01,3.906750399448812305e-01,-2.164374957611150396e-01,6.513877978401748647e-01,-6.036639857717928104e-01,-4.591017372538166441e-01,4.690327594097097597e-02,6.284327595873624439e-01,6.733776539604392486e-01,1.862124013176184312e-01,4.982492801708243157e-01,5.520988625278776540e-01,2.711533984946004061e-01,5.884074332363975479e-01,1.437862828874636456e-01,5.617880912820344408e-01
-4.588725301749609908e-01,6.046204463330058232e-01,2.569969580710822488e-01,1.736188868596950097e-01,2.625458716282506044e-01,3.982202249863291965e-01,1.000000000000000000e+00,-2.197423535537298411e-01,4.668680259260672427e-01,7.093347503191185233e-01,5.206364110751181551e-01,7.099837753100128879e-01,-1.786926185861026084e-01,4.104628442620017470e-01,-6.338514556321359072e-02,-2.048704904492581330e-02,-5.045988969552018810e-01,4.597774005176989975e-01,5.174928119008714855e-01,1.754837794409518092e-01,1.365819816238649231e-01,6.791542968079439246e-01,3.270728166117956026e-01,5.894609647747571790e-01,2.317943598902230673e-01,-2.094707046174753562e-01,6.911795094473189849e-01,-5.236398392490119180e-01,-6.495643762244893704e-01,2.900168897663761292e-01,6.408516683343556952e-01,4.953226555812720311e-01,2.926687669629643995e-01,6.413547540212468645e-01,4.665129771397006908e-01,2.550431525375104758e-01,4.816369319855642317e-01,9.151614813621103406e-02,6.707353503106889825e-01
-9.419487007688111257e-02,-4.019562941123593358e-01,-8.868141222334542384e-01,-1.413637774353319887e-01,-6.769468283560826638e-01,-3.208760360485952146e-01,-2.197423535537298411e-01,1.000000000000000000e+00,-5.738635249410622974e-01,-3.359786094050379313e-01,-3.008490858392739997e-01,-8.602987354382958529e-02,1.867932883008572020e-01,-5.358295112471691546e-01,2.642363185911717482e-01,-3.679443075511195649e-01,-5.422383922891082370e-02,-5.176259587299626430e-01,-5.093568927170110117e-01,-2.797584964004492525e-01,-4.306150871084644671e-01,-4.186996031359592196e-01,-4.202533838786888243e-01,-4.909328970507287893e-01,-5.349346802345458229e-01,-3.704017650211680612e-01,-2.571640674407945082e-01,1.849839548531612490e-02,-7.302151670680877282e-02,-4.265916161845858534e-01,-2.551972945934937176e-01,-4.197257167373400488e-01,-5.779036952553319173e-01,-3.648361300316876887e-01,-4.279373403329312930e-01,-5.655228269351052495e-01,-4.267537406671502720e-01,-5.753756348694458733e-01,-3.674590101074863835e-01
-5.726830822751674543e-02,6.678162297935540392e-01,6.863692030707277958e-01,3.367628144038660731e-01,7.432508230851814224e-01,4.095991043793918429e-01,4.668680259260672427e-01,-5.738635249410622974e-01,1.000000000000000000e+00,6.969222348150164725e-01,4.332657566540975003e-01,4.415161465563792187e-01,-3.317803623273101188e-01,7.115615028432447087e-01,-2.861944916545588469e-01,3.370284479242822706e-01,-2.451874817274817542e-01,6.813435879377730542e-01,6.027979197889514751e-01,3.571713872182946115e-01,4.621311512079927519e-01,6.973618921857922537e-01,5.712603012992636398e-01,6.536042353306394936e-01,5.511035061785718447e-01,2.616768380544751693e-01,5.491366929056785695e-01,-2.172902024915011332e-01,-2.575248184565147591e-01,6.591989525349244428e-01,5.370749930673751615e-01,5.911191290520177999e-01,6.238670056312604073e-01,6.602519556966854886e-01,6.885036714235660549e-01,7.795868471766095320e-01,6.863545910070644185e-01,5.888520891219142239e-01,7.026520937450849713e-01
-5.081021102364008390e-01,7.588375834267147013e-01,3.962604064439883000e-01,3.396149283047528167e-01,5.366320655653694649e-01,5.609354174877869692e-01,7.093347503191185233e-01,-3.359786094050379313e-01,6.969222348150164725e-01,1.000000000000000000e+00,6.878691850075092651e-01,8.010532308948967728e-01,-4.353228207412230821e-01,6.941209633114080457e-01,-3.529215368356595217e-01,1.141451637103465949e-01,-4.770947826754230459e-01,6.142829502310144241e-01,5.686867711783095691e-01,1.546126989317948008e-01,3.549534768783888516e-01,8.185137916424574112e-01,6.074074863842970906e-01,7.733792421873133538e-01,4.608571131806356025e-01,-1.969598502199299550e-01,8.309595009402873655e-01,-5.980686549396023732e-01,-7.115909284150659930e-01,4.838863253595128699e-01,7.958976733426470496e-01,5.869730513720364806e-01,4.513317177613916931e-01,6.571577543401303512e-01,6.875234424459398808e-01,5.188378630050953788e-01,6.654423238823418130e-01,1.641478799423177759e-01,8.866534908071876941e-01
-6.397181024651685810e-01,7.566745038711227833e-01,2.733547398229596581e-01,-1.041732491929105581e-01,3.006836732330003814e-01,7.724848369833343664e-01,5.206364110751181551e-01,-3.008490858392739997e-01,4.332657566540975003e-01,6.878691850075092651e-01,1.000000000000000000e+00,7.021595180446744688e-01,-5.174374638992087494e-01,5.696130019521711274e-01,-4.192773064224433743e-01,-2.940033551336127537e-01,-2.654715193819460195e-01,2.178832501682731460e-01,3.377850919282167075e-01,-9.580539958731820738e-02,2.687070628223959257e-01,5.861716135826674501e-01,7.158435018201748656e-01,6.379210938772925665e-01,5.010513632911771653e-01,-2.276844379524912976e-01,7.957944751790803073e-01,-6.722911745615782753e-01,-5.960209032977992205e-01,1.935008760524020710e-02,8.201571811947168111e-01,7.332298823559032508e-01,2.392160621710313906e-01,5.282321090410588837e-01,7.008453829258162182e-01,3.824678515431114700e-01,7.224018310915761854e-01,1.412181903702786415e-02,7.496768544679029977e-01
-7.005151473021357100e-01,7.474732657975844408e-01,1.190994237540898143e-01,1.015485730196685893e-01,1.825592697408045251e-01,5.592869487076822521e-01,7.099837753100128879e-01,-8.602987354382958529e-02,4.415161465563792187e-01,8.010532308948967728e-01,7.021595180446744688e-01,1.000000000000000000e+00,-3.641527984184376732e-01,4.351720034198254816e-01,-1.744809254577008584e-01,-2.731659147624280748e-01,-6.763986680374823868e-01,3.718010276349940080e-01,4.151449703834594329e-01,-1.774572227168538796e-02,1.370939914785606062e-01,6.929940297308262442e-01,4.706461839613112486e-01,6.336488513198950123e-01,1.767035319596437781e-01,-4.300227780851125781e-01,8.439119440321523058e-01,-7.693876320729935436e-01,-8.695715941147411643e-01,1.497826628832088780e-01,8.125562907866938911e-01,6.204328157376743924e-01,1.492522443298479051e-01,5.590889285408076059e-01,5.904382077939369644e-01,2.375341958863699532e-01,5.814069773177409362e-01,-8.416924863139131630e-02,7.955469380510977739e-01
3.666795114811744472e-01,-5.267365874703671125e-01,-2.030314502717979197e-01,7.652045817372411796e-02,-3.742570878018979807e-01,-3.070754520706216462e-01,-1.786926185861026084e-01,1.867932883008572020e-01,-3.317803623273101188e-01,-4.353228207412230821e-01,-5.174374638992087494e-01,-3.641527984184376732e-01,1.000000000000000000e+00,-3.573314630938673742e-01,6.360132384052925580e-01,2.348498969370578504e-01,2.004163172810359828e-01,-5.989159689233469752e-02,2.722791954282409617e-03,2.352853001889290696e-01,-4.110942312928200781e-01,-3.630202704616519171e-01,-5.642567420907708131e-01,-2.715895635753435844e-01,-4.171039886020310172e-01,-3.855054396143263451e-02,-5.362416471231826742e-01,3.455488709427317895e-01,3.688294284349080132e-01,-4.475066694829487983e-03,-6.506670373353037329e-01,-4.675580453325458574e-01,-2.228716829038610570e-01,-2.449370863336660653e-01,-4.934709671580430057e-01,-4.959355001814113040e-01,-5.788954465613745937e-01,8.608420723578449896e-02,-5.485702024581271541e-01
-2.547074439178956817e-01,5.501092442371007252e-01,6.481514936285940331e-01,2.885456314280798740e-01,7.372639618808236595e-01,5.562904735113917143e-01,4.104628442620017470e-01,-5.358295112471691546e-01,7.115615028432447087e-01,6.941209633114080457e-01,5.696130019521711274e-01,4.351720034198254816e-01,-3.573314630938673742e-01,1.000000000000000000e+00,-3.501863180058135683e-01,3.092050130764091298e-01,-5.902186254265173043e-02,5.533354587680833214e-01,4.977615236317097236e-01,1.991081253054008682e-01,4.976262114594155461e-01,7.620982731127172727e-01,7.445126657506393464e-01,7.316619189448726468e-01,7.129556644785564057e-01,5.305412474005036932e-02,5.381453825830742055e-01,-3.005099291666488703e-01,-2.875635138460627682e-01,5.772603869903489837e-01,5.592122709591412777e-01,4.717926578647595459e-01,7.364812533157372165e-01,6.634771962882709539e-01,6.153598810187681512e-01,6.269594302926698726e-01,5.694711949446817911e-01,3.415475306234170838e-01,6.753623147233035473e-01
2.058673185711542564e-01,-4.030464882678804761e-01,-2.182034958391900759e-01,6.924181264211139164e-02,-3.975079764822863071e-01,-2.323171677745746455e-01,-6.338514556321359072e-02,2.642363185911717482e-01,-2.861944916545588469e-01,-3.529215368356595217e-01,-4.192773064224433743e-01,-1.744809254577008584e-01,6.360132384052925580e-01,-3.501863180058135683e-01,1.000000000000000000e+00,5.451889264447466743e-02,3.243883120802214942e-02,-6.257934067775133835e-02,3.392438287431519262e-02,3.111882355604499439e-01,-2.980689850633488347e-01,-2.084566784928697791e-01,-5.119492928931923537e-01,-2.569923944634778801e-01,-4.037102428845776303e-01,-1.609916794857273736e-01,-3.975272234066806187e-01,2.428364890641940277e-01,1.649291497279159191e-01,-4.832143016083984000e-02,-4.710157357343345841e-01,-4.188072814700464774e-01,-2.148816483089446838e-01,-1.574218453534046991e-01,-4.487824813601883345e-01,-4.260003399980118455e-01,-5.042587806592986333e-01,-2.664721180732388880e-02,-3.972432906258537844e-01
4.568128999957385972e-01,-2.304957337203892842e-01,4.713711672213384274e-01,6.668282079431471221e-01,5.118344839394840529e-01,-1.991512934339911833e-01,-2.048704904492581330e-02,-3.679443075511195649e-01,3.370284479242822706e-01,1.141451637103465949e-01,-2.940033551336127537e-01,-2.731659147624280748e-01,2.348498969370578504e-01,3.092050130764091298e-01,5.451889264447466743e-02,1.000000000000000000e+00,3.669140476770802461e-01,5.969868845709089822e-01,3.973815145496168433e-01,4.423631675519896778e-01,2.822261620250895997e-01,2.077851318086202381e-01,-1.823853547722559254e-02,1.651217260562833911e-01,2.902769908422123124e-01,3.177091099145345487e-01,-2.078484472885136769e-01,4.582045011321870254e-01,3.460449491134048317e-01,7.331576231591737658e-01,-2.818370627871513157e-01,-2.631306085184094701e-01,5.174374985222575107e-01,8.128336440302046106e-02,-6.636445835033953633e-02,2.292185203839939289e-01,-1.668753729426496191e-01,4.925450448719490004e-01,-2.740631938617388297e-02
5.262242576055962129e-01,-5.263679170743157387e-01,5.369190426820184825e-02,-1.763911478095749746e-02,7.751840975165295855e-02,-1.884268041619954481e-01,-5.045988969552018810e-01,-5.422383922891082370e-02,-2.451874817274817542e-01,-4.770947826754230459e-01,-2.654715193819460195e-01,-6.763986680374823868e-01,2.004163172810359828e-01,-5.902186254265173043e-02,3.243883120802214942e-02,3.669140476770802461e-01,1.000000000000000000e+00,-1.796298669929656533e-01,-2.029659350213473268e-01,2.872321969521232990e-02,1.331772107623491186e-01,-3.114373263763185462e-01,-8.978106332687250946e-02,-3.442356350307171353e-01,2.385704117933681867e-01,3.531752711373528641e-01,-5.221534945139115758e-01,6.450152640264430470e-01,7.237422234408898980e-01,-2.277970720982386635e-02,-4.609101178233392937e-01,-4.266814309016200846e-01,1.649295831000401891e-01,-2.846717648987904248e-01,-3.333849448237161672e-01,-1.972739440301735092e-02,-3.212423985263962445e-01,7.758982245760137619e-02,-4.628022411494449040e-01
-1.870325923089056000e-02,3.587141121888926532e-01,6.433662033816588410e-01,6.953215171983073706e-01,6.380894507402902205e-01,1.851554884330761097e-01,4.597774005176989975e-01,-5.176259587299626430e-01,6.813435879377730542e-01,6.142829502310144241e-01,2.178832501682731460e-01,3.718010276349940080e-01,-5.989159689233469752e-02,5.533354587680833214e-01,-6.257934067775133835e-02,5.969868845709089822e-01,-1.796298669929656533e-01,1.000000000000000000e+00,8.215380031407426564e-01,5.725647138786827961e-01,4.186679821816648994e-01,6.343980927744511389e-01,3.328734935030381870e-01,6.102595578781938590e-01,4.469437859622412135e-01,2.678786003494046039e-02,3.736442858527166400e-01,-1.090878716643571833e-01,-2.548620026796600824e-01,6.863096566235010743e-01,3.023701116398855304e-01,2.198003397376019630e-01,5.261314369980676364e-01,3.849682827407293062e-01,4.260960106674783199e-01,4.817938156619255285e-01,3.280307365438420719e-01,4.838756875796820234e-01,5.421465523320923019e-01
-1.501711971789711220e-01,4.322793696192678281e-01,5.955362333362941296e-01,4.724695999000993463e-01,4.663178659405542992e-01,3.608552739130463372e-01,5.174928119008714855e-01,-5.093568927170110117e-01,6.027979197889514751e-01,5.686867711783095691e-01,3.377850919282167075e-01,4.151449703834594329e-01,2.722791954282409617e-03,4.977615236317097236e-01,3.392438287431519262e-02,3.973815145496168433e-01,-2.029659350213473268e-01,8.215380031407426564e-01,1.000000000000000000e+00,5.391709660201932097e-01,2.624402794280772389e-01,5.580090835396334104e-01,3.683383510560234719e-01,6.058141041111185787e-01,3.981549360276522287e-01,-4.081217899126432513e-02,4.407681321233761218e-01,-2.633621527043527033e-01,-2.999406396586972168e-01,4.790202800580911635e-01,3.369118144897340072e-01,3.530365419207939781e-01,3.538389542700199342e-01,3.669077592837996504e-01,4.103588928547937664e-01,3.351885621962211737e-01,3.553764250075435727e-01,4.371244218232884227e-01,5.046649137263345963e-01
2.188029326297825927e-01,2.050657693664571443e-02,4.033779548752292055e-01,5.371511407923658110e-01,2.962220838127860301e-01,-3.590088729028819564e-02,1.754837794409518092e-01,-2.797584964004492525e-01,3.571713872182946115e-01,1.546126989317948008e-01,-9.580539958731820738e-02,-1.774572227168538796e-02,2.352853001889290696e-01,1.991081253054008682e-01,3.111882355604499439e-01,4.423631675519896778e-01,2.872321969521232990e-02,5.725647138786827961e-01,5.391709660201932097e-01,1.000000000000000000e+00,2.285522482731612848e-01,2.424666950445596159e-01,1.002373202662691642e-02,2.134761132855927113e-01,2.133720902337614134e-01,8.609999871491880175e-02,-5.813258458094054670e-02,1.802612597019329910e-01,5.818330397314021296e-02,3.696805235571879455e-01,-1.259069831542603546e-01,-1.134642682817702114e-01,2.247969801053878447e-01,1.066873820858198207e-01,7.380247530233693953e-02,2.424141676328577244e-01,5.945984660849884876e-03,4.017032556604429594e-01,9.626839589042955614e-02
1.325840391036055832e-01,2.820169303932909544e-01,5.398571316045946977e-01,3.088169122055700044e-01,6.244840768636455985e-01,1.688080434670816699e-01,1.365819816238649231e-01,-4.306150871084644671e-01,4.621311512079927519e-01,3.549534768783888516e-01,2.687070628223959257e-01,1.370939914785606062e-01,-4.110942312928200781e-01,4.976262114594155461e-01,-2.980689850633488347e-01,2.822261620250895997e-01,1.331772107623491186e-01,4.186679821816648994e-01,2.624402794280772389e-01,2.285522482731612848e-01,1.000000000000000000e+00,5.382365801725623733e-01,4.587321641961756846e-01,3.559636772854463671e-01,6.111192900778026349e-01,2.539392610377091963e-01,2.755465356003010124e-01,1.234338820381903901e-01,-2.105092106039090777e-02,3.641379071470681739e-01,3.435596032825278812e-01,2.102056472110079011e-01,5.951764445604301734e-01,1.879415555503501922e-01,4.085361316023259914e-01,6.173359795626259805e-01,3.936059707727848633e-01,2.463082235301339018e-01,4.271724250542272006e-01
-3.748654955706283709e-01,6.328913763396046832e-01,5.471379610318650721e-01,3.731953189484766287e-01,6.395999832428297394e-01,4.675661209903468896e-01,6.791542968079439246e-01,-4.186996031359592196e-01,6.973618921857922537e-01,8.185137916424574112e-01,5.861716135826674501e-01,6.929940297308262442e-01,-3.630202704616519171e-01,7.620982731127172727e-01,-2.084566784928697791e-01,2.077851318086202381e-01,-3.114373263763185462e-01,6.343980927744511389e-01,5.580090835396334104e-01,2.424666950445596159e-01,5.382365801725623733e-01,1.000000000000000000e+00,6.081590560463302486e-01,7.083364479352598497e-01,5.357819183439570532e-01,-1.195699401368689879e-01,6.930543644728012209e-01,-3.906256820987881739e-01,-5.414202712373987758e-01,5.935892719325409628e-01,7.026976695775977166e-01,4.948265838470928268e-01,7.005877065477220667e-01,7.223185706920542959e-01,6.117358415177237552e-01,5.636512786897568406e-01,5.792505641434262387e-01,1.963039096784422177e-01,8.087422691444466905e-01
-4.243323512986106327e-01,6.413918750456070184e-01,4.878490521426768201e-01,4.913912191489500092e-02,5.922736488935855803e-01,6.422988374172760029e-01,3.270728166117956026e-01,-4.202533838786888243e-01,5.712603012992636398e-01,6.074074863842970906e-01,7.158435018201748656e-01,4.706461839613112486e-01,-5.642567420907708131e-01,7.445126657506393464e-01,-5.119492928931923537e-01,-1.823853547722559254e-02,-8.978106332687250946e-02,3.328734935030381870e-01,3.683383510560234719e-01,1.002373202662691642e-02,4.587321641961756846e-01,6.081590560463302486e-01,1.000000000000000000e+00,7.019444002301352681e-01,7.543332476080071292e-01,9.531764534700623917e-03,6.205125194084297746e-01,-4.739804780323701450e-01,-3.629731517396888596e-01,2.423461966322041361e-01,6.804651803457412163e-01,6.124353597242843117e-01,4.631512589824945403e-01,5.203917017247440269e-01,6.955921367398215649e-01,5.815848986058977932e-01,6.803591399408376317e-01,2.302919407494853077e-01,6.930593018650917925e-01
-4.548574908997937150e-01,6.560772677440909195e-01,5.399667742163307693e-01,2.954731159229721515e-01,5.818889703996040774e-01,6.562317625412290578e-01,5.894609647747571790e-01,-4.909328970507287893e-01,6.536042353306394936e-01,7.733792421873133538e-01,6.379210938772925665e-01,6.336488513198950123e-01,-2.715895635753435844e-01,7.316619189448726468e-01,-2.569923944634778801e-01,1.651217260562833911e-01,-3.442356350307171353e-01,6.102595578781938590e-01,6.058141041111185787e-01,2.134761132855927113e-01,3.559636772854463671e-01,7.083364479352598497e-01,7.019444002301352681e-01,1.000000000000000000e+00,5.596349425741423689e-01,-1.564839049296735118e-01,6.736461171225055500e-01,-5.562193764943319518e-01,-5.411650598264931000e-01,4.454151227792406686e-01,6.348868665372725539e-01,5.760779720983030261e-01,4.544156813664412820e-01,6.363604042377329906e-01,6.847421932587866023e-01,4.746353280360574023e-01,6.005547610520713953e-01,3.256741766987170106e-01,7.451363479067780737e-01
-2.767382862046208203e-02,4.099327098985269258e-01,6.109746333763738102e-01,1.887212277127225390e-01,7.233818316121137793e-01,3.906750399448812305e-01,2.317943598902230673e-01,-5.349346802345458229e-01,5.511035061785718447e-01,4.608571131806356025e-01,5.010513632911771653e-01,1.767035319596437781e-01,-4.171039886020310172e-01,7.129556644785564057e-01,-4.037102428845776303e-01,2.902769908422123124e-01,2.385704117933681867e-01,4.469437859622412135e-01,3.981549360276522287e-01,2.133720902337614134e-01,6.111192900778026349e-01,5.357819183439570532e-01,7.543332476080071292e-01,5.596349425741423689e-01,1.000000000000000000e+00,2.942394957653766130e-01,3.901515054460034659e-01,-5.599201305107503329e-02,-2.411180606214014324e-02,3.469881868640423694e-01,4.656476400275962324e-01,3.435427601463699188e-01,6.196612253968205586e-01,3.742428729571501411e-01,5.966099871108158093e-01,6.908426802577796177e-01,5.656881561940083625e-01,3.656333848547656529e-01,5.560740001939480370e-01
7.175913222453004225e-01,-2.111242437217507664e-02,3.426468959136354520e-01,-1.495312205245269699e-01,3.212183164471146823e-01,-2.164374957611150396e-01,-2.094707046174753562e-01,-3.704017650211680612e-01,2.616768380544751693e-01,-1.969598502199299550e-01,-2.276844379524912976e-01,-4.300227780851125781e-01,-3.855054396143263451e-02,5.305412474005036932e-02,-1.609916794857273736e-01,3.177091099145345487e-01,3.531752711373528641e-01,2.678786003494046039e-02,-4.081217899126432513e-02,8.609999871491880175e-02,2.539392610377091963e-01,-1.195699401368689879e-01,9.531764534700623917e-03,-1.564839049296735118e-01,2.942394957653766130e-01,1.000000000000000000e+00,-1.520811230894995036e-01,5.862542334419349466e-01,5.875312740296584346e-01,1.686741690640477520e-01,-1.390710129158723440e-01,8.289998967552431042e-02,2.580592989912002255e-01,-7.901368936202926574e-02,1.328995651575034243e-01,4.334569136578049764e-01,2.119123420289608373e-01,4.987253881610031470e-01,-1.351260173912945117e-01
-5.886834514304599697e-01,8.150436592270847713e-01,2.584208806110634971e-01,1.430809276650523917e-02,3.469774755098167240e-01,6.513877978401748647e-01,6.911795094473189849e-01,-2.571640674407945082e-01,5.491366929056785695e-01,8.309595009402873655e-01,7.957944751790803073e-01,8.439119440321523058e-01,-5.362416471231826742e-01,5.381453825830742055e-01,-3.975272234066806187e-01,-2.078484472885136769e-01,-5.221534945139115758e-01,3.736442858527166400e-01,4.407681321233761218e-01,-5.813258458094054670e-02,2.755465356003010124e-01,6.930543644728012209e-01,6.205125194084297746e-01,6.736461171225055500e-01,3.901515054460034659e-01,-1.520811230894995036e-01,1.000000000000000000e+00,-6.822115753358584112e-01,-7.486937563741002943e-01,1.515605790454801760e-01,9.022157089700830745e-01,7.566866164373463599e-01,2.436542025564129577e-01,5.788915789573624293e-01,7.090203836533346404e-01,4.175479428036555918e-01,7.585845892465298279e-01,3.462526534202939321e-03,8.311106220654733701e-01
8.598620430404922965e-01,-6.450296818940587373e-01,1.406619384922898515e-02,8.536827492848131360e-02,3.264797029953537405e-02,-6.036639857717928104e-01,-5.236398392490119180e-01,1.849839548531612490e-02,-2.172902024915011332e-01,-5.980686549396023732e-01,-6.722911745615782753e-01,-7.693876320729935436e-01,3.455488709427317895e-01,-3.005099291666488703e-01,2.428364890641940277e-01,4.582045011321870254e-01,6.450152640264430470e-01,-1.090878716643571833e-01,-2.633621527043527033e-01,1.802612597019329910e-01,1.234338820381903901e-01,-3.906256820987881739e-01,-4.739804780323701450e-01,-5.562193764943319518e-01,-5.599201305107503329e-02,5.862542334419349466e-01,-6.822115753358584112e-01,1.000000000000000000e+00,8.301122435302905611e-01,1.152114917501014385e-01,-6.480424869535893473e-01,-5.713840932672424877e-01,1.345334752875526896e-01,-4.232801143665279597e-01,-4.418738146448325521e-01,-7.398519926764664245e-03,-4.202386194302695777e-01,1.361448899750146158e-01,-5.952498730239595970e-01
7.918197401730722174e-01,-6.213527124397768553e-01,5.386492924022063394e-02,-1.116031463293853249e-01,-2.675551048583943783e-02,-4.591017372538166441e-01,-6.495643762244893704e-01,-7.302151670680877282e-02,-2.575248184565147591e-01,-7.115909284150659930e-01,-5.960209032977992205e-01,-8.695715941147411643e-01,3.688294284349080132e-01,-2.875635138460627682e-01,1.649291497279159191e-01,3.460449491134048317e-01,7.237422234408898980e-01,-2.548620026796600824e-01,-2.999406396586972168e-01,5.818330397314021296e-02,-2.105092106039090777e-02,-5.414202712373987758e-01,-3.629731517396888596e-01,-5.411650598264931000e-01,-2.411180606214014324e-02,5.875312740296584346e-01,-7.486937563741002943e-01,8.301122435302905611e-01,1.000000000000000000e+00,-1.956723842240118416e-02,-7.131840494610506287e-01,-4.742160632482808058e-01,3.451446490011688545e-02,-4.309295096414296200e-01,-4.206236450587891307e-01,-5.487058507732466700e-02,-4.022876865116566947e-01,2.389109872981718674e-01,-6.786123345454252442e-01
1.268899512433418475e-01,1.695831696541954814e-01,5.773379018379958261e-01,6.109183608047917824e-01,6.694985441357539369e-01,4.690327594097097597e-02,2.900168897663761292e-01,-4.265916161845858534e-01,6.591989525349244428e-01,4.838863253595128699e-01,1.935008760524020710e-02,1.497826628832088780e-01,-4.475066694829487983e-03,5.772603869903489837e-01,-4.832143016083984000e-02,7.331576231591737658e-01,-2.277970720982386635e-02,6.863096566235010743e-01,4.790202800580911635e-01,3.696805235571879455e-01,3.641379071470681739e-01,5.935892719325409628e-01,2.423461966322041361e-01,4.454151227792406686e-01,3.469881868640423694e-01,1.686741690640477520e-01,1.515605790454801760e-01,1.152114917501014385e-01,-1.956723842240118416e-02,1.000000000000000000e+00,1.153965674652444873e-01,9.376251322636140750e-02,7.422365054838572229e-01,4.948778293335334144e-01,2.750226027464087730e-01,4.749204296637252187e-01,1.797641372696368867e-01,4.664737561964141244e-01,3.813653577130324268e-01
-5.882929511823302704e-01,8.350180506453845908e-01,2.666824472717694294e-01,-4.756954286600848653e-02,4.001716960870917994e-01,6.284327595873624439e-01,6.408516683343556952e-01,-2.551972945934937176e-01,5.370749930673751615e-01,7.958976733426470496e-01,8.201571811947168111e-01,8.125562907866938911e-01,-6.506670373353037329e-01,5.592122709591412777e-01,-4.710157357343345841e-01,-2.818370627871513157e-01,-4.609101178233392937e-01,3.023701116398855304e-01,3.369118144897340072e-01,-1.259069831542603546e-01,3.435596032825278812e-01,7.026976695775977166e-01,6.804651803457412163e-01,6.348868665372725539e-01,4.656476400275962324e-01,-1.390710129158723440e-01,9.022157089700830745e-01,-6.480424869535893473e-01,-7.131840494610506287e-01,1.153965674652444873e-01,1.000000000000000000e+00,7.437029882859578223e-01,3.093442276966004156e-01,5.762134550858748483e-01,7.419042821636897544e-01,5.035524259687094162e-01,7.940481572180388969e-01,-1.885275159464230854e-02,8.659384745735023703e-01
-4.185745206642939031e-01,8.241789442425847545e-01,3.769885301276590939e-01,-2.288488091744629305e-01,3.385303892867221331e-01,6.733776539604392486e-01,4.953226555812720311e-01,-4.197257167373400488e-01,5.911191290520177999e-01,5.869730513720364806e-01,7.332298823559032508e-01,6.204328157376743924e-01,-4.675580453325458574e-01,4.717926578647595459e-01,-4.188072814700464774e-01,-2.631306085184094701e-01,-4.266814309016200846e-01,2.198003397376019630e-01,3.530365419207939781e-01,-1.134642682817702114e-01,2.102056472110079011e-01,4.948265838470928268e-01,6.124353597242843117e-01,5.760779720983030261e-01,3.435427601463699188e-01,8.289998967552431042e-02,7.566866164373463599e-01,-5.713840932672424877e-01,-4.742160632482808058e-01,9.376251322636140750e-02,7.437029882859578223e-01,1.000000000000000000e+00,2.068901877681253443e-01,5.206743300320657575e-01,7.133004644614583389e-01,4.601399208824675791e-01,7.940780265062143961e-01,2.550989701907096507e-01,6.544118850358724426e-01
8.664517661217786826e-02,2.628745439666980710e-01,7.085218728336463156e-01,3.493200160246390240e-01,7.986607895328405871e-01,1.862124013176184312e-01,2.926687669629643995e-01,-5.779036952553319173e-01,6.238670056312604073e-01,4.513317177613916931e-01,2.392160621710313906e-01,1.492522443298479051e-01,-2.228716829038610570e-01,7.364812533157372165e-01,-2.148816483089446838e-01,5.174374985222575107e-01,1.649295831000401891e-01,5.261314369980676364e-01,3.538389542700199342e-01,2.247969801053878447e-01,5.951764445604301734e-01,7.005877065477220667e-01,4.631512589824945403e-01,4.544156813664412820e-01,6.196612253968205586e-01,2.580592989912002255e-01,2.436542025564129577e-01,1.345334752875526896e-01,3.451446490011688545e-02,7.422365054838572229e-01,3.093442276966004156e-01,2.068901877681253443e-01,1.000000000000000000e+00,5.846363193408083969e-01,3.912886377172121732e-01,6.385072092102886954e-01,3.522102214290701583e-01,3.342475270274710142e-01,4.598641478135241378e-01
-4.105304353648784321e-01,5.624115524884762962e-01,4.435444097536317409e-01,1.098543374057273786e-01,5.121345826404009038e-01,4.982492801708243157e-01,6.413547540212468645e-01,-3.648361300316876887e-01,6.602519556966854886e-01,6.571577543401303512e-01,5.282321090410588837e-01,5.590889285408076059e-01,-2.449370863336660653e-01,6.634771962882709539e-01,-1.574218453534046991e-01,8.128336440302046106e-02,-2.846717648987904248e-01,3.849682827407293062e-01,3.669077592837996504e-01,1.066873820858198207e-01,1.879415555503501922e-01,7.223185706920542959e-01,5.203917017247440269e-01,6.363604042377329906e-01,3.742428729571501411e-01,-7.901368936202926574e-02,5.788915789573624293e-01,-4.232801143665279597e-01,-4.309295096414296200e-01,4.948778293335334144e-01,5.762134550858748483e-01,5.206743300320657575e-01,5.846363193408083969e-01,1.000000000000000000e+00,5.167156302709711158e-01,4.560243984058091060e-01,5.183939342736840761e-01,2.081893268708003564e-01,6.386250364167237459e-01
-3.096979695396812060e-01,7.729392336929233887e-01,4.625778722718043579e-01,3.205854420363761503e-02,5.325792307613019805e-01,5.520988625278776540e-01,4.665129771397006908e-01,-4.279373403329312930e-01,6.885036714235660549e-01,6.875234424459398808e-01,7.008453829258162182e-01,5.904382077939369644e-01,-4.934709671580430057e-01,6.153598810187681512e-01,-4.487824813601883345e-01,-6.636445835033953633e-02,-3.333849448237161672e-01,4.260960106674783199e-01,4.103588928547937664e-01,7.380247530233693953e-02,4.085361316023259914e-01,6.117358415177237552e-01,6.955921367398215649e-01,6.847421932587866023e-01,5.966099871108158093e-01,1.328995651575034243e-01,7.090203836533346404e-01,-4.418738146448325521e-01,-4.206236450587891307e-01,2.750226027464087730e-01,7.419042821636897544e-01,7.133004644614583389e-01,3.912886377172121732e-01,5.167156302709711158e-01,1.000000000000000000e+00,6.722846241706877946e-01,8.700819900864746881e-01,3.424476185975429687e-01,7.738477601484811119e-01
1.140635545958394725e-01,5.774462094708180393e-01,6.398107364580902789e-01,1.514967839097491609e-01,7.526810305393101252e-01,2.711533984946004061e-01,2.550431525375104758e-01,-5.655228269351052495e-01,7.795868471766095320e-01,5.188378630050953788e-01,3.824678515431114700e-01,2.375341958863699532e-01,-4.959355001814113040e-01,6.269594302926698726e-01,-4.260003399980118455e-01,2.292185203839939289e-01,-1.972739440301735092e-02,4.817938156619255285e-01,3.351885621962211737e-01,2.424141676328577244e-01,6.173359795626259805e-01,5.636512786897568406e-01,5.815848986058977932e-01,4.746353280360574023e-01,6.908426802577796177e-01,4.334569136578049764e-01,4.175479428036555918e-01,-7.398519926764664245e-03,-5.487058507732466700e-02,4.749204296637252187e-01,5.035524259687094162e-01,4.601399208824675791e-01,6.385072092102886954e-01,4.560243984058091060e-01,6.722846241706877946e-01,1.000000000000000000e+00,7.075518735814785298e-01,4.851267418068629933e-01,6.165997331933451564e-01
-2.777251160027285892e-01,8.289323170244704553e-01,4.263358870710790005e-01,-1.070694112286807581e-01,5.114231388795299482e-01,5.884074332363975479e-01,4.816369319855642317e-01,-4.267537406671502720e-01,6.863545910070644185e-01,6.654423238823418130e-01,7.224018310915761854e-01,5.814069773177409362e-01,-5.788954465613745937e-01,5.694711949446817911e-01,-5.042587806592986333e-01,-1.668753729426496191e-01,-3.212423985263962445e-01,3.280307365438420719e-01,3.553764250075435727e-01,5.945984660849884876e-03,3.936059707727848633e-01,5.792505641434262387e-01,6.803591399408376317e-01,6.005547610520713953e-01,5.656881561940083625e-01,2.119123420289608373e-01,7.585845892465298279e-01,-4.202386194302695777e-01,-4.022876865116566947e-01,1.797641372696368867e-01,7.940481572180388969e-01,7.940780265062143961e-01,3.522102214290701583e-01,5.183939342736840761e-01,8.700819900864746881e-01,7.075518735814785298e-01,1.000000000000000000e+00,2.777963317762713324e-01,7.572115444378857418e-01
3.551738797742720610e-01,2.882938484686466407e-01,6.045824134634052438e-01,2.787540755039146778e-01,4.694525643683064020e-01,1.437862828874636456e-01,9.151614813621103406e-02,-5.753756348694458733e-01,5.888520891219142239e-01,1.641478799423177759e-01,1.412181903702786415e-02,-8.416924863139131630e-02,8.608420723578449896e-02,3.415475306234170838e-01,-2.664721180732388880e-02,4.925450448719490004e-01,7.758982245760137619e-02,4.838756875796820234e-01,4.371244218232884227e-01,4.017032556604429594e-01,2.463082235301339018e-01,1.963039096784422177e-01,2.302919407494853077e-01,3.256741766987170106e-01,3.656333848547656529e-01,4.987253881610031470e-01,3.462526534202939321e-03,1.361448899750146158e-01,2.389109872981718674e-01,4.664737561964141244e-01,-1.885275159464230854e-02,2.550989701907096507e-01,3.342475270274710142e-01,2.081893268708003564e-01,3.424476185975429687e-01,4.851267418068629933e-01,2.777963317762713324e-01,1.000000000000000000e+00,2.071804505229564164e-01
-5.148412341095349731e-01,8.346486965635564470e-01,4.326843335227791298e-01,2.183434073941614428e-01,5.655377469223309417e-01,5.617880912820344408e-01,6.707353503106889825e-01,-3.674590101074863835e-01,7.026520937450849713e-01,8.866534908071876941e-01,7.496768544679029977e-01,7.955469380510977739e-01,-5.485702024581271541e-01,6.753623147233035473e-01,-3.972432906258537844e-01,-2.740631938617388297e-02,-4.628022411494449040e-01,5.421465523320923019e-01,5.046649137263345963e-01,9.626839589042955614e-02,4.271724250542272006e-01,8.087422691444466905e-01,6.930593018650917925e-01,7.451363479067780737e-01,5.560740001939480370e-01,-1.351260173912945117e-01,8.311106220654733701e-01,-5.952498730239595970e-01,-6.786123345454252442e-01,3.813653577130324268e-01,8.659384745735023703e-01,6.544118850358724426e-01,4.598641478135241378e-01,6.386250364167237459e-01,7.738477601484811119e-01,6.165997331933451564e-01,7.572115444378857418e-01,2.071804505229564164e-01,1.000000000000000000e+00
