1.000000000000000000e+00,2.867734734292674559e-01,8.061979235827274604e-01,3.446219915969960801e-01,7.538619441597399495e-01,-6.697435610288230423e-01,-8.809657068103442235e-02,-7.587584118129037103e-01,8.285246413231110996e-01,5.906063024884380397e-01,-7.511349456104491340e-01,6.223261713265468842e-01,-8.188677992810625694e-01,1.256513107739510027e-01,-8.268010308359974303e-01,9.065911466617635472e-01,-5.707507668216772467e-01,8.759397671941603347e-01,7.230194644052659880e-01,8.526732372917672498e-01,3.588545304813307024e-01,6.139727737578269950e-01,-3.464974390894838274e-01,7.612058989764669548e-01,-4.966397416702115208e-01,7.253469881893566118e-01,7.165439339515494721e-01,6.287501448727338405e-01,1.319251405441519524e-02,8.260691089599866421e-01,5.116970243701355336e-01,-6.509376294796637152e-01,-2.157381751498487765e-01,8.445577615075364752e-01,-1.277305117827155501e-01,-6.180935558656782680e-01,-3.775889996792008430e-01,9.045313409119212222e-01,6.748483634515827223e-01
2.867734734292674559e-01,1.000000000000000000e+00,2.884837834577435034e-01,6.602441861391871170e-01,3.034571574956485551e-01,-5.319458282213297418e-01,5.222970094494244070e-02,-1.614470212278893702e-01,5.666603315595417634e-01,7.995692898776461943e-01,-4.825056503887271142e-01,4.707125009050358577e-01,3.688260140700386300e-03,-4.814923709498421522e-01,-5.163514980580199421e-01,4.010177491374042891e-01,-6.510246064423126366e-01,4.578030111997226648e-01,5.960373684346104151e-01,9.213727121232041448e-03,-3.872637348511930311e-01,4.012429125137013664e-01,-5.741779753775533290e-01,2.869512501036466934e-01,-6.202649916636464589e-01,-2.181849248453091583e-01,7.132033488712659075e-01,-3.220051377445556917e-01,-7.336435414693323054e-01,5.679232247462311367e-01,3.331047446822356095e-01,2.357933519320465077e-01,-3.630204839481342982e-01,3.780200768538352629e-01,-5.589589333750010214e-01,-3.926658093524654780e-01,-5.325065929835485212e-01,4.341897740671498140e-01,6.947502534976993660e-01
8.061979235827274604e-01,2.884837834577435034e-01,1.000000000000000000e+00,3.738718675706086403e-01,9.033459403642694063e-01,-5.223388957318767511e-01,2.587147765755340445e-02,-9.468917547086191933e-01,7.384961426857840072e-01,5.983413258342287211e-01,-6.148268016702006511e-01,5.463256903500114392e-01,-5.910502569841412646e-01,2.738556232098198762e-01,-8.063368588113518642e-01,8.076072464592778388e-01,-4.623997781139559948e-01,8.312709227386055888e-01,6.396554368904845411e-01,7.362034756770703403e-01,5.136144223198757519e-01,7.586884579992830835e-01,-1.621226937368583088e-01,7.061443562735043589e-01,-3.464505879575284775e-01,6.414897424928818204e-01,6.739928782404659424e-01,6.339649682754876503e-01,4.344290940607106744e-02,7.458441765576415694e-01,6.245321805097499013e-01,-3.714540188895739670e-01,1.182024273672172138e-01,7.758455672803028502e-01,-5.684353371025522433e-03,-4.426371428881121783e-01,-2.147967657232526528e-01,7.712565942942513075e-01,5.592406687712201396e-01
3.446219915969960801e-01,6.602441861391871170e-01,3.738718675706086403e-01,1.000000000000000000e+00,3.946318673944808619e-01,-6.897669723948867126e-01,2.574596351476496903e-01,-2.217034512754559317e-01,6.698833020006064176e-01,7.968959685504711787e-01,-6.673886433941861318e-01,5.628648353793800352e-01,-1.944900842967265397e-01,-5.882264159888093147e-01,-6.758863805887367349e-01,5.361237142593929805e-01,-7.559484820571028552e-01,6.276664436200476427e-01,7.629877169909388135e-01,1.988369361871974161e-01,-3.555869500120313886e-01,5.284656317694904626e-01,-6.836844546077862628e-01,3.055874800365495636e-01,-7.642957349082841745e-01,-2.293774794624643398e-01,6.763558065117767359e-01,-2.476896338798619535e-01,-7.358274517152637584e-01,6.808737801661520761e-01,3.686381778045625945e-01,-3.650587272364402142e-02,-5.017473596451087481e-01,5.116212088446354667e-01,-6.863336523425173086e-01,-6.571850196689166257e-01,-7.387435822369164962e-01,5.734348898481490542e-01,7.824364222081582332e-01
7.538619441597399495e-01,3.034571574956485551e-01,9.033459403642694063e-01,3.946318673944808619e-01,1.000000000000000000e+00,-4.840224084103751934e-01,6.787837645641023321e-02,-8.781377749426733104e-01,7.003569821196220513e-01,5.960985830503229277e-01,-5.641776718119068113e-01,4.895106514490651373e-01,-5.419061485398057876e-01,2.754615061956746658e-01,-7.706570444251545915e-01,7.655920946818089989e-01,-4.277799538542221280e-01,7.717484167057615529e-01,5.789660300492190936e-01,6.408446592996633884e-01,3.975692576367199083e-01,6.285763795872416626e-01,-1.599826057505565613e-01,6.445604194000192910e-01,-3.390994984304977478e-01,5.639880625255467850e-01,6.381821344540257179e-01,5.588206379764846243e-01,2.727592077396378406e-02,7.174535386114752056e-01,6.465185699257384178e-01,-3.113405087202339994e-01,1.205530305500637084e-01,7.400298402265330644e-01,-1.895959166290712983e-02,-4.116629714783714422e-01,-2.144954854446494419e-01,7.117917896353181950e-01,5.259011819374825869e-01
-6.697435610288230423e-01,-5.319458282213297418e-01,-5.223388957318767511e-01,-6.897669723948867126e-01,-4.840224084103751934e-01,1.000000000000000000e+00,1.115335183096106096e-02,3.978035139663866904e-01,-8.595012339133759616e-01,-7.763346343058201704e-01,9.321373624698011673e-01,-8.065728514959858986e-01,6.529442928133544211e-01,5.028529189443868841e-01,7.405254076788638784e-01,-7.847495965973161347e-01,9.286463211619432334e-01,-7.882817497474015056e-01,-8.462428952675506988e-01,-5.860085198718085753e-01,1.161388281714584580e-01,-5.893644695525914745e-01,8.261488195754728148e-01,-5.660488948116728647e-01,9.052911953243859555e-01,-1.600579855978410959e-01,-7.776908634531992659e-01,-6.141990718248532127e-02,5.638897783039632516e-01,-8.412274534365525858e-01,-3.907929813457796664e-01,5.026806687977769528e-01,6.352597485993352056e-01,-8.133817952778860105e-01,7.217775447807840417e-01,8.662819502945779959e-01,8.661670851810715499e-01,-8.338072625715130526e-01,-8.921686256317776786e-01
-8.809657068103442235e-02,5.222970094494244070e-02,2.587147765755340445e-02,2.574596351476496903e-01,6.787837645641023321e-02,1.115335183096106096e-02,1.000000000000000000e+00,-1.568825540924366144e-02,3.956777005894244158e-03,9.772490580327870824e-02,5.119771443136496205e-04,-1.785852527689194558e-01,1.333322052659673684e-01,-8.742101187377976368e-02,-7.637627032217648992e-02,-2.199931373951909824e-02,-8.804839853360961824e-03,4.289892376623240244e-02,9.409539327025806532e-02,-3.378156364727680910e-02,-1.595435559445479157e-01,5.503863990915205950e-02,-4.624640378555383569e-02,-1.737639348667918693e-01,-8.548795296816505407e-02,-1.821662339207906489e-01,5.057662845048929712e-02,-8.045445578129584163e-02,-1.336074897523812921e-01,3.258368704611632610e-02,7.767450093810918110e-02,2.314851290907651571e-01,-6.251830633385223497e-03,-7.053714064217644908e-02,-5.391829423619295264e-02,-3.017520784160163116e-02,-5.858934307200160813e-02,-4.130260842136485727e-02,4.517509846069613783e-02
-7.587584118129037103e-01,-1.614470212278893702e-01,-9.468917547086191933e-01,-2.217034512754559317e-01,-8.781377749426733104e-01,3.978035139663866904e-01,-1.568825540924366144e-02,1.000000000000000000e+00,-6.319641157012783061e-01,-4.689017401349077629e-01,5.049476388203445465e-01,-4.423881220919024249e-01,5.708497934780117911e-01,-4.101406176249503543e-01,7.040979065418087046e-01,-7.348346038140136649e-01,3.204214969279030600e-01,-7.399818099651047643e-01,-5.150283885213406965e-01,-7.212011278592814767e-01,-5.828635995111185464e-01,-6.621412928405617793e-01,1.576181544908153084e-02,-6.494907737191836228e-01,2.042934111960495180e-01,-7.026379271506824065e-01,-5.719845558054417189e-01,-6.987432411383411868e-01,-1.963955374613707283e-01,-6.427644784709302117e-01,-5.945598328996551940e-01,3.518950485167650077e-01,-2.276608352579795325e-01,-6.961160146791968151e-01,-1.508296988699250329e-01,3.130231425988160843e-01,6.613397679468947798e-02,-6.800790410319301760e-01,-4.253168514286290725e-01
8.285246413231110996e-01,5.666603315595417634e-01,7.384961426857840072e-01,6.698833020006064176e-01,7.003569821196220513e-01,-8.595012339133759616e-01,3.956777005894244158e-03,-6.319641157012783061e-01,1.000000000000000000e+00,8.481494815320619329e-01,-9.140782233500340803e-01,8.068451498937539990e-01,-7.104259941489540209e-01,-2.133844585719616715e-01,-8.987087032733092062e-01,9.043347950191121809e-01,-8.516081941339890271e-01,9.159562877275907455e-01,8.992295241361530911e-01,7.049844714696625880e-01,2.368933000983178532e-03,6.745626416230920963e-01,-6.305478933478709802e-01,7.421857385312563560e-01,-7.723845231059921490e-01,3.787044707966388257e-01,8.923947828235100355e-01,2.662653611465600756e-01,-4.108686403847173207e-01,9.460929856322858322e-01,5.329400053702567641e-01,-4.473435994597984022e-01,-4.858442951764659345e-01,9.168975025141943291e-01,-4.910108071805361907e-01,-7.897746601081752083e-01,-6.651792255678280474e-01,9.378959474227090976e-01,9.176050445538929123e-01
5.906063024884380397e-01,7.995692898776461943e-01,5.983413258342287211e-01,7.968959685504711787e-01,5.960985830503229277e-01,-7.763346343058201704e-01,9.772490580327870824e-02,-4.689017401349077629e-01,8.481494815320619329e-01,1.000000000000000000e+00,-7.906035092086920457e-01,6.933082011116069587e-01,-3.800260625854441909e-01,-4.021647562733773884e-01,-8.051516241247552719e-01,7.475402873228990108e-01,-8.359546951450679275e-01,7.898610724351166068e-01,8.644666837349589406e-01,3.899424255485002266e-01,-2.121002622503223300e-01,6.309638675947932818e-01,-6.649240197340819947e-01,5.551299428117376644e-01,-7.831937836338422887e-01,3.688470245144630927e-02,8.773703321892709628e-01,-2.239002896253540140e-02,-6.582450104173932504e-01,8.536366474214267530e-01,5.911413483081431330e-01,-8.411595522354718690e-02,-4.603995561917278989e-01,7.113452133902187224e-01,-5.881075359285177218e-01,-6.897681359407651369e-01,-6.783709347797284295e-01,7.541822377309347347e-01,9.002274228379415488e-01
-7.511349456104491340e-01,-4.825056503887271142e-01,-6.148268016702006511e-01,-6.673886433941861318e-01,-5.641776718119068113e-01,9.321373624698011673e-01,5.119771443136496205e-04,5.049476388203445465e-01,-9.140782233500340803e-01,-7.906035092086920457e-01,1.000000000000000000e+00,-8.476478480699197737e-01,7.396865118448090470e-01,3.627251555414018336e-01,7.994597882535952049e-01,-8.580664571196373602e-01,9.102466993092541703e-01,-8.571322093222066840e-01,-8.690805234390922562e-01,-6.872548006831560308e-01,5.502504941087015683e-02,-6.208793509602725802e-01,7.420378950228035952e-01,-6.495600207840170892e-01,8.671301433361296995e-01,-2.757373201053887612e-01,-8.148721766667382793e-01,-1.835945721919527984e-01,4.806612669329916043e-01,-8.958107427098936926e-01,-4.538253607425970504e-01,5.257861338288667419e-01,6.260239873194385352e-01,-8.833653552091567107e-01,6.183290137236514550e-01,8.642703884075820797e-01,7.845431998705442167e-01,-8.941306220316739273e-01,-9.095465757557247288e-01
6.223261713265468842e-01,4.707125009050358577e-01,5.463256903500114392e-01,5.628648353793800352e-01,4.895106514490651373e-01,-8.065728514959858986e-01,-1.785852527689194558e-01,-4.423881220919024249e-01,8.068451498937539990e-01,6.933082011116069587e-01,-8.476478480699197737e-01,1.000000000000000000e+00,-5.905328832520105875e-01,-3.023718988769390492e-01,-6.583472830591946545e-01,7.393776324117944387e-01,-8.084907675720606202e-01,7.214788950100754494e-01,6.993946954686881545e-01,6.056402114843798534e-01,-1.650804683878105347e-02,6.180447915657162339e-01,-6.527505955174174312e-01,6.209281751412411010e-01,-7.605019038718009439e-01,2.256317171266583321e-01,7.365097349238481916e-01,1.513264442650442965e-01,-4.274212599769863230e-01,7.890931362401010229e-01,3.494387820504347708e-01,-4.544276083925693488e-01,-5.183014949038182717e-01,8.156362726253574280e-01,-5.513406139398310257e-01,-7.782444441048241845e-01,-6.647290316188231296e-01,7.588942544297964110e-01,7.926119278669918611e-01
-8.188677992810625694e-01,3.688260140700386300e-03,-5.910502569841412646e-01,-1.944900842967265397e-01,-5.419061485398057876e-01,6.529442928133544211e-01,1.333322052659673684e-01,5.708497934780117911e-01,-7.104259941489540209e-01,-3.800260625854441909e-01,7.396865118448090470e-01,-5.905328832520105875e-01,1.000000000000000000e+00,-1.055556308922270536e-01,6.174789011867063415e-01,-7.921417966352366502e-01,5.319439073652366679e-01,-7.146981666757405982e-01,-5.972463614597229853e-01,-8.286176375137329631e-01,-2.532500108826609142e-01,-3.662957037779011049e-01,3.507275795510917393e-01,-6.936595828342762005e-01,4.761816192053880958e-01,-6.768010115497453683e-01,-5.615955668994521144e-01,-5.567890525163866622e-01,-8.135971558293465800e-02,-6.956299377287269436e-01,-4.282889810080748316e-01,7.960289608123480853e-01,4.075013447137145750e-01,-8.049875493154330375e-01,1.613713898022590409e-01,6.508735639129096251e-01,4.112907611557047871e-01,-7.919758409758197448e-01,-5.696474649306590976e-01
1.256513107739510027e-01,-4.814923709498421522e-01,2.738556232098198762e-01,-5.882264159888093147e-01,2.754615061956746658e-01,5.028529189443868841e-01,-8.742101187377976368e-02,-4.101406176249503543e-01,-2.133844585719616715e-01,-4.021647562733773884e-01,3.627251555414018336e-01,-3.023718988769390492e-01,-1.055556308922270536e-01,1.000000000000000000e+00,1.171152415625584114e-01,-2.867821377677026717e-02,5.719641762147716912e-01,-9.774508479449391107e-02,-3.717538300611418212e-01,2.010057073778173109e-01,6.027981404128320841e-01,-1.084262444348048499e-01,7.738134951632138492e-01,1.930212122972850552e-01,6.625418221738297309e-01,6.026631236520613166e-01,-2.251159848365242577e-01,6.366694287577926437e-01,8.366583001594183333e-01,-1.995510094440015869e-01,1.457121960918159320e-01,-5.453703082746211989e-02,6.592073130070602582e-01,-3.852742918302425740e-02,8.386657753676806104e-01,4.581308944913241032e-01,7.408621825348138401e-01,-1.349289492335821183e-01,-4.650342872500375924e-01
-8.268010308359974303e-01,-5.163514980580199421e-01,-8.063368588113518642e-01,-6.758863805887367349e-01,-7.706570444251545915e-01,7.405254076788638784e-01,-7.637627032217648992e-02,7.040979065418087046e-01,-8.987087032733092062e-01,-8.051516241247552719e-01,7.994597882535952049e-01,-6.583472830591946545e-01,6.174789011867063415e-01,1.171152415625584114e-01,1.000000000000000000e+00,-8.745438831991245721e-01,7.235090674021112944e-01,-9.345089647090942808e-01,-8.736706592574057240e-01,-6.894386959908576085e-01,-1.532901747455036878e-01,-7.445530576702488190e-01,4.820401157277491300e-01,-6.919268007391745634e-01,6.331059833360790368e-01,-4.349944944868053831e-01,-8.212507922753556899e-01,-3.843071247288247783e-01,3.083203116119620502e-01,-8.809440443898653994e-01,-5.796089059327611537e-01,3.826662481909395841e-01,2.853987021636517074e-01,-8.267121974632833936e-01,3.371128429292585271e-01,6.790431866238066938e-01,5.262637254082832561e-01,-9.057413531965634590e-01,-8.194295865478720131e-01
9.065911466617635472e-01,4.010177491374042891e-01,8.076072464592778388e-01,5.361237142593929805e-01,7.655920946818089989e-01,-7.847495965973161347e-01,-2.199931373951909824e-02,-7.348346038140136649e-01,9.043347950191121809e-01,7.475402873228990108e-01,-8.580664571196373602e-01,7.393776324117944387e-01,-7.921417966352366502e-01,-2.867821377677026717e-02,-8.745438831991245721e-01,1.000000000000000000e+00,-7.072558912826606425e-01,9.309065798923854551e-01,8.249153796792531024e-01,7.949958117029863880e-01,2.054837608389085413e-01,6.575862338822506814e-01,-4.788744891860150510e-01,7.807349534534284707e-01,-6.570063689033083243e-01,5.623760721891177816e-01,8.216968940392608278e-01,4.956000533415654830e-01,-1.815445701314138960e-01,9.271136180216809075e-01,6.252900127952966125e-01,-5.779937309882797747e-01,-3.398648863413508137e-01,8.936671461676217731e-01,-3.014362777853072384e-01,-7.383176157087686375e-01,-5.346299210061740137e-01,9.251432592349845274e-01,7.966753333782582436e-01
-5.707507668216772467e-01,-6.510246064423126366e-01,-4.623997781139559948e-01,-7.559484820571028552e-01,-4.277799538542221280e-01,9.286463211619432334e-01,-8.804839853360961824e-03,3.204214969279030600e-01,-8.516081941339890271e-01,-8.359546951450679275e-01,9.102466993092541703e-01,-8.084907675720606202e-01,5.319439073652366679e-01,5.719641762147716912e-01,7.235090674021112944e-01,-7.072558912826606425e-01,1.000000000000000000e+00,-7.418407812322448391e-01,-8.480329942963182877e-01,-4.679139066800037661e-01,2.548182880763381619e-01,-5.751396665279938647e-01,8.488039738418028390e-01,-5.240958499009401583e-01,9.181530967530217024e-01,-8.782749792690319052e-03,-7.946685706175002917e-01,9.844848839637480864e-02,6.986897607028118573e-01,-8.159757632922109982e-01,-3.565181269621239268e-01,3.283793245881934109e-01,6.870292828169339838e-01,-7.699105605778220340e-01,7.849479653037716442e-01,8.287316197848125787e-01,8.687402978717824187e-01,-7.851476137161483848e-01,-9.257043878211488330e-01
8.759397671941603347e-01,4.578030111997226648e-01,8.312709227386055888e-01,6.276664436200476427e-01,7.717484167057615529e-01,-7.882817497474015056e-01,4.289892376623240244e-02,-7.399818099651047643e-01,9.159562877275907455e-01,7.898610724351166068e-01,-8.571322093222066840e-01,7.214788950100754494e-01,-7.146981666757405982e-01,-9.774508479449391107e-02,-9.345089647090942808e-01,9.309065798923854551e-01,-7.418407812322448391e-01,1.000000000000000000e+00,8.914432442974479232e-01,7.741140634682408539e-01,2.071052188725968635e-01,7.414066963392565990e-01,-5.106937053740122634e-01,7.171140771555709614e-01,-6.665246377254796517e-01,4.964840996590311195e-01,8.354989845957059291e-01,4.555741963487660584e-01,-2.637930963921715777e-01,9.158481286711422920e-01,6.185509082307802942e-01,-4.993989201571888414e-01,-3.245341410616524036e-01,8.704969252480224684e-01,-3.377906148959625710e-01,-7.383641426167879551e-01,-5.502242620356555536e-01,9.332904605446162849e-01,8.299450506831815844e-01
7.230194644052659880e-01,5.960373684346104151e-01,6.396554368904845411e-01,7.629877169909388135e-01,5.789660300492190936e-01,-8.462428952675506988e-01,9.409539327025806532e-02,-5.150283885213406965e-01,8.992295241361530911e-01,8.644666837349589406e-01,-8.690805234390922562e-01,6.993946954686881545e-01,-5.972463614597229853e-01,-3.717538300611418212e-01,-8.736706592574057240e-01,8.249153796792531024e-01,-8.480329942963182877e-01,8.914432442974479232e-01,1.000000000000000000e+00,5.901774042601922732e-01,-9.913911637685604572e-02,6.459866465423896864e-01,-6.931703246070670676e-01,6.056461577524353546e-01,-7.865331562875855775e-01,2.127721725406489517e-01,8.635188913903106833e-01,1.405150379173025488e-01,-5.223427015599014789e-01,8.894661461174714345e-01,5.718934036606181381e-01,-3.789357854940684778e-01,-5.478772120369765908e-01,7.898735498976905411e-01,-5.565690215406259300e-01,-8.114217414421697194e-01,-7.149315703673645439e-01,8.710455980993123681e-01,9.185045729333082276e-01
8.526732372917672498e-01,9.213727121232041448e-03,7.362034756770703403e-01,1.988369361871974161e-01,6.408446592996633884e-01,-5.860085198718085753e-01,-3.378156364727680910e-02,-7.212011278592814767e-01,7.049844714696625880e-01,3.899424255485002266e-01,-6.872548006831560308e-01,6.056402114843798534e-01,-8.286176375137329631e-01,2.010057073778173109e-01,-6.894386959908576085e-01,7.949958117029863880e-01,-4.679139066800037661e-01,7.741140634682408539e-01,5.901774042601922732e-01,1.000000000000000000e+00,4.797061387355477380e-01,6.092296304542701435e-01,-2.538772116724018479e-01,6.414917675812180642e-01,-3.982882766340878899e-01,7.610661936261475802e-01,5.404706520858089114e-01,7.272670913315467667e-01,1.698091873079000391e-01,6.829683189592353765e-01,3.726487412470774752e-01,-7.147717244087622435e-01,-1.827912109256151774e-01,7.921675368661219574e-01,-4.196459210041723897e-02,-5.630271715830331702e-01,-2.887734478063076482e-01,8.082748019123952021e-01,5.277199463286952330e-01
3.588545304813307024e-01,-3.872637348511930311e-01,5.136144223198757519e-01,-3.555869500120313886e-01,3.975692576367199083e-01,1.161388281714584580e-01,-1.595435559445479157e-01,-5.828635995111185464e-01,2.368933000983178532e-03,-2.121002622503223300e-01,5.502504941087015683e-02,-1.650804683878105347e-02,-2.532500108826609142e-01,6.027981404128320841e-01,-1.532901747455036878e-01,2.054837608389085413e-01,2.548182880763381619e-01,2.071052188725968635e-01,-9.913911637685604572e-02,4.797061387355477380e-01,1.000000000000000000e+00,4.310590728665558702e-01,4.190051838527449335e-01,2.614858675037612379e-01,3.372890079304538546e-01,7.126937100188284191e-01,-8.416729626335556214e-02,8.158315950775241188e-01,6.469495594435421548e-01,4.852872235114220889e-03,1.691758807267020881e-01,-3.224617871565822469e-01,6.372684182390414565e-01,1.720260596333004766e-01,5.355081708992820433e-01,1.500593867587540209e-01,4.001945360050520595e-01,1.592339409278223372e-01,-2.397506330460759116e-01
6.139727737578269950e-01,4.012429125137013664e-01,7.586884579992830835e-01,5.284656317694904626e-01,6.285763795872416626e-01,-5.893644695525914745e-01,5.503863990915205950e-02,-6.621412928405617793e-01,6.745626416230920963e-01,6.309638675947932818e-01,-6.208793509602725802e-01,6.180447915657162339e-01,-3.662957037779011049e-01,-1.084262444348048499e-01,-7.445530576702488190e-01,6.575862338822506814e-01,-5.751396665279938647e-01,7.414066963392565990e-01,6.459866465423896864e-01,6.092296304542701435e-01,4.310590728665558702e-01,1.000000000000000000e+00,-3.744189059365840566e-01,5.476960285937416684e-01,-4.985087718922220912e-01,3.471046234626685711e-01,6.245999789070790786e-01,3.870014625036636291e-01,-2.539709540488392925e-01,6.516247951100011537e-01,4.346673908726000346e-01,-2.332835810197011472e-01,-1.357029148390907075e-02,6.631447799047853753e-01,-2.804660810630431045e-01,-5.265732685093503784e-01,-3.901682304807163049e-01,6.952631675735577721e-01,6.001255567433440019e-01
-3.464974390894838274e-01,-5.741779753775533290e-01,-1.621226937368583088e-01,-6.836844546077862628e-01,-1.599826057505565613e-01,8.261488195754728148e-01,-4.624640378555383569e-02,1.576181544908153084e-02,-6.305478933478709802e-01,-6.649240197340819947e-01,7.420378950228035952e-01,-6.527505955174174312e-01,3.507275795510917393e-01,7.738134951632138492e-01,4.820401157277491300e-01,-4.788744891860150510e-01,8.488039738418028390e-01,-5.106937053740122634e-01,-6.931703246070670676e-01,-2.538772116724018479e-01,4.190051838527449335e-01,-3.744189059365840566e-01,1.000000000000000000e+00,-2.101972242806410263e-01,9.149990917653720857e-01,2.255297347613177961e-01,-5.853992963324131660e-01,2.889532347271595580e-01,7.734845902754343694e-01,-6.284016941378568477e-01,-1.503678653999244719e-01,2.743652050026395561e-01,7.478479024285515919e-01,-5.116707470699176641e-01,8.795075943888600589e-01,7.860591368020948266e-01,8.879391469623727495e-01,-5.612594122264168428e-01,-7.797015703419694077e-01
7.612058989764669548e-01,2.869512501036466934e-01,7.061443562735043589e-01,3.055874800365495636e-01,6.445604194000192910e-01,-5.660488948116728647e-01,-1.737639348667918693e-01,-6.494907737191836228e-01,7.421857385312563560e-01,5.551299428117376644e-01,-6.495600207840170892e-01,6.209281751412411010e-01,-6.936595828342762005e-01,1.930212122972850552e-01,-6.919268007391745634e-01,7.807349534534284707e-01,-5.240958499009401583e-01,7.171140771555709614e-01,6.056461577524353546e-01,6.414917675812180642e-01,2.614858675037612379e-01,5.476960285937416684e-01,-2.101972242806410263e-01,1.000000000000000000e+00,-3.912033540087608285e-01,5.819345509628264246e-01,6.966854608026713525e-01,4.390742663533084844e-01,-9.058057212546047387e-04,7.328512099043396066e-01,5.297125787895379245e-01,-4.801827124722348739e-01,-1.646732926291097909e-01,8.050873003761644942e-01,-1.152432124658003959e-01,-5.851857272828283607e-01,-3.042845564640694334e-01,7.523253564480647526e-01,5.946466513776313967e-01
-4.966397416702115208e-01,-6.202649916636464589e-01,-3.464505879575284775e-01,-7.642957349082841745e-01,-3.390994984304977478e-01,9.052911953243859555e-01,-8.548795296816505407e-02,2.042934111960495180e-01,-7.723845231059921490e-01,-7.831937836338422887e-01,8.671301433361296995e-01,-7.605019038718009439e-01,4.761816192053880958e-01,6.625418221738297309e-01,6.331059833360790368e-01,-6.570063689033083243e-01,9.181530967530217024e-01,-6.665246377254796517e-01,-7.865331562875855775e-01,-3.982882766340878899e-01,3.372890079304538546e-01,-4.985087718922220912e-01,9.149990917653720857e-01,-3.912033540087608285e-01,1.000000000000000000e+00,8.626750591657611489e-02,-7.237224147671148522e-01,1.568824902660085618e-01,7.347714927809643193e-01,-7.784164138367759556e-01,-2.945598802366815039e-01,3.175833572598864563e-01,7.332676847998000902e-01,-6.715963363211669979e-01,8.383476273528158718e-01,8.464108001686942995e-01,9.060968207613105951e-01,-7.005066357980774816e-01,-8.797173386510838133e-01
7.253469881893566118e-01,-2.181849248453091583e-01,6.414897424928818204e-01,-2.293774794624643398e-01,5.639880625255467850e-01,-1.600579855978410959e-01,-1.821662339207906489e-01,-7.026379271506824065e-01,3.787044707966388257e-01,3.688470245144630927e-02,-2.757373201053887612e-01,2.256317171266583321e-01,-6.768010115497453683e-01,6.026631236520613166e-01,-4.349944944868053831e-01,5.623760721891177816e-01,-8.782749792690319052e-03,4.964840996590311195e-01,2.127721725406489517e-01,7.610661936261475802e-01,7.126937100188284191e-01,3.471046234626685711e-01,2.255297347613177961e-01,5.819345509628264246e-01,8.626750591657611489e-02,1.000000000000000000e+00,2.769264830181493164e-01,9.002578861665777588e-01,5.920812672046239511e-01,3.681177595256379664e-01,3.169991660709891579e-01,-5.982441771254837226e-01,2.442227826728463891e-01,5.175660891639577432e-01,4.332762758664001068e-01,-1.367695526695031361e-01,1.960474157758446134e-01,5.250330107145212422e-01,1.105672072526200922e-01
7.165439339515494721e-01,7.132033488712659075e-01,6.739928782404659424e-01,6.763558065117767359e-01,6.381821344540257179e-01,-7.776908634531992659e-01,5.057662845048929712e-02,-5.719845558054417189e-01,8.923947828235100355e-01,8.773703321892709628e-01,-8.148721766667382793e-01,7.365097349238481916e-01,-5.615955668994521144e-01,-2.251159848365242577e-01,-8.212507922753556899e-01,8.216968940392608278e-01,-7.946685706175002917e-01,8.354989845957059291e-01,8.635188913903106833e-01,5.404706520858089114e-01,-8.416729626335556214e-02,6.245999789070790786e-01,-5.853992963324131660e-01,6.966854608026713525e-01,-7.237224147671148522e-01,2.769264830181493164e-01,1.000000000000000000e+00,1.524693477495843719e-01,-4.683368691806971684e-01,8.892961560180956404e-01,6.435470794772858438e-01,-2.457289290185439012e-01,-4.518213438328719800e-01,8.146166129294539759e-01,-4.470948060412010538e-01,-6.978905251199872817e-01,-5.949604056536785812e-01,8.232660349637057617e-01,8.840563241878307554e-01
6.287501448727338405e-01,-3.220051377445556917e-01,6.339649682754876503e-01,-2.476896338798619535e-01,5.588206379764846243e-01,-6.141990718248532127e-02,-8.045445578129584163e-02,-6.987432411383411868e-01,2.662653611465600756e-01,-2.239002896253540140e-02,-1.835945721919527984e-01,1.513264442650442965e-01,-5.567890525163866622e-01,6.366694287577926437e-01,-3.843071247288247783e-01,4.956000533415654830e-01,9.844848839637480864e-02,4.555741963487660584e-01,1.405150379173025488e-01,7.272670913315467667e-01,8.158315950775241188e-01,3.870014625036636291e-01,2.889532347271595580e-01,4.390742663533084844e-01,1.568824902660085618e-01,9.002578861665777588e-01,1.524693477495843719e-01,1.000000000000000000e+00,6.355645834967840191e-01,2.828025306225711577e-01,3.525867360403850403e-01,-5.189187998385293987e-01,3.701153059206458984e-01,4.073092258928505127e-01,5.011419918816589769e-01,-7.221102223400102660e-02,2.825202634640017751e-01,4.202191497918583707e-01,-1.946759852550590834e-03
1.319251405441519524e-02,-7.336435414693323054e-01,4.344290940607106744e-02,-7.358274517152637584e-01,2.727592077396378406e-02,5.638897783039632516e-01,-1.336074897523812921e-01,-1.963955374613707283e-01,-4.108686403847173207e-01,-6.582450104173932504e-01,4.806612669329916043e-01,-4.274212599769863230e-01,-8.135971558293465800e-02,8.366583001594183333e-01,3.083203116119620502e-01,-1.815445701314138960e-01,6.986897607028118573e-01,-2.637930963921715777e-01,-5.223427015599014789e-01,1.698091873079000391e-01,6.469495594435421548e-01,-2.539709540488392925e-01,7.734845902754343694e-01,-9.058057212546047387e-04,7.347714927809643193e-01,5.920812672046239511e-01,-4.683368691806971684e-01,6.355645834967840191e-01,1.000000000000000000e+00,-3.926836310683143871e-01,-9.450738343070638758e-02,-2.098888155988957172e-01,6.404823597895529241e-01,-2.181862570741444074e-01,8.522504351695575631e-01,4.910163112504888905e-01,7.426742362157228161e-01,-2.661178426335540359e-01,-6.432413768374115604e-01
8.260691089599866421e-01,5.679232247462311367e-01,7.458441765576415694e-01,6.808737801661520761e-01,7.174535386114752056e-01,-8.412274534365525858e-01,3.258368704611632610e-02,-6.427644784709302117e-01,9.460929856322858322e-01,8.536366474214267530e-01,-8.958107427098936926e-01,7.890931362401010229e-01,-6.956299377287269436e-01,-1.995510094440015869e-01,-8.809440443898653994e-01,9.271136180216809075e-01,-8.159757632922109982e-01,9.158481286711422920e-01,8.894661461174714345e-01,6.829683189592353765e-01,4.852872235114220889e-03,6.516247951100011537e-01,-6.284016941378568477e-01,7.328512099043396066e-01,-7.784164138367759556e-01,3.681177595256379664e-01,8.892961560180956404e-01,2.828025306225711577e-01,-3.926836310683143871e-01,1.000000000000000000e+00,5.723706949878687444e-01,-4.460576127210751363e-01,-4.571027989885265153e-01,8.839441006798052225e-01,-4.757662441632438677e-01,-8.013327913581395068e-01,-6.561453865979306466e-01,9.115870764652004299e-01,8.980633398558146574e-01
5.116970243701355336e-01,3.331047446822356095e-01,6.245321805097499013e-01,3.686381778045625945e-01,6.465185699257384178e-01,-3.907929813457796664e-01,7.767450093810918110e-02,-5.945598328996551940e-01,5.329400053702567641e-01,5.911413483081431330e-01,-4.538253607425970504e-01,3.494387820504347708e-01,-4.282889810080748316e-01,1.457121960918159320e-01,-5.796089059327611537e-01,6.252900127952966125e-01,-3.565181269621239268e-01,6.185509082307802942e-01,5.718934036606181381e-01,3.726487412470774752e-01,1.691758807267020881e-01,4.346673908726000346e-01,-1.503678653999244719e-01,5.297125787895379245e-01,-2.945598802366815039e-01,3.169991660709891579e-01,6.435470794772858438e-01,3.525867360403850403e-01,-9.450738343070638758e-02,5.723706949878687444e-01,1.000000000000000000e+00,-1.389272315388295487e-01,-5.621144472708931167e-02,5.437838906409476758e-01,-1.402660357263767373e-02,-3.865833949846084194e-01,-1.763189061959690718e-01,5.099232729341505177e-01,4.666593333916088659e-01
-6.509376294796637152e-01,2.357933519320465077e-01,-3.714540188895739670e-01,-3.650587272364402142e-02,-3.113405087202339994e-01,5.026806687977769528e-01,2.314851290907651571e-01,3.518950485167650077e-01,-4.473435994597984022e-01,-8.411595522354718690e-02,5.257861338288667419e-01,-4.544276083925693488e-01,7.960289608123480853e-01,-5.453703082746211989e-02,3.826662481909395841e-01,-5.779937309882797747e-01,3.283793245881934109e-01,-4.993989201571888414e-01,-3.789357854940684778e-01,-7.147717244087622435e-01,-3.224617871565822469e-01,-2.332835810197011472e-01,2.743652050026395561e-01,-4.801827124722348739e-01,3.175833572598864563e-01,-5.982441771254837226e-01,-2.457289290185439012e-01,-5.189187998385293987e-01,-2.098888155988957172e-01,-4.460576127210751363e-01,-1.389272315388295487e-01,1.000000000000000000e+00,2.968719828093110413e-01,-5.714618289211592650e-01,1.249857076279125428e-01,5.521440250530236238e-01,3.427542407000744862e-01,-5.807576989008694790e-01,-3.179118973644635693e-01
-2.157381751498487765e-01,-3.630204839481342982e-01,1.182024273672172138e-01,-5.017473596451087481e-01,1.205530305500637084e-01,6.352597485993352056e-01,-6.251830633385223497e-03,-2.276608352579795325e-01,-4.858442951764659345e-01,-4.603995561917278989e-01,6.260239873194385352e-01,-5.183014949038182717e-01,4.075013447137145750e-01,6.592073130070602582e-01,2.853987021636517074e-01,-3.398648863413508137e-01,6.870292828169339838e-01,-3.245341410616524036e-01,-5.478772120369765908e-01,-1.827912109256151774e-01,6.372684182390414565e-01,-1.357029148390907075e-02,7.478479024285515919e-01,-1.646732926291097909e-01,7.332676847998000902e-01,2.442227826728463891e-01,-4.518213438328719800e-01,3.701153059206458984e-01,6.404823597895529241e-01,-4.571027989885265153e-01,-5.621144472708931167e-02,2.968719828093110413e-01,1.000000000000000000e+00,-3.908895233392444823e-01,7.265778058332867939e-01,6.555760046380321171e-01,7.510540058414059139e-01,-4.233645111491509683e-01,-6.552488749116737177e-01
8.445577615075364752e-01,3.780200768538352629e-01,7.758455672803028502e-01,5.116212088446354667e-01,7.400298402265330644e-01,-8.133817952778860105e-01,-7.053714064217644908e-02,-6.961160146791968151e-01,9.168975025141943291e-01,7.113452133902187224e-01,-8.833653552091567107e-01,8.156362726253574280e-01,-8.049875493154330375e-01,-3.852742918302425740e-02,-8.267121974632833936e-01,8.936671461676217731e-01,-7.699105605778220340e-01,8.704969252480224684e-01,7.898735498976905411e-01,7.921675368661219574e-01,1.720260596333004766e-01,6.631447799047853753e-01,-5.116707470699176641e-01,8.050873003761644942e-01,-6.715963363211669979e-01,5.175660891639577432e-01,8.146166129294539759e-01,4.073092258928505127e-01,-2.181862570741444074e-01,8.839441006798052225e-01,5.437838906409476758e-01,-5.714618289211592650e-01,-3.908895233392444823e-01,1.000000000000000000e+00,-3.713804735748285624e-01,-7.640092371780854430e-01,-5.707898989894717445e-01,9.134174652644445613e-01,8.110702180387364679e-01
-1.277305117827155501e-01,-5.589589333750010214e-01,-5.684353371025522433e-03,-6.863336523425173086e-01,-1.895959166290712983e-02,7.217775447807840417e-01,-5.391829423619295264e-02,-1.508296988699250329e-01,-4.910108071805361907e-01,-5.881075359285177218e-01,6.183290137236514550e-01,-5.513406139398310257e-01,1.613713898022590409e-01,8.386657753676806104e-01,3.371128429292585271e-01,-3.014362777853072384e-01,7.849479653037716442e-01,-3.377906148959625710e-01,-5.565690215406259300e-01,-4.196459210041723897e-02,5.355081708992820433e-01,-2.804660810630431045e-01,8.795075943888600589e-01,-1.152432124658003959e-01,8.383476273528158718e-01,4.332762758664001068e-01,-4.470948060412010538e-01,5.011419918816589769e-01,8.522504351695575631e-01,-4.757662441632438677e-01,-1.402660357263767373e-02,1.249857076279125428e-01,7.265778058332867939e-01,-3.713804735748285624e-01,1.000000000000000000e+00,6.624699328414699329e-01,9.060280006545635700e-01,-3.944707108243677984e-01,-6.812657615351233042e-01
-6.180935558656782680e-01,-3.926658093524654780e-01,-4.426371428881121783e-01,-6.571850196689166257e-01,-4.116629714783714422e-01,8.662819502945779959e-01,-3.017520784160163116e-02,3.130231425988160843e-01,-7.897746601081752083e-01,-6.897681359407651369e-01,8.642703884075820797e-01,-7.782444441048241845e-01,6.508735639129096251e-01,4.581308944913241032e-01,6.790431866238066938e-01,-7.383176157087686375e-01,8.287316197848125787e-01,-7.383641426167879551e-01,-8.114217414421697194e-01,-5.630271715830331702e-01,1.500593867587540209e-01,-5.265732685093503784e-01,7.860591368020948266e-01,-5.851857272828283607e-01,8.464108001686942995e-01,-1.367695526695031361e-01,-6.978905251199872817e-01,-7.221102223400102660e-02,4.910163112504888905e-01,-8.013327913581395068e-01,-3.865833949846084194e-01,5.521440250530236238e-01,6.555760046380321171e-01,-7.640092371780854430e-01,6.624699328414699329e-01,1.000000000000000000e+00,7.884674743544608511e-01,-7.727377940092911013e-01,-8.320603356872497969e-01
-3.775889996792008430e-01,-5.325065929835485212e-01,-2.147967657232526528e-01,-7.387435822369164962e-01,-2.144954854446494419e-01,8.661670851810715499e-01,-5.858934307200160813e-02,6.613397679468947798e-02,-6.651792255678280474e-01,-6.783709347797284295e-01,7.845431998705442167e-01,-6.647290316188231296e-01,4.112907611557047871e-01,7.408621825348138401e-01,5.262637254082832561e-01,-5.346299210061740137e-01,8.687402978717824187e-01,-5.502242620356555536e-01,-7.149315703673645439e-01,-2.887734478063076482e-01,4.001945360050520595e-01,-3.901682304807163049e-01,8.879391469623727495e-01,-3.042845564640694334e-01,9.060968207613105951e-01,1.960474157758446134e-01,-5.949604056536785812e-01,2.825202634640017751e-01,7.426742362157228161e-01,-6.561453865979306466e-01,-1.763189061959690718e-01,3.427542407000744862e-01,7.510540058414059139e-01,-5.707898989894717445e-01,9.060280006545635700e-01,7.884674743544608511e-01,1.000000000000000000e+00,-6.057470532378570471e-01,-8.001653325051319987e-01
9.045313409119212222e-01,4.341897740671498140e-01,7.712565942942513075e-01,5.734348898481490542e-01,7.117917896353181950e-01,-8.338072625715130526e-01,-4.130260842136485727e-02,-6.800790410319301760e-01,9.378959474227090976e-01,7.541822377309347347e-01,-8.941306220316739273e-01,7.588942544297964110e-01,-7.919758409758197448e-01,-1.349289492335821183e-01,-9.057413531965634590e-01,9.251432592349845274e-01,-7.851476137161483848e-01,9.332904605446162849e-01,8.710455980993123681e-01,8.082748019123952021e-01,1.592339409278223372e-01,6.952631675735577721e-01,-5.612594122264168428e-01,7.523253564480647526e-01,-7.005066357980774816e-01,5.250330107145212422e-01,8.232660349637057617e-01,4.202191497918583707e-01,-2.661178426335540359e-01,9.115870764652004299e-01,5.099232729341505177e-01,-5.807576989008694790e-01,-4.233645111491509683e-01,9.134174652644445613e-01,-3.944707108243677984e-01,-7.727377940092911013e-01,-6.057470532378570471e-01,1.000000000000000000e+00,8.540954281606862875e-01
6.748483634515827223e-01,6.947502534976993660e-01,5.592406687712201396e-01,7.824364222081582332e-01,5.259011819374825869e-01,-8.921686256317776786e-01,4.517509846069613783e-02,-4.253168514286290725e-01,9.176050445538929123e-01,9.002274228379415488e-01,-9.095465757557247288e-01,7.926119278669918611e-01,-5.696474649306590976e-01,-4.650342872500375924e-01,-8.194295865478720131e-01,7.966753333782582436e-01,-9.257043878211488330e-01,8.299450506831815844e-01,9.185045729333082276e-01,5.277199463286952330e-01,-2.397506330460759116e-01,6.001255567433440019e-01,-7.797015703419694077e-01,5.946466513776313967e-01,-8.797173386510838133e-01,1.105672072526200922e-01,8.840563241878307554e-01,-1.946759852550590834e-03,-6.432413768374115604e-01,8.980633398558146574e-01,4.666593333916088659e-01,-3.179118973644635693e-01,-6.552488749116737177e-01,8.110702180387364679e-01,-6.812657615351233042e-01,-8.320603356872497969e-01,-8.001653325051319987e-01,8.540954281606862875e-01,1.000000000000000000e+00
