1.000000000000000000e+00,5.989305429321146734e-01,5.055864564815591988e-01,1.252060516161516979e-01,5.517452220006517916e-01,-3.981730381789007067e-01,2.111984614112576431e-01,-6.207178012555256696e-01,6.799355432032050395e-02,7.684302933438524885e-01,2.477425675204756039e-01,-2.538393846935388942e-01,-3.331592116971195117e-02,4.705097853906146654e-01,-1.035854127165551364e-01,5.510894619340327427e-01,2.173989279218673243e-01,1.549174603900199398e-01,1.390809166959917353e-01,-3.091316619224912521e-01,4.115812164678311347e-01,4.029085414746810256e-01,-2.116832723159616306e-02,-9.554662224147901506e-02,3.567534519838319595e-01,7.548271398977733915e-01,4.552560525716219941e-01,6.596100808931181225e-01,4.777653164817891596e-01,2.296073228059306581e-01,6.030210675800333764e-01,-2.357476037926415635e-01,3.825898642299988550e-01,7.458482462440350902e-02,4.835707257185872243e-01,2.979777785407879825e-02,-1.429591875496094844e-01,6.521972331456348249e-01,1.129341236855958830e-01
5.989305429321146734e-01,1.000000000000000000e+00,4.385264684922915990e-01,-1.440591247434218347e-01,4.339781909492919088e-01,-2.186511805132372588e-01,-6.629796091921044687e-02,-3.291724695422219571e-01,4.063886004369427485e-01,3.838753111852981070e-01,1.908067854446277856e-01,1.346870143231832240e-01,-2.396422886158270649e-01,3.981485452244874490e-01,1.268924320712082679e-02,3.855806685404887801e-01,2.022422291229758751e-01,2.191602583882776845e-01,5.817074962993614567e-02,-2.726169114088163314e-01,4.514899779910438310e-02,1.394896976727583449e-01,1.852174248045425908e-01,-4.401467605541573708e-02,1.656932370897184759e-01,4.616062476267737136e-01,3.769153845964832161e-01,1.823963601809240609e-01,1.580487384585087252e-01,2.433226392807003868e-01,3.933753984528001180e-01,2.395755819241529930e-02,8.977311580687127868e-02,3.148463233141435280e-01,2.361955377744868467e-01,2.484432693814877802e-01,-1.103327695256742236e-01,4.869108901166268044e-01,4.094254407239851234e-01
5.055864564815591988e-01,4.385264684922915990e-01,1.000000000000000000e+00,-1.598209726124622254e-01,7.080529874788594746e-01,-1.369489144204843467e-01,9.823054042788789686e-02,-5.338153752764637217e-01,4.205761421002313649e-01,4.774851941138908984e-01,2.053923527356948664e-01,4.287916816329963993e-02,-3.794367958155679954e-01,3.842386835107213239e-01,1.047504776490940370e-01,6.026029124401274251e-01,1.106581454564959655e-01,5.915897188669467788e-01,5.652888920739552736e-01,-1.757623821412719056e-01,4.624819892577072267e-01,4.046113877944241266e-01,3.541887577560404732e-01,-6.454965439089500878e-03,2.444818551197776302e-01,3.757982328862175536e-01,4.678024984667690234e-01,3.375885346748918048e-01,1.150910616854719931e-01,5.137709764684145197e-01,6.007331014772214761e-01,2.906557161437081649e-02,4.209901660987372396e-01,3.659462297700488143e-01,2.252302033235970002e-01,2.024008340515800197e-01,-4.495069698878072229e-02,5.393739337046756788e-01,3.793468732073651539e-01
1.252060516161516979e-01,-1.440591247434218347e-01,-1.598209726124622254e-01,1.000000000000000000e+00,-7.435794377431094448e-02,-4.458693388102285549e-01,4.456558721455567418e-01,-2.614707409146971862e-01,-3.142460622306444407e-01,6.466419041628411468e-02,-2.158727742513326109e-01,-2.350632565848967404e-01,-3.484216621248330953e-02,2.401526372073429505e-01,-9.273813858451653014e-02,-6.704377253336384068e-02,-3.015318791747887972e-01,-2.766448705840046096e-01,-1.528518480838962912e-01,2.154695345842516374e-01,2.536220783717928889e-02,2.136061055961612776e-01,-4.555370212803787622e-01,-1.806195226186645131e-01,3.496798917921811745e-02,2.092172115223755458e-01,-1.687095452486039038e-01,3.160470084469679253e-01,5.648340239143544439e-01,-3.236456307057505311e-01,-1.289413920872930878e-02,-7.257464518426744171e-02,1.434710658806959138e-03,-9.341895204937300523e-02,2.979072009670881149e-01,-9.964103872286250371e-03,1.451455542165913937e-01,-5.816398971630011572e-02,-4.038347027344258433e-01
5.517452220006517916e-01,4.339781909492919088e-01,7.080529874788594746e-01,-7.435794377431094448e-02,1.000000000000000000e+00,-2.238725828595186096e-01,2.013734990808398739e-01,-5.334698800929515983e-01,2.496555740268165680e-01,5.231256265602070021e-01,1.456716709473954152e-01,1.264150771290532549e-01,-3.941325906715676952e-01,5.204477798539134392e-01,2.264692382339189569e-01,5.776873584192855349e-01,2.808925904002044227e-01,5.178361720909173682e-01,5.381123499151503342e-01,-1.854916208458444460e-01,4.673079367746252322e-01,5.354792896638166377e-01,2.547327225081383317e-01,-8.160786700346021882e-02,2.848484979432711617e-01,4.759649146222157401e-01,5.392894501084666281e-01,4.849667852642256527e-01,1.506504124050799809e-01,5.238245333981508267e-01,6.540241881893213982e-01,4.492409497450641082e-02,5.942444168384576342e-01,4.177238579845064526e-01,2.740883134712334135e-01,1.631136813864556556e-01,8.562849968384382213e-03,6.449735750347236340e-01,3.132624296178554424e-01
-3.981730381789007067e-01,-2.186511805132372588e-01,-1.369489144204843467e-01,-4.458693388102285549e-01,-2.238725828595186096e-01,1.000000000000000000e+00,-1.481983002665185900e-01,5.303477409339872883e-01,-9.230074184418615713e-02,-3.027334166925340075e-01,2.550025204070715534e-01,-5.809733433329127700e-02,2.432868855894421423e-01,-3.398721186350447399e-01,-2.717972692872223650e-01,-1.682772713859087554e-02,7.957371243660635307e-02,-9.939931159340847922e-02,-1.505668192092881885e-01,5.439203717137263555e-02,2.637962645846178393e-03,-5.326060540780328673e-02,4.377352530170571243e-01,3.766198197533119352e-01,7.419173578607388131e-02,-5.053215130205546135e-01,-1.179672223001729595e-02,-4.717032641738524990e-01,-3.844647385898312675e-01,8.983974307496915557e-02,-8.987664918673628212e-02,5.081002131825472778e-01,-4.717764188222931324e-03,-2.659677420173088280e-01,-1.202898038728875268e-01,-7.694347257413845786e-02,4.122822570059829217e-01,-3.042748330927637634e-01,-3.178939931521732737e-02
2.111984614112576431e-01,-6.629796091921044687e-02,9.823054042788789686e-02,4.456558721455567418e-01,2.013734990808398739e-01,-1.481983002665185900e-01,1.000000000000000000e+00,-4.134976657865255256e-01,-3.679341528731414623e-01,1.816906913395717194e-01,7.231254142002482149e-03,-2.603103564961307681e-01,2.352521051739450350e-02,3.336076004543853113e-01,-2.620696730999054758e-01,1.352768683965988039e-01,1.078327580131395874e-01,-1.237450703308925481e-01,3.566689471454023708e-02,-1.063622720569340346e-01,2.266345730380537327e-01,4.948281438371039398e-01,-3.519579649660729143e-02,9.868606027019878602e-02,1.915925851454660656e-01,2.406605673701371628e-01,1.690449594590800741e-01,4.057921507888415658e-01,3.956559584926072626e-01,-1.206467851598128499e-01,3.920735837282930403e-01,2.083628879690405666e-01,3.914282616560291750e-01,-1.070012966120691134e-01,3.495977415276167455e-01,-1.471512511681110913e-01,3.116564466367842678e-01,1.178866520334426182e-01,-2.762565811532505244e-01
-6.207178012555256696e-01,-3.291724695422219571e-01,-5.338153752764637217e-01,-2.614707409146971862e-01,-5.334698800929515983e-01,5.303477409339872883e-01,-4.134976657865255256e-01,1.000000000000000000e+00,8.675264932761166115e-02,-4.926050355207366449e-01,-1.619090365437293733e-01,3.409764768752248654e-01,2.833035364470888884e-01,-4.046848260737264114e-01,1.377936235323916625e-01,-3.204597075176283116e-01,-2.061549806220983050e-01,-1.076158966437323200e-01,-1.800506410793966394e-01,3.445386160076314153e-01,-4.110619648926180369e-01,-3.968283235066148995e-01,1.562635852963983607e-01,1.729885977079304304e-01,-2.168430496759939097e-01,-6.529359666115818195e-01,-3.873916467700988520e-01,-6.378388874766559580e-01,-4.925510918800812821e-01,-4.523714740024042252e-02,-5.807820114775241738e-01,1.213312892172410257e-01,-3.548207470820979870e-01,-6.430562804527541199e-02,-3.506945688317793519e-01,5.729086291111432083e-02,1.098326667163859460e-01,-5.316112948302066377e-01,5.568634656551529893e-02
6.799355432032050395e-02,4.063886004369427485e-01,4.205761421002313649e-01,-3.142460622306444407e-01,2.496555740268165680e-01,-9.230074184418615713e-02,-3.679341528731414623e-01,8.675264932761166115e-02,1.000000000000000000e+00,3.608991754300095584e-02,-1.309208560751782546e-01,6.036867972382582437e-01,-2.556052549084172898e-01,2.006265021640763757e-01,5.250509238353153751e-01,1.845081993243580243e-01,-1.808031988993122688e-02,5.645461673445831829e-01,4.536094371691048455e-01,1.567646027445008527e-01,-1.275916884331365908e-01,-1.653663827909365447e-01,4.284214374196340658e-01,1.241130154317079820e-01,1.006741833297804430e-02,-5.017264582173589643e-02,-1.154799865986000026e-02,-1.943982720559405963e-01,-2.700580626022152653e-01,4.491752659928554547e-01,-8.626395720768069431e-02,-1.593842262541257104e-01,-1.534558403520870917e-01,6.500704865070835448e-01,-2.460492652510462286e-01,4.428132763755837642e-01,-3.440874026472765523e-01,2.252226798788209972e-01,6.756578006943176895e-01
7.684302933438524885e-01,3.838753111852981070e-01,4.774851941138908984e-01,6.466419041628411468e-02,5.231256265602070021e-01,-3.027334166925340075e-01,1.816906913395717194e-01,-4.926050355207366449e-01,3.608991754300095584e-02,1.000000000000000000e+00,1.764760163272783011e-01,-1.728893250625572198e-01,-6.245231272001417443e-03,4.430059996989301196e-01,2.747617819823160515e-02,6.679288002232425248e-01,1.594796819576031754e-01,2.721050422983201100e-01,2.853250043008988546e-01,-1.508777788598318348e-01,4.433346015779114913e-01,4.089238981784295568e-01,4.329624532660449054e-02,-7.422911844552668170e-02,4.466889167972700192e-01,6.798610909401702207e-01,4.118316660951967800e-01,6.454066626585581723e-01,3.983560984470297384e-01,3.525901541727863298e-01,5.736915153337772688e-01,-3.293841314292846323e-01,4.672020966902804551e-01,5.614886489321740948e-02,4.007479274115881562e-01,4.944541182382774375e-02,-1.589268787018726925e-01,5.917007594689716043e-01,2.016483610614573374e-01
2.477425675204756039e-01,1.908067854446277856e-01,2.053923527356948664e-01,-2.158727742513326109e-01,1.456716709473954152e-01,2.550025204070715534e-01,7.231254142002482149e-03,-1.619090365437293733e-01,-1.309208560751782546e-01,1.764760163272783011e-01,1.000000000000000000e+00,-3.371244839039643226e-01,1.124990077600710181e-01,6.005351342499316847e-02,-2.680383494819900125e-01,1.561395252680339574e-01,2.776918694157133327e-01,-5.603651940209450344e-02,-2.438731413163492956e-01,-2.082703780893535861e-01,3.066896568225357389e-01,6.977991572612655957e-02,6.919955431803265222e-03,1.631168903795370273e-01,2.413691091215760809e-01,2.938908147164882578e-01,3.127399836242653053e-01,2.826388577873218400e-01,2.263670418944254414e-01,4.229963198285321968e-02,2.916811565083531343e-01,8.916927034868545043e-02,2.207513288589036948e-01,-2.642376083067061177e-01,2.822204433157249892e-01,-3.166048738412800545e-01,6.868997123354772527e-02,1.531577453902580321e-01,-1.109991552557566680e-01
-2.538393846935388942e-01,1.346870143231832240e-01,4.287916816329963993e-02,-2.350632565848967404e-01,1.264150771290532549e-01,-5.809733433329127700e-02,-2.603103564961307681e-01,3.409764768752248654e-01,6.036867972382582437e-01,-1.728893250625572198e-01,-3.371244839039643226e-01,1.000000000000000000e+00,-2.274604488800557045e-01,1.811642087035974236e-01,6.769582875851855031e-01,1.291320036904589725e-03,-2.390600986073290052e-02,3.960481445619723484e-01,3.165086952776466345e-01,2.613209550982329987e-01,-3.087302234402494738e-01,-1.688185672667108228e-01,3.109767709175751960e-01,5.079050479867586870e-02,-8.553677607253452886e-02,-2.109491689565309303e-01,-2.251142655548351093e-03,-2.710996309734872156e-01,-3.966414153194802727e-01,2.907598377376236498e-01,-2.267001185978696487e-01,-2.793314904635953513e-02,-1.053699020141903031e-01,6.331830950388865897e-01,-3.281716250748287211e-01,4.274288117840086554e-01,-1.913794714880401315e-01,-4.562339755051103563e-02,5.852629450420797630e-01
-3.331592116971195117e-02,-2.396422886158270649e-01,-3.794367958155679954e-01,-3.484216621248330953e-02,-3.941325906715676952e-01,2.432868855894421423e-01,2.352521051739450350e-02,2.833035364470888884e-01,-2.556052549084172898e-01,-6.245231272001417443e-03,1.124990077600710181e-01,-2.274604488800557045e-01,1.000000000000000000e+00,-3.293299984900731614e-01,-2.995961329406237050e-01,-1.939385332084709035e-01,-9.078742436936319479e-03,-3.447252481005492197e-01,-3.189853392079600725e-01,1.407883223794151317e-01,-6.558323516529177520e-03,-1.172215201397365514e-01,-3.026345917959015128e-02,2.319265093472180628e-01,-5.134928616608477187e-02,-1.070634962577053373e-01,-1.738876554381282302e-01,-6.649178249765862192e-02,-9.087020070578363806e-02,-1.800956553391113157e-01,-2.370734508776004279e-01,-1.203661056178286920e-01,-2.430932667122520374e-01,-4.378757425438306594e-01,-7.330740418534920089e-02,-1.200941780478959747e-01,-7.736962568901442627e-02,-1.886518302657712032e-01,-2.054398867447881361e-01
4.705097853906146654e-01,3.981485452244874490e-01,3.842386835107213239e-01,2.401526372073429505e-01,5.204477798539134392e-01,-3.398721186350447399e-01,3.336076004543853113e-01,-4.046848260737264114e-01,2.006265021640763757e-01,4.430059996989301196e-01,6.005351342499316847e-02,1.811642087035974236e-01,-3.293299984900731614e-01,1.000000000000000000e+00,2.329705729511902523e-01,4.161853037140826883e-01,1.098098395810856859e-01,2.325705686893304314e-01,2.288786841728976673e-01,-8.713361373432210177e-02,2.186042517317704215e-01,4.227199604699833357e-01,1.270952343161126097e-01,1.365142515459767843e-02,4.079910701221935998e-01,4.750972313987098516e-01,3.253348710111465536e-01,4.567210399025213863e-01,4.533926224886031808e-01,2.921813734158695830e-01,4.104902731682690820e-01,7.510644675799925916e-03,4.820482628842862050e-01,4.189433796438109536e-01,4.579750513060763528e-01,2.489227939779421750e-01,1.072768666492590894e-01,4.778878492583097382e-01,2.229837705797017011e-01
-1.035854127165551364e-01,1.268924320712082679e-02,1.047504776490940370e-01,-9.273813858451653014e-02,2.264692382339189569e-01,-2.717972692872223650e-01,-2.620696730999054758e-01,1.377936235323916625e-01,5.250509238353153751e-01,2.747617819823160515e-02,-2.680383494819900125e-01,6.769582875851855031e-01,-2.995961329406237050e-01,2.329705729511902523e-01,1.000000000000000000e+00,7.786438069667152295e-02,-5.451388043065966311e-03,4.853465695407573888e-01,4.044158779359980360e-01,4.138261970843276627e-01,-1.472118154452798644e-01,-1.646144837190929300e-01,7.236521126936618087e-02,-1.284176835608076273e-01,3.775588222901662960e-02,2.197233190290031474e-02,-1.231464906122594072e-01,6.482292217093671427e-02,-1.211988847985055184e-01,3.691999078378420673e-01,-2.391068350604711734e-01,-3.247032715025467975e-01,-3.225286177195253040e-02,5.880761833343904899e-01,-2.463769028515503945e-01,2.614185917492359845e-01,-2.898082339715681854e-01,1.442507804339734911e-01,4.292448089924327248e-01
5.510894619340327427e-01,3.855806685404887801e-01,6.026029124401274251e-01,-6.704377253336384068e-02,5.776873584192855349e-01,-1.682772713859087554e-02,1.352768683965988039e-01,-3.204597075176283116e-01,1.845081993243580243e-01,6.679288002232425248e-01,1.561395252680339574e-01,1.291320036904589725e-03,-1.939385332084709035e-01,4.161853037140826883e-01,7.786438069667152295e-02,1.000000000000000000e+00,1.203561413900933880e-01,4.834741732261434444e-01,4.345811815488587748e-01,-1.278848558191406637e-01,4.516642589455148737e-01,5.194832035431379280e-01,3.062887790830896573e-01,-3.600286078243925512e-03,3.615503916006820861e-01,4.078057954952863939e-01,4.639267331575647746e-01,3.598765445076270164e-01,1.489581104819267809e-01,5.718344804164952055e-01,6.113780951980307687e-01,4.357281157182985726e-02,5.290526868767616575e-01,1.481505878280356958e-01,3.155070114850583862e-01,2.332015384231960198e-01,1.001555470223612354e-01,5.237479997386406128e-01,2.952538719506148102e-01
2.173989279218673243e-01,2.022422291229758751e-01,1.106581454564959655e-01,-3.015318791747887972e-01,2.808925904002044227e-01,7.957371243660635307e-02,1.078327580131395874e-01,-2.061549806220983050e-01,-1.808031988993122688e-02,1.594796819576031754e-01,2.776918694157133327e-01,-2.390600986073290052e-02,-9.078742436936319479e-03,1.098098395810856859e-01,-5.451388043065966311e-03,1.203561413900933880e-01,1.000000000000000000e+00,-8.918722650526383910e-02,-2.079010763998223599e-02,-3.683272082391502722e-01,2.674827843382286963e-01,2.116459023630151426e-01,2.778458626630387340e-01,7.765011811122360386e-02,7.461042199595271929e-02,2.750149833540519451e-01,3.504711051188967863e-01,2.741792614252346882e-01,-1.019693408887911296e-01,1.276984021664342717e-01,2.916864793090078178e-01,8.365987287014126084e-02,3.261127251972631980e-01,1.184619260450768680e-01,-1.289348909655557429e-01,9.270423133216089059e-03,-1.783462050871323090e-01,2.225391395116670945e-01,-3.607158667339840918e-02
1.549174603900199398e-01,2.191602583882776845e-01,5.915897188669467788e-01,-2.766448705840046096e-01,5.178361720909173682e-01,-9.939931159340847922e-02,-1.237450703308925481e-01,-1.076158966437323200e-01,5.645461673445831829e-01,2.721050422983201100e-01,-5.603651940209450344e-02,3.960481445619723484e-01,-3.447252481005492197e-01,2.325705686893304314e-01,4.853465695407573888e-01,4.834741732261434444e-01,-8.918722650526383910e-02,1.000000000000000000e+00,7.626946881468656958e-01,9.679479460829784609e-02,1.694283207634665611e-01,1.870345839398742105e-01,3.279024419969147619e-01,-1.368641904738366333e-01,1.607209817551341902e-01,5.175903305462036669e-02,1.598498829126995535e-01,6.060212934874024265e-02,-1.326094574913466995e-01,6.583292699560844286e-01,2.891364272304102201e-01,-9.864331837468007236e-02,2.384848341790803961e-01,4.527279129921303324e-01,1.640646881850349199e-03,2.627021269084125477e-01,-1.164733869340616457e-01,4.545170353675100361e-01,6.195117677369275100e-01
1.390809166959917353e-01,5.817074962993614567e-02,5.652888920739552736e-01,-1.528518480838962912e-01,5.381123499151503342e-01,-1.505668192092881885e-01,3.566689471454023708e-02,-1.800506410793966394e-01,4.536094371691048455e-01,2.853250043008988546e-01,-2.438731413163492956e-01,3.165086952776466345e-01,-3.189853392079600725e-01,2.288786841728976673e-01,4.044158779359980360e-01,4.345811815488587748e-01,-2.079010763998223599e-02,7.626946881468656958e-01,1.000000000000000000e+00,3.264721908641897430e-02,2.277462536695300244e-01,3.201959868112339569e-01,3.395995326526637936e-01,-7.500388996557674770e-02,1.332228109817474582e-01,5.733403390170381531e-02,2.027073744566527946e-01,1.190668650497479497e-01,-1.430648127740140052e-01,6.024482761781403406e-01,3.495263193279028457e-01,-4.971805178209100923e-02,3.609610412102236543e-01,4.342617804172111962e-01,8.951817101776459590e-03,2.923831877649912259e-01,-7.896571729218160307e-02,3.806515496007891741e-01,4.359382755617431382e-01
-3.091316619224912521e-01,-2.726169114088163314e-01,-1.757623821412719056e-01,2.154695345842516374e-01,-1.854916208458444460e-01,5.439203717137263555e-02,-1.063622720569340346e-01,3.445386160076314153e-01,1.567646027445008527e-01,-1.508777788598318348e-01,-2.082703780893535861e-01,2.613209550982329987e-01,1.407883223794151317e-01,-8.713361373432210177e-02,4.138261970843276627e-01,-1.278848558191406637e-01,-3.683272082391502722e-01,9.679479460829784609e-02,3.264721908641897430e-02,1.000000000000000000e+00,-2.010605453770916706e-01,-2.263535092049927810e-01,-3.909112164296485448e-02,1.004628175843747251e-01,7.003440730980513285e-02,-2.564812292988788434e-01,-4.226132613173028685e-01,-1.590172773671396644e-01,8.591491462935352957e-03,1.145521180363333613e-01,-4.487571892123182749e-01,-1.249969342348256351e-01,-3.210591476496553187e-01,1.038282035357352417e-01,-1.276891319648766343e-01,1.101112024481307461e-01,7.712302410838767219e-02,-1.595426046888563376e-01,1.129663550317746012e-01
4.115812164678311347e-01,4.514899779910438310e-02,4.624819892577072267e-01,2.536220783717928889e-02,4.673079367746252322e-01,2.637962645846178393e-03,2.266345730380537327e-01,-4.110619648926180369e-01,-1.275916884331365908e-01,4.433346015779114913e-01,3.066896568225357389e-01,-3.087302234402494738e-01,-6.558323516529177520e-03,2.186042517317704215e-01,-1.472118154452798644e-01,4.516642589455148737e-01,2.674827843382286963e-01,1.694283207634665611e-01,2.277462536695300244e-01,-2.010605453770916706e-01,1.000000000000000000e+00,6.464584766650010028e-01,8.988228518610615059e-02,-8.869916430872488988e-02,1.407740252819277837e-01,3.317027549387447372e-01,4.005861043442665581e-01,4.530241096170135040e-01,1.735765850013790967e-01,3.485318046235271194e-01,5.762635607508997948e-01,6.482554105000842837e-02,5.300086398905589080e-01,-3.438490375729160581e-02,2.467002208115710860e-01,7.556820703954630902e-02,8.181093977755583835e-02,3.904529090428565663e-01,-5.038306509938923067e-02
4.029085414746810256e-01,1.394896976727583449e-01,4.046113877944241266e-01,2.136061055961612776e-01,5.354792896638166377e-01,-5.326060540780328673e-02,4.948281438371039398e-01,-3.968283235066148995e-01,-1.653663827909365447e-01,4.089238981784295568e-01,6.977991572612655957e-02,-1.688185672667108228e-01,-1.172215201397365514e-01,4.227199604699833357e-01,-1.646144837190929300e-01,5.194832035431379280e-01,2.116459023630151426e-01,1.870345839398742105e-01,3.201959868112339569e-01,-2.263535092049927810e-01,6.464584766650010028e-01,1.000000000000000000e+00,1.993274884450638995e-01,-9.012929350640543069e-02,2.281020374643824844e-01,3.128177639367967777e-01,4.465015041493695103e-01,4.093742092591491910e-01,2.832752334440182262e-01,3.501826397274533376e-01,6.949548937112226543e-01,3.214102643185294816e-01,7.129155653361729517e-01,1.265712560790244468e-01,4.189764255486340128e-01,2.106495141745058919e-01,3.478087205005902516e-01,4.352856853330949738e-01,-1.947557291736783103e-02
-2.116832723159616306e-02,1.852174248045425908e-01,3.541887577560404732e-01,-4.555370212803787622e-01,2.547327225081383317e-01,4.377352530170571243e-01,-3.519579649660729143e-02,1.562635852963983607e-01,4.284214374196340658e-01,4.329624532660449054e-02,6.919955431803265222e-03,3.109767709175751960e-01,-3.026345917959015128e-02,1.270952343161126097e-01,7.236521126936618087e-02,3.062887790830896573e-01,2.778458626630387340e-01,3.279024419969147619e-01,3.395995326526637936e-01,-3.909112164296485448e-02,8.988228518610615059e-02,1.993274884450638995e-01,1.000000000000000000e+00,3.961939531868723940e-01,3.028949955898336266e-01,-2.115889388143397665e-01,1.976571379503525294e-01,-2.675844694276499625e-01,-3.430226211152482274e-01,4.917853399788679192e-01,1.933625349479431987e-01,2.902741439710460059e-01,2.351723908044557887e-01,3.408837284486690433e-01,-1.083092537496332802e-01,3.007559249557927306e-01,9.720481930835223050e-02,1.990659983127671950e-01,4.643660586139896074e-01
-9.554662224147901506e-02,-4.401467605541573708e-02,-6.454965439089500878e-03,-1.806195226186645131e-01,-8.160786700346021882e-02,3.766198197533119352e-01,9.868606027019878602e-02,1.729885977079304304e-01,1.241130154317079820e-01,-7.422911844552668170e-02,1.631168903795370273e-01,5.079050479867586870e-02,2.319265093472180628e-01,1.365142515459767843e-02,-1.284176835608076273e-01,-3.600286078243925512e-03,7.765011811122360386e-02,-1.368641904738366333e-01,-7.500388996557674770e-02,1.004628175843747251e-01,-8.869916430872488988e-02,-9.012929350640543069e-02,3.961939531868723940e-01,1.000000000000000000e+00,2.246197420591447835e-01,-1.280379390461531541e-01,2.437146679800901439e-02,-1.617343075636089034e-01,-8.267737123302494606e-02,1.881827916905226203e-02,-8.714513621857428172e-02,1.899381122043344305e-01,3.267475562580043208e-02,-6.665963273069197559e-02,-8.248474842074202465e-03,-9.904623491655259460e-02,1.381851082531512509e-01,-1.649319388727099600e-01,2.381553648253791761e-02
3.567534519838319595e-01,1.656932370897184759e-01,2.444818551197776302e-01,3.496798917921811745e-02,2.848484979432711617e-01,7.419173578607388131e-02,1.915925851454660656e-01,-2.168430496759939097e-01,1.006741833297804430e-02,4.466889167972700192e-01,2.413691091215760809e-01,-8.553677607253452886e-02,-5.134928616608477187e-02,4.079910701221935998e-01,3.775588222901662960e-02,3.615503916006820861e-01,7.461042199595271929e-02,1.607209817551341902e-01,1.332228109817474582e-01,7.003440730980513285e-02,1.407740252819277837e-01,2.281020374643824844e-01,3.028949955898336266e-01,2.246197420591447835e-01,1.000000000000000000e+00,3.302599079589323972e-01,2.808576891927243580e-01,3.025373231873794699e-01,4.254550623910240970e-01,3.243539773720321429e-01,3.457294608105111466e-01,1.448631553615864313e-02,3.349986054064945651e-01,2.287581982467048677e-02,4.754259782641476750e-01,-7.633277489051264186e-02,1.961942056408094159e-01,4.041386966477897857e-01,1.830015082548564764e-01
7.548271398977733915e-01,4.616062476267737136e-01,3.757982328862175536e-01,2.092172115223755458e-01,4.759649146222157401e-01,-5.053215130205546135e-01,2.406605673701371628e-01,-6.529359666115818195e-01,-5.017264582173589643e-02,6.798610909401702207e-01,2.938908147164882578e-01,-2.109491689565309303e-01,-1.070634962577053373e-01,4.750972313987098516e-01,2.197233190290031474e-02,4.078057954952863939e-01,2.750149833540519451e-01,5.175903305462036669e-02,5.733403390170381531e-02,-2.564812292988788434e-01,3.317027549387447372e-01,3.128177639367967777e-01,-2.115889388143397665e-01,-1.280379390461531541e-01,3.302599079589323972e-01,1.000000000000000000e+00,5.390285064600613962e-01,7.986139232137086097e-01,6.066005170475244901e-01,5.395466928329835377e-02,5.485218329632725043e-01,-2.537264631034918949e-01,3.684999984722112099e-01,7.573227692220912965e-02,4.665420467368277535e-01,-9.392181532176629988e-02,-1.869392760575793733e-01,5.130443008507540315e-01,-2.488497557952371389e-02
4.552560525716219941e-01,3.769153845964832161e-01,4.678024984667690234e-01,-1.687095452486039038e-01,5.392894501084666281e-01,-1.179672223001729595e-02,1.690449594590800741e-01,-3.873916467700988520e-01,-1.154799865986000026e-02,4.118316660951967800e-01,3.127399836242653053e-01,-2.251142655548351093e-03,-1.738876554381282302e-01,3.253348710111465536e-01,-1.231464906122594072e-01,4.639267331575647746e-01,3.504711051188967863e-01,1.598498829126995535e-01,2.027073744566527946e-01,-4.226132613173028685e-01,4.005861043442665581e-01,4.465015041493695103e-01,1.976571379503525294e-01,2.437146679800901439e-02,2.808576891927243580e-01,5.390285064600613962e-01,1.000000000000000000e+00,4.252967025029841808e-01,1.533478182826101821e-01,2.169110990007569184e-01,7.085761947807039940e-01,2.645774036418336306e-01,4.938706273386082590e-01,1.199713011416336100e-01,3.488966268817701999e-01,4.241577340567376231e-02,6.270150309774048802e-02,3.365122944965630580e-01,1.285739032608555210e-01
6.596100808931181225e-01,1.823963601809240609e-01,3.375885346748918048e-01,3.160470084469679253e-01,4.849667852642256527e-01,-4.717032641738524990e-01,4.057921507888415658e-01,-6.378388874766559580e-01,-1.943982720559405963e-01,6.454066626585581723e-01,2.826388577873218400e-01,-2.710996309734872156e-01,-6.649178249765862192e-02,4.567210399025213863e-01,6.482292217093671427e-02,3.598765445076270164e-01,2.741792614252346882e-01,6.060212934874024265e-02,1.190668650497479497e-01,-1.590172773671396644e-01,4.530241096170135040e-01,4.093742092591491910e-01,-2.675844694276499625e-01,-1.617343075636089034e-01,3.025373231873794699e-01,7.986139232137086097e-01,4.252967025029841808e-01,1.000000000000000000e+00,6.062909165499821285e-01,3.773162297265956339e-02,5.321049112901317102e-01,-2.716162260516791771e-01,4.937012654671444345e-01,3.268793022365241302e-02,4.447596333719396888e-01,-1.686463371145573154e-01,-1.193565600694715539e-01,4.723207444769971231e-01,-1.746615806079439004e-01
4.777653164817891596e-01,1.580487384585087252e-01,1.150910616854719931e-01,5.648340239143544439e-01,1.506504124050799809e-01,-3.844647385898312675e-01,3.956559584926072626e-01,-4.925510918800812821e-01,-2.700580626022152653e-01,3.983560984470297384e-01,2.263670418944254414e-01,-3.966414153194802727e-01,-9.087020070578363806e-02,4.533926224886031808e-01,-1.211988847985055184e-01,1.489581104819267809e-01,-1.019693408887911296e-01,-1.326094574913466995e-01,-1.430648127740140052e-01,8.591491462935352957e-03,1.735765850013790967e-01,2.832752334440182262e-01,-3.430226211152482274e-01,-8.267737123302494606e-02,4.254550623910240970e-01,6.066005170475244901e-01,1.533478182826101821e-01,6.062909165499821285e-01,1.000000000000000000e+00,-1.538938505519702182e-01,3.138579589809249448e-01,-7.042327402942330505e-02,2.487686197189498960e-01,-1.162562539702488018e-01,6.440403690510976276e-01,-2.290998463648340755e-01,2.010597680406923660e-01,3.093721175325046535e-01,-2.510159961432960052e-01
2.296073228059306581e-01,2.433226392807003868e-01,5.137709764684145197e-01,-3.236456307057505311e-01,5.238245333981508267e-01,8.983974307496915557e-02,-1.206467851598128499e-01,-4.523714740024042252e-02,4.491752659928554547e-01,3.525901541727863298e-01,4.229963198285321968e-02,2.907598377376236498e-01,-1.800956553391113157e-01,2.921813734158695830e-01,3.691999078378420673e-01,5.718344804164952055e-01,1.276984021664342717e-01,6.583292699560844286e-01,6.024482761781403406e-01,1.145521180363333613e-01,3.485318046235271194e-01,3.501826397274533376e-01,4.917853399788679192e-01,1.881827916905226203e-02,3.243539773720321429e-01,5.395466928329835377e-02,2.169110990007569184e-01,3.773162297265956339e-02,-1.538938505519702182e-01,1.000000000000000000e+00,3.063426382554599314e-01,7.273665414098491946e-03,3.672881004584737097e-01,3.865790061071286421e-01,4.900818926328638636e-02,3.711810048195458012e-01,-1.506671511529263444e-02,5.172813853445710208e-01,5.738517807303910034e-01
6.030210675800333764e-01,3.933753984528001180e-01,6.007331014772214761e-01,-1.289413920872930878e-02,6.540241881893213982e-01,-8.987664918673628212e-02,3.920735837282930403e-01,-5.807820114775241738e-01,-8.626395720768069431e-02,5.736915153337772688e-01,2.916811565083531343e-01,-2.267001185978696487e-01,-2.370734508776004279e-01,4.104902731682690820e-01,-2.391068350604711734e-01,6.113780951980307687e-01,2.916864793090078178e-01,2.891364272304102201e-01,3.495263193279028457e-01,-4.487571892123182749e-01,5.762635607508997948e-01,6.949548937112226543e-01,1.933625349479431987e-01,-8.714513621857428172e-02,3.457294608105111466e-01,5.485218329632725043e-01,7.085761947807039940e-01,5.321049112901317102e-01,3.138579589809249448e-01,3.063426382554599314e-01,1.000000000000000000e+00,2.607464811856285980e-01,6.737810059164707210e-01,4.908188348057820199e-02,5.144951045169166015e-01,6.870628154303575277e-03,2.310489388619708095e-01,5.377720475130807198e-01,8.802798018910111544e-02
-2.357476037926415635e-01,2.395755819241529930e-02,2.906557161437081649e-02,-7.257464518426744171e-02,4.492409497450641082e-02,5.081002131825472778e-01,2.083628879690405666e-01,1.213312892172410257e-01,-1.593842262541257104e-01,-3.293841314292846323e-01,8.916927034868545043e-02,-2.793314904635953513e-02,-1.203661056178286920e-01,7.510644675799925916e-03,-3.247032715025467975e-01,4.357281157182985726e-02,8.365987287014126084e-02,-9.864331837468007236e-02,-4.971805178209100923e-02,-1.249969342348256351e-01,6.482554105000842837e-02,3.214102643185294816e-01,2.902741439710460059e-01,1.899381122043344305e-01,1.448631553615864313e-02,-2.537264631034918949e-01,2.645774036418336306e-01,-2.716162260516791771e-01,-7.042327402942330505e-02,7.273665414098491946e-03,2.607464811856285980e-01,1.000000000000000000e+00,2.160897099429849311e-01,-1.005881956800653843e-01,2.214589482155131239e-01,2.629987506705133010e-02,7.136818118743765149e-01,-1.276254430708037568e-01,-1.246022219977010737e-01
3.825898642299988550e-01,8.977311580687127868e-02,4.209901660987372396e-01,1.434710658806959138e-03,5.942444168384576342e-01,-4.717764188222931324e-03,3.914282616560291750e-01,-3.548207470820979870e-01,-1.534558403520870917e-01,4.672020966902804551e-01,2.207513288589036948e-01,-1.053699020141903031e-01,-2.430932667122520374e-01,4.820482628842862050e-01,-3.225286177195253040e-02,5.290526868767616575e-01,3.261127251972631980e-01,2.384848341790803961e-01,3.609610412102236543e-01,-3.210591476496553187e-01,5.300086398905589080e-01,7.129155653361729517e-01,2.351723908044557887e-01,3.267475562580043208e-02,3.349986054064945651e-01,3.684999984722112099e-01,4.938706273386082590e-01,4.937012654671444345e-01,2.487686197189498960e-01,3.672881004584737097e-01,6.737810059164707210e-01,2.160897099429849311e-01,1.000000000000000000e+00,1.380038639724394389e-01,4.160546801890817603e-01,-2.096467450205930991e-02,2.826795386198801552e-01,4.249745123692473259e-01,-2.889183285074145915e-02
7.458482462440350902e-02,3.148463233141435280e-01,3.659462297700488143e-01,-9.341895204937300523e-02,4.177238579845064526e-01,-2.659677420173088280e-01,-1.070012966120691134e-01,-6.430562804527541199e-02,6.500704865070835448e-01,5.614886489321740948e-02,-2.642376083067061177e-01,6.331830950388865897e-01,-4.378757425438306594e-01,4.189433796438109536e-01,5.880761833343904899e-01,1.481505878280356958e-01,1.184619260450768680e-01,4.527279129921303324e-01,4.342617804172111962e-01,1.038282035357352417e-01,-3.438490375729160581e-02,1.265712560790244468e-01,3.408837284486690433e-01,-6.665963273069197559e-02,2.287581982467048677e-02,7.573227692220912965e-02,1.199713011416336100e-01,3.268793022365241302e-02,-1.162562539702488018e-01,3.865790061071286421e-01,4.908188348057820199e-02,-1.005881956800653843e-01,1.380038639724394389e-01,1.000000000000000000e+00,-1.906194739192102194e-01,5.256789121379225049e-01,-2.524628835568769047e-01,2.919346516668424596e-01,5.706810804458574138e-01
4.835707257185872243e-01,2.361955377744868467e-01,2.252302033235970002e-01,2.979072009670881149e-01,2.740883134712334135e-01,-1.202898038728875268e-01,3.495977415276167455e-01,-3.506945688317793519e-01,-2.460492652510462286e-01,4.007479274115881562e-01,2.822204433157249892e-01,-3.281716250748287211e-01,-7.330740418534920089e-02,4.579750513060763528e-01,-2.463769028515503945e-01,3.155070114850583862e-01,-1.289348909655557429e-01,1.640646881850349199e-03,8.951817101776459590e-03,-1.276891319648766343e-01,2.467002208115710860e-01,4.189764255486340128e-01,-1.083092537496332802e-01,-8.248474842074202465e-03,4.754259782641476750e-01,4.665420467368277535e-01,3.488966268817701999e-01,4.447596333719396888e-01,6.440403690510976276e-01,4.900818926328638636e-02,5.144951045169166015e-01,2.214589482155131239e-01,4.160546801890817603e-01,-1.906194739192102194e-01,1.000000000000000000e+00,-2.322240175354445546e-01,4.858221353251466756e-01,3.315621165217631505e-01,-1.456196785386617287e-01
2.979777785407879825e-02,2.484432693814877802e-01,2.024008340515800197e-01,-9.964103872286250371e-03,1.631136813864556556e-01,-7.694347257413845786e-02,-1.471512511681110913e-01,5.729086291111432083e-02,4.428132763755837642e-01,4.944541182382774375e-02,-3.166048738412800545e-01,4.274288117840086554e-01,-1.200941780478959747e-01,2.489227939779421750e-01,2.614185917492359845e-01,2.332015384231960198e-01,9.270423133216089059e-03,2.627021269084125477e-01,2.923831877649912259e-01,1.101112024481307461e-01,7.556820703954630902e-02,2.106495141745058919e-01,3.007559249557927306e-01,-9.904623491655259460e-02,-7.633277489051264186e-02,-9.392181532176629988e-02,4.241577340567376231e-02,-1.686463371145573154e-01,-2.290998463648340755e-01,3.711810048195458012e-01,6.870628154303575277e-03,2.629987506705133010e-02,-2.096467450205930991e-02,5.256789121379225049e-01,-2.322240175354445546e-01,1.000000000000000000e+00,-1.313363284797494090e-01,2.035780685919141852e-01,4.433478295908201416e-01
-1.429591875496094844e-01,-1.103327695256742236e-01,-4.495069698878072229e-02,1.451455542165913937e-01,8.562849968384382213e-03,4.122822570059829217e-01,3.116564466367842678e-01,1.098326667163859460e-01,-3.440874026472765523e-01,-1.589268787018726925e-01,6.868997123354772527e-02,-1.913794714880401315e-01,-7.736962568901442627e-02,1.072768666492590894e-01,-2.898082339715681854e-01,1.001555470223612354e-01,-1.783462050871323090e-01,-1.164733869340616457e-01,-7.896571729218160307e-02,7.712302410838767219e-02,8.181093977755583835e-02,3.478087205005902516e-01,9.720481930835223050e-02,1.381851082531512509e-01,1.961942056408094159e-01,-1.869392760575793733e-01,6.270150309774048802e-02,-1.193565600694715539e-01,2.010597680406923660e-01,-1.506671511529263444e-02,2.310489388619708095e-01,7.136818118743765149e-01,2.826795386198801552e-01,-2.524628835568769047e-01,4.858221353251466756e-01,-1.313363284797494090e-01,1.000000000000000000e+00,-8.211883816621370902e-02,-2.449338476072244475e-01
6.521972331456348249e-01,4.869108901166268044e-01,5.393739337046756788e-01,-5.816398971630011572e-02,6.449735750347236340e-01,-3.042748330927637634e-01,1.178866520334426182e-01,-5.316112948302066377e-01,2.252226798788209972e-01,5.917007594689716043e-01,1.531577453902580321e-01,-4.562339755051103563e-02,-1.886518302657712032e-01,4.778878492583097382e-01,1.442507804339734911e-01,5.237479997386406128e-01,2.225391395116670945e-01,4.545170353675100361e-01,3.806515496007891741e-01,-1.595426046888563376e-01,3.904529090428565663e-01,4.352856853330949738e-01,1.990659983127671950e-01,-1.649319388727099600e-01,4.041386966477897857e-01,5.130443008507540315e-01,3.365122944965630580e-01,4.723207444769971231e-01,3.093721175325046535e-01,5.172813853445710208e-01,5.377720475130807198e-01,-1.276254430708037568e-01,4.249745123692473259e-01,2.919346516668424596e-01,3.315621165217631505e-01,2.035780685919141852e-01,-8.211883816621370902e-02,1.000000000000000000e+00,4.038913936376694602e-01
1.129341236855958830e-01,4.094254407239851234e-01,3.793468732073651539e-01,-4.038347027344258433e-01,3.132624296178554424e-01,-3.178939931521732737e-02,-2.762565811532505244e-01,5.568634656551529893e-02,6.756578006943176895e-01,2.016483610614573374e-01,-1.109991552557566680e-01,5.852629450420797630e-01,-2.054398867447881361e-01,2.229837705797017011e-01,4.292448089924327248e-01,2.952538719506148102e-01,-3.607158667339840918e-02,6.195117677369275100e-01,4.359382755617431382e-01,1.129663550317746012e-01,-5.038306509938923067e-02,-1.947557291736783103e-02,4.643660586139896074e-01,2.381553648253791761e-02,1.830015082548564764e-01,-2.488497557952371389e-02,1.285739032608555210e-01,-1.746615806079439004e-01,-2.510159961432960052e-01,5.738517807303910034e-01,8.802798018910111544e-02,-1.246022219977010737e-01,-2.889183285074145915e-02,5.706810804458574138e-01,-1.456196785386617287e-01,4.433478295908201416e-01,-2.449338476072244475e-01,4.038913936376694602e-01,1.000000000000000000e+00
