1.000000000000000000e+00,7.126894931259503130e-01,6.897651815032374012e-01,2.500373337519998240e-01,7.040165440313569389e-01,5.774920273455996789e-01,2.438486557528240783e-01,-6.517874936893169879e-01,8.274469989728594488e-01,8.017845382948884936e-01,5.588162260980922280e-01,-3.937383993375141444e-01,2.536405666410194992e-02,7.397805315942199700e-01,-2.571925775864430386e-01,7.774011331784566048e-01,6.046122893570059498e-01,1.160711177836975666e-01,-1.464188252608496499e-01,7.368265755677116946e-02,6.810714713293608558e-02,4.078348634837498654e-01,6.304715008918219121e-01,1.359670324305465583e-01,7.326609655622089434e-01,7.616581917579858807e-01,6.044375367978555014e-01,7.280888672406246043e-01,7.756462914118621432e-01,7.675374048165841678e-01,6.063886481758054003e-01,1.988687146501411929e-01,6.561505272596891425e-01,-1.606732705268900663e-01,5.899632267220203952e-01,8.026223183953927753e-01,6.313923835500724335e-01,6.189604463520015365e-01,5.106003299846054722e-01
7.126894931259503130e-01,1.000000000000000000e+00,6.541482409280624521e-01,8.601062256092124880e-02,7.170482279782659507e-01,4.278014330388320019e-01,1.642486868569461023e-01,-7.033059869149365095e-01,7.088662238573356644e-01,7.456345029816014991e-01,4.265504105075110242e-01,-4.053907521553991311e-02,1.912704601220598377e-01,5.818628153988740781e-01,-4.339326456696729339e-01,8.181650930794717169e-01,4.517465335752703925e-01,1.791275593467642757e-01,4.728507691978717925e-02,-2.446840273512652930e-01,2.848680738610692709e-01,5.193624624033098547e-01,8.015287736653690098e-01,3.417014393669512984e-01,6.464702499162601201e-01,3.558634272622989703e-01,6.679752247281998123e-01,3.299912138634015224e-01,4.748890902162508643e-01,7.175484011465769196e-01,6.137229102358500166e-01,6.683502060524624255e-01,5.587299005468080448e-01,-6.926137046165667388e-03,4.225355749695079433e-01,7.816568092123088451e-01,5.186260134664963939e-01,1.238447782124982854e-01,6.685520557026107813e-01
6.897651815032374012e-01,6.541482409280624521e-01,1.000000000000000000e+00,2.070254999296874399e-01,8.226670993343068172e-01,5.296416442859388507e-01,2.945698441061564421e-01,-9.151095103848265744e-01,7.400636650686562845e-01,7.280454717776700946e-01,5.620741238551514307e-01,-2.666736226326501535e-01,1.974806181465564303e-01,6.850773006070164373e-01,-3.822665582441591159e-01,7.551116676389358906e-01,5.900149831894950792e-01,2.258419987329736145e-01,1.277445379050595915e-02,-4.430119274798853535e-03,9.458078707443547117e-02,5.809665577757314736e-01,6.031289899431601098e-01,1.871924722475201974e-01,7.016972432468767673e-01,6.199424888721284388e-01,6.082746038504512898e-01,6.776391943579326282e-01,5.950629519989892868e-01,5.976398043386769166e-01,6.948506216561194382e-01,3.274152055336880807e-01,6.819405130213395116e-01,-7.916986120562985452e-02,5.728558541391363113e-01,6.991199626355708574e-01,6.205645130813193244e-01,3.488108056446575511e-01,5.334607135728808291e-01
2.500373337519998240e-01,8.601062256092124880e-02,2.070254999296874399e-01,1.000000000000000000e+00,2.875314417895467600e-01,5.289401516559537608e-01,7.192649427798465389e-01,-1.031581246866605933e-01,3.590354160979278841e-01,3.949324440380214685e-01,5.030707966741875259e-01,-5.059101926602103116e-01,3.342463354321464353e-01,4.544359858932076612e-01,-4.032813950966098182e-01,3.456517630224748561e-01,4.524033932472799613e-01,2.966476822094684176e-02,-3.587504416516996697e-01,3.127849194758234863e-01,-2.758138823024883779e-01,3.237693553405814328e-01,1.492210441292683432e-01,-4.948318965388812662e-01,3.709897348719259358e-01,4.536568975466749865e-01,2.850698967825762153e-01,3.743106518062606081e-01,5.425600198914423133e-01,5.609208384647688256e-02,3.882757233319012458e-01,-3.356089808031114674e-01,5.095196032254021290e-01,-5.840696308800967795e-01,5.561433759211459327e-01,1.729613058099294665e-01,4.660244639667429079e-01,1.105118198793415309e-02,1.870240983819167757e-01
7.040165440313569389e-01,7.170482279782659507e-01,8.226670993343068172e-01,2.875314417895467600e-01,1.000000000000000000e+00,4.563976479807471121e-01,2.733538113943934089e-01,-8.248059182032698722e-01,7.811914507842596667e-01,7.376615491806878255e-01,4.636416104706204133e-01,-1.614466660814068144e-01,1.572958774306857932e-01,6.007622909747217799e-01,-3.619941770964855143e-01,8.057339695898741994e-01,4.937061615164459183e-01,4.212698335503775593e-01,9.959827176895397205e-02,-1.518681227169199899e-01,1.325223467592935023e-01,4.281074439345681215e-01,6.562970629079926121e-01,1.719589130156371493e-01,6.118588274882078570e-01,5.178826111497717433e-01,5.677580988628401215e-01,5.386184908136235627e-01,5.600335239017512068e-01,6.968386851734785781e-01,6.034149054977198112e-01,4.510247632437172083e-01,5.635675890727892545e-01,-2.083552922864273169e-02,4.860431886110798128e-01,6.677848636028386187e-01,5.263090486251033040e-01,3.053255447720177318e-01,6.104619965902320367e-01
5.774920273455996789e-01,4.278014330388320019e-01,5.296416442859388507e-01,5.289401516559537608e-01,4.563976479807471121e-01,1.000000000000000000e+00,6.296719245896371664e-01,-3.721265075151116153e-01,7.335760427090870506e-01,7.306561583500834622e-01,9.330052195016921290e-01,-6.929701244636314872e-01,4.622054860495162232e-01,9.063090309350158025e-01,-7.429262148331907678e-01,6.544184786575844015e-01,9.327372913021548806e-01,-3.980838761537724424e-01,-6.800502578269675968e-01,4.886929337804645640e-02,-4.511884024504048130e-01,4.569334138536171874e-01,5.861910188157941626e-01,-3.853500014826645170e-01,8.122687200035915156e-01,8.093892188756887096e-01,8.032095419950987525e-01,5.084631927935597817e-01,8.724117156500327264e-01,2.307515001016325895e-01,8.798698269160940555e-01,-6.834345273449711489e-02,8.966964856551897789e-01,-7.681284478502569124e-01,9.416863902109959827e-01,5.675782359148594525e-01,9.350109637807560992e-01,2.201053027963868203e-01,5.355140564646025947e-01
2.438486557528240783e-01,1.642486868569461023e-01,2.945698441061564421e-01,7.192649427798465389e-01,2.733538113943934089e-01,6.296719245896371664e-01,1.000000000000000000e+00,-1.486255757874045125e-01,3.826886042266047228e-01,4.177317146608603426e-01,6.184967906725139519e-01,-5.288577748845971760e-01,5.267318073122979616e-01,5.758725460435050181e-01,-5.398377860017888885e-01,3.659685223480697025e-01,5.755825379792077756e-01,-2.052143315475236096e-01,-4.903740232638956198e-01,2.624941887543968400e-01,-2.839271776685428628e-01,5.273391158973727011e-01,2.181933978012299824e-01,-4.097656568043508418e-01,4.741580320924789205e-01,4.776393406012796050e-01,4.467026103873257270e-01,3.728536568832407361e-01,5.937087582458366875e-01,6.141073973144248709e-03,5.388589903126328462e-01,-1.931400969994362393e-01,6.421884124915876457e-01,-6.414214129624410399e-01,6.697303387472329783e-01,2.656216544809150149e-01,5.975158497279033920e-01,-2.649782678841095321e-02,2.764502304484933171e-01
-6.517874936893169879e-01,-7.033059869149365095e-01,-9.151095103848265744e-01,-1.031581246866605933e-01,-8.248059182032698722e-01,-3.721265075151116153e-01,-1.486255757874045125e-01,1.000000000000000000e+00,-6.526472066430536456e-01,-6.563828693380032719e-01,-4.200049828280377762e-01,1.705874514426081179e-01,-9.336347408839613948e-02,-5.629156119456140139e-01,3.411626656831016624e-01,-7.144842309461391094e-01,-4.629310638414394496e-01,-3.191384946791048227e-01,-1.488855571598275973e-01,1.497857938052895299e-01,-2.241377393417394170e-01,-5.165528186361284524e-01,-6.009673256189443924e-01,-3.190580333547555769e-01,-6.071427247364697966e-01,-4.626934115896598199e-01,-5.118834580471299800e-01,-6.138819821045061742e-01,-4.503530905590422684e-01,-6.487507673711401246e-01,-5.854580577832105837e-01,-4.572109888437150271e-01,-5.370330587020094582e-01,-8.250960216064438801e-02,-4.024304054525633112e-01,-6.582747441505273356e-01,-4.857467431640595246e-01,-2.517038749886932325e-01,-4.777871794498044222e-01
8.274469989728594488e-01,7.088662238573356644e-01,7.400636650686562845e-01,3.590354160979278841e-01,7.811914507842596667e-01,7.335760427090870506e-01,3.826886042266047228e-01,-6.526472066430536456e-01,1.000000000000000000e+00,9.040218180499501877e-01,7.227229241359018896e-01,-3.780858977329860648e-01,2.432064738346420008e-01,8.124382763377576699e-01,-4.780162713255797224e-01,8.879206639900962816e-01,7.464934112603316407e-01,6.903167108638200156e-02,-2.206376874477737338e-01,-3.054986683769999115e-02,-9.000871207670885221e-02,4.402048278142578486e-01,7.608275203186769531e-01,-3.586968091690293653e-02,8.213086507945225323e-01,7.545874130833066795e-01,7.506023745186932716e-01,5.778805745705821728e-01,7.794443911291366600e-01,7.069317486059388811e-01,7.943509401483367371e-01,2.524332944984835625e-01,7.687349115614648953e-01,-3.202654737059734136e-01,7.381836498658873591e-01,7.825785082828002892e-01,7.756150049836431082e-01,4.390676117517912647e-01,7.245313326336040305e-01
8.017845382948884936e-01,7.456345029816014991e-01,7.280454717776700946e-01,3.949324440380214685e-01,7.376615491806878255e-01,7.306561583500834622e-01,4.177317146608603426e-01,-6.563828693380032719e-01,9.040218180499501877e-01,1.000000000000000000e+00,7.163787438010904562e-01,-4.023824299649633174e-01,2.234656687835907263e-01,8.173217592210391125e-01,-5.324514464216266729e-01,9.064452819393539196e-01,7.379922349058019027e-01,3.337169622173027927e-02,-2.074103465439924299e-01,-2.947755269803246231e-02,-5.898987242056168145e-02,4.814131585515805112e-01,8.034437013086570545e-01,6.760938044895647286e-03,8.608115248437717693e-01,7.316731353459345888e-01,7.693434986644847040e-01,5.640973455672746439e-01,7.568589053686549661e-01,6.626970783575154567e-01,8.155794909406729465e-01,2.481356094248024780e-01,7.766153033629328295e-01,-3.499677591269098054e-01,7.320372983374948683e-01,7.972001779058667248e-01,7.664186019388047333e-01,3.219075219132468413e-01,7.369211037106927487e-01
5.588162260980922280e-01,4.265504105075110242e-01,5.620741238551514307e-01,5.030707966741875259e-01,4.636416104706204133e-01,9.330052195016921290e-01,6.184967906725139519e-01,-4.200049828280377762e-01,7.227229241359018896e-01,7.163787438010904562e-01,1.000000000000000000e+00,-6.761504231938332277e-01,4.527885745840630749e-01,8.977464101231616977e-01,-7.560189961670948922e-01,6.346378889774764165e-01,9.377591839779300109e-01,-4.231536044197860558e-01,-6.741929889171713874e-01,2.646412502863233068e-02,-4.822557344245609889e-01,4.619779143172072500e-01,5.465942788636654059e-01,-3.878698172474287498e-01,7.997363832537869310e-01,8.007554339974013446e-01,8.004904012398447177e-01,5.227106849722552573e-01,8.493452416662484739e-01,2.237544606102702671e-01,8.781521610849026827e-01,-5.462784787396821051e-02,8.809441046160743083e-01,-7.424886001431488802e-01,9.299930962859339623e-01,5.879990136237656095e-01,9.231305519002096505e-01,2.100709334771983794e-01,5.519839388447107531e-01
-3.937383993375141444e-01,-4.053907521553991311e-02,-2.666736226326501535e-01,-5.059101926602103116e-01,-1.614466660814068144e-01,-6.929701244636314872e-01,-5.288577748845971760e-01,1.705874514426081179e-01,-3.780858977329860648e-01,-4.023824299649633174e-01,-6.761504231938332277e-01,1.000000000000000000e+00,-7.311499070240547182e-02,-6.433250952440885406e-01,5.187416796853075995e-01,-2.586611809078991353e-01,-7.145570816472015530e-01,4.588213241682172483e-01,7.171725489786441310e-01,-2.229828914244167404e-01,5.418146724092283151e-01,-1.637577361157779576e-01,-1.517484565160210075e-01,4.864644059936176212e-01,-4.948681522012995382e-01,-7.111179891435147615e-01,-3.502196722098475656e-01,-5.806728978408933761e-01,-6.701105821762428638e-01,-4.340260380925733963e-02,-5.118573566701742905e-01,4.981393879432080007e-01,-5.638759204886790721e-01,7.458001954767415898e-01,-6.496643132049452207e-01,-1.989683026622088291e-01,-6.328107733839771765e-01,-1.816785149921918419e-01,2.516463790808538825e-02
2.536405666410194992e-02,1.912704601220598377e-01,1.974806181465564303e-01,3.342463354321464353e-01,1.572958774306857932e-01,4.622054860495162232e-01,5.267318073122979616e-01,-9.336347408839613948e-02,2.432064738346420008e-01,2.234656687835907263e-01,4.527885745840630749e-01,-7.311499070240547182e-02,1.000000000000000000e+00,3.693086396167608032e-01,-5.157857776647379877e-01,2.798430451980111200e-01,4.110832277289792613e-01,-2.122044558633457978e-01,-3.353084363645559840e-01,-1.068387520211898367e-01,-1.132256283434930760e-01,4.681842569452485670e-01,2.446367781159355936e-01,-2.636730576447805507e-01,3.212204617811817431e-01,1.461122910710702660e-01,4.255413959703582272e-01,-2.309942205375020013e-02,3.137520361933208712e-01,-1.008743331018269185e-01,4.524189868897868227e-01,1.909505047869422545e-01,5.110361957822160406e-01,-4.256943511952424042e-01,5.086594977767729953e-01,1.808826972409444123e-01,4.492356613179550040e-01,-2.346194675766443138e-01,3.477600022430925586e-01
7.397805315942199700e-01,5.818628153988740781e-01,6.850773006070164373e-01,4.544359858932076612e-01,6.007622909747217799e-01,9.063090309350158025e-01,5.758725460435050181e-01,-5.629156119456140139e-01,8.124382763377576699e-01,8.173217592210391125e-01,8.977464101231616977e-01,-6.433250952440885406e-01,3.693086396167608032e-01,1.000000000000000000e+00,-6.742796663146601865e-01,7.605582555999783612e-01,9.096807533110130572e-01,-2.873855327073094879e-01,-5.626201518662363732e-01,2.992088837124397618e-02,-3.002473991324473568e-01,5.272525940264964905e-01,6.605734296253898963e-01,-1.751524921906668641e-01,8.744895540818024005e-01,8.494862567941566800e-01,8.178822458837909926e-01,6.552570749246651172e-01,9.061209020077610754e-01,4.099439564220940246e-01,8.887512823199589240e-01,4.992261972034261336e-02,9.065357909596845065e-01,-6.140762201425974398e-01,9.127320115554505842e-01,7.242227384927260037e-01,9.269006966858912566e-01,3.347311195363422143e-01,5.806599813394534015e-01
-2.571925775864430386e-01,-4.339326456696729339e-01,-3.822665582441591159e-01,-4.032813950966098182e-01,-3.619941770964855143e-01,-7.429262148331907678e-01,-5.398377860017888885e-01,3.411626656831016624e-01,-4.780162713255797224e-01,-5.324514464216266729e-01,-7.560189961670948922e-01,5.187416796853075995e-01,-5.157857776647379877e-01,-6.742796663146601865e-01,1.000000000000000000e+00,-5.202639487644984406e-01,-7.426034607065542525e-01,4.452575802308177400e-01,6.062236945806548372e-01,3.156470527131598480e-01,3.787696440060406844e-01,-4.110885562493521994e-01,-5.304159603656494193e-01,3.853056020242336399e-01,-6.123026973288844266e-01,-3.994827357117199385e-01,-6.999377159766978496e-01,-1.366061592005275716e-01,-5.250712104987089734e-01,-5.150286961299380822e-02,-7.841614150410386452e-01,-1.762961010680906548e-01,-6.585768305349426477e-01,7.229314120152166012e-01,-7.073006798037839715e-01,-3.604943694563214063e-01,-7.221120665700990759e-01,3.000804669337045483e-01,-5.408545906601709419e-01
7.774011331784566048e-01,8.181650930794717169e-01,7.551116676389358906e-01,3.456517630224748561e-01,8.057339695898741994e-01,6.544184786575844015e-01,3.659685223480697025e-01,-7.144842309461391094e-01,8.879206639900962816e-01,9.064452819393539196e-01,6.346378889774764165e-01,-2.586611809078991353e-01,2.798430451980111200e-01,7.605582555999783612e-01,-5.202639487644984406e-01,1.000000000000000000e+00,6.655591226395475291e-01,1.363217123554043564e-01,-1.207490917637239203e-01,-8.707400927958065806e-02,7.549295143103063044e-02,5.403080068775039102e-01,8.355249771311655804e-01,1.013063997957142637e-01,8.019416991606891365e-01,6.042948378229429096e-01,7.570205151022042500e-01,4.988741864246578617e-01,6.883687925319986745e-01,6.959749904067331627e-01,7.712404733138749080e-01,4.106383788844086835e-01,7.384765998772754303e-01,-2.546131785421573146e-01,6.614938447194865789e-01,8.009261866131187624e-01,7.124821626048351009e-01,2.810866334259262134e-01,7.430814288816549595e-01
6.046122893570059498e-01,4.517465335752703925e-01,5.900149831894950792e-01,4.524033932472799613e-01,4.937061615164459183e-01,9.327372913021548806e-01,5.755825379792077756e-01,-4.629310638414394496e-01,7.464934112603316407e-01,7.379922349058019027e-01,9.377591839779300109e-01,-7.145570816472015530e-01,4.110832277289792613e-01,9.096807533110130572e-01,-7.426034607065542525e-01,6.655591226395475291e-01,1.000000000000000000e+00,-4.042685582878479122e-01,-6.494248435885933146e-01,-7.812934893431084868e-03,-4.295443659886928889e-01,4.463275878831369226e-01,5.926634979142736404e-01,-3.267786618605657001e-01,8.185309614705863490e-01,8.180416505832036611e-01,8.066843676486836756e-01,5.597641064659649723e-01,8.467586141500597074e-01,2.743200990065023936e-01,8.824225119120099325e-01,-3.109701585630736745e-02,8.815304812664259693e-01,-7.143384430934212048e-01,9.098018701190784263e-01,5.953751840712979693e-01,9.234610177464651626e-01,2.559502057669986730e-01,5.197740519918041535e-01
1.160711177836975666e-01,1.791275593467642757e-01,2.258419987329736145e-01,2.966476822094684176e-02,4.212698335503775593e-01,-3.980838761537724424e-01,-2.052143315475236096e-01,-3.191384946791048227e-01,6.903167108638200156e-02,3.337169622173027927e-02,-4.231536044197860558e-01,4.588213241682172483e-01,-2.122044558633457978e-01,-2.873855327073094879e-01,4.452575802308177400e-01,1.363217123554043564e-01,-4.042685582878479122e-01,1.000000000000000000e+00,7.854038505828299099e-01,1.736892306521047036e-02,5.287140820133447994e-01,1.490871289019402891e-02,2.961729205130569226e-02,4.074965841748701689e-01,-1.768237736874905541e-01,-1.863065895258661508e-01,-2.364430551406496717e-01,7.014446241842275942e-02,-2.120256494675826497e-01,4.087204105723848957e-01,-2.585263838703232286e-01,2.905813379860703316e-01,-2.278418895648970655e-01,6.308664248183479817e-01,-3.556227547898250241e-01,2.000915281772366536e-02,-3.518224146721965484e-01,1.465136116918908382e-01,5.451692181573616555e-03
-1.464188252608496499e-01,4.728507691978717925e-02,1.277445379050595915e-02,-3.587504416516996697e-01,9.959827176895397205e-02,-6.800502578269675968e-01,-4.903740232638956198e-01,-1.488855571598275973e-01,-2.206376874477737338e-01,-2.074103465439924299e-01,-6.741929889171713874e-01,7.171725489786441310e-01,-3.353084363645559840e-01,-5.626201518662363732e-01,6.062236945806548372e-01,-1.207490917637239203e-01,-6.494248435885933146e-01,7.854038505828299099e-01,1.000000000000000000e+00,-1.131970556178665543e-01,6.529293931951901664e-01,-1.188890591199653207e-01,-8.580612370163696878e-02,5.733115319007959787e-01,-3.748570334940349857e-01,-4.947417505660688386e-01,-4.024566886677830024e-01,-2.136631837685495083e-01,-5.586920667170586219e-01,2.663494155217998594e-01,-4.799131381068096336e-01,4.016871945311248915e-01,-4.975251355297946043e-01,8.588440621166031352e-01,-6.450581295376335289e-01,-1.166826164926802745e-01,-6.029702030422037229e-01,-6.938123944227097585e-03,-8.329898795841028658e-02
7.368265755677116946e-02,-2.446840273512652930e-01,-4.430119274798853535e-03,3.127849194758234863e-01,-1.518681227169199899e-01,4.886929337804645640e-02,2.624941887543968400e-01,1.497857938052895299e-01,-3.054986683769999115e-02,-2.947755269803246231e-02,2.646412502863233068e-02,-2.229828914244167404e-01,-1.068387520211898367e-01,2.992088837124397618e-02,3.156470527131598480e-01,-8.707400927958065806e-02,-7.812934893431084868e-03,1.736892306521047036e-02,-1.131970556178665543e-01,1.000000000000000000e+00,-1.017147332290122864e-02,2.483607777736067668e-01,-2.538175266777385475e-01,-1.017219589674192154e-01,-6.630646548363188430e-04,2.521087879099914719e-01,-9.695424530891900983e-02,3.899060462036370023e-01,2.011936881211837946e-01,-1.126204115017566537e-01,-1.257138304030097353e-01,-5.310704955500309410e-01,1.348855618311308457e-01,-8.746469616693226812e-02,1.004637283698251032e-01,-2.405938826359439731e-02,3.816759911057269333e-02,3.670427128839966469e-01,-3.005998459278303447e-01
6.810714713293608558e-02,2.848680738610692709e-01,9.458078707443547117e-02,-2.758138823024883779e-01,1.325223467592935023e-01,-4.511884024504048130e-01,-2.839271776685428628e-01,-2.241377393417394170e-01,-9.000871207670885221e-02,-5.898987242056168145e-02,-4.822557344245609889e-01,5.418146724092283151e-01,-1.132256283434930760e-01,-3.002473991324473568e-01,3.787696440060406844e-01,7.549295143103063044e-02,-4.295443659886928889e-01,5.287140820133447994e-01,6.529293931951901664e-01,-1.017147332290122864e-02,1.000000000000000000e+00,2.395491228426763486e-01,1.234344662296178174e-01,6.983212055820509079e-01,-1.371639305798129371e-01,-4.006422979222633018e-01,-1.778903123115562757e-01,2.136443698986964469e-05,-3.134104233220607050e-01,3.370883532557059081e-01,-3.217583542793226448e-01,5.156793636523894220e-01,-2.200625524167182101e-01,6.746538232076364494e-01,-4.402300422401592139e-01,1.453165269510502955e-01,-3.759608684532050327e-01,5.733361964537780908e-02,1.409335368896367374e-02
4.078348634837498654e-01,5.193624624033098547e-01,5.809665577757314736e-01,3.237693553405814328e-01,4.281074439345681215e-01,4.569334138536171874e-01,5.273391158973727011e-01,-5.165528186361284524e-01,4.402048278142578486e-01,4.814131585515805112e-01,4.619779143172072500e-01,-1.637577361157779576e-01,4.681842569452485670e-01,5.272525940264964905e-01,-4.110885562493521994e-01,5.403080068775039102e-01,4.463275878831369226e-01,1.490871289019402891e-02,-1.188890591199653207e-01,2.483607777736067668e-01,2.395491228426763486e-01,1.000000000000000000e+00,3.986023457944473103e-01,8.081742699107667682e-02,5.319849393242978008e-01,3.449337989414290040e-01,5.621159190703054476e-01,4.477794512347657019e-01,4.787720284759835465e-01,2.472090742123682627e-01,5.335375849794808945e-01,2.791077063472220954e-01,6.825666780032524361e-01,-1.893183386285828551e-01,5.165941286929781606e-01,4.873511515714410991e-01,5.302313032358252354e-01,7.572145756951945139e-02,4.182235784042562243e-01
6.304715008918219121e-01,8.015287736653690098e-01,6.031289899431601098e-01,1.492210441292683432e-01,6.562970629079926121e-01,5.861910188157941626e-01,2.181933978012299824e-01,-6.009673256189443924e-01,7.608275203186769531e-01,8.034437013086570545e-01,5.465942788636654059e-01,-1.517484565160210075e-01,2.446367781159355936e-01,6.605734296253898963e-01,-5.304159603656494193e-01,8.355249771311655804e-01,5.926634979142736404e-01,2.961729205130569226e-02,-8.580612370163696878e-02,-2.538175266777385475e-01,1.234344662296178174e-01,3.986023457944473103e-01,1.000000000000000000e+00,2.613480059796591259e-01,7.893986391070560993e-01,4.363975943815643910e-01,7.467164327031867721e-01,2.931909554905913207e-01,5.423820872676994309e-01,6.115226736531800267e-01,7.140892165529588720e-01,5.313621678390967329e-01,6.227044651861541880e-01,-1.748629530365996554e-01,5.524070726566762124e-01,7.283520009101008830e-01,6.505418413404145950e-01,1.199577827418641246e-01,7.577978215424150399e-01
1.359670324305465583e-01,3.417014393669512984e-01,1.871924722475201974e-01,-4.948318965388812662e-01,1.719589130156371493e-01,-3.853500014826645170e-01,-4.097656568043508418e-01,-3.190580333547555769e-01,-3.586968091690293653e-02,6.760938044895647286e-03,-3.878698172474287498e-01,4.864644059936176212e-01,-2.636730576447805507e-01,-1.751524921906668641e-01,3.853056020242336399e-01,1.013063997957142637e-01,-3.267786618605657001e-01,4.074965841748701689e-01,5.733115319007959787e-01,-1.017219589674192154e-01,6.983212055820509079e-01,8.081742699107667682e-02,2.613480059796591259e-01,1.000000000000000000e+00,-2.186397192643502532e-02,-2.625012739285494390e-01,-7.975852411198285086e-02,5.488315874774986336e-02,-2.419183174244717016e-01,3.191455094090053790e-01,-2.080746600077299224e-01,5.340143728239225007e-01,-1.878170873396656781e-01,7.016685648407787745e-01,-3.767929132398970538e-01,1.988523786056063392e-01,-2.566337704188744739e-01,1.394482234233329343e-01,2.705553249923765835e-02
7.326609655622089434e-01,6.464702499162601201e-01,7.016972432468767673e-01,3.709897348719259358e-01,6.118588274882078570e-01,8.122687200035915156e-01,4.741580320924789205e-01,-6.071427247364697966e-01,8.213086507945225323e-01,8.608115248437717693e-01,7.997363832537869310e-01,-4.948681522012995382e-01,3.212204617811817431e-01,8.744895540818024005e-01,-6.123026973288844266e-01,8.019416991606891365e-01,8.185309614705863490e-01,-1.768237736874905541e-01,-3.748570334940349857e-01,-6.630646548363188430e-04,-1.371639305798129371e-01,5.319849393242978008e-01,7.893986391070560993e-01,-2.186397192643502532e-02,1.000000000000000000e+00,7.531693217539752183e-01,7.840042780698295299e-01,5.960536377389534790e-01,8.021873005255359956e-01,5.134342702697389793e-01,8.563489011411186125e-01,1.657382689311419355e-01,8.475879124242530205e-01,-4.575939309900707297e-01,8.192882873803749577e-01,7.614837710524781089e-01,8.591865158427786087e-01,2.883368289250576311e-01,6.694522699489046103e-01
7.616581917579858807e-01,3.558634272622989703e-01,6.199424888721284388e-01,4.536568975466749865e-01,5.178826111497717433e-01,8.093892188756887096e-01,4.776393406012796050e-01,-4.626934115896598199e-01,7.545874130833066795e-01,7.316731353459345888e-01,8.007554339974013446e-01,-7.111179891435147615e-01,1.461122910710702660e-01,8.494862567941566800e-01,-3.994827357117199385e-01,6.042948378229429096e-01,8.180416505832036611e-01,-1.863065895258661508e-01,-4.947417505660688386e-01,2.521087879099914719e-01,-4.006422979222633018e-01,3.449337989414290040e-01,4.363975943815643910e-01,-2.625012739285494390e-01,7.531693217539752183e-01,1.000000000000000000e+00,6.370521164780281742e-01,7.697398852217477438e-01,8.987343255327536751e-01,4.021469551836543421e-01,7.288793688390217129e-01,-2.386853219884542410e-01,7.928684199997286797e-01,-5.392490914305214655e-01,8.277290200664952913e-01,5.960483562438471106e-01,8.022210193179043491e-01,5.840510157041829409e-01,3.782415207817059755e-01
6.044375367978555014e-01,6.679752247281998123e-01,6.082746038504512898e-01,2.850698967825762153e-01,5.677580988628401215e-01,8.032095419950987525e-01,4.467026103873257270e-01,-5.118834580471299800e-01,7.506023745186932716e-01,7.693434986644847040e-01,8.004904012398447177e-01,-3.502196722098475656e-01,4.255413959703582272e-01,8.178822458837909926e-01,-6.999377159766978496e-01,7.570205151022042500e-01,8.066843676486836756e-01,-2.364430551406496717e-01,-4.024566886677830024e-01,-9.695424530891900983e-02,-1.778903123115562757e-01,5.621159190703054476e-01,7.467164327031867721e-01,-7.975852411198285086e-02,7.840042780698295299e-01,6.370521164780281742e-01,1.000000000000000000e+00,3.676122379676620699e-01,7.181025839100436681e-01,3.581861645295700836e-01,8.750573047573689811e-01,3.333015817378323087e-01,8.370932477356924917e-01,-4.730885719881491314e-01,7.891165674761076998e-01,7.119629865123906498e-01,8.348968590215886110e-01,2.033535413062781405e-01,7.410491355189159357e-01
7.280888672406246043e-01,3.299912138634015224e-01,6.776391943579326282e-01,3.743106518062606081e-01,5.386184908136235627e-01,5.084631927935597817e-01,3.728536568832407361e-01,-6.138819821045061742e-01,5.778805745705821728e-01,5.640973455672746439e-01,5.227106849722552573e-01,-5.806728978408933761e-01,-2.309942205375020013e-02,6.552570749246651172e-01,-1.366061592005275716e-01,4.988741864246578617e-01,5.597641064659649723e-01,7.014446241842275942e-02,-2.136631837685495083e-01,3.899060462036370023e-01,2.136443698986964469e-05,4.477794512347657019e-01,2.931909554905913207e-01,5.488315874774986336e-02,5.960536377389534790e-01,7.697398852217477438e-01,3.676122379676620699e-01,1.000000000000000000e+00,7.132747346403028876e-01,4.606249894570713654e-01,4.705049443678824272e-01,-1.848693293073158661e-01,6.144260206376892519e-01,-1.775695339854080901e-01,5.447514529896745339e-01,5.535056378568364854e-01,5.538807765633858571e-01,6.094370557257599019e-01,1.325795563984856484e-01
7.756462914118621432e-01,4.748890902162508643e-01,5.950629519989892868e-01,5.425600198914423133e-01,5.600335239017512068e-01,8.724117156500327264e-01,5.937087582458366875e-01,-4.503530905590422684e-01,7.794443911291366600e-01,7.568589053686549661e-01,8.493452416662484739e-01,-6.701105821762428638e-01,3.137520361933208712e-01,9.061209020077610754e-01,-5.250712104987089734e-01,6.883687925319986745e-01,8.467586141500597074e-01,-2.120256494675826497e-01,-5.586920667170586219e-01,2.011936881211837946e-01,-3.134104233220607050e-01,4.787720284759835465e-01,5.423820872676994309e-01,-2.419183174244717016e-01,8.021873005255359956e-01,8.987343255327536751e-01,7.181025839100436681e-01,7.132747346403028876e-01,1.000000000000000000e+00,4.021656996269016848e-01,7.691978129248240315e-01,-9.771865877153082525e-02,8.647177122933944471e-01,-6.091871892100159114e-01,8.896949207151373384e-01,6.644797173359092701e-01,8.678104921343846589e-01,4.965535028906272186e-01,4.905407636309290220e-01
7.675374048165841678e-01,7.175484011465769196e-01,5.976398043386769166e-01,5.609208384647688256e-02,6.968386851734785781e-01,2.307515001016325895e-01,6.141073973144248709e-03,-6.487507673711401246e-01,7.069317486059388811e-01,6.626970783575154567e-01,2.237544606102702671e-01,-4.340260380925733963e-02,-1.008743331018269185e-01,4.099439564220940246e-01,-5.150286961299380822e-02,6.959749904067331627e-01,2.743200990065023936e-01,4.087204105723848957e-01,2.663494155217998594e-01,-1.126204115017566537e-01,3.370883532557059081e-01,2.472090742123682627e-01,6.115226736531800267e-01,3.191455094090053790e-01,5.134342702697389793e-01,4.021469551836543421e-01,3.581861645295700836e-01,4.606249894570713654e-01,4.021656996269016848e-01,1.000000000000000000e+00,3.535557704155025682e-01,4.253613091641476052e-01,3.351365689400562231e-01,1.996522384895827174e-01,2.447992666172805476e-01,6.908546554288446107e-01,3.216103942343082056e-01,4.162049557021450519e-01,4.773692340843581072e-01
6.063886481758054003e-01,6.137229102358500166e-01,6.948506216561194382e-01,3.882757233319012458e-01,6.034149054977198112e-01,8.798698269160940555e-01,5.388589903126328462e-01,-5.854580577832105837e-01,7.943509401483367371e-01,8.155794909406729465e-01,8.781521610849026827e-01,-5.118573566701742905e-01,4.524189868897868227e-01,8.887512823199589240e-01,-7.841614150410386452e-01,7.712404733138749080e-01,8.824225119120099325e-01,-2.585263838703232286e-01,-4.799131381068096336e-01,-1.257138304030097353e-01,-3.217583542793226448e-01,5.335375849794808945e-01,7.140892165529588720e-01,-2.080746600077299224e-01,8.563489011411186125e-01,7.288793688390217129e-01,8.750573047573689811e-01,4.705049443678824272e-01,7.691978129248240315e-01,3.535557704155025682e-01,1.000000000000000000e+00,1.767052892097379924e-01,8.788704588865848821e-01,-5.868350765986306561e-01,8.739284868799002126e-01,6.483498475919862170e-01,9.028854296822261816e-01,1.244939693137934178e-01,6.860039378181440606e-01
1.988687146501411929e-01,6.683502060524624255e-01,3.274152055336880807e-01,-3.356089808031114674e-01,4.510247632437172083e-01,-6.834345273449711489e-02,-1.931400969994362393e-01,-4.572109888437150271e-01,2.524332944984835625e-01,2.481356094248024780e-01,-5.462784787396821051e-02,4.981393879432080007e-01,1.909505047869422545e-01,4.992261972034261336e-02,-1.762961010680906548e-01,4.106383788844086835e-01,-3.109701585630736745e-02,2.905813379860703316e-01,4.016871945311248915e-01,-5.310704955500309410e-01,5.156793636523894220e-01,2.791077063472220954e-01,5.313621678390967329e-01,5.340143728239225007e-01,1.657382689311419355e-01,-2.386853219884542410e-01,3.333015817378323087e-01,-1.848693293073158661e-01,-9.771865877153082525e-02,4.253613091641476052e-01,1.767052892097379924e-01,1.000000000000000000e+00,6.378608315511441473e-02,4.043619204793967303e-01,-7.371261031675990782e-02,4.163570802004928351e-01,2.495683730383439075e-02,-1.428123078197167661e-01,5.191900705627708890e-01
6.561505272596891425e-01,5.587299005468080448e-01,6.819405130213395116e-01,5.095196032254021290e-01,5.635675890727892545e-01,8.966964856551897789e-01,6.421884124915876457e-01,-5.370330587020094582e-01,7.687349115614648953e-01,7.766153033629328295e-01,8.809441046160743083e-01,-5.638759204886790721e-01,5.110361957822160406e-01,9.065357909596845065e-01,-6.585768305349426477e-01,7.384765998772754303e-01,8.815304812664259693e-01,-2.278418895648970655e-01,-4.975251355297946043e-01,1.348855618311308457e-01,-2.200625524167182101e-01,6.825666780032524361e-01,6.227044651861541880e-01,-1.878170873396656781e-01,8.475879124242530205e-01,7.928684199997286797e-01,8.370932477356924917e-01,6.144260206376892519e-01,8.647177122933944471e-01,3.351365689400562231e-01,8.788704588865848821e-01,6.378608315511441473e-02,1.000000000000000000e+00,-5.904158011146586338e-01,9.075756119838351843e-01,6.667977966002566204e-01,9.157816433112525578e-01,2.936303692523193343e-01,5.720850112083651906e-01
-1.606732705268900663e-01,-6.926137046165667388e-03,-7.916986120562985452e-02,-5.840696308800967795e-01,-2.083552922864273169e-02,-7.681284478502569124e-01,-6.414214129624410399e-01,-8.250960216064438801e-02,-3.202654737059734136e-01,-3.499677591269098054e-01,-7.424886001431488802e-01,7.458001954767415898e-01,-4.256943511952424042e-01,-6.140762201425974398e-01,7.229314120152166012e-01,-2.546131785421573146e-01,-7.143384430934212048e-01,6.308664248183479817e-01,8.588440621166031352e-01,-8.746469616693226812e-02,6.746538232076364494e-01,-1.893183386285828551e-01,-1.748629530365996554e-01,7.016685648407787745e-01,-4.575939309900707297e-01,-5.392490914305214655e-01,-4.730885719881491314e-01,-1.775695339854080901e-01,-6.091871892100159114e-01,1.996522384895827174e-01,-5.868350765986306561e-01,4.043619204793967303e-01,-5.904158011146586338e-01,1.000000000000000000e+00,-7.401791976048657240e-01,-1.372653467527543136e-01,-6.721038397864047553e-01,8.807589779213803594e-02,-2.126378921878062933e-01
5.899632267220203952e-01,4.225355749695079433e-01,5.728558541391363113e-01,5.561433759211459327e-01,4.860431886110798128e-01,9.416863902109959827e-01,6.697303387472329783e-01,-4.024304054525633112e-01,7.381836498658873591e-01,7.320372983374948683e-01,9.299930962859339623e-01,-6.496643132049452207e-01,5.086594977767729953e-01,9.127320115554505842e-01,-7.073006798037839715e-01,6.614938447194865789e-01,9.098018701190784263e-01,-3.556227547898250241e-01,-6.450581295376335289e-01,1.004637283698251032e-01,-4.402300422401592139e-01,5.165941286929781606e-01,5.524070726566762124e-01,-3.767929132398970538e-01,8.192882873803749577e-01,8.277290200664952913e-01,7.891165674761076998e-01,5.447514529896745339e-01,8.896949207151373384e-01,2.447992666172805476e-01,8.739284868799002126e-01,-7.371261031675990782e-02,9.075756119838351843e-01,-7.401791976048657240e-01,1.000000000000000000e+00,5.891413529766301727e-01,9.315497588211714142e-01,2.476003916943301519e-01,5.523618048963577776e-01
8.026223183953927753e-01,7.816568092123088451e-01,6.991199626355708574e-01,1.729613058099294665e-01,6.677848636028386187e-01,5.675782359148594525e-01,2.656216544809150149e-01,-6.582747441505273356e-01,7.825785082828002892e-01,7.972001779058667248e-01,5.879990136237656095e-01,-1.989683026622088291e-01,1.808826972409444123e-01,7.242227384927260037e-01,-3.604943694563214063e-01,8.009261866131187624e-01,5.953751840712979693e-01,2.000915281772366536e-02,-1.166826164926802745e-01,-2.405938826359439731e-02,1.453165269510502955e-01,4.873511515714410991e-01,7.283520009101008830e-01,1.988523786056063392e-01,7.614837710524781089e-01,5.960483562438471106e-01,7.119629865123906498e-01,5.535056378568364854e-01,6.644797173359092701e-01,6.908546554288446107e-01,6.483498475919862170e-01,4.163570802004928351e-01,6.667977966002566204e-01,-1.372653467527543136e-01,5.891413529766301727e-01,1.000000000000000000e+00,6.409445338590601393e-01,4.407531486896765216e-01,6.740279804857814971e-01
6.313923835500724335e-01,5.186260134664963939e-01,6.205645130813193244e-01,4.660244639667429079e-01,5.263090486251033040e-01,9.350109637807560992e-01,5.975158497279033920e-01,-4.857467431640595246e-01,7.756150049836431082e-01,7.664186019388047333e-01,9.231305519002096505e-01,-6.328107733839771765e-01,4.492356613179550040e-01,9.269006966858912566e-01,-7.221120665700990759e-01,7.124821626048351009e-01,9.234610177464651626e-01,-3.518224146721965484e-01,-6.029702030422037229e-01,3.816759911057269333e-02,-3.759608684532050327e-01,5.302313032358252354e-01,6.505418413404145950e-01,-2.566337704188744739e-01,8.591865158427786087e-01,8.022210193179043491e-01,8.348968590215886110e-01,5.538807765633858571e-01,8.678104921343846589e-01,3.216103942343082056e-01,9.028854296822261816e-01,2.495683730383439075e-02,9.157816433112525578e-01,-6.721038397864047553e-01,9.315497588211714142e-01,6.409445338590601393e-01,1.000000000000000000e+00,2.474113672479061055e-01,5.847521464609255482e-01
6.189604463520015365e-01,1.238447782124982854e-01,3.488108056446575511e-01,1.105118198793415309e-02,3.053255447720177318e-01,2.201053027963868203e-01,-2.649782678841095321e-02,-2.517038749886932325e-01,4.390676117517912647e-01,3.219075219132468413e-01,2.100709334771983794e-01,-1.816785149921918419e-01,-2.346194675766443138e-01,3.347311195363422143e-01,3.000804669337045483e-01,2.810866334259262134e-01,2.559502057669986730e-01,1.465136116918908382e-01,-6.938123944227097585e-03,3.670427128839966469e-01,5.733361964537780908e-02,7.572145756951945139e-02,1.199577827418641246e-01,1.394482234233329343e-01,2.883368289250576311e-01,5.840510157041829409e-01,2.033535413062781405e-01,6.094370557257599019e-01,4.965535028906272186e-01,4.162049557021450519e-01,1.244939693137934178e-01,-1.428123078197167661e-01,2.936303692523193343e-01,8.807589779213803594e-02,2.476003916943301519e-01,4.407531486896765216e-01,2.474113672479061055e-01,1.000000000000000000e+00,1.257740189122778240e-01
5.106003299846054722e-01,6.685520557026107813e-01,5.334607135728808291e-01,1.870240983819167757e-01,6.104619965902320367e-01,5.355140564646025947e-01,2.764502304484933171e-01,-4.777871794498044222e-01,7.245313326336040305e-01,7.369211037106927487e-01,5.519839388447107531e-01,2.516463790808538825e-02,3.477600022430925586e-01,5.806599813394534015e-01,-5.408545906601709419e-01,7.430814288816549595e-01,5.197740519918041535e-01,5.451692181573616555e-03,-8.329898795841028658e-02,-3.005998459278303447e-01,1.409335368896367374e-02,4.182235784042562243e-01,7.577978215424150399e-01,2.705553249923765835e-02,6.694522699489046103e-01,3.782415207817059755e-01,7.410491355189159357e-01,1.325795563984856484e-01,4.905407636309290220e-01,4.773692340843581072e-01,6.860039378181440606e-01,5.191900705627708890e-01,5.720850112083651906e-01,-2.126378921878062933e-01,5.523618048963577776e-01,6.740279804857814971e-01,5.847521464609255482e-01,1.257740189122778240e-01,1.000000000000000000e+00
