1.000000000000000000e+00,1.041936728524343100e-03,4.993548318612709425e-01,-1.989443502484903106e-02,5.751342048396667073e-01,2.600016911350007676e-01,1.037414119319128858e-01,-2.948389428370201681e-01,5.353303978041170641e-01,5.944914033988988322e-01,4.539182473609554291e-02,3.084127183910442271e-01,4.254812532414660176e-01,5.245788228291299315e-01,6.044382169142080707e-01,7.154775278134437588e-01,3.312958269116993426e-01,1.247485790205856426e-01,9.364728850242824698e-02,5.402498388797245532e-01,4.471256920945952951e-01,9.272066086203695212e-02,-3.282493563860275909e-01,-1.234257997995879819e-01,6.109012378993965431e-01,-5.851210681127066993e-02,1.040041641245037923e-01,5.830554161513414879e-01,7.147385774652055268e-01,5.703711500227622855e-01,4.395749423818464674e-01,2.997679445724048541e-01,6.424552494887579845e-01,2.429460546728071657e-01,-2.475607401952742981e-01,4.901268699935957263e-01,1.010425680489855510e-01,7.731451733726100173e-01,3.527858364612679876e-01
1.041936728524343100e-03,1.000000000000000000e+00,-3.721002369357025996e-01,6.448371075102680983e-02,-7.876713433761711736e-02,-1.525544532137200482e-01,-7.483509780943287115e-02,-1.329826147922727186e-01,4.453096902445576044e-02,-4.848889189937012623e-02,-1.338306909420253488e-01,-9.347593372416208857e-02,-3.805293020609935017e-01,-1.844067197544152492e-02,-3.263037127456900888e-01,-2.148955763489720505e-01,-1.479528530136903774e-01,1.307389238708661118e-02,-9.372522595102393897e-03,-3.901564614609792092e-01,-3.332903141155757476e-01,-1.609972473459513331e-01,3.761425303189941949e-01,2.278847103794168910e-02,-1.884087454760710045e-01,3.663613173794836309e-01,-1.672783526718426284e-01,-3.857546817090219404e-01,-2.745196047866012012e-01,-2.775116409983745952e-02,-3.962665384548216263e-01,-1.477886626308012874e-01,-2.889165280138220604e-01,-6.582873313663864523e-02,-6.741582647825452440e-03,-5.798804532854974492e-02,5.599101740836534558e-02,-1.171297496853969666e-01,1.492799711265451468e-01
4.993548318612709425e-01,-3.721002369357025996e-01,1.000000000000000000e+00,3.208183245484623469e-02,5.999397850282944811e-01,6.299699875414949135e-01,1.356226224609376751e-01,3.760810786435834774e-01,6.033140298896396692e-01,7.559800296249401530e-01,2.564882081862178143e-01,6.674039839274510388e-01,8.700196462800071640e-01,2.872664887615384854e-01,8.321306942426922593e-01,8.146931283905890497e-01,6.466666246814722907e-01,2.484066894140929960e-01,1.534746094819397499e-01,7.766615147497006877e-01,8.836459413622530512e-01,6.548392255773374249e-01,-3.262842316779706597e-01,-1.650299968827621810e-01,7.538057174219898737e-01,-1.564561830871547821e-01,1.348838672965275154e-01,9.010675233423184327e-01,7.806130895657372726e-01,5.410111071598179278e-01,8.331246960903730958e-01,6.717486426731043014e-01,8.380294001964585515e-01,4.320321741147755690e-01,-1.769748515733804706e-01,4.688118545524366798e-01,4.927519181248490865e-02,6.505827279492487625e-01,6.336812939814762125e-01
-1.989443502484903106e-02,6.448371075102680983e-02,3.208183245484623469e-02,1.000000000000000000e+00,-4.231375310130725681e-03,8.158487380775003572e-02,5.554159256751398654e-01,1.506499500524470514e-01,-4.664850772585732441e-02,2.856283681975223948e-02,8.358930089217637971e-02,5.323852946310056455e-02,7.881110472035919579e-02,-2.103887146236801398e-01,-1.296690237327097761e-01,2.959948861212234605e-02,5.496875682140329490e-03,-2.123931176874576873e-02,2.915845017182380761e-03,2.938213867849610167e-02,-1.767678263923187082e-02,7.012896423496702003e-02,-1.358020897918153502e-01,-3.126774409142772382e-01,-1.446944674012264620e-01,-2.524295669079988924e-01,-1.875520272862927218e-01,1.194228800520510947e-01,-5.413295648901530338e-02,-1.241917005237189453e-01,-2.939295988569468748e-02,-3.118715867883203527e-02,8.411749266540263781e-02,-7.042365116111380663e-02,9.673880828151018574e-02,8.640785291372767019e-02,-6.168194986627168613e-02,-5.164381653760564267e-02,7.132291930712422734e-02
5.751342048396667073e-01,-7.876713433761711736e-02,5.999397850282944811e-01,-4.231375310130725681e-03,1.000000000000000000e+00,5.038923988528785092e-01,-3.900793691759443099e-02,1.281921601881830519e-01,7.861644212372755902e-01,5.951864752031849060e-01,-1.177938903051478359e-01,6.355856084788849003e-01,5.288418110796054838e-01,5.463706754659281017e-01,7.097405402594910706e-01,6.477327060524949998e-01,5.570744596015041461e-01,4.899775773390069866e-01,5.299828890526242509e-01,4.397911027006997098e-01,6.139807846721089257e-01,2.325080924093436974e-01,-2.792176918631273930e-01,-2.692729549562068447e-01,5.885870195812605843e-01,2.698398728708293892e-01,4.274644720690395916e-01,6.202501547464044362e-01,5.903088457011593793e-01,7.045984228172290642e-01,6.227127251273476549e-01,4.896806406072192197e-01,6.102373969422854039e-01,6.626725201203136351e-01,-1.681252166498101996e-01,5.583053586482712438e-01,-1.275336585220888108e-01,7.236904157378962754e-01,4.512942957455188253e-01
2.600016911350007676e-01,-1.525544532137200482e-01,6.299699875414949135e-01,8.158487380775003572e-02,5.038923988528785092e-01,1.000000000000000000e+00,1.569293952241417045e-01,5.087433368912828158e-01,5.338927695510047311e-01,5.549842385448512383e-01,2.247917083711872821e-01,5.730801135673643243e-01,6.112957055659707928e-01,1.206707801025399124e-01,5.717614156223636002e-01,5.458148774413057458e-01,5.134475222176504428e-01,1.642831031036953437e-01,5.487730463565978350e-02,4.545997489251606960e-01,6.512894890957818816e-01,4.543613283198568165e-01,-1.082664776395624168e-01,-4.397822920325236140e-01,5.120680778953961010e-01,-5.755262946103413546e-02,1.503658149934030408e-01,6.260933905098826635e-01,5.278757293196195688e-01,3.633210892856066354e-01,6.974662689992231490e-01,5.921875141054893099e-01,5.674605050985356280e-01,3.853835126623790241e-01,-1.075210659256011780e-01,3.742353209220418697e-01,-2.226609548854709478e-02,4.878555640224254142e-01,6.403510571917163663e-01
1.037414119319128858e-01,-7.483509780943287115e-02,1.356226224609376751e-01,5.554159256751398654e-01,-3.900793691759443099e-02,1.569293952241417045e-01,1.000000000000000000e+00,6.563017778152720194e-02,-1.191759692153002009e-01,5.973625876150229219e-02,4.463771168087333346e-02,-2.073715951695399851e-01,1.170201266760540482e-01,-2.240537706823541586e-01,-2.652170786248413733e-03,1.075020152860285683e-01,-1.316303869668013493e-01,-1.681722220047245087e-01,-1.078157267441528649e-01,1.552122815062375594e-01,7.073982801607481274e-02,8.041172326433146389e-02,-5.696512884826143708e-02,-1.452917101668537714e-01,1.554867545016355712e-01,-2.827240194686047037e-01,-3.912349822726259307e-01,2.132734905078480792e-01,1.805261951867645209e-01,-6.323548751719711147e-02,3.810826742273252382e-02,-4.187979762944327861e-02,1.485637075832543508e-01,-2.068694200414060436e-01,1.293447722153329670e-02,8.070696128082048559e-02,2.561336529351804780e-01,4.912576309170020583e-02,1.410590215952210041e-02
-2.948389428370201681e-01,-1.329826147922727186e-01,3.760810786435834774e-01,1.506499500524470514e-01,1.281921601881830519e-01,5.087433368912828158e-01,6.563017778152720194e-02,1.000000000000000000e+00,2.685577601253718028e-01,1.853496713279124686e-01,3.189591846961631894e-01,5.031734335209913089e-01,4.443407284403200208e-01,-2.372095948996384429e-01,2.288027279858016183e-01,1.193259904990177783e-01,3.425378728208449686e-01,2.356509344179708587e-01,1.365732036088121715e-01,1.686474253077897834e-01,4.218266374756324266e-01,5.826402511512582816e-01,1.316803490999022552e-01,-1.493350350083883227e-01,1.386516363456377077e-01,-2.074754210524877747e-03,1.673086994131624816e-01,3.267670526125686092e-01,8.771447511303250011e-02,5.520667216907415575e-02,3.976151416900612912e-01,3.461514657696103114e-01,2.037379345694702304e-01,2.542776475988058893e-01,6.133280873629225888e-02,5.085620932216314977e-02,-2.270355274558834846e-01,-3.132798998404293100e-02,4.495375479803012109e-01
5.353303978041170641e-01,4.453096902445576044e-02,6.033140298896396692e-01,-4.664850772585732441e-02,7.861644212372755902e-01,5.338927695510047311e-01,-1.191759692153002009e-01,2.685577601253718028e-01,1.000000000000000000e+00,7.100703673348525147e-01,5.305298899151184022e-02,7.575167189450842109e-01,5.643779459289899325e-01,5.029155944156281643e-01,6.944197883986745756e-01,6.919631456673626113e-01,6.004789249941941964e-01,5.351527973229156521e-01,4.397268903353045988e-01,4.253877047186647720e-01,6.545529919121019224e-01,3.324598902147398172e-01,-1.126981260667673651e-01,-2.336224242805252649e-01,6.054922609457346061e-01,2.446391758228249058e-01,4.533166823161518533e-01,6.142872473797736932e-01,5.770625603210135512e-01,6.949391818620105354e-01,6.146931796120429503e-01,4.750480022975966388e-01,6.408262043602109825e-01,7.356829107879659935e-01,-1.053285142979032696e-01,5.588655879616214461e-01,-2.205244878629832317e-01,6.574619466184086214e-01,6.563316776739900327e-01
5.944914033988988322e-01,-4.848889189937012623e-02,7.559800296249401530e-01,2.856283681975223948e-02,5.951864752031849060e-01,5.549842385448512383e-01,5.973625876150229219e-02,1.853496713279124686e-01,7.100703673348525147e-01,1.000000000000000000e+00,2.070489489383413595e-01,6.394472070814192222e-01,7.312588388546211737e-01,4.625113513801522580e-01,7.838384051354404525e-01,8.748662809387862671e-01,5.751660008294516846e-01,2.775884936208031228e-01,1.555965133703429704e-01,6.627698959963052028e-01,7.410283370279011628e-01,4.868674343980392560e-01,-2.566318396134855684e-01,-2.335025406700024508e-01,7.205900269277406567e-01,-6.277829306860110981e-02,5.182490551129752265e-02,7.703788648173779396e-01,7.041691065834518870e-01,5.891739576086876262e-01,6.739939401433242550e-01,5.630653445330383589e-01,7.807468124965437628e-01,5.023724215650718916e-01,-1.414168684892461725e-01,6.072529488107790696e-01,9.209800079158597663e-02,7.303364749395061528e-01,7.398300909892574495e-01
4.539182473609554291e-02,-1.338306909420253488e-01,2.564882081862178143e-01,8.358930089217637971e-02,-1.177938903051478359e-01,2.247917083711872821e-01,4.463771168087333346e-02,3.189591846961631894e-01,5.305298899151184022e-02,2.070489489383413595e-01,1.000000000000000000e+00,2.720298387227568226e-01,3.284677559646456135e-01,5.886124037340624907e-03,2.110521388100659035e-01,1.879952273871339508e-01,1.633587667652181274e-01,5.297910043106884848e-02,-1.018557533080350630e-01,2.285957568587413113e-01,2.522853044161486591e-01,3.568879127721287237e-01,-1.846812422976545562e-02,-5.045977301849637053e-02,3.968019152046457776e-02,-3.287179999816809972e-01,-1.313526528104479729e-01,2.891763079124093916e-01,2.649010587128541871e-01,-3.098714699431519629e-02,3.006660235222949895e-01,2.346816882700157869e-01,2.971524370866052700e-01,-2.686520293098832585e-02,-1.077714376038216987e-01,-1.124081453567284811e-01,6.641155541136525842e-02,3.463977763675794158e-02,2.861050270473555202e-01
3.084127183910442271e-01,-9.347593372416208857e-02,6.674039839274510388e-01,5.323852946310056455e-02,6.355856084788849003e-01,5.730801135673643243e-01,-2.073715951695399851e-01,5.031734335209913089e-01,7.575167189450842109e-01,6.394472070814192222e-01,2.720298387227568226e-01,1.000000000000000000e+00,6.474036251845901591e-01,2.958411826006043799e-01,7.050284374423050338e-01,5.882987825239071045e-01,6.123408799961389537e-01,5.796043471356643328e-01,4.082749685483298419e-01,4.239985325255557491e-01,6.771417764963281183e-01,5.245660206807355452e-01,-1.118248318397575269e-01,-2.198868097254544907e-01,4.560706990090087065e-01,1.028553764664759396e-01,4.230217611602840044e-01,6.265675571739858229e-01,4.672685539311932645e-01,4.581461831357094838e-01,6.555686899046299088e-01,5.942728780761591389e-01,5.863993953896374789e-01,7.170271459589063756e-01,-1.264378535909778112e-01,3.852456252277853266e-01,-2.578816137520600904e-01,5.121834867344065012e-01,7.056873301509374308e-01
4.254812532414660176e-01,-3.805293020609935017e-01,8.700196462800071640e-01,7.881110472035919579e-02,5.288418110796054838e-01,6.112957055659707928e-01,1.170201266760540482e-01,4.443407284403200208e-01,5.643779459289899325e-01,7.312588388546211737e-01,3.284677559646456135e-01,6.474036251845901591e-01,1.000000000000000000e+00,2.610822599788004683e-01,7.798431820204819731e-01,7.735069340344029598e-01,6.206021619353894181e-01,2.009411429543589700e-01,1.009708294911460663e-01,7.464782829264735575e-01,8.357039845239598863e-01,6.391794047161928338e-01,-2.926531560593376713e-01,-1.537769286134730018e-01,6.823530611571837490e-01,-2.384629105143108441e-01,9.646220473978213417e-02,8.565664471165175264e-01,7.408624500850204964e-01,4.826681122554082326e-01,7.778090704662211641e-01,6.269069333411780853e-01,8.028320530847751213e-01,3.857060817697536836e-01,-1.631500046063114329e-01,5.032250812478445967e-01,3.882869925187324572e-02,5.942491349300966785e-01,6.360313094541071299e-01
5.245788228291299315e-01,-1.844067197544152492e-02,2.872664887615384854e-01,-2.103887146236801398e-01,5.463706754659281017e-01,1.206707801025399124e-01,-2.240537706823541586e-01,-2.372095948996384429e-01,5.029155944156281643e-01,4.625113513801522580e-01,5.886124037340624907e-03,2.958411826006043799e-01,2.610822599788004683e-01,1.000000000000000000e+00,4.814442484941537370e-01,5.253884901082598313e-01,3.000623647955146800e-01,1.811773345435677141e-01,2.112022554455075807e-01,3.074818182163591151e-01,3.138782008486500907e-01,-7.274971236673742625e-02,-1.488111650765539806e-01,-5.418584209595581069e-02,4.149895040355791598e-01,2.066124548627143453e-01,2.464120705783051923e-01,3.362763584260587413e-01,4.314026021480492079e-01,5.023484004644928058e-01,3.670874787072384571e-01,1.624212456306949881e-01,4.154602098136760402e-01,3.387933189491348918e-01,-1.651730878648806355e-01,4.025151121321500769e-01,2.300218573701206734e-02,5.463413222829461846e-01,2.630873690818153476e-01
6.044382169142080707e-01,-3.263037127456900888e-01,8.321306942426922593e-01,-1.296690237327097761e-01,7.097405402594910706e-01,5.717614156223636002e-01,-2.652170786248413733e-03,2.288027279858016183e-01,6.944197883986745756e-01,7.838384051354404525e-01,2.110521388100659035e-01,7.050284374423050338e-01,7.798431820204819731e-01,4.814442484941537370e-01,1.000000000000000000e+00,8.358747428846770022e-01,5.914140275031312122e-01,4.102289168461222824e-01,3.267546750172802272e-01,7.157254394714804846e-01,8.195909921083145422e-01,4.753120478421203887e-01,-3.497023116963313694e-01,-1.872389779229423623e-01,7.534772783019803022e-01,-2.634223327116949273e-02,1.935219658114633867e-01,8.378733005188695460e-01,7.916962741569817386e-01,5.675934619641967993e-01,7.923595243847619818e-01,6.297653400814029467e-01,8.060246796294440186e-01,5.893109752460562456e-01,-2.460493895980112589e-01,5.415875351619103828e-01,4.513263861995982923e-02,7.693040983995238502e-01,5.912939696603705109e-01
7.154775278134437588e-01,-2.148955763489720505e-01,8.146931283905890497e-01,2.959948861212234605e-02,6.477327060524949998e-01,5.458148774413057458e-01,1.075020152860285683e-01,1.193259904990177783e-01,6.919631456673626113e-01,8.748662809387862671e-01,1.879952273871339508e-01,5.882987825239071045e-01,7.735069340344029598e-01,5.253884901082598313e-01,8.358747428846770022e-01,1.000000000000000000e+00,6.076932301547509629e-01,2.255337648409578288e-01,1.338531490489388021e-01,7.592536490549589567e-01,7.869696153491569923e-01,4.340085396264872775e-01,-3.687571057831112165e-01,-2.352993669244735631e-01,7.739024695423076805e-01,-1.367562882290458692e-01,9.620121592206003214e-02,8.596164235639506268e-01,8.196518380408772675e-01,6.286180286159397390e-01,7.370511942756505785e-01,5.458183196685808536e-01,8.742121839087751978e-01,4.525350168493161851e-01,-1.768793728191032921e-01,6.355018747909045862e-01,7.455998285908538303e-02,8.041420759609078095e-01,6.498275086195801631e-01
3.312958269116993426e-01,-1.479528530136903774e-01,6.466666246814722907e-01,5.496875682140329490e-03,5.570744596015041461e-01,5.134475222176504428e-01,-1.316303869668013493e-01,3.425378728208449686e-01,6.004789249941941964e-01,5.751660008294516846e-01,1.633587667652181274e-01,6.123408799961389537e-01,6.206021619353894181e-01,3.000623647955146800e-01,5.914140275031312122e-01,6.076932301547509629e-01,1.000000000000000000e+00,3.338970576895314846e-01,2.547871300355852853e-01,5.140444282961931233e-01,6.804734915976807796e-01,5.089103877732715775e-01,-4.569397635204076602e-01,-3.224190710175925956e-01,4.094061845987638226e-01,-8.558753936718427324e-03,3.252997301615930259e-01,6.522961675185412478e-01,5.166680683240990613e-01,5.776363368317249947e-01,6.484279595257310680e-01,5.722166900667401412e-01,6.514825084388232712e-01,4.620477944785409963e-01,1.769092872395766625e-02,3.626489390748975361e-01,-1.932301729346819208e-01,4.853781670075058563e-01,4.734820601715367672e-01
1.247485790205856426e-01,1.307389238708661118e-02,2.484066894140929960e-01,-2.123931176874576873e-02,4.899775773390069866e-01,1.642831031036953437e-01,-1.681722220047245087e-01,2.356509344179708587e-01,5.351527973229156521e-01,2.775884936208031228e-01,5.297910043106884848e-02,5.796043471356643328e-01,2.009411429543589700e-01,1.811773345435677141e-01,4.102289168461222824e-01,2.255337648409578288e-01,3.338970576895314846e-01,1.000000000000000000e+00,8.521503900560383205e-01,-2.271834683138581473e-02,3.283302209576815511e-01,1.448491761173611170e-01,-2.032598060048520019e-02,3.052523536069316062e-02,2.223736318435172721e-01,2.525200779072007684e-01,4.147209649722184421e-01,2.510205864879903048e-01,1.802575367967338416e-01,3.219557981064802288e-01,2.454384618711563937e-01,2.795413058177016463e-01,2.698542864773183503e-01,6.876028809196522706e-01,-5.095719122956709340e-02,2.544958831136571176e-01,-2.743740815349153261e-01,2.022416669325384220e-01,2.263962449530766696e-01
9.364728850242824698e-02,-9.372522595102393897e-03,1.534746094819397499e-01,2.915845017182380761e-03,5.299828890526242509e-01,5.487730463565978350e-02,-1.078157267441528649e-01,1.365732036088121715e-01,4.397268903353045988e-01,1.555965133703429704e-01,-1.018557533080350630e-01,4.082749685483298419e-01,1.009708294911460663e-01,2.112022554455075807e-01,3.267546750172802272e-01,1.338531490489388021e-01,2.547871300355852853e-01,8.521503900560383205e-01,1.000000000000000000e+00,-7.071802495771360719e-02,2.162459183015046915e-01,5.102425002422272295e-03,-4.610592967799841124e-02,2.097684669757361384e-03,1.580228101505964100e-01,3.020785788511394232e-01,3.971816164602838262e-01,1.622760188363573941e-01,9.293029565541896519e-02,3.126439297967299469e-01,1.600448364349192631e-01,1.658296987598337768e-01,1.671555853106468370e-01,6.085358386294041910e-01,-2.600588397525173401e-02,2.578438455914103811e-01,-2.726278224746473411e-01,1.595094794443169262e-01,1.139480267519821233e-02
5.402498388797245532e-01,-3.901564614609792092e-01,7.766615147497006877e-01,2.938213867849610167e-02,4.397911027006997098e-01,4.545997489251606960e-01,1.552122815062375594e-01,1.686474253077897834e-01,4.253877047186647720e-01,6.627698959963052028e-01,2.285957568587413113e-01,4.239985325255557491e-01,7.464782829264735575e-01,3.074818182163591151e-01,7.157254394714804846e-01,7.592536490549589567e-01,5.140444282961931233e-01,-2.271834683138581473e-02,-7.071802495771360719e-02,1.000000000000000000e+00,7.223350914814646861e-01,5.057603890025785809e-01,-4.838098778086021290e-01,-2.721715188345667502e-01,5.886414532841701686e-01,-2.633450953439186448e-01,1.455229155887644010e-02,7.907916373126575582e-01,7.027573604923588180e-01,4.345818969420695010e-01,6.920502646692593407e-01,4.730050407098749798e-01,7.480955726905300640e-01,2.139547240284044860e-01,-1.152333189787256573e-01,3.876203351023417842e-01,1.017320445400709539e-01,6.197178948079086203e-01,4.434214716704201753e-01
4.471256920945952951e-01,-3.332903141155757476e-01,8.836459413622530512e-01,-1.767678263923187082e-02,6.139807846721089257e-01,6.512894890957818816e-01,7.073982801607481274e-02,4.218266374756324266e-01,6.545529919121019224e-01,7.410283370279011628e-01,2.522853044161486591e-01,6.771417764963281183e-01,8.357039845239598863e-01,3.138782008486500907e-01,8.195909921083145422e-01,7.869696153491569923e-01,6.804734915976807796e-01,3.283302209576815511e-01,2.162459183015046915e-01,7.223350914814646861e-01,1.000000000000000000e+00,6.592837161615606734e-01,-3.204325961320030336e-01,-1.544462815987746318e-01,7.444037435920292101e-01,-1.166605410643401092e-01,1.870424803167742012e-01,8.763449666575967578e-01,7.710758688132779426e-01,5.667802621683096786e-01,8.404595082893362434e-01,6.945874569981296265e-01,8.427892271413579550e-01,4.965054464609133800e-01,-1.611000583105252904e-01,4.704522584661915974e-01,1.300489682660470325e-02,6.433335805838961141e-01,6.466077852381219015e-01
9.272066086203695212e-02,-1.609972473459513331e-01,6.548392255773374249e-01,7.012896423496702003e-02,2.325080924093436974e-01,4.543613283198568165e-01,8.041172326433146389e-02,5.826402511512582816e-01,3.324598902147398172e-01,4.868674343980392560e-01,3.568879127721287237e-01,5.245660206807355452e-01,6.391794047161928338e-01,-7.274971236673742625e-02,4.753120478421203887e-01,4.340085396264872775e-01,5.089103877732715775e-01,1.448491761173611170e-01,5.102425002422272295e-03,5.057603890025785809e-01,6.592837161615606734e-01,1.000000000000000000e+00,-1.494987247755983351e-01,-5.709008033833928158e-02,4.251608276089703375e-01,-1.423167849978056176e-01,3.320464845279672700e-02,6.090728812812532533e-01,4.194647056474615776e-01,2.994413249720406789e-01,5.807800987558393579e-01,5.886823884291693121e-01,5.220818481162642355e-01,2.282109350782439705e-01,-2.790663361822882937e-02,1.582245801178757127e-01,7.438189228129889197e-02,2.559227115256935692e-01,5.243939429501558447e-01
-3.282493563860275909e-01,3.761425303189941949e-01,-3.262842316779706597e-01,-1.358020897918153502e-01,-2.792176918631273930e-01,-1.082664776395624168e-01,-5.696512884826143708e-02,1.316803490999022552e-01,-1.126981260667673651e-01,-2.566318396134855684e-01,-1.846812422976545562e-02,-1.118248318397575269e-01,-2.926531560593376713e-01,-1.488111650765539806e-01,-3.497023116963313694e-01,-3.687571057831112165e-01,-4.569397635204076602e-01,-2.032598060048520019e-02,-4.610592967799841124e-02,-4.838098778086021290e-01,-3.204325961320030336e-01,-1.494987247755983351e-01,1.000000000000000000e+00,4.476696825871763208e-01,-5.293006671930773621e-02,2.191410519226674181e-01,-3.673460164811660766e-02,-4.247498127274294544e-01,-3.213549306738671674e-01,-2.267977902430349801e-01,-3.269586623426146699e-01,-2.592317792305486868e-01,-4.210624315929327177e-01,-1.253009953977241575e-01,-8.990413650238358867e-02,-9.931333323408128577e-02,2.541403315994911465e-03,-4.185421615580036114e-01,4.586626328556863558e-02
-1.234257997995879819e-01,2.278847103794168910e-02,-1.650299968827621810e-01,-3.126774409142772382e-01,-2.692729549562068447e-01,-4.397822920325236140e-01,-1.452917101668537714e-01,-1.493350350083883227e-01,-2.336224242805252649e-01,-2.335025406700024508e-01,-5.045977301849637053e-02,-2.198868097254544907e-01,-1.537769286134730018e-01,-5.418584209595581069e-02,-1.872389779229423623e-01,-2.352993669244735631e-01,-3.224190710175925956e-01,3.052523536069316062e-02,2.097684669757361384e-03,-2.721715188345667502e-01,-1.544462815987746318e-01,-5.709008033833928158e-02,4.476696825871763208e-01,1.000000000000000000e+00,1.154770496743341840e-01,-9.285649493127637669e-03,-4.446289694396284020e-02,-2.195202497699779987e-01,-3.440189708292516052e-02,-1.080829525755330756e-01,-2.532894780227477050e-01,-1.007999245272018229e-01,-1.978577547624411070e-01,-1.637656695164979581e-01,-1.140563994607273479e-01,-1.526604776657570772e-01,2.356509480165220882e-01,-2.637257652505902161e-01,-1.436483532797366569e-01
6.109012378993965431e-01,-1.884087454760710045e-01,7.538057174219898737e-01,-1.446944674012264620e-01,5.885870195812605843e-01,5.120680778953961010e-01,1.554867545016355712e-01,1.386516363456377077e-01,6.054922609457346061e-01,7.205900269277406567e-01,3.968019152046457776e-02,4.560706990090087065e-01,6.823530611571837490e-01,4.149895040355791598e-01,7.534772783019803022e-01,7.739024695423076805e-01,4.094061845987638226e-01,2.223736318435172721e-01,1.580228101505964100e-01,5.886414532841701686e-01,7.444037435920292101e-01,4.251608276089703375e-01,-5.293006671930773621e-02,1.154770496743341840e-01,1.000000000000000000e+00,-2.836387275305382247e-02,7.543750029653879807e-02,7.487837026237001981e-01,8.118056490848716278e-01,5.939916390526861489e-01,6.567306168148858703e-01,5.420697014391521185e-01,7.284657925187351113e-01,3.629752805221087564e-01,-2.988956071150930538e-01,5.903831281641841455e-01,2.114271908619104745e-01,6.702521074243421584e-01,5.866951370688144873e-01
-5.851210681127066993e-02,3.663613173794836309e-01,-1.564561830871547821e-01,-2.524295669079988924e-01,2.698398728708293892e-01,-5.755262946103413546e-02,-2.827240194686047037e-01,-2.074754210524877747e-03,2.446391758228249058e-01,-6.277829306860110981e-02,-3.287179999816809972e-01,1.028553764664759396e-01,-2.384629105143108441e-01,2.066124548627143453e-01,-2.634223327116949273e-02,-1.367562882290458692e-01,-8.558753936718427324e-03,2.525200779072007684e-01,3.020785788511394232e-01,-2.633450953439186448e-01,-1.166605410643401092e-01,-1.423167849978056176e-01,2.191410519226674181e-01,-9.285649493127637669e-03,-2.836387275305382247e-02,1.000000000000000000e+00,4.195021063750633550e-01,-2.212833553181957624e-01,-2.313325663952006672e-01,2.721746329126994435e-01,-1.153503864596573530e-01,-5.731488634066795457e-02,-2.542182971132987968e-01,1.983582967877084990e-01,4.644722634063874755e-02,7.801997991725583004e-02,-2.261468011995068639e-01,2.232267187443326417e-02,9.869594973773789665e-03
1.040041641245037923e-01,-1.672783526718426284e-01,1.348838672965275154e-01,-1.875520272862927218e-01,4.274644720690395916e-01,1.503658149934030408e-01,-3.912349822726259307e-01,1.673086994131624816e-01,4.533166823161518533e-01,5.182490551129752265e-02,-1.313526528104479729e-01,4.230217611602840044e-01,9.646220473978213417e-02,2.464120705783051923e-01,1.935219658114633867e-01,9.620121592206003214e-02,3.252997301615930259e-01,4.147209649722184421e-01,3.971816164602838262e-01,1.455229155887644010e-02,1.870424803167742012e-01,3.320464845279672700e-02,-3.673460164811660766e-02,-4.446289694396284020e-02,7.543750029653879807e-02,4.195021063750633550e-01,1.000000000000000000e+00,1.283697907730380894e-01,3.747315158374993349e-02,4.762045811013942420e-01,2.312431802550653781e-01,1.727452354950690105e-01,9.570520555662460904e-02,3.844576814043305646e-01,1.618007131515810659e-01,2.218439791048477383e-01,-5.861036835674777734e-01,1.646795224324712204e-01,3.591600808728273586e-02
5.830554161513414879e-01,-3.857546817090219404e-01,9.010675233423184327e-01,1.194228800520510947e-01,6.202501547464044362e-01,6.260933905098826635e-01,2.132734905078480792e-01,3.267670526125686092e-01,6.142872473797736932e-01,7.703788648173779396e-01,2.891763079124093916e-01,6.265675571739858229e-01,8.565664471165175264e-01,3.362763584260587413e-01,8.378733005188695460e-01,8.596164235639506268e-01,6.522961675185412478e-01,2.510205864879903048e-01,1.622760188363573941e-01,7.907916373126575582e-01,8.763449666575967578e-01,6.090728812812532533e-01,-4.247498127274294544e-01,-2.195202497699779987e-01,7.487837026237001981e-01,-2.212833553181957624e-01,1.283697907730380894e-01,1.000000000000000000e+00,8.308817133139252409e-01,5.748169176459576590e-01,8.338082873755103819e-01,6.552314718655414261e-01,8.946749299028948776e-01,4.152397554972869775e-01,-1.752218167916733682e-01,5.220349920911316888e-01,5.186700940913203939e-02,7.140490717782261854e-01,6.051113490640884773e-01
7.147385774652055268e-01,-2.745196047866012012e-01,7.806130895657372726e-01,-5.413295648901530338e-02,5.903088457011593793e-01,5.278757293196195688e-01,1.805261951867645209e-01,8.771447511303250011e-02,5.770625603210135512e-01,7.041691065834518870e-01,2.649010587128541871e-01,4.672685539311932645e-01,7.408624500850204964e-01,4.314026021480492079e-01,7.916962741569817386e-01,8.196518380408772675e-01,5.166680683240990613e-01,1.802575367967338416e-01,9.293029565541896519e-02,7.027573604923588180e-01,7.710758688132779426e-01,4.194647056474615776e-01,-3.213549306738671674e-01,-3.440189708292516052e-02,8.118056490848716278e-01,-2.313325663952006672e-01,3.747315158374993349e-02,8.308817133139252409e-01,1.000000000000000000e+00,5.653894184704594261e-01,7.223058113672894409e-01,5.998198478766932906e-01,8.526404207611362196e-01,3.495090163053606869e-01,-3.034576531587808712e-01,4.933422368841937633e-01,2.421488708821772085e-01,7.429195586289185638e-01,5.433132742192230413e-01
5.703711500227622855e-01,-2.775116409983745952e-02,5.410111071598179278e-01,-1.241917005237189453e-01,7.045984228172290642e-01,3.633210892856066354e-01,-6.323548751719711147e-02,5.520667216907415575e-02,6.949391818620105354e-01,5.891739576086876262e-01,-3.098714699431519629e-02,4.581461831357094838e-01,4.826681122554082326e-01,5.023484004644928058e-01,5.675934619641967993e-01,6.286180286159397390e-01,5.776363368317249947e-01,3.219557981064802288e-01,3.126439297967299469e-01,4.345818969420695010e-01,5.667802621683096786e-01,2.994413249720406789e-01,-2.267977902430349801e-01,-1.080829525755330756e-01,5.939916390526861489e-01,2.721746329126994435e-01,4.762045811013942420e-01,5.748169176459576590e-01,5.653894184704594261e-01,1.000000000000000000e+00,5.248635095126666927e-01,4.061079565124926516e-01,5.738618117003478902e-01,3.794398475553240058e-01,1.001120062337421644e-02,5.922511277279149944e-01,-1.309583988951452949e-01,6.092698492333662452e-01,3.935424101507269401e-01
4.395749423818464674e-01,-3.962665384548216263e-01,8.331246960903730958e-01,-2.939295988569468748e-02,6.227127251273476549e-01,6.974662689992231490e-01,3.810826742273252382e-02,3.976151416900612912e-01,6.146931796120429503e-01,6.739939401433242550e-01,3.006660235222949895e-01,6.555686899046299088e-01,7.778090704662211641e-01,3.670874787072384571e-01,7.923595243847619818e-01,7.370511942756505785e-01,6.484279595257310680e-01,2.454384618711563937e-01,1.600448364349192631e-01,6.920502646692593407e-01,8.404595082893362434e-01,5.807800987558393579e-01,-3.269586623426146699e-01,-2.532894780227477050e-01,6.567306168148858703e-01,-1.153503864596573530e-01,2.312431802550653781e-01,8.338082873755103819e-01,7.223058113672894409e-01,5.248635095126666927e-01,1.000000000000000000e+00,6.611880060517616453e-01,7.825637411148951283e-01,4.571541544665699841e-01,-1.520872458808902317e-01,4.383374400693372808e-01,-1.312724863126276884e-02,6.483725791644148195e-01,5.837613841275844928e-01
2.997679445724048541e-01,-1.477886626308012874e-01,6.717486426731043014e-01,-3.118715867883203527e-02,4.896806406072192197e-01,5.921875141054893099e-01,-4.187979762944327861e-02,3.461514657696103114e-01,4.750480022975966388e-01,5.630653445330383589e-01,2.346816882700157869e-01,5.942728780761591389e-01,6.269069333411780853e-01,1.624212456306949881e-01,6.297653400814029467e-01,5.458183196685808536e-01,5.722166900667401412e-01,2.795413058177016463e-01,1.658296987598337768e-01,4.730050407098749798e-01,6.945874569981296265e-01,5.886823884291693121e-01,-2.592317792305486868e-01,-1.007999245272018229e-01,5.420697014391521185e-01,-5.731488634066795457e-02,1.727452354950690105e-01,6.552314718655414261e-01,5.998198478766932906e-01,4.061079565124926516e-01,6.611880060517616453e-01,1.000000000000000000e+00,6.206958566640978781e-01,4.513968109085840785e-01,-5.248856853642861614e-02,3.277674089960401771e-01,1.264590501614372975e-01,5.197424546148811109e-01,5.716062879250018991e-01
6.424552494887579845e-01,-2.889165280138220604e-01,8.380294001964585515e-01,8.411749266540263781e-02,6.102373969422854039e-01,5.674605050985356280e-01,1.485637075832543508e-01,2.037379345694702304e-01,6.408262043602109825e-01,7.807468124965437628e-01,2.971524370866052700e-01,5.863993953896374789e-01,8.028320530847751213e-01,4.154602098136760402e-01,8.060246796294440186e-01,8.742121839087751978e-01,6.514825084388232712e-01,2.698542864773183503e-01,1.671555853106468370e-01,7.480955726905300640e-01,8.427892271413579550e-01,5.220818481162642355e-01,-4.210624315929327177e-01,-1.978577547624411070e-01,7.284657925187351113e-01,-2.542182971132987968e-01,9.570520555662460904e-02,8.946749299028948776e-01,8.526404207611362196e-01,5.738618117003478902e-01,7.825637411148951283e-01,6.206958566640978781e-01,1.000000000000000000e+00,4.239805652961716187e-01,-1.859420143928576519e-01,5.375684251245747003e-01,9.453458300162501105e-02,7.221298389826941166e-01,6.043255899097197403e-01
2.429460546728071657e-01,-6.582873313663864523e-02,4.320321741147755690e-01,-7.042365116111380663e-02,6.626725201203136351e-01,3.853835126623790241e-01,-2.068694200414060436e-01,2.542776475988058893e-01,7.356829107879659935e-01,5.023724215650718916e-01,-2.686520293098832585e-02,7.170271459589063756e-01,3.857060817697536836e-01,3.387933189491348918e-01,5.893109752460562456e-01,4.525350168493161851e-01,4.620477944785409963e-01,6.876028809196522706e-01,6.085358386294041910e-01,2.139547240284044860e-01,4.965054464609133800e-01,2.282109350782439705e-01,-1.253009953977241575e-01,-1.637656695164979581e-01,3.629752805221087564e-01,1.983582967877084990e-01,3.844576814043305646e-01,4.152397554972869775e-01,3.495090163053606869e-01,3.794398475553240058e-01,4.571541544665699841e-01,4.513968109085840785e-01,4.239805652961716187e-01,1.000000000000000000e+00,-6.189633847511425563e-02,3.485075843079903923e-01,-1.983670193350587085e-01,4.607118552961874669e-01,4.552189796775361619e-01
-2.475607401952742981e-01,-6.741582647825452440e-03,-1.769748515733804706e-01,9.673880828151018574e-02,-1.681252166498101996e-01,-1.075210659256011780e-01,1.293447722153329670e-02,6.133280873629225888e-02,-1.053285142979032696e-01,-1.414168684892461725e-01,-1.077714376038216987e-01,-1.264378535909778112e-01,-1.631500046063114329e-01,-1.651730878648806355e-01,-2.460493895980112589e-01,-1.768793728191032921e-01,1.769092872395766625e-02,-5.095719122956709340e-02,-2.600588397525173401e-02,-1.152333189787256573e-01,-1.611000583105252904e-01,-2.790663361822882937e-02,-8.990413650238358867e-02,-1.140563994607273479e-01,-2.988956071150930538e-01,4.644722634063874755e-02,1.618007131515810659e-01,-1.752218167916733682e-01,-3.034576531587808712e-01,1.001120062337421644e-02,-1.520872458808902317e-01,-5.248856853642861614e-02,-1.859420143928576519e-01,-6.189633847511425563e-02,1.000000000000000000e+00,-3.017825639612591732e-02,-1.164474033418033128e-01,-2.008367228124454396e-01,-1.715407423116059038e-01
4.901268699935957263e-01,-5.798804532854974492e-02,4.688118545524366798e-01,8.640785291372767019e-02,5.583053586482712438e-01,3.742353209220418697e-01,8.070696128082048559e-02,5.085620932216314977e-02,5.588655879616214461e-01,6.072529488107790696e-01,-1.124081453567284811e-01,3.852456252277853266e-01,5.032250812478445967e-01,4.025151121321500769e-01,5.415875351619103828e-01,6.355018747909045862e-01,3.626489390748975361e-01,2.544958831136571176e-01,2.578438455914103811e-01,3.876203351023417842e-01,4.704522584661915974e-01,1.582245801178757127e-01,-9.931333323408128577e-02,-1.526604776657570772e-01,5.903831281641841455e-01,7.801997991725583004e-02,2.218439791048477383e-01,5.220349920911316888e-01,4.933422368841937633e-01,5.922511277279149944e-01,4.383374400693372808e-01,3.277674089960401771e-01,5.375684251245747003e-01,3.485075843079903923e-01,-3.017825639612591732e-02,1.000000000000000000e+00,-6.096003637710789569e-02,5.372265505846081091e-01,4.128414612651086779e-01
1.010425680489855510e-01,5.599101740836534558e-02,4.927519181248490865e-02,-6.168194986627168613e-02,-1.275336585220888108e-01,-2.226609548854709478e-02,2.561336529351804780e-01,-2.270355274558834846e-01,-2.205244878629832317e-01,9.209800079158597663e-02,6.641155541136525842e-02,-2.578816137520600904e-01,3.882869925187324572e-02,2.300218573701206734e-02,4.513263861995982923e-02,7.455998285908538303e-02,-1.932301729346819208e-01,-2.743740815349153261e-01,-2.726278224746473411e-01,1.017320445400709539e-01,1.300489682660470325e-02,7.438189228129889197e-02,2.541403315994911465e-03,2.356509480165220882e-01,2.114271908619104745e-01,-2.261468011995068639e-01,-5.861036835674777734e-01,5.186700940913203939e-02,2.421488708821772085e-01,-1.309583988951452949e-01,-1.312724863126276884e-02,1.264590501614372975e-01,9.453458300162501105e-02,-1.983670193350587085e-01,-1.164474033418033128e-01,-6.096003637710789569e-02,1.000000000000000000e+00,8.661185354416868487e-02,7.465825240381168681e-02
7.731451733726100173e-01,-1.171297496853969666e-01,6.505827279492487625e-01,-5.164381653760564267e-02,7.236904157378962754e-01,4.878555640224254142e-01,4.912576309170020583e-02,-3.132798998404293100e-02,6.574619466184086214e-01,7.303364749395061528e-01,3.463977763675794158e-02,5.121834867344065012e-01,5.942491349300966785e-01,5.463413222829461846e-01,7.693040983995238502e-01,8.041420759609078095e-01,4.853781670075058563e-01,2.022416669325384220e-01,1.595094794443169262e-01,6.197178948079086203e-01,6.433335805838961141e-01,2.559227115256935692e-01,-4.185421615580036114e-01,-2.637257652505902161e-01,6.702521074243421584e-01,2.232267187443326417e-02,1.646795224324712204e-01,7.140490717782261854e-01,7.429195586289185638e-01,6.092698492333662452e-01,6.483725791644148195e-01,5.197424546148811109e-01,7.221298389826941166e-01,4.607118552961874669e-01,-2.008367228124454396e-01,5.372265505846081091e-01,8.661185354416868487e-02,1.000000000000000000e+00,5.687293342699145660e-01
3.527858364612679876e-01,1.492799711265451468e-01,6.336812939814762125e-01,7.132291930712422734e-02,4.512942957455188253e-01,6.403510571917163663e-01,1.410590215952210041e-02,4.495375479803012109e-01,6.563316776739900327e-01,7.398300909892574495e-01,2.861050270473555202e-01,7.056873301509374308e-01,6.360313094541071299e-01,2.630873690818153476e-01,5.912939696603705109e-01,6.498275086195801631e-01,4.734820601715367672e-01,2.263962449530766696e-01,1.139480267519821233e-02,4.434214716704201753e-01,6.466077852381219015e-01,5.243939429501558447e-01,4.586626328556863558e-02,-1.436483532797366569e-01,5.866951370688144873e-01,9.869594973773789665e-03,3.591600808728273586e-02,6.051113490640884773e-01,5.433132742192230413e-01,3.935424101507269401e-01,5.837613841275844928e-01,5.716062879250018991e-01,6.043255899097197403e-01,4.552189796775361619e-01,-1.715407423116059038e-01,4.128414612651086779e-01,7.465825240381168681e-02,5.687293342699145660e-01,1.000000000000000000e+00
