1.000000000000000000e+00,4.436422176526333416e-01,9.160679970029578234e-01,7.615076137854335236e-01,9.108070264023696572e-01,8.613788038290183247e-01,7.684883393215181657e-01,8.822104177950629289e-01,-4.989719869111820527e-01,2.030976887014011856e-01,6.173788339087792759e-02,5.869421722456596990e-01,-4.015868257235309935e-01,7.460534483727125910e-01,6.783239439086142797e-01,9.417139998926957745e-01,3.484035909674303988e-01,9.067603133769033263e-01,4.463097347128213155e-01,9.225232717170963603e-01,-3.583743973180538167e-01,9.436231003779589344e-01,8.145886799455794858e-01,4.835652766882065356e-01,8.174655062109512649e-01,-9.129945187688680575e-01,9.061171933721602345e-01,7.929524146670592355e-01,-9.352593324325699786e-01,7.583321306274392049e-01,6.510902649315661872e-01,-7.628576053236330035e-01,-8.337455301653017292e-01,4.754547081337122671e-01,-3.085093943001839933e-03,8.673028404399226732e-01,-4.237839249308613665e-01,-7.967337891576989906e-01,1.584262335073603756e-01
4.436422176526333416e-01,1.000000000000000000e+00,4.945393255488402251e-01,4.357004108459210379e-01,4.741073727370843649e-01,2.689422265728797501e-01,1.718874306017841302e-01,2.119813578934081899e-01,-2.962380862845188645e-01,6.179823146982188486e-01,1.577402831936407235e-01,4.661745142055181423e-01,-2.976761199950780368e-01,3.658646470694785768e-01,2.651770097856673281e-01,5.195793956461267626e-01,-2.950677599308000609e-02,4.504814054369641330e-01,2.910617971083381272e-01,4.626414479250494649e-01,-6.362256513937912805e-01,4.192640481144244702e-01,2.374922268165232109e-01,3.572236518021610907e-01,5.079430265502480335e-01,-4.922678620671626648e-01,4.056836432190670805e-01,6.024012078132562342e-01,-5.162911597876340686e-01,5.382519007926261922e-01,4.787456320365692242e-01,-6.298731161817220370e-01,-5.143560632259522869e-01,1.108291855111595697e-01,-3.872543922701572328e-01,3.693296651317830026e-01,-6.180497576937296067e-01,-5.229170580168008842e-01,1.686031919924157463e-01
9.160679970029578234e-01,4.945393255488402251e-01,1.000000000000000000e+00,7.599088001495595268e-01,9.006632474238860375e-01,7.684796987419300063e-01,7.567271258116027299e-01,8.306623043337236778e-01,-5.131824038956885881e-01,2.642252018290546789e-01,4.859549772620672115e-02,6.091199520614832830e-01,-4.476380289792925016e-01,6.869100043405782507e-01,6.293911555888556109e-01,9.327265295405045009e-01,2.550281804410446385e-01,8.765293966034131135e-01,3.829892341485900409e-01,9.081625805150888020e-01,-4.113086668318618466e-01,9.302444006907265583e-01,7.452409766059898688e-01,5.297175091784633860e-01,7.870060136122111194e-01,-8.811317174140822495e-01,8.925023073734978940e-01,8.641146610459566890e-01,-9.151246607566331237e-01,7.454665596172579400e-01,7.056370123524404736e-01,-7.583447395036648775e-01,-8.023403480601053461e-01,4.222555785722137967e-01,2.769736860336807077e-02,8.226896450971731278e-01,-3.903665598492396804e-01,-8.222788456761410680e-01,1.432491101618311169e-01
7.615076137854335236e-01,4.357004108459210379e-01,7.599088001495595268e-01,1.000000000000000000e+00,7.162190754373899404e-01,5.994805155757753079e-01,6.820423679025634511e-01,6.867683049398712880e-01,-5.492666372224452864e-01,4.824398334390559567e-02,5.436928370669989047e-02,3.575873855525564804e-01,-3.569570772952906923e-01,5.165304359264352163e-01,3.778156135321876219e-01,7.324559421168747031e-01,2.887553089718767341e-01,6.880683578645374610e-01,2.814314043131042054e-01,8.045552300658821432e-01,-4.003882187996900544e-01,7.674508472944135962e-01,5.438412790073989811e-01,5.117980174911823665e-01,6.549593851696212665e-01,-7.288475565503262921e-01,7.917149577494045909e-01,6.352406338781132478e-01,-7.280645186506048416e-01,5.220100037871927556e-01,5.407172878896611135e-01,-6.973107684770381010e-01,-7.028030438258067170e-01,2.264265471028560350e-01,-3.149031599117208674e-02,6.021764442446068122e-01,-3.548158506698909642e-01,-7.562767889373318564e-01,-1.385359266398736577e-01
9.108070264023696572e-01,4.741073727370843649e-01,9.006632474238860375e-01,7.162190754373899404e-01,1.000000000000000000e+00,7.898997830225982231e-01,6.750849627995924029e-01,8.539725252824504897e-01,-3.379071028538209176e-01,3.223955808597107064e-01,2.002059390266371086e-02,7.440809041540283886e-01,-3.594918215855291144e-01,7.527524455051686214e-01,7.557341509304982274e-01,9.178635343867763696e-01,2.610078065037222950e-01,8.992475475186832989e-01,6.066212217864941358e-01,8.896534978344918798e-01,-3.664639949465826052e-01,9.110360128530640145e-01,7.770343951901206303e-01,5.571756677653556533e-01,7.921720373413554395e-01,-8.559536811119196065e-01,9.091066838276239404e-01,7.870319870995619027e-01,-9.169586412782670948e-01,8.071116894055130331e-01,6.312951843549727826e-01,-7.496744953396328182e-01,-8.037554920818478221e-01,5.802885180456583969e-01,7.957461256189721222e-03,8.150573890969409208e-01,-4.422832469559628277e-01,-7.055886727152982374e-01,2.425101872517454182e-01
8.613788038290183247e-01,2.689422265728797501e-01,7.684796987419300063e-01,5.994805155757753079e-01,7.898997830225982231e-01,1.000000000000000000e+00,7.513641332602742917e-01,8.163531304016131696e-01,-4.236562560625893870e-01,9.975788532959432853e-02,5.181727922981823470e-02,4.445982803263754390e-01,-2.190482927608470021e-01,6.805479096264036576e-01,6.501610920408208427e-01,8.239597607900952525e-01,4.095373168747085124e-01,8.003071378520866253e-01,3.943202625290443963e-01,8.062221506463534970e-01,-1.799845066489150769e-01,8.366842197126510561e-01,8.072210578011188575e-01,2.576190333120491061e-01,7.397438025315151711e-01,-8.219850698155737323e-01,7.609560675062366775e-01,6.173191865588818494e-01,-8.075987166706795062e-01,6.347243085811588026e-01,4.833947788452446215e-01,-5.734285842651543064e-01,-6.596675516647907411e-01,4.817634846006090821e-01,-1.486192205809524353e-02,8.233784910932517853e-01,-3.696314939818920453e-01,-6.608324155939313549e-01,1.195023403533385098e-01
7.684883393215181657e-01,1.718874306017841302e-01,7.567271258116027299e-01,6.820423679025634511e-01,6.750849627995924029e-01,7.513641332602742917e-01,1.000000000000000000e+00,8.067845711133209141e-01,-5.154571163012841017e-01,-1.895786331128967647e-02,6.501363932329588813e-02,1.681462343648675861e-01,-2.049532075101850037e-01,5.430477450555010188e-01,4.345818294293372630e-01,7.177035548048832370e-01,3.642503296850738148e-01,6.935589133611449464e-01,1.635687189679518039e-01,7.462829622779996175e-01,-1.042574607276659654e-01,7.986036247743476535e-01,6.846269756012373087e-01,3.639976173322487241e-01,6.043236029653955566e-01,-7.491337633300654275e-01,7.031853564216701269e-01,5.394252074574987788e-01,-7.131023818181738694e-01,5.275543271406566426e-01,4.386710614716003431e-01,-5.291565519036220966e-01,-6.060487197639988777e-01,2.635749280026746799e-01,2.174023736619189531e-02,7.155082819802921490e-01,-2.750548586775258819e-01,-6.717699495798051812e-01,-5.510978021997819248e-02
8.822104177950629289e-01,2.119813578934081899e-01,8.306623043337236778e-01,6.867683049398712880e-01,8.539725252824504897e-01,8.163531304016131696e-01,8.067845711133209141e-01,1.000000000000000000e+00,-3.923534289704938560e-01,7.523031664599744150e-02,9.242513126315475558e-02,5.353904285856617706e-01,-2.283544852525849489e-01,7.489194400432627186e-01,6.444639680192792985e-01,8.278390944536181406e-01,3.837699981992794829e-01,8.232244544551913235e-01,4.582063234779663041e-01,8.378292129423571266e-01,-1.528445712885561636e-01,8.976955571237178466e-01,8.228612693978658577e-01,4.382194379192700939e-01,7.022812648588964146e-01,-8.039100562564588381e-01,8.605984764729895931e-01,6.048913911518025710e-01,-8.453286994777616803e-01,6.984297067399336534e-01,4.801195262896162386e-01,-6.475699566246506667e-01,-7.478782914457523523e-01,4.960467758681506578e-01,1.280594308474167498e-01,8.288713907887286236e-01,-2.750663372427948339e-01,-6.390455542681858780e-01,1.084211845877473684e-01
-4.989719869111820527e-01,-2.962380862845188645e-01,-5.131824038956885881e-01,-5.492666372224452864e-01,-3.379071028538209176e-01,-4.236562560625893870e-01,-5.154571163012841017e-01,-3.923534289704938560e-01,1.000000000000000000e+00,1.231062069948597043e-01,-1.516711040503871677e-01,-1.217441561997343116e-02,4.897911614222286714e-01,-2.235925698675245432e-01,2.548488502554864185e-02,-4.958523763546971996e-01,-1.018112409745241531e-01,-3.395980989373130199e-01,2.959604694627138155e-01,-5.581848635597423947e-01,3.174041868598623251e-01,-5.086387768295134171e-01,-3.751999479919044256e-01,-1.442340479108490114e-01,-4.964348972603719878e-01,4.591399554466358279e-01,-4.293220665038354755e-01,-5.392087257279449819e-01,4.845070822214523898e-01,-2.022542439917805746e-01,-5.729750001334059650e-01,4.376091091235581043e-01,5.057875369251858544e-01,2.989890015645216836e-01,-1.609497920140784133e-01,-5.019942976950653168e-01,9.502918252283117095e-03,6.840115445106440539e-01,3.428773002705239326e-01
2.030976887014011856e-01,6.179823146982188486e-01,2.642252018290546789e-01,4.824398334390559567e-02,3.223955808597107064e-01,9.975788532959432853e-02,-1.895786331128967647e-02,7.523031664599744150e-02,1.231062069948597043e-01,1.000000000000000000e+00,1.799776886997480896e-01,5.291863549252342480e-01,-5.738385174617148532e-02,2.964351033879721320e-01,3.611775398026646489e-01,3.088480370512294848e-01,-1.687655063857490256e-01,3.036001381289379908e-01,4.158588047165377999e-01,1.886858036501427027e-01,-4.077571359452040189e-01,2.014187013697563422e-01,1.830794902648270606e-01,2.486118514104371513e-01,2.679161830469775629e-01,-2.248581706795747259e-01,1.919790072755190591e-01,3.659336372827637351e-01,-3.063538897483125689e-01,4.573891702279291316e-01,1.595026468151793664e-01,-3.589684055994206147e-01,-2.808536461339144474e-01,2.953916481975853991e-01,-2.885371574107389314e-01,2.306815858324419710e-01,-4.919176569805064902e-01,-1.534238912664786236e-01,4.810052067770305695e-01
6.173788339087792759e-02,1.577402831936407235e-01,4.859549772620672115e-02,5.436928370669989047e-02,2.002059390266371086e-02,5.181727922981823470e-02,6.501363932329588813e-02,9.242513126315475558e-02,-1.516711040503871677e-01,1.799776886997480896e-01,1.000000000000000000e+00,2.156425841231099719e-02,1.808878741161002446e-01,1.899826351396556312e-01,-1.043149790430847879e-01,5.147957854634435670e-02,1.914442173322033203e-01,4.759762891777700143e-03,-7.394379516932814145e-02,6.357606845010822794e-02,-5.075214168168908774e-02,7.968844715485587371e-02,1.787371496152438954e-01,-4.576807103463726573e-02,-2.388100768753451814e-02,-6.454270425771325981e-02,5.947953732218349415e-02,4.515928883076915368e-02,-8.028742312030227868e-02,6.657883130127653648e-02,-1.149195837286906552e-01,-1.108954736877195979e-01,-1.943579981298691195e-01,-7.705427546286924834e-02,-8.746058824173845447e-02,1.387560602632463003e-01,-1.507096827584842036e-01,-1.138408792248114115e-01,1.635741258527289785e-02
5.869421722456596990e-01,4.661745142055181423e-01,6.091199520614832830e-01,3.575873855525564804e-01,7.440809041540283886e-01,4.445982803263754390e-01,1.681462343648675861e-01,5.353904285856617706e-01,-1.217441561997343116e-02,5.291863549252342480e-01,2.156425841231099719e-02,1.000000000000000000e+00,-2.373373261157223912e-01,6.392065503398306481e-01,7.063451457434033465e-01,6.403136113265247564e-01,2.920954241232291346e-02,6.362041015230537333e-01,7.217180896326109707e-01,5.848907038569368666e-01,-3.116366575676546291e-01,5.917638696235001383e-01,5.565885436668023267e-01,4.740638595608981376e-01,5.569714891846579974e-01,-5.052781500449903263e-01,6.479917015855706230e-01,5.832519545302498054e-01,-6.464714189178030201e-01,6.978303538446636312e-01,4.354890103455523187e-01,-5.392112092142266055e-01,-5.585519107964467267e-01,5.817543795086448366e-01,9.282522608410533060e-02,5.557645895135667757e-01,-3.054477665976415013e-01,-3.652130934289015141e-01,3.657821418602441588e-01
-4.015868257235309935e-01,-2.976761199950780368e-01,-4.476380289792925016e-01,-3.569570772952906923e-01,-3.594918215855291144e-01,-2.190482927608470021e-01,-2.049532075101850037e-01,-2.283544852525849489e-01,4.897911614222286714e-01,-5.738385174617148532e-02,1.808878741161002446e-01,-2.373373261157223912e-01,1.000000000000000000e+00,-4.139649585759988537e-02,-1.281735722208672268e-01,-4.573944722390836937e-01,8.237266177342092432e-02,-3.308068740401641783e-01,1.128688871219565154e-01,-4.394565464325607129e-01,2.943439280004391811e-01,-3.839623689392134276e-01,-1.865929235066108582e-01,-2.337565879158947091e-01,-4.380626829776527176e-01,3.896748571596069244e-01,-3.371144100566268453e-01,-5.884840578209886708e-01,4.267940302015060805e-01,-2.659798698112818549e-01,-8.193471904056056632e-01,3.904969724476899384e-01,3.947690392625213263e-01,7.413593330508148893e-02,-1.182590484552325516e-01,-3.488583306408830076e-01,4.444182672974203441e-02,4.357587101643333738e-01,-9.497654544856924674e-02
7.460534483727125910e-01,3.658646470694785768e-01,6.869100043405782507e-01,5.165304359264352163e-01,7.527524455051686214e-01,6.805479096264036576e-01,5.430477450555010188e-01,7.489194400432627186e-01,-2.235925698675245432e-01,2.964351033879721320e-01,1.899826351396556312e-01,6.392065503398306481e-01,-4.139649585759988537e-02,1.000000000000000000e+00,6.337024406746225580e-01,7.196190299882552210e-01,4.027379484201359383e-01,7.339694318708465115e-01,5.778093378782293010e-01,6.977965485545996049e-01,-2.467943095220735406e-01,7.436718351003928085e-01,7.355794936439193910e-01,4.181889049709771045e-01,5.902699041329002583e-01,-6.601897531568070576e-01,7.522162753120722467e-01,5.336127537570104495e-01,-7.128993597928747761e-01,7.000563484778070666e-01,2.738663698704658644e-01,-5.662040419287407422e-01,-6.781083199457113020e-01,5.366928286431306150e-01,-6.116126860702483618e-03,7.184548291263076480e-01,-3.292726935914642161e-01,-5.155629555262694064e-01,2.329545498505067314e-01
6.783239439086142797e-01,2.651770097856673281e-01,6.293911555888556109e-01,3.778156135321876219e-01,7.557341509304982274e-01,6.501610920408208427e-01,4.345818294293372630e-01,6.444639680192792985e-01,2.548488502554864185e-02,3.611775398026646489e-01,-1.043149790430847879e-01,7.063451457434033465e-01,-1.281735722208672268e-01,6.337024406746225580e-01,1.000000000000000000e+00,6.820368690776049680e-01,2.667541665170025666e-01,8.091542424008483225e-01,7.705088386264963285e-01,6.391437379049250689e-01,-1.820606060864009834e-01,6.781462518254852689e-01,6.117338520616143471e-01,3.574791773519585547e-01,5.418919454206737596e-01,-6.358897121364899263e-01,6.660702865733764133e-01,5.251893806261537234e-01,-6.871936963126162867e-01,7.076972080639966078e-01,3.608153980058186883e-01,-5.407070125902074809e-01,-6.262070816323368483e-01,8.504250002243084472e-01,-1.633596323888187284e-03,6.602343506583837618e-01,-3.807013949555202448e-01,-4.595943219331446450e-01,4.962268100314576325e-01
9.417139998926957745e-01,5.195793956461267626e-01,9.327265295405045009e-01,7.324559421168747031e-01,9.178635343867763696e-01,8.239597607900952525e-01,7.177035548048832370e-01,8.278390944536181406e-01,-4.958523763546971996e-01,3.088480370512294848e-01,5.147957854634435670e-02,6.403136113265247564e-01,-4.573944722390836937e-01,7.196190299882552210e-01,6.820368690776049680e-01,1.000000000000000000e+00,2.681283111151939180e-01,9.026744400608321950e-01,4.324076741362809506e-01,9.226011302901996336e-01,-4.234430163289701898e-01,9.300848515933815008e-01,7.806753800065474591e-01,5.016507566539968321e-01,8.290455024858892630e-01,-9.090695531756509684e-01,8.984277432884791859e-01,8.681971684484672824e-01,-9.401837946799361800e-01,7.870041830059223420e-01,7.069271079950073533e-01,-7.674210020744557381e-01,-8.354746507693994184e-01,4.623879210576112841e-01,-1.384871919516870477e-02,8.588880639809860496e-01,-4.447854158461935214e-01,-8.142015003066427337e-01,2.048676464399193098e-01
3.484035909674303988e-01,-2.950677599308000609e-02,2.550281804410446385e-01,2.887553089718767341e-01,2.610078065037222950e-01,4.095373168747085124e-01,3.642503296850738148e-01,3.837699981992794829e-01,-1.018112409745241531e-01,-1.687655063857490256e-01,1.914442173322033203e-01,2.920954241232291346e-02,8.237266177342092432e-02,4.027379484201359383e-01,2.667541665170025666e-01,2.681283111151939180e-01,1.000000000000000000e+00,3.223203144398210096e-01,1.596758749707074265e-01,3.186287877498292787e-01,1.174524007592496200e-01,3.513280407659008509e-01,3.856644197301846155e-01,-4.855795844637525276e-03,1.932565257461043851e-01,-2.990225217972740657e-01,3.179479964216126442e-01,7.952130985893761383e-02,-2.651423739986501493e-01,2.354121885752722410e-01,2.682104156078534037e-03,-1.691777508422579734e-01,-2.935160093997852271e-01,3.229803397265662568e-01,-1.499016305228387594e-02,3.505755443958302742e-01,-1.023176274813322878e-01,-2.400495937105626976e-01,3.740202518264085924e-02
9.067603133769033263e-01,4.504814054369641330e-01,8.765293966034131135e-01,6.880683578645374610e-01,8.992475475186832989e-01,8.003071378520866253e-01,6.935589133611449464e-01,8.232244544551913235e-01,-3.395980989373130199e-01,3.036001381289379908e-01,4.759762891777700143e-03,6.362041015230537333e-01,-3.308068740401641783e-01,7.339694318708465115e-01,8.091542424008483225e-01,9.026744400608321950e-01,3.223203144398210096e-01,1.000000000000000000e+00,5.949420347297809109e-01,8.759261226115608867e-01,-3.877021299090875339e-01,8.998142717752474207e-01,7.494196269233430741e-01,4.692875699792810607e-01,7.426510234750184347e-01,-8.850342267851294409e-01,8.767216400070222404e-01,7.807813133787199211e-01,-9.041341228296835286e-01,7.865341822617569756e-01,5.881341072889554322e-01,-7.616611996790761951e-01,-8.457751125205018594e-01,6.526680533142811269e-01,-6.361069399408059155e-02,8.292756865690752432e-01,-4.899736497024712034e-01,-7.789246591333148784e-01,3.116331216387416836e-01
4.463097347128213155e-01,2.910617971083381272e-01,3.829892341485900409e-01,2.814314043131042054e-01,6.066212217864941358e-01,3.943202625290443963e-01,1.635687189679518039e-01,4.582063234779663041e-01,2.959604694627138155e-01,4.158588047165377999e-01,-7.394379516932814145e-02,7.217180896326109707e-01,1.128688871219565154e-01,5.778093378782293010e-01,7.705088386264963285e-01,4.324076741362809506e-01,1.596758749707074265e-01,5.949420347297809109e-01,1.000000000000000000e+00,4.060868681117458801e-01,-1.890523668067007335e-01,4.305185957901362936e-01,4.300681006917559945e-01,3.349445544665924923e-01,3.664229328221375592e-01,-3.986140509991885628e-01,5.033574479352291853e-01,2.729636713825747685e-01,-4.746009212494344820e-01,5.757831470842196264e-01,9.022479046332584907e-02,-4.436119133590644692e-01,-4.339885065295423505e-01,7.965312907107321427e-01,-1.083314748695260316e-01,3.879444071335260702e-01,-4.202231194817457327e-01,-1.701756560241819705e-01,3.729421688486980746e-01
9.225232717170963603e-01,4.626414479250494649e-01,9.081625805150888020e-01,8.045552300658821432e-01,8.896534978344918798e-01,8.062221506463534970e-01,7.462829622779996175e-01,8.378292129423571266e-01,-5.581848635597423947e-01,1.886858036501427027e-01,6.357606845010822794e-02,5.848907038569368666e-01,-4.394565464325607129e-01,6.977965485545996049e-01,6.391437379049250689e-01,9.226011302901996336e-01,3.186287877498292787e-01,8.759261226115608867e-01,4.060868681117458801e-01,1.000000000000000000e+00,-3.858503437176724060e-01,9.248808015741477595e-01,7.765995720652324463e-01,4.869901849336803479e-01,8.203532274804025137e-01,-8.778933688705505833e-01,9.025426397486888686e-01,8.236834511737632925e-01,-9.120565659566111094e-01,7.451084401084627773e-01,6.880704358396135811e-01,-7.602853843790194910e-01,-8.506072589661626271e-01,4.231556302730833941e-01,6.572957566751204406e-02,8.569936493045029469e-01,-3.679647505443386368e-01,-8.256296064007471180e-01,8.177842443980908038e-02
-3.583743973180538167e-01,-6.362256513937912805e-01,-4.113086668318618466e-01,-4.003882187996900544e-01,-3.664639949465826052e-01,-1.799845066489150769e-01,-1.042574607276659654e-01,-1.528445712885561636e-01,3.174041868598623251e-01,-4.077571359452040189e-01,-5.075214168168908774e-02,-3.116366575676546291e-01,2.943439280004391811e-01,-2.467943095220735406e-01,-1.820606060864009834e-01,-4.234430163289701898e-01,1.174524007592496200e-01,-3.877021299090875339e-01,-1.890523668067007335e-01,-3.858503437176724060e-01,1.000000000000000000e+00,-3.260457289943110570e-01,-1.677672002705900833e-01,-3.156073709469086608e-01,-4.266896309184921021e-01,4.201422658377723662e-01,-3.679608562008264139e-01,-5.849898201484626803e-01,4.090193826724783932e-01,-3.546138433072326679e-01,-4.158008764032564697e-01,5.004641982370383602e-01,4.890413061877599832e-01,-9.270378525008537984e-02,3.140122650784369918e-01,-2.619879704153655342e-01,4.819645880632169588e-01,5.133422540597646355e-01,-7.259234683824772327e-02
9.436231003779589344e-01,4.192640481144244702e-01,9.302444006907265583e-01,7.674508472944135962e-01,9.110360128530640145e-01,8.366842197126510561e-01,7.986036247743476535e-01,8.976955571237178466e-01,-5.086387768295134171e-01,2.014187013697563422e-01,7.968844715485587371e-02,5.917638696235001383e-01,-3.839623689392134276e-01,7.436718351003928085e-01,6.781462518254852689e-01,9.300848515933815008e-01,3.513280407659008509e-01,8.998142717752474207e-01,4.305185957901362936e-01,9.248808015741477595e-01,-3.260457289943110570e-01,1.000000000000000000e+00,8.043285434953054702e-01,4.970708698936942560e-01,7.863366008057219858e-01,-8.935980961359327734e-01,9.139597340581628870e-01,7.933984506380380441e-01,-9.288645066177636522e-01,7.558849522708780411e-01,6.447391493020048214e-01,-7.474187561695050386e-01,-8.372898975132885280e-01,4.787721329961089900e-01,4.397189151412887742e-02,8.641146051457475608e-01,-3.813227205635859041e-01,-8.012648514257620924e-01,1.621533474839046973e-01
8.145886799455794858e-01,2.374922268165232109e-01,7.452409766059898688e-01,5.438412790073989811e-01,7.770343951901206303e-01,8.072210578011188575e-01,6.846269756012373087e-01,8.228612693978658577e-01,-3.751999479919044256e-01,1.830794902648270606e-01,1.787371496152438954e-01,5.565885436668023267e-01,-1.865929235066108582e-01,7.355794936439193910e-01,6.117338520616143471e-01,7.806753800065474591e-01,3.856644197301846155e-01,7.494196269233430741e-01,4.300681006917559945e-01,7.765995720652324463e-01,-1.677672002705900833e-01,8.043285434953054702e-01,1.000000000000000000e+00,2.694378016383391916e-01,7.614069344108553850e-01,-7.602883610083862598e-01,7.623120164444228131e-01,5.829085068133759151e-01,-7.735886297956794388e-01,6.802700247358274277e-01,4.383085909414694559e-01,-5.290349137438209448e-01,-6.852956166044232855e-01,4.507519318849493861e-01,9.370138873929984014e-02,8.335267746697978541e-01,-2.922717652858079496e-01,-5.937158435481298957e-01,1.143984993408399542e-01
4.835652766882065356e-01,3.572236518021610907e-01,5.297175091784633860e-01,5.117980174911823665e-01,5.571756677653556533e-01,2.576190333120491061e-01,3.639976173322487241e-01,4.382194379192700939e-01,-1.442340479108490114e-01,2.486118514104371513e-01,-4.576807103463726573e-02,4.740638595608981376e-01,-2.337565879158947091e-01,4.181889049709771045e-01,3.574791773519585547e-01,5.016507566539968321e-01,-4.855795844637525276e-03,4.692875699792810607e-01,3.349445544665924923e-01,4.869901849336803479e-01,-3.156073709469086608e-01,4.970708698936942560e-01,2.694378016383391916e-01,1.000000000000000000e+00,3.820445360476670826e-01,-4.611667361336611592e-01,5.523176360835194698e-01,4.561584034191405457e-01,-4.904079477686006938e-01,3.740007546809972494e-01,3.308989287087895637e-01,-4.631242748794052733e-01,-4.217631096078937047e-01,2.575604227296880433e-01,-1.053594086775595101e-01,2.561967986396895269e-01,-3.121563556289173591e-01,-3.868065337075843324e-01,1.174981488928906193e-01
8.174655062109512649e-01,5.079430265502480335e-01,7.870060136122111194e-01,6.549593851696212665e-01,7.921720373413554395e-01,7.397438025315151711e-01,6.043236029653955566e-01,7.022812648588964146e-01,-4.964348972603719878e-01,2.679161830469775629e-01,-2.388100768753451814e-02,5.569714891846579974e-01,-4.380626829776527176e-01,5.902699041329002583e-01,5.418919454206737596e-01,8.290455024858892630e-01,1.932565257461043851e-01,7.426510234750184347e-01,3.664229328221375592e-01,8.203532274804025137e-01,-4.266896309184921021e-01,7.863366008057219858e-01,7.614069344108553850e-01,3.820445360476670826e-01,1.000000000000000000e+00,-7.935520145142699322e-01,7.416265517494450288e-01,7.385085414403481652e-01,-8.046027965320329267e-01,6.900408522105513365e-01,6.636260886664974157e-01,-6.927528015362333091e-01,-7.035191674142454721e-01,3.029911760837263324e-01,-3.836150592329368170e-02,7.697443476295282583e-01,-4.122911530142678305e-01,-6.822839392340281917e-01,8.489012113855737285e-02
-9.129945187688680575e-01,-4.922678620671626648e-01,-8.811317174140822495e-01,-7.288475565503262921e-01,-8.559536811119196065e-01,-8.219850698155737323e-01,-7.491337633300654275e-01,-8.039100562564588381e-01,4.591399554466358279e-01,-2.248581706795747259e-01,-6.454270425771325981e-02,-5.052781500449903263e-01,3.896748571596069244e-01,-6.601897531568070576e-01,-6.358897121364899263e-01,-9.090695531756509684e-01,-2.990225217972740657e-01,-8.850342267851294409e-01,-3.986140509991885628e-01,-8.778933688705505833e-01,4.201422658377723662e-01,-8.935980961359327734e-01,-7.602883610083862598e-01,-4.611667361336611592e-01,-7.935520145142699322e-01,1.000000000000000000e+00,-8.411874470457051389e-01,-8.017045932247063300e-01,8.829545734023476200e-01,-7.277765997436307366e-01,-6.391678293583641368e-01,7.357502127142133697e-01,8.064868443309897161e-01,-4.673328519290320116e-01,2.067297861299415840e-01,-8.015728827477290874e-01,5.618684199290014947e-01,8.082079361710248211e-01,-1.758304803498787205e-01
9.061171933721602345e-01,4.056836432190670805e-01,8.925023073734978940e-01,7.917149577494045909e-01,9.091066838276239404e-01,7.609560675062366775e-01,7.031853564216701269e-01,8.605984764729895931e-01,-4.293220665038354755e-01,1.919790072755190591e-01,5.947953732218349415e-02,6.479917015855706230e-01,-3.371144100566268453e-01,7.522162753120722467e-01,6.660702865733764133e-01,8.984277432884791859e-01,3.179479964216126442e-01,8.767216400070222404e-01,5.033574479352291853e-01,9.025426397486888686e-01,-3.679608562008264139e-01,9.139597340581628870e-01,7.623120164444228131e-01,5.523176360835194698e-01,7.416265517494450288e-01,-8.411874470457051389e-01,1.000000000000000000e+00,7.737625803810622704e-01,-8.972649816558230240e-01,7.329021496380708767e-01,5.922411330622140424e-01,-7.295698376942130192e-01,-8.232734286287981540e-01,5.097634874399695759e-01,8.699818427196645554e-02,7.985352405488312932e-01,-3.441860341163008874e-01,-7.763453485565487977e-01,9.500275976558633650e-02
7.929524146670592355e-01,6.024012078132562342e-01,8.641146610459566890e-01,6.352406338781132478e-01,7.870319870995619027e-01,6.173191865588818494e-01,5.394252074574987788e-01,6.048913911518025710e-01,-5.392087257279449819e-01,3.659336372827637351e-01,4.515928883076915368e-02,5.832519545302498054e-01,-5.884840578209886708e-01,5.336127537570104495e-01,5.251893806261537234e-01,8.681971684484672824e-01,7.952130985893761383e-02,7.807813133787199211e-01,2.729636713825747685e-01,8.236834511737632925e-01,-5.849898201484626803e-01,7.933984506380380441e-01,5.829085068133759151e-01,4.561584034191405457e-01,7.385085414403481652e-01,-8.017045932247063300e-01,7.737625803810622704e-01,1.000000000000000000e+00,-8.327112280028668989e-01,6.893924224600793682e-01,7.927887779722959660e-01,-7.242129628423843446e-01,-7.761752498316196736e-01,3.158192275244229852e-01,-3.884910346621173877e-02,7.099517001223586421e-01,-4.110308163082342370e-01,-8.190349142715751540e-01,1.989640457238239513e-01
-9.352593324325699786e-01,-5.162911597876340686e-01,-9.151246607566331237e-01,-7.280645186506048416e-01,-9.169586412782670948e-01,-8.075987166706795062e-01,-7.131023818181738694e-01,-8.453286994777616803e-01,4.845070822214523898e-01,-3.063538897483125689e-01,-8.028742312030227868e-02,-6.464714189178030201e-01,4.267940302015060805e-01,-7.128993597928747761e-01,-6.871936963126162867e-01,-9.401837946799361800e-01,-2.651423739986501493e-01,-9.041341228296835286e-01,-4.746009212494344820e-01,-9.120565659566111094e-01,4.090193826724783932e-01,-9.288645066177636522e-01,-7.735886297956794388e-01,-4.904079477686006938e-01,-8.046027965320329267e-01,8.829545734023476200e-01,-8.972649816558230240e-01,-8.327112280028668989e-01,1.000000000000000000e+00,-7.791122994013245373e-01,-6.786194390224641326e-01,7.944316120503098766e-01,8.576559781799416582e-01,-4.725974192306159338e-01,-2.796314345359839776e-02,-8.509011467118963168e-01,4.389905662812376153e-01,7.972915085669060042e-01,-2.094277715909468873e-01
7.583321306274392049e-01,5.382519007926261922e-01,7.454665596172579400e-01,5.220100037871927556e-01,8.071116894055130331e-01,6.347243085811588026e-01,5.275543271406566426e-01,6.984297067399336534e-01,-2.022542439917805746e-01,4.573891702279291316e-01,6.657883130127653648e-02,6.978303538446636312e-01,-2.659798698112818549e-01,7.000563484778070666e-01,7.076972080639966078e-01,7.870041830059223420e-01,2.354121885752722410e-01,7.865341822617569756e-01,5.757831470842196264e-01,7.451084401084627773e-01,-3.546138433072326679e-01,7.558849522708780411e-01,6.802700247358274277e-01,3.740007546809972494e-01,6.900408522105513365e-01,-7.277765997436307366e-01,7.329021496380708767e-01,6.893924224600793682e-01,-7.791122994013245373e-01,1.000000000000000000e+00,5.176064189470025445e-01,-6.792956920323021119e-01,-7.409593996931633786e-01,5.422140743951481268e-01,-1.393338154506396781e-02,7.607173612466046064e-01,-4.142841118709887915e-01,-5.795296669854346217e-01,3.132254658191378494e-01
6.510902649315661872e-01,4.787456320365692242e-01,7.056370123524404736e-01,5.407172878896611135e-01,6.312951843549727826e-01,4.833947788452446215e-01,4.386710614716003431e-01,4.801195262896162386e-01,-5.729750001334059650e-01,1.595026468151793664e-01,-1.149195837286906552e-01,4.354890103455523187e-01,-8.193471904056056632e-01,2.738663698704658644e-01,3.608153980058186883e-01,7.069271079950073533e-01,2.682104156078534037e-03,5.881341072889554322e-01,9.022479046332584907e-02,6.880704358396135811e-01,-4.158008764032564697e-01,6.447391493020048214e-01,4.383085909414694559e-01,3.308989287087895637e-01,6.636260886664974157e-01,-6.391678293583641368e-01,5.922411330622140424e-01,7.927887779722959660e-01,-6.786194390224641326e-01,5.176064189470025445e-01,1.000000000000000000e+00,-5.878930892364371275e-01,-6.061988360763608252e-01,1.185656905487279811e-01,6.925932058239403499e-02,5.901911555152470346e-01,-2.405703091730291010e-01,-6.519537156165496894e-01,1.298001204323653013e-01
-7.628576053236330035e-01,-6.298731161817220370e-01,-7.583447395036648775e-01,-6.973107684770381010e-01,-7.496744953396328182e-01,-5.734285842651543064e-01,-5.291565519036220966e-01,-6.475699566246506667e-01,4.376091091235581043e-01,-3.589684055994206147e-01,-1.108954736877195979e-01,-5.392112092142266055e-01,3.904969724476899384e-01,-5.662040419287407422e-01,-5.407070125902074809e-01,-7.674210020744557381e-01,-1.691777508422579734e-01,-7.616611996790761951e-01,-4.436119133590644692e-01,-7.602853843790194910e-01,5.004641982370383602e-01,-7.474187561695050386e-01,-5.290349137438209448e-01,-4.631242748794052733e-01,-6.927528015362333091e-01,7.357502127142133697e-01,-7.295698376942130192e-01,-7.242129628423843446e-01,7.944316120503098766e-01,-6.792956920323021119e-01,-5.878930892364371275e-01,1.000000000000000000e+00,7.913117476068771694e-01,-3.557866334463238855e-01,1.336029345261522117e-01,-6.683768700948377051e-01,4.827978553367350267e-01,6.977579006691685404e-01,-1.863512115412001846e-01
-8.337455301653017292e-01,-5.143560632259522869e-01,-8.023403480601053461e-01,-7.028030438258067170e-01,-8.037554920818478221e-01,-6.596675516647907411e-01,-6.060487197639988777e-01,-7.478782914457523523e-01,5.057875369251858544e-01,-2.808536461339144474e-01,-1.943579981298691195e-01,-5.585519107964467267e-01,3.947690392625213263e-01,-6.781083199457113020e-01,-6.262070816323368483e-01,-8.354746507693994184e-01,-2.935160093997852271e-01,-8.457751125205018594e-01,-4.339885065295423505e-01,-8.506072589661626271e-01,4.890413061877599832e-01,-8.372898975132885280e-01,-6.852956166044232855e-01,-4.217631096078937047e-01,-7.035191674142454721e-01,8.064868443309897161e-01,-8.232734286287981540e-01,-7.761752498316196736e-01,8.576559781799416582e-01,-7.409593996931633786e-01,-6.061988360763608252e-01,7.913117476068771694e-01,1.000000000000000000e+00,-4.568557062791873125e-01,2.946595049588319679e-02,-7.916817969759265550e-01,4.568280746745396748e-01,8.097356451771897667e-01,-2.355711269389638707e-01
4.754547081337122671e-01,1.108291855111595697e-01,4.222555785722137967e-01,2.264265471028560350e-01,5.802885180456583969e-01,4.817634846006090821e-01,2.635749280026746799e-01,4.960467758681506578e-01,2.989890015645216836e-01,2.953916481975853991e-01,-7.705427546286924834e-02,5.817543795086448366e-01,7.413593330508148893e-02,5.366928286431306150e-01,8.504250002243084472e-01,4.623879210576112841e-01,3.229803397265662568e-01,6.526680533142811269e-01,7.965312907107321427e-01,4.231556302730833941e-01,-9.270378525008537984e-02,4.787721329961089900e-01,4.507519318849493861e-01,2.575604227296880433e-01,3.029911760837263324e-01,-4.673328519290320116e-01,5.097634874399695759e-01,3.158192275244229852e-01,-4.725974192306159338e-01,5.422140743951481268e-01,1.185656905487279811e-01,-3.557866334463238855e-01,-4.568557062791873125e-01,1.000000000000000000e+00,-1.232192015522558942e-01,4.375243726147049483e-01,-3.915042274686123536e-01,-2.453386137667676048e-01,5.398611788344480633e-01
-3.085093943001839933e-03,-3.872543922701572328e-01,2.769736860336807077e-02,-3.149031599117208674e-02,7.957461256189721222e-03,-1.486192205809524353e-02,2.174023736619189531e-02,1.280594308474167498e-01,-1.609497920140784133e-01,-2.885371574107389314e-01,-8.746058824173845447e-02,9.282522608410533060e-02,-1.182590484552325516e-01,-6.116126860702483618e-03,-1.633596323888187284e-03,-1.384871919516870477e-02,-1.499016305228387594e-02,-6.361069399408059155e-02,-1.083314748695260316e-01,6.572957566751204406e-02,3.140122650784369918e-01,4.397189151412887742e-02,9.370138873929984014e-02,-1.053594086775595101e-01,-3.836150592329368170e-02,2.067297861299415840e-01,8.699818427196645554e-02,-3.884910346621173877e-02,-2.796314345359839776e-02,-1.393338154506396781e-02,6.925932058239403499e-02,1.336029345261522117e-01,2.946595049588319679e-02,-1.232192015522558942e-01,1.000000000000000000e+00,1.205798702294301888e-01,7.799767608837602229e-01,6.377910876737363788e-02,-2.527305480564982498e-01
8.673028404399226732e-01,3.693296651317830026e-01,8.226896450971731278e-01,6.021764442446068122e-01,8.150573890969409208e-01,8.233784910932517853e-01,7.155082819802921490e-01,8.288713907887286236e-01,-5.019942976950653168e-01,2.306815858324419710e-01,1.387560602632463003e-01,5.557645895135667757e-01,-3.488583306408830076e-01,7.184548291263076480e-01,6.602343506583837618e-01,8.588880639809860496e-01,3.505755443958302742e-01,8.292756865690752432e-01,3.879444071335260702e-01,8.569936493045029469e-01,-2.619879704153655342e-01,8.641146051457475608e-01,8.335267746697978541e-01,2.561967986396895269e-01,7.697443476295282583e-01,-8.015728827477290874e-01,7.985352405488312932e-01,7.099517001223586421e-01,-8.509011467118963168e-01,7.607173612466046064e-01,5.901911555152470346e-01,-6.683768700948377051e-01,-7.916817969759265550e-01,4.375243726147049483e-01,1.205798702294301888e-01,1.000000000000000000e+00,-2.965994464138352327e-01,-7.168393313072257689e-01,1.592811393116606022e-01
-4.237839249308613665e-01,-6.180497576937296067e-01,-3.903665598492396804e-01,-3.548158506698909642e-01,-4.422832469559628277e-01,-3.696314939818920453e-01,-2.750548586775258819e-01,-2.750663372427948339e-01,9.502918252283117095e-03,-4.919176569805064902e-01,-1.507096827584842036e-01,-3.054477665976415013e-01,4.444182672974203441e-02,-3.292726935914642161e-01,-3.807013949555202448e-01,-4.447854158461935214e-01,-1.023176274813322878e-01,-4.899736497024712034e-01,-4.202231194817457327e-01,-3.679647505443386368e-01,4.819645880632169588e-01,-3.813227205635859041e-01,-2.922717652858079496e-01,-3.121563556289173591e-01,-4.122911530142678305e-01,5.618684199290014947e-01,-3.441860341163008874e-01,-4.110308163082342370e-01,4.389905662812376153e-01,-4.142841118709887915e-01,-2.405703091730291010e-01,4.827978553367350267e-01,4.568280746745396748e-01,-3.915042274686123536e-01,7.799767608837602229e-01,-2.965994464138352327e-01,1.000000000000000000e+00,4.059935613537649091e-01,-3.594331501496604298e-01
-7.967337891576989906e-01,-5.229170580168008842e-01,-8.222788456761410680e-01,-7.562767889373318564e-01,-7.055886727152982374e-01,-6.608324155939313549e-01,-6.717699495798051812e-01,-6.390455542681858780e-01,6.840115445106440539e-01,-1.534238912664786236e-01,-1.138408792248114115e-01,-3.652130934289015141e-01,4.357587101643333738e-01,-5.155629555262694064e-01,-4.595943219331446450e-01,-8.142015003066427337e-01,-2.400495937105626976e-01,-7.789246591333148784e-01,-1.701756560241819705e-01,-8.256296064007471180e-01,5.133422540597646355e-01,-8.012648514257620924e-01,-5.937158435481298957e-01,-3.868065337075843324e-01,-6.822839392340281917e-01,8.082079361710248211e-01,-7.763453485565487977e-01,-8.190349142715751540e-01,7.972915085669060042e-01,-5.795296669854346217e-01,-6.519537156165496894e-01,6.977579006691685404e-01,8.097356451771897667e-01,-2.453386137667676048e-01,6.377910876737363788e-02,-7.168393313072257689e-01,4.059935613537649091e-01,1.000000000000000000e+00,1.300331711624499141e-02
1.584262335073603756e-01,1.686031919924157463e-01,1.432491101618311169e-01,-1.385359266398736577e-01,2.425101872517454182e-01,1.195023403533385098e-01,-5.510978021997819248e-02,1.084211845877473684e-01,3.428773002705239326e-01,4.810052067770305695e-01,1.635741258527289785e-02,3.657821418602441588e-01,-9.497654544856924674e-02,2.329545498505067314e-01,4.962268100314576325e-01,2.048676464399193098e-01,3.740202518264085924e-02,3.116331216387416836e-01,3.729421688486980746e-01,8.177842443980908038e-02,-7.259234683824772327e-02,1.621533474839046973e-01,1.143984993408399542e-01,1.174981488928906193e-01,8.489012113855737285e-02,-1.758304803498787205e-01,9.500275976558633650e-02,1.989640457238239513e-01,-2.094277715909468873e-01,3.132254658191378494e-01,1.298001204323653013e-01,-1.863512115412001846e-01,-2.355711269389638707e-01,5.398611788344480633e-01,-2.527305480564982498e-01,1.592811393116606022e-01,-3.594331501496604298e-01,1.300331711624499141e-02,1.000000000000000000e+00
