1.000000000000000000e+00,7.434513193545502219e-01,2.613402500137294582e-01,-3.928335989415852603e-01,4.604426354555799517e-01,1.186622803251412561e-01,7.516543263159754240e-02,-3.725655539397109139e-01,3.788803114229049585e-01,4.032171756359363979e-01,1.985955379185874725e-01,-2.319258478563777925e-01,1.416631342192191390e-01,4.403363877667955117e-01,3.240378810523504849e-01,6.400814701299634146e-01,2.744414461285143991e-01,-1.220666615184363146e-01,3.629774602061430766e-01,-4.485411696535297754e-02,2.429855132460896280e-02,-4.496462895572952978e-02,5.464057032556849380e-01,3.114398059257540985e-01,5.308642945999707541e-01,4.572082408695720690e-01,-7.820593003071178717e-02,4.864348258816705295e-01,4.705929311585466124e-01,2.003381468475073923e-01,4.002937387324349561e-01,4.850989107497479247e-01,3.455564588964507577e-01,3.077829573730241353e-01,4.124013328373880571e-01,6.300083408328115420e-01,4.792091451333549967e-01,4.456164759643581053e-01,1.994049976648576417e-01
7.434513193545502219e-01,1.000000000000000000e+00,4.725488076344989963e-02,-3.773428258192275120e-01,2.676288524984878348e-01,1.051058601533033654e-01,1.370974846539713687e-01,-1.956529262108255285e-01,3.519083044990671816e-01,3.774555986379319883e-01,1.874100628924028067e-01,-2.471365991552277597e-01,-1.922956263901531154e-02,5.285938994314040018e-01,3.408634288611865903e-01,6.013496681407305422e-01,2.717144586751371049e-01,-1.082227836625539175e-01,3.952766032508531757e-01,-1.073363011549694074e-01,-2.322397515461802897e-01,-1.931348517246690155e-01,4.590281017760497462e-01,3.510284905269621114e-01,4.837416620563411152e-01,3.420822944234751528e-01,-2.462154019166511720e-01,3.067625115204836161e-01,4.576066663529875789e-01,2.051115812674640104e-01,2.311929846017388990e-01,3.797742532395353976e-01,1.473614556397292441e-01,2.127811743413110801e-01,4.479003646989710430e-01,4.945467328894307957e-01,4.950964830245045967e-01,3.538852294786606900e-01,1.337171133441404924e-01
2.613402500137294582e-01,4.725488076344989963e-02,1.000000000000000000e+00,-2.103738586739008487e-01,5.634967401954902311e-01,1.878999894641128765e-01,1.032652049083244115e-02,-8.440299900224438323e-01,1.982339926253967877e-01,2.083099894248588435e-01,2.229795279295750943e-01,-4.305781185156571517e-02,3.827521314013894727e-01,1.988032010129707483e-01,-7.396650892185409332e-02,3.610948322511917663e-01,1.740169612297524648e-01,8.542046793473691280e-02,2.992019650079957294e-01,5.154791434468407145e-03,5.257368561367459225e-01,4.380509667694018616e-01,5.219928098135192540e-01,6.419749554782114287e-02,3.946820447348699523e-01,2.614097952479457199e-01,3.476675987128906575e-01,4.683433042356140996e-01,1.471111676221816267e-01,1.456729382544159901e-01,4.613660561914367242e-01,2.906794738926853916e-01,7.077749432402871133e-01,3.812320232319000302e-01,1.460993708186821283e-01,4.075786450085115420e-01,1.726905510805103738e-01,2.587030366452478525e-01,1.774908902520085374e-01
-3.928335989415852603e-01,-3.773428258192275120e-01,-2.103738586739008487e-01,1.000000000000000000e+00,-1.165515423216279545e-01,-2.497424114112826721e-01,1.154981029668406822e-01,3.549144083450617715e-01,-3.044132615860339203e-02,8.126971869365305634e-02,-3.351156203005559719e-01,8.486200195133253299e-02,-3.669037815359268984e-01,-4.638109625276166659e-01,-5.696961644843533401e-01,-2.073555672443821440e-01,-3.979014466907389580e-01,2.673026337797700380e-01,-2.522412031850230774e-01,1.182103200289406214e-01,-1.909573171488599674e-01,7.446696032021837830e-02,-4.995215944465913327e-01,-2.846562884296270912e-01,-5.532240309005720391e-01,-4.541042726700279530e-01,-3.604760397851006215e-02,-5.513684219637725592e-01,-5.192313290778852730e-01,5.541740896410173728e-02,-1.713973132689608492e-01,-4.149384503380253997e-01,-3.904585875938290096e-01,-2.375090609089957339e-01,-5.346772715719851909e-01,-3.352511271236109369e-01,-5.570903019849166027e-01,-1.416981613535286955e-01,2.171073644194230767e-01
4.604426354555799517e-01,2.676288524984878348e-01,5.634967401954902311e-01,-1.165515423216279545e-01,1.000000000000000000e+00,1.334209363153048521e-02,1.486947946758381267e-01,-4.852675509584084557e-01,3.914524790581537239e-01,4.963064128238093842e-01,1.436927097659217445e-01,-3.191299504035353118e-01,6.118534084493179072e-03,1.891024929595419846e-01,-1.467306551751775857e-02,4.998576372037729088e-01,2.361830381535418022e-02,-1.753062753371178728e-01,3.582224615815929880e-01,-9.021797882781365172e-03,1.072282166805044318e-01,1.348448018012886607e-01,3.345452332406256835e-01,-6.383124339171254670e-04,2.476001513255039477e-01,2.224049385100083653e-01,2.008194735957188615e-01,2.344863173201549023e-01,6.884203938381767973e-02,2.929236693999097141e-01,5.667275764430075302e-01,2.955502459388098524e-01,4.919804695232840031e-01,5.960017429023104496e-01,4.799135011234229725e-02,5.074096586446478208e-01,8.193688750098340745e-02,3.785040836184914159e-01,3.529303094083600101e-01
1.186622803251412561e-01,1.051058601533033654e-01,1.878999894641128765e-01,-2.497424114112826721e-01,1.334209363153048521e-02,1.000000000000000000e+00,-8.843957632199607455e-02,-2.729458848933864479e-01,8.610212419107486637e-02,-3.052180923512146649e-01,5.310707727804033773e-01,1.269021691180910183e-01,4.675786125294165152e-01,5.602016814175801995e-01,1.811584697620481910e-01,-1.222569065214541145e-01,5.760346307591388548e-01,2.039917819131644994e-01,1.933270021494609414e-01,-7.797638705931661529e-02,2.034772198357960582e-01,3.902964516743238910e-02,3.513110469310479766e-01,2.053463508021641237e-01,4.295841756516000642e-01,4.409413918841942337e-01,1.956354873258979166e-01,5.010022409833736479e-01,5.906131805659334821e-01,-1.803908521599041637e-01,9.011501072348332420e-02,3.652863057853021900e-01,2.239076695843804921e-01,6.109552259799522211e-02,3.948074738892896063e-01,4.130620944687884988e-01,5.161679040799923568e-01,9.944646821962406513e-02,-3.210197184195163755e-01
7.516543263159754240e-02,1.370974846539713687e-01,1.032652049083244115e-02,1.154981029668406822e-01,1.486947946758381267e-01,-8.843957632199607455e-02,1.000000000000000000e+00,4.595183960874486828e-02,4.973315488659207917e-01,4.648538973649366524e-01,-9.042457918380678028e-02,-3.466900259108194882e-01,-3.070258324033508374e-02,-7.292747097728656536e-02,-2.395918554302351733e-01,3.627584408213390121e-01,-2.101989122013605271e-01,3.041022743634465009e-01,2.012769205430278430e-01,9.411507600594015699e-02,-3.078797943233166010e-02,2.568355420112828913e-01,-5.310603429694165344e-03,2.311299579987225461e-01,-5.141676189131273722e-02,-1.273706194443082473e-01,-6.282875328313031194e-02,-6.588237901926194406e-02,-1.723682851297227425e-01,4.726656498711382381e-01,2.262466877269989907e-01,-2.320425617948998487e-01,1.356750761472889366e-01,1.191346396980078465e-01,-1.173626053604609198e-01,-2.159294798646170521e-02,-1.357213565307759662e-01,4.210228950072781862e-01,4.599160214878733610e-01
-3.725655539397109139e-01,-1.956529262108255285e-01,-8.440299900224438323e-01,3.549144083450617715e-01,-4.852675509584084557e-01,-2.729458848933864479e-01,4.595183960874486828e-02,1.000000000000000000e+00,-1.545584355560122025e-01,-1.234661437805053413e-01,-2.980327575041311072e-01,-2.192008266418878429e-02,-5.009162538992506519e-01,-3.681216177670924572e-01,-8.988636739642637263e-02,-3.510221045386328065e-01,-2.700990449986277464e-01,-7.515023510576572530e-02,-2.924457036513229413e-01,1.598524344885131343e-02,-4.776290661873728860e-01,-2.906046088271432848e-01,-6.239063247919647281e-01,-1.491149232516939815e-01,-5.640116630471212478e-01,-4.043331698321224188e-01,-3.437995545185345558e-01,-6.052337561922892517e-01,-3.587748668293492815e-01,-6.788779211194019558e-02,-4.324565388759638029e-01,-4.252330385116103173e-01,-6.965564045635581625e-01,-3.065146743973023447e-01,-3.565293614486491069e-01,-4.808748011142700007e-01,-3.772084145268685962e-01,-2.505239473581454823e-01,-6.586388517823413280e-02
3.788803114229049585e-01,3.519083044990671816e-01,1.982339926253967877e-01,-3.044132615860339203e-02,3.914524790581537239e-01,8.610212419107486637e-02,4.973315488659207917e-01,-1.545584355560122025e-01,1.000000000000000000e+00,6.461640874720261385e-01,6.747695794516908596e-03,-4.429018236680616338e-01,5.673770795965194652e-03,5.693259406548591139e-02,-2.277481913671402236e-01,6.219809059285011932e-01,-4.912840329500122588e-02,2.046028224438158627e-01,2.732426430084585189e-01,1.077475675107074649e-01,1.015477170395064771e-01,2.342807460995152691e-01,2.672863708402780092e-01,1.602338842354462112e-01,1.279979664392604799e-01,2.661595305303058982e-03,-1.691877964901161019e-02,9.195230228288860108e-02,-1.146826874866379783e-02,7.821513312323676859e-01,3.911504321191348610e-01,-1.760954764893229649e-02,3.877185139628901989e-01,4.660003016199440462e-01,-3.528062293868289984e-02,2.899971002372102591e-01,1.519744764633097420e-02,6.921682949191186873e-01,6.207398684243643494e-01
4.032171756359363979e-01,3.774555986379319883e-01,2.083099894248588435e-01,8.126971869365305634e-02,4.963064128238093842e-01,-3.052180923512146649e-01,4.648538973649366524e-01,-1.234661437805053413e-01,6.461640874720261385e-01,1.000000000000000000e+00,-1.244254039608935075e-01,-4.907593719314241043e-01,-2.792455729499776496e-01,-1.522417818667431144e-01,-2.069610408029237958e-01,7.041487675324540341e-01,-2.098441819304935063e-01,-2.678975563333413704e-02,2.222541847845309892e-01,7.834813011568932117e-02,-6.539401714431562762e-02,2.022191407184242562e-01,1.361402520135674699e-01,1.071296317723737096e-01,-1.112183929897131787e-02,-2.011095429453824412e-01,-8.996292802481531403e-02,-1.466496531734631514e-01,-2.409306529295694443e-01,6.598285298519114273e-01,4.173932956392972238e-01,-6.542020821653166118e-02,2.736222248003266078e-01,3.453390150575919026e-01,-1.836114806600912808e-01,1.115955198805853310e-01,-1.868621993050064156e-01,5.929739387922772220e-01,8.138137638081677228e-01
1.985955379185874725e-01,1.874100628924028067e-01,2.229795279295750943e-01,-3.351156203005559719e-01,1.436927097659217445e-01,5.310707727804033773e-01,-9.042457918380678028e-02,-2.980327575041311072e-01,6.747695794516908596e-03,-1.244254039608935075e-01,1.000000000000000000e+00,5.384687882364101036e-02,3.800282625611307030e-01,3.857453284918028746e-01,2.624192092516032249e-01,3.617430632014161096e-02,6.687420003104744826e-01,-2.757278700547826852e-02,2.649499814053124513e-01,-4.292891780836276261e-02,1.536872851617880897e-01,1.150190550676697121e-01,3.513604855569460450e-01,1.503841639463201763e-01,4.032593842022661468e-01,5.183123322465427174e-01,1.932079917592923191e-01,4.008473630329683624e-01,4.267462773222121530e-01,-1.907920483926477673e-01,2.869514159924941299e-01,4.153829811272936046e-01,2.418455956863449219e-01,7.078316834641601440e-02,3.532530198035000457e-01,4.181511367381127720e-01,3.753195202013895337e-01,2.759825764421424688e-01,-1.730574077441571212e-01
-2.319258478563777925e-01,-2.471365991552277597e-01,-4.305781185156571517e-02,8.486200195133253299e-02,-3.191299504035353118e-01,1.269021691180910183e-01,-3.466900259108194882e-01,-2.192008266418878429e-02,-4.429018236680616338e-01,-4.907593719314241043e-01,5.384687882364101036e-02,1.000000000000000000e+00,2.417951101053594232e-01,-1.985047180082080199e-04,1.677758693686420277e-01,-4.012558722222955288e-01,8.431153421370769785e-02,-1.801746687392631954e-02,-5.040723231530248594e-01,2.539649299933965584e-02,7.512919620897647033e-02,-6.075599341291326901e-03,-1.259784246351822457e-01,-2.891734309104982206e-02,-8.786707153888234645e-02,-2.133811874916571177e-02,1.829584500773457079e-01,7.925600070832213018e-03,4.527010379655110189e-02,-3.864915259514993262e-01,-2.691279311643730021e-01,8.951735599090708539e-02,-1.658290362724494094e-01,-1.556285183673778438e-01,4.903593316268288482e-02,-1.666809644771683474e-01,1.793748609936213559e-02,-4.868001587745977021e-01,-4.225213844871846258e-01
1.416631342192191390e-01,-1.922956263901531154e-02,3.827521314013894727e-01,-3.669037815359268984e-01,6.118534084493179072e-03,4.675786125294165152e-01,-3.070258324033508374e-02,-5.009162538992506519e-01,5.673770795965194652e-03,-2.792455729499776496e-01,3.800282625611307030e-01,2.417951101053594232e-01,1.000000000000000000e+00,3.680002964261693821e-01,1.119777337302161752e-01,-7.583335487805752118e-02,3.252506635427021564e-01,2.618210392663822272e-01,1.193297998839464857e-01,-4.299571471957130270e-02,5.400065389533720284e-01,2.822757568783226256e-01,5.103808113852607020e-01,2.554718452671042583e-01,5.313765891795357854e-01,4.121828686070567183e-01,5.178822533177395160e-01,6.710840065809927646e-01,5.115528257006348722e-01,-1.344470985163192800e-01,2.945648998854522027e-01,4.135681072910968314e-01,5.123035302041131223e-01,-1.078088237089155563e-02,5.093049256070407704e-01,2.116757794519776581e-01,4.669024516695667315e-01,9.410636164043038876e-02,-2.356414560994921636e-01
4.403363877667955117e-01,5.285938994314040018e-01,1.988032010129707483e-01,-4.638109625276166659e-01,1.891024929595419846e-01,5.602016814175801995e-01,-7.292747097728656536e-02,-3.681216177670924572e-01,5.693259406548591139e-02,-1.522417818667431144e-01,3.857453284918028746e-01,-1.985047180082080199e-04,3.680002964261693821e-01,1.000000000000000000e+00,3.585223850571796489e-01,1.877078858667230177e-01,4.734224441743509204e-01,7.100635214293382624e-02,3.692542053687844494e-01,-1.941181691783013530e-01,3.607388104221443542e-02,-1.330632384154536718e-01,5.827744042015021719e-01,4.335416126413343951e-01,6.973053975851605246e-01,6.336850327820308104e-01,1.668864739056963656e-02,6.014209854954423173e-01,7.402001898438911320e-01,-1.555264024561286984e-01,1.744296783162005982e-01,4.286729533337152453e-01,2.607173549303670734e-01,1.320820046334697795e-01,6.807358503392332283e-01,5.415005896698341648e-01,6.964919861723962713e-01,8.860290740004471421e-02,-3.785518253133400290e-01
3.240378810523504849e-01,3.408634288611865903e-01,-7.396650892185409332e-02,-5.696961644843533401e-01,-1.467306551751775857e-02,1.811584697620481910e-01,-2.395918554302351733e-01,-8.988636739642637263e-02,-2.277481913671402236e-01,-2.069610408029237958e-01,2.624192092516032249e-01,1.677758693686420277e-01,1.119777337302161752e-01,3.585223850571796489e-01,1.000000000000000000e+00,1.619589473896171708e-03,4.689715826468697779e-01,-4.909532870358107592e-01,1.471032904728234239e-02,7.011229403795542908e-03,-1.551943024398914073e-01,-2.916414059267599113e-01,1.845513854523443409e-01,1.625185739212593738e-01,3.168548184239236010e-01,3.836388049254857435e-01,-3.923154931553200081e-02,3.049324391104533127e-01,4.737950543791589197e-01,-3.157324319078032016e-01,-8.158169790384078857e-02,4.555697399504815559e-01,2.568175620329635981e-03,8.051955112901593159e-02,4.597007054461335618e-01,2.303984866442783386e-01,4.782691131261472273e-01,-9.208595755456568110e-02,-3.413665451209541568e-01
6.400814701299634146e-01,6.013496681407305422e-01,3.610948322511917663e-01,-2.073555672443821440e-01,4.998576372037729088e-01,-1.222569065214541145e-01,3.627584408213390121e-01,-3.510221045386328065e-01,6.219809059285011932e-01,7.041487675324540341e-01,3.617430632014161096e-02,-4.012558722222955288e-01,-7.583335487805752118e-02,1.877078858667230177e-01,1.619589473896171708e-03,1.000000000000000000e+00,3.701282753096402263e-03,-1.200289415986662694e-02,3.434820975524930931e-01,5.072572696553579591e-02,4.280867992822550566e-02,1.655132430003205812e-01,4.344407923069332766e-01,2.523810581695030142e-01,2.861364301827149514e-01,1.262133494202627992e-01,-1.931185389161930999e-01,1.885046779851314025e-01,5.736193842084499200e-02,5.810206965071283980e-01,3.882200553663033848e-01,1.128551839657632866e-01,4.400434580323312472e-01,4.692002116851956561e-01,6.501223685584103795e-02,4.172509882336497555e-01,1.284666832970180750e-01,5.619804711855315160e-01,5.364326570991698739e-01
2.744414461285143991e-01,2.717144586751371049e-01,1.740169612297524648e-01,-3.979014466907389580e-01,2.361830381535418022e-02,5.760346307591388548e-01,-2.101989122013605271e-01,-2.700990449986277464e-01,-4.912840329500122588e-02,-2.098441819304935063e-01,6.687420003104744826e-01,8.431153421370769785e-02,3.252506635427021564e-01,4.734224441743509204e-01,4.689715826468697779e-01,3.701282753096402263e-03,1.000000000000000000e+00,-2.032864963236718503e-01,1.864366415242498798e-01,-1.327960030544473799e-02,1.493475347779971152e-02,-7.458800874986788731e-02,3.682647337763417794e-01,1.285306127841239765e-01,4.171133479826656387e-01,4.790535338247000063e-01,5.630069835653040561e-02,4.028886120980237351e-01,5.436946848764111495e-01,-2.698895152865251057e-01,2.187952928567010735e-02,5.324740308725705029e-01,1.926188006946006059e-01,8.793998248122875117e-02,3.824880718494657605e-01,3.753660231478086473e-01,4.801467520737265349e-01,1.650110967454445077e-01,-2.914377054068833517e-01
-1.220666615184363146e-01,-1.082227836625539175e-01,8.542046793473691280e-02,2.673026337797700380e-01,-1.753062753371178728e-01,2.039917819131644994e-01,3.041022743634465009e-01,-7.515023510576572530e-02,2.046028224438158627e-01,-2.678975563333413704e-02,-2.757278700547826852e-02,-1.801746687392631954e-02,2.618210392663822272e-01,7.100635214293382624e-02,-4.909532870358107592e-01,-1.200289415986662694e-02,-2.032864963236718503e-01,1.000000000000000000e+00,1.357119226781031140e-01,-1.189857907863132828e-02,3.222167558391896280e-01,3.414179351245352767e-01,1.002917018486468859e-01,1.519656202488646468e-01,1.025368496407221969e-01,8.522668276183877067e-02,1.716630633733255418e-01,1.610457205262291192e-01,4.597442901403814286e-02,1.726353801061842053e-01,1.507051055113348692e-01,-2.275854016553948977e-01,2.445637688587866398e-02,-3.685659206717792902e-01,1.351571132364536368e-02,1.559139612299251243e-02,-7.668910770423052747e-04,1.596551793717640999e-01,1.106608088446467686e-01
3.629774602061430766e-01,3.952766032508531757e-01,2.992019650079957294e-01,-2.522412031850230774e-01,3.582224615815929880e-01,1.933270021494609414e-01,2.012769205430278430e-01,-2.924457036513229413e-01,2.732426430084585189e-01,2.222541847845309892e-01,2.649499814053124513e-01,-5.040723231530248594e-01,1.193297998839464857e-01,3.692542053687844494e-01,1.471032904728234239e-02,3.434820975524930931e-01,1.864366415242498798e-01,1.357119226781031140e-01,1.000000000000000000e+00,-1.239442017377660188e-01,1.694778816956221679e-01,1.258557688062101332e-01,4.447869837449982544e-01,2.332855523043397550e-01,4.723753662068027048e-01,4.461723462905453075e-01,-5.197758285886649315e-02,4.114086949191434472e-01,2.801924326364576001e-01,9.213740249445179220e-02,3.830543725310939784e-01,1.074441481426907374e-01,3.563676767392411349e-01,1.042622033764140921e-01,3.336836796551656548e-01,4.298616559482938970e-01,3.240540326018143680e-01,4.753816250562576395e-01,6.166083166849895686e-02
-4.485411696535297754e-02,-1.073363011549694074e-01,5.154791434468407145e-03,1.182103200289406214e-01,-9.021797882781365172e-03,-7.797638705931661529e-02,9.411507600594015699e-02,1.598524344885131343e-02,1.077475675107074649e-01,7.834813011568932117e-02,-4.292891780836276261e-02,2.539649299933965584e-02,-4.299571471957130270e-02,-1.941181691783013530e-01,7.011229403795542908e-03,5.072572696553579591e-02,-1.327960030544473799e-02,-1.189857907863132828e-02,-1.239442017377660188e-01,1.000000000000000000e+00,1.021282199673906460e-01,1.977520840732214791e-01,-1.330807721912133368e-01,9.009543844503406507e-02,-2.105774415442903946e-01,-1.241315338485477482e-01,1.075287297169706252e-01,-1.486316786228697451e-01,-1.670322064783442972e-01,1.728999750569013838e-01,4.327774868144406567e-02,-3.549651941565856034e-02,-1.731624970518640463e-02,1.430733553092064340e-02,-2.142987896681495530e-01,-2.899686532813734383e-02,-1.984791131011271192e-01,2.036206541529422039e-03,1.546154438870243619e-01
2.429855132460896280e-02,-2.322397515461802897e-01,5.257368561367459225e-01,-1.909573171488599674e-01,1.072282166805044318e-01,2.034772198357960582e-01,-3.078797943233166010e-02,-4.776290661873728860e-01,1.015477170395064771e-01,-6.539401714431562762e-02,1.536872851617880897e-01,7.512919620897647033e-02,5.400065389533720284e-01,3.607388104221443542e-02,-1.551943024398914073e-01,4.280867992822550566e-02,1.493475347779971152e-02,3.222167558391896280e-01,1.694778816956221679e-01,1.021282199673906460e-01,1.000000000000000000e+00,6.328975544737817094e-01,4.205187143563677843e-01,2.183861387238703045e-01,3.433431805177453167e-01,2.777705857306095871e-01,4.506686015368797649e-01,5.241681777547865240e-01,1.469581854060217907e-01,9.909799239165845153e-02,3.691271805651174520e-01,1.209175902845657374e-01,5.732574477974026195e-01,2.461214440182816002e-02,1.752903927231217740e-01,1.418171954491827258e-01,1.297641470335017810e-01,1.553216274362655414e-01,3.243176646040384775e-03
-4.496462895572952978e-02,-1.931348517246690155e-01,4.380509667694018616e-01,7.446696032021837830e-02,1.348448018012886607e-01,3.902964516743238910e-02,2.568355420112828913e-01,-2.906046088271432848e-01,2.342807460995152691e-01,2.022191407184242562e-01,1.150190550676697121e-01,-6.075599341291326901e-03,2.822757568783226256e-01,-1.330632384154536718e-01,-2.916414059267599113e-01,1.655132430003205812e-01,-7.458800874986788731e-02,3.414179351245352767e-01,1.258557688062101332e-01,1.977520840732214791e-01,6.328975544737817094e-01,1.000000000000000000e+00,2.433359868213085253e-01,1.664827108187023619e-01,9.428787237415459099e-02,1.736585394096648669e-03,3.298103660692387473e-01,1.782449629053138862e-01,-1.883613285655075520e-01,3.182277964551807337e-01,3.438545680892344802e-01,-1.637693675426827034e-01,3.965251970368713907e-01,1.237631081804494576e-02,-9.072124164373585042e-02,-4.685972752540706887e-03,-2.254161381330656022e-01,2.692813217235064394e-01,2.972470978557096855e-01
5.464057032556849380e-01,4.590281017760497462e-01,5.219928098135192540e-01,-4.995215944465913327e-01,3.345452332406256835e-01,3.513110469310479766e-01,-5.310603429694165344e-03,-6.239063247919647281e-01,2.672863708402780092e-01,1.361402520135674699e-01,3.513604855569460450e-01,-1.259784246351822457e-01,5.103808113852607020e-01,5.827744042015021719e-01,1.845513854523443409e-01,4.344407923069332766e-01,3.682647337763417794e-01,1.002917018486468859e-01,4.447869837449982544e-01,-1.330807721912133368e-01,4.205187143563677843e-01,2.433359868213085253e-01,1.000000000000000000e+00,3.590551015249507927e-01,8.117749589237382990e-01,5.660844592642789719e-01,1.962870142338261348e-01,7.079034737438735236e-01,6.075516192567702589e-01,9.443241451636560924e-02,4.293969389832759109e-01,4.479920831740007992e-01,5.974512136370183635e-01,2.638530682286153728e-01,5.916339520491136206e-01,5.267886190765573851e-01,5.868937018070538025e-01,3.968422991497335683e-01,8.372133264771843691e-03
3.114398059257540985e-01,3.510284905269621114e-01,6.419749554782114287e-02,-2.846562884296270912e-01,-6.383124339171254670e-04,2.053463508021641237e-01,2.311299579987225461e-01,-1.491149232516939815e-01,1.602338842354462112e-01,1.071296317723737096e-01,1.503841639463201763e-01,-2.891734309104982206e-02,2.554718452671042583e-01,4.335416126413343951e-01,1.625185739212593738e-01,2.523810581695030142e-01,1.285306127841239765e-01,1.519656202488646468e-01,2.332855523043397550e-01,9.009543844503406507e-02,2.183861387238703045e-01,1.664827108187023619e-01,3.590551015249507927e-01,1.000000000000000000e+00,3.842644896122775489e-01,2.979653920999499883e-01,5.377236352718153811e-02,3.577195374753637802e-01,3.429916648461640571e-01,1.503049891632369517e-01,1.551908528003585752e-01,1.658052479739120233e-01,2.893674457519527232e-01,-3.688845247093772151e-02,4.080958698995879042e-01,8.442142017462787862e-02,3.668382506943042576e-01,1.560994418314950727e-01,-8.359323908655487412e-02
5.308642945999707541e-01,4.837416620563411152e-01,3.946820447348699523e-01,-5.532240309005720391e-01,2.476001513255039477e-01,4.295841756516000642e-01,-5.141676189131273722e-02,-5.640116630471212478e-01,1.279979664392604799e-01,-1.112183929897131787e-02,4.032593842022661468e-01,-8.786707153888234645e-02,5.313765891795357854e-01,6.973053975851605246e-01,3.168548184239236010e-01,2.861364301827149514e-01,4.171133479826656387e-01,1.025368496407221969e-01,4.723753662068027048e-01,-2.105774415442903946e-01,3.433431805177453167e-01,9.428787237415459099e-02,8.117749589237382990e-01,3.842644896122775489e-01,1.000000000000000000e+00,6.642227983898296717e-01,1.345636744180714606e-01,7.845623952009688207e-01,7.222133273713893242e-01,-1.142223284151556301e-01,3.864898034348504541e-01,4.518405937856385668e-01,4.830913860169200880e-01,1.361374021666293122e-01,7.040079323255853394e-01,5.235645568150958384e-01,7.004554518415582187e-01,3.207882046495005857e-01,-1.710580064722431182e-01
4.572082408695720690e-01,3.420822944234751528e-01,2.614097952479457199e-01,-4.541042726700279530e-01,2.224049385100083653e-01,4.409413918841942337e-01,-1.273706194443082473e-01,-4.043331698321224188e-01,2.661595305303058982e-03,-2.011095429453824412e-01,5.183123322465427174e-01,-2.133811874916571177e-02,4.121828686070567183e-01,6.336850327820308104e-01,3.836388049254857435e-01,1.262133494202627992e-01,4.790535338247000063e-01,8.522668276183877067e-02,4.461723462905453075e-01,-1.241315338485477482e-01,2.777705857306095871e-01,1.736585394096648669e-03,5.660844592642789719e-01,2.979653920999499883e-01,6.642227983898296717e-01,1.000000000000000000e+00,2.009132879239119707e-01,7.163562689409983530e-01,7.147700435792145868e-01,-2.166711474175148644e-01,3.649053575773641978e-01,4.571750498498450832e-01,3.128268032356017470e-01,7.812448518094881889e-02,6.110025764077263721e-01,6.303329222133745580e-01,6.294411090378058127e-01,2.820869579006462513e-01,-3.536852107952461188e-01
-7.820593003071178717e-02,-2.462154019166511720e-01,3.476675987128906575e-01,-3.604760397851006215e-02,2.008194735957188615e-01,1.956354873258979166e-01,-6.282875328313031194e-02,-3.437995545185345558e-01,-1.691877964901161019e-02,-8.996292802481531403e-02,1.932079917592923191e-01,1.829584500773457079e-01,5.178822533177395160e-01,1.668864739056963656e-02,-3.923154931553200081e-02,-1.931185389161930999e-01,5.630069835653040561e-02,1.716630633733255418e-01,-5.197758285886649315e-02,1.075287297169706252e-01,4.506686015368797649e-01,3.298103660692387473e-01,1.962870142338261348e-01,5.377236352718153811e-02,1.345636744180714606e-01,2.009132879239119707e-01,1.000000000000000000e+00,3.061970161745607988e-01,1.896938190337095487e-01,-5.627778875170468161e-03,4.852336612418493011e-01,4.082300442768719284e-01,3.418300959529384508e-01,1.810288234151150033e-02,1.492397096800359146e-01,8.012062450924815893e-02,8.549046062202936280e-02,-2.825560831717007643e-02,1.822812922370001254e-02
4.864348258816705295e-01,3.067625115204836161e-01,4.683433042356140996e-01,-5.513684219637725592e-01,2.344863173201549023e-01,5.010022409833736479e-01,-6.588237901926194406e-02,-6.052337561922892517e-01,9.195230228288860108e-02,-1.466496531734631514e-01,4.008473630329683624e-01,7.925600070832213018e-03,6.710840065809927646e-01,6.014209854954423173e-01,3.049324391104533127e-01,1.885046779851314025e-01,4.028886120980237351e-01,1.610457205262291192e-01,4.114086949191434472e-01,-1.486316786228697451e-01,5.241681777547865240e-01,1.782449629053138862e-01,7.079034737438735236e-01,3.577195374753637802e-01,7.845623952009688207e-01,7.163562689409983530e-01,3.061970161745607988e-01,1.000000000000000000e+00,7.202816940971756843e-01,-1.219921093206225715e-01,4.120007212485282122e-01,5.079862431403689982e-01,5.709760570342439223e-01,1.484890617514589839e-01,6.583411297295755915e-01,5.643615621157007656e-01,6.928325546666650459e-01,2.423289439139663104e-01,-2.570543852010058195e-01
4.705929311585466124e-01,4.576066663529875789e-01,1.471111676221816267e-01,-5.192313290778852730e-01,6.884203938381767973e-02,5.906131805659334821e-01,-1.723682851297227425e-01,-3.587748668293492815e-01,-1.146826874866379783e-02,-2.409306529295694443e-01,4.267462773222121530e-01,4.527010379655110189e-02,5.115528257006348722e-01,7.402001898438911320e-01,4.737950543791589197e-01,5.736193842084499200e-02,5.436946848764111495e-01,4.597442901403814286e-02,2.801924326364576001e-01,-1.670322064783442972e-01,1.469581854060217907e-01,-1.883613285655075520e-01,6.075516192567702589e-01,3.429916648461640571e-01,7.222133273713893242e-01,7.147700435792145868e-01,1.896938190337095487e-01,7.202816940971756843e-01,1.000000000000000000e+00,-2.412234423263776850e-01,2.192884110746841642e-01,6.471852249198799534e-01,2.889887063390144117e-01,3.600436668672430535e-02,7.710195112351871938e-01,5.305009563860553223e-01,8.504240091195794937e-01,1.122506506711345858e-01,-3.879861057625568210e-01
2.003381468475073923e-01,2.051115812674640104e-01,1.456729382544159901e-01,5.541740896410173728e-02,2.929236693999097141e-01,-1.803908521599041637e-01,4.726656498711382381e-01,-6.788779211194019558e-02,7.821513312323676859e-01,6.598285298519114273e-01,-1.907920483926477673e-01,-3.864915259514993262e-01,-1.344470985163192800e-01,-1.555264024561286984e-01,-3.157324319078032016e-01,5.810206965071283980e-01,-2.698895152865251057e-01,1.726353801061842053e-01,9.213740249445179220e-02,1.728999750569013838e-01,9.909799239165845153e-02,3.182277964551807337e-01,9.443241451636560924e-02,1.503049891632369517e-01,-1.142223284151556301e-01,-2.166711474175148644e-01,-5.627778875170468161e-03,-1.219921093206225715e-01,-2.412234423263776850e-01,1.000000000000000000e+00,2.987604551501171213e-01,-1.533144035877596623e-01,3.440617270445452403e-01,3.948261705699970259e-01,-1.752851137957779082e-01,4.710683474437931534e-02,-1.957869409186097642e-01,5.012949953127512348e-01,6.653582204876643535e-01
4.002937387324349561e-01,2.311929846017388990e-01,4.613660561914367242e-01,-1.713973132689608492e-01,5.667275764430075302e-01,9.011501072348332420e-02,2.262466877269989907e-01,-4.324565388759638029e-01,3.911504321191348610e-01,4.173932956392972238e-01,2.869514159924941299e-01,-2.691279311643730021e-01,2.945648998854522027e-01,1.744296783162005982e-01,-8.158169790384078857e-02,3.882200553663033848e-01,2.187952928567010735e-02,1.507051055113348692e-01,3.830543725310939784e-01,4.327774868144406567e-02,3.691271805651174520e-01,3.438545680892344802e-01,4.293969389832759109e-01,1.551908528003585752e-01,3.864898034348504541e-01,3.649053575773641978e-01,4.852336612418493011e-01,4.120007212485282122e-01,2.192884110746841642e-01,2.987604551501171213e-01,1.000000000000000000e+00,3.293244718300841201e-01,5.053557605406286957e-01,2.558155543042694990e-01,2.051630727016277578e-01,4.437900581880433459e-01,1.663174656819942643e-01,4.318357979196457141e-01,3.625698972024425926e-01
4.850989107497479247e-01,3.797742532395353976e-01,2.906794738926853916e-01,-4.149384503380253997e-01,2.955502459388098524e-01,3.652863057853021900e-01,-2.320425617948998487e-01,-4.252330385116103173e-01,-1.760954764893229649e-02,-6.542020821653166118e-02,4.153829811272936046e-01,8.951735599090708539e-02,4.135681072910968314e-01,4.286729533337152453e-01,4.555697399504815559e-01,1.128551839657632866e-01,5.324740308725705029e-01,-2.275854016553948977e-01,1.074441481426907374e-01,-3.549651941565856034e-02,1.209175902845657374e-01,-1.637693675426827034e-01,4.479920831740007992e-01,1.658052479739120233e-01,4.518405937856385668e-01,4.571750498498450832e-01,4.082300442768719284e-01,5.079862431403689982e-01,6.471852249198799534e-01,-1.533144035877596623e-01,3.293244718300841201e-01,1.000000000000000000e+00,3.864246152883636376e-01,2.001395787505160506e-01,5.047110101889443756e-01,4.805253772847877247e-01,6.373595083211778256e-01,1.007650475047980852e-02,-1.670611795642124864e-01
3.455564588964507577e-01,1.473614556397292441e-01,7.077749432402871133e-01,-3.904585875938290096e-01,4.919804695232840031e-01,2.239076695843804921e-01,1.356750761472889366e-01,-6.965564045635581625e-01,3.877185139628901989e-01,2.736222248003266078e-01,2.418455956863449219e-01,-1.658290362724494094e-01,5.123035302041131223e-01,2.607173549303670734e-01,2.568175620329635981e-03,4.400434580323312472e-01,1.926188006946006059e-01,2.445637688587866398e-02,3.563676767392411349e-01,-1.731624970518640463e-02,5.732574477974026195e-01,3.965251970368713907e-01,5.974512136370183635e-01,2.893674457519527232e-01,4.830913860169200880e-01,3.128268032356017470e-01,3.418300959529384508e-01,5.709760570342439223e-01,2.889887063390144117e-01,3.440617270445452403e-01,5.053557605406286957e-01,3.864246152883636376e-01,1.000000000000000000e+00,4.686233333375202093e-01,3.394665458208832587e-01,3.426759638722601808e-01,3.475674589875022424e-01,3.907116178753642366e-01,1.765081166382760358e-01
3.077829573730241353e-01,2.127811743413110801e-01,3.812320232319000302e-01,-2.375090609089957339e-01,5.960017429023104496e-01,6.109552259799522211e-02,1.191346396980078465e-01,-3.065146743973023447e-01,4.660003016199440462e-01,3.453390150575919026e-01,7.078316834641601440e-02,-1.556285183673778438e-01,-1.078088237089155563e-02,1.320820046334697795e-01,8.051955112901593159e-02,4.692002116851956561e-01,8.793998248122875117e-02,-3.685659206717792902e-01,1.042622033764140921e-01,1.430733553092064340e-02,2.461214440182816002e-02,1.237631081804494576e-02,2.638530682286153728e-01,-3.688845247093772151e-02,1.361374021666293122e-01,7.812448518094881889e-02,1.810288234151150033e-02,1.484890617514589839e-01,3.600436668672430535e-02,3.948261705699970259e-01,2.558155543042694990e-01,2.001395787505160506e-01,4.686233333375202093e-01,1.000000000000000000e+00,1.241053266566452540e-02,3.268980186629654172e-01,8.902658333351946840e-02,2.725998306414486594e-01,2.180573564576152312e-01
4.124013328373880571e-01,4.479003646989710430e-01,1.460993708186821283e-01,-5.346772715719851909e-01,4.799135011234229725e-02,3.948074738892896063e-01,-1.173626053604609198e-01,-3.565293614486491069e-01,-3.528062293868289984e-02,-1.836114806600912808e-01,3.532530198035000457e-01,4.903593316268288482e-02,5.093049256070407704e-01,6.807358503392332283e-01,4.597007054461335618e-01,6.501223685584103795e-02,3.824880718494657605e-01,1.351571132364536368e-02,3.336836796551656548e-01,-2.142987896681495530e-01,1.752903927231217740e-01,-9.072124164373585042e-02,5.916339520491136206e-01,4.080958698995879042e-01,7.040079323255853394e-01,6.110025764077263721e-01,1.492397096800359146e-01,6.583411297295755915e-01,7.710195112351871938e-01,-1.752851137957779082e-01,2.051630727016277578e-01,5.047110101889443756e-01,3.394665458208832587e-01,1.241053266566452540e-02,1.000000000000000000e+00,3.892894147580741038e-01,7.947063293468409340e-01,1.008270907306254710e-01,-3.760648348941439401e-01
6.300083408328115420e-01,4.945467328894307957e-01,4.075786450085115420e-01,-3.352511271236109369e-01,5.074096586446478208e-01,4.130620944687884988e-01,-2.159294798646170521e-02,-4.808748011142700007e-01,2.899971002372102591e-01,1.115955198805853310e-01,4.181511367381127720e-01,-1.666809644771683474e-01,2.116757794519776581e-01,5.415005896698341648e-01,2.303984866442783386e-01,4.172509882336497555e-01,3.753660231478086473e-01,1.559139612299251243e-02,4.298616559482938970e-01,-2.899686532813734383e-02,1.418171954491827258e-01,-4.685972752540706887e-03,5.267886190765573851e-01,8.442142017462787862e-02,5.235645568150958384e-01,6.303329222133745580e-01,8.012062450924815893e-02,5.643615621157007656e-01,5.305009563860553223e-01,4.710683474437931534e-02,4.437900581880433459e-01,4.805253772847877247e-01,3.426759638722601808e-01,3.268980186629654172e-01,3.892894147580741038e-01,1.000000000000000000e+00,5.225268418942282667e-01,3.423119739530710581e-01,-2.051969352645571787e-02
4.792091451333549967e-01,4.950964830245045967e-01,1.726905510805103738e-01,-5.570903019849166027e-01,8.193688750098340745e-02,5.161679040799923568e-01,-1.357213565307759662e-01,-3.772084145268685962e-01,1.519744764633097420e-02,-1.868621993050064156e-01,3.753195202013895337e-01,1.793748609936213559e-02,4.669024516695667315e-01,6.964919861723962713e-01,4.782691131261472273e-01,1.284666832970180750e-01,4.801467520737265349e-01,-7.668910770423052747e-04,3.240540326018143680e-01,-1.984791131011271192e-01,1.297641470335017810e-01,-2.254161381330656022e-01,5.868937018070538025e-01,3.668382506943042576e-01,7.004554518415582187e-01,6.294411090378058127e-01,8.549046062202936280e-02,6.928325546666650459e-01,8.504240091195794937e-01,-1.957869409186097642e-01,1.663174656819942643e-01,6.373595083211778256e-01,3.475674589875022424e-01,8.902658333351946840e-02,7.947063293468409340e-01,5.225268418942282667e-01,1.000000000000000000e+00,1.181784574956477457e-01,-3.632329536166534201e-01
4.456164759643581053e-01,3.538852294786606900e-01,2.587030366452478525e-01,-1.416981613535286955e-01,3.785040836184914159e-01,9.944646821962406513e-02,4.210228950072781862e-01,-2.505239473581454823e-01,6.921682949191186873e-01,5.929739387922772220e-01,2.759825764421424688e-01,-4.868001587745977021e-01,9.410636164043038876e-02,8.860290740004471421e-02,-9.208595755456568110e-02,5.619804711855315160e-01,1.650110967454445077e-01,1.596551793717640999e-01,4.753816250562576395e-01,2.036206541529422039e-03,1.553216274362655414e-01,2.692813217235064394e-01,3.968422991497335683e-01,1.560994418314950727e-01,3.207882046495005857e-01,2.820869579006462513e-01,-2.825560831717007643e-02,2.423289439139663104e-01,1.122506506711345858e-01,5.012949953127512348e-01,4.318357979196457141e-01,1.007650475047980852e-02,3.907116178753642366e-01,2.725998306414486594e-01,1.008270907306254710e-01,3.423119739530710581e-01,1.181784574956477457e-01,1.000000000000000000e+00,5.551481073294819435e-01
1.994049976648576417e-01,1.337171133441404924e-01,1.774908902520085374e-01,2.171073644194230767e-01,3.529303094083600101e-01,-3.210197184195163755e-01,4.599160214878733610e-01,-6.586388517823413280e-02,6.207398684243643494e-01,8.138137638081677228e-01,-1.730574077441571212e-01,-4.225213844871846258e-01,-2.356414560994921636e-01,-3.785518253133400290e-01,-3.413665451209541568e-01,5.364326570991698739e-01,-2.914377054068833517e-01,1.106608088446467686e-01,6.166083166849895686e-02,1.546154438870243619e-01,3.243176646040384775e-03,2.972470978557096855e-01,8.372133264771843691e-03,-8.359323908655487412e-02,-1.710580064722431182e-01,-3.536852107952461188e-01,1.822812922370001254e-02,-2.570543852010058195e-01,-3.879861057625568210e-01,6.653582204876643535e-01,3.625698972024425926e-01,-1.670611795642124864e-01,1.765081166382760358e-01,2.180573564576152312e-01,-3.760648348941439401e-01,-2.051969352645571787e-02,-3.632329536166534201e-01,5.551481073294819435e-01,1.000000000000000000e+00
