1.000000000000000000e+00,8.031732570179637154e-01,5.698503987796232906e-01,1.771349938401860225e-01,2.438789596901329848e-01,-6.121210943746036026e-01,-2.770540928188168842e-02,3.555040204357833855e-01,6.377195359953142795e-01,7.012994972023731677e-01,2.733647525434201309e-01,4.841759613771145498e-01,-2.525525056601654605e-01,4.914774529305839246e-01,5.521265587817046905e-01,7.272969075668176409e-01,-2.162316815418804106e-01,5.439677417489298117e-01,6.158590654861211267e-01,2.263172912122769220e-01,-4.434453759065197787e-01,4.890371081065577052e-01,4.434509875779059085e-01,2.779457618071905500e-01,6.294529750236519394e-01,6.533844088471854050e-01,5.946681866123814109e-01,5.131459511541802687e-01,6.854536715181088757e-01,7.394468803331614160e-01,2.321837605370966895e-01,-3.600077355980648153e-01,4.178187918791625988e-01,4.048135859120403635e-01,-1.621805629260145432e-01,6.279086750844579956e-02,-4.893382017042691157e-01,4.983018706193355629e-01,6.147241957224820474e-01
8.031732570179637154e-01,1.000000000000000000e+00,5.152393492679566700e-01,5.427280998814893592e-02,2.528256937041313268e-01,-5.551001518486502473e-01,4.705089004861174456e-02,2.721360750961944186e-01,6.047483900436246840e-01,5.485853645872014184e-01,3.878218839245152205e-01,4.407405865204114814e-01,-3.225224775706399538e-01,4.684022666737334695e-01,5.352246149394327412e-01,5.445365601183239646e-01,-1.291772127423828076e-01,4.553187875854198263e-01,5.256652728185173817e-01,2.329494629308359599e-01,-4.025624757018353983e-01,4.174701329422074170e-01,3.192582005775942977e-01,2.855509173810314438e-01,5.657368634700723486e-01,6.659729401801051107e-01,6.350741075999627450e-01,4.852104931982456626e-01,5.809889450553260559e-01,6.507772089984308339e-01,1.512809907543090360e-01,-1.672028830680072908e-01,2.880481385122011795e-01,4.312562649926777736e-01,-1.621997020998121319e-01,3.856042217202613337e-02,-4.071362783327137080e-01,5.834657299370848982e-01,7.190717165651524523e-01
5.698503987796232906e-01,5.152393492679566700e-01,1.000000000000000000e+00,3.690794379954672744e-01,5.803155470989185272e-01,-7.097081563023527329e-01,1.272949596743005313e-02,2.455652201215085262e-01,8.377420444179890513e-01,5.547447270112025874e-01,3.338443474574668834e-01,6.306258008171292673e-01,-4.828836425346086370e-01,6.721465030425817222e-01,6.431926083576732234e-01,6.703474191729524856e-01,-1.642829729333447064e-01,8.017773742141979243e-01,7.469782852424762254e-01,1.953106765921726606e-01,-4.465697325340634571e-01,4.713662720315134336e-01,4.443272465943642890e-01,4.656477468691518906e-01,6.639299661577859890e-01,7.320003545635193065e-01,8.010836173820109485e-01,8.392131899717755195e-01,5.326558223385550184e-01,6.674956660662537677e-01,3.877281487772917257e-01,-4.068770410545666794e-01,6.059872077253901645e-01,7.166166288001226681e-01,5.754471945825403306e-02,-1.092502923963786093e-01,-5.498220113552315658e-01,6.209196012324711411e-01,7.086966572737237735e-01
1.771349938401860225e-01,5.427280998814893592e-02,3.690794379954672744e-01,1.000000000000000000e+00,3.686870261693622197e-01,-3.371988301049425596e-01,2.665084763577180715e-01,2.696688426747381184e-01,3.541954154612565464e-01,2.302489943064576772e-01,-3.591050955471516426e-01,5.265066995764944302e-01,-2.553406515495676432e-01,1.652160384913203273e-01,3.155123878332578569e-01,3.839222989298894939e-01,-3.822825412009919765e-01,6.414789170582172462e-01,4.681456885235035226e-01,1.388561140156164761e-02,-1.779337570808733060e-01,4.594045494757304504e-01,-5.870673265164464555e-02,-1.515772278019373795e-02,4.410008779871200241e-02,4.527587204580160729e-02,1.417195219210401758e-01,3.880252191402836504e-01,2.869976947440247006e-01,2.234675247147158150e-01,-1.358859717268356103e-02,-4.985365377389117114e-01,5.266899916275022964e-01,3.994301038002175952e-01,5.871931557223640519e-02,-3.120145181516787991e-01,-4.200707373700875991e-01,-9.998899053201934506e-02,1.116183146023587980e-01
2.438789596901329848e-01,2.528256937041313268e-01,5.803155470989185272e-01,3.686870261693622197e-01,1.000000000000000000e+00,-1.976338834315948256e-01,3.664462855809334091e-02,-2.251104933533431274e-01,6.257667292031579009e-01,4.388933767759753968e-01,3.756082956542693974e-01,1.869790000586608880e-01,-4.189362457459131495e-01,7.162786661210559513e-01,2.018486608736393684e-01,3.508798758781967453e-01,1.626790514545748689e-01,5.139056163689948997e-01,2.606697134282753292e-01,-2.243841529745513597e-01,8.256399423425823947e-02,-4.251632391388631554e-02,4.759224119673496900e-01,3.110209577080342291e-01,5.328675651859382523e-01,4.513163546533075499e-01,5.086718139384008852e-01,5.535593610698086309e-01,2.957983659774818808e-01,4.720597102309279092e-01,5.056813107881285019e-01,-5.134859627277051780e-02,1.346544920673675150e-01,8.151513942806218882e-01,6.066111833981285839e-03,4.801674713183949963e-03,-5.761688846203603248e-02,2.862863363536552463e-01,2.818578522507391160e-01
-6.121210943746036026e-01,-5.551001518486502473e-01,-7.097081563023527329e-01,-3.371988301049425596e-01,-1.976338834315948256e-01,1.000000000000000000e+00,3.447104668243115150e-02,-7.156841487596635742e-01,-6.440446660023028125e-01,-3.375498632342075478e-01,2.447571909337815932e-02,-8.158050039122697328e-01,3.816291727897766495e-01,-3.680982448356645009e-01,-7.761208595901473162e-01,-6.792215449451239895e-01,4.895367388970828237e-01,-6.933428866123725332e-01,-8.452794054624236386e-01,-5.307831181906957907e-01,8.105788655030613521e-01,-7.393325151958345387e-01,-1.480710997973634369e-01,-2.375450958613335994e-01,-3.616736432317264605e-01,-5.687112285465086847e-01,-6.138586198479583089e-01,-6.886414630920679736e-01,-4.908877222500544479e-01,-5.716839050672525291e-01,-1.158251792796491896e-02,6.718259732465888812e-01,-6.609906576323355543e-01,-4.518306037264070429e-01,3.794796249116137027e-02,3.431811301903845979e-01,8.676643204408917009e-01,-5.508926123691193499e-01,-7.137882561058650488e-01
-2.770540928188168842e-02,4.705089004861174456e-02,1.272949596743005313e-02,2.665084763577180715e-01,3.664462855809334091e-02,3.447104668243115150e-02,1.000000000000000000e+00,-6.875062729992353905e-02,1.483011587390041346e-03,8.361104431253427172e-02,-5.498974638969782169e-02,4.430962725887028358e-02,-2.314149762361074614e-01,2.184975498003078123e-02,8.042916688121339031e-02,1.292031100218237194e-01,3.349824166283447979e-02,2.612536078729345290e-02,2.583611914051639480e-02,-1.022479034361516576e-01,1.131257004321975790e-01,4.926571841884455627e-02,-7.117358158474454410e-02,1.715966858686469865e-01,-5.995107077562714798e-02,-5.937651785276748528e-02,-5.259807949616889661e-02,2.084107293145788242e-01,-2.232890745883621686e-01,3.655364469847514203e-02,-8.484653928479340967e-02,-5.093749123883926921e-02,-2.420094930045839365e-02,-2.335733854218184982e-02,-1.681947492631042373e-01,-1.025379617130213472e-01,-9.211676477750335712e-02,-3.817166954738838297e-02,1.874470911106127652e-02
3.555040204357833855e-01,2.721360750961944186e-01,2.455652201215085262e-01,2.696688426747381184e-01,-2.251104933533431274e-01,-7.156841487596635742e-01,-6.875062729992353905e-02,1.000000000000000000e+00,2.174604447837510668e-01,-1.507141933119351138e-03,-4.146419973146706628e-01,7.191688772252786688e-01,-1.453732234442922377e-01,-5.126941533641380527e-02,6.345346900877331109e-01,4.549368698470083738e-01,-5.799435233716586646e-01,3.706411589220591218e-01,6.397665994469725614e-01,6.463940007975597091e-01,-8.183111185478909588e-01,7.424048878757693037e-01,-2.023861581709905100e-01,-3.597240547609783373e-02,-1.055187208991301279e-01,1.544209182482648990e-01,1.832675772463822350e-01,2.927223657332835294e-01,3.147636792804012207e-01,2.511803909792694189e-01,-3.056060197981992910e-01,-6.875759349801784381e-01,5.969224403123911671e-01,5.194198049527523620e-02,-6.738425036762138443e-02,-4.126525463091499923e-01,-7.745155410923246775e-01,2.347217210764074302e-01,3.992327655020719290e-01
6.377195359953142795e-01,6.047483900436246840e-01,8.377420444179890513e-01,3.541954154612565464e-01,6.257667292031579009e-01,-6.440446660023028125e-01,1.483011587390041346e-03,2.174604447837510668e-01,1.000000000000000000e+00,6.167261335694345092e-01,3.903061860050611176e-01,5.999258918888302761e-01,-4.936470651494875295e-01,7.137356346665097995e-01,6.379762034295145545e-01,7.132635339521221640e-01,-1.082265912728483104e-01,7.946272260302448265e-01,7.375732833845025649e-01,1.448715194063282807e-01,-3.483675745250880973e-01,4.203944456261646256e-01,4.909305967804821758e-01,3.910254284274663483e-01,7.417446414665452847e-01,7.667193173456732236e-01,8.182285897549036457e-01,7.998465790244551066e-01,6.308875358630988694e-01,7.579456578028862523e-01,4.535627148364571593e-01,-3.130589121153688481e-01,5.642196931731685572e-01,7.770563197145854417e-01,2.535982433223785398e-03,-8.018651805918301789e-02,-4.807786925036577341e-01,6.341820481795956699e-01,7.281540694923198664e-01
7.012994972023731677e-01,5.485853645872014184e-01,5.547447270112025874e-01,2.302489943064576772e-01,4.388933767759753968e-01,-3.375498632342075478e-01,8.361104431253427172e-02,-1.507141933119351138e-03,6.167261335694345092e-01,1.000000000000000000e+00,3.891156339439198475e-01,2.584485691197614954e-01,-3.574217116118185711e-01,6.395043359222523094e-01,3.356665950969725531e-01,7.322062459059388573e-01,7.209412385113957156e-02,4.959664863170300531e-01,4.247478606644203847e-01,-7.921663687761526518e-02,-1.141811454618082700e-01,1.787263544143345706e-01,5.910992676600418383e-01,4.443412190991321009e-01,6.781605272483668401e-01,6.003321205236816782e-01,5.524591410328407726e-01,5.353104210792832829e-01,5.114360726695909021e-01,7.525909508448616059e-01,4.339706220737414855e-01,-1.569935592408808478e-01,2.364755530451836119e-01,4.487157109004105138e-01,-9.702221824946694051e-02,1.276984948106964779e-01,-1.877641662707734971e-01,3.949818946503117489e-01,4.020279261748141986e-01
2.733647525434201309e-01,3.878218839245152205e-01,3.338443474574668834e-01,-3.591050955471516426e-01,3.756082956542693974e-01,2.447571909337815932e-02,-5.498974638969782169e-02,-4.146419973146706628e-01,3.903061860050611176e-01,3.891156339439198475e-01,1.000000000000000000e+00,-2.085545780378633418e-01,-2.836612513551877157e-01,4.970056257440432224e-01,2.910915272843014878e-02,1.156398715090437429e-01,5.264402149464408875e-01,4.352799960217457881e-02,-3.600470453114208019e-02,-2.662439344455548862e-01,2.015828230191307191e-01,-2.357376930816761085e-01,5.267405212436147011e-01,4.555734256576424168e-01,6.215215057049936487e-01,6.045324967873417776e-01,5.249737661250359899e-01,3.205001035319182123e-01,1.704873797062042562e-01,3.441611834396719471e-01,5.341599055049197631e-01,4.944465328604227827e-01,-1.322234077408447339e-01,3.401507017114113185e-01,-8.004961034383298313e-02,3.852962973811340786e-01,2.756561271405873481e-01,5.753429495281910944e-01,4.126827892557710098e-01
4.841759613771145498e-01,4.407405865204114814e-01,6.306258008171292673e-01,5.265066995764944302e-01,1.869790000586608880e-01,-8.158050039122697328e-01,4.430962725887028358e-02,7.191688772252786688e-01,5.999258918888302761e-01,2.584485691197614954e-01,-2.085545780378633418e-01,1.000000000000000000e+00,-3.466423015765474624e-01,3.231662204014734696e-01,8.604695728702018709e-01,6.508460316360308306e-01,-4.618703701861576749e-01,7.388894440699094179e-01,8.580827993374032792e-01,5.263332132903165705e-01,-7.058752586948786600e-01,7.833941105751598410e-01,7.719743708538023830e-02,2.088381281114340404e-01,2.628249813940230495e-01,3.676005219780301703e-01,4.483341774695670523e-01,5.893711648989572449e-01,5.580065194050499722e-01,5.186035842145018115e-01,-1.572783114173815014e-02,-6.628085456186957325e-01,7.827068438683840723e-01,4.630379296197632000e-01,8.089940109362805942e-02,-3.439447540757743504e-01,-8.282686053053289754e-01,4.045963257384384559e-01,6.516849257330322720e-01
-2.525525056601654605e-01,-3.225224775706399538e-01,-4.828836425346086370e-01,-2.553406515495676432e-01,-4.189362457459131495e-01,3.816291727897766495e-01,-2.314149762361074614e-01,-1.453732234442922377e-01,-4.936470651494875295e-01,-3.574217116118185711e-01,-2.836612513551877157e-01,-3.466423015765474624e-01,1.000000000000000000e+00,-4.307119086302612643e-01,-3.743063685946997343e-01,-4.203345899499965066e-01,5.551782443172669640e-02,-3.939771925082666826e-01,-3.309288335186794106e-01,-5.697781190217147441e-03,2.678425791998633176e-01,-2.590831071057602686e-01,-1.787196114679411585e-01,-3.144631090045433286e-01,-3.174438521043707051e-01,-5.488806185333967580e-01,-5.644241564280033652e-01,-6.209035164886484992e-01,-2.132947768448785753e-01,-3.886176399136466175e-01,-3.649264674273807185e-01,2.121992742435170054e-01,-3.235246198779752058e-01,-5.393281101489217910e-01,-1.515164031861141597e-02,2.378726456884044382e-01,2.769638759095327529e-01,-4.642227201437818529e-01,-4.635279967218019492e-01
4.914774529305839246e-01,4.684022666737334695e-01,6.721465030425817222e-01,1.652160384913203273e-01,7.162786661210559513e-01,-3.680982448356645009e-01,2.184975498003078123e-02,-5.126941533641380527e-02,7.137356346665097995e-01,6.395043359222523094e-01,4.970056257440432224e-01,3.231662204014734696e-01,-4.307119086302612643e-01,1.000000000000000000e+00,4.622797395316611824e-01,5.879376601002860303e-01,3.013091383471997453e-01,5.307547213916496975e-01,4.345710945935355451e-01,-8.979586421713310618e-02,-1.027759869964416650e-01,2.327326864098620829e-02,6.721445151507416949e-01,6.518286436481101065e-01,7.488366580987095844e-01,6.085511371317536833e-01,6.198000843342074129e-01,6.522294940926018914e-01,4.918234448017869131e-01,7.391009168560090936e-01,5.642662489473886378e-01,-7.764445658076861434e-02,1.983952938300587165e-01,7.134968064150570832e-01,9.619008919426573490e-02,1.479758742600686683e-01,-1.668514854308283668e-01,5.403049210729771179e-01,5.355499701022845560e-01
5.521265587817046905e-01,5.352246149394327412e-01,6.431926083576732234e-01,3.155123878332578569e-01,2.018486608736393684e-01,-7.761208595901473162e-01,8.042916688121339031e-02,6.345346900877331109e-01,6.379762034295145545e-01,3.356665950969725531e-01,2.910915272843014878e-02,8.604695728702018709e-01,-3.743063685946997343e-01,4.622797395316611824e-01,1.000000000000000000e+00,6.702933735002107873e-01,-2.215121909668898714e-01,6.463979214391849526e-01,8.294693253962870383e-01,4.358893699862393389e-01,-6.425262344736195619e-01,6.496103211519792531e-01,2.151780113310620413e-01,3.912527346782190274e-01,3.946145025618633673e-01,4.978940232207803573e-01,5.089787496119287935e-01,6.252028786320199538e-01,5.928265905226645094e-01,5.822102056391016411e-01,1.022563492659188250e-01,-5.077332515503265586e-01,6.910625622116394196e-01,4.548559909145795110e-01,5.101222314337622299e-02,-2.422192697943996720e-01,-7.395895088920686478e-01,5.955054109915596250e-01,7.544068397144816362e-01
7.272969075668176409e-01,5.445365601183239646e-01,6.703474191729524856e-01,3.839222989298894939e-01,3.508798758781967453e-01,-6.792215449451239895e-01,1.292031100218237194e-01,4.549368698470083738e-01,7.132635339521221640e-01,7.322062459059388573e-01,1.156398715090437429e-01,6.508460316360308306e-01,-4.203345899499965066e-01,5.879376601002860303e-01,6.702933735002107873e-01,1.000000000000000000e+00,-2.416466746056678550e-01,6.749932074172827479e-01,7.493907750091611808e-01,3.272755240157703138e-01,-5.159965247845968994e-01,5.496710507129738410e-01,4.890242651476107705e-01,4.039929423964569444e-01,5.644124199771505257e-01,5.849586599182489133e-01,5.791942528684561609e-01,6.712303231821675764e-01,5.614515591837569986e-01,8.142576091491470214e-01,2.381554745904282677e-01,-5.294230310158232200e-01,5.494830706551420141e-01,5.016305040001872717e-01,-5.797321870156368906e-02,-7.794423482802848024e-02,-6.122589126612465460e-01,5.042052512268627718e-01,5.993586543041548031e-01
-2.162316815418804106e-01,-1.291772127423828076e-01,-1.642829729333447064e-01,-3.822825412009919765e-01,1.626790514545748689e-01,4.895367388970828237e-01,3.349824166283447979e-02,-5.799435233716586646e-01,-1.082265912728483104e-01,7.209412385113957156e-02,5.264402149464408875e-01,-4.618703701861576749e-01,5.551782443172669640e-02,3.013091383471997453e-01,-2.215121909668898714e-01,-2.416466746056678550e-01,1.000000000000000000e+00,-3.577308822173763669e-01,-4.046389887459028167e-01,-4.787763027691014361e-01,5.529437895290927329e-01,-6.245845100342272138e-01,3.200302939227935295e-01,4.778407315943186129e-01,2.279715864524288760e-01,-3.427563830474646828e-02,-9.988334443278285013e-02,-1.401833961951214902e-01,-1.685256341132943814e-01,-5.075853922585197436e-02,3.353123606595967421e-01,6.278790999163958997e-01,-4.920646722697781805e-01,-3.760826018174762142e-02,-4.282196057949989171e-02,3.798555849025198605e-01,5.906823241482616060e-01,5.315484389681025129e-02,-1.287199905910156872e-01
5.439677417489298117e-01,4.553187875854198263e-01,8.017773742141979243e-01,6.414789170582172462e-01,5.139056163689948997e-01,-6.933428866123725332e-01,2.612536078729345290e-02,3.706411589220591218e-01,7.946272260302448265e-01,4.959664863170300531e-01,4.352799960217457881e-02,7.388894440699094179e-01,-3.939771925082666826e-01,5.307547213916496975e-01,6.463979214391849526e-01,6.749932074172827479e-01,-3.577308822173763669e-01,1.000000000000000000e+00,8.257292069170818483e-01,2.257679500815603091e-01,-4.565274312793445310e-01,5.966613472568215171e-01,2.770617035498526004e-01,2.455820308687426679e-01,5.015554823252554861e-01,5.451618755157885410e-01,6.155659251094757201e-01,7.049558874359669325e-01,6.421871330533097666e-01,6.313103860148321367e-01,2.407663218677612016e-01,-5.060522010677334093e-01,7.354232526049190311e-01,6.717907804152318807e-01,1.258276102709359190e-01,-2.254654939227892785e-01,-6.233038767354072140e-01,3.973315169419222026e-01,6.023271385096838904e-01
6.158590654861211267e-01,5.256652728185173817e-01,7.469782852424762254e-01,4.681456885235035226e-01,2.606697134282753292e-01,-8.452794054624236386e-01,2.583611914051639480e-02,6.397665994469725614e-01,7.375732833845025649e-01,4.247478606644203847e-01,-3.600470453114208019e-02,8.580827993374032792e-01,-3.309288335186794106e-01,4.345710945935355451e-01,8.294693253962870383e-01,7.493907750091611808e-01,-4.046389887459028167e-01,8.257292069170818483e-01,1.000000000000000000e+00,4.685955280036616655e-01,-6.930168012877390149e-01,7.284563596158324383e-01,2.204933596172099775e-01,3.014161377219499172e-01,4.380560528551669663e-01,5.373845093092595171e-01,5.911992163728029270e-01,6.826999081283059434e-01,6.133778491034668212e-01,6.339581464671445454e-01,7.114138610713527378e-02,-6.127749871770443724e-01,7.580716298554195376e-01,4.821246060779213471e-01,1.505462263927998499e-02,-3.286285942825393214e-01,-8.104552050802893426e-01,4.902033176356336841e-01,7.004783718755425159e-01
2.263172912122769220e-01,2.329494629308359599e-01,1.953106765921726606e-01,1.388561140156164761e-02,-2.243841529745513597e-01,-5.307831181906957907e-01,-1.022479034361516576e-01,6.463940007975597091e-01,1.448715194063282807e-01,-7.921663687761526518e-02,-2.662439344455548862e-01,5.263332132903165705e-01,-5.697781190217147441e-03,-8.979586421713310618e-02,4.358893699862393389e-01,3.272755240157703138e-01,-4.787763027691014361e-01,2.257679500815603091e-01,4.685955280036616655e-01,1.000000000000000000e+00,-6.441997362141398398e-01,5.812426156072223460e-01,-9.999558306843768507e-02,-8.378856767446588028e-02,-6.494243407400268620e-02,5.661057936418097125e-02,1.171028884798580860e-01,1.439583320140242761e-01,9.736063341399255056e-02,2.032405674419328345e-01,-3.290908955361142585e-01,-5.246454290905958606e-01,3.393309217648688980e-01,1.697954154623683778e-02,-1.164796280598655136e-02,-1.897161566728875204e-01,-6.089565409387612815e-01,2.021378231223660282e-01,3.330873611939679790e-01
-4.434453759065197787e-01,-4.025624757018353983e-01,-4.465697325340634571e-01,-1.779337570808733060e-01,8.256399423425823947e-02,8.105788655030613521e-01,1.131257004321975790e-01,-8.183111185478909588e-01,-3.483675745250880973e-01,-1.141811454618082700e-01,2.015828230191307191e-01,-7.058752586948786600e-01,2.678425791998633176e-01,-1.027759869964416650e-01,-6.425262344736195619e-01,-5.159965247845968994e-01,5.529437895290927329e-01,-4.565274312793445310e-01,-6.930168012877390149e-01,-6.441997362141398398e-01,1.000000000000000000e+00,-7.102608112888548764e-01,5.688183506087895330e-02,-9.244900943443763730e-02,-7.005929990347517511e-02,-3.367969092598889214e-01,-3.886675825027583464e-01,-4.112526425367480920e-01,-3.401120025788854084e-01,-3.507740407471657273e-01,2.138196956046815589e-01,6.401564502626235775e-01,-5.614281779255783089e-01,-1.914861309130134470e-01,4.860128189229125789e-02,3.429365317661678403e-01,7.970609751511525953e-01,-3.860472820622783408e-01,-5.482429825436316850e-01
4.890371081065577052e-01,4.174701329422074170e-01,4.713662720315134336e-01,4.594045494757304504e-01,-4.251632391388631554e-02,-7.393325151958345387e-01,4.926571841884455627e-02,7.424048878757693037e-01,4.203944456261646256e-01,1.787263544143345706e-01,-2.357376930816761085e-01,7.833941105751598410e-01,-2.590831071057602686e-01,2.327326864098620829e-02,6.496103211519792531e-01,5.496710507129738410e-01,-6.245845100342272138e-01,5.966613472568215171e-01,7.284563596158324383e-01,5.812426156072223460e-01,-7.102608112888548764e-01,1.000000000000000000e+00,-1.073974094028459919e-01,-4.074222327362530920e-03,9.098261819882946799e-02,3.060830096319189231e-01,3.741943119500274473e-01,4.454061856281884002e-01,4.696618977201313383e-01,3.726595190389097589e-01,-1.646057994842364813e-01,-6.084236468169930134e-01,7.537427662220695934e-01,2.609850937159323703e-01,-3.404457628478066433e-02,-3.347907284977959530e-01,-7.719947708189851543e-01,3.134808862408561825e-01,5.451207704951125388e-01
4.434509875779059085e-01,3.192582005775942977e-01,4.443272465943642890e-01,-5.870673265164464555e-02,4.759224119673496900e-01,-1.480710997973634369e-01,-7.117358158474454410e-02,-2.023861581709905100e-01,4.909305967804821758e-01,5.910992676600418383e-01,5.267405212436147011e-01,7.719743708538023830e-02,-1.787196114679411585e-01,6.721445151507416949e-01,2.151780113310620413e-01,4.890242651476107705e-01,3.200302939227935295e-01,2.770617035498526004e-01,2.204933596172099775e-01,-9.999558306843768507e-02,5.688183506087895330e-02,-1.073974094028459919e-01,1.000000000000000000e+00,5.106678041732251039e-01,7.470667993248484295e-01,4.803323072290940354e-01,4.191111923474158951e-01,3.687253895533386117e-01,3.901144134403708441e-01,5.944632742357083277e-01,6.033627384972554131e-01,9.179884367990197303e-02,5.527153788669070256e-02,4.154817152145001691e-01,7.253970700678341599e-02,3.716594250440230507e-01,1.026540194219203658e-02,3.886670351671068224e-01,3.217433124183206594e-01
2.779457618071905500e-01,2.855509173810314438e-01,4.656477468691518906e-01,-1.515772278019373795e-02,3.110209577080342291e-01,-2.375450958613335994e-01,1.715966858686469865e-01,-3.597240547609783373e-02,3.910254284274663483e-01,4.443412190991321009e-01,4.555734256576424168e-01,2.088381281114340404e-01,-3.144631090045433286e-01,6.518286436481101065e-01,3.912527346782190274e-01,4.039929423964569444e-01,4.778407315943186129e-01,2.455820308687426679e-01,3.014161377219499172e-01,-8.378856767446588028e-02,-9.244900943443763730e-02,-4.074222327362530920e-03,5.106678041732251039e-01,1.000000000000000000e+00,5.079426858874503958e-01,4.095051721611627227e-01,4.071141716681254130e-01,4.738397849741318169e-01,2.056804242300850072e-01,4.671492431145062851e-01,3.333943273139668428e-01,6.456386287931588364e-02,7.770647719332179904e-02,2.873881845291489934e-01,4.024069702984518077e-02,7.581651105159314952e-02,-1.061322140114881463e-01,4.880983076031343293e-01,4.284859856914755016e-01
6.294529750236519394e-01,5.657368634700723486e-01,6.639299661577859890e-01,4.410008779871200241e-02,5.328675651859382523e-01,-3.616736432317264605e-01,-5.995107077562714798e-02,-1.055187208991301279e-01,7.417446414665452847e-01,6.781605272483668401e-01,6.215215057049936487e-01,2.628249813940230495e-01,-3.174438521043707051e-01,7.488366580987095844e-01,3.946145025618633673e-01,5.644124199771505257e-01,2.279715864524288760e-01,5.015554823252554861e-01,4.380560528551669663e-01,-6.494243407400268620e-02,-7.005929990347517511e-02,9.098261819882946799e-02,7.470667993248484295e-01,5.079426858874503958e-01,1.000000000000000000e+00,6.933107549972660211e-01,6.853032633813327390e-01,5.802795828737490336e-01,5.667853029620321115e-01,7.126401064098453197e-01,5.638440182282119517e-01,3.133696056329538741e-03,2.415619678786986024e-01,5.522426373526156951e-01,5.352459113137638530e-02,2.442587606978317283e-01,-1.397931533696237794e-01,5.379050778211628137e-01,5.718292272702492074e-01
6.533844088471854050e-01,6.659729401801051107e-01,7.320003545635193065e-01,4.527587204580160729e-02,4.513163546533075499e-01,-5.687112285465086847e-01,-5.937651785276748528e-02,1.544209182482648990e-01,7.667193173456732236e-01,6.003321205236816782e-01,6.045324967873417776e-01,3.676005219780301703e-01,-5.488806185333967580e-01,6.085511371317536833e-01,4.978940232207803573e-01,5.849586599182489133e-01,-3.427563830474646828e-02,5.451618755157885410e-01,5.373845093092595171e-01,5.661057936418097125e-02,-3.367969092598889214e-01,3.060830096319189231e-01,4.803323072290940354e-01,4.095051721611627227e-01,6.933107549972660211e-01,1.000000000000000000e+00,8.646888795944821515e-01,7.266768921134336701e-01,5.407515563463320962e-01,6.251196646414223235e-01,4.881855408501809546e-01,-1.458313852756336626e-01,4.165208600221667612e-01,5.828141125957131408e-01,-5.452373914840076552e-02,-5.504814629474943238e-02,-3.279219791713112730e-01,7.864717812339944158e-01,7.194428169860778155e-01
5.946681866123814109e-01,6.350741075999627450e-01,8.010836173820109485e-01,1.417195219210401758e-01,5.086718139384008852e-01,-6.138586198479583089e-01,-5.259807949616889661e-02,1.832675772463822350e-01,8.182285897549036457e-01,5.524591410328407726e-01,5.249737661250359899e-01,4.483341774695670523e-01,-5.644241564280033652e-01,6.198000843342074129e-01,5.089787496119287935e-01,5.791942528684561609e-01,-9.988334443278285013e-02,6.155659251094757201e-01,5.911992163728029270e-01,1.171028884798580860e-01,-3.886675825027583464e-01,3.741943119500274473e-01,4.191111923474158951e-01,4.071141716681254130e-01,6.853032633813327390e-01,8.646888795944821515e-01,1.000000000000000000e+00,7.681924594013945784e-01,5.050924036392799854e-01,6.503858015538727111e-01,4.384240124457723375e-01,-1.947722924202399120e-01,4.552193632175012272e-01,6.594987562380841828e-01,-3.117222025881139988e-02,-6.463743433434407382e-02,-3.862568763280155859e-01,7.356956886837717757e-01,7.491472002758975401e-01
5.131459511541802687e-01,4.852104931982456626e-01,8.392131899717755195e-01,3.880252191402836504e-01,5.535593610698086309e-01,-6.886414630920679736e-01,2.084107293145788242e-01,2.927223657332835294e-01,7.998465790244551066e-01,5.353104210792832829e-01,3.205001035319182123e-01,5.893711648989572449e-01,-6.209035164886484992e-01,6.522294940926018914e-01,6.252028786320199538e-01,6.712303231821675764e-01,-1.401833961951214902e-01,7.049558874359669325e-01,6.826999081283059434e-01,1.439583320140242761e-01,-4.112526425367480920e-01,4.454061856281884002e-01,3.687253895533386117e-01,4.738397849741318169e-01,5.802795828737490336e-01,7.266768921134336701e-01,7.681924594013945784e-01,1.000000000000000000e+00,3.956335485324463108e-01,6.395506110250099852e-01,3.537401972853004839e-01,-4.059304282418508270e-01,5.456176904554839169e-01,6.732894760872577544e-01,-2.710143701908764371e-02,-2.358784404300301729e-01,-5.422477003242284210e-01,6.142597152810969074e-01,6.664804006106515022e-01
6.854536715181088757e-01,5.809889450553260559e-01,5.326558223385550184e-01,2.869976947440247006e-01,2.957983659774818808e-01,-4.908877222500544479e-01,-2.232890745883621686e-01,3.147636792804012207e-01,6.308875358630988694e-01,5.114360726695909021e-01,1.704873797062042562e-01,5.580065194050499722e-01,-2.132947768448785753e-01,4.918234448017869131e-01,5.928265905226645094e-01,5.614515591837569986e-01,-1.685256341132943814e-01,6.421871330533097666e-01,6.133778491034668212e-01,9.736063341399255056e-02,-3.401120025788854084e-01,4.696618977201313383e-01,3.901144134403708441e-01,2.056804242300850072e-01,5.667853029620321115e-01,5.407515563463320962e-01,5.050924036392799854e-01,3.956335485324463108e-01,1.000000000000000000e+00,6.293025854777669625e-01,3.414994282838813566e-01,-2.106182776399283252e-01,6.282582960383202852e-01,4.995724448369767146e-01,1.885740587578875749e-01,6.949845153846595514e-02,-3.427043257052326264e-01,4.549026862594588994e-01,5.744303153095321468e-01
7.394468803331614160e-01,6.507772089984308339e-01,6.674956660662537677e-01,2.234675247147158150e-01,4.720597102309279092e-01,-5.716839050672525291e-01,3.655364469847514203e-02,2.511803909792694189e-01,7.579456578028862523e-01,7.525909508448616059e-01,3.441611834396719471e-01,5.186035842145018115e-01,-3.886176399136466175e-01,7.391009168560090936e-01,5.822102056391016411e-01,8.142576091491470214e-01,-5.075853922585197436e-02,6.313103860148321367e-01,6.339581464671445454e-01,2.032405674419328345e-01,-3.507740407471657273e-01,3.726595190389097589e-01,5.944632742357083277e-01,4.671492431145062851e-01,7.126401064098453197e-01,6.251196646414223235e-01,6.503858015538727111e-01,6.395506110250099852e-01,6.293025854777669625e-01,1.000000000000000000e+00,3.698365820255472558e-01,-2.821729073809208788e-01,4.047449160858415107e-01,6.091788982521587625e-01,-6.522989724102966477e-04,1.642096126122518374e-01,-4.173374174128243741e-01,5.660003594359642731e-01,6.439906574391929261e-01
2.321837605370966895e-01,1.512809907543090360e-01,3.877281487772917257e-01,-1.358859717268356103e-02,5.056813107881285019e-01,-1.158251792796491896e-02,-8.484653928479340967e-02,-3.056060197981992910e-01,4.535627148364571593e-01,4.339706220737414855e-01,5.341599055049197631e-01,-1.572783114173815014e-02,-3.649264674273807185e-01,5.642662489473886378e-01,1.022563492659188250e-01,2.381554745904282677e-01,3.353123606595967421e-01,2.407663218677612016e-01,7.114138610713527378e-02,-3.290908955361142585e-01,2.138196956046815589e-01,-1.646057994842364813e-01,6.033627384972554131e-01,3.333943273139668428e-01,5.638440182282119517e-01,4.881855408501809546e-01,4.384240124457723375e-01,3.537401972853004839e-01,3.414994282838813566e-01,3.698365820255472558e-01,1.000000000000000000e+00,1.717542130224897212e-01,1.486889268603134862e-01,5.196969582242468855e-01,2.112957076125523970e-01,3.042471168533648074e-01,1.720618763109878213e-01,3.573201410901458153e-01,2.665988312427695628e-01
-3.600077355980648153e-01,-1.672028830680072908e-01,-4.068770410545666794e-01,-4.985365377389117114e-01,-5.134859627277051780e-02,6.718259732465888812e-01,-5.093749123883926921e-02,-6.875759349801784381e-01,-3.130589121153688481e-01,-1.569935592408808478e-01,4.944465328604227827e-01,-6.628085456186957325e-01,2.121992742435170054e-01,-7.764445658076861434e-02,-5.077332515503265586e-01,-5.294230310158232200e-01,6.278790999163958997e-01,-5.060522010677334093e-01,-6.127749871770443724e-01,-5.246454290905958606e-01,6.401564502626235775e-01,-6.084236468169930134e-01,9.179884367990197303e-02,6.456386287931588364e-02,3.133696056329538741e-03,-1.458313852756336626e-01,-1.947722924202399120e-01,-4.059304282418508270e-01,-2.106182776399283252e-01,-2.821729073809208788e-01,1.717542130224897212e-01,1.000000000000000000e+00,-5.231909111087985620e-01,-2.180059981344063536e-01,2.515166382429404740e-02,4.570777462989286666e-01,7.807808673568062963e-01,-5.697906974920444872e-02,-2.103897806946248006e-01
4.178187918791625988e-01,2.880481385122011795e-01,6.059872077253901645e-01,5.266899916275022964e-01,1.346544920673675150e-01,-6.609906576323355543e-01,-2.420094930045839365e-02,5.969224403123911671e-01,5.642196931731685572e-01,2.364755530451836119e-01,-1.322234077408447339e-01,7.827068438683840723e-01,-3.235246198779752058e-01,1.983952938300587165e-01,6.910625622116394196e-01,5.494830706551420141e-01,-4.920646722697781805e-01,7.354232526049190311e-01,7.580716298554195376e-01,3.393309217648688980e-01,-5.614281779255783089e-01,7.537427662220695934e-01,5.527153788669070256e-02,7.770647719332179904e-02,2.415619678786986024e-01,4.165208600221667612e-01,4.552193632175012272e-01,5.456176904554839169e-01,6.282582960383202852e-01,4.047449160858415107e-01,1.486889268603134862e-01,-5.231909111087985620e-01,1.000000000000000000e+00,4.228895067158126575e-01,2.181099008876851708e-01,-2.559480650684758940e-01,-6.346561597102641228e-01,3.826346673233466666e-01,5.596815702503916690e-01
4.048135859120403635e-01,4.312562649926777736e-01,7.166166288001226681e-01,3.994301038002175952e-01,8.151513942806218882e-01,-4.518306037264070429e-01,-2.335733854218184982e-02,5.194198049527523620e-02,7.770563197145854417e-01,4.487157109004105138e-01,3.401507017114113185e-01,4.630379296197632000e-01,-5.393281101489217910e-01,7.134968064150570832e-01,4.548559909145795110e-01,5.016305040001872717e-01,-3.760826018174762142e-02,6.717907804152318807e-01,4.821246060779213471e-01,1.697954154623683778e-02,-1.914861309130134470e-01,2.609850937159323703e-01,4.154817152145001691e-01,2.873881845291489934e-01,5.522426373526156951e-01,5.828141125957131408e-01,6.594987562380841828e-01,6.732894760872577544e-01,4.995724448369767146e-01,6.091788982521587625e-01,5.196969582242468855e-01,-2.180059981344063536e-01,4.228895067158126575e-01,1.000000000000000000e+00,8.174940680391641623e-02,-3.200597920236461155e-03,-2.971472548569779049e-01,4.887009726179225022e-01,5.591625707687587488e-01
-1.621805629260145432e-01,-1.621997020998121319e-01,5.754471945825403306e-02,5.871931557223640519e-02,6.066111833981285839e-03,3.794796249116137027e-02,-1.681947492631042373e-01,-6.738425036762138443e-02,2.535982433223785398e-03,-9.702221824946694051e-02,-8.004961034383298313e-02,8.089940109362805942e-02,-1.515164031861141597e-02,9.619008919426573490e-02,5.101222314337622299e-02,-5.797321870156368906e-02,-4.282196057949989171e-02,1.258276102709359190e-01,1.505462263927998499e-02,-1.164796280598655136e-02,4.860128189229125789e-02,-3.404457628478066433e-02,7.253970700678341599e-02,4.024069702984518077e-02,5.352459113137638530e-02,-5.452373914840076552e-02,-3.117222025881139988e-02,-2.710143701908764371e-02,1.885740587578875749e-01,-6.522989724102966477e-04,2.112957076125523970e-01,2.515166382429404740e-02,2.181099008876851708e-01,8.174940680391641623e-02,1.000000000000000000e+00,1.291105914042052494e-01,1.027010905300024396e-01,3.286987211288261435e-02,3.521617954438121395e-02
6.279086750844579956e-02,3.856042217202613337e-02,-1.092502923963786093e-01,-3.120145181516787991e-01,4.801674713183949963e-03,3.431811301903845979e-01,-1.025379617130213472e-01,-4.126525463091499923e-01,-8.018651805918301789e-02,1.276984948106964779e-01,3.852962973811340786e-01,-3.439447540757743504e-01,2.378726456884044382e-01,1.479758742600686683e-01,-2.422192697943996720e-01,-7.794423482802848024e-02,3.798555849025198605e-01,-2.254654939227892785e-01,-3.286285942825393214e-01,-1.897161566728875204e-01,3.429365317661678403e-01,-3.347907284977959530e-01,3.716594250440230507e-01,7.581651105159314952e-02,2.442587606978317283e-01,-5.504814629474943238e-02,-6.463743433434407382e-02,-2.358784404300301729e-01,6.949845153846595514e-02,1.642096126122518374e-01,3.042471168533648074e-01,4.570777462989286666e-01,-2.559480650684758940e-01,-3.200597920236461155e-03,1.291105914042052494e-01,1.000000000000000000e+00,4.569134128005755136e-01,8.428164578872755774e-02,5.869860381303270390e-03
-4.893382017042691157e-01,-4.071362783327137080e-01,-5.498220113552315658e-01,-4.200707373700875991e-01,-5.761688846203603248e-02,8.676643204408917009e-01,-9.211676477750335712e-02,-7.745155410923246775e-01,-4.807786925036577341e-01,-1.877641662707734971e-01,2.756561271405873481e-01,-8.282686053053289754e-01,2.769638759095327529e-01,-1.668514854308283668e-01,-7.395895088920686478e-01,-6.122589126612465460e-01,5.906823241482616060e-01,-6.233038767354072140e-01,-8.104552050802893426e-01,-6.089565409387612815e-01,7.970609751511525953e-01,-7.719947708189851543e-01,1.026540194219203658e-02,-1.061322140114881463e-01,-1.397931533696237794e-01,-3.279219791713112730e-01,-3.862568763280155859e-01,-5.422477003242284210e-01,-3.427043257052326264e-01,-4.173374174128243741e-01,1.720618763109878213e-01,7.807808673568062963e-01,-6.346561597102641228e-01,-2.971472548569779049e-01,1.027010905300024396e-01,4.569134128005755136e-01,1.000000000000000000e+00,-3.313189849881731930e-01,-5.426141089196879763e-01
4.983018706193355629e-01,5.834657299370848982e-01,6.209196012324711411e-01,-9.998899053201934506e-02,2.862863363536552463e-01,-5.508926123691193499e-01,-3.817166954738838297e-02,2.347217210764074302e-01,6.341820481795956699e-01,3.949818946503117489e-01,5.753429495281910944e-01,4.045963257384384559e-01,-4.642227201437818529e-01,5.403049210729771179e-01,5.955054109915596250e-01,5.042052512268627718e-01,5.315484389681025129e-02,3.973315169419222026e-01,4.902033176356336841e-01,2.021378231223660282e-01,-3.860472820622783408e-01,3.134808862408561825e-01,3.886670351671068224e-01,4.880983076031343293e-01,5.379050778211628137e-01,7.864717812339944158e-01,7.356956886837717757e-01,6.142597152810969074e-01,4.549026862594588994e-01,5.660003594359642731e-01,3.573201410901458153e-01,-5.697906974920444872e-02,3.826346673233466666e-01,4.887009726179225022e-01,3.286987211288261435e-02,8.428164578872755774e-02,-3.313189849881731930e-01,1.000000000000000000e+00,8.075378498020957529e-01
6.147241957224820474e-01,7.190717165651524523e-01,7.086966572737237735e-01,1.116183146023587980e-01,2.818578522507391160e-01,-7.137882561058650488e-01,1.874470911106127652e-02,3.992327655020719290e-01,7.281540694923198664e-01,4.020279261748141986e-01,4.126827892557710098e-01,6.516849257330322720e-01,-4.635279967218019492e-01,5.355499701022845560e-01,7.544068397144816362e-01,5.993586543041548031e-01,-1.287199905910156872e-01,6.023271385096838904e-01,7.004783718755425159e-01,3.330873611939679790e-01,-5.482429825436316850e-01,5.451207704951125388e-01,3.217433124183206594e-01,4.284859856914755016e-01,5.718292272702492074e-01,7.194428169860778155e-01,7.491472002758975401e-01,6.664804006106515022e-01,5.744303153095321468e-01,6.439906574391929261e-01,2.665988312427695628e-01,-2.103897806946248006e-01,5.596815702503916690e-01,5.591625707687587488e-01,3.521617954438121395e-02,5.869860381303270390e-03,-5.426141089196879763e-01,8.075378498020957529e-01,1.000000000000000000e+00
